0,1,2,3,4,5,6,7,8,9,10,11,12,13,14,15,16,17,18,19,20,21,22,23,24,25,26,27,28,29,30,31,32,33,34,35,36,37,38,39,40,41,42,43,44,45,46,47,48,49,50,51,52,53,54,55,56,57,58,59,60,61,62,63,64,65,66,67,68,69,70,71,72,73,74,75,76,77,78,79,80,81,82,83,84,85,86,87,88,89,90,91,92,93,94,95,96,97,98,99
0.0,0.7414404160350945,0.38033447167056406,0.732712147752292,0.7481731952892218,0.491722172899844,0.27640901593498624,0.0043667264197480215,0.44250159734773925,-0.1386744767355724,-0.7961243722958303,-0.6610038380649714,-0.5043478790859395,-0.41390883280075585,-0.25897340939875957,0.9028588582403654,-0.45015435547112226,0.5302927649591481,-0.36112395339030096,0.4924758857854549,-0.2895291007623975,-0.4104639240040575,-0.2863555423411209,-0.7991471085675846,-0.21424833035839969,-0.7002384626976962,-0.8330512392834302,-0.7565453188590628,-0.6769369373450697,-0.6787747101487464,0.2703624636125996,0.7720893169259648,0.4849927822101955,-0.6483901474070851,-0.6274074639356522,0.03433213886731867,-0.6361787765195708,0.6175844960743997,-0.4403152385501815,-0.5871604943287468,-0.6847714260172049,-0.35218578444039145,-0.761208582364372,-0.19334299868017624,-0.5975513767107826,-0.5876170555584378,-0.7970109269384269,-0.4830364671117448,0.4261578778307487,-0.4076132837995703,0.9010298983332946,0.7836442428034909,0.9101233397767916,0.7389249796556702,0.7088824828704176,0.43420600964491357,0.44388582132610555,0.40649001860172557,-0.26700448044096464,-0.7094792308853975,-0.6468518781055774,-0.5280750096015472,-0.3321419011310795,-0.2756565840726019,-0.017987343857216533,-0.30413001417012286,-0.2706072135658862,-0.19220705936829102,-0.09477330462930807,0.588260683409996,0.2769610918209255,-0.6950379404558816,-0.32077837863945124,-0.7151178614712291,-0.4461165673163295,-0.6280753156557114,-0.6149538562510665,-0.7142123841927374,-0.04857881621231847,0.6671586540678893,-0.6354592837979186,-0.45367524472319454,-0.6449898987423446,-0.218525767290033,-0.6473962908604559,-0.7752756486092817,-0.6001679918266205,-0.7705806257120814,-0.17458893877229412,-0.7367942173078449,0.6975995246706809,0.25567079671436604,-0.4495391078397101,-0.6517664720233348,-0.6627498249963553,-0.22480192359269804,-0.7242030473461841,-0.4179854683390096,0.3340393306724235,-0.30616417803142737
0.7414404160350945,0.0,0.4012718466593617,0.9350562995629432,0.9296628152424629,0.2168495932670281,0.00020496824107696582,0.41704905190098485,0.4388888763681688,-0.2757146306934554,-0.8527754608984879,-0.7834879609651221,-0.685742876107317,-0.4900158853906142,-0.3358035908441311,0.7754215183781155,-0.5634002803206706,0.4779248723326744,-0.5728576439337165,0.2519763316017779,-0.43315768098479773,-0.2836918232905325,-0.25463505114389506,-0.6284575657529076,-0.27960722311723424,-0.40576760588513405,-0.5765650747875377,-0.6935789673087753,-0.6668110909328638,-0.6035583354662742,0.1317003500253772,0.4287895540832281,0.16558807368039713,-0.640183947414416,-0.5640436480485458,-0.06730186179083356,-0.5486824780293836,0.15462080585593774,-0.764089217798745,-0.8288470114430398,-0.6952541369039844,-0.48355437514343014,-0.7644673582347784,-0.22516521329911127,-0.48242700142389155,-0.6096563754764273,-0.7070909959933435,-0.622379198485342,0.21417167951555857,-0.5054504156157769,0.5746851575773996,0.9296506751163327,0.7807406683748005,0.9558480347707027,0.6782596162625748,0.11102068388238856,0.6681843271730523,0.6454114689994379,-0.3302903828634673,-0.9208619547932272,-0.7472099752351996,-0.6681053787319271,-0.5037658504571872,-0.4261616960590592,-0.0806592455104391,-0.37595475107606224,-0.388379598430553,-0.3763427213853429,-0.08111121968255428,0.5632606779724105,0.13945143157726597,-0.6353322234487597,-0.33862309802059704,-0.7267421423300987,-0.455228231909373,-0.5488022576252966,-0.5730766602783678,-0.7086303114578004,0.05401554073926223,0.23324991193880762,-0.3523492252680627,-0.28760782404373003,-0.3942651228040177,-0.06059509547396333,-0.4095542806305552,-0.5725200153585184,-0.490953402554583,-0.6654722263669159,-0.1832985447723314,-0.5533028802078662,0.48266071454251547,-0.16668390164860494,-0.6143004699892964,-0.7213941361134277,-0.6789677034817888,-0.31680809998677145,-0.6957594965381867,-0.26375897983241053,0.11001540547649072,-0.323804348203814
0.38033447167056406,0.4012718466593617,0.0,0.3176418739361933,0.5983640358385955,0.7963165601116204,-0.10599942040005844,0.2968962799677589,0.6684321225772475,0.5227440196389934,-0.3145852742215116,-0.3126017645443183,-0.5223371377055757,-0.6755105666080776,-0.5761438999849506,0.19005128138556843,-0.6118000948070266,-0.19353435354887663,-0.5169032258784982,0.1853209380465453,-0.5815764667331237,-0.7810117568525382,-0.6086204109970306,-0.440549275817529,0.4943214506273783,-0.4812390710261493,-0.19710169702405178,-0.5434453989116025,-0.6094891182509531,-0.7127101256346327,0.5376992639523547,0.20035101679940873,-0.40133895677302145,-0.6392138267987875,-0.6109555394190318,0.5177311365617977,-0.018474701809805236,0.5114627357772188,-0.11185329530789666,-0.03468558287534565,0.05295530123288632,0.2045001233186345,-0.32165843200374344,0.40731779918669886,0.14798689442560295,0.08414881727751884,-0.4033652462609584,-0.15204556727930174,0.7187506640761806,0.37774535773205525,0.1294705107035846,0.6507139386634796,0.15013687340157686,0.47349431732658154,0.45159565722409034,0.6956766155519413,0.2554176678128606,0.6148294448716237,0.48467497126131837,-0.30273421633708525,-0.5127011674926337,-0.5341706326044311,-0.570547727844797,-0.6117215013624611,-0.5186516364461988,-0.5652485689146076,0.2282116431813625,-0.5647986693997673,-0.6171204343126002,0.02358073764133526,-0.24409446816295363,-0.6398702176687261,-0.5730219880202708,-0.3246160782054827,-0.46660470025294476,-0.3699496230588419,-0.6337328137087128,-0.6845835596140682,0.5244193625005102,0.1328655040331108,-0.43165832893718736,0.16132428810618205,-0.02983137891750365,-0.15410788570049774,-0.37543217608002705,-0.40739957569202007,0.05287421468197579,-0.28774608859378403,0.39944187303901685,0.04653068076207505,0.3308166898548425,0.4449353908511704,0.13215959671082284,-0.08973523353054384,-0.16527236486176333,0.42762692111279665,-0.029957105822082494,0.12332953513162657,0.5630343621058367,0.42901530797424925
0.732712147752292,0.9350562995629432,0.3176418739361933,0.0,0.858067882007021,0.13033177888539116,0.011546414547086908,0.46173053822284355,0.32479211997285795,-0.36581896641257006,-0.8617047183472313,-0.8382337718890525,-0.5772478944178883,-0.34797854975855735,-0.1508692495487743,0.7733392761011413,-0.5216136370192975,0.5398664317391975,-0.4231531460852932,0.2196650500017109,-0.29028887058214226,-0.33444419960818655,-0.14488771476710222,-0.7448127798161412,-0.3509522031597331,-0.5369490765491834,-0.662220645925838,-0.7492976691363148,-0.6550863332481226,-0.52528822619227,0.22959492407772783,0.4329676852310627,0.1566467291656724,-0.6810736624868914,-0.6893461799350584,-0.2027454480432357,-0.6768414480774962,0.21108172196063874,-0.7296978726333908,-0.832973082564914,-0.7333024007599924,-0.4479395151821652,-0.7952140434828763,-0.26147897889698296,-0.5046095715845658,-0.597769356550653,-0.7581886271755933,-0.5641772439051984,0.13780198622050685,-0.5226130188803982,0.5534203901480329,0.8628332356908008,0.8169503443588045,0.9466272431431049,0.5565507263568246,0.04533580811198525,0.7580216737815935,0.5765642041735545,-0.4230917063020901,-0.8701534639280638,-0.7894257948513476,-0.557881544981857,-0.36291066327623045,-0.271730145119613,0.0671544860915281,-0.180618760642462,-0.40044142355144213,-0.28754594236130065,-0.07822952042385264,0.6288851823026169,0.2562013280244042,-0.713018509408733,-0.20496185066432182,-0.7872310463995017,-0.595270292235694,-0.6542459197394956,-0.5204046063996562,-0.6827231864846939,0.12600084743119896,0.2685452290940492,-0.4721039605416721,-0.3408331109056313,-0.47311185967535796,-0.2828362586460988,-0.43300518969685964,-0.6164322278273213,-0.5870419785832894,-0.7396825782087921,-0.2752737199837885,-0.5858863898304011,0.4891099439337341,-0.14041447254464134,-0.6814320474348253,-0.633409129167066,-0.7402191265584469,-0.31713366990956243,-0.6716746095686714,-0.26630645347121945,0.05614240477386679,-0.35861430017959456
0.7481731952892218,0.9296628152424629,0.5983640358385955,0.858067882007021,0.0,0.3894789924709677,-0.10797789800800356,0.3585359553860635,0.628754063052571,-0.05906252047659118,-0.8566126170165389,-0.7924926285595499,-0.7941045149474227,-0.6762514193066033,-0.5377182264082389,0.7031638389158051,-0.7095340598905733,0.28002844301530755,-0.6950839110538498,0.2083138606236526,-0.636760834265031,-0.5058522256173407,-0.4529637949339264,-0.6223275460615025,-0.046431635181089205,-0.4887249597050332,-0.5212169726193192,-0.7633686192099465,-0.8111703960419198,-0.7104522080312996,0.246546248799334,0.5008774242805816,0.07687947931164314,-0.7179967367100365,-0.6275317323671369,0.12130541970983275,-0.4415993362961713,0.3687331867726232,-0.6368030608619324,-0.6763142662639986,-0.5412782349804732,-0.41120197726869334,-0.7068069556310094,-0.055400903505853395,-0.3810193916742206,-0.48966567572308656,-0.6769194320874672,-0.5884944473553452,0.30665783245139855,-0.299843459533747,0.5824707130926265,0.9274499933071118,0.6923987450911355,0.9442954877011869,0.7119494487784159,0.2579677570935633,0.5400085981697601,0.7655237729736084,-0.1324896036917724,-0.873975888940961,-0.816059590930826,-0.7957907488764391,-0.6482404322256511,-0.5705501399157232,-0.26904585526772773,-0.5428842431918508,-0.34242107891598217,-0.5501159013526875,-0.28617519505835365,0.3988105072853701,-0.06599508072984395,-0.7586646458593495,-0.5506919169250708,-0.6668955199470409,-0.4804951992825409,-0.5377143836064905,-0.7297612088435624,-0.8426081918715186,0.15490650487737725,0.32303877263755976,-0.3566044718120227,-0.11409133585964473,-0.26140906893018867,-0.06923264587305834,-0.42476291560436213,-0.5690191752829421,-0.3628716267202628,-0.6188706595516638,-0.004423422094687002,-0.3996192314290401,0.5434919332463074,-0.018532237914299837,-0.41500951997561586,-0.6311986008482239,-0.5795502913498732,-0.1556077934573314,-0.6091630399449058,-0.22460251605722623,0.15485089847668038,-0.1438879863196344
0.491722172899844,0.2168495932670281,0.7963165601116204,0.13033177888539116,0.3894789924709677,0.0,0.30158493545223425,-0.028188122351823327,0.7450834093382395,0.5151303962135184,-0.21951367674382102,-0.05212149707150983,-0.20569272759169666,-0.4096389603854187,-0.3483247581738587,0.3074859431473691,-0.3486236535851239,-0.030938953141220957,-0.19025999987206474,0.48812687947166095,-0.2690470708031967,-0.636173170205042,-0.44878835035534687,-0.4991209068559544,0.3933862170146698,-0.5219821647762749,-0.3906132726868479,-0.47909527181315936,-0.3701701353084289,-0.6649574785764953,0.34583747987978725,0.26211540064671224,-0.14431985446549106,-0.5026494728131521,-0.4357796292519552,0.49943845302807194,-0.16745532941437105,0.5984439652718285,0.14001363915256868,0.094230534966714,-0.07620252369064665,0.18018407815875542,-0.35388564004975914,0.18447582339395263,-0.08267650223578138,-0.07881216180184111,-0.47121691704290175,-0.102367946297737,0.8028549221820724,0.20217353187948234,0.2823382936150683,0.4677701706370462,0.2760096870420142,0.267272283473883,0.5829101727730522,0.9676047092614438,0.07424816831405466,0.4642477722764856,0.4492451944581855,-0.1448293854072232,-0.18952114936146683,-0.24551221952739744,-0.21189516957642932,-0.29937219586313973,-0.22712485876624605,-0.3525227623865357,0.3574624302842103,-0.22164490642431053,-0.39845603433496085,0.11882372632318142,0.07670731468750934,-0.5386629904049719,-0.3566335243464363,-0.2293163496192806,-0.289298976395799,-0.30895887664690175,-0.4449974248601203,-0.48686219519068574,0.16953359955240624,0.22324649090178983,-0.5994009282152685,-0.15508190857894794,-0.33702913998676737,-0.19880433029069694,-0.5451808451633156,-0.5192547766895135,-0.15783789864139658,-0.40247969707423,0.2674061978445772,-0.25619984235652943,0.29254726675755244,0.7212659333030969,0.2594660442865,-0.1375841468691386,-0.08498776204619136,0.24051967111784078,-0.20051067103613973,-0.04872375507141242,0.7190595746547767,0.18804921987848855
0.27640901593498624,0.00020496824107696582,-0.10599942040005844,0.011546414547086908,-0.10797789800800356,0.30158493545223425,0.0,0.005738804952116418,0.025298640778305802,-0.0058233862916907035,-0.028201908952238185,0.30555091931877376,0.42798652890343425,0.4297016212174609,0.37728308320241055,0.4061040823571612,0.5159056422613412,0.6432398560448529,0.5430746386725233,0.5193387938812368,0.45444358702365856,0.3169955773276482,0.4836960259579399,-0.11893167981756972,-0.11569957274786631,-0.19835227651888182,-0.29296388987981115,-0.20042481119430924,0.2642795613430259,0.07175724572948555,-0.20060600313469332,-0.08475328924950978,0.40581303127925095,0.22118172460955354,0.17989906312502385,-0.45742548754226126,-0.5195330171514606,0.08220493963281597,0.2944708473580155,0.11475210423730625,-0.2570079116271887,-0.08276373835476909,-0.16531829349480545,-0.49804720911189243,-0.6066157133913137,-0.32598479477959225,-0.13502724978814784,0.1565598724763206,0.1619120012486528,-0.4796080672397205,0.10581024115184628,0.06227064272787799,0.3686808939444946,0.02399471107766204,0.365661091079528,0.39686626115496987,0.33016312975463574,-0.17982993225775523,-0.02263304647624604,0.017954168926019462,0.30569507412377833,0.39817288755746755,0.5619854721591664,0.48999959082656686,0.5064939279926789,0.35019865147373624,0.40797469247147844,0.6493937996889066,0.5361645210761835,0.5172203777067134,0.7138570517993763,0.09794704349879521,0.4841511506970406,0.09500570773795414,0.22012515281647774,0.010591301592405154,0.22610826695523817,0.19249847034969506,-0.34545262565814777,-0.13623433918745284,-0.23070502054567077,-0.5930067771604034,-0.5753814500061408,-0.16651771578039923,-0.2508562130575054,-0.14463854198001197,-0.6263780767293515,-0.41799866065304925,-0.5298450811308625,-0.48622480104088106,0.17639749319873044,0.311727510820439,0.12963851972721727,-0.04749181755002951,-0.020476042740147627,-0.4359644057034375,-0.24788215767405136,-0.22375286965381827,0.2876346494652939,-0.5629707681157539
0.0043667264197480215,0.41704905190098485,0.2968962799677589,0.46173053822284355,0.3585359553860635,-0.028188122351823327,0.005738804952116418,0.0,0.10259612697391969,-0.3160351057612165,-0.2995663200911522,-0.3184816660338627,-0.08943814690095783,0.02310720331223997,0.11024346503514502,0.0641450110148952,-0.06646385269032178,0.34659870388936664,-0.004886969459813119,0.10331868663215488,-0.06850287168876332,-0.03609421426463922,0.19609419535128125,-0.14647639807748133,-0.20551370044307135,-0.13232947380652957,-0.040974577005846634,-0.3755173413571384,-0.12990079704245222,-0.06773433828476215,0.2732369602454734,-0.24923658832027912,-0.41895756467745693,-0.1053505408373072,-0.3034745042927615,-0.23061486314082533,-0.29306785846961164,-0.2618986051602941,-0.37133651027923353,-0.320071765157826,-0.10361091846946864,0.06988873067060122,-0.17666649378778737,-0.25654709149917365,-0.10602695299320361,-0.1593744171911008,-0.10370999667630691,0.009988214468489078,0.046498127359413145,-0.1488267322521945,-0.2887777410609749,0.42585820193821433,0.06114157227010983,0.43035483741412284,0.27589953191439603,-0.12551208092307453,0.7922929761027516,0.43661549731861293,-0.20322175061354525,-0.394614118276379,-0.3400277638544753,-0.038968622653218876,-0.026081654923842918,0.030877439026232453,0.13525057499164597,0.11879104905160819,-0.0361031274969497,0.04173198301245066,0.06562752968654552,0.34324829128478557,0.20526449185496048,-0.2576646009022636,0.1782120505675259,-0.2809696061934604,-0.3706386223538295,-0.33889676336236735,-0.02340692272068125,-0.18802118913584137,0.43868694153331905,-0.45949649222515354,-0.07119617720178195,-0.12583165361470763,-0.15152478647157464,-0.3516357139318139,-0.21788694819332102,-0.07766876203906047,-0.24114594951954674,-0.33979916914439945,-0.22829857055826355,-0.040820662024741536,-0.09626050117540368,-0.2778401669822885,-0.3487955321805887,-0.017240669380353436,-0.24383953435340852,-0.2236374939629646,-0.10592732481190015,0.025540323072079204,-0.039750890543597185,-0.14789282482050758
0.44250159734773925,0.4388888763681688,0.6684321225772475,0.32479211997285795,0.628754063052571,0.7450834093382395,0.025298640778305802,0.10259612697391969,0.0,0.28582777011206856,-0.4810501947884446,-0.2506354559575153,-0.48833666046605173,-0.563861783153168,-0.5025394717313139,0.3619051078595726,-0.4952900792734578,-0.06544550112732107,-0.39293177781845395,0.3752562909071934,-0.4686001583238555,-0.5739240617259439,-0.5637447103286143,-0.4025508071517237,0.23975594294716857,-0.3098698435072684,-0.3163944648393631,-0.48386009795536905,-0.41880799271096114,-0.7042178039564896,0.012840880525071013,0.30004524918561537,-0.12173990464472441,-0.5523746700464379,-0.39163637395069884,0.5151379221178193,-0.1280100790325163,0.4174012575152533,-0.13689549424885236,-0.19547344021625948,-0.299006755692126,-0.20631941087276764,-0.5211572810696049,0.04821182594063463,-0.1791215860651405,-0.3255244242626119,-0.5588382972272757,-0.47086377200207663,0.4292340012795556,-0.013846034186609664,0.3211465708754522,0.5286587572302526,0.342191256372471,0.4720792602128823,0.724362582057167,0.7090782410318786,0.06317729260168525,0.8609991972193791,0.20296407900561442,-0.4308069746883044,-0.32148998063874973,-0.5116873455809803,-0.4043634980717498,-0.4292625135400536,-0.18553561144053718,-0.47702452542848817,-0.008346654738992706,-0.40707218665656775,-0.3477514862630687,0.06801941609782518,-0.07065987187055887,-0.6068309447359597,-0.5091360392619555,-0.23100759375393018,-0.154958992171825,-0.1877386277509978,-0.38446906447562446,-0.5524376467581195,-0.04946972286491353,0.19380149999158922,-0.33259095238327635,-0.013230224308251774,-0.15470682164823196,-0.03295698981010457,-0.3866907919203368,-0.45148654161677043,-0.08892695078098103,-0.3534046738544538,0.3178317929204529,-0.2098059473463929,0.3142781385170685,0.3757807453759001,0.15405087490681615,-0.4053043693068986,-0.1434412927198206,0.0308200455622947,-0.415816777504409,-0.13795961770780962,0.33621160795810234,0.054777065128404516
-0.1386744767355724,-0.2757146306934554,0.5227440196389934,-0.36581896641257006,-0.05906252047659118,0.5151303962135184,-0.0058233862916907035,-0.3160351057612165,0.28582777011206856,0.0,0.3647027514143987,0.36315190084852556,-0.15509826793537776,-0.44333285062313843,-0.5436554584749291,-0.23210150070306018,-0.25861986146440774,-0.618419776715511,-0.31264519453179995,-0.18959234674356348,-0.35538350168205846,-0.37655827243419654,-0.5142594817582824,0.17895994478690286,0.9181581678552572,0.06281916496287493,0.33234671386490255,0.12593399733710908,-0.07624481426789809,-0.20513215617085848,0.14588807942576953,-0.0948239166173175,-0.2615622266182329,-0.10983956353518665,0.11587536463980315,0.43735560660703143,0.4682746741751946,0.3469109009385597,0.49031457447796806,0.6029383578886051,0.4801808651847351,0.32191593137355845,0.2485714779266788,0.6208730101479655,0.37154426238204447,0.4344367866631532,0.16334072397148583,0.14999195386696668,0.4244119659527082,0.5536303273660106,-0.17697615071195685,-0.04410779585439814,-0.3281824054039767,-0.16413913574735478,-0.1420666067402993,0.529735248098578,-0.3814743948501695,-0.00018409526820992606,0.9547022121229006,0.346631086491244,0.1532226164660146,-0.19556679314062517,-0.3147062973241928,-0.45067510160186336,-0.6426944180620202,-0.5193199401819575,0.5799468058950403,-0.42978977956454023,-0.4930897866118762,-0.48750883370971965,-0.490435795360929,0.0239599574330931,-0.4852983443017945,0.3959559426148015,0.1968111516871172,0.37359157583443514,-0.2627704037840929,-0.09478230700944379,0.2200085578828375,-0.03884212050088685,0.019447443929255633,0.3627991667488409,0.34779387884101076,0.31326042380466157,0.17412200798523736,0.10662218586889025,0.4379679480964337,0.3176587981100788,0.4480105498852742,0.40977228388629733,0.06626791168916134,0.517174776521273,0.6890666355636846,0.3549209521949161,0.421956135986777,0.574399096721494,0.36828346525076605,0.2629361048210669,0.43395790973271053,0.5342378696112158
-0.7961243722958303,-0.8527754608984879,-0.3145852742215116,-0.8617047183472313,-0.8566126170165389,-0.21951367674382102,-0.028201908952238185,-0.2995663200911522,-0.4810501947884446,0.3647027514143987,0.0,0.8390935619286005,0.6812659766154541,0.4841816563874898,0.3119866090161403,-0.7857900938514525,0.48574871629894667,-0.4946973341358932,0.4376858890377105,-0.38443913952258435,0.355124227280107,0.33583979926644014,0.2618120485060328,0.7154487497339215,0.32881070379713784,0.5887174793576359,0.7198711372549591,0.7675888880906792,0.669464509405225,0.678869691636526,-0.08208492427642358,-0.5352460160086684,-0.2763139484556489,0.5953639676693557,0.6420750178855645,0.027460482841634343,0.5748099171914648,-0.3399979369536887,0.6526211922713774,0.7600086272138807,0.7139499011983911,0.599287248911042,0.8323995571672348,0.235400467717896,0.5221096925461506,0.6431899288205353,0.7767005831317229,0.6108301581791394,-0.1680071558232769,0.45533188528314245,-0.6901949891725224,-0.8157762668116717,-0.8153090884368969,-0.8754161155971095,-0.6808449375511308,-0.13998998692137016,-0.5555124960372524,-0.6487221141439083,0.48706939801884236,0.9371089358331876,0.8353539908969497,0.674912119428811,0.4582116889963599,0.37222413688757794,-0.03032968812692959,0.33962127427180266,0.39656472567463336,0.28161756349057027,-0.012588805191844148,-0.6230966724423889,-0.21381784791252148,0.6682474899957933,0.32281631881254713,0.6545349680280944,0.4656633201469995,0.6174362103508138,0.5160138580799536,0.7714921198533773,0.05314213030149938,-0.4227786495446913,0.34142650043415035,0.18117358977878756,0.3625239050440238,0.10746941289238682,0.43167467115096037,0.5049672013972293,0.4872703071998443,0.6546880721406725,0.07447238183429865,0.5132278824025427,-0.6347105283671978,0.07913974656917111,0.5116738573261372,0.7475123700873297,0.7108343667588675,0.28707881490895265,0.7049413072394525,0.23486330539093442,-0.09804843320546873,0.27161200257774143
-0.6610038380649714,-0.7834879609651221,-0.3126017645443183,-0.8382337718890525,-0.7924926285595499,-0.05212149707150983,0.30555091931877376,-0.3184816660338627,-0.2506354559575153,0.36315190084852556,0.8390935619286005,0.0,0.6961071219711461,0.4691807495335933,0.26850945651257907,-0.5994376295529347,0.70991633308892,-0.2819601400362958,0.5465241149970504,-0.10756618261775713,0.47029526739863525,0.4967488952637608,0.2995404352852184,0.7005959302452177,0.2708517272299076,0.5704691933394919,0.5608682247038844,0.7128170043275371,0.801261266106958,0.5025223997328928,-0.3655912969824233,-0.533742090805486,-0.1604357133544471,0.6946526681033911,0.725177419299833,-0.0035165510506834537,0.4596779445430637,-0.37519436881199364,0.6046247161296405,0.6570021008992065,0.4551983793267435,0.3620027129695677,0.5864708319866209,-0.033931327892966205,0.19676373331737618,0.3039577160631066,0.5699446081447398,0.41255593251869743,-0.18630293037146373,0.18512266307690045,-0.5875074994676674,-0.7603871164524436,-0.6509148494726672,-0.8206610659213593,-0.33495696007790243,0.07250444680863627,-0.5243823600807541,-0.4686742165951638,0.4170528181363542,0.7880251921125748,0.9170469298705376,0.6771143406774085,0.5403178091915672,0.40725113931311513,0.14026230512240645,0.29253595883841554,0.39844905051865553,0.4717782590133598,0.2852953717495837,-0.42385122350225735,0.044961318970236294,0.6999803852573998,0.3661630060101448,0.7095129471413824,0.7192280963174115,0.7248913945848826,0.6659045272366693,0.7357278751880074,-0.24908171519910668,-0.46090361812009767,0.39043608041313466,0.02542695361768315,0.1810824850756816,0.21702349271932803,0.25444225102961876,0.47277022114766937,0.3364034102630695,0.5512479249857579,0.00991148343213876,0.31357905200081,-0.5488072499757929,0.0726158341914933,0.5473976980146565,0.561020680861244,0.681957911918764,0.0225445717411342,0.42457604793094983,0.10442447484515308,-0.08202357935322324,0.03848513941570613
-0.5043478790859395,-0.685742876107317,-0.5223371377055757,-0.5772478944178883,-0.7941045149474227,-0.20569272759169666,0.42798652890343425,-0.08943814690095783,-0.48833666046605173,-0.15509826793537776,0.6812659766154541,0.6961071219711461,0.0,0.916859914243038,0.8340924906387559,-0.43466387009620105,0.7937746101255306,0.15921445102570975,0.8995483809821198,0.08200052537188224,0.8125217155445269,0.5086335416590895,0.7538641742405363,0.35695938896151774,-0.1584425146766965,0.22035967472143309,0.24892245275673666,0.4374842207941271,0.737949328304004,0.7067321513419825,-0.07595995900763501,-0.4914311009459103,-0.061402770956578194,0.6535736901431798,0.47877743945769974,-0.339194276580352,-0.03896812391515977,-0.3186347732360143,0.5769731337876256,0.48860972131053443,0.3320212589078068,0.40354505550170106,0.5208382024096457,-0.32210526984289234,0.04684227345075599,0.24115850532422628,0.4964321832822502,0.6404396331261022,-0.18886697688717527,0.004323672155959456,-0.5068066697423788,-0.7080957659898656,-0.40609637986932595,-0.6943368081201508,-0.379438162455011,-0.09952327548807618,-0.14624645228204033,-0.6125436445272636,-0.02526072583796171,0.7260756795315446,0.7986913141243992,0.9929028723619971,0.9374630439232013,0.8876571558356702,0.6158725654661708,0.8488859455205113,0.2857710416243046,0.83232879618213,0.42282476672567376,-0.03908416767118116,0.48421214594859596,0.5009835020526958,0.8245449160015569,0.352908383900311,0.2403037322548157,0.21057347623130715,0.6810769335865513,0.7717483512659891,-0.12107668406528956,-0.4286701659397216,0.005583532357045488,-0.3204316008677175,-0.19706199203906397,-0.34657869196678787,0.04431017650701784,0.2593175228001313,-0.11467490569474731,0.14202866894544425,-0.3567745717328695,-0.004778771795166464,-0.5849739926783464,0.11209400081609776,0.21299478367268893,0.531174497595611,0.3550891729032029,-0.1998459436737086,0.3174942964219515,0.025282797950137784,-0.08731206795054117,-0.2341096437785019
-0.41390883280075585,-0.4900158853906142,-0.6755105666080776,-0.34797854975855735,-0.6762514193066033,-0.4096389603854187,0.4297016212174609,0.02310720331223997,-0.563861783153168,-0.44333285062313843,0.4841816563874898,0.4691807495335933,0.916859914243038,0.0,0.9532286135659109,-0.26324396032537006,0.7664106725347903,0.37135385754496386,0.91679973187187,0.08210821604679606,0.8458766723244283,0.5856741701037116,0.8914158512120399,0.2536768761697077,-0.39891077248874435,0.19285732682719045,0.1516197020080296,0.32710507292603824,0.6694423391125606,0.7681754285267167,-0.18431925871684446,-0.4510829575647594,0.09408201909005863,0.5810859624296846,0.4067393498169135,-0.5747446181902391,-0.23698756147195096,-0.4071542447539527,0.3817441272306471,0.2535615174264704,0.12428727168280568,0.17916120172771208,0.37017126663286626,-0.4694772826499344,-0.11581363143191149,0.11478544559454062,0.4051760989496215,0.5476328918453612,-0.34522850803962873,-0.22415710791712043,-0.40589740715068046,-0.5968872237498364,-0.20693301166267938,-0.5093256253909371,-0.3410927312719431,-0.3121004352007119,0.05030419349978723,-0.5764591580354999,-0.3223278002020124,0.519171488232896,0.6467747781624218,0.9225565748160864,0.9611195699108341,0.9636084658028979,0.7968300468062688,0.955719764059906,0.13546189388456606,0.8684419713700883,0.53437739336439,0.15334120790594344,0.6032576127129269,0.4444630497864967,0.9306518185996465,0.22142627690236885,0.14784208657202222,0.09317422965220257,0.6907938920406721,0.7601943276394822,-0.24307563147800498,-0.40177684059510776,0.01276478716353794,-0.39037932279762066,-0.2641150043292319,-0.40197140890306243,0.10096062572945338,0.2283070259172371,-0.29777169659534575,0.013511735526089658,-0.5320475736619328,-0.11480039696897315,-0.4728633406540245,-0.05271049370633135,-0.005026958503845408,0.33813532633031856,0.18499429453345517,-0.35416525662235576,0.21006559770234323,-0.0028857032273516213,-0.22387871659739217,-0.41729068950746606
-0.25897340939875957,-0.3358035908441311,-0.5761438999849506,-0.1508692495487743,-0.5377182264082389,-0.3483247581738587,0.37728308320241055,0.11024346503514502,-0.5025394717313139,-0.5436554584749291,0.3119866090161403,0.26850945651257907,0.8340924906387559,0.9532286135659109,0.0,-0.12848757859292972,0.6497401876861839,0.4718445954277646,0.8853082076948356,0.17897425355882035,0.8679218047084637,0.44437342279631753,0.8662670696950175,0.006936897357345797,-0.48236592490772107,-0.014779388307837586,-0.05331171458758208,0.15117176503274168,0.5383238705646669,0.6112818461453565,-0.047986497721242874,-0.356712107313729,0.08010318287152315,0.3976754775984391,0.15554684991341067,-0.521110706985115,-0.3676493817830553,-0.30877587196182177,0.2419408946823534,0.08544754612877528,-0.004809790417099376,0.1178383256656547,0.17204630425253403,-0.47407788529193823,-0.12781845617769477,0.038623840527008124,0.19588526152927863,0.46767959309018164,-0.23350482959975116,-0.22749898313995018,-0.2869176722581863,-0.4335352646528634,-0.04622422299226563,-0.3418281726392297,-0.2797027487544391,-0.26307850285473283,0.19624862246239058,-0.45632355460701796,-0.4421804155581375,0.3762225602497777,0.4549120994063472,0.848870990792553,0.9143318672770898,0.9323870518306622,0.8588860309743307,0.986873384549439,0.06054844659950003,0.8377673725699946,0.484081540077458,0.32665859903837274,0.7120282804922824,0.25137029556593454,0.9381898318468669,-0.013866185866519023,-0.09225573100025226,-0.15333020725096863,0.6149471172181109,0.6035020834798991,-0.14966719852565338,-0.2990846208427344,-0.19391864756449384,-0.43034001229954716,-0.3871061316941941,-0.5537581953479979,-0.03704662135942342,0.0543766538799332,-0.3811678499776679,-0.14677263238339966,-0.4917178790448755,-0.23366132589212518,-0.36716570634858064,-0.022411250060145972,-0.16601057810265563,0.18644029674650256,-0.06327884966697335,-0.33464011386194503,0.1016134700928477,0.014935591195729004,-0.13025014113672642,-0.3849080566590656
0.9028588582403654,0.7754215183781155,0.19005128138556843,0.7733392761011413,0.7031638389158051,0.3074859431473691,0.4061040823571612,0.0641450110148952,0.3619051078595726,-0.23210150070306018,-0.7857900938514525,-0.5994376295529347,-0.43466387009620105,-0.26324396032537006,-0.12848757859292972,0.0,-0.27100517518945577,0.6921151195894933,-0.23746789598833318,0.38652163693506525,-0.18366798440192605,-0.180312499243563,-0.09390607719181326,-0.7018792132582778,-0.32681730984149493,-0.6072683303645318,-0.8240568776892513,-0.7482489597440192,-0.5698597761856681,-0.5584969507299791,0.033650857129239944,0.5791013573306124,0.5818582530398724,-0.5103646935666059,-0.5037723347240856,-0.2048868532462506,-0.7232977239583097,0.4461531169844083,-0.4287414747338472,-0.6329658594896579,-0.7783033879549186,-0.5682261233828328,-0.7878260064846495,-0.39295375745132494,-0.7384285459350538,-0.7054330597606877,-0.7601594492962731,-0.523968674406264,0.21182061438019156,-0.61017229397186,0.7864108240070625,0.7504579700804285,0.9725488566460762,0.7720651939401544,0.6721730609708763,0.29381226941928273,0.5511754535127509,0.3909814911196844,-0.35430113824609755,-0.7422918514818239,-0.5642774973047319,-0.45780908007178567,-0.20408076796901442,-0.13568382384037517,0.18151700056207615,-0.17508175331301967,-0.23758056751209844,-0.031833240735806644,0.16100886371060347,0.7371910405355547,0.4013164685355187,-0.5658709654876829,-0.14694671475914525,-0.6073826593914706,-0.30296243817600993,-0.5323120811706439,-0.45906569229134714,-0.5928318388708703,-0.1832807218204577,0.4829882096620487,-0.47579103907397907,-0.4373917928937677,-0.6061740556109458,-0.11286507678845836,-0.49880702848473046,-0.612300707664243,-0.6911405533857822,-0.775121091475102,-0.316209124744583,-0.7241216566136133,0.724418560194853,0.08820362405326143,-0.42439476503656814,-0.7296973006311257,-0.6938199906164759,-0.42362455295045737,-0.7449667590001177,-0.41789939391349085,0.19029707566957052,-0.479840956996939
-0.45015435547112226,-0.5634002803206706,-0.6118000948070266,-0.5216136370192975,-0.7095340598905733,-0.3486236535851239,0.5159056422613412,-0.06646385269032178,-0.4952900792734578,-0.25861986146440774,0.48574871629894667,0.70991633308892,0.7937746101255306,0.7664106725347903,0.6497401876861839,-0.27100517518945577,0.0,0.3298520411738556,0.8333002531474413,0.07545419120025251,0.7470723817228799,0.7782807204081911,0.75536997447243,0.49312584124747005,-0.31564812241433216,0.3131598631257878,0.19329345899709968,0.43638638269055763,0.7703173138601014,0.5662850653546453,-0.3959085174197005,-0.49331518230013416,0.13209921323706178,0.8178547868108647,0.5740761310958998,-0.4291464450760853,0.00886289136762892,-0.45867395480688977,0.34665096538079726,0.2851848588797013,0.11851420057559271,0.043567524038833814,0.34196837436215655,-0.5142400275814032,-0.17138090439900536,-0.03203260389651037,0.4063628256779006,0.39164448646293554,-0.40784921313350747,-0.21823669869438414,-0.428526091058089,-0.6350897697175413,-0.2997497866411948,-0.6054566831103052,-0.20186843670531773,-0.22628937512692734,-0.10012782581412613,-0.5159274279362813,-0.207289671861994,0.479654788146245,0.6966231139416503,0.7896941563474642,0.7742202542498929,0.7363226757123472,0.6302556660058493,0.656348032262609,0.13379516513625403,0.8904208962134421,0.7803857087823907,0.14750727933860128,0.5162164044401827,0.6645586287300448,0.7708511218424164,0.43582805406603875,0.5546089904908267,0.3659688875336566,0.792250369698146,0.697815584354445,-0.3293139554664173,-0.4186188074798917,0.3539594164160843,-0.1862465621700762,-0.09469844532920901,-0.0015978867900969735,0.11129994666645272,0.45410067253633757,-0.0777457394576622,0.22963005802904754,-0.3393608041704525,0.026615407751027415,-0.3621185688926199,-0.21598608769429453,0.1552646123404628,0.28919000802716693,0.25957945573843677,-0.40180536440374354,0.180749443245325,-0.01758682344705959,-0.2827948801163186,-0.3359297103202075
0.5302927649591481,0.4779248723326744,-0.19353435354887663,0.5398664317391975,0.28002844301530755,-0.030938953141220957,0.6432398560448529,0.34659870388936664,-0.06544550112732107,-0.618419776715511,-0.4946973341358932,-0.2819601400362958,0.15921445102570975,0.37135385754496386,0.4718445954277646,0.6921151195894933,0.3298520411738556,0.0,0.36119021109040295,0.49020649861588333,0.36996707046678384,0.32391412636994527,0.5814337853140318,-0.4121401815638432,-0.6396975956135572,-0.41069298277491445,-0.6193008160285992,-0.5046647602288551,-0.061789560993953274,-0.044686617828279616,-0.043183633168585034,0.12259718524946638,0.45465512839182404,0.03659079019322263,-0.19257278837080283,-0.5783567748271224,-0.8141406436916658,-0.019308158052706224,-0.31125500607235285,-0.5196932053898722,-0.6074978875394573,-0.41095652597501653,-0.4890554335899649,-0.7694993590997005,-0.7566080987223842,-0.6340921961538292,-0.4015239212243555,-0.10833271969303976,-0.027484866744565805,-0.7310905074098248,0.35077771514425976,0.39416142147291855,0.6950893645532484,0.4496740416097854,0.4892324584482054,-0.021458043792003504,0.7277642792754249,0.06698849383866821,-0.6274808642725447,-0.4773789122044765,-0.18805456648914617,0.1636742188291471,0.3876204210384818,0.45877977885508,0.6830556267877906,0.43187749267111214,-0.1710746191244604,0.5919335314392683,0.6472030931898873,0.9005774130272975,0.8172028781775423,-0.1763451368684379,0.5088591570012171,-0.44940185171285235,-0.18202545166951006,-0.4797411565928512,0.07571811782138685,-0.09950266960279772,-0.21717386848586728,0.013853439039738074,-0.306369617560125,-0.6334858962169159,-0.7158460086954209,-0.3593684004040215,-0.4661977030950687,-0.3325595159750547,-0.8230545200375488,-0.7094620603239082,-0.6442619510409502,-0.7014949077354657,0.2731979779133072,-0.1399805552437244,-0.5006099374829533,-0.45496512639864883,-0.569292722068313,-0.7178486530034848,-0.5814385202680786,-0.35852539162584124,-0.005389796574116148,-0.730098009308581
-0.36112395339030096,-0.5728576439337165,-0.5169032258784982,-0.4231531460852932,-0.6950839110538498,-0.19025999987206474,0.5430746386725233,-0.004886969459813119,-0.39293177781845395,-0.31264519453179995,0.4376858890377105,0.5465241149970504,0.8995483809821198,0.91679973187187,0.8853082076948356,-0.23746789598833318,0.8333002531474413,0.36119021109040295,0.0,0.24569476039908714,0.8674768212975432,0.46883416962201935,0.7988839600610097,0.18285715441578962,-0.2940331284207145,0.03708269580811966,0.05295454605660167,0.2388975173259506,0.6728991125036009,0.5708866098149455,-0.18266747507346673,-0.43167497794434084,0.07503638870101542,0.5544874960502333,0.3011364724202438,-0.4320079502167732,-0.20836867446287247,-0.23797378922913218,0.48764735056520925,0.35305294098980533,0.13284198425081417,0.16868389958380484,0.27324799707519826,-0.4268975093500263,-0.11664070318587826,0.11214992624841219,0.2877165291288152,0.5453120726828942,-0.20489617733126778,-0.11160636532208035,-0.38931385821490844,-0.5918112222924576,-0.19665241502775224,-0.5512972893698131,-0.23247495491095777,-0.06572205995226481,0.00907642128408949,-0.4692861135583829,-0.2508804125011449,0.5382397227646056,0.6178223621184625,0.8937637299529405,0.9467070279217421,0.9173709786518611,0.8120048464786473,0.8906090782219357,0.27164899766327316,0.9160986476735072,0.5475025420310762,0.20966389344443784,0.670311873526457,0.3804028332928439,0.8962772857218018,0.27786903772974886,0.18386417725309737,0.07058225373150068,0.7238115582680742,0.666621579289739,-0.2482233875721882,-0.33314033701591683,-0.04241535981604639,-0.3062792757007825,-0.2716091864221418,-0.41482150336175294,-0.007001019915738329,0.21477226012795064,-0.2570886453528529,0.005117007395713609,-0.3731539471872487,-0.06783957884896942,-0.3221744676775608,0.12327345175241727,0.16127660813531042,0.3128818255593483,0.18378132642314135,-0.2550241929456418,0.23617003053884691,0.04532806058661589,-0.07667062146135428,-0.2951116988931646
0.4924758857854549,0.2519763316017779,0.1853209380465453,0.2196650500017109,0.2083138606236526,0.48812687947166095,0.5193387938812368,0.10331868663215488,0.3752562909071934,-0.18959234674356348,-0.38443913952258435,-0.10756618261775713,0.08200052537188224,0.08210821604679606,0.17897425355882035,0.38652163693506525,0.07545419120025251,0.49020649861588333,0.24569476039908714,0.0,0.33591729353984146,-0.05289656227813246,0.13786520629001026,-0.4570366491139376,-0.16359462805786787,-0.3392093732264886,-0.44951363023201096,-0.2688042213678171,0.07402903654926955,-0.34361206824486196,0.0019561400034230564,0.19524048832671817,0.22446614690660904,-0.13816330800355286,-0.20831657647864077,0.17266337309729732,-0.34109172952830974,0.16742482656077515,-0.11016467669245872,-0.2082504706623371,-0.3503249877895706,-0.1328680641953077,-0.44797275357861155,-0.17544528725789219,-0.26152453003332765,-0.3039933981007414,-0.4522175975065766,-0.006213138040169511,0.5498841627354369,-0.17774530480248915,0.384171390685903,0.33891434678340515,0.4253164354604631,0.24781218988135872,0.57935462633795,0.4864505816232599,0.27278791784341194,0.23799312401425024,-0.24607058144509897,-0.30462284375902515,-0.07234934665799186,0.08668520724953904,0.20638905135135124,0.12562546392730628,0.3315437622810458,0.10153899897230549,0.16146063192157425,0.3163454754919865,0.20114975457748016,0.5094730549298707,0.6468687936555503,-0.21432774437774288,0.2515277037633256,-0.28835866786114317,-0.1807850996436073,-0.3429341120468861,0.09810890788484192,-0.09961314853227175,-0.2027074652770532,0.11090434260754538,-0.4896844991128627,-0.4927450206877644,-0.5824789092403938,-0.2662871898989855,-0.4940954444066023,-0.4308261068662182,-0.3866962717225912,-0.4125732296086422,-0.01286392208454052,-0.5541575997926766,0.20003657076260972,0.4360733550651871,-0.13853011897023854,-0.3626711372237456,-0.2777022258682509,-0.12318536856225419,-0.41855375525724065,0.004739181220605818,0.5600168274925361,-0.18475422981937
