0,1,2,3,4,5,6,7,8,9,10,11,12,13,14,15,16,17,18,19,20,21,22,23,24,25,26,27,28,29,30,31,32,33,34,35,36,37,38,39,40,41,42,43,44,45,46,47,48,49,50,51,52,53,54,55,56,57,58,59,60,61,62,63,64,65,66,67,68,69,70,71,72,73,74,75,76,77,78,79,80,81,82,83,84,85,86,87,88,89,90,91,92,93,94,95,96,97,98,99
0.0,0.6646544588981201,0.5623182521954214,0.43014198610801657,0.2786146261200688,0.570632047581452,0.5596768255428614,0.4595244622637237,0.418596352518799,-0.05455551853765279,-0.10135060289489743,-0.31501982288510366,-0.30473539536593997,-0.7138406658549162,-0.5114726004407706,0.8863838452730649,-0.4342560037322506,0.48759809153191086,-0.2915314004223707,0.25365694102205016,-0.3658783823865004,-0.19454087309442458,-0.4113275202080982,-0.39051301129248955,0.23439742334773406,-0.19861915599162616,-0.10560994850437934,-0.45439839124713394,-0.2822656744568744,-0.5317481892924972,0.14857798668559646,0.5637496730594043,0.3110137153394179,0.12966653080533308,-0.0839864842025272,0.615659968042276,-0.10745900073412346,-0.16496758140148524,-0.21204789990239234,0.1905851926333416,0.19134681560856184,-0.1758426040682967,-0.026241088526856412,-0.006324880584043511,0.21552599397269478,-0.46004358886565283,-0.22377162928836453,-0.10967922639805025,0.620976195882372,0.1093130337430363,0.7624427499003996,0.6435124023886262,0.37031323512076053,0.3179888430386799,0.5021876700633836,0.5076204209326326,0.4114002754223903,0.3116952070281676,-0.03870006961389254,0.35925795828040424,0.14336386863629436,-0.27376893757989795,-0.505272371429658,-0.3033943858635814,-0.424618626985954,-0.4508415890357317,0.38487788130959766,-0.10281749474621026,-0.16737308037724202,0.22744435993008513,-0.20722015766349683,-0.3923794205304743,-0.3683674304740719,0.34903357578395133,0.36289945032462245,0.353051854846788,-0.32841185483407453,-0.4813948448117506,0.14151261397458378,0.24847283991224095,0.21367396207329248,0.2447921159273058,0.13427747826363245,-0.004568088384343659,-0.016883331839251985,-0.2429100472956411,-0.05675945868956112,-0.2777180822521274,0.6113355231288875,0.24184149812684907,-0.1553583284727031,-0.18658303268434717,0.10960102485053155,0.21821949568502275,-0.2713356068563802,0.018333211036873645,-0.4315797432486477,-0.4790329001827635,0.6652214700451214,0.03639128847757558
0.6646544588981201,0.0,0.8614912245293477,0.9014681491606733,0.8814270130023131,0.7804638496346825,0.8982346141385188,0.8978449223861292,0.8544787163022586,-0.3128758196793753,-0.1203606374270928,0.014106665092442358,-0.10663540435358274,-0.7268633602966922,-0.5475880565598197,0.7493680460385709,-0.41195082145242984,0.8170269808530455,-0.014231599069360595,0.6747916471839758,0.01212762444982442,-0.7604751500347585,-0.6658202991991424,-0.24919020414561868,-0.27200074224515913,-0.24654654480727012,-0.4933857900354822,-0.6884564570910074,0.19227629900841525,-0.5957079141151116,-0.47436518510606995,-0.13920310264052854,-0.312239147618524,0.34636941542781025,0.23069029510219666,0.8710875055681375,0.4677979969414489,-0.6952815883594071,-0.5418853499285451,0.2886505428323263,0.6099000188967824,-0.541792304333542,-0.5062431786575526,-0.6570843551032347,-0.32327042888771956,-0.7843877115955744,0.2453179505374657,-0.296274996132272,0.8611617034970063,0.5924986644360444,0.5920378807798158,0.9592706517789601,0.888158178457626,0.8709994056567636,0.855240369316154,0.8061852004434189,0.8999331466251175,0.8283027965727104,0.31353025976887483,0.5398274956512769,0.4234150170749078,-0.20374845520549445,-0.2666121398165598,-0.31246719302847054,0.09546246220789939,-0.4368059427285815,0.8818641705500214,0.2901211166140591,0.29951969138767137,0.7004043663844749,0.20976017562743415,-0.6773672196088276,-0.4097751383490721,0.5993321516061979,0.5769500764406844,0.0844508798291888,-0.022479124630939745,-0.7757235376375167,-0.537396535792936,0.09136130271666545,-0.01306330573900322,0.6964943969496801,-0.36436935542110194,0.03891348747135473,-0.08178970362731627,-0.5676961500003466,0.3519453260228194,-0.7083148449992417,0.8425071208492563,0.664351173143435,-0.3314690791616924,-0.3095728743640583,0.22118867527051267,-0.37203599532658155,-0.7916716424535621,-0.572557672699179,-0.7788149240838901,-0.7478793708899765,0.7916693224206913,0.3893105362754425
0.5623182521954214,0.8614912245293477,0.0,0.8359139869077403,0.8272784052771359,0.9716030818756514,0.954681515713666,0.9047359460902898,0.9245042481650304,0.02581617816235081,0.06385176630869936,0.16875724223086003,0.11530523619491533,-0.7149302138896446,-0.47459177614013975,0.6533213603926685,-0.2859443021846139,0.6831934090703148,-0.03131436883047447,0.647145111524207,0.08627681840387805,-0.7365665221773992,-0.6715940429987758,-0.15596802404832183,-0.08217310693662852,-0.2893937389252953,-0.5691834173044238,-0.7070932812501848,0.28965810627062993,-0.6484218633225415,-0.43987989093433666,-0.22156810416550143,-0.35384467934210373,0.10189769052587473,-0.01625734034929516,0.8085275741559869,0.4616809946280432,-0.5744108424310382,-0.3401466025449267,0.37834470022445366,0.5814160004499067,-0.40683494978440565,-0.4792465765908715,-0.6171957730557659,-0.40252430483639656,-0.8175952884096716,0.020772851419201693,-0.4414474668423202,0.948850750225624,0.655590094439718,0.27032935660501406,0.9541998330656766,0.7975359888824356,0.7786689765701658,0.98093611780499,0.9821145236278136,0.8788149123923606,0.895815910056889,0.46778876216182264,0.6714462801474055,0.537252514420099,0.017673298042122785,-0.22646406248243248,-0.2888143962070436,0.08002154993172769,-0.41911036272950664,0.8634452826214833,0.2713499197038615,0.26371322356200105,0.5883760567193442,0.18296409474228426,-0.7966871930505844,-0.4854410725442064,0.7671904177765997,0.6041360302748617,0.050889983861442056,0.1219246572014309,-0.7192437193803084,-0.5121829959328372,-0.1460619511236424,-0.09398579475209133,0.3650213681023813,-0.5386257082968221,-0.17859843862430133,-0.28370357710736427,-0.7896459166521952,0.37808491612636824,-0.706721458340483,0.8104179611502821,0.5973374412901408,-0.617499922714554,-0.24094616696229174,0.3981463962372592,-0.44242358887727384,-0.6779887888156514,-0.5114840065236254,-0.8268791802967668,-0.854000415277282,0.938210155575601,0.5278948666168598
0.43014198610801657,0.9014681491606733,0.8359139869077403,0.0,0.9419365321702455,0.7487756562744033,0.9366974085054669,0.9791173040119655,0.9516555062023232,-0.18803830308368852,-0.07222379287463912,0.27721091852328356,0.2215181411524233,-0.5016693706621597,-0.32414381913189777,0.5893767640842459,-0.15124253184499664,0.8384478968508554,0.27789433599051205,0.8321030221242581,0.35739841140558315,-0.880116208090801,-0.519402928013584,-0.09155494616478173,-0.3382646104065575,-0.1574933560163091,-0.4596297076818262,-0.5145204632229471,0.5143202445574403,-0.38033385557676896,-0.7409315082922157,-0.3707609663772348,-0.5421133536567837,0.4469560838669503,0.424183636098632,0.758583234859966,0.6583823136764734,-0.8271696070495201,-0.6716801604634772,0.17531233563921444,0.6246148739165945,-0.6363422131223496,-0.5798520574396033,-0.804087013531011,-0.5341075752703073,-0.6972426939040708,0.4958805504968711,-0.1390876753017791,0.8233348680936445,0.6355358128278561,0.39408640599848727,0.9082981537196284,0.9263046966216792,0.9755882981630685,0.8329021057407706,0.8301228934893535,0.9664999055836219,0.9463695625733889,0.5339640682194499,0.6445490299783992,0.658479458787198,0.07477471280229285,0.046041743925536296,-0.10714887213242737,0.39893927926371736,-0.2141827607923455,0.9121250405401916,0.5434627498460252,0.5359166375496797,0.8201255962858367,0.4733370136417684,-0.6329977491421123,-0.21492173521957264,0.539652787975332,0.7029008304737355,0.074616857778345,0.2947929433059051,-0.6083735594733631,-0.7778372008128759,-0.0618091845857954,-0.023168134491054915,0.7105375771472596,-0.4847616540828364,0.2516930667347798,0.11896290864854764,-0.5625351514614777,0.48850302082138897,-0.6071331284206355,0.7708550310495715,0.6181973330556778,-0.5262958570878706,-0.3198014750720783,0.16981084418908163,-0.5703947609969161,-0.8573700727959455,-0.5556502376691655,-0.6611510852704616,-0.6324376097689355,0.7150253818516367,0.3759233786426858
0.2786146261200688,0.8814270130023131,0.8272784052771359,0.9419365321702455,0.0,0.7265176565192027,0.8656857584064916,0.931766050678411,0.9038142579433072,-0.30173526617622504,-0.07873523566838983,0.25084187962600135,0.12280748293588932,-0.5104379245211224,-0.361782597356912,0.40880785286973614,-0.26597790490736595,0.7668164161319505,0.16952020010163832,0.7604609154731561,0.29508976855366337,-0.9052558494102164,-0.623206383755802,-0.08601326590919062,-0.4276843700092652,-0.16805925593913348,-0.5889731979953255,-0.5917986796417181,0.48753200162574434,-0.4462296029216843,-0.7190558199738529,-0.5105303038072473,-0.664534578311754,0.3413264008838034,0.36168771392368904,0.7245316520427788,0.675282712334015,-0.8285961227909996,-0.6260280008327175,0.19152082457465336,0.623233395875703,-0.5716306309298961,-0.6288934223252602,-0.8542310923006067,-0.5726652401726049,-0.7513551867815244,0.46815048910013096,-0.32693833484253243,0.7647290739697504,0.6699917225284254,0.31932246407426873,0.8828402861703013,0.9439912078764275,0.9731358426320533,0.8472758905795258,0.8030118223528822,0.9617917192112421,0.9348169817552936,0.5386408932493018,0.544801916316593,0.5325766901162211,-0.01867965558275339,0.015643666731127038,-0.20040087751264957,0.4254342084169989,-0.25278399437116567,0.9397740881800104,0.4753943187656818,0.5218070672890934,0.7849260328511302,0.4445623152149722,-0.6420182435998988,-0.28581789945332237,0.5704307231672029,0.5737472024048371,-0.056699436310382545,0.2400007672494576,-0.7059629660704313,-0.7946844523162022,0.007065788796840903,-0.1574792507963759,0.6989827378510283,-0.5587008231347231,0.08335624693871291,-0.07582771385360823,-0.6205424572136562,0.48288047441214654,-0.734432970748251,0.6963224555088087,0.6738890138132264,-0.39065261734485823,-0.24327988332016615,0.21107442191166645,-0.5989284938470871,-0.8298861021696845,-0.7033343184293538,-0.7557123128409926,-0.6931592357277561,0.6489474684994627,0.4416405044391025
0.570632047581452,0.7804638496346825,0.9716030818756514,0.7487756562744033,0.7265176565192027,0.0,0.9035130856936627,0.832916405936115,0.8837290655519964,0.19266653539993872,0.21067359785680514,0.24555372362005468,0.19689949393719247,-0.6474869802801638,-0.3806370649243726,0.6639339658943061,-0.22240709395241556,0.6104339798350088,-0.06246584585807756,0.5998265367886799,0.08884728857389082,-0.639525223620087,-0.5820915988732132,-0.11807201739550795,0.06684531619829114,-0.22632212919365183,-0.5437430323665717,-0.6371188921397282,0.2723462959468785,-0.58562753923712,-0.40651428490171565,-0.1518552033546443,-0.2371782287282148,0.034622339615017005,-0.07841472935170625,0.7490169655643849,0.3982171883566625,-0.44412497795831585,-0.2043629087946517,0.4119335412559141,0.5386706647135613,-0.303645798625875,-0.4266070646025532,-0.5513832059696575,-0.4049583959884506,-0.7400885232759712,-0.0607749827010617,-0.40295714260094695,0.9471394913063114,0.6142045284729991,0.2197349153363447,0.8958321045701523,0.6861258358171707,0.6806390254746678,0.9644203169897899,0.9844425576860715,0.7921176439052123,0.8305652852852767,0.5021185564402847,0.7285146905745115,0.5781808412324541,0.10245437744223629,-0.19179190747631913,-0.2171250762511462,0.052982010076858356,-0.34836376472389086,0.7824839194679797,0.21813646055440075,0.2067323212796118,0.5031363026507236,0.16178158814331897,-0.7595231258481341,-0.44600363641442664,0.7753322238603676,0.6115722846548185,0.1221642589655933,0.15779702571387152,-0.6192692739978306,-0.46444754754348516,-0.2172187330237253,-0.033753315693003036,0.23463648574950233,-0.5564751569626964,-0.1893824521623093,-0.27402279159900644,-0.7547113345132631,0.3479209140621387,-0.6061723262878898,0.7645456489450598,0.5199125486382997,-0.6336808212756414,-0.16686140915147685,0.4523462954550963,-0.41067037491925307,-0.6058883040206104,-0.44104611397807664,-0.7611938195474739,-0.8096229169886945,0.949964503699495,0.5065957112475333
0.5596768255428614,0.8982346141385188,0.954681515713666,0.9366974085054669,0.8656857584064916,0.9035130856936627,0.0,0.9654153050488248,0.9686048891019522,-0.014987792797812725,0.012962787921158932,0.2255787745178138,0.17970307998267804,-0.629380920230917,-0.40878819802174293,0.7143124915386507,-0.18041132672416618,0.7881675103336189,0.13708638736233994,0.7699458277352518,0.22716663033296644,-0.7845236575603407,-0.5738994637155377,-0.09432819850282811,-0.16653364582120056,-0.22165452995640694,-0.46252737338301636,-0.6006333891444734,0.40458888956904704,-0.5219282282685455,-0.5745920697615384,-0.24350000657398976,-0.3717358958024597,0.3016422838298871,0.19986847852167366,0.8248708652862812,0.5546924812311765,-0.689609794537112,-0.4802678593460781,0.3370873611119744,0.6156506993356397,-0.5269112944125297,-0.4841828748525955,-0.675255938158074,-0.4206813394400457,-0.756603203159097,0.22878581342452783,-0.2416202287389046,0.9357991227163877,0.6489047449346433,0.32446172219482056,0.9545856666181997,0.8538566875524369,0.8664876375011398,0.9285372543063213,0.9440534349797919,0.9256656641711573,0.9355312133969294,0.467460943569494,0.6769148833953919,0.6161510825258919,0.04395077593213447,-0.12685831683717175,-0.19260224982240068,0.19684773555565838,-0.33677087883007634,0.8734763053656428,0.39245992045821,0.3700239268587211,0.6985107784283725,0.3113454609339415,-0.7547253618588536,-0.3685755438839501,0.6586451979732953,0.6742615552019678,0.08552884258938008,0.21911235616229555,-0.6453426447795898,-0.6231203942127639,-0.1688391044178741,-0.03758527015560519,0.5069912570376787,-0.49167107446289643,0.045550859775099276,-0.0608847474071182,-0.7005766989775943,0.4421495394004834,-0.6259765219738936,0.8497702428665731,0.5763544655702764,-0.6634873344914209,-0.3557013022115319,0.2781398766251879,-0.5179981244984587,-0.7935481306388602,-0.4852069740283239,-0.7407917700427058,-0.7575674495595861,0.8863396015611331,0.4499549964462806
0.4595244622637237,0.8978449223861292,0.9047359460902898,0.9791173040119655,0.931766050678411,0.832916405936115,0.9654153050488248,0.0,0.9780485362077187,-0.08354383490505493,0.012170532218800056,0.3121139495775057,0.25739936061682667,-0.5453370344357197,-0.3772089382326025,0.6062272875766539,-0.12431503091996154,0.8288312246762681,0.2736860721691098,0.7946195147279617,0.319433196182335,-0.8647959558600233,-0.5770657661774867,-0.08574860815942777,-0.2239122073011369,-0.16099638198045427,-0.5409069108036879,-0.566361385975633,0.4987974089988587,-0.4618924266432143,-0.6915769052212077,-0.3493644611797468,-0.5373994021951347,0.38854270547333214,0.3216727126566061,0.7588189443959253,0.6522854342887852,-0.768309721798651,-0.61282494628059,0.19956686210996624,0.5973547774209578,-0.5450962648860364,-0.5476792969794663,-0.7736086919408763,-0.5397281942863471,-0.773344554519658,0.3684159011003848,-0.26192812267355653,0.8612010816637466,0.6321372299180122,0.36021297193428,0.9445823348888197,0.9191594260160411,0.9496729322293586,0.8994895944825015,0.9002830221238525,0.9819145894212588,0.9725082349170996,0.5973170321717143,0.7204081569424621,0.6931742405388803,0.12461411547906444,0.010297044959269691,-0.13914528620145247,0.3405114162969335,-0.27469603634308876,0.9255881919247788,0.5507679107889664,0.5322233419773846,0.8001675570562993,0.41201729335462417,-0.6492902652142647,-0.25779163275250455,0.617025250161745,0.7502938734829246,0.13723802134108107,0.2869088511204471,-0.6296872541300066,-0.7189884995871481,-0.07111183480667463,-0.008634604308372271,0.6175671811064501,-0.4836167045447155,0.17427807568160217,0.03305022328227588,-0.6272926349944886,0.5088599200071562,-0.6209685181370742,0.775024687846393,0.6220542166463882,-0.5791342773470709,-0.25063862773779866,0.23409164150537776,-0.505778391689269,-0.7898726357700454,-0.5370154533985008,-0.7279311355674689,-0.7107235578112233,0.7859585497279636,0.41173199931389787
0.418596352518799,0.8544787163022586,0.9245042481650304,0.9516555062023232,0.9038142579433072,0.8837290655519964,0.9686048891019522,0.9780485362077187,0.0,0.03094264987227263,0.09048946484206653,0.3691414906962513,0.35008589240019167,-0.5286040094334079,-0.2969681862130853,0.5920518655077219,-0.08072293790258203,0.7928001974301129,0.2412388417516236,0.8269921117614081,0.3781734230174196,-0.8627414296775936,-0.5407609312536105,-0.049140724397619934,-0.21096349970634484,-0.20245912260994034,-0.5533676835460702,-0.564495549009326,0.5458112628092423,-0.43676240337599026,-0.6961259071184492,-0.36790732573240825,-0.5085521924773808,0.3230508923497834,0.23716667694205604,0.7627354069121189,0.6546007831775227,-0.7193233599586254,-0.5191107640513224,0.25164789562337964,0.6268520057188852,-0.5438406236263423,-0.5874029654436114,-0.7904579463050415,-0.6041460774477535,-0.7554235639330593,0.30471183226665915,-0.2548950571282916,0.8992304963959741,0.6944950266282397,0.2442678405645766,0.9220505361062276,0.863813926171289,0.9121247824008715,0.9308517940112482,0.9423322646005482,0.9476283571662546,0.983465146412062,0.629209074202109,0.7523948937964662,0.7304042761558864,0.21658669251437823,0.05867636205553986,-0.0751401924330071,0.3694612638775541,-0.2143437498728918,0.8946714109148545,0.5311687759037776,0.5225551621053165,0.7757937981422871,0.4524749495169889,-0.7048183886714854,-0.25806589160388826,0.6562214752155461,0.7454685724116827,0.08017146383547111,0.36893757370825275,-0.5897085403812887,-0.7385001120784483,-0.19477955843642594,-0.00037820233288954986,0.5373857979398035,-0.5898689291462688,0.10815700402926563,-0.014709286483438134,-0.6747395414678522,0.5320739582433618,-0.6158633826300899,0.7978073002464583,0.5996927486455604,-0.6559163684322338,-0.254173351325966,0.28484358199846216,-0.5911164169294549,-0.8076937456500738,-0.5575027838633251,-0.728910316481526,-0.7129389011207153,0.8287242752747573,0.48714776431229706
-0.05455551853765279,-0.3128758196793753,0.02581617816235081,-0.18803830308368852,-0.30173526617622504,0.19266653539993872,-0.014987792797812725,-0.08354383490505493,0.03094264987227263,0.0,0.7811592281590545,0.608213574911602,0.6239006047946747,0.2251461301016224,0.20990502686900225,0.07925444382636412,0.6789536312721353,-0.1410115548960279,0.2054708583171492,-0.04771943837446228,0.22222367789443453,0.29911835152651417,0.22901610302762251,0.49395704523614203,0.721867516718601,0.3517073353909087,-0.033570234869812164,0.2591967842040982,0.2591160780860341,0.1310166792619736,0.026692059813973237,0.09748988580676908,0.33242691840651034,-0.06069977205262484,-0.20061573455851023,-0.16519841457270126,0.11987026185893274,0.4465951789769573,0.5119377325001027,0.26598580639046576,-0.028453172993639815,0.5137745688120376,0.3394498681860445,0.24654085374584872,-0.11930168770245546,0.1024501436291261,-0.3577561834665934,0.01595592114117313,0.04034932220526236,0.028847211284413747,-0.4527510368702601,-0.15732020954604076,-0.36358644417710334,-0.2816554594422518,0.02794034620801435,0.1430129283927939,-0.2064175998010849,-0.04458252392473325,0.4142788881225357,0.46278414066373547,0.4421957245332686,0.5918922513616127,0.19665967935148465,0.20401376533764873,-0.05108712343533932,0.10316150813758326,-0.24375567742421983,0.08658954191914273,0.030356095918914396,-0.2018297614778578,-0.06991767399307851,0.11788700968777402,0.09544055067285409,0.09630646766062367,0.3433737307288182,0.49583436228117955,0.421004825790108,0.39265390292292457,0.09973680382847795,-0.4956213704513748,0.33686666588050623,-0.5278980404494531,-0.030027303829742263,0.06008078213290198,0.029649648749210604,-0.08961366286831944,0.301988632583059,0.4283686993676544,-0.0664084748643478,-0.19617309352272802,-0.4866602377151583,0.27276192792052634,0.22965596759665374,0.09765771861426792,0.3251548077488435,0.419475801404092,0.143143169170753,-0.0025638359562165465,0.13069761473709873,0.1411150972085001
-0.10135060289489743,-0.1203606374270928,0.06385176630869936,-0.07222379287463912,-0.07873523566838983,0.21067359785680514,0.012962787921158932,0.012170532218800056,0.09048946484206653,0.7811592281590545,0.0,0.7806140034396933,0.5051540570859737,0.19580369290339833,0.08490940235797943,0.0842441554166256,0.5906931110726285,0.07020399953262044,0.1698892289584779,0.03140860277810066,0.14716341355261092,0.18920949053237668,0.08299070807543739,0.6698989309549503,0.6864748433799678,0.6247062625619407,-0.17983688989869615,0.17388618516101642,0.2880940151565875,0.06209693887491879,-0.1678212995717212,-0.15335850099214035,0.2691792751422558,0.1339915738263515,0.031092497012300706,0.03384720410635354,0.34295406046324806,0.2691500900373008,0.42946483471281816,0.43198702310156795,0.2098388777873483,0.5853473001228023,0.3091837050178998,0.07877763315995591,-0.23598759663944788,-0.03131063207683415,-0.1700724629578541,-0.10031840856049062,0.11195698846309639,0.1866674665447689,-0.3197544340432621,-0.052829133120487905,-0.20566460920753293,-0.09744613278629674,0.08584671015386107,0.15380652374233078,-0.0716466757600834,0.02802723341544654,0.4733158872882629,0.5247058954255887,0.44980106439727496,0.36583344226688963,0.08560212810267137,0.0006366126292951863,0.0013516527124242475,-0.01760154550390178,-0.09391297328343619,0.06132893465966051,0.09671537297992215,-0.057902163757014874,-0.07654624283953766,0.09055508446542243,-0.01087909013382704,0.09941689300506018,0.37992958017070283,0.5733866294691811,0.36552477287255625,0.18964492548946607,-0.11789931139453441,-0.4630705772739886,0.3412708005757446,-0.20527066009507652,-0.10480457212421321,0.07823220617508847,-0.05114078976047543,-0.14432001295554997,0.4728141863759158,0.2947133026896145,0.06814141408083758,0.01961403906078949,-0.3203851992766148,0.2649117780460519,0.19753038922632885,0.02517544817149934,0.14832418797118818,0.18585734026465525,-0.047949907573294426,-0.16885797750673265,0.13957529738810895,0.23644880718773648
-0.31501982288510366,0.014106665092442358,0.16875724223086003,0.27721091852328356,0.25084187962600135,0.24555372362005468,0.2255787745178138,0.3121139495775057,0.3691414906962513,0.608213574911602,0.7806140034396933,0.0,0.8092555889585993,0.37100207475791913,0.2761698977433592,-0.01950786090691581,0.7170238439448555,0.27400688711975674,0.594285612210022,0.3663692479415914,0.6002813144923846,-0.20609969680766127,0.14238543359517547,0.6545733030715428,0.2944039132991956,0.5547552260979164,-0.2188359745572146,0.23331418329747694,0.6889557104189995,0.26279639934360116,-0.6733578535089318,-0.513713962611159,-0.21715741896545396,0.3553089307359443,0.4040556023047036,0.024506770353012935,0.6360141063911836,-0.15201948106086685,0.011982118430233732,0.1927615180298819,0.3184083466320883,0.1582098502538863,-0.025084994202206643,-0.3489753125007486,-0.5743407683121254,-0.04261617909551879,0.34818944538620056,0.07451945926380367,0.18258732267672553,0.3024567214092877,-0.33783255735667533,0.09995772750255352,0.15338719638023263,0.2903354469339931,0.21719855660421883,0.2911765717282086,0.2525036616168259,0.36288254510608614,0.7468638010222505,0.6539321242541386,0.7646527080233883,0.6069910260265199,0.4926136872540899,0.25968240505630424,0.5023249390560908,0.23950191413798905,0.19202760838792077,0.5130824408474661,0.5227213584951346,0.3144230870917089,0.38900292993664765,0.04485399477706708,0.23630871199633297,0.12422718159153126,0.5912527020128188,0.42442936373813483,0.6846129253307189,0.2154052895996082,-0.5946725863558979,-0.47755060337634536,0.23376121142817888,0.08708896345612271,-0.34478937000580406,0.40286028530758383,0.26188491664372154,-0.16191209463917014,0.6044462706009086,0.1969713211064006,0.09206771425495534,0.1228701940443857,-0.4744291988616267,0.16951630994942174,0.14396247153438035,-0.35487211181971223,-0.17131944990764064,-0.047989417896224136,-0.009325006666271172,-0.08842090045680531,0.11905946841385182,0.20315038723680748
-0.30473539536593997,-0.10663540435358274,0.11530523619491533,0.2215181411524233,0.12280748293588932,0.19689949393719247,0.17970307998267804,0.25739936061682667,0.35008589240019167,0.6239006047946747,0.5051540570859737,0.8092555889585993,0.0,0.4169735482048159,0.4878686426998464,-0.08372922917035987,0.7418746770888304,0.18024527628577955,0.6808988746994353,0.39997973268374254,0.7682392505648827,-0.24148240184265776,0.29975864469683694,0.3284113190398561,0.15334167841980678,0.1812705328582743,-0.16659189290890095,0.2808026999002594,0.7204123036014181,0.3863223841588292,-0.5689771651254069,-0.33799454671645857,-0.3137695806651377,0.24619329551533503,0.21299803399860262,-0.14696869169214727,0.4640758239087425,-0.097038806097784,-0.12789219551519584,-0.20690861864600976,0.04056540540242867,-0.05715473341809453,-0.2078102840080341,-0.35679961641011565,-0.6332676190998477,0.01924926882730083,0.24324494364351554,0.1884850201792046,0.10804448396245908,0.13399443835805797,-0.36485845432428476,0.03970490614296052,0.08359104133570913,0.2110528090056876,0.17892595330128971,0.2630446595052656,0.19573462911657094,0.3504107963611555,0.7338252086523904,0.6082421532981624,0.7920147361933789,0.93062947488957,0.7550245383375471,0.6007870418035826,0.615259642689303,0.49209150982322797,0.09652615176508539,0.6789931077465998,0.6312986921456456,0.35798257858203786,0.5760334387281553,0.117705553705104,0.4841171740763435,0.07161004248536473,0.5882158202162413,0.27384382017930764,0.8033804004584523,0.4079923953172664,-0.4595341390684767,-0.4281303364442282,0.330415884094931,-0.05654274017197811,-0.31960136694518393,0.4535470117256294,0.4230426544419388,0.009627148168304496,0.4777969543272303,0.2797980055350624,0.0009970362606972977,-0.06635295324108116,-0.49841414291083835,0.19813285595267446,0.04124655514790726,-0.3143147423046494,-0.11050225225552535,-0.00048215348156523103,0.1288431941655523,0.13662921010337262,0.0823679596663139,0.0673052924871134
-0.7138406658549162,-0.7268633602966922,-0.7149302138896446,-0.5016693706621597,-0.5104379245211224,-0.6474869802801638,-0.629380920230917,-0.5453370344357197,-0.5286040094334079,0.2251461301016224,0.19580369290339833,0.37100207475791913,0.4169735482048159,0.0,0.8215369460389825,-0.6053708375781462,0.6255276581532742,-0.3872397073416272,0.5238311958876005,-0.22286874210182403,0.4886381864754408,0.4358084442577816,0.849072500415324,0.399333928183576,0.07232255775521726,0.45940131131214695,0.4688774481437412,0.8698099214219438,0.2696637102470184,0.9021551376006447,-0.10348396262244029,-0.14686017740370974,0.025163415106684704,0.17295591966801527,0.3507969150929979,-0.7783309094430466,-0.0721494399293285,0.25888415573484247,0.11987067440898251,-0.4254498214804397,-0.5026203611616794,0.24315788907040184,0.30632238465283446,0.21649377828637967,0.018089066971673666,0.7542979125484687,0.32650321738024896,0.5820772600657111,-0.6995225986348953,-0.5452513199411639,-0.4144124638953046,-0.7215053264071641,-0.48569466436377656,-0.42845015114651663,-0.666503137606869,-0.6120821881993654,-0.523250978669353,-0.48540659725233876,0.002808736771661877,-0.2947602639698772,-0.04227958544417286,0.3709264730723965,0.6723138879687887,0.6586928450355438,0.4438942310862794,0.7729397152975639,-0.5972996070445238,0.17462085949353412,0.18381339126354507,-0.20598719968749057,0.320567692385236,0.7409557520713181,0.7816362518143452,-0.6551474317978527,-0.2571585041832319,0.009400249870354637,0.4157586372572675,0.8727438944240323,0.02656874890581522,-0.12530562812301893,0.12061035516900417,-0.2945392003040416,0.21657324787768398,0.45831178095285946,0.5490360546753189,0.6962422423764861,-0.07482020320949069,0.7480865089433567,-0.6930865155935487,-0.6258158627252204,0.2380418398882396,0.18419263352958276,-0.38718598010589406,0.029493359683339375,0.3764499809458839,0.3006608572518264,0.7925163439485897,0.830579037985496,-0.7428459878670264,-0.5434355233268291
-0.5114726004407706,-0.5475880565598197,-0.47459177614013975,-0.32414381913189777,-0.361782597356912,-0.3806370649243726,-0.40878819802174293,-0.3772089382326025,-0.2969681862130853,0.20990502686900225,0.08490940235797943,0.2761698977433592,0.4878686426998464,0.8215369460389825,0.0,-0.4249852461384205,0.3982242690095492,-0.17142531256686933,0.3824289844138358,0.1233338790284452,0.6625704692146446,0.19506305145942138,0.8750733472117043,0.27570732637517176,-0.10815833727646322,0.17609518254444279,0.4126801276507352,0.7783374734889733,0.42460524919611403,0.9265571129051462,-0.14502119547588108,-0.1275639700862414,-0.019961834915045974,0.18663731721674764,0.24893922499832358,-0.5384621850804817,-0.028058232251390595,0.04830753656689251,-0.03472203683791331,-0.48439275904803725,-0.4593296220524437,-0.0469981666509813,0.10754676939045699,0.019293469562400155,-0.1179719425311746,0.6319440002451857,0.2725115836218688,0.6498873029675961,-0.4129454511750592,-0.40712355091474595,-0.31256250150376275,-0.5099060838858345,-0.3507881314428178,-0.26632497880694367,-0.42454120773381987,-0.34479421241018315,-0.3496997981216921,-0.28085322438148147,0.06253268233750867,-0.20337435599706927,0.06120834956723197,0.47465260713069773,0.787274611942266,0.8609992462040345,0.609454041246058,0.9765914934792046,-0.4688384963624,0.23210114408566224,0.2886355444303512,0.020654581431575194,0.6126415493735046,0.5220703737338198,0.8273281025998432,-0.5504995850161827,-0.17693824776704484,-0.18807340917100632,0.6266543796874317,0.8246236044580293,-0.0629511045115655,-0.23947883296219824,0.27422957538433723,-0.20881876265770416,-0.023720939276944113,0.3944835014706554,0.5328152638778663,0.6017499061947162,-0.02598961504855182,0.6311719627353686,-0.4019597131488692,-0.6144798940849462,0.07761803267665243,-0.0276678269865597,-0.4346447376465478,-0.19591400471138978,0.13089665674232878,0.09990958163315318,0.6469176748710863,0.7640321632114744,-0.46585763835206356,-0.46619733747594694
0.8863838452730649,0.7493680460385709,0.6533213603926685,0.5893767640842459,0.40880785286973614,0.6639339658943061,0.7143124915386507,0.6062272875766539,0.5920518655077219,0.07925444382636412,0.0842441554166256,-0.01950786090691581,-0.08372922917035987,-0.6053708375781462,-0.4249852461384205,0.0,-0.17992483777095178,0.6652884590756328,-0.036347207944689264,0.46413814828366684,-0.1279724079346936,-0.29268767754580216,-0.32120521438994054,-0.13558468825848327,0.16737205110319836,-0.11039287642054484,-0.12997877757084905,-0.40272769488271304,-0.03372314373274353,-0.42077840719688386,-0.1351847038355429,0.339098468720135,0.2945098953690144,0.3520282622452892,0.08614074415341937,0.7370332784548415,0.16499107114389214,-0.28258371600725085,-0.20340335299696427,0.37990775192684206,0.3937800165542567,-0.272615263492089,-0.08847015215034425,-0.19169246720691024,0.030009167646153613,-0.4801301089040076,-0.07071183196342341,0.0064019221890292905,0.7491927307880001,0.30498020848019536,0.599816958245283,0.7236147409154753,0.4973256859120942,0.4533922754949176,0.6078097477163591,0.6257923150644383,0.5317650417358425,0.47924608164618426,0.07906052855028232,0.5223486059694172,0.3711195006821771,-0.14721936623375748,-0.3733538295189653,-0.1833980078461844,-0.23923428508309286,-0.3778912754138422,0.4747549164534398,0.08792330494060518,0.026424747279071775,0.4056327397283868,-0.031699682308202554,-0.462563988101066,-0.29974813086897834,0.4214192014902466,0.5482721583848512,0.37478774936743736,-0.09325479045060597,-0.41363080913333594,-0.12322707485951928,-0.050816785396497054,0.299693211218087,0.37015319240546707,-0.037125707139570974,0.12772462473553853,0.09525863826388944,-0.3150022116768095,0.20214022002854728,-0.2505933882957003,0.7828103888924975,0.3309951382218018,-0.38988534567830246,-0.3110446537462329,0.16264121301309395,-0.049394451320932155,-0.493254281142183,-0.11003430483944263,-0.4475024124347848,-0.5109843101653037,0.7667664541323677,0.17794924838204826
-0.4342560037322506,-0.41195082145242984,-0.2859443021846139,-0.15124253184499664,-0.26597790490736595,-0.22240709395241556,-0.18041132672416618,-0.12431503091996154,-0.08072293790258203,0.6789536312721353,0.5906931110726285,0.7170238439448555,0.7418746770888304,0.6255276581532742,0.3982242690095492,-0.17992483777095178,0.0,-0.05399005706041479,0.7341282741774554,0.01904453720839921,0.544088339811241,0.24057765073188772,0.4757249731996904,0.5872361573697518,0.3721767494048468,0.4604604070072502,0.13834009786669482,0.5226007676093188,0.4778797853724052,0.47113242686907203,-0.24372772690373792,-0.14542863861724958,0.03614041777635674,0.3342218189930268,0.2465154735132487,-0.3899702548142891,0.2917376380172077,0.23782892216324214,0.15572981557258195,-0.06248236032177813,-0.1083131262656108,0.310185195873363,0.23689945958072328,0.08461698586455853,-0.2257865819570919,0.28529918934630594,0.1305489913414196,0.31174765322678216,-0.28677655214257536,-0.11593669045394076,-0.4794808717046456,-0.3448154174751769,-0.27562437219419944,-0.1839400608749671,-0.26466132341987775,-0.18532381058877234,-0.20845283684346996,-0.0827229744584818,0.3709357903278835,0.2732145671512499,0.43727664717673836,0.6493128410633355,0.5231358821349775,0.43466790982040027,0.301807717244512,0.3427147813052112,-0.3058233425388891,0.44269615853582617,0.379003738603624,0.024177130219694257,0.21645459965897698,0.4297179011446283,0.4892714381935962,-0.2667979341322911,0.31192838732264705,0.40039769064161357,0.5601002688729398,0.6082332347527429,-0.11399770465292318,-0.37874415791073973,0.2919397866891933,-0.2271569741036977,0.11676649673864242,0.4689555802804379,0.44897143391799943,0.2607454942529335,0.3892227537390323,0.5730043415293942,-0.2609576346266836,-0.2811741485167308,-0.3081881917945537,0.23189734277635282,-0.11951729078788824,-0.004517046467862525,0.21975336212498797,0.33105075203293416,0.4022891515598662,0.3487536335681503,-0.27733965959727536,-0.08866201810725217
0.48759809153191086,0.8170269808530455,0.6831934090703148,0.8384478968508554,0.7668164161319505,0.6104339798350088,0.7881675103336189,0.8288312246762681,0.7928001974301129,-0.1410115548960279,0.07020399953262044,0.27400688711975674,0.18024527628577955,-0.3872397073416272,-0.17142531256686933,0.6652884590756328,-0.05399005706041479,0.0,0.3620579110947621,0.8711555907633679,0.40789897685879395,-0.7364022828595643,-0.30655877259435715,0.11793118088126596,-0.2429458576394906,-0.04038568068865806,-0.3821757168960566,-0.3339014069202009,0.5466538150838347,-0.20163692119217896,-0.5633034935932762,-0.2381774152367789,-0.32539774548895545,0.7502872908362113,0.43945383116630216,0.7594976901816075,0.6937852167072588,-0.7890132445954046,-0.6822479015443303,0.10771591577444874,0.4652087846208547,-0.49635428868527653,-0.3194854894614729,-0.667457502100445,-0.4068372260500139,-0.6689001201048255,0.36200423358610484,-0.04648242219794534,0.7036791929049769,0.47091319604790716,0.5145998871368822,0.7835917881898242,0.8027724158958615,0.8287022685676714,0.6691697247094526,0.6719737148438081,0.8334801501641553,0.7818527148852824,0.45073997676046823,0.5652205325535954,0.5616763725729877,0.040440612893212415,0.08455797743415408,0.04867184387175747,0.4054142990128194,-0.059860027524074474,0.6976110896150618,0.5824790926991738,0.6404707912018156,0.9116914760850879,0.5374856545118332,-0.37477392726386904,0.012131083217863154,0.2820814142148605,0.6870833131064885,0.1856387048113781,0.3908061524647575,-0.41312638064858215,-0.5620447983419995,-0.029034817183955345,0.3392878043576759,0.7844269760357804,-0.2484289479395681,0.33710860641915974,0.20749056349689646,-0.2969202922637856,0.6255125498975929,-0.37025602518468087,0.8214092075127065,0.45913262806106425,-0.3819302449760519,-0.3577904113778883,-0.11229410722523565,-0.3806757905042954,-0.7541019868335197,-0.5255672879134874,-0.6034148974094664,-0.48867367761840896,0.6213893091369961,0.2404931280203496
-0.2915314004223707,-0.014231599069360595,-0.03131436883047447,0.27789433599051205,0.16952020010163832,-0.06246584585807756,0.13708638736233994,0.2736860721691098,0.2412388417516236,0.2054708583171492,0.1698892289584779,0.594285612210022,0.6808988746994353,0.5238311958876005,0.3824289844138358,-0.036347207944689264,0.7341282741774554,0.3620579110947621,0.0,0.37071959751778605,0.7520786911282604,-0.24409297431414168,0.3532668079067735,0.2952896494285277,-0.07443278399189725,0.22509954506375182,-0.029901920251215325,0.3567509949361872,0.6488566956333469,0.46379932380983135,-0.5771128545500385,-0.2947312353215376,-0.40751347296891904,0.6323481606052842,0.5414673804218599,-0.1984420305733437,0.472734103477076,-0.2944184358170479,-0.4462653464828518,-0.3713190304210875,-0.08284838171233054,-0.1893994152778436,-0.12275391358845222,-0.36968019445823963,-0.4233015720178853,0.026490405196614164,0.5174848594788779,0.31870232933945447,-0.07939097935275478,-0.07888884879082207,-0.07097175215251453,0.03425171921311438,0.2796126470827967,0.3002706128822768,0.005513991174329607,0.0467070079380232,0.26915930345799965,0.2930416673946127,0.5074336220949466,0.3606992430247342,0.582033135578046,0.5922064458224816,0.6868062627343314,0.5674729545762496,0.6473403376495963,0.45145142734639737,0.12986466347641185,0.8394723823732608,0.7722283790405294,0.5410453904230073,0.6041410158408317,0.3472006020723508,0.6626654093432117,-0.15827389004938583,0.5160589467436547,0.27799662231102473,0.6088148322950947,0.39958981745019645,-0.416535462934725,-0.0683343869874508,0.27039691912175906,0.2618712401945862,0.018779411217474132,0.6991018944770636,0.6764353959796944,0.28831414504930875,0.4204657941049027,0.29514237060393017,-0.059317941201762946,-0.07225290837280489,-0.22361822433334896,0.12421955775762071,-0.21322712811491001,-0.17419804249146717,-0.16281756570896663,-0.07922015193006729,0.20264657291400984,0.27623517596590924,-0.1363328046010809,-0.19559604132540184
0.25365694102205016,0.6747916471839758,0.647145111524207,0.8321030221242581,0.7604609154731561,0.5998265367886799,0.7699458277352518,0.7946195147279617,0.8269921117614081,-0.04771943837446228,0.03140860277810066,0.3663692479415914,0.39997973268374254,-0.22286874210182403,0.1233338790284452,0.46413814828366684,0.01904453720839921,0.8711555907633679,0.37071959751778605,0.0,0.6777934735235525,-0.7910925559477071,-0.13992288924331003,0.16945942242024617,-0.38919351363931465,-0.09479390404889361,-0.2789563908518827,-0.18507124450356163,0.7691465323219012,0.0001821235779629199,-0.6909468789879675,-0.40201322465398853,-0.45880842442430037,0.6361435746881603,0.4685494477922182,0.6488566670240586,0.7247156954226996,-0.8330866910932625,-0.6682012078496792,0.04053674038896753,0.45396542626945907,-0.6242651939054621,-0.4397413633032446,-0.7523751710616039,-0.538579597489376,-0.5034654056411269,0.4855179272210974,0.12286639951151236,0.6797989600547696,0.51887971966048,0.23861517338931562,0.6770299546589751,0.7164300301207039,0.8250655318775127,0.6493049700113651,0.6866434043187255,0.7846324342397051,0.8194942547417247,0.5069000653441847,0.5047663038861947,0.6171703134376141,0.2435282790614356,0.34461136414481225,0.2741548693682125,0.6501364774733571,0.21162571528504756,0.6302471084410797,0.6089370913519027,0.6833892727838854,0.8860897485257285,0.7741897485600887,-0.4371532160758206,0.12488965067276642,0.21224726914514258,0.5945505897257224,-0.059266086123670556,0.6593566672059055,-0.25260119853943785,-0.7266784674493396,-0.24922653978559212,0.22135227074424235,0.6460160756492938,-0.4699095546892859,0.34682260647546426,0.26369656399873936,-0.3276298740876291,0.6149455380594274,-0.3203820014182261,0.7380704721631984,0.3075926594543411,-0.5501015115336588,-0.4804894981682656,-0.16733666734479208,-0.6737616164765956,-0.833713403363634,-0.5280023080768312,-0.4710753599383294,-0.34488142142437495,0.5553163559575676,0.2427484585455067
-0.3658783823865004,0.01212762444982442,0.08627681840387805,0.35739841140558315,0.29508976855366337,0.08884728857389082,0.22716663033296644,0.319433196182335,0.3781734230174196,0.22222367789443453,0.14716341355261092,0.6002813144923846,0.7682392505648827,0.4886381864754408,0.6625704692146446,-0.1279724079346936,0.544088339811241,0.40789897685879395,0.7520786911282604,0.6777934735235525,0.0,-0.43641559396057816,0.4026701636359966,0.3630484661892536,-0.30436482077538835,0.0974703631881522,-0.06281065232677856,0.3689065586982822,0.9164435346788715,0.570706711613236,-0.6655093675859753,-0.49256137303309655,-0.5153571228601596,0.5639673682426237,0.49530528797061546,-0.06474874493946561,0.6037765732314982,-0.48509691660889415,-0.4642426730179926,-0.33029801254076385,0.018944548645767143,-0.3748963509698707,-0.26935969473463883,-0.5499057803176014,-0.5835931087001105,0.014848705658335971,0.5557708167697525,0.37098530344264946,0.07225934215670332,0.12447728629176559,-0.2192113137172585,0.06925281398023443,0.2743177347220254,0.40185015918418576,0.1362985963829485,0.20417190364768104,0.32370930848993906,0.42275254156073366,0.5706676110119339,0.29630623719447957,0.5769118902444488,0.6575996222426358,0.861695925386405,0.7317164357187644,0.9195233291461782,0.7129402283361549,0.16285129362665873,0.76326690280436,0.8111919014911751,0.6264479593838553,0.9176856366586951,0.13251676624551095,0.6631221698621661,-0.16633851232907976,0.4026612958381545,-0.06949402757913077,0.9267765660886779,0.3896015540511933,-0.6051580612310279,-0.311185372973253,0.24630746205087645,0.26478519528883315,-0.3230014416891548,0.555542434800911,0.5412918964604495,0.13797766189495406,0.528589442454923,0.18519556368960569,0.08350477351863206,-0.11182872638655593,-0.36896670482770816,-0.13376325771617117,-0.29563508908917285,-0.5586088389057862,-0.3796259560957436,-0.2685427449919514,0.10819103687599725,0.2507182721580909,-0.04233687668945456,-0.05793412217962468
-0.19454087309442458,-0.7604751500347585,-0.7365665221773992,-0.880116208090801,-0.9052558494102164,-0.639525223620087,-0.7845236575603407,-0.8647959558600233,-0.8627414296775936,0.29911835152651417,0.18920949053237668,-0.20609969680766127,-0.24148240184265776,0.4358084442577816,0.19506305145942138,-0.29268767754580216,0.24057765073188772,-0.7364022828595643,-0.24409297431414168,-0.7910925559477071,-0.43641559396057816,0.0,0.537701246228599,0.1728432710487285,0.568979022145364,0.38967151290239693,0.6176096453774618,0.585518249906334,-0.5456622015509055,0.33215814072148614,0.7154400491893055,0.5225888395005662,0.7470966280764318,-0.31308348183989837,-0.2252773562973533,-0.6501782702583399,-0.6441148892766693,0.8489648165347735,0.6659092587874681,-0.014864386062658795,-0.577380851095278,0.7369258727927681,0.7598022387200337,0.9213327776429001,0.7072010997770167,0.7284056498987956,-0.43262134890924797,0.30157471833782207,-0.6956301875242145,-0.6875851843619532,-0.2569588156239426,-0.7837836810470186,-0.8828739329330998,-0.9207543264526306,-0.7759766524441778,-0.7416138570146282,-0.9057508212238179,-0.9157692592393771,-0.5683429000132386,-0.5228249546854541,-0.5588315602036589,-0.1670514418247179,-0.20730109958532397,-0.014709405528916851,-0.5630244193249605,0.06703631272082475,-0.8882218993906811,-0.6088791542006536,-0.6456492733709179,-0.8472764153764456,-0.6077146865758621,0.611757512370008,0.12917555503083814,-0.5465409223394558,-0.5712655233572729,0.2147801626109851,-0.34710282719413416,0.6039536757800609,0.7714722238368105,0.0114647448277888,0.07029824651326814,-0.7231899741265018,0.6511378818595577,-0.06295475031192978,0.048819936706389844,0.5445545795986293,-0.46206132642379394,0.7262880357075004,-0.6584954739007663,-0.6754827817793548,0.3691685978666315,0.21015764479039004,-0.2053901308791571,0.6455613578272271,0.8122527437840998,0.7688327437887099,0.6973565120551748,0.5742473103488842,-0.5883032153115582,-0.48936513529404924
-0.4113275202080982,-0.6658202991991424,-0.6715940429987758,-0.519402928013584,-0.623206383755802,-0.5820915988732132,-0.5738994637155377,-0.5770657661774867,-0.5407609312536105,0.22901610302762251,0.08299070807543739,0.14238543359517547,0.29975864469683694,0.849072500415324,0.8750733472117043,-0.32120521438994054,0.4757249731996904,-0.30655877259435715,0.3532668079067735,-0.13992288924331003,0.4026701636359966,0.537701246228599,0.0,0.30835754080811284,0.09699810393522607,0.31539218668552127,0.6764659349905352,0.9110259589691319,0.15145466681991862,0.9418219206269106,0.09106189721079726,0.12845759360180492,0.3191227026788663,0.1988871434086375,0.25799265638568153,-0.6322136771120909,-0.2319842349134065,0.28480670709452116,0.11694207585220492,-0.4113206838830237,-0.5654515301415778,0.1492782324607122,0.41066975062531436,0.36128142740624963,0.22239032237043688,0.8284713126253445,0.167102307320673,0.8072227283592113,-0.5743145100832536,-0.6194803820023921,-0.25416323063375856,-0.6688144335282848,-0.5530812311558051,-0.5137209428370122,-0.6644910781268228,-0.5764049135511748,-0.5833796593630223,-0.5598192065455028,-0.22469626212227198,-0.33657667317201406,-0.10552398131264878,0.2954247528404873,0.5570014275993137,0.7227546222587827,0.27903736000782015,0.8228641688122554,-0.699227735756817,0.03769692316517816,0.03858276937354221,-0.2210079396419353,0.29326477980917437,0.694074432305645,0.786324778160449,-0.6981996588918304,-0.27325068422080834,0.004433017972615357,0.3746310059333475,0.9476627631461122,0.21092696393299737,-0.20537116775750328,0.3344294101684147,-0.32434362167159286,0.31582210544924766,0.4618903520037356,0.6292574784646449,0.7730202973354047,-0.16967405743654027,0.8602804628683617,-0.5070801876972358,-0.7494981952442695,0.15676433911805093,-0.04279237863075521,-0.5050975163396819,0.09287468833496487,0.34566656465554696,0.41405010375031576,0.8628301737113042,0.8945072592446544,-0.5839127247061673,-0.6361304680604221
-0.39051301129248955,-0.24919020414561868,-0.15596802404832183,-0.09155494616478173,-0.08601326590919062,-0.11807201739550795,-0.09432819850282811,-0.08574860815942777,-0.049140724397619934,0.49395704523614203,0.6698989309549503,0.6545733030715428,0.3284113190398561,0.399333928183576,0.27570732637517176,-0.13558468825848327,0.5872361573697518,0.11793118088126596,0.2952896494285277,0.16945942242024617,0.3630484661892536,0.1728432710487285,0.30835754080811284,0.0,0.2881323508991055,0.6855649541715583,0.14825401162970978,0.44288657103569423,0.49915567777980996,0.348914200192262,-0.2009330632030167,-0.3838939202220469,0.13668798820650738,0.41535460813661657,0.3587874404709223,-0.01726695958735825,0.4915037048261608,-0.026936834665640855,0.23363249264217928,0.39775703157275966,0.20306299067602057,0.3892385823045327,0.4916999595627266,0.10023260192791061,-0.03442282521042616,0.17883616354201942,0.16892803187692257,0.21486100409229608,-0.11569746980901753,0.14260249289301286,-0.43399308811046317,-0.2552667144030871,-0.20657175948937836,-0.08143326467895193,-0.18496533947436675,-0.10112254443927463,-0.13884650424683212,-0.05537747847092181,0.20672953636778962,0.08371918838487093,0.18679187278451634,0.10585945251406173,0.1699516734863593,0.05235602338816259,0.2212919926395418,0.1699544588854398,-0.23239558610437414,0.07153466698005424,0.1769034463219703,0.011931845782593112,0.1331517012971315,0.18345590985497823,0.1319860368890576,-0.292629798746692,0.08690510562990417,0.21575978103559304,0.5141514382934497,0.3239160907786353,-0.19428510302934232,-0.49455946547963997,0.20196795016501687,-0.019756052000297883,0.0057979828079789955,0.19661033281324317,0.07061741522188263,-0.03161368669865534,0.5312149798314061,0.38623343111216524,0.016898934705982433,-0.12628161611069758,-0.31412623058092687,-0.15121446425720642,-0.20769314299365804,-0.1962837664692535,0.044487282553867066,0.1800615389003752,0.1389945778909096,0.06501066514820925,-0.15814076832125865,0.10841498907812577
0.23439742334773406,-0.27200074224515913,-0.08217310693662852,-0.3382646104065575,-0.4276843700092652,0.06684531619829114,-0.16653364582120056,-0.2239122073011369,-0.21096349970634484,0.721867516718601,0.6864748433799678,0.2944039132991956,0.15334167841980678,0.07232255775521726,-0.10815833727646322,0.16737205110319836,0.3721767494048468,-0.2429458576394906,-0.07443278399189725,-0.38919351363931465,-0.30436482077538835,0.568979022145364,0.09699810393522607,0.2881323508991055,0.0,0.5749572758940941,0.1528652636019097,0.2367707520881438,-0.2264183175859501,-0.07236590059143533,0.3492100117242273,0.446405143193966,0.5639299556144868,-0.15268266866754857,-0.15101537797202527,-0.2005998673092703,-0.2283396574248849,0.590377384393445,0.4939455435237674,0.22015834435219941,-0.20357615347998362,0.7901364842025064,0.6283188122894034,0.5993270072020377,0.33125680671205926,0.16113996741063977,-0.436906716692633,-0.045358418453767986,-0.07442769187446183,-0.3042625077223941,-0.04266724534990389,-0.17767211438844938,-0.44974016580311466,-0.42062871682946334,-0.12941869885370788,-0.04158481450462043,-0.3263275787789315,-0.3087525209215099,0.11756132529508195,0.2901476882693993,0.12538902599404272,0.13423940336754814,-0.2468648215425269,-0.17649850180098095,-0.5049254654429386,-0.21340454689566077,-0.34379447967536664,-0.2717462530857956,-0.35064213000301264,-0.45512219081747335,-0.5223504429896066,0.24776499753470785,-0.10325067051846916,-0.05083020397905396,0.1396747669717849,0.7388434101961839,-0.10978357767887664,0.23928456605617118,0.43525802202028363,-0.06929406371594309,0.23070857170746925,-0.5607776147029194,0.4001649243132447,0.03401799869621515,-0.005403586864087639,0.04396352966172173,-0.056408996514592566,0.47373764487984726,-0.1965671041313602,-0.3021725461794374,-0.13286891153043326,0.34596798202833307,0.0999851740009916,0.5766820842121071,0.5578390812969712,0.6841535412743881,0.17851687392495263,-0.028001490097986415,0.041802759439798574,-0.17571249762975147
-0.19861915599162616,-0.24654654480727012,-0.2893937389252953,-0.1574933560163091,-0.16805925593913348,-0.22632212919365183,-0.22165452995640694,-0.16099638198045427,-0.20245912260994034,0.3517073353909087,0.6247062625619407,0.5547552260979164,0.1812705328582743,0.45940131131214695,0.17609518254444279,-0.11039287642054484,0.4604604070072502,-0.04038568068865806,0.22509954506375182,-0.09479390404889361,0.0974703631881522,0.38967151290239693,0.31539218668552127,0.6855649541715583,0.5749572758940941,0.0,0.3060800658085038,0.5857868816736086,0.2065439189894743,0.3502813705000169,-0.12924452581926213,-0.07280145952414102,0.23806926929374364,0.3369076011166075,0.5846948074754896,-0.24366555580491606,0.20416331444558664,0.13685223721404755,0.12456827654618166,0.14025305660168216,-0.0776890341105068,0.625125467693371,0.6391268503062999,0.31438663306251396,0.2074292351306931,0.35613114383448685,0.31087961325549673,0.2967487071571665,-0.2644855796991293,-0.2778163468649746,-0.05642816933299606,-0.28560642115480545,-0.25718662569141254,-0.13135984954635443,-0.3210145849866364,-0.24524249644711765,-0.20419541740601183,-0.24057525738642582,0.1751919053090594,0.084084613512925,0.13248602149594185,-0.018012848505589218,0.0699832762108329,-0.05031731038348851,0.03223786933833494,0.09741803924704186,-0.2867213608130424,-0.07064515867678807,-0.024711920690310224,-0.1792027742851155,-0.09671587680590416,0.4403624235502938,0.18030335537972253,-0.43836024702976345,0.05622729467550931,0.601672880988018,0.21227957442881012,0.3591741841938208,-0.05340942430463692,-0.08112545911594857,0.1475727536499172,-0.0996106698940105,0.3746301666118201,0.4748176761510452,0.3422892139292613,0.23791833343174454,0.1991590002309376,0.5701775510535056,-0.2739224480040728,-0.32109380583612523,0.01397334464490322,0.08149471168114893,-0.30031765828134177,0.21043067141172128,0.2516423129349318,0.4861398982557312,0.33191467124876634,0.20626218274623576,-0.3281311278185628,-0.36499473570535373
-0.10560994850437934,-0.4933857900354822,-0.5691834173044238,-0.4596297076818262,-0.5889731979953255,-0.5437430323665717,-0.46252737338301636,-0.5409069108036879,-0.5533676835460702,-0.033570234869812164,-0.17983688989869615,-0.2188359745572146,-0.16659189290890095,0.4688774481437412,0.4126801276507352,-0.12997877757084905,0.13834009786669482,-0.3821757168960566,-0.029901920251215325,-0.2789563908518827,-0.06281065232677856,0.6176096453774618,0.6764659349905352,0.14825401162970978,0.1528652636019097,0.3060800658085038,0.0,0.6905941469410715,-0.2225275157830489,0.5287109829655341,0.32622416320957687,0.3576862643161525,0.5091972767025443,0.0316430423098864,0.2794858123698462,-0.3907121686903142,-0.47462811870845345,0.2466175420129448,0.12708944635673358,-0.1635823767677456,-0.3619758902270047,0.11788990970143609,0.5663207099108521,0.6352914663700914,0.705249626346366,0.808651146892754,0.16354716318405008,0.8039396893663583,-0.4370932972752443,-0.596311439219643,-0.05437363682931707,-0.5597608647695451,-0.5549874179442027,-0.5146127962498395,-0.6516948338691276,-0.5643270693751458,-0.5898779353382646,-0.6110090181694858,-0.6400758906679468,-0.5610646885626409,-0.40711500908928905,-0.23706850121590892,-0.03663366414712817,0.18439028053553908,-0.211286766203575,0.3261041905851499,-0.6743741027636008,-0.4158260022742261,-0.4604097424806122,-0.4709707775616322,-0.15300886781240913,0.36866172658461754,0.2590283033851437,-0.7237630217922209,-0.5360295069884529,-0.09001323563492271,-0.10988196826319122,0.5735387364783209,0.3601192102936929,-0.0816723075167074,-0.0906829107501235,-0.3249870320765019,0.4970225141555025,0.2606843356177137,0.43276738251451463,0.5033118112782065,-0.47372153851905946,0.6451441730582346,-0.3824390592853032,-0.7458927581342744,0.08250794470810742,-0.39327490529188736,-0.5728859508312139,0.15745182354384862,0.2732230917470923,0.6617729960583023,0.7722383291223526,0.6559821080000537,-0.4561280924683262,-0.6498408896511987
-0.45439839124713394,-0.6884564570910074,-0.7070932812501848,-0.5145204632229471,-0.5917986796417181,-0.6371188921397282,-0.6006333891444734,-0.566361385975633,-0.564495549009326,0.2591967842040982,0.17388618516101642,0.23331418329747694,0.2808026999002594,0.8698099214219438,0.7783374734889733,-0.40272769488271304,0.5226007676093188,-0.3339014069202009,0.3567509949361872,-0.18507124450356163,0.3689065586982822,0.585518249906334,0.9110259589691319,0.44288657103569423,0.2367707520881438,0.5857868816736086,0.6905941469410715,0.0,0.20548206897075424,0.8989194148285998,0.0861459638963561,0.07510295857727364,0.26550738566112814,0.25763462043635105,0.432544654505581,-0.6894815437993189,-0.1420356195665606,0.2602664263459838,0.07947589287004735,-0.4061505532928005,-0.5904271191085265,0.3352212690212902,0.5875372135482951,0.4612821918714896,0.306410949835331,0.8301424073632003,0.25730956617357714,0.7400107784171935,-0.6630650482384486,-0.685814678101976,-0.23054360641654262,-0.6998216302316569,-0.5733619401911851,-0.48688625579834627,-0.7186540900147202,-0.6221090430053245,-0.5774691728745694,-0.5764754909169441,-0.12986832841660864,-0.34176619267162767,-0.10271723302103848,0.242490789770778,0.5187607285675176,0.5785832490266721,0.2601860634958898,0.7191936904789763,-0.7101884110231312,0.022569050667467616,0.03175878175694117,-0.2760299031994333,0.20865412847693968,0.7835508119317365,0.7316486108901875,-0.8070357767248293,-0.2654377501034922,0.1798265018835222,0.3846434297671586,0.9139817526517194,0.20507020077098023,-0.12002498561821578,0.2895341712340364,-0.34016564301881347,0.4746161202038556,0.5715136470851855,0.6454842031160376,0.7544034662244348,-0.09963878635416691,0.9232317497395817,-0.609494400161941,-0.7888682875524454,0.177147827366937,0.0029468450850180265,-0.5962364295605329,0.2062496982040109,0.4549306775175744,0.5860375054822916,0.8650560062135525,0.8588757584290495,-0.6908143473121217,-0.722047644977583
-0.2822656744568744,0.19227629900841525,0.28965810627062993,0.5143202445574403,0.48753200162574434,0.2723462959468785,0.40458888956904704,0.4987974089988587,0.5458112628092423,0.2591160780860341,0.2880940151565875,0.6889557104189995,0.7204123036014181,0.2696637102470184,0.42460524919611403,-0.03372314373274353,0.4778797853724052,0.5466538150838347,0.6488566956333469,0.7691465323219012,0.9164435346788715,-0.5456622015509055,0.15145466681991862,0.49915567777980996,-0.2264183175859501,0.2065439189894743,-0.2225275157830489,0.20548206897075424,0.0,0.33651537233152506,-0.7195533950467083,-0.6438918267164958,-0.5599185197607208,0.6149145162175925,0.5321571302415737,0.17363514877267172,0.8387460481898867,-0.6061704202972779,-0.48278237093222326,-0.10704419956350014,0.2314186694933696,-0.2897462318062452,-0.20647510910249076,-0.5941853988206169,-0.6015993067716365,-0.2165994539139259,0.5347982359115357,0.16850320251623005,0.25719921670693435,0.3389637136394514,-0.21673658290595976,0.25174077967924585,0.39788604131622574,0.5546238144006478,0.3130571192216996,0.38678429564964134,0.490034715401236,0.5819771439627794,0.6890742793331016,0.4302490084905383,0.6572335924614036,0.5552905494274017,0.6864761033698195,0.470860807330357,0.8492074249644054,0.4658483023547189,0.3386604888211105,0.734150664337262,0.8177167170776533,0.6904577952290577,0.8183050611576784,-0.03301387572097101,0.4094627598923214,-0.02036449932095707,0.5295305058440267,0.03948249871033273,0.9430914053593352,0.15557542980655895,-0.6983149742829482,-0.40120643928198424,0.25100717113490095,0.36933173458925783,-0.36280103165787475,0.4831278946947935,0.3593649721507025,-0.1213973251837514,0.7675980188733964,0.03308266326423238,0.26797441294476987,0.08789582975157403,-0.5222655476681733,-0.20504451556560668,-0.22718950077513603,-0.5897135088566015,-0.4574380987902108,-0.29682435331477375,-0.14378006349105368,-0.04197651289183433,0.13958913454479707,0.14528736045607424
-0.5317481892924972,-0.5957079141151116,-0.6484218633225415,-0.38033385557676896,-0.4462296029216843,-0.58562753923712,-0.5219282282685455,-0.4618924266432143,-0.43676240337599026,0.1310166792619736,0.06209693887491879,0.26279639934360116,0.3863223841588292,0.9021551376006447,0.9265571129051462,-0.42077840719688386,0.47113242686907203,-0.20163692119217896,0.46379932380983135,0.0001821235779629199,0.570706711613236,0.33215814072148614,0.9418219206269106,0.348914200192262,-0.07236590059143533,0.3502813705000169,0.5287109829655341,0.8989194148285998,0.33651537233152506,0.0,-0.13190150853959282,-0.08245960723678832,0.08027991023466222,0.3101173395023667,0.4164331440678369,-0.6161402620209467,-0.03691071840218738,0.0955890205556868,-0.0433243529509615,-0.4811317648228309,-0.49072150596295655,0.03639121900734677,0.2635696393496627,0.13826884004385875,0.011356746154013669,0.7534715474306649,0.38256825020282087,0.7645403804527032,-0.5722640357129509,-0.5176352202155758,-0.23190763277841508,-0.6148060141871158,-0.3968776142122276,-0.32551087307416215,-0.6117501467189062,-0.5395785934718077,-0.4377117757407796,-0.42097725911850303,-0.03892325528456026,-0.2780938568744939,0.006569215297377101,0.3636841934776553,0.732541946001529,0.7887576068149614,0.5292954841626338,0.9098627493288275,-0.5507047522584015,0.2218917065268599,0.25468975777786057,-0.04299125333548782,0.49694583912781176,0.6995056374749693,0.8681340982558889,-0.6790935032160691,-0.18200872471966562,-0.028409803523766153,0.5171910716968363,0.893609193919802,-0.011283048479606069,-0.15411015444283307,0.3372704798066181,-0.12676837600515356,0.19529425835264855,0.5745516445063885,0.6841221683319689,0.7592296977514654,-0.04036386136211224,0.7726028905793043,-0.4979369232772516,-0.6174870909632157,0.20722647497050126,0.003025938001701678,-0.49953295069094233,-0.04066925357018622,0.22183834017615986,0.24025453187843543,0.7918658315620667,0.8777193663773804,-0.6342708297422733,-0.5883047244042106
0.14857798668559646,-0.47436518510606995,-0.43987989093433666,-0.7409315082922157,-0.7190558199738529,-0.40651428490171565,-0.5745920697615384,-0.6915769052212077,-0.6961259071184492,0.026692059813973237,-0.1678212995717212,-0.6733578535089318,-0.5689771651254069,-0.10348396262244029,-0.14502119547588108,-0.1351847038355429,-0.24372772690373792,-0.5633034935932762,-0.5771128545500385,-0.6909468789879675,-0.6655093675859753,0.7154400491893055,0.09106189721079726,-0.2009330632030167,0.3492100117242273,-0.12924452581926213,0.32622416320957687,0.0861459638963561,-0.7195533950467083,-0.13190150853959282,0.0,0.6940459260134442,0.6148935301852625,-0.4437124252129906,-0.6061563308457131,-0.33135358871739345,-0.7225423762304622,0.6898678774182578,0.49452616839310437,-0.05712797581037519,-0.5357914213411296,0.5256595150625034,0.5525965890861999,0.8259773869247139,0.7474990053804927,0.26752564261555856,-0.7516766180481528,-0.11208930049804183,-0.4666907589383635,-0.5216669423597388,0.0024991175522728636,-0.49252954515786607,-0.6761552262813132,-0.7772991329879102,-0.5000983854989524,-0.5196411402586758,-0.6921471480843938,-0.7244967847780965,-0.6562986146186596,-0.5961369040682543,-0.7642246015423939,-0.37507403577434745,-0.49103957827332834,-0.24185379626999845,-0.7326894405290411,-0.21307906756669368,-0.6640667840826597,-0.6777804868069676,-0.6805043789811421,-0.6953147417213237,-0.6719285181027684,0.29069271228512905,-0.16336390252830665,-0.33197614920428936,-0.6287110556142558,-0.04668866873237047,-0.5732236067812905,0.15576693097517985,0.9651831626221643,0.2969539174434536,0.0029929422520122897,-0.5910543984745402,0.6112483647540535,-0.45981071497868764,-0.34382733452390984,0.28836757508787103,-0.5062495613423074,0.2720227642794363,-0.3613432335935839,-0.4481381040138792,0.42693810148153555,0.11686471261775465,-0.17066403448749504,0.7144395116725405,0.6979856851099361,0.5091043865986076,0.23491581736368783,0.2263631941113047,-0.3082885949404618,-0.26191100795180045
0.5637496730594043,-0.13920310264052854,-0.22156810416550143,-0.3707609663772348,-0.5105303038072473,-0.1518552033546443,-0.24350000657398976,-0.3493644611797468,-0.36790732573240825,0.09748988580676908,-0.15335850099214035,-0.513713962611159,-0.33799454671645857,-0.14686017740370974,-0.1275639700862414,0.339098468720135,-0.14542863861724958,-0.2381774152367789,-0.2947312353215376,-0.40201322465398853,-0.49256137303309655,0.5225888395005662,0.12845759360180492,-0.3838939202220469,0.446405143193966,-0.07280145952414102,0.3576862643161525,0.07510295857727364,-0.6438918267164958,-0.08245960723678832,0.6940459260134442,0.0,0.6528941576606725,-0.18902818620084247,-0.3046507284867807,-0.1934216952016551,-0.7181141887005191,0.5528643169255073,0.21927687583485617,-0.17474486475041867,-0.4666374008386823,0.28691548712834725,0.3580134299406387,0.6067665693626613,0.6182401416546114,0.2273560799581563,-0.45917404104788506,0.17213285797208305,-0.1801471648978686,-0.5607620045036259,0.45838706049902544,-0.17070309161740244,-0.36927457634506655,-0.4590095103955749,-0.2507512882332472,-0.25861603979286674,-0.3899413560429619,-0.4531773623425917,-0.4258485551009794,-0.18754301666200576,-0.34261842077469545,-0.17286807840605414,-0.34585873667153044,-0.02911386940570957,-0.6128079377554109,-0.1252781936014221,-0.41777605581995036,-0.39388431241672395,-0.4939068454871233,-0.39585467738998115,-0.45104191797685994,0.2424252928616858,0.021166877968391874,-0.22998404284888008,-0.20277602036912817,0.2985556916952167,-0.5076047589252579,0.1580164619915123,0.7481198814999355,0.48664115574860134,0.15849497872216814,-0.37063299900936797,0.6156885173426426,-0.006754566526916727,0.14550181406484874,0.38268235222652836,-0.5627981681642762,0.31713775136700156,-0.15428180519028853,-0.42016674649332725,0.330585875607357,0.15836275599706365,-0.14595169165015234,0.686666817818196,0.4069793242982799,0.5109256894767871,0.260190803219502,0.2348672647683857,-0.07570057235147713,-0.4611547885422618
0.3110137153394179,-0.312239147618524,-0.35384467934210373,-0.5421133536567837,-0.664534578311754,-0.2371782287282148,-0.3717358958024597,-0.5373994021951347,-0.5085521924773808,0.33242691840651034,0.2691792751422558,-0.21715741896545396,-0.3137695806651377,0.025163415106684704,-0.019961834915045974,0.2945098953690144,0.03614041777635674,-0.32539774548895545,-0.40751347296891904,-0.45880842442430037,-0.5153571228601596,0.7470966280764318,0.3191227026788663,0.13668798820650738,0.5639299556144868,0.23806926929374364,0.5091972767025443,0.26550738566112814,-0.5599185197607208,0.08027991023466222,0.6148935301852625,0.6528941576606725,0.0,-0.1340242415972963,-0.27047012318994973,-0.08403373009115109,-0.49944118632726925,0.6478483506004197,0.6396537983791187,0.3368919692472508,-0.16394764928426916,0.48924435624865165,0.6565374458886712,0.7488332654326332,0.6617324505218641,0.42509798524094866,-0.5026504462681685,0.2929721885353402,-0.18639680463829705,-0.32691588448945386,0.04445306520219674,-0.38108035567509463,-0.6255357284055195,-0.6620078239395073,-0.4082923954926875,-0.36459557326475606,-0.6241906031153738,-0.6326080849569352,-0.5617694433088066,-0.22950196926691024,-0.36299332743814405,-0.28412047393689804,-0.4480255610567229,-0.12313313372863172,-0.6796314728139247,-0.13345073259907,-0.6084144639386566,-0.63783794996615,-0.6669948688016215,-0.6028284038652336,-0.5892775415604402,0.2174269431404699,-0.12881341339385438,-0.2558277704731303,-0.28990510296861716,0.2879005516885909,-0.36974463801469215,0.3087743578435108,0.6491483236465643,-0.15423683350336653,0.2891037226024611,-0.40341300374007605,0.4586681048579463,-0.11579557141963849,-0.021868377516539056,0.27332151678502925,-0.29340498475443544,0.49450924248043876,-0.08107419760761982,-0.36473538966321206,0.12475327890602735,-0.08651687469601375,-0.05294202273597498,0.4703818570870761,0.420131338372807,0.589448968079792,0.3735028696810096,0.22106342889771427,-0.08891302910147326,-0.20447154777774057
0.12966653080533308,0.34636941542781025,0.10189769052587473,0.4469560838669503,0.3413264008838034,0.034622339615017005,0.3016422838298871,0.38854270547333214,0.3230508923497834,-0.06069977205262484,0.1339915738263515,0.3553089307359443,0.24619329551533503,0.17295591966801527,0.18663731721674764,0.3520282622452892,0.3342218189930268,0.7502872908362113,0.6323481606052842,0.6361435746881603,0.5639673682426237,-0.31308348183989837,0.1988871434086375,0.41535460813661657,-0.15268266866754857,0.3369076011166075,0.0316430423098864,0.25763462043635105,0.6149145162175925,0.3101173395023667,-0.4437124252129906,-0.18902818620084247,-0.1340242415972963,0.0,0.7263353940787514,0.2892874265748192,0.6491264667059844,-0.5708423950633863,-0.6067462954187547,-0.12251145304625036,0.1195039695107677,-0.24000386180135014,0.10507234113639269,-0.324713750599732,-0.14347466145560703,-0.17376603749259603,0.5336461772715119,0.3571475335302754,0.14177193900005397,0.04289684309622937,0.36119407580406127,0.24404962503177413,0.3988560503541114,0.4639298481199153,0.08467096371011071,0.11412961441867303,0.39320240161577025,0.32454809723748174,0.2768253484193559,0.22604637912867367,0.37291047202846567,0.0897037185919623,0.3411007159643393,0.3189468905580034,0.5095968282302783,0.2715848283199305,0.20044382010295456,0.5921583483931361,0.6622727323190333,0.70444706827646,0.5648795421948235,0.2098487748774154,0.4438685960978067,-0.2991838683380651,0.4594004301484145,0.30604224816969505,0.5307818384241171,0.12713842676079115,-0.36293741657311684,-0.022448419288385688,0.5024144209183399,0.6658793104986428,0.1920059289362757,0.7062818399270683,0.5927797100734253,0.24757940103621118,0.6349865631562718,0.1932149706242471,0.36916559377156877,0.034225144359059705,-0.13757623570683666,-0.32152648161638575,-0.5153671038835677,-0.16087326360144608,-0.4160421920223655,-0.15213481122583533,-0.05904421332550448,0.06903316867332016,0.035881509086043914,-0.17335603668145888
-0.0839864842025272,0.23069029510219666,-0.01625734034929516,0.424183636098632,0.36168771392368904,-0.07841472935170625,0.19986847852167366,0.3216727126566061,0.23716667694205604,-0.20061573455851023,0.031092497012300706,0.4040556023047036,0.21299803399860262,0.3507969150929979,0.24893922499832358,0.08614074415341937,0.2465154735132487,0.43945383116630216,0.5414673804218599,0.4685494477922182,0.49530528797061546,-0.2252773562973533,0.25799265638568153,0.3587874404709223,-0.15101537797202527,0.5846948074754896,0.2794858123698462,0.432544654505581,0.5321571302415737,0.4164331440678369,-0.6061563308457131,-0.3046507284867807,-0.27047012318994973,0.7263353940787514,0.0,0.05217991309478191,0.47547929367456615,-0.560436329084413,-0.5982004605977649,-0.1666417002971636,0.10737627044840431,-0.2067158948517018,0.08396778877493832,-0.2731289417185215,-0.06698464911840649,0.1598438550185127,0.8913129850141945,0.5441773150083391,0.018546167856692167,-0.08652277421597528,0.28297083726089217,0.13020868124092932,0.3490664191117925,0.47419122390528096,-0.029919276817651004,0.012326008273770603,0.32834417110787295,0.23987739063218264,0.23855403430711747,0.10843945485522918,0.3307820636487202,-0.01308361295532657,0.35049107579972616,0.2004419094886973,0.5246939505395553,0.3045365464258663,0.1882841576320652,0.39774114220021295,0.4281184553060264,0.4440695309753577,0.4822327468276811,0.20652658518174785,0.37855280098328975,-0.3786853127085201,0.2561082268774135,0.24944755075372535,0.402383626760912,0.15397410107686296,-0.5464544456427574,0.04816729201549268,0.06638386729789665,0.514240441227527,0.1440454001512334,0.8056279197620784,0.70582929176353,0.2351252536886338,0.2985203745295533,0.23483265741202372,0.05123165890854806,-0.09971549907081637,-0.07559273484483675,-0.29165743818852247,-0.48493511899580855,-0.2614960816401457,-0.3819155985067223,0.025047188979859563,0.19531255936248568,0.20593183449241975,-0.16201114271276332,-0.3953660122174039
0.615659968042276,0.8710875055681375,0.8085275741559869,0.758583234859966,0.7245316520427788,0.7490169655643849,0.8248708652862812,0.7588189443959253,0.7627354069121189,-0.16519841457270126,0.03384720410635354,0.024506770353012935,-0.14696869169214727,-0.7783309094430466,-0.5384621850804817,0.7370332784548415,-0.3899702548142891,0.7594976901816075,-0.1984420305733437,0.6488566670240586,-0.06474874493946561,-0.6501782702583399,-0.6322136771120909,-0.01726695958735825,-0.2005998673092703,-0.24366555580491606,-0.3907121686903142,-0.6894815437993189,0.17363514877267172,-0.6161402620209467,-0.33135358871739345,-0.1934216952016551,-0.08403373009115109,0.2892874265748192,0.05217991309478191,0.0,0.49561676246498454,-0.6101846047079392,-0.30203691953423667,0.5553767732311861,0.7591861218062488,-0.4509504252260858,-0.33763291886578795,-0.5021988850724601,-0.23537213384643546,-0.7498625980765452,0.04235110491732424,-0.28730512400435465,0.8884728214056725,0.7524998280842313,0.3576195897395361,0.8280096896379583,0.6695056036938458,0.6889798601964787,0.7635936180666798,0.7543057766040384,0.7233267150421242,0.710742458167572,0.15703810511082206,0.46249688525875354,0.3257710243724111,-0.27792393381648367,-0.41702048549987275,-0.40503177906850385,-0.05169766162902976,-0.4967081497461639,0.7140436080643904,0.08295848557354488,0.1333940947500496,0.5578718170660829,0.0840196452604244,-0.794782309393331,-0.5780419466867429,0.5721469196199133,0.46141613250467917,-0.025607821395115807,0.00816120210067069,-0.7533535329010409,-0.43929690578818104,-0.23278052173850236,0.058303803686710946,0.6204396119381765,-0.4354057235347427,-0.18165350628163432,-0.3024805348983358,-0.7009128130674405,0.44802142285821006,-0.6697535473484845,0.9632748905337453,0.6647289094399994,-0.4970901431796965,-0.5101415097321939,0.22095642217578304,-0.444090113932016,-0.7606203076150199,-0.4973331093537753,-0.79699928876163,-0.809143920670339,0.8487300170570952,0.6055521379436927
-0.10745900073412346,0.4677979969414489,0.4616809946280432,0.6583823136764734,0.675282712334015,0.3982171883566625,0.5546924812311765,0.6522854342887852,0.6546007831775227,0.11987026185893274,0.34295406046324806,0.6360141063911836,0.4640758239087425,-0.0721494399293285,-0.028058232251390595,0.16499107114389214,0.2917376380172077,0.6937852167072588,0.472734103477076,0.7247156954226996,0.6037765732314982,-0.6441148892766693,-0.2319842349134065,0.4915037048261608,-0.2283396574248849,0.20416331444558664,-0.47462811870845345,-0.1420356195665606,0.8387460481898867,-0.03691071840218738,-0.7225423762304622,-0.7181141887005191,-0.49944118632726925,0.6491264667059844,0.47547929367456615,0.49561676246498454,0.0,-0.665897673349184,-0.436157129436488,0.2134244197359668,0.5366524342361558,-0.24432651263564104,-0.21356503700623458,-0.6494997050711293,-0.5922970381572782,-0.5228603321105876,0.4476570891502737,-0.14611746896700903,0.43714443288378385,0.6121311906710428,-0.0857837381899304,0.4674216735796486,0.574335768876214,0.6903174617421458,0.47372820947852967,0.4986873430018693,0.645656451539514,0.6874206952619659,0.6635808459077972,0.5291880559744571,0.6336073953220805,0.2759463096617583,0.3247128411387828,0.06411110519677751,0.6112208135552786,0.022564199452244218,0.5658602024792768,0.6360411547279013,0.7388374439202005,0.7276856293261404,0.5468668052505933,-0.23129609161777095,0.03370689579538487,0.24032738448575525,0.640650778638806,0.1541044995925226,0.689245823669818,-0.22449866870320526,-0.7289638491478192,-0.38415769167493186,0.26708303860066984,0.6189610596445452,-0.3722550651690292,0.3254704298230047,0.09013227699159392,-0.36893068133131707,0.9394498482747807,-0.2464780101030725,0.5115213376530692,0.4880936615651726,-0.49048526490309985,-0.21663258711531358,-0.008273106456915732,-0.5272920396761457,-0.5594058996073944,-0.4420422104004815,-0.4706488573491418,-0.4063111875006393,0.33226110193719366,0.4446941709359038
-0.16496758140148524,-0.6952815883594071,-0.5744108424310382,-0.8271696070495201,-0.8285961227909996,-0.44412497795831585,-0.689609794537112,-0.768309721798651,-0.7193233599586254,0.4465951789769573,0.2691500900373008,-0.15201948106086685,-0.097038806097784,0.25888415573484247,0.04830753656689251,-0.28258371600725085,0.23782892216324214,-0.7890132445954046,-0.2944184358170479,-0.8330866910932625,-0.48509691660889415,0.8489648165347735,0.28480670709452116,-0.026936834665640855,0.590377384393445,0.13685223721404755,0.2466175420129448,0.2602664263459838,-0.6061704202972779,0.0955890205556868,0.6898678774182578,0.5528643169255073,0.6478483506004197,-0.5708423950633863,-0.560436329084413,-0.6101846047079392,-0.665897673349184,0.0,0.8099551653668724,0.044303432895590834,-0.46719191829462303,0.7280192029267478,0.4570616702085471,0.7443448713951221,0.41637056153162777,0.49193173646097604,-0.6414933499892834,-0.015605994774496848,-0.5618560104245914,-0.4713920566340168,-0.34046461939892597,-0.6635207716517065,-0.8118695711147359,-0.8756694630437523,-0.5598843493425985,-0.5613716043829404,-0.8143927204677898,-0.7636499925753234,-0.3525452953552152,-0.28417685343224713,-0.40510200682624725,0.05625796194729908,-0.19347249260257748,-0.04301587066146998,-0.5899020612376978,-0.06272182956915177,-0.7189880533933194,-0.5284480886369387,-0.597081973910647,-0.829625596683476,-0.6451745870884168,0.43607907441374366,-0.001966448330894858,-0.18754981081017205,-0.4100175257907837,0.21503932918383956,-0.39341671859636534,0.43198157155099187,0.7388901977705143,0.043282214258973724,0.039197534571909845,-0.7874495344618031,0.405593995338973,-0.28011279232583336,-0.1636985074489089,0.34415422063601475,-0.4533629696820843,0.4877474139104443,-0.5998566135789817,-0.41961692988182797,0.3418845670188307,0.5043342191687503,0.1815561920788382,0.6267315473447467,0.7925435437869149,0.5765771343756481,0.4688886494661157,0.36662754083776605,-0.4178078573338896,-0.19152686164001084
-0.21204789990239234,-0.5418853499285451,-0.3401466025449267,-0.6716801604634772,-0.6260280008327175,-0.2043629087946517,-0.4802678593460781,-0.61282494628059,-0.5191107640513224,0.5119377325001027,0.42946483471281816,0.011982118430233732,-0.12789219551519584,0.11987067440898251,-0.03472203683791331,-0.20340335299696427,0.15572981557258195,-0.6822479015443303,-0.4462653464828518,-0.6682012078496792,-0.4642426730179926,0.6659092587874681,0.11694207585220492,0.23363249264217928,0.4939455435237674,0.12456827654618166,0.12708944635673358,0.07947589287004735,-0.48278237093222326,-0.0433243529509615,0.49452616839310437,0.21927687583485617,0.6396537983791187,-0.6067462954187547,-0.5982004605977649,-0.30203691953423667,-0.436157129436488,0.8099551653668724,0.0,0.512536992253146,-0.02205318801535268,0.6117355554296648,0.38201297977126386,0.572121107945128,0.2804428601340646,0.35667843770246305,-0.6264783489524895,-0.14745705234602724,-0.283922819539216,-0.034866294155958585,-0.53880781294825,-0.5105528461320187,-0.692222324592839,-0.7291409714005684,-0.3292244399096398,-0.319426831009785,-0.674777561393309,-0.5676108041618984,-0.3123109905695488,-0.19698845398082707,-0.3393138332316314,-0.08130413977317172,-0.33493921084334616,-0.22908434817270926,-0.558425213850496,-0.19959160550649227,-0.5249869737461517,-0.63652652910172,-0.6516135346368971,-0.7923802927240582,-0.632831531098098,0.06694849121085206,-0.30370978212109956,0.06825795406848849,-0.39257254454072515,0.009600493906126056,-0.31888857012564936,0.2078365051759804,0.4666854112913394,-0.3257246909854789,-0.11444496854453179,-0.6835991032031148,0.002723848570630277,-0.5426855868570301,-0.4815839986328243,-0.06094222558517324,-0.27454489229236123,0.22603821920890008,-0.33205705284031006,-0.13842810841563452,0.0717056690175965,0.2788159664621146,0.43162408875096325,0.2289048782312205,0.5489825376411781,0.3586402637356707,0.24730708050265962,0.06125320165257852,-0.16799816614644159,0.22093577631043554
0.1905851926333416,0.2886505428323263,0.37834470022445366,0.17531233563921444,0.19152082457465336,0.4119335412559141,0.3370873611119744,0.19956686210996624,0.25164789562337964,0.26598580639046576,0.43198702310156795,0.1927615180298819,-0.20690861864600976,-0.4254498214804397,-0.48439275904803725,0.37990775192684206,-0.06248236032177813,0.10771591577444874,-0.3713190304210875,0.04053674038896753,-0.33029801254076385,-0.014864386062658795,-0.4113206838830237,0.39775703157275966,0.22015834435219941,0.14025305660168216,-0.1635823767677456,-0.4061505532928005,-0.10704419956350014,-0.4811317648228309,-0.05712797581037519,-0.17474486475041867,0.3368919692472508,-0.12251145304625036,-0.1666417002971636,0.5553767732311861,0.2134244197359668,0.044303432895590834,0.512536992253146,0.0,0.7114586895231291,0.15543239018504565,0.08841818397023682,-0.011148149423538554,0.017003088340335412,-0.28279838767886883,-0.20970597050785578,-0.26610178114405775,0.4731899086924898,0.6435727519484769,-0.22258790484864083,0.26121202627048146,0.0683911289030313,0.08231931822507661,0.3314430961340733,0.3489658935344698,0.11718972089102017,0.18124832064872942,-0.07491013130561937,0.20547901785803488,0.03636700422338283,-0.38464473626061185,-0.6070911724431076,-0.6138564727413669,-0.4001986218939077,-0.6012434248258968,0.23005707698655692,-0.4108211538117974,-0.3721583749684891,-0.15837320885775855,-0.4097451673146655,-0.5962969036666049,-0.7334077813738616,0.4781178203036395,0.06462712445575541,0.026398695711066913,-0.19111777033452437,-0.4597993061497589,-0.17459766072030544,-0.500777124554648,-0.2028418880256425,0.03393798478355652,-0.35398991361757587,-0.45802791957264294,-0.5557835440830267,-0.6751751984360931,0.23748212440358238,-0.35288472678368193,0.485098265966857,0.4704320878525112,-0.4165323876836498,-0.23847433799255116,0.5192150370549081,-0.30072783555626403,-0.2637012710037224,-0.10983937298257575,-0.428631844651206,-0.6292621574369816,0.48462418682300445,0.6688012596545484
0.19134681560856184,0.6099000188967824,0.5814160004499067,0.6246148739165945,0.623233395875703,0.5386706647135613,0.6156506993356397,0.5973547774209578,0.6268520057188852,-0.028453172993639815,0.2098388777873483,0.3184083466320883,0.04056540540242867,-0.5026203611616794,-0.4593296220524437,0.3937800165542567,-0.1083131262656108,0.4652087846208547,-0.08284838171233054,0.45396542626945907,0.018944548645767143,-0.577380851095278,-0.5654515301415778,0.20306299067602057,-0.20357615347998362,-0.0776890341105068,-0.3619758902270047,-0.5904271191085265,0.2314186694933696,-0.49072150596295655,-0.5357914213411296,-0.4666374008386823,-0.16394764928426916,0.1195039695107677,0.10737627044840431,0.7591861218062488,0.5366524342361558,-0.46719191829462303,-0.02205318801535268,0.7114586895231291,0.0,-0.3754207481693102,-0.39734088636866133,-0.5268461774944616,-0.411556795404485,-0.5037667035404088,0.24168495649288188,-0.23873519015444933,0.68930004343654,0.9141682707273981,-0.009277033393258298,0.5600992154470468,0.5021409880197559,0.5814545600336317,0.5762571077439649,0.5704232658739533,0.5419526850751264,0.5992823429164301,0.2489207115111366,0.4640499184892174,0.40051419353307066,-0.15161973764070766,-0.2983329258500735,-0.46314016807173863,0.033998129706262814,-0.4753961340097669,0.6424958762145441,0.05935547125574008,0.08815283783150947,0.3463599333073499,0.03400574151465908,-0.7488339215651388,-0.6064226618948544,0.5888696587043617,0.39873474911816226,-0.08964436564002864,0.04615424547764798,-0.6479740927291724,-0.6487836232560564,-0.40899566687747063,-0.2168351004911036,0.5430554566802134,-0.6402539822615827,-0.19220798455911187,-0.3279212962605249,-0.7622208523675734,0.42435520733427373,-0.6358876997206934,0.6767770856733357,0.7726258308118782,-0.5035559637734977,-0.3059696984203538,0.46229023834543775,-0.630826708045599,-0.6649555281024941,-0.4373897238337448,-0.5776870502178161,-0.7126258949880391,0.5940827033298919,0.783677776950269
-0.1758426040682967,-0.541792304333542,-0.40683494978440565,-0.6363422131223496,-0.5716306309298961,-0.303645798625875,-0.5269112944125297,-0.5450962648860364,-0.5438406236263423,0.5137745688120376,0.5853473001228023,0.1582098502538863,-0.05715473341809453,0.24315788907040184,-0.0469981666509813,-0.272615263492089,0.310185195873363,-0.49635428868527653,-0.1893994152778436,-0.6242651939054621,-0.3748963509698707,0.7369258727927681,0.1492782324607122,0.3892385823045327,0.7901364842025064,0.625125467693371,0.11788990970143609,0.3352212690212902,-0.2897462318062452,0.03639121900734677,0.5256595150625034,0.28691548712834725,0.48924435624865165,-0.24000386180135014,-0.2067158948517018,-0.4509504252260858,-0.24432651263564104,0.7280192029267478,0.6117355554296648,0.15543239018504565,-0.3754207481693102,0.0,0.737504408515248,0.6972720706736384,0.41173865365659773,0.2859635067754666,-0.4692073921208144,-0.16960190404254724,-0.46818935377215715,-0.40916862116277597,-0.27438579716970585,-0.5077489954191171,-0.6377425576278533,-0.6350108326003909,-0.4351943632749862,-0.40575088182619906,-0.5809928367586762,-0.5740988486682275,-0.05416046126217175,-0.11442672263998194,-0.25682170161933593,-0.0414074031845051,-0.23347287633512262,-0.2427648341152006,-0.4658884074462433,-0.16643922557708213,-0.5704375160220713,-0.4234128676482164,-0.399614289497908,-0.633987864506791,-0.59004506601288,0.4768099895344815,-0.05886453381956803,-0.2740432909195848,-0.22857484535737205,0.5126209408378374,-0.17272396281922053,0.3195786991464305,0.5651991200881393,0.04521377486784953,0.11724976290765249,-0.6216602319557537,0.5110675654444624,-0.12225106706137723,-0.1854091809058789,0.19930737747095092,-0.0631456702808873,0.5069620154812152,-0.48610429560117135,-0.37975159988283547,0.22268106374270522,0.4338551530934745,-0.028422691518929198,0.6501002746378473,0.75510205690287,0.5998265874584309,0.25251837563495133,0.13984675292755983,-0.3640882654898789,-0.20696223931950897
-0.026241088526856412,-0.5062431786575526,-0.4792465765908715,-0.5798520574396033,-0.6288934223252602,-0.4266070646025532,-0.4841828748525955,-0.5476792969794663,-0.5874029654436114,0.3394498681860445,0.3091837050178998,-0.025084994202206643,-0.2078102840080341,0.30632238465283446,0.10754676939045699,-0.08847015215034425,0.23689945958072328,-0.3194854894614729,-0.12275391358845222,-0.4397413633032446,-0.26935969473463883,0.7598022387200337,0.41066975062531436,0.4916999595627266,0.6283188122894034,0.6391268503062999,0.5663207099108521,0.5875372135482951,-0.20647510910249076,0.2635696393496627,0.5525965890861999,0.3580134299406387,0.6565374458886712,0.10507234113639269,0.08396778877493832,-0.33763291886578795,-0.21356503700623458,0.4570616702085471,0.38201297977126386,0.08841818397023682,-0.39734088636866133,0.737504408515248,0.0,0.8318004093741931,0.7580328020830661,0.47687690300181296,-0.25191979032666184,0.26727780637928805,-0.462860715159091,-0.5524922164690268,-0.08435639738329974,-0.5310789968726264,-0.6267952925513023,-0.616741029513088,-0.5789968685852899,-0.4940214801852118,-0.5967827128962084,-0.6395215366111555,-0.3492100954544147,-0.3437454888488902,-0.3674030591521745,-0.25102864315242096,-0.24518544166658815,-0.12010557670210466,-0.42577383887692494,-0.0035616447844428684,-0.678336414121883,-0.4420015735219359,-0.4151138416427146,-0.5368510015833874,-0.4571921530432957,0.5320506385552835,0.07595100409826769,-0.5903701372191563,-0.32556711216953477,0.4029301710399391,-0.09052429221294238,0.47235218848823596,0.6129008969740855,-0.0387166974584957,0.23396919185478535,-0.42705764445803146,0.7352333869456859,0.11818034334045098,0.09371785857104262,0.36743182339661373,-0.06188162419460851,0.6987457468961656,-0.3646614791423216,-0.5786815917191799,0.11514658684262456,-0.07579168032469631,-0.42959133169860336,0.5786076135316192,0.6315507019045459,0.7706532476397284,0.46832576155080435,0.3376224300348291,-0.39432540014613116,-0.4599713550261288
-0.006324880584043511,-0.6570843551032347,-0.6171957730557659,-0.804087013531011,-0.8542310923006067,-0.5513832059696575,-0.675255938158074,-0.7736086919408763,-0.7904579463050415,0.24654085374584872,0.07877763315995591,-0.3489753125007486,-0.35679961641011565,0.21649377828637967,0.019293469562400155,-0.19169246720691024,0.08461698586455853,-0.667457502100445,-0.36968019445823963,-0.7523751710616039,-0.5499057803176014,0.9213327776429001,0.36128142740624963,0.10023260192791061,0.5993270072020377,0.31438663306251396,0.6352914663700914,0.4612821918714896,-0.5941853988206169,0.13826884004385875,0.8259773869247139,0.6067665693626613,0.7488332654326332,-0.324713750599732,-0.2731289417185215,-0.5021988850724601,-0.6494997050711293,0.7443448713951221,0.572121107945128,-0.011148149423538554,-0.5268461774944616,0.6972720706736384,0.8318004093741931,0.0,0.843676329273511,0.5986013628237432,-0.5056699772089708,0.20339450908354428,-0.5918790318891921,-0.6530368672527743,-0.1320353663031992,-0.672220439827166,-0.8361967153017225,-0.8639782322431545,-0.6969692179526006,-0.6494717199652716,-0.8276490139605095,-0.8486927383131198,-0.6014633643064536,-0.5214318110127859,-0.5944250075605807,-0.2693981901884351,-0.37534607035171236,-0.17131645562178185,-0.694023776370993,-0.10052414619776692,-0.8280363138473842,-0.6650588536173566,-0.7144562662135168,-0.8341859201923265,-0.7012314550015093,0.48087185942295524,-0.03945929489420303,-0.5312647169261069,-0.5608594084392439,0.21461822889094512,-0.42611412198555954,0.4415284862886929,0.8595304344647298,0.0778517340669833,0.04339440666589878,-0.6872318286291561,0.7316629314524318,-0.1335480315904676,-0.049714538587697005,0.4048369073568722,-0.4688960275324439,0.6253296265778509,-0.5417381765541645,-0.6426421273860735,0.2790619954758674,0.07360703761765158,-0.27267766815724287,0.7157628098708461,0.8088756007692812,0.8619356393939398,0.5759929240060958,0.4265037027055508,-0.4676963830607469,-0.4577986731568993
0.21552599397269478,-0.32327042888771956,-0.40252430483639656,-0.5341075752703073,-0.5726652401726049,-0.4049583959884506,-0.4206813394400457,-0.5397281942863471,-0.6041460774477535,-0.11930168770245546,-0.23598759663944788,-0.5743407683121254,-0.6332676190998477,0.018089066971673666,-0.1179719425311746,0.030009167646153613,-0.2257865819570919,-0.4068372260500139,-0.4233015720178853,-0.538579597489376,-0.5835931087001105,0.7072010997770167,0.22239032237043688,-0.03442282521042616,0.33125680671205926,0.2074292351306931,0.705249626346366,0.306410949835331,-0.6015993067716365,0.011356746154013669,0.7474990053804927,0.6182401416546114,0.6617324505218641,-0.14347466145560703,-0.06698464911840649,-0.23537213384643546,-0.5922970381572782,0.41637056153162777,0.2804428601340646,0.017003088340335412,-0.411556795404485,0.41173865365659773,0.7580328020830661,0.843676329273511,0.0,0.44910637547942645,-0.2807844317716067,0.26879794499982484,-0.37681005997798184,-0.6085727869194281,0.16878576278549753,-0.4006474824682483,-0.5150750196163038,-0.5892607223681342,-0.5108841328747753,-0.4889326676373058,-0.5612524466922284,-0.6561954468957618,-0.7641448091148542,-0.6336934835924153,-0.7069992969278057,-0.6123921206298649,-0.5472919337915912,-0.2921077900988729,-0.6692692012201076,-0.19238776187904236,-0.591422524511839,-0.7018877131338906,-0.7187145183371998,-0.6249337351762165,-0.6167365955268748,0.2837343102686695,-0.14992170536693372,-0.5176446606766874,-0.6200840089810848,0.04123473777927024,-0.5419406038312617,0.19310071353444175,0.7447960298079107,0.24277345639786244,-0.13329112861416503,-0.39216258034169516,0.7469076968621656,-0.11716259839844954,-0.021165384481785857,0.3184161845828505,-0.504631397619533,0.3908296683473858,-0.30762327730277766,-0.5620470896649549,0.2848630304797037,-0.25716630273059315,-0.41370827591992576,0.559732223228623,0.477235890383484,0.6591581297443359,0.40210648164940993,0.2880522000533724,-0.31001989400481583,-0.5283670085663641
-0.46004358886565283,-0.7843877115955744,-0.8175952884096716,-0.6972426939040708,-0.7513551867815244,-0.7400885232759712,-0.756603203159097,-0.773344554519658,-0.7554235639330593,0.1024501436291261,-0.03131063207683415,-0.04261617909551879,0.01924926882730083,0.7542979125484687,0.6319440002451857,-0.4801301089040076,0.28529918934630594,-0.6689001201048255,0.026490405196614164,-0.5034654056411269,0.014848705658335971,0.7284056498987956,0.8284713126253445,0.17883616354201942,0.16113996741063977,0.35613114383448685,0.808651146892754,0.8301424073632003,-0.2165994539139259,0.7534715474306649,0.26752564261555856,0.2273560799581563,0.42509798524094866,-0.17376603749259603,0.1598438550185127,-0.7498625980765452,-0.5228603321105876,0.49193173646097604,0.35667843770246305,-0.28279838767886883,-0.5037667035404088,0.2859635067754666,0.47687690300181296,0.5986013628237432,0.44910637547942645,0.0,0.13060080659583417,0.7189651579929588,-0.7185932561915078,-0.6555883559344203,-0.28805193777734917,-0.8185733893503234,-0.7257310070180808,-0.6892077376436008,-0.8168132988603941,-0.7576604485182934,-0.7871806264497776,-0.7776692705545508,-0.445302882755666,-0.5357746732956392,-0.3536325268360142,0.03398912546565632,0.2547775156638576,0.3674052221087236,-0.04985039796587892,0.5406536579335399,-0.7946181611406845,-0.33606682221194417,-0.3735587347662429,-0.6162199321315416,-0.10156713654153267,0.6260269655231584,0.46996081648306315,-0.6870019060955549,-0.5469167148356131,-0.05741928187213174,-0.02535332954754052,0.7958390478894258,0.3381423280144043,-0.06891664098541068,-0.02367102273143269,-0.492637110738737,0.3813113921553006,0.26638048856121516,0.42939422808320576,0.6750779754137824,-0.5135421476021943,0.7741135490371882,-0.7309644864486745,-0.7283773844297838,0.32505568663125195,0.0532787855772994,-0.34594490834709407,0.21527603006550142,0.5296941871415825,0.6122063717457965,0.9634358154166642,0.8676980259174274,-0.7305614132629704,-0.6295579983284061
-0.22377162928836453,0.2453179505374657,0.020772851419201693,0.4958805504968711,0.46815048910013096,-0.0607749827010617,0.22878581342452783,0.3684159011003848,0.30471183226665915,-0.3577561834665934,-0.1700724629578541,0.34818944538620056,0.24324494364351554,0.32650321738024896,0.2725115836218688,-0.07071183196342341,0.1305489913414196,0.36200423358610484,0.5174848594788779,0.4855179272210974,0.5557708167697525,-0.43262134890924797,0.167102307320673,0.16892803187692257,-0.436906716692633,0.31087961325549673,0.16354716318405008,0.25730956617357714,0.5347982359115357,0.38256825020282087,-0.7516766180481528,-0.45917404104788506,-0.5026504462681685,0.5336461772715119,0.8913129850141945,0.04235110491732424,0.4476570891502737,-0.6414933499892834,-0.6264783489524895,-0.20970597050785578,0.24168495649288188,-0.4692073921208144,-0.25191979032666184,-0.5056699772089708,-0.2807844317716067,0.13060080659583417,0.0,0.48753872184181585,0.059989345589091955,0.08793265970185674,0.18605266736343118,0.158086713737861,0.4529037326697674,0.5692846249809586,0.04267583516106672,0.058774573320180656,0.40121142943480975,0.3434981563704908,0.2612679882653279,0.08912227755982831,0.3438596916429666,0.04109109661905615,0.4377993904735706,0.22588998319607514,0.6569248633936944,0.3467494781898627,0.3368639538318843,0.441314414502678,0.4643633281036826,0.4818405119584285,0.5945444005076757,0.03656747993248162,0.33338964699825663,-0.20797660540304513,0.20459474006256143,-0.04402363117903729,0.3752589823694998,0.04157112828560259,-0.7207021130413114,0.05508743009363129,-0.1618782248082884,0.5900237772351427,-0.14487556395541892,0.665729693978645,0.6093392047501058,0.1162235923076152,0.1892597967273527,-0.0037771404081744933,0.028672889959187875,0.08336289521425798,-0.05454770765898573,-0.24697826693592845,-0.28818140313878665,-0.49407833817259617,-0.525790469739744,-0.2167187026578165,0.14559905180067279,0.17687813771331304,-0.15252043197811876,-0.22536309839990692
-0.10967922639805025,-0.296274996132272,-0.4414474668423202,-0.1390876753017791,-0.32693833484253243,-0.40295714260094695,-0.2416202287389046,-0.26192812267355653,-0.2548950571282916,0.01595592114117313,-0.10031840856049062,0.07451945926380367,0.1884850201792046,0.5820772600657111,0.6498873029675961,0.0064019221890292905,0.31174765322678216,-0.04648242219794534,0.31870232933945447,0.12286639951151236,0.37098530344264946,0.30157471833782207,0.8072227283592113,0.21486100409229608,-0.045358418453767986,0.2967487071571665,0.8039396893663583,0.7400107784171935,0.16850320251623005,0.7645403804527032,-0.11208930049804183,0.17213285797208305,0.2929721885353402,0.3571475335302754,0.5441773150083391,-0.28730512400435465,-0.14611746896700903,-0.015605994774496848,-0.14745705234602724,-0.26610178114405775,-0.23873519015444933,-0.16960190404254724,0.26727780637928805,0.20339450908354428,0.26879794499982484,0.7189651579929588,0.48753872184181585,0.0,-0.26587705742880047,-0.4220026516241024,0.04055809303979839,-0.36683010497079754,-0.2680151986199936,-0.18093551878302022,-0.46971780721155226,-0.37372222167511865,-0.3028049790508173,-0.3150927459288699,-0.2892661940080185,-0.24780071728314865,0.008218840130250845,0.0911264437194099,0.3737891799237796,0.5279577223162819,0.23974408982273462,0.6280141615051598,-0.4217319345156614,0.023381805764904114,-0.008533358917662973,-0.0434799273480054,0.3228346052043636,0.38722319158118246,0.5718096594350327,-0.6208808291872184,-0.14954504462859994,0.0030638463242866256,0.2793555457170751,0.6611484654083898,-0.032393531870123414,-0.1641257370098534,0.18258749786104803,0.0002923380135902463,0.26955028863381425,0.6220392704969687,0.7748964030855366,0.5865928794062685,-0.18193737640280794,0.6542229406115675,-0.19867366778675313,-0.569911810962847,-0.013470137207516743,-0.34570146569089555,-0.5348615765775875,-0.1091345972498426,-0.045338493763110416,0.38249023039223284,0.7329372677219012,0.7095364110586362,-0.35515846609652424,-0.5963228316238754
0.620976195882372,0.8611617034970063,0.948850750225624,0.8233348680936445,0.7647290739697504,0.9471394913063114,0.9357991227163877,0.8612010816637466,0.8992304963959741,0.04034932220526236,0.11195698846309639,0.18258732267672553,0.10804448396245908,-0.6995225986348953,-0.4129454511750592,0.7491927307880001,-0.28677655214257536,0.7036791929049769,-0.07939097935275478,0.6797989600547696,0.07225934215670332,-0.6956301875242145,-0.5743145100832536,-0.11569746980901753,-0.07442769187446183,-0.2644855796991293,-0.4370932972752443,-0.6630650482384486,0.25719921670693435,-0.5722640357129509,-0.4666907589383635,-0.1801471648978686,-0.18639680463829705,0.14177193900005397,0.018546167856692167,0.8884728214056725,0.43714443288378385,-0.5618560104245914,-0.283922819539216,0.4731899086924898,0.68930004343654,-0.46818935377215715,-0.462860715159091,-0.5918790318891921,-0.37681005997798184,-0.7185932561915078,0.059989345589091955,-0.26587705742880047,0.0,0.7083248321162405,0.2958932296507501,0.9185174259832742,0.7302246001631033,0.7396977089272387,0.9264426158129163,0.9476195744400661,0.8128789982130491,0.8347015232914986,0.3706703313231183,0.6782196098689912,0.5551377562052956,-0.017977360908706278,-0.2540583126516743,-0.2533798246532692,0.04366682475560214,-0.3741688460408693,0.8091035374353924,0.19527229211636674,0.1886819202261783,0.5657273667240723,0.18172502670075294,-0.8323994487029523,-0.4894231107789797,0.7373012764455806,0.6021156223488616,0.047213729991979356,0.11802611903648022,-0.671445282336068,-0.5378306331680996,-0.2740551290889253,-0.01637974533855633,0.43039657189415576,-0.578907311635994,-0.13664350817420312,-0.21480555367707077,-0.7540104916742447,0.35960487446204076,-0.6459910944734333,0.8884335432777295,0.5990315890101988,-0.6467108172019675,-0.3472110594040333,0.392584693837173,-0.5078023291736815,-0.7548755404498775,-0.4797410038038484,-0.7493046850330963,-0.8050546364712708,0.9695205296106836,0.5496905207816765
0.1093130337430363,0.5924986644360444,0.655590094439718,0.6355358128278561,0.6699917225284254,0.6142045284729991,0.6489047449346433,0.6321372299180122,0.6944950266282397,0.028847211284413747,0.1866674665447689,0.3024567214092877,0.13399443835805797,-0.5452513199411639,-0.40712355091474595,0.30498020848019536,-0.11593669045394076,0.47091319604790716,-0.07888884879082207,0.51887971966048,0.12447728629176559,-0.6875851843619532,-0.6194803820023921,0.14260249289301286,-0.3042625077223941,-0.2778163468649746,-0.596311439219643,-0.685814678101976,0.3389637136394514,-0.5176352202155758,-0.5216669423597388,-0.5607620045036259,-0.32691588448945386,0.04289684309622937,-0.08652277421597528,0.7524998280842313,0.6121311906710428,-0.4713920566340168,-0.034866294155958585,0.6435727519484769,0.9141682707273981,-0.40916862116277597,-0.5524922164690268,-0.6530368672527743,-0.6085727869194281,-0.6555883559344203,0.08793265970185674,-0.4220026516241024,0.7083248321162405,0.0,-0.15091289215058196,0.5949413109422242,0.537674476652045,0.6043491416941119,0.6712081671467957,0.6556336618550832,0.5973420406108326,0.6936337736632594,0.3784429178713853,0.5007245322215489,0.4331641238888168,0.009737428030711927,-0.1664161594614223,-0.34891564689971377,0.1576088995123105,-0.40561660305915254,0.695638033314325,0.18653529089443874,0.2380601839192875,0.4343895770764801,0.15687527980662622,-0.7916080478246452,-0.5577269749061309,0.7117124931874644,0.44351917705264443,-0.1986984483466342,0.17953933023139315,-0.6645433796030741,-0.6534534836772196,-0.45310965664011676,-0.13745443992312473,0.48586727145677644,-0.7771901297063096,-0.3172758437486358,-0.45797871294254056,-0.8201684963568291,0.5384359315539162,-0.7315448102307525,0.7111568336305778,0.832464337681046,-0.538050159713497,-0.21285575848147614,0.5494810101048141,-0.6787598090094251,-0.6625798561166989,-0.6082896559901464,-0.7185057946788261,-0.7632472239600908,0.6498987525936609,0.9288705630825173
0.7624427499003996,0.5920378807798158,0.27032935660501406,0.39408640599848727,0.31932246407426873,0.2197349153363447,0.32446172219482056,0.36021297193428,0.2442678405645766,-0.4527510368702601,-0.3197544340432621,-0.33783255735667533,-0.36485845432428476,-0.4144124638953046,-0.31256250150376275,0.599816958245283,-0.4794808717046456,0.5145998871368822,-0.07097175215251453,0.23861517338931562,-0.2192113137172585,-0.2569588156239426,-0.25416323063375856,-0.43399308811046317,-0.04266724534990389,-0.05642816933299606,-0.05437363682931707,-0.23054360641654262,-0.21673658290595976,-0.23190763277841508,0.0024991175522728636,0.45838706049902544,0.04445306520219674,0.36119407580406127,0.28297083726089217,0.3576195897395361,-0.0857837381899304,-0.34046461939892597,-0.53880781294825,-0.22258790484864083,-0.009277033393258298,-0.27438579716970585,-0.08435639738329974,-0.1320353663031992,0.16878576278549753,-0.28805193777734917,0.18605266736343118,0.04055809303979839,0.2958932296507501,-0.15091289215058196,0.0,0.48907282897276205,0.4670935112364631,0.4028366207431635,0.260032847450889,0.2089594221423344,0.4056362016868631,0.20608745703753836,-0.009794367679527594,0.15570566984948353,0.050223795577115884,-0.32230295774195605,-0.22365882641692725,-0.12418607905671332,-0.11157977863183657,-0.17539029815810875,0.36176351520721883,0.095539597030099,0.07718236136464106,0.3826176525530046,0.03836226682453187,-0.021805858732914605,-0.0009121084804959694,0.03297425049354429,0.2619700401813229,0.3172513871768872,-0.31042940851780315,-0.3559589082144598,0.04123020441419584,0.6583121480079646,0.20811276393864436,0.5230510274143133,0.30276447635921777,0.3212949819132958,0.2913280939385557,0.14986914126106368,-0.14122903234061904,-0.1769812238477906,0.3295024144632155,0.16537342359730028,0.31655420825659386,-0.02851944612598305,-0.16614261638418992,0.29338246600625,-0.2504184959689974,-0.10107395763361503,-0.23047862487286697,-0.16062017812457405,0.25225907318513935,-0.30541897415259023
0.6435124023886262,0.9592706517789601,0.9541998330656766,0.9082981537196284,0.8828402861703013,0.8958321045701523,0.9545856666181997,0.9445823348888197,0.9220505361062276,-0.15732020954604076,-0.052829133120487905,0.09995772750255352,0.03970490614296052,-0.7215053264071641,-0.5099060838858345,0.7236147409154753,-0.3448154174751769,0.7835917881898242,0.03425171921311438,0.6770299546589751,0.06925281398023443,-0.7837836810470186,-0.6688144335282848,-0.2552667144030871,-0.17767211438844938,-0.28560642115480545,-0.5597608647695451,-0.6998216302316569,0.25174077967924585,-0.6148060141871158,-0.49252954515786607,-0.17070309161740244,-0.38108035567509463,0.24404962503177413,0.13020868124092932,0.8280096896379583,0.4674216735796486,-0.6635207716517065,-0.5105528461320187,0.26121202627048146,0.5600992154470468,-0.5077489954191171,-0.5310789968726264,-0.672220439827166,-0.4006474824682483,-0.8185733893503234,0.158086713737861,-0.36683010497079754,0.9185174259832742,0.5949413109422242,0.48907282897276205,0.0,0.8969513751589223,0.8669189176797932,0.9462557210571533,0.9217415532774307,0.9384804635430328,0.8971704078059163,0.4445714209968425,0.6609137307818082,0.5417687236955151,-0.0424215411806455,-0.20316424077245884,-0.26486457628698623,0.11539255537139324,-0.4093130209647396,0.9180066845602323,0.35684944239796434,0.33999983047163285,0.6953915043829435,0.22828514833676314,-0.7122294548533354,-0.40080780466446625,0.7096791171684574,0.6590471848476991,0.11769210536391848,0.05718598650987621,-0.74526190076729,-0.540501399680158,0.02102929550679118,-0.013246524929792482,0.5554305815422217,-0.43768616388712334,-0.008332729597128632,-0.12401505246483013,-0.6512914433431992,0.35972529018629246,-0.7034890206957816,0.8232442121633388,0.6454009603589954,-0.4647848479549925,-0.2218855928211502,0.32229052815675246,-0.37398629381224857,-0.7335111742713131,-0.5495051998312525,-0.7999121702929405,-0.7917295878731919,0.8832461613499554,0.42347904540547565
0.37031323512076053,0.888158178457626,0.7975359888824356,0.9263046966216792,0.9439912078764275,0.6861258358171707,0.8538566875524369,0.9191594260160411,0.863813926171289,-0.36358644417710334,-0.20566460920753293,0.15338719638023263,0.08359104133570913,-0.48569466436377656,-0.3507881314428178,0.4973256859120942,-0.27562437219419944,0.8027724158958615,0.2796126470827967,0.7164300301207039,0.2743177347220254,-0.8828739329330998,-0.5530812311558051,-0.20657175948937836,-0.44974016580311466,-0.25718662569141254,-0.5549874179442027,-0.5733619401911851,0.39788604131622574,-0.3968776142122276,-0.6761552262813132,-0.36927457634506655,-0.6255357284055195,0.3988560503541114,0.3490664191117925,0.6695056036938458,0.574335768876214,-0.8118695711147359,-0.692222324592839,0.0683911289030313,0.5021409880197559,-0.6377425576278533,-0.6267952925513023,-0.8361967153017225,-0.5150750196163038,-0.7257310070180808,0.4529037326697674,-0.2680151986199936,0.7302246001631033,0.537674476652045,0.4670935112364631,0.8969513751589223,0.0,0.9491349953188194,0.8188086607429329,0.7674877829509249,0.9665105084873482,0.8995819538219998,0.48759662357156214,0.5390583301914506,0.5271508041494974,-0.01460389384685613,0.03241966552404248,-0.11627572646758094,0.3981938360732427,-0.21287060027173624,0.9400484069705455,0.5558141195807847,0.5644036142596773,0.8306976392683539,0.4516065572682276,-0.5412676293943878,-0.16667706958547843,0.5724568782037693,0.6128261875916604,-0.0037370955054659176,0.16041642730521866,-0.6465734330500963,-0.6991244852595991,0.146806412801304,-0.07353236160216355,0.7340629079181247,-0.444936275841456,0.16503200079993277,0.04455639443195868,-0.4827571222741342,0.3853387797345942,-0.6803437743121772,0.6733456744633108,0.6508208639180146,-0.2894226734704907,-0.1698278094800267,0.2176287625337304,-0.47220990889044445,-0.7879994169429526,-0.7026774629460263,-0.6866996106717044,-0.608389638070483,0.6387846690770125,0.3217885117039428
0.3179888430386799,0.8709994056567636,0.7786689765701658,0.9755882981630685,0.9731358426320533,0.6806390254746678,0.8664876375011398,0.9496729322293586,0.9121247824008715,-0.2816554594422518,-0.09744613278629674,0.2903354469339931,0.2110528090056876,-0.42845015114651663,-0.26632497880694367,0.4533922754949176,-0.1839400608749671,0.8287022685676714,0.3002706128822768,0.8250655318775127,0.40185015918418576,-0.9207543264526306,-0.5137209428370122,-0.08143326467895193,-0.42062871682946334,-0.13135984954635443,-0.5146127962498395,-0.48688625579834627,0.5546238144006478,-0.32551087307416215,-0.7772991329879102,-0.4590095103955749,-0.6620078239395073,0.4639298481199153,0.47419122390528096,0.6889798601964787,0.6903174617421458,-0.8756694630437523,-0.7291409714005684,0.08231931822507661,0.5814545600336317,-0.6350108326003909,-0.616741029513088,-0.8639782322431545,-0.5892607223681342,-0.6892077376436008,0.5692846249809586,-0.18093551878302022,0.7396977089272387,0.6043491416941119,0.4028366207431635,0.8669189176797932,0.9491349953188194,0.0,0.7968187394352061,0.7730206069637178,0.9714394496727005,0.9352987091049194,0.5806830984669916,0.5889721295459215,0.6206529406809548,0.06877086413440044,0.12896260425853795,-0.07440370180770774,0.505893898604127,-0.14090487136326896,0.9203275545455918,0.586595422790131,0.6112285658425133,0.8573789114377878,0.5469284700521334,-0.5581193012200306,-0.1418232826341622,0.48621629430779006,0.6547580614464736,0.020289751084471837,0.32095823491700143,-0.603732094526276,-0.8174461162152917,0.03302437305480405,-0.05330356636883307,0.7600815615799735,-0.49716860683779673,0.26265808186612577,0.11416297277826264,-0.5053474230851889,0.4934875223483962,-0.6267274193154996,0.6866529808092343,0.6205596124751046,-0.3972206902791024,-0.2513718575580762,0.12485557912880081,-0.5785150328370943,-0.8417403428116229,-0.6397904853291283,-0.6587385483196871,-0.5869415593579488,0.6105514584547175,0.3393880508463053
0.5021876700633836,0.855240369316154,0.98093611780499,0.8329021057407706,0.8472758905795258,0.9644203169897899,0.9285372543063213,0.8994895944825015,0.9308517940112482,0.02794034620801435,0.08584671015386107,0.21719855660421883,0.17892595330128971,-0.666503137606869,-0.42454120773381987,0.6078097477163591,-0.26466132341987775,0.6691697247094526,0.005513991174329607,0.6493049700113651,0.1362985963829485,-0.7759766524441778,-0.6644910781268228,-0.18496533947436675,-0.12941869885370788,-0.3210145849866364,-0.6516948338691276,-0.7186540900147202,0.3130571192216996,-0.6117501467189062,-0.5000983854989524,-0.2507512882332472,-0.4082923954926875,0.08467096371011071,-0.029919276817651004,0.7635936180666798,0.47372820947852967,-0.5598843493425985,-0.3292244399096398,0.3314430961340733,0.5762571077439649,-0.4351943632749862,-0.5789968685852899,-0.6969692179526006,-0.5108841328747753,-0.8168132988603941,0.04267583516106672,-0.46971780721155226,0.9264426158129163,0.6712081671467957,0.260032847450889,0.9462557210571533,0.8188086607429329,0.7968187394352061,0.0,0.9783802141827656,0.8869623156578912,0.9134744562871273,0.5407514550625845,0.7079032523125188,0.580981860745755,0.1022070296735424,-0.12672263628396688,-0.20546080694308097,0.1642451544054459,-0.35405489322819766,0.8852108923457898,0.3397017489040624,0.3351554217104353,0.6234839190885249,0.251028746744313,-0.7669433017490049,-0.4179419247326219,0.7998504395996267,0.6349245695519853,0.0344569432145165,0.15561289894258873,-0.7013352658995423,-0.5626582353480154,-0.11557858800849917,-0.07665651705000255,0.38161480578666795,-0.6067706400423153,-0.1638696765711496,-0.2666912666125975,-0.752804700895626,0.3829860942553713,-0.7263291016869453,0.7723340451734461,0.6297869564826419,-0.5514071498170462,-0.14122476254645006,0.45176601060720256,-0.4728003198824723,-0.6903382768820733,-0.5951722800775352,-0.8216424829210517,-0.8220413067980901,0.9065432457608943,0.5480425826546665
0.5076204209326326,0.8061852004434189,0.9821145236278136,0.8301228934893535,0.8030118223528822,0.9844425576860715,0.9440534349797919,0.9002830221238525,0.9423322646005482,0.1430129283927939,0.15380652374233078,0.2911765717282086,0.2630446595052656,-0.6120821881993654,-0.34479421241018315,0.6257923150644383,-0.18532381058877234,0.6719737148438081,0.0467070079380232,0.6866434043187255,0.20417190364768104,-0.7416138570146282,-0.5764049135511748,-0.10112254443927463,-0.04158481450462043,-0.24524249644711765,-0.5643270693751458,-0.6221090430053245,0.38678429564964134,-0.5395785934718077,-0.5196411402586758,-0.25861603979286674,-0.36459557326475606,0.11412961441867303,0.012326008273770603,0.7543057766040384,0.4986873430018693,-0.5613716043829404,-0.319426831009785,0.3489658935344698,0.5704232658739533,-0.40575088182619906,-0.4940214801852118,-0.6494717199652716,-0.4889326676373058,-0.7576604485182934,0.058774573320180656,-0.37372222167511865,0.9476195744400661,0.6556336618550832,0.2089594221423344,0.9217415532774307,0.7674877829509249,0.7730206069637178,0.9783802141827656,0.0,0.8663160189761973,0.9068049986209276,0.5690521276465876,0.7501856780159223,0.647729945294366,0.1596153309757494,-0.09141594051249124,-0.16150950941765366,0.17943963297128385,-0.29455032030963924,0.8455310256942644,0.3447995130323787,0.33201744389270005,0.6072542014852929,0.2766826343798328,-0.7564639482871195,-0.3848603313009959,0.7652342590249137,0.6696517183186615,0.08839759936806105,0.24928615588454048,-0.6154812592089242,-0.5719520139449021,-0.22606982733017963,-0.0318225454848265,0.329285591116124,-0.5977877669066355,-0.10485988478225095,-0.20489505477259023,-0.7555233910945467,0.41602718109834724,-0.6282066552474893,0.7759942490620455,0.5602396450269524,-0.6689279028743705,-0.19408602737183367,0.41939127599519566,-0.4906951595250071,-0.6715065693707487,-0.49295616161894357,-0.75941102026033,-0.7920979790404333,0.9295162950322867,0.5177548861594162
0.4114002754223903,0.8999331466251175,0.8788149123923606,0.9664999055836219,0.9617917192112421,0.7921176439052123,0.9256656641711573,0.9819145894212588,0.9476283571662546,-0.2064175998010849,-0.0716466757600834,0.2525036616168259,0.19573462911657094,-0.523250978669353,-0.3496997981216921,0.5317650417358425,-0.20845283684346996,0.8334801501641553,0.26915930345799965,0.7846324342397051,0.32370930848993906,-0.9057508212238179,-0.5833796593630223,-0.13884650424683212,-0.3263275787789315,-0.20419541740601183,-0.5898779353382646,-0.5774691728745694,0.490034715401236,-0.4377117757407796,-0.6921471480843938,-0.3899413560429619,-0.6241906031153738,0.39320240161577025,0.32834417110787295,0.7233267150421242,0.645656451539514,-0.8143927204677898,-0.674777561393309,0.11718972089102017,0.5419526850751264,-0.5809928367586762,-0.5967827128962084,-0.8276490139605095,-0.5612524466922284,-0.7871806264497776,0.40121142943480975,-0.3028049790508173,0.8128789982130491,0.5973420406108326,0.4056362016868631,0.9384804635430328,0.9665105084873482,0.9714394496727005,0.8869623156578912,0.8663160189761973,0.0,0.965173421017216,0.5916823723374203,0.6516861716953285,0.6290281443680725,0.08043535973255576,0.04547332154980328,-0.1182784674106908,0.4021185083871437,-0.22789330083670978,0.9521381268766407,0.5723880578221276,0.5783613473875614,0.8398135259661578,0.4621710180771695,-0.6048859812740051,-0.2080656780764751,0.602488934524318,0.6960382221714057,0.06600476666355928,0.265213806193923,-0.6501205011574578,-0.7221870552637969,0.03224059591656204,-0.03005326474621671,0.6718559049825003,-0.48475224162504593,0.15721663711556963,0.015611770316513032,-0.5759029584532513,0.48265512080612455,-0.6650555913987155,0.732343361597602,0.6393582811550276,-0.45005568750190555,-0.2038901213298315,0.21613567755716528,-0.4976911818727077,-0.790964442769863,-0.637688178417715,-0.7459058007353232,-0.6836777776420035,0.7297279680077309,0.379176122141819
0.3116952070281676,0.8283027965727104,0.895815910056889,0.9463695625733889,0.9348169817552936,0.8305652852852767,0.9355312133969294,0.9725082349170996,0.983465146412062,-0.04458252392473325,0.02802723341544654,0.36288254510608614,0.3504107963611555,-0.48540659725233876,-0.28085322438148147,0.47924608164618426,-0.0827229744584818,0.7818527148852824,0.2930416673946127,0.8194942547417247,0.42275254156073366,-0.9157692592393771,-0.5598192065455028,-0.05537747847092181,-0.3087525209215099,-0.24057525738642582,-0.6110090181694858,-0.5764754909169441,0.5819771439627794,-0.42097725911850303,-0.7244967847780965,-0.4531773623425917,-0.6326080849569352,0.32454809723748174,0.23987739063218264,0.710742458167572,0.6874206952619659,-0.7636499925753234,-0.5676108041618984,0.18124832064872942,0.5992823429164301,-0.5740988486682275,-0.6395215366111555,-0.8486927383131198,-0.6561954468957618,-0.7776692705545508,0.3434981563704908,-0.3150927459288699,0.8347015232914986,0.6936337736632594,0.20608745703753836,0.8971704078059163,0.8995819538219998,0.9352987091049194,0.9134744562871273,0.9068049986209276,0.965173421017216,0.0,0.6539068340164684,0.7032166613913658,0.6986401921252381,0.22622679202332516,0.11914372720561184,-0.0533816360907567,0.45039686694287645,-0.18505358835683158,0.9133103074352587,0.5942148269277528,0.5969785699941899,0.8133687833462923,0.5061493477885627,-0.6750799234904015,-0.2174359864152055,0.6397009007115564,0.711708238740077,0.00044582957512652596,0.38676991636375907,-0.5981022993831864,-0.7674455815870281,-0.13825336308676803,-0.05104990707939112,0.5684782190249039,-0.6136389583154407,0.08765757004780167,-0.041442933000457934,-0.6640665762484247,0.5419075459993106,-0.6610090342104489,0.7451014233619745,0.6220235463605079,-0.5993661544683812,-0.2207639847144127,0.2689831886392168,-0.6156676841781954,-0.8032585535244742,-0.6360456840978997,-0.7441391421585105,-0.6947446022457114,0.75889657417618,0.49592612258888097
-0.03870006961389254,0.31353025976887483,0.46778876216182264,0.5339640682194499,0.5386408932493018,0.5021185564402847,0.467460943569494,0.5973170321717143,0.629209074202109,0.4142788881225357,0.4733158872882629,0.7468638010222505,0.7338252086523904,0.002808736771661877,0.06253268233750867,0.07906052855028232,0.3709357903278835,0.45073997676046823,0.5074336220949466,0.5069000653441847,0.5706676110119339,-0.5683429000132386,-0.22469626212227198,0.20672953636778962,0.11756132529508195,0.1751919053090594,-0.6400758906679468,-0.12986832841660864,0.6890742793331016,-0.03892325528456026,-0.6562986146186596,-0.4258485551009794,-0.5617694433088066,0.2768253484193559,0.23855403430711747,0.15703810511082206,0.6635808459077972,-0.3525452953552152,-0.3123109905695488,-0.07491013130561937,0.2489207115111366,-0.05416046126217175,-0.3492100954544147,-0.6014633643064536,-0.7641448091148542,-0.445302882755666,0.2612679882653279,-0.2892661940080185,0.3706703313231183,0.3784429178713853,-0.009794367679527594,0.4445714209968425,0.48759662357156214,0.5806830984669916,0.5407514550625845,0.5690521276465876,0.5916823723374203,0.6539068340164684,0.0,0.8156490447734802,0.8559883504729541,0.679096224013651,0.5147495758539637,0.21822755438065533,0.5764429199120764,0.13040562374731324,0.5520295077124943,0.7294760303586015,0.7302027915623552,0.579859732690997,0.5044122423304984,-0.08961510514794435,0.18375114013688276,0.40750521396629324,0.7985608702307816,0.4223673063878645,0.629878846502027,-0.11003003440947483,-0.5988207755288313,-0.09055604643924774,0.26488770362914343,0.24524264643580856,-0.39809699707882756,0.3427749649846183,0.1581526568353618,-0.28362386826398683,0.6149804794150188,-0.151769988392413,0.21241782001243667,0.3737984274296009,-0.3668346856268177,0.3777050075065119,0.27615575362056527,-0.24640025761211282,-0.2382665876911291,-0.29011466814430564,-0.35485079807693937,-0.3252667636794188,0.32534574548317147,0.28519842877681045
0.35925795828040424,0.5398274956512769,0.6714462801474055,0.6445490299783992,0.544801916316593,0.7285146905745115,0.6769148833953919,0.7204081569424621,0.7523948937964662,0.46278414066373547,0.5247058954255887,0.6539321242541386,0.6082421532981624,-0.2947602639698772,-0.20337435599706927,0.5223486059694172,0.2732145671512499,0.5652205325535954,0.3606992430247342,0.5047663038861947,0.29630623719447957,-0.5228249546854541,-0.33657667317201406,0.08371918838487093,0.2901476882693993,0.084084613512925,-0.5610646885626409,-0.34176619267162767,0.4302490084905383,-0.2780938568744939,-0.5961369040682543,-0.18754301666200576,-0.22950196926691024,0.22604637912867367,0.10843945485522918,0.46249688525875354,0.5291880559744571,-0.28417685343224713,-0.19698845398082707,0.20547901785803488,0.4640499184892174,-0.11442672263998194,-0.3437454888488902,-0.5214318110127859,-0.6336934835924153,-0.5357746732956392,0.08912227755982831,-0.24780071728314865,0.6782196098689912,0.5007245322215489,0.15570566984948353,0.6609137307818082,0.5390583301914506,0.5889721295459215,0.7079032523125188,0.7501856780159223,0.6516861716953285,0.7032166613913658,0.8156490447734802,0.0,0.9246621027446716,0.5399312874863392,0.17050123194326203,0.02983130043511889,0.22267976154497485,-0.15526804984066395,0.6347889161579134,0.5664118929608298,0.4923385788486617,0.537651441370767,0.24876388936470162,-0.342708862322229,-0.08914959271882263,0.6361442925112063,0.9366307048041025,0.5643180855313582,0.37812277889896395,-0.2695668087936182,-0.5285690076312756,-0.23025639321424454,0.33156074057836027,0.27417604550615865,-0.4199317868343119,0.2530629968482082,0.11253859219221121,-0.44799720915877633,0.5125246619274562,-0.230277274235768,0.5193627343316728,0.5061905483874317,-0.5642615860393246,0.21843325018567358,0.4518393282867602,-0.20650288793607693,-0.36541566525828906,-0.2203777158876282,-0.45140853204056175,-0.5323027946975329,0.6755065966302354,0.4042504324930979
0.14336386863629436,0.4234150170749078,0.537252514420099,0.658479458787198,0.5325766901162211,0.5781808412324541,0.6161510825258919,0.6931742405388803,0.7304042761558864,0.4421957245332686,0.44980106439727496,0.7646527080233883,0.7920147361933789,-0.04227958544417286,0.06120834956723197,0.3711195006821771,0.43727664717673836,0.5616763725729877,0.582033135578046,0.6171703134376141,0.5769118902444488,-0.5588315602036589,-0.10552398131264878,0.18679187278451634,0.12538902599404272,0.13248602149594185,-0.40711500908928905,-0.10271723302103848,0.6572335924614036,0.006569215297377101,-0.7642246015423939,-0.34261842077469545,-0.36299332743814405,0.37291047202846567,0.3307820636487202,0.3257710243724111,0.6336073953220805,-0.40510200682624725,-0.3393138332316314,0.03636700422338283,0.40051419353307066,-0.25682170161933593,-0.3674030591521745,-0.5944250075605807,-0.7069992969278057,-0.3536325268360142,0.3438596916429666,0.008218840130250845,0.5551377562052956,0.4331641238888168,0.050223795577115884,0.5417687236955151,0.5271508041494974,0.6206529406809548,0.580981860745755,0.647729945294366,0.6290281443680725,0.6986401921252381,0.8559883504729541,0.9246621027446716,0.0,0.6923093398941935,0.4559343697286952,0.2725603653074522,0.49056755961509346,0.11893182871591844,0.5717292816245333,0.7370876469351444,0.6646567067455214,0.623043588667452,0.4980736177295186,-0.21443447615511632,0.16056621064136256,0.4521338306439134,0.9252733904666994,0.47130775378407536,0.6149167926338601,-0.05789519111968436,-0.674042835903792,-0.32003443385761193,0.3551251719713894,0.32626245304655493,-0.42952925838138933,0.4844864469547411,0.3580427622867156,-0.29643024988627853,0.5752417900164709,-0.07752517717159281,0.41242528195424305,0.3765814734499873,-0.604311509155917,0.13124206167123773,0.28132891562335804,-0.3577783558733089,-0.41828799108696973,-0.1977424616956668,-0.2467966220039856,-0.29885113193431334,0.5064060210996372,0.27369705290174395
-0.27376893757989795,-0.20374845520549445,0.017673298042122785,0.07477471280229285,-0.01867965558275339,0.10245437744223629,0.04395077593213447,0.12461411547906444,0.21658669251437823,0.5918922513616127,0.36583344226688963,0.6069910260265199,0.93062947488957,0.3709264730723965,0.47465260713069773,-0.14721936623375748,0.6493128410633355,0.040440612893212415,0.5922064458224816,0.2435282790614356,0.6575996222426358,-0.1670514418247179,0.2954247528404873,0.10585945251406173,0.13423940336754814,-0.018012848505589218,-0.23706850121590892,0.242490789770778,0.5552905494274017,0.3636841934776553,-0.37507403577434745,-0.17286807840605414,-0.28412047393689804,0.0897037185919623,-0.01308361295532657,-0.27792393381648367,0.2759463096617583,0.05625796194729908,-0.08130413977317172,-0.38464473626061185,-0.15161973764070766,-0.0414074031845051,-0.25102864315242096,-0.2693981901884351,-0.6123921206298649,0.03398912546565632,0.04109109661905615,0.0911264437194099,-0.017977360908706278,0.009737428030711927,-0.32230295774195605,-0.0424215411806455,-0.01460389384685613,0.06877086413440044,0.1022070296735424,0.1596153309757494,0.08043535973255576,0.22622679202332516,0.679096224013651,0.5399312874863392,0.6923093398941935,0.0,0.7781886783328676,0.6642238044134406,0.5328544789636667,0.5060361901160548,0.007420292203175416,0.675676017028043,0.5991392409671339,0.27521815873429384,0.5071414921459934,0.2289763238772955,0.5420560073318881,0.08565339081488194,0.5442173406107494,0.2607119379967222,0.6923518466760649,0.45167509862602684,-0.25076277957577014,-0.2777773133396579,0.420752304854739,-0.16468324329603354,-0.23670161173809012,0.3838651885875049,0.3855582053288031,0.1334050496307433,0.3380399206417943,0.2989643133358063,-0.12334628687558456,-0.09588122545761699,-0.3288192098678607,0.37646850124029163,0.08798067451420029,-0.11510820367686796,0.07716970676322053,0.03303919759085774,0.1791017004012084,0.22783845923636525,0.002977687921686894,0.02100108661868506
-0.505272371429658,-0.2666121398165598,-0.22646406248243248,0.046041743925536296,0.015643666731127038,-0.19179190747631913,-0.12685831683717175,0.010297044959269691,0.05867636205553986,0.19665967935148465,0.08560212810267137,0.4926136872540899,0.7550245383375471,0.6723138879687887,0.787274611942266,-0.3733538295189653,0.5231358821349775,0.08455797743415408,0.6868062627343314,0.34461136414481225,0.861695925386405,-0.20730109958532397,0.5570014275993137,0.1699516734863593,-0.2468648215425269,0.0699832762108329,-0.03663366414712817,0.5187607285675176,0.6864761033698195,0.732541946001529,-0.49103957827332834,-0.34585873667153044,-0.4480255610567229,0.3411007159643393,0.35049107579972616,-0.41702048549987275,0.3247128411387828,-0.19347249260257748,-0.33493921084334616,-0.6070911724431076,-0.2983329258500735,-0.23347287633512262,-0.24518544166658815,-0.37534607035171236,-0.5472919337915912,0.2547775156638576,0.4377993904735706,0.3737891799237796,-0.2540583126516743,-0.1664161594614223,-0.22365882641692725,-0.20316424077245884,0.03241966552404248,0.12896260425853795,-0.12672263628396688,-0.09141594051249124,0.04547332154980328,0.11914372720561184,0.5147495758539637,0.17050123194326203,0.4559343697286952,0.7781886783328676,0.0,0.8825871796111516,0.8677563059384771,0.8569741089299245,-0.06777354638516554,0.7187246935938052,0.7312777279108972,0.3984674791407806,0.8159364797586838,0.4453820042187299,0.8513462784993988,-0.2728795153547501,0.2749439701329902,-0.017762260331357277,0.7908394793997463,0.6002633738615176,-0.376820571945169,-0.12034808194650244,0.3532120694662478,0.0735124012403547,-0.17642005643714534,0.5840605656169555,0.6099916662392321,0.44677387121167234,0.28261665282843446,0.38015775257845724,-0.27487491548665605,-0.24988402574312338,-0.027300009725496604,0.19019966898061938,-0.25764338335153664,-0.27162484200925696,-0.044655254801663914,-0.13557162082408583,0.37115458843095,0.5411648660465848,-0.3295598194536622,-0.26071475394255667
-0.3033943858635814,-0.31246719302847054,-0.2888143962070436,-0.10714887213242737,-0.20040087751264957,-0.2171250762511462,-0.19260224982240068,-0.13914528620145247,-0.0751401924330071,0.20401376533764873,0.0006366126292951863,0.25968240505630424,0.6007870418035826,0.6586928450355438,0.8609992462040345,-0.1833980078461844,0.43466790982040027,0.04867184387175747,0.5674729545762496,0.2741548693682125,0.7317164357187644,-0.014709405528916851,0.7227546222587827,0.05235602338816259,-0.17649850180098095,-0.05031731038348851,0.18439028053553908,0.5785832490266721,0.470860807330357,0.7887576068149614,-0.24185379626999845,-0.02911386940570957,-0.12313313372863172,0.3189468905580034,0.2004419094886973,-0.40503177906850385,0.06411110519677751,-0.04301587066146998,-0.22908434817270926,-0.6138564727413669,-0.46314016807173863,-0.2427648341152006,-0.12010557670210466,-0.17131645562178185,-0.2921077900988729,0.3674052221087236,0.22588998319607514,0.5279577223162819,-0.2533798246532692,-0.34891564689971377,-0.12418607905671332,-0.26486457628698623,-0.11627572646758094,-0.07440370180770774,-0.20546080694308097,-0.16150950941765366,-0.1182784674106908,-0.0533816360907567,0.21822755438065533,0.02983130043511889,0.2725603653074522,0.6642238044134406,0.8825871796111516,0.0,0.6782027027491726,0.9171490186435421,-0.2656284813441152,0.5466355892389804,0.539796433984141,0.29208566614774656,0.7274797394254965,0.4701950454592187,0.9005529711473773,-0.3712544845703429,0.12937163411952143,-0.06976703832995286,0.6583997388906424,0.7217584469195418,-0.10688910963489279,-0.13371027655193085,0.46968838288855824,-0.0514253079876998,-0.03871526345471973,0.5133469243027156,0.6448336802671544,0.5998176571472242,0.08731628683995946,0.5085599249508888,-0.22096867759271863,-0.4616167178490329,0.015107118227829404,0.03721717131093085,-0.36302034920388915,-0.15361890002876552,-0.0033462037248280715,-0.039568947926408665,0.47840968985323473,0.6628599683923079,-0.28123511739292195,-0.4105500382701768
-0.424618626985954,0.09546246220789939,0.08002154993172769,0.39893927926371736,0.4254342084169989,0.052982010076858356,0.19684773555565838,0.3405114162969335,0.3694612638775541,-0.05108712343533932,0.0013516527124242475,0.5023249390560908,0.615259642689303,0.4438942310862794,0.609454041246058,-0.23923428508309286,0.301807717244512,0.4054142990128194,0.6473403376495963,0.6501364774733571,0.9195233291461782,-0.5630244193249605,0.27903736000782015,0.2212919926395418,-0.5049254654429386,0.03223786933833494,-0.211286766203575,0.2601860634958898,0.8492074249644054,0.5292954841626338,-0.7326894405290411,-0.6128079377554109,-0.6796314728139247,0.5095968282302783,0.5246939505395553,-0.05169766162902976,0.6112208135552786,-0.5899020612376978,-0.558425213850496,-0.4001986218939077,0.033998129706262814,-0.4658884074462433,-0.42577383887692494,-0.694023776370993,-0.6692692012201076,-0.04985039796587892,0.6569248633936944,0.23974408982273462,0.04366682475560214,0.1576088995123105,-0.11157977863183657,0.11539255537139324,0.3981938360732427,0.505893898604127,0.1642451544054459,0.17943963297128385,0.4021185083871437,0.45039686694287645,0.5764429199120764,0.22267976154497485,0.49056755961509346,0.5328544789636667,0.8677563059384771,0.6782027027491726,0.0,0.701023670857164,0.28743662102468187,0.7599399195442211,0.8433701596618414,0.6791325418180789,0.9527101790635192,0.12292211567728778,0.635155664615727,-0.10878843348524402,0.3360187492610789,-0.18522994061622663,0.8194739390387841,0.24347764690318272,-0.6905997347927879,-0.13577557739972163,0.17184159336038468,0.4241595246293541,-0.4055677841499443,0.5032171449124864,0.4625552274166791,0.14697943855734497,0.47154267290622776,0.017040664923039253,0.0484085647462333,0.03840559969059238,-0.1409745507241112,-0.06596085113909386,-0.23705484533326654,-0.5859112449108033,-0.4401228886136434,-0.4784269501279305,0.017234500815319412,0.21801080833705266,-0.10059720679377523,-0.03966948519576667
-0.4508415890357317,-0.4368059427285815,-0.41911036272950664,-0.2141827607923455,-0.25278399437116567,-0.34836376472389086,-0.33677087883007634,-0.27469603634308876,-0.2143437498728918,0.10316150813758326,-0.01760154550390178,0.23950191413798905,0.49209150982322797,0.7729397152975639,0.9765914934792046,-0.3778912754138422,0.3427147813052112,-0.059860027524074474,0.45145142734639737,0.21162571528504756,0.7129402283361549,0.06703631272082475,0.8228641688122554,0.1699544588854398,-0.21340454689566077,0.09741803924704186,0.3261041905851499,0.7191936904789763,0.4658483023547189,0.9098627493288275,-0.21307906756669368,-0.1252781936014221,-0.13345073259907,0.2715848283199305,0.3045365464258663,-0.4967081497461639,0.022564199452244218,-0.06272182956915177,-0.19959160550649227,-0.6012434248258968,-0.4753961340097669,-0.16643922557708213,-0.0035616447844428684,-0.10052414619776692,-0.19238776187904236,0.5406536579335399,0.3467494781898627,0.6280141615051598,-0.3741688460408693,-0.40561660305915254,-0.17539029815810875,-0.4093130209647396,-0.21287060027173624,-0.14090487136326896,-0.35405489322819766,-0.29455032030963924,-0.22789330083670978,-0.18505358835683158,0.13040562374731324,-0.15526804984066395,0.11893182871591844,0.5060361901160548,0.8569741089299245,0.9171490186435421,0.701023670857164,0.0,-0.35836647471475164,0.3692879558582375,0.4215606569315717,0.17000784842453046,0.716568694311195,0.5312927830223089,0.8933668988090124,-0.5218859169800453,-0.0846882982157433,-0.17775498760075245,0.64428966939253,0.7693531988741269,-0.11872593969262207,-0.1164739102973472,0.32672936317847917,-0.07357165806628273,-0.02219603777613543,0.4805195504654149,0.6102182998196141,0.6389635324985902,0.004077878286367224,0.5649633394930749,-0.3547992382313505,-0.5467953439845883,0.12851462377845624,-0.003997475219649171,-0.45877690666314586,-0.19396844781513195,0.05286065733668717,-0.00036756530630183083,0.5868608500331329,0.753291184445687,-0.4402928676878061,-0.49329821013658204
0.38487788130959766,0.8818641705500214,0.8634452826214833,0.9121250405401916,0.9397740881800104,0.7824839194679797,0.8734763053656428,0.9255881919247788,0.8946714109148545,-0.24375567742421983,-0.09391297328343619,0.19202760838792077,0.09652615176508539,-0.5972996070445238,-0.4688384963624,0.4747549164534398,-0.3058233425388891,0.6976110896150618,0.12986466347641185,0.6302471084410797,0.16285129362665873,-0.8882218993906811,-0.699227735756817,-0.23239558610437414,-0.34379447967536664,-0.2867213608130424,-0.6743741027636008,-0.7101884110231312,0.3386604888211105,-0.5507047522584015,-0.6640667840826597,-0.41777605581995036,-0.6084144639386566,0.20044382010295456,0.1882841576320652,0.7140436080643904,0.5658602024792768,-0.7189880533933194,-0.5249869737461517,0.23005707698655692,0.6424958762145441,-0.5704375160220713,-0.678336414121883,-0.8280363138473842,-0.591422524511839,-0.7946181611406845,0.3368639538318843,-0.4217319345156614,0.8091035374353924,0.695638033314325,0.36176351520721883,0.9180066845602323,0.9400484069705455,0.9203275545455918,0.8852108923457898,0.8455310256942644,0.9521381268766407,0.9133103074352587,0.5520295077124943,0.6347889161579134,0.5717292816245333,0.007420292203175416,-0.06777354638516554,-0.2656284813441152,0.28743662102468187,-0.35836647471475164,0.0,0.45448654107978276,0.45019124259311555,0.7127000721349146,0.31256641955011394,-0.6747119056794431,-0.36237912347515633,0.7609022155987601,0.6431109354751933,0.017120248030710387,0.09908385362332653,-0.7636254104013067,-0.7140496348510725,0.038573720007949765,-0.14397836239377568,0.6511757702459293,-0.5761197839600021,0.0029998470711891144,-0.14437036466330122,-0.663468678713488,0.3954675410960896,-0.788452123793183,0.6780329518036782,0.8002686995825536,-0.3656149404792542,-0.06923105027869157,0.454893028727783,-0.48801099069929205,-0.7413913191230951,-0.6845741659102936,-0.7789632278734161,-0.7609809870676888,0.7330716324413384,0.5246322485762082
-0.10281749474621026,0.2901211166140591,0.2713499197038615,0.5434627498460252,0.4753943187656818,0.21813646055440075,0.39245992045821,0.5507679107889664,0.5311687759037776,0.08658954191914273,0.06132893465966051,0.5130824408474661,0.6789931077465998,0.17462085949353412,0.23210114408566224,0.08792330494060518,0.44269615853582617,0.5824790926991738,0.8394723823732608,0.6089370913519027,0.76326690280436,-0.6088791542006536,0.03769692316517816,0.07153466698005424,-0.2717462530857956,-0.07064515867678807,-0.4158260022742261,0.022569050667467616,0.734150664337262,0.2218917065268599,-0.6777804868069676,-0.39388431241672395,-0.63783794996615,0.5921583483931361,0.39774114220021295,0.08295848557354488,0.6360411547279013,-0.5284480886369387,-0.63652652910172,-0.4108211538117974,0.05935547125574008,-0.4234128676482164,-0.4420015735219359,-0.6650588536173566,-0.7018877131338906,-0.33606682221194417,0.441314414502678,0.023381805764904114,0.19527229211636674,0.18653529089443874,0.095539597030099,0.35684944239796434,0.5558141195807847,0.586595422790131,0.3397017489040624,0.3447995130323787,0.5723880578221276,0.5942148269277528,0.7294760303586015,0.5664118929608298,0.7370876469351444,0.675676017028043,0.7187246935938052,0.5466355892389804,0.7599399195442211,0.3692879558582375,0.45448654107978276,0.0,0.9604888932768011,0.8084646581412546,0.752369181088115,0.10776941750267102,0.5395474162174624,0.1394135704653442,0.738340790307157,0.21213020192997312,0.6713033057617559,0.09396845312843376,-0.5609792246634603,-0.010663344448371687,0.39955189735138325,0.4767906830514082,-0.2267931251699311,0.5930119971932214,0.5048702180878207,0.07041017042117875,0.570316145862715,-0.037458642369651525,0.2081022885791085,0.24160869759967415,-0.2638069320597302,0.15011630340533702,-0.06028735970213983,-0.2738270001661324,-0.354193308190295,-0.3762188421861701,-0.14943542170613047,0.0033183441714295407,0.13799630257195847,0.05397825842074532
-0.16737308037724202,0.29951969138767137,0.26371322356200105,0.5359166375496797,0.5218070672890934,0.2067323212796118,0.3700239268587211,0.5322233419773846,0.5225551621053165,0.030356095918914396,0.09671537297992215,0.5227213584951346,0.6312986921456456,0.18381339126354507,0.2886355444303512,0.026424747279071775,0.379003738603624,0.6404707912018156,0.7722283790405294,0.6833892727838854,0.8111919014911751,-0.6456492733709179,0.03858276937354221,0.1769034463219703,-0.35064213000301264,-0.024711920690310224,-0.4604097424806122,0.03175878175694117,0.8177167170776533,0.25468975777786057,-0.6805043789811421,-0.4939068454871233,-0.6669948688016215,0.6622727323190333,0.4281184553060264,0.1333940947500496,0.7388374439202005,-0.597081973910647,-0.6516135346368971,-0.3721583749684891,0.08815283783150947,-0.399614289497908,-0.4151138416427146,-0.7144562662135168,-0.7187145183371998,-0.3735587347662429,0.4643633281036826,-0.008533358917662973,0.1886819202261783,0.2380601839192875,0.07718236136464106,0.33999983047163285,0.5644036142596773,0.6112285658425133,0.3351554217104353,0.33201744389270005,0.5783613473875614,0.5969785699941899,0.7302027915623552,0.4923385788486617,0.6646567067455214,0.5991392409671339,0.7312777279108972,0.539796433984141,0.8433701596618414,0.4215606569315717,0.45019124259311555,0.9604888932768011,0.0,0.8585858968702967,0.8276430174271238,0.11007666008473514,0.544911713559441,0.08058963649281187,0.6658315418443431,0.1279849284038513,0.7483091092177069,0.0715831807284351,-0.5968251105572946,-0.027378252240937675,0.41748876575526284,0.5532506265497551,-0.2627185031276076,0.5429159687406655,0.4291511507051246,0.06445630335952302,0.6756535339085435,-0.06822695067990237,0.24823129363169674,0.25209076421623533,-0.2044971084506907,0.08821400412067382,-0.1421093402600426,-0.3434511821574222,-0.4078863389307138,-0.4856752308064231,-0.21988365737127372,-0.017575162050350937,0.10684810637350944,0.09275884977356552
0.22744435993008513,0.7004043663844749,0.5883760567193442,0.8201255962858367,0.7849260328511302,0.5031363026507236,0.6985107784283725,0.8001675570562993,0.7757937981422871,-0.2018297614778578,-0.057902163757014874,0.3144230870917089,0.35798257858203786,-0.20598719968749057,0.020654581431575194,0.4056327397283868,0.024177130219694257,0.9116914760850879,0.5410453904230073,0.8860897485257285,0.6264479593838553,-0.8472764153764456,-0.2210079396419353,0.011931845782593112,-0.45512219081747335,-0.1792027742851155,-0.4709707775616322,-0.2760299031994333,0.6904577952290577,-0.04299125333548782,-0.6953147417213237,-0.39585467738998115,-0.6028284038652336,0.70444706827646,0.4440695309753577,0.5578718170660829,0.7276856293261404,-0.829625596683476,-0.7923802927240582,-0.15837320885775855,0.3463599333073499,-0.633987864506791,-0.5368510015833874,-0.8341859201923265,-0.6249337351762165,-0.6162199321315416,0.4818405119584285,-0.0434799273480054,0.5657273667240723,0.4343895770764801,0.3826176525530046,0.6953915043829435,0.8306976392683539,0.8573789114377878,0.6234839190885249,0.6072542014852929,0.8398135259661578,0.8133687833462923,0.579859732690997,0.537651441370767,0.623043588667452,0.27521815873429384,0.3984674791407806,0.29208566614774656,0.6791325418180789,0.17000784842453046,0.7127000721349146,0.8084646581412546,0.8585858968702967,0.0,0.765179322889605,-0.2635877577843535,0.23888940298157768,0.2637406562585599,0.6909334368418036,0.0355170602904001,0.544192178859137,-0.29445398353269253,-0.6740746967966496,0.01661791982947492,0.3032714444720474,0.7843015647845973,-0.3620620353814737,0.4095029556968746,0.3052270520103459,-0.184805998791978,0.6197221580077522,-0.3760557686904407,0.6405454207523016,0.4403288783097166,-0.30641505932166413,-0.2135982132484303,-0.10908303860485115,-0.4763364026037878,-0.7435701372007818,-0.655286021400561,-0.5129709579418672,-0.3245037280518945,0.4625550847620004,0.20825514641051712
-0.20722015766349683,0.20976017562743415,0.18296409474228426,0.4733370136417684,0.4445623152149722,0.16178158814331897,0.3113454609339415,0.41201729335462417,0.4524749495169889,-0.06991767399307851,-0.07654624283953766,0.38900292993664765,0.5760334387281553,0.320567692385236,0.6126415493735046,-0.031699682308202554,0.21645459965897698,0.5374856545118332,0.6041410158408317,0.7741897485600887,0.9176856366586951,-0.6077146865758621,0.29326477980917437,0.1331517012971315,-0.5223504429896066,-0.09671587680590416,-0.15300886781240913,0.20865412847693968,0.8183050611576784,0.49694583912781176,-0.6719285181027684,-0.45104191797685994,-0.5892775415604402,0.5648795421948235,0.4822327468276811,0.0840196452604244,0.5468668052505933,-0.6451745870884168,-0.632831531098098,-0.4097451673146655,0.03400574151465908,-0.59004506601288,-0.4571921530432957,-0.7012314550015093,-0.6167365955268748,-0.10156713654153267,0.5945444005076757,0.3228346052043636,0.18172502670075294,0.15687527980662622,0.03836226682453187,0.22828514833676314,0.4516065572682276,0.5469284700521334,0.251028746744313,0.2766826343798328,0.4621710180771695,0.5061493477885627,0.5044122423304984,0.24876388936470162,0.4980736177295186,0.5071414921459934,0.8159364797586838,0.7274797394254965,0.9527101790635192,0.716568694311195,0.31256641955011394,0.752369181088115,0.8276430174271238,0.765179322889605,0.0,0.03138788461695567,0.6372525130221018,-0.09604610837012026,0.3716421731175818,-0.21062825612011987,0.8077088960279796,0.21323032812148146,-0.6370891835697347,-0.12325687693489347,0.25322876448247483,0.46491646367157535,-0.39556902690654827,0.5012657010136192,0.5055290642707038,0.14482540884510722,0.42792015168978126,-0.0041898168272893836,0.21891025760486116,0.006207238704080565,-0.20388299874376428,-0.19236613494486374,-0.2978191791331458,-0.5954747137018792,-0.5431671211412293,-0.49564318254584144,-0.030026558098389555,0.19158780719597798,0.04880546941137666,-0.06502236684409231
-0.3923794205304743,-0.6773672196088276,-0.7966871930505844,-0.6329977491421123,-0.6420182435998988,-0.7595231258481341,-0.7547253618588536,-0.6492902652142647,-0.7048183886714854,0.11788700968777402,0.09055508446542243,0.04485399477706708,0.117705553705104,0.7409557520713181,0.5220703737338198,-0.462563988101066,0.4297179011446283,-0.37477392726386904,0.3472006020723508,-0.4371532160758206,0.13251676624551095,0.611757512370008,0.694074432305645,0.18345590985497823,0.24776499753470785,0.4403624235502938,0.36866172658461754,0.7835508119317365,-0.03301387572097101,0.6995056374749693,0.29069271228512905,0.2424252928616858,0.2174269431404699,0.2098487748774154,0.20652658518174785,-0.794782309393331,-0.23129609161777095,0.43607907441374366,0.06694849121085206,-0.5962969036666049,-0.7488339215651388,0.4768099895344815,0.5320506385552835,0.48087185942295524,0.2837343102686695,0.6260269655231584,0.03656747993248162,0.38722319158118246,-0.8323994487029523,-0.7916080478246452,-0.021805858732914605,-0.7122294548533354,-0.5412676293943878,-0.5581193012200306,-0.7669433017490049,-0.7564639482871195,-0.6048859812740051,-0.6750799234904015,-0.08961510514794435,-0.342708862322229,-0.21443447615511632,0.2289763238772955,0.4453820042187299,0.4701950454592187,0.12292211567728778,0.5312927830223089,-0.6747119056794431,0.10776941750267102,0.11007666008473514,-0.2635877577843535,0.03138788461695567,0.0,0.7424833726935798,-0.7160697581686305,-0.20781497525504752,0.3424717700319297,0.1272364121152075,0.7900485147423366,0.4490344895107686,0.295669150197165,0.4145293369100541,-0.262712956949151,0.6816844947448366,0.5014882599024318,0.537334798871561,0.9022315923254935,-0.12049689371408513,0.8212504398913875,-0.7453460179847368,-0.6085857420842741,0.5728717939320668,0.4223775017501672,-0.47662191389683417,0.6033416374834555,0.6899229459479418,0.4891915202568238,0.7368757196282775,0.8130063066210914,-0.8107368122572844,-0.7083386595151397
-0.3683674304740719,-0.4097751383490721,-0.4854410725442064,-0.21492173521957264,-0.28581789945332237,-0.44600363641442664,-0.3685755438839501,-0.25779163275250455,-0.25806589160388826,0.09544055067285409,-0.01087909013382704,0.23630871199633297,0.4841171740763435,0.7816362518143452,0.8273281025998432,-0.29974813086897834,0.4892714381935962,0.012131083217863154,0.6626654093432117,0.12488965067276642,0.6631221698621661,0.12917555503083814,0.786324778160449,0.1319860368890576,-0.10325067051846916,0.18030335537972253,0.2590283033851437,0.7316486108901875,0.4094627598923214,0.8681340982558889,-0.16336390252830665,0.021166877968391874,-0.12881341339385438,0.4438685960978067,0.37855280098328975,-0.5780419466867429,0.03370689579538487,-0.001966448330894858,-0.30370978212109956,-0.7334077813738616,-0.6064226618948544,-0.05886453381956803,0.07595100409826769,-0.03945929489420303,-0.14992170536693372,0.46996081648306315,0.33338964699825663,0.5718096594350327,-0.4894231107789797,-0.5577269749061309,-0.0009121084804959694,-0.40080780466446625,-0.16667706958547843,-0.1418232826341622,-0.4179419247326219,-0.3848603313009959,-0.2080656780764751,-0.2174359864152055,0.18375114013688276,-0.08914959271882263,0.16056621064136256,0.5420560073318881,0.8513462784993988,0.9005529711473773,0.635155664615727,0.8933668988090124,-0.36237912347515633,0.5395474162174624,0.544911713559441,0.23888940298157768,0.6372525130221018,0.7424833726935798,0.0,-0.5777401249105807,0.06523441454190614,0.10046842265059779,0.5584023454643448,0.794903662206222,-0.0016754966499631352,0.11595929018740023,0.47068260525813227,-0.007221883358244527,0.25413779093508376,0.6742888161112576,0.7690468392657279,0.8055934324417585,0.05340659855131353,0.6570352940302306,-0.4219395099801284,-0.5365468011327443,0.2600399263146308,0.18720146402233945,-0.5149794893604398,0.0889504225178297,0.17968567789085038,0.09241800595362996,0.6035019838265865,0.7912482533361349,-0.5300760506888477,-0.6201154256462442
0.34903357578395133,0.5993321516061979,0.7671904177765997,0.539652787975332,0.5704307231672029,0.7753322238603676,0.6586451979732953,0.617025250161745,0.6562214752155461,0.09630646766062367,0.09941689300506018,0.12422718159153126,0.07161004248536473,-0.6551474317978527,-0.5504995850161827,0.4214192014902466,-0.2667979341322911,0.2820814142148605,-0.15827389004938583,0.21224726914514258,-0.16633851232907976,-0.5465409223394558,-0.6981996588918304,-0.292629798746692,-0.05083020397905396,-0.43836024702976345,-0.7237630217922209,-0.8070357767248293,-0.02036449932095707,-0.6790935032160691,-0.33197614920428936,-0.22998404284888008,-0.2558277704731303,-0.2991838683380651,-0.3786853127085201,0.5721469196199133,0.24032738448575525,-0.18754981081017205,0.06825795406848849,0.4781178203036395,0.5888696587043617,-0.2740432909195848,-0.5903701372191563,-0.5312647169261069,-0.5176446606766874,-0.6870019060955549,-0.20797660540304513,-0.6208808291872184,0.7373012764455806,0.7117124931874644,0.03297425049354429,0.7096791171684574,0.5724568782037693,0.48621629430779006,0.7998504395996267,0.7652342590249137,0.602488934524318,0.6397009007115564,0.40750521396629324,0.6361442925112063,0.4521338306439134,0.08565339081488194,-0.2728795153547501,-0.3712544845703429,-0.10878843348524402,-0.5218859169800453,0.7609022155987601,0.1394135704653442,0.08058963649281187,0.2637406562585599,-0.09604610837012026,-0.7160697581686305,-0.5777401249105807,0.0,0.5165145366383477,0.02996501195831786,-0.1343414892978633,-0.6860453058551594,-0.38364324327403393,-0.17918200313407914,-0.13423509403823244,0.18428532469262257,-0.6483145647710401,-0.40903562341149563,-0.49459744750677725,-0.7624414422915022,0.1956625612004186,-0.7319877417349746,0.5424695437581089,0.7974954422080655,-0.38489162450227365,0.18751044163862018,0.869455696684571,-0.29941034301263786,-0.39572321029296637,-0.5235203387727373,-0.709573342509578,-0.7940071146592851,0.7830561088752713,0.7425913355004432
0.36289945032462245,0.5769500764406844,0.6041360302748617,0.7029008304737355,0.5737472024048371,0.6115722846548185,0.6742615552019678,0.7502938734829246,0.7454685724116827,0.3433737307288182,0.37992958017070283,0.5912527020128188,0.5882158202162413,-0.2571585041832319,-0.17693824776704484,0.5482721583848512,0.31192838732264705,0.6870833131064885,0.5160589467436547,0.5945505897257224,0.4026612958381545,-0.5712655233572729,-0.27325068422080834,0.08690510562990417,0.1396747669717849,0.05622729467550931,-0.5360295069884529,-0.2654377501034922,0.5295305058440267,-0.18200872471966562,-0.6287110556142558,-0.20277602036912817,-0.28990510296861716,0.4594004301484145,0.2561082268774135,0.46141613250467917,0.640650778638806,-0.4100175257907837,-0.39257254454072515,0.06462712445575541,0.39873474911816226,-0.22857484535737205,-0.32556711216953477,-0.5608594084392439,-0.6200840089810848,-0.5469167148356131,0.20459474006256143,-0.14954504462859994,0.6021156223488616,0.44351917705264443,0.2619700401813229,0.6590471848476991,0.6128261875916604,0.6547580614464736,0.6349245695519853,0.6696517183186615,0.6960382221714057,0.711708238740077,0.7985608702307816,0.9366307048041025,0.9252733904666994,0.5442173406107494,0.2749439701329902,0.12937163411952143,0.3360187492610789,-0.0846882982157433,0.6431109354751933,0.738340790307157,0.6658315418443431,0.6909334368418036,0.3716421731175818,-0.20781497525504752,0.06523441454190614,0.5165145366383477,0.0,0.5881567226767372,0.4574149332403732,-0.21203709149077185,-0.53642478253709,-0.1570384486473319,0.48138948570844126,0.45034559701048105,-0.28069952860160735,0.452068780488116,0.28934350302689466,-0.2940015393635916,0.6296359070074856,-0.1689298938330034,0.5318741272109615,0.5082164848586052,-0.5045781569537203,0.16118760743741303,0.2902574316182564,-0.1681681812248681,-0.39589008626397243,-0.23301991960269444,-0.4058772352302706,-0.4283892925178187,0.5829453135286942,0.31583026180252394
0.353051854846788,0.0844508798291888,0.050889983861442056,0.074616857778345,-0.056699436310382545,0.1221642589655933,0.08552884258938008,0.13723802134108107,0.08017146383547111,0.49583436228117955,0.5733866294691811,0.42442936373813483,0.27384382017930764,0.009400249870354637,-0.18807340917100632,0.37478774936743736,0.40039769064161357,0.1856387048113781,0.27799662231102473,-0.059266086123670556,-0.06949402757913077,0.2147801626109851,0.004433017972615357,0.21575978103559304,0.7388434101961839,0.601672880988018,-0.09001323563492271,0.1798265018835222,0.03948249871033273,-0.028409803523766153,-0.04668866873237047,0.2985556916952167,0.2879005516885909,0.30604224816969505,0.24944755075372535,-0.025607821395115807,0.1541044995925226,0.21503932918383956,0.009600493906126056,0.026398695711066913,-0.08964436564002864,0.5126209408378374,0.4029301710399391,0.21461822889094512,0.04123473777927024,-0.05741928187213174,-0.04402363117903729,0.0030638463242866256,0.047213729991979356,-0.1986984483466342,0.3172513871768872,0.11769210536391848,-0.0037370955054659176,0.020289751084471837,0.0344569432145165,0.08839759936806105,0.06600476666355928,0.00044582957512652596,0.4223673063878645,0.5643180855313582,0.47130775378407536,0.2607119379967222,-0.017762260331357277,-0.06976703832995286,-0.18522994061622663,-0.17775498760075245,0.017120248030710387,0.21213020192997312,0.1279849284038513,0.0355170602904001,-0.21062825612011987,0.3424717700319297,0.10046842265059779,0.02996501195831786,0.5881567226767372,0.0,0.06698577285690724,0.13694648528928194,0.10206317182075839,0.11589316042806057,0.5277149630369914,-0.020667147234840137,0.4359653296223631,0.5189088170668266,0.36856871155976606,0.1561578299917165,0.26319883289112284,0.4008028242527111,-0.006725809682850182,-0.0018065040667000034,-0.06230346021275428,0.4141950315755519,0.05261335257824519,0.5436456160333274,0.2844791685184937,0.4538906536391987,0.0574866970590067,-0.06567723058812681,0.09097078080818922,-0.20763383974555036
-0.32841185483407453,-0.022479124630939745,0.1219246572014309,0.2947929433059051,0.2400007672494576,0.15779702571387152,0.21911235616229555,0.2869088511204471,0.36893757370825275,0.421004825790108,0.36552477287255625,0.6846129253307189,0.8033804004584523,0.4157586372572675,0.6266543796874317,-0.09325479045060597,0.5601002688729398,0.3908061524647575,0.6088148322950947,0.6593566672059055,0.9267765660886779,-0.34710282719413416,0.3746310059333475,0.5141514382934497,-0.10978357767887664,0.21227957442881012,-0.10988196826319122,0.3846434297671586,0.9430914053593352,0.5171910716968363,-0.5732236067812905,-0.5076047589252579,-0.36974463801469215,0.5307818384241171,0.402383626760912,0.00816120210067069,0.689245823669818,-0.39341671859636534,-0.31888857012564936,-0.19111777033452437,0.04615424547764798,-0.17272396281922053,-0.09052429221294238,-0.42611412198555954,-0.5419406038312617,-0.02535332954754052,0.3752589823694998,0.2793555457170751,0.11802611903648022,0.17953933023139315,-0.31042940851780315,0.05718598650987621,0.16041642730521866,0.32095823491700143,0.15561289894258873,0.24928615588454048,0.265213806193923,0.38676991636375907,0.629878846502027,0.37812277889896395,0.6149167926338601,0.6923518466760649,0.7908394793997463,0.6583997388906424,0.8194739390387841,0.64428966939253,0.09908385362332653,0.6713033057617559,0.7483091092177069,0.544192178859137,0.8077088960279796,0.1272364121152075,0.5584023454643448,-0.1343414892978633,0.4574149332403732,0.06698577285690724,0.0,0.4010650018558778,-0.5229663553070729,-0.4789894034372148,0.42072447517909184,0.1682694201124827,-0.2967328535721421,0.48662767942329693,0.4150129200556863,0.05297679544495474,0.6859103737528723,0.26128291797348263,0.14432945901678687,-0.10883628211136885,-0.4752329201853596,-0.14582525654518322,-0.2715264364255931,-0.48036869888388295,-0.27447170675610283,-0.15115002803101668,0.05106842850701001,0.15900915546538655,0.03746751307392455,0.037727083262474675
-0.4813948448117506,-0.7757235376375167,-0.7192437193803084,-0.6083735594733631,-0.7059629660704313,-0.6192692739978306,-0.6453426447795898,-0.6296872541300066,-0.5897085403812887,0.39265390292292457,0.18964492548946607,0.2154052895996082,0.4079923953172664,0.8727438944240323,0.8246236044580293,-0.41363080913333594,0.6082332347527429,-0.41312638064858215,0.39958981745019645,-0.25260119853943785,0.3896015540511933,0.6039536757800609,0.9476627631461122,0.3239160907786353,0.23928456605617118,0.3591741841938208,0.5735387364783209,0.9139817526517194,0.15557542980655895,0.893609193919802,0.15576693097517985,0.1580164619915123,0.3087743578435108,0.12713842676079115,0.15397410107686296,-0.7533535329010409,-0.22449866870320526,0.43198157155099187,0.2078365051759804,-0.4597993061497589,-0.6479740927291724,0.3195786991464305,0.47235218848823596,0.4415284862886929,0.19310071353444175,0.7958390478894258,0.04157112828560259,0.6611484654083898,-0.671445282336068,-0.6645433796030741,-0.3559589082144598,-0.74526190076729,-0.6465734330500963,-0.603732094526276,-0.7013352658995423,-0.6154812592089242,-0.6501205011574578,-0.5981022993831864,-0.11003003440947483,-0.2695668087936182,-0.05789519111968436,0.45167509862602684,0.6002633738615176,0.7217584469195418,0.24347764690318272,0.7693531988741269,-0.7636254104013067,0.09396845312843376,0.0715831807284351,-0.29445398353269253,0.21323032812148146,0.7900485147423366,0.794903662206222,-0.6860453058551594,-0.21203709149077185,0.13694648528928194,0.4010650018558778,0.0,0.30303442478581183,-0.18253315295129363,0.3834266728806016,-0.4578351445588185,0.3874538886953632,0.45498149412218275,0.5909638838369343,0.7761130690648291,-0.11966779879179072,0.9229682460806488,-0.625731259266048,-0.7711679480557811,0.15056882341097985,0.13030382882422037,-0.4561519104830418,0.23555405018585532,0.5207420019042905,0.5254221154085654,0.8680403709191737,0.8911142267091435,-0.6501804659268642,-0.6197270304411322
0.14151261397458378,-0.537396535792936,-0.5121829959328372,-0.7778372008128759,-0.7946844523162022,-0.46444754754348516,-0.6231203942127639,-0.7189884995871481,-0.7385001120784483,0.09973680382847795,-0.11789931139453441,-0.5946725863558979,-0.4595341390684767,0.02656874890581522,-0.0629511045115655,-0.12322707485951928,-0.11399770465292318,-0.5620447983419995,-0.416535462934725,-0.7266784674493396,-0.6051580612310279,0.7714722238368105,0.21092696393299737,-0.19428510302934232,0.43525802202028363,-0.05340942430463692,0.3601192102936929,0.20507020077098023,-0.6983149742829482,-0.011283048479606069,0.9651831626221643,0.7481198814999355,0.6491483236465643,-0.36293741657311684,-0.5464544456427574,-0.43929690578818104,-0.7289638491478192,0.7388901977705143,0.4666854112913394,-0.17459766072030544,-0.6487836232560564,0.5651991200881393,0.6129008969740855,0.8595304344647298,0.7447960298079107,0.3381423280144043,-0.7207021130413114,-0.032393531870123414,-0.5378306331680996,-0.6534534836772196,0.04123020441419584,-0.540501399680158,-0.6991244852595991,-0.8174461162152917,-0.5626582353480154,-0.5719520139449021,-0.7221870552637969,-0.7674455815870281,-0.5988207755288313,-0.5285690076312756,-0.674042835903792,-0.25076277957577014,-0.376820571945169,-0.10688910963489279,-0.6905997347927879,-0.11872593969262207,-0.7140496348510725,-0.5609792246634603,-0.5968251105572946,-0.6740746967966496,-0.6370891835697347,0.4490344895107686,-0.0016754966499631352,-0.38364324327403393,-0.53642478253709,0.10206317182075839,-0.5229663553070729,0.30303442478581183,0.0,0.3240758709656659,0.14053861780109392,-0.6047812234532979,0.7145426265894768,-0.2986645956905923,-0.17732217064553957,0.43526880196596296,-0.5010918168422139,0.42610826777052174,-0.4413450629182048,-0.517423206708758,0.4585122020817455,0.20868786643539372,-0.20086436336765998,0.8215758160055142,0.7767000367604686,0.5897708829567547,0.3516343819576037,0.3436495398071998,-0.3681783920532266,-0.39085743393553535
0.24847283991224095,0.09136130271666545,-0.1460619511236424,-0.0618091845857954,0.007065788796840903,-0.2172187330237253,-0.1688391044178741,-0.07111183480667463,-0.19477955843642594,-0.4956213704513748,-0.4630705772739886,-0.47755060337634536,-0.4281303364442282,-0.12530562812301893,-0.23947883296219824,-0.050816785396497054,-0.37874415791073973,-0.029034817183955345,-0.0683343869874508,-0.24922653978559212,-0.311185372973253,0.0114647448277888,-0.20537116775750328,-0.49455946547963997,-0.06929406371594309,-0.08112545911594857,-0.0816723075167074,-0.12002498561821578,-0.40120643928198424,-0.15411015444283307,0.2969539174434536,0.48664115574860134,-0.15423683350336653,-0.022448419288385688,0.04816729201549268,-0.23278052173850236,-0.38415769167493186,0.043282214258973724,-0.3257246909854789,-0.500777124554648,-0.40899566687747063,0.04521377486784953,-0.0387166974584957,0.0778517340669833,0.24277345639786244,-0.06891664098541068,0.05508743009363129,-0.1641257370098534,-0.2740551290889253,-0.45310965664011676,0.6583121480079646,0.02102929550679118,0.146806412801304,0.03302437305480405,-0.11557858800849917,-0.22606982733017963,0.03224059591656204,-0.13825336308676803,-0.09055604643924774,-0.23025639321424454,-0.32003443385761193,-0.2777773133396579,-0.12034808194650244,-0.13371027655193085,-0.13577557739972163,-0.1164739102973472,0.038573720007949765,-0.010663344448371687,-0.027378252240937675,0.01661791982947492,-0.12325687693489347,0.295669150197165,0.11595929018740023,-0.17918200313407914,-0.1570384486473319,0.11589316042806057,-0.4789894034372148,-0.18253315295129363,0.3240758709656659,0.0,-0.14257493389777426,0.12552609514555035,0.4684291481979028,0.10438680723893308,0.12388587086065692,0.3443394899108105,-0.43814117188591906,-0.09870891537339768,-0.27749619389498503,-0.06445872414461416,0.7037954755709968,0.3932783677142902,-0.17445877457754544,0.537593173608731,0.20481316670466776,-0.011856579471235909,-0.019037446169817795,0.11276653442132613,-0.28181365346772863,-0.446154957046106
0.21367396207329248,-0.01306330573900322,-0.09398579475209133,-0.023168134491054915,-0.1574792507963759,-0.033753315693003036,-0.03758527015560519,-0.008634604308372271,-0.00037820233288954986,0.33686666588050623,0.3412708005757446,0.23376121142817888,0.330415884094931,0.12061035516900417,0.27422957538433723,0.299693211218087,0.2919397866891933,0.3392878043576759,0.27039691912175906,0.22135227074424235,0.24630746205087645,0.07029824651326814,0.3344294101684147,0.20196795016501687,0.23070857170746925,0.1475727536499172,-0.0906829107501235,0.2895341712340364,0.25100717113490095,0.3372704798066181,0.0029929422520122897,0.15849497872216814,0.2891037226024611,0.5024144209183399,0.06638386729789665,0.058303803686710946,0.26708303860066984,0.039197534571909845,-0.11444496854453179,-0.2028418880256425,-0.2168351004911036,0.11724976290765249,0.23396919185478535,0.04339440666589878,-0.13329112861416503,-0.02367102273143269,-0.1618782248082884,0.18258749786104803,-0.01637974533855633,-0.13745443992312473,0.20811276393864436,-0.013246524929792482,-0.07353236160216355,-0.05330356636883307,-0.07665651705000255,-0.0318225454848265,-0.03005326474621671,-0.05104990707939112,0.26488770362914343,0.33156074057836027,0.3551251719713894,0.420752304854739,0.3532120694662478,0.46968838288855824,0.17184159336038468,0.32672936317847917,-0.14397836239377568,0.39955189735138325,0.41748876575526284,0.3032714444720474,0.25322876448247483,0.4145293369100541,0.47068260525813227,-0.13423509403823244,0.48138948570844126,0.5277149630369914,0.42072447517909184,0.3834266728806016,0.14053861780109392,-0.14257493389777426,0.0,0.17911942709294496,0.2588823689703082,0.4665329623995723,0.3968910707357528,0.4075634713896696,0.4573170464977487,0.46629380736130044,0.18092936547030036,-0.05746124419896041,0.0018976135504657375,0.11467269720196423,-0.20070286885909924,0.3076531947272063,0.12774006429482487,0.11539409981612289,0.10563557777844876,0.2127561648446151,0.04185011890131293,-0.12361745394352823
0.2447921159273058,0.6964943969496801,0.3650213681023813,0.7105375771472596,0.6989827378510283,0.23463648574950233,0.5069912570376787,0.6175671811064501,0.5373857979398035,-0.5278980404494531,-0.20527066009507652,0.08708896345612271,-0.05654274017197811,-0.2945392003040416,-0.20881876265770416,0.37015319240546707,-0.2271569741036977,0.7844269760357804,0.2618712401945862,0.6460160756492938,0.26478519528883315,-0.7231899741265018,-0.32434362167159286,-0.019756052000297883,-0.5607776147029194,-0.0996106698940105,-0.3249870320765019,-0.34016564301881347,0.36933173458925783,-0.12676837600515356,-0.5910543984745402,-0.37063299900936797,-0.40341300374007605,0.6658793104986428,0.514240441227527,0.6204396119381765,0.6189610596445452,-0.7874495344618031,-0.6835991032031148,0.03393798478355652,0.5430554566802134,-0.6216602319557537,-0.42705764445803146,-0.6872318286291561,-0.39216258034169516,-0.492637110738737,0.5900237772351427,0.0002923380135902463,0.43039657189415576,0.48586727145677644,0.5230510274143133,0.5554305815422217,0.7340629079181247,0.7600815615799735,0.38161480578666795,0.329285591116124,0.6718559049825003,0.5684782190249039,0.24524264643580856,0.27417604550615865,0.32626245304655493,-0.16468324329603354,0.0735124012403547,-0.0514253079876998,0.4241595246293541,-0.07357165806628273,0.6511757702459293,0.4767906830514082,0.5532506265497551,0.7843015647845973,0.46491646367157535,-0.262712956949151,-0.007221883358244527,0.18428532469262257,0.45034559701048105,-0.020667147234840137,0.1682694201124827,-0.4578351445588185,-0.6047812234532979,0.12552609514555035,0.17911942709294496,0.0,-0.2338401399172234,0.3439921674196831,0.20670029946865082,-0.14669857997599117,0.474723860218715,-0.4463630534921009,0.5921576983335103,0.6217094691982841,-0.008725225145652157,-0.28521510452544124,-0.07173320368687049,-0.386771606772576,-0.7221987458484378,-0.6059464149422074,-0.4499492595759593,-0.32295173962645946,0.28510209315036644,0.25457699369080516
0.13427747826363245,-0.36436935542110194,-0.5386257082968221,-0.4847616540828364,-0.5587008231347231,-0.5564751569626964,-0.49167107446289643,-0.4836167045447155,-0.5898689291462688,-0.030027303829742263,-0.10480457212421321,-0.34478937000580406,-0.31960136694518393,0.21657324787768398,-0.023720939276944113,-0.037125707139570974,0.11676649673864242,-0.2484289479395681,0.018779411217474132,-0.4699095546892859,-0.3230014416891548,0.6511378818595577,0.31582210544924766,0.0057979828079789955,0.4001649243132447,0.3746301666118201,0.4970225141555025,0.4746161202038556,-0.36280103165787475,0.19529425835264855,0.6112483647540535,0.6156885173426426,0.4586681048579463,0.1920059289362757,0.1440454001512334,-0.4354057235347427,-0.3722550651690292,0.405593995338973,0.002723848570630277,-0.35398991361757587,-0.6402539822615827,0.5110675654444624,0.7352333869456859,0.7316629314524318,0.7469076968621656,0.3813113921553006,-0.14487556395541892,0.26955028863381425,-0.578907311635994,-0.7771901297063096,0.30276447635921777,-0.43768616388712334,-0.444936275841456,-0.49716860683779673,-0.6067706400423153,-0.5977877669066355,-0.48475224162504593,-0.6136389583154407,-0.39809699707882756,-0.4199317868343119,-0.42952925838138933,-0.23670161173809012,-0.17642005643714534,-0.03871526345471973,-0.4055677841499443,-0.02219603777613543,-0.5761197839600021,-0.2267931251699311,-0.2627185031276076,-0.3620620353814737,-0.39556902690654827,0.6816844947448366,0.25413779093508376,-0.6483145647710401,-0.28069952860160735,0.4359653296223631,-0.2967328535721421,0.3874538886953632,0.7145426265894768,0.4684291481979028,0.2588823689703082,-0.2338401399172234,0.0,0.33585534011428225,0.34973177920963916,0.6420223693926059,-0.23063165645854072,0.6190222633685781,-0.44060110840478806,-0.5567544865590562,0.455675781961173,0.11651924744596037,-0.5508859821035139,0.8246997762182856,0.6043185936407851,0.6889803670686356,0.46412465244105905,0.46733162698431174,-0.512238046579571,-0.7002712058315695
-0.004568088384343659,0.03891348747135473,-0.17859843862430133,0.2516930667347798,0.08335624693871291,-0.1893824521623093,0.045550859775099276,0.17427807568160217,0.10815700402926563,0.06008078213290198,0.07823220617508847,0.40286028530758383,0.4535470117256294,0.45831178095285946,0.3944835014706554,0.12772462473553853,0.4689555802804379,0.33710860641915974,0.6991018944770636,0.34682260647546426,0.555542434800911,-0.06295475031192978,0.4618903520037356,0.19661033281324317,0.03401799869621515,0.4748176761510452,0.2606843356177137,0.5715136470851855,0.4831278946947935,0.5745516445063885,-0.45981071497868764,-0.006754566526916727,-0.11579557141963849,0.7062818399270683,0.8056279197620784,-0.18165350628163432,0.3254704298230047,-0.28011279232583336,-0.5426855868570301,-0.45802791957264294,-0.19220798455911187,-0.12225106706137723,0.11818034334045098,-0.1335480315904676,-0.11716259839844954,0.26638048856121516,0.665729693978645,0.6220392704969687,-0.13664350817420312,-0.3172758437486358,0.3212949819132958,-0.008332729597128632,0.16503200079993277,0.26265808186612577,-0.1638696765711496,-0.10485988478225095,0.15721663711556963,0.08765757004780167,0.3427749649846183,0.2530629968482082,0.4844864469547411,0.3838651885875049,0.5840605656169555,0.5133469243027156,0.5032171449124864,0.4805195504654149,0.0029998470711891144,0.5930119971932214,0.5429159687406655,0.4095029556968746,0.5012657010136192,0.5014882599024318,0.6742888161112576,-0.40903562341149563,0.452068780488116,0.5189088170668266,0.48662767942329693,0.45498149412218275,-0.2986645956905923,0.10438680723893308,0.4665329623995723,0.3439921674196831,0.33585534011428225,0.0,0.943747848792529,0.5328395686022341,0.26856125380459167,0.5265032042433495,-0.10068835156490134,-0.2347076506076277,-0.006531980854302001,0.017709483056440156,-0.45529145700739837,0.05752902146991899,-0.1014098999185546,0.2344138982189485,0.4128726264528773,0.4506989846102672,-0.24471259916745083,-0.5410973146898764
-0.016883331839251985,-0.08178970362731627,-0.28370357710736427,0.11896290864854764,-0.07582771385360823,-0.27402279159900644,-0.0608847474071182,0.03305022328227588,-0.014709286483438134,0.029649648749210604,-0.05114078976047543,0.26188491664372154,0.4230426544419388,0.5490360546753189,0.5328152638778663,0.09525863826388944,0.44897143391799943,0.20749056349689646,0.6764353959796944,0.26369656399873936,0.5412918964604495,0.048819936706389844,0.6292574784646449,0.07061741522188263,-0.005403586864087639,0.3422892139292613,0.43276738251451463,0.6454842031160376,0.3593649721507025,0.6841221683319689,-0.34382733452390984,0.14550181406484874,-0.021868377516539056,0.5927797100734253,0.70582929176353,-0.3024805348983358,0.09013227699159392,-0.1636985074489089,-0.4815839986328243,-0.5557835440830267,-0.3279212962605249,-0.1854091809058789,0.09371785857104262,-0.049714538587697005,-0.021165384481785857,0.42939422808320576,0.6093392047501058,0.7748964030855366,-0.21480555367707077,-0.45797871294254056,0.2913280939385557,-0.12401505246483013,0.04455639443195868,0.11416297277826264,-0.2666912666125975,-0.20489505477259023,0.015611770316513032,-0.041442933000457934,0.1581526568353618,0.11253859219221121,0.3580427622867156,0.3855582053288031,0.6099916662392321,0.6448336802671544,0.4625552274166791,0.6102182998196141,-0.14437036466330122,0.5048702180878207,0.4291511507051246,0.3052270520103459,0.5055290642707038,0.537334798871561,0.7690468392657279,-0.49459744750677725,0.28934350302689466,0.36856871155976606,0.4150129200556863,0.5909638838369343,-0.17732217064553957,0.12388587086065692,0.3968910707357528,0.20670029946865082,0.34973177920963916,0.943747848792529,0.0,0.6586265281621768,0.04042293408039214,0.6048659020993365,-0.18892695207022672,-0.40803938168010134,0.043255719702376814,-0.025365769357926646,-0.5046677404773687,0.05823921771845828,-0.06340289756162514,0.2746911460240915,0.5694565581000429,0.6208680470466005,-0.30808254714933897,-0.6644079685857314
-0.2429100472956411,-0.5676961500003466,-0.7896459166521952,-0.5625351514614777,-0.6205424572136562,-0.7547113345132631,-0.7005766989775943,-0.6272926349944886,-0.6747395414678522,-0.08961366286831944,-0.14432001295554997,-0.16191209463917014,0.009627148168304496,0.6962422423764861,0.6017499061947162,-0.3150022116768095,0.2607454942529335,-0.2969202922637856,0.28831414504930875,-0.3276298740876291,0.13797766189495406,0.5445545795986293,0.7730202973354047,-0.03161368669865534,0.04396352966172173,0.23791833343174454,0.5033118112782065,0.7544034662244348,-0.1213973251837514,0.7592296977514654,0.28836757508787103,0.38268235222652836,0.27332151678502925,0.24757940103621118,0.2351252536886338,-0.7009128130674405,-0.36893068133131707,0.34415422063601475,-0.06094222558517324,-0.6751751984360931,-0.7622208523675734,0.19930737747095092,0.36743182339661373,0.4048369073568722,0.3184161845828505,0.6750779754137824,0.1162235923076152,0.5865928794062685,-0.7540104916742447,-0.8201684963568291,0.14986914126106368,-0.6512914433431992,-0.4827571222741342,-0.5053474230851889,-0.752804700895626,-0.7555233910945467,-0.5759029584532513,-0.6640665762484247,-0.28362386826398683,-0.44799720915877633,-0.29643024988627853,0.1334050496307433,0.44677387121167234,0.5998176571472242,0.14697943855734497,0.6389635324985902,-0.663468678713488,0.07041017042117875,0.06445630335952302,-0.184805998791978,0.14482540884510722,0.9022315923254935,0.8055934324417585,-0.7624414422915022,-0.2940015393635916,0.1561578299917165,0.05297679544495474,0.7761130690648291,0.43526880196596296,0.3443394899108105,0.4075634713896696,-0.14669857997599117,0.6420223693926059,0.5328395686022341,0.6586265281621768,0.0,-0.2833387074818558,0.7696619965174835,-0.6247088428586076,-0.6563685178362398,0.6318575698155197,0.23015236939293413,-0.570274870979608,0.49556065541848454,0.4844221553772944,0.3787604542532784,0.7698588309887132,0.9056908656932727,-0.7555043173492522,-0.7957164693263757
-0.05675945868956112,0.3519453260228194,0.37808491612636824,0.48850302082138897,0.48288047441214654,0.3479209140621387,0.4421495394004834,0.5088599200071562,0.5320739582433618,0.301988632583059,0.4728141863759158,0.6044462706009086,0.4777969543272303,-0.07482020320949069,-0.02598961504855182,0.20214022002854728,0.3892227537390323,0.6255125498975929,0.4204657941049027,0.6149455380594274,0.528589442454923,-0.46206132642379394,-0.16967405743654027,0.5312149798314061,-0.056408996514592566,0.1991590002309376,-0.47372153851905946,-0.09963878635416691,0.7675980188733964,-0.04036386136211224,-0.5062495613423074,-0.5627981681642762,-0.29340498475443544,0.6349865631562718,0.2985203745295533,0.44802142285821006,0.9394498482747807,-0.4533629696820843,-0.27454489229236123,0.23748212440358238,0.42435520733427373,-0.0631456702808873,-0.06188162419460851,-0.4688960275324439,-0.504631397619533,-0.5135421476021943,0.1892597967273527,-0.18193737640280794,0.35960487446204076,0.5384359315539162,-0.14122903234061904,0.35972529018629246,0.3853387797345942,0.4934875223483962,0.3829860942553713,0.41602718109834724,0.48265512080612455,0.5419075459993106,0.6149804794150188,0.5125246619274562,0.5752417900164709,0.3380399206417943,0.28261665282843446,0.08731628683995946,0.47154267290622776,0.004077878286367224,0.3954675410960896,0.570316145862715,0.6756535339085435,0.6197221580077522,0.42792015168978126,-0.12049689371408513,0.05340659855131353,0.1956625612004186,0.6296359070074856,0.26319883289112284,0.6859103737528723,-0.11966779879179072,-0.5010918168422139,-0.43814117188591906,0.4573170464977487,0.474723860218715,-0.23063165645854072,0.26856125380459167,0.04042293408039214,-0.2833387074818558,0.0,-0.10884859557133227,0.4884197334424148,0.40587271523692287,-0.47184035198431007,-0.14246311110733365,-0.021334563835103716,-0.34210160157539077,-0.38035300444898246,-0.31194772539298005,-0.44024375016492157,-0.3658831150732957,0.31202093175429635,0.45595753041361486
-0.2777180822521274,-0.7083148449992417,-0.706721458340483,-0.6071331284206355,-0.734432970748251,-0.6061723262878898,-0.6259765219738936,-0.6209685181370742,-0.6158633826300899,0.4283686993676544,0.2947133026896145,0.1969713211064006,0.2797980055350624,0.7480865089433567,0.6311719627353686,-0.2505933882957003,0.5730043415293942,-0.37025602518468087,0.29514237060393017,-0.3203820014182261,0.18519556368960569,0.7262880357075004,0.8602804628683617,0.38623343111216524,0.47373764487984726,0.5701775510535056,0.6451441730582346,0.9232317497395817,0.03308266326423238,0.7726028905793043,0.2720227642794363,0.31713775136700156,0.49450924248043876,0.1932149706242471,0.23483265741202372,-0.6697535473484845,-0.2464780101030725,0.4877474139104443,0.22603821920890008,-0.35288472678368193,-0.6358876997206934,0.5069620154812152,0.6987457468961656,0.6253296265778509,0.3908296683473858,0.7741135490371882,-0.0037771404081744933,0.6542229406115675,-0.6459910944734333,-0.7315448102307525,-0.1769812238477906,-0.7034890206957816,-0.6803437743121772,-0.6267274193154996,-0.7263291016869453,-0.6282066552474893,-0.6650555913987155,-0.6610090342104489,-0.151769988392413,-0.230277274235768,-0.07752517717159281,0.2989643133358063,0.38015775257845724,0.5085599249508888,0.017040664923039253,0.5649633394930749,-0.788452123793183,-0.037458642369651525,-0.06822695067990237,-0.3760557686904407,-0.0041898168272893836,0.8212504398913875,0.6570352940302306,-0.7319877417349746,-0.1689298938330034,0.4008028242527111,0.26128291797348263,0.9229682460806488,0.42610826777052174,-0.09870891537339768,0.46629380736130044,-0.4463630534921009,0.6190222633685781,0.5265032042433495,0.6048659020993365,0.7696619965174835,-0.10884859557133227,0.0,-0.5741456954896438,-0.7768104383686368,0.1735824653186237,0.1275716159601043,-0.5043376709284715,0.4554028224322626,0.6043863393430289,0.7327367063473894,0.8407942046602965,0.80559204831481,-0.6099049021128752,-0.6933048388917212
0.6113355231288875,0.8425071208492563,0.8104179611502821,0.7708550310495715,0.6963224555088087,0.7645456489450598,0.8497702428665731,0.775024687846393,0.7978073002464583,-0.0664084748643478,0.06814141408083758,0.09206771425495534,0.0009970362606972977,-0.6930865155935487,-0.4019597131488692,0.7828103888924975,-0.2609576346266836,0.8214092075127065,-0.059317941201762946,0.7380704721631984,0.08350477351863206,-0.6584954739007663,-0.5070801876972358,0.016898934705982433,-0.1965671041313602,-0.2739224480040728,-0.3824390592853032,-0.609494400161941,0.26797441294476987,-0.4979369232772516,-0.3613432335935839,-0.15428180519028853,-0.08107419760761982,0.36916559377156877,0.05123165890854806,0.9632748905337453,0.5115213376530692,-0.5998566135789817,-0.33205705284031006,0.485098265966857,0.6767770856733357,-0.48610429560117135,-0.3646614791423216,-0.5417381765541645,-0.30762327730277766,-0.7309644864486745,0.028672889959187875,-0.19867366778675313,0.8884335432777295,0.7111568336305778,0.3295024144632155,0.8232442121633388,0.6733456744633108,0.6866529808092343,0.7723340451734461,0.7759942490620455,0.732343361597602,0.7451014233619745,0.21241782001243667,0.5193627343316728,0.41242528195424305,-0.12334628687558456,-0.27487491548665605,-0.22096867759271863,0.0484085647462333,-0.3547992382313505,0.6780329518036782,0.2081022885791085,0.24823129363169674,0.6405454207523016,0.21891025760486116,-0.7453460179847368,-0.4219395099801284,0.5424695437581089,0.5318741272109615,-0.006725809682850182,0.14432945901678687,-0.625731259266048,-0.4413450629182048,-0.27749619389498503,0.18092936547030036,0.5921576983335103,-0.44060110840478806,-0.10068835156490134,-0.18892695207022672,-0.6247088428586076,0.4884197334424148,-0.5741456954896438,0.0,0.5898145740893022,-0.5548743067480411,-0.5046373959301463,0.17953514759293857,-0.46630575936007757,-0.785090517953615,-0.5112329865287059,-0.7542109379624767,-0.7262515839468883,0.8643618054602175,0.5633110889286987
0.24184149812684907,0.664351173143435,0.5973374412901408,0.6181973330556778,0.6738890138132264,0.5199125486382997,0.5763544655702764,0.6220542166463882,0.5996927486455604,-0.19617309352272802,0.01961403906078949,0.1228701940443857,-0.06635295324108116,-0.6258158627252204,-0.6144798940849462,0.3309951382218018,-0.2811741485167308,0.45913262806106425,-0.07225290837280489,0.3075926594543411,-0.11182872638655593,-0.6754827817793548,-0.7494981952442695,-0.12628161611069758,-0.3021725461794374,-0.32109380583612523,-0.7458927581342744,-0.7888682875524454,0.08789582975157403,-0.6174870909632157,-0.4481381040138792,-0.42016674649332725,-0.36473538966321206,0.034225144359059705,-0.09971549907081637,0.6647289094399994,0.4880936615651726,-0.41961692988182797,-0.13842810841563452,0.4704320878525112,0.7726258308118782,-0.37975159988283547,-0.5786815917191799,-0.6426421273860735,-0.5620470896649549,-0.7283773844297838,0.08336289521425798,-0.569911810962847,0.5990315890101988,0.832464337681046,0.16537342359730028,0.6454009603589954,0.6508208639180146,0.6205596124751046,0.6297869564826419,0.5602396450269524,0.6393582811550276,0.6220235463605079,0.3737984274296009,0.5061905483874317,0.3765814734499873,-0.09588122545761699,-0.24988402574312338,-0.4616167178490329,0.03840559969059238,-0.5467953439845883,0.8002686995825536,0.24160869759967415,0.25209076421623533,0.4403288783097166,0.006207238704080565,-0.6085857420842741,-0.5365468011327443,0.7974954422080655,0.5082164848586052,-0.0018065040667000034,-0.10883628211136885,-0.7711679480557811,-0.517423206708758,-0.06445872414461416,-0.05746124419896041,0.6217094691982841,-0.5567544865590562,-0.2347076506076277,-0.40803938168010134,-0.6563685178362398,0.40587271523692287,-0.7768104383686368,0.5898145740893022,0.0,-0.1875068298805954,0.0936371663602745,0.673542414930361,-0.34196936348739576,-0.5124643582620012,-0.6399666498009939,-0.7372541227221515,-0.7570814347851288,0.5673345130687265,0.8028705427362577
-0.1553583284727031,-0.3314690791616924,-0.617499922714554,-0.5262958570878706,-0.39065261734485823,-0.6336808212756414,-0.6634873344914209,-0.5791342773470709,-0.6559163684322338,-0.4866602377151583,-0.3203851992766148,-0.4744291988616267,-0.49841414291083835,0.2380418398882396,0.07761803267665243,-0.38988534567830246,-0.3081881917945537,-0.3819302449760519,-0.22361822433334896,-0.5501015115336588,-0.36896670482770816,0.3691685978666315,0.15676433911805093,-0.31412623058092687,-0.13286891153043326,0.01397334464490322,0.08250794470810742,0.177147827366937,-0.5222655476681733,0.20722647497050126,0.42693810148153555,0.330585875607357,0.12475327890602735,-0.13757623570683666,-0.07559273484483675,-0.4970901431796965,-0.49048526490309985,0.3418845670188307,0.0717056690175965,-0.4165323876836498,-0.5035559637734977,0.22268106374270522,0.11514658684262456,0.2790619954758674,0.2848630304797037,0.32505568663125195,-0.05454770765898573,-0.013470137207516743,-0.6467108172019675,-0.538050159713497,0.31655420825659386,-0.4647848479549925,-0.2894226734704907,-0.3972206902791024,-0.5514071498170462,-0.6689279028743705,-0.45005568750190555,-0.5993661544683812,-0.3668346856268177,-0.5642615860393246,-0.604311509155917,-0.3288192098678607,-0.027300009725496604,0.015107118227829404,-0.1409745507241112,0.12851462377845624,-0.3656149404792542,-0.2638069320597302,-0.2044971084506907,-0.30641505932166413,-0.20388299874376428,0.5728717939320668,0.2600399263146308,-0.38489162450227365,-0.5045781569537203,-0.06230346021275428,-0.4752329201853596,0.15056882341097985,0.4585122020817455,0.7037954755709968,0.0018976135504657375,-0.008725225145652157,0.455675781961173,-0.006531980854302001,0.043255719702376814,0.6318575698155197,-0.47184035198431007,0.1735824653186237,-0.5548743067480411,-0.1875068298805954,0.0,0.4555079643410102,-0.1617605929582733,0.5440508153324741,0.4391096002470362,0.014844197194391912,0.3075332405806425,0.4541904312306474,-0.6486835559588219,-0.43655014284363824
-0.18658303268434717,-0.3095728743640583,-0.24094616696229174,-0.3198014750720783,-0.24327988332016615,-0.16686140915147685,-0.3557013022115319,-0.25063862773779866,-0.254173351325966,0.27276192792052634,0.2649117780460519,0.16951630994942174,0.19813285595267446,0.18419263352958276,-0.0276678269865597,-0.3110446537462329,0.23189734277635282,-0.3577904113778883,0.12421955775762071,-0.4804894981682656,-0.13376325771617117,0.21015764479039004,-0.04279237863075521,-0.15121446425720642,0.34596798202833307,0.08149471168114893,-0.39327490529188736,0.0029468450850180265,-0.20504451556560668,0.003025938001701678,0.11686471261775465,0.15836275599706365,-0.08651687469601375,-0.32152648161638575,-0.29165743818852247,-0.5101415097321939,-0.21663258711531358,0.5043342191687503,0.2788159664621146,-0.23847433799255116,-0.3059696984203538,0.4338551530934745,-0.07579168032469631,0.07360703761765158,-0.25716630273059315,0.0532787855772994,-0.24697826693592845,-0.34570146569089555,-0.3472110594040333,-0.21285575848147614,-0.02851944612598305,-0.2218855928211502,-0.1698278094800267,-0.2513718575580762,-0.14122476254645006,-0.19408602737183367,-0.2038901213298315,-0.2207639847144127,0.3777050075065119,0.21843325018567358,0.13124206167123773,0.37646850124029163,0.19019966898061938,0.03721717131093085,-0.06596085113909386,-0.003997475219649171,-0.06923105027869157,0.15011630340533702,0.08821400412067382,-0.2135982132484303,-0.19236613494486374,0.4223775017501672,0.18720146402233945,0.18751044163862018,0.16118760743741303,0.4141950315755519,-0.14582525654518322,0.13030382882422037,0.20868786643539372,0.3932783677142902,0.11467269720196423,-0.28521510452544124,0.11651924744596037,0.017709483056440156,-0.025365769357926646,0.23015236939293413,-0.14246311110733365,0.1275716159601043,-0.5046373959301463,0.0936371663602745,0.4555079643410102,0.0,0.4466739968801921,0.5060295613504233,0.5490362215812823,0.07523544512056461,0.11996568414344806,0.11773791168401021,-0.27282862664852114,-0.024996906252106304
0.10960102485053155,0.22118867527051267,0.3981463962372592,0.16981084418908163,0.21107442191166645,0.4523462954550963,0.2781398766251879,0.23409164150537776,0.28484358199846216,0.22965596759665374,0.19753038922632885,0.14396247153438035,0.04124655514790726,-0.38718598010589406,-0.4346447376465478,0.16264121301309395,-0.11951729078788824,-0.11229410722523565,-0.21322712811491001,-0.16733666734479208,-0.29563508908917285,-0.2053901308791571,-0.5050975163396819,-0.20769314299365804,0.0999851740009916,-0.30031765828134177,-0.5728859508312139,-0.5962364295605329,-0.22718950077513603,-0.49953295069094233,-0.17066403448749504,-0.14595169165015234,-0.05294202273597498,-0.5153671038835677,-0.48493511899580855,0.22095642217578304,-0.008273106456915732,0.1815561920788382,0.43162408875096325,0.5192150370549081,0.46229023834543775,-0.028422691518929198,-0.42959133169860336,-0.27267766815724287,-0.41370827591992576,-0.34594490834709407,-0.28818140313878665,-0.5348615765775875,0.392584693837173,0.5494810101048141,-0.16614261638418992,0.32229052815675246,0.2176287625337304,0.12485557912880081,0.45176601060720256,0.41939127599519566,0.21613567755716528,0.2689831886392168,0.27615575362056527,0.4518393282867602,0.28132891562335804,0.08798067451420029,-0.25764338335153664,-0.36302034920388915,-0.23705484533326654,-0.45877690666314586,0.454893028727783,-0.06028735970213983,-0.1421093402600426,-0.10908303860485115,-0.2978191791331458,-0.47662191389683417,-0.5149794893604398,0.869455696684571,0.2902574316182564,0.05261335257824519,-0.2715264364255931,-0.4561519104830418,-0.20086436336765998,-0.17445877457754544,-0.20070286885909924,-0.07173320368687049,-0.5508859821035139,-0.45529145700739837,-0.5046677404773687,-0.570274870979608,-0.021334563835103716,-0.5043376709284715,0.17953514759293857,0.673542414930361,-0.1617605929582733,0.4466739968801921,0.0,-0.13928003294121438,-0.06803903479874712,-0.3075853846554949,-0.3946403123953192,-0.5437542220514939,0.45870762812907667,0.674176863565739
0.21821949568502275,-0.37203599532658155,-0.44242358887727384,-0.5703947609969161,-0.5989284938470871,-0.41067037491925307,-0.5179981244984587,-0.505778391689269,-0.5911164169294549,0.09765771861426792,0.02517544817149934,-0.35487211181971223,-0.3143147423046494,0.029493359683339375,-0.19591400471138978,-0.049394451320932155,-0.004517046467862525,-0.3806757905042954,-0.17419804249146717,-0.6737616164765956,-0.5586088389057862,0.6455613578272271,0.09287468833496487,-0.1962837664692535,0.5766820842121071,0.21043067141172128,0.15745182354384862,0.2062496982040109,-0.5897135088566015,-0.04066925357018622,0.7144395116725405,0.686666817818196,0.4703818570870761,-0.16087326360144608,-0.2614960816401457,-0.444090113932016,-0.5272920396761457,0.6267315473447467,0.2289048782312205,-0.30072783555626403,-0.630826708045599,0.6501002746378473,0.5786076135316192,0.7157628098708461,0.559732223228623,0.21527603006550142,-0.49407833817259617,-0.1091345972498426,-0.5078023291736815,-0.6787598090094251,0.29338246600625,-0.37398629381224857,-0.47220990889044445,-0.5785150328370943,-0.4728003198824723,-0.4906951595250071,-0.4976911818727077,-0.6156676841781954,-0.24640025761211282,-0.20650288793607693,-0.3577783558733089,-0.11510820367686796,-0.27162484200925696,-0.15361890002876552,-0.5859112449108033,-0.19396844781513195,-0.48801099069929205,-0.2738270001661324,-0.3434511821574222,-0.4763364026037878,-0.5954747137018792,0.6033416374834555,0.0889504225178297,-0.29941034301263786,-0.1681681812248681,0.5436456160333274,-0.48036869888388295,0.23555405018585532,0.8215758160055142,0.537593173608731,0.3076531947272063,-0.386771606772576,0.8246997762182856,0.05752902146991899,0.05823921771845828,0.49556065541848454,-0.34210160157539077,0.4554028224322626,-0.46630575936007757,-0.34196936348739576,0.5440508153324741,0.5060295613504233,-0.13928003294121438,0.0,0.7891359424765585,0.6072272428445976,0.2977110187593001,0.2743909082055511,-0.366279550431169,-0.47649491737760236
-0.2713356068563802,-0.7916716424535621,-0.6779887888156514,-0.8573700727959455,-0.8298861021696845,-0.6058883040206104,-0.7935481306388602,-0.7898726357700454,-0.8076937456500738,0.3251548077488435,0.14832418797118818,-0.17131944990764064,-0.11050225225552535,0.3764499809458839,0.13089665674232878,-0.493254281142183,0.21975336212498797,-0.7541019868335197,-0.16281756570896663,-0.833713403363634,-0.3796259560957436,0.8122527437840998,0.34566656465554696,0.044487282553867066,0.5578390812969712,0.2516423129349318,0.2732230917470923,0.4549306775175744,-0.4574380987902108,0.22183834017615986,0.6979856851099361,0.4069793242982799,0.420131338372807,-0.4160421920223655,-0.3819155985067223,-0.7606203076150199,-0.5594058996073944,0.7925435437869149,0.5489825376411781,-0.2637012710037224,-0.6649555281024941,0.75510205690287,0.6315507019045459,0.8088756007692812,0.477235890383484,0.5296941871415825,-0.525790469739744,-0.045338493763110416,-0.7548755404498775,-0.6625798561166989,-0.2504184959689974,-0.7335111742713131,-0.7879994169429526,-0.8417403428116229,-0.6903382768820733,-0.6715065693707487,-0.790964442769863,-0.8032585535244742,-0.2382665876911291,-0.36541566525828906,-0.41828799108696973,0.07716970676322053,-0.044655254801663914,-0.0033462037248280715,-0.4401228886136434,0.05286065733668717,-0.7413913191230951,-0.354193308190295,-0.4078863389307138,-0.7435701372007818,-0.5431671211412293,0.6899229459479418,0.17968567789085038,-0.39572321029296637,-0.39589008626397243,0.2844791685184937,-0.27447170675610283,0.5207420019042905,0.7767000367604686,0.20481316670466776,0.12774006429482487,-0.7221987458484378,0.6043185936407851,-0.1014098999185546,-0.06340289756162514,0.4844221553772944,-0.38035300444898246,0.6043863393430289,-0.785090517953615,-0.5124643582620012,0.4391096002470362,0.5490362215812823,-0.06803903479874712,0.7891359424765585,0.0,0.701705436000792,0.5709847066036597,0.48453848964981233,-0.6133123612209873,-0.393273103592874
0.018333211036873645,-0.572557672699179,-0.5114840065236254,-0.5556502376691655,-0.7033343184293538,-0.44104611397807664,-0.4852069740283239,-0.5370154533985008,-0.5575027838633251,0.419475801404092,0.18585734026465525,-0.047989417896224136,-0.00048215348156523103,0.3006608572518264,0.09990958163315318,-0.11003430483944263,0.33105075203293416,-0.5255672879134874,-0.07922015193006729,-0.5280023080768312,-0.2685427449919514,0.7688327437887099,0.41405010375031576,0.1800615389003752,0.6841535412743881,0.4861398982557312,0.6617729960583023,0.5860375054822916,-0.29682435331477375,0.24025453187843543,0.5091043865986076,0.5109256894767871,0.589448968079792,-0.15213481122583533,0.025047188979859563,-0.4973331093537753,-0.4420422104004815,0.5765771343756481,0.3586402637356707,-0.10983937298257575,-0.4373897238337448,0.5998265874584309,0.7706532476397284,0.8619356393939398,0.6591581297443359,0.6122063717457965,-0.2167187026578165,0.38249023039223284,-0.4797410038038484,-0.6082896559901464,-0.10107395763361503,-0.5495051998312525,-0.7026774629460263,-0.6397904853291283,-0.5951722800775352,-0.49295616161894357,-0.637688178417715,-0.6360456840978997,-0.29011466814430564,-0.2203777158876282,-0.1977424616956668,0.03303919759085774,-0.13557162082408583,-0.039568947926408665,-0.4784269501279305,-0.00036756530630183083,-0.6845741659102936,-0.3762188421861701,-0.4856752308064231,-0.655286021400561,-0.49564318254584144,0.4891915202568238,0.09241800595362996,-0.5235203387727373,-0.23301991960269444,0.4538906536391987,-0.15115002803101668,0.5254221154085654,0.5897708829567547,-0.011856579471235909,0.11539409981612289,-0.6059464149422074,0.6889803670686356,0.2344138982189485,0.2746911460240915,0.3787604542532784,-0.31194772539298005,0.7327367063473894,-0.5112329865287059,-0.6399666498009939,0.014844197194391912,0.07523544512056461,-0.3075853846554949,0.6072272428445976,0.701705436000792,0.0,0.6526354529195447,0.4456512333096318,-0.4034641307822005,-0.523105518793899
-0.4315797432486477,-0.7788149240838901,-0.8268791802967668,-0.6611510852704616,-0.7557123128409926,-0.7611938195474739,-0.7407917700427058,-0.7279311355674689,-0.728910316481526,0.143143169170753,-0.047949907573294426,-0.009325006666271172,0.1288431941655523,0.7925163439485897,0.6469176748710863,-0.4475024124347848,0.4022891515598662,-0.6034148974094664,0.20264657291400984,-0.4710753599383294,0.10819103687599725,0.6973565120551748,0.8628301737113042,0.1389945778909096,0.17851687392495263,0.33191467124876634,0.7722383291223526,0.8650560062135525,-0.14378006349105368,0.7918658315620667,0.23491581736368783,0.260190803219502,0.3735028696810096,-0.05904421332550448,0.19531255936248568,-0.79699928876163,-0.4706488573491418,0.4688886494661157,0.24730708050265962,-0.428631844651206,-0.5776870502178161,0.25251837563495133,0.46832576155080435,0.5759929240060958,0.40210648164940993,0.9634358154166642,0.14559905180067279,0.7329372677219012,-0.7493046850330963,-0.7185057946788261,-0.23047862487286697,-0.7999121702929405,-0.6866996106717044,-0.6587385483196871,-0.8216424829210517,-0.75941102026033,-0.7459058007353232,-0.7441391421585105,-0.35485079807693937,-0.45140853204056175,-0.2467966220039856,0.1791017004012084,0.37115458843095,0.47840968985323473,0.017234500815319412,0.5868608500331329,-0.7789632278734161,-0.14943542170613047,-0.21988365737127372,-0.5129709579418672,-0.030026558098389555,0.7368757196282775,0.6035019838265865,-0.709573342509578,-0.4058772352302706,0.0574866970590067,0.05106842850701001,0.8680403709191737,0.3516343819576037,-0.019037446169817795,0.10563557777844876,-0.4499492595759593,0.46412465244105905,0.4128726264528773,0.5694565581000429,0.7698588309887132,-0.44024375016492157,0.8407942046602965,-0.7542109379624767,-0.7372541227221515,0.3075332405806425,0.11996568414344806,-0.3946403123953192,0.2977110187593001,0.5709847066036597,0.6526354529195447,0.0,0.9221780760121469,-0.7510761840181917,-0.6894302817624784
-0.4790329001827635,-0.7478793708899765,-0.854000415277282,-0.6324376097689355,-0.6931592357277561,-0.8096229169886945,-0.7575674495595861,-0.7107235578112233,-0.7129389011207153,-0.0025638359562165465,-0.16885797750673265,-0.08842090045680531,0.13662921010337262,0.830579037985496,0.7640321632114744,-0.5109843101653037,0.3487536335681503,-0.48867367761840896,0.27623517596590924,-0.34488142142437495,0.2507182721580909,0.5742473103488842,0.8945072592446544,0.06501066514820925,-0.028001490097986415,0.20626218274623576,0.6559821080000537,0.8588757584290495,-0.04197651289183433,0.8777193663773804,0.2263631941113047,0.2348672647683857,0.22106342889771427,0.06903316867332016,0.20593183449241975,-0.809143920670339,-0.4063111875006393,0.36662754083776605,0.06125320165257852,-0.6292621574369816,-0.7126258949880391,0.13984675292755983,0.3376224300348291,0.4265037027055508,0.2880522000533724,0.8676980259174274,0.17687813771331304,0.7095364110586362,-0.8050546364712708,-0.7632472239600908,-0.16062017812457405,-0.7917295878731919,-0.608389638070483,-0.5869415593579488,-0.8220413067980901,-0.7920979790404333,-0.6836777776420035,-0.6947446022457114,-0.3252667636794188,-0.5323027946975329,-0.29885113193431334,0.22783845923636525,0.5411648660465848,0.6628599683923079,0.21801080833705266,0.753291184445687,-0.7609809870676888,0.0033183441714295407,-0.017575162050350937,-0.3245037280518945,0.19158780719597798,0.8130063066210914,0.7912482533361349,-0.7940071146592851,-0.4283892925178187,-0.06567723058812681,0.15900915546538655,0.8911142267091435,0.3436495398071998,0.11276653442132613,0.2127561648446151,-0.32295173962645946,0.46733162698431174,0.4506989846102672,0.6208680470466005,0.9056908656932727,-0.3658831150732957,0.80559204831481,-0.7262515839468883,-0.7570814347851288,0.4541904312306474,0.11773791168401021,-0.5437542220514939,0.2743909082055511,0.48453848964981233,0.4456512333096318,0.9221780760121469,0.0,-0.8189593874770368,-0.7431061520630402
0.6652214700451214,0.7916693224206913,0.938210155575601,0.7150253818516367,0.6489474684994627,0.949964503699495,0.8863396015611331,0.7859585497279636,0.8287242752747573,0.13069761473709873,0.13957529738810895,0.11905946841385182,0.0823679596663139,-0.7428459878670264,-0.46585763835206356,0.7667664541323677,-0.27733965959727536,0.6213893091369961,-0.1363328046010809,0.5553163559575676,-0.04233687668945456,-0.5883032153115582,-0.5839127247061673,-0.15814076832125865,0.041802759439798574,-0.3281311278185628,-0.4561280924683262,-0.6908143473121217,0.13958913454479707,-0.6342708297422733,-0.3082885949404618,-0.07570057235147713,-0.08891302910147326,0.035881509086043914,-0.16201114271276332,0.8487300170570952,0.33226110193719366,-0.4178078573338896,-0.16799816614644159,0.48462418682300445,0.5940827033298919,-0.3640882654898789,-0.39432540014613116,-0.4676963830607469,-0.31001989400481583,-0.7305614132629704,-0.15252043197811876,-0.35515846609652424,0.9695205296106836,0.6498987525936609,0.25225907318513935,0.8832461613499554,0.6387846690770125,0.6105514584547175,0.9065432457608943,0.9295162950322867,0.7297279680077309,0.75889657417618,0.32534574548317147,0.6755065966302354,0.5064060210996372,0.002977687921686894,-0.3295598194536622,-0.28123511739292195,-0.10059720679377523,-0.4402928676878061,0.7330716324413384,0.13799630257195847,0.10684810637350944,0.4625550847620004,0.04880546941137666,-0.8107368122572844,-0.5300760506888477,0.7830561088752713,0.5829453135286942,0.09097078080818922,0.03746751307392455,-0.6501804659268642,-0.3681783920532266,-0.28181365346772863,0.04185011890131293,0.28510209315036644,-0.512238046579571,-0.24471259916745083,-0.30808254714933897,-0.7555043173492522,0.31202093175429635,-0.6099049021128752,0.8643618054602175,0.5673345130687265,-0.6486835559588219,-0.27282862664852114,0.45870762812907667,-0.366279550431169,-0.6133123612209873,-0.4034641307822005,-0.7510761840181917,-0.8189593874770368,0.0,0.5669300747409006
0.03639128847757558,0.3893105362754425,0.5278948666168598,0.3759233786426858,0.4416405044391025,0.5065957112475333,0.4499549964462806,0.41173199931389787,0.48714776431229706,0.1411150972085001,0.23644880718773648,0.20315038723680748,0.0673052924871134,-0.5434355233268291,-0.46619733747594694,0.17794924838204826,-0.08866201810725217,0.2404931280203496,-0.19559604132540184,0.2427484585455067,-0.05793412217962468,-0.48936513529404924,-0.6361304680604221,0.10841498907812577,-0.17571249762975147,-0.36499473570535373,-0.6498408896511987,-0.722047644977583,0.14528736045607424,-0.5883047244042106,-0.26191100795180045,-0.4611547885422618,-0.20447154777774057,-0.17335603668145888,-0.3953660122174039,0.6055521379436927,0.4446941709359038,-0.19152686164001084,0.22093577631043554,0.6688012596545484,0.783677776950269,-0.20696223931950897,-0.4599713550261288,-0.4577986731568993,-0.5283670085663641,-0.6295579983284061,-0.22536309839990692,-0.5963228316238754,0.5496905207816765,0.9288705630825173,-0.30541897415259023,0.42347904540547565,0.3217885117039428,0.3393880508463053,0.5480425826546665,0.5177548861594162,0.379176122141819,0.49592612258888097,0.28519842877681045,0.4042504324930979,0.27369705290174395,0.02100108661868506,-0.26071475394255667,-0.4105500382701768,-0.03966948519576667,-0.49329821013658204,0.5246322485762082,0.05397825842074532,0.09275884977356552,0.20825514641051712,-0.06502236684409231,-0.7083386595151397,-0.6201154256462442,0.7425913355004432,0.31583026180252394,-0.20763383974555036,0.037727083262474675,-0.6197270304411322,-0.39085743393553535,-0.446154957046106,-0.12361745394352823,0.25457699369080516,-0.7002712058315695,-0.5410973146898764,-0.6644079685857314,-0.7957164693263757,0.45595753041361486,-0.6933048388917212,0.5633110889286987,0.8028705427362577,-0.43655014284363824,-0.024996906252106304,0.674176863565739,-0.47649491737760236,-0.393273103592874,-0.523105518793899,-0.6894302817624784,-0.7431061520630402,0.5669300747409006,0.0
