0,1,2,3,4,5,6,7,8,9,10,11,12,13,14,15,16,17,18,19,20,21,22,23,24,25,26,27,28,29,30,31,32,33,34,35,36,37,38,39,40,41,42,43,44,45,46,47,48,49,50,51,52,53,54,55,56,57,58,59,60,61,62,63,64,65,66,67,68,69,70,71,72,73,74,75,76,77,78,79,80,81,82,83,84,85,86,87,88,89,90,91,92,93,94,95,96,97,98,99
0.0,0.03236651428024511,0.04465603915744492,0.13542529283586313,-0.08875530365241104,0.20649046452425385,0.485730149064964,-0.06595309085628198,-0.12598996726215034,0.1771487194337414,-0.4781579332051463,-0.5829530129422348,-0.5818659865211445,-0.2044494292689448,0.10513095903463823,0.3475920692257683,-0.5819464859119698,0.1513655820162881,0.07207605601818289,0.4439257843180641,0.28109044491470675,-0.4663947461831054,0.010690452514181036,-0.6434900688577638,-0.3401222900900212,-0.5571608966550531,-0.5280065086649552,-0.4497718750220827,-0.18493815649866113,-0.20679770992575908,-0.31359709869850866,0.7702641483638218,0.2866583411734274,-0.10747560378249431,-0.523201995754769,0.5095368053357805,0.17668509536443522,0.6818131035608175,-0.28022220133082354,-0.41620734556080524,0.31252901092140434,-0.4813761571525513,-0.3690843865369722,-0.2942522369958062,-0.3656488625814444,-0.3886651838536851,0.004427908887178746,-0.036324641278721856,0.7223507906974015,0.5104892031169753,-0.35266470458502275,-0.0364295630895825,-0.28867202837885914,-0.07175520688371187,-0.04580077409387823,0.07942851877608499,-0.1284179663637583,-0.3269664752197937,-0.6100392855602663,0.5441517181241873,-0.4785692988216832,0.12681843750033672,-0.16736621224533973,0.40583047066976063,0.15276955012067645,0.2791710782831355,-0.10749266376000079,-0.5619292965258013,-0.4333125858483266,0.29943899019622994,0.3348068711260921,-0.5763465944434027,-0.009267258085505251,-0.712642668225956,-0.48565942238236315,-0.375683699333096,0.053843535658399146,-0.32385930784276534,0.3385304037459555,-0.37113690763256685,-0.655132681628561,0.4506738657466669,0.18097437876912148,-0.4534342865866528,-0.30751798267360886,0.10731853194889002,0.2884746833116853,-0.5892374883841495,0.7677691710452255,-0.6037286446374799,-0.5089326705610164,-0.3014785578912957,-0.5541448087371618,0.3846495575915213,-0.6091344906549591,-0.2237125929657678,-0.217621830024159,0.2823379737311097,0.7464944481888133,0.5301448890903452
0.03236651428024511,0.0,0.7051300388756839,0.9274272132267144,0.7809431982267794,0.34770469496505396,0.704502008370963,0.8632481847049329,0.7710779542842363,0.5667983942523347,-0.2527641963986701,0.09136973051784024,0.4873747915643523,0.860086877853104,0.89314689638482,0.8650380556256035,0.5018337292146291,0.7558756814521255,0.8549808311348639,0.48629616047869056,0.557424120063933,0.6816744231101595,0.8073725892809595,0.13721160469557914,-0.010152314677837618,0.058118087519000536,0.05598843526564441,0.08406887346519187,0.13302590076925408,0.4737201110459499,0.28420517533518136,0.060462336603033726,0.26571252318794153,0.6374252937770022,0.446581954365752,0.14341883072486333,-0.5984756113646206,-0.22490022795909653,0.04746555442611943,0.41250578680023126,-0.27866378816310117,-0.15887153551604347,0.25087117811318876,-0.3888327508355285,-0.047548007325374744,0.3428982723485076,0.5325785272812105,0.6224037708911355,-0.458761470099238,-0.4591296892528354,0.34127312678802446,0.9298482137450571,0.7907075223443364,0.8921803900663587,0.8275687240204,0.4925357613245339,0.9042957730605345,0.7505459761227471,0.33765638088859823,-0.3365676020988826,-0.08989214312382994,-0.024105392398482868,0.7980963389163581,0.6908577606049634,0.8944832416907376,0.801688785513573,0.5775723260401073,0.6524141075738341,0.6816258903200652,0.8124137589746446,0.7377012663287239,0.457503499841695,0.8398542185894718,0.1697272892731075,0.26024016639774494,-0.03370524936618461,0.02321727143563406,0.4510990623285918,-0.442706599613688,-0.05964447459304785,0.2451851721973758,-0.27845141026377157,-0.3848529505499448,0.1944129380321298,0.4967798448005945,0.7200334780602264,-0.5570542529719139,-0.3306654221687478,-0.22256254167181372,-0.2549053094193399,0.24278286388098866,-0.35682122426789414,0.2148197512407523,-0.7457024979620541,-0.047405791796554804,-0.518019163760983,0.167357500542226,0.033639077012982424,-0.4710513360248156,-0.5354671897172831
0.04465603915744492,0.7051300388756839,0.0,0.5079824787137276,0.7022596835173351,0.7708639794294401,0.6755240528744021,0.6945990333139538,0.6592610736858523,0.2650753854635347,0.27901391803421666,0.5113551979557365,0.5096029817617165,0.7578523795734675,0.63113345580639,0.5445768474555105,0.5210785249937127,0.558738486594927,0.5825069046744631,0.3283092916852253,0.3931344961191968,0.5769714906823449,0.6943028993072032,0.45476510421523997,0.2802254798729378,0.45865953758990047,0.007384067392477818,0.4627986512342147,0.5370629474270059,0.6635866899068237,0.2431585373497001,-0.035517943365885124,-0.2053506428959381,0.24909514498406046,0.18713078236717007,0.346616694445731,-0.20938624031482805,-0.5067893476175165,-0.0025839113215315036,0.6650438927355325,-0.4758575720173061,0.16388624010323366,-0.020654242888995967,-0.2472093698064929,-0.11702647698112797,0.02939244707163411,0.02154516332782057,0.32914441267947225,-0.27663783665673064,-0.5587156803151048,0.6043288825014003,0.8460801927735343,0.7082046793557834,0.6905826862995705,0.8847144889238825,0.8824201136892629,0.7093497000378128,0.5014793089440059,0.5546919533053303,-0.2979239562162972,0.25525793008348446,-0.15337650014189644,0.6485114193285971,0.1871781366147743,0.44035043814348646,0.38755746865954116,0.817285847236067,0.5553356565179096,0.5397058050638789,0.52159980396342,0.3891828039405707,0.5366507418553375,0.629136850579061,0.49898668077551794,0.36205452076741035,0.40616502830558454,0.4717838349827205,0.6556823965246571,-0.504961631210412,0.346528726846709,0.31400987014709386,-0.5350035787921592,-0.42236875102408,0.000990894584176622,0.34949718928663587,0.36078385891929593,-0.19730316469383563,-0.013590562886277554,-0.0011152970785438918,0.09152270686015836,0.44276221308960456,0.16299873913930402,0.38905256265812843,-0.6064327397393914,0.3354876886847176,-0.336272827653485,-0.2640337273055368,-0.4428926541560653,-0.23776651828177697,-0.5634311132411519
0.13542529283586313,0.9274272132267144,0.5079824787137276,0.0,0.7527553958030869,0.23454210758931962,0.7375897200744456,0.784021166383436,0.7280646344050374,0.47550301722636984,-0.4536074523916302,-0.17280852767726326,0.29715463527925434,0.7407164971206711,0.8435857893105398,0.919245837063855,0.34145012997646107,0.7559579123766946,0.8014623976846899,0.5901357727537793,0.60697363977993,0.5818733839956918,0.702568989237828,-0.0701571489072583,-0.14348554863873292,-0.13048818531696768,0.025792287773248906,-0.09582412624794834,-0.03546003462851907,0.26264227602711765,0.272621434225492,0.20387553888327048,0.3867091414546549,0.7139587984419127,0.4703283200561202,0.1277449356627808,-0.6005879715442176,-0.047546575966559555,0.12025290881783515,0.23566914215340232,-0.07143874714926494,-0.302422416364527,0.31602145239972745,-0.39472704149280813,-0.053409853006640244,0.4294513863148115,0.6956072754281297,0.6510256159466625,-0.37019120979192033,-0.2811401355428073,0.2341313751998205,0.7911031496843691,0.7146684085601468,0.8810135778130278,0.7017345173717658,0.32358906921453406,0.823757207330232,0.7124314199199954,0.19186625634592508,-0.272204055747754,-0.2597060042246393,-0.06006524673754357,0.6415347694211612,0.7420557709656779,0.8841446250472013,0.7864145807393355,0.447928452047822,0.474604595999468,0.589186714089366,0.8480948231846408,0.8003149587474212,0.30038769958596034,0.7791031620047464,-0.05047831754228832,0.09823576252848358,-0.2344408961113275,-0.20251615078968457,0.21917040190612033,-0.31133037862090696,-0.16357980682164905,0.0938916132945641,-0.1003133051072078,-0.27987358371533827,0.18481878598589446,0.4442959020783793,0.7521254575583677,-0.6204326336667313,-0.4731497551978755,-0.18894772814334376,-0.40787766789067104,0.15441129772941928,-0.44093572645648393,0.12230951830347102,-0.6487437737904085,-0.19963583126643455,-0.503717280655823,0.30242576614417815,0.22524739858024076,-0.4212207819745044,-0.3846299674820955
-0.08875530365241104,0.7809431982267794,0.7022596835173351,0.7527553958030869,0.0,0.5590238542380266,0.5308510990641733,0.6988678194108638,0.8190229492046253,0.2180531503459957,0.010846823620346844,0.3168213435921953,0.43057783271582767,0.7552569628303976,0.711916277176661,0.7281380169242485,0.5278976556464703,0.6497093025929747,0.5258871119321338,0.5184112861039175,0.4530112949227981,0.7329596072750543,0.6767314116284217,0.4039535059105332,0.41563375960267446,0.3568130679450554,0.37311881240502354,0.4177215548799045,0.42841155458969593,0.5583951184929239,0.5524709375955563,0.0681831207418542,0.019782742298738977,0.5780116575880836,0.6085513849483776,0.213060814605032,-0.3103780255825857,-0.46070172404118587,0.15743513102752604,0.5879207961234342,-0.3537448965655842,0.2317422876827438,0.42182017536809135,-0.07932129465604734,0.24522276273540242,0.5696760283949875,0.39728159894125686,0.5522651184019539,-0.5285311818091859,-0.5443987639599447,0.7293571858597503,0.7856629747729522,0.9121775620237488,0.9442204737554349,0.9097921368831089,0.6535034874568101,0.7666856169812422,0.7422246140835077,0.6770604944326741,-0.6308250917683543,0.11924979835508143,-0.47065523643525603,0.4982916176323508,0.22739715581304198,0.5294779642481993,0.3777174350703392,0.6856831581392798,0.4739590700877599,0.6754376364055545,0.6256192961034385,0.6062219041248701,0.6116205901570188,0.6971010659991359,0.42193374329188554,0.3352578772977607,0.22802386146519266,0.06681933558936258,0.5578238951096899,-0.4777486978852495,0.40557668452858003,0.4262782665810023,-0.4877859101548627,-0.4156884977095924,0.2898549411146968,0.6749939209372202,0.6222687157828025,-0.5163284405522589,-0.008023642237005702,-0.2597045843307709,0.05681631866812404,0.6743839108442956,0.1193610465237943,0.5783560955425386,-0.6599136296123543,0.3818943085777579,-0.17908437114249562,0.2840090961307785,-0.09699813566156588,-0.5551420198766033,-0.6373691719384508
0.20649046452425385,0.34770469496505396,0.7708639794294401,0.23454210758931962,0.5590238542380266,0.0,0.44685351009997487,0.1929786443556773,0.3448861125687352,0.19001097245291776,0.35863397832701827,0.4446710964745512,0.23946826442594404,0.3003104156575743,0.25149859224965565,0.30170029131252935,0.20922457531407798,0.12177121459089264,0.23435023921676548,0.1635386251544362,-0.010525798226696558,0.20528617083205977,0.33189647551594204,0.3160134086281038,0.4335965495747993,0.36968031628019454,0.02082043713148099,0.493059767820328,0.5374756619222771,0.49776433614232124,-0.020464482067559606,0.09808207637019187,-0.04261101376482846,0.06382316833968575,0.028923647530069842,0.5080024238794271,0.30177631175684294,-0.23927321077046895,0.08505387858807872,0.4266375111096568,-0.20295112434809756,0.12568886195385034,-0.13621394642471885,-0.06885057369798715,-0.16293367997345673,-0.022806814646114747,-0.1421566512023397,0.10564036988849924,0.1310095042559238,-0.17856298525228556,0.39582590180623345,0.4069297249786669,0.358639331074183,0.3877525968449157,0.7447534550858866,0.9094125271686426,0.22360405169502015,0.12473939590986657,0.3650467672562645,0.018520820074005982,0.32320694542893513,-0.18006801334513528,0.2415095150424399,-0.05041277856684004,0.04053047485541195,0.0784651432535472,0.567030783509086,0.18702823383898926,0.18278867202981747,0.15732025044673148,0.0933260727876777,0.33208296483501965,0.20801084424074634,0.30200684415878093,0.2435728628195413,0.4942983346007694,0.5713898680923918,0.5264807207244878,-0.43354150823327864,0.27460662526730184,0.23531943107770145,-0.20697563288684012,-0.4092837600726887,0.08006482323949107,0.21384873853946332,0.23018803093387727,0.2365937797486129,0.22659224554750182,0.3172168752474347,0.23896323458972654,0.2925786216617639,0.23397052054565423,0.1940540136206666,-0.17978815591027966,0.2636528597843251,-0.11557602743991184,-0.15044658646366743,-0.24947498453479536,0.12032147922114758,-0.18734431492623077
0.485730149064964,0.704502008370963,0.6755240528744021,0.7375897200744456,0.5308510990641733,0.44685351009997487,0.0,0.7411472158481833,0.6725879217689091,0.2787700734002887,-0.4045679318727734,-0.1747542554546011,0.10703906797120213,0.6410237702082321,0.7221057588861979,0.8370439248721178,0.21455521665731292,0.8012108935477628,0.7647577239577619,0.7459053160658395,0.6926181367731771,0.3904383445992682,0.7173818013825557,-0.09484258248321994,-0.2280328895740705,-0.10324530392085587,-0.24601419268212152,-0.03620007283265539,0.20316044863962027,0.33751556770395985,0.032280598261694535,0.3906459214330535,0.1622789787158472,0.532124146327548,0.1538293859437897,0.5173946410272297,-0.32693094347083973,-0.00036407061481016234,-0.06841640694397752,0.28203385977453854,0.0187794006673341,-0.40617437965781095,-0.023491304837263992,-0.6002959083241486,-0.3810779647134181,0.04898182883900053,0.46344090224912193,0.5797309963063303,-0.03349075794909485,-0.18890600068808389,0.19939208846627315,0.7078813803629112,0.5247814748054545,0.6619636980902405,0.6112529040229097,0.5355566140588347,0.7033591353449915,0.5116988840289294,0.06714007364985548,-0.01033255627520485,-0.17546333434754058,0.003108561321845071,0.5911703109928937,0.5951765642724358,0.7004861228930197,0.6642933565492373,0.6259599650005656,0.25809619386050703,0.414199374170684,0.8679015337837862,0.7622196948394381,0.16015949379912947,0.713462803959138,-0.08765407601823462,0.05191305058563492,-0.11182059146725866,0.15717335367691482,0.22986038488228736,-0.24499657921000867,-0.10561178279606045,-0.08521295245804361,-0.011410602248433257,-0.19474879758517383,-0.11619483538777475,0.24178147060725302,0.5966134724990749,-0.2915207285784311,-0.5081349914042229,0.2643215362146916,-0.39833979786612084,0.017403221420186812,-0.2997636386739009,-0.011255471993884466,-0.4723551342758707,-0.234199818912037,-0.6235803854829987,-0.07631410345655608,0.07949200665229315,-0.019378205124306255,-0.23992030817847507
-0.06595309085628198,0.8632481847049329,0.6945990333139538,0.784021166383436,0.6988678194108638,0.1929786443556773,0.7411472158481833,0.0,0.8717075854294315,0.2703209042908604,-0.19688796769273287,0.16739056834941676,0.4683097767899293,0.9062838313595606,0.8248011980531492,0.7739172841189004,0.6452915503694271,0.9158306847466359,0.8187725557530101,0.5645471976513455,0.7073201897093199,0.808009463907731,0.8628794554630689,0.29713284392433853,-0.006450478307580357,0.2162625301572663,0.07630380884050225,0.17236101019276476,0.26927089360025375,0.5056201053125402,0.411824147063022,-0.007756156868556388,-0.06399781940522228,0.6346310853610856,0.5221146527664124,0.10679804645435109,-0.6818268378018142,-0.4507143275379116,-0.04209950650919973,0.5685499192982891,-0.363197195303042,-0.0642153116835773,0.25341345109323704,-0.436151351259028,-0.03320714949381943,0.3213282748555308,0.49464753867178424,0.6497854544422468,-0.6349444937328238,-0.6571005838961664,0.5273271485705632,0.9258606358800531,0.8505555838649893,0.8591882011205669,0.69805859803056,0.4245205002664838,0.9831222344908657,0.8601654741935637,0.4853164340907215,-0.5243164190727273,0.026366393201855454,-0.16895599919586993,0.7769291612045673,0.47000405965616987,0.7852629331234993,0.6113978937421221,0.7092040904412565,0.636894817912267,0.7825495409560229,0.8573689863892531,0.728507820671808,0.5550484113922779,0.8943975685589097,0.3454619255832688,0.3505532001573416,0.03697861625843112,0.01834615506290938,0.44459493153497104,-0.3902706010163175,0.15895387718338924,0.3005581756982645,-0.45267462471524855,-0.23904203276961467,0.1522091569197949,0.5336899007400392,0.6220830720781335,-0.693245343439453,-0.30139344705056476,-0.3434722353145967,-0.19053892936213102,0.39206956560902445,-0.14662768208836774,0.3699195006445477,-0.8120859088997566,0.14161559061375292,-0.5132169206721837,0.04448540476676097,-0.14753743796064878,-0.6036680063266282,-0.7168232884585098
-0.12598996726215034,0.7710779542842363,0.6592610736858523,0.7280646344050374,0.8190229492046253,0.3448861125687352,0.6725879217689091,0.8717075854294315,0.0,0.20644297499964623,-0.1751368987995193,0.2480810518377539,0.4383901699617389,0.834899449525069,0.7510050947947665,0.7804357657936922,0.6884465373150862,0.8592132218557448,0.7395341924979679,0.6936494911889775,0.6025709742097549,0.8655633096687363,0.846739642565569,0.46536838099326333,0.26709786323517626,0.33979563675588864,0.34471487367770987,0.4322598056330191,0.5046339351219276,0.6561583835108306,0.3926602692892441,0.01950252715417628,0.05096983566131663,0.7903064732160725,0.7321382712287096,0.34116513646391833,-0.42582489465211393,-0.475068477483171,0.12234578664853446,0.7033838295479149,-0.21227036209423722,0.015055648179460797,0.46016403412548323,-0.4159545558826234,0.014096366191907557,0.5474562962975505,0.5827241498171479,0.7854129650439449,-0.6554246425506649,-0.6404306814912994,0.6065850073980755,0.8025037935355482,0.9023502819330594,0.8711323255555834,0.7809061558989401,0.5708606221038758,0.8970284955190996,0.9406377936714092,0.6356887256470871,-0.5974833426512624,0.20637064261896912,-0.33727065009591606,0.7419019155145189,0.3275557332576286,0.6655135223796567,0.49231060231977963,0.8046585926400164,0.6209128225572893,0.8582615654233804,0.8233270455024583,0.7637337952930631,0.6985408165056837,0.8717484186081264,0.4718334319042049,0.5261060373466435,0.23122882307125495,0.20329347077340643,0.6220821946101402,-0.5668633542589027,0.2887089499914646,0.5374381452782698,-0.34132241431391286,-0.40126415203867644,0.3380204910719233,0.7768972500146398,0.7602338612059532,-0.5657632770811329,-0.02389047968824056,-0.236676099112234,0.11683569814980067,0.5504019339284881,-0.03095068277238083,0.5154261778014467,-0.7684975479008177,0.2998191953273631,-0.47766486221891113,0.3104480726137868,0.01099859722792006,-0.6380284333403756,-0.7469610787294336
0.1771487194337414,0.5667983942523347,0.2650753854635347,0.47550301722636984,0.2180531503459957,0.19001097245291776,0.2787700734002887,0.2703209042908604,0.20644297499964623,0.0,-0.22296843941504013,-0.12229291723935823,0.33017337023955556,0.29803905504442163,0.4112257599035845,0.43159333162273456,0.04679851884133327,0.11520268948478117,0.5121221136040296,0.0694618943196008,-0.07435144356331898,0.11432439613030022,0.29316720856816353,-0.1339461705182273,-0.14247068289803416,-0.3071705032016697,0.02949081911196567,-0.16699233766684182,-0.13669020590629344,0.1868031120913691,-0.2824941805437556,0.10477299974946602,0.6687521492845592,0.28930119734316945,0.058878786406682496,0.051364216730074075,-0.1415756162393971,0.2969423622271863,0.18109745133729102,0.0889865017539483,0.14892743989380752,-0.42020394637248915,0.06721785788136896,-0.2714175884659012,-0.12669091399232416,0.16199842255569033,0.34546120687871473,0.24318334252465315,0.00665116901871789,0.07409204926866313,-0.2771738834431524,0.36684488273036725,0.1320218686321701,0.27326109250199343,0.4024822701613483,0.21708842635929895,0.3193807490410582,0.20551712991308096,-0.1458485692763417,0.24887449331424374,-0.14751788644661912,0.47633661961503515,0.5459265401122105,0.6902229329713465,0.5749311196012775,0.6797131134524016,0.010622687258391661,0.3886366237490612,0.1485313530513965,0.32604767831924447,0.31563806874821215,0.013444232540199054,0.2548736080029125,-0.15976668945092093,0.043662518984855285,-0.16784835316143515,0.16046833765189147,0.1925911470825987,-0.18664363784737353,-0.46015451031400834,0.06659568235505924,0.27021956907758055,-0.0932919547052364,0.31697660217994383,0.21814217121386323,0.47195497105033674,0.06061863812220301,-0.1556899137567463,0.12591619703151416,-0.14014822679946282,-0.22833284335950918,-0.5589390467920211,-0.16197746896493567,-0.1136738071172066,-0.4400422359624015,-0.31729991570692345,0.31329422271569046,0.3476671128744876,-0.018788881506364857,0.03145110272944851
-0.4781579332051463,-0.2527641963986701,0.27901391803421666,-0.4536074523916302,0.010846823620346844,0.35863397832701827,-0.4045679318727734,-0.19688796769273287,-0.1751368987995193,-0.22296843941504013,0.0,0.7637648218464187,0.38181511822079794,-0.042736257513339905,-0.3388393689436352,-0.5434179281106519,0.2179503771809321,-0.43088987065409584,-0.4064238794327808,-0.6080643584378205,-0.43069328990022027,0.06262599865612255,-0.2769491601682458,0.6091076946596805,0.5587499632991121,0.6818420167653779,0.24497103754077623,0.5438001766835047,0.30921756990605914,0.16661783663723795,0.26159772605101766,-0.5262783802296269,-0.6383016727150918,-0.5106005300754052,-0.08847561916108689,-0.2800079702441466,0.25494620626202785,-0.5873424160818475,0.2534690774589006,0.44268369811181285,-0.45156645898737513,0.7070341436783905,-0.06607964192479014,0.5810016754043459,0.3516939773742454,-0.12871820303354956,-0.6254720902211466,-0.5014019424412101,-0.1492474379692049,-0.3084248020624321,0.4545399185021883,-0.022489924590457736,0.04302642280656014,-0.15114127582566506,0.13386732976663424,0.31598231281251454,-0.1754235071088277,-0.18961006633494779,0.5263585091803183,-0.23471023865518661,0.4955644661196065,-0.17455415722281453,-0.14443384037252868,-0.7031304622253859,-0.5805707327111661,-0.5664346917936561,0.13435283352265062,0.16767464953593897,-0.05818439332578055,-0.5817419721384048,-0.6661580164799278,0.2754338530509027,-0.3478184271292723,0.6472853121225577,0.19915703330241513,0.5979406172167313,0.2829387311680228,0.2767886041228093,-0.07603347101326097,0.5937392931432871,0.31450964267650305,-0.6059173746058759,-0.06717398382380212,-0.0031049774280148146,-0.11147330625104869,-0.5497272980709051,0.20811045825006907,0.5842589520260623,-0.28840724931723366,0.5698578985137784,0.47988611493235306,0.7557745817321461,0.4754309052790038,0.07627195261381023,0.711014507053659,0.5427606509502035,-0.36694290991970363,-0.7421869944386342,-0.14428953728370691,-0.23597093600439573
-0.5829530129422348,0.09136973051784024,0.5113551979557365,-0.17280852767726326,0.3168213435921953,0.4446710964745512,-0.1747542554546011,0.16739056834941676,0.2480810518377539,-0.12229291723935823,0.7637648218464187,0.0,0.5391497967997746,0.293213933295362,0.042987752216039794,-0.16659609910989545,0.7051543063394584,-0.011236171889755963,-0.03227821573024753,-0.2774857737982136,-0.1641028845371863,0.5296033374962182,0.2819257339457111,0.9053773968454764,0.7590082307015157,0.9349705489307844,0.3127146504511102,0.8542780218114685,0.6825524091156968,0.6530509437543565,0.27126792184758647,-0.611511674079071,-0.550379706850101,-0.07036610404900455,0.29977203765536153,-0.0333416817269636,0.05821839016569289,-0.8351729662040439,-0.08413966249865489,0.705646665396414,-0.6981595569931984,0.6666022906862547,-0.039104291168484455,0.20117458318230422,0.18032276249580392,-0.014821464100838407,-0.4469610106975214,0.008243760176669222,-0.507281048861307,-0.7340475301496702,0.6347401089571677,0.30677932032591315,0.41984466536038745,0.18952596041666872,0.43163256231287556,0.5575237758468914,0.2026094439067404,0.22777777198474927,0.7839724658539093,-0.44102277397746015,0.8284162487679588,-0.41196100324678925,0.2468268173678656,-0.5529475532636797,-0.21692092755767042,-0.32389600056681356,0.5399238272291544,0.46758101969211374,0.466240436601026,-0.19198141789565584,-0.23535164048875057,0.7642859646427035,0.18729537597202414,0.8895665014913786,0.7136718261376103,0.8841674628411992,0.5377708354604311,0.7605863805725318,-0.5190665035860844,0.6089690035567571,0.7372257898720445,-0.6790546299707582,-0.4543840026999195,0.26427175279451504,0.35889161945379716,-0.0436872260218486,-0.025009752401646886,0.7156591162779677,-0.36370020349045246,0.7183284369674952,0.6119059383523763,0.5700032145938579,0.5301127290709278,-0.39802033199331915,0.8358616432535815,0.13181814869627959,-0.2591149850586782,-0.6274977160357617,-0.4432318469753323,-0.6814100458547329
-0.5818659865211445,0.4873747915643523,0.5096029817617165,0.29715463527925434,0.43057783271582767,0.23946826442594404,0.10703906797120213,0.4683097767899293,0.4383901699617389,0.33017337023955556,0.38181511822079794,0.5391497967997746,0.0,0.6845052018504981,0.46759679659812126,0.13553642546476888,0.6005474214748064,0.20047999640440284,0.45399561420000334,-0.10332100753951749,-0.003903259819756301,0.5895114857517625,0.4015846125784257,0.5581931912739789,0.2079819504620846,0.4277289109637214,0.5768326290689569,0.4798052986267034,0.3789181558017623,0.5493440199822301,0.36054434109856776,-0.5666438675085893,-0.10318883577072722,0.3130747226050706,0.49501453350887137,-0.1531166206898333,-0.16513599450022803,-0.6111653807912201,0.37358775464964605,0.622553302456424,-0.25335307591463607,0.3326285374238022,0.34883687693431564,0.17130369623648925,0.36270229862401276,0.46833333361008933,0.23232985328762507,0.33863927364263063,-0.5912957625450349,-0.5019979989828057,0.4558686442439001,0.5556749090255284,0.5756424751065643,0.4495321320152068,0.5656097230546548,0.4234433834431353,0.5162340411187347,0.5085106596906583,0.6276301650538215,-0.4714915485103366,0.29847871773691165,0.20166069442940834,0.671664105192199,0.07747699094986309,0.31003834511815637,0.3105747600716604,0.4199912702079578,0.7966717293851495,0.5494691898147622,0.15244400365994373,0.06909388801491,0.5662922452122655,0.3461761535862432,0.641165586051514,0.3628995595879852,0.2748354523184012,0.2462635151816438,0.5805946750695045,-0.45241490534678547,0.25780740782295875,0.5254407324839838,-0.4557443318815647,-0.28870736955837456,0.3379902651925342,0.4366686300304171,0.20176384250559834,-0.17670416922978985,0.3511606694961284,-0.4405376228285171,0.39536923017995684,0.5301270698571005,0.09734389992826946,0.6175349619703342,-0.5589369753320207,0.40530291092631077,0.06742962865242222,0.19897336208742034,-0.2129531070916925,-0.6065839962134255,-0.5516496051990907
-0.2044494292689448,0.860086877853104,0.7578523795734675,0.7407164971206711,0.7552569628303976,0.3003104156575743,0.6410237702082321,0.9062838313595606,0.834899449525069,0.29803905504442163,-0.042736257513339905,0.293213933295362,0.6845052018504981,0.0,0.8819139708919094,0.6879706101044569,0.6482180054132517,0.7933918353581889,0.796276451218842,0.468686280880492,0.6523935694657312,0.7854466200194749,0.8279040194971082,0.39778495228342653,0.03944851590748852,0.2833583345152751,0.2791103397438574,0.30764767354507594,0.36196083388413947,0.6111038286990997,0.46937427272867593,-0.087074596358223,-0.06745679141703435,0.5792939633330196,0.5134322686579988,0.12717846147181516,-0.5325457439018185,-0.5279658823585914,0.11913584938247126,0.6408404651456019,-0.31860663782819004,0.11679760506563626,0.35305343432752584,-0.2687008054089485,0.10088342620026337,0.42269457270842026,0.4680611998481284,0.6446857674843899,-0.6305653457418063,-0.631773122289656,0.5874419539148714,0.9282868212336568,0.8722402440021899,0.8576826944677617,0.8009380854127873,0.5221869931748955,0.9288517405400902,0.8152264441836149,0.5804647031744392,-0.5721048465939516,0.04854425240453938,-0.07682930050285129,0.8203469051649304,0.43578259459792196,0.7464331107272298,0.6485275382687647,0.706095977438135,0.7425335528167246,0.7529200101886783,0.729810140074051,0.6473590306967565,0.5777064556151148,0.8335226269312704,0.4547449971283372,0.32782498634613616,0.0803649886743899,0.12804808753260039,0.5523684990820262,-0.4519217332992899,0.2708643771063095,0.3593803342906466,-0.5144776017891239,-0.3846168513287769,0.0783663698684837,0.5221846892177336,0.522540574163615,-0.5674558564647206,-0.1582336460468532,-0.35400743689991354,-0.023055177817116787,0.5004249196466508,-0.045202491389036835,0.5188477778866231,-0.836620226649677,0.25067978802158236,-0.38329605849040754,0.07808264777387228,-0.19657575435044547,-0.6168631992568857,-0.7043951779731398
0.10513095903463823,0.89314689638482,0.63113345580639,0.8435857893105398,0.711916277176661,0.25149859224965565,0.7221057588861979,0.8248011980531492,0.7510050947947665,0.4112257599035845,-0.3388393689436352,0.042987752216039794,0.46759679659812126,0.8819139708919094,0.0,0.8516459602880849,0.43310361456704605,0.8228328248708752,0.8058192272214373,0.6455805367943455,0.741552925661661,0.6284116839990291,0.8339141242972407,0.1300214566531776,-0.08066559443344785,0.03408904729396106,0.13944227955044855,0.14371016711074402,0.23514966777720842,0.5604527201703463,0.3572971559668971,0.15173293665910814,0.14880567865828984,0.6335532611646766,0.4159363015011986,0.3144290532125288,-0.456667493566158,-0.20846848586835737,-0.037878845541874984,0.3992061626546422,-0.15822452611490256,-0.05367108893716894,0.29154969639527156,-0.3378170483130682,0.03348777812975263,0.33564167240863524,0.5530613587406463,0.7164323396960223,-0.40544129898052117,-0.40874872730661765,0.3560224338671451,0.8701463981873585,0.744415380777767,0.8329235128162849,0.7356317210064848,0.4352248989506325,0.8430896911892604,0.7087614701568686,0.309901982436932,-0.3837060307665421,-0.11628007771821254,-0.03199759167197853,0.7458320617737881,0.6488363424698783,0.8615479957353852,0.8274805176192187,0.5547349473725366,0.4961936450494823,0.6019873044550573,0.8339920280726898,0.8319417853389935,0.37918860713918645,0.8422726709301805,0.1283107918936179,0.1773428233727106,-0.10439922294033159,0.07317941943772478,0.45083201716209204,-0.2972374391910217,0.011884347114509735,0.160868584906387,-0.2581754762740656,-0.34716871041449593,-0.031252614439367166,0.44081840405832545,0.6436440185376272,-0.4721450647168663,-0.33340110894397423,-0.10097212822089208,-0.2325528677229407,0.2560176840718284,-0.28126572082843393,0.23758351435289382,-0.7018666763595294,-0.0179754153114649,-0.44706746829503813,0.10562291716750405,0.06510201295962073,-0.3976174298342784,-0.48394797644850585
0.3475920692257683,0.8650380556256035,0.5445768474555105,0.919245837063855,0.7281380169242485,0.30170029131252935,0.8370439248721178,0.7739172841189004,0.7804357657936922,0.43159333162273456,-0.5434179281106519,-0.16659609910989545,0.13553642546476888,0.6879706101044569,0.8516459602880849,0.0,0.33242774153143173,0.8533740602968121,0.7899057640715578,0.7932666043391471,0.6984230990175828,0.5695494730334025,0.7969097475922934,-0.02147838541506895,-0.04403352812163662,-0.08469309777135905,-0.03449973713564179,0.015408923211985375,0.1556333969436036,0.400373099498653,0.18662255457966695,0.36404874010558474,0.361774912705014,0.7392040684881431,0.42607861461231167,0.4080226504226493,-0.46611201993458473,0.0025404500917965067,-0.049549110855204415,0.3031591936717962,-0.05715592248275829,-0.31815862833584474,0.23158496154955444,-0.540410296572401,-0.17876829380236361,0.31037096876125153,0.6246432296997798,0.7399983701138008,-0.27875037007848713,-0.30467007131144674,0.23405178718505104,0.7661049623687881,0.6823840686014038,0.8368429809266746,0.6928936575603595,0.4334252597241234,0.7919925273492306,0.6865496899989568,0.16271019158698177,-0.2158163635227538,-0.15819469159620791,-0.18307260557376906,0.6438016225198847,0.7090937143408045,0.8603670025706763,0.7622426536200799,0.5567978294794261,0.33367001569897303,0.5849667561506311,0.940884198984496,0.9295455833540537,0.3116005394253538,0.8497129625542387,-0.06228730383114118,0.1965029869289541,-0.12065768187796624,0.02512369494142185,0.3318461663040251,-0.32068335700029005,-0.13532510651917662,0.12022044275963312,-0.028361156037414608,-0.3284102108506793,0.11343065064721775,0.5169192999413278,0.8302943713874259,-0.4979412314508508,-0.438397535564549,0.05257309382315982,-0.3515511423473528,0.11623137226880645,-0.4115540131508096,0.05867572792297815,-0.594897737204477,-0.18870476195827682,-0.602624045892863,0.22516237745930143,0.2546542067466941,-0.27689622274075254,-0.39116282724278373
-0.5819464859119698,0.5018337292146291,0.5210785249937127,0.34145012997646107,0.5278976556464703,0.20922457531407798,0.21455521665731292,0.6452915503694271,0.6884465373150862,0.04679851884133327,0.2179503771809321,0.7051543063394584,0.6005474214748064,0.6482180054132517,0.43310361456704605,0.33242774153143173,0.0,0.513889976062622,0.5249124211883907,0.11601495980537978,0.23615079192647992,0.9166394032280322,0.7285350571037299,0.798999888236628,0.47604963647841203,0.7341784857828887,0.30439309946111376,0.6827945371462276,0.5863146578688083,0.7071999752347832,0.2610759744054967,-0.5096398335676361,-0.2211999385149208,0.5407504804767953,0.7203173399869541,-0.030692635650110645,-0.43393385476282803,-0.7981880955336443,-0.10621626746448229,0.7506326805461999,-0.5691293533964954,0.25141672381698293,0.17308225793211315,-0.2919528544427823,-0.03199118565480417,0.2928419074111035,0.16006542207241362,0.5696052904751572,-0.8443100320557327,-0.9123681413334134,0.5828546601421298,0.600153140720424,0.7233923495998508,0.5627433939840403,0.548769816787014,0.4457659459155809,0.6691224907222465,0.74006876610836,0.7626865434861957,-0.5499018182197905,0.6783873025072186,-0.38316752200213533,0.6517833762187184,-0.07561001304714092,0.34163354787744743,0.12809206155565056,0.7146829502422178,0.7521722350225453,0.9100144590385311,0.3688998607992058,0.2998931837935537,0.9475121937183267,0.7006595793008641,0.7779175699293769,0.8741607556219122,0.6336324038465371,0.3394236934769134,0.7707386888898312,-0.7127153291373277,0.3563453157867887,0.8457467825605579,-0.5149602183802721,-0.5628751506958274,0.5123626985213225,0.7020002211225177,0.5007500502239378,-0.5076305086394944,0.4282131527909573,-0.5672321412652487,0.4578906763797131,0.530174831582582,0.1006870088057076,0.4728859935349647,-0.8207960152505989,0.5711544971497274,-0.3717573023056144,0.08734743973756763,-0.2695562990080405,-0.7904147323275327,-0.9390287724249973
0.1513655820162881,0.7558756814521255,0.558738486594927,0.7559579123766946,0.6497093025929747,0.12177121459089264,0.8012108935477628,0.9158306847466359,0.8592132218557448,0.11520268948478117,-0.43088987065409584,-0.011236171889755963,0.20047999640440284,0.7933918353581889,0.8228328248708752,0.8533740602968121,0.513889976062622,0.0,0.7625499536089284,0.8018884903471568,0.8607516523098688,0.7143418280850248,0.8721842759505316,0.16740207625719447,-0.04014463966856255,0.11332777726780438,0.0055769782335296555,0.1203362682302838,0.29279041824209345,0.47372108906928556,0.38485477584438726,0.21432247760419026,-0.016484711525548534,0.6970397678070844,0.4933472339160948,0.3224876090988256,-0.5981611045014557,-0.29118236943073733,-0.18744474630704802,0.43737872572329506,-0.2275008574286136,-0.13195531201708122,0.24521046635269597,-0.5352496269862281,-0.10513192841553709,0.27964003282283073,0.5467037096628904,0.7571725831765888,-0.4969301320241344,-0.5413543753294653,0.4570976773620411,0.8023819091604636,0.7693275905782342,0.8042353579140522,0.5799470465424442,0.3463266934398307,0.8892125228413855,0.802381348914264,0.35435809646175753,-0.4625381379231188,-0.031832354982811874,-0.29359715423848076,0.6520051631063696,0.48229609924257877,0.7700942534276132,0.5979683711509896,0.6837192821579,0.3972037690706236,0.7116740200113716,0.9469423801859992,0.8866819272255624,0.4502372256996192,0.9229664034614871,0.16881136995555263,0.29377681720077553,-0.03047926413963578,0.010329341742260332,0.3735884466416731,-0.3130570957820474,0.11766700009915666,0.19159640944923984,-0.28945260907084225,-0.24662563072861568,0.015858639128235933,0.521732993766769,0.6848355858776836,-0.6575398661016881,-0.39568286932239494,-0.14315099530580677,-0.2783737005888644,0.2997936144416246,-0.1833156487818195,0.24668514740316216,-0.7267720791038321,0.055564214737301575,-0.578880621700891,0.0537372835510029,0.023477647721553654,-0.4499709382205053,-0.608963079143208
0.07207605601818289,0.8549808311348639,0.5825069046744631,0.8014623976846899,0.5258871119321338,0.23435023921676548,0.7647577239577619,0.8187725557530101,0.7395341924979679,0.5121221136040296,-0.4064238794327808,-0.03227821573024753,0.45399561420000334,0.796276451218842,0.8058192272214373,0.7899057640715578,0.5249124211883907,0.7625499536089284,0.0,0.5064969272447783,0.5584372461541234,0.6244421256369588,0.839038794557668,0.06519871787590067,-0.2227922263927815,-0.045787610911744124,-0.0028773019982832946,0.04415638942989009,0.16100494997472803,0.4603301268321517,0.002401235357850558,0.06509595876557059,0.35751254996152304,0.7359047237381313,0.44522656687457596,0.2599791360954017,-0.5438509595724897,-0.1250281488499393,0.010261519973758947,0.3476694501292665,-0.030962764023152674,-0.41408305051702443,0.16584612870832222,-0.638993121978594,-0.3106521941641023,0.2781392412749804,0.6463367143344749,0.7559565046158099,-0.36922938277129086,-0.36039056988302715,0.1143946951114058,0.7694934679318112,0.6040677778475634,0.6832911310716607,0.6304911693485894,0.39213672455471815,0.817907813573922,0.7318015392788045,0.16483161032018268,-0.11008470459140209,-0.047724065605547476,0.18351890253030856,0.8776919084414887,0.7333217472715309,0.8898398001858481,0.8380590822361744,0.5524476809425402,0.6767650336032529,0.6869509044124128,0.8267642157537054,0.7330461190500168,0.4097421305070928,0.8339533534803129,0.08089267044731445,0.31636926458413156,-0.06590030612948436,0.16343583018163604,0.406388510977384,-0.5018894821294833,-0.22818224249177826,0.22585483496762065,-0.0084940133119531,-0.39998112036141603,0.20861806948376507,0.4674475426614617,0.754239964409153,-0.437854041887166,-0.30263920187662496,-0.10088342423856062,-0.2370628893370494,0.007767477012249456,-0.5247453018264713,0.03686319890537546,-0.7232398926396488,-0.2184677624277059,-0.7260992128624908,0.20300947446719728,0.20905987572446155,-0.36887652380101615,-0.4527937513213529
0.4439257843180641,0.48629616047869056,0.3283092916852253,0.5901357727537793,0.5184112861039175,0.1635386251544362,0.7459053160658395,0.5645471976513455,0.6936494911889775,0.0694618943196008,-0.6080643584378205,-0.2774857737982136,-0.10332100753951749,0.468686280880492,0.6455805367943455,0.7932666043391471,0.11601495980537978,0.8018884903471568,0.5064969272447783,0.0,0.7388493472286857,0.3640872926646862,0.6228246124307939,-0.052559877366056044,-0.04073421149336719,-0.12642599212326916,0.060036595382075016,0.05048525770145115,0.31858326682431237,0.3741703291515469,0.19368806276933273,0.528156105391587,0.20493580355407293,0.63538376488188,0.3442386741164839,0.6586455245647578,-0.14828982264782647,0.08045520845675519,-0.11422432520812238,0.2264393112139174,0.1565992232383465,-0.2193312348830162,0.3056246080209898,-0.488102135339207,-0.1201122664403388,0.2971177024271576,0.5680440055583484,0.7119430832107775,-0.11141033437906771,-0.12266521862226624,0.24613445665011086,0.4632586779337108,0.5061696242019447,0.5927812393046616,0.4212691534721469,0.31429886517370836,0.551882896377005,0.5587157762401341,0.12124999823442026,-0.2485825334762985,-0.15005089475913863,-0.26206917164088195,0.37662454433462206,0.4420863928146613,0.5810825285983476,0.5023136601935531,0.5067418017504838,0.019449000899103102,0.39422511107024777,0.8418651399455336,0.8982864232714064,0.16123939475626028,0.6685136049873961,-0.09123373558799018,0.08269063876705428,-0.1423620384265879,0.09491002298371648,0.24473980021718184,-0.15370097635568444,0.04523638613686235,0.007179383634042278,0.07732902154542848,-0.10718668148061965,-0.06631658409611613,0.45514514897495234,0.6552252614711368,-0.2818424426725597,-0.3768968084918299,0.3264634457400019,-0.2267825601685525,0.174479587987367,-0.18103813212848485,0.12617064505581335,-0.3375614493456709,-0.09671779771415175,-0.4587611638412551,0.22212448692627212,0.340496116541608,-0.07817221041046703,-0.21037636346294994
