0,1,2,3,4,5,6,7,8,9,10,11,12,13,14,15,16,17,18,19,20,21,22,23,24,25,26,27,28,29,30,31,32,33,34,35,36,37,38,39,40,41,42,43,44,45,46,47,48,49,50,51,52,53,54,55,56,57,58,59,60,61,62,63,64,65,66,67,68,69,70,71,72,73,74,75,76,77,78,79,80,81,82,83,84,85,86,87,88,89,90,91,92,93,94,95,96,97,98,99
0.0,0.6887750999657833,0.689318262917812,0.4800549429273808,0.27691805456680135,0.6723837045958554,0.07302869707167772,0.15970482519488807,0.023481585283676054,0.13905259841205533,-0.004943663793281706,-0.6457570558686296,-0.3587622961247972,-0.49911903196081125,-0.29608309376247144,0.675554935501898,-0.016118096847181893,0.44789079494084005,-0.6423436358608705,0.7059881238253859,-0.2714212932541611,0.10809068199271078,-0.05227550558237657,-0.47200706647503893,0.2767126969674128,-0.3525854753887135,0.31365386396706985,0.13782389161393946,0.07332052219815384,-0.35450843211636257,-0.027758065898575837,0.621793990142891,0.5594689094560623,0.2973331990749803,0.2124367643945798,0.7240292811757328,0.3726952542314174,0.6708597031294852,0.5474264440738473,0.34220921985792696,0.6762408188438915,0.16126698865882855,0.3816498228608833,0.22428830378845752,-0.4498222541633374,0.18754295805174792,0.4811498537869968,0.25233509458242814,0.7500691764538556,0.5914449829429642,0.7275344411176667,0.6188537196687303,0.24701022816237309,0.0871123689573805,0.4620669514101268,0.8096596210696207,0.2017192678505245,0.09063260815394741,-0.15942954467854603,0.20358187133909675,-0.00037414801059591237,-0.6215278691564621,-0.4136961671897549,-0.5033418102843303,-0.23316918609325957,-0.40293658860075493,0.2486228947661609,-0.32236117258663227,0.1045950175683288,0.5070931574135564,-0.040960736168962245,0.08581109801271822,-0.25391676564823323,0.07846151638795922,-0.40812706298087437,-0.27154229787794787,-0.05273720036502371,-0.4148579632842836,-0.16358757197418414,0.4244619073334345,-0.13394141866839904,0.578061759768408,-0.2766426211427502,-0.030225854707586226,0.17070166279101726,0.6887117285105391,0.338295786455757,-0.07242726518371016,0.6710398072594276,0.6113367525578073,-0.028809581673769128,0.44895190714901234,0.2088869978989713,0.16127542611105897,0.3480381499033924,0.17325054969630702,0.474209756410216,0.3425547687343081,0.7811053816714331,0.6531292469115266
0.6887750999657833,0.0,0.8752044862869,0.786670378727397,0.6800604019130957,0.797393951324805,0.19398507562194617,0.498939111884481,0.2612731066741386,0.17237974774858203,-0.02368477032853778,-0.5898662481349387,-0.2399776910195617,0.010733723408438567,0.1405666836589864,0.7571715340287413,-0.15940702197611764,0.46751897824076627,-0.5854280668800844,0.7033814788389586,0.0316704425483489,0.23556606076796135,-0.1192403864728932,-0.36550525777001147,0.17298539478573496,-0.3817251519870767,0.32071303636944026,0.23216064189290192,0.12234168856786526,-0.03670432523487056,0.09034534072207014,0.6295509610931906,0.39168090029158875,0.28673757287096024,0.27776204811535005,0.7169073972959825,0.41122257052465533,0.7361010182520411,0.7064355136106036,0.4571010457518886,0.6877029513801154,0.146224075931192,0.6247665287997941,0.20667155521960656,-0.13247495025654976,0.25547080032596875,0.5150402382306801,0.2321595254800834,0.6673722678648422,0.5709423658727429,0.6633292809318054,0.8843877896978802,0.5732564339462319,0.4707360974460141,0.7712491787037592,0.8275918116690646,0.6105218730467661,0.5013422855324808,0.04360792148505411,0.1555183087667062,-0.10445600341474763,-0.6146302758530399,-0.42688846378357825,-0.1862686610445465,0.03946554094231977,0.01700129302511718,0.37452187878008,-0.30766815285256355,0.1079403716021325,0.5497188107228814,0.1680246231938862,0.039783145649861566,-0.2896325480014468,0.16299732741863684,-0.3812923215748801,-0.3795433688774653,-0.16632462741008677,-0.38365894828982466,-0.15566618187595008,0.6778238470086497,-0.1879729889763613,0.5587633764717899,-0.2083303279714492,-0.08933902688006011,0.12444518886646573,0.6439352392360528,0.2975226700010127,-0.24198166117574163,0.692575702126615,0.5615763569229703,0.187076870686654,0.49026875714333473,0.2707575074546205,0.19513202767148163,0.3266335879679857,0.20348816190825933,0.3878595312762507,0.1958167824329691,0.7052529049591875,0.5632187871355214
0.689318262917812,0.8752044862869,0.0,0.5138393901929291,0.7311823605983645,0.8759969617012353,0.12733747591877725,0.5100646642139591,0.5515947590098866,0.18032410412571795,-0.1932543515815888,-0.618231871814068,-0.5107569491836912,-0.008973243649934695,0.2986220615619836,0.7597924078243267,0.1064779838589297,0.647994749063281,-0.48690170532869465,0.7682780340021429,0.24738642358071533,0.39377550917840115,0.1459738084288917,-0.07080210372438465,0.23945557868788747,-0.28078735447353736,0.1022137426140441,0.5406470897876766,0.44008159605531183,0.01187934924047716,0.12429406238203995,0.47318687481553817,0.2773796340941842,0.5127482014316065,0.48419819352732774,0.7484579726017384,0.448053687991281,0.5206788613300656,0.5588751659071205,0.43990659252536557,0.53761745768201,0.2126141246912399,0.47116718120723716,0.12150699023432546,0.08493658244261507,0.08010469853980838,0.39628208200825865,0.2936016721278211,0.5561153067641286,0.3852327637245205,0.6265993152655593,0.8098970116015596,0.574346187759069,0.3655651144847067,0.8783291853994175,0.8580213501872903,0.5655805641092967,0.5574846743616697,0.09834059916716466,-0.05204922725020328,-0.1953611498401076,-0.6200755039768834,-0.11903231809917383,0.03273772345612563,0.2684870517437156,0.144276996150906,0.4275513167110119,-0.011106249254802842,0.39604389638875104,0.7131759475608501,0.4239251371050249,0.36484196268724917,0.049781579343081694,0.2510164114020156,-0.10502398644074197,-0.15087514609806582,0.16579920455102745,-0.14301161007574853,-0.09076169821644416,0.6867887663626072,0.12122119323983005,0.5137502335857849,0.005368276847692477,0.23015457019564586,0.33017208376494306,0.5958759704482216,0.42437235930247974,-0.003962084257593162,0.7508019552785015,0.5757660295865871,0.314713395049434,0.43634068475454696,0.3547820163898819,0.30399199815921657,0.44839628887273886,0.059443193455947375,0.3279101600237509,0.2836739336611001,0.6064498118419915,0.421534718744709
0.4800549429273808,0.786670378727397,0.5138393901929291,0.0,0.5868645592878579,0.4332009151481387,0.3745223211942071,0.5310005467134661,0.0004371612890890575,0.10826319308807812,0.22971681787902817,-0.2718220935087983,0.025160546173279678,0.17375052196870536,-0.009355630307175762,0.4908537879909352,-0.46897985658690733,0.11911543642596359,-0.38874936191301385,0.31066150752842425,-0.06175272493880666,-0.13790976915588246,-0.31693537568482677,-0.48430891962358485,0.03465357972556429,-0.2639818986106331,0.2725293830037459,-0.2436057879490756,-0.25203408576499253,-0.16294618719626208,-0.14985100438448662,0.4301976438859593,0.17950434786614466,-0.13398786418664668,-0.11480299707935544,0.3485229775949006,0.11588176146755512,0.6295023932574052,0.5944150910766752,0.3841147675060389,0.49742185233247066,0.010186070086488027,0.5347067637361541,0.054582805357176585,-0.4016777354570281,0.2337757653629413,0.386159620570947,-0.04196867663677621,0.4300522020255807,0.4224427455293705,0.37182666113767837,0.7862082328997821,0.5787444922180471,0.7104419485215029,0.42594480109332694,0.4877945314226816,0.6272342824466736,0.5154937143633529,0.060202036767296754,0.31433424672358323,0.08166512155820581,-0.3048723632488677,-0.4493590607276852,-0.28094379867027397,-0.14197437735079807,-0.07707417702093583,0.31345671911429884,-0.4338676267538216,-0.24010419854719453,0.16365722947295824,-0.008517046808239823,-0.3077241743258867,-0.49211842089954383,0.15325582777935423,-0.4200144145823364,-0.3878724067701864,-0.4414866462396149,-0.37704315535647626,-0.22805861407891678,0.5150851714272005,-0.36675661256596337,0.2667220980225447,-0.413130226331249,-0.3451519909124751,-0.17665884765116074,0.4403080642272818,-0.03088662667432141,-0.5210676534859524,0.3387020467478903,0.26718309204815,-0.029406727460138976,0.40804089588901876,0.19269591793160015,0.03782252656801546,0.14547521561731572,0.12730565106262368,0.16986912657544626,-0.17140740257560141,0.45463465686218746,0.3466207704555362
0.27691805456680135,0.6800604019130957,0.7311823605983645,0.5868645592878579,0.0,0.6979966875851853,0.12851985890499962,0.5777724225829909,0.6223439898292762,0.12017079563511701,-0.06522286421013165,-0.20953427325233864,-0.2215742028616268,0.4776076800863636,0.5097731922130848,0.5025463327101245,0.023858412910972772,0.32126904600401657,-0.1370739581948218,0.32114519816877457,0.445756988164754,0.3345693317805452,0.051406727130876996,0.05231849803877378,0.10140866851138702,-0.06722150058377392,-0.043228166943003465,0.2494479454120788,0.3303943542665867,0.11988641114386595,-0.058891253426033977,0.17679441241569743,-0.017926851996326675,0.3025296516996252,0.4643304799447079,0.2642783722378522,0.2062343701723033,0.31747898816204684,0.35291560862195437,0.27485839035079607,0.23117142187679834,0.11589454180529056,0.46615811999948503,-0.16618267743718798,0.10819526053926282,-0.006154085686787514,0.2080463379818801,0.0813132727941942,0.206728125995729,0.0947865448741021,0.14893766264189406,0.6578302183222337,0.591998107872611,0.6815393859483154,0.8401192922004302,0.5244717945122662,0.5831503309546003,0.692598865255653,0.22498543108140304,0.05406806377091796,-0.12467267882221686,-0.29523370572678664,0.021738719947228164,0.33820817900525085,0.35548546639831136,0.4381840816490897,0.2639131107460241,0.05982663241421403,0.2774134812513519,0.3785174071062574,0.4647301992055462,0.22954139043716798,0.05340414092860637,0.14612705751078195,0.026495472548721165,-0.07933118148487253,0.02883571164413451,-0.005659809081866373,-0.07260179763095478,0.5533611248546744,0.05345561335801757,0.1962083361528499,0.018825203383901055,0.24526646599898805,0.14835177954374762,0.22690822985486842,0.22670136318282816,-0.2229835996907875,0.28159544906955736,0.09171725122781378,0.3278110945831682,0.3101257083248702,0.22670787427813904,0.15353388728761663,0.3610402566832756,-0.17720248693631724,-0.03074380203218423,-0.025127428453723906,0.21485509749181453,0.028204093696991717
0.6723837045958554,0.797393951324805,0.8759969617012353,0.4332009151481387,0.6979966875851853,0.0,-0.20025456170483089,0.14236211451958478,0.3409281675643365,0.07648923512546385,-0.1816840432156811,-0.6351991080741701,-0.305269353895844,0.04206000826518439,0.32110368370860415,0.6282794486600508,0.06090017454808491,0.4328031844828851,-0.606201359937453,0.733128821294896,0.14894725322241417,0.5412667741129757,-0.07277674354069155,-0.26042499258404433,0.13449465442488037,-0.5038444433187282,0.31491219183459174,0.456860668915152,0.40917989971248575,0.09006066827592317,0.24151195445884704,0.5472765751769272,0.38223403790873256,0.5345735424968769,0.6058636618186158,0.7070215734186116,0.5305610371577355,0.6116377349151103,0.5443338532477299,0.2173529856399866,0.6703268937471754,0.1747210977364196,0.5802090759643799,0.28549096012189684,0.02653602193480047,0.322847496945843,0.5552083922037364,0.45575070467079637,0.7470709320658822,0.5797138550448396,0.6832648795193587,0.6384482464035526,0.3152930764060041,0.18194686422059664,0.9390487923858293,0.9135985326802398,0.23918903093547966,0.24076730098490515,-0.023141053064130553,0.06664232618699213,-0.32997765256691475,-0.63853859819314,-0.3176293303856565,0.0902101565131942,0.2981258425674305,0.26370967511007837,0.12260953787257985,-0.20389535504507023,0.293153254497134,0.5798468650801513,0.27411087543799184,0.18458011350401352,-0.11257826613965731,-0.06927984451187275,-0.3393884912485445,-0.40950234091615034,0.012951197002911615,-0.4194752651652495,-0.03675462995400462,0.619219756113662,-0.15137888005066644,0.6564893142210316,-0.049295512780194194,0.06898392110731354,0.1315618588124774,0.4815553778386794,0.5151711020992328,-0.21536755470618002,0.5932160821333473,0.43833253534133215,0.38769304851784764,0.42217646567683603,0.10892862907463534,0.1598034848007174,0.2695958337599251,0.15919846515814015,0.3813779344932887,0.4197893389297694,0.7385501695134128,0.5701017507459277
0.07302869707167772,0.19398507562194617,0.12733747591877725,0.3745223211942071,0.12851985890499962,-0.20025456170483089,0.0,0.6541729381929708,0.2832960625548454,0.47654080362325263,0.18043126342349675,0.17432681123419105,-0.20210311588956295,-0.012547376996154238,-0.2185952037832118,0.4401730628256281,-0.1700802367913,0.2513254151770611,0.22804285129232665,0.046026545393161415,-0.009427418646520434,-0.4738070927765681,0.21492075591583534,0.27787938439275806,0.43588865333812105,0.4707853320392982,-0.1754212097277657,-0.0833607981465543,-0.06710315400296732,-0.19962558559971702,-0.47872357225872114,0.10760813322582663,0.12065539981439731,-0.16940014558370112,-0.1714730529113914,0.04964256054130042,-0.14820560312783396,0.12751593561146027,0.4016003093238774,0.8083098829138015,-0.08596317045880239,0.22595631171934005,0.1486360661412067,-0.3636878540464262,0.048705179536215164,-0.3928762031932096,-0.17119556308207393,-0.42974480233221846,-0.31934926287756643,-0.26449428270584346,-0.22351724877137177,0.48149531967876413,0.7052745220656915,0.5767999083795439,-0.14775902531622556,-0.033708897952103196,0.7217603443959258,0.5240304852967191,0.4549436447886281,-0.040494280481994036,0.4171447338443604,0.015175810442340062,0.10443475020831092,-0.3386618796561806,-0.3274697786891992,-0.3271682247658686,0.8160032750989644,0.13277352590552008,0.026047910361255384,0.1361188715193047,0.21468921399915988,0.2523072838034543,0.07480328565727969,0.8719133242814525,0.3727581191025462,0.4411416784204179,0.11350780951246235,0.42955743767024834,-0.23044823272589296,0.2389612352300523,0.32185660603194277,-0.2988598508815284,0.08593201734643753,0.22064406156194946,0.3297770323661679,0.37218234924653654,-0.20378443386061684,0.24722571129236084,0.30808181853297295,0.27994394360970015,-0.052637983294495476,0.3873578952250045,0.7424778754954148,0.31908899883688835,0.5333119765664842,-0.1426907300113771,-0.09176200616023651,-0.3964788540911059,-0.2116596970830406,-0.23963330508485373
0.15970482519488807,0.498939111884481,0.5100646642139591,0.5310005467134661,0.5777724225829909,0.14236211451958478,0.6541729381929708,0.0,0.6186202748750078,0.24474438546383784,0.025729821958334568,0.005236700803174817,-0.3396392888583366,0.16984004657795723,0.1409758339994977,0.39264678369532496,-0.09585292479636306,0.4088062488321925,0.013817856650318181,0.14452779414044115,0.2942775206727819,-0.1256423603233236,0.27650627450689585,0.23994608928713504,0.2010826747774845,0.37375251248315,-0.3173406133122565,0.1387560387908903,0.0859998967999006,0.012703765379732517,-0.3106747483388171,0.020913820072806392,-0.19074064257972517,-0.039903527514307154,-0.023352142529731123,0.1335460567621266,-0.17730045157462856,0.08506609129277039,0.2551997227257424,0.4847778189467499,-0.06883417130439011,0.0465585445938099,0.18146263110969374,-0.40548126818965546,0.0023121586120643974,-0.33140629954208195,-0.114869745761787,-0.2858285200933937,-0.17546560563158312,-0.2561029285086018,-0.0006150099576880143,0.6847090116014014,0.6879786095984436,0.6884493010881506,0.28583464210757686,0.174966266042499,0.9312543443800424,0.9517355395749433,0.3143489928050978,-0.12776331322444023,0.2355146650067219,-0.09611242430951104,0.2769069069044337,-0.01645771391260107,0.01718110150516555,-0.04061228359551849,0.630847153097973,0.19056562760030382,0.16744009289820713,0.3430789796701887,0.40028671949464456,0.29927811116317427,0.1735717269158014,0.5489010044767149,0.28488373005422574,0.3170032686793367,0.07578865425430613,0.41130435799133674,-0.23818213189473936,0.39348484316934385,0.33996303142397427,-0.1498466375964769,-0.08360920174608893,0.2868209528849484,0.2793545012722059,0.2808913181372317,-0.19169660188035556,0.08620907465297327,0.3302818799903427,0.18042578482500332,0.03192348024470664,0.19570271195870978,0.4664271100576278,0.15909014624163878,0.43556871486187504,-0.3021674510291577,-0.13232566823288336,-0.35948090318585263,-0.055146022568642504,-0.2409622972216431
0.023481585283676054,0.2612731066741386,0.5515947590098866,0.0004371612890890575,0.6223439898292762,0.3409281675643365,0.2832960625548454,0.6186202748750078,0.0,0.21075684713065335,-0.39747122935012785,-0.17060907399606545,-0.6362610659832454,0.2610420839869109,0.5079810632180647,0.42242610174972184,0.43962653511508093,0.6146663287257962,0.18264120654801544,0.2913762380050781,0.703383538507976,0.34300464542073017,0.6222643789097265,0.6641010549569732,0.27661955978350683,0.32688277267167815,-0.43473610500673543,0.678880226396477,0.6796086765141534,0.09888646916392814,0.03713974265487378,-0.11726270290359483,-0.16063487855952455,0.5411693865478686,0.5254958515092024,0.19334796755609526,0.1529961457434494,-0.1672656750239285,-0.022436117218363832,0.35389784806705477,-0.19271652942275247,0.2574127689829623,-0.001699423324522017,-0.33729780459790587,0.52430658828017,-0.4503463150730771,-0.19458344501729605,0.0005620975521329172,-0.25484305118105777,-0.3671215674173488,-0.10833391982295475,0.3244619472378803,0.562889177070695,0.38291718650563195,0.527197188002621,0.21456279909792614,0.5131428095209524,0.683809283072965,0.33548993001522376,-0.4117677662633483,-0.11907413554812699,-0.23055392581632064,0.6249105882845631,0.4947969300821253,0.43611003947948507,0.34906553840045546,0.5276575069979517,0.6504717430976842,0.7030901737211717,0.5740732212820471,0.761975224640051,0.8127261468195752,0.6695062959912504,0.48294445827587185,0.6401759723993564,0.559209921027018,0.6060166002754228,0.6079088037238007,0.032910639908284404,0.3617623326197635,0.72143352750438,-0.09309733609465175,0.4677500308178144,0.8221417751889023,0.6549355109857407,0.17478535373164455,0.2885436181192386,0.4872895557264715,0.3636678826342792,0.16093017688451136,0.33827902427305717,0.055588765652538195,0.4489685520028864,0.3433665987138015,0.5637727302097468,-0.37791284018895727,-0.1395032658784015,0.004980060297025279,-0.17155374342125657,-0.3157474538364935
0.13905259841205533,0.17237974774858203,0.18032410412571795,0.10826319308807812,0.12017079563511701,0.07648923512546385,0.47654080362325263,0.24474438546383784,0.21075684713065335,0.0,0.47231953490038653,0.12395832017665825,-0.16837229783192345,-0.058288042587808564,-0.10147579722335867,0.3127796412827699,-0.26543540637116975,-0.16176545269097065,-0.05386724194604958,-0.0681808109121509,-0.03825333931135033,-0.5071300165560739,-0.21031235716497057,0.08618317006741257,0.9356805661988817,0.48059959742740616,-0.21163041258966095,0.07578977024672315,0.20476503844603952,0.0011941396321457432,0.03254216097151431,0.3465480607593502,0.5740190729644977,-0.25808293870979687,0.01595218304725684,-0.07397208686609429,0.18092490508304748,0.2754975733739644,0.551361340591245,0.6379784016082665,-0.21399835431183756,0.7332580205146213,0.35921090124982813,-0.24702348913821806,0.14420409284481567,-0.4078532963517662,-0.2601803943030463,-0.5243110519334225,-0.14365216540130668,-0.23200631576722286,-0.03322257205397401,0.32826525509916227,0.1899446425354085,0.07199692882755847,0.05314057140984614,-0.004736964946482293,0.2867016420687218,0.2072362588435235,0.862583498547709,0.17549717045040555,0.2467275558442667,-0.14072576934507172,-0.12475025006885056,-0.3582056900081916,-0.3899607448037851,-0.2691492513602502,0.26683535212529075,-0.08699254310109662,-0.23312474050729184,-0.21388767135373207,-0.0776576112468298,0.17157206991932983,-0.16625451085019707,0.5671487135644359,0.2813437493817732,0.3706198531360816,0.13560342645858003,0.30916379960413937,0.1835563344416191,0.28340616113476624,0.05978998841156154,-0.4065029659392034,0.38676033842985735,0.2305808077296085,0.213326650659713,0.15092301676187525,0.07422031805250705,0.36870710949780205,0.0950194219922172,0.03353957420369211,0.22189527909525075,0.8060513547945248,0.784567330712759,0.6841857654547279,0.672172647048469,0.038970467089731266,-0.16453339543175946,-0.3863839602135156,-0.1770013491665925,-0.20692962435858178
-0.004943663793281706,-0.02368477032853778,-0.1932543515815888,0.22971681787902817,-0.06522286421013165,-0.1816840432156811,0.18043126342349675,0.025729821958334568,-0.39747122935012785,0.47231953490038653,0.0,0.5756354564179622,0.46589645864963725,0.1394317233436008,-0.15594423902752044,-0.24931940008656542,-0.43430624639769577,-0.6469169970037868,-0.028571100558526356,-0.5259025351794484,-0.2760625074319559,-0.6537609726565166,-0.4834080739705736,-0.3065820540461646,0.34190196152673274,0.37258024932149564,-0.17715878997227613,-0.5093404480247794,-0.3805414416794067,0.19569486785274068,-0.28037544231407435,-0.05351448300376536,0.1266115559521596,-0.762122972474102,-0.5399660822292394,-0.4495905063333636,-0.2215835674605723,0.0169126731448013,0.17446045636443203,-0.01068619092709795,-0.2751181159560029,0.24316786984159525,0.10481144374204467,-0.1977529524124563,-0.326848483458381,-0.18115825422576295,-0.3152854653959367,-0.6265198017133062,-0.0632328558157676,-0.17325180042039431,-0.009374697367030043,0.1759937142084606,-0.07844347097689469,0.03364221387169298,-0.23904961100188415,-0.201799118063305,0.04491343799832445,-0.02728804420216987,0.40972123495814144,0.6719611156894856,0.32046809540251997,0.3303819068037915,-0.45228425020040985,-0.4266244259771307,-0.47660731768116765,-0.20981011934283797,-0.2688338929806419,-0.46155466550454866,-0.7759541068134675,-0.6856910116999443,-0.48337702459317655,-0.5818945538915185,-0.49334381612728423,-0.014000800387643291,-0.17202297642915082,-0.07993004495807475,-0.37477232722669945,-0.03616307781339819,-0.1214893995854121,-0.2547770292668528,-0.5299616793157406,-0.4926771581685625,-0.323384168494578,-0.4886201133538583,-0.5801692985283896,-0.3938491827386921,-0.31762177145220577,-0.3271721730061402,-0.4512347863490832,-0.45100624484279084,-0.24424220534818764,0.41144105712741463,0.04833281716051748,0.00010922684923699999,-0.13069209922308778,0.06567690589008277,-0.4863988589964124,-0.6002573221730855,-0.1528580009569891,-0.21317367765856676
-0.6457570558686296,-0.5898662481349387,-0.618231871814068,-0.2718220935087983,-0.20953427325233864,-0.6351991080741701,0.17432681123419105,0.005236700803174817,-0.17060907399606545,0.12395832017665825,0.5756354564179622,0.0,0.5140451501774458,0.42855696638879204,0.07822278161773076,-0.5903491618911741,-0.07337564201698091,-0.6141746297067585,0.6023202775877007,-0.8529887720975411,0.027612738760913594,-0.45183640016567217,-0.054182038980904984,0.3246196529334178,-0.021172438145714012,0.6631376442836956,-0.4024033010779016,-0.40718304814048983,-0.24877099179908718,0.32079144319285124,-0.4892631071830782,-0.5571661120711928,-0.43369641368886025,-0.6417471308836502,-0.4129826180467198,-0.8559367014454732,-0.5871652634528715,-0.5764435832122258,-0.3717083018188951,-0.22726532374645306,-0.7036811145496662,-0.0955737770343872,-0.2883516651122447,-0.4677521676048804,0.08813095913200393,-0.3735653383774354,-0.6005530125304376,-0.5761480339922396,-0.6734781880543055,-0.6571091998034546,-0.6635799679161956,-0.32418976783330244,-0.15443834257657135,0.05359000206995332,-0.5195225632591884,-0.694681627196113,-0.036881716906176525,-0.006706825377352543,0.33185124556347645,0.28385782595794007,0.3951834517542844,0.7682198313633912,0.22329433704719095,0.11215837584090889,-0.10600665062422476,0.12901291852979838,-0.2211670492308879,0.08078815654579784,-0.4106902164512863,-0.699640042584217,-0.13169994935150856,-0.28856957267303596,0.057110662118528846,0.023136199440008276,0.33213838412270097,0.3123728416352367,-0.09574097655138612,0.4286585997392198,-0.16645128587286837,-0.5675889282807957,-0.0749002664238209,-0.7477605657487932,-0.08874725511251633,-0.1358070571851136,-0.4110327669376053,-0.7564343519963616,-0.533389142181305,-0.0764378594121663,-0.7708373620109503,-0.7417479432722642,-0.1740770726170281,-0.11644496989329181,-0.11710136026404316,-0.29097291735600334,-0.29348113780332136,-0.2815243724313692,-0.7072336002408672,-0.6374526074854705,-0.7141811189232791,-0.7078732219625758
-0.3587622961247972,-0.2399776910195617,-0.5107569491836912,0.025160546173279678,-0.2215742028616268,-0.305269353895844,-0.20210311588956295,-0.3396392888583366,-0.6362610659832454,-0.16837229783192345,0.46589645864963725,0.5140451501774458,0.0,0.20529870912609752,-0.10129389647566349,-0.4446828866396492,-0.29569384454198494,-0.6391156575444179,0.14124500528758988,-0.5011307512512091,-0.35221510485525537,-0.14096743907991013,-0.5705948344820672,-0.4247829078930081,-0.34426430883825154,-0.1128081297624281,0.424165233381066,-0.6018407928157551,-0.6065466155809718,0.2975252242175533,-0.22319315719307478,-0.18707329651648646,-0.06149817274894288,-0.5226849594003186,-0.35399593327144396,-0.44482329809125287,-0.25419373043071103,0.047836647367017544,-0.05754622005672419,-0.4076433438011316,0.015900146389127165,-0.3305650291930273,0.1048926507713478,0.14278036398210595,-0.21091040932486782,0.4679622865547259,0.14302201703928738,0.05665357846647739,0.017307280500671447,0.1722871880218057,-0.19079690042576447,-0.1725116827920708,-0.38171936624383196,0.024046084244651954,-0.302612098690213,-0.3106577842916719,-0.24904343647934618,-0.3506477891564361,-0.1888847991666467,0.6272634235152257,0.3917941991651523,0.5690343306648307,-0.4297884195337135,-0.058662257504241394,-0.19114378845259872,0.06512814733794026,-0.5155585990867051,-0.440964238089374,-0.5863950000158813,-0.5956664120892468,-0.5061516421524199,-0.7192491429167246,-0.5202962357125294,-0.49369543933267035,-0.45041782294727806,-0.4168441373193695,-0.6006909879970631,-0.4384522338672837,0.05657805128518479,-0.44758938788799935,-0.7191073689110735,-0.04365239609733791,-0.28028669953515795,-0.6778229788686279,-0.6557041905376282,-0.3858006044900665,-0.3386289168312275,-0.4735298547620786,-0.5606212282543233,-0.45439935402732184,-0.2509790369947749,-0.1865830097151167,-0.5130608313995411,-0.38266200400165395,-0.4737871582252784,0.2523176420324069,-0.01671421513860726,-0.05407223132835983,-0.07880854650471768,0.056234633016345965
-0.49911903196081125,0.010733723408438567,-0.008973243649934695,0.17375052196870536,0.4776076800863636,0.04206000826518439,-0.012547376996154238,0.16984004657795723,0.2610420839869109,-0.058288042587808564,0.1394317233436008,0.42855696638879204,0.20529870912609752,0.0,0.7815389331770937,-0.2080883056901187,-0.03985914922326295,-0.24365959496587075,0.3214066971370868,-0.3224593503008563,0.5773701734641042,0.11336130617619292,0.018854076638594026,0.31633680365689715,-0.2237484904545379,0.10363784333744705,-0.2225933763778493,0.0792997334442642,0.2069140299792013,0.46259861810832387,-0.06742767166975851,-0.3230441047488587,-0.4857857652328248,-0.09500286378139657,0.07191133223467981,-0.3703874679177291,-0.10744460008046813,-0.3075535526904987,-0.13765316219672996,-0.12811377602892626,-0.27823044164011257,0.011345485570629477,0.09676618971006454,-0.20415313258905646,0.452107146619736,-0.09685984312233374,-0.1940188764702137,-0.1669015736530747,-0.3068276679850158,-0.2964667482949167,-0.2900495607469594,0.053265391265710775,0.3123692642694449,0.44273396678297205,0.28849764052867904,-0.18645143358012414,0.228113277429271,0.33922965649379244,0.35493127427799215,0.04448578763829707,-0.22224747456422927,0.32558158318133334,0.21599133845730809,0.6380834229857586,0.5053328432985961,0.7994058928977109,-0.04625892376374098,0.15238670352187814,-0.029124324266146504,-0.20383519848810294,0.3711015864037153,-0.0731807748882259,0.12439070477878153,-0.027070221421120925,0.20910434405505027,-0.031535784730805407,-0.017367905130816638,0.21702387792118544,-0.07397818327093642,0.039448768262736654,-0.05712908246467342,-0.29238005320108096,0.05679693018116926,-0.011272712409059192,-0.2817032756936513,-0.5006442777786716,-0.07455039563238507,-0.3095863108166687,-0.3896969915672726,-0.5028653935812368,0.31069207693032946,-0.019529325115449876,-0.09548787603562,-0.145886786297549,-0.2200848353083135,-0.19181189910248736,-0.52364153613454,-0.3964978513806382,-0.35197173194037923,-0.41772167106122166
-0.29608309376247144,0.1405666836589864,0.2986220615619836,-0.009355630307175762,0.5097731922130848,0.32110368370860415,-0.2185952037832118,0.1409758339994977,0.5079810632180647,-0.10147579722335867,-0.15594423902752044,0.07822278161773076,-0.10129389647566349,0.7815389331770937,0.0,0.01293728850082032,0.3565174879755863,0.16058697993857454,0.26273228194902454,0.07499200222048855,0.832306839500873,0.38181582698481054,0.3000875338524578,0.46339988437448654,-0.17003592348591795,-0.02730928096187177,-0.25796709293393527,0.563417869782034,0.588385563818526,0.3616171685200294,0.19748125491270163,-0.3164977858004317,-0.39819491796287904,0.33163601797939996,0.2561344923894152,-0.022427725540915412,0.13349423611726616,-0.32003365217222135,-0.18523411227592737,-0.13602846941908955,-0.15030814774304338,0.025855816663640657,-0.07057394647099319,-0.026289019160245168,0.6262777161648859,-0.16089845317620646,-0.17658256494015348,0.12842727424819142,-0.12890081713080384,-0.18327968138080666,-0.011982698431282995,0.11127024425503215,0.3183820130592023,0.22823313707728304,0.5508639823938161,0.11234639210242361,0.1638912993062718,0.3051147449626714,0.22950256280921108,-0.10344677100217775,-0.32195821831325294,0.1338617916522004,0.3831835494452054,0.8431095689138272,0.8339093154651144,0.945345447427674,0.04512286246646379,0.4549374392425669,0.3674039100554321,0.1912171832949754,0.6898352211012467,0.22681931385504897,0.45112235096323405,-0.008232250865602381,0.3440052664320957,0.06662186427479484,0.3613242113415722,0.24208048027232537,-0.018189703296701873,0.1486922214393671,0.2123896486447769,-0.06146578897349739,0.21718644835634446,0.2252714682050402,0.032878878687037025,-0.3131297532531815,0.24495064969503563,-0.02549713570202921,-0.031291315447629704,-0.1613616341368926,0.3614849623206001,-0.04689484163356191,-0.06225053400637105,-0.04784081112989456,-0.12836627063631198,-0.10966874095869172,-0.32928575727607484,-0.07821992342302682,-0.14441103875716216,-0.19854754505574349
0.675554935501898,0.7571715340287413,0.7597924078243267,0.4908537879909352,0.5025463327101245,0.6282794486600508,0.4401730628256281,0.39264678369532496,0.42242610174972184,0.3127796412827699,-0.24931940008656542,-0.5903491618911741,-0.4446828866396492,-0.2080883056901187,0.01293728850082032,0.0,0.21988625262509687,0.7250942302166464,-0.21228245466251372,0.7904968157423653,0.08927812861089456,0.2007383750113986,0.24479802069213122,0.005154204481905684,0.41829820241027954,-0.16904150482490443,0.2536326213565518,0.3655364366885156,0.30778058420005655,-0.3476346687902867,-0.06334334008826331,0.5482976971745607,0.5652790624091911,0.5622816288719211,0.44427172416111393,0.7294564082566394,0.4327545730170111,0.6212024348478472,0.6571962934358659,0.7437439281778009,0.5797195860579613,0.2604180650310672,0.41697062165345705,0.06264712424675944,0.07136376140656214,-0.0013119240704147577,0.39124803221599624,0.28205771361405274,0.4126914441537845,0.38570341550671644,0.3512981246301331,0.7059668935835272,0.6835171442694407,0.4287919262791628,0.5997874953622983,0.7358249169591701,0.5090661202805359,0.3382670863326972,0.11392633931845693,0.03096844468275226,0.12314105738216807,-0.5881114948603557,-0.14396031086225403,-0.1625709975036837,0.027633513700953044,-0.09621244535348203,0.6790818245576644,0.09058944096693178,0.4706121237662626,0.72457548963136,0.3915766294815533,0.4487367854831428,0.06382164662889316,0.5372750589268608,0.03198709506451123,0.07484053332690088,0.23650134827620517,-0.10559536542258627,-0.14547571174258805,0.5634297577065922,0.2507045483449134,0.4747310803592442,0.17668920101299748,0.33644472783996876,0.5918751771471883,0.8372908456909238,0.4150135221256995,0.24461123705187032,0.8439933998012683,0.7791774584049275,0.11184537475748746,0.4936338296953795,0.5901203394297512,0.39266309878489614,0.6718071983103335,0.08710305168463402,0.4812096352413242,0.3521073982882585,0.4851377821117222,0.4507309240655423
-0.016118096847181893,-0.15940702197611764,0.1064779838589297,-0.46897985658690733,0.023858412910972772,0.06090017454808491,-0.1700802367913,-0.09585292479636306,0.43962653511508093,-0.26543540637116975,-0.43430624639769577,-0.07337564201698091,-0.29569384454198494,-0.03985914922326295,0.3565174879755863,0.21988625262509687,0.0,0.5733937442366018,0.4787466890680281,0.2373778318267246,0.5001509120968283,0.41643362378559673,0.7890614679687565,0.600099089151814,-0.08407904023618189,0.13628672997070004,-0.2261041894944218,0.5423239329178746,0.5128595147095318,-0.17710065137362643,-0.0038980321353253764,-0.41698011252311573,-0.17356365391053277,0.6925620544781762,0.3174872178993904,0.1103895529590016,0.12163756453772201,-0.43441009919368245,-0.4857843275502866,-0.14581871710557404,-0.134585569640349,-0.14548358754972981,-0.5589823424208632,-0.02106850606277612,0.4046060922968687,-0.32729682961507844,-0.23922643079777034,0.33799883918657364,-0.17450809719568905,-0.19533538670277664,-0.15503888704328128,-0.20632269815715645,0.13795249525285255,-0.1327439778591266,0.1448191858674924,0.09864572193836015,-0.20535137291005282,-0.13627733210262835,-0.26052563106902804,-0.10688441069422085,0.057649123566825035,0.054225999638180734,0.5347991945647674,0.5214629468002936,0.4876670175970217,0.33404306829695873,0.15436445495940787,0.7773691707227839,0.7693709574632833,0.4853767746227907,0.5771664523069845,0.5893208775874357,0.8147372741349351,0.07167867661589626,0.5317693529989675,0.4799863190735283,0.7178495485619578,0.33979788475715633,-0.060828906337084376,-0.28982961542842683,0.6323343389573008,0.06440726803253566,0.3614556735372351,0.6084863370626044,0.5584065811439191,-0.006273985423274739,0.38843477353695444,0.5341671261052277,0.19427565528337523,0.1902373092649558,-0.10538152609648709,-0.3768608251441729,-0.09076417303614348,-0.08750492953022608,0.07613773665679921,-0.1446854453865693,-0.018127979929297034,0.4256368105077037,-0.13492761127971553,-0.05682900104118551
0.44789079494084005,0.46751897824076627,0.647994749063281,0.11911543642596359,0.32126904600401657,0.4328031844828851,0.2513254151770611,0.4088062488321925,0.6146663287257962,-0.16176545269097065,-0.6469169970037868,-0.6141746297067585,-0.6391156575444179,-0.24365959496587075,0.16058697993857454,0.7250942302166464,0.5733937442366018,0.0,-0.03521419735648059,0.7991757131102746,0.34811565967848945,0.4729082650248761,0.685961023037755,0.3235014826739718,-0.002362292547716804,-0.1659043862642135,0.02066844648262403,0.6402795675120668,0.4749703123218946,-0.28500041991054204,0.015378457211374997,0.14659046580438262,0.08216959254157408,0.8138682414971451,0.44454214418739624,0.7331493504664652,0.3203429361324408,0.14447041610028707,0.12509203674970176,0.4182802555287817,0.3944274252023002,-0.07868023978555408,-0.05998814836190123,0.10150481295238896,0.2176686327484159,-0.09496288498700915,0.22308986659479466,0.45658206108914634,0.2244505803584563,0.19994621540491714,0.29342857715976495,0.4173842839450595,0.5933179121630268,0.23071587141402358,0.46945767163604496,0.592243049620508,0.3993220182433699,0.3477597901541813,-0.2453628381105366,-0.3781805290016805,-0.07514886216211579,-0.44314883886754,0.3114653713366523,0.17277885218533015,0.36655841091840863,0.06808294988793516,0.6893559405496784,0.49835685820090636,0.8421982678046979,0.963570454788822,0.6642167102823936,0.7093190425252306,0.5598836455168907,0.4281689123867598,0.2591963901967587,0.22405294756090713,0.550026832370293,0.15117296561644575,-0.14190653141603388,0.35228876635519196,0.6189481812298631,0.48100829142510076,0.18825916883957627,0.553935546913778,0.7293727212217163,0.6764471552482876,0.43574609757103844,0.39944588613717275,0.8461865629289101,0.7694124013683359,0.09351450801128092,-0.0654338122471944,0.30420724669173466,0.15599205227311058,0.4039136489549395,-0.030328921625945745,0.4110976189024075,0.49694821810424633,0.365337098527855,0.3283476694980679
-0.6423436358608705,-0.5854280668800844,-0.48690170532869465,-0.38874936191301385,-0.1370739581948218,-0.606201359937453,0.22804285129232665,0.013817856650318181,0.18264120654801544,-0.05386724194604958,-0.028571100558526356,0.6023202775877007,0.14124500528758988,0.3214066971370868,0.26273228194902454,-0.21228245466251372,0.4787466890680281,-0.03521419735648059,0.0,-0.47810675465285596,0.4251594759974408,-0.22878798366841113,0.45155273618986175,0.677323457442135,-0.08240468875745467,0.534709675118182,-0.4165324946066785,-0.07746740655341812,0.11847191958935432,-0.12964327037542026,-0.32705815491606266,-0.7015221388873453,-0.41218680000937424,-0.019846398505005983,-0.18663618203366394,-0.5776261076918794,-0.3224137494874527,-0.6695502835459127,-0.5377257421082591,-0.04752399258154145,-0.6452500177822162,-0.1774416175180472,-0.6107931719198283,-0.38963278716505173,0.36950840423714626,-0.5269758031552865,-0.6059971033968549,-0.23572777574570652,-0.8036423757849727,-0.6530284765688796,-0.8227368481965658,-0.41711918657936853,0.12208767098759822,0.1556552921703508,-0.39409847756369093,-0.6188263268919405,-0.07168155168031079,-0.013454069717243472,0.13383878962242787,-0.028165584679246847,0.3847835856020781,0.6716339626609602,0.6307854081008717,0.4745988042188797,0.26631807733010254,0.31506265038435044,0.12913434663523768,0.7120177964060262,0.25723346382410817,-0.2176146949866401,0.36040465636144653,0.20728781187348058,0.5719030813061621,0.2931057355017051,0.7326577856720293,0.64829793489206,0.4543269790536933,0.6168843815992184,-0.019205980668673336,-0.47236238911557493,0.5006143589928473,-0.5878010621205885,0.36816717719613945,0.35216294783957397,0.21603370003397857,-0.3997756669592595,-0.15916394162909495,0.37450567163919896,-0.39405924884959226,-0.31049633312179775,-0.21592854183401947,-0.3342065591000127,0.06414752094418802,-0.07787385667248253,-0.02248093615001639,-0.27667626177267246,-0.44021807975241894,-0.25467626361339685,-0.7978812403991815,-0.625108887211891
0.7059881238253859,0.7033814788389586,0.7682780340021429,0.31066150752842425,0.32114519816877457,0.733128821294896,0.046026545393161415,0.14452779414044115,0.2913762380050781,-0.0681808109121509,-0.5259025351794484,-0.8529887720975411,-0.5011307512512091,-0.3224593503008563,0.07499200222048855,0.7904968157423653,0.2373778318267246,0.7991757131102746,-0.47810675465285596,0.0,0.07525743554100409,0.4769105656999925,0.23166618564563637,-0.1303645332482824,0.04537068056195362,-0.5723624878504302,0.4024933808677339,0.562483532474782,0.38287475109689534,-0.2538743657090431,0.2221915435408307,0.5705974485714725,0.4394249517431216,0.7340035940637275,0.46424678827908944,0.9748811520157674,0.575051310636381,0.5863569152967288,0.5013586365883471,0.4387839448516656,0.7945829044608094,0.030813968790905474,0.3189575161001581,0.42845262057388206,0.05034272552526859,0.2712970040686785,0.5742101404999906,0.5906007031732076,0.6932753196074872,0.6656569202710481,0.6851084382687777,0.5491152720198601,0.4251094835290846,0.109792984219834,0.640887310226338,0.8712582875744644,0.26238949027819497,0.12131393299175065,-0.24558952191720654,-0.18665050867525015,-0.23738448954003472,-0.687037438174987,-0.17176841797845138,-0.05759771247018607,0.24231137445164072,0.006611535162804746,0.5002734848921377,0.026755733505506276,0.5534680504499203,0.8691478655459834,0.39437538095140234,0.3837466074929665,0.09777748900372608,0.2140199913065449,-0.20380632590103032,-0.24803840042848763,0.23357151971832374,-0.3325446976907593,-0.053013312745705116,0.605615570942237,0.1627829095910038,0.7888606949393959,0.03118052194323262,0.17685898742320058,0.4681473705258195,0.8185842788561261,0.5699280351414018,0.10844859710565245,0.9459577459090169,0.8891900634582184,0.24331638388017718,0.25297415137088197,0.24969377132190732,0.1961322803289338,0.32711109113723313,0.2802575347119397,0.6612498818190653,0.6193743776651345,0.7746821625770254,0.7464967544935094
-0.2714212932541611,0.0316704425483489,0.24738642358071533,-0.06175272493880666,0.445756988164754,0.14894725322241417,-0.009427418646520434,0.2942775206727819,0.703383538507976,-0.03825333931135033,-0.2760625074319559,0.027612738760913594,-0.35221510485525537,0.5773701734641042,0.832306839500873,0.08927812861089456,0.5001509120968283,0.34811565967848945,0.4251594759974408,0.07525743554100409,0.0,0.25477817826155585,0.5013299567952364,0.6541448105285292,-0.027036033799383286,0.21024902971993809,-0.5186647972564872,0.5882767994569941,0.7065587449041187,0.029398048412561665,0.2155328864053667,-0.4008474675830652,-0.4112502667800501,0.43223898810871786,0.20397678597926466,-0.04916323863834273,0.16364293672478142,-0.4634961527625365,-0.34735328059792475,0.006035746860813453,-0.3434714596936193,0.1057293308123123,-0.340973921602527,-0.150147291760039,0.5520360847034845,-0.4726468416737264,-0.4235542452244329,-0.027670986628796208,-0.3533009847070392,-0.3819862716917901,-0.14633531799345442,0.04234344382905795,0.4427211248363095,0.2565729495544368,0.3826160960524878,-0.006835047219590148,0.20975198655300822,0.3853190986477033,0.2559034424945327,-0.2634138197848156,-0.22480275782878975,0.175633902851029,0.6377117611748312,0.8083731382879142,0.7641951561592863,0.7260183986066743,0.2701740801526717,0.7515258325971521,0.5801658637893283,0.29368541314374597,0.8518014166178088,0.5024739844534118,0.6902420184624463,0.24274099718739128,0.6492382800093924,0.43402716877939157,0.6333280858469233,0.5282943003964932,0.044352586126250954,0.11827551049964503,0.566832417211462,-0.2500727425593777,0.32778200573496963,0.5372904150621165,0.2986914833881229,-0.22247606255797897,0.327866557458834,0.26357054310932054,0.05356257635959565,-0.09735206515402779,0.29244845796908603,-0.13332435261568473,0.11775785033786079,0.10288557927676154,0.07690074023995898,-0.2194675037615198,-0.4166798291168562,-0.155020712328722,-0.3273098407723851,-0.342895071165115
0.10809068199271078,0.23556606076796135,0.39377550917840115,-0.13790976915588246,0.3345693317805452,0.5412667741129757,-0.4738070927765681,-0.1256423603233236,0.34300464542073017,-0.5071300165560739,-0.6537609726565166,-0.45183640016567217,-0.14096743907991013,0.11336130617619292,0.38181582698481054,0.2007383750113986,0.41643362378559673,0.4729082650248761,-0.22878798366841113,0.4769105656999925,0.25477817826155585,0.0,0.2707536148720352,0.10141018477009359,-0.3893269368312591,-0.46354128059981436,0.286445031330058,0.5231471670844611,0.31126243336298753,0.31589207599127,0.23224213387311618,0.09194734790797418,-0.15035412678435162,0.7435519844612571,0.7761399153881164,0.43103732405999823,0.22630862551211142,0.07665981104846582,-0.08041295793175836,-0.24492104563157435,0.41007886757889117,-0.2304734499405469,0.19145227841539333,0.21866098293873792,0.3499881935140896,0.4504667438515412,0.5182291133961732,0.7692963198634665,0.34714548445094595,0.3194511396307164,0.23791099700500265,0.008698951973010592,0.021432225798260394,-0.05467617283914903,0.5913895880054085,0.45607090716413157,-0.07855778229136344,0.013478737306658998,-0.43191736515782675,-0.26505961832806885,-0.4137360942154399,-0.35320475046049077,0.10715920424107711,0.5050272036097638,0.5642283448244941,0.46325589491145447,-0.07843276816274992,0.1360388210310094,0.6074827853724308,0.6254019387116087,0.36462370597364896,0.38561085435766734,0.258600577767461,-0.36270670318428294,-0.16603601299409654,-0.27403528124196913,0.10109888729006503,-0.26782711863946457,-0.000949513261432977,0.1452373169471354,0.1092133139483585,0.659453068648816,0.1134696057120743,0.25861108670722194,0.2012130984231404,0.1642310443012162,0.3092627596619195,-0.0426753236593954,0.30586493986167856,0.1983279024506046,0.28128918231184263,-0.3734253112696677,-0.35774178642895776,-0.2238339934194261,-0.06923116432666163,-0.07742295204062585,0.392708607596783,0.6873156920468221,0.37658013019589587,0.3016159606962272
-0.05227550558237657,-0.1192403864728932,0.1459738084288917,-0.31693537568482677,0.051406727130876996,-0.07277674354069155,0.21492075591583534,0.27650627450689585,0.6222643789097265,-0.21031235716497057,-0.4834080739705736,-0.054182038980904984,-0.5705948344820672,0.018854076638594026,0.3000875338524578,0.24479802069213122,0.7890614679687565,0.685961023037755,0.45155273618986175,0.23166618564563637,0.5013299567952364,0.2707536148720352,0.0,0.7666403294637804,-0.046281242026386164,0.3097199003060563,-0.42127791239397966,0.540518326843669,0.42872888573075474,-0.1402251259006465,-0.19240601222900122,-0.4145401454226717,-0.35340742588817387,0.5632640192404926,0.2264622641152609,0.12945853559889547,-0.13639598770172964,-0.5021551194780838,-0.4153116679126928,0.10027214285817858,-0.22300675130059755,-0.09403898107988205,-0.5078442655501909,-0.281669419436201,0.43349871913217164,-0.4926931201370402,-0.2981022100332319,0.11675580020536705,-0.353680839589057,-0.41070434909973297,-0.23387281223317913,-0.06565175732707179,0.38456233479678487,0.06912611390961847,0.03973619821660938,0.0224041612622188,0.1684080015812568,0.2337763559715843,-0.12004919449856911,-0.3977700331847325,0.012339735265566074,-0.062077639376258965,0.7028472527230036,0.40456195937579575,0.38644450031945127,0.2208347059530763,0.4947496003979504,0.7985780884465271,0.7586695431834423,0.579661256087303,0.6787986862028379,0.7121312047338139,0.8845157582093733,0.3865601960153367,0.6628851952492535,0.6385251681209466,0.6816812633989281,0.595914021644371,-0.2829627744793782,-0.11005022514879896,0.8358729084534686,-0.06457640286086401,0.28668780888779377,0.7000915156986208,0.6649146104034916,0.0853586098285591,0.10919942740545237,0.5545848398852302,0.2972305199235175,0.2656292758562851,-0.15092450404020433,-0.3492638799616703,0.16000830111804945,-0.06278889764507442,0.19175856643867215,-0.4046762621142958,-0.10962129603425502,0.15567039446967842,-0.22886491053748442,-0.2717710765359927
-0.47200706647503893,-0.36550525777001147,-0.07080210372438465,-0.48430891962358485,0.05231849803877378,-0.26042499258404433,0.27787938439275806,0.23994608928713504,0.6641010549569732,0.08618317006741257,-0.3065820540461646,0.3246196529334178,-0.4247829078930081,0.31633680365689715,0.46339988437448654,0.005154204481905684,0.600099089151814,0.3235014826739718,0.677323457442135,-0.1303645332482824,0.6541448105285292,0.10141018477009359,0.7666403294637804,0.0,0.15097498585016852,0.6032232101985855,-0.6326266430723845,0.49043976880931045,0.5511500645476587,0.08765614217507692,-0.13677771237321454,-0.48277918077620413,-0.418127649770014,0.31920982612777316,0.2251791629483328,-0.25433346288124614,-0.19735986832475147,-0.6678407645346575,-0.40727718046783296,0.16519348151165492,-0.589266664103153,0.10992151447033145,-0.4531622228143946,-0.46658095959751134,0.6988792325866563,-0.6816271137728768,-0.5859886964156956,-0.19874848495489691,-0.7215135772275612,-0.7314308572111887,-0.5612889435189966,-0.23570233278578467,0.31994304221428177,0.05876302686195111,-0.053099202932787644,-0.32139529346809353,0.1674292631203274,0.26806987370458557,0.3447437925272683,-0.43063962329726496,0.018892600958891462,0.23619005544062002,0.8199071286354992,0.573108179191817,0.45016636809555116,0.39926010068194795,0.4107553206064049,0.8503554543620782,0.6013647116656585,0.20926099315864033,0.7031893689974189,0.6939465654230521,0.859774718387198,0.5115300420008212,0.9179765217506546,0.791644152224262,0.7156758183858671,0.8454631262887636,-0.1243741143997476,-0.1197279054850615,0.843143610858196,-0.46281502074568387,0.4996371871609859,0.746120837834464,0.5247096826125983,-0.25240634588430655,0.00850570305109381,0.6056021723954124,-0.03438489173915077,-0.09525823678193045,0.14238976013105573,-0.18692636633659965,0.32527507103069836,0.07720877731717654,0.2247912545133689,-0.4732961742732938,-0.4401588105668347,-0.19110111886552797,-0.6448070072660994,-0.6512156845937926
0.2767126969674128,0.17298539478573496,0.23945557868788747,0.03465357972556429,0.10140866851138702,0.13449465442488037,0.43588865333812105,0.2010826747774845,0.27661955978350683,0.9356805661988817,0.34190196152673274,-0.021172438145714012,-0.34426430883825154,-0.2237484904545379,-0.17003592348591795,0.41829820241027954,-0.08407904023618189,-0.002362292547716804,-0.08240468875745467,0.04537068056195362,-0.027036033799383286,-0.3893269368312591,-0.046281242026386164,0.15097498585016852,0.0,0.5000555841451989,-0.25465751759942923,0.16075600830727463,0.26025066162572363,-0.14224795443853708,0.04844032347091007,0.36754586701753994,0.5982182427542694,-0.08163330849791682,0.13876185929180068,0.015559600185232768,0.19186651929897372,0.2590514056322034,0.4834488776795412,0.6295738928959875,-0.18566494498782268,0.7855289539771795,0.2772052105494666,-0.2956720921194578,0.1355753155237918,-0.46565653713539384,-0.24727828176502387,-0.4500642896988244,-0.1208800617782864,-0.2437697232599753,-0.004990041316274257,0.2758145521790966,0.19525932538020488,-0.009578703997157248,0.07835124822807255,0.07165303512829027,0.21583569337315453,0.15229082201655664,0.7542915300822344,0.10619780638805697,0.20674501193086545,-0.2874247057412974,-0.07353732096882022,-0.3675177174670481,-0.3977104732237548,-0.3449089955483838,0.3047256464529388,0.01709836531430579,-0.06476008628837925,-0.05542585885168544,-0.01964380672490485,0.33311686144771885,-0.04133521389429057,0.5676086877230011,0.33279932788940325,0.47099698121050215,0.24139233457712775,0.32466317998830924,0.11014244248039905,0.27772725825321665,0.21001328439839773,-0.3291531290164178,0.4136093961555281,0.3941161390573376,0.38565148721058423,0.24227248811141716,0.13254652670656453,0.4881317877940886,0.1988055903990714,0.1395675860755339,0.1396019221679009,0.743180029369058,0.7899635373334468,0.6937205284592545,0.7561526616767084,-0.073016483528668,-0.10185987891759361,-0.25653050110254105,-0.13487474912195457,-0.18182948421033862
-0.3525854753887135,-0.3817251519870767,-0.28078735447353736,-0.2639818986106331,-0.06722150058377392,-0.5038444433187282,0.4707853320392982,0.37375251248315,0.32688277267167815,0.48059959742740616,0.37258024932149564,0.6631376442836956,-0.1128081297624281,0.10363784333744705,-0.02730928096187177,-0.16904150482490443,0.13628672997070004,-0.1659043862642135,0.534709675118182,-0.5723624878504302,0.21024902971993809,-0.46354128059981436,0.3097199003060563,0.6032232101985855,0.5000555841451989,0.0,-0.726258237213624,-0.07249214984046981,0.07957947306982663,0.026139395881563852,-0.35896866529131227,-0.3873073874457406,-0.21512667192676613,-0.3484149798546941,-0.1863033272743303,-0.6244331578730488,-0.4539787189541835,-0.5228646349847503,-0.26165877803702786,0.19162588087786114,-0.8046757723805663,0.3011600995401018,-0.3259564970202375,-0.699642892543603,0.16681130391600826,-0.805945876841569,-0.7855758068780756,-0.7382100349924008,-0.779698594221909,-0.8663330124033836,-0.6081303773546355,-0.13696527506906975,0.1289199784843557,0.06808803722073786,-0.3923645105109068,-0.5458580150827153,0.22891320586544134,0.29788415352060915,0.5780823234979869,0.00012082664414465513,0.39328875589038276,0.3904502439295613,0.46453691271065284,-0.02418030116404729,-0.22473157096079502,-0.1485028018212582,0.20153356906384348,0.4011920241967037,-0.037123640190401,-0.3201269944127329,0.12020853846682875,0.29397310473229316,0.3707489191252039,0.4786048436952596,0.7118954420480105,0.7934688330415132,0.3155660516037967,0.8166543970430574,-0.14419847203462907,-0.3180320096247117,0.46665211051394306,-0.8313010765092308,0.20041313163835234,0.44866153530683717,0.20158017493836397,-0.3878880691604507,-0.33982673331209123,0.45767311263298416,-0.3610123444641392,-0.41022920615130076,-0.12417967050498942,0.09269798631192842,0.39421527224075237,0.1419678498609569,0.28356847182669015,-0.4862224762567295,-0.6776182534848013,-0.6373459989437829,-0.7445744256224002,-0.808671130317569
0.31365386396706985,0.32071303636944026,0.1022137426140441,0.2725293830037459,-0.043228166943003465,0.31491219183459174,-0.1754212097277657,-0.3173406133122565,-0.43473610500673543,-0.21163041258966095,-0.17715878997227613,-0.4024033010779016,0.424165233381066,-0.2225933763778493,-0.25796709293393527,0.2536326213565518,-0.2261041894944218,0.02066844648262403,-0.4165324946066785,0.4024933808677339,-0.5186647972564872,0.286445031330058,-0.42127791239397966,-0.6326266430723845,-0.25465751759942923,-0.726258237213624,0.0,-0.13148559787266229,-0.3598838780155262,0.02055203824727072,0.07356745507070345,0.4778431782742453,0.45414449795048234,0.12775761931872887,0.16002763938028408,0.4461359430636289,0.275315040665376,0.7151932143817533,0.46104196193839825,0.00093156502145312,0.7974264211974453,-0.21685954816618222,0.5372344630117282,0.6068280603840445,-0.1828644926663944,0.8678703288950124,0.8515564269233681,0.6720649149296274,0.6620875351460591,0.8393056195428849,0.37074159515196004,0.1986218422032643,-0.14322790929109838,0.08978730849119697,0.17800336526236388,0.4112202253034721,-0.129364407112043,-0.3269682763206241,-0.4398903411307579,0.32154518361926726,0.11494813170324403,-0.311421473944363,-0.5817791047143345,-0.26380482182037013,-0.18772585465932112,-0.129283801532306,-0.11857409285653199,-0.538730647778583,-0.15469527954888918,0.15381190324682162,-0.3526858603807371,-0.35894027288021957,-0.5318730686624793,-0.350757989428736,-0.7176557951221084,-0.6570103476174887,-0.5041723455116207,-0.8027268633905221,0.1927485976130762,0.23657778368953428,-0.5722851125260756,0.7527116240256243,-0.08457328296670226,-0.45919321758690934,-0.09097352827406523,0.49786444445663347,0.14223820542558377,-0.29493114632483397,0.28182999393061187,0.3921120119372677,0.04506236129847633,0.07282751429401378,-0.2288754752401426,-0.07049760731634619,-0.060607733766653925,0.5461990464777401,0.8143187746356779,0.6453696583165869,0.6283698459980842,0.7662901054501949
0.13782389161393946,0.23216064189290192,0.5406470897876766,-0.2436057879490756,0.2494479454120788,0.456860668915152,-0.0833607981465543,0.1387560387908903,0.678880226396477,0.07578977024672315,-0.5093404480247794,-0.40718304814048983,-0.6018407928157551,0.0792997334442642,0.563417869782034,0.3655364366885156,0.5423239329178746,0.6402795675120668,-0.07746740655341812,0.562483532474782,0.5882767994569941,0.5231471670844611,0.540518326843669,0.49043976880931045,0.16075600830727463,-0.07249214984046981,-0.13148559787266229,0.0,0.8111076658508137,0.1546748969490598,0.4213490041022488,0.0659939180215737,0.00978044823299978,0.7145499191572602,0.5248468159282151,0.49397469034906993,0.47787400574328404,-0.08629169415450146,0.004192672611041586,0.18491705053477242,0.09292004155943526,0.24812632902256446,-0.04197150597365132,0.22167285004161144,0.6451022538641761,-0.17479325671809842,-0.006296680613780795,0.3427840918627338,0.11093463970499214,0.019357697887279035,0.32325295295621187,0.1790891197042067,0.2942455603129302,-0.07768074024698364,0.5257773811270267,0.4061989619404355,0.12884306058908096,0.19109517577348284,0.1405934762282863,-0.4305856577846052,-0.3928472774033396,-0.38776272709822535,0.43011064518538594,0.4793049949124937,0.5827431437661557,0.4220081342211711,0.36096823791609634,0.5284228252398605,0.700627588135905,0.663626474950248,0.6831807097503799,0.7096151940440337,0.6355596737358039,0.24514191235564378,0.39741974311609307,0.24343366451556098,0.6767982122186708,0.2964641127427463,0.19953709471266612,0.3704092882595536,0.5456907854624414,0.23957323390893265,0.4764008634718865,0.6013571141884357,0.5779780253850992,0.2249763653268926,0.5686987669489876,0.4999088019106505,0.5418239719215621,0.40239664668637964,0.5109741962245953,0.07982329075896084,0.25877356832118176,0.31798084690202066,0.27650390644108663,0.08461271206834392,0.1301949078018493,0.3591973751449097,0.16689806871759744,0.127740639224681
0.07332052219815384,0.12234168856786526,0.44008159605531183,-0.25203408576499253,0.3303943542665867,0.40917989971248575,-0.06710315400296732,0.0859998967999006,0.6796086765141534,0.20476503844603952,-0.3805414416794067,-0.24877099179908718,-0.6065466155809718,0.2069140299792013,0.588385563818526,0.30778058420005655,0.5128595147095318,0.4749703123218946,0.11847191958935432,0.38287475109689534,0.7065587449041187,0.31126243336298753,0.42872888573075474,0.5511500645476587,0.26025066162572363,0.07957947306982663,-0.3598838780155262,0.8111076658508137,0.0,-0.016689054654585703,0.4044515907573546,0.025333793780691807,0.0551598343452817,0.6397160116590873,0.4844612434692409,0.2836286877732733,0.5642958676947288,-0.18690036459539497,-0.06506230556931826,0.23985613943396758,-0.11217041372885404,0.36084865270171373,-0.14836776216278053,0.09720928680291395,0.554162664609462,-0.43754188359542845,-0.2811806760210245,0.06542519462492451,-0.04475991556286546,-0.13723270404554064,0.15214088111291962,0.07172255234553475,0.32072517739009326,-0.08589942273152945,0.5009292051923423,0.2797670422196561,0.0383358725455104,0.14987052167723822,0.33184656633198334,-0.4385499774336666,-0.4208810257141083,-0.1471209477102656,0.4864358037640233,0.5191064710087608,0.5838221251530317,0.46978320377374977,0.32303439069711,0.6207431273568924,0.6815242348689973,0.45273140626421904,0.7021968867185078,0.7208622463342096,0.6497754908513075,0.3470296170856492,0.5743831901223478,0.35152467325750986,0.8386532295039619,0.46634734997593125,0.2325469399819736,0.3122333174655364,0.5945334490276313,-0.0293328127103772,0.4864946481657097,0.6701530201676874,0.4922988297731444,0.06042683691680522,0.6968498155835097,0.4824584404545529,0.3499308412133615,0.1856257002735726,0.6258175155131159,0.20716196090744846,0.34945703461004507,0.3991205691318008,0.30938370158476486,0.04028736797935701,-0.17738675013813968,0.1100333123189032,-0.036183388512335234,-0.053517821599257324
-0.35450843211636257,-0.03670432523487056,0.01187934924047716,-0.16294618719626208,0.11988641114386595,0.09006066827592317,-0.19962558559971702,0.012703765379732517,0.09888646916392814,0.0011941396321457432,0.19569486785274068,0.32079144319285124,0.2975252242175533,0.46259861810832387,0.3616171685200294,-0.3476346687902867,-0.17710065137362643,-0.28500041991054204,-0.12964327037542026,-0.2538743657090431,0.029398048412561665,0.31589207599127,-0.1402251259006465,0.08765614217507692,-0.14224795443853708,0.026139395881563852,0.02055203824727072,0.1546748969490598,-0.016689054654585703,0.0,0.0007686231372692335,-0.10161821097129811,-0.2874037803934348,-0.16632134642473165,0.19763938337104847,-0.20256278368426656,-0.1612498956335429,-0.14566908207863186,0.0010075260188399104,-0.2785680945931242,-0.1300993324707051,0.0011577098658915447,0.3031549309911856,-0.08423830196371403,0.41644252427756906,0.22513474064354472,0.0776556326773341,0.027462886084869156,-0.03470811760664472,-0.12629814581701013,-0.010360565122253352,0.018936206096609596,-0.14388499110928255,-0.05215441693806137,0.18918153499819068,-0.08229644228106679,0.08392019364647905,0.16548539462186085,0.17990782343357697,0.07443758055967713,-0.2032463511018613,0.11404862126643033,-0.02426644321703631,0.2530976802070984,0.17355379215260183,0.38392615183021206,-0.3030244838684112,-0.2137194286277257,-0.20778147699633068,-0.17250301585812208,-0.08805995054063083,-0.11761640329000551,-0.1063149799948694,-0.28325203816717914,-0.1359795959032777,-0.24910493746408116,-0.24780184791784549,0.016269514097388086,0.010364612941968524,-0.07739099772906542,-0.29180888823474976,-0.056641915327829674,-0.004867709939813022,-0.1521324734660416,-0.36580644295100434,-0.4307919187702664,-0.22047421209466084,-0.2443106748861915,-0.30452440920367646,-0.43784732396033577,0.24951281382041646,-0.07964793918397914,-0.24728913528524532,-0.2241668718611311,-0.28263558647801834,-0.09754916638558192,-0.2052888606809063,-0.09210909032546408,-0.07109187545909944,-0.2210427398183299
-0.027758065898575837,0.09034534072207014,0.12429406238203995,-0.14985100438448662,-0.058891253426033977,0.24151195445884704,-0.47872357225872114,-0.3106747483388171,0.03713974265487378,0.03254216097151431,-0.28037544231407435,-0.4892631071830782,-0.22319315719307478,-0.06742767166975851,0.19748125491270163,-0.06334334008826331,-0.0038980321353253764,0.015378457211374997,-0.32705815491606266,0.2221915435408307,0.2155328864053667,0.23224213387311618,-0.19240601222900122,-0.13677771237321454,0.04844032347091007,-0.35896866529131227,0.07356745507070345,0.4213490041022488,0.4044515907573546,0.0007686231372692335,0.0,0.24346788149567666,0.15953180077544324,0.2770980094795247,0.1314067855719945,0.238075510584641,0.6169345598329249,0.08671385723671664,-0.03884299993304798,-0.17161723651979086,0.07801461300679667,0.3033452953339437,-0.023031522807488942,0.611640161513969,0.20104847510781756,0.13222876296473562,0.03423846302797857,0.21265849899845765,0.23695464228844934,0.26627764161851936,0.38885730612481334,-0.18456498540814273,-0.2555946588440741,-0.4133503265301123,0.208543193407537,0.10608799690889172,-0.3554933071472592,-0.25656042532785456,-0.001969351287753274,-0.2906371301029031,-0.566922641568471,-0.3490383891374213,-0.04384865612074723,0.214135125548493,0.242611906740526,0.16514456335312191,-0.2571025103288029,0.030333442946126502,0.084261164728796,0.06269229883499543,-0.015449515167618203,0.08600909578632801,0.015508562805910252,-0.2424426002451988,-0.08001826746496798,-0.1714975727624418,0.2113531424272954,-0.1454721844662628,0.6478376921359914,0.3407172782688571,-0.004674838744188081,0.17218080980137448,0.3287839958351463,0.0671929756602481,0.11136974955851879,0.037579051707129864,0.5237163462576424,0.10667577274202471,0.13571120767779082,0.11324638920174866,0.4304262829908324,0.04498975853179614,-0.04837905504883811,0.38868254980436723,-0.07107050798777714,0.504044912787056,0.17044896252082417,0.26972303257835095,0.15936535176611719,0.2873800738325795
0.621793990142891,0.6295509610931906,0.47318687481553817,0.4301976438859593,0.17679441241569743,0.5472765751769272,0.10760813322582663,0.020913820072806392,-0.11726270290359483,0.3465480607593502,-0.05351448300376536,-0.5571661120711928,-0.18707329651648646,-0.3230441047488587,-0.3164977858004317,0.5482976971745607,-0.41698011252311573,0.14659046580438262,-0.7015221388873453,0.5705974485714725,-0.4008474675830652,0.09194734790797418,-0.4145401454226717,-0.48277918077620413,0.36754586701753994,-0.3873073874457406,0.4778431782742453,0.0659939180215737,0.025333793780691807,-0.10161821097129811,0.24346788149567666,0.0,0.7074442755885193,0.12951250388520982,0.33059038405182234,0.6198618059408484,0.4846610037651053,0.8486209579560325,0.7959700209126265,0.4945072824413418,0.6608179809402479,0.3820911028152778,0.72358530558067,0.297781582196561,-0.17000164048822605,0.33236387444317644,0.5479501288257899,0.13941413865112892,0.6407588360088008,0.6212407653181451,0.5656331815083344,0.4449675244749622,0.1164379382830948,0.006562394166959174,0.38495376965952854,0.5837095864083937,0.19805448532921865,0.018061759784973104,0.129258491326369,-0.005504048992296067,-0.18890648019356443,-0.6767098537932101,-0.5675814290043777,-0.5237487603683133,-0.3249956464231596,-0.34577100541922806,0.19126472584575438,-0.5467681811654391,-0.09836054193965643,0.26051018890770755,-0.2279286691488018,-0.017729938671743276,-0.5252809108291692,0.10737436835699722,-0.4752758150569373,-0.4186747158336488,-0.2622753355269895,-0.46266570730077716,0.037037770568162945,0.6676046321299569,-0.297592877267506,0.5182935119271858,-0.09073070213915746,-0.13827659363224218,0.0708566955158977,0.6274512430583957,0.2729807155005346,-0.1226256844795996,0.5527736424296574,0.4986805150044774,0.33874235726813595,0.6425499120508035,0.34661709273016333,0.3286591141489056,0.34610220644817835,0.30763054337187873,0.5023626428455719,0.21657393626120058,0.6391367969087378,0.5935156091899527
0.5594689094560623,0.39168090029158875,0.2773796340941842,0.17950434786614466,-0.017926851996326675,0.38223403790873256,0.12065539981439731,-0.19074064257972517,-0.16063487855952455,0.5740190729644977,0.1266115559521596,-0.43369641368886025,-0.06149817274894288,-0.4857857652328248,-0.39819491796287904,0.5652790624091911,-0.17356365391053277,0.08216959254157408,-0.41218680000937424,0.4394249517431216,-0.4112502667800501,-0.15035412678435162,-0.35340742588817387,-0.418127649770014,0.5982182427542694,-0.21512667192676613,0.45414449795048234,0.00978044823299978,0.0551598343452817,-0.2874037803934348,0.15953180077544324,0.7074442755885193,0.0,0.11863144902391741,0.21089149942914975,0.44674135588129127,0.5243642955177994,0.7353521430001102,0.6911873802130746,0.5217809872248939,0.48615892399202004,0.4541670338205695,0.4885597973481263,0.2952605491203367,-0.176073514355993,0.16538195841628905,0.3487916282091823,0.09358451732002245,0.5076772127570425,0.506806265898189,0.3841007753888646,0.29966275902622097,-0.0017891301202188166,-0.14228467854835916,0.19414551175632488,0.44069227522899923,-0.07480314137984051,-0.2671869345599517,0.19814975299680468,0.24541333821124728,0.11580814668888616,-0.46538813315073985,-0.5622322489844633,-0.5752312118309014,-0.46928664968175543,-0.4411166712681112,0.12657583243932408,-0.36759207002882566,-0.09562261037943005,0.10766066293713897,-0.29912997717885936,0.026596040263346072,-0.4108510884412537,0.20117548967519233,-0.27728067074315654,-0.15538772599465053,-0.0434206146224333,-0.356086733637233,0.22007099643439643,0.3158669046997937,-0.22379685624998227,0.32273069378430164,0.21063200071279034,-0.0331574048555164,0.2532356931005096,0.6097673682703919,0.4122287872180278,0.21154984787674425,0.4514728026106355,0.4959665331177796,0.1578936984008532,0.6680862311488467,0.4464159565180324,0.5312272835774587,0.5266961873818352,0.43275030446474,0.4864126856371713,0.30728293578857696,0.46540807393499795,0.5420194111203981
0.2973331990749803,0.28673757287096024,0.5127482014316065,-0.13398786418664668,0.3025296516996252,0.5345735424968769,-0.16940014558370112,-0.039903527514307154,0.5411693865478686,-0.25808293870979687,-0.762122972474102,-0.6417471308836502,-0.5226849594003186,-0.09500286378139657,0.33163601797939996,0.5622816288719211,0.6925620544781762,0.8138682414971451,-0.019846398505005983,0.7340035940637275,0.43223898810871786,0.7435519844612571,0.5632640192404926,0.31920982612777316,-0.08163330849791682,-0.3484149798546941,0.12775761931872887,0.7145499191572602,0.6397160116590873,-0.16632134642473165,0.2770980094795247,0.12951250388520982,0.11863144902391741,0.0,0.7263249498574714,0.6428166830256942,0.5300001249541856,0.09121924312390409,-0.018909676381058945,0.15399898528738556,0.3900189137250871,-0.046905812374259954,-0.038952355086567504,0.259779654377501,0.4010281599300034,0.06567779602438478,0.2875278213746402,0.652827785847113,0.2779821553639339,0.28311527779178874,0.2393926044519113,0.10386626624420384,0.3314583935229346,-0.009003640440953583,0.5709814072538881,0.5519732528173429,-0.02941624496305655,-0.005453876301412764,-0.2883727059293017,-0.365984192625021,-0.33590225789542894,-0.43967461765148486,0.2740845921865646,0.4344549153982654,0.5417451845161244,0.3281739448732278,0.3430512451677876,0.500395978431014,0.9108288191332773,0.8473067132705738,0.6257854519841533,0.7134091758661918,0.5629295237907089,0.11352202778337059,0.20556500555072513,0.08679356131916285,0.5905012375277877,0.003985431238715855,0.07983461935080208,0.25979031664399854,0.5141818031893842,0.5583143444674892,0.3982122259642149,0.5968211298534073,0.6490268659202659,0.4708163742648604,0.6782163730486453,0.3660145864988561,0.6452814741318879,0.5624705856412624,0.30258217488594713,-0.14879035532824061,0.06834188315629053,0.12526017507150186,0.27780661513296084,0.04856913168646703,0.40897150751643274,0.7066952119717582,0.33854986884041144,0.36525807617402944
0.2124367643945798,0.27776204811535005,0.48419819352732774,-0.11480299707935544,0.4643304799447079,0.6058636618186158,-0.1714730529113914,-0.023352142529731123,0.5254958515092024,0.01595218304725684,-0.5399660822292394,-0.4129826180467198,-0.35399593327144396,0.07191133223467981,0.2561344923894152,0.44427172416111393,0.3174872178993904,0.44454214418739624,-0.18663618203366394,0.46424678827908944,0.20397678597926466,0.7761399153881164,0.2264622641152609,0.2251791629483328,0.13876185929180068,-0.1863033272743303,0.16002763938028408,0.5248468159282151,0.4844612434692409,0.19763938337104847,0.1314067855719945,0.33059038405182234,0.21089149942914975,0.7263249498574714,0.0,0.3964750190855972,0.3465527454584328,0.2423958801479068,0.223344599060771,0.19172129922984424,0.30013245934994404,0.16826137450777684,0.43300088978534346,-0.03500415194303046,0.4496248800486399,0.1895629218837547,0.4077632379233469,0.489856598439435,0.22521966888035766,0.15285594153507073,0.07972583723464498,0.11635582945918237,0.17441886417537478,0.028581493793151936,0.6506332984296782,0.4626350202432131,0.04464657494749645,0.11988974073643444,0.035797385551521906,-0.3156697431919637,-0.34013782603699644,-0.4804409622112513,0.10881453540602573,0.31768942733881655,0.3259795115733428,0.29310727767494105,0.13800964554303005,0.14912714570255925,0.628718901469441,0.5710208004654129,0.3620339468965744,0.6327393204891388,0.24249873223188625,0.02156873167522001,0.06689114134630866,-0.011473024797134346,0.24543108671942376,-0.038673881432502465,0.0573829216308028,0.3196277424172058,0.2660819141798589,0.45615399955266045,0.4255650079941664,0.5601489421496528,0.4505323933551075,0.3208249847308539,0.4118570989092904,0.214604274446203,0.3731859563717212,0.22519925895805448,0.49408521253468834,0.08836293554732147,0.14133650470934728,0.18962645549377474,0.428685826927906,-0.18988559505790806,0.3213095467974187,0.5298060936878145,0.2442695067742482,0.13129608469756962
0.7240292811757328,0.7169073972959825,0.7484579726017384,0.3485229775949006,0.2642783722378522,0.7070215734186116,0.04964256054130042,0.1335460567621266,0.19334796755609526,-0.07397208686609429,-0.4495905063333636,-0.8559367014454732,-0.44482329809125287,-0.3703874679177291,-0.022427725540915412,0.7294564082566394,0.1103895529590016,0.7331493504664652,-0.5776261076918794,0.9748811520157674,-0.04916323863834273,0.43103732405999823,0.12945853559889547,-0.25433346288124614,0.015559600185232768,-0.6244331578730488,0.4461359430636289,0.49397469034906993,0.2836286877732733,-0.20256278368426656,0.238075510584641,0.6198618059408484,0.44674135588129127,0.6428166830256942,0.3964750190855972,0.0,0.6037799222975933,0.6339257194421514,0.5351767765592013,0.42028239410162754,0.827891305826029,0.019308996662944885,0.36047306818988734,0.48574859057590053,-0.02317475548207058,0.34617584215328406,0.6152824824950567,0.5597926028166222,0.757299761819825,0.7296551520609099,0.7609625608320497,0.5699386314659767,0.37973508912190435,0.08215559625423681,0.5912630466539681,0.8645686015358711,0.2580130907511655,0.10193391926802678,-0.2788092085004393,-0.17550203714424947,-0.2867694735308307,-0.7112871409608049,-0.28341278386975416,-0.16837919962367634,0.13536145884743045,-0.08664665659201917,0.4528638159590603,-0.10775627343952247,0.4389844259600784,0.8128692685328635,0.2549367116573718,0.28642997772440526,-0.021175753208833824,0.16475035248351805,-0.32099006551569575,-0.3525058780042573,0.13285977190539502,-0.40440779731968346,-0.020679532959569615,0.6120721146961744,0.049407031432920065,0.8058412773906096,-0.037761742694795264,0.060781268934793534,0.3657707546086112,0.8110710385876999,0.548719095142215,0.03300621300915242,0.9369557448176838,0.8743881688393088,0.23132745977791822,0.25690206414055744,0.2074754456344445,0.20128075178877067,0.26648820738651813,0.351365936705259,0.6824053830697778,0.6042668580399984,0.8329758184047725,0.7970946306327059
0.3726952542314174,0.41122257052465533,0.448053687991281,0.11588176146755512,0.2062343701723033,0.5305610371577355,-0.14820560312783396,-0.17730045157462856,0.1529961457434494,0.18092490508304748,-0.2215835674605723,-0.5871652634528715,-0.25419373043071103,-0.10744460008046813,0.13349423611726616,0.4327545730170111,0.12163756453772201,0.3203429361324408,-0.3224137494874527,0.575051310636381,0.16364293672478142,0.22630862551211142,-0.13639598770172964,-0.19735986832475147,0.19186651929897372,-0.4539787189541835,0.275315040665376,0.47787400574328404,0.5642958676947288,-0.1612498956335429,0.6169345598329249,0.4846610037651053,0.5243642955177994,0.5300001249541856,0.3465527454584328,0.6037799222975933,0.0,0.4235844855879103,0.3017404644768067,0.2621206215396081,0.4158122126113677,0.35515999986785474,0.18590927965363008,0.6304715853388893,0.17003940329688202,0.12491462497288634,0.20539837638685224,0.2663555750251389,0.5061865415287866,0.5503274192315712,0.5407465494804669,0.22969858141239904,0.19055614357660994,-0.07136893540687317,0.4800762699164547,0.5001454478867515,-0.136227834334296,-0.1776939943968473,0.033100958539636495,-0.10194815634688285,-0.4549858441806919,-0.4210793306485977,-0.22802576238380415,0.04030612167635194,0.12407721329584294,0.0789807261529448,0.12958754670722017,0.02527741928814252,0.30759571374565225,0.34879320956056376,0.12335870896105033,0.25050754476330755,0.005361043587500414,0.06687188717389482,-0.08993743192874318,-0.22950869529825846,0.36384001269497307,-0.20918948830457237,0.538355328063956,0.46350509031747256,-0.004820508844271565,0.37354737069389704,0.34374852830090924,0.16267219630890353,0.26497100036592475,0.39895584087349345,0.9225785387211304,0.1749318466424767,0.5147959763380855,0.4175809672330971,0.5661189821471647,0.35735952053627174,0.18809988542068398,0.5372748934147359,0.22277197995871006,0.6289533587742371,0.30474992291260555,0.42486761574187204,0.4493275185996435,0.5747190422634226
0.6708597031294852,0.7361010182520411,0.5206788613300656,0.6295023932574052,0.31747898816204684,0.6116377349151103,0.12751593561146027,0.08506609129277039,-0.1672656750239285,0.2754975733739644,0.0169126731448013,-0.5764435832122258,0.047836647367017544,-0.3075535526904987,-0.32003365217222135,0.6212024348478472,-0.43441009919368245,0.14447041610028707,-0.6695502835459127,0.5863569152967288,-0.4634961527625365,0.07665981104846582,-0.5021551194780838,-0.6678407645346575,0.2590514056322034,-0.5228646349847503,0.7151932143817533,-0.08629169415450146,-0.18690036459539497,-0.14566908207863186,0.08671385723671664,0.8486209579560325,0.7353521430001102,0.09121924312390409,0.2423958801479068,0.6339257194421514,0.4235844855879103,0.0,0.8694240211792695,0.45711131066469235,0.8177742756616276,0.17310244513312534,0.8067610963336963,0.35545129799380054,-0.3159460542827423,0.562524605288767,0.7482538179890121,0.31519925236053264,0.7483308362204392,0.7796919338116494,0.5604444708566811,0.6273161644749861,0.17181211030131774,0.2588913600438815,0.45635885538064386,0.6711343934882585,0.26642528340240257,0.06272316351846567,-0.020539352983107273,0.2812984571700262,0.06552696789017204,-0.6102936377944547,-0.7064592436315499,-0.520325049232637,-0.3512934112125595,-0.32593292689167325,0.16465953723643176,-0.6298243944789705,-0.17510353235987927,0.2610800985336518,-0.2747662690897117,-0.1948066600732124,-0.6456301704553866,0.018974789312622527,-0.6378643986584055,-0.5389592147217394,-0.43822412986032994,-0.6718551433000883,0.07348520461315255,0.6193802165184963,-0.4772033778461359,0.6441302846689336,-0.12386735977012238,-0.293900060388428,0.02956141312201185,0.7400045162784178,0.2263725234283073,-0.2611075453172153,0.5566398119965914,0.5539201598830368,0.15897658521063707,0.5837683560484088,0.25563793854615086,0.27616319508035364,0.37446237293686724,0.4014102046412489,0.685434602107655,0.3480273299807888,0.7391065935006809,0.7279990905405741
0.5474264440738473,0.7064355136106036,0.5588751659071205,0.5944150910766752,0.35291560862195437,0.5443338532477299,0.4016003093238774,0.2551997227257424,-0.022436117218363832,0.551361340591245,0.17446045636443203,-0.3717083018188951,-0.05754622005672419,-0.13765316219672996,-0.18523411227592737,0.6571962934358659,-0.4857843275502866,0.12509203674970176,-0.5377257421082591,0.5013586365883471,-0.34735328059792475,-0.08041295793175836,-0.4153116679126928,-0.40727718046783296,0.4834488776795412,-0.26165877803702786,0.46104196193839825,0.004192672611041586,-0.06506230556931826,0.0010075260188399104,-0.03884299993304798,0.7959700209126265,0.6911873802130746,-0.018909676381058945,0.223344599060771,0.5351767765592013,0.3017404644768067,0.8694240211792695,0.0,0.7145147508638945,0.6201664690432369,0.34684395826067127,0.8499239690558267,0.1366545013138241,-0.09871115477468949,0.3136515760978455,0.5499755279258368,0.07470300470821797,0.5241120041831929,0.5066140380591888,0.4390026355981214,0.7232791163079212,0.36557886236495873,0.3225429727461215,0.44337233280573085,0.5903897237322442,0.4915756811454718,0.2483643734994559,0.3623100416532636,0.20671106347660018,0.10832060455871358,-0.5064756828902994,-0.5859559926771449,-0.49449187667837974,-0.28166146622683547,-0.23826042699971414,0.38278262603637775,-0.5370407192014849,-0.1954276958935218,0.21377583682344264,-0.11095018896941868,-0.07155162478175087,-0.5482233792808279,0.35833077142925035,-0.3860264484644945,-0.3427263972477012,-0.3110610447140775,-0.39524967674910544,-0.03899830104605803,0.6547886469313857,-0.3311922455285377,0.3975169871890169,-0.03226540652564975,-0.19360111389617135,0.05497902850538031,0.668944982790862,0.09413777576954564,-0.1729342034048772,0.5520922296976895,0.519760889724857,0.2640026238704604,0.7974499684066372,0.5754798214378626,0.39542715868348943,0.5093556610150887,0.2648450743496802,0.46267264969317506,0.07239669419392813,0.5354753908905456,0.46882144158179834
0.34220921985792696,0.4571010457518886,0.43990659252536557,0.3841147675060389,0.27485839035079607,0.2173529856399866,0.8083098829138015,0.4847778189467499,0.35389784806705477,0.6379784016082665,-0.01068619092709795,-0.22726532374645306,-0.4076433438011316,-0.12811377602892626,-0.13602846941908955,0.7437439281778009,-0.14581871710557404,0.4182802555287817,-0.04752399258154145,0.4387839448516656,0.006035746860813453,-0.24492104563157435,0.10027214285817858,0.16519348151165492,0.6295738928959875,0.19162588087786114,0.00093156502145312,0.18491705053477242,0.23985613943396758,-0.2785680945931242,-0.17161723651979086,0.4945072824413418,0.5217809872248939,0.15399898528738556,0.19172129922984424,0.42028239410162754,0.2621206215396081,0.45711131066469235,0.7145147508638945,0.0,0.22583846471119803,0.4332963321501743,0.4101780810794054,-0.133388707782152,0.1305239613726591,-0.2657870531322321,0.06432554499439945,-0.20182469746342246,0.025096976130478003,0.04702112519224526,0.0760539163309898,0.5881561444898225,0.6932970460442203,0.4154030339501425,0.21456384612110532,0.3317872242617324,0.6251971664122483,0.40202173536625396,0.5395784516797082,-0.13424391576818218,0.16968508347692324,-0.3273310691862322,-0.07051051673020362,-0.34161139668799684,-0.2041685528439391,-0.25636655599919517,0.8356207888878487,0.054821764059014774,0.20651496869344188,0.36589048212177705,0.28927547002657883,0.4204503427248962,0.005889701135538473,0.8857962055066079,0.262717654102864,0.2687477783307447,0.24338907054243897,0.22977782733134275,-0.06933807693412679,0.5442813576862479,0.3094066063748426,0.01944756066397875,0.25798426767120297,0.31623217781165597,0.4963046173338266,0.6588506171155918,0.1861961009107689,0.32866301722897356,0.634087045138498,0.5818445902164174,0.26770240170082993,0.6842046361505794,0.9104062186580376,0.573523695542429,0.7411881617840995,0.053009695842657266,0.17477497127922284,-0.1164013398265978,0.10959127433480534,0.0916342944342524
0.6762408188438915,0.6877029513801154,0.53761745768201,0.49742185233247066,0.23117142187679834,0.6703268937471754,-0.08596317045880239,-0.06883417130439011,-0.19271652942275247,-0.21399835431183756,-0.2751181159560029,-0.7036811145496662,0.015900146389127165,-0.27823044164011257,-0.15030814774304338,0.5797195860579613,-0.134585569640349,0.3944274252023002,-0.6452500177822162,0.7945829044608094,-0.3434714596936193,0.41007886757889117,-0.22300675130059755,-0.589266664103153,-0.18566494498782268,-0.8046757723805663,0.7974264211974453,0.09292004155943526,-0.11217041372885404,-0.1300993324707051,0.07801461300679667,0.6608179809402479,0.48615892399202004,0.3900189137250871,0.30013245934994404,0.827891305826029,0.4158122126113677,0.8177742756616276,0.6201664690432369,0.22583846471119803,0.0,-0.18340744056324146,0.5775360074187854,0.5619927651693358,-0.26220381936216647,0.7158925676435386,0.8762132524197922,0.6716028406552491,0.8922625959446944,0.9340913815426204,0.6995489964068421,0.5240864634389257,0.181096437991681,0.1509171262797199,0.5094729822897063,0.8191303746892099,0.1285263550309594,-0.0845336962621998,-0.4353338355351219,0.15873149315762486,-0.11253780249495833,-0.5819462998566048,-0.5976499525178106,-0.2807901998274315,-0.014400753360811003,-0.09717725902016316,0.16973443995354595,-0.48126861466390447,0.09746480177967282,0.5409255073311477,-0.05800287396065259,-0.1422931658708404,-0.409930875632182,-0.14956865797404817,-0.7005593197068642,-0.6867140345053343,-0.3271426746626269,-0.7845289079639864,-0.08247130014796579,0.4855455397782808,-0.3984559211801085,0.9294211297231508,-0.27181183294673433,-0.3371345934886985,0.017574529163018042,0.729543546717012,0.3172610446960367,-0.3508715945281535,0.6773966766789966,0.6962596753530351,0.10355248316840142,0.2209772725393315,-0.06635245213078036,-0.06625440273515883,0.05443241813938123,0.4343087634042305,0.7908337590940411,0.6339672723355474,0.9194457989415913,0.9156432663542826
0.16126698865882855,0.146224075931192,0.2126141246912399,0.010186070086488027,0.11589454180529056,0.1747210977364196,0.22595631171934005,0.0465585445938099,0.2574127689829623,0.7332580205146213,0.24316786984159525,-0.0955737770343872,-0.3305650291930273,0.011345485570629477,0.025855816663640657,0.2604180650310672,-0.14548358754972981,-0.07868023978555408,-0.1774416175180472,0.030813968790905474,0.1057293308123123,-0.2304734499405469,-0.09403898107988205,0.10992151447033145,0.7855289539771795,0.3011600995401018,-0.21685954816618222,0.24812632902256446,0.36084865270171373,0.0011577098658915447,0.3033452953339437,0.3820911028152778,0.4541670338205695,-0.046905812374259954,0.16826137450777684,0.019308996662944885,0.35515999986785474,0.17310244513312534,0.34684395826067127,0.4332963321501743,-0.18340744056324146,0.0,0.2525164505213512,-0.14398457797356257,0.28797046878647514,-0.3607755840789813,-0.20782595172126941,-0.41007396139638197,-0.06229558442646066,-0.1721566174102896,0.08224124462419133,0.11583859944050216,0.12300731451823295,-0.02551798106037299,0.14836455625928938,0.02339793854135805,0.08181532272325491,0.09731090081695248,0.671136161134362,-0.060817444690413364,-0.13823161426053324,-0.3019953117547696,-0.0813245142899886,-0.17839407190136494,-0.2607530757233818,-0.13615891656779688,0.16043481882991198,0.002167556247867655,-0.08052810758251894,-0.09061776521522438,-0.010131623093051177,0.27901160906117184,-0.05122552169023151,0.36983470768823284,0.24705939086604758,0.30589858770821354,0.20523653552509263,0.2670453303859235,0.24336315602294709,0.3836846592765687,0.11894050637130371,-0.2875187084445396,0.37237322870983686,0.3225389919337928,0.2632915856827656,0.08273731459566676,0.2651791395276607,0.3657225748977741,0.09785283870672329,-0.003411388464543294,0.30485738362002973,0.6341768849161562,0.6085178908139959,0.7534763172627444,0.5327207034169086,-0.029212935275747455,-0.17581462262053585,-0.24213247663671902,-0.11654343864288137,-0.15701021244201918
0.3816498228608833,0.6247665287997941,0.47116718120723716,0.5347067637361541,0.46615811999948503,0.5802090759643799,0.1486360661412067,0.18146263110969374,-0.001699423324522017,0.35921090124982813,0.10481144374204467,-0.2883516651122447,0.1048926507713478,0.09676618971006454,-0.07057394647099319,0.41697062165345705,-0.5589823424208632,-0.05998814836190123,-0.6107931719198283,0.3189575161001581,-0.340973921602527,0.19145227841539333,-0.5078442655501909,-0.4531622228143946,0.2772052105494666,-0.3259564970202375,0.5372344630117282,-0.04197150597365132,-0.14836776216278053,0.3031549309911856,-0.023031522807488942,0.72358530558067,0.4885597973481263,-0.038952355086567504,0.43300088978534346,0.36047306818988734,0.18590927965363008,0.8067610963336963,0.8499239690558267,0.4101780810794054,0.5775360074187854,0.2525164505213512,0.0,0.07565258552351246,-0.02172706809159261,0.5345477078094382,0.6853344969661329,0.1892290302069589,0.5072027690507988,0.4740635465503294,0.3469857194106039,0.5851304069340048,0.18759468187424247,0.3316963096920587,0.5241580748673936,0.49606282244814215,0.3985720617697665,0.2728712958744204,0.2733371972923793,0.17716610583815798,-0.05403823521491505,-0.49429858431169965,-0.57157123552668,-0.31402322306634334,-0.22696908513439434,-0.06160194784307518,0.09717914475001176,-0.6511119819895107,-0.24330876277185337,0.11523915358665375,-0.2066617352633716,-0.12438424596040555,-0.6174861424139123,0.018385509919812158,-0.5306999674055526,-0.49732489371715594,-0.525907702667086,-0.48499100186255756,0.0015053369606059417,0.586352462504,-0.4820543660403838,0.4474838158568344,-0.03623842802870781,-0.21200375537317315,-0.10496813573739872,0.4494710338975162,-0.016765036549405928,-0.3436234855150527,0.28727607288013923,0.20435549745743037,0.35855283965077045,0.592379078680016,0.27588296586698796,0.22230315246573254,0.37630909062097956,0.118045744564047,0.42541528285002683,0.12673895719689815,0.48954051013193517,0.3525449140736793
0.22428830378845752,0.20667155521960656,0.12150699023432546,0.054582805357176585,-0.16618267743718798,0.28549096012189684,-0.3636878540464262,-0.40548126818965546,-0.33729780459790587,-0.24702348913821806,-0.1977529524124563,-0.4677521676048804,0.14278036398210595,-0.20415313258905646,-0.026289019160245168,0.06264712424675944,-0.02106850606277612,0.10150481295238896,-0.38963278716505173,0.42845262057388206,-0.150147291760039,0.21866098293873792,-0.281669419436201,-0.46658095959751134,-0.2956720921194578,-0.699642892543603,0.6068280603840445,0.22167285004161144,0.09720928680291395,-0.08423830196371403,0.611640161513969,0.297781582196561,0.2952605491203367,0.259779654377501,-0.03500415194303046,0.48574859057590053,0.6304715853388893,0.35545129799380054,0.1366545013138241,-0.133388707782152,0.5619927651693358,-0.14398457797356257,0.07565258552351246,0.0,-0.11440776907628936,0.5273094215970571,0.41125774583114777,0.5343027004447912,0.6188453573401494,0.7507063342890548,0.6104478927999496,0.04491579026755226,-0.1613367389492964,-0.2540207650512326,0.14716076017593818,0.3865539918347956,-0.35206112144242663,-0.46350068256324833,-0.40744941822744357,0.06526988750544035,-0.2874528950696762,-0.24564753418694024,-0.36889154652705314,-0.05191164074439312,0.10750392822573523,0.031978451437136755,-0.1523794940678682,-0.24064803098830254,-0.017225399282702305,0.1609469466166945,-0.15482389533763039,-0.21852996148542575,-0.185933908667831,-0.3059527043294416,-0.46266926018327065,-0.5535824335409414,-0.01388574464114081,-0.5531043386545054,0.5382786028476791,0.25379968152040505,-0.32608447698691606,0.5711351827217082,0.015903344337896128,-0.34788879830020203,-0.051038326197872935,0.29719893335213365,0.5491845202474556,-0.16172644719746349,0.31894819904854216,0.403921233919568,0.3251883143294835,0.03188893199414094,-0.23956804893644526,0.09406344236604657,-0.28121078428370905,0.9144324992143866,0.5185378943498011,0.5733447595327537,0.5591061667463697,0.7724495308322611
-0.4498222541633374,-0.13247495025654976,0.08493658244261507,-0.4016777354570281,0.10819526053926282,0.02653602193480047,0.048705179536215164,0.0023121586120643974,0.52430658828017,0.14420409284481567,-0.326848483458381,0.08813095913200393,-0.21091040932486782,0.452107146619736,0.6262777161648859,0.07136376140656214,0.4046060922968687,0.2176686327484159,0.36950840423714626,0.05034272552526859,0.5520360847034845,0.3499881935140896,0.43349871913217164,0.6988792325866563,0.1355753155237918,0.16681130391600826,-0.1828644926663944,0.6451022538641761,0.554162664609462,0.41644252427756906,0.20104847510781756,-0.17000164048822605,-0.176073514355993,0.4010281599300034,0.4496248800486399,-0.02317475548207058,0.17003940329688202,-0.3159460542827423,-0.09871115477468949,0.1305239613726591,-0.26220381936216647,0.28797046878647514,-0.02172706809159261,-0.11440776907628936,0.0,-0.19857111684765363,-0.1623112588483036,0.12200720612269132,-0.3758204250124521,-0.33616604004879247,-0.2752777292801448,-0.1250215325476089,0.23213300679756016,0.024420713441704836,0.23208065824250865,-0.12846680661434076,0.08763325160894082,0.1363959417085194,0.36438443962316086,-0.3579373007291734,-0.22926149900000783,0.011166137165773953,0.4614872533667324,0.6250735513045871,0.5060716597256275,0.5957678011231448,0.22485424191809433,0.5481562885121091,0.4737046362227531,0.2177671510789933,0.5309580506054932,0.5339618862728358,0.5433149618385024,0.2691466971220745,0.5527852563700797,0.3679766341155923,0.4833991086230018,0.4388757969410155,0.13753473766112131,0.1133364982731004,0.4639975275009569,-0.13569078121656655,0.6857304773578811,0.5209520932635674,0.39621638841840373,-0.1486544306035515,0.20318423479328246,0.45883800484147064,0.05390059076899083,-0.031126106838414866,0.39451976867973815,-0.025704517014274137,0.23443245964419945,0.27590768963204654,0.1944817510790455,-0.14530741101899927,-0.12097735029007733,0.0983842311379362,-0.36691531829237356,-0.33254189915272947
0.18754295805174792,0.25547080032596875,0.08010469853980838,0.2337757653629413,-0.006154085686787514,0.322847496945843,-0.3928762031932096,-0.33140629954208195,-0.4503463150730771,-0.4078532963517662,-0.18115825422576295,-0.3735653383774354,0.4679622865547259,-0.09685984312233374,-0.16089845317620646,-0.0013119240704147577,-0.32729682961507844,-0.09496288498700915,-0.5269758031552865,0.2712970040686785,-0.4726468416737264,0.4504667438515412,-0.4926931201370402,-0.6816271137728768,-0.46565653713539384,-0.805945876841569,0.8678703288950124,-0.17479325671809842,-0.43754188359542845,0.22513474064354472,0.13222876296473562,0.33236387444317644,0.16538195841628905,0.06567779602438478,0.1895629218837547,0.34617584215328406,0.12491462497288634,0.562524605288767,0.3136515760978455,-0.2657870531322321,0.7158925676435386,-0.3607755840789813,0.5345477078094382,0.5273094215970571,-0.19857111684765363,0.0,0.891116339691187,0.7183804046407937,0.6429107209592237,0.7595308503281525,0.3905226063964045,0.1149951083660321,-0.28010172094350794,0.004111130464776086,0.21618241921960973,0.34723928129139003,-0.16013460432019308,-0.26216184403883264,-0.5300427081812104,0.2080792828322298,-0.0816369965768785,-0.24486290447004988,-0.5720913532714244,-0.11767778722317195,-0.029559051020551414,0.006431991263300608,-0.34011107102585686,-0.6263493258832339,-0.21664052769715278,0.09563632458558663,-0.3832451453723328,-0.4408412948667333,-0.5797209738024941,-0.589944415205986,-0.8373853025096474,-0.803795290774273,-0.6505809029226162,-0.8729047471207312,0.12256073600968412,0.13702318951473538,-0.6730243807460123,0.7525277239406164,-0.22169273332322062,-0.5595241848747864,-0.34614623392088145,0.2810274535459463,-0.025728221801636312,-0.5320468619027546,0.10711272369265666,0.17366093147171646,0.01953165976840993,-0.15392780356978666,-0.4706171752920746,-0.24396704366319769,-0.25648255193914316,0.3756736931035656,0.7127436201852754,0.5908451335317998,0.6054936775463873,0.6463331545109775
0.4811498537869968,0.5150402382306801,0.39628208200825865,0.386159620570947,0.2080463379818801,0.5552083922037364,-0.17119556308207393,-0.114869745761787,-0.19458344501729605,-0.2601803943030463,-0.3152854653959367,-0.6005530125304376,0.14302201703928738,-0.1940188764702137,-0.17658256494015348,0.39124803221599624,-0.23922643079777034,0.22308986659479466,-0.6059971033968549,0.5742101404999906,-0.4235542452244329,0.5182291133961732,-0.2981022100332319,-0.5859886964156956,-0.24727828176502387,-0.7855758068780756,0.8515564269233681,-0.006296680613780795,-0.2811806760210245,0.0776556326773341,0.03423846302797857,0.5479501288257899,0.3487916282091823,0.2875278213746402,0.4077632379233469,0.6152824824950567,0.20539837638685224,0.7482538179890121,0.5499755279258368,0.06432554499439945,0.8762132524197922,-0.20782595172126941,0.6853344969661329,0.41125774583114777,-0.1623112588483036,0.891116339691187,0.0,0.7568671267856467,0.7328736751345113,0.7962207958631343,0.4779839004295589,0.36872880138083564,-0.0020601396477602095,0.16741926336680346,0.4370034979718771,0.6090469410306678,0.08012065901460748,-0.049121971400954416,-0.4330035871488348,0.11228773971116104,-0.06925777659605445,-0.5331409192413599,-0.5225720894360226,-0.19950601750953476,-0.037521629499963405,-0.06931006496540576,-0.026188259920685228,-0.5431424328491378,0.010615828602400275,0.40795532517139793,-0.18491223201000812,-0.1676396896840801,-0.48965876715264023,-0.31300613188730675,-0.741598234979494,-0.6752119096890979,-0.5154200080239657,-0.8047093160352075,-0.006346772795831008,0.3926996236331381,-0.45860179406839424,0.8893274813151043,-0.14506418165344978,-0.32253893336878575,-0.048552961432149364,0.6058388051655103,0.06500659691012783,-0.37647907174141954,0.440157504682941,0.471394773060957,0.05522102933141387,0.050430430714413686,-0.16647580477494883,-0.07537982249307737,0.08175628664157147,0.249588853205018,0.8471917960523015,0.666052104338434,0.7407053333311902,0.714254814467527
0.25233509458242814,0.2321595254800834,0.2936016721278211,-0.04196867663677621,0.0813132727941942,0.45575070467079637,-0.42974480233221846,-0.2858285200933937,0.0005620975521329172,-0.5243110519334225,-0.6265198017133062,-0.5761480339922396,0.05665357846647739,-0.1669015736530747,0.12842727424819142,0.28205771361405274,0.33799883918657364,0.45658206108914634,-0.23572777574570652,0.5906007031732076,-0.027670986628796208,0.7692963198634665,0.11675580020536705,-0.19874848495489691,-0.4500642896988244,-0.7382100349924008,0.6720649149296274,0.3427840918627338,0.06542519462492451,0.027462886084869156,0.21265849899845765,0.13941413865112892,0.09358451732002245,0.652827785847113,0.489856598439435,0.5597926028166222,0.2663555750251389,0.31519925236053264,0.07470300470821797,-0.20182469746342246,0.6716028406552491,-0.41007396139638197,0.1892290302069589,0.5343027004447912,0.12200720612269132,0.7183804046407937,0.7568671267856467,0.0,0.5364381426215584,0.6296849790530498,0.34358804400739557,0.06210327631396401,-0.08130513992427027,-0.06058121301252542,0.4089289801351346,0.5131771332644836,-0.18998828621143526,-0.23074012661296842,-0.6363872565671722,-0.046042839065817576,-0.10218035724960992,-0.3206427286285463,-0.08599147323593498,0.27466846719674753,0.4124086927443,0.254304923342872,-0.06823998017249465,-0.004654593521121162,0.4432908572521967,0.583546206918054,0.16948576312731017,0.12402691295647164,0.055659325659003736,-0.3806868260438197,-0.3847029606654246,-0.4051243194860734,-0.035373164872016194,-0.5703488709151574,0.11969503022185733,0.13566949280440374,-0.08022042896937485,0.8554491289523412,0.1136908937123117,-0.021515316626161324,0.1903926918663456,0.4356420929724443,0.28630393940945364,-0.07445255662331969,0.418249949112751,0.4735492366202932,0.051954671628043916,-0.33113268996142686,-0.354772546131905,-0.17763163216045627,-0.061695760132830915,0.2819942905197268,0.781278253652506,0.9018186997676125,0.5519377209210166,0.6312903868137184
0.7500691764538556,0.6673722678648422,0.5561153067641286,0.4300522020255807,0.206728125995729,0.7470709320658822,-0.31934926287756643,-0.17546560563158312,-0.25484305118105777,-0.14365216540130668,-0.0632328558157676,-0.6734781880543055,0.017307280500671447,-0.3068276679850158,-0.12890081713080384,0.4126914441537845,-0.17450809719568905,0.2244505803584563,-0.8036423757849727,0.6932753196074872,-0.3533009847070392,0.34714548445094595,-0.353680839589057,-0.7215135772275612,-0.1208800617782864,-0.779698594221909,0.6620875351460591,0.11093463970499214,-0.04475991556286546,-0.03470811760664472,0.23695464228844934,0.6407588360088008,0.5076772127570425,0.2779821553639339,0.22521966888035766,0.757299761819825,0.5061865415287866,0.7483308362204392,0.5241120041831929,0.025096976130478003,0.8922625959446944,-0.06229558442646066,0.5072027690507988,0.6188453573401494,-0.3758204250124521,0.6429107209592237,0.7328736751345113,0.5364381426215584,0.0,0.9201976479650945,0.8713964674266648,0.4735485513918627,-0.021472605594507983,-0.06834411911595106,0.5383256869682199,0.837984792806604,-0.05045603683338287,-0.17679624990010367,-0.3971477360929219,0.2430684920820622,-0.252763129656252,-0.5762043213394663,-0.6825422811108848,-0.32229207452120917,-0.05752612282757924,-0.11939132346194711,-0.09126933845175865,-0.5844440261497945,-0.059423416692478394,0.3807880484366086,-0.21041856020202934,-0.25193760834553075,-0.47469752788585406,-0.34191467321993985,-0.7775237902609582,-0.7608848529225811,-0.3243125308425488,-0.8004738594791045,0.003960664932694423,0.40204352460109155,-0.5366229530228345,0.827877339438334,-0.36422365629523307,-0.4164920021312338,-0.1574363261654314,0.5294377395319668,0.41454508832792697,-0.41390259983705535,0.541665152938854,0.5123964623168029,0.1331992606093159,0.28490487312591434,-0.19452459691477986,-0.04739339748735797,-0.07787208355116075,0.49625372588762234,0.6134554618247292,0.5446588615739685,0.977683986424531,0.915337085021719
0.5914449829429642,0.5709423658727429,0.3852327637245205,0.4224427455293705,0.0947865448741021,0.5797138550448396,-0.26449428270584346,-0.2561029285086018,-0.3671215674173488,-0.23200631576722286,-0.17325180042039431,-0.6571091998034546,0.1722871880218057,-0.2964667482949167,-0.18327968138080666,0.38570341550671644,-0.19533538670277664,0.19994621540491714,-0.6530284765688796,0.6656569202710481,-0.3819862716917901,0.3194511396307164,-0.41070434909973297,-0.7314308572111887,-0.2437697232599753,-0.8663330124033836,0.8393056195428849,0.019357697887279035,-0.13723270404554064,-0.12629814581701013,0.26627764161851936,0.6212407653181451,0.506806265898189,0.28311527779178874,0.15285594153507073,0.7296551520609099,0.5503274192315712,0.7796919338116494,0.5066140380591888,0.04702112519224526,0.9340913815426204,-0.1721566174102896,0.4740635465503294,0.7507063342890548,-0.33616604004879247,0.7595308503281525,0.7962207958631343,0.6296849790530498,0.9201976479650945,0.0,0.7378485183842445,0.3742937367008231,-0.019277121458032634,0.007796592510831872,0.39831214887003363,0.7033291841668929,-0.09699691378909876,-0.2817893959394135,-0.4793033034305611,0.24902817324042,-0.16494469127069625,-0.47333813081325216,-0.6764284941955712,-0.2895520191336345,-0.06696980062740243,-0.11788063274195264,-0.05520612927479258,-0.5475499169667374,-0.053507578858311734,0.33586068205779346,-0.23140557709629087,-0.31224931641339543,-0.5048649244541054,-0.329035761099049,-0.7784534795584883,-0.7818006326800558,-0.354537207121499,-0.8574473884338695,0.1491131257401287,0.39649096488777064,-0.548679443036955,0.8607192096648784,-0.26648598214332603,-0.4725777544308618,-0.1289806388469257,0.582188648402498,0.42715974055108774,-0.390052189720461,0.523171876938862,0.5597451704912831,0.14096623979018363,0.18484006077392873,-0.2178173033733666,-0.03925874539360802,-0.11310946074967926,0.6488892643632834,0.7425895658937082,0.6281445108983287,0.8948549914128132,0.9721011006703592
0.7275344411176667,0.6633292809318054,0.6265993152655593,0.37182666113767837,0.14893766264189406,0.6832648795193587,-0.22351724877137177,-0.0006150099576880143,-0.10833391982295475,-0.03322257205397401,-0.009374697367030043,-0.6635799679161956,-0.19079690042576447,-0.2900495607469594,-0.011982698431282995,0.3512981246301331,-0.15503888704328128,0.29342857715976495,-0.8227368481965658,0.6851084382687777,-0.14633531799345442,0.23791099700500265,-0.23387281223317913,-0.5612889435189966,-0.004990041316274257,-0.6081303773546355,0.37074159515196004,0.32325295295621187,0.15214088111291962,-0.010360565122253352,0.38885730612481334,0.5656331815083344,0.3841007753888646,0.2393926044519113,0.07972583723464498,0.7609625608320497,0.5407465494804669,0.5604444708566811,0.4390026355981214,0.0760539163309898,0.6995489964068421,0.08224124462419133,0.3469857194106039,0.6104478927999496,-0.2752777292801448,0.3905226063964045,0.4779839004295589,0.34358804400739557,0.8713964674266648,0.7378485183842445,0.0,0.5231718525575437,0.07698026381736117,-0.15384400464850226,0.49749513068162343,0.7775558848786761,0.07825580738323212,-0.028763065545165254,-0.2219870130010377,0.0822218427293322,-0.3711879836983466,-0.5453013555452473,-0.5205612662114831,-0.29396088591548947,0.013937860267784364,-0.10791726006694759,0.03843132060003798,-0.4266918392773479,-0.025250673486331154,0.41418079259885554,-0.06638586653333084,-0.1144772414030608,-0.30681025376951343,-0.17910985910006094,-0.5789188093384514,-0.590693936813665,-0.11374884167680299,-0.5476977709316477,0.034267612379311696,0.4577727251135176,-0.35354620154368943,0.6401977962800723,-0.347254234332897,-0.31863014379880444,-0.11496445033887365,0.44918823932744234,0.4435695139527195,-0.26162281030539575,0.5958032036286928,0.5133306168825126,0.22468156233900224,0.32164264886641647,-0.060789989439869664,0.08309814054900376,-0.06109279177840288,0.5029313092574638,0.4182375625438348,0.3515202535066567,0.8749988818437758,0.7832770655093174
0.6188537196687303,0.8843877896978802,0.8098970116015596,0.7862082328997821,0.6578302183222337,0.6384482464035526,0.48149531967876413,0.6847090116014014,0.3244619472378803,0.32826525509916227,0.1759937142084606,-0.32418976783330244,-0.1725116827920708,0.053265391265710775,0.11127024425503215,0.7059668935835272,-0.20632269815715645,0.4173842839450595,-0.41711918657936853,0.5491152720198601,0.04234344382905795,0.008698951973010592,-0.06565175732707179,-0.23570233278578467,0.2758145521790966,-0.13696527506906975,0.1986218422032643,0.1790891197042067,0.07172255234553475,0.018936206096609596,-0.18456498540814273,0.4449675244749622,0.29966275902622097,0.10386626624420384,0.11635582945918237,0.5699386314659767,0.22969858141239904,0.6273161644749861,0.7232791163079212,0.5881561444898225,0.5240864634389257,0.11583859944050216,0.5851304069340048,0.04491579026755226,-0.1250215325476089,0.1149951083660321,0.36872880138083564,0.06210327631396401,0.4735485513918627,0.3742937367008231,0.5231718525575437,0.0,0.7020952345909838,0.6257888390949936,0.6312001817364136,0.7144002127136169,0.7920658649649472,0.6455184644122778,0.21400179650545495,0.2544551478993978,0.14831707543962808,-0.3915283240034276,-0.31376159824210753,-0.23703709994190503,-0.030930884039085876,-0.037180232285617155,0.5424972673932713,-0.24225694224393834,0.029969810201805006,0.4566185527454168,0.2294728565920833,0.051222157545846934,-0.22230873069306648,0.3872161916767216,-0.2166335826612517,-0.19685726415561405,-0.12428514581122008,-0.18340824747485346,-0.2072838857714716,0.5956127332120306,-0.12872889269551557,0.3401594126369451,-0.19193598512726598,-0.06565893803500181,0.10292655732390874,0.5855992608840918,0.13441268837273243,-0.1953178377570831,0.6244075664919495,0.49015105303247863,0.13080937100500611,0.5539995819985373,0.4277326754597685,0.20933127373294602,0.4185888901616992,0.13797165561448488,0.24762538807946302,-0.006292593499316545,0.5362169043875465,0.37270025184123945
0.24701022816237309,0.5732564339462319,0.574346187759069,0.5787444922180471,0.591998107872611,0.3152930764060041,0.7052745220656915,0.6879786095984436,0.562889177070695,0.1899446425354085,-0.07844347097689469,-0.15443834257657135,-0.38171936624383196,0.3123692642694449,0.3183820130592023,0.6835171442694407,0.13795249525285255,0.5933179121630268,0.12208767098759822,0.4251094835290846,0.4427211248363095,0.021432225798260394,0.38456233479678487,0.31994304221428177,0.19525932538020488,0.1289199784843557,-0.14322790929109838,0.2942455603129302,0.32072517739009326,-0.14388499110928255,-0.2555946588440741,0.1164379382830948,-0.0017891301202188166,0.3314583935229346,0.17441886417537478,0.37973508912190435,0.19055614357660994,0.17181211030131774,0.36557886236495873,0.6932970460442203,0.181096437991681,0.12300731451823295,0.18759468187424247,-0.1613367389492964,0.23213300679756016,-0.28010172094350794,-0.0020601396477602095,-0.08130513992427027,-0.021472605594507983,-0.019277121458032634,0.07698026381736117,0.7020952345909838,0.0,0.7297429395771603,0.44778928783425337,0.4015612315038644,0.7731171708766518,0.6490105653215528,0.2880743254920345,-0.07230888965404493,0.03341708962717474,-0.17298422167078828,0.13517299214149495,0.1095414971524482,0.21583908760070356,0.1978160573734124,0.835797336322708,0.3001267621867959,0.41395599878725414,0.5400079856917706,0.6291230463689584,0.414123497444002,0.27763182228095645,0.7155293431902737,0.32411378081210457,0.21717799620523973,0.30923123865373836,0.28261818848095993,-0.27751947384452946,0.43117595254534596,0.3758561776372238,0.037288657276365066,0.07813652559841475,0.3282181852182951,0.3819525761455962,0.4387187088580977,0.21685715274349493,0.07731509354737039,0.5532694010258025,0.41582704676915294,0.18884124339228964,0.31517924339365716,0.555850086587786,0.2178181932651915,0.42102759351267566,-0.08202393622650812,-0.05945740664750808,-0.13630248838292955,0.08233225560018834,0.0019590834914179458
0.0871123689573805,0.4707360974460141,0.3655651144847067,0.7104419485215029,0.6815393859483154,0.18194686422059664,0.5767999083795439,0.6884493010881506,0.38291718650563195,0.07199692882755847,0.03364221387169298,0.05359000206995332,0.024046084244651954,0.44273396678297205,0.22823313707728304,0.4287919262791628,-0.1327439778591266,0.23071587141402358,0.1556552921703508,0.109792984219834,0.2565729495544368,-0.05467617283914903,0.06912611390961847,0.05876302686195111,-0.009578703997157248,0.06808803722073786,0.08978730849119697,-0.07768074024698364,-0.08589942273152945,-0.05215441693806137,-0.4133503265301123,0.006562394166959174,-0.14228467854835916,-0.009003640440953583,0.028581493793151936,0.08215559625423681,-0.07136893540687317,0.2588913600438815,0.3225429727461215,0.4154030339501425,0.1509171262797199,-0.02551798106037299,0.3316963096920587,-0.2540207650512326,0.024420713441704836,0.004111130464776086,0.16741926336680346,-0.06058121301252542,-0.06834411911595106,0.007796592510831872,-0.15384400464850226,0.6257888390949936,0.7297429395771603,0.0,0.3431370292443855,0.1771323521427898,0.7428436430652081,0.7050068869705401,0.1865175842567755,0.1796675484394927,0.2833609638593085,-0.01672651013450868,0.06620596495495845,0.12430911385756988,0.07223306487249782,0.16908013134294184,0.5103626671926856,0.06096146353375939,0.0766454312421188,0.21061988588453007,0.354171559237973,0.034309694350138205,-0.027251064317220557,0.3705258289795999,0.0799137021426104,0.05876523543232736,-0.14951875087293157,0.07147462456899088,-0.14573422776435677,0.3859653819022726,0.03820457338570969,0.009477572424554591,-0.04752986061441247,0.07546770404321412,0.11812343401420142,0.273752224856972,-0.10398128256559976,-0.18869004632169956,0.18747624984638603,0.10195271057949445,0.030602398376426594,0.1836397455956662,0.2978482973167048,0.08635043983492587,0.3130378762876973,-0.1667315372552191,0.008381370034488692,-0.1997884374450782,-0.015190512056334635,-0.07664589865506753
0.4620669514101268,0.7712491787037592,0.8783291853994175,0.42594480109332694,0.8401192922004302,0.9390487923858293,-0.14775902531622556,0.28583464210757686,0.527197188002621,0.05314057140984614,-0.23904961100188415,-0.5195225632591884,-0.302612098690213,0.28849764052867904,0.5508639823938161,0.5997874953622983,0.1448191858674924,0.46945767163604496,-0.39409847756369093,0.640887310226338,0.3826160960524878,0.5913895880054085,0.03973619821660938,-0.053099202932787644,0.07835124822807255,-0.3923645105109068,0.17800336526236388,0.5257773811270267,0.5009292051923423,0.18918153499819068,0.208543193407537,0.38495376965952854,0.19414551175632488,0.5709814072538881,0.6506332984296782,0.5912630466539681,0.4800762699164547,0.45635885538064386,0.44337233280573085,0.21456384612110532,0.5094729822897063,0.14836455625928938,0.5241580748673936,0.14716076017593818,0.23208065824250865,0.21618241921960973,0.4370034979718771,0.4089289801351346,0.5383256869682199,0.39831214887003363,0.49749513068162343,0.6312001817364136,0.44778928783425337,0.3431370292443855,0.0,0.7921115434982287,0.3670720678644279,0.4228365438256663,0.07337692609829416,-0.008220404616985215,-0.337171313311629,-0.506859465012316,-0.1245436849697197,0.3346784168067711,0.4809406821530715,0.48666552100595256,0.18161237176092845,-0.008363748171709031,0.40690350257520685,0.5908646991980984,0.45541444306354906,0.28573431192814525,0.04219762386950481,0.0005213463658241067,-0.14878611241333628,-0.2871936681492321,0.10998960254352524,-0.2384703286776227,-0.028121642312192302,0.6058801808177748,-0.014197924252868466,0.5281870963058152,0.0755151047047324,0.19499438251103945,0.18589475376307296,0.3718081821668925,0.48608982147724883,-0.16351754327422188,0.51950135718236,0.3324659365784652,0.44795642684541764,0.3330992785474652,0.13217229273925965,0.17553982117264874,0.2886878524104176,0.04154448718696503,0.24422763760891056,0.32752517749075644,0.5374420416259401,0.37115006203055756
0.8096596210696207,0.8275918116690646,0.8580213501872903,0.4877945314226816,0.5244717945122662,0.9135985326802398,-0.033708897952103196,0.174966266042499,0.21456279909792614,-0.004736964946482293,-0.201799118063305,-0.694681627196113,-0.3106577842916719,-0.18645143358012414,0.11234639210242361,0.7358249169591701,0.09864572193836015,0.592243049620508,-0.6188263268919405,0.8712582875744644,-0.006835047219590148,0.45607090716413157,0.0224041612622188,-0.32139529346809353,0.07165303512829027,-0.5458580150827153,0.4112202253034721,0.4061989619404355,0.2797670422196561,-0.08229644228106679,0.10608799690889172,0.5837095864083937,0.44069227522899923,0.5519732528173429,0.4626350202432131,0.8645686015358711,0.5001454478867515,0.6711343934882585,0.5903897237322442,0.3317872242617324,0.8191303746892099,0.02339793854135805,0.49606282244814215,0.3865539918347956,-0.12846680661434076,0.34723928129139003,0.6090469410306678,0.5131771332644836,0.837984792806604,0.7033291841668929,0.7775558848786761,0.7144002127136169,0.4015612315038644,0.1771323521427898,0.7921115434982287,0.0,0.29186220526157314,0.1755689783826845,-0.19426765240394975,0.09479553418028235,-0.1878740237468587,-0.6429280217402389,-0.38611456475247785,-0.11529699557175326,0.18534805212934896,0.05705281600680061,0.31218043159249453,-0.22459759411260494,0.3198102142819438,0.7070037914983166,0.2534984057661481,0.1637563219282413,-0.10367244817785266,0.05170937476261414,-0.396905339802753,-0.426477603004089,0.019243519064367016,-0.4745697156891939,-0.15642701723215463,0.5666440392868567,-0.12613773266119807,0.7661416627955375,-0.18466119799643133,-0.013610770474115835,0.18798121561332168,0.6758468922868831,0.4942575164543709,-0.19591618067406347,0.7838786285516772,0.6796494724946959,0.23527499700723514,0.39398357761272673,0.13802013780737676,0.0759389857286614,0.23782074927213906,0.2727585056520599,0.5210470451100381,0.5016638158510848,0.8777363266852081,0.7440526375644111
0.2017192678505245,0.6105218730467661,0.5655805641092967,0.6272342824466736,0.5831503309546003,0.23918903093547966,0.7217603443959258,0.9312543443800424,0.5131428095209524,0.2867016420687218,0.04491343799832445,-0.036881716906176525,-0.24904343647934618,0.228113277429271,0.1638912993062718,0.5090661202805359,-0.20535137291005282,0.3993220182433699,-0.07168155168031079,0.26238949027819497,0.20975198655300822,-0.07855778229136344,0.1684080015812568,0.1674292631203274,0.21583569337315453,0.22891320586544134,-0.129364407112043,0.12884306058908096,0.0383358725455104,0.08392019364647905,-0.3554933071472592,0.19805448532921865,-0.07480314137984051,-0.02941624496305655,0.04464657494749645,0.2580130907511655,-0.136227834334296,0.26642528340240257,0.4915756811454718,0.6251971664122483,0.1285263550309594,0.08181532272325491,0.3985720617697665,-0.35206112144242663,0.08763325160894082,-0.16013460432019308,0.08012065901460748,-0.18998828621143526,-0.05045603683338287,-0.09699691378909876,0.07825580738323212,0.7920658649649472,0.7731171708766518,0.7428436430652081,0.3670720678644279,0.29186220526157314,0.0,0.9076737277887159,0.3656832542366586,-0.06802527706220869,0.22679816869900848,-0.15054703572419928,0.08951279411503749,-0.07058589664719343,0.030092089330592257,0.012830406347892757,0.7118438845217108,0.0395040146738156,0.1177599448247212,0.3816249949458671,0.39858710598908426,0.22520527973876045,0.022108726196879456,0.6006988233250904,0.15052537332419622,0.1532482871222294,-0.04496495070316837,0.24397466840582965,-0.3415628629188291,0.4961078684097184,0.19669736717990943,-0.0063147417835648974,-0.1200122218486719,0.1488906570154715,0.19931207877796972,0.385210791704599,-0.20786036529118815,-0.028338348530608418,0.4306480875894371,0.28778693240589903,0.08868336373231851,0.33287360423728196,0.530527724112996,0.1507907085964563,0.4401471510963808,-0.24729401472835771,-0.01030316001710182,-0.3134235586674067,0.0718520259087552,-0.10967945370669943
0.09063260815394741,0.5013422855324808,0.5574846743616697,0.5154937143633529,0.692598865255653,0.24076730098490515,0.5240304852967191,0.9517355395749433,0.683809283072965,0.2072362588435235,-0.02728804420216987,-0.006706825377352543,-0.3506477891564361,0.33922965649379244,0.3051147449626714,0.3382670863326972,-0.13627733210262835,0.3477597901541813,-0.013454069717243472,0.12131393299175065,0.3853190986477033,0.013478737306658998,0.2337763559715843,0.26806987370458557,0.15229082201655664,0.29788415352060915,-0.3269682763206241,0.19109517577348284,0.14987052167723822,0.16548539462186085,-0.25656042532785456,0.018061759784973104,-0.2671869345599517,-0.005453876301412764,0.11988974073643444,0.10193391926802678,-0.1776939943968473,0.06272316351846567,0.2483643734994559,0.40202173536625396,-0.0845336962621998,0.09731090081695248,0.2728712958744204,-0.46350068256324833,0.1363959417085194,-0.26216184403883264,-0.049121971400954416,-0.23074012661296842,-0.17679624990010367,-0.2817893959394135,-0.028763065545165254,0.6455184644122778,0.6490105653215528,0.7050068869705401,0.4228365438256663,0.1755689783826845,0.9076737277887159,0.0,0.35972105699486506,-0.19294943721727312,0.08984792457307911,-0.12222845225598593,0.3103019210965216,0.1476069166080112,0.15974867614866486,0.1423138090719557,0.5224785867830558,0.17723871268141583,0.181644670645151,0.32477671651129064,0.4465874649198203,0.30342596027597585,0.1549325780488021,0.44809622832873913,0.26516175656829916,0.25087237272404544,0.030039294752664047,0.3812240805140404,-0.23348607606668134,0.455820485105943,0.3049463132234464,-0.12619657523583833,-0.03538101921182986,0.2983806652496098,0.211629494787529,0.18453201198006447,-0.20725550675367668,0.009000507442736895,0.25124126009367087,0.06816438092317943,0.12087742417005697,0.17697475243705887,0.40676545861821145,0.1569349290167288,0.40558157012196794,-0.4103730046697849,-0.16162396154402742,-0.3574132534590547,-0.07859021204535731,-0.309112327979802
-0.15942954467854603,0.04360792148505411,0.09834059916716466,0.060202036767296754,0.22498543108140304,-0.023141053064130553,0.4549436447886281,0.3143489928050978,0.33548993001522376,0.862583498547709,0.40972123495814144,0.33185124556347645,-0.1888847991666467,0.35493127427799215,0.22950256280921108,0.11392633931845693,-0.26052563106902804,-0.2453628381105366,0.13383878962242787,-0.24558952191720654,0.2559034424945327,-0.43191736515782675,-0.12004919449856911,0.3447437925272683,0.7542915300822344,0.5780823234979869,-0.4398903411307579,0.1405934762282863,0.33184656633198334,0.17990782343357697,-0.001969351287753274,0.129258491326369,0.19814975299680468,-0.2883727059293017,0.035797385551521906,-0.2788092085004393,0.033100958539636495,-0.020539352983107273,0.3623100416532636,0.5395784516797082,-0.4353338355351219,0.671136161134362,0.2733371972923793,-0.40744941822744357,0.36438443962316086,-0.5300427081812104,-0.4330035871488348,-0.6363872565671722,-0.3971477360929219,-0.4793033034305611,-0.2219870130010377,0.21400179650545495,0.2880743254920345,0.1865175842567755,0.07337692609829416,-0.19426765240394975,0.3656832542366586,0.35972105699486506,0.0,0.005881424645312649,0.060491390547817235,0.061065337499475236,0.12880059870793958,-0.02816431963517875,-0.0907674902416212,0.07197913793629174,0.27340780506950846,0.07491995742739009,-0.1739032626084621,-0.28448901437952534,0.15562317024675712,0.21825843274041934,-0.0037220037208501667,0.5801485538430134,0.46850434514668005,0.41886768607888836,0.1989769918483649,0.5172636749234463,0.10166408145685268,0.25199402184143876,0.1699297298229236,-0.590463727081734,0.37091877319347194,0.28771702676056954,0.09509549995039561,-0.13888715713159822,-0.03452380071246897,0.27801381329449487,-0.10556810493624993,-0.21686345455895722,0.3937952642780318,0.6791684311539582,0.7193075974935625,0.5377672814399718,0.4990042209164047,-0.16198817604587393,-0.46319153514162,-0.6171981297833568,-0.42426924629655666,-0.49544519209996685
0.20358187133909675,0.1555183087667062,-0.05204922725020328,0.31433424672358323,0.05406806377091796,0.06664232618699213,-0.040494280481994036,-0.12776331322444023,-0.4117677662633483,0.17549717045040555,0.6719611156894856,0.28385782595794007,0.6272634235152257,0.04448578763829707,-0.10344677100217775,0.03096844468275226,-0.10688441069422085,-0.3781805290016805,-0.028165584679246847,-0.18665050867525015,-0.2634138197848156,-0.26505961832806885,-0.3977700331847325,-0.43063962329726496,0.10619780638805697,0.00012082664414465513,0.32154518361926726,-0.4305856577846052,-0.4385499774336666,0.07443758055967713,-0.2906371301029031,-0.005504048992296067,0.24541333821124728,-0.365984192625021,-0.3156697431919637,-0.17550203714424947,-0.10194815634688285,0.2812984571700262,0.20671106347660018,-0.13424391576818218,0.15873149315762486,-0.060817444690413364,0.17716610583815798,0.06526988750544035,-0.3579373007291734,0.2080792828322298,0.11228773971116104,-0.046042839065817576,0.2430684920820622,0.24902817324042,0.0822218427293322,0.2544551478993978,-0.07230888965404493,0.1796675484394927,-0.008220404616985215,0.09479553418028235,-0.06802527706220869,-0.19294943721727312,0.005881424645312649,0.0,0.5484432599083946,0.20884190389745205,-0.5174235822257749,-0.2766376489609495,-0.31280242766086097,-0.1015386073168401,-0.30651353973265555,-0.41575202343678697,-0.5117991511488654,-0.3733970046139333,-0.3676456303937412,-0.5808470885031412,-0.4837117859606834,-0.26236441883220474,-0.37790642682074854,-0.24475281189948275,-0.43798938497559914,-0.4077955036904922,-0.0685695738904134,-0.23491773439685723,-0.6012950110581073,0.0024052709382422167,-0.27379775389944977,-0.48794942832419236,-0.41054280263518006,-0.10153914734143187,-0.11526200199681147,-0.33622120802318184,-0.22845227246343772,-0.17121396051645138,-0.3682269493803868,0.21985651968297332,-0.19692768403549,-0.21006234859241035,-0.13107769916261594,0.22447810363131845,-0.0023604567571843147,-0.04853891118818336,0.15239847335521992,0.2113799484148857
-0.00037414801059591237,-0.10445600341474763,-0.1953611498401076,0.08166512155820581,-0.12467267882221686,-0.32997765256691475,0.4171447338443604,0.2355146650067219,-0.11907413554812699,0.2467275558442667,0.32046809540251997,0.3951834517542844,0.3917941991651523,-0.22224747456422927,-0.32195821831325294,0.12314105738216807,0.057649123566825035,-0.07514886216211579,0.3847835856020781,-0.23738448954003472,-0.22480275782878975,-0.4137360942154399,0.012339735265566074,0.018892600958891462,0.20674501193086545,0.39328875589038276,0.11494813170324403,-0.3928472774033396,-0.4208810257141083,-0.2032463511018613,-0.566922641568471,-0.18890648019356443,0.11580814668888616,-0.33590225789542894,-0.34013782603699644,-0.2867694735308307,-0.4549858441806919,0.06552696789017204,0.10832060455871358,0.16968508347692324,-0.11253780249495833,-0.13823161426053324,-0.05403823521491505,-0.2874528950696762,-0.22926149900000783,-0.0816369965768785,-0.06925777659605445,-0.10218035724960992,-0.252763129656252,-0.16494469127069625,-0.3711879836983466,0.14831707543962808,0.03341708962717474,0.2833609638593085,-0.337171313311629,-0.1878740237468587,0.22679816869900848,0.08984792457307911,0.060491390547817235,0.5484432599083946,0.0,0.39373092432881984,0.018515874692036985,-0.2727867883803872,-0.33466629716326696,-0.33426851258554996,0.1544837396466139,0.03837457487253394,-0.19330752203265758,-0.18570927867339382,-0.10810530217007489,-0.16366352920578417,-0.08439825929197049,0.2247677485999617,0.11967317086369597,0.34856580655659286,-0.1615042731726604,0.07461139467347633,-0.16734568722014248,-0.28039664284588117,-0.02059307172025714,-0.20650175036330667,-0.03867692519213381,-0.06796449566613955,0.06968325051916299,0.1084125906563976,-0.4202145136425324,0.15957680015900758,-0.1107986986923328,0.014001818508904883,-0.5234102389973255,0.054510571453024355,0.17335147316744826,-0.06846516867996766,0.24720055590619527,-0.09279108338320659,0.097355519763053,-0.10779576864708863,-0.22801154916247096,-0.13075148492922084
-0.6215278691564621,-0.6146302758530399,-0.6200755039768834,-0.3048723632488677,-0.29523370572678664,-0.63853859819314,0.015175810442340062,-0.09611242430951104,-0.23055392581632064,-0.14072576934507172,0.3303819068037915,0.7682198313633912,0.5690343306648307,0.32558158318133334,0.1338617916522004,-0.5881114948603557,0.054225999638180734,-0.44314883886754,0.6716339626609602,-0.687037438174987,0.175633902851029,-0.35320475046049077,-0.062077639376258965,0.23619005544062002,-0.2874247057412974,0.3904502439295613,-0.311421473944363,-0.38776272709822535,-0.1471209477102656,0.11404862126643033,-0.3490383891374213,-0.6767098537932101,-0.46538813315073985,-0.43967461765148486,-0.4804409622112513,-0.7112871409608049,-0.4210793306485977,-0.6102936377944547,-0.5064756828902994,-0.3273310691862322,-0.5819462998566048,-0.3019953117547696,-0.49429858431169965,-0.24564753418694024,0.011166137165773953,-0.24486290447004988,-0.5331409192413599,-0.3206427286285463,-0.5762043213394663,-0.47333813081325216,-0.5453013555452473,-0.3915283240034276,-0.17298422167078828,-0.01672651013450868,-0.506859465012316,-0.6429280217402389,-0.15054703572419928,-0.12222845225598593,0.061065337499475236,0.20884190389745205,0.39373092432881984,0.0,0.28343013146289625,0.2648059972527241,0.13629701930990037,0.21607203403042927,-0.20397087431944053,0.25329748378923184,-0.20653542378849646,-0.547315558105133,0.005902630687952632,-0.25842363941359314,0.13534010121475756,-0.050032690703073895,0.29953652505162615,0.2103449936445451,0.05161993875884886,0.3194193372067355,-0.04687221370606735,-0.6575221756902099,-0.03589218781179668,-0.5864892238287469,-0.11245431448109597,-0.18325492253081277,-0.40785041860593757,-0.6433973252640824,-0.32520780520872633,-0.0715018007189327,-0.6542256616106162,-0.600350145613702,-0.1912265779534344,-0.34409007157090554,-0.2707977096165803,-0.32486645107107043,-0.4028691513951997,-0.10802881584284925,-0.5477138030042435,-0.4399895868108866,-0.6101673461404807,-0.49860893987510324
-0.4136961671897549,-0.42688846378357825,-0.11903231809917383,-0.4493590607276852,0.021738719947228164,-0.3176293303856565,0.10443475020831092,0.2769069069044337,0.6249105882845631,-0.12475025006885056,-0.45228425020040985,0.22329433704719095,-0.4297884195337135,0.21599133845730809,0.3831835494452054,-0.14396031086225403,0.5347991945647674,0.3114653713366523,0.6307854081008717,-0.17176841797845138,0.6377117611748312,0.10715920424107711,0.7028472527230036,0.8199071286354992,-0.07353732096882022,0.46453691271065284,-0.5817791047143345,0.43011064518538594,0.4864358037640233,-0.02426644321703631,-0.04384865612074723,-0.5675814290043777,-0.5622322489844633,0.2740845921865646,0.10881453540602573,-0.28341278386975416,-0.22802576238380415,-0.7064592436315499,-0.5859559926771449,-0.07051051673020362,-0.5976499525178106,-0.0813245142899886,-0.57157123552668,-0.36889154652705314,0.4614872533667324,-0.5720913532714244,-0.5225720894360226,-0.08599147323593498,-0.6825422811108848,-0.6764284941955712,-0.5205612662114831,-0.31376159824210753,0.13517299214149495,0.06620596495495845,-0.1245436849697197,-0.38611456475247785,0.08951279411503749,0.3103019210965216,0.12880059870793958,-0.5174235822257749,0.018515874692036985,0.28343013146289625,0.0,0.6186005867398034,0.4970242415687061,0.326921396775101,0.255645873959539,0.8604071542757021,0.5757686916658652,0.1958456557724668,0.6344087570100574,0.6172188132715124,0.8318667070466815,0.2914058587118445,0.8226008479656077,0.7362571927899435,0.6576969602314022,0.7892233537046724,0.050982050954103325,-0.13942992130600618,0.8204491645531489,-0.4083330502812754,0.4067484100353246,0.7076577510250683,0.467137414725025,-0.25154898959398125,-0.0444479841645087,0.5436986890144364,-0.1126994193456282,-0.1597497546435512,0.07734562662884478,-0.40235339506646317,0.12468247177095708,-0.0030959807627903516,0.11707357905568569,-0.44297224094899,-0.3366432369149993,-0.1492593350145842,-0.6119903990819853,-0.6095149408371648
-0.5033418102843303,-0.1862686610445465,0.03273772345612563,-0.28094379867027397,0.33820817900525085,0.0902101565131942,-0.3386618796561806,-0.01645771391260107,0.4947969300821253,-0.3582056900081916,-0.4266244259771307,0.11215837584090889,-0.058662257504241394,0.6380834229857586,0.8431095689138272,-0.1625709975036837,0.5214629468002936,0.17277885218533015,0.4745988042188797,-0.05759771247018607,0.8083731382879142,0.5050272036097638,0.40456195937579575,0.573108179191817,-0.3675177174670481,-0.02418030116404729,-0.26380482182037013,0.4793049949124937,0.5191064710087608,0.2530976802070984,0.214135125548493,-0.5237487603683133,-0.5752312118309014,0.4344549153982654,0.31768942733881655,-0.16837919962367634,0.04030612167635194,-0.520325049232637,-0.49449187667837974,-0.34161139668799684,-0.2807901998274315,-0.17839407190136494,-0.31402322306634334,-0.05191164074439312,0.6250735513045871,-0.11767778722317195,-0.19950601750953476,0.27466846719674753,-0.32229207452120917,-0.2895520191336345,-0.29396088591548947,-0.23703709994190503,0.1095414971524482,0.12430911385756988,0.3346784168067711,-0.11529699557175326,-0.07058589664719343,0.1476069166080112,-0.02816431963517875,-0.2766376489609495,-0.2727867883803872,0.2648059972527241,0.6186005867398034,0.0,0.8842540302543483,0.8914056544235873,-0.06911209211033456,0.6483871292497332,0.5292919801323764,0.18359174718167615,0.6755339951117052,0.3222188821522603,0.618166634297218,-0.13869184962861955,0.44907832377778595,0.20330346103073188,0.42492709814682644,0.29457877648000685,0.10585830637581242,-0.047072909719757146,0.3724513499158941,-0.07684637403430926,0.3383418449746738,0.3757027239657278,0.12943200984565686,-0.3868933070942435,0.18826247045965358,0.07559354783335155,-0.17647210563624247,-0.25401266878796613,0.24807214204087502,-0.4263452500025561,-0.24485634700433417,-0.14682506753997435,-0.18846182515694754,-0.21057713456085375,-0.2544084165415032,0.08478782335905242,-0.3350749721147328,-0.31115261752644663
-0.23316918609325957,0.03946554094231977,0.2684870517437156,-0.14197437735079807,0.35548546639831136,0.2981258425674305,-0.3274697786891992,0.01718110150516555,0.43611003947948507,-0.3899607448037851,-0.47660731768116765,-0.10600665062422476,-0.19114378845259872,0.5053328432985961,0.8339093154651144,0.027633513700953044,0.4876670175970217,0.36655841091840863,0.26631807733010254,0.24231137445164072,0.7641951561592863,0.5642283448244941,0.38644450031945127,0.45016636809555116,-0.3977104732237548,-0.22473157096079502,-0.18772585465932112,0.5827431437661557,0.5838221251530317,0.17355379215260183,0.242611906740526,-0.3249956464231596,-0.46928664968175543,0.5417451845161244,0.3259795115733428,0.13536145884743045,0.12407721329584294,-0.3512934112125595,-0.28166146622683547,-0.2041685528439391,-0.014400753360811003,-0.2607530757233818,-0.22696908513439434,0.10750392822573523,0.5060716597256275,-0.029559051020551414,-0.037521629499963405,0.4124086927443,-0.05752612282757924,-0.06696980062740243,0.013937860267784364,-0.030930884039085876,0.21583908760070356,0.07223306487249782,0.4809406821530715,0.18534805212934896,0.030092089330592257,0.15974867614866486,-0.0907674902416212,-0.31280242766086097,-0.33466629716326696,0.13629701930990037,0.4970242415687061,0.8842540302543483,0.0,0.8659287288322972,0.07173187721736647,0.5484804090202451,0.5820572048436587,0.3992880560887807,0.7665521358594556,0.3158303347733056,0.5591708999624161,-0.05932527882663382,0.3057694673549795,0.018531553691225836,0.4472839709106755,0.13789254902341766,-0.028373715568387418,0.0899494984658817,0.3343182533923385,0.15936712084328963,0.15168933688981145,0.2552575247783069,0.09404183465327833,-0.1607937763276453,0.2524661274397086,-0.041915507725092026,0.1126137736870791,0.03544332959709815,0.3010719863943511,-0.2915607113344728,-0.17143586491669213,-0.195154216844415,-0.21936189918445623,-0.08645474849988957,-0.09957465080093178,0.1688835859532052,-0.03682605373060063,-0.04847514707173983
-0.40293658860075493,0.01700129302511718,0.144276996150906,-0.07707417702093583,0.4381840816490897,0.26370967511007837,-0.3271682247658686,-0.04061228359551849,0.34906553840045546,-0.2691492513602502,-0.20981011934283797,0.12901291852979838,0.06512814733794026,0.7994058928977109,0.945345447427674,-0.09621244535348203,0.33404306829695873,0.06808294988793516,0.31506265038435044,0.006611535162804746,0.7260183986066743,0.46325589491145447,0.2208347059530763,0.39926010068194795,-0.3449089955483838,-0.1485028018212582,-0.129283801532306,0.4220081342211711,0.46978320377374977,0.38392615183021206,0.16514456335312191,-0.34577100541922806,-0.4411166712681112,0.3281739448732278,0.29310727767494105,-0.08664665659201917,0.0789807261529448,-0.32593292689167325,-0.23826042699971414,-0.25636655599919517,-0.09717725902016316,-0.13615891656779688,-0.06160194784307518,0.031978451437136755,0.5957678011231448,0.006431991263300608,-0.06931006496540576,0.254304923342872,-0.11939132346194711,-0.11788063274195264,-0.10791726006694759,-0.037180232285617155,0.1978160573734124,0.16908013134294184,0.48666552100595256,0.05705281600680061,0.012830406347892757,0.1423138090719557,0.07197913793629174,-0.1015386073168401,-0.33426851258554996,0.21607203403042927,0.326921396775101,0.8914056544235873,0.8659287288322972,0.0,-0.08065522113798754,0.3876465852732201,0.33725989635933196,0.12276246233647717,0.603631114559992,0.12053784466147877,0.3893071782810937,-0.15096982215158475,0.2368989412804843,-0.06173813465576836,0.25767976665422027,0.10681810853938549,-0.0196013999777522,0.05605890699354343,0.10668047944542007,0.01800144534336935,0.18631812389003855,0.12118668559193982,-0.07382494109252438,-0.36267378238787024,0.18465991850470684,-0.17223479140011047,-0.14129210705717724,-0.2228098355265472,0.3327927040248557,-0.17739653439510208,-0.21772418477452826,-0.1843169429411993,-0.26262326029774763,-0.08285025310493432,-0.26565655455245507,0.014582981607340699,-0.15106781555004095,-0.16744896720107202
0.2486228947661609,0.37452187878008,0.4275513167110119,0.31345671911429884,0.2639131107460241,0.12260953787257985,0.8160032750989644,0.630847153097973,0.5276575069979517,0.26683535212529075,-0.2688338929806419,-0.2211670492308879,-0.5155585990867051,-0.04625892376374098,0.04512286246646379,0.6790818245576644,0.15436445495940787,0.6893559405496784,0.12913434663523768,0.5002734848921377,0.2701740801526717,-0.07843276816274992,0.4947496003979504,0.4107553206064049,0.3047256464529388,0.20153356906384348,-0.11857409285653199,0.36096823791609634,0.32303439069711,-0.3030244838684112,-0.2571025103288029,0.19126472584575438,0.12657583243932408,0.3430512451677876,0.13800964554303005,0.4528638159590603,0.12958754670722017,0.16465953723643176,0.38278262603637775,0.8356207888878487,0.16973443995354595,0.16043481882991198,0.09717914475001176,-0.1523794940678682,0.22485424191809433,-0.34011107102585686,-0.026188259920685228,-0.06823998017249465,-0.09126933845175865,-0.05520612927479258,0.03843132060003798,0.5424972673932713,0.835797336322708,0.5103626671926856,0.18161237176092845,0.31218043159249453,0.7118438845217108,0.5224785867830558,0.27340780506950846,-0.30651353973265555,0.1544837396466139,-0.20397087431944053,0.255645873959539,-0.06911209211033456,0.07173187721736647,-0.08065522113798754,0.0,0.3826295807443314,0.49507568579313566,0.6118583940992897,0.6070428885046488,0.5757632266940469,0.38415209144313206,0.883540593657666,0.4333540252621976,0.39485841741870287,0.4282103187771066,0.3990703382210213,-0.23154040444135723,0.4384574805645527,0.5647283214860394,0.04400637653616439,0.16391168234831827,0.4526835189091652,0.6042724443660923,0.6057767744444731,0.16490457921222923,0.36549407180706406,0.6912131920364353,0.618699925252363,0.16764971657691904,0.318933112097445,0.7286528902351226,0.31590833171224586,0.5604706591195869,-0.07844559925292852,0.1141034599237062,-0.06403058833038462,0.06258374145673841,0.029893915444589064
-0.32236117258663227,-0.30766815285256355,-0.011106249254802842,-0.4338676267538216,0.05982663241421403,-0.20389535504507023,0.13277352590552008,0.19056562760030382,0.6504717430976842,-0.08699254310109662,-0.46155466550454866,0.08078815654579784,-0.440964238089374,0.15238670352187814,0.4549374392425669,0.09058944096693178,0.7773691707227839,0.49835685820090636,0.7120177964060262,0.026755733505506276,0.7515258325971521,0.1360388210310094,0.7985780884465271,0.8503554543620782,0.01709836531430579,0.4011920241967037,-0.538730647778583,0.5284228252398605,0.6207431273568924,-0.2137194286277257,0.030333442946126502,-0.5467681811654391,-0.36759207002882566,0.500395978431014,0.14912714570255925,-0.10775627343952247,0.02527741928814252,-0.6298243944789705,-0.5370407192014849,0.054821764059014774,-0.48126861466390447,0.002167556247867655,-0.6511119819895107,-0.24064803098830254,0.5481562885121091,-0.6263493258832339,-0.5431424328491378,-0.004654593521121162,-0.5844440261497945,-0.5475499169667374,-0.4266918392773479,-0.24225694224393834,0.3001267621867959,0.06096146353375939,-0.008363748171709031,-0.22459759411260494,0.0395040146738156,0.17723871268141583,0.07491995742739009,-0.41575202343678697,0.03837457487253394,0.25329748378923184,0.8604071542757021,0.6483871292497332,0.5484804090202451,0.3876465852732201,0.3826295807443314,0.0,0.7526807885688372,0.3451267294072971,0.7567485037777343,0.7061529292088031,0.9372975919254758,0.4018500515217938,0.8804368913019321,0.7630652997770901,0.8527169226085162,0.7346439070231995,0.06013521125292052,-0.13844792436761735,0.8808409955772223,-0.324046799801857,0.5189159757969781,0.7650048864540023,0.6296453287841765,-0.10460184175917764,0.25090697111854177,0.6577275740524601,0.08667169212613454,0.0543979984529607,0.04424712184033867,-0.32702937989214537,0.20323220367715328,0.14007754412699888,0.2070963539804623,-0.2815204149517355,-0.27527198714685336,0.016263390933994665,-0.5189856944347184,-0.43263160337838646
0.1045950175683288,0.1079403716021325,0.39604389638875104,-0.24010419854719453,0.2774134812513519,0.293153254497134,0.026047910361255384,0.16744009289820713,0.7030901737211717,-0.23312474050729184,-0.7759541068134675,-0.4106902164512863,-0.5863950000158813,-0.029124324266146504,0.3674039100554321,0.4706121237662626,0.7693709574632833,0.8421982678046979,0.25723346382410817,0.5534680504499203,0.5801658637893283,0.6074827853724308,0.7586695431834423,0.6013647116656585,-0.06476008628837925,-0.037123640190401,-0.15469527954888918,0.700627588135905,0.6815242348689973,-0.20778147699633068,0.084261164728796,-0.09836054193965643,-0.09562261037943005,0.9108288191332773,0.628718901469441,0.4389844259600784,0.30759571374565225,-0.17510353235987927,-0.1954276958935218,0.20651496869344188,0.09746480177967282,-0.08052810758251894,-0.24330876277185337,-0.017225399282702305,0.4737046362227531,-0.21664052769715278,0.010615828602400275,0.4432908572521967,-0.059423416692478394,-0.053507578858311734,-0.025250673486331154,0.029969810201805006,0.41395599878725414,0.0766454312421188,0.40690350257520685,0.3198102142819438,0.1177599448247212,0.181644670645151,-0.1739032626084621,-0.5117991511488654,-0.19330752203265758,-0.20653542378849646,0.5757686916658652,0.5292919801323764,0.5820572048436587,0.33725989635933196,0.49507568579313566,0.7526807885688372,0.0,0.8101877093904009,0.7842780067206618,0.8576894761947266,0.7894013496627064,0.31256090057575325,0.5142357444154407,0.3924169516423429,0.7429476782921373,0.3439445977092549,-0.024370069014230885,0.14659974584780272,0.7713534451573862,0.2831330942211997,0.4321807254094197,0.770894264923099,0.7378259859729758,0.34290550563867966,0.5103028855988829,0.5314751339526144,0.5425713546327353,0.4489365666666066,0.24313200629864606,-0.25131619648426523,0.1713537517084226,0.11257854018874845,0.3363286934185828,-0.18546917864759405,0.1891703746380122,0.4787546357036636,0.04228417067343508,0.04896717345608878
0.5070931574135564,0.5497188107228814,0.7131759475608501,0.16365722947295824,0.3785174071062574,0.5798468650801513,0.1361188715193047,0.3430789796701887,0.5740732212820471,-0.21388767135373207,-0.6856910116999443,-0.699640042584217,-0.5956664120892468,-0.20383519848810294,0.1912171832949754,0.72457548963136,0.4853767746227907,0.963570454788822,-0.2176146949866401,0.8691478655459834,0.29368541314374597,0.6254019387116087,0.579661256087303,0.20926099315864033,-0.05542585885168544,-0.3201269944127329,0.15381190324682162,0.663626474950248,0.45273140626421904,-0.17250301585812208,0.06269229883499543,0.26051018890770755,0.10766066293713897,0.8473067132705738,0.5710208004654129,0.8128692685328635,0.34879320956056376,0.2610800985336518,0.21377583682344264,0.36589048212177705,0.5409255073311477,-0.09061776521522438,0.11523915358665375,0.1609469466166945,0.2177671510789933,0.09563632458558663,0.40795532517139793,0.583546206918054,0.3807880484366086,0.33586068205779346,0.41418079259885554,0.4566185527454168,0.5400079856917706,0.21061988588453007,0.5908646991980984,0.7070037914983166,0.3816249949458671,0.32477671651129064,-0.28448901437952534,-0.3733970046139333,-0.18570927867339382,-0.547315558105133,0.1958456557724668,0.18359174718167615,0.3992880560887807,0.12276246233647717,0.6118583940992897,0.3451267294072971,0.8101877093904009,0.0,0.6245753251870597,0.6591358322803831,0.4418769896326309,0.293996556582216,0.08573444401055372,0.04478010532834632,0.41262878152459614,-0.016362937783830585,-0.16853861994511823,0.4237421932693231,0.47623886848121944,0.6379332381683203,0.12268191743270959,0.47267540486611515,0.6330642756256589,0.6960218384805945,0.4375804106284596,0.2655661818186888,0.8641610382424404,0.7621788428392745,0.1727376278724871,-0.05036818209853418,0.2158067929325173,0.09086263222911566,0.3622773165103798,-0.027176103114628845,0.5041231459890427,0.5796175804811519,0.5142035717205738,0.43227452871301614
-0.040960736168962245,0.1680246231938862,0.4239251371050249,-0.008517046808239823,0.4647301992055462,0.27411087543799184,0.21468921399915988,0.40028671949464456,0.761975224640051,-0.0776576112468298,-0.48337702459317655,-0.13169994935150856,-0.5061516421524199,0.3711015864037153,0.6898352211012467,0.3915766294815533,0.5771664523069845,0.6642167102823936,0.36040465636144653,0.39437538095140234,0.8518014166178088,0.36462370597364896,0.6787986862028379,0.7031893689974189,-0.01964380672490485,0.12020853846682875,-0.3526858603807371,0.6831807097503799,0.7021968867185078,-0.08805995054063083,-0.015449515167618203,-0.2279286691488018,-0.29912997717885936,0.6257854519841533,0.3620339468965744,0.2549367116573718,0.12335870896105033,-0.2747662690897117,-0.11095018896941868,0.28927547002657883,-0.05800287396065259,-0.010131623093051177,-0.2066617352633716,-0.15482389533763039,0.5309580506054932,-0.3832451453723328,-0.18491223201000812,0.16948576312731017,-0.21041856020202934,-0.23140557709629087,-0.06638586653333084,0.2294728565920833,0.6291230463689584,0.354171559237973,0.45541444306354906,0.2534984057661481,0.39858710598908426,0.4465874649198203,0.15562317024675712,-0.3676456303937412,-0.10810530217007489,0.005902630687952632,0.6344087570100574,0.6755339951117052,0.7665521358594556,0.603631114559992,0.6070428885046488,0.7567485037777343,0.7842780067206618,0.6245753251870597,0.0,0.6700041401846307,0.7615180186620462,0.473043987351157,0.6276946205659579,0.4265855432284219,0.6752934912765204,0.47314566688925,-0.166858625399728,0.2586064905091604,0.6905150820110475,0.017078914570340404,0.2677727905355646,0.6141777481132861,0.5004686346112718,0.13389134810063458,0.30776380032915984,0.30948746529771226,0.40293745099340433,0.2767469006609525,0.288640592447484,-0.05104498018470419,0.30284110521390184,0.05439136755163651,0.24343045405457653,-0.26218279578005393,-0.13918062515439086,0.03208508378978022,-0.10929575941576458,-0.1561076943164938
0.08581109801271822,0.039783145649861566,0.36484196268724917,-0.3077241743258867,0.22954139043716798,0.18458011350401352,0.2523072838034543,0.29927811116317427,0.8127261468195752,0.17157206991932983,-0.5818945538915185,-0.28856957267303596,-0.7192491429167246,-0.0731807748882259,0.22681931385504897,0.4487367854831428,0.5893208775874357,0.7093190425252306,0.20728781187348058,0.3837466074929665,0.5024739844534118,0.38561085435766734,0.7121312047338139,0.6939465654230521,0.33311686144771885,0.29397310473229316,-0.35894027288021957,0.7096151940440337,0.7208622463342096,-0.11761640329000551,0.08600909578632801,-0.017729938671743276,0.026596040263346072,0.7134091758661918,0.6327393204891388,0.28642997772440526,0.25050754476330755,-0.1948066600732124,-0.07155162478175087,0.4204503427248962,-0.1422931658708404,0.27901160906117184,-0.12438424596040555,-0.21852996148542575,0.5339618862728358,-0.4408412948667333,-0.1676396896840801,0.12402691295647164,-0.25193760834553075,-0.31224931641339543,-0.1144772414030608,0.051222157545846934,0.414123497444002,0.034309694350138205,0.28573431192814525,0.1637563219282413,0.22520527973876045,0.30342596027597585,0.21825843274041934,-0.5808470885031412,-0.16366352920578417,-0.25842363941359314,0.6172188132715124,0.3222188821522603,0.3158303347733056,0.12053784466147877,0.5757632266940469,0.7061529292088031,0.8576894761947266,0.6591358322803831,0.6700041401846307,0.0,0.7507829053337661,0.5449954196425502,0.674721640417022,0.6240554728452765,0.783082337276483,0.6023792418788695,0.08089476958521419,0.20244094239774377,0.8613960005920251,0.004496924896095035,0.6006126809074842,0.9384811073556621,0.8295170184930639,0.31713403368469034,0.40925777542636504,0.7360036082427829,0.47248311461044773,0.3404752004405226,0.35351707525985676,-0.0024796009020911502,0.4965670039612115,0.4096081452427969,0.6183697044809395,-0.2836332016655028,0.03308542132712519,0.2387353910269085,-0.15322751241801588,-0.20458724090090014
-0.25391676564823323,-0.2896325480014468,0.049781579343081694,-0.49211842089954383,0.05340414092860637,-0.11257826613965731,0.07480328565727969,0.1735717269158014,0.6695062959912504,-0.16625451085019707,-0.49334381612728423,0.057110662118528846,-0.5202962357125294,0.12439070477878153,0.45112235096323405,0.06382164662889316,0.8147372741349351,0.5598836455168907,0.5719030813061621,0.09777748900372608,0.6902420184624463,0.258600577767461,0.8845157582093733,0.859774718387198,-0.04133521389429057,0.3707489191252039,-0.5318730686624793,0.6355596737358039,0.6497754908513075,-0.1063149799948694,0.015508562805910252,-0.5252809108291692,-0.4108510884412537,0.5629295237907089,0.24249873223188625,-0.021175753208833824,0.005361043587500414,-0.6456301704553866,-0.5482233792808279,0.005889701135538473,-0.409930875632182,-0.05122552169023151,-0.6174861424139123,-0.185933908667831,0.5433149618385024,-0.5797209738024941,-0.48965876715264023,0.055659325659003736,-0.47469752788585406,-0.5048649244541054,-0.30681025376951343,-0.22230873069306648,0.27763182228095645,-0.027251064317220557,0.04219762386950481,-0.10367244817785266,0.022108726196879456,0.1549325780488021,-0.0037220037208501667,-0.4837117859606834,-0.08439825929197049,0.13534010121475756,0.8318667070466815,0.618166634297218,0.5591708999624161,0.3893071782810937,0.38415209144313206,0.9372975919254758,0.7894013496627064,0.4418769896326309,0.7615180186620462,0.7507829053337661,0.0,0.35095416522473505,0.8154662613439739,0.6849440735241232,0.8577491113979515,0.7166970290196761,-0.014953905035504133,-0.13312504901006517,0.8763831677456788,-0.22464505194213033,0.43743242941662464,0.7753720265470726,0.6282057375882799,-0.10239914058454554,0.27119589147526735,0.6035431605691598,0.14598924437143265,0.0918547545621631,0.12033431333821086,-0.340774663991144,0.1423959128196983,0.044110449997247225,0.13505713409224118,-0.2817223392764959,-0.2666317155122273,0.09110853942654352,-0.38821103188449274,-0.372440898278566
0.07846151638795922,0.16299732741863684,0.2510164114020156,0.15325582777935423,0.14612705751078195,-0.06927984451187275,0.8719133242814525,0.5489010044767149,0.48294445827587185,0.5671487135644359,-0.014000800387643291,0.023136199440008276,-0.49369543933267035,-0.027070221421120925,-0.008232250865602381,0.5372750589268608,0.07167867661589626,0.4281689123867598,0.2931057355017051,0.2140199913065449,0.24274099718739128,-0.36270670318428294,0.3865601960153367,0.5115300420008212,0.5676086877230011,0.4786048436952596,-0.350757989428736,0.24514191235564378,0.3470296170856492,-0.28325203816717914,-0.2424426002451988,0.10737436835699722,0.20117548967519233,0.11352202778337059,0.02156873167522001,0.16475035248351805,0.06687188717389482,0.018974789312622527,0.35833077142925035,0.8857962055066079,-0.14956865797404817,0.36983470768823284,0.018385509919812158,-0.3059527043294416,0.2691466971220745,-0.589944415205986,-0.31300613188730675,-0.3806868260438197,-0.34191467321993985,-0.329035761099049,-0.17910985910006094,0.3872161916767216,0.7155293431902737,0.3705258289795999,0.0005213463658241067,0.05170937476261414,0.6006988233250904,0.44809622832873913,0.5801485538430134,-0.26236441883220474,0.2247677485999617,-0.050032690703073895,0.2914058587118445,-0.13869184962861955,-0.05932527882663382,-0.15096982215158475,0.883540593657666,0.4018500515217938,0.31256090057575325,0.293996556582216,0.473043987351157,0.5449954196425502,0.35095416522473505,0.0,0.6214608382360572,0.5919709461931331,0.5010133546651758,0.5989137641194049,-0.12097508015198156,0.3123969620895623,0.5984093801494235,-0.30498953245942073,0.331462434051136,0.4899021140046838,0.5598980689711435,0.4001286469136869,0.08509824186074844,0.4950462606206163,0.4539432192875295,0.4085848446543715,0.17114202991341787,0.4721643723189577,0.8968619975273237,0.49979208945201936,0.6423371207576991,-0.11483395200172203,-0.1293622777231719,-0.3066192002247121,-0.2363933175284742,-0.24247934381142938
-0.40812706298087437,-0.3812923215748801,-0.10502398644074197,-0.4200144145823364,0.026495472548721165,-0.3393884912485445,0.3727581191025462,0.28488373005422574,0.6401759723993564,0.2813437493817732,-0.17202297642915082,0.33213838412270097,-0.45041782294727806,0.20910434405505027,0.3440052664320957,0.03198709506451123,0.5317693529989675,0.2591963901967587,0.7326577856720293,-0.20380632590103032,0.6492382800093924,-0.16603601299409654,0.6628851952492535,0.9179765217506546,0.33279932788940325,0.7118954420480105,-0.7176557951221084,0.39741974311609307,0.5743831901223478,-0.1359795959032777,-0.08001826746496798,-0.4752758150569373,-0.27728067074315654,0.20556500555072513,0.06689114134630866,-0.32099006551569575,-0.08993743192874318,-0.6378643986584055,-0.3860264484644945,0.262717654102864,-0.7005593197068642,0.24705939086604758,-0.5306999674055526,-0.46266926018327065,0.5527852563700797,-0.8373853025096474,-0.741598234979494,-0.3847029606654246,-0.7775237902609582,-0.7784534795584883,-0.5789188093384514,-0.2166335826612517,0.32411378081210457,0.0799137021426104,-0.14878611241333628,-0.396905339802753,0.15052537332419622,0.26516175656829916,0.46850434514668005,-0.37790642682074854,0.11967317086369597,0.29953652505162615,0.8226008479656077,0.44907832377778595,0.3057694673549795,0.2368989412804843,0.4333540252621976,0.8804368913019321,0.5142357444154407,0.08573444401055372,0.6276946205659579,0.674721640417022,0.8154662613439739,0.6214608382360572,0.0,0.9101676448165545,0.7968896853244873,0.9286500687794059,0.039125470296443754,-0.11856122006574525,0.8638970281049948,-0.6343773264426713,0.5631282222845083,0.7776537477853968,0.5662440189894519,-0.21402175030610598,0.09274720237343047,0.7058729913467492,-0.05851167979809884,-0.10955194191615658,0.12412783967636765,-0.04664687944196564,0.4732636123105268,0.2925437867956674,0.3536341796370792,-0.3755115821856114,-0.5034055539848165,-0.3202239262559501,-0.7232090242487907,-0.6811128101347963
-0.27154229787794787,-0.3795433688774653,-0.15087514609806582,-0.3878724067701864,-0.07933118148487253,-0.40950234091615034,0.4411416784204179,0.3170032686793367,0.559209921027018,0.3706198531360816,-0.07993004495807475,0.3123728416352367,-0.4168441373193695,-0.031535784730805407,0.06662186427479484,0.07484053332690088,0.4799863190735283,0.22405294756090713,0.64829793489206,-0.24803840042848763,0.43402716877939157,-0.27403528124196913,0.6385251681209466,0.791644152224262,0.47099698121050215,0.7934688330415132,-0.6570103476174887,0.24343366451556098,0.35152467325750986,-0.24910493746408116,-0.1714975727624418,-0.4186747158336488,-0.15538772599465053,0.08679356131916285,-0.011473024797134346,-0.3525058780042573,-0.22950869529825846,-0.5389592147217394,-0.3427263972477012,0.2687477783307447,-0.6867140345053343,0.30589858770821354,-0.49732489371715594,-0.5535824335409414,0.3679766341155923,-0.803795290774273,-0.6752119096890979,-0.4051243194860734,-0.7608848529225811,-0.7818006326800558,-0.590693936813665,-0.19685726415561405,0.21717799620523973,0.05876523543232736,-0.2871936681492321,-0.426477603004089,0.1532482871222294,0.25087237272404544,0.41886768607888836,-0.24475281189948275,0.34856580655659286,0.2103449936445451,0.7362571927899435,0.20330346103073188,0.018531553691225836,-0.06173813465576836,0.39485841741870287,0.7630652997770901,0.3924169516423429,0.04478010532834632,0.4265855432284219,0.6240554728452765,0.6849440735241232,0.5919709461931331,0.9101676448165545,0.0,0.6407852100248425,0.864231252555889,-0.010929679479771144,-0.1736946831036133,0.8158003770266595,-0.6281213361881623,0.521838097664981,0.7592914586377422,0.6109104422882305,-0.11806465032381566,-0.0728970977905514,0.7793998990733897,-0.06817464513784756,-0.0818642667633977,-0.1407508845926169,-0.05098799909029743,0.49398795362772846,0.32369880076935464,0.4900346348461703,-0.4550989957024244,-0.380265027251529,-0.29010876583811485,-0.701685203946792,-0.6726825736147548
-0.05273720036502371,-0.16632462741008677,0.16579920455102745,-0.4414866462396149,0.02883571164413451,0.012951197002911615,0.11350780951246235,0.07578865425430613,0.6060166002754228,0.13560342645858003,-0.37477232722669945,-0.09574097655138612,-0.6006909879970631,-0.017367905130816638,0.3613242113415722,0.23650134827620517,0.7178495485619578,0.550026832370293,0.4543269790536933,0.23357151971832374,0.6333280858469233,0.10109888729006503,0.6816812633989281,0.7156758183858671,0.24139233457712775,0.3155660516037967,-0.5041723455116207,0.6767982122186708,0.8386532295039619,-0.24780184791784549,0.2113531424272954,-0.2622753355269895,-0.0434206146224333,0.5905012375277877,0.24543108671942376,0.13285977190539502,0.36384001269497307,-0.43822412986032994,-0.3110610447140775,0.24338907054243897,-0.3271426746626269,0.20523653552509263,-0.525907702667086,-0.01388574464114081,0.4833991086230018,-0.6505809029226162,-0.5154200080239657,-0.035373164872016194,-0.3243125308425488,-0.354537207121499,-0.11374884167680299,-0.12428514581122008,0.30923123865373836,-0.14951875087293157,0.10998960254352524,0.019243519064367016,-0.04496495070316837,0.030039294752664047,0.1989769918483649,-0.43798938497559914,-0.1615042731726604,0.05161993875884886,0.6576969602314022,0.42492709814682644,0.4472839709106755,0.25767976665422027,0.4282103187771066,0.8527169226085162,0.7429476782921373,0.41262878152459614,0.6752934912765204,0.783082337276483,0.8577491113979515,0.5010133546651758,0.7968896853244873,0.6407852100248425,0.0,0.6763814650393156,0.19365093405450454,0.000986750349456027,0.8259871483980284,-0.22392006398197387,0.5507368135879701,0.7675455047880717,0.6578055494097365,0.05150628664266995,0.5660370790949024,0.7056228120217032,0.30102810091700344,0.23475739455728103,0.3013565542990056,-0.01349041688214107,0.37895564572314683,0.35612085469510696,0.30299876169452367,-0.011116385291302973,-0.2269937941498689,0.0896923021096924,-0.27762184183020905,-0.20211351508643885
-0.4148579632842836,-0.38365894828982466,-0.14301161007574853,-0.37704315535647626,-0.005659809081866373,-0.4194752651652495,0.42955743767024834,0.41130435799133674,0.6079088037238007,0.30916379960413937,-0.03616307781339819,0.4286585997392198,-0.4384522338672837,0.21702387792118544,0.24208048027232537,-0.10559536542258627,0.33979788475715633,0.15117296561644575,0.6168843815992184,-0.3325446976907593,0.5282943003964932,-0.26782711863946457,0.595914021644371,0.8454631262887636,0.32466317998830924,0.8166543970430574,-0.8027268633905221,0.2964641127427463,0.46634734997593125,0.016269514097388086,-0.1454721844662628,-0.46266570730077716,-0.356086733637233,0.003985431238715855,-0.038673881432502465,-0.40440779731968346,-0.20918948830457237,-0.6718551433000883,-0.39524967674910544,0.22977782733134275,-0.7845289079639864,0.2670453303859235,-0.48499100186255756,-0.5531043386545054,0.4388757969410155,-0.8729047471207312,-0.8047093160352075,-0.5703488709151574,-0.8004738594791045,-0.8574473884338695,-0.5476977709316477,-0.18340824747485346,0.28261818848095993,0.07147462456899088,-0.2384703286776227,-0.4745697156891939,0.24397466840582965,0.3812240805140404,0.5172636749234463,-0.4077955036904922,0.07461139467347633,0.3194193372067355,0.7892233537046724,0.29457877648000685,0.13789254902341766,0.10681810853938549,0.3990703382210213,0.7346439070231995,0.3439445977092549,-0.016362937783830585,0.47314566688925,0.6023792418788695,0.7166970290196761,0.5989137641194049,0.9286500687794059,0.864231252555889,0.6763814650393156,0.0,-0.004714836030612063,-0.1474146683372848,0.7831688885548181,-0.7396218213919283,0.4056614870464494,0.7002949518516455,0.44010480730255225,-0.30087693107380165,-0.05056078264228783,0.6232941439125511,-0.14919365450476793,-0.24020470297604168,0.12595516116903924,-0.04098678349318609,0.4479506863652727,0.24249317674752963,0.2860276989763077,-0.4369528783273756,-0.6313513751658048,-0.49769365641745134,-0.7354860043013665,-0.7749436080440657
-0.16358757197418414,-0.15566618187595008,-0.09076169821644416,-0.22805861407891678,-0.07260179763095478,-0.03675462995400462,-0.23044823272589296,-0.23818213189473936,0.032910639908284404,0.1835563344416191,-0.1214893995854121,-0.16645128587286837,0.05657805128518479,-0.07397818327093642,-0.018189703296701873,-0.14547571174258805,-0.060828906337084376,-0.14190653141603388,-0.019205980668673336,-0.053013312745705116,0.044352586126250954,-0.000949513261432977,-0.2829627744793782,-0.1243741143997476,0.11014244248039905,-0.14419847203462907,0.1927485976130762,0.19953709471266612,0.2325469399819736,0.010364612941968524,0.6478376921359914,0.037037770568162945,0.22007099643439643,0.07983461935080208,0.0573829216308028,-0.020679532959569615,0.538355328063956,0.07348520461315255,-0.03899830104605803,-0.06933807693412679,-0.08247130014796579,0.24336315602294709,0.0015053369606059417,0.5382786028476791,0.13753473766112131,0.12256073600968412,-0.006346772795831008,0.11969503022185733,0.003960664932694423,0.1491131257401287,0.034267612379311696,-0.2072838857714716,-0.27751947384452946,-0.14573422776435677,-0.028121642312192302,-0.15642701723215463,-0.3415628629188291,-0.23348607606668134,0.10166408145685268,-0.0685695738904134,-0.16734568722014248,-0.04687221370606735,0.050982050954103325,0.10585830637581242,-0.028373715568387418,-0.0196013999777522,-0.23154040444135723,0.06013521125292052,-0.024370069014230885,-0.16853861994511823,-0.166858625399728,0.08089476958521419,-0.014953905035504133,-0.12097508015198156,0.039125470296443754,-0.010929679479771144,0.19365093405450454,-0.004714836030612063,0.0,0.19823956045526725,-0.00979891294441882,-0.012340601573585843,0.5730029230623115,0.140192856588692,0.19741242899284958,0.038183564189159254,0.4605416450843206,0.2732062147518497,-0.05571936376304644,-0.018946125546585518,0.46463397197116657,0.07020605741906126,0.07340065878331263,0.5680569189429184,0.14815160156585747,0.6044949855467642,0.1977257810409531,0.268499183777488,-0.10175241445284654,0.13500488101948968
0.4244619073334345,0.6778238470086497,0.6867887663626072,0.5150851714272005,0.5533611248546744,0.619219756113662,0.2389612352300523,0.39348484316934385,0.3617623326197635,0.28340616113476624,-0.2547770292668528,-0.5675889282807957,-0.44758938788799935,0.039448768262736654,0.1486922214393671,0.5634297577065922,-0.28982961542842683,0.35228876635519196,-0.47236238911557493,0.605615570942237,0.11827551049964503,0.1452373169471354,-0.11005022514879896,-0.1197279054850615,0.27772725825321665,-0.3180320096247117,0.23657778368953428,0.3704092882595536,0.3122333174655364,-0.07739099772906542,0.3407172782688571,0.6676046321299569,0.3158669046997937,0.25979031664399854,0.3196277424172058,0.6120721146961744,0.46350509031747256,0.6193802165184963,0.6547886469313857,0.5442813576862479,0.4855455397782808,0.3836846592765687,0.586352462504,0.25379968152040505,0.1133364982731004,0.13702318951473538,0.3926996236331381,0.13566949280440374,0.40204352460109155,0.39649096488777064,0.4577727251135176,0.5956127332120306,0.43117595254534596,0.3859653819022726,0.6058801808177748,0.5666440392868567,0.4961078684097184,0.455820485105943,0.25199402184143876,-0.23491773439685723,-0.28039664284588117,-0.6575221756902099,-0.13942992130600618,-0.047072909719757146,0.0899494984658817,0.05605890699354343,0.4384574805645527,-0.13844792436761735,0.14659974584780272,0.4237421932693231,0.2586064905091604,0.20244094239774377,-0.13312504901006517,0.3123969620895623,-0.11856122006574525,-0.1736946831036133,0.000986750349456027,-0.1474146683372848,0.19823956045526725,0.0,0.051000600356744905,0.3974793799106736,0.12320318921692117,0.12403828483449085,0.30722325491760866,0.5861483042679626,0.3160719588591046,-0.04419505001526127,0.6141952398050862,0.5265090753484482,0.4960568745665027,0.5730280199656856,0.5096947152526501,0.4935997445393292,0.45193454521617227,0.22204128509377197,0.37473325555759057,0.11331393189437942,0.4265814107755509,0.36902036361677015
-0.13394141866839904,-0.1879729889763613,0.12122119323983005,-0.36675661256596337,0.05345561335801757,-0.15137888005066644,0.32185660603194277,0.33996303142397427,0.72143352750438,0.05978998841156154,-0.5299616793157406,-0.0749002664238209,-0.7191073689110735,-0.05712908246467342,0.2123896486447769,0.2507045483449134,0.6323343389573008,0.6189481812298631,0.5006143589928473,0.1627829095910038,0.566832417211462,0.1092133139483585,0.8358729084534686,0.843143610858196,0.21001328439839773,0.46665211051394306,-0.5722851125260756,0.5456907854624414,0.5945334490276313,-0.29180888823474976,-0.004674838744188081,-0.297592877267506,-0.22379685624998227,0.5141818031893842,0.2660819141798589,0.049407031432920065,-0.004820508844271565,-0.4772033778461359,-0.3311922455285377,0.3094066063748426,-0.3984559211801085,0.11894050637130371,-0.4820543660403838,-0.32608447698691606,0.4639975275009569,-0.6730243807460123,-0.45860179406839424,-0.08022042896937485,-0.5366229530228345,-0.548679443036955,-0.35354620154368943,-0.12872889269551557,0.3758561776372238,0.03820457338570969,-0.014197924252868466,-0.12613773266119807,0.19669736717990943,0.3049463132234464,0.1699297298229236,-0.6012950110581073,-0.02059307172025714,-0.03589218781179668,0.8204491645531489,0.3724513499158941,0.3343182533923385,0.10668047944542007,0.5647283214860394,0.8808409955772223,0.7713534451573862,0.47623886848121944,0.6905150820110475,0.8613960005920251,0.8763831677456788,0.5984093801494235,0.8638970281049948,0.8158003770266595,0.8259871483980284,0.7831688885548181,-0.00979891294441882,0.051000600356744905,0.0,-0.2553964174540798,0.5251977607042937,0.8785084413452083,0.7951932639537871,0.12992703171761497,0.18799107998914927,0.758141518134837,0.29004661355597855,0.24813743230800078,0.10360621333244587,-0.17041433801731123,0.44499759346110174,0.2710970613549798,0.436867107809024,-0.36665246034299737,-0.16099236374317893,0.015663404052104077,-0.4262755473242816,-0.41524723409896414
0.578061759768408,0.5587633764717899,0.5137502335857849,0.2667220980225447,0.1962083361528499,0.6564893142210316,-0.2988598508815284,-0.1498466375964769,-0.09309733609465175,-0.4065029659392034,-0.4926771581685625,-0.7477605657487932,-0.04365239609733791,-0.29238005320108096,-0.06146578897349739,0.4747310803592442,0.06440726803253566,0.48100829142510076,-0.5878010621205885,0.7888606949393959,-0.2500727425593777,0.659453068648816,-0.06457640286086401,-0.46281502074568387,-0.3291531290164178,-0.8313010765092308,0.7527116240256243,0.23957323390893265,-0.0293328127103772,-0.056641915327829674,0.17218080980137448,0.5182935119271858,0.32273069378430164,0.5583143444674892,0.45615399955266045,0.8058412773906096,0.37354737069389704,0.6441302846689336,0.3975169871890169,0.01944756066397875,0.9294211297231508,-0.2875187084445396,0.4474838158568344,0.5711351827217082,-0.13569078121656655,0.7525277239406164,0.8893274813151043,0.8554491289523412,0.827877339438334,0.8607192096648784,0.6401977962800723,0.3401594126369451,0.037288657276365066,0.009477572424554591,0.5281870963058152,0.7661416627955375,-0.0063147417835648974,-0.12619657523583833,-0.590463727081734,0.0024052709382422167,-0.20650175036330667,-0.5864892238287469,-0.4083330502812754,-0.07684637403430926,0.15936712084328963,0.01800144534336935,0.04400637653616439,-0.324046799801857,0.2831330942211997,0.6379332381683203,0.017078914570340404,0.004496924896095035,-0.22464505194213033,-0.30498953245942073,-0.6343773264426713,-0.6281213361881623,-0.22392006398197387,-0.7396218213919283,-0.012340601573585843,0.3974793799106736,-0.2553964174540798,0.0,-0.15578081927692378,-0.1926394001592737,0.11288863609307298,0.6502296156834539,0.32362006805888777,-0.24358592541462262,0.6352938463176676,0.6576962524231128,0.10716450238021787,-0.03415470474491185,-0.22852662694772682,-0.12633826627772382,0.00028718619243463944,0.3504287885029529,0.8409832420388744,0.8171784636185457,0.8580305811711101,0.8556789473270934
-0.2766426211427502,-0.2083303279714492,0.005368276847692477,-0.413130226331249,0.018825203383901055,-0.049295512780194194,0.08593201734643753,-0.08360920174608893,0.4677500308178144,0.38676033842985735,-0.323384168494578,-0.08874725511251633,-0.28028669953515795,0.05679693018116926,0.21718644835634446,0.17668920101299748,0.3614556735372351,0.18825916883957627,0.36816717719613945,0.03118052194323262,0.32778200573496963,0.1134696057120743,0.28668780888779377,0.4996371871609859,0.4136093961555281,0.20041313163835234,-0.08457328296670226,0.4764008634718865,0.4864946481657097,-0.004867709939813022,0.3287839958351463,-0.09073070213915746,0.21063200071279034,0.3982122259642149,0.4255650079941664,-0.037761742694795264,0.34374852830090924,-0.12386735977012238,-0.03226540652564975,0.25798426767120297,-0.27181183294673433,0.37237322870983686,-0.03623842802870781,0.015903344337896128,0.6857304773578811,-0.22169273332322062,-0.14506418165344978,0.1136908937123117,-0.36422365629523307,-0.26648598214332603,-0.347254234332897,-0.19193598512726598,0.07813652559841475,-0.04752986061441247,0.0755151047047324,-0.18466119799643133,-0.1200122218486719,-0.03538101921182986,0.37091877319347194,-0.27379775389944977,-0.03867692519213381,-0.11245431448109597,0.4067484100353246,0.3383418449746738,0.15168933688981145,0.18631812389003855,0.16391168234831827,0.5189159757969781,0.4321807254094197,0.12268191743270959,0.2677727905355646,0.6006126809074842,0.43743242941662464,0.331462434051136,0.5631282222845083,0.521838097664981,0.5507368135879701,0.4056614870464494,0.5730029230623115,0.12320318921692117,0.5251977607042937,-0.15578081927692378,0.0,0.6699014642527042,0.6650867240951317,0.12016291630282608,0.37305266111599905,0.716956958780717,0.09149864119800159,0.10351339180533464,0.34950627137874063,0.09445919912506835,0.43529906734798735,0.6560200354454069,0.5660515179019283,0.08759963680210016,0.1177695479821032,0.2674394368809637,-0.3956069289797533,-0.23535217849530468
-0.030225854707586226,-0.08933902688006011,0.23015457019564586,-0.3451519909124751,0.24526646599898805,0.06898392110731354,0.22064406156194946,0.2868209528849484,0.8221417751889023,0.2305808077296085,-0.4886201133538583,-0.1358070571851136,-0.6778229788686279,-0.011272712409059192,0.2252714682050402,0.33644472783996876,0.6084863370626044,0.553935546913778,0.35216294783957397,0.17685898742320058,0.5372904150621165,0.25861108670722194,0.7000915156986208,0.746120837834464,0.3941161390573376,0.44866153530683717,-0.45919321758690934,0.6013571141884357,0.6701530201676874,-0.1521324734660416,0.0671929756602481,-0.13827659363224218,-0.0331574048555164,0.5968211298534073,0.5601489421496528,0.060781268934793534,0.16267219630890353,-0.293900060388428,-0.19360111389617135,0.31623217781165597,-0.3371345934886985,0.3225389919337928,-0.21200375537317315,-0.34788879830020203,0.5209520932635674,-0.5595241848747864,-0.32253893336878575,-0.021515316626161324,-0.4164920021312338,-0.4725777544308618,-0.31863014379880444,-0.06565893803500181,0.3282181852182951,0.07546770404321412,0.19499438251103945,-0.013610770474115835,0.1488906570154715,0.2983806652496098,0.28771702676056954,-0.48794942832419236,-0.06796449566613955,-0.18325492253081277,0.7076577510250683,0.3757027239657278,0.2552575247783069,0.12118668559193982,0.4526835189091652,0.7650048864540023,0.770894264923099,0.47267540486611515,0.6141777481132861,0.9384811073556621,0.7753720265470726,0.4899021140046838,0.7776537477853968,0.7592914586377422,0.7675455047880717,0.7002949518516455,0.140192856588692,0.12403828483449085,0.8785084413452083,-0.1926394001592737,0.6699014642527042,0.0,0.8263605480415656,0.16340708866358852,0.34137853585232786,0.7592067770544079,0.26352674047624064,0.14578702120642287,0.27159358159875835,-0.018996656106974586,0.4706151395359462,0.41103332526310343,0.623734324258549,-0.38130186600585625,-0.10792183087673995,0.11494705361895587,-0.34690533710318155,-0.3804572084771304
0.17070166279101726,0.12444518886646573,0.33017208376494306,-0.17665884765116074,0.14835177954374762,0.1315618588124774,0.3297770323661679,0.2793545012722059,0.6549355109857407,0.213326650659713,-0.5801692985283896,-0.4110327669376053,-0.6557041905376282,-0.2817032756936513,0.032878878687037025,0.5918751771471883,0.5584065811439191,0.7293727212217163,0.21603370003397857,0.4681473705258195,0.2986914833881229,0.2012130984231404,0.6649146104034916,0.5247096826125983,0.38565148721058423,0.20158017493836397,-0.09097352827406523,0.5779780253850992,0.4922988297731444,-0.36580644295100434,0.11136974955851879,0.0708566955158977,0.2532356931005096,0.6490268659202659,0.4505323933551075,0.3657707546086112,0.26497100036592475,0.02956141312201185,0.05497902850538031,0.4963046173338266,0.017574529163018042,0.2632915856827656,-0.10496813573739872,-0.051038326197872935,0.39621638841840373,-0.34614623392088145,-0.048552961432149364,0.1903926918663456,-0.1574363261654314,-0.1289806388469257,-0.11496445033887365,0.10292655732390874,0.3819525761455962,0.11812343401420142,0.18589475376307296,0.18798121561332168,0.19931207877796972,0.211629494787529,0.09509549995039561,-0.41054280263518006,0.06968325051916299,-0.40785041860593757,0.467137414725025,0.12943200984565686,0.09404183465327833,-0.07382494109252438,0.6042724443660923,0.6296453287841765,0.7378259859729758,0.6330642756256589,0.5004686346112718,0.8295170184930639,0.6282057375882799,0.5598980689711435,0.5662440189894519,0.6109104422882305,0.6578055494097365,0.44010480730255225,0.19741242899284958,0.30722325491760866,0.7951932639537871,0.11288863609307298,0.6650867240951317,0.8263605480415656,0.0,0.5616933999547631,0.39202202909112105,0.7976011704190573,0.5795536467435634,0.5804050304848032,0.159852514172013,0.08248196482005146,0.56561309270754,0.5203825825950693,0.7031955971401865,-0.0644761532488498,0.30883220657233185,0.38317344866542713,-0.0665586612229384,0.000981516979448381
0.6887117285105391,0.6439352392360528,0.5958759704482216,0.4403080642272818,0.22690822985486842,0.4815553778386794,0.37218234924653654,0.2808913181372317,0.17478535373164455,0.15092301676187525,-0.3938491827386921,-0.7564343519963616,-0.3858006044900665,-0.5006442777786716,-0.3131297532531815,0.8372908456909238,-0.006273985423274739,0.6764471552482876,-0.3997756669592595,0.8185842788561261,-0.22247606255797897,0.1642310443012162,0.0853586098285591,-0.25240634588430655,0.24227248811141716,-0.3878880691604507,0.49786444445663347,0.2249763653268926,0.06042683691680522,-0.4307919187702664,0.037579051707129864,0.6274512430583957,0.6097673682703919,0.4708163742648604,0.3208249847308539,0.8110710385876999,0.39895584087349345,0.7400045162784178,0.668944982790862,0.6588506171155918,0.729543546717012,0.08273731459566676,0.4494710338975162,0.29719893335213365,-0.1486544306035515,0.2810274535459463,0.6058388051655103,0.4356420929724443,0.5294377395319668,0.582188648402498,0.44918823932744234,0.5855992608840918,0.4387187088580977,0.273752224856972,0.3718081821668925,0.6758468922868831,0.385210791704599,0.18453201198006447,-0.13888715713159822,-0.10153914734143187,0.1084125906563976,-0.6433973252640824,-0.25154898959398125,-0.3868933070942435,-0.1607937763276453,-0.36267378238787024,0.6057767744444731,-0.10460184175917764,0.34290550563867966,0.6960218384805945,0.13389134810063458,0.31713403368469034,-0.10239914058454554,0.4001286469136869,-0.21402175030610598,-0.11806465032381566,0.05150628664266995,-0.30087693107380165,0.038183564189159254,0.5861483042679626,0.12992703171761497,0.6502296156834539,0.12016291630282608,0.16340708866358852,0.5616933999547631,0.0,0.326936355094083,0.17897402235069496,0.8800241721315607,0.9045664849532085,0.09363965500034407,0.3622077005072589,0.48600185795598677,0.38490777328736275,0.5945254972282006,0.2864744143840581,0.7760828907693167,0.5180001096516053,0.6190043899311384,0.6435588215191829
0.338295786455757,0.2975226700010127,0.42437235930247974,-0.03088662667432141,0.22670136318282816,0.5151711020992328,-0.20378443386061684,-0.19169660188035556,0.2885436181192386,0.07422031805250705,-0.31762177145220577,-0.533389142181305,-0.3386289168312275,-0.07455039563238507,0.24495064969503563,0.4150135221256995,0.38843477353695444,0.43574609757103844,-0.15916394162909495,0.5699280351414018,0.327866557458834,0.3092627596619195,0.10919942740545237,0.00850570305109381,0.13254652670656453,-0.33982673331209123,0.14223820542558377,0.5686987669489876,0.6968498155835097,-0.22047421209466084,0.5237163462576424,0.2729807155005346,0.4122287872180278,0.6782163730486453,0.4118570989092904,0.548719095142215,0.9225785387211304,0.2263725234283073,0.09413777576954564,0.1861961009107689,0.3172610446960367,0.2651791395276607,-0.016765036549405928,0.5491845202474556,0.20318423479328246,-0.025728221801636312,0.06500659691012783,0.28630393940945364,0.41454508832792697,0.42715974055108774,0.4435695139527195,0.13441268837273243,0.21685715274349493,-0.10398128256559976,0.48608982147724883,0.4942575164543709,-0.20786036529118815,-0.20725550675367668,-0.03452380071246897,-0.11526200199681147,-0.4202145136425324,-0.32520780520872633,-0.0444479841645087,0.18826247045965358,0.2524661274397086,0.18465991850470684,0.16490457921222923,0.25090697111854177,0.5103028855988829,0.4375804106284596,0.30776380032915984,0.40925777542636504,0.27119589147526735,0.08509824186074844,0.09274720237343047,-0.0728970977905514,0.5660370790949024,-0.05056078264228783,0.4605416450843206,0.3160719588591046,0.18799107998914927,0.32362006805888777,0.37305266111599905,0.34137853585232786,0.39202202909112105,0.326936355094083,0.0,0.28732739146666,0.49562097025657376,0.3932157812184836,0.5491482678960067,0.2318041836551661,0.13540051494891517,0.425916071337447,0.2006986398544703,0.5143273949499299,0.19641179758922508,0.46428273883431775,0.37815342725319834,0.4935196557043793
-0.07242726518371016,-0.24198166117574163,-0.003962084257593162,-0.5210676534859524,-0.2229835996907875,-0.21536755470618002,0.24722571129236084,0.08620907465297327,0.4872895557264715,0.36870710949780205,-0.3271721730061402,-0.0764378594121663,-0.4735298547620786,-0.3095863108166687,-0.02549713570202921,0.24461123705187032,0.5341671261052277,0.39944588613717275,0.37450567163919896,0.10844859710565245,0.26357054310932054,-0.0426753236593954,0.5545848398852302,0.6056021723954124,0.4881317877940886,0.45767311263298416,-0.29493114632483397,0.4999088019106505,0.4824584404545529,-0.2443106748861915,0.10667577274202471,-0.1226256844795996,0.21154984787674425,0.3660145864988561,0.214604274446203,0.03300621300915242,0.1749318466424767,-0.2611075453172153,-0.1729342034048772,0.32866301722897356,-0.3508715945281535,0.3657225748977741,-0.3436234855150527,-0.16172644719746349,0.45883800484147064,-0.5320468619027546,-0.37647907174141954,-0.07445255662331969,-0.41390259983705535,-0.390052189720461,-0.26162281030539575,-0.1953178377570831,0.07731509354737039,-0.18869004632169956,-0.16351754327422188,-0.19591618067406347,-0.028338348530608418,0.009000507442736895,0.27801381329449487,-0.33622120802318184,0.15957680015900758,-0.0715018007189327,0.5436986890144364,0.07559354783335155,-0.041915507725092026,-0.17223479140011047,0.36549407180706406,0.6577275740524601,0.5314751339526144,0.2655661818186888,0.30948746529771226,0.7360036082427829,0.6035431605691598,0.4950462606206163,0.7058729913467492,0.7793998990733897,0.7056228120217032,0.6232941439125511,0.2732062147518497,-0.04419505001526127,0.758141518134837,-0.24358592541462262,0.716956958780717,0.7592067770544079,0.7976011704190573,0.17897402235069496,0.28732739146666,0.0,0.24678800706766826,0.2504043693665995,0.08517550534895058,0.015398893029275712,0.47827342053448246,0.5254982637564253,0.5756184116925581,-0.0950255137449828,0.04292362724855317,0.16608554133119288,-0.3656610630755305,-0.2498245931312928
0.6710398072594276,0.692575702126615,0.7508019552785015,0.3387020467478903,0.28159544906955736,0.5932160821333473,0.30808181853297295,0.3302818799903427,0.3636678826342792,0.0950194219922172,-0.4512347863490832,-0.7708373620109503,-0.5606212282543233,-0.3896969915672726,-0.031291315447629704,0.8439933998012683,0.19427565528337523,0.8461865629289101,-0.39405924884959226,0.9459577459090169,0.05356257635959565,0.30586493986167856,0.2972305199235175,-0.03438489173915077,0.1988055903990714,-0.3610123444641392,0.28182999393061187,0.5418239719215621,0.3499308412133615,-0.30452440920367646,0.13571120767779082,0.5527736424296574,0.4514728026106355,0.6452814741318879,0.3731859563717212,0.9369557448176838,0.5147959763380855,0.5566398119965914,0.5520922296976895,0.634087045138498,0.6773966766789966,0.09785283870672329,0.28727607288013923,0.31894819904854216,0.05390059076899083,0.10711272369265666,0.440157504682941,0.418249949112751,0.541665152938854,0.523171876938862,0.5958032036286928,0.6244075664919495,0.5532694010258025,0.18747624984638603,0.51950135718236,0.7838786285516772,0.4306480875894371,0.25124126009367087,-0.10556810493624993,-0.22845227246343772,-0.1107986986923328,-0.6542256616106162,-0.1126994193456282,-0.17647210563624247,0.1126137736870791,-0.14129210705717724,0.6912131920364353,0.08667169212613454,0.5425713546327353,0.8641610382424404,0.40293745099340433,0.47248311461044773,0.14598924437143265,0.4539432192875295,-0.05851167979809884,-0.06817464513784756,0.30102810091700344,-0.14919365450476793,-0.05571936376304644,0.6141952398050862,0.29004661355597855,0.6352938463176676,0.09149864119800159,0.26352674047624064,0.5795536467435634,0.8800241721315607,0.49562097025657376,0.24678800706766826,0.0,0.9411667424343857,0.2104782476131858,0.3240454268654041,0.4589192803364115,0.32314866062871567,0.47105159460143203,0.25709303748239776,0.6034451244112977,0.48663859792103054,0.6550618272972057,0.6299211605674991
0.6113367525578073,0.5615763569229703,0.5757660295865871,0.26718309204815,0.09171725122781378,0.43833253534133215,0.27994394360970015,0.18042578482500332,0.16093017688451136,0.03353957420369211,-0.45100624484279084,-0.7417479432722642,-0.45439935402732184,-0.5028653935812368,-0.1613616341368926,0.7791774584049275,0.1902373092649558,0.7694124013683359,-0.31049633312179775,0.8891900634582184,-0.09735206515402779,0.1983279024506046,0.2656292758562851,-0.09525823678193045,0.1395675860755339,-0.41022920615130076,0.3921120119372677,0.40239664668637964,0.1856257002735726,-0.43784732396033577,0.11324638920174866,0.4986805150044774,0.4959665331177796,0.5624705856412624,0.22519925895805448,0.8743881688393088,0.4175809672330971,0.5539201598830368,0.519760889724857,0.5818445902164174,0.6962596753530351,-0.003411388464543294,0.20435549745743037,0.403921233919568,-0.031126106838414866,0.17366093147171646,0.471394773060957,0.4735492366202932,0.5123964623168029,0.5597451704912831,0.5133306168825126,0.49015105303247863,0.41582704676915294,0.10195271057949445,0.3324659365784652,0.6796494724946959,0.28778693240589903,0.06816438092317943,-0.21686345455895722,-0.17121396051645138,0.014001818508904883,-0.600350145613702,-0.1597497546435512,-0.25401266878796613,0.03544332959709815,-0.2228098355265472,0.618699925252363,0.0543979984529607,0.4489365666666066,0.7621788428392745,0.2767469006609525,0.3404752004405226,0.0918547545621631,0.4085848446543715,-0.10955194191615658,-0.0818642667633977,0.23475739455728103,-0.24020470297604168,-0.018946125546585518,0.5265090753484482,0.24813743230800078,0.6576962524231128,0.10351339180533464,0.14578702120642287,0.5804050304848032,0.9045664849532085,0.3932157812184836,0.2504043693665995,0.9411667424343857,0.0,0.06489336611535912,0.26423485635331123,0.4184395617094588,0.29387258557020535,0.41525820260680074,0.354173915444387,0.7134657956564231,0.5564151383186567,0.6156238478004237,0.6783174415490518
-0.028809581673769128,0.187076870686654,0.314713395049434,-0.029406727460138976,0.3278110945831682,0.38769304851784764,-0.052637983294495476,0.03192348024470664,0.33827902427305717,0.22189527909525075,-0.24424220534818764,-0.1740770726170281,-0.2509790369947749,0.31069207693032946,0.3614849623206001,0.11184537475748746,-0.10538152609648709,0.09351450801128092,-0.21592854183401947,0.24331638388017718,0.29244845796908603,0.28128918231184263,-0.15092450404020433,0.14238976013105573,0.1396019221679009,-0.12417967050498942,0.04506236129847633,0.5109741962245953,0.6258175155131159,0.24951281382041646,0.4304262829908324,0.33874235726813595,0.1578936984008532,0.30258217488594713,0.49408521253468834,0.23132745977791822,0.5661189821471647,0.15897658521063707,0.2640026238704604,0.26770240170082993,0.10355248316840142,0.30485738362002973,0.35855283965077045,0.3251883143294835,0.39451976867973815,0.01953165976840993,0.05522102933141387,0.051954671628043916,0.1331992606093159,0.14096623979018363,0.22468156233900224,0.13080937100500611,0.18884124339228964,0.030602398376426594,0.44795642684541764,0.23527499700723514,0.08868336373231851,0.12087742417005697,0.3937952642780318,-0.3682269493803868,-0.5234102389973255,-0.1912265779534344,0.07734562662884478,0.24807214204087502,0.3010719863943511,0.3327927040248557,0.16764971657691904,0.04424712184033867,0.24313200629864606,0.1727376278724871,0.288640592447484,0.35351707525985676,0.12033431333821086,0.17114202991341787,0.12412783967636765,-0.1407508845926169,0.3013565542990056,0.12595516116903924,0.46463397197116657,0.4960568745665027,0.10360621333244587,0.10716450238021787,0.34950627137874063,0.27159358159875835,0.159852514172013,0.09363965500034407,0.5491482678960067,0.08517550534895058,0.2104782476131858,0.06489336611535912,0.0,0.38972738957101927,0.29036418436394246,0.4010703303271639,0.18529758825587092,0.3293990186941721,-0.012837403259344038,0.07186720407404026,0.11046682346947947,0.10551420837166295
0.44895190714901234,0.49026875714333473,0.43634068475454696,0.40804089588901876,0.3101257083248702,0.42217646567683603,0.3873578952250045,0.19570271195870978,0.055588765652538195,0.8060513547945248,0.41144105712741463,-0.11644496989329181,-0.1865830097151167,-0.019529325115449876,-0.04689484163356191,0.4936338296953795,-0.3768608251441729,-0.0654338122471944,-0.3342065591000127,0.25297415137088197,-0.13332435261568473,-0.3734253112696677,-0.3492638799616703,-0.18692636633659965,0.743180029369058,0.09269798631192842,0.07282751429401378,0.07982329075896084,0.20716196090744846,-0.07964793918397914,0.04498975853179614,0.6425499120508035,0.6680862311488467,-0.14879035532824061,0.08836293554732147,0.25690206414055744,0.35735952053627174,0.5837683560484088,0.7974499684066372,0.6842046361505794,0.2209772725393315,0.6341768849161562,0.592379078680016,0.03188893199414094,-0.025704517014274137,-0.15392780356978666,0.050430430714413686,-0.33113268996142686,0.28490487312591434,0.18484006077392873,0.32164264886641647,0.5539995819985373,0.31517924339365716,0.1836397455956662,0.3330992785474652,0.39398357761272673,0.33287360423728196,0.17697475243705887,0.6791684311539582,0.21985651968297332,0.054510571453024355,-0.34409007157090554,-0.40235339506646317,-0.4263452500025561,-0.2915607113344728,-0.17739653439510208,0.318933112097445,-0.32702937989214537,-0.25131619648426523,-0.05036818209853418,-0.05104498018470419,-0.0024796009020911502,-0.340774663991144,0.4721643723189577,-0.04664687944196564,-0.05098799909029743,-0.01349041688214107,-0.04098678349318609,0.07020605741906126,0.5730280199656856,-0.17041433801731123,-0.03415470474491185,0.09445919912506835,-0.018996656106974586,0.08248196482005146,0.3622077005072589,0.2318041836551661,0.015398893029275712,0.3240454268654041,0.26423485635331123,0.38972738957101927,0.0,0.7097839981961438,0.5615735167654987,0.5207193470981175,0.24391147092992768,0.019390447631751403,-0.2462453452773644,0.24937436625529133,0.18846699748030518
0.2088869978989713,0.2707575074546205,0.3547820163898819,0.19269591793160015,0.22670787427813904,0.10892862907463534,0.7424778754954148,0.4664271100576278,0.4489685520028864,0.784567330712759,0.04833281716051748,-0.11710136026404316,-0.5130608313995411,-0.09548787603562,-0.06225053400637105,0.5901203394297512,-0.09076417303614348,0.30420724669173466,0.06414752094418802,0.24969377132190732,0.11775785033786079,-0.35774178642895776,0.16000830111804945,0.32527507103069836,0.7899635373334468,0.39421527224075237,-0.2288754752401426,0.25877356832118176,0.34945703461004507,-0.24728913528524532,-0.04837905504883811,0.34661709273016333,0.4464159565180324,0.06834188315629053,0.14133650470934728,0.2074754456344445,0.18809988542068398,0.25563793854615086,0.5754798214378626,0.9104062186580376,-0.06635245213078036,0.6085178908139959,0.27588296586698796,-0.23956804893644526,0.23443245964419945,-0.4706171752920746,-0.16647580477494883,-0.354772546131905,-0.19452459691477986,-0.2178173033733666,-0.060789989439869664,0.4277326754597685,0.555850086587786,0.2978482973167048,0.13217229273925965,0.13802013780737676,0.530527724112996,0.40676545861821145,0.7193075974935625,-0.19692768403549,0.17335147316744826,-0.2707977096165803,0.12468247177095708,-0.24485634700433417,-0.17143586491669213,-0.21772418477452826,0.7286528902351226,0.20323220367715328,0.1713537517084226,0.2158067929325173,0.30284110521390184,0.4965670039612115,0.1423959128196983,0.8968619975273237,0.4732636123105268,0.49398795362772846,0.37895564572314683,0.4479506863652727,0.07340065878331263,0.5096947152526501,0.44499759346110174,-0.22852662694772682,0.43529906734798735,0.4706151395359462,0.56561309270754,0.48600185795598677,0.13540051494891517,0.47827342053448246,0.4589192803364115,0.4184395617094588,0.29036418436394246,0.7097839981961438,0.0,0.7260862122923522,0.8121577870322746,-0.035007180980474936,0.00767167376923335,-0.24906270115897683,-0.1359015510324259,-0.15240554908533802
0.16127542611105897,0.19513202767148163,0.30399199815921657,0.03782252656801546,0.15353388728761663,0.1598034848007174,0.31908899883688835,0.15909014624163878,0.3433665987138015,0.6841857654547279,0.00010922684923699999,-0.29097291735600334,-0.38266200400165395,-0.145886786297549,-0.04784081112989456,0.39266309878489614,-0.08750492953022608,0.15599205227311058,-0.07787385667248253,0.1961322803289338,0.10288557927676154,-0.2238339934194261,-0.06278889764507442,0.07720877731717654,0.6937205284592545,0.1419678498609569,-0.07049760731634619,0.31798084690202066,0.3991205691318008,-0.2241668718611311,0.38868254980436723,0.3286591141489056,0.5312272835774587,0.12526017507150186,0.18962645549377474,0.20128075178877067,0.5372748934147359,0.27616319508035364,0.39542715868348943,0.573523695542429,-0.06625440273515883,0.7534763172627444,0.22230315246573254,0.09406344236604657,0.27590768963204654,-0.24396704366319769,-0.07537982249307737,-0.17763163216045627,-0.04739339748735797,-0.03925874539360802,0.08309814054900376,0.20933127373294602,0.2178181932651915,0.08635043983492587,0.17553982117264874,0.0759389857286614,0.1507907085964563,0.1569349290167288,0.5377672814399718,-0.21006234859241035,-0.06846516867996766,-0.32486645107107043,-0.0030959807627903516,-0.14682506753997435,-0.195154216844415,-0.1843169429411993,0.31590833171224586,0.14007754412699888,0.11257854018874845,0.09086263222911566,0.05439136755163651,0.4096081452427969,0.044110449997247225,0.49979208945201936,0.2925437867956674,0.32369880076935464,0.35612085469510696,0.24249317674752963,0.5680569189429184,0.4935997445393292,0.2710970613549798,-0.12633826627772382,0.6560200354454069,0.41103332526310343,0.5203825825950693,0.38490777328736275,0.425916071337447,0.5254982637564253,0.32314866062871567,0.29387258557020535,0.4010703303271639,0.5615735167654987,0.7260862122923522,0.0,0.7329346731780195,0.25795314311281803,0.1408895862446906,0.031259223221761036,-0.08243764254276394,-0.002740632883359909
0.3480381499033924,0.3266335879679857,0.44839628887273886,0.14547521561731572,0.3610402566832756,0.2695958337599251,0.5333119765664842,0.43556871486187504,0.5637727302097468,0.672172647048469,-0.13069209922308778,-0.29348113780332136,-0.4737871582252784,-0.2200848353083135,-0.12836627063631198,0.6718071983103335,0.07613773665679921,0.4039136489549395,-0.02248093615001639,0.32711109113723313,0.07690074023995898,-0.06923116432666163,0.19175856643867215,0.2247912545133689,0.7561526616767084,0.28356847182669015,-0.060607733766653925,0.27650390644108663,0.30938370158476486,-0.28263558647801834,-0.07107050798777714,0.34610220644817835,0.5266961873818352,0.27780661513296084,0.428685826927906,0.26648820738651813,0.22277197995871006,0.37446237293686724,0.5093556610150887,0.7411881617840995,0.05443241813938123,0.5327207034169086,0.37630909062097956,-0.28121078428370905,0.1944817510790455,-0.25648255193914316,0.08175628664157147,-0.061695760132830915,-0.07787208355116075,-0.11310946074967926,-0.06109279177840288,0.4185888901616992,0.42102759351267566,0.3130378762876973,0.2886878524104176,0.23782074927213906,0.4401471510963808,0.40558157012196794,0.4990042209164047,-0.13107769916261594,0.24720055590619527,-0.4028691513951997,0.11707357905568569,-0.18846182515694754,-0.21936189918445623,-0.26262326029774763,0.5604706591195869,0.2070963539804623,0.3363286934185828,0.3622773165103798,0.24343045405457653,0.6183697044809395,0.13505713409224118,0.6423371207576991,0.3536341796370792,0.4900346348461703,0.30299876169452367,0.2860276989763077,0.14815160156585747,0.45193454521617227,0.436867107809024,0.00028718619243463944,0.5660515179019283,0.623734324258549,0.7031955971401865,0.5945254972282006,0.2006986398544703,0.5756184116925581,0.47105159460143203,0.41525820260680074,0.18529758825587092,0.5207193470981175,0.8121577870322746,0.7329346731780195,0.0,-0.15185523429893943,0.25763341170682436,0.08894968388002313,-0.03161741074777715,-0.06897080705576791
0.17325054969630702,0.20348816190825933,0.059443193455947375,0.12730565106262368,-0.17720248693631724,0.15919846515814015,-0.1426907300113771,-0.3021674510291577,-0.37791284018895727,0.038970467089731266,0.06567690589008277,-0.2815243724313692,0.2523176420324069,-0.19181189910248736,-0.10966874095869172,0.08710305168463402,-0.1446854453865693,-0.030328921625945745,-0.27667626177267246,0.2802575347119397,-0.2194675037615198,-0.07742295204062585,-0.4046762621142958,-0.4732961742732938,-0.073016483528668,-0.4862224762567295,0.5461990464777401,0.08461271206834392,0.04028736797935701,-0.09754916638558192,0.504044912787056,0.30763054337187873,0.43275030446474,0.04856913168646703,-0.18988559505790806,0.351365936705259,0.6289533587742371,0.4014102046412489,0.2648450743496802,0.053009695842657266,0.4343087634042305,-0.029212935275747455,0.118045744564047,0.9144324992143866,-0.14530741101899927,0.3756736931035656,0.249588853205018,0.2819942905197268,0.49625372588762234,0.6488892643632834,0.5029313092574638,0.13797165561448488,-0.08202393622650812,-0.1667315372552191,0.04154448718696503,0.2727585056520599,-0.24729401472835771,-0.4103730046697849,-0.16198817604587393,0.22447810363131845,-0.09279108338320659,-0.10802881584284925,-0.44297224094899,-0.21057713456085375,-0.08645474849988957,-0.08285025310493432,-0.07844559925292852,-0.2815204149517355,-0.18546917864759405,-0.027176103114628845,-0.26218279578005393,-0.2836332016655028,-0.2817223392764959,-0.11483395200172203,-0.3755115821856114,-0.4550989957024244,-0.011116385291302973,-0.4369528783273756,0.6044949855467642,0.22204128509377197,-0.36665246034299737,0.3504287885029529,0.08759963680210016,-0.38130186600585625,-0.0644761532488498,0.2864744143840581,0.5143273949499299,-0.0950255137449828,0.25709303748239776,0.354173915444387,0.3293990186941721,0.24391147092992768,-0.035007180980474936,0.25795314311281803,-0.15185523429893943,0.0,0.3973834654623455,0.37247664235358363,0.4219953278920687,0.6717979586910146
0.474209756410216,0.3878595312762507,0.3279101600237509,0.16986912657544626,-0.03074380203218423,0.3813779344932887,-0.09176200616023651,-0.13232566823288336,-0.1395032658784015,-0.16453339543175946,-0.4863988589964124,-0.7072336002408672,-0.01671421513860726,-0.52364153613454,-0.32928575727607484,0.4812096352413242,-0.018127979929297034,0.4110976189024075,-0.44021807975241894,0.6612498818190653,-0.4166798291168562,0.392708607596783,-0.10962129603425502,-0.4401588105668347,-0.10185987891759361,-0.6776182534848013,0.8143187746356779,0.1301949078018493,-0.17738675013813968,-0.2052888606809063,0.17044896252082417,0.5023626428455719,0.4864126856371713,0.40897150751643274,0.3213095467974187,0.6824053830697778,0.30474992291260555,0.685434602107655,0.46267264969317506,0.17477497127922284,0.7908337590940411,-0.17581462262053585,0.42541528285002683,0.5185378943498011,-0.12097735029007733,0.7127436201852754,0.8471917960523015,0.781278253652506,0.6134554618247292,0.7425895658937082,0.4182375625438348,0.24762538807946302,-0.05945740664750808,0.008381370034488692,0.24422763760891056,0.5210470451100381,-0.01030316001710182,-0.16162396154402742,-0.46319153514162,-0.0023604567571843147,0.097355519763053,-0.5477138030042435,-0.3366432369149993,-0.2544084165415032,-0.09957465080093178,-0.26565655455245507,0.1141034599237062,-0.27527198714685336,0.1891703746380122,0.5041231459890427,-0.13918062515439086,0.03308542132712519,-0.2666317155122273,-0.1293622777231719,-0.5034055539848165,-0.380265027251529,-0.2269937941498689,-0.6313513751658048,0.1977257810409531,0.37473325555759057,-0.16099236374317893,0.8409832420388744,0.1177695479821032,-0.10792183087673995,0.30883220657233185,0.7760828907693167,0.19641179758922508,0.04292362724855317,0.6034451244112977,0.7134657956564231,-0.012837403259344038,0.019390447631751403,0.00767167376923335,0.1408895862446906,0.25763341170682436,0.3973834654623455,0.0,0.8097864806158239,0.64399513742567,0.7525664686511647
0.3425547687343081,0.1958167824329691,0.2836739336611001,-0.17140740257560141,-0.025127428453723906,0.4197893389297694,-0.3964788540911059,-0.35948090318585263,0.004980060297025279,-0.3863839602135156,-0.6002573221730855,-0.6374526074854705,-0.05407223132835983,-0.3964978513806382,-0.07821992342302682,0.3521073982882585,0.4256368105077037,0.49694821810424633,-0.25467626361339685,0.6193743776651345,-0.155020712328722,0.6873156920468221,0.15567039446967842,-0.19110111886552797,-0.25653050110254105,-0.6373459989437829,0.6453696583165869,0.3591973751449097,0.1100333123189032,-0.09210909032546408,0.26972303257835095,0.21657393626120058,0.30728293578857696,0.7066952119717582,0.5298060936878145,0.6042668580399984,0.42486761574187204,0.3480273299807888,0.07239669419392813,-0.1164013398265978,0.6339672723355474,-0.24213247663671902,0.12673895719689815,0.5733447595327537,0.0983842311379362,0.5908451335317998,0.666052104338434,0.9018186997676125,0.5446588615739685,0.6281445108983287,0.3515202535066567,-0.006292593499316545,-0.13630248838292955,-0.1997884374450782,0.32752517749075644,0.5016638158510848,-0.3134235586674067,-0.3574132534590547,-0.6171981297833568,-0.04853891118818336,-0.10779576864708863,-0.4399895868108866,-0.1492593350145842,0.08478782335905242,0.1688835859532052,0.014582981607340699,-0.06403058833038462,0.016263390933994665,0.4787546357036636,0.5796175804811519,0.03208508378978022,0.2387353910269085,0.09110853942654352,-0.3066192002247121,-0.3202239262559501,-0.29010876583811485,0.0896923021096924,-0.49769365641745134,0.268499183777488,0.11331393189437942,0.015663404052104077,0.8171784636185457,0.2674394368809637,0.11494705361895587,0.38317344866542713,0.5180001096516053,0.46428273883431775,0.16608554133119288,0.48663859792103054,0.5564151383186567,0.07186720407404026,-0.2462453452773644,-0.24906270115897683,0.031259223221761036,0.08894968388002313,0.37247664235358363,0.8097864806158239,0.0,0.5463262925544904,0.6693755155262012
0.7811053816714331,0.7052529049591875,0.6064498118419915,0.45463465686218746,0.21485509749181453,0.7385501695134128,-0.2116596970830406,-0.055146022568642504,-0.17155374342125657,-0.1770013491665925,-0.1528580009569891,-0.7141811189232791,-0.07880854650471768,-0.35197173194037923,-0.14441103875716216,0.4851377821117222,-0.13492761127971553,0.365337098527855,-0.7978812403991815,0.7746821625770254,-0.3273098407723851,0.37658013019589587,-0.22886491053748442,-0.6448070072660994,-0.13487474912195457,-0.7445744256224002,0.6283698459980842,0.16689806871759744,-0.036183388512335234,-0.07109187545909944,0.15936535176611719,0.6391367969087378,0.46540807393499795,0.33854986884041144,0.2442695067742482,0.8329758184047725,0.4493275185996435,0.7391065935006809,0.5354753908905456,0.10959127433480534,0.9194457989415913,-0.11654343864288137,0.48954051013193517,0.5591061667463697,-0.36691531829237356,0.6054936775463873,0.7407053333311902,0.5519377209210166,0.977683986424531,0.8948549914128132,0.8749988818437758,0.5362169043875465,0.08233225560018834,-0.015190512056334635,0.5374420416259401,0.8777363266852081,0.0718520259087552,-0.07859021204535731,-0.42426924629655666,0.15239847335521992,-0.22801154916247096,-0.6101673461404807,-0.6119903990819853,-0.3350749721147328,-0.03682605373060063,-0.15106781555004095,0.06258374145673841,-0.5189856944347184,0.04228417067343508,0.5142035717205738,-0.10929575941576458,-0.15322751241801588,-0.38821103188449274,-0.2363933175284742,-0.7232090242487907,-0.701685203946792,-0.27762184183020905,-0.7354860043013665,-0.10175241445284654,0.4265814107755509,-0.4262755473242816,0.8580305811711101,-0.3956069289797533,-0.34690533710318155,-0.0665586612229384,0.6190043899311384,0.37815342725319834,-0.3656610630755305,0.6550618272972057,0.6156238478004237,0.11046682346947947,0.24937436625529133,-0.1359015510324259,-0.08243764254276394,-0.03161741074777715,0.4219953278920687,0.64399513742567,0.5463262925544904,0.0,0.9108746360542508
0.6531292469115266,0.5632187871355214,0.421534718744709,0.3466207704555362,0.028204093696991717,0.5701017507459277,-0.23963330508485373,-0.2409622972216431,-0.3157474538364935,-0.20692962435858178,-0.21317367765856676,-0.7078732219625758,0.056234633016345965,-0.41772167106122166,-0.19854754505574349,0.4507309240655423,-0.05682900104118551,0.3283476694980679,-0.625108887211891,0.7464967544935094,-0.342895071165115,0.3016159606962272,-0.2717710765359927,-0.6512156845937926,-0.18182948421033862,-0.808671130317569,0.7662901054501949,0.127740639224681,-0.053517821599257324,-0.2210427398183299,0.2873800738325795,0.5935156091899527,0.5420194111203981,0.36525807617402944,0.13129608469756962,0.7970946306327059,0.5747190422634226,0.7279990905405741,0.46882144158179834,0.0916342944342524,0.9156432663542826,-0.15701021244201918,0.3525449140736793,0.7724495308322611,-0.33254189915272947,0.6463331545109775,0.714254814467527,0.6312903868137184,0.915337085021719,0.9721011006703592,0.7832770655093174,0.37270025184123945,0.0019590834914179458,-0.07664589865506753,0.37115006203055756,0.7440526375644111,-0.10967945370669943,-0.309112327979802,-0.49544519209996685,0.2113799484148857,-0.13075148492922084,-0.49860893987510324,-0.6095149408371648,-0.31115261752644663,-0.04847514707173983,-0.16744896720107202,0.029893915444589064,-0.43263160337838646,0.04896717345608878,0.43227452871301614,-0.1561076943164938,-0.20458724090090014,-0.372440898278566,-0.24247934381142938,-0.6811128101347963,-0.6726825736147548,-0.20211351508643885,-0.7749436080440657,0.13500488101948968,0.36902036361677015,-0.41524723409896414,0.8556789473270934,-0.23535217849530468,-0.3804572084771304,0.000981516979448381,0.6435588215191829,0.4935196557043793,-0.2498245931312928,0.6299211605674991,0.6783174415490518,0.10551420837166295,0.18846699748030518,-0.15240554908533802,-0.002740632883359909,-0.06897080705576791,0.6717979586910146,0.7525664686511647,0.6693755155262012,0.9108746360542508,0.0
