0,1,2,3,4,5,6,7,8,9,10,11,12,13,14,15,16,17,18,19,20,21,22,23,24,25,26,27,28,29,30,31,32,33,34,35,36,37,38,39,40,41,42,43,44,45,46,47,48,49,50,51,52,53,54,55,56,57,58,59,60,61,62,63,64,65,66,67,68,69,70,71,72,73,74,75,76,77,78,79,80,81,82,83,84,85,86,87,88,89,90,91,92,93,94,95,96,97,98,99
0.0,0.5446135343925687,0.32899650509630984,0.5405001178041425,0.5077383856459337,0.416805070500876,0.1389326453157001,0.2325122872245586,0.15284672823776826,0.0008023816441827974,-0.0669785271861492,-0.21553915391107195,0.012213398328174757,0.06738354839580152,-0.006122094071095874,0.38938981344035906,-0.14688881481614516,-0.0814410457502055,0.024468417654903665,-0.02111418093544712,-0.07156588607237155,-0.1480784133859423,-0.11706024904171893,-0.4271747842561932,-0.12879575040803823,-0.3274032992393568,-0.5566405971770649,0.07503021523974035,0.06545304926744379,0.06962110856233747,0.3605627533955182,0.23575741304333933,-0.09358805490723779,-0.2916410590419141,-0.06879954628593571,-0.08362502849305738,0.3792569353359053,0.2781972297800456,-0.012171284958484296,-0.5946376328363416,-0.1737577904737808,0.160281935462298,-0.29723641016555763,0.6551934968876989,0.0034345123078234163,0.21297311368221247,-0.09578925648407748,0.09689343233803548,0.8234435203812882,0.2681074864069655,0.9111563407987292,0.45268916516537194,0.5639042609825001,0.45158597870125844,0.30147526725261264,0.31997954570076503,0.4215112320880172,0.15325277244205987,0.03574314695743097,0.08232535053189977,-0.1274886204755629,0.06608311683930597,-0.047402903717644065,0.05527837138627897,0.03156709094003029,0.014995764124403904,0.31329845079892754,0.14916716940016855,-0.5049969252392769,0.07138825082090626,0.21210212813100138,-0.2409109327464269,-0.01805143364169379,-0.40314297647086067,-0.025872900576850263,-0.16574633981310555,-0.00022121388096636922,-0.21772069223797663,0.32173556711915086,0.32630736841968416,-0.7294111036093154,-0.38184841513511525,-0.08004617171098949,0.024666236340152244,-0.548729526860391,-0.2148135308872603,0.05335098664379425,-0.3543662911393662,-0.19092217430732522,-0.5211387437432765,0.25083300558084476,0.3853258400357126,-0.14082210298695588,0.3593487109952262,-0.7421872330856927,0.627185206759543,-0.003621543331866593,-0.26730305613441485,0.7414033666717104,0.33483781874416874
0.5446135343925687,0.0,0.8210009502708924,0.8393241081498015,0.9049858867166642,0.5357057455627393,-0.09210805059558146,0.5824257684510011,0.3798121219996436,-0.30835590094498594,-0.2837321583078345,-0.24858156333809336,-0.16183009092299944,-0.21851411040360755,-0.21346712742901933,0.7198419088417418,0.040769457886077096,0.37235366632667743,-0.34551826809761665,-0.04833024501323865,-0.21807413680932494,0.06755495839143774,-0.02268663485887707,-0.3874351772580392,-0.3575006007603378,-0.2950871917251881,-0.619825960313517,-0.4160467617128187,-0.11405477298676761,-0.23880088924829881,0.25031819464780053,-0.2905694661099254,0.004016387426646822,0.03449006356539901,-0.0713447569130561,-0.014604161854164093,0.13078829188387486,-0.11793043266742619,-0.2850527949013209,-0.5182349549101604,-0.2580268481077474,-0.2603824472972303,-0.26119945490093743,0.18150073995126706,-0.31020032288334276,-0.10829913607877728,-0.08043173895615037,-0.003036723883013772,0.3677893266587499,0.05206274091831008,0.5337868759095759,0.8839434052628032,0.6668779078681741,0.8168712750428218,0.6925787837753641,0.3257947370388352,0.7393500218363923,0.4416490208778361,-0.31768941402738893,-0.17654186433504288,-0.2593953524999558,-0.1605182873409405,-0.06041972070914229,-0.23712206892746845,-0.14227976811306037,-0.17858107985860103,0.249096692110114,0.06157079731642961,-0.11969082562168623,0.503727596021614,0.053805185189200445,-0.0024432321612302996,0.21743775519543332,-0.3736569704596053,-0.20055132614626922,-0.25419459052836535,-0.08250750278868227,-0.17541697991131655,0.08199531006605167,-0.18693562760130872,-0.528116406342976,-0.3310440693360351,-0.1769306395064279,0.11058257188821005,-0.41464966899276884,0.024353933973905898,0.027257718792044448,-0.6381237732294117,-0.01740177304545806,-0.5141850016341518,-0.15349575645937316,-0.1636234348646565,-0.52843402675968,-0.030346625751179905,-0.7330775235285849,0.17962285778636533,-0.2276418281482123,-0.33811119214165586,0.5377005611685142,0.08865216380531209
0.32899650509630984,0.8210009502708924,0.0,0.6231172842945877,0.8818742224853484,0.797821605124972,-0.04304312616702479,0.7994631943852438,0.7674117141600716,-0.17390028229970433,-0.13915239788760653,0.046095308425948424,0.10808285240030437,0.01918198690698403,0.03704332996096504,0.7114894042844199,0.42449600305365703,0.5404352928192953,-0.15002430560509858,0.1389079012899259,0.06307311533410671,0.32202379138324494,0.23967347920784166,-0.01981007771064176,-0.078620151119128,0.07561725710511237,-0.5088631597546696,-0.2746984600086419,0.20769823797667572,-0.005788561779877532,-0.188635341149141,-0.4722911527224258,-0.1873624375810664,-0.012971967716160972,-0.30385674662467727,-0.07277647996457476,-0.06791468073170569,-0.5645189681440335,-0.6942920180141571,-0.40358093381179894,-0.6008029057889536,-0.5998765484477656,-0.41911066539673525,-0.22483574899024966,-0.6020008997831422,-0.5477726576483759,-0.36136488586705373,-0.35206549785960295,0.08227188802857444,-0.4250145189707342,0.45671101146377685,0.8216737128797073,0.4552713161846882,0.7755827215964516,0.9316641100271661,0.65901859668762,0.7682215130988594,0.7719126653048108,-0.17200358459377268,-0.014875587167938811,-0.010584361219995755,0.08500006794983733,0.28968320566949773,-0.094888899304708,0.09022950776378358,0.046780151978389334,-0.10737950166964579,0.34361794705932863,0.0654665893895305,0.6108589693500713,0.28818117588815867,0.4101572198735737,0.6610065147680461,-0.2013147093633415,0.07396156901257545,0.09977014267764477,0.31590226040106356,0.22388261127773118,-0.25925899947887554,-0.42071463260604985,-0.14567182382658203,-0.5529764408155559,-0.46108994922020563,-0.08715832209165729,-0.03074118146557317,-0.08617259639732001,0.048370705967893106,-0.4361541156562151,0.040857978803923514,-0.6847407401595708,-0.5795831207015175,-0.46819591357071755,-0.7754492569667623,-0.46108029226737296,-0.45245380291408205,-0.17027061721288336,-0.5871864215353446,-0.5464147637694581,0.48483675337876836,-0.3848792363005627
0.5405001178041425,0.8393241081498015,0.6231172842945877,0.0,0.7527319506203504,0.24314781045225323,-0.13649296700536676,0.5842428042900738,0.1704688280461985,-0.466903684741707,-0.5076128023098979,-0.45532943936680653,-0.34081198256209294,-0.36189670146035074,-0.38121948092479463,0.8171409977027402,-0.22285556995723066,0.29178210638880236,-0.5141609567974726,0.11780743314679738,-0.3575731400529158,-0.23087023237624707,-0.1416076846629655,-0.5336860127025318,-0.5872429938776893,-0.5116995997595367,-0.3830758713618453,-0.45713196104592924,-0.2256729081651786,-0.189736357197903,0.1856404973841775,-0.3485890552559879,0.13857088197066725,-0.021768067417740344,-0.09502752945791475,0.055978020140903716,0.044546091000329864,0.0692233955773092,-0.07481198286142113,-0.4227041749008307,-0.12531163115432442,-0.18939951349952622,-0.2975179656064066,0.2399391677099208,-0.11669977508215462,0.060021871760200234,-0.010890995882525694,0.10729924410734772,0.4058021327752846,0.17877888328757943,0.4923708317199829,0.8918028623418398,0.8745975560797046,0.7669571406763741,0.5150761758667098,0.081393110337818,0.8093195766940615,0.33519875346086875,-0.49961377322308825,-0.39735267715605815,-0.43035059569642187,-0.36776391960483834,-0.23940370861348276,-0.4111671396046113,-0.32656117235287563,-0.35928823607483246,0.46128629270600363,-0.20821566063324853,-0.16353115193620038,0.5775319735336687,0.0009614918278547584,-0.15448379777306165,0.1231215228145461,-0.28106645262540836,-0.37196914574410483,-0.45762683341321697,-0.23674513445030895,-0.30867603875633937,0.05587171069010643,-0.13645662232137803,-0.6060099907660713,-0.19998068482118925,-0.04998729711641765,0.2601836546412426,-0.2877596266038315,0.12917834045072235,-0.10615054382340441,-0.5743328273463231,0.1701745928929772,-0.3154204441800602,-0.03310167858309321,-0.10223380885295119,-0.3061041164851552,0.02834240468503179,-0.6979975997743199,0.24481338063841346,0.008468746773533178,-0.08128848381102399,0.5449169476835458,0.2553508044459792
0.5077383856459337,0.9049858867166642,0.8818742224853484,0.7527319506203504,0.0,0.7109242412755368,-0.025798608949311495,0.6245187355818933,0.5992387698800365,-0.1133769488650854,-0.13483471300950206,-0.024299564040742603,0.0441776808645179,-0.027338575397790263,0.013475107324743205,0.683552049461006,0.28253183991234737,0.3460079888045214,-0.14951565614909956,0.11440401781743371,0.014287930384616294,0.15211986557527074,0.04849917582002975,-0.11742039548881525,-0.11848689897666063,-0.016806228772146877,-0.6309066141633258,-0.1918568469148762,0.16351267688095664,-0.012488238696166037,-0.007124126891742006,-0.31492949993585073,-0.15841898089783,-0.10766899540844395,-0.3042685358791905,-0.04107342964448443,0.17273683345484722,-0.38794774554887096,-0.573439158026918,-0.5178209758209785,-0.5370889253214457,-0.4636364622393104,-0.48211060247806614,0.06086043395972758,-0.5217491897783539,-0.38883164947088755,-0.3342830747519047,-0.23585954797367728,0.3481652248236115,-0.22662461821367547,0.6182766713545286,0.8052331516023232,0.5146468395403724,0.9249108857812084,0.8514357292326337,0.5153376393536838,0.669061962807005,0.5932842468091705,-0.14723028877140243,-0.011952628153115482,-0.06852915944750872,0.03699401072495843,0.1797050619620329,-0.0884050100548104,0.05016125278621303,0.02198766229890271,-0.0006969546891066516,0.31642863876693417,-0.0740719989186178,0.4786335405470704,0.2659399608377136,0.16685239947026476,0.44984557519549173,-0.35658509733395927,0.027617526639959325,0.027720544965033712,0.22076158794732043,0.06835349486434762,-0.07517028259223775,-0.27320221570013414,-0.3466632860246077,-0.5426817888123564,-0.3858102510709163,-0.10199960290674487,-0.17467280905704036,-0.14157316528717542,0.1861500908450611,-0.4663594516022713,0.03453082274205057,-0.738880711225154,-0.41796672387547634,-0.2948132173648849,-0.7135867638145358,-0.2431770925370507,-0.7123685254325918,0.06715852841970193,-0.5139227464029394,-0.5273680364473987,0.6375851954260222,-0.17139875713742286
0.416805070500876,0.5357057455627393,0.797821605124972,0.24314781045225323,0.7109242412755368,0.0,0.09707862529798077,0.5398021805442442,0.8595686221104283,0.23570772801688303,0.22594805218466693,0.3599680619438183,0.4245239324704554,0.3606691551656546,0.3824345998798888,0.29211582992057633,0.5660330185054099,0.2320519317548484,0.24343173833817977,0.08395089610563439,0.3595936465257662,0.4045869252342151,0.28903741145977585,0.2407783866738896,0.28651835596610015,0.39117462281873305,-0.5345958718685712,0.17176127620827286,0.5501552680833846,0.30306164367627597,-0.3401663688485792,-0.20717075480970218,-0.5431231489545705,-0.2834793617549212,-0.48212321640824907,-0.1001117231143433,0.08812513223787888,-0.6231967519492119,-0.8001716884525358,-0.42150358415507033,-0.7691581072425687,-0.47468862899275344,-0.5654775398546663,-0.09628826535889562,-0.6380365103781247,-0.6484661513532283,-0.5766590109016546,-0.5443082714955586,0.25411454800157307,-0.5485636678709535,0.6116271170369895,0.456164452689811,0.05274251394462713,0.5948788950928938,0.878642224726939,0.9218208594319662,0.41540856840154355,0.6890090165859604,0.24628752666220746,0.34919467961909095,0.28520655016140645,0.4359990959709765,0.5578820455111455,0.2287599918892686,0.3604615566677523,0.3448113011932192,-0.38687972404183635,0.6435442018850629,-0.0605770356905525,0.2420939062697581,0.4808102475212917,0.47476623512166527,0.6780829428694956,-0.17643930623885115,0.4053770350831335,0.45327244895369523,0.6359434588672189,0.44447827533589646,-0.28147723509787154,-0.2483794684860727,-0.00747417630792518,-0.7279143755531086,-0.5891045488243684,-0.393450068720453,0.06693881207448138,-0.39056712050420334,0.258087245645572,-0.06832869769761936,-0.03528972715226053,-0.8180627806687167,-0.64161141422831,-0.2724434029233784,-0.7120173521019841,-0.40449401406663266,-0.3189233952054625,-0.044920633124427414,-0.7217729083838349,-0.7058050268136207,0.6364947529206328,-0.4962009377741657
0.1389326453157001,-0.09210805059558146,-0.04304312616702479,-0.13649296700536676,-0.025798608949311495,0.09707862529798077,0.0,0.14363362862742377,0.32683072439948246,0.7292728269770233,0.7152945503852064,0.7178025876541207,0.7965031224146223,0.86017570502965,0.8002710184679543,-0.07924293269657143,0.4480625119640638,-0.5444908420137101,0.7339107627903473,-0.2670434804959349,0.8105043237351864,0.03989527620608978,-0.021513843671240603,0.567093803094084,0.610741856771254,0.5051532031747844,-0.3919127508847444,0.5580364493294028,0.6429222971594104,0.6870518698909501,-0.21904399066792984,0.5478003431864232,-0.587749238150635,-0.7748046131841243,-0.5913676342399367,-0.554902162512468,0.05875743419933106,0.021543902440469456,-0.2129026096556744,0.3471814737824718,-0.4974857979939123,-0.19426938265837745,-0.4217201826789201,0.3105972806517647,-0.46495763478783336,-0.2025231661579353,-0.6921739308329918,-0.6001956652821252,0.09304348075400867,-0.2744433273049508,0.2547531975271212,-0.279089946003633,-0.012602994717966024,0.10792315502218898,0.05454684678385081,0.3252668552821159,-0.12892203557794157,0.38862064063780694,0.7727958345928111,0.7626076530704795,0.8010211718551632,0.7750726932984001,0.6871634062949142,0.8639273921796545,0.8107171232096334,0.8392154422643697,0.148645461766745,0.3921092068745092,-0.6295008536798812,-0.5406922220815482,0.8135038184261335,0.2498356634470031,0.24186129090013636,0.43547558231326183,0.8009903419713295,0.6287425856867932,0.5352717897916033,0.6572316516232193,-0.07572984405815616,0.46495587079425893,-0.025532264456268317,-0.6406357680347353,-0.55813807067626,-0.6774817065916112,-0.22828741264684624,-0.817039705709889,0.04521216424108694,-0.09413737248311219,-0.3655707483716855,-0.3591956783615893,-0.14961594315750143,0.5156437720355016,0.15720661352022053,0.0020863839724275138,0.01740730236823221,0.3398527553498457,-0.17257398120270603,-0.5553157734033648,0.14397319116897245,-0.0810260241031116
0.2325122872245586,0.5824257684510011,0.7994631943852438,0.5842428042900738,0.6245187355818933,0.5398021805442442,0.14363362862742377,0.0,0.7464167313835549,-0.22239892193564054,-0.20180377160777438,0.07543140532342857,0.2174864299366544,0.1186827885622989,0.051819076240132565,0.805923604382417,0.4504628502698006,0.5374830285328439,-0.16866112173320985,0.017825132019537945,0.1122288677159493,0.3143163087948409,0.1276578907191829,0.05427634970406608,-0.08234212453282211,0.07909050582597103,-0.3528993797257152,-0.31439821765971165,0.18459740297876523,0.12114226425365297,-0.3646128529996122,-0.5314293909706831,-0.15169841526323757,-0.10288238108414915,-0.3352863110103667,-0.28427571939119667,-0.389421271663013,-0.5587800736794899,-0.6293204829839701,-0.10106188500106075,-0.6078992859673934,-0.7414612378407618,-0.3399112988032758,-0.3418110520425579,-0.6396185098251405,-0.5497807459129493,-0.4139987390871827,-0.4906054223473368,-0.15240513417575544,-0.5539801404734085,0.36714687780122435,0.7243730462800776,0.578611961164419,0.6325390044037433,0.7988154779278989,0.5340688417140432,0.8904921954377604,0.8939697226724242,-0.18729871041093757,-0.05680177165370224,0.04730690224074161,0.17475341329923746,0.38780369832783745,-0.08064650917519667,0.078465824194486,0.06718962697784235,0.01448666172657794,0.2160619716513659,-0.027442556001666944,0.6682914888474429,0.3389944965560191,0.5675287758810011,0.6261281099321011,0.010510990980428328,0.10105662673360478,0.09928219076795697,0.24458306065824165,0.32679921083948194,-0.5047434571878051,-0.5041414490806014,-0.02796880459550234,-0.577579604320991,-0.5929390143621843,-0.03759918322798152,-0.005948267855674757,-0.12553588644016764,-0.294621924722471,-0.5576521254482629,-0.09779555151407456,-0.5864115307336695,-0.5721274315983583,-0.44758938001154835,-0.6449979711456755,-0.6331236062853938,-0.19909315836121666,-0.28035957928450284,-0.5574166982617595,-0.5766053573931436,0.27053848369624095,-0.4750542186834143
0.15284672823776826,0.3798121219996436,0.7674117141600716,0.1704688280461985,0.5992387698800365,0.8595686221104283,0.32683072439948246,0.7464167313835549,0.0,0.31432142173121014,0.3054034242315976,0.5696442737481858,0.6131132857242687,0.5416102816361221,0.5496342966109459,0.37260528637186907,0.7761309223731943,0.2565029187820468,0.34005157010704107,0.10488503977054041,0.5748282570032015,0.4553938230896324,0.28778303092414764,0.5175394257615994,0.40685086424673006,0.5831202884986535,-0.4164763134228696,0.1827351953243818,0.686311449523551,0.4730373582266838,-0.6182494852678772,-0.2828850917580729,-0.5774279607129147,-0.3737373538924078,-0.6489503784881065,-0.24637305207185678,-0.13725690427746084,-0.7938633118985674,-0.9243584452043584,-0.09544829736361612,-0.9147172241016651,-0.7631247606052012,-0.6051839185202489,-0.3478058467253812,-0.8416219173812738,-0.8430176526105606,-0.7637847389965283,-0.7958665889124158,-0.08662723094593192,-0.8102357596460578,0.4191453729422721,0.37024429233131473,0.043028520986121206,0.5569264177274607,0.8931963976877584,0.8956273017680345,0.46152059388158406,0.917040778322303,0.3267840595355186,0.42259687832934845,0.49219924223640765,0.5942015477359124,0.781402525731293,0.3598553669068863,0.5105459580756581,0.5183354729813132,-0.41222586864682875,0.6572611992756164,-0.048219678437353974,0.26665870647242,0.6575822673174919,0.7079815599428774,0.8424674897462403,0.09194169399310399,0.5796674982739719,0.6298722245429688,0.7631205885319907,0.7169754627533828,-0.5474026206153021,-0.3789788918925881,0.22590127523839845,-0.8330467464365238,-0.796456265751319,-0.5204032702459674,0.23843319962665752,-0.503197746547581,0.13616330353763573,-0.12000191258085202,-0.05511149781314942,-0.8030250617444301,-0.8407113391149049,-0.3844878712721437,-0.7077030515991551,-0.7038443368276586,-0.08224098125472466,-0.2753997409203416,-0.8428007572569165,-0.8148853813139736,0.4107070059960778,-0.7144133679130336
0.0008023816441827974,-0.30835590094498594,-0.17390028229970433,-0.466903684741707,-0.1133769488650854,0.23570772801688303,0.7292728269770233,-0.22239892193564054,0.31432142173121014,0.0,0.9324656610142833,0.8651889300343791,0.8297139192358735,0.8711263601886893,0.9236757146390745,-0.5065054867844543,0.48352515764860904,-0.6413805576986049,0.8956181521863315,-0.06362333514790598,0.8892025317760003,0.05446350284246716,0.12310223154660865,0.7624083190148808,0.8221272190288899,0.7485216633806426,-0.20500158021932355,0.8630844335759446,0.8158002255534188,0.7520521256359494,-0.33474563399670665,0.6002084352935227,-0.6610213992976184,-0.6984206698966856,-0.590204142123787,-0.21377586159193984,0.338179787948679,-0.12359101108258988,-0.29395635578582807,0.23262367870035947,-0.4896881527817661,-0.03426892871312029,-0.4281922433823947,0.21396484203560218,-0.3938417413847046,-0.3100636800548181,-0.6623053111631382,-0.5722531998635629,0.13053296425284053,-0.3340462192291963,0.1928229227567935,-0.5690653524136989,-0.5187890684032418,-0.06895343182307447,0.0035524795415127143,0.41790021091906193,-0.5175963771861075,0.17535853102368126,0.9676686848431417,0.9211373780154825,0.8712505039915547,0.8458518689721521,0.7072086503755298,0.9118623335257384,0.8722440347615843,0.906298606171618,-0.35229819486825903,0.6213327030208892,-0.37528060780969896,-0.7239594701251442,0.7547122184542123,0.1755395997503368,0.27884659369852177,0.25675955341062207,0.8977617828965917,0.8470158212864729,0.7578091734555912,0.6930410888222576,-0.07920513790350103,0.3897527413066634,0.20659372960573963,-0.5406962292544465,-0.4621601888449286,-0.849551398055519,0.09024768890188402,-0.8254106397948507,0.4885066181692894,0.39233261405101855,-0.1558255140065951,-0.3805641079482023,-0.26988957913443834,0.405264483629539,0.11079657894690087,-0.011044575712035935,0.09996530672843708,0.20635886454602528,-0.3331736102976073,-0.5000410375006744,0.1802104933409911,-0.22655182673280447
-0.0669785271861492,-0.2837321583078345,-0.13915239788760653,-0.5076128023098979,-0.13483471300950206,0.22594805218466693,0.7152945503852064,-0.20180377160777438,0.3054034242315976,0.9324656610142833,0.0,0.8926130191742847,0.8425600837940409,0.8549113208897369,0.9104685522626766,-0.5492846799989218,0.520529528535419,-0.5925821944078538,0.8455388120528095,-0.202183019965574,0.8628296596676877,0.15197599260536404,0.20088076655616804,0.7634570095378812,0.8446183929102281,0.8007209022513498,-0.1387278594639824,0.8270517717344128,0.7386014518650639,0.7172067127400246,-0.258021824507325,0.6096929715387256,-0.6453325877573695,-0.6151747498442484,-0.4881409317157936,-0.29793181808452945,0.268065784642856,-0.10444666275491397,-0.272045082857546,0.21100882074759292,-0.4216048164535285,-0.003345441921730794,-0.2473425725032707,0.16861235346141365,-0.3728826128214161,-0.24845834243389134,-0.5872335496727527,-0.5375341015870928,0.008592732301276563,-0.32576528506866076,0.06100366978759498,-0.5717027410474822,-0.5374896539810444,-0.07956839126233388,-0.019659153903494403,0.3678103350360303,-0.5066471968620833,0.19668194585138374,0.9637631029451373,0.9722624729001836,0.9281914447970097,0.8650061979716499,0.7201959189268634,0.9268459294850608,0.8473643786073263,0.9195106235847204,-0.41637572642635573,0.5102219032286358,-0.4274739144697073,-0.7309721489023705,0.7020981038187587,0.22774951580385086,0.26327209777897,0.1721820748633415,0.8931460275519637,0.8614875316578935,0.6725173475230996,0.7187404941226551,-0.10693956422797156,0.40056781486060766,0.1874774155999863,-0.5257856302287867,-0.5006547994975973,-0.8501048659398012,-0.0160987611343279,-0.821210077349325,0.3431921788376294,0.27759422723962196,-0.3076085838038155,-0.3488153560936555,-0.2701783487142749,0.33885302254696614,0.06055909474784277,-0.0552104029967098,0.18127163921741998,0.14114929261244696,-0.3059662773061773,-0.5359166300754885,0.009290328599536669,-0.2550458239859848
-0.21553915391107195,-0.24858156333809336,0.046095308425948424,-0.45532943936680653,-0.024299564040742603,0.3599680619438183,0.7178025876541207,0.07543140532342857,0.5696442737481858,0.8651889300343791,0.8926130191742847,0.0,0.9225152863210118,0.9099418292540367,0.9523900120037202,-0.35598610298846434,0.7718172778485486,-0.3866643729080644,0.8387439211221476,-0.16008384691314678,0.952645955733988,0.3508215951281444,0.2411462200719858,0.9338830955946752,0.8669764529730964,0.9408995292622678,-0.15979671840957602,0.7056838224575083,0.8459540716762474,0.7770226956783544,-0.5677794949669318,0.3478709253644278,-0.7300844047864667,-0.6225589338456075,-0.6631297602823989,-0.4192657298343526,-0.013249698931706069,-0.4536103098617855,-0.5691538679725442,0.3632478435248256,-0.6817569762822613,-0.3888650383250903,-0.3964358550823596,-0.14732335501722255,-0.64936150507964,-0.5910726264425537,-0.7922719132160727,-0.8084665649142514,-0.23923124637017493,-0.6726288651785998,0.018056342737718858,-0.4370645399471013,-0.5194334394388183,0.06059027381778454,0.2336116491796744,0.5321750933368853,-0.3366589816523554,0.4599060108281876,0.8825978954617049,0.8871546346767245,0.9622082498281938,0.9170523574770408,0.9156347487925234,0.8764448396208057,0.8730966044880103,0.9358055876322973,-0.5084750886410411,0.6356129617588927,-0.2645386457976532,-0.5152945380250719,0.7817363698778202,0.5551528155607199,0.5193739866604562,0.360772024875362,0.961821551702331,0.966787025708481,0.8231376975594737,0.9291675467757128,-0.40088591234997006,0.11593382183445608,0.44915391970472995,-0.6813502448048705,-0.7189737291852805,-0.8758603357322259,0.22183508847029992,-0.8174102243231404,0.2351236081636295,0.24908934817414563,-0.2776301168772188,-0.45599914177852297,-0.5948276299699501,0.06122098816522467,-0.17646257575969124,-0.41151599368223224,0.3253359377377907,-0.1250875718169429,-0.5608822117439728,-0.6934473629373824,-0.018514069836143763,-0.5688374318257874
0.012213398328174757,-0.16183009092299944,0.10808285240030437,-0.34081198256209294,0.0441776808645179,0.4245239324704554,0.7965031224146223,0.2174864299366544,0.6131132857242687,0.8297139192358735,0.8425600837940409,0.9225152863210118,0.0,0.9500922498564448,0.930480744844009,-0.20051068681834391,0.7783682865215968,-0.34404011053254435,0.8214868458020289,-0.230790596730058,0.920756317231609,0.38299517222758445,0.2807267190355905,0.8239257493647767,0.8582258589474693,0.8442344995144708,-0.3273285538507283,0.6897250489173812,0.821704641658657,0.7946246732543717,-0.48489823491372724,0.3441764248117448,-0.6817201484563971,-0.6630064918766276,-0.6229464505232957,-0.5423438591171816,-0.03628774936550829,-0.4122205544095299,-0.5657910919866538,0.27699802054628053,-0.7167641940200952,-0.40005423775046794,-0.40390477679430203,-0.043791880437205485,-0.7108938188328635,-0.555546470200271,-0.7880521460634398,-0.7877615010502016,-0.09626115069999226,-0.6490696095358987,0.23873034173571447,-0.3225797560142391,-0.31649931191301417,0.14062013535232776,0.29648590858704044,0.6259473429439674,-0.15810829885617306,0.5679051616890813,0.8715983601641887,0.894449465556539,0.9294107846748846,0.982928165318524,0.9356811617196462,0.8851670325575377,0.9040581052569998,0.9402831015334993,-0.3710669496675689,0.6937325998795141,-0.3666140027958061,-0.42223505427433305,0.8401118432674407,0.5703016953416301,0.5284642456593596,0.2873816544241021,0.9573358041792229,0.9050604229036935,0.7967364985845568,0.88622976971609,-0.3903193254163935,0.11922572003057998,0.29908547263225177,-0.7735220842478332,-0.7999608100771396,-0.7978517389013814,0.015488752107436556,-0.8368135738482274,0.10913324159876425,0.062031685546564,-0.4184607391411158,-0.5901063621455558,-0.5106070021832049,0.1615238550739937,-0.1977973242664209,-0.36212040204271007,0.17700042934980462,-0.030298623747393557,-0.5894846418344811,-0.7949336791012749,0.11115238169234581,-0.5423570817293683
0.06738354839580152,-0.21851411040360755,0.01918198690698403,-0.36189670146035074,-0.027338575397790263,0.3606691551656546,0.86017570502965,0.1186827885622989,0.5416102816361221,0.8711263601886893,0.8549113208897369,0.9099418292540367,0.9500922498564448,0.0,0.9687047358960066,-0.25618792108868776,0.674105289962602,-0.4647468707035968,0.9066783033156329,-0.15059871592313243,0.9580852076273204,0.260558686468988,0.22257712564715446,0.7705006473630366,0.8229558943889118,0.7815811146323114,-0.2918641694379274,0.7539170208033896,0.8658545376832332,0.8395808398755304,-0.4327598434743985,0.47668865945121375,-0.7318182837995728,-0.7457353867672715,-0.6600751850180886,-0.47729140882137205,0.10166550556971692,-0.2620115058372529,-0.47491470168936534,0.2587366971729236,-0.6773963645519425,-0.2945847910031044,-0.46347251070905043,0.10546729375055952,-0.5813105877340644,-0.43980728036696504,-0.8005951798130369,-0.7455380933425257,0.016335087503517632,-0.5318752664131676,0.27007341532203244,-0.3856157796666488,-0.30995982460205024,0.07601876685210716,0.20454797122973023,0.5777522340945699,-0.24297595567424993,0.46587296021353075,0.923327870873696,0.912304806621461,0.9388454146687957,0.9518875435357493,0.8909423683919272,0.952752505510371,0.9277610720304535,0.9688430276415823,-0.28257322573155697,0.6389151940539834,-0.4844256108580832,-0.5476062573693512,0.8789811781823704,0.46104397131894687,0.4903751744198034,0.35050129143895015,0.9615885687292481,0.8795196318722044,0.8023541448700254,0.8625178166114613,-0.23841070584018914,0.31718928987493655,0.19175774154774694,-0.7604236745098721,-0.7028238804449869,-0.8247847324237836,0.03173036037708117,-0.8839831165052255,0.20072182201414968,0.16186657102210303,-0.33550862103416673,-0.5254804887724482,-0.4054693679815952,0.32842180523546377,-0.039816517265610224,-0.22402004492201083,0.15724308768500744,0.13641317151709978,-0.44400672167662697,-0.6895390302125639,0.16711304389720588,-0.38442223680064064
-0.006122094071095874,-0.21346712742901933,0.03704332996096504,-0.38121948092479463,0.013475107324743205,0.3824345998798888,0.8002710184679543,0.051819076240132565,0.5496342966109459,0.9236757146390745,0.9104685522626766,0.9523900120037202,0.930480744844009,0.9687047358960066,0.0,-0.31864056554118714,0.6824840137055779,-0.481964878672286,0.9089149199737792,-0.05023228535358446,0.9824365480293535,0.2214872470521539,0.2458557722997205,0.8404497240193538,0.8457731400598258,0.8500813204691503,-0.22329794976982656,0.8118259897623434,0.9170435135556378,0.8526833875568381,-0.47700678581967026,0.4703855391948153,-0.7396575017993414,-0.7252849713888673,-0.6901920799082053,-0.3629471746921023,0.1854597559424579,-0.3098797665273651,-0.5056658787623992,0.2539293799046596,-0.6812812146492019,-0.2861146289729036,-0.486641702221018,0.06202852398960134,-0.5800506705922438,-0.4774000376074225,-0.8070564899088088,-0.7425900713191056,-0.0012027202928820554,-0.5495321798010894,0.22105339604015992,-0.4123815342500524,-0.40554248288786526,0.09857406759262818,0.22082928113544398,0.5709399610652687,-0.31914294413338995,0.4395918292795627,0.9427527098895495,0.9370530944062057,0.9583242539710696,0.9394786789326959,0.8859104990222643,0.9444902413922099,0.9255880654901597,0.9848357252714455,-0.39994013187368616,0.6534743024132869,-0.4174460708141905,-0.575590060061612,0.8768722502591,0.42619192540614614,0.5128965756319075,0.3098544623007516,0.9822642530351251,0.9299077563771474,0.8584837706777951,0.8823014124141144,-0.25827866931126814,0.27786302891279746,0.24620648013482085,-0.7415103533079482,-0.6899989622633124,-0.8879683144111219,0.12502517432281973,-0.8923417282798891,0.33151027082091916,0.25719371775457495,-0.24206806923710913,-0.5297420252346821,-0.4775469710702645,0.25580393286539493,-0.07614747151048787,-0.26445624163479853,0.15356754316010934,0.07623582565463596,-0.4907079051186701,-0.6798184630251345,0.16761267486881248,-0.41896912159047406
0.38938981344035906,0.7198419088417418,0.7114894042844199,0.8171409977027402,0.683552049461006,0.29211582992057633,-0.07924293269657143,0.805923604382417,0.37260528637186907,-0.5065054867844543,-0.5492846799989218,-0.35598610298846434,-0.20051068681834391,-0.25618792108868776,-0.31864056554118714,0.0,0.1156956025173602,0.6385396208580765,-0.40573549816022153,0.15197763558176147,-0.2594254559543819,0.15653811541823912,0.020900005010777423,-0.3481894846599515,-0.3922827359276936,-0.3557333802406485,-0.4016185185722957,-0.5562271799174787,-0.18518475091448103,-0.23961377677296333,0.06246975518518956,-0.5060974177975044,0.2582110870722006,0.16491217624853916,-0.00722322514867789,-0.17271789771820742,-0.23959491370694275,-0.24844415955833646,-0.32143990153603724,-0.22766163067602732,-0.26890804898778303,-0.5225602305158453,-0.19057312980281496,-0.13037141531061516,-0.3350658016078515,-0.21765886197426934,-0.05201330110029364,-0.03342606936628882,0.07141848720843498,-0.1459001600562272,0.42443646439383975,0.8862860709946835,0.8465833869970971,0.6763137852205415,0.6125127821890882,0.21083983818296406,0.9125323658588063,0.5565856468667606,-0.5194298513962121,-0.41726876822187525,-0.37291519202798357,-0.24462059147304388,-0.07448876736434758,-0.3804854348203793,-0.21543673128618562,-0.2801406828717108,0.3784041107476658,0.020355210063279363,0.07340303008435099,0.801619019999238,0.03619859094424244,0.23563223987691345,0.359405912026825,-0.12174654893405634,-0.28409317408904494,-0.347460775175312,-0.11412527318846064,-0.11961389250623436,-0.09727163363669812,-0.3815129291024489,-0.30246604953014844,-0.26020030688426454,-0.19109098137142405,0.36994219998768213,-0.19580459278714243,0.2363834761270718,-0.2917526134579226,-0.674261194701651,-0.031638851467531315,-0.4129298061936257,-0.18216069832463594,-0.3410313463044289,-0.5237365060778517,-0.27249023002824463,-0.5176670247789541,-0.09687134532415553,-0.25839792792208566,-0.2327524881234389,0.32856121090584334,-0.10467827270336592
-0.14688881481614516,0.040769457886077096,0.42449600305365703,-0.22285556995723066,0.28253183991234737,0.5660330185054099,0.4480625119640638,0.4504628502698006,0.7761309223731943,0.48352515764860904,0.520529528535419,0.7718172778485486,0.7783682865215968,0.674105289962602,0.6824840137055779,0.1156956025173602,0.0,0.2047792500018125,0.5894326962612493,-0.10278847954258861,0.7126845503739947,0.7218286516574796,0.4103589245423491,0.7797704714841277,0.738117616709372,0.8091615235139044,-0.3444857138310118,0.2879298855395668,0.6226945467367843,0.46421678785233855,-0.5123111466849446,-0.08147773083643206,-0.4143981334443701,-0.23916848998408372,-0.43537972383964213,-0.5530573394055837,-0.2941878868112029,-0.7787559466865362,-0.8209362176531397,0.19806629554149344,-0.7608177665603332,-0.7046330082374289,-0.26040481885457456,-0.4699881428470666,-0.8585708186347266,-0.8031887352572175,-0.6594001986340983,-0.7530155492388277,-0.4038801000435997,-0.8574080167742953,0.1148428203275812,-0.017536106442212537,-0.2503737305411235,0.30816885039987946,0.569286542648365,0.6574952401147015,0.08359063581602533,0.7157158357086192,0.5122302959135824,0.5709801644867099,0.6835936593098958,0.7576871805373556,0.8462736482870721,0.557782344410369,0.6840722113369135,0.6922084559591252,-0.5245428120788471,0.7552749457953519,0.04568153788951074,0.039346862204055005,0.6088954130305759,0.8173830637960711,0.7256260373101784,0.16584955322584097,0.7371701706300511,0.7776813421092532,0.7103940235844082,0.8247671590357456,-0.5085135325154858,-0.31671443813440414,0.5121622907512524,-0.692992473044953,-0.7805462929602153,-0.5278453938113503,0.1651191430838507,-0.4807526254386965,-0.04463900374652491,-0.11753720124484929,-0.42869865028109144,-0.6532234976123087,-0.7272283027852856,-0.3644802208252214,-0.6301377090935738,-0.6782840476019865,0.1777382843180551,-0.4345912535995481,-0.8194061345347565,-0.8151459297568799,-0.049932020808147654,-0.8258636991927361
-0.0814410457502055,0.37235366632667743,0.5404352928192953,0.29178210638880236,0.3460079888045214,0.2320519317548484,-0.5444908420137101,0.5374830285328439,0.2565029187820468,-0.6413805576986049,-0.5925821944078538,-0.3866643729080644,-0.34404011053254435,-0.4647468707035968,-0.481964878672286,0.6385396208580765,0.2047792500018125,0.0,-0.5026932236761842,0.185157455289795,-0.44743753187419816,0.5546702674137862,0.3430513859705526,-0.2505353524903802,-0.27253712440289407,-0.19309131165338747,-0.005748602270469449,-0.6556603431528386,-0.37326518046980367,-0.5419902250381036,0.061282479055591546,-0.6857152928422058,0.5027210366764767,0.7401508091123056,0.4431151036377562,0.008996459877690434,-0.42411817321436585,-0.49185915564666455,-0.3306535365323793,-0.12859330878106845,-9.861299075366227e-05,-0.4426350609368054,0.31411102345709135,-0.6408310056065147,-0.17675623966626217,-0.28998505625246496,0.33235121724728006,0.16417243083741248,-0.41001493770565955,-0.26707356959964473,-0.041492256238661554,0.6009669754668758,0.3123544267329127,0.24510543669420312,0.42954397469059435,0.12430256145661585,0.6110056623049014,0.31870971847150276,-0.6335982405708013,-0.5475269364603668,-0.49718743258038045,-0.36768084886069313,-0.19956633869891058,-0.587528040806124,-0.40391762848468776,-0.4683969144770569,-0.07403144831448424,0.03864949637264357,0.6265346197193622,0.9021749738827176,-0.39749736008355163,0.41816875621053173,0.3469589645371485,-0.19707267131157472,-0.44852384790474326,-0.3426071855321273,-0.20170194236283356,-0.17748341726681013,-0.19893377248703234,-0.7075875065018875,0.18336779874077025,0.14115804145843047,0.0037665299516089876,0.5948931081691469,0.06502989063018874,0.6386864617399939,-0.34726897522898303,-0.40435886734813353,-0.07223337079037305,-0.14557208016525686,-0.21710135750014659,-0.7199712811184672,-0.6258094499984056,-0.47291798279644043,-0.08003939788071084,-0.6396460318375277,-0.3557765706937764,-0.03162380775308265,-0.17568257949416935,-0.4198571490865515
0.024468417654903665,-0.34551826809761665,-0.15002430560509858,-0.5141609567974726,-0.14951565614909956,0.24343173833817977,0.7339107627903473,-0.16866112173320985,0.34005157010704107,0.8956181521863315,0.8455388120528095,0.8387439211221476,0.8214868458020289,0.9066783033156329,0.9089149199737792,-0.40573549816022153,0.5894326962612493,-0.5026932236761842,0.0,-0.08366291285718894,0.9049328441624019,0.23041668292199685,0.1833265157782832,0.7200849668745287,0.8291537016507878,0.7305808793504753,-0.2525794194181448,0.7754562109144593,0.7823099901008512,0.7151578355101467,-0.2944059643525721,0.5751472034436103,-0.5990383174357868,-0.616433675107593,-0.5150501388219433,-0.3593766207054404,0.2498821257846381,-0.16074192056094813,-0.341228559633361,0.21537181120962387,-0.5148742582055742,-0.1135134486851989,-0.3682095272690645,0.16508257214422906,-0.4024257212394242,-0.3316681273736218,-0.6516910000899977,-0.5768322016161904,0.06827831639671436,-0.38871322441711453,0.19592291137894577,-0.5477495876804925,-0.46602196258889866,-0.09203124455004547,0.014212485251562958,0.42557773709003643,-0.47168555982512117,0.1985046044797603,0.9153392230104819,0.8711947083606615,0.8494440874569963,0.8424202972658315,0.7155830868485828,0.9282994474877697,0.9175267445086547,0.9085139457916028,-0.32324925351117545,0.7010419421867043,-0.3337856617481776,-0.6398467043436793,0.7640653155315037,0.31571072263311434,0.3710550103844581,0.27697792128140947,0.8854051294775805,0.8192030618479049,0.7438132400838227,0.7190569428040481,-0.038066008669260756,0.3995909262221416,0.22457384839675307,-0.5588861300282728,-0.4480413434865741,-0.7379299945370358,0.09298361189967663,-0.7563350846787337,0.3611125414060418,0.3163759506295751,-0.2787960664928249,-0.4045801280136698,-0.23776767892005185,0.3561072111794766,0.06170320026900166,-0.05464180973309816,0.14621405685694713,0.1888282208824085,-0.33545364239285347,-0.5109940774373173,0.1036909142266128,-0.27590614172077893
-0.02111418093544712,-0.04833024501323865,0.1389079012899259,0.11780743314679738,0.11440401781743371,0.08395089610563439,-0.2670434804959349,0.017825132019537945,0.10488503977054041,-0.06362333514790598,-0.202183019965574,-0.16008384691314678,-0.230790596730058,-0.15059871592313243,-0.05023228535358446,0.15197763558176147,-0.10278847954258861,0.185157455289795,-0.08366291285718894,0.0,-0.04106261362563829,-0.32484061883466214,0.22504967157453457,-0.0298985556115904,-0.16341696846290485,-0.09218719028225603,0.37049409561323676,0.11435733353128097,0.20732843652778626,0.0818536229154005,-0.2182288865189227,-0.22775338702007952,0.18568649332172524,0.10837815008749674,-0.11043217472045781,0.5938519635669596,0.30852903832503736,-0.1093965853879606,-0.11216325037596,-0.18643411659236578,-0.0196104051362733,-0.02262144600819453,-0.22879994950016874,-0.16996730653918904,0.1558979967239552,-0.07032530924417464,0.017568010707229242,0.15256935887044218,0.11645954832370743,-0.004608324249627489,0.06818978784527198,0.11463303794675721,0.061222443811775905,0.07149087412537296,0.1395910443491936,0.08516520804721908,0.04102686920465965,0.008011846094037758,-0.16349308764989604,-0.19406965374035956,-0.19101391074117585,-0.23995537158617788,-0.15164949257383997,-0.20409691097726984,-0.13869580128026393,-0.10897087875770922,-0.136131220048633,-0.03588679540528334,0.19481828548482763,0.2315024202273728,0.06900196335590197,-0.18070284183180804,0.3057068487372096,-0.103441126924424,-0.10075305708770309,-0.07780545038343825,0.24195899305633256,-0.024487713472366116,0.021280817624241253,-0.14574813748363707,-0.02068352528148297,0.05224848533488392,0.12927241730897937,0.028651797860819502,0.4347519903958045,0.14223161533061274,0.380809644230927,0.39345900596676925,0.6385070442788796,-0.015111353245971699,-0.13374592018478607,-0.23256375850248454,-0.014854005577517935,-0.14380685623111283,-0.12400917379968901,-0.144977564081723,-0.02977982905622962,0.2640606344749885,0.2580929297198686,-0.023899338251953613
