0,1,2,3,4,5,6,7,8,9,10,11,12,13,14,15,16,17,18,19,20,21,22,23,24,25,26,27,28,29,30,31,32,33,34,35,36,37,38,39,40,41,42,43,44,45,46,47,48,49,50,51,52,53,54,55,56,57,58,59,60,61,62,63,64,65,66,67,68,69,70,71,72,73,74,75,76,77,78,79,80,81,82,83,84,85,86,87,88,89,90,91,92,93,94,95,96,97,98,99
0.0,0.5050317205806334,0.06553964355931434,0.49353413755642955,0.5644483334081328,0.2565139537506989,0.13272362666426893,0.3086557181743097,0.3098335420847824,-0.1815417842181708,-0.3765305856629435,-0.5050808969467593,-0.3157114462679349,-0.35230185473788656,-0.17959993405870792,0.4886032102505756,-0.2085737706012262,0.24841528128356402,-0.23643703742183533,0.43011334558761166,-0.022189049931984145,-0.46443146112356926,-0.138165873779772,-0.4058463537194071,0.07172183146439712,-0.3581268583428105,-0.2095451316208549,-0.17418705698224152,0.16936022701981354,-0.19119109202617976,-0.10345089850417268,-0.21957459130629722,0.11009592458180499,-0.2893127235401168,-0.17442354408568403,0.22004051524595725,0.37317582529308,0.12190331308871558,-0.11674748305337178,-0.26427901212885024,0.5766408678689444,-0.013508864302773493,-0.2293830846802978,0.4673114938674253,0.20977493557051713,0.3768584456555676,0.12915907920780836,0.6463626170721245,0.7495041539267434,0.4331399074962501,0.6758725154332297,0.4574541251566755,0.6121663506073435,0.5154596755209974,0.3211269567367934,0.18709268143659635,0.19734923590269532,0.2514853861236656,-0.011648795736646726,-0.44426722749923114,-0.4426400425173139,-0.4259373779852226,-0.16403705269643784,-0.47226363591819104,-0.41101494127853694,-0.20387206098411054,0.5445765108232089,-0.24009107683801006,-0.26992245081400185,0.3315141148667716,-0.0643075330360908,-0.20336564662816714,0.29940618359404847,0.35563537733506273,-0.2602181269049729,-0.15986527220368835,0.08324199328822958,-0.18891392690170994,0.02094003444219301,-0.1417380798757669,-0.005058418256771381,0.41704674969573297,0.32289132268763027,0.09177462114353896,-0.2707642753852835,0.3394596684350255,0.5183819950416947,0.030728812255144896,0.44558614991899215,0.4334502986556281,0.2890861765507082,0.16554102147826472,0.2613330901692259,0.1619282458145724,-0.2688075648030042,0.5139077573020301,0.4783995739391761,0.8201093837062529,0.7688086171262135,0.5759222164303075
0.5050317205806334,0.0,0.6127237525380453,0.8185532543040605,0.8240579373613831,0.7276184570900902,0.42604021248305424,0.9243596387818989,0.8299475699912268,0.45293821271409346,0.36611713751249797,-0.05959669227915135,0.04492227643872421,-0.47531019950697345,-0.3719638466243381,0.162950776944955,-0.7501723466941019,0.5886982707323655,-0.790535902649848,0.14302616037910162,0.01783731144624501,-0.0939041207979776,0.04910094266405614,-0.12443165977235837,0.4463509249256154,0.26558463458945386,0.15645127814245283,0.4473692626768304,-0.060717679394094996,0.49152099618353295,-0.17059062369820152,-0.05633160583102958,-0.05968336724716359,-0.6303853431642156,-0.18074167899943325,0.2707026187434945,0.15178944596838287,-0.13511087868405694,-0.10099163597556314,0.1077305232890016,-0.12901629225303932,0.23725593597727387,0.2035886420908198,-0.026958155395592848,0.40519770359140955,0.04565225099282135,0.21546134850696894,0.08429636486834104,0.2695102900430673,-0.12888580084710416,0.1822043985718054,0.9604055608576547,0.5472930797911714,0.7849476557474366,0.7906389374896617,0.5802396221111765,0.8939120329543591,0.8525522934867151,0.39072933743066196,0.2541075506000516,0.13995045351002586,-0.37217430783081173,0.3960573238651668,-0.6395251584553567,-0.6532862066865128,-0.37464701294140945,-0.01479903739720959,-0.8082839252271219,-0.7439119242290912,0.4297806861494784,-0.34708299202370335,-0.09855792200094596,0.4704434592329827,-0.21020714290214987,-0.21064318281107736,0.30458002519984334,0.019672943821781814,0.40594716799223896,-0.06678348933889809,-0.15358248141321879,-0.06328131367523723,-0.31865301898912174,0.04228160393684251,-0.36759688787325795,0.24461198670800174,-0.05279852933111291,0.32702371515463485,0.2826145711087657,0.42039609727932364,0.03279049111705483,-0.33284451702015305,-0.12695314626887538,-0.22241877216756245,-0.11178125665760075,0.25428413616521933,-0.1549751976667175,0.03325537231055196,0.14062424633097975,0.16687694026842698,-0.0808322195025518
0.06553964355931434,0.6127237525380453,0.0,0.2423743980604126,0.5376460380367116,0.836212407933156,0.2863528793866753,0.7351721163308961,0.7665592205524622,0.17157833688024202,0.40890118383303425,0.10631651528510767,0.1865868522277039,-0.36571414230602733,-0.5642051829168454,-0.06918857543504231,-0.46952974425251565,0.7478780162370414,-0.6143101914267001,-0.09790208255688179,0.10482106236063446,0.3442815783097098,0.1290079648233842,0.28602811987231913,-0.03408259414668157,0.542406386408131,0.3424778749816393,0.5824649971329136,-0.06407298625656832,0.3261370638197725,-0.5475364360744246,-0.32933653799602736,-0.5036911123736371,-0.41341300923390517,0.015043543161649594,0.2950512503801991,-0.2426728763588207,-0.5689131395639274,-0.5553044460571213,0.05485636031804153,-0.5340798513310351,-0.3311404665065591,-0.17270888542330767,-0.2517767266374088,0.17312428471539631,-0.5748119589838888,-0.24950160855773174,-0.3886034107223529,0.044469164878513406,-0.47616148706840306,-0.155781530723242,0.6380491570971764,0.014583098750717567,0.1848909545498264,0.7356428237743495,0.9147781241272634,0.7855500009710317,0.75356630434318,-0.06654004467201043,0.2910718428834025,0.15549336031632052,-0.023638272685140106,0.47019652563540953,-0.4673365496687475,-0.42747323493754086,-0.5182749301441366,-0.22641315814472412,-0.4800783104496742,-0.3326718261737492,0.6184462330699113,-0.3749199324452076,0.2395671946734534,0.5646246911790207,-0.4854556124110666,0.07120730196055776,0.19796358966041763,-0.013472046771860823,0.3875326977165488,-0.26572597488150923,-0.42065824059732004,0.098552345238884,-0.6943492689299392,-0.4294067842958178,-0.4096838655519226,0.4676991111721521,-0.6102014368054424,-0.031154916977369034,0.025760764749768773,0.35570522634865176,-0.4779582549615904,-0.7494123112530032,-0.41946517876833617,-0.7260630690365506,-0.7415240836637241,-0.07361103549815311,-0.42005828518255334,-0.6406306364571172,-0.26331688524205044,-0.10366231220456162,-0.47721421159347965
0.49353413755642955,0.8185532543040605,0.2423743980604126,0.0,0.7773802054261687,0.44092551699445365,0.08858969767340125,0.6486629425675327,0.5271190330380804,0.32870518552618366,0.2035340006311525,-0.165697847848594,-0.1058632540279481,-0.5297958976093903,-0.3375737505057626,0.19950262776540598,-0.7204105252684041,0.38754520579699275,-0.6799750103380086,0.06702159541381383,-0.27353511044888656,-0.16716681049582208,-0.24573754602358602,-0.39820281998846635,0.4149718208111825,0.03764600436509259,-0.07872119112946409,0.2577309816228271,-0.279568098290454,0.40449173347193595,0.09964875480273624,-0.010895936795931486,0.10334333899071167,-0.32274679160867115,-0.010170368863804123,0.18743155807874434,0.30101882962425514,0.05898433665522104,0.118397472773623,-0.1114090389362647,0.023316818910125093,0.3699507575246271,0.3069761748534434,0.1267879060094693,0.45348701245065687,0.23363523025715985,0.4712571041440588,0.32293462309758614,0.26849567741926744,0.08658053606482832,0.18480594752925977,0.7785517614717583,0.5837279116638711,0.902761069614193,0.5809699285945753,0.2073983967864301,0.5940311473413068,0.5588347896382,0.3786293255322804,0.12551916896076726,0.025421195637794023,-0.4842848579808956,0.16820338807738222,-0.5922624788824519,-0.682237000189876,-0.3705876732234244,-0.15226819841229464,-0.7505952509789681,-0.6851383160538395,0.1158135074873887,-0.48585136360810643,-0.3050276235083021,0.2349147480577316,-0.18431643257140248,-0.47094433807446584,0.14796840788496807,-0.19355601809152959,0.20833210487668904,0.12796953270240058,-0.08929585231324962,-0.2073868801992952,-0.04216228365588198,0.3747334389415807,-0.13752164444326262,0.08413109723128041,0.20488777085951496,0.318570677581587,0.2653031691402812,0.20040310403369738,0.07799992014992356,-0.06455493489211221,0.04681725107385609,0.04601019861280614,0.1137812096905567,0.24733130935224928,0.04350853280609058,0.2415798908990623,0.23676362118032282,0.1408080923687067,0.08420745784768326
0.5644483334081328,0.8240579373613831,0.5376460380367116,0.7773802054261687,0.0,0.7617213795938145,0.1562715935668094,0.712455653677533,0.6973083780029533,0.13475226754962652,0.09159931266102549,-0.3635140681893924,-0.37767810545624586,-0.6997007686899254,-0.6261648042003318,0.11428015459041697,-0.7811928030097846,0.6207022174798248,-0.7702263120414828,0.2715161430569319,-0.13629040439501602,-0.1642157515681471,-0.24023265646788358,-0.2689546573207474,0.29904515946414134,0.08002608097580974,-0.06256717783998833,0.31434124846733785,-0.1505705427405816,0.31306534173262107,-0.14473054646604847,-0.05525732012822863,-0.05843508218249949,-0.44030074744717485,-0.058895614417538884,0.39532138563395447,0.326671704231981,-0.07101746702363455,-0.27996544985187005,-0.1956145915366147,-0.031061632287245677,0.1294908962560685,-0.09396991672393958,0.1780517625565852,0.26238463627144093,0.007772732205506741,0.1545331640785591,0.1975901829175676,0.48538709708437044,0.0551095258785024,0.20461411786888326,0.8353388276586657,0.5500707154119299,0.7347514123844687,0.8550962464710725,0.5383352787218347,0.6635295278243413,0.6717843779413301,0.10018215903568756,0.018883548181381167,-0.20621208650581155,-0.6724135771743996,0.034668423252328266,-0.8186787569947883,-0.8431857097606186,-0.6721914551267352,0.010750887946712846,-0.7563143916469816,-0.6848370850706809,0.394415682825183,-0.5653561692086685,-0.2765103888696452,0.3897876267792761,-0.13486297397974797,-0.3475980124315657,0.13010350856067057,-0.12430833271543427,0.19476355191255812,0.13610515975023427,-0.114475019068301,-0.17386703349967142,-0.21424231466145133,0.03724678003035011,-0.24232731721827777,0.053312140775090756,-0.14072385368491988,0.4270713773170294,0.025002518636678392,0.46791452679551643,-0.0976167939491452,-0.25705037526551777,-0.008029379234576346,-0.20916744273548546,-0.10306874103288757,-0.060398616310014204,0.051294577982655104,-0.030723660879054135,0.2229529366154874,0.30422299837162065,0.09953041128052342
0.2565139537506989,0.7276184570900902,0.836212407933156,0.44092551699445365,0.7617213795938145,0.0,0.3973066364398363,0.8271837498814778,0.872841107664,0.32990792812483993,0.382918179199459,0.044930491986848085,0.017232312793037573,-0.413309608755789,-0.5307312734469741,-0.17945990499730202,-0.6084926276391266,0.6186535362078024,-0.6976751080854954,0.1662773524363645,0.16713859728506336,0.10308958505471986,0.19922944086419458,0.25666286871000454,0.3006448214001716,0.49273336879187857,0.3376980704847533,0.54719943687936,0.08950068265627995,0.47157642979165926,-0.427926714301997,-0.10973170545689179,-0.418046995186093,-0.6409915277491017,-0.21644428431508364,0.4148768774479117,-0.0021513627775228946,-0.3918217874374961,-0.5352679879074951,0.11071327983729441,-0.3946621446792903,-0.02874807344147007,-0.1837751608871308,-0.11475728138916112,0.10718318500921561,-0.39232308503983554,-0.2880715769275482,-0.3129492230588861,0.26795880326917354,-0.30189500451280304,-0.14368084653878968,0.7196253173050741,0.13359548113065708,0.3567975799397807,0.9570192472280508,0.8875338172953862,0.8082427054230714,0.8598542976543168,0.16111185436342307,0.3139108231646172,0.14692928246421333,-0.26257997646038633,0.40181419032038185,-0.5775448571563487,-0.5427113635688774,-0.5432350413545036,-0.0518642629215603,-0.6236187918966918,-0.5912387747110333,0.5298865361753635,-0.33941306026471707,0.11198706078532726,0.5273639819832935,-0.22351339024903194,0.11112481945050287,0.4200612518801839,0.1714509769465825,0.49426433249345597,-0.12443319654984254,-0.21257909400978398,0.05999658587100991,-0.6503741803052999,-0.4294196781929929,-0.4244889181223493,0.3852603090927116,-0.5569224171589032,0.28828453085435657,0.04593506623173641,0.5416864543618681,-0.2633007202099558,-0.6947747668594484,-0.2672941574691143,-0.6111966369708414,-0.4238728914086315,0.034451876168269405,-0.3068392686122812,-0.42337288998379113,-0.12487763384957164,0.12802159471873942,-0.2500436783275031
0.13272362666426893,0.42604021248305424,0.2863528793866753,0.08858969767340125,0.1562715935668094,0.3973066364398363,0.0,0.6176090418160487,0.56811594429468,0.49487900690066405,0.2595151430037126,0.10438326054595982,0.19698292464934983,0.2213243427470579,0.2790262391277742,0.10161808521373929,-0.0646195705597682,0.16755945593021834,-0.12395508723538991,0.3827448377084266,0.6296287956371278,-0.297961644060024,0.47738097327541584,0.25734613715050403,0.37090411565465986,0.19200627253147473,0.2609730298457112,0.09408942982459105,0.581145648473056,0.09991187056182242,-0.19122739432441108,0.2810006146738322,-0.07829729222541354,-0.6605593996989904,-0.6290957503713182,0.15708967422484407,0.06690675569196865,0.08957286890745204,-0.033404324676525876,0.4184434476713714,-0.002422008160697527,0.09633469828097804,-0.08618785096825402,-0.18598684119268036,-0.2819922001539029,0.09540161192904081,-0.2894299343581283,-0.2716041597403702,0.054774749128508285,-0.10216709396481456,0.006600433833169313,0.3728671644652241,0.2540549250162706,0.09560410197415954,0.3839076018163594,0.3853713107646081,0.5745859067174828,0.5872754359560992,0.4685145811195464,0.29947686813760777,0.23685507128129113,0.06123766120706013,0.30713806541612615,-0.04010353127359909,0.1029663123578083,0.2487083436824014,0.507214965903,-0.11996637863841769,-0.21782104110380965,0.47692471532388353,0.4806377888157041,0.2104357079125038,0.1936425050619489,0.24439283519288127,0.47530467960055395,0.4008325916191626,0.6550245218245117,0.28154278234542596,-0.09202329785273394,0.2384906039018701,0.24169252802262225,-0.18598535501230243,-0.4169865124262277,-0.3445256316086235,0.04025430999729936,-0.09748491645839982,0.4012825468458994,0.037459270961517105,0.46133970119059786,0.2924351628648482,-0.2798748063232727,0.06240633678885104,-0.035842565819611795,0.025765266582550492,0.16821804925368627,-0.2742158907190114,0.06965195662595905,0.0064714248456438405,0.16386481491313168,0.03066427056995797
0.3086557181743097,0.9243596387818989,0.7351721163308961,0.6486629425675327,0.712455653677533,0.8271837498814778,0.6176090418160487,0.0,0.9260833487648235,0.5615253684363627,0.49157528357012725,0.09556300560110183,0.1722211519423804,-0.33011745382206825,-0.3196868165346307,0.029573866538387544,-0.6513286450253392,0.6032368217971418,-0.7393521382211834,0.12303046062331886,0.22021533208573577,-0.009431408389196622,0.22016007952257982,0.12398035724826863,0.4564474537713433,0.44438342788480223,0.3135731409294239,0.5082269016481761,0.08666944193068608,0.5046946774812576,-0.29721128034466326,-0.02993767221993164,-0.23351070238229693,-0.7241186662807672,-0.3038584970811367,0.3092212945585503,0.03976598699100916,-0.2297195717167159,-0.21257985082650618,0.2334073375034805,-0.2987011882719507,0.1587860554311148,0.11471464050755419,-0.18492288559877537,0.23205813332976505,-0.1372019663664786,-0.017446758210767518,-0.2033028517053604,0.1385615286904,-0.28050540779716804,-0.022584868007058386,0.8854032836448927,0.3683187388104121,0.5819574727509044,0.8411958733599932,0.7279509229425785,0.978523369194285,0.9556621379265666,0.43593342102325483,0.41148944133099985,0.28040253268190546,-0.21295667178437025,0.5222289267820958,-0.5312982356111619,-0.5035548788806238,-0.317903818597443,-0.004899490905201885,-0.7148184602147243,-0.6626456995938059,0.5231244105453066,-0.22294953217330152,0.08070985494343547,0.48215996977228803,-0.23763317960985736,0.05380275213384724,0.45008503319719584,0.21546629441989756,0.5113855216383596,-0.13238041914810447,-0.14462862010290456,0.0669994220749986,-0.5002828291153338,-0.2183565830153091,-0.46347100276651815,0.360362734744387,-0.23808790658469822,0.31815512712402805,0.24306856172236735,0.4827988190014373,-0.0294739219085189,-0.5520880448976834,-0.20071856202219904,-0.37738209372991427,-0.2418893728987513,0.2773025548608537,-0.34278671897812774,-0.15418518840281048,-0.05631715146032945,0.055225404368041575,-0.22077192975366666
0.3098335420847824,0.8299475699912268,0.7665592205524622,0.5271190330380804,0.6973083780029533,0.872841107664,0.56811594429468,0.9260833487648235,0.0,0.4327046290248294,0.3074637195566773,0.010421712433784022,0.16440315452238355,-0.2945026475890803,-0.3107407714176403,-0.055631527135199685,-0.6196409092823587,0.5889864813425663,-0.7192412541366082,0.24233030556227744,0.09720525833279788,-0.12748530240667894,0.1786632988418005,0.10647087735297607,0.3015848682866171,0.3406040812816238,0.2702636827416025,0.5088355965974836,0.08430224542019595,0.4613905501705882,-0.31446952871437545,0.026013368567322014,-0.16388565587497964,-0.6430848095798182,-0.4001316573375996,0.5454155401006577,0.16612303187323257,-0.13921715936678822,-0.195370163488691,0.24108429220280292,-0.17835765973070322,0.06460876567398705,-0.0971560869926891,0.019562495399651898,0.09400573711052342,-0.1290264394972008,-0.16992151414056159,-0.19352916469604659,0.34584883607858863,-0.09166625682462662,0.0183418862220425,0.8048775425650748,0.3561702115656123,0.5175825427066877,0.876235943129558,0.8492287253109139,0.882595919687135,0.9790852897376445,0.31551008000286146,0.3062922145540286,0.18279869899222376,-0.17398862836860893,0.5238241890635238,-0.5008614400008691,-0.49612451354168274,-0.33899322644430996,0.03141174747098255,-0.6507560444051749,-0.6727187091100664,0.48271861867124943,-0.24663239238027557,-0.03438610634787502,0.3334636576549978,-0.22572378125222986,0.040469771763388944,0.3487464722488761,0.21962729457947555,0.4415030230259106,-0.08011473597265435,-0.06164440537997647,-0.06605686466380324,-0.506160282637017,-0.4123764390941582,-0.57377058779198,0.26264738811262694,-0.42424291781040735,0.399598335172262,0.1698345144081136,0.6693138854390749,-0.07428953161778251,-0.5287374791387475,-0.01995271193046956,-0.3481155651696502,-0.3388241185540938,0.10222065328839025,-0.19102680252511964,-0.18983433583365938,-0.08877573180915173,0.24442394352795643,-0.0575783634755848
-0.1815417842181708,0.45293821271409346,0.17157833688024202,0.32870518552618366,0.13475226754962652,0.32990792812483993,0.49487900690066405,0.5615253684363627,0.4327046290248294,0.0,0.7820384904803198,0.6941732291108369,0.4824175974967181,0.229887243460472,0.2760759878930661,-0.36579927182559374,-0.33784250254233283,-0.11730017428670854,-0.3637691442029577,-0.08693534105426898,0.24356373400206688,0.12771636853301116,0.5030841410531242,0.43896190707903243,0.7946191691360464,0.612544424479485,0.5106982859359063,0.49567367245519595,0.15661874573452186,0.7258212261688202,0.024012196974693503,0.3621978127743273,-0.02753542621578489,-0.5755751414744936,-0.3385071520722364,-0.006652151085762289,-0.07314204812932538,-0.06399636688527229,0.21521450210915766,0.5459784698694019,-0.4182562459135221,0.49928476118108517,0.5743566646432161,-0.43266672976457987,0.24557508665318778,-0.013403761045337784,0.015036116949509222,-0.43904742171505484,-0.3574903683617025,-0.38214795012936165,-0.37321910171732176,0.3913296558706469,-0.054306909816260955,0.25118924380477714,0.38276168735073646,0.17488127680068144,0.5645153018346547,0.5406401286578655,0.915686151500484,0.7976536504330431,0.8120330324111277,0.1485661794107762,0.5809406354270727,0.09287102670037611,0.0434741034477973,0.2621093336880684,-0.20221121417918658,-0.4461573380272118,-0.5158587324977417,-0.1019751280591727,0.16095723335140524,0.20248431622619734,0.03608748638939781,-0.15225441277071464,0.3527572884673086,0.8338394324477627,0.40452580376757136,0.7073917862720748,-0.21364588236952584,0.14579072269059704,0.12407360020312726,-0.4891806648692222,-0.10864431997300325,-0.3732636172934734,0.4457369222513235,-0.074125053670628,0.07016645930943091,0.5032699800545203,0.04678803588465603,0.12299809129536314,-0.3796503492087556,-0.16159707048484337,-0.1960708389012344,0.18647243754803625,0.7483532552298382,-0.5362131943293932,-0.004671626567974682,-0.40880049240847016,-0.3421570853116116,-0.3786115945387319
-0.3765305856629435,0.36611713751249797,0.40890118383303425,0.2035340006311525,0.09159931266102549,0.382918179199459,0.2595151430037126,0.49157528357012725,0.3074637195566773,0.7820384904803198,0.0,0.7737406097852546,0.525989174182081,0.17408960202609686,0.04525061213484813,-0.28637574368517693,-0.26224943048085697,0.11722526993855834,-0.28038811891451143,-0.4432003753925694,0.2677325560809074,0.5675591283503794,0.44709516666318283,0.5446657211921677,0.5501097580752182,0.8005126583105672,0.5393105712991562,0.6043496154899345,-0.012550856043184002,0.6906982591320617,-0.11947316885590253,0.022443814549003828,-0.359979738209363,-0.42391088792846765,0.011889674727445572,-0.26876998782759026,-0.4219846598945266,-0.4464747705387047,-0.1061173821553341,0.33665587222652976,-0.7810234630177556,0.28068354875233337,0.576030683761025,-0.6306113890591867,0.36708949137414326,-0.34775050306899147,0.010411026333078907,-0.6139573078096613,-0.587968234604648,-0.7330424617763639,-0.4994195343092915,0.3777548746471922,-0.2603327610909207,0.10362132771257963,0.3722519517667988,0.2735118683398697,0.5570170695275855,0.4280442153705873,0.5904543741030276,0.8186827132539225,0.813697871630863,0.21579136520864572,0.6330089454991906,0.12745348914549529,0.059738454923235346,0.1079047908507277,-0.47769267065776705,-0.3470826075861421,-0.298135978534732,0.044236765470003145,-0.024477454513030857,0.40728391384074725,0.3039287962489855,-0.46369906877554884,0.3081585343178376,0.7086562060354976,0.15600268408875909,0.6971135345956468,-0.2770103042286259,-0.16636011430633843,0.1799915182992944,-0.6919086226492225,-0.10483911033783577,-0.23958523578068774,0.6254791926367463,-0.23246028637671512,-0.31272600627258446,0.4724776930796366,-0.27073180876940456,-0.284192372460013,-0.5742177226944845,-0.5527327308835213,-0.5210316296011364,-0.12664283891517095,0.6673162794203287,-0.7202068329316339,-0.36300425292265803,-0.5807459720585106,-0.6399311900616966,-0.780224917677198
-0.5050808969467593,-0.05959669227915135,0.10631651528510767,-0.165697847848594,-0.3635140681893924,0.044930491986848085,0.10438326054595982,0.09556300560110183,0.010421712433784022,0.6941732291108369,0.7737406097852546,0.0,0.7605937054512878,0.5802643354275216,0.37138537402602134,-0.529922523814495,0.16032905199236303,-0.3533546272970406,0.0853142500105641,-0.39394600803479524,0.232880749302486,0.5302153069526222,0.6437723741933143,0.750799301932632,0.3811002604131261,0.7703575039919517,0.7045855781770363,0.5130326588327427,0.14304137182231416,0.6039812179866083,-0.20355388188880422,0.0016818367185474283,-0.33789318761162546,-0.2540896263064592,-0.08303874714845119,-0.2139692879558898,-0.47390499117708645,-0.3982179272386818,0.045614007939646435,0.5177826351335036,-0.6166139902463396,0.18134750710861758,0.5339450252054063,-0.6131198213169297,0.29192868583720105,-0.32406258908377444,-0.19028800275080313,-0.6645902542501209,-0.6225599512559101,-0.5834477514955758,-0.5573869775455071,-0.08821743498820882,-0.6258744765296772,-0.2700410297166216,-0.031161513010931848,0.08177014383967877,0.145169300195184,0.1273293996522118,0.5629656806254955,0.7053699883858627,0.8932049937647762,0.6128017954549301,0.666267944388844,0.5391490135904419,0.49064625755179425,0.4376482226701989,-0.43158495853746115,0.05211913640717847,-0.022085573394644672,-0.2770899314744819,0.2674606279006641,0.5362310410094963,0.05255125257887819,-0.3068998363990572,0.5727494318625944,0.7213774106155597,0.34014057826612504,0.6879260529524202,-0.5327025147913652,-0.2059673537936912,0.2870086959924413,-0.5753922752980083,-0.19392016032336287,-0.19316650485954537,0.6577777349565787,-0.22437378768900876,-0.349206317487623,0.525661766062599,-0.268748232477821,-0.08440447755229309,-0.45753986308653977,-0.47721296194430296,-0.4127507807981895,-0.10093321472282622,0.6547834050130297,-0.65222809939625,-0.2780510736251395,-0.6161939777265775,-0.5585256275083254,-0.6405150828387884
-0.3157114462679349,0.04492227643872421,0.1865868522277039,-0.1058632540279481,-0.37767810545624586,0.017232312793037573,0.19698292464934983,0.1722211519423804,0.16440315452238355,0.4824175974967181,0.525989174182081,0.7605937054512878,0.0,0.5864914788016633,0.4314120684095264,-0.2387579266663327,0.2572607197740415,-0.17629862786601236,0.12307813268461693,-0.27669947737281864,0.11122146043994052,0.4431124285587693,0.6118639182223565,0.520282672144301,0.10398622221768147,0.545504771704315,0.5991233031578115,0.4190629565520114,0.1445348535280281,0.45495717776687866,-0.23406800366064714,-0.10899128633292834,-0.2878525804544702,-0.18020063413327306,-0.061143362355118296,-0.13434596647087724,-0.4126837448752479,-0.3075269166814387,0.16672290216574437,0.5677338597136264,-0.3566054278182914,0.0014229573530706765,0.44293616474849623,-0.4320277645148664,0.25473350011668416,-0.19042894773592883,-0.10761384031880718,-0.4316885983087001,-0.4109859414900906,-0.40949827348912166,-0.22303358681507857,-0.0016829258249003805,-0.38756296817048264,-0.14970392226388804,-0.09125995792890158,0.19312707065100643,0.1887815126691307,0.22973711607875535,0.37678065061628624,0.41373852462412725,0.7132971592709136,0.8452386420387394,0.8175783116273609,0.5021127716742497,0.44871709492583084,0.49119940237090776,-0.28478839079122725,0.10398391394799746,0.007765773083376692,-0.11576842889813861,0.29128911424773823,0.5221518209204561,0.10759039201497127,-0.2513020697849918,0.3724977422622471,0.3854414698662058,0.28285773363124583,0.5021933975679613,-0.513780081591094,-0.2056781051834447,0.23786063248326272,-0.409236555076236,-0.17205667105463301,-0.15400241844539836,0.5556636014434114,-0.15780513403078072,-0.3135893910039881,0.4597058143250109,-0.12261328326986533,-0.005123639059427936,-0.30904940473807485,-0.30907633649409105,-0.2571004909148331,-0.27351321807197165,0.4994516209042879,-0.47135996597958846,-0.14536438020853082,-0.3670837919975631,-0.3011067090579744,-0.45173171743076823
-0.35230185473788656,-0.47531019950697345,-0.36571414230602733,-0.5297958976093903,-0.6997007686899254,-0.413309608755789,0.2213243427470579,-0.33011745382206825,-0.2945026475890803,0.229887243460472,0.17408960202609686,0.5802643354275216,0.5864914788016633,0.0,0.8576214605762688,-0.12202338034310474,0.7209799946958697,-0.5695489951781479,0.6989838049431913,-0.04644127270273475,0.3534127406603765,0.05384196411799571,0.5720052104072071,0.46169691623523124,-0.022305722122130354,0.12925217888185453,0.31636197974122615,-0.003340851122009799,0.4227317197821823,0.01693720600534177,0.018337505382464703,0.1690743288194261,0.0013956296099468263,0.061849987815307074,-0.3015883008620552,-0.17537605363440206,-0.12887133253106392,0.1273841133651019,0.34053014526499914,0.40931698093584723,0.06195135468715613,0.06574963127378568,0.1685572483148969,-0.13734888450516097,-0.11827845898410384,0.19727663839516518,-0.23057864490634777,-0.28039715273434124,-0.253895921696438,0.024740638867038617,-0.12479714954859833,-0.4796064288999218,-0.4165907802842383,-0.4802234509971261,-0.44858184031675513,-0.24043982788305998,-0.35473032292236667,-0.250913776096904,0.287849592439621,0.11856264109498077,0.4281029607081143,0.6760808055931257,0.3774015676718867,0.9134392510886232,0.8777544146439289,0.8827818865016964,0.09691808776556746,0.6702463729154688,0.3925396285536989,-0.3044825682066709,0.7354634664080347,0.33541976049390787,-0.32531454661590925,0.07880007631450722,0.5767583916351802,0.2537883697820336,0.4787449604087013,0.1474203197651874,-0.28908860931846386,0.11913492012180733,0.16534541882319168,0.06839828787921515,-0.21452101128013892,-0.019954969479264496,0.05691046690796797,0.05793466848017679,-0.12198219847778553,0.34346041249470843,-0.16128341204582905,0.2686464559716499,0.1335722885152362,0.031502553598291,0.21594092359648068,0.13993965831191882,0.2338341869082767,-0.08526638284285412,0.20934074711131187,-0.2523060612240265,-0.06654824690758789,-0.005433754977260619
-0.17959993405870792,-0.3719638466243381,-0.5642051829168454,-0.3375737505057626,-0.6261648042003318,-0.5307312734469741,0.2790262391277742,-0.3196868165346307,-0.3107407714176403,0.2760759878930661,0.04525061213484813,0.37138537402602134,0.4314120684095264,0.8576214605762688,0.0,0.09327272216626621,0.5831694196098133,-0.6233250261806575,0.6205096681176651,0.05330971507941324,0.24263711210082656,-0.24508464608200273,0.40541550574290175,0.1583721165779247,0.12838187241842738,-0.14842383788101013,0.0486648728776102,-0.18445270727769392,0.3997952255047453,-0.04412314416489267,0.3206102094358313,0.398867724661958,0.31670556934869104,0.048874596643854566,-0.39269291688301583,-0.24574537417361186,0.05921510057361126,0.40336036915613416,0.5769901934315691,0.352384037897755,0.2918835994206027,0.2612351419194492,0.2575059343159609,0.05262387415403621,-0.1401074886101669,0.5067307823869542,-0.04214995072466307,-0.013212715062314823,-0.13709422427174828,0.22205397453927156,0.12630629805835406,-0.38588260334686336,-0.05259619741386577,-0.24059633019106225,-0.4748760325745153,-0.42897119661157707,-0.3652289337469645,-0.2767125552764712,0.43372660201703017,0.06995099053847453,0.33343369473976947,0.4956402974257125,0.18929329942479603,0.8049411314517819,0.7762580987660088,0.9740860641171838,0.2703209493523419,0.5384154437693097,0.2432794432382133,-0.3581500278181021,0.8074610746985943,0.09469745667566085,-0.4649520417519969,0.28642992773612125,0.3494134178592185,0.1594642014372321,0.43975770018238897,-0.016977293495623793,-0.03883089142288269,0.39062725795885983,0.0313047518202339,0.2957504541263294,0.01997165552235362,0.05179440123837287,-0.2371422847254472,0.2860404160665941,-0.024499882343366215,0.31110207195115236,-0.18627742614389944,0.43578504896693965,0.43026078463418943,0.3153222061490401,0.516331846232679,0.45248889171477974,0.26236590667469645,0.12890714610398377,0.5031678072002637,-0.045659788835184865,0.06693369057430375,0.21900083663646464
0.4886032102505756,0.162950776944955,-0.06918857543504231,0.19950262776540598,0.11428015459041697,-0.17945990499730202,0.10161808521373929,0.029573866538387544,-0.055631527135199685,-0.36579927182559374,-0.28637574368517693,-0.529922523814495,-0.2387579266663327,-0.12202338034310474,0.09327272216626621,0.0,0.15566680864532406,0.4325955216381562,0.21103148866829088,0.05653176331611159,0.1263323474411868,-0.24855916272166026,-0.2645867930315377,-0.5473894754063966,-0.33064705810503286,-0.5376787534748285,-0.5747217567109392,-0.44164161930148504,0.02967643167795489,-0.5467917344482233,0.2653819505992014,-0.1684428494969961,0.20121643226616304,0.19820050230454375,0.0975493852062116,-0.28996682805807295,0.08949376109796714,0.19192756482013867,0.0383986694672021,-0.4770636277887902,0.39727399185649565,-0.18454896756637712,-0.17743560368459974,0.3273848070687887,0.05959312977142822,0.3625972030879426,0.22095167874307617,0.5282613799336113,0.25824021618611964,0.25173277704820374,0.7135136173695504,0.19068771693151432,0.6538803845473258,0.22558383019265213,-0.08552591850312215,-0.1002665090927534,0.005705629362619209,-0.12147361767877314,-0.25497240854845715,-0.479308735801176,-0.4219134980580857,-0.21688510737320327,-0.26999698597898397,-0.06701968518737912,-0.01248964281288795,0.10362996734248307,0.4409548699726621,0.19409634699102768,0.2637595571695144,0.4818807379412506,0.16843840524848935,-0.13460402204705674,0.11486908678053605,0.13894215022080436,-0.38258194309400395,-0.573445135852338,-0.23053272422601928,-0.5905309451339512,0.36635304719975953,0.037517548020105936,-0.08231099696814625,0.563817610660455,0.4652375517782139,0.4136053060658165,-0.5398867698207862,0.4178567204944237,-0.03890749018393411,-0.15859118509378048,-0.11606290623812404,0.11322102021824604,0.5202800995595889,0.16718911987864482,0.41874115846049853,0.08290324799290284,-0.4235469550282028,0.48514091643549145,0.3406715793615855,0.5526556775163364,0.2842727610948795,0.3088625277302075
-0.2085737706012262,-0.7501723466941019,-0.46952974425251565,-0.7204105252684041,-0.7811928030097846,-0.6084926276391266,-0.0646195705597682,-0.6513286450253392,-0.6196409092823587,-0.33784250254233283,-0.26224943048085697,0.16032905199236303,0.2572607197740415,0.7209799946958697,0.5831694196098133,0.15566680864532406,0.0,-0.4641585388848554,0.9311839665022104,0.0529527387703961,0.35823186183740235,0.11411899882688445,0.3447910137450707,0.3115139960644442,-0.4334056226325093,-0.1288461734051263,0.08956743451796438,-0.38227340613237465,0.48173698012499055,-0.519701978390504,-0.11348962807392696,-0.18645637484921615,-0.16918685259229574,0.336012510571216,0.004771640443867922,-0.34940464661892834,-0.28481412294534647,-0.027122357207118485,-0.0028644294297172548,0.05599165569002493,0.21121967312180184,-0.36250714699716796,-0.17426011488365545,-0.13196534920261363,-0.24448242780355653,0.009416669448571616,-0.34952578602427337,-0.08404163976491003,-0.2271605652907002,0.03412347075082275,0.1337715037544732,-0.7563330101735871,-0.4456305252586557,-0.7586113944800903,-0.7064920797878824,-0.3757309035113405,-0.6652419406975942,-0.633297249722141,-0.26207675177402967,-0.37727654462874827,-0.06822842241377344,0.6276627512641942,-0.11098816363160989,0.7145085123073041,0.8312262837097135,0.6100622211640165,0.3292018668697792,0.9591671371035214,0.8456755774626347,-0.08369831869492454,0.6907833266561523,0.48093001551524933,-0.166716275748759,0.36770080138676925,0.4757911731778551,-0.16850907348421892,0.34449902668962784,-0.2714988304499437,-0.2421500365939012,-0.06258324554273918,0.4217221075412938,0.3688943937119171,0.014845976170734758,0.46758042260288485,-0.10508421877614901,0.19928789800615684,-0.21082783668367092,-0.08434561668503389,-0.2534559839754722,0.27924947214946017,0.32530341111038097,-0.0631111539910175,0.22869395943537787,0.02501141860516036,-0.19525955059181643,0.09482824554990021,0.12687463223380147,0.1257713561682765,0.0011661711310435685,0.09853897124281472
0.24841528128356402,0.5886982707323655,0.7478780162370414,0.38754520579699275,0.6207022174798248,0.6186535362078024,0.16755945593021834,0.6032368217971418,0.5889864813425663,-0.11730017428670854,0.11722526993855834,-0.3533546272970406,-0.17629862786601236,-0.5695489951781479,-0.6233250261806575,0.4325955216381562,-0.4641585388848554,0.0,-0.49464062921236795,-0.03853867057263835,0.02243039836540783,0.19107618709897164,-0.2013469421556126,-0.24226832074845142,-0.2325578022816097,0.09650624082783026,-0.14999117687349947,0.2133395843209705,-0.1946728198084499,-0.02146315632292815,-0.20221105033971912,-0.3201273186276837,-0.25384505486003395,-0.06464058259961028,0.2571505778723979,0.19058815568607493,-0.001353203826476494,-0.31020743769131254,-0.44448272426084057,-0.3394534197569338,-0.24661739488883452,-0.34409948462184387,-0.3013747945909442,0.020518380927682305,0.1530697254816769,-0.34826452534437735,0.00928831522156771,0.028617970744629993,0.1793262953206221,-0.21478557013879368,0.1664527271158129,0.6101868235030982,0.39470150069279775,0.31925057304900106,0.6070312223437887,0.632917234624611,0.6322616969614926,0.5185034387676783,-0.292719293557342,-0.031877719468389194,-0.22362236724773732,-0.3285996702165157,0.11848358151879147,-0.5836026509987737,-0.5661103079239163,-0.592417516419785,-0.05662326381164776,-0.4195204959401354,-0.1723171740816624,0.7864209288022873,-0.44107163991570203,-0.018014791905826697,0.5125482538379532,-0.36788861568314596,-0.36752034667761757,-0.24125061155894612,-0.3328742183970971,-0.06822885713356508,0.18097572622846442,-0.2544003821791785,-0.10457057848028183,-0.2572734823535181,-0.0683609477343838,-0.05637485048561747,0.06942804899847563,-0.3267957970540596,0.0016298433151147168,-0.23084322653837197,0.2442980037236472,-0.49896188148565784,-0.3514071375969621,-0.17804049109116876,-0.3983808481716539,-0.5684452141396935,-0.3815342251177827,-0.07329326627081606,-0.43804165702998465,0.05890043164444667,0.0057586650417422725,-0.2184187935651865
-0.23643703742183533,-0.790535902649848,-0.6143101914267001,-0.6799750103380086,-0.7702263120414828,-0.6976751080854954,-0.12395508723538991,-0.7393521382211834,-0.7192412541366082,-0.3637691442029577,-0.28038811891451143,0.0853142500105641,0.12307813268461693,0.6989838049431913,0.6205096681176651,0.21103148866829088,0.9311839665022104,-0.49464062921236795,0.0,-0.007721168938834816,0.3092155257668952,-0.008178228504900346,0.20393222140918452,0.1429465737773224,-0.4113898424815485,-0.2807224083070979,-0.0982363517694523,-0.49272010870719757,0.3753282900529921,-0.5083221393059459,0.08933154129255166,-0.0903535318684581,-0.04684111801690857,0.41543384349579415,-0.012045028501483507,-0.41403585541229043,-0.20106807044327138,0.0986900005167723,0.08030878850315304,-0.08948302563633792,0.23297275319372782,-0.23282693465331875,-0.16903587170406628,-0.02641360217955307,-0.2913448216726531,0.1360505149323969,-0.2498563533101883,-0.01736353607855152,-0.1948741366493681,0.13028689484974595,0.1385523323683761,-0.7563940363836936,-0.3108536017351518,-0.6673950014181398,-0.7412384754775057,-0.5183069661742242,-0.7466709526489781,-0.7342250882190527,-0.2666261087959488,-0.35784991283137413,-0.09003291523410409,0.46470345619425424,-0.2225140960062026,0.7427214059680863,0.8343826977360844,0.6287748890243425,0.32760623222044455,0.95322231646707,0.7955398411132371,-0.1607608276263097,0.6574886498348995,0.2829193710145008,-0.2536750348330255,0.35287375692626394,0.33841763964462124,-0.26143192093741613,0.2008966720250574,-0.38155107648520586,-0.03894197444657142,0.06113016978654561,0.18571765528333634,0.41808706627453873,0.0503331740071272,0.45005662866642093,-0.28385859999355556,0.197107659775549,-0.2564780834616143,-0.17561931003563502,-0.37375398107430513,0.17630016790542277,0.4297798523358362,0.035833576356724725,0.3125095054450638,0.1581972073679388,-0.22782080035548188,0.1665488933524182,0.1848515005885841,0.09008273013216463,0.00577064605157717,0.1482040391575596
0.43011334558761166,0.14302616037910162,-0.09790208255688179,0.06702159541381383,0.2715161430569319,0.1662773524363645,0.3827448377084266,0.12303046062331886,0.24233030556227744,-0.08693534105426898,-0.4432003753925694,-0.39394600803479524,-0.27669947737281864,-0.04644127270273475,0.05330971507941324,0.05653176331611159,0.0529527387703961,-0.03853867057263835,-0.007721168938834816,0.0,0.10018061592445149,-0.5288886727363139,0.1581803228123011,-0.0730399530441144,0.09046319368006718,-0.22033342932024705,0.0610922962758824,-0.09654718611076059,0.5914679118117113,-0.1630267244627844,-0.19583810761869497,0.20770004720968074,0.15581661659318963,-0.27071690575857416,-0.4150546910058677,0.5473675656814583,0.5202829598263866,0.3271008292097507,0.02849154277271881,0.23650458933587964,0.5532263206570542,0.020289346916527513,-0.3420554405678565,0.23747340993871813,-0.23525121808010788,0.26773888852456473,-0.31117918287063906,0.1843299507162098,0.49761355087185655,0.47275601738714257,0.45860750942574013,0.07548212435579299,0.271533276377349,0.062465419869481474,0.18415098840580674,0.09717807248651367,-0.014308629641965028,0.18049213229984493,-0.00967969943817146,-0.39948751223202167,-0.4268486107996293,-0.17166077888420148,-0.21010815206090633,-0.31245827002485765,-0.16718273590075755,-0.054017231112610795,0.6527361266088777,0.010008830022402165,-0.10758900581333088,0.20255882287100288,0.25502898320082584,-0.03422339312059121,-0.09825738344025427,0.682643337536429,0.1714596593556563,0.08443520844528415,0.512020233561011,0.014602964380867221,-0.010949583524821307,0.30698465787048385,0.18352797995841863,0.23543195682439397,-0.15353930580995853,0.03696366788726877,-0.206627326079225,0.009589399921492906,0.7509600293237749,-0.12486446048021574,0.7592391154289125,0.5465008466172434,0.1877874703357622,0.4416506201384972,0.28955237421080565,0.22807826192503644,-0.18083020348120515,0.2684842009321794,0.3244243269866149,0.4115046036771587,0.6124876470481923,0.632312875728156
