0,1,2,3,4,5,6,7,8,9,10,11,12,13,14,15,16,17,18,19,20,21,22,23,24,25,26,27,28,29,30,31,32,33,34,35,36,37,38,39,40,41,42,43,44,45,46,47,48,49,50,51,52,53,54,55,56,57,58,59,60,61,62,63,64,65,66,67,68,69,70,71,72,73,74,75,76,77,78,79,80,81,82,83,84,85,86,87,88,89,90,91,92,93,94,95,96,97,98,99
0.0,0.8036341308983374,0.3600975992795505,0.7612981480739274,0.4612743969734989,-0.07374744561164462,0.8575016011796479,0.5213684205194146,-0.032695024980855546,0.8897287516188291,-0.5312815406162846,-0.6213011058377247,-0.36683730358074734,-0.17749302645299755,-0.7168664942674724,0.9440119316716016,-0.6548768203096876,-0.2888940546826038,0.19227728322901355,-0.278591942198742,0.37388470153206554,-0.40284264720411267,0.26962916431403705,-0.7056952910660204,-0.02054190212380384,-0.503897600558975,-0.3086920641609106,-0.5808681914688312,-0.42943584546921415,-0.35733330205674657,-0.8754470214450362,0.8664456480127795,0.878002895510192,0.679269172006291,-0.1858190476516543,-0.19057159008235555,-0.14868565707241765,0.8435536280741283,0.9128998645240011,0.8704186203227205,0.43947088210567165,-0.5091529457635567,0.4957557338604579,-0.0664039887051868,0.6488743411558433,-0.3624356686160572,-0.24003727954449713,0.0033578984437047195,-0.11158632728338659,0.09048591850033251,-0.8009786716293786,-0.07844339416680625,-0.6921350365364766,-0.06053481305513803,-0.19144519054305234,-0.4443427781405988,-0.37610695500500374,0.35672445193796076,-0.5743873504977458,0.7890368801610681,0.145549113421644,-0.29347927463566936,0.07170911746714413,-0.20394957073619255,-0.7728825244148683,-0.7430960586425004,-0.5125186828849396,-0.6851822224222126,-0.4364030110287432,-0.2740806887655298,-0.6539356805312427,-0.5881488333295596,-0.5077352901970054,0.1108893160525732,-0.21011916367825306,0.4980010238659728,-0.5838744970017475,0.4605134614458683,-0.5997235997789292,-0.84237718064336,0.04954000031069259,0.05491802359167862,0.6565546849659404,0.8794066827147585,0.7759969227110807,0.8459545692325126,-0.2444093946749898,0.15567918573634998,-0.2287790732287253,0.06121652999595715,-0.826029741042847,-0.773754293571071,-0.5861463528324847,-0.5801687790222602,-0.6273156359960838,-0.12911325427007256,0.7650237198662171,0.5601269628111482,0.04727906122928902,-0.1615736527215662
0.8036341308983374,0.0,0.6255577113677696,0.5702296047654981,0.8419095444557141,0.2373614062552096,0.5824450295066737,0.7686256245352707,0.36514147001155034,0.6681876446835955,-0.19363424350505942,-0.21848880987930633,0.09350419523444052,0.08225279251320161,-0.44658848573752896,0.7069374681276045,-0.3280632887961446,-0.2284898879744678,0.3120367264766984,0.03429268984648355,-0.025491709866665567,0.0526182780785264,0.3840454751362467,-0.40981282728185414,0.36221315583669517,-0.0349248123211111,0.20897148014896993,-0.1388692836185955,-0.19030488629394643,0.03754270990229407,-0.6180295245724325,0.689083338636933,0.5477236535934348,0.3498301430095349,0.3307948486500647,0.07292680840525968,0.1243741455900249,0.5578839094680029,0.6338522082000997,0.6455926972030264,0.2100886729494725,-0.01088978459115032,0.6634404456129694,0.35311099058168527,0.726540094632197,0.08895999190178545,0.1739913308951227,0.3625582225689495,0.192834271800748,0.19226081466297976,-0.500587703100238,0.3712576205905667,-0.32282730389247927,0.3704597197559338,0.2075446000736293,-0.10030809971603522,0.0976700448591271,0.5804736291826352,-0.20897710435836658,0.7110892795550869,0.5041532983751237,0.028811620450246368,0.2223024116748566,-0.04158806235801195,-0.6548785028982729,-0.5011925148706103,-0.3401289523427474,-0.4217319299613097,-0.44690399323410224,-0.22986792106876047,-0.5169858471235577,-0.19350323944521175,-0.235703540159894,0.40989809177120884,0.12726757253294887,0.7610119080166089,-0.3567354908357046,0.5301117235281595,-0.33031936276983354,-0.5456203207855225,0.08239113517733417,-0.08447794127269441,0.6625152836701705,0.7452413100856949,0.49915624875370335,0.5660179010166618,0.054045250116296295,0.5026016949127375,0.028874722272053965,0.05977447413712095,-0.5313703997744967,-0.4393846357581548,-0.300496962795334,-0.15448010195846326,-0.19546083627484598,0.29689327478323146,0.5434860361109886,0.6606636264455347,0.315311923860515,-0.020788449459001233
0.3600975992795505,0.6255577113677696,0.0,-0.11843265263228518,0.7049618583460847,0.8135495041111447,-0.044529493524385594,0.323201693703156,0.7891837045342256,0.21705472616526933,0.26475045682688747,0.28067332129811434,0.46900364921728205,0.25653846670045843,0.18402236530200924,0.16325949040018034,0.0552738090507002,0.35843041661406355,0.06489516042250751,0.587634420772419,0.19559451499725442,0.44766801734184763,0.5310196061410054,0.23161905066617458,0.6482840626063521,0.40267836804643126,0.26993975492043787,0.2980763931568485,0.5187369238647936,0.30431603884587805,-0.1464815214621035,0.07517396887020786,0.016360178472775468,0.32576790089209634,0.5059930320329395,0.7155779171621576,0.6615105712406706,-0.11884032776451048,0.07821119289582601,0.0767747822641064,0.000837433335099025,0.290675373332216,0.34961152777341015,0.44024930562702197,0.18363975876895267,0.009399249353564622,0.18388371214351112,0.07621226958385925,0.6712853821354228,0.3631286727768797,0.03244282298738795,0.7104303933675453,0.13338844359131385,0.013187782584812437,0.7721526214109724,0.5733151578363678,0.3764429567924447,0.7546798644998363,0.3019778309338451,0.3474824175844834,0.5288015300827398,0.5934981233351994,0.6079169294578881,0.1869178581043221,-0.03882521563773335,0.1622026553609667,-0.17799746441638298,0.09554963704426483,0.26702399077940003,0.4514037707902463,0.19976925280241614,0.2508898421336641,0.3368724777448533,0.2588996684149148,0.6216650862915415,0.5994459782688522,0.400217720046144,0.3402557709435108,-0.2849218720535179,-0.044490748568711,0.6837705478249814,0.3513510883451824,0.40315499224762336,0.20197046877235172,-0.09691656087559379,-0.10443857878621919,0.6204643623908453,0.48283979847207054,0.6071820368132456,0.34530981243218384,-0.016287845677007504,-0.02676698507201087,-0.07945390930693637,0.1860569041873919,0.17550395233123936,0.2060567108013532,-0.16766826110360072,0.025060782306757994,0.7138216012073256,0.19381416029630844
0.7612981480739274,0.5702296047654981,-0.11843265263228518,0.0,0.2632798884277733,-0.6129934925105813,0.923556831232454,0.6391582850351859,-0.4232882510661546,0.7111019026725764,-0.7744113022726106,-0.84912401465103,-0.6802739013746816,-0.516208610205973,-0.9547578199948547,0.8660720198064465,-0.8130983929519511,-0.6468890097668423,-0.0028078574318392037,-0.7556726606840835,0.061796474863405004,-0.6590209699295095,-0.14027457874706645,-0.9369512404676171,-0.41708558095603177,-0.7041068969367953,-0.3529035809701914,-0.8061695788466519,-0.8657962218652507,-0.6640708389515453,-0.8788568554736478,0.779298712858944,0.8942864657744787,0.322633659936256,-0.4237223614844861,-0.6633320812193648,-0.6662739305732043,0.9427680199980076,0.8401019953781127,0.8048384770229148,0.26719031028514706,-0.6447684895078831,0.2540496908090485,-0.344942781211881,0.6880649755581316,-0.3306207488109559,-0.36210394849124306,-0.04344672698878471,-0.638353215441638,-0.34158027387952566,-0.8943432874246992,-0.49711365558474346,-0.8258780905957284,0.20929443727123623,-0.6516124572607805,-0.8286331773919858,-0.490337884160178,-0.029134100442184743,-0.8389128723686299,0.56848307243021,-0.1696937126640905,-0.6791289170572213,-0.46177812480658875,-0.4654052562976127,-0.9024652291800055,-0.9673907715702817,-0.5198555699089499,-0.8625191717366205,-0.79958343067134,-0.6597181575924719,-0.9320156318689776,-0.8247394371599696,-0.8485016695440785,-0.05765375079602427,-0.6704321144665549,0.22269596709405273,-0.9303968075383362,0.16514309685623818,-0.4792748849481733,-0.8981340852755596,-0.4730508275262811,-0.4254391039316972,0.473461701099308,0.8608815354418169,0.9559267521270213,0.9384181232909872,-0.739778907388228,-0.09359461040806714,-0.6952228851189248,-0.36795934957003174,-0.8812967307130168,-0.778426763353796,-0.5811928054642859,-0.7193069316200416,-0.7357874373291201,-0.19324121852994855,0.9563219882501242,0.4978223196520001,-0.49146748688908937,-0.5024406859405007
0.4612743969734989,0.8419095444557141,0.7049618583460847,0.2632798884277733,0.0,0.450635763980022,0.19319240220101883,0.7338593070246567,0.6560076387604221,0.3669385508230688,0.19221296826705375,0.15047989738452708,0.3973885387692093,0.23703742922567608,-0.13968586616265619,0.32449414871659316,0.012408779551855239,-0.12135689198799895,0.33707580775814816,0.2219260181240857,-0.31431178238811686,0.41580064803237576,0.29914143112455527,-0.051355634003754286,0.5764648423912495,0.35655675682620747,0.523286082263449,0.22425191174691128,0.0541641073683925,0.27722051906626943,-0.31752718389959816,0.29685667194603027,0.15609279732919296,0.07088363892920986,0.6140070661412856,0.2724644079449448,0.2845955990524957,0.1906526772567115,0.29600598682542606,0.35021063647048584,0.07340910176596681,0.2883942698016191,0.4800326952399172,0.5089130426467965,0.5063025200498474,0.35811957919237686,0.43077462596458815,0.44952896127918857,0.336278726241367,0.19760076202339907,-0.1291540377660914,0.5841198189304617,0.016631595263303017,0.5347861700526864,0.5020873898317011,0.21529349632756548,0.35886584150574924,0.6146762542146024,0.16080001179049028,0.5129269203648733,0.6681315657425511,0.23819977650581475,0.21007780013722724,0.05368957858559769,-0.4027419985325215,-0.20284703171922397,-0.13066264129144842,-0.12836026490620794,-0.32491242707477846,-0.12243324978489355,-0.27312575595355054,0.1392416091645548,-0.048124695055484244,0.5410374252744823,0.3420101532262676,0.7747231881637349,-0.06463384251151166,0.4030554474408071,-0.08399307816621197,-0.17630262251276524,0.08205375567468326,-0.10587651576044678,0.4553003762241259,0.4269644004088342,0.15242744436490246,0.19044465147315182,0.26778049085595673,0.6206947040167603,0.18429176994501892,0.09470803280942416,-0.1435211095066024,-0.04398915028216437,0.04553532533783073,0.20103363380929062,0.16029802533696869,0.5019287244956672,0.19555239277928485,0.4661194661132121,0.38340381769542414,0.06316178719828856
-0.07374744561164462,0.2373614062552096,0.8135495041111447,-0.6129934925105813,0.450635763980022,0.0,-0.49767377706841265,-0.08637090846470102,0.8878149551432281,-0.1154239115878719,0.6721272896138885,0.7034302482158568,0.7873125965954632,0.579062519951801,0.6453677388699596,-0.2817254747799468,0.5387082753839348,0.6544989360916129,0.20658061102656475,0.9081093934757402,0.11011874898247312,0.7513656310686279,0.508455892524281,0.6764492191366889,0.7692088662901992,0.7044325393193677,0.4579725697317166,0.7046556961661943,0.8691183514824639,0.660124549173481,0.32514444002308274,-0.2650064413742033,-0.4350702830322115,0.14967919191443638,0.7037877529536379,0.899101957561181,0.9083874964760849,-0.5371480992922371,-0.29943384507300713,-0.2766495144781411,-0.008844313901843735,0.5718393682590271,0.2568463898087104,0.6628106767122154,-0.1570597857814366,0.28345847053699136,0.4453450013494392,0.1731917395847606,0.9189996965189974,0.5888486153936939,0.4872674112737818,0.8669680859207224,0.5548119906043482,-0.092971587247972,0.9732849924645732,0.8840523712619597,0.5561609203293394,0.6664905217588782,0.7274632901936654,0.06110519286235361,0.6257018769234078,0.8056508975593774,0.7685814444091286,0.48857336687544833,0.42499254164733513,0.6168085426707788,0.19969289521791142,0.5612100649622169,0.6108862355172495,0.6757892286804899,0.6235326248102884,0.6835572471246122,0.7067878636391307,0.34757172495853317,0.9055071178245632,0.42390953811527593,0.7818390332627221,0.24295881144279016,0.03748857437116595,0.4399964765496007,0.7799019669851017,0.5660786400479373,0.16646251661095063,-0.2351775963623215,-0.5816353997940911,-0.5213946676101004,0.9168022125928562,0.49044299735844005,0.8660395578798024,0.579882345060132,0.45147474515546243,0.41194866937632146,0.30543513348367013,0.560645883102671,0.5711193883167855,0.3809202433393262,-0.5980329106018201,-0.1130503368504962,0.8575604567305487,0.5226509944272529
0.8575016011796479,0.5824450295066737,-0.044529493524385594,0.923556831232454,0.19319240220101883,-0.49767377706841265,0.0,0.5494129920993112,-0.3585782013435146,0.7726330709342307,-0.7209205249613992,-0.834364032432725,-0.6735630063149369,-0.49385304304603783,-0.883077631464956,0.9091335775757932,-0.8016582057782771,-0.46131038389822976,-0.04613967851883283,-0.6007164703544579,0.24406718747497086,-0.7124371691006968,-0.10288392339065458,-0.8638121545206473,-0.40987268860707166,-0.7658960756884396,-0.4893167088605715,-0.8229987804872457,-0.7477888062086115,-0.6542855680164985,-0.8594072556912243,0.8355840271196625,0.9063435170170094,0.4974152085615868,-0.47796966087610104,-0.493877557378218,-0.5266626228681599,0.937294113363763,0.8980987980742557,0.9057204311176837,0.48391874279776775,-0.7110863695048179,0.25844861916753953,-0.34920956245013157,0.6158709850349013,-0.450332138618397,-0.42211371664275815,-0.1250441078947019,-0.4750037456437047,-0.08574463997002178,-0.8547074580834647,-0.40578979703494256,-0.7632569684046149,0.07090670596038585,-0.5766004079018132,-0.7199959949558827,-0.46415520734326937,0.044376587563693254,-0.7739745890152584,0.5924671344297157,-0.1905499466996549,-0.6449392790015392,-0.3216981290084639,-0.41085813674265975,-0.808938414497914,-0.8957259318269108,-0.4066366343930766,-0.8202588216496426,-0.6034166964734892,-0.45521693719749806,-0.80441700350148,-0.8023536536923257,-0.7691652860280496,0.028688516160936112,-0.554564309674058,0.1978830813622409,-0.8340419766352947,0.15279320526483486,-0.4895310520610866,-0.8772408497111848,-0.26755134278501586,-0.13847235635272684,0.5124536089800309,0.8445585781652043,0.9035379485861443,0.930559387112725,-0.6020572358301314,-0.17694862755170288,-0.495801341388354,-0.09496980975585555,-0.8571286700292484,-0.7834586040158777,-0.5445296672236539,-0.6984599987286367,-0.732222707267264,-0.25644230086904746,0.8811789003507445,0.4766164272298842,-0.3014352046084263,-0.28145291623391755
0.5213684205194146,0.7686256245352707,0.323201693703156,0.6391582850351859,0.7338593070246567,-0.08637090846470102,0.5494129920993112,0.0,0.25568731526198446,0.35870909260298445,-0.20167701266008517,-0.28923359838075324,-0.12394086711169938,-0.3356705867359887,-0.5243956241538708,0.4853535184276112,-0.4400511242547269,-0.379021931340352,-0.0828385847185023,-0.24521467517843204,-0.4191248451959755,-0.0868980840276181,-0.14670277437411244,-0.41632287764392245,0.07577572144848067,-0.10264295588819777,0.19806899744307682,-0.23269465271065778,-0.4557529008843655,-0.19807235848211943,-0.4960560541424564,0.4912337397614395,0.38514395479946517,-0.06957235257167958,0.17323577039223106,-0.13362277323456845,-0.2168259600243799,0.47029758310058967,0.44617155656370816,0.5563368687114484,0.11873627599054311,-0.07679321306917149,0.3048708976602405,0.14799920171856285,0.685122188410228,0.17011476845275658,0.1396098970465662,0.21954217221006708,-0.12152134665585039,-0.017161433547105986,-0.3696385597340994,0.1932647791189562,-0.20544451080039158,0.685939058944415,-0.02276812613072405,-0.2114349008261099,0.2588775339553512,0.44867759407491237,-0.22920968134329908,0.34376977599870684,0.19990789274793683,-0.30583268520756407,-0.32377907139860734,-0.40594659675659733,-0.6285413517622922,-0.5618938430772877,-0.13413413943377187,-0.5236763797851006,-0.6455988369533578,-0.4076843687135539,-0.6087451055793733,-0.3004517119757694,-0.5000064259152914,0.41199200183414286,-0.1997684890692424,0.4644543695530824,-0.532492674293266,0.05651186226736434,-0.05237515985628297,-0.40077836432381436,-0.30259728610372505,-0.34288280693274,0.49760136415874917,0.5370183883290819,0.4650575541703001,0.46306604946882257,-0.24273980253984376,0.1971810739294616,-0.18530242370738942,-0.1343390829442959,-0.36481519233443305,-0.2235662027598997,-0.06685435855422359,-0.05742630165282747,-0.10892518797637654,0.3750918081495596,0.4935577576925716,0.43388121506189875,-0.021024018789827074,-0.1436073195045643
-0.032695024980855546,0.36514147001155034,0.7891837045342256,-0.4232882510661546,0.6560076387604221,0.8878149551432281,-0.3585782013435146,0.25568731526198446,0.0,-0.11509689787472019,0.6726332460369997,0.6191891804825482,0.6879943079627366,0.39022433898962616,0.5043557072651357,-0.2397380321707489,0.45705916749456965,0.5675102466156798,0.13024463281471269,0.7699300625720562,-0.13790153718735823,0.6982199076343689,0.2361212891381726,0.5843751444924952,0.6668491071261798,0.6411306607572046,0.4816045126469939,0.6158703865245144,0.6608386484766154,0.5224524279775311,0.2607461465758341,-0.20317152116671724,-0.40405518490789083,0.03467517204936761,0.7076570669081788,0.8085757151671417,0.7091567156794129,-0.43983637842884504,-0.2184074218040051,-0.11003671134313432,0.0887342881541014,0.4948320309148192,0.1408621925015315,0.6112226963878166,-0.06939690487091404,0.3344090621352821,0.4703573201271155,0.18107981311991037,0.8151743900365884,0.5704004508879459,0.47205854488990145,0.8958425682343154,0.5832043160053353,0.2226352462374065,0.9179325911962178,0.8275117859854064,0.6969812623153538,0.7501982114174018,0.7004293815146924,0.05735983305907245,0.6058191214239582,0.5619665624142699,0.48488296942340126,0.3767105433976399,0.31745445559970414,0.460998683275553,0.3348318723434642,0.4751479513403617,0.41686093911945465,0.5632098273131436,0.4674471220430343,0.6192179464037354,0.47630934141339654,0.5651473195783486,0.7799151745407142,0.429009599652102,0.5853453713923487,0.06485000799638795,0.15972930402279326,0.41187663716279405,0.5415324034646131,0.45610882367336936,0.20762179999902416,-0.1588577919621374,-0.4930034977969234,-0.432133328666928,0.7397125794264112,0.3992601780105811,0.7653884702445974,0.5624649056353442,0.45482126735083284,0.4833260397907715,0.4682043095528837,0.6061578369572155,0.6121996568801303,0.5048046514209278,-0.4978520313452947,-0.04803621330038528,0.7839882084382895,0.5296496626156566
0.8897287516188291,0.6681876446835955,0.21705472616526933,0.7111019026725764,0.3669385508230688,-0.1154239115878719,0.7726330709342307,0.35870909260298445,-0.11509689787472019,0.0,-0.43800063303106324,-0.5194512533034464,-0.2871049928432714,-0.029738853426777814,-0.7016334043390235,0.9152709937061995,-0.5086759856694777,-0.3996464482489487,0.37070407404164185,-0.2939147204518849,0.36908816267008315,-0.30154404875021223,0.3387709477415858,-0.6441816815648992,0.05287508494176333,-0.4036969349998576,-0.2135435358561266,-0.48528256086449256,-0.4056229477951028,-0.2756335421285051,-0.8580841024483625,0.7659140382406306,0.8633664183937505,0.6686100384389974,-0.12447865993042867,-0.3136205247255553,-0.16995098351114368,0.8498245588366362,0.9364354270670787,0.8537174504277845,0.4529177998281255,-0.5078217165073715,0.5537096624819136,0.007870916527153942,0.5514659406441084,-0.26116902243032786,-0.15209046417267413,0.04947395530836735,-0.2415000660431796,-0.03582259970435594,-0.8226290268200271,-0.20020330381948864,-0.7477493373310975,-0.18776429389692248,-0.23895858868086137,-0.5255461361445719,-0.5709484032888186,0.19943505690807012,-0.5083061640000367,0.9168953247629308,0.31458756657654674,-0.25337502926189204,0.1051124349906399,-0.14855032851941843,-0.8101656412055547,-0.7452123288579945,-0.595172057035147,-0.6546981391609579,-0.48087561738350837,-0.4097650550881862,-0.6917777404189549,-0.5330819368959449,-0.48825406537045346,0.07821594831203892,-0.12741965323880133,0.590417394752412,-0.5350909927665112,0.5816654803412089,-0.6788823849876112,-0.8320193311774332,0.07710835979621067,-0.013034926988857094,0.5877383321374048,0.8961472376264964,0.7910295935993504,0.8381878748041395,-0.2504285268984481,0.298972814640711,-0.37218418159794736,0.08166863370788288,-0.8279281830695607,-0.7660705039530628,-0.5775152626388219,-0.6463923452408232,-0.6400502281259541,-0.1467458523533508,0.7702830506413548,0.5445165125037533,-0.15325923303635236,-0.3233015289279838
-0.5312815406162846,-0.19363424350505942,0.26475045682688747,-0.7744113022726106,0.19221296826705375,0.6721272896138885,-0.7209205249613992,-0.20167701266008517,0.6726332460369997,-0.43800063303106324,0.0,0.9436427083285206,0.8115032779554137,0.5555511254314877,0.8169711523232245,-0.7047046563106797,0.8473280397380548,0.4709962025606169,0.19509259326735803,0.7684805811867812,-0.3756811169040814,0.8121219231396638,0.035335160079285985,0.9186072874987724,0.6871168480473727,0.8585237904380117,0.6092349356797143,0.8837787320819595,0.7459569265162785,0.7156969153737266,0.697293868047733,-0.6561698808999227,-0.8142121389715958,-0.39959470274456926,0.6663153506745914,0.6432797910245526,0.6322250474775094,-0.749701663150008,-0.5721693463170496,-0.4322998975128323,0.0031813924076973016,0.7048962214487304,-0.09454726924240821,0.6054867604382329,-0.48503298773865733,0.609941922489563,0.6331627060016083,0.26398206495177406,0.6669497169684541,0.48721874369206913,0.8389234169709849,0.6955758692695662,0.8555566465810094,0.19817676112275417,0.7457796933271575,0.8020330714208382,0.626527319976814,0.18491075249600028,0.958057245438078,-0.19691893313137857,0.5404758309739083,0.572547312083067,0.304828481320437,0.3652323177216781,0.6299122624158051,0.7667076223741642,0.6210776345626353,0.7063102097592627,0.4410968489419662,0.39372182160241026,0.6728094338777745,0.8318370268882255,0.6074672382469046,0.5526387216012356,0.7753193683374092,0.18216545699972492,0.7730638111446192,-0.09023754217946313,0.4920173865354905,0.8294194012700958,0.3251268052837556,0.271016370260391,-0.28273335598066035,-0.6379163797698122,-0.8125244109006787,-0.7700823271372483,0.7417814422329599,0.3319439628378316,0.6467657663734873,0.5300045254159363,0.8406676941550811,0.8506255592706251,0.7973900637387547,0.8468808554993401,0.8547630282658197,0.5628650994786346,-0.770992068794207,-0.23519396024135597,0.5213035746793946,0.5668298244127853
-0.6213011058377247,-0.21848880987930633,0.28067332129811434,-0.84912401465103,0.15047989738452708,0.7034302482158568,-0.834364032432725,-0.28923359838075324,0.6191891804825482,-0.5194512533034464,0.9436427083285206,0.0,0.9161230421081269,0.6782503812742434,0.8909220870374417,-0.7572452017351634,0.9141088781705374,0.44105786060185925,0.24330303378626722,0.820042744428353,-0.3680490095098546,0.8979670368847081,0.22078834054732036,0.9386784248807876,0.7444079762747751,0.943657828356628,0.7188748583542518,0.975949158047195,0.8240882927505502,0.841399729097431,0.7698399064903071,-0.6931616780801139,-0.867201328132292,-0.46416716588086976,0.760242098852846,0.6530312721255473,0.712492210410815,-0.8267423776632323,-0.6962787511237716,-0.6143676031939386,-0.22260959152395657,0.8481347454002927,0.018815153404327337,0.6721979190432229,-0.45632257671555154,0.6728445285123501,0.67740570457225,0.38128535498737914,0.6932864942585396,0.3896755359441884,0.8563485995832418,0.7093998251810821,0.8599569834227895,0.17171675533835754,0.7801656952871822,0.8262519613526444,0.6307036703861822,0.1319848419738089,0.9559427874315765,-0.2594211809325828,0.5762045940902967,0.7442950275810487,0.46100473708430545,0.46623688668241914,0.670824567927244,0.8513800572054294,0.5147572507523946,0.7890954874042782,0.48216174862334205,0.40057130044358935,0.7219279082042201,0.9168360751708321,0.7789545045700765,0.4187555040287421,0.8300565402115353,0.2035862307034401,0.851560691564002,0.03713071315026246,0.49840689430271345,0.8600503584062452,0.37856755168387746,0.1836441866389678,-0.3256094062687371,-0.6668427237249919,-0.8613689554172848,-0.8376112518395966,0.8050132335558995,0.45585577161950996,0.6642566247070476,0.385990971385993,0.8451452786503256,0.8262188455626436,0.6960714898933555,0.8560684239759523,0.8777102386461145,0.5491426271516876,-0.8044214664606318,-0.19858401382264879,0.5344709991302734,0.48740900703633855
-0.36683730358074734,0.09350419523444052,0.46900364921728205,-0.6802739013746816,0.3973885387692093,0.7873125965954632,-0.6735630063149369,-0.12394086711169938,0.6879943079627366,-0.2871049928432714,0.8115032779554137,0.9161230421081269,0.0,0.8134128725402101,0.7447410796849403,-0.5091618941536498,0.8237467035622128,0.31355191593602005,0.42762042270602435,0.8148082916411198,-0.3414041427089311,0.9343983676997086,0.4700463370174635,0.7604359933609017,0.8753431910388119,0.9371518423401394,0.815429268711822,0.950470626084446,0.7755383010320382,0.9209328654964589,0.5662913344886895,-0.43313656159906516,-0.66294423522388,-0.33224719237325345,0.904114582538488,0.6322631552957433,0.7669322789738076,-0.6384379862738347,-0.5012072946200643,-0.4598776596784408,-0.25995985049279935,0.8762153729213843,0.3152676584816748,0.8061773062012195,-0.19686415064975143,0.7096269473795562,0.7398250874592356,0.5486705519401566,0.7419603559220639,0.37589279734807785,0.6590781382980664,0.8062189804261483,0.7041304075143539,0.22057601970915316,0.8448754132630091,0.7749773679570748,0.6006619711814057,0.2974328448858734,0.854741043331547,-0.01488380038969004,0.7804668659582662,0.855167725224438,0.6609377923149057,0.5579501491697049,0.4492789681879181,0.6915757829969439,0.3309861136012624,0.6898069745972916,0.3549674262975603,0.3062706434466868,0.5463426713728758,0.883209486237926,0.7740682553221632,0.48106286278074034,0.8808041531603296,0.4780796975341267,0.7425009047118777,0.3278689239609752,0.36325115304537836,0.6581184941841884,0.43092052115928753,0.12794841457678052,-0.1359659039084341,-0.39348257825655564,-0.6938255449167137,-0.6397955116149382,0.8288593849933142,0.6864047156015007,0.6443868073340149,0.3481120286529911,0.6310684342180699,0.6229165098892812,0.513992530518515,0.7562612315365544,0.7800621987889491,0.5967892378190542,-0.6126750753249275,0.07379789937257562,0.6222660987963439,0.4198393765649783
-0.17749302645299755,0.08225279251320161,0.25653846670045843,-0.516208610205973,0.23703742922567608,0.579062519951801,-0.49385304304603783,-0.3356705867359887,0.39022433898962616,-0.029738853426777814,0.5555511254314877,0.6782503812742434,0.8134128725402101,0.0,0.5764527779693557,-0.2640133857156292,0.7843793178753138,0.1846923738081088,0.8028244677997662,0.6363463668332572,-0.06293801490651332,0.7493931335160204,0.6798304797018492,0.4922878120471308,0.689907194229481,0.677161005267627,0.6118302968216969,0.7405806524206973,0.6118183904943777,0.8654498832748608,0.3888401248742586,-0.19750004667904839,-0.385900462534951,-0.02280623891020484,0.7170509843691899,0.36034425793550656,0.5984915200712323,-0.368623275880246,-0.2545083012706799,-0.3109153572548583,-0.18301590182007554,0.6427009229986159,0.3866934089299823,0.6037289662809497,-0.2049987223230592,0.5059469563295429,0.5838002351143902,0.6194497070683332,0.5718705049114967,0.25520482363476615,0.38350577190868795,0.5236028066127396,0.3859381479738293,-0.06752160126449462,0.5857432568563566,0.47014618585676987,0.16192493856621823,0.05005974600044395,0.5612749851511548,0.17997446569249456,0.7247652662191272,0.6979537694712897,0.7425963666867181,0.7484258880970436,0.31720155718278503,0.5187621562955965,0.10009456363630784,0.6290416377106769,0.3006002343482787,0.16683367051755582,0.40593545850699186,0.7294923491775961,0.7192964757711423,0.28377942067840767,0.7132785897701789,0.4313065832772596,0.5499812087394427,0.6298686214286761,0.22135775510892053,0.400211129687657,0.29575196566870626,0.11808678852099538,-0.15968108987545818,-0.18076859983794968,-0.46734886940775605,-0.36113561820787166,0.6264272975075978,0.6972526709880636,0.3838488852741468,0.1858365476394256,0.35072325849980757,0.312302860490858,0.23444655556702235,0.4446333971918969,0.4724541792794016,0.31394190152092255,-0.342088344976213,0.3328266329713202,0.4895347111351081,0.3116321839152412
-0.7168664942674724,-0.44658848573752896,0.18402236530200924,-0.9547578199948547,-0.13968586616265619,0.6453677388699596,-0.883077631464956,-0.5243956241538708,0.5043557072651357,-0.7016334043390235,0.8169711523232245,0.8909220870374417,0.7447410796849403,0.5764527779693557,0.0,-0.8550530897236547,0.8723875381281828,0.6508432739098623,0.06711351267997243,0.8239116354460656,-0.10223277643368907,0.7271905549411414,0.17323249532774745,0.9448711859098653,0.4826686836463604,0.7534288379706514,0.42080579123117234,0.8498012910628008,0.888063186881204,0.7080555665721332,0.8800399747642512,-0.7664014855320274,-0.9128455043496077,-0.3629935202457803,0.5100188674790412,0.6990938223295731,0.6740182921111018,-0.9267451341405233,-0.8254257575332111,-0.7521891975530064,-0.2743598037720722,0.7006759973267424,-0.23251517663571292,0.415746288189808,-0.6696946009742344,0.3939783200199089,0.4049850402693687,0.16162230778996636,0.7012985014748894,0.3970373429964124,0.9188973210833733,0.5908461331764361,0.8762108969421244,-0.05051327840589053,0.691084199567029,0.8580253943675227,0.5858259697848204,0.029021729827322,0.8659197762723759,-0.5161174439209192,0.24140493217621564,0.6909738963844013,0.47063320665443725,0.5323062726797064,0.9060687677415973,0.9924081360104099,0.5787364843033226,0.8989425985648418,0.748987127189565,0.6566836806928069,0.9412821340822569,0.8815169606040176,0.8696738820595069,0.21313961235103757,0.7182832088301404,-0.1572664887283054,0.9319455703194285,-0.13198870530204398,0.5156114527316628,0.908815620425281,0.42583371996761804,0.3515035849082568,-0.4792513088754051,-0.8273332134386528,-0.9502713735383733,-0.9293036074868808,0.7593627790343188,0.14325619126868733,0.7424061754890471,0.3785022092812042,0.8937765181613778,0.8151022324254609,0.641245362362587,0.7881716427650783,0.8060806772346706,0.2926342601667846,-0.9107666184072641,-0.3759713675982977,0.5807103177017199,0.575377299387999
0.9440119316716016,0.7069374681276045,0.16325949040018034,0.8660720198064465,0.32449414871659316,-0.2817254747799468,0.9091335775757932,0.4853535184276112,-0.2397380321707489,0.9152709937061995,-0.7047046563106797,-0.7572452017351634,-0.5091618941536498,-0.2640133857156292,-0.8550530897236547,0.0,-0.7406144572277944,-0.4238100801784641,0.17735621218922268,-0.46575524413930247,0.3751438972298614,-0.5313670784013582,0.2192109356692141,-0.8438068713796364,-0.1990511124867224,-0.6308964174402919,-0.3649273268826482,-0.7038915507202622,-0.5956243156329043,-0.4773421923781717,-0.9329939448645732,0.9037305331025968,0.9693702448778789,0.6699670949563211,-0.29667865405478205,-0.3994626395402761,-0.32091832750146715,0.9387006485914404,0.9437166525885667,0.8573002959829125,0.38924858432366205,-0.6197432354702227,0.5025118581385842,-0.17035748700167191,0.7016604780522014,-0.40456193226648374,-0.32389773149268064,-0.03503354619009753,-0.3421634797837055,-0.10461060540777332,-0.9324106048997653,-0.29932792561369553,-0.8426134491542459,-0.1038033486152851,-0.3942910523795491,-0.6447482686558669,-0.5398337775464961,0.21640535729538815,-0.7327774070341261,0.7595114205278891,0.04642793837455878,-0.4170689386831369,-0.032647638425000944,-0.25767396209252214,-0.8665374586724399,-0.8716546004980887,-0.6338831932397792,-0.7754171247819874,-0.5387148439468176,-0.41446085018488127,-0.7888158636589498,-0.7124745354306522,-0.6136154360293335,-0.06398332010535004,-0.36841955508110275,0.4184553305012472,-0.7247162795894532,0.4437952069375688,-0.6552635323054345,-0.9467618026100455,-0.05835475714106235,-0.06866260397551105,0.6569012605689466,0.9534736742279746,0.9030664425429064,0.9441873065552939,-0.4322970379729837,0.09807428029998366,-0.43785688802408396,-0.09915259438782836,-0.9411350075003844,-0.8842199472106732,-0.704340164910677,-0.7456234679270772,-0.7637708702875987,-0.24059376923226558,0.8789935544013765,0.5539289465348838,-0.19769653631915746,-0.3611963892804335
-0.6548768203096876,-0.3280632887961446,0.0552738090507002,-0.8130983929519511,0.012408779551855239,0.5387082753839348,-0.8016582057782771,-0.4400511242547269,0.45705916749456965,-0.5086759856694777,0.8473280397380548,0.9141088781705374,0.8237467035622128,0.7843793178753138,0.8723875381281828,-0.7406144572277944,0.0,0.4204338831742896,0.4461359265720469,0.7208055433057852,-0.30268465571043307,0.8194723280460258,0.22832786671845756,0.8468428639529215,0.5648247380232453,0.8095708009654684,0.6279394197013133,0.8991833334921842,0.7267286389229173,0.8240025170972298,0.8007298548807504,-0.6455039108980496,-0.8247180413487805,-0.3870991117798077,0.6682026469498359,0.48170091569056417,0.5638091844345164,-0.7520036289333251,-0.6580847288578201,-0.6021252403604366,-0.16950147855959757,0.7523599374882839,-0.049009888267332075,0.5347932435642465,-0.5565377654056778,0.6086026474931212,0.6249703293851561,0.45500668818136614,0.5896741317672798,0.3361189588493413,0.8169785132721736,0.5580807564899268,0.7925676179871625,0.09974932935560854,0.6168051189862881,0.691965112041431,0.46881020666620277,-0.08188567013504537,0.8488379393668548,-0.27384638387594873,0.49668639670463544,0.6082672768610157,0.43626392928207014,0.6628188914147269,0.7144098479241241,0.8298996175024691,0.5425331305867578,0.8836360041273905,0.49740025616393424,0.3660993148792146,0.714559615381782,0.9187447820726995,0.7846729534596868,0.364677663135909,0.7306498816120783,0.06256223879989103,0.7646190468035137,0.09380270898274128,0.5665297461574264,0.8328648951945982,0.21440320812500202,0.17218529263123533,-0.447301194515961,-0.6447751430862562,-0.8235823769322815,-0.758232979422782,0.6583864200324764,0.38191709042114175,0.5291088299719712,0.3067596408985386,0.8115715553894955,0.7857389728401376,0.6895752494692083,0.7739786688650062,0.8138237643205457,0.42141394058036447,-0.7193580573812816,-0.06537447100161489,0.4436999290320895,0.5067508475455396
-0.2888940546826038,-0.2284898879744678,0.35843041661406355,-0.6468890097668423,-0.12135689198799895,0.6544989360916129,-0.46131038389822976,-0.379021931340352,0.5675102466156798,-0.3996464482489487,0.4709962025606169,0.44105786060185925,0.31355191593602005,0.1846923738081088,0.6508432739098623,-0.4238100801784641,0.4204338831742896,0.0,-0.11671172694435646,0.7197399461722644,0.34004846908984593,0.34293410400152635,0.02844569752276437,0.6136002876501445,0.13737303693363512,0.25324228864120923,-0.04995969887638397,0.37289002203167976,0.702851924512579,0.24601146081619504,0.46398923932694597,-0.34307596133789964,-0.474502721475555,0.2585357662393372,0.18878289182973926,0.7560938787750338,0.6089571200974059,-0.5761038479386946,-0.39646541619417214,-0.34442861908374095,0.2618183208665558,0.18733252742575937,-0.19610367652038618,0.24708639118900186,-0.4158681235874554,-0.06008980420387257,0.09838530851109972,-0.21430908389528244,0.7600117059881655,0.6923865372198187,0.5564509608709148,0.5399405064075468,0.5854368040667025,-0.2894517481841413,0.6028693921861855,0.7515223699905663,0.4995110827374541,0.4393838139664668,0.5360688212460774,-0.37798474886646216,-0.011337028189225532,0.34419913532243174,0.4050873063733903,0.48495733969088023,0.7254738564352813,0.6618993602913361,0.5054635324610276,0.6422040138574203,0.8597286735094258,0.935254706759838,0.7903145150962232,0.5087993983991845,0.5688817966933924,0.09507810888476168,0.5551109378831566,-0.27564755941374014,0.6745167502812194,-0.30871648445069605,0.1464438027654074,0.51367578617339,0.6063894539507627,0.8203632292415916,0.06039166790123494,-0.4480343322009833,-0.6393992345649065,-0.5359052517808335,0.6181546087549711,-0.1967315762029816,0.8314503401052036,0.6374322139438857,0.5513567473137265,0.4986153574567493,0.41557952438499696,0.4702467842790397,0.4997639456262326,0.12177183385631728,-0.6553748445817591,-0.37453536330799087,0.7065587183920399,0.7428429073986661
0.19227728322901355,0.3120367264766984,0.06489516042250751,-0.0028078574318392037,0.33707580775814816,0.20658061102656475,-0.04613967851883283,-0.0828385847185023,0.13024463281471269,0.37070407404164185,0.19509259326735803,0.24330303378626722,0.42762042270602435,0.8028244677997662,0.06711351267997243,0.17735621218922268,0.4461359265720469,-0.11671172694435646,0.0,0.19688010875457376,-0.04687399475508775,0.4379883927898111,0.5702288033378707,-0.003277550449047561,0.42993735877622435,0.29590567460557815,0.44840355649331776,0.33223979661723785,0.11550851482813522,0.5501841151391305,-0.059914994896791224,0.21771601588971087,0.08404762482571725,0.21233092808669168,0.5009106923312704,-0.0864521803980145,0.19935409947673557,0.15568968768487595,0.23246302388741683,0.13161908773918501,0.08678023942045653,0.28020282459258067,0.5232721214797618,0.43686724786320047,0.1222047460105345,0.39321412474802275,0.49549390851542335,0.6679302376848617,0.21667195121499566,0.11157939703275457,-0.08213774730426468,0.2162021217937228,-0.05255007418411642,-0.0019398007859503623,0.20018313482139433,-0.016703870876355345,-0.16393422930507456,-0.004354092842983057,0.12434628913370445,0.5037392339472739,0.6521639278762442,0.22319861502299254,0.4327611100908508,0.5895697751937499,-0.14882325330688212,-0.005563847438009503,-0.12407448758204823,0.23058823553813065,-0.13607089893249577,-0.2254704378815235,-0.10312194462263938,0.32890821597478975,0.2485168416529598,0.24381137592453858,0.3299241248948363,0.5013380818405421,0.018260829909479574,0.750831986564408,0.018443394754893466,-0.053409290382475084,-0.06975038150486029,-0.059145952831043055,0.09767208385132747,0.2671665206860322,0.016559489293260118,0.1712942800747854,0.1912457743814563,0.6714510804376069,-0.06127355484183945,-0.003584094749358318,-0.08452492253639764,-0.05403619250886133,-0.006606692358259577,0.08666989154911268,0.10677347398683817,0.26321316401562245,0.1877924210205937,0.6760431818181801,0.17619354958057254,0.10745123691202049
-0.278591942198742,0.03429268984648355,0.587634420772419,-0.7556726606840835,0.2219260181240857,0.9081093934757402,-0.6007164703544579,-0.24521467517843204,0.7699300625720562,-0.2939147204518849,0.7684805811867812,0.820042744428353,0.8148082916411198,0.6363463668332572,0.8239116354460656,-0.46575524413930247,0.7208055433057852,0.7197399461722644,0.19688010875457376,0.0,0.06540734437608356,0.7599022514566887,0.43589320593647074,0.8213428586326497,0.7023704907920503,0.7367661891927183,0.47548938203424795,0.7992934708360584,0.933414161614089,0.7324906843373822,0.551750406246271,-0.3987624133946658,-0.6220238164752832,0.0034367660756921678,0.6833201137207422,0.9059550247857069,0.9216982336749868,-0.666366220814927,-0.4679231635726129,-0.3995214470607855,-0.002220596090864217,0.6528524522239755,0.17156472555680644,0.665110854434123,-0.3088140504498188,0.36973991984458027,0.4691661696892991,0.24893551981266712,0.9263008582178115,0.6803771337268382,0.6617073762113131,0.8204300259498443,0.7201072481092804,-0.055466961256236444,0.8942940499444486,0.8998638299691372,0.5974451437862648,0.4271328150010704,0.8258327740646927,-0.12035641516096578,0.5370498371654661,0.7788808316187051,0.7335296757353109,0.5504742370242941,0.6291133317153742,0.7947191436224793,0.39034990305496053,0.7164422482364267,0.7004587710501975,0.71366226511129,0.7816123698113385,0.8043457855693583,0.829360848620223,0.3827483808193853,0.9266133063655928,0.2545707630696041,0.8733374162990868,0.14095825414083732,0.2538664854574161,0.630943033049927,0.717510900870963,0.5663190824353351,0.010417570858408116,-0.429481431982616,-0.7319811668707148,-0.6631419196858624,0.9503814266946904,0.39533741550378615,0.9214468339233599,0.609059666179284,0.6246277930283461,0.573960751618081,0.4597491710564238,0.6983690588273282,0.7048527313961955,0.41671362760505104,-0.708659634622645,-0.1277961377394786,0.8446641187971664,0.6676985227431527
