0,1,2,3,4,5,6,7,8,9,10,11,12,13,14,15,16,17,18,19,20,21,22,23,24,25,26,27,28,29,30,31,32,33,34,35,36,37,38,39,40,41,42,43,44,45,46,47,48,49,50,51,52,53,54,55,56,57,58,59,60,61,62,63,64,65,66,67,68,69,70,71,72,73,74,75,76,77,78,79,80,81,82,83,84,85,86,87,88,89,90,91,92,93,94,95,96,97,98,99
0.0,0.3780603914133979,0.5963641597771495,0.462640424902207,0.31152230410384235,0.4350968949183782,0.618396746568149,0.49833069263859,0.6375764141669807,0.28252587112938193,0.23045464518499426,0.19392440019040957,-0.021152031204596255,0.40072155245571384,0.5349191390908552,0.35932552639549636,-0.05323119730354066,0.0015948401202862876,-0.11943083683208269,0.5416235089774278,0.34838152007411954,-0.4858961579783382,0.09462825375205373,0.05402748907583048,0.46452592136209553,-0.22822796746668514,-0.048929571409977946,-0.0925442225184945,0.5800863941862215,-0.09348745941340544,-0.08419187600137493,0.1204093736809649,-0.07010545059549401,-0.6328477459378562,-0.7432365594471833,0.6062647610274273,0.14381527739548683,0.31208633792654883,0.18021938363528342,0.47525639961390265,0.1954315465407128,-0.21593254502909495,-0.4451989589043996,0.45732352221735756,-0.30225246274656276,0.13133562187921233,-0.4673820989976515,0.41944051655642955,0.8178352884828157,0.5943074122383107,0.6911251205071888,0.4833621514445423,0.30060072370616964,0.37261747466595563,0.3384910783402377,0.5281179936163395,0.364659284296903,0.5023241263816287,0.3145191836289603,0.38660220156538844,0.11840461327300619,0.02196852789445734,0.1842071674119373,0.137249332157561,0.4801014097467468,0.46412805373330046,0.580695440520636,-0.4699400417522221,-0.5786228717478131,-0.06545036615976083,0.5761954181292108,-0.6287233608850413,-0.12331782531480387,0.29989616872128483,0.23452138162468486,-0.025146342287338787,0.3376309588249056,0.16647597624070615,0.05195262254288275,0.16695425628313132,-0.7402359662165144,-0.6058790417010486,-0.3398773969176088,-0.761534645197171,-0.2599094850207939,-0.6177006543110025,0.2501117086251946,-0.526693690804615,0.6418274061984948,0.2563922722556823,0.023021267581731526,0.18009906700499592,0.36135028472483827,-0.28152207269288926,-0.36780623252206013,0.34329875444666696,0.19778174121116107,-0.22587520923015547,0.7387225710985581,0.6054511126323168
0.3780603914133979,0.0,0.8810610619846783,0.6976682935826942,0.8740955462874171,0.8612364217722389,0.7303951069264605,0.8457805054397052,0.517013270372469,0.269741978120323,0.39514522682375497,0.457791224219973,-0.0509470421764705,0.2642629866125428,0.17325629239634352,0.8407687707253229,0.2673830915547538,0.47256901243252725,0.3419566741843495,0.2419794671594364,0.6124492745597153,0.21517183945547755,0.41212963701819444,0.39255722431134443,0.225524051209482,0.2588986193057717,-0.06267451518705049,0.20317372173612427,0.13885373680361468,0.23088129109998523,-0.5340459293826963,-0.48813718836920794,-0.38208574440674065,-0.3855613922585496,-0.15204293659707402,0.181136429205871,-0.31294682543746205,-0.3088422152852039,-0.20160029677201013,-0.0090801727009372,-0.38138035157711825,-0.06267446016817375,-0.37861422905489256,-0.24395826573266383,0.043128012626935025,-0.1712555610857176,-0.501023155320009,-0.2300942510526326,0.47520480762366907,-0.07458483452668904,0.2742906482727713,0.9560763579969298,0.7861384675425168,0.863634383253444,0.8921311657061585,0.8258996965467121,0.8943836016138463,0.6818937942372759,-0.04811079802364459,0.3477771341371963,0.298798088793558,-0.1358164408796966,0.12448124996707276,0.14723018737481988,0.4149429036500352,0.17824769878576985,0.6695265089225279,0.13675468098919716,0.035666831779794156,0.4004464761355728,0.44028992794357535,0.03341780552513189,0.38281048040759075,0.3865267356123426,0.5587178829170106,0.35373587661343203,0.29005836530077106,0.3807383358527169,-0.5176878633574741,-0.34601907453789177,-0.497947496481673,-0.45215369238011655,-0.4554409146039028,-0.08686600759991178,-0.23522998745235318,-0.2612921093042601,-0.3781715172278492,-0.23627781405999013,0.2788873964609852,-0.16676390520368828,-0.4128927370174043,-0.3684219223384816,-0.14796103807675903,-0.30053869559719854,-0.09598874829132081,-0.37401197861300844,-0.14602653359317888,-0.41659885149834047,0.38401978539497456,-0.07847705012097343
0.5963641597771495,0.8810610619846783,0.0,0.5948785526391397,0.6465760908618783,0.9154635715949656,0.8926559289217934,0.9484818457405928,0.7792619529402622,0.45425899438978873,0.563062074376269,0.6366197723178559,0.09612398035051585,0.5512407458187599,0.44438717192897204,0.7445441847971354,0.3921866038612321,0.34641657989171326,0.32663876035900236,0.3113515881789079,0.8058353672698556,0.05495851148205472,0.5376770870599143,0.5897802493753977,0.4211661748751691,0.32584758244377865,0.11621918838645083,0.3623545884966098,0.520841561466355,0.22173845645343865,-0.5667821814473679,-0.4697420356152518,-0.5303918987396421,-0.6127000612966821,-0.398876549399405,0.30707619839537065,-0.17145239833358072,-0.2825902970698716,-0.20074587066121716,0.027211234615014672,-0.41708376602696107,-0.13235865800100663,-0.5013994642952547,-0.17223175094853432,-0.10206784649656724,-0.19773427375592112,-0.6385976034739996,-0.15671753973479974,0.5536641186191325,-0.02311476557075372,0.45453270786767175,0.9445881673630929,0.6742619279850028,0.7300664805928659,0.8996173147744185,0.9693553720247294,0.8761684687084942,0.88242072766731,0.07598573990509778,0.5491674778654307,0.4758518176094294,0.0807195627810587,0.3966823651521996,0.3035907937762861,0.6408134053653617,0.4044999321487402,0.7839656193979275,0.08495835591458695,-0.13289863668962132,0.319270859516763,0.6559466657445532,-0.16119993274234298,0.47495758411119954,0.6098404780463683,0.7383256605886667,0.5207413549751548,0.6159830297165837,0.6250365410870901,-0.5089195094961801,-0.38591790941013027,-0.6075270493016529,-0.6863895895825571,-0.5152644876383234,-0.2717193692810037,-0.07903189132972115,-0.4729504037936715,-0.24221739412606322,-0.3529776660808127,0.3405546873901786,-0.06475086463232403,-0.46090291051112214,-0.292070895022593,-0.03037213553585075,-0.4696182590087962,-0.12607801775614727,-0.3234130645961095,-0.2142173417637694,-0.552557313725942,0.4470937086230294,-0.02258519567709826
0.462640424902207,0.6976682935826942,0.5948785526391397,0.0,0.7421785091627592,0.5693766563098672,0.6151131892065994,0.6363562866591177,0.5068181585435454,0.3952322020278681,0.4415807584006344,0.3726566876157644,0.008925661495684942,0.34271967544986875,0.38022374373171375,0.6637903636284328,-0.032828314995943,0.21444089414954975,0.16829256450499158,0.2219084633803622,0.3981914005512872,-0.08359407214404091,0.15049348409763214,0.13935906814822574,0.17859883542764432,-0.0384280711089539,-0.024493708255632626,-0.11981683685907733,0.1628565436815733,0.08006852902932206,-0.5389171508818373,-0.4135211332231035,-0.08179686852984978,-0.35343300950079787,-0.22431054973103765,0.28621691759639994,-0.14201900267122872,-0.0996840191350145,0.005498457765058778,0.4087201204924045,-0.03289176140679973,-0.3992343921643554,-0.3519854026042712,-0.03280022353492264,0.08619967985571074,0.1480894624686926,-0.3526631670581442,0.035870950168166306,0.5790172777866817,0.2601545652080817,0.36119782340656087,0.6591527364244072,0.6472367102149258,0.8409389366212173,0.5042424309693495,0.5470955305157489,0.6140640942832517,0.4975044041212508,0.2848866819299658,0.45348947572569365,0.23163428553369203,0.02998716852776706,0.08456360929194404,0.185907042169247,0.561931477671084,0.4052864865430357,0.5236919788509695,-0.1919142339742349,-0.24737588056695364,0.09517850560015313,0.25439218631861976,-0.2844266048701507,0.019185234628921233,0.23260745053693463,0.3213193489258482,0.01946156330208105,0.22938902783892462,0.13990311679594,-0.5268770959604604,-0.22343035186114912,-0.5915163742048803,-0.4757121679581636,-0.35119429777099964,-0.3236879219913374,-0.27886202156095785,-0.354735006518095,-0.06923110781774357,-0.43171594372115724,0.3598637801735035,-0.09367211382145402,-0.11385335315013413,-0.2996466227227076,-0.07608764685451344,-0.5113070743462397,-0.4742581988648642,-0.09621005393792455,0.19405554822183632,-0.3497961000249779,0.47050932926904093,0.2665479848746677
0.31152230410384235,0.8740955462874171,0.6465760908618783,0.7421785091627592,0.0,0.7065474059997005,0.49372953435881445,0.6125203333409291,0.2939873486265407,0.09826831300379393,0.18931791321980387,0.20203393884607768,-0.14910128694602426,-0.0012396285310115474,-0.005177814375326828,0.7493053503688957,0.06527402184701035,0.5107532099642161,0.25771496357403023,0.35501200233759395,0.32392848480086534,0.22019353461113733,0.23479527421276336,0.040969121597190954,0.07693866756288414,0.08264858176706245,-0.24662590132356843,0.028975316752680093,-0.12993407849524496,0.18883908060676527,-0.30752442600539165,-0.31817179228318093,-0.09362276652409605,-0.1307613368821398,-0.021354756664465735,0.2841662016176565,-0.2287715928409072,-0.13080740109616684,-0.09726376678259441,0.11297595151141848,-0.1310713961133737,0.055440440788420677,-0.26675979178512815,-0.06735276663590431,0.09789510550176565,-0.04364815510376526,-0.304293753401566,-0.05342487429904566,0.526119374757231,0.14246758812526183,0.16967544750000532,0.7900560413707709,0.6348865753818753,0.8174200856837371,0.7465567466510513,0.5766510155056758,0.7125362319947578,0.40828279246882293,-0.09923792103105174,0.17220243169874166,0.04487319000381477,-0.2973893121127028,-0.18783254526889612,-0.00897113257383677,0.21529344052046612,0.04113414006024081,0.49288737171664954,0.005148504629947071,0.05320058764364388,0.39354624703278346,0.3242805176459235,0.07337926801696393,0.15772491726433055,0.049993412196819395,0.23607785168573361,0.05062061757058037,-0.02468896866634437,0.07870461675276616,-0.3219838083072453,-0.18835824368381707,-0.3988864413975623,-0.19264554487472985,-0.35750677986266166,-0.08559391643753088,-0.3857022590150238,-0.08364097180439814,-0.18233585544048378,-0.07708845175951755,0.4154304130743105,-0.14593454578802126,-0.2793911866670224,-0.3261505835562272,-0.1508575895514853,-0.07733315891114358,-0.21729317129295433,-0.1577622208143495,0.03923621387448732,-0.1383664051777111,0.4645137393656398,0.15669622766967742
0.4350968949183782,0.8612364217722389,0.9154635715949656,0.5693766563098672,0.7065474059997005,0.0,0.8518348397286837,0.9483382939080843,0.7659274998715391,0.3493253112835246,0.49285886581887733,0.6212227456465561,0.06938087626623789,0.3936873852882802,0.24678749220027119,0.739279541926703,0.46134748446869656,0.5833237214974129,0.5069343098627576,0.4315417168357988,0.7979520548805242,0.26713247299124143,0.6937678356270341,0.5218901752943041,0.2939793215953053,0.5097055311394474,0.12284002939572303,0.4722257039475205,0.38070412532983744,0.3517088130637002,-0.6152956700488779,-0.6161280284228096,-0.5921118721612555,-0.38062985310247494,-0.19558484966418857,0.4035702633854605,-0.11801995127035993,-0.4547804604040015,-0.33236716192384863,-0.0819758022900741,-0.45512642627391253,0.04036985885931844,-0.5380141546698375,-0.3064550208846533,-0.08705238446089239,-0.31737767883242485,-0.5456264227800895,-0.2303555600334852,0.5514853311871952,-0.09988119876345394,0.3361981995757605,0.9026604002981711,0.595337274925892,0.6824877601325476,0.9640959107803395,0.9519603840917283,0.8943012323008639,0.8572480268747847,-0.14856839954759102,0.4746514324618924,0.3760070747130879,-0.016542880207051115,0.19867921803210206,0.1649667351164393,0.5513385496827178,0.2146978364149942,0.8339752848911832,0.2047901736919498,0.08287429840013312,0.554961099694979,0.6966723800361363,0.06368158393131812,0.6094600656592627,0.4399451832085174,0.6684834645386685,0.5123782700226935,0.5807507051468359,0.6218278143662289,-0.5844190883210061,-0.5674557777171467,-0.4438940732368876,-0.5081987856600949,-0.5332549006705861,-0.0800647336761254,0.01957815055871112,-0.24604881216884164,-0.17897934678450964,-0.1152775217901962,0.409158934895025,-0.14289554495053863,-0.5107131235255112,-0.4806774674646408,-0.25133445763753276,-0.43987008029877844,-0.14230660641056636,-0.4026138554455912,-0.3036765982898797,-0.3978845686665432,0.47776826255906313,-0.044664711478801196
0.618396746568149,0.7303951069264605,0.8926559289217934,0.6151131892065994,0.49372953435881445,0.8518348397286837,0.0,0.9329935510495047,0.848395461272393,0.5613568648978056,0.6591912528967988,0.7024524411424846,0.046610734864188104,0.6261003238264555,0.5969034200824728,0.7443719566381557,0.4252049308232684,0.3062093208895774,0.3820032340367767,0.372664905388818,0.8492596768152243,-0.035383260731458754,0.5644436831464346,0.5681424148962838,0.4288926904596733,0.28405610393864883,0.1439452651594199,0.2772530795292199,0.6404607935479842,0.11146502415424232,-0.6292094975584643,-0.4602789152955787,-0.5210469896018658,-0.6748540238330393,-0.5257111353786138,0.4352740412961426,-0.09557404262000836,-0.23782182446097433,-0.20704278474266993,0.19348603068891623,-0.309256057493042,-0.27091909910974277,-0.5416508750890984,-0.10452559028767527,-0.15817295840027,-0.10980440701961768,-0.651656497685582,-0.004994457804643473,0.6583605592012419,0.12012087473442538,0.5021686256212201,0.804140639326427,0.5905684780754843,0.6559901285221648,0.7640868356856587,0.8989798551686763,0.8265910226128534,0.8455094459789163,0.1711599422659921,0.7214392129277385,0.48726037304044767,0.12450545573118751,0.338894299864451,0.3327854902153851,0.765438031849873,0.5255584117438973,0.9054933479549276,0.0034777263672429977,-0.2650800811156305,0.24211061095933262,0.7319097050689242,-0.30142166133143594,0.42723204302185674,0.6200202402917394,0.7681651157286683,0.44373842395812324,0.7247159147958296,0.5835692004930265,-0.5467278900614065,-0.39723131501921527,-0.6905373752871672,-0.7957747197705269,-0.6149549293666707,-0.4159926361462515,-0.04562291876438074,-0.5873187398854341,-0.12488088017207435,-0.49406161167030976,0.4075738130156637,0.021062644230137054,-0.43758367276915117,-0.3273191051920961,-0.07460993867125439,-0.6265629044189097,-0.2932141234029191,-0.25109777366857067,-0.1653828211488643,-0.5668037791685556,0.5531650997910019,0.1323036764405825
0.49833069263859,0.8457805054397052,0.9484818457405928,0.6363562866591177,0.6125203333409291,0.9483382939080843,0.9329935510495047,0.0,0.8288879208922555,0.44817063389018946,0.5913583233128695,0.6816428856054628,0.08825622066188932,0.5193978590986005,0.405288997427319,0.7622551147339975,0.4539101114831694,0.4701897227568713,0.4536996269947573,0.3399781481381914,0.8648712285373044,0.1337768670636995,0.6493144463836434,0.598220884023796,0.34340059224614655,0.43114444652154554,0.14516584574317978,0.38883838668277626,0.4958659729423224,0.24690163206005605,-0.7038648830499518,-0.6375646824109512,-0.626979895297382,-0.5328477318702244,-0.3247964028642219,0.3535850897644727,-0.1580768434669971,-0.4434361375476357,-0.32414558637657576,-0.020127762417603237,-0.4809628135423663,-0.19642218355090527,-0.5703285459494701,-0.30671641557241247,-0.06251203220942085,-0.2831154586948228,-0.6435428753692028,-0.23885306710493184,0.5576934093864483,-0.08400088355884552,0.43466113043609517,0.9070907634370521,0.6649023003478227,0.7182120288833731,0.9005433439595509,0.9674650510802209,0.9204736826647825,0.9092186749924702,-0.01562606095821829,0.5909928776018978,0.4620332223290765,0.06449492410502392,0.317795488397087,0.25478664019689856,0.6723320608835527,0.3582894824658962,0.8659176326619821,0.14765165078897208,-0.04093235870304553,0.43650284803529343,0.6860321457441576,-0.09624737636497069,0.5620884565312841,0.5596158553806403,0.7544350602340066,0.5140445692712191,0.6791626027434653,0.6397820711409418,-0.6501923680298682,-0.5525476273669829,-0.5735484099456195,-0.673917491168181,-0.5424949149218341,-0.17155830754662127,-0.0044132930485300875,-0.417165623805801,-0.22171230107362644,-0.32966039695551586,0.34577431386874286,-0.15873638759796854,-0.5102774798006838,-0.44909695301548574,-0.22208589270492843,-0.6124558057212781,-0.24249722112197933,-0.41497689605182747,-0.30050184288973836,-0.5595259426650742,0.4683406142303708,-0.04584769046305247
0.6375764141669807,0.517013270372469,0.7792619529402622,0.5068181585435454,0.2939873486265407,0.7659274998715391,0.848395461272393,0.8288879208922555,0.0,0.5223779962473871,0.5531732529550395,0.5885735759018788,0.08229824879799061,0.6083237565675294,0.5629624796361482,0.3852702259562651,0.1863053868831485,0.18574826088756224,0.1368758939125061,0.48379498885028527,0.7213731335481182,-0.20370719349371225,0.4875526572057923,0.5037539890638906,0.4341188500660076,0.2649357470364689,0.428208933689106,0.318143419291531,0.7765501872868397,0.134749266191028,-0.58274175761927,-0.4418660189177813,-0.4540004156625422,-0.5707791747164167,-0.4802938490803253,0.5853614953387035,0.29414880386179704,-0.1879670276503957,-0.02692942320894303,0.2739472566439458,-0.13197476296075777,-0.12780039429716597,-0.4866186288992424,-0.025828611463469674,-0.16647889852019157,0.001893197835136084,-0.4239169051540216,0.05312452107557509,0.6107441321496088,0.16661713467342235,0.4101427644015391,0.6314474356047496,0.2973384603539475,0.38138519591192366,0.6450314895647818,0.839461814533863,0.572256897662767,0.9251708021974829,0.18134912007512283,0.6119759587463194,0.4247307573198446,0.2002576570705389,0.42502082022648985,0.18214572968280385,0.7194767888592796,0.4568825760042322,0.7592585676881904,-0.1887052479663419,-0.33111774081421497,0.18559270980298526,0.7061168991358521,-0.3641751884391437,0.34093068272599314,0.5975390261641139,0.5958866168099937,0.4778032804180209,0.7753034609453148,0.608245214834428,-0.501659739318191,-0.48887392287701226,-0.5041307372377978,-0.6548126299886663,-0.39585784651156686,-0.3766429179606243,0.26873545529680515,-0.44266454534726396,0.22203800449858044,-0.3264580592397452,0.5305625188531001,0.2088770974957528,-0.28456388674408184,-0.17257250657252404,0.11393035683046356,-0.6042266274348663,-0.21214534638158328,-0.10093925166490171,-0.019096576035731554,-0.4125605381521181,0.492233775162338,0.1963983294772372
0.28252587112938193,0.269741978120323,0.45425899438978873,0.3952322020278681,0.09826831300379393,0.3493253112835246,0.5613568648978056,0.44817063389018946,0.5223779962473871,0.0,0.8938933974127322,0.8509921749148058,0.4108813112805717,0.8700829541674363,0.7935524777675268,0.32664342055917733,0.29011345224648144,-0.2911198178795811,0.13031644507497098,-0.2274422003123085,0.5154684952408618,-0.13211335707313607,0.1409835889618333,0.6970255941812329,0.6904422220441447,0.2480029432437756,0.2648366521156772,0.2767596324268579,0.592942710259883,0.2189365631372794,-0.37192582165671334,-0.2974454078214687,-0.27097534458077466,-0.51146215020377,-0.3616992690021704,0.006182455066764164,-0.028315262668459663,-0.0728387696899726,0.08107907925256762,0.32652337557088423,-0.20505271777417614,-0.2814694967668977,-0.2744337490219388,-0.05892139359822874,-0.34467622948849636,0.0838432096088998,-0.34591152493700067,-0.10571103742222103,0.10399637154557477,-0.0005353652855309624,0.31229016194212733,0.3573384420645932,0.3824952722317044,0.32146796810642864,0.29543192083562847,0.5002400183533147,0.3262907506915613,0.5211227435821042,0.7163548146806067,0.8368349772244459,0.8507205999414695,0.554139735356768,0.6529586595607527,0.7245460850449705,0.777778472501713,0.8052954314309092,0.2754527744917418,0.02574308999759398,-0.3301403647006699,-0.2765344560278054,0.18334509459372722,-0.3509583616040357,0.11574317127584972,0.7975448454496963,0.7250331902090721,0.6134422264417388,0.685927490604727,0.5910542505646627,-0.43182489179271194,-0.20564737113066622,-0.44345579192969053,-0.640809306742682,-0.5025595898443546,-0.2943697233746023,-0.0004628958083047938,-0.5900948665806297,-0.03916728725474773,-0.43108519054885414,-0.06926799664744505,0.02324931605256317,-0.14631514785959124,-0.01913733544001661,0.21709113265839347,-0.4329270805913703,-0.08578065059115715,-0.23468467412744712,-0.17113726296615403,-0.7064899166327089,-0.09230348373297056,-0.09245274559315457
0.23045464518499426,0.39514522682375497,0.563062074376269,0.4415807584006344,0.18931791321980387,0.49285886581887733,0.6591912528967988,0.5913583233128695,0.5531732529550395,0.8938933974127322,0.0,0.9256769812186982,0.45824864551463945,0.8514223998775752,0.7282765883192878,0.46392846343839456,0.47308160639488483,-0.09783712913507503,0.3340184542758066,-0.20819374467971752,0.6680773722292289,0.04443494339411879,0.312803758182531,0.7725121843353981,0.5180990279428622,0.3681321873785982,0.2435609349100228,0.375712408677213,0.5708898524851876,0.23978943572523181,-0.5333040133988134,-0.46038858056442233,-0.46819023109912905,-0.5251248967102591,-0.2865149795446165,-0.031665619133160794,-0.15098444422437596,-0.27975218895433684,-0.09443362997395179,0.16527446485500602,-0.35483444530037456,-0.29081909136532097,-0.3638050248373145,-0.23619774206813363,-0.3122881144294757,-0.02441366379819158,-0.4131631119587345,-0.18174143745274732,0.1554983810146345,-0.09286206160851661,0.3502378535400884,0.4986586093996383,0.49036806138413813,0.46304090049948715,0.44415703160150016,0.6191376810596797,0.5140393624256345,0.6008804607932362,0.5288932741725758,0.8220077907235369,0.851750360453718,0.5752184110242688,0.6646302798077094,0.7068050394732275,0.7984290107871668,0.7647046826833573,0.4069184239672473,0.2138742127077589,-0.17851282152664433,-0.10670907128926374,0.26895065130829277,-0.21195829562724322,0.3154822185581789,0.7304916169542848,0.8166449181554483,0.6569314232403453,0.7648844436443648,0.6636326768920382,-0.5910238377019597,-0.3143989549903994,-0.44985326485213956,-0.6731124300446901,-0.5927485783305879,-0.2041331298882618,0.006673032489470613,-0.5507054778864336,-0.17777804892935434,-0.4086075489687632,-0.09983966575989897,-0.09709352230693506,-0.251996084019025,-0.15108493442009538,-0.017048489879115634,-0.5414208358121358,-0.08360775745020425,-0.3974009615536313,-0.2593483947488169,-0.719756330791467,-0.0017845440167506593,-0.16561099944554997
0.19392440019040957,0.457791224219973,0.6366197723178559,0.3726566876157644,0.20203393884607768,0.6212227456465561,0.7024524411424846,0.6816428856054628,0.5885735759018788,0.8509921749148058,0.9256769812186982,0.0,0.5432410134981699,0.8395104171641303,0.6258685759493231,0.5223151508444128,0.6590922335216434,0.07375371425363589,0.5236885637895003,-0.18894205640055903,0.7861280173781252,0.2347413343947078,0.5280215741972849,0.8863623444696364,0.5483413839945896,0.6156396389113735,0.2604380827880097,0.5765981011723802,0.5429892199699332,0.4272450852142023,-0.5861350492675544,-0.6002212888322898,-0.6366425873288128,-0.4556408657589511,-0.19757401466420643,-0.04442646995730166,-0.2309574951230008,-0.47825770634592335,-0.26295040072047593,-0.04917832620848216,-0.569116821821063,-0.2118709172945163,-0.4714566501774654,-0.42144640101526837,-0.3259723344921035,-0.2827486144609465,-0.5060477729745226,-0.38681714543446105,0.09404229275210468,-0.30419410736019903,0.37693891631828097,0.5654827592996238,0.5455176744801348,0.4535599607101501,0.571654702463653,0.719464950228912,0.6162698872577306,0.6781183476120208,0.3492648192481557,0.7865383229610897,0.8751686689931713,0.5526577128506507,0.6610718767797894,0.6955611899642721,0.7867848915437222,0.6521849925583936,0.4920060027785086,0.39998682842525085,0.013937045049783233,0.10705112257192025,0.3505481547752094,-0.036012130006107194,0.5365117765745286,0.7579177871905894,0.9029420451503087,0.7745394233616593,0.8284166590228301,0.8229234651633931,-0.6479835811410084,-0.4579216439145777,-0.38209425768960664,-0.6527448696208566,-0.6248206178543972,-0.06328882138440442,0.06809606801749934,-0.4724421427157842,-0.2892769062445891,-0.2815195921979378,-0.14460417744301743,-0.24774141827834054,-0.35966566534445815,-0.32835570278212256,-0.17076854087151486,-0.5579532752373203,-0.04630385404151346,-0.5698362336545847,-0.49992926000289234,-0.752998507939855,-0.043961286694714746,-0.3349781500778012
-0.021152031204596255,-0.0509470421764705,0.09612398035051585,0.008925661495684942,-0.14910128694602426,0.06938087626623789,0.046610734864188104,0.08825622066188932,0.08229824879799061,0.4108813112805717,0.45824864551463945,0.5432410134981699,0.0,0.511489763023433,0.25469151741469337,0.04315171439477422,0.5433768473362047,-0.03779188522596849,0.40433952041412224,-0.3437520892781161,0.27964615100794193,0.41932074278395653,0.323149891044791,0.5891873108907884,0.27870441896384796,0.5636507426159002,0.2733970405682096,0.6213141391911592,0.18201620824358364,0.6158387683597074,-0.11153264079429753,-0.2811328284343217,-0.33879299730413853,0.05758494691062727,0.2602708060715079,-0.30361656593024494,-0.1472660816918582,-0.3772662462576043,-0.04977795384702268,-0.24239917465147137,-0.3208681450628358,0.04459381814039746,-0.2206704623881782,-0.4171199449135832,-0.33712987597297167,-0.2702048640624573,-0.003105633008865549,-0.298643985666237,-0.2974404166295623,-0.38365509166920425,0.39844678186486904,0.088109649774067,0.2478923306632613,0.052009801153140765,0.030843974222098346,0.15746726378218537,0.06207286292113314,0.16722685341654348,0.14602540500609737,0.17786118971825807,0.5163408099895415,0.7889946259814224,0.6394414197302232,0.5573439616634429,0.3281082073420045,0.3527195838861328,-0.06902394282534524,0.5336249240896085,0.311311957405872,0.07262193658207836,-0.095190553739807,0.25488968858428235,0.3679215527159789,0.276096836546594,0.3470449884851196,0.47178342995029704,0.4261496207578864,0.595528149720394,-0.24781324163930274,-0.13005344164728871,0.14345043782404998,-0.09066687152067013,-0.27784506001412557,0.17532315382611022,0.09797175208846533,-0.021031748938516896,-0.14969979310435313,0.18109458590379554,-0.398675795455644,-0.30270724863901965,0.13731489098317173,-0.10907601416544739,-0.1578973541240122,-0.15181685847022422,0.15737065653505902,-0.4765450473693682,-0.39171035134575705,-0.2517777312401673,-0.32637448857708534,-0.38823796080968337
0.40072155245571384,0.2642629866125428,0.5512407458187599,0.34271967544986875,-0.0012396285310115474,0.3936873852882802,0.6261003238264555,0.5193978590986005,0.6083237565675294,0.8700829541674363,0.8514223998775752,0.8395104171641303,0.511489763023433,0.0,0.8683907585160683,0.2982435417160608,0.3974006349197073,-0.25613760363147664,0.21039890102197148,-0.16015495171186375,0.6577564071441814,-0.15596419376961457,0.3006286572385335,0.7589107978576206,0.6252929183100198,0.2883382979662361,0.3351812136570381,0.39651950243797324,0.7717970697219336,0.23088730520948733,-0.40582273488913023,-0.3183536231586232,-0.43857536222934457,-0.6415722853269545,-0.4370518279268764,0.01796995942924351,-0.03730473865769557,-0.13426948801469502,-0.02430642979612847,0.18116500532691904,-0.31635129602573925,-0.3306550468579158,-0.34363388886763546,-0.08755749053467143,-0.2599309950952707,-0.01651309862821262,-0.4806768041965291,-0.10973120161245893,0.13988766931573174,-0.044355524702726135,0.42433659397458934,0.4162050764973081,0.3713085717661238,0.31899297681808586,0.33986584293996563,0.5946236130846891,0.3880988179504265,0.6243436812980958,0.6144681738267229,0.8136599080135998,0.8546991134083932,0.6824306773958235,0.8303467730037881,0.8034933238658022,0.8751960159522548,0.8793799595243573,0.37158248021693574,0.1014973521892347,-0.3053615477136691,-0.19725940840246375,0.3378881493924621,-0.35343013051030153,0.30410207021713276,0.8106732846749364,0.7845197814220805,0.6494859643776788,0.8348978678052832,0.743278463905185,-0.4237696419238388,-0.21436654079782103,-0.47989786892315417,-0.7248717808782871,-0.4423631897586577,-0.3245444960622032,0.09081155897907021,-0.6199529446758975,-0.08177470421877288,-0.4420346147721528,-0.04703640078674089,0.0009729390136351447,-0.217277376636287,-0.00882210848479193,0.17209262952042684,-0.5302946404282968,-0.06629969109723792,-0.2429793972687332,-0.19567369892637315,-0.6992574542000388,-0.005996685036257567,-0.11774024203374088
0.5349191390908552,0.17325629239634352,0.44438717192897204,0.38022374373171375,-0.005177814375326828,0.24678749220027119,0.5969034200824728,0.405288997427319,0.5629624796361482,0.7935524777675268,0.7282765883192878,0.6258685759493231,0.25469151741469337,0.8683907585160683,0.0,0.2701115912874742,0.13954213089684353,-0.39298724967327076,-0.02828823137039367,-0.036808837363886515,0.5110309314295303,-0.4609361400398996,0.04582009055664571,0.497166280653921,0.6594225155731087,-0.05182951986449676,0.16211497858953738,0.09299859899594409,0.812706226292658,-0.05206889288333518,-0.18963512371836425,0.0004595915902459164,-0.13607735282326766,-0.7150767469830643,-0.6773552849906332,0.2336793769001262,0.15221165773064965,0.24059448992451604,0.18329301441278784,0.4289709785115743,-0.0015484892283500575,-0.40000324556021205,-0.22161330928622897,0.2622373716667385,-0.21675903576246475,0.2513751271253193,-0.47749953192201494,0.19579447685085916,0.33889292535152515,0.3480775402041385,0.4249513310375694,0.3208941748497157,0.24496220881944955,0.248230674081921,0.19223074905618828,0.4394846287581545,0.2642086344478115,0.5053628669432014,0.7188313171409508,0.8302969011793251,0.6761104700258322,0.4634624001150704,0.6298262035463398,0.7128457493616177,0.867178708644389,0.9689445427087418,0.3432335430299549,-0.24743035858647466,-0.6051935385984588,-0.39056382496261394,0.38854175856792544,-0.6594517258465965,-0.02477267437205367,0.6795814598888573,0.6145585326629985,0.3898438074596029,0.6856609165690364,0.47530424057305753,-0.18023456039184113,0.06266733679031601,-0.6521917916335586,-0.7689238105532477,-0.4109307422958265,-0.598754647122869,-0.08797925177921105,-0.7750368190770579,0.17362727681867662,-0.6326959031078776,0.17191614825435164,0.17889941119233435,-0.12854252907550462,0.18358682375409238,0.3548507808780362,-0.4075477270306494,-0.24973978708451955,0.08585662543104126,0.05644108992651324,-0.6371176417630046,0.19148830697502098,0.2597490358555238
0.35932552639549636,0.8407687707253229,0.7445441847971354,0.6637903636284328,0.7493053503688957,0.739279541926703,0.7443719566381557,0.7622551147339975,0.3852702259562651,0.32664342055917733,0.46392846343839456,0.5223151508444128,0.04315171439477422,0.2982435417160608,0.2701115912874742,0.0,0.5103764175125124,0.5384840842799726,0.5755575026565023,0.20055536755273287,0.6768686366758284,0.30441569255202816,0.4591483042823059,0.3701850186884791,0.23014848393263174,0.2506177745927041,-0.28880555223775844,0.16422204837299265,0.1121198244113846,0.1616041939564015,-0.45374690177446986,-0.39754386637712885,-0.3558088902688927,-0.31571161187755403,-0.1766525946953561,0.16360567614968044,-0.45374942615542885,-0.2816570273760166,-0.32697298331590796,-0.06521486653004123,-0.3988776289566744,-0.23456044383968186,-0.516037133596847,-0.2708822847769172,-0.13689240387842133,-0.25283587505731775,-0.5862008025715859,-0.17498299665116487,0.4776832764239656,0.00037269952447590356,0.42264628869556425,0.8277961459776523,0.80427724429253,0.824794070978906,0.7354953514347706,0.6897249107030587,0.8815630744311154,0.5120382318061437,-0.036619416784244095,0.44733956268630404,0.3076976805092249,-0.10043119052755542,0.04051114848548569,0.3343406955005749,0.4774880751861895,0.2892108707595428,0.7169427622856382,0.28445910396501933,0.10506347922006454,0.4245743553213652,0.486591050601383,0.04171173754152979,0.3985200418882283,0.29971917016695615,0.5967596230723228,0.24824677943593665,0.32229805245962956,0.3184769276027736,-0.4384816643807071,-0.2302513537450341,-0.5589733783291335,-0.48097938804964424,-0.6536402883680299,-0.1276614372946514,-0.4498469587585005,-0.3487862909639395,-0.39812649459261495,-0.3487609762229147,0.21077877184775606,-0.32669574342876984,-0.3925945352175666,-0.42003777821136085,-0.32096426983557863,-0.3246443715279709,-0.31393487157686256,-0.4242654349008136,-0.2857858924414613,-0.4423305873311449,0.4220377818189477,0.01680412512277701
-0.05323119730354066,0.2673830915547538,0.3921866038612321,-0.032828314995943,0.06527402184701035,0.46134748446869656,0.4252049308232684,0.4539101114831694,0.1863053868831485,0.29011345224648144,0.47308160639488483,0.6590922335216434,0.5433768473362047,0.3974006349197073,0.13954213089684353,0.5103764175125124,0.0,0.4752466177182892,0.8810278110990019,-0.08658105754886146,0.7141132070684872,0.6531155801988977,0.7596459033193809,0.6646126512707752,0.12560586234849785,0.7253010012210626,0.012163915473560162,0.6827372771868115,0.17995668590517228,0.4488670259762983,-0.38168006973135055,-0.4479557659472304,-0.6449842495750974,-0.02211443315460622,0.13392978216899878,-0.15951833360654696,-0.4341797557270739,-0.6124295728233252,-0.5398672619779528,-0.5469643052815124,-0.703196273233106,-0.05106345367901901,-0.5230465985286362,-0.668631655996975,-0.3438270278765399,-0.6486279405086114,-0.4177380561929248,-0.4698047235414828,-0.09915022261549616,-0.5245410002016032,0.27688342594581183,0.37045152274725546,0.36363118486572626,0.2526786195834778,0.45299583136760974,0.4517947932780984,0.5310662937134354,0.3420039302222741,-0.2798447928401361,0.288806740500605,0.43280065140603247,0.29715349687058146,0.3247812748828528,0.487495833930822,0.3663481212236241,0.18689020314144264,0.4194901898306905,0.8172828946115114,0.5249594222041291,0.5139574449383646,0.38744646869172417,0.4305163813403014,0.7919489022985728,0.29849367477643973,0.6387029778880122,0.5337802795249401,0.566317252638562,0.660036248058923,-0.4287563805829263,-0.37734993889020224,-0.007760304555752167,-0.25287921439691136,-0.5954862587647884,0.2301929518617621,0.017788858401868387,-0.07570199353026233,-0.45460371317467385,0.04764953471454025,-0.2810736990112638,-0.4793164640944576,-0.42661833355053186,-0.4664678142867177,-0.5338580234532926,-0.3110101169055597,-0.015626263458231992,-0.7528564157586671,-0.7577588608309779,-0.3549047378524496,-0.047905070438367475,-0.464981801223202
0.0015948401202862876,0.47256901243252725,0.34641657989171326,0.21444089414954975,0.5107532099642161,0.5833237214974129,0.3062093208895774,0.4701897227568713,0.18574826088756224,-0.2911198178795811,-0.09783712913507503,0.07375371425363589,-0.03779188522596849,-0.25613760363147664,-0.39298724967327076,0.5384840842799726,0.4752466177182892,0.0,0.7104349435076112,0.54687349582224,0.4384793667427576,0.6398459552190631,0.7152783079726457,0.012871212719276543,-0.32020780548539596,0.4353250726260446,-0.15597066499232282,0.3435936283707483,-0.22888946070412552,0.38904296378049635,-0.3232057941067907,-0.47380313647269334,-0.3812037495156537,0.37806366351799914,0.373240504987624,0.3428235096948214,-0.1388529669600222,-0.5385156031426003,-0.44822744505645984,-0.42964906527312735,-0.35568497258977444,0.2013287750017643,-0.5484262070684689,-0.5106966528779687,-0.07286518601927958,-0.5463974332542666,-0.15735199560914562,-0.276422417456611,0.26295497595150474,-0.21440456141598757,0.07090559608054854,0.4522627897832038,0.29300343920892363,0.34948778299869016,0.5798339328916082,0.3928799721933526,0.5843428420478133,0.30675799832515177,-0.7405277287205025,-0.17700276829621012,-0.23702022456502858,-0.3808873919464503,-0.3995310404708872,-0.22972728448697954,-0.009965003121828997,-0.3785414610535569,0.5755285604044228,0.4852695526989911,0.6644456806879073,0.9591103524219207,0.5106856846483454,0.5893862433988785,0.6426571031386449,-0.23635086001424777,0.07607268915050461,0.06958491051540472,0.07449719885713674,0.16618373252555738,-0.32412243192086576,-0.494165862779338,0.08363128176134732,0.20416823359619896,-0.3681242342428705,0.3555388047215266,-0.03855074008683835,0.3979081723672526,-0.11602849587920135,0.3312969912719444,0.3294989048623266,-0.3688012643696505,-0.26910391385277277,-0.4556300534091752,-0.5819784276438116,-0.07030882171650489,-0.21788625186700505,-0.47495535573837305,-0.3942558014418711,0.2269194400289928,0.38700867540089867,-0.05585592770377402
-0.11943083683208269,0.3419566741843495,0.32663876035900236,0.16829256450499158,0.25771496357403023,0.5069343098627576,0.3820032340367767,0.4536996269947573,0.1368758939125061,0.13031644507497098,0.3340184542758066,0.5236885637895003,0.40433952041412224,0.21039890102197148,-0.02828823137039367,0.5755575026565023,0.8810278110990019,0.7104349435076112,0.0,0.07232953502073133,0.642334192687339,0.7343082002371861,0.809974152080436,0.43912243009736984,-0.06880560480539277,0.6936172584419807,-0.07330282749443638,0.5720201457975075,-0.02854437609385642,0.5191916524669166,-0.45012088470078193,-0.5597830523119723,-0.569423158137808,0.18727049506790308,0.2965267089027476,-0.023327848236325013,-0.4075412198681917,-0.6754743736675366,-0.5549790019827613,-0.5044409327101143,-0.6316199632458851,-0.03652634607742323,-0.5658843053831855,-0.7189447847210845,-0.208957493045992,-0.6536920804750932,-0.34827397312007685,-0.4665137036088873,0.002336247989535372,-0.46387123941413716,0.18153691592493504,0.38910753324652264,0.39481828887219583,0.37035710921174225,0.4867550271297966,0.40454242050226197,0.5845489970957384,0.2900257570294828,-0.42377419220713464,0.17160611990731314,0.22897842611687116,0.10184211963733018,0.03645267763220222,0.3077932833422218,0.3205378400235583,0.03880368287622258,0.4853863541191439,0.7926959215604428,0.651644531129645,0.7146152382317843,0.3818361533897425,0.5432288391710068,0.7970173056341817,0.05864744071083986,0.4464390209175344,0.34363013189212666,0.39581498601620557,0.5043877044114801,-0.5170753043768126,-0.46893228104131374,0.023540585218586048,-0.0898880103616002,-0.5841743605789839,0.30418453344760765,-0.032698855606405605,0.11185011794575021,-0.3935693423272298,0.15071759327730572,-0.124563418033862,-0.5578873630804463,-0.37322039235325905,-0.5805068947878164,-0.6835161968752391,-0.31023131719684766,-0.17180773692689827,-0.7459073718389131,-0.6684950577677723,-0.1746290344438469,0.09686289527032572,-0.3514189241204576
0.5416235089774278,0.2419794671594364,0.3113515881789079,0.2219084633803622,0.35501200233759395,0.4315417168357988,0.372664905388818,0.3399781481381914,0.48379498885028527,-0.2274422003123085,-0.20819374467971752,-0.18894205640055903,-0.3437520892781161,-0.16015495171186375,-0.036808837363886515,0.20055536755273287,-0.08658105754886146,0.54687349582224,0.07232953502073133,0.0,0.20833737235718966,-0.11499148726487071,0.3462709982380345,-0.31264303944463856,-0.06896942250191834,-0.12565664003546773,-0.0018534132428630295,-0.013519917318184393,0.22810547504744683,-0.020824024906913218,-0.01395159369789836,0.06813507161179315,0.04013310937308778,0.029271418534764473,-0.2164382106732039,0.898343441912945,0.47679926564858194,0.1880636479253602,0.12928120929518871,0.2719780345610709,0.3382395496753434,0.28096561202154957,-0.3697143267517152,0.274756354366365,-0.1113725353568207,0.05632223787629016,-0.05533013987353783,0.43893017935837336,0.7131321156098432,0.5277908794981523,0.12839504529292783,0.26436961741287474,-0.14191738478444432,0.07722556131902666,0.3573793509895459,0.31473994788101944,0.2231037299144087,0.3571953050757608,-0.36117805735933267,-0.07297036687325248,-0.41547815318923453,-0.4247736288869574,-0.3972713378445268,-0.38465939040491953,0.08969025214839715,-0.12074554986743331,0.5819500232462161,-0.32119287727871637,-0.08816310070286892,0.48025906575948696,0.7360337171676472,-0.09859405832416204,0.1091114172162065,-0.2061472005780265,-0.1784769096086086,-0.18887826051039633,0.08388397236541759,-0.05521325594332453,0.08138048393248942,-0.14566948939188964,-0.16376624504048448,0.03580200841277395,-0.2089577333404736,-0.328442968467171,0.06473648411221464,0.10337882203198455,0.5571062417343674,0.09494273649678406,0.9089225919349376,0.3536693546110848,-0.05479648262147414,0.061595665688946276,0.12089099619623854,0.025401034703507217,-0.3154855050765366,0.28221071946501375,0.2680369080866862,0.4295131789848841,0.7854097369842635,0.6427820330576183
