0,1,2,3,4,5,6,7,8,9,10,11,12,13,14,15,16,17,18,19,20,21,22,23,24,25,26,27,28,29,30,31,32,33,34,35,36,37,38,39,40,41,42,43,44,45,46,47,48,49,50,51,52,53,54,55,56,57,58,59,60,61,62,63,64,65,66,67,68,69,70,71,72,73,74,75,76,77,78,79,80,81,82,83,84,85,86,87,88,89,90,91,92,93,94,95,96,97,98,99
0.0,0.6627210468061042,0.7079054230025763,0.5250969572797604,0.5315986686902341,0.7451766007353392,0.028074252443505504,0.35196867556341804,0.7138262238242374,-0.1950446362765925,-0.19976753099490416,-0.3162928302197482,-0.08500913148577946,-0.40790543154910464,-0.4214543424951646,-0.11719693677670981,-0.48847324987016133,-0.3012357804656809,-0.5006807377934321,0.1667104060902125,-0.4423782701964207,-0.51046987489415,-0.5240577641959416,-0.4241201285752695,-0.006133845341522977,-0.21806884710348365,-0.2889236570436808,-0.36001499405746124,-0.3738681375259476,-0.3573158624486468,0.422115393387591,0.5178406501252576,0.016570417336530356,-0.7504162568553538,-0.4796236535044177,0.3538144747362072,-0.011033117346877811,0.670581941292991,0.04970644869840734,-0.17366549739835818,0.33386503386331606,0.40712643670864124,0.03795107018569569,0.4942136825080777,0.16352453472986622,0.19054887545631843,-0.1580959110268836,-0.15734031006292887,0.7688140156948069,0.6020162553885932,0.758208425850027,0.7640297996296587,-0.13844928616765179,0.527313284592223,0.6892188852958002,0.7731041351984888,0.16983204425414275,0.6988860262824803,0.21164745044703986,0.24489389019148075,-0.04752473425550665,0.1264856400661218,-0.28651663650918335,-0.27064608922329786,-0.31741505737371095,-0.4465494425999923,0.2551632789196451,-0.5026266817934734,-0.8060115152068135,-0.3364386489194393,-0.41617705110188064,-0.5957404208572123,-0.6775434422190797,0.09863190455867199,-0.3351827884801503,0.280690242296499,-0.4063125815268915,-0.4351116102518483,0.34622559778370915,0.5177456775596612,-0.5493510073829583,-0.27587900364192963,-0.20897685804183994,-0.605808672033528,-0.6296543483973389,-0.5196422372974764,-0.004569206489337018,-0.25253558617150623,-0.01466794936705176,-0.0268949281856491,0.20566912846427157,0.729742389036542,0.321096797412831,0.5504436227220383,0.06879147567615936,0.3952228308407679,-0.14118586702057548,-0.18394215914001338,0.8114422027075031,0.4373943283691745
0.6627210468061042,0.0,0.7334406056888888,0.8982467827023541,0.8358258313019675,0.8670792287378756,-0.28110218678784327,0.5548141967562314,0.8620214844760329,-0.6574108286420208,-0.5086606220267265,-0.648877045957734,-0.21623423778803882,-0.6218520577592144,-0.6168062961610093,-0.2862448933961937,-0.7806862086235536,-0.3360504111461802,-0.7501105166316786,0.11128621854097365,-0.5757844693801788,-0.7230502481964401,-0.7335072857248633,-0.7458847507127788,-0.41542761478687584,-0.5262733016267565,-0.4595658937246769,-0.3918028536201389,-0.6727051544976692,-0.5375963853451259,0.3441375483638882,0.3703613256701674,0.12266892733712764,-0.7917655699928873,-0.470451177257147,0.4018921234635183,0.1563796565395209,0.46054683144060155,0.1815368794638081,-0.6563987240625523,0.48438200644130613,0.249570772397226,0.04813258853288934,0.525686078613789,0.2978758790286918,0.25282979959457297,0.0661418947809852,-0.04139936603841529,0.8197517988973648,0.7036120486874962,0.3079592990774119,0.7776283411710034,-0.31959237675975555,0.8907861818664312,0.8985229250894059,0.698481323333283,0.17788633829602063,0.8928175454854077,-0.14263510928270934,-0.18423549920185908,-0.4003260344899679,0.031198399563859905,-0.3719374011492741,-0.5585138721944097,-0.5448504072829162,-0.6170979821057069,-0.18902231801768582,-0.7453704767634606,-0.5733053268279817,-0.30256795512440243,-0.7054468197279384,-0.7302133796896232,-0.7425084820642213,-0.11796433431233565,-0.6805617784869329,-0.07303896409074394,-0.6813769857226811,-0.6376414035853248,0.47179367634217717,0.2619243707434607,-0.44537846861280433,0.030394057466001715,0.08048536920540549,-0.49320745507552666,-0.7233078548427849,-0.2579422212682863,0.1602261518460554,-0.029308924077644048,-0.0003850333102458018,0.16024805153011643,0.4600645296903817,0.40445611003742254,0.2574632422176226,0.4958720597281878,0.040610087436128206,0.4109187314460283,-0.05557085773047075,0.060277302161378304,0.7214825558031323,0.5936728492867244
0.7079054230025763,0.7334406056888888,0.0,0.4336374645449059,0.4225326385205028,0.8219742204773353,-0.039263622805716214,0.6823018827435767,0.8703292902427646,-0.23114755380171872,-0.10621678282018952,-0.21353825896464576,0.15854914249381724,-0.28632721792291477,-0.2666383098166231,0.0037340178290929476,-0.34666598455370307,-0.04458190925552914,-0.3670043113725152,0.1555450559294138,-0.26268832002418785,-0.4017779338816244,-0.394978890715693,-0.38349805717945445,-0.0350792369071527,-0.23053401427965806,-0.33649019089494103,-0.4368991303935832,-0.35180063352686414,-0.3549637773966865,0.13652937651450575,0.10044202109457767,-0.09463358453203947,-0.5675079548071743,-0.4971712650751392,0.11378062334109369,-0.2001790890151978,0.34024404734931807,0.09344481098996076,-0.18152734814835061,0.15096520574668362,0.038849450501929894,-0.21386317613619682,0.16497802704625328,0.17210863783778113,-0.13121665949428096,-0.19568343128482402,-0.3120254915945099,0.6275668243060121,0.3269213421346912,0.4370616387853633,0.7987551402177472,-0.21505634113713776,0.40078596107686004,0.6758736635860687,0.9154099315832259,0.24768086830221966,0.8080818308190166,0.12137718470870508,0.13889280541295956,-0.01589037347729241,0.3593190035740165,0.020514299627813162,-0.16025879104328555,-0.1674609474684984,-0.3162419561281225,-0.2612220949523799,-0.32613555816744094,-0.5722278130845964,-0.0849866779365086,-0.32031075198504244,-0.42705634355470307,-0.476524862749162,-0.13073500437065858,-0.27450249507798125,0.07582720196744235,-0.3766445725103401,-0.33380284408214517,0.14976020749854366,0.05311626716354922,-0.5230651013021702,-0.3715026589020149,-0.1945264234609149,-0.5057916080696624,-0.6073939095908878,-0.45290687843495975,-0.1826105290626574,-0.35926244763159,-0.1259402458404604,-0.2294256467926558,0.05659826154963551,0.4569840526621375,0.2171843072313151,0.22046421243990624,-0.24886909431033363,0.029815660088826322,-0.3629035384618589,-0.3353876575887162,0.6231096645836919,0.1942889950864998
0.5250969572797604,0.8982467827023541,0.4336374645449059,0.0,0.9352004151271814,0.7586522012656056,-0.34256501870531864,0.342432426099903,0.7137832012048223,-0.7064794758437893,-0.6076548728482857,-0.7898485182706062,-0.4555116527552766,-0.7542292540006663,-0.7601285446939615,-0.45875141801815894,-0.9246941022284602,-0.5341374830793916,-0.8805764796896077,-0.052980731083417,-0.7217838172951208,-0.846220103739972,-0.8606686706377022,-0.8082910409698788,-0.4941247690902596,-0.6071879794000876,-0.4899064274747033,-0.24438242581581315,-0.7565450695131549,-0.5252310405372745,0.5198074526058836,0.5772842313182517,0.323429933839062,-0.80573540936974,-0.3872675290190642,0.5626473336602945,0.41357730649567,0.5744172899694568,0.31639803783730386,-0.758761616503584,0.6495340991197465,0.4337288998691998,0.264438441996326,0.7275962006901813,0.29080419169986993,0.5093888463728653,0.25163467719572985,0.10832074263647123,0.8065764064816119,0.8213147564510223,0.23137221458360316,0.6010973222675923,-0.3838966477425137,0.9844482144595147,0.8806120453162473,0.48994110885905995,0.06982770911548732,0.7902342423709056,-0.19105861216525574,-0.22246328037067367,-0.5263928045961246,-0.21310634042927043,-0.5989238372306398,-0.7235337982189424,-0.69269693125167,-0.7323230945630387,-0.06802232766434625,-0.8881870221514716,-0.45437984885779736,-0.4415071706761943,-0.8315178374560829,-0.7881000595117005,-0.8331983689001208,-0.01169758864446367,-0.8053279383491253,-0.1053471699415839,-0.7350707892990507,-0.7239628381125094,0.6927682389948709,0.44223802617753033,-0.2601574622107189,0.29831282278471555,0.27643059319302615,-0.38971882921191076,-0.651358016792757,-0.04097027294074501,0.4068627681212175,0.2167097188041062,0.14209643055329024,0.4214471107626282,0.6588469471452025,0.4022036202557521,0.358339253502637,0.6688464894572571,0.3203459351357869,0.6587103798221035,0.22164473090396392,0.3086957771994713,0.695491357631601,0.7746181983651653
0.5315986686902341,0.8358258313019675,0.4225326385205028,0.9352004151271814,0.0,0.8203434913212743,-0.5295080248376064,0.1583151113589207,0.7179629680719113,-0.549446829757317,-0.4772707763811305,-0.7008716730425423,-0.4608512576202634,-0.7732078001675721,-0.8058807918913645,-0.674746658191213,-0.8991940152825536,-0.6963040200901149,-0.9020971326550111,-0.028422903192883875,-0.8221918629246727,-0.8219577238409936,-0.8334345047740234,-0.7089407302962438,-0.33800270816026706,-0.4704134780333266,-0.37670287368979777,-0.05259966621262397,-0.6524899369611098,-0.3392783130335309,0.4672889770371791,0.6078999310198137,0.3403280542219831,-0.7791323764555539,-0.2720903638445967,0.6747663429149361,0.5058982782963843,0.5738659556719863,0.32546416667476363,-0.7710154195486106,0.6769319112115527,0.5295790478285687,0.33026595565616196,0.7714318028617502,0.38358392569929545,0.4883329525220303,0.2793493418451704,0.21417014976030263,0.8684967813524878,0.8414251736790909,0.14021191700855692,0.48422337252260783,-0.5594531724507193,0.9266092528969192,0.9307138625914215,0.48346245923685155,-0.15041616484205642,0.7323713648144421,0.018625697219762913,-0.07802738805881296,-0.3445955100830886,-0.18680386550094663,-0.6362336487965035,-0.7750008917478375,-0.7868955759237914,-0.8025142218823018,-0.11511892844218419,-0.9008723568090922,-0.44726033673951726,-0.6308169005925159,-0.8402434680590153,-0.7133801716221309,-0.8222659709634061,0.07567630785693337,-0.7171693105229368,0.08172634346102514,-0.6239889761413128,-0.5980035560430036,0.6735089163624172,0.3545020759398061,-0.11197451952229288,0.29340935625687625,0.28148708149045326,-0.3004156396003269,-0.5211720360377374,0.034201997949094405,0.5182668549892441,0.3629466804130621,0.2782502318491292,0.42827163874631585,0.6205698353081922,0.3951143927999494,0.361791169380996,0.627215930798639,0.4044932945686837,0.7015227588532925,0.18702199040226594,0.38626832614936185,0.772734733109629,0.7934006903688167
0.7451766007353392,0.8670792287378756,0.8219742204773353,0.7586522012656056,0.8203434913212743,0.0,-0.3479549403621284,0.4156512313257755,0.940970841613143,-0.39270188563083325,-0.2751015516891124,-0.5078344696070278,-0.16635926686489588,-0.6121242997693866,-0.6271469651029351,-0.4477292855263793,-0.717334714528183,-0.4785088058508996,-0.7431571747739889,0.08636722315069818,-0.6605953350948862,-0.7327047342758274,-0.7195074084539896,-0.6178904016055992,-0.17479171012497355,-0.3900095929604737,-0.42609638854311266,-0.24808912322795376,-0.5613006262989066,-0.36731548020210103,0.3645108780351105,0.4367798056350632,0.18744343136256567,-0.7610487311243294,-0.43539751864457976,0.4988060834378999,0.21258969533882552,0.5641088591133052,0.26727669907379903,-0.5245129220338467,0.5286963227715608,0.3667641801883003,0.07979680412198557,0.5771383970925216,0.3310284183339491,0.20728520178112406,0.06964830197315397,-0.030130791682436,0.9291871551208765,0.7057249885685085,0.3656387997900547,0.6864280939383034,-0.516033794615217,0.7396341877350383,0.9601992288780623,0.8589736296188148,-0.03115917179560048,0.8788131369310112,0.15686075400890184,0.11957732705833428,-0.1513919722541307,0.12523640271290606,-0.3626879013932142,-0.5435341755283459,-0.5637124799038884,-0.6726322454226966,-0.2034775936065443,-0.7215393773787665,-0.6039992926841088,-0.48350358766836293,-0.6808004091713235,-0.683966338917431,-0.7797890943208824,-0.00297503494029244,-0.5641974092061589,0.11157853974782424,-0.574996224423171,-0.537515885668452,0.48835643485067887,0.2315713375190247,-0.3495143799460007,-0.042683919678906265,0.040830221505740706,-0.4772732778953095,-0.6549698969057582,-0.23578496418921344,0.23253514116430354,0.018376934339118606,0.13168265460981218,0.12854562877057885,0.3885022064182417,0.537153420512539,0.3577515421703539,0.4713446558560847,0.10761853952016569,0.45800202486389474,-0.11301078034738667,0.054026214562350364,0.8783758803956658,0.600200086144104
0.028074252443505504,-0.28110218678784327,-0.039263622805716214,-0.34256501870531864,-0.5295080248376064,-0.3479549403621284,0.0,0.4078909400674328,-0.1519060913720316,0.0018834553216777413,0.1054637320830409,0.2377362583504286,0.46071089130790116,0.45121344781156913,0.4524641166746301,0.7900008837064184,0.4238089757777057,0.6365030507099058,0.4687352498035849,-0.04450035395329944,0.5492880460669264,0.31885326660314056,0.2971253284259588,0.12014830327635376,-0.15329769489517864,-0.06290550434219193,-0.19200352920884375,-0.4721729213721356,0.0802114990470894,-0.23869893974120487,-0.030996609524903046,-0.30658598715883406,-0.33721957593863516,0.1283015485440015,-0.25003843787409774,-0.5374258328407335,-0.5566791578998566,-0.06104841720602861,-0.17055734998410899,0.6020834875820068,-0.297194157185731,-0.46002854842625107,-0.2760279735012017,-0.353065123874536,-0.5363018703936769,-0.1331444957962886,-0.2652279559109178,-0.40215522674722487,-0.35859308762325587,-0.3584490490219611,0.34851745385402855,0.075960257517451,0.7796442642142354,-0.3677217765212,-0.43764688163574106,0.025539569471616685,0.7436225909485914,-0.04991158104033647,-0.3084536292954861,-0.00913743506487986,-0.07657408907429313,0.30182360922122786,0.47126719311080745,0.6260706916562268,0.6679319487707904,0.5398370839614248,0.47101991285813166,0.5254868792329713,0.009294867547817049,0.7171596870339961,0.42067508706674134,0.18314796923938356,0.295584459694606,-0.17435372823952808,0.21231290392104885,-0.29552752597353293,0.008182203757969376,0.01865119537538892,-0.23715537010423687,0.22396789001674838,-0.44926961671083254,-0.24961624791644832,-0.3262299922828988,-0.20265430408594493,-0.1669205845467357,-0.3928239423287096,-0.6382822786896948,-0.6198862515671667,-0.5180424912391401,-0.28136666095921004,-0.25651747841673156,-0.02209122382688428,-0.1263874640326096,-0.15212801237371623,-0.33020169193606463,-0.32602230582267533,-0.06872722487543784,-0.4623188177231332,-0.3079860024670019,-0.3867841592599876
0.35196867556341804,0.5548141967562314,0.6823018827435767,0.342432426099903,0.1583151113589207,0.4156512313257755,0.4078909400674328,0.0,0.5874775510679872,-0.5291771466931176,-0.15307819850652973,-0.19355354003400185,0.38103885634507956,0.07190543939568096,0.07465666071498307,0.4897695207771874,-0.1451393762888191,0.4839588576572042,-0.06463250173944082,-0.10043616168131643,0.19335570857038523,-0.2948816654572018,-0.2603547123553274,-0.5100396824207777,-0.42712790747989543,-0.4758106240820328,-0.6108946196436412,-0.818061931205281,-0.48759355306220314,-0.6807055158590792,0.13785425593530218,-0.1513743775263063,-0.24168626022385217,-0.3872374886398522,-0.6605836262278457,-0.3698358598426536,-0.5010926605027612,0.0590208543651125,0.029600052839279186,-0.15763172597326694,-0.023658717687483122,-0.43574888025441605,-0.375615459304983,-0.07668807295257662,-0.13800582641401515,-0.14856706387281826,-0.22815474820604825,-0.492883324206538,0.2054328153650603,0.007338269305751723,0.29104631715832074,0.6795186863381498,0.36036328292287895,0.3135388347071917,0.30076528214088283,0.576064317889196,0.7950518653150717,0.6857527915449312,-0.4840572478478165,-0.19190729678251786,-0.33844616397305544,0.42124594699804735,0.3506438172256291,0.2123518496115019,0.2936995488059314,0.1077687733985539,-0.2527213202098213,0.0015775929148931732,-0.3116158509165908,0.5278269082335898,-0.1103502057401158,-0.38638747320031147,-0.20277382313203945,-0.5808805155623723,-0.3124686475285855,-0.48063406668561076,-0.5334391616443465,-0.4530688322326491,0.06166861039040998,0.11001718020694862,-0.7536996405826868,-0.2830140705535321,-0.2115754652262839,-0.5803034671431468,-0.7295810467029294,-0.5270229021728162,-0.5462863166704339,-0.6716258265675761,-0.6365879723565419,-0.2243856100848212,0.06900138682766697,0.04736846423323909,0.007740914764922235,0.04226972493607727,-0.4954456844455577,-0.18473192604746325,-0.2503060398412532,-0.46467416042647297,0.09840473111325224,-0.08319754427452616
0.7138262238242374,0.8620214844760329,0.8703292902427646,0.7137832012048223,0.7179629680719113,0.940970841613143,-0.1519060913720316,0.5874775510679872,0.0,-0.44113735512112007,-0.28398471314128826,-0.45595107941078605,-0.13353325629437085,-0.5097975029712525,-0.5122613568549494,-0.2570485980961459,-0.6175226761673396,-0.2968729954292973,-0.6081096681142895,0.17875664360435048,-0.4972160218497822,-0.6349504563763624,-0.6232794084035992,-0.5516083971065938,-0.24106777670523405,-0.37121433896917416,-0.46659466031007196,-0.34750869600899054,-0.4872143659253906,-0.3921068018496666,0.24325280948009895,0.26667787176469165,0.024226895146731594,-0.7372748954196255,-0.5455795299410954,0.38451714883786003,0.05159880710242455,0.45240518391072,0.13259472339318581,-0.3923792981259852,0.3732878749246426,0.20654222770468955,-0.0976305711438251,0.3984974333589101,0.14383936244479253,0.07863998616482495,-0.09481803918201592,-0.2267732330009448,0.829037197578969,0.6022007012674735,0.3684610800547992,0.7315323722219776,-0.318417777219649,0.6954889971375974,0.8850219103444079,0.8696883589913222,0.19711315723330206,0.9540959567608716,0.06283099338669204,0.07597589103353523,-0.18781087585017403,0.10693272043117656,-0.2559315313480769,-0.3943739998476055,-0.41788159303003813,-0.5226888821528669,-0.1507994477954501,-0.6030442725993271,-0.5956753236090351,-0.2707758915086231,-0.5369016578029204,-0.6202888005052236,-0.6971489056668493,-0.04276735966312399,-0.48704354747782547,0.04805163198471949,-0.5107610444022554,-0.492289622587717,0.3488342393913042,0.1847318758426863,-0.45792497442984165,-0.15393112917466742,-0.10517304167034788,-0.5220693205572627,-0.7195315033339492,-0.3683608638462362,0.06648548955330114,-0.13548827860573703,0.05923321246298261,-0.033154948629136406,0.2606129759439095,0.48977181408529,0.22745858103961086,0.3681390667588678,-0.03994612984271184,0.28635557907915804,-0.2190133703969169,-0.13529877575175348,0.8000097558107071,0.47395885082636924
-0.1950446362765925,-0.6574108286420208,-0.23114755380171872,-0.7064794758437893,-0.549446829757317,-0.39270188563083325,0.0018834553216777413,-0.5291771466931176,-0.44113735512112007,0.0,0.7654793991274771,0.7828976501293111,0.19911094853900013,0.37265469235579696,0.3724287407283896,0.00778198629727266,0.5808570444574483,-0.05958373321174972,0.45546191542894576,-0.0087036793436098,0.18921899731895656,0.5889995814893293,0.5454648583423539,0.7838351462173659,0.8781770495272679,0.795150826106708,0.613981198887607,0.5056468575708668,0.7085196514576575,0.7265627192301889,-0.20893185237656126,-0.1407709880965069,-0.19296191073723237,0.39219031899959556,0.3704852391788999,-0.08431664302626071,-0.09850695425982553,-0.12534190671423867,-0.12764726623045147,0.7062709738807438,-0.4190053206255715,0.15706530664612905,-0.06520075325877271,-0.31113744376805663,-0.04073591877142018,-0.33418701377525173,-0.21822757913979315,-0.034675835012058016,-0.41793296460863144,-0.4560908602310795,0.043287966948660564,-0.34269079177754785,-0.09846785162934336,-0.7082693882058204,-0.46814879247225516,-0.23589171336494746,-0.4545018642334265,-0.5633579154498223,0.7709702950215899,0.6992881874717696,0.8421716035750196,0.1257622134166782,0.24253837453450772,0.31636517222691446,0.18840062002071098,0.2948921465746315,0.10635946966492707,0.4488239304530611,0.10819744263072863,-0.1505301471543141,0.5246065211624878,0.6137602001810882,0.38457347390906715,0.4088805823135012,0.7608776900337566,0.6115874908995435,0.7686051879853769,0.7246158640698455,-0.3827909204964129,-0.2671595723548477,0.37322304540606394,-0.3309189797542401,-0.22390031587864523,0.32013262413005644,0.6430373732393159,0.0742874071845257,-0.031060374497267753,0.09576988513788036,0.25300113705151295,-0.2892400196319855,-0.5460677140817671,0.08631673078797193,-0.015933439347980857,-0.27475183543982146,0.09184320054320484,-0.2519185960860679,-0.19031784785358655,-0.2015106209017482,-0.23647369612099195,-0.42721317249534896
-0.19976753099490416,-0.5086606220267265,-0.10621678282018952,-0.6076548728482857,-0.4772707763811305,-0.2751015516891124,0.1054637320830409,-0.15307819850652973,-0.28398471314128826,0.7654793991274771,0.0,0.8873803728997476,0.49277925712208526,0.6529541072827457,0.5883907295346598,0.17674388870878247,0.6178809092977053,0.22368570163263005,0.5516422591141963,-0.1098737626772245,0.4123128399587899,0.43797008148126887,0.49455726856394294,0.5461511325353379,0.69689077695786,0.6584594755930728,0.25815057119027107,0.08231005550180363,0.5260823760012312,0.457234782146492,-0.1681320853654134,-0.2953992907564033,-0.4648170289179906,0.2544987394381343,-0.029600303788387187,-0.3644935622044997,-0.403134908852794,-0.28983050441487024,-0.2294251032450619,0.5601075010783316,-0.467086659439809,-0.16787243905241583,-0.3637698881952776,-0.36183396615043395,-0.1038004339350747,-0.49850509660441306,-0.3919506827931451,-0.2517053133900156,-0.40001024282604664,-0.5442874506328529,-0.014647511656909345,-0.21970949589216074,0.12853053809441306,-0.5726486224979609,-0.3871820898848608,-0.19856270896019787,-0.15509060258500648,-0.35941591675693263,0.4993303823942613,0.7531103583215819,0.8422642571851647,0.40785735845265364,0.5861888700454625,0.5924875397911762,0.4462017621579261,0.5237522999281474,-0.15443510706011918,0.5526978956680626,-0.07759535973654755,0.10290936820464222,0.58578608829913,0.36055320243519134,0.36015306222157056,-0.14455675881657254,0.7159161044627056,0.3249477724917253,0.5414621199191626,0.5886557170841973,-0.439466020198664,-0.37386444720388096,-0.0638616172831003,-0.5183786289446897,-0.4828961965871243,-0.0946967628580147,0.2817573448869797,-0.26770256507578444,-0.3596606380403605,-0.2786725635829511,-0.22036181677450145,-0.4043210298725165,-0.6111052675009573,-0.11558893679498562,-0.19676985806826536,-0.4575784692120673,-0.2732276983401901,-0.3738264748111617,-0.40339001403901265,-0.4630296648015444,-0.3458384115215338,-0.5998146689735067
-0.3162928302197482,-0.648877045957734,-0.21353825896464576,-0.7898485182706062,-0.7008716730425423,-0.5078344696070278,0.2377362583504286,-0.19355354003400185,-0.45595107941078605,0.7828976501293111,0.8873803728997476,0.0,0.5142462690225458,0.7858044487557503,0.7390383923502283,0.40036188399894257,0.8579344214114952,0.41782320042090126,0.7942365295932023,0.05928337062268217,0.6308533025435568,0.7371369027561464,0.7788482012864861,0.771641921752749,0.7030702670777565,0.8224935257180861,0.4223483324161229,0.12713027554294207,0.7515090322585694,0.5827712238893589,-0.3990553795670732,-0.5286734863068882,-0.6488876008868361,0.42462854256184707,0.049801165508911206,-0.5549731425313306,-0.5904456272405133,-0.5481685093177033,-0.4959471473400051,0.7501168568477964,-0.7564604059839624,-0.3297468490806739,-0.53846719033878,-0.6655491366561891,-0.26306028092775524,-0.7009476857101828,-0.57144226020384,-0.34635269177797373,-0.6438466977637434,-0.7703835909311559,-0.0967807483365089,-0.316960679009136,0.36930883120417113,-0.7432418527270804,-0.6199617576911146,-0.36757794023654977,-0.06091751552890415,-0.5255706364489441,0.40906079418386415,0.5598878914513978,0.8552209267818346,0.3252626511763543,0.7014000830369098,0.7548070265672039,0.6089887626418685,0.7126669525978593,-0.07344675279800172,0.7893055317755432,0.030088941131249502,0.29119883899803845,0.8468808553889077,0.627645656190752,0.6614056983277006,-0.13659602990593328,0.9261984499523951,0.37118054873339995,0.7625617672087991,0.8142095612509507,-0.680896415215053,-0.493386541608402,-0.0266417340844631,-0.6244564190193801,-0.608640380682765,0.05663910214820505,0.4317088058695035,-0.3174255596112652,-0.5362298077870674,-0.3387315362484902,-0.25296784484690243,-0.6213343090309923,-0.8249131479612493,-0.2858939160678657,-0.4524626011261616,-0.6554068227881016,-0.4410417221163916,-0.6477201296209811,-0.5396380788172644,-0.5885076834656581,-0.5382749464306624,-0.8241155754505631
-0.08500913148577946,-0.21623423778803882,0.15854914249381724,-0.4555116527552766,-0.4608512576202634,-0.16635926686489588,0.46071089130790116,0.38103885634507956,-0.13353325629437085,0.19911094853900013,0.49277925712208526,0.5142462690225458,0.0,0.68222446163038,0.6838344761635285,0.5399657890855064,0.5391594796641983,0.6409346989129723,0.4949946935956544,-0.0974879728326122,0.5721151178493946,0.36522319390589497,0.42572526683858364,0.08351954229188924,0.061724872168305765,0.07353954020338913,0.0048035974932791915,-0.444832701725827,0.11987070589360299,-0.07879717427831291,-0.3127191218512475,-0.5316727173165144,-0.3761120775165842,0.2987504773823047,-0.034318203516014834,-0.6485947287168324,-0.5922609371588103,-0.2860149687298065,-0.05390834075891304,0.3102790622479761,-0.2640096797565734,-0.6984024179923777,-0.3112455262279013,-0.4176927756578693,-0.04888959649140832,-0.3235444922913409,-0.09064195013959381,-0.07700839523309609,-0.3119861286213298,-0.4848859295413903,0.006571132432274812,-0.0007809500925028105,0.4597536250185332,-0.46869394366899264,-0.3435555523936901,0.05659433940119228,0.38137825433356637,-0.16029761458309882,-0.16739038738256334,0.06370804800852721,0.26622289246843805,0.9312401322144116,0.8863162343143742,0.6722904208441585,0.713258926168318,0.6350943814715313,-0.15128963846240623,0.6247837621214036,0.07222331807582079,0.5939763568257935,0.38983079973144874,0.2547567690432922,0.4541803456538353,-0.5113249029113017,0.29331953235995045,-0.30381379163715305,0.05081333915331473,0.17874573797465587,-0.4402726223720267,-0.29170813281088903,-0.35198215109699615,-0.3104913140029369,-0.2658561790354517,-0.16347414721903644,0.02391756464993043,-0.2703366529247575,-0.6427458077470741,-0.5947598796731258,-0.656540068140879,-0.25593461343054835,-0.34122058480878587,-0.3546859220473245,-0.13332495802423153,-0.4867122139848492,-0.5977589276178148,-0.4741373274001004,-0.24354701011014387,-0.3453710873192506,-0.39712148723789154,-0.5279826667981367
-0.40790543154910464,-0.6218520577592144,-0.28632721792291477,-0.7542292540006663,-0.7732078001675721,-0.6121242997693866,0.45121344781156913,0.07190543939568096,-0.5097975029712525,0.37265469235579696,0.6529541072827457,0.7858044487557503,0.68222446163038,0.0,0.969478983053517,0.6692253832488821,0.8506746033132034,0.7930127617087659,0.9096634168776869,-0.013350741302216047,0.9237501278082124,0.6269254660842134,0.7506074278375532,0.47091247665973474,0.198858081965086,0.4044057740227045,0.12261020548681141,-0.25957986448645637,0.5167541425585047,0.1926717537373895,-0.5113103501977448,-0.6865824276689539,-0.5256169250801443,0.5631134935845831,-0.0731024027778135,-0.7980956412246841,-0.6839708910675518,-0.6404655129903515,-0.387169560873833,0.5511316035981041,-0.6440131938074547,-0.7385899757982168,-0.5439569129955247,-0.7245502481358412,-0.36756309261450465,-0.5706788890834407,-0.4241604145451424,-0.2999487233499751,-0.7257135571941332,-0.7898905215824813,-0.19725804579783396,-0.3925114894965535,0.6935703780010091,-0.6929619701245221,-0.7418925961162318,-0.46366469117423675,0.2984390006611316,-0.5281175744081178,-0.17410283931398018,0.1549584555143806,0.40432919697163766,0.42750429656869693,0.8745372893956683,0.9480699834290898,0.9139874119211698,0.9594059013985194,-0.042132395864828406,0.8887573079594238,0.1768205538348039,0.6874267640626747,0.8508866269700814,0.43004231209332133,0.7371156081593715,-0.4997983417079277,0.6574313122852176,-0.1778815695584895,0.4558834817918816,0.5004340725814185,-0.726070904068274,-0.42278714579954885,-0.24212260832186508,-0.43485247210637656,-0.5424279343032725,-0.09851020557059037,0.2223838994592988,-0.3460802404585635,-0.6991347047553441,-0.6115077287948396,-0.6080705222325766,-0.46293689847986,-0.6521745295588294,-0.570131246754282,-0.4790501996546638,-0.72352118077492,-0.6668455522584285,-0.7213172039722421,-0.3452672699638843,-0.5386852165306069,-0.7388126946257539,-0.8422028642960614
-0.4214543424951646,-0.6168062961610093,-0.2666383098166231,-0.7601285446939615,-0.8058807918913645,-0.6271469651029351,0.4524641166746301,0.07465666071498307,-0.5122613568549494,0.3724287407283896,0.5883907295346598,0.7390383923502283,0.6838344761635285,0.969478983053517,0.0,0.6813769191139429,0.8347435141153557,0.7997799711473569,0.8968858571657736,0.07212729854761903,0.9315313473827019,0.6590850626892527,0.7836962659121242,0.48929672711266237,0.1839457895842159,0.3920798988199547,0.23256484669797103,-0.22131377594695778,0.5514729489669028,0.23271776842217007,-0.5878142406897949,-0.7189048105029276,-0.47457640828239256,0.617166303134315,0.014373822900995138,-0.7643134323819972,-0.6357986364064386,-0.6094849643595065,-0.3187806116277839,0.5651986826173994,-0.6114401845335523,-0.7557032457910436,-0.45613729634651123,-0.7402461156371272,-0.3035502772373664,-0.5049400137714652,-0.33146727429550044,-0.21028024070893303,-0.7342999972716038,-0.7611985995330899,-0.21053242763715024,-0.3813242514077153,0.6798358551714506,-0.7080001518789519,-0.7633074165602428,-0.4479768032432024,0.298531653842275,-0.5454134583917756,-0.18658623708436942,0.09138373799658298,0.35638534975601394,0.433113091709924,0.853629795245848,0.912523613281334,0.9014806407891974,0.9756695756385756,-0.003324770430498253,0.8655244153145067,0.2202147847775556,0.6974392741940673,0.8364795244589992,0.44774516923679153,0.7464035237930385,-0.4220812857053519,0.6258909733479955,-0.19888240679537258,0.4799874663063852,0.4994623282528078,-0.7785583030215619,-0.442627990220999,-0.1808429117011771,-0.38662646612116386,-0.49436075657245904,-0.04925159783353225,0.29462667898863115,-0.26411920781461656,-0.6526277433722688,-0.5829163195845347,-0.5396518691366359,-0.41770180296018444,-0.6401443951440627,-0.5481185493393851,-0.4075896078395808,-0.7125044635048681,-0.6349410142173821,-0.7397558113975081,-0.2645188522197712,-0.48136744171836165,-0.7459978979271122,-0.8094439349609878
-0.11719693677670981,-0.2862448933961937,0.0037340178290929476,-0.45875141801815894,-0.674746658191213,-0.4477292855263793,0.7900008837064184,0.4897695207771874,-0.2570485980961459,0.00778198629727266,0.17674388870878247,0.40036188399894257,0.5399657890855064,0.6692253832488821,0.6813769191139429,0.0,0.6287592458019134,0.9073337042387889,0.7086983696487965,0.03520521590579697,0.8218907624782975,0.5005175839927569,0.526998991890557,0.22966567920925612,-0.044613826179613805,0.07743703755713867,-0.10527329656625573,-0.5492103992929512,0.20001302965217788,-0.2019334073355801,-0.2155181456153707,-0.529833957781147,-0.49415087769200783,0.2948088666164551,-0.289204575483729,-0.8498493579196627,-0.8195822843684785,-0.41081040991180656,-0.3535702527385527,0.5641437486123654,-0.6342592391545027,-0.6654645487475157,-0.532820520074566,-0.6840674189433584,-0.49908810131010106,-0.4928347394352051,-0.479142642940348,-0.5685763771521865,-0.5897765598029321,-0.667934901915468,0.14584796360179864,0.083637505725846,0.8601999607241325,-0.44321910126318403,-0.5757878222087586,-0.10744616057780726,0.7296423792283814,-0.15395057544217877,-0.41333692016231066,-0.12500664643593096,0.00965239346380965,0.3086843683932242,0.6974518564823757,0.7955827542401043,0.840625657924647,0.7384445432081205,0.06352169066746938,0.7236711371716639,0.050698113349601,0.8808256681465677,0.652405447068765,0.2873506273097749,0.5498214641508881,-0.46822226720677246,0.3845062515228599,-0.3249518105146644,0.13335458350995089,0.194637694548113,-0.513713405684055,-0.07772463073208302,-0.5201084844639468,-0.4733698666976569,-0.47327018354739436,-0.19508277826923703,-0.11814351744616645,-0.4975712035717096,-0.8642274974391618,-0.7853860137712796,-0.7171259111439791,-0.5572397312819426,-0.4816245496774959,-0.272550967403436,-0.36353394255172816,-0.43505903735701845,-0.6237315175748203,-0.7026358738611668,-0.34347228782696787,-0.6785037875827812,-0.5722335095170551,-0.7140769268335806
-0.48847324987016133,-0.7806862086235536,-0.34666598455370307,-0.9246941022284602,-0.8991940152825536,-0.717334714528183,0.4238089757777057,-0.1451393762888191,-0.6175226761673396,0.5808570444574483,0.6178809092977053,0.8579344214114952,0.5391594796641983,0.8506746033132034,0.8347435141153557,0.6287592458019134,0.0,0.6901491157265903,0.9677278028849965,0.17289625663043834,0.8460537497794779,0.9016127762326498,0.9384799376979567,0.8039815639277866,0.44461353578860274,0.6626406558302738,0.4331816113326266,0.09966297473539705,0.7806203414360741,0.48828214559548216,-0.5610735851766742,-0.7271658231776514,-0.5889377329479335,0.7153786124694453,0.19907423613709999,-0.7200910247007061,-0.6407846365104636,-0.7344981722259525,-0.5467044773972715,0.7712947022344692,-0.827869244053193,-0.5962906152094248,-0.5005138756883999,-0.8628204908566945,-0.3271097478448784,-0.7133073224461012,-0.47995983766733963,-0.2965277797369617,-0.8325935907311589,-0.9087588399291471,-0.2725371191954988,-0.4910173968394648,0.5813253429058897,-0.8895341761078783,-0.8461839480320987,-0.4759119592984859,0.12163762420905688,-0.6693337217406161,0.07025840377021575,0.17434359877715405,0.5606241683522598,0.2528720469674244,0.7494096831761325,0.8573055890537172,0.7886787144582198,0.8408942041513462,-0.044682388765396604,0.9717566421069088,0.3108342734393429,0.579088898392569,0.9424499170830527,0.7762188774569938,0.9032348047500504,-0.21918940580901344,0.88710633770899,0.10680089809099938,0.7444362715714281,0.7909574490730845,-0.8027058604568822,-0.5531801645721838,0.03354552713603156,-0.5208655833167211,-0.5226204018597986,0.24271047371231247,0.516021228049526,-0.20653736007295848,-0.6341872205408245,-0.39232103532971363,-0.3325889163907541,-0.6554984754343784,-0.8315884173208957,-0.5279698123519537,-0.6064020246998111,-0.8177201502340509,-0.560126137236746,-0.8335206588464966,-0.4701687459728097,-0.5430261910722005,-0.7449352797520354,-0.930580208621816
-0.3012357804656809,-0.3360504111461802,-0.04458190925552914,-0.5341374830793916,-0.6963040200901149,-0.4785088058508996,0.6365030507099058,0.4839588576572042,-0.2968729954292973,-0.05958373321174972,0.22368570163263005,0.41782320042090126,0.6409346989129723,0.7930127617087659,0.7997799711473569,0.9073337042387889,0.6901491157265903,0.0,0.7840098054718655,0.046331854367715974,0.9232203164900749,0.5056598840623899,0.5853748489000942,0.20263699918642855,-0.1555989684034992,0.02898514121378489,-0.11381016073794607,-0.5439176938363388,0.21908237065756947,-0.20692041848643583,-0.4045530504657272,-0.6999468652843045,-0.48810393790773376,0.4709625351154358,-0.20844483253437152,-0.8876042205569913,-0.7885486010728892,-0.6108252143373121,-0.3593130410718024,0.3959216373049869,-0.6089554188501672,-0.8699385933356,-0.560441949011373,-0.7545026093419979,-0.4134289736672959,-0.5393069848535601,-0.38923213327786105,-0.444284796812491,-0.6395276587099383,-0.7287245337209907,-0.10982093944783206,-0.08887023887307459,0.8228924917855573,-0.5071632195176089,-0.6248490996110847,-0.20462574130622238,0.6788897816705668,-0.2323013710278825,-0.5385139733418987,-0.23973923209956371,-0.03102046173545516,0.3977222155068828,0.8137579069185207,0.8524105890459032,0.9161210413843847,0.8348606158707408,-0.12999542053216917,0.8011375918822653,0.206556438402863,0.9465958743786868,0.6750956008745695,0.30219764588765585,0.652233904642829,-0.6359227620186507,0.3657230108217047,-0.4896455666195698,0.13522276736827502,0.19412761907706202,-0.6176975029329902,-0.2974368508649509,-0.4411075100335185,-0.39804050679516445,-0.42281021679369957,-0.14897369820609088,-0.05852398455032805,-0.4017275945824937,-0.8446493051462075,-0.7725466272259969,-0.7628755780792378,-0.5092316289698042,-0.4781837993585722,-0.5297600974637607,-0.4707768104509235,-0.6276286865769822,-0.7627994739998997,-0.7828320300985677,-0.3464903462426048,-0.5963623399460776,-0.691187613583249,-0.7725843677840669
-0.5006807377934321,-0.7501105166316786,-0.3670043113725152,-0.8805764796896077,-0.9020971326550111,-0.7431571747739889,0.4687352498035849,-0.06463250173944082,-0.6081096681142895,0.45546191542894576,0.5516422591141963,0.7942365295932023,0.4949946935956544,0.9096634168776869,0.8968858571657736,0.7086983696487965,0.9677278028849965,0.7840098054718655,0.0,0.15702377493026276,0.9350931935656707,0.8373145427653019,0.9063444527964278,0.7188332774965592,0.3061778898668501,0.5582444189089429,0.31481316762856665,-0.024322207113913523,0.7180551596423714,0.37419190950663184,-0.5848947519803014,-0.745934266542715,-0.5615043909811376,0.7073358761011961,0.0906801277033924,-0.7753971828853857,-0.6723177291522354,-0.7525667786766859,-0.5354661400987052,0.720426796879753,-0.8194369154208929,-0.6703550532821518,-0.5424498229391104,-0.8814077720479344,-0.4188969609221604,-0.6888702457365319,-0.5036245292596577,-0.3567333984777618,-0.8544317528271224,-0.8997126315074938,-0.27240388193653525,-0.486674346725783,0.680878628642037,-0.8282339117457644,-0.8644023245979514,-0.5225192020460482,0.2315351767036529,-0.636469324551638,-0.08444587453770014,0.0906234160610766,0.42910262680608846,0.18599770040378832,0.7550583748996649,0.9084753865758947,0.8594085645541548,0.9127403105209131,-0.010732097271258652,0.9649901084953095,0.3070605654686326,0.678396534242696,0.9626846474876394,0.6715690025401648,0.8847631021365612,-0.30292830674789845,0.8119449883911052,-0.026225504808544443,0.6671417298554828,0.6933021085122237,-0.8182499191707089,-0.5035413330010159,-0.05620025415490282,-0.48660442503894935,-0.5465776791094807,0.15055104670252004,0.4117016126128253,-0.2590003046678285,-0.6726021674049045,-0.4829482926371706,-0.41691532021549227,-0.6259627683728712,-0.7872171083034559,-0.5641200827140497,-0.6122760905627781,-0.8033052631152928,-0.6083063614672605,-0.8516237237922032,-0.4248190142382402,-0.571147874038638,-0.7882158562083167,-0.9284135720859219
0.1667104060902125,0.11128621854097365,0.1555450559294138,-0.052980731083417,-0.028422903192883875,0.08636722315069818,-0.04450035395329944,-0.10043616168131643,0.17875664360435048,-0.0087036793436098,-0.1098737626772245,0.05928337062268217,-0.0974879728326122,-0.013350741302216047,0.07212729854761903,0.03520521590579697,0.17289625663043834,0.046331854367715974,0.15702377493026276,0.0,0.11077212406079238,0.3402122274842888,0.3861947474160961,0.374003061845942,0.11666085273414795,0.38576884055314664,0.5161935016432831,0.2546718532639655,0.5356663157311635,0.4172615673279476,-0.513674121746234,-0.35656747207788225,-0.3787592795431767,0.1109367808855335,0.16390497366600693,0.17238481561996927,-0.07252531376637703,-0.2559555182434053,-0.5449936898978587,0.18543516095299525,-0.2374235041869565,-0.09758024892278223,-0.15812860022138367,-0.28636472913544786,0.15993292142748528,-0.3171169336428317,-0.26593566079624636,0.05206862598926399,0.10355862635216796,0.07745098893620339,-0.13414300921657465,-0.010329895856494057,0.08203036055409843,0.0011419684346769177,0.052410347206881876,0.07472692649363755,-0.06578337394030456,0.04402597642896534,0.1590633687104878,-0.1006500520757693,0.1706389712281911,-0.13300562244589695,-0.016241012501076377,0.05122568508272866,-0.08297757295451527,0.08352659747194986,0.11390098755302712,0.04544793107046875,-0.24218111277315785,-0.07168512641287861,0.2405655166751023,0.15237504640554256,0.16787543771382357,0.18718586120762828,0.2863980083596333,0.3901054131124262,0.4234183502571432,0.3821407693336589,-0.5148857726572813,-0.4137708671546889,-0.0039518764283509415,-0.39969834772558405,-0.4717103985926804,0.049160090951423874,0.16579232759425733,-0.2398775367326081,-0.06069710580255743,-0.005868328863441918,0.29000712702755105,-0.4673464936812276,-0.4764590754469182,-0.026839064715430752,-0.462692961300576,-0.38509998164816783,-0.2698264386620083,-0.35384621724601595,-0.4604289692410057,-0.22509344077955185,0.17546742740504842,-0.12273680578432108
