0,1,2,3,4,5,6,7,8,9,10,11,12,13,14,15,16,17,18,19,20,21,22,23,24,25,26,27,28,29,30,31,32,33,34,35,36,37,38,39,40,41,42,43,44,45,46,47,48,49,50,51,52,53,54,55,56,57,58,59,60,61,62,63,64,65,66,67,68,69,70,71,72,73,74,75,76,77,78,79,80,81,82,83,84,85,86,87,88,89,90,91,92,93,94,95,96,97,98,99
0.0,0.7504631735452771,0.31212311297007905,0.8312362642420765,0.4540173494243506,0.3776068563258994,0.586940053324751,0.5682365076131751,0.42293282657393616,0.5054546086542966,-0.2164509637583228,-0.5091697921349998,-0.5254533149556866,-0.7575309408425992,-0.4133949374748675,0.7452032838817482,-0.3846136023521811,0.32866039241013867,0.06835120352793649,0.6716067795704291,0.22303559245716223,0.013282923617906697,0.06486262142637618,-0.3712070771664992,0.18277048282202824,-0.5170147262936752,0.4720821521077189,0.38556963554825907,0.3623184115166735,-0.3298232628477536,-0.6154350424553225,0.5814092108125367,0.7468694116587085,0.22096467812011153,0.03172050118606428,0.6666275390241907,0.6040856501243751,0.7565383915388889,0.6297643312217488,0.3404979257611494,0.16522698690263557,0.433718198471065,0.15804902796182158,0.08617614880742447,0.27778685440649603,0.2853438528643992,-0.6326190681733246,0.4237976058347508,0.6314073469140264,0.3613787560634156,-0.7176917582461378,0.24579625047379075,-0.7827335025288396,0.33286814680628124,0.47885276276055266,0.12650439398384558,0.3581720412038719,0.6192348595161697,-0.7387023510022875,0.49738733545703173,0.3115435503818602,-0.27213572991369933,-0.16226460563908937,-0.053391020429208846,-0.48353897072217156,-0.460453217139925,-0.599583954599196,-0.3117702873667721,-0.19161015265695566,0.0949445597108583,-0.45369034801003455,-0.1883772954332033,-0.5035730454125887,-0.5772934378088574,0.5376637973582408,0.7624002304022776,0.7127160909273256,0.13642276403432085,0.6540501410309908,-0.7465272809830374,0.2820669932181962,0.20058531701895888,0.21796258428151422,0.6623883025523484,0.6898655359637229,0.7573317735336859,0.6828820689365951,0.6023389430467831,0.7807238055319503,0.1647101571026266,-0.8486456640663625,-0.7832298929311273,-0.8713478284458827,0.6024447156633037,0.45458550003278014,0.2159770624544297,0.3475024251834805,0.15245842088331946,0.6033693787590761,0.5879222003065251
0.7504631735452771,0.0,0.6934982861475311,0.8503942729762609,0.5801272791976677,0.5923497717381929,0.7307808964400783,0.8714906447681983,0.6812479125515126,0.6422524590638754,0.12138029416623505,-0.2679902080291192,-0.08393862937255518,-0.4596715001972392,-0.09590869853385753,0.8341906051746484,0.06908817656871659,0.6250645823724258,0.46303936400856605,0.8135984878254003,0.4889388249906166,0.398315469969336,0.46196405176922306,-0.05168297434282714,0.0789583352272731,-0.18457949092846093,0.7528862291130809,0.5237887093823496,0.5411814567937657,0.07373671697870077,-0.7371475199338144,0.4004903917468306,0.6247081327470532,0.5358496394566796,0.43013141672083455,0.8961368495504011,0.7374292352608528,0.6878793579950333,0.5805428421951048,0.3452945358615417,0.2979986260266327,0.6127327331034554,0.42726680960002955,-0.08451090480567419,0.5785086539695297,0.5061957384506973,-0.38395296626975506,0.6001182790184094,0.6539944593070391,0.27518871141187606,-0.6557900008025994,0.6335362336743379,-0.5806424787275388,0.17246987301580183,0.8455505198073755,0.480549979379369,0.7587047841295143,0.7163405974575795,-0.6583238879167046,0.5267541386802423,0.4876815547621992,0.00265160163890603,0.16585165085676312,0.23007239180649808,-0.25399813818193373,-0.18251379366233678,-0.5913308869170729,-0.03948454850871012,0.08522257253803396,0.28113390088383106,-0.23480547408274863,0.21798558027806506,-0.22742858112693126,-0.5838258491258779,0.6675104867913568,0.6976237300082846,0.7519823054635895,0.5412351028607342,0.3464393902807174,-0.7748822377019711,0.5091490821064336,-0.11799972797120907,0.3599753913307415,0.7755402406852235,0.7685318024837966,0.7645617115156805,0.5675351218478653,0.7029074885971024,0.8096584518457319,0.10795620386168155,-0.8146294595549024,-0.8080386425105218,-0.8057003743912046,0.7158220551694524,0.6957582952934561,-0.009666401393281185,0.44978934924778025,0.32769866348965254,0.7573342026978448,0.30371054266698216
0.31212311297007905,0.6934982861475311,0.0,0.3809426492482922,0.5800388240613701,0.6853482229208467,0.31032606143999186,0.603924559608574,0.47666233731753577,0.5308562772248219,0.6358630791670656,0.28361737065830295,0.333772290148756,-0.005137909730852424,0.18993946938123837,0.3817171623556754,0.4264767065554139,0.3317852725428149,0.48295918082236683,0.35874995316973873,0.3977011456511119,0.4776283871123272,0.4272837358576283,0.3031140335011361,0.20904095529590308,0.42049539842220857,0.536580684713179,0.7018952484284006,0.5438453264556022,0.5911519438548035,-0.6141504261727992,0.14594995226929544,0.15086841642592871,0.35615714916133867,0.4958914202963213,0.6626262470150244,0.5804965569509171,0.21386259392567997,0.08522738293623736,-0.01883947590460364,0.1690986094191592,0.7025282126567027,0.34515946375034373,0.03582666535821916,0.44359346555938145,0.3991629454231512,-0.14738869900555476,0.5054752494758835,0.5848223253936606,0.10848400649226714,-0.263951572565251,0.4195939711768311,-0.20944769989652268,0.06058841166953525,0.6842035348599563,0.7871740406067408,0.4498211355357903,0.23083291030978834,-0.15931341456790396,0.6215553711392632,0.65420485917911,0.21387054002095954,0.33543349571274145,0.29952234036917375,-0.08984460429687191,0.09675771305522712,-0.47267603932778895,0.07807312151490359,-0.0316960741507974,-0.1279947454785778,-0.19954735560704476,0.3392224223987556,-0.024285076388256638,-0.5702754497917765,0.49275072685197313,0.4637892458693831,0.39043638526848384,0.5989606286021363,0.08426084643698498,-0.4080929423666678,0.2654404962505252,-0.3942666432518253,0.25790063601518776,0.39854000081569196,0.3851517689982281,0.2972599126225852,0.2876601590416108,0.6177725116856345,0.34957117449986463,-0.20304910119261055,-0.40781500222516076,-0.4532281740891423,-0.42521347857694014,0.5905481804825564,0.6585658681499911,0.0855691043387357,0.20667619938166576,0.12166890276388477,0.6063009913263271,-0.102194136741659
0.8312362642420765,0.8503942729762609,0.3809426492482922,0.0,0.6268026475151212,0.43871068278533354,0.6412831632859399,0.732394676916902,0.6075507819534217,0.568052480276382,-0.1477169328148943,-0.47480681186677687,-0.3892009383891109,-0.7219781182192684,-0.35899860176543624,0.7916258444233939,-0.27870167412264824,0.49980149690867864,0.1581650326064957,0.7899304154681552,0.32989439772246504,0.10381665877874112,0.14553066283562588,-0.2611070547982277,0.14022107947229845,-0.44139639678772596,0.5097260451390692,0.402176655854291,0.34803212369470654,-0.3063697743041739,-0.5918643309346313,0.5618766264155559,0.7642995132201494,0.3428998462132017,0.06302131018094631,0.7636083046368087,0.5453065583722781,0.7118033805469932,0.5846373566787169,0.33333042673813446,0.060255129466367095,0.36557192216927586,0.11719086237109229,-0.20089511471226063,0.2707628035943594,0.22772720667593,-0.6625540723006821,0.3032242122474777,0.5611447567789547,0.1417338918825433,-0.8073649250908698,0.2977285841944337,-0.7713976415775261,0.3737107965931984,0.683897963797004,0.2497545773723267,0.6012463037391013,0.7894005225834115,-0.691289381901387,0.5401668367641494,0.3656707080036244,-0.12945115219024045,-0.10695747909051133,-0.021219687069869608,-0.3830465730723228,-0.412946716367378,-0.7131958491029766,-0.25669252142873933,-0.055112463329471416,0.3107437732068938,-0.28172080782011094,-0.08182416610315502,-0.4561397738947069,-0.604150448774868,0.6269321685706943,0.8129495816855086,0.7386611788504724,0.26199256097461615,0.4784619036248392,-0.7749358191167317,0.37567475767781006,0.034034623849678085,0.14154403674549354,0.6657639648074167,0.7090321413547835,0.7742414894356706,0.56998847485072,0.6463174850391386,0.8413170779338481,0.059503886931577425,-0.893486297938219,-0.8578272797271213,-0.8837414940250072,0.6383231668102467,0.4675995481089595,-0.019399294321738536,0.30708145772651374,0.13689041509376385,0.5730705869298188,0.39860407154479566
0.4540173494243506,0.5801272791976677,0.5800388240613701,0.6268026475151212,0.0,0.756990294091005,0.08798624780035642,0.2996004303957175,0.35476098787299226,0.22136255080856707,0.3459357859729705,0.05432795131225419,-0.22712384457324114,-0.4955708227624836,-0.4478651141965944,0.16534305840384317,-0.21559479171137075,-0.12328942762130389,-0.24156303284599917,0.18770421821805433,-0.14855506067113736,-0.2343968965908935,-0.2737554144921309,-0.05828067528471215,0.44943614216531014,0.14127402938763853,0.06801423235026811,0.5513888967379603,0.06704353959599407,-0.10231848220456473,-0.5401086663759225,0.4027226453529906,0.11296266818088113,-0.18577214092653296,-0.19911695301395133,0.4502995241406259,0.4052482875145227,0.03886270119512502,-0.14755118900627018,-0.3062505554387762,-0.18442862411402025,0.2292459846180532,-0.2563216336226869,-0.05698651220698434,-0.06829015008249346,-0.07496427560412364,-0.4661687638703466,-0.022308594866865514,0.6137532334365097,-0.007789878434151525,-0.33288453077353564,0.07594415084905966,-0.3553759187205345,0.785388620827197,0.5309034984355144,0.6398075448185329,0.19998348068290653,0.2827420034690946,-0.26656350930703737,0.5790402167401508,0.32787592440743685,-0.28303406915344503,-0.2968536883003977,-0.35428529933893077,-0.5044880047445871,-0.48849272165030394,-0.5214140329280076,-0.4716209907700096,-0.5349534932343596,-0.2622532455094695,-0.5552613988595787,-0.3703767578819022,-0.6352533848174583,-0.8952862140227665,0.1933859006016294,0.5923617069323084,0.2708467562935411,-0.025518672996162107,0.4483794351636159,-0.2516383385814834,-0.1849964202511836,-0.026094130652804224,-0.12001408167825572,0.12634921811161906,0.177887516235373,0.2236891020351457,0.4129371569971292,0.5833706703863966,0.39925129344066207,-0.3927741118811228,-0.4338426423483981,-0.4712931507997661,-0.5538023466596618,0.4116494077096048,0.30192732218644797,0.20203444953392036,-0.05826252348775384,-0.15005043381442898,0.45973209077473215,0.11229706969197387
0.3776068563258994,0.5923497717381929,0.6853482229208467,0.43871068278533354,0.756990294091005,0.0,0.18168105934178097,0.3848056361295416,0.586717775521207,0.24404582269676312,0.4780232229932932,0.201819874010049,-0.068435947232472,-0.25184068891866646,-0.24683461625201408,0.18624404756400395,0.056117783679900744,-0.004392010329159633,0.009924238814680578,0.185741959611537,-0.05483963043610242,0.005456117435041294,-0.051073942984092416,0.17568860425382357,0.46965855919881794,0.30119878096336994,0.18283393518965477,0.5006903478869948,0.14617578208570414,0.08883150238893167,-0.6947745288725207,0.21513556145665216,-0.02988093548089727,-0.039333893720261005,0.06788215824932561,0.5676551783296259,0.39149883398791013,-0.04054273608648751,-0.14625595855631296,-0.22981768872951974,-0.09025470267815543,0.2839780317579959,-0.062487868246796474,-0.08725284550170159,0.08782053532716838,-0.047422855676473925,-0.20975363419151863,0.09998068129623881,0.5996329559990093,-0.051533575182963164,-0.11225142502871477,0.40180314059204436,-0.13684616237325137,0.5549815155343656,0.7161069146856822,0.8437753697260031,0.40168847057364226,0.27224082686676315,-0.22711588233457888,0.42834463107339493,0.28430619565174975,-0.30035969949549196,-0.08134458486595589,-0.19935328231484928,-0.3936702217075407,-0.31941663907337503,-0.29476615204168377,-0.38096950957098896,-0.4539994042236891,-0.17268985741532952,-0.45358789904418984,-0.11666200363344198,-0.45895178600076103,-0.7349049403329986,0.168699730811082,0.41978371127112857,0.20274232317571966,0.11271049785611091,0.1743563661399787,-0.1908412379067155,-0.07629649429038272,-0.23805290088041423,-0.05125957713610465,0.15721607490383532,0.14098986334803065,0.14291678596936452,0.26415576201949875,0.44943766555284875,0.3238545755656234,-0.37368767181794826,-0.2901449505841409,-0.3247377744241609,-0.392211477088147,0.25876624102151674,0.3292840398980071,-0.011662128599854901,-0.10873082771616416,-0.12032942723658452,0.5358791663553717,-0.08022245227514857
0.586940053324751,0.7307808964400783,0.31032606143999186,0.6412831632859399,0.08798624780035642,0.18168105934178097,0.0,0.8122012353421959,0.6329931795616783,0.5995267065649331,-0.1129554047957691,-0.3733509497157289,-0.17327716239004443,-0.42147525729192775,-0.026455126658707313,0.8773934608678813,0.1993904133143682,0.7840394736031757,0.6490967070454299,0.8195829532200876,0.6028409687546956,0.6428004767878852,0.6133562990226497,0.15487378373693136,-0.030020011752377094,-0.36217918317157677,0.8384667791088317,0.35950179057238285,0.6906094486910683,-0.026303819164143295,-0.5733298677902785,0.23290291439924318,0.6928182223680835,0.7909892253282903,0.6239173919034524,0.6735986531274382,0.6439553919081547,0.7340605648958385,0.7120462903546123,0.7069774454139547,0.6295544998998658,0.5765385802529261,0.704733294475447,-0.13802148186103608,0.7025933216882716,0.48959504201108234,-0.14694201112713492,0.5653543315497158,0.25696761781885086,0.17563755490097774,-0.5905231002925699,0.57270738568051,-0.49786280209636785,-0.1725294933070624,0.6867839790290858,0.19539120862830825,0.7569714476881106,0.6626050762055008,-0.5256062922060966,0.25210488006124177,0.1914505046900412,-0.006167956716779598,0.18887522214644226,0.2790684180250064,-0.22209722357412678,-0.11486546836280218,-0.2704395487934817,0.06865636960812145,0.316131645242826,0.4870393006322437,0.025554032651043276,0.5089802796613888,-0.022168860290530695,-0.08218321447706368,0.6563564991489136,0.5996580141358455,0.8387691291096017,0.5203583461875675,0.1324894906426463,-0.7348355627545476,0.75602809416974,-0.12243246213452202,0.4788833759783002,0.8840559169880167,0.8274810496102841,0.7825033177114326,0.49445663151595826,0.5137442346291632,0.7023009830878009,0.5083551776392932,-0.7123084628358797,-0.6802575083378757,-0.6429985567320139,0.5322880308664238,0.712288905981505,-0.17280154049426413,0.45439721865186405,0.44689780535699936,0.4557995844466801,0.3433202633618762
0.5682365076131751,0.8714906447681983,0.603924559608574,0.732394676916902,0.2996004303957175,0.3848056361295416,0.8122012353421959,0.0,0.8120573351166719,0.7876914665595875,0.13423316916183617,-0.2169846082742402,0.11431981589530536,-0.24719174589646692,0.20786363550639514,0.8834825083753,0.2785827940389732,0.8455315830019317,0.6965626494463031,0.8438362467592567,0.7725883043178865,0.647877739931869,0.6820773686874068,0.10390607245390633,-0.10779733904602659,-0.16628097581472678,0.8144961034692615,0.45084238023865025,0.6922672299199808,0.19688765532730673,-0.5761567571985902,0.2501636581253292,0.704468494558842,0.7549335244174437,0.563769637237752,0.8691433872475514,0.6377506699061051,0.7483286531647417,0.6841566867294842,0.597858318664974,0.2766249493115194,0.6472234999609607,0.5385940425956925,-0.0960355313020256,0.6494096705029927,0.4943945180953808,-0.34663139180274155,0.5713598744123147,0.48777381401633463,0.21511527600220523,-0.6829426922251804,0.5681200239646679,-0.5914308854267204,-0.177587359675152,0.8362935460944195,0.38292164913434806,0.8966973990974291,0.8159955637385228,-0.4742413066729693,0.5444203418087051,0.5908687644054338,0.28944923201420547,0.44776228165991994,0.5134856805352235,0.030901771955884675,0.12442293447796672,-0.5726689080556867,0.21844299429614436,0.38669254317297214,0.47902020701786274,0.12408477861551988,0.517663768383652,0.0952671282351869,-0.2682932994696401,0.8189202358377681,0.652088101936237,0.7910372731943659,0.7405833759420216,0.14251929633057905,-0.822361228943521,0.6835232631360285,-0.2912760722919128,0.36215972268352054,0.8043463251688933,0.7804155048750528,0.7702861227316421,0.43629205507082375,0.6040944652275533,0.730721146217145,0.1739652553943781,-0.7796540834870223,-0.7656867033432936,-0.7078273518064114,0.6799969687584163,0.6626481958908466,-0.10965031341303487,0.4077806995116138,0.3043602156720625,0.6449834855956748,0.2149644163833182
0.42293282657393616,0.6812479125515126,0.47666233731753577,0.6075507819534217,0.35476098787299226,0.586717775521207,0.6329931795616783,0.8120573351166719,0.0,0.7435204708009411,0.28269421120907806,0.025570835140426844,0.10448752202601252,-0.15967693170674718,0.18566173743983,0.6307298604292472,0.2703665434100264,0.5847648281844932,0.4596045293847401,0.6016680609246537,0.5972413213133628,0.43656243889324703,0.4336367946250456,0.33187639000766816,0.0826799411155226,0.00792851128056878,0.5054232043615305,0.4105909537667994,0.5464477365168753,0.11539826836425195,-0.487550312544052,0.0153335615365701,0.5243743724575494,0.4681418581683601,0.29673383912279533,0.8229402385970834,0.4310253826776754,0.44679872522504255,0.42737566827204937,0.5318432320696054,-0.02279129686609302,0.44952940988787726,0.21776270769593906,-0.0666018189706064,0.34040106272934106,0.07672069906271342,-0.3882311212620305,0.20293960103007688,0.4836429236530976,0.04130274576829811,-0.5140171317289569,0.38750966958139366,-0.495900145362275,0.021003293177321282,0.83838873615668,0.5472429997605684,0.8082701051241676,0.7858461484686395,-0.20775592441399507,0.5276927167262513,0.5113963524905598,0.16393649623728748,0.4145935142906293,0.35910658322099287,0.06483704142847647,0.10327328998336982,-0.47631854031355714,0.08990529995296198,0.17322738125559253,0.3280052106889362,0.1923931715268624,0.3758295839645921,0.01765179407107437,-0.25038283072427925,0.7100651662934591,0.5916041556091112,0.6141057778612865,0.5586868026525009,0.0988949895588898,-0.6521129755663283,0.48254791050630785,-0.3911464693519669,0.11051435808183839,0.5012688629353614,0.4781584712720429,0.5068069020902649,0.3026994177016315,0.4813452506621965,0.56173612025488,-0.031129744224304656,-0.567250396969009,-0.5860267806195559,-0.5243794596645024,0.42701311429163313,0.3848344541511398,-0.10151366776918379,0.05115585493411009,-0.004195133883693671,0.5630873855707043,0.04678548886744242
0.5054546086542966,0.6422524590638754,0.5308562772248219,0.568052480276382,0.22136255080856707,0.24404582269676312,0.5995267065649331,0.7876914665595875,0.7435204708009411,0.0,0.3602554423736232,0.11289523164301885,0.17228152570104036,-0.11929195385847467,0.3540165990115427,0.6848473731557155,0.37241814815701585,0.5842383814205826,0.5462516627695361,0.5842396434538568,0.749567912246191,0.5633906007354239,0.5112490866010052,0.3478102474285592,0.09378143838547212,0.0430217388998448,0.5418491215260626,0.5861956798057909,0.77793480867174,0.3007801687137996,-0.31466792004980926,0.07979611796520339,0.7390551173334281,0.4957130156902234,0.33246911135469026,0.7547628202301714,0.47506705522601256,0.6500089944490469,0.5829128589183878,0.6893550000584042,-0.00016086572119949482,0.7502599039583804,0.30974054723857575,0.24404735727484145,0.3934263254521036,0.20533415573775837,-0.564272769742095,0.3281088570837573,0.5611393096167434,0.17473328609767397,-0.6662978486393414,0.10395963717329787,-0.7089586249071189,-0.22234277903276375,0.5662890076212118,0.3064985001953169,0.5509286208295954,0.6243052047439803,-0.07516534130067215,0.786714550787292,0.8060851943259804,0.3740544911675069,0.5680366012893142,0.5731719126385145,0.15867897110567822,0.2731225777862658,-0.7441877528670202,0.23682056995194364,0.22026572068783518,0.05786360594246929,0.20761420813094594,0.44948788941735657,0.15633022289690757,-0.16492283506808983,0.933765183464929,0.7237099528210078,0.7308959670425945,0.7144230737031791,0.24514350045545874,-0.8063075725858614,0.5025876616650835,-0.4558830931509129,0.15518465609897744,0.5386952183051622,0.5376493935849697,0.5400169276751612,0.384116183281338,0.6161189036224833,0.5062193802893923,-0.003517393627490131,-0.6469051899777446,-0.6524030152422777,-0.5851733804240632,0.598142340566809,0.49268616474652266,0.24504748309617908,0.10976078545089839,-0.06942493970492708,0.5335178304480099,0.13684677476069332
-0.2164509637583228,0.12138029416623505,0.6358630791670656,-0.1477169328148943,0.3459357859729705,0.4780232229932932,-0.1129554047957691,0.13423316916183617,0.28269421120907806,0.3602554423736232,0.0,0.8770333578620796,0.5711356032928212,0.43865735729874705,0.4193665789117601,-0.22010810415714638,0.6971397176333792,-0.1536876716134735,0.2165990735439447,-0.2747771275038416,0.13080407312450673,0.32734212896635206,0.1466834641873321,0.7331198747819244,0.40684595931022816,0.8929039254856418,-0.011294590268467523,0.6016687517648538,0.40155549198113427,0.6938424257284855,-0.18497373589498858,-0.2924127350454006,-0.3140725118933097,-0.04706527606656668,0.2271373424388768,0.15449005599001034,0.1523883233164678,-0.3585222649053872,-0.42397829013843835,-0.11498677464255477,-0.16140303284596363,0.47300330030971516,0.058275114538626334,0.33885801887095574,0.07595683465457714,-0.11997494454488752,0.08173852371113899,-0.025945814183922306,0.32365198657497535,-0.1234243848158421,0.2400979335079955,-0.009113353149459092,0.18676791089865868,0.024629496596616087,0.2494055277244025,0.6386388707582201,0.04790855572867031,-0.20025133398122916,0.5505274930658582,0.511342558916536,0.5317641771392004,0.23914902367993462,0.43501879628161605,0.2415976613045362,0.1416031187206908,0.36552311812988514,-0.1435971234924118,0.1112699432402698,-0.19933161126299762,-0.5168261905486822,0.0667862985167175,0.3396176562051508,0.1821095351841911,-0.2298458157693776,0.18044080989455566,0.11594322225064765,-0.014573427929721355,0.39855643198629004,-0.21015923750444948,0.08227698873379279,-0.15651574526249298,-0.6017582868229437,-0.07413750245889664,-0.18774748821186102,-0.23730975264325424,-0.31598816126893886,-0.044318189621419875,0.3048264524802348,-0.25132888059671127,-0.463621822849049,0.21998352122516526,0.09751631269431099,0.14631864300792288,0.0625455701042325,0.24700160004037128,0.3165014596799785,-0.33235924229368063,-0.3294794948459389,0.1632022774158343,-0.4214167664824853
-0.5091697921349998,-0.2679902080291192,0.28361737065830295,-0.47480681186677687,0.05432795131225419,0.201819874010049,-0.3733509497157289,-0.2169846082742402,0.025570835140426844,0.11289523164301885,0.8770333578620796,0.0,0.6050799806242819,0.6663995718511366,0.4984891528575752,-0.5450205953457241,0.64444671935194,-0.38672595444241387,0.018701708302337722,-0.6035753316095293,-0.08609746409782405,0.13088293487894032,-0.021413320382282153,0.7606068933235102,0.39355873362434196,0.951632920499123,-0.3486132892302886,0.2587285022549764,0.11227480433222246,0.6019985802789887,0.216857175070801,-0.4893197940578212,-0.5249285932935308,-0.28469185869551805,0.023710428518971823,-0.1929195059082592,-0.19369911210963606,-0.5999856534479433,-0.5596053722505917,-0.15017391031874186,-0.28359859894479783,0.16769686838015901,-0.1366912360567689,0.3901601523449105,-0.1663351207221833,-0.3412754313600052,0.24412673904647375,-0.30586811150243665,0.07452259867531792,-0.1847997173154903,0.5394077574854824,-0.21172127277182332,0.43390965191706476,-0.06317795057253017,-0.10904409157107872,0.3837088023777312,-0.23682974687889521,-0.48399819626347307,0.8199374720295683,0.21500647195060063,0.2848598817008377,0.20614217943558716,0.3973301984604964,0.19170584654894737,0.30912876984462145,0.487392071558485,0.09214684047729539,0.1805223842699387,-0.19556928651300076,-0.6292122239549006,0.21730936330083747,0.21808607344370656,0.32953225518691104,0.08063219944749561,-0.10773471571295061,-0.21331814137245206,-0.3362716489062469,0.17992563807054238,-0.33684809795235315,0.3968218324716605,-0.38240051144813775,-0.5846927369760804,-0.28938028566075724,-0.5374498974640658,-0.5730294428277859,-0.6361359773078131,-0.3284786660332905,-0.05801044887375437,-0.5983611552491912,-0.528760204082501,0.5838978243684367,0.4727129103030016,0.5243588700645755,-0.31500781591005367,-0.1300578679843586,0.3102158545681603,-0.5179801188470838,-0.47055792037640704,-0.120250562933096,-0.5287675034059164
-0.5254533149556866,-0.08393862937255518,0.333772290148756,-0.3892009383891109,-0.22712384457324114,-0.068435947232472,-0.17327716239004443,0.11431981589530536,0.10448752202601252,0.17228152570104036,0.5711356032928212,0.6050799806242819,0.0,0.8322156044273489,0.8781805146285103,-0.1629227133168193,0.7312545261118756,0.16807840243878971,0.45968660158201335,-0.1549559154856292,0.4751283431725513,0.4555774429427187,0.5665095633042195,0.44646180359293736,-0.37240000886035374,0.5988785272761203,0.09576015320143894,0.08842622403780785,0.2758755700621589,0.8545791778872723,0.26366940938907596,-0.6431091486051418,-0.27834580746148,0.20593164531197297,0.3896010756976674,0.06117644104023029,0.027310557552838177,-0.18795059721515905,-0.10977748909279583,0.10423068718947735,-0.06596055222446706,0.2009013083058916,0.2336118370849276,0.2542975378413569,0.21441185395418746,0.27630013633058437,0.38711516003189794,0.21963052292152468,0.026624862880477412,0.204157111191827,0.26749901737843707,0.12823651074343603,0.35302355190665086,-0.564898952446738,0.0646448649911787,0.22923302875646817,0.1399988320629168,-0.10240045533386993,0.45451818713124376,0.07676889205266117,0.43229937082333375,0.8045108719027195,0.8249779267803634,0.7228778227349036,0.7865282106226793,0.8681863456214726,0.14627739178452717,0.7659793803711118,0.5350538930770107,0.025181536563733276,0.6916518872212103,0.606036530084204,0.8108888478494307,0.311411187813288,0.14137824529931664,-0.36113424691039286,-0.12125989015279375,0.6461956009513437,-0.44444810570221643,0.0833861512034869,0.16133625163703819,-0.3271694107804947,0.18076037284815577,-0.14631325999765765,-0.14681746474767368,-0.22151996363745075,-0.21724421055908127,-0.021754926188987445,-0.264499278756145,-0.08685158785698092,0.34627061859710806,0.22292773305130553,0.4100897412468506,0.04005125820899825,0.052734368666037985,0.10575163266009575,0.1046056446266983,0.10134220422539057,0.12310759028857894,-0.2961113027152285
-0.7575309408425992,-0.4596715001972392,-0.005137909730852424,-0.7219781182192684,-0.4955708227624836,-0.25184068891866646,-0.42147525729192775,-0.24719174589646692,-0.15967693170674718,-0.11929195385847467,0.43865735729874705,0.6663995718511366,0.8322156044273489,0.0,0.8438417607503399,-0.5013980343154012,0.6284694709336466,-0.06866990350405439,0.2800300096801999,-0.48670419871313597,0.14758785855590809,0.24981081670507504,0.30228377667423756,0.4776277313090769,-0.2488994915551352,0.6540331158780637,-0.22919374421841363,-0.28534053395371334,-0.071470834948459,0.6483337145478452,0.515707383807489,-0.6673371210482578,-0.5300703177250512,-0.0069216886925457825,0.2147515484226624,-0.3098742765600879,-0.37881605024352016,-0.4734927840268333,-0.29449363096537046,-0.02461552305252386,-0.12773245487611362,-0.09290967599541508,0.05245227690113423,0.23524313036381203,-0.005899355943534089,-0.0355196736345498,0.5560863487570442,-0.12351568271149288,-0.29300714281356527,-0.02696474669028856,0.6547245012785243,-0.013563024456677042,0.65318323652781,-0.5835842307865737,-0.3040114427555293,-0.02670856552612552,-0.15252586702426693,-0.4492374077305222,0.6962025471011271,-0.2695054184890596,0.08186751319173616,0.5352705791381348,0.6468753513962116,0.5634665230330302,0.7994108906482792,0.8670214584370066,0.3841230215431243,0.6453997456027085,0.4155629062912068,-0.12217487998655846,0.6708980557955344,0.4299690339964729,0.8299301898090381,0.5872159675912264,-0.22796932288272706,-0.702964741703227,-0.5302825862439958,0.2771418397241394,-0.6129101185807783,0.4826849813695708,-0.13617740950139007,-0.4153476536257662,-0.12055074767370665,-0.49518901621994954,-0.5316297904298409,-0.6015220025680064,-0.6120477448118877,-0.5014565121748706,-0.6825852235146197,-0.2442912343178545,0.7215188250755005,0.6613226953095812,0.7910281272962945,-0.44830036672683543,-0.3491612684698844,-0.02660720354743748,-0.21498457160201778,-0.12487349922001517,-0.26804877756425255,-0.5352522117638193
-0.4133949374748675,-0.09590869853385753,0.18993946938123837,-0.35899860176543624,-0.4478651141965944,-0.24683461625201408,-0.026455126658707313,0.20786363550639514,0.18566173743983,0.3540165990115427,0.4193665789117601,0.4984891528575752,0.8781805146285103,0.8438417607503399,0.0,-0.02231924842016975,0.7037322777142612,0.3428163525565457,0.5917222537923672,-0.04812600197695289,0.625519045485494,0.5415569894796973,0.65204950019559,0.46686223095909424,-0.4116362394597779,0.4523993555075672,0.15926537478011277,-0.04547048706839143,0.34935778704710396,0.7389046107276509,0.3643036341109859,-0.6016577963239796,-0.03293721417172641,0.3495552921178763,0.4190363473315249,0.10557366556503636,-0.028976893794426643,0.019837374531701746,0.16075960645615855,0.4067685634213239,-0.01307867155206551,0.2735590456156982,0.2967596657833204,0.34523514706049896,0.28594696370637135,0.24474845759630337,0.26809294213320795,0.1916425443512889,-0.030696395045057584,0.2231708410773998,0.1830657509405351,0.08633068590030127,0.20424077495940918,-0.7574763726419997,-0.006886757107384342,0.025482657690633223,0.1816981612561696,-0.01220303414960692,0.47005137193738306,0.07230305528913873,0.4516055867920359,0.7974995991565653,0.9319573789032886,0.9008689261274544,0.9021364580161659,0.9901819796409256,0.039071971684468285,0.8612343280757175,0.6831919499139325,0.09787794036910652,0.8221231974264631,0.6764986059182326,0.9447992321032586,0.525903203763952,0.28853203635301633,-0.32032682807499663,-0.04648632663474811,0.6784159667660709,-0.4039421258638276,-0.04007047359221279,0.26994137057207834,-0.4371791065086136,0.12807397406792417,-0.06617385357701137,-0.08294476663193759,-0.13736895493086715,-0.28446420138735956,-0.14423763149637606,-0.27757099570830424,-0.04793570394333627,0.26939804933374595,0.20822931278182594,0.38642287247779444,-0.015344857831545487,-0.04074107233068071,0.09355898462188007,0.06554665705401078,0.04852175610778903,0.06375860422154322,-0.26326049478744556
0.7452032838817482,0.8341906051746484,0.3817171623556754,0.7916258444233939,0.16534305840384317,0.18624404756400395,0.8773934608678813,0.8834825083753,0.6307298604292472,0.6848473731557155,-0.22010810415714638,-0.5450205953457241,-0.1629227133168193,-0.5013980343154012,-0.02231924842016975,0.0,0.03497990310891802,0.8439438287823773,0.5990204882292909,0.9676063873904738,0.706457897159198,0.5388346748287693,0.6051656662625213,-0.14821828129322143,-0.19839579825870274,-0.5212119708245675,0.854989307432888,0.3706786127544129,0.6446441394081286,-0.033099649341773354,-0.559313183662963,0.35433281639807235,0.8706995063149446,0.7552443572015813,0.5061199703018943,0.8289644790841086,0.6685193921292826,0.9139939720763646,0.8472116155081526,0.6365607288455776,0.41884468850585466,0.5699115055473292,0.5837681553138379,-0.11454752553002005,0.660397832903825,0.5873607464414752,-0.3974674560830232,0.666909756234658,0.4131655323588792,0.2994165995210815,-0.8189391546120263,0.5287122247324216,-0.7123729160350696,-0.17487407943778863,0.7051837973542135,0.13104129779967083,0.7749237082899388,0.8383096882545796,-0.7160865992547673,0.3963778281981579,0.4104500895953608,0.1596953622960317,0.24509964647248564,0.3721549345222971,-0.12726700927303572,-0.09709665023846074,-0.5201188552202707,0.13210818640235567,0.3841308009600309,0.5715316487706376,0.011078128563682609,0.39119162502377597,-0.05095705140097587,-0.23494415215302872,0.8001955946197621,0.6836791578334758,0.8751441296861988,0.582027970392764,0.29898753588323984,-0.9099793122264151,0.7889347081739316,0.010737580241697664,0.5196175820328637,0.9362430942954103,0.9281533829306794,0.9280893734496,0.5726425388826288,0.6105511239676596,0.8865476379311172,0.44893080532920654,-0.9041049703215976,-0.8663328416549904,-0.819524262155607,0.7347067599887879,0.6821551758302635,-0.09543428323046947,0.5951008344202218,0.4667190930321111,0.6119474484177527,0.4423151834404811
-0.3846136023521811,0.06908817656871659,0.4264767065554139,-0.27870167412264824,-0.21559479171137075,0.056117783679900744,0.1993904133143682,0.2785827940389732,0.2703665434100264,0.37241814815701585,0.6971397176333792,0.64444671935194,0.7312545261118756,0.6284694709336466,0.7037322777142612,0.03497990310891802,0.0,0.324942734174655,0.7108396888841855,-0.001521033243970492,0.48949032402050446,0.7904951755184177,0.6217374984430036,0.8129390061103866,0.009447037690121035,0.6613589634139346,0.344809268710242,0.3727972863753305,0.5962861113099867,0.8006964502075536,-0.07241901537489338,-0.47365532844953245,-0.16401313782761606,0.4880748490628859,0.7015747471994936,0.16179742988458626,0.15113867877217235,-0.13950879103652766,-0.08864481391334746,0.2529787705327707,0.2615077009793809,0.4928732158098579,0.5695535393228895,0.14961868442702986,0.490682835967324,0.20083281149802848,0.42489352075716735,0.2462659698464236,-0.04458364353103978,-0.1425262789159136,0.2376950525253297,0.27319816671253805,0.3145460633848352,-0.572478698009764,0.25288686451883813,0.3198337881889106,0.3002371778031579,-0.0936747343846941,0.4566060107518431,0.12389829358489143,0.3580454232830606,0.4808840344213417,0.705373862559634,0.6030056831693306,0.42233637428504056,0.6470417892956825,0.09961241506556097,0.5124224456958919,0.3860858858070229,-0.027635493602252238,0.49607070118630253,0.848830209245753,0.6159946936600836,0.29251273416837953,0.3050735278095628,-0.11118624897511568,0.11193861131953808,0.6612189448460634,-0.590648411923288,-0.0056942410538351335,0.337502045726996,-0.6424648986561742,0.24658016070796068,0.10012779494582129,-0.009966821217233515,-0.1568253891211631,-0.17699402738830777,0.1164187732189509,-0.18804998947913618,-0.00635889837318705,0.23131357870334304,0.12904735081351662,0.2820806082902032,0.018129616756046747,0.39164198482383,-0.04291567850064073,-0.04999189495823844,0.04222027414161703,0.025032028406240844,-0.4633422409926665
0.32866039241013867,0.6250645823724258,0.3317852725428149,0.49980149690867864,-0.12328942762130389,-0.004392010329159633,0.7840394736031757,0.8455315830019317,0.5847648281844932,0.5842383814205826,-0.1536876716134735,-0.38672595444241387,0.16807840243878971,-0.06866990350405439,0.3428163525565457,0.8439438287823773,0.324942734174655,0.0,0.8500985101206862,0.8649205414814237,0.8328509413767018,0.7548275056011,0.805306503444501,0.0661762231509004,-0.38403716429791546,-0.3260582187830045,0.8310315369996808,0.1359297727793173,0.5807125845916751,0.1924087623678089,-0.32994090908469975,0.14134193921161045,0.6673739269827896,0.9351542307379417,0.7042441158314088,0.6801568476828639,0.40943022123376044,0.7315990500975583,0.7693018271166301,0.6574017885641864,0.4574731916906972,0.44457562629205727,0.6888824769032508,-0.2702375906923857,0.7107198185182145,0.5815829105030105,-0.0971292526643389,0.5862773118344726,0.07696069199807248,0.1054158206620332,-0.5490563360954704,0.5945847493560442,-0.3730675077032467,-0.5184947488153291,0.6108361728604804,0.053460524942812185,0.8407357442533036,0.7011515476967072,-0.4518498164871824,0.14982119741404717,0.3348498434503754,0.40195225944592994,0.48596404848135943,0.6204642736554682,0.23373985824051935,0.27627963795446664,-0.3219467174022258,0.4272958670478426,0.712721953019716,0.7470384194707295,0.3867827354574402,0.6840404320174429,0.3559834858536666,0.1349831009846376,0.6982271503169168,0.32689233558408215,0.6240576893342826,0.7009983681395745,-0.11613263554301638,-0.6740071525297704,0.8559488655972184,-0.23625626173940015,0.47146298802746417,0.7853820299916527,0.7379081330538105,0.6901014730637803,0.15794452909088522,0.27518155249357473,0.5941557539521094,0.397446983541958,-0.6077195193679519,-0.5637111981165464,-0.4454765467384776,0.49680731674136286,0.5289771636706366,-0.38227895283388247,0.5165542978463453,0.47260961712481414,0.3494068637131999,0.08686301771330746
0.06835120352793649,0.46303936400856605,0.48295918082236683,0.1581650326064957,-0.24156303284599917,0.009924238814680578,0.6490967070454299,0.6965626494463031,0.4596045293847401,0.5462516627695361,0.2165990735439447,0.018701708302337722,0.45968660158201335,0.2800300096801999,0.5917222537923672,0.5990204882292909,0.7108396888841855,0.8500985101206862,0.0,0.583395503991428,0.8022652943230729,0.953324786945337,0.9040258622228984,0.4173918638620884,-0.2759689021744007,0.09268752626367133,0.8086417187063866,0.280722151715441,0.7194836189322723,0.5826776283616227,-0.32891776404021694,-0.10150007578065592,0.3476669924297799,0.9275847835885207,0.9201764237593805,0.5191031489335539,0.39704342514424484,0.4545069108503015,0.5132320638760272,0.5661111637993795,0.561746589720702,0.6163581189238496,0.841842278285525,-0.08602885746693015,0.7989942519930016,0.5928144110920277,0.22506531857606318,0.6256113284602712,0.002877144721570939,0.04793317403746084,-0.2019567639397652,0.5901498952751703,-0.05784129428318033,-0.6871676038136542,0.49755687394476494,0.18455705311343923,0.6653234721394545,0.3466533683607216,-0.12101075501676982,0.1225017408860023,0.3648213487720117,0.4674210450451573,0.6706903624832847,0.7466526749486881,0.3374923936524068,0.5114029223132591,-0.1254857648454069,0.5470765100832502,0.6766229934385292,0.45845964296877684,0.4485118805147783,0.9051303018930196,0.5706272809203902,0.26070272547931095,0.5777352545493507,0.12384749977771312,0.46954400843424127,0.805795993239045,-0.38781814363688527,-0.43906118978792996,0.7584644704288657,-0.46523221625029276,0.49487989479686345,0.6299934021179703,0.5273095607183815,0.39584615404401163,0.014298178941420726,0.21667311654672516,0.27702657535528274,0.3008443896515323,-0.29040754860226015,-0.28405161996097755,-0.1486062848558893,0.3609599068820317,0.6063643995744618,-0.3013583222456858,0.3720267878995246,0.4000381042743744,0.23851012662534107,-0.1682434259553144
0.6716067795704291,0.8135984878254003,0.35874995316973873,0.7899304154681552,0.18770421821805433,0.185741959611537,0.8195829532200876,0.8438362467592567,0.6016680609246537,0.5842396434538568,-0.2747771275038416,-0.6035753316095293,-0.1549559154856292,-0.48670419871313597,-0.04812600197695289,0.9676063873904738,-0.001521033243970492,0.8649205414814237,0.583395503991428,0.0,0.6765851163896297,0.49953504932005216,0.5854972812146169,-0.19214785784039626,-0.27530279131068697,-0.5447373776704676,0.833121097963864,0.2894153556699562,0.5376468824521641,-0.05978025777132981,-0.5344647610719186,0.3308888975996818,0.8186452276789552,0.7583870247745608,0.4925901453132136,0.8221921356808418,0.5959610771944025,0.8550522526178,0.7969637570751207,0.5285697033972317,0.40516327264759855,0.4413238165275721,0.5491822670071705,-0.24464638964183927,0.6195336191766738,0.5846609342537208,-0.3590363986662194,0.6337909838769769,0.3313774254132759,0.21797612558776336,-0.7948367461340198,0.5594177535275523,-0.637161638680474,-0.1578233760338392,0.7040784997779169,0.11661451196283212,0.7947498481643375,0.8495051204165828,-0.7526576644042112,0.2965972466297015,0.3371560287744167,0.1737297830132901,0.20038088896713707,0.3272622624233296,-0.10635294519450848,-0.11796217035538703,-0.474723183110462,0.13355278501149265,0.42872314529787814,0.6773180109207331,0.039618251548918196,0.3767459700679494,-0.05590626636202744,-0.2316271948619762,0.741628950995285,0.6022762846093304,0.7924847591293255,0.540097578533137,0.2332399110092648,-0.8535555812876794,0.8127262289516812,0.048057636212089305,0.5321965911839488,0.908158866114564,0.9063159662870862,0.9012670547435937,0.48354179851736767,0.5394186399378006,0.8918717180221156,0.45829427070665957,-0.8703642427178165,-0.846756702625358,-0.7705541495190438,0.7058316793707494,0.6293861827735039,-0.2170814181077866,0.6333596405278621,0.5203935465829206,0.5622400185402421,0.36614948767322236
