0,1,2,3,4,5,6,7,8,9,10,11,12,13,14,15,16,17,18,19,20,21,22,23,24,25,26,27,28,29,30,31,32,33,34,35,36,37,38,39,40,41,42,43,44,45,46,47,48,49,50,51,52,53,54,55,56,57,58,59,60,61,62,63,64,65,66,67,68,69,70,71,72,73,74,75,76,77,78,79,80,81,82,83,84,85,86,87,88,89,90,91,92,93,94,95,96,97,98,99
0.0,0.6205202890940695,0.6516845892324411,-0.09410665621157271,-0.019826540316612944,0.7103834103720166,0.38428198296078847,0.46298514172602206,-0.04599266194641467,0.45247369862608305,0.6073188514504544,0.5567274361808429,0.2520017061261332,0.23181531109821632,-0.29390287495646333,0.49201003845141184,0.39527953804969085,0.502380174296032,0.28399764852701037,0.18094618270610305,0.0958891374884156,0.6489912514722636,0.16038167266940445,0.16105553432313138,0.25801849959577244,0.4709374157751231,0.4294293554183907,0.17913975517450126,-0.04821993459581453,0.1503611875606396,0.7470454319447742,0.17751675972994455,-0.5581359249132378,0.04072002554648586,0.3263647522700069,-0.3160318425992948,-0.5373227155957556,-0.5792284138187717,-0.6874035916577018,-0.5863880898527952,-0.6044263939439131,0.4870150253278915,0.01141564985883391,0.05728489164545102,0.3416233740896445,-0.7334109153333491,-0.2944830320897351,-0.275015050045213,0.5397225965561127,-0.6164322764728851,0.9208838881331327,0.6342180269030067,0.04678298781078987,-0.4895107429369919,0.553130084829867,0.5514317176588606,0.17583972368675202,-0.25267440183427337,0.3298810681997276,0.5341716227376664,0.47019256905948914,0.25666434107789926,0.30774876310887805,0.015137593491357853,-0.06147242726371334,-0.2621146591957273,-0.4486173642520197,-0.05685020119924111,0.33211859803202476,0.5769563466813846,-0.08460052428211538,0.5073878679010573,0.18663305992967155,-0.4930969037142824,0.3259707976635449,0.4565558602791592,-0.050870772982597366,-0.02680951738408205,0.591956835063434,0.12345646284240148,-0.1972862498564968,-0.5460940005104308,-0.4055260736220437,-0.04195073880701408,-0.5465301577434347,-0.44635728375572603,-0.5451266177717138,-0.45215777103140564,-0.2073445623356899,-0.7555344037197086,-0.4410819714408846,0.30646060733831626,-0.9104476688154053,0.3284312315239804,0.4386464206676421,-0.23394008034203168,-0.7757733634234446,-0.3990214881277573,0.5024209168542648,-0.6054290438968779
0.6205202890940695,0.0,0.8997276220989058,0.39787534950058884,0.7062191501249617,0.8641124697117295,0.795801756866274,0.7268773610454754,0.613277730848928,0.46142863642418985,0.6314828231931027,0.6404281787499795,0.5125612732972368,0.5029064003816155,0.14873728714306,0.7995741958048166,0.5818248642210121,0.7164191676909468,0.4983662192180324,0.4709391708830013,0.5199997813135355,0.7574114035486521,0.5664153985001089,0.5778696507927565,0.2206969297443405,0.5471558578014746,0.691371935560419,0.5337142396275649,0.4693494661250831,0.5591456490041244,0.5285265517776399,-0.4876219094298946,-0.3456949748992678,0.3330770415849101,0.6664106797625083,-0.23062160690064468,-0.3011474912319307,-0.6689131311363858,-0.3778068545497191,-0.08221064504464433,-0.3777208010607549,0.37952778743864723,0.36602844753296937,-0.33348538535576333,0.6416101711698214,-0.5096988218175676,0.03761209251191413,-0.21263401204841503,0.62849148099209,-0.6086936650876185,0.5982580753853002,0.8998803682126081,0.5891182788700087,0.11044596902069638,0.917078937828354,0.7845997228819033,0.6271638847443761,0.4638647716924071,0.46596809862196353,0.3980351186683765,0.6693552363404877,0.5428681735318532,0.6942089798996895,0.3904198740040671,0.36451339083398565,0.235507606777372,-0.16071201304510002,0.17197324633501998,0.576913331154651,0.7448121054760234,0.360370143639958,0.7078166642840561,0.5424639043369576,0.05265029207861168,0.5627514145024675,0.4591056950306101,0.42380870305712043,0.3941761810712312,0.3872935676031513,-0.42684622504419356,0.17039657560823235,-0.29557208156680265,-0.337854187400986,0.19368631955284377,0.15630146036438033,-0.03372065003224446,-0.393573826354252,-0.21612289780005287,-0.013460757616008928,-0.45437881311550654,-0.37770115063289983,0.1276227668945479,-0.4295343067304519,0.1552204135904802,0.762272387310481,-0.5079599709367016,-0.5891489172611801,-0.28773507899000905,0.3613474388362167,-0.5270618142685285
0.6516845892324411,0.8997276220989058,0.0,0.18711804483434982,0.6300682923272993,0.9206277578340374,0.7485774501982863,0.5929837809301305,0.6149164931835903,0.5537784936218547,0.7048682738675046,0.7391586754341117,0.5146674277565058,0.6367990400489129,0.24050873755803573,0.6830782938172103,0.615360791495825,0.560587156004524,0.5953829766964087,0.4907919689398426,0.6635124398556299,0.739055004460177,0.5435081305832388,0.6903943764537539,0.2956405829419392,0.6464414186423094,0.8539657477048055,0.5296772297274629,0.5808266987620602,0.6793873179079806,0.610753483425687,-0.3412183147069944,-0.4992738784402323,0.12021216531640831,0.588452137496568,-0.2240738234196204,-0.38788435508183833,-0.5533587981085643,-0.24626938811898377,-0.012234116850907074,-0.4531687016940149,0.4617010638795787,0.39145825461003625,-0.2970381831150582,0.498380905063181,-0.5225736326695967,0.04078884116524901,-0.32445110381193015,0.6650405748990847,-0.5995302473815626,0.6762543844551098,0.9001064150924613,0.5025277892269164,-0.009596721673659128,0.9725884501647745,0.9113557235307946,0.46467116982954054,0.3971388331462551,0.5960356556588254,0.46362820528131027,0.7899843221891237,0.5618613340554092,0.7874196795742487,0.493570234966981,0.5433995842289471,0.3518403850819668,-0.30470645023860715,0.2968858537279141,0.37702910815477286,0.595009234850873,0.46548843891151576,0.5901221021706451,0.46598155138954694,-0.0090820793972608,0.6994347220657193,0.5203570718461082,0.5270491186125943,0.4104923312962421,0.4173803717570523,-0.3314138339476743,-0.09031915814848712,-0.5661670005744877,-0.5593975654097045,-0.10999204549348862,0.04380511842256495,-0.3110707301208364,-0.4905262721330885,-0.3959359924676198,-0.10025502604057988,-0.6331118677994666,-0.5421520350524744,0.250079878964711,-0.47960010968312405,0.003672580668875389,0.7384693595137984,-0.5385552452402986,-0.6799430796373758,-0.44211492926116736,0.44583000224864605,-0.5816134111146558
-0.09410665621157271,0.39787534950058884,0.18711804483434982,0.0,0.6960151520518477,-0.005299883011831251,0.6528016325346836,0.7930791535782699,0.5878500322100669,-0.5065483910496581,-0.2782520253725686,-0.273789457717308,0.25552688016083563,0.24444835733860076,0.44287031239218444,0.6230570188750858,0.23394570838867756,0.6384337600244675,0.22097406393033364,0.024276066166871946,0.25439543360631245,0.2849146494876626,0.6378747758930813,-0.15904073098187524,-0.3952160218279386,-0.3587661922091911,-0.18408341700335398,0.2691269153884166,0.084025168266645,0.33753965313435796,-0.403259104383048,-0.6541859595815254,0.5051128480759101,0.7772867005683549,0.5323356156634008,-0.1842530978686442,0.11720415897101233,-0.29767174615697967,-0.09855691792556286,0.02442394024596579,0.3528311472165085,-0.46212478734091245,0.28662366018639207,-0.5842083150918193,0.38572766819481247,0.2575636705823961,0.43676396297821385,0.5123683145725295,-0.010878118388656306,-0.0947293222876538,-0.21478612888510212,0.4269500409492553,0.8057847977221837,0.8597690488486954,0.24136618927101025,-1.1086295750623698e-05,0.9081214381652593,0.7120182553147734,-0.45959368660126526,-0.4020573452279501,-0.2217587105656583,0.13828436518124965,0.2835891505121935,0.2982363268023834,0.22026758453507927,0.4063822800681192,0.5131825161865459,0.1876261433740918,0.6682383132899348,0.5915040150384607,0.16078945134837894,0.42367635780545626,0.6202027964174073,0.11718612419083967,-0.2627411506694138,-0.45147429047719767,0.22151330525128804,0.4381670885156753,-0.4581631684222798,-0.6459380224877979,0.45583896350891495,0.45161164768175527,0.3422860035667879,0.6642595365313338,0.5137866905471402,0.6286613215705807,0.14978319019932107,0.37317397187901796,0.18004152775517276,0.24344114325725102,0.30300474942244066,-0.6597326611351118,0.08757907309066704,-0.1832908297225722,-0.03930491333906073,-0.28433419821341566,0.28410444454904493,0.3306674038807116,-0.186364844436626,0.033620497258045876
-0.019826540316612944,0.7062191501249617,0.6300682923272993,0.6960151520518477,0.0,0.4910813748501396,0.7867390666704116,0.6394529334557006,0.9320593876653733,0.07892795549243657,0.15569245028649514,0.2121164413014176,0.40716838404027356,0.4580854137792548,0.5557436938585124,0.63896758094229,0.3586701930646282,0.523269206882757,0.3760273431818984,0.4274960345806565,0.6495069038124074,0.39542901336911457,0.667975288227951,0.5344362427764335,-0.007680310020497132,0.2021509286433248,0.47645475599145976,0.5332106851014479,0.6581398978453804,0.6345496568870913,-0.03655704543683502,-0.7753400492048406,0.11697100005160857,0.4441766988264996,0.6064123009012711,-0.02162516988175219,0.06163310285924566,-0.35172158942981735,0.09723214393449184,0.35935417083189525,0.11669979921220784,-0.06595698321206646,0.4409873099580615,-0.5482429324209387,0.49281661920229425,0.03133378672266993,0.37199862223651387,0.08059180618006852,0.35321453661755736,-0.24868232236785387,-0.021428472789259554,0.6297015250769737,0.7912953316449252,0.6739254518760469,0.7219446992080683,0.5601253956589569,0.7330759037608752,0.9054425873014144,0.18779659215861566,-0.08231108132280966,0.34718131665198704,0.39301094479113835,0.6425971311833398,0.48564548790187667,0.5670499872077625,0.6166979883976927,0.25173947445304073,0.26881751059126296,0.45154484202506556,0.4716226338453121,0.5656800472416154,0.40882545140147886,0.5887337564936398,0.38123516043910227,0.34434949527701586,0.06744997608872695,0.6425291740718365,0.546080130320305,-0.1279471984662379,-0.707374631719883,0.3489901972831511,0.07410897434991118,-0.09520799139578069,0.2916331538757414,0.6594491408121951,0.3012763889854581,-0.01596660360981138,0.13333835616637757,0.16158803961899731,0.014888236329465874,-0.0978015366165302,-0.24262329439100266,0.1468756546084789,-0.2845844044164617,0.3997898462885539,-0.47159301510785673,-0.06904234912467246,-1.942837622304465e-05,0.03925602150965206,-0.15442751169632482
0.7103834103720166,0.8641124697117295,0.9206277578340374,-0.005299883011831251,0.4910813748501396,0.0,0.5550395140611246,0.41380390220739205,0.4733867388692248,0.7093997568065132,0.6768452865730755,0.7126641424467803,0.36230165275707665,0.36451709483235306,-0.005540373398954677,0.489544353284401,0.39231006062153057,0.3992441229573802,0.3363217268377486,0.5592529816207253,0.4696336116220599,0.569078053374614,0.2724396812114678,0.6609123313131618,0.4250722188136841,0.6951973729353257,0.8577839847637714,0.4042174475811225,0.5127495154375524,0.4145527080175951,0.7579328908183698,-0.1465311917818624,-0.610492028816426,-0.1079140866676498,0.3574671947560794,-0.08159566127625975,-0.374799451052923,-0.502062574297578,-0.3153379816785093,-0.07734253776981449,-0.5192884560313323,0.5574612942706498,0.13020377215881632,-0.021360187509045763,0.491296312076838,-0.6009177265026155,-0.1497054939627814,-0.46468584347602554,0.7731046357891839,-0.5439107633121215,0.7583829671782192,0.747567225823947,0.2562991942345255,-0.2417985209971173,0.9263079267890194,0.948884954067566,0.2602075979360774,0.24091694579994305,0.6707046497971195,0.4697191319075502,0.7479126562315143,0.4258498316803069,0.5747287422862567,0.20875475316862688,0.287853193513665,0.08966986864375885,-0.35549861490602813,0.01578395974302999,0.1872845480371382,0.46049896352274744,0.3629339313319296,0.4146879960462008,0.28003563694239053,-0.0006716870689935601,0.6590835530707596,0.6348527383115484,0.4212520173521723,0.1995602232874049,0.6079619367023708,-0.10653368650835467,-0.09208660144986029,-0.5446900290176442,-0.5246168083343004,-0.19424989149853547,-0.053974160041250926,-0.37825563128965384,-0.45514309113457757,-0.4113108424722184,-0.024953061217281976,-0.5968795230992596,-0.5437089452598414,0.42105181071214676,-0.5134829938354994,0.059759708695639006,0.6901039725188507,-0.3408073728072478,-0.7337176798108058,-0.4131035231380786,0.564329080735489,-0.5186081567560684
0.38428198296078847,0.795801756866274,0.7485774501982863,0.6528016325346836,0.7867390666704116,0.5550395140611246,0.0,0.8440507147111536,0.7831825168168288,0.09659763209373703,0.36999182315392376,0.39680510906377875,0.639389011481488,0.6174097667588019,0.5612142602731034,0.8910854990529121,0.6964117739506844,0.8456912583323065,0.6049009401048405,0.4522297169771905,0.7192681654068276,0.7212997106498413,0.8724208465830737,0.48279282939224616,-0.14580302151003893,0.2478942963189885,0.4735599134029484,0.7039222891849789,0.5552747218613261,0.7489632900599473,0.07848082051714828,-0.6862866366358926,-0.014843475564166245,0.6209939698326611,0.8369722156371849,-0.20749192732499555,-0.053120138414406354,-0.5794343468293415,-0.25586794387821393,0.03851023685851946,-0.05630348368164766,0.010474734395274177,0.5571871270503522,-0.534825809846802,0.3989928909583549,-0.22201823150923738,0.3883755443196805,0.16269045417775477,0.45335511810981005,-0.4504129624440257,0.3011647273492483,0.7996245581309266,0.8698380086029018,0.5165474870147676,0.7700041013607744,0.5294816935712144,0.8486306747771307,0.7107689869596282,0.17095892975547433,0.15537762346388728,0.46086875841091274,0.6035261076921343,0.762837275465397,0.5361967111371265,0.5640743330599566,0.6130087002044695,0.1911307276269124,0.41534418203870616,0.7455314567971297,0.8252629062985336,0.5514632993910754,0.7608523622995913,0.8284776962489236,0.13866941480430497,0.44117399854663264,0.06190368528550249,0.6210928882682187,0.6837050254294338,-0.10536020741438057,-0.6833031654352768,0.34840472184556837,-0.08105736991948151,-0.13822444745440254,0.4088726433388802,0.37386170603462365,0.18651291173889464,-0.11607283317527235,0.10201057403179727,0.13798722754616244,-0.2531571649699567,-0.15383115229230337,-0.3366508698614347,-0.23690050426250495,-0.09546531009648089,0.5150519657940242,-0.49645282899799836,-0.2969638749763179,-0.052047204776716496,0.23382759586520943,-0.3316321800004999
0.46298514172602206,0.7268773610454754,0.5929837809301305,0.7930791535782699,0.6394529334557006,0.41380390220739205,0.8440507147111536,0.0,0.5540541617463053,-0.13690883473785273,0.2163708148388654,0.1535426564631716,0.4530465203472829,0.43193205156447745,0.23426738341885947,0.9123613166756175,0.4858308693840484,0.8789784369582607,0.4244259221763052,0.06732571979786046,0.31968477976362203,0.7511496966116884,0.7411570843102333,0.08941819650258731,-0.1411048248721707,0.09361884960044271,0.16032694335414593,0.4211601752155388,0.0759079461437513,0.5425993766633825,0.08614043388209132,-0.5456601128663683,0.08908364153278382,0.752826381546801,0.7980601350965681,-0.4172238121475514,-0.26426651756638125,-0.64763081988219,-0.42020861917489155,-0.2565270500527382,-0.10177914077877205,0.004875588220837151,0.46880565011837555,-0.6027689462829919,0.5103180142806093,-0.25694940831716984,0.22503168816404795,0.24344112423594422,0.2213658982973183,-0.5409236242619895,0.30401903554090126,0.7724721238147018,0.743631686558272,0.4664971440419743,0.5713002853527192,0.3306197850011469,0.8817035311457637,0.5075530830681152,-0.1302609016956766,0.10239979847693888,0.17507470035768397,0.3487919718149969,0.5686975849053026,0.3656553846899837,0.24498305305112644,0.2592988653341386,0.08468629536506564,0.20615711572767517,0.8186871010750713,0.8680822234529477,0.0887736612751752,0.7646275375031166,0.6398417613325698,-0.22023471954903076,0.08912555676723934,-0.033987588875994706,0.17401821303733242,0.4045809589768611,-0.05326720325221313,-0.6121734246251584,0.2553959021603602,-0.014757975227134545,-0.04218967901479869,0.5421499636987255,0.13161913387139537,0.22896766259557064,-0.2901071775442208,0.016841227014011494,-0.08700175234222986,-0.3055078815588686,-0.1017818747465195,-0.35338442754635735,-0.4225998864131204,0.11528082325276152,0.3249633776237236,-0.531160671489321,-0.2781668341522301,-0.08919944335145934,0.014398158204824865,-0.44436051983225777
-0.04599266194641467,0.613277730848928,0.6149164931835903,0.5878500322100669,0.9320593876653733,0.4733867388692248,0.7831825168168288,0.5540541617463053,0.0,0.10879962011951294,0.11557537016321576,0.197264624439354,0.5207499713113998,0.4244901387107097,0.6714992895743858,0.5737097260365367,0.34229497412128324,0.49335865061048195,0.33279406268720835,0.5654771876345013,0.7120602377177414,0.31859388035062264,0.7163130810639522,0.5925110620105987,-0.133876429367371,0.16647494750232408,0.5129158991483778,0.6223454072817062,0.7523521095704708,0.6976401337401094,-0.09240598499153183,-0.6909687981542205,0.1872061560017639,0.40260376484596316,0.5912528939330379,0.16654907665163965,0.2337595777325119,-0.18400968300228737,0.24069006166777104,0.4867053502956969,0.25356683418903714,-0.1021589507713516,0.526597199769812,-0.39240400878524206,0.4011123180189671,0.16165363879297862,0.5419542052019107,0.18676122584599786,0.42844337079622036,-0.09456432646289603,-0.03336727232975935,0.5780125534964707,0.7819543978875306,0.647934770883513,0.7187425178490966,0.5733045295340481,0.679615018082845,0.9487797978259978,0.20353722048070255,-0.12395191303182161,0.3306239647668241,0.47742545404498005,0.6667101441417613,0.43405272044388804,0.6022644049002346,0.709081387025794,0.35382091311439157,0.268986440544436,0.36953905915939755,0.4227083083192992,0.6843715466797672,0.3600093647360382,0.6398675657288846,0.48890176109304156,0.3647934206218087,-0.009227467902775831,0.7704293607129843,0.642686164940437,-0.2506199148549481,-0.6401027017780946,0.3505419245567065,0.09025492707764839,-0.01910537932479389,0.2450720880256479,0.6886712108591433,0.30512728971867165,0.13494425799076282,0.24678568881771565,0.31163673550288895,0.07730378646554234,-0.005349767281693493,-0.3280735972655779,0.22881455196235417,-0.376195581255988,0.3469349339748183,-0.31051063224639996,0.009403471973783169,0.101963112487395,0.1510666302859104,-0.016111383660916263
0.45247369862608305,0.46142863642418985,0.5537784936218547,-0.5065483910496581,0.07892795549243657,0.7093997568065132,0.09659763209373703,-0.13690883473785273,0.10879962011951294,0.0,0.6747713496557488,0.7845418101094945,0.18265275602332323,0.08862115250867665,-0.2639562898852198,0.04085133920598763,0.1663048313430599,-0.12027111072055319,0.09909617590117585,0.41709181773774473,0.18825162276411392,0.26328674822316633,-0.19422003537763635,0.732864440610022,0.7092580093792452,0.8472283052344095,0.7586322644923454,0.17895660135689048,0.42586617544060656,0.07638191934288972,0.7372496488381943,0.13126565417055616,-0.7684965457362473,-0.5466050252175582,0.03221500895201879,0.052218796201714136,-0.3074868078088217,-0.20869796393468512,-0.11717807179150776,0.1073471341182991,-0.5810107590222098,0.7757998231530611,0.07372827250491959,0.3093283664680263,0.09396258865295887,-0.6305348454239812,-0.41526402534139145,-0.7509890523409538,0.5622242227396949,-0.36598686678322906,0.5917153766380784,0.265015593512237,-0.21906914434405353,-0.5769438323668818,0.5327992085828672,0.6646510626826252,-0.31894588935700274,-0.09654585741995643,0.9507318345048882,0.6845946113838786,0.7873594273954047,0.3034300092348895,0.2693527343953607,-0.04563728523880464,0.07176389919112958,-0.13586728872479206,-0.5378777901354886,-0.1421113065066107,-0.28182849374756286,-0.06665850532789504,0.18378277062500126,0.06590505832298689,-0.19815721295235286,0.10365333673032362,0.7425182740038042,0.8516262035306399,0.22234781651905103,-0.15458473469493023,0.7036829677986309,0.15482232731949094,-0.2877735260844021,-0.6399513557606816,-0.576061970558773,-0.5195256484194021,-0.253368915054771,-0.6226407426606774,-0.3947663079071264,-0.4807219178379443,-0.13794565414452903,-0.5387271520822458,-0.6276579263771703,0.7647184269459876,-0.2727366581104154,0.2810494497661127,0.6841630667386212,-0.10273964783025374,-0.730026880888004,-0.5491801410000371,0.45513681173849474,-0.4001311126628334
0.6073188514504544,0.6314828231931027,0.7048682738675046,-0.2782520253725686,0.15569245028649514,0.6768452865730755,0.36999182315392376,0.2163708148388654,0.11557537016321576,0.6747713496557488,0.0,0.8994168259885493,0.5108161583576256,0.5893114274054678,-0.05637925776504515,0.4522245332989197,0.6327086647679837,0.33493879959133915,0.621977681870447,0.25099115232886066,0.4193744300277015,0.730704627429838,0.26646133993787285,0.6682558526440693,0.4095291449642755,0.8173689557885664,0.7419882655450366,0.4641574434223283,0.33724078405637153,0.5072547334019485,0.7061951495514184,-0.11814667307103911,-0.7013206330441281,-0.06215865313115028,0.45945571990903245,-0.2933676816795627,-0.43446177223081667,-0.5294258950968502,-0.275237593061373,-0.11867004671689489,-0.6767365462380054,0.7273634972374494,0.39332612151460766,-0.13611371340166956,0.24614347381286414,-0.7259048083025644,-0.2117482149920605,-0.5740409750628485,0.41906542536755576,-0.6244428570256426,0.6687143010761808,0.5999050936160278,0.09933855708355525,-0.4193524269641262,0.6378948025519076,0.606168378084787,0.01861631606333862,-0.10671097343033255,0.7416358159543789,0.8837815609035677,0.8943523988773416,0.6280450590922588,0.6603412792407953,0.4653686528201827,0.41069699219344685,0.09277056229265712,-0.5965280327449244,0.3817265907359268,0.2544893663736463,0.3856322823754988,0.2256307572437833,0.5755399127436986,0.159318062118918,-0.1425193206677582,0.8294143137497879,0.7359254153099353,0.2298218628273062,0.18264236304846235,0.5979254847814451,-0.11730016735726959,-0.28401070770491227,-0.7262575810188505,-0.706018097143638,-0.28759938509686156,-0.26476022837985635,-0.5428762555250783,-0.5883479334298476,-0.48328370066184445,-0.3264934954217249,-0.7133786277090914,-0.6686078002866075,0.547778596871527,-0.47633123803642874,0.3568296386156134,0.8378012449617419,-0.48766169751593413,-0.790820170288295,-0.6573993083137869,0.32615977454369455,-0.6579234000317185
0.5567274361808429,0.6404281787499795,0.7391586754341117,-0.273789457717308,0.2121164413014176,0.7126641424467803,0.39680510906377875,0.1535426564631716,0.197264624439354,0.7845418101094945,0.8994168259885493,0.0,0.5259505303680942,0.6189364998498443,0.04891684394503828,0.36272763558596444,0.6991276654994969,0.24226837047597585,0.6555960169131845,0.40439705488425387,0.5136365561919408,0.6101729117436961,0.21267631927423544,0.7214131596533921,0.4361384117431212,0.7819014650966858,0.7857857064716032,0.4397107435594346,0.4984193426358157,0.4423560053329515,0.658930457218286,-0.11376974242825537,-0.7314365346824425,-0.1941083993690598,0.3505542543586383,-0.19390565082256592,-0.34244830047206143,-0.4251148976084052,-0.24139056855703225,0.005547814085674982,-0.5978610811475584,0.6496464844988838,0.3120145116185105,-0.0335051494996058,0.14453495435489214,-0.6562254571969607,-0.18890132228502357,-0.6093782880096841,0.5520550809461127,-0.5021228295411008,0.6856423565657465,0.6144030052592616,0.15506126787422253,-0.3588821775448097,0.6869420350903035,0.6933962087883623,0.028747298571131365,0.0022763783477558613,0.8471643170212023,0.7787643437273912,0.9689680578730486,0.666603335530555,0.6480588031571201,0.47214946997230656,0.48055023207778413,0.19694350996834964,-0.4849590186701812,0.4027979294322896,0.143993931277928,0.3017687520503708,0.3657868157969326,0.47010551476643225,0.1903142477567933,0.058779531109892966,0.8545668555672773,0.7268573002063822,0.38196087177799426,0.21910608665576106,0.5521532791376346,-0.04565728477724336,-0.26230666026307403,-0.697100801025664,-0.6445536147031854,-0.3587480703897741,-0.1907081502372406,-0.516889890614081,-0.4744381330240072,-0.4721451327079747,-0.17819273670945665,-0.6429855688024689,-0.6107055856391103,0.5534396143091276,-0.38419149075029063,0.3003857916459619,0.8859313582271774,-0.3664376450472479,-0.737148717219928,-0.5639152845114157,0.4746420959011344,-0.5201028569123269
0.2520017061261332,0.5125612732972368,0.5146674277565058,0.25552688016083563,0.40716838404027356,0.36230165275707665,0.639389011481488,0.4530465203472829,0.5207499713113998,0.18265275602332323,0.5108161583576256,0.5259505303680942,0.0,0.621609252697788,0.5586088590422662,0.5177702090462349,0.7063871995986148,0.5885158480198402,0.6511846389490075,0.5642376863839567,0.6263276616190431,0.4911423974265273,0.6939497334658268,0.42372775503784743,-0.34923098419366266,0.17047506526868875,0.4031755693888913,0.7966225662473303,0.5140816233076076,0.6606724495133663,-0.0006430277690260249,-0.3423725180982521,-0.0261042917677247,0.3785161473870909,0.5785048018376213,0.1727588922209587,0.3077820676328173,-0.16477783704251742,0.07137084708984018,0.2693867508915479,0.13340315867422325,0.009202535093282128,0.5927968874147714,-0.061177182036117564,0.13178470670822579,-0.03875426715836135,0.5624937128959117,0.1268760736740874,0.5277720602689543,-0.035707644724885586,0.3557073444139274,0.5942625717414072,0.654571236445785,0.27469072878185935,0.5416743373247338,0.3980265315776081,0.5330341070514912,0.4678905903205388,0.2664687927863989,0.32229954667894245,0.5152975682239263,0.9668340949808637,0.7411163063181531,0.5488398670078731,0.6005333286234885,0.592613253140008,0.2661155380763071,0.5806168852510463,0.4655614861900136,0.5437153016738847,0.5854947762000727,0.5768462850472563,0.686991590748808,0.37334230940346025,0.44192528902468386,-0.022447930267797463,0.6309077212517505,0.6639688373591882,-0.23495975728366786,-0.2690396880119801,0.033776027111809936,-0.13288939135587827,-0.01676082657864075,0.08749354779317829,0.20125039211158044,0.0930670383087929,0.1448204728225422,0.2906592692611635,0.3510499046065892,-0.11282690506397897,0.07054697956602374,-0.20295339094000928,-0.0015930982335716935,-0.08645534155590785,0.49186474034986966,-0.04441188305373072,-0.11989857693413557,0.08549982348719458,0.49419956811955684,0.011046540593432378
0.23181531109821632,0.5029064003816155,0.6367990400489129,0.24444835733860076,0.4580854137792548,0.36451709483235306,0.6174097667588019,0.43193205156447745,0.4244901387107097,0.08862115250867665,0.5893114274054678,0.6189364998498443,0.621609252697788,0.0,0.6051994290130654,0.56089723267623,0.8899171987134914,0.49798178787113423,0.9809768020598213,0.22848716258166626,0.801405153423865,0.647939799102839,0.6936422731994119,0.4407379829233713,-0.10066038847020324,0.28786980661314376,0.512476853483163,0.5921534113085121,0.5009352607880541,0.8204215634780833,0.12012672119660271,-0.49297371468096324,-0.2447541577271479,0.3168161654079285,0.5881805496248809,-0.3157017933518379,-0.1597608055593367,-0.41501416500821914,-0.07577034450659559,0.0582135234958991,-0.2308292599602589,0.09456189380681554,0.4852631270818302,-0.5413305151732564,0.15116834403286902,-0.22491919350951092,0.3049845318452943,-0.072540287551484,0.2554305347351671,-0.3645523367733051,0.2795254886826118,0.701960218022977,0.6251412755366936,0.2740392725872402,0.5877597482585615,0.4494143238904946,0.48836566560444244,0.3354730833084634,0.2801068497685235,0.3364678112804902,0.6503417707618743,0.7022878945205479,0.8565560051406859,0.9621187705894692,0.9052104270662408,0.7120084041406566,-0.09573550565484905,0.9023739740699528,0.5070751313626187,0.5129671757825358,0.5603657659712327,0.6034896587333252,0.6088503583216793,0.07259549081927921,0.5594975387306734,0.1288138053312681,0.5489350153929091,0.6916730110698505,-0.034555791534530055,-0.4380967168997802,-0.11058305779709901,-0.4131213016765658,-0.43430068346968753,-0.04076625128133913,0.18576166390411772,-0.11805465243373996,-0.269718424316699,-0.1618705238227507,-0.084372755214528,-0.3931153892904865,-0.3055039253930944,-0.05683156454595828,-0.1641840940759004,-0.1099885998361467,0.5580419191512467,-0.5575099520104917,-0.28587466678698537,-0.26276543089622906,0.2112768254110469,-0.34707010398152977
-0.29390287495646333,0.14873728714306,0.24050873755803573,0.44287031239218444,0.5557436938585124,-0.005540373398954677,0.5612142602731034,0.23426738341885947,0.6714992895743858,-0.2639562898852198,-0.05637925776504515,0.04891684394503828,0.5586088590422662,0.6051994290130654,0.0,0.28532476999757667,0.5281744500339566,0.3583634100552052,0.5625534365067211,0.5238562828068222,0.8336644125770694,0.05969964742808919,0.7303385254503789,0.28260819617400973,-0.5769887220595669,-0.27412338510324286,0.2039762027276004,0.6262242184047883,0.7055088706097374,0.6526122816815837,-0.49003355837426965,-0.5551034638814004,0.38118002408180635,0.40383624365219767,0.3675112276886732,0.2926292848098552,0.5532580934967979,0.11464013684462454,0.383293143990022,0.5141334455843707,0.5134473658782603,-0.5350815520502696,0.38852955288629576,-0.2859010761399121,0.007031476482562098,0.48289261822657203,0.817158248913612,0.4766601582345239,0.23952483494218427,0.2992292502534489,-0.24141444800407189,0.30427440835124325,0.7662019472625671,0.7311563365580185,0.3142152496057332,0.17064627722396689,0.5709116346280949,0.7396028597169837,-0.09483251500824769,-0.3505773612538194,0.12725720495224502,0.5499087642553909,0.5278217477267693,0.646781752993148,0.8058527203445792,0.9726437778757282,0.6334223635786527,0.6833398023477693,0.32152883618898487,0.28188546007919324,0.8549382433185488,0.2089065902675509,0.770468998456383,0.6106765091354425,0.16284636439233288,-0.458137746330685,0.8366455853873971,0.8731245959377264,-0.662675992047832,-0.44406777195430713,0.2883037297679292,0.2368016321218074,0.1998135590983546,0.18754658952789877,0.694250415832883,0.41771900998346323,0.49601518131642874,0.5028515634140721,0.5451140937454019,0.32402728174434353,0.3253952091339043,-0.6067810332992793,0.4258046083691784,-0.6306933459227078,0.03976755338502576,-0.022996412159346814,0.39433271215288185,0.43796371175456533,0.2224924178419343,0.37572489061699876
0.49201003845141184,0.7995741958048166,0.6830782938172103,0.6230570188750858,0.63896758094229,0.489544353284401,0.8910854990529121,0.9123613166756175,0.5737097260365367,0.04085133920598763,0.4522245332989197,0.36272763558596444,0.5177702090462349,0.56089723267623,0.28532476999757667,0.0,0.6479841125032697,0.9241163122414422,0.5601787606641587,0.14901265355263882,0.46371374626742873,0.8874872832083719,0.8216719703775411,0.34705055055751605,-0.060437159667844194,0.30455503573447684,0.34718489332656277,0.5540411091816693,0.23629378954691507,0.7035170641026993,0.18403811411815912,-0.6409901499130752,-0.005245295783876848,0.7542147920084743,0.9380687291301784,-0.43511624505481755,-0.2718303052772728,-0.7280959803380411,-0.406097337121371,-0.19518498559899636,-0.2320650912505646,0.1701307350755805,0.631659984224341,-0.664399174648653,0.5251952736738447,-0.37648288089333526,0.22229355917235194,0.16084445019219168,0.2315291371004853,-0.650486131967769,0.3232269706101343,0.8255034121683757,0.7315163057302223,0.35487400131445473,0.6598705081529582,0.39350404977107606,0.7980432343335636,0.4797419702191351,0.08308857912430109,0.2971569268863126,0.3956596073587664,0.47234037323327777,0.7077049400732607,0.49143378038886815,0.3742093720640387,0.34330036029454164,-0.0379016310040782,0.3199032551395546,0.8772857295719558,0.9054354999858194,0.21713227636652502,0.9009286357316046,0.6863304726060648,-0.14872774102976039,0.34855796309343023,0.1648312506540651,0.2734527796864189,0.5230485525704142,0.04322534392257758,-0.6868894399221835,0.33155360228896263,-0.10921447732744273,-0.1747180706809607,0.5395727720712771,0.18605698434032655,0.17621050761058302,-0.3478046836165374,-0.03916250020556489,-0.1332509824587414,-0.383286685426599,-0.2251258859451664,-0.25081786707607584,-0.4012317004284761,0.22098457943311495,0.5591020854674342,-0.6608095329684768,-0.40543067862236676,-0.2146783760824199,0.00355762291316053,-0.5550009880446473
0.39527953804969085,0.5818248642210121,0.615360791495825,0.23394570838867756,0.3586701930646282,0.39231006062153057,0.6964117739506844,0.4858308693840484,0.34229497412128324,0.1663048313430599,0.6327086647679837,0.6991276654994969,0.7063871995986148,0.8899171987134914,0.5281744500339566,0.6479841125032697,0.0,0.6500146234258987,0.9442931326969322,0.3471182115732854,0.7451284592928542,0.7108473949405809,0.7002163225237665,0.41727296994929275,-0.15882016738290652,0.2831421727619233,0.4626256924464255,0.6755289691224134,0.47203211345652607,0.6986443387693869,0.15194720800262923,-0.4593969858056336,-0.25708679060846384,0.3947794130729148,0.6457124606379617,-0.2942433347332007,-0.07932584603959943,-0.5062330370552802,-0.29539566041019477,-0.07769022103172403,-0.24984823305845777,0.10256017900086528,0.4619041737860405,-0.3971615840239411,0.13671294552677243,-0.3259247344637188,0.27767781908151856,-0.01824642680894431,0.36149456273269254,-0.39139788655716407,0.40538166550707194,0.715669676819438,0.6428397494434536,0.19549464488947713,0.5760640359694706,0.39498841836182913,0.5412924600006438,0.27289729339617363,0.2992252460857717,0.3962982677243382,0.6693102369779633,0.7837363477740469,0.7760475768259956,0.7936381553618446,0.7336671872341184,0.6076966150405338,-0.014600340730558017,0.7966841097191147,0.6427325352282272,0.6835095781543127,0.5497948805323225,0.7540798737946854,0.7204577812204488,0.10512604286279834,0.572121577122964,0.1576375385153065,0.5342023991552625,0.7061768541289369,-0.010030050652427838,-0.3753423872802206,0.07810330690042441,-0.30825250758014755,-0.2898969101741038,0.13932615832625075,0.13453161273401362,-0.022940068656579424,-0.17460432129898024,-0.04338851563717483,0.05114026013680998,-0.36756240845560467,-0.22035133405041324,-0.1104672898170058,-0.27509407586008505,0.08210308115672196,0.6567848860558549,-0.42446174089284744,-0.3400327270797902,-0.1537340538257331,0.3445799255929443,-0.32056966095247447
0.502380174296032,0.7164191676909468,0.560587156004524,0.6384337600244675,0.523269206882757,0.3992441229573802,0.8456912583323065,0.8789784369582607,0.49335865061048195,-0.12027111072055319,0.33493879959133915,0.24226837047597585,0.5885158480198402,0.49798178787113423,0.3583634100552052,0.9241163122414422,0.6500146234258987,0.0,0.5267550087207485,0.2767934473212524,0.442123893112727,0.7640642224984483,0.8541699724020256,0.15414377747151034,-0.33408787976232357,0.05735950217225025,0.19849478047417793,0.5919113992195217,0.1928471264174758,0.613541357398389,0.06152896258411938,-0.5593885477423096,0.15555465148535755,0.8346853410968096,0.8526358373534467,-0.21918763775524255,-0.04384665078983087,-0.6183780019353622,-0.4198680354189541,-0.2238568632751192,-0.02637870627823319,-0.055508324358068406,0.5146771033071731,-0.48249824350599946,0.5177806798370106,-0.21693371081053303,0.408925233806605,0.39364382566932726,0.33688272630874827,-0.4255825274318428,0.33445692000435473,0.7686057085447218,0.7513031724377061,0.38352878019292835,0.5610259298095503,0.29998899023531167,0.8544675170102587,0.45128585968567564,-0.1082621716944704,0.12486091885300843,0.23376200965143135,0.5218478740864712,0.5955332252214846,0.4320584847934721,0.3158851978840455,0.34979352451531615,0.2019637176589177,0.3167095079931109,0.9182312785080796,0.9633212874502517,0.2715122332407658,0.8622270252668565,0.8164059537023374,-0.061566383969459834,0.15872790827891017,-0.0789089321149152,0.29487303713677004,0.6156086391590766,-0.12132990807355262,-0.551867486502659,0.409524630582234,0.08580195473125504,0.08028609953764047,0.6419588942054465,0.1938707304903798,0.34367871535919103,-0.11133492452634412,0.18631047230512535,0.1394077148627772,-0.20302436939352542,0.048681772701554986,-0.43992625786302514,-0.38356201699199666,0.10832311254154425,0.4026962501580888,-0.39846349611649223,-0.2314663906669892,0.08115680609691026,0.18042019805955256,-0.30948452857118036
0.28399764852701037,0.4983662192180324,0.5953829766964087,0.22097406393033364,0.3760273431818984,0.3363217268377486,0.6049009401048405,0.4244259221763052,0.33279406268720835,0.09909617590117585,0.621977681870447,0.6555960169131845,0.6511846389490075,0.9809768020598213,0.5625534365067211,0.5601787606641587,0.9442931326969322,0.5267550087207485,0.0,0.23139725482328027,0.7647625317564521,0.6622197085986301,0.66609269195924,0.3899025632545563,-0.1260983520964042,0.2749934957557127,0.46794010425725924,0.6059069460733918,0.4527397626268302,0.7497260385770481,0.135494533074009,-0.44917385592131287,-0.27274803983779256,0.32538370722241977,0.5757196336311114,-0.3288204116521575,-0.14700852163761183,-0.44107774949974604,-0.16238902204393366,-0.015861073179465526,-0.2543201402486694,0.09722640546221312,0.45012042667539626,-0.47694125279085164,0.1279935050600625,-0.266184928202341,0.2736091205746958,-0.0745348810717325,0.2713569017642389,-0.36527321464944507,0.32846389451420227,0.6845738046642045,0.6097048839040771,0.22719671630334007,0.5402048924809117,0.39272118893328156,0.4825570525330062,0.2589835161571487,0.27851965663357053,0.38256635962193924,0.6570375374885496,0.7388298613242091,0.8108092162080467,0.9246199928275279,0.8498525050557125,0.6614953687378967,-0.08767601703282306,0.9064029723712098,0.5409212807029162,0.5533845928994311,0.5315509685304838,0.6443934047563817,0.6236320292482198,0.05894804349138809,0.5536003603809776,0.1307358719940955,0.5111921910151486,0.6758014117041656,-0.017301029757897636,-0.3843010761324254,-0.10461419132505341,-0.40331995695708955,-0.4067539683319407,-0.015774847787655047,0.12668325948009562,-0.11521094274036744,-0.24821125305457073,-0.13610598141603683,-0.06290182923943369,-0.3990976720860847,-0.2841838865189128,-0.05708582020827732,-0.21662598455946583,-0.03600846056479139,0.5808769374248356,-0.5020663428999803,-0.29952219417926623,-0.23680819941814638,0.25874872251728565,-0.33667836659510214
0.18094618270610305,0.4709391708830013,0.4907919689398426,0.024276066166871946,0.4274960345806565,0.5592529816207253,0.4522297169771905,0.06732571979786046,0.5654771876345013,0.41709181773774473,0.25099115232886066,0.40439705488425387,0.5642376863839567,0.22848716258166626,0.5238562828068222,0.14901265355263882,0.3471182115732854,0.2767934473212524,0.23139725482328027,0.0,0.6505868839422638,0.013530019740140368,0.3653254518604613,0.5453354868970034,-0.1988756956148452,0.11966071232344817,0.5673862749162688,0.5740564569014379,0.8116588643482509,0.3230138625321781,0.11033916360100364,-0.16393571605868287,-0.05966299676174128,-0.049792822698028406,0.12106644921981002,0.6319120574096456,0.485235594136147,0.1079756140314623,0.19866164733786693,0.47837865874352475,0.24859302040848405,-0.10372047544902274,0.10485213724955716,0.3516786717055406,0.17681480498497512,0.10027870104950859,0.4998443739410697,0.0442293168304697,0.860413812439641,0.25825079764499626,0.3408902817060293,0.377468648648982,0.4245660484853025,0.13652563340720736,0.6048194777462346,0.627116759678245,0.2886934327951527,0.5231573575820335,0.4191816137188344,-0.04775884683086573,0.4281583026623154,0.610392975266013,0.351733898283894,0.15328928372673897,0.4003597114238375,0.49616354898532505,0.42074889918840935,0.13427354462267088,0.033807739714334054,0.23688498868499994,0.82461839712985,0.09556043685679375,0.5530648498130248,0.7153702771595306,0.40032143830679023,0.021441718731149587,0.8189724544222863,0.549741348763776,-0.09793346439699273,0.031540652898517464,0.19566337008111018,0.040966089134058234,0.130513198441297,-0.08557320833865287,0.3815989671372215,0.1260188175026647,0.4009909970265049,0.29674117328721483,0.7413058990109359,0.14006628767890483,0.17923448038047937,-0.08212545265880666,0.14281304192248634,-0.4274635263392622,0.33772978733996273,0.3171629337544539,-0.04405274233440568,0.34222042843084965,0.7960312492398625,0.32812278668528094
