0,1,2,3,4,5,6,7,8,9,10,11,12,13,14,15,16,17,18,19,20,21,22,23,24,25,26,27,28,29,30,31,32,33,34,35,36,37,38,39,40,41,42,43,44,45,46,47,48,49,50,51,52,53,54,55,56,57,58,59,60,61,62,63,64,65,66,67,68,69,70,71,72,73,74,75,76,77,78,79,80,81,82,83,84,85,86,87,88,89,90,91,92,93,94,95,96,97,98,99
0.0,0.28140270969836784,0.39346785742215057,0.3326764518528961,0.05605417508525577,0.16672211046363192,0.5390011928488964,0.17815091055449916,0.12494585553728658,0.38389180229413483,0.5327642451425698,0.24857934507388682,0.09601630271141971,0.11356224506377137,0.7007502042786518,0.23866902979737126,-0.7599768912160699,-0.3609129811296451,-0.7800205157381518,0.6992734302575598,0.28775254889310053,-0.6216510170763144,-0.12103883427371483,-0.07937807357840111,0.2440330393856505,0.04306000519637061,0.4682642119470777,0.28095972261810176,0.6597076017942962,0.3998103048602866,0.47918112012842434,0.38076841044895915,0.23570998216917602,-0.6609531108123764,-0.6818563345880719,-0.0626983046724233,0.3372794669198976,0.3154211181142643,0.018937847044304627,0.37152806770686,0.1446364668061787,0.38025174067097406,-0.13509170598979575,0.5903532706277588,0.10466644287941328,0.2229083449731583,-0.26138704835126575,0.29601370512491776,0.7174318999065815,0.42789479965567306,0.8945403911805655,0.3901042156868527,0.26071763431314005,0.5748028282957043,0.16401757084564658,0.4441599991916536,0.15405853578064374,-0.10573299239228034,0.5264598544712494,0.5977907490544967,0.3871017125601697,0.0677591413189065,0.25315673942589667,-0.14366445408794284,-0.02974602515408145,0.6164752967257824,0.681440196000049,-0.7970081406027857,-0.6182424708593238,-0.1326200779931227,0.48677661836064773,-0.3804775201955512,-0.460956299587793,0.5778051510842881,-0.12545465617124443,0.4187993289465231,0.6722423016035542,0.5004082184224768,0.6482434390026623,0.4538909310251445,0.030111935354203975,0.15158786275477407,0.5539007697162381,-0.5816072756166387,0.43480171403652185,0.4101907685420587,0.5927481166625729,-0.0013067344077003554,0.4869545871634183,0.7718755852452339,0.6859302808075658,0.19105918747633918,0.26448567598075845,0.5513679889679303,0.38225191420836513,0.779641188859643,0.6813788601422295,0.6244824955944349,0.7772133741468786,0.6958160877721303
0.28140270969836784,0.0,0.5792107809335636,0.8909344078226865,0.5975723129255835,0.483465374823202,0.2982755859753732,0.8351724783978964,0.2952896645742958,-0.13048916989611395,0.05623493258772735,-0.05223422819090647,0.128815781031298,-0.2955038056227137,0.020165596476709364,0.6847197722084306,0.0187865760639978,0.4773140368670615,-0.027976313339622402,0.4506486002891785,-0.0063627844334702205,0.173265075246716,0.1584576035743574,-0.0840846270262382,-0.37160992476853805,0.18281027802168806,0.024200990183553196,-0.2160620651686029,0.042508948813683764,0.07133874743649385,0.06576042674039659,0.11121011136964896,0.19033944546871626,0.24923500068398294,-0.07293389230691065,0.009160043515927922,-0.031133791204867752,0.22577017482499728,0.1314007032045093,0.035321696669484384,0.334906646456501,-0.0840056766009654,0.2345605415988289,0.03992511547394377,-0.07079286197553955,0.04596583584904006,0.16265481651090713,0.4878551954085609,0.2678440556690188,0.22705610915725452,0.4211616351613209,0.8060356259242016,0.7029267661768943,0.6115202893855084,0.359558743847799,0.47701457124826263,0.8116173885220792,0.25199520655611307,-0.08885339340120851,-0.07962783809287347,-0.04857451104580652,0.1371759043022434,-0.27241126945939176,-0.44311223436284,-0.35101572215596805,-0.02424719769708089,0.16644079887127533,-0.10120992193172837,0.006829446933061681,0.5689897972050837,-0.052017615402228774,0.0392205387616224,-0.3232892130209332,0.009749390682361856,-0.4477705977940074,-0.4583179746553469,-0.04718255253334001,-0.37445036497523176,-0.0345123518510072,-0.013398185388594473,-0.4506032310591548,0.025980943891129524,-0.16906930150029512,-0.1442863744509218,-0.19118296719927363,0.18481760900501953,-0.06907907456468919,-0.23342925225464148,0.0786617798463562,0.017554551268977637,0.23041097745151992,-0.031068235394837603,-0.21148847396429826,-0.27392545146435787,-0.21197754384783565,0.01781031108504591,0.046954046221404526,0.1679913198282502,0.18169339916909505,0.16371608489838976
0.39346785742215057,0.5792107809335636,0.0,0.3179108011555978,0.8356063276734831,0.8707568475432107,0.17111921024524604,0.4803596612675972,0.6126581765008655,0.1735238346778926,0.41716651389892306,0.2426819281770522,0.4045062487070159,0.22325688009106678,0.4184592704389026,0.29490181135277144,-0.19958025385563793,-0.10956735729592942,-0.2762305532703893,0.247112602211618,-0.01021015662648082,0.008467408667607973,-0.1868255170951691,-0.1369927974089071,0.035475804436344495,0.3790724040075866,0.2592394579377085,0.05329660127275383,0.06535419078474737,0.24173698198839624,0.3049198939141822,0.32785918183032703,0.21598656943833303,-0.25422612166082087,-0.20466539700261094,-0.31043507392668707,-0.12245774363335817,0.3473106575415102,0.22356552242478644,0.09560934223360235,0.1805695973502193,0.4182701072341205,0.362161948051239,0.37873964698571655,0.15637747716072747,0.3463453102938517,0.179680458346777,0.2738315328027332,0.4034997916745327,0.007379459744924529,0.4522800095627363,0.775434468176522,0.41470482716289286,0.6929178234205101,0.8454360876641137,0.9003014512841137,0.5516717058884688,0.5412728796569333,0.22065336656957538,0.3742906285590928,0.2995812355359285,0.41420939563350934,0.44183500717195895,0.19701263949595663,0.07856340230714605,0.41634497380548313,0.06063346018059521,-0.22490051439413203,-0.4665669528554549,-0.03272131889931629,-0.02250753173423277,-0.15294648065337105,-0.325498279875004,0.16551475589229397,-0.4336626176334211,0.047084159002695865,0.01750417720543251,0.02772651902611485,0.17784107312258052,0.1178027692260495,-0.37126951513658574,-0.2107826324632343,0.1460552649692953,-0.4168407124374035,-0.13188025641065776,0.3588665157979549,-0.07437147641348171,-0.2425215847016486,-0.04413298752516774,0.3041584641698067,0.2049149824657574,0.27037778717780636,0.04727679776371388,0.24793666794221705,0.23339565273958413,0.30332105108590646,0.3724665728341121,0.12905657835100043,0.4068288456171461,0.049873832225110964
0.3326764518528961,0.8909344078226865,0.3179108011555978,0.0,0.32808408756221624,0.23443808484505452,0.3210551722994493,0.8751040777897771,0.19450043079930146,-0.28043112848281804,-0.1799500098933806,-0.33926019565663484,-0.25556096765992675,-0.4649001334834052,-0.053672996411599276,0.6034143360693885,-0.12247501882536391,0.5870368985674261,-0.08338266159316794,0.6195918915813164,0.17828331777913253,-0.021786529619032,0.33330545871213657,-0.1614793628060714,-0.4911549924079968,-0.05583174491094285,-0.005509469587511426,-0.29465333864143084,0.16599681219420478,-0.011630869336073737,-0.05595532170887806,-0.07422291889049576,0.0722928377185872,0.26211883575070405,-0.13663902530417246,0.21862400454593478,0.08757557852519887,0.06696666586507453,-0.014591899734499378,0.011793938717007204,0.22650622941312523,-0.29744243562074435,-0.0429391320336499,-0.09071251169157267,-0.11187299207633418,-0.17323047506025332,-0.02929389731232722,0.486285902058743,0.26338406505913164,0.31541238760096957,0.42290711372477435,0.6084747376422395,0.6679448644204746,0.43147323458511233,0.08240455669593882,0.29054519165997994,0.7998588735015764,0.22506651160130958,-0.21170129312622402,-0.2545727551433369,-0.3046717577913275,-0.24840137654764832,-0.5240733587788357,-0.649654258894748,-0.3985329041235884,-0.12624762570834808,0.3941822834303818,-0.13003319568298766,0.17587698426833887,0.7565851472124531,0.16313113587456146,0.014409465654737,-0.15608138379069517,0.0020977571268481657,-0.34477952807117884,-0.5123907038718254,0.16187415466973196,-0.3324298053382009,-0.03802925465007993,-0.04277416999742952,-0.2191354380426538,0.3095847448683794,-0.0564112919618311,-0.03739272482246541,0.0709193510318343,0.14610791931914482,0.12682041687494186,-0.11634637709575335,0.317047428455949,0.04043603662987559,0.3465142033328874,-0.20478975085329265,-0.23896899251726442,-0.322110127618052,-0.32433154297334055,0.03103236957142964,-0.03608747412169652,0.3526013916557319,0.2664119563411621,0.3270220566939063
0.05605417508525577,0.5975723129255835,0.8356063276734831,0.32808408756221624,0.0,0.7899697400451615,-0.08257413416442881,0.4715741663342921,0.44538352164264255,-0.11550323299252646,0.12538985262094837,0.03132600411166204,0.29938350259372865,0.10584505709576983,0.013420672359807352,0.23738541168593097,0.10214685475519121,0.14843082611580108,0.06820288039993522,-0.027777205611380758,-0.21946780054220494,0.32691060374993597,-0.0777921827762261,-0.17751768682317204,-0.11623550528074235,0.45998896757396796,-0.08648651054318637,-0.1077814592222953,-0.27869312300154303,0.08382812316078954,0.12357868669184367,0.15854243955228092,0.13389926705341212,0.11940527231457192,0.0754374314166864,-0.23132065742886226,-0.25534534797474623,0.13717865977210425,0.13443036948063952,-0.17795995962681863,0.0778827019152798,0.2419649132055769,0.37273281304977024,0.0824671977289958,0.0075914404708031106,0.10905701101710427,0.1829634716502997,0.16222590665328188,0.10745269510339168,-0.18504413963155145,0.11710678480636877,0.7502233200769086,0.3797063861114768,0.6951687071420347,0.9077523409363949,0.6979307589674544,0.6257830414434188,0.5636812384739706,-0.14536442883383438,0.0452238814786905,0.04879062947931569,0.3185552614559411,0.2030833850482127,0.133934844558733,-0.10279546617494904,0.017464988250955528,-0.23923408268526875,0.07835188576687624,-0.11171872911398335,0.1699983133468353,-0.3380403517178946,0.11988284584706276,-0.11740663912973212,-0.1952467193633006,-0.5903792781260166,-0.19527845524411114,-0.3264148525717537,-0.29536790833997556,-0.03793904205271305,-0.1331820943662597,-0.42307092455595574,-0.16056546225113044,-0.11606725930837154,-0.08032031097954707,-0.34263457112594126,0.21955068110661147,-0.2827790917103742,-0.16658638044405208,-0.19803752586055368,-0.04285710540066325,-0.049821373526782176,0.05267141721850129,-0.1998204940101973,0.013238541714554289,0.01671172987085181,-0.018325500699906135,0.058830458427615626,-0.022504317055845182,0.137642533614144,-0.185616091273688
0.16672211046363192,0.483465374823202,0.8707568475432107,0.23443808484505452,0.7899697400451615,0.0,0.09165559338408977,0.4490102222587385,0.8086706320813473,-0.01926859716371482,0.3299300231346933,0.07929974744222004,0.37298978533374966,0.17358559281361047,0.35674076251636366,0.13337086555009556,-0.21965360939789616,-0.05246251920608835,-0.2786527370141114,0.2477805616131094,-0.013000771573107793,0.06652021244354242,-0.14187875321927015,-0.21082068725698305,-0.10164515094825173,0.42092535812042126,0.20337920947775462,0.14031963601457342,0.10785784542625526,0.245008460855631,0.19258116630049282,0.3154256087673196,0.061038854011497175,-0.17879638566864178,-0.15316762740581064,-0.02423884335020601,0.013205402817886005,0.2917834594440283,0.21807354056837155,0.008199691821409717,0.18003621189554267,0.37508608104469093,0.36405465541603665,0.3088117554904568,0.024085682151502242,0.28164793575374175,0.16094634103926905,0.15641244416825714,0.4222639056576627,0.040525492347502225,0.2605319519199977,0.5436436581177703,0.20382471856164952,0.5094401177527701,0.7419395448317581,0.8677948506840096,0.3563412255411494,0.6524130144026645,0.03169243503340861,0.21038755962072417,0.1266679553909192,0.40222547804304726,0.29063116647454124,0.0731023547298198,-0.03921842745407847,0.36843560537320663,-0.04533282576775609,-0.2258613346291166,-0.3032005670853407,-0.0009681031459829421,-0.05885671431998529,-0.08663023197950723,-0.24569227319475748,0.04885636785432607,-0.5220481967522349,-0.15684308132857366,-0.0040883799109596945,-0.016505724695752306,0.07701767074895086,0.06917037687942025,-0.2632327977754034,-0.07889625683392291,0.091291749881844,-0.28268399459957977,-0.09272386818419023,0.3726566209790926,-0.04209879042990623,-0.08698429972031987,0.06255591763629643,0.25527827763208016,0.08306744675706083,0.21213293160045232,-0.03292833478445157,0.05705942028068712,0.2701780701209135,0.25520739714293145,0.2907102183799559,0.13159523963387107,0.39886735159793574,0.047994222640995815
0.5390011928488964,0.2982755859753732,0.17111921024524604,0.3210551722994493,-0.08257413416442881,0.09165559338408977,0.0,0.20013012994497767,0.23585614579215017,0.5540475565687344,0.4086564971226506,0.2896596092715905,0.2792912754115285,-0.07537391386255818,0.46934523673150796,0.5864677933728893,-0.3518787531052533,-0.15470850743068432,-0.4309462111580546,0.5695925166049048,0.25544454977694653,-0.3639476848136687,-0.026343072757905032,0.11303617749947636,0.2274546280533519,-0.1527750945974362,0.2540992865940865,-0.02402219622620147,0.2725526241388993,0.20395344767628332,0.5994245784164968,0.665682344111588,0.3320889220684592,-0.3598569654070113,-0.5068859332038271,-0.02221162874420919,0.015857893653883615,0.5958784611288407,0.4266586195268337,0.6702913540610226,0.34385459734969887,0.32795835753150326,0.12971534030750168,0.39466042618811276,0.03582795846156844,0.3157310842443591,-0.028801377146805657,0.21704888729783148,0.40810524729732134,0.44190047423536855,0.5001867841421018,0.24661174391346152,0.5888269717055686,0.33247201916753666,-0.04244052237624511,0.3297680826770835,0.03704945890402415,-0.11522227694218241,0.6188663006984805,0.4730953147131893,0.4120161039220461,0.2886702361727977,0.0656416663237889,-0.21882129156471009,0.05152807445046311,0.4617396021830304,0.685944107108195,-0.5695433213709172,-0.46533989690416805,-0.1076037972537599,0.4332131501023237,-0.30991151895901253,-0.3722769612876135,0.8453266616385849,0.12375469775848359,0.26891753697785165,0.3016971080492397,0.2238720812396452,0.48267914339678036,0.765377944760727,-0.1961162790009594,-0.24459607236519415,0.10057631786293132,-0.5773301365020442,0.05825921738372266,0.11310058593218382,0.09089528498848311,-0.3673093830261905,0.22703921992674725,0.44172143175703377,0.5003557555640357,0.6472048578367223,0.5503378133615603,0.3519069762072545,0.24537752604959548,0.41945541712028434,0.4323856996431713,0.04787907516378813,0.2749031986599243,0.43360938123175646
0.17815091055449916,0.8351724783978964,0.4803596612675972,0.8751040777897771,0.4715741663342921,0.4490102222587385,0.20013012994497767,0.0,0.48542084138892394,-0.3483992695644881,-0.1490701691046316,-0.28798863112540557,-0.11609644469044278,-0.1940773487881107,0.009594543589780093,0.37783295290271435,-0.07877911495377088,0.5918290930742836,0.007428602843617753,0.5520929724589664,0.37976024343232323,-0.10203977408191105,0.1532093073455997,-0.45430488063522056,-0.665176265049808,-0.20415678248102834,0.06607982546397718,-0.39559402580888586,0.15596480759641823,-0.19269082627369863,-0.09639098131004863,-0.008066868266628986,-0.08157978931383057,0.17107250717048056,-0.20615428195403282,0.2628362443859194,0.17125621755335566,0.1018155768193523,-0.07187160180684421,-0.23935757786363998,0.17884912633987127,-0.36021965551146073,-0.08897796931209566,0.052198940774580975,-0.18060811086643097,-0.041045288831867005,0.001563044771653353,0.3584782913577249,0.34685067810798154,0.38295203431753455,0.33898841580569555,0.5612184812807473,0.5921346022660041,0.39032075359288043,0.19997260696615987,0.38910809201417834,0.829304229138733,0.5634380706941757,-0.2570702541604178,-0.2440055502719926,-0.2748560830809867,-0.07952028616111269,-0.33136410849619347,-0.3852445404122692,-0.10991211236699444,-0.0744976542133363,0.23304897964657473,0.05126489244931375,0.11374988349736515,0.7375177960899587,0.23595658628408914,-0.2313077947130296,-0.08408447792573989,-0.1427199460789327,-0.3978685681209239,-0.6100099658546625,0.07318019652062348,-0.3440222997588169,-0.15302424054631947,0.03669169146700691,-0.4004750436717098,0.2466630371639206,-0.0668549005152788,-0.16537129821535188,0.03499692976375166,-0.026776477358580703,0.10181661332153008,-0.28564600612926216,0.33037172427001127,0.030256347186924774,0.27868600818939987,-0.13392479946531832,-0.33917230524094444,-0.4039148977011558,-0.4600789565386004,0.0818725476990087,-0.026956701754928432,0.2671746482244171,0.28709405363559587,0.3079900760923689
0.12494585553728658,0.2952896645742958,0.6126581765008655,0.19450043079930146,0.44538352164264255,0.8086706320813473,0.23585614579215017,0.48542084138892394,0.0,-0.03019087284981156,0.29480768878284286,0.02632014097803426,0.25941380886397486,0.27666211389238815,0.4660099405312675,-0.08418349166097715,-0.38404028330685863,-0.07291155805692047,-0.3609945160484809,0.38271593490615624,0.3868625495574304,-0.23937844134073868,-0.221050774869465,-0.42736468572189285,-0.2947644002322327,0.06448017026187934,0.24908320722716581,0.002428577961971364,0.2389188674353197,0.07901671047659933,0.17516621853245037,0.31820326908212454,-0.1371845082827358,-0.3261587065580121,-0.3416201316573689,0.2697520338840245,0.24228321072496525,0.2717793148158064,0.125746769691664,-0.06208351151188598,0.14105631339155628,0.1923607062297275,0.14549081666008243,0.3855406543797565,-0.11473788319350893,0.24143768143774108,0.006900017718503385,-0.038641239030831845,0.5502682681711821,0.34334219321199255,0.18201579647585933,0.19359901941576343,0.14606584491051508,0.2399827467738077,0.3547598434807399,0.7178501457378585,0.16387106973418075,0.8052684869106438,0.06023179750850297,0.23282247529259012,0.0990533869825486,0.31546880529576976,0.2264004736377949,0.10810087758391135,0.3054275293546295,0.4702236844221846,0.13545840825946373,-0.21137306010641513,-0.25677355864644,0.0389030180347001,0.34775754204411385,-0.3586142041069302,-0.14293789837353904,0.14413974730549128,-0.32845788838641404,-0.15995779126748852,0.15305642665206218,0.09710516593246954,0.08351357642802765,0.27950535229084195,-0.1964515419043027,0.06480559384881712,0.17162691497664156,-0.37124433653497163,0.08927701381082027,0.20462677415543454,0.12436786963669187,-0.200314244581448,0.34644177311265767,0.3553821537876154,0.1515803005216783,0.2383559160084054,-0.03074566563393957,0.004840914685776893,0.13578437020202144,0.3556666002200609,0.2300449031687944,0.12482984307609192,0.4732679421414124,0.2869227639921976
0.38389180229413483,-0.13048916989611395,0.1735238346778926,-0.28043112848281804,-0.11550323299252646,-0.01926859716371482,0.5540475565687344,-0.3483992695644881,-0.03019087284981156,0.0,0.7293681868799292,0.8150102996689542,0.6130657351280354,0.45171795258337993,0.5595150265310255,0.2682020248648339,-0.13370688696466929,-0.689586459660816,-0.3009311928424212,-0.05288965645802344,-0.13606703077326368,-0.1466789924403263,-0.5679448691707673,0.344849159983365,0.6270206893062984,0.1193000121568826,0.24262166331214202,0.16451327219862036,0.08093289406694323,0.2843859797506106,0.5917787096517776,0.6441008566867941,0.5832527954198505,-0.5495292165060708,-0.3963953914630666,-0.5976009993265632,-0.15618416362330018,0.7112489370091237,0.6426408382108392,0.7069819212274813,0.4531746946932424,0.5957160401488453,0.4517421381952182,0.4987549401548277,0.06274010857746994,0.6298990352806422,0.31538425257973507,-0.0626173739990152,0.16802033039886935,0.17864161107302817,0.32894902822532046,0.1488095111081877,0.15076846666088062,0.250353721216065,0.08179512060742161,0.23200001313793717,-0.25987737966467667,-0.35703561742588424,0.9611203678887147,0.8102871370656025,0.8693535824177007,0.5253244718070363,0.653867053974073,0.40964460966147476,0.33672449566853957,0.5960753569996192,0.13757282867435067,-0.41719422036385456,-0.7778240362617654,-0.73958773151223,0.027244200801011934,-0.32154433976558844,-0.6437354294643889,0.7640498121043194,0.11626424744803862,0.5810337118751218,-0.03025944589388044,0.22919467070335253,0.42003340503016395,0.5679592440492,-0.28932845120233,-0.6747858880750737,-0.03626158071223503,-0.6811274847442452,-0.2946953712940554,0.1717567513633711,-0.15155689406611583,-0.49930633997048773,-0.3218755468358418,0.4266197430752082,0.25701275282881153,0.7897258053109422,0.7698360374785236,0.5333618233710294,0.4620734124747097,0.2595718428160409,0.5182691144743939,-0.2876061670525202,-0.003400374247931366,0.08609241757755037
0.5327642451425698,0.05623493258772735,0.41716651389892306,-0.1799500098933806,0.12538985262094837,0.3299300231346933,0.4086564971226506,-0.1490701691046316,0.29480768878284286,0.7293681868799292,0.0,0.8501416387799048,0.7604914144653603,0.6011221303716247,0.841236548578049,0.03958782854482482,-0.43056425669990334,-0.6909403219040305,-0.5905898426571169,0.1384825012499799,0.024128806635157946,-0.30270490096206887,-0.6052489973740909,0.01921778083447495,0.5243999100536543,0.35154262673509973,0.43350033907435637,0.42805933081567016,0.30720920241539834,0.5070250301990396,0.6654547082474956,0.7108748617287372,0.27092921033983114,-0.7225204838931375,-0.5639697161330454,-0.33823714129189353,0.13324386579539815,0.546559078607657,0.2686239790052076,0.3379994475547357,0.2809896013291052,0.7022340069739686,0.33351536938389864,0.7689920727776852,-0.018024274300623738,0.6002842915438993,0.07629748290732244,-0.08348566172004396,0.5878050656000661,0.329122592899294,0.5165389089638311,0.2440539572700043,0.018132333875966068,0.5152526358656948,0.25122852072718976,0.4179300373375588,-0.2405875123692039,-0.1502822421855558,0.7820109421155735,0.9392823143232018,0.9050557137672871,0.7135612888928835,0.7139607988448966,0.38020237632534565,0.33318329293788995,0.8246485137975842,0.09454551351868493,-0.6312079330507948,-0.86874193317039,-0.6375214996182637,0.14848795875733714,-0.41074326164289293,-0.7262681426877957,0.5253579784105908,-0.14630865004006563,0.5534785522542109,0.15370108944259941,0.4210330685483751,0.5701471211462715,0.5207922320860879,-0.3767100163811863,-0.46962454002924947,0.1470196565574628,-0.7490622082294177,-0.1397781618696036,0.26254029404829937,0.12362460964108807,-0.31563664571090744,-0.02683904535118262,0.5830670291750141,0.18958649366661443,0.48577650673472167,0.30663525465491104,0.5885280019688293,0.5444361800004677,0.5903836427593218,0.6212952793505605,-0.012737054717304687,0.3703415749998298,0.3197369103008172
0.24857934507388682,-0.05223422819090647,0.2426819281770522,-0.33926019565663484,0.03132600411166204,0.07929974744222004,0.2896596092715905,-0.28798863112540557,0.02632014097803426,0.8150102996689542,0.8501416387799048,0.0,0.8510542685545832,0.6695770698339819,0.5625690420714269,0.08492503909244659,0.005815732473046851,-0.6254690138263053,-0.1725867470705566,-0.20024987678191922,-0.08251977955694978,-0.06936988366521268,-0.6812849466036364,0.1711435494305652,0.520285796124645,0.25828906990668216,0.3629843356328662,0.27933161181438504,0.046230202900704585,0.3255888562113082,0.5211880661240379,0.616296462200397,0.33544246208506906,-0.5225475407840191,-0.32023841536209297,-0.5899634688317827,-0.06395565239415901,0.539471822525914,0.3412218640749896,0.30391226631902873,0.3096429830698689,0.5353229746390732,0.414572497335373,0.6384422472659994,0.0012530123945527242,0.6852164799208705,0.2963831706946988,-0.1133482146987889,0.28435230679181733,0.19191652517411048,0.2832455412383652,0.18210463781086011,0.03766101815422028,0.3460021269825761,0.15572731960806574,0.14926043473370276,-0.2549473535665815,-0.3042875229077292,0.7954063510366579,0.8122168137128417,0.9564494981744732,0.7761815021644966,0.750249115998112,0.5707432665662321,0.4539523191455059,0.5673815442427158,-0.16556088317153522,-0.2646454523042842,-0.797818318465624,-0.7138959853498489,-0.06260641580149703,-0.4160440570303346,-0.6831383572086195,0.40258153954004683,0.032716576955641764,0.5019862256790161,-0.16925603535717285,0.23516750567666087,0.2918950530632031,0.43088041594432547,-0.5606268466314168,-0.7554477975295947,-0.15696669446056954,-0.696937567367944,-0.4007947957517199,-0.031229701962406507,-0.17951480602005448,-0.5291653120729256,-0.386657430071092,0.2778698913996874,-0.005969502610296346,0.5652920341443796,0.33069977403578016,0.40874985152852933,0.3030140411835083,0.28811150800341223,0.4429417181898565,-0.3514705190126946,-0.029211163143530363,0.01785326368678842
0.09601630271141971,0.128815781031298,0.4045062487070159,-0.25556096765992675,0.29938350259372865,0.37298978533374966,0.2792912754115285,-0.11609644469044278,0.25941380886397486,0.6130657351280354,0.7604914144653603,0.8510542685545832,0.0,0.5615967373577679,0.4568477904463978,0.13938246805813392,0.08240176080570294,-0.4632120141981788,-0.11471745414651417,-0.21666194891784618,-0.19118129767668682,0.12828351043186903,-0.6300370355646571,0.0571191716415203,0.3471868117351463,0.31016279627755133,0.24026110422468452,0.21590679427475376,-0.04449071626827615,0.19910246586297436,0.5539789537536086,0.712720059226355,0.3719970626010584,-0.34138618937803233,-0.2100145678293736,-0.3885743809689901,-0.007020036266294073,0.6192666364903242,0.4330017105722605,0.19858498522754897,0.4308434986691777,0.5639902964017127,0.5825747737754791,0.6093837857717893,0.00480754678696461,0.713632753703459,0.41790947855106625,-0.05500842136265108,0.25730952050859124,0.21850951209917682,0.15375737046292254,0.26991939281202465,0.08728407888220105,0.368304558141458,0.33288504243301636,0.334355870142008,-0.1478968436411567,-0.06447681022266864,0.6023275634578362,0.6761932589323968,0.8378021452678039,0.9777562279088814,0.6579690137152227,0.48633705255718196,0.28343076313273136,0.49523845600119665,-0.3077319114737449,-0.19466236327744865,-0.6284646097632202,-0.5776389097171244,-0.23212689829401512,-0.2695072443377439,-0.6331460273991506,0.3043068539356312,-0.19789683790958848,0.26222621275572255,-0.32569030920609654,0.03544741089116158,0.28671418109030805,0.444961214415761,-0.603868582740758,-0.6796390648636002,-0.17367435401929593,-0.5618890932187279,-0.5221982604590626,0.08026042896956553,-0.21590046404969693,-0.4392554776893979,-0.34190268530073653,0.23495432204369018,0.004864452315173677,0.6060009901417782,0.27473973313300315,0.286826548003615,0.3188326132994174,0.23707231785571528,0.44162541032197483,-0.37014073092951794,-0.06504037012961401,-0.010914074036949313
0.11356224506377137,-0.2955038056227137,0.22325688009106678,-0.4649001334834052,0.10584505709576983,0.17358559281361047,-0.07537391386255818,-0.1940773487881107,0.27666211389238815,0.45171795258337993,0.6011221303716247,0.6695770698339819,0.5615967373577679,0.0,0.5513548114260717,-0.517410904476193,-0.17657249321394552,-0.638538672123572,-0.16227094883586207,-0.24615315670841342,0.21999395880161882,-0.29528662393861826,-0.8278468105502786,-0.43157615666636323,0.11800753850070493,-0.03445986263131012,0.32704093823413527,0.08266958776066739,0.11964652618001977,0.015209796449162446,0.28299688481105406,0.4291029097110399,0.06959345231522936,-0.6564185055913688,-0.4709844778357398,-0.29113636734387766,0.2556803209722338,0.36455350955662325,0.12738836735022807,-0.22562389314640044,0.16087672737589684,0.28811735397528854,0.1198189699456844,0.6797282253011308,-0.1431458961223103,0.6020159261530679,0.19176488323396237,-0.26563226069360857,0.36504008528983267,0.33491967254439253,0.10008808697101992,-0.09973104712828879,-0.3163958683240491,0.19469286755648726,0.16567588423927074,0.12909989732169966,-0.2712467408810214,0.16930380663835953,0.46233746254447483,0.6163012494207956,0.6647051017897003,0.5161641674204757,0.8208432657003686,0.8276577588712295,0.7340170041853507,0.540442984880472,-0.3250603255982532,-0.059528347910903445,-0.6471070634686746,-0.6116192290267323,0.09280328906261844,-0.6628748657759527,-0.3799574541095611,0.02233432048569497,-0.2521620074569003,0.2623288030728016,-0.14745612397868813,0.19770607847027355,0.19551624587024505,0.3533368035102257,-0.44821329836096013,-0.3600854295860999,0.08451924916729611,-0.637300749104432,-0.18099628776074012,-0.038834497923489815,0.08048415370087808,-0.45383967245033796,-0.08045027845403095,0.3962959578387925,0.06783619073441646,0.3755019870741573,0.12605381852016712,0.2730029893960664,0.09923493320362066,0.38361828342557536,0.44433440361076215,-0.09111380698546497,0.17684378428187156,0.20272123276903492
0.7007502042786518,0.020165596476709364,0.4184592704389026,-0.053672996411599276,0.013420672359807352,0.35674076251636366,0.46934523673150796,0.009594543589780093,0.4660099405312675,0.5595150265310255,0.841236548578049,0.5625690420714269,0.4568477904463978,0.5513548114260717,0.0,-0.10233761586759092,-0.7679329524930948,-0.7055370955613257,-0.84434588860356,0.44606199347929615,0.3252044149876093,-0.6270958449163193,-0.48580665668092404,-0.21631228543119912,0.3131085214612028,0.08423260246981884,0.6475769079923656,0.42996557808773295,0.6218462752826198,0.5039629503921105,0.6252468280003115,0.5902604804477751,0.20829019337501672,-0.9066928766387574,-0.7563031261164008,-0.11274275204121165,0.4142665905716196,0.47946837665633507,0.1411537149029277,0.2818023216602099,0.22098442755780026,0.5608999681337812,0.08317257519792261,0.8534040617265357,0.10481397644489586,0.5750542512983039,-0.048859231800464385,0.07939675413726568,0.762172751516086,0.52693400544353,0.6631404089854726,0.15990701526409673,0.017848899616143898,0.39844554375364216,0.1402748976329649,0.4775431580945212,-0.17160973202546292,0.07239339600770889,0.7048143570612772,0.8382596526790399,0.6769195213994473,0.43662708002513,0.6509209997306676,0.2963250078544069,0.3917788775712231,0.9692940894820445,0.4061220227490988,-0.7329125223018761,-0.8295792366902475,-0.506336137465393,0.510302574605976,-0.5811578880291716,-0.5509331686324052,0.587926713778059,-0.12587900661676701,0.49551075590829047,0.5244915006246089,0.6359771402220524,0.6895316086844429,0.5895711246782375,-0.10779881585423687,-0.11381845561495364,0.5226539171520592,-0.791494536652392,0.2739926281568892,0.3764343065534814,0.4837169943848893,-0.15943884444736392,0.36618519109874825,0.8221590196356262,0.5036371039535604,0.39559052764931435,0.3287040995351344,0.599024142223606,0.5136693802435987,0.8330224859333967,0.787604280770805,0.38071432122155563,0.6702699746371541,0.6271199765993288
0.23866902979737126,0.6847197722084306,0.29490181135277144,0.6034143360693885,0.23738541168593097,0.13337086555009556,0.5864677933728893,0.37783295290271435,-0.08418349166097715,0.2682020248648339,0.03958782854482482,0.08492503909244659,0.13938246805813392,-0.517410904476193,-0.10233761586759092,0.0,0.21871323372864448,0.30964838357463964,0.07085903002261625,0.2803925271371711,-0.27894633868478547,0.2989265079023907,0.2859405267101626,0.4835640588842988,0.13444832246500238,0.17067976596624748,-0.061904787402413154,-0.1680891104539106,-0.1397794045758835,0.14395227189021337,0.2027229526129587,0.24244263074963116,0.4410815475707146,0.31454890512449935,0.10403674430275049,-0.30252566034198997,-0.42427844385126046,0.36173439262924917,0.43346771022418396,0.6083156281005689,0.3711636007656318,0.09277899590657407,0.3681342996381959,-0.16504449621639472,0.11452503651219634,0.07221273703603491,0.25220471861384763,0.449254562594683,-0.08166177387145417,-0.059674111339419404,0.3309985473181659,0.6504412567440366,0.7981138425096901,0.3833821442012595,0.19597062974690418,0.29199274826677446,0.5072641102423399,-0.2168967792874894,0.24233210911719544,0.007673116639678777,0.09495605981971496,0.125007951425743,-0.263483606876312,-0.4724111394988928,-0.4281053577274169,-0.0906951430098746,0.3137703308620285,-0.13745906566493693,-0.06144848058430854,0.24642822781121465,-0.17107174769719113,0.2505439323022873,-0.31365843964731416,0.43642968124694226,0.03715509302779001,-0.08696703899158488,-0.0981840622784159,-0.2773620552062406,0.0052374042090979145,0.14488950199540457,-0.27938076390896655,-0.33773247373001614,-0.3226587278433461,-0.10812520624036553,-0.307640930163467,0.11217209551010492,-0.3560605482179596,-0.27632418923741997,-0.2709951163445254,-0.12310800491250662,0.16363382109632113,0.30835129558778607,0.2712732878825468,-0.03411649097741712,0.002961244802253447,-0.19416760434062733,-0.0011535596508783963,-0.18097248091728607,-0.1701976262841302,-0.1294143855842487
-0.7599768912160699,0.0187865760639978,-0.19958025385563793,-0.12247501882536391,0.10214685475519121,-0.21965360939789616,-0.3518787531052533,-0.07877911495377088,-0.38404028330685863,-0.13370688696466929,-0.43056425669990334,0.005815732473046851,0.08240176080570294,-0.17657249321394552,-0.7679329524930948,0.21871323372864448,0.0,0.4672110094039309,0.9495263012848505,-0.6738877264195744,-0.41355043957021786,0.7621158932674095,0.14229588863176962,0.33358820232582886,-0.07784336717500726,0.054787613441328195,-0.46054035590886866,-0.3406913599708475,-0.7439125988742937,-0.3864962362049632,-0.3764125632445182,-0.28306721457735257,-0.01580477086117084,0.7564830231878382,0.7453995723544632,-0.30517412530255,-0.5779546676475655,-0.17174892753594262,0.10383124977039963,-0.15294076189719016,-0.03399299415732991,-0.3004985161042924,0.2701342029983693,-0.5698019699141117,-0.02468190318492654,-0.12889434963119847,0.3717254590177591,-0.09330910382212254,-0.7379429688646179,-0.5118648400799569,-0.6493972351351502,0.0034649985140203527,0.0954199449693138,-0.2658004032861653,0.018387332291596382,-0.37400121872723063,0.12580081917541058,-0.13393385899521768,-0.3178355224120342,-0.47958483170109933,-0.1720402212087348,0.06393803519552003,-0.2011996002923888,0.10985186206481484,-0.08210839643277662,-0.7110615765940878,-0.6371562987135723,0.793727819350093,0.42836553128630406,0.14810646533372698,-0.6511074564035367,0.4013343035074659,0.2305227993704157,-0.44596764213097884,0.14718389833620146,-0.32588808816978276,-0.7911937080923914,-0.6225352240310159,-0.6599220781619911,-0.4343307766020538,-0.3390606618331382,-0.4603456464693239,-0.7267280521805127,0.434071117621497,-0.6570270097215551,-0.465337116965232,-0.7923174614221766,-0.23294300100326665,-0.7578540699281107,-0.8442921098484588,-0.653081723381813,-0.05551833280954027,-0.18378856164905316,-0.4701667907530578,-0.43292601498408545,-0.8324233664783137,-0.6330258775110716,-0.7461450206571751,-0.8668619430610848,-0.8096426636548628
-0.3609129811296451,0.4773140368670615,-0.10956735729592942,0.5870368985674261,0.14843082611580108,-0.05246251920608835,-0.15470850743068432,0.5918290930742836,-0.07291155805692047,-0.689586459660816,-0.6909403219040305,-0.6254690138263053,-0.4632120141981788,-0.638538672123572,-0.7055370955613257,0.30964838357463964,0.4672110094039309,0.0,0.5867566260824173,0.1766275805521152,0.13862056505240322,0.2840281923083781,0.6302942338015265,-0.09711366883804272,-0.6282112646582001,-0.22256549835338116,-0.4257633684307202,-0.46554405983634034,-0.23765743609566997,-0.44664629036473175,-0.5474031991936731,-0.4791126120315707,-0.4172910617256203,0.7766966157298627,0.42002777892260657,0.4059954029763827,-0.14569060988550972,-0.43528445110244807,-0.3354002012523782,-0.3410503661647226,-0.22088547285818586,-0.6649593652401768,-0.3030759696866676,-0.6166101149464656,-0.22915549570438482,-0.6051206557081511,-0.1907141345672664,0.11569085445726028,-0.2499496689973632,-0.1592571037136362,-0.23568354570974082,0.11983669402523389,0.3138969612424154,-0.10384999751698842,-0.10694903474116806,-0.20622517019728318,0.5175713200535685,0.2020447134274554,-0.7159996291099165,-0.784591402071461,-0.7161698133136906,-0.4131904757713461,-0.8031735017765588,-0.6071429284519304,-0.41050584378234545,-0.7636351475967318,-0.013653936083571832,0.47986895867319046,0.7127996865692039,0.9043989977877039,-0.06927739291064311,0.29882870903119496,0.4435771978940106,-0.4921901093258892,-0.010350566548022782,-0.6783786050128016,-0.16325325424875295,-0.5273727126669883,-0.6035231842968429,-0.4060174575865588,-0.1045693761187926,0.31001422422103675,-0.3825870579034221,0.518839551596148,-0.02950986511066902,-0.3925313619945936,-0.20922827212697542,0.0531163387247661,0.06769284330907784,-0.6011012746371936,-0.28381179190803457,-0.47710203670487433,-0.5541451442545324,-0.6893319137066621,-0.659679074640981,-0.4823234892945276,-0.6652395630154043,-0.04734773945570305,-0.22710841616397678,-0.2189309232919054
-0.7800205157381518,-0.027976313339622402,-0.2762305532703893,-0.08338266159316794,0.06820288039993522,-0.2786527370141114,-0.4309462111580546,0.007428602843617753,-0.3609945160484809,-0.3009311928424212,-0.5905898426571169,-0.1725867470705566,-0.11471745414651417,-0.16227094883586207,-0.84434588860356,0.07085903002261625,0.9495263012848505,0.5867566260824173,0.0,-0.6008306046141532,-0.2254276373715478,0.6292190880680278,0.19034233107015408,0.13269439318486803,-0.2730245678749896,-0.12882538050832137,-0.508657761663153,-0.4764404843146452,-0.6964367200992952,-0.5455235851476435,-0.5177416041221261,-0.39316851632415106,-0.18685302292541553,0.7685282680368499,0.6868314347617407,-0.14708159718242717,-0.4834053621648151,-0.296016923805102,-0.04594927240055172,-0.33166292059410407,-0.1514050867567724,-0.486525610384787,0.044655667207704315,-0.6215575170971771,-0.12743534951575727,-0.2700127006100823,0.221673081104692,-0.1548370729101387,-0.7032016214520964,-0.4597083441312319,-0.6745572729391354,-0.09959711223173622,0.039137299938730406,-0.31869666944063435,-0.05595192533193552,-0.4555984879296265,0.16311648625400665,-0.009605344651451516,-0.4709905138818037,-0.6182774070240372,-0.3461840702028996,-0.11990887563812547,-0.3023030116972926,0.08397779687899899,-0.023252731701581174,-0.8185963207355772,-0.5915069951066169,0.876825217676056,0.541508968306107,0.3002945200289863,-0.5174703016005774,0.305884128917505,0.3875718950551288,-0.5691190142027726,0.1350193231917053,-0.4376177799494603,-0.7294209651217393,-0.6434801458491718,-0.7471741726897472,-0.44515068155080845,-0.2981441432786408,-0.27740519536331865,-0.6790743000522949,0.4804996871636166,-0.5240585464013179,-0.577900451125884,-0.6917165907867048,-0.22649433497264163,-0.6016648668413096,-0.8530803630477741,-0.626352126742007,-0.16413213425158524,-0.2958141490956687,-0.5769036457524013,-0.5948996297101041,-0.8162005421032639,-0.7151215635733241,-0.6452861335105438,-0.7867999902727647,-0.7253096723512088
0.6992734302575598,0.4506486002891785,0.247112602211618,0.6195918915813164,-0.027777205611380758,0.2477805616131094,0.5695925166049048,0.5520929724589664,0.38271593490615624,-0.05288965645802344,0.1384825012499799,-0.20024987678191922,-0.21666194891784618,-0.24615315670841342,0.44606199347929615,0.2803925271371711,-0.6738877264195744,0.1766275805521152,-0.6008306046141532,0.0,0.603417007220079,-0.6584753183758579,0.24605846749542792,-0.2459162351431871,-0.2717362370640837,-0.2354749737491359,0.3481042020104223,0.07125965088155066,0.7472844696713814,0.1840056101104016,0.1131476136512374,0.14259451521364083,-0.14756681846736763,-0.3509369888134511,-0.5941778175850218,0.43596300369176494,0.45937873614439756,0.10453680847834615,-0.1507561582045129,0.22327062371982492,0.0320248527225735,-0.0739860981629333,-0.40264581790773346,0.3062984986426506,-0.13256447442690822,-0.09441239269390013,-0.4357186720324486,0.2720204499741091,0.7318321466682127,0.5109036364705974,0.7392504734794686,0.2310471735919889,0.33838730312815857,0.2989430868628366,-0.08929089832218433,0.3518678589148181,0.2703732916006406,0.17234934145434558,0.12464602083391421,0.10716310818374469,-0.10717034273922978,-0.1956726634119792,-0.2596657660002713,-0.5715600424560445,-0.1852104497572066,0.32832795971400996,0.8277683896478762,-0.616435062503963,-0.19834095159796075,0.37763237955796947,0.7211110259548809,-0.374661960562137,-0.14282149325505003,0.41397924423424154,-0.04752192359775312,-0.07539333254163569,0.784646469207942,0.3509378895979072,0.27215606607374737,0.3607003677805856,0.11081254857926731,0.4557692189920051,0.40988001720968886,-0.3664705148851914,0.6272694376619714,0.16716137792156247,0.6146321959840559,0.0552782626350316,0.7689998767778977,0.5534085930527851,0.5761812422556059,0.0006712965267534834,0.020935021765815444,0.028418876936608353,0.03351354097958782,0.6210533332165017,0.3438832071074233,0.6828064656790727,0.7779862405440361,0.726845189611991
