0,1,2,3,4,5,6,7,8,9,10,11,12,13,14,15,16,17,18,19,20,21,22,23,24,25,26,27,28,29,30,31,32,33,34,35,36,37,38,39,40,41,42,43,44,45,46,47,48,49,50,51,52,53,54,55,56,57,58,59,60,61,62,63,64,65,66,67,68,69,70,71,72,73,74,75,76,77,78,79,80,81,82,83,84,85,86,87,88,89,90,91,92,93,94,95,96,97,98,99
0.0,0.14361286959783995,0.25623434006749585,0.016002242416456883,0.12273239199581128,0.2781411227957736,0.4121523844019291,0.3327924909845067,0.23912109266213724,-0.1484670591787829,0.13526670062197044,0.12614721551532193,0.04179872495700908,0.18527217205318716,0.1564896464856006,0.29851055837526097,0.12076903597623678,0.1429062078981553,-0.07231166670979049,0.20465821259315817,0.07137785098193405,-0.0610815364782717,0.13951355965775225,-0.21634211588728358,0.13767963251087112,-0.19786037929805333,-0.06308095938565833,0.10122470922246918,0.13168362112273346,-0.18374793778188964,-0.07784195070662682,-0.13442117044850146,-0.0741392091646287,-0.3108484976358849,-0.2726382778124207,0.2087591629740161,0.06771999518935211,0.05487345783177398,-0.2825149267564202,-0.12084543124910875,-0.0352289839000025,-0.144821714166479,-0.32078643397781403,0.3566215697691932,-0.15561997985202805,0.29238390703052236,-0.31488996515568596,0.31863190422899795,0.6952252968139813,0.3751214136647299,0.638365375429553,0.3152733922975979,-0.3580519589257635,-0.28852395282766,0.2131800833918697,0.32072081721243223,0.3106526314113074,0.2870453468309679,-0.08190649811570642,0.15448894288299647,-0.016297146628437342,-0.11145521567416002,0.06410120889568212,-0.23026958664528163,-0.12443289909988309,-0.06427990116752977,0.5900874236273179,-0.35617286403431714,-0.2990275164341778,0.22089527675022191,0.19828317382589142,-0.3080047921168968,0.19326107382899038,-0.20866438361802558,-0.023899152287171887,0.019802855824540708,0.019580786801091155,-0.0097727723149553,-0.0920879479293576,-0.15506830274246253,-0.443319632322139,-0.2508703434701385,-0.20125949924579747,-0.26677446399571786,-0.23011167244145445,-0.2061698294118324,0.07591699077275302,-0.18514933917863025,0.31275925902104845,-0.11152451596470736,-0.053595567109261645,0.028669540788201876,-0.23073031948434616,-0.024259502233586312,-0.25693463468660854,0.3170396707524694,0.15942544258501343,0.06228327075961855,0.68869278831926,0.4739845197039355
0.14361286959783995,0.0,0.6123190928479186,-0.00031173759621530415,0.7442900601073266,0.47681344263037767,-0.14546227694596284,0.4949321840708516,0.35798281134041093,-0.590410907961104,-0.35421822781455475,-0.5319061913815334,-0.5179090897517138,-0.41653137491133163,-0.5392699076279637,0.03871157417206252,-0.39504067676613763,0.2638883503847266,-0.6839948706935377,0.026784315216821723,-0.30189531677782766,-0.2688016367516245,-0.17029071105652266,-0.4299320687361245,-0.391999826672193,-0.4677928385090309,-0.1189441900495229,-0.1943417788306121,-0.309744577352662,-0.16208633491623284,-0.1059937794346096,-0.2815097742197262,-0.3372279289005062,-0.16257061050845278,-0.008594071743036957,0.0907508138245592,-0.040430097025044825,-0.3502048719096797,-0.2970517171202956,-0.3652289782612791,-0.1227914708517254,-0.41027023778796534,0.12000383727986391,0.003804598229791548,0.2743861733390982,0.16367923014005245,-0.13359997337946117,-0.1262434274958194,0.2705446457818705,-0.015899381686053652,0.4749104922193424,0.7835698918796388,0.3055220515854545,0.2444487347692702,0.5798449741517554,0.4733954186443138,0.628398787586599,0.40887088770202173,-0.33075249811587804,-0.5137199705513014,-0.6100122219872045,-0.6051295687731245,-0.3742405617452739,-0.5687156931805709,-0.5258376425671999,-0.6302651801879813,0.06139719363161605,-0.46310868700936275,-0.06691678558130454,0.2727210792258326,-0.10684672554451011,-0.13802081492755894,-0.04114866949486872,-0.4102174040964309,-0.33810381512821824,-0.37351090908176104,-0.3520896751519401,-0.268181826978348,-0.12171306169365861,0.0611957588153048,-0.41322676808076236,0.00518610298959405,0.1997890432822783,-0.00947416000978524,-0.17798973516871325,-0.04056216443786793,-0.04201819427496538,-0.10618521377670176,0.11417410233686429,-0.27233282240382395,0.341696671066485,0.16903700909544012,-0.30760117438339385,0.23613253759301234,-0.017908269001688668,0.03946479855646891,0.2042282361404889,-0.016958548962649304,0.1744791480850547,-0.021223824894432853
0.25623434006749585,0.6123190928479186,0.0,-0.6042756781514355,0.6776223435697676,0.9478645193150325,0.3108647204468738,0.9092449334451318,0.925241081012979,-0.44527178028889774,-0.4955371414263086,-0.06087407508323187,-0.5512720629132901,-0.2267403765143839,-0.1982715991737731,-0.30813354083948324,-0.2536592450240971,0.4839931321410979,-0.640668239152727,0.5539473088952256,0.267309757199949,-0.3240567187295792,0.4173387328038047,0.10487160762066414,-0.018382863355746154,-0.21446310056116918,0.19839499846077266,0.30147217326160314,0.3910993365383226,0.2366744152672969,-0.2702875699039377,-0.6532407038662886,-0.7628373726851767,-0.5459091369738853,-0.5452961202538275,0.6586114846841111,0.5596180657151798,-0.5532941813666462,-0.5839203942292919,-0.44898934382136335,-0.6528424130506436,-0.2417611279294105,-0.3264541236559821,-0.004263774530036528,-0.125350103218992,-0.17453514476529966,-0.7592792013632105,-0.48966034483775983,0.6070920833859478,0.17406630740757612,0.3517708784271669,0.8567467982561414,-0.39265834399927774,-0.4726553505233143,0.955228559445704,0.949412659116321,0.4579222143538552,0.9185535028369384,-0.3643572764857998,-0.3221786954803705,-0.3630253766015715,-0.7145106750456381,0.26417053542200214,-0.7735460062055142,-0.20321093247820432,-0.5728972652401775,0.3693000939283944,-0.5746550091386373,-0.2614820335134848,0.5999705032123747,0.5273946518119047,-0.5005474242610755,0.444427754937982,-0.3371804498338608,0.2646745533846875,0.26423593602338447,0.3210458636545333,0.3633785796336728,-0.48518236329970355,-0.2678171524631218,-0.7611003579455187,-0.5326445588682056,-0.40131619922799844,-0.5844244901447728,-0.372460757792657,-0.552908622961626,0.4060897465637795,-0.10685632106774855,0.5860536300940103,-0.31519983699420406,0.018207394421251192,-0.04297278755795284,-0.39441521198017077,0.2645761638288148,0.21390069327582528,-0.07167704446159821,-0.3520497002650777,-0.6130617222725631,0.48927901425376147,0.1755063820808369
0.016002242416456883,-0.00031173759621530415,-0.6042756781514355,0.0,-0.32233310525085274,-0.659059922809434,-0.2597642091838009,-0.5810539391656294,-0.7104932324350242,0.0768406839078144,0.33267658164567876,-0.1738785323629228,0.5615939115479308,0.20313988118349083,0.03625695112135335,0.48869097846728754,0.04785864294153469,-0.3629603678534334,0.2531627503178171,-0.7054801435990419,-0.4494734524936993,0.33477644780699384,-0.507919994168285,-0.3757966533724459,-0.16997515244615632,-0.02539793098904218,-0.11429634136919016,-0.32828136898365207,-0.5695052330670949,-0.28948751416302637,-0.05107879414199757,0.5597258619559587,0.8037333071018724,0.42407101615536147,0.5533831675625139,-0.6527273829861824,-0.6933324460870945,0.5137837235505213,0.5416350204326118,0.37801687454092425,0.6243425788229459,-0.1557721136702119,0.27331838766740196,0.0881121361322515,0.1277646487854351,0.39732484807804763,0.6753415105019612,0.45343762631512474,-0.41396563308819195,-0.2061667715851525,-0.23344692715735998,-0.4506446658106542,0.41495175156887426,0.718912163153391,-0.6421021503369286,-0.6595016557199331,0.06746861430111722,-0.6937592087029696,0.11663073170255985,0.16750851203138906,0.051836124036211996,0.5542977787581316,-0.3593773539575651,0.553601858408309,-0.10392137180250795,0.307343114867476,-0.3330350243747971,0.2126385917933515,0.1475112982688775,-0.44525072114078956,-0.6870809394698429,0.3370247946150757,-0.34936003078313915,0.03554053008490627,-0.44842751084428945,-0.46325214368439943,-0.5575272410748863,-0.4458512528246366,0.1788023623627296,0.02987557587184758,0.5255044624993913,0.4841428942445704,0.4756979658923503,0.5641218651973327,0.5220924947571545,0.531154659877527,-0.5683096281930938,-0.0057584753996540936,-0.591381611538088,0.10343403357507104,-0.12195406087384983,-0.12410640533039907,0.04175326469251502,-0.5518898166280148,-0.564094563183157,0.11054494489572303,0.552725046980194,0.5527883688376407,-0.2993004451540253,-0.2133790887887001
0.12273239199581128,0.7442900601073266,0.6776223435697676,-0.32233310525085274,0.0,0.6660913971343252,-0.21776350309604545,0.5910089117558361,0.5167257800059983,-0.6838495725299796,-0.5104180942573752,-0.4307412525055881,-0.5926884057586354,-0.40392927144650587,-0.5355491006893827,-0.2794050794759142,-0.20914131268838104,0.3602128327066937,-0.6274534253034799,0.24618905005642175,-0.2678478082850846,-0.19822295144824545,0.004763109938210761,-0.3134501413264721,-0.3547938619598688,-0.3737426122400044,-0.2348178118487776,0.026708771575717983,-0.1588911013206002,0.0650911777048703,-0.031937738486095,-0.5178607350023708,-0.6437279927194822,-0.17970213047608735,-0.1249987617509621,0.2759394578276788,0.16283437479885426,-0.5855386688702585,-0.5554483491432246,-0.588072829940398,-0.27556187562640105,-0.2739590595440712,0.011822979823157945,-0.12918406862276735,0.29798657375390686,-0.06186677506637811,-0.27669559202702176,-0.18034314437695823,0.4461263015668839,0.048811093865389565,0.5437938626420872,0.7682587977208952,0.07850131438561833,0.010504959982269564,0.7788294131773084,0.6510399153768904,0.3729660429657475,0.5524435960054465,-0.4771746098794775,-0.6686091690442227,-0.716279098411065,-0.8825327446627385,-0.251741484021032,-0.6496531749504175,-0.6380386990615319,-0.7334406568216154,0.11327910824598543,-0.4508159706173158,-0.04676038969273871,0.40991127068024935,-0.004085388376079289,-0.158107936856956,0.12223609934322988,-0.6009144349036981,-0.30650551273837107,-0.2531493119781036,-0.21162468800881634,-0.13846025103031992,-0.197581044204969,0.06863494750401368,-0.5089408788970188,-0.042234353885533704,0.05216061339417302,-0.15812263985762517,-0.4379653982517014,-0.10714618358583204,0.15524914312581278,0.05312267359372841,0.3436774814803423,-0.34645557075592875,0.39229406149677226,0.10275870740344296,-0.43654887483612526,0.45184414873391054,0.13583644870218203,-0.10362455092135262,-0.02797577849859765,-0.01995700895220167,0.42585933674301935,0.11913866527080907
0.2781411227957736,0.47681344263037767,0.9478645193150325,-0.659059922809434,0.6660913971343252,0.0,0.3566231751705681,0.9602365202733307,0.9731849973221944,-0.48124447460502656,-0.5416099093045907,-0.03636121705520262,-0.48226430315552754,-0.2199181717909119,-0.10735227809797349,-0.23313050170638014,-0.07580937134689014,0.6445277482595728,-0.5343124943908695,0.7176576698334375,0.3948352592430113,-0.22418087974549225,0.6004004848222674,0.15864528788617827,0.04354620623742002,-0.06934315074409768,0.2739262597727561,0.4970384968687077,0.4664736653174323,0.3603656925028303,-0.39168959424938693,-0.7648447136575239,-0.8201974756857597,-0.4643797593330348,-0.5589550843285497,0.7408569121756139,0.6324351526581161,-0.6625804152321767,-0.7465697958483543,-0.5955279768406421,-0.7249917152448613,-0.05756522804113765,-0.45617887188676365,-0.14672547337268121,-0.23382536243567315,-0.32800221799167834,-0.8121073844141653,-0.541635012629202,0.6429876322890326,0.12416476262108188,0.35027172963500985,0.8202874884917758,-0.44385425104333115,-0.6144288641090659,0.9804265057556054,0.9945820248350019,0.4764052457718677,0.9636311009429174,-0.5071397398241012,-0.3712758117784865,-0.37023118420392764,-0.7222453870526899,0.3919537154311067,-0.7121130915751746,-0.150440358913129,-0.4999609041434389,0.4892215460520863,-0.466059284355722,-0.1577434532620766,0.7441512103385982,0.6249665314889457,-0.4297790578371331,0.6371732008034081,-0.42127588313151654,0.29583580344712984,0.3576874500629197,0.46170767889523534,0.49939440647176964,-0.6343212419668688,-0.4167133732660112,-0.6940508070905974,-0.5151129241488016,-0.4889604541002018,-0.5576409549067588,-0.3247866573905812,-0.5025210913887169,0.4746169659957221,0.050236049795921174,0.6844499735900068,-0.41026287515823784,-0.12985574117841192,-0.23640103227705922,-0.532936079854993,0.2584079917834739,0.18919216312079085,-0.23471168285976626,-0.48801244097622604,-0.5999618858526807,0.6128388304203006,0.18430272050048058
0.4121523844019291,-0.14546227694596284,0.3108647204468738,-0.2597642091838009,-0.21776350309604545,0.3566231751705681,0.0,0.4866843038445579,0.47667458092450815,0.295913695183371,0.229151156037254,0.5083953411862594,0.045618319757134096,0.3196029524681761,0.6145304274574974,0.3494667576431534,0.049062011724831045,0.09069555880084476,0.03389737343741719,0.5315358968059506,0.7401438906241348,-0.18014341514071092,0.46323811573505536,0.5144049854566028,0.6469375537073947,0.06313699067892292,0.45245551492292047,0.3215246523311288,0.8100947400067366,-0.04899105506134882,-0.4584274629252171,-0.16310258245487028,-0.17548987845301905,-0.6504976010010155,-0.7387464877031079,0.44572263928987355,0.4753349527463988,0.0756497049374125,-0.17847209160890118,0.12726885788987222,-0.4210363822454617,-0.02748296077932204,-0.7177250013590836,0.36062054041921454,-0.7814514860387886,0.128208591332082,-0.6706990544255118,-0.006671123113812278,0.4473250288467823,0.4502944174431532,0.081498853717223,0.25876176805851486,-0.4921678873600072,-0.6376690543456442,0.23516252447801583,0.3970487688497376,0.30069216318032577,0.5099567345156382,0.1495382013410481,0.49993233079739624,0.4321743466835753,0.1541442533861773,0.6587181281695462,-0.199184766903853,0.580961839663238,0.2924646971368672,0.7326063201754169,-0.3457303707431689,-0.557728329177583,0.20301925418568534,0.6801122139912494,-0.6521517943460694,0.3129292228805075,0.3616631760167776,0.7557770605461083,0.6080747548128836,0.7252423335572195,0.5432324987541485,-0.47912307541814153,-0.4465288082836646,-0.5189511834674907,-0.8061915235486923,-0.81238018314591,-0.7015406997146182,-0.1372134653314492,-0.7252786923968193,0.3384797685152854,-0.41082291499092,0.3532648414764426,0.24407041905052615,-0.3323757869018636,-0.11142358246192946,0.050576186866892796,-0.43161878043819224,0.024140314768030843,0.060103694743766686,-0.23073473173178186,-0.6663482561079604,0.30657473888938463,0.41928234730782704
0.3327924909845067,0.4949321840708516,0.9092449334451318,-0.5810539391656294,0.5910089117558361,0.9602365202733307,0.4866843038445579,0.0,0.9495694361394874,-0.45567589555881494,-0.4558247944850941,-0.036315029650667144,-0.3862346133006203,-0.154178146634167,0.011840916766462262,-0.05635641463488734,-0.03929930562624346,0.6588398672155122,-0.46590534048466004,0.7500524772932277,0.48403216075389377,-0.19932548054412208,0.6192818901834105,0.18177465563612377,0.1274225534322506,-0.07933936297700926,0.3326866263606197,0.5169265222929285,0.505855679314572,0.3450065247399167,-0.49811064909728264,-0.7240028029923585,-0.7712296802424017,-0.47952693474541425,-0.5998436048593241,0.7192540550407222,0.6100264630978279,-0.6155288210239653,-0.7318171211485205,-0.5791605361454427,-0.7169511513378233,-0.07087046842274092,-0.5608081162852432,-0.1441251719135498,-0.3796721461616921,-0.29632329039374244,-0.8142339797694145,-0.49252364007272953,0.6245524030665334,0.14792270246407854,0.37561756549271674,0.8453424924224385,-0.40195140336915813,-0.6463924986150104,0.9344921470747157,0.9628062639975201,0.6324548677141708,0.9641328211051242,-0.5120139376909897,-0.3090300212520971,-0.32404250250989136,-0.6221798257220631,0.46470182712881775,-0.655892615263187,-0.043352010367175835,-0.3859229115463674,0.5925512367047546,-0.46640170233234546,-0.19024866397553877,0.7673747245271314,0.6556717497477744,-0.46110115200868695,0.6562876994443502,-0.3678228154042166,0.34951128212086546,0.3703335078765751,0.5100353736966966,0.5285556465112743,-0.6932628718300424,-0.4994040335318825,-0.6917805016699636,-0.5675005095489335,-0.5722509425503379,-0.5695601951430453,-0.2874650073603527,-0.5316987205938197,0.4415121580791228,0.0011977316961241636,0.6524545341749587,-0.39011035420411766,-0.19002086933289963,-0.2696097429786158,-0.5385516623561639,0.141616358785466,0.11671888200866806,-0.2931054181714262,-0.4891963001504091,-0.6325617391545839,0.6137322470110858,0.2081317485404582
0.23912109266213724,0.35798281134041093,0.925241081012979,-0.7104932324350242,0.5167257800059983,0.9731849973221944,0.47667458092450815,0.9495694361394874,0.0,-0.3236454973486345,-0.4617645659987719,0.08486409208022466,-0.4287455061589379,-0.1524384579569058,0.017427262528799524,-0.26127448320961577,-0.12951660240361987,0.6000891264051438,-0.49786690736004624,0.7703362595653412,0.5164624841043992,-0.28025022281573647,0.6462638429697597,0.2736199458919034,0.17305827406583274,-0.033210943876609826,0.3206321016785109,0.5234196200883338,0.604858188755986,0.37961505123896877,-0.40542070257604174,-0.7130081975649442,-0.7957985770523117,-0.526508041611177,-0.6540039757836419,0.8236326524478552,0.7468229004552485,-0.5660066300294526,-0.6723292141215538,-0.46789269759878477,-0.7543855622533834,-0.010012005972736774,-0.5228167467018936,-0.10321938400251926,-0.36713362209863526,-0.35253616391477677,-0.8613306205195715,-0.5546190139097906,0.6116238665419611,0.20082793689185738,0.2533946781554202,0.7689117969974789,-0.5475355858902289,-0.7251396990493607,0.9316629814114169,0.9760328097927541,0.4376753389790593,0.9861289979228932,-0.40253766519268336,-0.2284986618926145,-0.21769374367705716,-0.6069813953004131,0.5211391826412225,-0.685219405364996,0.007636222345831458,-0.4020374028859109,0.5259729814857781,-0.4663411398601408,-0.21958303175627614,0.7334608329680598,0.7354310392445839,-0.5092570729831724,0.6408394777012043,-0.2713321503498049,0.4482942973665357,0.4832804296465462,0.5947663417450891,0.6020541629219638,-0.6573853158301383,-0.4559939431273065,-0.7075254677918945,-0.610189762513535,-0.619504633676614,-0.6476989285806534,-0.33916326040083344,-0.5914120969462762,0.5751066822344847,0.003229595180653518,0.7364984337272981,-0.32485396108669445,-0.18970483019277376,-0.22437414639684627,-0.4286394969788287,0.19242539444098586,0.19469785456841074,-0.22919127271309167,-0.5595240474081571,-0.7204258236227998,0.5527733559104291,0.23584516195837762
-0.1484670591787829,-0.590410907961104,-0.44527178028889774,0.0768406839078144,-0.6838495725299796,-0.48124447460502656,0.295913695183371,-0.45567589555881494,-0.3236454973486345,0.0,0.8216602837911283,0.7844267732440144,0.436058494124843,0.5486832272244573,0.6269391928412508,0.020827785494311527,-0.08486798401478801,-0.578435075689714,0.3181728738702089,-0.14826838744222234,0.3326893121327217,0.027568177602003186,-0.012831805753170096,0.5665461990221053,0.7096971166480263,0.3124064745142822,0.03041549726448238,0.008966245611642125,0.3682002963493219,-0.04709937524278217,0.33292984529762293,0.5862334677515845,0.3020950813052816,-0.22858484209515034,-0.20450203298338,-0.21934210735136708,-0.006711082413164567,0.6472547362843535,0.5610738817010199,0.7122740368588872,0.01079495596257285,0.2936335293886265,-0.035768905727958815,0.2738608336947296,-0.35333284821289523,0.030922264540354363,0.0771280476927231,0.23998685390575322,-0.35778658351786125,0.18670128883906426,-0.4197091322287926,-0.5244929877101799,-0.14565664047907087,-0.07048986289829028,-0.5495901242105029,-0.4513974849222879,-0.4869380936498513,-0.32245296873158796,0.8651752467435408,0.871934364759264,0.9331177046474548,0.6538039480930924,0.32910087999634324,0.42177993339421865,0.7351390173283683,0.6723908269258367,-0.022638551729121603,0.16071043715089972,-0.3103779570829285,-0.4487353913870149,0.1919115173791861,-0.13054729007389945,-0.32050880603862586,0.918953251997654,0.5778011352182306,0.511838189626216,0.30585961770353404,0.26247560104088147,0.30473961416455614,0.2095049162000127,0.17477079629473008,-0.27044196027161255,-0.3350162365890436,-0.14954083968739942,-0.10481280515684725,-0.2298911715281177,-0.026777142882836596,-0.179129837273395,-0.26238733176022344,0.5778054539985562,0.02250664097454604,0.28289102391283405,0.8302380050421616,-0.2050242815114698,0.2569201302986005,0.14100065486971283,-0.10552632047728787,-0.17685105954575706,-0.48623033309436414,0.05060884688248342
0.13526670062197044,-0.35421822781455475,-0.4955371414263086,0.33267658164567876,-0.5104180942573752,-0.5416099093045907,0.229151156037254,-0.4558247944850941,-0.4617645659987719,0.8216602837911283,0.0,0.6500194064017796,0.5256650557503383,0.5260442028615507,0.5600048439293254,0.2940656487887417,-0.019349418139701268,-0.5510482263716586,0.27289909274657637,-0.28706553357179326,0.132431190133103,0.18793601781963287,-0.1622107333142938,0.3243986580048378,0.6335428268416864,0.25542713727573313,-0.12536275400897556,-0.04145057181780941,0.10638693626267164,-0.1910148903340485,0.3610780362790732,0.613376269863242,0.33686623998674525,-0.15272813625348217,-0.03958144044821458,-0.42056662625105223,-0.26914074228462387,0.6283479264969292,0.5118692673283808,0.6019188166047448,0.14553537500176916,0.24699535245443613,0.016351584645405932,0.306587319369756,-0.2413640759367207,0.20912482436563418,0.24237512179685097,0.47462815382187423,-0.2905982756501716,0.16189033935934463,-0.07963925153870509,-0.41649162780253235,0.0652356762751637,0.12883576329682314,-0.5739628342628431,-0.5039661127979158,-0.2600919027945405,-0.4130271699428524,0.7899705788088706,0.8159686707822559,0.7898053910726889,0.6198262540166067,0.08638030459144687,0.3934592198583139,0.560158822836998,0.6360739226488639,0.12059400384481961,0.12600295327105923,-0.269166845468571,-0.41330787382626993,0.008190845462322014,-0.0015675770404458146,-0.4011435663692922,0.7675949662945173,0.32081149345603127,0.3018315784079566,0.026260422983720277,0.03580995031583651,0.3993079422421504,0.2936541342285071,0.18627918349296174,-0.11854939533480242,-0.17742342923258525,0.044177072630078064,-0.1402442448732126,-0.051091311053573965,-0.2409273752593695,-0.11083601679148702,-0.36183263730209964,0.5013956840778689,0.1829448933788776,0.3446556047980558,0.7306780131069193,-0.1473731809282231,0.16958311537825418,0.19687428842360516,0.10747715348547064,0.11428117169780126,-0.35010311062425126,0.08198357555648134
0.12614721551532193,-0.5319061913815334,-0.06087407508323187,-0.1738785323629228,-0.4307412525055881,-0.03636121705520262,0.5083953411862594,-0.036315029650667144,0.08486409208022466,0.7844267732440144,0.6500194064017796,0.0,0.40705372274103285,0.7341245632509612,0.7787738737639475,-0.06048969107169089,0.1659315644840415,-0.33113712728713623,0.3003331851781447,0.08162429872987015,0.5894479352344256,0.16875974481237593,0.3855662352781099,0.7682827250700218,0.8216412649885885,0.47246368328286464,0.2550539937670893,0.374641572107001,0.6401509718618444,0.2156647471147481,0.14347894519028065,0.16254463926104407,-0.06205125478696734,-0.4954950484359103,-0.4804714632048789,-0.020292743333389884,0.11480592216254452,0.33167683464515596,0.1608261631641915,0.3610632080055131,-0.39474186080034157,0.259121612369096,-0.35302663348135893,0.20224265684305526,-0.48750264738451526,-0.11353012316823853,-0.3553915677315589,0.012522401085470309,0.011644017004817445,0.15992948168603524,-0.3039754664951324,-0.3012627265155043,-0.46091598513165805,-0.38277717479149054,-0.14374119903356763,-0.010106041531223303,-0.409628615222202,0.058228709503316885,0.65809389267503,0.8437394602997933,0.8773612412698513,0.39491078253778694,0.6133219217771015,0.23870561390381198,0.733757500979431,0.6431690918136624,0.22146977721651148,-0.018171287893103807,-0.42420762438880105,-0.16410012328859055,0.4429107421074839,-0.3165829039150915,0.119495596349803,0.6735242309585451,0.7716414885628681,0.8022271398027566,0.5463342027284858,0.5940322832102003,-0.02124485700212646,-0.048366988356418554,-0.1350566997404714,-0.5850456022055376,-0.5866772773484893,-0.4474874370975338,-0.1983405176686493,-0.5031212211128092,-0.030862116349307613,-0.17080138810792964,-0.0763061200735941,0.3558074136808072,-0.1248996346779137,0.05542585946060604,0.5226895913019709,-0.14022081546671072,0.3907564878668089,0.020942543663675383,-0.3599477758631584,-0.4329776256423528,-0.06272106299658287,0.07604172478899998
0.04179872495700908,-0.5179090897517138,-0.5512720629132901,0.5615939115479308,-0.5926884057586354,-0.48226430315552754,0.045618319757134096,-0.3862346133006203,-0.4287455061589379,0.436058494124843,0.5256650557503383,0.40705372274103285,0.0,0.5663000710863023,0.5611221576091561,0.31782382268738496,0.3963030077787218,-0.1692188174372004,0.5522631394739245,-0.285158787110908,0.1621461862123128,0.6659514124674424,0.1500058699037827,0.23369722896455222,0.30538489950474607,0.5099848641558656,0.15132841408257575,0.32799901580022156,-0.05750836781053154,0.3586820216096597,-0.16569104582844388,0.34722794855538114,0.46049326732168516,0.3190872659365076,0.24656442740030274,-0.3571139373254268,-0.3499266183505491,0.3814572549308924,0.393221780431778,0.3191051758531705,0.13615888650414776,0.2750745461974382,-0.07117385369848135,-0.260697209837562,-0.3268875769254303,-0.19808139026706356,0.3401754522016201,0.13185955140408392,-0.3551330410981569,-0.2724751918454459,-0.468188173744003,-0.6282140058822011,-0.05009831192612846,0.06605596290769383,-0.5543630668475232,-0.4679597488422677,-0.0823388114512381,-0.45512544263261595,0.19700005457296182,0.49635606626861445,0.508251279399242,0.762518349910079,0.2872329070068731,0.7037750510840679,0.39716073384627404,0.6821940120653578,-0.03732417735622712,0.47139981122056945,0.2231732462938233,-0.07879721939687614,-0.08865305112676634,0.36761912547347203,0.16514747809672764,0.2923698899828556,0.12764614880622852,0.23851523716353557,0.0388102486905116,0.25475112320868265,-0.07149950769431579,-0.29871514433669194,0.5642442800151886,0.19158542743884582,-0.09518079795727494,0.34615817083170225,0.4427597777630067,0.3309290765601246,-0.3615547741974878,0.3091589336347459,-0.3528207126508919,-0.0264927624832629,-0.5028786766805164,-0.39472081805847753,0.09489362612182278,-0.4698818130722579,-0.3051720369618022,-0.33421089071528226,-0.17540323069219516,0.19971748777150722,-0.075483930433766,-0.24268919643679107
0.18527217205318716,-0.41653137491133163,-0.2267403765143839,0.20313988118349083,-0.40392927144650587,-0.2199181717909119,0.3196029524681761,-0.154178146634167,-0.1524384579569058,0.5486832272244573,0.5260442028615507,0.7341245632509612,0.5663000710863023,0.0,0.7553120846100074,0.0432631039576597,0.2757001304807308,-0.4573477700772584,0.5388624090520476,-0.19195690805986204,0.3664755790955325,0.22406576099242193,0.17739565055388967,0.4608324571450639,0.5789622029164389,0.23988508481914222,0.22984913455052278,0.17667130133332848,0.3572301886120572,0.20712780095079952,-0.022327996158013987,0.2613925331719579,0.1614837469787433,-0.3474651063982421,-0.3349911367850059,-0.30852390724732764,-0.24286637342286466,0.43295496220477064,0.28780777858010603,0.31919276162952853,-0.1350556599329067,-0.04438671607299516,-0.3757323820861852,0.17553567196074515,-0.4559617180879339,0.06303339709610269,-0.15318852263767863,0.19169396725166418,0.02957794730343514,0.0875068492498077,-0.33091888742437714,-0.33163328347374077,-0.2532594410413142,-0.1009717194686744,-0.3067455881693717,-0.1993322049207419,-0.20744088058967053,-0.16222794115445655,0.5041097684951398,0.7157435499327928,0.6913388784978842,0.4780679638559226,0.5216665307398997,0.5872250299905292,0.5672812929606973,0.7541351150671505,-0.03662017801093651,0.00020664091057393555,-0.4051380711621005,-0.3508290414438922,0.03827447822995848,-0.2942298905738894,0.06216847411160086,0.42768747684428476,0.4348988151443407,0.4338449780753414,0.26271706188880656,0.34666064613318526,-0.09833429555236359,-0.13797445628056412,-0.07371820145874632,-0.4402061724677226,-0.38906419934090253,-0.318686411413668,-0.026458581295716165,-0.36117874241985287,-0.3682605350896537,-0.3208078600646289,-0.37106847054228437,0.25736867366645977,-0.19934295246615982,-0.055995006163921356,0.3542780197436499,-0.4185335025327658,0.00480064611319567,-0.05386458662013372,-0.12716335755279068,-0.21216807454682715,0.030493243781233838,0.013471645358385544
0.1564896464856006,-0.5392699076279637,-0.1982715991737731,0.03625695112135335,-0.5355491006893827,-0.10735227809797349,0.6145304274574974,0.011840916766462262,0.017427262528799524,0.6269391928412508,0.5600048439293254,0.7787738737639475,0.5611221576091561,0.7553120846100074,0.0,0.240405521004109,0.2449798602118431,-0.2509126937081282,0.4229941791195873,0.1807526252055659,0.6678311688984716,0.1517924141898608,0.3927836702036565,0.6481269972145135,0.7622418033697581,0.35624504711515675,0.343542097775493,0.4157259189182857,0.669472495994504,0.21296179617828412,-0.20184476678067362,0.23634273060727629,0.12989003169413912,-0.41288295411141684,-0.5298574574219852,-0.017553668040605142,0.1281954135337804,0.4025750595942616,0.15526780014821284,0.3043661670579338,-0.24453413385972525,0.33474447975718213,-0.4952160667154699,0.12305045553612373,-0.6847810257061314,-0.0748633826015167,-0.30024829488354604,0.11131372173616574,-0.017072336148562847,0.1819773660854415,-0.35456985568939037,-0.29266274576399104,-0.39134824886695463,-0.3913811238390886,-0.22535842897235242,-0.08142364592606476,-0.0936335085959059,0.029551540114368998,0.3750701906720314,0.7318046706761177,0.7621151663722099,0.5005910100331625,0.7541131460221933,0.40998810175340533,0.7721827712754094,0.847057926221997,0.26156384910762626,-0.028234310802037872,-0.4211732477109813,-0.10293742610372898,0.41150830039552494,-0.3344663703315095,0.26319895582278124,0.508336347341871,0.6964652388527071,0.6722899640113271,0.6308290882235003,0.6185400999803679,-0.2624218434583396,-0.28416043457551626,-0.03561677996856559,-0.5477752535731419,-0.6604652361004835,-0.39461226775149755,-0.0030258035887557344,-0.42570401621269804,-0.02044656378244498,-0.14848659860072908,-0.08458064691993361,0.33934980414229987,-0.4165405481437074,-0.1990269374884112,0.27265645962123536,-0.44608074732001185,0.05563863422445444,-0.16231039112543347,-0.3161028077175361,-0.4037995764460461,0.010288719651446612,0.1285882735198634
0.29851055837526097,0.03871157417206252,-0.30813354083948324,0.48869097846728754,-0.2794050794759142,-0.23313050170638014,0.3494667576431534,-0.05635641463488734,-0.26127448320961577,0.020827785494311527,0.2940656487887417,-0.06048969107169089,0.31782382268738496,0.0432631039576597,0.240405521004109,0.0,0.4154205123000846,0.18174824312325172,0.29271596126623795,-0.0021228410466472094,0.20700483889947613,0.3556781720906117,0.08650146330168593,-0.016706722578389704,0.21898409837262328,0.19584691186831935,0.3423409205929585,0.12288424632193123,-0.07277529653442236,-0.20092094187808135,-0.36268067630936307,0.11288708245720233,0.34845340161262783,0.1944906234890549,0.17355928153742284,-0.29532704374932917,-0.34310819695003875,0.05341487713858285,-0.06947433505155369,-0.08035655616555389,0.09554047529976456,0.08029243844366883,-0.2729078456214199,0.029626133249237095,-0.31449628046719086,0.213420842981146,0.1030943708912035,0.19734099711688038,-0.09922717515555468,-0.1626970532403736,0.14139739211671484,-0.09735333390150736,0.4082100350927446,0.12920339103275777,-0.29193550224343884,-0.2348390568510154,0.42849290113617544,-0.20629236358593123,-0.07177135542265617,0.15111932470999598,0.10182194287912372,0.35716129477713193,-0.0051551774457523495,0.25415864936752225,0.22717998951970145,0.35970073864721996,0.4241298662291557,0.26228733726750425,0.12341031035476285,0.032207186060122045,-0.01255455992738457,0.2089437994883184,0.09645131838890442,0.12531558928317732,0.0168742962138303,-0.022492400907650596,0.028198604722300135,0.0017700779557073148,-0.13089646866125973,-0.2695608223098726,0.2545815161777551,0.05904772913091346,0.03296830363812266,0.2711267633043027,0.461744224143533,0.17561359239997465,-0.32025576169648595,0.052318340714741916,-0.2636694732782389,-0.026189717413722172,-0.2916891447319725,-0.26770574763736243,-0.12904945294830228,-0.39972390707166855,-0.2236668925995467,-0.04446122913460637,0.21938387774101767,0.17830614101253714,-0.017944476537999847,-0.09995735743736585
0.12076903597623678,-0.39504067676613763,-0.2536592450240971,0.04785864294153469,-0.20914131268838104,-0.07580937134689014,0.049062011724831045,-0.03929930562624346,-0.12951660240361987,-0.08486798401478801,-0.019349418139701268,0.1659315644840415,0.3963030077787218,0.2757001304807308,0.2449798602118431,0.4154205123000846,0.0,0.3306578245753255,0.7442386508939896,0.03716837455801763,0.37791675460498925,0.7293257877244632,0.5049343294837452,0.31219510243292176,0.16758984226395257,0.6483957071498947,0.4843402407798256,0.49636898081874953,0.020076154823691572,0.44997749275970533,-0.25079981294137615,-0.3279552073969152,-0.034310869149026,0.3382381396148659,0.22217401027378142,-0.2847080591251981,-0.3638371178165793,-0.38037546012579004,-0.3368296814007659,-0.49087405557373476,-0.27459181757832496,0.1777519504054788,-0.3236941750039259,-0.4508521464279859,-0.1769295888164515,-0.3640976937772646,-0.07032573400336115,-0.2749429579350335,-0.06563461011446067,-0.5594626594350055,-0.11959488332630192,-0.36234151271735343,0.12091782372629063,-0.1527449657104471,-0.15752717386103052,-0.11033685917106247,-0.06617184553689752,-0.1825146623023604,-0.2546458020455194,0.01256258217803883,0.0790730001978862,0.2054940951186324,0.21832972849361462,0.46741556116776223,0.24158999957287264,0.3850028339758675,0.14380639253735963,0.6313877750371079,0.442180249363899,0.1519148869079842,0.06554470476467116,0.4460025885931301,0.48701860847191636,-0.14516581796084446,0.10717318827007888,0.2444229351552628,0.17244582809354853,0.3175418043492764,-0.19104316238307703,-0.41606231442039443,0.3841013485454621,0.08120331762912307,0.026518608566165825,0.23823518437955254,0.4897584434895992,0.18437296106072737,-0.4537972941488335,0.336015675019613,-0.2950958465372407,-0.4336664594821155,-0.46700030850946006,-0.5729152523832415,-0.33956609237623747,-0.038453197585824064,0.0805940638073077,-0.41990897005174954,-0.31519817866293887,0.08945247266671545,0.2015405589981809,-0.4425827360968867
0.1429062078981553,0.2638883503847266,0.4839931321410979,-0.3629603678534334,0.3602128327066937,0.6445277482595728,0.09069555880084476,0.6588398672155122,0.6000891264051438,-0.578435075689714,-0.5510482263716586,-0.33113712728713623,-0.1692188174372004,-0.4573477700772584,-0.2509126937081282,0.18174824312325172,0.3306578245753255,0.0,-0.15087043716198886,0.6395862151338894,0.3368408869535628,0.23441267593966506,0.6685858605898267,-0.020334019140768794,-0.11863327865378905,0.3234786867443518,0.3960955135788436,0.6436005250098369,0.08028366819112852,0.5006444727865916,-0.4949334672273565,-0.7647518131460929,-0.548748371317139,0.27451264768994393,0.06035074741839553,0.5486550570646994,0.37177176747726104,-0.7973435649448187,-0.7822385218588251,-0.7705384349269807,-0.5067324259116387,0.27115883201332563,-0.357544695738731,-0.5590777379896613,-0.17735044269913167,-0.5708418006273296,-0.38218660015448436,-0.6174204740134088,0.24573686915237197,-0.33091507897772127,0.27436688831933603,0.4529087538485139,-0.08298129876713899,-0.4800789647750668,0.60281251603464,0.6087539211991031,0.5602879423500415,0.5709675151827828,-0.7645957114334426,-0.5531801780059622,-0.47428180210465537,-0.4142617020098861,0.19606056082504028,-0.37243287497661,-0.1431862759815154,-0.3728798459131731,0.48441730301261093,0.20565062985164212,0.5408159271063838,0.9070910193801731,0.4469539531328116,0.258009032333041,0.762956022167993,-0.5251254442941415,-0.002307494819511695,0.18393199723040296,0.3066533493378534,0.4082347909468638,-0.5704317650094173,-0.5809726702119486,-0.04532737953729714,0.0585881032189401,-0.12434869690304512,0.09025402399223639,0.20739843341899936,0.13957039843362692,0.3145769626198239,0.5936973219316308,0.5377130553338949,-0.7256455021152928,-0.39593635233889174,-0.5828591071452873,-0.7403174933663502,0.2759656855387402,-0.003049989325949428,-0.49013274803148976,-0.5044701418848345,-0.17559421217766227,0.45231381885614874,-0.15501946626450108
-0.07231166670979049,-0.6839948706935377,-0.640668239152727,0.2531627503178171,-0.6274534253034799,-0.5343124943908695,0.03389737343741719,-0.46590534048466004,-0.49786690736004624,0.3181728738702089,0.27289909274657637,0.3003331851781447,0.5522631394739245,0.5388624090520476,0.4229941791195873,0.29271596126623795,0.7442386508939896,-0.15087043716198886,0.0,-0.2789714875763873,0.27010034564858504,0.49263025056244814,0.13618823894029283,0.28559341281276696,0.25411304476164626,0.5090592419941696,0.31246808349058314,0.11466283189494815,0.0028027702417364004,0.19494259795427232,-0.033711215674713545,0.12344039681381926,0.35902502393538543,0.33610349085776065,0.25563328484317405,-0.46980518470109756,-0.4418079116141321,0.12726123087390975,0.14897688470033515,0.03055128168843194,0.08914524571968332,0.10477669310325723,-0.2413456958733628,-0.15368613105976048,-0.23683950777016174,-0.0979316493856963,0.19663582850850284,0.03185746484423483,-0.2888028065556323,-0.3326805066043274,-0.34892545774973294,-0.6804782253305047,0.12639388926567272,0.025859106792117212,-0.621918241646256,-0.5573225760894799,-0.31445476342989226,-0.5450930601337994,0.1860188491447285,0.3659589557940634,0.42632329575132016,0.6384083961445969,0.19795996842892782,0.7888849896414513,0.49201779554384345,0.6888403980035247,-0.14744773291291585,0.6559136232499282,0.25984763497916236,-0.3240884886866868,-0.187448550220978,0.33018706429929434,0.05384413451908962,0.21809413873110814,0.117244893539444,0.13749059482796833,0.0784047485715685,0.10940498751534386,0.08813903346876537,-0.19065297074228313,0.4891970658730369,0.09615802183679265,0.05084830109478852,0.23146835222598713,0.4589956743569225,0.16245918203828041,-0.471142764744841,0.05125871244468394,-0.5133554567722249,-0.06168362793951123,-0.3207458495062546,-0.28908574065410625,0.10131848776439802,-0.2512019289516255,-0.04882204672627294,-0.1627176121670504,-0.0757083623650388,0.14527288532723398,-0.15219795060460073,-0.3108013217612355
0.20465821259315817,0.026784315216821723,0.5539473088952256,-0.7054801435990419,0.24618905005642175,0.7176576698334375,0.5315358968059506,0.7500524772932277,0.7703362595653412,-0.14826838744222234,-0.28706553357179326,0.08162429872987015,-0.285158787110908,-0.19195690805986204,0.1807526252055659,-0.0021228410466472094,0.03716837455801763,0.6395862151338894,-0.2789714875763873,0.0,0.6263812644161592,-0.21408341981387363,0.7230140275592853,0.3276879189127123,0.2966155659466299,0.07276535794713894,0.3194834941768872,0.6214127981508434,0.6657027109707397,0.3392137953242951,-0.4062713400693591,-0.5089214527807042,-0.6649711718203449,-0.32945436618494656,-0.6087235865102288,0.7919528648884153,0.7982325403835836,-0.46639921818339414,-0.6221883996157768,-0.41723885497595214,-0.5963917530421885,0.39015589697576375,-0.5140276255125363,-0.1900260973184799,-0.4769162558363284,-0.45452910198332674,-0.6917504023685248,-0.36725323315041536,0.45648015602395753,0.22617516064053164,0.26943658720986274,0.53080676954373,-0.44574791081132964,-0.8149763578449637,0.6533399144213999,0.7259988998872372,0.39295294550691073,0.796374948849851,-0.40787658499736146,-0.20196200531061467,-0.08399393437445998,-0.4348134644108773,0.5912928090692637,-0.46183129468326695,0.17304083293909137,-0.1669365130260564,0.6731514046219392,-0.20599105421582464,-0.09487884031747638,0.7411226709753703,0.8464403314990725,-0.34119539863681925,0.6312139349101342,-0.11281903674203196,0.480852801318595,0.5144213357395873,0.7694159511812078,0.6248500546843704,-0.5825157140980238,-0.40904489675180444,-0.4284254458283396,-0.48386500025952894,-0.6809366739126436,-0.5079270982774409,-0.3038837078321341,-0.4366157184196675,0.6863292103062713,0.19053524622757323,0.7534835192259917,-0.14404549182999762,-0.29688344673289413,-0.2611797505936442,-0.30206817026933935,0.14936105650310183,0.18498478616328187,-0.36038623463821706,-0.6199362895080734,-0.5376685445871818,0.4893885539265416,0.3108754289081926
