0,1,2,3,4,5,6,7,8,9,10,11,12,13,14,15,16,17,18,19,20,21,22,23,24,25,26,27,28,29,30,31,32,33,34,35,36,37,38,39,40,41,42,43,44,45,46,47,48,49,50,51,52,53,54,55,56,57,58,59,60,61,62,63,64,65,66,67,68,69,70,71,72,73,74,75,76,77,78,79,80,81,82,83,84,85,86,87,88,89,90,91,92,93,94,95,96,97,98,99
0.0,0.13396480238173783,-0.16756725123805719,0.1363802444404407,0.2055898974322733,0.36101923725370905,0.474081715290097,0.40426444234625025,0.4374819681000156,-0.17465723391872942,-0.4835755112693846,-0.4174434008847459,0.42945162680588883,0.31177508266903814,0.3450099827426862,0.3015424985721993,0.27830486019985906,0.33208084251008946,0.263558585581672,0.5262497421674117,0.3696449449427712,0.5637757955582998,0.1476238332636352,-0.13403273331352614,-0.623022515001811,-0.13037330428757407,0.4525176162799503,-0.18955036378929685,0.31560451912571313,0.09828034189238243,0.016903137631444468,-0.10006245952937178,0.40112710469970325,0.21747374592420443,0.2890680186366695,0.512223492456707,0.4443225783772715,0.11731192229294066,0.21670116535379175,0.11107813621967247,0.38139810933523316,0.3396077536172378,0.4392543272523256,0.47143752854488274,0.2943989720875696,0.3795792562498921,0.2013897195036812,0.2775592534336129,0.48775903800070497,0.5627252179511917,0.2148751248478202,0.3547127096528411,0.24845201300514871,0.14377318993228422,0.21008771281276098,0.3915852554159372,0.3739617376211717,0.4018291717206881,0.0025866620783875052,-0.29682464771306155,-0.2640057805761723,0.301835557371503,0.3665780042152343,0.38507369492629984,0.47508680824718913,0.2855774475396974,0.4097669085652602,0.41005918056334884,0.07567678841614993,0.29638621141139593,0.4395400607474164,0.31292090623736,-0.02286242114604468,0.2248007501251183,-0.23839022814223002,-0.1723520337164697,0.3383942581704584,-0.16450626419044878,0.3328832972435281,-0.02817976850681088,-0.0598074406072057,0.2598286183912417,0.33064071097665493,0.17192538116526027,0.05701749117916171,-0.01840466851585255,0.39412243724817453,-0.34076663567588455,0.393529439249269,0.18873082588842874,0.2561182525794269,-0.2979118890357885,0.5121598609185625,0.4119023199913279,0.3459599482083001,0.21968851966391295,0.2838934206266877,0.03627222713598772,0.6137847606326153,0.4809061259580315
0.13396480238173783,0.0,0.7618860065097098,0.8975576957868838,0.9071718609323388,0.633492097130337,0.2568032566699831,0.8104737523563723,0.7316263358820746,0.4306586050772271,0.38766202831766067,0.4823739995556118,0.5107906410595421,0.4924665554460728,0.7023304755108633,0.8295066549843771,0.20927645456988045,0.7264068277091034,0.46815852972250926,0.7602115946024052,0.6295487487772924,0.07721155384236866,0.7339949471985545,0.15139548545566475,-0.0877975865286962,0.08438446553022265,0.5258342520696777,0.5716523789994205,0.18835532461794374,0.8326016935178274,-0.5948461105888837,-0.2069003118829502,0.21617508139060934,0.5030744664844636,0.4031914176396722,0.651390690474399,0.10192509067877568,0.14508570368007917,0.4116534187875893,0.009606636987477452,0.05572170372812929,-0.5148492197073821,0.014603193071584638,-0.0974406163392048,0.28915627318530723,0.3719976442811876,0.14623480976794054,0.21009612910131978,0.5237621490244808,0.24780568226412122,0.6617933221724824,0.9170937255454986,0.9278441570745135,0.9000661919040784,0.6914806195736048,0.348950516953757,0.8645851249068445,0.7269724225007027,0.44135409849327867,0.2844960121177916,0.4322574434521976,0.21671931527314875,0.45827615794162935,0.29845237704569105,0.28322345452874176,0.6776392078937713,-0.23703386855161354,0.17910143383127344,0.31913942319969757,0.778673969490837,0.6561998566110185,0.21677660788997863,0.6339778949791645,-0.0027037232405587703,-0.004426928074697378,-0.1838521057156502,0.688347253357311,0.6552994127872995,-0.5926202909879708,-0.3150470384885908,-0.0396138921029611,-0.006980896074038633,-0.035142786711359585,-0.04930594701794117,0.522985751748484,0.1271200089417814,0.10629126036646032,-0.01660018238021191,0.6393129819254133,-0.2814955680601243,-0.12210020248612277,-0.3694168574700552,0.25674058145695283,-0.590473766587827,-0.5338728560926946,-0.15474633488495754,0.24118180850515625,0.27155923983188673,0.4244099370762685,0.090341849936013
-0.16756725123805719,0.7618860065097098,0.0,0.640985776396329,0.6174111523355189,0.6937845351719241,-0.09777022320439063,0.5475702065199541,0.6047535398058755,0.5519639872158791,0.6903529426123307,0.7748929975498948,0.373945180468662,0.33796550894191296,0.40800640172564345,0.39368454533158737,-0.06498305135621163,0.3362458832302547,0.20139321015598752,0.2999231381134929,0.4019360897338748,-0.44796244642403366,0.41465746296175404,-0.141181087868893,0.3194944412048449,0.07229024392245266,0.07804519790556817,0.421578609664121,-0.1960568558498906,0.5076352785684872,-0.7161193216200356,0.03401294331247284,-0.26541185882241186,0.1303806377169589,-0.020001032726981487,0.23515471074436933,-0.13906123357024394,-0.09707444943037982,-0.05855762334960751,-0.2748128934983961,-0.4173740054692286,-0.8554523309340993,-0.5061433619503752,-0.4213835713752485,-0.21971308629916791,-0.05638643896529618,-0.33042793120419695,-0.2921311538135214,0.3582661388428233,-0.05413705722006568,0.5488350102341654,0.6564978737749892,0.6214357693107195,0.5734547312766716,0.6500721616956062,0.5215789287957218,0.6332339458797032,0.5503663413148476,0.4744796333612715,0.6153296179384421,0.7461958038724212,0.25461975923152136,0.22977815966966744,0.0780957544877153,0.03829382545864816,0.3921463919453636,-0.5020775374107259,0.011950226190024454,0.03368520050753089,0.4112802784989606,0.32932441162101017,-0.20845410748333745,0.33951581109445034,-0.23783040221421928,0.36873938916068477,-0.0435146652789549,0.41811113332350996,0.42144390471768783,-0.8145061083291807,0.01824880966549469,-0.2932236395274526,-0.40003686968380725,-0.494006129728207,-0.42438397482874174,0.19245495121240894,-0.27672578937740766,-0.06826689157953308,-0.03234047340453892,0.27749886663504636,-0.5663299647333689,-0.44188875162498403,0.08885988027199825,-0.17355831823319004,-0.7284524307305257,-0.7885604634271964,-0.3211192890041873,-0.1887338826031419,-0.1746058912802264,0.1643292786488221,-0.12862921943035283
0.1363802444404407,0.8975576957868838,0.640985776396329,0.0,0.9259640500516408,0.5751469136451464,0.49145199196486694,0.8455965408538129,0.676019869923598,0.42901542930195136,0.3539392629759313,0.4713891753499155,0.5150930256977901,0.4275150422150247,0.7040073109786403,0.8134932196738693,0.1548407423321042,0.6586613422598807,0.33419920169358036,0.7767896569160881,0.631328721293035,0.17204052679929865,0.7708611235391309,0.17712564609298442,-0.19021061321396493,0.22780048095661468,0.6017853295227763,0.6501888704294295,0.41664725940804664,0.8551472460613538,-0.6961970007831126,-0.21563361096372363,0.10806205319126232,0.3711115704403581,0.378275567975079,0.6531642929134432,0.10123531770927281,0.18481923123321845,0.4051675950429002,0.17248595155704682,0.07752668524355859,-0.38157032498408405,0.09172071361408658,0.06401487254332401,0.3400961343400316,0.4007455543616275,0.14183268622886244,0.26953552385255863,0.5555294671936193,0.3199258448240947,0.45390785833979824,0.8831076746530085,0.8839294703580305,0.9515973108220359,0.6950702417442042,0.28612450321934285,0.8640226468779852,0.748352234060333,0.5076839926090295,0.3486287678401455,0.42568479280040955,0.24215527821507582,0.4948387795799458,0.28542029428326154,0.31588104431798686,0.7308803952253996,-0.07955614138892765,0.14138912631794606,0.23361826853808826,0.7405061156842724,0.7819004314506511,0.39932938584724176,0.66539607726865,0.1838155509183435,0.01952125658961864,0.02835314038655747,0.8097246634942374,0.7796584528142525,-0.5108089740720122,-0.2423505845750999,-0.101599321528079,-0.05510512230282627,0.01515800043239851,0.007035986289085273,0.5876915416466364,0.178468753843619,0.11697025971440246,0.1363456826830469,0.7302551135001218,-0.21049072102913938,-0.11567970560018725,-0.41475653502820775,0.335672972691953,-0.427933453019376,-0.35887160983902433,0.02515205742841429,0.3577677348241317,0.29853818017770806,0.4952380301492489,0.19618260274532567
0.2055898974322733,0.9071718609323388,0.6174111523355189,0.9259640500516408,0.0,0.6879814064258251,0.5264531556510466,0.8398362776966688,0.7900209128640314,0.41711802545180404,0.2880015225198251,0.40072345341230425,0.5457173616212498,0.40989158726626024,0.6961794807619639,0.7475830482491145,0.0455326019593432,0.5849788912158097,0.24819747073738518,0.7980059341788287,0.5668477322327621,0.16656717400770002,0.7059014220716809,0.0778928653787867,-0.16829278849511353,0.09959119686075184,0.6221993069536663,0.6677362621758149,0.4103149693842593,0.8121959886544005,-0.6461103486450271,-0.16325825551411535,0.14936382348386776,0.3157234391990708,0.34976389803381,0.6725177133711395,0.12620464108501336,0.3556233072176666,0.4860004577804882,0.3198007778645549,0.17077260682293233,-0.354340156002317,0.1563851412054029,0.18739242066701567,0.38261527301290765,0.46558262483424584,0.15358811361984906,0.2785872933631327,0.6629970075474362,0.4322462876355295,0.5530885077752566,0.9320886406830661,0.8655742618555984,0.9243889902193746,0.8373408030870217,0.39978144643255725,0.8446883082060883,0.8684061283141472,0.5260837018524115,0.2739650205235134,0.41310383103235987,0.23593557432321702,0.502718441404127,0.23162285665925295,0.2866317491447368,0.7030730928437006,0.0549597989922554,0.06309767579196264,0.14942712228498314,0.6587692675330751,0.7482572385510103,0.3849708389362423,0.5515489269784974,0.3386632216616429,-0.06771346969304878,0.05747858067304734,0.777391831862739,0.7325199297258622,-0.3997719949122753,-0.13807979950633645,-0.1646516244525114,-0.024282329462902725,0.0951516854144946,0.027605813997958275,0.6037344544843869,0.19572192667270125,0.12918996045382092,0.17922250146867524,0.7839913315143907,-0.08726549257970212,0.06358118786216069,-0.2932411631100462,0.4628559694053836,-0.33794016992723525,-0.23795992056693566,0.1537824207547034,0.4519315874763595,0.29236304978586014,0.6136503006137721,0.31141570991966155
0.36101923725370905,0.633492097130337,0.6937845351719241,0.5751469136451464,0.6879814064258251,0.0,0.30400988570248105,0.6348859311322748,0.9137628482752473,0.5352491215089875,0.422794045989827,0.5255918991055435,0.7419678987169942,0.5226446311958514,0.5863083675820481,0.28035591957637596,-0.05331327371902752,0.22128842896039747,0.0846348676409979,0.4504334888377799,0.512109754045913,-0.11239309379052166,0.34984756971315234,-0.3897368879807212,0.04535929003211425,0.035744907338175445,0.20272471279667267,0.2866020733226737,0.09872013603557468,0.43403412631120053,-0.6593497062831016,0.21866738895077714,-0.2474669819940854,-0.08193004738702682,-0.042742380279410346,0.41270637665063575,0.15242565225673266,0.21376087989579035,0.0724480999277774,0.017418315000114776,-0.2454764385249867,-0.5349370581446838,-0.2603034475625813,0.07474593478462786,-0.19494476814570474,0.051038053766334024,-0.4017062951373787,-0.2949867871390492,0.7581692851284155,0.37942088501691534,0.49109595961252944,0.7636221048706808,0.5576237530773931,0.49732187057999405,0.9008185382061263,0.8948788450072304,0.6542556097390054,0.8785464872443021,0.6023092057303476,0.5355364789651471,0.6824531193688845,0.6076410168244561,0.5509070267183612,0.29871316208456905,0.3503798809184217,0.5746501270937244,-0.09747854678183475,0.19113251370269793,-0.251262502337494,0.2909658277053198,0.5661341807081596,-0.005820759882841928,0.10139235290023611,0.13308500361992243,0.23103323410255436,0.024950429899898943,0.5854238234451123,0.25256496666239386,-0.48599615253760575,0.2969929851720246,-0.6174472792486335,-0.4518804861520256,-0.36889487904480656,-0.4231843485485433,0.08472063602789319,-0.4424347397392077,0.19492949374386212,-0.1373420049231617,0.4890468082277323,-0.4199967648501306,-0.17002732801906387,0.07442009413961255,0.30938130929504953,-0.14735497054999194,-0.3486933685605548,0.06390464827486862,-0.04740904205594427,-0.37028541069472815,0.7050619621578675,0.31865244703522716
0.474081715290097,0.2568032566699831,-0.09777022320439063,0.49145199196486694,0.5264531556510466,0.30400988570248105,0.0,0.5063139236935261,0.4170654455959159,0.18833048501714972,-0.11949434981694781,-0.03439589221941371,0.41301104283993517,0.23798694289628722,0.47544551948393365,0.38748663518978255,-0.012488140988222136,0.15281973092269027,-0.10350204334385829,0.5385309674637795,0.29552096543330036,0.4441914818939824,0.3947178225096869,0.023330268612618003,-0.31840472865571623,0.11614212736219415,0.6125434787374502,0.40087318682506884,0.8148652271663018,0.3981336381617654,-0.22841210511518636,-0.09555223734099716,0.14815254273551967,-0.0740302374987841,0.1445959244493953,0.45250958325274854,0.2528547253670758,0.5597784572089284,0.4731201907230529,0.7641972041959271,0.4232269216206913,0.2741494078152393,0.4529591668070127,0.7347704524116102,0.3961087099964989,0.46341115094272184,0.21084786919196727,0.44402444689602294,0.6421906930642517,0.6688255296638242,0.09222101260971206,0.4307244445017601,0.3131129757143863,0.4315609423721019,0.48374523704732647,0.21795313643736391,0.3814819765587776,0.5964225472162834,0.42172874920824,0.043379989276557764,0.04981958686671989,0.26089154415966204,0.45864033834839574,0.17789357978436499,0.35380634785931303,0.49107827697388345,0.6312598402835844,0.01585570884983449,-0.1795106878797389,0.17999088772243493,0.5548680407949997,0.5278940175108181,0.15359302731727503,0.8072215044501502,-0.2572028664618055,0.3953632284373288,0.6164233899469757,0.44679739817280634,0.28420287722500215,0.13213769393333105,-0.25613278551625196,0.053714583691138976,0.35398038883902966,0.17642582821208333,0.3874287789311775,0.27307636843075017,0.2840324574857891,0.3890498567128774,0.6815455224344087,0.3416764054399014,0.43212554085621846,-0.16498107763989373,0.7465064001789969,0.4101017924285461,0.4942271688536084,0.714466237329993,0.6339026175904284,0.24905848734201758,0.6905804332878643,0.636800336677939
0.40426444234625025,0.8104737523563723,0.5475702065199541,0.8455965408538129,0.8398362776966688,0.6348859311322748,0.5063139236935261,0.0,0.7795209629833885,0.3054617101083636,0.16793440371184132,0.29457412836138286,0.5977797120747315,0.5076985606669823,0.7089379685623767,0.7980133241663432,0.30395579995343236,0.7399612606902305,0.46370239271621955,0.8499855927513029,0.753030177562176,0.3901199101762905,0.8150524783595003,0.1756684254837185,-0.3188569252120825,0.3233724201394695,0.7002801575203275,0.5816332199999285,0.3383866538726465,0.8033436333049079,-0.5750245290696913,-0.30725216906783925,0.19897603719368723,0.40962442029817253,0.5381738532005623,0.6180505350665932,-0.032081557851168035,0.07507079195214902,0.41216569602270525,0.10627181429196933,0.054263878874860484,-0.3191387589899336,0.19600182452095022,0.0446806895443296,0.4184335935845774,0.4942355524452152,0.20854652814326927,0.2538964216654188,0.4846187692739246,0.21001791712569975,0.5507430953403661,0.8997605775461389,0.9013703387844985,0.8737952935919138,0.7106817213104523,0.34442049402966224,0.9638570139419114,0.810686427330235,0.4283700032813785,0.137194943752293,0.2877076965417425,0.3292540580498981,0.6336765644522773,0.430621817202282,0.43523069171373263,0.7171160445883723,-0.05543726279280551,0.3008174958419156,0.38901166588220687,0.7990769846469084,0.8722798208913163,0.5320854279983381,0.7035620874480542,0.24367345794150047,0.11193722566133418,0.010100856315555864,0.8200132141449217,0.6711183242217799,-0.32120823549834243,-0.24823632172332202,0.003276040743210978,0.022505800996095462,0.1681916154432009,0.19255711483963053,0.6898294660249767,0.19775669437318555,-0.05410376417621767,-0.006000952103567567,0.6525365364714384,-0.14977285760413353,-0.08352573900957787,-0.38009112866940303,0.44064659568792525,-0.3747274852224303,-0.2619273815522408,-0.06483952263832159,0.332951918433718,0.3360365363221095,0.4961479205688676,0.07820801476965931
0.4374819681000156,0.7316263358820746,0.6047535398058755,0.676019869923598,0.7900209128640314,0.9137628482752473,0.4170654455959159,0.7795209629833885,0.0,0.5845739024381392,0.3733971726134491,0.4715304626160213,0.8306908057005399,0.7070345224035379,0.799471574228425,0.48430163870669224,0.2098977020168789,0.4662925876090188,0.33967546903211804,0.664235042847956,0.7297148234631505,0.13975487605051296,0.6064358027882252,-0.11974746248950043,-0.056025475359683885,0.12023910103696427,0.4627192928273822,0.3969359071885441,0.23053412403451048,0.6353912978497654,-0.5654662450039971,0.08606901576334114,-0.016105998410297997,0.1437553842297774,0.2224145185511079,0.5283747136615797,0.13170887932107722,0.3537109730991522,0.3536726974822009,0.12635563664982805,-0.05161256580874009,-0.46584688831411614,-0.03393982443688113,0.15295225493880754,0.04838480516151515,0.2950146622519565,-0.14298199721217222,-0.031180139805784712,0.7525430424514687,0.3965554240176747,0.6184177064743991,0.86549165150951,0.737627070292151,0.6605151054988005,0.8714969464861396,0.7631972208965384,0.7635870662418326,0.9421214728417909,0.6593996885348756,0.4137927893561118,0.5683915409565816,0.6588023408897966,0.7605235382138543,0.5242406175772365,0.5618021954719414,0.7732088672048668,-0.06948501152061148,0.37874749263129714,-0.016135164741320998,0.49597459126992893,0.7351023540605781,0.21789925508747332,0.35569158879302143,0.20688132165764866,0.20276081911215804,-0.00858580257055442,0.7266878804206164,0.390734979996715,-0.38909096962318873,0.13328862342356998,-0.41936682872315884,-0.2723583760367796,-0.14794818311901986,-0.21353456177102575,0.30255266730046854,-0.23891322387167024,0.14866531275076914,-0.16233608752811332,0.5528504605911194,-0.32830035176268063,0.0067482383986858015,-0.08327470655781494,0.5400780808260269,-0.17179155732933424,-0.30403571120489536,0.0714757134055615,0.13331555084712834,-0.10630786457411383,0.7375121806376843,0.27580302202721074
-0.17465723391872942,0.4306586050772271,0.5519639872158791,0.42901542930195136,0.41711802545180404,0.5352491215089875,0.18833048501714972,0.3054617101083636,0.5845739024381392,0.0,0.8429083639110836,0.8592558642248935,0.5764809181022694,0.6999881930310362,0.6729902703027241,0.08435512247638052,0.15232930121509047,0.0693006951389518,0.1594682711053654,0.11964547810751233,0.5368018835086555,-0.2902019082335326,0.44985613911085587,0.0037414763573128686,0.5123677197901795,0.14595770466213961,0.101313943548178,0.3385806651312169,0.17374033299411898,0.43337477605929103,-0.4082845543397452,0.2797995421678564,-0.3977193332861675,-0.20367700261008684,-0.18896258103614041,0.0011167479594222144,-0.07748993226974676,0.4013680998190445,0.19152129423102748,0.09355795331793987,-0.3790150641484381,-0.6528290744827537,-0.43255733174263067,-0.012367137754335903,-0.3619676940958385,-0.05679859433935923,-0.42362480861529356,-0.2188689439002378,0.4659017148224729,0.09622939908173492,0.3283216727903503,0.42660573665252466,0.32652223110905376,0.30792342513998916,0.5322716083537027,0.5005673792922043,0.2620690577171207,0.5329741896232197,0.8955704135272885,0.8486688094966527,0.8404185083503372,0.6958266215679735,0.6364886430219486,0.5001405174028156,0.5382913625392358,0.695279387027083,-0.3389860654353946,0.3499658773294837,-0.27030333926238537,0.08551269129570892,0.37079637563739976,-0.06600489652410556,0.2537584972602928,0.038867711948693325,0.4847599200095505,0.09711266082815649,0.48857541850630587,0.3359514900654498,-0.5179259332985184,0.2549390490149512,-0.5594315754718823,-0.6353411275475517,-0.5246473342951373,-0.5500804430206868,0.0002077030054161981,-0.4216636511020627,0.03317939491046913,-0.01942260790236094,0.11065523464249119,-0.5605016235273771,-0.10364771445893,0.25954846545506344,0.34130061476754986,-0.21270285061359492,-0.4799427449324804,0.11676359696588316,-0.13630656196733645,-0.31196687578018534,0.35380053890653623,0.03919320180784414
-0.4835755112693846,0.38766202831766067,0.6903529426123307,0.3539392629759313,0.2880015225198251,0.422794045989827,-0.11949434981694781,0.16793440371184132,0.3733971726134491,0.8429083639110836,0.0,0.9577288411715956,0.396721460022118,0.4794553471310205,0.4101416317261152,0.0022269068777899356,0.04289990961233434,-0.03285709262214669,0.08087677510118196,-0.09880930848899981,0.33885079212268765,-0.5335815950485169,0.3064612719176474,-0.03840574033260448,0.6130844704029771,0.15715704487975096,-0.17013784144747487,0.2343680588293018,-0.12533805636104256,0.29891185640527373,-0.4421631724112467,0.3432982793853825,-0.5848907646471996,-0.25041229323576625,-0.3124578686704133,-0.1996237306272448,-0.2426234410139272,0.094377920679171,-0.09969162660703092,-0.18418360264742004,-0.614039892262001,-0.8119942596494161,-0.6990826924136951,-0.35164872930491753,-0.5408361278004119,-0.29395279197174706,-0.5635286817600325,-0.4436996516900014,0.202845153314638,-0.22976446809300474,0.2593214372907298,0.2667369751408933,0.24122381617081254,0.22111701995016877,0.38625528542710785,0.41505817922868987,0.1743585015459278,0.30573721346886956,0.7043949585206726,0.8799387883460171,0.8767877679956249,0.5140507300389134,0.3527091237225589,0.24364413822610748,0.20246274502299264,0.43148032436568534,-0.5891583743916513,0.1543476037021658,-0.2625591617432219,0.006693201398687614,0.13645982896610492,-0.33015936452812217,0.18679558408215646,-0.2222171578432114,0.5582219058371527,0.02973067925425538,0.2605065525823326,0.24669963844414658,-0.7225746890653711,0.24678067780955487,-0.5119427858040184,-0.7274327537543216,-0.7352149288699698,-0.669326272379511,-0.12622479083356664,-0.5252903116762515,-0.12261507714738851,-0.05181684000478341,-0.10730005214369996,-0.7208707781631463,-0.3931859431933743,0.3017192376292776,-0.09444556014233073,-0.45230776257901123,-0.7272609321747979,-0.16483596054402547,-0.39667521404224676,-0.44123417045199026,0.048281302324769355,-0.24540207749749823
-0.4174434008847459,0.4823739995556118,0.7748929975498948,0.4713891753499155,0.40072345341230425,0.5255918991055435,-0.03439589221941371,0.29457412836138286,0.4715304626160213,0.8592558642248935,0.9577288411715956,0.0,0.44924397189009957,0.5059626415362517,0.46809917756753644,0.09661174595858867,0.022096520099906196,0.04387630902963635,0.09466924921789219,-0.0013337009435081142,0.4087328410769832,-0.5111251963538,0.39158961433782247,-0.04005722077876455,0.6092209661054735,0.23444345191746205,-0.088998616168159,0.36454201327488545,-0.07838264568296853,0.4133826066405287,-0.5708115648243514,0.25208390606186276,-0.5495094055358302,-0.21302302071348345,-0.2515925542617854,-0.11455476855581481,-0.2807683494668917,0.09301321208957172,-0.047667432899557376,-0.14406471837245252,-0.6047195677987699,-0.8489489311735453,-0.6549850684183866,-0.36537688189995693,-0.4853247880785844,-0.24753881165586925,-0.5332099145307346,-0.42793630139782485,0.27902726166990555,-0.19206502729047056,0.29919466796651056,0.3843183963944149,0.351812356129726,0.33782608080843424,0.5103516809323224,0.45648196704135363,0.30425382870845774,0.420919749666087,0.7526678884331873,0.9067950854570708,0.9322578823147253,0.5282541271446379,0.417699355421989,0.2555882076390411,0.22336249047032664,0.5030911158516951,-0.5686690305889913,0.1441378385419267,-0.21771277648726492,0.10351639149880645,0.25252546182292374,-0.2282559597452735,0.2782238666723016,-0.1707024104878808,0.6003407031731498,0.13304926282793778,0.38082949286228823,0.37758421417110594,-0.7575978105913822,0.20598171291053008,-0.5083351397374659,-0.7207092352861239,-0.7139329777588348,-0.6245338634292706,-0.00796565784221726,-0.46633967832437356,-0.1622323469835175,-0.00012133788535242529,0.00724743287178047,-0.716967601267254,-0.4125592622554079,0.24566660278545402,-0.051620598821446095,-0.5238240173826412,-0.730385634747116,-0.16480347003791365,-0.3537153773472298,-0.3835035569208194,0.11559019124799685,-0.22164695669593062
0.42945162680588883,0.5107906410595421,0.373945180468662,0.5150930256977901,0.5457173616212498,0.7419678987169942,0.41301104283993517,0.5977797120747315,0.8306908057005399,0.5764809181022694,0.396721460022118,0.44924397189009957,0.0,0.8437036446624581,0.8116165818899533,0.38037883286149987,0.47153750525025306,0.3919725330805271,0.42919131180314085,0.5398983417593946,0.7426795753857042,0.27002084594588693,0.5657898429374157,-0.011979809202170233,-0.1185314182206024,0.29809394958402574,0.3456838934522153,0.15959922922966593,0.29681605784768983,0.5611164169995171,-0.32082327142576306,0.1965974199431441,-0.028302119271583787,0.09318859210598575,0.171267598285625,0.3913168150401768,0.185015017456885,0.37185889551403956,0.39392520753116034,0.07779310467991679,-0.07636432440070377,-0.32175124390513826,-0.004522127447526369,0.15127150909927864,-0.10565647129070624,0.21701654269635692,-0.15293742737601845,-0.07201670576517688,0.6311319257640269,0.3330427477615585,0.4963179488176288,0.6697792726440562,0.5728122690334051,0.47823171560489103,0.6301094796919824,0.7053775237175132,0.5798333718372988,0.7598548373772638,0.653196534721338,0.43370557631581946,0.5272039416820494,0.8714264484748454,0.8650401777269416,0.6773463499578283,0.673525531225013,0.7483195615661148,-0.10265112010174127,0.5846291828893969,-0.06543353867474415,0.4061327367951064,0.6334346178077893,0.16248965525630912,0.26301020830030336,0.11151191157549048,0.19227086414190972,-0.07187934943224657,0.6052808775870282,0.18193505984694094,-0.2895533014784079,0.1757744435085251,-0.4505122949534005,-0.30802228410364335,-0.26074369992632895,-0.3332592831499183,0.05310824104384926,-0.38298206958166725,0.21841177645248583,-0.3422411232132733,0.4036810530005193,-0.4107616248288094,0.05489847592761142,-0.1258285903099506,0.576096339672116,0.009666943009707189,-0.25240663673263125,0.04044702050593154,-0.021970971728288886,-0.25778469565621276,0.6695499192540525,0.21889934746387088
0.31177508266903814,0.4924665554460728,0.33796550894191296,0.4275150422150247,0.40989158726626024,0.5226446311958514,0.23798694289628722,0.5076985606669823,0.7070345224035379,0.6999881930310362,0.4794553471310205,0.5059626415362517,0.8437036446624581,0.0,0.8948244441809403,0.4007694334207829,0.7002285554795613,0.5064493780506465,0.6764062766633357,0.473979010036879,0.8567597953013047,0.27373130373129495,0.6860865149486497,0.25573986914752395,0.03192569132341815,0.2906703978949207,0.37995510290386875,0.16797394583615916,0.23776476525525966,0.6040971998219996,-0.13948547155441743,0.026011458701917553,0.08208946851451088,0.24840109587909745,0.29549719214621073,0.31421703208064755,0.11813683855813767,0.32530868960142945,0.4700049738958352,-0.0304970234510347,-0.10510545303723658,-0.4078651914520281,-0.03388368261703662,0.011040277194246313,-0.07900294729913257,0.2272451547133073,-0.04241401963148546,0.024499655610518808,0.467432468495704,0.16249299684134166,0.5300834744975894,0.5539473612549014,0.5594583903668898,0.40619863123168887,0.3993328158264773,0.47568586237757376,0.47643864854027435,0.5618245963838527,0.683664578346518,0.43451109286597395,0.4744683832826578,0.8359862835360088,0.9202548367573341,0.888524335517238,0.8625056232433412,0.8411951632291562,-0.31159610766940204,0.8016562710054784,0.1605263043660504,0.46763642814622874,0.5831979220035622,0.19590913914925814,0.4688271368473924,-0.06109426340220067,0.3490783167523299,-0.14107222764190666,0.6174815180048945,0.2051154029271925,-0.2961321624968452,-0.06826021314242645,-0.2399661652588112,-0.26882314069249136,-0.23103603432306247,-0.2435638455687851,0.10407614332124074,-0.2955761637770877,0.1481899898883353,-0.4335502626101769,0.19147660373436018,-0.48344630458565746,0.046035541151421604,-0.13090518885042876,0.552328446757949,-0.13332901040003325,-0.38947553595755313,-0.09849418017151784,-0.08675089809543075,-0.12360642946027825,0.4568508658405394,0.006818844304164201
0.3450099827426862,0.7023304755108633,0.40800640172564345,0.7040073109786403,0.6961794807619639,0.5863083675820481,0.47544551948393365,0.7089379685623767,0.799471574228425,0.6729902703027241,0.4101416317261152,0.46809917756753644,0.8116165818899533,0.8948244441809403,0.0,0.6392774753855663,0.5723817543351206,0.6523618653323358,0.6135864250984507,0.7339352186948443,0.8998014913475608,0.39316857688322937,0.8234425451135134,0.3295224794816446,-0.14739806967282373,0.2914069151471816,0.6489725621688898,0.4554472514827026,0.5029389325015478,0.8035378492431798,-0.33130574960955567,-0.13299701083895285,0.18160423713510285,0.3680651712830101,0.4437835079027446,0.5835674846159724,0.2642441524376958,0.4242985601425458,0.6308398237228692,0.18964520069522803,0.11115229674010604,-0.2997870868841113,0.16141283843163862,0.20785054244734558,0.22186697794625998,0.4690333896630239,0.14168813591486518,0.2939027908622105,0.6103200934433093,0.3864312021387999,0.5182538859204867,0.7757510327204097,0.745742144989483,0.6806492999208729,0.5773378689302425,0.4092712205374693,0.6683404430349658,0.7428917717540015,0.7082903856822541,0.3825521081010442,0.4206396615371046,0.6881924241795659,0.8957353533336465,0.7738197951918608,0.8005044284098775,0.9597510705374125,-0.15396545821179114,0.6349281931090983,0.19920086393087927,0.6332434008001878,0.7917833101163382,0.4098727651335551,0.6061913986137403,0.12580885844038067,0.15883584094182232,-0.07694051151810428,0.8369721873545275,0.4882697459929697,-0.3105029078410184,-0.21132894156242585,-0.18654216030273185,-0.14080995927745465,-0.015838132170829227,-0.06579025298574008,0.37360015060016977,-0.037327325185279356,0.271570146994362,-0.1509785947925227,0.5012534987357632,-0.33246672324545756,0.10805015197133061,-0.28221004925763177,0.6414528723192807,-0.14151576990713047,-0.29168334541260377,0.07402555979178496,0.25312070678404186,0.12521377473661216,0.579594895358374,0.19268820049395116
0.3015424985721993,0.8295066549843771,0.39368454533158737,0.8134932196738693,0.7475830482491145,0.28035591957637596,0.38748663518978255,0.7980133241663432,0.48430163870669224,0.08435512247638052,0.0022269068777899356,0.09661174595858867,0.38037883286149987,0.4007694334207829,0.6392774753855663,0.0,0.460007369492667,0.9095381909590137,0.6345766924783136,0.8874023720078037,0.637720116556543,0.4914254853615085,0.7908578653847107,0.48304860950659234,-0.420633852875171,0.20544976944643195,0.7552780622380675,0.5287068581924101,0.37729603469438544,0.8422797187358697,-0.3178113479032921,-0.5029490791600015,0.5903978392428904,0.7712168293631985,0.7293331826356417,0.7668824673890715,0.19150004436752247,0.06999056100036027,0.6099250387739235,0.11082092489497411,0.39752979730920684,-0.10867413745456657,0.4434861163589173,0.027394546514777646,0.6463075584570047,0.6279329439418904,0.5728527327024869,0.583502357232489,0.32700496245137145,0.25929719228681136,0.5646281886240176,0.7786636258027699,0.8947008918297877,0.8758371264935119,0.3785022303070542,-0.01322853873138719,0.8339568877574923,0.5137426786750087,0.17718287277740116,-0.11886883008887648,-0.0107489173782288,0.024445798231196067,0.4173758817023018,0.34915911375016867,0.32676361327151376,0.5973817339877117,-0.03842869744267566,0.2694896058567114,0.6279631861719587,0.9247378766612924,0.680370830450279,0.4841219777123636,0.756582683434492,0.07377989776866282,-0.21219608959444744,-0.16313587905770588,0.6718015304788315,0.6405018387075467,-0.24230039281919222,-0.6092772139033568,0.36279026534850706,0.4093027402953198,0.3764009530422484,0.3600963198494995,0.6822570942015965,0.4837692808695716,0.1338009072365277,0.007501936493023605,0.6800547905682736,0.038157086904420726,0.06318196226574622,-0.6274977050592998,0.338767854109675,-0.4502244537249545,-0.24324966348440438,-0.1364168476192948,0.4762847426226391,0.6208783531761264,0.29781252205801656,0.07533883432971318
0.27830486019985906,0.20927645456988045,-0.06498305135621163,0.1548407423321042,0.0455326019593432,-0.05331327371902752,-0.012488140988222136,0.30395579995343236,0.2098977020168789,0.15232930121509047,0.04289990961233434,0.022096520099906196,0.47153750525025306,0.7002285554795613,0.5723817543351206,0.460007369492667,0.0,0.6855481217478372,0.9137953331466803,0.44851214622486363,0.7231003094548116,0.592306937945709,0.5961464200801246,0.6793320521673996,-0.2740690059771252,0.3510623357887181,0.3941339861422512,-0.03389035954607383,0.14950760205615082,0.44796742953525626,0.22000364829935531,-0.340779923313983,0.4806060086123071,0.6298432195430513,0.6431710410235486,0.3019356082781769,0.09180263902315272,-0.02500288519072186,0.4972327209250982,-0.2234039095064918,0.16503333399343845,0.003566928349049465,0.29659022799159535,-0.19356434364753977,0.2539019586215427,0.3247637502419112,0.42180044902261893,0.32290342766024915,-0.058845211055031266,-0.10723179159919162,0.3283804142014616,0.21609893191816257,0.40096760320191127,0.23916800090970589,-0.17680563444425615,-0.1075252019890076,0.30087749781771705,0.04213289185659766,0.12345847488989006,-0.11864219253524247,-0.1091485200590479,0.43903493354579826,0.6147882048850271,0.8057800350307579,0.6826446673457981,0.4918166274785448,-0.2782946974507324,0.8466424213250209,0.6470398507033269,0.5984631061363981,0.39920775062793623,0.33468884260038956,0.5714953747178125,-0.28133819880866767,0.20306480287203926,-0.26941629183140947,0.32142959131856474,0.03706255607638269,-0.033088675909583226,-0.5071532842485651,0.4086500785730077,0.26982695911170934,0.15466323420572428,0.22355099337627332,0.19142010395051334,0.07742634666266997,0.035100501335051736,-0.5523643540187045,0.005951179088413252,-0.1686983153399127,0.09359587961435425,-0.39474721443950656,0.3135495856012734,-0.14558135316094858,-0.21924120903971478,-0.4206955397206363,-0.04660242706311432,0.26162877769804654,0.007028011464104473,-0.2743651971273165
0.33208084251008946,0.7264068277091034,0.3362458832302547,0.6586613422598807,0.5849788912158097,0.22128842896039747,0.15281973092269027,0.7399612606902305,0.4662925876090188,0.0693006951389518,-0.03285709262214669,0.04387630902963635,0.3919725330805271,0.5064493780506465,0.6523618653323358,0.9095381909590137,0.6855481217478372,0.0,0.8579157609764553,0.8577178506570101,0.7621117807014461,0.5631265484974946,0.8019693266655766,0.5818196979971236,-0.4546464091278512,0.26944133324372066,0.6999813580402923,0.3936798241708719,0.22159217217039118,0.7850634548381077,-0.22249472772312967,-0.5686300293567575,0.6209522873690781,0.8898855113173828,0.843516889109861,0.7255147456610321,0.1651976151600285,-0.06281393874910965,0.5777944839927701,-0.12515021748721838,0.32646229535246096,-0.1222806192391929,0.41983121037936677,-0.15030275885972663,0.6120290844588947,0.588230924040468,0.5939668005247934,0.5284116362350576,0.16925860254059255,0.10950154183687577,0.5416726109108263,0.6942737175447482,0.8561313684247539,0.7692498915444025,0.22454121644957767,-0.06283467855736402,0.7844969426817722,0.39230532999524703,0.08359262674587449,-0.1791177407476156,-0.08348490337485963,0.1182790664864517,0.483660457612081,0.5393087449743861,0.46489262004931287,0.5925212671403141,-0.20053178661423415,0.5135064411449226,0.8068183110925197,0.9785741496685233,0.6839089242887604,0.5091463689871594,0.8234760053112828,-0.14748634182360418,-0.02574740341264629,-0.2744704452130798,0.6134413875661965,0.4904948190653007,-0.2559406117020975,-0.7003265361905893,0.5050378637249952,0.451288553395965,0.366599556854254,0.41714415054932696,0.6296859389035753,0.4042021107984373,0.08054723913302614,-0.2409828883172696,0.4911571336868845,-0.05300704444959307,0.004078175373157854,-0.6246963728795789,0.27750510105996284,-0.4693635323129187,-0.3265795012449725,-0.38419123415864703,0.3128924412500792,0.595103376196048,0.16568090882281925,-0.10032880714739632
0.263558585581672,0.46815852972250926,0.20139321015598752,0.33419920169358036,0.24819747073738518,0.0846348676409979,-0.10350204334385829,0.46370239271621955,0.33967546903211804,0.1594682711053654,0.08087677510118196,0.09466924921789219,0.42919131180314085,0.6764062766633357,0.6135864250984507,0.6345766924783136,0.9137953331466803,0.8579157609764553,0.0,0.582524901244361,0.7734304383983844,0.47611413806393094,0.6632385646488923,0.6462975898309177,-0.27786127322530707,0.241418940634155,0.4519508985244203,0.07891414804327702,0.02860633270168038,0.562808074415807,0.054726361823173954,-0.41508693245266326,0.5386690014121929,0.8042446592608551,0.7202282524485754,0.4510131869623863,0.10533756371351649,-0.08504286636365907,0.4981479351173852,-0.32451184709312086,0.17440092861451056,-0.17858764114255515,0.2553423828381419,-0.30783932506600376,0.3328824025493263,0.38318129188945593,0.4578253532326619,0.3437436622473393,-0.0033726765850573344,-0.09048279472917797,0.4971955874419691,0.40982303830102174,0.6130357929793725,0.437096987156743,-0.04177128647422673,-0.05696741018716519,0.49676980467171683,0.1480000607942128,0.09715012226556656,-0.10160921738392706,-0.050688603060926894,0.31994693024051096,0.5450499425508905,0.7531926760226259,0.6236967954796006,0.5315714147958487,-0.38049771400112153,0.7876385564187816,0.769357881657698,0.778768465887967,0.4668764170329506,0.2825223578315535,0.683578429783662,-0.38122930652082593,0.19872611981080213,-0.3600660904536339,0.3875287025785509,0.14607463438289506,-0.22173257318247389,-0.6001641696172064,0.483148367961438,0.33477231450817807,0.16308572529619403,0.2398405384079635,0.31021804241390605,0.13558994669687566,0.02966462573615106,-0.5494773639660806,0.10923181090234947,-0.21157073832137666,0.005637476401300014,-0.4354227985215243,0.218367151278334,-0.39130087491085935,-0.4113802910022045,-0.547763345662453,-0.007153062033486345,0.3471496444187102,0.0014748964105625398,-0.295752944109932
0.5262497421674117,0.7602115946024052,0.2999231381134929,0.7767896569160881,0.7980059341788287,0.4504334888377799,0.5385309674637795,0.8499855927513029,0.664235042847956,0.11964547810751233,-0.09880930848899981,-0.0013337009435081142,0.5398983417593946,0.473979010036879,0.7339352186948443,0.8874023720078037,0.44851214622486363,0.8577178506570101,0.582524901244361,0.0,0.7066169040829933,0.6198697082381251,0.784285788605178,0.36284575142770853,-0.5456620273050358,0.18205181172403023,0.8282303027437723,0.5120016242380673,0.5441956830129123,0.8075125356683681,-0.35498778571952555,-0.4822270636806997,0.5528213698253039,0.6720441954750392,0.7156842550972237,0.8842226786685136,0.33910291215208715,0.2103804425369997,0.649902332118251,0.24457129388044013,0.47374873199710843,0.005092427450237909,0.5229516445338694,0.25952792521578444,0.6735632885981656,0.6829416647383131,0.5329677886605718,0.5930217421225291,0.5326308507095917,0.49617710748515503,0.5338895920352854,0.8519775425220978,0.8525915256384561,0.8464691451779929,0.5316210935188721,0.16828035474347716,0.8524248792775112,0.6945692192533282,0.25923812795824547,-0.14193990188779756,-0.012884035363444232,0.2106988780285112,0.5647056079815017,0.4343891572288369,0.46109512259615265,0.6673827215312153,0.18167782623037196,0.34606407751009977,0.5093508433620967,0.8682911629322496,0.8037330640042106,0.6266150183342001,0.6599986201675186,0.27350831469034903,-0.1917820763441829,-0.06214271943443115,0.7817110081455911,0.5840148163294432,-0.10174882674172184,-0.45460459137440756,0.22266955965400867,0.38713049504423563,0.44759513035288767,0.3800835305488572,0.6738337923226185,0.4130419922253894,0.28987838852692915,-0.01240442806348757,0.806912017227395,0.138569085832841,0.23877076106471512,-0.5327988867210719,0.5624579002161851,-0.1643580672506025,-0.026291269111158002,0.049555449838689834,0.5666610876840258,0.5491704141557092,0.5470728466724362,0.3208407747595862
