0,1,2,3,4,5,6,7,8,9,10,11,12,13,14,15,16,17,18,19,20,21,22,23,24,25,26,27,28,29,30,31,32,33,34,35,36,37,38,39,40,41,42,43,44,45,46,47,48,49,50,51,52,53,54,55,56,57,58,59,60,61,62,63,64,65,66,67,68,69,70,71,72,73,74,75,76,77,78,79,80,81,82,83,84,85,86,87,88,89,90,91,92,93,94,95,96,97,98,99
0.0,0.15516623230360727,0.3473757137256605,0.5861121170221864,0.5600828190375323,0.6605139021458246,0.580229075246649,0.3090674091993022,0.5743460097552285,-0.35975087978812714,-0.78484143293902,-0.8650850153078652,-0.8443852777898238,-0.09801901472589372,-0.10727114990415101,-0.27038897086848973,-0.7198775619379063,-0.3533635114212556,-0.5373771795719715,0.6075710410985906,-0.3458905708446392,0.22897637627006334,-0.004173071358875365,-0.7729338788729202,-0.6573867391625428,-0.8352151709753337,-0.4596151473577166,-0.6522854174750546,0.12727853075986767,-0.44428151551633477,0.42567322339976843,0.4556047141831665,0.7423335674468263,-0.3018150754426085,-0.30854339650949864,0.687515847096876,0.694017059810845,0.8333949317150667,0.7562265826629297,0.7620397861858035,0.7971156988542033,0.2996585425664546,0.7378876883694767,0.24202067049010828,0.0056127666347178,0.42923393917576946,0.6817437201336973,0.7452654528624836,0.7627525509483655,0.7572552281539993,0.800425042566275,0.38555699133111,0.1347984961778184,0.5715927524689524,0.48679156891855346,0.6855612001302926,0.38849662048095185,0.15399708585505073,-0.4265703789265902,-0.6148713564595712,-0.7928158558850233,-0.7916926017278543,-0.5360022883679925,-0.1491501546173293,-0.5121431847790717,-0.3000938067809082,0.6927597205268362,-0.7759002042095193,-0.6608491601143482,-0.4721313298526206,-0.38433759921199323,-0.5331485951894018,-0.5894861954075847,-0.689138913275326,-0.763087586161419,-0.7959811136087389,-0.44381155379745707,-0.7391327757773873,0.5587157227031104,0.5152285858743818,-0.7677730613633327,0.5743753092229942,0.3973392666925499,-0.5415209203643456,-0.6768912333355245,0.5326463878107999,0.6422235068158615,-0.4622096724656914,0.33863142396969886,-0.39532124697169735,0.7872214756695032,0.5808743492500235,-0.025641309521481078,0.44870991460082965,0.31142075408354475,0.2342031409485482,-0.1663226573074423,0.7167674459495674,0.7231723260988733,0.7483004276904361
0.15516623230360727,0.0,0.7194992634165014,0.215554954463523,-0.08172484185910758,0.24882348076388638,0.4026173729489618,0.15281266420482406,0.14452883934405336,0.3233764651526985,0.12583094923145527,0.03058115600374751,-0.2017647570313948,0.8407676956461662,0.8737564939167082,0.7488941083318089,0.23255035475772018,0.7250126720265501,0.47813258972947764,0.6753695471991159,0.7510444037668591,0.10322987486745631,0.8045991227251547,0.18425970895049992,-0.032452176139023535,0.01584796655791268,0.03793889231631182,0.03140603878583205,0.5501116645159234,0.6027314512954548,0.40034989206033494,0.4367095952930203,0.18812991663618506,0.527506991302703,0.14174285399049769,0.3760984489377887,0.3484636586131729,0.3526137079377928,0.23989234058702238,0.20040974662113212,0.06002080660866086,0.3469950267790575,0.24251899133066282,0.030161243917495962,0.23603623308149654,0.21221971793620653,0.1754462113925198,0.1628694695923562,0.059616193612688884,0.061426481817374166,0.24856660958274032,0.7792151165954964,0.7072061032196031,-0.08123166472295955,0.5483758322701259,0.2574187256531451,0.08697757195990445,0.18890839818452043,0.4833456558898803,-0.5058095402640795,-0.10081011334825637,-0.3563956387960021,0.5674963736245271,0.5649311288838993,0.5448207618985819,0.8115325294075989,0.2343077334507184,0.18274768032064753,0.343911460042435,0.6411971958425303,0.7326843815617312,0.37174352956807466,0.4011042793235069,0.1359883551916932,0.0572641148675829,-0.06365696539464019,0.44391689621439917,0.22733990890501563,0.21840612774060397,0.4178706940657709,0.18847023122534162,0.6824152607775849,0.5467406977447499,0.3626240031984923,0.07700872197079264,0.7269859794255638,0.27819266639379553,0.10629899777060527,0.6508444055258781,0.44769889069949786,0.3764598386123607,0.3863475614767297,0.5363839000862997,0.25832378037379106,0.3829590040165133,0.016113697268193825,0.2041385287205095,0.36757243368595394,0.09869038995688896,0.1101440292051345
0.3473757137256605,0.7194992634165014,0.0,0.13584042256715761,0.17531786916810002,0.6909788375176481,0.6846998710655912,0.3969228663344207,0.5576736395165388,-0.10541954667913209,0.13492697803910791,-0.06405919275819608,-0.22610341469659245,0.6290058775731717,0.5906090682769904,0.3395460401263977,-0.12163141863430722,0.45286446902594785,0.08582836181131288,0.7167960881576063,0.4080736731198689,-0.11230926637359236,0.4949361574277733,-0.03419637364158448,-0.27756624884991643,-0.18956319915502948,-0.24627950617303562,-0.20213697578661882,0.6184240102218184,0.2942799754760042,0.24232708820744683,0.38247549284439963,-0.026390985861558375,0.20150903054057664,-0.2727285204470153,0.5872859027392683,0.5410303631355062,0.3158325519038083,0.25956266253946475,0.33270623123219195,0.2742156402487889,0.2535850578751498,0.3406313367536013,-0.09348681947734812,-0.035411022150200026,0.1773057518403976,0.3136956494283682,0.29668303265522145,0.39538954507781654,0.29190243668963245,0.5595046619768143,0.9251359288690465,0.6751567726392734,0.11237338026919244,0.7802874746859291,0.6694458023565526,0.4165637485153035,0.4990978376963242,0.3848053576224481,-0.6508033692996265,-0.28732323489272266,-0.2970406378336765,0.2874803734238163,0.07202538416019084,0.12551186612721973,0.42277741904927724,0.5366678962553963,-0.1382994410930192,-0.025703311554174928,0.4270634304194306,0.47237817050096587,-0.026666141743464405,0.015989734055079138,0.07265031655531397,-0.12056193896159746,-0.23441236237191682,0.30888303210533247,-0.08031738113980921,0.1675939068664772,0.5787375222044397,-0.06928097594158582,0.5870711856324222,0.37954140790628776,-0.04938662656501571,-0.1793868266908668,0.4623626125824242,0.5303978489208361,-0.16428607046737206,0.6710779283030845,0.49769345542696,0.503342178221628,0.5073908328722359,0.49140702441165296,0.3035992928418167,0.4730856765017551,-0.05281031168648342,0.023108564978501212,0.445972114974075,0.43795433681836177,0.31626206879185176
0.5861121170221864,0.215554954463523,0.13584042256715761,0.0,0.5874603863505171,0.3061246647362032,0.5615286101370927,0.7431715386764829,0.5185592428604835,0.23693177818249225,-0.5459089015153341,-0.44076846996669766,-0.3374733571499164,-0.13544976670439243,-0.07899093627190704,0.10715062483922477,-0.31444293432635023,-0.023572193629088415,-0.2248948038970295,0.21561318396661547,-0.18961484977390794,0.4240290622786403,-0.03404971401594492,-0.3614889051126641,-0.4319800069683765,-0.34157703844665643,-0.14481980986496523,-0.13283605017384628,-0.0885594411956878,-0.2264178747105906,-0.015536046627277476,0.01993250614755977,0.7941813559198303,0.014932468510180506,0.123152943459091,0.36459370568776556,0.16191079917486953,0.48761446075032405,0.517408234840813,0.4493769807081348,0.3792064077648042,-0.015861110281099367,0.3083575585565846,0.08121655501164456,-0.1313322014184933,0.2334587195352338,0.20520148943334432,0.2796214428959624,0.24281408731229956,0.2730132633116199,0.228639225037557,0.26492354789529693,0.3534918433487012,0.8226820937931608,0.3981499035521989,0.39544839182473934,0.6052736301137003,0.4019860085178368,6.4753731328054566e-06,-0.3208817403274055,-0.35198068472612987,-0.28445026590157785,-0.2446187571024638,-0.10827872093641569,-0.24581658164187975,-0.1619703306430837,0.5078967467392188,-0.361166784306198,-0.26946025084245206,-0.0843785964540478,-0.2008860290148199,0.05232083759382187,-0.2501074595370182,-0.20073825699601106,-0.2915709928475111,-0.3891279283244185,-0.26851127254193835,-0.2454245849639733,0.23259492135690732,-0.005468473327734099,-0.3029847624422972,0.4187205407116477,0.15735594060860641,0.0724501376498733,-0.1499087926709356,0.36646962761275803,0.2568215067084161,0.0015999381337815778,0.25655355918152034,-0.3311742092738543,0.4140184810034021,-0.0039290594714112845,0.25230939677485675,0.09889072564165699,0.2447169952564018,0.04437069886918646,0.02555004973875366,0.2678978010282522,0.23204140366383483,0.2796152801944992
0.5600828190375323,-0.08172484185910758,0.17531786916810002,0.5874603863505171,0.0,0.6742581408613961,0.6364696574769807,0.5363818719782297,0.7599828517414965,-0.14173580729450314,-0.29611082532602556,-0.40797212542749517,-0.30691138615480645,-0.06394987314052847,-0.10594769574732163,-0.38467981731148326,-0.4285799186062011,-0.20182507680927456,-0.3522745369580318,0.3747830394643347,-0.33146491576610104,0.5365948495772195,-0.05091119520551207,-0.5360468356336975,-0.5640369651899888,-0.49010288348991216,-0.3432262314650496,-0.33251320606525986,0.060824404862816435,-0.3165809850576833,-0.019873819211172428,-0.11996028536127819,0.5314378896613287,-0.08507819119413566,-0.06642188989699147,0.6100910426537834,0.5298881349955679,0.5336312242710569,0.6162554892013712,0.679293799285073,0.6413056304048734,0.10195175882211041,0.4819028853295217,0.07367453476210428,-0.22055776052226508,0.3122807669131083,0.5234290195005107,0.5267593231542783,0.6509567331980028,0.6375637780746851,0.5120125677929197,0.25395551823731277,0.2006966942149487,0.7186547553166639,0.6446216940650474,0.7097019488716395,0.6334139642697381,0.4046461066586509,-0.10144634115896296,-0.3515618707430347,-0.5394459455158028,-0.27622564774802205,-0.2874366895089412,-0.33045964179332155,-0.41720259956024897,-0.30192663426714267,0.6788982328277149,-0.5164542717183035,-0.49253806527547295,-0.26889940864308615,-0.3581205280255035,-0.18019391039861185,-0.47975021977772114,-0.42802512579334173,-0.4938411600467746,-0.5574021304126786,-0.34624592992355335,-0.4695962355577014,0.1747845564185068,0.1470110761146982,-0.5840461448217078,0.3977255199007881,0.09364776105224239,-0.30428418915118455,-0.4303298284256444,0.32647495002396987,0.6114692364284554,-0.22550645817817838,0.4518706524748824,-0.4695494593324673,0.5626618873691781,0.21057419420613155,0.1628068132484518,0.11317300834343207,0.1223265846831912,0.12334860017622047,-0.043192298926184286,0.4942520989193128,0.7025257905675877,0.6479567947847219
0.6605139021458246,0.24882348076388638,0.6909788375176481,0.3061246647362032,0.6742581408613961,0.0,0.7810179914381382,0.4866277904117094,0.9033714447125795,-0.4836250351123226,-0.23848172831440737,-0.49634202758712137,-0.47207598380108173,0.17448662189117142,0.10573924865375384,-0.3030143005936226,-0.6164900174216973,-0.07147787993524654,-0.45920012331215837,0.7517288253880859,-0.18258201459963563,0.27997274195611244,0.15900368040426135,-0.5699385310578403,-0.6841151561242523,-0.6383875615736182,-0.3463845868361871,-0.42755959843114744,0.3549808314104779,-0.2664974294714758,0.08973774770405185,0.12550059924213322,0.2591824713264926,-0.19467282618528223,-0.27329863915514196,0.8904684049309775,0.8333947523288127,0.5290150662890235,0.6116939889536646,0.7324786308747112,0.7669918886948233,0.12505279006191958,0.49841979580916984,0.05672212410143962,-0.17353644300749443,0.47115308489871516,0.7434264153438971,0.7376319510461745,0.8648396392688527,0.779749214810014,0.8372742554878184,0.6877064403744823,0.40517735770411123,0.5006421976330178,0.8871980446246159,0.985769008832392,0.6580259110406115,0.601831074379984,-0.07746862497004318,-0.7197940931727828,-0.7298951812884235,-0.45916898593484584,-0.25591064159143256,-0.385268068288013,-0.44830069667517974,-0.1368735368412319,0.8560789884308118,-0.6540763768703334,-0.5869954647580201,-0.11119690315398394,-0.13003995212280134,-0.380460571896368,-0.5432541877678385,-0.42811637709834394,-0.6249994485683665,-0.6867855752432928,-0.2650162278868367,-0.5914669749026834,0.13965878776483243,0.4138700175684109,-0.6363919846217123,0.5867573474186992,0.16722872455474289,-0.4563313906946882,-0.4706585765721488,0.4553838816875387,0.8158992579516776,-0.29159438584155783,0.640031394594274,-0.04229301850957046,0.7359807009555973,0.45148070423342995,0.2358983360427743,0.1787372022389714,0.17260535877432726,0.13850178483313208,0.06533296393012793,0.7465662700994807,0.8794275102328353,0.7695272530414384
0.580229075246649,0.4026173729489618,0.6846998710655912,0.5615286101370927,0.6364696574769807,0.7810179914381382,0.0,0.7165355010021675,0.7789970721396025,0.0508398135600297,-0.2201807131154039,-0.23154111779910883,-0.2192601377487439,0.25255716375318604,0.27982265233419856,0.11788065691184894,-0.28049652347541804,0.24610429482951057,-0.15354477783550213,0.6007670410910245,0.09029735595583833,0.3062929696090301,0.3422001258998748,-0.1753857318337056,-0.37878078800171894,-0.2710550441474339,-0.25785169714424727,-0.14362391060790072,0.5977162893970063,0.06005933074661879,0.02259690942380413,0.18905812581631093,0.34675631631206155,0.1538706186921494,-0.07448133139300338,0.6516962641566258,0.5840535015114323,0.43346770073385116,0.46928153488752333,0.5685874568828657,0.4240292581833197,0.14976545814156897,0.39469708402375525,-0.06261224972561664,-0.1716219243125139,0.21269268749351802,0.3771822809629649,0.4171279134344166,0.4996649395174624,0.3934848077730147,0.5585050536281583,0.6902530703952782,0.5702875496771561,0.5227408749382803,0.817765157019728,0.7861118433544212,0.6698436798355074,0.6293163399968765,0.2622019949936577,-0.5767348315719768,-0.4047675771117672,-0.2720943452562918,0.00037881803806289323,-0.21445393076951072,-0.13319226747129098,0.08011408622200723,0.6910556186601167,-0.3325078297022249,-0.23520928986062017,0.1939397601489897,0.16397294154101297,0.0012212798836299444,-0.16304178432950586,-0.019013545318869514,-0.24350248148573045,-0.34548311809208426,0.11702659239818271,-0.17958453024617052,0.12908329315048273,0.2817100977275924,-0.24533818352134792,0.4253488033004658,0.17130565398201097,-0.08113447815424266,-0.23334345187506764,0.42270230891250565,0.6791901372998509,-0.1269491204323611,0.6676419340805723,0.1536203516389203,0.5114291559267764,0.23218988784952244,0.35732440778788194,0.13511083629156914,0.3965951070938035,-0.03077964982581676,-0.052427142158372256,0.42830030816632386,0.5612838646635231,0.396058995489688
0.3090674091993022,0.15281266420482406,0.3969228663344207,0.7431715386764829,0.5363818719782297,0.4866277904117094,0.7165355010021675,0.0,0.7365446888861314,0.060698036590102616,-0.14648725122904935,-0.10409134867418424,0.033736927893395476,-0.10419418832179012,-0.0835639565378981,0.045705626834635804,-0.3006983029464626,0.11948734497879074,-0.29324366168187144,0.15681884843699792,-0.17210384812120189,0.28272505868884124,-0.07405351221605648,-0.13609233568763418,-0.42832123273286526,-0.12090056930562226,0.0028811188297374396,0.12871861097091644,0.03477971783104646,-0.19023802781179627,-0.4325485260973111,-0.24562073962212536,0.2730058220254402,-0.051434946676128954,0.11933437378069545,0.40173097468753294,0.11375975453968233,0.07111290566941997,0.28119886289407786,0.29669350700196584,0.25708640761904006,-0.3155991172981561,0.0018882160750464633,-0.11798187358480422,-0.33604457372330604,0.18966491099773444,0.12780237836920078,0.16472959407563267,0.20494755663729808,0.14329202101108204,0.2050645092361533,0.4759255199161227,0.5284224569793909,0.7775068020911686,0.5703511068295529,0.5462713674811991,0.8551464191526663,0.8546355378132344,0.2521813256662349,-0.36237816352968,-0.2365124720632197,0.09107490741763766,-0.13680289799770168,-0.46134038572873715,-0.3106230664542553,-0.17703274557501958,0.5805975313749528,-0.28969780266255274,-0.2647566579407854,0.17278955640947455,-0.06329336189698001,0.0833417822701087,-0.2684929321821746,0.11878678228562711,-0.11932442220664391,-0.22341155348787162,-0.14222652132829042,-0.11949407760577511,-0.19914761577601395,-0.10072028080698602,-0.13357012284487868,0.23538836432935653,-0.1723673581528183,0.14005679131792745,0.11917915389090843,0.060501883935734364,0.23020924519631034,0.17093885831610262,0.2843580510986684,0.08620323545828266,0.25147387599259935,-0.22382593646945512,0.356532164584111,-0.19902158923293775,0.17851986004717335,-0.08688884520664418,0.19590972216408248,0.12153461401031054,0.19625400581282368,0.11073322717886913
0.5743460097552285,0.14452883934405336,0.5576736395165388,0.5185592428604835,0.7599828517414965,0.9033714447125795,0.7789970721396025,0.7365446888861314,0.0,-0.3780945445903693,-0.2613438624970273,-0.4471616174649041,-0.31923084620251846,0.018909853351910196,-0.025591379037003134,-0.30089995776272216,-0.6061302295521556,-0.08724314858079238,-0.5115743623865909,0.5857175153855972,-0.2905751536107328,0.3963183703035995,0.023161961838481692,-0.5377880121701427,-0.7277842634453136,-0.5401739245426931,-0.1387976235730847,-0.1899091338618958,0.19904829881548616,-0.32526896829733665,-0.12800984360607506,-0.15262745364152716,0.31633638062648356,-0.2410670876269056,-0.04916219724113555,0.841425414773924,0.6656268190061834,0.3894951925262796,0.5259957030727712,0.6106543952713409,0.7014306950633604,-0.06835175237778805,0.3387239475581506,0.12566215326647517,-0.1708173933231567,0.5234264111339906,0.6332199373794819,0.6538390197010308,0.7514017359187444,0.6830746633526042,0.6366766380833333,0.5960769312428457,0.38976273614075946,0.6795261187970695,0.8388560949346864,0.9265661015798816,0.7909163345465647,0.7783037330356598,-0.07668597588732802,-0.6492192342017439,-0.6466293334417247,-0.2590336379109531,-0.2657578292774461,-0.4909655826519361,-0.511313987980954,-0.2301691512767168,0.8291483826048228,-0.6293221780176904,-0.5871393636990637,-0.08810739778882513,-0.19549005521694712,-0.23626694016686667,-0.5506178904204383,-0.34100864812457454,-0.5595546050773971,-0.6255806666848509,-0.33863654818506894,-0.5021923238064504,0.01582434171074055,0.14293711444325533,-0.5660034761101106,0.5183860884049586,0.03787846424654447,-0.24777847923734836,-0.23618111928274935,0.3619409972706945,0.7205208711516624,-0.023771874263859925,0.5738699154084856,-0.07006859068584279,0.5894652523311591,0.18835607437477736,0.2132640428909233,0.028150817767162842,0.0998460750928222,0.1988100605241681,0.2288431674983207,0.6259332122827982,0.7555358133610253,0.6624519702188847
-0.35975087978812714,0.3233764651526985,-0.10541954667913209,0.23693177818249225,-0.14173580729450314,-0.4836250351123226,0.0508398135600297,0.060698036590102616,-0.3780945445903693,0.0,0.24325098753416577,0.5677833938502069,0.49510298632270733,0.32555561129318894,0.4554528222159651,0.7708199506892491,0.796002770415107,0.6183740200046296,0.7668386127061997,-0.26628689634778896,0.6132554336171105,0.09389629330457105,0.3943662016280586,0.7088776677840062,0.6815537407631318,0.698464123245103,0.14557756524408916,0.4450021692320414,0.3117636468496209,0.7157600264831945,0.034971361716420714,0.0291966283596432,0.0945562198848312,0.760232072396176,0.3760574350750679,-0.48773197741302265,-0.4836618536046782,-0.18608377053659914,-0.3245107429194377,-0.38907723860498744,-0.6706357703867212,0.17305577652460535,-0.19967160185552676,-0.1392806019846823,0.14946676135504883,-0.48672223457237235,-0.6657307542244424,-0.6250362035377575,-0.6767793055204566,-0.6721921360450134,-0.6216606156372655,-0.10314993313392969,0.1710194986546564,-0.1909946478136957,-0.16797746956765314,-0.47487675076778435,-0.2239463096641044,-0.2137755704506934,0.6232980378254694,0.4067695105015046,0.6846471422717059,0.3587037930110691,0.6495718860839806,0.5510660228841909,0.7495707564068139,0.5511260104826251,-0.4673478604335849,0.7335511403392088,0.7896484809295125,0.5666174344849784,0.5767137952426592,0.7884225510128502,0.7987307572589657,0.6573173463622469,0.7300350640871942,0.677112573617319,0.6983016171401203,0.7989810399484171,0.06631335920109,-0.294100363982198,0.7376155835873838,-0.2011599495817886,0.1465630152865207,0.6989904503430573,0.37453416943915757,0.03791112010680111,-0.305689493128261,0.281584803500678,0.07773258504382881,0.18285804420955132,-0.4531026329223913,-0.3195381762617394,0.24487785407758003,0.006453100712164541,0.24349967341681816,-0.22098511718186997,-0.1958446403880917,-0.5356165808814038,-0.5640673922060675,-0.6089544030602781
-0.78484143293902,0.12583094923145527,0.13492697803910791,-0.5459089015153341,-0.29611082532602556,-0.23848172831440737,-0.2201807131154039,-0.14648725122904935,-0.2613438624970273,0.24325098753416577,0.0,0.8623998999664511,0.7048428842381991,0.4435238847408459,0.38212273175420736,0.27870278563546796,0.628454514745979,0.47219196131304053,0.5590728791096949,-0.23184472343887694,0.4865138505861952,-0.25940135909710527,0.18205347916281722,0.6704365995869945,0.44972340347532097,0.705263868071418,0.212523306056131,0.42914455476067775,0.14056342825337098,0.5544608192761462,-0.2824556712422424,-0.22615872357412295,-0.763130893745837,0.3652520377089629,0.07477328229583165,-0.3442216510668211,-0.36310846694725485,-0.5555961736101943,-0.5340035090249915,-0.4511769971355126,-0.5609375616412654,-0.062275464083373026,-0.4154008980541186,-0.3068869763350832,-0.06357138359754451,-0.3505412369860781,-0.45002517837942063,-0.546413337360155,-0.4354461130198285,-0.49201066101363194,-0.4265659701908236,0.04123166223010299,0.1519010072981477,-0.4704662930633615,-0.043798188560049515,-0.27098620048909405,-0.1562340983991611,0.04059879242483965,0.5694321326828321,0.3647536055416634,0.6029059755482536,0.6072379058452628,0.6620733578416106,0.18019369574225794,0.5408956847374357,0.4537016371282853,-0.36493616362285514,0.6460981521039517,0.5691700837098542,0.5732267027282667,0.5250962495351955,0.4159699187314259,0.49743457645776595,0.6263548554413928,0.6381732384878763,0.602602546354686,0.5284037634257339,0.5964809617992235,-0.44027990383739346,-0.12252301856104264,0.6114652295173926,-0.25024916288808857,-0.17003229699939945,0.38108331560938535,0.444475178301476,-0.32446940164518207,-0.32048634312761715,0.23582275108697026,0.037755544603052756,0.46780216876414965,-0.4548047614581334,-0.2123822565887804,0.22023040726525803,-0.22780414517841205,-0.043675580230072515,-0.282748151086035,0.08837432197915795,-0.4559015440131811,-0.3516050462491907,-0.4655459779463421
-0.8650850153078652,0.03058115600374751,-0.06405919275819608,-0.44076846996669766,-0.40797212542749517,-0.49634202758712137,-0.23154111779910883,-0.10409134867418424,-0.4471616174649041,0.5677833938502069,0.8623998999664511,0.0,0.8952091697558513,0.2975507321015869,0.3178374557477664,0.47445382514452833,0.8459326813220003,0.5736405512139515,0.7000262896809817,-0.49521075110539,0.5468759025764174,-0.2340524230767846,0.18496735422729313,0.9218580854254079,0.7575735954050389,0.9478563062290922,0.25483954340115905,0.6042066061291744,0.18135521966736845,0.6644414368077088,-0.37004905903767227,-0.26346376535165433,-0.697484098548542,0.5600054748239284,0.217184487571808,-0.6418498039152177,-0.6454498088464349,-0.7249255555406388,-0.7019624903814632,-0.6595007622842025,-0.8552960999901238,-0.12164147731730832,-0.5645223709806034,-0.39339319765429703,-0.06634362979356237,-0.6106861430854588,-0.7641198410284495,-0.8230106436728105,-0.7650436574593825,-0.8222280876075972,-0.7045756003553779,-0.1505059760714538,0.0990970223610557,-0.49507156528319657,-0.2658390796909089,-0.5315518890541521,-0.23509931199386397,-0.052897348272376694,0.7163300414881615,0.5819147398257639,0.8711306140105732,0.786647131558917,0.6974856052433624,0.2112660732030242,0.6628650410024632,0.4494944088423375,-0.587920864052727,0.8576008080731192,0.7893737193642701,0.6649326256282213,0.5852700981844964,0.6509260831127048,0.7287962158493649,0.8724480970920789,0.906632304495594,0.8958907459680316,0.713697089214636,0.8586793995190403,-0.4510133377677665,-0.3321247148832323,0.8808977036067216,-0.5126839131854748,-0.2476247423858786,0.6060316775417559,0.5806867454990714,-0.46334876221149757,-0.5313832414196141,0.326985834994322,-0.12127337949645721,0.5063461935174682,-0.7052887551508281,-0.4630432419721554,0.20450998428714726,-0.29439059208450963,0.023337307692964805,-0.40312772780649203,-0.06265415447017611,-0.7650614164679854,-0.6658811820537942,-0.7971779862862326
-0.8443852777898238,-0.2017647570313948,-0.22610341469659245,-0.3374733571499164,-0.30691138615480645,-0.47207598380108173,-0.2192601377487439,0.033736927893395476,-0.31923084620251846,0.49510298632270733,0.7048428842381991,0.8952091697558513,0.0,0.01913456873567562,0.06591454138646204,0.29333222105148316,0.6829753809458879,0.3923044918198049,0.45440226997446415,-0.6108574608144934,0.2810731223248882,-0.10913939211812633,-0.005948491211257562,0.8007953985154891,0.6541657059890443,0.8837371147994706,0.44084280568845435,0.7558424162693737,0.058725674001442296,0.4579737309525694,-0.5537735407388915,-0.518065795206344,-0.6380575707152055,0.3479032739536707,0.38944665997711525,-0.6026897449007554,-0.6559429533453249,-0.8511987424754999,-0.7154585163763652,-0.7127194135772196,-0.7916104044534886,-0.3216092390722562,-0.6850590870639485,-0.23869230702815117,-0.032921546132738,-0.4583424537813812,-0.7209021568543503,-0.7387604738843854,-0.7224506065979365,-0.7784567448210234,-0.7628254357504415,-0.27349532570494467,-0.029639800840824914,-0.3603028193595275,-0.29709727021609167,-0.49765042347452154,-0.16091982578283062,0.09886684758075975,0.5709314590541443,0.538939436114622,0.8053385614003005,0.9601943349440274,0.5217995495872734,-0.06704719105601399,0.41918622939859496,0.20620352240153994,-0.5713902530036755,0.7163085317312536,0.5985647966586574,0.5179545606317054,0.3733590390796946,0.6123716049950793,0.5514141992421782,0.8128520338860008,0.7958146024048433,0.8338765880798353,0.5181341737952952,0.7828032529200527,-0.5560347126866155,-0.6119727365597464,0.7814142161431317,-0.6501949196569314,-0.42041310319258146,0.622766827056587,0.713224129529519,-0.575358966698265,-0.49861819420393516,0.5209670742215915,-0.23717312331239832,0.40339237841407594,-0.7926815201439271,-0.7081328233879989,0.08128601049524428,-0.446254855196,-0.1363514266842583,-0.21055403946136955,0.11262089053457404,-0.7641735746071143,-0.6551851190100889,-0.7829218341002387
-0.09801901472589372,0.8407676956461662,0.6290058775731717,-0.13544976670439243,-0.06394987314052847,0.17448662189117142,0.25255716375318604,-0.10419418832179012,0.018909853351910196,0.32555561129318894,0.4435238847408459,0.2975507321015869,0.01913456873567562,0.0,0.973372159845359,0.658707755757638,0.4785602750457997,0.8061075174638493,0.6993640381559786,0.6078375211942411,0.8846982957374856,0.07562101881840232,0.884681343825216,0.36162494617640434,0.1425508809513104,0.21152980556907644,0.027399332558306518,0.09882977907675666,0.6495381663069499,0.7860126166465177,0.35370436056754584,0.27726452000669205,-0.1150921309959823,0.6618556737042518,0.11560495733511673,0.2625892060220742,0.29023749355609163,0.16944727821149483,0.001110103601881541,0.05535816746030005,-0.09993672794535914,0.3485028764126854,0.13315884787741805,-0.09787915999392695,0.21319686955076572,0.041201894965597355,0.06721088124541004,0.016527666099658837,0.009776849841357887,-0.008215624979892314,0.13123790643013578,0.6222635585162413,0.5840081840162904,-0.337083016191158,0.46058356744026185,0.1668054310537249,-0.0764557325404958,0.016199613712957483,0.5718528875801668,-0.26651054960146825,0.09454545783796951,-0.19241300322295785,0.7841872855455613,0.6773773432019874,0.7369579193652331,0.9249067798436817,0.07900839090881819,0.42588276606305103,0.5369013030937062,0.7296820311887592,0.8503482247998883,0.47576535863532954,0.5806377755800594,0.24395092862121892,0.2490249740406563,0.13527827788414865,0.6322698664940268,0.3983417225738758,0.099543832565303,0.37077832100666985,0.3329713309502684,0.5307072175945714,0.45381037922392314,0.3802606484779178,0.1096323855913507,0.6000478417211782,0.24205264220750974,0.08711356025640486,0.7250908450227186,0.48099820846308183,0.20170657736210448,0.35884271521332184,0.45571450811575503,0.18343823183753502,0.25306279230572887,-0.09099285215033596,0.11750039140506283,0.2575979439667751,0.11866494259390768,0.0677723237718746
-0.10727114990415101,0.8737564939167082,0.5906090682769904,-0.07899093627190704,-0.10594769574732163,0.10573924865375384,0.27982265233419856,-0.0835639565378981,-0.025591379037003134,0.4554528222159651,0.38212273175420736,0.3178374557477664,0.06591454138646204,0.973372159845359,0.0,0.7695756053608984,0.5371874002695899,0.8521997394077938,0.7358324520463612,0.5685241290408221,0.9272902437653834,0.12474981453367978,0.9306580100022888,0.436750494044211,0.22972416558598563,0.2816175369424644,0.10498871868625818,0.18945597864190997,0.7032226654423819,0.8537980030856382,0.38621672328978884,0.303694772789337,-0.04611440067622106,0.727776102926238,0.22949828966761204,0.20388013052192816,0.2552348717755102,0.16333597535984778,0.001464371542935995,0.015342874580542152,-0.16848974655344243,0.3979917223382348,0.1323523016799083,-0.024678291685874754,0.3053088951215304,0.036873770667240735,0.006548103676487171,-0.026427092069531734,-0.08452908568543159,-0.09721296723799969,0.03894603516388113,0.6011080575603482,0.5659819048623372,-0.3711809907154282,0.42394034399499597,0.09018468978743144,-0.13701856954245212,-0.0008965756926221934,0.5998406503921889,-0.2651667938437236,0.15717567201077504,-0.1487668569692288,0.8204854356437907,0.7054086950788772,0.7847693222339474,0.9612767093377079,-0.004919732818959853,0.4693284712103558,0.5936273848583475,0.7619173231053461,0.8967590970463635,0.5677754782423603,0.6576482551541742,0.3100607783105702,0.30242591525270107,0.20252281185803073,0.6957436879676633,0.4872301525339401,0.14448464722607987,0.29396664700398084,0.4112228996504041,0.48187764494754776,0.49621236233877697,0.47953620586212,0.18027689532732602,0.6261530790302983,0.2302100255467987,0.17400047155290452,0.6866850824008726,0.5154456066135927,0.13194841497642948,0.2995150994328195,0.45975076552958233,0.20720162523147315,0.3149449564624645,-0.029895375356561782,0.13099827197011663,0.19609750613112664,0.019644364307147506,-0.02637170592771654
-0.27038897086848973,0.7488941083318089,0.3395460401263977,0.10715062483922477,-0.38467981731148326,-0.3030143005936226,0.11788065691184894,0.045705626834635804,-0.30089995776272216,0.7708199506892491,0.27870278563546796,0.47445382514452833,0.29333222105148316,0.658707755757638,0.7695756053608984,0.0,0.7133533320352898,0.8591201410590347,0.8005812296911664,0.10165176152124654,0.8738153155085289,-0.03311948376670583,0.6932399815624405,0.6883245794618313,0.5384048160158873,0.5621375467360616,0.17183763771221755,0.3744706190970962,0.47175440183753325,0.8391313325032729,0.2285446869004905,0.25248217145972557,0.006552888713039916,0.795802089859841,0.31572458171967405,-0.24872561767525922,-0.25847995541768604,-0.10843132173633295,-0.23729081849577674,-0.3278057297084253,-0.5538957846371316,0.24098094393626757,-0.10739508882572285,-0.12535618770363766,0.24973204141662433,-0.28346117201359255,-0.45535067878563235,-0.45004225205656156,-0.566866908329676,-0.567960095382865,-0.3701184565502577,0.3555291434443431,0.4845772150277761,-0.3251477878698562,0.0564199454759487,-0.3086169917677325,-0.19786135610113328,-0.06542173821637937,0.7078150066172472,0.013195762335467437,0.502370896840497,0.1364692329058459,0.7484279289114908,0.6559342793847194,0.8180119866108744,0.8355015693451148,-0.31993016035198935,0.6639631303525264,0.7851043724148741,0.7972054372350865,0.8466249778732736,0.730469476295579,0.8168544584500473,0.6021591007494853,0.6144160084812665,0.5357533946482937,0.767196347826357,0.7282918793629507,0.10626755355885216,0.027110803115306985,0.7199070139540844,0.14486384429876356,0.36442641310437174,0.7161967210443738,0.38346869658908317,0.31048660535560474,-0.221107592860884,0.28609504523077145,0.2731850438246118,0.5269422296140733,-0.20720682829797485,-0.05169630791446863,0.4398304954557773,0.1334517393638484,0.40312724153022844,-0.18348699269866847,-0.005463645005607008,-0.2742204964079778,-0.49894388976734744,-0.5112346622549658
-0.7198775619379063,0.23255035475772018,-0.12163141863430722,-0.31444293432635023,-0.4285799186062011,-0.6164900174216973,-0.28049652347541804,-0.3006983029464626,-0.6061302295521556,0.796002770415107,0.628454514745979,0.8459326813220003,0.6829753809458879,0.4785602750457997,0.5371874002695899,0.7133533320352898,0.0,0.708188580237916,0.9420964006655036,-0.34394400034380035,0.7696066618905858,-0.10957260177702122,0.44915829676730273,0.9115394588167302,0.8534302053748297,0.8869762853059645,0.19093393891083746,0.5047286257885159,0.2944909059257467,0.8552370789176577,-0.021914713195430542,-0.07625435999177556,-0.3861014378454276,0.8105227127287774,0.2898631083831139,-0.6494798310832454,-0.5956555380662109,-0.4825177748757323,-0.6330628756578391,-0.6276218421236426,-0.8670529062417176,0.10730937547283675,-0.39702458930625223,-0.3053792957084858,0.13625699887155066,-0.6237373341775341,-0.7634314491017019,-0.7923302246420048,-0.7953640652096744,-0.8012846798637755,-0.7343153129583824,-0.1940766924333913,0.07007565174300913,-0.5891000914776731,-0.3327811503698914,-0.641573598251197,-0.45348876834306356,-0.37137872333614647,0.6790189991519302,0.5897201006730783,0.8757596236400065,0.5177674154145515,0.8125970112340005,0.6238374016791516,0.9054894457030807,0.6826579982121515,-0.6825624123899665,0.9665091840996386,0.9742572934395316,0.6961313357121232,0.7256413089850551,0.8050883350163568,0.9491168816967308,0.760565745085189,0.9123925985066845,0.8858835994716272,0.834941553397743,0.9338881218109714,-0.14453030733424763,-0.2684981157072384,0.9162692583904738,-0.3338679477425325,0.03498461832343909,0.6977580793907154,0.4642073554903192,-0.14334582195053813,-0.4943270451678674,0.2808068150208838,0.024287891487745652,0.3789416260042319,-0.6368429788259643,-0.3048212966656964,0.17817586293373494,-0.08463923916243639,0.09108403248972505,-0.36219108356240576,-0.1817597594449819,-0.6588693000506837,-0.6664601269427328,-0.7294535256908589
-0.3533635114212556,0.7250126720265501,0.45286446902594785,-0.023572193629088415,-0.20182507680927456,-0.07147787993524654,0.24610429482951057,0.11948734497879074,-0.08724314858079238,0.6183740200046296,0.47219196131304053,0.5736405512139515,0.3923044918198049,0.8061075174638493,0.8521997394077938,0.8591201410590347,0.708188580237916,0.0,0.8153576574811751,0.25905561674140964,0.9289906241234697,0.1624402766806981,0.8306838613759949,0.7013660206881308,0.4141208982347189,0.546825008735918,0.16560114557222827,0.420213999078848,0.5528808436873647,0.8495044981608402,-0.026629423568525712,0.006495010455153243,-0.18347107669148885,0.8634804342466113,0.3355147610260517,-0.0490561082862835,-0.10573656900574799,-0.2220340746960353,-0.23351797750043807,-0.21037360961095036,-0.4491847295999506,0.019439904659298752,-0.2585431509190226,-0.3461821818825112,0.01028232268482093,-0.2303019280665489,-0.2938356503565925,-0.3445941386444417,-0.40224077432601013,-0.42272106167856566,-0.2296558643874719,0.48664413929743866,0.683281592617489,-0.2573013589489495,0.30061667248256563,-0.0709415712418494,0.04512769607806579,0.17118739543577427,0.8571458825446004,-0.06187507942269398,0.40203945999023905,0.18351772880159642,0.8163143449928266,0.519362387158548,0.8090475500426786,0.8903151503223473,-0.0872027070624808,0.6827244989307103,0.7729158359089513,0.9678415287242031,0.9191643984794139,0.7996313199427129,0.7880237830395661,0.6192596501760503,0.5967794064703315,0.48084870972313926,0.7630043196795825,0.7181198977198107,-0.20866598862477875,0.004748470154494153,0.6837378810810311,0.22983147577799823,0.13488430904174434,0.7039809548014138,0.4224717705645325,0.3389066180989803,-0.10151718550693718,0.3033328943536927,0.5362183433919925,0.6229600685325276,-0.10835155239602735,-0.13443668083803487,0.5762961081727223,-0.1482377073856553,0.17904088706619833,-0.3418187206076073,0.12321507640324345,-0.14189679528284319,-0.2949307905881732,-0.3611636430786139
-0.5373771795719715,0.47813258972947764,0.08582836181131288,-0.2248948038970295,-0.3522745369580318,-0.45920012331215837,-0.15354477783550213,-0.29324366168187144,-0.5115743623865909,0.7668386127061997,0.5590728791096949,0.7000262896809817,0.45440226997446415,0.6993640381559786,0.7358324520463612,0.8005812296911664,0.9420964006655036,0.8153576574811751,0.0,-0.06688976027823225,0.901668536697065,-0.06593433459617357,0.6406475693198261,0.8018416281252112,0.7148469621095453,0.7153035302989579,0.0643930959916317,0.334005582210142,0.4058545180848796,0.9079383228479715,0.1574753544738634,0.09046065915325646,-0.24738111692049908,0.8860570985591537,0.198616214201919,-0.4455849434348424,-0.3885929215273613,-0.25393773942234055,-0.45828021987191797,-0.44161961841895553,-0.7011907779708346,0.21056124407197516,-0.23626519012415054,-0.3239649626911535,0.12133885623906449,-0.529115267687785,-0.5866873476072296,-0.6287544385145327,-0.6255041502797496,-0.6201945360930897,-0.5144443975896874,0.029528362511223868,0.2595336856288363,-0.5278494994117856,-0.14045911625381502,-0.471046850763049,-0.3811999602560928,-0.3623115854105331,0.7062777277195215,0.3866710267195166,0.697163999441812,0.2489410074779945,0.8594530151498032,0.7779723804591512,0.9691912670271875,0.8382997727626924,-0.4947182273475845,0.896574927298301,0.9561044861197778,0.7582570455228419,0.8241267571126897,0.7678176556088168,0.9435185858771938,0.6346061210626704,0.7867929302385887,0.7097448584758552,0.8466960831966831,0.8358131907399485,-0.01650860716309715,-0.035551990876108615,0.8062515078045986,-0.052540656029038624,0.19668588828098524,0.6302103657886122,0.31566621558531444,0.11857579407138144,-0.33566416759629986,0.15472908814629194,0.2512657294252128,0.389582736409421,-0.38289699589858883,-0.08326967209032714,0.3081075143987272,0.021992155057483576,0.1562469310542494,-0.37927588941331497,-0.18877924371142105,-0.4242277458512252,-0.4871715551708669,-0.525959691736484
0.6075710410985906,0.6753695471991159,0.7167960881576063,0.21561318396661547,0.3747830394643347,0.7517288253880859,0.6007670410910245,0.15681884843699792,0.5857175153855972,-0.26628689634778896,-0.23184472343887694,-0.49521075110539,-0.6108574608144934,0.6078375211942411,0.5685241290408221,0.10165176152124654,-0.34394400034380035,0.25905561674140964,-0.06688976027823225,0.0,0.28255630200399867,0.33845723161435315,0.634122809166544,-0.4153678261235144,-0.5702628376202948,-0.5652510498862708,-0.13010559443735395,-0.3124684552470694,0.5344213885934156,0.12477412188105463,0.42187443210597037,0.35095273566582774,0.3488241721011552,0.0857000797981861,-0.04086788554130814,0.881536784692546,0.8890068618693014,0.6671523919014997,0.5861466458078584,0.6647803546714965,0.6684934351060449,0.31052023691621783,0.5150212756260389,0.18438506846543304,0.15865543868554474,0.5957910487961083,0.7579295714525608,0.757480189730931,0.7304980539096438,0.7190434908767294,0.7597124231268707,0.7645530847863259,0.5039358684199446,0.1672552624080875,0.7896046139704725,0.7617507498062265,0.2991193653212981,0.3006742797223218,-0.02715683593805825,-0.7849385194856259,-0.6733380238738119,-0.7079976649921876,0.10789193246351636,0.2094968598769245,0.011758418722061863,0.38806902548159394,0.6809322813024251,-0.38457230745571647,-0.2522325577103885,0.15568234336563183,0.2822512442082125,-0.10421316649136034,-0.15655115538352218,-0.42618704991243705,-0.5378738149703924,-0.6293877881470373,-0.027111262039447807,-0.35954015021704755,0.2770206464822975,0.521343526078281,-0.44355782360592555,0.8545756383541766,0.4658139613016608,-0.16731589292913435,-0.31415959774843566,0.8614611669371453,0.7857756589650275,-0.11809182629358643,0.8443536999923572,0.13221689429883515,0.7529089035350187,0.6130527285188434,0.27370731661587694,0.27442137276400974,0.16570726839115726,0.22371465368812676,0.23397009255814852,0.8811735491072119,0.7579186015677793,0.7478522159395675
