0,1,2,3,4,5,6,7,8,9,10,11,12,13,14,15,16,17,18,19,20,21,22,23,24,25,26,27,28,29,30,31,32,33,34,35,36,37,38,39,40,41,42,43,44,45,46,47,48,49,50,51,52,53,54,55,56,57,58,59,60,61,62,63,64,65,66,67,68,69,70,71,72,73,74,75,76,77,78,79,80,81,82,83,84,85,86,87,88,89,90,91,92,93,94,95,96,97,98,99
0.0,0.7440419939779098,0.6933645181569221,0.570498900437592,0.6771001008137428,0.6793755243503173,0.3301332464306545,0.612503321535126,0.6440920893372872,-0.038168897279697765,0.26235783011692543,0.0764291307102364,0.3502712307563608,0.18641264589851547,0.30287579652673907,0.29875763852064247,0.2587010536425369,0.3910879299451173,0.18615516933605142,0.5557678595397584,0.2967603150435922,-0.16219441706600138,0.027904536290536016,0.1449062874843385,0.15964222232165745,0.08924767415642518,-0.09767108324600579,-0.38088121023902355,0.48100581294146805,-0.19647051018210882,-0.40448846052187143,0.1978463876574055,0.4313805926014599,0.26681677357547245,-0.18615819992630597,0.6277353682751008,0.6011660082808361,0.10664504961312686,0.10521517948020907,0.04209990402005207,0.35455746791610787,-0.18417086229029614,-0.06181913961220664,-0.4069841000101382,-0.1431206789343098,-0.31743524573721493,0.04582015669547314,0.27572914467394893,0.8360501115102458,0.7359734491614709,0.378823382440577,0.6692813811222126,0.3076669806035861,0.45992633481803785,0.6801857053914848,0.5926829852036447,0.46581810977071303,0.6075675924837601,-0.03902760731133797,-0.0008369725973571383,-0.27452443542408045,-0.007754873807392645,-0.013152402686753524,-0.011979993279042955,0.15523503821283413,0.2508680206929113,0.14261875660525977,0.11204580167672909,0.18176953534423057,0.4689439383251008,0.3502247532345265,-0.4577706385559877,-0.01264856150227773,-0.06941199378927132,-0.17817109761868313,-0.30304649208389034,0.42899739925680647,-0.177998173583505,-0.3474646715926537,0.10524006926052888,0.0020693946442443506,0.22242871923404986,-0.5084871506476973,-0.4993528776892406,-0.3517417074689089,-0.2947161685474423,0.44146512439793756,-0.22732469785987064,0.6159278539027172,0.029408827467079336,0.2074216471922226,-0.21712697781859083,-0.13304914336352952,-0.27675824794329357,-0.381357023609522,-0.321176348154816,-0.37459521353099706,0.142917798085429,0.7641214822917458,0.6575370861782193
0.7440419939779098,0.0,0.9212606031760663,0.8270869943120114,0.9619575645465608,0.8869179609766769,0.4721590201360255,0.8920851890835129,0.8413374165348406,-0.13270663349556888,-0.026932791691312477,-0.16437194249855683,0.205878254619841,0.14420553719860676,0.284629175038331,0.5427105575076755,0.25048397067377337,0.4794425140619155,0.26850607008920513,0.5270795416015386,0.3938034373388639,-0.3259180867397189,0.05324754078633221,0.19762154212121152,-0.13296118617637762,-0.1490547689753343,-0.10719162352114639,-0.4742983926234455,0.38095394061775895,-0.4902936272662265,-0.3471273577774626,-0.08634630244730915,0.5209914145324298,0.23152427756874178,-0.30682830144432216,0.7325591686127115,0.33751381374629325,0.001272652429664608,0.04671705967135693,0.03968758196478392,0.2089027010611046,-0.42054412255900353,-0.24754415240398694,-0.4377110607422655,-0.22434344417816324,-0.18326407942848277,-0.060527900956478066,0.08728247502542619,0.7897220273632365,0.5629866379627484,0.6032106051101147,0.9175259941857109,0.5800444667995612,0.7645120339160927,0.9205982346655435,0.8275779854670385,0.7829289538415614,0.8454020693773066,0.14421026133200013,0.13405315467902784,-0.1859883376130224,0.10875911916450433,0.0482173951549351,0.12753267976611488,0.3249405426855428,0.3133094642707828,0.4246053677369646,0.2502773965660385,0.3545987144122741,0.5935250563974312,0.4691902516262801,-0.29752698701954194,0.16330607826395852,0.20662505838649614,0.025325579000127465,-0.2488795296158578,0.43795167438871346,-0.49915314984145476,-0.30133599375489023,0.1518915390458227,0.22461406771506906,0.2566487052828892,-0.4772823736342842,-0.2821460471233187,-0.19218457836939537,-0.22059435037012795,0.2201978365882326,-0.3599267570584037,0.6124230422279732,0.25145616913737,0.3087643096899773,-0.008287908864124695,0.0739420073336598,-0.3628797782378102,-0.2874149904443026,-0.33161034812274853,-0.08364691991969567,0.06505495114985291,0.7425448717718252,0.5448474557136422
0.6933645181569221,0.9212606031760663,0.0,0.64297030281506,0.909776009931405,0.9676655917667698,0.3665507565501074,0.9023861975663515,0.9332694744680173,-0.11440364241145294,0.030293316614212563,-0.0629906100234894,0.3486225004609665,0.2339250844090617,0.415122160172336,0.30617026333455377,0.3612336278832456,0.5232897475258506,0.38682183798391345,0.5293585362485813,0.4816335870563137,-0.31715281714422594,-0.0002398609925780751,0.2520428498893686,-0.09599594752883046,-0.10862880120208097,-0.1966833322235215,-0.5013514768959009,0.43229228577973106,-0.5894576550598927,-0.3071477352439693,-0.21180105711510688,0.35522255872961617,0.2598891042537838,-0.30569113539318477,0.8233609142143725,0.34424843261470156,-0.10626465720844827,-0.04681020529325965,-0.02396223689067312,0.1665146174935765,-0.35478999680704176,-0.21454412596294156,-0.42733385796096585,-0.19424206650422365,-0.22989645683738294,-0.16535618584142867,-0.09137706094700668,0.8520248582171247,0.5832126555769277,0.41917752967016486,0.85006489137212,0.40519632571137176,0.5489189682490565,0.9594922101933332,0.9328004972637154,0.7620721546053907,0.9042937686499743,0.14165778368948784,0.19393094778321165,-0.1718523044563316,0.31759101588076394,0.16173173288334997,0.26168920711711996,0.46600394423338265,0.46031700344860865,0.3380468051276056,0.4458284371001815,0.4722244673029108,0.6763880018036846,0.5866972231246073,-0.24551541660348195,0.23584452229504624,0.1442318267711366,0.14790676959576052,-0.20707927622872457,0.5593145332721048,-0.5431755900869859,-0.31177787399886114,-0.09756124995891942,0.2990593152832791,0.2697735412910335,-0.4633106519343399,-0.22184230709632224,-0.2126899244738414,-0.19125516481526672,0.2822357639159849,-0.3661293393209637,0.6590253818807802,0.2111253262640768,0.0694056524327557,-0.057619060207299316,-0.02901176166101582,-0.33771600610900676,-0.26638661780912776,-0.29480318114231385,-0.1053803279425063,0.011541779846897485,0.8420966232480034,0.5479469030434375
0.570498900437592,0.8270869943120114,0.64297030281506,0.0,0.8757512751697518,0.637210231932568,0.488922337013491,0.7574269757982001,0.6155615721713185,-0.2155813138765211,-0.3035837189407493,-0.4414069242811238,-0.22380433562226282,-0.2129152732007114,-0.08166879704856277,0.6903822813584117,-0.12953242919614677,0.20956067893211083,-0.07947540602287691,0.31970908265450987,0.12772671535768473,-0.5584568137730075,-0.1330104165283163,-0.05493441403741983,-0.19569540989409193,-0.3344271023730072,-0.2417393782082522,-0.4634445431062795,0.11161354461977559,-0.3949315002737115,-0.42387895771728246,0.04648816462032776,0.5015482853248142,-0.04559413326709391,-0.5384510982718262,0.4819854881911942,0.13461744959227653,-0.020065869113658114,-0.03093563857891692,0.05869351599074381,-0.00395956349132323,-0.5839360027863645,-0.48963878286532725,-0.5036095986247789,-0.4348589234156326,-0.18114734897287804,-0.18948346147006537,0.044141819474902304,0.5654976877611488,0.36888348353920236,0.7801199954635244,0.8616008349193675,0.8181113259456231,0.9086703451461161,0.728188556982848,0.655597474220975,0.8258756297720087,0.6917988061311064,0.44250647152235456,0.3777402402559366,0.14861060969805595,0.11697022507917999,0.20726101243864636,0.17873530883418723,0.2256067941218583,0.003934248620496352,0.7021958025234573,0.18750649134091713,0.3228350118237984,0.4465058882114722,0.26951922321212757,-0.025466387936077788,0.14942124451555064,0.5417914588178862,0.2189199956870997,0.02247662209023984,0.19860687653252043,-0.5010872704287868,-0.3073889901495679,0.5105153114331186,0.31829056908475917,0.20970639315910025,-0.45123939614955777,-0.209808380175715,-0.0766859182985483,-0.09857984926573483,0.019203909752625217,-0.43834368697562326,0.41277914087296497,0.4151701452004424,0.5767539442941065,0.2970109035373131,0.37806480162248385,-0.1805064437401167,-0.06378405319276054,-0.36481475082721654,0.07220069471368437,0.1071105841517867,0.5494997334809782,0.35974865814661583
0.6771001008137428,0.9619575645465608,0.909776009931405,0.8757512751697518,0.0,0.897544212984437,0.46636160246082053,0.9366031176957028,0.8891113706712483,-0.11127559199725946,-0.08289168325466854,-0.19754304832943198,0.14379619943159527,0.11567127148707781,0.2677436838474727,0.5035450421535055,0.22763164124198484,0.45537663911211135,0.26973081656336845,0.5047101965757771,0.4143311794189791,-0.42360363289644926,-0.0023364184011351236,0.20477543807359846,-0.1288242363935211,-0.24570629141945544,-0.2408716347080862,-0.5162212190731774,0.38506761529428024,-0.5301760209774121,-0.36791252877216973,-0.13381848730081272,0.5106558035474682,0.19422347675017312,-0.44309346566989083,0.7427733420295688,0.28676412622768427,-0.042305707421874866,-0.029328284540672257,0.02840377996869164,0.13529156012736848,-0.4966036620487351,-0.36621223939182956,-0.5255467506928081,-0.3388812654746049,-0.26366550694948815,-0.1762201321895624,-0.029479333092760587,0.7761866657557014,0.5377433475826526,0.599452819358265,0.9186241219555329,0.6414380480016524,0.761753998454975,0.946320180256439,0.8772814837097975,0.8589731222708279,0.9048467821696338,0.3090928732618755,0.29588491886460544,-0.027822206999513648,0.23625707788337727,0.18851423880947046,0.271069650577718,0.4358637579770975,0.3356115540012431,0.5401001238074132,0.38705729245930914,0.4795338926845264,0.6487263039104473,0.5346826143996922,-0.19481165624035274,0.23452055164674931,0.3493792408578465,0.18657141880365513,-0.129741763047113,0.48601856719352493,-0.5660000022990149,-0.32222972001333755,0.1683258639733575,0.3535752741434492,0.28842112128246733,-0.5387414181268323,-0.26550380266248247,-0.2005467370081403,-0.2084916215205727,0.1903238361004122,-0.4571879565880128,0.6077829677375121,0.35110919234578014,0.2763720076191855,0.11808137942434924,0.15982782046202718,-0.31365719004593795,-0.22291807893604532,-0.3910668767308787,-0.07639040801982508,0.020643186817398435,0.771383629132684,0.5120767254325135
0.6793755243503173,0.8869179609766769,0.9676655917667698,0.637210231932568,0.897544212984437,0.0,0.2799576464768142,0.8878947513782118,0.9542928695156558,-0.16846037106305267,0.0024697287538957284,-0.11167118882960991,0.3327262299897478,0.26975291829510156,0.48061952768891275,0.25143969881077977,0.3486480401205507,0.5398928892790416,0.39806468710368115,0.556131423939599,0.4815541231364561,-0.32759933514536527,0.039265733198390135,0.21767284999557,-0.2010651372535851,-0.17248903592890427,-0.16705763666444953,-0.4174804358367818,0.5005911996590569,-0.572266900625502,-0.2796923130372318,-0.30292610827850514,0.3279315506359489,0.28477876700401006,-0.2740115555815979,0.8421483431573235,0.39195135894073785,-0.18466102517491875,-0.09899742976619853,-0.13588393869234522,0.10795288523913538,-0.40960364993831805,-0.24129941262991647,-0.3899939388414469,-0.14411278507197256,-0.24309729004131295,-0.21859610222853057,-0.12641723242104752,0.8796358701973017,0.590934588469172,0.39195870667374716,0.8060965574638627,0.4460306548042144,0.5460132454209861,0.9637445101329494,0.9051969268545776,0.7568816283744525,0.896226415310466,0.11877035007590306,0.16332240119616234,-0.19709088056586505,0.32992649376755007,0.23289360995611272,0.3182204402556318,0.5306826598754228,0.5477924560033506,0.3028446953405135,0.4799530533168838,0.5373307624385673,0.7230636748944216,0.6360837284364714,-0.21099604538099548,0.3017142138670201,0.12914279279752922,0.1724966746522572,-0.24916110334956196,0.6648553918207692,-0.47194948433938294,-0.21593739293226524,-0.07949402952407418,0.37164416663838923,0.3292109265122247,-0.41516920873088253,-0.14451595525365812,-0.110371556751431,-0.10816435656785554,0.3640921515783471,-0.28154639084599575,0.6857404219773148,0.2579149573047252,0.06387702561783146,-0.14644512453048744,-0.06407279832673576,-0.3802707696792155,-0.2755921565064841,-0.2514633460567438,-0.06788308579163545,0.08776058396012384,0.8530137040510345,0.5577231844715648
0.3301332464306545,0.4721590201360255,0.3665507565501074,0.488922337013491,0.46636160246082053,0.2799576464768142,0.0,0.5495783347391593,0.3153290412350495,0.30882020431878277,0.20618797090086002,-0.148665719045175,0.03930105694859818,0.1424191808610647,0.18762505627602868,0.7740659691430486,0.11940815698703054,0.44129753394770127,0.2280757071549782,0.548416486894982,0.46260035175265063,-0.2774606150279696,0.2995400141974516,0.1268869880774823,0.06742391806591826,-0.4550111871543386,0.056343594934915815,-0.23191689208623587,0.34152328787204633,0.19494338443544582,-0.3377685028436164,0.414082311701951,0.44420883324618643,0.2734290603877725,-0.44503078032251864,0.3808607213645411,0.16060315894903845,0.6153147539336616,0.6389598838579065,0.7075181998828864,0.5933960747851642,-0.5510880568322887,-0.5455654309705904,-0.6906410462842058,-0.5732630482887588,0.08010519426509993,0.552578633113855,0.606056433205347,0.3539124395870921,0.4695094237400058,0.3379060089449495,0.45483109626477436,0.3369693006087881,0.5539734533628601,0.3982055988401587,0.3040134375725142,0.4458992101443969,0.4516879045583884,0.3895612266079218,0.2382888293807513,-0.061129617428543205,-0.08885222810251556,0.053242049878346825,0.10596439980056302,0.2119173194782322,0.13350954414053198,0.6475047698093567,0.040197249748327266,0.09871569263810194,0.26734285879371256,0.3399474657822551,-0.329397502100908,0.14331255325704756,0.4019967736315101,-0.1774818217926814,-0.3508253178686578,0.09089207896667129,-0.07700223946230247,-0.528113709706484,0.19733186867986663,-0.014166740690961672,0.22262946492957272,-0.7355156058511297,-0.6564159017480218,-0.36124725129089147,-0.254654152840806,-0.05629387988862491,-0.4520856848959065,0.4318507418755643,0.29478293020086954,0.3785469577594238,0.3584816712655407,0.5285292482188991,-0.5119948743501501,-0.6003081701293385,-0.6725644914360932,-0.01977259410504193,0.32874072720312364,0.11091245056794218,0.47758248749990295
0.612503321535126,0.8920851890835129,0.9023861975663515,0.7574269757982001,0.9366031176957028,0.8878947513782118,0.5495783347391593,0.0,0.9415341253468201,0.029279985852852904,0.005484430030405129,-0.14710934620561106,0.21606500782399898,0.2842496186856908,0.4430142854488859,0.4595556169249762,0.3428327210291906,0.5865917007040724,0.440373565649391,0.5835967336813491,0.6017689045907856,-0.39708577760736585,0.18690173598820575,0.32290409977081264,-0.10432526225939018,-0.3787806056384229,-0.2066885163222134,-0.43989883331117163,0.5068283157694325,-0.4306454585828372,-0.30182106408899007,-0.14792735527115092,0.4922648744188142,0.3217168157250239,-0.45802124710627906,0.7939536033210596,0.2387538954683902,0.06782131323188682,0.0639501259748244,0.1274801191701251,0.2275753965550594,-0.5608232856258096,-0.4651781356621133,-0.6140791324561933,-0.38082681497358034,-0.24398086740305966,-0.06523289271708627,0.034321480836934655,0.7557694449743279,0.5503709942020846,0.4497629211368057,0.8476946586509482,0.5552430497590708,0.6346499883781707,0.9489517248509259,0.8825974035950109,0.8668694200476481,0.9600714505675657,0.33503800660244326,0.3047447891728983,-0.048362020314622375,0.27667232142527826,0.24666579405691275,0.36942964356007435,0.5672571490259457,0.4890895608331357,0.5541973820141264,0.4932985831088799,0.5859174915551953,0.7431154450032657,0.682329683077291,-0.22889594318971077,0.36800737766668273,0.3662131962406603,0.1935246041983971,-0.20585676185648982,0.5822487252663897,-0.49357995039054076,-0.29867979983748993,0.030742009740710178,0.3995658639680329,0.3555865611166202,-0.636962026395345,-0.32443027193248825,-0.251259405710275,-0.23584027978023017,0.16871552410846002,-0.5128988887452507,0.6418734707725645,0.38689920504870823,0.12606668014161432,0.14419168877579247,0.19305095458951568,-0.4284696643240915,-0.35164686467139317,-0.4889629818063365,-0.09599878666490204,0.03740911378632606,0.7245622324553892,0.5212073408538384
0.6440920893372872,0.8413374165348406,0.9332694744680173,0.6155615721713185,0.8891113706712483,0.9542928695156558,0.3153290412350495,0.9415341253468201,0.0,-0.0453034920331618,0.06561513194708019,-0.025287282667010462,0.36472188869507616,0.3756223056400531,0.5578864091352546,0.2061806728751262,0.44227349400153615,0.6007289826459944,0.5089019862290528,0.5952571034691417,0.6143840637522081,-0.31690181745280577,0.1275287969011581,0.34989743670184476,-0.07867413151214984,-0.23268959756007432,-0.2656241618115922,-0.4409807730232573,0.5860831141400314,-0.5253556467373003,-0.26762085732001495,-0.2606103002443129,0.36498847026607484,0.36183750381849045,-0.3509262542709698,0.8643773018824539,0.3631736166046111,-0.11261549309071874,-0.10551358138593017,-0.07851752892691324,0.16941188137424612,-0.40780603619557815,-0.3051281769333145,-0.49562223848581943,-0.2358972018620261,-0.36818606099114626,-0.1958379196338058,-0.12166161732066308,0.8341676009139762,0.601262829351206,0.3101025356501288,0.7805614553954789,0.41875372601091954,0.4634574446686497,0.961863281913986,0.9175234234784593,0.7922121001299598,0.9606283115933941,0.21069168185824325,0.24744201338058197,-0.08811541990040002,0.3854899304837296,0.28329006463217077,0.41959303473905885,0.632651096770327,0.6085482083098306,0.3540844803550318,0.5963396759537604,0.6492602989541058,0.8012295106740587,0.7437474167792333,-0.21878800139076837,0.3640113195773095,0.18623530281963685,0.24288448622310893,-0.1782878500769587,0.728419404831438,-0.4868909236923123,-0.23205488236052088,-0.13134801737097526,0.43515882225308244,0.3825379915638389,-0.5262883242861439,-0.2315499080324747,-0.245307341889355,-0.20361304587807777,0.34897199726240735,-0.41474202633743246,0.6989211377799902,0.31545653790846684,-0.05077629413691161,-0.029587445050589647,-0.023548093897788162,-0.3482873962909991,-0.2791851082142016,-0.3601109412186123,-0.20828517553097342,-0.027559668246556257,0.8512144750992926,0.560225933905133
-0.038168897279697765,-0.13270663349556888,-0.11440364241145294,-0.2155813138765211,-0.11127559199725946,-0.16846037106305267,0.30882020431878277,0.029279985852852904,-0.0453034920331618,0.0,0.7173625935598992,0.6423104025040991,0.3885270831186292,0.46248577508735983,0.21777673546444776,-0.09443523968354525,0.3953296011688782,0.022746621824387806,0.3618345671398934,0.004453143980756049,0.33394082352956894,0.2838647095561449,0.37137856696780264,0.5324787491371091,0.5830396542567332,0.0010579416087410857,0.3477695278817782,0.12689633517864743,0.22877536942629786,0.32269318682903875,0.4980664466917006,0.21364710273865015,0.5565670220792962,0.24205155654819654,0.08634011480616412,-0.18966132911977068,-0.13055971881986,0.8253413816166042,0.685711341952731,0.7413752686671904,0.42308825523987315,0.23011478808210514,0.1138648565228762,-0.05415762341766931,0.056213160156662716,0.2573500365606019,0.4045153816158162,0.29704874070811044,-0.2371248414485829,-0.02378314958904945,-0.338122680999307,-0.2924026398112767,-0.4134675091395564,-0.3248242228354733,-0.15172100002340475,-0.14557998356727708,-0.32816170734319705,-0.07193072612911178,-0.08681559168930071,-0.22677229065882548,-0.20230455069450562,-0.443897583382815,-0.47840653937939287,-0.2967022262401986,-0.15666142919845485,0.08774942854048794,-0.09919102313952824,-0.25858971781541257,-0.27934337671568055,-0.2637549413111303,-0.0020248190670387484,-0.5905048258383713,-0.2804088242046319,-0.044644907497168214,-0.4710321760824472,-0.3449935836765601,-0.04705402549842251,0.13435685387306207,0.1851611008802408,-0.1270916497306618,-0.47839150813434317,-0.3365797107724519,-0.313692706259239,-0.5111083973109181,-0.4087661539251524,-0.6444131048927153,-0.31512427636601165,-0.18930749853879103,-0.185862564350362,-0.39088102672039665,-0.3976875169840548,0.14454116797405084,0.05630334982925651,-0.24799799899534056,-0.5112751375855349,-0.15914516102413462,-0.14314297216427954,-0.30711789179754256,-0.2546459432701164,-0.12759243690402763
0.26235783011692543,-0.026932791691312477,0.030293316614212563,-0.3035837189407493,-0.08289168325466854,0.0024697287538957284,0.20618797090086002,0.005484430030405129,0.06561513194708019,0.7173625935598992,0.0,0.8568589065398233,0.7864063064315491,0.6846722441066254,0.5038241894672225,-0.130363871246426,0.6972758147789306,0.37073565227874655,0.5625380820896175,0.3900864004475773,0.5133263620842347,0.5307710681432971,0.3855749198123333,0.6051549655859525,0.6587127283927139,0.3411847402056693,0.24675860157266608,-0.09656212724899532,0.5542695389519859,0.23990652284338249,0.1984222214856327,0.3646334353381072,0.36504206136651474,0.5708545853203704,0.27430751218785404,0.17003151014026227,0.3741618229355256,0.578572465713914,0.5011165129167802,0.4324901561581587,0.7117815905283525,0.41601775102630556,0.36826385829246105,-0.06559533121740017,0.15782800184509505,-0.12120731731884969,0.4854448761011298,0.37615590589336284,0.10914890954496173,0.38611973894486906,-0.4303346335379372,-0.2257735222031312,-0.5332572989444604,-0.3380190802657728,-0.01477658293563917,-0.0696485607285438,-0.3361406989484051,0.027456034963707937,-0.34714977111753115,-0.3176035775485835,-0.3758843278741991,-0.2882922360843145,-0.4439933890727276,-0.25492948702930074,-0.029001517629142482,0.287491825054215,-0.3563010038770617,-0.1434474340094809,-0.1934088842592184,-0.022116241654703047,0.21604727107073504,-0.7372382877985502,-0.3268168149415803,-0.46821865506098076,-0.5429018250337848,-0.49459407214845047,0.23419728111907426,0.17846181149095977,-0.07051144935093016,-0.32932582925271514,-0.4325816736750918,-0.005647971098667559,-0.33650078682841966,-0.641017710790534,-0.6111259206110119,-0.6212511009619756,0.2398504525510766,-0.09100298707881334,0.24797549693024232,-0.32474882703974645,-0.4346581343293121,-0.2740084386517094,-0.30017955803987567,-0.32931264109753994,-0.6057254283314355,-0.197997658344097,-0.5780332685621943,-0.27206293279834454,0.017542226580254658,0.3529360446696951
0.0764291307102364,-0.16437194249855683,-0.0629906100234894,-0.4414069242811238,-0.19754304832943198,-0.11167118882960991,-0.148665719045175,-0.14710934620561106,-0.025287282667010462,0.6423104025040991,0.8568589065398233,0.0,0.7642922627060819,0.5857703400027673,0.3309332330616573,-0.4061837807607872,0.7223143047643001,0.20215864049301183,0.5114755264466352,0.12860744404748625,0.3325541587699558,0.6817584576636289,0.20623395597907657,0.7166962460482116,0.7231456973019379,0.6149112704698012,0.13823950517534017,-0.07733562664444757,0.36099726658065023,0.0477794239500772,0.3238398869402865,0.17576978205831706,0.24719288827620056,0.4806892818173722,0.4117749688625905,0.023639541635741737,0.2637213743856857,0.33735792914584073,0.2029891446025503,0.1969670256204483,0.5123479467436698,0.7174769263203752,0.6424877842929838,0.17929611706337312,0.3347673859846705,-0.20077029730611712,0.23021708932783863,0.06633883302984787,-0.08181548518880002,0.16545848069225794,-0.5642952879628371,-0.3671789481261726,-0.6736523267641129,-0.562527176183276,-0.14203942882781873,-0.13220637769352622,-0.4718922038174052,-0.09229640358508029,-0.44033978954592595,-0.34546760659029296,-0.2572412185732274,-0.20759986375872563,-0.4926890478769836,-0.2770984869479667,-0.11442600233631617,0.13043800738441833,-0.5654428079308242,-0.0990898870508068,-0.18436472712935165,-0.10453815767513129,0.06503626990665405,-0.5767453810820162,-0.4052901264400576,-0.5939366363952931,-0.3916772425810712,-0.21572155324279987,0.14463321071506532,0.06131534742467289,0.06494833784467968,-0.4148732828257163,-0.37820883249596926,-0.10875073274279434,-0.06623587760775286,-0.35363893310950867,-0.5341374428443642,-0.5897642284207322,0.20163158444158716,0.01862407360422794,0.05097376125672107,-0.4155150220501089,-0.6508849406867402,-0.3098921799696293,-0.5437629993642228,-0.03915012451262838,-0.2656218817609387,0.03578203259757258,-0.5984026291568647,-0.5599421163792808,0.004763064038362382,0.1268583040792415
0.3502712307563608,0.205878254619841,0.3486225004609665,-0.22380433562226282,0.14379619943159527,0.3327262299897478,0.03930105694859818,0.21606500782399898,0.36472188869507616,0.3885270831186292,0.7864063064315491,0.7642922627060819,0.0,0.7239852814987138,0.6114250691456049,-0.22894664315889354,0.8995157210516771,0.5138523410911344,0.7302334252476572,0.42231976445264957,0.5574244940167357,0.5354802989460787,0.33521616874392796,0.6865620115001043,0.4074386346603966,0.39195074872709323,0.18782245866559488,-0.22982409873776183,0.607170374261063,-0.12216815455713104,0.1184520379218044,0.01661139242026891,0.29568322048136036,0.6474443913851099,0.3410340503589951,0.43143557337902183,0.4525334395245679,0.23077897479746107,0.225592946951866,0.1033136545342318,0.6113853180129037,0.37259272781412767,0.44756970574043303,-0.02709342222989746,0.2622018746022569,-0.15953925691577167,0.3105310599207034,0.1690765511423505,0.34437832242420036,0.4770227436479599,-0.4243794461029164,-0.053373600336920006,-0.4343876737329128,-0.2851737124745524,0.2769114949914993,0.2031048566364166,-0.14692344188380188,0.2682506683867522,-0.5052712456038368,-0.343962924084587,-0.522459468485038,-0.01659188153466803,-0.3478256792549187,-0.12055836591644757,0.16186922998386316,0.4517010221298034,-0.47444478312754645,0.12316934339518408,0.058098109354850255,0.22898008178271953,0.36093178275560933,-0.6943787984300203,-0.1881329702885509,-0.6087104564734636,-0.3977272976077654,-0.5233530157105818,0.39367015963039653,-0.10928384372238709,-0.09033232698055896,-0.48233489183647377,-0.2110693972429725,0.11723053670092747,-0.2859509230128894,-0.45762932804812595,-0.5579245927971124,-0.5326576412853421,0.37154627631505677,-0.11198346815022335,0.39201942866022393,-0.25823801463939294,-0.5591311586107428,-0.5229774438984212,-0.5528970704153912,-0.42620332712879555,-0.5501308101442435,-0.13611745971863026,-0.5374032875240093,-0.33273522516081955,0.29157086950740085,0.44166606472305947
0.18641264589851547,0.14420553719860676,0.2339250844090617,-0.2129152732007114,0.11567127148707781,0.26975291829510156,0.1424191808610647,0.2842496186856908,0.3756223056400531,0.46248577508735983,0.6846722441066254,0.5857703400027673,0.7239852814987138,0.0,0.9009456647802041,-0.15913399953757706,0.8341155972633227,0.6545879078784123,0.9222409597053348,0.5592054685637373,0.8382307854112176,0.4275537888379345,0.7488037238224827,0.656753684672791,0.17147428207559895,-0.057728367115938685,0.14196079673029,0.014158842785920098,0.7973674307592972,0.1772027630906326,0.23962092487294331,-0.11982239653683262,0.2619894465540047,0.7208988117662806,0.21416298208280088,0.4081259000959276,0.32632548806443046,0.32528132518072317,0.30607584802299,0.1330370715653255,0.5675813745421744,0.08952560428742977,0.13236362917944394,-0.17471341932154597,0.09143191360802679,-0.21258385014316927,0.42958044026843445,0.2683114320238978,0.24141029839535352,0.37744240855260697,-0.34271614206434914,-0.027656498430589118,-0.24063238718089272,-0.19751124714662588,0.2787028469049403,0.14095995202764236,-0.022500048996105113,0.3087030223886843,-0.2880917356960001,-0.3067843369188271,-0.41895840972787174,-0.08275177765204643,-0.14780102756627275,0.17659997911340897,0.4774508417353854,0.7696101355984664,-0.27568464686747113,0.26970636353822286,0.29418383040925394,0.3951917224757502,0.6375790155241196,-0.5372246895269429,0.2254281656736572,-0.31892324134624583,-0.28138465663795026,-0.5491990980817167,0.6347283811483031,0.19735890279902302,0.11415732348574759,-0.45884839600663885,0.003152706879939835,0.28138807070029836,-0.38102518697567217,-0.3996936224561215,-0.41737510551574136,-0.36336693788009083,0.32879494612006865,-0.15309748925997949,0.3777834679006274,-0.035156706190660775,-0.41463733173197065,-0.32594222324025884,-0.23526546685790678,-0.4745174983274689,-0.5837609370073472,-0.28197029717967076,-0.5309706906880346,-0.1326684577934667,0.13897608954331672,0.38344054303541
0.30287579652673907,0.284629175038331,0.415122160172336,-0.08166879704856277,0.2677436838474727,0.48061952768891275,0.18762505627602868,0.4430142854488859,0.5578864091352546,0.21777673546444776,0.5038241894672225,0.3309332330616573,0.6114250691456049,0.9009456647802041,0.0,-0.10712036035745313,0.7197389736800547,0.7889336587289556,0.866346062335453,0.7310646750506921,0.8825290214322652,0.22599493775197413,0.6883117261964794,0.49094510208090003,-0.028025157463594037,-0.19308069977928058,0.008108892173433337,0.01901444981008711,0.8791958547929274,0.10985233542308111,-0.017560501504256865,-0.1970900223343427,0.08205039184200114,0.7211027441131502,0.049951737717386514,0.6460960011783445,0.4478272235393294,0.11003638774575351,0.14842469689077747,-0.03426992831061482,0.48639566881055735,-0.16558925867525684,-0.08943642695082485,-0.32879549325214297,-0.04514100569978233,-0.3117635280712255,0.31027348650880765,0.20354810216152086,0.4808439012080541,0.5250225257002294,-0.28082212679333907,0.16477645319755008,-0.10816389105881202,-0.04847611483200038,0.4799883551451376,0.3352198456802818,0.21253114260221512,0.4974727524783834,-0.12228375464962384,-0.12388938305475478,-0.3350101726972455,0.15690545987988247,0.157846774034981,0.423389082104749,0.6995949551418251,0.9439621093601849,-0.12565084587899783,0.48168095777577613,0.5181230103942848,0.6405436761912423,0.8343647882705698,-0.36623429462839063,0.4726934204666232,-0.23470299701690364,-0.08166524240438572,-0.5052340931989481,0.8193529540032616,0.19760120875832735,-0.05795047849550622,-0.5142434399013459,0.24242215840735062,0.48944317548571675,-0.4415621640810457,-0.3124629358371751,-0.27201208162526336,-0.12033910404743664,0.49415854449769664,-0.12084654265042061,0.6051036926934281,0.17615266341541458,-0.339127095294772,-0.3405472347510194,-0.2062520895360187,-0.518666481398006,-0.5750179215232919,-0.363093174939062,-0.4448061399330937,0.12634830658947022,0.3543098915182778,0.5497074269839578
0.29875763852064247,0.5427105575076755,0.30617026333455377,0.6903822813584117,0.5035450421535055,0.25143969881077977,0.7740659691430486,0.4595556169249762,0.2061806728751262,-0.09443523968354525,-0.130363871246426,-0.4061837807607872,-0.22894664315889354,-0.15913399953757706,-0.10712036035745313,0.0,-0.1140889139377173,0.3417221551451426,-0.047277687208744666,0.4031652738684399,0.14196951797915677,-0.2349606859303309,0.15428771517318857,-0.034287471908847046,-0.19939584509182387,-0.3343511294682773,0.07170280041059647,-0.22962600514719755,0.0899008004937739,0.0678223376126718,-0.4641001009954185,0.3825436779694029,0.3636988862894623,0.17666796971969198,-0.28092052053665606,0.29606435735422154,0.11162375696202385,0.2876261633424969,0.3458465974336319,0.3634941507703665,0.3665655485653833,-0.575186702857568,-0.4627684372618803,-0.5004827755428098,-0.43550400233559117,0.044018762483417684,0.35725407495734046,0.4933888712326219,0.28726188464011304,0.3114339637385025,0.5957012732149242,0.5514339667154637,0.633578670165382,0.787690295155259,0.37642262525634956,0.21767122834855307,0.5258294912944121,0.3561702415411813,0.3246748625002874,0.1994986105794936,0.02790010993959383,-0.12534568570481322,0.062446774934991726,0.0005649954646034592,0.04686414523576052,-0.14235348056215344,0.6228478531073107,-0.09269791886156369,0.07059466812566885,0.2489255710493515,0.13048676480675672,-0.09456213019848221,0.10140189087437511,0.3920791236170865,-0.08021905716607226,-0.21322037873914265,-0.05826105226109164,-0.10465256932759098,-0.43412712228523653,0.45428200785482975,0.12039658719073407,0.317174658871158,-0.4387908717249265,-0.33233034407123735,-0.08261757474698887,-0.01774885559482287,-0.010695051433449893,-0.2517200230894409,0.361201779637504,0.4558002880699403,0.6450221950755402,0.23625322960963663,0.477247945433553,-0.4226552209689828,-0.30746069068272786,-0.4864375095678825,0.10471944096103818,0.3153389381862661,0.07060749786408449,0.39565078913601515
0.2587010536425369,0.25048397067377337,0.3612336278832456,-0.12953242919614677,0.22763164124198484,0.3486480401205507,0.11940815698703054,0.3428327210291906,0.44227349400153615,0.3953296011688782,0.6972758147789306,0.7223143047643001,0.8995157210516771,0.8341155972633227,0.7197389736800547,-0.1140889139377173,0.0,0.6896325712384582,0.9019681113388023,0.5247544653357389,0.7258157266561762,0.5707766800670568,0.5415023773415947,0.8717355044091966,0.30473745993600465,0.25952952766189924,0.08774726335669215,-0.19464486508917017,0.7236405502428764,-0.09624322379250665,0.07435656050743392,-0.07450936868978986,0.3131950009914873,0.8108808478317211,0.2665732606812755,0.5005032914338873,0.4070239351724241,0.20446479710239568,0.17824190024279543,0.06297042193234238,0.6548514159067056,0.24683158427188026,0.30715952088715937,-0.18458263557291973,0.1205951973812945,-0.2871398538714352,0.3189506533033108,0.1568602987448723,0.2980782833842447,0.4403583069546717,-0.42568767178133643,0.0035377903916249055,-0.27687147907517556,-0.19798504474392,0.35849187626632123,0.23024836451120342,-0.0036836815999647726,0.3862851891496127,-0.3681377573028204,-0.2637900144968382,-0.4241749914345751,0.024487536619793093,-0.21334163659392152,0.08844666532283196,0.378787216760415,0.5724956900852435,-0.3508599718408893,0.29458158923687633,0.3060588029891302,0.417271133222953,0.5504590331604354,-0.6003884443420265,0.05930791797461572,-0.480997764381476,-0.2614185346663985,-0.49007617969982037,0.5335944543651304,-0.09195625919624356,-0.10413692374477417,-0.4607538291777536,0.04150590862296422,0.327339161241443,-0.38953998856222155,-0.4008105898789686,-0.5146495378275762,-0.45410955246982676,0.38550439151280697,-0.17746675513271026,0.4420822708539891,0.009303240171928327,-0.5524103360706472,-0.4478377058852961,-0.4808339235394875,-0.49724927447787093,-0.5401155391828321,-0.3197047517062416,-0.5741307994341585,-0.3300918844338014,0.2612023975075444,0.45677948831184173
0.3910879299451173,0.4794425140619155,0.5232897475258506,0.20956067893211083,0.45537663911211135,0.5398928892790416,0.44129753394770127,0.5865917007040724,0.6007289826459944,0.022746621824387806,0.37073565227874655,0.20215864049301183,0.5138523410911344,0.6545879078784123,0.7889336587289556,0.3417221551451426,0.6896325712384582,0.0,0.7607690641890416,0.9075250151283853,0.8206555446624353,0.25919557844124963,0.5819029980846423,0.5578401932330506,-0.07267606462949515,-0.109482797471667,-0.05563878671993231,-0.12172834857935776,0.848939755046303,0.019037827995291898,-0.4043620085036577,-0.010301554034005008,0.09979170820333487,0.890511674794175,0.013817771573311911,0.8269261044110472,0.5733146855148721,0.030623652665676727,0.0873163636753095,-0.037317790371652705,0.6919087198025743,-0.2971190415562232,-0.15656472722791281,-0.5111934447052818,-0.2032958535335346,-0.44918528473936115,0.3727403797119466,0.31774069304177344,0.5838223095459937,0.6789867174610084,-0.10491108189208327,0.37528520476475363,0.11608749328185065,0.24871448771702626,0.6081265974030359,0.3986833974009513,0.4408209964204309,0.6377163723468363,0.01742667288135974,0.0469599542608245,-0.18830295537388014,0.2590537407517644,0.2559166147030473,0.4424394986463133,0.6761486686023851,0.7017776803350723,0.07693773643672419,0.5015574710335196,0.6134624535020193,0.8204193977084948,0.8312066063991195,-0.2744479105198565,0.4693759909024194,-0.19915284329814742,0.0032281965893512375,-0.42180018696636506,0.736584598239271,0.08035194429985316,-0.40093521267967785,-0.3717226369032825,0.42150076793414426,0.7920782229804142,-0.5168890298646555,-0.3253358314417619,-0.2793804589103597,-0.029331933323691793,0.6125569678530001,-0.10571171990213067,0.8360986479405668,0.5095402903970075,-0.14029406247055679,-0.30859750143034276,-0.1869826309309891,-0.6071632998154229,-0.5359948119586447,-0.54122807163423,-0.4697795908753309,0.18099748154413844,0.42600506751957207,0.7858038696548332
0.18615516933605142,0.26850607008920513,0.38682183798391345,-0.07947540602287691,0.26973081656336845,0.39806468710368115,0.2280757071549782,0.440373565649391,0.5089019862290528,0.3618345671398934,0.5625380820896175,0.5114755264466352,0.7302334252476572,0.9222409597053348,0.866346062335453,-0.047277687208744666,0.9019681113388023,0.7607690641890416,0.0,0.6033097745634153,0.8855131476435116,0.36421565514903226,0.6867278242930706,0.7500162651843869,0.08940640531331118,-0.08723156231084436,-0.016281083648791318,-0.1265848279473947,0.7987833468874772,-0.026103019960707338,0.08414347557498171,-0.16963395021117844,0.25642054071037823,0.7722040055045531,0.07281941937951551,0.5452728449180932,0.315046366629248,0.21329840914028936,0.18712236594244108,0.05441679806019083,0.5518710367008407,-0.0265714252955351,0.0023930625112680254,-0.3443972083286051,-0.07664232944699839,-0.2862852352547322,0.31235102576903523,0.13815307868462232,0.30885179069276275,0.39114425557213595,-0.2933564628208803,0.10013534959518995,-0.09450601021736403,-0.08183333110461338,0.43719708999987633,0.30137033617988324,0.15422313382574507,0.4832706946514128,-0.15033063765953897,-0.12420742506809417,-0.3209783299539828,0.14373770842842507,0.028606461068184385,0.367460716659147,0.6419462534855583,0.7868740211488732,-0.15280230471353823,0.4907346335436332,0.5117908288848152,0.5559969169400252,0.7489440219150331,-0.43095881169532047,0.377175434344665,-0.239965346389892,-0.08309529525725462,-0.47184527095350337,0.6882500880612434,0.004059836665755417,-0.07734320730388376,-0.4065336763829657,0.24061624073212726,0.43009262399234033,-0.4898189627222845,-0.33119201300122897,-0.382064395770884,-0.2749145674066041,0.3447213776746939,-0.24840234393054608,0.4634671145752941,0.1753113495358042,-0.4049765382320132,-0.2814626326345285,-0.24664045780194185,-0.5312501086249075,-0.5568058944319849,-0.4520813107816868,-0.4681434057265786,-0.14389223023606632,0.22069433282648207,0.4227672097332841
0.5557678595397584,0.5270795416015386,0.5293585362485813,0.31970908265450987,0.5047101965757771,0.556131423939599,0.548416486894982,0.5835967336813491,0.5952571034691417,0.004453143980756049,0.3900864004475773,0.12860744404748625,0.42231976445264957,0.5592054685637373,0.7310646750506921,0.4031652738684399,0.5247544653357389,0.9075250151283853,0.6033097745634153,0.0,0.7832917290774747,0.050821424263432356,0.4362258043994321,0.3518304846294173,0.0372538328191783,-0.13731993710844045,-0.0943569392571654,-0.17481483453207083,0.881136813478125,0.05110733513227793,-0.4814791284672174,0.2080769023157092,0.13729748092119615,0.7493168609640949,-0.14809250654686024,0.8569596089737311,0.7446478391956017,0.10638265700005003,0.15494281637285068,0.0449557358517578,0.7054252557281316,-0.3308493759762987,-0.23356547711246498,-0.5489886231659604,-0.2745747222404161,-0.5027964410462622,0.3778240180568375,0.4213283222946078,0.7204304324256483,0.8545709114483088,0.030386195270248804,0.45186809681323775,0.1456604423301444,0.36110410416627653,0.6089970446837095,0.42506330924755215,0.46085396490528757,0.6415170618032575,0.10062042333121805,0.09657128182096063,-0.1640259110066553,0.19589089172761948,0.2569107738324019,0.40152505129540006,0.6225551733566772,0.64355579697506,0.2054682051257978,0.4144580584998298,0.49777506853215137,0.7600297856649894,0.8124148623538336,-0.34867250319472387,0.3487568793119122,-0.13390844806084204,-0.035518108255649224,-0.39475379000377286,0.745546255407527,0.07516651238033505,-0.49431360686219195,-0.22907365744405606,0.2967611867425388,0.6940238832850768,-0.5850440905197355,-0.4793896720995976,-0.3646747021182113,-0.10504865602867886,0.6992163950269391,-0.14474137591223357,0.935916398956067,0.41854740087749787,0.01939084988851788,-0.20897844269396998,-0.1025076868743263,-0.5209627304326638,-0.5607901152653575,-0.5326169293164208,-0.5318237456874775,0.29728922777042677,0.5293886222254754,0.919709355406819
