0,1,2,3,4,5,6,7,8,9,10,11,12,13,14,15,16,17,18,19,20,21,22,23,24,25,26,27,28,29,30,31,32,33,34,35,36,37,38,39,40,41,42,43,44,45,46,47,48,49,50,51,52,53,54,55,56,57,58,59,60,61,62,63,64,65,66,67,68,69,70,71,72,73,74,75,76,77,78,79,80,81,82,83,84,85,86,87,88,89,90,91,92,93,94,95,96,97,98,99
0.0,0.722613257770875,0.7856601693924539,0.30325520264335815,0.471073826291678,0.6618794315500038,0.4232254934992208,0.2950959393315947,0.6035982301091255,-0.3154435000029063,0.2046925828013859,-0.31110387559847286,-0.5147162910471499,-0.4709374557518328,-0.43370238436738795,0.5632900561508085,-0.41599098520170463,-0.3279763540241392,-0.43208901732743393,0.159986070569702,-0.464279518660915,-0.5542383068845165,-0.5694079051390118,-0.44551871582950797,-0.14482279777995524,-0.1375289565405029,0.33742676674763467,-0.3602043824658776,-0.3057127221507189,-0.34987375180994307,0.05965563957592009,0.2423820533499612,0.5923280255249449,-0.48194543943464524,-0.5670822137067678,0.45019501034306353,0.1989874555340978,0.208301861776036,-0.06498415471954387,0.06317669570056074,-0.5052165823914765,-0.30296843190241995,-0.2951164607195958,0.3587454088381293,0.43015776413092355,0.31882789641938114,-0.5333875689096516,0.031174381756414026,0.6999272027076425,0.547725785003413,0.27243312077894666,0.6660599739482125,0.11292248954680649,0.2873116124737846,0.7233633318488595,0.7991716259044946,0.01616824799183899,0.39231426409555126,-0.17833209831813643,0.5536319289060073,-0.10872196276067234,0.15108630729317818,0.3780403600857604,-0.29737305075045445,-0.38540797669468,-0.4222407025819163,0.21793544642298646,-0.4320169071805725,-0.36751154293840305,-0.240998544424489,-0.2705872559898636,-0.5075709439606961,-0.21712202356033994,0.03626350459789553,-0.19291466906084895,-0.36800477648101565,-0.24239403260636666,-0.5989930013468774,0.23853403358909342,0.01429003517203944,-0.162372069040249,-0.16040358785414588,-0.6231259870174276,-0.3753240959714191,0.1737980997008254,0.00254473483849487,0.2885111401975065,-0.23952284823808007,0.3995644383887013,-0.22943955582083708,-0.2070304739718427,-0.266942718667535,-0.11160284936524187,-0.42437377426502654,-0.4994522145222205,0.41324279882043524,0.35812225012044646,0.3609319377952053,0.7089249716462352,0.517548351548188
0.722613257770875,0.0,0.7121719347205241,0.7099028020578392,0.7459771179990979,0.39607660111671467,0.263377965321383,0.7716199369883712,0.6190456672687676,-0.5413184510057092,0.2980306352256242,-0.5021365864500292,-0.7581107744455268,-0.7288895344964932,-0.5479266090468172,0.768187383614395,-0.7129272716667998,-0.1784727438073246,-0.7880497655427012,0.42364653986156137,-0.5380253903725062,-0.6440283129812324,-0.6814773197042997,-0.45364625691761634,-0.5913787530141688,-0.22299820232943068,0.20944276832095718,-0.6637750918758697,-0.6204812687520388,-0.38346122070037353,-0.2892253540347381,-0.06918159134827183,0.3391446712201789,-0.6420407282611971,-0.6624918285759908,0.7199762331147771,-0.22565316862331455,0.008944693517793116,-0.41456925131058514,-0.23219935351690274,-0.5993088390881182,-0.5406512516879007,-0.4391267917295125,0.07995378018907379,0.18290500647095786,0.17793354478137102,-0.7577109384417874,-0.2951729596862421,0.3124584842032229,0.32779161622029535,-0.006256005465212097,0.6994896366023342,0.4310572103003096,0.6513671859081904,0.7087913718225229,0.6789626051513967,0.49205168943847644,0.8085788452277889,-0.553884809121189,0.332641060305049,-0.4582818500133837,-0.02389674433543332,0.5343343747808624,-0.4914144432384732,-0.49633570357079615,-0.4221315388011044,-0.020976539738557037,-0.6798646278049204,-0.39787682115334955,0.02331420428962162,-0.0235088181360837,-0.32149467173911966,0.2579939468718517,-0.25440428870711623,-0.08869815422176053,-0.5634971404283483,-0.6419541869798531,-0.5827508677261433,-0.11789483774188962,-0.24881985992116526,0.19782859325527377,0.3173292757393082,-0.6857750238610785,-0.25560851582815114,0.5216775379839264,0.30509535331091703,0.07287241552575456,-0.4268924174559526,0.6716977483420207,0.3066748544943841,-0.5967661399447931,-0.5809595423141392,-0.5660748105754901,-0.8251118873978301,-0.7438000583598309,0.14737221485613708,0.40274240807785183,0.4562392077098889,0.42901022555042106,0.4795706489528794
0.7856601693924539,0.7121719347205241,0.0,0.40076989373580135,0.38703141795083135,0.8564084075955629,0.5935781794826241,0.4287458862471106,0.7933885624982668,-0.3786112761953034,0.12620780228186498,-0.4503547529796669,-0.7216995735028104,-0.6904477127918841,-0.6207362727419812,0.5259898816828825,-0.6318100580742998,-0.47189689712831545,-0.5699853416048005,0.16850668154544882,-0.6559977502077693,-0.6644265490082871,-0.7096722163035302,-0.5517617540561405,-0.23850690558258786,-0.2154609760874653,0.52363046761801,-0.27117272303893036,-0.48632678287626757,-0.48181292461817726,0.054262074522547846,-0.051104532520955724,0.5838911736700364,-0.656951570668906,-0.6331935130643821,0.5501327836989112,0.20590450693555643,0.1204682260661979,-0.2125898424016492,0.004997865506957243,-0.5161220020935257,-0.3161870529308876,-0.22896100157229923,0.5711820219741757,0.6515640654345695,0.5880898631170264,-0.5297529696556166,0.12936032817429274,0.7475661372115016,0.7855231028033663,-0.10642523827766807,0.5654710213529177,0.04789238359227472,0.13622339960449015,0.8263102834825645,0.9260954948724495,0.10581471690013433,0.5233503981844438,-0.3061593598846603,0.6569289699460086,-0.20938785226754167,0.13105204472914567,0.4472449764341997,-0.4492448297296534,-0.5467102191093512,-0.6147031923091619,0.4105669033323425,-0.5470015467743367,-0.500163958308932,-0.4064222079206072,-0.4609842796873781,-0.6208048635253374,-0.25904358715306086,-0.058088104482301325,-0.22230810151561617,-0.48321553045581483,-0.4914441123490059,-0.7379299940759908,0.17211036931123774,-0.31323604585571674,-0.17241749842678952,-0.06377916828188777,-0.5253663173867658,-0.33380244792681024,0.3475248217609999,0.11706293290339946,0.39429246601874296,-0.049058000630618555,0.46337156513227734,-0.09132987186808261,-0.4446014508775877,-0.6008711165348211,-0.28998776460045134,-0.4796825713001319,-0.5385241695061954,0.6030928474706864,0.6046214688592674,0.5179720615654543,0.8076182570763019,0.7819274003108725
0.30325520264335815,0.7099028020578392,0.40076989373580135,0.0,0.8241272125363185,0.2257122445516299,0.06555433699090928,0.7849198828225518,0.493298643339255,-0.6475586642445124,0.14009747257729843,-0.5584820366966693,-0.8226263878097564,-0.8610060740827017,-0.6193888427716226,0.6024575640861759,-0.8589599018556157,-0.39121633501597036,-0.8238912759915367,0.21697366835576107,-0.7061611231889108,-0.5310403683273102,-0.6654795804042305,-0.6718949077729468,-0.42412398375842664,-0.13183030697293716,0.1261826187853408,-0.4158785399012351,-0.6334797216565751,-0.22783999037757408,-0.14930414798474922,-0.1530604013730155,0.19294795807563306,-0.7960823476175867,-0.5557658494075186,0.4224537244414922,-0.3708179406656673,0.11375735335157634,-0.39365231092293473,-0.3110620284103649,-0.7983116660515458,-0.4729996360907082,0.03373417003920948,0.1553081779267002,0.25127253703074764,0.2575431434779565,-0.8018021868455625,-0.623334742422321,-0.10128421017270593,0.0698605817013489,-0.1889073572651911,0.16337708053809855,0.15426396319911154,0.4716954317138991,0.40288232187600576,0.42317563167058214,0.5121026087016682,0.6558382345210432,-0.5969298022213831,0.1318852730985865,-0.38522184069526405,0.0470549838913699,0.7667739124895403,-0.5001712536651768,-0.6062506668859043,-0.5238728708731685,0.0333021937211259,-0.7575142682082496,-0.5279781187297072,-0.12362078890732679,-0.022356635203155468,0.017872028786162668,0.5238303584702335,-0.23925931676608386,-0.22056719662262514,-0.22617833329143136,-0.7648933577448092,-0.4491347803347234,-0.139830284890997,-0.49804407401827794,0.1691055880882325,0.6189455737172523,-0.23345615881129222,0.19530404985935304,0.8162672220693332,0.7500506479688608,-0.1529452480184133,-0.0890050747602971,0.35441058587686214,0.44292834112741225,-0.7258740032757389,-0.6838654874964543,-0.6231830085736253,-0.5300530187562785,-0.5287421807652729,0.14531612122641893,0.522752176470219,0.702760682962362,0.05575774871155911,0.31130027570339863
0.471073826291678,0.7459771179990979,0.38703141795083135,0.8241272125363185,0.0,0.24761665864487015,-0.07890379898736061,0.7104671157069247,0.5019822466981998,-0.7010508267914531,0.07492723051587502,-0.5738070723470742,-0.6469173684884252,-0.7065797713924338,-0.6014753667769602,0.6056277709077781,-0.6769313724273188,-0.275938607056977,-0.7535194324737899,0.19193450444983481,-0.6398251068156441,-0.5772958853526546,-0.6595360014404872,-0.5567365735374062,-0.38575664639086804,-0.25845367834740074,0.2121086781278721,-0.5243831574669102,-0.5747173853764287,-0.3802460774642856,-0.17311053605459611,-0.07833616387437874,0.09915486796388517,-0.6478335359452213,-0.529039283142253,0.48050485715617536,-0.315094619032278,-0.15304149619536686,-0.48970312787271275,-0.3745975084675642,-0.6791673000584426,-0.5991160805916029,-0.21773089099650775,0.14165817483690615,0.1265303180904379,0.1585623761948757,-0.6825962653066571,-0.49811853977440335,0.0025270568787971975,0.04095332727622627,0.13795661675520032,0.38786330798603696,0.35827585421105257,0.6599850476118747,0.48976843022010297,0.42448214007205937,0.47803316632132153,0.6325580598354733,-0.5914048217832196,0.1476652980145023,-0.40068147036008633,-0.11855526907870863,0.5303381022295116,-0.6117338631058248,-0.6425359316174247,-0.55887531555292,-0.04487032507627053,-0.7689140603891256,-0.5817206038811737,-0.13053138212725993,-0.1365165192514973,-0.10580513745256984,0.2523176217716484,-0.32841666875332287,-0.30587920175838795,-0.32111937067967905,-0.6566088507918033,-0.5746914758460507,-0.048624709450775315,-0.19784102383858054,-0.01672719821762219,0.3009538095877328,-0.4411960684221911,-0.032759307995724345,0.5209788906776309,0.41612187840987097,-0.14726008376250213,-0.31283588484434427,0.41930044755315304,0.26080651631097623,-0.547763866910855,-0.4666831137012238,-0.5637747575978072,-0.5708966323957927,-0.6329513462488083,0.1482095909200406,0.309361447748978,0.4911350828251762,0.14224625283615414,0.2069246230452741
0.6618794315500038,0.39607660111671467,0.8564084075955629,0.2257122445516299,0.24761665864487015,0.0,0.6195714294118926,0.16826720152402164,0.8155823068197345,-0.37181488298628673,-0.1296439569554172,-0.34804116364067517,-0.5891243868150572,-0.5854560837607035,-0.6190836647703553,0.25413429504013874,-0.4986656037477842,-0.643692443786427,-0.3676423289081135,-0.1359835111608886,-0.6982082352075049,-0.5067687357477164,-0.5989719737123395,-0.6327515890545337,-0.035218001863654695,-0.07304971597683524,0.5848724547065004,0.05111907474216736,-0.27145199580969653,-0.32769192855863566,0.29331180904455784,-0.006360289972753729,0.58626670437441,-0.6040005937420702,-0.4439360728573456,0.3481442548365842,0.38238911735380765,0.08921432675009973,-0.1945600046347783,-0.03042586501767598,-0.45658818822279224,-0.15045608966757265,0.031324730071184206,0.7341559020591333,0.8458265163398921,0.6440635607036032,-0.351574131978057,0.15783118281584355,0.8580087194579246,0.8106381108528532,-0.015483987762861794,0.2916065367867222,-0.26702931123835466,-0.16707231215313656,0.6791162410741659,0.8707861722101509,-0.09238799391636127,0.24695886259838987,-0.19435135576560722,0.6094752380310519,-0.015243198334842466,0.19546566935173249,0.3718978356125272,-0.39233409006321074,-0.5913473673360918,-0.7253784147588598,0.6386534763999507,-0.43714050041679436,-0.5868205872740628,-0.6442098224631638,-0.7103783783729841,-0.5203717768986623,-0.4760347636727229,-0.04989764772983313,-0.43477820580033893,-0.26277661990368884,-0.27828297425518295,-0.6762252656395157,0.3503624619039016,-0.2316567173884299,-0.5033701102960346,-0.19965885868043745,-0.18018806748779834,-0.17100842385288423,0.25593971737452187,0.12125016698480046,0.4044156447537486,0.30126356021036976,0.16687987187373376,-0.31149445730201525,-0.2684454879162922,-0.5134799064282016,-0.15572890957898103,-0.08802610444390688,-0.22705480443269616,0.7570480673451162,0.5858108864321557,0.563718805749662,0.846516079852325,0.7475574217109915
0.4232254934992208,0.263377965321383,0.5935781794826241,0.06555433699090928,-0.07890379898736061,0.6195714294118926,0.0,0.2644829778842056,0.6299389525442459,0.010955322412650386,0.13502811195240522,0.0019867871002193197,-0.40052904571076225,-0.3236601976982947,-0.4833268633520241,0.42629138931016114,-0.3692919501303587,-0.18593587173773138,-0.21377956926839287,0.03824826137340131,-0.3752250722723519,0.03972245035631434,-0.04224464743133102,-0.25817556991186447,0.0519997689631104,0.3782061895608205,0.09392165631755023,0.16710685722236424,-0.3421321245474721,0.20629262970424253,0.06406424099571292,-0.04072246647323236,0.6270310685938545,-0.2511586027848369,-0.0196134891427368,0.45547197369638814,-0.03952060525350996,0.2811327179992128,0.15234723177223955,0.1833339771246983,-0.10449530919699482,0.17985951234576408,0.2554526005680782,0.2456288490517613,0.5059444413167,0.15393644649689073,-0.1166685498085833,0.026258955631595263,0.583998127371929,0.4965120213280599,-0.18216593932958486,0.2846714901871937,-0.07677259169577538,-0.16743388469224532,0.4777515476295591,0.6528102054812914,0.20805331998941465,0.23554093333010298,0.0425705202643987,0.5859609175365782,-0.03626560764276861,-0.03401144968794057,0.05097544682090801,-0.11571915857981502,-0.17793744487546412,-0.39217169387462125,0.7025201870241669,-0.13831346587700577,-0.03355637779171874,-0.08292035017081067,-0.3120823864709451,-0.0975011998995922,-0.08384848727873653,0.0466975720925839,-0.1374168615635973,-0.027827347063657984,-0.20624159053514818,-0.14691297991679822,0.03319025557287024,-0.24968996827646933,-0.12537471340079992,-0.025358728422415006,0.029315787879996613,-0.01093736616659871,0.15261195246463058,0.20567060185345856,-0.0025909540066125654,0.17972519328922737,0.10215250011109663,-0.03130137166864866,-0.08749976102973565,-0.336716341390572,0.06799799029518123,0.00029680509869432406,0.14773215869210785,0.300035920756858,0.23567160670504828,0.39040144870438215,0.5693488540908939,0.5041407802948785
0.2950959393315947,0.7716199369883712,0.4287458862471106,0.7849198828225518,0.7104671157069247,0.16826720152402164,0.2644829778842056,0.0,0.5849651633662297,-0.4858602419460294,0.2357756974065382,-0.4710194322074673,-0.7157388306199491,-0.702139107194648,-0.6015041117133427,0.7771062070659202,-0.7694495114176179,0.08387080252541987,-0.8258355991527867,0.5792990722673611,-0.46667462296606205,-0.37788176911927296,-0.42980990151483434,-0.2767455691352556,-0.5782403876794877,-0.10645295445783075,-0.02926788874779088,-0.5589664768691428,-0.7926437013082546,-0.20157339876703956,-0.3419664335571792,-0.23983379252089004,0.06543615253004384,-0.5222694810070818,-0.36838131275991437,0.793549448973903,-0.5581483860387635,-0.10743341528819765,-0.4707651163576043,-0.353067965439967,-0.3912834057973136,-0.49687591135222003,-0.13621546774537688,-0.11990151598177005,-0.015332072942295261,-0.025808270095393368,-0.5783289724821885,-0.4926458820178466,-0.054247438512217576,0.10560561756723506,-0.2539666685139525,0.4029563848842479,0.5450238531244592,0.6557624736904648,0.49483971954315203,0.39977663387457024,0.8548378461755587,0.8980065638383975,-0.6294941513792924,0.19422524266020574,-0.5959142159139421,-0.28665296058846357,0.4068072321534637,-0.5272548514341664,-0.44157843036851546,-0.3848204629134674,-0.00635111197232227,-0.6706194636195385,-0.2626740786200302,0.274907867890937,0.1552834514181778,-0.03583094836106986,0.5200542268117996,-0.4049680102185198,-0.01626650674109867,-0.4201991504480336,-0.8149155227014662,-0.37964818163296,-0.33935404483163223,-0.37764862198700644,0.3894344088137935,0.6096234676609963,-0.35912410859558047,-0.05784642713459453,0.5340069981867056,0.48114548857528555,-0.24021844338990286,-0.4296064453605988,0.5903353151491583,0.7069281417793104,-0.7046695872351728,-0.6399800668364194,-0.6925062343187334,-0.7141914308913941,-0.5749828653455339,-0.09552911152090345,0.18241395260106397,0.4124732097319297,0.034603911565394954,0.3096752116840577
0.6035982301091255,0.6190456672687676,0.7933885624982668,0.493298643339255,0.5019822466981998,0.8155823068197345,0.6299389525442459,0.5849651633662297,0.0,-0.6258994539536019,-0.1613986696395756,-0.5819274192609031,-0.8134216843925023,-0.7883225177278382,-0.7716012860112251,0.5264420966790871,-0.7676353050850037,-0.4615147928023857,-0.6992140006078135,0.2131805159522734,-0.7400206930678784,-0.541534654607085,-0.6192232949423521,-0.6584312889176841,-0.3226756586061386,-0.1359217423735518,0.3418570604257772,-0.2648578511086167,-0.5870026126327138,-0.26412537002586567,0.1638112600400568,0.07672589671767613,0.6096854575015358,-0.7288451605244023,-0.5102745391763778,0.7193976729719462,-0.01444331871408192,0.05560409053407432,-0.42420476824597925,-0.3585890784961491,-0.5333203398296469,-0.42519205267785676,-0.04071218613918121,0.5106069284886589,0.6077682592511924,0.4476064025275853,-0.5105030570809462,-0.10358704220962135,0.6309325561085046,0.69645719752496,0.0094618378627153,0.3950270717265211,0.006888065487585931,0.17269815292466467,0.8275670928446867,0.8759277277024236,0.3844122448412018,0.6631097772512458,-0.5383634594320995,0.4110806708786696,-0.3569572607332385,-0.11130158961712516,0.3797509823387442,-0.6089964648806998,-0.7172425468447765,-0.776470021382023,0.6325973461094825,-0.7031176113262139,-0.6322155727776115,-0.35496964504298417,-0.4679494342925071,-0.40074780556386874,-0.121355681878476,-0.3073752589710441,-0.5012449559217759,-0.4464303939963512,-0.5725980251681917,-0.6984455871603201,0.1981585383907752,-0.1793671800455221,-0.29752581666944367,0.17908863028850636,-0.20352195483197438,-0.2023036825839292,0.3546938324563244,0.33882440187087803,0.09833638414872899,0.005317023323704049,0.43681419129742344,0.037384872936309724,-0.4058729046302764,-0.6522725742677629,-0.45023689346115486,-0.3649213226744171,-0.37139729847664854,0.584906657066437,0.5085314257181115,0.693974882276421,0.6960956857948924,0.7653517605166719
-0.3154435000029063,-0.5413184510057092,-0.3786112761953034,-0.6475586642445124,-0.7010508267914531,-0.37181488298628673,0.010955322412650386,-0.4858602419460294,-0.6258994539536019,0.0,0.4802338917567459,0.8502905909437325,0.7609977700385486,0.8011175314728229,0.6338630282187224,-0.21027497755870111,0.7662657668288564,0.5360730194272426,0.8247852677809814,-0.153050069103676,0.7303262071423257,0.7120147618404636,0.7306220463702267,0.7220886200168998,0.5604296074021826,0.4791949068464392,-0.26366735753361037,0.5851935140951897,0.5484599454514975,0.39173154201719995,-0.24904074891454547,-0.1419523894056783,-0.2782495459487476,0.806995213266939,0.7242684169195706,-0.482303576438456,0.22000432404899806,0.22949841805205004,0.798472784318643,0.8187670836216178,0.7033951513963893,0.8049618804126981,0.3403742926943546,-0.4425448803628628,-0.2989338300814005,-0.4511659566572044,0.5956812936656026,0.22608427019719396,-0.2358127616834832,-0.2610660542302903,-0.24036740588634148,-0.1450059383095083,-0.039395431079005595,-0.3831532844591781,-0.4956654236368465,-0.4869320407652171,-0.40209618438153416,-0.5511755655143369,0.8985416126802892,0.19948710416501936,0.5840696505472979,0.30070920054291794,-0.34185312729271594,0.7543428716135526,0.8794271249744507,0.7431168259338984,-0.2686448305010522,0.904762150536493,0.8594708920350467,0.4256421607429851,0.3888873521097569,0.31459959780246755,-0.03212104162975619,0.6706324561867002,0.7530464388536878,0.608218111368813,0.6365861928526169,0.7238103573185681,-0.2863346057951418,-0.014797374701774961,0.4100173646511519,-0.3120634872409528,0.10344958666864473,0.2169090088579089,-0.33295570308315,-0.37767808406175385,0.12374465088597447,0.18619654256155663,-0.3238910226390357,0.0221146308942589,0.4578487972867534,0.6468467865318024,0.7561155006758079,0.4742722333038115,0.5520364356350529,-0.5163570450874184,-0.49049970222397543,-0.6956310642208365,-0.38054877231577333,-0.41905154468807293
0.2046925828013859,0.2980306352256242,0.12620780228186498,0.14009747257729843,0.07492723051587502,-0.1296439569554172,0.13502811195240522,0.2357756974065382,-0.1613986696395756,0.4802338917567459,0.0,0.4598901502574202,0.06676542968598993,0.08252385715898079,0.015351326542620364,0.572005905681168,0.06675027040677127,0.31792666361515454,0.06180080811249376,0.09821401738032108,0.15256425808225688,0.2085334525028787,0.10072079205275355,0.23954592523092483,0.1420370003948708,0.3892912769250766,-0.055159914357768285,0.02313848780449792,-0.008738431859381505,0.04301314899949167,-0.5307470883522626,-0.311700338684499,-0.06491006009811129,0.16084220795175175,0.2666291898741229,0.029613960750352386,-0.050203997235611315,0.24372192381906752,0.43932845432950984,0.6253937136390338,0.07631744642449141,0.37758450748881994,0.20586328471316973,-0.4331661063914325,-0.1402102539199253,-0.36047391098213555,-0.06562284572478443,-0.20695324512797147,-0.16684384456144477,-0.16525278131888474,-0.35265798635925594,0.4034086939183675,0.35480687351633816,0.27847781897538154,-0.0030469091309804825,-0.013503334343577283,0.04592945119169116,0.08778657339964001,0.42579525727455325,0.5217518606275328,0.23862399703136483,0.255442758284271,0.23959113938538973,0.19726821751849427,0.34729925861379396,0.2860612844973925,-0.33693720479377026,0.22206370564394134,0.4318695518637027,0.37428150946740457,0.3653328329873271,0.16392434098189926,0.28184944890864394,0.5119532219629876,0.6293081530725124,0.3094958280758286,0.0061732451165988035,0.21321009096882634,-0.4227449092479588,-0.3416053286055828,0.5736112945116475,0.020183062445077036,-0.4617924138861057,0.2452511711076296,0.291560952847102,0.054614105330777415,0.07687148696477512,-0.1351288424625518,0.19012241819076267,0.3720064210003254,-0.11837209608242245,0.13780846329932553,0.2525150014990636,-0.18061352930236282,-0.04428495021048226,-0.48479107473231525,-0.10264933315164833,-0.253777004090451,-0.2297157157225891,-0.14918882610001313
-0.31110387559847286,-0.5021365864500292,-0.4503547529796669,-0.5584820366966693,-0.5738070723470742,-0.34804116364067517,0.0019867871002193197,-0.4710194322074673,-0.5819274192609031,0.8502905909437325,0.4598901502574202,0.0,0.7344261190847284,0.7377854530228544,0.5589628445638379,-0.2542791257639321,0.7149667139973483,0.3469758480587098,0.7793063739990633,-0.39359612960489954,0.5815141900925078,0.837857938583928,0.7929418670152082,0.5217698544493122,0.4465067947654348,0.7113366624936714,-0.38360462010540897,0.5956060279468769,0.6242866749237006,0.5817380086591794,-0.4206540357647595,-0.21552929947446653,-0.25934230675131764,0.688995117660947,0.80244129472761,-0.4796235947366689,0.14034217849472802,0.13941105051944627,0.6574204779495103,0.6492796871717554,0.5351226348049953,0.8463275738514084,0.40158681076507746,-0.5450086962750368,-0.3007423362703954,-0.5918756469088182,0.5482055976984866,0.021289917429242487,-0.24868949052235986,-0.39880939868943255,-0.14176217708807778,-0.0795209837004393,-0.17553376103732785,-0.25194492183812917,-0.5133085926456032,-0.45975010871655647,-0.37644955978731937,-0.5729577327929669,0.8101061894953765,0.1461554098716073,0.656775083836838,0.3600209179100883,-0.24614544390564852,0.7403662013884369,0.7794697996282034,0.6312230454719056,-0.16510607240416356,0.8697716824677044,0.7452147870594902,0.28953570098614034,0.2101103757106695,0.5769780988846142,0.07288905168608982,0.5551958143200726,0.5137243638233419,0.7046324121469196,0.7062423678471534,0.7750773643869353,-0.41991290458850794,-0.062383479999895415,0.19036790169742715,-0.325009474275757,0.24440712336904244,0.460098658779911,-0.22979839950723835,-0.1636847491467516,-0.05278469738141269,0.32531548236874724,-0.41847800398069107,-0.06973168936344971,0.47861938471313287,0.589101577728893,0.7143357330579105,0.531323587735369,0.7020499956602962,-0.5672156520239389,-0.4815880487089868,-0.5046020170259337,-0.3897725444404734,-0.4540602923669471
-0.5147162910471499,-0.7581107744455268,-0.7216995735028104,-0.8226263878097564,-0.6469173684884252,-0.5891243868150572,-0.40052904571076225,-0.7157388306199491,-0.8134216843925023,0.7609977700385486,0.06676542968598993,0.7344261190847284,0.0,0.9671921650322737,0.7697890924996282,-0.5620289718457375,0.9687904862230443,0.528280611002688,0.8924758794209847,-0.2797863531383145,0.8206646741778367,0.6927422815430588,0.7938569239250091,0.7732168034120684,0.5354930025183214,0.20801130726373762,-0.25712938737102853,0.45344669257262715,0.7562388794430261,0.310808922372255,-0.07868019376289145,0.009197624877048961,-0.5195424848437603,0.9070320395176185,0.7383331007966369,-0.6387222621270283,0.2391230995758157,-0.12696589402439612,0.5037252279091092,0.4329065725732953,0.7830716968734317,0.5605234512706839,0.10442379987415422,-0.4197801334412791,-0.49510531543216596,-0.48490932890849736,0.7960190878005589,0.3592449391906877,-0.356901651904869,-0.4723428878963158,0.15996923501908208,-0.2616841671265335,-0.029939257390281745,-0.32563736028439944,-0.6912944525497722,-0.7492701547412524,-0.4487944643356137,-0.7407613902539121,0.7195281635767845,-0.23501628968646676,0.5417500185626217,0.07490807666153504,-0.6320803689191304,0.5999814202434044,0.7529464744612107,0.7245325889114022,-0.3600448654312814,0.8459203195343805,0.6632248392395809,0.2971943711411125,0.26310612645510845,0.34517476055818086,-0.2035321431325515,0.37306019034829874,0.4586993548218014,0.5257059657096887,0.8087174638205831,0.684845949277312,-0.07243086897609621,0.38956986925050896,0.07201172790561605,-0.4971763300546844,0.22381870034834814,0.13072625221158923,-0.6314334840667003,-0.5767740527743737,0.02537853940916073,0.07301721357416757,-0.4225431702319565,-0.2022093038074624,0.6914129494034467,0.847257411004933,0.6886947978207324,0.5900453212379426,0.5618447856279576,-0.46210789721110596,-0.6297165366676593,-0.810114841971403,-0.48871335433602137,-0.6380150938125133
-0.4709374557518328,-0.7288895344964932,-0.6904477127918841,-0.8610060740827017,-0.7065797713924338,-0.5854560837607035,-0.3236601976982947,-0.702139107194648,-0.7883225177278382,0.8011175314728229,0.08252385715898079,0.7377854530228544,0.9671921650322737,0.0,0.8055800918062348,-0.533982774980444,0.9707118424467809,0.6054445790186044,0.9148403327929323,-0.19341694641747156,0.8814467810878858,0.7230768906222713,0.8252377910716423,0.8159382497049286,0.4466377601444497,0.27588545912534645,-0.36962849184323254,0.43324240056446617,0.6934669429038766,0.38881755754842495,-0.08021961194829692,0.08037580320960215,-0.43433524173335547,0.952548596602746,0.7204058731745779,-0.5594484641030653,0.18417110425626274,-0.042808146503034626,0.5491101814263067,0.44946335265809134,0.822647143994074,0.5817338112653098,0.07567393056103104,-0.49966399780354276,-0.5446858525195374,-0.5582179047768652,0.7554949663555538,0.3209052952171444,-0.3057165549063113,-0.44130306082295334,0.13991491573639236,-0.24071496640836343,-0.020481688051684478,-0.3068138314110169,-0.6363611587609407,-0.7187044892968343,-0.4385289137388969,-0.673827306825253,0.7217379301681646,-0.2557953717344311,0.4542871349648894,0.05222692766358975,-0.6636420861848878,0.7093928368268287,0.851207418394787,0.802353470776048,-0.34638722429759694,0.9016674803480187,0.7701928726458379,0.41331826678194594,0.36494569902485524,0.3171923855414441,-0.16075254592867017,0.3827750892531998,0.4920376836643952,0.4527727089733322,0.8029338906598011,0.7423116905535156,-0.09964013604762208,0.4245603615979375,0.16031374894422748,-0.43409042331844594,0.23368402322361712,0.041108282282743214,-0.6871298617357215,-0.6025472073608644,-0.018700168100578715,0.02929661820159729,-0.40230796624830056,-0.2023340814109215,0.7088231899610842,0.8461975679931845,0.6827094759769965,0.5304825083348587,0.5811451565652399,-0.5213074181784518,-0.7107852031163824,-0.8350092461498896,-0.44739394228910817,-0.6258812342989
-0.43370238436738795,-0.5479266090468172,-0.6207362727419812,-0.6193888427716226,-0.6014753667769602,-0.6190836647703553,-0.4833268633520241,-0.6015041117133427,-0.7716012860112251,0.6338630282187224,0.015351326542620364,0.5589628445638379,0.7697890924996282,0.8055800918062348,0.0,-0.5271955033012604,0.798917548697085,0.44914293573768627,0.7213355166852705,0.054085823659114164,0.8910314036014796,0.45336918074694754,0.6249297684392047,0.6148412912278985,0.21200493118996672,0.04923045219360648,-0.40566581380756317,0.22375263022623676,0.7066605138784074,0.38714909202309317,0.003123781480430535,0.27091231884654066,-0.313173818641458,0.674819713707205,0.38640513599853876,-0.5266521384255991,0.24423409653727457,0.20996529566786715,0.5073679902834932,0.34349967100025286,0.5216597701468411,0.34194701072322514,-0.04544586386652727,-0.4282240390845226,-0.513093987095241,-0.41472070945061396,0.37345004138040877,0.20498753559235947,-0.3709243979015978,-0.33119809098701347,0.14306955914661867,-0.2607845272358456,-0.12503870760196895,-0.22644022190442917,-0.5075987466258524,-0.629909643994635,-0.45521470126815183,-0.4705605666321831,0.5468290990722184,-0.4397928329459521,0.4293475693076073,0.3134315470583475,-0.32568459518714704,0.7503181638521226,0.7982513495508491,0.9024797026903613,-0.39552584019036147,0.761349623115833,0.6169314144563024,0.3673801949302604,0.5664086498671832,0.2973444698930619,0.08338739189662348,0.44263802623869425,0.5005431174568856,0.26601783159201997,0.7014712740706067,0.7024328509136161,0.0035424116246958576,0.44264892006690004,0.2992862792399741,-0.08777202722504408,0.161732681785163,0.045893004084572246,-0.4625453471401289,-0.3668550786529385,0.10069978295260511,-0.012801588442867783,-0.20160849005717876,-0.1278983444060299,0.6303649032035116,0.7207126613508275,0.5422632507031336,0.3634665827962249,0.38968975121839966,-0.4237920555238405,-0.4768647535580082,-0.6049526412897879,-0.45128965346908284,-0.41910612436971656
0.5632900561508085,0.768187383614395,0.5259898816828825,0.6024575640861759,0.6056277709077781,0.25413429504013874,0.42629138931016114,0.7771062070659202,0.5264420966790871,-0.21027497755870111,0.572005905681168,-0.2542791257639321,-0.5620289718457375,-0.533982774980444,-0.5271955033012604,0.0,-0.5715896080594748,0.11438390534502176,-0.5975708833061585,0.4504588879916935,-0.36675060472409976,-0.3008827013122229,-0.3761112593266888,-0.1985709443667822,-0.19224561307752944,0.04301008752245501,0.10040792705724097,-0.3625235891282056,-0.5663340146886396,-0.12895777063689956,-0.22643095016292078,-0.08562071424698543,0.2823093926953018,-0.3733866053951605,-0.23937506827007518,0.672909007408226,-0.2708359602819062,0.17745661338850718,-0.03147159204125143,0.08147892917766743,-0.3236332822800332,-0.2561633177035871,0.01203034459502328,-0.07236604855742186,0.12809429733590266,-0.06162759383261388,-0.5339327013662416,-0.37964876424249877,0.12348979689654865,0.17369921664101534,-0.06725288038046748,0.5724127571708401,0.6030134280721818,0.5329931288180552,0.5240537056623987,0.503968948840984,0.579608900512228,0.6711193756353838,-0.22074466252297292,0.47177186768656126,-0.25975218614379025,-0.09723328544268219,0.3671293345362592,-0.3850399796540259,-0.2836648466681335,-0.28925635985504394,0.070525203436916,-0.4854381291202962,-0.09580886811618801,0.2909561540487902,0.17755887246669397,-0.07301940665278998,0.3306846365372942,0.05878727475008315,0.18008209255017885,-0.1806143970378604,-0.5452105897264817,-0.3020424164493526,-0.11485928993613194,-0.2515962747335033,0.41908064606846757,0.3569540529664998,-0.590082088679304,-0.02106185614473084,0.4711158197395746,0.32615284784489623,-0.0358162909785661,-0.3804504543577373,0.5693924207891413,0.5294589668872238,-0.40033653135527353,-0.33553925677129254,-0.2537609904077081,-0.5462538951755577,-0.4575024152072476,-0.054655556246671906,0.17822195776079844,0.27328812818723724,0.1855592606546857,0.27431170701098573
-0.41599098520170463,-0.7129272716667998,-0.6318100580742998,-0.8589599018556157,-0.6769313724273188,-0.4986656037477842,-0.3692919501303587,-0.7694495114176179,-0.7676353050850037,0.7662657668288564,0.06675027040677127,0.7149667139973483,0.9687904862230443,0.9707118424467809,0.798917548697085,-0.5715896080594748,0.0,0.4810791083133046,0.9309697396222018,-0.2887072592089431,0.8322885440462547,0.6320381354449659,0.7199845527050355,0.734572110587271,0.5113933171340781,0.19729228134407287,-0.20897727244076544,0.45840792642588574,0.8060903958255731,0.2722311578657514,-0.02616448192328599,0.11327193592937039,-0.40166718839105603,0.8947461904754096,0.6727042281967637,-0.6360117734137589,0.3657954233356766,-0.030164153583073918,0.5371168964228318,0.4686343505662348,0.7615909171214691,0.5708116259928863,0.052481832125971094,-0.3705419336741591,-0.4203943607540909,-0.4262251092900246,0.749326839392178,0.41987480472811706,-0.23910795803988777,-0.33187263026692565,0.22195738304084658,-0.19628789114654435,-0.08328900659018869,-0.35031653297938237,-0.5852635094114731,-0.6566675291311588,-0.5419141113962247,-0.7201406344902183,0.7471250029638339,-0.21105018853160654,0.5724152010918148,0.1813453234674276,-0.5918015817095233,0.6549258677972758,0.7785348107848763,0.7451312959466838,-0.330658008667879,0.881172473274196,0.6657856090358648,0.27319742134844377,0.2610356000523867,0.2618282353481428,-0.26820126489613466,0.44315602856969855,0.4748418467546831,0.46861110861319677,0.8742989190552988,0.6479231083335252,0.006054678173886689,0.45462894859192615,0.06878869062281028,-0.5332794459018217,0.16442748213703895,0.08105754455829611,-0.6364901953707907,-0.6163642330274519,0.15973128607616108,0.11647040818807286,-0.35516125067049864,-0.2899255051718656,0.7489436210662989,0.8763590641757857,0.7237272605006773,0.5799936736870908,0.5517623919888911,-0.38831937641241343,-0.5720360250890546,-0.8024907196807789,-0.3587305498994819,-0.5325105421505546
-0.3279763540241392,-0.1784727438073246,-0.47189689712831545,-0.39121633501597036,-0.275938607056977,-0.643692443786427,-0.18593587173773138,0.08387080252541987,-0.4615147928023857,0.5360730194272426,0.31792666361515454,0.3469758480587098,0.528280611002688,0.6054445790186044,0.44914293573768627,0.11438390534502176,0.4810791083133046,0.0,0.31430167299284234,0.5005098948193427,0.7536204774070291,0.4592222169238249,0.5838583552376125,0.9039701716342076,-0.04221638592929186,0.08713951654890119,-0.4667929892842767,-0.11790540542762144,0.028702882873853416,0.19383465479237777,-0.30955320663345287,-0.07113614794390312,-0.5308102463463829,0.7578172900969233,0.49082258329344924,0.12999209369257686,-0.34145092708691366,-0.2103297451635632,0.18906281194196634,0.17493423911231903,0.7813584012975314,0.13687478263012576,-0.13439557972976823,-0.7494160981438718,-0.7762229253431658,-0.7157900708596062,0.42257453038400195,0.018028728937867392,-0.4268393215088806,-0.44978874092687715,-0.08794856615684038,0.05046118887468435,0.6475128168652668,0.2626416964853418,-0.36135722254799657,-0.5830982942842456,0.3240260803581397,0.04783688076773795,0.23719241520107778,-0.211961159454446,-0.1574728361756384,-0.3978790581482881,-0.5822951718864406,0.3151025050039354,0.6455564813887171,0.6821072184681092,-0.5368367875248994,0.44317529627905694,0.7507458121869199,0.8970536929085717,0.7286722567726502,0.18793871891374558,0.22845230626764773,0.02320784760662623,0.6581089180347164,0.015319688009292554,0.15039139483620864,0.5164534820364931,-0.3570606634606358,0.27649185313894226,0.672569812609951,0.09778550417214739,-0.12062392059788987,-0.2034296345136857,-0.4688934964288324,-0.45765332368527545,-0.2435052470514529,-0.557408039022622,0.1188775551336495,0.4991649550985889,0.1875718085222157,0.4433165290846273,0.10626100731985465,-0.12761884104324542,0.05883769696159224,-0.7651160246104807,-0.7894334476779463,-0.7907538984099621,-0.5513946268269434,-0.5365111012609207
-0.43208901732743393,-0.7880497655427012,-0.5699853416048005,-0.8238912759915367,-0.7535194324737899,-0.3676423289081135,-0.21377956926839287,-0.8258355991527867,-0.6992140006078135,0.8247852677809814,0.06180080811249376,0.7793063739990633,0.8924758794209847,0.9148403327929323,0.7213355166852705,-0.5975708833061585,0.9309697396222018,0.31430167299284234,0.0,-0.46706909186809903,0.7129176516231762,0.7104518754195415,0.7313396437343948,0.5939144672699193,0.6139562146261089,0.39386079885332775,-0.21700147892314248,0.6972165948931254,0.7947003740057502,0.41095410291531814,0.002001278653236913,0.03724282387141562,-0.2695744042427479,0.8358181226297046,0.7075300052324859,-0.726168184467322,0.39442038144181363,0.12148259000249775,0.672438672013847,0.5960679271217292,0.6711302752400989,0.7561350503939971,0.2851158857373051,-0.2733970155995417,-0.24394590767330065,-0.3449973713829628,0.7078613125115187,0.325976821147323,-0.17462845745879282,-0.2903849701784677,0.07523239751351654,-0.3558180949026856,-0.3087014258110569,-0.563544157566797,-0.610479349669207,-0.5830005120547045,-0.6607257099910215,-0.8131471570046462,0.8498370696487555,-0.10234216492497872,0.6550431247537162,0.31937653262965127,-0.46659462838214305,0.7742393182934605,0.7961852768988414,0.6737038044214507,-0.16596512277469708,0.9456682791361823,0.6836247115214402,0.15956028037507577,0.15951370428190684,0.32650203944773964,-0.2568607975269037,0.5634121105053551,0.43114022893982684,0.6279711140063029,0.8746859440985728,0.7036888572789809,-0.026984995600910906,0.2430849199534807,0.023074240801132594,-0.505702582944837,0.32923500708172154,0.21532644867003706,-0.5114484782618385,-0.4644443816607578,0.134986057785369,0.38575752026237503,-0.5459659175261831,-0.3500966324853872,0.7066556104990618,0.7813109734225349,0.8093301776606281,0.7167366601290767,0.7046074707441448,-0.3161509095756892,-0.4727577672767468,-0.6608617754386162,-0.28472062443376056,-0.49552119306057457
0.159986070569702,0.42364653986156137,0.16850668154544882,0.21697366835576107,0.19193450444983481,-0.1359835111608886,0.03824826137340131,0.5792990722673611,0.2131805159522734,-0.153050069103676,0.09821401738032108,-0.39359612960489954,-0.2797863531383145,-0.19341694641747156,0.054085823659114164,0.4504588879916935,-0.2887072592089431,0.5005098948193427,-0.46706909186809903,0.0,0.21426858614677907,-0.32343409732065975,-0.1406843837557025,0.23309353325550314,-0.4928183562626037,-0.41674432936709577,-0.1950367794916789,-0.6598875868147702,-0.47378062881228317,-0.167801893483231,0.014940539611811849,0.22323196282181634,0.00754290986853827,-0.09539525001611336,-0.3316166947333015,0.621850702992468,-0.3303887313697884,0.0407836389491443,-0.2139721120169598,-0.24176181752318612,0.06043408398808502,-0.5459038902021178,-0.35506320776509037,-0.21737077151874576,-0.3323135716950455,-0.1345532919324153,-0.30793757807758093,-0.07059127797634174,-0.04407913752681478,0.14842351657786212,-0.11328480646404308,0.259934697564933,0.5536373767846275,0.4721625855758069,0.331529769634695,0.0928322751379556,0.5702598114145817,0.691871382502238,-0.40606197092859425,-0.12505316899806976,-0.5541395805378282,-0.34951385498871995,-0.012356150795971025,-0.20074614980816738,-0.007685744937360177,0.1776967280540186,-0.2152818961222082,-0.31178996072548765,0.044625165076300995,0.527179732355179,0.5958186353840638,-0.2964695585955515,0.31723710523713805,-0.22841081502898672,0.22901600455539953,-0.5877495376444113,-0.4676281848349903,-0.15176255227920343,-0.01675031637366544,0.21218319105932312,0.5427994582678719,0.5333218612884406,-0.3757312037275898,-0.4927820006939956,-0.06505326004180143,-0.06719949686443256,-0.07813035756799133,-0.7524888174713421,0.6088880797001861,0.5321673207940903,-0.25232282814583834,-0.18165596028375863,-0.4361066648550483,-0.6106612284619513,-0.5304339526540945,-0.1859307600545505,-0.16609893789345997,-0.08547218602557465,-0.09503715699667432,0.18566767952435662
