0,1,2,3,4,5,6,7,8,9,10,11,12,13,14,15,16,17,18,19,20,21,22,23,24,25,26,27,28,29,30,31,32,33,34,35,36,37,38,39,40,41,42,43,44,45,46,47,48,49,50,51,52,53,54,55,56,57,58,59,60,61,62,63,64,65,66,67,68,69,70,71,72,73,74,75,76,77,78,79,80,81,82,83,84,85,86,87,88,89,90,91,92,93,94,95,96,97,98,99
0.0,0.09690447989830026,0.3882277544592332,0.5508826357060624,-0.30427437593092826,0.4942873511508797,0.5890541798048782,0.03752529980367293,0.17357008029063095,-0.10838918964260179,-0.007725759517263329,-0.14558252797434224,-0.213451516296262,0.20413855804192815,0.28883186093958696,0.7790281598316523,0.11852602125558113,0.16298119160038893,0.23262614131228307,0.23968517074724155,0.4253175351398934,0.3129479425375604,0.3996110674722081,-0.14088550992515522,0.14317927144251097,-0.17240356613006885,0.5218731538662473,0.3106262406064103,0.1093210833816685,-0.16073021115007166,0.43134530848714586,0.46592651219345305,0.7198712219635981,0.31485016848536684,-0.014671906707792013,-0.5712407280164113,-0.1405478541290232,0.5700357207049168,0.6047660382189162,0.21531703883187905,0.5538093478066217,0.46370987578882067,0.44688260968187615,0.22187510452018988,0.2618402442120745,0.2744871374865292,0.25107619915502427,0.37949109719112833,0.6872064359571024,0.5904827697606506,0.2971863978686691,-0.2838279395868421,-0.3445290846808873,-0.3663142576326107,-0.07701449732413848,0.19967322506928512,-0.34221736344187487,-0.26550255105585885,-0.5695902920043325,0.2807637975295906,0.0554919560779561,-0.04570507498999879,-0.06280418271705221,0.3627316904854891,0.2789619002097298,0.30219632649367123,0.02155401277262346,0.018234482141119827,-0.44244881413137893,-0.05769854747431329,0.33684164338099915,-0.06687483900519293,-0.05617870436765086,-0.21688024767547118,-0.10892695124546191,-0.17498869474775205,0.0011623876181990395,0.2121766814169441,0.3020139674150694,-0.06489466881196568,-0.7366768218095072,-0.4203037383904353,-0.6781236586963746,0.04034546572911132,0.006621473478384103,-0.23330692075527698,-0.550318386280437,0.07986833294858586,-0.4268505142942415,-0.4703002190296853,-0.2423702144480044,-0.3053341137277786,-0.43179044467315114,0.40928261709111124,0.3308193555590729,-0.03192955467957279,0.14013722474373155,-0.3559968670358433,0.5252524566940334,0.2724558799505467
0.09690447989830026,0.0,0.5394923155676526,0.4331366947339506,0.8287169361132916,0.2847796553753926,0.24444479979625935,0.4053619089231755,0.46082627280228805,-0.26100376007314535,-0.16566673080523522,-0.327663079433326,-0.45086745944157175,-0.1353438207155712,-0.09867726214046695,0.43325850573676883,-0.47537075343588003,0.5781501300676073,0.028262492077837563,0.45421851114884493,0.21800112171714975,-0.3874951017934459,-0.33526107602007216,-0.439605887174817,-0.35058620408543223,-0.5796555930327958,-0.3057421957307612,-0.5115472753438117,0.2764476351462516,-0.24671661115197974,-0.1793148595348153,0.06591724935940141,0.31411418751090514,0.06468408117611342,-0.3881670650023422,0.4879694094990058,0.27068159965246036,0.036119426488950473,0.03451771495855594,0.3189424124575474,0.3589019208347659,-0.568104517857113,-0.35516993103540395,-0.6516691025990683,-0.2925798715511339,-0.04068174389876115,0.023198165160931244,-0.2107835567492976,0.03337152188747137,0.004277167021057392,0.39794985541092176,0.7719444034553761,0.6607592900515177,0.7766740627609043,0.7697051336712744,0.4672343234163361,0.6457953167688605,0.6034949170153617,-0.28747506521480504,-0.4546815574713979,-0.3656220315769342,-0.5772551817770896,0.012174007773721445,-0.2237355135023219,-0.07278914233543668,-0.12775039029443397,0.6031971029475204,-0.2652153677595531,0.2553902329882139,0.6164045305365863,0.3140390622424842,-0.24648843556993924,0.023165741927108515,0.6834397760154324,-0.2179639541836397,-0.42439575751594266,0.003105843746905443,-0.3159480669912043,-0.07539959782002816,0.06617653518659126,0.0885202771684968,0.6066530097056274,0.08331221554174756,0.2932121268788909,0.35715175060004833,0.5794522198693076,0.002508498439231172,-0.661598144593518,0.4402579156298315,0.4786657075540297,0.3468676087848736,-0.126856824690355,0.5972371167036945,-0.3670267910474498,-0.2656706694799136,-0.5177488225925028,0.18478566074210548,0.3855952326239551,0.2892204093216333,0.357410564809359
0.3882277544592332,0.5394923155676526,0.0,0.29697788230732447,0.18138156345035264,0.9393590147071601,0.6944829732610958,0.6799651517692857,0.8896325861907516,0.07757622828642921,-0.06671486707154085,0.10160342571928754,-0.12278428937063748,0.02345348428430941,0.07921928385714892,0.6134654356444017,-0.0850643298103194,0.8540835816007702,0.1716779643210221,0.7370586749037233,0.36863676347974655,-0.3022259182254599,0.22872844046608018,-0.1620369712872024,0.03253047406049118,-0.0586624898319129,0.19027508601150753,-0.03812462270217707,0.667202839125134,0.06766578376530821,-0.36137994221669784,-0.24715906274797922,0.28496650361638326,-0.037605487844499706,-0.3681263997489577,0.20916854953134223,0.06407034623383731,-0.06922087783204811,0.20165317973988922,0.03354320762208972,0.16748863989511387,-0.3320583199449171,-0.2814222084117711,-0.15364844206187717,-0.3525639505037621,-0.3775137853703998,-0.1216739841070264,-0.28165245579598563,0.46464707491501517,0.0889346936512871,0.2981394581250498,0.5012846154515577,0.26624081560008295,0.017789036040504483,0.7456079356812352,0.9192093642648573,0.4969748117453888,0.5660314933698043,-0.2711152938394732,-0.045832527639020834,0.1635582625301932,-0.07323818185992233,0.36105543845317417,0.05089395158927981,0.23718183785775207,0.006586531445923203,0.6717521852756467,0.04219296439928962,0.26274576571673613,0.7644417137914868,0.59331785616915,0.3319512726854283,0.5557577365792128,0.621478890862189,0.10987192850784193,-0.13245511804396526,0.2727764506488003,0.23367663313851875,-0.4974485192493175,-0.5828883127539046,-0.3589571822062587,0.07838120089466842,-0.5356342417356473,0.4610436378526517,0.454883489366762,0.18477511786535009,-0.09941580873777088,-0.12196525403041991,0.44637040802567357,-0.019487437481068594,-0.270675101220264,-0.5285304696910142,-0.10342845240338656,-0.4687278488428547,-0.12146939496157139,-0.21365029439631725,0.16626152302195657,0.02658949562575893,0.7276138900235686,0.30428458918980494
0.5508826357060624,0.4331366947339506,0.29697788230732447,0.0,0.08707027878133893,0.23751031909094603,0.6316017616670636,0.32280988779042147,0.22357972317397307,-0.1651456176269869,0.15407448367274093,-0.19424503161883444,-0.14377848990245407,0.31992353590624456,0.45902121970909954,0.762591057205526,0.021203330100737862,0.016563210671122576,0.4800010860867769,-0.040201188155720144,0.5383804740266207,0.2929317034634691,0.2773853913478217,-0.21586569320982266,-0.33668448513441274,-0.2819267259910592,0.4708939484555302,0.2788220996045427,-0.1481642997055695,-0.060148322699892905,0.20718804110810132,0.6694136603098441,0.889864667629922,0.4758841062232002,0.08740003661232894,-0.29383284611162164,0.12098932198941159,0.7987582737131027,0.6730966498357152,0.48381977729297115,0.6825351349558053,0.36113448290531225,0.5148657871341361,0.008807916017493487,0.5221992924257772,0.48854437231595477,0.466947648948633,0.5331762455717308,0.49383269470436053,0.6447909652612456,-0.17213565064796837,-0.11465299390438295,-0.2359321044376881,0.11463947710633066,0.002359559404178085,0.018654302955411404,-0.1789731373832108,-0.11943965080930041,-0.7352470392772235,0.39726860926585267,0.15342508659477258,-0.018905657719068724,-0.02872041016599848,0.4717052983056702,0.37744726025615727,0.45752529089332106,-0.18050876787560616,0.2743706785409508,-0.5139684909828707,-0.15281741750019195,0.18270899846095054,-0.4733940020463705,-0.34206017785142806,-0.18075849007158756,-0.14629593923514575,-0.06896149482583916,-0.06765167033967877,0.20552847405682334,0.016286308265277757,0.039986569837862806,-0.6497374734658962,-0.2632081059272233,-0.4041938476957812,-0.026580811434328902,0.1346725961250249,-0.06879720659682632,-0.5236051277217992,-0.0006409419760502028,-0.43707724235405,-0.37063877676654366,-0.3669795527591728,-0.06209073779613031,-0.10540285998804766,0.2256124678614742,0.41092794397937527,-0.1645377937874599,0.0943532176027901,-0.25629903020555017,0.1451223699096406,0.23516152949137908
-0.30427437593092826,0.8287169361132916,0.18138156345035264,0.08707027878133893,0.0,-0.08765328719093499,-0.24223525050722083,0.2161857092324104,0.11418306133914526,-0.3954860583207028,-0.1636274687890323,-0.38274866876872704,-0.4143114983255392,-0.19162379565035773,-0.25731225746503017,-0.09777975881381953,-0.5424875913024572,0.3674161660966856,-0.12356612256410292,0.35041245139720456,-0.07541779415344792,-0.5247158697961558,-0.5973923087737103,-0.5412364360558066,-0.4814954637144312,-0.6105073511978928,-0.5080184019574111,-0.7015077269206589,0.18054417487220628,-0.2902763417339717,-0.2025769173662939,-0.05793784514034321,-0.04624526516424623,-0.13512186315895958,-0.3610228560545467,0.6891130700354591,0.3681792243740412,-0.25538496527819887,-0.37863115421689314,0.020900263381017917,0.1417208310767845,-0.7419791086916905,-0.5701147563025543,-0.6068110813088914,-0.31245570539035766,0.011045642863186166,-0.019967772062439992,-0.34115105144552543,-0.21823400895426695,-0.15856682214402104,0.3817442678653668,0.7838815976809221,0.7539764712752438,0.9544140126225787,0.7025154289928052,0.23451659280086937,0.7339767899911961,0.6559108646267159,-0.07038083463658966,-0.6535545541666217,-0.5927066242032591,-0.6297498622838615,-0.07007883884314303,-0.4137215542149995,-0.2641032458031983,-0.25958291371905795,0.5751054870169883,-0.3399668572144317,0.369562494315908,0.4976613759132839,0.10044063025660874,-0.3073885184419803,-0.011618815639236592,0.6400874239211725,-0.2662568324299679,-0.49684109684111555,-0.0411778577760449,-0.5406012042841599,0.012638394297354496,0.3554679385526071,0.4666658914933982,0.8123138201569966,0.5534460203918757,0.07084634374895979,0.3276798900624274,0.7232113530719052,0.3280909549522549,-0.7313246190246199,0.589619118991471,0.7640700993961103,0.6731072836144714,0.03697433923625777,0.7754621368587348,-0.30825723069427097,-0.40442652547307795,-0.31858338264640296,0.31998951528369013,0.6870781437735614,0.09905905149810304,0.3811579671759742
0.4942873511508797,0.2847796553753926,0.9393590147071601,0.23751031909094603,-0.08765328719093499,0.0,0.7122259923303818,0.5689166091468478,0.8308640836344412,0.09026561126383296,-0.09002283963183061,0.10734722525458987,-0.08808464563062228,0.05660560057046307,0.08645791439608379,0.593532146373855,-0.0024883028071298937,0.7568449909718022,0.14411615115568882,0.7260161426749028,0.32079451056342445,-0.1731987025062014,0.381929881837135,-0.11722399744958055,0.12169385184191595,0.023432371044678987,0.3927844949527391,0.09028392676455484,0.6302249297462245,0.050823859896779455,-0.27692125599811235,-0.21288312914337,0.3052168141563123,-0.005067568011990932,-0.2356134599327689,0.05204443763594724,0.07493305345940501,-0.03414950349233332,0.2892646905816695,-0.02573097306523612,0.2000425188681386,-0.12886868228977807,-0.14928750782524738,0.06657687799012227,-0.21958726899987704,-0.3095062082203687,-0.047512525195739466,-0.17442930273177537,0.6237007516553001,0.22332787928162923,0.20421399646604899,0.25042875321447994,0.01815828482253677,-0.2588996707292688,0.5748813128991268,0.869307858346815,0.28027581887285313,0.39240483663713366,-0.2976913629697328,0.049988625556427774,0.23607353876094947,0.03269733632236352,0.30066627708020083,0.1110533928741625,0.2530441533830284,0.03584273473569248,0.5654984696653801,0.04790274799335993,0.10168604442418802,0.6064354165956488,0.534160457666406,0.3745569771093223,0.5521625133959938,0.44775394477708835,0.09772911102467483,-0.10601994051615374,0.23875410877857203,0.31598222611625004,-0.46165115568907367,-0.6119176632877722,-0.485361780589516,-0.09696729278975547,-0.6137814792591807,0.3908958271289633,0.42831125212052973,0.07234323515268533,-0.0674547299733766,0.041903880452124544,0.32117831725385765,-0.15795611920941538,-0.38978178545099096,-0.5641751263625443,-0.2918380642703332,-0.31701680503741275,-0.03598946880101936,-0.025310074520329174,0.25067344446640066,-0.04465864622666583,0.8063686990807628,0.34789131702073206
0.5890541798048782,0.24444479979625935,0.6944829732610958,0.6316017616670636,-0.24223525050722083,0.7122259923303818,0.0,0.656552685737973,0.6881814080220395,0.4251339732763816,0.3704910932772551,0.4047061752453375,0.2284739123985212,0.4181895327276742,0.6146089334855382,0.8241062437119926,0.3932249299953248,0.3645362669963651,0.6033853233972941,0.23378257733885982,0.75967008203411,0.04278619705067578,0.5116723921451468,0.08878528509727816,0.2987359650430233,0.24573637843007115,0.48570488056971456,0.4713664686154157,0.2979750126395982,0.2845692059458684,0.07540001457617672,0.21781215400188475,0.5884199203808519,0.0445299533314575,-0.2528028388342537,-0.39714208513096927,-0.1924461098341064,0.5375275806676189,0.7016431520481066,0.45524263303277374,0.1582822008563848,0.2083343832572442,0.2244933248329325,0.2305498864431291,0.08384299284982312,-0.13962439711150704,-0.08769146040171216,0.07027303087532927,0.4341596311255405,0.29857587767479543,0.06357194680833822,0.07133491906802823,-0.05742550268847182,-0.3160031801508814,0.18813488251817512,0.5300338438091934,0.043100654158320525,0.04382051063762869,-0.3273561167449317,0.5211472518693082,0.61111130194504,0.34641630653357347,0.538392792249769,0.6077172642589653,0.6337478000830101,0.5405890804345774,0.11997573467822624,0.48665155189892223,-0.13330782847790582,0.25697476819119675,0.664514049460781,0.1844284633296365,0.32202816386821087,0.10599795099645239,0.42208025746939853,0.3140944994058892,0.39318637744635415,0.6721565704662604,-0.1968221622903177,-0.5236936617179924,-0.7535679675438541,-0.4981541072078238,-0.8018487961222315,0.22562074951523647,0.23153142876123928,-0.3281726526734659,-0.5050895234155138,0.30700570377734393,-0.19778108054267607,-0.5617992232620599,-0.6106080676628338,-0.13017483685103784,-0.4222950524744282,-0.07447897240251884,0.3232580560515143,-0.044827226726377234,-0.088546452726708,-0.533144178530509,0.3689482039171187,-0.0027996732772955983
0.03752529980367293,0.4053619089231755,0.6799651517692857,0.32280988779042147,0.2161857092324104,0.5689166091468478,0.656552685737973,0.0,0.8187714902548678,0.32866925674621195,0.4542732651785154,0.44148117788051455,0.2536225825669903,0.23006528794617165,0.36916523318222433,0.2843048531422814,0.11030695660245457,0.46292000837013825,0.3811487414890291,0.3626931242985617,0.42210131540583407,-0.5518030599527596,-0.03667974209554627,-0.18890597474138535,0.042203309637507236,0.13090731198857075,0.036291826320227656,-0.012166540210077221,0.3348601456962522,0.22009961352752602,-0.18200987920998618,-0.16195617141836802,0.14110607077616072,-0.43148534069088534,-0.6557808938630527,0.16595313711610826,-0.16244827941226472,0.042686796825926555,0.1679060579403091,0.07979840490182838,-0.14366555900509215,-0.35523902829574894,-0.3568698419542406,0.11007927983620157,-0.18907492424609934,-0.42735233156816654,-0.398593424240198,-0.48030950411501805,0.16877739247511925,0.005121282185818161,0.10916173052113856,0.5373925079157252,0.37500693880678637,0.149528876679678,0.5929383862845955,0.7259067616832353,0.6373088993323414,0.6646007086852534,-0.037138393357550974,0.2548562501578628,0.4118832978012454,0.23407543049396098,0.6606541687366851,0.26618022234263017,0.4051050958882377,0.27471498912430076,0.4852340384359077,0.3684998200814358,0.12765225738041813,0.5333334851034562,0.5732840635241029,0.052468074001837825,0.3965458349712941,0.440026861010725,0.48099518566777266,0.11738824144407947,0.3264524929316111,0.37395075417054585,-0.3448761154898814,-0.4921212715399971,-0.3481990352758705,-0.088028803228095,-0.33242781481317535,0.009915112268388256,0.4039902910823297,-0.014039251332436851,-0.14485586926623412,-0.07169985495579219,0.32299617619760346,-0.06194171756348356,-0.2573528947066901,-0.16462837546609174,-0.13155518136503733,-0.27415734514452333,0.07787198458338275,0.09494762916670392,0.08076914519354188,-0.14900713104152727,0.3777801240720629,0.12740835334131093
0.17357008029063095,0.46082627280228805,0.8896325861907516,0.22357972317397307,0.11418306133914526,0.8308640836344412,0.6881814080220395,0.8187714902548678,0.0,0.26452287684083736,0.05342721631059591,0.2534427028235408,0.040124464309021037,-0.014939601397917878,0.06159711433547422,0.45364037621387204,-0.08924674206710911,0.6996287316877493,0.11189489132486527,0.5696770287684665,0.2797437127314983,-0.46330083207187,0.07298298323873333,-0.04725707327335478,0.08861783346165789,0.05962484448350479,0.04061901567134848,-0.07907924120430607,0.5090420281265751,0.1189395671410093,-0.36436925586895735,-0.3284715934065524,0.15280687975664017,-0.23187682467465562,-0.48471222523075386,0.26210590911295006,-0.02955022446788953,-0.09325055983578427,0.23009418999994175,0.11634541982854302,-0.011947652900630644,-0.34874991092076524,-0.3238592794821042,-0.11912449250749238,-0.35018255355110706,-0.5465473791946774,-0.3069708555255934,-0.4398279384131419,0.28248672328774904,-0.04405635291839822,0.1085042413646003,0.5264160036826041,0.30198433701617644,0.024531868747697336,0.70663486769521,0.8885794500422268,0.5440624741479779,0.6513994964698587,-0.09004403296051675,0.043954462582704704,0.3313425561550907,0.07812979869463005,0.46419301839942906,0.046401706491625665,0.22950225004289485,-0.00410183021915344,0.615285844145656,0.07997293576909742,0.21373961164843755,0.6992003104432314,0.495438072296637,0.23650314537691955,0.4422695665581042,0.6129187567031295,0.27156310963887276,0.018635615791613734,0.2277193605513005,0.27365081928420393,-0.5380568509900775,-0.7073141674263154,-0.2993043962037643,0.035905509465656425,-0.4623528148366324,0.36384670581868594,0.4478075696867737,0.10167254325031296,-0.0537193294398073,-0.12244540165863833,0.46037864480548885,-0.0064272637247352465,-0.3561629826415117,-0.42015747272466974,-0.0897130182137282,-0.47632632712192285,-0.04941351206543874,-0.13615536661864275,0.032192955993938,-0.09626453115257333,0.5575539395613588,0.15316824748630117
-0.10838918964260179,-0.26100376007314535,0.07757622828642921,-0.1651456176269869,-0.3954860583207028,0.09026561126383296,0.4251339732763816,0.32866925674621195,0.26452287684083736,0.0,0.5891124728875928,0.9263631583792201,0.770039628510306,0.2739633488844299,0.4933297665199373,0.08990992593289253,0.7199449060262247,-0.02424028216385498,0.4058143760206331,-0.203405368470357,0.49918679652224845,-0.09691124720429656,0.2817881296426762,0.673071095983303,0.8429357704010608,0.8419936917056441,-0.08207044267790024,0.5426068127086513,0.1978163467260001,0.6813126577488936,0.007419581985950292,-0.21159421679990797,-0.31025963836847337,-0.44961788872781566,-0.33060887395265587,-0.41088696957061105,-0.5206507417137245,0.06106809391492283,0.22045366557318946,0.38154605258255975,-0.7154769769183289,0.03275879138154455,-0.05621099961200072,0.2597888026458694,-0.2873138935608521,-0.5798523349725125,-0.6786238408798769,-0.34999674334720965,-0.4337361453969427,-0.5051070947024329,0.013849891313036204,0.06384898938953565,0.16702235474875493,-0.4035007660018202,-0.16084765175511892,0.1419882968607475,0.043362055271570145,-0.10929674475091093,0.5943033541481466,0.48674524219939524,0.8151796237865742,0.7197311312979523,0.8159360135959373,0.43407383381941567,0.4462353273339083,0.4017533917914779,-0.11179608594781267,0.58490004763908,0.31017648546564586,0.12075420746981007,0.5231249006429857,0.5657186117701845,0.4623578259336599,0.045570539676010574,0.8858603046063733,0.8593607291943708,0.6322410128908348,0.769154864111055,-0.09801440280705834,-0.4671601422582811,-0.13043409531612435,-0.502725248160472,-0.4287949565173845,0.18598607636569364,-0.09803955153216444,-0.6023816842359622,-0.2113564246139976,0.6200235162006066,-0.11371425741618853,-0.46212363423451375,-0.4215411396568695,0.3687327772548842,-0.3660679541417281,-0.24562651986551062,0.1279473396209397,0.05221490515009297,-0.5738880251003631,-0.6684614344759268,-0.3032489679441405,-0.7120488795933225
-0.007725759517263329,-0.16566673080523522,-0.06671486707154085,0.15407448367274093,-0.1636274687890323,-0.09002283963183061,0.3704910932772551,0.4542732651785154,0.05342721631059591,0.5891124728875928,0.0,0.7422162414643304,0.7566839172933756,0.7370775562697929,0.836958667349736,0.011293977949523547,0.6761826966907377,-0.354525920071882,0.7529372318401635,-0.3989447359437627,0.5808376936402969,-0.10102189898375713,0.1323540906028297,0.043395096213105354,0.38110940520474706,0.5677103538724,0.13584395530426963,0.5099504854544233,-0.13410051233820872,0.5655694597815721,0.4202663425888875,0.2938482393159926,0.05254908419465102,-0.4341312189658148,-0.3802710754015801,-0.45416050242577666,-0.3299148356035099,0.4180709619330363,0.3163052333144388,0.2233872896871976,-0.4642232877568338,0.17992840078546948,0.12790823561403178,0.545292021664562,0.24837704267722951,-0.0795574554661601,-0.34500281605260247,-0.13818127550338982,-0.13750809894084937,0.020629338643758363,0.06533879113675067,-0.011642521294230003,0.1316841647128775,-0.11440833921316028,-0.19976262234888634,-0.02812328187699548,0.06963129408633376,-0.08414211730259852,0.2717581938030384,0.6295791793841726,0.642380994858186,0.6838792003262779,0.7492396082497491,0.7448506941739605,0.7457279097330597,0.8081752295599737,-0.24505478422572038,0.7827811645856638,-0.05068967971090641,-0.20696254403824654,0.51468404641929,0.017756088180610818,0.1953420238045173,-0.29086111513913954,0.7784947273418785,0.6280943543965312,0.5825812743592282,0.6965167322310215,0.23211745993408736,-0.04277942019489768,-0.39402375105416493,-0.564308555757766,-0.19033009313501711,-0.38539925545977877,-0.2096561378473685,-0.5997090263501625,-0.26660628203472636,0.3923418687436053,-0.3589984261144401,-0.4592116891453501,-0.170343120302754,0.5426944766923935,-0.27407406857049976,0.30269087857093785,0.5097788292142023,0.4038048903047919,-0.23931322770102212,-0.5409233927830303,-0.23612229508506793,-0.3035864134840765
-0.14558252797434224,-0.327663079433326,0.10160342571928754,-0.19424503161883444,-0.38274866876872704,0.10734722525458987,0.4047061752453375,0.44148117788051455,0.2534427028235408,0.9263631583792201,0.7422162414643304,0.0,0.8661987045262058,0.4184528518267754,0.5958089335655898,-0.010748039631377243,0.8012886937247733,-0.03116199392797573,0.5266364265523372,-0.2046083323791317,0.49683472981389665,-0.12436465962133798,0.30474703169716705,0.5355152963030833,0.7584549762211151,0.892308009600077,0.00041573869985827715,0.5725142062923775,0.2052475605968046,0.7493881520823896,0.015376145974736116,-0.225160226973233,-0.33663232208615645,-0.5156916239278937,-0.36286163402568056,-0.386629514683902,-0.5490491769481128,0.02017912834765238,0.11987966170668131,0.15269927967194427,-0.7735941398963677,0.02214806529503554,-0.09241455589066473,0.40807363353589915,-0.21536903952143188,-0.5555777845730396,-0.6660920182409481,-0.37484985275585747,-0.35532170750717007,-0.43708906791217056,0.032780816877997464,0.06024511726983097,0.1583616630212688,-0.402180863853392,-0.13461009842236882,0.18167449522521523,0.11813541816146683,-0.040198043644109234,0.5897041194827172,0.5725428681721775,0.830104152438927,0.808104314796032,0.89091632199919,0.5277845657873866,0.5623597098423443,0.4904559671447918,-0.10928062162783903,0.7333471749119065,0.3298403833847753,0.1120870339193979,0.5552792966462532,0.5774115245810939,0.5720132258824727,-0.02727865158882742,0.9381234649849011,0.8430852357447007,0.6951452762039824,0.8115133334295145,-0.1152990721193178,-0.447711265603058,-0.1859910468651178,-0.5662030294715419,-0.40440936182935444,0.02156533957809534,-0.1345986225556157,-0.6578381316330317,-0.23461134252979357,0.6263766187920168,-0.10250446126231136,-0.49517524277901576,-0.40087446100116875,0.34724505010858275,-0.45617667102120973,-0.17461558821585801,0.17519337501740684,0.18892014003910015,-0.5112681118333882,-0.6440983043918004,-0.25522334190623647,-0.6437985059090977
-0.213451516296262,-0.45086745944157175,-0.12278428937063748,-0.14377848990245407,-0.4143114983255392,-0.08808464563062228,0.2284739123985212,0.2536225825669903,0.040124464309021037,0.770039628510306,0.7566839172933756,0.8661987045262058,0.0,0.5682771137475843,0.6110284016835532,-0.13269644798475433,0.8195883693941318,-0.32223849431191237,0.5954487423473318,-0.41778528467493947,0.3886450081566418,0.08358158159329158,0.35107865821106854,0.4697782698728158,0.5637596283066832,0.8556818792839657,0.1786825276798436,0.6498069708200394,-0.02058537777703148,0.7691030617920356,0.06027072490113002,0.00022005942059770628,-0.2541589900979561,-0.34959900174161096,-0.08573103348206493,-0.38347250794499044,-0.3224580507979032,0.1566069634372627,0.15214989061281337,0.1493654219371512,-0.6334734891496728,0.19928213451647614,0.11231411887127281,0.5382550079820116,0.10927343110869314,-0.2397591108608634,-0.361832354651663,-0.11519249275597913,-0.2847987396923758,-0.22644323305155048,-0.2460164838091856,-0.18982856918253388,-0.06730105094945994,-0.3756918654537255,-0.33055353362744977,-0.08206957515665711,-0.11958736273456165,-0.2385926799751031,0.5012842749750248,0.6433299470156938,0.8059036668060792,0.9366217604710427,0.7443951003284782,0.6412961294732891,0.5969484273720399,0.5778067602005956,-0.36268451076061137,0.8264230462878114,0.10732349618057344,-0.20836532113896253,0.33765416673159765,0.3644419911639055,0.32371128761622486,-0.2586301337925609,0.7953273698330489,0.8394460466047821,0.592055725945978,0.7765141383263292,-0.105962326040687,-0.2137676233238186,-0.21145498840823612,-0.6160510512416087,-0.23042649525144507,-0.15905678256901545,-0.2277646887021626,-0.6734311882928805,-0.1358269779652338,0.6548690141911373,-0.2505700015057178,-0.5116552595983995,-0.4383811657494751,0.4907646203162566,-0.4398425817284736,0.02200732298906472,0.2655186328610053,0.29126732150017853,-0.44247110425156483,-0.6014442878167664,-0.37260262468264493,-0.5632924481499637
0.20413855804192815,-0.1353438207155712,0.02345348428430941,0.31992353590624456,-0.19162379565035773,0.05660560057046307,0.4181895327276742,0.23006528794617165,-0.014939601397917878,0.2739633488844299,0.7370775562697929,0.4184528518267754,0.5682771137475843,0.0,0.8913243784815937,0.20603569053440296,0.5692579861410311,-0.334239968700619,0.8852607051597309,-0.34432228558606315,0.6066219173212439,0.23495238655668238,0.4784435178542308,-0.08895829677683478,0.1172074566364854,0.3445419243021887,0.5353688193453755,0.604543636795333,-0.11204221396491923,0.5399191993005785,0.409872326208096,0.6003294757865928,0.39822497765247344,0.0032750288109598775,0.07560297212650875,-0.4303569165182918,0.12407839358860306,0.622197962958598,0.535026926209369,0.3231926574124492,-0.09681820579304715,0.36317773102643697,0.4196424278624843,0.49263257597441723,0.49924564290714774,0.31951627846306585,0.18893364650398742,0.32128917451896494,0.15653823170603035,0.36466500353502834,0.03747076016664445,-0.21059821945464194,-0.11037080740128916,-0.19841089602743492,-0.2491069258430087,-0.10517704114082675,-0.17417923520245576,-0.3020489082740755,-0.1221947000080175,0.4796321736893802,0.4898624803606539,0.5477208781139411,0.5216830751383956,0.9105770474235625,0.926346423564581,0.9335622274001121,-0.34110563619132644,0.7368846358253034,-0.18340171804652927,-0.32265628951782166,0.4456909557065835,-0.00024334771462841196,0.18534788597654847,-0.34155833558078313,0.43745108247784736,0.47636711046238983,0.5510314972994297,0.6933441146497062,0.12593334154878824,0.12863942280906399,-0.5002444314368981,-0.5057636135049983,-0.1932521071135244,-0.20499519247362388,-0.17270403945216778,-0.41307465233700874,-0.1599987570859398,0.3848222355148998,-0.4372309036217676,-0.45851366101966756,-0.2309985739232427,0.5462091079704744,-0.16582591460195795,0.35281725621274723,0.5748962382688974,0.29964577965446354,-0.04956505247871888,-0.35226748036640293,-0.11360198968984914,-0.04456742100694947
0.28883186093958696,-0.09867726214046695,0.07921928385714892,0.45902121970909954,-0.25731225746503017,0.08645791439608379,0.6146089334855382,0.36916523318222433,0.06159711433547422,0.4933297665199373,0.836958667349736,0.5958089335655898,0.6110284016835532,0.8913243784815937,0.0,0.3782616907942787,0.717221580363758,-0.26095295249089123,0.9338626016648272,-0.3398474664991877,0.8116334413531324,0.2191210840553535,0.48845959595404254,0.07807245300789452,0.3021207877716909,0.4633420750711571,0.46899362912200454,0.714147981480512,-0.053385541669951436,0.5754221691338679,0.4175596835309051,0.5407026798633784,0.4139405994167261,-0.047002282031269264,-0.09247042841600206,-0.593869358775198,-0.14792839457398618,0.6950036487033375,0.59495796919963,0.42615876094042476,-0.1491589202465339,0.3763911399302834,0.4066220690341086,0.5006287347638269,0.3830334308770042,0.17278310316382187,-0.0209720834135569,0.24030801176321026,0.09746875663428768,0.27169442052440024,0.06492037977598183,-0.16498867094736008,-0.07214212042397275,-0.2621734539159736,-0.28192254363128144,-0.05158745823490988,-0.15240548146927824,-0.3146518931125927,-0.08812750353577548,0.6717956197550267,0.6563450543760901,0.6149072691893539,0.6523893151830155,0.9417862914347335,0.9217005049036269,0.9711513985421827,-0.35043046253721927,0.8352723549169234,-0.16146361777621035,-0.2472923997006536,0.5904751428609214,0.06010175147300151,0.21002644795440686,-0.3350680170867426,0.6164131853929458,0.6032565010326671,0.6043129020911154,0.815812975979923,0.15442398128263274,-0.022158796452691382,-0.605154196650451,-0.6434033311997744,-0.4220727590539451,-0.15002709844584636,-0.15085969278032202,-0.5569280467020273,-0.3946055135936785,0.5213563662059741,-0.5219181587162669,-0.6257710921425426,-0.3591035055945822,0.4910503653177096,-0.32871243048566984,0.2815217804412267,0.5722389156528817,0.24748107034856306,-0.20320485931954005,-0.5713495838517493,-0.1471383235918212,-0.21205090782440122
0.7790281598316523,0.43325850573676883,0.6134654356444017,0.762591057205526,-0.09777975881381953,0.593532146373855,0.8241062437119926,0.2843048531422814,0.45364037621387204,0.08990992593289253,0.011293977949523547,-0.010748039631377243,-0.13269644798475433,0.20603569053440296,0.3782616907942787,0.0,0.15234951085234025,0.3938711008927878,0.4120494247346115,0.23904362412862173,0.6445836055312516,0.3062930492956246,0.5004928247374649,0.02658576433376504,0.11375322062975023,-0.08550495907157463,0.43437043263353164,0.3477499398353351,0.21438383610423484,0.05962605860871935,0.08887636396627333,0.39351327138801656,0.7560883767966479,0.4469717737169137,-0.007559764385987522,-0.372755006977424,-0.06056607859285477,0.6089399387906266,0.6855461906053404,0.5256358318151181,0.5188993637254382,0.2778276866167385,0.3853010134169093,-0.08984272829622011,0.11546471751352001,0.1284004108794804,0.22647089806907128,0.35589560466605796,0.4959107728259338,0.4015896996501943,0.1396731354153384,0.0022775501766933107,-0.12019724724931755,-0.16022770517507456,0.1406590651625539,0.337737257326079,-0.13431210181977982,-0.1273976263866353,-0.5348984979088659,0.2950412325094733,0.2613613943736221,-0.006779421687324201,0.12113350208911752,0.3997965106822879,0.37156341373108537,0.33133682811285714,0.0568096646249853,0.1918546229032908,-0.19060257699651365,0.1988574636441948,0.46496197488433255,0.03385630500075572,0.07010577786896352,0.06939715645984666,0.00038419679922152084,0.03054439212471793,0.14087796036906358,0.35743667750312885,-0.0629451144683814,-0.2596147790932371,-0.6714721057119377,-0.2963087062479869,-0.7548076368326814,0.353468507416947,0.09723116452117302,-0.15776660001296694,-0.5969582958421289,0.09747101321978345,-0.2921593200379394,-0.46030542549643916,-0.4403467815124681,-0.2217600293434729,-0.24653001626492907,-0.04456533320393078,0.20937825085674025,-0.3753335814246065,-0.09034543693736756,-0.39697393546095117,0.3534648151333036,0.08280247452879272
0.11852602125558113,-0.47537075343588003,-0.0850643298103194,0.021203330100737862,-0.5424875913024572,-0.0024883028071298937,0.3932249299953248,0.11030695660245457,-0.08924674206710911,0.7199449060262247,0.6761826966907377,0.8012886937247733,0.8195883693941318,0.5692579861410311,0.717221580363758,0.15234951085234025,0.0,-0.2217127963578702,0.7179172421622941,-0.318822792911067,0.6306463181764265,0.31882631108442294,0.6013900964512008,0.49941746072348425,0.6868922590330798,0.8124698264109229,0.3813909198923436,0.8063097109307782,0.0992337453206231,0.6752826507776514,0.15120440653463946,0.12437768267313334,-0.055265063940734556,-0.1464703188877055,0.026476865711212497,-0.6673786610474217,-0.43097097581675786,0.3182676234403032,0.21982461553246252,0.14262383444942786,-0.45274304344864374,0.3731448406190511,0.24256281458478665,0.6082805492517818,0.1332989778387835,-0.10535844145454133,-0.2725860944070052,0.10354612118646635,-0.12321061077336422,-0.09830452775528556,-0.11242441038003086,-0.33918018769871083,-0.19694398769167376,-0.5629344804744136,-0.46444327072609753,-0.11597665028964504,-0.31016502996465267,-0.5013939581475468,0.283313390434449,0.7345591795226682,0.7757187388245154,0.8215747874444431,0.6516962194892351,0.7132522856849184,0.6046871744816882,0.6419149414631303,-0.4269712252915302,0.8627822183545246,0.0895182413789271,-0.2212508894049473,0.47491588146090885,0.47419140630415124,0.4091956919237938,-0.3838800916208851,0.7581677482273328,0.8064510715401788,0.6591486531819805,0.8251641327479569,0.0547792255910995,-0.13166093417823355,-0.36908270664742615,-0.7569113772124196,-0.47887054138167934,-0.09088700494929981,-0.21765559869590645,-0.7553393935814722,-0.3724610152146598,0.8145960832483679,-0.4489851581607943,-0.7222814666174049,-0.49655388896295005,0.41197286400879285,-0.656677631611147,0.10826709369296955,0.20513073442216756,0.22945402702011,-0.4107630401575185,-0.6907980893026002,-0.2747637524515882,-0.5471928848301897
0.16298119160038893,0.5781501300676073,0.8540835816007702,0.016563210671122576,0.3674161660966856,0.7568449909718022,0.3645362669963651,0.46292000837013825,0.6996287316877493,-0.02424028216385498,-0.354525920071882,-0.03116199392797573,-0.32223849431191237,-0.334239968700619,-0.26095295249089123,0.3938711008927878,-0.2217127963578702,0.0,-0.1309638499305373,0.8604285775228463,0.13858451215943668,-0.366125971433325,0.06637660985982147,-0.10510974741118363,0.045000923225850385,-0.17539653124653778,-0.11031723229181273,-0.3163561625264857,0.7636333075174817,-0.06309397997888506,-0.5638963862813328,-0.509846005515278,-0.05121067062405382,-0.051271855962809545,-0.3431134461560986,0.4455894782864792,0.0418427284802788,-0.4374292248051699,-0.2076166242638807,-0.14037435604155127,0.08101832684889973,-0.602561684116902,-0.5689870852651663,-0.4154940217512619,-0.6576065328811721,-0.49168920147964656,-0.2215785828513217,-0.42513386223612576,0.20503713020271716,-0.21532548175718302,0.4035186914950896,0.6560842342036004,0.4511869932926592,0.17471466389894,0.8237408439463848,0.8558843039322971,0.6317756274465953,0.6344552897032738,-0.0821748938483611,-0.37625871533316124,-0.12733924460877036,-0.34634674179768354,0.1770109465103721,-0.34991783000484705,-0.16183530937390303,-0.3770009703899741,0.8000699906204333,-0.2268493431570693,0.5493937542242793,0.9301416563643803,0.44993138077975553,0.44439499944834976,0.6341825422752054,0.7988458405720776,-0.04210043457488951,-0.29854434199853036,0.17153838535779936,-0.07730877923761409,-0.4648193880612539,-0.4309017534148595,0.051492237061313124,0.3976802189860882,-0.3060185684951095,0.5531147221449679,0.4612084107409178,0.4174455204911572,0.054370250707699505,-0.2700306834604077,0.6861982374216262,0.272635276458217,0.009107207378798533,-0.5757589726024747,0.06457814365684375,-0.6951382162055161,-0.5368381979807357,-0.3875612073094006,0.16368127365099217,0.2946746373104211,0.6329929019407016,0.24932506808479654
0.23262614131228307,0.028262492077837563,0.1716779643210221,0.4800010860867769,-0.12356612256410292,0.14411615115568882,0.6033853233972941,0.3811487414890291,0.11189489132486527,0.4058143760206331,0.7529372318401635,0.5266364265523372,0.5954487423473318,0.8852607051597309,0.9338626016648272,0.4120494247346115,0.7179172421622941,-0.1309638499305373,0.0,-0.230784623651723,0.8414914974290575,0.21395615929526218,0.5313477440490189,0.0300409674555564,0.20762786510242323,0.399131276435203,0.5060405380707637,0.6516250789051635,0.07844224129165485,0.5594342453689025,0.21737340954886192,0.5008950367301631,0.4193448972281077,0.018469200806839482,-0.01780012571500827,-0.4505957522529174,-0.010538180943113803,0.6369708015917853,0.48092597061273723,0.3700986233353162,-0.07850836148837688,0.2541032745609957,0.3129744839987447,0.42179463107568693,0.34424052219337253,0.19659071074641188,0.06849967278021994,0.25600400344581364,0.10628260657011586,0.2589824000314254,-0.006061157975145535,-0.08224792386040397,-0.014062433552473679,-0.14205344473665016,-0.14685700554982664,0.025312106807114435,-0.08796672408285525,-0.2661962908768289,-0.1546179792232922,0.6050200870828301,0.616195572744497,0.5784351259102226,0.6355282884600327,0.8961408174824742,0.8862462632683548,0.9084334735490242,-0.2727828696872505,0.8813370154607553,-0.03200591607014307,-0.13645962285162624,0.6236882823622535,0.09672934864852399,0.28584502617489094,-0.21454458177200184,0.5727514415369777,0.5626612677681049,0.674696013224588,0.7580927638978381,0.007289548912252889,0.02161967758660208,-0.5233024374627397,-0.5201829048740281,-0.37027250519335186,-0.06253698303529466,-0.02858830650437083,-0.42573290881091963,-0.3112218132042522,0.46922753061676675,-0.3878774382884629,-0.5333530325372886,-0.36996722306639185,0.4661218276507619,-0.2753608066579865,0.14287030769848824,0.40648635443046305,0.1548852793380622,-0.1463437723271282,-0.44724336011408733,-0.10431869768288074,-0.1479556349696677
0.23968517074724155,0.45421851114884493,0.7370586749037233,-0.040201188155720144,0.35041245139720456,0.7260161426749028,0.23378257733885982,0.3626931242985617,0.5696770287684665,-0.203405368470357,-0.3989447359437627,-0.2046083323791317,-0.41778528467493947,-0.34432228558606315,-0.3398474664991877,0.23904362412862173,-0.318822792911067,0.8604285775228463,-0.230784623651723,0.0,0.05019902163675371,-0.4999479283805084,-0.09581991036028457,-0.32995270706691765,-0.05479650120764355,-0.34603410777408344,0.018501430468912044,-0.4358798128926924,0.7820625031675674,-0.35264984757642953,-0.4010055947805298,-0.4464285136539374,-0.004602632025846518,-0.21205985270494343,-0.3623337102371859,0.4267872760420622,0.20398891466422617,-0.43810365601752577,-0.24656616718480404,-0.29068766301845095,0.20071744048758874,-0.5837871314251546,-0.6201043271856643,-0.16229487532697273,-0.512580636158558,-0.32163126056521724,-0.146584535445648,-0.4484899689363073,0.37408188549525256,-0.0023465441310738296,0.40442504709152777,0.519631434711051,0.32785079550457463,0.15309522781812282,0.7882494608675652,0.8249132629102187,0.5462748294815446,0.6192885226617924,-0.22714913419502653,-0.43360844841745094,-0.284728181908795,-0.39760584922905373,0.056230759340790554,-0.39428595388806137,-0.24686000712290795,-0.38436127720587043,0.8776073100320393,-0.3474837335778416,0.3312602888116472,0.7836942426758919,0.42772271102951936,0.2733147332965236,0.49803058731933997,0.7339633004722222,-0.11734885484270303,-0.47651268784921263,0.11403970674642909,-0.21726663882187275,-0.2940952429187512,-0.27384334386452336,0.04379852668467347,0.42837945670304717,-0.1184341837425095,0.37653873982781993,0.6946493063245539,0.5704242222704148,0.29656510091018634,-0.29338439915844944,0.7264095237377297,0.40946952010924176,0.1465798894871324,-0.6264278123890569,0.05535109063133043,-0.4162989903436657,-0.4804991320348659,-0.010141225518543314,0.5560392513984889,0.48427347315676184,0.825405822580961,0.5670203111313037
