0,1,2,3,4,5,6,7,8,9,10,11,12,13,14,15,16,17,18,19,20,21,22,23,24,25,26,27,28,29,30,31,32,33,34,35,36,37,38,39,40,41,42,43,44,45,46,47,48,49,50,51,52,53,54,55,56,57,58,59,60,61,62,63,64,65,66,67,68,69,70,71,72,73,74,75,76,77,78,79,80,81,82,83,84,85,86,87,88,89,90,91,92,93,94,95,96,97,98,99
0.0,0.8169800233144788,0.9178327414776132,0.7523450546781165,0.6190370645493108,0.5771046014648243,0.736738617419312,0.8728315863196361,0.3621751007563859,0.018705958502088265,-0.0394357880420634,-0.027184729030919362,-0.1288911160239247,-0.20611981820208558,-0.1679783168217258,0.7196560651272133,-0.3855126313219227,0.719330945026534,-0.12034326117712946,-0.08783713814887868,-0.1283552735777016,0.4615855552896567,-0.02350931014473437,-0.5221785548847688,0.14175213712378232,0.08777414543248405,-0.49310341973423055,-0.028355608867548825,-0.09970647344116222,0.2328896889173336,0.23059024734947411,0.2639034455554113,0.38954232939240685,0.6158120254383519,-0.07167905600695076,-0.1899961597696551,-0.4081618540513382,-0.24045498319275557,-0.32669585263767914,-0.3765160194922438,-0.5390250759929974,0.041163311417513955,-0.008135164484664599,-0.5817544251404456,-0.5285372187008351,-0.5718126731611128,-0.6465544370661777,-0.36504423832565797,0.3497085175375643,-0.4973970515066066,0.8227161592571938,0.9093507698220873,0.6294001756595236,0.7974000674041455,0.6940842334842336,0.6979956429942247,0.8252585477169954,0.5349245450548149,-0.14396102328718108,-0.07283222599249355,-0.10987928545597239,-0.22358531181052124,-0.2552335620532543,-0.23530252700025117,-0.0912577317574299,-0.15445450208228034,0.25523921432498897,-0.3384793947796844,0.23701272906539905,0.7390115149161245,0.08180268801243687,0.3102895215522233,0.046478213530755166,0.15876258123047066,-0.3076950825634226,0.056135250312260035,-0.008271090556008843,0.16446591631608692,-0.06784487988778128,0.26010825164283247,-0.48031567282333504,-0.49742369334573244,-0.36992799452770125,-0.20609335581460292,-0.318469745072339,-0.4008331496855944,-0.15412830256354168,-0.23699400925705535,-0.04035466960063795,-0.6559985620323946,-0.014340042029982571,-0.24683255040186167,-0.5303229831119387,0.01630612871339433,-0.21041349166872492,-0.5932779132933939,-0.5932159891908282,-0.352726352220063,0.45259055667981096,-0.34845468258965157
0.8169800233144788,0.0,0.8021208572794088,0.8568636654922693,0.5106491793530695,0.2400489272626846,0.7115208468888892,0.8920951301654926,0.056436908944966425,0.14494811745393796,0.1203280156862018,0.1277283083791475,0.12868891819626208,0.09851605885856753,0.1253100145177567,0.8607652107633049,-0.18777359359997742,0.8164950096816543,0.12015120611037455,-0.3277503334603513,0.23765674449151375,0.5238316504083654,0.23289050510285886,-0.4807872825261278,0.2746236537829197,0.19317951526776322,-0.5942727556198205,-0.0729952035776898,-0.26809071956717,0.21460958086779783,0.577073441306107,0.17896188551930622,0.5268794297866031,0.7238442674041872,-0.06014453073909647,-0.5403215181300218,-0.709310381767131,-0.07635016020844028,-0.1376813941135,-0.319313295496751,-0.7004351825016821,0.21538111923961703,0.274633881955758,-0.6679092266945611,-0.47835935829429005,-0.641868436996288,-0.6240772845558747,-0.596007490672288,-0.0660752724151107,-0.7261663211050328,0.8511350380972598,0.9322418790396477,0.8208738835268405,0.8426694211819585,0.4193214092023223,0.29558109352281736,0.8106474387527008,0.19360273291728794,-0.03085292494205792,0.07491733365469394,0.09854850722493702,0.008340457882018764,0.06533039204831982,0.11340242847251629,0.18413109061198032,0.1705945109221565,0.11752069895824885,-0.04422955738659557,0.4796568135277912,0.7554133487219237,0.4896806691228481,0.3255159936899718,0.38260680387075413,-0.10041645516107839,-0.2039789160269843,0.15920483981315328,-0.2341233646420957,0.15693851024968533,0.2896847142819973,0.3903136213970857,-0.48156005044644035,-0.6571234131849643,-0.3735021161218126,-0.12847399543938362,-0.46441377074768925,-0.5227648475102495,-0.5471050771445382,-0.5716816511309233,-0.3753532507629116,-0.7716950747813313,0.21087225964786457,-0.26723218112689184,-0.4034626543228125,0.2567499488279396,-0.0377424421216282,-0.689090322363307,-0.6390260702766071,-0.5565402706350366,-0.015295562432016515,-0.6454123742218542
0.9178327414776132,0.8021208572794088,0.0,0.7589581783338963,0.690642931954513,0.6713307984405583,0.7014980414635587,0.887954587719846,0.46355230174608814,-0.07237287077080094,-0.11695419781835677,-0.12334365286968399,-0.2279983362322781,-0.2753940103750199,-0.2451402778165232,0.6778527232847621,-0.45743887746712986,0.6570829683441634,-0.1451441488123576,-0.1014145156469291,-0.21631046869329226,0.40726147660849465,-0.0831829236328913,-0.5635121961418622,0.04700060647551902,-0.032825276288490066,-0.5571968700280517,-0.1282735685742507,-0.19960378413759097,0.09209089444077222,0.25218445983529064,0.047702423365722696,0.2768852610607677,0.6087206664140803,-0.15081178603486187,-0.17532130407704208,-0.3645277555950423,-0.35980933002006393,-0.45655005111410535,-0.43583395866461333,-0.4991904143576745,-0.0769099392529675,-0.05660521371513214,-0.6327639793169876,-0.5874590579517648,-0.6058327756250745,-0.591522991230374,-0.39157700668754486,0.35091392366599966,-0.47284581585048635,0.6982160232206359,0.9235357120845107,0.6451483598993397,0.8067706881289323,0.7957829022958548,0.7346454928235965,0.8375028222071845,0.6404893665614431,-0.25661321596850295,-0.16733406147145158,-0.2050659247852424,-0.335617188977722,-0.30015064005016245,-0.2764245023394798,-0.15061064947185962,-0.21640491400795614,0.3580785407628246,-0.3648567475374667,0.25637920733372965,0.7570429745806764,0.041423940064732837,0.24790590957078934,0.05216030293634693,0.15979657214597046,-0.41594130532943613,-0.05223411051905193,-0.026863752319346283,0.06589600865327651,-0.08852807620151447,0.14625422654065204,-0.435264841358753,-0.39865923758755945,-0.26332450239327126,-0.22687891603526344,-0.306273635304566,-0.2895723892313149,-0.107978856992748,-0.2167986566412195,0.001192207000993316,-0.5498074718677427,-0.0930101815423829,-0.3196827134467834,-0.5832002648682089,-0.021287816750186737,-0.2525830913072962,-0.5616218939988298,-0.5621478350291632,-0.3473616582026107,0.43333517071146965,-0.2728554129267079
0.7523450546781165,0.8568636654922693,0.7589581783338963,0.0,0.7444985917357346,0.45409821695667124,0.48244208132512983,0.7658964779157246,0.15122806207515704,-0.17868851295088706,-0.1539422816530346,-0.19099633325165244,-0.17125264779163293,-0.2618119467003322,-0.23605579328151424,0.6572175009342137,-0.42194428649794946,0.6364513980487839,-0.2175203113453739,-0.15068535702514796,-0.05134057693647238,0.4030205462610551,-0.12705905459692782,-0.5683772546912302,-0.05634049600499005,-0.1424854234607866,-0.4492473350986914,-0.181429892240699,-0.49468927404989643,-0.09557850678870261,0.3777181767278686,0.11901539532153416,0.3567116789496279,0.5581530720227593,-0.15652222092580081,-0.2691945261249232,-0.4515249070070731,-0.285031305407251,-0.47052301282507103,-0.5296772968233833,-0.43225031171592704,0.005740571889122978,0.009245847728698782,-0.508587115210501,-0.3125236017285713,-0.45925975575360967,-0.3991191472712737,-0.30552608869942605,0.18779507110825458,-0.4441963303861321,0.7149455112306318,0.8674471628844832,0.6810918368529059,0.949066169285113,0.6158086632519242,0.32944220390223006,0.6200918911412009,0.21424121581125757,-0.3416720247824497,-0.198590675699353,-0.19206230057502519,-0.2828679587546557,-0.27249801616422953,-0.2464809891608148,-0.1596526713678476,-0.19067459787555557,0.1083705080750508,-0.36576024139818053,0.2977553848032627,0.7337565236531247,0.16463556308735308,0.1297775609278902,0.05782529634436095,-0.192072625952564,-0.43223841261099155,-0.14090598142462724,-0.40828808106318987,-0.13307456506087054,0.1693979791081541,0.321483336371433,-0.38115526907743646,-0.35944872658968363,-0.08906184493469779,-0.11916761320014871,-0.15403339051919,-0.17173274434608618,-0.29313183454890807,-0.3565282867940395,-0.11337430397744484,-0.5070268541351777,0.18492350775976787,-0.38082011353470324,-0.6339462836789186,0.023357218583680124,-0.13688512285991283,-0.46623104569148505,-0.3524223821679221,-0.2907486088390698,0.1318508700554559,-0.3889798886651648
0.6190370645493108,0.5106491793530695,0.690642931954513,0.7444985917357346,0.0,0.8368668815825766,0.09518142962024422,0.5466683830716585,0.4526371438036381,-0.6132869522451732,-0.6381129171695186,-0.6517334082892053,-0.700200920148862,-0.7317715847018944,-0.730846772771028,0.17909411478794238,-0.7413905376649043,0.3638798827445782,-0.5993084678545881,0.3491307455464177,-0.4188275590488497,0.05830091536608594,-0.5524970840208699,-0.4438752115661466,-0.45434991603368663,-0.5466770454555773,0.018340582873234854,-0.2217599990019561,-0.5646093091794038,-0.34579179349520045,-0.17214073677194155,0.004677022192843549,0.02089687611462743,0.20514839065688398,-0.0858977536135019,0.2125432122171559,0.07394583145704064,-0.548572842460158,-0.7611642000711448,-0.7972921363531768,-0.05892186595976538,-0.32387490883753994,-0.32599429143812025,-0.3179279389562898,-0.26284677036190496,-0.026824551382563913,0.003503189795338397,0.10274804225409384,0.5529541068236887,-0.05922137404671909,0.33140855452144713,0.6106779831889065,0.2235547937411508,0.8086930589508512,0.8892924397753988,0.5362598443024862,0.34502166515070903,0.45949131303087554,-0.7242217355148685,-0.6799040923685783,-0.6898949597394475,-0.7718551476689715,-0.7421736604541816,-0.7195009392248535,-0.6507855997095168,-0.6810560086318312,-0.06428344970093523,-0.7861980449347049,0.026985977163742538,0.5724212778645755,-0.3260891785315671,-0.1424746934526523,-0.3690259117393788,-0.004384619635647289,-0.7352367437851678,-0.5398688279685497,-0.24682251865610375,-0.4108407578263052,-0.31530885441283535,-0.03443958242108623,0.015614940315497483,0.12626202179946636,0.2441292678612552,-0.055449626293473955,0.2981552194183652,0.3263734446252165,0.23252644195482114,0.13686541350665862,0.32207498779752936,-0.055713020217444044,-0.0891964415993467,-0.353322544181701,-0.8210666074050695,-0.349784729039953,-0.24546262306432357,-0.09428647266441932,0.07110398757630279,0.13887233430969495,0.3394107377941801,0.010441723235822662
0.5771046014648243,0.2400489272626846,0.6713307984405583,0.45409821695667124,0.8368668815825766,0.0,0.11838276956538972,0.4315552134815262,0.7738377597541235,-0.6438677907005532,-0.700481976678987,-0.7038660910205419,-0.8048884580637113,-0.824256050096845,-0.8062506647005742,-0.007241447768705437,-0.8024320967846,0.21997210784749255,-0.6502807031103108,0.49775376776782704,-0.6596420428162083,-0.06443523828149914,-0.6163184525914868,-0.4835589484050533,-0.5632041969671279,-0.5946979218609597,0.03284969042231378,-0.28238084997422197,-0.3295643124784246,-0.33659402712254605,-0.43621703762270736,-0.1482853504791448,-0.23492392208686008,0.11663236033519461,-0.1655017505498151,0.5104611229131063,0.311647250159065,-0.6958753042476717,-0.8227688600960599,-0.6697318463589657,0.15483491027942634,-0.5867279112625797,-0.5738084785240795,-0.2716430996363397,-0.36326732197763,-0.04184843336162442,-0.013283912662527394,0.28979916609480794,0.8262359413337377,0.18731056190961007,0.1437373082411784,0.436116777802031,0.06988832853312932,0.535443633207112,0.9484684710505862,0.8090528639257425,0.3339047363526284,0.7840994774444222,-0.7370736793722596,-0.7263593968074329,-0.7767348816319161,-0.8520410529131442,-0.8327115591129515,-0.8223713870386886,-0.740635183439363,-0.7968536537774471,0.22625242260371597,-0.8198457876180589,-0.11139262726296403,0.5189873557691965,-0.6010890257200519,-0.14681947385252062,-0.49142040684547206,0.19576299633129227,-0.7687685475425754,-0.6149477762277893,0.02345105367936571,-0.36625131653404225,-0.6415952856566364,-0.3235164043679521,-0.061802270036923984,0.3038381587760744,0.16493628668261565,-0.24578496639960734,0.268616569238479,0.3803188099163863,0.5276231283888798,0.3103134577985905,0.6122751243042964,0.0955279319495544,-0.3773111952818178,-0.35694900738539065,-0.7459985248316898,-0.5928377210889337,-0.4778640426154102,-0.043989352914511955,0.05954548286800445,0.2964924265245848,0.7200740306856374,0.3695377475621797
0.736738617419312,0.7115208468888892,0.7014980414635587,0.48244208132512983,0.09518142962024422,0.11838276956538972,0.0,0.8215674585256362,0.1826835408308951,0.5361684945079148,0.49596319783838005,0.501257969658331,0.4375117336230563,0.35787206090515744,0.4017483189418041,0.8301960048304755,0.1463305470569514,0.7451183035171789,0.4369356489538218,-0.5592021072132289,0.21816262194567176,0.7246753745641892,0.5101028228947687,-0.29416593533792534,0.5299607198898517,0.5489999977305493,-0.8163140026275566,0.18219472697175357,0.24241911554160744,0.5710639199460583,0.5570565962101719,0.1350885196229965,0.43117815117659386,0.8451625290784684,0.039011039469763795,-0.5798664960747736,-0.7308864235108716,-0.01917158606782006,0.1607005127610062,0.12115962424430478,-0.7137221940672105,0.2698583002160926,0.3865020739041204,-0.6694152056274457,-0.48830104908104677,-0.7872052876792335,-0.8303059611779985,-0.6758531069923223,-0.10814196483366885,-0.7170519853386604,0.7651532603457053,0.7702221028023379,0.7107907714794885,0.44709070846915916,0.2657426330247638,0.5026152741612778,0.9266044927680521,0.4134370133192704,0.3463756782164639,0.47651876815542976,0.4262883063310085,0.33365327078034174,0.3029674599596024,0.2851175509462467,0.41651583628910543,0.381218863104745,0.4293240120708647,0.25258957161557327,0.4399619521966015,0.5990028889133524,0.39349265648974485,0.6382646533018459,0.49950797185210577,0.1254565512094364,0.12500702939075686,0.4860561150183601,0.11246708481031516,0.5535289832029713,0.24655852979614282,0.28180518484846967,-0.742678713694223,-0.821353559526192,-0.6494639810048366,-0.20390635727926823,-0.7903582881674225,-0.8082840752689042,-0.5455985125834979,-0.5217046489709967,-0.45807593727506263,-0.8746473673187902,-0.0992277154383238,-0.26470357379444015,-0.07066777028808097,0.34155868493358615,0.01659947686551151,-0.8370041798528881,-0.9277516742919798,-0.6761901181936959,0.2038392724357898,-0.5491915905283707
0.8728315863196361,0.8920951301654926,0.887954587719846,0.7658964779157246,0.5466683830716585,0.4315552134815262,0.8215674585256362,0.0,0.3749715360036501,0.13456905159222193,0.07985027352582183,0.11330400024498262,0.06662727753130332,0.02680514088963259,0.05605537968918694,0.7798052449354625,-0.19712405488662563,0.8825706671910415,0.15523150446549,-0.2459442715240097,0.13405570381909523,0.6118528039169893,0.2385305811337183,-0.4428679082162101,0.21435450025936847,0.19123882762871447,-0.6097293183022985,-0.003437610506320882,-0.07315969750414113,0.32628536030398664,0.3892548728799044,0.036773999698305394,0.31652531256202593,0.8314644160435619,-0.019112642598911704,-0.433289484942816,-0.6360497886960871,-0.3272428949495006,-0.22641033833199778,-0.3582068293024959,-0.7068622903204289,0.044492140809532316,0.19873566721593153,-0.7942510599709095,-0.5615100820520736,-0.7130542110443793,-0.7124250536673331,-0.5970226821977119,0.07496883023428813,-0.7060072173615907,0.7758277916191972,0.9283352454663387,0.7240590678808049,0.7811282348686318,0.5694591059539458,0.5676124475329608,0.9355460318891787,0.5083700769879487,-0.048330073310746485,0.053619435912891915,0.03822967373256751,-0.05326456271557449,-0.027545449248989523,-0.01353699725406323,0.0939601171457756,0.07321502500239063,0.20053357497144317,-0.08346700239984467,0.4822452374285488,0.8286156038145102,0.3174317083827152,0.4744650966781445,0.35682140604736406,0.07901599187093508,-0.2313837186726365,0.1450754252235914,0.025106703368452513,0.27433201222411824,0.08478849339079217,0.1776739608968761,-0.5357134609000809,-0.6578499514878718,-0.41953929503309223,-0.1267501124113699,-0.5101854769123692,-0.5459160070765401,-0.40486761676045935,-0.44371771453749537,-0.2621232580773696,-0.7748225490156728,-0.09424082165546536,-0.4574132301147996,-0.43724365133687887,0.11567471453771624,-0.058559241453849185,-0.784560630557217,-0.7443909246235765,-0.49104136381411945,0.19379684660244764,-0.5192214707234979
0.3621751007563859,0.056436908944966425,0.46355230174608814,0.15122806207515704,0.4526371438036381,0.7738377597541235,0.1826835408308951,0.3749715360036501,0.0,-0.4687235380934893,-0.5383058456445627,-0.4875037051253773,-0.5682499622799679,-0.5180356956240184,-0.48724606932211273,-0.08177800554777767,-0.5443366053367708,0.26088934697070587,-0.35801781768679336,0.5329490572055776,-0.3612717121612316,-0.11999139355933966,-0.32754706034566544,-0.3818201984773134,-0.5135248290308376,-0.4269348090782729,0.04392618967247437,-0.338546707943804,0.0421219996604547,-0.15787027809444043,-0.4724898673363752,-0.4009546922878058,-0.47497690313184837,0.17563608633491196,-0.26424335762904433,0.5290933242077419,0.2328744336251611,-0.7593809520171942,-0.6213399728843232,-0.41307818390410045,0.13959762265929915,-0.7310678769395743,-0.5688548852828043,-0.3403891004104922,-0.3910340969334851,-0.24440811043135818,-0.154370387594032,0.20423415018939697,0.7119382756534909,0.19820100367155835,-0.02818726852671522,0.23223057500541805,0.09826745070829361,0.22754378261169625,0.6448101090858209,0.7691743317992203,0.35309247697647106,0.9103507426540263,-0.4857687695274155,-0.5122587237248952,-0.569057330068449,-0.5818885254916916,-0.5635305629329734,-0.5357432052181575,-0.5136260205304757,-0.5286343627730627,0.340119082690748,-0.46859611483932506,0.00440647426591247,0.5151325837848953,-0.4221899354888539,-0.02012371252870789,-0.230615216925897,0.25368617965259393,-0.5284225509821799,-0.4746060352493253,0.35668390056250504,-0.14862226799758546,-0.6801030242885671,-0.6024480819131324,-0.1948565401026163,0.23285435690599823,-0.0405723587856305,-0.290137085950426,0.05995606169724191,0.13488471026848975,0.45146576485076456,0.14999803531130676,0.6321331737427197,0.05228292649637254,-0.520966379693916,-0.47767743642958604,-0.4370344029061849,-0.6755141539547518,-0.49341271416406146,-0.2286387076701737,-0.13136754084228724,0.3010349694872459,0.6783452266967928,0.4517641739760933
0.018705958502088265,0.14494811745393796,-0.07237287077080094,-0.17868851295088706,-0.6132869522451732,-0.6438677907005532,0.5361684945079148,0.13456905159222193,-0.4687235380934893,0.0,0.9615705604925925,0.9693678816683378,0.8796396944696654,0.8284352699430458,0.8329856610185764,0.5016718841879386,0.7853210993065616,0.18363267861193086,0.8174197158768416,-0.6832292852849463,0.5563964554391297,0.5435464871326537,0.7571375863892534,0.3773323950118844,0.9459389290485865,0.9350110388102308,-0.4662855894836397,0.5546904685717672,0.6557406515016958,0.7778885272583463,0.5835411997945298,0.3801423871889537,0.5241449543213169,0.3884472605606882,0.26895769568326755,-0.7195310116780816,-0.5665966018335123,0.6469143984736043,0.814995943566068,0.691657961491981,-0.6242223302428745,0.749672904093341,0.7236148283335244,-0.13492693013467424,-0.04273243211364024,-0.4106476665902296,-0.592426583239071,-0.6838983056208032,-0.7059515450255728,-0.5831308414931393,0.32176008652301263,0.10242544230505127,0.2624554458441808,-0.1965902484132806,-0.49741093087740584,-0.1672400475372103,0.3005477298361005,-0.25252564693359825,0.9499039562845178,0.9524472370762602,0.9379070847532124,0.8740395468392184,0.7727892697947533,0.7164022134684292,0.7937515015995548,0.7898325660135623,0.15325829319461878,0.7644111205740206,0.2903285896974917,-0.1720599555353914,0.5718062602023862,0.6258018767221917,0.589889954170897,0.2926362406995033,0.8131786530934306,0.9505744499077983,0.329738863982726,0.8229335776274433,0.5878093294029806,0.5401555520398953,-0.23387638801245092,-0.7296469568732049,-0.44130133889730855,0.23206751000305637,-0.5970344060958112,-0.7434837846053388,-0.5878009986691576,-0.28146389062880794,-0.7313176373980314,-0.5411904898897402,0.2152769501468177,0.3242844568014402,0.6892453029739708,0.7773473949775205,0.5191740712979679,-0.37350321175181694,-0.620782478940109,-0.5792360367605152,-0.358703400439537,-0.5706614693771207
-0.0394357880420634,0.1203280156862018,-0.11695419781835677,-0.1539422816530346,-0.6381129171695186,-0.700481976678987,0.49596319783838005,0.07985027352582183,-0.5383058456445627,0.9615705604925925,0.0,0.9710707238078928,0.9077488235566545,0.8436215045969753,0.8587531656544358,0.4852708809183951,0.7958330521740468,0.11118668069243537,0.7902945944318845,-0.7603501916108574,0.5106963666791318,0.5287852595773335,0.7538119713136759,0.32235926468326287,0.8893297753020336,0.9181212749442721,-0.5122475394988091,0.519517851482306,0.5660818204570298,0.7112149756432202,0.6361611135233016,0.30453766760615636,0.48814205079796685,0.3310949498194131,0.23287322699111238,-0.72970960271522,-0.5801929895216215,0.634346260559194,0.7974933139252981,0.7176830954547612,-0.5688384690602376,0.7615867099884126,0.7132938634957925,-0.04489583708451697,0.06108505410344497,-0.38530306868637887,-0.5373592281617513,-0.6364268713459966,-0.7086182722197635,-0.5383588689285955,0.3113345741264355,0.08843882587597432,0.2709337261797089,-0.20704143243883674,-0.5372729630434501,-0.2559237874970247,0.25947858625966,-0.34574605797978514,0.9331809771232314,0.9794144935007609,0.9689262692937542,0.9038604434284665,0.8194932616567128,0.7598850552191153,0.8334383123418028,0.8283154407947001,0.18770276531270413,0.7940662277605636,0.24571453532699006,-0.21638211181431724,0.5897243510995209,0.581201445283652,0.6004309346870147,0.15690221127449672,0.8345449117958533,0.930854031440429,0.19004869593131624,0.7532927334193188,0.6458979263012243,0.5327885677829752,-0.29862108569008067,-0.7229421226658248,-0.4373329247343914,0.18671621082483744,-0.6038759337776589,-0.741895405107529,-0.6347775613840025,-0.3267284019511057,-0.7646998504756435,-0.5189846387236198,0.21495558848643567,0.27222044558128883,0.6675101596834538,0.7855663736224885,0.4868255661864759,-0.3054683127384158,-0.5754729947394006,-0.6029500458104594,-0.37371193294470395,-0.5706389282180546
-0.027184729030919362,0.1277283083791475,-0.12334365286968399,-0.19099633325165244,-0.6517334082892053,-0.7038660910205419,0.501257969658331,0.11330400024498262,-0.4875037051253773,0.9693678816683378,0.9710707238078928,0.0,0.9311031837352131,0.8741685826557323,0.8806364212561107,0.47001329721864593,0.8401784594703191,0.17687307000796626,0.8256399091986856,-0.7037281947516217,0.5993218317613739,0.539004183495344,0.79965295507093,0.38987455162603757,0.9116634221914017,0.9547410483792133,-0.445850577043086,0.5581266003629768,0.6349599523907814,0.7911461741353997,0.5734531883611029,0.29534646311668805,0.45723851431768947,0.36805566491191366,0.28245157377897184,-0.7299964894549706,-0.5992114824591794,0.5916455641872352,0.8102736597965955,0.6826883675137139,-0.6351550888946682,0.7560941207656584,0.7281672143823554,-0.10655674092551362,0.050897120802498454,-0.4284241343495973,-0.5839316589967463,-0.6800342974004004,-0.7359275683462627,-0.5999685441760546,0.30980369670174196,0.07106373871001326,0.24402442916595954,-0.23046869745833864,-0.5525364005940667,-0.2340911042391402,0.2690485772301548,-0.31861357915053523,0.9645055860308522,0.9768718340605771,0.9810716950221717,0.9338591204070513,0.8283398371537937,0.7707457448564117,0.8353214618559793,0.8413120450930826,0.10245640792790907,0.8139813295834661,0.2936509528582802,-0.19920295959594206,0.6265472680702503,0.6565186515868128,0.6452393290310804,0.22415403413278434,0.8753755170132588,0.9649105675755394,0.30010473652133196,0.8367476316904435,0.6240161444590058,0.47259324947242415,-0.2611171459686575,-0.7578109428644413,-0.46467379168227957,0.27703165200930824,-0.5976956467610723,-0.7661923152861883,-0.6307075731383903,-0.3036377468089371,-0.7639208386952951,-0.5617595336411298,0.19851307277996674,0.2596362355197884,0.6788219382494913,0.7440907631996803,0.5207555895235939,-0.3588875342496538,-0.6139358871793658,-0.5628944777633068,-0.4043417367271338,-0.6091272011268499
-0.1288911160239247,0.12868891819626208,-0.2279983362322781,-0.17125264779163293,-0.700200920148862,-0.8048884580637113,0.4375117336230563,0.06662727753130332,-0.5682499622799679,0.8796396944696654,0.9077488235566545,0.9311031837352131,0.0,0.9507858965564843,0.9549139772289177,0.4084846167701655,0.8434676249302653,0.21864404635088747,0.8546617821677664,-0.7754332088831186,0.6773309800701884,0.5210323161956728,0.8823585122740548,0.2994581225399358,0.7935763942693589,0.8607279162184153,-0.47599733294122026,0.43973690157383066,0.4500575948463976,0.6878846030142497,0.6160971244575888,0.14364182539505652,0.37663697469201685,0.3924546314977276,0.23668636210550276,-0.7794673226464325,-0.6751574670325303,0.5246235950275172,0.8112579440021548,0.6416714151329839,-0.5512188270940103,0.6644113708100474,0.7263794375076342,-0.17963466258732264,0.05276537331490326,-0.38908649826087965,-0.44280975827983693,-0.632481577353216,-0.8029951352490688,-0.5877433314904605,0.23839413554264946,0.004139322279072687,0.23959088801869183,-0.2662933303942308,-0.6821650909686757,-0.41091530370141005,0.20942643460557883,-0.4640018106561446,0.8697577913665857,0.9235155720512962,0.9569359573572486,0.9833910646929038,0.9369507774131505,0.8870412991307312,0.9009278223334428,0.9331985589995451,0.021475533896535635,0.8936544958259776,0.3745769690465095,-0.15887716697125864,0.7086215522589311,0.5896975688633284,0.7486504673446435,-0.07494824807814472,0.7731395737883034,0.8425378560554573,0.09365718933810722,0.7071611702216419,0.669115595204469,0.3725727285097648,-0.3361170101598305,-0.736813376862675,-0.5153119882970822,0.1574206355723367,-0.6764988959263508,-0.7511642343052821,-0.7531604902810363,-0.49293970607870197,-0.8188088033916561,-0.5674767258092601,0.1822884888391255,0.10252757247426462,0.6232721824300343,0.679935379957272,0.45182223778231034,-0.4152063210482127,-0.5542791595189673,-0.5873928572840303,-0.5105411229390157,-0.6249761225082188
-0.20611981820208558,0.09851605885856753,-0.2753940103750199,-0.2618119467003322,-0.7317715847018944,-0.824256050096845,0.35787206090515744,0.02680514088963259,-0.5180356956240184,0.8284352699430458,0.8436215045969753,0.8741685826557323,0.9507858965564843,0.0,0.9905383129665748,0.32228927291629506,0.8265196267067636,0.22972033419289345,0.91131121795716,-0.6850581184034008,0.7277184834961574,0.4296995115749847,0.9368249677587135,0.26852352282061376,0.7328579771240195,0.8305439456129649,-0.3976892318890826,0.3808634728811537,0.4399597944353841,0.6862219493523256,0.571280902427697,0.023700750642784346,0.2684868694157014,0.35316504867929777,0.1624718037754027,-0.74923150618575,-0.661446141856619,0.49824775971782365,0.8085698798830009,0.5822981060730325,-0.5309775437120904,0.584662833315314,0.6586750868881609,-0.19483139762224108,-0.03991551749502938,-0.3480278419168749,-0.3993917004014801,-0.6010966556236557,-0.809946471045833,-0.5675371625727762,0.15716380218333476,-0.06599539189510448,0.19140088731000013,-0.345489709107627,-0.7462863148683847,-0.4353353547454015,0.1762338869533684,-0.4592910930133188,0.8381506822848701,0.8443595111743767,0.8981039005694855,0.9346016407077077,0.9793007628634598,0.9655010178561331,0.9558255068423478,0.9837746671584889,-0.03444639058670046,0.9525891814552293,0.4693417502627093,-0.13856485342617364,0.7886047976149873,0.5473040372583348,0.8412596262353964,-0.10737484520840761,0.7406113337684108,0.7916473342417789,0.16673225603488875,0.6822798456812149,0.5695580328613413,0.25288068055444834,-0.2514134251963444,-0.6822965570036693,-0.5665355845621352,0.10143379875222752,-0.669115360528278,-0.7289300191839099,-0.7531156257174978,-0.513366601494754,-0.777030773383456,-0.5240883551276594,0.13510167987274677,0.11781928339947748,0.6511407747384494,0.6264550287392778,0.3617564985908472,-0.40004131932476267,-0.5158184264051789,-0.5262871186002762,-0.5443580673572072,-0.5944963539057267
-0.1679783168217258,0.1253100145177567,-0.2451402778165232,-0.23605579328151424,-0.730846772771028,-0.8062506647005742,0.4017483189418041,0.05605537968918694,-0.48724606932211273,0.8329856610185764,0.8587531656544358,0.8806364212561107,0.9549139772289177,0.9905383129665748,0.0,0.3750700874642193,0.7947738251264557,0.2447080962750925,0.8883401392902343,-0.6963141153235531,0.7180103238735818,0.42051292285826675,0.9314609985081701,0.22068084097473864,0.730827729747697,0.8325022234988311,-0.4454265010803148,0.3388391174827693,0.44508176621752443,0.6710300634301615,0.5977613071221092,0.03703736218844215,0.2889727573054607,0.3633516665241538,0.13792450561216477,-0.7406080287243928,-0.6782121747561515,0.49607124704984107,0.8116365875314402,0.6224672065132927,-0.5224184708522449,0.5700156590412293,0.6605445948940363,-0.19792732442274374,-0.036156064870430105,-0.37992738695288447,-0.42429923505235073,-0.6067483938051156,-0.7732357785333304,-0.558233866497574,0.2081109450463534,-0.02945317976660264,0.25746796391717325,-0.3210073011078762,-0.7249507282597123,-0.4108312781514495,0.21812183337573202,-0.4248164687050223,0.8395741282528467,0.8605886332501699,0.9085954735395868,0.9382168429443234,0.9777676589639551,0.9646685324179652,0.952408614628501,0.9872082742384067,0.04357702829223037,0.9398551390946733,0.44464764100295995,-0.10918484342496679,0.7869762375446103,0.5332202313551051,0.8332821338370124,-0.10505600133218172,0.7231478764458535,0.7850831320514576,0.13313400018832,0.6687361823663966,0.5728526998713074,0.26144961318144927,-0.3346499370040115,-0.6957363098939764,-0.5778608030000376,0.04783616959347613,-0.7165855293159884,-0.7652750765640407,-0.7628334388375834,-0.5648086586716801,-0.7669429948054259,-0.5512032945398855,0.14201756229746176,0.09242901542162599,0.6574938325364562,0.6308912276912475,0.34388970882875897,-0.4217947662353794,-0.5494901645571082,-0.57715869061978,-0.49957656875016104,-0.5836305663100357
0.7196560651272133,0.8607652107633049,0.6778527232847621,0.6572175009342137,0.17909411478794238,-0.007241447768705437,0.8301960048304755,0.7798052449354625,-0.08177800554777767,0.5016718841879386,0.4852708809183951,0.47001329721864593,0.4084846167701655,0.32228927291629506,0.3750700874642193,0.0,0.08436239581858702,0.6826879239308634,0.32675556410738665,-0.523028531948885,0.3619273401779397,0.5830767123179559,0.3822378370289388,-0.2697743458703597,0.5973714185961275,0.49873857591923076,-0.7346469881130103,0.10146346139501253,0.0630991597402032,0.39764609341154405,0.7540148886686087,0.39305405645701447,0.7235857199581323,0.697622361626525,-0.0010464313277076323,-0.6636236165716605,-0.7678776103425607,0.23062395055114018,0.19977439257116428,0.0972789850790213,-0.7685147882537492,0.46821578571210704,0.5078861956552781,-0.5378585843883641,-0.3311102577367999,-0.7328696859303642,-0.7633755236872825,-0.7728318195926126,-0.2557603808030462,-0.760977788452382,0.8853382734060982,0.8457219381652853,0.878306918710476,0.6476334972473629,0.21321825461849903,0.24345225847924382,0.8025514327417834,0.1404648296264986,0.34034164247513415,0.44866640559529236,0.43280298767636843,0.3140943858978577,0.284952348903926,0.2983469303188421,0.3847179951911404,0.3753108558927554,0.3057684907664994,0.1726738987024854,0.40519232867988314,0.5625375297426469,0.5513720371805916,0.4330496448782868,0.42936872919644364,0.0904393358943492,0.12809328231867317,0.48334154665254014,-0.12326631552529842,0.3997237838176969,0.5259598651373261,0.6058699238529871,-0.5578449403092711,-0.7829018692615846,-0.3921649316866394,-0.039085246318228364,-0.6250509412441244,-0.7207645415391849,-0.6294023906269345,-0.5797049970321692,-0.5254181016024511,-0.8222507905909164,0.350026518056879,-0.08523215351258048,-0.032720593034109596,0.5461379917458585,0.19348795679523,-0.6962755427084323,-0.8004753254881273,-0.7675594796874199,-0.07906929132811387,-0.6961960211295655
-0.3855126313219227,-0.18777359359997742,-0.45743887746712986,-0.42194428649794946,-0.7413905376649043,-0.8024320967846,0.1463305470569514,-0.19712405488662563,-0.5443366053367708,0.7853210993065616,0.7958330521740468,0.8401784594703191,0.8434676249302653,0.8265196267067636,0.7947738251264557,0.08436239581858702,0.0,-0.034291373667418586,0.8178953822437074,-0.580275819712629,0.5901425699529456,0.4497901399611945,0.7409054874897193,0.6592583879390292,0.702482010139226,0.7849898834775224,-0.12667344770622052,0.6422597368644977,0.5829431450299098,0.6727264844937259,0.33854744901818,0.07271760138863363,0.2210272207759219,0.20505205773353502,0.48456780449475445,-0.5936389432877344,-0.39787012434372754,0.48560131030737086,0.7989232842941073,0.6476306138775167,-0.37005522099570426,0.6649639807897134,0.6748750761549988,0.08915845878676253,0.31995108092579033,-0.0885853620556078,-0.2110274849911556,-0.4078949670196068,-0.7882554127949974,-0.3759341988323768,-0.07433163063308128,-0.3026487308298406,-0.13080606934559047,-0.4901903538712679,-0.7229485710560423,-0.46317081068256394,-0.08144983297600614,-0.5057533532653405,0.8513850671246871,0.8274891121553233,0.8428265570479985,0.8639047530181062,0.7919466196172148,0.7145844611210308,0.7511986331719072,0.7624473195730244,-0.14276443628456595,0.8497826872913783,0.31759778923570275,-0.4183716556492854,0.496016262437163,0.5892920866819917,0.5847860154406874,0.09322738758124444,0.882519486505258,0.8031494067123455,0.2989200451938994,0.731066502597104,0.5367943876235889,0.24820115473133025,0.04989452825013859,-0.5094225006276731,-0.2775409040311287,0.47023638425708625,-0.370612365130637,-0.48516343360690367,-0.5154154459947035,-0.11114993158513001,-0.700027733851956,-0.30097390346394376,0.08398636566981914,0.1857721872464857,0.6717985783997039,0.586385812246892,0.6064638466033326,-0.12872352221338654,-0.3078639018499896,-0.255010668669524,-0.5569125233464003,-0.4480284278710586
0.719330945026534,0.8164950096816543,0.6570829683441634,0.6364513980487839,0.3638798827445782,0.21997210784749255,0.7451183035171789,0.8825706671910415,0.26088934697070587,0.18363267861193086,0.11118668069243537,0.17687307000796626,0.21864404635088747,0.22972033419289345,0.2447080962750925,0.6826879239308634,-0.034291373667418586,0.0,0.3271236365986153,-0.2308077299090458,0.41216640000552834,0.6593324637644141,0.4644693213347236,-0.3562071680424006,0.24444651884324564,0.2896301277658003,-0.49850616709979306,0.08286521909175401,-0.06484496382592975,0.452210414739655,0.34772218536339883,-0.013342689944024499,0.2903165252831709,0.8871232680366782,0.06058786578882061,-0.5261165845687789,-0.7714938178721213,-0.2899355782681491,-0.06193077486259625,-0.3473411858397846,-0.7128009112119549,0.06922317899288816,0.2797428259143257,-0.866911550657154,-0.5077611964936971,-0.6598975233191736,-0.6344992087764616,-0.5862434363990691,-0.09725919991504424,-0.7676049245300315,0.7122060295029357,0.7524968974748251,0.6148234333455415,0.6128243991621415,0.30793413646527057,0.4073419944169026,0.840923106391646,0.3043093663694295,0.03153611631209062,0.09204100733228723,0.13168360704478516,0.09571768352311451,0.15844300414529458,0.17835170865421357,0.24889283932501222,0.25450480105799367,0.017917580879496825,0.08744703250623469,0.7134270562007172,0.8417144281386677,0.499137548613685,0.5749816029760452,0.5762295913502524,-0.059778572041542286,-0.15914197852710085,0.1967359928500244,0.011204113369727538,0.3751065982554257,0.12071066695058735,0.08497908627862177,-0.49142151561548997,-0.6829164217522213,-0.5199708022580729,-0.07831191137269355,-0.5699480913469714,-0.5710525832637713,-0.5755555158572923,-0.5465511041600423,-0.3625272384163726,-0.8444068196346081,-0.02694258867671524,-0.521341659488984,-0.3031089327781814,0.08466452388079575,-0.02780010429680579,-0.8617931054141046,-0.7314770860335785,-0.4128254778220931,0.017885559295991865,-0.6039652983638313
-0.12034326117712946,0.12015120611037455,-0.1451441488123576,-0.2175203113453739,-0.5993084678545881,-0.6502807031103108,0.4369356489538218,0.15523150446549,-0.35801781768679336,0.8174197158768416,0.7902945944318845,0.8256399091986856,0.8546617821677664,0.91131121795716,0.8883401392902343,0.32675556410738665,0.8178953822437074,0.3271236365986153,0.0,-0.6498488195037893,0.6408185883753851,0.596270603272241,0.9173805248245414,0.30558000654424144,0.7350369314216924,0.8130455234072055,-0.4372494169627922,0.48189436613701103,0.5055870408081957,0.741332634242052,0.5358924513532469,0.012801339629715535,0.21219606552917974,0.5235013114787362,0.24354216121356623,-0.7479320378287827,-0.6394940443119853,0.39209067038625545,0.7214076251344775,0.4802767016881667,-0.5932231622000139,0.5334759403299881,0.6698349098113546,-0.3135348653729088,-0.08661011699942082,-0.36471460883791545,-0.4684924177805794,-0.6596042636011343,-0.7598489909486138,-0.6102218594815703,0.17564892501777712,0.002286649895174325,0.15158309823366914,-0.2897099874316863,-0.5752994680864844,-0.2506322492836932,0.285893684249687,-0.2696139966048192,0.781220981101118,0.7764026281307885,0.809563093267605,0.8191322685703721,0.8696464162974371,0.8288086711673288,0.874845338077501,0.8724886158913154,-0.04303569686623622,0.9002288156821783,0.58658612158085,-0.018814990756858437,0.6595045117303003,0.6817787375373282,0.831387340710368,0.02760551946691563,0.6766147229437254,0.7762922810789243,0.3247212571208523,0.7503230900033483,0.509150236713104,0.24702012262956222,-0.18543656176588544,-0.6881546009390612,-0.49705083851234794,0.20110960260929428,-0.6650736353938889,-0.6892495269673816,-0.6737017522168753,-0.38216378307575666,-0.7467403249785501,-0.5384714955660536,-0.002302878838882662,0.011081066874357122,0.5812705667179392,0.6220011843488235,0.4278077689544204,-0.46119642168163955,-0.5855017399505732,-0.48682292080539735,-0.45875018571154846,-0.5635802520399124
-0.08783713814887868,-0.3277503334603513,-0.1014145156469291,-0.15068535702514796,0.3491307455464177,0.49775376776782704,-0.5592021072132289,-0.2459442715240097,0.5329490572055776,-0.6832292852849463,-0.7603501916108574,-0.7037281947516217,-0.7754332088831186,-0.6850581184034008,-0.6963141153235531,-0.523028531948885,-0.580275819712629,-0.2308077299090458,-0.6498488195037893,0.0,-0.28903265268354994,-0.6533297288059697,-0.6806291764418129,-0.02773027670580919,-0.6466862376830314,-0.6504305390242872,0.7683175049884063,-0.3602131251528453,-0.06176577041779177,-0.44869710841875593,-0.7800773386783993,-0.043161348573037064,-0.42238761439711725,-0.4993102395567933,-0.22943165434545895,0.8216562968983256,0.6836954975426386,-0.3784738407301502,-0.5116451743024757,-0.44885000659956314,0.48856552183107327,-0.6202483035990773,-0.6935489532345785,0.22153091334412112,-0.019721064564575414,0.3470075437623947,0.35051881219031705,0.5719808591198383,0.6102065173521961,0.5870930973172713,-0.39399275393089833,-0.264426291014707,-0.3389775336612086,0.017826098514789612,0.3173245017642416,0.23274862876951843,-0.38251311371231855,0.344542612137892,-0.5540125111857422,-0.7449886267134136,-0.7270013134208682,-0.6959436992687669,-0.7299391977950407,-0.6758872866837516,-0.7639138603642973,-0.731106380945033,-0.16895383223271443,-0.6544684968538688,-0.36539029372062576,0.005969507954970299,-0.536027004748586,-0.511780365171403,-0.6129325587436835,0.30150639949831815,-0.4488061716944428,-0.6257189879503252,0.27998702631071826,-0.4572529589359942,-0.6770726197723791,-0.4317597016998428,0.4858454486011954,0.7158036355942653,0.4276469900616739,0.0005320582573222708,0.7292870024839354,0.6360955314464332,0.7540198177268849,0.4988381447993814,0.8518147690007596,0.6000171082434799,-0.037352177920484474,0.06578727308183083,-0.21713031112059553,-0.7177453267623939,-0.3407994937524521,0.37783631144666335,0.5403209957129863,0.7232809620784777,0.33367479363756153,0.6451315416472674
