0,1,2,3,4,5,6,7,8,9,10,11,12,13,14,15,16,17,18,19,20,21,22,23,24,25,26,27,28,29,30,31,32,33,34,35,36,37,38,39,40,41,42,43,44,45,46,47,48,49,50,51,52,53,54,55,56,57,58,59,60,61,62,63,64,65,66,67,68,69,70,71,72,73,74,75,76,77,78,79,80,81,82,83,84,85,86,87,88,89,90,91,92,93,94,95,96,97,98,99
0.0,0.08536438133541249,0.5665038351279259,0.4106851670183752,-0.018235962745935308,0.4716033919725047,0.4235148904392608,0.204355295647402,0.3751082001260782,0.16005888568579382,0.040078174648816654,-0.11100135828842998,-0.16313594658868213,-0.03486303427671352,-0.06949182965549967,0.5865010402367319,-0.07472269530479339,0.16815604309755813,-0.0413195976582893,0.06528750542999277,0.03520144465285929,-0.16061116233338105,-0.025335132759418785,-0.3726064639672767,0.1499020721643103,-0.20834482589178863,-0.13274669333815475,-0.15279289190215592,0.016904001560840834,0.14964064798806406,0.17530300747193978,0.26774518981150014,0.6144219076271894,-0.09560476729457114,-0.28339688152413833,0.3914577875737444,-0.16525924897363176,0.11890682413307285,0.010245646386096565,0.04495837278755304,0.05933327610145113,-0.04040845157226419,-0.24271398845744108,0.2447842592191569,0.33947113372795396,0.013357640016377225,-0.05994874500641244,-0.016594975748271318,0.821039368453834,0.3740683794053142,0.703597326727169,0.5402754391023219,0.613879750125302,0.08267825893474132,0.1761174979563269,0.7115091272377612,0.6101686950349482,0.32831316516583164,0.03250035043493383,0.12306995125768669,-0.12936048325696836,-0.22148464104002266,-0.0036556225503276015,0.0031434274013498907,-0.011557631819671699,0.007194111470718387,0.7780970722975384,-0.020156084369522455,-0.2660551411551327,0.42516218092424785,0.450823261956304,-0.10186426892179563,0.20330492399517114,0.25068896427021925,0.006360539835809801,-0.06393734469926772,0.1304559862154065,0.04524938860843918,0.17272907556330852,0.3750038196544755,-0.2599157449063799,-0.13518090841920483,-0.06673842263119413,-0.2346276672376114,-0.013933309434363165,-0.1363991330466008,-0.1343865997796294,-0.1478274632639184,0.4345913800804287,0.099748309878289,0.4309777025914751,-0.054266661051368334,0.15754009984347983,-0.1881003613058571,-0.2235570308903558,0.28318759895058876,0.01294251441979628,0.06655743931872243,0.6625838315267654,0.44425704070039806
0.08536438133541249,0.0,0.5254689398502902,0.6967620474713848,0.9744315401906765,0.18388067182251006,0.12532964287505488,0.8972588288846445,0.736974894504363,-0.4897321072377302,-0.5099884518491042,-0.395944652618885,-0.5430043856276998,-0.8932649011403015,-0.8788017710599851,0.6307985410683736,-0.6396316472786013,0.8486327937145938,-0.8299310255083259,0.8097814535559971,-0.5774201235356314,-0.2935516847147509,-0.6495430896683803,0.3872655256899258,-0.5613434644444842,-0.040352730268395906,0.5325453484923055,-0.5282699824922013,-0.5856719724434601,-0.7403855119275837,-0.6800812535975476,-0.7492959165506832,0.33319503384754173,0.3866724780695544,-0.25240164341771176,0.8040975270282614,-0.22005495016277904,-0.43000127438964264,-0.4912786861313281,0.12690362862276333,0.6126156591439414,-0.673015594494736,-0.23257129448026437,-0.6247029301580151,-0.32444484319519745,0.6641960281088789,0.36907283964160303,0.22296008142279425,-0.11815249913362345,-0.019561651187046447,-0.35715313255921227,0.6917556408487614,0.21016227760285608,0.928819035943423,0.8886377580811866,-0.058302892214565194,0.5039869312050633,0.8323265866962435,-0.8311673835805596,-0.8624167764250923,-0.7087026992501787,-0.6965157042021142,-0.82575944919117,-0.7600142694352326,-0.8296849532375165,-0.8886556911478559,0.01822925359002285,-0.7405500274691194,-0.1723112306609862,0.2906116704739847,-0.5428807939432047,-0.5350974402657235,-0.7752200615780093,-0.4655320926090072,-0.5479780202540016,-0.42210346411633026,-0.6437352192778006,-0.7696694249187666,-0.6480243269807995,-0.6730262094987914,0.05512647763932485,0.4054357671437941,0.3613773887367918,-0.11605808335693213,0.7740450602251371,0.5896582869184835,-0.1473642487913147,-0.3381359040339925,0.20342458147779385,-0.13975209096070154,-0.00878489818075548,-0.9192576489482177,-0.6972576233256589,-0.05167490846914389,-0.10876074957827007,-0.5992156897466243,0.731730915563099,-0.09353655739633553,0.07350744921135886,-0.2374432373131316
0.5665038351279259,0.5254689398502902,0.0,0.5395862099270826,0.41362286364700285,0.8280918236283142,0.1813555334792592,0.7025191822549091,0.8178216375633073,-0.1364848616219407,-0.19598482392945044,-0.07088646003065423,-0.2842291629105126,-0.4302136116237652,-0.3559534096815138,0.4592610896500383,-0.2209149548881225,0.6955160450793048,-0.3634785734165485,0.24249016813299595,-0.08121978064955403,-0.04675528006576922,-0.17636735385251404,0.015716482063123656,-0.07586248037580051,0.16068744194932902,0.040316421824223056,-0.060729519609098344,-0.1406431791809564,-0.1662072901592017,-0.24586578275111523,-0.36335892454571705,0.1728065495255893,0.2633649998381981,-0.16621765010147407,0.6383011433805944,-0.2635500196189185,-0.4222349931485555,-0.4057574843861899,-0.1927990326334078,-0.032526818322146385,-0.2699205870600905,-0.293120626582119,-0.4074791621888671,-0.22772499020684608,0.010602054494216738,-0.2607441614346519,-0.05376846464273344,0.5456468311008211,-0.10876319160361705,0.05594259485332524,0.724950987577514,0.3227888821814057,0.3800324811874402,0.7186039700934229,0.7095231611710956,0.7380897879787278,0.6955947478794821,-0.31030368756429483,-0.3057169008855934,-0.38297196328063404,-0.4139115947879206,-0.25012460866556385,-0.2778277533308286,-0.28137812342441354,-0.29302925292733645,0.41902560467296573,-0.28477150238389864,0.06112136597577405,0.7802623020261906,0.18522021782966086,-0.023573366802499447,-0.00830056435818018,-0.129811122269043,-0.14661100228907234,0.06746063092254041,0.0433629577755788,-0.05481040968155533,-0.2622821921127395,-0.30969324908579354,0.09860772671406672,-0.0982488061675519,-0.10337427035219544,-0.04419994118506913,0.3583858196483405,0.15745809817744272,-0.24068460953962292,-0.038626646375590025,0.2574918765990781,-0.30204596901049374,-0.020847941427775445,-0.3708776305174198,-0.16328852427127943,0.005484184420980598,-0.014029736111653663,-0.35786573614240913,0.14481987463745086,-0.18249264686526034,0.5598394147453376,-0.11562147479423486
0.4106851670183752,0.6967620474713848,0.5395862099270826,0.0,0.67343415348023,0.4191573754211302,0.05103955945528159,0.642173013892333,0.6571759337378311,-0.10779649813849072,-0.08226032813415886,-0.1703534815969809,-0.5164059496972967,-0.6167893161625158,-0.5858198427055674,0.5925558299223488,-0.3489635864616533,0.6955631859018736,-0.6126763270922395,0.4194844567705103,-0.444984286430815,-0.026914018638225495,-0.409859183926779,0.4003231604133262,-0.055068711922516965,0.0835060749209193,0.45348477439013174,-0.15901238838356524,-0.19782493861149514,-0.4028281314508129,-0.16661761242896062,-0.27036795909433625,0.5910568079998827,0.5342090085080021,0.04473245933728188,0.7068102297126081,-0.023556876046133473,-0.3427191147276574,-0.4972907296828648,-0.17000118483477616,0.3963632849263397,-0.3325812034014861,-0.03155576084533564,-0.3655323762119718,0.07228023204720634,0.2902467200864203,0.13485417503660468,0.3172489148369967,0.038870031682568584,-0.09539192470678502,0.04948801785163568,0.5242680378728702,0.27108092712004417,0.6209330908945032,0.7321337565020631,0.25055386483403785,0.5190926162731098,0.6191199976158414,-0.4634318345467352,-0.4760064999081186,-0.5853689831048323,-0.6758611034747583,-0.6652515502489263,-0.7313338487921549,-0.7110148902722739,-0.5965879480513541,0.22339265894957167,-0.5907532246524361,-0.05591385524428742,0.4012543869634215,-0.27213117544042936,-0.28676736761237515,-0.46017668854363747,-0.439562645023993,-0.4034532498098776,-0.1801571779130376,-0.21327194751719417,-0.39961101987757125,-0.22220071119462828,-0.17822839155169984,0.20464198701583064,0.3139334355447647,0.4356294848201931,0.10380756557355059,0.5541763820423494,0.44048404028117183,-0.033319072308175914,-0.09120188243355007,0.32272179428304165,0.1156379092899847,0.16623451362799183,-0.6518190989071528,-0.3956089728853056,0.04805137226587752,0.08527743567664095,-0.4187558009569741,0.33914275227116225,-0.04500883577725536,0.16532082769062792,-0.17779788364988552
-0.018235962745935308,0.9744315401906765,0.41362286364700285,0.67343415348023,0.0,0.1047418808531623,0.05191724836426362,0.8612928987256032,0.6558839958935804,-0.5662247396493159,-0.5485296384627062,-0.4590483334513788,-0.5972748433406186,-0.9308357625521441,-0.9220567109870736,0.5564056600229151,-0.6587572319746885,0.7786826383585712,-0.8869582019820774,0.8126916522724642,-0.6886614560525905,-0.30744608978542104,-0.7069394095394778,0.4225962663999492,-0.5985760050141345,-0.055225580926004825,0.6386097619595696,-0.5031760998762387,-0.629838502566735,-0.7704362462842842,-0.7205544419122668,-0.7661815956457853,0.29897115288438814,0.35833505612372357,-0.21776383616968836,0.7462273551321728,-0.1250547110267007,-0.4334108380232249,-0.5389372783517371,0.09496558490249887,0.674453534581024,-0.6791338096561271,-0.2044416238464645,-0.6480194374716742,-0.3456675007993866,0.7196025847987043,0.4520129912805404,0.2714271216957223,-0.20796478249655728,-0.0007933250268174362,-0.44111125253760447,0.5980167266842799,0.11213620010904252,0.9475953764474552,0.886899666651965,-0.1745003638904315,0.398812128919542,0.7968792401612574,-0.8777714323407634,-0.9088496164994481,-0.7562626705477999,-0.7428737176283029,-0.887755366411472,-0.8117651225032081,-0.8885591492553994,-0.9411797896953505,-0.08923323190286353,-0.7944837817529413,-0.12565743385959988,0.21837202549633594,-0.6654767038868799,-0.6019593767424903,-0.8542435473842009,-0.5532116756848611,-0.6314108978819273,-0.4763143922662872,-0.6717214661013219,-0.8121958620650189,-0.7058802853736725,-0.6920218731118374,0.06967147467411107,0.5117786492244597,0.44256669405720944,-0.08543043563375811,0.8140280186837803,0.6587484789989362,-0.037898806865213026,-0.2655544380672989,0.21336968228445563,-0.041778028537488694,0.054111411485398414,-0.9318821687067034,-0.7642226710973207,-0.045714610590727414,-0.09401135049623924,-0.6374424024855414,0.7797879525199509,-0.04392283738854963,-0.007032701124968517,-0.22842103902073638
0.4716033919725047,0.18388067182251006,0.8280918236283142,0.4191573754211302,0.1047418808531623,0.0,0.003011467102871288,0.4163343718954937,0.6740036757927291,0.2473252233367784,0.2485454830565595,0.32417523891685585,0.01108966543374037,-0.1487759483901238,-0.07930055445220818,0.1544147808879388,0.15379272291947585,0.41388840268697663,-0.08147178385698245,-0.24998272044690562,0.01333028064979754,0.42187249064631144,0.02664136663505922,0.21510756819318724,0.37685735524867586,0.5722866611426629,-0.020117795951961687,0.40335679535235175,0.2370371090331907,0.12642017056040927,0.12734774623954326,0.01636529405801525,0.058789770248975595,0.32689145089010985,0.21593284159481854,0.2589177150405011,-0.07271604294576306,-0.41914312899986156,-0.3834501450695373,-0.44127774306031053,-0.39882533717613033,0.20935794567970004,0.1507893159878723,-0.18326664339668358,-0.09710653751187924,-0.3668741079608183,-0.5638444969576403,-0.17025354360455888,0.43500816818040333,-0.3813606822089611,0.1381947365207787,0.36895732085127864,0.1888933828955562,0.009267288160714605,0.5139165410302646,0.7539697934963481,0.5761141020470104,0.3882637619088621,0.09708460435054028,0.052716233640721706,-0.10881050425001641,-0.1357764015799241,0.023579886034858968,-0.18553693582749653,-0.13795261296672312,-0.03555375715575034,0.2561908275820525,-0.04780798658340056,0.23873627042967388,0.6370238835372402,0.19321964420951923,0.3596473215712051,0.25131519247109363,-0.14680278715362505,0.1096551010466561,0.47412241637173463,0.41973743786117007,0.33351646495786846,0.03379066307929267,-0.026734789109642654,0.3695587861054042,-0.30154558398988873,-0.1631513115811323,0.23054847654250085,0.07091106203415841,-0.022342947821762448,-0.13819700253736247,0.2631572978603842,-0.0002005085244914284,-0.2753420865736619,-0.1094779290352997,-0.07501899298513964,0.10456463462242628,0.34586190778351505,0.429570064596113,-0.2511517170947168,-0.2519600074522387,-0.3548527678439877,0.3125103505480773,-0.2987026989573111
0.4235148904392608,0.12532964287505488,0.1813555334792592,0.05103955945528159,0.05191724836426362,0.003011467102871288,0.0,0.30696609672403236,0.38097757022728534,0.12342392864658068,-0.1769693653915647,-0.12163114130465894,0.20121363877441273,0.09960315348719241,-0.04811651755444628,0.680217553571774,-0.01586169086303819,0.14946594462155163,0.11310611411585368,0.26339663970718047,0.17762899110009936,-0.3583415763118721,-0.09478049693568757,-0.46953801865501477,-0.14703967372052845,-0.3454686824261452,-0.3881667820006762,-0.5603317735202392,-0.43051823200816725,0.1318910842483824,-0.13512915146915913,0.0654082093822064,0.4627960999086959,-0.4703245255293181,-0.7760559520170854,0.19794969979675323,-0.3766813907054097,0.631969760160557,0.5678108060255094,0.7963870070103699,0.2563007062101644,-0.2698872771962134,-0.39176649727230745,0.3884258512565132,0.10352179424683464,0.2962387541094449,0.06713641820207011,-0.5264930471745503,0.41739791642807805,0.5229588390577161,0.4533991106131546,0.5480754954115535,0.8187888743904628,0.27396939219417304,0.01620496168431772,0.3061843130903185,0.6407013032595339,0.3820228423323808,-0.009719006780649844,0.12246757434868782,0.2340450760365478,0.2171160780110819,0.14418126227667408,0.28386294575146354,0.14091165328427396,-0.0001805215456407354,0.6803492300826411,0.30612258083123683,-0.5710310845877411,-0.11679878203923452,0.1484894516389708,-0.2273695313484969,0.05542835789403772,0.5786986873088676,0.28730734930002105,-0.11171783630815088,-0.37107810240180267,-0.11063533182500511,0.10056748968303003,0.16870576654824085,-0.704584520707469,-0.4129730234931179,-0.46800390647182144,-0.8009950739274154,-0.2567138705559352,-0.533968405983939,-0.4653976057951003,-0.600014884249801,-0.16247447977565693,-0.42604183961215697,0.1787059900486643,-0.09051724251071136,0.21127415346929526,-0.46551417501686293,-0.4385805020016499,0.4554632136918996,0.08318430924808008,-0.2936635108792608,0.37749636385795504,0.37976069061907697
0.204355295647402,0.8972588288846445,0.7025191822549091,0.642173013892333,0.8612928987256032,0.4163343718954937,0.30696609672403236,0.0,0.873585993386836,-0.40692229620922776,-0.4651409675428859,-0.29798541193085465,-0.38337604213577786,-0.7808961114763364,-0.7909331751910775,0.63433178159625,-0.42479447883461685,0.8901361826921071,-0.7150998389888733,0.6845032324391213,-0.4851609059420339,-0.21728187803353527,-0.5275047204328439,0.28173209239237673,-0.4412548249647186,0.037620387023575584,0.3447473760182904,-0.41656823782921426,-0.5575407533723141,-0.5903899443249477,-0.651185377403314,-0.7146627806648113,0.28978735500681996,0.32558959540728705,-0.3312772469771425,0.7598629658860259,-0.20839711128981483,-0.36346991270747814,-0.45151107874059954,0.12704383654758367,0.46531708878134204,-0.6106629265069661,-0.30591838592211296,-0.5651606895210767,-0.36902110604216093,0.5097485080084678,0.16534645645442053,0.06258944993439143,0.08823965980519978,-0.010560167184361218,-0.2757366011845507,0.7718575551906308,0.35794912507055693,0.8508109600522049,0.8934857405655671,0.1464388111108851,0.7284523553434609,0.9034048928829913,-0.7259451507297907,-0.739906367489035,-0.5864798176357517,-0.563664665155006,-0.6494648760052355,-0.6091570746240641,-0.6918288256516096,-0.7637041796713575,0.2087202001882871,-0.5406874037831978,-0.04647900124525065,0.4531149833632584,-0.4289512912974323,-0.38176585850416134,-0.5808319757688795,-0.30832708133538933,-0.4048543466375337,-0.24143127329581035,-0.4821813988280347,-0.5794084183984873,-0.6035822760665333,-0.6508868672818694,0.017852183171315594,0.2414291510450982,0.13918521338315426,-0.14281147189879162,0.6332638410532614,0.43516401947787,-0.16331911577021715,-0.28688265545682445,0.13100394746730876,-0.30311079150129844,0.037636450370836745,-0.8211058259352297,-0.5593541066617418,-0.013265202867405344,-0.09764693837507757,-0.5265009784270984,0.5826285390356454,-0.17740864978028573,0.196268768602622,-0.18856339691987384
0.3751082001260782,0.736974894504363,0.8178216375633073,0.6571759337378311,0.6558839958935804,0.6740036757927291,0.38097757022728534,0.873585993386836,0.0,-0.07138253796319347,-0.1758910969719389,-0.05118387991284203,-0.22606661300057204,-0.5404784983655563,-0.5196049272134471,0.6260631052784887,-0.3148247805606264,0.7664423141681347,-0.49031906011680865,0.37908506375736806,-0.2381574857149169,-0.030007980892862843,-0.35326059648410824,0.22752179597893804,-0.1654277774184596,0.22444544677869707,0.18287602759715477,-0.20540001313715223,-0.3689756294815369,-0.24320605127419884,-0.39952040509058845,-0.42610224659838364,0.3722583755686339,0.23756491507984528,-0.258434973216267,0.6405623778330688,-0.3729063232289463,-0.2644436596574421,-0.28597462656365746,0.08035548682741257,0.20335093961263637,-0.39923978455061604,-0.16609235664387506,-0.38006403797462396,-0.2758306120222299,0.27581333864913904,-0.08447183490630994,-0.17682223872684633,0.25274449125544474,-0.1479127644275372,-0.051123531896841636,0.7745556947091412,0.45654170404323496,0.6510861782053232,0.841570204715955,0.5174407917788841,0.8132563305223508,0.8850959815683216,-0.4149040812277248,-0.43079117379802184,-0.3769886608097445,-0.39222138219565705,-0.4018760886086227,-0.43005978987838284,-0.5021523812391449,-0.5042977859922381,0.32382175584059003,-0.37843938063000154,-0.18833036534080555,0.44636973859232815,-0.20758445276535611,-0.18238945212983318,-0.29160682634626406,-0.22235655930607728,-0.1938499729664423,0.018141137303485055,-0.27322741886517593,-0.25080307042075745,-0.3615197506216916,-0.3696426113342517,0.005512886679065378,-0.08717202218413374,-0.06101848399894439,-0.18065365517053708,0.42135938868294065,0.14981752500022397,-0.3818594839346827,-0.19544944403536585,-0.009674281661926923,-0.43015641043527514,-0.06813732475344543,-0.6055675753509207,-0.2498766173067031,-0.020479111651377994,0.06661065790468206,-0.4023310309778139,0.30407861578731676,-0.3731928844751608,0.3197957828395583,-0.3005950564009604
0.16005888568579382,-0.4897321072377302,-0.1364848616219407,-0.10779649813849072,-0.5662247396493159,0.2473252233367784,0.12342392864658068,-0.40692229620922776,-0.07138253796319347,0.0,0.8894770272037792,0.8698979165353758,0.7243454825295039,0.6490846532214942,0.5693414344290029,-0.14177704050811069,0.6454467805406955,-0.3564359798377646,0.66336641401545,-0.747703146033066,0.5175236132360073,0.6180773080884966,0.3785072056177141,0.1713486539712223,0.8652118441792209,0.4694958139656239,-0.5349819844232696,0.44555286648233694,0.5871483298515122,0.5395688709833717,0.7416753182926645,0.770380175032371,0.10266674766624523,0.029871421942758134,0.2870228131043291,-0.49292556002795185,-0.14690356192974974,0.29102612874537526,0.4001164060208924,-0.07984029514448444,-0.6318091096541822,0.6652324842677162,0.4962207219988986,0.59116835777529,0.37523276285773965,-0.664381078241636,-0.6543715235718313,-0.46555719591204825,0.032980184196249984,-0.36750259623852066,0.5402311547371668,-0.2946996044637099,0.2937210053047868,-0.5692067401825154,-0.45564529542013,0.32556830113161545,0.06524447794426526,-0.4018652580661348,0.8616186027488882,0.7610647440807253,0.7299328774907895,0.6959309589360084,0.6459330368932155,0.3611930170193504,0.4280281124551567,0.5637534031725201,0.18759304954488926,0.6085803729339334,-0.08845551575599452,-0.32798881202240787,0.27785728949838995,0.6792161303830045,0.5226341302956301,0.4509158617681262,0.7416932868199912,0.7469549377830351,0.49855776529180135,0.6484041682599665,0.7501054834353117,0.6537098552530581,0.19002142373653036,-0.6810210656349164,-0.3844141338484584,0.15460434431028677,-0.7085181689547253,-0.6280843554724219,-0.2610347907749658,0.005749281343883071,-0.5543753377120323,-0.1891246632778189,-0.16629195928235607,0.5549482640453027,0.7823097497344096,0.39138794359936757,0.5387122852322986,0.4766583184328117,-0.7346197814412341,-0.5066787444735341,-0.22048751111684547,-0.2274494402484583
0.040078174648816654,-0.5099884518491042,-0.19598482392945044,-0.08226032813415886,-0.5485296384627062,0.2485454830565595,-0.1769693653915647,-0.4651409675428859,-0.1758910969719389,0.8894770272037792,0.0,0.8631893214566407,0.6615413200695867,0.5475035239248869,0.5338640447299213,-0.34249526368499955,0.6302418928639458,-0.38736303030038427,0.5538249037081144,-0.8026049526527828,0.3223188524103692,0.6652537442070073,0.2956552266760168,0.3193435238537463,0.8358545316274292,0.5185426727447999,-0.36734976875120673,0.6367156022557551,0.6360694236021432,0.4344900174689685,0.764986230839264,0.7031411360912868,0.010511884553555376,0.160468697932928,0.49759923797940714,-0.5210381351757128,0.065975455962043,0.049459077096188096,0.16081743472479731,-0.3697628999555233,-0.6151648237929582,0.7409554901755068,0.6194460918006542,0.47796335363125786,0.3475804550661371,-0.6703327492273918,-0.605520824290097,-0.21769724002250937,-0.05868184488827575,-0.44318103736450193,0.3397670735881244,-0.46129379766020634,0.041601663405352846,-0.6074184068073462,-0.42518955413564563,0.21293847425328524,-0.13708554053936964,-0.502335777410244,0.8106839489507797,0.6942298909841308,0.6238383206136979,0.5624455437274183,0.5366456238450277,0.24059159677874584,0.3502853693887614,0.5234863542594929,-0.03600062397749714,0.4423775577398298,0.11151448927789986,-0.2797813666928951,0.17069775544437651,0.689084716465142,0.4341825282013718,0.17444156831090685,0.585911797574685,0.7131656488930538,0.5766502129092167,0.6325428748951863,0.6465666218150817,0.5608381771926509,0.38180441228235906,-0.4306952687735145,-0.15451178505724253,0.4581890671927191,-0.5760246009585311,-0.3620551274181386,-0.005093329126195716,0.27006128728159207,-0.4203185463545871,-0.012747133899209076,-0.14466146404448071,0.48648815852813404,0.5846984722446634,0.573402142290687,0.6773918138874438,0.33137023752876654,-0.6599946826356359,-0.31961765525958025,-0.29756924627156733,-0.25769695630711253
-0.11100135828842998,-0.395944652618885,-0.07088646003065423,-0.1703534815969809,-0.4590483334513788,0.32417523891685585,-0.12163114130465894,-0.29798541193085465,-0.05118387991284203,0.8698979165353758,0.8631893214566407,0.0,0.7886169120170796,0.5107887002093707,0.4762639434642563,-0.34678234976518596,0.7270421917470664,-0.23242664202992075,0.5572340471592947,-0.7508855715324502,0.4457323170798053,0.7384549827749589,0.3399243393665703,0.4240275313472682,0.7840597484366943,0.6801210709108503,-0.48182830602886056,0.5779563718399454,0.6131115973192292,0.3731334224385275,0.5751867269894453,0.48296999390776996,-0.2381880384263326,0.21818816339559807,0.4385846562367974,-0.48811334897779546,-0.0811236011008882,-0.06787649342947305,0.13803620095672314,-0.2993076764895362,-0.7552852742504007,0.6390684454954021,0.5201490048322869,0.2557422458508727,0.05647280079787768,-0.754868294831908,-0.8075049154696289,-0.4169519944647727,-0.16207007102791743,-0.6340398607021144,0.17369133247437177,-0.38589507631678616,0.044858654671778304,-0.5452056077386739,-0.3394282179963532,0.19537934650068317,-0.026686019338047737,-0.39713995404275426,0.7664457187754194,0.6241727332871001,0.7090943272127546,0.6972311832724701,0.5931662948849374,0.266386834892013,0.36348873544917293,0.48501195043505946,-0.06073798205488827,0.5422908828905787,0.21956157457927167,-0.20886378395200725,0.15818445257371572,0.8133641638220327,0.43642090050145205,0.285336483701573,0.7446310064881184,0.8851586913955224,0.5557590432441799,0.6518572984655515,0.5429958516488669,0.30621032795375347,0.4900727124627778,-0.6020391714213613,-0.38411872692322296,0.3944382457007566,-0.5717500648276762,-0.4281384356580256,-0.17996743208018431,0.12607329506211004,-0.6207591168402842,-0.2926882444668098,-0.3661033534253882,0.4768594025610583,0.616521184902475,0.6113463114433743,0.7099529041744753,0.1602289710013469,-0.7140356764250817,-0.5881996846453144,-0.3592511104670418,-0.45314739327094666
-0.16313594658868213,-0.5430043856276998,-0.2842291629105126,-0.5164059496972967,-0.5972748433406186,0.01108966543374037,0.20121363877441273,-0.38337604213577786,-0.22606661300057204,0.7243454825295039,0.6615413200695867,0.7886169120170796,0.0,0.6721216445863557,0.5803562819902943,-0.3327266576468463,0.7793283787777666,-0.3917569921164442,0.73423610758419,-0.6275136827847362,0.5713382110753147,0.46011686882079644,0.3852800856096228,0.054651809320917386,0.5179047907755382,0.3279497315911204,-0.675170423076842,0.29635445846748004,0.4054721619667736,0.40139861553262274,0.42563985771169527,0.45020457665121083,-0.31461369750625057,-0.13911430829348925,0.0670634568176048,-0.5777397013407088,-0.07799246935427627,0.26670258374728495,0.48582839215973944,0.10957119192794143,-0.6071794010685422,0.5175999703599348,0.2944643079382453,0.46774433910892643,-0.007084186976564873,-0.5680153913081589,-0.6251824175509857,-0.5457252582631305,-0.04708346256922227,-0.22861574872592555,0.20471858415494315,-0.3926025660423887,0.15891770245957468,-0.5891275800240726,-0.5919131791102804,0.05067933496221381,-0.08421406261270814,-0.4787284027923287,0.7384836191375272,0.7183488856784592,0.910874236469718,0.9268808804179965,0.7826679356198657,0.6046108611621168,0.6119998011668446,0.6166614062384712,0.039712957765174174,0.7640127157259935,0.04802546958725606,-0.41336711727199243,0.23768107531609176,0.6822996068090913,0.4913350863204089,0.5722707703212181,0.8458870194512736,0.7215927747193472,0.3499883257048935,0.5585012195014293,0.4648020427298333,0.2662331840455265,0.07325818155721715,-0.6725255307201273,-0.6307715176240036,0.04566500953416378,-0.7451652302847104,-0.6416613178056039,-0.18471180683889477,-0.13273255221749636,-0.6441044468150762,-0.41934730527981706,-0.33745691214047835,0.5551091350191196,0.641036287266541,0.3454277496535146,0.35688535504918023,0.42396406380926194,-0.6056095217342625,-0.5141347075424888,-0.24274316145268374,-0.08998776455971233
-0.03486303427671352,-0.8932649011403015,-0.4302136116237652,-0.6167893161625158,-0.9308357625521441,-0.1487759483901238,0.09960315348719241,-0.7808961114763364,-0.5404784983655563,0.6490846532214942,0.5475035239248869,0.5107887002093707,0.6721216445863557,0.0,0.952474190491311,-0.45410704811338154,0.6979700453260215,-0.711145782277361,0.9515304803656127,-0.7682186685936587,0.8051138506967207,0.33473204646614235,0.7712229108100247,-0.3912934686012585,0.5706205019439895,0.05639618929154726,-0.6890335519542731,0.40662552764284465,0.5679392457625468,0.8188398994982498,0.6714355960172851,0.7419662475298088,-0.24393721533222285,-0.34778737793562703,0.14112663500635317,-0.7222013885385674,-0.03483644162861691,0.5750816212734753,0.7043954071619484,0.10469058208377388,-0.6370826357691386,0.5816845990511885,0.19163361743798393,0.6566248770209095,0.31140572653315546,-0.6766668867753591,-0.4593100589266728,-0.3827532784169083,0.11576188150316712,-0.054027522192643604,0.44748327455913445,-0.5087800994318245,-0.004647652813506783,-0.8569668286509547,-0.8586302006635536,0.19280432283471285,-0.3188972749610554,-0.6953591952288637,0.8679189006656404,0.9084129066478442,0.8360625314736259,0.8263644342205535,0.9253891089152791,0.849518699243538,0.9030455518331442,0.943351461135364,0.1423480281830586,0.867051040318893,0.00033989458860839427,-0.33874339746348864,0.6151648475307157,0.6055971733814686,0.8332337904694934,0.6458642350948275,0.7157482544579881,0.5113086717765273,0.5637171342722239,0.7870951343519594,0.7149298491976889,0.6706671197722912,-0.1415187549056789,-0.6471001493126685,-0.5653648981737964,-0.045582962585810946,-0.8652563928525864,-0.7794355305566711,-0.13617598460096522,0.08830185915530063,-0.3708137319044648,-0.12809127611645368,-0.16348523174001522,0.8950941793838808,0.8325008229644936,-0.03993077779837097,0.07172652867572359,0.6288361924618056,-0.8000810983991336,-0.08958335893758941,-0.01208365659053741,0.11874378122370852
-0.06949182965549967,-0.8788017710599851,-0.3559534096815138,-0.5858198427055674,-0.9220567109870736,-0.07930055445220818,-0.04811651755444628,-0.7909331751910775,-0.5196049272134471,0.5693414344290029,0.5338640447299213,0.4762639434642563,0.5803562819902943,0.952474190491311,0.0,-0.5408099900705648,0.6118012645623064,-0.6838164330775747,0.8950643657261453,-0.7801573381229531,0.8230151377423713,0.31556171148522527,0.7821725692470796,-0.38507456972896204,0.5230901583951576,0.08060107405515299,-0.6367116103615666,0.49807410946117425,0.6061588309918025,0.8237362011475121,0.6633283667962131,0.6566656641039919,-0.3195824461774777,-0.308496461860875,0.2203432413079416,-0.6889562206892594,-0.01773917726353582,0.442874988691036,0.5954716082343402,-0.04561585970266791,-0.6855219001386823,0.5751351717598178,0.1736012068572371,0.5518679866741141,0.25979784737013817,-0.7160056861653238,-0.4829510063308331,-0.32210383391215036,0.11695686846399148,-0.13904804665558584,0.35361904033311736,-0.5150579609836027,-0.13973600739477562,-0.8780300749660512,-0.793845870714475,0.25222842862893663,-0.3792818343335817,-0.687625968420353,0.8346897518404232,0.8712581379004896,0.7546960547265257,0.7407523316918756,0.8962579621730139,0.834093900042604,0.9177658940018275,0.9795267866886076,0.05411004808700772,0.7901449592031776,0.10129123840026426,-0.21985191180518718,0.6872938163553904,0.619654308248638,0.8616305833959015,0.4992765779276692,0.6344601942291733,0.49592581600635816,0.63770403931791,0.8375497517035264,0.6724796810521777,0.6135339010912553,-0.0652742225002914,-0.5917633490842168,-0.49587310220709274,0.05338556466061059,-0.7683505920304174,-0.6862925736572428,-0.11873213440998866,0.2329407595093726,-0.29520244296660314,-0.11936736155414886,-0.227234005211646,0.879498878356845,0.7729116392049412,-0.049088877804430185,0.10361900409820515,0.5381316260209211,-0.7836620998587749,-0.01927746840262512,0.0352265252968037,0.049444392151292975
0.5865010402367319,0.6307985410683736,0.4592610896500383,0.5925558299223488,0.5564056600229151,0.1544147808879388,0.680217553571774,0.63433178159625,0.6260631052784887,-0.14177704050811069,-0.34249526368499955,-0.34678234976518596,-0.3327266576468463,-0.45410704811338154,-0.5408099900705648,0.0,-0.40103992702033814,0.5962965628402161,-0.42103202697599246,0.6401819583922485,-0.23334834695794535,-0.3577755049570624,-0.4090793160098438,-0.10816186862543309,-0.308708107384787,-0.31004222861451364,0.08707524280778216,-0.6533350061099482,-0.4967021541004213,-0.306476552409737,-0.26407907854558577,-0.20893792443156786,0.7445324023672442,0.017583132957773966,-0.5544086851154153,0.6803766256492786,-0.34070874389422434,0.1569601212175326,0.03185062502268085,0.4917998052674961,0.5407938606489047,-0.48877412307698126,-0.32693984171428264,0.00010164612291721115,0.18865931788631643,0.5355689870955344,0.3061630447574969,-0.056553508256176034,0.3302365873708485,0.3876030695608065,0.3459830726686409,0.8071754249664318,0.7642770587371657,0.6929124419129647,0.5090705314477055,0.26617735922906394,0.7735035291396171,0.6731303444153373,-0.45007112317096376,-0.38737672813898977,-0.35747295418380776,-0.38537038216505737,-0.4352600049286198,-0.35642331732491134,-0.4197357523799949,-0.5156402153636374,0.63113288393759,-0.2607459734967014,-0.4604714186748979,0.20117445374068374,-0.06509770136122896,-0.45595845762046866,-0.3721696399480971,0.1306286446775608,-0.14342255254366912,-0.39048496780761693,-0.5129510781478042,-0.504103227294101,-0.11734273465973549,-0.03830874716402803,-0.37439500141990095,0.024929385282529134,0.08174905720827544,-0.5050009220965053,0.2816861070754384,0.037462834385106114,-0.3598923157605875,-0.5457481851250494,0.2031357253051075,-0.14444022465635223,0.29999561960935084,-0.5996865284102906,-0.2301547968568994,-0.3344485282410679,-0.3267272759782301,0.065418623449456,0.43581423217046594,-0.1276305322022487,0.3561991503012893,0.21586483956782104
-0.07472269530479339,-0.6396316472786013,-0.2209149548881225,-0.3489635864616533,-0.6587572319746885,0.15379272291947585,-0.01586169086303819,-0.42479447883461685,-0.3148247805606264,0.6454467805406955,0.6302418928639458,0.7270421917470664,0.7793283787777666,0.6979700453260215,0.6118012645623064,-0.40103992702033814,0.0,-0.34045104810562227,0.7387873267251401,-0.7096937899161992,0.5313561850663497,0.6608314500054325,0.6068467200387991,0.11655345865697898,0.6680289121190334,0.41474440169262095,-0.5494796505790145,0.533235107850104,0.6573930719944231,0.4686913797375387,0.5783374600991353,0.5139276302564053,-0.3086826164365692,0.15393104961170262,0.35876233180930694,-0.5394886875407607,0.23031778935778868,0.14595263788913074,0.2444024572138774,-0.1683928834340436,-0.6693486278575368,0.6246058634184054,0.3686338147580342,0.38384077549999046,0.16824346070195442,-0.7560303436181086,-0.6582725969753128,-0.23778344248291108,-0.022694662889215584,-0.2939951800633686,0.2612800240049722,-0.456421034337471,0.028770712299697535,-0.6777668375472511,-0.5722360028035072,0.0892306990266978,-0.09090404592738324,-0.560219238733827,0.7116967646194664,0.7236672364432084,0.7322669231573025,0.7382512133990686,0.7162476808830445,0.4708419837201041,0.5745633140053998,0.6471005327995857,0.0962491764942222,0.77765240160459,0.42399897991687,-0.12512095778373594,0.34651561632404165,0.7945834889959134,0.6042547636995899,0.47539630761696544,0.7718281780821451,0.740550087355231,0.6711477374396511,0.6706043249162085,0.5679964830595122,0.34941627274802617,0.34554794645583203,-0.4980681058604722,-0.4380503708714678,0.3106017861904287,-0.6919949297886813,-0.49086650254314834,0.08826274955180709,0.11694489751136035,-0.4214696769135262,-0.1710919356736335,-0.17541956998689917,0.603807401424007,0.6022617425955124,0.4608634473091632,0.4167818311900953,0.3242718457070182,-0.7591718734785561,-0.2844856389939057,-0.2264742331862041,-0.0584075608198239
0.16815604309755813,0.8486327937145938,0.6955160450793048,0.6955631859018736,0.7786826383585712,0.41388840268697663,0.14946594462155163,0.8901361826921071,0.7664423141681347,-0.3564359798377646,-0.38736303030038427,-0.23242664202992075,-0.3917569921164442,-0.711145782277361,-0.6838164330775747,0.5962965628402161,-0.34045104810562227,0.0,-0.5917066541702242,0.6372204026756798,-0.3304840322329934,-0.0913501291669368,-0.36536614284611696,0.3414023569303982,-0.3376163162035411,0.08504651743003079,0.2796484098871115,-0.34664900083769357,-0.37322084266347466,-0.5933774985199749,-0.45844443706032467,-0.6674399301555297,0.22259193455815637,0.5915522109374982,-0.12994934046807105,0.8036931491535106,-0.17330770071356863,-0.4597241711568669,-0.474944749330052,0.002726671668138769,0.34194679229046976,-0.48997520697131025,-0.2074728759159015,-0.5888494986415739,-0.2454665108690247,0.33577845178879595,0.0683115324871218,0.20086271025009242,-0.01907747825045275,-0.142064469511803,-0.2944556018339153,0.6550904951512767,0.23577165912443207,0.7114963489961719,0.8042475533268277,0.11160093447819941,0.6298907388441772,0.7162117341587638,-0.6538236772348452,-0.6792842026990235,-0.5574009935886184,-0.5514218221535472,-0.5934600079727541,-0.6003793034668099,-0.6129942112749898,-0.6607538097947835,0.13649358584989185,-0.4685556336631169,0.10398354198969895,0.5950364789743087,-0.2573185654753684,-0.20320443346085962,-0.46432216804218207,-0.327763567716349,-0.30531218870430055,-0.17126153146164388,-0.38314932817230085,-0.5060752678848371,-0.4551171317981795,-0.6242850932651359,0.17001603352865197,0.2068538793936425,0.1793880396960794,0.025732337718655313,0.5838484491223851,0.4392232208773232,-0.20523558994609017,-0.3050306367643165,0.16302820596613596,-0.32807163983397586,-0.15767177256570333,-0.7533855139828128,-0.5406625286156935,0.04206946037978746,-0.03709719408322467,-0.5632913767601383,0.42142373510925496,-0.15395159037566816,0.1397994026685893,-0.2899734140358203
-0.0413195976582893,-0.8299310255083259,-0.3634785734165485,-0.6126763270922395,-0.8869582019820774,-0.08147178385698245,0.11310611411585368,-0.7150998389888733,-0.49031906011680865,0.66336641401545,0.5538249037081144,0.5572340471592947,0.73423610758419,0.9515304803656127,0.8950643657261453,-0.42103202697599246,0.7387873267251401,-0.5917066541702242,0.0,-0.7333899160571171,0.8347062136303682,0.4040095390071695,0.7352582522917811,-0.3349329488771859,0.5803810418620682,0.14668998521897286,-0.7176898260767713,0.3577132960415896,0.5880931558208008,0.726264865583686,0.6991628218409769,0.714346212304386,-0.2891056785527101,-0.22519058081984766,0.16255466146252043,-0.6783983867896561,-0.058288018378268504,0.4986345049255917,0.6791697923550121,0.1262914469314916,-0.6811476638495554,0.6539601302505843,0.28588845534644236,0.6681973989631056,0.3218831375933064,-0.6898539509353493,-0.5226219326535073,-0.41458123230110877,0.07740413683851893,-0.09301409332916123,0.40129275595580177,-0.483960273303713,0.012393797273474888,-0.8483962456635431,-0.8258675146086731,0.16993346595136233,-0.2866399204963049,-0.7036717842678203,0.8419846998804577,0.8884831850398565,0.8505271510539029,0.8535404031277759,0.9276264128338908,0.8346152322242518,0.877366907107161,0.8912439048204748,0.07316017727628658,0.9013970003251072,0.019412900042063863,-0.30553815112073135,0.6058508261261328,0.6687839897243315,0.8238657491535115,0.6155385426463348,0.7779737430081775,0.5716503466291244,0.5138484522751194,0.734769354265517,0.7252446285231565,0.5926574140300805,-0.10190866504317295,-0.722765825852791,-0.6074442649439913,-0.036080861087919774,-0.8989463546846501,-0.7963647994166037,-0.1991987152086924,-0.02326937692082151,-0.44831977395009326,-0.27952132131174334,-0.3207767598796457,0.8437709132895403,0.763608121610888,0.057190391384791046,0.13748262059875502,0.6075875098955096,-0.8211904776344687,-0.19855619278392622,-0.07464088442463594,0.04905882452362537
0.06528750542999277,0.8097814535559971,0.24249016813299595,0.4194844567705103,0.8126916522724642,-0.24998272044690562,0.26339663970718047,0.6845032324391213,0.37908506375736806,-0.747703146033066,-0.8026049526527828,-0.7508855715324502,-0.6275136827847362,-0.7682186685936587,-0.7801573381229531,0.6401819583922485,-0.7096937899161992,0.6372204026756798,-0.7333899160571171,0.0,-0.4977352701223766,-0.6670395584873369,-0.5883176422684542,-0.03196413728871013,-0.827316493565637,-0.5253537461110972,0.4517878526053563,-0.8051567236892019,-0.6910430056348961,-0.7267227464678263,-0.7367791708885607,-0.7363837990969441,0.3473882641990817,0.10301208144035871,-0.5307375178653512,0.7621457599941935,-0.0846320601698914,-0.12120107608435214,-0.263239635602771,0.4128730053537952,0.8483377684252146,-0.8239271167112643,-0.5099824604848535,-0.4398345937209417,-0.18025711389073917,0.8540366614663648,0.7035811419595722,0.3393083002692507,-0.02850502991413196,0.4425289214465007,-0.2600774030889776,0.6331124268387951,0.21260272461564858,0.870810065123642,0.5905033526379482,-0.28122248006021877,0.323081870129265,0.6639442252038411,-0.9131223758005055,-0.8401602948882793,-0.7029912927683473,-0.6701671349148395,-0.7809577601055028,-0.5341472723911647,-0.6294675479071373,-0.7776823430487436,0.10765769113623379,-0.6332544260872814,-0.26736581606221205,0.1736626627610298,-0.3784979592355999,-0.7868294843915664,-0.7506699955751102,-0.2723606278296447,-0.6319548854550465,-0.7857177807223711,-0.7728843173883606,-0.9084008411225216,-0.6314831357099879,-0.5882281880370971,-0.31606933135041637,0.5601917681111879,0.38075840835698244,-0.3806994892279075,0.6995352439932156,0.539395891907132,0.007120126019065505,-0.4633958614105549,0.4270213845190386,0.033121942234252764,0.2045905581783504,-0.8292866685133476,-0.744163085669011,-0.40704961517961813,-0.5740432385800622,-0.32076392211833443,0.8655181858538861,0.2534054834738305,0.18236004909183257,0.2144378162645605
