0,1,2,3,4,5,6,7,8,9,10,11,12,13,14,15,16,17,18,19,20,21,22,23,24,25,26,27,28,29,30,31,32,33,34,35,36,37,38,39,40,41,42,43,44,45,46,47,48,49,50,51,52,53,54,55,56,57,58,59,60,61,62,63,64,65,66,67,68,69,70,71,72,73,74,75,76,77,78,79,80,81,82,83,84,85,86,87,88,89,90,91,92,93,94,95,96,97,98,99
0.0,0.6253368915391311,0.7378722226485276,0.6107684933161616,0.5663848294542662,0.7418354151440323,0.5051772674619855,0.6642487599769603,0.6230236059959064,0.3403167259729241,-0.34338181188787686,-0.48060051775824064,-0.36720488021648173,-0.5127443614200491,-0.162017746232899,0.49506016930655866,-0.4566184198202609,0.09089246792692736,-0.3515569424542356,0.17032643875745085,-0.17595337592069685,-0.5246326595364524,-0.37647592377086353,-0.4315680349972404,0.42794004118461504,-0.6985619466825143,-0.2326500127160941,-0.3351486964951228,0.20003295998873463,-0.17203202742860874,0.47889187612038103,0.7369787916016997,0.3023629445494447,-0.1320182850197917,-0.15449329076007046,0.5575842899500588,-0.0397605207733829,0.45379856916808947,0.2514900276615849,0.21595676619649468,0.05976940151201392,0.3493170641758993,0.22599949419976106,-0.1427037929216445,0.28149199059671365,0.09222804563083283,0.009226506539923922,0.006388742523429484,0.8019954438634765,0.41306005470486584,0.834764543938476,0.7376228877356055,0.4625586466507632,0.4838181531334674,0.6646454801343792,0.7271486656846247,0.6345974167682636,0.6060731505713886,0.2978524065650208,-0.4230472726666488,-0.4240828848335757,-0.4258871482467962,-0.582277000687146,-0.5349378802633104,-0.42133237513101507,-0.2715931986514888,0.30014868932115457,-0.5053255385348394,-0.3843114001375161,0.13731196709087276,-0.12315100733990635,-0.5664707714491389,-0.4040583341903833,0.06902211837708029,-0.44067170214329504,-0.4289616946120482,0.2739301715303816,-0.18602605842401834,0.5903845667174183,0.5100587900803617,-0.3859472358306369,-0.2902023243805443,-0.07163834442819064,-0.2566258109932893,-0.28537790979135746,-0.06665087424610146,0.08862277452510756,-0.2617996133354126,0.5635016662507334,-0.10025947959846063,0.25108021531055125,0.4734653546924421,0.09735899856349918,0.3836275450103318,0.03957487672769314,-0.18403217457564158,6.580924008095117e-05,-0.045201717553394555,0.7092968771123345,0.4126880252146937
0.6253368915391311,0.0,0.8682003690094069,0.9621580734067603,0.9302190873249286,0.87090646300434,0.8340521692541915,0.8403399583681815,0.7095947906491092,0.5505289750266495,-0.2875374070200064,-0.39692795571187545,-0.47257773998219665,-0.6024285117333072,-0.3251377229255054,0.6504328318946988,-0.6093286728392808,-0.09325376119550433,-0.5311177533014454,-0.0637080175422981,-0.37901631817950865,-0.45360046924749803,-0.4650379932346428,-0.17301433307342326,0.24479099835872592,-0.556652515915772,-0.23473754599485985,-0.1371034794491118,-0.0068271834659739935,0.06839845724373068,0.40813058835502863,0.5284306436893159,0.14491981546659863,-0.3877265698127207,0.07574001477570477,0.323917205357269,-0.1645838550708478,0.46779016802485723,0.4223444016604135,0.44008927922783175,0.12084329005493652,0.3919161960591836,0.31072779815653573,-0.06141665858504835,0.10605112271371243,0.27840437841645743,0.08647753863187194,-0.17959791149537027,0.6823425482830662,0.2462585977079702,0.7085375284308395,0.9590067991287826,0.7303775542148501,0.6932551767318973,0.9224341279294129,0.6755371332127296,0.799452930790905,0.8203953403020939,0.39874316253031483,-0.3714579173778586,-0.3965835955611135,-0.6312588415558337,-0.5583687006980762,-0.5773080279965201,-0.5470657085689262,-0.3167125617168021,0.5265816325205397,-0.6437427756768218,-0.5045517515358972,-0.0027071876818272715,-0.342231010393943,-0.24020797507267946,-0.41621303571796464,0.3247919210697106,-0.2463432488456442,-0.24678953425001268,0.23295319386305172,0.09524051069152892,0.5546022968883244,0.4134392410705393,0.02540374523984091,-0.29769886968192977,-0.009042657596703457,0.07144819873268135,-0.2184329856911869,0.19768033505564148,-0.08769741351529547,-0.1917273039215346,0.516802101813837,0.25212282291013194,0.28033417146972206,0.5133774402344812,0.40140463536898024,0.41275231389725464,0.32184406804546445,-0.0737857722750602,0.22605631870018833,-0.1920848365379134,0.5329077522569436,0.3034739055605684
0.7378722226485276,0.8682003690094069,0.0,0.7924039360087034,0.8768236481462831,0.9823641861192192,0.6640666770752089,0.8492365775237577,0.8632019014888516,0.47374122057752716,-0.07920660115005995,-0.2643270063064191,-0.2370852636171623,-0.5845603741481835,-0.2654818485495053,0.43112402070364647,-0.5591623644485617,-0.08969153156707492,-0.5165345815636238,-0.12189934848747011,-0.38124062133438147,-0.45426048656707313,-0.47252531422058064,-0.08810163685045838,0.36284553516213336,-0.45730714688755,-0.37741436506787374,-0.20027687873827146,0.08319206582960649,0.05487539868175356,0.42309262668175746,0.42109282869661313,-0.06952635316630557,-0.36443616231687204,-0.14590007597191326,0.5672192717883353,-0.09033297472941024,0.310631134483726,0.2660398257521766,0.2927345668675788,0.006907601471220327,0.3433664412065963,0.17804972235398034,0.01305841359377832,-8.036086547348641e-05,0.07247247446662508,-0.06458285701929545,-0.28334879783872624,0.8565563049943521,0.24371774274471716,0.6963089513678289,0.8828907594180677,0.4571315053364545,0.5391296154002799,0.9494354724322414,0.9012605097480347,0.7470949819663736,0.9067758087132817,0.35868398178773186,-0.21455437273025316,-0.23550892481707836,-0.3969332701377905,-0.4429667133774769,-0.539172496151171,-0.4800281217085502,-0.2745648967976379,0.374273948338649,-0.5862990522271802,-0.467760930125462,0.011585473112883651,-0.32253384959948134,-0.3934665813312766,-0.4648117152696213,0.21872027838388597,-0.17607300582180535,-0.1401351472449628,0.31370866983528517,0.09189941970652574,0.49696316625716597,0.2345212525064511,-0.03107021842532342,-0.3580518187688153,-0.15606132264243144,-0.13367313088011726,-0.3956020803261603,-0.033549099322827076,0.023340011715576824,-0.17140869105054307,0.6815544240199652,0.18039478409317206,0.061221860733846424,0.40810540166590203,0.228444327042639,0.4036377726179408,0.18511415484364865,-0.051172033969758,0.028588716386880333,-0.2954835101061369,0.7556187945537293,0.32336539264308684
0.6107684933161616,0.9621580734067603,0.7924039360087034,0.0,0.9030502042451565,0.8063548793072702,0.8243357438113958,0.8108049807847226,0.6366426916418413,0.502693625465191,-0.32964245471970677,-0.4564695095760035,-0.5868424936220196,-0.6413190328503765,-0.4716032929329706,0.6846541760261231,-0.6076855746690787,-0.04329137080981544,-0.5037252431745523,-0.01409813824976849,-0.3419740024820172,-0.4971267566334851,-0.46618553375837885,-0.27151114393089676,0.28638475415249354,-0.5266590241376459,-0.10510109954199463,-0.12368287769783133,-0.06676901296887376,-0.00636795470082754,0.4031130472997093,0.6033982948581835,0.25374647582387666,-0.3370410459994482,0.13771115734851194,0.2789263591328178,-0.17711100180316214,0.5057739860406744,0.42299767639251484,0.40238383298091074,0.1603041830344579,0.4429695918777608,0.35032259489306045,0.009652310705386214,0.24780933302918323,0.34033429176167423,0.13714233639285345,-0.05989923226024634,0.6716590046474443,0.25905597575650063,0.6945686029159436,0.9305791144273972,0.7701485435559539,0.7907450752298187,0.8798160030516773,0.625171109142969,0.7872116895302542,0.7553248325128286,0.3696929975140376,-0.43384284433118786,-0.4223306534554115,-0.6909183988434635,-0.6936281854792571,-0.6287429775443465,-0.5890041337006984,-0.46072095091189874,0.5033554769799432,-0.6454675714065288,-0.5022605276347676,0.021463986404460886,-0.3216846435085036,-0.26403878518598195,-0.395217675054252,0.2850727065964779,-0.3341329827921088,-0.24264352734319536,0.14927384180643777,-0.04564744567623999,0.5748716449600103,0.5071704692428912,-0.0654107060464872,-0.2541493943067899,0.1303865972345669,0.1169634522892979,-0.08387755705752349,0.2604408340481292,-0.08778429828521435,-0.16782384401351633,0.4508592532998689,0.18486559058875174,0.35544262396630916,0.49611882158600284,0.3645337822557599,0.4333045150216822,0.3179221970430715,-0.007821278184482847,0.2859836018759894,-0.06044565900064905,0.5042298535729848,0.2967177122690161
0.5663848294542662,0.9302190873249286,0.8768236481462831,0.9030502042451565,0.0,0.9081621288422136,0.7097968934024348,0.7954384860990907,0.6909390633480721,0.4806764659433268,-0.02583128779578387,-0.20693366446071013,-0.3086376829294562,-0.6209872328989229,-0.422779945896299,0.4328650425745973,-0.5647933779919247,-0.1456266406837748,-0.5261225071573595,-0.24331387488178485,-0.42093075775626376,-0.44713167884444416,-0.49486779015979515,-0.059224874460234736,0.3424066278041193,-0.37544789536829626,-0.29954508120048784,-0.08292798999627,-0.08941337044367613,0.044410812227480945,0.3714442250163957,0.3475896572528848,-0.07495807775412847,-0.3959810087065381,-0.060089040028961,0.27919542424886945,-0.1522675167429636,0.2679363987961669,0.25979902455840703,0.29490323426609627,-0.0318015454565819,0.3322321187720171,0.18768588555181603,0.05789435130491243,0.006936264453748729,0.13172417619996923,-0.06416976404707464,-0.3165799603040222,0.6602523816327743,0.08775518020602663,0.6016918941905498,0.8932160360532064,0.5671410368472458,0.6947948154416351,0.9713744038270504,0.6834128354296509,0.682701636920567,0.8153456696596463,0.37131827075287344,-0.18691531699930108,-0.15777160802987097,-0.43594657331460307,-0.49640433015124374,-0.5914207494857818,-0.5497711714666403,-0.42117432506772756,0.3650710194953282,-0.5853543531516925,-0.4571511416530977,-0.06046226992026804,-0.38924493593466514,-0.2838555541791148,-0.4281951683081454,0.2630880935860379,-0.11045287404378874,-0.02116381254248276,0.12206534161720833,0.091807074812997,0.47579281248297,0.2584536140976893,0.07432623883257211,-0.3322210470807202,-0.032536816804062285,-0.025246563867732025,-0.2658615668564636,0.06824375760296542,-0.03569991691739937,-0.12092167518740812,0.4707076444255885,0.2421386040751093,0.146745491375365,0.39950113714166874,0.27582957075956077,0.39726258129302466,0.2456624720306666,0.03144314345501369,0.11860038787787643,-0.27650226632892244,0.4879934561295557,0.15012353480198928
0.7418354151440323,0.87090646300434,0.9823641861192192,0.8063548793072702,0.9081621288422136,0.0,0.6798397471410562,0.8421855703182379,0.8494561082676968,0.508698151811895,-0.0280476564657467,-0.21542233581339237,-0.24838790208836442,-0.6376308873216232,-0.3420212218314283,0.41297947836534743,-0.5684064655494946,-0.10789178881631331,-0.5366555679239924,-0.1614143063430477,-0.40519629648666644,-0.48763216691458267,-0.5074507546898402,-0.044922668209789046,0.45066260262247815,-0.4544837127510741,-0.3930152125870124,-0.2080275658269547,0.033772040827168136,0.031657959197185254,0.41296657900913586,0.42445644512713326,-0.10482324603741447,-0.3792744866285488,-0.1699115945302182,0.536554105452108,-0.14607763067760496,0.28129492149502955,0.2501427079094718,0.2935863856191806,-0.037458936225076254,0.34464036528185155,0.14833522702734064,-0.0025983815397786093,-0.022790618427594854,0.043582149993579164,-0.11181333610510602,-0.3286838249850931,0.8631410355598316,0.1879304709353702,0.6930517601637495,0.8781515611153892,0.4653138428435789,0.554738800728733,0.9698530040777007,0.8915739876805984,0.7201056955326464,0.8881952142543986,0.41148915753928444,-0.18852583791927544,-0.16320355943773707,-0.38309876658896486,-0.4800782680504554,-0.5877846828539471,-0.5201017691248409,-0.3552055804947518,0.3821779768882474,-0.5945372594139583,-0.4599973166604308,-0.008160508955629106,-0.3426142301448235,-0.3922343973831647,-0.47488939480560355,0.2490174609617536,-0.12708892048411383,-0.07105590789164372,0.2708182398782478,0.08847637635460295,0.5074768237141482,0.2472355390957521,0.009070796541437953,-0.37075002429684917,-0.15176406299760234,-0.126399045860829,-0.38661017235811757,-0.03966810445462593,0.01060172033908255,-0.16584741774330372,0.661738955535552,0.1979733432903897,0.0800957344842511,0.43384329791416876,0.23090428965837675,0.4142377371864251,0.1807505079446319,-0.0668617455140234,0.0255197744881371,-0.3010870450550582,0.7452741078042374,0.2802804359825669
0.5051772674619855,0.8340521692541915,0.6640666770752089,0.8243357438113958,0.7097968934024348,0.6798397471410562,0.0,0.8124761159985125,0.6774762020449787,0.4302395919455812,-0.23119185100739015,-0.22789546105379344,-0.585839241626422,-0.3827269458768561,-0.3298313924998483,0.8506148851805967,-0.3028923653787949,0.1913428500120636,-0.20690757613435506,0.09972269924101336,-0.05284111755922497,-0.44954053118493104,-0.2260151080718305,-0.01100911566578582,0.297383987454332,-0.44185552907868914,-0.20095872734029388,-0.4837891576499333,-0.08667943770134423,-0.1346126475949633,0.00014298086115353766,0.5196781891856098,0.1992148987426902,-0.10362264876620354,-0.06164119418830237,0.2532598371979391,-0.4491369966869066,0.39399253326439165,0.32758455445918144,0.3459375713255508,0.17032485098625796,0.13989607652390115,0.07727329390581172,-0.3355468688726064,-0.07704826503308604,0.09725215249487149,-0.07562461487073154,-0.17422674137532856,0.5791949866108623,0.11756099513974062,0.5126571715741541,0.8345336096018029,0.7970403810833027,0.6786389825287671,0.6826222392063732,0.5674812610204062,0.7673045465638092,0.7204480987383868,0.2610159738743645,-0.17821502716463858,-0.2603749356382451,-0.6426995865696375,-0.49849106488662787,-0.3405629593828984,-0.26663160382783346,-0.351875828270705,0.43929237763263956,-0.3610665889223918,-0.22353728706120665,0.22782904864040274,-0.048307965042385485,-0.2864612964214325,-0.17243985150555619,0.17052194853239522,-0.14073135212538657,-0.266834322273588,0.04757654361076426,-0.15278765152568888,0.2849547541411152,0.32030411829725813,-0.09504690148729043,-0.17663373723108694,-0.22660517020430357,-0.06186946961576067,-0.1424279498331279,0.04203302392225312,-0.36583290891389664,-0.523519627539747,0.3085706440653966,0.06452153758812337,0.18694995377907672,0.41195029609102224,0.23902918853886204,0.08797325857180754,0.07530684241742035,-0.3847487319548751,0.00904338364218662,-0.18391237315666556,0.40197210674786105,0.1254984069818421
0.6642487599769603,0.8403399583681815,0.8492365775237577,0.8108049807847226,0.7954384860990907,0.8421855703182379,0.8124761159985125,0.0,0.8808795150429435,0.15145100223525754,-0.23583260434427517,-0.37107459247163904,-0.34123731272692936,-0.370016981483765,-0.27121604464506677,0.7461545261477392,-0.27717652339075444,0.3682014936817219,-0.17285033252915202,0.18925358376004953,0.03351025601336883,-0.4232924871418667,-0.22585460594959783,-0.20313316788845834,0.14852082723484503,-0.40658204639558865,-0.16771817193282834,-0.290898054716126,0.20155114746768737,-0.2524536162677605,0.06875012822262361,0.4253454939537124,0.06147092668128884,0.029573724279777697,-0.24759810120271028,0.5419824002597019,-0.28695605188899515,0.13293141411638773,0.006680940023330299,0.005076158739879544,-0.0518100422070631,0.02010915103233768,-0.10147048160090283,-0.36140974006949156,-0.05648948019868834,-0.09563578061242807,-0.14086941996481422,-0.18692465285555912,0.798775560650599,0.049750410422990166,0.619296491266878,0.9176743077129597,0.6902523648878792,0.7770236413916218,0.7998326255328916,0.8316034100341118,0.9439074765618624,0.945955636012085,0.031232246346423093,-0.19381044416806623,-0.3329469126142112,-0.43812223605423417,-0.45874958179181263,-0.34626854254966427,-0.21994748997007815,-0.3034730002761825,0.2347865701826828,-0.3275124712680459,-0.137750898261042,0.4563930001791238,0.08778780861137155,-0.48677305704783796,-0.09595157968200517,-0.12148777370163537,-0.29601517268437166,-0.3492995728615626,0.29681563949972717,-0.1992583444358847,0.20071508024335394,0.16277643575858058,-0.25245258543322896,-0.1514383963566991,-0.2464312768240972,-0.22987893171973556,-0.12617229628200316,-0.0030169218653351947,-0.128248861737078,-0.30206750122630505,0.5174781916775006,-0.16422041024339196,0.019605831312182447,0.15540874660859855,-0.06710306242075446,0.020704159543397653,-0.15453174843744316,-0.39966351705239594,-0.20991065231647882,-0.08978430334440349,0.6400829169369282,0.08802430299400284
0.6230236059959064,0.7095947906491092,0.8632019014888516,0.6366426916418413,0.6909390633480721,0.8494561082676968,0.6774762020449787,0.8808795150429435,0.0,0.17324298346782194,-0.0498117071539165,-0.2035266359878639,-0.2513630065734386,-0.27000407073779353,-0.06580695963448942,0.5468657167916535,-0.22384129678468634,0.26599402674538636,-0.15999805175365464,0.20646430904631322,0.023246875401449187,-0.3638797568905573,-0.12535475489552445,0.03045579405233986,0.22775642021050044,-0.2415668857159452,-0.15364361499375306,-0.24334132425086255,0.37460806688625886,-0.11072134392119658,0.0997451201286685,0.3644195730755765,-0.06136700555550966,-0.03793817770751789,-0.2555093145304513,0.7291179362580681,-0.14411547044595646,0.06607277050637857,-0.021221400160246522,0.017575802494409813,-0.004232301691022502,0.06538696204267345,-0.13196255289825057,-0.23924710445897998,-0.09769523587009693,-0.1413631426237882,-0.18244588022591823,-0.19976676572106486,0.8511442926200927,0.12918617294449272,0.5398240484313626,0.7703508597760544,0.500511445531151,0.5589664224637011,0.7490563863550926,0.9232544448635126,0.7897682782369667,0.9520400341858747,0.15128302758277373,-0.02855895941802487,-0.16046243825288864,-0.340974197085553,-0.27647306025867824,-0.2299504762366127,-0.13330540462702015,-0.0894546360351563,0.2393067294186827,-0.26684648096532193,-0.11274433906983046,0.35246874449187354,0.08651496769131706,-0.3963626559629627,-0.06275637964172306,-0.06527994038892704,-0.07593708552637164,-0.11466544556471149,0.5008494200564004,0.05115547338857371,0.1860065233124774,0.1068109912931851,-0.09214944548404694,-0.12782965078278366,-0.24304050608170236,-0.17825167078542176,-0.16254092041417703,-0.08827675968304353,0.02470053866764572,-0.1502907603033943,0.6866686764542138,-0.0469227112047177,0.014252358296618401,0.14341048160196104,-0.05740304099615702,0.09750712175891058,-0.12191554979792238,-0.28796493589592376,-0.21273423866211355,-0.1288296776510227,0.7622077535743951,0.20428250242104942
0.3403167259729241,0.5505289750266495,0.47374122057752716,0.502693625465191,0.4806764659433268,0.508698151811895,0.4302395919455812,0.15145100223525754,0.17324298346782194,0.0,-0.026611191358580002,-0.024879039689183088,-0.3614943602552103,-0.7376344706954067,-0.3425671916461756,0.0920029666960172,-0.7839711103881905,-0.7463840551644414,-0.8213730331196781,-0.48686536526262814,-0.8344314190538781,-0.3391961709567105,-0.6702052875900055,0.16129953365012256,0.6029294316702637,-0.48643332595780425,-0.4686027795952345,-0.16453012981859985,-0.44809940559244216,0.47314022983581383,0.6109356478137908,0.43762015971587415,0.04132968896876157,-0.8259738754810508,0.3388347603533264,-0.031543159219248156,-0.11830100093398896,0.7146882531899287,0.851358137351582,0.9235675811891098,0.27176314929496476,0.7585088641677464,0.6801966744394752,0.3437074782186713,0.11677780671088989,0.5029810152467108,0.2141570803180844,-0.23317489660900517,0.30585254431081804,0.3705061142431403,0.44624858774353804,0.3843723727045071,0.21312865347761772,-0.058962131322294734,0.5608752944773892,0.261150836992204,0.08947428998755004,0.17474411141160953,0.8861055289360652,-0.32287750576460217,-0.08466335409576385,-0.5071940107116011,-0.4577651673262254,-0.6757136772604996,-0.7626743966363774,-0.30176319337721175,0.7170264431433209,-0.7803011649478712,-0.7871533250884575,-0.7055492362111419,-0.8269853073857003,0.1326578660556521,-0.8136382283353234,0.9126859328279051,0.05419386889048484,0.14840916334619184,-0.056707896656106545,0.3827772109623253,0.7717031306082968,0.5097350416448073,0.4188502915179859,-0.4986025258254954,0.09390961225096466,0.33347481903128123,-0.49602136868574015,0.1576348395409896,-0.12328424532692368,-0.15804506172742866,0.3043578035447119,0.7539331859438384,0.3827245288151631,0.8788164774951029,0.8831949102881204,0.772071308372604,0.801239829742092,0.27583132030694546,0.6059463755724275,-0.421102014688425,0.293144211644212,0.4654242749031303
-0.34338181188787686,-0.2875374070200064,-0.07920660115005995,-0.32964245471970677,-0.02583128779578387,-0.0280476564657467,-0.23119185100739015,-0.23583260434427517,-0.0498117071539165,-0.026611191358580002,0.0,0.8637223742913906,0.46098300553688254,0.11509122847688498,0.04528288112369657,-0.5297336709552465,0.26144757153107784,-0.20747602059033604,0.09973489053495566,-0.5782019013047061,-0.05035150230237361,0.08424351575031293,0.0023905002969974677,0.7150223475703371,0.3839387217777473,0.6204058561081432,-0.4254047792931711,-0.2227407947541756,-0.27905609534093245,0.040277330301050886,-0.355240651510093,-0.5878745592588868,-0.728917592130253,-0.0891957630943066,-0.43268739809582046,-0.1874342749901564,-0.1783950671038763,-0.5307745429593678,-0.3519370223067321,-0.22422809117319736,-0.4170412770338955,-0.22110997811559635,-0.3884716473857339,0.10445591594281736,-0.5878890120347983,-0.5466506384887437,-0.5658391301975103,-0.5993359818571212,-0.1829583806173854,-0.5225604347287388,-0.4418555963373048,-0.3090552997390624,-0.48064585613012123,-0.29563181768585933,-0.04608323342197721,-0.021229370909451657,-0.42166053361816647,-0.10052021484180143,0.08861749725919425,0.8425625934076402,0.8958189650153222,0.5462946037059389,0.43045704868958057,0.20201199991502267,0.22106318751488374,0.0628592172390471,-0.32055479779556273,0.3120185741694606,0.23745679529987154,-0.19212494920588885,-0.049463607035557466,0.09548490555607203,0.02436220452786617,-0.0001338540649664889,0.7487286628073553,0.7903351430106911,-0.23612257257433356,0.20589732643611436,-0.34952565259914203,-0.5549526853133371,0.34555460590757653,-0.18113279696652157,-0.3730456698267084,-0.222330578594716,-0.36294823510472346,-0.5465594869362677,-0.06646119369545479,-0.11252808894042489,-0.17788690095069853,0.1306703540457335,-0.43969462929557995,-0.2090108268977547,-0.20148746620433916,-0.13673989759464333,-0.15667430940758367,0.029160603960118093,-0.39344704305453165,-0.5470119274000744,-0.18701874074974473,-0.44920806445474837
-0.48060051775824064,-0.39692795571187545,-0.2643270063064191,-0.4564695095760035,-0.20693366446071013,-0.21542233581339237,-0.22789546105379344,-0.37107459247163904,-0.2035266359878639,-0.024879039689183088,0.8637223742913906,0.0,0.478183215811905,0.3547748653217446,0.10655388877835956,-0.4820996192904638,0.46591620409681944,-0.1741906347352981,0.28786367054204837,-0.5285047996969562,0.04630288063173683,0.36543316289344263,0.2750775537867474,0.8088315261612196,0.2994128744246276,0.6572346825154617,-0.363243227325833,-0.25317783940976446,-0.3412518740528535,0.24349817005501,-0.49220869191130995,-0.6310360808225901,-0.5689947989319649,0.04704690016291639,-0.2980121937805111,-0.37926771104292845,-0.27331825202990423,-0.4691836852805307,-0.2690030520103455,-0.15671501820399328,-0.26471086689159196,-0.3197567136537608,-0.36769532004166144,-0.014957317017854006,-0.6856543068004225,-0.47484277186886753,-0.42658490981611025,-0.48953204693741714,-0.4063027185586722,-0.5211048930124447,-0.6562078548447634,-0.44251320490576296,-0.5989984030034071,-0.4522021738675474,-0.23095028256983263,-0.24594932599797753,-0.5920631874076885,-0.2771858020727985,-0.011560956240692984,0.877887286751902,0.9341058525707074,0.5533380024729944,0.6191415455695363,0.4011048203727127,0.3672683289293672,0.10338525293168878,-0.4507276063079814,0.47845146754375745,0.3363234332154805,-0.22902562565096435,-0.020724727539334947,0.2717024883717039,0.1325190724598516,-0.019863883918176305,0.7755308970780671,0.7038278496038403,-0.4347100123392311,0.25257608754879957,-0.4799401531726426,-0.6367955209173392,0.3043411720671536,-0.1119135988049383,-0.4805758712525944,-0.21422081972742735,-0.32775139513865126,-0.5386424755310977,-0.24094017407303503,-0.21662403603714786,-0.4052943817483629,0.05388756985073771,-0.5890715299121754,-0.28426674209129965,-0.1994384625098962,-0.2956538304150332,-0.1840019363148899,-0.09677913147335437,-0.3731885845904621,-0.5234404127775751,-0.38905170452971094,-0.5171856233417037
-0.36720488021648173,-0.47257773998219665,-0.2370852636171623,-0.5868424936220196,-0.3086376829294562,-0.24838790208836442,-0.585839241626422,-0.34123731272692936,-0.2513630065734386,-0.3614943602552103,0.46098300553688254,0.478183215811905,0.0,0.31961228124486807,0.2662764431959201,-0.623709567160346,0.3307965134128435,-0.06895945089492607,0.16963204635182266,-0.2210401282092438,0.05689982135837729,0.5270486549456804,0.16733792525337518,0.23838672117320567,-0.31390862073803844,0.40244836332672723,-0.16005878011064817,0.278298943190025,0.06704292333463795,0.21646439034007975,-0.17789680102891428,-0.6980792329255808,-0.4022849156453292,0.1940796998772449,-0.22909527934529475,-0.08349706202036491,0.26587347172464754,-0.5292187785461663,-0.4152300053650913,-0.3757789414375361,-0.17517231295108912,-0.3724662238538408,-0.2820681410638003,0.0707614430333541,-0.3783449970865995,-0.322951899803068,-0.09707438845908226,-0.17246387725813617,-0.3035870485429087,-0.23641475998191888,-0.5090599796187292,-0.45230140672283703,-0.7088723467498972,-0.431866258667696,-0.2797994095308711,-0.2207819820825423,-0.41532433685638165,-0.22257074755446887,-0.41589747244133546,0.4373453506240409,0.4366567838258554,0.9208137372948063,0.6149137018603409,0.27204421088529834,0.2869404461196355,0.24900817441183495,-0.5711923729333277,0.334391830969839,0.21975013403131002,-0.05058109572440248,0.06713937523043408,-0.0401882378799372,0.06619790504117855,-0.3123233750815015,0.19554296827541567,0.13667480550633318,-0.14859953609234355,0.11612912088791033,-0.4760261177445514,-0.7204028769220824,0.008631042383991806,0.04702913754303737,-0.3384154814211316,-0.3628048041150406,-0.2301217794137626,-0.3293115583431167,0.13709620024892358,0.10808265028166106,-0.18486861661080034,-0.15706922268906304,-0.6708682649948555,-0.5851724449119267,-0.40200374949000217,-0.3683946907177138,-0.2943765421558605,0.03398554996887128,-0.37484369843011683,-0.19524062511030002,-0.2285117627799931,-0.2906692955641437
-0.5127443614200491,-0.6024285117333072,-0.5845603741481835,-0.6413190328503765,-0.6209872328989229,-0.6376308873216232,-0.3827269458768561,-0.370016981483765,-0.27000407073779353,-0.7376344706954067,0.11509122847688498,0.3547748653217446,0.31961228124486807,0.0,0.6492070885233197,-0.13328102493196525,0.9139736534258024,0.5225035538396684,0.900956283031413,0.3411440714160661,0.7728225297549899,0.5694958086679539,0.8996611536873812,0.21326943589650438,-0.528848224957759,0.5574852048019142,0.2961371273620418,0.010455514726382724,0.36139718433638224,-0.08560289101195775,-0.6947113784129244,-0.5065633139799223,-0.05737432667525285,0.6942477751222814,-0.21200970437841493,-0.19510040242884322,0.030764045232481003,-0.5736811903661962,-0.609864229528258,-0.6247567564311179,-0.13961266637491893,-0.7391066308847654,-0.5747943718697022,-0.4026647249465215,-0.3630125272408425,-0.44774303455058234,-0.18859873492274226,0.11483502278964813,-0.5801786422464581,-0.3491172435642119,-0.654161512533011,-0.5194090818392484,-0.36990160055545956,-0.2944496059048643,-0.6881646839179704,-0.4583309637935916,-0.3692615174983703,-0.3419781344993383,-0.6817783343376408,0.5376485967114494,0.25774714598637627,0.41447626916952535,0.8105495724075288,0.9468457574126597,0.9237169716916803,0.6050752548211609,-0.6852977015581558,0.9017669873553581,0.7876197062310932,0.4344359985488425,0.701332834245725,0.21583675229807064,0.8129384055434447,-0.6654989001887063,0.27561448146536477,0.007115496056648404,-0.03363827548936814,0.002872563665563052,-0.7986478853831469,-0.5815977275999458,-0.188441104378128,0.4012394260385915,-0.30531603803518886,-0.24227181749386464,0.28084006111506604,-0.2840807674428406,-0.06466763968890017,-0.011909556252598845,-0.4652630667247818,-0.5385448128469014,-0.4699042732939402,-0.7212613546802177,-0.6275707263287731,-0.7563172183566372,-0.6258661631379732,-0.34334544688597946,-0.5278812290317957,0.11935156718571109,-0.5151945023251382,-0.46419202208909577
-0.162017746232899,-0.3251377229255054,-0.2654818485495053,-0.4716032929329706,-0.422779945896299,-0.3420212218314283,-0.3298313924998483,-0.27121604464506677,-0.06580695963448942,-0.3425671916461756,0.04528288112369657,0.10655388877835956,0.2662764431959201,0.6492070885233197,0.0,-0.14102066489083295,0.4248872700757596,0.15446859302923777,0.39884134225870815,0.29770045378124427,0.40290872824139023,0.3397117609650808,0.5170974591474037,0.18373784842830568,-0.4136103760854748,0.15516239037959959,0.07313455066527086,0.06981670987796174,0.6299986012900586,0.09936381750983787,-0.17896257565443746,-0.23322951537579265,-0.040243724440718005,0.22390700577845926,-0.09888379247963276,0.11416775465032036,0.35343543865680044,-0.2713893430229459,-0.2959386353202159,-0.2320518728413052,-0.06992529886632064,-0.3317938811485792,-0.22520832187668272,-0.34070688136170013,-0.18732031085157777,-0.25788641233118087,-0.08462141783995689,0.00421008822320788,-0.30165305223713307,0.008435281369089841,-0.19794340254146378,-0.2995645202915032,-0.2161579555199259,-0.4058463439726557,-0.4154771289478405,-0.20912046912535398,-0.2097545686723718,-0.16738348125776276,-0.21704427763097595,0.28471804038421783,-0.01295091337226313,0.2047764170417498,0.65891935781365,0.6226620443237295,0.5921041415641061,0.9524610537142911,-0.20473441372808499,0.4299792868185545,0.3832796708495565,0.17577280190699496,0.4265913517395807,0.18236852477019594,0.4315697321663135,-0.2535782142863,0.27752581314120656,-0.03950231726113583,0.49368925182117546,0.45741233382086294,-0.30341869600894195,-0.25327901825680904,0.10470502935389801,0.19480072604892118,-0.22093335646560838,-0.06689126345378549,-0.0036868681295112913,-0.1783198195227501,0.29137419944141557,0.1347315725733046,0.04221421817850404,-0.1034272001922054,-0.11281162454261787,-0.2669932514477543,-0.1964156011350475,-0.2601313838153297,-0.2380289147864556,-0.2353729224954073,-0.2687698544325116,-0.045830180113013166,-0.18174152342499386,0.007921952879478797
0.49506016930655866,0.6504328318946988,0.43112402070364647,0.6846541760261231,0.4328650425745973,0.41297947836534743,0.8506148851805967,0.7461545261477392,0.5468657167916535,0.0920029666960172,-0.5297336709552465,-0.4820996192904638,-0.623709567160346,-0.13328102493196525,-0.14102066489083295,0.0,-0.08443066829044314,0.5191952075553099,0.07430628413333977,0.4879484062515879,0.2868573662207291,-0.2955755115924407,0.04318530849236182,-0.30469555397680126,-0.0004175456046897453,-0.44453627708609017,0.10165516177538529,-0.4002725695881574,0.19528776176006635,-0.28633855832230193,-0.08910555168383053,0.6077277107181345,0.49905123989024297,0.2387035307981448,0.01942887276456178,0.28884835496634265,-0.34322298879882773,0.34911530043735506,0.16156159617802815,0.11518996539517143,0.20857805352038317,-0.0017751656751689778,0.02439130640505146,-0.5301738453134909,0.1257058569814229,0.09842681153658296,0.07559341739143106,0.139195641684878,0.475085245512873,0.16782853098895756,0.4821230200045378,0.7210717714865855,0.8391015315618882,0.7164580363269747,0.39602602640596507,0.4306992720433205,0.8014949074567065,0.5817061679512268,-0.03807177305896026,-0.3315342846418368,-0.5146972130223412,-0.6414798811009437,-0.47993530355210345,-0.16296440680738478,-0.05826190429704888,-0.2035394938612512,0.283095851034256,-0.1653279086481214,-0.009362804383115816,0.5305897848413793,0.28559170801534856,-0.3182894657235917,0.10499952206456725,-0.13469997938436734,-0.39459130087510713,-0.5729305875071534,0.16985753102502324,-0.3340742984557976,0.14424227219685012,0.3709190636421368,-0.38719594254107237,0.015158889011993906,-0.14794726708268016,-0.08016753301301027,0.11420843789592054,0.13529791925645065,-0.28500317913465695,-0.4597969746047219,0.2146048666601957,-0.27353260669385987,0.22539618205258466,0.19444641129574125,-0.0005754515928985765,-0.11275642145101436,-0.13769596986393354,-0.5405060535468879,-0.08149130812830202,0.1270375147414345,0.33143264733973754,0.1160586612728893
-0.4566184198202609,-0.6093286728392808,-0.5591623644485617,-0.6076855746690787,-0.5647933779919247,-0.5684064655494946,-0.3028923653787949,-0.27717652339075444,-0.22384129678468634,-0.7839711103881905,0.26144757153107784,0.46591620409681944,0.3307965134128435,0.9139736534258024,0.4248872700757596,-0.08443066829044314,0.0,0.6613569895214295,0.9681972082867565,0.3192390233604935,0.8552758104322574,0.5078158441529699,0.8623530284771921,0.28621914292156697,-0.3393036654638759,0.6256784002694937,0.2608932677510227,-0.14165326523599742,0.26604730081610384,-0.2739759170077608,-0.8323541648586837,-0.5333096863069565,-0.13691296737020117,0.8338238636267529,-0.3725582125959737,-0.1439099508821707,-0.12183138425005072,-0.7034095622842297,-0.7512306632412415,-0.7608730012183107,-0.2632476189607095,-0.8482943363268304,-0.7312636044181938,-0.5123449304791526,-0.4406279346738763,-0.6165162529901982,-0.3434365955738091,0.032490258611354225,-0.4601888407618454,-0.49302359911951854,-0.655065995267238,-0.4785548135547139,-0.34698938360262627,-0.17612014484093633,-0.6392255426927972,-0.3558337449086862,-0.3156699102573695,-0.2994617409882631,-0.7324061795203682,0.6648578737390723,0.43259125235801404,0.5220382806858217,0.7133818084625824,0.8843016931311887,0.9285625419529718,0.37607983565951897,-0.7614774335451435,0.9808122788542017,0.9220454551428737,0.5727028915909292,0.7970639711977597,0.12373788604880002,0.8593596545757762,-0.7629356419429199,0.3451873555684563,0.08141217018636532,-0.1622899363336813,-0.20725524820638366,-0.8870765604217311,-0.66392064042999,-0.2542995731610509,0.4395945371972126,-0.3800593455763411,-0.3389029677730565,0.31110832063598626,-0.35556472391659427,-0.0961056543555646,-0.12345609231361526,-0.4666979453817657,-0.6629906677517088,-0.5729429800603373,-0.7751282500479006,-0.7906728801124066,-0.8596292427284422,-0.7880234828106619,-0.481782111107758,-0.6868310993305491,0.13619535584648293,-0.42513297497220864,-0.5806203408133819
0.09089246792692736,-0.09325376119550433,-0.08969153156707492,-0.04329137080981544,-0.1456266406837748,-0.10789178881631331,0.1913428500120636,0.3682014936817219,0.26599402674538636,-0.7463840551644414,-0.20747602059033604,-0.1741906347352981,-0.06895945089492607,0.5225035538396684,0.15446859302923777,0.5191952075553099,0.6613569895214295,0.0,0.7772098069572331,0.694646136208747,0.9142850888594061,0.06691428719473726,0.601940916289519,-0.22369194746436089,-0.3331637508211839,0.12984011461659778,0.3598856755130258,-0.2519381247125275,0.48152617000325515,-0.6210326545835436,-0.6246471837398929,0.015030727842169488,0.16406587911380602,0.8827531307254288,-0.40536913341080977,0.285405729977977,-0.2113896935048241,-0.45651774430126435,-0.6799176294856336,-0.7459960427264153,-0.1990596200579189,-0.6947742009391965,-0.6528726212305478,-0.7112065446739079,-0.11683854590152587,-0.5028911619266712,-0.2669866493416805,0.18085856674631795,0.13028528440936665,-0.2781310847983264,-0.05289063460002597,0.11982728939598276,0.29135748704837333,0.44399342379401313,-0.20653675010521316,0.15591018030137474,0.41671301151523127,0.24029931424598241,-0.7161281977017935,0.1576784226089119,-0.13950426863252194,0.07223838821350616,0.09353734939941925,0.4715688224504602,0.6358099811743723,0.06826574494856505,-0.4618353188240864,0.6056432539858037,0.7186123587846367,0.9673728759210745,0.9137023684014258,-0.354890422616096,0.754187206863376,-0.8630654661686916,-0.20280881256041428,-0.4196355990227112,0.13098645316036642,-0.5644257206046219,-0.5842619176570965,-0.2459575843181352,-0.6084598489412831,0.3782388500447125,-0.29309180477821434,-0.4214940594093679,0.4136914434442656,-0.16739407759645938,-0.0981421165200038,-0.23758565410226087,-0.08213038523422089,-0.8540973264148652,-0.26473759712441014,-0.5889789020082166,-0.8051045814663381,-0.7475949880236571,-0.8410647434649224,-0.6938274933775457,-0.6805158504775053,0.3617658478910784,0.06185598640801547,-0.3576435582734159
-0.3515569424542356,-0.5311177533014454,-0.5165345815636238,-0.5037252431745523,-0.5261225071573595,-0.5366555679239924,-0.20690757613435506,-0.17285033252915202,-0.15999805175365464,-0.8213730331196781,0.09973489053495566,0.28786367054204837,0.16963204635182266,0.900956283031413,0.39884134225870815,0.07430628413333977,0.9681972082867565,0.7772098069572331,0.0,0.44065565951343627,0.9319665972058574,0.37677424459972647,0.8634790618347671,0.09769191389957724,-0.3670180523358356,0.49704788188708976,0.3248071853727713,-0.19576288346873916,0.30657610968068005,-0.39411809006308324,-0.8179905852422477,-0.3629763724155058,-0.010357998794067062,0.8781706698335882,-0.3818214277706234,-0.11556917011964127,-0.16914977175059143,-0.6181414226552289,-0.7325030685925147,-0.7789359721944125,-0.23622432067390575,-0.8337904617192297,-0.7213385300284172,-0.5583050583425087,-0.3340245022282488,-0.5812330936884422,-0.3306288509978981,0.11611063351758358,-0.3974148216923742,-0.4489666475207609,-0.5413849122429863,-0.3736783983525284,-0.18492415880704136,-0.03179529154253459,-0.6080346391715773,-0.3075652611235884,-0.17793061662658946,-0.22611305261888226,-0.7571461773446336,0.5322041262215519,0.259100150310022,0.3640330464531208,0.5847453188130904,0.8617083780011267,0.923678667335326,0.33504952832181895,-0.7301716964615759,0.94569489069099,0.8989306199190862,0.6802981459362742,0.869196684394876,0.007898212075203763,0.8883576183306304,-0.8259360255716629,0.17425072389924798,-0.06695739975480659,-0.12950465060302868,-0.33112037218728646,-0.8299782728512998,-0.5163453235137413,-0.40430919052009734,0.42849690877388885,-0.3327744664612776,-0.374107317359394,0.37750969180678523,-0.33092682985674654,-0.15192468716707289,-0.17208608697722755,-0.46705065979907684,-0.7610381828445131,-0.45985497983638896,-0.7336478209751616,-0.8067182964989816,-0.861076890866936,-0.826416436386804,-0.5241834092570148,-0.6799290728127197,0.21327798368010537,-0.3990657601309287,-0.5649039472952194
0.17032643875745085,-0.0637080175422981,-0.12189934848747011,-0.01409813824976849,-0.24331387488178485,-0.1614143063430477,0.09972269924101336,0.18925358376004953,0.20646430904631322,-0.48686536526262814,-0.5782019013047061,-0.5285047996969562,-0.2210401282092438,0.3411440714160661,0.29770045378124427,0.4879484062515879,0.3192390233604935,0.694646136208747,0.44065565951343627,0.0,0.659863648452608,0.18375640600881546,0.5322455993431825,-0.3500780020825632,-0.442787786641386,-0.0559099637158231,0.7333038920468202,0.1316146135360573,0.7548937116989801,-0.24661132399796099,-0.11972795434532843,0.31886041255655967,0.6136180472211296,0.6537005828096741,0.20428525274170653,0.5320156200913008,0.31098755851254556,-0.004592475457009084,-0.23239407477023613,-0.3102174221148781,0.35572824357605654,-0.19271360704737214,-0.09106083356956331,-0.38636904526097965,0.4383553231922172,0.11430255273843404,0.3451784013564929,0.6951621580343439,0.2170141632070274,0.380731553854846,0.13691901265511278,0.06022403881926095,0.3528665485646604,0.30329178040691945,-0.23958593784838073,0.0925143212881598,0.35306093292810925,0.12402790832709347,-0.4234209549938536,-0.32197006822559754,-0.5027682624071621,-0.14442095763426419,-0.0983047480315631,0.22747344517039003,0.31918873436727024,0.23785058335591075,-0.03411122790741745,0.23888125196761448,0.372308129790246,0.6711110371887627,0.6767205091221765,-0.1310553834723464,0.5438087233057802,-0.5004594490532389,-0.4019194654477178,-0.5574131024357101,0.48694516849924546,-0.2576693165834688,-0.18255860523862105,0.1689716631085401,-0.4213965944533819,0.5740315764568127,0.1989663299457122,0.0663098714008342,0.6190382456082348,0.33609092883643515,0.3372256056120336,0.14325866821562058,0.2782138251922211,-0.48870343206461336,0.21137040316940464,-0.31182491548117985,-0.39342830022609326,-0.30116913173922194,-0.3515864220631496,-0.3248217257913312,-0.10322032200829447,0.7242648494302397,0.26819189680986616,0.3080467787243275
