0,1,2,3,4,5,6,7,8,9,10,11,12,13,14,15,16,17,18,19,20,21,22,23,24,25,26,27,28,29,30,31,32,33,34,35,36,37,38,39,40,41,42,43,44,45,46,47,48,49,50,51,52,53,54,55,56,57,58,59,60,61,62,63,64,65,66,67,68,69,70,71,72,73,74,75,76,77,78,79,80,81,82,83,84,85,86,87,88,89,90,91,92,93,94,95,96,97,98,99
0.0,-0.06667403952097917,-0.01114079957260336,0.2784884999413038,-0.3334401999105575,-0.32223153331237114,0.29866551690796644,0.12656538631514436,-0.2688187434501031,-0.034654404956324464,0.18442886196731753,-0.16602675037816084,0.29377509839976323,0.0047499875419794915,-0.18595853505805837,0.5892330478998529,0.14548063659369168,0.4621623318567124,0.04833248141635778,0.27484624618989917,-0.09949346393564112,0.11475449128937433,0.314361871854984,-0.37746346775790574,-0.1974302253975423,-0.5443328438733473,-0.40153974166423856,-0.344649503828571,-0.20359950863367635,-0.22245965998676664,0.30401442633721426,0.37670348279757637,0.3931401130634718,0.2434821233793383,-0.026352004261347532,0.15449416887700937,-0.5183728229829839,0.17858114376056702,-0.11736653009626452,-0.07634904147706792,0.21155422150668682,-0.12066862596901982,-0.020340756339045016,0.2252380246531695,-0.011301215893766132,-0.12993911539225567,-0.012675353113763194,0.5147424091299042,0.4650674611757139,0.23326694091313216,0.7857853256034614,0.010394642267238175,0.3506244500992794,0.2725575445146341,-0.3447564271244557,-0.2387639831584928,0.2515894236603677,-0.4239269734520319,-0.07466137254583145,0.033530104596001684,-0.044205818601608514,0.4134827774155397,-0.09732828932182691,0.06600506576154606,-0.010746495984670933,-0.0793600561885713,0.22013717643318534,0.02193042341879866,0.284691316540042,0.43867546729824636,-0.02438351190073439,0.09966533837607676,0.20450905151758605,0.12806811639496066,-0.30690654638190357,-0.4794057949085021,-0.3910872977927005,-0.3241721197922844,0.21227545366930395,0.28118957693723623,-0.2653248531110479,0.010969221083750409,-0.1060568425530592,-0.12147103143374668,-0.2539330776970274,-0.2538073059503421,-0.5214027039407934,-0.46582273821702136,0.07039146052623456,-0.19871932810990964,0.2194619233275797,0.24200802640246089,-0.24563159054126346,0.054373419482392785,-0.1309115536690004,0.0748876255682837,-0.2157854954725914,-0.009826000801103784,0.44198491814985225,0.1552215532561653
-0.06667403952097917,0.0,0.8875629195913155,0.4320791306823334,0.8223815768928735,0.7578914507513665,-0.14425507301601861,0.8097405863617128,0.7460344413187091,-0.027737782138929027,-0.19009036809895777,-0.012268076250095699,-0.043622985048096974,-0.07560306834755146,-0.0004976766678656614,0.2624863492731418,-0.1583975856206703,0.524042587467627,-0.11316562573775843,0.19902902762958746,0.008262501208553001,0.35856720904878636,0.543431669381038,0.0118676197771808,0.38061258933165987,0.27067109908638226,-0.04289724281475259,0.3593865863428475,0.30285332492004635,0.4167547289912345,0.131754407461069,-0.00921570097384242,0.34769125741380935,0.566505498994525,-0.20152194390403466,0.15432695414026032,-0.14826131281021546,-0.0002536444798503965,0.05373362413653657,0.06307580918078079,0.0036192946636088804,-0.19490412789826367,-0.13464061474028452,-0.1864328666081221,-0.4589798391357159,-0.00044011906612014635,0.10902622959072368,0.36381206346411843,0.17545521682042384,-0.3011022351533767,0.22062944161222028,0.9466763386032776,0.0034715978440129696,0.4464688664263328,0.7547662466781522,0.7367438112985041,0.5638159316274441,0.801013629770597,0.15203070748520858,-0.43283028952354513,-0.2790109007338114,-0.18623660145375814,0.433303926958931,-0.05705270927935561,-0.09874755538293523,0.028483814647042357,-0.18523674108292362,-0.10949692708702438,0.5223570879036336,0.5241019958156478,0.10784544575876424,-0.26519214081825504,0.49184538724209825,-0.17517442356842702,-0.11658650359067997,-0.0471281983450003,0.2500686675659418,0.4066568886298268,-0.3448138036976501,-0.04105076628168612,0.4102851985966915,-0.14269109829624027,-0.3851504449648661,-0.13874425987507094,-0.26621002932704496,-0.338830615951156,-0.07519805905770534,0.28335742138294656,0.022908844065384053,-0.2147038723102888,0.17790882500726699,-0.1999589285294447,0.13713620379050806,-0.44094197249332245,-0.32690647877385176,-0.18605218339144305,-0.24796094237439975,-0.04582099271905484,0.15455218424807834,-0.2949859079131262
-0.01114079957260336,0.8875629195913155,0.0,0.3800433875071183,0.7196779149531268,0.7288462776798575,0.00864857400247609,0.8193400686135356,0.76153082483555,-0.15467119418446107,-0.2804164716026735,0.0056754785808101615,-0.20713940819990684,-0.07626034548037493,-0.024937518346665893,0.37410197523654964,-0.03755017478307576,0.6611913283756502,-0.05523904077821872,0.4273875039272879,0.13993622048234025,0.24218196859964528,0.6252370202044802,0.27164955348934544,0.33450426578676506,0.2978095540052602,-0.034163045377097224,0.2626285091278678,0.5616724469858597,0.29379803087984324,-0.06979626293275133,-0.2659743470666043,0.1994850153231524,0.6607509363035748,-0.21900207162785684,0.43944737521483035,-0.03857024088015036,-0.2854691514785611,-0.2789841915682462,-0.2384527537019671,0.013326940364596113,-0.2783491420939124,-0.313002103869517,-0.3774820679314054,-0.5063690223713465,-0.20438635411516318,-0.1075699486625544,0.383514882841198,0.3379803773649803,-0.21869866748473785,0.24641945440821478,0.8806774206589683,0.1364760833925377,0.4613220760572535,0.636403106146101,0.7710996240599641,0.5867016796268337,0.7500536576961861,0.053684992875105274,-0.4445221484745137,-0.3456191950673869,-0.2789041173429816,0.3351529532179642,-0.09787962682349746,-0.15190277808856548,-0.03097183700851218,0.008112308249560026,-0.11366006497495651,0.5442355577692893,0.603910712668975,0.3186273095252465,-0.4790565305033658,0.5183639427264652,-0.21111528082230685,0.08805156287923822,-0.059997888736785,0.5160693894740699,0.3681887899348245,-0.4540315496425846,-0.2639467648871942,0.5219121366048183,-0.07529282030810831,-0.33805187290035094,-0.18174597144250457,-0.21169933538018537,-0.3643435131378705,0.040034760389190197,0.271556337935802,0.22025962535657956,-0.125286853522228,0.027376090082392095,-0.42151260941251717,-0.1297286882743433,-0.5717709294375509,-0.43681648979630444,-0.24406949749448145,-0.31057083958812887,0.06950297258253436,0.38830613575117445,-0.17367034705131518
0.2784884999413038,0.4320791306823334,0.3800433875071183,0.0,0.22188021024064936,0.24412746090392506,0.6672809442922314,0.7077904278036792,0.18526034028255425,0.015812473288647967,-0.0519266748691221,-0.12953831638730118,0.029476422773454383,0.20052108229252186,0.12931916008331243,0.694661740573051,0.01601737660032541,0.6403645156275615,0.058981031740138086,0.5563387160028965,0.19904660493389625,0.03337354482508032,0.5296928663880974,-0.12973620432516333,0.11498939569596728,-0.11887622949862246,-0.5431910440935084,-0.22099832252934848,0.3970390017922855,0.2229657264980119,-0.1994377504686618,-0.2069661431384992,0.22311151408132915,0.3864675594869607,-0.5719664604479349,0.36359562876542756,-0.46138622346016417,-0.05752425256521504,-0.13552702021903415,0.05072702756279217,0.01993803068898767,-0.5139822326774038,-0.5355745211669924,-0.15920719789643398,-0.6131169005795578,-0.37354428211402985,-0.333039521018894,0.37925679000166823,0.5069588888134577,0.13445900424339377,0.5294355074411582,0.6005127072578736,0.7747965160902106,0.9305571042681995,0.09626574546521836,0.24627792930857365,0.8301421697604268,0.15744135710381216,0.12632503409757861,-0.11809200605640882,-0.20664462630357905,0.06171780560649667,0.3551524855972124,0.22943144888646008,0.13815818546489705,0.2698006795974062,0.5240918459022619,0.09119032876598793,0.6133285939587847,0.7515867091680859,0.5211821376527469,-0.14841889454445908,0.6781242013787417,0.47892768849467704,-0.1685196259117908,-0.4253324581749413,0.11982765037161755,0.2301521907708315,-0.4658230527336828,-0.28026592857392746,0.03613205731188403,-0.17316087000269567,-0.5742301644970728,-0.4916988973887932,-0.5624631512064613,-0.5687106299917091,-0.3222069508509345,-0.2928567971280448,0.17134041454021268,-0.2943800362174075,0.17258774178587832,-0.06438111922815538,0.06305425608763429,-0.5849582222881462,-0.632751250189383,-0.22014052352543415,-0.535759349790646,-0.1929603696892948,0.5285645709575679,0.11475645800765237
-0.3334401999105575,0.8223815768928735,0.7196779149531268,0.22188021024064936,0.0,0.9261442089786689,-0.42213721604118587,0.473007324364921,0.8848958882880447,0.18413010736033594,-0.0536555358996038,0.21808980015377147,-0.08235930608656836,0.009025893615399152,0.14833562465567277,-0.02110120222548708,-0.09863571053850306,0.14460612555500002,-0.025085029214188835,-0.06443238493898669,0.08846180902124097,0.22359849928560346,0.36405674594211834,0.2786854561545737,0.5346517298646245,0.4371291717659914,0.04106068530381176,0.5653756985622063,0.26446464076686077,0.5108021391798314,0.031822038425233866,-0.1740224600201018,0.33721588958288296,0.4466451012991032,-0.19876885766545307,0.024067076924009285,0.057477460339172,-0.10625956829024759,0.09917730690607604,0.05789990830998659,-0.08787963417987481,-0.16208545636907168,-0.10577102063394847,-0.15753954696788225,-0.46379822549518407,0.07615713628922215,0.2781228432849283,0.26514892433672416,0.06524888242595081,-0.37632540241350165,-0.1297507504401722,0.6923569260830893,-0.24638819860312228,0.29853984881973505,0.9489326743024007,0.8352503917733219,0.1595002440666636,0.9048591645566334,0.40185474184473,-0.2540273520824935,-0.059559979263768714,-0.2704846590150495,0.5113299568902269,0.06731593737727382,-0.030736540419753704,0.1502065518847829,-0.41264484432687915,-0.05127347963657595,0.24227450275875784,0.09890697797451264,0.02440349556292382,-0.3865394143806506,0.3192121094180909,-0.2914282346392734,0.1182873975220981,0.051392949446136565,0.28686443569858805,0.49507908576487647,-0.4728296577719764,-0.21161453196231472,0.4134891713379923,-0.11139399526328031,-0.4560557114740572,-0.20879197389967588,-0.38328240611602754,-0.23416825357978585,0.06881261197737491,0.43579618667453307,-0.1052208252662859,-0.1958133381639701,0.18707932919290302,-0.4002584998988624,0.24417568778801196,-0.4873020398046878,-0.2654109288473554,-0.2132152675979456,-0.23234834615448832,-0.06823988195897743,-0.0965708087342091,-0.3709323609300875
-0.32223153331237114,0.7578914507513665,0.7288462776798575,0.24412746090392506,0.9261442089786689,0.0,-0.25345125644286326,0.53991690863696,0.9591766317363146,0.2793088117117642,0.10187986065758227,0.37116790005568134,-0.0010279180801836547,0.1634179227502652,0.2961769754898568,0.0017758273095821566,0.017830944557756162,0.15184855769741493,0.09871571285955712,-0.022687793096619547,0.21093916896084047,0.06554997988025774,0.3278126737919012,0.2885759177581462,0.6459178065577218,0.4270019608934654,-0.1446760886816335,0.41587339726821615,0.3986574132274862,0.5866291854829991,-0.12505898468116716,-0.2917081250445514,0.1954100887575027,0.35651625949578347,-0.3846336148489582,0.08524381986932336,-0.021090611455606884,-0.2439588499120908,-0.026949506842393372,0.03196626619220968,-0.22212502568341658,-0.269802071941227,-0.2932844048327031,-0.19388042766748165,-0.6026364479804938,-0.1806359081769032,0.0313611983169608,0.14181705648803195,0.1330707957160909,-0.40661330381135136,-0.12421642769667009,0.6371045406708277,-0.12220398644907,0.26983558070974123,0.949101668657335,0.940709038035073,0.24067177662739384,0.9327866101071978,0.47031603507279646,-0.10832232639993264,0.08443799125648928,-0.1793488446907857,0.659822662043552,0.21896538632508922,0.08485282168243881,0.28880459727521884,-0.28225904378281635,0.0929521892476889,0.29184578755240403,0.1428007112660353,0.12260494619287328,-0.4395421501062439,0.3948602555446586,-0.11096787757780226,0.2445303066567332,0.1195973053297073,0.32552308730725515,0.5858414698687389,-0.5667812802416812,-0.30830723796965015,0.29989154187672107,-0.21909023556952778,-0.5588529002380227,-0.3424076324492116,-0.49460688690410914,-0.4134904244527699,0.01729578315081007,0.3216444406310493,-0.08000789749961425,-0.2754909499546494,0.0887934819793598,-0.44124929578907945,0.22377828296083221,-0.5602111240384205,-0.4377277954221151,-0.26483729509795084,-0.4138627472281927,-0.20885632145911645,-0.024926986689876984,-0.33900522724354126
0.29866551690796644,-0.14425507301601861,0.00864857400247609,0.6672809442922314,-0.42213721604118587,-0.25345125644286326,0.0,0.4198874837333437,-0.27022669074783096,-0.17825661039300617,-0.03262056135517273,-0.14225759909691052,-0.052521639026987935,0.24515404173828004,0.14152931313859843,0.6358674603848568,0.17234502824647435,0.5356455567038217,0.1558196541877987,0.6576944637884126,0.3201607222977214,-0.22639966009565077,0.26191375014050217,-0.0661934830036398,-0.18521295159411374,-0.2554687587424811,-0.5027204571705348,-0.5797735935628969,0.5018265776512126,-0.08961257442937284,-0.42911261533682393,-0.32267432707367527,-0.2549708980709587,0.051919649922553386,-0.45135844755970184,0.47251472761264124,-0.35308452821105246,-0.287590472375428,-0.46271700943247956,-0.16310978307573476,-0.04644533130892311,-0.45588521890603734,-0.5877392443867898,-0.2805687497026371,-0.34247731586570945,-0.6131756768298672,-0.739893239038921,0.032745328036716134,0.43026234952268905,0.27716147424996695,0.40977705197856157,0.09082935100821796,0.9376515777421635,0.5776932724525125,-0.47915461825788774,-0.1559033092974743,0.6956912145076091,-0.3212812301524144,-0.21347165985956967,0.10045584928610173,-0.1201658666693652,0.12121650778765587,0.004860676109271054,0.16980487179162684,0.1698491786332537,0.20417445437880344,0.880292119054503,0.17605292011008727,0.4244556131910485,0.6488520346640608,0.6840928702026227,-0.058483929713554164,0.46707385508267074,0.6557051437528327,0.021110575619878013,-0.2420091630531936,0.21163913817599797,0.01262441306249985,-0.25517549228919717,-0.3042590552684738,-0.13130166432999577,-0.12668523056757847,-0.21142838072529302,-0.31830056532001544,-0.18182998794775393,-0.4359337343499131,-0.21435782336264356,-0.4787955831108613,0.32846814376950234,-0.10869994966974003,-0.1943639881137598,-0.016902574159835877,-0.27436777718663447,-0.3397049733006787,-0.5256827380756806,-0.17561616272447397,-0.42125947768286437,-0.12279548263683787,0.6398520994529319,0.33628929486917547
0.12656538631514436,0.8097405863617128,0.8193400686135356,0.7077904278036792,0.473007324364921,0.53991690863696,0.4198874837333437,0.0,0.548721767418877,-0.16113532890333995,-0.21314293135434606,-0.11341506239220546,-0.1006078404775805,0.002665656139940694,0.013655982118742149,0.5570500814259997,-0.09215169446323565,0.7749140358592427,-0.07518008708532978,0.5732690193240925,0.12458524546242977,0.1568281791142489,0.6018374981867755,-0.04297388591480408,0.29546441514710703,0.0882955835952207,-0.29088304112239427,-0.01832879050820518,0.5386906718151376,0.2945663701576957,-0.08012164586691507,-0.13427588925450876,0.1589231662560013,0.5042972449925156,-0.46268214210304787,0.44824784790597966,-0.3068212038469024,-0.11824569987806138,-0.20897294517542783,-0.0637287279780365,0.013900333280660588,-0.36450221656091103,-0.46280573369115635,-0.2815472558905386,-0.5933197768432633,-0.3388664885654427,-0.33814413243484703,0.3240563245024566,0.40663075941243276,-0.09871879647276992,0.45836139713677915,0.887047584814156,0.5061031308442746,0.6460571497732718,0.3951244072845714,0.6084010190990436,0.908350686382465,0.5696392109454926,-0.01543054275741296,-0.3854621090178718,-0.35320571358227926,-0.13298085953463798,0.37610285446353414,-0.011558855191100672,-0.06227625919802555,0.06747746701290024,0.34161426166909864,-0.04606198284683746,0.6832166093329705,0.8399648099780413,0.4187014910575436,-0.29314405033558166,0.6609371048130608,0.19283023289655513,-0.1233850734814277,-0.13670670878092184,0.34956936213479434,0.33760530329929195,-0.41285761247481706,-0.14080562815099695,0.30456844439265224,-0.17123912000973535,-0.430453030651345,-0.32106834756058134,-0.3095176538825465,-0.5332755081302148,-0.15750377627312878,0.014229526580406965,0.251836956841097,-0.2001822124560263,0.0699179925287419,-0.1522117635776701,-0.044040461019802656,-0.5570766598487382,-0.5838096698299715,-0.20674987283994956,-0.42451521203723125,-0.09961844524955175,0.5229794174296055,-0.04911837907526851
-0.2688187434501031,0.7460344413187091,0.76153082483555,0.18526034028255425,0.8848958882880447,0.9591766317363146,-0.27022669074783096,0.548721767418877,0.0,0.11648352086217814,0.03920380368238226,0.2579046528269128,-0.09823234440039173,0.027892108895288547,0.16144032251261556,-0.03578595440072191,-0.08710219472648728,0.17399843910160145,-0.020970748726268133,0.09762077011637385,0.10380026733282745,-0.06019297530098485,0.29596778328683093,0.2883990104359683,0.656629854011837,0.36392277081937197,-0.057969871068955826,0.3889099951116217,0.38012532821740824,0.4442894318205297,0.022304125054280165,-0.17451210824418123,0.25866901610508,0.36839022726790605,-0.43088015936053825,0.24539308476159652,0.09505972783349627,-0.18230559851382624,-0.08188194299876045,-0.1278244096210878,-0.05072843930271641,-0.2000282909414955,-0.3481409824965333,-0.10676617181402254,-0.5682121754443125,-0.14887794093192117,0.04710881806332249,0.22611647960015174,0.20019534688228383,-0.266851944573452,-0.02660718891535564,0.6302576251768249,-0.15033180309626548,0.2305269817639208,0.8869847005934033,0.9708597436667539,0.24372471491773245,0.9490913420022143,0.3140040824888893,-0.19250626225142625,-0.04204884222021779,-0.2530418513882497,0.5838308765866446,0.09910908533891061,-0.06536555136178908,0.1580194397918919,-0.21971674398675828,-0.031922042384271605,0.2244552511472967,0.14917593372139404,0.08851888772051861,-0.578780573897956,0.31037548068529786,-0.215527415924045,0.14676385270214753,0.07630809746741196,0.4035226521474221,0.42164937101597766,-0.47006707622866045,-0.17068890059173258,0.37903819200973515,-0.03176231033833985,-0.4821453239888891,-0.4172766418354992,-0.4395535936178109,-0.3027175456820953,0.1492516359632607,0.3572845516327935,0.10841322727687265,-0.09377471180170904,0.20769763835527338,-0.44266046971254336,0.08802924333672787,-0.5673154022878752,-0.42341829213932847,-0.08348190730163392,-0.31131686322670554,-0.03102666753725347,0.08879907590203619,-0.18647543471182934
-0.034654404956324464,-0.027737782138929027,-0.15467119418446107,0.015812473288647967,0.18413010736033594,0.2793088117117642,-0.17825661039300617,-0.16113532890333995,0.11648352086217814,0.0,0.7697400752407867,0.810742032482989,0.7442554683059771,0.7630526125575853,0.6849019666738458,-0.05769940865453659,0.6098927462864616,-0.26103876556632155,0.70919444632186,-0.6655863027536678,0.47265857273606626,0.1883027329407097,0.00917746513025143,-0.05569612045574926,0.23276404142977775,0.16811382031905722,-0.607994599867829,-0.03291344167030368,-0.07859699068457057,0.6934357491348584,-0.3721613049918022,-0.19258718992371904,-0.2244543777215664,-0.11269721378802564,-0.15670348846849658,-0.6648196465722589,-0.52272961695377,-0.14276489372652784,0.3214213517268248,0.6450780993315286,-0.7645530621059969,-0.3113344807031181,0.004317097702580583,-0.07051452508215104,-0.35370321552239775,-0.35245723661503375,-0.07907341313539468,-0.4107095345315469,-0.26458577686023704,-0.5411581494712067,-0.37659125443020014,-0.11863495763967424,-0.1684196529083218,-0.09773737610457399,0.337496630821294,0.043246992334174714,-0.2414818199133969,0.024357074259432947,0.9307046046639011,0.6751411825426614,0.8231977218561922,0.6164132366880398,0.6898567465921501,0.794727779028721,0.7715771736070932,0.6694899245480576,-0.5142872157015307,0.7472640418645132,0.19117267709251431,-0.19989484366876809,-0.1186573975918245,0.41214927617286823,0.27023789147159416,0.36549128358987504,0.4631662847999166,0.2470764944813621,-0.45991864425457507,0.6421278442976176,-0.36934555795767227,-0.2830438199841979,-0.5795256982561192,-0.7881511795389436,-0.5652334743529583,-0.10755452433263128,-0.5765548676490234,-0.5848559527848985,-0.6066078358451694,-0.3248568255711964,-0.7922495086766395,-0.8018245595892085,-0.3588026633316764,0.07906112693840427,0.722313410263962,-0.06144362870771965,-0.2563624022353177,-0.528135041358125,-0.6160264866315601,-0.8693892063997538,-0.5974194805040076,-0.5768755809569012
0.18442886196731753,-0.19009036809895777,-0.2804164716026735,-0.0519266748691221,-0.0536555358996038,0.10187986065758227,-0.03262056135517273,-0.21314293135434606,0.03920380368238226,0.7697400752407867,0.0,0.7819989618072063,0.738930118050307,0.7525269299938366,0.6865811202412547,0.007937091190118737,0.642364940844283,-0.23344589463951398,0.6790855163149657,-0.5291881826998586,0.46137058027299505,-0.011161239410566287,-0.016888944893018364,-0.10705455101440164,0.15558215914486723,0.04095600273084894,-0.6430177152737242,-0.16680618549817777,-0.08057501622923499,0.5423295096423632,-0.13039417837229125,0.08436126377092645,-0.16997817903413842,-0.20451448973102718,-0.23726924123401524,-0.5594411783743818,-0.5799582891376528,-0.1590846348764435,0.06639308957899301,0.3941633098096437,-0.5991556026131846,-0.28918530829904476,-0.10450087322316759,-0.018304800556325104,-0.34270296724928884,-0.4588615968159044,-0.15243315509200886,-0.31506338011314505,-0.233819784797313,-0.44772412301178877,-0.14327050240152098,-0.24529411049745367,-0.0484090770103125,-0.16186918806211933,0.13741654497732148,-0.021783524451940043,-0.22704474238519276,-0.1370113031956345,0.6214338485930297,0.7986371355479452,0.84322217208995,0.6502014476246797,0.6120183357622959,0.7971691452171583,0.7328209563943847,0.6785411134083831,-0.3451657844363565,0.7240060016264646,0.16397494362586923,-0.1647629072744469,-0.04649719629989207,0.26704481307956274,0.22080743883582987,0.3084738671049439,0.4105308284594172,0.2484441929734729,-0.4403553505564667,0.42398905863127834,-0.19821094232739933,0.016364413030152722,-0.5861705572487877,-0.6019739977046871,-0.5093255916751117,-0.2223423009980245,-0.5503852841364553,-0.5126989612254801,-0.6375510964617721,-0.41997432675747276,-0.6294458655439683,-0.6419542413329115,-0.2646530380179914,0.01899691873560045,0.333141528355818,-0.04493415570475567,-0.2480804310166919,-0.3394814402680077,-0.5880524761685687,-0.6692489517572305,-0.43568279845142854,-0.43357351863581534
-0.16602675037816084,-0.012268076250095699,0.0056754785808101615,-0.12953831638730118,0.21808980015377147,0.37116790005568134,-0.14225759909691052,-0.11341506239220546,0.2579046528269128,0.810742032482989,0.7819989618072063,0.0,0.5162830129429943,0.7411982550946739,0.7422451741896593,0.019532098804286187,0.7618161692638836,-0.13494709504944447,0.7435186169970907,-0.5387443544017504,0.6599375894606149,0.21457352461461146,0.16591175586204748,0.36034866017476674,0.327524585195635,0.4932497009611174,-0.49168970737954215,0.12608154714782158,0.26537725838046755,0.7338169385102197,-0.47738734598717314,-0.3285799510964211,-0.3963331791846412,0.03181636820330272,-0.08686850615686217,-0.4872087942043812,-0.40334305178289237,-0.5551734125555066,-0.13431305989049924,0.2929847866409369,-0.8221777470122118,-0.27193116460006234,-0.10115373960228237,-0.4134641355255934,-0.4538771259088162,-0.5310609152306958,-0.22047506997700622,-0.42391866662092337,-0.30132952524322193,-0.7292187710447186,-0.45392733793270573,-0.08716267960610768,-0.11180776276748768,-0.16235361727515732,0.3724753154865897,0.1909874792346968,-0.24377139477397936,0.1120303440467532,0.7881516234226839,0.670378285042807,0.8485540440830938,0.39415978814914177,0.6204901904373689,0.7117943015577489,0.7033126345618622,0.6298916076837263,-0.4614068970305316,0.7135516967453,0.25932163660344687,-0.15288826685170093,0.091788832380458,0.10941842015506924,0.31007487192316313,0.12812316522967984,0.807416565302305,0.5653377476407143,-0.10378272011872276,0.7452701320519499,-0.5227548238086207,-0.39477380220761177,-0.3068193553487763,-0.7680984537783413,-0.5269894986909429,-0.05500008006930469,-0.4613707520836288,-0.5999765951516116,-0.5014599794490977,-0.08695051912326467,-0.7114052635838409,-0.7275267722693689,-0.5956619898818566,-0.3187428942328101,0.3174615782387061,-0.19278184084332234,-0.3001664748660954,-0.6705435956365932,-0.6703119598321532,-0.7248563592560219,-0.47097373463014086,-0.6935145963102276
0.29377509839976323,-0.043622985048096974,-0.20713940819990684,0.029476422773454383,-0.08235930608656836,-0.0010279180801836547,-0.052521639026987935,-0.1006078404775805,-0.09823234440039173,0.7442554683059771,0.738930118050307,0.5162830129429943,0.0,0.6827992942233018,0.5304001529395076,-0.030410321131260288,0.5100166918881197,-0.1653075764242767,0.6252651829932273,-0.5051657213500026,0.2825188840557076,0.14486059652927424,-0.10196070860553925,-0.4678898552388049,-0.17029374034767164,-0.29472015383153194,-0.6493523861098534,-0.3865203100072607,-0.2598277837737052,0.3699173792632408,-0.10562496395284915,0.15041805044091122,-0.17557656527195364,-0.2738468220496466,-0.1069259511694339,-0.5720171274120237,-0.6013515582522253,0.16709483559423344,0.4399264468017544,0.6738821014579948,-0.52715610377574,-0.3050604051641155,0.09759441856869795,0.19884429095960224,-0.10739602392670981,-0.3008190564996474,-0.12406085729084836,-0.3314988797361538,-0.04839624875754086,-0.21110128263408573,-0.04405893772666738,-0.10257437693281425,-0.15176811372480717,-0.16157236672491868,0.07652801666442316,-0.15405253622956352,-0.10261029242903505,-0.16665325498565256,0.5564113350137637,0.6796018848870032,0.6781189160273988,0.9450826490720632,0.5116485284170177,0.6948723552927181,0.7135139225308919,0.5618761062821138,-0.34931426571272534,0.6981464465677549,0.12497310213745817,-0.07017619769477551,-0.1682860045548641,0.6145292392829906,0.15232390501487908,0.4640272411367356,0.10501599365759702,-0.08295070595229889,-0.6514507279587015,0.26246168867134273,-0.017122261785809726,0.08810402906265959,-0.8103428784980703,-0.6356259279907341,-0.366589801503597,-0.0767442978367394,-0.42286122196171794,-0.4463247074362027,-0.6615928733306503,-0.6626953113490639,-0.5750954717410749,-0.6563760627152871,-0.2213202124967972,0.41136777155430176,0.6113185265945198,0.1362374818784961,-0.1398777777835215,-0.22970574715838624,-0.4516579179978283,-0.715247225343607,-0.39154558504389775,-0.2568620885438017
0.0047499875419794915,-0.07560306834755146,-0.07626034548037493,0.20052108229252186,0.009025893615399152,0.1634179227502652,0.24515404173828004,0.002665656139940694,0.027892108895288547,0.7630526125575853,0.7525269299938366,0.7411982550946739,0.6827992942233018,0.0,0.8934836874655696,0.16426488471637607,0.8377730496173508,-0.008109285998570935,0.9408805761987655,-0.32881997653322304,0.8232990082337499,-0.021208226566010093,0.17103276441069626,0.00970114006761445,-0.08058659717012893,0.0336657982436939,-0.7721506636453785,-0.30544205845124517,0.3145496042994342,0.6581562550231534,-0.6008166973426504,-0.4174257483246974,-0.4656652793179251,-0.09780221552414105,-0.3804174254752949,-0.38618318182658706,-0.5777511860067233,-0.40916887384047873,-0.05403767837478526,0.3870885115844792,-0.8129426425695708,-0.6832960433855383,-0.3932537120785878,-0.3343351888676428,-0.5366030316664924,-0.7160411874615565,-0.4837085359461359,-0.4566185976068996,-0.11367440396513404,-0.41736350080439477,-0.2760099217592685,-0.06147147258522667,0.19254597108743077,0.10927244256718409,0.11387200956369392,-0.03347090431398527,0.03784427663112705,-0.0970943463130158,0.6333568749670025,0.809859993563209,0.6888567160255122,0.6349725851128017,0.7075483631926854,0.9608431952173763,0.9745287395813853,0.8975417683394039,-0.14593000109829804,0.9664243419226516,0.39387878929086834,0.08181511911208651,0.4050780140812247,0.23587018894361692,0.526417244746697,0.5165161972280584,0.59910564553552,0.07740951767886586,-0.14097453601373458,0.6690163553966635,-0.5516633654358623,-0.45710502048365415,-0.5812904796287626,-0.801845149996382,-0.6688527566238005,-0.3310063913880692,-0.5730803736434312,-0.7121547372331636,-0.5958782492411943,-0.544491464599488,-0.5748330633368051,-0.7785662314097512,-0.5541011683116948,-0.14061304249698917,0.424546352690704,-0.36467581568203744,-0.5671023086209507,-0.607592729105008,-0.7932106437510986,-0.7947648283853903,-0.32890221870597847,-0.4027704811418396
-0.18595853505805837,-0.0004976766678656614,-0.024937518346665893,0.12931916008331243,0.14833562465567277,0.2961769754898568,0.14152931313859843,0.013655982118742149,0.16144032251261556,0.6849019666738458,0.6865811202412547,0.7422451741896593,0.5304001529395076,0.8934836874655696,0.0,0.03617589205651052,0.7318037166566452,-0.08624863504125521,0.8507135238436784,-0.36885257643341524,0.8518159825734948,-0.06739652757782474,0.14110704332011492,0.10368126341072212,0.031212781468171222,0.2572804984075262,-0.6262109970823271,-0.08785993105309964,0.4106423114016042,0.7259224348319149,-0.5514530541139415,-0.3972504500026952,-0.49532611394971454,-0.10235563814285002,-0.3911871671120928,-0.40651227667182377,-0.4203586348216384,-0.49729479433152074,-0.1517744899170138,0.267435923073484,-0.8336336639980287,-0.6259118810014821,-0.39841855152946287,-0.3803493208943137,-0.5598802149846427,-0.6689417738091175,-0.46063747593846677,-0.5023988908379505,-0.26912583083051955,-0.530594682026645,-0.39586990996196214,-0.029433469426133833,0.10680429706025302,0.08435767141577447,0.2650554879304918,0.10556721869027332,0.0007627406812243496,0.0797473004745266,0.5800024909732169,0.7438228218972444,0.7048813793076929,0.46023911077542545,0.6698713061326205,0.8574011172817796,0.8963575048985766,0.9625433450403265,-0.21687549365635075,0.8665410442363074,0.3739832570781958,0.021451240281871734,0.48147007860914054,0.09247640158388135,0.5013940107566338,0.3539304786746245,0.650456274701215,0.24719216891712,0.023554744051758916,0.7456540486385852,-0.5646940222249935,-0.4353906925760381,-0.3938154759876347,-0.7326318452778652,-0.6338777800558132,-0.2822607062509294,-0.49489017745531594,-0.6294115471429573,-0.43709974815010394,-0.27398281815862335,-0.5595814870423905,-0.6760089624726298,-0.5317641402869413,-0.3089697625019263,0.3233551414133325,-0.3914172183764918,-0.49741572460119443,-0.5873715423011339,-0.7176551269489663,-0.691286719803373,-0.41248658993950366,-0.47079119064322367
0.5892330478998529,0.2624863492731418,0.37410197523654964,0.694661740573051,-0.02110120222548708,0.0017758273095821566,0.6358674603848568,0.5570500814259997,-0.03578595440072191,-0.05769940865453659,0.007937091190118737,0.019532098804286187,-0.030410321131260288,0.16426488471637607,0.03617589205651052,0.0,0.32884266624485975,0.8914488619015853,0.17503205932672222,0.5473945031295797,0.33255549605948936,0.3873067575647546,0.8365034953380586,0.12487480728606612,0.05797867243059319,0.014455863260542382,-0.4934504715877469,-0.08974747632956805,0.46350787431966317,0.15434456640562658,-0.20930955752530003,-0.201596988404509,0.20438005597381662,0.7024120489601463,-0.16168882978266097,0.32587405439579453,-0.5875032146679359,-0.38006466441980274,-0.5216582119904061,-0.19407465844909394,-0.055999021744415796,-0.3918798211573463,-0.35119174029899314,-0.45514062855281284,-0.5162129399932507,-0.44018909334072676,-0.28167556907012004,0.5368469979135505,0.42379287534900956,-0.11379672488209785,0.609843347789262,0.4506677316154549,0.8042216197591435,0.7479191768229693,-0.130188115728429,0.020092761359588592,0.6608577038682778,-0.16442259941914314,0.06980269077408553,-0.12060861537669515,-0.14175120467748134,0.05819179824231574,0.1031831515195042,0.1342468228266844,0.10261697567091838,0.10070207259750984,0.4311129039604009,0.09484360955094413,0.7795926534091313,0.8483006652513873,0.5313879524268665,-0.16217838363018772,0.7404833682186783,0.1883400295359379,0.09319313286388799,-0.2139002540747961,0.12738431883248802,0.21570966895965465,-0.44265734650652516,-0.30964749351781157,0.16233778604017246,-0.25521081998513545,-0.4404664910855308,-0.1703302963997095,-0.4002909024515615,-0.6214915848919488,-0.543249978885541,-0.19312098477879538,0.008389062083437766,-0.42346404152481837,-0.12619990658725244,-0.274575617447621,-0.33494588247219453,-0.4563838415104486,-0.5144193678091756,-0.469876526681327,-0.5829146157826821,-0.12648258257556533,0.5929420901459804,-0.16003219770158067
0.14548063659369168,-0.1583975856206703,-0.03755017478307576,0.01601737660032541,-0.09863571053850306,0.017830944557756162,0.17234502824647435,-0.09215169446323565,-0.08710219472648728,0.6098927462864616,0.642364940844283,0.7618161692638836,0.5100166918881197,0.8377730496173508,0.7318037166566452,0.32884266624485975,0.0,0.16312704680783432,0.9327702100382688,-0.2812031840202102,0.8589057008289509,0.1851333436211515,0.35315780975714,0.25282504448270776,-0.11606896939090788,0.1689056281230225,-0.6529257463438632,-0.15245107725042312,0.38420862126192573,0.5221836893566858,-0.582310443101914,-0.4242047440559454,-0.48991020112908823,0.1470997160023156,-0.11719621518742918,-0.3244565599117324,-0.503609605681616,-0.6201542190431014,-0.33519019184027704,0.0915343777354157,-0.7968454901730528,-0.5803480226698646,-0.3094731878118153,-0.5072894856971276,-0.47135230910220893,-0.7004355586512196,-0.42110056316684524,-0.31933529259578,-0.13450568797240073,-0.5182753895796216,-0.21363317828560063,-0.1165775014141017,0.19598961693700143,0.042915150154356596,-0.02665915042382655,-0.1671231883678332,-0.07534765548547902,-0.25851546328713015,0.5348917566457132,0.6999189842452016,0.621845409279375,0.5153434240819946,0.46126600499676707,0.7759533340298271,0.8273153592464736,0.6790328297059202,-0.21554984338374877,0.8686936305875432,0.4774214199093168,0.1328952290181138,0.4190124106756522,0.12072355019364382,0.5018946747906351,0.17816945440949344,0.7617169206689188,0.19639708597660813,-0.0019827505522238865,0.5996664206210065,-0.5774716068167436,-0.5063341815156862,-0.37405399051641736,-0.7548769753424478,-0.5514412070347746,-0.1460368775527305,-0.4289610314389503,-0.6581355694324901,-0.5959519579823075,-0.3538699206640861,-0.595572509272375,-0.7477951908751919,-0.6878785099539715,-0.33440611557992994,0.12188347649675463,-0.3466629780299535,-0.474095718192574,-0.6949275204557795,-0.7428535296778213,-0.6393142291213155,-0.2482926221516751,-0.5214457356149751
0.4621623318567124,0.524042587467627,0.6611913283756502,0.6403645156275615,0.14460612555500002,0.15184855769741493,0.5356455567038217,0.7749140358592427,0.17399843910160145,-0.26103876556632155,-0.23344589463951398,-0.13494709504944447,-0.1653075764242767,-0.008109285998570935,-0.08624863504125521,0.8914488619015853,0.16312704680783432,0.0,0.04093487588649465,0.6767676290234105,0.25071717969323665,0.3467372204608383,0.8513391399975122,0.10594891800117247,0.06706590609996728,0.045695735508990844,-0.32167386022662076,-0.03494386288458658,0.558305453418189,0.10907459210039178,-0.11903745285986814,-0.1734429556864617,0.17417822199410551,0.7753159670646633,-0.19429856279756816,0.5049797530472477,-0.4000442958120731,-0.33201861704063335,-0.5166197472913747,-0.3066240453671978,0.03210995273163657,-0.37772880514448554,-0.4085808500510631,-0.4588061169392495,-0.5036349793814009,-0.3982493467635713,-0.3182092745775283,0.5392292622522724,0.4542206059588133,-0.07178237495252922,0.6162159009265998,0.683497725049672,0.6781547112159984,0.7124978188401485,0.004655078376851271,0.21955636251559593,0.7945247763358796,0.1001749963101871,-0.11005908306108583,-0.3531194979679455,-0.3863027710891694,-0.09053271715669187,0.08175008355114502,-0.06160046688745875,-0.0670588340199275,-0.04323560141905681,0.4158880209403332,-0.03605733622089101,0.8024779508513166,0.9520608450305361,0.5434886675641541,-0.30026480824507823,0.7310380172732929,0.03987605444962033,-0.008336879866788598,-0.21803255957310302,0.3429176689091069,0.19581785749698033,-0.402593433174255,-0.23293653804835315,0.3389661672195356,-0.14821222588386965,-0.34722747344035787,-0.17376134110644512,-0.23870864826372645,-0.5346831978402518,-0.31520440733994126,-0.03843606349868142,0.2116510588363217,-0.2604050278989145,-0.09035894257246223,-0.27936120961377087,-0.36588027909735493,-0.5199683568956723,-0.54100816025031,-0.34495822752571426,-0.4606239357177659,0.021911923517544472,0.6715093351158686,-0.08433859923331108
0.04833248141635778,-0.11316562573775843,-0.05523904077821872,0.058981031740138086,-0.025085029214188835,0.09871571285955712,0.1558196541877987,-0.07518008708532978,-0.020970748726268133,0.70919444632186,0.6790855163149657,0.7435186169970907,0.6252651829932273,0.9408805761987655,0.8507135238436784,0.17503205932672222,0.9327702100382688,0.04093487588649465,0.0,-0.3454840282777948,0.8833391241877852,0.04525065317835149,0.2186395994617878,0.10734168777563864,-0.1731432193188132,0.07799442706799908,-0.6950536574787253,-0.2158606648937293,0.35356195981959365,0.5883354477724863,-0.6002126973320296,-0.43145757548069497,-0.536299680860612,0.00361538772046953,-0.2429431313034166,-0.3614877208566601,-0.4720426121449814,-0.506064495847409,-0.1509761387526361,0.25498499938173863,-0.8442372371413318,-0.6901451215169189,-0.3609520525057148,-0.3827553241679337,-0.46847556962689624,-0.7113133849505137,-0.4659317727665549,-0.43391775255872644,-0.12038306738410821,-0.43958983394919715,-0.31790756296551564,-0.10041758309362621,0.1229296027524024,0.04320109068016025,0.05422851174486853,-0.11531262922276292,-0.05481897338833628,-0.1593096885122661,0.5907874535617373,0.8007571660137742,0.6591838714370593,0.612703245575459,0.5728835705602032,0.8762798694437118,0.9337793939786252,0.8141594168523902,-0.22831186944726245,0.9649803083412734,0.4054281846955869,0.06871008718589398,0.43093285513468793,0.18523669894824193,0.4902149326491429,0.3363161832112509,0.6793036224886845,0.10514136021885619,-0.0372648654605606,0.6368143646980853,-0.5575431802678821,-0.49013613299674996,-0.5217886108455833,-0.7930868103838249,-0.6003771858287672,-0.24459605964738368,-0.46948210872885254,-0.6702137624171284,-0.5398062848148528,-0.446239487229856,-0.576238511331574,-0.7641203724111217,-0.6558733679332851,-0.20062646064221284,0.326609183412999,-0.37170192331451707,-0.5419575092097534,-0.6251807687904519,-0.7587594259752305,-0.721472979967403,-0.3243212743705269,-0.4354343941007596
