0,1,2,3,4,5,6,7,8,9,10,11,12,13,14,15,16,17,18,19,20,21,22,23,24,25,26,27,28,29,30,31,32,33,34,35,36,37,38,39,40,41,42,43,44,45,46,47,48,49,50,51,52,53,54,55,56,57,58,59,60,61,62,63,64,65,66,67,68,69,70,71,72,73,74,75,76,77,78,79,80,81,82,83,84,85,86,87,88,89,90,91,92,93,94,95,96,97,98,99
0.0,0.7625414835354015,0.6511542603867571,0.6915985491181214,0.6323804849024892,0.6233860686802629,0.6405295365063152,0.6173173249399164,0.4705596135834489,-0.04200919798313809,-0.2697648270283618,-0.3621480241950292,-0.3963373264208094,-0.3639196679721134,-0.22384640743729287,0.7509595963507859,0.0514480068700773,0.7080130615093879,-0.10364463697784698,0.6497332824247433,0.12756801398742787,0.06542745235067696,0.14202712563459285,-0.13493027690388876,-0.12134975210722433,-0.2538245978993908,-0.3401897295424533,-0.2711500427604669,0.06839992058651888,-0.6337150662650185,0.25134517633246045,-0.05275139819917683,0.22302274402447944,0.4431179205636901,-0.0055263498898091516,0.21506924812683498,-0.24681451366544954,-0.19281224369877734,-0.5803056930161157,-0.5611042694774178,-0.27831746865489826,-0.45012815934086664,-0.46095811275121606,-0.46873663291299295,0.3712469513921504,-0.6224326995251389,-0.5023148339768738,-0.1606329854518347,0.5667452440695113,-0.15185162939392194,0.5015554556528007,0.6792941023615707,0.47120322322290653,0.6239023582688876,0.5590195885959697,0.5444329037745702,0.5178498432009039,0.37603956170436664,-0.4260349270083456,-0.25011074690319735,-0.40597412768220076,-0.3742632078005345,-0.2507810764763493,-0.1770714593715392,-0.07763107778217125,-0.1442809597923447,0.22108405346423743,0.03670258359110722,0.3337173685747057,0.6596674973884714,0.4330595929649348,-0.549461421945501,0.23052845922458876,-0.5048513680590636,-0.293350459962901,-0.23127845862535787,0.03761016987805924,-0.1495216015633632,0.3539296441194281,-0.5309610891059303,-0.3160028276580487,-0.11087766242880544,-0.26110637259585634,0.0778390297495599,0.169747820644132,0.028616547563955486,-0.08871503161793451,-0.32671492578210387,0.19284154461637465,-0.4231108732608077,-0.23301537266566022,-0.6208483992293327,-0.6811165907239376,-0.5443604881121121,-0.6421630128863981,-0.44174233802370516,-0.6343755872172696,0.2970444715575095,0.592096478959096,-0.07264194470564149
0.7625414835354015,0.0,0.929360071981806,0.9305497989691797,0.9228407492218561,0.8419437937074806,0.8008452219918029,0.9380143161306842,0.8141731362001307,-0.05862681735254542,-0.2783569754713527,-0.28558957241916944,-0.34843254079232006,-0.2903659842051709,-0.2766224229089117,0.8210223416099383,0.06113018121110889,0.8948367234319853,-0.17216289523970513,0.7340087555393732,0.17111578659365262,0.26275077558141907,0.3144141171084299,0.2361487052731515,-0.01377604967079652,0.022845660429276236,-0.034746805782388666,0.07144573735366305,0.35622970374378854,-0.35983342751132125,-0.11887079651179301,-0.21693728986297864,0.14682388073062233,0.7244337226790616,0.40000569201501573,0.314541887858854,-0.2159031495905213,-0.36483721110682255,-0.545685657841497,-0.4943921984252948,-0.4128858606694843,-0.3853884050279309,-0.2727065637513329,-0.6913203374390989,0.26017812983962507,-0.7904736164435883,-0.3421986705430731,-0.441655323925035,0.15958411046191742,-0.4628307084259762,0.2231249659954132,0.9528934978388885,0.6481643934396929,0.8676225118988068,0.8782982009489554,0.8247128923164382,0.7786988951129346,0.7891114325374526,-0.4014393902552015,-0.3243300785016435,-0.34614164752303583,-0.38928672118642976,-0.09519152359807409,-0.21761530346455787,0.0303667835591505,-0.20436786257864745,0.15743422787708242,0.14805204334508631,0.7417890137566501,0.7213361545026824,0.4554249219028416,-0.1831761046742362,0.28956229213897494,-0.2846297490164468,-0.013221254280375967,0.11608458445607887,0.22785458770664277,0.24677383346256698,-0.0069495884382636056,-0.7810021022081653,-0.10426665924095553,-0.36705601630883206,-0.28878994307310807,0.5114305190484452,0.5128426901438051,0.21400007471986393,-0.06505405909780303,-0.3113997226471393,0.18621321718839642,-0.569850292738381,-0.30147355687034894,-0.7946422597010958,-0.5084401321376016,-0.7472816816153,-0.3562875456017971,-0.7341100756646803,-0.7745565450686602,-0.007008753866411311,0.2421358867390786,-0.4160842909276444
0.6511542603867571,0.929360071981806,0.0,0.8068533096460723,0.9107584308209367,0.8334207829622872,0.6761506135492732,0.9094909476125966,0.8340131900030551,-0.22244713527708568,-0.3991059307328504,-0.37170536355923495,-0.4291164299333268,-0.39207049663254745,-0.4551272262376582,0.6488090614356068,-0.12363592617424186,0.7903223701070032,-0.2673045550616604,0.6433198375524016,-0.061918978220403556,0.11117191670723267,0.17375952409085849,0.36633933094666116,-0.13513765565233904,0.13602684111505964,0.1249932954553266,0.16438720513551067,0.3063559246356971,-0.2809995044077035,-0.3067491856188902,-0.33885893365932906,-0.015194206616053245,0.6565310168987959,0.5408128152011167,0.4855508119330737,-0.05351497501439248,-0.48644349833605893,-0.5252457555077797,-0.39120271450320154,-0.40455838942357353,-0.4852171019200886,-0.2030777748353743,-0.6482882959565756,0.21711163752626514,-0.724026515964065,-0.17152776032087153,-0.48243509912717847,0.060846956385983135,-0.41216941438243226,0.2678766548463805,0.9527489635679498,0.6322965407427363,0.8256170562096985,0.9204720724662173,0.8807466888378345,0.8158163330150329,0.8481002419565745,-0.4046343106283017,-0.47178521927685857,-0.45522179377417,-0.5082757119935536,-0.19778695982929662,-0.37807488696995806,-0.11728153789131834,-0.38101083692846066,0.22750181083696552,-0.051201793280446176,0.6834902975633605,0.5863357097336098,0.24047994071901013,-0.08069064492426492,0.10450341068801954,-0.044010632502553174,-0.044216605279967625,0.14504902422693722,0.1859598064959278,0.254021360798283,-0.08063227735732391,-0.7031522964841755,0.044868537286746,-0.3017364553730837,-0.16142146658822137,0.5293209847579484,0.5690252093680589,0.1864393084308835,0.09652791547183517,-0.28740418005833585,0.28261228379459563,-0.3786970862305943,-0.15134585064923614,-0.7407239945750782,-0.26974013664667873,-0.6676013156923342,-0.16101613854363203,-0.7065812230717305,-0.6645702534705367,-0.12295095864671211,0.13537687107178875,-0.3586018219501659
0.6915985491181214,0.9305497989691797,0.8068533096460723,0.0,0.8993306424618476,0.7359312125509853,0.8336071061373521,0.9236556966794065,0.7987279662966198,0.0363797983913074,-0.12698036732234907,-0.17827489676769503,-0.22508647791984587,-0.17645021090970792,-0.15388619003181153,0.8004938615118553,0.13108546012139038,0.8027897008006326,-0.07280879023562555,0.7505520007180737,0.36112114864915146,0.2858021425420533,0.3133207958142127,0.20513364507576667,0.04248168070523971,0.02207114419905396,0.007033975148961194,0.15144981885364345,0.4390101428259227,-0.25315042168183954,-0.043643380693434757,-0.1925648149120071,0.24733922640734982,0.7318076732953772,0.3975945581077722,0.2099635241845111,-0.17014171501102296,-0.24960089982388917,-0.36356953055979857,-0.4224567912383982,-0.22222110373291612,-0.1784199933335932,-0.1359034615990965,-0.5765626101040444,0.42790884405919705,-0.6587278689666973,-0.2656547536873682,-0.3199040589498656,0.03610960669306949,-0.3694311474427763,0.026439180420254223,0.8353868144180293,0.61245742753163,0.8871046685702052,0.7779430916028649,0.7074510327189796,0.7284564130350843,0.7788288552043869,-0.33766037117832226,-0.21951503191408742,-0.24835438368587331,-0.28248470412221793,-0.003265750659093787,-0.10686346857729069,0.1177466399063071,-0.09068322102231378,0.06688554292321315,0.19859008596275712,0.7073076387032526,0.636102152463157,0.47340226351049275,-0.272632048859297,0.29417269749648955,-0.3474702750586018,-0.0011226604314887895,0.1303245498430004,0.2569842450943422,0.3427070241937541,0.06527804122654751,-0.7484828450007514,-0.11861052790837467,-0.3130603669073648,-0.21395585082915286,0.48295375915988764,0.5672338227465687,0.3119378537606548,-0.05394627208549365,-0.18493190415982544,0.13679427774327488,-0.5157661740076789,-0.3351394859939295,-0.7463372678735766,-0.4768083382829316,-0.7511075940873697,-0.36148376246546177,-0.6318642249653816,-0.6185182461161123,0.014545733925409657,0.1081200426647325,-0.3742290730595471
0.6323804849024892,0.9228407492218561,0.9107584308209367,0.8993306424618476,0.0,0.7252132767245694,0.6599136109028082,0.9493094320763239,0.8263387551398869,-0.2480496910686044,-0.2994348895423998,-0.3056058197244657,-0.3992411043188073,-0.36772475358303763,-0.45403234604274845,0.5856883426580465,-0.13745334662397482,0.7372181318413136,-0.3287095909894348,0.5890574887503566,0.02240636313523581,0.07191301492655312,0.11646143771222636,0.4516835109969032,-0.12395115080321538,0.2890842923976776,0.24240788293588178,0.2265844661156312,0.36721702695347946,-0.24035915909883468,-0.3184787187574798,-0.38629260751007327,-0.11793941160959867,0.6201209391163618,0.6700669094551717,0.40838522943886035,-0.03788326901538858,-0.5825300056246172,-0.5431749704435924,-0.4473251271495557,-0.4463490711503991,-0.29484548298296875,-0.06799072176903258,-0.7121484112451913,0.3097099604054026,-0.7245744734993238,-0.10583834243660387,-0.5476719672351423,-0.09868893670624704,-0.4749440550120893,0.25416127797206295,0.9053144081153265,0.6835442462504531,0.9450467957764548,0.8645396732172628,0.8089704071793363,0.8796723115736718,0.8914402020376817,-0.3125376292352682,-0.5119743801716136,-0.4597087024536811,-0.5199031319654333,-0.20233497925069155,-0.42864651689581845,-0.18630251937470263,-0.40290227563531705,0.20403877329629247,-0.11227670097161369,0.6453476167838106,0.475628447168584,0.23444038333877545,-0.11363547043573027,0.06100400402303782,-0.026938304607211545,-0.016086314916993697,0.18621708057005876,0.18551384438443824,0.38356115283876924,-0.03771854098105029,-0.687179065829249,0.01335179709521947,-0.40037691011025167,-0.257653917108293,0.5438175314943787,0.6475132702332578,0.12304494121219378,0.08925066103500871,-0.3256883319359895,0.18401380796032527,-0.4258287721717655,-0.12775565635459274,-0.7275626928793073,-0.27191652945773265,-0.7537758565061938,-0.11473173165080325,-0.7850344919218607,-0.6683897666061842,-0.22382678964157546,-0.03836125083144292,-0.428459109592667
0.6233860686802629,0.8419437937074806,0.8334207829622872,0.7359312125509853,0.7252132767245694,0.0,0.7661629477740894,0.8132834231595457,0.9032052909268738,0.25632676734820614,-0.11755521095696378,0.0009095722085010716,-0.12072311138056846,-0.08653725745353674,-0.028256223873677735,0.7975799264812393,0.3078225044940473,0.7844925744404191,0.07231050438444629,0.779377177236953,0.28599335424008065,0.5474585693922097,0.5731043892449666,0.3485142910906747,0.32399442378832644,0.06370335306162106,0.053098264154149026,0.3437348729820164,0.5623475805656214,-0.07185281291805479,-0.018855015716670698,0.10506888260300708,0.3128999775704924,0.8174229475034608,0.3023066853095497,0.46973496960049793,-0.01628165897428452,-0.07338265976740856,-0.3454033765495995,-0.24434694539880783,-0.29622810149778933,-0.2900494984667117,-0.3305034908293356,-0.45714086444166163,0.23756289916489928,-0.6892594400237669,-0.43376376998386185,-0.36181735316125996,0.1916315780433719,-0.38595046379545683,0.044712982594961696,0.7974467557269239,0.2873563818779336,0.5393974365869805,0.9153869631969226,0.9236769350069627,0.49487188852935515,0.7613098348229729,-0.33553871910631966,-0.006291020920496213,-0.005060630334709084,-0.12230517921478004,0.24808750577618596,0.05980962896159063,0.33852724742064183,0.06268415502824287,-0.14560660086494018,0.2885065578483049,0.7125186123458503,0.5797877724078989,0.4195680177967812,-0.03968018933255914,0.35584053673717075,-0.254828293072066,0.26293873389731176,0.3409673035437149,0.5179017824679533,0.4116813568907662,-0.31760285313707265,-0.6683697636602326,-0.07315866797413453,-0.42679727481191776,-0.1859234662939259,0.49432041236059593,0.5773403528968248,0.27954671021171446,0.051459575346594726,-0.06801618110346601,0.3570404040998285,-0.662098956666488,-0.576924575672497,-0.739611369801914,-0.45671721597327025,-0.6841469666918866,-0.3724988519211749,-0.54239028756999,-0.7383020120896617,0.015899243045452077,0.2940693078330587,-0.396137118088359
0.6405295365063152,0.8008452219918029,0.6761506135492732,0.8336071061373521,0.6599136109028082,0.7661629477740894,0.0,0.8195749670997443,0.7624900991658857,0.3827523099907703,0.15095571548646086,0.15343444577205406,0.2005620870740264,0.25406794445497466,0.2573688834841759,0.8785556323547065,0.5369766794286307,0.896132865213325,0.3919728811580989,0.8323240624184672,0.6304067848911017,0.5747508542303655,0.6197348281906495,0.13016371850330127,0.28788183441416043,-0.08429557903067991,-0.06984861209537406,0.14501011042410275,0.5708136926220446,-0.08774805062789094,0.031192391405280667,0.0920005975474216,0.4331937401200126,0.8747206897697667,0.18473402461910027,-0.02725484388958565,-0.37212599269352536,0.06772272280813398,-0.06982018618261178,-0.11120302331358421,0.06395828915410515,-0.13037319749414766,-0.023669732921803178,-0.5151198925477404,0.38274752623002556,-0.48114220947702446,-0.17603332732792648,-0.057724911761161284,0.1389678728329278,-0.3420056335569409,0.019678627466758816,0.7472408463696997,0.5825744520393824,0.6265818684959978,0.6511839789521118,0.713999169443431,0.5939557237132254,0.6439843497641312,-0.07495414276418798,0.1455837743498286,0.08320596995320567,0.15758864115977705,0.3338815926774859,0.3123555360453318,0.47911646639688577,0.3081912822398001,0.15645221578176519,0.5604198764539254,0.7556539987428667,0.771824356946926,0.7833308645921304,-0.13409520265220187,0.6562166164793765,-0.45079536559487576,0.11406636250286323,0.06505974621182792,0.4180933891140203,0.2844984718790142,0.024374273616150056,-0.5646454712054076,-0.3344601701141168,-0.31248504263139415,-0.3127321976500902,0.3395571880349498,0.25569849832397507,0.2814506733423044,-0.35420964022465756,-0.24092358245615808,-0.10769621431234835,-0.5412612453838971,-0.36409466335713536,-0.5273190772050595,-0.4772010847867495,-0.7371956683413143,-0.46888935630244727,-0.5636353192462942,-0.5304581640511358,0.05290291616132703,0.16964389940986918,-0.46049113589678886
0.6173173249399164,0.9380143161306842,0.9094909476125966,0.9236556966794065,0.9493094320763239,0.8132834231595457,0.8195749670997443,0.0,0.8950158513210252,-0.007043469977437787,-0.11232679548997661,-0.09624620316463886,-0.17377444120697233,-0.13788532245176746,-0.22500580892795174,0.7001461453009813,0.10473576962159746,0.8451312380960276,-0.11540516089537976,0.6689512341051264,0.23765155448331093,0.30645463151807617,0.3495667553891549,0.47463794338453436,0.09439928307533793,0.2748413625678247,0.2175058096417845,0.30430686106412563,0.5358762952794264,-0.12682985396753496,-0.2987713944412471,-0.20206982333086604,0.019280848618183064,0.7809825446779709,0.6159494304994745,0.2838111448181639,-0.12321904986230751,-0.4214214561784481,-0.41337574467574684,-0.3314318137582162,-0.34240613081023097,-0.2466798113972257,-0.01468558748719604,-0.7326845275468102,0.26352215053712,-0.7177819794720046,-0.10881237047888807,-0.4997610148917241,-0.11120824762138759,-0.5455461007024012,0.17213042057802613,0.9279168219176119,0.6729764382462177,0.8898883852375791,0.8987662521827887,0.8643031099152374,0.8609411988986069,0.9267253899749446,-0.17734297261232893,-0.2896614768222069,-0.24269110203838837,-0.29246594693432154,0.024735997742028587,-0.19505345788398418,0.06334255476965028,-0.16655988366723415,0.18198974603302895,0.12514280954540696,0.7925108452088621,0.5875242603774403,0.4327535969326504,0.0019278856366024767,0.3012419909922572,-0.080687238902664,0.14580204600762828,0.2820219384462589,0.36495618722344497,0.4726295049290382,-0.12873738105167445,-0.6614993105142569,-0.019465940556207515,-0.4361567932831738,-0.2765232923385524,0.6141232043883852,0.6080630003322973,0.23415519635061802,-0.03625589855117059,-0.27972738786061563,0.0799225056379351,-0.5084497808050203,-0.22398976564007245,-0.7113458742679064,-0.28932531565958525,-0.7553350101399066,-0.1480976060104829,-0.8035095651474995,-0.688002271208154,-0.2117309722694994,-0.051204341139386864,-0.5462932306197139
0.4705596135834489,0.8141731362001307,0.8340131900030551,0.7987279662966198,0.8263387551398869,0.9032052909268738,0.7624900991658857,0.8950158513210252,0.0,0.1757995701615354,-0.07208511908495568,0.05153478042769766,-0.0540224227590374,-0.030931426727055584,-0.10451908789608332,0.6558899046090438,0.21160589626610454,0.7037234887269783,0.0607692714810327,0.7583071174265815,0.27451481595632,0.45516507640169296,0.45466339534004924,0.5489551233294491,0.29292492924021013,0.2857832672328686,0.33072714144308235,0.534675261793311,0.6832596169171238,0.11246562470880353,-0.23123559421344647,-0.028105263397886878,0.1602650860776545,0.8607943666270021,0.578331087558422,0.5146437886557372,0.1457811489926863,-0.19762922784252782,-0.20579960899209362,-0.11509280792352097,-0.17679028639156016,-0.19072689477063676,-0.04207194621297356,-0.47670515588014634,0.34212018545698214,-0.5866186983516375,-0.12348581732693023,-0.38167186536949604,-0.10625080621167192,-0.35601648400491176,-0.04352945298218912,0.776794267492375,0.40295468602082773,0.6630325582557192,0.8983322680822279,0.926092270258018,0.6313366666224387,0.9262120596407367,-0.16949722901943579,-0.10326676501880436,-0.04222964226782787,-0.15247182586800123,0.23856298280330912,-0.027944377760425732,0.2587519546454965,-0.028384263693862342,-0.08380945102429317,0.16336179923163657,0.7352911449315048,0.4165708347788932,0.315625396805213,0.02191461329021353,0.23626039889378192,-0.031114255420081262,0.28616103707007146,0.42688498057354696,0.5432465015335136,0.5737541467229923,-0.34482935972336726,-0.6093995251963235,0.009852693152084192,-0.43639907964995145,-0.14665699114376385,0.5609296927273723,0.7157312846105274,0.2909597561059286,0.16417228294659889,-0.05918305063024006,0.3122943542579898,-0.5095970818434244,-0.42153841028419975,-0.6763112965877811,-0.18644710423707828,-0.7466875862983855,-0.1718640679931886,-0.594026461374775,-0.5950678979307773,-0.18850875711328266,-0.03915249263702614,-0.4231582618848421
-0.04200919798313809,-0.05862681735254542,-0.22244713527708568,0.0363797983913074,-0.2480496910686044,0.25632676734820614,0.3827523099907703,-0.007043469977437787,0.1757995701615354,0.0,0.7671088340061206,0.8184784683041649,0.7537922930982403,0.7592794295119215,0.8914809820021614,0.37019484602371905,0.9084998730220576,0.14701695278915639,0.7687972704590217,0.329203673634934,0.8040392804177642,0.8669473845588002,0.8058207788617678,0.024270466525605314,0.879632105448088,-0.07259083976688009,-0.08078449700544418,0.38670939307936397,0.6392077576872068,0.4514484500222393,0.36583009505899394,0.7973107227431517,0.5805428879222524,0.47349274133434877,-0.32974213464363344,-0.2536014047850089,-0.03614747775323451,0.7219463047600713,0.441111076682011,0.35111272764160295,0.37186615935230233,0.41251621599195204,0.004471641879510586,0.19921465170677244,0.046931624188948674,0.060955173558197656,-0.27233001593750955,0.25433078057141356,0.09488094215065172,-0.022653440264266956,-0.43741093745301757,-0.16542300747171232,-0.38306560725157296,-0.34080639471641144,-0.001139545857122809,0.040402810981953516,-0.37869562767187154,-0.04457449831707219,0.3864618105912937,0.93503458005757,0.8799805543673316,0.8082835657882598,0.8673487663686109,0.8865474199816505,0.9254311987933413,0.9103636262483794,-0.45869878454899926,0.7476299529435289,0.2589969901034909,0.15445417597195132,0.5359622294718062,0.17969910720007298,0.6790775838382552,-0.3204988486840746,0.6177406381106713,0.3989965113636727,0.6999321613562841,0.37429537584013367,-0.4044735215702253,0.05568744733219722,-0.2077134045945326,-0.17956108274394997,-0.08419209358599272,0.059020356802280294,-0.013795929818383366,0.32601279908154746,-0.22147909030273547,0.3886137170792923,-0.10175577825018062,-0.44016603509954966,-0.6696239996254258,0.037726432833757324,-0.23285349561078106,-0.031748029242269805,-0.32528683863612795,0.17567483238818593,-0.08890352919493874,0.19960644117589094,0.1102172325455105,-0.18535509748796541
-0.2697648270283618,-0.2783569754713527,-0.3991059307328504,-0.12698036732234907,-0.2994348895423998,-0.11755521095696378,0.15095571548646086,-0.11232679548997661,-0.07208511908495568,0.7671088340061206,0.0,0.9282198935876127,0.8457925677848686,0.8197738357532682,0.7994494306533275,-0.04339125090454007,0.726923632302581,-0.07835087662525621,0.6254292580372545,-0.030626769813539557,0.6531278649364864,0.5490294275363671,0.4910972488465237,0.20715454884341875,0.6569876075891398,0.2998697562551879,0.1812769685978621,0.42376953721092225,0.569335341874575,0.5349248428272223,0.03813838410502526,0.5333610805839473,0.08501937109068244,0.17185653926031966,-0.08139661996125835,-0.4265334395979458,0.019470860053426704,0.3836708739883508,0.422106283087149,0.37846311587961046,0.3329367888457192,0.58486677386222,0.36937907272558745,0.08955876744666619,-0.06957655425526398,0.2165504096345046,0.13222555821335827,0.17324806984415825,-0.21527507082896644,-0.06912345429920207,-0.2455828150762852,-0.29489231866249255,-0.22941620272884972,-0.27769735084198877,-0.21696054288136427,-0.19998928813188385,-0.23089073607295976,-0.10652556682340167,0.7415097061020456,0.7803486050127131,0.7917701809196048,0.7733589773121302,0.704804546993304,0.679009698574599,0.6160842386587169,0.7574504735959342,-0.12631737653753167,0.4841605392571788,0.0645570738168037,-0.10857014716670284,0.3912439611201644,0.38529805572538406,0.5372878644139154,0.028172319632442027,0.6082377852687479,0.36790606496492245,0.6002031413206728,0.4261083684125119,-0.3701050217723411,0.33206891871609573,-0.14519209348617132,-0.15938439792067782,-0.20187137532642396,0.027871830806411726,-0.15801753521177203,0.09803777028978106,-0.2143214436484841,0.24023345642863847,-0.3999654156639727,-0.1494452172662358,-0.2265172378126562,0.311120056202988,0.09192705057858515,0.1492964289392344,0.0387177617097694,0.10633059820674604,0.14108952348546625,-0.09032276992577379,-0.28487322022915396,-0.21355132150256453
-0.3621480241950292,-0.28558957241916944,-0.37170536355923495,-0.17827489676769503,-0.3056058197244657,0.0009095722085010716,0.15343444577205406,-0.09624620316463886,0.05153478042769766,0.8184784683041649,0.9282198935876127,0.0,0.9002817137008535,0.8749402878059908,0.8202384789647976,-0.05153717403491544,0.7757410785512155,-0.061572672750321994,0.6649607302279914,-0.017238950888791616,0.6498090435155386,0.6876134545502743,0.607593735567434,0.3586185771192046,0.8151915735517286,0.3855224763401399,0.2994233091321741,0.5527230735735508,0.6517835163335617,0.6860966222063889,-0.03219550219407739,0.6389527616992206,0.10155984974681366,0.2672040536256721,-0.004073568975904494,-0.32440760113526085,0.06832664632565563,0.4284403451224352,0.489931970438433,0.5138176785698529,0.29693418798558047,0.5587096110146799,0.40026331377877256,0.08104275591118221,-0.15035383944069008,0.21186047535721364,0.16054412089505798,0.0972323423305803,-0.30207207361169003,-0.15633290201641692,-0.2910445531389532,-0.28061512487751306,-0.2954562323827816,-0.3647808301115396,-0.1327578773920836,-0.042153468002582094,-0.26498249404255086,-0.013064030078708874,0.7571294847027048,0.8108369724760409,0.8934720746424397,0.8347834504546345,0.8407625648692577,0.726429410008842,0.7079756504525181,0.7833674687481463,-0.24424095697714268,0.5416236404113783,0.1375098987193013,-0.16059126523681094,0.3690962960633895,0.5357493251695096,0.5385017543216385,0.11451398801964609,0.7533495779160947,0.5116666350006397,0.6949866784332827,0.5298630085349162,-0.5509484180230071,0.36258414995399146,-0.10548113596551581,-0.2915527059468226,-0.2067605543996808,0.09869974781172958,-0.09072881199379709,0.06982713834579857,-0.1988704316641827,0.22917036609542618,-0.35691245724736337,-0.24272936167215298,-0.2990836510420886,0.30722885941691275,0.16803468339078517,0.08451625443191899,0.12453028279339529,0.05367899743897458,0.07678532507994629,-0.2198501592452565,-0.35092387744891984,-0.3343188132752824
-0.3963373264208094,-0.34843254079232006,-0.4291164299333268,-0.22508647791984587,-0.3992411043188073,-0.12072311138056846,0.2005620870740264,-0.17377444120697233,-0.0540224227590374,0.7537922930982403,0.8457925677848686,0.9002817137008535,0.0,0.9864259739947534,0.8833952899987562,-0.041667734648526224,0.8058294595739157,-0.05069496696727775,0.8395638601473374,-0.022632310972892755,0.6524925482688284,0.6217292243065936,0.5799895267530009,0.12842970591397057,0.6644084518251379,0.1606173536789189,0.2336599150594426,0.36223529676333904,0.4808115266804268,0.6887178021886742,0.047764127187290034,0.5552354379045547,0.21423332471167103,0.20948261463176301,-0.14021546597011478,-0.5108492242210249,-0.1433263827328866,0.5655893023654134,0.7053307381502777,0.6729190898846239,0.5508236692001357,0.563388800787231,0.5463178845939304,0.18017371553213393,-0.029437202101932413,0.46074732926016493,0.32479029875285037,0.3771714233858238,-0.2696236299301823,-0.02577313264117739,-0.30497435380326127,-0.3210528762453418,-0.18198781662677807,-0.41824095777888054,-0.30284465022630624,-0.15093690458370218,-0.2732051026770069,-0.15177504568805392,0.7316915041778563,0.7928354070252994,0.8342175664993686,0.9483139050720713,0.845664303358104,0.828598683330134,0.7192329928273838,0.8385328775512297,-0.1112985405647584,0.6208136995847481,0.04399377294560991,-0.09670662810753748,0.42629047605577414,0.4371163552423833,0.5672785881731367,-0.013716309324563402,0.47061548225868965,0.18882541798540486,0.4687237106630047,0.33113144190500526,-0.3089007006395914,0.44660294554726593,-0.3273290358955435,-0.22760710429070777,-0.24087097011194603,-0.1370870278924185,-0.31260230962826285,-0.03632805575540984,-0.43784444513714565,0.06638126627421065,-0.55578191503915,-0.13009581504876616,-0.15398891849236854,0.4820075894164658,0.2047829782617401,0.011554479782335631,0.09036855652787368,0.14447896603932325,0.30543403481044207,-0.1973305645771482,-0.3481685061849886,-0.29589731814475473
-0.3639196679721134,-0.2903659842051709,-0.39207049663254745,-0.17645021090970792,-0.36772475358303763,-0.08653725745353674,0.25406794445497466,-0.13788532245176746,-0.030931426727055584,0.7592794295119215,0.8197738357532682,0.8749402878059908,0.9864259739947534,0.0,0.899998751972866,0.022098595815538073,0.8406722642818817,0.016169995406902195,0.8675792992792384,0.04153670270568857,0.6742593822632417,0.6504570838507409,0.6293258822054243,0.0926691569184417,0.6553081369341353,0.11637031893865048,0.19001025234324825,0.3271168082986016,0.4973876085585245,0.6508355929610263,0.046552135739761434,0.5225369962302125,0.23716027363369754,0.25068525777226097,-0.15525676651324946,-0.5186826247350759,-0.20235830205219743,0.5669462185892102,0.676065893671367,0.6372099636786988,0.5350932296752698,0.5285056266467821,0.5087164077333353,0.13774770993837934,-0.0056226930890474315,0.42389996652228984,0.296641187903477,0.40270858373672064,-0.20462419715542515,-0.026726490212272833,-0.3113557604015153,-0.2792935547560583,-0.13979988940669688,-0.3857519316602268,-0.28275258185608826,-0.12380253038952943,-0.24486990416913237,-0.14422990023472113,0.6983692558361437,0.7831322467380868,0.8079472144704071,0.9458454702787105,0.842010954720085,0.8509053634776425,0.7474069195078551,0.8600939353055108,-0.07422635307317743,0.6778840797170168,0.09636931737169477,-0.010369713037442241,0.4956419877912651,0.42719899285235396,0.6379289156508178,-0.07539281449924007,0.4481084118036148,0.14874033472098336,0.4763718525429936,0.3136090386994384,-0.28971713480904054,0.3716561280571598,-0.38096086213412855,-0.23959297630663234,-0.29648187251303193,-0.12056268317222674,-0.32820209581756,-0.03594375338073262,-0.4855601696647299,0.024500873642025127,-0.5639168798207601,-0.17178566066642356,-0.1701432847929968,0.43987283592274,0.1375425779336853,-0.04353205296286191,0.03211217801633907,0.10874398289449654,0.2624859754191421,-0.1517481000409556,-0.28417885703048085,-0.30044187498841973
-0.22384640743729287,-0.2766224229089117,-0.4551272262376582,-0.15388619003181153,-0.45403234604274845,-0.028256223873677735,0.2573688834841759,-0.22500580892795174,-0.10451908789608332,0.8914809820021614,0.7994494306533275,0.8202384789647976,0.8833952899987562,0.899998751972866,0.0,0.18144187030982464,0.9183630403765685,0.013287787374991736,0.8609946141386066,0.13705873305397528,0.8090234512338212,0.7305007202756376,0.7082778772224753,-0.1713673218990919,0.706006894246681,-0.1675991743826782,-0.13687208577431856,0.17769026274503244,0.43155293355747965,0.4564274676444614,0.3668228232629942,0.6622045934635794,0.5236163906851132,0.22798089301664068,-0.46230789883830903,-0.5341819024188732,-0.2562480960253181,0.7749268709161006,0.5979264644985072,0.44963968804407994,0.5037257683891184,0.5156100222340023,0.16642627255516781,0.27906797747794937,0.028547813118206814,0.33221642713232885,-0.07811948277120423,0.4797831142715826,0.06577274406900316,0.058431184498145404,-0.42648076393447343,-0.34399255033118775,-0.33741211498808976,-0.47344650043961184,-0.2923687596618878,-0.2001584099924328,-0.4622624299097109,-0.2977823136555246,0.4648831452467674,0.9298054460473776,0.8716290738107648,0.95724055681057,0.848794549406263,0.9670736605650172,0.8810921873917941,0.9820589438115587,-0.28650415535827084,0.8069930701861243,0.07089189630632138,0.09933776292414893,0.5696782546430494,0.19866032091354094,0.7075059764805933,-0.3823190409562181,0.4355445553706444,0.11309993528143915,0.4813455976904358,0.1949416003807033,-0.2148591064854669,0.2308910561362199,-0.37988717105911735,-0.11228873118446492,-0.17300589577589212,-0.16317892895744998,-0.33150569370302174,0.12872603917455538,-0.46437126866288203,0.21651291616694882,-0.38738794825772516,-0.28257814971090844,-0.42181709655415023,0.31200968218541825,-0.17550171595970213,0.04264214210061515,-0.2636873857460331,0.2787310379562932,0.17116436760656994,0.18114795605169243,0.036562258006303104,-0.15143083991092177
0.7509595963507859,0.8210223416099383,0.6488090614356068,0.8004938615118553,0.5856883426580465,0.7975799264812393,0.8785556323547065,0.7001461453009813,0.6558899046090438,0.37019484602371905,-0.04339125090454007,-0.05153717403491544,-0.041667734648526224,0.022098595815538073,0.18144187030982464,0.0,0.4605067999413257,0.8697191196712835,0.2555257904418766,0.8264222353328593,0.5228037370166598,0.5773277417698621,0.5926746099179034,-0.11151027680852471,0.256816639170989,-0.364653093063708,-0.34900255783281087,-0.0494478614135042,0.357656187416464,-0.2941073596779356,0.3367169716475202,0.20423535252325342,0.6256635893950777,0.7803391764827733,-0.09198190833703798,0.06216394074942661,-0.37688189629175134,0.1877396879188014,-0.22704291971055557,-0.28923921662711205,-0.06936966640674935,-0.1954051751413657,-0.3727939264654308,-0.37977415300843964,0.32785689336862855,-0.5854776614138089,-0.5615062991063242,-0.08458410479687477,0.3915543356827089,-0.2770677696398465,-0.01355957143858273,0.7070147202885475,0.38939779356093474,0.5206266526310425,0.6314834088426706,0.6266590754844827,0.3845732961982248,0.4686795396268521,-0.38689494221687004,0.16489312183766794,0.04253424491585739,0.024765719424730756,0.24247510094791158,0.277682071341316,0.45937238788184387,0.24716874817616002,-0.09041395501430617,0.5429575955037714,0.6619699849360625,0.8231321826253414,0.6864642254829662,-0.3306780646528933,0.540031614053774,-0.6575186861135163,0.021051179730519773,0.01513374090643585,0.27295816682489926,0.09512845533379248,0.07585388289005415,-0.6797137575026029,-0.32435663550206734,-0.26806004363269387,-0.2279502876401605,0.2549538545977223,0.25563901281028595,0.32642059135077606,-0.29463731632737544,-0.13659031418985626,0.1170089799170311,-0.6797696257403631,-0.6035075604057185,-0.6539812014946631,-0.7364760014349371,-0.6651585483211447,-0.6575591668938632,-0.41903073202840396,-0.659781228835563,0.27489807638045105,0.49125632808211295,-0.31723474560999726
0.0514480068700773,0.06113018121110889,-0.12363592617424186,0.13108546012139038,-0.13745334662397482,0.3078225044940473,0.5369766794286307,0.10473576962159746,0.21160589626610454,0.9084998730220576,0.726923632302581,0.7757410785512155,0.8058294595739157,0.8406722642818817,0.9183630403765685,0.4605067999413257,0.0,0.3375726095148473,0.8546902151048381,0.38855718236549913,0.845624452869773,0.8812086314339248,0.886233895777437,-0.01168233698811351,0.756017022207307,-0.0986620041472104,-0.0871301572660069,0.2682436171070743,0.608494483809754,0.3962193571459031,0.31097051788578906,0.6363963963657048,0.5320933954309038,0.5169590137406618,-0.29523695857737187,-0.375891069993976,-0.30379023179789966,0.6441484256054065,0.394700743179869,0.325059943738336,0.3411216940926206,0.37725683187812936,0.0796949264256826,0.01855091504452661,0.12374763146373899,0.05175672606885413,-0.1975441563650986,0.3022510050897708,0.13202939438345213,-0.13011327261906483,-0.3010212356420483,-0.013416746006837696,-0.14905745822582442,-0.21848709593907656,0.030977188701968764,0.13740825224535733,-0.19538820941611804,-0.012064898407325721,0.3565099239226846,0.8356271936701041,0.7810405690507487,0.855483868812163,0.8746165471369703,0.9103107397570251,0.9090437575684973,0.9249887106211668,-0.24059200700608788,0.8545199833694553,0.3270617710008227,0.32902083904053464,0.7184597511611531,0.20477542524535605,0.8202702269056713,-0.44015318646124296,0.48086489522404763,0.18783943210992798,0.6140169783782038,0.338577996569332,-0.27590106202505393,-0.005587702537564705,-0.43966821984357524,-0.3106195474991319,-0.33325573565080946,0.005166769283045404,-0.14493049319450785,0.14006397967309478,-0.4860666032965216,0.08945173965534153,-0.3191127055643865,-0.5310844449060018,-0.5650240987411814,0.051337707496070605,-0.3460207956385465,-0.26295692797353903,-0.3712448192139953,-0.009054278715977174,-0.1348250522965801,0.12923090436487727,0.1296283051769563,-0.33264219994024363
0.7080130615093879,0.8948367234319853,0.7903223701070032,0.8027897008006326,0.7372181318413136,0.7844925744404191,0.896132865213325,0.8451312380960276,0.7037234887269783,0.14701695278915639,-0.07835087662525621,-0.061572672750321994,-0.05069496696727775,0.016169995406902195,0.013287787374991736,0.8697191196712835,0.3375726095148473,0.0,0.11174766348798343,0.7057946129639742,0.37796271732923836,0.46062924554334317,0.5117353098194354,0.1505017573926756,0.12498460278680844,-0.07020232004326876,-0.16347531289316308,-0.03950771356696608,0.37510209369094905,-0.3059760156619864,-0.057462627033197634,-0.01427675331822014,0.244502434878995,0.7950324080890537,0.22549383811546406,0.012828317838545256,-0.49187321038634296,-0.18863053232286628,-0.3826033037271086,-0.31293987471778484,-0.2796864325185227,-0.32630612346577015,-0.1713563807873209,-0.7420816912272574,0.1233685967508205,-0.7050392736637703,-0.28273433327588754,-0.33085395420977715,0.18605770249392783,-0.5539008159565968,0.2660115276336642,0.8932678021244669,0.7028671438357008,0.7016136883258924,0.7234316320658265,0.7693780683826931,0.7086321065076614,0.64584478331822,-0.19305160288300008,-0.08206708558276053,-0.11284032499436032,-0.07704791692738844,0.11152193545428164,0.05997047134542535,0.2546464077395377,0.048692429833015756,0.2806005580702455,0.4516883380882201,0.8114149681153597,0.8761787944198891,0.7399972804154245,-0.039917913858032734,0.5784294432288971,-0.36982199686805856,0.07292660406817636,0.04253772352213049,0.2535360532468209,0.15016976341179114,0.02944998313935196,-0.6338738484549787,-0.24762933152228964,-0.3797673853475071,-0.4000629211048281,0.4291003086713016,0.19854759064787728,0.17008609960151627,-0.39736698122355957,-0.43674312279691097,-0.1102256133997099,-0.6122390504376343,-0.26378739369615783,-0.6097863521370458,-0.554737485191351,-0.7199608219441114,-0.3998036252685931,-0.7637874566087425,-0.7646881666021089,-0.02521762310171157,0.2529560695430253,-0.5597154688774099
-0.10364463697784698,-0.17216289523970513,-0.2673045550616604,-0.07280879023562555,-0.3287095909894348,0.07231050438444629,0.3919728811580989,-0.11540516089537976,0.0607692714810327,0.7687972704590217,0.6254292580372545,0.6649607302279914,0.8395638601473374,0.8675792992792384,0.8609946141386066,0.2555257904418766,0.8546902151048381,0.11174766348798343,0.0,0.3453751987112155,0.6826528482296609,0.6278875306969355,0.626297379437011,-0.16938288897468817,0.5250409841438425,-0.2346325842578928,-0.045161324174648576,0.18301072067833032,0.41834488321853164,0.45932605268375554,0.29393787171927493,0.5034384534729247,0.5286078158456232,0.3687143143270521,-0.3681204650941097,-0.32823128083485237,-0.17694366295807318,0.7407001306444738,0.6828077255047373,0.5857554300288769,0.7243974512212026,0.3304837823117477,0.24875750892885062,0.30169180262951023,0.29807637412065385,0.41965162631344827,0.11075808995246128,0.650927622997679,0.14447402806532117,0.26682421060857636,-0.3399132406839265,-0.22491673238169316,-0.14891181717863308,-0.37964328487043647,-0.24073305640480375,-0.03911921224392713,-0.30792551781044225,-0.18885205188424684,0.3873745391731047,0.7760465886697245,0.6786268838210685,0.8616957851365353,0.762773989240642,0.902061311409122,0.7982020685674293,0.8527497057183957,-0.10425126430161365,0.7089551910899489,0.06864522727650194,0.16657666169161287,0.5270165703997691,0.05348546407381645,0.6040976699837849,-0.3574534594743967,0.18781791645825477,-0.08687000622421766,0.38587716328196736,0.090944203928648,-0.07028560758910349,0.18791868151129232,-0.5066101095011878,-0.041434834165223165,-0.16377215537059087,-0.29744894815859785,-0.33054806854580926,0.05044626969115634,-0.4057565628022179,0.09795687209350706,-0.29869245537260425,-0.13718295684843956,-0.3131215603313559,0.2959031330432759,-0.08568655748164143,-0.16465530072353615,-0.3242019247584557,0.27183879331599303,0.26520643649987086,0.15702070438455837,0.07736172084410185,-0.02298176516166229
0.6497332824247433,0.7340087555393732,0.6433198375524016,0.7505520007180737,0.5890574887503566,0.779377177236953,0.8323240624184672,0.6689512341051264,0.7583071174265815,0.329203673634934,-0.030626769813539557,-0.017238950888791616,-0.022632310972892755,0.04153670270568857,0.13705873305397528,0.8264222353328593,0.38855718236549913,0.7057946129639742,0.3453751987112155,0.0,0.4782870947146298,0.42693322249723803,0.46689991359063,-0.00030053038450077624,0.17238356633089277,-0.23659153208031555,-0.161129910925486,0.15902000748049305,0.538758897865502,-0.19043357012872159,0.1213187144907508,-0.0014001816687008559,0.5126919396220595,0.8212027240847336,0.0744962812353454,0.3663200156058427,-0.013952458268822727,0.1326827214730887,-0.12760649311058522,-0.2181014871451867,0.12428834515291183,-0.286460689813106,-0.3413485056033656,-0.2358267664860215,0.5459109978497307,-0.46875243145834666,-0.32339880488066863,0.10700702757727612,0.4096606325094297,0.06927970720020075,-0.11589527691080129,0.5935692486167667,0.34352510266086156,0.5067601033581752,0.6174804485266836,0.6718643580260234,0.3725018003599975,0.5445055066673151,-0.3107653604948054,0.10183489247504071,-0.0447008705345172,-0.017669544527688333,0.1765089699052887,0.23976237580675183,0.4296950125195764,0.22210958111733137,0.02117314711969662,0.39096464012607357,0.5915551438633676,0.6661864001261347,0.5666249283579221,-0.39462788392525827,0.4429836556270995,-0.48441864612272645,-0.0007310044366030749,0.016087789476822455,0.44293645421958516,0.15033299113897233,-0.006861166930008638,-0.7071499643896516,-0.25569013176227606,-0.05414337206836949,-0.10730132658748494,0.23459507040254748,0.37036545559363704,0.3754803296273119,0.05276994067495905,0.025262365070187122,0.3661050511083438,-0.37794437099051786,-0.4732017641488294,-0.6470254780822935,-0.5236004344917556,-0.6493263069453185,-0.6961302155926832,-0.2654031931102997,-0.46124456834671484,0.35723112833331383,0.4387023398393464,-0.006475215300449626
