0,1,2,3,4,5,6,7,8,9,10,11,12,13,14,15,16,17,18,19,20,21,22,23,24,25,26,27,28,29,30,31,32,33,34,35,36,37,38,39,40,41,42,43,44,45,46,47,48,49,50,51,52,53,54,55,56,57,58,59,60,61,62,63,64,65,66,67,68,69,70,71,72,73,74,75,76,77,78,79,80,81,82,83,84,85,86,87,88,89,90,91,92,93,94,95,96,97,98,99
0.0,-0.39250060912514056,0.002315562176492221,-0.6831414526427095,-0.18758491888076487,0.39264255824764727,-0.004919920687193413,-0.45779991577669454,-0.145754013987161,0.09027156244086454,0.25761968200672614,0.12010805197662876,0.3377622577574604,0.2353637624157983,0.041485781960846485,-0.2544287121222998,0.2482054760867388,-0.1296607811925164,0.4597530989843448,0.09401170779325818,-0.08554774852713692,0.3309178829978074,0.18737294633613277,-0.42665562467615303,0.13579921435442324,-0.30695177370764676,-0.20730946490342658,-0.07935409476557732,-0.1954988303939054,0.025874183232907515,0.33830372749816773,0.17259134409058838,-0.10084825068927476,0.21484536076499514,-0.3792747382868354,-0.43866799583649574,-0.40572986555078283,0.0424178928801951,-0.3441167151346255,0.025723612420656877,0.059668335635970945,0.0047033207516007525,-0.13558902325676175,0.37147929304757105,-0.10216083619495447,0.08571447970636267,0.05318369181487939,0.33748006697687793,0.8399062439640901,0.3197467929777421,0.6704238466243722,-0.04207057650357994,-0.24756773558051398,-0.4132440503455072,0.017526641655721372,0.2589412060965251,-0.14342095493972334,-0.2274372887828215,0.2593789655063544,0.302072451620044,0.03357347771502896,0.33233382461029887,0.11239754681011935,0.1779686896711026,0.04097900855277454,0.09374066065116743,0.4029354814308521,0.12554562784498297,-0.1337794233919552,-0.07945442194742013,-0.1380021676093619,0.0648210873183059,-0.042237014086004984,-0.017429726620819666,-0.0710480893597317,-0.22103127333778258,-0.17914878068411177,-0.09782895132592409,0.6065383755739922,0.3301608726570936,-0.46347360223630313,-0.04324069031454159,0.0377419951554735,-0.14248645596306764,-0.5633906845119535,-0.16138883900768058,-0.39281320798071656,-0.03868210739697326,-0.16819129537710945,-0.2798617405526939,0.3773529877989348,0.5109598699658598,0.12145173800011919,0.2121712396595124,-0.3885586224607026,0.22733358206579293,0.1931526440227834,0.22199838939567657,0.834936991425635,0.5381654895864777
-0.39250060912514056,0.0,0.5371948362783024,0.7547562625397806,0.8793707378505095,0.15451315293392598,0.5689845313543788,0.8810246347978391,0.6514193285217011,-0.2114122884665377,-0.5496098151561238,-0.2188398908908856,-0.259172059817106,-0.6663614627284761,-0.42779584487140215,0.8329631104538412,-0.3785656351978045,0.7126485835350082,-0.638972932255812,0.18741173663293256,-0.006445237125731747,-0.30931613290516574,-0.4330129805127122,0.21482589137776248,-0.28729242250372933,0.18794996788841667,0.2634843613550758,0.01651779879970932,0.10908119058048027,-0.35744649584248267,-0.6635723082225301,0.14840931638426974,0.005860875031780555,-0.1922573811924288,0.28930884106705573,0.7202870089431654,0.2663869139770863,-0.025881788619088995,0.310103581946937,0.017153822238428602,-0.15680163932109342,-0.055841450016873725,-0.10509681427121761,-0.7335763523334847,0.2799351627196074,-0.16694242546307161,0.038939778990706116,-0.44444160305089225,-0.5282197516398076,-0.4125488407361812,-0.3118407136186337,0.6733344136146125,0.7399759472360834,0.746229442447321,0.5901749727584684,0.16499482164197096,0.7821610120254903,0.505722472947459,-0.37772228141075337,-0.5426328893995526,-0.0477168544403927,-0.3866430967016274,-0.2881429008839589,-0.5848736840874998,-0.4466909625479782,-0.5035354959486013,-0.44643335129238626,-0.23533039713951132,0.22898297400886758,0.6752210544499885,0.07839479011993114,0.04316723521300338,0.08922921124436432,-0.22899110798040234,0.092670761544242,0.15740597707377338,0.05788848580984526,-0.07138132341623082,-0.7427886176454889,-0.26190286970038423,0.3326413024532757,-0.03930624533787063,-0.24747455707012894,0.042405294715433,0.3505155297054459,0.1183034170660324,0.3350359283477024,0.030374960863169716,0.42224656064283295,0.06869923235764343,-0.3350982232721924,-0.4715684727446749,-0.5318825524389056,-0.340656143496742,0.19227254903568375,-0.6803815838459908,-0.3721641588301003,-0.34935399874896367,-0.5534752405439091,-0.5448678860551781
0.002315562176492221,0.5371948362783024,0.0,0.11400147234379492,0.4952443554937453,0.846921899185611,0.7486599126651756,0.6097997674220016,0.8821675262009026,0.4783408426726914,0.1608186210563811,0.48958740780777715,0.46182181974475256,0.002615722097288258,0.25606176838157296,0.3281359748364694,0.35436422427139314,0.7334593960743105,0.09852167100415375,-0.1571464476453188,0.5824587021217202,0.05781172499229794,0.23017423680996302,0.5705277957805663,0.41758373055411696,0.6555830108812669,-0.5058861634770341,0.6568369717897651,0.6799433020509648,0.3379126918281595,-0.5633410582785651,-0.3752168721815373,-0.6819687400539278,-0.5620524887540226,-0.4396458873389729,0.30897981220433657,0.0111905471525996,-0.5268362467359649,-0.4020875641982051,-0.5985733315069696,-0.7297204074677287,-0.5313116355209543,-0.7381005419437804,-0.7282514330007737,-0.4121804453279786,-0.6871051964385744,-0.6288209325884149,-0.6725863935960273,-0.2842497652522922,-0.7654124378495937,0.22053363947025686,0.896499273882108,0.6852677956137131,0.30884101450059254,0.9347939193570661,0.8840711199769122,0.8171827419317127,0.813592468811829,0.34359337919039484,0.16406730516176082,0.6201894164655931,0.2707830928546423,0.42044221541103993,0.07544651042576213,0.16652921579910407,0.18357796928512327,-0.7172969265858428,0.49205778249055027,0.5527389479863215,0.5259831783693503,0.6471010388523581,0.3901903052405122,0.7325759476403092,0.35724944999514746,0.7311606427842279,0.6978897021852186,0.6561624106686971,0.6082331228911316,-0.5386695596303067,-0.4979119127570699,0.5635844205288056,-0.5376134478793432,-0.5884455997141627,-0.27772681445482295,0.1025194905357143,-0.5428945804150398,0.1065722395755584,0.3986219750807533,0.43712908120360605,-0.22716762384937644,-0.715698708648298,-0.4684817616164043,-0.676996431146118,-0.530117025635596,-0.1718796280114143,-0.7338402800684833,-0.741464878028923,-0.522096934531685,-0.04869930990979417,-0.6975134111322207
-0.6831414526427095,0.7547562625397806,0.11400147234379492,0.0,0.5940807621932829,-0.29785572532105536,0.3898173194529435,0.7911962177731047,0.33121639325016883,-0.2679483906476231,-0.5159826794427947,-0.24768949209614338,-0.4093720718288227,-0.5474446554082953,-0.3295591033246041,0.6707103315606673,-0.37831328023801236,0.3666171866890263,-0.6430918394119168,-0.00399788719324155,-0.026922385799516686,-0.31655552768041234,-0.3812427329210248,0.30305155994118244,-0.3226010783597592,0.20488426913939342,0.3709796333404122,-0.09247643493049405,0.059077966210365214,-0.2880312512314269,-0.610956757986889,0.07864646638300933,0.12727082649359592,-0.17730886639714427,0.37871252196173955,0.522431272423635,0.2429663432816858,0.12048185078117438,0.47845244224838557,0.14149357801241608,0.00649342994434384,0.018121965779544263,0.06812919063085192,-0.5704749158900757,0.23247227442039234,-0.06570393477704349,0.11557582272511187,-0.3996601489152173,-0.6834227995746784,-0.2870403637719775,-0.5678177637922946,0.2699825180669724,0.5308067252285362,0.7678177567473482,0.11126547393607214,-0.18321550950860319,0.4638312895415691,0.34521134751371796,-0.45620385626853804,-0.5337905242357676,-0.15427642119473772,-0.48397545848013357,-0.293541029497264,-0.46123496444726814,-0.2984071041676313,-0.3557078578885422,-0.35414380084081915,-0.2942230095341677,0.08464167494997697,0.33984189734315795,0.03899540054037016,-0.03955503104583811,-0.03465722869333958,-0.19206230541233546,-0.021839431750388945,0.08600458685464944,0.009427768203861469,-0.06765461691714936,-0.7732934094381122,-0.3134555036129122,0.30399842018305717,-0.008793726359059499,-0.26495087439819,0.0578364888572736,0.3998238132957711,0.1887202522400397,0.29199674781713614,-0.10603130848136348,0.16873486375541638,0.10430551246706846,-0.33136468768439054,-0.4893408531837675,-0.3044380276720455,-0.34080127021172024,0.3465230615497736,-0.49700831427587305,-0.28490562864469776,-0.35466532916473903,-0.7358543743671023,-0.48234865640688734
-0.18758491888076487,0.8793707378505095,0.4952443554937453,0.5940807621932829,0.0,0.2999247490146722,0.5401614378080222,0.7662314832024975,0.6422061591063603,-0.2000802241783855,-0.5339932595533632,-0.18777105000298774,-0.09074640238052813,-0.6151585144540024,-0.45723086493319387,0.8016915048285759,-0.4271914468176604,0.5548363195600199,-0.5977905169200862,0.18149298514189352,-0.14564276820788666,-0.4159412719033203,-0.4863843726541657,0.11082140797257171,-0.2635343257547838,0.13964345853143095,0.2584061608121285,-0.004138236467117619,-0.00014487858898137217,-0.30178347559614666,-0.4618272313984565,0.303044091312604,0.0572644203153016,-0.2584576709234945,0.15986683285856976,0.7090810600719577,0.30977126619196316,0.19517495836085447,0.39753875691092794,0.18878387605896071,-0.12262789487304146,0.162150304775922,-0.03751902995408353,-0.5625187586779941,0.3691803672646941,-0.020761755826025366,0.12545076070670347,-0.46092024284208816,-0.20433961223229688,-0.2029479011435927,-0.19029146860422416,0.6015852662696813,0.610804593411972,0.692411980788095,0.6400608555030879,0.20641845841975054,0.686819337059819,0.447960287170798,-0.34012620557634626,-0.43925610085554007,-0.021490427231320386,-0.1779891125895522,-0.21505106892021236,-0.591469970988962,-0.4940640859847734,-0.5541754741763233,-0.32903919735560855,-0.3296613730646212,-0.037868757763787966,0.4124310734476927,-0.10009246664053557,-0.10700711459512807,-0.05786967462471555,-0.07945695588999996,0.02870617926328563,0.06095267037308826,-0.020749838764386793,-0.10555712225232503,-0.5747797929102196,-0.03342865112924049,0.09946417653918055,-0.13390855196175808,-0.3223956932662204,-0.174749010712607,0.04112767522262669,0.06663735440545832,0.31252500856633203,-0.04287583236479908,0.3548623846203368,-0.010471200404337471,-0.2507750519086254,-0.17441903472274578,-0.26666904021064713,-0.21001625211996539,0.3469882069363874,-0.5842238589277386,-0.21600549930264207,-0.43049176643155007,-0.29401816593786206,-0.31103090670577443
0.39264255824764727,0.15451315293392598,0.846921899185611,-0.29785572532105536,0.2999247490146722,0.0,0.5678144081997012,0.21548365724867294,0.72764381126142,0.5478156332656179,0.3760664138595006,0.5727797283120829,0.6753914615498037,0.2665182991878929,0.3730211457914243,0.03363558187337343,0.4728282139436669,0.4191869171164565,0.384567272514549,-0.21845258577959795,0.4872207479825231,0.15125795411143822,0.3017286454249131,0.341763466211132,0.5433585791730208,0.4857240236279434,-0.6298418814244611,0.6121026607612821,0.5535518564857421,0.4226958745800978,-0.19124588001791162,-0.2729580841554806,-0.6614579153037088,-0.5009508052435839,-0.6721648415137982,0.048588514791538896,-0.07650675414567434,-0.38607684381280344,-0.537299078908985,-0.5175127217452258,-0.6469744082858513,-0.42214629482444144,-0.7135700570766347,-0.3330303418683505,-0.47236177611839075,-0.5448826922454008,-0.5896378242073659,-0.4800185525779209,0.19929242309976755,-0.4721201753046597,0.4897034908754852,0.6940308821788158,0.41218751751452926,0.054443493440882326,0.846482096609967,0.937620556398024,0.5470259595984863,0.6425657402194163,0.5077453928642642,0.424489151266087,0.6499804374892315,0.5627762354406853,0.5560866688567938,0.29369144706939404,0.285074662659977,0.3131042169961439,-0.4735337026153906,0.5469386274723025,0.3371579886623102,0.17740238592316165,0.5013109706693843,0.27495183510540927,0.6105700559675136,0.47073310769296006,0.6485299666414138,0.5537719410638144,0.5551194052352171,0.5713808185044399,-0.11966055709615811,-0.22768642073269843,0.24691895479510179,-0.5777259562418686,-0.5438035826776496,-0.41157099894755783,-0.27046328625012683,-0.6330775358914525,-0.049935277146281945,0.34588626956539203,0.25501549804664697,-0.35467833439038726,-0.46987162277047384,-0.053914748440574166,-0.3718837372288511,-0.31516206262561003,-0.24527265500480938,-0.41948121817007045,-0.5048233195950059,-0.43526473884751193,0.36582418377238113,-0.31805952936099746
-0.004919920687193413,0.5689845313543788,0.7486599126651756,0.3898173194529435,0.5401614378080222,0.5678144081997012,0.0,0.7730219707490399,0.7432240473192663,0.4130314982672468,0.0728479449292788,0.43572559898302465,0.4119655166802615,-0.08633744492123842,0.1841886796930786,0.6162223874265981,0.3004266779176205,0.7370274953722947,0.013575653584355179,-0.020766791135179836,0.5296844789319032,0.0871587905132662,0.26215143826629567,0.6240991804666797,0.31783642660570327,0.6474836083007816,-0.2248756272588064,0.48844744666937256,0.5897194228228637,0.2292001371783465,-0.752012530452551,-0.36635982127849787,-0.513549136743009,-0.4310587587069043,-0.2529471267329778,0.22726730622083452,-0.178617998657356,-0.3242391426406549,-0.10179395876718293,-0.310508317021554,-0.505904710327742,-0.4660399514035671,-0.6195499907345923,-0.8063143558263856,-0.3159092471905308,-0.5918700796885273,-0.4008756115521683,-0.6159665497672047,-0.29040897572024554,-0.6476987313721065,0.08330768383850674,0.6902109026937008,0.7163342081339116,0.3875662354932926,0.6753736782004228,0.6600259428118952,0.7605079640054536,0.7439709321539978,0.2624573606550544,0.08132077116655631,0.5312125306530218,0.1865295266756503,0.32527748146945157,-0.008820868148124694,0.13323091354629565,0.16363190359196406,-0.5034621711656957,0.32915483221796304,0.3786955931409831,0.4672558803376477,0.58380447670678,0.34096060222852287,0.6161212266729261,0.3335012488686779,0.6396104123717408,0.600284513540188,0.5744618010758494,0.5381328073404223,-0.6424288993454352,-0.6028147945687318,0.49929117679671203,-0.5261111152062544,-0.745406939133932,-0.35458241483933156,0.08071150605037347,-0.4748722740971143,-0.0871148204450572,0.18076608012492207,0.261837710011888,-0.1926678142787405,-0.7458569520037138,-0.5397150720433038,-0.6085911659766324,-0.7153129624086751,-0.06463076341989897,-0.8417592050200792,-0.7394358003301547,-0.5506897870342616,-0.04546513734019749,-0.6240984110561653
-0.45779991577669454,0.8810246347978391,0.6097997674220016,0.7911962177731047,0.7662314832024975,0.21548365724867294,0.7730219707490399,0.0,0.7168198796744142,0.03731763070156292,-0.3440575618442678,0.06117113264000394,-0.031216573073303496,-0.46418691570234855,-0.17379055189732698,0.8062136976206463,-0.1289685833263516,0.7404968893949352,-0.4709992384544398,-0.055485336781719005,0.24665500334097368,-0.2730172826509243,-0.16679878704565376,0.5100574832727883,-0.07181155849871514,0.5058969132558049,0.057111189882096784,0.2536869156443256,0.3614669709298798,-0.0606656690258609,-0.8021584633480312,-0.10388999590227342,-0.24334982793396961,-0.4663238077271602,0.05904723255595798,0.5450836382198494,0.07779323004709916,-0.12195364309315561,0.25975070800940236,-0.13219953137610588,-0.3954063263314524,-0.20520135283488875,-0.2838135118430293,-0.8770215065458147,0.025281266095957256,-0.3875022700395014,-0.18575175120002882,-0.6996479230193576,-0.6414518692795229,-0.6205822552852055,-0.3048335542591988,0.7110584535490887,0.7981753017205867,0.7269808753563949,0.5930074112700927,0.31595976793282343,0.8512329559889984,0.6832499104138202,-0.17455384829714976,-0.3375818328131877,0.19867147129176702,-0.20039597751649488,-0.016707793709337383,-0.3828798359860718,-0.19760124035840648,-0.2327994888657981,-0.6290875581378021,-0.0017919730488727922,0.27009544669944546,0.5776309188032859,0.3328527591602314,0.17225187319804872,0.34365407890154287,0.06056795785275922,0.3546623659209944,0.3995982610980333,0.32670208357103475,0.24905688378961444,-0.8903292277049057,-0.4724567011492305,0.4647587444927998,-0.35246137053492366,-0.5767336499802547,-0.21128887840514704,0.2600242340639479,-0.17858169029306684,0.15834494065733093,0.030608052837353766,0.3052574348250296,-0.09400254322312729,-0.6507028099509052,-0.5892537555975321,-0.5531757015222877,-0.6202050743026357,0.27783088102847825,-0.8642597895212071,-0.635080077369989,-0.5908822471481762,-0.5351883580076352,-0.7364303879319065
-0.145754013987161,0.6514193285217011,0.8821675262009026,0.33121639325016883,0.6422061591063603,0.72764381126142,0.7432240473192663,0.7168198796744142,0.0,0.4490037215551129,0.12132750074448703,0.4393711832253479,0.43013786021977024,-0.013976640269333242,0.23419631120063086,0.45008580638031515,0.2180195857672644,0.6264525302009062,-0.044786286245254055,-0.16075627283166632,0.5170620365055807,-0.172678174876634,-0.022782531212912533,0.514874841866119,0.37767114877331665,0.5810580607965545,-0.35770554109451286,0.5551670124499907,0.6265019633762494,0.17044488507963695,-0.5867927160920748,-0.32434972897022807,-0.5149022926818523,-0.5949272532709693,-0.3586917138070955,0.3980538766460358,0.09457786699288517,-0.346137376361689,-0.22020180526765576,-0.44409894550773404,-0.6313542838032752,-0.48383369213676125,-0.6344157671878838,-0.6879808565812245,-0.286917444726687,-0.6031756149765908,-0.5193982674289218,-0.668647194883886,-0.3637824014783037,-0.69382864844461,-0.030897821497032983,0.8719764372387543,0.8045417830186313,0.592466604826728,0.9156071544291214,0.7485200995009024,0.8767601358732834,0.9318528422742989,0.30304827049084343,0.14794773386444046,0.5982304479580998,0.2735303555074279,0.4177046170864791,0.07847166095213122,0.1797713526665136,0.125041125455826,-0.7106292288134985,0.40672474895810046,0.47276009670199326,0.4532966007841099,0.5708748269967477,0.2391844139964164,0.5796619357484903,0.3968660338127722,0.6577584029733137,0.6511544548025459,0.6079660764888244,0.5254951527584809,-0.5676173922683407,-0.5230408052268862,0.5112688037131903,-0.506753509826954,-0.5975840217567068,-0.2391178716262797,0.12375816335324583,-0.468299738160071,0.14338665712560356,0.3366923646095818,0.37046966953804666,-0.22307121935989016,-0.6840275423966706,-0.4106864350097911,-0.5254231692682857,-0.5410939868666985,-0.07866148660450427,-0.7128197091574013,-0.6897257607118701,-0.561173796449242,-0.24768556485725038,-0.6817163532640289
0.09027156244086454,-0.2114122884665377,0.4783408426726914,-0.2679483906476231,-0.2000802241783855,0.5478156332656179,0.4130314982672468,0.03731763070156292,0.4490037215551129,0.0,0.8764525945162349,0.9762391432521372,0.9008934427803664,0.7906505544783586,0.9225438261132349,-0.2547039927954954,0.8623810387795027,0.23650976734630494,0.7081199042449494,-0.34327522698002316,0.8967745778836732,0.29240577225655173,0.716200984379365,0.7104082138197519,0.9643920065280923,0.7550025627438405,-0.7808831487664992,0.8928262250989423,0.878474365886104,0.8026700104497302,-0.12043571281567479,-0.7544961150516036,-0.7938482446941489,-0.3900879973818324,-0.665969978905307,-0.41285716031353215,-0.24167383972288953,-0.6664175915495169,-0.6592573170262729,-0.7450195672737709,-0.7203793806965125,-0.7248013304838744,-0.7808205885016938,-0.28025518979104763,-0.8083550176133729,-0.8194736365131591,-0.8436267448685337,-0.40113696924672027,-0.15724298586300708,-0.6578633025755222,0.4158883823620318,0.3571474708399616,0.3013244881292774,-0.07487258489134546,0.39142793304175266,0.7066836808310442,0.22481396966518064,0.6060090860091532,0.9553204599248412,0.8848545248320229,0.9662651377900794,0.7960479262614472,0.9368669792035268,0.8025478993076686,0.856745121225506,0.8713570533842527,-0.45672115964882337,0.8883954653587744,0.6136732340519641,-0.0032427101662239935,0.8601272274355927,0.5075151486017276,0.8166009439020844,0.8626953635391745,0.9140999812200802,0.8862668314816349,0.9180461874627374,0.9115876514353267,-0.004504400621441066,-0.5914481550983397,0.6011934049497982,-0.5587672801559876,-0.4901242439471139,-0.1756455197776373,0.09644614898862214,-0.7322730365241213,-0.14252893943082887,0.615902635933321,0.012386950300371867,-0.2600700049555583,-0.6840973981191488,-0.32755793195207933,-0.22836281789135496,-0.4635847597924316,-0.43271500536196816,-0.24478934611884373,-0.6613524102709406,-0.28843868720721155,0.2158995286228927,-0.47574964274308484
0.25761968200672614,-0.5496098151561238,0.1608186210563811,-0.5159826794427947,-0.5339932595533632,0.3760664138595006,0.0728479449292788,-0.3440575618442678,0.12132750074448703,0.8764525945162349,0.0,0.8704775875767393,0.8291205327040615,0.9708953543422473,0.9620374793956415,-0.5477928855051168,0.8974111191544689,-0.100443188346594,0.906094412325563,-0.4213916915978681,0.7503969509227222,0.39223365491231443,0.7568934302959491,0.4066960562434176,0.8798044170271223,0.47192534100015426,-0.7477081622008732,0.6528019681574004,0.6539735273687616,0.7462390225596276,0.155832412011723,-0.6592798420624562,-0.6409066987373542,-0.19674674496233485,-0.6773517560088932,-0.7170224577551817,-0.4340478524018986,-0.5545781039610788,-0.7223074830526803,-0.6352829708224296,-0.5031313430899351,-0.6401953851743148,-0.6136024945325043,0.10804239849693993,-0.8145754124329896,-0.6208847304111895,-0.6960959818772511,-0.09476852382646539,0.07313328559337008,-0.360394653085449,0.4509515291510869,0.02857634756513575,-0.010613868176963085,-0.2687323477402075,0.05721428365977438,0.5092426009486002,-0.11088365189972037,0.32119898611528663,0.9365776444896123,0.9709420214851924,0.7800042251711587,0.8003126550803791,0.8771007983831522,0.9683714404572272,0.944444934134323,0.9542111675191491,-0.18463886612326558,0.8877320311121715,0.41945663419117024,-0.27612625120489026,0.6773508333902041,0.329811920765363,0.6148182763254945,0.7133103484904398,0.670870026107527,0.6147416678871167,0.6900748256852698,0.7436086266828641,0.2965716220961779,-0.3759570308171937,0.2878661301646253,-0.4451601844506582,-0.2823505261751304,-0.13849097882755929,-0.07234206583676359,-0.6645613247220628,-0.38610359237922215,0.41045665582018426,-0.28725913898063005,-0.307313476749809,-0.34313544130979007,-0.047790386566002846,0.022791657106129445,-0.29244249215243695,-0.5189917969345126,0.10305091720566043,-0.4010630739168804,-0.08806009661657263,0.3430767085525861,-0.1683762798328229
0.12010805197662876,-0.2188398908908856,0.48958740780777715,-0.24768949209614338,-0.18777105000298774,0.5727797283120829,0.43572559898302465,0.06117113264000394,0.4393711832253479,0.9762391432521372,0.8704775875767393,0.0,0.9142753540692146,0.790508804874238,0.9167258121786455,-0.2709643450774742,0.9068257601232755,0.25425887093229105,0.7465185743472375,-0.45072585347786615,0.911008594083177,0.3208554300262906,0.7643333139785599,0.7300903066306393,0.946630396704019,0.7844119513148914,-0.8488520776834634,0.9022475047829909,0.8863183058033399,0.8676772874471701,-0.12754906036129124,-0.7076098687041187,-0.8658870261413234,-0.45647338618615246,-0.7645159809655936,-0.46671240181841295,-0.29598659567258767,-0.6697541542080381,-0.6890161273305478,-0.773910633280984,-0.7726575848465542,-0.7239116519820019,-0.8249354569748198,-0.2861740082557564,-0.8663945563607487,-0.8527943071428119,-0.884044711971152,-0.48393042877862963,-0.12442951413991768,-0.6698930352341707,0.47525729863693944,0.38704833291672197,0.30644719462032105,-0.03500547234274773,0.38771989036824656,0.7495485993867215,0.24763717678463582,0.6120417735816657,0.9157944764775761,0.878253023828564,0.96012547421292,0.8010728473136186,0.9436577046597078,0.7938456586029234,0.8459964420355023,0.8751940313590744,-0.4810468310445164,0.9051314096947142,0.5771694366147011,-0.028813183842139052,0.8687619715741851,0.5203272081773204,0.8443873011222508,0.8556442874083061,0.91738007511291,0.8763070870408709,0.9130140969025993,0.9366360372525129,-0.04156948596745325,-0.5425271361201682,0.5597763078675164,-0.6356427219996705,-0.569909413283643,-0.26378467124005156,0.010344505934003276,-0.785272806512545,-0.1888011824415566,0.5688350506747242,-0.030508455703902985,-0.3261167181183511,-0.6950564711053039,-0.3089492266324509,-0.2369658102966844,-0.4806849856430739,-0.390477397369688,-0.25881414486876464,-0.6899198798131304,-0.3685091052455703,0.26487314356598496,-0.47170112701116634
0.3377622577574604,-0.259172059817106,0.46182181974475256,-0.4093720718288227,-0.09074640238052813,0.6753914615498037,0.4119655166802615,-0.031216573073303496,0.43013786021977024,0.9008934427803664,0.8291205327040615,0.9142753540692146,0.0,0.7648211500887993,0.8134974636769347,-0.19827440486932457,0.7765679787399216,0.15123036092769437,0.7165742440442072,-0.3656582605758473,0.7122951815751563,0.18248696035254908,0.6445201824707294,0.5126779522415278,0.8641057480384281,0.6437183119263744,-0.7363854725085063,0.7816903626916443,0.701710030200022,0.7566393779544688,0.013730754687238214,-0.556845659951449,-0.7131165965070663,-0.43143726010320743,-0.7652111486809889,-0.4486743907134103,-0.358496327440565,-0.43230482047284485,-0.5574296141784996,-0.5549529242683343,-0.6754187633558638,-0.507480157890823,-0.6758905489678617,-0.15487066163394206,-0.6893293640660935,-0.6532632728838087,-0.6909702606022539,-0.3972602620890286,0.13443138327207646,-0.4608842426053219,0.4929906957838862,0.32437275403295723,0.22033817257807287,-0.09112672837357982,0.4282056245038761,0.7371324557140914,0.20299342619728566,0.5314672626483707,0.9054862645048296,0.8957779987554255,0.9092783647770618,0.9381098281580703,0.932747196758494,0.733094717916501,0.753203979896635,0.7659026182105145,-0.35951807208005304,0.7951417173451534,0.3353497860682385,-0.1612820024600247,0.6534303459753587,0.3171509364247793,0.6517985457515417,0.8369655449566794,0.7888563208534204,0.7114335383985536,0.7648883611225975,0.811472460422598,0.10516910855424517,-0.361282667358199,0.29382535623570605,-0.6704283533161534,-0.5646121221711107,-0.40978902930438843,-0.2358984251271535,-0.8009336945204193,-0.33390966108681547,0.3899719346705603,-0.14598685023102895,-0.44112422858265854,-0.5486982709335988,-0.04557936013767109,-0.06834519414939352,-0.4328787114706015,-0.30817945440659134,-0.23341719015431103,-0.5521624971627288,-0.39006050805028397,0.40810442393338553,-0.28482506640746624
0.2353637624157983,-0.6663614627284761,0.002615722097288258,-0.5474446554082953,-0.6151585144540024,0.2665182991878929,-0.08633744492123842,-0.46418691570234855,-0.013976640269333242,0.7906505544783586,0.9708953543422473,0.790508804874238,0.7648211500887993,0.0,0.9324143500515816,-0.6373295056350481,0.8295856595107601,-0.28305028390872183,0.9001259365872605,-0.45980423859592123,0.6372043647432056,0.3253905376522329,0.7062785795995926,0.3179665942749374,0.8163578347538828,0.3778206073796981,-0.6806760012613765,0.5602850318049274,0.5433688470828262,0.7263446090260166,0.3139500192647515,-0.5845423086174366,-0.528333521524446,-0.1900388940839238,-0.6572702171760435,-0.7371877953198734,-0.36778571505310914,-0.4139453967994775,-0.6391631064808136,-0.5204465662157046,-0.39418801653178426,-0.50114998593523,-0.4717930646628825,0.29152152152379696,-0.7446672781180096,-0.46875421587632327,-0.6014944687082966,-0.028933637211135815,0.14357586985758722,-0.20282598697684007,0.3980824964812897,-0.13648900772162612,-0.16057476246260652,-0.32260479715913865,-0.08897432102144048,0.3769033386203943,-0.2722503394363681,0.1964911399454293,0.8664684139240405,0.9547917396500757,0.6806376235117628,0.7913920471161651,0.8384546551291657,0.9800312417422626,0.9291387553062587,0.933876967043748,-0.09310895063456479,0.8091732755137229,0.257927175534879,-0.45066301641953943,0.5497636287977076,0.2114867743078912,0.479409351000794,0.6942905881223659,0.5445097770530113,0.49203985925014265,0.5843118375098508,0.6648862773558878,0.3923955487798922,-0.25129854533704565,0.16337498957472582,-0.40288431849307793,-0.20562735090227072,-0.16613079550851553,-0.14142083735065153,-0.599634350616227,-0.37006871777322015,0.3200279636975498,-0.36120303973101536,-0.2835604075782358,-0.22908628180710466,0.0914068164982841,0.2088189315472418,-0.17246856088647727,-0.4030549229678177,0.26345548913263306,-0.23953418186192557,-0.051325777717398234,0.34701961229007466,-0.03928807698615448
0.041485781960846485,-0.42779584487140215,0.25606176838157296,-0.3295591033246041,-0.45723086493319387,0.3730211457914243,0.1841886796930786,-0.17379055189732698,0.23419631120063086,0.9225438261132349,0.9620374793956415,0.9167258121786455,0.8134974636769347,0.9324143500515816,0.0,-0.45880499253354473,0.9023757140683792,-0.014133719317412074,0.829607795027232,-0.47299190631496124,0.8503667179444534,0.3367877596928504,0.7726484889044546,0.6015623785629768,0.9126493302788928,0.6359062705612437,-0.7613674423432918,0.7566670507061031,0.7890710793713244,0.8083546247651561,0.015928637580124482,-0.7540168411896118,-0.7046564330493834,-0.32920658717492135,-0.6641270327428148,-0.5940369290764161,-0.330372475308289,-0.6020606324258592,-0.6827971713444576,-0.6969442138023868,-0.5926285067136065,-0.6985466265926384,-0.6766623257547709,-0.046611661385979636,-0.8568583129680484,-0.7146586972461251,-0.7833244519584417,-0.2621842591114642,-0.13431276026104916,-0.5070701291990383,0.3335573989795786,0.11186963495401604,0.11123461681982799,-0.1537397894120937,0.12836534006608466,0.5506305542219104,-0.008828965046451136,0.46162661621064693,0.9217322274689377,0.9278609658152539,0.8541962873538087,0.7634035480490508,0.9165890170104637,0.9521993198871205,0.971668151825147,0.9829807878524871,-0.34688641947009013,0.9172448056268088,0.4961594662947291,-0.23105200185356897,0.7959020145623701,0.3627514670340786,0.7200929326949258,0.7866171566699821,0.7848461846312889,0.7535422700126185,0.820358744130097,0.8597001895150951,0.09684529714777099,-0.5198768498016134,0.4622041861230065,-0.5148404267240629,-0.390417971600027,-0.1665449170812037,0.05566328154379865,-0.7029343640413619,-0.2769384130737284,0.4620674515072562,-0.19512913122411293,-0.270777118789734,-0.531770906296275,-0.21698344489131613,-0.07250721698753629,-0.40505956944806376,-0.4414753390885858,-0.02544022386024763,-0.5267247406175843,-0.21361195375897993,0.17248222064683696,-0.3556345747167293
-0.2544287121222998,0.8329631104538412,0.3281359748364694,0.6707103315606673,0.8016915048285759,0.03363558187337343,0.6162223874265981,0.8062136976206463,0.45008580638031515,-0.2547039927954954,-0.5477928855051168,-0.2709643450774742,-0.19827440486932457,-0.6373295056350481,-0.45880499253354473,0.0,-0.42926571690611126,0.5709996280626326,-0.6205807412783451,0.1799189830430845,-0.14963575054117698,-0.39832175766339145,-0.3482355378116452,0.12276543789759134,-0.377106264268609,0.14021627295210604,0.4293829935630165,-0.12875652945148466,-0.06650726806500777,-0.3826497279519666,-0.5736268452648704,0.2530051604782938,0.19196535559843614,-0.17640723888312485,0.3273886711112728,0.5411580559341024,-0.011930640835555648,0.2850082782007121,0.5933384843336219,0.32475785890699865,-0.03371968632978225,0.19595138793654296,0.13533376229493216,-0.6333548834413665,0.3867029952037866,0.036213807597348366,0.2833634837069698,-0.3891792433580546,-0.39063739681842036,-0.2137647792359591,-0.32597544149024466,0.45257494981713364,0.6472937085675226,0.638600534313725,0.3843299125716241,0.015292731447045241,0.6428413398468775,0.3557619373074596,-0.35092795511144054,-0.5017223388318812,-0.10393640795316303,-0.2645364509958181,-0.2866501989662745,-0.5947649275641073,-0.4306639201774876,-0.48854114171392427,-0.30673421544222523,-0.3239672734088698,-0.08872733615396827,0.4230232889031205,-0.08066121324741862,-0.2218813332509509,-0.07550065374076452,-0.17449153710630735,-0.019462393601143775,-0.001490063558374153,-0.05204408970766661,-0.12593161187935464,-0.6555116236622777,-0.13630762239994795,0.05863796222971765,-0.1796279238455939,-0.38012177112383844,-0.2398424089919977,0.061702103544234575,0.011786545186029868,-0.013418492229680477,-0.31939675915062005,0.07101810415603667,-0.11189858592697396,-0.27203691745308184,-0.2530377743666059,-0.2838469835153999,-0.48327376387564946,0.3925166125290726,-0.6912829396120497,-0.2960313201980712,-0.45487675711744285,-0.4712609069425925,-0.4138381431900081
0.2482054760867388,-0.3785656351978045,0.35436422427139314,-0.37831328023801236,-0.4271914468176604,0.4728282139436669,0.3004266779176205,-0.1289685833263516,0.2180195857672644,0.8623810387795027,0.8974111191544689,0.9068257601232755,0.7765679787399216,0.8295856595107601,0.9023757140683792,-0.42926571690611126,0.0,0.2065182993827896,0.9065689494249901,-0.4572983895636584,0.8820556149737937,0.5853689399017201,0.8918365656700147,0.5906494501854824,0.8720734323517932,0.6147999363951003,-0.8533396860820747,0.7570066025244813,0.7863721401418291,0.8405690549530799,-0.04715022985940687,-0.6766178413244087,-0.8504504371924776,-0.2539818920017721,-0.7494907159910656,-0.6466895513738874,-0.42117651667973743,-0.7354855990444269,-0.8267729258694392,-0.8008097249286381,-0.6353360035833011,-0.784059962717752,-0.8146721977871226,-0.11911177458188937,-0.9452720978114105,-0.8028960281442424,-0.8469674225139909,-0.28281968500908905,-0.012949515862120503,-0.5558310941217294,0.5807286782761062,0.24600711171972203,0.14479792340478848,-0.20471365630751698,0.1906132080236315,0.6746521135932839,0.08190800418977363,0.41845056611141385,0.8429303388238428,0.8388193418413231,0.7925692462342964,0.6609212276908005,0.8078958766427861,0.8442255700073793,0.8442861392202605,0.9151465616932914,-0.30900415808886594,0.9257651578607851,0.5676652074176387,-0.032625775036749786,0.8312638823306873,0.5345072244237574,0.8218771602860886,0.641188231810434,0.7845268511046347,0.716451242237442,0.7768941899122928,0.8332450031393184,0.09310442615515259,-0.47277311707046576,0.451972878669605,-0.5116728573761407,-0.4327227915632749,-0.17894249670987875,-0.004897035552385356,-0.7064281769525326,-0.3031480330267594,0.4888743118492503,-0.1135876479588444,-0.27926932367051505,-0.500229529597389,-0.27423337306993223,-0.2642449405374662,-0.3876412683480333,-0.537620293196805,-0.07241629642401523,-0.5716284121112416,-0.1909987412758674,0.37717284617409935,-0.3252302275092817
-0.1296607811925164,0.7126485835350082,0.7334593960743105,0.3666171866890263,0.5548363195600199,0.4191869171164565,0.7370274953722947,0.7404968893949352,0.6264525302009062,0.23650976734630494,-0.100443188346594,0.25425887093229105,0.15123036092769437,-0.28305028390872183,-0.014133719317412074,0.5709996280626326,0.2065182993827896,0.0,-0.1000181680904436,0.09328455413419846,0.46209521819294574,0.20862273648160745,0.2031466409237403,0.5375176296892334,0.17597769410000136,0.510501953105756,-0.2242677309649237,0.46462440603684874,0.5147033583695497,0.16667406515346714,-0.6359313811925852,-0.24160473917578035,-0.5151111726918914,-0.17052485486733412,-0.07259309395129979,0.3362890045084641,0.0033564730613599904,-0.5558881620572244,-0.2102587935495902,-0.47928224560448074,-0.49664981008464554,-0.483819623842701,-0.5539871911771517,-0.8240397010569627,-0.23740715351534386,-0.6167112366106304,-0.4386750488705122,-0.5229601787630316,-0.4384917111020166,-0.7271638880538682,0.17468849505788864,0.7918728672770451,0.692456766442709,0.353446762461423,0.6806868589224221,0.5435713501241803,0.7587675526521291,0.5492749071576042,0.05739614781874163,-0.13428610126520926,0.33481579408510426,-0.07605814316121717,0.0650168128735815,-0.23529834969942937,-0.11270538274365134,-0.061437241000203875,-0.5116763489703439,0.22814737388813777,0.5780734335025413,0.8152539987284215,0.5197477532399036,0.5177811496924594,0.5939746043994367,0.02355278836964753,0.5046287932723891,0.5182902961283589,0.45490771909232985,0.3550471120646119,-0.5823006372153228,-0.4855800667280127,0.6161453708546796,-0.23089048599527218,-0.3949272918676064,-0.00779281716845045,0.3624596623010488,-0.21594376452847283,0.17167568969600286,0.36198147298439626,0.4604103077224272,0.013830474646951356,-0.585845847257153,-0.7001627898435396,-0.7872719732543533,-0.4787888460467857,-0.13682397164850155,-0.7072467194708448,-0.6589129617886167,-0.31994738063093386,-0.14109291252026046,-0.6778370640180196
0.4597530989843448,-0.638972932255812,0.09852167100415375,-0.6430918394119168,-0.5977905169200862,0.384567272514549,0.013575653584355179,-0.4709992384544398,-0.044786286245254055,0.7081199042449494,0.906094412325563,0.7465185743472375,0.7165742440442072,0.9001259365872605,0.829607795027232,-0.6205807412783451,0.9065689494249901,-0.1000181680904436,0.0,-0.37232618575009585,0.642090316744989,0.5697952176323573,0.8338223492259405,0.2679963536608595,0.7474404036950879,0.3113396213433105,-0.7184794784019807,0.5132866593288887,0.5130615437100169,0.7312896543388967,0.24946116940466023,-0.511537334817188,-0.6169122323610646,-0.0792441596673623,-0.7017472313532207,-0.7518147788517968,-0.4428576867271994,-0.517280256029404,-0.7695361083071617,-0.5673445359695178,-0.3674595722854798,-0.5601453778620491,-0.5932303472173405,0.2581022683124898,-0.789933962617549,-0.5004128015061505,-0.6117386926334369,0.0076425775787759345,0.30959978367671237,-0.18594528853181808,0.6174755346946044,-0.05018140558614633,-0.1787952547303718,-0.43153410424010613,-0.026517285434387156,0.4905877649417634,-0.2280708689567515,0.1282600974443817,0.7807796013778331,0.8581322330732498,0.5901442664711024,0.6747191326134906,0.704134507628205,0.8778529206303423,0.7934163700703566,0.8612901832162182,0.006190668836394157,0.7927870952221704,0.2760651040413848,-0.29360184081162266,0.5529436214188035,0.3032499809729778,0.5468671397183903,0.5270124584904176,0.5135958307748023,0.41472306713202944,0.5095392116352491,0.61323862368892,0.40387399490463693,-0.19198652018160253,0.12117121475404284,-0.36305349849679786,-0.20569226883481018,-0.19072370995380433,-0.196577890140852,-0.5707204167492492,-0.40762630493658886,0.31004464693821,-0.2529684926962609,-0.2282009601817858,-0.1618860446739326,0.0579146985509354,0.045186296582492146,-0.12799104366289224,-0.5178719092220891,0.24540980807210716,-0.22474969515223264,0.012670790380695768,0.5743680279506197,0.04341810673700064
0.09401170779325818,0.18741173663293256,-0.1571464476453188,-0.00399788719324155,0.18149298514189352,-0.21845258577959795,-0.020766791135179836,-0.055485336781719005,-0.16075627283166632,-0.34327522698002316,-0.4213916915978681,-0.45072585347786615,-0.3656582605758473,-0.45980423859592123,-0.47299190631496124,0.1799189830430845,-0.4572983895636584,0.09328455413419846,-0.37232618575009585,0.0,-0.3812033050725701,0.05220342237631126,-0.35867078046364026,-0.3115793373783086,-0.3331614281052221,-0.4583514993760248,0.6467191367119022,-0.3998499939299908,-0.3505744862302619,-0.5526750650495605,-0.09255774187143644,0.06927859952223529,0.5116140442411181,0.6664683061662395,0.7304866489225702,0.5000347032904582,0.3940554011579566,0.08628928817997125,0.24260249886306762,0.4076780268438943,0.6496982179553694,0.1639996346999086,0.27630725374203025,0.025137406511368147,0.5867904391223707,0.40239380955216664,0.5041175701488552,0.5962281620221546,0.20696206871172737,0.37906905649648187,-0.2232560838992549,-0.23756850100072005,-0.22334333830925152,-0.2962743631627106,-0.06467268400019899,-0.35921995311870647,-0.18017909037662877,-0.36276428362156204,-0.3143922559771275,-0.41819305020516206,-0.39610581256053085,-0.45727415606463995,-0.5340664678075703,-0.4630600938370011,-0.5296946141098525,-0.481888010276679,0.6272945417957996,-0.5626412559528173,-0.062020701694868126,0.3557954458214602,-0.3681268087946097,0.06357017932269142,-0.37037592294081184,-0.43202932626505136,-0.3783975659367625,-0.337744374203336,-0.3791951308593954,-0.5141993524405585,0.19058923741650668,-0.009160933287767082,0.03979840673466037,0.765249106857793,0.6060376286678881,0.5742070256304106,0.4498926744439878,0.7345890578290397,0.3804910900692487,0.132242695131436,0.5515753877811984,0.7452247539744007,0.3325877007466671,-0.14272128337870094,-0.0916317094137645,0.4379528748377927,-0.17366413176179035,0.11843930855060775,0.45485566914281456,0.6886216492147503,0.14351118988313175,0.37217597103493827
