0,1,2,3,4,5,6,7,8,9,10,11,12,13,14,15,16,17,18,19,20,21,22,23,24,25,26,27,28,29,30,31,32,33,34,35,36,37,38,39,40,41,42,43,44,45,46,47,48,49,50,51,52,53,54,55,56,57,58,59,60,61,62,63,64,65,66,67,68,69,70,71,72,73,74,75,76,77,78,79,80,81,82,83,84,85,86,87,88,89,90,91,92,93,94,95,96,97,98,99
0.0,0.21467734088722645,0.25404656483226223,0.38031658333110746,0.36328264325765625,0.23454136549679558,0.3385523360917377,0.17528287540175858,0.09628808658267353,0.5410538558832594,-0.35007941524515435,-0.4003858416735779,-0.3788776532694813,-0.020154490481419405,0.13857422885965165,0.11531235795080119,-0.20755969308070854,0.1225115819085523,-0.1986183096108783,0.2502638714322151,0.16877657355410836,0.017767928244763878,0.13575610419670364,-0.32288654661210536,-0.019664896295026386,-0.19801550679935315,0.5415879032193555,0.31267801641291076,0.03627015133108725,-0.19468951562881073,0.5330429358411048,0.5822764730968504,0.6458615367549614,-0.09768109721142167,0.11644298054746928,0.15650749234452627,0.35044933901746333,0.6533929093673343,0.26211324143762105,0.3158094753987233,0.4410796905058386,0.44471919410825184,0.0565367049697531,0.4692007063195694,0.5678482722437099,0.591823328118102,0.4319477525124495,0.6461966482900263,0.7455742797492397,0.6260424205000814,0.8874173321895128,0.3807105761025236,0.468102249186272,0.3365952487931691,0.13920674539826872,0.19583679819803454,0.22552608744805192,0.15064968737695825,0.1098916525818319,-0.04718564349877959,-0.32738112388987767,-0.30204884627916717,-0.16451342422734808,0.03892079284380709,0.03271181637269888,0.17193598231571158,0.6709633741059886,-0.09989960138799521,0.06129186583163758,0.22295296423663247,0.07364827286164281,0.19469638370368783,-0.05013767407701596,0.17559781434527671,-0.3074110622655361,-0.3485008171828744,-0.13465570187847312,-0.14836295094998275,0.6916755924054014,0.5888691285962349,-0.027820048429313182,0.4281141330514798,0.4720657552811291,-0.21545622131741057,0.10440548780835168,0.041814055478713516,0.4509214350326431,0.37408177965650524,0.18317721266012502,0.32212603063189515,0.48703812749435765,-0.01205881894654352,0.15767696831203937,0.6605161029412742,-0.1722990218327068,0.43827911613454595,0.5297336402156565,0.45916322168433804,0.525819900939529,0.6052494860527646
0.21467734088722645,0.0,0.8475153382531367,0.8193291649021079,0.8792972179110856,0.8963783592582725,0.7467199196591701,0.9308913237106266,0.9213071115615113,0.4150048985740661,-0.4357314446180497,-0.159876524307315,0.1983105033133825,0.537724706124809,0.673079067445921,0.8247055414379608,0.4965731357805384,0.9038474855722327,0.352384610180364,0.8872636162985512,0.8046629563245862,0.5978464592651169,0.6796879368816728,0.5816517299730124,0.2967477057361725,-0.03257252321774142,0.40141836604031206,0.5990174549612605,0.7558529851045298,0.5662241241383651,-0.3340877198036923,-0.47742673302010413,0.06032734748359695,0.5566206202090895,0.16002558912318346,0.9331400870235361,0.6257830334016226,0.16886573565715593,0.5998561763882563,0.7298335374270627,0.1149458905204666,-0.1891226786903535,-0.28018274018485634,-0.3484488470186341,-0.05071305045052281,0.10264997650744888,0.2106107025655188,0.0477652826831507,0.23001640046715688,0.3916457005982502,0.0723331050066501,0.9420540399504008,0.7340252909038963,0.699155465429246,0.9214508195233435,0.9298738471698752,0.909269824307442,0.9278114150847134,0.766085787893978,0.48433186229720593,0.4727057030643393,0.3015243094388191,0.5587899933149293,0.5220904352656917,0.6337920455704794,0.6168662402964191,0.5633401998342743,0.5939036593312723,0.8022183938562336,0.8740404272340417,0.7616208105864549,0.7312121775439896,0.5437724038675882,0.8402878762093231,0.6573892100287936,0.7095330027348418,0.7135673083199885,0.6692425299872384,-0.04339258675819817,-0.22071996080547351,0.8143463056701746,0.6108603201842876,0.583965898317837,0.19532131482710702,0.7642957716771431,0.400308583629766,0.6072074588123767,0.6060975411008538,0.9247618950318146,0.6328026224411161,0.5400680843626791,0.6852006283964611,0.6530731643554402,-0.08726397048336795,0.2533648138501284,-0.1713356568484764,0.3511734478414154,0.4111266147735263,0.6171184526722884,0.312387291493038
0.25404656483226223,0.8475153382531367,0.0,0.6042274654511784,0.6613992486414434,0.9417059408092958,0.49329940524894295,0.8957583966558447,0.9129604186083968,0.38219877461571516,-0.09439337501632046,0.148165745242979,0.3612184360422613,0.5841556670251575,0.7152648982569587,0.5956449835187819,0.3532941403002672,0.7506078229364104,0.3322663506367197,0.7150923550794498,0.7041927253665312,0.4462072880079134,0.5147326480944738,0.46352064927721187,0.23572194455300374,0.0725247364236223,0.07896358981226259,0.32048180743257215,0.8306859423304728,0.4774164268409852,-0.13829511916957699,-0.3127476823173386,-0.13985260452982423,0.27936568918999377,-0.17690978463886417,0.7945424756523571,0.4295276793667961,0.10003895353968506,0.4486498325229792,0.6229393805758335,-0.14241399946625222,-0.20750196324154405,-0.4051160199244598,-0.4436589981082701,-0.2740660888420409,-0.14698722477893822,-0.08018893666907695,-0.15849091106710025,0.1897638941503291,0.28581894100373856,0.10922359424514763,0.8960827243975723,0.6586387637401057,0.6089872699746169,0.9142981485933186,0.9352485282674972,0.8915352668657857,0.9270988091368682,0.7486491072680351,0.5055442046494277,0.47665430146934235,0.5087293915103787,0.6565679405654802,0.5813020444944789,0.6993678405831036,0.6432643202926256,0.46631766257274526,0.574561941757955,0.6374084272666131,0.802532661402284,0.6673075563929004,0.4685818216852434,0.4093171121049169,0.8232323153449294,0.5726191032439165,0.516445728540414,0.742388645883719,0.5623433938598105,0.10525589814344583,-0.09810354535551549,0.5619929268311012,0.27726234701755464,0.32771870705117556,0.0790460385662318,0.4295854046590749,0.049923621344236266,0.4025451114077024,0.2956313898064846,0.8535485777060988,0.38321337114546894,0.3374714746562991,0.5102954118177776,0.4817731547386824,-0.15492732006045118,0.002049369067881195,-0.31006186148920845,0.02418262487707458,0.06275687665819776,0.6013914920435783,0.14206538743512306
0.38031658333110746,0.8193291649021079,0.6042274654511784,0.0,0.8579480975466318,0.6307533654988736,0.7200977278533037,0.75377307058474,0.6551601526686246,0.5036891035832934,-0.4591256077143854,-0.23281332814463154,0.007713716118683661,0.4320969059687329,0.528379906726846,0.7952550944892046,0.4500874097138318,0.7980389654227866,0.26968508426052484,0.7095359413572861,0.7047117404654664,0.6202967901440353,0.7109977873294149,0.4496395754238197,0.08504229041358909,0.13459385647872263,0.4220237950089759,0.6139379224759739,0.5100929769047391,0.5194446816428607,-0.1688710737288389,-0.20812318936748897,0.20920792285579617,0.5705418043628568,0.22226598957067642,0.6802143029611105,0.4063505091540193,0.2320388515283314,0.5589425232909048,0.6724104050763992,0.18906788444818937,-0.002456279325163757,-0.0297558622320913,-0.24372630184321356,0.12316119394937534,0.23401612401314886,0.2571511045166511,0.14362306302728856,0.16128318456863314,0.30960025919141115,0.21986756535642835,0.839864977915747,0.787445221691334,0.7887532099819397,0.6803343813819266,0.6968687477510153,0.8058626163643636,0.7434989539654933,0.58957900340023,0.2811285947848487,0.3069328581997683,0.10544854585486411,0.426633620573074,0.432011237433781,0.5232715566062216,0.5486336340007439,0.5037528940750553,0.553543326025261,0.7657114211611321,0.8236268851709458,0.6619025864024912,0.7064522381063281,0.6020671886531496,0.6294132195509258,0.45947467937980435,0.5564571758070592,0.4225437117410912,0.6238614056950872,0.06633745709453698,-0.14498668575460194,0.66706728485952,0.5680720495576927,0.44632040315540095,0.12499772813533357,0.6514857592387023,0.370746916724865,0.4558998008810651,0.605981417789153,0.7242058287622327,0.4659646289086387,0.42043819386106696,0.4603940719446671,0.47846007139121455,-0.036008571588814944,0.24262012228098503,-0.15879660869157644,0.3818782263350181,0.4086490668845509,0.40204911459974757,0.25840793813686075
0.36328264325765625,0.8792972179110856,0.6613992486414434,0.8579480975466318,0.0,0.7838339642946883,0.6943933822098994,0.7859555488138513,0.7052541388394191,0.3764182395144005,-0.6691266241763585,-0.4210356780020853,-0.13331877069922835,0.23194854883460087,0.3886804272080289,0.7391710775430126,0.2869320233250358,0.7716553972499276,0.07572922206224755,0.7501841539136038,0.5731136952353244,0.4671977969004341,0.6267174256174796,0.4746503102204321,0.0965949052136053,0.06957452460972209,0.612665455924432,0.8233752783844529,0.4613449727672081,0.4608463861033458,-0.30221268379079114,-0.26146332550645285,0.3147300413217499,0.5150122395771204,0.39623504301475604,0.8481451976976698,0.5905270590286161,0.16870736895790778,0.5156985938182714,0.6022962661493062,0.30453614351380043,0.06340573772070615,-0.08240147896516331,-0.059753938788932454,0.22906614894257343,0.39563900619834946,0.4780109620459655,0.32099082978750926,0.35329150936640297,0.4263924858489092,0.24256755125311863,0.866372265881406,0.6437648474991722,0.7381804042426838,0.8290278632303639,0.759499069040835,0.7623179813436681,0.7370456485802389,0.5260230872369603,0.1429991809597958,0.1538956226402388,-0.05161801162953754,0.2467026966626479,0.19728136075730188,0.3110838220592725,0.3472826050098263,0.5270671751413946,0.2963128773788761,0.6505736997218469,0.7139197497220786,0.5382850756764013,0.7778845274748408,0.4474267418385966,0.5999630181779939,0.353583180368045,0.5529678813254085,0.3900992217747055,0.5282768777328998,-0.017472910049556947,-0.1538434877139408,0.6776869370454189,0.7009039375051265,0.6880196357093893,0.2313389817076774,0.7527442978309531,0.5360185400092566,0.6266974928558356,0.7942206908300583,0.753662284756388,0.630135711578659,0.5551093822389893,0.49821020141919364,0.5137340521837758,0.14026010697546076,0.2819336294436729,0.09699680450570686,0.5715598717851048,0.5824647892348519,0.5441049294724457,0.4740767298469051
0.23454136549679558,0.8963783592582725,0.9417059408092958,0.6307533654988736,0.7838339642946883,0.0,0.5626473698001926,0.8786470820649921,0.9141988370611287,0.2963801327292076,-0.3130816839135066,-0.04274527314487525,0.24336986824983164,0.4815585034144798,0.6104999343092489,0.6919287412922586,0.3884653824387159,0.78814456730883,0.29510418265180455,0.7788173650748754,0.6731806999748899,0.47896456089978695,0.5187249794908566,0.4935166039764472,0.24762967381289794,0.0454957253328179,0.2482518169727778,0.46898261500955135,0.7363708673281023,0.43730930844654103,-0.300815278473773,-0.3947119592321248,-0.017757077103819772,0.4231724620472129,0.05724423575284542,0.8836068042733365,0.5135411674320688,0.06783390702801441,0.4332421775281448,0.6003039386761768,-0.03222224335798317,-0.2628804897394174,-0.37936062214541644,-0.37308692314496794,-0.17352151834012397,-0.010722221205485922,0.10765660033411495,-0.01595194557382473,0.27291261146346424,0.3250221291298392,0.13222617368870565,0.9175725793757024,0.6467651045520757,0.6250328778168476,0.9710424589924679,0.96177081502463,0.8546465363784578,0.8967492794463603,0.6775937173759864,0.41111926175751035,0.4146406309967694,0.35569428088854477,0.5513037119871838,0.4565091009586369,0.5654804323225273,0.5302329792740856,0.4931231387511747,0.502196738729952,0.6794553848679334,0.7803221138493751,0.6495620218378655,0.6532933815746411,0.43521756691320845,0.777098759387012,0.5582119675030535,0.5866726427747968,0.6640795195202583,0.554320278739478,-0.025987341911742533,-0.15608160125825699,0.6731507129813925,0.4852791660809132,0.5036079640277729,0.2060146682865125,0.5930188426462937,0.29627143226267016,0.5015252358676572,0.4597959515323583,0.8862475062503538,0.5081891056816704,0.4446416000691537,0.547708864583302,0.5097275764303737,-0.10933345442294173,0.06972462040638631,-0.1912805258337535,0.21007102820259296,0.2891942920683854,0.6747627083598281,0.2829138447294671
0.3385523360917377,0.7467199196591701,0.49329940524894295,0.7200977278533037,0.6943933822098994,0.5626473698001926,0.0,0.5665100951921868,0.623241226935553,0.6658070227053965,-0.3046664751363675,-0.16669343901020583,0.15963384585079998,0.4403136994627918,0.5287953603570359,0.6733128967677069,0.6214122324861396,0.6526766825960102,0.4531278655503996,0.7194492604535703,0.6965058787048949,0.6676900759950251,0.6141783943001178,0.39176534845403665,0.3268387854035138,-0.07988677140948242,0.5586275432925605,0.4930555206248709,0.6001675275262925,0.3723075300426481,-0.11550570225630809,-0.3299121448876982,0.2940018193262203,0.5294442960944713,0.2974186203800825,0.6380855489791694,0.7904819320388032,0.4463616555994228,0.6994389724383333,0.8605365900332889,0.43915835600511294,-0.071308276148473,-0.08000193964906334,-0.06304960791563945,0.17048043563806495,0.34126358133908263,0.31447408663312654,0.2177633026684763,0.3683327718138923,0.5804071194978568,0.15875317220798457,0.6853834351833891,0.5540786362746327,0.4537448812128548,0.6163470459263297,0.6429742617715604,0.5898411107202788,0.6170248943451937,0.7472722979932499,0.47834114021345847,0.3953951610919015,0.1786922866165425,0.28273780597761183,0.3462936039211402,0.41425810376610894,0.47076144095449357,0.6157597364476783,0.4225267043089616,0.5726313479947956,0.5717373999971076,0.5387954274514313,0.6817135658469087,0.33882610815629305,0.6417396470036659,0.5220366299174753,0.5983282546031816,0.4989673419662347,0.411703909247803,0.08568700005197283,0.02974194984546159,0.6118491667721908,0.6302442607190548,0.5780123385711229,0.23278027162574932,0.6902591643150647,0.3600722885876865,0.7382391288372319,0.48714224281976065,0.6764854581889284,0.6410357589487328,0.5903588474194197,0.7041177975704977,0.7393610568809189,0.06448457306819606,0.2605304942756967,0.07995256420214257,0.5409490028999929,0.527062481219641,0.617817212354511,0.5028677194669111
0.17528287540175858,0.9308913237106266,0.8957583966558447,0.75377307058474,0.7859555488138513,0.8786470820649921,0.5665100951921868,0.0,0.9517094561473269,0.3303788897855053,-0.3184226465347991,-0.0350632415953269,0.2239522563172439,0.6169838653785074,0.7616162843783,0.7429637064851061,0.3761804684820806,0.9031790968814973,0.31204896400291804,0.8596190718415109,0.8177002331361252,0.5500058629931147,0.7214695845574313,0.5938108108996165,0.1596424202324273,0.04013641551843961,0.23105151764893533,0.5300770486377949,0.813603793615469,0.6719061805738601,-0.2537821725688741,-0.39205986885766275,-0.08149870408764258,0.45280742323520135,-0.016613435275321005,0.8990904983497088,0.45467568507128253,0.1207015983841115,0.5771746755911568,0.6445581560048946,-0.04092794155061277,-0.14787153910579132,-0.2604335523467256,-0.46125096146043726,-0.14937055534057156,-0.04518309426090664,0.06051708017098046,-0.08097521506544375,0.11542286419817603,0.2851896619240787,0.05388145038470033,0.9285181322119345,0.7809482164151743,0.7710721097979853,0.8831829779379569,0.9171086776016486,0.9542724178491805,0.9706898137039949,0.7302220085147213,0.45949935634700156,0.45990615686861164,0.3781692161440081,0.6536143777072407,0.6389316240605725,0.7571163158998324,0.7247191384851951,0.5083517284058259,0.6517921621626354,0.7976743178659403,0.9260877667004608,0.8036571277716785,0.5808237012235917,0.5739470380999664,0.8664868755679945,0.6268252184003839,0.6214596025763972,0.7515282720490639,0.7228719348987883,0.02543047514924003,-0.21617796019185798,0.7374637655041201,0.4209434624921741,0.4594362101306989,0.06378686252668411,0.6111162853623209,0.21339094501932065,0.4395739485215119,0.4992443538875747,0.906135254734345,0.5138260765347353,0.419525597521191,0.5865456591977739,0.5572213900793678,-0.12723713827409783,0.2515163777648589,-0.32413753149083313,0.17537889824011688,0.190742171985894,0.5151772278810894,0.15551243738418838
0.09628808658267353,0.9213071115615113,0.9129604186083968,0.6551601526686246,0.7052541388394191,0.9141988370611287,0.623241226935553,0.9517094561473269,0.0,0.32612235003771145,-0.19169534060977703,0.09738645569724212,0.3739997432174067,0.6876750511267103,0.8130692665124194,0.7427349095612473,0.523605254749399,0.8880385563647416,0.4719437596735968,0.8844837323983584,0.8564174463516615,0.597673997229621,0.6534675271865695,0.6192483199775236,0.28913637604964465,0.042388771288963484,0.16108776549863701,0.4198303554072857,0.88297465358517,0.6322600266496189,-0.3386610789223902,-0.5339302377020346,-0.18404630590550983,0.4940975927517571,-0.03033676326012121,0.9057939146100261,0.5153995137656914,0.08463534461090187,0.5417854367841453,0.6649662317690427,-0.09913192526762495,-0.35145118351712473,-0.3913529136200824,-0.5485691975126922,-0.2801871249302987,-0.14069706914579774,-0.04258287749860993,-0.18721046048127632,0.11062401503003627,0.29894464749894234,-0.03459115306695048,0.9021065212222078,0.7298326374216173,0.6752843388138553,0.9109226227314714,0.9710789292995476,0.9155835000017575,0.9731441532756491,0.8134275978487531,0.6049521180075084,0.6168048279622919,0.5166436143387517,0.7198958730895609,0.6862548029615811,0.7805955529234736,0.7511710071682892,0.5153913267449205,0.7044312654573545,0.8108556857964649,0.8873668304898924,0.8409875167533806,0.5926690418064068,0.5687748435926671,0.9072692273961649,0.7602922990022954,0.7120221416489305,0.8523647918765815,0.7227987078958773,-0.07954942698731599,-0.2738661718517665,0.7683650796071464,0.42650711591909823,0.41240547137319916,0.1495730766821177,0.6422732145470101,0.22462628786554903,0.48205933008854956,0.4045833308226181,0.9628145420478235,0.5200232316795818,0.39323107222910086,0.6387165055845734,0.5846346948367829,-0.2518270133263675,0.1472383377296299,-0.3848710511618568,0.11366523542015503,0.18947202311174763,0.6118528945415285,0.16394723248899307
0.5410538558832594,0.4150048985740661,0.38219877461571516,0.5036891035832934,0.3764182395144005,0.2963801327292076,0.6658070227053965,0.3303788897855053,0.32612235003771145,0.0,-0.0837096552890843,-0.17433188326511492,-0.018294429472993708,0.2760635897357531,0.3139035363072691,0.22290557068973718,0.15318782510245177,0.2706900940641475,0.14145458073186754,0.316217799074555,0.4034939476105144,0.32172225469697496,0.3409505471839242,0.007591472193705349,0.15962470959382968,-0.24551010748415616,0.4190907061515776,0.20299609155923962,0.42324458961177847,0.03109444688135586,0.3185786817598751,0.11636764545479793,0.26441109387401024,-0.007613839889593165,-0.14697039167527762,0.2674231579160728,0.5691817944961026,0.6542448378956728,0.666707265301158,0.7994804139092204,0.4359830586624776,0.2517184964377529,-0.07639629798148635,0.1342227544992099,0.2225161269529969,0.3176841695776478,0.22977271631424048,0.28384750739185294,0.43605540892909395,0.655523198764648,0.3723432088593859,0.4203811072642472,0.3829014701451574,0.21983392978188057,0.285871778372664,0.3599869231413225,0.42326019653323216,0.4001034325579862,0.5414060216359867,0.3639795121633831,0.055337448748933205,0.05424450166993667,0.10267671544755023,0.23894415852673206,0.3012152717807965,0.3344987650428187,0.6283861962467429,0.18078915351719993,0.229716150780862,0.3644621686235411,0.23789102388545638,0.24814302746691033,0.04348432126650868,0.5363754627600791,0.1215382504391477,0.06264198481811649,0.22037369132319717,0.07980795350188485,0.4453777528216409,0.4036955896527247,0.2240552852260345,0.31441097934768414,0.30404490957494007,-0.14064924102829954,0.33320397839939875,0.040530845781238105,0.6200939885101052,0.29399412126598373,0.35968147825335817,0.5166996230954625,0.48648042284761744,0.495147905578041,0.6758813451126947,0.20060531689289143,0.028694167243627555,0.2027155881845574,0.4173759286251827,0.31811201653335897,0.5438382334275659,0.4920964508115459
-0.35007941524515435,-0.4357314446180497,-0.09439337501632046,-0.4591256077143854,-0.6691266241763585,-0.3130816839135066,-0.3046664751363675,-0.3184226465347991,-0.19169534060977703,-0.0837096552890843,0.0,0.856944314572311,0.5668953069640921,0.1804796850866716,0.0939192246152011,-0.44295566621208093,0.1047869378059596,-0.39608182765503386,0.2701430388492971,-0.43540563627283374,-0.13653452542560593,-0.14378474020488874,-0.29346397420617076,-0.097182039793352,0.00201841467065538,0.22929649461324877,-0.803058188458149,-0.780465182840734,0.1194897045017541,-0.05921562924582717,0.24939649133405162,-0.006026336912126156,-0.5766262309968377,-0.3697835777145668,-0.6671936403224984,-0.49226046460681927,-0.38115060996310685,-0.2023354347384545,-0.18095338335692812,-0.12261724793246292,-0.4762298845819388,-0.22272505672517076,-0.12824216900650448,-0.3523829568106746,-0.5819920061085309,-0.6840392924872675,-0.7993356600030163,-0.7104481664261091,-0.4555328370962025,-0.35282433133625274,-0.40879086385608815,-0.38993176488689546,-0.37401475802331297,-0.41055742718389593,-0.3127323619460525,-0.24317665186262852,-0.27684739043316026,-0.1967583898926802,0.10987180210319938,0.26491372304942806,0.31774201883934056,0.5881215368161573,0.19063275660364631,0.1463333655303753,0.13778861355078253,0.05600448458326164,-0.42056029085370145,0.07917219563451902,-0.3309637424254734,-0.32323206602651133,-0.18693299434818764,-0.6255646240729189,-0.2820310619097275,-0.10662066916947589,0.10399801750149404,-0.08124437326219978,0.13098468744607805,-0.18167766184187648,0.041651722382589,0.06612795872485282,-0.4358218829016145,-0.7655723742719559,-0.7162996749963847,-0.14867374551426088,-0.6411717593229971,-0.7403923829406291,-0.48326419652919494,-0.8568957503175443,-0.2926602193345383,-0.5415707243297944,-0.5008199368690531,-0.12902266687072372,-0.22446738828024168,-0.39756974215414176,-0.27383396746637984,-0.4328226732121699,-0.785948672263992,-0.8301121391524471,-0.3189645406176008,-0.5332387887425947
-0.4003858416735779,-0.159876524307315,0.148165745242979,-0.23281332814463154,-0.4210356780020853,-0.04274527314487525,-0.16669343901020583,-0.0350632415953269,0.09738645569724212,-0.17433188326511492,0.856944314572311,0.0,0.811915932119867,0.48549727325146885,0.39370886552257045,-0.16119628107191733,0.3532316001957275,-0.0846289548780862,0.47418010898951063,-0.1413304781052495,0.14199149643019085,0.08442562727990888,-0.07808165027955653,0.10088930327694254,0.11958947944883085,0.3776709975556738,-0.7946436037818645,-0.6267000222389565,0.3693949768885854,0.2291201269920787,0.04628383190207597,-0.21150960567149926,-0.5967929236599598,-0.11261576374417737,-0.5251556972550697,-0.2415145851723962,-0.31385996892309875,-0.28340785570075644,-0.20525793479666607,-0.0679341419726127,-0.5487404985330153,-0.4575606975210251,-0.28275859793070035,-0.543487169038511,-0.6907177415114104,-0.755074893109876,-0.7921590527898106,-0.7833824866844158,-0.46617029336404797,-0.3655810405804772,-0.42836951067589574,-0.0994554830544433,-0.11282458075367746,-0.14909396786037177,-0.021551915058226425,0.04460189530144961,0.026333800535810588,0.0942214718610766,0.28325155597917384,0.4788995766740877,0.636726829790698,0.8257041633438876,0.5480808930300514,0.42428871158258397,0.40096726091766915,0.33240213560364085,-0.32772325447027184,0.3664804434185027,-0.0445913113534326,-0.017606248030726204,0.1340302298473349,-0.3740347873256249,0.08104490763852118,0.05717512161948709,0.3955147102916703,0.22050369601161443,0.44846836910788385,0.21169717604444233,-0.10384779065717238,-0.20166630586029946,-0.23523868924839222,-0.6391649306214022,-0.6579271984014368,0.017732044244642513,-0.4379098096408945,-0.6127617890337018,-0.45002477413720243,-0.7491136561330909,0.01403381964380376,-0.5296973430010485,-0.6003990186090493,-0.13150514021223658,-0.26812284649811446,-0.5499852692203654,-0.30293978816527767,-0.6244838322416717,-0.8148509178252095,-0.7532097508357092,-0.20768499811454444,-0.6055822707296488
-0.3788776532694813,0.1983105033133825,0.3612184360422613,0.007713716118683661,-0.13331877069922835,0.24336986824983164,0.15963384585079998,0.2239522563172439,0.3739997432174067,-0.018294429472993708,0.5668953069640921,0.811915932119867,0.0,0.7031128387877248,0.5427445058511016,0.13750958623824833,0.6033844667198102,0.18908212035401353,0.6401575441888931,0.15576996812708885,0.39048981947850914,0.328137183964529,0.09995278480251167,0.18536381013871386,0.33145457567329445,0.12622825817952352,-0.5805995856635019,-0.49703566994782133,0.5871047646186102,0.28524945613407526,-0.14064335728534133,-0.48765970145395793,-0.4707784859804835,0.09906127485937256,-0.3761126259160538,0.050404016436271785,0.017518597120982426,-0.151930324404043,-0.00871109753510758,0.23068565278978448,-0.3793961565680534,-0.6492158578884648,-0.45664545522588695,-0.5783624055661399,-0.6796418474843897,-0.6783914829393322,-0.5948650179619079,-0.6608917660635043,-0.29725842765766497,-0.1746320863618379,-0.3870078479326338,0.1612494129111748,0.04811211467225779,-0.07033742447096035,0.2532303740675524,0.32451657609943196,0.28037328571743975,0.35976656636025905,0.4731914929804432,0.7052436460074294,0.8171549450935024,0.9458543720281974,0.7481918383678825,0.5870379280023595,0.556814569907297,0.4741535212271155,-0.10452741797188533,0.5495688785260631,0.19688745630439478,0.23354416228198893,0.3491791009036384,-0.03477456820599063,0.24937044317408869,0.29675575513414365,0.6046441452094263,0.4777833696851781,0.6839953255970368,0.3947619715174563,-0.1959120275874661,-0.26406447898809254,0.08183082080775653,-0.28938569154789706,-0.38151609570668377,0.16317086525464505,-0.08449580127127503,-0.30673218070924074,-0.1357448942675226,-0.5466965719266925,0.29999007810870054,-0.22753828956782438,-0.38284047018172734,0.18765047739737867,0.05118294621247435,-0.5871005596004875,-0.23271969164293696,-0.5622045906435916,-0.5772850318857475,-0.42921364682472135,0.09437732142470384,-0.4319597866618127
-0.020154490481419405,0.537724706124809,0.5841556670251575,0.4320969059687329,0.23194854883460087,0.4815585034144798,0.4403136994627918,0.6169838653785074,0.6876750511267103,0.2760635897357531,0.1804796850866716,0.48549727325146885,0.7031128387877248,0.0,0.9126677500430281,0.5401368169930454,0.6725764184560373,0.6519790961220482,0.756599530749959,0.6550489307678213,0.8525514581242702,0.6881484845635767,0.6565649987838399,0.4311901473035069,0.1851249398914447,0.040373152505507943,-0.2222031664497533,-0.0807825107868842,0.8332966597458842,0.6619386937134715,-0.025638422247034918,-0.3484171473385318,-0.23016994316742154,0.4253820109968191,-0.20952489691320136,0.4051101711390433,0.18855358869353,0.16247588723592293,0.41621051746010373,0.5265696289382124,-0.19339095357621428,-0.47504101087561323,-0.2538196880932726,-0.6473949890877493,-0.39087272769608494,-0.438467610794661,-0.3464586270531538,-0.4128886734414785,-0.14816585163833956,0.06598925337044369,-0.06389603462261269,0.556497783211078,0.653488844586369,0.4705755858653373,0.45662489938727224,0.6031276236794945,0.6405825324152791,0.7001062826737305,0.6678202179898176,0.7465455413270766,0.7720035945219598,0.7842701325208642,0.9104901769145356,0.9477431434654281,0.9229597775838857,0.9288732566890795,0.34937947256828167,0.8848005993370418,0.6733621826342214,0.7223001629660933,0.824007571328367,0.30935409439411965,0.6735685907670197,0.6503904260556191,0.7482600945654259,0.5433723703339615,0.8186662121052832,0.7527988729476445,0.06852226351833099,-0.17993776162601807,0.49934403739419014,0.10889476902832135,0.0500373335009424,0.061331670241395485,0.2666475845236107,-0.05518169488834492,0.08572579246010233,-0.12421666093177532,0.6609223849458217,0.12662343340233453,-0.01861996615993971,0.33500044532399637,0.31685162579770615,-0.3635587788095806,0.08480826240716725,-0.6331913795180065,-0.23980159414671587,-0.12662744507522264,0.30636333015983747,-0.2290174141970284
0.13857422885965165,0.673079067445921,0.7152648982569587,0.528379906726846,0.3886804272080289,0.6104999343092489,0.5287953603570359,0.7616162843783,0.8130692665124194,0.3139035363072691,0.0939192246152011,0.39370886552257045,0.5427445058511016,0.9126677500430281,0.0,0.5805371215635904,0.5812169477207576,0.7477206702689176,0.6461437582359634,0.7968111248632727,0.936447453906297,0.6324115203832357,0.6810458456068599,0.4667586897577726,0.22454582215185823,0.018711821474765456,-0.03781232445755667,0.11584641370369354,0.901022227885918,0.7205259505932661,-0.03169462946878932,-0.32877690355393807,-0.17362687058903656,0.3988625671607114,-0.18826638350118893,0.5841515063592363,0.3205888629212067,0.25708239116032394,0.5247734000680627,0.5853715692537242,-0.1258775739340987,-0.34935589464632544,-0.2726692569428391,-0.5718223190840246,-0.2687810217590125,-0.25724562773676707,-0.2519122551754508,-0.29279483170289744,0.006848654891806468,0.2393856201027382,0.021040596895661526,0.7186756942108661,0.7704912512456006,0.6344365470127539,0.5955888261773139,0.7401409228980789,0.7701981438162367,0.8116712373176552,0.8009225153058978,0.7448131167294497,0.7301830915412538,0.6834090704457283,0.8374428881236576,0.9247332412059722,0.9488611037233026,0.968552644121611,0.5019832748107211,0.8447639446193538,0.7191328170013404,0.8106417032961831,0.8815460942149366,0.34165625576760944,0.6154701270736018,0.781787032247136,0.7630815764129302,0.5631460820055325,0.8749821950213157,0.7347792013052538,0.14080080220338587,-0.13350712863000547,0.5521971526863262,0.18305664495614632,0.19991533620337787,-0.02259443740896639,0.3518896243064,-0.09758850303576365,0.21947315213470578,0.06430223267427583,0.7799227071025969,0.27798071137996033,0.1792790870472902,0.4387014106252737,0.4123376371576969,-0.2263466509914386,0.12134330093841203,-0.5377598715699355,-0.08956984439646347,-0.06318724274158555,0.4334269805597022,-0.0479029848280907
0.11531235795080119,0.8247055414379608,0.5956449835187819,0.7952550944892046,0.7391710775430126,0.6919287412922586,0.6733128967677069,0.7429637064851061,0.7427349095612473,0.22290557068973718,-0.44295566621208093,-0.16119628107191733,0.13750958623824833,0.5401368169930454,0.5805371215635904,0.0,0.6893788458496781,0.9281510633082319,0.5053255398200317,0.8384482804554513,0.7552218617713269,0.7846379189496234,0.7567265971416834,0.7058705240905648,0.2278934567848714,0.20816119974241099,0.30233584165900057,0.5668310661178857,0.5678732546715465,0.6019812310916912,-0.3727460066586796,-0.4434382597837952,0.05926108506570572,0.8834428794957614,0.4384537207074237,0.777166106775176,0.3742586255988854,-0.04052992348781648,0.41128088656126355,0.5407047051970247,-0.051395002407707176,-0.268313406720635,0.014230375284455764,-0.4628317109588004,-0.04603432221389811,0.03064450373758476,0.11662572829119203,-0.05578436539058126,-0.011740841061548062,0.06573771502814284,0.03515637996501875,0.7930100182171603,0.7795477848191126,0.6996106926203682,0.7280152426266091,0.752658301586499,0.7227552338557798,0.7518863340594869,0.5708847584172164,0.32605979825087983,0.47894304880228644,0.19776984284621507,0.5473531384251124,0.5199094442319881,0.5758277985243226,0.5846642561378441,0.3241278798410216,0.7222176701221815,0.9133006442418501,0.8300661176026782,0.7873257161948849,0.8419377436819347,0.7797585224197024,0.6107049174791571,0.6995156364535374,0.7464754856490428,0.5501112101988833,0.7394215705668394,-0.16677373504599963,-0.3751134934204317,0.8439662670116284,0.6136333291035532,0.4773396571478891,0.40705369948223236,0.7210319580731518,0.5196157737419492,0.3556335981743072,0.5268683080562028,0.8043937129779145,0.3582306658409852,0.39332361574777985,0.4816223806415852,0.4196632504119277,-0.21018335183841608,0.3255145777327856,-0.3690588628817109,0.22925670509209065,0.38355801271385154,0.34762951039612433,0.055115718181115214
-0.20755969308070854,0.4965731357805384,0.3532941403002672,0.4500874097138318,0.2869320233250358,0.3884653824387159,0.6214122324861396,0.3761804684820806,0.523605254749399,0.15318782510245177,0.1047869378059596,0.3532316001957275,0.6033844667198102,0.6725764184560373,0.5812169477207576,0.6893788458496781,0.0,0.622678638977438,0.9006163720374387,0.5612647321761484,0.6569054887013055,0.8225929513918687,0.5169766266741636,0.595075039941043,0.26460320955546535,0.254114402561251,-0.10035379788742213,0.06314696151100732,0.5795683141684683,0.5048511260223888,-0.32415646568820655,-0.6122314622558709,-0.18447636926693034,0.7699029070101647,0.2673947515848509,0.4078360739313959,0.2870589542201813,-0.13459791739880622,0.23773886683790155,0.44849928641739584,-0.13559138586775335,-0.5972821078020076,-0.09730981768070597,-0.5416223123511937,-0.32842185405794416,-0.2841953492892218,-0.295404101241332,-0.41752270560343624,-0.21984523165735861,-0.07685630974373055,-0.3075922888239619,0.4335846227751565,0.40689307705532657,0.2676347884005345,0.45662938428856165,0.5037361337511249,0.415760459311613,0.48292604807946227,0.5771400923433347,0.5754036331254592,0.78874440055353,0.5830079326862438,0.635936906588184,0.5516819800105184,0.5330658151595813,0.5385390986650161,0.0871278948088329,0.7548954981468788,0.6710324587669081,0.5101121287453864,0.6363613076935589,0.5820523995528584,0.6179600916306824,0.3780500052953416,0.8185680516678209,0.7731924865151382,0.625520113993023,0.6123559305311751,-0.30972517762621116,-0.46000756705647433,0.5783499473551366,0.2984191405307418,0.07714629183931361,0.5049947128353449,0.4202808555154167,0.2229124668686749,0.1559572329596467,-0.016300347664327437,0.5832429372863923,0.05586996965341734,-0.018759890226943812,0.35014934517206253,0.25451033093603853,-0.5189757404814941,0.1037420956834068,-0.4910718277704201,-0.13082510432888791,0.05925940890187811,0.21188888935692568,-0.16817944500542661
0.1225115819085523,0.9038474855722327,0.7506078229364104,0.7980389654227866,0.7716553972499276,0.78814456730883,0.6526766825960102,0.9031790968814973,0.8880385563647416,0.2706900940641475,-0.39608182765503386,-0.0846289548780862,0.18908212035401353,0.6519790961220482,0.7477206702689176,0.9281510633082319,0.622678638977438,0.0,0.5282578114968766,0.9296595248981885,0.8669534824365696,0.7688557068689126,0.8228389374152768,0.7379471991224933,0.1845564982738641,0.14908666572229884,0.280335648811573,0.5965281766626256,0.7356015099400376,0.7293546225108678,-0.33218900742162455,-0.46587628891843064,-0.029006954566113487,0.7759353829984986,0.2865946396670789,0.8892016235919281,0.43921542844594913,0.01985154386177413,0.5075566221759759,0.58597884701192,-0.04863617957855387,-0.24156506136170494,-0.08333728730087764,-0.5005071405736785,-0.08180309551062728,-0.009144051647799653,0.07136685776253757,-0.0915687548445574,0.02017321501572146,0.16479047837206717,0.0051568394489363584,0.8842065435596679,0.8387956190182623,0.7739719950329184,0.821291353715618,0.855328733914913,0.8661257612133438,0.8884037120797026,0.6761864496058876,0.4318105505441942,0.5337190783342952,0.30769119507894777,0.6545417353293184,0.651580345121514,0.7277845345950585,0.7327513104401971,0.437638644402533,0.7809723320579647,0.9477996667702634,0.9404701323978643,0.8899336837978448,0.7706237453511074,0.7742727918952987,0.752837410589588,0.7504997021599945,0.734800729853825,0.7085924561699953,0.8159175807381651,-0.0965561872972699,-0.3823740884670308,0.8647843085890232,0.5672202002216901,0.48965327986948326,0.2761834810936702,0.7125886165235573,0.39954452222824854,0.40831041691884207,0.5452981373162956,0.9119337273613225,0.44101368180438827,0.38508678937839186,0.5162181714660854,0.4758007708072889,-0.20405370481889432,0.31735665347057196,-0.40150733565906155,0.19949205410364879,0.3022885738301643,0.4223020629537624,0.08298309788143365
-0.1986183096108783,0.352384610180364,0.3322663506367197,0.26968508426052484,0.07572922206224755,0.29510418265180455,0.4531278655503996,0.31204896400291804,0.4719437596735968,0.14145458073186754,0.2701430388492971,0.47418010898951063,0.6401575441888931,0.756599530749959,0.6461437582359634,0.5053255398200317,0.9006163720374387,0.5282578114968766,0.0,0.4903586206006639,0.6474986775268217,0.7754348599663871,0.48654549561522686,0.5142081528937623,0.15323318424565957,0.15233536010059257,-0.2491592942507492,-0.1055555706883516,0.6058291205642128,0.5046846213687849,-0.13708775841228005,-0.5013453606481237,-0.26200326194352547,0.619951325713116,0.07750679032858326,0.2892630037980538,0.1866854757931745,-0.0910677574523809,0.2043946472622071,0.3486323730683077,-0.19315776282473002,-0.5707951896348215,-0.11063817731231616,-0.5564272679162017,-0.36228138311833574,-0.3851249432510431,-0.4413844830094044,-0.48395092553927227,-0.2504568442580148,-0.09921345215829434,-0.2970805292261581,0.32784561947072643,0.3906938540419543,0.19250655151478543,0.3264271960442238,0.40841635243289753,0.3436432341186581,0.4168994796811198,0.5182967888756984,0.5994833270942197,0.776645936049091,0.6668093867642575,0.6748627632820086,0.6696907374267294,0.6186550831734233,0.6241405363719017,0.10321283474373953,0.7941308683957161,0.5949559403959909,0.46396301133385304,0.6316716474653081,0.38281935466112116,0.5515181023786905,0.35199324239506424,0.7676380463720269,0.5854561680001195,0.6242948726116357,0.5538874671398224,-0.16093533040107144,-0.3929226818149684,0.455261138914208,0.13872126389405187,-0.02811410495948937,0.3298707545704779,0.22236837411247554,0.015358645842563695,0.037285567693117694,-0.18913516273723774,0.5029845516096602,-0.03761376373197424,-0.12874799193449935,0.22448436413001363,0.16526005539224134,-0.5061895913891323,0.04564460735825096,-0.5571691139901883,-0.27169588147099094,-0.11432377973448536,0.15523434633156094,-0.2587067666302886
0.2502638714322151,0.8872636162985512,0.7150923550794498,0.7095359413572861,0.7501841539136038,0.7788173650748754,0.7194492604535703,0.8596190718415109,0.8844837323983584,0.316217799074555,-0.43540563627283374,-0.1413304781052495,0.15576996812708885,0.6550489307678213,0.7968111248632727,0.8384482804554513,0.5612647321761484,0.9296595248981885,0.4903586206006639,0.0,0.9007355412345542,0.6838748295656382,0.7637637367526479,0.5991654144915589,0.2257163365038262,-0.04639012552186424,0.40661244724136236,0.5802441132260264,0.7599628338030442,0.6550427582646491,-0.2669144063872602,-0.42698327243688433,0.0970310365900124,0.6705706394460561,0.28652830172867133,0.8904596149965839,0.5888808853367739,0.2248150778553256,0.5782714790755358,0.6216357500288382,0.10828691386064666,-0.256018786223867,-0.16490557505251358,-0.358594383716539,0.03460704763670832,0.11740429834404507,0.15787794147535758,0.05731855932702259,0.2374717397698282,0.3957428123983536,0.1376133667564305,0.8651253078859005,0.8415207731454157,0.7558287836722468,0.7761947613797255,0.8519944104335931,0.8107203981801254,0.8477295899850295,0.7176244504235171,0.5209047468491964,0.5096065986633348,0.28107591299402546,0.5842715982020965,0.6647378387283526,0.7076968480886118,0.7633041870430366,0.6330970453048659,0.6971541272607932,0.876609932410844,0.8801907218502442,0.8867152751906145,0.732070501877825,0.667467684463214,0.7900717743150351,0.7103890957425256,0.6647383658773842,0.7324952277085036,0.7165533467713753,0.00011056087616053304,-0.23052255135725888,0.8343460092430781,0.6615466780269018,0.6340797970780998,0.20900426672912337,0.7426449434359129,0.39663846704235756,0.5509694883529604,0.5606259961683264,0.9249758142197316,0.5966252627787427,0.5086277511807034,0.5664580232355994,0.5607117983384834,-0.032636713214572774,0.2954239483004059,-0.23604196106268668,0.35301372589371266,0.43222582561107464,0.6195713047614695,0.3012467871382824
