0,1,2,3,4,5,6,7,8,9,10,11,12,13,14,15,16,17,18,19,20,21,22,23,24,25,26,27,28,29,30,31,32,33,34,35,36,37,38,39,40,41,42,43,44,45,46,47,48,49,50,51,52,53,54,55,56,57,58,59,60,61,62,63,64,65,66,67,68,69,70,71,72,73,74,75,76,77,78,79,80,81,82,83,84,85,86,87,88,89,90,91,92,93,94,95,96,97,98,99
0.0,0.8833611087911004,0.7508574309624638,0.8652519196072758,0.7291603184095566,0.5899394817912954,0.8569377769601241,0.8333559895624193,0.5182502664974042,0.24519176915239327,-0.08281454463984698,0.28321552184491144,-0.026997100968396474,0.23038284672068715,0.28719539492309104,0.6597675253934635,-0.034447591643734,0.36664603907534604,0.33429976329732003,0.7218688470366161,0.4010376894196689,-0.5976151072973855,0.1299047106735649,0.17372089095745588,0.3868172021060582,-0.3636720360724665,-0.6724781055278157,-0.49763508269680895,0.43792990663355824,-0.09979931154136942,5.07863410980935e-05,0.836377675702624,0.21395300123436417,-0.26703610008732953,-0.7874300097854134,0.5657528199111113,-0.6819478477279166,0.516723634931058,0.2094943744902884,0.36609353456746263,-0.14543873894502263,-0.20333361731383987,-0.5716846655551239,-0.6810935924084158,-0.4484927382218007,-0.6235925306026996,-0.7140102689127091,-0.5538368496927694,0.7597656294411367,0.242883163880049,0.9034236333720009,0.9100061397765731,0.8033100071816158,0.8071606930731685,0.5550932346298806,0.6929817468331263,0.7465306414965135,0.6148009062721002,0.3448224124861372,0.028433494986989147,0.39908067354251525,-0.009471490417920043,0.18483104019558608,0.3428809973911073,0.38143532727016094,0.2358669420429924,0.5748676722109127,0.17335221465059303,-0.039444997499079086,0.17397531528068508,0.6363890258921461,-0.5770420408099758,0.06075903195229357,0.1983356181530231,0.5183416906117416,0.031216801934703838,0.18824041403652558,-0.2468441426528426,0.10350439146028516,0.6969151080000994,-0.39836415684698767,-0.33286838720734857,-0.7106959066895271,-0.6551840150967788,-0.6366296529677598,-0.6130626819740292,-0.6738442227232064,-0.600864456642405,0.6448387331584373,-0.325480422242515,0.26279940606248897,0.31865256902782974,0.3801437777021036,-0.06936035849073462,-0.405738344173284,-0.879878762077709,-0.6075005781583602,-0.5015550729236475,0.7848925323807663,0.4227032112850176
0.8833611087911004,0.0,0.7984150236922153,0.983700017312235,0.8750415045575715,0.6220119741908177,0.8570186127782553,0.9106753311565603,0.5585928469579892,0.16009971491809327,-0.06909665164927967,0.2901275229281523,0.013147126732014415,0.3300785402802971,0.3886259651354444,0.6697961767598766,0.07201224146899768,0.46029750873952685,0.3968579826681741,0.8558827520547017,0.5857604219358833,-0.4721532149485663,0.30603238374652675,0.1915181171535129,0.16610727980138376,-0.4341851333955159,-0.47491868023264655,-0.2832762765112849,0.5531729391560283,0.05895772654386931,-0.12723441999553203,0.6455734466538803,0.09683858876062891,-0.23689370193823886,-0.6343734152510333,0.6736163820984329,-0.5146172514700921,0.32489916305998795,0.09814545852553938,0.2613861124776587,-0.16407464210138498,-0.3368489566025003,-0.589403448834845,-0.6054093075296462,-0.464501247467662,-0.40344476403621193,-0.5316620740818705,-0.3558384276638422,0.7207846769217908,0.29366728909590306,0.7721623029900262,0.9868465244863913,0.8359426608546082,0.964992071395321,0.5921057277925096,0.6979081557394691,0.8241314494133405,0.6883414531426424,0.2721688216699018,-0.11184497324728881,0.34474646898100975,0.00873633663303329,0.26625599812154194,0.370841983325225,0.4600211662327457,0.3249259755335918,0.562432328487368,0.23172175627754213,0.016685511467151973,0.2624127863310406,0.7913391798191665,-0.3444564208625207,0.20442615108760676,0.1551591076014483,0.5645608129484958,-0.11536062263421942,0.3292048969469969,-0.07803933696119919,-0.020972988722078277,0.5023242640498221,-0.28553416159220746,-0.2739405664108862,-0.6306974589573318,-0.4945889358167814,-0.4263434781816766,-0.33588234070156603,-0.45701394579621313,-0.37992753127783413,0.7715084928098028,-0.3077850655887362,0.14683745361736766,0.1418120679509527,0.3215638092983561,-0.22664039334840078,-0.26492050806019063,-0.7860614496874508,-0.37577521645559203,-0.2681186791054299,0.7611326195943539,0.4872868392891869
0.7508574309624638,0.7984150236922153,0.0,0.7309785274279663,0.9326355470197366,0.9342696939083278,0.6021201490167185,0.9529104127804063,0.8892286565918608,0.19962152536819305,0.14463826152769763,0.46168178613180666,0.3395297236620494,0.5931341930160108,0.6521975372807541,0.15713163678593703,0.15872126943321685,-0.006047124327081366,0.6253850285358162,0.8554175546651293,0.6688821162961104,-0.6290482008425343,0.41920737570248967,0.007940722381494802,0.04172085012777698,-0.26984715073552523,-0.26812495939319797,-0.04890521545749865,0.7869097452341205,0.27727033623096137,-0.2607451914260489,0.3283661552314495,-0.3888801036069299,-0.6777125947660151,-0.620963892526555,0.658418855997149,-0.679790266743366,0.11148676322308898,-0.1318102069992358,-0.1188934542498328,-0.5027271303628907,-0.42006729654078884,-0.6988770192664823,-0.29087143315590436,-0.38043096199981724,-0.17777075926131045,-0.5199041718509803,-0.180541108217052,0.6916554008144699,0.14516221285259168,0.5345564650481139,0.8533311141048665,0.43102754153584316,0.6472972638185654,0.9378886693568631,0.9387418398068754,0.3967406349791279,0.9640792037064262,0.4021054333286403,-0.016235070885179427,0.604822656758407,0.3816711186999206,0.5744510285054486,0.6822393717459195,0.7577880075929563,0.6411488467964586,0.29602502918053075,0.24523475211450615,-0.4478762991805358,-0.2596191859165796,0.9181521144285919,-0.48844278641607697,0.26724835880031256,-0.030456967606208397,0.6083183333621252,-0.07021871941019435,0.5856805420946961,0.11823581740987044,-0.3047545933877373,0.17451610032180698,-0.6770148192761964,-0.7070423195898154,-0.8144083688816754,-0.6559430540487942,-0.309449211138366,-0.3882907264035264,-0.6796543089313515,-0.2091073591457455,0.5810610134703923,-0.5864037639405251,-0.19565308799184192,0.046709493967062025,0.29165996025173596,-0.45238198555274883,-0.5815598317194227,-0.5849998381992726,-0.1871548570606371,-0.16456653886245953,0.7313121390757106,0.23479983891339015
0.8652519196072758,0.983700017312235,0.7309785274279663,0.0,0.8406594582903604,0.561390113650016,0.8645138781991518,0.8561961565433724,0.5026947984404636,0.21151843445570093,-0.019038551129782217,0.31466347396854394,0.026786452588067573,0.31170199850605124,0.38394181478422035,0.6953482860942822,0.05474159485363534,0.465839706250649,0.34403121690334376,0.8167270523549734,0.5430122455092374,-0.40153342356542526,0.291992164081787,0.2399328155081301,0.22993592739090812,-0.384583155576181,-0.4875261880174225,-0.2739347895261185,0.5417072136081995,0.07693572452480114,-0.011596241681621917,0.6647593845570418,0.17075762066977995,-0.19805730753447534,-0.6050615823105884,0.6042388143725341,-0.48394785725816464,0.3423637308195893,0.11358149131044833,0.3155610957692774,-0.14828136080035947,-0.2625260754084208,-0.5324935532754754,-0.577240882500592,-0.42899333704686826,-0.41793088768304576,-0.5340793259542893,-0.3714631481998371,0.6764227810328692,0.2779626657735396,0.7733028552237328,0.9551347393179036,0.8553847102982309,0.9860216456915384,0.5278419076878319,0.6460659736357343,0.8272939436864751,0.6244150810158738,0.3038206788001135,-0.06767477185255485,0.349655222626733,0.006168461421758661,0.26115957029421677,0.34183527153273896,0.41325580275294166,0.3157339392697076,0.5572576502569869,0.1995215138848017,0.052352372623234236,0.27770324740311236,0.7467589282605472,-0.3047912479685698,0.1908297421502701,0.18414007292760926,0.557156779430557,-0.05318255640090929,0.3282643269258822,-0.06406112944205736,0.07594371045390082,0.5274854011814123,-0.2434110789043607,-0.23722529989403526,-0.5800082144836209,-0.4616987315570636,-0.4233913125666323,-0.32842681736896023,-0.41521389163388855,-0.37161891858556845,0.7271906457747142,-0.26823670196893956,0.1805323230455116,0.1591944276804496,0.301863198802733,-0.1510308082729039,-0.19503428411428764,-0.7505129919337392,-0.38192310563119497,-0.2777627511413427,0.7345758659519409,0.4800983294562511
0.7291603184095566,0.8750415045575715,0.9326355470197366,0.8406594582903604,0.0,0.8197246310645722,0.6178133176095589,0.921674733033276,0.7556156612721467,0.08071370268933194,0.04380146527407649,0.3567605414685676,0.3301468011528753,0.6603051030202983,0.6956829968099613,0.2769316610568429,0.247695187796475,0.15644462978149176,0.6615254027139877,0.8945157263900817,0.7676502834237771,-0.4620568168582266,0.5584034823145405,-0.04763710603491847,-0.07889660461111331,-0.4118621675445984,-0.14831590627410376,0.09586765339790833,0.824450010743359,0.3752187913218381,-0.2097124752743572,0.3182615972571984,-0.30873580202177464,-0.5414399871704763,-0.4635324091632014,0.5819974651128231,-0.5642117522693655,-0.0027492819841815107,-0.22112854064112217,-0.12500366488331696,-0.522494956496379,-0.5328434912207245,-0.745712808773457,-0.26371551741382443,-0.36125855052784756,-0.0644941376288755,-0.3899550370223546,-0.06123402383898593,0.5794324324755128,0.08579535758116905,0.5103108076350186,0.8891159366775763,0.5153690818167266,0.801759123971224,0.8353934621063747,0.8294739158344939,0.483227961758382,0.8712807966933285,0.2726722392371813,-0.20817513468955515,0.4870080597354116,0.34884776410473783,0.6203868880165276,0.6976438210693331,0.7629481939682529,0.661735487585729,0.25603258463135,0.36389143536702,-0.2675513129570949,-0.10821675189030845,0.9552696346978399,-0.247264363502604,0.4264212029089051,-0.12052443098029449,0.5793956371072336,-0.2087649136732383,0.6594083607279395,0.2602194890731838,-0.22533855014110565,0.13057754154461934,-0.5004630831425977,-0.5945490705185734,-0.6534981487486726,-0.45214092609168,-0.14056134686768118,-0.1735732556957385,-0.49343618259218663,-0.03942769382472281,0.5729137215796345,-0.600867080163977,-0.21241022878651258,-0.11678309011563082,0.14780925330875844,-0.5117694544552776,-0.4735408515560895,-0.5408235640407556,-0.04281100558463365,0.008779079011085093,0.6378897522357396,0.24457561288549548
0.5899394817912954,0.6220119741908177,0.9342696939083278,0.561390113650016,0.8197246310645722,0.0,0.4884932371663008,0.8370824966409498,0.9872963422100792,0.42415375230983693,0.37743390798031545,0.5840037180406413,0.4858721008523652,0.5555168212648776,0.6903153536566777,-0.08318604776542778,-0.026308229614478127,-0.312389955889524,0.48957787938082065,0.7863248279511946,0.5453776697311351,-0.6860595800194019,0.33462231060245323,0.05618563847453906,0.16027676165882138,-0.08752421498808167,-0.19507052864145494,0.02694236255814506,0.7846798752883392,0.3570542204984074,-0.16765673697228872,0.20787781541126443,-0.4748035536542525,-0.8416514544073982,-0.5921189261524443,0.6582036165914936,-0.607034356659912,0.13342419173524656,-0.08354085572535144,-0.12833255328172918,-0.4765437014594418,-0.24734908477577386,-0.5536274475027896,-0.15620786939131615,-0.29995111183652634,-0.07714093279239649,-0.42355638874639817,-0.07308818760725197,0.7093191518460107,0.22511195701708678,0.429074869111428,0.688841494302697,0.22574759089428556,0.45256014956909607,0.986811942066908,0.9806117125127637,0.19009725258675608,0.9775246968524919,0.6139077213926634,0.18337078837904025,0.6855372592244516,0.49257294972134685,0.6088218395792121,0.6561597564328048,0.7179441759152454,0.7026254369364955,0.2765364621153157,0.0031952597098529253,-0.6965998318038176,-0.5137399449332244,0.8331781145402719,-0.5856392116268152,0.1328298291957064,0.07611566703899382,0.48169773927479415,0.016231594279131595,0.5916838226347085,0.14114382082404978,-0.28554439654560526,0.09269131681878973,-0.8281342560436552,-0.7940477828793607,-0.8381782546598238,-0.7466041780579216,-0.2838274249167504,-0.37759549738424353,-0.6449163683818926,-0.17875259570819269,0.5153676965401311,-0.5355374060655053,-0.2061168823540441,0.17730424157604238,0.38092669807393237,-0.36577587391777067,-0.667230851183847,-0.44285890415596524,-0.11151359830943101,-0.13133661684126155,0.7516876809426171,0.24681583559005443
0.8569377769601241,0.8570186127782553,0.6021201490167185,0.8645138781991518,0.6178133176095589,0.4884932371663008,0.0,0.7456222905456376,0.4336260829903009,0.390485578368786,-0.010836684028484776,0.34074722504191585,-0.010407696911447849,0.13909224663451256,0.2403280566365251,0.7383656238454763,-0.21939203848388059,0.40160128595123284,0.17894524766128025,0.7141789323276969,0.39485464393552033,-0.5800905273992875,0.09950563320537562,0.3242841821699938,0.3829192994788652,-0.37362012134742656,-0.6183024944520795,-0.5091531918236404,0.34625812599731204,-0.05733679152985682,-0.09865122000147876,0.7922141364780422,0.2888726652452919,-0.1846520632420779,-0.7097561776798851,0.5396470128300644,-0.5355932611618038,0.5913138062426236,0.40394204689351365,0.6147008379846622,0.08334082361459151,-0.14180568410451225,-0.42776211334658054,-0.8142946075496937,-0.6392543218550737,-0.5452344430066562,-0.5035262972422239,-0.44241737103497336,0.7914467876822764,0.4291512040672852,0.8462945325163344,0.8658924417933203,0.8975364395698455,0.8272682942358505,0.4177353132433371,0.6266160286512199,0.8658130087146271,0.5026843308442999,0.4566628005848527,0.09046984678685027,0.36845924313993905,-0.04388735217801361,0.08754586163459688,0.16403093977257985,0.26898110521666485,0.16422768311893157,0.8101782878423819,-0.020721447090672043,0.007162008279695446,0.27044433464865625,0.5478975788577661,-0.5152533002159841,-0.018931188545745617,0.5106475845399637,0.4048432710446565,-0.03803286356982418,0.1110792643613773,-0.26677677435048663,0.017809051189524954,0.6835758486732624,-0.3348098861490735,-0.1686896685562355,-0.6763702976392818,-0.6379735166759031,-0.5982350941309019,-0.4214200635701214,-0.5256473241681107,-0.6260593220863456,0.6891022876309891,-0.1968034359068966,0.35755549610958887,0.43415289504707966,0.5763275192111236,-0.010761695451498805,-0.29691826788459524,-0.9042647358005614,-0.5328277703203753,-0.42161917929680526,0.8143912261906843,0.5952597551251516
0.8333559895624193,0.9106753311565603,0.9529104127804063,0.8561961565433724,0.921674733033276,0.8370824966409498,0.7456222905456376,0.0,0.7898958496918475,0.1807017710451802,0.05807362179210632,0.40355189639033257,0.17743324941021146,0.4681254979048214,0.533314582577795,0.38874300768430436,0.10344781626348533,0.2148224982886917,0.5380762074924369,0.8796179989157162,0.6517899578976166,-0.6025600261074591,0.36744174093106907,0.08581671768553847,0.10346251851807328,-0.32578238188615355,-0.37956847939227245,-0.18630056457175445,0.6840468668980493,0.16107728662133824,-0.24885300062384036,0.47133871543546996,-0.19202532889244872,-0.5039565811722835,-0.6702008142475498,0.715762635611509,-0.641768837595784,0.22335307391406467,-0.01354208069044661,0.04132504827613893,-0.3485966665408392,-0.37878752053829345,-0.6559836280054796,-0.4654062831118338,-0.437195087341677,-0.29281263351343795,-0.5491212052937905,-0.26729815616571523,0.7458304762445281,0.22872012471948894,0.6493017617182045,0.9415982304749688,0.6229416532911782,0.7907549247836847,0.8259074221323947,0.8696027204302458,0.6312077632044191,0.8968097440301521,0.34524971956319067,-0.03482861232623532,0.5123386717387646,0.20805986105602248,0.42737722976104264,0.5581017805658379,0.6445005560690512,0.5024878609990234,0.4371945543897165,0.24095585845969247,-0.25937674236299346,-0.016375849429612736,0.8910821526943039,-0.4797513199471019,0.24739516243242943,0.06007851702925913,0.6048078149197659,-0.07852498949962729,0.45476799390904615,0.0009464427708163824,-0.23367917126732568,0.3207520716955697,-0.5482037905269406,-0.5353665354958815,-0.7776853383193817,-0.6313618780915522,-0.3899309252830718,-0.3989552547356755,-0.6161154522332273,-0.32432845708072333,0.7026658845386502,-0.4649649781312394,-0.0412445354039718,0.11358832916848548,0.33149716232954773,-0.3572896060503799,-0.4559641125602024,-0.7139736923649648,-0.2953176470492308,-0.22612554926698136,0.7801527490560489,0.3585615556797499
0.5182502664974042,0.5585928469579892,0.8892286565918608,0.5026947984404636,0.7556156612721467,0.9872963422100792,0.4336260829903009,0.7898958496918475,0.0,0.49479310057146336,0.47480914979571365,0.641205782289998,0.4880254211950759,0.5081509600734416,0.6577764835680507,-0.14360538979558027,-0.061183527792815086,-0.38078767381714745,0.4259311945585505,0.7308427959862426,0.48161569337822574,-0.6625358287578169,0.2823871478121216,0.1309825818058612,0.21307055338969227,0.03542962397003982,-0.1914140166920587,0.024457200089934412,0.7490895007734195,0.34914120637363094,-0.11168621971378748,0.1654764713116522,-0.46485026099861865,-0.849748454627104,-0.5812027413624745,0.6695382801789348,-0.5480821161530661,0.15777970280299294,-0.042999168751443315,-0.12385606936474305,-0.42707006270842646,-0.13898766703838014,-0.44108211379334294,-0.08992755397907244,-0.2370153812213036,-0.06385801799345901,-0.4051971262064017,-0.07370940416372222,0.6914580496982708,0.2700036700923256,0.3837977241066608,0.6223516439215742,0.16926781775093888,0.38810443121244087,0.9705941710719079,0.9565621621290038,0.12796907376564023,0.9659470616606933,0.6680628175052995,0.28958016125024794,0.7089821175211976,0.48841937470005065,0.573226665543756,0.6064880629242251,0.6702311764021378,0.6787693558975738,0.26186365813862555,-0.07866586696501128,-0.7435024381678673,-0.5583317393158682,0.7829352737112562,-0.6024913103117571,0.07277858899396814,0.1255975454504923,0.47900349104252643,0.10675286514874832,0.5595119502510789,0.11757754185878448,-0.2609355193165644,0.08187633438933183,-0.835587322137496,-0.7753024247007386,-0.8253369460901271,-0.7588867553218097,-0.2940493467511646,-0.38665040877804474,-0.6111965973014127,-0.1853635264950953,0.5012407780793803,-0.4535957187252999,-0.18022643964940827,0.23362942980743437,0.4139531688603455,-0.2909096767450442,-0.6077680627520156,-0.3677853941429958,-0.10886610880514543,-0.15036893806646087,0.7341755441066384,0.2544500435840346
0.24519176915239327,0.16009971491809327,0.19962152536819305,0.21151843445570093,0.08071370268933194,0.42415375230983693,0.390485578368786,0.1807017710451802,0.49479310057146336,0.0,0.7600873569702653,0.7269101820133167,0.28484812454953085,-0.08922978279266328,0.17555886699237352,0.004252823419068212,-0.5418270119746253,-0.4248175328742246,-0.2913695667501715,0.23944822810289973,-0.14903294783931287,-0.4345211266624662,-0.2611429993865276,0.6442891128751993,0.8152112234541312,0.47757979415669377,-0.5052701793955113,-0.34376378983014094,0.19687202930174885,0.06083942381194973,0.4582050392631737,0.3967401541990763,0.17729624164506774,-0.4314657476181791,-0.5484532309217286,0.3458935777861566,-0.1886143515310316,0.6224999408751071,0.48233133572783843,0.5176267244862299,0.18420602188746468,0.6098089329098688,0.25115581194573194,-0.19765672319858513,-0.11008448285607406,-0.39185640924209103,-0.3693086486449472,-0.3348716397882337,0.5617676210018404,0.49903603825699794,0.4340210934482105,0.1805775299657597,0.18778478812125618,0.11796991909135472,0.3244922916619728,0.47701109006720527,0.07575177801392853,0.3165915496485099,0.9627883735042917,0.8401370262040891,0.5877147491776014,0.1791503166406392,0.05801183612450518,-0.033080636925283353,-0.012188156737866359,0.17841995673572272,0.5022727121784778,-0.6340480782035852,-0.5286407412949338,-0.3797534330140597,0.10113531242926396,-0.6492581679633121,-0.48215780222844973,0.7177539017894071,0.18119260288653824,0.5785809510778093,0.04861718831156764,-0.2567076449709985,0.3183291228601911,0.48630310892758594,-0.5288938369598835,-0.26585728714153034,-0.5431221431782346,-0.7149595289015639,-0.5704461662068829,-0.5067294577899925,-0.31379833972737103,-0.5297117020939522,0.3206880573585228,0.15967206720802554,0.3472997422481439,0.7808197499043502,0.6699120346917429,0.48161634416970805,-0.17325483245525908,-0.2531369141753133,-0.42749259899745595,-0.472004202622673,0.6195067470615772,0.42968212861120897
-0.08281454463984698,-0.06909665164927967,0.14463826152769763,-0.019038551129782217,0.04380146527407649,0.37743390798031545,-0.010836684028484776,0.05807362179210632,0.47480914979571365,0.7600873569702653,0.0,0.8795227147540533,0.5778516908070489,0.23741708209018686,0.4476130421353685,-0.40663909217327115,-0.08021259992983942,-0.557215890683811,-0.01640397856967468,0.10967787101792728,-0.0035429648370077773,-0.04262493146162559,0.09916421371672103,0.5832661854631288,0.4609050083851036,0.7821792941944264,-0.08994986528501203,0.15466341293559552,0.4126404205982248,0.4759744214786326,0.42528747792743193,-0.08908597885104348,-0.252363894354895,-0.49594128952889643,-0.18208684154337704,0.0531307631788634,-0.1526746002129041,0.06469229091232016,-0.05514350646295582,-0.03156922145459514,-0.23381952573985496,0.4822751729274111,0.19673229703515335,0.27095720852834365,0.0731233718716607,-0.0015255612080339908,-0.23109616611483852,0.0038508411517471685,0.13316249191508378,0.03409488079621832,-0.05649436563706652,-0.0620757429263293,-0.23579201675994158,-0.10320447206466829,0.3532412478506741,0.35144591783890766,-0.27888420228848393,0.32632480809356595,0.7345017251247946,0.8051188713452929,0.7382772073589667,0.5036693627911528,0.40271241739915214,0.27236381896368184,0.23065938490461416,0.4840637108595653,-0.07169871968725681,-0.3673897543472072,-0.5695742760708326,-0.5686487339035178,0.1741687821977802,-0.2798914094718332,-0.08675114711381693,0.2406573354224147,0.3776191717565482,0.7056327982340477,0.39698816950951654,0.24093207611789477,0.06413863120117569,-0.028444135312937307,-0.5009591808679401,-0.4817903972541918,-0.36983275020548206,-0.42517080414233827,-0.12847192834909735,-0.26729105044909784,-0.18356603720056933,-0.03048654679819696,-0.028212250590545076,-0.04256377150104147,-0.19747392578701373,0.3125744039889979,0.1821297611769121,0.19328432203273763,-0.03058902221760566,0.15971747597900285,-0.020055785292514842,-0.0796232214983245,0.24172878594693167,-0.09853768556944988
0.28321552184491144,0.2901275229281523,0.46168178613180666,0.31466347396854394,0.3567605414685676,0.5840037180406413,0.34074722504191585,0.40355189639033257,0.641205782289998,0.7269101820133167,0.8795227147540533,0.0,0.5963085616567156,0.4407921113595602,0.6130724739750749,-0.11960997955839461,0.07750403165376527,-0.29645569025022533,0.2714731329567288,0.4382787053957486,0.323580080319133,-0.2384360571426508,0.29026935125285036,0.6381626876129106,0.42723692033020505,0.5581069994004222,-0.28231397805963765,0.0003282626041686081,0.6335608233136995,0.5053506829605444,0.21777947333941744,0.18044578942231318,-0.2674747208076536,-0.5499126016502432,-0.4256180334677741,0.2125036276267351,-0.4478846259190008,0.18249375555935796,-0.02299544868401146,0.07596477879706057,-0.3394124828295439,0.23504935864632692,-0.12271243887067415,-0.056082763334024004,-0.24827168492597393,-0.19104252263496183,-0.4516345857858059,-0.15546737515691136,0.3601271292209214,0.05255341068295034,0.21543799807775202,0.3125246860159693,0.1090627057807674,0.21981862457535037,0.5594192964271866,0.6104323211671803,0.031102079217611555,0.5656410394392329,0.7767224158088458,0.7085202765506975,0.9354343114469272,0.566810919721017,0.5256391235350564,0.46538054764738224,0.49115015885367896,0.6166747006219272,0.1447614371792341,-0.1409265696456983,-0.4957051501789396,-0.42699131095757936,0.49341824515587196,-0.4012959661930546,0.06856022105053843,0.28718602620702327,0.6794735040243609,0.6392547799290677,0.5604218694124661,0.22504948174072914,-0.10589433129162075,0.16222265071314318,-0.6130729755073648,-0.6037482327787885,-0.6462695103920351,-0.6234833956131879,-0.29729283324566935,-0.39289955253911246,-0.45535556124866416,-0.21098779614483057,0.20302739203073794,-0.28363200264906974,-0.1974785164382097,0.3283924570124094,0.3379111559415648,0.015087726577344597,-0.1670248826174747,-0.20994243734320936,-0.18338774983157316,-0.183768016625726,0.4720680022799759,0.006292782336664923
-0.026997100968396474,0.013147126732014415,0.3395297236620494,0.026786452588067573,0.3301468011528753,0.4858721008523652,-0.010407696911447849,0.17743324941021146,0.4880254211950759,0.28484812454953085,0.5778516908070489,0.5963085616567156,0.0,0.7498614189468815,0.8394979214172827,-0.4668616693881753,0.32313898150721243,-0.46165244979328557,0.5146663094105915,0.3408615873300249,0.4542400034933421,0.036679649420888666,0.6296416740249463,0.0954343705045592,-0.13475422419267563,0.14248524729390505,0.3955168325896176,0.6164218717434682,0.7403969208511785,0.8714623875505503,0.08121599107383828,-0.27152967009822787,-0.5732894819625588,-0.5826990290500974,0.19739172892924267,-0.13657509006288918,-0.29961545478403584,-0.38730286617078374,-0.48104605614253326,-0.34785238487049625,-0.6446178138213002,-0.2574090875241911,-0.34987058387687775,0.3590509657877273,0.00808136632620549,0.43583834480618733,0.12377407685073905,0.46784959166728396,-0.043872086318429676,-0.28600081247758086,-0.2190438211924894,0.04674001200893055,-0.29903375855980774,-0.041448393479515226,0.5319088572651596,0.4504661595974354,-0.34494362458109334,0.4368437137022823,0.3918360483753922,0.11346343361523606,0.6936604678745207,0.9773614160075553,0.8757763312310122,0.7355470029421317,0.6732092036936259,0.8551608470110357,-0.3192821345891324,0.16677316724816574,-0.5203168165694427,-0.6435057139645813,0.4644821370757082,0.09299122972846506,0.46950466937147745,-0.21785723476529908,0.3286602280525898,0.061834041723960134,0.7859638173337107,0.7371950293426226,-0.2593112390819146,-0.3900406419733161,-0.5327334690192569,-0.7159745735075334,-0.26634115613767784,-0.15416079796978205,0.3631392235263607,0.19558734884100493,-0.2195996771955594,0.43352961711140325,-0.24866016359992751,-0.5987023641041198,-0.6366391982290835,-0.2799687482817708,-0.16130836497941073,-0.48131208844961404,-0.4152800936383658,0.16317715641136357,0.43643419190639227,0.40120325419961134,0.06431393080556662,-0.32301043834048015
0.23038284672068715,0.3300785402802971,0.5931341930160108,0.31170199850605124,0.6603051030202983,0.5555168212648776,0.13909224663451256,0.4681254979048214,0.5081509600734416,-0.08922978279266328,0.23741708209018686,0.4407921113595602,0.7498614189468815,0.0,0.9349719000509826,-0.22404323439731036,0.6016522615455779,-0.09630107600347845,0.916721604362858,0.5475104395733147,0.8454219847913191,-0.046618747327580395,0.9100443244548656,-0.1895956116260869,-0.43245192883790334,-0.1603554267141483,0.3833157803468318,0.6065513855545235,0.9008622447297326,0.8494806558411522,-0.20136101441799464,-0.1589677143912343,-0.6337015823302512,-0.5441824084317105,0.08644574202147107,-0.07820587679788853,-0.46912321316719957,-0.4923624819347753,-0.6234144848857817,-0.4839573758306434,-0.8429615560374851,-0.6514485283714754,-0.7140323575998637,0.19146201267472074,-0.2369985186889968,0.41406715346920586,0.002237319544350111,0.41884426535087826,-0.018670697345894462,-0.4415376739764787,-0.09172507559429145,0.3604294252555574,-0.051263639304749975,0.2746321558658506,0.6467619124849618,0.5248428637505015,-0.09850008635166746,0.5922733103181554,0.09571172176644993,-0.23574753798756995,0.6268422919016539,0.7929298218415731,0.9485934368981384,0.9499624113572678,0.9487645640414044,0.9250785076122825,-0.31574202680911134,0.5910435980310426,-0.30348171199773116,-0.39970349895477747,0.7621263184234756,0.16666884825970268,0.8196110771845513,-0.4489576362686442,0.5233894354929501,-0.16216806063706626,0.9451121486913201,0.8046282462795304,-0.46728998907568536,-0.38232219351752783,-0.4907607993896473,-0.747374446199999,-0.35570996022238305,-0.11613756617596582,0.392875016347586,0.20943922337761328,-0.3286357221961725,0.4724147889923398,-0.11943030134620694,-0.8711321382538921,-0.6961247017934099,-0.5149127327629884,-0.25419945811621775,-0.7282680724770368,-0.45661757755754984,-0.047945899191172175,0.45952720767742666,0.48110518779002576,0.06743181384889693,-0.35035890659427565
0.28719539492309104,0.3886259651354444,0.6521975372807541,0.38394181478422035,0.6956829968099613,0.6903153536566777,0.2403280566365251,0.533314582577795,0.6577764835680507,0.17555886699237352,0.4476130421353685,0.6130724739750749,0.8394979214172827,0.9349719000509826,0.0,-0.2439042861177956,0.4055087201966145,-0.2327542749334252,0.7556016648203621,0.6545921331168407,0.7657645728326611,-0.15770544411918672,0.8419959008939956,-0.020490156838888676,-0.21513825735111272,-0.042545814459886554,0.2778395790300456,0.5652098049891153,0.9585631261355531,0.891439921532909,-0.10705210106506147,-0.08434310304383925,-0.6279501010706481,-0.6765926293276415,-0.037639401396878866,0.05469257305026639,-0.546516191264719,-0.3799717267415426,-0.5653795364128591,-0.39920630927950357,-0.8210571109028073,-0.4944967384520178,-0.6674484563937179,0.12741940583455974,-0.24806537128013217,0.3343343980386514,-0.0918981659293397,0.39427003511828707,0.1570078790541891,-0.3363425453041367,0.008333356645367168,0.41616838801669775,-0.02610336184703788,0.3282321746674235,0.7440278697734104,0.6713910304177297,-0.04598363580189685,0.6911985228166532,0.3413174888437518,-0.04654394451618259,0.7369309925508485,0.8322502217076898,0.9681993050247412,0.9170692035817266,0.8999107458956317,0.9930517045358519,-0.1891534596579807,0.34225253322990906,-0.4725323190249654,-0.5061956131861306,0.8013784308310178,-0.0009207311502893394,0.6755152802932334,-0.29805380534450354,0.5124707109380128,-0.049873045459931556,0.9456943013437223,0.7633832965543078,-0.39752098241962547,-0.2933715930354634,-0.6192416125633803,-0.8390925436379533,-0.48644378582089165,-0.290903805083364,0.2816067151282232,0.10118659970927328,-0.4047461248641318,0.3675660141761451,0.015677327694827978,-0.8172001075097327,-0.6611542589557635,-0.3369042079399629,-0.13411377548569328,-0.6458212141483127,-0.507202847548398,-0.1338579333492335,0.3705390204955589,0.41263758976086706,0.2689784650368383,-0.2526514355328775
0.6597675253934635,0.6697961767598766,0.15713163678593703,0.6953482860942822,0.2769316610568429,-0.08318604776542778,0.7383656238454763,0.38874300768430436,-0.14360538979558027,0.004252823419068212,-0.40663909217327115,-0.11960997955839461,-0.4668616693881753,-0.22404323439731036,-0.2439042861177956,0.0,-0.059700030753855333,0.8395527369346777,-0.05006751197859984,0.3805738947805686,0.1607071186055538,-0.12272192090458534,-0.10063373222679561,0.3124027948686744,0.284095727606884,-0.4508944708461633,-0.6279463357999853,-0.633286524407512,-0.1021209949530261,-0.41469912987079416,0.05561943401768755,0.7948663798205657,0.7114720874839333,0.4723645782535354,-0.4236978343404424,0.3591527077513031,-0.10657107342375928,0.5601884601287594,0.4655765467988811,0.6877883067499604,0.41799933574893827,-0.033087235283386696,-0.1425510221702279,-0.7586143622559515,-0.35074199085959923,-0.646484382958876,-0.37530688246907074,-0.5655158862807105,0.4427884493764659,0.3760788716582653,0.7383949194233776,0.6211766101702768,0.9281913591246731,0.737154835806778,-0.14646543217409733,0.059558176969238645,0.8998535896654423,-0.02440728990903078,-0.03430695389400541,-0.12897429946696798,-0.12918026452627884,-0.47858390707688464,-0.3457652268781173,-0.22775876200187362,-0.1485497804201064,-0.3346125304722394,0.6613742718586725,0.17290163870982567,0.6179321989746049,0.800239319602562,0.17639157884409679,-0.12332069848617365,-0.062183465212411075,0.3621258305992503,0.2561796624405725,-0.0656337365779067,-0.2516460258253787,-0.4571770499066188,0.33131436452972046,0.7620899078761136,0.3215627801422485,0.43131509685800085,-0.1358516787455703,-0.13074997697721352,-0.5167637388913144,-0.25811790043097504,-0.07415157674927823,-0.5811809373467864,0.6027860295766886,0.21133048869391474,0.5956175233678769,0.2900681854331729,0.3133058272987961,0.24253841410956617,0.1935736952046742,-0.6961935642965009,-0.6008579819461655,-0.4559036914631769,0.4328514331827113,0.5873479858132539
-0.034447591643734,0.07201224146899768,0.15872126943321685,0.05474159485363534,0.247695187796475,-0.026308229614478127,-0.21939203848388059,0.10344781626348533,-0.061183527792815086,-0.5418270119746253,-0.08021259992983942,0.07750403165376527,0.32313898150721243,0.6016522615455779,0.4055087201966145,-0.059700030753855333,0.0,0.3632466330724826,0.7073723154506377,0.13525355792303378,0.5535054062817448,0.5584107508636208,0.6692462624722926,-0.06580888179553658,-0.5651043527620792,-0.052730243867718574,0.3266036670057099,0.4503417918002994,0.44261818825957716,0.4469944540243874,-0.11079064771266268,-0.30227546959649354,-0.36520950643441724,0.16711717667002648,0.3810291812691042,-0.26075492766053743,-0.052250776893513574,-0.6180892528582407,-0.6598981922975777,-0.556904257003741,-0.5632071952840183,-0.4826543391095198,-0.3763947765478723,0.33807782455652435,0.1182068734880546,0.2382971478805964,-0.001519888695829555,0.17563169970964065,-0.44479355597435355,-0.5832646859052888,-0.34215505525061596,0.04737409974142682,-0.10363391934897058,0.08145832157514088,0.07489084439261275,-0.06599227542921246,-0.1192078577237432,0.08263774650346975,-0.46525345843868415,-0.3651772886353961,0.19994958684981134,0.4286135154662839,0.4914184295172474,0.5312953367724865,0.5153773869770124,0.40237693113403616,-0.605993408954158,0.8506492118433072,0.34553176825387194,0.1478259957563588,0.3698906553142534,0.5966487481960503,0.7335891258291439,-0.7089953314535292,0.5864390634727351,-0.005285307714710875,0.5892829171325898,0.580225753297144,-0.2803647712026071,-0.41055908249588835,0.21679177580043701,-0.17320169177191633,0.18652192124976236,0.43742873220856815,0.42501969234367415,0.25791914295415785,0.08639011953527942,0.5029145234982046,-0.23733918913507243,-0.42329137050780113,-0.6195941558818989,-0.734561186172346,-0.6060982854200927,-0.520138320999423,0.166788050729253,0.234538454768841,0.3035111270599429,0.34588013969648224,-0.3760483642659077,-0.5301622329124781
0.36664603907534604,0.46029750873952685,-0.006047124327081366,0.465839706250649,0.15644462978149176,-0.312389955889524,0.40160128595123284,0.2148224982886917,-0.38078767381714745,-0.4248175328742246,-0.557215890683811,-0.29645569025022533,-0.46165244979328557,-0.09630107600347845,-0.2327542749334252,0.8395527369346777,0.3632466330724826,0.0,0.14293065573955369,0.2210843990953832,0.29091519629326495,0.2763342033393372,0.1337642848164833,0.12227223489044042,-0.13243568442260212,-0.4470763563121066,-0.3014933672432186,-0.34531884210425673,-0.11598772379357823,-0.28331645401822786,-0.10024064527935074,0.42813633185020655,0.49740043047933924,0.7028872675990974,-0.041448606500720665,0.10138141437585417,0.07278959121389975,0.1290446565952849,0.12141058736195753,0.3229614294924418,0.24489077475786164,-0.2319595945787096,-0.17054748181671175,-0.509387915346969,-0.215063167451127,-0.3871620612300244,-0.16386493833750948,-0.33184351359269215,0.029013303392453334,0.022921780451776147,0.32509663648541376,0.39143260527401247,0.6750863049803464,0.5475296511313336,-0.32195446528992167,-0.2173845844442332,0.7199388061567458,-0.19998994525759128,-0.4647308216107541,-0.3944240177448171,-0.27814297164142066,-0.42152453505885484,-0.2752560090536148,-0.14686869177096668,-0.0742394365452423,-0.3101593179235516,0.24505610137185502,0.5335328008704564,0.8765527658835292,0.9389242126773835,0.13408195520654637,0.30770143038266196,0.25877545772206595,-0.05312957639359778,0.28877736731911563,-0.1643048002456315,-0.13172422043785093,-0.19233021087275232,0.12128889794327138,0.3746960880778449,0.5902304516072118,0.524716787082589,0.19444025066842027,0.2913811819412771,-0.14623438745359504,0.04071553036016255,0.193002341943533,-0.21300829273867358,0.3569381073427836,0.12175546907453487,0.27034213392210676,-0.149089548293886,-0.09008111059043832,0.023518266179012415,0.39518896782712903,-0.4025787048129256,-0.31229825842201414,-0.14217232761123735,0.02424066152355958,0.230621422808097
0.33429976329732003,0.3968579826681741,0.6253850285358162,0.34403121690334376,0.6615254027139877,0.48957787938082065,0.17894524766128025,0.5380762074924369,0.4259311945585505,-0.2913695667501715,-0.01640397856967468,0.2714731329567288,0.5146663094105915,0.916721604362858,0.7556016648203621,-0.05006751197859984,0.7073723154506377,0.14293065573955369,0.0,0.5170450726858563,0.8809319565431257,-0.06966103607902703,0.834600690622436,-0.2695167833095747,-0.4974725192456098,-0.30161204677557274,0.25877834558614665,0.4032179339219683,0.7791073116652661,0.609861164283332,-0.3136827293994056,-0.061923101209304304,-0.5315221319249904,-0.3769399202510114,0.002271921053507289,-0.008112408057803904,-0.4429308227245652,-0.40553957293607534,-0.5183679025829636,-0.4368021144682791,-0.7295946420579549,-0.7227951253204772,-0.7377084829539994,0.06691453134735377,-0.2630033397634356,0.27041815689453397,-0.07250502863883715,0.23646544792351465,0.006900508140939389,-0.3855520056996611,-0.005908147973621412,0.4363910716802567,0.07893498607661174,0.30854366136123285,0.5894686379651954,0.46596936645013187,0.0295562001476401,0.5653632591659671,-0.09659908501184492,-0.346641278428872,0.5084254263910014,0.6180098963179691,0.7844157096663421,0.8909652981906268,0.9252914170594493,0.7410233660641186,-0.26399402994568594,0.7920407141482738,-0.1022887797038815,-0.1758821437484098,0.7496699097374393,0.1469729322459444,0.822306957997929,-0.4875160093447254,0.58690779411847,-0.2211297650940134,0.8138727614078702,0.611090670625547,-0.4890861448926604,-0.27505610210468845,-0.3842621751490886,-0.6020649958426956,-0.3405407417787646,-0.08472672338287766,0.2705471756501414,0.12178699346746079,-0.34009871301803885,0.3339127628465961,-0.04985896058128743,-0.8218313443420387,-0.5687313622677913,-0.5125976739295023,-0.2218733256207293,-0.7051342697617637,-0.4142117832891642,-0.15124279024598708,0.31024050103947065,0.3365821971241619,0.04781714982493119,-0.28373263064071624
0.7218688470366161,0.8558827520547017,0.8554175546651293,0.8167270523549734,0.8945157263900817,0.7863248279511946,0.7141789323276969,0.8796179989157162,0.7308427959862426,0.23944822810289973,0.10967787101792728,0.4382787053957486,0.3408615873300249,0.5475104395733147,0.6545921331168407,0.3805738947805686,0.13525355792303378,0.2210843990953832,0.5170450726858563,0.0,0.7389229080360984,-0.4792320863318849,0.5040333227238128,0.1799895678336703,0.04945935623108512,-0.39479841387949405,-0.24113575450477345,-0.022582124903947516,0.7760824456757445,0.3514651586091288,-0.23337454666348817,0.41803797338915766,-0.1915246798217944,-0.4366099154431181,-0.47991198465461543,0.6664234303782337,-0.5212648793731913,0.1280479637973644,-0.09367568724934992,0.05805985654481765,-0.34384067752038683,-0.4275493525015399,-0.6972870386855267,-0.43938301274600955,-0.48042798715887397,-0.18414670292627414,-0.38219314893113304,-0.07732528169055643,0.7057309758648193,0.22452320954421634,0.5656222097585601,0.8731968817992402,0.5814064967781749,0.7748042451208395,0.756701942942441,0.836335834355196,0.5738269117960119,0.8013083664400659,0.39630073786241343,-0.08277757196656121,0.5139955105941835,0.32195225430200475,0.5224476252298726,0.5686579989252113,0.6617605651590228,0.6088037844463785,0.4351995532334183,0.22113188572499728,-0.2084662308353581,-0.009758952985802597,0.9170711087451698,-0.3125366508397019,0.3234637489465878,0.07534203474688406,0.5625889511309661,-0.1639486725362921,0.5917230653382726,0.17560052611675822,-0.22801991729725035,0.2530566800839978,-0.4358621633122254,-0.4895218703520886,-0.6689488397958901,-0.5144520992381727,-0.2239117509916054,-0.17802449310396048,-0.44057753287757245,-0.17822186797820944,0.7239551080085209,-0.47611507665775643,-0.11330174103143467,0.046972981617594695,0.29210200261061364,-0.4220574574079527,-0.47423543687502046,-0.6322777647003565,-0.1590542353225017,-0.04108018414674805,0.7612327747092824,0.40689500252009264
