0,1,2,3,4,5,6,7,8,9,10,11,12,13,14,15,16,17,18,19,20,21,22,23,24,25,26,27,28,29,30,31,32,33,34,35,36,37,38,39,40,41,42,43,44,45,46,47,48,49,50,51,52,53,54,55,56,57,58,59,60,61,62,63,64,65,66,67,68,69,70,71,72,73,74,75,76,77,78,79,80,81,82,83,84,85,86,87,88,89,90,91,92,93,94,95,96,97,98,99
0.0,0.5105929268633286,0.5111754538270936,0.48606471250710254,0.38071907805012584,0.5204379819411733,0.20404913787244963,0.5789229413231446,0.568275574750419,-0.2511601775650049,-0.40096263927038184,-0.5183192723617738,-0.35745038347416414,-0.2003083407809643,-0.061492018571209166,0.5638140681172568,-0.5244093246125354,0.47629733419339493,-0.3678116970145857,0.643652563482571,-0.14547226104039607,-0.31226543035852405,0.05790580617118743,-0.1942546677921968,-0.22494949689627428,-0.38759726340870465,0.27860711235272595,0.08029050887987668,0.2730838461715885,-0.0838992049520381,0.26654649169121647,0.4191824226733099,0.37383352014704013,0.1515051115127807,0.05344878855765729,0.35787303989682995,0.17879585873319942,0.5377395857557526,0.0837310758012184,0.534196652078763,0.596277291993494,-0.1316385895912209,0.2887806423322282,0.17752342991475717,0.3410644821098014,0.26298216889680215,0.3793859451902369,0.361475028217001,0.5086837773352867,0.2263034823708363,0.7383096161724525,0.6378429855942839,0.5466779526556805,0.4883307999667994,0.5100636879999201,0.5743887499533288,0.6014383848367544,0.5214684458965231,-0.24422530194603387,-0.3690343946472856,-0.5798033861050121,-0.4131872469445466,-0.43240192610383066,-0.4180499136176078,-0.24393519356625382,-0.24631177544104815,0.29133349960101934,-0.6090819071186128,-0.3048626985352512,0.3220958612063252,-0.054433938925204005,-0.19466768966731537,-0.053697161657813776,0.39283514640288164,-0.40091530575211953,-0.4239718458492744,-0.21403096012205688,-0.12397651102657999,0.30930027790857495,0.26494549955625535,-0.15722148121595642,0.500963085463544,0.3754714471717716,0.1370307206771351,0.20208042389407552,0.496242998784108,0.20067111186245987,-0.1847718043231606,0.6832244348615901,0.3662044725808097,0.428329589730939,0.04742893003677218,0.27859558075796387,0.09635703678622161,0.269123337491781,0.10210333810080702,0.4251662463452367,0.4485455381397213,0.4616212860412815,0.27263738267571447
0.5105929268633286,0.0,0.9510904230703757,0.4506854109363534,0.8463249782073765,0.9307983764318472,0.19087865724760483,0.973243872282734,0.8813037644244376,-0.00937985545254741,-0.5078769868515732,-0.2668934281219607,0.0800516022268329,-0.052172004520136775,-0.028793091734894128,0.8498133495305608,-0.24994832220216,0.895244928994104,-0.15279338700972586,0.3541174492379736,0.07477181565192056,0.22665122850045055,0.4771550592161599,0.24726184035830545,-0.41553762382355236,-0.019977241485171895,0.10490369504080106,0.2782640489696125,0.38130053893011545,0.3475985952546185,0.1345951648900573,0.22709246185067433,0.2132953305465784,0.6082671243452337,0.543237109441287,-0.1560855448270132,-0.006810403131038363,0.14837724946932823,-0.027098713237398105,0.5381122140058949,0.24118257706771978,-0.3168214757472481,0.4487249329044114,-0.24084210526075994,-0.06090140935845158,-0.18884632447072597,0.23108561364208915,0.0019188154476200393,-0.023140218947035985,-0.3493625055219405,0.5567377416518516,0.9021334984332601,0.5902735463301769,0.3894210779877567,0.9479421276123311,0.7673734521432304,0.9486065053327437,0.9338371882209975,-0.1549419709390859,-0.7755552741093783,-0.24832661301153558,0.023804998007024278,0.02856344053652486,-0.6568918679813307,-0.30556093876964574,-0.2975220789637832,0.4238902042056059,-0.508120232683457,0.2427611238823837,0.785812512113639,0.28349541358205493,0.3195328943438329,0.38545307322552586,0.6315883361249766,-0.09068871774640651,-0.06530274089161552,0.1999109973634101,0.26431286714974567,-0.09393404075498687,-2.9470074832639506e-05,0.40766233075873215,0.4555332989570142,0.2469833488166642,0.6729008104222755,0.6460152592198235,0.6992605066577557,-0.13823652740499376,0.050829159594231614,0.4861664921102808,-0.07201277874739119,0.0610403574795891,0.14377018842765596,0.024160514472937347,-0.19606816643148073,0.45270091759937064,-0.3228867437258287,0.02384568206358122,0.19665079616749911,-0.14722832691469304,-0.33036332471604046
0.5111754538270936,0.9510904230703757,0.0,0.3894944002902131,0.7502576430086743,0.9379744937672567,0.14929234482610562,0.9040411768851543,0.918635684838269,-0.06497093089806444,-0.3868648370369294,-0.21906313323302928,0.052610883024051494,-0.017731261213886074,-0.12991843236147071,0.8078033706687583,-0.17271301013451282,0.879337713842664,-0.10672713190599038,0.3123326560878946,0.02601334260615945,0.3192359668178883,0.48037082612518744,0.3131442526927932,-0.3286839561722592,0.07456594103653169,0.053932148308115595,0.15167000938332442,0.490125400783114,0.29945064162949314,0.06507897778093953,0.05900286822981808,0.13162461339617232,0.6098308627980837,0.4962685257271725,-0.21281839848528308,-0.06336764321744476,0.03173575778947739,-0.11088059148985552,0.4692219661849141,0.22501768184316503,-0.20846525954109266,0.398609328620522,-0.31257443050967165,-0.14745086949732691,-0.2995679628913373,0.14476224478125652,-0.08121784882167173,-0.020112717130693226,-0.40181832030343795,0.4277556390560651,0.8444777096408813,0.47668378221086166,0.31429506190311424,0.9134078120714928,0.8513574105643397,0.8908132002079006,0.9342164679682713,-0.23529084095385128,-0.6837779030125951,-0.21147401893446885,0.006164129407788203,0.031224786980916765,-0.6209459709896652,-0.4099651935067266,-0.3833189049702084,0.4343710448058333,-0.46965959486643477,0.279091385237154,0.7842521923098351,0.2527366128288812,0.3458446110823026,0.34228304504224355,0.6253485594839109,-0.08701772120050533,0.03194124857795887,0.2638566794514198,0.2286283150796392,-0.15091874403609118,-0.15002927193942364,0.44496349534209706,0.4581710793503505,0.1758967527306323,0.6391095667230405,0.5986564115923266,0.6327219821309187,-0.125894231464754,-0.06073417648504495,0.5190831122101218,-0.054951715892000534,0.004575344662217958,0.036346443479318674,-0.07527920422081755,-0.11446054581787068,0.46576282914845024,-0.3622886013950082,-0.0758970961927886,0.14983526022084095,-0.12346649302050608,-0.34731481711414913
0.48606471250710254,0.4506854109363534,0.3894944002902131,0.0,0.5756421819402118,0.41915100954325113,-0.1868918023019053,0.5696985577791224,0.5763233231484851,-0.3853493531014148,-0.4203587707155481,-0.7476682860818874,-0.5936318658771567,-0.41111986237394055,-0.26653627175581646,0.3408683885213476,-0.8235832828107701,0.2139321012384544,-0.6388377294384726,0.5426514183950828,-0.49495763110366303,-0.5923368717144584,-0.3027927445731613,-0.6134632706894044,-0.6337257128469722,-0.6897530140906559,0.33107026116188476,0.064801948809716,-0.21388031355028272,-0.26607532308686915,0.6192383465165444,0.43885373229646907,0.6657450393392704,0.2298316196695596,0.0988959407438513,0.6362320762054371,0.5805731273427662,0.6385650889501215,0.3537684389814701,0.4150084817610357,0.7246314316986523,0.0060319615246694465,0.3861929577868863,0.5404113565434516,0.664010740648536,0.5480822763435746,0.6323520824738988,0.6781741658067243,0.6155703221591886,0.5500650571072261,0.5922177748861517,0.7124110399317294,0.5303961428515517,0.9521856560263475,0.5536503305986499,0.5817707133526471,0.5442280841467594,0.5464336633486427,-0.0158313037749348,-0.27146680543863555,-0.7279433018343902,-0.6012619740538132,-0.3939506742788584,-0.27000572010463475,-0.34569937164209746,-0.3736478936951976,-0.24861793200030183,-0.7341631058714343,-0.5980328933175827,-0.0008794870991561625,-0.45622346936820807,-0.5635750505305539,-0.3399559166662015,0.1778963927086415,-0.7033911108251442,-0.5849404586255381,-0.6278460913139569,-0.4440325454612116,0.5880056440926268,0.31816096164262636,-0.49707496386949473,0.5418423975591651,0.7033007285033867,-0.10091203338314424,0.16782212158344703,0.6883442487661681,0.354943079926127,-0.19019126531904285,0.4685769898671366,0.5933048288716681,0.7931263485274354,0.12367855948702122,0.5807831976061599,0.2488934655690787,-0.03842315671268322,0.4050273477357002,0.6974775612114955,0.5971560175840885,0.5253063986055179,0.5379038667007349
0.38071907805012584,0.8463249782073765,0.7502576430086743,0.5756421819402118,0.0,0.8677633337704732,0.08062520022562651,0.876792182610943,0.8098622771690444,0.22712821060285052,-0.692269105743088,-0.3061031001860129,0.07363719682489134,0.12727650579930658,0.13690467302598391,0.7346317527653828,-0.33561523977047847,0.6937941007132816,-0.028883675706757726,0.37809383839853833,0.10867575327951824,0.08572082774004264,0.46062269005458234,0.043999854752276454,-0.5533302473006957,-0.24433467551565768,0.26430630953969597,0.5275265167830537,0.24439660287737264,0.49259512064347477,0.18322970971705912,0.23511219306798414,0.465452579181831,0.6310088815388433,0.6498329866799174,-0.02642063906319849,0.20082878901953252,0.2717324915769873,0.3994728938098846,0.6623001470010401,0.28288295235637306,-0.5904845491745292,0.4007183750444559,-0.11346159889847772,0.04875057144674827,0.032001648238451266,0.46941319343005117,0.2378003814210567,0.0067117252530176485,-0.19190383534613134,0.5665832320363527,0.8471609949113089,0.6278270151386096,0.6024943132293524,0.9282441692064545,0.6655251672971555,0.7911586087594691,0.8454010291775295,0.24687315272499996,-0.7646590092786129,-0.2879579993391579,-0.014584332315474942,0.1611209779163795,-0.40877458323194793,-0.02441152445254243,-0.10243635652018901,0.1711073167991192,-0.459180046870411,0.22093485705168073,0.5434303404861134,0.22207250853504962,0.12533759060961647,0.38466779967362746,0.5043349891375182,-0.19423844717072483,-0.2988380598733826,0.04055999220888347,0.2511858525125933,-0.10579594826439531,-0.003840360153368933,0.24929216720054137,0.3550915560057385,0.28495064879057724,0.4603024243141633,0.6108809842171253,0.7221826853949607,-0.0988746852145772,0.3257829445913145,0.29868093504129317,-0.12381786535261897,0.25496195619592377,0.25005385455352874,0.375095319574582,-0.4512391048579751,0.08055541005309205,-0.3241851241514663,0.15891070650580064,0.32048457129823993,-0.19299074341767514,-0.2436144641459533
0.5204379819411733,0.9307983764318472,0.9379744937672567,0.41915100954325113,0.8677633337704732,0.0,0.17331197078603683,0.9193375991683831,0.9281186732138844,0.10854297751733241,-0.5640911923728427,-0.23093638802652947,0.06750347358961388,0.12002171377563718,0.04215552149194002,0.7862318992991019,-0.19618891537810473,0.8425239124884844,0.00977451351078377,0.36438757648245645,0.13419101449826304,0.271925290242962,0.5691797986607176,0.24870676647054565,-0.4062389291576493,-0.03158071450741137,0.14847001935838272,0.3588484971750717,0.4801371006013698,0.4686425821375454,0.03432895078126071,0.05276141999439575,0.21804189734739415,0.6207542574469211,0.574645529590389,-0.1777740221567453,-0.0048548112417880745,0.10060515058591744,0.10772669256836369,0.5877145237274214,0.21631528121258844,-0.4495725218850817,0.3580878827946172,-0.27618495321649617,-0.13552658407553675,-0.20800906012265197,0.25069122608355093,0.01665029137258853,0.0010687989149793689,-0.36896638111060065,0.4882450107372745,0.8646291980533544,0.5484735302396222,0.39360723271457837,0.9671298916496114,0.8396847416248397,0.8805234654457046,0.9349927758361878,-0.007847843045277487,-0.7783830957594162,-0.23673071542497004,-0.010159876538426805,0.11166643913462523,-0.5218350119230876,-0.2050467379899518,-0.21575109374079637,0.39456156381266033,-0.4277940661831991,0.3159319150013749,0.7136933718768519,0.31156472326017703,0.30924302332991327,0.43368171881464335,0.630837436574818,-0.09612670314175442,-0.09835466518190783,0.24130917709884686,0.30907748858422346,-0.20910318116726737,-0.1659213927324375,0.4003060950240412,0.3658016178486568,0.1478160975397153,0.5669344579283291,0.6086265491449024,0.6484927156070975,-0.18403856272051464,0.15200542691531876,0.45040676313665734,-0.14624386748318557,0.06923305427100662,0.135483369213161,0.09410469816782548,-0.331863566328322,0.33366245958366053,-0.4015319804637405,-0.02127351462037345,0.19742864540612787,-0.1568518487370369,-0.3493437897926649
0.20404913787244963,0.19087865724760483,0.14929234482610562,-0.1868918023019053,0.08062520022562651,0.17331197078603683,0.0,0.1708665788593744,0.14540436352092084,0.527942613472882,0.21909254583724905,0.5292183355303228,0.5854466585029624,0.3029875149044485,0.6608793515062129,0.500066990467038,0.3048871185120691,0.36242529135342233,0.2161897911952784,0.424145777818848,0.7244722067548562,0.17165496669484182,0.5506553441202805,0.5416006147195398,0.3302908355929297,0.49174498158305285,0.24879353532770943,0.22514362568515506,0.4396395248301656,0.4004055581599958,-0.2623080412163488,0.18754280272186552,-0.43948798084165286,-0.20901492888068937,-0.03085178273884815,-0.17580605396185028,-0.5206165079052816,0.007236380490787983,-0.1664831835386429,0.46486503071866897,-0.2899291041603716,-0.07213063771712229,-0.08383922411737033,-0.4591581626434147,-0.30812101888238236,-0.19341529923459455,-0.16463377573058494,-0.38204255914293234,-0.3361828319169126,-0.37176724903540503,0.38765226891342036,-0.0764678693708553,0.6261156538425675,-0.14219107013183255,0.15131694392805192,-0.046793574281712075,0.22650909433272398,0.14315643316733087,0.24478814316238834,-0.05449848603649219,0.46958248664225766,0.5963884942358215,0.3768875310174997,-0.19775763912794672,0.2936135189189716,0.5922182068813624,0.8615643445522763,0.26138312211229126,0.3143452362997613,0.48390373357435773,0.7905646237211352,0.5869123824772434,0.6872249122603138,0.6582442054595461,0.6536254084479387,0.4916108978263479,0.5968551371889512,0.686313129665896,-0.319534139007611,0.2643138174593538,0.4713718404448332,-0.10981182298832892,-0.38424092897540696,0.26331596229058907,0.3419841376414232,-0.16586269863198833,-0.45487219191359796,0.33542476474384014,0.41751731413318854,-0.14715995839051485,-0.23374166329627952,0.6848024595203218,-0.0897333024609613,-0.032129042348508684,0.5771730173106444,-0.372609678176434,-0.12812122987114466,-0.2414605000520272,-0.19952812360637026,-0.3534034915211093
0.5789229413231446,0.973243872282734,0.9040411768851543,0.5696985577791224,0.876792182610943,0.9193375991683831,0.1708665788593744,0.0,0.8907232424616417,-0.03968710757528046,-0.6006668916351634,-0.39821134998502183,-0.045526487168363404,-0.10654580158125027,-0.030160298205004692,0.828754088283747,-0.39756054965126847,0.8574297798903009,-0.2417222218892026,0.43690052926024997,0.016714457929372806,0.0777040632070795,0.40999479352139856,0.09524657715770869,-0.4905406963686905,-0.173343025780721,0.16457117529062762,0.3188762837597428,0.3126437849400294,0.30909493950431255,0.18427583538845835,0.27575025498913275,0.3093788567997448,0.5761063257570739,0.5079275097077305,-0.0291526456861242,0.08652951574465856,0.2648547716566427,0.08848129780297644,0.604069586523781,0.33725553319767637,-0.3682265475118858,0.43816155828316244,-0.11844492155416411,0.05154391866463877,-0.05231185596892953,0.3326223720666867,0.13820264210565794,0.09039924326457408,-0.21776103470238528,0.6229956526562663,0.9415831591450556,0.6712089525200973,0.5308723145367623,0.9466069706826434,0.786720902621782,0.9747819761609607,0.9452074478665733,-0.102157577363811,-0.7877254059243527,-0.3726863691044609,-0.10840927147916499,-0.03066694777029036,-0.6164412002395401,-0.27494198192273395,-0.27759022971980357,0.3718668040887389,-0.5908596235432538,0.12630259719843617,0.7129564350978392,0.21401749743404663,0.19623020178311487,0.32862230698748685,0.6117935109852264,-0.20737375373682865,-0.20243756915693542,0.07673772080246918,0.19259809461691801,-0.009411434506890174,0.03465915431276588,0.28146757282434737,0.4791853802814011,0.330400319336947,0.5937909555804279,0.6140948798468485,0.761552497885814,-0.08867688846250166,0.05512906364626203,0.5193723137228317,0.008407078055304305,0.20208773346960102,0.17388712015529154,0.16359615666218,-0.21029044641313047,0.39774556557341506,-0.2505743395376479,0.16682411439890035,0.29065847893077396,-0.04330052363949731,-0.20911672898036632
0.568275574750419,0.8813037644244376,0.918635684838269,0.5763233231484851,0.8098622771690444,0.9281186732138844,0.14540436352092084,0.8907232424616417,0.0,-0.05671727599290653,-0.4275131345667889,-0.34386718261696464,-0.07498637962927263,-0.0782323847220196,-0.12141950678550227,0.7430329067499748,-0.33063062388385656,0.8278894558501213,-0.20024565466138808,0.5221904535287235,-0.036580629043185556,0.10956658618095913,0.38569487324121404,0.11656852300991728,-0.4828217175532933,-0.06584516105329251,0.17422491496617828,0.2300923856249723,0.5076224411810862,0.2313534065542484,0.08533791982604395,0.03426396650846385,0.22697853720853367,0.6111712660692326,0.4302100278889982,0.03809915983771452,0.13616830458523121,0.11846422177757507,0.005253136848036272,0.539338613258841,0.37387289399413365,-0.2162824501583583,0.30493438360766556,-0.11830517891000175,-0.01922745885267025,-0.16401795043943926,0.23204496200944288,0.0947991275032168,0.19969692064119945,-0.1776105549219625,0.5175065990284096,0.8611206835438558,0.5629531463823912,0.5350404979119193,0.9319143188026675,0.9081181719524949,0.8738575626257833,0.9624767806415897,-0.10993282090499933,-0.617415687291925,-0.3472053310236948,-0.10565915236047624,-0.037489348969956836,-0.5738876839958706,-0.40999972023182335,-0.36689558751185275,0.35169040253123784,-0.5434114949716825,0.12945014272945468,0.6746805484851973,0.17009557403152706,0.1741561250024553,0.24496855757187408,0.6169362284089316,-0.22230635027147228,-0.09998457577652513,0.14415797244164022,0.11339196614486179,-0.09716563499956526,-0.14965557286228062,0.26376681286586007,0.4811858567258118,0.23672818419497316,0.4613707687855179,0.5845774474545296,0.6380654633690386,0.029229593465675996,0.005975311238692497,0.6535180032710272,0.052059535371270164,0.19381817967770312,0.0787986667814984,0.10181231439399466,-0.0795213829213876,0.3405727802479867,-0.2201828217860883,0.06571769106734987,0.2902595774321611,0.08047500904488931,-0.11481092773599023
-0.2511601775650049,-0.00937985545254741,-0.06497093089806444,-0.3853493531014148,0.22712821060285052,0.10854297751733241,0.527942613472882,-0.03968710757528046,-0.05671727599290653,0.0,-0.10881527826359058,0.6444385344442963,0.7487755067649859,0.7328090676966172,0.8169136806252747,0.24386883568278228,0.520576869708681,0.04491383722921751,0.7157810981701213,-0.01123921982804837,0.8238194417954232,0.4757140281569312,0.7503733137241382,0.5671228370230096,0.27987325347194536,0.4109851977108642,0.36162270092586773,0.676016801656542,0.37323536186347794,0.8600766901782014,-0.24385533695261638,0.026310597059411932,-0.10155790211825637,0.04596554187700482,0.4423597361622332,-0.418760230980178,-0.30618629584652074,-0.07485094980814451,0.34046301192544326,0.39982805058346355,-0.4916912807820872,-0.5361420493020155,0.014234550841872569,-0.5015322670118578,-0.3671161514359817,-0.10896366435748374,0.02027636697019083,-0.25380912104717984,-0.6171207884018947,-0.47930611900403336,0.015003194331729473,-0.22375606594542932,0.21100055397820378,-0.2231721500415028,0.09718873034032598,-0.2781914270949916,-0.13403561184690685,-0.05231135570813812,0.8146764109858724,-0.21199412604487833,0.6315297667780462,0.6524304205985851,0.6983336388771252,0.15596666334801226,0.729786221957776,0.7721386152542111,0.34388542833837155,0.5282765950015419,0.6442988247983301,0.16771639722553208,0.7428089237240085,0.5809116332592288,0.8071783078595087,0.2796012092006145,0.6809758659765012,0.3209397477935203,0.6173821893042194,0.8454458363903601,-0.4964000328928755,0.01824106553659602,0.5414841224732674,-0.39533543705402957,-0.431496201671074,0.23173556829268652,0.4132514538105295,-0.22708868324998158,-0.4382157220764173,0.8283251723037608,-0.2818817115317255,-0.5450982285214838,-0.2953238202509463,0.5061125297127611,0.12193481587767178,-0.5810169994938631,0.10053121264626891,-0.591335145974048,-0.23369823648473956,-0.16901064399244053,-0.685558039290446,-0.5814021755777963
-0.40096263927038184,-0.5078769868515732,-0.3868648370369294,-0.4203587707155481,-0.692269105743088,-0.5640911923728427,0.21909254583724905,-0.6006668916351634,-0.4275131345667889,-0.10881527826359058,0.0,0.5987137099118198,0.23278137494681658,-0.034483518290417944,0.011072408647007417,-0.4122297904990942,0.5378881560227913,-0.3381413164281116,0.06208469370517635,-0.2587854891216376,0.11062704023702172,0.11481520120111821,-0.2330338067256619,0.28329964448917655,0.556653383098948,0.589035551029202,-0.32870901833042376,-0.6324835084210122,-0.0744385179530175,-0.3644840005611291,-0.32240158512868283,-0.2704736796580966,-0.6794647135772643,-0.5795450305844875,-0.6538890601471885,-0.16563476492235946,-0.4705944204269318,-0.43919832644362894,-0.5793201265768181,-0.5913598562026539,-0.4439340954974088,0.7123355110125982,-0.46965509067960876,-0.21925078080795243,-0.3235400032654486,-0.34058916250080845,-0.653078376309729,-0.5493334068812277,-0.16820971167354476,-0.09559374570076841,-0.3913979031914497,-0.6709944275962827,-0.3226164924552344,-0.5247311801796114,-0.5692434848373091,-0.34862236076012426,-0.48733631639631847,-0.4556639230369983,-0.2374144039804351,0.8352971427056677,0.576497946036032,0.3737953666873599,0.04267505772629795,0.197198180845336,-0.13502886054161875,0.14390697321369822,0.185902954704886,0.5511756067027737,0.012176460168604488,-0.1360516761366484,0.10922870999774267,0.21613240331043618,-0.09300070382998456,-0.19289605954108766,0.4745507248048379,0.7205499761626672,0.25198720382161116,-0.0019621593147351657,-0.14131822242093137,0.03780209268243812,0.07832815857309876,-0.2972413374126403,-0.49229783739527805,-0.27630568519910015,-0.41504574853247483,-0.6869614048014366,-0.1291353065662313,-0.28741872173933525,-0.014071754553131036,0.02882758281489274,-0.36756107009966593,0.0871054750802291,-0.5798881446033733,0.5907091879917453,0.18098231156111208,0.12861398260937096,-0.3564445173008515,-0.5156257786470001,0.11874273770768225,0.002276431048465575
-0.5183192723617738,-0.2668934281219607,-0.21906313323302928,-0.7476682860818874,-0.3061031001860129,-0.23093638802652947,0.5292183355303228,-0.39821134998502183,-0.34386718261696464,0.6444385344442963,0.5987137099118198,0.0,0.8381469889513447,0.6222761435460626,0.6105079140124618,-0.07286381496489551,0.9144124326740914,-0.0886881174305452,0.7102397405049352,-0.33905767472623444,0.7795047531034421,0.6240045855060795,0.5161966600063674,0.7901296075181373,0.6572128387391332,0.8471347744142727,-0.11632908442500231,0.009122001232524712,0.24213804659053612,0.47137665223028186,-0.5393256735537245,-0.26856420401238,-0.6816119635208053,-0.29727679936025475,-0.058613178723848365,-0.6429015050804252,-0.7355702716143948,-0.5272276609466616,-0.2571137077273904,-0.19140510042883538,-0.8045470608353472,0.022713153879057764,-0.3242699303304541,-0.7218024986123265,-0.6895323819434812,-0.5267391833257575,-0.5504729649427088,-0.74257619591993,-0.7396631218963712,-0.6449516334849952,-0.3632107315722009,-0.6150262120700319,-0.1505764824787828,-0.7277831580309297,-0.2875345495165806,-0.4457993078203076,-0.3846656931651373,-0.32731822969467744,0.3023940134643081,0.32354961464635956,0.9702525420827882,0.8571869083691854,0.6039015473883117,0.1901747345300464,0.42369842034402555,0.6278147082618305,0.4708883397047189,0.8476154078544129,0.670864212886539,0.1584477069367424,0.7293901266874416,0.7381555152931294,0.6392392242856599,0.07196389046323497,0.9377383688885818,0.827444530075198,0.7599249240393257,0.7244839021511859,-0.6381506336879929,-0.08743917733464601,0.6264723802595625,-0.544951872502349,-0.7786638405324636,0.11289159498067768,0.017271422438291266,-0.645531551334963,-0.593212625780459,0.38304647944279313,-0.3085948858498001,-0.5575338234878284,-0.697236299294518,0.34412967459613497,-0.49254423924262947,-0.15088119506528672,0.22536846494642593,-0.5275181801518833,-0.6355566549108862,-0.6410480256563438,-0.5982441212913626,-0.6538546891678141
-0.35745038347416414,0.0800516022268329,0.052610883024051494,-0.5936318658771567,0.07363719682489134,0.06750347358961388,0.5854466585029624,-0.045526487168363404,-0.07498637962927263,0.7487755067649859,0.23278137494681658,0.8381469889513447,0.0,0.6089316929774317,0.6176111419288282,0.2475781272846119,0.7318070436576201,0.2559449611948857,0.6567196567066647,-0.16142815609499736,0.828814315489084,0.6145070580388008,0.6838671021831687,0.8160905220647133,0.4602588117844829,0.7336952593459685,-0.028053108681371817,0.2651184640521254,0.3812406371457683,0.638948648254433,-0.4748862322689498,-0.12652134236055915,-0.48960531413954655,0.032677012028999676,0.2550721878529205,-0.6386835710932701,-0.6427879916892434,-0.4268619723917682,-0.10531135315920212,0.13169548052118404,-0.6615804387486103,-0.2489224181999469,-0.1535598388108085,-0.7909174127065682,-0.6689667205414225,-0.5358352940461758,-0.3488707149342972,-0.6710125796403239,-0.8019560986474785,-0.7548188945019586,-0.10582575344683282,-0.30668849241871216,0.09099369158809838,-0.5444034636634939,0.03279984694798796,-0.2859910600729594,-0.06489377600130544,-0.023253036926875293,0.32902057092822423,-0.0731673639931927,0.8343664272423308,0.9756908078615386,0.6611139077368403,-0.07065755005650944,0.4183316377089338,0.553756308169678,0.5980533274582158,0.5758334082563739,0.7862073093031,0.45942152928293795,0.8509877912247535,0.805044027377519,0.7906423240782937,0.33237032743279704,0.8673714248737661,0.6545101242934608,0.8286051410640136,0.8248210267147723,-0.7012217866125714,-0.08644258424926361,0.774148832370208,-0.3024407766768513,-0.5974139084002098,0.4182676768715081,0.37044360184192215,-0.30091296309559495,-0.5774379716154914,0.5118398360925507,-0.1413215714907229,-0.6141788377201317,-0.6405966966939703,0.3573522749175602,-0.32871310958253386,-0.3855779276569122,0.21671420665142652,-0.7017989600035288,-0.5803865935925799,-0.47057203624464944,-0.7345698155182282,-0.7741035121918093
-0.2003083407809643,-0.052172004520136775,-0.017731261213886074,-0.41111986237394055,0.12727650579930658,0.12002171377563718,0.3029875149044485,-0.10654580158125027,-0.0782323847220196,0.7328090676966172,-0.034483518290417944,0.6222761435460626,0.6089316929774317,0.0,0.719665001623891,0.09867489534963814,0.5859544862911538,-0.02808763137430917,0.9007867953812677,-0.11023470503139944,0.7699815540884591,0.45970452598536216,0.7011093317979107,0.5087875279096901,0.296408796914282,0.3315997990112742,0.2138078341323331,0.3759382879120856,0.25422428323355434,0.7369708613707082,-0.2766153025687516,-0.1144942049708734,-0.12846825405699797,0.0036127054348355885,0.33659644968829167,-0.4342149313978563,-0.40509484714081956,-0.1593925569599923,0.30554517073981774,0.22053791458999256,-0.4132332256769419,-0.4977488175272706,-0.03728180153470212,-0.5838055464771151,-0.39156773047320587,-0.1612967426347431,0.05601067424619111,-0.23004999985902289,-0.5105166295418353,-0.4643436228402711,-0.18876985570535867,-0.22358415494151826,-0.012228304522347425,-0.2817401361047462,0.04732139647450743,-0.20146587920462558,-0.20879865313889323,-0.09592618364069293,0.5701022630421279,-0.09502373217371095,0.5728116016877489,0.5169562251767404,0.621619074149767,0.33374477077026565,0.6703227303984522,0.6073015855838669,0.22843294913920092,0.6057004399036706,0.5989771396667327,0.022434119753921983,0.5994912665387141,0.43024100060545295,0.6684425040265896,0.06670310932926068,0.528660515922827,0.21274128366762105,0.44225069232062814,0.6689395144848219,-0.5184548315525663,-0.12985655128885043,0.3796061643110365,-0.44656220018529663,-0.4956642438373102,0.021527883838875307,0.10124314515606145,-0.24167638986399514,-0.5723617308175972,0.5226446312601692,-0.36767638957375104,-0.5234416452623156,-0.37067299506148865,0.23927791085623065,0.018798000561715482,-0.5792532352397093,-0.10057536119467826,-0.6465503444547841,-0.3298337326808031,-0.28584478935893914,-0.5769458526572169,-0.5693426734309058
-0.061492018571209166,-0.028793091734894128,-0.12991843236147071,-0.26653627175581646,0.13690467302598391,0.04215552149194002,0.6608793515062129,-0.030160298205004692,-0.12141950678550227,0.8169136806252747,0.011072408647007417,0.6105079140124618,0.6176111419288282,0.719665001623891,0.0,0.19171591798624418,0.46444381955700836,-0.009931184294036936,0.6234440715914615,0.16866281667106975,0.8978940034475896,0.23194073457821932,0.6513633108560121,0.4560531309033528,0.2880260875558891,0.31760837386804147,0.44145897125955486,0.5534142910073007,0.1794825011750837,0.7221910818551087,-0.13965251494602804,0.27358048775831467,-0.14870326089622618,-0.22347071294695176,0.20680091773978773,-0.2024146469169322,-0.3827266193517308,0.11965269317390395,0.24852442000249222,0.34275900443016005,-0.3869013856270291,-0.3871527231668477,0.022828078019351834,-0.35621845045296,-0.17650731565615327,0.09839767525373783,0.0665529467050994,-0.1312075342792677,-0.37252192843649035,-0.26010308127013665,0.20154417396217392,-0.2040393432266527,0.3309713310687436,-0.13465077619261576,0.0500989120773922,-0.3293586321133461,-0.09673064652659118,-0.12117552830149061,0.6843069374242818,-0.08767860150366186,0.5638309909748421,0.5447171119899253,0.5325098713525697,0.1872982884284898,0.7766408794200412,0.8930431754707631,0.409862499282437,0.5783440536416175,0.3894138076199785,0.05079342694741652,0.736037514979949,0.4425382924856622,0.7601754258101535,0.16214322163176645,0.6576644852433866,0.2539279832300824,0.4117458056195982,0.7887369735597387,-0.2973677238609435,0.3298209504707687,0.29730061299325006,-0.44279243491367626,-0.4045648846911068,0.04461675618279163,0.22163601865078966,-0.2809074673367245,-0.5433239168231719,0.7300335141668577,-0.1849186155170933,-0.381054410270733,-0.2229946634882183,0.6415044770694083,0.08722508307092806,-0.3956100921912718,0.1967325389931889,-0.37837843265920307,-0.03797950102689083,-0.17170652876266995,-0.3817253037773703,-0.3872379342174677
0.5638140681172568,0.8498133495305608,0.8078033706687583,0.3408683885213476,0.7346317527653828,0.7862318992991019,0.500066990467038,0.828754088283747,0.7430329067499748,0.24386883568278228,-0.4122297904990942,-0.07286381496489551,0.2475781272846119,0.09867489534963814,0.19171591798624418,0.0,-0.19826443933393859,0.810221581944884,-0.07133636191700204,0.46811851440669006,0.26115888485088784,0.24990030469027216,0.5851071541172893,0.37142198119449293,-0.1678275589093718,0.08613819984920827,0.30487595393467254,0.3674082852331198,0.47489757484972395,0.4444752378332856,0.13667417343518157,0.37351528794655303,0.21790985572652152,0.47351828379188965,0.546035626832,-0.16648666092543898,-0.1116181571480047,0.2885070653889071,0.10739405356191441,0.7869899234414868,0.20772587330670766,-0.3304201456901305,0.49370857065616386,-0.3552753892709698,-0.05458714360098222,-0.09795996248572421,0.3276236877968951,-0.016606386682924877,-0.19714668014347478,-0.3875301041136288,0.6408740157349289,0.7078438626922517,0.7687065289040216,0.3542619016734998,0.8160206327192674,0.5758747056633812,0.8036905528619785,0.7832801239144406,0.06103532789424564,-0.672893594773543,-0.08802033145409004,0.17667853745992013,0.1348796514218106,-0.6222253597305393,-0.13465799215333843,-0.04924802383082319,0.6035271813158753,-0.437890797430433,0.2822731982496654,0.79469087615328,0.45155702887114396,0.40358600765412134,0.5319002193488023,0.8016082712891954,0.0792469992674523,0.03412592105942531,0.32350869682611544,0.45289703121556824,-0.10845989780681571,0.13645474626127374,0.5068931216084115,0.4663224457621625,0.19176991225752305,0.6917479787849304,0.7111909627792659,0.6248133031611514,-0.16160754035057925,0.17462378944261253,0.5366147846056225,0.007154166307552129,0.11259448997444337,0.3397393989737387,0.20107292562240395,-0.1829874877141849,0.5462864729478378,-0.45254815230794476,0.09110649610743221,0.21682246608168476,-0.2706426165838248,-0.3826473858734971
-0.5244093246125354,-0.24994832220216,-0.17271301013451282,-0.8235832828107701,-0.33561523977047847,-0.19618891537810473,0.3048871185120691,-0.39756054965126847,-0.33063062388385656,0.520576869708681,0.5378881560227913,0.9144124326740914,0.7318070436576201,0.5859544862911538,0.46444381955700836,-0.19826443933393859,0.0,-0.06287054965592834,0.7898695376104585,-0.4798880690990824,0.6862675498166912,0.7253402851431946,0.505404991403005,0.7800619128507027,0.5568159320845061,0.838730827524877,-0.2712644062441357,-0.037600945939397334,0.30132179559792804,0.44524123956056433,-0.593557453470255,-0.44581291576673227,-0.6930610472159308,-0.15611814213390912,-0.019228302675768704,-0.7025084450365192,-0.6519422954695301,-0.7001622655306993,-0.4030862131264089,-0.41034276657697993,-0.8077390666435347,0.00823263728849822,-0.3703935983360685,-0.6842715403015355,-0.7476946462163979,-0.6431847439550148,-0.6854837003561577,-0.7577674300481186,-0.6397032967704579,-0.6538482953090816,-0.5300334597339943,-0.5720773302156599,-0.3951829403545475,-0.8316929847242149,-0.29556431944408346,-0.36959870575841597,-0.3965754945904526,-0.3248158760179197,0.1504732304492237,0.2675837253723863,0.898585285534738,0.7414098423358526,0.5703788653507943,0.24887924889875862,0.36188891544245316,0.48018696680744066,0.33669705106485565,0.8939765373232276,0.7423582802627617,0.1326867046720191,0.6290662796582176,0.7329403666702982,0.5635880885381853,-0.12220507040386654,0.8572724784305756,0.7771504116873873,0.7412637223030405,0.6246962689670961,-0.6765231713094932,-0.2781846669275862,0.6107560010840214,-0.6003677572102415,-0.7998347588372072,0.1338328618532763,-0.05140450553123266,-0.6869412371367362,-0.49220069012046586,0.313810009798666,-0.4085210306124399,-0.6984013682130781,-0.8372226004875248,0.07256205775193345,-0.6943132985733234,-0.21085618563036604,0.14111814718812357,-0.4813498874000192,-0.779422372097234,-0.6632840217424972,-0.546340787464069,-0.6482065412714045
0.47629733419339493,0.895244928994104,0.879337713842664,0.2139321012384544,0.6937941007132816,0.8425239124884844,0.36242529135342233,0.8574297798903009,0.8278894558501213,0.04491383722921751,-0.3381413164281116,-0.0886881174305452,0.2559449611948857,-0.02808763137430917,-0.009931184294036936,0.810221581944884,-0.06287054965592834,0.0,-0.04218487721234673,0.39775486867126403,0.20950152479139053,0.3359371086866817,0.5496050502234374,0.4139456429879316,-0.28882880184571985,0.23191243416065785,-0.03768633008834187,0.2091564253651494,0.5974863864825959,0.3255257848710543,-0.20513742648260846,-0.027755320492247246,-0.09024388350494428,0.6284451555442838,0.44202047572934217,-0.23769401004363322,-0.16063368744456222,-0.14205525830637641,-0.22612107021763758,0.47435769525597976,0.11486964502777539,-0.2698970800701035,0.18243643512931898,-0.40428392754175396,-0.32507994717757416,-0.462489674742719,-0.04249383174039769,-0.22844707804653852,-0.09735592977355832,-0.48137400372365247,0.4273730827360009,0.7101032717651761,0.5487005948480764,0.17192196691033837,0.803984900828444,0.6884876411578067,0.8764870659303673,0.8625988684088728,-0.25704219525532734,-0.6629555360808509,-0.0984208188247171,0.23661202481725396,0.12342630890993078,-0.6420968517839055,-0.3209916658155996,-0.24181706223409216,0.6435759770141368,-0.3684859114989607,0.41725342904393886,0.9167647488218068,0.46805590034221806,0.5009274953355084,0.46910887419846037,0.6814427181572474,0.07854773234481044,0.12832620939808168,0.4456695057212377,0.3405728311553989,-0.3728364524722273,-0.22611035519919007,0.569020645357918,0.3728894565787368,-0.002790146141009145,0.7293164494997517,0.6201748371343004,0.5049875552273866,-0.15641231352659313,0.05655314508008925,0.6108056038872616,-0.23048960282713327,-0.19531746381723297,0.05451686613578,-0.17408684448213851,-0.23510607775654932,0.45627127156016667,-0.45520638620883463,-0.240929915438445,0.009616082960649247,-0.159361572754219,-0.41206103186989135
-0.3678116970145857,-0.15279338700972586,-0.10672713190599038,-0.6388377294384726,-0.028883675706757726,0.00977451351078377,0.2161897911952784,-0.2417222218892026,-0.20024565466138808,0.7157810981701213,0.06208469370517635,0.7102397405049352,0.6567196567066647,0.9007867953812677,0.6234440715914615,-0.07133636191700204,0.7898695376104585,-0.04218487721234673,0.0,-0.2924145962554925,0.7568310642385618,0.6169540492102723,0.679693857057969,0.6056335511659724,0.30864266280765384,0.5073484571408418,0.010597102512865485,0.32982966150151916,0.3480423817603915,0.6981672529202991,-0.44899732069721576,-0.3488205986625049,-0.30928374041074624,0.08875830726664957,0.31499434381686203,-0.5476614999095599,-0.38675351806903735,-0.4496468131365399,0.06264028645694814,-0.04579348246435973,-0.5508839544701605,-0.4238140305416812,-0.17453696977338656,-0.598370720522203,-0.5560198690017016,-0.37450024275151994,-0.2283124963856447,-0.38524692211426814,-0.5442348207174624,-0.5344218532130545,-0.4190338299225637,-0.36477921845427214,-0.2700420853517212,-0.5387409070384789,-0.1006129395390443,-0.2961118107872889,-0.3311448190654737,-0.21978844298528843,0.45051807072679445,-0.046015434653822435,0.6687686417141976,0.5797513121613246,0.6570236235265389,0.3715929624836608,0.6401250568412755,0.5643037684683784,0.1789707262255177,0.7591825738078358,0.7449452607224021,0.02525760641484266,0.6013255504439401,0.5435227957266392,0.6411951416967363,-0.07909646614208835,0.622031766336446,0.3399972902172562,0.5725878955613289,0.6500132115284337,-0.652833479758624,-0.32546794688642405,0.47233197823556783,-0.5630088717320979,-0.6254566198313306,0.08578148463425787,0.05639605971699908,-0.42521234684655773,-0.46623387591617405,0.5347900063546042,-0.47837420387395035,-0.7058334038617718,-0.6199471459753886,0.036307984362418416,-0.26046946849082653,-0.6071634542806644,-0.13267477661845092,-0.6078209802626733,-0.5732744532593662,-0.408168434618341,-0.6152674596390406,-0.6074376053515437
0.643652563482571,0.3541174492379736,0.3123326560878946,0.5426514183950828,0.37809383839853833,0.36438757648245645,0.424145777818848,0.43690052926024997,0.5221904535287235,-0.01123921982804837,-0.2587854891216376,-0.33905767472623444,-0.16142815609499736,-0.11023470503139944,0.16866281667106975,0.46811851440669006,-0.4798880690990824,0.39775486867126403,-0.2924145962554925,0.0,0.05757911287197805,-0.36860663857295317,0.11507232326822292,-0.16414752955379605,-0.3452142972282332,-0.20501089334122397,0.6542819271366871,0.37238632516224734,0.40197624437567175,-0.03796386439550025,0.2784811208292137,0.3822221741857503,0.22211063787555213,0.25259292746638795,0.17257171508089714,0.6610173061804915,0.35147871244272366,0.4437564716533939,0.04277166567204712,0.6190269572422011,0.6453802235868235,0.05097549373021223,0.3077286717463417,0.33471251029300086,0.44416593373259305,0.3545930741470489,0.45389088585537557,0.4887677909581832,0.5300840816053154,0.4036822551889444,0.6135997725727298,0.42743828395837546,0.5976546196573935,0.6224552404067228,0.4188108318811128,0.2969036811047203,0.41801774521050933,0.3864856371670127,0.06768444133577294,-0.2805419589135457,-0.4233403133560597,-0.14650802249968797,-0.22593207223065676,-0.3518069249087318,-0.13357749374104738,-0.03588122479102541,0.2680006943695214,-0.4534761762612386,-0.3427546163875305,0.1798248482376603,0.07632840595476631,-0.20431381259220147,0.026094169186228068,0.41948339621666836,-0.25892010808826577,-0.3146734448148527,-0.12520324786071466,-0.04207002495000015,0.25835655643152405,0.2796960881065682,-0.22035426364576588,0.3687385315099978,0.3460796351395522,-0.013476147174706181,0.4079148465965351,0.3188135749371784,0.21781099896175943,0.15872779501484888,0.7231944687087692,0.40574251479540757,0.38771848954876487,0.200054181847865,0.3851585327542665,0.1580075500160134,0.2298261848711429,0.1898454297375736,0.43559719221730564,0.4735739238390042,0.44533133392772317,0.3964929331686884
