0,1,2,3,4,5,6,7,8,9,10,11,12,13,14,15,16,17,18,19,20,21,22,23,24,25,26,27,28,29,30,31,32,33,34,35,36,37,38,39,40,41,42,43,44,45,46,47,48,49,50,51,52,53,54,55,56,57,58,59,60,61,62,63,64,65,66,67,68,69,70,71,72,73,74,75,76,77,78,79,80,81,82,83,84,85,86,87,88,89,90,91,92,93,94,95,96,97,98,99
0.0,-0.07080636349137812,-0.2303312011260391,0.36384867833384954,-0.010232858850346874,-0.3853027439809358,0.25694936586767947,-0.2618145340666259,-0.49569798847596536,-0.6190887133820843,-0.1729931296439104,-0.3095286386793558,0.1793789797769901,0.13599697915341388,0.22214478529893109,0.3788781326905362,0.22986064349183624,0.019458956037881503,0.22705285559214716,0.19031414928045046,0.05836779810762134,0.16532407557657702,-0.11249333745399782,-0.21559237262234013,0.10576394716940941,-0.19769265107035627,0.12140656683842421,0.22288459385892861,0.00037832371831123635,-0.3717025028293143,0.5177112936584903,0.35839596674540236,0.2698420466161873,0.3713871109796891,0.16884685512534395,-0.36924770985088023,0.05759668504856576,0.06599268650749193,-0.3961577389349649,-0.5184075959520797,0.02692171815440131,0.4335857808242914,0.053782760284307334,0.34611010107766227,0.26225006091321856,0.26296281288426954,0.23400436454714377,0.2959827836116214,-0.07926263918146662,0.031957903960104915,0.3802537971486617,-0.17154017585896625,0.19822741696278154,0.3498531841819443,-0.31630260470830424,-0.4686494146704183,-0.040752336873901576,-0.3675515279092156,-0.22210166687239025,0.179067835019829,-0.09472176970831182,0.31045766048951146,-0.19168705122119117,0.3144865058670371,0.13855672580752332,0.30841969289438054,0.22559063686326095,0.3208148276166983,0.3096728838766391,0.16391861435982658,0.10022116153539673,-0.006714451002750362,-0.04733850822352097,-0.48319443371863346,-0.013629917460692914,-0.09110184806505045,0.02614767328525969,-0.11558879843970729,0.46889041052145314,0.5087642609283722,0.3720384846626642,0.3792610208196231,0.34820276016692325,0.013840829206456092,0.2129287645258148,0.26227231825750125,0.06260943694573659,0.3317525701369511,-0.17327314186387285,0.16907537025377625,0.33936066198163106,-0.105705392558277,-0.5060986213324473,0.45150769537698654,0.042886077431486785,0.42911920914373164,0.2829496196657176,0.3455159882564685,-0.3766474856223831,0.08484630489284413
-0.07080636349137812,0.0,0.7578313488035857,0.6053766325233902,0.6579214356507249,0.5866021536903688,0.4747892186645693,0.7714095775869723,0.4635027879283114,0.2756489056999078,0.16565716017728363,0.05098545814541887,-0.12923613193415212,-0.40060631252055223,-0.48155259328433764,0.6935456927651432,0.08745180577624,0.5596829075500808,-0.04259664292475997,-0.23516979081801193,0.128020971562153,-0.008728821830561924,-0.13689184753684877,0.03572669392391287,-0.06221224690630454,0.22391368829563957,-0.41488374933887034,-0.4518494841906084,-0.18352737531071603,-0.10612010360423378,-0.38282633906013397,0.14223107582156289,-0.3746244254708833,-0.3433358186148975,0.12540256373159006,0.1672366923418825,-0.46902314688679114,-0.20023147014764947,-0.009639996556493174,0.19303396470700193,-0.4421106083782196,-0.31497142272609774,0.0710401531497805,-0.5382171406568869,-0.024140759790038543,-0.4883124552612765,-0.5006631385406559,-0.49345432880682455,0.09109483252068767,-0.46058132226915033,-0.14846666753391077,0.8163839419156258,0.6787020734453698,0.49134036274175436,0.5964073018286448,0.4675030726627157,0.6763361500019899,0.566734467638195,-0.07550437752601322,-0.45930226859159706,-0.23976558997225783,-0.28525125872987955,-0.13041041000133677,-0.4736283931891327,-0.3969384870995039,-0.4705045149363761,-0.06847767886261685,-0.09579868035645166,0.28068827417381165,0.6402379107866614,0.13134668438612246,0.4473877018522314,0.2622525807513019,-0.2051919590584174,-0.09350626353046021,0.19494319709259733,-0.4605597098246127,-0.12202756808838701,-0.016152608672727012,0.1439285901895896,0.12106619213398224,-0.32271948579000254,-0.06602834196984858,0.33547965603146235,-0.19164363477810445,-0.03636784349200693,-0.24529028441482217,-0.22053313090705032,0.09528754762210445,-0.41355659706520054,-0.3422780206544944,-0.18853357161623924,-0.2646692044021694,-0.31396898698118575,-0.23894088980871972,-0.5157267508025566,-0.4005995125407526,-0.39348011565958724,0.2387499026131862,-0.387593655948392
-0.2303312011260391,0.7578313488035857,0.0,0.10357451737900329,0.5274395898794423,0.8654499938338422,0.3085942523034948,0.8906436062470395,0.7818008314526649,0.5015018191864442,0.2420671099655567,0.2739391235423512,-0.1912619751473842,-0.43831254844260553,-0.5291632320720336,0.2834471703351579,0.16509284716526235,0.5450610210857282,-0.1292395247830239,-0.3274233470095907,0.22818580147008044,-0.3596315541674649,0.04553576330559731,0.2920478586850218,-0.08118752391066944,0.3742054914208405,-0.6056728773084392,-0.5253636721636294,0.00771124993026946,0.21760944711025879,-0.5623794217777581,0.08632091956498401,-0.653549865327863,-0.5039246189191303,-0.059946709190396526,0.4323828097317638,-0.4768636226209645,-0.32744213232826125,-0.17333682521953653,0.2951828661576052,-0.5605070231788971,-0.7122841618731561,-0.16063869681033527,-0.7221606314619552,-0.3875991498975443,-0.7163858404951885,-0.6934192387477845,-0.7518759722868311,0.04693140889354101,-0.5300964959608437,-0.018700743173294166,0.9172784927346426,0.47697202386862936,0.13200763014338024,0.8485153010198526,0.8337152188133693,0.8276868620724094,0.8700165326684641,0.14938241234423072,-0.5381907317372684,-0.013457865422825418,-0.4460767566117335,0.17774679254108977,-0.5553422328850158,-0.3933142210600046,-0.5923979985621618,0.01813651503722765,-0.17623984563474074,0.17376272531224604,0.6057046690670806,0.1177831510687087,0.38111750443273373,0.39753083391059313,0.0858377125531946,0.05651841707015464,0.33295905290516875,-0.3858165014429179,0.006717043590541131,-0.34836704222273573,-0.026881835230318805,-0.08997029987393876,-0.6097067018648317,-0.41893569391886737,0.19499389269720704,-0.4405442288694869,-0.37344264423333723,-0.38963587142010697,-0.4954860531802816,0.2588316664602931,-0.4884291867845904,-0.5929928246749898,-0.24214176612339233,-0.15199411672867433,-0.6460179789396688,-0.48165032810932745,-0.7600854290216513,-0.6630761127629329,-0.6883017251486355,0.37430052111669043,-0.4302894573943576
0.36384867833384954,0.6053766325233902,0.10357451737900329,0.0,0.5919078030311868,-0.06983428865282579,0.3445419083432896,0.12394786840658834,-0.22296060483337876,-0.3098603612233648,-0.3191561160700907,-0.3931575694138316,-0.15639705951191787,-0.2746612745290799,-0.28047980036391434,0.7255357323373945,-0.1360195960539069,0.14864885026790828,-0.05353941134340243,0.06955486355815749,-0.163543811169584,0.2414883467676539,-0.31912658047596315,-0.3352837174237839,-0.057067383371915366,-0.17751459925060395,0.0827120723221725,-0.05871285763966773,-0.24261383080982402,-0.41673661418456387,0.12143571844191987,0.23637262238685605,0.2594574254718341,0.019358459226719346,0.245886227375997,-0.1815483677546049,-0.09042163267482552,0.10494612365423112,-0.02326372222920081,-0.2478929747563851,-0.09059373245015298,0.34495507416388743,0.13954463252714297,-0.012963586415390672,0.41513331439481116,0.08861500463599323,0.04486170578831389,0.08443946898930733,-0.13397057684252114,-0.08671803355276572,-0.17610628650435675,0.1597278030221517,0.3823056872919975,0.8544104674515595,0.00018799942901664258,-0.24425136478182713,0.11779817737926052,-0.11184905971321177,-0.3477184031309174,-0.31030913659395587,-0.4383944360456145,-0.04980567867797312,-0.474891084128538,-0.18790834202680248,-0.33705749238943084,-0.16152963982081606,-0.08068472382269246,-0.02477263826030018,0.16895442415066886,0.27801721096575277,-0.025049474629052725,0.19685197452603845,-0.11349854529334039,-0.4360095905012429,-0.3562274350317078,-0.11650302181070499,-0.18567538052919924,-0.15747360311338332,0.3840023235535535,0.3425186826164575,0.30607505955829806,0.2846139173007225,0.4718134269724056,0.343662457863411,0.25298902905962933,0.4404054604781486,0.16007961777861812,0.3268666780028666,-0.0647937423325712,0.04822553579887805,0.24192978301604082,-0.12206336849914678,-0.29132289120134475,0.2539781390167321,0.16291268552320393,0.1457680981504486,0.22882491124402346,0.22391824238329505,-0.23267782898525652,-0.04426524597521502
-0.010232858850346874,0.6579214356507249,0.5274395898794423,0.5919078030311868,0.0,0.4302258596528724,0.16355960300907527,0.40164038156126713,0.3720044814159126,-0.0519913056097837,-0.3067558229786852,-0.2952835050147845,-0.4380166353789683,-0.4581432169556196,-0.5464746304683555,0.3756781398730893,-0.24917643993092128,0.3811177257734968,-0.2614432807114996,0.2404622094364916,-0.15971441299013633,0.011656651655982056,-0.17532811620404853,-0.15113039050665933,-0.30696520687898127,-0.15292526893375757,0.0282671354776342,-0.17876650682775125,-0.10500965875443201,-0.1726382186706794,-0.10356988923409714,-0.0309858279851408,-0.060686658655320296,-0.006578550080513337,0.2894579105422877,0.4527498762120277,0.08223661738781854,0.0498580693605138,0.03428960433184704,-0.32944735379801027,-0.07007480395566391,-0.16405396919729096,-0.08681258569427734,-0.19132789060858632,0.2492960766162163,-0.09477749859652607,-0.11476809973806885,-0.10017962949222825,0.07181503391217606,0.043675947060077686,-0.4607192866638499,0.5069667816986408,0.3387115713083473,0.726698490956024,0.46853669961864053,0.3646136239690746,0.41702884694152265,0.38156688404208283,-0.3210426458578004,-0.6498205065331573,-0.48419873042100803,-0.3392371201573831,-0.313108112759052,-0.5062279600678327,-0.5796121297269807,-0.505584746529296,0.2826188141416166,-0.2898143296253295,0.043154618288097246,0.3931047874684323,0.033807173157974865,0.14901084591103184,0.02879812163297745,-0.05417501423175564,-0.3941051839342378,-0.08341156957341533,-0.06135592793642317,0.00350524314521632,0.1495089160906985,-0.07459999495138589,0.18794828366096364,0.2095835730632149,0.3584943526341223,0.3399194672660806,0.12544188361365358,0.38355904116553535,0.3203036044971369,0.11257777318892863,0.5347390977320338,0.10325545090894032,0.16184068150424444,-0.33334544998768545,-0.0365045041943381,-0.09873606839328901,0.026901010384508227,-0.09266719820615683,0.056879115669012666,0.052738405213062854,0.23531536915675688,0.13597092301438982
-0.3853027439809358,0.5866021536903688,0.8654499938338422,-0.06983428865282579,0.4302258596528724,0.0,0.06062682994513303,0.8689890485333936,0.9488184115486707,0.590353476084165,0.27062965552432877,0.35867486587086733,-0.38605953365304085,-0.6012671142253992,-0.6001318340263121,0.09453775841218039,-0.01864401356844765,0.4721666540477135,-0.29369833083515845,-0.3008397188514627,0.22685903326427348,-0.5465408150616037,0.1334125780264449,0.45135644266931,0.17544378099107227,0.5865858575091323,-0.561168374782989,-0.4176307059579895,0.08814166782985249,0.43717583864108484,-0.6951996324432542,0.21686505083836935,-0.6997884818976745,-0.55048402515949,0.013485995134150077,0.6708519733888837,-0.40847920052159176,-0.38265139650474805,-0.2627107824063047,0.2545282503770314,-0.653016432808843,-0.7033366143267478,-0.2551151369691908,-0.8377655675172142,-0.43575619515699293,-0.8175460245415725,-0.7914455856501649,-0.8106679804629575,-0.0718569488609502,-0.549081252308812,-0.13840051635965897,0.7878982710262891,0.35424684744725377,-0.009971281175866337,0.9871971899867121,0.959936893291373,0.8009754034700217,0.9648575638292517,0.3097246981088011,-0.5789155255819928,0.07644417825903714,-0.6407999382061595,0.29305945056778926,-0.708492563805095,-0.45413571865365,-0.7155341947347909,-0.027483535905817494,-0.3930090298928594,0.06441357708508269,0.5556771801825376,0.17878644758779869,0.46456843857595403,0.41716016125163147,0.3138847719187013,0.13150839856811283,0.5740240235796347,-0.2871501809315828,0.17237882190716697,-0.47306651087642043,-0.0027171638722596324,0.05458150857111353,-0.6537087581962997,-0.46926942762562435,0.3332482082393756,-0.31778733451029834,-0.29658437602247373,-0.26559785706914013,-0.41566304683168503,0.4039374697842444,-0.3789920260453241,-0.6793159232830046,0.07770906657422472,-0.04310256197103033,-0.7858667818020701,-0.36940037818128,-0.8279777451322655,-0.7491357698146808,-0.693421599510014,0.31948034405427084,-0.5140222428911553
0.25694936586767947,0.4747892186645693,0.3085942523034948,0.3445419083432896,0.16355960300907527,0.06062682994513303,0.0,0.31876421522652837,0.0481141558025669,-0.019848843007364548,0.34055816655522037,0.15767108440531039,0.3459211517966771,0.2054728623773558,0.18912635903606517,0.6927376791816648,0.6225934724874798,0.5748150240719855,0.4909992529243326,0.2093140936086051,0.4361301309488814,0.27336114040950543,0.3579797376036749,0.32131358029514,0.09705325589212216,0.2033884606314876,-0.09736051084277395,0.0634351922629175,0.37842728897893574,-0.04350279021936995,-0.14120765145097736,0.18490770040821777,-0.09649520378132588,0.2399964597820849,0.3454541383419052,-0.09883762045485282,-0.14388490471121979,-0.33829421411814875,-0.2565664494788208,-0.0006354482595584377,-0.1266140169361959,-0.0736903312404598,0.04499990351707303,-0.08749954453169612,0.0232920929646094,-0.17631421719676302,-0.14794046818084686,-0.05930747602995962,0.16833999800899677,-0.22304098162860345,0.3601047342743017,0.3813248160230983,0.5385601679050234,0.19915428649595152,0.043294754717475015,0.004494124821366876,0.37689778166655413,0.12505464673953182,0.018169259495799533,0.1723724479538317,0.12360301626369326,0.20407107109267994,0.03602381614938002,0.13013698437743898,0.11391979968213106,0.21365351248201886,0.31405272637395826,0.38493767365147147,0.5197061096771899,0.4571448294329466,0.4379290238854905,0.2756654995427072,0.40608366216154684,-0.2985553222332755,0.3720807296505461,0.15793153966219145,-0.002519276924409006,0.11425297091084897,-0.0670717731388866,0.29952139716721493,0.26474981450480256,-0.1121500782658381,-0.1473159825256522,0.1460759729956347,-0.008112247891345632,-0.17996378397806875,-0.21248230266822102,-0.040455282397703816,-0.03567846913819411,-0.2477738865844253,-0.1163674042473188,-0.1471784850198346,-0.3675588106231587,-0.05716246356857758,-0.29035089621289195,-0.11222576228929679,-0.14904804056930743,-0.09107551730312788,0.022090619535410378,-0.15157662814031742
-0.2618145340666259,0.7714095775869723,0.8906436062470395,0.12394786840658834,0.40164038156126713,0.8689890485333936,0.31876421522652837,0.0,0.7929088962986004,0.5681660673744849,0.39635443508919666,0.33622362969467645,-0.05359408253776357,-0.3755492259293591,-0.4044814365736522,0.35045836332769803,0.25230173654256527,0.6808755757102537,0.002455089053658561,-0.4382451086610781,0.40609003517863257,-0.36590751010406813,0.044270966269282244,0.2957102632814993,0.03778087514540332,0.46565906129128054,-0.7366003466961801,-0.6157109883729149,-0.03396502095259094,0.21713447365369662,-0.5692371314828326,0.1455466634829799,-0.7518940188497671,-0.5001880317183639,-0.08455313582855009,0.32479640944825816,-0.641967978060103,-0.4576543590390809,-0.2664934147397711,0.3399688828043947,-0.6922225702880664,-0.7185516010416175,-0.17562580271168715,-0.8208749807795612,-0.48710333725917376,-0.8496582216604691,-0.8172294589218015,-0.849088947090311,0.04007610717969872,-0.7083894190196748,-0.026332964360682626,0.9028504114441139,0.6382010184781769,0.06842758016430979,0.8684977893134413,0.8025938655951252,0.9052359888975986,0.907461372706219,0.14886582892964215,-0.4292245628242086,-0.001332481215345935,-0.35610530538779833,0.31448616904317794,-0.46409803006576805,-0.2343395214352324,-0.49605417908014987,-0.13960706713220875,-0.047904254719287886,0.3599647133544113,0.7790907118669309,0.28609446197746496,0.543012296375758,0.5003527384377882,-0.019038158557021186,0.19494057271726156,0.4263115129073196,-0.5155346889951727,-0.03719329962240387,-0.3874468854953846,0.0030689918895631745,-0.0018737021472597071,-0.706307206448971,-0.536766253162076,0.26002569034322903,-0.48560777740543803,-0.40276462557400877,-0.5286964491426971,-0.5699144207861829,0.10660745315046548,-0.6717452971982772,-0.7515174035794485,-0.12458857541931563,-0.32727252204558005,-0.6742529950449664,-0.573900474017192,-0.8507744682377825,-0.8265689917597837,-0.793487683814338,0.31257305389440426,-0.6307860209728954
-0.49569798847596536,0.4635027879283114,0.7818008314526649,-0.22296060483337876,0.3720044814159126,0.9488184115486707,0.0481141558025669,0.7929088962986004,0.0,0.6041039959769412,0.3164489162884078,0.3545225502952872,-0.33967898200668273,-0.4972348685936856,-0.5127043382170018,-0.018138566257441164,-0.017076955437338073,0.49298386189094806,-0.2712733267856808,-0.1579034631114344,0.20892430626956252,-0.4480118561750205,0.21453143564700003,0.4834987985704888,0.10107447702708651,0.5092404652321697,-0.44821315282212226,-0.33212838492029767,0.16441341116201563,0.4664502593948018,-0.6687268566131215,0.09121243802692389,-0.6013403413132984,-0.41855189693627975,0.022689553065428313,0.7790213528818183,-0.22197556447719557,-0.2798882353563587,-0.15580390293941482,0.23032691235034558,-0.454736951177105,-0.7573898045119762,-0.23560712029158673,-0.7194366516090498,-0.38916051808331587,-0.7088862332409209,-0.6592942794697614,-0.7112003343139488,0.07885154137395874,-0.3591497343462279,-0.16693008968943907,0.6909335212924905,0.2662075886898078,-0.12383987777863052,0.918455801288896,0.9763872304855661,0.7159487375045014,0.9438750077630311,0.28114889038764945,-0.5393790555472101,0.09656101281759874,-0.6045916589791318,0.3072156637392907,-0.6449010439515264,-0.39317427999026544,-0.6316945303636049,0.11885340395461728,-0.3722821987967076,0.003696633692041025,0.4604587865275616,0.1895873010566097,0.3240044531781454,0.3993590252898967,0.46623812372317697,0.14751890594540518,0.4896141505830007,-0.1876473321360225,0.18130264764251436,-0.49011631383701826,-0.1701895383203406,-0.03556474957689621,-0.5887878243558078,-0.4933371053035792,0.2131143788284446,-0.3166397135117811,-0.33640760376456313,-0.16186424608032685,-0.45527992600906475,0.5485122309420972,-0.28895910065626934,-0.5993409871681845,0.03386754637743111,0.06917708863577668,-0.7869213859007764,-0.3924224933060823,-0.75807897515408,-0.6797059542208282,-0.6411462206033014,0.48794440440367975,-0.3290720924738328
-0.6190887133820843,0.2756489056999078,0.5015018191864442,-0.3098603612233648,-0.0519913056097837,0.590353476084165,-0.019848843007364548,0.5681660673744849,0.6041039959769412,0.0,0.5181773949481571,0.7711960566026511,0.08717588779406779,-0.0841048320244829,-0.0951363123158063,-0.1708481712584708,0.22974438401857844,0.26478318296019726,0.06507300664734283,-0.4613938771850851,0.40163251722971965,-0.41638029011024663,0.30824106715467303,0.5112611822810306,0.11021930720313385,0.5668834540113161,-0.5577259455353065,-0.36607145779523237,0.13460089636948971,0.5750287336886332,-0.4898060812587446,0.035557242792972586,-0.5225855442829203,-0.502049742543202,-0.1920274877651103,0.23012258383950007,-0.4397780944882776,-0.2700095863881748,-0.042875377675614224,0.7384224832398792,-0.46894775809177774,-0.6968264494818519,-0.0614624509369438,-0.6329880217836549,-0.5973508502066492,-0.6566966567259257,-0.6657731404645157,-0.6384697402669435,0.09516957086840533,-0.5082721516457638,-0.0119874403869979,0.49627337082289336,0.16284583703245648,-0.35564279637152074,0.5358834520824222,0.6510704769588607,0.4314900862754219,0.6193294237150242,0.6757688716548009,-0.08134582170010796,0.5065895052961614,-0.22478591982121907,0.5788378204648816,-0.22380771482790984,0.09145231846817019,-0.22306377673389408,-0.20771973419314546,-0.07133544601809326,0.10784786482549683,0.23269018718514853,0.19996785109526322,0.44495274409664803,0.43169705490673455,0.46947730317345465,0.44011877512062747,0.4802457131531788,-0.15712797549112112,0.2574227889839603,-0.47256134604409283,-0.16797345394403362,-0.20365675635150715,-0.7535886969759746,-0.6103237699428992,0.059752787767510904,-0.40834682732131256,-0.5408842533220017,-0.4475034052212735,-0.506482894287699,-0.03770885533411617,-0.5093235394730115,-0.6496676060403628,0.1146494754128688,0.24252638231726387,-0.5244087061972551,-0.23409749780600014,-0.6847173074892876,-0.6395266936782739,-0.6698516474267843,0.46733104818347754,-0.45239955970225704
-0.1729931296439104,0.16565716017728363,0.2420671099655567,-0.3191561160700907,-0.3067558229786852,0.27062965552432877,0.34055816655522037,0.39635443508919666,0.3164489162884078,0.5181773949481571,0.0,0.5880062123230642,0.4212750988340387,0.1743052927635051,0.21562582780302367,0.1889789783611451,0.518001184023609,0.416360675830037,0.30301663561372405,-0.41001016767224463,0.4722778092697148,-0.005439838505991784,0.1428721069410349,0.43357137095298703,0.2870413267665822,0.44463632534250996,-0.5529490150509823,-0.31008456263121803,0.03224591525287587,0.11010785186922484,-0.3364254630555596,0.27447148729426124,-0.3757425154728414,-0.1808337688870998,-0.18342171870036808,-0.11279683980560616,-0.49861489754558236,-0.24574114767927766,-0.18667227946202644,0.5013923008202366,-0.25933051733880436,-0.5014673265890119,0.1826290209458156,-0.357928832942475,-0.43513837461756805,-0.4782243568705631,-0.434585905704621,-0.4790215683117804,0.20722669332731988,-0.46071584863039733,0.40219580911904046,0.36750104410254597,0.42621889194901286,-0.3932799774452141,0.2246276021349552,0.3152023888610373,0.3550074281342126,0.32599949466376577,0.45151861989958375,0.26341851480212736,0.48872271036092735,0.15929701458210022,0.39676297209808614,0.12689017603382638,0.3438026906708709,0.1690169868156762,-0.07597127248237151,0.2827714910406671,0.281233996662537,0.3218081301689142,0.2070552694185062,0.17146468327222883,0.2628671023270514,0.045875234828008676,0.4897725179626947,0.34789692965080227,-0.42819950014642605,-0.13557515462663347,-0.2604157874585632,0.18267008858165537,-0.18549406372438143,-0.6183327820867156,-0.5584387412832967,-0.17424581719769935,-0.5341470063466357,-0.6329212070127636,-0.639320422302653,-0.6023304559994228,-0.32265433477661976,-0.5759075151269255,-0.5302543153556958,0.11112224872343254,-0.20526248859584562,-0.3801279042062101,-0.3834034521748389,-0.5368834199263364,-0.6051252496854395,-0.5578287957858016,0.32653351240471,-0.46169178638152525
-0.3095286386793558,0.05098545814541887,0.2739391235423512,-0.3931575694138316,-0.2952835050147845,0.35867486587086733,0.15767108440531039,0.33622362969467645,0.3545225502952872,0.7711960566026511,0.5880062123230642,0.0,0.3103012166658707,0.16808689120396053,0.217196778523324,-0.18407198650367979,0.5367011968994237,0.21113214668667482,0.33102642534582055,-0.2970193404265062,0.6436902829141699,-0.4644183097410241,0.544200611695851,0.7453681787365183,0.3622994893795228,0.7266088803558904,-0.4613594320098479,-0.08028358976396739,0.35586314224297416,0.6985100673755438,-0.3980580810086396,0.263724281954303,-0.4056147567940065,-0.24493240163482852,-0.027477799529486258,0.09435542038687417,-0.39143802763974,-0.4319659486332927,-0.3191422624530032,0.6019249471847183,-0.4933502154755579,-0.49500104976186954,-0.1262986109301559,-0.5110217013885928,-0.6029201121855794,-0.5869895906279468,-0.6076893746505455,-0.4787012490369569,-0.060702921808707976,-0.5080365692118413,0.34828376200159916,0.3022145691380278,0.05706030704591956,-0.4746461012902499,0.3275989472237757,0.4046269181868667,0.32209520517835805,0.4233632468896867,0.844563390244836,0.22262274001182447,0.8746608001039863,0.011637602443671706,0.7240025799765402,0.03360323697982963,0.3469315412092483,0.06585816808411825,-0.11158819342997588,0.12485987014929681,0.24960413230312953,0.1898721476129828,0.44071739197574467,0.5003928375180781,0.537541112132095,0.29720905190565533,0.7607559311868216,0.6921656330113108,0.08473577802087147,0.4578148027979265,-0.4784590760445205,0.18507569260161882,0.05648452824186431,-0.6470714833600807,-0.6178577209516992,0.12206258805864197,-0.25559555430432707,-0.5703560198137615,-0.4692366734137047,-0.28634860233590764,-0.15927729142051306,-0.4360587794679583,-0.6052887304441279,0.22551488686764642,0.040694841617482096,-0.3993844143367767,-0.1885180184252501,-0.5019383535594925,-0.5696573692293001,-0.5472539680890758,0.13256462679187933,-0.4808739529480514
0.1793789797769901,-0.12923613193415212,-0.1912619751473842,-0.15639705951191787,-0.4380166353789683,-0.38605953365304085,0.3459211517966771,-0.05359408253776357,-0.33967898200668273,0.08717588779406779,0.4212750988340387,0.3103012166658707,0.0,0.8827520508257046,0.8459751417113782,0.11623104131311571,0.8020191473720577,0.34675256710744734,0.8645601495400587,-0.07022261975688927,0.5853741274142165,0.43121707943385107,0.20930327048632058,-0.0969105183544826,-0.26947201037355323,-0.18826918094560852,-0.25139633967960073,-0.0869548038722684,0.12175916052365618,-0.07944017706719649,0.4492592225903984,-0.19587226014787776,0.012611734802992944,0.4063800588013939,-0.245655671595142,-0.5858971954798078,-0.16913841957975306,-0.032688991489933615,-0.03084046619451779,0.24597893398327433,0.12335632649789761,-0.00470819992169416,0.15255208577616228,0.30576575335098555,-0.2358464954266298,0.09519224229626622,0.11634379916775135,0.09913085176033208,0.49240029795188056,-0.06889598263968752,0.3831279985810149,-0.020494830880973154,0.28096326034430025,-0.34231249725489066,-0.41822577755147244,-0.30649768467103805,0.009926142737938445,-0.20277038921647025,0.08586138795785578,0.67423432280173,0.36208556064789993,0.8758800088474005,0.4583458467347439,0.851346164736801,0.8857663162221779,0.8311733685316225,0.045052341828435157,0.9032822280079026,0.6327412682226721,0.2284512028017735,0.41493558245799017,0.14478182029304973,0.3546167759393083,-0.3017143119971895,0.5015020105814083,-0.22810665816426554,-0.10821390341241593,-0.14437141955820235,0.1496037688488334,-0.08288671079161432,-0.18458220113135448,-0.11060390555063031,-0.30245952517236546,-0.4195027288424556,-0.381094234348971,-0.4443690637466234,-0.4593366408353902,-0.30513319967687536,-0.4913372073393346,-0.46965011765267184,-0.04237600940795395,-0.3048108252178437,-0.28129818664092054,0.3832809206697932,-0.31463380284833875,0.14080394912846006,-0.0705445393221976,-0.14631812189600588,0.168252818101871,-0.019244963641742864
0.13599697915341388,-0.40060631252055223,-0.43831254844260553,-0.2746612745290799,-0.4581432169556196,-0.6012671142253992,0.2054728623773558,-0.3755492259293591,-0.4972348685936856,-0.0841048320244829,0.1743052927635051,0.16808689120396053,0.8827520508257046,0.0,0.9444963713346354,-0.10566544964791055,0.6512959200392824,0.14550571859464478,0.8214101714617825,0.2257673211667282,0.4276535419019423,0.5058720159735522,0.30543257150256137,-0.1576700010997409,-0.3284010003959353,-0.3658058137376548,0.10846016613998435,0.19954034706120927,0.2811089187055166,-0.0443966396911831,0.5920193283955433,-0.40603829845669615,0.1961724564983883,0.6193813878581791,-0.11213040937119438,-0.507967888738615,0.18342492734760033,0.03778122998329152,0.0998861999027775,0.02673848689258144,0.39231952884268995,0.17935006336796305,0.09394511788093912,0.5850005548634298,-0.06807033036562277,0.3990633060069286,0.405720576938979,0.43791600544133946,0.48896631752246067,0.2625822113720967,0.2831528007617175,-0.29376314046578533,0.03333705990652904,-0.3791495806903601,-0.6407565395656052,-0.48081225408927125,-0.2637589740080443,-0.44209629458014404,-0.020661065433587082,0.7690211930105634,0.30998858148259467,0.9184645292547301,0.3948977981411063,0.9437926465576402,0.8851262345318349,0.9366770154139625,0.19614699832117333,0.8426025484175932,0.493935900193573,-0.0398489131225472,0.36535808633781375,-0.02045476544146483,0.2505830719311152,-0.23367210248852624,0.4421196597077572,-0.3799327777981143,0.22279741611105303,0.022593553305589285,0.20713155461366306,-0.2493401890334602,-0.12581338645341222,0.1932482709999091,-0.08611927875680016,-0.418510990712142,-0.11242427267544124,-0.20725359507087487,-0.14073868012862148,-0.03713703320743491,-0.3252692696656487,-0.17245177404420833,0.24209610743784737,-0.3060691087561736,-0.062492394974843095,0.5556182174998846,-0.05819164486938259,0.44211219792068757,0.25754679716505485,0.18602533048200712,0.12361767199310049,0.2865368041055063
0.22214478529893109,-0.48155259328433764,-0.5291632320720336,-0.28047980036391434,-0.5464746304683555,-0.6001318340263121,0.18912635903606517,-0.4044814365736522,-0.5127043382170018,-0.0951363123158063,0.21562582780302367,0.217196778523324,0.8459751417113782,0.9444963713346354,0.0,-0.11636248459350887,0.648329650147017,0.11463397610999564,0.8071733666670884,0.22466354642267455,0.5014236107488016,0.41786458069456034,0.3860594494506801,-0.029289588476758856,-0.08432832983106106,-0.20750360320692307,0.1282984554829849,0.31793517290403267,0.38465917754003226,0.04863051152587812,0.565492904337304,-0.20927379062322699,0.18998936414101641,0.6308905731276873,-0.0016966834226279021,-0.5038907424355369,0.17816551236922884,-0.07083737616931907,-0.10177100269838965,-0.030902351241318803,0.2750597128677632,0.2479575333249174,0.08857987590330221,0.5390874104490281,-0.07237098801259685,0.34295421656165187,0.34902451312851795,0.4215767245800242,0.3353125608237426,0.16674756429461593,0.3400607353507702,-0.37052115108080913,-0.0015525160732765167,-0.42181270845892666,-0.6203906758798096,-0.5132264299431144,-0.2666159767761105,-0.45019466146116066,0.11964758546191115,0.8119294058580958,0.402466265122821,0.8830489535795812,0.46933932587073296,0.9390035064447865,0.9202531925120285,0.969164388428657,0.16506187545097853,0.8040099015673506,0.5262534559303206,-0.026812378893793443,0.45819605984378525,0.08032965381423865,0.3002948151051439,-0.21158222383953415,0.5406723898238803,-0.19760088548210433,0.277301073859398,0.1305732347287871,0.16542694714945946,-0.08760766319473158,0.06021455393694131,0.17056333138693605,-0.08435097560808055,-0.27173880182382093,0.004068359015685346,-0.15676960656270833,-0.11459624651571021,0.05954643370920438,-0.3687472367406812,-0.13588847133873241,0.18266605567757344,-0.09308071348685897,-0.12163239168710435,0.5289112116129574,0.016860164116611072,0.44247030950298344,0.21879095804865178,0.20549809512705225,-0.03860527345624367,0.16328756443828463
0.3788781326905362,0.6935456927651432,0.2834471703351579,0.7255357323373945,0.3756781398730893,0.09453775841218039,0.6927376791816648,0.35045836332769803,-0.018138566257441164,-0.1708481712584708,0.1889789783611451,-0.18407198650367979,0.11623104131311571,-0.10566544964791055,-0.11636248459350887,0.0,0.2563151101953613,0.5339620848966757,0.23856715225848854,0.026933507714193637,0.15520327863409122,0.36684105344865864,-0.06992293596792386,-0.11207385140151595,0.09060836145469446,0.027661247201967616,-0.1743988859632404,-0.16214519439072034,-0.05928165473011949,-0.32092166535137523,-0.08044405176772139,0.39211814594103156,-0.02114692130515512,0.05719336759428275,0.1619159233114896,-0.170774168663058,-0.29365644662310236,-0.09327131702681277,-0.09002762029669541,-0.10447134911525031,-0.20874486089183136,0.16623085596559645,0.0948999445762393,-0.14239921660181853,0.12754078271655853,-0.15066241871473757,-0.14238843510292923,-0.11925977348140361,0.09774647931059512,-0.2851052059822524,0.17369861223866281,0.40565791578863963,0.7543706859825453,0.5564802575068917,0.10292402300524382,-0.05732966814296804,0.38834350309166416,0.07403008050141262,-0.1931967541825794,-0.08996641641530935,-0.2407848609126461,0.111199224764718,-0.25369639041893527,-0.060175671681076306,-0.11191993105332088,-0.01416921345798732,0.051033116494506606,0.22379635483660215,0.43877078224382243,0.5475868416318618,0.22203585311760324,0.3038042313683708,0.17934628187375196,-0.4592041285006752,-0.0017827923610145462,0.031351359524941155,-0.4067757429209526,-0.18965899536717973,0.14869263569277355,0.4913212768213098,0.2970505870574341,-0.031535320510830446,0.07498666145454531,0.18596467824000557,-0.02461528106932796,0.08519651456831186,-0.16336199590362924,-0.0034748593591839884,-0.12558464411802303,-0.28026381095539843,-0.013407724494894737,0.008302868652654786,-0.37064314936719306,0.08378094897253026,-0.15888051409403262,-0.13731169942394011,-0.11402829444079877,-0.04175359914992349,-0.051376002715593165,-0.27417340746964797
0.22986064349183624,0.08745180577624,0.16509284716526235,-0.1360195960539069,-0.24917643993092128,-0.01864401356844765,0.6225934724874798,0.25230173654256527,-0.017076955437338073,0.22974438401857844,0.518001184023609,0.5367011968994237,0.8020191473720577,0.6512959200392824,0.648329650147017,0.2563151101953613,0.0,0.6069468498985809,0.8873067914448817,-0.0019040872522711255,0.8502407516612325,0.08272052566908909,0.5069951151895118,0.33212631178526675,0.002894202625092006,0.2021981795486676,-0.41136121069724146,-0.05989507320385174,0.4430614574612039,0.19793846406977456,0.12300150197684996,0.09683218184633478,-0.3172983307095397,0.30105724413157453,-0.047812886810010176,-0.2887241850161964,-0.31126800159415297,-0.41313740212496747,-0.4350769313489081,0.13899718880894674,-0.2577726736951839,-0.2739612014260911,-0.1902462537762153,-0.06393180012664566,-0.47445888744107867,-0.2890067412013646,-0.2726492688548367,-0.18441760362040344,0.2947622609090503,-0.3557609028518489,0.5795635720262513,0.3196897491971287,0.48007834758795787,-0.2383273755171085,-0.044927868102614676,0.012378277240453185,0.4207482113494179,0.15916520139574314,0.2996132235169648,0.5030467556588921,0.5441525166565387,0.6034929924998673,0.6493669213480066,0.5931195565982261,0.7219244223768879,0.5960078634622263,0.21655241997080218,0.808438740153901,0.8003981826830172,0.530875716453001,0.6877126767998062,0.42868547822311376,0.687086940240122,-0.23357182524977543,0.7864583901685827,0.19592511203737611,-0.004764182870190006,0.1717228955649665,-0.1640178379430625,0.18136065724167796,0.1139221545380225,-0.3366879223231723,-0.5021272348315898,-0.11805357822598919,-0.3212125362602774,-0.516012372099531,-0.5430595799505162,-0.313732273444249,-0.2838652948051917,-0.5621947577102084,-0.3082188570893413,-0.2008093512513065,-0.39893466168233777,0.036438490339797326,-0.4712792732964747,-0.15838207271475505,-0.36029886128541155,-0.333922312393816,0.10433875851558075,-0.27330768942829
0.019458956037881503,0.5596829075500808,0.5450610210857282,0.14864885026790828,0.3811177257734968,0.4721666540477135,0.5748150240719855,0.6808755757102537,0.49298386189094806,0.26478318296019726,0.416360675830037,0.21113214668667482,0.34675256710744734,0.14550571859464478,0.11463397610999564,0.5339620848966757,0.6069468498985809,0.0,0.5400542739527883,0.13139988661208848,0.6891636946761912,0.09913367545881505,0.3320492527189334,0.1821379989057536,-0.13249398457390474,0.14658883286244404,-0.46014413184890485,-0.31154008594992355,0.27356518408566727,0.1002512336223378,-0.0919504369246425,0.0690993580054866,-0.46104715981810696,0.19740051692733582,0.07546151302545036,0.21020764317791815,-0.2900690944160185,-0.3308850386734015,-0.30692780834603645,-0.08910896314843075,-0.3344689170323942,-0.4702914837625112,-0.28518297686899213,-0.32245344654123614,-0.3380185845225351,-0.4749349610363275,-0.4358952555369739,-0.3897489980021396,0.42917184279524256,-0.364323394466765,0.11231059800129703,0.6857008556668589,0.8349567470042956,0.17098409395191555,0.4510882260071439,0.4621432702082986,0.8050586252450402,0.5899714228071566,-0.0001249714506276693,-0.05308755000916404,0.029221234859511544,0.1871385230107856,0.4005599604676408,0.05769570995051968,0.22260404328955471,0.08182596479560787,0.38341930235853117,0.4623917974352805,0.7640973920334949,0.8943686590603682,0.7014929858566937,0.506211608407556,0.7070762451788982,-0.10749634541218013,0.4302215387941712,0.1574237549558316,-0.24888332197882956,0.06406461694004614,-0.1536388294580579,0.0074374390083071585,0.1939776582768395,-0.3052694217473124,-0.3764745631974708,0.0731606425407122,-0.3111187438223406,-0.2641191715757515,-0.315842669050775,-0.38572984909300273,0.21492374456737573,-0.5301551906481533,-0.2981607506753502,-0.23863880354173808,-0.3184566365122964,-0.19773532572910213,-0.5779929209518719,-0.40027520514273185,-0.49153562544605656,-0.40573359627568456,0.41521972547318015,-0.26707739977487904
0.22705285559214716,-0.04259664292475997,-0.1292395247830239,-0.05353941134340243,-0.2614432807114996,-0.29369833083515845,0.4909992529243326,0.002455089053658561,-0.2712733267856808,0.06507300664734283,0.30301663561372405,0.33102642534582055,0.8645601495400587,0.8214101714617825,0.8071733666670884,0.23856715225848854,0.8873067914448817,0.5400542739527883,0.0,0.1891796866348724,0.7915468077455216,0.2972846339879809,0.46370299219186095,0.05330707196745749,-0.17106783421362623,-0.07627038288291557,-0.20547742883650397,0.01721462537508376,0.39512478707584137,0.07937761656905112,0.4111776883445154,-0.07796494507475828,-0.08962269407300609,0.5201610582168908,-0.05926064414773555,-0.42587365460284876,-0.13159985098715068,-0.23809880733028402,-0.2377561155705057,-0.011747144704893669,-0.03894789015819656,-0.0002933526802005031,-0.18338941855795426,0.21923493992190562,-0.3181539287289796,-0.00893242450196871,-0.014339580744841011,0.10980638407588839,0.4188922705463429,-0.13738168403607756,0.3847705632772396,0.0670990687682089,0.4448777255733418,-0.14159077467304257,-0.322728479376519,-0.2535790225705386,0.184832686650618,-0.11757893265255528,0.11559446207016633,0.6117937598871197,0.37485518817374663,0.7991208910511002,0.5471093994687786,0.7850914050469145,0.8559545155043713,0.7913845589485767,0.24779619310629558,0.9231454200240415,0.8372150313279483,0.4296967646068661,0.7303332278001023,0.35777236913904037,0.6087896385849559,-0.29755662860257787,0.698505857978814,-0.0653722459296653,0.08438845146076115,0.14347542559247814,0.039871444829118266,0.048672724023720616,0.14476992812503098,-0.05814116392811412,-0.302080267177744,-0.20828369032552985,-0.1704256690378403,-0.2978282279219981,-0.34496877457567754,-0.1344539864157537,-0.3119804022218603,-0.43422340139836335,-0.00777316072594194,-0.19862875232195848,-0.2707245327857476,0.3737728111379725,-0.3256181560187355,0.1358176723807427,-0.08709969536075023,-0.06313765899004033,0.08388233683212291,-0.07361736429196622
0.19031414928045046,-0.23516979081801193,-0.3274233470095907,0.06955486355815749,0.2404622094364916,-0.3008397188514627,0.2093140936086051,-0.4382451086610781,-0.1579034631114344,-0.4613938771850851,-0.41001016767224463,-0.2970193404265062,-0.07022261975688927,0.2257673211667282,0.22466354642267455,0.026933507714193637,-0.0019040872522711255,0.13139988661208848,0.1891796866348724,0.0,0.006223751297690636,0.3615221271511021,0.4432677859520543,0.0420065120105152,-0.11536570199158906,-0.27845222336746617,0.7263704626028238,0.6641396037700826,0.5464488590159841,0.05579461094825852,0.34983265042192857,-0.14766282142764375,0.4908035371778812,0.7922563225409001,0.5498179165261402,0.3462703480502751,0.8014319470779244,0.19933053537156345,0.03830100761609187,-0.6999691847663688,0.5135965515669978,0.37601918235742626,-0.18824949398872298,0.5653554895943934,0.484734266253231,0.5487579021100394,0.5440345070174035,0.6902834087937245,0.24514067855470031,0.6699894023346856,-0.12178823750136131,-0.31654709345320536,-0.12348435765246348,0.24710187849598775,-0.3125468090762278,-0.24358709155773356,-0.21842803786685794,-0.28371435768058556,-0.20672442036469876,0.12898416401125634,-0.1006534847930561,0.13629769158370764,-0.15233305598421834,0.16001969250555642,0.033615967698950984,0.26386141296180443,0.7953985676218155,0.05626664505070605,0.06871099953234186,-0.11743660728288702,0.35509821454004126,-0.13449038133646474,0.12511499397226014,0.21241423672550003,0.05162458085026288,-0.1937812608482037,0.7276131995358167,0.42858842695458854,0.19533678236303606,-0.09927242333162925,0.4049563359743549,0.6928569421342305,0.4288172107051186,0.07533485542416926,0.6331003764506694,0.49405180547329286,0.7445403864487178,0.5812367944119463,0.6342498702269239,0.6610126922254302,0.6921102026385747,-0.028005959065510892,0.31543052276625294,0.4016952841283674,0.27286478316652885,0.6349053052990996,0.6216035140956623,0.6952430728559871,0.027641362544250103,0.6737780198141695
