0,1,2,3,4,5,6,7,8,9,10,11,12,13,14,15,16,17,18,19,20,21,22,23,24,25,26,27,28,29,30,31,32,33,34,35,36,37,38,39,40,41,42,43,44,45,46,47,48,49,50,51,52,53,54,55,56,57,58,59,60,61,62,63,64,65,66,67,68,69,70,71,72,73,74,75,76,77,78,79,80,81,82,83,84,85,86,87,88,89,90,91,92,93,94,95,96,97,98,99
0.0,-0.261194589170374,-0.09978480181057613,-0.5988269983474093,-0.8360150591997969,0.7689227062801494,-0.609662761443134,-0.45362769119605895,-0.8279557406145289,-0.9224470776365017,-0.9022746567539742,-0.9751886941617695,-0.7634325472184186,-0.7907349278223735,-0.7419512243835202,-0.3025366507400439,-0.9304432486334903,-0.5493845834372058,-0.9091741901380159,0.7002562071158119,-0.8366253618676243,-0.845942342070668,-0.4504004391472657,-0.9364771084299578,0.2541990211638403,-0.8753097990511718,-0.7833705023841994,-0.9300658486662008,-0.9157411329526766,0.06884064282062609,0.6569975134812391,0.9261352807039835,0.25149436393936525,-0.7000720668510811,-0.6064640006284129,-0.6693057137634669,-0.8577791717908101,0.0009056929880936387,0.44957528946232367,-0.19776770732134752,-0.2616466232952089,-0.2325342884412335,-0.8115851602764107,-0.8085808967961934,-0.8879965473286849,-0.33769996653906076,0.04927871021089428,0.4182802075021472,0.6677004147836966,-0.10042969605060793,0.9764850881872957,-0.12137377152730926,-0.4301095170831783,-0.46019423671511883,0.18984597312243434,0.5580352755084373,-0.32157955903503205,-0.45925199628179764,-0.7114366192574234,-0.8818673463530075,-0.9561562641867102,-0.789382969783729,-0.7353079226331071,-0.7898292693370783,-0.6963896373154624,-0.6969314687781154,-0.46583028723365744,-0.8655462915065782,-0.6966785328885919,-0.5043871512289039,-0.8043457516037751,-0.7745892302943563,-0.5953183270241537,-0.13815377517029118,-0.9312459186669753,-0.8711460855053883,-0.8928372692836358,-0.43334730643799196,0.7717584279066534,0.8937311596645526,-0.46969727173710824,-0.25316799211059854,-0.6828865339887799,-0.6139296710226504,-0.717127363709372,-0.2549076006964285,-0.8302611108732076,-0.7840955134494887,-0.657852346094182,-0.38816316246222016,-0.012401819654223654,0.4679408418398972,0.6659293170548298,-0.7977419113140236,-0.8839249821576984,-0.6451421064602602,-0.24957502558994507,-0.12107800659622146,0.5827469213433177,-0.10870225723122942
-0.261194589170374,0.0,0.8122900582554159,0.8599244952275703,0.6244399799478256,0.03497359715695622,0.8200948707233648,0.8637773840865608,0.549415190289464,0.10827266541834175,0.018258219832263833,0.24561209833496803,0.4878423444888559,0.6953231523708817,0.707725037508205,0.9051787268788384,0.4560282742857727,0.8605219595135728,0.5448267371670902,-0.21135923906200438,0.6631883442526827,0.44377263489205904,0.743153738662922,0.28521926860243374,-0.5217790827561364,0.2567349210281017,0.40592977511128403,0.3817129124441592,0.4458051575203723,0.504316654788721,-0.11895183470111723,-0.2731179623051753,-0.1851699427286924,0.426865533671795,0.49554610734080384,0.059756340114346586,0.1603725618270537,-0.4826136009869049,-0.2643482220586085,0.24657624231719205,-0.23311742468485985,-0.3982278313018368,0.15668608027545225,-0.02016511169697533,0.211608938787232,0.14324416718748026,0.005399470380419838,0.02253617736849127,-0.47615745209912114,-0.4033150836773289,-0.13464036476672397,0.8846450582469183,0.9357245175200043,0.8440691980177413,0.4971032642994168,0.14958617127423832,0.8723775209546003,0.8288374624312967,-0.06350140379548522,-0.033609102990986274,0.26008389735063714,0.4440823722576816,0.6603076408940466,0.6211030822595622,0.7246675782448772,0.6489588269473417,0.757166633377915,0.5988685786817101,0.428260093105971,0.8366986519450217,0.5631274981312381,0.6760201209051291,0.7673241476136814,-0.15332341685899828,0.40533078193218397,0.2061114245809657,0.5194425723190094,0.6571174305411535,-0.39169444638761935,-0.12078216078933497,0.4344927291225743,0.17547266022789423,0.44314589873483967,0.686347269172031,0.5910517009699195,0.6126325092360124,0.15846990793920615,0.25427407283155534,0.3134610708631217,-0.2030881831796996,0.08815039294087225,-0.6349174564713167,-0.1985048813544021,0.05034334789046592,0.41764036594080006,-0.12446423933253785,0.17681868088407907,0.36372481181109517,-0.3512672837538867,-0.37450058839517525
-0.09978480181057613,0.8122900582554159,0.0,0.577975006175966,0.4006717015098793,0.0968012553550189,0.6404196106405773,0.7954996646674707,0.3534074226503001,-0.08069994889974516,-0.10854095545868186,0.0736582057961147,0.39538816044911423,0.51310268546245,0.5761499412809362,0.7205790474213536,0.32801761129337076,0.7539848505891257,0.36970020939831844,-0.09876056336414117,0.48634661187417555,0.32265862726582917,0.7243233731487969,0.15143390942643978,-0.544681039848621,0.210478659522317,0.3547833706721228,0.2621096266885144,0.32078344008583115,0.6249795383934981,-0.1857495629943313,-0.23415205894367883,-0.22824381349817227,0.30612889158180834,0.40862499357554327,0.01510437548623879,0.05234433774507778,-0.4900565328097256,-0.3376171729420686,0.0194575845829597,-0.25259784125204526,-0.44315685082507356,0.0388111982189323,-0.10031016338625362,0.019051185180284355,0.16717372543703624,0.06883634336489634,0.1439816622178256,-0.31862101902934614,-0.33949929466611056,0.00516549751045539,0.8302361503454914,0.7111699783351245,0.6354694823399182,0.505297047623348,0.21885509523841548,0.8449443233432463,0.7229223967072014,-0.25052397200511317,-0.1840216619274216,0.08239111520311809,0.3518855376289247,0.5279552475454486,0.4266961512393833,0.5767576192065551,0.5489034379994232,0.7102851302396723,0.45183997283515415,0.3268862849208839,0.7286205488818773,0.4567590403718337,0.5656087162956484,0.6941773999452562,-0.2291587985995337,0.2432626447169522,-0.004576325447105149,0.40549430393212144,0.662425497862711,-0.3973002654567863,-0.0586544308233132,0.30682675747312654,0.10006566136368487,0.2595515941353164,0.5649982532796988,0.495747654159918,0.5774707759134476,0.044711245600986035,0.16057185907427346,0.2603800334150495,-0.2313007137958635,0.0361708392298589,-0.551389142688363,-0.14792897876415173,-0.04448777164635292,0.22720847809491662,-0.1384739429261072,0.2808285732689947,0.4443946603665078,-0.21813670603023608,-0.28043587577144535
-0.5988269983474093,0.8599244952275703,0.577975006175966,0.0,0.8722389632207206,-0.1491601396641855,0.928679488860809,0.7952513716132262,0.8219949816096416,0.5135578034436343,0.42334466415796407,0.5952005763314059,0.710232034718576,0.8712514179115899,0.8084547774201007,0.8363512315333919,0.6877409482858308,0.863601979512744,0.7826790919369153,-0.3088037530604334,0.8291459571792094,0.6743236157146125,0.6624945243679989,0.5638074325399631,-0.4942723728874428,0.5306662349749345,0.5954797422313336,0.7007875606845076,0.7394955899803526,0.3631812207365146,-0.38911301281241617,-0.5986351446774621,-0.14531627207371953,0.617208966904146,0.5995454104418243,0.3367672429865096,0.5424609489072518,-0.23292222061187887,-0.17672281238010717,0.36829049996985064,0.14611645872062679,-0.15687378483283898,0.5482275684822532,0.4267428967785557,0.5815959054851818,0.33828063532752684,0.03309996054252805,0.0017272989917792548,-0.46928392362270754,-0.04713965776502885,-0.5257254987388411,0.7743146224057271,0.9447988673393686,0.938681892696063,0.4549675517356265,0.05704523596735426,0.7406232572435825,0.8496403218131354,0.3092844052793986,0.3897034167199048,0.6515232568411821,0.7143638861082686,0.7634525360342652,0.8010068466822007,0.7887712132730581,0.732304883239556,0.7876122348933479,0.7831963719990251,0.5732188081194528,0.7937754061009282,0.7077953117941683,0.7789419943103241,0.728046546217228,-0.017419873563747783,0.6465814850466229,0.4970401771717701,0.7500915778282405,0.6138077694604754,-0.5841541205624112,-0.48265549603155183,0.4328356073261195,0.3326492706857448,0.6454662886985556,0.7407362184917491,0.7577131129678467,0.5515986890217833,0.5521171358179077,0.6149167769537806,0.5625868353974767,0.15409148872369682,0.19688354620582568,-0.5747534825399476,-0.28496789895389635,0.4314322603704078,0.7340413144410453,0.3103313613649152,0.3256039003371727,0.3993853250259076,-0.31981852982869546,-0.024595241962162888
-0.8360150591997969,0.6244399799478256,0.4006717015098793,0.8722389632207206,0.0,-0.3983882850278405,0.8446094708970244,0.7490554675074665,0.9014704067965723,0.7929016561847649,0.7516750684572986,0.8423897772427199,0.7713968375418588,0.8710374867936332,0.778446440486087,0.5739257164675589,0.868617436490107,0.7816696034483273,0.9192377399146343,-0.5467992935944896,0.8797558571599848,0.7788413028444522,0.556318088397225,0.8225069273897379,-0.36564687638818383,0.7284947904937423,0.7307409489740723,0.8548390442660198,0.8690351936562916,0.1395408862853825,-0.5673728330114889,-0.7905283243123318,-0.32586435552999893,0.6444645072953051,0.5449871003560386,0.4462661588159525,0.7270902095105609,0.018621585265601186,-0.2948782630982359,0.2993602715076514,0.2533130117957034,0.12633825355886852,0.7883928994115463,0.7153351607706653,0.813236732409224,0.4196100879375376,-0.12045763377498642,-0.2414129145339666,-0.5841529527632005,0.017957748726692056,-0.8050195325856278,0.591043777330692,0.7411127369653235,0.8222883962577288,0.2846773062734093,-0.18265089955324035,0.6302009844365024,0.7470743694806291,0.588024689936242,0.713545167283022,0.8347838930628281,0.7955132169670607,0.7906006330578371,0.8069921636488557,0.7481008314342276,0.7101716339735645,0.6869023448946258,0.88515286211172,0.6207181613296153,0.681552280852626,0.8055940480072609,0.8046663658135655,0.68791634538085,0.17540346609630336,0.8245384485196673,0.7220118976653123,0.8801267599640253,0.4508185462148691,-0.6581339679418304,-0.7001616298590346,0.3894213386032611,0.22043820233379882,0.6823166256510909,0.644546552572388,0.7739261756644246,0.3408709266745473,0.7144563077329505,0.7510201524400668,0.5904184274366983,0.3318620646908781,0.11524746443529378,-0.42781330217692215,-0.4019913280869001,0.6966821600633528,0.9405481967073982,0.5877806162674539,0.3731998979531513,0.30126824888280523,-0.3977941866191214,0.05109202705041063
0.7689227062801494,0.03497359715695622,0.0968012553550189,-0.1491601396641855,-0.3983882850278405,0.0,-0.17025411383095265,-0.17370565632304896,-0.4127643535641233,-0.5970155185124245,-0.6330913017877924,-0.7187843831577925,-0.5084378490632256,-0.47383805023188963,-0.5347319672569655,-0.07907338924312035,-0.7444359698368131,-0.26577357947983704,-0.6337115251949665,0.8181188263478444,-0.5675528635811772,-0.7021640203320557,-0.39509993538219845,-0.7066587435792034,0.2228269320665538,-0.664202627646755,-0.5586738851386946,-0.6643095854221771,-0.5903523504929206,0.21874677719862484,0.31189095696079583,0.6335975197746913,0.1285924163039187,-0.5932177001702642,-0.5667893963851287,-0.6140181348740836,-0.6471241849959746,0.18310731059943902,0.6513943737308777,0.13256296658692213,0.06612855361767613,-0.07183249454043006,-0.4698819058166255,-0.48783422327040665,-0.5876178281805953,-0.15257093629343146,-0.060904029176543445,0.5367588580886301,0.7322295727499342,0.12416398394877887,0.7269725770274053,0.2990629667611899,-0.04571899707599229,0.058014937703580176,0.7226809215310825,0.9415835082286979,-0.097512183915657,-0.08322518357402281,-0.3721886190066771,-0.607504427841948,-0.6526547758895728,-0.5035413883910007,-0.5557108326041602,-0.5666219314647309,-0.5471533684834295,-0.5523072374981037,-0.1061791277523079,-0.6489206178953006,-0.6652362351362949,-0.354972686421514,-0.5978102410838385,-0.6224192513036877,-0.5034005732490139,0.1611490174652016,-0.754189479753927,-0.6338005010910908,-0.6127718311181446,-0.40111573988103844,0.5511341481290346,0.6292179497863144,-0.5587890726228361,-0.20566489080925196,-0.48129041899423125,-0.5353221016388139,-0.3533836765009375,-0.2428301478448058,-0.5823949097145885,-0.4804040238933038,-0.4573237037612476,-0.1276576391551743,0.09408482756063326,0.5401435090566653,0.888554430658531,-0.5391819968462405,-0.48020515598364744,-0.31570812676451204,-0.054950646828680214,0.044157023088263817,0.8027573016308631,0.13345793283823712
-0.609662761443134,0.8200948707233648,0.6404196106405773,0.928679488860809,0.8446094708970244,-0.17025411383095265,0.0,0.7840610654071509,0.7647473720612927,0.49355937713588927,0.3962007425386846,0.5761646638086071,0.7048071780140642,0.8599470151961994,0.8140148511407069,0.8306443135843083,0.715778188144003,0.854825385652486,0.8087927831041384,-0.29525906027988424,0.8654831746129469,0.6536592654219291,0.6551662980190909,0.6321466235807028,-0.517737819246393,0.6161446795173283,0.6923431281780824,0.6892159969883889,0.7640294423946922,0.38085082886054883,-0.4491816956098286,-0.5987609657438817,-0.2131100532080113,0.5525691730519342,0.5513499657349844,0.30162519810542293,0.496847218266333,-0.27576408040756195,-0.2405512043259222,0.4726742781271719,0.03523623287292555,-0.15391452476674722,0.5069403188456995,0.38490258814928285,0.5522749711343485,0.3175445632705816,-0.07028734889038488,-0.10263229597939529,-0.5066073660408137,-0.12749284764411592,-0.525497876792847,0.7585426466682007,0.9180290072716157,0.8534846393343194,0.42341178320618894,0.04661512174539027,0.7073901541215489,0.7618422879479114,0.2620217913098228,0.3559110587359592,0.6304985243846769,0.6975267343954881,0.762444324630977,0.8170738628228668,0.8047599010343512,0.7370681063465185,0.8641359656833164,0.7941239504198938,0.5076046571536655,0.7691382968150241,0.7841755233099389,0.7851512404656067,0.7466670954094597,0.081397479132069,0.7042894209633765,0.5114774531543943,0.7800452519275349,0.6465074969272692,-0.626425959595862,-0.5098594334985063,0.39075441935964084,0.1619660692550169,0.5064348709341401,0.7082227018016247,0.8067902875764205,0.46472338505717026,0.4899723558551757,0.54773779976581,0.5182930823043124,0.016238479757643958,0.00863209880906652,-0.6183215843791819,-0.2932232080113383,0.3688364584588563,0.7138912584737475,0.27289220260955704,0.3131994686425406,0.2959308332568884,-0.3305876570371477,-0.0949164561468481
-0.45362769119605895,0.8637773840865608,0.7954996646674707,0.7952513716132262,0.7490554675074665,-0.17370565632304896,0.7840610654071509,0.0,0.7038688813797916,0.3155064743350709,0.2590608855092058,0.43535865308520566,0.640787080568763,0.7484174842247031,0.7500463888509685,0.7719421101839266,0.6504030032935612,0.9185611163926388,0.6949578220240757,-0.4607436834431225,0.7308465769935384,0.636044628614208,0.7941496262626947,0.4396488863101767,-0.5170083414894352,0.3469395283799954,0.5055395028912675,0.5699595369735544,0.5823402551832688,0.3711282824053473,-0.20514643657785617,-0.4625842740862901,-0.22633080650376805,0.5904291473841982,0.5816814535003769,0.23510629748350426,0.41227833642060296,-0.23691295199535517,-0.3660085099814989,0.014162839170228963,-0.05945600423700207,-0.29025421489170716,0.4165820921318742,0.2671709486695759,0.40426545585053414,0.3520774701856949,0.05399856393057754,-0.026475267242946833,-0.5149607137097756,-0.26568351266199797,-0.3768278810002691,0.8334814264072439,0.7993734406274654,0.8068733287086548,0.4091004012143867,-0.032807780854226164,0.9695892985020331,0.8992848915459685,0.1098799220408891,0.20547064711531687,0.42576728933817554,0.6151715431902666,0.792533711912257,0.6841363803590702,0.7825269622792002,0.7276859076091103,0.7389640054370635,0.75983683722919,0.608480015097368,0.892710707193058,0.6549474464561053,0.798843022580677,0.8431685622905459,-0.1340954183930881,0.5289168120319467,0.29406174344380137,0.6656816816395966,0.628660835465877,-0.43843416892512466,-0.2797989825726478,0.4598918662586702,0.25709668066807245,0.568612215623109,0.7325425917881033,0.5730159425038899,0.6252466655152734,0.39584537761331207,0.47140572397896274,0.45437403121848463,0.04750229261692549,0.18886671234051117,-0.5400508867078078,-0.3384760565181121,0.35121292031723605,0.585588059987579,0.18070815662599657,0.3670091430529676,0.4812182533396992,-0.3787109348613997,-0.20867890496791186
-0.8279557406145289,0.549415190289464,0.3534074226503001,0.8219949816096416,0.9014704067965723,-0.4127643535641233,0.7647473720612927,0.7038688813797916,0.0,0.8193626643006638,0.7181356097565313,0.8293746769608024,0.7553354546356129,0.8413826872407075,0.7895569457400293,0.5713150134559706,0.8447108926171844,0.7869362559120492,0.8796022054794381,-0.44383126573758924,0.8542588628221249,0.8263247341683305,0.5864365075745468,0.764781002420842,-0.25689907493968867,0.6327663404789484,0.6693544637963886,0.8806595207466237,0.9054954403460648,0.009895194889666826,-0.5803274005664109,-0.8493045847777552,-0.13292098389723103,0.7988621383302081,0.6832587137118155,0.6922564854804211,0.8300531228222944,-0.022251592223271513,-0.2721073095990677,0.2854426651103755,0.3822385087238842,0.01864557275294071,0.7522694607773147,0.7236974119603757,0.8702016247901435,0.3298259643389037,0.07401126767317487,-0.12121079850610127,-0.4472610810284636,0.19906163073266203,-0.8285682021668307,0.4754171865643346,0.6824037213770637,0.7359015635041991,0.2318252009247632,-0.16117528731868652,0.59487258449036,0.769246877714233,0.6458845386433533,0.7263405175403389,0.8717099115811033,0.79109529088973,0.7530355864659037,0.7901405253257888,0.7564620278470379,0.7203411880502197,0.6945644720121176,0.8715896836346915,0.7506430476033722,0.6981363712206121,0.770956832543233,0.7871219733705159,0.6663376011503794,0.17789501201770688,0.7946313305776287,0.7150191836990933,0.8921984983347341,0.4849729250019243,-0.671047431573176,-0.7723594724397727,0.49122156876930584,0.4580493914028331,0.8204870148988966,0.7069972582149079,0.7735797186877768,0.47942225049856835,0.8438469209048389,0.8265827684826701,0.8071931286486483,0.4493016610084992,0.22326016784061292,-0.427213931466021,-0.4329740589504097,0.7061401141201246,0.823378788421687,0.5850480089736161,0.27297334736554946,0.3267701951237993,-0.33207577280020184,0.204020071107174
-0.9224470776365017,0.10827266541834175,-0.08069994889974516,0.5135578034436343,0.7929016561847649,-0.5970155185124245,0.49355937713588927,0.3155064743350709,0.8193626643006638,0.0,0.9629788240513789,0.9424464746798712,0.5888934436035572,0.6271983967240048,0.5154624304877506,0.11272562139930403,0.7844491509106517,0.38044686986799386,0.7760312755737128,-0.5512668168272753,0.666765797568977,0.686715367254945,0.17906764228784763,0.8678845155121165,0.051820715042881486,0.7720160863935118,0.5906460847679402,0.8125040460054087,0.8148348214406665,-0.2627712027880318,-0.6329156128196579,-0.8705172456925802,-0.2314366507174336,0.5617374854618742,0.38652033196179675,0.6015067606805535,0.8098129244912112,0.23125386144165208,-0.22868018786492347,0.2806789800121831,0.44988933177011436,0.48483569911203617,0.830393734300005,0.8759061896762753,0.8864597810358339,0.25375563356794395,-0.1737661651134454,-0.3883571246380357,-0.4478461185477219,0.27791662774334586,-0.9613962663443368,0.0396384583653994,0.2899321919617855,0.4259287521982355,-0.09146890410275527,-0.3805883513568171,0.1467892623042067,0.3484737222563879,0.8999795068563933,0.9776715138460313,0.9371336771375316,0.6459975865080493,0.5122222936095128,0.5920161616708418,0.45428698540098833,0.44743544969883187,0.36287284540856435,0.7014003768407023,0.51705714860834,0.2758473233154304,0.6146898349864608,0.5486697510562797,0.32905417365802675,0.34618396708145627,0.8079907278296291,0.8878245573692841,0.7638931947615221,0.12343863421936603,-0.6445329572534781,-0.896724441799398,0.2394834315834015,0.1950035844318549,0.593696063658174,0.3765957638221473,0.5923745402884091,0.02983257569858034,0.8068687315696611,0.7303871765125166,0.5789461557636915,0.5424426492846746,0.01667139574490562,-0.177645439720067,-0.4622150344745794,0.8640902375196193,0.8718940337009583,0.7399845015237742,0.1425140297781806,0.00664085716597654,-0.3271841803454289,0.28253238050681234
-0.9022746567539742,0.018258219832263833,-0.10854095545868186,0.42334466415796407,0.7516750684572986,-0.6330913017877924,0.3962007425386846,0.2590608855092058,0.7181356097565313,0.9629788240513789,0.0,0.9397249516078633,0.5629317510333829,0.5715741856252642,0.451525321317525,-0.008264572711513976,0.7562125382069541,0.29386988859907137,0.7275625642422615,-0.6127224808595422,0.5965886548312224,0.6423153886907117,0.12221586217767694,0.8456470735831011,0.023059857255846635,0.8024155369659338,0.5563443292228706,0.7794168119124232,0.7518326671288965,-0.2230836590934874,-0.6281953812567835,-0.8532175297149895,-0.29899002975644795,0.48135282263447865,0.31105995127808195,0.5192187587649894,0.7768190188010395,0.2851970678504523,-0.25660505122896304,0.13433980233129172,0.4505162539220575,0.5561121091799752,0.8433810088155532,0.8998289701902991,0.8186914672261197,0.3159384699444571,-0.19661118895467153,-0.3926917026922262,-0.453356187741791,0.27622937764058975,-0.9435529222874082,-0.004931200691709282,0.1912107940304546,0.3640968542187033,-0.14423027592439577,-0.4386529277335246,0.10721070485027345,0.28181332725427005,0.859488483705795,0.9875724103952483,0.9038188259030383,0.6277613067594041,0.47366258890612284,0.5230772967219133,0.37734302786369955,0.4012060427055584,0.2626417016875102,0.6487083654927385,0.4571563617474311,0.20073680435858726,0.5564151033248163,0.5063544761522659,0.27440068701139475,0.25260114814699336,0.7641533677540397,0.844512905531253,0.7081752781995553,0.06878693098477291,-0.6393284598109569,-0.8678375694949597,0.16391153587318766,0.13165731234905753,0.5151490984999049,0.3032332672768938,0.5122041978371238,-0.0437019911873583,0.7620294274883812,0.6974144400950351,0.4810085102937692,0.5626450075797478,0.015229836818074069,-0.12928258087657254,-0.4801808423313023,0.8809134272317035,0.869844226293876,0.7883134257472696,0.220596736203047,0.039054446928045335,-0.33584355472896965,0.29652512959226074
-0.9751886941617695,0.24561209833496803,0.0736582057961147,0.5952005763314059,0.8423897772427199,-0.7187843831577925,0.5761646638086071,0.43535865308520566,0.8293746769608024,0.9424464746798712,0.9397249516078633,0.0,0.738898360160384,0.7844331925853356,0.7066068168200025,0.25645531044911835,0.8994741390485117,0.5075284147540748,0.8765334099635813,-0.6988264048582713,0.7928701196960884,0.8124434380711211,0.40759234661268806,0.9180044783260718,-0.19447454671950884,0.8683461509781968,0.747021875715963,0.9061776613868548,0.8861995532639613,-0.06089196520783732,-0.6370573931480594,-0.915769561492885,-0.2691943557209085,0.6571677292605985,0.5574796024074129,0.6291421280843378,0.8320104773689343,0.051261604737252074,-0.40679887221549704,0.17923673055802428,0.2926005590364917,0.3007400673185172,0.8265183723465909,0.8217884818133315,0.8864250027907304,0.32687393444283763,-0.08207575249995944,-0.39989729078347624,-0.6339567739151253,0.11496421979309426,-0.9669153893402032,0.13899119957588724,0.4140094142515903,0.47992871638804935,-0.13913468388526887,-0.5100226987885976,0.3066724184243301,0.4785112269439077,0.7659277342864926,0.9175378120765313,0.9574416433536106,0.7750007353344683,0.7020819536754417,0.7493412633251211,0.637903864631813,0.6628262001819628,0.42483670219351466,0.823422138274415,0.6575353638440192,0.4584158354335407,0.7459302575881589,0.7331866369686842,0.5419389697381589,0.1449069979051448,0.8946952487349814,0.8890307213591546,0.8600840609510184,0.3648919610315031,-0.7332937062428947,-0.8806150437490109,0.42936239801395654,0.252984689586613,0.699329762431162,0.5702188823715603,0.7029806535934642,0.2207458177680833,0.8144111535130505,0.7804264386516825,0.6163994044056424,0.44606932644579395,0.048935866344045474,-0.39925440068900264,-0.628290179242599,0.8182219188756893,0.9076768050309925,0.6690654568776094,0.24346541698919627,0.15379897364599965,-0.538409513956043,0.1246952481054258
-0.7634325472184186,0.4878423444888559,0.39538816044911423,0.710232034718576,0.7713968375418588,-0.5084378490632256,0.7048071780140642,0.640787080568763,0.7553354546356129,0.5888934436035572,0.5629317510333829,0.738898360160384,0.0,0.9038410332066226,0.8653659692596136,0.5760054835969364,0.811005748025762,0.6961442496137679,0.8327346341443728,-0.5944781315702066,0.7905073188708384,0.9001117407605044,0.7217611970326298,0.6145872893870111,-0.7287405035118133,0.616953242218408,0.8357010392971016,0.8922124951976271,0.8010330929136773,0.4478236442443876,-0.4209112028945727,-0.7238801590651694,0.06830505770145748,0.787136821777716,0.807001591401004,0.5862589926414815,0.800417004480378,0.013261835857849355,-0.2508345809240083,-0.06034419547167844,0.2912139278587477,-0.2163810651563509,0.791901914800556,0.6602031341423741,0.7137518137624497,0.7126663068321146,0.40625830118738976,0.08744081324360901,-0.48736390430695953,0.15563511465239135,-0.7157901024660851,0.4608768186815317,0.5897468525326479,0.6139136013933019,0.12992510704895646,-0.3230537971277112,0.6233562192680969,0.7454723240861403,0.26476905676280427,0.5116228853885655,0.7690593263536164,0.9888837114656149,0.9329804333141464,0.917492642683262,0.8348979055586448,0.9070094999971643,0.4653263609559049,0.8380154194789702,0.7958493483830602,0.744855205470421,0.7255771622412388,0.8776371991980721,0.7559766599223058,-0.2690458811246203,0.6915876118473284,0.44479276584378913,0.7852273042950777,0.7436931187071868,-0.563674241853145,-0.5554605801230599,0.6147657118939065,0.5681424148266208,0.7955215764041028,0.8041864645413286,0.6778432249314762,0.6636544045628208,0.7877462954585075,0.8675151014794141,0.6663941625448928,0.41733468448306277,0.4265882067062237,-0.5516837467958902,-0.5026692652464313,0.6312230949849617,0.7722862624100758,0.594334867940195,0.6822040371294087,0.6562123756739299,-0.44877709645411623,0.17830890094639681
-0.7907349278223735,0.6953231523708817,0.51310268546245,0.8712514179115899,0.8710374867936332,-0.47383805023188963,0.8599470151961994,0.7484174842247031,0.8413826872407075,0.6271983967240048,0.5715741856252642,0.7844331925853356,0.9038410332066226,0.0,0.9532825619163912,0.7379457365411622,0.8775508904585324,0.8263686969922762,0.9196899794445381,-0.581341529682532,0.9219016132487532,0.8703545110573422,0.7891206899400203,0.7327767846886631,-0.615980492408986,0.7128529879967167,0.8534782313138123,0.8818926811511385,0.8748081419193711,0.3755648333324973,-0.46520552414117256,-0.7573704552844748,-0.12383365257266891,0.7549655787172088,0.7803854926480488,0.5179539111911484,0.7011320545841548,-0.23543209412107552,-0.37949294853082427,0.20695636534077375,0.07451993894457146,-0.2076682101345508,0.6605209451216216,0.5344738825432171,0.7304839187634995,0.43163970179543054,0.14669814120601096,-0.13352946613845237,-0.662091052665301,-0.09519676469176155,-0.7116934785538525,0.5789149270076476,0.8037148859059365,0.7498026473653833,0.1697497287538368,-0.28037065676352807,0.6930262560257461,0.8173801716635241,0.3536449290053743,0.521687181837342,0.7778838579671772,0.889096102161655,0.9407512591735263,0.9627602444002641,0.9176103112890097,0.9304018785683157,0.6705233755428364,0.9150888777869305,0.7658864006020005,0.8282710110011665,0.8468736509155336,0.9337574069103414,0.8565731785265366,-0.11252175381169498,0.8123462855915343,0.6282651527009274,0.8817225191860188,0.7665748743206896,-0.6715648207037891,-0.618916102880912,0.6434672294816977,0.40029304047263303,0.7974637361277961,0.8601490983617969,0.8462092291710026,0.6312575087883168,0.6914694823835205,0.7579442725548594,0.6473562410346749,0.19958694731673435,0.20021712969054278,-0.6861586541724319,-0.5525161041647723,0.52966641989857,0.807419345100619,0.40430320741067943,0.40756863758366096,0.4625121174935427,-0.5725953198961796,-0.08031391990935634
-0.7419512243835202,0.707725037508205,0.5761499412809362,0.8084547774201007,0.778446440486087,-0.5347319672569655,0.8140148511407069,0.7500463888509685,0.7895569457400293,0.5154624304877506,0.451525321317525,0.7066068168200025,0.8653659692596136,0.9532825619163912,0.0,0.7789998868745316,0.8726610144615031,0.8672602383669026,0.8904174617563493,-0.5504195315867672,0.9399736050969308,0.8681660729919266,0.8865609529994074,0.7027592436719423,-0.6729085218196188,0.6778131047617707,0.8650409680290421,0.8623707076635361,0.866976557872699,0.3718634361549696,-0.47768748814653794,-0.7328285907455937,-0.15162904619418202,0.7952452841038893,0.860495166358258,0.5978909336364837,0.6687147208554433,-0.42694421525141774,-0.5592395823665421,0.14745945000570204,-0.058615187651460496,-0.38658296509368406,0.5183711607902676,0.4124155095378898,0.6773714391924616,0.3343523239788844,0.20507535765999532,-0.15732204445675693,-0.6930565587550989,-0.1807581726154534,-0.6428115195349547,0.5345676594143578,0.7982432431524533,0.6549818115240331,0.08044329101855054,-0.34633609693203166,0.7224562902936789,0.7920294074516258,0.21633220838219708,0.4040078798402467,0.7055022911591905,0.8373669969343016,0.9418900281447857,0.949589620068202,0.9700846305157591,0.9776608937004048,0.7081323361819161,0.9173207291484884,0.8289306926710754,0.890671603039534,0.9017604279839744,0.9592325298057116,0.9349952291026241,-0.1841182990861162,0.8158243914379062,0.56599239456287,0.894592189322615,0.8829268321407837,-0.7180031390599768,-0.5944460102325341,0.7394055976523395,0.4105988976970716,0.7900546884578835,0.9240998932376864,0.8589374905598145,0.7206666543757668,0.6498371906363019,0.710257600282689,0.7152137499152622,0.052753541875703386,0.11741953374382165,-0.8135886536974742,-0.6545762757806436,0.39340768908881507,0.6664854449162487,0.2562706664138379,0.33278888351455194,0.4296445045156696,-0.6497605659979011,-0.17506128823753836
-0.3025366507400439,0.9051787268788384,0.7205790474213536,0.8363512315333919,0.5739257164675589,-0.07907338924312035,0.8306443135843083,0.7719421101839266,0.5713150134559706,0.11272562139930403,-0.008264572711513976,0.25645531044911835,0.5760054835969364,0.7379457365411622,0.7789998868745316,0.0,0.532868434670971,0.8846890644726195,0.6158701577424285,-0.19144749489301466,0.7338514724942468,0.5928075837079304,0.8175142183145435,0.3088599544399669,-0.6320224692117618,0.27120235633614426,0.49433463962859325,0.47785644505544167,0.531209336291288,0.4308634789079999,-0.09342146384597341,-0.2966873150582901,0.08045460450534099,0.6245408973421245,0.6940338633970778,0.2958633714391528,0.3275601475876108,-0.5335638336207654,-0.24138784167693578,0.30025111123237963,-0.1609585863450074,-0.5790680144335356,0.18689455135621522,0.031306025082822285,0.31583733078678516,0.20849187746155484,0.22957513107317457,0.10298772035500926,-0.44085019196326536,-0.2603875794787542,-0.19753675848774577,0.7647891952567308,0.9152522932038661,0.7083434337240924,0.3540697974313489,0.036329976822982564,0.7820797973358431,0.7704945547224947,-0.15598547871284135,-0.04227958323420743,0.33108288629990656,0.5447667263642261,0.7084427426159106,0.7435082804719969,0.8348431372146613,0.7325490829736806,0.7841725945673849,0.6796671057233116,0.6043899120648945,0.8978002121020895,0.6449641315004607,0.751797803332902,0.805673529425533,-0.2197575604613478,0.4805448781634518,0.1775006679697598,0.5924555198526732,0.781425398605904,-0.3822193162901343,-0.17326499203781187,0.6147140292593594,0.38619795753086683,0.5404781428590043,0.8313565346493085,0.6320740807922254,0.767052529962841,0.32501412566163806,0.38636472164630214,0.5166281082446937,-0.17665630478873293,0.16096980410873635,-0.7685412235588754,-0.3116173151936564,0.04370579570166832,0.3538522518018676,-0.0754998660788211,0.2264975201525524,0.4088248216144657,-0.38240190999215373,-0.2567643132278841
-0.9304432486334903,0.4560282742857727,0.32801761129337076,0.6877409482858308,0.868617436490107,-0.7444359698368131,0.715778188144003,0.6504030032935612,0.8447108926171844,0.7844491509106517,0.7562125382069541,0.8994741390485117,0.811005748025762,0.8775508904585324,0.8726610144615031,0.532868434670971,0.0,0.7554240687453361,0.9825247091283704,-0.7285265232973249,0.9437313409820712,0.9232349742732077,0.6872755194037073,0.9192096524329907,-0.434291473893258,0.8256932222700275,0.8481362518598737,0.9406502386423127,0.9396298592908321,0.01717418400985764,-0.5658318266410827,-0.8609278009648568,-0.2516592579508727,0.8052283637324958,0.7453537355138881,0.6792433173981872,0.8324505756578046,-0.18267168355420704,-0.5787474956301778,0.17801155621994366,0.0879247517528446,-0.03272228867661232,0.7168778468533716,0.6796895872534467,0.8632931019209366,0.3386070289009263,0.00701651899689071,-0.39965381833397523,-0.7607605281427507,-0.07196095994572536,-0.8877979381824697,0.31150661200170393,0.5918564040249323,0.5246815622382697,-0.12454968047033699,-0.5584567448162521,0.5387758556113353,0.6102862343133826,0.5026839647462802,0.7175523834257056,0.8696203258396333,0.8222139313620437,0.8632127988165189,0.8907527247567364,0.8689397114464298,0.8334706914536768,0.6280159348192902,0.9779302454176998,0.8263503054825132,0.7317616867466666,0.9285081338803819,0.9187989856946132,0.8060986022916367,0.04355281311425527,0.9631664063454388,0.7775334194807758,0.9674809135895188,0.6172586274783138,-0.7444123123186763,-0.7890826187630899,0.6374154478278219,0.2979010511053615,0.7515817946755505,0.7933641098989467,0.7944159228076275,0.4593077894461672,0.7948672472894559,0.777774534548872,0.7228335985561296,0.22291860081429704,0.018837171704613076,-0.6475939780767691,-0.7352636488307116,0.6616617725202106,0.8296368937783477,0.5088991523440938,0.28378921260925133,0.22811335775806585,-0.6789694770701518,-0.05878114598221293
-0.5493845834372058,0.8605219595135728,0.7539848505891257,0.863601979512744,0.7816696034483273,-0.26577357947983704,0.854825385652486,0.9185611163926388,0.7869362559120492,0.38044686986799386,0.29386988859907137,0.5075284147540748,0.6961442496137679,0.8263686969922762,0.8672602383669026,0.8846890644726195,0.7554240687453361,0.0,0.8012330236676578,-0.3675690274174882,0.8736335314365924,0.7546243070165846,0.8783570896410696,0.5587585747642402,-0.5678178994574713,0.46488752717335285,0.6266087356924255,0.694896170432307,0.7443171233760781,0.31085194755152873,-0.3724798481052233,-0.5856647326432007,-0.1610489403832738,0.7570143504255085,0.7516800696405604,0.4784540150658184,0.5529063392173648,-0.4047399133227206,-0.43028821510486087,0.20312541100237413,-0.018413890672916954,-0.40781940432505853,0.4241280196703187,0.3116854810358497,0.5560215642447015,0.2782462621256931,0.13774271485078007,-0.030423658409766224,-0.5433079732318983,-0.17417382863638287,-0.47175929244352893,0.7687961198280244,0.8888498281542787,0.7813955570519716,0.3441890075934487,-0.08412995506306752,0.8881771753794977,0.8793112595695219,0.11807031044946359,0.2528356894191933,0.5402729610298026,0.6854607170033978,0.8189543569685035,0.7955673040498374,0.8998170970828288,0.8109498382819127,0.8695813857472446,0.8635487879747915,0.7513988785526021,0.9567284757028823,0.8162092858899664,0.8802654177993929,0.9050783081912757,-0.0783088167067643,0.6677567622153996,0.3916144007319983,0.8117286230694957,0.7520351677627627,-0.5937814583682456,-0.43727654953888667,0.6121897682602284,0.37934446953456086,0.6848653745268604,0.8623508084061832,0.7512478313679863,0.7265455403079792,0.5415481356748914,0.5838184979197628,0.6907550995637017,0.01310148446005018,0.14730662943847764,-0.7007598991998241,-0.4309724698638559,0.3172138579858486,0.5793814360330509,0.1795978923618784,0.3012016323483051,0.4359225468104138,-0.4376114582720606,-0.14924684976266758
-0.9091741901380159,0.5448267371670902,0.36970020939831844,0.7826790919369153,0.9192377399146343,-0.6337115251949665,0.8087927831041384,0.6949578220240757,0.8796022054794381,0.7760312755737128,0.7275625642422615,0.8765334099635813,0.8327346341443728,0.9196899794445381,0.8904174617563493,0.6158701577424285,0.9825247091283704,0.8012330236676578,0.0,-0.6609257290408264,0.9680802776636436,0.9066935664146688,0.6835555842724019,0.8988051029679969,-0.46177351898832264,0.7998428170729919,0.8550700226441524,0.9341982097972884,0.9479624334078325,0.06611432485292879,-0.5562396950526587,-0.8365301371013,-0.23225190677758897,0.7914048523926771,0.7274694406244041,0.6271158013488176,0.8144637458800406,-0.158654429472135,-0.4880109134348149,0.2631758001999231,0.11674784028101731,-0.05045128925925426,0.7267332181241623,0.674260835253143,0.8629490402147588,0.36888232009669475,-0.005525546769987371,-0.346975248947804,-0.7178836083123926,-0.056248548514925854,-0.8630517082220679,0.4200038718914948,0.6863520582076542,0.6275456361107549,0.009469761244814625,-0.43766591539812105,0.5792731640154173,0.6703878245086017,0.495251019113993,0.692400161237584,0.866497990540713,0.8430241876396286,0.8796931325693366,0.92383790843673,0.8882045747473282,0.841782212497024,0.6824646074041552,0.9824798196750393,0.7921490724538052,0.7591054135484342,0.9344968928134495,0.9175332115156154,0.8087164202466829,0.0749360994153754,0.9477572569074901,0.7615193237837058,0.9697109909844518,0.6198509887543074,-0.7245386326838272,-0.7639954512792264,0.6038194141461921,0.29407981432005703,0.7483044687900994,0.7931465919105678,0.828989023813936,0.46512534183058146,0.7839573950753924,0.7808950565631143,0.7111574522632234,0.21610180856496414,0.04125517035292828,-0.6361754024626927,-0.645397136891065,0.6365382899749403,0.8576004221034177,0.5134486727259673,0.3119878078546166,0.25200109898557527,-0.6088752497046553,-0.0433684012974823
0.7002562071158119,-0.21135923906200438,-0.09876056336414117,-0.3088037530604334,-0.5467992935944896,0.8181188263478444,-0.29525906027988424,-0.4607436834431225,-0.44383126573758924,-0.5512668168272753,-0.6127224808595422,-0.6988264048582713,-0.5944781315702066,-0.581341529682532,-0.5504195315867672,-0.19144749489301466,-0.7285265232973249,-0.3675690274174882,-0.6609257290408264,0.0,-0.5507967508927476,-0.6913109401003529,-0.4455115258456677,-0.6160733890303575,0.3214670567734541,-0.553117311985855,-0.522511935313172,-0.608185823732842,-0.4891992145551329,0.016179866260421193,0.05511615910307802,0.5044031126521465,0.1484228549110222,-0.515634099328965,-0.483165464971106,-0.29834877752237016,-0.5365310351860771,-0.0063327189939132895,0.5052801894684663,0.2819437216238608,0.10865209845879381,-0.11917574941860533,-0.5590700867585416,-0.4739406824713859,-0.49333487288220895,-0.3704318226082916,-0.00625897977327022,0.46319081117082705,0.7810453838254939,0.29400366102465764,0.6482419841774802,-0.03956251154334623,-0.17681618809699523,-0.20198693634179987,0.4527827454782214,0.8047432138471439,-0.39021334909933597,-0.3317243047670728,-0.32911895370559363,-0.5532987055889443,-0.5772949227922096,-0.5722234976346791,-0.6964600537109478,-0.6168676760536672,-0.5787516149035093,-0.6002422924147292,-0.08228828272184252,-0.6736140679392741,-0.6056263863654952,-0.4780572138946246,-0.5124431545259779,-0.6807966195736102,-0.5757173352420172,0.266520702285345,-0.662768423305618,-0.5361704391598762,-0.5493779952631631,-0.3593309334362502,0.3544967059998772,0.4190045638730361,-0.506617155698544,-0.15587177368531216,-0.49288011125530223,-0.5358228044183991,-0.27155355435272077,-0.2803403932665166,-0.4689099371537998,-0.4525176120088444,-0.22087547148610634,-0.1893784955949515,-0.07787930095963755,0.4497876234950479,0.7573716899483982,-0.6010859859389225,-0.6289521766038242,-0.35963445030081126,-0.2574934523711803,-0.17300338733521015,0.7705799658232059,0.2636024528071612
