0,1,2,3,4,5,6,7,8,9,10,11,12,13,14,15,16,17,18,19,20,21,22,23,24,25,26,27,28,29,30,31,32,33,34,35,36,37,38,39,40,41,42,43,44,45,46,47,48,49,50,51,52,53,54,55,56,57,58,59,60,61,62,63,64,65,66,67,68,69,70,71,72,73,74,75,76,77,78,79,80,81,82,83,84,85,86,87,88,89,90,91,92,93,94,95,96,97,98,99
0.0,-0.14599927257317222,0.09820313362845126,-0.8069653592630447,-0.26500212847424076,0.489062173973999,-0.36053178938120106,-0.4246807453906701,-0.1854617384180534,-0.4070541513646673,0.6258934595890063,-0.5442909473163612,-0.1269160316585144,-0.05536613669051043,0.20398705409463785,-0.4163309912060753,-0.3702446212342009,0.16101548698469284,0.048830470275047944,0.2988888302472075,-0.11229074152447704,-0.5114618286434677,0.05567236034598865,-0.8605232725825559,-0.5781849445763327,-0.7002748197824817,-0.169857783775162,0.5954267252961846,-0.11040539154612118,0.11501681266086411,0.35126424758865593,-0.08103103607525479,0.47011190418934884,-0.2724625051469233,-0.5331236406727551,0.656657186781143,0.6538867958498704,-0.09084483260933912,0.3958518847332525,-0.4699815273442542,0.42853947863720165,0.12668938262158888,0.2015914235527467,0.8255164803108381,0.613326608778802,0.7610518880583418,0.723527327458909,0.8802249869420411,0.8949409777403682,0.7915782121003679,0.8237626695124235,0.035936045008779366,-0.5188681433797712,-0.7328886217559096,-0.06338096121717664,0.6783102596755937,-0.4477645458674474,-0.4728382929865326,0.039174442364824126,-0.031676083427420475,-0.45605769471831337,0.19163368632893524,-0.06262183952980685,0.050661838293700405,-0.10388029469808457,0.15471660110698196,0.25700257386067843,-0.3270541642580083,-0.4491055767317314,-0.3484572149962945,-0.4636609827330537,-0.5241543105080773,-0.296136200710683,-0.8358201575024039,-0.7174164285001002,-0.7441286111124795,-0.41229492800087064,-0.615111829152581,0.1593343485033061,-0.08334922624645656,-0.7543381169881147,-0.11824745919033201,-0.28612597632278924,-0.6731998953298401,-0.7630369829264093,-0.6217450036685892,0.549905455391981,0.6550037697354787,-0.07881150891932778,-0.5161753914722607,0.11579912129920676,-0.4675988935758522,-0.21388123907595374,0.49606588467442575,0.10072306189815411,0.8476773348725806,0.694495919230996,0.38058736893750467,0.8854725414124642,0.7520503124164521
-0.14599927257317222,0.0,0.9036507037754321,0.4935619999757983,0.922912671032456,0.721729492387211,0.0013081161709929587,0.7558904452204239,0.8844856147134493,0.5953542711780533,0.27359620799373385,0.7551097160960003,0.6344835070653765,0.7905832155426065,0.7152459367220415,0.543686453426632,0.617697486360985,0.8339651731303771,0.8394810100488356,0.7178008363961336,0.8300336369611058,0.5767405263809657,0.8490983458032136,0.14972800171493542,0.10785408770644532,0.37396644525678396,0.338737758267705,0.3245224360455629,0.7358002112895038,0.7416839168140458,-0.7227419112329471,-0.723632634604382,-0.6038651699580926,0.390687489702969,0.016538058594837726,-0.2824199059401199,-0.5772426336142845,-0.7013621397181181,-0.6623776897051237,0.22835741100735335,-0.5563152771274047,-0.8040486585612835,-0.5045690376703774,-0.2978755127158665,-0.14037201387554066,-0.4527715524466523,-0.11281029001101342,-0.1374711743090216,0.02912426771576303,-0.33661950248119804,0.23129632910243245,0.9389749381739296,0.7057797609599521,0.5936105504136087,0.9473022237027772,0.49923447177564245,0.8675538886737778,0.8679440803532612,0.5668785521922847,0.28242061619049147,0.6883901119793204,0.4258456610858139,0.826214614836417,0.8769070758790064,0.8761760784630437,0.7665836738415457,0.3622044802552768,0.8147770614907349,0.7242160945243398,0.902392778179156,0.8064506685189451,0.7436786455280567,0.8974863600240515,0.20780235668125863,0.4970472331968624,0.11742753321074179,0.7952454933800692,0.7008062628423856,-0.5239282743869553,-0.686570064185817,0.2740565337232774,0.1015855789888827,0.0365580867974997,0.360905409865534,0.4557492393072632,0.41874149245523956,-0.43763643945648106,0.07266950001066581,0.5398318401687533,-0.39124531034227983,-0.41639507346122995,-0.4986812906828012,-0.5606518226548781,-0.7411532188149723,-0.42228000891818096,-0.328078335312868,-0.5193884192831513,0.4685043792553553,0.0989984654867921,-0.3980223430704093
0.09820313362845126,0.9036507037754321,0.0,0.3289234189718607,0.8394103656219475,0.8298903337622732,-0.0743752476943237,0.6582932757346924,0.8257797412071975,0.5680096589629625,0.458545835238806,0.6592645625879658,0.5243906520177685,0.7912198221146607,0.7530180154801976,0.46456783572074417,0.6163475615246216,0.8048445221417337,0.88771719175476,0.7381696193763717,0.8418338928874478,0.5154391052112601,0.8525330357454476,-0.007849737860668511,0.16160924996899592,0.2999930510486631,0.2700341328025486,0.4880935434173031,0.738069614539648,0.7661061022588036,-0.6273469328130103,-0.7324245259009988,-0.5631946944087388,0.3180900989555284,-0.030833250253184757,-0.20093132519177107,-0.46282077394409826,-0.767940389372575,-0.6664431583254941,0.10230745033730046,-0.591462068210865,-0.7619920738284678,-0.49844966034169,-0.16667013932869615,-0.0576476233434107,-0.35921582186008677,-0.06685598879068679,-0.022664753438919008,0.20662810396223705,-0.239170819695733,0.4298775008852987,0.9457576831980706,0.5767578641021055,0.4117988207090723,0.9231916615532335,0.6442476481463462,0.7532346217336964,0.7607886273621404,0.6354750573006481,0.36410047907341003,0.6620589785540991,0.37157959782712774,0.7515316273223395,0.8823203014257199,0.8329931248455473,0.8181563631265002,0.25381212089189137,0.8088605166592078,0.6367495971620311,0.7996145278211556,0.7223488609445291,0.6258930534485947,0.8307700639308189,0.043204368625468205,0.40577855549765784,0.07176967917331276,0.7546524566064303,0.6262562544983674,-0.5177659951451643,-0.7813428126767362,0.11950749273419246,-0.046954833904468335,-0.104410639800594,0.13849865260930877,0.28837844689571407,0.23179137799968416,-0.3457450616376063,0.16774872568757565,0.4117455910507,-0.5938031124479345,-0.5392957689289852,-0.5364211378503053,-0.6889788248361624,-0.6766787876771068,-0.5187190099026684,-0.19726378170808273,-0.4540157805316766,0.4160046325916151,0.2711573070848552,-0.3272769810758435
-0.8069653592630447,0.4935619999757983,0.3289234189718607,0.0,0.6655593382977439,-0.02656487262036861,0.48137398538973963,0.8325026741537181,0.6215228755961446,0.5117756729128153,-0.3474163162748428,0.7491243607296152,0.2804898560681332,0.3665489879599973,0.07842115145324748,0.6463724494600525,0.6694670722188734,0.2726331863129567,0.35399666780059863,0.12036198653602785,0.46341390665964,0.7434606417349602,0.3710753575214801,0.7838153816821747,0.5471029476005619,0.7156045992235569,0.36493898732314206,-0.31982495427722174,0.47255144845802693,0.28674511503479455,-0.5970298630983448,-0.2697589203855113,-0.6901426018706848,0.47589382703003275,0.5976614066344194,-0.6092343452358835,-0.762284152287207,-0.26848246672687115,-0.657441731314183,0.3895091542845954,-0.5757653044971086,-0.41413896324002614,-0.1985077254893633,-0.8289073209641431,-0.48585157489736536,-0.8198609313370635,-0.6129999377634014,-0.7763519862909067,-0.6729304901371912,-0.7566908617436493,-0.5660400386725112,0.4112151140514776,0.7272161418030473,0.9325198947775317,0.5067821765566914,-0.28840535982240906,0.8015696429810228,0.8141314599384085,0.274008242583478,0.12675099097048526,0.6740256039183565,-0.04041227280928167,0.32902861996500393,0.26843896434569553,0.45145435558172575,0.1526937630769052,0.02531828441164498,0.6668000447693619,0.6530044902892381,0.6485466638581315,0.6990127851991925,0.7794776834811774,0.6606457157737152,0.6637102284389848,0.8009969593957915,0.6812545066539626,0.7115635557927811,0.8244172737479123,-0.4170366194288857,-0.2835517675817547,0.6845259695312429,0.03626494498827455,0.16880473369330729,0.6514311517365621,0.773644333099468,0.6413131063797658,-0.6513409365415339,-0.5780634212786994,0.2850208046864693,0.14290359283629128,-0.3519152824309767,0.07261418607498926,-0.20126325973964843,-0.7179915154263331,-0.31453592528401186,-0.8615011939594078,-0.8311472811287177,-0.22012325332412142,-0.6446899571157195,-0.7788886100615681
-0.26500212847424076,0.922912671032456,0.8394103656219475,0.6655593382977439,0.0,0.6766198524573744,0.06972775903508302,0.8761160441959911,0.9463821406767875,0.6229076041348456,0.20746332604559733,0.8195122530526319,0.5945742176070132,0.8076722496991,0.6640790673249016,0.5194380873753266,0.6701615102366373,0.802505940627192,0.842971801831004,0.69273380662982,0.8375703751323887,0.6429553967316259,0.8344532496515124,0.2620191918347608,0.18205026473401076,0.48476182677513,0.3723623860791052,0.32750603945191586,0.7910275048219506,0.7611189156385836,-0.8008041500034142,-0.7867680168490581,-0.7718196711404389,0.4430337505710584,0.10807738339820502,-0.33743146085001063,-0.6267792890666224,-0.7724011309681408,-0.7637506203318263,0.16105066742505417,-0.5846485826001344,-0.7927090650471961,-0.4470723819343192,-0.39776963489649614,-0.20571092316545317,-0.540520615182156,-0.20046351723913175,-0.24167005834605265,-0.051185361821392016,-0.41070504508427275,0.14911165320460187,0.9339768960148762,0.8336081979647207,0.7865767870327061,0.9562829163884486,0.41473025994850077,0.9415506132469255,0.9576395363843835,0.6858641192196322,0.2362542077443605,0.7371167723488659,0.3584762055996623,0.7717663807251178,0.7924450413873172,0.9048946041642335,0.7168894311411316,0.328380937679044,0.8580091780812573,0.7397170887700381,0.9036129291731795,0.8502506874678656,0.7856821709150008,0.9253592755114906,0.23139707224421108,0.56386574677956,0.2334092719828649,0.8361193694517408,0.7770073703322425,-0.5942218280411468,-0.6881285504876379,0.32603927885935446,0.05566895462206688,0.038554529333861644,0.3922526406024391,0.5125389069943799,0.4458572921761886,-0.46930772132991133,0.03335819605611522,0.5223946047055549,-0.36255896148487915,-0.3988875394934781,-0.43478411301928105,-0.5638212044952366,-0.7658729192252627,-0.4493339735772255,-0.42871675673807347,-0.6116419962551005,0.39095609482269394,0.01015377241106131,-0.47957005662043806
0.489062173973999,0.721729492387211,0.8298903337622732,-0.02656487262036861,0.6766198524573744,0.0,-0.1601455582852563,0.46945216700620945,0.7124751127494742,0.22210250787279767,0.6726136566461999,0.2794859828356304,0.49160476406688847,0.7073329672213025,0.7521692074136914,0.08659489195095299,0.25738348729303073,0.8413601175049298,0.7493000729690823,0.8040056825245048,0.6683554885085028,0.09825251505208278,0.7430313196029187,-0.48181961294170467,-0.31841750633210625,-0.17524284922348665,0.16772970311120655,0.751177887528001,0.6162591509787955,0.7623223840122332,-0.5054704210925903,-0.7976462801690076,-0.27874374157412,0.08606181104610267,-0.38473649077356054,0.21400434455360212,-0.03358191824007533,-0.7220433673333495,-0.34097597071304436,-0.19942026742450725,-0.20290805428880623,-0.6421709473593366,-0.24129657534445806,0.32530898134845293,0.18871829012040844,0.13815669510213682,0.34289171256133866,0.46410797567627793,0.6542604261535352,0.26760948839271986,0.7199299790778096,0.8548397966599847,0.291159916706039,0.13181224575327602,0.8149313318827404,0.9276336738690522,0.5029118419336219,0.49383432791900245,0.5658882801852055,0.26382706634924963,0.30728390358414653,0.549327348515026,0.6694585519196934,0.7498149620871069,0.7376879684089241,0.7596842766168873,0.4782501540623151,0.4769436229738352,0.24914324558073503,0.510169734159357,0.3690237878359306,0.2629386792586597,0.5578701615144038,-0.4542319918190044,-0.05794647497207707,-0.38494375853660373,0.422190130801398,0.19561627054021613,-0.5221332279051585,-0.7123719936112392,-0.34980932906499906,-0.1361515045735998,-0.3053494874546159,-0.21102852959490506,-0.18805391819349507,-0.15626413027507982,-0.009774190635340926,0.47503214297155266,0.3487458966515193,-0.7510385405447402,-0.33733442005861497,-0.8119092120764368,-0.6781966803637705,-0.3221973383869672,-0.38232000985429454,0.2932931443718151,0.005421890949004504,0.5698998984852208,0.6996528560548045,0.16792281847401586
-0.36053178938120106,0.0013081161709929587,-0.0743752476943237,0.48137398538973963,0.06972775903508302,-0.1601455582852563,0.0,0.4673021652151111,0.20157667773686305,-0.08023567347784756,-0.02776169656918917,0.126185358949805,0.027017611559255503,0.001646006044178355,-0.142517313221788,0.36146375648531937,0.17329756847167027,0.06589404057959375,-0.15807384705106045,0.04005072620841118,0.09888241914182944,0.3126486035905007,0.06843610312321839,0.3374309722705872,0.10282662110112706,0.025136942855382333,0.341967482047493,-0.24769053754901674,0.15149515772711186,0.10991037470286848,-0.16603653861233958,0.2478974168723352,0.07371414284888185,0.13239463911655483,0.4961625718842212,0.014083762283690172,-0.09865803003941713,0.3311468894430954,0.08731468700727348,0.47823517607866267,-0.005905573623052261,0.0009660267386921438,0.328037715186073,-0.2556699781965769,-0.24933419392499212,-0.1375690555713572,-0.16317570369225162,-0.2572288822566339,-0.24033514998021166,-0.07346774360956154,-0.5015012459889983,-0.08033191279226921,-0.09117174329528453,0.2774923219223274,0.014942448497401723,-0.163196332814507,0.210293430601248,0.176890164112055,-0.2638562542089805,0.04773934056240019,0.10866481372904256,0.012715095685913239,-0.04425264160033279,-0.10382891416932996,-0.02296635744580549,-0.12788554869368152,0.27572024822201113,0.007293504045247872,-0.0927488643056843,-0.04867532432567496,0.00988260212907828,0.11414268565720337,0.04105424886674068,0.16960058278978496,0.23589337120193984,0.22636932052788755,0.11903320410605978,0.2156915294915777,-0.3546791612506477,0.18023472199375237,0.015110647579826407,-0.3294475369033795,-0.31152120638963277,0.10301445218758548,0.08239546714078404,-0.0140824026381954,-0.26499721976183693,-0.5483733114265096,0.07039577967116947,-0.012564642565588074,-0.21626333715059518,-0.01925420108904621,-0.0849351499684374,-0.15897537716142673,-0.15847439355592094,-0.3003665768310755,-0.20535974726452708,-0.5213100184869164,-0.2586666587647395,-0.13853266533806569
-0.4246807453906701,0.7558904452204239,0.6582932757346924,0.8325026741537181,0.8761160441959911,0.46945216700620945,0.4673021652151111,0.0,0.9058353802873175,0.4910278690728821,0.12928624333956182,0.765635756009881,0.5605916237258156,0.6878457528151297,0.4873967044207948,0.5812036969196585,0.6898567816085092,0.7177238000304362,0.6542766464818142,0.5756269536993335,0.741527404312641,0.681310408676676,0.7250395038112133,0.3879933640015977,0.2234378052783211,0.4464653783964849,0.4089174758084196,0.12376208903773098,0.7479541790811604,0.6677794707109458,-0.7970984053418806,-0.6054670048248049,-0.698520682889951,0.4535653839666895,0.31265236725311113,-0.31937023300847184,-0.6194551606291692,-0.5555313047437597,-0.6809837157791399,0.2827497497871168,-0.5403069019668127,-0.7144394185227796,-0.2308598856158221,-0.49034294995274785,-0.2859863208406655,-0.5639563243713777,-0.2941141622998802,-0.3656622106335471,-0.18699434947637145,-0.4326221891918639,-0.12159305189919822,0.7592597663065169,0.7080791824955699,0.8425914547906538,0.807085683379149,0.24963918537519242,0.9308104142217758,0.9204790881336478,0.4888528510787562,0.24661257700416925,0.7114694465573618,0.34634850366859404,0.6456161878363786,0.5872158605767812,0.7572147913917924,0.531183558567025,0.3234176099939793,0.7629925730411404,0.610032656469182,0.7754993244707817,0.7469272719326768,0.7386131488170979,0.8223080150144861,0.268008133987218,0.6172015342445212,0.33524200354387823,0.77562261630652,0.7711976369574314,-0.6889227053639492,-0.5493249725419916,0.3082152308652567,-0.11349514910830351,-0.10431205699774272,0.37155320216410187,0.487123839816647,0.38594694172824845,-0.5635176233857454,-0.27723248047648036,0.4547172580933404,-0.3278937773607215,-0.478575194001125,-0.3750711304870699,-0.5568111689306822,-0.7717786431924578,-0.4975505547645507,-0.5373542825623622,-0.668489238677467,0.06074655769693595,-0.14310819085976847,-0.5178088594580611
-0.1854617384180534,0.8844856147134493,0.8257797412071975,0.6215228755961446,0.9463821406767875,0.7124751127494742,0.20157667773686305,0.9058353802873175,0.0,0.5651779543789109,0.3541164651282421,0.7609482436691087,0.6797904737619795,0.8596932929849627,0.7177407372520342,0.4583666016940196,0.5894957521077718,0.8676685588904758,0.813304551627213,0.7578861454928868,0.8500473644259622,0.5388387950173201,0.815975750108547,0.14649524435132769,0.10409146612426823,0.353972522865279,0.4447091892362349,0.3806346105551111,0.833735062883435,0.7723334945610217,-0.8312169907777758,-0.8030914784057885,-0.6735349681741508,0.3979129232855314,0.09057900349500907,-0.12802892783972802,-0.47820624797006006,-0.7030692292446185,-0.6544914588708488,0.19953488178658396,-0.4926032126129915,-0.7969611047134855,-0.3470589749461988,-0.2729917524480103,-0.1424490747456424,-0.4078579945768329,-0.11120952594498212,-0.13484333353009767,0.077832770231262,-0.25550064445293086,0.1825143660727031,0.9074997179682212,0.7331423699326408,0.7292322363917001,0.9168049986116288,0.5249380001989019,0.9125009023442525,0.9209507053421282,0.6755722181079845,0.3366401513735472,0.717736460819506,0.5096255959916144,0.8296422919598309,0.8039688195625858,0.9128117791546969,0.7531912186382681,0.4167956404784242,0.7574378226262071,0.5989034093675389,0.8386861700875577,0.7650059729872339,0.6959726600057153,0.8461817899416153,0.12862361348438314,0.4883613266964871,0.17327725130531477,0.7926919061203391,0.6919422495967897,-0.7073447191603018,-0.6915995946574541,0.17398870273065922,-0.019930308340642546,-0.08803120075347769,0.2574630825681016,0.36908330033450315,0.32219863234153084,-0.34750962885886444,0.006351647273510396,0.612572689193655,-0.43576280833486347,-0.4466428718550715,-0.5374391906587345,-0.5722993681228923,-0.7147046058627473,-0.5015905982193802,-0.3173577995791162,-0.51316969505249,0.34310340260631084,0.13070219682952866,-0.3329330630279335
-0.4070541513646673,0.5953542711780533,0.5680096589629625,0.5117756729128153,0.6229076041348456,0.22210250787279767,-0.08023567347784756,0.4910278690728821,0.5651779543789109,0.0,0.08664494767869176,0.8524292096442844,0.48615812562706306,0.6613747436308597,0.5659008957129196,0.4480974921873489,0.6697400713631736,0.340654126639235,0.5651621900540227,0.29196190308903713,0.6780608673447133,0.5483153965925848,0.45109006307158095,0.4661926536622898,0.6631700209327299,0.7299776113294245,0.23086516611918767,0.13392454751576532,0.6484189911099045,0.25547061360607176,-0.6371052699073588,-0.4631215040054542,-0.7016476032746408,0.14248701394533952,0.06810096848369485,-0.48532855176752754,-0.637032431138816,-0.5684621171076095,-0.7974297814493757,0.2176405590452728,-0.8616975624664336,-0.6636702989718549,-0.7504595649458682,-0.5322051793739427,-0.5305277200237484,-0.7137485828869308,-0.6585709316290019,-0.5350680678953895,-0.3089995216363067,-0.6536038876289293,-0.05087276526413912,0.5468781066582933,0.7348202622320126,0.6279208499197685,0.534323411401271,0.0273630876762307,0.6548699589495358,0.7082165145696497,0.7046250865714407,0.5850466696957503,0.9245684233401016,0.21022427118036616,0.5928323839312124,0.5577613169880703,0.6334504623095548,0.6371837009501444,-0.27459746212070474,0.7224600985583737,0.5928406368502929,0.6886598438671241,0.8009485485023614,0.5235744253293142,0.6079367498833642,0.542266183314443,0.8085751979432334,0.6636538150045481,0.7534738922249391,0.7354258488136995,-0.4544429846888343,-0.5905228737075113,0.42272884537667005,-0.15669753610040227,-0.032252204486854195,0.208335029229821,0.5584819004882526,0.3366697627423109,-0.46896514459550215,-0.22197906079652144,0.27872720182334504,-0.22923637628147064,-0.5819715651373536,0.0316222380355409,-0.35282305969462757,-0.7867662441164398,-0.6573705485889835,-0.5723530836616786,-0.7630245569912951,-0.004961376981404255,-0.2602250363835403,-0.682053315066943
0.6258934595890063,0.27359620799373385,0.458545835238806,-0.3474163162748428,0.20746332604559733,0.6726136566461999,-0.02776169656918917,0.12928624333956182,0.3541164651282421,0.08664494767869176,0.0,0.05966819818509368,0.4491530290062526,0.5643730988489145,0.679113574247304,-0.1850142510362723,-0.03001461366594928,0.5686244355128398,0.40201979631593004,0.6138081747751191,0.3970866638676167,-0.1457980702762894,0.48660496349989213,-0.6102899842521242,-0.3429388835550008,-0.3305011847705126,0.1441635970779606,0.6810153290553222,0.3711982859680977,0.5484420742392256,-0.32108704346364175,-0.4478700889862605,0.01900614188877399,-0.1125543293833236,-0.4204437859025545,0.4300095667373672,0.22821954857194718,-0.4644375092348976,-0.008336301167736027,-0.10930349301532837,0.016235207226674875,-0.45158395660118655,-0.04350706219931276,0.521908790556283,0.3540800367690073,0.4094249854249921,0.48137307098138465,0.6301392313014622,0.7398136969120076,0.473655078656089,0.7665767868588387,0.42106251585340576,-0.0800966449801245,-0.21503540520924122,0.31929618518185277,0.7703661426356446,0.06641559979322459,0.05743139810104264,0.45131959811733346,0.33697734058181306,0.09791052010654164,0.5954508232485486,0.49963499330526895,0.46096800020940815,0.39728460127315435,0.625981673699932,0.25205103683853647,0.07877383687380544,-0.17942798875757418,0.08841892088714179,-0.014760274836880763,-0.1560640594217632,0.1564214424311835,-0.6093703648655631,-0.2921926829869254,-0.4221568162407352,0.02327532113132521,-0.09059653536020641,-0.43726168146711425,-0.3372142739400737,-0.6325650572285659,-0.30548898293560345,-0.4621552122186933,-0.5253240875258947,-0.4549921126363062,-0.44708285982830104,0.14468208947558228,0.4153763814922592,0.12869203973405294,-0.7905428294214532,-0.22924567070381915,-0.5327953178226437,-0.48292341005898715,-0.05154040894322023,-0.35436296067394496,0.5109002693786995,0.24844222848702374,0.3647386788517584,0.7476837897372316,0.3784184523016815
-0.5442909473163612,0.7551097160960003,0.6592645625879658,0.7491243607296152,0.8195122530526319,0.2794859828356304,0.126185358949805,0.765635756009881,0.7609482436691087,0.8524292096442844,0.05966819818509368,0.0,0.5580112081905071,0.7133736141148438,0.5916338685017555,0.6239197885569393,0.7916288426772012,0.5256868441573513,0.703780369077965,0.4770630003440476,0.7929941252489661,0.7805190882079058,0.6834975082993815,0.6121633077790779,0.5773708109133058,0.8162263749624277,0.3799771978949063,0.07890721937349143,0.7558549159551242,0.4961675633740451,-0.7827685089410006,-0.5305820319150937,-0.8513795411190951,0.4442949827276451,0.27089544488851713,-0.5580186809030789,-0.7976247700395288,-0.6423532842520395,-0.8717471178241023,0.32101865556303827,-0.7962447938664053,-0.7592503765252294,-0.6414295296641912,-0.6962015064938322,-0.448728725442288,-0.8122916193342119,-0.5399857629546138,-0.5697837352221653,-0.39750190569832977,-0.7278483729919611,-0.10911058564500617,0.7009672392925653,0.8959370468780011,0.8326683627875302,0.7000720408967138,0.013666554853008583,0.8698990577710313,0.8916747436205872,0.6864581710429893,0.38313565641532465,0.9171975592884962,0.21227649441911794,0.6639887568190284,0.6559331913796078,0.7782265515053053,0.6617640497138005,-0.003908837053413778,0.8688693364402629,0.7911049702347026,0.8622539686080368,0.9435072728507361,0.7625253184295718,0.8534489562455236,0.6043101171452544,0.8547545818441776,0.6374721978083088,0.8683679016804814,0.9274708998343656,-0.5182032064035798,-0.5287272302902393,0.5671480042312437,0.004801874765612282,0.1046655363970796,0.4569141407958831,0.7457551002224707,0.5567846058245282,-0.6110629938293972,-0.2243781600081469,0.42663134009786524,-0.18841927379475404,-0.45710056368793633,0.005189810734759466,-0.4165176691695211,-0.8856997043806952,-0.5584342286499061,-0.7176525659829138,-0.8504858857418743,0.12367093986159962,-0.3402527723556621,-0.7705318217788597
-0.1269160316585144,0.6344835070653765,0.5243906520177685,0.2804898560681332,0.5945742176070132,0.49160476406688847,0.027017611559255503,0.5605916237258156,0.6797904737619795,0.48615812562706306,0.4491530290062526,0.5580112081905071,0.0,0.8528923407621413,0.772936871231317,0.10196186070418965,0.3094590130843053,0.6733996080789479,0.5873489798891779,0.5873864346170664,0.631429857835871,0.17210702648701018,0.606469839934387,-0.0679126687030361,-0.08835090710189927,0.11334600033866286,0.2714835938894929,0.35564549464909107,0.5991174157113592,0.554548528414455,-0.7677252303195929,-0.6786071414196214,-0.44841819611302824,0.07891108023961617,-0.20707720493029683,-0.03295932634040022,-0.28938525615725263,-0.5409384632559434,-0.4010892498014002,0.23772713709882415,-0.32842122064015267,-0.7796908758468113,-0.34367506452827934,-0.025362188655467768,-0.042482091572706916,-0.15363085176045682,-0.005110054518235454,0.056546163279718106,0.15962991562424733,-0.09584181962876297,0.28520690691840817,0.604065927827264,0.5084212251138301,0.44624096880816266,0.5572255471306626,0.44206567026469273,0.5605246836163276,0.5841916137900657,0.519041598094946,0.323436635894857,0.535490491997386,0.9065801757814376,0.927980950178552,0.6838329211565413,0.7395786614762342,0.7121275921624238,0.0940407767483024,0.43657783872939926,0.3080976827287641,0.5614525150554824,0.5111132755208602,0.3747066854147913,0.5551624488766248,0.039063078506844366,0.2518547099685945,-0.02639413320526295,0.44147823467228753,0.4136232265500025,-0.6289891873182987,-0.43493791813401167,-0.016809084536348703,-0.0760565332607123,-0.15207888617850127,0.05460008325985261,0.19356973025631383,0.1115421597458211,-0.25473054905887565,0.11312972579715623,0.4056536131451977,-0.3993333142698782,-0.24017911729985772,-0.29357207927442897,-0.265630166727098,-0.5982001377167007,-0.46166327876623675,-0.06479685954506903,-0.2783268627223418,0.3662657389901409,0.20614670504187366,-0.14971752764811813
-0.05536613669051043,0.7905832155426065,0.7912198221146607,0.3665489879599973,0.8076722496991,0.7073329672213025,0.001646006044178355,0.6878457528151297,0.8596932929849627,0.6613747436308597,0.5643730988489145,0.7133736141148438,0.8528923407621413,0.0,0.9066581364711439,0.19832725312921967,0.465260765377144,0.784140965289788,0.801877898261974,0.7377722848918549,0.8622978764041072,0.34252271948029495,0.7776405209935243,-0.035677127268318315,0.08330019184622678,0.28134223811847026,0.3693912562987559,0.5502441181281391,0.8136497084995816,0.7606904055588645,-0.8362222750843722,-0.808111327115081,-0.629011472208519,0.13264191508833423,-0.16389708495433006,-0.09076330453200943,-0.379877477355517,-0.7477348901816809,-0.6003670513198341,0.17154158075771353,-0.5303951404739077,-0.8654234256718074,-0.5046624064592214,-0.08762065896041887,-0.10766346932407896,-0.27827181790904865,-0.09366356264352577,0.0063015109349868394,0.21618905862761137,-0.1699924957145835,0.38812053552841225,0.8255979869847522,0.6363550197541127,0.5482860576449623,0.7823118758664666,0.5835176861198454,0.7144428205371526,0.7604940348439128,0.7311031659156128,0.45228069232654994,0.7068104335932567,0.7156418774480255,0.9374523878919976,0.8393304210837518,0.9025178791497026,0.8969048353269576,0.15254392562952088,0.6513259218913803,0.4326650422987957,0.6972953003827354,0.6741206178211799,0.49683757913558807,0.7206773451363879,0.059812589060602085,0.37886735665940763,0.09422182398073006,0.6775066866864446,0.6042817664513525,-0.7315126462296744,-0.6566522454875898,-0.00622934297562021,-0.1741642130293804,-0.22407751614166646,0.01992650029709267,0.23867206974988273,0.12021752126636476,-0.2778226551703645,0.17278984271714293,0.45104070612041697,-0.5675829455785247,-0.4249166041587564,-0.41162209387899035,-0.4888038357366587,-0.703819885412137,-0.6239865736535672,-0.13479151782611712,-0.40543297544814344,0.3770871944607009,0.2671046189707488,-0.25252290451994025
0.20398705409463785,0.7152459367220415,0.7530180154801976,0.07842115145324748,0.6640790673249016,0.7521692074136914,-0.142517313221788,0.4873967044207948,0.7177407372520342,0.5659008957129196,0.679113574247304,0.5916338685017555,0.772936871231317,0.9066581364711439,0.0,0.09721910887259991,0.37905979407612983,0.7799118793167146,0.7938104923550704,0.8490858664381143,0.8612272817864752,0.21860267998077,0.7883159167125788,-0.219881096270254,-0.040059387011366604,0.14966043590491443,0.27425686282429074,0.7425985305907066,0.8277849872136083,0.7104285015445451,-0.7231280907961962,-0.7673261912166333,-0.4811287379679161,0.07544040390080034,-0.35794401004302356,0.09303528915783904,-0.18720908648511547,-0.7355192651064755,-0.5144005682669817,0.015372768737406112,-0.4476224864041713,-0.8484314625793884,-0.5891833932540359,0.11214118295210872,-0.0193244740560017,-0.1068099571710718,0.06477327680396411,0.24038334501685685,0.4404311498556404,0.016392050206328078,0.5880441346078991,0.7799178404338751,0.4979989825049252,0.30250756419444375,0.6832349863244783,0.6890974841714285,0.5506353681873591,0.561596850995246,0.7213938854750493,0.4822874356094906,0.5843413735793991,0.7075228233494789,0.8429425143425753,0.8191745931998567,0.8710964029046934,0.9784756402562265,0.23605191055247357,0.5516287565161578,0.32086765328458516,0.5825726672535216,0.5959046362381797,0.2757261272032339,0.6049588134444532,-0.09194298862729773,0.23154686080683132,-0.05240374428693696,0.5762016470069073,0.4442792172294647,-0.6623716903385334,-0.6485983943468019,-0.2004538105955783,-0.22954377362071685,-0.3218062341578972,-0.21788233347345115,0.04610876094857773,-0.08611412380225338,-0.09663307301503236,0.3961863476550565,0.43988966876972696,-0.6989472451376701,-0.37231737302565676,-0.4375073618532273,-0.541984952140092,-0.5752292843993437,-0.6371397203440977,0.07663083763726461,-0.23410514540158275,0.4738483079729726,0.4916024890729945,-0.07174635526356729
-0.4163309912060753,0.543686453426632,0.46456783572074417,0.6463724494600525,0.5194380873753266,0.08659489195095299,0.36146375648531937,0.5812036969196585,0.4583666016940196,0.4480974921873489,-0.1850142510362723,0.6239197885569393,0.10196186070418965,0.19832725312921967,0.09721910887259991,0.0,0.8024797093757935,0.37245657464713233,0.4593124770178347,0.26597441893127016,0.4192540878582775,0.8713440616883978,0.5052937178984857,0.6816225742374826,0.5718885575818319,0.5810468377869125,0.25001845531261335,-0.2910291742713276,0.3537758792292819,0.2269229982450018,-0.3124358449956345,-0.05516036241519049,-0.3519214473909684,0.698601580555788,0.6863583551014344,-0.47440376540974766,-0.6533209791872469,-0.21654794354599385,-0.5603581695392488,0.43244835574060414,-0.5272469076664679,-0.3339180967289812,-0.0993933487895725,-0.7509150530472953,-0.2537280022439429,-0.7319697171808612,-0.36358734836557355,-0.590593380560594,-0.4896972577630473,-0.6452865053466337,-0.28736625697548046,0.4355958937081912,0.5325124021079504,0.48764398924032887,0.5075342151772937,-0.145752853414451,0.6494251244107071,0.6005991597235313,0.21559368822292685,0.09106259990313967,0.5691916455206766,-0.16260178438980213,0.2643953306344031,0.4520071839175773,0.32074510780264676,0.21502634084020636,0.08959780645395975,0.7221370786182865,0.773161092520578,0.6793688450572768,0.672897550461328,0.78694945150349,0.6652799012178073,0.5512773467595886,0.7184273534446527,0.5482970593651652,0.6662554834628049,0.6803927117071421,-0.10591072400975872,-0.2787382852780829,0.6751095520124688,0.2022245707206921,0.2233720102671971,0.6190367308727022,0.7002905004639561,0.6679995921891628,-0.5870203929439118,-0.44678105840594284,0.3653583990976305,0.02011290018810108,-0.4299144883607992,-0.0013543822191758026,-0.381398447931872,-0.6156614368566741,-0.2267843304117707,-0.7483618246746383,-0.7275938689049986,-0.08879813617790963,-0.43664786808872946,-0.679099632434019
-0.3702446212342009,0.617697486360985,0.6163475615246216,0.6694670722188734,0.6701615102366373,0.25738348729303073,0.17329756847167027,0.6898567816085092,0.5894957521077718,0.6697400713631736,-0.03001461366594928,0.7916288426772012,0.3094590130843053,0.465260765377144,0.37905979407612983,0.8024797093757935,0.0,0.47865859447332687,0.7104971527204452,0.4014532186500224,0.6564015657157162,0.8702761687858529,0.6713799724820603,0.6091378398924755,0.6382202105074921,0.707474001889749,0.27964112206355546,0.018539210331448328,0.6320779507930627,0.3659046044373316,-0.5669418825367702,-0.3507631966578045,-0.6612223155967071,0.5793415608015162,0.43438916182839854,-0.5535255585811377,-0.7109086365327919,-0.559203093626431,-0.8568071405474057,0.11115930171272886,-0.7718734209242485,-0.5808039204925876,-0.3979102862087755,-0.7069704858985122,-0.37827235325401737,-0.7953827256342779,-0.49228518609139194,-0.5489733641726856,-0.3732230244503685,-0.7009433639600053,-0.07891416065249207,0.6216656559257395,0.7413448131593227,0.6404643117877149,0.6401518655676643,-0.00044827013978932927,0.7843601048279861,0.7393357865747818,0.5339753143212036,0.3004652220027344,0.7963605264553851,0.036392176588135004,0.4288092517144391,0.5439640987458636,0.5608177378537309,0.478959916448886,-0.028782999963139773,0.9220925401285246,0.8249050043102155,0.7903348475911157,0.8525288120344644,0.749428548433701,0.8098172455570988,0.4665243474220156,0.8145999024461164,0.6157156071864752,0.8169432498821412,0.8138567997823153,-0.3700124781005935,-0.48154480084575163,0.5519583857334984,-0.058589480390278705,0.01412753489639941,0.40928134025503127,0.6714414703225958,0.4888683006085183,-0.63887734760353,-0.3138997944882679,0.269061728117094,-0.2698282428631331,-0.5308579809953913,-0.010640028943409563,-0.5992405199486547,-0.799212577756495,-0.5380569285566469,-0.7190734541282896,-0.849315995885687,-0.056316339338631144,-0.30807188767717897,-0.768797470179798
0.16101548698469284,0.8339651731303771,0.8048445221417337,0.2726331863129567,0.802505940627192,0.8413601175049298,0.06589404057959375,0.7177238000304362,0.8676685588904758,0.340654126639235,0.5686244355128398,0.5256868441573513,0.6733996080789479,0.784140965289788,0.7799118793167146,0.37245657464713233,0.47865859447332687,0.0,0.8385168158610427,0.8976130894245076,0.7684912026062374,0.4054580631255439,0.882341556114935,-0.1662260513663008,-0.17795107884461053,0.046851566181784064,0.34326272697037785,0.5562082194778636,0.7370931149421424,0.8277428530191191,-0.6802738013266485,-0.7600965679177795,-0.41286740552803536,0.4428979266512627,-0.06885111074763159,0.1453746589956778,-0.2175075810281376,-0.6808796938320151,-0.45704294885137603,0.08618168277343263,-0.26569089609391355,-0.7483294057157438,-0.19550921800184784,0.03371442698709509,0.1324900325404037,-0.10228180346321877,0.24819194485687174,0.22172946796931212,0.4006372099272499,0.05487343557503124,0.47113086649748287,0.8930551987964432,0.5210330142982396,0.3940285608919982,0.8590057005284534,0.7485487198926513,0.7348279798613155,0.6937155911468058,0.614116473165647,0.262515399927827,0.48506749102082725,0.6249933395880112,0.8136571792645955,0.8517093447934233,0.8375840352114489,0.7863578613473872,0.5529940944871479,0.635334174443552,0.4921836352140519,0.7482297830807502,0.6046041279398269,0.5186528889337053,0.7509050052415641,-0.19796191664180404,0.19369699318228156,-0.1561627786867743,0.6035332540408643,0.4222209060792164,-0.5882597907817048,-0.6176097836962274,-0.08693936262546906,0.029647784323989068,-0.16390688681377455,0.062449050490860886,0.09220097786235001,0.13837842855593369,-0.15997219899713877,0.2583824293482104,0.6468080035367358,-0.6012136332550603,-0.3469431955694233,-0.6721400051747983,-0.6802033099255872,-0.5058627281004031,-0.3964417611934046,0.0068937566286510045,-0.22722308713655304,0.5218634751852576,0.4611332526288404,-0.0362359560065104
0.048830470275047944,0.8394810100488356,0.88771719175476,0.35399666780059863,0.842971801831004,0.7493000729690823,-0.15807384705106045,0.6542766464818142,0.813304551627213,0.5651621900540227,0.40201979631593004,0.703780369077965,0.5873489798891779,0.801877898261974,0.7938104923550704,0.4593124770178347,0.7104971527204452,0.8385168158610427,0.0,0.8281250343133335,0.8662274881231813,0.5872377892166765,0.9204565026130596,0.08116535410872072,0.18120348693555735,0.39417907516035194,0.39302742714814376,0.5592680391494472,0.8064093746385158,0.7622568888828339,-0.6651249294303591,-0.7537350004217303,-0.6375935654829593,0.5333267875741986,0.053832000056144455,-0.13792852204061953,-0.40144062783985657,-0.8022730493337659,-0.7179806807624299,0.027684665375171957,-0.5189103053106382,-0.744370102556773,-0.4662216714526035,-0.2189171882377726,0.025724659236841245,-0.3914276511285696,0.008798888224808638,-0.011016653990893549,0.18808037070128888,-0.25289079018305405,0.45682811257286043,0.9140214298047826,0.7362936385882602,0.49414721632576925,0.8607553645967526,0.5700414945953992,0.7675545288749294,0.7565302505276746,0.754232885551724,0.2872050814032638,0.6464230530937696,0.4158651677113006,0.7648031832561589,0.9059514428358854,0.8877048871564427,0.8408980497656245,0.30406889509082385,0.8510649392801566,0.7388157529607206,0.8491305971728682,0.813377661475213,0.6553969652100865,0.8775543523401352,0.09562421117704466,0.4197957236313459,0.12472442437952255,0.7887532852780323,0.6534629602311894,-0.4819333591893527,-0.6572422829225467,0.2051242611562156,0.10043288184913131,0.014322186599299654,0.19594533766122646,0.38772491337998444,0.32280838101244347,-0.23192014351146265,0.3052898330037572,0.566128025103026,-0.5019241095370169,-0.3418030649732179,-0.3503519841007155,-0.6066803686644305,-0.6532989921659894,-0.4722005260002997,-0.2279916894704153,-0.46178276547432895,0.519524964240743,0.2595405643058887,-0.3271956797868747
0.2988888302472075,0.7178008363961336,0.7381696193763717,0.12036198653602785,0.69273380662982,0.8040056825245048,0.04005072620841118,0.5756269536993335,0.7578861454928868,0.29196190308903713,0.6138081747751191,0.4770630003440476,0.5873864346170664,0.7377722848918549,0.8490858664381143,0.26597441893127016,0.4014532186500224,0.8976130894245076,0.8281250343133335,0.0,0.8068796088214558,0.35090423705953294,0.8868804796555463,-0.21205130190182245,-0.19802982041286168,0.040682628702443394,0.42490182679402394,0.7425403761792648,0.8047052918524192,0.8074051627052854,-0.5710059607770857,-0.677918462362649,-0.3697268124574298,0.3993698003140974,-0.10319976215883932,0.2796555344634273,-0.06019285243703083,-0.6213287407014461,-0.3840354928730437,0.06534095109679643,-0.19202141039674048,-0.6760950481852279,-0.30095266080548877,0.13561700255662695,0.22619436469687007,-0.011581640315574088,0.33235452590351566,0.3527681798645433,0.5190434544080018,0.16779122494326562,0.568502747183605,0.8017400353621068,0.43962320770416163,0.27449280349885297,0.7233465746055308,0.7511687173788151,0.5721336953014569,0.5446941442740078,0.6066242680125373,0.22761135091531415,0.3883212493339072,0.5600173647904334,0.7111714286360717,0.809423687203597,0.8321516723849947,0.8429245031489716,0.6011414997593041,0.5355267159629339,0.38582521744546666,0.5916020995300495,0.5509912171420501,0.33531771767661167,0.6484897261079459,-0.19925413100742984,0.10509616830241933,-0.19607551090770872,0.5508403370332571,0.380929801640937,-0.5292799038105623,-0.5238038057079673,-0.18107107569050218,-0.015902162472568912,-0.17927686915784954,-0.1019098712657007,0.02960070176179101,0.006881109134340024,0.040765930823817874,0.4887469270426907,0.6633309258969792,-0.6208149347774415,-0.21639880980914367,-0.5187170554127883,-0.5673254432810696,-0.41028886696783123,-0.4027085185785087,0.12100330962471582,-0.11385981421999061,0.5774564713333662,0.5676546020485644,0.0752966512415043
