0,1,2,3,4,5,6,7,8,9,10,11,12,13,14,15,16,17,18,19,20,21,22,23,24,25,26,27,28,29,30,31,32,33,34,35,36,37,38,39,40,41,42,43,44,45,46,47,48,49,50,51,52,53,54,55,56,57,58,59,60,61,62,63,64,65,66,67,68,69,70,71,72,73,74,75,76,77,78,79,80,81,82,83,84,85,86,87,88,89,90,91,92,93,94,95,96,97,98,99
0.0,0.3582317401030778,0.362942987575161,0.2912052827812891,0.4921353096360805,0.41253061848399475,0.0836756240694035,0.12832879063882865,0.12816236296800643,0.3844764952729159,-0.04809309621394651,-0.13742247156931617,0.04048151061303247,-0.09966165351559028,-0.11283223909390719,0.4582169276307823,-0.07930830223845599,0.2663513187515729,-0.24096122297849767,0.13306267796056104,-0.1464157777387059,0.22055266539625937,0.24283728176625619,-0.06535345625097157,0.06657417678194416,0.08982016581813825,0.15776198692033597,0.371836517563491,0.001440326174183071,0.3115066846497438,-0.043772590561888355,0.6146070876869073,0.470953442857032,0.2269607485382087,0.32852067831688425,0.38961961090943525,0.5022924980508613,0.5440766458297972,0.4363667132309142,0.34372611193895575,0.2298207695685865,0.2084981719497054,0.3752927357633791,-0.08660896868744294,-0.356305501189312,0.26464291511637855,0.39049652387832456,0.24718011586813385,0.4842436284379748,0.25722158655222144,0.33566746663883246,0.3289619349188399,0.1922512128333876,0.332622946824398,0.43839380768614417,0.2770564907849903,-0.04891379333038228,0.13200139450525236,-0.16301903988409247,-0.4277586478006139,-0.30771703176923343,0.036960831059861525,-0.12734161179850667,-0.26924220381651665,-0.3731899906856121,-0.1481703049846124,-0.043224230484599425,-0.42334081103779037,-0.4109756024337289,0.15450917100632203,-0.33339209072360454,-0.3702606379161032,-0.025166457117337112,-0.2832519221642847,-0.4039589082070741,-0.3386649310969111,-0.0702196063759632,0.19666881870247377,-0.38328314604104585,0.37635160834949233,-0.31029119456583637,0.19681766861100958,-0.33330427340126373,0.22165963172855238,0.1986058226496432,0.15309338251737756,0.41302325074800716,0.47800657599452673,0.1308243070543815,0.05443183713854041,0.2914922460077577,0.27184431555377414,-0.2822476132338608,0.3048059800673818,-0.03152621075227019,-0.2934853704164832,0.1667442562145628,0.35831865946046143,0.49790566322142604,0.2456737199489335
0.3582317401030778,0.0,0.5331831950524232,0.8916902851893443,0.6540762843641754,0.5177867207841435,0.5441804285477971,0.7035435743801857,0.6157871025342195,0.46382356133388264,-0.44057497026104536,-0.32696120219843317,-0.06838310333325948,-0.06817911323701031,0.17210119207517843,0.7397986128438033,-0.41110115480527903,0.4333778078600568,-0.370915063682793,0.6820547642876843,0.07437221154816953,0.07076312344829788,0.24830371652348365,-0.21545773631130472,0.14581421070597853,0.015125649797101409,0.21143946113723897,0.3119165897604988,0.25834842871311203,0.2685940185714025,-0.09404000561374413,0.5560380816388523,0.5988571314194756,0.2271267262682403,0.2390349939835199,0.6043200534952714,0.43119549776113814,0.6754037139517075,0.5841460965059894,0.5629251192534696,0.23414943404860253,-0.18695904596069426,0.0786396255075002,-0.11452043694792113,-0.35741472171349387,0.2622451090648641,0.37330906669186154,0.23047783283277845,0.3678878763083846,0.2654907150013898,0.3946160621610099,0.7168920506199249,0.7581898592126223,0.6148543403148641,0.6279335473726447,0.36721275673612486,0.5669877178364973,0.6344315705884598,0.06053704798874279,-0.6052410399305185,-0.4763436905704746,-0.1173769752126567,0.06389503279718757,-0.3537698344128821,-0.17596438335162276,0.06371201485676427,0.22451417978949556,-0.33682248512787516,-0.23017785486158734,0.7248354373618194,0.14649507620058996,-0.24781745002670597,0.3787670989236379,0.09581942335967142,-0.2885631836663398,-0.3036708524022867,0.2613486459159275,0.3236706178553145,-0.395907876728284,0.5220267453932776,-0.09413975330790623,0.44277461478266694,-0.25001592450886273,0.187857309948033,0.5947765989660675,0.6050940745548657,0.573134264111506,0.3571196978367899,0.5210176650282621,0.24316502181047664,0.4603805601167545,0.5306121401499708,0.18907523477793417,-0.31604939453047176,-0.3779271784970963,-0.16457825592429212,0.29291761867294425,0.5191197582676604,0.4330896455236311,0.3550216319802426
0.362942987575161,0.5331831950524232,0.0,0.47131364671079296,0.7167141884389839,0.8898903015512999,0.17891412373916593,0.624846814315943,0.6887066895577502,0.31489403509558894,-0.17885982563844627,0.04344280565610069,-0.17274789014072728,-0.13796765380107984,-0.015944033117575963,0.5146030710085662,-0.17912721185369715,0.603764383389704,-0.6011412165267106,0.3807156804346671,0.014423375185400902,0.33749786942934273,0.472418830970034,-0.06648496779345132,-0.3426863407974159,0.27609304388947187,0.18765435214714427,0.36420669777708425,0.0046585782187530496,0.5847741928724048,-0.022591891917193935,0.3339898275793402,0.38999353575779844,0.4486679237867005,0.3675022248199534,0.6407949892215218,0.24537893830421695,0.35879076881070526,0.39715730930942117,0.32099917657195076,0.026871557804733995,0.23668563960686728,0.35817221796487153,-0.22827196724030083,-0.30727633370087176,0.028209655900991875,0.3849032666626728,0.03156812553052893,0.6553135355257181,0.21027623524470773,-0.054232915002044184,0.7193309564470342,0.35565731624440644,0.5457247424508446,0.8138104631053225,0.7886551220839888,0.37613303732724135,0.6627331646659133,-0.005577643940257273,-0.36815468173785565,-0.26592110115213013,-0.15222268835112002,0.032795861820881664,-0.42230161064519006,-0.32435803099859184,-0.05137838868290948,-0.12951493408467069,-0.29322063026378603,-0.26342373991079476,0.5309599734509904,0.015357469787153681,-0.08570859460126935,0.4732099524226155,-0.3333973201018648,-0.28614793850277687,-0.04053829004682201,-0.23061316275857616,0.5989217961222975,-0.3130157092773902,0.08260306479160157,-0.10392329880473712,0.029834792878867457,-0.3694981801918502,-0.14390250352961548,0.15606688525512735,0.15114673254049374,0.2893722330963461,0.3568268558725743,0.22190616851606831,-0.17759500027239059,-0.2722010935559822,-0.017398246311537566,-0.27906232952749854,0.19632747020326466,-0.028724928663610136,-0.36138044989609386,-0.15636921413813837,0.08564235969664268,0.6812578737881547,0.1472170139660838
0.2912052827812891,0.8916902851893443,0.47131364671079296,0.0,0.7265120337187272,0.4945682906729655,0.351053752679205,0.6011154757238956,0.5440168652760139,0.3353948548931664,-0.5691406136250899,-0.39125847035678696,-0.29188796629562175,-0.31121465165275825,-0.08756213207084966,0.673811267825166,-0.5091094851703101,0.38055011408604766,-0.5246374851867446,0.5782069461847734,0.004220143673207307,0.13071166704511436,0.1793305288479374,-0.16271524068259827,0.10263990705872562,0.05716168610187631,0.3013342177089706,0.36150857446744705,0.24626968684292588,0.2799981198189121,0.1346136198176272,0.40504733524184294,0.6152062592462281,0.24243089531902526,0.2780317853133435,0.5440866166438465,0.5034180883985762,0.49180415357160157,0.42932827292386194,0.4602869797737267,0.18544354135099117,-0.08284037099967297,0.17595885763766722,-0.004570358966015203,-0.16571205460037192,0.29339579065559623,0.3470670929158606,0.18819068118865662,0.26438252116131183,0.1691263409082773,0.44122441285086617,0.5573445470739439,0.6099601109722416,0.7520011836322285,0.6355406918156116,0.31863428406510513,0.42188165304287234,0.4926185238050879,0.1594362185670335,-0.5616308800874454,-0.5095414855836429,-0.3446294368937622,-0.18154129487390616,-0.5089238290186107,-0.31382965237924676,-0.1751538981593232,0.07115198422951462,-0.4426294377265447,-0.3815760996141424,0.5996453937337825,0.05310725058737451,-0.2165027157451825,0.34569477145523,0.1756880675822281,-0.277974606392923,-0.26537110549374543,0.21139105345648457,0.26633251935814556,-0.22712106949545968,0.4021383412183985,-0.0005482277198531667,0.443343690721407,-0.07532849281441625,0.30795634993975446,0.6284499830359895,0.5499388644887554,0.5854377648042806,0.41306077068972513,0.3705905120221782,0.24967152591231792,0.38480905055918113,0.3622409872414229,0.26284928286763787,-0.28990505523920895,-0.23901998855758336,-0.00831055606818012,0.3276286839738318,0.4450599770401105,0.4097598604068341,0.26561116357168346
0.4921353096360805,0.6540762843641754,0.7167141884389839,0.7265120337187272,0.0,0.812557154491431,0.15402466987537355,0.4413541504624629,0.5046668101415877,0.2988301964248776,-0.46112762171318705,-0.3263429037552396,-0.47689014411936037,-0.45423004727568256,-0.2471183614889487,0.7620371394890356,-0.37597602656990065,0.6660378459824581,-0.7344021754089273,0.47563963773054035,-0.09091602741880986,0.5319049880629907,0.5194737477788959,0.04018055496193071,-0.21083065501748213,0.37354444949372306,0.5013301765125219,0.6618774466623293,0.19420611916669311,0.7354584780151564,0.15913938851182682,0.4889237439221825,0.6315255127694454,0.6090234091725493,0.6507095891215007,0.7295079797938577,0.6550401739520643,0.4564966617366582,0.5912356478147185,0.5641825375081579,0.2929594067739661,0.29317605086960347,0.6003865411547474,-0.18333145044259577,-0.23430146044431843,0.30978643576826886,0.669282031590482,0.23264505466716637,0.528153042709955,0.1790064777268994,0.22794967801336669,0.6035203883727612,0.412099777336867,0.8455818568079964,0.9007047541760818,0.4908563663193363,0.12554264137357496,0.43324814670782497,-0.020464282762109046,-0.5324388575898581,-0.5546886854427533,-0.4041271378563435,-0.37495807659555624,-0.6599631625216386,-0.6010180369911757,-0.28574508117879127,-0.15406901828315725,-0.6329411526748152,-0.5142521981726389,0.4681111180840343,-0.22611671858041388,-0.18752212065867796,0.4142439413016943,-0.24490268586068994,-0.4469022498867278,-0.21218483816593542,-0.06035315718295257,0.5979635950492989,-0.33321720360454277,0.3969697948568265,-0.01920601693194348,0.3724092765841311,-0.21978135028821477,0.2861584512471735,0.49964901937861844,0.3974996356220156,0.6804608235969452,0.7224900627367759,0.23050287045176127,0.07592875545165075,-0.0006188214987633468,0.09203190423205426,-0.2932708048056861,0.036677315888965625,0.05851439272636878,-0.2856065636869147,0.13330741103356814,0.37739627891636657,0.5988415038106861,0.14498589436397633
0.41253061848399475,0.5177867207841435,0.8898903015512999,0.4945682906729655,0.812557154491431,0.0,0.1598368667234823,0.6825451266868967,0.780243843401467,0.41365526209505843,-0.19890062033574896,-0.01591304364154341,-0.22880952916334804,-0.19348459300675444,-0.03594923114841286,0.536448065370254,-0.2780345037628296,0.5834143425314116,-0.6436187129123526,0.3528713526275398,0.09600464200069975,0.3469585665488586,0.43315592174055945,-0.11626381919052103,-0.24765942272578365,0.3198129150889925,0.16435988122595585,0.43519141483275325,0.11725406805025809,0.6274797583376448,0.0012691673666482433,0.3680346918627884,0.28546785415698817,0.41550564442808485,0.393900327298283,0.7003313847439845,0.33055627956483236,0.3479459058706892,0.44133773734265724,0.39080640426908725,-0.08654106087728476,0.18322916960331628,0.3298464211998333,-0.2882707772776704,-0.36508956832354905,0.008743253140418348,0.35659045521299776,-0.06141418169650514,0.6884505436729383,0.1752561028456714,0.017695050947870845,0.7564740432944821,0.3426117376409655,0.5752076911305509,0.9415416289458847,0.8727947499896819,0.4075878651932868,0.7386803660292776,0.06229930891289008,-0.41299425501680187,-0.3382456477301142,-0.1668273688823047,0.033285633765485684,-0.4736073114855587,-0.3007934268982548,-0.07282046032575007,-0.19765341412457496,-0.36628079906566924,-0.3058653253776941,0.4829185432459428,0.03700776512137572,-0.10281077866010692,0.4991363900777201,-0.3631468348763232,-0.28430579663940153,-0.04906798055364026,-0.09341646766651461,0.6865972458217471,-0.342511823858236,0.20785998028215522,-0.15084376786349907,-0.04244525326987019,-0.38995714480779364,-0.02741322373431638,0.19723541597718286,0.1491229557624719,0.4268277493957999,0.4670429925406178,0.1816183500995427,-0.2546575188895274,-0.2823208693787475,0.06941334007642912,-0.3232316305741889,0.14793390478221768,-0.06201962539674667,-0.4082060523495048,-0.14539265233611526,0.10831378673021731,0.7427111278574136,0.10458500755373272
0.0836756240694035,0.5441804285477971,0.17891412373916593,0.351053752679205,0.15402466987537355,0.1598368667234823,0.0,0.5326191043194822,0.43303122780779124,0.3918289544998483,-0.09684187486979419,0.07100825194021292,0.3386860628059806,0.49293973723658874,0.6539340444753323,0.41309639866936654,-0.03605997288478283,0.3958956819312306,0.24604930894051166,0.6115615441884598,0.2019430633258346,-0.002748360416100576,0.33501483744989874,-0.0812532149522047,0.021459663625933344,-0.04060964690732642,0.03766943910873993,-0.1089583877890213,0.25021674858679605,0.0854925195035197,-0.23634177049928218,0.17782118032262992,0.08623841507308874,0.16208892700664448,0.09754568916857605,0.3662892718201416,0.08590448975184993,0.4980287110409523,0.5552866651591427,0.5488285581275868,0.28481705369618376,-0.4921016725741275,-0.10350188563694719,-0.1488467616266873,-0.11035401690348373,0.029027113450354972,0.239920432825937,0.2010101609122173,0.04920674532130133,0.21120548723752547,-0.0911201968535208,0.4482704772387387,0.3512544974858334,0.004153549351061639,0.17201760833171575,0.07029971621495457,0.5953788706511167,0.5562420191176523,-0.13795883642220186,-0.09901607796765262,-0.07111607299333751,0.2220173270026096,0.3748409486549621,0.24311729302389742,0.28489803578269357,0.6075119360609834,0.41036278818240135,0.11585859470518547,0.23093323688559686,0.6263844446181122,0.426631109658487,-0.1452643778196346,0.4065178534953217,0.01704337537069652,-0.22147335994225198,-0.1416862999000953,0.44893021402962086,0.24093602701696973,-0.16577596417556512,0.17914126847379433,-0.1903026172649884,0.3178417839246212,-0.026949711612315092,0.007651293962718201,0.3394929092565165,0.45531980483184403,0.23677480492027295,0.13274426263746186,0.509780672527651,0.10694539131775907,0.3371663758425911,0.43048402993177565,0.12923568656577697,-0.37790803151869207,-0.5031870626303062,-0.08721856554417406,0.18493037862855696,0.3072236754900148,-0.056418145412008326,0.13030092934733659
0.12832879063882865,0.7035435743801857,0.624846814315943,0.6011154757238956,0.4413541504624629,0.6825451266868967,0.5326191043194822,0.0,0.9161052399640522,0.6048433707735555,-0.23378751361429365,0.06993121048936748,0.07803703562820813,0.12776375828545186,0.3346443276248336,0.3768489067457119,-0.33790432728668884,0.30846996616330447,-0.27793388482374126,0.509553742353933,0.39252432117101155,-0.12921583988694407,0.08951952555749176,-0.22460913903904065,0.1599564982306318,0.07542926435556058,-0.24960383974188602,-0.037898443224289605,0.23523412319870057,0.10326877137186433,-0.2560824593676843,0.23742552907233624,0.03873193672685982,-0.022040673082787288,-0.07199977488387084,0.51349415566896,0.03527453165046518,0.4036525814490062,0.39206697770656507,0.4201159621583632,-0.2825360733442514,-0.40576185804958126,-0.2563364390725892,-0.2721710329539464,-0.4610062372849796,-0.17058887797419203,-0.05162018214140818,-0.2433000789572629,0.34530921054422675,0.08983063393657731,0.001426561766599247,0.8077124187852144,0.5479551213643128,0.24243599326183826,0.6030910986286184,0.7568942393001489,0.9201232196393055,0.942295715234342,0.25700527709424364,-0.41759049056114017,-0.25605034132098364,0.02186725475444572,0.44491899640733246,-0.2428559804942927,0.17675869748616482,0.21829193982983996,0.18376609860178725,-0.029833913326658634,0.02890827538071881,0.722995486118813,0.5309835592705686,0.05855071724253029,0.6100273385669747,0.06001656561956304,0.006180600198721917,0.02285028132768522,0.3504172294938289,0.44637938758627926,-0.37678640694781007,0.11983509484786244,-0.11465967521347344,-0.04418865958398285,-0.40564862413251346,-0.0816868777408936,0.2406452357643824,0.34363071739813683,0.28478961420528376,0.05378202813991602,0.395828968063944,-0.1539218005964031,0.02728181876250184,0.46940102072538425,0.19470850220188532,-0.26929888240750466,-0.4185298366644406,-0.25193901474988123,0.0029504391454932303,0.10764339899580437,0.48285735638803257,0.16353700601617008
0.12816236296800643,0.6157871025342195,0.6887066895577502,0.5440168652760139,0.5046668101415877,0.780243843401467,0.43303122780779124,0.9161052399640522,0.0,0.5702197810458015,-0.13810536034823087,0.008337027605702318,0.041691333688851875,0.04263208183550537,0.22428299599718488,0.28659357601445007,-0.4065179237334503,0.2307889932075133,-0.4163120236906627,0.5641366597129037,0.29284526584036336,-0.1753266090997481,0.03061338846158014,-0.33949904441761947,-0.027950976317706287,0.016060257159755037,-0.10771382890986295,0.11685339949620298,0.28413244020426665,0.15958297365141666,-0.11488565999832799,0.09408088847224938,0.012582675184309193,-0.048871816772800294,-0.10781579309384166,0.680415756797387,0.21345916667443374,0.28060484572885874,0.2735327281607371,0.28416201414310593,-0.17933949092283452,-0.3328615414321371,-0.1698030554325609,-0.061560302102471806,-0.2712188176446912,0.014812999543122115,0.03752126998064874,-0.10617883080920909,0.5447070013038522,0.32724505698741735,-0.0011454124065507587,0.7210855073439214,0.4199631036835424,0.2939442875258007,0.6836786160461641,0.8411224886556036,0.7887559323126598,0.9378277381584172,0.2681796838013418,-0.2738731140842347,-0.22896700094612732,-0.05000112949339923,0.36009919567054977,-0.2524174793254253,0.12674825146704452,0.16878029599243696,0.17600157235899766,-0.12715632412256425,-0.12254619857670564,0.6438210270325415,0.4606436356933168,-0.05881245994110701,0.468561472071389,0.04065858212274074,-0.046278174869206504,0.052601873903467114,0.21054354081537852,0.39165510646875096,-0.21177772340364756,0.04044738622540197,-0.17047447250700576,0.0012137778441737028,-0.22352750331759502,-0.024805636065695646,0.1563450291766595,0.3682035857156367,0.3698421959718101,0.17283957569729336,0.4881071262201173,-0.053967813532282666,-0.0755179577749534,0.26249475679149853,0.08579449709698095,-0.09102942286581285,-0.2514992812377095,-0.08259529892550115,0.09404958916048628,0.18933495844110507,0.6109014163203342,0.3346510219648181
0.3844764952729159,0.46382356133388264,0.31489403509558894,0.3353948548931664,0.2988301964248776,0.41365526209505843,0.3918289544998483,0.6048433707735555,0.5702197810458015,0.0,0.2007782333754564,0.3482234647601071,0.30399855699135486,0.17308808419419694,0.417478324400342,0.38482235299824985,-0.03038551178853964,0.10226226696183288,0.024097899867417366,0.5460405599388174,0.5374542438129539,-0.18734619386807722,0.04533103657644135,0.1279477973494265,0.48266951061030733,0.2871679747178377,-0.18324816105494188,0.17482495208374954,0.5740542047708612,0.08480217054838414,-0.5612319304705823,0.4115331188916226,0.02739993382459562,-0.13489676529575204,-0.11607268991320155,0.5261375055271429,0.23696881503998485,0.639478908530917,0.534300504152406,0.575278809055299,-0.04085078430156982,-0.38133847283218575,-0.24260452161216622,-0.2744490686921707,-0.6217018218769759,0.07490656234679578,0.0544374272450313,-0.05485262595103138,0.38546076680377633,0.276222136954816,-0.01133300590543929,0.6459942700679435,0.6233908462903559,0.21291739696195258,0.38428394235726165,0.48932310165101006,0.5876537609312573,0.5612315864645849,0.5251675638432601,-0.2882840931771722,-0.03213034257887125,0.26185569560998573,0.3472555562325295,-0.1468512247689548,0.26525788416140594,0.2568674556475821,0.39301959492615374,0.04447717406542808,0.17051095559762855,0.6155264500051127,0.48746534992762747,0.05984481181794318,0.44015291119577044,0.14645994473454613,0.28107035217170884,0.31329373039530356,0.5200365466141077,0.41707656679097654,-0.6584500638822706,0.29483189642443547,0.10805655002051576,0.13566216675459572,-0.5285866188247399,0.0787322644928367,0.2896422477812391,0.4083232509890547,0.5148097218054678,0.1703287098916184,0.5917807638014569,0.09166575828999157,0.281825444933256,0.6544441402350571,0.06760885861594562,-0.2181953658427845,-0.18582483545071454,-0.29691594453259357,0.2767149453664682,0.315380791205183,0.457800519389222,0.45270302517921845
-0.04809309621394651,-0.44057497026104536,-0.17885982563844627,-0.5691406136250899,-0.46112762171318705,-0.19890062033574896,-0.09684187486979419,-0.23378751361429365,-0.13810536034823087,0.2007782333754564,0.0,0.5113178597713883,0.47096129664938097,0.3386028251154412,0.30917686785284637,-0.26745544563667367,0.3916763322363694,-0.243707130765446,0.38982976541144293,-0.178067662786551,0.046031906775075515,-0.14734276889271927,-0.0736894564444312,0.04132169368373468,0.16227906924513702,0.10361268160342267,-0.2560333840323302,-0.16312317135819254,-0.011070273210021481,-0.1282598994257945,-0.1655146520691883,-0.06255764001953064,-0.2877541861525124,-0.19797095583307128,-0.22689978565291777,-0.08045653145786079,-0.2801163193476982,0.0019621924788349185,-0.15965631180334836,-0.2083113926136091,-0.11166218213791561,0.019566411360902803,-0.16122169937823905,-0.02484905137300911,0.01435463176271946,-0.18869884520775504,-0.21358451315611354,-0.1547675903258505,0.1298164633067035,0.05619707480537469,-0.3141730437791911,-0.20389383254625112,-0.1230263811277409,-0.4074868790394001,-0.33596811724137665,0.004852331277909496,-0.12613791042675826,-0.13797808113363125,0.3114081330170667,0.5781977037823843,0.6479826918515589,0.5011209724366322,0.3232784632376002,0.4232026839917462,0.3465033934325767,0.291535591733678,0.1656200809980438,0.47972367064114607,0.41249968322428865,-0.10071173061558424,0.14260334952534096,0.11147316028522572,-0.22204589837442665,-0.050519963694132884,0.35222383924811357,0.5091210288987429,-0.13256951313598692,-0.03567511917788251,-0.01249164694910235,-0.17017502388213473,0.07780410483764309,-0.22044024780753096,-0.043661535440129774,-0.15507202964383637,-0.3232922226731898,-0.28328777309381215,-0.22821242512272186,-0.2991552183545476,0.1087695509572879,-0.13620677833317948,-0.1775999363699821,-0.05275017807210248,-0.1797942621285702,0.26668035038551663,0.12173368388050834,-0.04229282832169583,-0.19206144259625454,-0.16022418396770266,-0.00824291544811066,0.05111171489054704
-0.13742247156931617,-0.32696120219843317,0.04344280565610069,-0.39125847035678696,-0.3263429037552396,-0.01591304364154341,0.07100825194021292,0.06993121048936748,0.008337027605702318,0.3482234647601071,0.5113178597713883,0.0,0.48103556529768765,0.48718520387669006,0.4885992205964128,-0.1093650151329237,0.6546391160167039,-0.0036394520728644628,0.4520013939072085,-0.18212461176467604,0.5023836749959341,-0.016182404387744768,0.14849333631313502,0.41574119257624986,0.1396865299478071,0.42674717253887484,-0.40217512406406614,-0.295023830514589,0.12206514141465266,-0.017144914200098522,-0.4841122081975473,-0.02817625494069118,-0.40949925216610616,-0.09073039804793373,-0.15579009885412726,-0.22492554152169827,-0.5395614247824491,0.12601776614581323,0.07466790411371736,0.16413213413068625,-0.43158686820265085,-0.04696641108788882,-0.31112493027278704,-0.446401125575729,-0.33154693791101714,-0.5473450763043339,-0.3705373827540754,-0.5108352994487554,-0.1350297199208335,-0.25747650937836236,-0.3197412160448156,0.1917358026933798,0.03838111218013372,-0.28914336796155893,-0.12559564642200258,0.20479249828096602,0.19591728360337876,0.11138760627055432,0.3667716423605271,0.3802942116682712,0.6603158798132418,0.5494242711112611,0.4536521168671164,0.37032420503900315,0.5066022882336443,0.41875683199927416,-0.06371532355457901,0.6688718132028376,0.5790304700935824,0.02475189221518132,0.46069681399200496,0.3026145622352846,0.24577393025906258,-0.1367916354319294,0.49270199687070493,0.5676039678760847,0.28111924694645407,0.30286468264452504,-0.3124951733444704,-0.14141951262532595,0.1213691472277582,-0.5251786267311863,-0.4136176041674758,-0.5094760683854631,-0.2715689719842502,-0.42422827204993024,-0.3194861111740669,-0.3887198576702387,-0.08038151409306972,-0.5007895223654977,-0.28965413816928903,0.05565039399495509,-0.009686031243116193,-0.0033338384823446998,-0.21292173427030428,-0.38281783919305,-0.4164304445938801,-0.5210478298237082,-0.12771667262739156,-0.24612543123778152
0.04048151061303247,-0.06838310333325948,-0.17274789014072728,-0.29188796629562175,-0.47689014411936037,-0.22880952916334804,0.3386860628059806,0.07803703562820813,0.041691333688851875,0.30399855699135486,0.47096129664938097,0.48103556529768765,0.0,0.8416656437430442,0.7492071757277655,-0.20665627047461008,0.4913938341970199,-0.28407558189175214,0.6639917845621481,-0.03994349372974778,0.3344387147040914,-0.40733181538592617,-0.16153543511549442,-0.23356459539160399,0.13227915177149033,-0.2678778953457141,-0.43695101533546044,-0.3550500523178877,0.00743868005035287,-0.3927783888727707,-0.47091089552805965,0.055557937214104396,-0.37124060538721376,-0.385291436378802,-0.4161716072151739,-0.20209146007527484,-0.3295934471467361,0.23574196968209124,-0.00839717941191254,-0.06183754718938154,-0.10954067368440965,-0.37976847541947917,-0.42430126455402656,-0.04374284404979848,-0.1813262064651595,-0.11318972816443433,-0.26235752534203466,-0.03891006464352097,0.03010484156841778,0.2938323978977922,-0.12120936683923528,0.12085248165241862,0.027964061214905203,-0.5095138981958248,-0.2871100780590879,-0.014039781249255945,0.27466480178419606,0.1532752411385032,-0.025012122156885242,0.36625759195179924,0.6055528335048946,0.9056159821121164,0.7902712392069664,0.7739725368620866,0.6531449702957008,0.7327300471269103,0.20329613801274865,0.5884336386858756,0.42056776659784967,-0.03899157800009568,0.42758731815374207,-0.21059536310707055,-0.11233343033616915,-0.1622478130610927,0.09667076712466223,-0.07030872226560338,0.3214024262309865,-0.12726112287764266,-0.12147891548146056,-0.04295770617945089,-0.41916087519669937,-0.3097266109530945,-0.15537484163497928,-0.46952882383424915,-0.3667848300407361,-0.1667316718449202,-0.38151755316899927,-0.4058679044265274,0.11264891978387484,-0.20217226899406512,0.09623901889229296,0.210513156928099,-0.019284757048427487,-0.10767551381633432,-0.5559676320232658,-0.07893566152947752,-0.07763306205326832,-0.1392720296260658,-0.2984298910999562,0.19539352628972043
-0.09966165351559028,-0.06817911323701031,-0.13796765380107984,-0.31121465165275825,-0.45423004727568256,-0.19348459300675444,0.49293973723658874,0.12776375828545186,0.04263208183550537,0.17308808419419694,0.3386028251154412,0.48718520387669006,0.8416656437430442,0.0,0.8867702353968052,-0.16105080795545298,0.5359153011531718,-0.039991489907928744,0.7821568705162967,-0.06571209076003516,0.4005579710129716,-0.2529791399346432,0.10509852346648053,-0.11464989437809307,-0.08063940037969189,-0.25188825547775945,-0.3655123544764616,-0.3816821959118147,-0.014389799524920978,-0.24407552819239486,-0.48722120202136016,-0.03522078713865655,-0.47790037619161674,-0.20939138835467624,-0.2808758463246979,-0.2907030471350504,-0.47275445268117183,0.13259071592738664,0.0830817128444299,0.04236750751225356,-0.12745460377705878,-0.39993071810393427,-0.37833790028577335,-0.18598809012281103,-0.14736525065312414,-0.24684110956161662,-0.20532966284300103,-0.0677282872686478,-0.0858194224884251,0.1302507915686073,-0.2408511861855432,0.17143346343009222,-0.017201779704427194,-0.5185896410157843,-0.2464074778046983,-0.04063578761090578,0.33420485641936154,0.24173916966161035,-0.275565256464205,0.30619398547765214,0.5397806826039423,0.8032443713866351,0.8282456406135874,0.8804991860072284,0.7161094618304583,0.9078841857178599,0.1461710805199397,0.6940923241778988,0.5693348134623483,0.015850196684630505,0.5040007113063132,-0.08423491747273164,0.13787879688867088,-0.3072632788791284,0.033178495875294686,-0.08347233665303486,0.30034776777970495,0.03060601954849555,-0.09241524204354973,-0.02151322299078285,-0.3745755766091281,-0.3456908012592611,-0.1359446112986485,-0.49230189247399286,-0.2682708613884618,-0.1799321269489145,-0.4368421695412273,-0.36925422705163397,0.015665731614293757,-0.3369894537176274,0.011865138016506065,0.10569055329158245,-0.012838550023018222,-0.21494204940457054,-0.6400957498847727,-0.19308561028564344,-0.21350362192325611,-0.20605002565331956,-0.39093724488528186,-0.028023296007674153
-0.11283223909390719,0.17210119207517843,-0.015944033117575963,-0.08756213207084966,-0.2471183614889487,-0.03594923114841286,0.6539340444753323,0.3346443276248336,0.22428299599718488,0.417478324400342,0.30917686785284637,0.4885992205964128,0.7492071757277655,0.8867702353968052,0.0,0.09745170036677958,0.43868319404233924,0.13596085147608994,0.6662189992455648,0.2394691028586769,0.5605212373963867,-0.16687218910852655,0.22842323173641554,-0.008273746176928838,0.10697265883160759,-0.03985396518566532,-0.24812389286724232,-0.2345767875652799,0.2531144070121243,-0.07324305939038653,-0.6092949369519838,0.16480313588055984,-0.33104191354042284,-0.08578768506641105,-0.17893586068047124,-0.03378605087697354,-0.33637727309637855,0.35687914385770536,0.2994210051300581,0.29946638578450147,-0.05212673019984409,-0.47104441015461046,-0.37699143808931806,-0.34721178699334143,-0.3200911275804975,-0.21511364059616397,-0.08382769390604997,-0.055697178795905466,-0.014681821119320758,0.1253595192781887,-0.30228148209750577,0.39682527426524383,0.2832271671975917,-0.3000203822884184,-0.07175807935669697,0.04472995904770848,0.5061104062866276,0.4133791230723951,-0.0502762926577463,0.15507002552034155,0.4437245107046947,0.7324846542245803,0.8006913484940685,0.6867591488997581,0.7137527379855902,0.9205211490643898,0.2815901775183764,0.6218295991180683,0.6671511233744206,0.34576439934981207,0.6696450155787905,0.05609708544392086,0.3903604543337883,-0.20771041690391273,0.12248042044749982,0.07617133172289012,0.507952343509869,0.29365298979497934,-0.30669945511094565,0.1457659529441725,-0.13390080505023094,-0.154807086985683,-0.2725293230456634,-0.3494089710352145,0.021620733676378446,0.04584834447600566,-0.14331179788779128,-0.23514008304548173,0.2563365421568499,-0.23519683279458478,0.08205431081646018,0.3501856940942148,-0.017855381241561604,-0.39906911925777566,-0.6407991744221583,-0.31224552971767694,-0.12299978636368117,-0.047957232011638234,-0.24559531999649709,0.040804544295853604
0.4582169276307823,0.7397986128438033,0.5146030710085662,0.673811267825166,0.7620371394890356,0.536448065370254,0.41309639866936654,0.3768489067457119,0.28659357601445007,0.38482235299824985,-0.26745544563667367,-0.1093650151329237,-0.20665627047461008,-0.16105080795545298,0.09745170036677958,0.0,-0.11296789822356768,0.771881420041814,-0.3480202196032634,0.49091977898069866,-0.003130619138056629,0.6160202085581608,0.6826913497868797,0.20740630593851303,0.07544673749305329,0.4946747129631598,0.41302325716857763,0.5120172412169507,0.2437138121153383,0.6926988314024503,-0.03013614454169104,0.7391585707495669,0.7421608576980081,0.6902934530316468,0.7221430626920783,0.5553547591702219,0.43687478640882643,0.784934470072338,0.8339574024554899,0.7881262294519951,0.31762327416474057,0.23528919627279568,0.47282599234277,-0.4112514009169218,-0.3954271377190904,0.1273420763837808,0.6103738300329072,0.15720624610047013,0.3297898320845993,-0.02320372867826655,0.2983114145579325,0.6415977809122025,0.672289554374825,0.7655451247244007,0.6920542875724127,0.2440771277725531,0.17736008194885197,0.36293361445107036,0.028356272906147492,-0.5234266680182903,-0.3636834435831583,-0.07671759169831538,-0.21220559573833786,-0.4085053671857683,-0.4368360839142885,-0.027266058142785966,-0.0334452973879802,-0.3714512565645096,-0.13628583481842596,0.6139823358748778,-0.11440515055214008,-0.13026023203096146,0.38809852867381267,-0.1818654718669006,-0.35044981779570133,-0.14472376888606064,0.11446362662262025,0.6431981150661458,-0.5417868936848421,0.6638885716440677,0.0921679661651592,0.426792023235794,-0.3732630191307454,0.21988689561823588,0.6802482535524091,0.3842300421399429,0.6091337739473267,0.5675080374381184,0.2770465941915201,0.044467661119418016,0.2896374057119703,0.41323224597008845,-0.14673538743469106,-0.20194140514704764,-0.19060932787616647,-0.48199620550186284,0.04977373004487334,0.3775012259562165,0.37064389608012605,0.026621233217397268
-0.07930830223845599,-0.41110115480527903,-0.17912721185369715,-0.5091094851703101,-0.37597602656990065,-0.2780345037628296,-0.03605997288478283,-0.33790432728668884,-0.4065179237334503,-0.03038551178853964,0.3916763322363694,0.6546391160167039,0.4913938341970199,0.5359153011531718,0.43868319404233924,-0.11296789822356768,0.0,0.05018760516290655,0.6525529798824298,-0.36060023422599946,0.33180354758794284,0.14686243003782215,0.23979464628357156,0.5442215918924885,-0.15859909929307678,0.18978646693342585,-0.20725291440858243,-0.228334737884042,-0.09715099281693243,0.052946148864134845,-0.3721733161257916,-0.01789669731266972,-0.22199340401017345,0.10635975646088007,0.03806499250852658,-0.4625422399416094,-0.4307504297924562,0.006951805498933228,0.04444115816094605,0.10837192029539831,-0.10034025164490021,0.08762560664379998,-0.037150532907885496,-0.3212365047380785,-0.14612954714074092,-0.3394801900884193,-0.1521783985299045,-0.22392126136135881,-0.17918954372288012,-0.200991522718417,-0.2806146277483597,-0.07443392641104767,-0.18740250360408614,-0.33313437701989407,-0.3053877519416266,-0.22617135113897963,-0.24949285253577846,-0.24854399259715693,-0.1598942944138292,0.371895815059461,0.5452173067216026,0.5521780628044783,0.25234652115923956,0.5479085097024987,0.2964096571847984,0.4256139038169399,-0.20370788492333133,0.6107831288959685,0.533153532914173,-0.22555135814493493,0.1211161599357591,0.2300747982730743,0.03804698783828079,-0.3423657808541634,0.2267490010372838,0.163297994053065,0.10343427116372542,0.14177189195961698,-0.1983347059459614,-0.15437129110483783,0.04675060562618533,-0.3638539007541486,-0.2435784192643996,-0.42901651984370115,-0.4212980956323456,-0.5092165183258983,-0.45748213055259496,-0.38036565666914085,-0.31572863239329324,-0.39356058426588086,-0.29783654697066647,-0.25689952342961164,-0.2498814471643573,0.017748712770401295,-0.22085473441845543,-0.3113933713990752,-0.39446385396295336,-0.5156146915808627,-0.4391040689913527,-0.29085192863735787
0.2663513187515729,0.4333778078600568,0.603764383389704,0.38055011408604766,0.6660378459824581,0.5834143425314116,0.3958956819312306,0.30846996616330447,0.2307889932075133,0.10226226696183288,-0.243707130765446,-0.0036394520728644628,-0.28407558189175214,-0.039991489907928744,0.13596085147608994,0.771881420041814,0.05018760516290655,0.0,-0.2724809458318745,0.27705257535204575,-0.08542033005053579,0.8375489337054208,0.9187446025779064,0.28254502718426633,-0.3036090803611753,0.49180210442176975,0.4028742703488287,0.375088629410688,-0.05358562910835821,0.8474786467828813,0.006927782300845103,0.5079051635067503,0.49382209661624377,0.9228487910613581,0.852010269405496,0.405730237321702,0.16036750858945506,0.45472997343329813,0.7228223275151018,0.6340024434949629,0.2608125956233323,0.3569636416946796,0.6530398408852769,-0.523073953129511,-0.24506865817169798,-0.09664863880051838,0.6490036302316099,0.08956073205084307,0.24346121863405065,-0.18719298088368255,-0.12598062353901587,0.529299176376561,0.27361393287925123,0.5224876176703258,0.6242989734637022,0.26177024838732255,0.09756425356702118,0.34734886494703915,-0.2942272125582744,-0.4054253689626027,-0.2978906145278443,-0.12041368693121661,-0.16945370234407506,-0.28113568788418514,-0.45978972012744546,0.0673221391233257,-0.2570728193434594,-0.27221789160856386,-0.012023438079183412,0.4888979147166725,-0.17459698485584374,0.024070934040049976,0.5710694359690157,-0.5285449185485466,-0.4817195799005752,-0.14317531235219189,-0.12573690818572159,0.7722836868320254,-0.33683328034010246,0.35154912516429015,0.045126213083444146,0.1879190323539776,-0.3054494255294574,0.015940189955400072,0.41358456878953664,0.09673852187536253,0.2735032059734013,0.4933763992170158,-0.003893370176860362,-0.2596119830499291,-0.12527468871060235,0.062207851838873875,-0.42142607190619596,-0.0519950015257777,-0.08343655784040568,-0.5849287918988337,-0.303356125022283,0.07477892010689488,0.2195859042809775,-0.31973244979158577
-0.24096122297849767,-0.370915063682793,-0.6011412165267106,-0.5246374851867446,-0.7344021754089273,-0.6436187129123526,0.24604930894051166,-0.27793388482374126,-0.4163120236906627,0.024097899867417366,0.38982976541144293,0.4520013939072085,0.6639917845621481,0.7821568705162967,0.6662189992455648,-0.3480202196032634,0.6525529798824298,-0.2724809458318745,0.0,-0.2548613963568535,0.39470978338301366,-0.2916534286574877,-0.08778894964420392,0.2111687771383642,0.17131153192432338,-0.20751697937836902,-0.3556213160546636,-0.44956110556602147,0.05147629044677979,-0.41190577154761976,-0.44477559593861327,-0.16568400456264704,-0.5069405905073074,-0.3161253089122689,-0.351217499002634,-0.5904631800358682,-0.5175149875633928,-0.062232916064282044,-0.10775889868195458,-0.0674009813265127,-0.09876309301102429,-0.3828224437581813,-0.45053497412715604,-0.09408439853701094,-0.014445680759306785,-0.236533389400631,-0.36300701199797103,-0.09006236929941618,-0.4190099883441329,-0.10696441801770916,-0.2356538923836808,-0.25528872984180356,-0.16229387151974206,-0.6600600993690039,-0.6497473623069046,-0.48737968129752335,-0.00200389698723319,-0.23240848898301023,-0.15469340935673695,0.35758079951094396,0.5415452186968669,0.6240149073645399,0.5284646967901531,0.8207150932530188,0.6889756208570966,0.650943097044064,0.17383831559601867,0.7367293104968116,0.7162372423859945,-0.1901984463235191,0.36628073481779444,0.15382339187034202,-0.05591761143603025,-0.008254867192888723,0.32597689106942984,0.10927418213173697,0.37154557743595823,-0.19077322499488727,0.0022270307716259095,-0.07350781410378353,-0.006720935009709383,-0.24538743915592273,0.013301055941215242,-0.2536503372897286,-0.25547209544205257,-0.25458715342420696,-0.455200180235522,-0.47853065986708243,-0.12288332967606098,-0.1545383710846188,0.13993787495088214,0.08933136497804586,0.1587098349678064,-0.2835312737263746,-0.3819886041680279,-0.020187466238757706,-0.08489041497737722,-0.26186011516127206,-0.6277909102719522,-0.125327592732132
0.13306267796056104,0.6820547642876843,0.3807156804346671,0.5782069461847734,0.47563963773054035,0.3528713526275398,0.6115615441884598,0.509553742353933,0.5641366597129037,0.5460405599388174,-0.178067662786551,-0.18212461176467604,-0.03994349372974778,-0.06571209076003516,0.2394691028586769,0.49091977898069866,-0.36060023422599946,0.27705257535204575,-0.2548613963568535,0.0,0.19802689753182268,-0.10670056736888775,0.15958567060456322,-0.040036281342817705,0.15896960726162881,0.12272116925286945,0.413182052078429,0.43093389156664935,0.6406247027543405,0.21977996542840747,-0.11148468495929552,0.22687677444140633,0.37415326768329316,0.10449658496964011,0.04969029531635585,0.8042095042446605,0.583807259605776,0.49783976563136445,0.4565759199495545,0.5030411740383126,0.5290828031502097,-0.2522441044616663,0.007396584508943624,0.15956060676709993,-0.08721594312343453,0.5298984343868063,0.4644781702406596,0.5007235908029319,0.39870532038281536,0.5446668338766533,0.04760167323610097,0.43787696000715975,0.5910410229205882,0.44123377386798995,0.3772095156850811,0.21211195766291382,0.4460537339600027,0.4625953848102335,0.20434703245012834,-0.28124249666075124,-0.29541369159430275,-0.19059905724894458,-0.0055702111574432965,-0.27286212445734875,0.01680119655595274,0.1380244408382816,0.6603077495634868,-0.24408676476608673,-0.05315072468513056,0.7871427605034768,0.32716527020216074,-0.12824615931836555,0.34632245526672156,0.3460051786572985,-0.048262464098065956,0.12719550606614177,0.3229306948028827,0.2452500870566239,-0.18623707867752445,0.29552635320860166,0.19799807468585418,0.6901443726852547,0.03781209051749937,0.35210295549066867,0.6200444762063005,0.8522569814015507,0.7512718575413476,0.4631981692109314,0.8976011261311657,0.6052348481182107,0.4269208239924628,0.4109977834725371,0.13497295972598905,-0.21053438578537514,0.03687249837038564,0.13066642975576828,0.6167492472323401,0.7487413194407895,0.41367699757791154,0.609890215889185
