0,1,2,3,4,5,6,7,8,9,10,11,12,13,14,15,16,17,18,19,20,21,22,23,24,25,26,27,28,29,30,31,32,33,34,35,36,37,38,39,40,41,42,43,44,45,46,47,48,49,50,51,52,53,54,55,56,57,58,59,60,61,62,63,64,65,66,67,68,69,70,71,72,73,74,75,76,77,78,79,80,81,82,83,84,85,86,87,88,89,90,91,92,93,94,95,96,97,98,99
0.0,0.717253910177962,0.17245971665298868,0.6681587745763234,0.20813843142952587,0.045195435969243566,0.7026718674240038,0.7273750670452384,0.14472542149841347,-0.05218600850124093,0.07807408880493247,-0.17532037029205194,-0.2510493531582658,-0.5483776002802195,-0.4117830859915021,0.548481201045295,-0.4184565678269759,-0.12133018289473946,-0.47455906944343723,0.10781439859783933,-0.13959243435070787,-0.23495699130853928,-0.24895825327915508,0.09702532610091842,-0.0396225651890002,-0.13982419200641452,-0.1521048057114323,-0.43418717976719745,0.5197469397823277,-0.4688001459165639,-0.19725582131685981,0.22706678601594055,-0.001601177191332527,-0.18205141217078477,-0.19382015185982562,0.2811161592450845,0.14814503190560196,0.03968421005612222,-0.15474484372849714,0.09277808773464465,0.18299995515949063,-0.16738624834348173,-0.3308034404335122,-0.10236982402467251,-0.15869511273109033,-0.24503964180091053,-0.1874645100497407,-0.031140825400524545,0.4577529020205932,0.38474827847003945,0.7965148332769764,0.6725601648325767,0.614117936935812,0.6462736987597761,-0.0010917181906230074,0.148656902677739,0.8020834945223064,0.1820308686667076,-0.22582980714304843,-0.02983439108349912,-0.2953175124935155,-0.20556631164003245,-0.436091181467801,-0.4535936831589825,-0.47979702955893455,-0.5681350736921721,0.6787851599362786,-0.40024675878896504,-0.24271128130925926,0.13727861833881838,-0.13068552238767767,0.15519300628315433,-0.17626950832856955,0.4796024548965838,0.06918369929581869,-0.11278621028493432,0.37701746190634117,-0.21039009229500696,-0.020314381105520782,0.28198411613135227,0.05844268572190196,0.3129831138651215,-0.030231504642635482,0.020233776778168518,-0.04279042978527818,0.07554843100689586,0.37315081462503974,-0.1264488737880209,0.49252440240990186,0.5350101584608107,0.2631080028929836,0.21681021497197422,-0.19899200373387677,0.13068358934562121,0.0819486446081172,0.042388573751770874,0.16728060627715674,0.18745854686025104,0.4287839130970503,0.3929830008555189
0.717253910177962,0.0,0.43313890354668944,0.8650638486224371,0.5358537869396538,0.2467468597936479,0.7724558428217616,0.8349125861413166,0.35781267662875316,-0.1712959013880791,0.10504824679534153,-0.2423562027312553,-0.0984723104570009,-0.514864907138818,-0.31208887743727026,0.5870463477230756,-0.4890453283882532,-0.21390588315800285,-0.516683497656671,0.014174185496492329,-0.12274696633492108,-0.3310417059058596,-0.32295529328903494,-0.025089230312543186,-0.27179149094444416,-0.29391777954573567,-0.28573196309486343,-0.5074965006293981,0.33973816406818713,-0.4887135037412128,-0.19062155451038273,0.2747302946176751,-0.04024176563806269,-0.27755441916374796,-0.30863755748688476,0.3118982189105859,-0.061956566658343426,0.04294932206806107,-0.21372727703020367,0.0033111732378304144,0.08213844385424222,-0.21995317745709322,-0.34006297867855145,-0.11242886882580187,-0.20397000667884582,-0.20313390096995035,-0.35650176981719317,-0.2444975198842148,0.4366427809295558,0.22190775805023932,0.7145676304398123,0.8989574065422766,0.6438585800541954,0.911680515919812,0.2694054794052077,0.3222684965989504,0.8883902165349717,0.4364869254037951,-0.32832883614724123,-0.06692136135288282,-0.34157635945840686,-0.07812981604646956,-0.34225458961719435,-0.39568658825034336,-0.3661675189807721,-0.474828105677277,0.6856164407013619,-0.500119314883276,-0.31918963549072915,0.06415098045523697,-0.15090899205934738,0.030018338762811108,-0.296077397566207,0.33084317245637535,-0.04820793159294152,-0.33334319284623776,0.18689497227253166,-0.35243746358648964,0.007702239271869835,0.3259465346519335,-0.048225180262580235,0.0729088382794705,-0.22997231347894637,-0.11029489396332168,-0.17739298364624428,-0.11398024044454667,0.06978264652021515,-0.30902483763720673,0.35787220486562005,0.4625401871239238,0.13087689234487357,0.14542451407050835,-0.2762485325191837,0.04316934328899682,0.08089863474463296,-0.02395065552546587,0.1601117894552512,-0.0790737383282273,0.36776784388017136,0.2861102249999326
0.17245971665298868,0.43313890354668944,0.0,0.12533363181861873,0.9252176763075156,0.9187076262060908,0.04948845913898576,0.3615255361362732,0.9233625428125404,-0.14904100040077115,0.06661060518093954,-0.2759129754310279,0.07703028651358716,0.14902034477610618,0.4709011740024662,-0.20969398276367227,-0.18946911098924812,-0.3717600391870616,0.06816055830015355,-0.24561994223813854,0.08388522385751071,-0.4560117339821984,-0.33066599457114365,-0.41799087841341426,-0.5167398259842826,-0.5545635052246652,-0.31371156572902054,-0.31695196287797966,-0.12584586091959182,-0.36898418328356347,0.06737697670866308,0.0859738254027714,-0.3683909200171407,-0.41109665688279134,-0.3030053564614904,0.33213202190272745,-0.43185591908971255,-0.2065130336906983,-0.24494401247804745,-0.6113619257254388,-0.4548011000531072,-0.27237813106996606,-0.520380913059334,-0.17292798719360086,-0.34216274747503617,-0.15594352720668606,-0.4425269809522993,-0.5367635370834154,0.5240858680919295,-0.2275725366728981,-0.1997111114011405,0.6949058818935903,-0.21475499806278714,0.3637830575713519,0.9499410345458214,0.8735641922444575,0.17316173606475493,0.9545995197261538,-0.16923360154497447,0.06290753717098922,-0.21658199770173675,-0.058383998965996636,0.2126031614407377,0.30468963573320784,0.368236426073952,0.35106772183259366,0.033495439998848874,-0.38114232607642395,-0.3576779775763343,-0.2090481505403247,-0.12408694396404771,-0.5176072847528379,-0.40661923818979034,-0.347324429361418,-0.5074111414040386,-0.49185174305177104,-0.21187351933873697,-0.4643340749898398,0.4094813770887867,0.0876265572952955,-0.5001091052409357,-0.6184276053963188,-0.18496343048308153,-0.33048978662755335,-0.28208565875383657,-0.5144653148845726,-0.39597229199401746,-0.4257133752638372,0.035074165791834026,-0.1662154293332175,-0.5387305654142042,-0.40265560926786953,-0.24050818723091966,-0.48738844303538564,-0.110112710685014,-0.06704787691414073,-0.06698348320888839,-0.3595246879367953,0.5463960283367316,-0.09810428625388048
0.6681587745763234,0.8650638486224371,0.12533363181861873,0.0,0.25849622925751603,-0.10586779741149449,0.7898488276777786,0.8626821079214332,0.03157025961389609,-0.2432690346072843,0.03728939494591062,-0.15670310082501174,-0.041098677454460435,-0.623618597226323,-0.45624431616366323,0.8012142135529016,-0.3002048319856279,0.14083310639488905,-0.5381181928994931,0.30579992655681154,-0.14138855873756384,0.04584315722632706,0.02851193194215388,0.26161168617048497,-0.02679517369906603,0.08508491397807864,-0.09457607991396237,-0.2997356153170686,0.4953621304814528,-0.18502669757797463,-0.36800028302383647,0.0656479199838645,0.11767565073714081,0.08904102976733332,0.004527429218824271,0.3874923077298107,-0.0210207881329203,-0.16343911247610435,-0.41630246156414463,0.09568088898323222,-0.01996975890619198,-0.33170952858426145,-0.2591473187128449,-0.32835628009787715,-0.19470506423299996,-0.3979341191947392,-0.17217686640430574,-0.1037247154488692,0.0568044154741184,0.07076577144883892,0.7495042521759054,0.6563874395190925,0.8188863295165979,0.862984067425911,-0.020495365616962014,-0.05606934111567057,0.8848139534478031,0.18459853337868726,-0.35920428354842165,-0.12520903534426592,-0.19361736732490512,0.021435746119360388,-0.30539850907567534,-0.5603795419362282,-0.5429382646064925,-0.5759667842821848,0.5762183840459114,-0.2036387237027088,-0.024750704143668006,0.3967740041854575,0.04375640967533101,0.41142390093764886,0.07873662004116931,0.3002520362083893,0.22274061553249397,-0.023324277331823153,0.4153007543270104,-0.007203686681652667,-0.2515605622301258,0.12639446596858678,0.3068881448988906,0.3015805323293051,-0.07492603107858582,0.23883918982799643,-0.027733345234421586,0.22340223745407145,0.10061421020747893,-0.104323228079662,0.4319003378950682,0.3370698008531389,0.12414915523282444,0.05726068004687273,-0.4749690024940662,-0.021274548639814716,-0.1648588545081381,-0.28500402747623954,-0.05466504678112849,0.059799333261477926,-0.0006779599173480413,0.04212660809084688
0.20813843142952587,0.5358537869396538,0.9252176763075156,0.25849622925751603,0.0,0.8974264476262793,0.2032742713495606,0.4250016807695786,0.9269438118179543,0.01009758741519481,0.29017074608974014,-0.06174370177131977,0.27478867999675355,0.09886015900820923,0.525857254154539,-0.08915051521753173,-0.19494641241169555,-0.47150825924866163,-0.07378444080298742,-0.3246930780770021,-0.010017960347492593,-0.5307751438526452,-0.41958563779619235,-0.33553960170368435,-0.418619268860099,-0.5661313299386865,-0.5470940110844134,-0.40915895739833513,-0.07126624141602433,-0.38102528233898914,0.07018500381373168,0.24118455676670014,-0.36046337997710737,-0.5143581049646129,-0.44107264064537144,0.17153032250652792,-0.5603640563488596,-0.16867680000758756,-0.3246417892172354,-0.5313699534639417,-0.47188067468413336,-0.30420358196088965,-0.5745370495032216,-0.2191629389173286,-0.5210920810708596,-0.3230198730058224,-0.6667575661729085,-0.7518585440515912,0.42042091937525755,-0.34327872302099616,-0.09496351402562563,0.7664805657357487,-0.08942408717668016,0.549215583655384,0.9359398596102678,0.8620853988418219,0.2948336533006152,0.9444815273292626,-0.002098283348232397,0.24193511712069124,-0.020486968649429248,0.16193122532225174,0.30087484980059204,0.1870227497614621,0.308485664481602,0.33341920589857327,0.16037174668821105,-0.45872386295339845,-0.4843981882488061,-0.2818287450523245,-0.20901279597371297,-0.4997219194128966,-0.5211194232711948,-0.1979031473062835,-0.34666597253444137,-0.3783700578930686,-0.2550069340060137,-0.576561833798046,0.46197078500419164,0.2554748544660248,-0.47280925768465326,-0.7036402732804409,-0.4137624582022441,-0.4592895843898233,-0.5270062838675351,-0.6406152376507701,-0.5282419661039288,-0.6251403849416535,-0.13617648074374622,-0.08787317623827978,-0.5127228945282899,-0.30060166105785124,-0.25146973420988167,-0.4152397179115009,-0.018558758049895766,-0.11056693695043174,-0.19225812909435694,-0.5692186874985385,0.49211144588639794,-0.12966399334030115
0.045195435969243566,0.2467468597936479,0.9187076262060908,-0.10586779741149449,0.8974264476262793,0.0,-0.08944695203775184,0.10366426257316771,0.9448615807911829,0.1639702171578296,0.30212825750009165,-0.08038558810803559,0.19308287589238868,0.29023066387807894,0.6338190066031277,-0.4260010203004551,-0.2213366200579316,-0.6263805929335448,0.08034403980630128,-0.5320537515485478,-0.07491018195734428,-0.629710783501762,-0.5537902049126567,-0.577694568087999,-0.3841116900688837,-0.7032141930758561,-0.5202856370388326,-0.33234174498472935,-0.30039302301522275,-0.4477649604840604,0.32029556915887025,0.32516627259856434,-0.4157907917322919,-0.633909983346,-0.512761684507869,0.006327251428738454,-0.4980416653428501,-0.024622814930885993,-0.0757257873546557,-0.5271106967453186,-0.37515982949251425,-0.09380369141400687,-0.4670024729396029,-0.011443967823216038,-0.3430380267813924,-0.10477072783946823,-0.5822964005980936,-0.6819415987011809,0.544162970362862,-0.24101935727776314,-0.3167189215388167,0.5755390357386847,-0.4067607948566058,0.2540375555456489,0.9592565638456275,0.9699534707667253,0.006594312093146475,0.874448148071764,0.1568189874975938,0.27751157611234145,-0.06270029642979676,0.043457143425299535,0.34284359496841,0.40755103327783815,0.4929791474123572,0.4707712203324039,0.0178552562698682,-0.4946990531315413,-0.5779049801893629,-0.517458012553334,-0.3484222390155348,-0.7039672072115317,-0.6410417912234391,-0.2449789766084176,-0.544274136593946,-0.46553381972508534,-0.440033620360947,-0.6436971626863169,0.6854588231842362,0.29498983624665837,-0.6882939204504768,-0.7645397440213098,-0.28939204925126893,-0.5814889923433078,-0.47290886231775725,-0.7231428147975281,-0.4432735328151065,-0.5528071428193346,-0.22807960020426388,-0.10902046522403179,-0.4572638739607711,-0.24656009336357257,0.02181770561108768,-0.3303385831073617,0.1383232059451535,0.11722228993114552,-0.049798071548364596,-0.5374448215624268,0.6349129053567963,-0.0077425589075761775
0.7026718674240038,0.7724558428217616,0.04948845913898576,0.7898488276777786,0.2032742713495606,-0.08944695203775184,0.0,0.8515525162869556,0.13994752312230238,-0.05895483662351198,0.16474409397602421,-0.0884395639341399,-0.05777565646255403,-0.6894465486048913,-0.4355381550303856,0.7380304479012483,-0.3380364576170553,-0.05879771582335311,-0.6294151520457856,0.2853205304517122,0.06477184994976204,-0.2686172514965572,-0.16408089536614795,0.38310855277786027,-0.19161575012325804,-0.13633145276125475,-0.23396012400488578,-0.6482421557777185,0.6704428619676855,-0.4757057647284228,-0.49750323340200886,0.18378921091221392,-0.07626618585390399,-0.16664255158594823,-0.21254420231268115,0.17419332640406027,-0.1337729887077362,0.04292850696625984,-0.3060338329475509,0.17111914722439484,0.20813781153779728,-0.35304548221520854,-0.45817319089987,-0.3366913910237093,-0.38919596906868925,-0.38327214494358763,-0.26678465471131807,-0.11092873468318805,0.2429421573846164,0.2923147167609464,0.7972289730238391,0.6718158367258457,0.863219725566575,0.7738904063872681,-0.09218781832536083,0.041499131184816226,0.9449663979754487,0.1745274711155136,-0.16745364549335773,0.0977691731876649,-0.1032524682479092,0.06005024701821698,-0.40902973162226275,-0.5678191529071119,-0.4678232405382445,-0.5362426779596631,0.8941622353969689,-0.2835258649482962,-0.1189093036275343,0.26949498800497146,0.14290153149052265,0.300975968247405,-0.11041035409962864,0.6724380701070729,0.47899069580291215,0.0245693984386396,0.5391672947364416,-0.16765189763379254,-0.19529954068446786,0.39153043604171306,0.3493271109691073,0.33017016225851287,-0.27609601835702463,-0.01778454273263343,-0.07685259022229408,0.09959390388206713,0.0753910658981452,-0.2981079901105119,0.46516190716415273,0.6898976364110335,0.23918843119008046,0.35384146497058083,-0.24911880930506852,0.04166238818718239,0.033928425873174906,-0.18894208199273996,0.17823908106256614,0.13441522071720896,0.21647814559449732,0.31889594080204664
0.7273750670452384,0.8349125861413166,0.3615255361362732,0.8626821079214332,0.4250016807695786,0.10366426257316771,0.8515525162869556,0.0,0.32373964627429835,-0.3584176343062581,-0.052985131484313164,-0.3325578344652854,-0.12020777773137592,-0.6110362843790208,-0.2900261562578708,0.7278136995048888,-0.2981489289133905,0.14362757066408607,-0.477422487821744,0.4427640923703406,0.1204980100536739,-0.08176042532662611,0.0400948186897182,0.30456698144720235,-0.30187985346823326,-0.04437608218539548,-0.05848732359840647,-0.4678041371638176,0.6924921008589815,-0.3083518066660249,-0.5219530547506427,-0.0813404225627443,-0.04442472818778122,0.04398509047122348,0.01838553280815396,0.580974838979136,-0.12077013100996832,-0.3002675722968921,-0.5222661380642317,-0.11910786414573342,-0.12338614703551376,-0.5366475183331119,-0.5428483769028737,-0.5012602049576563,-0.3770799550784101,-0.4986031815294448,-0.18286466298693252,-0.12119672509400481,0.2540139778477093,0.09479309765003933,0.6488880549502117,0.774245831852113,0.7736487192748184,0.7647197851362235,0.1854925676245006,0.1628340144357568,0.9068430886499618,0.4611841030515042,-0.44129614663723143,-0.1266972807920742,-0.2648892482101944,-0.06597604537587184,-0.353551110827046,-0.5008716158936165,-0.44207295237014654,-0.4141963123710233,0.6413795398798916,-0.23022215724287265,-0.0064526885626953485,0.4668979036138232,0.22652005710049472,0.3086214763769026,0.06963319511784513,0.2745848345772178,0.2134860161956187,-0.0809154887786152,0.595779381724802,-0.02778359693581485,-0.2728390631566539,0.06513116063117522,0.31592665780118356,0.2316528641250479,-0.09217237075962177,0.19705133611143272,0.0266041920722756,0.17480689953539155,0.010380368255818407,-0.1794468177975069,0.6160662611048832,0.35726728715986866,-0.07725674709180261,-0.05363176664411965,-0.554345066768799,-0.27770158893418173,-0.3038352601754678,-0.4003222862767554,-0.04041980736144803,0.15829018902922135,0.19163258740051792,0.032347248463631455
0.14472542149841347,0.35781267662875316,0.9233625428125404,0.03157025961389609,0.9269438118179543,0.9448615807911829,0.13994752312230238,0.32373964627429835,0.0,0.052634383463849375,0.2799846807186244,-0.12948425118421328,0.2115890798765785,0.15324133091499903,0.5750362230283801,-0.22321009167475733,-0.1840971379285897,-0.5170235028579957,0.006793509042927923,-0.33471500373682106,0.0855866692858202,-0.6243994506703839,-0.46883557187954494,-0.3669950561860967,-0.5195479955990769,-0.6971046067737919,-0.4937664740517218,-0.5029821444702424,-0.08317496838130714,-0.5076657881840873,0.07050771944336043,0.23335166787840403,-0.4079784142566856,-0.5679639228694715,-0.45332484856589406,0.12995452942246702,-0.5768375502311132,-0.09954939707436888,-0.19508030577579472,-0.5369642535826279,-0.38004384595873586,-0.3067211916655735,-0.6152686490968579,-0.22442963322503065,-0.5125040695287891,-0.23804126903533587,-0.5765856409122385,-0.654011006321994,0.537835643252551,-0.23247777842633885,-0.21030853507324612,0.667195064441082,-0.18541441662161282,0.3429004991587429,0.9279392126830842,0.9387924829969408,0.18470637489278943,0.9516871479350183,0.06732552305701565,0.2866222358923025,-0.03583106306027077,0.10190285494568527,0.2567737790495098,0.2923991086336766,0.4146227185046863,0.42587342142016665,0.17671585649952457,-0.43496871316734975,-0.4677447373492439,-0.33622238696030887,-0.15796485220216647,-0.5902953702622669,-0.5539707651384858,-0.1407955036595025,-0.3472331633128996,-0.4506005505389955,-0.22456519776074968,-0.6075471352071954,0.5445420028655097,0.2962017050869038,-0.4965639562102565,-0.6787630707144373,-0.3639669798043397,-0.5140013568943349,-0.44329744959541967,-0.6430874135768343,-0.5127746457024924,-0.630847901930628,-0.086390396432802,-0.018508160558097387,-0.479477580111289,-0.23961168075717387,-0.09687892005506707,-0.4578486502342127,0.016991442326316386,-0.06746111095262333,-0.07472793747658923,-0.4649654650792473,0.6214518905953138,-0.031220789641542564
-0.05218600850124093,-0.1712959013880791,-0.14904100040077115,-0.2432690346072843,0.01009758741519481,0.1639702171578296,-0.05895483662351198,-0.3584176343062581,0.052634383463849375,0.0,0.7483021804347232,0.6547868786471536,0.33344459943043764,0.23227666537938196,0.2816014447927017,-0.356176864569524,-0.06352747597595179,-0.6290684014889386,-0.06501909247081504,-0.6008600833273599,-0.36461698569284345,-0.49821141535594426,-0.549525304697815,-0.29619904657682256,0.43451466105448044,-0.4005321457356635,-0.5306350555790016,-0.14103007794188968,-0.2090773229521246,-0.2614952090749255,0.4033399314876555,0.6927680537118452,-0.22773889044873047,-0.6038355227916827,-0.6153314553163209,-0.6697782080112538,-0.048747925986961003,0.5316457253403035,0.35323191329678555,0.2987785603717434,0.269281396996883,0.34461539757830406,-0.06892622437483019,0.2869444181128636,-0.10607808719107,0.08385835544137357,-0.38364324531722205,-0.3263642300522229,0.1486495125912327,0.12162783227816085,-0.019039204974812877,-0.05064567526471377,-0.22180561389030415,0.05205403576603,0.007944130402061286,0.21033040125173155,-0.09656490269639569,-0.14735209538644425,0.9408784737429394,0.7240116457151667,0.4573133843998153,0.32128129730014,0.2998771005445765,0.16860480051931923,0.23786571559804928,0.13224555626709703,0.20803548140149802,-0.2956623104401543,-0.5439386081018802,-0.6195593989009659,-0.4538956872533908,-0.43021470146831403,-0.5844594966260587,0.5070041002580552,0.09545136033963542,0.07788443054623315,-0.32297240282311207,-0.4238197550902672,0.6402025467634266,0.7003961538843794,-0.387920051414866,-0.24156604442223426,-0.3444588841839435,-0.6579632734054712,-0.47186576901319305,-0.48565323938401583,0.04871195557865136,-0.35370106319788647,-0.45416252696720943,0.3449373658713145,0.35362599652532967,0.5743528649730318,0.6423385814854216,0.3621918861792604,0.5397764454860569,0.4045683491160433,0.13951144412202998,-0.35193181952400204,0.2912689666245836,0.373859251241226
0.07807408880493247,0.10504824679534153,0.06661060518093954,0.03728939494591062,0.29017074608974014,0.30212825750009165,0.16474409397602421,-0.052985131484313164,0.2799846807186244,0.7483021804347232,0.0,0.6685543402972852,0.58788001496133,0.07282598923971548,0.2927096379545233,-0.11490861649669967,-0.08489017154314844,-0.6452623162160642,-0.2243235237738382,-0.6020898426379763,-0.4126918810667859,-0.5554047118263782,-0.6086456173808993,-0.21961502216265283,0.21009065230628027,-0.5359370112396118,-0.7260204809939536,-0.3793643571885377,-0.17181860298875504,-0.4322115883712145,0.25850960086660535,0.7016909182677555,-0.20050152030488613,-0.6306226101061301,-0.6501361642772432,-0.5821420842249851,-0.2943987612418704,0.3611014236667235,0.09008852694196436,0.056121735276902444,0.086224229161801,0.07241439461887024,-0.21776206815055316,0.020386151433937787,-0.38909823045530023,-0.16838938009389423,-0.6022569962525396,-0.5671512900787747,0.17870333577758357,-0.06311036321082508,0.0968732437562813,0.23204603395508933,0.02010875392731297,0.32494656558880847,0.21448776393986055,0.3956527255685799,0.16005283973534282,0.13537349494409529,0.7443870973735808,0.8818471750984223,0.5490810899694478,0.5923685240420437,0.34782912443533387,0.02528020852219626,0.15700313958584125,0.0799897309195361,0.3515954088467144,-0.38019092451950043,-0.5972673332733149,-0.5600556504223727,-0.4863440459642994,-0.37160791667319554,-0.6323214256193342,0.4131010523276807,0.158861088080305,-0.10782698983852987,-0.33358187038393866,-0.6179612431569869,0.675106221444847,0.7462214154077772,-0.36179104658481853,-0.3051004432340558,-0.47864639612969717,-0.6310034686490726,-0.6329172619364242,-0.5278316554969192,-0.17593900091967996,-0.5843718532847578,-0.47272702069496997,0.3353086012072201,0.24013744480615912,0.35747375702011686,0.3164376965518243,0.200343496251918,0.47660681729207766,0.21775613951141395,-0.018530085192076325,-0.5367173841460258,0.37352060400671944,0.2501113045764967
-0.17532037029205194,-0.2423562027312553,-0.2759129754310279,-0.15670310082501174,-0.06174370177131977,-0.08038558810803559,-0.0884395639341399,-0.3325578344652854,-0.12948425118421328,0.6547868786471536,0.6685543402972852,0.0,0.7041642248238862,0.32147694309015135,0.299674882778055,-0.21549212265400225,0.48353064817132657,-0.24698635352206674,0.1090365583801183,-0.316969443560159,-0.08025784012186758,-0.17852304685763204,-0.14095364388604922,0.14630018867703673,0.47325457610732824,-0.06408847550533563,-0.4679613855605734,-0.032923962490042945,-0.1883703994979352,0.10830502857137406,0.06524047602334612,0.39001171809900753,-0.20433397302695916,-0.2795058526202284,-0.38118193583393606,-0.5139866193842116,-0.14108129333907843,0.2707285001633592,0.014662242734374026,0.016648559587281307,-0.054274558126665026,0.06417242044332969,-0.0636747151441599,0.025848733569513928,-0.3406748887457522,-0.0892676598557681,-0.396712830750154,-0.3387784433213479,-0.18532262808347288,-0.1886031069902239,-0.11456403542821733,-0.2179491106503145,-0.1615248495203287,0.026336029665693123,-0.10384201661617425,-0.06347864820150559,-0.17635676049082707,-0.20186670320159697,0.6747408005883389,0.7768026701683736,0.8626211190233833,0.7345272382143697,0.6129836394363349,0.18966330835223097,0.29957958237057997,0.24636029321595385,-0.028833230112760573,0.1736411469806706,-0.1259950020915906,-0.256483092022078,-0.09381794673573693,-0.2386558438670922,-0.21895320951553188,0.19597159422157945,0.4370190769650436,0.23807189159964834,-0.28094534393568227,-0.23152887353462323,0.30463902146007016,0.4163027657890654,-0.11755134978749204,-0.2767509811156557,-0.505951581056351,-0.4385279081261204,-0.5545422935332105,-0.3872612200717269,-0.12791535212629196,-0.41660606900739205,-0.5448226037097618,-0.04584610391472514,0.13137102050429247,0.20941238925938452,0.1875481060541492,0.14738220666691393,0.2079401343088867,0.11488598155284321,-0.21866219952903398,-0.43946761127690764,-0.011053612737293987,0.04039329722781412
-0.2510493531582658,-0.0984723104570009,0.07703028651358716,-0.041098677454460435,0.27478867999675355,0.19308287589238868,-0.05777565646255403,-0.12020777773137592,0.2115890798765785,0.33344459943043764,0.58788001496133,0.7041642248238862,0.0,0.20793779228390946,0.4447409146207469,-0.07656299964478196,0.420833848680407,-0.1806612591187437,-0.04501190536501913,-0.2111888912391798,-0.15384381549087522,-0.06987032170713492,-0.0745406658457749,0.046689816528975144,0.06785560151677095,-0.1976456695433155,-0.35440668176527634,-0.01082771786285961,-0.19330996276200954,0.150211167181803,-0.14149982618629095,0.162010112086203,-0.07568091073123666,-0.16266246221991892,-0.13901597045849393,-0.23411413655783267,-0.39974589120653764,-0.14291884240456498,-0.23357927635910725,-0.15394005654237408,-0.2947814934455314,-0.3297818563180376,-0.15152288953230342,-0.3493327423327752,-0.4572856341047189,-0.22072448743056544,-0.309603670419263,-0.46914557110390676,-0.2313826211466162,-0.5062264395423721,-0.2988865118603107,-0.04070855054154235,-0.10902728815822481,0.07251728379865599,0.2505269167267968,0.1707773230485433,-0.1282928722826349,0.17106549283476194,0.47662388736324535,0.6343733082183437,0.8668166800852233,0.9767229875347256,0.7070383975155279,0.05722274471860016,0.23441912467574846,0.32374178623472005,-0.10278742962288091,0.04926447638704142,-0.17785251756330073,-0.1783874924746236,-0.0939373518872606,-0.16641984855112327,-0.17654129833180696,-0.07527069562576155,0.2720890212358424,0.036066674099793056,-0.29324758227995973,-0.22462792304169923,0.2618915790110869,0.20747024096437888,-0.09803706561908623,-0.40126942199168825,-0.3601971901579934,-0.2568721340202999,-0.43605593066648113,-0.3018038968967935,-0.476609398985414,-0.4776928177886718,-0.4715463154092059,-0.21121475751344954,-0.24943424259569189,-0.15819388008539334,-0.06045174045315332,-0.32219096054409846,-0.04901529440051231,-0.2771409971514497,-0.33907012177686086,-0.5286284064274887,-0.06211881767630657,-0.30115008819335737
-0.5483776002802195,-0.514864907138818,0.14902034477610618,-0.623618597226323,0.09886015900820923,0.29023066387807894,-0.6894465486048913,-0.6110362843790208,0.15324133091499903,0.23227666537938196,0.07282598923971548,0.32147694309015135,0.20793779228390946,0.0,0.6965807998101972,-0.720046449867202,0.5804996317748191,-0.09489454699505367,0.8915480366052092,-0.29961843923984416,0.3438965471674974,-0.09370054444451394,0.07330731546579185,-0.2628566512855289,-0.01747175426137994,-0.15517505429541653,-0.07882042600674902,0.2366102800074678,-0.4894341502729649,0.2555721945289618,0.386085027040481,-0.03277115254536441,-0.24422260624112704,-0.11586287027979986,-0.1423269561781184,-0.14063884232884802,-0.07107129053721407,0.14387289399335557,0.27078664437077116,-0.28840969347048073,-0.2836535156225334,0.15846922476997938,0.006158681345606283,0.24102805664199323,-0.09791562319828294,0.28919367905466836,-0.11373992176621871,-0.13067454997859868,0.005521193624546765,-0.24905033387749395,-0.6255421981906788,-0.3705381668839028,-0.7455556802255504,-0.4506760060723668,0.2577743817995697,0.20780014910714018,-0.6948213168138944,0.09511681452182755,0.3040627711761881,0.25165471250597227,0.2611425161322909,0.10629616899125831,0.6496986280310164,0.8806666887246243,0.8279388630991812,0.8046611006993017,-0.5925267522816103,0.36195470458998785,0.1275566110116327,-0.2812975069890489,0.061015153630219796,-0.5352844472765849,-0.06275059305968352,-0.4027894494024067,-0.3012121583273344,-0.13604674844353604,-0.44452117518998874,-0.05890938320956305,0.36361861363620035,-0.03490397256753444,-0.4168587447685182,-0.5935667534145773,-0.29935697983449616,-0.3593793372604511,-0.2587715787886301,-0.45476788838243215,-0.23827355877118708,-0.13195239563110983,-0.46986778768835846,-0.5595638566582353,-0.23509616383887272,-0.17722200656633028,0.3185754881122475,-0.1486485779087814,0.0169968813237997,0.21369662422706878,-0.1406524875277332,-0.30947274753742643,0.0879197350919,-0.16468650627011172
-0.4117830859915021,-0.31208887743727026,0.4709011740024662,-0.45624431616366323,0.525857254154539,0.6338190066031277,-0.4355381550303856,-0.2900261562578708,0.5750362230283801,0.2816014447927017,0.2927096379545233,0.299674882778055,0.4447409146207469,0.6965807998101972,0.0,-0.5862027078411771,0.3264082487458984,-0.2744817954454782,0.5005391112848778,-0.3172733533049967,0.2054137106898298,-0.29371616932733563,-0.11226326023726772,-0.2619714096100919,-0.10549624047776335,-0.3283588302503551,-0.40484843423475986,-0.007882608452308154,-0.2109960295488626,0.10789303371978387,0.2816909818230371,0.060236083785244296,-0.34253008172940436,-0.29165542682117496,-0.2778152005581945,-0.11556268454364269,-0.47028335887845624,-0.12507872677287196,-0.1287177806260766,-0.49905450435623794,-0.5807072745843588,-0.1329813063350887,-0.3612859662993073,-0.12228618725269806,-0.4215091613794084,-0.24015167112116853,-0.4760215736202362,-0.5833455626519319,0.04456025317990161,-0.5393179540571715,-0.6488124822892708,-0.02251620352243915,-0.6013137885572956,-0.18323784454505354,0.6387779585936267,0.5360455947945042,-0.44887093800557987,0.5138924751800154,0.423717257126673,0.41632146558102756,0.4052423299777605,0.3211784198968911,0.6818930270791167,0.619722453359757,0.732626585603675,0.9163940146216344,-0.4044809836414193,0.033495761470987734,-0.1708283037703123,-0.3201419063438905,-0.001626168143634953,-0.5954916092047993,-0.26324743345458146,-0.4051084614382572,-0.23753123040766236,-0.06707266575517602,-0.3297639270006083,-0.26590510367765563,0.482174806449996,0.05887555133071069,-0.4188951883695209,-0.8125260827263023,-0.40047421703377506,-0.47325240425723875,-0.5289395358758113,-0.6314381425331032,-0.575348715590703,-0.47160037460275167,-0.5056405449030482,-0.509469641292973,-0.5383102201273333,-0.2961547366883652,0.03226318941062111,-0.39416180767942766,-0.12388895397509049,-0.08802133188881003,-0.45365253931747285,-0.5648931839666312,0.19369407685626797,-0.37029252274410995
0.548481201045295,0.5870463477230756,-0.20969398276367227,0.8012142135529016,-0.08915051521753173,-0.4260010203004551,0.7380304479012483,0.7278136995048888,-0.22321009167475733,-0.356176864569524,-0.11490861649669967,-0.21549212265400225,-0.07656299964478196,-0.720046449867202,-0.5862027078411771,0.0,-0.1726230666000243,0.4436478852295097,-0.5575184328344812,0.5525215271618046,-0.0521170114049379,0.35354283518526336,0.28189655645483264,0.6101486354888515,-0.058770345048119496,0.3473317772634009,0.10495539510053353,-0.22461378304392082,0.6101444986982216,-0.002398937753435652,-0.547521810332778,-0.15561999762467932,0.5179095388237681,0.4194070317660519,0.3383900659035171,0.33979513348329266,0.06314885352271048,-0.2346331857946762,-0.30128271487887803,0.40536983984936953,0.15711698505640823,-0.41731708993845135,-0.01606955401804864,-0.4994230767451577,-0.20791087948810158,-0.45235675127638997,0.11928443596478769,0.13491395621891827,-0.25264277883488745,0.01900504418685472,0.6988491122373387,0.29192419889683,0.9449251691024404,0.4913449461218186,-0.3328974299553629,-0.37965741476269443,0.7063926938734854,-0.10493394426785756,-0.361910819346714,-0.2291889030438523,-0.09385499472096102,0.0432475812105987,-0.4483319454804374,-0.7602157039886275,-0.7396164014860027,-0.634709764768209,0.47807187578258964,0.014235587001543502,0.23940270625942967,0.5788004638487183,0.2194567331398511,0.7416084634726069,0.36019162945768723,0.3756908587080899,0.4843231866080315,0.22234690484388941,0.581595098543981,0.22884397201049198,-0.5226787164137097,-0.06228351907125062,0.6975980745010385,0.5504575309414355,0.017008705145675714,0.5080983158355361,0.13425708404373438,0.5223203281154408,0.05749555582651081,0.038342025234369845,0.42016281468008604,0.3335830174325298,0.20194701934305637,0.12574474202952168,-0.3823308039959266,-0.024125739576556872,-0.23441554093013842,-0.5272554348281495,-0.18420907675759207,0.19862519716098212,-0.3204703013867018,-0.10959382541686931
-0.4184565678269759,-0.4890453283882532,-0.18946911098924812,-0.3002048319856279,-0.19494641241169555,-0.2213366200579316,-0.3380364576170553,-0.2981489289133905,-0.1840971379285897,-0.06352747597595179,-0.08489017154314844,0.48353064817132657,0.420833848680407,0.5804996317748191,0.3264082487458984,-0.1726230666000243,0.0,0.48096711747807436,0.6835450984520458,0.34500076891758524,0.5763902792309276,0.38861362466845395,0.6217385922751493,0.49779416537801874,0.037200518890389146,0.31544174908721895,0.2441806011476627,0.29094044579681194,-0.04176673534364052,0.5920567913798288,-0.345527050755078,-0.45403410992191795,-0.049414543404451575,0.406735680159221,0.3491479107988142,0.13792502595381723,-0.06217861632151898,-0.25997456332981084,-0.18908445520664835,-0.24187884213421262,-0.4066983957127264,-0.39328072925342566,-0.10514175795965403,-0.3641837998232,-0.33919110548043213,-0.051790059383094,0.1461205141793468,0.11628188600529668,-0.4315772503387722,-0.41079014618967963,-0.4467594561525622,-0.5148645146317428,-0.22662144143134594,-0.41398454403617024,-0.12901506158883752,-0.3067005800211648,-0.47099700312683307,-0.12122712541028878,0.0932251500941956,0.2429802819359366,0.6200207520580783,0.4409993483182824,0.6116157754559829,0.44972259466212927,0.4531448030242196,0.514366241094624,-0.5058686326989671,0.8481637649895369,0.6563231570464295,0.38068591510032773,0.6001928257292412,0.06605732417456288,0.5166694674059591,-0.3215448579665441,0.42867109191051345,0.2603925549971122,0.09102577385766678,0.4100475812245229,-0.21817793244576447,-0.3010381156672316,0.31010229738085365,-0.17867430647697913,-0.19411187850033254,0.16781807500639576,-0.0018658582959687183,0.07535230356917749,-0.24329932460134387,0.0076082224344048216,-0.1675941155600499,-0.6010368760445731,-0.31241633088516285,-0.331468509091956,-0.15901138291310674,-0.47027321798672445,-0.49745724292351334,-0.3813187169387462,-0.3822982473229042,0.009679986465360118,-0.36068809114839445,-0.4586016858208777
-0.12133018289473946,-0.21390588315800285,-0.3717600391870616,0.14083310639488905,-0.47150825924866163,-0.6263805929335448,-0.05879771582335311,0.14362757066408607,-0.5170235028579957,-0.6290684014889386,-0.6452623162160642,-0.24698635352206674,-0.1806612591187437,-0.09489454699505367,-0.2744817954454782,0.4436478852295097,0.48096711747807436,0.0,0.24212130671932106,0.8895579736386117,0.4321957183483167,0.8776173516513432,0.9585692027791759,0.6941962639991837,0.018773089808950583,0.8032494959041421,0.7059849106881365,0.43402077050388865,0.40609169645653126,0.7017759096868538,-0.535593594005697,-0.813751938321312,0.4220172415449108,0.9653397507788891,0.8805426624968241,0.6025807999419328,0.26416976053819796,-0.5629297872906531,-0.33699121241722213,0.04601674632928669,-0.23231304700937289,-0.3856480822458741,0.16312513089513378,-0.4678971327255218,0.03860414450485776,-0.21055869327159724,0.6104620713895237,0.5442617926539594,-0.6030178034667352,-0.2207280537407316,-0.029323678332543335,-0.44573461758981164,0.30131339716954303,-0.31749146847465837,-0.44953797442379234,-0.7188704677342712,-0.10824737093348806,-0.31301418125430264,-0.5188063935454486,-0.5143357748976183,-0.02013189868755061,-0.1127468990816939,-0.11565785118049624,-0.20934035652443148,-0.28172297158019977,-0.08909303595986293,-0.3860792382722636,0.7504016756584156,0.8974179356777997,0.9113751585808612,0.7275548444901093,0.7404927589884966,0.9775463263987131,-0.3219608337384366,0.36475858874690453,0.4070346456544703,0.604020642685904,0.8440480516169133,-0.8230084239800706,-0.7689396317361048,0.8061063628485989,0.4653906259574118,0.34423946151151913,0.8596983937144499,0.5326767760804858,0.7605471071308337,0.054802416130667955,0.5378875839867414,0.4016011101582738,-0.4427120447676812,-0.1953872263610489,-0.39833990184718376,-0.494809477055612,-0.36445530809814136,-0.7335714044303889,-0.6389215321102856,-0.3922526099532031,0.47993782084248393,-0.7124382336829449,-0.5609468930142361
-0.47455906944343723,-0.516683497656671,0.06816055830015355,-0.5381181928994931,-0.07378444080298742,0.08034403980630128,-0.6294151520457856,-0.477422487821744,0.006793509042927923,-0.06501909247081504,-0.2243235237738382,0.1090365583801183,-0.04501190536501913,0.8915480366052092,0.5005391112848778,-0.5575184328344812,0.6835450984520458,0.24212130671932106,0.0,0.03826939139471565,0.5903728207356724,0.11525275436945703,0.3599592653474013,-0.023774242685946072,-0.08731038939843166,0.045989182478771776,0.19871457744772394,0.24876495500742135,-0.29560775632064773,0.3378102564790587,0.16839291310188415,-0.29641113830720456,-0.1627715691687197,0.17747079239305377,0.11153097747004702,0.11614258523028943,0.052767929590903664,0.030468159948827067,0.1979835609355021,-0.33263552665529733,-0.30612308660264803,0.03307177798831579,-0.00790396687970296,0.11902130554114002,-0.03806795856838412,0.26370333197313073,0.10256943501822355,0.15005761183503094,-0.04954905011105537,-0.166163131218565,-0.5490936122064541,-0.438568064486486,-0.5820278225793791,-0.5231967245911184,0.08619603872105842,-0.008548301372983605,-0.6411967634685225,0.028665234064638365,0.013112302058981316,0.030092581797449336,0.09702840711573275,-0.1052332247052737,0.4428284724820074,0.8456361155526868,0.7397574342307783,0.714290276778715,-0.6266121415949074,0.6275102808093955,0.48773095175524817,0.07771113246474981,0.3838207764901721,-0.3272678142904622,0.268330252891156,-0.47171602209304037,-0.18587962097970778,-0.11018054817896186,-0.14401803705159974,0.19350504798239537,0.07489959782288237,-0.25553621837408025,-0.1471190379170524,-0.36283155008500234,-0.15335577609215237,-0.07119390157451327,-0.01797053771436816,-0.1823957742013209,-0.12393320144481369,0.05629779833035974,-0.20004980405539177,-0.6291034882101013,-0.2250142119984509,-0.2632927730233803,0.13686475454495178,-0.23944580816670588,-0.24263846049425822,0.06874588770755684,-0.16551617367819346,-0.019567262285985286,-0.028120490020075276,-0.22161636731132053
