0,1,2,3,4,5,6,7,8,9,10,11,12,13,14,15,16,17,18,19,20,21,22,23,24,25,26,27,28,29,30,31,32,33,34,35,36,37,38,39,40,41,42,43,44,45,46,47,48,49,50,51,52,53,54,55,56,57,58,59,60,61,62,63,64,65,66,67,68,69,70,71,72,73,74,75,76,77,78,79,80,81,82,83,84,85,86,87,88,89,90,91,92,93,94,95,96,97,98,99
0.0,0.1286600698330798,0.5928531359343304,0.06010027261370293,-0.4661397437885485,0.21154086573913666,0.08589736526734314,-0.29012970495783685,0.11819824429233647,-0.4968729588546638,-0.5579208148702365,-0.681280340613313,-0.5185694355339416,-0.5454172461098162,-0.5510304496049857,0.49941135545218,-0.39492749330645094,0.2914342915572283,-0.2234633879794219,0.6017276630748306,-0.04440252661940367,-0.3435647039014894,-0.34201004476638097,-0.3205496167529724,-0.4940298880731724,-0.5403157508252519,0.3671710042340853,-0.38680299016442116,0.4302880310292091,-0.5844758955273976,0.18544181493141215,0.6451071753374693,0.6019624543270309,0.5966169448037116,0.37439117863231186,0.6718471831158545,0.6413324762327451,0.7754545495032413,0.7080029304145199,0.08230605938448846,0.4757010343706159,-0.6183103514683332,-0.02611097620530167,0.310367747959202,0.0910735230139863,0.3579256338896297,0.13134740890646793,0.348802805756293,0.5063963215286933,0.6601264523507543,0.6730749405083645,0.2682976265606731,0.13248888952462487,0.2204332941474007,0.0681549832606227,0.2537661801292349,-0.046919051608418944,0.013261028537663026,-0.6522330310766835,-0.4714119344367691,-0.43538279185806544,-0.042154054461642505,0.26654364809175746,0.23283892229867148,-0.10492062234389907,-0.3877984420749172,-0.011987570045572526,0.011730122974823917,0.20135330813996327,0.22646539431475446,0.1163669592800529,-0.690424849359745,-0.5389162545058527,-0.3180732467741815,-0.376530693070536,-0.7863805502355287,-0.04993353918967592,-0.5831828388164507,0.003546579966261405,0.6727634350038946,0.10132106560184036,0.54915548486506,-0.13398573210683207,0.22636111430984399,0.5228472920607505,-0.35551992559880946,0.7276008446334379,-0.2994694991418021,0.639417253589717,0.5225347818811948,0.5883236157791605,-0.2477013853644139,-0.04472040612639356,-0.6840997833569687,-0.43019187724252994,0.4041695361177694,0.5780699513851457,-0.40924431716504467,0.33621912431229783,0.7408372707588795
0.1286600698330798,0.0,0.5379131452725997,0.6734499588681447,0.1374348442392098,0.2458974335586315,0.705013776765723,0.49144825170421735,0.5590931158768158,-0.1667376002560729,-0.4034237687410377,-0.501463090713743,-0.4062339529285552,-0.34052260345622853,-0.45582824268267347,0.8507048164565862,-0.1100061667037878,0.6727265708922205,0.21453548496545935,0.3638961496837622,0.4375412615652732,-0.2262056154105574,-0.17129423565369256,-0.5771950544255279,-0.06268504424575581,-0.4512006740771876,-0.08304518540640794,-0.49078760981609665,-0.05412686320368961,-0.31984750226881054,-0.5310926408905046,0.1551252978872591,0.4239352406347254,0.42688398918120884,0.09845897825681114,0.34709141892280615,-0.03039001636535358,-0.0012303211739229103,0.45258860845387405,0.039199470303757346,0.07692727202229728,-0.36194572038373984,-0.1216583336304822,-0.47747630362782995,-0.3329353423677863,-0.19252846266219173,0.17896048916386678,-0.01085490009155973,0.11018478764076102,0.09842380272955054,-0.08983076256163462,0.76452825656253,0.8133663016513064,0.6567241710463813,0.6607842664834043,0.0018733636093807434,0.6321293447199328,0.7936456784998076,-0.3712035469132915,-0.4606857206128591,-0.18246100297324092,-0.013274772546125633,0.4880925796839241,0.4065883687544849,0.18749285041611574,-0.07144610571445675,0.27658602923552983,0.37902979050825886,0.12697950401435165,0.517039197667045,0.40669482604660173,-0.32489239237284184,-0.03603209875778818,-0.2575369797135979,-0.22439584959218928,-0.39115745206496844,-0.1746690627949764,-0.361653398677512,-0.6855760769348284,0.1952483442344967,-0.07974643526265421,0.2364220070950628,-0.09240826655500176,0.3782822157326695,0.42649757796384163,0.010396407173302754,0.0086529103519951,-0.36831660541253763,0.32047448042658305,-0.2880167078129071,0.10655360713699386,-0.1627431683530211,-0.03645312545381244,-0.26448512008714764,-0.27310164077121796,-0.5155716877094155,0.09756178406760148,-0.0819804219487569,-0.11180150306565019,0.0889480296038489
0.5928531359343304,0.5379131452725997,0.0,0.1767178408629597,-0.2670631753840684,0.7455554574264147,0.5796330972575303,0.19893274169352554,0.6403821033763909,-0.3904208496678806,-0.60976804195752,-0.6565399629163091,-0.4675507011594035,-0.6308810923334466,-0.5135871712738979,0.7230830454695035,-0.16865019618384997,0.8223916109979268,0.18631421514302102,0.6037520093703562,0.6085210387734387,-0.2162110786327221,-0.2488514565128096,-0.16664138556471048,-0.2163289451166671,-0.7417894863587062,0.11814323903235645,-0.3218746239451665,0.5833708014113149,-0.42964545956717676,-0.18032649622710833,0.6889740918328536,0.37574964885814377,0.5743506397060887,0.2332775546058947,0.7207493962115189,0.24408273677584552,0.35235725177238164,0.6096006388999986,0.08542215011836271,0.28246400947161926,-0.4158974953813874,-0.3374390590715635,-0.030504400380336943,-0.22292636215247572,0.03207168386252363,0.3840462665966345,0.330081911419178,0.4292200448069707,0.36515333406831174,0.4177187407935789,0.7824849075723367,0.5436357345098474,0.3959077251447723,0.7167374227350787,0.6529922336318749,0.583880424302125,0.5787019163314077,-0.5568959284022916,-0.5321964210061728,-0.10205498544727383,0.29561170701327233,0.6944476178819259,0.5568248921674833,0.3072095549936693,-0.2065121413036749,0.4157706268333291,0.5115918127809278,0.30811923437196836,0.7083350739446426,0.4946786664616106,-0.44538489237515577,-0.24191863094301483,-0.20202389913933483,-0.13473128229013037,-0.6711446276626909,0.28404560219946484,-0.4840044709447962,-0.3304422277550946,0.6601534248865348,0.18805252253086308,0.41549731731531525,-0.23197200921872452,0.42453655730012385,0.34348691459325803,-0.045927528927069,0.4200339714758761,-0.20354373712289164,0.7835161610666185,0.24825594240940416,0.32641582153633414,-0.0852425640982174,0.10883859634080499,-0.5066897947595845,-0.23737035729410022,-0.020618917088888862,0.31761794696963425,-0.16560639205263636,0.4017439354093822,0.5279488477166376
0.06010027261370293,0.6734499588681447,0.1767178408629597,0.0,0.5486972498512065,-0.15282316880952318,0.6464103662747804,0.5898568760823416,-0.026505330332882614,0.026695756680983986,-0.2640817937507411,-0.37633748490914415,-0.13932256462662435,-0.23080031214085084,-0.4296434712756274,0.6395775290334397,0.25922477833391183,0.4397538244416649,0.11677586645874655,-0.040323557609244644,0.1721703977331808,0.1981894643091698,0.20666439881189147,-0.4085073131493634,-0.10390260998583685,0.005051293114452116,-0.5431353769404818,-0.19261533270712602,-0.4731391321254243,-0.09396682093014992,-0.6648175904151178,-0.2861577495802413,0.13885050548435723,0.16341665832724403,-0.2882315350813817,0.01605913873267672,-0.29901936878254076,-0.13961643083108222,0.07221947983971817,0.3787174044613017,-0.29787861896611234,-0.6347292779373277,-0.058402455257461655,-0.6592098198673726,-0.6328671654624757,-0.5762867011597916,0.11443504825721151,-0.46708832500179925,-0.34361460860861537,-0.23331510546310796,-0.032705486924916066,0.2469481623308611,0.4881454426802049,0.5808695014291948,0.39189706043246436,0.04091826622822232,0.4421055759630298,0.30157208851082984,-0.10523848251096736,-0.4087096865773613,-0.19568317487980336,-0.39955271578964396,0.16677534686011378,0.24394771599866408,0.2830838887022839,-0.58625106948216,0.39834281571522384,0.43885320756031354,0.34954275700161924,0.504623945908596,0.5660734934253272,0.0004140571996632594,-0.22716423171567313,0.15250380755157933,0.19773300748419684,-0.23763675326033806,-0.4087285275930531,-0.06582510038680574,-0.5672277119776621,-0.34573865006512305,0.18805458743893452,0.3051339321283483,0.025850817078333747,0.6379497301026356,0.5233256943054473,0.311859111812219,-0.23825654486727105,0.03788015600126164,0.07210580460967093,-0.0070243198281991935,-0.32080038685799317,-0.7151695331907282,0.20038689103392596,0.1596166079374289,0.1597225637101736,-0.48843192610366143,0.11767538918546379,0.22809591982639754,-0.35203304768089233,-0.22803681792072217
-0.4661397437885485,0.1374348442392098,-0.2670631753840684,0.5486972498512065,0.0,-0.35796957861711726,0.14302435569515826,0.5344725461177656,-0.2977344013151905,0.14303049579460494,0.0011318383478354209,0.09009647465573938,0.20621422635467382,0.06750927122958378,0.0010736078861656798,-0.04201042911152654,0.35396729812381733,-0.05317639893626704,0.09995652888412569,-0.47514593605286803,-0.09081149332176729,0.3173027926882537,0.26520802691330336,-0.02590482273508504,-0.12354525908908567,0.3465342592894987,-0.5299410249324384,0.1789315002502137,-0.515395526243678,0.2900758809123927,-0.32768102044134645,-0.7660688576229455,-0.3285677024415599,-0.20836820104820178,-0.28383813986925416,-0.33462684722324043,-0.40984530011568665,-0.49641686785354133,-0.5075320301852647,0.0802633045827437,-0.3779477055172656,-0.11796921752922497,0.09632701704430244,-0.41543816635958064,-0.2691538523824247,-0.4601234767415219,0.041024953118172974,-0.5836246916029776,-0.4602410510323093,-0.45041250221414425,-0.43022270299150867,-0.17478896047041373,-0.04726815864666343,0.136826239407156,0.27813012347120186,0.07532771969123409,0.1475559474149439,-0.010420819126482345,0.23870953996171163,0.1389920018056622,-0.023980449250701554,-0.4227896058657056,-0.31218961572376835,-0.3119035360929222,-0.017803284509143123,-0.37933892469082525,0.07420850962252434,0.11235868181713383,0.2292705153018397,0.06088607435440724,0.13352778314508487,0.4527109807969464,-0.08858313924633261,0.2915738207350597,0.41746569317446625,0.27052327741529597,-0.4211865024610141,0.32856618985195124,-0.01223670095074765,-0.760175159549448,0.21644692588281167,0.018131569672196014,0.2520735840911812,0.36669090020689965,0.1237163663147654,0.3358707952185133,-0.43392891342735956,0.29094888197313334,-0.32597121082316693,0.01797412865211903,-0.5558849289219312,-0.5134984058014976,0.07866504410361819,0.5705141574021177,0.4380262329892113,-0.24704863996832704,-0.04776437193674501,0.3719695993894364,-0.3340061653401245,-0.4932323293780017
0.21154086573913666,0.2458974335586315,0.7455554574264147,-0.15282316880952318,-0.35796957861711726,0.0,0.506283029315927,0.2017973897209529,0.7999355217868414,-0.1077124737162573,-0.17023052723137586,-0.15301040639183103,-0.1415158029210798,-0.35210302414891237,-0.29922778391558297,0.3455555891264616,-0.07482803873284438,0.6704556565794976,0.2452417264456133,0.4219143974635536,0.6569148159104843,-0.055711121294072095,-0.19926576762463086,0.07855450468202305,0.11340161189953621,-0.48335789985649874,0.005356394356513874,-0.1602131076078817,0.43766343232474736,-0.2871078583635189,-0.19932814681535335,0.5201214053226658,0.06663239725221849,0.29087421381446477,0.03580773628564202,0.5794965738401501,-0.029895668443064047,-0.0511436727183845,0.28319730968650786,0.13468893810485918,0.07087522973908798,0.11918069657579639,-0.5270788480515544,-0.12091912228798414,-0.2439099828680344,-0.10958452379021523,0.2613412004292126,0.1386252897278168,0.44360942989805013,0.15811544889919898,0.21242080827578352,0.6877919413791624,0.4220649818413494,0.2674262119708779,0.6544061352329171,0.7282986373278517,0.6202476613551696,0.5892351281297323,-0.20673943835589526,-0.17188381149965556,0.2741623437881081,0.607830501912989,0.674333931359234,0.5161735507391787,0.44656107081983365,0.07649199888937903,0.4957490996710217,0.5009382781410708,0.07212243059287804,0.6022240455837701,0.4010708672411737,-0.20047731110890343,0.08008935177672935,-0.10228979541476406,-0.06131422249732997,-0.2620305642429902,0.3899064370781041,-0.34341212550593003,-0.33379470214164897,0.4905717812142692,-0.044946581680857564,0.026718842526820552,-0.46032704939400304,0.15139824824511341,-0.07878862555589045,0.0005492861202394663,0.13928832728886661,-0.13005465650690543,0.6939155989832727,-0.08782462913194583,0.16551331288328314,0.22799549948472952,0.021012910748485512,-0.23896326768997062,-0.12215549174338025,-0.20433303747334158,-0.14429333895047347,-0.13519851488381082,0.6945689817460562,0.32235782214627606
0.08589736526734314,0.705013776765723,0.5796330972575303,0.6464103662747804,0.14302435569515826,0.506283029315927,0.0,0.6605184174685498,0.5848117729947908,0.13763485678953738,-0.12343494786210252,-0.2627200819645372,-0.04874402156318584,-0.31830887615351855,-0.4503244121143826,0.7388344629120562,0.247078383890098,0.8110189939850814,0.29131599565347877,0.20107907118784743,0.6567488757408065,0.20972536243145695,0.10242172819418685,-0.1602022054070463,0.143495481405403,-0.30860573746941644,-0.4988123762097237,-0.21202295894955236,-0.13015053447281216,-0.17445488009902851,-0.8484881475747299,0.13376144139971588,0.12195930880628646,0.1911027265740191,-0.3154176508857992,0.35893159216302434,-0.4192082876760247,-0.2005810361847965,0.25843260842642674,0.5280891091225203,-0.2621278229668414,-0.2996959857306463,-0.4940387931725201,-0.6640042705232639,-0.7484760884431387,-0.5552936859287281,0.17507835117062578,-0.32478578918111317,-0.0317501717654191,-0.13809725861174132,-0.04485612187391231,0.6796357320112338,0.7430079078705906,0.6554380950329842,0.7480272767695868,0.4038797968328064,0.8737934966206645,0.7341254454203611,-0.040812209121735124,-0.32229473248342,0.2932613196558591,0.26529723580545245,0.7398978029701284,0.7326157193383008,0.6728600953034484,-0.2653722041801718,0.7801566768453579,0.7438379331740241,0.09224334406061517,0.8275900653045629,0.7256282498209289,-0.06662781943639678,0.11116043762057676,0.11760516674220431,0.14832212405957146,-0.2455969603023064,0.047483719080667834,-0.20527387979587833,-0.8431493449574488,-0.015864732900754224,-0.07244034538850036,-0.01000415181604443,-0.4609458469424846,0.43692209606826427,0.11036588401196804,0.3264726183415305,-0.26403677207709686,-0.043585402542205276,0.4508470975183185,-0.25994256033588253,-0.26915042068846584,-0.40434333105931297,0.24510941560068755,-0.010528444496856679,0.07911533340770278,-0.7187215301644011,-0.10884784515302322,0.0942194027501388,0.10352896633152986,-0.051431359012994046
-0.29012970495783685,0.49144825170421735,0.19893274169352554,0.5898568760823416,0.5344725461177656,0.2017973897209529,0.6605184174685498,0.0,0.40524250318040206,0.4270884501888701,0.15084500026522993,0.15960282014572638,0.3136579806099188,0.1024877337040521,0.026566322349686915,0.2840727733916104,0.3920110555884691,0.45328415009711687,0.11230186629942322,-0.42704653696568806,0.3694894387255931,0.5378698498387987,0.46250432533321434,0.0832131682756952,0.3367915680956222,0.22359807759976627,-0.7022125090279188,0.25480730587911354,-0.32137375423735,0.34892323204973247,-0.5905547766038951,-0.20942125020356858,-0.3651095395946714,-0.309953835679702,-0.5964194755208607,-0.05884430093721307,-0.6816408069422302,-0.2767297221327692,-0.3443824899851421,0.3217946104751184,-0.6090141871023538,-0.1724751146610309,-0.35178235432170457,-0.5766989355364204,-0.5666222510075442,-0.594276748714029,0.06880516544203767,-0.5000622552066367,-0.4485138597449167,-0.5601068368367629,-0.2575427410738788,0.3962248364315193,0.2736969218490426,0.3025976937961465,0.6339564075306502,0.3925857100772321,0.7740847192434435,0.5708785849749488,0.32766031094719694,0.0878528664476187,0.3233160184067353,0.06474036493748249,0.23930363716614095,0.34147822732166777,0.5814142306395172,-0.18547332551800177,0.48166714298369295,0.4913542703542074,0.15410120856832085,0.6116376700686323,0.5433283800973359,0.4774994178044939,0.22351862739683673,0.4384112892683599,0.4883424798648406,0.3045310479683427,-0.10139070394788857,0.3273375213148934,-0.45323460090128664,-0.4222691321068277,0.06408140583189134,-0.2826383435749089,-0.022649505421160034,0.3194799505510595,-0.07464668183540461,0.5894308314848418,-0.6426584970382617,0.3452869547288981,-0.041810011901246474,-0.19813430238697158,-0.6456568977654161,-0.3984012176082913,0.3497653141958598,0.5202742021218032,0.48728150564046163,-0.4792610234250316,-0.0635493322746721,0.4595349327690812,-0.18715951225303437,-0.5035118964025312
0.11819824429233647,0.5590931158768158,0.6403821033763909,-0.026505330332882614,-0.2977344013151905,0.7999355217868414,0.5848117729947908,0.40524250318040206,0.0,-0.032073426767321854,-0.06029871790997673,-0.09030198520166711,-0.15205984461077224,-0.22541463600003386,-0.26872165978474405,0.47883873789485504,-0.2538650244412462,0.6218813504687851,0.13192642652881398,0.3418861547556807,0.5423896122318348,-0.17696268629673548,-0.27021245681336176,-0.17589083725236868,0.1513074239375138,-0.48665245669381213,0.04675286639759146,-0.3117933358818431,0.24265284287424352,-0.2843795416215267,-0.298052233805066,0.46387991533764894,0.20175570805658208,0.23248137211611797,0.032171446940669216,0.5707202764170286,-0.06459285908519082,0.0037461151230652233,0.33920411721300864,-0.003640530585224026,0.06992460570616903,0.1539922045909691,-0.49752107910456,-0.21450788825142958,-0.15052929959082514,0.013868030118402572,0.07142631215831716,0.0717606536214292,0.4225549478171032,0.17902209567114788,-0.05140949668907403,0.8691863407081789,0.5684411846028771,0.4023441294795671,0.7289421756879703,0.40776576460692177,0.7295470779806005,0.8999268801583353,-0.1778929065100028,-0.03780007646604108,0.2717900313737771,0.592084450456494,0.6450805083090954,0.5136096600154776,0.34940055572477396,0.2886103563818211,0.3023567363736598,0.3218891747291092,-0.18190220024012055,0.5016818572029461,0.23246255324796228,-0.2596280606805877,0.22696007606601287,-0.25203195134526896,-0.25509954857399625,-0.1622301714845517,0.1417198727844568,-0.3651345509394619,-0.533762656095184,0.44982344812489755,-0.36565419706100843,-0.2130369378589931,-0.468032977110603,-0.05826173120411624,-0.14690074784446036,-0.09745707038821784,-0.0036380993473685637,-0.3333789497396977,0.5215558589371437,-0.4123322034494262,0.18435949164193602,0.2537941801882558,-0.13338526887255062,-0.28231241371273735,-0.2877154465697407,-0.3855180580708399,-0.12846203677926737,-0.2526925122102461,0.45969007790152416,0.22834593380211382
-0.4968729588546638,-0.1667376002560729,-0.3904208496678806,0.026695756680983986,0.14303049579460494,-0.1077124737162573,0.13763485678953738,0.4270884501888701,-0.032073426767321854,0.0,0.789397486501943,0.6928758198286938,0.7422432407021755,0.6921761236425817,0.6198234518184599,-0.4208843431044402,0.48914049768489115,-0.19378080861797517,-0.14092344626918027,-0.6740286965417019,0.10448445920192061,0.7542342641063416,0.8149223952815682,0.6493107127387413,0.8368012083023468,0.7021807564463007,-0.6651629856916477,0.7305865442059173,-0.41727585523446103,0.7759125393867524,-0.39759156742591173,-0.19198042288003406,-0.7146631274319931,-0.8663535155128568,-0.7812560780126162,-0.558564896060415,-0.7913910910001963,-0.24304226691076022,-0.6020067880767238,0.5536264828475546,-0.8025961385925434,0.2561923198517561,-0.15930871429862864,-0.30475279613719963,-0.43170631782569513,-0.49770386179388276,-0.1476201653819803,-0.3863824284871031,-0.612651511142978,-0.7561539570277214,-0.2695829783330889,-0.3184759854274061,-0.18944290171483566,-0.16695934937353893,-0.14619347875563013,-0.04109663919471805,0.139155781003173,-0.04014232174742273,0.9240768935591552,0.42960844397059106,0.5941174180119873,0.16187399161202928,0.0951478575478425,0.33783343135273136,0.6196176881838733,0.18995205378650504,0.36427975312318506,0.23098911022579097,-0.24773642368292342,0.0757152117856054,0.2949183477788848,0.7213632329483904,0.7154930484100411,0.7662907643260057,0.6433533059054597,0.7584827186445979,0.24313803695516106,0.7979227841872303,-0.1702522267729049,-0.5646016559985241,0.025007542471711927,-0.6926972475052587,0.0470203581188928,-0.25875626607339747,-0.5068239575226983,0.7128328553341693,-0.8091371491226469,0.6830655357158862,-0.4250097529648773,-0.18975649888325735,-0.757929318951564,0.04885950757563314,0.6231833917097255,0.6909119878774773,0.6467967236803998,-0.30110330416221764,-0.22863440982830757,0.6499258290242182,-0.20281869188349166,-0.7015890722625051
-0.5579208148702365,-0.4034237687410377,-0.60976804195752,-0.2640817937507411,0.0011318383478354209,-0.17023052723137586,-0.12343494786210252,0.15084500026522993,-0.06029871790997673,0.789397486501943,0.0,0.8973862811465274,0.8334052172772758,0.7689176148955831,0.6026245679693519,-0.6000822237884254,0.1239562430754257,-0.5210797566449171,-0.36377494987473136,-0.6297562872036152,-0.270440212481576,0.4116665805469176,0.467941791321911,0.47495191061274233,0.5755177204320894,0.6884048348711069,-0.4012271172629933,0.4527777921170937,-0.48563183369386165,0.5090348307259316,-0.1761351354974544,-0.3083132958721806,-0.5101811612068806,-0.8135415733034095,-0.6640035132334179,-0.4323654922309836,-0.6022125038017114,-0.3287773405399519,-0.5841981231088706,0.2232056196023281,-0.5374218620778792,0.4568228843134379,-0.2955477110283894,-0.14548769435694506,-0.1305611592918419,-0.1827784206054222,-0.5760738845159491,-0.4573249065345402,-0.3411806456502449,-0.48201540149367583,-0.4435776144951613,-0.3998166354666384,-0.42430798373228784,-0.2074648295546903,-0.29392120650076553,-0.205373108814304,-0.10134296340099133,-0.14917083271660428,0.8827237953063524,0.7902518195397172,0.7216167181779569,0.36710457065325475,-0.14514453641474598,0.11711976926464712,0.2617361333233861,0.4435993381902645,-0.004963278150491247,-0.19971116320295032,-0.6380947094596947,-0.3351032216336516,-0.19329593876239562,0.5098038463930025,0.763544735103568,0.37983381891997053,0.2450144454407395,0.7950454461424207,0.08603608968550458,0.5587888614440306,-0.0882459422799618,-0.516950256029327,-0.4472413183020164,-0.8840686443546629,-0.2538344481385841,-0.677106010593789,-0.6925959192799689,0.2379099435382596,-0.7002577608747292,0.3101765477123197,-0.4728706540525313,-0.4201510717076864,-0.48995870112762535,0.12309742511295985,0.15884231345912556,0.49059013598321805,0.27966289242592257,-0.2684111307889984,-0.41275712191464126,0.18682323535061393,-0.06589908579988195,-0.5357166394218426
-0.681280340613313,-0.501463090713743,-0.6565399629163091,-0.37633748490914415,0.09009647465573938,-0.15301040639183103,-0.2627200819645372,0.15960282014572638,-0.09030198520166711,0.6928758198286938,0.8973862811465274,0.0,0.8099808985525823,0.7607588716112306,0.6402965850236622,-0.7367055237143586,0.2504204539169553,-0.5453689682404073,-0.13742736766786687,-0.7259788052206017,-0.25757270301516577,0.4490813244422396,0.4073132992031397,0.5413239165411766,0.580321775851025,0.7227883410914945,-0.35119334134145797,0.5116547464151399,-0.38022683312662114,0.5493725728460296,-0.0047958392928696605,-0.41087062373493344,-0.6620025128664443,-0.7990906763820158,-0.5709070037920594,-0.5483979518060299,-0.6028157135405686,-0.4584575644505231,-0.7583557743366521,0.08871730062623708,-0.531786522376502,0.612126331810739,-0.218515436972002,-0.11184336321256602,-0.001325442965091882,-0.19440493527792854,-0.4311457676582375,-0.4133443246779231,-0.393464338157577,-0.5566944442017973,-0.41908332040110424,-0.4156894895512338,-0.48259417081473704,-0.33918895301483504,-0.2944578133028311,-0.14306895986672435,-0.09179976100817516,-0.1906769496838475,0.8220874394661387,0.8145553429627085,0.6591567060451026,0.30175283062468633,-0.3124329287308285,-0.12332613660908122,0.1613597098581419,0.45340377786118374,-0.06637042946526843,-0.1996460890921101,-0.46453482266398216,-0.35811807873511,-0.29112464181664516,0.6371033295755683,0.6534046579699515,0.3877677818443376,0.31052968026165423,0.9006259409906878,0.08880803666563472,0.5932275411365298,0.10549495821324312,-0.5219528082501886,-0.3327847244178967,-0.8121369560843488,-0.10837872299081223,-0.5825719139351926,-0.7473069882142691,0.24766562195700964,-0.7093752192178137,0.34720907243320165,-0.5950112998260259,-0.43122322219518533,-0.5079785348777757,0.2600058259988455,0.023521406216008147,0.6235819969793125,0.3836257867118252,-0.18206770653338483,-0.5382542978116835,0.2385205042511967,-0.08533022255682406,-0.6243953029668088
-0.5185694355339416,-0.4062339529285552,-0.4675507011594035,-0.13932256462662435,0.20621422635467382,-0.1415158029210798,-0.04874402156318584,0.3136579806099188,-0.15205984461077224,0.7422432407021755,0.8334052172772758,0.8099808985525823,0.0,0.7556297303785482,0.6526646375628802,-0.518542552371292,0.37166729559630085,-0.40962133806799933,-0.22170917511666338,-0.6996050291199507,-0.19026791508820617,0.5644500906494923,0.641591109888876,0.5756116678459232,0.5300106109141357,0.7259247197710085,-0.5162138508346887,0.5828382486739263,-0.36909470858547416,0.5948303239037956,-0.20739201720092096,-0.3035882731344773,-0.5601621170429818,-0.7544760776413042,-0.6966941189923826,-0.46432752129609267,-0.6576553761748842,-0.2759959684355153,-0.6099930418018901,0.27594283679048237,-0.5430217231538705,0.27773377950324035,-0.3021020073827975,-0.16787251103526285,-0.2330331554531204,-0.27378978674316995,-0.4525634583747792,-0.42578864790074333,-0.47767436023890353,-0.594730831221061,-0.37891577554299005,-0.40564048679147124,-0.49950766582503076,-0.22949865940201605,-0.1667055867677871,0.015612793047898026,-0.02495249807571523,-0.19835935344531033,0.8511355382335273,0.6860327597003361,0.763435577447437,0.4278960753824936,-0.10573328257531779,0.1833887593414896,0.3521441846676477,0.29801700513776785,0.0798391535194779,-0.010724318684093348,-0.3820048612849719,-0.16976890929749813,-0.02585399523247923,0.670969829598734,0.7237031118149266,0.5063672380012071,0.42709048928952564,0.7555407585345157,0.15985931100485723,0.6764163463956436,-0.03773833343177309,-0.5622877793769466,-0.1967394066487132,-0.7078179616809332,-0.19583436705394902,-0.4184751878591845,-0.5646446075202253,0.4441944607588135,-0.7132110897596909,0.4750366384841275,-0.4701974131027482,-0.18243356394199864,-0.6012241461257484,-0.09515014867907538,0.2965367894095599,0.5656069852162285,0.46856120806070684,-0.16684053087512077,-0.25097335397492315,0.37587093480007694,-0.14480245713765438,-0.5885777583213904
-0.5454172461098162,-0.34052260345622853,-0.6308810923334466,-0.23080031214085084,0.06750927122958378,-0.35210302414891237,-0.31830887615351855,0.1024877337040521,-0.22541463600003386,0.6921761236425817,0.7689176148955831,0.7607588716112306,0.7556297303785482,0.0,0.8068218875956911,-0.6100100255638172,0.2547648108868798,-0.5440061509964488,-0.1373188694277144,-0.6313686942711224,-0.2570767946407591,0.3679887566850258,0.6119343787481114,0.40319042677684985,0.5683405088048719,0.7191500650228748,-0.27260951042577625,0.5108006141701829,-0.37318248055617936,0.6166866617405307,-0.020859393347167812,-0.32397240919851145,-0.5114281450059185,-0.6982392513803555,-0.4438608685366328,-0.5856166028367379,-0.4807897951912219,-0.14539750944738103,-0.55151763263683,0.009825403848517563,-0.4293252444389935,0.3684187036599695,0.026625170739871893,-0.12839339743601327,-0.009548755804882727,-0.09505876318085643,-0.26623497913811894,-0.13333242826078465,-0.5014352534542197,-0.5417122602281371,-0.25738772276901767,-0.4868468942716743,-0.46052005565674975,-0.400508286529985,-0.44085332942025207,-0.3797496984610436,-0.26474360000535024,-0.26544431070256913,0.7460990940726951,0.6110260076724502,0.36674553550798783,0.16915900598324907,-0.21428376425634701,-0.003234779952275065,0.13437854040892167,0.5255699810934744,-0.24377434148391552,-0.18436748262487884,-0.31724871702156276,-0.41161627000011547,-0.2025309769894218,0.591402847336115,0.7345402648672938,0.3458566692019947,0.23506392295330372,0.7569985358232876,0.07204064945767927,0.6647409176443447,0.05492335744588541,-0.4664646111262759,-0.18075152427154695,-0.5744521152592261,0.07969223818053718,-0.4740595871739519,-0.42784110610570236,0.3325957281753875,-0.6252629457095233,0.34322591179681644,-0.622465253177616,-0.24456087569477025,-0.36004763314991883,0.19261033025757357,0.16549227252782794,0.4812515237329939,0.29617193530783464,-0.0798105363406979,-0.24110043730073527,0.3831368054698129,-0.3504375181522657,-0.604222701352777
-0.5510304496049857,-0.45582824268267347,-0.5135871712738979,-0.4296434712756274,0.0010736078861656798,-0.29922778391558297,-0.4503244121143826,0.026566322349686915,-0.26872165978474405,0.6198234518184599,0.6026245679693519,0.6402965850236622,0.6526646375628802,0.8068218875956911,0.0,-0.6907904246051645,0.3212519793473201,-0.5105311911583439,-0.10115099866539584,-0.5996546933053619,-0.14260337371579165,0.40578944885281804,0.6249555987910839,0.6274608966552795,0.6208923500936836,0.6452468410086406,-0.08718853272089865,0.7265234023060917,0.009607414241257608,0.8234340644969558,0.2767117442114237,-0.0956960573425522,-0.6047015092420841,-0.7284588289649175,-0.31107106570022147,-0.6442870297057888,-0.344838844343537,-0.028870741081388887,-0.5496868665407608,-0.10338730837639416,-0.3329107191769165,0.45292343586265643,0.22103567316535525,0.2626529898014532,0.22119158793477814,0.07190320898929939,-0.13646218231197835,0.17144510406592917,-0.47336578727953743,-0.5196764068699056,-0.23220910925407603,-0.507583328846672,-0.5553601683351751,-0.6115789760494897,-0.45700109240221337,-0.2645239071304946,-0.32646713481554296,-0.3626771324411486,0.7081394648499283,0.4913423724052194,0.34053125370336923,0.14230843296643028,-0.2839384951510892,-0.09170977203672014,0.09239530298432877,0.5790588095790118,-0.22492250289297006,-0.2198540428298211,-0.20158462561218687,-0.3953400788710249,-0.1908452044431071,0.7063946502741005,0.652716769221197,0.47208061464974777,0.4054467059567461,0.7626697234465549,0.4188213475830933,0.829202671272155,0.39056765978398916,-0.3141819791978948,0.09369921915649387,-0.5304278898156628,0.3770498436137575,-0.463529643722659,-0.5130705985622561,0.43320050229952517,-0.4659164393317547,0.5338485414634122,-0.6313776201108411,-0.020386780010388985,-0.4002499124857583,0.4001576437997297,0.39106402767755283,0.48465404853122546,0.45975173733167823,0.24516976665542323,-0.044205137757783196,0.5245814637595054,-0.3474962283675627,-0.5125095713575268
0.49941135545218,0.8507048164565862,0.7230830454695035,0.6395775290334397,-0.04201042911152654,0.3455555891264616,0.7388344629120562,0.2840727733916104,0.47883873789485504,-0.4208843431044402,-0.6000822237884254,-0.7367055237143586,-0.518542552371292,-0.6100100255638172,-0.6907904246051645,0.0,-0.1417022958003998,0.7603223659723558,0.21586083418477264,0.6006407311451855,0.40548294358651016,-0.31400038351813814,-0.3194925863952221,-0.6285339282554809,-0.3109537648937218,-0.6287307936155299,0.030542191108317993,-0.6297205698984265,0.12062599374214161,-0.5813493037975705,-0.46276500337586085,0.35442084294030823,0.6564038574312944,0.6975148963310861,0.23292589376660433,0.5873900633985902,0.205152413101743,0.20563389225190495,0.7175071250070815,0.12697568311045776,0.2973877169633773,-0.5413282181665204,-0.15182644157340408,-0.3408631584194918,-0.33801245750466097,-0.1006825387252214,0.1942663621399188,0.07273672511921773,0.30778518757315354,0.35498150559997266,0.16283493858116985,0.7490379877810226,0.7627451350050101,0.6631793371468119,0.6163212743975092,0.16728653920716322,0.5526005172543405,0.6373467973623925,-0.6160948522851959,-0.638583304695175,-0.2447176573890896,0.0314363140256204,0.5535482127983727,0.47773181290618266,0.1550713220339836,-0.29427197660019294,0.3462716272476791,0.40526538111759774,0.21179853745487073,0.5936768509214028,0.4480720990615873,-0.5611558413285798,-0.29042554339756693,-0.3599848431334819,-0.33386602579984087,-0.7083310743823771,-0.14810578847887557,-0.6040228535756457,-0.6522592896758228,0.39647606593350615,-0.045197599777350946,0.4601605666229386,-0.28443471614216875,0.4943753131805962,0.5487252538286848,-0.13003460684050178,0.31128378043267685,-0.4676756656769287,0.5646522807951027,-0.06537299086234918,0.28991010681208323,-0.3669811494543892,-0.06469844824101602,-0.5102628318728655,-0.38993572952746186,-0.3608390771744432,0.21974159080947256,-0.2716854301496141,0.06781763787423135,0.37906035536020577
-0.39492749330645094,-0.1100061667037878,-0.16865019618384997,0.25922477833391183,0.35396729812381733,-0.07482803873284438,0.247078383890098,0.3920110555884691,-0.2538650244412462,0.48914049768489115,0.1239562430754257,0.2504204539169553,0.37166729559630085,0.2547648108868798,0.3212519793473201,-0.1417022958003998,0.0,0.22009664232975168,0.6228845414814462,-0.40386526486598456,0.4456865337281188,0.8207681811497765,0.6878382320811912,0.5287625633463985,0.565079679779442,0.4693249474524015,-0.599289328011838,0.605475300251285,-0.1587513694264211,0.6031522910970221,-0.34732033727480577,-0.26525964688056786,-0.6475045733823285,-0.3504047647430067,-0.4203398854736935,-0.5806030751807733,-0.6325926664234858,-0.400854850969559,-0.5019043770387593,0.5422320678837921,-0.5917864128947934,0.06687964383737428,0.19709140706622078,-0.3924156769775606,-0.5090798058680355,-0.7294112336580819,0.48942123804939264,-0.15268944779626892,-0.6865753412636971,-0.7407093111392582,0.09369419791929982,-0.3063134107156983,0.058435477234887824,-0.2820671761663455,-0.08592217281880608,0.11661989302206538,0.22840986202562494,-0.17005375194616376,0.42977069816966756,-0.15814515266102072,0.16905383715260117,-0.18468954029666007,0.06630752395554339,0.1076719759370444,0.5847539365190538,-0.2439360160810104,0.5996149902842463,0.6106647632366988,0.48649428085452867,0.40651029441416703,0.5822572882520874,0.7478373384798626,0.13694129528681323,0.7617832979099424,0.7842053206575533,0.44152336597191955,0.24681528908872805,0.6085494814841209,-0.036381088680078555,-0.5159916119707364,0.5230719237685233,-0.003523653765871522,0.2617166565587559,0.48389293876963724,-0.17115967838842547,0.8351266277715793,-0.536558809609519,0.6838912301691703,-0.3220634777772069,0.015255721760390332,-0.7313845427257372,-0.15721718265817225,0.5864807495805073,0.7210243493102542,0.8229696082020284,-0.2505084810684676,-0.32625130555313164,0.8019393371434779,-0.3273649847529503,-0.6556129725046353
0.2914342915572283,0.6727265708922205,0.8223916109979268,0.4397538244416649,-0.05317639893626704,0.6704556565794976,0.8110189939850814,0.45328415009711687,0.6218813504687851,-0.19378080861797517,-0.5210797566449171,-0.5453689682404073,-0.40962133806799933,-0.5440061509964488,-0.5105311911583439,0.7603223659723558,0.22009664232975168,0.0,0.5282639572065785,0.4945715565934842,0.8564869502354291,0.07971137851275177,-0.06519914809359208,-0.16765718570486074,0.008695436611765792,-0.5749287978362475,-0.17064861686347169,-0.24284471127968782,0.3024873519229309,-0.2637337680820889,-0.49409634792654084,0.3871149061815134,0.17427266838947833,0.47645301072360924,0.06123371053983062,0.490389643855952,-0.09223850935949258,-0.023326442660570476,0.3949561710408002,0.28113317024138484,0.002887798254724294,-0.34012518349959053,-0.26259347071905886,-0.38979975089657115,-0.5071952201995226,-0.3824967732020175,0.590433302987855,0.13521916217595273,0.1508741233346567,0.04854040907506281,0.29357484459292227,0.7510751212576701,0.7755395815897356,0.4148911966782908,0.7269363540325606,0.5259729504215367,0.8117388741475795,0.6833491553858715,-0.4008570535659041,-0.6041152446365486,-0.06673730219612814,0.13889268694636614,0.7327088896327218,0.5642235692085619,0.5376453374153922,-0.29510171697186305,0.7028672505659986,0.7801525615273978,0.4460598528496523,0.9086514982552159,0.7585517047720264,-0.1790254306431467,-0.20238747564233142,0.013189951956309386,0.09302119160613569,-0.4640641671848068,0.21610349158895376,-0.34663106685836614,-0.529851459820351,0.3250506459024102,0.22583225154089256,0.3746903985985395,-0.18774749103905483,0.6456978101354074,0.2958953089247552,0.24496540018482824,0.10753484233525835,-0.07503998025164127,0.6556715959722383,-0.015575374443209495,0.004146874275370628,-0.1656788373674522,0.2240681892898357,-0.1731469731674125,0.021650614367811905,-0.3815111758683503,0.001487106071249803,0.10238594535598906,0.22718447197462394,0.19552176035668606
-0.2234633879794219,0.21453548496545935,0.18631421514302102,0.11677586645874655,0.09995652888412569,0.2452417264456133,0.29131599565347877,0.11230186629942322,0.13192642652881398,-0.14092344626918027,-0.36377494987473136,-0.13742736766786687,-0.22170917511666338,-0.1373188694277144,-0.10115099866539584,0.21586083418477264,0.6228845414814462,0.5282639572065785,0.0,0.18931076486260212,0.6615801817467796,0.17590449218629084,0.0009310000088282531,0.012585532131874659,0.19888849740749504,-0.19389245625003404,-0.07318022747753646,-0.03985584497770083,0.16935929304013247,0.010907433725317703,-0.22089361179611255,-0.05955366411184548,-0.1487252975629647,0.3136655591832863,0.2149557686505571,-0.16417390551259634,-0.16946113631387735,-0.4175886613604618,-0.00855512329909304,0.08274646024826013,-0.02010847133037457,0.2203973200532356,0.22267532765729053,-0.379918653811091,-0.2441468429207696,-0.41320823524281675,0.723212469570069,0.21163531286358966,-0.15116018608500173,-0.23622097899041322,0.17632948490449082,0.18638927780528924,0.5032721565892168,-0.09263928240419304,0.16149193053860225,0.056397943535473775,0.33725976646963707,0.1944004347378109,-0.21986787206358469,-0.4611114517686863,-0.1616503234001818,-0.09215248148108818,0.24851142048467004,0.009624538864143982,0.24456625321453207,-0.05990906793140227,0.41544222087034094,0.5843691518130647,0.5493092642969564,0.4237758969471028,0.37416639066970275,0.19577206394866561,-0.12300513945225545,0.09648363716900824,0.18372055210925642,-0.03386672483263253,0.16810159232413502,-0.04809239647451808,-0.1704639006992046,0.014966608781624738,0.30670630518930847,0.3420488141281479,0.06376010384133286,0.559087990406685,0.002643413027401734,0.2942300276114217,-0.06662356386985625,0.01780638823221816,0.00477990012012327,-0.2525240750856762,-0.1017799405853123,0.16022247256829641,0.002694089318606889,0.17503751010741878,0.22585250309255855,-0.3522020192839663,-0.47784758285233087,0.2800044475051414,-0.10962116813213384,-0.22526521381692874
0.6017276630748306,0.3638961496837622,0.6037520093703562,-0.040323557609244644,-0.47514593605286803,0.4219143974635536,0.20107907118784743,-0.42704653696568806,0.3418861547556807,-0.6740286965417019,-0.6297562872036152,-0.7259788052206017,-0.6996050291199507,-0.6313686942711224,-0.5996546933053619,0.6006407311451855,-0.40386526486598456,0.4945715565934842,0.18931076486260212,0.0,0.3077769782592614,-0.6362794316622148,-0.6799484566099254,-0.4993560443907257,-0.5080823891157565,-0.8210984049446467,0.6347697132608414,-0.7119410097633975,0.521001877868567,-0.7618702823778629,0.06958731645946209,0.4995968871056055,0.763923079591531,0.8604369257364909,0.7301716506358311,0.7505783655655276,0.7024900051482692,0.2820747624626384,0.8330528541131718,-0.14604870282691815,0.7646264532134779,-0.23417313420235714,0.056090647266876445,0.21133750768288773,0.1910842026550462,0.3711775381227595,0.2977946970696769,0.5525692400737613,0.7941429964865309,0.7962040939543534,0.33727807899160905,0.49165926012631067,0.5273095810121464,0.3444869801108651,0.24778787436635744,0.044025256206292766,0.08462626268789585,0.3132582911495002,-0.7602195807016936,-0.5225211529929288,-0.36832509197086877,0.15096530236532038,0.4514295530532349,0.19448896303566002,-0.21296811717326536,0.0078059097029377685,0.06571925182910951,0.08421321889306199,0.04622205802062746,0.17872480533688695,0.06769249730184645,-0.8102998155298423,-0.36807664896567893,-0.6491324503035416,-0.629726379879051,-0.7860961197428661,0.1437352068128721,-0.8064582912009319,-0.16207847085729934,0.7143274461686989,-0.1197831489565441,0.58646408711609,-0.24345963662941317,0.1874069711581408,0.48051014339897413,-0.5479253825781786,0.8050849115203973,-0.6547535821751965,0.7839581926704704,0.08885288983813365,0.7587921671160192,0.16227311677411183,-0.3039569138783571,-0.8165735885014781,-0.6906103481021989,0.06362053436137072,0.19382483383755594,-0.5689458636318948,0.5114910167933325,0.8396610970766286
