Var0,Var1,Var2,Var3,Var4,Var5,Var6,Var7,Var8,Var9,Var10,Var11,Var12,Var13,Var14,Var15,Var16,Var17,Var18,Var19,Var20,Var21,Var22,Var23,Var24,Var25,Var26,Var27,Var28,Var29,Var30,Var31,Var32,Var33,Var34,Var35,Var36,Var37,Var38,Var39,Var40,Var41,Var42,Var43,Var44,Var45,Var46,Var47,Var48,Var49,Var50,Var51,Var52,Var53,Var54,Var55,Var56,Var57,Var58,Var59,Var60,Var61,Var62,Var63,Var64,Var65,Var66,Var67,Var68,Var69,Var70,Var71,Var72,Var73,Var74,Var75,Var76,Var77,Var78,Var79,Var80,Var81,Var82,Var83,Var84,Var85,Var86,Var87,Var88,Var89,Var90,Var91,Var92,Var93,Var94,Var95,Var96,Var97,Var98,Var99
0.0,13.044165542678526,10.73466447532371,15.597013734057729,11.113919186786498,12.366903367029575,11.827435129283591,12.758043581420974,13.299939572649018,14.317403078809306,13.961097648765016,13.81599575112052,18.732672447034684,24.28530035529376,24.25677592717201,10.198808015668895,20.53300867792564,21.99724261886261,23.336350837609334,21.95372293767402,24.5105956339252,17.915727028397892,24.2544806622614,16.73885356685392,20.784910181377807,15.357229288594205,22.782329879995068,24.94981202555173,21.964986969645988,24.59220556235753,21.352504292608945,21.097427385407617,16.84340070590778,23.2785940268205,19.673871598972635,16.635818418731517,18.899727193824177,10.160922867010433,10.279877042647424,12.201743937825809,14.23603452520762,17.056838021107986,14.68510490094738,17.93287227578858,18.47015433535496,23.480125162164143,23.437660137391163,24.348102386732425,12.851707638011067,15.429197227723767,16.93931391214436,11.933407990332224,14.040628122523067,13.992345904270268,11.12529735497745,11.905481851211132,14.243887301800592,14.628943746477756,16.817645400350195,20.87956614966904,16.69654103814114,20.81099945693312,24.13912693316654,24.906352299821062,25.04084907312906,24.16520854675908,13.78910708004688,23.849363585456263,23.206878773836987,22.76793265226997,24.106132074968237,21.29595687161198,24.05340839390969,13.038585957273304,21.395874401303303,18.412337234736697,22.49874667281792,24.628271499516007,20.9798644530929,21.6808888508503,23.46776313357785,22.23483183234969,19.94266676590044,19.848776467417384,23.484953594879467,23.598711987536277,19.09115943698169,24.09359978297061,20.388676093246104,17.681699360408224,15.839366513851717,12.681345199328478,11.598818987539572,18.237886805822612,14.98871668257521,16.923878310528256,23.975720807934657,24.25004642408083,12.674596281961696,16.31940512295694
13.044165542678526,0.0,8.575803393552718,9.809836762765684,8.811263890371055,10.34784683199969,8.787408102484083,8.712068219113437,10.34176878209324,10.198007982492868,12.15687677076791,9.857007775361351,15.930498367653945,22.79259156673184,22.564315241525428,7.959564846024967,17.659946127460994,20.12331381725186,21.915458862447053,20.76875585289428,23.30497517674745,14.325935102277784,22.64797734965888,14.30455577446702,21.77655883630687,10.872211289188863,19.717406637954667,23.47924368901257,21.04801815457552,22.706151886828252,21.20992493569455,21.88018277262413,16.795932428557247,21.81377139336313,16.01827324371563,13.20743225927576,17.29926549298957,10.672873552112875,10.24660136079575,9.386096941025384,13.629780481780822,13.631157549679182,10.055079572396371,16.326975286158458,14.045318118594356,22.36243558667764,22.57655508508177,23.527610186283862,12.236653071455574,14.37992887621057,15.790383987194105,9.959852320368276,9.3277724401331,12.446152692907258,10.70002932096338,10.963830249219347,9.302635648053547,10.7269220961316,12.9108451409641,18.216509505577694,14.089372111222003,19.169457120351854,22.62358017954248,23.892889117918767,24.18714708097958,22.35329997975415,10.306639242456074,22.36068178122331,22.107858612579275,20.665873641515024,22.85939770905964,18.075235268601467,21.728473874975077,9.568761695759628,19.43032514340684,14.74150694007468,20.852389572058215,22.114992065002404,19.761034377170105,21.01124562749258,20.992263426693484,21.21825246372157,16.35964813419549,15.527835825308978,19.92865105709827,21.812812134603675,17.68485683192204,22.263661302667767,18.245047440776798,15.907137701728104,15.633426359077395,12.015265840299902,9.544105155853243,14.083758901952104,11.515739715475378,16.99522642915138,22.8494718882159,23.15106349902366,12.470433168502613,15.730959163916426
10.73466447532371,8.575803393552718,0.0,13.12397255132627,7.355543458178063,7.346826658597663,6.6747055191365545,8.170636492548,9.46276737393945,10.966713945628442,11.629849754823857,8.883554817174431,16.64485261317723,25.13725067347575,25.084267711384328,6.732586504550792,19.10151564582645,22.666927783732124,24.40040809780044,23.441418391975866,25.647149694135425,15.509424997327326,25.181081432847048,13.954274013180395,21.3715824339506,10.941521887467138,22.48020748819928,25.59443123927169,23.460329034576382,25.110937922290454,23.359357034094657,22.068162280333738,18.536833040329423,23.994743990086384,17.940651115868278,14.88994358485809,19.234673352565807,9.076783835980743,7.085451262407577,8.054412722341333,14.476169043184944,16.39377723702492,11.692439501163149,18.286979696875356,17.079651504950675,24.647787024413727,24.51173907152615,25.70193394497651,11.186993809092638,15.946237321271257,17.744050514830832,8.48908232497857,10.81936730020898,13.143393963680566,7.714705137359464,6.0705586651546,9.734176525500397,11.679258787895538,13.773947040159053,19.580023893691934,13.34978721108688,19.99411667132121,24.30411614973551,25.85374776055022,26.207885698337325,24.73344776905546,9.891217732320404,24.302589341827836,24.32502375633793,23.4601059985088,25.13113294005533,20.22350586551,24.214812090092504,7.733557419566323,20.690574463260724,15.138038603480656,23.137930570074285,24.61436938024949,21.567592161457284,22.374205883660995,23.0228060719822,23.54973213669036,18.885627788648,17.7446360449818,22.685295466559307,24.38393702764171,18.92121415234888,24.6990863480245,20.858323190648274,17.35161446142027,16.314707993567968,9.241702842665866,5.918493117257214,16.058601481358526,12.18930532905421,18.397242881060663,24.99925713953,25.21058580285033,11.285429264471178,16.378834296885646
15.597013734057729,9.809836762765684,13.12397255132627,0.0,10.468835779120742,13.85507178032756,13.513152618786492,13.10942278351576,12.203970711647615,12.672162404872608,17.13550776397615,14.141874988447796,14.866061647320644,18.687458400787857,18.0644080686775,10.26377629177396,15.444527200793546,16.147921947741043,18.200288830989017,16.528707925399075,19.05366166516915,12.85463026729474,18.785165710268803,16.157998533063168,21.3581572131997,14.979447584905795,16.30650762112974,20.720754479764587,17.243904313895825,18.479331577005976,19.20459067564138,18.15110442538024,12.379553350612865,17.810883029205048,12.508456305539733,13.716975180035773,14.881967559747093,12.955209498173057,13.72605310201801,13.386676153126182,13.826615172012197,15.263975438889393,10.970839381737992,16.225154734823914,12.335522708959044,18.84040062970584,19.450847163447293,19.705714486145823,13.225561185589989,12.53356177452262,11.61172650544566,10.793351495416887,8.039815068454912,9.40065163625445,14.772436708778306,14.18302086343902,12.850726468917143,9.845642525851115,13.616997589762226,19.058782421260965,17.043878172444398,16.6393665595919,18.64261698780697,19.914463735809623,20.260000303592093,17.690213906071275,12.91023795421789,18.540805616197105,18.14168214549869,16.692385321858435,18.385857412039343,14.489133424672998,17.481672749813093,13.942489448934715,15.931269335379223,16.10766443094463,17.802255958987597,18.21381811065587,17.139199910675565,17.158544968857356,17.216348703974926,16.87305759727226,14.74351053491866,12.748375035954142,16.603974558590643,17.421127537432298,15.750353285754134,19.63254606258509,14.8741492761776,14.133466330986792,12.68987946940472,14.8136006174369,13.657596346516156,14.382593671990302,12.425010279357435,16.67267262304711,19.402446290362345,18.878582151360007,14.115785258079324,13.360863163966672
11.113919186786498,8.811263890371055,7.355543458178063,10.468835779120742,0.0,7.849004781351934,9.200378152965806,9.18518355104334,9.381302391941793,11.331494799547686,13.14273001505167,10.450481114255563,16.37108097164263,23.64261119824149,23.116624676259956,7.323071659406044,18.156336261906496,20.133960884873936,22.71676583311718,21.005911539650302,23.78661291301814,14.03398676007351,23.506372825571887,13.800372890554096,21.436708225965667,12.250513178923832,20.906175959805363,24.06325288459689,21.37888996269097,23.180341336048897,21.543758843475818,20.65397225342089,16.37020532795336,21.735387281590043,15.365520153488015,13.891997924589395,17.22437352212936,9.620562764776526,8.782678149663976,8.862266132836757,12.8611143657868,16.11180130144686,10.645781207123033,17.131392739133094,16.277648484144844,22.919035211472583,23.206916570002186,24.0738188719294,10.474025240519806,13.788274579096342,15.674227015761826,8.572705919797484,10.288804757360074,9.39841282643871,7.999403347327829,8.742361573282151,10.661666111741896,9.361769732019406,14.552584449407764,19.522469929342478,15.06241281687652,19.233728620334062,23.162341079986724,24.62984825526343,24.74985663304855,23.03221657320321,11.232985809932153,22.919639130155907,22.30163230460499,21.08125175150891,23.32047236144803,18.39558519035089,22.82012264955646,10.500114024390458,19.605780238940767,15.402823011466792,21.532765492700616,22.992715873915063,19.68299668090185,20.94536759427662,21.23002504124313,21.109449318690192,17.018075404894336,15.52587627651916,21.34774217274912,22.239149416630287,16.797262351767905,23.113922174625092,18.179421968233235,15.573630864172626,14.706073365536174,12.476092709031317,9.499321520706935,15.419316779088064,10.919707550330465,16.904450997493054,23.511317398515587,23.466662616011018,11.465853986561514,14.872320622319828
12.366903367029575,10.34784683199969,7.346826658597663,13.85507178032756,7.849004781351934,0.0,7.135657228051711,7.042167228088212,6.928966229381187,9.278984518853903,11.645381953602069,7.674909332720974,15.738680984374628,24.72193355840777,24.320981987248828,9.596833663261808,18.664357714042698,21.26021205065518,24.00327884137761,22.720908379641,24.719447124431376,15.297356904980845,24.67546680393089,12.435680443839184,22.14397865122025,9.784645622782175,22.475898135360158,24.475708806570623,22.38209107965168,24.26308984208198,22.697281633535603,22.2400325173148,18.954854044681447,22.8682824315898,17.25707359764726,13.032891691898012,18.083169619650413,11.395949526443674,9.189606597156985,6.999776246228559,13.07219630452941,16.22696483288779,11.947611111188532,17.963491561310722,17.768211809147374,24.344402102508155,24.27127022696755,25.274074778211283,9.398145560275388,14.77592322634321,17.509440598946973,10.42103389772064,13.064944132657915,13.976169984497504,5.871559921611022,5.721861884819525,9.020297602335654,9.55668390830347,13.124424934184086,18.380874172250245,11.813884000246292,19.097172362049623,23.69301197944811,25.46142825979747,25.553717844854884,23.77850398811413,9.036581185976196,23.97841282657568,23.175446449270478,21.89205945465733,24.40663124375291,19.06910203194541,23.58378248755436,7.930022868118002,19.62421582380631,14.236653681656533,21.8175201519866,23.610581492703137,20.151128160281665,22.022640623529785,21.91112331601677,22.367575271774143,17.435513339122878,16.6181829508363,22.13151905219656,23.49312579267405,16.480945196853398,23.348526535448517,18.863188458176307,14.790135658348728,16.4922971309742,11.473894201942755,8.42084067217578,14.596739297383746,10.37721688696532,17.409381173240778,24.56203431621315,24.39560515651051,9.117790402671885,15.477265589092198
11.827435129283591,8.787408102484083,6.6747055191365545,13.513152618786492,9.200378152965806,7.135657228051711,0.0,4.836360258613664,7.177033780569864,8.66281660680871,11.36590396666487,7.002867540569773,15.782885068918436,24.821534939340623,24.505363530070724,8.045810167306428,18.8478103426868,21.555689865645085,23.95043696208525,23.329554947622142,24.853212448479034,16.003007428835033,24.60900036603324,12.380675667878837,22.27990788842719,8.918241223872013,22.97914663560585,24.932539767484105,22.781214744367283,24.769223527967277,23.119630964860484,23.011000177303828,19.25075465120012,23.2047361929668,18.55566210329292,13.57585217108192,19.268953705453452,10.732103273183974,8.969336642761043,5.954106364061575,13.641522361721709,15.503012596214504,12.284535671636467,18.67059018631708,17.684567898914395,25.121057555479386,24.846155740589,25.82291794075484,12.039837334890167,16.248354008807567,17.974325084129553,10.2863803083457,12.390768178695335,14.881777206211352,7.741484404606567,6.666332951435052,6.835521808109314,10.167606669110755,13.470571632416858,18.98165592742254,12.574686177504454,19.56870517317232,23.703008696091715,25.60662759017883,25.617939090670983,24.229372724324367,6.935572821184427,23.847331227621524,23.390311785508107,21.979403011307284,24.66566165885197,19.11241612103275,23.411658951049063,5.972755618524635,20.0940422953314,14.930223287566038,22.100265912120623,23.83595699797404,20.672174369356608,22.654022617533,21.941122418503728,23.10428346366804,18.87496381111717,17.861296667848663,22.47762681222444,24.034817251538435,18.428174500748728,24.33959442031859,19.80222948193148,15.998054178549244,17.761504496242654,10.63258002565656,7.951469146883134,15.526275726143863,12.485825049108982,18.811720648940195,25.297788976330686,25.01707691218584,10.56905371570897,16.653180561065977
12.758043581420974,8.712068219113437,8.170636492548,13.10942278351576,9.18518355104334,7.042167228088212,4.836360258613664,0.0,5.537570882144073,9.756895623551255,11.743774234850502,8.052921618547185,14.869459161888736,24.1578466003101,23.7750147990712,9.304332219009297,17.952021744803844,20.153696904903533,23.232138286595266,22.398599550737583,23.999360156948043,15.72378939980799,23.94042833349744,11.658095408319015,22.53669872355901,9.833917709793658,22.63169651461259,24.53461315032118,21.722892673704933,23.993666321561893,22.651331384380807,22.96185893161289,18.972679939290277,22.016582424054565,17.697898520562923,11.540046852278982,18.654365340506,12.072430193698276,10.764264780404492,6.629943749429933,12.822787265502118,15.902019101824951,12.893298446729904,18.595867387790044,17.468704469807008,24.750910281940072,24.353290323024027,25.21911286502554,11.810394325934617,14.927314645930636,17.205736782783664,10.272660075645351,12.129055040885952,14.937928227118988,8.38601337410567,7.363120848532366,4.276445104852705,8.537848178625095,13.420719503659024,17.560023251982365,12.136111095926491,18.56915267709787,22.821291971251085,25.09991601347144,24.9866188189166,23.501507404369903,5.832884871811657,23.057181731733465,22.43115704436495,20.61167121154523,23.788831967834312,17.904914711840668,22.726490282278743,7.098171761896834,19.041960414921306,15.095117847981737,21.234904549359022,22.960518697937456,19.858299157112658,22.27658996021909,20.97873733947442,22.15258423550851,18.409020895839312,16.8470488843672,22.154901254264445,23.18786787663371,17.202543542359052,23.68575492648511,18.203292510881887,14.361796888396675,17.90554447823711,11.694794564143344,9.38222591801727,15.28033195066214,12.705805378635947,18.866858069478248,24.884255294106627,24.30517096238099,9.89949757365551,15.576571452495967
13.299939572649018,10.34176878209324,9.46276737393945,12.203970711647615,9.381302391941793,6.928966229381187,7.177033780569864,5.537570882144073,0.0,9.327934602978884,12.772701513849931,8.391732208219704,13.780545377618395,23.08554806300993,22.77768258460202,9.68852354219048,16.572953952243978,18.968195001568603,22.157966802552508,21.0494262472999,23.07970104201927,14.144954172143535,23.257388507136675,10.924434909160514,22.82395460145706,9.93730897199606,21.416704948550056,23.52976075534693,20.328058434031032,22.915118991545125,22.452609044241488,21.76531581530507,17.69747066388974,20.729093043511483,16.35815027245842,10.986998447970102,17.096698167909352,12.3746558699202,11.020039826681574,7.308705700870857,11.028078165383295,16.234004707865495,12.101804410360463,17.7665409970336,16.6027541242043,23.580547212544808,23.336352551342284,24.157050387452177,10.06380367435806,13.06657316472741,16.72205646754614,11.027443022018414,12.284538239927317,13.809301903054324,8.807811547985803,6.999046321214911,7.242337031502907,6.823270456161149,11.833657329709544,16.704466862000636,11.452065176476752,17.598293278930907,21.89777904447853,24.244276810241256,24.178316524900183,22.33345269546016,6.097755403320294,22.22599421121985,21.782812982120127,20.000797841033982,22.86084000423566,17.439472722451303,22.12307729142164,7.654451215809871,17.42238218584003,14.937055068959197,20.34651662120998,22.346078426052703,19.384930179741843,21.21754905335936,20.350551431858516,20.640713365161933,17.69908760093237,16.243298691837623,21.192372186192,22.32213865920718,15.621949164447305,22.77246027553941,16.95323950504781,12.40025823025617,16.670731775602327,12.461928159189274,10.19905310103159,14.905298078899138,11.728755798689743,17.936804858918084,23.80645666105773,23.278498885671176,8.196785581809529,13.817558751244263
14.317403078809306,10.198007982492868,10.966713945628442,12.672162404872608,11.331494799547686,9.278984518853903,8.66281660680871,9.756895623551255,9.327934602978884,0.0,13.825631111447471,7.567317383422639,15.158678682881384,22.6994339217972,22.09155876346844,10.610192308273252,17.899876447434455,19.968830397149265,22.38669068560058,21.18933615647624,22.75927848271411,15.29242190369098,22.66256590543812,14.040855520223632,20.56211722654053,9.25821174856256,20.83282613201258,22.667348895061146,20.69010115513169,22.715241206053165,20.7158259870335,21.31285849100525,17.398242869862766,21.2780235380329,17.0594071741304,13.49851644861341,17.52214547438821,11.559227212511813,10.992091578454046,7.076297128834076,13.259039913325058,13.399054850044784,10.967332207986196,17.027580238430495,15.459640155094764,22.886290117083558,22.951270035574662,23.687645630014305,11.552514931796743,14.642219817639774,16.715363358280758,11.933589730817893,13.2512544402728,13.91209037219057,10.086596199032584,10.622520206558706,10.253190481464578,10.629169811476098,11.360635443425542,18.590600769161256,13.518600931720467,18.377559339412077,22.047714289833653,23.607264208868614,23.561989391723507,21.51224551740818,9.554742784956002,22.38314214150785,21.764431639528105,20.26739427729304,22.460206322862643,18.782114663547755,21.56486753339752,9.179899122149036,19.023997183808227,13.93941228812576,20.239593299492302,21.634409772697847,18.17424925571529,20.38585316864029,20.98533434187067,20.859975730823027,16.446623009933926,16.481025273146823,20.28361559071563,21.992987384563623,16.551958917079926,22.339994097974472,17.791873097235044,14.1792383059589,15.644850773163409,12.41730972772014,10.9313030033156,13.728571008709768,11.544883399640508,16.534872136162072,23.106373035689447,22.617044161809577,11.434054727305629,15.803679535305086
13.961097648765016,12.15687677076791,11.629849754823857,17.13550776397615,13.14273001505167,11.645381953602069,11.36590396666487,11.743774234850502,12.772701513849931,13.825631111447471,0.0,9.766560634903762,18.65079819985611,25.5910510092926,25.509377885923143,13.409234492999303,20.108601056135537,22.70683557868538,24.64727912971936,23.49850351282599,25.568852727010093,16.9864732595584,25.14058417774137,13.445048493668455,20.71078745290413,10.9654171942098,23.354805373817552,25.32058548123782,24.111451119124453,25.06770031275316,23.55964862565587,23.33376308694984,21.13741442015274,24.19517560854684,19.28094749200912,16.730494306003852,21.21905100521449,14.15437477282586,12.836102352470215,12.81558857381115,16.28897448271577,16.08743362341024,14.853244482260012,19.77070872421923,19.477989119980347,25.219076647220987,25.11645111307509,25.73637593961029,13.85037868414964,18.79663751699272,20.15565124990084,14.54170686337366,16.868203369129187,17.537152515242415,11.96339537639616,11.619930379148975,13.76910204760086,15.252674785154468,16.130999150585744,16.942252215666233,12.018724200204264,21.81835020727196,25.32240010271541,26.1807501100022,26.09011772845672,25.50902876698093,13.986889361290771,25.046046707915963,24.85189004431989,23.5346711878498,25.32263682898044,21.44001380758182,25.024072085399236,11.505792568763535,21.650319323019964,14.27269560244246,24.00165993811267,25.2455387096054,22.97434916130065,24.136284324532188,23.81206503963261,24.294340954498743,20.045943496309388,19.06556267611105,24.042603742778823,25.278288148552576,21.00491907043856,24.457555396345825,21.908853860081187,19.11567206179123,19.65758263288785,14.82213403909434,12.522330071828977,16.835357942019556,14.15754082696674,19.50102034448089,25.334281476872768,26.046112807182872,13.416082765371227,19.47583474367489
13.81599575112052,9.857007775361351,8.883554817174431,14.141874988447796,10.450481114255563,7.674909332720974,7.002867540569773,8.052921618547185,8.391732208219704,7.567317383422639,9.766560634903762,0.0,15.476726492256292,24.814802752198105,24.37293840892241,9.656732234354454,18.327026684495365,21.753703663545696,23.88123383973528,23.003961797825085,24.864327508757142,15.778615118213574,24.65206167988077,11.749102151790064,21.154571039129717,6.325214494912305,22.324044371534217,24.401005796683485,22.81781746597631,24.559887523039382,22.851022491631177,23.19976973151393,19.94837904137277,23.164429957570835,17.607803596928267,14.33389616664057,19.513038230195203,11.91912888526483,10.354407731866258,7.162710385064276,13.970438180857393,14.7300328683174,12.117704334211671,18.281939239487738,17.22603770142076,24.78294371385856,24.851032910808943,25.76488418902427,11.0981741819953,16.39485218649839,19.09961408281803,11.793240225963997,13.728560280098272,14.560040977896785,8.725922231720562,7.867501975693617,9.814740378563403,11.169534038060531,12.38145792881383,16.916614836583364,10.33237613025151,19.21653362661779,23.739649013845742,25.58785149390358,25.55730811903528,23.988033393461222,9.181741790505974,23.88866408527173,23.608573836666096,22.296285362329776,24.478347395140144,19.74162388126759,23.66144822739213,7.801863635919848,19.271536335788845,12.155663940388068,22.26959823242005,23.73474934960519,21.063162090841413,23.06567984678648,22.224110198802936,22.96924917921841,18.308428952465757,17.343787729645936,22.194826063541637,24.20873784056888,18.488450540167072,23.864740923475185,19.842446742857938,15.519489720446348,18.258176604014743,12.20698715141292,9.980493942666758,14.85217223188135,11.72181375843942,18.07934192706355,25.08233546832228,24.93296998569692,10.381931940643634,17.063658013537953
18.732672447034684,15.930498367653945,16.64485261317723,14.866061647320644,16.37108097164263,15.738680984374628,15.782885068918436,14.869459161888736,13.780545377618395,15.158678682881384,18.65079819985611,15.476726492256292,0.0,17.642571646345914,17.80788703997923,15.41814106789583,10.381632448342156,15.83604546994475,16.849268326701424,17.95308695439147,18.628530898191205,11.200719456547043,18.60403354085113,13.23326023974553,21.33642092695624,16.17533490798156,16.65610214142514,18.36426937242076,15.950705764936632,18.525445156447347,20.377182468818532,19.20115850338016,17.870393704247725,16.610497900221915,13.49647635461604,14.417380713013298,15.944175998065992,18.38445134181248,16.914763237690178,15.18926500830671,14.886824441402972,17.1143207711829,14.113312346356214,19.00936749241006,16.106627795090848,19.53865872849504,19.18584113939134,19.257649497334132,17.0427209788382,14.840212342861594,16.84917112501158,15.9551445604245,14.886730005714137,16.550088852501883,16.551015890999782,15.866079756933225,14.93988984027487,13.63988576139898,14.704491752479584,15.997530900160822,14.264156897995797,8.44634979479378,14.679756682863736,18.71834681635452,19.515637873158443,17.43452862678111,13.81709518154194,15.631159539753604,17.974889381570158,17.16645311796479,18.251167264654924,13.224239545725537,17.45771239201535,15.239077751980991,11.527153959232772,16.38937689638594,16.66998631497823,17.427365822414643,18.58889301895168,19.5752865410824,16.016379338076383,17.211810257451774,16.690027065997718,13.306053622919416,16.938685669670424,17.49837106408392,14.320227502282126,18.866973453924164,15.89158587073238,13.84497254090718,17.990513648294137,16.684347623772908,16.686060859574205,15.965329771586935,14.62671514395936,19.175683176151217,19.378428403621736,18.52509892884972,15.991847626840295,14.681856955956365
24.28530035529376,22.79259156673184,25.13725067347575,18.687458400787857,23.64261119824149,24.72193355840777,24.821534939340623,24.1578466003101,23.08554806300993,22.6994339217972,25.5910510092926,24.814802752198105,17.642571646345914,0.0,4.701896801213548,23.361132330921897,14.67462504017646,10.25142523913863,6.812432983651975,9.688033684301116,5.294604735677776,17.575825385765892,5.253020381461032,22.84669172770633,18.83523418820882,24.352329655261062,11.221840122438504,9.36824137733567,8.545233284580194,6.980093651743482,13.738515089270804,15.108487455114062,16.109397787090188,8.258032769126423,15.307628465317311,19.927758795044436,15.78560842788097,24.29309735914994,24.805987068370804,24.649569572186145,20.922305180590467,20.21021582167584,21.21291777716301,19.25545089553607,17.488512898763314,9.543585272805908,8.696405233830333,6.0558543147452415,23.448741996188065,18.47784447920449,16.331254596140674,22.31067867411297,19.88369935812235,20.273405946670547,25.050986315722145,25.098658548697617,22.98388715290512,21.07399864303076,20.763316321542565,19.600714612502475,23.54881359831673,14.872737272029209,7.073600167282985,4.640349128535671,5.615362444497804,5.486894975209478,22.89563353687757,6.9275367713066895,8.406216134968421,9.63864390568609,5.585917597667336,13.4339400705824,6.352214048513895,24.5765106558671,14.682510184391672,21.84261571193193,9.855520332925812,7.511979346034687,14.475723530943476,12.80940813119745,10.997283827362564,9.61156142184876,16.807018816909302,16.282784230081557,11.128546356163048,6.8149250961193335,16.49986774792245,11.588772445875492,13.848079324349795,18.43000732029941,18.140717681924468,23.24932341649841,24.737339300227895,19.4685705673207,21.825261840791544,19.504535049224188,9.30143417181549,6.783166334948068,23.60587429362292,18.44721729469521
24.25677592717201,22.564315241525428,25.084267711384328,18.0644080686775,23.116624676259956,24.320981987248828,24.505363530070724,23.7750147990712,22.77768258460202,22.09155876346844,25.509377885923143,24.37293840892241,17.80788703997923,4.701896801213548,0.0,23.18873608592634,14.957107385239734,9.208897701804112,6.673108156758378,8.529845415010309,4.2014471777718265,17.757870841492945,4.747224168014775,22.799833358733743,18.26111621745089,24.03170553080442,11.018044375529852,9.007571355733146,7.612301286869796,5.42155145832765,12.262641967148948,14.16385148274548,15.705269556976296,7.499825048497176,15.27049434238414,19.302689788287505,15.036503369346686,23.93630749923157,24.789523858683648,24.178704906335145,20.56808383635123,19.92446640210564,21.030416493264013,18.982685209880312,16.95194925683844,9.318054014253873,9.232041299970838,6.742591020124265,22.697082836914163,17.865858850725445,15.252434764915847,22.005760270165386,19.69678696333541,19.53708738035373,24.554900247929822,24.96999690754834,22.67664079321322,20.212051530052165,20.21004195885286,19.220415785286868,23.54232258895572,14.78150804977002,7.537377005200481,5.695512448919077,4.564244488339261,3.5613334507801198,22.596067632005877,6.823974787062624,7.593670350827647,8.122902953586493,3.847229163695969,13.296361129737642,6.514763161199049,24.35316458099471,14.54004012047644,21.169056867106388,8.45196103897998,5.9101397390552455,12.855732567387612,11.790096291550544,10.21706733835827,8.294579360185491,16.553301690919643,16.09845733902106,11.034852523446643,6.866425000542038,15.278290857672664,11.157163579940324,11.885705883950768,17.686794546408734,17.42631748878031,23.02294052389791,24.683606310394616,19.37035234950076,21.51833311972759,19.169416719143165,9.284206141619949,6.504966386864189,23.20481801275844,17.686523802349843
10.198808015668895,7.959564846024967,6.732586504550792,10.26377629177396,7.323071659406044,9.596833663261808,8.045810167306428,9.304332219009297,9.68852354219048,10.610192308273252,13.409234492999303,9.656732234354454,15.41814106789583,23.361132330921897,23.18873608592634,0.0,17.51007279397527,20.77294354330882,22.24537592327293,21.233282044445076,24.013883663176816,14.110486543919,23.393415187029543,14.380065216767637,21.9775975487266,11.39727651746001,20.214191854168472,24.01456396734133,21.19039087975133,23.54639344608558,21.988628068285657,21.440969454582127,16.07844046389993,22.197544591422645,15.6476094999178,14.678528865841647,17.41896712378921,8.994487896528096,7.990848257141695,8.919121550850672,12.969157382960368,15.814468032572178,10.665099928723809,16.558499822007683,15.08106025370711,22.69438965084184,23.03323797562257,24.07740351070576,11.317171620824974,14.065830983609056,15.63073387589164,8.284328812250301,7.883388390761292,10.05178195869357,10.12415589329813,8.313146419861244,10.594547899827973,10.948491390675787,13.678673976775151,19.62243887510339,14.091046584573578,18.60176848597336,22.722471176527844,24.26645133051013,24.77201323245024,22.933560465495717,10.117928141413184,22.229820668281725,22.196418257208343,21.59043719447459,23.392209179810024,18.23070340199965,22.300540281508773,9.42497143638697,18.780813298234538,15.517702740983808,21.084832825175937,22.91528462101484,20.444711262079885,21.463482757184075,21.303641425180658,21.33451718652652,16.854901916032034,16.077249857609402,20.728021743126437,22.27517650835344,17.668060847049034,23.01975900604477,19.039347309863604,15.396269509679597,14.74622047891816,10.36826436375516,7.67025900963214,15.492274731346171,11.477406779692949,16.63655795908842,23.2882069538519,23.334396605292135,11.202502504471424,14.841810824342067
20.53300867792564,17.659946127460994,19.10151564582645,15.444527200793546,18.156336261906496,18.664357714042698,18.8478103426868,17.952021744803844,16.572953952243978,17.899876447434455,20.108601056135537,18.327026684495365,10.381632448342156,14.67462504017646,14.957107385239734,17.51007279397527,0.0,11.75631885641706,12.462512296913289,14.220904440546784,15.545502548194522,10.470533191654903,15.43962294249768,14.237750634366671,20.83928492152273,18.761922368928296,15.055683547290654,17.011087043356873,12.807537065878597,16.348539437335216,18.82889626189233,18.052654990748007,17.072128730840703,12.298853944243564,11.997429724800488,13.443507291027036,14.420305622700637,20.54538033367015,19.75610656777596,18.764760759660632,15.626970855535824,18.292325102459056,16.679898277133997,19.38863501954801,15.651473531241312,17.60771540448202,16.711878946385813,16.972310907920182,18.00055367607003,15.075980562266516,16.35194656370311,18.026460811306578,15.445495268225054,16.510043384498935,19.32488867202771,18.483802966717377,17.732978467562464,15.269650577691102,16.32243978118252,16.278380474882407,17.331084888570118,11.946351029018698,13.731187803546874,16.07074320669715,16.617677789222036,15.073666705957995,16.41124437296846,12.172713776928871,15.309083791235548,14.354328133492157,15.282772650431657,13.470705382228903,15.153946123551924,18.00754961872875,10.27497466774974,17.89845710084789,13.822350456013694,15.937275130413829,18.345584960412022,18.93810354026448,12.548662037901272,14.524940025880465,17.740123393150323,13.940525794968506,16.551312301147004,15.360837861671444,14.637709496716967,17.70458770136528,13.622400704328586,14.925634272763046,18.387392156252712,19.01481701761249,19.53520829312509,16.70085081291456,18.015947283809894,19.83525208354541,18.041866919682978,16.762100058748207,16.791163653176373,14.222031340904342
21.99724261886261,20.12331381725186,22.666927783732124,16.147921947741043,20.133960884873936,21.26021205065518,21.555689865645085,20.153696904903533,18.968195001568603,19.968830397149265,22.70683557868538,21.753703663545696,15.83604546994475,10.25142523913863,9.208897701804112,20.77294354330882,11.75631885641706,0.0,8.698989513709249,7.10384535423604,8.491657274402543,14.87179299683958,9.423852747511384,19.246609239592868,20.50796336773101,21.770620491103845,13.998420929482585,13.650593082790442,8.446218404673779,10.458394445649924,15.270393486550043,15.464852252432928,15.173923950924468,5.524114345211077,13.53801366004655,14.382230554279346,13.796754798494115,22.514704800897608,22.569573317990024,21.5456065904732,16.598920492622206,19.65184168490741,19.815097559146587,18.791321201782047,16.605138982486164,14.250529773115488,13.436465263773208,11.984550043252405,19.386315890972327,14.708387557838032,14.234644882555642,19.986988861960555,17.81852538393358,17.525658687543718,21.717124432005413,21.782323152807685,19.26214541883242,16.121172632586042,18.40589352497905,16.71129133576174,20.771622029817728,14.492956205342272,11.119241376889704,11.848157008260024,11.003138744466677,10.244264644038871,18.90520605951283,9.430436651380518,8.663188720601052,5.671417213812213,8.784883853425542,12.596760929061016,9.663881000479677,21.538552093509328,13.801190121411292,19.878521106366627,9.26781598027076,10.953446639688645,14.41515297803047,14.65336594789902,9.605179873397129,8.53955689048159,16.73590289401371,14.982109984452944,14.678358659411616,10.37812839766585,13.236838021983484,14.592050407373424,8.222710296140209,14.173193649850296,17.30488451646737,21.49855088572392,22.75181421773169,17.46251130150157,19.9208128910258,19.25946872851898,14.588161614292558,11.144452502130685,18.92826806635584,14.637485950485411
23.336350837609334,21.915458862447053,24.40040809780044,18.200288830989017,22.71676583311718,24.00327884137761,23.95043696208525,23.232138286595266,22.157966802552508,22.38669068560058,24.64727912971936,23.88123383973528,16.849268326701424,6.812432983651975,6.673108156758378,22.24537592327293,12.462512296913289,8.698989513709249,0.0,7.966200058665358,7.47825891497089,16.537929096612626,7.417107916601479,21.63000932551725,19.8457034822242,23.66415364722033,11.267157852102216,10.961315486703535,6.842024541484564,8.84083477577287,14.22070408577362,15.33188437402245,16.075272795298567,6.767537818442488,14.902979558002643,18.61037283426306,14.296437476621556,23.78907430778794,24.2382972648564,23.81954250937913,19.62690595514245,20.282828904787408,21.164298032036637,19.017410828469828,16.631289986989092,11.072116798916849,10.734263231922618,8.807269739652634,22.10741864870384,17.322516223553475,15.627653282349062,21.744665134836907,18.830100573238184,19.021109296098977,24.36373271532632,24.154385640173818,22.30080091787584,19.903557246958847,19.942409334546127,18.779015676610136,22.767518653587487,14.142416452256036,8.802910773564003,8.24350108335847,8.161277654246614,7.954998726015717,21.8176765367515,5.856924440966829,8.447582685240118,9.44364186603348,7.305059157626053,13.694184583406123,9.007109618969302,23.67921215621257,13.62245274121769,21.699533686812924,7.583485391124995,9.079979040557824,14.524392504764387,13.868357263812133,9.603614420089494,9.06397636570514,17.29569728595091,16.7108532108028,12.351637559443953,9.552348433148612,14.80841287065638,12.461410719264082,12.28217069020824,17.6502537865634,18.12830785404327,22.88231117601341,24.237572754420384,19.42853386728836,21.64848196562529,19.5956218943513,11.678191164012254,9.3671958680164,22.20438652454896,16.759292155998228
21.95372293767402,20.76875585289428,23.441418391975866,16.528707925399075,21.005911539650302,22.720908379641,23.329554947622142,22.398599550737583,21.0494262472999,21.18933615647624,23.49850351282599,23.003961797825085,17.95308695439147,9.688033684301116,8.529845415010309,21.233282044445076,14.220904440546784,7.10384535423604,7.966200058665358,0.0,8.46286221116096,16.03196428211637,8.90320087867258,21.58947275062909,19.962046741512843,22.911598833461312,11.199277283519791,12.518008949501452,7.464048901860454,8.93809964300841,14.34349437190967,14.731838914084936,13.633822345538936,7.29482631686133,14.038207975641692,16.890254570806672,12.528452694743477,22.137354147459163,22.83192651798361,22.877298150810837,17.052024380644916,19.95575563190808,19.86926511113888,16.887088616823714,15.335881941568228,10.711091163780097,10.625510091314537,9.207560228016275,19.23909881327397,14.008462106226936,14.819412399703047,20.78598155586122,18.194505791659907,16.36660441076999,23.02026414129675,23.07608166685409,21.807040956691964,18.149952774951583,19.36249163822667,17.902069503952955,21.941082489331144,15.998368502770012,12.355707705314437,11.136836339557073,10.584079720556552,9.826680053627324,21.429442658767783,10.28180882720866,9.745700119757917,8.990285235817096,7.979004827576468,15.440469576603771,10.372252883897175,23.102316626887383,15.438632388204686,20.87943039429576,9.61233217075933,11.020255525884313,14.968241748905774,13.881282241002326,11.845151839996374,6.368435957794083,16.35143138237932,16.44917867920397,13.097875782412544,9.63617843166712,13.765347826329153,13.018870201403043,9.34600186695121,15.417421212453783,15.84657956108964,22.34577271493924,23.305301078339618,18.565275975010863,20.503392700883683,17.42578232972489,11.661311614808405,9.207342345846406,20.17012293852619,14.234016609838957
24.5105956339252,23.30497517674745,25.647149694135425,19.05366166516915,23.78661291301814,24.719447124431376,24.853212448479034,23.999360156948043,23.07970104201927,22.75927848271411,25.568852727010093,24.864327508757142,18.628530898191205,5.294604735677776,4.2014471777718265,24.013883663176816,15.545502548194522,8.491657274402543,7.47825891497089,8.46286221116096,0.0,18.629765647181248,4.619485603800062,22.9237074078139,19.187858230769613,24.394354191148626,12.750578944496365,9.545236048997742,8.236979785991245,6.045328157081819,13.428702308666582,14.65895213491505,16.466954212277198,7.116224101156343,16.51804065441092,19.31598065856975,15.730384009916,24.58967114420865,25.3540293316056,24.64757098230433,20.84253114739376,20.629627800140437,22.13626139529453,19.477871073950247,18.16293015795665,10.521087090981084,9.913489553086448,6.906724039537119,22.980817816003626,18.3363806960344,16.055439006043674,22.785245966001085,20.837526913222607,20.536406919759067,24.982087241144228,25.25283828745432,22.919490489189787,20.744472709373376,21.04986133071383,19.320901700976822,23.62195270807152,15.797009768512652,8.375818093146398,6.301717785956996,4.2821783963115365,5.310352539645415,22.89491075523757,7.894920738679677,7.551976723563472,7.62323607225395,3.761248813674024,13.87317770727838,6.413111192906292,24.746966135444083,15.236173717347164,21.863464091205223,9.169646340898678,6.624167598914677,13.969968806042443,12.474717517262466,10.439369315309316,8.886904021867926,17.73647178422484,17.155269316719256,12.41458640193671,7.475031660308641,15.931507305607202,11.467001879874564,12.2459779304514,17.972232981904078,18.620124048067733,23.80484210566556,25.390013007996167,20.017926740888203,22.24946227017321,19.73928363540285,10.265537618982982,6.711287130025991,23.08887128279247,18.05233004206577
