,Var0,Var1,Var2,Var3,Var4,Var5,Var6,Var7,Var8,Var9,Var10,Var11,Var12,Var13,Var14,Var15,Var16,Var17,Var18,Var19,Var20,Var21,Var22,Var23,Var24,Var25,Var26,Var27,Var28,Var29,Var30,Var31,Var32,Var33,Var34,Var35,Var36,Var37,Var38,Var39,Var40,Var41,Var42,Var43,Var44,Var45,Var46,Var47,Var48,Var49,Var50,Var51,Var52,Var53,Var54,Var55,Var56,Var57,Var58,Var59,Var60,Var61,Var62,Var63,Var64,Var65,Var66,Var67,Var68,Var69,Var70,Var71,Var72,Var73,Var74,Var75,Var76,Var77,Var78,Var79,Var80,Var81,Var82,Var83,Var84,Var85,Var86,Var87,Var88,Var89,Var90,Var91,Var92,Var93,Var94,Var95,Var96,Var97,Var98,Var99
Var0,0.0,17.17270225206715,14.759936221347777,19.17773263179063,16.320900702470663,13.435087222280767,14.198900492145222,18.255325748118754,16.345602318441095,15.126650705158982,15.33318990388183,15.116240865754797,13.326650407061546,15.727705583577809,17.2596714519305,15.968172989535883,14.486455548605983,16.079316661807596,13.361914112720076,14.446987001941663,16.410443166499416,14.668679602625415,15.576333511224648,18.93421918655555,15.086849691448856,18.28128093131925,16.647494398450345,16.272122835865567,17.646756660942437,17.053858610397924,15.291326243207864,15.31254528597827,17.608684684355136,15.280743102063653,18.838924035160087,18.259595184064686,18.331759980168357,16.085280741175218,18.404296632733626,16.00895358124547,15.794191576939122,16.54288087716014,18.22100685230134,14.76589498235288,16.404212445612625,15.98450948329767,15.5000142575661,13.672217772619248,9.57175099175337,14.381117412233372,11.623153690097302,15.232526877834179,16.475960705012454,17.768561902901514,16.063768630213435,13.697444270000208,15.813649839927022,17.102491571533143,13.702623173824719,14.686155466223804,15.746776449798647,14.78266819180116,15.260746862444359,16.26560681658269,16.76475392621603,16.46018364265799,13.208016800820952,15.736429152289771,16.79783919515755,14.974736019279657,16.87436004610217,15.332407669386841,16.07396668323355,16.292305048331304,16.34075030896909,17.758331224138352,17.372256313236647,16.874681391661024,12.79995841545831,15.074304760443763,18.91068689737589,16.88279715459716,16.76489704568197,17.402759306137753,18.752872643272973,17.766175603959383,17.80394777656013,15.710023678439326,16.493045990260985,17.780692708833016,14.16896675548236,12.963757343740216,16.004692424702117,15.440717957922773,18.883817786917582,16.495921387359,15.674419817047768,14.24646330032044,10.297874701830565,12.798823681616618
Var1,17.17270225206715,0.0,12.450771943905972,12.078756686202983,8.328593364973765,15.303389696364905,13.234455730908696,9.568554580206067,11.259975160121009,17.267142676960763,19.073619143902974,17.487606605795303,16.80671585995181,19.318103549953364,18.792999682002026,9.568767845522617,18.492761561716875,11.139626353818286,18.75369294674703,14.910582856561655,16.0292300995844,17.687139980657374,18.54087330171845,15.609570272919482,17.105587708924556,15.692287668664871,13.88575779652334,15.771912856927804,15.186447956124574,18.489223544630352,18.26192834706277,14.859215438001948,15.834221419302631,16.235390800732144,14.757359280034725,12.419330709452497,14.627153810647938,16.715324574953218,14.85168270978965,15.937026888904443,16.53359287872636,17.108935178372672,17.564176681205677,19.35680389044346,14.652031628387327,17.730758808810446,16.05872251787561,18.352026125975286,18.54707447959354,18.56631147549883,16.051983066383688,11.219991540155146,11.352705727159444,11.081270597241712,12.796858096885668,14.892237534510258,11.221468244641656,13.137575902093406,18.049338755647927,18.566627031632187,16.19474907178814,17.37769671142293,17.393709864258366,18.754922862302323,18.23978015497843,19.392561201569663,17.99779202145958,17.468752888791723,15.29149402947196,12.600791233622195,16.166086352199216,16.63813773225004,16.497035900058897,17.55982664843739,16.13118014100464,15.078767012479984,16.127287518899827,17.348273205721053,19.58911343902077,17.444165974638786,14.34364605597593,16.081525816606906,16.9588963931779,15.642601147906962,13.589689660784044,14.899913385509674,14.347373107563806,15.52840711767519,14.70026949991964,15.631892864426325,16.986376402028203,18.324334410870836,17.841638064519547,17.744936027716484,16.334389787505767,19.179435900985677,17.84999869935139,17.886768067754065,18.69814546382941,19.27741301085355
Var2,14.759936221347777,12.450771943905972,0.0,17.967213094194342,13.065639886852164,7.705880885207244,13.244718447064589,14.351252240014498,10.406924290659285,15.284696993805898,16.97783069627624,15.453242293049199,14.633274642740538,17.568309500548235,16.732361976439424,14.701756680226898,16.106184813488827,13.409173398168903,16.27283006395415,15.57720234780311,14.769966449550946,16.486059783759618,16.109604403300228,15.450425404457599,15.405091932324886,13.736222618441293,17.816220215394306,13.719967261784841,13.331678590421063,16.389274431931902,18.23679253127874,17.65726935192933,19.063646650962706,18.723160124276923,17.691543159671557,12.841548009602183,15.714991791744476,18.580114069044335,18.90602004844906,18.85570191349945,19.070368812020547,17.825249665314956,19.745234820878824,19.198473002819973,17.292742350471784,18.468876686354335,18.8029930420704,18.430076871436977,16.29123897263335,19.362652524498248,15.496569036356664,10.230445123067236,14.641308603101262,16.57489583690112,8.727116524457001,7.75540066599004,11.886111728432112,12.035965786698636,15.207216085703939,16.669852329269535,13.604877508694665,16.120948794866887,15.214372069864675,16.915380414698507,17.121671037140146,17.02983582716723,19.109388153997774,14.166653000153111,14.746375956865803,14.36930942347178,13.890290881202695,16.270039372320348,12.5159788840125,16.15787592264126,12.317650572866016,13.032674104025276,13.328134994515635,13.397475637065321,18.608715982429523,17.84246328356028,14.479477958043944,18.590037426528074,17.893846464257848,17.79237021381326,16.18475537376802,18.647803625910033,15.57186588659828,15.107274960566059,13.617638117032268,16.561695301933284,18.907072583746267,17.378292753056005,18.934907684951725,17.42904900487977,17.14763237357943,19.835032865598443,18.64289181576151,17.842550091367993,16.418421020586315,19.44368061753827
Var3,19.17773263179063,12.078756686202983,17.967213094194342,0.0,13.589553761697584,19.30255882583735,14.265781853900567,10.488091173116873,15.404384657113456,18.213612074594497,19.282413377890776,17.544051030603473,18.997015468526975,18.856184350334324,17.939803817861304,13.977726069861454,18.453957982521747,16.09263768697032,19.52171533008197,17.920955329202688,15.944906737693794,17.546661864053352,18.412560152005813,14.075017933570907,17.6583906818913,15.251839474108923,13.713629516571828,17.19161256296187,15.654848094957654,17.881226038931075,18.99828484889663,15.992743680855176,16.361340811278932,17.2396163584555,15.211979830937093,15.302911473899933,15.693152491330611,15.099820984868986,13.939471946769203,15.865227788024411,15.69358625893494,17.19568755337867,17.24899211695129,18.68787755421621,16.254282931021034,17.711643451382017,16.248712209894904,18.929045885997702,19.738761453988197,17.995841678047974,18.419906968967688,16.67595038160981,14.105868879676377,10.01940186880758,17.981897985166697,18.608379046221344,15.31711441871654,14.309789852422867,19.39257122248924,19.143104480756215,17.622293617333813,18.92149034727612,17.73961952427387,18.107853968019455,17.266978684194754,17.69508644897125,17.815097788843573,18.27289391356326,16.449103974751235,16.40285788513725,16.033374687503866,16.388928263857082,17.414680856928097,17.579361839876437,17.228186639001933,15.9488681834943,16.73644573874003,16.573571754654314,19.951350647162858,18.58763006310559,14.814634389241919,16.967686573914897,19.06050949557546,15.678645095664649,14.166398145436261,14.91576079051282,14.96974072413829,16.728097069915773,16.911714677700804,16.854692975706065,18.25279723610447,19.11831459752356,17.57417077622277,17.744825105154533,15.648587849369564,17.96019698593912,18.5109841104242,19.066655368412334,19.770512354119894,18.649256074867825
Var4,16.320900702470663,8.328593364973765,13.065639886852164,13.589553761697584,0.0,13.794289884229437,13.571128092028005,11.330088215160174,11.170190955639994,16.150505274789076,18.584863838573444,16.010821565855537,14.421773095464891,18.68268097976627,18.59370748583365,10.922278400415662,18.391897302984383,12.62522023833617,18.5240916065801,14.59564779587251,17.093875404960286,17.949681274047645,18.618365968091528,15.890419146215013,16.352560598010406,15.576649836721117,14.766259561838341,15.867851049241212,15.965244344673323,16.98172838345389,17.481611333534648,14.60942138222082,16.246313488780352,16.200665757458673,15.761463504753612,12.736969753774606,14.27338147154925,15.460114509751673,14.56604317300187,14.81975828295975,16.56679415312301,15.933185950394826,17.736155303004637,18.528627433550497,14.35250037848517,17.208003112240444,15.959210825432585,18.700170235614575,15.836367161616321,16.59678310590699,15.625820640089731,12.455570558694786,13.273707896977609,12.03375411851599,11.680505523924744,14.413595152236057,13.011803448035668,13.480753434748523,17.07814005258082,16.866395117376697,14.90094762589583,15.774153161518225,16.315722967464275,18.950686225712875,18.459412619121682,19.63543046325922,16.66751987130703,18.54160092401352,17.200856531145316,15.490147245615722,18.05004255463326,17.222807562358273,17.75635174432543,15.325305081878767,16.1908248844196,15.521658401046686,16.150774828724145,16.958418154025605,18.133197539276562,16.469179055792043,16.214114925363567,16.89425894990609,18.136063164885915,16.89006396090407,15.934406659277423,15.007685800538068,14.085160567404182,15.28844484339539,15.054656243057455,15.867259359446042,17.36947490699947,16.657805741444626,16.264551222147308,16.301577692252494,15.463361875274455,18.228582648731454,16.48328773576913,18.489666353951076,16.29881267127898,17.05588700050078
Var5,13.435087222280767,15.303389696364905,7.705880885207244,19.30255882583735,13.794289884229437,0.0,13.287140958159688,16.791940857863143,10.387547157116893,14.44070672092716,15.334202386666876,14.447725514129758,12.426324360710238,15.955578340366202,15.709769443882946,16.071097694706797,15.425978975073342,14.893555566162032,14.75401247285339,15.585292721713135,15.936709039011031,15.597875985261227,16.48017235802457,16.72857345661774,13.653640092904148,15.365379494856894,18.616731124517607,13.79902290045285,14.27809618368655,16.165611817555586,16.79991428176202,16.87946981642719,18.743051295420628,18.02511837270606,18.936613711275555,13.766393584425344,15.493632304384535,17.346568423240313,19.5593461837966,18.053156968044398,18.153965532476274,17.233992129749502,20.005201280823034,17.03793269278423,17.731985048369303,17.77176291385244,18.661422250963696,17.226361836675277,12.223871335063684,17.150953228575844,13.976405513360989,11.972540476156553,15.141065897995519,17.483068672092287,7.749178910457136,5.310159325917284,13.892603244482471,12.780460788348744,14.120920815923084,14.686318878285359,12.792455828107094,13.480020340907851,14.085458978548745,15.501574509808071,16.478510742697182,16.3956726184526,17.47820683069775,14.336830166656094,16.203430442323207,16.62373010774643,15.433291912842954,16.575041759423268,13.607412896116625,15.165784155483207,13.036010893467495,14.161132284111462,14.187776486367035,13.913725853429453,16.10274021923543,16.37877440720643,16.65032975577184,18.837715997212673,18.323255989582798,18.490530620132024,18.24459859606977,19.150399547619596,15.904481784281362,15.188624849963766,14.037075282662641,16.897936484471675,17.427202804441386,14.6555658455277,17.569887913912208,16.249181183094887,17.583632225896494,17.839871083307777,17.074489354326374,17.874666253728382,13.36934340336916,16.492044519349147
Var6,14.198900492145222,13.234455730908696,13.244718447064589,14.265781853900567,13.571128092028005,13.287140958159688,0.0,10.83715006368873,12.521053294382138,14.371483120992213,17.233938177103965,14.078181078579892,13.777661033917031,17.891942568524655,16.743932760391537,10.491356810735779,15.107530870008105,12.631801123457965,16.52228652848261,14.027162967044601,13.872790312016647,15.129824444540127,15.21315891573448,12.844901031648954,14.618596281293177,13.854396718711811,14.640721431678136,15.17987746280196,13.546440412419393,17.64663445801868,19.34079231139552,17.2105146978398,17.757992029105992,17.113207075929356,16.496378972853517,15.23828162581841,16.961966953078203,16.483592356528113,15.782024737892776,15.314856271888322,16.008153521679308,18.07075296041427,19.496286832390066,19.545922651988743,17.262911249688678,18.507203199820626,16.52839581499536,17.686362225198284,15.055373473413653,18.248335517393826,15.36728403303848,14.113087857104192,12.943847205302927,15.71287948627855,13.748870135858464,12.53242692508948,12.742260271382808,12.390740580341745,15.260403712335156,16.620059379465168,13.549804970750937,15.451243322648264,15.673213033615461,17.06518275424902,16.5865553542483,15.852172616403847,15.294442473667692,16.322994070334584,16.436941887144727,14.947595352390984,13.038146831215682,14.928782620324828,13.337892496059158,15.286934133798725,12.501116572144474,13.57354837228891,13.65726013641648,14.058716116553828,18.26488757665556,18.85196765878972,14.260622717641457,18.458650545530993,20.361690715640343,18.268315265609417,16.609673266329647,18.12543276225707,16.6884936115549,16.152505640345545,15.190169914642222,15.913430999813844,19.468928977744422,18.43942805900592,18.14533518316979,19.194171951035568,16.60925624399629,19.873861076164445,18.797463806730764,17.905329315222076,14.405559398763213,17.79385371225015
Var7,18.255325748118754,9.568554580206067,14.351252240014498,10.488091173116873,11.330088215160174,16.791940857863143,10.83715006368873,0.0,12.105320420168358,16.96353171899447,19.383195800026588,16.394526253738608,16.977455784143842,19.51744557196337,18.516084002727677,10.702970375131086,17.55366632963775,12.034767414032418,19.505077875027418,16.842056013772932,15.687680668151172,17.636665696979694,18.284190418260337,13.760609385631072,17.145974546401632,13.636617390258152,14.625677577205073,15.623360295021294,14.520728147837877,18.02439722391324,20.08063374487564,17.05267887510485,17.896162264819974,18.788113087444984,15.897629833944771,14.116223419663674,16.394505126621894,16.55269287415254,13.333480060359836,16.379405413996803,17.704059953935715,17.78042834130209,17.848165238374406,20.741671373484785,15.836798602995472,18.820049299239113,17.19225895093895,20.274971820657846,19.299421969309204,19.932574163047647,17.85422726990866,12.35304160516055,12.717514580528151,12.323056792417885,14.330589883366997,15.764307980709333,9.978264608879876,11.906889346796213,18.47474678308707,18.69689118478227,16.200836369711485,17.84913184236685,17.444096466104995,18.871740164761814,18.194836161343538,18.731670739421165,18.49591496084234,17.260537552308413,16.793219761900676,13.386942148398525,14.939719239528001,14.896901957270316,15.057876503585446,16.561294390039425,15.055252512502802,14.617878614618345,15.318403151748598,15.635829383579573,20.63001970546097,19.106609658274568,14.376703550642652,18.57244282241022,20.05664840709507,17.82107544872045,15.375745834509022,16.46652410689868,16.161454064922495,16.741110664901587,15.66140203096517,16.677653420979023,20.007097753778265,19.438709182129465,18.115750474049033,19.333721605661204,13.901010702741559,20.783762084654928,19.88891964637307,19.300650956338686,18.49169653374372,20.01802284454444
Var8,16.345602318441095,11.259975160121009,10.406924290659285,15.404384657113456,11.170190955639994,10.387547157116893,12.521053294382138,12.105320420168358,0.0,13.756982263926862,15.969645463446607,14.514364433436793,13.461243202248834,16.60953027932891,15.706717303924814,13.611131458622966,16.85819806120595,14.062865877704306,17.028942749339866,15.70695684534958,14.308909115047651,17.735624141486536,19.30564958244239,15.666826899206509,14.024805332627928,15.145455081744426,16.76823007129454,14.285875077669242,12.589168690412583,17.985621788402018,18.02792154068117,17.504580619367353,17.195154902126454,18.515993946098522,17.669018883153527,11.937671890801226,14.376089009922634,16.93538898501448,17.268323719151898,17.33595373015652,17.79723808363617,18.621797873316755,19.747678793128205,18.024913928011056,16.670802197123145,18.55943085755877,18.63851209595507,18.186464440261865,16.51379292244382,18.64651906395397,17.516481790430085,10.101173438235822,11.999564903988224,12.664753016531327,8.278517190403226,10.955356885593483,9.81242114101413,7.305786533136744,14.881021938219977,15.46663534662282,12.70081304234972,14.970137352049294,14.020166179039256,15.561482457848447,15.86845763654182,17.13077372247571,18.66467344808653,14.966881212028058,15.10444766815585,14.810112966117384,14.122443278179121,16.597936356281288,14.482391045664874,14.59857313472493,12.964648200415718,13.064756486590893,13.427134490563626,14.468199062873934,17.820320848157145,18.724352959197187,14.672965781192557,18.06584398334086,18.447506082507005,17.085609288046292,16.14777183441897,17.639802140632543,15.109600611833184,14.702820025670764,13.939250685853233,15.97749818683972,18.49991644768452,16.677601211676535,17.114916335280583,17.148480840417694,16.769044930921307,18.76423571255292,18.145620396751706,17.991325455059396,17.65171251323646,18.74207185936475
Var9,15.126650705158982,17.267142676960763,15.284696993805898,18.213612074594497,16.150505274789076,14.44070672092716,14.371483120992213,16.96353171899447,13.756982263926862,0.0,9.160582274960367,6.879981491356397,9.200885024127304,10.204448854991844,8.861374487685408,16.02607020916663,11.560322029452202,15.658761873549587,12.639236833188475,14.99265034583518,10.05322551818901,16.17440769712278,13.912887128542325,12.797891812575564,7.536228130011266,13.028304268274088,18.517407867501596,9.838408266091822,10.16283723290928,13.353203617223787,15.951165558693223,19.05504376899275,18.711005401707173,16.502556257900316,18.026700338568716,17.504371984616707,16.07262516384603,18.296907864346593,17.957416626361333,18.301800498273177,18.551965528953133,18.76324706807732,19.439684513586293,16.925101141353096,18.352684980940335,19.985389023912912,19.8316463979574,16.686869679348533,16.149734424217424,18.83546891300929,14.367295739963367,15.210281218579365,14.69929129310866,17.0511024761365,14.417793179028072,13.63796490935821,16.043965929301383,13.33735036377362,5.725717775589736,8.022611699459635,7.256381207262259,11.065522072024457,9.612493555943507,10.9921498464005,11.291092024762245,10.95691214875004,16.757762547439594,11.708885089047602,13.690816177828808,16.7150678385162,11.027295315542498,14.811624941133923,12.576870066697323,8.772971851840122,8.052878341202774,8.743563205572924,8.861618751130909,10.313344178253345,14.60321779119119,18.73435118067273,12.669586405921667,17.863536613966495,17.583913334972873,16.243147731022262,15.372763112698431,18.926147381949168,15.637764380308894,11.555274717496905,15.503112942065012,15.83105565201702,19.22670414915831,16.834182000934018,15.009009244401213,17.147167467919896,18.19398937223527,16.739305282258034,18.25887597880399,16.092380902873707,14.500130982704443,17.448670056225758
Var10,15.33318990388183,19.073619143902974,16.97783069627624,19.282413377890776,18.584863838573444,15.334202386666876,17.233938177103965,19.383195800026588,15.969645463446607,9.160582274960367,0.0,9.371791054779296,10.743833834734572,5.885574763061155,6.750427705072001,18.78377538318492,10.280850747969888,17.491928006190218,9.504707330617498,17.174547590834912,11.354327741976908,15.673268484656733,13.438321008309966,16.08324846940143,10.396228363496325,15.30023043993252,19.00540192640937,13.472178180029495,12.537060114124294,13.701454818929411,15.639642316672813,19.073850828805938,18.399186232350004,15.929251478399385,18.691692323587297,19.691945749816604,18.528238663309672,19.035590969106366,19.727902823536457,18.857354645734528,17.68286508536221,19.543503016237036,19.28288460514169,14.726726245122665,19.63740769892221,19.633757606384663,19.612827359513616,15.018615582975501,15.855803138140619,17.403913955075012,15.206825807241062,17.43074192996975,16.638537880122062,17.512106195598697,16.583634348894535,14.764856334980182,18.01613480742467,15.142357807019748,8.451664400584338,6.612692977489065,11.086181395050604,11.79315296425846,10.035927243195834,7.1251679887534625,8.782836496492553,8.577445873716622,15.702441486820407,10.111822135774181,15.266013117871648,18.427941177128442,12.481026458214355,16.264210983633642,13.97732940996696,12.650425434072693,12.685337757617228,12.927737436142849,12.404560269044365,12.078026263007533,14.363446558076395,17.791572211689886,15.925940997425565,17.768919343065814,16.657199807379946,16.604352332769153,16.822213307830484,19.36194227015258,18.538687228780486,14.908207188754172,18.513623048130285,16.775704270916986,16.63255818494288,15.691660627790185,14.469134140231704,17.459685211936304,18.855746316660493,14.930456150922002,17.683223795764285,15.583040233375414,15.226934780361699,16.394768743423477
Var11,15.116240865754797,17.487606605795303,15.453242293049199,17.544051030603473,16.010821565855537,14.447725514129758,14.078181078579892,16.394526253738608,14.514364433436793,6.879981491356397,9.371791054779296,0.0,7.683635724040521,9.943327104101874,8.97696448006263,16.972919400094128,9.770374434210503,15.76516308861929,11.943101569170826,16.590212178964077,9.459602026689788,15.95397092551446,13.006193663691274,11.807033368787636,9.166196330712893,11.952911507956784,19.71542064008539,9.779721921693959,9.836334236562584,11.275831548609794,16.582352745787517,18.57844719489404,20.152137906067978,17.603636502236725,19.748150430041925,18.408665498755962,17.02588437509235,18.928103131274867,18.925919694704753,18.978291571581725,19.10778313391254,18.76534725914676,20.36660160924208,17.211948519473882,19.69692624585972,20.912027754541096,20.654439959408847,18.290388108207306,15.516316892086763,18.793556201488215,14.040112154379589,15.011606615631884,14.804579882631971,16.063546968077866,15.227956042630618,12.930623413292581,15.645162343136487,13.222852973995607,9.032459266756604,7.949236969357608,6.85325541177211,10.521219862669263,8.624454068793495,11.345815528079955,11.617258381206785,10.640132560312614,16.27671815120132,11.523250509506935,14.51590956735328,17.096717705249837,10.37186636656886,14.115356826708224,12.12734497143815,9.731523845816486,8.312982316980905,9.348969817957347,9.179989422477144,9.06667400545921,15.218185571360701,18.007294825869913,13.471678065325468,18.710214670016803,18.553312682161778,17.060682803106815,16.121332084921846,19.266496554846253,16.512683994377483,12.382987462551057,16.188424217547688,16.279966278055056,19.458648760108126,17.251078424068957,15.444102333402716,16.846456730240288,17.771745323934848,16.69882360759818,18.6512439735189,17.059203721357466,13.631233684039032,16.970293459848357
Var12,13.326650407061546,16.80671585995181,14.633274642740538,18.997015468526975,14.421773095464891,12.426324360710238,13.777661033917031,16.977455784143842,13.461243202248834,9.200885024127304,10.743833834734572,7.683635724040521,0.0,11.167213097248995,11.584196495795558,15.641158449118917,12.792811547576507,15.30989862013064,12.710811443601576,15.08777993249382,13.489289379755673,16.68073252366882,14.71165430601624,14.68337915420585,10.730214597520696,13.590248351902686,18.20834987320998,11.194344271795842,12.893212228964163,13.108056685810793,15.303290014683771,18.05567041067875,18.534983670168163,16.583920413875692,18.96559649031301,17.206113193647198,17.10790815217863,17.115092084819864,17.893511161201673,17.015132818470992,18.276438090334025,17.024117737553308,18.942004843925577,16.368699093276202,17.535107960423925,18.912552892870707,18.509214952133743,17.107595923865638,13.073990132364685,16.9531700081206,14.636493622744274,15.43084461366335,15.601184275426466,16.724504709113564,13.678986013841751,12.561376282366716,15.870296715214815,14.06801385579242,9.736924439351624,8.194239103965698,7.661815070993632,6.736568376369677,7.872675052182687,12.95415513910073,13.411129804510985,13.00906975592223,15.462408668886626,13.133456632367709,16.750597576084477,17.43034905547301,14.68017664593221,15.58894035678236,15.037375443657584,11.233878700600185,11.294790851174524,12.20928781910998,11.5490439966011,11.658910512490674,14.200228595206696,17.23390264965678,15.970336236741863,18.758959376873474,18.08255394051568,17.921855448053062,17.32020883053671,19.419681067874357,17.760179102982292,14.549777685675974,16.681995014851342,17.076374753591054,18.27432956458474,15.574079769137766,15.035914515258327,17.067595384465253,17.440418467968,17.348299212193616,17.66746713341633,17.18944959341218,12.900065439828786,15.981213597052783
Var13,15.727705583577809,19.318103549953364,17.568309500548235,18.856184350334324,18.68268097976627,15.955578340366202,17.891942568524655,19.51744557196337,16.60953027932891,10.204448854991844,5.885574763061155,9.943327104101874,11.167213097248995,0.0,5.99988004465693,18.961416506859475,10.336871333422359,18.446573502237868,8.913082010630667,17.621133560712384,12.194712840221753,16.169376645732317,13.544128133915898,15.972005763642969,10.211873238547607,15.572383373552784,18.609665149960886,13.362531728269282,12.870269871510633,12.925859966050798,14.258665364205394,18.98364272906557,18.13658052438364,16.81074734411322,19.078039365064384,19.205573996164965,17.26292332036141,17.804241810442235,19.190369076722472,18.319071732293416,16.877606107355696,18.672767982434905,18.177686987073084,12.12501003613063,19.397267295247314,18.144431014707255,19.324286497068723,15.20627219957411,15.506599698185216,15.926185645674144,15.496429672117515,18.353874993224277,17.151600496664383,17.410951599237347,17.785489066686218,15.541089562094482,18.856176860461023,15.454356304492608,9.880179539209577,7.060190610718109,11.73884302547823,11.209176498951448,9.298157185660378,4.962148785499661,8.031608728398332,7.552839938738741,15.479510360424023,9.721017678901198,16.599895636763115,19.2685652551059,13.327050584358819,16.332890903533823,14.766363223436949,12.382427133983077,13.660746758223913,13.844228158877737,12.741943810442061,11.751249696967564,13.671276471034291,17.360954459631433,16.36922334450789,17.88583985077121,16.205732321337443,16.839175759446093,16.477152141558847,18.882119805279313,17.7792380879515,15.213738576580194,18.29255319012014,16.69966168110059,16.37150272626272,14.669121066419958,12.915911585750992,16.52523760379,17.64663912360819,13.15948324823424,15.878973843636707,15.67044413049395,15.478180069956961,15.703001713210492
Var14,17.2596714519305,18.792999682002026,16.732361976439424,17.939803817861304,18.59370748583365,15.709769443882946,16.743932760391537,18.516084002727677,15.706717303924814,8.861374487685408,6.750427705072001,8.97696448006263,11.584196495795558,5.99988004465693,0.0,18.349661600009078,9.998652127755493,17.974799531159558,10.567199255855677,17.615665065933612,10.194138101052634,15.91338741591353,12.795022263653278,13.516154700891917,9.662370689743383,13.939757742351244,19.083937903484216,12.420093663006845,10.34932251100817,12.690567286252355,16.063620061107635,19.802332597077402,18.671216057932334,17.154833196340096,18.646023563356486,18.770908302270104,17.216603814881193,18.438489642811525,19.36604175531527,18.98386183122919,17.737458751996066,19.687017263302913,19.36442150112146,15.096265357560505,19.969314478844183,19.885583820313734,20.160063502590177,16.4305267534029,17.418327207729043,17.86762831392914,16.094213224419494,17.611570126850918,15.989980802598179,16.836079542079638,16.849872245557634,14.753354204655361,17.978648463833434,13.866332172943055,9.539384057828363,8.155300964746303,9.988533821645008,12.03716834919556,9.4550521701303,5.703877209049263,7.280102527644846,5.689523482222849,16.806702389261616,9.512677091628284,14.94244659158446,18.934769587247576,10.681996850914043,16.558175948141024,12.705686342992335,11.591884868432073,10.697277448387643,11.071439598191994,9.768275264496173,9.405916065573026,15.745713345637006,18.79699320014114,14.115566159428756,18.199944125650614,17.249107479577663,16.688234399446635,15.230333602381696,19.365154187549702,17.43118756212199,14.596782398169244,17.542799074219726,16.420784846306436,18.42898180686835,16.88489433515463,15.095560123415462,17.95608890969706,18.59343375528873,14.998905691999045,17.96475642824477,16.63159470053012,16.624335307541585,17.493763197819064
Var15,15.968172989535883,9.568767845522617,14.701756680226898,13.977726069861454,10.922278400415662,16.071097694706797,10.491356810735779,10.702970375131086,13.611131458622966,16.02607020916663,18.78377538318492,16.972919400094128,15.641158449118917,18.961416506859475,18.349661600009078,0.0,17.725388231049756,10.633512351233602,18.259199183254445,14.369702232287178,16.40705450737073,17.0791622431914,16.221170185785017,14.97658030776156,16.374538127950963,15.567934762797861,12.381287363374993,16.194030257529743,16.345850541893746,18.28718894926681,17.55834745837082,14.850247356316068,13.915593269126193,15.405958692563887,13.918461520943985,14.58481361306222,16.642332053163628,14.14780666702698,11.497071484367458,12.732138055164878,15.335383359457484,15.286194004360473,15.211732668145965,18.78513547385022,14.73794790569786,16.05608397737723,13.626381036599339,17.45646637279588,17.64299675820111,17.29738301827544,15.662732246190732,13.580840887898402,11.36912318122626,13.526570115538343,14.543651037055659,15.95278420074483,12.554454572473693,14.081852706840474,16.37962924875583,17.582682906214963,15.487260786964512,15.866417330231208,17.19695545674141,18.655254177185284,17.832663549754464,18.31893278364522,16.579899595896855,17.650112530533356,17.025120142136252,13.989122604263276,16.514217003190524,17.550798097579413,16.65694217984522,16.328333985348596,15.71485558063175,15.716342902771553,15.589967961409403,16.87991348571236,17.871716724483495,17.238286041808816,15.865996510104504,17.578303022953392,18.569758756414743,17.578828694162315,15.665537245684826,16.68380805140869,16.61211381335944,17.296724773935697,16.99172609027171,16.554248328543938,17.469264830658563,17.50048490100941,16.65294961469048,18.713564727353887,14.879642739329626,19.02884292907978,17.422536079369028,18.169098390568635,17.511256238876033,18.608686468149
Var16,14.486455548605983,18.492761561716875,16.106184813488827,18.453957982521747,18.391897302984383,15.425978975073342,15.107530870008105,17.55366632963775,16.85819806120595,11.560322029452202,10.280850747969888,9.770374434210503,12.792811547576507,10.336871333422359,9.998652127755493,17.725388231049756,0.0,14.91592613042147,7.017408793465417,17.685571167109607,9.278787001312564,12.341615532560697,10.005139540174792,13.495398739403244,11.669774007152856,14.473167208966562,19.833460531290182,13.284068159521716,11.514430914102796,12.005864131419901,16.45426450152978,18.278794213454283,20.863473083864843,16.09365745230239,19.833550565295656,19.723975758080343,18.143108893432114,19.776249663589375,20.530376886640028,19.725023776565145,17.85848774377537,20.030284652701305,20.637675230450036,15.808050182774922,21.325136362779222,20.814186849563068,20.585627177556297,17.11802826571379,15.513739147384847,18.15984247512782,13.317039276558111,15.794079231137673,15.725634961486302,17.453750903656903,17.004641783270138,13.2847510987507,16.657689474871194,15.11085610804292,12.059788099773684,11.4426633038569,12.770823477422049,14.219656716523845,13.331009054406987,10.866691431814019,11.945306327633947,9.34592429171897,15.81704060892325,9.451228962336522,14.689596337670036,16.837679702845215,9.996386816635622,14.73027788720109,10.609099566147329,14.164206860936972,11.720973099111559,13.408061475479675,12.052700383375337,11.150835772880983,15.190647712941955,17.946029908291052,15.050780685373123,18.259116502959856,18.08540365138537,17.269196852235385,16.249834987413006,19.112444008535135,17.9454137377909,15.165607947360165,17.146764670634973,16.395253114077857,17.64301889661506,17.292657319109637,17.18117701666765,17.35162811862076,18.63528875610627,15.279051488243818,18.127271260797258,16.38780194013974,13.758401633943494,16.530902885786325
Var17,16.079316661807596,11.139626353818286,13.409173398168903,16.09263768697032,12.62522023833617,14.893555566162032,12.631801123457965,12.034767414032418,14.062865877704306,15.658761873549587,17.491928006190218,15.76516308861929,15.30989862013064,18.446573502237868,17.974799531159558,10.633512351233602,14.91592613042147,0.0,15.85042782527753,14.18873189917312,13.95412101612275,14.847828909489557,14.22564877290701,14.254900977872351,15.62379341313905,15.052316379883948,16.260640238535167,13.702518062738294,13.821615099351991,15.786382668519654,17.47154762674996,16.540632388950836,18.644852958948725,14.34761851949286,15.626893264221833,14.660022100957018,16.678587887210906,19.392219087747094,16.993894625849226,18.306136215308968,17.811266665706444,18.276033691873074,18.512366528703193,19.55362358198757,16.726222820019586,19.66142153630728,18.263967724228102,18.13288526189167,17.550689875049965,19.866437803659846,14.222657016833885,11.368792384288987,13.112912165917683,16.033813900027095,12.831731182082548,14.113749037973257,12.603007487194485,15.541345365146004,16.81239960313498,17.539254016952906,15.562109470568053,16.58153697926237,17.38242493151282,19.02412985855901,18.606552341247536,18.330352357196663,17.118940240083944,16.044663845535034,14.608731739271088,10.041547450519506,14.307990440156981,14.335873559955173,13.065209696779686,17.756712191602084,14.6884157813957,14.7020201074739,14.468924911046228,15.596391755044687,17.30212724956615,17.50733676230468,13.538754615887317,16.714934278254077,17.209494080059606,16.568281336101933,14.885323606080322,16.643490956771217,16.243522772895464,15.439734628411546,14.829030427796434,15.27545204865756,18.13212464853524,19.57760514098212,18.804481841571125,17.71855466297315,16.234019458250717,18.58738277509293,18.529686029119894,17.131501400295853,15.870442687042912,19.41717176534308
Var18,13.361914112720076,18.75369294674703,16.27283006395415,19.52171533008197,18.5240916065801,14.75401247285339,16.52228652848261,19.505077875027418,17.028942749339866,12.639236833188475,9.504707330617498,11.943101569170826,12.710811443601576,8.913082010630667,10.567199255855677,18.259199183254445,7.017408793465417,15.85042782527753,0.0,16.70354544267905,11.533295151989313,13.447287327861089,10.118019155073036,16.029245275135988,12.597484241942185,16.421051358402053,18.668431602240876,14.674165068442763,13.4765419391382,12.57815244505865,15.459008593782112,17.587355613677538,19.231462261859146,15.474004007393871,19.521953076677764,18.961941280941065,18.047452788797347,18.842061821733363,20.091955979837763,18.222783347576367,16.30752280370134,18.684618737750213,19.982786249754206,13.438516489190896,19.966425504617064,18.571311676371643,19.094607187322552,15.502960557812578,13.637436123977734,15.563672123378296,13.232964052212239,16.988852734228427,17.414204711114287,18.281547900082366,17.007626093999537,14.003138863400363,18.168163285000595,16.310354152882912,12.35081762754938,11.149347718219264,14.30595422766477,13.763701689466531,13.450592102521219,10.160348244260092,12.117148551401634,10.426150070199071,14.423236443092128,10.431779564635338,16.826644371876807,17.88858301260116,13.149434458365805,16.36870972708199,13.396965051834531,14.999630501233726,14.375826091822303,15.850728395410256,14.48858034185363,12.772580064359675,14.245929413062758,16.472188397201936,17.091162606388842,17.666337711512718,16.59800595568742,17.950300736517857,17.042721173595254,18.567545890948036,18.38915421667438,16.02301272569815,17.02558905372483,15.615015322312669,15.626693223072929,15.503896309931692,15.133549048662744,16.155716539261384,18.422526092957437,13.912639748380034,15.597513721641143,15.49493974407976,13.048692656351884,14.621241404658566
Var19,14.446987001941663,14.910582856561655,15.57720234780311,17.920955329202688,14.59564779587251,15.585292721713135,14.027162967044601,16.842056013772932,15.70695684534958,14.99265034583518,17.174547590834912,16.590212178964077,15.08777993249382,17.621133560712384,17.615665065933612,14.369702232287178,17.685571167109607,14.18873189917312,16.70354544267905,0.0,16.6346886167696,16.25429668788417,16.619599122535483,16.50583650186892,15.699276425187564,17.769465725088203,11.443231224585126,16.371421330000427,15.99288065930725,18.35833874807355,17.123743002603117,17.574558034034126,13.97092264441644,12.154877390064165,11.221543030432398,12.618705655889276,14.442130366323221,17.339324236916376,15.825176207774668,13.443309467300379,11.7662725789527,16.853432482393334,16.67321762986256,17.55273797186222,12.56289448283508,14.757889359979389,12.829290270237882,11.806161645318651,14.30877714330378,14.161791013233819,16.377879850666414,17.001350052850942,15.740723150524035,18.376719977620915,14.893585904725711,16.574151417135926,16.97457981863692,17.298619056316223,14.603230276446125,16.8489203389922,15.62493454834304,16.29691300429455,17.45365963166372,18.17088039042444,18.51588625628489,17.914088722044102,10.577566917505527,19.039084337658647,16.150976624589994,13.796926823905997,16.926970202687915,15.711851828671374,16.98286683470175,15.786919372135578,16.168750806505823,16.21581868799102,15.735665757102938,17.64689851558253,14.368319385092475,17.63162536739657,13.866452861952128,10.770424267271906,12.896560846832395,13.609450604309686,13.03940305647293,11.87038440218985,14.743986334663727,14.074767278295043,11.886304897863088,10.712229381982455,15.745659837823341,17.31101195847121,16.670598611708094,15.16570482179169,18.066581202186253,16.947404843883643,13.801826387935249,11.120892240876579,14.155564366104496,14.64212236789473
Var20,16.410443166499416,16.0292300995844,14.769966449550946,15.944906737693794,17.093875404960286,15.936709039011031,13.872790312016647,15.687680668151172,14.308909115047651,10.05322551818901,11.354327741976908,9.459602026689788,13.489289379755673,12.194712840221753,10.194138101052634,16.40705450737073,9.278787001312564,13.95412101612275,11.533295151989313,16.6346886167696,0.0,15.513806113479655,12.061300044489327,11.223330675419183,12.397540960840866,12.837977450821088,18.97877419923131,11.593873989838501,7.031822948722929,13.221430888912758,17.723530524574315,19.433589116283276,19.91622503405526,17.548438518097562,18.99537093395358,18.087184603821406,16.99539187546043,20.268392495293288,19.453008098324233,19.81796207776351,18.928304825363142,20.760060554051968,21.239177650145884,17.787454233831408,20.388977960799167,21.46649829441052,20.990496797090195,18.323656183113716,18.532301016989738,20.438136271758157,15.921987763582182,14.314097311785332,14.352226039584215,15.733823457873454,15.454853767072114,13.581488721678545,15.032619563420836,13.109789005686947,12.313817317080835,13.057063325385238,11.247277742507714,15.213748646117779,12.51803993678952,12.146444558326662,11.637706037650165,10.889703638464198,17.459028830032725,10.99330096327659,12.793374612593752,14.990236443450096,5.34066079673664,15.67447034673102,9.441426173789127,13.762053964674969,9.085494086160287,9.870881562718615,8.97483744525576,9.555430751486423,17.17030071002173,19.592942128913574,11.197516310070998,18.035454169924254,18.04236147249269,16.75562327453152,14.107329546132991,18.87654343083956,16.34784553096524,13.723515167497046,15.512923740617797,14.966853656255177,19.59634375949556,19.614626807749755,17.707472670476843,18.094772497633812,18.337894667336077,16.745789895390097,19.255730119208668,16.56881239219921,16.292758290575208,19.181395896729025
