,Var0,Var1,Var2,Var3,Var4,Var5,Var6,Var7,Var8,Var9,Var10,Var11,Var12,Var13,Var14,Var15,Var16,Var17,Var18,Var19,Var20,Var21,Var22,Var23,Var24,Var25,Var26,Var27,Var28,Var29,Var30,Var31,Var32,Var33,Var34,Var35,Var36,Var37,Var38,Var39,Var40,Var41,Var42,Var43,Var44,Var45,Var46,Var47,Var48,Var49,Var50,Var51,Var52,Var53,Var54,Var55,Var56,Var57,Var58,Var59,Var60,Var61,Var62,Var63,Var64,Var65,Var66,Var67,Var68,Var69,Var70,Var71,Var72,Var73,Var74,Var75,Var76,Var77,Var78,Var79,Var80,Var81,Var82,Var83,Var84,Var85,Var86,Var87,Var88,Var89,Var90,Var91,Var92,Var93,Var94,Var95,Var96,Var97,Var98,Var99
Var0,0.0,16.189358978103314,15.2621025961068,15.818361482380046,17.02242053061369,13.60424074070508,14.780887681422794,18.253466482006765,16.9492245548712,17.330869013481397,16.38232790756622,15.498554625508746,18.263947424862188,16.993109646314466,18.149156583253458,13.466067901032584,16.801685550372227,16.93798779620307,15.038935144722108,16.069204514834265,17.928781520956008,16.00019642422472,17.49658756245328,16.94794381581752,15.23137258549118,14.12229114843109,15.81462911672001,15.423574262080452,14.11975115429683,16.295966734805404,15.277631112871605,15.312526636554903,12.665850382144072,16.263065636486946,14.702060265622146,14.567419057000608,14.971986408606961,13.648950548756588,14.718728790714277,14.691614298493736,14.342559527093854,15.19430714902253,14.236292350359433,14.666470740290203,13.193586973922146,15.253607792238164,15.414341918857474,15.451302365083166,15.263721959919637,13.868137417425874,13.143497695948495,16.653567658837265,15.568202731798472,16.480459490842446,16.016035515488333,13.48878181510541,17.64802019444413,17.105315672541895,16.986860444329906,15.253440793562538,15.96210461735937,17.282936196666153,15.416757526866748,16.876490611187606,17.0783827367212,18.037191683662897,13.770953332803508,14.722600959163612,17.461653222073416,17.307003847582134,17.14904084565839,16.223672478193446,17.074174706182596,13.631526206570637,16.209821159880818,14.593634089168843,16.010408863866225,16.60140261516315,15.490160383517416,13.996629393215926,16.056839810784066,15.303103817514987,15.515253418136547,17.513765063579157,15.665996563035169,16.00865518895427,15.193097602529303,14.798262209802045,13.295679782776173,12.305133520835296,13.848912321864544,11.686175688545513,12.464906807546479,13.489869370248888,15.677816978461824,14.15563553729807,15.117927015184042,16.029739171553445,13.528944603979207,13.273985663776287
Var1,16.189358978103314,0.0,10.460254556499711,7.081570877237217,7.516202148528696,15.266982289285247,13.259291951696426,10.612669618025052,18.019166870091013,18.623211933984383,18.395632959954938,17.0660289920819,18.21119532168162,17.71151296605945,18.706518670808673,9.118351372509466,17.321764907114588,10.60115760555223,17.34836780617002,16.19972742877436,13.669424737180492,15.324691263501672,15.673774500524681,18.955039420551092,18.73196227386008,17.469393687522558,13.68081741021921,18.30536233903226,16.92309175611637,16.962521474992556,18.98975021169437,17.94524912880215,14.035312218658866,13.669642167508977,15.122990931003793,15.676550789597005,15.890547281908495,16.92493948704744,15.431337222497792,15.685342354086732,16.37065213815082,18.872415575720666,18.107190628720925,18.167110700522205,15.032519193743617,16.667022948205116,16.31400582229765,15.126519885692309,18.012708724019298,17.74489144513874,16.455418540987786,5.774574546140181,6.528132354395502,6.165184874535387,12.108581276651844,15.757479066399638,9.76817907628879,15.650356882539416,18.60008292650437,18.32245008935416,19.059149401145962,18.968526431097075,18.26932674380502,17.651592672242817,18.50051295428377,19.938788307926533,16.28430644980935,16.20771930493447,13.200436665604206,10.030778033761885,15.747925163558659,15.50631994222245,17.082719622188964,17.986854823017758,18.112718557528208,17.897868153351087,17.013523678755952,19.132362163180876,19.701743666874354,17.83947844655909,16.24557171171723,14.247608097843807,14.98624254963227,14.35327865619254,11.399197221433958,15.630288444015326,15.012840024839328,16.415988531507157,13.4754029758836,17.060301469705,15.122433948661824,17.888699334639366,15.701079790040708,18.977887986223163,16.464108131902506,18.347192740437404,16.275514621247666,15.843856030736898,17.194767602590584,17.306088428431533
Var2,15.2621025961068,10.460254556499711,0.0,12.11983898833965,12.36093550951646,12.05726488617609,14.071399979567124,11.485863382513267,13.113930235716902,16.78801992199755,16.96446195137169,14.986679334093262,16.092219346294755,15.579250808190537,16.65096185418234,13.978379358569295,14.941305354376693,13.865631750965257,15.365094447221242,17.51127703339341,14.07843268235514,16.921331204099754,15.88969969331034,17.565801694235642,17.762426543176787,14.873029672762904,11.366348104595794,16.338757911931182,13.670000863274137,17.39887988988387,18.78417057085688,17.66042423444179,16.609244514566807,14.331391394266154,16.46279518720317,13.449989846511777,14.33716675435494,16.18818352345311,15.590471074621759,15.2161796899765,17.207546611570084,17.489033597832282,19.273348203293597,15.779483762186551,15.828052673994112,16.435660732586882,18.251571828564128,17.16600817721648,17.105025296193133,16.490596922289257,16.30525854040053,9.480177633818187,12.729576974319178,11.603716743087645,11.171792329741193,11.502949313692074,12.091763462090778,12.41542211927154,16.227062371960027,16.445046520241647,15.764189155269294,16.397395015674462,14.885076491167503,15.307755967943432,16.445861054229407,17.359470468474072,16.45510707504826,13.936781237349873,13.766482448360874,13.118136438140432,15.308946179311311,16.808885123438493,16.230889359063575,16.284046690303445,14.7488019869446,15.354914333863388,13.295601771817259,17.61149684924217,19.06064869001034,17.744427871195818,16.237544878098127,15.789792374241038,16.545278313353016,16.85445441902838,12.640133918455318,17.26551925830905,13.21979273614167,15.39228135744524,12.800164615586112,15.767444110935749,16.084903259021583,16.789470629495174,15.635832212170449,17.723681117498405,18.114751083216568,15.217528553442175,16.29029078448026,17.019600203757623,16.059099382354297,15.855463706508678
Var3,15.818361482380046,7.081570877237217,12.11983898833965,0.0,8.062944548273874,15.901796620086314,13.847836022539912,9.73195999592963,17.380868767291414,18.31292919491737,18.547413777131695,17.04811260974347,17.525571016028067,17.14873631911891,18.225374502870565,10.19343622487837,16.13222676450961,10.499016448897912,15.817959928954641,16.967826584663474,13.929616348004512,16.979959454210917,16.217470032584867,19.246037692630267,19.30495347818721,17.275343187032394,14.053574531663939,18.08900367803731,17.59324571285383,16.274587659140142,18.26897339348865,18.006420674307613,13.988125122779723,14.24796020090404,16.28317249973429,16.314269648069597,16.077640472688525,16.928698565626757,16.545872704973597,16.72625635431854,17.01738144616139,18.254782210593067,18.6230320583195,17.178718336383998,14.977579855667967,15.636646409381889,16.544817890735597,15.72411763624129,18.079914931670533,17.651352120848806,16.659727330579912,7.512724477014352,9.005599233504622,5.827406843880967,12.438131338290308,15.787374389150385,9.05414169752327,14.252423536163763,17.991838816740934,17.00617335486615,17.803485084192186,18.944845289801837,17.171315797277323,16.125188869260484,17.11812701924826,19.05413766032556,16.917755256625647,14.68838593022975,12.630754481262061,9.817974969608823,15.78486078458477,16.470265327518177,17.052152333297634,18.427447734131096,17.11164550513298,16.892789989789648,17.37515799209273,18.601883714027473,18.570066651417477,17.531971168886507,16.594493155384235,15.906042705690622,16.09005097485857,14.518167460840116,13.291914879798268,16.892456907577518,15.639459638365917,15.925255819349882,14.987334137702794,17.690532662532654,16.670837910066677,17.979899501120855,16.68071670495799,18.568969020451842,16.43487530679331,17.28298644500542,16.2775840245219,17.39865221696761,17.628470067234122,17.588221390715326
Var4,17.02242053061369,7.516202148528696,12.36093550951646,8.062944548273874,0.0,13.108827486042765,13.594335880831453,12.570359111195142,16.866538081211313,17.912901942663932,18.462773007478035,17.42809469725359,17.83627769547651,17.91744344119022,18.94144870668642,10.922311273057941,17.538998054222034,11.779427115265996,17.989966504875593,15.770363347171243,14.667287557706384,14.935697053916103,15.977718363299337,18.806174301727825,18.38896959086645,18.450967575801013,15.754771779622505,18.678694354849917,17.782104883321097,16.6479689319819,18.239998713710065,17.865535346666395,12.94063815910064,13.182267826540448,15.35429008161422,15.526400034297387,15.252657440602622,17.759270804094907,16.10969380458604,15.471110871483267,15.352473140664634,17.531935332619657,17.34291634872324,18.51728589633151,14.856002405415948,16.571969484520327,14.777988975059918,14.943835525381347,16.003032413038845,16.979009668352703,15.177861961318609,7.704149391448985,9.290162990609634,6.48497477052872,9.550298410236326,13.948684266262687,12.237535246374701,15.020597875108098,18.077986634115415,19.12493296536624,18.73634879622097,19.24612918032345,17.678432280195054,17.092710761991007,17.64031884387919,18.77221507838871,15.467639968225193,16.786466840761616,13.434474093615304,11.120541846804144,14.943758709371663,15.283484465561319,17.345264851817102,18.036730851882055,17.784501311409414,18.37688835323108,17.061176857955815,18.53212596735839,18.7773173541754,18.093790207480122,16.60894929262842,13.309866535738017,14.230968507857847,13.43790749826163,12.730858325214065,14.513977763393584,13.925797227169463,15.067688892382652,13.278567545407732,17.175781132881987,14.320677331653343,18.650929843327013,15.087487969380852,18.114437846916257,15.328113478289117,18.382268937398695,15.771069196746527,15.144611778420916,15.934194193324156,16.833993802884766
Var5,13.60424074070508,15.266982289285247,12.05726488617609,15.901796620086314,13.108827486042765,0.0,13.690632040311332,17.41937693278562,12.957138915557573,16.680241424978053,16.403222429033498,16.23862266450439,17.50841836051278,16.340650063443764,17.89228646563939,15.040964152757796,17.523392990846947,17.590400396549864,17.558614340077103,15.949834900557917,17.303400251420094,16.02627768312413,17.75354901554784,17.385347175174196,14.90164284164672,16.54962266555143,15.89031609140852,16.869672613017606,14.734661952652782,17.347890486641738,16.354708095278866,16.107902859900307,13.918255744397793,15.61100243911917,15.904552880578812,12.842552041964323,13.153955910961624,15.319067737893606,14.059218985882673,13.0959752330334,13.2224771750066,13.95993200997795,15.330835766387795,14.708299659421872,13.879963306041658,14.666775423985914,14.810441659337751,16.43594599059292,10.408769800305294,12.55342454909258,13.140434099649891,14.391059834798138,15.574998902822651,15.045177793870486,9.464826764871361,6.482600051916459,17.969780903278025,14.537950926703665,16.642891046270982,17.451562057687923,16.56449433769275,17.427392584432187,14.808818358978536,16.256590800386075,16.375603776261986,17.101548431734475,12.96614411432183,17.109016839009882,17.515763433653614,17.221430311916652,15.141983535805352,16.897962985903526,17.545809808263634,13.434858043263608,16.2536658372252,17.26274034186087,14.921009835314228,17.01554140748809,17.853941495866867,16.305059169052853,17.90117452811974,14.437477071443963,16.02346840191639,17.324383541844274,16.226966395084467,14.976213564920043,11.692474526103178,15.32297568238374,12.39547327662782,13.428772174631977,12.920229727986573,15.430129405137464,12.61637831643951,14.358153337001214,16.267751884564866,14.48276649774432,14.014346962559815,15.076957476013932,10.588531804120782,12.46677611765995
Var6,14.780887681422794,13.259291951696426,14.071399979567124,13.847836022539912,13.594335880831453,13.690632040311332,0.0,15.150222253273826,15.891589195658694,15.217270126907342,15.279872005930498,15.224867738825692,15.525209040098193,13.80428674799607,16.04651570715869,11.184522397408081,18.4022241518292,16.54713680097488,15.825333933096058,15.89220493704063,16.561251059851372,16.949417883410444,16.763054195542086,16.983168039268268,16.035115104511192,16.59731733822504,16.106799471926177,17.63206276744608,16.11551067188145,17.462055192674313,16.672794170861494,12.73771461458881,12.69990925280865,16.385335951699105,17.20564408256959,16.56129301369082,15.471115553734402,11.512683809864203,11.786543170149306,9.235953972624664,13.585508580753343,14.766855784438842,14.527832245405799,14.974600406795055,11.81443569047387,13.316613225153999,14.200074898875679,16.664557069039738,12.777068815977428,12.554636100920785,10.83419354378459,13.715782925149991,11.502048519279487,13.544664492012082,13.898842190318737,13.57168568574951,15.149400127903222,14.854787184253707,16.099555346784232,16.057023497673836,16.575070215748564,15.890033795971668,14.700699822175073,14.071443466806855,15.636965073887874,16.315798190929033,11.032790241380741,15.416129055101047,17.58763242324181,15.39239961358287,14.754163503419054,15.50411217627515,16.12945447782673,12.19368715034555,16.525265535982008,17.86693000235605,16.555797278218122,18.06468181943523,16.8735828156511,13.325857048648926,19.826584670957267,16.236887714049967,16.71468383781029,16.966780193517152,16.490945597297745,15.231337981861346,14.87952566844904,17.186615661892414,14.868276780862647,13.636634996079584,13.39257899089679,12.344327543067298,12.757526926567433,13.634671798418244,16.267637222910995,14.768963413307217,12.9780375777839,15.199822489003514,13.39812718723727,13.062941681377824
Var7,18.253466482006765,10.612669618025052,11.485863382513267,9.73195999592963,12.570359111195142,17.41937693278562,15.150222253273826,0.0,14.742852190771147,15.764160122345974,17.13311093045083,13.666080588717056,13.908842241729332,14.923121468594262,15.269654652709798,13.706768663684791,13.387416601143903,9.350422242666145,13.754110553712211,16.786160720852585,11.422042659267431,16.933884219420154,12.768172803442724,17.23998554329984,20.764697869206838,15.109960984923232,13.434452066977643,17.91734962580584,16.48491496995887,15.424063654271466,19.292007773373008,17.660190067674154,18.698404797412568,14.387933251294497,17.022870391045227,17.260030566727345,18.507765749257427,18.256947395652475,18.68361019541135,18.268491957986694,19.84301596649071,20.189893089009004,20.42068123667809,18.199158476615914,18.179884665320888,18.295555473209358,19.242346201182603,16.541572614828688,19.207379979305575,19.95061307882384,18.21746287602253,9.71002155216563,10.929958421063189,10.841744083379115,14.72298396372436,17.030505235824236,4.6290289191984755,11.501288241602706,15.43846304577562,15.547017746278309,15.054850544065825,15.31352065968947,15.662786181665703,14.717097326551977,16.556308183023134,16.39299286789187,18.204060164475045,12.901253643778153,10.700959012708834,8.278521243761006,13.949164650390246,15.89001333037258,13.438763087823943,19.744920223360612,14.656401474847891,15.12354680080041,16.266335534200895,16.923335692188022,18.186498188747745,17.959371773885984,16.13784006082747,17.861891001642128,17.08716853063278,14.713165609648836,12.967481541536436,18.39409977048768,18.193815089269048,17.80947999594733,16.037593811779633,20.11132156564174,19.607902657752653,19.630635432006827,19.742635910741967,19.443082703680723,18.738453858412868,18.383856859863425,19.08269006597818,18.964895529055646,19.508174346484232,19.969520835750238
Var8,16.9492245548712,18.019166870091013,13.113930235716902,17.380868767291414,16.866538081211313,12.957138915557573,15.891589195658694,14.742852190771147,0.0,14.34119652992949,15.1879445774695,13.25808410448463,11.479054953301363,10.783627889238419,11.551154353611018,18.99927588812144,13.32632411789606,18.063567105301914,13.563092329208933,17.808101714134636,14.705568756424617,19.598339922490812,17.141245104312453,14.571644330503585,16.88769115548949,13.601998258820307,14.948882754941145,15.301263576831548,12.216464779222827,16.937101165726492,17.792060464763175,16.026113729413243,18.04551537391551,18.2960971248605,19.14323496944798,14.333043462556274,14.960784138199191,15.989904364056716,17.557504870027696,16.48252320782328,18.38624307144273,16.839522368443987,18.948892095595536,14.964006449452175,17.075499473437045,16.59407268797352,20.15511989659836,19.769254551317875,14.390756206810238,15.74686277299091,16.38872344108203,16.16582890930015,17.956546889983848,17.645463072614167,13.291247367244829,12.747494585279854,16.250330716310412,8.626490945771568,13.116930734055892,14.023335872637523,10.548729900457579,11.605442770575952,10.093777012479103,11.026980562026784,11.989310143964142,11.48122904627313,17.094847281033992,11.714416214674129,15.835684456541847,17.02312129899013,13.495898157397201,18.20740056307204,16.202763957992,16.850401658149536,10.560686456044502,14.16054244415142,11.273446975437478,15.496729520126248,16.28496779303267,17.2986089843052,16.880928748622022,18.56147606860812,19.066096786721815,18.41293931296837,17.248641700172197,19.437201482197903,14.263973041702078,16.802331391884906,15.684275592644335,17.186940399623836,18.749389513767515,15.67437693264575,18.026718430827046,15.854466294858845,19.588959195048567,15.433749419796941,17.726689490672854,18.942019151182514,15.019643670627326,15.69810586014907
Var9,17.330869013481397,18.623211933984383,16.78801992199755,18.31292919491737,17.912901942663932,16.680241424978053,15.217270126907342,15.764160122345974,14.34119652992949,0.0,8.696975761428744,9.712162905532805,12.708674717482154,11.893253466272395,12.252231375603822,17.36480837962451,16.610484806026154,17.52002060330752,14.268413272823746,17.795290566302786,15.421951248402628,17.59101724465917,15.572920056010702,15.325210175349282,15.652438100056463,13.602221557207828,17.918946611975098,18.343444898478385,16.091531975147603,17.569845406888337,16.263681627084917,13.5935477969665,16.86904518751774,17.827130399259588,17.15197358238641,18.282085371117223,18.785462346935788,15.65324365900436,15.560639114202239,13.94793075627422,18.412174968694924,16.06905476646643,15.893627868881872,16.747845597010606,16.848494595209026,16.932234196484437,17.28304236239202,17.71717101333342,16.819715470732678,17.32332794443761,15.439674034551073,17.602124383428176,16.88790242092072,18.009716450854203,17.115532281457245,16.043823871144774,16.454823997232637,14.522080151856724,7.3159092031896975,11.37480521828486,10.815377781344914,14.173598136407234,14.61334599145414,12.76787476392951,13.294273419884462,12.662915726677198,15.623397085886213,15.149130142186591,16.69462651289485,17.122366060208428,14.759171799255181,16.436000400272768,15.473709164769572,13.733777251756248,11.73091774873367,11.09654770251109,15.232078367899064,16.832642800400613,12.902030886258576,14.17492953154342,17.96302840235793,17.794589287960804,16.20997702686819,16.65899373999343,17.45806192608717,17.21840391565484,17.97801607230131,18.471962406268062,18.109479423004455,17.563049898839424,16.56791228045801,15.832910503334347,16.20969583330657,13.602141656770971,16.209625228202817,16.215206635965515,17.037402555380947,16.897448855096858,17.28027743449007,17.015642552256327
Var10,16.38232790756622,18.395632959954938,16.96446195137169,18.547413777131695,18.462773007478035,16.403222429033498,15.279872005930498,17.13311093045083,15.1879445774695,8.696975761428744,0.0,10.435890454873052,13.96537539373291,13.202951182627029,14.507835392967994,17.68360270445162,17.4663233975144,19.47198845785623,15.758347605123904,19.652651897191404,15.79568065899885,19.166562557474393,17.745023225989684,15.140774893551935,13.875319780609166,12.759566316079225,17.893938400179493,16.996089657713256,16.863430915586637,18.04635488269809,15.946183379208689,13.666391733283602,17.163154757015374,19.87987540297288,18.454329010874417,17.654083745741282,17.113393508532084,13.319861487170916,14.092624645347774,13.212105310237263,17.521553756853596,15.400488271069772,15.017370790431865,14.713630382506985,16.404375446653116,15.218148570741922,17.430316069832134,19.111996906327825,16.00156175450397,15.742793410625493,14.616340112867023,18.109699726936938,17.403579058049694,18.355279518374804,16.925869771027976,16.171590346259325,17.827866289864524,14.497944603252904,9.944006595983936,9.127475213718606,12.035116964860551,14.419354070846392,14.897852027309126,13.585584306351757,13.165078059828156,14.429279454796525,15.159637711357886,15.478350791021203,19.034843850192303,19.24191372877009,15.92022898571817,17.826689187685528,17.751160162588143,11.714399853010102,13.63967532271388,11.68810015205491,15.756745042922,16.924253150312545,15.259417064884431,12.730516654765388,18.584758102321754,18.83862005840863,17.98154862619845,18.527567880162074,18.903283190642842,18.3592410216448,16.76630112973509,18.3812887093033,18.88459315594206,15.24279538566956,16.036619925077126,13.189357870801707,15.161846212776453,14.48529048863566,16.177912308639538,14.604705447732487,16.17024160883903,17.727264953610682,16.127841616475408,15.419640595218981
Var11,15.498554625508746,17.0660289920819,14.986679334093262,17.04811260974347,17.42809469725359,16.23862266450439,15.224867738825692,13.666080588717056,13.25808410448463,9.712162905532805,10.435890454873052,0.0,10.89321488609147,10.572194903284782,11.086953715839462,16.670997426872546,13.479876323283266,16.196118372069524,10.580900012342594,17.82553509217429,13.937615154778177,18.109219053742372,13.96660741926399,14.04617799343828,18.107823825803173,9.547263439519694,16.738679108352752,17.34524621279241,14.327195624554207,14.50548741573087,17.479005446377922,15.689897204349057,18.384842093122554,17.732614983638122,18.08019702103844,17.54715568218776,18.7817186787216,15.781820701217631,17.11477351021242,16.04392013535796,19.650185275146814,18.283021897573768,18.19084490713134,16.903706009974094,17.04366930025391,18.32550398834553,19.421992162454277,18.117819795779226,17.252976538863976,17.9785678293239,16.158700064861243,16.17721054813677,15.486621663988524,17.308959669280526,16.549866805053302,16.122171684785993,14.48032858188619,12.44426931720648,10.239729903405411,11.171840725238193,8.54606037287634,12.088703322842925,11.525977292280718,12.724080337825727,13.285911335988544,12.183614605227888,16.00196715770446,11.867594203949569,15.77327611770747,15.892089930957276,13.538807586125968,16.291779778932018,14.250175591174125,15.048977647830927,10.726677245978001,10.309034672574764,14.393317962116894,13.567595563267206,14.186803336475943,13.72314763300532,16.955209030121217,18.65016185543134,17.66946656655611,17.34495609149563,17.121456341148054,18.773170442684997,18.271755837011952,18.879549422008015,17.174173763006397,17.685045287578102,17.42875433026394,15.219987331396187,17.23665676470506,15.279738747935776,17.67297366294893,16.982765686667296,18.99255715533038,18.375336900168186,17.05132139833566,17.57144644602551
Var12,18.263947424862188,18.21119532168162,16.092219346294755,17.525571016028067,17.83627769547651,17.50841836051278,15.525209040098193,13.908842241729332,11.479054953301363,12.708674717482154,13.96537539373291,10.89321488609147,0.0,9.347165503309858,8.978120453042647,18.629017172946483,12.319466151687926,17.415888325960978,10.621319633401969,17.287674380562027,12.304560939831429,20.041943256153857,14.598169988874611,14.589691894756536,18.790137647106516,13.374259725611523,16.295056621173497,15.859638387518894,13.764613603241946,15.065782028271407,19.530816833041886,16.8787625643472,18.85930346738782,18.722373394997778,20.67918617791722,18.58338592099718,17.55636610207221,16.530910636365178,18.501297976352696,17.212441277100673,20.335769394378875,18.932128191626852,20.12585724783281,17.525543265183792,19.083835239768057,17.211396969846703,19.91505492669566,19.82022683358906,17.38852752977543,17.133107364103136,17.06763400724868,17.307103580658644,16.62740474075785,17.125097797481164,15.941689266662264,16.937163589842605,15.390960738161661,11.72280767915095,12.022145154134783,13.589768341551551,9.59141717947103,6.5911351427992315,9.704489257892684,10.923476552480071,10.196766277755755,8.30740213562523,17.839724225166353,11.441952484641158,16.417827228787747,16.586762532085295,9.889870557049518,18.750369949314884,14.601387449656656,17.002097234109602,11.000239843335292,14.296048425231875,13.770614557108948,14.538037558359637,16.265618716136387,16.574729325134015,17.987189260413583,19.900365249971617,19.82664615807413,18.496267543824896,17.375265511095527,19.947839783352443,17.536332219840318,18.295318467695125,18.425715411671224,18.348238991757572,19.069458620977567,15.878834997457227,18.63063108762348,18.046010366229282,19.07471438751705,17.365997573859424,18.731658691508244,19.252378268735598,17.844692495877222,17.269468092988586
Var13,16.993109646314466,17.71151296605945,15.579250808190537,17.14873631911891,17.91744344119022,16.340650063443764,13.80428674799607,14.923121468594262,10.783627889238419,11.893253466272395,13.202951182627029,10.572194903284782,9.347165503309858,0.0,7.110352476406149,17.01081605349757,14.310085012720293,18.129099118329858,9.556447241207536,18.786008164209765,12.228658261125974,20.203777174168998,16.05344228680247,14.973558312153093,18.129805667877857,13.136325124062783,15.610822452067763,16.551035627168556,12.957680681591642,16.24230505809833,18.861268878718867,14.189201085022098,17.143947690208627,19.455026095310895,19.280993361586415,18.307851981999544,17.484592525624116,13.623939522981459,15.572319254170006,14.76287988429715,19.583016814611625,17.309814614718373,18.157417873081307,15.294440412656597,16.30069009651427,15.054048291157518,19.580435294271222,19.563053125750546,16.913019799928374,16.338850626740307,16.46625792265956,16.946468693414037,16.248022437037395,17.6826712203701,15.628789806775524,15.936279766716378,16.1375546565122,10.749557279578077,11.57121527675223,12.573597974728004,10.517251110854891,9.792280598124663,8.277548293458704,7.289066996093882,8.6154118194385,9.59738313799696,17.497507875267658,10.190946861106863,16.615880415777955,17.14462062157958,12.352410962014945,18.546133307572212,15.921188011847892,15.265296648651749,11.054628013308175,13.002589883924452,12.539139679235708,15.954111645786352,15.445189250904052,14.738688916596589,18.44461567132957,19.584223376558985,19.158188848646635,18.63005212856514,17.54563583971191,19.750081770121316,16.840730149360127,18.48975559341364,18.512488373117833,17.848578221568353,18.372825845885085,14.085824228562979,17.10135963753913,15.856337718886737,18.09882318731744,15.299083356160297,16.977946890510317,18.51032678190159,17.31250023094404,16.460976914918337
Var14,18.149156583253458,18.706518670808673,16.65096185418234,18.225374502870565,18.94144870668642,17.89228646563939,16.04651570715869,15.269654652709798,11.551154353611018,12.252231375603822,14.507835392967994,11.086953715839462,8.978120453042647,7.110352476406149,0.0,18.15146665822741,13.734097091287712,17.91787936091184,10.366351301320748,18.17848969710393,12.78514379828178,19.654794899088945,15.352282936648455,14.532295092193559,18.474909523969686,13.272564807632673,15.573416551388256,16.194538558088016,13.292805262825995,15.82430336019759,19.55630019766782,16.197418963109655,17.993210608650358,18.87150720280566,18.92638610137143,18.139141714675286,17.848877766738408,15.57563192289381,16.844798231982978,16.807194232299597,19.99114985159066,18.526731291887394,18.500226635281255,16.85331401648854,17.768559263211564,16.57208662089224,19.705582199595824,19.359569267777974,18.074163963111697,17.331770207133502,17.334897091249495,17.901908332064703,17.26838448274653,18.510486154270456,17.215422597346713,17.47720497789172,16.115267279041134,12.686648709042583,11.787568193768466,13.528393176498534,9.953532869378623,10.22706298676334,10.22261493924706,9.669348123796425,9.7211092798502,7.3319668538216,18.154821390156613,11.342715466399477,16.37288914793574,16.861596673147414,11.833778531620151,18.23542493337533,14.800029372191808,16.44394368201898,10.864285475763207,13.12399877266207,12.531435768513502,14.973127769584446,14.54979607257177,16.030955575361656,17.63771214031006,19.573266251021614,18.931777717926764,17.889905776051865,17.443833460061022,19.480591170538773,17.71685974090986,18.955522423132066,18.75343291316027,18.736824308936917,18.52744890043755,15.624622498566456,18.400290759535594,16.462431191196917,18.210384907540494,16.559384482847083,17.696462433742415,18.179615750902514,18.03071554704229,17.21719833236645
Var15,13.466067901032584,9.118351372509466,13.978379358569295,10.19343622487837,10.922311273057941,15.040964152757796,11.184522397408081,13.706768663684791,18.99927588812144,17.36480837962451,17.68360270445162,16.670997426872546,18.629017172946483,17.01081605349757,18.15146665822741,0.0,18.077211157242793,11.863588817404748,17.324068231145386,15.278370126309833,15.572091908909577,13.99508242879959,15.141641011070641,17.988931427519073,17.688250935127716,17.247679738867916,15.145019549454995,18.348436844341865,17.342430703708743,16.740020030578034,17.014745271133002,16.34566716412752,11.266177761409521,13.876923233013484,13.346552707198393,16.79888760560171,16.720533690159368,15.31194353654226,13.682960926098014,13.649653117605943,13.971149413586124,17.456530896132513,14.420623429842918,17.31405650509503,13.070503342679304,15.351458390719165,13.98561422852049,12.566001905247171,16.790930072117916,16.849232105652046,14.15366390071707,10.467423498782109,7.8217857973532325,10.453232779961818,14.60874269609751,15.88120035964927,12.55654914662892,17.269317903048258,17.283387113994422,17.293896781498297,18.304560081503226,19.08512251638193,17.671871245652753,16.988917642427005,18.249173254942193,19.104002399052863,13.613184360547214,16.438767795570033,14.94865137598903,11.995154917611572,15.735336855420444,14.104420557478534,15.840776479397777,16.095441241454353,17.58761280641901,17.02001147063879,17.826895564617804,18.734161245038,17.030718802724966,16.24605304404315,17.05269688077834,14.979736601901456,13.965710330075058,13.802692590634706,13.588348864848601,14.595446626328014,16.665638806176442,16.88862803794926,14.429501212518685,16.137008505987335,14.08026451785227,16.553999561283355,14.429948894142473,16.02658312907912,15.086567396342737,17.049639788332446,15.362745713050712,15.059990362764252,16.11806739559682,16.958140461350524
Var16,16.801685550372227,17.321764907114588,14.941305354376693,16.13222676450961,17.538998054222034,17.523392990846947,18.4022241518292,13.387416601143903,13.32632411789606,16.610484806026154,17.4663233975144,13.479876323283266,12.319466151687926,14.310085012720293,13.734097091287712,18.077211157242793,0.0,15.217690044132137,11.269262100896334,16.636687017180645,15.24142119647404,17.72450486262655,15.110477474198083,11.885430875040285,18.93531094930605,13.055981546389077,15.443537314994725,14.386302085964946,12.896538416136975,13.69895067960494,18.66653156308965,18.784242055829537,19.689476135891866,15.574174098399151,17.617413869491966,18.12190121458313,16.180883532856765,19.47590759562936,20.8627450823003,20.41182462279804,20.064835073212304,20.66762070390439,20.27113319184481,18.895380067225286,20.417373546009248,20.24597960422287,20.721156493661496,16.99142108646049,19.06337019257694,19.204359056531587,18.859911725869758,16.041690541777882,16.80501260190678,16.79505617409834,16.39367572849637,18.39714428817012,14.606445485838158,13.492148298747455,15.53495368578762,16.079328553719893,12.047283704323654,11.951530621933559,11.640684235704915,15.526020155991487,14.922325726999274,12.974578701231774,18.989254671478097,12.016982167980466,12.63829581502753,15.694148343004786,14.554169922897618,17.041240262761406,14.928319101839717,20.083056188627268,10.924458576009561,14.66336884616672,13.33117935171341,11.827802096000465,17.931211260681977,17.363733951825154,11.698144771713723,18.806038392919692,18.34922181926212,16.337821788049716,15.495635040861297,19.367635784827353,16.830526512722283,15.354887983290084,17.413026348069447,18.537514258048336,20.02410702519248,17.922280193799143,20.587240108042494,19.049752776501194,18.25173919446005,18.574786106655125,21.10598699075569,19.53564176379845,18.575365459024127,19.06473654079228
Var17,16.93798779620307,10.60115760555223,13.865631750965257,10.499016448897912,11.779427115265996,17.590400396549864,16.54713680097488,9.350422242666145,18.063567105301914,17.52002060330752,19.47198845785623,16.196118372069524,17.415888325960978,18.129099118329858,17.91787936091184,11.863588817404748,15.217690044132137,0.0,16.377349323302198,12.557771531609664,14.476074147125036,12.504582811298988,11.345392789326109,18.618233196360524,20.860161784217578,17.6902156315007,15.864486014377672,19.990282111236834,18.829596436870002,14.352796164700884,17.733118387567362,18.734826427881632,17.282662610408018,9.27308787576803,13.765968795469792,16.085491933451564,19.85348209060012,20.117824516491318,19.445307509784538,18.53868317184193,17.927390127454924,20.00224911174519,19.12135015935064,20.364185453659058,17.601513228630175,19.987686004522708,16.61312036682924,11.39228139108047,18.786371750562513,20.104211105708494,18.28717306574951,10.969080308465552,10.931474104091336,11.699396544658017,15.82861637668056,17.659335577048548,8.693219574617213,16.920553032077482,17.694636129867973,18.837966535861053,17.888318467831983,18.228809311124152,18.56613057830453,18.285292087842432,19.95046712830069,19.22661136474158,17.164282817640295,15.85499308705736,9.889265098842607,6.594038183491882,16.72487023402105,13.750780932349826,12.426470677646353,20.738652529890405,17.3616170944671,17.425424480351367,19.041862660515683,17.82461722464238,17.26501733915912,18.627035383817027,15.849162695182157,14.07462133634253,12.841628064055477,12.316576573939427,11.337026174498465,14.85062190279243,18.955378363526794,17.891685147135178,12.888039080343388,20.366284417293624,17.069558645925312,20.295779754598094,18.54621384231072,18.93193412829312,18.26925306488707,20.04607260948195,18.75752853019668,15.349142809012493,17.993848855393896,19.801068830329783
Var18,15.038935144722108,17.34836780617002,15.365094447221242,15.817959928954641,17.989966504875593,17.558614340077103,15.825333933096058,13.754110553712211,13.563092329208933,14.268413272823746,15.758347605123904,10.580900012342594,10.621319633401969,9.556447241207536,10.366351301320748,17.324068231145386,11.269262100896334,16.377349323302198,0.0,18.02034102979099,13.439632627092166,19.295679840202006,15.609253318286791,15.377364686938115,20.22482879522755,12.34056558821236,15.271543923578399,15.763043979516215,12.888279834375338,13.938683418131607,18.992915070675124,16.01816946007362,17.560065163262944,17.51342247197066,18.839391893907727,18.83306219208451,17.81622676281805,15.408988865700858,17.742903695123168,17.413335783066813,20.023895773262858,18.701236573538647,19.798358278747923,16.886148633616873,17.10430119826554,16.673479173698556,19.45424099893927,18.860973800334065,18.697202873078663,17.211553695802383,17.379433961193097,16.825392682283113,15.819119237751668,16.602830020327623,17.013896744973188,16.765035642013707,14.697563095354598,12.167110201519852,14.39540731181941,13.942220599545735,11.602335645298213,11.02732565507436,10.21667376577885,10.850453773203848,11.23832872896551,11.41078183295054,18.34500511164616,7.930342482538252,14.594727025711876,15.558562685386095,12.945872203876453,18.268119539527856,15.196033465603183,16.83889161122074,11.998354271842823,13.120328873735192,13.660360785139819,13.747820132934397,15.96059109450385,14.813761285576678,16.156057642852232,18.808677039210277,18.42793291937053,17.757201898649196,16.113685985925525,19.497096668245195,17.80287360161256,16.693900503831866,17.95253360498586,17.806110772454723,18.727382014113996,15.044623050075675,17.67334235922373,16.63811213473944,17.4769989766836,16.212656059070692,18.21030064822485,18.841402698452736,18.210980942763435,17.236581792459805
Var19,16.069204514834265,16.19972742877436,17.51127703339341,16.967826584663474,15.770363347171243,15.949834900557917,15.89220493704063,16.786160720852585,17.808101714134636,17.795290566302786,19.652651897191404,17.82553509217429,17.287674380562027,18.786008164209765,18.17848969710393,15.278370126309833,16.636687017180645,12.557771531609664,18.02034102979099,0.0,16.94100929942539,13.196467471846704,12.054304900595117,16.62844004354133,18.502974082412273,17.755812708429996,16.49181275500622,18.392122537748616,16.843471091754857,13.132398666408102,16.6231062378864,17.69462524278601,15.758875732892436,12.83543562218566,14.472907959737464,16.101317751366626,18.477623477362556,19.65564706670294,18.98611181644817,17.363395615105073,15.21034418810424,17.989283596715886,17.34219953017773,19.234338345548963,17.740119300059476,19.649383584517363,14.693389193980673,13.248202826875488,14.008225909748552,16.915310974868323,16.92889375875057,17.11415685506339,16.147426825441503,16.467399758313178,17.24828755824824,17.143889996719057,16.92853682286949,19.583507669168533,18.651796540937717,20.223840066831475,18.15902333411713,17.13415179684164,18.394373427490734,20.045066405385146,20.399623030056155,18.096147586983747,15.651813887999504,18.568869460326688,16.908409511158627,15.588673010287263,15.955333554112979,15.698176471254275,13.35109973823511,18.649230724817038,18.07469601896071,19.906142619989215,18.986411230762762,16.149159910222046,15.1374797382578,18.026432868103708,17.011105034762288,14.435897470952938,14.642058299883105,16.79577249948662,13.49825422839607,14.088525501869931,17.853235440067362,17.734784352463187,13.065573679859256,17.313230175823623,15.639310439760699,17.867576571375732,16.60087964599032,17.444856090147205,18.298684553076868,19.057780205718178,17.870868930423836,14.487874710424123,14.117626386802621,17.005188421129898
Var20,17.928781520956008,13.669424737180492,14.07843268235514,13.929616348004512,14.667287557706384,17.303400251420094,16.561251059851372,11.422042659267431,14.705568756424617,15.421951248402628,15.79568065899885,13.937615154778177,12.304560939831429,12.228658261125974,12.78514379828178,15.572091908909577,15.24142119647404,14.476074147125036,13.439632627092166,16.94100929942539,0.0,19.519603565758505,12.44026825749661,17.270057836391086,19.619415321856525,14.515476902090018,11.887338674294393,16.747961261130314,13.130512533314553,15.706370897466984,20.783331589508883,17.536983999600338,17.313576484467486,17.956987905715433,18.930084160269978,17.251026286627752,17.449544917580898,16.806845492994086,17.03613845583738,16.872383473855475,20.751484112353808,19.352582956517583,20.097212199913436,16.812226054794728,18.309189828511197,16.287852142794872,19.57247742008233,19.753926754273703,19.59181976342973,18.609683843306815,19.02269084409439,13.611487362170909,14.401233977903093,13.373350195898807,14.446013063824878,17.31576838347671,13.292301358111235,12.177822354366162,15.219294105901934,15.20410078512673,14.850059053476768,13.324877121909083,13.57890983249475,13.503191814489314,13.009827298001166,14.0597370610909,20.119764240313227,13.502916284945051,15.916347022872861,14.622872638280265,9.888113603391734,19.162948768958316,15.767964572835922,17.68685251696148,14.752555278926998,14.601032366506967,13.504097759002887,17.215119242529,17.22114963216734,18.105479072416262,17.360400307995487,19.104819124653254,18.687429770290244,18.743121205884513,13.62392929540973,19.871720803581983,16.888061743097122,18.27479766461351,17.13953743296059,18.962984167231003,18.97803235160087,17.951827439950026,17.23535646776551,20.120794114724497,18.44580570526127,16.59548382056005,18.14637376653072,19.186992888819002,19.579622500871356,18.643566535056788
