Var0,Var1,Var2,Var3,Var4,Var5,Var6,Var7,Var8,Var9,Var10,Var11,Var12,Var13,Var14,Var15,Var16,Var17,Var18,Var19,Var20,Var21,Var22,Var23,Var24,Var25,Var26,Var27,Var28,Var29,Var30,Var31,Var32,Var33,Var34,Var35,Var36,Var37,Var38,Var39,Var40,Var41,Var42,Var43,Var44,Var45,Var46,Var47,Var48,Var49,Var50,Var51,Var52,Var53,Var54,Var55,Var56,Var57,Var58,Var59,Var60,Var61,Var62,Var63,Var64,Var65,Var66,Var67,Var68,Var69,Var70,Var71,Var72,Var73,Var74,Var75,Var76,Var77,Var78,Var79,Var80,Var81,Var82,Var83,Var84,Var85,Var86,Var87,Var88,Var89,Var90,Var91,Var92,Var93,Var94,Var95,Var96,Var97,Var98,Var99
0.0,18.40173583459535,18.187582142210623,18.680209988012468,19.215267593332467,19.37076528118274,17.539558857644863,19.46058117006906,19.200288442706768,19.38257250744637,19.572215273449167,20.34979175921121,18.19687955145301,19.53905912151976,20.67355393903908,17.795634658878,19.955006184877774,19.442747621091375,19.767427537729155,16.305618441083833,21.53267765677513,18.68891385787169,20.3186024053985,22.330197106829825,20.42274715361466,22.39343758649973,20.051350893872115,20.905214194140463,19.12572991720359,19.06417020353992,17.088971600158676,16.212615269747765,17.92867513778995,17.92633469240946,18.73405852699021,14.803252307693464,18.400661717325807,16.367879228967915,16.900186422686993,19.202870241086853,12.907997422158685,19.48033778864041,19.537088029749818,15.68658062529254,20.051735402323484,17.461533040477125,17.35392828683426,13.637161200741582,11.946708856213192,14.594975562939954,12.107668500728265,19.84547736911032,17.660826133980546,18.154767554703987,19.42625874058064,17.69421516229059,18.441050449650163,18.65986223668325,19.599307290992343,20.145257022087105,21.30518878297609,18.93364982649757,20.74363767117969,18.974466449378653,20.191238025467054,21.023403117845834,13.66926573968445,19.88169334932801,19.514964706476352,16.590840536551838,20.065278841478364,20.463668168857804,19.17319555225412,19.570919471332758,21.34181792254736,23.85783994617154,18.790429464827582,23.113362372538923,16.45123658536444,17.634713167801763,22.62942320143516,15.371177285448177,21.066451974827192,21.391980884989717,20.08733146432333,18.09278623213,15.389129899928005,21.104629295913725,14.550474201497384,20.01491502211784,16.716527568161535,14.141738933160529,19.263373827162383,17.60512222318119,24.040970367959723,15.18428862480491,16.628464404555032,12.733292301962573,10.479614751547969,13.657226348664118
18.40173583459535,0.0,9.952654327245666,13.6195873738267,14.99929853743989,13.672677038369862,17.5147186493797,11.900243401365072,14.482619768704303,21.411251351025115,20.914664706633857,21.49019368084892,20.840619217786543,20.047615089352085,20.79453767920057,19.29248821810827,22.004187303069436,18.21824627585974,22.23555693556057,19.41652646525621,19.675836258651916,22.399267555577136,18.61293926418623,21.56481317295246,19.82344203230004,21.08977937560757,18.018648601809826,20.04697357382721,18.08300700909892,20.00654580307224,20.54432453324072,16.616676904545262,20.790251849714764,22.172755690364752,22.553692069292577,18.638275187634,19.6311691695536,19.647183082465617,20.22634167462093,21.413537813544096,19.736297787208134,19.97566414569085,22.2933861562839,19.05689056675444,19.311049279945188,20.00460645494368,19.450219380207034,19.036528683892207,17.984785051112038,19.22378553246005,17.144283979316903,11.407223673987366,16.95161342651119,14.266448361094188,12.670607690306497,13.724664379448068,14.163680796973743,12.477459490934356,20.203016931432057,21.94679569010984,20.042050636319743,22.029970207109944,20.953346261715875,21.540907641156185,21.6100602648974,21.169735261425924,17.046050406254658,21.477332324587167,22.61185855025572,20.335960038679083,20.594847376516707,21.988248381087264,20.621150065252955,17.94903742030821,21.82816827909157,19.998784695567515,17.37122527249574,19.471376801762,21.086160814225508,15.322597094099756,21.603846234543497,21.475469275586256,20.13129404083689,22.143645742363717,17.465599347114573,19.72886997244832,18.86423871978878,19.059698521104647,16.423667925977604,17.434188885836235,20.90507929343012,19.24222381692225,18.36028062475116,21.647805388991607,19.907385883784976,17.101353303171962,18.329911403598693,18.29904459951193,18.136118349331877,18.358396454322943
18.187582142210623,9.952654327245666,0.0,17.299852695165445,16.112433063524843,11.13452889057388,17.57244148411116,12.825535082732952,13.013861071992157,19.891684505179484,19.50169109108298,19.957540675606072,19.974741533645947,18.525650271922647,20.862600808109807,20.201158186874203,21.98868452202606,18.770246955645725,21.63312144308525,20.716127779348657,20.453779737396143,21.51231024480131,19.52587129134208,21.079939772193903,19.40541271303379,18.899299058457487,18.262113039629924,19.45219717553603,18.478121876751057,18.555434101705483,20.86714307361402,18.04919827579741,20.19356143135071,21.90675090461151,21.354687162428306,19.40163139338047,20.70795769961713,18.35520776349245,18.642488775929216,20.416360160600373,18.81241687291088,18.945276008589456,21.01495815556988,18.97500197161452,19.10374557185946,18.92652712601715,18.00913584558231,19.3415056864958,17.283857100678947,19.356448495008404,17.911629258227354,10.602609187928124,18.989041290350546,16.36625643231524,11.599470292190343,9.498522648259105,14.949800919318932,11.39883399542713,19.065738863997854,20.10778181398598,19.90323949944019,21.28593453420187,20.392479772585187,19.999105322081967,20.77176019897257,20.88165785966547,18.013426936863667,21.49061224415447,23.08833035818064,21.034765709517384,20.98262502193235,22.905832383273083,21.430798017467087,18.17590604143208,21.5068490613597,20.206882513191147,18.105992419217703,19.726482911983645,21.100861846498905,17.247687947521754,22.596490563917584,22.4969446108086,21.31118361223966,23.012139988643195,18.8997117880074,20.891257882802982,20.620217702334585,19.550187802223363,18.13000942051129,19.453320366481496,21.47959220476344,18.271765873621074,19.36911915188844,22.521537523366444,20.03748489602091,17.88512349785318,18.95268547541909,19.67857355468168,17.91712313102036,19.45985209604156
18.680209988012468,13.6195873738267,17.299852695165445,0.0,13.45553923792248,16.766110342287515,19.33290553629725,15.358973409616071,16.23367458301112,20.165652794639204,20.71728349596515,21.169858529864715,20.201903440662587,21.20717843865337,19.371399600763542,20.10095721030481,22.404141082622395,18.926106868899627,22.246381328515685,17.23176431574783,19.14254377749433,22.50845246703576,19.275454909347037,21.789968289284744,18.15380599073493,21.582406138329677,20.18582381577985,21.858393362050457,19.210448187830718,20.873039890541992,20.525324850465825,17.085686590813417,22.98341527850684,22.43642407962944,23.06028852935853,18.24301122292855,20.14385121722472,21.14407258671885,21.54063881499045,21.96352644482102,22.44357252081104,20.46956861283697,23.348969340499337,20.552185815695157,20.84104886199163,22.015917939240683,22.609301245813484,20.283746284196805,19.25641150806473,20.24126008899482,16.98011131430632,17.42277963319909,16.720853523405946,9.15597758394586,15.907828920718485,18.558090968359163,15.621443038501315,16.308432614485984,19.79913357020736,21.7449954361633,21.13025739998101,21.749135548372987,21.078352414531214,22.20097154894412,21.24668670674766,19.71503392040148,18.96053807299822,22.359927702516863,21.95883676204689,19.78612873457986,19.515163984615764,20.94622815290743,20.34269388253153,18.950175545366623,22.59538676790333,19.603619437370025,19.39481448398974,19.914478463009512,21.398423106512247,17.803153942134536,21.51910220172484,21.406383594942053,20.049235910404157,21.37723037006598,19.38954578993941,20.570697517683996,19.25648808899993,20.738165208865084,16.88930482302921,18.15284889209628,20.8023028050019,19.015324058475745,18.950748806616403,19.424034707424894,19.003098600303584,18.42863806475557,20.36183333452062,19.558922533267022,18.80802678733167,19.2678687351814
19.215267593332467,14.99929853743989,16.112433063524843,13.45553923792248,0.0,14.463625966971282,21.740471146246197,17.424277183079976,12.528378188832685,22.57290900284573,22.718682860420166,23.12567466487925,20.779679855742213,23.61581543653893,22.470973566477337,20.073476980856302,22.3802902759538,19.251437566593275,21.160448041395984,17.445917899145176,22.277198620234795,20.12132577878178,20.818794688350263,22.117979179774803,21.05735030638554,21.1119437083187,20.260054994631343,22.331287133173788,21.97476776886875,21.41553365431886,20.975441943163837,18.62117920612185,21.36453806855345,19.7609672905911,19.959615905473417,14.692621268911498,18.75199907969463,20.67492421583062,19.84558074586191,20.1190632331866,20.29571961315926,19.98512037543599,20.040956778327786,19.877787938850588,19.3898677680003,19.056177630647426,19.29438211432315,18.10634299810501,17.853021794906624,17.866580422350825,17.763134255242853,17.69175810240157,18.674523836467788,10.704083834758306,11.379017854644886,18.045099581188985,18.169623831145994,15.64576364002653,21.84369699659041,23.64324845421162,22.877420949765582,22.346959038852603,22.846683110713773,24.779507430421138,22.66802641350475,22.6977980718448,19.03719873031,21.6059091122585,21.32468239683541,20.53705561871284,22.250662729483885,18.838597816705786,20.889469674194302,19.98513666929553,22.674677962447017,20.48981371331519,21.674340481547897,22.105541248022732,22.72807926310489,17.508321678124194,19.523443141962375,20.079085521222204,20.39838911674021,19.88450364822297,20.33483031756964,19.655834374863392,18.94329820098152,21.79080663557465,17.094440476832634,18.93345298210785,20.504658323823534,18.70065215534641,19.61433844400086,19.380483693179546,18.89067679202413,19.387285965528747,19.524359247816594,20.367815777778507,18.33620712871313,18.463495197929184
19.37076528118274,13.672677038369862,11.13452889057388,16.766110342287515,14.463625966971282,0.0,19.519589535708292,14.371489681857447,11.700417342534385,21.68437875085164,20.3416643214754,20.596678596460197,20.67476649562807,20.376678810604805,19.845083400545743,19.62695209367684,21.303653372624712,17.610161366135525,21.44933073548823,18.11122993247273,19.801702020063733,19.77184970293616,18.218235675102328,20.08042703173302,19.346499659165943,19.45703919564837,20.13547214629027,18.567460009940323,18.322855462355413,19.57131530121657,21.869466274969696,19.83768395837696,20.446250405370893,19.22942395154597,21.2996546190421,17.18304374832803,19.78868630996596,21.35421200570917,21.00565010002037,21.642370191439948,19.54632078551269,21.524250229410367,22.85771673063584,21.56081999235899,21.76851682589736,21.488090247678038,20.39598413093907,19.96484985682538,17.271375217608696,19.907508335380225,19.4791097134952,14.716771570673655,19.68161364499664,14.805444103202785,7.004441390753192,9.913656966972471,16.473843226319353,12.776637798768816,18.94465027351808,21.620895210646587,19.976773713075623,22.19092623562452,19.991677992506634,21.564842622309765,21.168030178435387,20.854317757359244,18.066298421833277,22.05650900570529,21.76319921691106,20.27823659862276,20.25347083799012,21.79731416015851,20.80462921854457,17.686065240390615,22.156369494706556,19.6792431639349,18.362772608735902,18.45592751825965,22.392005431406524,19.699289228713045,21.228435149541443,22.274354437945476,22.727955244375504,22.77148766440016,21.11898069618387,21.968459682045054,19.74360617337551,19.29304628692753,16.292118659176978,17.447432168363658,22.385108912884014,18.71855390493043,20.222484315365417,23.075918226204045,20.467325753651163,20.449274096757105,21.118753379621023,20.963080509102284,17.255569277397672,20.06362309372319
17.539558857644863,17.5147186493797,17.57244148411116,19.33290553629725,21.740471146246197,19.519589535708292,0.0,16.045521174829688,20.09289348923961,16.048968019532566,16.856779759129097,16.465429674760706,18.82594204003121,15.824112363898452,16.25492716198121,18.553629342375668,18.683306938167533,16.99393257921169,18.69867168940335,19.977998510059003,16.191123287824254,21.118442767135104,16.720112006762193,16.537447784289135,18.280849888321917,20.18412337668081,21.611577417420342,20.607972982995506,15.079679188911738,19.573782603984288,20.59893881692597,17.799777208076335,21.18386293455261,21.386138061627555,23.21060587899761,21.97367463906329,22.630520467280284,17.82079475320092,19.22877443622066,17.64627614228622,18.05471438974008,20.70317465803552,22.762839036286625,20.89568557042632,22.35344525644851,22.38093462052608,21.34774781116015,20.938941066904604,19.91049908498096,20.9791343872622,15.879238157288016,17.00101970979477,14.4267035276278,21.0411866243179,20.71126835318977,16.07828729575641,16.1418724381605,18.043286830707967,17.784200752431204,16.27996473865042,18.30854731316794,19.340928621769528,18.13194479500041,16.030666390480278,17.062577476951308,15.902253193763745,14.674479498191255,19.02732130929394,19.244982503985707,17.330462684399272,16.443743421550224,21.820349305276608,16.65945221837907,17.520608816624677,17.48717220216538,19.84203455217733,13.968522072811089,18.18818506047566,18.79065338314877,19.1540281270984,20.93315228979144,21.226784519124124,21.455634016640715,22.55945520866048,18.555855724377373,21.02665176625501,20.9630965365791,21.20892887803384,19.27026841173541,17.90293807590102,20.6490898166649,18.23920436078224,21.632297284064705,20.92818358468936,21.48201973191368,19.686071573366355,20.99245987370844,18.002907880344825,17.14388421853684,19.90207565920032
19.46058117006906,11.900243401365072,12.825535082732952,15.358973409616071,17.424277183079976,14.371489681857447,16.045521174829688,0.0,14.390901163583983,20.200031771813972,19.64358180104717,18.713719649133285,18.93173667062832,17.096004214188646,17.50860631274714,18.72378614967272,20.176007539709243,12.529963481328457,18.710477484529157,19.029432962590164,15.29017490926636,21.686499681139143,15.115421094922844,19.263771573837317,19.19918940355952,19.32733771549709,20.420177216311643,19.750731217838847,15.927354829950708,18.91133190341534,22.747340933974964,16.241980924179895,21.54568994112389,21.70163223112757,23.711829407739124,20.21203168541838,20.6919339293067,19.975068282311405,21.9540125875582,22.243147542710656,21.475349189437424,20.936744596596935,24.305511633013005,21.46803851104967,22.699709846132556,22.517270107023112,22.214551950873883,20.801504446940385,20.38656045731355,21.385367041881477,16.741469831770093,11.124135562007442,15.340338289801204,15.199687270882276,14.32856606837032,14.492640457466894,7.697510701408613,9.016611151572151,19.786325301232065,20.132354068557653,18.80159224426604,20.90210312093631,17.82130541245159,18.543256501473152,17.08116868826797,17.158165777961344,17.027137144970574,19.857281310643614,20.09570524381036,16.658355310481895,15.89965199037264,20.334652818937315,16.246193011269856,19.3084622126947,19.865773984183715,17.559912129430057,15.236676833393716,16.960661176299553,23.38366912049757,16.28245615900285,20.439876753736165,22.87669808547277,22.19654323719508,22.842427997297005,17.925775199619547,21.29657659663625,20.392621266315917,19.76481986164996,17.69676820211573,17.04129630783211,21.285543424586216,20.53784342009231,21.60890162971134,22.5718200867748,20.22504152498664,19.33051053428842,20.71594411072857,19.626623182246888,19.685152295092305,20.55619231782251
19.200288442706768,14.482619768704303,13.013861071992157,16.23367458301112,12.528378188832685,11.700417342534385,20.09289348923961,14.390901163583983,0.0,21.50594090993174,20.871629007070577,21.5748313347231,20.650015937230343,20.17408210468915,20.81454567012612,20.56825789347015,20.77462326239393,18.10700653929398,19.931608103088934,16.93348850249817,20.00714125897468,21.339801009705827,19.378753648966462,21.08739801173489,20.25612232479763,19.88627736548706,20.01788211133721,20.389442386169627,19.21052426563229,20.790988705562963,21.147297854913507,18.04128484358168,20.607539532200185,20.13715678670989,21.25275174746105,14.424870371272256,18.976767765514957,20.257014977171508,20.09822857736166,21.37287894863129,19.740116798965957,21.7052756749546,22.01597049022902,20.085551271446118,21.5485785378134,20.52091057351978,19.899491974161805,18.63156444771735,16.691571168704165,18.44932770400024,17.593361210817434,15.360912724232936,19.395069896038247,14.498039652029108,11.256827096814456,12.92691484022216,16.764992340106474,9.92983729071988,19.637619427042136,20.846031409800883,19.235185688625617,20.732534980447337,19.31789081543469,21.012765461832743,19.165064567649694,20.783780437158168,19.231338604583957,19.22245002795454,21.440829445717096,19.578272301406983,19.325664473001535,20.2330213285628,19.56693532360889,20.073370312054664,20.797601114648074,18.46539011213788,18.742199901877385,19.988011251212136,22.922424762856604,17.308628048295972,18.556498311434915,21.06938749531088,20.83702234602112,20.94727297453137,19.505356357469868,20.77744166739262,18.4734355022855,20.18439162149177,15.765119094045918,18.08941699642836,20.535676761338948,19.81852793636437,20.49111885976134,22.035640304193027,19.47133972233185,19.182821596610328,20.412596157789515,19.974433210430835,17.620498006596875,18.69579362091489
19.38257250744637,21.411251351025115,19.891684505179484,20.165652794639204,22.57290900284573,21.68437875085164,16.048968019532566,20.200031771813972,21.50594090993174,0.0,13.997664857944311,12.104819109051371,14.4928968382126,14.992291050977704,16.5949844816122,20.87492376613354,18.562945133585004,20.6220073957986,19.124499930535272,21.98922945754156,18.977831366744358,18.873720452245323,19.82594982821032,16.781881124872836,15.230512130436455,16.840633448233323,22.274925540672704,20.44032533839765,18.96820584696037,17.556259750182317,18.900894021751004,19.923089900613117,19.840569634261637,20.900103380380344,20.078198631107547,22.64193730863515,22.63197843852713,18.44619833768781,18.53204027224808,16.805403621185786,20.24322474403182,19.46800076163025,19.424661041810968,21.2121618715798,20.92924674117169,22.054329750677525,22.193957685835283,22.61342438992063,21.29904564369568,21.903959686951968,19.304730024520836,20.59467584149002,19.78861727625403,21.27673238452704,22.84816940608588,18.93571818375045,20.319186749761627,20.844075198351156,14.386608357402904,13.486028615257174,16.46500598495126,15.441823462898771,16.64770457484578,15.856081686053566,18.709145037927023,16.620748182261337,20.031234128379275,19.33496034194891,19.09429566197035,19.33307445239343,19.618324612009285,19.4456406153897,19.634181168971285,20.40512649056772,18.311451754737515,18.336182541916287,18.687643952815204,18.760001359714924,17.10385526384925,21.629132195381477,20.9363810469238,18.986569757868267,19.221436098267816,19.075054404001385,20.6230608694938,19.457143595481583,21.369712578148206,20.621647523627452,21.138765863336484,20.70232465118205,18.439061254015208,19.722727489358004,20.05959065756297,19.98240483495332,18.950252794043823,21.01986197720671,21.038842291947947,19.41518407795496,19.974476142415227,21.325089792774985
19.572215273449167,20.914664706633857,19.50169109108298,20.71728349596515,22.718682860420166,20.3416643214754,16.856779759129097,19.64358180104717,20.871629007070577,13.997664857944311,0.0,11.413731409540908,17.616603788531997,15.994687155553972,15.265774735095649,20.75129806562165,19.223222913844275,19.48879615715014,20.06099115709002,19.879906719560804,17.083593605647344,20.13875183419027,17.570370479461456,16.77107917909255,17.11546358024319,14.507779295556606,20.39408159137861,17.3335508257723,17.032889924079363,18.061657139091672,19.395847877053537,20.50275749666091,20.287148412417068,21.042454892596485,21.12029862396235,21.29034386108934,21.521007845830123,19.322891557097417,19.793773425763398,19.246256440128768,19.79528135677018,20.18186335460412,20.809672968069307,20.75941165355124,21.69099046772761,22.02526148023918,21.47580960444871,21.29086656838181,19.945096213227096,20.87251065425098,19.706395085353,18.701818015071986,18.42383518566468,21.01892380199524,21.31770959613721,18.42647189976848,19.151158441650228,19.757736523037288,17.06857224701961,12.95518700557141,15.125356337788563,18.77232685240338,17.766594727694837,16.725069669145647,19.03344532344362,16.699137915314992,20.41713714041745,18.90034698863452,20.47030811767436,19.68864143334545,18.923243968301254,20.664306621730177,18.52678211964664,20.536298845123945,16.92870058074988,17.710828786823402,15.95378485918856,16.26900936509393,19.350387101076937,20.70072725691727,21.11866062164325,20.58587237472274,21.36075818926232,21.196669185449885,20.085510460642094,21.139968715977783,20.21533240138907,18.188946448971485,20.496250969189784,20.68878910862768,20.190122144362476,20.544963484510763,21.65976696988788,23.18149522184913,21.343043813146824,20.969479495939535,21.57997201361796,19.361097831234893,19.798260269954355,20.76236516199289
20.34979175921121,21.49019368084892,19.957540675606072,21.169858529864715,23.12567466487925,20.596678596460197,16.465429674760706,18.713719649133285,21.5748313347231,12.104819109051371,11.413731409540908,0.0,13.903480761386378,13.310274804581432,12.201075677211367,19.959719236997124,17.16889735701832,19.11694800810525,18.19083101369021,21.621548411375827,16.700960298852813,18.63536903081653,17.17226372569989,12.70130541100889,16.905695079782074,10.84931185981314,20.456066640135383,15.670519149889726,15.984470536679169,14.366375690460302,21.32373770750976,21.27875130992402,20.5849763076605,20.7869368799966,20.41887754564842,22.88052057481942,21.59225805996337,20.795069800811888,20.176878575694904,18.181812364453016,21.124260553760998,21.155577470053437,20.50462824865998,21.47534512926487,22.4288430110449,22.68803004949191,23.227985847162945,22.724242567125685,22.056650523770568,22.63891881698081,20.71873724081964,19.776558985602374,18.329452735255604,21.78914812139196,21.7960147130024,19.1842535522266,19.203217715472988,20.032377487962854,16.194713150010067,12.68008163394603,12.003264720183951,15.386254594746635,13.878071229223304,14.80135082591297,16.9916167635741,13.54901368573503,20.51323059115575,17.565160645364593,19.25325937611764,19.98639414958312,19.063350564698577,18.95843451278556,17.653288257320813,20.431637095669377,15.038364395380803,15.323312561941462,14.95571147329646,13.370297795114402,20.557074162714365,22.692799006090446,19.823646737311208,20.90061391904593,21.31441234523612,19.83290878073585,18.55584571112044,21.25641741039048,20.977204017550587,17.71275002947966,21.447227313696743,20.111548527738528,20.185273827769016,21.836931776201304,21.35632143869312,22.97378063297209,20.08739765997854,21.46648086226623,21.75957281044228,19.675227557098932,21.2635552237116,22.29904967440107
18.19687955145301,20.840619217786543,19.974741533645947,20.201903440662587,20.779679855742213,20.67476649562807,18.82594204003121,18.93173667062832,20.650015937230343,14.4928968382126,17.616603788531997,13.903480761386378,0.0,12.88234761991501,14.817708472568658,18.414220794605665,16.52175477763359,18.23861354354664,17.54524529491397,19.689848038403348,18.300259029232173,15.928761525980528,17.32699437854521,17.606872825171575,19.585541881247583,16.34347032734002,20.70068100081015,17.976183867195164,17.271332036396196,13.332278503664655,18.710210161205563,20.873702717485155,18.424561850532324,18.563300394414856,17.854753361830063,20.13169883801231,18.987751058896727,20.07093607781634,17.516443037248397,16.893024261665694,18.99554430249189,18.47700524181489,17.583176819014795,19.14348369177634,19.042188771825145,19.90991831972846,20.682849436938223,19.95299850340862,19.95151986826853,19.28590805230993,19.16675062067827,19.82055276610621,19.211361890202024,20.12489714012169,20.64533805541756,19.01577760311425,18.915672747181716,19.390846632525488,18.11624755679789,17.08374784862047,16.066055831930804,9.353416617248309,13.675574195286776,15.109010068298256,17.022193370562807,14.49555930970062,19.327976562783007,18.811300946852413,18.140209540830224,18.05929780343665,19.34085496188133,15.469009078199369,17.12517030465773,20.860060872155767,19.124121411866614,18.19754556825068,16.39131153326835,16.87234822495425,18.804172174704277,22.495407191612603,20.354115189384952,18.12568092097631,18.31584792776341,16.934146113921766,19.09764772266112,19.356206106937083,18.56477250923572,18.614707774706464,19.395835602096533,20.46257047000951,17.51415397351029,20.35761667385992,19.36960164904379,18.426337763365552,19.27061323769421,19.088582483088647,18.91220182009046,18.464055881562484,19.35998624638396,19.512397195594385
19.53905912151976,20.047615089352085,18.525650271922647,21.20717843865337,23.61581543653893,20.376678810604805,15.824112363898452,17.096004214188646,20.17408210468915,14.992291050977704,15.994687155553972,13.310274804581432,12.88234761991501,0.0,12.313420597257355,18.434410329478045,15.25496182799491,16.969222119333256,15.954777689614984,21.22985292504525,14.439956028870457,19.317399449361748,16.39134870648629,17.44407202228243,17.999827560307843,17.32336804632253,20.380130034312398,16.441880743831454,16.055193981503933,15.037225888647964,19.257659518364125,18.614999650836324,18.191398263210733,20.323212539174204,19.87691552839672,22.42326589639027,20.71435401851316,19.675479407367597,19.23394508046474,18.531158532719875,19.99193348815308,20.94795318043517,19.69722218922488,20.48451332983988,20.97033698933882,21.480658288595155,20.96773980497416,21.24297639709749,20.702462461951253,21.68626728231858,19.452788442121857,17.49046551611489,18.99206679016548,21.65737746716668,21.46061474159525,16.509889596455874,17.987628254674185,18.711244297287653,18.526696596042004,13.676792877193348,14.580709901552767,12.17378273750771,10.78172366904518,7.299094738816107,14.560336550049302,12.03201340213985,20.16409612225515,16.99538055535573,19.00284363705851,17.97088663640132,16.99445101939011,19.905735209877594,16.74969181529232,21.750984444013834,16.96325887707193,17.961626845223677,16.05513495257581,15.225932169110925,19.59194123839741,21.308617454038107,20.218073446466544,20.75900275883366,20.4856000935002,20.55542310307632,19.394653540058705,20.18112295304333,20.819261011151323,18.289011029695427,20.635329435319854,20.58774584687802,19.306483162584737,21.7228701591292,21.66275778912846,21.92474068776473,20.624485651480477,20.162813378193064,20.929794936945854,19.21745909196652,19.730595941736976,21.07700897682301
20.67355393903908,20.79453767920057,20.862600808109807,19.371399600763542,22.470973566477337,19.845083400545743,16.25492716198121,17.50860631274714,20.81454567012612,16.5949844816122,15.265774735095649,12.201075677211367,14.817708472568658,12.313420597257355,0.0,20.91738346064601,17.228577347184423,17.1705505203044,18.380181603221395,18.01536954885191,10.938985212480976,20.13684279991547,13.763938278980028,14.33590859586309,18.311165200854525,15.307161250057804,19.372693700527336,14.94089165011983,12.443093581774338,14.483613202592425,22.26201124837201,21.22796997379701,22.45679449260485,21.34671569274412,21.938073724148865,21.16959390193633,19.91768316147945,22.78833821201612,21.75483916416447,20.16130446263541,21.77187507144087,20.87989316723405,21.97203858759261,21.531695679720865,21.560322556818097,22.76072562237424,22.57658171391081,22.10200416160434,21.37078303781331,21.63350952320047,20.29999576512006,19.59537480830616,17.853076159680555,20.52661308643939,21.424861359805877,19.183062557396276,18.11605675703668,19.69757947965231,18.415143395319596,15.689566801553182,14.097787479602806,16.52761854543385,12.730522472043203,13.191651784266943,13.27146208335865,6.002898350829812,20.963639324701667,18.35731784898903,19.97069536787408,19.39901314852852,15.100434267566085,19.456281657244883,15.852015431040918,21.560949280526053,14.941311172557754,15.521263632700368,13.10548510332305,10.996256257311217,22.629611993061623,23.52992336364856,19.343131335109625,22.000029235688853,21.163486691825565,20.683978977395537,18.66366172865285,21.983516950561825,20.20031870027907,16.88092016418073,19.848959949935583,19.860974243034487,22.03547557512877,23.22967160583524,22.85619183144141,22.246362792995097,20.664352060932227,21.238228480296343,21.843387745317912,20.51516617802389,20.33721412330662,21.60487015528949
17.795634658878,19.29248821810827,20.201158186874203,20.10095721030481,20.073476980856302,19.62695209367684,18.553629342375668,18.72378614967272,20.56825789347015,20.87492376613354,20.75129806562165,19.959719236997124,18.414220794605665,18.434410329478045,20.91738346064601,0.0,13.719660225376645,15.206230903496664,13.441224403723798,19.26444419358999,20.725465242730294,12.190263262097265,17.621485366262743,18.819383303289182,19.65040497386211,22.28654736822924,22.06878329086687,20.078553924495413,19.53647612631424,19.78176712800027,15.71695348562021,17.0358683370187,12.601002399292454,12.262734844724465,16.450529627357316,20.114428965092262,19.35316146617446,20.68442343879676,19.82786331016148,19.647387298113124,17.76489308813322,21.816943542498333,20.170217587545867,22.252118505713675,21.251227748713777,21.07799943674475,20.65751991716494,17.809211392261997,20.091187820198865,20.573937320087467,18.48944211555158,19.383499891295635,16.3992434737976,19.672388244910884,19.5709726166467,19.31693294899327,18.76255395280612,20.134512692411956,20.60630609674715,21.26485385018893,20.23900343077761,17.64571299735093,19.74860685977575,18.547872754365194,21.099660801945,20.944440372719956,18.24004932730178,16.168894127995376,14.059394697882633,14.02277222664122,19.640859586562502,17.033478294876208,16.88171439222761,21.18170127775796,20.609267307223536,22.824796266442277,19.292871476935435,21.01616818526751,19.05937970009034,17.3559604728023,18.346925065515617,18.57112300356033,20.984637205062413,18.524256654814984,21.777624747610435,19.78440500791528,19.21877742802362,21.71661875079031,20.00793915145272,20.176340518755065,16.95059585028125,19.75692513013116,21.408930749924583,20.75958609472345,23.0608927352489,22.48756147753593,21.71209054659081,19.18703913920364,19.09911041342763,21.2857930147954
19.955006184877774,22.004187303069436,21.98868452202606,22.404141082622395,22.3802902759538,21.303653372624712,18.683306938167533,20.176007539709243,20.77462326239393,18.562945133585004,19.223222913844275,17.16889735701832,16.52175477763359,15.25496182799491,17.228577347184423,13.719660225376645,0.0,16.172540063124085,8.828646732778585,19.606636717378688,16.82500662833408,13.172897496919104,16.13779637784501,14.745990300771554,18.169355528228422,19.8106939285132,21.206216212720797,18.75154672876483,17.896156046188885,19.696637508858394,18.67128268470493,20.068921186223555,16.451491768171227,15.299220357542756,17.22347088746908,21.141136797065148,19.92882372425609,21.861038932415504,21.34051892201793,21.389394444383683,19.541670551391835,22.31290691638822,19.98184359472576,21.766244943072568,21.188701200557347,21.96057480118128,22.38478639996027,19.532233844490936,21.21266898198889,21.75656942171845,21.58838463555167,21.079962340291324,17.918265169499712,22.316676070482547,22.020080404497172,19.803301552424102,20.81238828994637,21.396552067500977,21.056605709064865,17.80077702067653,17.872727236021543,14.421801788165116,17.11248132185082,14.720360667081351,18.12394220241953,17.27318784103021,20.84631055661319,10.138437575869752,12.299332635608552,14.369572157354789,16.666474337497725,14.071642301022647,15.213720326002178,23.75069988309569,15.345385756373137,19.108537066725624,18.13258956116088,18.826595951059467,20.383361429534013,21.411859785491394,13.701764623650174,19.144040073767822,20.15481835175597,16.422562105099793,20.436170904902365,20.426370531489365,20.541204195313377,20.77994384182594,21.41837224717484,20.43126119201114,18.762238806059436,22.576847148609357,23.41355502906597,20.99941162735668,21.862009436692464,22.47890781182941,22.31654642081494,19.931139745149228,20.28006744076201,22.272049321825914
19.442747621091375,18.21824627585974,18.770246955645725,18.926106868899627,19.251437566593275,17.610161366135525,16.99393257921169,12.529963481328457,18.10700653929398,20.6220073957986,19.48879615715014,19.11694800810525,18.23861354354664,16.969222119333256,17.1705505203044,15.206230903496664,16.172540063124085,0.0,13.465441338216724,16.38912164962601,13.608591538048938,17.025634532017243,11.405547784493692,18.57718152024929,19.8670720234535,19.990405518479307,22.00779920044225,19.60710933525461,16.297420597764482,19.761388371961864,20.59587988559252,16.35309736040834,18.30814478407507,16.585158327033582,20.83769811360591,19.68772973017134,19.829191676432863,21.46455793241105,22.405007806745918,21.96846069405989,20.02697414303464,22.46294724829728,23.398424369920757,23.211835220532155,23.51724351597281,23.24609076953769,21.95090855673067,19.948992053040328,20.263660389953127,21.024078624366037,17.814623348456188,16.069123552031737,16.35594195689058,18.16528312275949,18.116858864175992,18.25971036334854,13.898415715682072,16.852783223702144,20.72616652294809,21.38432076591807,19.497266262271715,18.951987862968505,17.363852815081515,17.14853836778419,18.08173160980606,17.203506141833167,18.12209667886357,17.467299381394557,14.54959581783615,10.613198599168092,13.941426915693222,17.172523512355347,11.23403514553677,21.380076808855492,19.542789239771107,19.207549814218627,16.763918462436692,17.56455456083681,22.247422643548607,17.195719295531056,17.888627507892355,20.918265029820716,23.17372347490936,20.87657569304683,21.10867005431989,20.850893523951207,20.15396729266201,21.12014383223214,18.72154921341024,18.87796025594153,19.94906168500083,21.69057419911025,24.130990476174023,22.83235289701562,22.15296360273329,22.309861843827814,23.08257527145284,19.994443431445667,19.3387597548111,21.24746883833471
19.767427537729155,22.23555693556057,21.63312144308525,22.246381328515685,21.160448041395984,21.44933073548823,18.69867168940335,18.710477484529157,19.931608103088934,19.124499930535272,20.06099115709002,18.19083101369021,17.54524529491397,15.954777689614984,18.380181603221395,13.441224403723798,8.828646732778585,13.465441338216724,0.0,19.351707172684904,15.72111356908232,13.414026024960412,15.44115393782597,17.056646043976926,19.561014675823664,20.078144004741983,21.35226133936846,19.749201616943267,19.119433244089542,20.01420594409009,19.1175496254245,18.07337221293944,16.070103137899995,14.861092692252711,17.021411348204044,21.012406945077093,20.421242023700994,20.88367762586622,20.954325483554147,21.407003784217327,19.641801806571237,22.08961037358485,20.59647678440376,22.410418017557035,21.87011418120893,22.035228440673507,21.78665332878341,19.517731604410983,21.82313618883413,22.042321547717545,19.81080028698499,20.43375521315621,17.464333651782407,21.702332021662624,21.70515496008149,20.576344823029523,19.496525334964726,20.703752096012757,21.167347361111887,19.10390389015732,19.00481958647816,15.786450039866944,17.532614612985718,15.112985412328973,17.25814602289388,18.206260857323983,20.36583704762398,9.986204622738509,10.782475216843824,12.678363999255977,15.677809862353255,14.144800858461744,12.42675871346744,24.069635018586364,16.287759010354492,20.078021582536863,19.098106965717765,19.694450259815817,21.08303560838827,18.5383186841851,13.415141873736998,19.122200233545662,20.84791995373015,17.30478842733333,19.76134725444069,19.34364971843701,20.97507922962984,21.660330970302784,21.663218909552523,20.415762067253432,18.005759078832412,21.701787067789468,23.892097647131497,21.45458735828649,22.32272954632291,22.771847435642137,22.416827058197693,19.770299723448,20.421131618475368,22.15705206716184
16.305618441083833,19.41652646525621,20.716127779348657,17.23176431574783,17.445917899145176,18.11122993247273,19.977998510059003,19.029432962590164,16.93348850249817,21.98922945754156,19.879906719560804,21.621548411375827,19.689848038403348,21.22985292504525,18.01536954885191,19.26444419358999,19.606636717378688,16.38912164962601,19.351707172684904,0.0,16.6075580093317,19.03408255431377,14.075727822034477,20.137788704617616,21.830922408801197,20.870650273621127,17.682330721545835,17.93492069352735,14.515106244380156,19.369959564133044,19.793802302589537,20.64361537216777,20.72144275127276,17.800258476510802,20.332883584251963,11.542271839118133,14.9267538847684,21.46274393076369,20.71959936578005,21.51015196523341,17.32150547424132,21.402226980514783,22.120690719386477,19.07518712107058,20.653917610777636,19.93220096933315,19.59265210663481,14.061866248832317,14.637034474582403,14.405724180517211,16.53741861004968,20.085422431793816,17.099819515194895,15.630534982641253,17.277947648450326,19.38625805417715,18.518591049758097,18.10729576731882,21.09100552113729,22.98055212830244,20.320457775432747,20.13328016435714,19.491355560050422,20.764866451122806,18.086632919533,18.692221172296307,17.99021108759303,19.14561488346576,19.103357545152164,16.68814436183856,15.724709445288212,18.534379141835267,15.22063209913294,20.512809133320605,20.08457063295781,20.939302382099022,15.46033462715192,18.25209845702317,21.44017283437488,19.94153921256775,18.79273141487853,19.158358189575235,22.168608911986112,21.43674567739514,19.57937370315112,20.2556405746474,15.20918847172449,18.60021346657901,12.451531911103068,18.14649899955709,20.241577458490813,19.47997699147991,21.077614019121043,20.3041103903037,23.47739391583864,18.944172791841808,19.77654771631185,16.345912682021165,14.830346363389085,15.285033327619448
21.53267765677513,19.675836258651916,20.453779737396143,19.14254377749433,22.277198620234795,19.801702020063733,16.191123287824254,15.29017490926636,20.00714125897468,18.977831366744358,17.083593605647344,16.700960298852813,18.300259029232173,14.439956028870457,10.938985212480976,20.725465242730294,16.82500662833408,13.608591538048938,15.72111356908232,16.6075580093317,0.0,21.219539999009417,10.555664117766572,16.219303334197676,20.23537273847391,18.067454531058257,18.362420819894385,16.43369064937136,12.911751887315884,17.863216981964957,22.893573046538258,20.33634011245765,22.69818730191636,21.75027653329049,23.05280262673373,21.43976703218464,20.110441974988188,22.385520043896165,22.93006414471185,22.425405684590483,22.432414441132057,22.026194840428865,23.78508892196964,21.85090051518529,22.09565927897149,23.12024630521162,22.824546011386875,21.889084888384662,21.98089288513242,22.10481389283784,19.528750915256943,18.12193407433017,16.239114360242553,20.465526989842708,20.93972612801197,19.62242340104363,16.006327838781395,18.704688775790945,18.986839435419217,18.39079026220364,15.693822798883962,18.956559674371896,14.785864356794262,14.222392789433124,11.954238846675064,11.338383791885263,20.060103146422488,16.139134679839554,17.292951721502195,16.290228372363714,9.507438955773482,18.846877491183218,11.330229870326006,21.48021833504148,13.66945414862712,16.280056549081756,13.28991595425052,12.594593101370108,23.005085151914688,20.825053178889807,16.442126426433013,22.777737572408792,21.857889168157868,21.28904265932505,16.887853752214582,21.336766888671157,20.88990443677961,17.81539669073928,19.67329903567354,18.571344279888795,22.65494825818798,22.4640344536766,23.78151652821279,23.12769872054121,20.732791323974368,21.210272190057413,21.907060571188996,19.98421864858413,20.87900371021793,21.25240968502041
