,Var0,Var1,Var2,Var3,Var4,Var5,Var6,Var7,Var8,Var9,Var10,Var11,Var12,Var13,Var14,Var15,Var16,Var17,Var18,Var19,Var20,Var21,Var22,Var23,Var24,Var25,Var26,Var27,Var28,Var29,Var30,Var31,Var32,Var33,Var34,Var35,Var36,Var37,Var38,Var39,Var40,Var41,Var42,Var43,Var44,Var45,Var46,Var47,Var48,Var49,Var50,Var51,Var52,Var53,Var54,Var55,Var56,Var57,Var58,Var59,Var60,Var61,Var62,Var63,Var64,Var65,Var66,Var67,Var68,Var69,Var70,Var71,Var72,Var73,Var74,Var75,Var76,Var77,Var78,Var79,Var80,Var81,Var82,Var83,Var84,Var85,Var86,Var87,Var88,Var89,Var90,Var91,Var92,Var93,Var94,Var95,Var96,Var97,Var98,Var99
Var0,0.0,17.733983842414773,14.392991190226654,16.848763889282022,16.53735140120249,13.353840408645965,18.313527803237314,17.9337359855348,17.98035620851385,19.367240632376735,17.49517830187845,19.127810486373715,17.563025784234572,18.426442551956747,20.014527792778317,15.207570020948033,17.318202643703966,16.672549500867515,18.690789929762015,13.48354236621239,18.617561263212384,17.847744571101323,15.837149029642768,19.67948629420924,18.874973138200723,18.776371374323773,17.488394589439082,14.956912575868673,13.908276794755244,18.70021800202625,17.48291652619865,16.39988154357039,16.636046040090317,16.148693663966835,16.798348556952636,16.861894063149755,14.520158419047693,16.145037308151537,16.88810598737399,18.151445757155408,14.371572022211353,17.330717294335223,18.078955385966115,14.108611808621568,17.01361166928628,15.325208418527511,14.89622185452029,13.003169253086297,11.47074172456486,13.83108105551907,10.685323200086716,16.35560722785193,16.69901954259012,16.21696520120231,16.125886612127843,13.782445875442955,17.4865890173726,18.218109563413865,18.335278596967964,17.804215684034215,19.604033257470395,17.908127306746973,20.189522180178255,18.688463235287973,18.712822026567153,19.779877521061923,15.055139596028587,18.10826291260083,17.36002748952408,16.845656040383325,17.954209542768115,17.910500500500657,14.491578372120289,19.767214008467832,19.381557021976874,19.929507156600614,15.176939030829308,17.727451507843107,16.056731851001054,14.355654345443204,18.623193485986686,13.809491354105537,15.087535091436465,17.301401844682328,15.957594071395409,15.208975171607902,14.205490225355698,14.659574224827722,15.40190903943303,18.02714782513921,14.054149806983068,17.552906319445,18.10494510285933,16.786040922439724,17.69794506714716,13.164300072661767,14.971841374916336,13.158763887473324,11.771842617441164,13.720680013085708
Var1,17.733983842414773,0.0,12.870574667142256,9.037527713963012,8.667914226560033,14.499639995650412,10.566662630425235,9.02659694306151,8.838989259728113,15.50298537089865,16.925780545702008,14.963424931308873,13.918992554145953,10.390940780966229,12.278022412116922,10.493805350570968,12.664786556463168,14.109538626838729,10.016995875156447,15.395443949048776,11.931899459740563,17.527702762005774,16.026915767914627,15.679569644751536,17.014497703571546,17.775424212591812,18.23441648283089,16.67420697471118,15.53527117738592,18.10126376073034,16.10786072416315,14.269143729948178,15.123037448168846,15.995763862918096,18.053617985227728,15.679254126908186,15.903459885779412,15.864835991344318,17.742897699110195,16.315258979310766,17.338520854489314,19.165115875319216,18.82249481510471,16.971945782615766,15.872468946873942,16.965189992786705,15.674108107191973,17.568300967232975,17.903199602014407,15.926483019064536,15.400764683652891,10.38775157900632,9.776354387705469,10.3172766694619,11.28928280414369,14.338878622158571,10.750950236840339,9.886287094518174,15.27934753898951,15.887686065196702,13.775478414463032,13.295028248240804,13.615365395915248,12.021203765408428,14.13698261047547,11.86697456683847,14.464287369919944,11.83549266122999,11.497574506710626,13.27033495240748,10.835947870335486,17.627581510570945,17.07395825086296,15.007845576122707,13.670339500054563,16.984627471065323,15.616347915551403,17.187785606825916,14.82158406200367,13.704063426630084,17.195227586902885,18.72971391808561,17.51390664697737,15.859789894723411,16.088113654618954,19.027898974003683,16.981681642893665,19.425222074085408,14.748885100049336,18.15706506300439,14.631998798408594,14.82417703140915,16.319967275784744,19.662796833758424,19.218585203175117,18.67316292028921,16.726986697691476,18.060881536570417,17.973219898489123,16.60430703821641
Var2,14.392991190226654,12.870574667142256,0.0,12.50616393120237,12.328694013013264,11.834208193820826,12.744291220012622,12.858291702088664,11.45527973089,17.291922935360446,15.548885960203533,15.147074528429313,11.363162474722467,10.827588803519072,12.686140827012053,14.943355052486442,14.208778828325425,14.133053709604564,13.093833278308193,12.963157676643357,12.751162520006266,16.70493271938125,14.404434425763492,17.593086068968915,19.834390187810232,19.42434738244143,17.802894092848764,16.786779174307426,13.08890239086854,18.932758988373376,16.899047906281453,16.54974679436419,15.630215871762065,14.725846950385735,16.774445902766598,14.882339363669084,16.384014439465634,12.906756298678488,16.124600548721503,14.21165053416622,13.8142584475894,17.364102633948512,16.06834948743182,15.17641341364391,16.03757524069497,15.338129491805367,12.971399889478707,14.785947413012556,13.534057942186852,13.919609137426855,13.661247534655168,11.766601848026841,13.508350050248534,12.291476234119143,11.17785079471073,12.020821606952822,12.962292248041383,11.690690220096718,15.240835107232247,16.748917331508956,16.313123657831255,10.901416398927575,13.594270017846545,10.857715874489621,14.001264979411783,13.131115598480697,13.314960345442856,12.494904647341365,12.718372150687035,13.691528928771818,13.144459106464664,17.928361572437037,13.426495249530245,15.623237948399758,16.452723531679524,18.960232419506962,15.565373210476661,18.107201819051763,16.153488737336847,13.259447459791703,18.19577395288353,15.968697586557166,17.533336450527102,17.813240112631195,17.099405214227467,18.01459083723935,17.49982656722714,18.58446601801343,13.899355172196401,17.77822946600669,12.764421514907465,13.537668205497067,13.854619710876298,17.57158243323948,18.471664430368268,15.727217023687938,15.119050431683425,16.029978174930285,13.581201568531302,14.502217243981622
Var3,16.848763889282022,9.037527713963012,12.50616393120237,0.0,6.612494195844366,15.033248497146948,12.180608577724309,10.286541844953373,9.921692685174085,14.571878985229914,16.85636106145076,14.713340406805584,15.046311587170084,12.965647239126238,13.664134614033218,12.190510453192582,13.710393804638862,16.1708490539579,12.437891935767095,15.735959815286733,12.453871496859941,17.386911964771496,17.586679755222136,15.62829328736608,15.988249391964178,16.203277776199464,17.06482567143972,13.786691760968568,13.741846093553375,16.969446630882995,17.144677655520898,15.770503266538693,15.38289162008882,16.395613014742267,17.386391652491405,15.821001263668157,14.134033591614578,16.27925649960366,18.585167862347348,16.39722583869723,16.09797985257417,17.42837341725525,17.95325348104642,15.083500340958654,15.697670807011312,17.54953695515766,14.840225273260536,17.433703725134222,17.62316954744378,14.933499734996252,15.665977205018885,12.704293624752935,10.401219866875001,4.585466538148547,13.002338991417943,14.637518890572304,12.601864298587062,10.977492844290591,13.7869848734532,17.211736258728884,15.370771160975359,14.673188307842363,15.051455273621182,14.499138272461737,14.472720826912278,13.818876403095821,14.035896619283633,13.775772362317554,12.543639940490298,15.398115495166758,11.468840981110448,17.713420535607952,17.506996741552292,14.712063577618903,14.037864805407224,15.678142916810678,15.310639327788875,15.88781469953845,15.625999603020933,15.027014275602282,17.08734210904997,18.780799762624735,19.04590773640694,17.227194564526776,15.100949820560405,19.594984305464695,16.329928080109188,18.36053020957532,15.618952602882665,17.27068243356483,13.787315428791828,15.761242353251994,16.28779422538412,18.327778589510125,18.155198608502015,17.591953148512065,16.705888191479556,18.378255336296473,17.93997249988358,15.174426398697081
Var4,16.53735140120249,8.667914226560033,12.328694013013264,6.612494195844366,0.0,13.768482957288441,12.97793539039989,11.138342989757543,9.432049348634472,15.14898751033217,17.444042453642698,15.82274657031359,15.203844125467493,12.650521075669326,14.032145997605245,11.458360267810667,14.174214163304866,16.353865462723178,12.964990169934634,15.32539643669403,13.15006886083791,16.89986960002196,16.400822888882068,16.49988189109422,17.18632681984193,16.956026779942242,17.879834293706867,14.386168727876992,15.015560559804047,16.833168369984616,16.273218372314297,14.382824338959807,14.924905399183217,16.192228412090472,16.649705821779545,16.27484724163493,14.864065256213822,14.93143787530703,17.91636411675849,15.88927779204702,15.46538037092691,17.548909639617595,17.286600099369853,15.924775252077518,15.654909971549495,16.319282098886674,14.389379269034498,16.24221646841917,17.525343235843643,14.718677872914801,15.583793872805785,13.874701813749745,11.580848172029043,7.5748932311447925,10.168775984279005,13.925283053762847,13.521334890206985,11.12173073224448,14.202637849923514,16.251472123840067,15.260505812077463,14.217671179854463,15.203958191608661,13.265007205248608,14.640055607100178,13.782149403052856,14.066534143747784,14.241931111792104,13.150059241091501,16.062940969656644,12.726848630107908,18.359863995381218,17.208986541066064,15.749068905660032,15.158964577277874,16.683924541809784,16.01799554417638,16.316214650319544,14.664299921615132,13.979412735566763,17.95441414580628,17.676451812706137,18.304275741137772,16.920898874619038,15.752642830163161,19.005419155225624,16.726524236397346,18.039039741234227,15.256421541205938,17.838448660915624,13.786650874022852,15.754100414208198,16.038493855595444,18.66752937339801,18.097981051915255,17.66486990810232,15.824353869433054,17.36778008275682,17.79031859906768,15.13209624439918
Var5,13.353840408645965,14.499639995650412,11.834208193820826,15.033248497146948,13.768482957288441,0.0,13.364371354507053,14.593188020956616,12.767177560012653,17.110464684708024,16.828052956200708,16.761719201026033,13.843692956016909,12.533060734492706,14.603964650133134,14.454403816068485,14.880637249315877,14.193624764025877,14.099349518736611,12.342451989067817,12.768418247848947,17.01541257469024,11.505258457348367,18.98889974565792,19.51430183487927,19.1633615286062,17.596977887522485,16.988745333717215,14.304129647453061,18.578379006989973,16.322343524490933,16.257645004191648,15.49749836340247,15.107043859721772,15.855888870377832,16.18951583420327,17.035353983200825,13.94636002647153,16.027246508563994,16.179398181312358,15.307485450690555,17.915321060527944,17.79702484768465,15.319608775648138,15.401742042702468,14.495954304486355,14.689172038111902,12.704811781749097,11.56366357342202,14.428795440357144,13.779334400408572,14.931056126840826,15.24688906664913,15.415500273108332,8.165158329518338,9.084211966159359,14.85868629907117,13.424717829957489,16.478980988031008,15.570069020274337,16.70213169474624,14.112288661774329,16.379560878838884,12.902123433462439,15.300813835577074,14.641343921038212,14.457063514750084,14.403395698745161,14.484694804229282,14.56562197115268,13.636119161365587,19.31643230110867,13.174495164825169,18.1862313197895,17.231711181218927,19.33531116268393,14.858549887970723,18.624616572627,15.396457949713275,15.836465732343415,19.387041984564185,15.4243509732151,15.888571790717238,15.673881265328006,16.397640925788426,16.855374101580292,16.50413976283929,17.37486696563651,14.015887345259957,19.591604395058138,15.827768303812052,17.126725491307745,16.832323105310362,17.775090838220553,19.162305842910822,15.288075983690511,16.125518650803702,13.554644048082718,11.895027048861163,15.811851204772502
Var6,18.313527803237314,10.566662630425235,12.744291220012622,12.180608577724309,12.97793539039989,13.364371354507053,0.0,6.043122720081338,7.088037543955825,14.624759102764012,14.398507487576364,10.079640303287869,10.85138954740655,7.735744937128956,9.317481870630754,12.319755416971727,8.972692477774748,12.757764527499402,8.2850198176557,15.030189658607425,8.356009123614879,16.5891785762367,14.460979655569508,14.082910667414499,17.243964158772727,16.751463567552932,18.360057839235825,19.028850897197966,14.773462401623403,17.677516196221983,16.621972866000373,15.933644235397582,17.635146903689026,16.353658821385416,17.644908364020132,14.961398380628689,19.285318787272622,15.504923474102862,16.90496462113095,13.72549122524784,16.648199727750466,18.01049094246578,18.356506922974535,17.49047620453176,17.20213805216762,18.468352642504804,17.12815075546844,18.553080378624088,17.023633695686716,17.301300970382023,14.514941280956352,9.802652034728741,9.712523742046274,12.440982011803989,11.952121525616825,12.745350934382845,7.088184458980897,6.149901556982644,13.44390293304571,13.046023265396064,12.20308712074756,10.222037105845649,12.377101571020713,9.69302691849679,11.087008625114809,9.092701624865956,13.154422287339003,7.77628878062149,10.406290439139964,11.411963872749597,8.520602480819576,15.465461033582688,16.493629895580483,12.678352164873946,11.627579837062651,16.1093242644748,15.545178932201376,18.307331838292182,16.592215120141528,15.115448136333594,16.8612998748272,19.645782395858028,18.841191440494732,16.516579251263252,18.207738251273383,19.787702947591878,19.8154750795991,20.801690429366694,15.134229338882168,16.93887278300413,17.388926104743216,14.364935882632603,15.410512412025865,18.979407833062012,19.557601739196436,18.839420188607075,19.06736171898808,19.237021996587846,15.811670398283557,18.217238123670853
Var7,17.9337359855348,9.02659694306151,12.858291702088664,10.286541844953373,11.138342989757543,14.593188020956616,6.043122720081338,0.0,6.958440850759356,14.884822311635453,14.734182343411787,10.545830438546629,13.015590321092466,9.190730855274364,11.262008181975036,11.101855683413213,8.383056880340312,12.971553493830088,7.942981678388441,15.51747705251502,10.123165092611487,17.273917427408303,15.976287819109748,14.27546503519782,16.38562513010168,16.76743370875796,18.49523261107152,18.10364861533887,14.76050121573904,18.421312199925673,16.386581425013496,15.87654554297966,17.586037648499268,16.642005498836877,17.94248702393714,15.893609567057958,18.95560955509879,16.791712902489582,18.100233779080547,15.487751720676894,17.010840981765643,18.823499542290115,18.918901088336877,17.174359450042658,17.207970808326007,19.05995635466733,17.013602519160507,18.78394646079975,17.782589956959278,17.582979443170913,13.798605355903288,8.754189117046415,7.388111553505408,10.000987768765329,12.483578832809341,13.684154261581398,4.711304680100423,5.550960075505625,12.743626613812468,14.532256451805958,12.924858248488023,11.23348136010176,13.343429681179185,11.085950460417468,11.372333632636023,9.953703251987305,13.254226441745105,7.934247224403582,9.233702635447104,11.623152267945178,8.22288063525409,15.405873512466698,17.040216897381374,13.083960085965916,11.683812221056872,15.838977594360106,15.75452745509387,18.401115820099946,16.409487979733544,14.357827204666027,16.584584776379195,19.80279153231168,18.40191344961123,16.138803696865104,17.195078835603745,19.88973675312926,19.859641965175825,20.204374997896814,16.15647438511009,17.084260439864913,15.798636516799924,14.260313876110876,16.435647446276892,19.362332055343195,19.39163094690099,18.719853687997727,19.110651431862497,19.26598477436185,16.84494172407217,18.334370060129423
Var8,17.98035620851385,8.838989259728113,11.45527973089,9.921692685174085,9.432049348634472,12.767177560012653,7.088037543955825,6.958440850759356,0.0,14.79682364894452,15.002528237273447,11.924024228769719,11.656323357274882,8.339395320945494,10.187777088652606,11.67138890864466,10.783139073520896,13.161816978366508,8.937161243259812,14.292539139940407,9.559883956265596,16.69588360270154,14.969794805061227,15.091946757747207,17.38957545862309,17.476113988201593,18.3372142376338,17.692983686043412,15.095272765117022,18.054578461157444,14.889859717492726,15.378969919950553,16.580080379664615,15.174735682870644,17.11872975482331,13.781988796870445,17.727526037017817,15.687405799072112,17.19816840939726,14.746454488052455,15.85924520898056,18.693654311421444,18.52744343238077,16.14947420261053,15.63617177181148,17.953757505196105,15.380411663569593,17.048179402935283,16.149169961443715,15.532277982932255,14.52188927920597,10.735762207436162,9.597050884496024,10.21202427082573,10.305016257291264,11.21792362335027,9.138931894694974,4.978079796449791,12.650429205649518,12.769783992625793,12.571867874463793,10.231298702566377,12.84215816263834,9.16582220451143,11.3713027666849,10.575427835099168,13.356424028256718,8.763387934800454,10.176768436423858,12.323703969110985,9.403552335771339,17.352371185916006,17.120885798379387,13.578365505867236,12.783681824945507,16.46656915163296,15.87510131379742,18.568438100160368,14.707420889612179,13.915306074469257,17.790297557170557,19.33180300886271,18.79139541387891,16.74749918135543,17.950298564194483,20.290167807284558,18.908659655302113,20.644735268444826,13.869268966121306,16.93964333553511,15.721751914251925,13.840085741174804,15.640916914860629,19.256529845403044,19.85082390067406,18.371598054431917,18.470648058759824,19.006175147072344,15.942739586874362,16.92590482211302
Var9,19.367240632376735,15.50298537089865,17.291922935360446,14.571878985229914,15.14898751033217,17.110464684708024,14.624759102764012,14.884822311635453,14.79682364894452,0.0,12.286170573656428,11.790463147496277,16.51208881335445,15.118649810460605,13.91040234942979,16.564752801481305,16.04267167597823,17.523404312471737,15.027129376714532,18.188432819579635,14.637705155287673,17.28635683581773,17.447101773622826,11.347843390459996,9.170206151638608,13.548678042068094,16.7829405012043,16.22649690349,17.208946548928857,15.008193311505389,16.73719719069848,17.10527463253417,16.953241641866924,17.231572361309,16.73812498607052,15.108814753151815,16.02662891759378,16.325476096239072,18.482550496739837,15.37155111425173,18.05733874464844,15.415487906315787,18.148172679014706,17.620461748184407,16.928440557831895,19.23052290890979,17.54073741001086,18.178191783179983,18.587058884648943,17.80485666522186,18.015096542596996,15.466921190943946,14.99764429051287,15.34508376374284,15.989722486448736,16.434736889640977,15.761428466490958,15.451849713232715,9.182153426340303,15.13781104223499,14.880595856302087,17.299467529371196,15.078986814600706,16.189953859589693,13.988622860797337,13.270636246820194,14.416024090341743,16.468285139063333,15.658197126889633,17.081260646031392,13.867733277247153,15.692969840542053,16.90642973482947,11.025223512008345,12.439257484522274,10.408340341418642,14.974504299457626,14.824755275196106,17.020818097899095,18.33809996040104,14.14034912723986,18.388294427840773,18.665763125440876,15.083208670150297,16.127725731061858,16.910712207609933,16.256415569695967,17.26293630709789,16.301773833785557,13.748545323028331,17.98078650152483,13.440808900787182,14.432357044019975,15.351694901062746,17.59048842519518,18.857165410743324,19.105818968171246,18.058134780470404,18.371434072507792,18.029375818196893
Var10,17.49517830187845,16.925780545702008,15.548885960203533,16.85636106145076,17.444042453642698,16.828052956200708,14.398507487576364,14.734182343411787,15.002528237273447,12.286170573656428,0.0,9.615597954312985,13.427458661642468,13.810314412833682,13.981544257191835,17.251783259015358,14.480532899257259,15.301220273150252,15.51096892727914,15.578833977689866,15.825093999481913,17.70965182841363,17.891810194910292,11.394585757342629,13.842413671145408,14.623746406753202,17.44695506950173,17.743153654007543,14.942841665402225,17.780027168570122,16.102811982675497,18.701395974256485,18.52524556461719,17.1172302024759,17.093030420705876,15.368656997709312,18.644276054990822,17.464692964227176,18.548314135609047,15.359452969555644,16.387256651231773,16.04323770367539,17.84725933840487,15.22080270827551,17.212757090038302,19.11943184135571,17.126936927199864,17.657222349925622,15.441607451864902,17.14328982025863,14.782626827209846,13.635719006715933,14.511639172090353,15.899749227312249,16.558899018175033,14.203701547041671,13.898432848426756,14.834318881645226,9.40543060586867,12.694626206287227,13.61177344514906,14.180965172855943,12.673928550613661,14.653146042671423,12.776307455138072,13.348582246678525,13.417463810170345,14.336803277097783,14.431742818717376,14.871133254739462,13.170386528711695,13.646445262560771,16.433988768800756,12.489046212290516,12.393922534401758,12.781646948817595,13.84021301865998,17.28763363050878,17.37107895254168,16.14493773798749,14.391934021725676,18.419820138108598,18.403192540910542,16.706576773097115,17.628268317636167,17.979391085834013,18.468992932400887,18.65384379018199,16.409910464507412,12.801644438477702,16.99557747645259,12.135593421828219,16.245148800162337,15.811720997958597,17.85138913251915,16.485533458013542,19.643815869408396,18.04420249040824,15.025137946044406,17.553530990678105
Var11,19.127810486373715,14.963424931308873,15.147074528429313,14.713340406805584,15.82274657031359,16.761719201026033,10.079640303287869,10.545830438546629,11.924024228769719,11.790463147496277,9.615597954312985,0.0,11.608989808311199,11.274210134804074,11.881160685511643,16.21027182776856,10.504519940391473,14.428751739459287,12.13350626608617,16.0981283029872,12.835552940595091,17.84516371501919,17.475123722384403,10.75373496285454,13.181939022722641,13.43508344129843,18.445535652886484,18.132716340036062,14.794686432428206,17.940004406559574,16.77000557329255,17.915068020961385,20.151276229740198,17.546212094598566,17.84825542562362,14.353778746326071,19.03796344009868,17.22662457583477,19.375047355965098,14.695502105189766,17.55198876643146,16.384101232447872,18.421797303656668,16.084374672847485,17.660409139672176,20.29324992066947,18.40030923529397,19.433956726984714,17.013500438380998,17.853626731560656,14.86154527880809,10.748133989252851,11.696199452710134,13.445229585532664,15.863492081499748,13.88192497036588,9.933487213989595,11.223299150031572,9.68589471923185,12.973876911196145,11.269699523820153,11.251442157195713,12.565503920739687,13.248447852019911,11.651172903939905,11.281376996270835,13.045215488470307,10.965500287633137,12.574926080470703,13.080598250320898,10.280988644225856,13.470086421316461,17.11725077089359,10.210378811034213,10.03548322232589,11.907013562989187,14.672172712190601,17.596753000677346,17.210049438007974,15.603905135282677,14.686465313594125,19.78622606948792,18.99740109304675,16.61412074354864,18.011042142685657,19.714523152604833,19.045555469165734,19.73578853259814,15.821410814594746,13.717941516041499,17.72129893900061,11.135990698073238,15.581777376825041,16.447263258391793,18.747552657705008,17.67644599843868,20.021766319514665,19.78908871631158,15.996800239852204,18.118658003326757
Var12,17.563025784234572,13.918992554145953,11.363162474722467,15.046311587170084,15.203844125467493,13.843692956016909,10.85138954740655,13.015590321092466,11.656323357274882,16.51208881335445,13.427458661642468,11.608989808311199,0.0,8.490383315521466,10.21810033343617,16.093134876554053,12.236286910088918,12.427449811783035,12.291227731238102,13.19886136285942,12.209254302796023,16.046348372038068,15.534590640418386,13.9339689780826,18.91223775634594,17.86023421720878,17.9000256037402,18.212812757854792,12.824112435514593,18.405960770994554,16.09109555995806,16.40010978392018,18.45891386224269,15.88122577834136,16.993804545097127,12.858279939020154,18.05975278801556,14.551444196792037,17.02529240197426,12.233369313624289,15.3107130591437,16.778794795097106,15.76465333235708,14.99225729639495,15.550780140158452,16.7551656343444,16.31625988059835,17.085742779933295,14.841241568566364,15.120220641473825,14.413654120961455,11.702919049780169,13.659457164531194,14.330174312042184,13.170958395709077,13.013356425868608,11.903288388015318,11.604605775482058,14.633469555776388,13.905076072704484,12.116050474002648,6.941521110307891,11.657148056632325,9.6201214412095,13.742739723652022,11.14625127608228,13.828767778651313,11.417423464642384,13.331185537393193,12.11809993684324,11.59895890902902,16.13810424124543,15.882149248506279,12.986537992283857,14.532243283724174,17.466474816612802,15.09741944941767,18.20331039212189,15.306058040754722,13.297128479998912,17.597563429686364,18.21035134412516,18.131700303635967,17.832838352277115,18.23251788050044,19.44577890819743,18.602878562219683,20.01071444222513,12.800704645001025,15.805223000104753,16.9545863279509,12.94032369542747,13.321736233464783,17.37257202547918,18.211686882430207,16.507982484797374,17.032994357055077,18.754829209304976,14.48561674179921,15.532303326552913
Var13,18.426442551956747,10.390940780966229,10.827588803519072,12.965647239126238,12.650521075669326,12.533060734492706,7.735744937128956,9.190730855274364,8.339395320945494,15.118649810460605,13.810314412833682,11.274210134804074,8.490383315521466,0.0,6.427816383220769,13.529082891286698,10.533640840949017,12.01239594061484,8.623747237892001,13.692933956819255,8.61607023870655,17.09866335485146,13.78728541829322,13.803269609742468,18.205591873517022,17.718287483626092,18.562156065242505,18.995496218940197,14.369299877357758,18.238499822255367,16.952791087884133,15.687670484942762,17.735835872668236,15.64962952375756,17.558048255321314,14.875395317769739,19.216506464267578,14.757235821563054,17.685354633997292,13.355945031492084,16.981946057670612,18.437107873067728,17.478793216575745,17.36585139871915,17.017927634196543,17.371880489505177,16.86273535409503,17.58857033643358,16.172940299368964,16.977094315085026,14.871402114190104,10.199572530499383,11.535278673698498,13.216105799003692,10.645456282833688,12.544508558756194,9.36199093560297,8.13848415131805,13.422198957941742,13.186188398201027,11.54779705104616,8.052514129674451,9.184503894518771,5.982036349156602,10.322594965059299,7.219583045409163,13.453952048641634,8.767401924002437,10.041739412231996,11.279263773419338,8.530821821351198,15.86641149005407,14.948590618074542,12.762668943962426,11.887878767372005,16.584296026322317,14.982968618991675,17.720619678249733,16.54399767991024,14.008877377920316,16.528333329948957,19.058130696887176,18.66981672624582,16.70058210307441,18.202306291394784,19.25006865255022,19.778247079088906,20.40970114880583,14.095071917466443,17.21272720164062,16.871313865646254,13.236824229337916,14.883650400076947,19.57832658009253,19.296742195738656,18.492374575164543,17.875770598221294,18.32626210414536,15.48934332349618,17.896075250353274
Var14,20.014527792778317,12.278022412116922,12.686140827012053,13.664134614033218,14.032145997605245,14.603964650133134,9.317481870630754,11.262008181975036,10.187777088652606,13.91040234942979,13.981544257191835,11.881160685511643,10.21810033343617,6.427816383220769,0.0,15.377711177828221,12.513218027891337,13.951068350766185,9.443890106346942,15.620985111008,8.160265319337055,15.80317081419634,14.615473221033275,12.203143631094257,16.98920786708546,15.81977932465642,16.28965131289934,18.398685970303823,15.090583100727214,15.717136445828803,17.44605506760846,16.30837596898045,17.810325588861417,16.284488649279016,17.369940162472084,14.878042559347007,19.276115297057693,14.858829827424511,17.215561591902,12.826854332064407,17.242326445520135,17.218273973720326,16.45241981151872,18.09702468591965,17.360364502284497,17.68623260622889,17.36871352388979,18.96852329482395,18.133008721564806,18.078794777056757,17.671747848456448,12.702440243704604,13.429707360280196,14.384607724942956,12.527116395078915,14.392740478798668,11.651209824675814,9.745592417413443,13.590460349186353,13.444274461891409,11.008416952022452,11.011154729019713,8.527489087477047,7.967615560444501,11.079739686175511,5.758709369908836,14.641988856347034,10.900570027273144,11.94785120951809,13.495718232952052,10.161321262677127,14.634078496594473,15.91224801421044,10.944132985598706,10.663908029053824,14.163298435339016,16.061526682147576,15.507425518528184,18.253549504777865,15.712071307526633,14.340352374023972,19.91357425614589,19.988705455288265,17.055517553179723,17.78009084530266,19.534544614467716,20.11329613552763,20.362298288396218,15.421342208091168,15.971426575130993,18.502786982294396,13.89792667088003,13.911335484894028,18.575544863446382,17.21947315828088,19.856040781627076,18.231936663455937,19.47410625009296,17.478746699119448,18.79855589370928
Var15,15.207570020948033,10.493805350570968,14.943355052486442,12.190510453192582,11.458360267810667,14.454403816068485,12.319755416971727,11.101855683413213,11.67138890864466,16.564752801481305,17.251783259015358,16.21027182776856,16.093134876554053,13.529082891286698,15.377711177828221,0.0,10.934430852331287,11.553975126791196,12.044589366725212,13.418003291478852,13.434135478151235,15.166920416958092,13.783632858312203,16.34803413738164,17.518659098314174,17.464959304113833,17.90758837559426,16.861134961693544,14.851796999513232,17.72374014195362,15.094260592737495,15.293813295808093,14.519270588860678,13.830432168995124,14.140733417190182,17.134555778505913,17.765083628853798,18.4321669392119,17.210089769897326,17.081887582049315,16.488744901969394,20.290771596990435,19.031397333290858,17.520186837556857,16.634481636883535,18.409519045211283,15.374743999556529,15.10890461877219,16.45239937887634,16.936642983922283,12.01572342683861,12.007280304604476,9.763921487987384,12.308217359350703,13.681601086871186,14.794814544735939,11.848224991438537,12.733199361562411,15.60889960971832,16.50427221550372,15.844639356990735,15.902880499073454,16.797151972699165,15.186807871297681,14.931544318136337,14.560035748943093,14.14629145282941,12.672146921005556,11.035017057204957,11.64053905092091,11.661892464815564,15.711708188718182,15.417913646182637,16.878590524576794,14.216896232737307,17.311988951213873,13.284218663995887,17.32505555345709,14.92167999278885,15.563521424283827,16.261139830156278,17.55428228035191,16.841587646157247,14.42444681988118,16.230299663404455,17.032418250393007,17.1855379561161,17.77493720654156,15.529967821489656,17.94015882904969,14.54374969455842,17.644327443354584,18.535706781391315,20.48788906207659,20.110809515870557,18.118272699272435,19.082211127187573,16.417922389541953,15.648877582274977,17.886375912087455
Var16,17.318202643703966,12.664786556463168,14.208778828325425,13.710393804638862,14.174214163304866,14.880637249315877,8.972692477774748,8.383056880340312,10.783139073520896,16.04267167597823,14.480532899257259,10.504519940391473,12.236286910088918,10.533640840949017,12.513218027891337,10.934430852331287,0.0,10.892240975908786,8.037866605395438,13.890219618383968,10.8232793476845,15.229409675831523,14.907105452606114,13.542295646752267,16.591040732786244,15.310132128432231,18.464010180293467,17.172898464491798,13.268344558246836,18.175285873493294,16.197800008883316,17.179985197723834,17.90390089341906,14.144194787187121,15.669330488957915,15.757917514796993,19.39225968520592,17.97869654653269,18.615979335633675,16.27905926193478,17.128156708867216,18.67577721813712,19.104443419742932,16.987159639071116,17.408416364209163,19.77859998953065,17.612940747901217,18.00750552920659,17.154476695830805,18.10941681889419,12.799277147287892,10.043025991455021,9.169067988952383,12.444572132127668,13.76693653355592,14.194281720738758,8.130963045530965,9.647062060695099,13.3106916667556,14.687099330344736,13.618542323115365,11.558358598616948,13.686046444963617,12.108826215737247,12.330314646530741,10.915240694564332,13.859210315986411,7.616689180091651,7.676471443529288,10.069798502904991,9.052705270880518,13.625209653199859,15.224711695766603,13.512227184173895,11.220208937556762,15.294459958394215,13.503131789872922,17.221986149056054,16.64934055382825,15.537621682892713,14.475403124796182,18.467177230000225,17.48870550713073,14.752198931645657,16.647266048777112,18.816325565219973,18.825534667997644,18.070088359230024,15.463846919565064,16.145504072139172,16.1155375441814,15.12885984040243,17.161194698348922,18.696252351847665,20.130680148621444,17.46409743345439,19.82840700054934,18.15082693421214,15.837296799060447,18.792193516308913
Var17,16.672549500867515,14.109538626838729,14.133053709604564,16.1708490539579,16.353865462723178,14.193624764025877,12.757764527499402,12.971553493830088,13.161816978366508,17.523404312471737,15.301220273150252,14.428751739459287,12.427449811783035,12.01239594061484,13.951068350766185,11.553975126791196,10.892240975908786,0.0,11.960445714735497,8.947081367740385,12.979974830555562,15.460932256782538,11.07980373348059,15.947692393136151,19.088141162497738,17.943267084498466,17.456201207067327,18.258600804482924,14.082134342102652,18.590125793389248,15.62455853706034,19.207385078381094,16.29339741050724,11.129052592324417,13.532619283533068,14.04306028094329,19.05236288862694,18.970187839861563,16.709663428755224,15.796672132014994,15.527698593967473,20.284852549200668,18.703125613537555,16.910182497408613,15.648728730981114,18.289147328634375,15.719041733902257,13.745556142659346,13.051886961206257,16.114951397594616,11.38353177389763,11.129696936662725,12.717852073459635,15.764156653365461,15.11315329157124,13.349716784223093,11.542575740186702,13.806749357779436,15.399992505140577,16.315193492878407,15.80534654398555,13.02892193028349,14.445121786840454,13.51143722575999,13.782362466480569,13.884228789102169,13.22868577613912,11.861466249806,10.619179497137415,5.806713150201478,10.027187428318184,15.053619775766737,12.209522973679451,15.327902605945555,14.921293680350901,18.05894917936321,11.494154610747406,17.55457687199705,16.383849667904123,17.12676191607495,16.413843229329352,16.353706298271522,15.732637155005321,14.172584369668375,17.232189375245603,16.16343687062378,17.722743129059037,17.380163520302993,11.79663023530777,16.21148719682429,15.595767142652793,16.754695761103626,17.37152801346872,19.684213225996952,20.398396701835868,17.174460908970755,19.675367105917715,15.717768125386838,12.058024321891285,17.31148925281204
Var18,18.690789929762015,10.016995875156447,13.093833278308193,12.437891935767095,12.964990169934634,14.099349518736611,8.2850198176557,7.942981678388441,8.937161243259812,15.027129376714532,15.51096892727914,12.13350626608617,12.291227731238102,8.623747237892001,9.443890106346942,12.044589366725212,8.037866605395438,11.960445714735497,0.0,14.581674419055256,7.25518334468852,15.002523612227634,14.207340161202264,13.935829071787099,16.93691484145781,15.733170356249756,17.273902166837082,16.617591728237397,13.677575764374781,16.791991528140926,16.691248860326645,16.768857548034845,16.69149032571534,14.291871385316623,17.056912964296597,14.692880548873994,17.978967552248633,16.03488803261856,17.420679523445976,15.347283743965994,17.001100862346085,17.70446315947913,18.188979282257925,17.15880522176417,16.211144469573036,17.97856492638731,17.33393636783912,18.679922630352742,17.87406345755468,17.043624502013838,15.838296316119905,11.398288264034395,10.419866438301389,12.790128674526095,11.851374921408036,14.750566903490576,9.326600523327846,8.251439013391161,14.238209174652606,15.11287044335398,13.010583188603128,11.568833280205705,11.869894118440891,10.078599663350209,12.6377754499944,9.243778951493496,15.560811889376863,7.133602025562453,7.983607874318836,11.643777384078234,8.434765956301211,16.0391355034288,15.974281471872011,12.694361646784806,11.798910940252817,15.619097354687613,15.597686043055502,15.99550749004649,17.424341315562952,15.687456150086588,15.277200032908269,19.049753680083093,18.582130329396243,16.140844899283888,16.880359323244797,19.839737101186515,18.72435732251742,18.961492137871648,15.100616697499627,17.005641833344864,16.90160398106309,14.964455264043352,15.271193306579349,18.830078850121563,19.434369183092755,19.125170392838502,18.27594191247472,18.869588703023915,17.464420826128517,18.314283441482555
Var19,13.48354236621239,15.395443949048776,12.963157676643357,15.735959815286733,15.32539643669403,12.342451989067817,15.030189658607425,15.51747705251502,14.292539139940407,18.188432819579635,15.578833977689866,16.0981283029872,13.19886136285942,13.692933956819255,15.620985111008,13.418003291478852,13.890219618383968,8.947081367740385,14.581674419055256,0.0,14.20996989342137,17.323505281924213,11.743738389964996,17.445657239776228,20.0873761772392,17.918090953353698,15.429326370259805,16.01080272439473,10.722706330032366,18.619670960071172,16.408758967709815,19.151953822475544,16.351644594182314,11.93461151176367,14.054321348690918,12.739756874008188,16.54799581248843,17.61867426240867,16.290134501899733,15.946868864275043,12.896554701913644,18.743567180201374,18.42356846192171,14.097280706721337,13.779907126417134,16.58036654530699,13.92131899845539,10.698762157601024,9.404407428482044,12.850192114819983,10.322572738927432,13.596155939765424,14.719069427743035,15.130971506521515,14.427844434219775,11.747636492389512,14.870790784404223,15.592664815856832,15.862971939088897,16.99842271708594,17.19230373743746,13.654896480970224,15.387005241077574,14.953484804357306,16.093647266771107,16.201297308414432,12.105398410838712,14.719643024064924,13.0483877779281,10.028955734426319,11.616029656595803,16.349942850598488,11.31639811190482,16.40051456392092,16.59276837036664,18.712732940507966,9.85140742324867,16.559756941238778,16.065324253297902,15.930757371441985,16.918820738803486,14.358805138783906,15.070472294089077,15.868814272141574,15.60759802686455,15.015848936806702,15.532671489433268,16.387641032176326,9.442628778407883,14.979530697721835,14.743971533446404,16.402372551587888,16.395710996606457,18.787134059414726,19.442010292629625,14.76474796832587,17.350180656323104,13.214048638902543,9.075398594397942,14.101181546386476
Var20,18.617561263212384,11.931899459740563,12.751162520006266,12.453871496859941,13.15006886083791,12.768418247848947,8.356009123614879,10.123165092611487,9.559883956265596,14.637705155287673,15.825093999481913,12.835552940595091,12.209254302796023,8.61607023870655,8.160265319337055,13.434135478151235,10.8232793476845,12.979974830555562,7.25518334468852,14.20996989342137,0.0,15.607036930334226,13.243806225995945,14.421952706621573,17.595154603144813,16.279714130994236,16.95952955148978,17.06413925008024,13.587291005831807,16.26061109931176,17.669614635211893,16.824132653705547,16.902432955627066,15.33083841883828,17.174671223286435,14.944336074873396,18.38895984039107,14.722534939011075,16.55037032968996,14.227682084124764,16.77562997388646,17.01710392462778,17.45478874279975,17.44546584000799,16.99073778141207,17.563812699326675,17.373199020858976,18.107598444024966,17.079783509629088,17.33334417842376,16.418712289616902,12.618818069074484,11.73866668834114,13.423126272364287,11.715316287463933,13.71233820857606,10.737815119588504,9.444220625836504,14.648378587289262,14.953999486833501,13.563860064116097,12.022041999018482,12.451962815405798,10.560463369725387,12.899558950207592,9.941546727731044,15.053909230557787,9.261053444433363,9.860875030733892,12.468241599369877,9.141244025238777,16.49287495891337,15.386826532155647,13.051830450269145,12.069834667441926,15.811050870787644,15.666470177659331,16.13368880419606,18.469290478305986,16.42815435573754,15.78394014632568,19.204438292862065,19.828514697591604,17.2667422269963,17.852960572043216,20.09301676487315,19.187440587497075,19.264755514477486,15.082954201548784,17.459195141303297,17.3532944657112,14.91117479562281,14.478492205371612,18.21821293949799,18.80595281899011,19.501041632296484,18.36157197015656,18.86077504407554,16.484609079964226,18.554892158825783
