,Var0,Var1,Var2,Var3,Var4,Var5,Var6,Var7,Var8,Var9,Var10,Var11,Var12,Var13,Var14,Var15,Var16,Var17,Var18,Var19,Var20,Var21,Var22,Var23,Var24,Var25,Var26,Var27,Var28,Var29,Var30,Var31,Var32,Var33,Var34,Var35,Var36,Var37,Var38,Var39,Var40,Var41,Var42,Var43,Var44,Var45,Var46,Var47,Var48,Var49,Var50,Var51,Var52,Var53,Var54,Var55,Var56,Var57,Var58,Var59,Var60,Var61,Var62,Var63,Var64,Var65,Var66,Var67,Var68,Var69,Var70,Var71,Var72,Var73,Var74,Var75,Var76,Var77,Var78,Var79,Var80,Var81,Var82,Var83,Var84,Var85,Var86,Var87,Var88,Var89,Var90,Var91,Var92,Var93,Var94,Var95,Var96,Var97,Var98,Var99
Var0,0.0,19.314020969258888,18.860993088162857,19.164410863347822,18.694290010955395,19.458316094253448,18.204350087709457,19.187977435832796,19.169355764903464,20.287278516977985,18.429599730633544,20.93824399976402,20.12073748871184,21.32333719327469,18.753334445510404,15.114798151765388,21.456034142805095,14.730386742702718,20.993785895292017,14.505019914506729,18.743689067918616,17.139998992621777,17.20000197919147,22.3677119348237,17.729244252934695,21.29699203934981,18.66969649029607,19.942671389002697,19.628180097177662,19.043810445499727,16.228256412988443,15.376787857362354,17.618458884960344,16.610099938132368,15.795070154312544,16.034355553405636,22.224787441425608,15.293264704938906,18.155538024893577,17.82870084167369,17.08418275863944,17.861614955727756,17.336390090728134,18.58590057824195,19.34534351790845,18.202065528068477,15.586944949180111,14.399395872339484,12.5587151257623,17.202968557190946,12.40122051313349,19.76195478385626,17.57683368023878,18.811851707759693,20.23463459450196,17.78590166984518,20.22176309392956,22.75942781727477,19.2985965704401,18.449370665474145,20.577885145902496,20.43557919056987,20.134145279097922,19.24754190510288,19.796924525216543,18.882412858820466,18.455252245690218,19.377677003186207,17.3740664316286,15.745997481151463,17.58947959065322,18.28690206763905,16.49303397413703,19.45364620116437,21.768758103198152,20.555641474504302,21.05411087580324,20.3901146211691,17.0426554012812,15.830942133141527,19.639180928491275,17.767023641538113,19.220772613899218,19.56230717484943,20.35755457405083,20.29678732556324,22.064868648676526,20.831496256645572,19.297160858212315,20.8430170728527,16.52435809129558,17.82041058829221,22.293616077989533,18.48219891173664,20.31293619241352,17.93081995262306,20.41131352487273,12.888046261959575,13.27705589639238,17.10238185390682
Var1,19.314020969258888,0.0,16.679962006087678,8.394891173798577,10.152624898200445,14.469276534824433,14.724681408363411,10.742990136638218,13.069158135594998,17.271993425636488,18.009590319129344,17.07373858222524,15.705208573136616,15.83725633950768,15.911309737860336,14.913146858971432,16.557083411533352,17.516764869013222,17.016614344764967,17.25145389230064,17.070134828038206,17.49842045315222,17.267258044330465,17.734067587633017,21.945834759831264,18.519697947134333,19.482793443153753,20.099238456265088,15.524339117871687,18.67923739476627,19.1088930244998,17.924973901632157,19.4221138454319,20.629230304756128,20.647318745045332,18.003476143730147,19.66348183166472,17.85560096216616,17.324109192488883,14.720248251834388,20.117314605273222,21.428498429077614,20.39753923702409,20.490220900940653,18.62803356077449,18.322835492151064,21.056935703169522,20.451916118126213,19.418560687254253,19.958809103852413,16.532717101596035,8.787722965338808,10.704718692658961,7.580225320196794,12.62037773184655,15.570259356596312,9.898749045753354,12.090498614162417,20.121368996239166,20.930252512193263,16.863337461146045,16.874567470284948,13.348287635229855,15.182424427514812,15.77155124728064,15.558443459070435,15.737563522956158,17.700674254165456,18.23402734029164,15.499111577131783,13.835147732050592,16.197385317006724,17.38003769425044,16.76076636840843,16.118589418984275,21.0969127846901,15.547426882092095,15.488598580739696,18.031582952859576,17.525173983172966,18.982867222728,20.36798219157783,18.20756540109819,19.722578315175557,16.572567468143113,17.96963936182273,18.792909930411117,19.27533460098543,16.15585442191077,16.803255105402048,18.343243821495964,19.02391554006391,16.120360709953303,19.722368048749733,18.572096345484706,18.967407154098936,16.66833695878129,19.198976796118043,19.01073617434597,19.007190076852368
Var2,18.860993088162857,16.679962006087678,0.0,16.033229351313427,15.499968875149351,12.741138786536668,17.381444014020964,15.285401515479263,14.783387013265259,17.593471409891333,15.047526958831584,15.808802027613028,19.39120038435707,19.584734137930717,18.715611019901385,18.74099605383227,19.66236890511835,18.99874922666895,19.364527108332293,17.630956966706464,19.037355160163656,18.129942525123774,18.47301114002304,18.566058699840205,19.725408739883317,17.309861115675147,20.56346328604931,22.73020557003205,21.659124964082626,18.940067071866025,19.838792442906563,22.721927628624766,22.11182177982488,21.03356900404889,19.658340787309854,18.942193781018606,22.932532830186293,21.040580194834867,20.30507723056042,19.072706773862283,19.751890737702453,18.10438546681172,19.61745929284665,18.399910429670864,19.768595545700045,20.055937215101828,19.270451449629853,20.62979460703424,14.532450344281079,18.67835186677586,19.59016856820361,14.84861643258364,16.371322099032735,15.591294542614312,14.107227738997974,12.240407119234892,15.784406399455793,16.153700690493533,17.99523329705107,14.310058701892482,13.52350146807786,18.198798955079855,18.047578806051174,18.78880400848717,19.818141759791683,18.980204935126785,17.400403888282014,21.861057798761028,20.040476280691227,18.602670091929134,16.23570827789394,18.583903884670214,18.900589734496858,17.33434940053508,17.50046071232851,17.085066166452506,20.329077138591252,17.754114261609192,19.89207907142289,22.679169827764152,20.298512028380394,19.751415103092654,19.0018757746915,19.210646310230725,19.684178313902265,17.956371504613937,21.386011718574384,19.470182368200646,18.56810470818085,18.096875432126733,18.805922842326815,22.593702021876457,18.9181465727077,18.348459364888345,16.051146753718303,16.63693608149918,17.69248534563791,18.106120907012645,16.08922683502255,19.145060952769832
Var3,19.164410863347822,8.394891173798577,16.033229351313427,0.0,13.51885530680288,16.387947787393863,15.461163595507337,10.083151560552036,12.66005073588752,16.243478626951944,17.339940512592595,16.795918215610467,15.496728571974744,16.769914223885234,14.808972674690917,13.766456798068848,15.950540188655806,15.991464948883106,16.984194809855687,15.624311167563254,15.80100277820292,16.6826912482619,16.015754137147585,18.198273159798713,22.299668404147212,17.84082882159357,18.09310623140822,19.48809532191636,15.159379832260951,17.42109191520214,18.847825782424607,16.993021379457712,18.503534469181897,19.793744529223137,19.563764038393963,17.188840735965822,18.55600794282195,17.367615925516393,17.47298194665226,14.057869834166674,19.35255371853639,21.80862143758171,19.15524166080797,19.408988702791167,16.54781117555778,17.176761375883945,18.913426361510197,19.27077137019335,17.885129904954468,18.089662457981152,16.902727265675527,8.952732847746686,9.588677349971151,6.711629499734512,14.944627969462546,14.593381764815284,10.41471622282356,12.241443853191587,20.532937623336846,20.686989641559226,16.260059580259785,16.451686789674067,12.550289227213062,13.846412779192036,16.1284337647555,14.710097211908343,15.862338553833244,17.205283388393386,18.02974834755504,15.51942848159323,12.311903856023614,16.223996273132332,16.920993431637857,16.849980376896717,16.433442988752233,21.37542321366415,15.697481452264922,15.741400453969076,17.27201983225172,17.607914769255768,19.38112335180836,20.183189598776604,18.24219366231479,19.00907009199931,17.003103941932864,17.84455112785347,17.921874136787913,19.086855498742437,15.0317466380975,16.931875966536793,17.59107191427293,19.807103048631973,16.83329936784261,19.864740318224833,17.799230279967304,18.235042071761434,16.907825877528307,18.632883010648065,17.721052593802117,17.385024512541605
Var4,18.694290010955395,10.152624898200445,15.499968875149351,13.51885530680288,0.0,12.250792444023496,17.720658391102074,14.592743301996611,13.137956071072974,19.188830856389114,18.32647471590946,19.201750119687674,17.77345526879292,17.501667033024017,17.307204871904503,15.717659458494982,17.166377637937295,18.127961027631198,16.999150559372055,17.631774287943898,18.259192780173027,16.88755824253624,17.513401525511142,18.65980591666226,21.35989783770668,19.65027710015763,19.57811018061656,20.582469728491713,18.50227283743325,18.740966431855615,18.7160658532548,19.39459793208109,19.817747326714127,19.553748990791885,18.765063912844468,18.400255144006316,20.97444317269559,18.806533075061427,17.90469253072353,16.731349166908693,18.5481669953628,20.37462533987054,19.56235751734584,19.544584563060532,18.762522764424627,18.35529892532103,19.257623594425123,19.165947638633643,17.658711495247278,19.00178830177472,17.656250666456973,13.09277619482093,14.809488812033567,11.266284184177135,11.268514559196044,14.765585447910055,15.166313926238224,15.135099485079142,19.361829602052953,20.358560393649647,16.880679770185502,17.515411430505825,16.590805397933774,17.235991179942946,17.18420266703588,17.260872867230926,17.245695141524823,18.64209088901976,19.441774653476777,18.123557718135878,16.987617714403086,18.43289935909186,18.37645954526503,18.678209926003085,17.641157139685408,21.144558506624477,17.445096822706724,18.06731090332286,19.37688541647732,19.056962554565835,20.121003995048664,19.544748660315417,18.114367829913103,20.05782983324188,17.6980659611853,18.614858758035076,20.427502861155517,20.095650562520657,18.82819302320901,18.339310335422812,17.801752007945904,18.809342856771924,17.517962172548792,19.233723436179616,18.457769698054616,18.302200817903586,16.908453840624656,18.54304590379867,18.160240397060402,18.578277311916136
Var5,19.458316094253448,14.469276534824433,12.741138786536668,16.387947787393863,12.250792444023496,0.0,13.425382031173815,13.57257323112297,11.87700809939575,17.699129951936232,17.751545606876423,17.197577224650352,16.82683484334288,17.352447015147014,18.335632756455066,17.259869332465588,18.749239754906732,17.824932649410872,19.3640470782972,16.867227454569285,19.58505988828547,15.507634483967065,16.94051428559452,17.282906965099887,19.639397347292416,16.934413987450448,19.153592678279363,18.557900285264193,18.5512474425321,18.210786025499857,19.88683986887921,21.798927728873082,22.244643360346476,19.021600315234256,18.4856412306673,16.863447941157045,21.621972278124012,21.445496079951713,20.36594945334762,16.658771463020127,20.246019730102987,17.23367816763896,20.143626676339437,19.948568862991834,20.51439615020448,19.913646508995747,20.349768930298993,20.572800913020895,17.246323898864652,20.77387252593455,17.291105257071916,13.225989217796586,14.239236554717072,15.378555281793826,8.410794923549519,12.899000023962705,14.172160693429479,13.98195067966946,17.3875328365223,17.93091592385133,15.351371442960511,16.164306749312683,16.51028295892498,19.25829054526345,18.639282254293757,19.301406607399745,16.132465643092857,21.056866026233973,18.26789214529901,16.47447364384524,16.172407589080567,15.74727723596418,17.723960431174362,14.969020070350576,16.523494683989888,16.57615286541205,16.7555596711059,15.661522605549731,19.65097132415645,20.367489327563636,18.65935740848042,19.853068371096274,17.795930675415107,18.02090523785629,17.686944644835155,17.284076680416042,19.900893544645406,17.262535838188565,17.483586068153997,17.556025802707474,18.771639440267986,19.61799720394894,17.3055565114291,17.210036460136486,16.781972567391197,18.353633170455524,17.460621339344716,17.72973753538185,16.997757059300792,19.717787181221706
Var6,18.204350087709457,14.724681408363411,17.381444014020964,15.461163595507337,17.720658391102074,13.425382031173815,0.0,10.85441460840966,13.251348139255635,15.940481004803392,20.130505892257315,17.107945412319186,16.14391560208313,17.665370343008924,18.75381429595131,15.758267779906413,18.506400761534223,14.572486846192465,19.795966475435783,15.951924597026656,18.959543989180414,14.51905067361761,15.213006919510097,15.344037359663318,18.423846480964006,16.88578818274416,18.69245730417863,16.827204348672783,15.3229345140052,18.474118398271983,20.37218091288976,18.95676781628776,22.020104638455383,17.24828801776789,18.121204662365322,15.277465673130155,19.585192528605507,20.510220759328487,19.759948396226534,13.792103765838824,20.822706920904373,16.93369523688665,19.88700092325948,21.686043745662992,20.42379849037667,20.723154030085958,21.55991996887829,20.289394774574394,19.21069831241749,22.187706086747955,15.14504212512765,12.827202053916947,11.840934955965702,16.068629276987075,13.811754538847559,15.925842968193928,11.897552415783922,13.899405839744933,17.986156243899096,19.20851177556265,17.917957491312162,17.486615930877615,16.828888238637578,18.47880667037153,18.1849323765348,19.06942782707413,14.351899582008711,19.944706965066015,15.736461071268815,12.646926631730931,14.618514653788381,11.570169533005819,16.3329059783443,11.451175651743892,15.757311713203277,16.385855824986308,15.317135958916692,13.450430727772803,18.260151871507198,18.532312259840886,16.27324765331185,20.555809303170612,18.58702577125978,16.876186631042692,17.54418070967679,17.147588153335203,18.82219239212325,16.6329785965512,14.618865400784248,16.01871074623903,19.748518024104385,17.73224364402299,16.92911757849936,17.62272067960272,17.11574566050979,20.44632655359951,19.667795162070256,17.308548496630905,17.356214366753186,20.30522785901337
Var7,19.187977435832796,10.742990136638218,15.285401515479263,10.083151560552036,14.592743301996611,13.57257323112297,10.85441460840966,0.0,10.627332739698,15.150706296988071,19.20787140969052,17.93498706324791,15.635161577244881,16.90374276648986,16.558135301562512,13.465011042768312,16.803280902386263,13.22400556828487,17.997332305667438,15.824783891919374,17.53692919947395,14.430661537303715,15.501098477544653,16.70393282397133,19.8279179074406,17.766872498097825,19.23512272231139,18.481927503063666,14.271164655221833,17.404335968979062,19.32514650094019,18.35623339869444,20.011828836831455,17.95082312297391,17.965863051006654,16.38136219898286,19.630140026752077,19.170348066995757,17.979455879373557,12.801942483519511,20.522983622924787,19.08561380387358,18.48932424654945,20.493353255596915,18.88377410223644,19.314904647927875,20.241001131273308,19.961897651228483,18.619159385319183,20.829035764228557,15.936424553521494,8.848832802607816,9.546971911478408,11.16246766650582,12.263650726334319,13.622248822679332,7.653671324767369,10.704105724022922,18.108166217534055,19.717502777219465,17.431781591906862,17.447506957434353,14.957725514823382,17.02754985312586,16.88530896674132,17.18642179324106,14.211022185204051,19.844357475012387,16.743091563132165,12.917063929248426,12.944482811005503,13.037084890864033,17.39999005143306,13.042823818852714,16.189947687207646,18.379097204277652,14.491462440464181,14.20475657809295,17.461457922938287,18.27583048544286,17.806055019589174,20.32417257058598,17.682726056248846,17.337676037903382,17.439529182852233,16.588800814197914,18.786732480793063,17.260058510211532,14.817513147057083,16.354408737061938,18.30832759480291,18.005338169222536,15.071186162350681,17.671045058280512,15.764504856454085,19.19236394441101,17.948143601752314,17.815716381413313,18.043288401936852,19.658814337938626
Var8,19.169355764903464,13.069158135594998,14.783387013265259,12.66005073588752,13.137956071072974,11.87700809939575,13.251348139255635,10.627332739698,0.0,17.618262223497123,19.28596905999971,18.66164437304526,16.97083448309819,17.795040012355308,18.20340198576059,15.47966598764653,17.997472861650426,15.10211152666771,19.518453542362455,13.894314495172837,18.45371921934964,16.293229283488294,17.052574202415368,16.645152293419457,21.91350333382953,18.231923088443512,19.26529054449503,20.150084750602044,16.557375022404134,18.298846929465128,21.019346076922947,19.556144589793586,21.486437293994072,18.372909032177528,18.678359372842912,12.507223572809583,18.638222414941986,20.350279893070134,20.35014535300324,15.629354380169723,18.66469100532115,21.065367203001852,20.781095446457588,20.396128392465677,19.090776388070648,19.93452824610861,20.483337576167056,19.992142124649572,15.550270798671598,18.13598009152806,16.049323356823937,11.953316942637885,12.988857467203738,12.324623277680105,12.048080705030843,10.847137899240035,12.017963659608569,10.3924973598669,20.94195218822939,21.561166841513014,17.793935479795305,17.437892276823415,16.93089256050724,18.713258739449845,19.111362046960206,18.206658800188237,14.066300967939696,21.070636811278494,18.481632933403304,15.917191585885472,14.221374150675311,15.875479656916214,19.1561611590026,14.11447633581605,16.030257197615963,20.424706875220423,16.181825687077758,17.00386224827472,19.487945451792086,19.945555683567424,17.85509834678552,19.589617091549513,18.03523269020311,17.747236623511547,16.144951746629943,17.002794221145216,17.764102415269274,18.43238927340707,12.33536264323032,13.64401547427686,19.06655673205916,19.918600727283955,16.733832050511136,19.591065184220348,16.598892828636618,19.5326086617798,18.013915307170475,18.033130361835862,14.33034209937452,16.097131867471706
Var9,20.287278516977985,17.271993425636488,17.593471409891333,16.243478626951944,19.188830856389114,17.699129951936232,15.940481004803392,15.150706296988071,17.618262223497123,0.0,14.963756410435993,13.937203976064627,13.36079022717261,14.412552655921463,12.680565874446879,16.97552439511355,13.132821306019862,17.420123754932238,15.662639109416592,18.613867737522206,14.822846978979243,16.246903225171277,16.043640719043992,14.987945379485208,16.06855785516365,16.792540729217055,16.240209704494074,16.363377589692117,15.381524331073116,15.969658278029994,14.921751516701123,16.011495723251684,17.050735548924475,18.57266407093011,18.866145560473555,20.643711920307997,16.86593449638545,18.801287264852853,16.328860259024644,16.038751725550075,19.364537962667807,16.70278447455989,16.039324434771512,17.464327384555972,17.35458258086894,16.426215223385405,19.404361350991156,20.372348583108813,20.75952051509752,21.185523471860137,17.656221841016553,14.82327589753094,15.320234535298576,17.661776208061656,16.76768626206609,16.980564009565505,15.661507031217221,15.726849756569475,13.777743084167225,16.325100010488086,14.97953407569157,14.094984987747699,15.03002481486774,17.0013785095837,15.872198021772471,15.571377077895368,16.480342778423243,17.67001226550514,18.264453627834506,17.06861945189808,14.754204879595113,17.295134643468632,17.487696400818322,17.317708531685582,15.969290645922786,16.319326444045178,16.581350160327975,15.140318062953844,13.35439459674612,16.96256656369247,18.62890224160924,18.603250504143194,15.71023355310956,16.797927842692,16.299497017011227,16.059169252637282,16.51255608118676,14.914971884728985,18.10414021400717,16.82266391777981,15.669685825040053,16.69053867062929,14.229134996473354,13.641050792059476,14.001210513669335,16.245685822743425,14.282103254597923,18.49069366660334,21.034393356735873,20.42128020750481
Var10,18.429599730633544,18.009590319129344,15.047526958831584,17.339940512592595,18.32647471590946,17.751545606876423,20.130505892257315,19.20787140969052,19.28596905999971,14.963756410435993,0.0,13.84686379146596,15.865952190060014,15.74076705718682,13.710639297035634,18.500884355372598,17.13686209569594,19.44093067397017,17.62741094177899,17.34526709342698,15.864160625944725,18.10814588230507,17.855663778776606,18.965206675982007,18.46156626258181,17.268347232323016,17.432760730250095,18.62899469165443,19.015619090373693,15.935043907614896,16.028001499929207,17.91589822128843,17.909799833282847,20.275509491846552,18.71633704075777,20.525997603984486,20.519096392493307,17.36977976579853,16.52813795253942,18.3934946255915,16.754202318261523,18.405661499840537,16.790865305711655,14.669646985454746,17.478260351767222,14.560009926401557,17.026479630808822,17.749722210005842,17.06232906575596,16.869251994523704,19.233336486515505,17.645863612056896,18.15492941794704,17.171212194259642,18.591465487600143,17.565253787384652,18.825002915290927,19.153240088359773,16.846910516416187,13.943859032281388,14.209602727054607,14.305396214473218,16.251340796159763,17.53861532945419,17.978477385959657,14.533493347107889,20.00292477382707,19.39400165229799,21.328190291202482,19.771277053768006,17.00215860331983,21.258953607667806,18.85507721189368,21.78333036043269,19.536052058085133,19.224370929713526,19.312339825786033,18.74404496337078,16.723163198494717,18.567410437267917,22.05631366776641,19.190162216994743,18.60110231822726,20.8349169776712,19.650812752756135,19.81549773421072,19.670083009362877,18.29000219207537,20.81539011158239,20.03232745229798,16.453987717159517,20.451441239802726,18.71859175738372,17.287406016015186,16.885390491780083,15.068070699023087,15.26897168401117,19.29278952323054,19.081732627830743,18.326696751220474
Var11,20.93824399976402,17.07373858222524,15.808802027613028,16.795918215610467,19.201750119687674,17.197577224650352,17.107945412319186,17.93498706324791,18.66164437304526,13.937203976064627,13.84686379146596,0.0,14.5648852227602,14.690932224083738,13.214781112975741,19.604938759621128,16.06093153656473,19.735648263002773,16.440655255146932,17.287178439499026,14.823312679746698,18.771312769094326,15.556803367160935,14.00921503329146,18.86133475240984,11.161132802877082,15.426500674691239,17.571112985607098,17.49468017087198,16.53186585819202,18.560431640390124,19.913960603094857,19.849821266774818,19.619028107762848,20.742141145448073,19.1084847026953,17.465451887379245,20.57736958733279,18.801508427375012,18.366741933336506,19.730143810193535,17.166142820548007,19.22524175677779,19.66318652107564,18.95040925077818,18.85014724225006,20.28077707979831,21.089298859342264,20.292265559263893,20.668561843159708,19.1150405316477,15.57801481931427,16.165349445197503,17.228102987427405,16.465046895289742,18.004305828524256,17.611472241826274,15.726334158154675,16.25744689768042,14.569707262827803,9.918566723156813,13.066304918055344,14.481828395911034,17.09147901442995,15.442037944759017,14.951296781776742,17.045632040453558,17.629457230674245,17.444506501770288,17.761808507631688,13.961057569100335,17.139156088192088,15.299480747706063,16.933223005369175,12.547872486361292,14.798191737816984,16.547193347685575,12.632397866339723,16.80518907066874,19.08900121014066,16.197948300645397,18.756942420149407,18.38223575768236,16.640945263373002,16.138908331317214,16.65720578066885,16.188754929298007,15.404816380243929,17.136181003385193,17.71221115359761,17.869616392682627,20.658543075845735,16.75323463792197,16.983537024446843,15.74130784487344,17.004111489772207,16.00227491743786,19.017727481426352,20.707543322926355,20.86307287724936
Var12,20.12073748871184,15.705208573136616,19.39120038435707,15.496728571974744,17.77345526879292,16.82683484334288,16.14391560208313,15.635161577244881,16.97083448309819,13.36079022717261,15.865952190060014,14.5648852227602,0.0,10.354466528568404,11.11614639795805,16.141126879157017,12.384141544402398,16.827462573954186,14.393013501872307,16.685501824637253,15.573040250676277,14.698385763329908,13.086874681480912,16.202261014107876,20.672932912465463,15.711316987902956,13.458483927436522,13.792062120428463,13.249771302947815,12.395687185567963,15.893275797719882,17.263929118015273,18.976288272944977,17.598926555923715,17.907359269624408,18.577804518908263,17.38107869833686,18.270375390403707,16.08478310644602,14.782434961921114,18.17317233464326,18.727255711894312,17.078852019871828,17.010040765103316,17.317346866309837,14.718511766988788,18.581519301394547,17.66332724281881,19.968568586633562,18.820234387321754,17.87632114643641,14.86279250799297,14.93391180345315,16.084384907721343,15.4507867468518,18.958131728090915,15.663846793509265,16.085993758525643,16.25624644028339,17.698055154948634,14.805619653277034,7.540026421210498,11.584243961806427,14.627074261035743,13.423395911523887,11.412803415365804,16.659329453913237,15.981761137611908,17.885086738535225,16.464303785308037,15.903414835831752,16.19071992742671,15.553974529693743,18.451766421810103,16.130787505917542,18.737109820859594,13.520015762129574,12.441949157016294,15.121540646171912,16.294032986774127,18.964755448545393,19.832583098273112,16.34993067878949,17.627539424332742,16.04911765792497,17.901547483156705,16.20548766634404,16.56886697592803,18.204989769509694,19.22997349900021,16.735145540389862,17.243301366976343,15.335607719765916,17.092471272148487,16.486371600347667,16.391435478703066,14.107943733095212,17.40455048170076,20.53975867100358,19.034707380011383
Var13,21.32333719327469,15.83725633950768,19.584734137930717,16.769914223885234,17.501667033024017,17.352447015147014,17.665370343008924,16.90374276648986,17.795040012355308,14.412552655921463,15.74076705718682,14.690932224083738,10.354466528568404,0.0,10.915462255449388,17.360128404422394,13.972104802894416,18.191781294116623,12.43476906943286,17.697071423330577,14.81672005148162,16.831410791478643,15.556478107013309,17.010972095402646,20.678350960540616,17.18296441271642,15.626251270366428,16.364450484509128,14.998563182267963,13.912347479762913,15.754975455822429,17.547335967087257,19.52045529021311,18.534257368958638,18.97507023789704,19.665664009044797,16.28294015745047,17.83767887802736,15.031290807020083,16.023014523919674,17.87197826044901,19.0982915881925,17.301777689426164,16.90911768523275,16.243988453019526,15.870751185717722,20.13865725510531,18.279399605187795,21.127632400502485,18.979469284496165,19.049860195729238,15.68724871247757,16.54786915409505,16.08336887228694,16.865009818330382,20.221681740153663,16.412866079101036,16.26014124387479,16.92795810176031,18.62131880790854,16.087594373163142,11.263488903803852,13.141145647434843,16.163570748815705,14.984456652355568,11.570427610487613,16.27445614056448,17.049311576192906,18.66219737105549,17.40731594100575,16.501269264266824,17.747802039976584,15.97422025762043,18.6487066472228,17.033707552844284,19.27445104727151,14.718549134033854,14.363586029385237,15.287205603388443,16.51016055336332,18.89825036000335,18.37968989107081,15.22965723916906,17.98918713238067,15.903627336392594,17.154103701760206,16.757054815372815,16.962412624498825,18.527803671044065,17.965017317267957,16.30346345036693,17.177197879355106,14.957907504136603,16.880285408154567,16.554034712485752,16.764276078248155,14.810789398766186,18.098583733374873,21.517480316683443,18.28802343155258
Var14,18.753334445510404,15.911309737860336,18.715611019901385,14.808972674690917,17.307204871904503,18.335632756455066,18.75381429595131,16.558135301562512,18.20340198576059,12.680565874446879,13.710639297035634,13.214781112975741,11.11614639795805,10.915462255449388,0.0,13.62185158498273,12.713706749476534,15.230112085213463,12.993313557755553,14.470401523166528,10.29826878423778,14.963589731068026,11.958534596526622,16.829374379193325,20.15295310987128,15.186378031210575,11.472462783876043,15.138913421270708,13.272061086217075,12.363640240201377,12.816653870645707,14.760621169624253,15.385270719579568,16.073373203850025,15.935196255697647,18.561710877143952,17.270010954689983,17.036920104480963,14.68877955884475,16.151012290943864,16.966658541083987,18.684241608496478,14.331122346719384,16.734397426586852,13.95253874577166,14.166813502338231,15.837701273612772,16.292777934947004,18.679882555399967,18.711418267883264,16.251165086624027,14.925742382723536,13.911166005360666,14.537885421285353,17.24869335640476,18.168154979057547,17.28451796744867,17.35959631654021,15.88611243280352,17.847594613997636,14.508053801023804,11.241615338843317,11.850098718126556,13.120956202963987,11.820814151008932,8.97438783419126,17.623488271275235,14.741009394395087,16.85738442217806,15.920971700673627,13.18575857027232,17.188057502073473,13.905615911355865,19.477895155290373,15.848341670291871,19.670252175561593,13.890992268178803,13.615463054860623,12.578871808646321,13.803216419668633,18.135064472994,17.455959179005156,13.986359803477612,16.356212762541922,15.3951423369684,16.88148185985034,17.00820101158223,15.718117039361461,18.320009636474285,19.26625656187532,12.769046696792053,17.276922086307533,15.169494412226518,15.64326427060011,15.584539820749448,15.435109995549855,13.859448177670718,16.089010365714444,20.083582745783268,19.107478074512212
Var15,15.114798151765388,14.913146858971432,18.74099605383227,13.766456798068848,15.717659458494982,17.259869332465588,15.758267779906413,13.465011042768312,15.47966598764653,16.97552439511355,18.500884355372598,19.604938759621128,16.141126879157017,17.360128404422394,13.62185158498273,0.0,15.822461937463808,8.767206418010703,16.31997477966759,12.67196218466249,14.45123031847899,11.952981828935494,13.252759742178476,17.756369912417934,20.436076699673745,18.514130082654198,15.747572785495686,16.996295573525813,14.5799141281827,15.466730374252105,15.036843683011769,13.970968393357825,15.316298052058611,12.63967359742643,12.145163690768914,16.049906019569026,20.214147072145707,16.69877286090937,15.615370642604438,13.392484896166719,16.54996620631222,19.19387734953972,13.952785790005864,18.950146613573033,16.027703420604507,16.499051449623664,14.777353758631087,15.155281618177977,15.901197278675621,19.054297897610674,13.158340078424743,15.31055066325891,12.073304913050752,13.279171198150797,17.26726986418389,15.362279662383147,16.113905354718938,18.18912847434452,19.121074531597092,21.072520559413995,19.45338195642511,16.7504417092041,15.162585696348904,14.867456497175883,16.63332508865559,15.59904320464445,17.73546650428704,17.00450317541849,15.529943107944657,13.519650950702006,13.92705018383976,14.764478018248978,15.83826310652655,18.18966358118673,18.750967402781853,21.920261849037335,16.976521757655895,16.960345053760268,16.305955445273096,14.901133286608166,18.54628354108351,18.291427865855304,16.783906094277857,17.60182988508923,18.303601091488876,17.807940436289485,20.97602440163185,18.339231999584523,17.751679636385948,19.510780456478894,14.723597110351507,17.43264526349267,17.20194998611864,17.97272958219048,17.41916142219875,19.600963543111945,18.76574227643974,15.091314687175766,16.933802520494133,19.688113177642585
Var16,21.456034142805095,16.557083411533352,19.66236890511835,15.950540188655806,17.166377637937295,18.749239754906732,18.506400761534223,16.803280902386263,17.997472861650426,13.132821306019862,17.13686209569594,16.06093153656473,12.384141544402398,13.972104802894416,12.713706749476534,15.822461937463808,0.0,17.117949168658765,10.720997569335537,18.6555793247468,13.021338995268525,16.20279235884416,14.708536752625765,13.887384065980775,21.034631399052795,17.7635934911888,16.278348819984814,17.186087028928874,14.774152424198821,17.034088736098788,16.082068592306424,16.281872950380023,16.790998452971014,16.506097468726846,18.549534488668932,20.633559626402263,17.481155073542233,18.982114594044972,16.51390832199289,17.342048701451105,17.690191099101476,20.64713966332514,17.502815765736372,19.36447629833078,17.15218291672582,16.617837134587464,18.210345461901163,18.979038192079244,20.828576752405727,19.37647411216612,19.203318179391232,15.99663805883503,16.990111189244423,16.388130545783145,16.949923785900445,18.16751813290237,17.140298596176038,16.78219257175797,17.92620866224665,19.096662853753216,16.558530447175357,13.916154517592481,15.521803537025834,15.098116838266584,13.100779075468695,13.621490355622363,18.36576643227762,14.632534094105171,18.75258864636661,18.39966423610546,15.350320720894974,18.495090091629606,17.159424779797803,20.078630960538916,15.979413075424187,20.799372580686473,15.688694475555831,16.022366618892544,15.810729734911003,16.686759403795463,20.27901614591007,20.203325910305196,17.14056113071368,19.03986649469306,18.32079676918445,18.550546758769123,18.410402037496176,18.52090793080789,19.288870504319128,19.519701238370253,17.235021575158694,18.63986174312938,16.722978336178535,17.930819351612325,17.44674185635159,19.022564558981813,16.088033399397588,19.88940937459409,21.5181473769545,20.055849684520183
Var17,14.730386742702718,17.516764869013222,18.99874922666895,15.991464948883106,18.127961027631198,17.824932649410872,14.572486846192465,13.22400556828487,15.10211152666771,17.420123754932238,19.44093067397017,19.735648263002773,16.827462573954186,18.191781294116623,15.230112085213463,8.767206418010703,17.117949168658765,0.0,18.166799274423298,11.145724137737313,15.509872833128139,10.528688684436355,11.990257815660602,18.233817280565574,19.43473684205896,18.33278931206155,15.925266005663863,15.865826800484943,14.613864613195698,14.799010037154696,16.435603521925522,14.873619904062862,17.532272652941476,9.912227769737548,10.693351165109632,13.221152501224077,20.261528899895225,17.661907442369266,17.064956757852844,14.648972347993473,17.064456179618805,18.318358222695718,14.17173844962127,19.29200989130778,16.44194118628835,17.895880629449348,15.333494426666919,14.246033489804447,14.801351435577804,19.167404019608252,12.89671393556515,17.113789694357298,13.398305266493319,16.10312493330173,17.579416349216377,15.27814354364191,16.381601239231234,18.166949622390007,18.630923454442506,20.604581678323115,20.249955629010056,17.73677049493346,17.28976781427012,16.537468289479254,17.44906170909245,16.296942096127438,16.642252113193553,18.541449970143557,14.429065386221627,11.260752686488367,13.997165101468298,13.055844537551945,15.180214198898005,16.700790637837983,18.85425303890031,20.30668992364117,16.198222114692317,16.84670489355308,16.2886697911022,15.599818915645143,17.389369939790825,17.99813305160211,16.444973069459273,16.24095095839443,18.528071648660372,17.54081739077873,20.816152730138665,17.73960355047532,16.50787852368198,19.243132965783843,15.920777368797054,17.172647439891715,17.86141586152481,17.362448349360836,16.71692880909139,20.083941515959925,20.465379730267724,14.10965099626563,15.200912461760831,19.306623584743004
Var18,20.993785895292017,17.016614344764967,19.364527108332293,16.984194809855687,16.999150559372055,19.3640470782972,19.795966475435783,17.997332305667438,19.518453542362455,15.662639109416592,17.62741094177899,16.440655255146932,14.393013501872307,12.43476906943286,12.993313557755553,16.31997477966759,10.720997569335537,18.166799274423298,0.0,18.619122198975074,13.836314928849596,17.285230291688865,15.942248144017375,15.549855983341661,20.11296859338553,18.461116336079044,16.786420764631664,18.324686963398836,16.02772568963486,17.174636374399054,15.923452515424692,17.038166300300336,18.053676539653576,17.10426934812909,17.84453622616311,21.468864253441932,17.541571700748875,18.37615169423758,15.171386779250993,17.593810196480064,17.099135649739466,19.453924650212322,16.308836835959706,17.848749178775332,16.528467730863326,16.389170628331353,17.659376266941187,17.63665658754092,20.668950570472607,18.356493296604526,20.719289733511623,16.434410572759475,17.63280836335367,16.014852756656737,17.805268795824247,20.27888987440202,17.955944427905543,18.15900414020313,16.57355658553868,17.98727942879842,16.49090651281669,15.331157684712345,16.628878015614465,17.19143187800701,14.90372726098011,14.884617868024096,18.10901695741905,16.91234340968753,19.373813849953684,19.563434946690265,17.924489684603863,19.00694760879208,18.135203663777517,19.602394358711596,18.01478244631842,20.009564364316923,16.728557394135187,16.302388643169134,17.10035047892127,17.825012961369257,20.07626447980067,19.608528144745225,17.14771512120316,18.837896224967903,18.44339400869467,18.204696993827643,19.47145014932744,18.859988219556286,20.34087248374118,19.50864923344218,16.625923664282197,17.1522245828724,16.400787208700873,17.665573177362774,16.85363594171699,17.31314183655982,15.828292096988022,18.915076633990957,22.330982673206957,19.626866913413252
Var19,14.505019914506729,17.25145389230064,17.630956966706464,15.624311167563254,17.631774287943898,16.867227454569285,15.951924597026656,15.824783891919374,13.894314495172837,18.613867737522206,17.34526709342698,17.287178439499026,16.685501824637253,17.697071423330577,14.470401523166528,12.67196218466249,18.6555793247468,11.145724137737313,18.619122198975074,0.0,15.208740561678653,16.224603688422288,13.754407953367693,18.259783819485175,20.55073318790808,17.904094915901236,14.197831618154776,17.882494190835043,15.968911431807685,16.827196624237587,16.685991551356608,15.708033741472082,18.383832467691665,13.741604641555686,14.147640728961509,10.219748658973291,19.154475276678877,17.220125497714612,17.76831668640292,16.328288883754436,14.400445360085701,18.701542930920034,16.229285586920966,18.073056424835343,14.752991943452626,16.938613444029535,14.855985519493112,13.88073932264981,11.563727750927596,14.876788887665585,13.54166431674896,16.875796139727598,13.861966797683271,14.946337741407559,17.089738935574214,14.451531979350946,17.79231265362786,18.32399786873842,19.86838198413555,20.51102046644763,18.081245453639546,16.888719679085135,16.281904675367276,16.44314840194893,17.12645058561072,14.871424599493515,15.122556314689405,18.68681600963314,16.091005891772596,14.967665451471607,14.767256019262703,15.999613103292775,15.303452618931525,16.575603405789746,17.245399258771492,20.92578296876945,16.66354548399622,16.888303574428335,16.235671203062054,15.918664384201549,16.702890869510806,17.33632478464203,15.43868140180519,16.193954589967746,15.449532849235895,17.145725137225096,19.47895806773703,18.844262691672117,13.917582448708478,16.574958746602615,15.44871414638667,18.447213076957397,17.968347406610924,18.37528151381734,16.104948482330425,17.600038598179403,17.886252731120898,13.359567681477111,13.088427046389183,15.243302096304642
Var20,18.743689067918616,17.070134828038206,19.037355160163656,15.80100277820292,18.259192780173027,19.58505988828547,18.959543989180414,17.53692919947395,18.45371921934964,14.822846978979243,15.864160625944725,14.823312679746698,15.573040250676277,14.81672005148162,10.29826878423778,14.45123031847899,13.021338995268525,15.509872833128139,13.836314928849596,15.208740561678653,0.0,16.263649944282026,14.036105227549687,16.497722799958247,20.50415762417939,16.572394872019384,14.259459070033333,17.4311229431524,15.44600033382507,16.51359412930744,14.507146743448436,14.808223238756694,16.097825756192936,16.955326043698605,17.64738654139891,18.721431532565997,17.922252809317094,17.83649835077252,16.475968912825945,18.776898093491187,18.160778132296443,19.55214306256862,16.891601111648292,16.932929334110554,14.41828849844689,16.380249501118698,16.93150783050841,16.290679828487377,17.91964812676506,18.90752817571642,16.265167142442117,16.39399132667932,15.798953227301304,15.224863115528608,18.42203623069083,17.799108380404657,19.074805901809412,18.750230648600347,17.926621004320257,18.932712947231554,16.28683932620314,15.440724232768545,15.86378555551144,14.433762992511776,15.03397351317584,12.98286591287646,18.754539103135674,15.619764409940014,19.272000566074347,18.421879388266102,11.57430099376106,18.756918339310914,15.056158243214465,20.59137779102423,16.108721521008615,19.895975463980403,16.624331647276872,15.758030017010737,13.702169025462249,15.17411908133809,19.382322505375196,19.508068279135966,17.002689173891977,18.222108457253054,18.372473760350303,19.52969791035383,19.5440816912919,17.70970911635928,19.024555055537107,19.66102791190744,15.25842890941655,19.437318981893586,17.81411210284083,16.876137938557658,17.685776609768396,16.924705911366434,17.591170503469552,18.252046708130067,19.410370521645373,19.056903329134173
