,Var0,Var1,Var2,Var3,Var4,Var5,Var6,Var7,Var8,Var9,Var10,Var11,Var12,Var13,Var14,Var15,Var16,Var17,Var18,Var19,Var20,Var21,Var22,Var23,Var24,Var25,Var26,Var27,Var28,Var29,Var30,Var31,Var32,Var33,Var34,Var35,Var36,Var37,Var38,Var39,Var40,Var41,Var42,Var43,Var44,Var45,Var46,Var47,Var48,Var49,Var50,Var51,Var52,Var53,Var54,Var55,Var56,Var57,Var58,Var59,Var60,Var61,Var62,Var63,Var64,Var65,Var66,Var67,Var68,Var69,Var70,Var71,Var72,Var73,Var74,Var75,Var76,Var77,Var78,Var79,Var80,Var81,Var82,Var83,Var84,Var85,Var86,Var87,Var88,Var89,Var90,Var91,Var92,Var93,Var94,Var95,Var96,Var97,Var98,Var99
Var0,0.0,16.66023199926215,16.690968719097103,15.312240789185445,17.953559132660416,15.23665151435035,11.880250504922625,16.260710207291115,16.882141918749866,18.2503226011683,17.168395388509015,18.228465579114843,14.096724890802104,15.080191023047432,14.446197577730029,13.85361449747383,17.366811855108192,13.741979582636418,17.147374806904754,14.649177190835674,15.772061273844182,18.59010218936638,16.204359746358662,19.93831486591045,18.171902955933405,19.96727590845558,17.622655730993703,18.395835627312394,18.49777132733182,17.493656449064005,12.973110665735623,11.874122547380537,9.199207640191126,15.571691951546088,18.592020156441958,16.07216495134273,18.61756083407385,11.161807405024023,14.630999109345714,17.827111190300553,12.509625327627516,18.933830015724187,16.423797233856515,16.19252387500255,14.194401270002944,11.691181473387433,12.25538572572562,9.585028424639903,7.29622381364428,9.605598426004494,12.59012488526277,17.35676341424217,18.849949522045552,16.52084849019016,17.199391313097365,16.63654352037459,17.67427000113605,18.02582999253209,19.978525650932017,16.360901713390255,19.179383813599962,15.976879473790614,16.68754325652726,16.35951969332073,15.839517568123446,15.836057265858704,12.906479591534046,16.871137427575515,19.265348788363845,16.053310535121398,16.33461673230283,19.529191588204842,18.72492416917075,20.6818627040136,18.81445022495278,19.359659704695794,18.65388234985658,18.695173111509934,15.850424115334201,16.548720912830085,21.076593697963556,13.263594669481446,16.882925578185976,19.784990815705402,20.51090878021039,17.23567192815619,20.124424801236113,20.393717328210556,15.189427874206672,18.41819251076026,17.61174547184716,16.684911089112113,19.221892797212703,16.804159437218402,20.412610362519,13.081904686958614,12.844396099124962,13.922508358566677,8.842078148272117,8.55685825771607
Var1,16.66023199926215,0.0,7.2198135400366255,8.726511833084214,8.556136650227783,11.693932928116917,9.450841080540627,7.0333046819697085,8.79799262629158,14.79376212884383,16.06949580685827,14.303894878988052,14.979501853114938,16.528643208212742,14.977311021696863,9.0760694085169,16.54115641262513,15.188972047647129,15.898164788146174,15.809971256737473,16.327444507230947,16.78064670596429,15.608547654061992,14.391023054602751,16.47903977072577,15.11511335462682,14.00443240474264,15.521229436378691,13.716369610490752,16.3598416703648,16.15590043484152,16.61973354724896,17.378901591358257,17.136420183927573,16.365059385125043,16.153044975285493,16.441918598990572,14.600931381556382,15.717839416858865,13.072567100999192,16.13819485069028,16.688428012673043,15.642176309785196,14.236093330479164,16.593658847190657,14.26105432190938,16.843245185765653,16.1988846978113,16.70259536840177,16.94564869596088,16.052799335247027,5.20037980942601,11.81783505052864,10.817050221428298,10.12758253750425,10.94887674022712,6.856938878638452,6.364364620804431,13.730738522230947,16.846052904615423,14.005135362487978,14.250204598017904,12.44190239563061,17.286282268952586,14.074934878264237,14.453895452104828,14.175324859831411,16.983486869054307,17.431822133872114,16.392859473353216,15.448181618957904,16.12708693128727,15.286050346194298,12.477295215521233,14.940344151374656,15.729224477276803,14.765478677080196,15.639884277645393,16.715339622813513,14.189756176967606,16.328857494828185,18.649805330180094,17.866573167300857,16.97219854281665,14.87697241366525,16.866091193686888,16.79209760346892,15.457052040335869,17.131093736387754,15.766476643090696,17.01089277568837,15.717615945611291,12.26047113939595,14.2705446022281,13.70995476596334,14.141757851826208,14.5263076312681,18.626425413971127,17.396433386799227,17.274138410846458
Var2,16.690968719097103,7.2198135400366255,0.0,12.107955186603288,10.868529995877761,9.976780368174673,10.75715919310519,8.813102572014309,9.99990279098196,13.538982847909741,15.032217376736217,12.9512548937396,14.855337900787598,15.385437198959325,15.405845773289379,10.398779829700901,15.244788405169794,15.575024728705408,14.54314544278326,14.808594518333157,15.021888734528986,17.588907726430904,15.198279730527725,13.139085369958616,16.857958737045628,14.151320712425786,13.447280317424712,13.699476289493111,12.89565798795075,15.68460696355875,17.047951824690497,17.01350860084819,17.249342374871777,17.424881816568192,16.910260425812083,16.013505008218175,15.805475555963554,14.740519091468927,15.5510948834235,12.7408057925028,16.224249228970713,16.044188941821847,15.509652806020231,14.00111484854565,16.585234086820158,14.335468244341081,16.84372811384911,16.856793523522384,17.059061368214614,17.179669682375664,17.74938996602455,9.15582434606616,14.070681053908068,14.122722766334979,11.570547083951343,9.402525990496377,10.02139937432064,9.474566183264635,13.905091817609739,15.898413560902332,13.651892604423077,13.893914106602923,12.51937860637596,17.054810388659423,14.26630333230665,15.112114878352267,15.464825313799965,16.26890073434654,17.388965235442086,16.998813107281137,14.792077427750337,16.539740865986378,16.008141899412927,12.672170045939977,14.073823817494587,16.061024761342804,14.058762518813056,14.984357618191813,16.57367400378687,14.93452202557828,15.986629876559975,18.89430804245332,17.845396457260087,17.616790358564508,14.233254811149749,16.8868917769845,15.570363710636586,14.829133232926537,17.23712841263658,15.577113213030653,17.95777235809242,16.692800938310548,12.889609131386651,13.334436083881824,13.745638117088621,14.351622474536395,14.636014448238033,19.004539081603966,17.78314190913679,17.577942744781947
Var3,15.312240789185445,8.726511833084214,12.107955186603288,0.0,11.127116603023573,15.819364586059974,9.667042670876086,7.35156725117022,11.47022022381185,17.20666911516752,17.749932868917217,16.2581818778914,14.242966666845918,15.72723127018413,14.033099639510189,10.312645270470819,16.595081613634267,14.068965609123792,16.085690957538723,16.342715112362583,16.39682820941224,16.65626909359243,16.182310572437267,17.25447320439811,17.915597086048667,17.655477413105544,16.8251225562535,17.760814888849747,16.24726082386352,16.378948731667897,17.467855675655738,16.6790671448857,17.233078778067366,15.817274460476622,17.500187482038157,17.738002489047837,19.007732399669187,14.682533977200235,16.45901782874204,15.473507638129947,15.893521260323924,19.12751224332517,17.12720090829397,15.947121665528663,17.689274859049455,14.458959083761275,16.413455586094777,15.927025441643107,15.296131224015774,16.00767156652456,15.166906921483863,7.6855347304866655,12.666058149089546,7.3648190468022525,13.018980636044509,14.797448351834527,8.549945355450786,9.581417974453304,16.647231841342283,17.47546851597617,16.77465866639959,13.99364096603225,13.827899513560991,16.34959888826085,14.074065630725077,14.296038777487272,13.679021821314521,16.298944213767346,17.893611817317854,15.880137315085202,16.346448679001238,17.310013959192005,15.821742790922118,16.33452741312887,16.545603962788572,17.487907610998064,16.755521456178485,16.717112505575432,18.7947579174312,15.653870165814103,18.544957269893082,18.185508402974683,19.20452511111956,18.266244415228726,18.465184240602497,18.573740879717995,19.62484754807212,18.118724259169817,17.80445610448247,17.938403774467826,17.490351494888333,16.465798216728093,15.909935303820603,17.221559228092197,17.507831426868183,15.67304903200934,15.61293968622745,18.36766752023723,16.314453636922476,15.877589415491375
Var4,17.953559132660416,8.556136650227783,10.868529995877761,11.127116603023573,0.0,10.683302319660768,12.470230482656646,10.955740218354771,9.94285935515641,14.33658968809548,16.094682047357587,13.215969003353992,15.994774186422093,16.214552700354698,15.218379973312045,12.120664193324115,15.957630858184082,15.848906086922428,15.058326124459214,14.942163896322047,15.891775459108972,15.469854098668502,14.900859334933191,13.522844664484483,15.338107204019531,13.059333206767672,14.554239749568474,14.82397792502044,13.870151449254442,14.583198612376021,16.616259116529903,17.671145735374836,19.284873007104718,17.18384656550634,15.617678803647255,15.921791902897812,15.683969405848956,16.696138506889753,15.992750755547739,13.430625251114181,17.445907143804057,15.041792692248494,16.26253783412696,14.330991192776112,16.59721809272646,16.34895837685539,18.245596789814275,17.501925724134153,17.048044107483424,17.822026164826227,15.455744224976078,9.075276979066222,10.63908761149681,9.49982265995491,4.6775132710568155,11.781020028914439,10.305904212247949,8.940239372409925,11.734994129801885,16.641278459370966,12.942175426975908,14.212864714482942,12.51708290811735,14.986057292102231,14.890932607667832,14.007977228929217,15.021177998960555,15.78850636856981,15.985461326159601,16.53482171747049,15.27114996827992,13.821499233846094,13.090490494755821,11.722713986842926,13.643551399197491,14.074663221388974,13.9359577580809,13.619020354032628,17.020764551456878,14.819537884506937,15.212037323853174,18.950252848191006,17.41117842999007,15.83898505144914,13.3303188437213,16.76692440475021,15.700182531947387,12.814205666848808,17.9069325225652,16.8054856656422,15.581168291654643,13.937144723813674,11.605390683431214,13.952739583099056,12.878835091029586,15.458987691686287,16.399241378070453,18.529810544066333,17.808264697087008,18.423990206939237
Var5,15.23665151435035,11.693932928116917,9.976780368174673,15.819364586059974,10.683302319660768,0.0,12.97833148461417,13.195448472127987,11.284731456764485,12.658549855845882,15.101724043449845,13.12167238067383,13.926435110093335,16.205490676329084,15.844472527864184,13.245705533526875,16.644875126880773,15.24674310574241,16.26793589674506,13.933371035806326,16.03977874779376,16.39002316215761,13.77736019829682,13.456538805611585,15.561556607681377,12.913409067083814,13.566793206014,13.171411618358547,13.39707606094687,13.070130386732206,15.360540614102312,16.114214109379514,16.402391650451264,16.90459497111962,15.143681536166815,13.524098758290219,14.053282477474703,15.103683847448481,14.064007125586457,13.839622045036252,16.321434680669334,13.425623523015638,14.691610078357444,14.826876383724034,14.60062082550621,14.716651094454363,16.65507039127804,15.657326638092101,14.85574805069722,16.46916551354988,16.919616663588073,13.495834174939455,16.024088062117563,15.956415274283739,8.720233223216992,8.06638657231898,13.935197314838943,12.4449815347773,13.485786196689723,15.807028299631975,13.31635890670557,14.968790122285773,12.190592182355573,17.147200204755872,16.450100109238523,15.474156115666425,15.695492340572523,17.656541411731745,16.897411273928594,16.33422582252564,15.113107170335443,15.138421607933159,15.405974644175892,13.451431065037166,14.62282154968394,14.936708148400442,13.429112659008215,13.943415759806175,16.28562930989792,16.550353395423794,15.747708193185808,17.498182902229644,16.888760013090724,16.56692335406421,13.37315436362264,16.9746877832905,14.011679861255715,12.635592838806419,15.382945138048926,16.80505635531219,17.89628902216146,14.837510934481177,12.71640341162696,12.80023911072115,14.126166409041518,14.954298070271152,15.793819715290484,17.455812041908036,15.556511080524077,17.05242529062155
Var6,11.880250504922625,9.450841080540627,10.75715919310519,9.667042670876086,12.470230482656646,12.97833148461417,0.0,8.532356249452798,12.52635761646618,16.70258009791219,15.801124591041859,15.416402748801197,15.330516518516982,15.306206925512688,13.510981703184637,6.823980302402066,15.636337060247454,13.500774775914621,14.900556244697745,15.277922392371828,14.76879370712503,18.13385243531342,16.226904420495885,16.96418859264905,16.618278385545985,17.105021842764266,15.51093227960208,18.122007543212504,15.328619361985641,17.007682668795102,14.620875655368174,15.175992364117658,14.558641727028354,16.874750732419677,18.059443213636204,17.02469818660715,18.399237879687128,12.703781730987991,15.7331092316047,13.708452635368698,13.628397454779753,18.333398981205534,15.92640224236087,14.639724878026428,16.650322207457496,12.246681279733798,14.859153341594205,13.924247438407063,14.09890714488799,13.962038305156565,13.656984789494343,9.710093963967884,13.265115419800798,12.742156058909227,12.896691981856065,11.995843999915827,10.215200682595304,11.130161992777717,16.419447296686666,15.288014020782313,16.154915514055695,15.23111506746365,14.339722457344537,15.992302715961682,13.073061199303197,14.091253360998854,11.843767334645715,15.434673899452216,18.744809603019185,16.336860156967322,15.069673643045357,18.226716208546787,16.69474690532439,16.04599173600788,15.942480836874926,16.796157757782034,16.39323314235047,16.41040554508777,17.42183291956273,15.29342765295395,19.043479620913242,17.87996055082271,18.95127313803647,18.704757656318094,18.553570130933362,18.258708907765463,19.335096510252352,18.37207582005325,17.73674985603523,16.949328970734026,17.47490720433187,15.80976159026587,15.674058108113528,15.20908813548786,16.69620149473541,13.255663902494177,13.834023983649741,18.405711212936733,15.179143431848244,14.47006475472984
Var7,16.260710207291115,7.0333046819697085,8.813102572014309,7.35156725117022,10.955740218354771,13.195448472127987,8.532356249452798,0.0,9.714833793041882,16.19880556340495,16.563850977391798,15.498245867521929,15.145354429821554,17.3831028125418,15.789507422719433,8.686316968652282,16.55926756440975,13.050168246933772,16.44361482415775,16.272468317274097,16.967782690916454,16.208900372207538,16.571015431416058,15.923346360569374,17.26922559336792,16.008118096627687,16.411760428087412,16.156864665563084,15.124047363227044,16.526102943354488,17.846502867277,17.85258067847499,17.85003982854884,15.442009789704827,16.928108563689722,15.688866811038864,17.253592254547254,15.964685375134788,17.06480286404953,14.771733650056339,16.688691128171463,17.741492564508857,16.851207723170578,15.78527082601557,18.143951826301755,15.596571717061392,17.45227992390459,17.114650749152016,16.75658322690695,17.536932960126205,16.373345345621455,6.534953248351461,11.8459682749092,11.120281511897025,12.010235498324219,11.56059058854101,5.2789961295903325,7.0357318511636535,15.595760399506288,16.965979419137483,15.927826127400051,14.653320588030123,13.613910925485884,17.35199060391438,14.53794376617211,15.410863561040642,13.638053358652648,16.970726481882405,16.67151174910588,14.494745079926256,15.794892533013984,16.0263743226888,16.350762673457076,14.245882351114341,15.89106748125841,16.65608340029455,15.309631204996077,16.253014834663603,18.505760567374363,16.155684767962097,16.642113533530644,18.763302715570884,18.965573229855618,16.648116635925145,16.691145001175556,18.484946988391766,17.443954933559432,16.129538723666265,16.234036153785325,17.401053490093336,18.213800718393795,16.85657433963644,14.792640052643993,16.002962441166176,15.859741913981017,16.184472682620402,16.935055248447018,18.922453219465357,17.24762870719859,17.546128935074584
Var8,16.882141918749866,8.79799262629158,9.99990279098196,11.47022022381185,9.94285935515641,11.284731456764485,12.52635761646618,9.714833793041882,0.0,13.96367532879352,16.226242206851,15.104805550753722,14.851444466285184,16.707140118825773,15.032394563062102,12.358020372042535,17.54514370298374,15.269884739633525,16.62228739984347,15.8382045089589,17.461189165037666,15.701379824578327,15.869934657101195,15.72621781145656,16.267052773940787,16.230625625756744,16.765845952249087,15.2678086839551,15.195150178642091,14.953497344503822,17.433954826004562,17.104966458617355,17.34168543527545,15.698189331387114,16.534618019940943,13.560509881388372,14.078329860198513,15.569019496235208,15.359213567689872,14.214484804349638,16.53406098552132,17.120643975537984,16.480001088484368,16.659229392722196,17.113862076554362,15.841355406001357,16.692099192055917,16.507156935270853,15.64502918830144,16.389771466348602,16.4253814352252,10.200821619355615,13.348283451447703,12.592653744122343,11.174234160298816,11.993280788218364,10.04672784510519,7.713140636293939,13.834290667522698,16.30129845217671,14.692930124443773,15.068734011733769,12.504507010861806,16.633497646935627,15.901045424157122,14.827422289820987,15.73956650769019,17.654026226663095,16.922610612594298,15.484638198439235,16.618668708340458,16.376979229836287,16.789137289639847,14.192249468334568,16.035667622623823,16.00653032470534,15.748400249144074,16.278900502929705,16.959854744573484,15.63439238364372,17.133886917476488,18.2661952146037,18.1298264560555,16.948906647049544,15.895794319003128,18.35124137723744,15.338908824509812,15.939646684494893,15.326437119800234,17.65569629079428,17.32300290794392,15.499513774220407,13.149741575096568,16.342623089098787,15.435980394982208,16.369147845048253,16.477595443989195,18.353647418896337,16.785357170114548,16.776678976150684
Var9,18.2503226011683,14.79376212884383,13.538982847909741,17.20666911516752,14.33658968809548,12.658549855845882,16.70258009791219,16.19880556340495,13.96367532879352,0.0,8.53083867500982,9.420665363943039,15.796132145453301,15.503071870224066,15.60724057221353,15.773762068888391,15.250063528351188,17.732534829312108,14.698462759479998,15.441980766758617,15.223477182135127,16.898519070196013,14.340535051239291,12.383702289946022,10.716248508449171,10.113968059343346,14.435171609146776,15.183912450078328,12.52742974850337,15.323233256072559,14.097327542621661,16.45895387653755,18.185954895348893,17.591187590027577,16.211579237396794,15.541012009423811,14.135997311224463,15.468230973742214,15.286723441641039,13.113067982075544,17.273602075564575,10.981109842352499,14.861048948986731,13.203076560208705,14.646569179880753,16.487076133873003,17.24494880252999,17.272835486369523,18.146989809802555,17.724922283280584,19.40867102811696,16.22258929689529,16.309868496190948,17.325730960871255,14.672493207868879,12.471490350182933,15.894749013736966,13.807694125239092,8.548808802232367,8.268713688346637,8.412873185320876,15.236221636147494,13.669239734717129,15.306861053081015,15.750316113029017,13.871916281423049,17.539917193021036,15.580130000913629,15.942952449897676,17.197557568815483,14.849173910871675,13.99113500177174,14.516374992736083,12.082762526335085,12.634026720083513,9.637359892639044,12.466231300486088,12.338786702580892,13.765257739190407,16.306902403879985,14.749194452255825,17.762928252490255,16.02126961962517,15.877712352910235,13.176545829335309,17.093452188047312,12.990480327784041,13.457554435035123,16.54737784474416,15.593796915879855,17.12394454224142,14.637428872122083,11.277184163095619,11.022126366778124,12.013805246721258,14.869539771881925,17.042430565197066,18.063379415890214,18.12903654330808,18.460707206246898
Var10,17.168395388509015,16.06949580685827,15.032217376736217,17.749932868917217,16.094682047357587,15.101724043449845,15.801124591041859,16.563850977391798,16.226242206851,8.53083867500982,0.0,11.172706323411509,17.03512358121423,16.16887937895305,17.099703406799154,15.984421798792612,15.35465240283987,16.250707752581256,14.661817658681201,14.622730962848623,15.688345296312317,17.2098685989731,16.156288657160164,14.664656994615468,11.21930989935779,11.378056181390182,15.72717314698176,16.732924122026002,13.802242798655383,18.124301024228412,13.443109382671913,17.75250842137589,17.75114267799494,16.740124579426578,16.478600461044213,14.365449125781558,14.745490239067173,16.535513299014212,16.407310606746552,15.116051422397799,16.190645666323505,12.663570622770228,15.161344408463888,11.297562135036898,14.78131074684964,16.869973876800675,17.01338306504796,16.234535612986807,17.377581261060065,16.524071382102303,17.810343070304967,16.68966351992228,15.39373452407303,17.516936573034258,16.15824139451288,13.213058415869547,16.134257939443952,14.987096285876326,10.975939500487895,7.294807617456572,11.266326108654342,15.25141054509319,15.096090488669057,14.611144014193531,15.506953076028084,14.950948189411465,15.0332651722906,14.994568883659714,15.051572871902275,15.400203643887677,15.082315639559976,14.018961380521125,15.542680091750475,14.062030331402237,14.248740594984422,11.33627555803191,13.358721068591656,14.688313615672389,13.725271898740761,17.45981453433485,14.911846684869786,15.512538515684296,14.38186176448306,14.470534710392878,14.7307972904601,15.720893679163954,13.869458646964596,15.043025096674077,15.296235812246458,14.82415630944705,15.52224297704235,15.829655821046781,13.726404936681034,11.716725857683791,12.680684855726087,13.11361539196666,16.80801601713003,16.01568088231984,16.473238736839342,16.977530831171055
Var11,18.228465579114843,14.303894878988052,12.9512548937396,16.2581818778914,13.215969003353992,13.12167238067383,15.416402748801197,15.498245867521929,15.104805550753722,9.420665363943039,11.172706323411509,0.0,16.437793935260085,12.540337189915114,14.045785653349595,14.472337770204275,9.582867773645754,16.47421289739086,9.518042038737844,12.711068218038706,10.401066430635195,17.932425838658784,12.850211485393842,8.093893809155231,13.3817453722213,7.333982122266315,13.273910325793205,15.314861527497373,8.887040547764585,14.058523029153251,17.00543702910101,17.588837684288773,19.757784571140505,17.970549978832352,18.14457156438774,16.237279934261224,16.298648077519523,17.894083575593967,18.74259166756992,15.13558122348373,19.63465839584391,12.936555002373625,17.562415773386316,14.14477623234441,17.877489040029126,18.240234501806388,20.177751907829414,19.279681991812378,18.42963473933141,19.54772570908664,17.697343891104115,15.038844125343784,13.4074197663174,15.435137449820486,14.089221287240397,13.246135152309709,15.493172064964778,15.118859615374229,8.113193719108438,11.33356854211424,6.700468658325155,15.36087012947056,11.67893074204644,11.705558746369572,12.114174607567874,11.640582906514561,16.40683946321505,10.574004972428103,13.83117119653611,17.00009112590309,9.996769685303194,13.522230094375786,9.453519679338234,11.653364862640151,6.320627040429202,10.2250246979647,8.520876534202477,7.426046170582317,16.127354864649917,15.593041658808287,12.862231261023924,19.728138927382748,18.285255981466705,16.06815694986126,11.918704333552489,18.297817727350363,14.10421154646387,12.734828076342449,17.679698001959515,16.69106065794464,17.116443367366294,14.890301699923906,12.559588296766874,13.424400532762329,13.142926403858622,16.33975309506719,18.333419616050474,19.391978232288174,18.80878641486529,20.016718840677772
Var12,14.096724890802104,14.979501853114938,14.855337900787598,14.242966666845918,15.994774186422093,13.926435110093335,15.330516518516982,15.145354429821554,14.851444466285184,15.796132145453301,17.03512358121423,16.437793935260085,0.0,14.31403722194939,14.06274442256222,15.60825216773334,17.452289885564724,12.841014496926695,17.436027729140047,14.597685825661822,16.16727946348578,13.876088403014993,10.461555959598682,17.7987951001573,18.606348462116397,16.816557851256974,16.14469037934059,14.222429503171657,16.290327086301346,12.806618389067213,17.505908880864684,15.346971841041817,14.868126648275293,12.905882413583763,15.253835144390607,14.792254305102874,17.17755203766047,15.377066366601412,14.087321343091908,16.720731021536686,15.730738667087593,17.048997040770843,15.103299027435783,17.79737680308115,15.35730076652594,14.537687305791428,14.429581078517966,14.120374437259963,12.874272896444547,15.375556622532466,17.076388562511877,16.444851896602426,18.97484096735862,14.88312464431748,15.624326648844484,15.763174990683737,16.749359440282735,16.531020546344664,18.283702493614413,16.951131264135494,16.776426003307392,10.308467551576728,11.449782829275918,17.991031130586236,16.8511514924097,15.361568893648254,16.754331779979342,18.63577057282726,17.31757239675273,15.018788630775552,16.5650762343103,16.31217999793305,16.222771968910823,18.86568216084498,17.772484235106823,17.953513944845334,16.170159351164898,15.903302877846388,18.16422582254452,17.79783625666668,18.933527352704413,15.856256270906556,17.642048761601366,18.322035771922135,17.741637782896504,17.488840515470876,17.89006673537012,16.315397014303407,14.517486562261293,19.562876705215224,18.9104277221739,18.367686567928416,17.885014448480977,16.84979773517438,18.78902000444829,17.247461763910973,16.954832819986656,15.538195968107336,13.266601381099113,14.743654076679903
Var13,15.080191023047432,16.528643208212742,15.385437198959325,15.72723127018413,16.214552700354698,16.205490676329084,15.306206925512688,17.3831028125418,16.707140118825773,15.503071870224066,16.16887937895305,12.540337189915114,14.31403722194939,0.0,8.440154763282303,14.686491704776952,9.570755026546014,15.628703556310981,8.011743432367462,11.87828196916154,7.288965044503821,17.899287218641398,11.380034990167383,14.58433342921193,18.238823537404564,15.859663699434199,15.245089557162496,15.403567799670302,12.042751946371846,14.692819829276525,17.413828750021374,15.950691237343634,15.46013743135142,16.514726368735744,19.409927086208693,18.191711609116442,17.506023602060083,16.79158911086301,18.19946607077259,17.29933091956726,17.882370657405282,18.25615911502507,18.54042647784243,17.131990140834642,18.22408409100515,16.62979297463081,17.433779910139286,16.792452420459412,15.87395153288746,16.861841201759038,14.743862314697713,16.95187228278928,15.850259247488255,15.648530483569855,17.229963308995114,17.066936515962702,17.77187555876166,17.999879512200017,16.008359956086192,15.172594357250052,14.785598606515693,14.471375120639252,12.550895645697647,11.581400874354927,10.723708708800165,9.880266024373963,15.834086196347762,10.819363302242209,15.836502797850029,17.14170178072061,11.215845067489484,16.87868696057425,11.789870609496973,17.63651046818052,12.40149270038045,16.953910338219593,13.254029519876184,11.637679921680586,15.835856128518342,15.76466471012654,17.010328084530062,17.65831094073722,17.747154283909786,18.55820695470982,16.75889499306997,17.446815939957038,17.004955370341218,16.71964189749348,17.85645959182427,18.154799231072516,16.237780718084,18.01316112131552,17.61628275098576,17.187365714432644,18.277538844713522,16.367455571525486,16.30278356063387,17.383634570311365,16.924978964988806,16.839049238927362
Var14,14.446197577730029,14.977311021696863,15.405845773289379,14.033099639510189,15.218379973312045,15.844472527864184,13.510981703184637,15.789507422719433,15.032394563062102,15.60724057221353,17.099703406799154,14.045785653349595,14.06274442256222,8.440154763282303,0.0,13.101504262246578,12.4343387877061,15.868389952109856,11.980154769310944,13.447347026004818,9.242816663468851,18.28036848557927,12.232762567605407,15.639988294895224,18.139752564496185,17.05770620704209,14.357259916316453,16.341197937539377,12.519399791303107,14.235531296034424,16.833134175664075,14.079708416453565,14.716959012501908,17.275473082039735,19.427559351144865,18.653652641866625,17.78189645456127,14.31412007292101,17.070149268109482,16.051292261793716,16.06737357659116,18.8054639513725,17.35588929185634,17.090915827008658,17.266630152981264,14.623354274777805,15.794930992183813,15.967813555536022,15.951813311340947,15.679512036879286,14.172504415481733,15.492640161152558,15.959816452752325,14.916637663010118,16.520830810430155,16.740874866653936,15.94123352147541,16.01623166901993,16.365581279541967,14.639883450904994,15.440287982734342,14.357210045759132,12.025251267967857,12.310378865547676,10.280504928140543,6.601098887832842,15.886616987060837,12.974869424332597,18.127798509633756,17.851218803727367,12.246424159376383,18.699502470763694,13.12164119032145,17.622744133072427,14.003034548547308,17.321429490993467,14.022075082296972,12.606735978887565,16.26016810509755,14.229764263145599,18.76085981988832,18.221075131279665,18.725942197417353,19.729979292156578,17.99737949932794,18.266830991460267,18.042972882329924,17.778751108377556,18.37260143363873,18.05155196624282,16.90257918936538,17.134658369765706,16.804385610349133,17.231629888856666,18.678957746926358,15.532593898735236,14.45614223408689,18.42301939175258,17.44065867911915,16.000201996107982
Var15,13.85361449747383,9.0760694085169,10.398779829700901,10.312645270470819,12.120664193324115,13.245705533526875,6.823980302402066,8.686316968652282,12.358020372042535,15.773762068888391,15.984421798792612,14.472337770204275,15.60825216773334,14.686491704776952,13.101504262246578,0.0,13.725357254882269,12.471867302652473,13.964856442585791,14.924490789730065,13.418673412010422,16.45600408671731,14.545260538567833,14.642267354306213,16.86315124008134,15.726115307918613,14.876815768440029,16.144907639159538,13.335102754411109,16.044210031759405,15.931148252054085,15.601801636025003,14.555736343030443,15.161337288458121,17.44549459317031,16.459330889627157,17.821416147999578,15.02260265716358,17.091502667031428,14.091354643359534,16.445568737518517,17.516369241579405,16.049725343820715,15.862203574193453,17.21034501666564,14.904944674369805,16.72956121915847,16.00353265341971,16.128943791244662,17.076344447820944,15.383076291884727,9.64561133966602,12.763133894883044,13.303440085627269,13.011163714288484,13.273785046767724,9.894291821734328,11.322149446547087,15.740034449021596,15.140508485441636,15.072298732540181,15.832905625845685,14.461125719902844,16.299898695548134,11.887963153012473,13.746332512374243,13.40113605820813,14.180022511373199,16.826596189209603,14.97843883438827,13.010804027678198,16.345101356010815,15.610173799783258,14.993830929299346,14.101176787991085,15.842655010621764,14.300621603054589,14.474413225806455,16.13191509787545,16.31784732181933,16.775420085691273,19.18239885508614,18.97343646049839,16.993911921738952,16.545244017455786,18.382275076244984,18.216849360623865,16.56028041518391,17.123534711458106,17.758759103507572,19.115247045710035,17.0934187529603,15.738537181829983,16.032266074946342,15.893720448638657,15.491360083509779,16.024055562339306,19.396518830908807,16.899991320382004,17.25668522325512
Var16,17.366811855108192,16.54115641262513,15.244788405169794,16.595081613634267,15.957630858184082,16.644875126880773,15.636337060247454,16.55926756440975,17.54514370298374,15.250063528351188,15.35465240283987,9.582867773645754,17.452289885564724,9.570755026546014,12.4343387877061,13.725357254882269,0.0,14.950395214318911,5.606877807510843,12.006312603961407,6.075015118664223,18.132475260674518,12.691062006492702,10.37791843255616,17.041602053175325,12.69601190594746,15.119589446845476,15.907573274768607,10.28793013712867,15.16381169948866,18.767926361598068,17.261842076663804,18.177571288852445,16.47912660328114,19.9535625162156,18.00323004596055,18.561092720397937,19.09625591739661,21.130700666010735,18.067660403837266,20.57395541080729,17.093512475268835,19.77706960105766,17.361645366903627,19.92393023644928,19.51702735770386,20.68305101228485,20.11576396248107,18.464376462621775,20.061227496455732,16.03239122499069,16.597218278455493,13.505910830678275,16.202727676563686,17.222147779875105,16.99260536531231,16.88977447762132,18.17976678104519,14.039149095937821,14.32873967482417,12.260611290447558,16.60549529722376,14.031689184083202,10.860045624514335,9.18153759120509,11.86665636156137,15.876470211631327,5.342340687413433,12.41147115820741,15.88404427086883,7.182993797030833,14.692836905141377,9.44654745340184,15.641556977710332,7.201452073953745,14.497307367090166,10.418920401710237,8.990533544570456,16.249884791136527,16.12677084553879,13.199178609176181,19.841002865535206,19.01343120234317,16.406291505743468,14.639784879124136,18.71141097770291,16.857913779040157,15.198763302545176,17.996405738598845,18.108887121145106,17.80467237112112,17.74782027996161,17.456599951211736,17.349156233204695,17.035962433305766,18.267400997760127,18.85042144000107,19.374403028826727,18.871333290999857,19.963202592761647
Var17,13.741979582636418,15.188972047647129,15.575024728705408,14.068965609123792,15.848906086922428,15.24674310574241,13.500774775914621,13.050168246933772,15.269884739633525,17.732534829312108,16.250707752581256,16.47421289739086,12.841014496926695,15.628703556310981,15.868389952109856,12.471867302652473,14.950395214318911,0.0,16.00288742539176,10.973477467077199,15.368240241002198,12.099144674456088,12.75873369371619,17.300487008092524,18.636100027504256,16.79038563305968,19.365938965113813,16.066441738512037,15.40541742427876,15.376379427452923,18.255111817023902,19.241638844429822,16.115479790220785,7.223679760441018,15.589202577845288,11.3286451330127,17.18176109511078,19.394050078412736,18.333743088283537,19.717730657261676,18.194075765625737,18.370696485309427,18.623082837747255,19.366603143231266,17.577792442314124,18.89304065928757,18.602892416784844,16.105097090406165,12.43580574087667,17.147599487475166,13.826202018616367,15.424012032624402,14.35784720455626,13.34051612777986,15.604159788192709,15.825673520999056,14.435140829673099,16.190377317437015,18.41312688211101,17.38068285987869,17.63792055922496,13.842900618335506,15.677154389597732,16.13391972730101,15.080589202622091,15.527852704699795,11.727166851995694,15.622477421814372,11.237335288695123,6.4157555347190796,13.218713895252419,12.248838853202148,15.101668995985996,19.102221436023772,16.8907930897544,18.00681334606136,14.345497244083084,15.686959130485075,18.045708052973673,19.808503874992265,15.474703896410563,14.580361431978204,16.286985044402595,13.065864775871841,17.47108684845279,16.903254779507343,17.65197175426695,16.108286010556323,10.136029186535751,19.721918932052066,17.945269462686827,19.426762708898636,19.575496429959255,18.89171791525537,19.213665134875853,18.661188816025984,19.795613596155274,13.649880056369776,11.886106712421128,16.011820252370118
Var18,17.147374806904754,15.898164788146174,14.54314544278326,16.085690957538723,15.058326124459214,16.26793589674506,14.900556244697745,16.44361482415775,16.62228739984347,14.698462759479998,14.661817658681201,9.518042038737844,17.436027729140047,8.011743432367462,11.980154769310944,13.964856442585791,5.606877807510843,16.00288742539176,0.0,12.799358773622677,6.66401876927171,18.04573246281858,13.494914302297545,11.89025280953161,16.416511962705734,13.349280487150514,15.019394221178203,16.448163357096252,11.080389658689421,15.534429892856599,17.867583061514765,17.449522063251226,18.03074296037639,17.06311566048749,19.577682809571066,17.939270722105913,17.487182718789626,18.265992784267638,19.738071930908003,16.627019505644377,19.076724736215144,16.98311505010587,18.86773791364971,16.26380536314567,19.28574943543854,18.072749404456204,19.22542294437832,19.018374659437665,17.86625163701339,18.52290856948588,15.519984024079662,16.279936232613476,13.26146718579394,15.641430771628741,16.37101134748458,16.03950718041289,16.665702632794723,17.248986727000673,13.340715659663124,14.108650795066401,12.244412202172631,16.235645744220932,14.044248653794579,9.524689861537864,9.815132744569146,11.35883481577402,16.006682915588048,6.425367791373146,14.107738372623846,17.091766727942336,9.898449314375044,15.726709013046566,10.220731298720528,15.550808485284914,8.674854467542433,14.430845047857801,12.088005309076708,10.115477308314377,15.764977261275108,15.69867171267065,14.96352042185383,19.58852426448298,18.771909378912405,17.52933320957876,15.02464123402445,18.273714491276415,16.468499509815615,15.710608848382517,18.69161349999345,17.761089915938623,16.466696437365034,16.92018670558262,16.598810044928282,16.673073646424356,16.103135854793177,16.901809342149054,17.57897982721953,19.257693814343135,18.423159776618007,18.705534681704716
Var19,14.649177190835674,15.809971256737473,14.808594518333157,16.342715112362583,14.942163896322047,13.933371035806326,15.277922392371828,16.272468317274097,15.8382045089589,15.441980766758617,14.622730962848623,12.711068218038706,14.597685825661822,11.87828196916154,13.447347026004818,14.924490789730065,12.006312603961407,10.973477467077199,12.799358773622677,0.0,10.90461132775333,16.064104773982933,12.076967605156259,13.590824731327457,18.232410108454218,14.38390874799518,15.834825538331854,13.673581341916723,10.841972917905075,15.249659917001269,17.50939870400523,18.674210441121907,17.28661589698921,13.734724685302718,17.00065988912959,12.863428160233036,15.202438127564493,18.597362074346165,17.573744589866074,18.565002548091528,17.876656220076597,16.34387254722213,18.583548324949298,16.47271213179322,15.56370508954469,18.54748931330441,19.288286458152854,16.600737475593167,13.810333617607688,16.499548069708187,13.570259134675313,16.543275487854075,14.381355491942166,14.2453001676443,15.36718092755811,15.584612581960254,16.96042039240852,17.297525958618145,15.396134235237005,15.974769564024218,14.783320462491654,13.13371706613036,13.390195362423222,13.00997506328469,13.621395205891687,12.519213530233843,13.064033930445275,13.171558602041511,12.165098670996356,12.609384627500658,9.432873017601132,13.378905053132499,11.89322695881443,17.137913873109024,13.626114185377798,17.065590511697824,11.058317298416714,12.83243805907749,15.910656063433207,16.611403812708858,14.13698976427044,15.144805895476479,14.403808703932942,14.421561119129302,14.653837406859903,15.116071925357158,15.020445989756132,14.093194746479165,12.81133418349109,17.007280207961983,15.0489252462563,17.389814646556335,16.62788265577735,16.044590234653437,17.46570496202199,16.271356107358145,17.69889626661901,13.981688177374929,14.277165424512885,16.68703584972518
Var20,15.772061273844182,16.327444507230947,15.021888734528986,16.39682820941224,15.891775459108972,16.03977874779376,14.76879370712503,16.967782690916454,17.461189165037666,15.223477182135127,15.688345296312317,10.401066430635195,16.16727946348578,7.288965044503821,9.242816663468851,13.418673412010422,6.075015118664223,15.368240241002198,6.66401876927171,10.90461132775333,0.0,18.4975230369335,12.140513544826266,11.772120139942304,17.810520153146232,13.983983566380768,13.569355186616386,15.410149495646344,9.846317672260428,14.60971674668334,17.92756885946448,16.072661563739175,16.795712313568878,17.118050886227866,19.916812070254192,18.208032413574312,18.069805525175603,17.421613221390366,19.260878879664904,16.894214650192406,18.713043054361965,17.160006405191915,18.513233433020847,16.885469366767076,18.284594942806677,17.390630551957365,18.820692735974006,18.544957884714115,17.41330832928849,18.298952760512854,15.24917221677644,16.87682889860173,14.922406978582337,16.28599713998191,17.058034605924593,17.132465640337664,17.56244797832477,18.319941487105897,14.899379115185182,13.931333537624539,13.046270959434919,15.200006317258303,13.08420990787311,10.474073057139092,8.932194442092456,9.587492240641767,16.310307379294763,7.764257766502465,15.04073100978563,17.205786156877263,6.987280505537089,16.587410018650473,10.015123060696833,16.396681523149645,9.144487374413695,15.52045627385281,11.014860016977861,9.206264314025601,15.933811782402454,15.264711831391319,15.515630467992663,19.615600453693695,18.69883436964181,18.11344944760018,15.265824206530562,18.168353682679758,17.155918686532367,15.778126663026178,18.46883529112285,18.06203255621795,17.525546584012403,17.412711735143414,17.134743429264805,16.73519313439185,17.131677564594213,17.11174023106307,17.05596632069402,19.136668587599477,18.338177533747324,18.597338097674065
