,Var0,Var1,Var2,Var3,Var4,Var5,Var6,Var7,Var8,Var9,Var10,Var11,Var12,Var13,Var14,Var15,Var16,Var17,Var18,Var19,Var20,Var21,Var22,Var23,Var24,Var25,Var26,Var27,Var28,Var29,Var30,Var31,Var32,Var33,Var34,Var35,Var36,Var37,Var38,Var39,Var40,Var41,Var42,Var43,Var44,Var45,Var46,Var47,Var48,Var49,Var50,Var51,Var52,Var53,Var54,Var55,Var56,Var57,Var58,Var59,Var60,Var61,Var62,Var63,Var64,Var65,Var66,Var67,Var68,Var69,Var70,Var71,Var72,Var73,Var74,Var75,Var76,Var77,Var78,Var79,Var80,Var81,Var82,Var83,Var84,Var85,Var86,Var87,Var88,Var89,Var90,Var91,Var92,Var93,Var94,Var95,Var96,Var97,Var98,Var99
Var0,0.0,20.68626611896099,20.350300887863863,21.54839148158385,20.30623371977216,19.523181211740738,21.632445028001396,21.698255450072736,20.394953582328657,17.849346261221655,19.22995486504156,19.529960862107462,18.299941045915112,18.24366809722109,19.458877496406725,18.08357099195095,19.36674919108752,17.23757467428729,17.37208714730508,17.378746101632075,18.358809341975196,18.96908014566548,17.166691093580585,20.23489720283982,18.417942627638908,19.39010778948772,19.38688499247178,19.898500953924806,19.03737788148796,19.35052608548232,17.9177849673981,16.293445790667437,16.82231361143853,17.90191255046745,18.157013415545208,18.030047064694514,19.95279753772304,16.26946813167753,17.593053143877974,18.402149384397852,16.979701319773124,17.295340869730758,18.78993859870511,20.302301439075766,19.59493316441615,18.727866848999597,18.719855746522953,17.828051901963942,15.957654532730546,16.059952518603982,13.67978720895275,19.080531478192327,19.140457094555018,20.570614569715932,19.877162346384075,20.152001173383162,20.412099885918856,20.747485731215193,18.84993436730904,19.251591014327605,20.61865417377699,17.564136430231233,18.633746812191422,18.682882400982297,18.256203666426163,19.23144096138147,18.671615941684575,17.34421327969104,17.78185520237072,17.415717294579203,19.593092125546708,18.99992919788954,19.288635982552865,19.193117840691635,20.09773608118551,19.30724841162302,19.93421552584,20.5259016187666,17.22915021107893,15.635865531871495,20.14499444580889,18.522972183996487,18.380501119072893,18.788215388452194,19.47040591407287,18.047757670956585,19.879344467338072,20.092053280208905,17.745643482894135,18.60811250109028,16.814394356083536,16.711451931365676,18.668723081683485,16.872620611595888,19.728438874918144,19.057905719489433,20.268410641147078,20.200770964358046,15.297263482222222,16.385733872206835
Var1,20.68626611896099,0.0,12.836897909905746,10.739481596817923,11.734649649505277,13.08179000240851,11.02913789939185,10.215699363256629,13.155672821070128,18.03348887724166,17.21154055221148,18.920383558590288,17.21758649130033,18.712315286063884,17.366848622858825,12.708130927202061,20.02572441186051,17.363158581705584,19.979875329378434,17.38871662484129,18.1646102673617,17.551858188431254,16.455881673540222,17.517009179405253,17.462904854728876,19.330674422501136,18.28066930311067,19.8668328209681,17.885275218898215,16.721009931793798,20.027547637756786,18.12633819850253,18.518561857214888,21.087757276837028,19.140327900236475,19.76328157677895,19.57937940967807,19.623654192322604,19.218243979617124,16.6510964502726,21.82948513363275,18.63511987023792,18.544158163982296,20.505417076582233,19.633588535255946,18.46760266132564,17.956456423589493,20.681423723329107,18.31787153312078,19.99904308491083,15.10369864077875,7.519130999953985,12.46470063815153,11.930189704688226,11.252204165071698,13.113166626894813,8.890224842895984,10.175961358023168,17.84584062314173,18.89128980043367,18.02555441094939,18.71453974971671,15.661065545749773,18.079326205971938,18.783740486686142,16.247103522897962,14.801417073758548,20.155439288160473,19.512673720221702,16.971452454678474,16.497405784787766,17.244652200174436,14.957381720365033,15.181356243240861,19.84057019431667,18.628660951738308,16.55186870915427,15.206858445257257,20.18593850134817,18.38050102018403,19.943389384931674,21.313666975857856,19.00254953680312,17.803105896649072,16.340192042561313,14.777303931210326,19.63658609517522,19.0700350845185,16.9619378644215,17.44547649116144,19.011664548450522,16.45912598284154,17.363119948473344,20.347676115605672,18.154148888251903,20.571522327738787,17.03386537700152,15.117984541617249,16.222231278749632,20.357754382534125
Var2,20.350300887863863,12.836897909905746,0.0,18.90645994647216,16.284397350107717,6.999790523989838,16.83008667417434,9.295923724891258,7.573470093181992,20.03227942536441,17.516866108646475,18.085400117528764,19.237060158733133,19.13544290815747,17.957439378136332,18.583424490096455,19.61270847009608,17.11443614464581,19.89793771044536,16.82152153089019,18.489933613654696,17.993965386767076,17.81638329834788,17.813969107808223,17.235628801376166,17.49432187796956,18.38344570655308,20.182915707626606,18.618824257643876,16.846361407069757,21.753162198077174,19.57475684824817,21.123747118459143,21.251418229641892,19.816826534243987,16.888687834546445,19.46004972764071,21.28589491277404,21.06888350968584,20.55572322515607,23.288527028346106,19.635570689413335,20.457300548743074,22.701074205090904,21.627765312956498,21.829700441704663,20.487784341118196,22.92332424326486,17.901419865618138,21.922440232458165,18.42715509729918,12.817888520011328,17.841966453722723,18.975939369266044,9.209612550625426,8.519570955783957,12.873731734829054,10.300830529679502,18.271846558204306,19.127296151810583,16.90638071979332,20.452250243752946,15.801029493331308,19.55398874257478,20.034638929226602,17.684021222035348,19.334883155202224,20.85108173191351,19.53090490855339,17.6410062825209,17.383091729317794,17.878650874342693,17.428560925280213,17.64786874386398,19.065092860844963,17.761803447046887,15.104851298786421,16.585662267320878,22.08360254876629,20.254104742633213,18.312288034692262,22.673253363482004,20.44858128356721,20.20862980095217,18.861467061958198,18.85526444363898,19.20134795530152,20.373469202999942,17.09172766899434,19.68566042438233,21.629426561213748,19.95796917877235,21.102159769806125,19.973572391040207,20.089824074272997,23.23125754749315,21.164510393941818,20.406975950189963,16.147486909686084,22.662233626160972
Var3,21.54839148158385,10.739481596817923,18.90645994647216,0.0,9.623916823309882,18.170140220813494,11.733515098672607,15.638203009956353,18.291114965355003,17.648084905099473,18.037319486300127,18.663021134257377,17.461466008806493,18.4345700800116,17.703336569833382,13.057560747658295,18.409725440065063,18.854008595044085,19.230753144383836,19.11134591777817,18.46380406132201,16.801336604867082,16.67543336342029,17.841175036109917,17.96960837128445,19.346514939301112,17.39520653597085,17.902321188690415,17.43498679353769,17.059821801550193,20.652735050996164,18.709110312328537,18.07826309104177,20.112466183248713,17.576174372030184,20.80216138000878,19.32165644746226,20.191700370007887,20.54402476132611,16.85155099122113,20.91462493703326,19.21195312894787,19.2611092228382,19.576225006259637,19.50925252238309,18.037204256279576,17.33646693807964,19.133821386676367,18.62444954920587,19.232238884795482,17.698980987994876,13.339957962720806,13.513461056241294,5.396078044106303,15.853941568189287,18.266930890551794,13.818313495854582,14.892801632039278,17.706054816365207,18.79763581695478,18.044468895217523,18.387676613074728,17.513981281282902,17.500622239492138,19.240140487053534,16.83431872547453,15.43870622118285,19.55059202418773,19.86055722640766,18.786243851389376,17.953353701907822,17.540305566099697,16.030214054187056,16.324894135516576,19.05380714548379,18.768383463963556,18.750891737766345,15.053709721379876,21.23122275347339,19.106001961006854,20.217227634089344,20.436527181593554,20.10476702702952,16.828457847025245,15.94158809506821,15.39570387227497,19.25308719723128,17.583572858917265,18.6232855288145,18.090458883744805,19.521369102218966,17.647990008316594,17.889307531112024,21.68727720985532,18.68497346104868,19.950859771306476,16.890771640411387,15.749007651658205,17.72190133312401,19.564487892107376
Var4,20.30623371977216,11.734649649505277,16.284397350107717,9.623916823309882,0.0,15.291888541370923,15.225948724735728,13.526278604449043,16.081425526340333,18.38708089022999,17.268401325526714,18.35167601663494,18.535257781350108,19.48751768179959,18.388153966828536,15.640847420019837,18.828628273137536,17.330367642157334,19.758485196006013,17.76781835645146,19.35462866560501,17.00852593144628,16.912737102117852,18.24590123927693,17.13701205856627,18.19284824817518,16.807827369465183,17.04013244507306,16.88839109985479,16.970952426664823,21.519158244433225,19.37761819776928,19.576345185249494,19.77655315896338,17.598650397911648,18.12051595245372,17.000811934868757,20.82261414277708,21.517736922782653,19.838838076085167,21.76598947744061,19.03584304545171,20.49832591028415,20.471248959448005,20.133476227084447,18.884479523531763,18.274400322897645,20.14635393816362,15.966898144338272,19.236125834313274,17.652274171242183,13.824568206271099,16.49026987727852,8.996775151471407,12.401126035780038,16.453154758587015,14.207165419257626,13.337192692989317,18.321643075164094,19.165601418690397,18.02278248155672,19.292798230110435,17.79021811668368,18.791581208027583,20.528333083137348,18.367407149108377,18.073971360393728,20.196750593956807,19.909265279943586,18.31194455732469,18.49966770496236,17.502370496590487,17.5495567366872,18.521594725140215,19.305156918181147,18.18848261988885,17.614095723084628,15.751961217366084,22.07310952033543,19.90786930835842,19.727058798282922,22.3220304697293,21.310155776981237,18.41970952916915,17.327447764693083,17.78217263265871,17.852467116025153,18.36748051616439,17.330746707034372,19.57421069357365,21.07816564573859,19.588041736255597,19.971287784482634,21.913493548469503,20.338733440346395,20.843731593137502,18.84288907666654,18.49597628707862,15.838411028153487,20.602916388004115
Var5,19.523181211740738,13.08179000240851,6.999790523989838,18.170140220813494,15.291888541370923,0.0,17.06831383308356,10.685372578625126,5.976615376620424,18.67696976151935,16.593043663884142,16.74532421952614,18.030801919610916,18.297457640199212,17.033756524012798,16.648570577716615,17.4797710345441,16.49452361137789,18.849618375075003,15.613516852415456,17.68706348566107,15.528535153873564,16.17801241569459,15.584911738765546,15.146417882248851,16.05788562060334,17.317566483030564,19.399544707964015,17.210850964338377,15.644573605149674,20.532771524883977,17.44132443045088,19.563679065844124,20.248515061148893,17.596885598996302,15.467672512919497,19.312296909811973,21.044703332030625,21.107158650721082,20.03991705530348,23.006488890942645,18.7552760137468,20.117220817594752,22.98368107225834,22.045756801749082,21.96757789738561,19.042792360370605,22.6760576017107,16.677227607008902,21.552734880296683,17.32293869602895,13.271603034034777,17.444055999987953,18.35055384529386,6.6191970265388465,7.016310566591756,13.915834402881632,11.431041539446722,16.613873487837832,17.79543129295728,14.850144846153745,19.74001313838798,14.647736787275853,18.963506337270104,20.24723453614256,16.992229693965037,19.06848382613196,20.11242079245274,17.994050937824163,16.803610289147862,16.619992165727137,16.391396118198077,16.808306851506806,16.899748776989295,17.393800696094925,15.670124755882595,14.763530290952975,15.234092157415612,21.70225897265885,18.84185717228956,17.09451115261219,22.628505491788395,20.486094786480766,19.123864419676156,18.408491850269563,18.008585185028547,18.985833515752667,19.451220800147723,16.545802225802905,19.111059717186215,20.64733086955575,19.04622745343207,21.013171364317923,19.705233981508307,19.858551492235016,23.60277048302061,21.855774476851117,21.475744007570235,15.054395319852489,22.662478974755725
Var6,21.632445028001396,11.02913789939185,16.83008667417434,11.733515098672607,15.225948724735728,17.06831383308356,0.0,14.339598255451147,16.453296007923697,15.620310019981757,15.661768517582455,15.996011119433406,14.880454396271208,16.105777570663008,13.834520459919501,11.676739930399675,16.339212662950917,18.481591781059404,17.087868321182906,16.335855967947868,14.569585921473587,16.103109113266626,15.051557458669308,14.2879124481762,15.583569889384304,18.04947894270234,16.543793903378006,18.603098080588985,15.902443943867171,14.959827330051962,20.614984926975897,17.86815308550974,19.000376982863457,21.175794772640362,17.834421258615528,20.647834587920727,20.428952397030173,19.346616173386256,19.337843923873653,13.06143406804881,22.158778600473145,18.862793064350715,18.082418353215992,20.16619816616854,18.79048212228493,17.990134760253817,18.520830839689758,20.89301332252511,20.134841005622533,18.978633425190846,16.774733490500015,10.792450850942869,8.676305687833056,13.063620168395353,16.418195513064326,16.782274761689703,10.514613787145713,13.292601406665847,15.562874830005242,15.877810765710969,15.739279776403546,16.86309019643244,15.603488479865455,15.650302007802365,16.639126287514205,12.934312575856314,11.121877953467546,17.737479294520696,18.791755982990566,18.35407783337602,14.053087867726653,16.20473822763996,14.054327834743015,12.819302161740763,16.05655512344433,16.930111844203676,16.943777323624133,12.949446278783233,20.112266848970798,17.94481006914067,20.196735161718895,21.80980288401341,20.007779640993366,16.14541426960138,15.567499018411558,15.52300107268285,20.19614570948306,18.9444145870595,18.290620349654116,17.171407131644557,19.778585671359142,15.063446343053762,15.462740179710488,21.411966049622087,17.27173598044114,20.492668816180036,16.378357418281354,16.357898746214627,18.799405948029868,19.592405991360184
Var7,21.698255450072736,10.215699363256629,9.295923724891258,15.638203009956353,13.526278604449043,10.685372578625126,14.339598255451147,0.0,8.705362586051255,19.807048256317906,17.3555934842916,19.417616917751737,18.865000205918527,20.563953289698702,18.70648290524001,16.276585236053094,19.865809886153492,14.231301912026245,20.7079189937278,15.952927804299902,18.959067293245464,16.65213271478041,16.48400540169507,17.80549817358992,17.6310759007343,17.99402348457811,18.276267479620234,19.65348858131611,18.75405944312406,16.630153007410687,22.06255606768692,20.52814774153821,20.462601862019117,20.13527622802267,18.537038204843828,16.538580913498425,18.24076297988057,21.38885541063977,20.85605437474136,19.178989875544158,22.645408941140587,19.26856179723374,19.617938978329562,21.80497710683817,20.298712184605808,20.46542999887978,18.756193552101053,21.808456176328257,17.789458841970685,21.9017490961768,17.225293905378734,10.931462476831502,15.540889110274566,16.310280417611015,10.183281916161835,10.328471331451798,7.93351126547359,5.550287721737443,18.590217946758486,20.43361357889976,17.84411177725516,20.62909507665817,16.515717115471876,20.020290826483766,20.775670167950537,18.371887725783264,16.91868470704102,21.5092227295939,18.470546963855686,15.489844813864128,15.94596575679481,16.265893843221264,16.007095951696904,16.71771960483568,20.085794934285712,17.537739000190456,15.346270061439196,16.39718015748632,22.104133132315635,20.877682565753638,18.394880238163157,22.100908272052664,20.100168689927475,18.883315774948617,17.93885057084195,17.007071107244286,18.07818264036973,19.047520404504997,15.333368836648944,18.690731455914012,21.164628514418613,20.186639057596715,19.68595954636389,20.56227406898335,19.045042358178463,22.44554235559262,19.290517831989327,18.291059911456806,16.485191747042457,22.627466621878323
Var8,20.394953582328657,13.155672821070128,7.573470093181992,18.291114965355003,16.081425526340333,5.976615376620424,16.453296007923697,8.705362586051255,0.0,18.81785423182264,17.177602737840044,17.566712145186585,18.358778173807075,18.948106746705975,17.43823028473259,15.992166653040048,17.16409321470937,14.980425145000087,18.87666287746878,14.03776951547853,17.302373914348603,15.034980306164883,16.11612722452641,15.35354615534781,15.947295851447926,16.396076002804172,17.488348180588815,19.984883882081427,17.036017635371074,16.4086761482269,21.06736657322403,18.936265407913588,19.280195771754382,19.318680380016332,17.171802598588386,14.333483333655877,18.82476277709479,20.868762344732474,20.911053568783675,19.49181844312765,22.239637211781385,18.501719332020524,19.584827351830658,22.92361896674406,21.59226980925331,21.51992223304247,18.5916806210404,23.044647740243562,17.368997759718297,21.740985133791735,17.32413245196195,13.26549743920253,16.39812480354161,18.71185187246445,7.832831790960587,6.675895369242154,12.51443976667043,9.954162261806495,16.68536338251811,18.756296326402683,15.49926260488635,20.164493162792148,15.067361381385652,19.390150234354355,20.506485230651116,17.2408725602379,17.75874593615662,20.61125961942035,16.55242597843157,14.794219335385156,14.914001963851275,15.2326465939361,15.710679562278703,15.702395885119268,17.559049029738933,15.483017926406621,13.901035744019856,15.544157692338903,21.904965160226737,19.897157179247568,16.155919654727857,21.481385561461614,20.051337438096418,17.94348719111426,17.851545392369264,17.100245879375095,18.017934433026404,19.056089886042734,14.906127549449744,18.205873115371247,20.150788401773156,19.372796793081736,20.168298507252086,19.405645508405424,19.08297511443006,23.553782750107313,21.276110245385002,20.874463503304863,15.627282822923148,22.934424665396218
Var9,17.849346261221655,18.03348887724166,20.03227942536441,17.648084905099473,18.38708089022999,18.67696976151935,15.620310019981757,19.807048256317906,18.81785423182264,0.0,10.964179319096814,9.485879235055208,12.79042684185693,12.520349263975115,10.849099915687864,14.422165817330304,15.802996777102972,19.560802366032274,14.835988962635344,15.046901959511402,12.344071555307432,17.97013147553301,13.607594074517198,13.752047731839404,11.069700072758168,16.37739355378008,17.042320058236754,16.291456556714603,15.45306434288203,14.141379170697963,17.376508738384913,16.00381589296997,19.889896331394976,20.556753806095905,17.999864698853063,20.310349365206054,19.853156046728174,14.661190794310459,16.314430506021083,13.423009282703328,19.944746958171464,15.967560576834614,18.90402195507741,17.639872825963955,18.681043170027603,17.129935673923384,19.16061975864858,19.335487144453786,18.30900146358369,16.04470984230025,15.594803601270625,16.67325203915967,13.635723120440518,17.401187690751595,18.84170506542213,18.1754240006819,17.72594224452064,19.266630011174577,8.631052984734838,10.780578500716887,14.312057000917665,13.694922547897852,13.342383781863022,12.268059026513429,13.065269425828165,11.80030272032699,15.394179454701412,13.168111276225941,17.72352110013397,19.337717313232837,14.407639738667825,17.17847365631868,15.410391537226985,13.39833708292913,12.034016431955976,15.532570141662793,16.57500247786279,14.146383482189188,18.32326314651766,16.15161367793117,21.393044091835428,22.153727665135353,19.882189281250014,17.78187306121709,17.96892405522227,17.78048306407839,20.417776646348788,17.981531469945345,19.577255193976143,19.116186886091686,17.225834565034397,12.002736231183857,14.284885976728399,18.620564778178302,18.20263574814062,17.601686195947135,18.03813805488053,19.840667238063574,17.29156566465828,17.521120471450246
Var10,19.22995486504156,17.21154055221148,17.516866108646475,18.037319486300127,17.268401325526714,16.593043663884142,15.661768517582455,17.3555934842916,17.177602737840044,10.964179319096814,0.0,10.783883750510345,14.192716166734684,14.599190303962612,11.550951240905032,16.81614065070875,17.254075215772453,19.675090522790228,16.960301744300423,16.46198705260282,14.04083196937123,18.22313696941651,13.976944116138554,14.703636605382373,13.102910242186773,15.702971549539088,18.51395082865226,15.512483068268082,16.624607164842974,12.716963815738142,19.15027112624996,17.565998554924636,21.340295849036035,20.95602342163258,19.62429528016681,20.388655435198615,18.897112678289023,18.25665053726856,17.648928891994665,15.96707152751912,20.987723288952218,16.029075584410233,18.322978246542426,17.540335319777736,18.580645237571755,17.899741429230392,19.08716107846303,19.350439128991912,17.831038425834908,17.42457136670769,17.434122728232932,16.232906147080797,15.230487207723723,17.9505711923798,16.96648264724586,17.085857589061963,16.590695646922875,17.553122082926734,9.748699557928916,11.69791537584155,13.770533411191204,15.282990029622644,15.226812832210246,15.376430374672513,15.998973814161266,12.496333817102503,17.31314665685338,16.251785939587162,20.0224207202724,20.649274922317236,15.846332805177477,18.33401303022042,17.423448653411285,16.360511012976307,12.681994075229527,15.64045926332671,18.059257125471685,15.170352086545092,18.70153401246032,18.0777140299012,22.031066185024674,23.32078896225145,20.936045800699134,20.52282687879506,19.744080251374953,20.08129783288964,19.850518098580416,19.07999562725712,20.734086153101902,20.998054604829253,20.109874688309546,16.30177283033798,16.620591696152044,19.208084555855855,17.684070667932318,18.451293131062847,18.70921976757969,20.586234984436608,17.960653419371845,19.130153135755368
Var11,19.529960862107462,18.920383558590288,18.085400117528764,18.663021134257377,18.35167601663494,16.74532421952614,15.996011119433406,19.417616917751737,17.566712145186585,9.485879235055208,10.783883750510345,0.0,14.78003920773126,12.073039771825655,10.549745634422006,16.38886157084537,12.863574435871735,20.624613495349738,13.557679008336535,14.97043331009325,11.808107953146912,16.548734996973696,13.612572298325198,10.075074146857625,10.216122838636206,12.715562643873271,15.03085793425873,15.930019119928422,14.71448826080145,12.362248840501866,18.882788064911797,16.289409714466515,20.9151170671614,21.161291444636912,17.724784419551384,18.996919065769006,19.604395745426206,17.904660546519125,18.8230484754559,15.81284464925867,21.59192333900703,16.54241592492168,19.632231585301295,19.83365731060922,20.55542318063885,19.42387242683404,20.45104537668214,20.980598404619325,18.88826129334511,18.108439586540445,18.543427628359332,17.535434971164623,15.299757017250261,18.48671026867351,17.579210645034102,16.864413314647692,18.381247142959673,19.023427655136654,9.092304864497573,8.273263136620951,9.275150106140893,16.061114568844964,15.349083620399346,13.340152110970942,15.011253590040702,12.147132113606462,16.529815464879757,14.304408461852319,17.66921127830456,20.21855598466382,15.035480725257578,16.050897748356803,16.06648144670101,13.92788748621664,8.814653327531596,12.309859342358381,15.643790582206634,11.370390121224986,19.976670363312287,17.161806479010554,19.127222705897125,22.94682574089341,21.053413394273296,17.749823808874364,17.8833931618682,19.313383896997262,19.49817603517407,18.362476839068893,19.69351167212937,18.549494504219606,19.614303256114997,15.001793754007293,16.802972246349146,19.231976056955528,18.411353223184612,20.075682602471844,20.357363602169496,22.240745717943522,17.87763510259605,19.764321132710805
Var12,18.299941045915112,17.21758649130033,19.237060158733133,17.461466008806493,18.535257781350108,18.030801919610916,14.880454396271208,18.865000205918527,18.358778173807075,12.79042684185693,14.192716166734684,14.78003920773126,0.0,12.735104005223828,11.000158813744866,15.822446700047589,16.18595456304392,18.793765171344262,15.582475124957423,17.23250570375511,14.039523318313668,16.662454412010728,14.74781391485651,14.56685036670485,15.53088298098061,17.97995918882101,18.439073238269014,16.72155319099708,14.757264218502053,14.067017334060065,19.121340542055073,17.13533388484078,19.266613481698855,19.231554044399783,17.679276311220647,20.59338902749335,18.79026951733842,16.160065035258896,17.17654974647461,13.676558445930553,18.873055609197284,16.8720392579771,16.555140340390434,18.23318506777905,17.42037641226895,16.489803926793524,17.101088226365363,19.413842395119442,18.512959202966762,15.758968533837578,16.196691464684417,16.483242980089198,13.82416871929403,17.789057056669282,18.89361586379073,18.394585619096794,17.23362280428353,18.79626238768582,12.410961112222038,13.31068124765616,15.042504002770395,8.467175053225096,10.597596015513831,14.256531918045708,14.66585821106279,11.038346743273328,15.749368777737162,14.827392240862203,18.602090371889833,19.826136583460404,15.563835742429939,16.84778834717314,17.092165723159276,15.774619109876168,13.59798491854493,17.95003257785005,17.50541776429727,16.164134986461352,18.125487330322112,18.12217126820266,21.164159738307657,20.50660448082072,19.268290996347737,17.699154783159813,17.57927774193388,17.064178355359537,19.46848602353286,18.36322233275226,19.92101145068028,18.27402753485498,17.998140864588848,15.61482515346733,14.142834210242542,19.95950667869947,16.156697013185397,18.084066949578673,16.168971753184493,18.625974730448682,17.54961348392731,17.058896565051537
Var13,18.24366809722109,18.712315286063884,19.13544290815747,18.4345700800116,19.48751768179959,18.297457640199212,16.105777570663008,20.563953289698702,18.948106746705975,12.520349263975115,14.599190303962612,12.073039771825655,12.735104005223828,0.0,8.656143051097237,16.15712156457258,14.428287142787845,20.95932699049449,9.677022629976243,15.74571091744159,7.8810822263412375,18.593018800094466,13.776235061990235,15.22542161483725,14.694805576829673,18.39828632219146,18.39220657243961,18.24611953418474,15.518575787264794,13.456255070919655,19.38238235850145,17.424177437834704,19.93263992462262,21.094864129881937,19.14956114691033,21.397763888176886,20.820425647196828,15.227705749065459,15.75671456583603,13.836057818054494,20.039676823182013,16.501360667199123,17.3528400355952,19.253651641160264,18.302523856532538,16.726364834606073,18.847845738773714,21.107872971503344,19.383952826801316,17.061703489469448,17.32531221125278,17.30041922873371,14.46759602723394,18.464307254121554,19.453725018608754,17.692515774888324,18.791296060892968,19.882162585261465,13.406525716457015,12.743129990747043,15.649004631524896,13.436250178521176,13.51653128877245,9.414227843779688,10.417218401871823,8.509816103370117,16.876260015489102,10.849253382279926,19.766492383515214,21.176414218968276,14.147416951455885,19.07160462991904,15.690640640583041,17.27573774901858,13.300464305465335,18.36341398770152,18.075295663172536,14.90220076861311,18.874693485221087,17.622650648188014,22.92245585775913,22.84693068968006,20.911647135123992,19.457830676804893,19.42811053466392,19.40698825935963,21.549927626129705,21.24894201226318,21.534371096211867,20.561630925221053,19.447240535185884,13.948436526459153,14.39373595075853,19.629241912040538,17.61653479258956,19.45252411786101,17.54323512141587,20.325241061873747,18.44652487482714,18.50387020196961
Var14,19.458877496406725,17.366848622858825,17.957439378136332,17.703336569833382,18.388153966828536,17.033756524012798,13.834520459919501,18.70648290524001,17.43823028473259,10.849099915687864,11.550951240905032,10.549745634422006,11.000158813744866,8.656143051097237,0.0,15.649236220895178,14.658097299481497,20.592746569328792,13.30159364163894,13.301715672757446,7.873456773097856,17.499303614292856,12.47254374817831,12.33496968282481,13.216530688249751,16.393783339249897,16.67288162645729,15.84166612122837,12.167700995402623,10.998020399739106,20.22933460902653,18.022182084511865,20.821497159623572,21.118977221876438,18.247213101028812,20.9627500456703,19.266822057365747,16.989994723847914,16.337638008094007,12.996516380197052,20.91522912072545,17.11386460994441,17.18604452982195,18.829754821969967,18.14216437648616,16.692572553038,18.55108045280937,20.289388970556956,19.187137357807174,16.665919252967008,17.104285427177032,15.4532582692032,12.357985228888884,17.374788046126653,18.439651740030985,16.899808997722655,16.893131589097173,18.45149000512974,10.079682838721432,10.23230545016546,13.0216957347785,12.707714503455739,12.81510955463711,12.137771048479934,11.968203447134144,5.37020454973775,15.348211052271298,13.690844913711645,19.73332308512668,21.07012251271345,12.8985000988673,17.59927404876396,14.912236476398892,15.186826264883809,10.852016307011116,16.441822561748413,15.786373960861866,11.929407973027207,19.45800076541311,18.61467210785775,21.85112209185608,23.214000160827194,21.065926132979033,18.9742253550346,17.867572519441524,18.823182010864052,20.453161574307433,19.982032157777137,20.89410993987946,20.029299092527342,20.172362812667643,14.565488120059031,14.334418646384506,20.4024228206972,16.713039084317774,19.520583501222774,16.922302689849342,19.66800985270358,18.608136105968185,18.93220087427326
Var15,18.08357099195095,12.708130927202061,18.583424490096455,13.057560747658295,15.640847420019837,16.648570577716615,11.676739930399675,16.276585236053094,15.992166653040048,14.422165817330304,16.81614065070875,16.38886157084537,15.822446700047589,16.15712156457258,15.649236220895178,0.0,14.367493317023706,14.887251663308447,14.60499219635263,13.251995050586743,13.968725673411678,12.250143005148066,12.924535599592394,14.05726741059602,14.716294347752047,17.215077719907587,16.00512733333446,19.726914766726313,15.180938705603458,16.42396863686658,18.51280857899228,15.612654628691002,13.579321599045285,18.13075517456192,13.824566395799739,17.588657568630346,20.09631022388506,17.55015807914145,17.614662866358923,12.344851022536746,19.728603691051934,16.058212980228284,16.87840083766349,20.77769972251524,19.157002392874,17.561257023461575,15.886838538362662,20.791389842427343,18.35049306995525,17.95816316852962,12.878048039683128,12.871836673385458,8.825232338154587,14.13030318520627,16.0534118991792,15.71740934640709,12.965314655817227,15.28371242303509,14.572090393173967,17.19523484777036,16.103419187823448,17.595945232754556,16.26844381432862,15.769585710355537,16.573338050339036,14.45251583898911,10.337897930870076,16.958448575326017,13.416261465231983,13.03085518855063,12.21431376068321,12.48561657986065,11.441954833188131,11.694956185221159,16.932314182968337,14.866464644226486,15.982331105654389,14.229596223494324,18.857218230571753,15.997219719531058,17.801992010809997,19.79078402546699,18.25366594629132,11.895766330491648,15.317497017910366,12.37124347514009,19.230952740237218,17.60035474946243,14.564055800929774,15.106612418817512,15.574880695980232,13.414660290091037,14.367798840637903,18.93715811871455,16.952401372595556,20.64091356451128,17.935025674201725,17.96153459866102,16.51638297134864,19.174160447088855
Var16,19.36674919108752,20.02572441186051,19.61270847009608,18.409725440065063,18.828628273137536,17.4797710345441,16.339212662950917,19.865809886153492,17.16409321470937,15.802996777102972,17.254075215772453,12.863574435871735,16.18595456304392,14.428287142787845,14.658097299481497,14.367493317023706,0.0,18.318451664102827,10.581366222073662,14.519378393053175,12.067975015205091,10.405690353865774,15.451615276710177,10.459093450992674,13.07997791670488,14.067871064411985,14.99315677922267,17.890212269734075,13.439679054165808,16.673960369992237,19.344077060545125,16.45167351137812,16.702315796108124,18.293018207634614,13.77586501394594,16.630362877905576,18.964817467150635,19.026210942959338,21.090139247407805,17.462955156531798,20.67427018207638,17.33321730048164,19.365707876197384,21.219573896000423,21.243197796895046,20.693452759410313,19.48799072416822,22.10666900255633,19.505930178481343,18.834208186053598,19.83115459894798,19.198246937070365,16.498507989293863,18.9419976455811,18.01283210645477,17.890002243937307,19.305667508395796,19.20301634648924,15.003849679785862,13.942413268196184,12.08200676847897,17.26228191792802,17.68415202622299,16.46165132130248,17.45888210150915,15.323644936957955,16.667543426476477,15.227848850171606,14.69665609600281,17.830724552326185,14.029601226965458,13.958782840588574,17.579261275953733,15.684507937891672,11.631115940071599,12.34722226739122,16.440489632016764,15.20898012473789,20.933519609135942,17.79423075702372,15.354865270355415,20.48979423510549,21.213926880531314,14.464640822507366,17.94317447037284,19.479948887447357,18.23010813301543,18.528388263153154,17.99809848994898,18.03846246681044,19.958939151954073,17.36531754288759,18.86135638278513,19.27153016575142,18.872504731982012,21.409966211741892,21.851834711454284,23.575758331148254,19.06580604263434,20.299557340313363
Var17,17.23757467428729,17.363158581705584,17.11443614464581,18.854008595044085,17.330367642157334,16.49452361137789,18.481591781059404,14.231301912026245,14.980425145000087,19.560802366032274,19.675090522790228,20.624613495349738,18.793765171344262,20.95932699049449,20.592746569328792,14.887251663308447,18.318451664102827,0.0,18.349443526844247,13.957098368759473,18.474873876540407,14.039869215096996,15.465033029482983,19.254326607331244,18.833269871016924,17.20622275994038,17.66358861661944,19.44293872780245,18.31772363039268,19.63460777914574,20.407619496882113,19.41595840415824,16.22227182901773,12.671839735428609,13.59108283225226,11.238670558644511,17.225921735426795,19.406618228018672,19.47445427724487,18.78326202210737,17.462152994583846,16.791142282883655,18.827188693337728,21.04338805412388,19.72899097838784,20.060420296454815,14.77521349966703,19.56005351499541,13.898253767790019,17.595690715777458,14.92946690042996,16.134889444828197,16.464755817764427,18.853198087758113,15.576729529086952,15.174875635440445,14.495509543227833,13.510768361260961,18.340142357795322,21.099151072886002,19.107225018240143,19.932803773517776,18.359617959438488,20.284731933052473,20.090362287423066,20.25142846822565,15.92955745676844,20.248292285389873,12.090042929777953,8.29181784997772,14.848360292704125,13.488749549217886,14.979307780829455,18.12473523547199,21.50789381974232,16.290480188846622,17.37615176296211,19.0820594470407,19.921873993023063,19.08044454301403,16.392674571998022,17.49459472718729,17.86630162701044,14.461214954591878,16.13673544719642,14.359419980634177,16.097161103542774,16.582105543797073,9.944515368237198,15.755537739487288,17.305924264361103,19.825961228957965,18.75890180151647,18.452498385968745,18.096414746200935,20.657448151760487,20.229858772496897,19.054242809183904,12.936767674521409,19.015042857510497
Var18,17.37208714730508,19.979875329378434,19.89793771044536,19.230753144383836,19.758485196006013,18.849618375075003,17.087868321182906,20.7079189937278,18.87666287746878,14.835988962635344,16.960301744300423,13.557679008336535,15.582475124957423,9.677022629976243,13.30159364163894,14.60499219635263,10.581366222073662,18.349443526844247,0.0,14.83517318375099,9.420894481408197,15.320508414406868,14.675476543212781,14.943479645674865,15.449574106797066,17.636913672281377,18.020361166288524,19.509645683742754,15.943220631025175,16.15453255735011,19.293172676288336,16.488091546169187,16.42060033365044,18.235955464138918,16.179438603548874,18.276292270057056,20.42962339954895,14.95085591182101,16.52462057664332,14.634262122668497,18.99468698897024,15.847610606471175,17.28340060981648,20.702077386029167,19.52511261177322,18.283466152326955,18.343238757053587,21.671517140852885,18.634716826982533,16.792703648566743,17.702956802693574,18.72059279678882,15.36262723151895,19.39431108821941,19.391305811610618,17.946414587754475,19.48066560782153,19.903875243701073,15.017692188697891,14.829116306446885,15.448505717187645,15.738894059096816,16.81776522609717,12.722560308114089,13.166049528100405,13.347628866256809,16.60784999136277,11.257735870831215,15.296952320960598,18.329459095415196,13.590360445131422,16.85025614416032,16.494395414673672,17.274410669170255,14.557679561650083,16.450682234899794,17.858833730269804,16.662646383244113,19.185874362456317,17.069719490760026,19.929812187709345,21.27900117528065,20.08569750299124,16.544399947953572,19.959635855191674,19.31552957448568,20.298508349521075,20.665215917284858,18.723427135759774,19.285259716832744,18.511112775546025,14.536349935357238,15.202427367000531,18.61288354375186,18.292628100922627,20.573791796130546,20.064454619482348,22.195279601733173,18.06954575514009,18.248540126070168
Var19,17.378746101632075,17.38871662484129,16.82152153089019,19.11134591777817,17.76781835645146,15.613516852415456,16.335855967947868,15.952927804299902,14.03776951547853,15.046901959511402,16.46198705260282,14.97043331009325,17.23250570375511,15.74571091744159,13.301715672757446,13.251995050586743,14.519378393053175,13.957098368759473,14.83517318375099,0.0,11.100473774299054,14.656324282088729,12.055779160912591,13.246431325246101,14.322713806792226,15.25638631095353,14.925642524501901,18.776429653816393,12.39289364430806,15.953597425140918,20.855970174254054,19.741059035594905,18.523438869808267,17.633894153637858,14.678947569752706,14.499429479416301,18.70127688925428,18.366266017766645,18.095398520247226,15.742045590017591,19.655086812020006,17.512067315547355,18.45152939454939,21.45213762426171,19.627416118892434,18.864693764611026,17.822949301178433,20.921885362337893,17.276922776492903,17.609816742121705,15.100793233918562,14.927766876005279,13.087604691454862,18.620413422313113,16.327294617624034,14.335700746704218,14.948304982996305,15.586402452379337,13.888101397290887,16.35226751508671,14.95953329173859,18.538150881696076,16.93797077687014,17.21051136488107,16.321180774434175,14.0599325497475,13.788164701817255,17.8994008102288,14.025701675737313,13.239773019451539,10.414628984821208,13.453111404934795,12.276429238112133,14.54889153376553,15.77170210431094,14.152827156977507,12.920088772629644,13.349582564796961,20.988188917240638,19.14171128531094,17.00089602438408,20.54035668292578,20.124399919909965,15.120166166571192,16.071135003180622,15.823910123530561,18.016257674748164,19.147415726634595,13.535783510886361,16.834828605246578,18.28688328091055,17.33140406529265,16.828033708236127,19.506277218153144,18.072252440267377,21.71344034983015,19.457394312969484,19.72416634009732,16.54925508966975,20.288735729835018
Var20,18.358809341975196,18.1646102673617,18.489933613654696,18.46380406132201,19.35462866560501,17.68706348566107,14.569585921473587,18.959067293245464,17.302373914348603,12.344071555307432,14.04083196937123,11.808107953146912,14.039523318313668,7.8810822263412375,7.873456773097856,13.968725673411678,12.067975015205091,18.474873876540407,9.420894481408197,11.100473774299054,0.0,16.327005263343157,12.324299345760059,13.206812070408178,13.169396996359191,17.34661648084231,16.935900703456998,17.832841653580605,13.726387109176935,14.037344952410427,18.79279287703282,17.352846764752545,18.971697867176186,19.69484211335474,17.64376830235808,19.476470287132774,20.07047524864764,15.72603849149758,16.324832486429944,13.407826212161016,20.053532477299225,16.405433347123168,17.606399143674178,19.387236147402614,18.66196627958384,17.412173239505393,18.442910958583294,21.06673780949299,18.835643472494244,16.668025027811566,16.403482331991306,15.731740958095559,12.357211128949494,18.47426811872703,18.56163337820142,16.60865142213878,16.994195338338745,18.177840445992455,12.411051987666813,12.78767512371935,14.639484653979798,14.739445120617246,14.73544449556497,12.087659787602652,11.210825986502467,8.384607483758824,14.773415006414304,12.458524025757034,17.722648973535335,18.70256450336102,10.049675044691936,17.395239212480494,14.323838331256116,15.698189388751251,12.70866426652345,16.559971985017143,16.34592362758148,13.540821230057528,18.870258845719423,16.84647306202487,21.28995718592995,22.264115503542666,20.685257894799147,18.04002018279211,18.488154576957818,18.916074208900568,20.48832383999148,20.670776058486492,19.426370355522476,19.701927201628212,19.022174776914323,14.127328311301365,14.92106447827667,18.95215470694887,17.67332174614038,19.545922619288298,18.104522892271017,20.353382523526243,18.218914497323887,18.655204931880096
