,Var0,Var1,Var2,Var3,Var4,Var5,Var6,Var7,Var8,Var9,Var10,Var11,Var12,Var13,Var14,Var15,Var16,Var17,Var18,Var19,Var20,Var21,Var22,Var23,Var24,Var25,Var26,Var27,Var28,Var29,Var30,Var31,Var32,Var33,Var34,Var35,Var36,Var37,Var38,Var39,Var40,Var41,Var42,Var43,Var44,Var45,Var46,Var47,Var48,Var49,Var50,Var51,Var52,Var53,Var54,Var55,Var56,Var57,Var58,Var59,Var60,Var61,Var62,Var63,Var64,Var65,Var66,Var67,Var68,Var69,Var70,Var71,Var72,Var73,Var74,Var75,Var76,Var77,Var78,Var79,Var80,Var81,Var82,Var83,Var84,Var85,Var86,Var87,Var88,Var89,Var90,Var91,Var92,Var93,Var94,Var95,Var96,Var97,Var98,Var99
Var0,0.0,17.174975009331106,18.33508954983832,17.059592329681895,16.35976529770188,15.9615236837763,16.917624997815498,18.22602254615436,18.267682762731177,17.050882555186643,17.661303028009144,16.956193143218954,17.66242607645739,17.041459826610296,16.841355924323373,17.26669768001867,18.601909913936158,20.077950208601703,17.972250395545412,15.071613509829202,17.012179398410716,20.203659700438745,18.423111974440257,18.136817532853446,15.235450025665113,21.234090021818602,16.960092574624063,17.575466601809705,16.194824336337284,16.575943675686105,20.038117499897453,14.138836626717575,19.92364761464004,21.063312711355447,20.823005211533008,17.0078231991081,17.569349462823368,14.835709681913114,16.218982931724188,17.181686714059328,15.768023917341045,17.304262823579357,20.534502009288605,17.235056793629738,19.748164428751185,15.713311629108222,18.067129655899276,21.05335953971536,14.796119214804678,15.036849532790828,12.829154405214862,17.4527035125009,16.950544170429517,14.352351472639995,16.104922207393592,15.219855966865579,19.24029864049153,19.038910740923324,17.28301493855616,15.816387733807433,17.10837710208039,17.353915346127977,18.403443975696533,16.799251319256758,15.558285518683146,15.846737063693611,14.702849231348845,18.354584017285067,21.19027864248578,17.69641469261292,14.520901353341886,21.144854549427816,17.771447626043425,17.184926454714297,16.302829870991182,16.701286271952892,16.268971146055076,17.409737104284496,19.665996773947974,15.104045029994504,20.95744026081129,17.104291343112482,21.417274882533025,20.176029001592553,18.46743704394677,19.20764057400183,18.37587407701175,19.090238892258096,15.600813181340557,14.752343255327611,16.079682284794796,14.793306298432686,16.414699541478992,16.23564033390773,15.718051260889883,17.32014068748376,15.128891650573056,17.693376422797463,15.028284923599381,16.218477820049202
Var1,17.174975009331106,0.0,14.533058156075132,8.106283135701773,9.238577494893123,13.760661618298226,17.445511598872326,14.896746285253862,16.062533664714223,19.20418372028792,21.23102673589277,20.253311815022524,20.322565695476396,17.938924820624514,20.320777646734925,12.392633712132334,19.40757461203327,16.309183901041596,18.092667874192013,14.291489273054017,18.757087273334392,17.254401265421627,14.790509144559477,19.552395265431763,20.040432085234226,20.326815107729583,17.313752978186614,16.44546987735718,17.172365420034186,14.845938727245773,18.673242803541033,16.98708231579928,14.881164622079904,16.813017198964353,17.579944207506927,18.39318373005534,17.544229368871772,17.007913719269006,16.182546191629875,18.780931513104356,17.298219153612656,17.585690166155935,17.51477829931472,18.166091378980834,17.51167307362873,16.983702822024807,15.539473903773281,17.132950579397978,17.261041063468834,18.406004102321077,16.922628237309837,14.519826758192961,14.322621811141147,12.664759934577186,13.323608402801995,15.993822384630844,16.50384565106399,16.570496157917876,21.028286114707164,20.256490554352165,20.95352707267007,20.92204674926345,18.077899006013094,17.80617135916694,19.11079176424713,19.9223187470508,17.355464601634893,18.30216059868441,17.539625336576446,15.085976717874097,16.891806777109135,17.233269438094585,13.155493721624799,19.17262443437575,20.58241680176623,21.152445198484916,19.110000291489587,15.503057172961737,18.82055929885577,17.268196237301186,18.914391877925297,16.748895228998183,19.083921135929494,15.06005963138746,15.208927648039005,14.136013544160742,18.137349444641767,16.65706071739224,16.582561980839547,17.03005581403502,16.750461571180086,19.724409942110388,17.845872727771475,19.452531783594235,16.73335839900869,17.872459971780223,16.703479058003744,16.58059605921832,17.26981992255506,18.48559533227719
Var2,18.33508954983832,14.533058156075132,0.0,14.780614569094622,15.665588228059015,12.897616171811778,17.013379210602228,10.500259235742615,10.03134189866967,17.15667128164262,19.691479320067423,18.034242654382936,17.270415852252633,15.394063837799548,17.97618507682643,18.38185881850245,19.112154049030636,16.788747688119415,17.413534835894197,14.67114369306774,16.088809876658257,21.470376679088464,14.698237758020218,19.071118976486456,20.437626473782455,18.065800291897453,16.62629302030529,18.009701375544516,15.194974866043793,16.838380776429176,20.893134983418012,19.723169860783035,21.151446959662607,20.513641699164754,20.45481557063929,16.653169387872346,20.126479872641216,18.366352427815315,18.344533249120587,19.53909123533097,19.670931877399767,19.456252788937515,21.280590073861948,18.978553354446454,18.0331413604107,18.300753084388074,19.792186352149415,17.90441206983253,16.525146523938083,19.034653287847863,14.126318041594875,10.064123747437382,14.995999951489512,16.278335813560677,10.753495707808868,11.200517210713212,10.814389065807214,9.07421208429632,19.140754075324736,19.320553868099385,17.077749813133572,17.038655976065684,13.916464600930302,15.18945699886895,15.784816298922019,17.220679262872796,16.72435863161475,15.403968850771319,18.833260844736188,14.723838147204221,13.755275582386846,18.541982379593442,14.345157877395835,19.80385891700928,18.13228325945653,19.25304385903488,16.5688225402658,14.66224087954791,20.49154411295001,18.943891039817565,20.15470016075029,20.44453916531712,21.42647486954845,19.85625350329053,16.773389188359175,19.858501942554724,20.329059338035005,19.201032386727153,15.154918510239565,19.25250610530096,20.048661867284462,17.783095033522276,20.134790556737176,19.173390300561373,20.878495440376764,18.217008803564,18.23132177817309,17.369431952719964,16.346997347511625,18.694313332641965
Var3,17.059592329681895,8.106283135701773,14.780614569094622,0.0,10.372535331932932,14.439685891622453,17.011681982746758,13.612173296528814,16.058287385281034,17.865713279612915,20.082906809503324,20.140790857479477,20.44736654650391,18.13919693561167,20.783317049511417,11.706555528168053,18.438369467405384,14.464194749937409,17.08600526872745,13.074537540797897,17.436647278770888,17.650401566218285,14.45490396792464,20.399209745446655,20.773519638802433,20.08263166309729,17.201864080546763,16.753631258735975,17.146970709159124,15.445015986388455,19.474312885735078,17.944983711912347,14.850479871777729,16.517078028089262,18.054946066340595,18.198731131833554,17.295449725358285,17.04561787284943,15.607068421464849,17.924574914638477,17.334355223120117,16.389009044395205,17.299938951636594,17.80811401269769,17.006800349517153,17.50868294039784,15.833585359863463,16.96517933748507,17.266515650523793,18.313524547483183,15.908866850961504,14.26062273648091,12.767694478846376,9.425129325519844,13.629466988287815,15.812011662203291,14.939561354065495,15.963767273048106,20.882440066576095,19.720326918455985,21.186018823818035,21.086438370555506,17.824153241522268,17.80861606876875,18.923963786118176,20.259021803110322,17.169648120618184,17.93263072458434,16.664161161005985,13.137326250597601,16.58158971231529,17.08250300464638,13.249015382582261,17.932413453566284,20.981682686784644,20.94132481792191,19.489120590018334,16.000387289827973,19.425200497243207,18.275935033329628,19.426546008860676,15.982356620909455,18.446901976338285,14.939462853261315,14.676745941017733,13.766258650922987,17.587124496702625,15.916944849078904,15.480764306089883,17.272046284755955,16.851212943043482,20.233356150167428,17.525415050816814,18.787716651191328,17.098559896112082,17.99576848019014,16.950583886560178,16.483587166554805,16.657386999878682,18.063504376407206
Var4,16.35976529770188,9.238577494893123,15.665588228059015,10.372535331932932,0.0,10.122770117548546,18.19707118375199,16.311274558143342,15.000581235644479,18.902867162515893,19.873694655059897,18.528718568952804,18.62567988837271,15.53082285948255,18.40282673689821,14.650843070870481,19.422464660656754,16.72691250071667,18.57497641228372,14.430010487671492,16.72768773761697,15.704042046994635,13.499320246470752,17.479217590891377,20.17560797704093,20.250016274905924,16.783047047351495,12.651767996657338,15.02447306275955,9.855357932850747,17.00859011814869,17.32454303894871,16.46798268137329,16.651473577226174,17.44933893445168,15.598719382506383,13.508776985592663,15.61321732009375,15.2506312375883,16.17800763805945,16.1807814961749,14.180627228402836,15.465550342270353,15.995226567591288,15.854438081024572,15.304449187840564,14.192413543291028,18.81063483736373,15.549932908493435,16.22891680191226,17.42408214909028,17.676012818597453,16.233477608565114,11.854868562839691,11.00832059766416,13.96093320492752,18.6345302880296,18.050099099783058,18.69608974830945,17.387327306799016,19.309552188313745,20.084603981511325,18.665692456107198,16.605282012406285,17.05868983878359,17.824503037712837,16.901194167630262,18.35421431070804,17.021654265476,15.962538746243197,16.286160687311074,17.639690774913905,13.443857303704341,18.776891128482912,19.47104469731106,19.530769208118674,17.123508393658625,13.656605125353742,18.09898726156772,17.317866786233477,18.965315503885435,14.120795373114529,18.191347300322374,14.414719075471481,14.994211273866648,13.367835873218855,14.947597509726943,13.618863061465511,14.834808116360623,15.177335358527476,16.124532772726283,17.908207051565505,15.559552198368577,16.58480660780739,14.06282471342502,15.367681147321457,14.79530729687079,16.41227969853108,15.703661255638366,16.320516170665044
Var5,15.9615236837763,13.760661618298226,12.897616171811778,14.439685891622453,10.122770117548546,0.0,18.255202379442128,15.066174541625827,10.663756973194396,17.825069652984784,19.217645921514062,16.78401636964959,15.578501168556478,12.747961361048409,15.837028914924073,17.9342222218455,19.219809151831004,17.63880996133524,17.615850164244637,14.828682317740206,15.423538271746013,18.19529725700293,14.324424300759006,17.334800201961205,19.65631241346041,20.032895413518414,16.57248262144131,13.793815209072365,13.601243205935912,11.039098569127555,17.24328914871916,18.051435109709058,20.071045892010005,18.793325304514244,18.61777455322025,13.647077322280882,14.06443305154789,16.586990065944285,16.52564599187133,16.93227574301811,17.896207088651444,13.381007383055932,17.468617899307354,15.385743044112232,16.063665942605013,15.675662219587762,16.40313882006767,19.21192598588144,12.986811096133446,15.23403315819228,15.300464993011357,16.010706098618495,16.972286706512225,13.409984351468493,7.138434655620351,7.764938255518441,16.85236112739444,14.867421099623327,17.46135477105291,16.533826751467277,17.1305898808988,17.127575013899047,15.407314945066664,15.579261581352764,14.49149621508829,15.439868797935242,16.239720706804974,17.084773681757273,18.377730030709973,16.266056891365448,14.222492685718107,18.940440655793303,14.127205939962863,19.03220339078947,18.099552692193907,18.49987625340365,14.797827552799507,13.558724533004973,18.012971540769474,16.82890152919207,20.784786289202273,15.950577115513752,19.266098961566616,17.03507257095745,15.232472647679794,16.72378859999451,13.94646151737345,14.198587394698023,12.966521574851873,15.447775156909461,15.861943362637753,15.313548248674712,15.419841476068608,14.83266108474437,15.385458084573065,13.707885285038305,14.873979855442684,15.586001875755239,13.313858889752302,14.950822955876188
Var6,16.917624997815498,17.445511598872326,17.013379210602228,17.011681982746758,18.19707118375199,18.255202379442128,0.0,14.691475897173891,19.061218236333,15.764727047535041,19.80834655637835,17.62421816069384,18.04880503997413,17.141489714141642,17.512888973645026,13.392704901201574,13.840173095503777,16.33140065821174,14.015188118073183,13.252117892680154,16.71910805474729,19.277185838181822,14.585487659240405,14.779969398420652,16.095136924025425,18.750471186440343,11.416161922651362,17.075447562080523,14.848353985333008,17.73891199217416,20.657574070627877,18.602883780961886,19.272497756698943,19.69038893354447,18.039395720596872,20.03043319261933,21.63559706051393,18.246439412124815,18.0537849338999,18.743125155254305,17.285265538919028,20.156091255638422,20.30676741226496,19.98405508207212,20.040348973105047,17.792420876083153,18.62641092869311,16.274304843530572,18.89551387582866,19.170168198337407,14.587013868951253,17.661015880795013,12.124803589668835,16.689828129270353,18.705567332882783,17.508617374375838,15.994631098113505,19.294547872691222,18.649371931268565,18.468065989443808,16.746869731928882,16.988439205662736,18.302383369741744,16.215760530445273,16.638004759732677,17.330316459639096,12.19196875361684,15.996415193136542,20.1341855008082,15.72641239476269,14.427624872315757,18.525925809967827,15.185484960462004,17.82322895031774,14.332848248101408,16.201776066912725,15.26918722502749,16.343602139439973,20.39875678142433,18.96147421035555,17.28767108219824,20.783059849906877,22.39782059329155,18.295891599143374,17.546288684082057,20.09912083738086,22.021057331938675,20.710595155112177,18.775860602365903,19.041908487367923,21.07659413039374,20.003535533144408,19.709086510662832,20.38324895454043,19.882801026641207,20.76453120701545,19.425980803900135,17.458340820614946,18.476829560862654,20.33457872969771
Var7,18.22602254615436,14.896746285253862,10.500259235742615,13.612173296528814,16.311274558143342,15.066174541625827,14.691475897173891,0.0,13.215524099382348,17.299342052811287,19.78003662465774,18.709412980777703,18.125844550826354,15.749507718444713,17.962238118138362,16.081229735248456,16.46793202664162,12.414790889955581,14.205598691629058,11.971717352750488,15.844072833953597,20.309216829678025,13.105967087462918,18.34522626066778,19.236458858234244,17.670825550765475,15.76681414012714,19.052665152532786,13.989992292910975,17.60092093036821,20.829785105922014,20.33307559369529,19.59436911922088,18.693138285690143,19.384311702600655,17.395421712098326,20.648586033152124,19.325874604714958,19.351099973802178,19.78666177808827,19.449648455831724,19.2406163467606,21.292176607761117,20.058439777231527,17.870038018233988,19.689503299404763,19.424159965404886,16.1825533030354,17.15314680985983,19.393129706520472,13.695476124407245,12.010158241245803,11.81207569263156,15.952235130808468,14.126191313004448,14.124799021736923,9.355572559049838,11.403727396973345,18.478227219542024,19.43107012085014,17.414068774669104,17.262757701233614,15.46832453626233,16.506967672253722,16.626254712732354,17.940346785654405,14.237854709383525,14.119342323681618,17.494404118290337,10.534389049573587,13.665683311885545,17.26484866927912,12.058712644164316,18.912205040202227,17.57330950767942,17.906581043306666,15.733843705886333,14.906014820613724,20.199614693341935,19.488730606199322,18.98159090516901,20.380966639903427,22.013167378139745,18.423772744379658,16.70149246149038,19.023534207402633,20.75081753497459,19.341696330399227,15.18278777657146,19.910752822166362,20.57097609571289,18.833265750426058,19.84480164307989,19.22041059636239,20.459320654004365,19.347697360350512,18.9574023696246,17.076515811686292,16.531751958705456,19.327336435841303
Var8,18.267682762731177,16.062533664714223,10.03134189866967,16.058287385281034,15.000581235644479,10.663756973194396,19.061218236333,13.215524099382348,0.0,16.458689477530427,17.504747892110153,16.219606642442578,15.073254594357364,14.427750069601498,16.576196498132735,20.248386793419755,20.304787471842115,17.666058876386952,18.691871654786308,15.1953830501176,15.703035993345878,21.234905910362677,16.153394887534745,19.079963375558673,20.475918611355727,18.833167321931178,17.73761502541999,18.32064001383505,14.192268258596856,15.826435656787268,18.70026328196527,19.397284418322965,22.27431591922034,20.5596372508213,20.933617361042444,11.042177052022849,17.282977392674983,16.70569382503972,16.91869102644454,18.73005549540613,17.87257367053894,15.960768750533996,19.950131898105465,14.550239047529775,15.045447468794968,16.829677285296,18.663898114204216,20.076071109786522,12.50359114033083,14.763087794577569,15.7637874204834,12.780373768191206,17.420993872743416,17.143547038776376,10.407998909320886,7.976140373505864,13.784139566660539,9.48936145873532,17.00026313815059,17.11952574712279,16.08339195853501,16.31696469970673,13.78284737863938,16.041829748920257,15.476014224771047,16.003096522186155,17.390322862244027,17.591099498502548,19.33473211286348,16.18123508475723,14.582994438290623,20.340145346495753,16.292934327726538,19.8143764847067,18.518193219913176,19.257219518071768,16.062418360852842,16.3547100099843,18.4322234932153,17.29705618177811,22.41915768616274,17.401570940267995,19.746480237048832,19.39141968051094,17.19286803074157,19.806764014522283,16.049064092409292,17.829465002973826,10.87567906377448,17.106962127512105,17.59574985631685,15.464093737838072,17.564504012807255,15.788988519058924,18.788220276075258,13.165857484109406,15.664878772407123,16.245284709508482,12.438064308278042,14.16376416437303
Var9,17.050882555186643,19.20418372028792,17.15667128164262,17.865713279612915,18.902867162515893,17.825069652984784,15.764727047535041,17.299342052811287,16.458689477530427,0.0,11.02986605350795,9.301121704542622,12.086185991115801,14.474180899071829,13.798001414007313,18.51039718226482,15.95606991432133,20.04238648457491,16.408751545980746,17.037312598099454,15.43312851192375,22.262916809028763,18.863240854271925,15.51123841986014,15.449687976597529,17.174442020776237,16.89940672926514,18.444434127548316,13.660245923566542,19.553464074708227,22.92024888168394,19.076988722690032,21.28720393537579,21.709869692705485,20.546716664732966,18.779739414880154,19.222618849674106,18.526878653104454,16.476768137336606,17.187460261374007,19.39412716934112,20.018462278357877,22.96653438468716,19.12192329671109,21.618499404976053,20.15940240654576,21.62811765988772,19.9922066218725,17.699698003463798,18.337764161315075,15.936121425816372,15.260777705913963,15.90506880750844,17.356706870180016,17.143869279633023,15.605977321337484,16.13424117715676,16.210112988504296,12.317955288123041,13.086808627851454,12.260063755047575,13.534419053282566,15.256136871275631,17.10342394324162,16.149439221108135,13.50172582684896,16.77254852193921,15.019416780399318,20.572310441843427,18.862231265484397,14.465172447376297,18.961944144207397,18.225017528308065,15.912468870764952,14.28306642431071,15.621141459855396,14.731336121723933,17.44906337227488,21.976183186048317,20.79001731040203,19.826227963386337,20.543067433758726,23.30540609781005,20.427904131219695,18.682789044980808,22.04500931209272,20.16292277695832,19.828429758779617,17.180936159880922,18.389182655742065,20.685085825591628,18.086955148074786,18.717379729752217,19.96896897937206,20.7355647446829,18.80626398388408,19.446335646679756,19.688842302336017,16.732794776934874,18.090522798781926
Var10,17.661303028009144,21.23102673589277,19.691479320067423,20.082906809503324,19.873694655059897,19.217645921514062,19.80834655637835,19.78003662465774,17.504747892110153,11.02986605350795,0.0,11.167158565122513,13.388770146995057,16.121611402671537,14.289920493514453,20.908782942521686,19.18407505460187,21.22529780800911,19.853458386227064,18.95547971636739,17.47671132717011,22.26905824238148,21.656935775305357,17.11584674712567,17.18867547829958,17.17058437292926,19.785921892388018,19.65757126408605,16.233939728236837,20.58293808727025,21.757993732199587,19.085893088869547,21.636167385265086,21.707342495945234,21.141335032235876,18.25702763310626,18.585497534093154,18.000398567346057,17.043404820711647,16.68087835567891,19.560369147599022,19.728265365820327,21.772392023556524,18.238136076255802,20.855596585652854,20.367372509042294,22.10408742994124,22.147271429136318,17.67002231918301,18.36336872319497,17.496970750604365,17.998995866714214,19.698321331729566,18.626365859293976,19.068691305972784,17.050262016823982,19.455424352624362,18.397627911025012,13.129912215490878,13.653665550414043,14.493770166372975,14.39227297589247,17.72005365503317,19.270356941546225,18.485569145783423,14.639705510444088,18.79490313261682,18.945043352731197,20.791907747588866,20.07646932975981,17.69868913884707,20.086582698787193,20.784694587987953,15.377371854587286,16.432982805523164,16.70501855387639,17.553219264797704,19.61367067888689,20.63492691651965,20.374740083704577,20.266846455824012,19.59660726221405,21.321416140843347,20.436763986243182,20.672940859961784,21.76950731977774,19.58696569495459,20.123485699272393,17.393204648995077,18.21401794712162,19.83119660634638,18.860458656474204,18.62396810926879,19.15172890004913,20.251211789679846,17.712950172291897,19.382535932875104,21.18819920629633,16.663833074193818,17.436820562177438
Var11,16.956193143218954,20.253311815022524,18.034242654382936,20.140790857479477,18.528718568952804,16.78401636964959,17.62421816069384,18.709412980777703,16.219606642442578,9.301121704542622,11.167158565122513,0.0,11.08728842890871,13.211592274799745,12.552507662139035,20.2881522526918,16.941845669760447,21.27519803158085,17.394562161104986,18.522751496454383,15.799887663116852,21.293074787980146,19.235810827249477,14.046870663181139,15.428609568042427,16.6209968357421,16.986548312539828,16.96932340907935,13.353346616854317,17.96737935145217,21.95474187430983,18.74993857669114,22.86017132499961,21.777940728621402,20.257235749572935,18.14919358809084,17.77845972180685,17.930506845906816,16.530931801751493,17.20274222947548,19.122823291420964,19.48361899441645,21.484547374785265,18.568725923961754,21.62000721324264,18.60261331211452,20.623919050313518,20.109105460632684,16.920765154135204,17.92452960213487,16.94924132475618,17.348706146545894,18.269378343401886,18.9672187211552,16.874979985576196,15.26122226976046,17.975553462267808,17.426365029011905,11.241451948626052,11.961970418271278,10.142294047581085,11.937297335480695,15.916048351638615,17.168614726280552,14.915029303065138,12.506616658427662,17.021291086988775,16.02447428202467,20.782209803538954,20.01453156899252,15.949226934735162,19.622004842398926,18.713072859042406,16.175924944435156,13.711162262303828,14.786740415135247,14.207339293958253,16.747705329040556,20.79307236066924,19.867215636114413,19.605554531893343,20.012513543521326,22.840710084188053,19.832821308657063,19.35340908191199,21.73233491825718,19.4805712527957,19.292795077957674,17.85597272093849,17.826140278381043,20.349812217083947,16.592237653408663,17.708059146983427,18.309952061492126,19.102701407217964,17.781495291735073,18.20754791591525,19.69808447723053,16.796185622960344,17.86955494919821
Var12,17.66242607645739,20.322565695476396,17.270415852252633,20.44736654650391,18.62567988837271,15.578501168556478,18.04880503997413,18.125844550826354,15.073254594357364,12.086185991115801,13.388770146995057,11.08728842890871,0.0,11.934044384322728,12.942226001345562,20.05862977041405,14.977782149361527,19.442970805296206,15.351507201724363,17.90462992139581,16.10529473256094,19.315329783217006,17.871674507509386,14.64085615344102,16.61629928260647,18.404129876328938,17.37950431470485,17.674474159936402,14.204065729161222,17.331876558885494,20.849094952777726,18.715487401319844,22.879234174162892,19.539965427152396,17.905403409888674,16.745651000794233,17.363758322300058,19.129170863278237,17.1538318528086,16.03778105864384,19.471957161415613,19.438564682224133,20.10288745478328,18.843542165371108,19.18814291272372,19.72932068736669,19.7836304272694,18.843637637724346,17.175974732204736,17.4526653091106,17.102223784471597,16.352253079796487,17.7869398718259,18.047024441663115,14.903263866639524,14.199789866659346,17.702971772207444,15.646822830285553,12.892059426803824,13.63815075257548,10.397265701740038,7.260867715277434,12.765911847597517,16.490707587894544,14.854714342735315,12.737482899882647,17.48297194140652,14.19216527033207,18.415711952379308,18.297634584672824,15.423551083320604,17.483583930471656,17.5561347761601,17.592117115373053,14.231330965051338,15.188711898104396,14.173323427076857,16.807340031888444,21.38208403299373,20.181583898589448,18.99660661446639,19.039913664580286,22.477577250787043,18.85312484240331,18.964705394218125,20.526167038361443,17.964813583287786,18.52847233193741,16.687525762318412,18.28030188286808,19.43934329940648,16.346157390255136,18.745107149761786,18.02376649140477,19.92453053817873,17.346336960013712,18.99945015439686,19.069425160539563,16.785617212084016,17.612744699884235
Var13,17.041459826610296,17.938924820624514,15.394063837799548,18.13919693561167,15.53082285948255,12.747961361048409,17.141489714141642,15.749507718444713,14.427750069601498,14.474180899071829,16.121611402671537,13.211592274799745,11.934044384322728,0.0,10.409464126852399,18.66705485136327,16.991026476776213,18.464943008874375,14.946704904232895,16.664592054838497,14.045112189520127,19.207077353945277,14.001182218139181,14.157331467131263,17.999548312625862,16.237873842864207,15.364091474784352,14.744678282002,11.066525570336577,13.045964298529828,20.56231631525678,19.759088892057438,21.20466243334936,19.63458176484191,18.954343944256205,16.160802407194033,17.1927379471582,18.607228755833308,17.548554434722984,16.672876712096944,19.482368742620153,16.58863179949356,19.008265624945086,17.99166727698942,18.567896986011117,18.390468294588477,19.743275093579484,19.147073012816733,16.71981555114491,18.075281325847353,16.226135545753003,16.81977686101314,16.93095153164881,16.77877347725882,12.757678054247151,13.074655112352886,16.996841637412565,15.524488640436683,14.960254575782958,13.72360019762021,12.70365270922138,13.151938909293447,14.819574498652125,13.200867920024885,12.511484690464476,10.409860853273116,16.08502281841033,13.249203440999361,18.033769092882014,16.955541514051767,13.661011091624522,16.855639342647063,15.435569125545952,17.24128657623573,15.60074301632409,14.956029761445148,12.763747610176072,11.977800860895455,21.19994452257587,19.571246867006074,18.9520443856888,19.1017931686326,22.942004483821904,18.295303877873284,16.785744608155277,18.966110764556273,17.690085834673912,16.860535100304016,15.976495651706564,17.41791027239119,19.12056249986561,15.654802737717807,17.216776870152735,17.10705630319416,17.12612670364242,16.77277232205176,16.95183530673581,18.002925749514414,16.40532079602391,18.028283712886477
Var14,16.841355924323373,20.320777646734925,17.97618507682643,20.783317049511417,18.40282673689821,15.837028914924073,17.512888973645026,17.962238118138362,16.576196498132735,13.798001414007313,14.289920493514453,12.552507662139035,12.942226001345562,10.409464126852399,0.0,21.118461319422845,18.767846714549723,21.231306488541126,17.21111614469134,17.983489603600987,13.556240175449156,21.449093776804794,17.950947609052275,12.64029665448999,16.351107909798184,17.780103904909286,16.342796554095134,15.709479709429436,11.813654171149489,15.833996024302436,21.21006432663048,17.636865798450255,21.609148182764333,22.308683483518255,21.28411524014165,16.949474546225275,18.45419487907073,17.322552068544187,17.988042603771138,17.532573198398794,19.409824731033975,18.65730854895584,21.699723461121405,18.087625385198795,20.71131026138969,17.86187557828089,21.711860819756204,21.508633981973695,17.117697004717954,17.754385839273663,15.693521440088736,18.422281584907758,19.105220102936013,18.901444386231184,16.07726132055532,15.043725550959799,18.352283605670845,17.7703971798235,13.16226018558944,11.889641092760037,12.240562725307921,13.980579914416635,16.460486142057025,15.882125501726483,12.002696389247108,4.492422963828631,16.482154861975197,15.769362931517877,20.40444894312356,19.530638014268874,11.96132931048931,19.45750668315109,18.20506406787846,17.726735492765016,13.573100728026459,14.957779160967476,10.518548879159747,14.815018745124943,21.34762086753357,17.885384480753654,18.994227006838386,20.367736627710418,23.31840000502112,20.931209666168794,18.531739826740747,21.974976359419376,18.51306056354333,19.272876339080423,16.722717027174436,17.64486567725713,20.047582747658197,14.721548642162924,17.678676808415425,16.56184405078445,18.62303617570734,17.38387215170889,17.135388398894438,19.38972576283067,16.534473391252682,17.792296536494348
Var15,17.26669768001867,12.392633712132334,18.38185881850245,11.706555528168053,14.650843070870481,17.9342222218455,13.392704901201574,16.081229735248456,20.248386793419755,18.51039718226482,20.908782942521686,20.2881522526918,20.05862977041405,18.66705485136327,21.118461319422845,0.0,14.482387148169076,12.73695381412733,14.170625825962327,12.416157339085593,19.64721732093933,14.856838117291584,14.683499187553393,18.084833550192318,19.634941971271978,19.37229948756646,14.269419513544976,17.80786561787458,18.390622725792795,16.870121272381212,19.951844706124508,18.286690523993094,14.600573989717393,13.807895852106427,14.503019635731635,20.86174418657283,20.3103923433394,17.792784606362535,14.490474578054341,16.313929102367865,16.204741998531965,18.533436134583688,16.493239607226172,20.20849878371957,17.95051043896614,18.300353558314498,14.136833525682114,13.989919026467525,19.680680048297514,19.510311399099496,16.83217569716595,17.712909889279473,10.459757888390888,13.10429667866515,18.257186061880084,19.060218954082842,17.654390241681256,19.9095817192482,20.771324247886,21.06046417785347,20.846654341961752,19.65471619253965,20.083996993142684,17.758429935731378,19.68636527846426,20.823641178316322,14.620219667764085,16.951088594042794,16.9924798679699,13.363598172625752,17.905398762473986,15.66867239724355,12.794206802100927,16.12853085077898,18.442272441792387,20.067552147865133,20.366354939123962,16.48266946442486,19.024142657588822,19.243009689445408,17.322959600333377,17.257798550032096,18.820055327199537,13.354491354532158,15.365057512110045,13.219895679594936,20.81878515612408,18.23636462730256,19.1675247683711,17.79926725777407,17.7715391109265,21.378638585394228,17.89823523933691,21.202290399432943,17.837526275168983,20.517550349176652,18.36635542380029,16.405440286176166,19.438287227171337,20.441770755708518
Var16,18.601909913936158,19.40757461203327,19.112154049030636,18.438369467405384,19.422464660656754,19.219809151831004,13.840173095503777,16.46793202664162,20.304787471842115,15.95606991432133,19.18407505460187,16.941845669760447,14.977782149361527,16.991026476776213,18.767846714549723,14.482387148169076,0.0,14.34399444759842,8.14123361254196,15.742471384962311,16.661217349984003,15.8225726368106,15.354652439111591,13.699064206332821,17.062204201645354,18.47693808021535,14.465651447893109,18.047642416041587,16.89160262147432,18.24800141189973,20.782745588320484,20.831570365914335,19.37888148818102,15.572188563568883,13.790608873531431,21.14315618697392,20.436592260340873,21.099982911756484,19.38319651436442,18.49600904552062,19.310759318538835,21.929112989005446,19.395250561670327,22.22043974300531,20.37680547256711,20.807907254769255,17.640044803570945,13.907658491535448,21.143862495379828,20.8292439167705,17.020978443221782,17.181569363866345,11.879944539802437,16.98155215146435,18.560921949117972,19.40016793957086,15.46834487253903,18.61883408806623,17.827128123904853,19.551096017510524,15.680984148282782,13.998515402589778,17.607903517772375,17.007726369680938,16.911798712860286,18.691792869630813,15.493177239631857,11.192444623574746,16.363756577694396,14.797462152469766,16.535140196013597,15.225272935653296,15.621494199259935,18.919853117106182,12.568093159909136,16.78624605342975,17.496148059275917,17.920916088726432,21.05708444942074,22.198767239973975,15.698771893947217,21.375836270497253,22.601013777296643,16.528230188100594,19.841338308900745,19.51718633040567,21.67048835288541,19.75202135764749,20.74529943730523,21.489272235904163,21.994978412065592,21.227912173656716,22.177135486662884,21.957373343771877,21.951470343558075,22.250667502939976,21.764755901273038,19.95288827729377,20.736907696378772,21.80505504990736
Var17,20.077950208601703,16.309183901041596,16.788747688119415,14.464194749937409,16.72691250071667,17.63880996133524,16.33140065821174,12.414790889955581,17.666058876386952,20.04238648457491,21.22529780800911,21.27519803158085,19.442970805296206,18.464943008874375,21.231306488541126,12.73695381412733,14.34399444759842,0.0,12.726394406686557,13.17612006926478,17.69049946374306,13.92532064480345,12.100951776629211,19.163137615150763,20.4532866286662,18.846382289279827,16.035270328331446,19.093204943592763,18.42762439116187,16.952538168401514,19.29696651633954,20.96025440342128,16.743650513089186,10.008437744213591,13.541266076027926,18.718942478248298,19.93987659523468,20.337431855991856,18.77458091527542,18.09787782488841,19.394260812497276,18.95142389846076,16.424570162036712,21.506320748926555,16.48090741784175,21.30254665958123,14.775533364908558,12.228293446915414,20.229903527453352,20.436737307666355,17.07200635042589,16.491265052622126,11.481109443572699,16.01737902608512,17.06605214430543,18.312880181492666,13.651290311759627,15.997676201125143,19.51714091878452,21.407613997046468,19.769264610305736,18.978815297152096,18.15393592685295,18.43987179329576,19.25838434743415,21.07837189424056,15.92975762990152,15.117859715676648,12.581967423321755,8.55679401381606,17.45840241068478,14.692872067497976,11.7323419900692,18.606568185970634,19.243705273182098,19.042460064525812,20.09156785114758,16.795012834311503,19.433259208865003,20.851017302440365,17.764054574535667,18.245358309157485,18.894937999898495,13.662114980324938,16.293532347620634,14.243629266672524,19.82960558116372,18.510494087681096,17.767503735444116,21.726891956801243,19.52748638263904,21.424204407641252,20.58433078394887,20.83697264199017,20.82635662719227,21.289137567577527,21.077548121359868,17.530097703143873,19.69693062550673,20.881048636857226
Var18,17.972250395545412,18.092667874192013,17.413534835894197,17.08600526872745,18.57497641228372,17.615850164244637,14.015188118073183,14.205598691629058,18.691871654786308,16.408751545980746,19.853458386227064,17.394562161104986,15.351507201724363,14.946704904232895,17.21111614469134,14.170625825962327,8.14123361254196,12.726394406686557,0.0,13.938902574644343,14.425901766959166,17.284056469020506,13.917057328166276,15.29339933359331,17.5793616321839,18.451317191029787,14.327205410561053,17.816415893028505,16.142509587036404,17.489190390918115,20.432869158984488,19.900977895625672,18.699005209531137,15.316280191485033,15.684724980301558,20.405300693364165,20.59829234408921,20.676682517417394,19.222252500364686,18.408057420616263,19.869141011882423,20.70369310724695,18.96318548316878,21.89636698768163,19.91943463473941,20.417083072011586,17.963003506036532,14.285862234344624,20.423636204141566,20.586682937820758,15.461065169088744,15.653751206234602,10.686110651285665,15.874365283502502,16.69905105003578,17.762923063427934,13.4339701846687,16.616426116993537,18.128424988219773,19.146468533011948,16.186460106123395,13.938149948686261,16.765541926704536,14.768534759178669,14.661532132253763,17.19233395057313,14.724611051588525,9.244258419565332,14.340174409894805,12.498154786003159,14.629876135910537,15.338842270005612,13.492829030899706,18.037170066978856,14.19459431795598,16.471257074638014,16.454272862061366,15.96699071830496,20.592917155779446,20.115092271243444,15.905284432810031,20.28547693822283,22.19352830111487,16.480432159420467,17.370918136866266,17.964220031099877,20.81411701537856,18.84092970703958,19.29400914246038,20.28999349129003,20.722389784727998,19.464858953809347,20.683210001715505,20.662405015713937,20.665296325732022,21.663758714915623,20.298998825105137,18.475337113014643,19.888543716779875,21.27793775148704
Var19,15.071613509829202,14.291489273054017,14.67114369306774,13.074537540797897,14.430010487671492,14.828682317740206,13.252117892680154,11.971717352750488,15.1953830501176,17.037312598099454,18.95547971636739,18.522751496454383,17.90462992139581,16.664592054838497,17.983489603600987,12.416157339085593,15.742471384962311,13.17612006926478,13.938902574644343,0.0,15.27230223296628,19.05501604673154,13.323233009714812,17.936949077798577,19.817695858550554,20.715340240802842,13.050088101005976,17.80145298322506,14.994855758146485,16.390621312164996,20.108515984166857,17.28463818312946,17.830841862091034,18.109871030529906,19.404387971869244,16.319728130199984,19.199566212383242,14.201202561593455,14.129557403744062,17.04152634608328,13.07682238477088,17.505233412874773,19.281963209675983,16.226134817634055,16.06949594635848,15.397428156569715,15.331143645799404,16.139309303664202,13.81307192942705,14.31803842631245,11.731579192840867,14.62629957377225,10.864506973695383,11.643837692089708,15.134599726402948,13.295368264066608,14.750164521280647,16.35087167590278,18.61821899627067,19.189461891528072,18.791687589878798,17.13724135694065,18.377316418851695,15.832591563205193,15.908590296156403,17.76012470046458,9.87020229233809,15.619601128972917,19.111237687462516,10.867048205804837,12.452828798066928,19.25307994401233,11.361018170402772,17.209906739949776,16.219281286988053,19.70837285813335,16.736990789351918,16.395095164694023,18.711302230098905,16.102597388880493,19.997968316966748,15.756527261081345,20.531190558423017,17.547074129325203,16.402693224296215,16.944877114311186,19.132023901244047,18.674505945201865,12.509679304752504,15.018421151279448,16.795648908537814,17.116601139229232,16.039771162148355,17.680331541216155,18.494276707232018,16.69942684303845,14.743579296330237,13.860301112248104,13.230591828501568,15.39689815098894
Var20,17.012179398410716,18.757087273334392,16.088809876658257,17.436647278770888,16.72768773761697,15.423538271746013,16.71910805474729,15.844072833953597,15.703035993345878,15.43312851192375,17.47671132717011,15.799887663116852,16.10529473256094,14.045112189520127,13.556240175449156,19.64721732093933,16.661217349984003,17.69049946374306,14.425901766959166,15.27230223296628,0.0,20.75534479714034,14.926628965744582,15.275245473355318,18.03010920649466,19.891868996908496,16.401381333617163,15.809217558097895,12.707859382485946,15.279908672849217,19.982293828931414,19.507769837136404,19.783857485393092,20.806637736002937,21.013957721710852,17.720132675841107,17.876745745870743,17.622708174208338,18.195716507061725,16.888643497617736,19.517555002183578,18.51540470582873,20.04582407727753,18.629382567073385,20.348858127632482,17.881887896994353,19.953126034894016,21.115113133838708,17.744765346484147,18.2364826666568,15.074602994182412,16.331794801328797,16.048932941678064,16.40777895657704,14.464640696910637,14.084895108780824,15.605751608268834,16.77962048818985,15.698847558702377,14.537282089446347,14.015902116741017,15.884771984224207,16.614286951965642,13.406733777404336,10.905260558528289,12.798924467106842,16.172476037667668,14.169120876695372,18.170396826173985,17.32478180605107,10.80996923006134,19.97576460514144,16.940148196554613,18.00230661812619,14.77118523482797,17.210152888909846,13.004414751716086,16.277565616411433,20.528608194309037,19.173272850304247,19.47768491079106,19.703716896307313,22.806724262813965,20.565884750989397,18.1839093893438,20.620429930962203,17.070209180334896,18.933076662607196,16.700262950435597,18.13384614615083,20.07924776127747,15.905786631695937,17.93939017865178,17.49619120055405,19.165359989746847,18.905116788393954,17.800057403284754,19.87431382540473,17.191020950122336,18.129363329280235
