Var0,Var1,Var2,Var3,Var4,Var5,Var6,Var7,Var8,Var9,Var10,Var11,Var12,Var13,Var14,Var15,Var16,Var17,Var18,Var19,Var20,Var21,Var22,Var23,Var24,Var25,Var26,Var27,Var28,Var29,Var30,Var31,Var32,Var33,Var34,Var35,Var36,Var37,Var38,Var39,Var40,Var41,Var42,Var43,Var44,Var45,Var46,Var47,Var48,Var49,Var50,Var51,Var52,Var53,Var54,Var55,Var56,Var57,Var58,Var59,Var60,Var61,Var62,Var63,Var64,Var65,Var66,Var67,Var68,Var69,Var70,Var71,Var72,Var73,Var74,Var75,Var76,Var77,Var78,Var79,Var80,Var81,Var82,Var83,Var84,Var85,Var86,Var87,Var88,Var89,Var90,Var91,Var92,Var93,Var94,Var95,Var96,Var97,Var98,Var99
0.0,13.279941831029069,13.155924227835474,15.172253383627494,14.74641232072909,13.119455368456164,12.672449780037493,14.576727745341287,15.550581594505598,11.902614512991846,17.758899185128286,18.45229170382811,18.11133222486465,13.54491766408558,12.646040740905006,11.14037491670526,14.251004830086794,12.539523041897873,13.143617278770382,13.402842878895832,13.74755675217835,15.436734010905248,13.738788779295062,18.999705056899675,11.466483877947558,20.016971406286093,17.737714373725588,18.30506140057208,15.23134876921108,15.54471119611889,11.655403936569588,7.521467719415598,12.500362752297097,15.86784517678941,18.622213539895554,15.30699500487334,17.477999068821177,9.605623585842912,12.083410599201464,12.975509070962936,14.4297376098602,14.913310778114717,16.141181609321126,16.070543524244606,15.67393718827048,15.781609295365984,16.786082329747785,14.763135238878627,13.33467436946508,15.481338165190431,12.197280750597333,12.99050621238442,16.25276518897589,16.511358477224036,14.295563173288189,14.98114858178801,15.41775223145275,17.096528642857894,14.24843926793007,13.943696458609343,13.684806138029288,16.78490265304793,14.102381127616033,13.231340067651075,14.052405374505108,13.276549105862284,15.866808172748229,16.034499147955966,15.480001761368383,12.226355278669557,14.729461064916103,16.066638730258887,13.849058623888007,14.548926693827688,15.101022655516296,13.957359465663457,16.889825056893798,15.112446735334304,12.352113889967164,11.899855752224047,18.33882609359113,16.40804444379807,13.825965489736609,16.568022746470515,15.7805829105694,14.30212289325015,16.83425654252848,17.99358640351837,15.276587964212744,15.888149192402093,18.933412493350293,10.006728498821968,13.262209252983835,12.454632850057916,16.0824056150483,17.112259772557145,14.70346300758372,15.157030605453237,13.885626926597226,15.383338509536047
13.279941831029069,0.0,7.308017372655428,10.925559918277708,7.606036554513825,10.59127467133144,10.95667032538488,9.413755629680796,9.613491691582697,12.66513797576216,18.43308760583916,17.67298418995642,15.871794128375662,14.32465526257031,12.176069241763503,7.119540363600729,15.090412562316809,8.952661009044954,13.028879450666505,13.068354826911303,11.566633596109956,15.513385783782958,13.3237119724871,16.162129029480138,15.341623858462464,17.122461714836113,16.244450298103242,14.935029747346984,13.992985422374703,13.227991588023892,11.005136734119525,15.788922985981303,12.3701982010175,15.016670655160318,16.715577374782065,14.082713538933271,16.759744711805666,13.7927318850152,14.06280915236952,11.521237302562067,16.792738292858616,15.824336499915663,15.586476382178793,16.055113404695664,16.661030012916793,16.564702527295463,17.30085126828953,16.299839300198684,14.841683612775808,16.536859969585542,15.668087350664845,6.855495989023938,14.107267267048767,13.117046968147752,10.80607773512487,13.091703978247851,12.780208717926458,12.065915490398943,15.391997871159615,17.639046762084128,13.66460425311934,16.279629609952416,12.687447565973285,13.39252667840242,12.351275292866868,12.803990569838133,16.461854479230542,15.2022609089241,14.890018095190516,11.141493056849436,12.044116785897463,13.67460047262045,13.792019455067503,11.644363733295556,14.134297254627445,15.41027701017801,13.98311989290136,11.929487543605903,11.42057314869668,16.094994781356334,14.59773264360251,17.14981776644647,14.379789338807656,15.909352063118648,13.8192281589026,15.247709186218216,17.017720890387125,13.905863562034254,14.561308393714388,14.75418115517718,18.924229547019056,13.3588873319284,13.734046932596591,15.919765854800168,16.60565779780361,16.3018152196979,14.144873627139178,15.86319136581283,14.85910109778328,16.183485135315756
13.155924227835474,7.308017372655428,0.0,13.83526658733354,10.117712176545062,8.477166541982967,9.43637443030572,9.557285176875736,9.098417895716905,11.84546819317389,18.12287450594918,18.06748749592317,17.045741291959352,15.707389122696643,12.73248073107838,8.572252578366674,14.86836774468515,9.779703555389544,12.665954769828977,13.122533309001732,11.225712091922516,15.506075985949854,14.209223848106369,15.380937988575376,14.11136418810027,17.391963497405232,17.90993062431071,15.65655775069354,13.49900363995229,15.125599356189932,11.52346123675074,15.80283550056758,11.33980816332125,14.41419125566847,16.57615714204246,13.727759901162676,16.371159777149234,12.96401273487832,14.485563087773748,12.01912401055463,16.64934189276169,15.204745731257525,16.40260669056365,16.77727759910025,17.865321209151556,17.85906266870557,18.11902904309318,17.02594804324893,14.513555294509064,16.429140656571597,16.685940320165095,9.221009702902492,16.774509001422444,16.276819517930836,9.171307203339026,9.520145397302455,15.126217389567536,11.68574805073354,15.812484928802704,16.49293785400763,12.32428750608118,16.42581890995193,12.571509356642672,13.439682643190489,12.358218997145398,13.22462551527065,16.388318477017663,14.9792565092859,14.74858538400274,11.553783168633537,11.710825961608109,13.00158225955588,13.779685640565004,10.422985170537425,13.305819104507624,14.312307858758729,13.767730630798924,11.886288437244575,11.26284439578452,17.160223048262218,13.005169671016958,16.515275424858707,14.525056884852432,14.230239925836738,13.257367810213005,14.686460935358012,16.435381558593907,14.578707679765264,13.117161742917672,13.93496646637042,19.4644210412224,14.230779595300127,13.225781294219916,15.746339013466052,15.75257889225525,15.462325764992102,14.339827672389776,15.177458487374642,13.227843274640987,15.700420488330192
15.172253383627494,10.925559918277708,13.83526658733354,0.0,8.70889908877082,15.89798507362836,13.270547411227843,9.930407006679376,14.618856617221244,13.063743049478305,16.16807818721412,16.615184518937173,16.16184442863974,15.616280054846802,14.835833459223878,12.2069919151527,16.874544055376376,13.290931633964416,15.532798099864907,15.974784213591075,15.72399594033374,16.839600222517753,14.949872092886958,18.017334016539685,15.13038546255452,16.31770355223824,16.392038786281766,17.01061003332886,16.617610712178355,14.03883251122448,13.621966094498571,17.100609188132935,16.14556682467528,14.797289760635486,16.857879247478852,17.287978308890924,17.648404012140844,15.277373213432975,14.956124944908296,13.387327991389416,17.45774946335693,14.518615734728868,14.658422085712536,16.04631221481308,15.747090908193304,16.42994500840364,17.103174917954142,16.760660267608387,17.580200015574032,17.555550105473102,17.542197763365234,13.631028611703227,15.104437373006494,7.841757489943784,16.999376350208212,16.078904548748568,12.336379617472922,14.856126361245716,15.592489960587631,16.101668705959383,14.357141497001734,15.036346333981564,15.48995721465025,14.171799098134858,15.402481959519262,14.70396353124355,16.871241257734933,15.386771738655346,16.254222344651104,14.344064483034703,15.886984607394044,15.667918149147994,15.94233504273294,15.883977235134996,16.07038489863273,14.720566434951085,16.510336309205762,15.491407244079038,14.369064931907184,17.955441669395764,16.89381399586204,17.377690347781844,15.32403036651767,16.348926455716843,14.870979076417148,16.177863534235367,18.218587431509206,16.733455836758424,18.485269118013587,16.495871324510404,18.11283846668548,15.68083169766689,16.119619886892973,15.358969233112624,16.19906384558643,16.738394879101488,14.704838785039584,16.594689475080443,17.687368033602155,17.311502233680155
14.74641232072909,7.606036554513825,10.117712176545062,8.70889908877082,0.0,12.122049811871312,12.767778437048705,8.405190661338203,10.92673048863286,13.511259956150273,17.56929977803787,17.268239767711965,15.99902013895598,15.515018016773526,13.53962247702015,10.896374142786872,16.7054620909646,11.52406629128618,14.498774983096911,14.561946033486445,14.387224330762631,16.995859923239674,14.713300846305286,17.951270225459254,15.816973785947171,16.348891114413117,15.95171069771938,16.26192612919356,15.42238675608308,13.72225189895642,12.044770451744704,16.715962056421585,14.613525791782305,15.417087024511114,16.53832573718869,15.186391098512884,16.496718480498995,15.11510892904206,13.45751620365987,12.184406923077605,16.457895542608654,14.777739947413393,13.01054889719689,16.192319972385555,16.299156363189592,15.756313320603946,16.312966200394865,16.03012447784026,14.853966672462862,16.65794809575766,15.455477761271284,9.39760282808437,13.797592886176098,10.17715394143076,12.629287046474516,13.783782250447407,11.824346786611724,11.28031911852103,14.65017787372587,16.621437071864186,13.732113286139146,15.910963802145687,14.548320974304522,14.569773850480097,13.817004646269964,13.636264188510715,16.290519832404392,15.909868080270344,16.517154783096213,12.903818503453602,14.241430654229667,15.746179840650324,15.4726911256762,13.680787960053811,15.820041190136545,15.082077361508828,15.291231749109864,14.525207990665152,12.860452884300033,16.535318859818283,16.41519430976457,16.890563154073376,13.582247522863726,16.134044188530883,15.152524344012336,16.433179910777756,17.14912826734057,15.582838276957682,15.964852603207325,15.710733946160248,17.55131058147929,13.566448842740844,14.184969113103666,15.371053766833713,15.874394175004484,15.899670202941657,14.31346307040584,16.300751814457158,15.49723192357813,16.537639715143435
13.119455368456164,10.59127467133144,8.477166541982967,15.89798507362836,12.122049811871312,0.0,9.674052520200906,11.716062680038393,8.6126706171936,12.50611615852699,19.66939554147533,18.433631690525143,16.585999525440496,15.226141856791118,12.071392838526307,10.060260444490645,14.637005197179215,11.4098761541879,12.927667334364717,11.856123397822833,10.69475899001004,14.897605951617088,13.003470450410363,15.46786255912168,13.137989958975592,18.582206085632905,16.48872563193637,15.442300526432271,12.482821976034122,14.247140431742023,12.099548054411732,13.442262180050776,8.67073645928737,15.183804768480124,15.788641323555742,12.484485987042506,15.248427364477273,12.05172481736051,12.891036641268576,10.70915954606899,14.993764237467603,14.95669705877624,15.453576478310088,16.801765580742586,17.16331941949294,16.21901325886773,16.507519235495543,14.943283167535604,12.578491532121337,15.445564254231025,15.360350848980246,10.816753203965972,16.61572938226987,17.603743101203342,6.916917942420125,7.613968500859654,16.197124454257704,10.971900176324167,13.988642040931447,16.31493391744862,12.17964869283745,16.291500741250875,11.723641642741374,14.440760785467829,12.882263332039043,13.25767326242411,15.18573690103782,15.820262536728942,15.36675183993843,11.79834399442358,11.989185736602217,13.09374270961409,12.557818808242756,9.139878688282538,13.38300462768963,13.16851680400988,13.590135021640643,10.931056108027205,12.088763574062366,14.70942773567008,13.9036633523841,14.76813194248962,12.403260786035975,12.939753351996393,12.58600754469356,13.085303124248696,14.63504007410326,13.951752471085864,11.379772415199415,12.404752018475415,18.250699211060983,11.568234945597707,11.18913594233658,13.798935993285372,13.711034207230368,15.906500068353266,12.826166903572332,12.933991929653798,10.251719042789468,15.018447472608784
12.672449780037493,10.95667032538488,9.43637443030572,13.270547411227843,12.767778437048705,9.674052520200906,0.0,9.851621771040069,11.457175807925957,11.083339246446954,17.774274399404206,18.124126003171654,16.299080602691678,13.924147677483472,10.564530434656882,9.5365668374177,13.311796106786929,10.621191572181228,11.26455134009215,10.03395163080388,8.59912213136699,15.140770431269669,11.64681822490405,13.770770095877944,12.94885182587241,19.041998225107186,16.61688340737282,15.549735014966275,9.686514530650571,14.16240176775678,12.761005779219497,14.787150184477447,10.446032030665704,13.3673028045993,16.60668648522293,13.306823448170364,15.766800924591296,11.773908576982532,13.861767472005669,10.22843094193479,14.993250270156716,15.827315031536438,16.54427401365383,16.8835779268003,16.554356257335716,16.571063707663782,17.101407987424366,14.992658690145957,13.214226868263108,15.223205341501226,16.607842914923527,12.295808747607492,16.688304965901036,16.061121499912815,11.753345338269453,9.841327773438092,15.1825374000257,13.804522827498266,14.538998455267835,16.943419031109112,12.30518201269975,14.988689876157226,10.654402622130482,11.72023621105543,9.37934715105957,10.849828410628811,13.593115785638544,12.597673982109493,12.321791087972985,10.43581183011609,8.924354578349721,10.716562296323811,10.732833677683068,9.151188948487944,12.145024479257524,14.608075821768177,10.969074578239104,10.298311242408278,13.592817784611835,16.701478172880428,13.540226026626067,14.690079370024598,14.330395597310927,13.638381030315411,12.03434498250603,12.327102792913946,15.219724406750156,15.118868420732142,12.767525014011593,11.418569026201151,18.722698158508432,13.132123648016382,11.171054551663682,15.43228734299317,14.975521303831828,16.20198263782063,12.437702353099542,11.928822119470304,10.47595468546509,13.549841475449794
14.576727745341287,9.413755629680796,9.557285176875736,9.930407006679376,8.405190661338203,11.716062680038393,9.851621771040069,0.0,10.140540951457313,13.40879214791751,17.31480716409294,17.80074021586859,17.02219717390813,15.734203702821732,13.960802129036882,10.385092437925582,16.637261090931432,8.914917361975352,14.116449366952414,14.209909730448384,13.611331467972036,17.290872925512875,14.748984517617506,17.38667901176219,14.661709131166866,17.478096937320938,17.675654621914365,17.41484834036547,15.055337250052684,15.5031145873925,13.270683777826536,16.808716878250287,14.5823336334116,15.125000312545184,17.32579288971766,16.525396117959666,18.05038990658428,15.589143847363042,15.727005401326045,13.245039241642496,17.8708753921737,14.764667379773904,15.266834480602434,17.845734120531898,18.317268414063385,17.769134761089038,18.02206407816056,17.62887022458395,15.584435295663472,18.325380191356636,15.517880671593602,9.878316654440402,14.552084126942692,12.412365427637596,12.252575613977475,12.04820980198224,10.341044912006984,9.917591131178396,15.944977421558582,17.211178634245186,14.372350358727864,15.827520038876132,13.455316524280212,13.701399274800464,12.997853218097251,13.63073863520025,15.583528494369766,15.349885646754704,14.502036698732974,10.50540576066627,12.048869052724122,13.79257146401078,14.96216552812158,13.280409592534056,16.777020569728435,15.16032065676768,15.096009147980723,14.547225058567236,14.236816888370022,17.480417480618645,15.64136693314016,17.406846941485973,15.308163600843828,15.278284651946922,15.015004384222866,15.92330057425133,18.36119948450601,16.975113107701997,16.649613679963487,16.16062707704969,18.539439587457604,14.975317638446551,14.71947501601066,16.082358581347254,16.296961040064676,17.528555461990862,15.469934292779255,15.935899408859331,14.5773809189807,17.379474634779413
15.550581594505598,9.613491691582697,9.098417895716905,14.618856617221244,10.92673048863286,8.6126706171936,11.457175807925957,10.140540951457313,0.0,15.621117161526994,19.95823288061053,18.99323778192718,16.292446429472598,16.721918339337883,14.199509474048902,11.428609265522605,16.281973205821288,11.34820486373786,14.286135625516254,12.712955817775503,12.31584180095104,15.50251574923574,14.782466211906623,15.213250302518398,17.447086982849424,17.125466298517633,15.284833904528458,14.685896460897116,13.374834613593524,14.634626408243037,13.842063276501973,16.02281519418721,12.331902874312442,14.218412223283256,14.680504583160364,12.54380816894482,15.220318354518682,15.048504366347837,15.585957824874065,12.972005396208662,16.41786171276769,17.325729959209376,15.79199378755152,17.452330122586794,17.041092536612894,16.505500665385604,16.028810301423476,15.93887042175079,15.029272936915287,16.098095803084316,15.87675101642665,9.40630193685424,15.101579665527476,15.69563168425643,6.566843934614728,9.905486300066736,14.845310101934816,5.579020063097508,17.471913555507243,19.615581299600816,15.69380010069557,16.672426343277436,12.752345732776432,16.41672818718942,13.50492621244298,15.107456882079072,14.649228003764389,16.987489669271866,14.831476512300425,11.848125547948904,12.00601759903887,13.6408220419856,14.82136951711478,11.004683059413184,15.68505170233468,17.562021641379538,12.993955670575064,12.633278782090104,14.283144786105645,14.912749496205087,12.654400046960076,14.425516420480658,13.019566296625651,13.322067963549346,12.52902651977849,14.323701875719069,15.155043125355458,14.130567696059192,11.358273124149344,13.529567207995088,16.970687144261305,14.448624927359472,12.864087307537948,18.037674873744862,16.924349035205015,16.935200974572403,13.745818006286614,14.468911964329951,13.824186658324509,15.916397876264934
11.902614512991846,12.66513797576216,11.84546819317389,13.063743049478305,13.511259956150273,12.50611615852699,11.083339246446954,13.40879214791751,15.621117161526994,0.0,14.287350249517637,14.488116497583318,16.51118969834425,13.19695457330348,10.852757237547223,9.88995613290709,12.624719702379425,14.155604356726334,11.021875839261291,14.961039232886224,11.939429808956556,16.782272133694107,14.07686852948564,16.02606115209394,8.895961410058744,18.08345849517104,19.59998437999637,18.644400620416302,15.60705468232839,15.812427683242838,9.899752586816795,13.726520138077737,11.487461908917512,15.647837490704244,19.08402393604799,15.685579325969057,17.897118943382594,11.094423450765447,13.85260365868602,12.060368490364027,16.6595883069485,12.006570796614133,16.613380184336272,16.035683654948446,17.36404739651364,18.58037723288275,19.3494583404104,16.851593952375186,15.227314218508068,16.045793840126013,17.962911564589756,14.948807473178949,18.596446171831253,17.250423231763428,15.098445057881758,12.882172758270354,17.368752236351106,17.321638626024754,11.19261166415877,11.38015449198648,7.465877735914847,13.58233874172408,13.469516305917828,10.298850727174932,13.533428993807112,10.783570937810431,18.64341323320936,12.454111732780031,15.491334883964774,14.129503997274377,14.660009540796452,15.440940958407957,13.657041337334473,12.211660930219486,11.144969141861525,9.485205986459892,16.717952555446875,13.77705629919418,9.763448414305584,17.458865734554365,15.766763529137425,17.098280895699713,14.905744051472084,15.499290841630756,15.09914834395651,15.324173332867815,16.900931309582095,17.147262017326373,15.814362751435928,14.94702757609801,20.8519565508236,12.700172765453626,14.699504906888444,11.068227646175394,14.014695084879918,14.40673486494797,14.828181331110745,16.021246494901845,14.634169216337664,15.428472201300668
17.758899185128286,18.43308760583916,18.12287450594918,16.16807818721412,17.56929977803787,19.66939554147533,17.774274399404206,17.31480716409294,19.95823288061053,14.287350249517637,0.0,8.783962058472355,15.877166706928584,16.21304840133306,17.508108575398808,18.142847206489236,15.645186135871382,18.91296275829325,15.968058943277583,19.944405124822428,18.26061632765513,18.12444476945213,19.132038136264686,15.84895344649245,15.392892034631432,12.533699867285073,19.524996928988,18.73265822696368,19.236849813151984,18.99141011610993,16.863530805055344,18.32991062321541,19.49486601128906,18.39651292612785,18.95177453386481,19.55814642001761,19.34485464319776,17.64192381091862,18.265260923171564,18.717638436607825,18.18855698621408,14.356717511898188,17.659596192540526,15.728497766038393,18.16486288798922,18.79383080105889,19.06260044797014,19.706784602332835,17.075332304622595,17.734413752262473,18.470064906901843,18.70318186529676,18.618343813022378,16.164542458093674,20.37944326937,18.698488087744284,16.933724080664152,19.61848051265197,15.56123312783349,13.63337926596608,14.253414904692322,13.650697548272367,17.3657019564855,15.11337378152384,17.409227848895952,16.161195544697044,19.33419959017489,14.406223093797283,18.069678822531788,19.25133085905293,18.523177820674103,18.405209924103623,18.80506302371805,19.72604884640768,16.374268215002363,15.19969197131595,19.371248503037744,19.097327626201064,17.038610189328317,19.277117555768,18.178212438127705,19.980437071475095,20.13900284983556,19.41874123028492,20.002964859985152,20.07213147673913,19.176331672372125,19.72791857856833,20.20018345763177,19.175229149635907,18.326443181012625,18.389677412819196,19.41735825142559,16.64233418190052,17.33842312090627,14.586511617159983,19.17888124351256,19.94319120500449,18.510082914420988,17.200967703502723
18.45229170382811,17.67298418995642,18.06748749592317,16.615184518937173,17.268239767711965,18.433631690525143,18.124126003171654,17.80074021586859,18.99323778192718,14.488116497583318,8.783962058472355,0.0,14.008646140334069,14.426183557179872,16.640879170155596,17.005111921352764,14.488969584381827,18.61437097351917,15.514170663630772,19.76326082439811,17.413858540555484,16.512351616466212,17.03119588126465,13.720912443392722,16.494684828188355,11.125349134731929,18.470548531619635,16.244854423046903,18.57199758346511,16.958274298036468,16.862363046916233,17.96161307227576,18.36329001723381,18.170046850662853,17.692006865109203,18.000134394574637,17.322823732088718,17.56649992976739,17.764493538673637,16.674788726350023,17.995877346672444,13.63368803974966,16.796083362180674,15.562018189902378,17.275695883886268,18.538060968488185,18.786651998383565,19.059811860650434,17.587997329500865,17.155408895974137,18.104518264173805,18.09569745394297,18.29562454192216,16.894005916170386,19.36654955151148,18.6797217750372,17.738224493099356,18.969069576029487,14.540737093522,14.287564729615884,12.542533075623684,13.52176956603884,16.588357540417814,16.052990384987247,17.721317272850108,16.31743680923241,19.64144449662483,14.530966456818796,17.963653696223616,19.458920049084178,18.635134212781978,17.924470466274375,17.222233850291758,18.40653967525349,15.25109795918819,14.364001565534103,18.41132263396926,16.991881126205897,17.600193551109918,18.950073385061955,16.84221141904542,19.604435112048392,19.433115546547,18.92895744138097,18.9748184795859,19.582093773293888,17.39085325372961,16.736002346766938,18.61956336131335,18.227419113926,18.442488686652133,18.322111255612857,18.078093439522355,15.75449344264072,16.248504559798985,14.495080714888852,18.649714486616265,19.956241037158737,18.646566626840368,16.913527414547136
18.11133222486465,15.871794128375662,17.045741291959352,16.16184442863974,15.99902013895598,16.585999525440496,16.299080602691678,17.02219717390813,16.292446429472598,16.51118969834425,15.877166706928584,14.008646140334069,0.0,11.249061564843736,12.58284514172948,15.54222280534315,11.274843053533752,15.633693345759191,13.352034010101356,13.764336445930528,14.001865262623376,11.073971071861523,12.025048174139512,13.60258492212636,18.65939514908137,16.927738352081388,13.35270168135522,11.3167969227049,13.513260447503306,10.992837854156464,17.73090295955765,17.09425799373976,14.930571731281349,11.671452226372518,10.8778710390711,13.548740062722391,12.80243330330723,16.09403691246,16.212662080219587,14.149660319142312,15.97578000118417,18.611054537839237,18.7726579414921,17.887293856152336,13.543933132480596,16.074545375768153,13.665361278563704,14.302498038662192,16.858240013612765,14.369723557956664,16.90897579536679,15.579774415145192,16.684125078274686,15.803481609579253,15.803960123584176,16.814803979045067,17.578761202414647,17.165053889770274,14.876509857575687,19.587296011297774,13.567999220950943,7.1114122334828656,10.559579471193551,14.37796847463179,13.152543058957727,13.067032528496496,18.087223461825307,12.369433364878104,14.088531596579315,16.0491150539754,14.396247853604152,13.224414368945874,12.435927959526886,14.785012656273253,14.21909169397112,18.250087798068822,13.505583357294876,11.78895445553164,18.44970110600752,15.858987840638257,16.546523307912405,14.429416421927462,15.261021345332493,15.062126264986745,13.05469761982843,12.833552632480778,12.38093629889986,11.787453570158494,14.599880412871896,16.163824926283866,16.0162827959965,16.068470604637785,14.504098063824124,18.6601074861842,18.482710259226835,17.283979193207074,15.080924966806403,13.738878165091013,16.285274411422918,14.75423904640171
13.54491766408558,14.32465526257031,15.707389122696643,15.616280054846802,15.515018016773526,15.226141856791118,13.924147677483472,15.734203702821732,16.721918339337883,13.19695457330348,16.21304840133306,14.426183557179872,11.249061564843736,0.0,8.59508005650832,12.67417397613891,7.974082928063439,13.711406140354764,8.28159492506576,14.064438687222488,12.30333986247108,12.103754571513583,9.86129996523685,16.32058225576421,14.84987560249608,18.26579699962205,16.139543851822605,14.725427444430904,14.256101038031357,12.341758274036644,16.20809103546777,13.140094058749725,13.943441855889084,13.49140947135528,15.031579558938947,15.420054020439292,16.373123901998127,13.550173828677364,14.37927194834669,12.321179679007082,16.109316587093396,16.813632868820072,17.536660931907985,17.61171075481729,14.514509323184436,16.624244411623238,16.017654931997267,14.20236813183701,16.141517647202996,15.377675683359962,14.80143172961561,14.854134537439394,16.458256670719653,16.841114354142434,15.91375942532105,16.323024360081217,17.044673705844712,18.442545902952087,12.714757246699286,16.27903116595818,12.76947059884495,11.106289706736398,9.655472955198189,9.402902224874127,10.719179153218956,8.895955676813974,18.56687473753818,9.96678314283679,12.540512528501388,14.13522704909296,13.10674350061588,14.570605167399686,10.405665372973548,14.04139614091681,13.750295532673327,15.732595850945511,15.23247222697092,12.509021793887197,16.731208864227888,14.675570724824656,18.65788917241925,16.09557187789772,15.88841625463168,16.215607508810027,14.751605465458011,13.68424095750202,15.500644792290878,14.383734196637322,15.777587373420472,17.00308013036427,18.16957879986744,13.209019263692042,12.491252151509178,15.739851322334058,17.76865272599239,17.438074487591447,15.003122594459056,14.42471164510516,15.92638015478499,14.891958837205664
12.646040740905006,12.176069241763503,12.73248073107838,14.835833459223878,13.53962247702015,12.071392838526307,10.564530434656882,13.960802129036882,14.199509474048902,10.852757237547223,17.508108575398808,16.640879170155596,12.58284514172948,8.59508005650832,0.0,10.712498901402071,8.579105826818555,12.061511416383349,7.7414000333438,10.355726745893612,7.714769706560541,13.18240499522672,8.568461061214567,15.241508081032022,13.985414949456246,19.896424436108845,16.0068581523196,13.886597499686774,10.488295762880314,11.862031724448714,13.206899034378417,13.034004103448348,11.124880382889655,12.367730566184086,15.152777126334788,13.065935000287626,15.04198853398307,12.18719919622866,12.924521920098412,9.32155779421642,14.88619428109312,16.490949471843734,17.40552249140635,17.121331604877444,15.901210734121625,16.18497276263877,15.77887769706988,12.329129012731505,14.24771580639892,14.15006920238232,15.616321828562723,13.493126407748354,16.803533307829802,16.909832793235424,13.573916251782054,13.887636479417727,17.153448582371908,16.6885059717065,11.544818902467364,16.306567669402554,10.335423274905953,11.732033678735382,8.432082671460421,7.885147605069078,7.154785327885093,4.736241285668968,17.197784170356687,9.49639023111618,13.031453717009796,12.576684024769792,10.264181052639678,13.7241992762885,8.432713528037368,8.89078641984732,10.786650058994658,14.9436659336728,12.50618435693015,9.186785912296584,14.768317717849053,14.7881999768459,16.410666738384453,15.2996876566012,15.170047553878872,15.541862165891288,13.536378691970416,12.976698852226493,14.09960441094524,14.057531694701131,13.305406480234913,14.310013914935862,19.39510684675452,11.18592720093182,11.95942397070581,15.431878596883712,17.208712004558702,16.559317439852833,13.529380892092597,13.087480132448206,13.389118607231072,13.774516261188184
11.14037491670526,7.119540363600729,8.572252578366674,12.2069919151527,10.896374142786872,10.060260444490645,9.5365668374177,10.385092437925582,11.428609265522605,9.88995613290709,18.142847206489236,17.005111921352764,15.54222280534315,12.67417397613891,10.712498901402071,0.0,12.858980390214418,7.308924642007449,10.909721774743351,12.451655806943103,9.691822666721292,13.927251588860438,11.721644908660338,15.902898277580904,12.327454134033855,17.993291272160548,17.67282925581402,15.455345028784416,13.79030867154529,13.647101076693216,9.773954773349743,13.34327980792417,9.851402130403518,13.228498929686667,16.719319926459107,14.414901923245,16.922974439850147,11.64491064342818,14.006332141454632,10.603742428104807,17.315819524146935,14.816075045055356,17.354208201374274,17.746501832016275,16.685831515256478,18.10222146702538,18.396171240958157,16.227095213988566,15.499699725475628,17.23221229163875,15.849348270090234,9.380855163853637,15.256243498105436,15.52732623977602,11.498641556366266,12.38066209551572,14.285354135877036,14.075411670020095,14.315362451770373,16.170427477657753,11.374717299989143,14.424811953410186,11.08396585982179,11.956149426201389,11.97785915527752,11.991641354998215,17.48966568027211,14.09122785044172,12.405521986811491,9.281806176681316,11.555456763701107,12.507149096170329,12.12007558786768,10.829893814803048,12.96138747714245,13.157743062677673,14.358499526636612,11.55505930030661,10.650922454379613,15.299453456807528,14.184521571346744,16.694387599662072,14.079045323459926,14.654232023231708,13.202899651783058,13.664250662415723,16.934973204410202,14.139255980798442,14.310168761006038,15.491962085508751,19.90074189165498,12.169324439728983,13.224042346385367,14.232269133284698,16.85666205118032,17.85280628931182,14.786882164131464,15.51683252374793,14.496758108202778,16.954013342868432
14.251004830086794,15.090412562316809,14.86836774468515,16.874544055376376,16.7054620909646,14.637005197179215,13.311796106786929,16.637261090931432,16.281973205821288,12.624719702379425,15.645186135871382,14.488969584381827,11.274843053533752,7.974082928063439,8.579105826818555,12.858980390214418,0.0,14.58053165861212,6.385325082026105,14.437978803366065,10.077768673174155,10.37113432387144,10.18946498264344,14.023825914183178,14.431363919532204,17.88840365206099,16.787356890905503,13.324494982457448,12.579672828253182,13.04205074865955,16.0605099672569,13.13750348750492,13.209507638337987,12.375752904274696,14.180059193211248,15.497968789695449,16.22295565298267,12.993508325796828,15.584905918400947,12.329141749869647,16.688069416238026,17.052832862669565,19.260279300775647,17.66116468695865,15.403698863265268,17.76303701843718,17.11576060087221,14.8375275674884,16.946642000630355,15.729135917676553,16.641977490555618,15.59490610432182,18.35009526958447,18.6865509766612,15.266170908310894,15.014068374665417,18.79108660098355,18.544255297721985,14.09172905178965,16.11166776675287,11.39368030700214,10.16141518918505,8.880864721864079,9.285802814563429,10.108172594963987,9.550205105501377,18.61824922164053,8.651365701355667,13.345798250468834,15.477009876659224,12.672182400766992,14.09056004988612,10.49612176221168,12.99607203282817,11.20344510283504,15.230773275649035,13.860735050515617,11.328478425206129,16.491025622787035,15.57832979111768,16.377183689273384,16.8050516029854,17.064915436332647,16.282156932886355,14.209766374998262,14.121558152787497,15.435268728877958,13.803741740570564,15.401122575987564,16.448317450833244,19.348983817070668,14.178966778711365,14.070006925871985,16.94655206586516,18.31987679078112,17.129945592585205,15.53351202154404,15.080560839772408,16.48370190747566,15.526484872842635
12.539523041897873,8.952661009044954,9.779703555389544,13.290931633964416,11.52406629128618,11.4098761541879,10.621191572181228,8.914917361975352,11.34820486373786,14.155604356726334,18.91296275829325,18.61437097351917,15.633693345759191,13.711406140354764,12.061511416383349,7.308924642007449,14.58053165861212,0.0,12.622504864552957,12.069187251118118,10.967868891491596,14.654869266200516,12.635858568921227,17.137528378435093,14.477421214803192,18.43474501544964,17.467483452672504,15.409225822681847,13.64093500692525,14.78270423395059,12.10592910634232,14.571768262447204,12.923378848879787,12.869113060188129,16.321835541175574,15.461351476401983,17.293970261871323,14.758657956957858,15.57391637122962,12.935519454238552,18.1445114170734,16.280792441136878,17.512450569459514,19.31931410466526,18.22153579295145,18.320791537764094,17.89430347380144,16.548832066333702,16.216350960540872,18.50608235260481,13.628957450084968,8.827795256963167,12.59498799900133,14.878217138884674,11.89360113734746,13.373022911478737,10.96251485661877,12.727149809120254,15.456654986746209,18.48514784146853,14.54176956946717,15.016171127701783,11.2132772828597,12.650068591238226,11.53015055723653,12.619701339641413,15.880691450949454,14.475583252187358,10.312853800549703,5.695168940116806,9.728833947574357,11.163428279655438,12.112285607309705,11.685698230837678,16.1691460592108,15.87912815206209,14.009255363766794,12.868486832538675,13.796905736099523,14.64073081970119,15.301662841967946,16.556888732731654,14.988348528127046,14.421994787237848,14.687319188128637,13.694355445902035,17.689530526245754,14.986890766694335,15.108167861729788,16.484224796060396,17.728504775515603,12.822287066182932,13.062517578081213,16.43759165508889,18.33335985754362,19.44642175586119,16.40571847355085,15.51466248264232,14.414518339841434,17.90513477305538
13.143617278770382,13.028879450666505,12.665954769828977,15.532798099864907,14.498774983096911,12.927667334364717,11.26455134009215,14.116449366952414,14.286135625516254,11.021875839261291,15.968058943277583,15.514170663630772,13.352034010101356,8.28159492506576,7.7414000333438,10.909721774743351,6.385325082026105,12.622504864552957,0.0,13.888022375824365,8.769418843841208,13.120587471576718,11.514081283233931,15.321596307586196,13.785559593561745,18.54767333227634,17.84861792500785,14.892721278021602,12.576790105320242,14.304010250176743,14.300487635448643,13.265922226043813,12.800160011433572,12.265050671943904,15.763932908535145,15.820283572379164,17.171362764933118,12.941917068469577,15.200360872118482,12.21197190734437,16.97581577556811,16.908389597783493,18.179886809063017,18.242327794516395,16.73947900209154,18.189047238620592,17.823547971672124,15.314452875423164,16.46378752052541,16.212384847282795,16.356643297941936,13.84118651509421,17.27094930730448,17.665869888549455,13.788647292389898,13.274533754328548,17.04843349140596,16.587794981400855,13.066772468804862,15.952766602471543,11.22591533957926,11.206882672969943,8.987591307288929,7.041707212539379,7.917183255720409,7.644789247932709,17.64243915225166,8.00793575354762,11.908218437221413,13.207831487273712,10.999350865616687,13.926735582701983,11.152590152222713,11.343240390929545,12.345521633058375,14.936303401702425,13.790859902396956,11.866524241539828,14.849304489572468,15.439007695912792,16.30535628473219,16.269535057850394,16.191180498779502,15.070920895767076,14.325202041064893,14.117993136580454,16.352064904756617,15.280317839850545,15.283003426772604,16.075605727641847,19.32733806139653,12.304389797061532,12.700155499363667,16.221385366359,17.964791106544478,17.40225430761248,14.832905765405831,15.112326526371572,15.789729275775306,15.533085900568317
13.402842878895832,13.068354826911303,13.122533309001732,15.974784213591075,14.561946033486445,11.856123397822833,10.03395163080388,14.209909730448384,12.712955817775503,14.961039232886224,19.944405124822428,19.76326082439811,13.764336445930528,14.064438687222488,10.355726745893612,12.451655806943103,14.437978803366065,12.069187251118118,13.888022375824365,0.0,9.501807917158455,13.847165778805708,10.092222971838163,14.84325529410499,16.143272444685728,20.70754967908756,11.669613713371213,12.849027917942294,7.670556996545899,11.048457121393463,13.92225651791071,14.25187188904604,10.237288373312678,11.480020514668537,13.713345637267658,7.86716843380419,10.68413992199178,11.739021909883656,11.422744473922776,9.855733208888903,11.17770165392532,18.09395441994429,16.288508430422215,16.14546208910851,13.532136397622136,12.79265721600662,12.17290877590044,9.634954404552529,11.152640201243331,10.48388134504269,15.258488812366132,13.22742128344271,15.697464315672002,16.230156979685297,11.978267043848788,13.385343490620976,16.604442038950307,14.853554335557478,14.411369101053836,19.58318736538237,14.578062872793806,14.50813043653902,11.219976304270917,14.114825787602804,10.128752742672845,11.656474858525096,12.86068950788532,14.079701719432569,12.416373437434032,11.12137490069189,9.2065771326177,12.00903335427784,9.8983351929218,9.054174898613484,13.15210310780391,17.839030185040134,9.154453417645886,9.201382830521304,15.359485527285964,13.83150747730525,15.111705141764036,10.698965481849497,12.01963798064687,13.470943186579287,10.378222137871902,9.451125858890396,9.835322967661424,12.390499670166225,8.375596691803795,10.31193942697702,16.078033322617642,11.627998155087203,9.532668542338293,16.713202496003035,16.468212274774494,16.235387145248573,10.49273704462881,8.44865035454707,9.264636595912153,10.391480266673412
13.74755675217835,11.566633596109956,11.225712091922516,15.72399594033374,14.387224330762631,10.69475899001004,8.59912213136699,13.611331467972036,12.31584180095104,11.939429808956556,18.26061632765513,17.413858540555484,14.001865262623376,12.30333986247108,7.714769706560541,9.691822666721292,10.077768673174155,10.967868891491596,8.769418843841208,9.501807917158455,0.0,13.404726985541206,9.766121009068844,12.61536567398652,14.812166576071409,19.41276116469465,15.680605221374442,12.224152476594517,7.761104315476474,12.391493005049416,12.693189127840464,14.272025502981672,10.303576478364574,12.061458733732248,15.246175013710968,12.168380393328606,14.651339762677464,12.369190750811018,13.732073480549262,10.112514639377231,15.39282660932373,17.589219893886757,18.07116141593489,17.5655161359634,16.59651559471409,16.421296354567232,16.496230001568218,13.676194921708175,14.655568168941269,14.376329514181506,16.43920305173757,12.689662997485668,16.313655450560805,17.532437540073417,12.058723384835844,12.021567440104688,16.70508984501159,15.277961890154714,13.708357552161328,18.13189030276673,11.526425418468635,13.081687824790215,8.655050227297515,10.201398796974209,7.352752894560028,9.13763499497877,14.748145326598776,10.309776557934835,11.173077510302772,11.0863800344033,6.993440104938015,11.458170110640133,8.099034568671813,7.365794018183469,9.81691100693945,15.606418887086928,9.24244222350149,7.665588121127348,14.000864621443714,15.209057586379393,12.51854133837159,14.66379999153838,14.99855331605907,14.261814191919498,11.815881275402306,11.974308629435155,13.96019578788294,12.723647175898837,11.930384380536344,11.977667079568072,18.80563736100529,11.770090253590409,11.285087663406705,16.364669646980218,17.017244228137105,16.800191376703488,13.09910498072735,12.843838063949208,12.81000805816158,13.676561798767969
