,Var0,Var1,Var2,Var3,Var4,Var5,Var6,Var7,Var8,Var9,Var10,Var11,Var12,Var13,Var14,Var15,Var16,Var17,Var18,Var19,Var20,Var21,Var22,Var23,Var24,Var25,Var26,Var27,Var28,Var29,Var30,Var31,Var32,Var33,Var34,Var35,Var36,Var37,Var38,Var39,Var40,Var41,Var42,Var43,Var44,Var45,Var46,Var47,Var48,Var49,Var50,Var51,Var52,Var53,Var54,Var55,Var56,Var57,Var58,Var59,Var60,Var61,Var62,Var63,Var64,Var65,Var66,Var67,Var68,Var69,Var70,Var71,Var72,Var73,Var74,Var75,Var76,Var77,Var78,Var79,Var80,Var81,Var82,Var83,Var84,Var85,Var86,Var87,Var88,Var89,Var90,Var91,Var92,Var93,Var94,Var95,Var96,Var97,Var98,Var99
Var0,0.0,16.54002497760272,15.941081111172954,18.120034689238356,18.458352503685028,16.179198784406015,15.804222766086381,15.616188170203806,15.446784236171858,19.878435180744955,17.575973636759418,18.85046070324342,19.3123531284999,19.126695019561627,19.45568490846131,17.89139926100672,19.725754974741555,16.51160236779255,20.43997663068005,17.917543736147604,17.831298111814018,20.349838685964038,17.310739599678158,20.760934148565173,19.13628324229555,19.96425744477769,18.23699514067398,19.35149197930586,17.903210477525278,18.045252549256872,19.51334830850521,17.87336325843574,19.889947993477286,19.176226327839835,19.720131000036968,18.66104440031966,20.092464234686865,19.777348438329074,20.94289122221501,17.73964821101854,19.801297912179315,18.18612825012817,19.395197820637826,19.27980758506364,18.43310287233247,20.694776398421762,19.775758733443926,19.079242020640393,17.673037054997693,19.83255439818102,16.076088981229372,17.173791354298388,17.499530931606945,17.333607462466773,15.969173576362493,14.928499195375991,15.023557546842902,14.372937101843997,17.97229248123506,19.170084171766206,18.681646614780874,19.145800314871412,17.462704314827437,19.596278406303163,19.744763435592066,18.7573182538925,17.282101130909496,19.542447130874883,19.75097084760545,17.608717822313853,19.19017884723246,18.18651703683198,19.1470287749225,16.845370175848238,19.119138086122614,19.118025386965574,18.403809891240723,19.472683176564907,17.262060815475294,19.636970024300844,20.542856706735613,19.999859411320653,20.322212999294226,19.90410655039472,19.164802365095614,17.812671919725716,18.938182480035056,20.321741956603606,19.282723412097113,18.351566500990124,19.05171457147175,18.99592536652723,19.426976436931657,18.642762070313463,17.584059600006935,19.244247890229754,19.591516135760553,20.29984701401492,16.53685565233903,18.60708450289485
Var1,16.54002497760272,0.0,10.33059447234774,9.858623675193247,12.153442403189056,15.271295889012801,13.962373358695276,10.960099570764612,13.28054865658738,15.635222914732118,18.891395901574246,16.058449841576817,15.596344553339787,15.694547191106796,15.670565623370683,9.419276975036666,13.785236542862028,13.862940409760444,16.668015241658523,17.24819974328821,15.575325044339715,19.14102350060209,15.261766677781711,17.825779107200436,17.095885721524148,17.728017997720492,18.7913630208726,17.383408746478167,17.120100591508447,13.7075169675771,18.11656530815666,18.264357535920634,20.045892910968586,17.57325698939547,20.7677175031035,19.318980712728543,20.068002227939058,18.307758132530395,19.489598703035217,16.249596011455758,20.767917870090407,19.070004772913386,19.8468632411084,18.907463335858246,20.89859118236806,19.700955407714826,21.43651616960882,20.24919861762856,19.43370737930638,20.209220915946652,16.4399540264856,9.162539332723643,11.736438097873394,10.815784402648823,12.424867477382149,14.787132222451472,10.584238374956142,12.32795912668991,13.383174569936699,15.752793527185311,16.042739692894042,17.352569495112878,14.06018453924822,14.928199631290845,14.975210263981387,14.419970526699624,16.98935142412584,16.881097335562814,19.103851777324277,17.60154418248956,15.479251662131995,17.526770868197964,16.840357063298374,14.00488417928263,15.149139003084853,16.824885940686098,16.449152317645126,16.07195085061146,16.476886081520338,18.886196679874484,20.48763704080375,19.75370939831857,20.35955944152972,21.15479565160004,17.828559987034858,18.67767155629335,18.61854382359112,20.045315828803595,20.0932976825773,18.675581437384917,19.06186957859347,16.652507568916135,19.28974011653653,18.567176087788926,18.332410417915078,19.01194675608203,19.493041866140278,19.365125539708025,19.482988405386756,19.769922490914592
Var2,15.941081111172954,10.33059447234774,0.0,14.936195048884045,14.147260616162402,11.850457700809427,15.122943443848719,10.543338994164335,11.872684840796747,16.988685580422878,18.708342729469457,15.759400155771052,15.93729018107555,15.997824917868865,14.95672798157836,14.192307803469259,15.146497514838071,16.60357536614829,16.77141667522436,18.957461789949786,16.28706579208778,20.346516079020425,15.422712386711876,17.75933857833018,17.523404692353967,16.40098157425667,18.642917732686648,16.670109909575636,16.633508177565915,13.589166435183685,19.009774550392837,17.85530332997496,22.515752598619677,20.186370204569933,20.97126683750205,19.99423031156417,20.50988905663388,19.18929974631221,21.557914503629586,15.682464175169645,22.433567816312486,18.704202271924192,20.170615328486246,19.960856516253774,21.258218335330227,20.5032361476405,21.940601500224894,21.047436574018146,18.94138101263979,21.07406185735191,17.910332619828072,10.693677802549937,14.774689424703382,15.268226842708524,10.367429047626155,11.547501268505188,11.944004763524923,11.458721858104125,15.252151900662835,16.507048032196355,16.018600921028053,17.75005793795699,13.594838683699566,16.278193882960416,16.610361925407997,14.684695427433718,19.001039981058582,18.759514722312886,21.549433627878248,19.793726019211487,16.913529325677466,18.520620834087698,17.07080918080065,13.971236769391536,15.4275631281564,15.84326079723112,16.43778371584625,15.055154243816899,18.09094222861619,19.18175055624202,22.38742651509533,22.253836929408184,22.270975581331243,22.91597356134342,19.023204831214827,20.53281763068372,20.06121162895715,21.762884074247037,21.83482140443414,21.08972491088708,22.188717632966956,18.42218061906022,21.7049490398191,20.408050413927064,19.05876660457398,19.464741147263304,20.82656959666242,20.851297697592774,19.852346412352333,20.593884141038906
Var3,18.120034689238356,9.858623675193247,14.936195048884045,0.0,11.96768317283188,18.774477825335538,16.9774812856039,15.152117818498843,16.837659101100368,15.26838397202283,17.835870450620746,15.676208096787658,15.368530485770211,17.194035402480036,16.284706868928794,10.927166281998955,15.192970576038713,14.668460470195642,17.95190460527804,17.525955270658343,16.816316588134406,18.74903471684477,16.79293415738995,18.338688780520123,15.792270291880035,17.985896669371282,19.380145199735907,18.006487014452205,18.228728521405454,16.661029169511117,16.67108934422834,18.00792049745203,19.65430884362492,17.359591408380883,20.39759255291365,18.799942076799724,20.00030518592488,18.948633781351532,19.411656051188814,17.77202913300898,20.419640101312545,19.377725037986387,20.25693129595851,18.459234397500282,20.525943923580513,19.34194201506071,21.157753636620352,19.43035823785441,20.23841557973361,19.9146169199603,17.27291304281077,13.263682910824327,12.227377344921837,6.8266880507611445,16.068381995662012,18.13162191164789,14.243237987112874,16.24210854774428,14.057939730581001,16.65935878198604,15.39042863279772,17.567923650482008,16.23545695029423,16.343176549051435,16.55264999770715,16.11892602885778,18.83527882307107,17.549013575823462,18.782326192059287,17.72478014345655,17.137637236574708,17.967872526369653,18.950003782162728,15.484837151855414,15.757204805691298,17.38460234706922,17.644780042817796,17.19574574036805,16.48427061327717,18.402700134260815,19.51914705265796,19.31268698146539,19.33902777746573,20.44984996514133,18.113119952384192,19.15110979783049,18.72003211264707,19.358893312876994,19.854500637186806,19.525085498374697,18.374160230021694,16.557265207642615,19.375534345900927,18.101133733730897,18.884289834347392,18.833220307132244,19.880411027997667,20.2346891345854,20.663898492786338,20.03093732063734
Var4,18.458352503685028,12.153442403189056,14.147260616162402,11.96768317283188,0.0,16.011109978549545,18.04361379899596,16.03375203422426,14.149914250931204,13.815008064393531,19.773966306369683,15.479779498279795,16.17497425500683,17.11311462157651,16.16542307033052,15.27232579205773,17.06852195398142,17.84781317088764,19.263863374482106,19.1766039657867,18.6170622051189,19.126054979985735,18.616129091183677,19.553577975488075,15.69419261197869,18.651597684650696,19.08987337236038,17.87781454078969,18.95427593292782,16.43914627919842,16.736755688872933,18.308340538263693,18.861379215569755,19.33993002221059,19.52349817458791,19.272040248604153,19.863824763749072,18.314768157364764,18.28467211404616,18.5460281041551,20.339148505281518,18.628686819069603,19.423409719136174,17.240684628152586,18.770861622332276,19.01772633702499,20.128584468561556,18.793526876715337,19.824850914179162,19.567939092122586,20.16452608553971,15.470209639858354,16.312582098597833,12.784874356461017,12.801642752668556,17.112832059293172,16.803979472930553,16.45573516382385,12.856801364364568,15.84433148443685,16.089527608652105,19.314353611715536,16.82580490500569,15.339669064274492,16.407034283124453,15.47936673523352,19.73224937749002,18.727182076835096,20.020392737421616,18.960122799904873,18.63507558786284,18.105161465324155,19.308188994242524,16.796158540149552,17.354302752509756,17.591982138237807,17.918728568853492,17.71534018771031,15.638335959093993,19.517428667349513,20.465146608471837,19.472970894083208,19.007162945178013,20.401813660262924,17.764441384030295,19.58401316983432,19.61852131799321,19.348804471171,20.54449037627372,21.063886704750118,19.48022096283757,16.427414800200076,19.4078365397087,17.98182383896842,19.5569698047392,19.3210673594626,21.189911350448842,19.636084422366,21.268853030663447,20.191519659323404
Var5,16.179198784406015,15.271295889012801,11.850457700809427,18.774477825335538,16.011109978549545,0.0,15.844967363518544,12.631103044791226,8.440426928806328,19.321955335034307,20.273886572967037,19.328733945604068,18.514295137722005,19.378372278364136,19.05997511454372,18.621501895501485,19.14999211422012,18.139658452590016,19.957037020870203,18.903568982805126,19.334207066047902,19.412622606687204,16.77111016179353,20.42718691135247,19.603964791024385,17.897618783550215,18.046654762724067,17.80860077954676,19.843605049454073,16.161386549572963,19.053426394464317,18.67209973772499,21.16593847672648,19.76197541559552,18.75956679862566,18.9486699623615,19.93061052177392,19.14909372071835,19.837542392449375,17.123342271134344,19.635938031355916,16.71757628954046,18.656356229674845,19.47250836618836,17.800114206592387,18.663764819925046,18.672716427663016,18.60301773507615,17.241382491476365,19.385287215951035,18.73121921618307,15.841422136156348,18.92336352327798,18.904833129983036,8.605148463196784,9.59005910242533,14.938014382555084,11.493164548541971,16.474032461917066,19.590910491745444,18.64285247733469,19.34650412508121,17.44930476846324,19.96994506126136,20.349826532565963,18.46278081290028,18.890908802643832,21.547629856505463,21.08981276776861,18.838097500720608,20.511349005642327,17.797852794641948,18.24341049593486,17.453412425184982,18.89781851874839,17.167923096982552,19.215129567560915,18.147772982064705,17.599023522328586,20.482417855071226,21.62531987887363,20.192384448612227,20.580383216649246,20.8682987230155,20.05403254689587,18.94450868708213,20.93440892449811,20.4460579737334,20.20865919939249,19.94290346921511,20.907347387346615,19.401563942857212,19.49957055169609,18.601475037900894,18.316692488472846,19.58740121762952,20.48035060754232,19.92702569599457,18.09123538637979,19.085787918724616
Var6,15.804222766086381,13.962373358695276,15.122943443848719,16.9774812856039,18.04361379899596,15.844967363518544,0.0,12.59907646877977,15.163169016022595,18.04558812431906,20.048972242943826,18.904901868516042,20.296143500689325,18.628258191608726,17.95745989947963,13.846515207861653,15.005238753941258,13.853290681652217,18.48364159297425,12.676745860903655,17.04705431371103,19.99006553568909,15.829589423703183,16.133489986808918,17.016142534481776,17.300007172273578,16.743067408607715,16.947350788271596,14.479244397340649,17.096992336115854,17.629158819831225,18.689903932816947,21.015066528867795,18.051021171009843,21.36702839696767,17.943150902476106,19.877859548415046,18.454300407911045,19.796880456128864,14.815121841764599,20.107488272912267,17.878483245921682,19.227147783755246,16.657644220317227,21.147921067844052,19.66575314579558,20.507599624134293,19.465883602699364,14.653836562161068,18.61643170739811,16.504984514505153,14.526770201699312,15.268270958343551,16.49349014856008,16.00534558330799,14.128833242357423,12.037949379695023,13.683130091044994,17.568887567635237,20.591724702259594,18.36223975306664,20.211460085969303,18.460025886239407,19.68555481712848,17.531610488124258,17.79152550542773,10.942261270485494,19.942116221523882,19.172044636901305,18.596520973366996,15.195156109493782,19.073712198900267,17.329737089231145,15.760404631655126,16.056070820846134,15.974163856582809,14.72169972794381,17.972760852336243,15.526621219442093,18.484958283075063,18.305379192654808,19.784176076030185,19.91416415740248,20.728120389802886,16.719001695709185,16.7776217441008,19.445371063507828,19.66360815067204,18.241754186959255,15.885723350083834,19.77225914589868,17.640919609596832,20.40408047933076,17.645831927643243,17.12809952697352,16.01311644499999,19.239508585202422,18.752664054467754,13.601758891064854,17.251475967483653
Var7,15.616188170203806,10.960099570764612,10.543338994164335,15.152117818498843,16.03375203422426,12.631103044791226,12.59907646877977,0.0,11.26079434411535,18.00351774418299,19.534626429195924,18.248221894718508,17.102137295138142,18.74966028505559,17.904109935543428,13.25856278328876,14.98409233992184,12.84612490726,18.13981962291391,18.631146140072893,17.130012753382385,19.460891577798286,15.258805544604828,19.05789855467531,18.52377563158949,17.969566150126063,19.729967500220734,18.123047949064144,18.118755853434266,15.073923588947377,19.06642941047185,18.687436007620484,20.79749393923694,17.57230522077648,20.686817404621827,20.348809806819034,21.32661134433216,19.95951443834671,20.69009889943025,14.857359044669959,21.494842199078846,19.200355322817625,20.328550136694528,19.157533214156892,21.812152293624194,20.783383318941677,21.074521544676784,19.415536416365168,18.398580667274935,20.648963442594855,17.148644837889716,10.823495999358915,14.373805987169584,15.9943855871096,12.080338029493076,12.652143905141532,7.469990378758557,9.28234360406888,15.79632964445896,18.026635302865653,17.72913215604597,17.865517925165065,16.1683397045931,18.785892897517424,17.971971029967733,17.941137562028302,16.39106893962207,19.570840359127207,19.299968948407958,17.01532986016118,17.809643214927817,16.86752116865715,17.41056308152867,13.729324136744168,16.38720990860176,17.160300145327014,16.79793799248959,16.462018341740766,18.06762347535569,19.282715595092423,20.66310296374059,19.88549008513091,20.928730542741413,21.141965290687107,18.831770989069,17.944767932209405,20.084155756921493,20.14394289549164,20.740084667621094,18.31429318046062,19.251162373944975,19.019209218345313,20.71429228808308,19.340246300076,18.649746088552018,18.43952707434868,20.210583279013967,19.237288662679564,18.55199198840962,19.97998695652139
Var8,15.446784236171858,13.28054865658738,11.872684840796747,16.837659101100368,14.149914250931204,8.440426928806328,15.163169016022595,11.26079434411535,0.0,17.243252540297078,19.153705198058876,17.5253335188149,17.7847332623477,18.234456392007132,18.051493413571592,17.228138630492907,17.63500760061058,16.096285141533595,19.03073357060641,18.375601533370144,18.028928489359433,19.37594061763205,17.949523446076572,20.62452191511966,18.892330001102806,19.229381035059046,18.002446878389225,18.02394249683982,18.95418311082843,15.95863537528195,18.930488922698984,18.762013319980355,19.71191264009112,18.993645235933954,19.46966310103527,17.788183083213863,19.04130950077643,18.555801976100028,18.919425828601796,17.37676340822881,18.69774754428772,17.493912087125132,18.776256526549865,18.101482520042598,17.09254358876099,17.76095889002692,18.393918143224234,17.799543099402545,17.220592861810555,18.6301944470085,19.35321739997614,14.119785262688117,17.983889751373642,17.286820539485838,8.370078421012572,9.228335115736053,13.356674338722769,9.253213472220562,14.323488992830299,17.53137743954796,17.489327563836735,18.485755300267833,17.04621895864855,18.70143071557644,18.790533386109,17.668075645813673,18.733027250647744,20.408793532796057,20.49662521526362,18.179947370122907,19.140148291524913,18.521726666661934,19.16559079094445,17.419669763081806,18.369566632015818,18.14799271897571,17.89250314856886,18.583403367460107,17.32038847983635,20.890834497966242,21.734316310367927,20.04704139699842,20.569609053567696,21.38050340682832,19.941577966888225,19.206498215574218,18.95778562080692,20.176150718651595,19.605264939937015,19.846838442441378,20.31974876030918,19.317257814630285,19.42734181541035,18.736503814979084,18.92972895840749,18.216938230788,20.326840649717838,19.292043641491656,18.31454975019875,18.541114934597434
Var9,19.878435180744955,15.635222914732118,16.988685580422878,15.26838397202283,13.815008064393531,19.321955335034307,18.04558812431906,18.00351774418299,17.243252540297078,0.0,16.8213659124224,11.681770061337009,17.378300637620516,15.987178238285495,15.185370451202871,16.84151470469356,16.506994106240082,18.520660040116038,18.123025026409188,19.01784385568605,17.33815641679462,19.53286861303541,18.279336017617176,16.4940732648767,12.937400376251535,18.13349392411017,18.76136918257435,17.77643171593935,17.76286396596088,16.384581480367984,17.841090550028095,19.958119806956702,20.130866266454785,19.748816543805304,19.76149583512207,20.641613106302078,19.28947478037165,18.669759127039818,18.00277074829188,17.569508353952006,21.003189293732067,19.25567024038086,20.719827576187715,17.26920646052961,20.65855674707495,20.329511490095754,20.742799145358248,19.541784964449747,18.81175507264017,19.951442532058444,19.724604894123306,16.953767433682156,16.698116350405108,16.08585352876106,16.74562169749667,17.917544465140473,18.088873690761325,18.65135099164297,9.196207752035516,14.050841914364298,13.118373968203352,18.21149451251154,16.582945305062502,15.076484947147287,16.007338639737032,13.370459354349045,20.06548633431735,18.29385656896233,18.39525097958574,19.68172530618162,18.04009763060989,18.496879545042674,18.32849176667563,15.397678825861519,14.749852094040572,15.220059940682802,17.72395812484504,16.128073430761063,16.50200124172084,19.03680439599998,18.04434650120737,19.831795350951325,18.284986522272227,20.01512554843139,18.07054151535121,20.770194981634514,19.09488513819013,18.543696386672057,20.911198271177387,20.280945886012827,19.666395177503272,15.688409334619225,19.765271672130027,17.71248236122264,19.370247802895662,19.123878628597154,22.371838213893906,20.421525379303386,19.920804382335994,21.37521747255147
Var10,17.575973636759418,18.891395901574246,18.708342729469457,17.835870450620746,19.773966306369683,20.273886572967037,20.048972242943826,19.534626429195924,19.153705198058876,16.8213659124224,0.0,13.900583276742868,16.881588138477376,16.51913431248601,16.542606256264172,18.25215088361853,16.975831532887334,17.876562187037834,16.93735451183161,19.14079940335219,15.140265179151818,18.289623346485616,17.10862175508704,17.591868514632033,19.722230635576626,17.156070440503886,17.919923155443694,17.820628686568284,19.22584118238927,17.543340431150906,19.26193926252637,17.234182497277533,20.9105306171881,18.39280889837052,19.363212271559274,19.579540941159486,19.261187505875355,19.214275919037313,20.404105930296538,17.568570169333896,19.33829730580766,17.99778981013336,17.969528454986037,20.00632088697129,18.171712397016506,18.90902200356441,19.221225617363945,19.91939282450118,20.68554632172364,20.513095236941346,18.287638085962424,17.996403143614074,16.82180870412289,17.848429481741185,18.209926063380905,17.550493895553632,18.500883696590574,18.13045220347056,17.578908767276424,16.122962358705028,15.678327221214733,16.645098251691454,17.568674156418705,17.7616958045367,17.27441750714509,17.472772406791076,21.28335856354396,16.58851318064251,17.709661170368136,18.63363787097376,17.45168611744168,18.792478215371002,18.92229988800206,17.710229752694314,16.773282780824797,16.86300045030924,19.488526200685733,18.511635139790833,19.16810863022123,18.89625099397145,18.302752487325066,20.172525920464135,20.042950980668998,20.122444283455764,20.985406539085353,21.18704643943813,19.47870242382594,19.32751582619128,20.07323905053853,20.082464262061876,19.2785556523362,20.010072498201033,19.19527459562272,18.811566533365642,17.350173003690138,18.7451517914411,20.586983434910014,21.461023250544056,20.29820091628257,21.717400864975833
Var11,18.85046070324342,16.058449841576817,15.759400155771052,15.676208096787658,15.479779498279795,19.328733945604068,18.904901868516042,18.248221894718508,17.5253335188149,11.681770061337009,13.900583276742868,0.0,16.092193759857093,14.69843472206971,14.109962467262973,16.602782426711546,13.930190687547242,18.203473096392987,16.188191306273925,19.54639456027939,15.297601643041972,19.400447689161776,17.621563468264476,14.866860732307332,15.5181628662416,17.16615248002479,19.593362940612717,16.137300987939856,17.69865277304171,14.316151223187536,18.610965907221072,19.3668392649919,21.02907427477177,19.764092789616356,20.093275003866196,20.45624166043227,19.770612686783146,19.7738269661994,20.542934703921098,18.503388626670848,21.66637013452521,19.074712108828095,20.33143022971752,17.805108344264887,20.557154472689703,19.71031724370793,21.93878170099896,20.7895506310503,18.577238956642503,20.335041449719373,20.19216501962437,17.065760625705,16.874268305163262,16.881808902604295,16.837486172397533,16.96701734249518,18.608095080892554,18.53410613795568,12.701388685137628,12.61391517769772,11.374256649875319,17.182667206710402,13.693729963500605,12.402559340092873,14.908937710447928,13.594288481866768,20.700146253634017,15.11746839129111,18.483812770320885,19.36080328247446,15.445145748086443,17.811868257322573,17.168396549588362,15.41518996172191,12.297914558414261,14.335775537246043,16.98841202388286,14.514429026568607,18.888749100718385,19.903297305574426,19.457312576546265,21.552743281790832,20.47970050360274,20.114240741445222,19.616323625613628,21.803786039997426,20.094995454622005,18.898553084358163,21.720459505767295,21.973315203721963,21.26257809539892,18.800571056048096,20.495526528076756,18.70330432679103,19.140092376121576,19.18377526336867,21.621717973616086,22.067759249173406,20.272648783393077,22.522696043540797
Var12,19.3123531284999,15.596344553339787,15.93729018107555,15.368530485770211,16.17497425500683,18.514295137722005,20.296143500689325,17.102137295138142,17.7847332623477,17.378300637620516,16.881588138477376,16.092193759857093,0.0,18.02402115067033,17.690372557553637,16.054199534405143,15.809213276446727,18.87138027086756,16.91740335528136,21.181033985797,18.71809092850944,15.279647316836018,16.15337651639254,19.151178351653364,18.530590613865876,14.888716108312483,20.438901815788714,16.126942158377595,19.84894562493212,15.719741946788957,18.957332084516207,16.004760696885466,20.730515879885825,18.714178986128964,18.683631558262828,20.337101204199982,19.17555720700221,17.79386268498833,19.515217940699852,17.601556705760636,20.764847026055698,17.555682749153437,16.43094397204698,19.481989563522973,20.369204480901676,19.106406865586482,19.537157016740956,20.626146432526486,20.89684043780789,20.19676432358909,18.185427207203784,15.072356236049199,16.91616125179926,16.593004256478025,16.541464986263904,18.268319781868588,16.821040802097816,17.762971252501366,16.37208916273163,15.104798538864824,17.035169395961056,11.11486870654666,14.785707080963407,16.984092285272155,17.011591366578642,17.39956301080759,21.27005944553768,17.311173379451056,21.4873201439869,20.518472762972582,18.352508350224937,18.073236857013896,19.447035009949783,16.295977886406206,18.103748978830176,17.42129667174718,20.466253051628748,15.74046719345343,19.01290851134708,17.781968418493342,22.027030943053354,22.251567695505905,22.06189634320902,22.22908836265261,20.789799041537243,21.394858901039544,20.470508415520467,20.842820203077423,22.346322825813893,21.45001503027009,21.548986722376693,19.11125576648903,19.506016065179125,18.735053251677915,16.600378582219225,18.980292185141302,18.273935658822698,21.61167213704297,21.776870861926994,21.440364478092654
Var13,19.126695019561627,15.694547191106796,15.997824917868865,17.194035402480036,17.11311462157651,19.378372278364136,18.628258191608726,18.74966028505559,18.234456392007132,15.987178238285495,16.51913431248601,14.69843472206971,18.02402115067033,0.0,10.444438641182307,17.173236889784842,14.755990641499572,18.835096168105846,11.537661706209136,19.698957596077747,11.713696732048884,20.614892403656643,15.176379595593524,17.1870254012286,19.294544632137402,18.764163779266045,18.752937883775814,18.740187802302653,16.061912973957547,14.301140026030605,18.76328999562497,19.40796376294448,21.134150960893653,21.204211506325194,22.21607298229158,21.464885957090296,19.360197407567874,18.342284769346147,19.97629630731514,20.31708693459419,22.453526355233503,20.68408065722403,21.266374789479144,18.765495010196492,20.561339081723197,18.724747818416223,21.46088852611303,20.57586747962148,19.65619819842967,21.65562887186274,19.82260154166692,15.914980940800726,17.264745081254294,16.903687176439032,17.377232883815598,17.303901372094256,18.3683961225789,18.337195496611415,16.120910489195,14.829802041282694,16.042076370779988,17.567034033913522,13.64061675150091,12.749103503481459,12.848043410142159,10.68011823490609,20.277086230201117,15.01118400244873,21.17156203819754,21.150988986365554,14.058753303090391,20.643902110420527,16.86333568056277,18.391047802326263,15.229249424759384,18.296282263578096,16.577484427695936,15.60185366068847,18.733781455866545,18.438316210482515,21.307179482510673,22.688750964758768,21.106082356470644,22.815170035078626,19.55325419507681,21.914448952848023,20.16121359732456,21.71139927441337,22.29014785953918,22.34470025817989,21.815057138510568,18.435964911712123,21.55927242130102,19.5848229697092,20.47533164300362,19.41724973139533,19.311278885712685,20.450212981730154,20.176676802826336,20.894315645209005
Var14,19.45568490846131,15.670565623370683,14.95672798157836,16.284706868928794,16.16542307033052,19.05997511454372,17.95745989947963,17.904109935543428,18.051493413571592,15.185370451202871,16.542606256264172,14.109962467262973,17.690372557553637,10.444438641182307,0.0,16.094697257228685,14.659475477626984,17.570651253263264,12.628192197647397,18.119702252952614,11.71801963851017,19.181553928474596,14.741052148320609,14.71663731795659,17.312291272332203,17.716164664737747,18.947443057762378,17.804383032163027,14.276255502491981,12.322318743032882,16.370828902668332,17.742516075001316,21.329131186792743,20.147372337693493,21.370479573806378,20.57940593746217,18.7097173184838,17.918150414244923,19.38920667569584,18.415540971234716,22.66964348092872,20.619822503578828,19.981379262191457,18.387349115447353,21.751900986351796,19.72658766120291,22.099768171371693,21.58226629857022,19.36315323816036,21.4826938158755,19.3130368569399,16.005639628103904,16.13605243386814,16.902280037245248,17.1079620739908,17.85897628124401,17.523683108110113,17.525997110914094,16.65333424761377,15.960923305908082,15.676686079535058,18.233087497652168,13.95569764329668,13.48227691069305,11.890160828811684,9.674091557403086,19.738693387279486,15.591308207603328,20.145517505476622,19.90093079850106,12.554228154509154,19.51427956950283,15.498709591202175,17.20051642633482,13.69022358166466,16.48145852146288,14.32833756830124,12.779656507199222,17.183971803774302,16.610218421368963,20.554915797537067,21.82178246651651,20.184493736343477,21.65204942378306,17.44051776043568,21.166554647187137,19.221193786241212,21.286060303216644,21.78331952543493,21.948718789536525,21.415992914003233,16.538286885821865,20.679500544472415,18.014386007617336,19.099503222068613,18.72331247809204,19.915745366520188,19.801101469031632,20.295241703646354,22.584890058757182
Var15,17.89139926100672,9.419276975036666,14.192307803469259,10.927166281998955,15.27232579205773,18.621501895501485,13.846515207861653,13.25856278328876,17.228138630492907,16.84151470469356,18.25215088361853,16.602782426711546,16.054199534405143,17.173236889784842,16.094697257228685,0.0,12.14170845810285,11.325344593990385,15.637522328661946,16.653615201603568,15.589880556406007,17.971172769540956,14.280532839644055,16.0273974122586,16.500749836930527,16.483648933514196,18.363756910740925,16.07383997795478,16.933883821656305,15.193904413082699,17.4425202710294,16.820313075290493,18.57946631584392,14.771525706737524,19.935484895183812,19.1535585149742,21.202759123435627,18.807593797819404,20.249392887542456,16.15753830187035,20.663963674214543,18.397202847981795,19.85683482657097,19.125600693520337,22.178455598950446,20.178456460515505,21.70241205289299,19.75602963158727,19.565344951793605,21.088752575296105,15.082224199811536,10.7176069722213,9.445293346016438,11.469071400873604,16.07341611409993,17.783585012536193,12.301665476087068,15.627035400961306,15.876271654183352,16.768880502338554,17.40104978438883,17.114584944220454,15.831579970184514,15.793891553550308,15.766400307284671,15.540048298181079,17.125894429637235,15.560177533252393,18.357925892627755,17.916480421045698,14.816809679524045,18.126100682314288,16.50153700676912,15.147870491697217,14.555528633415387,17.256322152938377,16.734877807349584,16.101223480338177,16.32720172355434,18.075510027870873,18.76176519473405,20.31447807477434,21.116448924116767,20.8775444541275,18.123285816627153,19.406906756646208,20.355939724113743,19.841249686898273,20.865170703337427,18.732205495683782,18.726306811311638,16.920045505821854,19.725846329566533,18.825873727159333,18.58755592090851,19.298921252197836,20.25038069681681,20.349643824002143,19.912621134685413,21.1827898988366
Var16,19.725754974741555,13.785236542862028,15.146497514838071,15.192970576038713,17.06852195398142,19.14999211422012,15.005238753941258,14.98409233992184,17.63500760061058,16.506994106240082,16.975831532887334,13.930190687547242,15.809213276446727,14.755990641499572,14.659475477626984,12.14170845810285,0.0,13.78147042140372,13.582676964634384,18.98800488885214,14.259529502094662,16.771387615174397,15.417891345100937,14.03686733558958,16.81889358550009,15.544659010870365,19.64015457579647,16.289339361567478,16.761541423404463,15.447399373520511,17.485389750002955,18.790108032709814,19.842550191915993,16.508532347782626,20.457579448180102,21.041005304753817,20.8837540184601,19.853391939839884,21.261655553581424,18.914786177865864,21.78677572939994,19.913353304033162,19.327649980753655,18.357380016737135,22.41703770909866,18.45058835597545,21.948638772736263,18.878631474100665,19.04855492498904,20.79497707923819,17.84193994246317,13.3893507152823,14.386613628762358,15.545367388177771,17.307960949816493,16.350052941535157,15.234887504698758,17.244134262346424,16.51107004694841,15.730605101120386,15.561812807123339,17.639051127563004,15.43404296966255,14.818668042178865,14.555486471241965,14.460362429747795,17.748167355881158,14.21204688840197,19.601119872730134,19.966822146417826,13.709908591802588,18.88094787481593,17.32516588734015,15.530784333713646,12.599300818296644,16.254403260801965,16.51841438230338,15.415236430314081,19.28906789746076,18.877326519557055,19.444726530235588,21.760018952330928,21.87595389493945,21.94608604941624,18.859966569554413,21.27195018090717,21.005394264174974,20.157131222823004,22.835843971319196,21.82105720638374,21.246287212915348,20.077714805084067,21.812520878049536,19.08639497283054,20.019792629134194,17.906166937698895,19.42893698313626,19.316496887368608,20.41712508418388,21.83811147517407
Var17,16.51160236779255,13.862940409760444,16.60357536614829,14.668460470195642,17.84781317088764,18.139658452590016,13.853290681652217,12.84612490726,16.096285141533595,18.520660040116038,17.876562187037834,18.203473096392987,18.87138027086756,18.835096168105846,17.570651253263264,11.325344593990385,13.78147042140372,0.0,16.564811164795415,15.795248930650938,14.841714064068157,16.859894117081208,14.500028913652876,17.042701950022835,17.670621557555894,17.524383364668303,17.827836898975168,16.78527895082437,16.360452794896293,17.13565788839259,16.86698569973105,17.029501160584093,17.015280824604005,10.360865305487545,17.058007505722912,17.6136051937576,20.875470351021427,20.179929975062553,19.720306952860202,16.595913387912958,18.8959271271677,17.738536792985617,18.811892020244475,20.555394380743216,20.915914562923053,20.843571502212,21.022261083280725,17.49437591903068,19.433286718002403,20.913882689649576,16.254767907953116,14.171145197317724,12.660137083604425,14.308237395310352,16.768549160552997,16.798723433779926,12.375660500184138,13.700175973880166,17.744431468172117,19.176498324322417,17.97112389806668,18.668946164309187,18.595734995782145,18.179006848794398,16.384191160594924,17.432848853371112,15.249935986716888,16.212983915626584,13.990541577106427,12.810752728314888,15.257392833421626,15.769270866164568,16.438968039218675,16.284339040838397,15.167796488242766,17.292889844170837,15.619818363985084,17.239331859969045,16.81857900689862,18.694601559800557,16.518074119140916,17.64205991581504,19.394772837159504,17.701216577815483,18.570278383685885,17.24110704970065,19.700163141779495,18.53454016821403,18.57700043473307,17.586155127373402,16.76222202701218,18.33807408772887,18.702807123995516,17.432231884123862,18.025002048659,19.99320752232638,20.488483476829256,18.838307157394595,18.72077681865577,21.190465997934023
Var18,20.43997663068005,16.668015241658523,16.77141667522436,17.95190460527804,19.263863374482106,19.957037020870203,18.48364159297425,18.13981962291391,19.03073357060641,18.123025026409188,16.93735451183161,16.188191306273925,16.91740335528136,11.537661706209136,12.628192197647397,15.637522328661946,13.582676964634384,16.564811164795415,0.0,19.23847447224324,12.117667628019193,17.922762028254024,15.868740528104386,15.72610672495132,19.46678282852536,18.744757092494577,18.852696110809948,18.45172784773994,16.061605953266966,15.789759918479332,17.86763299015533,18.212430287116213,19.301163844286048,17.61378432414861,19.527048116138758,20.94660752327922,19.60931288730576,17.689361538536918,19.563431216652425,19.30321736229913,20.980744540598046,20.104820530062746,19.25435086846653,20.936260667996745,21.847599751183143,19.341653478871446,20.64903706980773,20.09006281924216,20.24199311223028,21.29436198370369,19.71030849793635,15.706660881664327,16.40181742615586,17.85411292183949,18.313327279021895,17.93716796287437,18.04521575738342,18.68047886704854,18.08495535627568,16.834476531146485,17.270806005382255,16.754824085968618,14.974950692993028,14.941460488279631,13.085108061062373,14.12493821406832,18.89452142619644,14.699065315611668,19.115288700220436,19.790819223228997,13.443268258537172,19.434972853532173,17.255286599809935,18.666061917930215,15.211244301747914,18.459487479971564,16.001273733759422,15.996101233791055,18.73476003512982,17.111649682741398,19.99908889515569,21.222752987819533,20.4672844652455,21.459217922785175,18.982544934112077,20.916417161758073,19.44360277179998,21.318991331996223,22.001707849814263,20.878940727044046,20.80153409942649,19.370661266796784,19.95879043217381,18.86280529041781,19.331542197887764,19.5776560703288,17.780505016972178,19.74254996794887,20.545641471262254,21.601917488587297
Var19,17.917543736147604,17.24819974328821,18.957461789949786,17.525955270658343,19.1766039657867,18.903568982805126,12.676745860903655,18.631146140072893,18.375601533370144,19.01784385568605,19.14079940335219,19.54639456027939,21.181033985797,19.698957596077747,18.119702252952614,16.653615201603568,18.98800488885214,15.795248930650938,19.23847447224324,0.0,17.11078464227509,20.130377996228535,16.879020215266856,16.914621473097075,17.144073799761955,17.955174161062274,14.570088898809693,16.588371513521608,12.534909889320355,16.977917730983485,15.770432559737506,17.35491048266288,20.052129847514706,17.741434637597926,20.227413566636336,13.692976892512165,16.186726879304434,15.211939288557542,17.920852114000976,15.03153446040921,16.690196259520167,15.999936996930794,18.821997931344658,16.94191663247568,18.48970094271548,20.268274648650998,20.26845326788108,21.936461483606585,17.054745316755707,18.0546213012454,17.801669496068275,18.95303408462472,16.621960175657282,17.356400500204156,18.363407142076948,17.56719749427236,17.305213400885133,16.42163314199696,20.268854284301305,22.570202080452344,20.107391424846114,21.005212715343088,20.52172687982121,20.025262163058763,17.381723994882087,18.85716576971563,13.151130585032744,18.93446651395467,16.186942521903877,16.07221599315357,14.617774225251855,19.210181066451938,15.95775097072712,18.6176221871087,18.709555078771825,16.243989328335303,13.705432118715851,17.70225728603758,14.480937186455765,17.777721494906256,16.385253026925888,16.862874409303803,17.149117954972024,17.380767187480302,15.752907309948554,15.280347183131376,16.42918090627273,17.544618216092886,12.129080307014558,13.328255883715551,18.073034488734773,15.509794383699264,17.65725468670008,16.174730565815704,16.10500577699381,17.10406418666347,19.870131069787103,18.429155336797812,15.505933597842448,17.11798602350592
Var20,17.831298111814018,15.575325044339715,16.28706579208778,16.816316588134406,18.6170622051189,19.334207066047902,17.04705431371103,17.130012753382385,18.028928489359433,17.33815641679462,15.140265179151818,15.297601643041972,18.71809092850944,11.713696732048884,11.71801963851017,15.589880556406007,14.259529502094662,14.841714064068157,12.117667628019193,17.11078464227509,0.0,20.577990708817698,15.124383031373078,14.886583985254022,18.63228094245517,19.067990511144536,18.364013812805325,19.50089412035156,15.757594813283234,15.060894565742249,15.258938525720515,16.293674754312633,19.71760196161827,19.188892925743104,22.60504317477195,19.70749655480211,18.654713163954217,16.492513840235837,19.240147279458263,17.757839026739862,21.116277632527947,20.15860161136791,20.56307015439508,18.326233180726742,21.82874540028412,18.71901924336701,21.861208085871176,20.6936725417162,19.38899344286434,20.645394982707856,17.217450155958375,14.728761792550513,15.234447751645304,16.298862893421976,17.28795606326978,17.001462914587844,16.13072069157551,15.895613607545183,16.654506811692638,16.68960884859443,17.016283145266215,18.660271908104036,16.18648028833511,14.919722856187995,12.815731921393375,12.70339027669616,18.135837310492214,14.984921222678816,18.882600455120745,18.27257548527779,11.834556692635692,20.262926588084337,16.628056242385004,16.962050086300557,13.401210216052636,17.68886226094161,15.408561950628584,15.283428936754689,16.88981719677131,14.486922503544674,19.52646916605412,20.121734205065167,20.511823461111153,21.37200065795311,18.056662591158613,20.572077614179186,18.45145397707737,21.48838906284365,20.897029500543592,20.184655054248353,18.488095817529135,17.10882710505674,19.33368213625529,18.149938617657238,19.15298255054517,17.204034915791954,18.392660187324534,19.657364287779068,19.00096657460537,21.261995573032543
