,Var0,Var1,Var2,Var3,Var4,Var5,Var6,Var7,Var8,Var9,Var10,Var11,Var12,Var13,Var14,Var15,Var16,Var17,Var18,Var19,Var20,Var21,Var22,Var23,Var24,Var25,Var26,Var27,Var28,Var29,Var30,Var31,Var32,Var33,Var34,Var35,Var36,Var37,Var38,Var39,Var40,Var41,Var42,Var43,Var44,Var45,Var46,Var47,Var48,Var49,Var50,Var51,Var52,Var53,Var54,Var55,Var56,Var57,Var58,Var59,Var60,Var61,Var62,Var63,Var64,Var65,Var66,Var67,Var68,Var69,Var70,Var71,Var72,Var73,Var74,Var75,Var76,Var77,Var78,Var79,Var80,Var81,Var82,Var83,Var84,Var85,Var86,Var87,Var88,Var89,Var90,Var91,Var92,Var93,Var94,Var95,Var96,Var97,Var98,Var99
Var0,0.0,14.71593720788113,15.589504563059885,15.764617801848887,17.757463205663157,16.486719311372802,15.01631303175638,15.93213706831328,17.279268527620154,17.573627259119622,17.64965287887307,18.693821903970917,17.831410798322576,17.91666934303114,17.656371156525978,13.901459403942102,17.925971198026787,16.270688882825777,16.377341191544815,12.718929348231422,16.961816197183406,17.641748130556486,17.543684635637426,17.862513192767743,14.739826188055531,18.225675387728177,16.32311378743907,16.730176564702116,14.426457064994649,17.24637202671208,14.772032797843426,11.384415126743983,14.873840441548769,16.888148736007505,17.968506333940777,14.368564307168459,14.293015897222118,14.450898080782764,16.34386253837385,16.519384419804553,14.123100378835227,17.09084968043101,18.474228568773995,14.816210116600846,18.382987546900136,17.142124221069245,16.886969455105092,14.283506102663345,15.014741300058919,14.452359262953232,11.552966042566709,15.785233337001543,15.317661447215244,16.08240067926354,17.286129259595903,17.2786358859527,16.967960709499646,17.13067323869524,17.932626157065158,18.141898229238894,18.214237776947044,17.860871478707146,18.144502578435656,18.091662496773516,16.347382001024833,17.985849449739696,13.955873560150525,17.880814843139493,16.83083997297611,15.37904789356154,15.579983048010753,16.439863473549302,15.622524480351275,16.590940526135935,17.337215562189744,16.049403673495046,14.31464451776699,15.555367847373207,15.62085887675969,11.68896872449996,16.326067834557936,15.018750611642142,14.687952565124949,16.713851027513996,15.891232072294553,14.306808583363624,14.066255122569034,15.663594304569184,13.716954156005125,15.495211242769722,13.799138221856774,12.283238534939743,12.548721022666333,16.063265979062077,17.348155989219997,13.391209492131978,14.880459680536037,12.27864685179103,14.276099643768518,13.108488503656783
Var1,14.71593720788113,0.0,6.896905024531102,9.384017077812047,9.274409461795644,10.391205342990066,8.27891409612418,7.2485127886174565,9.37157131629381,16.693754429151213,17.891865132426446,15.865812575734962,13.618383082115027,13.99920915557984,12.66410882215353,10.414122969029183,14.250140961116449,10.874277149038274,15.116582878533203,13.041364676336315,12.27820659107362,15.207991646830868,13.517142890913576,14.492330456164487,16.140594615939428,14.92645142693982,15.355870569516565,16.804253649066855,12.143597772582469,13.11624984699429,14.743526214103019,14.56000957111411,15.930718091202436,16.50846773268521,16.37451336802629,9.335834739070355,17.31887815107036,14.52725971501881,14.035690427430625,13.480039132192767,16.299016454429577,16.952723226686388,16.163657947342756,15.05994850511508,15.744543662903082,15.91422131919474,17.145365749074326,14.831085707381051,12.8129186552946,14.652171961631867,16.237030602556672,4.3430791974532355,13.036781137798398,10.243952717161841,8.30270823044029,10.68516387683633,8.10453912874546,10.431002585631546,18.195853390647326,15.849673700764,15.800055107999478,13.869376367598035,13.475275230222543,13.34007090981695,11.584093788228369,12.874908565512218,12.148490122920895,14.680979975742009,12.647350353145498,11.47519350471157,10.300987092748153,13.70263489936083,10.823510405832707,14.262974908471465,15.69200826573367,14.357321220037317,11.481869968454498,11.340629106733266,13.777397115969709,13.540892216845595,12.486462971113811,15.918784761420358,13.263156883162699,13.506177374854653,14.959757728081133,15.10559251273905,16.52398355807978,15.895424302229664,13.183597127815506,15.419412033267951,14.200158929083058,16.984166149401812,17.437791122822045,15.20262271936472,15.21534304920024,14.911810376920895,14.993399002105615,14.28642050169002,11.293433608734215,14.700657534843288
Var2,15.589504563059885,6.896905024531102,0.0,11.391383274910403,9.159586866919504,8.301744251569495,10.390136610165118,9.210787834472223,7.451827479552067,16.138612829701394,17.271857025155064,14.315599816232094,11.634299687604624,11.956632821287865,10.646512613881136,12.897681026834938,13.015110305413545,13.849117675011287,13.50903951146011,14.237199482756495,11.547306877009758,16.612782492009174,14.18481089420929,15.43768344365221,16.18267598120248,16.216861947865596,16.551470589156327,17.741492276927328,12.370485581223322,13.873918733665468,16.055152933509838,15.406991965335802,17.5604895858624,17.868420074037733,17.405292715215538,11.477232538755791,17.22381675387594,14.509298693522627,14.926265965515698,14.30913480810859,17.2998160863374,17.01984604011702,17.405587058449537,14.946437664449391,15.913351116562788,17.332257877405052,17.872432842759075,15.281994425406383,10.702456908716005,15.175335433363529,17.219199015864202,8.118184790531846,14.62641693542995,12.422420602658748,7.77664138608235,7.645941616393003,10.094773616750857,8.744058845925775,17.681617154279778,15.05359724883093,14.46284060438735,11.847575344590508,11.456854599402625,11.774250118333374,10.695486681186138,10.873561098848484,12.810411395571366,13.212617760098542,13.485495062840872,14.252963536565307,11.000703760853806,14.776901110257246,11.638607921137368,13.71586794941827,15.346335986536255,14.980792852383747,12.148326811335105,11.175792987920621,14.575444836389037,13.988685693844108,13.859216325262784,16.42262151438827,13.178867780835452,14.590562881196192,15.923346707902255,15.876908492792658,16.667372597194067,17.300577888084632,13.915424000959025,15.90294968992553,14.90220644418464,15.849884908866814,17.40700554894828,15.69600494389177,15.088238181381366,15.10228045864357,15.756549494667363,14.644222686708366,10.324349777684183,14.525856060154887
Var3,15.764617801848887,9.384017077812047,11.391383274910403,0.0,8.077489401064438,11.637427884732528,11.465628047982026,8.484428884904323,10.498146230807402,15.517429203002607,16.73419070851939,15.97600735513646,14.058150216505538,15.50561559404111,14.191754127108961,13.152478430834297,16.08736026651435,13.18236863620794,16.098989720096768,15.284625069732574,14.559446978413066,16.486905053187545,15.814767994699489,15.883615474898544,16.613183069254163,16.007864031043614,16.139612171599612,17.796519052104696,14.49743623721347,14.470629601759526,17.2626885997396,15.611654515632967,17.162545546964296,16.86858387213547,17.26563399879829,12.082883382027617,17.55529879259556,14.585856809275974,14.56738846379791,15.076669757372235,17.035559253481267,17.771574753439864,16.930990208511115,17.484707689622443,16.399091007020274,16.586922123123426,17.914254442588696,16.33402456275832,14.610412324605045,15.195103375862129,17.860469455046697,9.28598456690284,15.44291717211907,6.215246540062531,9.232256805734764,13.284740455982831,8.978205062734832,10.775943818258698,17.79884645821096,15.485198927776082,15.723678062690292,14.501228183324166,14.448780318950272,15.152217367258622,13.730615898902021,14.746841407209315,14.048428938697333,16.14029258758111,13.919338930111849,13.269402420325012,12.95384331481588,13.631743607360914,14.646284423030533,15.183475403717182,15.658551547848479,13.53224529541768,14.28147131779859,13.281909478259905,16.102081088324653,15.700110341143237,12.90651253248786,15.47213044865143,14.307310121127118,12.751292769100083,12.917197129832356,14.94326957714256,17.2708358594707,17.2311867831145,15.198070248888271,15.738865470334002,16.48024899522934,17.798007286292034,17.231077742667374,17.224378256579755,15.130442833974717,17.325559936607103,14.489994477420586,15.510021085530934,14.54860993461227,16.16499746344455
Var4,17.757463205663157,9.274409461795644,9.159586866919504,8.077489401064438,0.0,7.862833215639995,12.152214953632075,10.026140147724266,9.758041499764795,16.082523260436844,16.026049754384953,14.230360571550294,13.073271669657556,14.651802278708471,13.59797369022974,14.827109571137273,14.644091991712942,13.384676908017058,15.507867893957107,15.061069003924807,14.012019184440629,16.275628146677704,14.215018474892666,14.888252078006797,17.631928315342794,14.630308649406633,14.428393284187313,16.901086160274943,14.219253787636916,13.028696549230087,18.046519144422078,16.71027837281148,18.91411057550315,17.371669942096293,16.920683950629307,12.501194956935974,17.35692287327453,14.685037656413572,15.139346449144833,15.327396984732124,16.611071048844842,17.31125964138443,16.797488113108585,16.663228531199294,15.145364084528273,15.13114305551549,16.990867821240492,15.127162576443938,13.971514495352222,15.29310967071839,18.417390995367544,9.238360831164556,15.748350393624984,7.665470779994453,5.857745056951453,10.176629795087049,9.237887778259992,10.596934074684931,17.42204559599586,14.957845382814748,15.693809071402667,14.072612505368426,14.070839045083757,14.788893994091978,13.58273837632711,13.755198735152698,13.444868251908808,15.236651548477843,13.87707974572425,13.910467154001262,12.895476711316306,15.33830529898229,13.29756476763086,15.401355443113898,15.573370241340042,14.990701375735856,13.720963287924924,12.62208219086286,16.300152529606812,15.595504744213773,13.872892805494473,15.498212437530135,13.915822896356286,13.85854619396432,13.165009128360126,16.019244515865342,17.03778206399374,16.362042635114392,15.029066745303606,15.584417349314288,16.616965354015885,18.303248335275782,18.176853652462054,17.466324920626104,15.244047639478945,16.928536173094955,14.223378317424366,15.334520254894496,13.044753572037418,15.96095240925132
Var5,16.486719311372802,10.391205342990066,8.301744251569495,11.637427884732528,7.862833215639995,0.0,13.450331182453462,12.213296238820998,9.089795252818668,18.015066173308714,17.066340241390797,14.900754706920518,12.091011255867418,13.844624994401228,12.41045473418688,16.412537823407714,14.451024623728129,15.802033712335737,14.962345743802112,15.44815872195928,14.814715903907722,17.05073396093102,14.995871166019736,16.309390588877235,17.476863550447316,16.708316122316795,15.212311787386346,17.75000100902297,14.701766043086852,13.627693610596426,17.80922670451419,16.37852721164204,18.645623764554,17.96993649121423,16.63905192364287,14.024636865971999,17.941493672364505,15.0233052055085,16.14371855802611,16.75062995757103,16.229313306331342,17.530290446714304,17.444475519188924,16.0348037651063,14.694438041764942,16.03893774835524,15.853872839827254,13.74104173202911,11.696008903506817,15.518738946298956,16.799684053054357,10.70579217707923,16.85755843099382,11.687805003917196,5.726643439293768,6.783496721772686,12.047765611007328,9.959377252571327,17.945875210747918,16.09231671054663,16.157386809679146,13.099216962184563,13.536451001191061,14.336116461390192,13.509855600081679,13.051917269723546,14.634889378168696,15.150278512137994,15.522155269719137,16.230717559086262,14.398883865284175,17.11466806861752,13.999186938919033,17.02792844025606,17.182968435426915,17.43493540956899,15.142348157390622,14.28542045509711,16.850999939512658,15.67149462702136,16.44195430032308,16.346362744784518,13.95401795891114,15.230897725301052,16.049800197163673,17.270218365499094,18.08326619468126,17.48442300612449,15.858075969743524,17.423224997848575,16.194966897736947,16.837554392291057,18.133771332656455,17.331084096617467,16.216476809603268,16.21881527340168,15.19137940274473,14.949069489012349,11.442172194347,15.707605644254812
Var6,15.01631303175638,8.27891409612418,10.390136610165118,11.465628047982026,12.152214953632075,13.450331182453462,0.0,8.459585312777662,11.791530981957257,14.361456326355626,17.683673100407617,15.636714908672078,12.801617418193777,13.436337756285713,12.336066557129865,8.139992024126917,14.234334141481545,9.76343489658459,14.283545710858794,10.691623751912578,10.215091805938407,14.681874243702659,12.997154670595437,12.806081790629655,15.054696986654173,14.497775912316355,15.256460238502484,15.76796746248105,10.11810038570804,13.738623484656555,13.274422136065006,14.281338741056528,15.159372192374565,16.30073210820377,16.963976960869395,7.563524481205084,15.73485423343491,15.12735835202417,13.424464203550025,10.91816246193945,16.084666831957783,17.089103312373098,16.8551940040221,15.382272985019751,16.070650846374388,17.286146252477497,18.142285532119914,15.711807894980945,13.435227051569887,14.65327160854298,17.021868582142513,8.784792370277431,12.535927320257843,12.47433700951801,11.688233117334839,13.64458502183403,9.614903358565785,13.299990274683351,17.71432337322919,14.93298864649126,15.785812597116365,13.65863630688008,12.701937593119123,13.497040925827491,10.27859162811036,12.250661312858139,9.237762073470252,14.478795368594177,12.112669667415972,10.271908265358734,7.987823376227605,12.68611636366472,9.713895498407574,11.053873442169255,14.73090987323957,12.018860863617006,8.931098053291112,9.054494724049738,10.78758338654764,12.981056124499199,10.345095485890688,15.381687387968555,12.192658931701141,13.142671329639507,12.96612128793391,12.969412366512705,14.301149715686273,15.109747153162733,11.12592048503314,13.020101482554894,13.82615602508308,16.949278810971897,16.02668025049005,14.127430173596736,14.124492358968713,14.443335984842983,15.261662899119262,13.43358926805046,11.81016769923032,13.849084679133862
Var7,15.93213706831328,7.2485127886174565,9.210787834472223,8.484428884904323,10.026140147724266,12.213296238820998,8.459585312777662,0.0,8.826401018095375,14.93661757398197,16.932929519770212,15.409932431432704,12.871070368015975,13.158372220100164,11.404739223017959,11.242963471571198,14.146547730980163,10.813023989127847,14.049897677276668,13.379185256069533,11.247301601901249,15.627633997667036,14.075257144155556,14.926617592693844,16.721148562178808,15.569416855845484,16.9491967346197,17.09232133944544,11.489074516940939,14.957866132104064,16.1113500211354,15.814269175291551,16.442428574236242,17.175921408726865,17.425347221454196,8.851024307755315,17.306927964424467,16.572495357457097,14.856777947753127,13.448289857679539,17.54774351890588,18.02863343270991,17.522404778305916,16.44147202911207,16.820210071915074,18.343167785855808,19.08211317565031,16.84070180559499,12.558475103376049,15.221918133704955,18.17844034580375,6.869841589941131,15.414119475165709,10.622964573120667,10.459040414116767,12.647688983428774,5.514950650089934,9.788556853653224,18.72356436929349,14.712959490491945,15.184410723126936,13.069763699677667,12.354790480296332,12.18475693750285,10.906960633187897,11.98159712806394,12.062002663711448,14.512847174029531,13.091193966319222,11.710308161522592,9.810356359420691,13.40451475210682,12.693439821599478,13.071744625389702,15.178340001929591,13.489819659092316,11.293733080662948,11.323020238175381,14.16871373362981,15.581429993491387,12.231996063924514,15.992865706223078,14.418003172520311,13.613281635468049,14.119865350123955,15.018800469981228,16.472097638627123,16.768939583932262,12.903377906366842,15.414137676979719,15.839108413302032,18.337421120475355,17.7817879150014,16.765874692566925,15.860970272920651,15.770759210212791,16.3120286870703,15.431933089813224,11.847810679981517,15.036088289450188
Var8,17.279268527620154,9.37157131629381,7.451827479552067,10.498146230807402,9.758041499764795,9.089795252818668,11.791530981957257,8.826401018095375,0.0,15.694598033697078,17.588396537218888,13.449262701277915,9.920235368704189,10.03947958438449,8.674354030975623,14.91374285313259,12.963327457142038,14.807470313720671,12.15890570167804,15.943039724551562,12.405148318673826,17.043512094790785,15.322438158115279,16.295606765971293,16.015238104185812,16.88496888925566,17.832522424393353,18.649935528592202,13.328564231764146,13.886470094546546,17.001419537048314,16.184523340467084,18.42544697182183,18.431086704403793,17.622474932467973,12.774135099779746,18.809870038820506,15.516263249742302,14.03320783821686,14.90890183647552,18.802182524197008,18.124024511123,17.585946420763307,17.0132680349415,17.46214001732277,18.758007175319047,18.582902070599808,17.531539867130345,11.471669146149285,16.69659749616781,17.630347894153793,9.4924307230911,15.831817291228491,12.392515703747335,8.138210263212722,6.5633491687159555,9.148724448016665,3.7922652209062484,16.807946901187318,14.1564603506878,12.824239636482101,10.257417075136402,9.526950876903431,9.959328969644622,10.099859964772758,9.600063299879945,14.647093316553912,12.354683903810484,14.377918440362562,15.583513461373581,11.754546048721652,15.592540898222653,13.50764257456471,14.397786818747678,15.293665756959276,14.99659730444452,13.620103879394161,12.7555937959491,15.845996760366265,15.475658276358082,15.079601480189675,17.46167198130747,15.211355559971386,15.553437279204351,15.946925675704879,17.26945191679019,18.386093016064198,19.57929675638856,15.439816799249526,16.807984157106333,15.784606653009105,15.939709673674658,17.434077304686905,16.413907183447986,15.616688458162331,17.497845891716874,17.34980342299389,16.847481883496126,12.246261638363098,16.67935947227818
Var9,17.573627259119622,16.693754429151213,16.138612829701394,15.517429203002607,16.082523260436844,18.015066173308714,14.361456326355626,14.93661757398197,15.694598033697078,0.0,13.213064482345935,12.204097696803911,12.600588995244442,13.154365420018449,13.64757086163211,13.696201357143826,14.560531863864266,15.248467527683026,12.77628728044366,15.094221073764437,12.162850452633055,16.678669561092622,15.195130269542917,15.29510469600355,12.522234472333789,15.644498622215572,17.330840137356297,15.130948224987527,14.051669651356336,14.774993061772253,14.022868642017787,15.466576070744464,16.38115802059641,17.19350261304393,17.804910427136427,15.32893710204067,14.473982079733291,15.850097666187741,13.814419968575173,10.434287575342731,16.876952701198103,13.617685079955086,15.967320353303924,15.062321017124559,15.929423277861972,18.439956497088367,18.594191911044405,18.03417076658422,14.893377135220865,16.695924719270888,19.743685081564795,16.860422113099425,16.563085202915815,16.835212621677027,17.49162051274906,17.54003883928291,15.941206888796852,15.926977772292013,12.236273591863288,10.306906630952387,10.437223417499517,12.622347215511475,13.987018631078591,13.540272142035656,13.296849978251979,13.398173747817337,14.694645042695958,13.769561153791244,14.76803925225892,14.171363808867497,12.838432206950706,14.326845509682757,14.396876205221135,9.25576694962925,12.052798414613658,10.51083027523056,14.425589550090201,12.283803592676085,12.132551608030761,15.282767496468631,13.417980733771877,15.968922795896098,14.321683195170541,15.414690797115892,14.90897066675194,13.635359534849927,14.24259429693331,16.95903924042992,14.973515721205501,13.30470287676884,16.803230433372338,16.960983095200472,14.967516522927959,13.478163834139083,12.649636513815954,15.625285437505491,17.051782617244136,16.29794191549892,15.579850788318595,15.841237935607062
Var10,17.64965287887307,17.891865132426446,17.271857025155064,16.73419070851939,16.026049754384953,17.066340241390797,17.683673100407617,16.932929519770212,17.588396537218888,13.213064482345935,0.0,10.921638088820112,15.535002453539487,16.91798929071083,16.998692473844546,16.976231311479943,16.767078278205382,17.367688057319334,16.594454017797503,18.557437307900006,17.340489122922648,17.58573374714225,16.064339820847906,15.519714069163776,16.963324270554427,13.118920169537727,16.68844597470672,16.286778916565936,17.411729013985248,14.684179741467053,17.80077525604583,15.99521574283414,16.86726092401411,18.498630862668954,17.977970303802717,17.64794301595369,16.171787418479635,16.189793161266504,17.361478550355823,15.514038784636606,17.223589865374432,13.723368882969895,15.575217147206663,14.081483259087452,15.797688177315948,16.14529823599589,18.615005366379837,17.743174494599415,17.62892035372748,16.853843387616745,18.452095845162304,18.614395881362327,18.281960174415868,17.099738374088254,17.61809772455154,18.145976363974334,17.30156672206447,17.37322368245294,16.655943156470947,10.777173372115273,14.114200006307302,15.99408536554658,17.215639152643167,16.713579763298412,17.73835644707142,16.79121498101593,18.082965360913093,16.626659240497993,17.559380536189447,17.67666917062757,17.26716375895809,16.94209317889758,17.31594985546907,15.639606006268368,12.206955304152487,14.66063996008262,17.821030597565,16.000866772341727,16.39844480700737,16.933727167738063,16.827231861127107,17.54000568525908,16.684975329390305,17.63450462693641,16.365242140488892,18.8456304746762,16.405104116627584,16.100606481771038,17.21264802659457,16.44262124549204,18.253789739193714,18.607194839203782,18.01903969068755,16.51859589495524,15.013818737401651,15.80852746434016,17.078688806970188,18.4833682848513,18.20841133764998,16.875078437447197
Var11,18.693821903970917,15.865812575734962,14.315599816232094,15.97600735513646,14.230360571550294,14.900754706920518,15.636714908672078,15.409932431432704,13.449262701277915,12.204097696803911,10.921638088820112,0.0,11.125143426324662,11.499965829401972,12.319470382038013,16.377381530427684,12.033997193553125,16.0460405486185,12.061775287978742,18.061352923917248,14.239899343324469,16.7246066422351,15.402313739080512,14.030800755231162,14.975443453323514,13.759026783764913,17.48325268242131,17.317188831603488,16.031488684293205,13.782707731514904,17.13792761712939,15.862233027427727,18.90208907142046,18.183677384408846,17.582837079429208,16.547871007057424,16.981890917762907,16.635068272363103,15.410484787825405,14.577163569412203,18.74061635666727,13.808227407910142,16.085430758497374,15.712426929450222,16.440777633002927,17.357314307799708,19.17075232527779,18.8990470407668,15.284065956103323,17.821006001555546,17.67971837584454,16.192855584283755,16.489627868523836,16.327509220985934,14.59945678843227,13.827130609640738,15.441063401782642,13.578440516953068,14.454069118624352,8.604653817495684,8.850200918480583,12.000397570559814,12.293093422569434,11.909235418217927,13.603714290930133,12.096083940228102,17.314305354124787,11.257558461902693,14.65042561636682,17.035396855056096,14.962492403126692,15.678810230951125,14.525541764903497,14.129374328203614,10.659176728601775,13.336089112527894,15.764249980488872,13.503286450343328,15.401797466084174,16.389144095932092,15.223194923524344,16.803845448878242,16.188706737832508,17.125577676292824,16.001807021656024,18.0383319512345,16.474736043093426,17.27475783656705,16.648998793074277,15.51529520891849,16.8700415261589,17.20812635992482,17.34016193151485,14.43983573494931,15.16935045434742,16.65913814236172,17.775132854803335,17.678682349911437,16.420514004840868,17.162198766517477
Var12,17.831410798322576,13.618383082115027,11.634299687604624,14.058150216505538,13.073271669657556,12.091011255867418,12.801617418193777,12.871070368015975,9.920235368704189,12.600588995244442,15.535002453539487,11.125143426324662,0.0,6.397006186421232,5.582935805762268,14.685779261550131,11.011148972850936,15.299097375533938,8.550027720680333,15.40521986736913,9.877636853267363,16.23264796749314,13.70510818054993,15.46034291922317,14.813855987749687,16.78745616749499,17.788852083138767,17.70768529028501,12.27316367470889,13.60461539280924,15.610745311163566,16.153377713301882,18.2520272025898,17.692624815175083,18.06978086250368,14.178721345342037,16.891859877333054,16.714845681499398,14.811372757793604,13.587898223969518,18.790910815701352,17.280651101222954,17.692711481471807,16.279550019101055,16.64624425647214,19.801536512409143,18.956343124347626,18.438387960416886,10.27882588496199,16.982477349936588,17.695864228471738,13.430104757259649,17.102490771501696,15.361112645679551,12.095727589414539,11.314068763433555,13.474508263835004,10.98561243700198,16.094092075699503,11.937634697685672,10.631730208299317,5.068911985539277,6.551260805054072,8.337147633013537,8.529986140273445,6.799154190185073,15.525546213817833,11.007596507254261,13.935625636166945,15.474886490367249,10.975318042056506,15.992162971882326,11.756224415451582,13.418860616417007,14.361337551989225,14.47282446403802,13.630880644809269,11.683520570655988,14.204586554727292,16.188737510053052,14.645867874634744,17.305750263059775,14.556819212878352,15.095761254770226,16.26497294423339,16.065664719331128,17.170811931761165,19.474017438416624,15.62716481924014,16.17350665521766,17.209788453823215,17.06757840163477,17.09458730102716,15.367911051055021,14.520498277070512,16.66387220639937,18.34204845727203,16.50911053212021,12.92765342266574,16.200875710615584
Var13,17.91666934303114,13.99920915557984,11.956632821287865,15.50561559404111,14.651802278708471,13.844624994401228,13.436337756285713,13.158372220100164,10.03947958438449,13.154365420018449,16.91798929071083,11.499965829401972,6.397006186421232,0.0,4.354015364335836,15.186107817625532,9.555109624337744,15.70782649095613,6.517499682495158,15.20425122101813,9.148264962097022,16.68413283018011,13.955634700307122,15.39972830533944,15.093750662898318,17.381031139246407,18.14555544972204,18.03246670274804,12.280625729839695,14.963404211498213,15.7653131682267,17.19643757416055,18.436389597854955,17.908236590497072,18.45690215174958,14.25567694690338,16.604779708947742,17.135989921515453,15.036709321797613,14.104839470702947,18.8993264408426,17.56175167500933,18.70409930657833,16.372209214631514,17.394432541919716,19.810784530451162,19.104016596051906,18.84672639878715,10.825747739513513,16.367910672172044,16.718054456906287,13.333830072731466,15.575468669940468,16.564905475251308,13.579881448129544,11.36337865948276,13.0229764667493,11.105642301843643,15.694308873005232,12.928293354029472,11.035230804868728,6.457802305655473,5.876822313968185,6.0518945321959094,7.241327384666457,4.801397958177343,15.215955133936525,8.851726800904983,13.587907424274993,15.82448978878523,10.456698948804787,16.20817037172527,11.679993795539131,13.427897267678352,13.773469807129974,15.405534140575861,12.926130076958394,12.0696384955079,14.332628369598819,15.718727356495732,14.9719868436788,16.8810657317758,14.800140493530348,16.37630275836223,16.89216729059804,15.833827933357748,16.39427868096072,19.071753804115545,14.88398701983804,15.770270568886113,15.73393598924624,16.047784383569592,16.9943317590082,15.059957443518025,15.793322554098602,16.2725044044972,18.194447945544166,16.307983589528185,12.705553741864573,15.405043393312868
Var14,17.656371156525978,12.66410882215353,10.646512613881136,14.191754127108961,13.59797369022974,12.41045473418688,12.336066557129865,11.404739223017959,8.674354030975623,13.64757086163211,16.998692473844546,12.319470382038013,5.582935805762268,4.354015364335836,0.0,14.27399490143363,9.756519014890932,14.924322766182984,8.318181232816546,15.141480051876872,8.352757421566592,15.86916179331616,13.217221753485266,14.965693724916804,15.24612885404556,17.379717599335713,18.491949561233355,18.170469216018365,11.631829252691427,15.143192147337038,15.843475986130889,16.78960433781082,17.729103563513988,17.933336687404772,18.39481584302287,13.667772786279158,17.74265841309663,17.613950812370145,15.713321951131348,14.424795831493562,19.3381402580723,18.249899108578497,18.651772653596087,16.836368817725017,17.183048489193926,20.516702337372532,19.47186130425355,18.876123167362337,10.218780095896662,17.26439041992564,17.359054408950232,11.943136199343373,16.565142350198933,15.95886562178767,12.24575702013036,10.453774117206558,12.031657136510121,10.129730259247257,16.879409179418968,13.164713401351666,11.828199157524905,5.896677051882726,5.734142838861527,6.380237422800439,7.198208576563856,3.618159361747218,14.921588456116735,10.271495459466145,13.261091357102712,15.178356156940994,9.904896764595877,15.454716682001258,11.62844221947397,13.378753614443585,14.38480887946784,15.140584440568274,12.554240249069974,11.656880544217941,14.73333638603681,16.450987697087026,14.21805794981134,17.41397666998913,15.309951208380223,15.379631758768936,17.064168677641394,16.16441612039157,17.36674462277749,19.60200841241581,15.164166236038204,16.458619322518416,16.453352798112057,16.962614297283825,17.65621890045662,15.87774717477761,15.683737745846233,16.959178219990104,18.805702357680108,16.6858967902053,12.201536996313033,16.143004403495222
Var15,13.901459403942102,10.414122969029183,12.897681026834938,13.152478430834297,14.827109571137273,16.412537823407714,8.139992024126917,11.242963471571198,14.91374285313259,13.696201357143826,16.976231311479943,16.377381530427684,14.685779261550131,15.186107817625532,14.27399490143363,0.0,13.699655837423425,8.916459510906364,15.547924384264968,12.516070568620197,11.35804152634256,12.974360399713246,13.422855750905974,12.788675554821857,14.41480790322034,15.00326534578482,16.928395285359148,14.761585987615453,12.598987487074655,15.17068713675732,10.136829543004099,11.995735687242002,11.029748881841412,14.047342225502458,16.422946171718184,10.566883973444787,15.414947391826571,15.613397743375142,15.386523667287747,12.75872534837769,16.948490803964194,16.82235869073582,15.617660438265798,14.796478253270141,16.647920673548835,17.647587373334073,18.524166499898232,17.53953566845091,14.46853754841253,15.669300281527807,16.50539940893711,11.949295044710247,12.041334703361068,14.630333141361954,14.713530250993113,16.73554893518781,13.534747431634257,15.603145636317144,18.03127940583367,15.593847752578537,16.283590424226002,14.853808088121527,14.444916079901052,14.114827322269235,12.502712169355718,14.100183946524169,12.158730646497643,14.733283867432183,10.62337470675394,8.600179978779048,10.05522645002424,10.896689908360448,10.936904278463626,12.349059293912065,14.269990678201156,11.492637264616523,11.084622350481075,10.926056672671082,10.234786443031565,13.293155749936954,9.225650570430798,16.11246181375098,13.736335401711026,11.403680564139705,15.710627099163888,13.181848335795697,14.481191704571584,15.267574177637906,13.615766583114597,14.876147979292563,15.220033280097738,17.141699602651013,15.522795059928306,14.261952999459718,13.427386228427613,14.765998142331254,16.900185782633994,15.293156243941425,14.144449586672735,14.79713226101907
Var16,17.925971198026787,14.250140961116449,13.015110305413545,16.08736026651435,14.644091991712942,14.451024623728129,14.234334141481545,14.146547730980163,12.963327457142038,14.560531863864266,16.767078278205382,12.033997193553125,11.011148972850936,9.555109624337744,9.756519014890932,13.699655837423425,0.0,13.80971194229931,10.823967916526193,16.01568972311088,9.888901217524877,12.953604688896725,13.144221943572305,12.120345965971604,15.638741563425953,16.70707277262965,18.163436361502526,16.449052061008857,14.170296905025689,16.792004560421482,15.326445058676084,16.854156773572544,16.17996715404734,15.68860382621503,17.16608842203301,15.975554471485552,17.350579030735805,18.980114076380783,18.333219534419474,17.45298167501129,19.485752123058894,17.39459467228912,17.765759173829075,16.513468152008883,17.00653895971665,19.11340238992611,18.88829343525156,18.66351834114593,13.193390046645149,17.907012699821003,16.80998737441376,14.278090327968744,15.002673941350787,17.041144600685932,13.636240135413754,12.895015728152421,14.74677503670939,13.68009980123025,17.285300118568234,14.548546899724876,13.5274638005359,11.183795615201944,9.832435471730763,9.12399985708103,9.737301596322391,9.644867908053717,14.86749141164837,7.768494893603414,9.122308337190885,13.734051473817175,11.414240215157047,12.771708387938045,11.971582801845962,15.0956364767811,12.338221808362354,14.862821846562682,13.144218012751749,12.970697042403492,14.138189815233428,17.234056578008502,11.983764564926966,15.815239927987536,16.616439877022298,13.790722574777716,17.354743073772624,14.867614257681021,16.961161524339655,17.602439832479327,16.321549609912754,16.388588691703475,17.12904802165454,17.65560084481618,17.55346120611572,15.719556812422514,16.6683721411841,16.767883360428257,18.316411386003168,16.484733803218084,14.201426826643598,15.937748508794373
Var17,16.270688882825777,10.874277149038274,13.849117675011287,13.18236863620794,13.384676908017058,15.802033712335737,9.76343489658459,10.813023989127847,14.807470313720671,15.248467527683026,17.367688057319334,16.0460405486185,15.299097375533938,15.70782649095613,14.924322766182984,8.916459510906364,13.80971194229931,0.0,17.123257430572664,12.724034064491597,11.791755302283445,8.988731324109265,11.261891486705293,10.393811950191282,15.245006925777414,12.046189563981663,13.824598306376712,12.733679322132303,13.252108398366968,14.083427989758347,13.41727069749199,15.477974583293935,13.098929934382586,10.452637305489963,12.434673069633243,11.334186470843099,16.049379851438655,18.53770825494167,15.461806874464441,14.09016481644116,16.20379559558037,16.215845309702708,13.350241096683853,16.88346352874178,15.715654517272155,16.22358814059582,15.874374009126978,16.412979315436512,15.805117902791945,17.16106082749933,16.55294955048602,10.907918689866033,11.806343274235363,13.279844211911282,14.284836965204486,16.12756467303861,11.632193079790598,15.62431300221675,16.915786361667813,16.870120760005427,17.286133464063173,16.79849673786727,15.209585982028017,14.926684510069473,13.582264836168923,14.768355513341819,12.272994925706197,16.0419986389626,9.415715770497865,6.60993340841899,11.565011057270826,10.710374008022889,10.59731017788046,13.981134729231034,16.034637337805922,13.094622462507578,11.893329576443051,12.748693254177946,13.451026883616569,15.961279521060806,9.857416843330881,15.385718499398974,15.33225485729023,9.771326956396646,14.245527138401984,14.278227679078949,15.555273469189359,13.424777540336235,14.768728214053251,15.267212294685905,14.73115014852874,19.322041167839135,17.309999360446476,15.454768253864833,15.105496151780542,16.174131440348134,17.61101635166381,15.862649910140439,14.995584472003042,16.81690162399289
Var18,16.377341191544815,15.116582878533203,13.50903951146011,16.098989720096768,15.507867893957107,14.962345743802112,14.283545710858794,14.049897677276668,12.15890570167804,12.77628728044366,16.594454017797503,12.061775287978742,8.550027720680333,6.517499682495158,8.318181232816546,15.547924384264968,10.823967916526193,17.123257430572664,0.0,14.30405541147096,10.615593184052596,18.649964150583944,15.860042590616803,17.207940680793687,16.118687998790563,18.790481318931548,18.85130090080179,18.223596352137946,11.839267462254481,16.261463309855547,16.017705997916,16.666842932931917,18.712048763012262,18.98454154321459,20.202893068215694,14.103241345477413,15.023959236873248,16.582070556116353,15.785936670314511,14.241023440642543,18.20208191755031,17.956693770566282,20.360496160961134,15.598631813684111,17.899379806408263,19.797771266700824,19.787185226370404,18.15808224847449,10.426942094435777,14.970960064076689,16.39110410862012,14.644869857067931,17.031624786874005,16.8566064777922,14.898541334208401,13.493689661321671,14.285967828221299,12.850529690994405,16.435876802971922,12.25378663223052,10.728105811708295,7.71183607413233,8.327981180526,8.308205187209472,9.25464672591842,8.65422649422954,15.589213251097197,8.323852629812166,14.659036532236005,16.552861752188573,11.403391735749896,17.315804880567416,13.154191913114953,13.364112369106193,13.70612922143676,15.570377385563694,12.531924368369696,12.178461377524817,13.985734910947677,15.162149558269926,15.786476028946256,15.832287414763424,14.344061201363543,17.757022430260978,16.542212098214122,14.459513028398105,14.875740424257646,18.619190829287668,13.670382885871302,15.126594261396582,16.403251852160807,15.547994759619984,15.528570709360116,15.18360646647717,16.53426664618762,15.225983983211684,16.81498377193581,14.845815965036119,12.506938933113844,13.815140301405568
Var19,12.718929348231422,13.041364676336315,14.237199482756495,15.284625069732574,15.061069003924807,15.44815872195928,10.691623751912578,13.379185256069533,15.943039724551562,15.094221073764437,18.557437307900006,18.061352923917248,15.40521986736913,15.20425122101813,15.141480051876872,12.516070568620197,16.01568972311088,12.724034064491597,14.30405541147096,0.0,11.619214200645962,16.17331141527785,14.140507242809852,14.307555633817454,15.996196380918962,16.79904273402847,13.444618651327552,13.62344756583279,8.066606015138163,15.846843583828068,14.095325940285676,15.501765047448323,15.777952478449116,15.263968977686615,17.113120404377792,8.857090970573822,10.553095740785972,15.083378954191835,15.67421929291267,12.44804028183167,11.057664534320079,17.212207378489545,18.810104663111517,14.644422430824713,16.56616347753791,16.500530626569113,15.216006887783966,12.683337875778138,13.009066503705272,11.217883802022286,15.366775327876312,12.997291043980034,13.735600978759514,14.68706773325226,15.331644319028065,16.153006296200633,13.659134034109838,17.404995698977057,17.222026322448013,16.686213854508573,17.71455980357366,15.839050481470746,15.807931665104011,16.470678620760285,12.874808311961814,15.046402533439716,8.264101295359279,16.08094894137196,14.066153919139746,10.955997478259098,10.14116644117345,15.220102012395424,10.66992904616044,12.448949990048874,16.034464996076622,14.951368014241034,7.706600646156411,10.44802827865195,11.609195135752882,11.719530248251681,12.66796340769519,11.573891812996415,10.56712002771201,14.969876592025338,12.213355389423137,9.285767200362498,9.953786794105513,12.584359207250191,7.477083278173824,9.680179896420494,11.878617241857647,15.923451694644667,14.162886450858313,14.160084867973891,15.51103099263844,11.849036487646902,12.90174382134094,8.501070486980092,10.187233268699096,9.945868212456817
Var20,16.961816197183406,12.27820659107362,11.547306877009758,14.559446978413066,14.012019184440629,14.814715903907722,10.215091805938407,11.247301601901249,12.405148318673826,12.162850452633055,17.340489122922648,14.239899343324469,9.877636853267363,9.148264962097022,8.352757421566592,11.35804152634256,9.888901217524877,11.791755302283445,10.615593184052596,11.619214200645962,0.0,14.147563935457939,10.720270406866424,12.382539468195752,14.679614794927197,15.586715493113822,16.498356943026298,14.261831032953125,8.346267860610128,14.750501604674435,14.297037349542805,16.834123499777828,16.284497727514577,16.096041522699554,17.49004872528223,11.762885919258137,14.986778910949235,17.64095867497078,15.526092816602604,12.686950845131387,17.949629285167152,16.940636078771995,17.989677921749337,15.84924824464981,16.94809774798902,19.376530980769832,18.67676890275239,17.287031461471727,12.047854475229475,16.38637734252935,18.06486826025638,11.681886503143847,14.60629263479917,15.464605821542794,13.599065758677868,13.889689583876772,12.451297877498112,13.784858991147336,16.663122436414188,14.107973641242316,13.799375549094794,10.4255558533779,9.483439521860953,10.153095230518135,7.3788418251628505,8.853859976484818,11.580600870660406,11.587838987856575,11.005679681869843,11.787503462923253,5.659804790191338,13.257712959240028,8.57855742727155,11.163832322621904,13.786212210764187,12.715416199497675,8.882857929791504,8.466897556319394,12.612492616159814,15.661143907428428,10.84881822546616,15.626735129564006,13.697766464778942,13.689294056319822,14.91445436279851,12.787523613943097,14.240478491670425,16.276533875024615,12.96569664779476,13.819710536642232,16.10328702257424,18.120549894909153,17.162123099662544,14.387293816348356,14.291316777802926,15.336911673112109,17.74509332078882,14.660779937844664,11.955644151974628,14.695851599902614
