Var0,Var1,Var2,Var3,Var4,Var5,Var6,Var7,Var8,Var9,Var10,Var11,Var12,Var13,Var14,Var15,Var16,Var17,Var18,Var19,Var20,Var21,Var22,Var23,Var24,Var25,Var26,Var27,Var28,Var29,Var30,Var31,Var32,Var33,Var34,Var35,Var36,Var37,Var38,Var39,Var40,Var41,Var42,Var43,Var44,Var45,Var46,Var47,Var48,Var49,Var50,Var51,Var52,Var53,Var54,Var55,Var56,Var57,Var58,Var59,Var60,Var61,Var62,Var63,Var64,Var65,Var66,Var67,Var68,Var69,Var70,Var71,Var72,Var73,Var74,Var75,Var76,Var77,Var78,Var79,Var80,Var81,Var82,Var83,Var84,Var85,Var86,Var87,Var88,Var89,Var90,Var91,Var92,Var93,Var94,Var95,Var96,Var97,Var98,Var99
0.0,14.011243730441388,12.985568419803933,16.928219500855047,15.404464069731947,12.916099564783616,12.942867632784791,14.60773597408808,14.21772764005401,18.00580170135031,19.10352520379293,18.885542820872203,17.21326228602262,16.239133223394134,12.59946480133707,12.907032709974018,15.420460198054238,14.649416156250131,14.057401545600772,13.344890018503436,12.294273722316102,15.752635907062054,13.565478018184674,16.869534230396514,16.66265151646188,17.428929293259895,15.189237138163048,16.76520729756383,14.131061607680463,14.17703101280689,13.831418451410425,14.884718816264272,16.432542084237888,16.4279160594699,18.046102896515265,13.773409335099927,17.330631495535375,14.602827163797258,14.606699191050492,13.67059963635618,15.85479528915271,14.194173452789624,17.62772336910936,17.232405015028018,17.395352309492043,15.859324189057538,15.807245215291204,15.179761441622508,14.52013635887254,15.111197461483131,10.912799176595476,13.514060260544172,13.3694596475819,15.244149654807575,14.17294075070216,12.923670932490523,14.488564457428902,14.42414179365147,14.754329929249677,18.3759825408924,17.238985541486446,17.744054088480134,16.027504896175078,14.955485618029542,14.28719622065756,13.32222865886795,13.586580626246466,16.759654834619322,15.830960919916668,14.183868097923138,12.132367689615068,16.821821433773533,13.05170301562278,16.08424901181622,16.443992612556617,16.600276099437217,14.859298416719186,13.911406793717536,15.442066186286624,14.226621755715977,16.326476422240834,16.221979382662468,15.0983887740131,16.805176006508432,15.864382331222863,12.747001243339364,17.434216803726642,16.784156421828538,14.031391358725108,15.922422953506626,12.65199871049466,13.09864352546782,15.393109085259072,14.635865228803864,15.043846272031416,14.724434777096668,14.02266453568686,13.07447750874465,13.818187530691636,14.111126003447266
14.011243730441388,0.0,7.306462699060602,14.586883716164907,6.274710086690103,9.512518564976174,5.862746537112706,4.847406174415696,7.976093257509245,19.514133837174786,17.915758975614466,18.005446205649896,17.862279665522184,19.3619485126088,18.541452674334412,8.317437264346118,15.87087765331891,8.06682114502815,16.795103762442974,14.609601036599392,16.187797369992385,14.904919735638632,17.571213455400713,17.09051054769814,19.262034996942493,16.44407800719936,18.49287694745967,19.49931233190997,16.40245303340819,16.44504815924317,18.731329021813664,17.878038376979635,16.01322921369271,16.131426928167162,17.27305752096004,8.502699925963508,18.77437074981819,18.4615498391945,18.97512571731084,17.556279857744144,15.687416945474302,16.789790222790927,17.99726632526786,19.62967651504712,19.66794278887047,19.510626278836057,17.47224421334724,18.230246293186845,11.057121217234696,16.618762546643314,14.876182987555785,4.703453257795346,8.340215966676586,12.793202202630493,3.293976835436616,10.788391107498164,6.034611502571412,6.294928513327257,18.521593679382683,17.38466207393528,17.178273555756018,18.24633315041142,16.711021226410846,18.82345231171296,16.706127781676198,18.40234788876812,12.090051078716698,16.68622080875745,15.322638915315324,8.723333169279043,15.017695423709872,16.48326218249136,17.439672739606866,16.00317343825329,17.238250949975548,18.314134090730303,16.30163540484009,19.54835935644234,19.782808127761843,18.297095800850386,17.942315738184224,19.4469637165097,18.19241484519352,14.312735685641208,18.555948725764413,17.12604199855144,19.413144679627443,20.59444405865353,13.96111092909398,18.238680099456843,16.514435806906576,16.935936589244086,18.958351062534287,16.782220190355652,17.643508699032758,19.728916186812427,18.84466289507038,18.817176667533253,11.406745694766018,17.079753009697583
12.985568419803933,7.306462699060602,0.0,16.531182102731652,9.96519102773764,6.882267083968013,6.106746973433865,8.012587747773114,6.782878735152771,19.843128627459627,18.520059701143836,17.40386534110124,18.291017909094357,18.551061732459416,17.54089135089581,9.094335871749848,15.79256191418496,10.029406540923512,15.893112410734831,12.790283502889048,14.298434032757516,14.209009918842504,16.778247642236476,15.495697772525707,18.438735792371748,16.44346020861953,17.49462751781238,18.62841239266157,14.858946004761435,16.83816894791464,17.68708745327633,18.103744662549463,15.576403071361655,16.27183292376396,17.88458727530758,7.185617010623243,17.145279031685618,17.448519966013023,18.470359024868863,16.677785995891377,15.455232152325545,17.15504002341911,18.608846718934757,18.45528950609738,19.997024656470025,19.04013826157198,17.62872612225311,18.309860935753065,10.515994676765168,14.391823993580877,14.706127945728287,7.764809383301781,10.169040238686074,15.373344767193965,6.671300173877115,8.580280885731536,8.531736852588274,7.051807251421873,18.789587952483718,17.70042588147485,16.14032812588575,17.908680611272956,15.470516887629003,17.14647937037535,15.38162268766274,17.71876758525338,9.936855593463592,15.246638717050033,14.822578070533636,9.476814377613758,12.85035911715194,15.41937989583704,15.868045633019843,14.927414215521004,16.223765313679653,17.522035073456575,14.416846862899186,17.47616219242923,19.214827245205345,17.949419753827673,16.047752568999357,19.347526869411958,18.63517178546795,15.41015975139325,17.92764462485494,16.107505559113143,18.29855938466504,20.332584570161085,12.084188740009196,16.487845177464553,16.644217242064432,16.30567274414512,18.14355241576453,17.41425607524658,17.621336879366964,18.250483989229203,18.506091363361243,18.207973951813305,10.010263985370717,14.789640492388234
16.928219500855047,14.586883716164907,16.531182102731652,0.0,12.95722729051779,17.068914539233045,15.323691862370266,13.553920724079653,17.006345400430366,16.059082177663186,17.3863098812523,16.839941432868866,14.862830830104716,16.635002224126954,15.769916611882056,14.762975665074505,16.205315452744518,15.093162057792878,16.46053294316039,17.39601477056377,16.780586970723313,17.068603968733235,16.117335855950515,18.59709477212621,17.720679253586034,17.515996505993584,17.900619387294515,17.188038650736296,18.31660486550423,15.664943212373716,18.791079381354766,17.88976061056544,17.384293180246804,15.267476459762834,16.715495729088072,16.878585488512893,17.499398719543443,18.45263339986964,17.81921954794771,15.93556665605476,17.10186404143098,18.00281066065533,17.925277354245452,20.510376356110587,16.949560624668106,18.307506102015225,16.742736410692473,16.798651685477402,16.635993111831638,18.58861056472121,17.43072035708933,15.068572902857625,14.685248525765132,9.64427418214174,15.360036518417894,15.975373715517412,14.533609581615742,16.38262696894795,17.548913783205073,17.715097145596125,17.0210155656303,15.278096806398745,16.06987903005081,16.01276076516437,16.359584474435263,16.687461229068997,17.423053697181945,15.986292763308493,15.55346046782398,14.98673735817501,17.166708465746307,17.339052724194005,16.770002941033614,16.69475555733874,17.885992950754865,17.063731973439538,17.805780422656248,17.27942778849911,17.510159291806833,18.46547702138951,17.75613395173135,16.511590517945105,15.30200989259647,14.16854313621874,16.002400519627116,16.391414108074205,16.754931043532235,17.703668779928236,17.19985730474107,18.953204299022023,17.64691406775381,16.256579044647776,17.224790116892926,16.815540646005452,16.901449039844284,18.713576149858696,17.396448852101887,17.765629793890565,17.319252217698946,19.011280951502048
15.404464069731947,6.274710086690103,9.96519102773764,12.95722729051779,0.0,11.24719002853916,8.864524206414648,6.270075900404541,9.36769073549359,19.08193327340227,16.612594622607023,17.081267759510837,16.630212999312835,18.38515528487091,18.67835755242392,10.259259994200564,16.377347521856734,9.415865543614617,17.175724142248903,15.998623670373496,17.493441258624706,16.123954517466107,17.956450825865186,18.02077881803521,19.086266192156565,15.45978526753096,18.62118365978417,18.953177849498346,17.532905024021133,16.133077916273486,18.795021404337756,18.408718137038107,17.505747994423956,16.021235429154025,16.785988710039103,10.311180278450596,18.465278805631925,19.72033583675507,19.586006260190267,17.8499876434335,16.538534033112835,16.47527247739557,17.76782435816718,19.74407844557151,19.61069337343045,19.318892539889656,17.80074796708353,18.599066076302385,11.87349336436999,16.500433291253657,15.32233492150982,7.223670417870008,8.97959605768289,11.131132813469277,6.544730689262666,11.246059452279876,7.697814717887729,7.714945710058561,18.25199106969967,17.128401159280827,16.692775379378215,16.883727464353434,16.937127048559102,18.69793720233979,16.27695061338468,18.03249775898916,14.131399001695485,16.49068951773923,15.651537944940427,10.558964080582854,15.876844191724162,16.600811449577247,17.414534216316582,16.760384469312047,17.576216531335657,17.928498859607373,16.82947478729199,19.49083227874644,18.96048629101124,18.40312413957889,18.230477035789136,18.90700274610085,17.08550580720181,13.08510314338014,18.354893107165893,17.093287479672828,18.90913715999581,19.36287703475177,15.185121053991026,18.882868065364,16.433961887820953,17.86950261139702,19.273784569122235,16.074073889318992,16.5408076542026,19.443649655084627,18.25920310720634,19.114965523909405,13.448029677723769,17.933493197471602
12.916099564783616,9.512518564976174,6.882267083968013,17.068914539233045,11.24719002853916,0.0,7.503130871182495,9.532111366041985,7.6874053512934095,18.17586001878475,17.09819023143424,17.109879569880523,16.9711072803326,17.24360850850384,15.783904933545571,9.352418965736636,15.81338704298417,10.249661933946712,15.153494244902316,12.595967422819356,13.893131182265158,13.244282427515286,15.536337498471992,15.766210909364196,17.648629956464067,15.676680178644144,16.04930754218085,16.395839781915218,12.826097388793883,15.95538585904525,16.621745465234895,18.497172254256487,16.094062740915064,15.19661140865696,16.34225279623618,8.702749707989911,15.619458078239882,17.532674605854652,17.093359523515673,15.613646444758489,14.219338369973832,14.282580002012097,17.179685683477867,17.308535718550797,18.726752173276207,18.588620363829484,16.415634165517403,17.751166227848394,8.531652441532056,13.916205512183437,13.956193319450552,9.76281939859277,11.980187741345162,16.28569190892348,8.430436676384133,8.583162605953504,10.148192142054162,9.241822695658296,17.08046624004968,16.52907167828343,15.437151238300917,16.71123963733507,13.681283143250338,16.664523569227768,15.068264147181727,15.886234796541393,11.42700863921416,15.002565050264602,14.650421560322997,10.776660060494793,13.537508580611062,14.400432709839162,14.657871785721202,14.855430275850784,15.715061942398728,16.378315952261552,13.451303257822495,16.00653152904142,18.375095187179543,18.40848344989476,16.018046743445904,18.29994764022706,17.435530072700356,14.528862420333944,17.048815597605234,14.52792836190945,16.488255495711144,18.347616241300905,12.512111501415385,16.186259557179536,16.848599652475816,16.170779172353203,17.426473384427492,14.556777714428168,16.41821170171229,17.274837165209703,18.04759458221601,17.09549271648419,9.220019273009248,14.824629252406996
12.942867632784791,5.862746537112706,6.106746973433865,15.323691862370266,8.864524206414648,7.503130871182495,0.0,5.463596542268666,6.123304250197246,19.857459901598997,18.31295017440205,18.28689055491589,18.29348090917463,18.89193290296525,16.794746745463,6.53394199943554,14.871962446994631,7.301307242029376,16.94655087658066,12.05111866123562,14.008901479693964,13.517125783612345,16.686183627289502,15.938951215337758,18.65631139005549,17.046941303815935,17.466163497696364,18.347044160005595,14.271345262775863,16.480700495643006,17.54941439846852,17.9516840941396,14.671104819424944,16.54547005888457,17.945975405110975,6.431389361517764,17.766131559948885,17.122603498852015,18.62388006690705,16.48128674934702,14.32494109678752,16.471506888643844,18.149760500343834,18.043807786392225,19.27304465748717,18.63390187703654,17.679044480130376,17.65346646018321,8.748328019674434,14.687525228494197,14.648557087861455,6.040462578332408,8.09228503549092,13.805438000462834,6.06596954052119,9.590839417848604,5.61027836263675,6.185010907913731,18.53813923710425,17.672606105414438,16.499027451861398,17.67387335515936,14.814674861348088,17.522942416180175,15.935845859707722,16.9282513017317,8.993610984481766,15.38457283634925,13.95853490974462,6.911627420486089,12.985794223603484,15.138973902466429,16.350538208240554,15.668104870238588,16.47111180455952,17.85993384563375,14.361022505191588,18.176808469370563,18.781988945331484,17.639826511081296,17.022024045687015,19.323404878059023,18.4384026784054,14.93522228796315,18.35815106311754,15.7668649603997,18.932682682685517,20.143606062657167,11.972392906525323,16.93385876346568,16.182910985901007,16.754266555954853,18.92424550301389,16.68165238907309,17.900690953216735,17.529048347005084,17.871515337745326,18.15378806535225,8.791015603516822,14.873632052178516
14.60773597408808,4.847406174415696,8.012587747773114,13.553920724079653,6.270075900404541,9.532111366041985,5.463596542268666,0.0,7.190451259352237,19.94514092175972,17.398525258100445,17.8975504039733,18.21757339205575,19.10964216323935,18.463517023083742,7.677145934645179,15.160715907733795,7.057287869649003,16.559314507518856,14.321310991431794,15.9368506313134,14.60470846973652,17.582601127738144,17.266435847359634,19.35572571539864,16.495974480542266,18.86604722290477,18.89056908893038,16.259822809760436,16.541354619239346,19.09432654886343,18.24142780905347,16.50768751544006,16.127261348616937,17.48228812880424,8.04045347566815,18.337079669412574,18.918885772403133,19.637564366454345,18.083417271188974,15.609035561719203,16.866600099963954,18.318537952943625,19.101512913362104,19.29778403366998,19.47451169481909,17.889679943570943,18.172998504490664,9.440894075817166,15.560080505341697,15.42978541689692,5.091158865368832,7.67162364445247,11.989197586654765,5.063128390391167,10.169926311870896,4.37847113644289,5.366784104996979,18.974604091906965,17.12948241500337,17.231434826343865,17.721356505667707,16.184988122593758,18.100296414933748,16.922241808090988,18.23739938262914,11.753811997596712,15.588049901145949,14.231160530051609,7.583934152363295,14.957440551327084,16.080496061607448,17.255494272486143,17.04580896551069,17.369304269242782,18.45278190870386,15.722897594442474,19.49168525339658,19.54758046190883,18.54062560162271,18.55337426333945,19.30131485315535,18.02130241038252,13.92169484063064,18.83153359101013,16.938034543317112,18.917281303035587,20.094798237642856,13.629579406721009,18.57558809270938,16.967512109170574,17.364985611679746,19.59723312450248,16.808445077379115,18.157288416347896,18.86567161569068,19.0509585668052,19.22347644611833,10.601784310820126,16.441683831918496
14.21772764005401,7.976093257509245,6.782878735152771,17.006345400430366,9.36769073549359,7.6874053512934095,6.123304250197246,7.190451259352237,0.0,20.35586215284851,17.326004560071087,17.489806442879885,18.50596522341718,18.62260030834232,17.845119261081482,9.514184062580757,16.01248233636618,9.363360184093375,16.866062811059813,12.77848781423246,15.02749960164416,15.01048327842661,17.66489603107339,16.128498957085895,18.583391782588112,15.813483710403828,17.300617976225634,18.299554112049687,14.223198723847313,16.83125882255982,17.83800996237928,18.895432034117537,15.838497923135057,16.629108458381793,17.919270743189113,6.491980074657375,17.1396329955501,18.05931870803145,19.127729546843916,17.016922977157414,15.019470458160525,15.792128918667885,18.082850844446515,17.045824072261066,19.676093207648616,18.078794206378618,17.915506522211082,17.872799575807104,9.819795496997456,13.60691777261164,15.295262716107446,8.06943325873885,9.534730549452156,14.875026817790337,7.212349789298221,8.432395873747243,7.556620910370907,4.206398413796775,18.265420928554807,17.238027267459056,15.722269680322016,17.676852338153907,14.889901140232707,17.53523067850066,15.63494759962418,17.448713419577288,10.119046174188224,15.081437349363044,14.75811441253035,9.311081586010705,13.250646915058622,15.981424583614766,16.508967239108227,15.810912591616876,16.259518582496334,17.334622555936278,13.395845866994948,17.97703971081796,19.38111217587195,18.09147549922322,16.78526446217303,19.22827007227991,19.10107575955844,15.822485573428128,18.34261492297228,16.685445574573112,18.63068831948126,20.038210722546197,11.928196172875724,16.532244075608595,16.725515914887893,17.31853014803298,18.78186837500116,16.838158057223588,17.994184910545176,17.49013444145938,18.30136575568534,18.66608853625769,10.30698019562977,14.948313425462963
18.00580170135031,19.514133837174786,19.843128627459627,16.059082177663186,19.08193327340227,18.17586001878475,19.857459901598997,19.94514092175972,20.35586215284851,0.0,11.53714447788706,13.351895258482328,12.03131441643562,14.008013555983494,14.780974858887149,17.99021798593449,17.208633442851543,18.863875618684325,15.87671042145825,18.07619745122055,17.68940005299827,17.216235880694615,15.806475664753576,16.73690937653092,13.6618789550064,15.359494181786044,13.888808180105276,13.607336277287784,16.13203542851338,15.526784157706462,16.717706896617486,16.411724870615256,15.901352601095828,15.717516975105092,14.023543455144956,20.368618978691437,14.991222385480956,16.344285981753732,11.731000584197202,12.258810456190256,16.109121788521456,14.32640656605762,12.622115070564366,15.858731429294734,12.4054533332895,16.118471949081,14.334552284338436,14.547190282611098,18.336167666877728,18.80181008386227,17.358382781757967,19.380732486023295,19.68516942955456,17.98084816779327,19.557467283969995,18.680255833392792,19.972910881651337,20.30851839032808,11.331328380719093,11.27143080271872,14.527309988860749,13.633444103956432,16.013640026557884,15.7514178409214,17.206149593861486,15.419147698116037,19.531421933485024,17.500535439587487,18.66997894493387,20.083980754550105,18.560414315462644,16.69259795650142,15.442210547734078,14.514859602954148,15.320675447750254,12.24683866921721,17.796941622800524,15.41686113570281,15.055855212583966,18.05647395459999,15.919727748609962,15.525856607929716,14.30517639962982,17.203397977442744,14.734106311730743,16.79633888402739,15.202970597521306,13.48822368441004,19.71859239205298,16.01371502200642,17.356057163604675,16.77255153134308,14.767418674539462,14.811896895589854,13.379114505127443,16.728202733094196,16.004074354919517,14.99316240343864,18.963295113077635,19.133562793197225
19.10352520379293,17.915758975614466,18.520059701143836,17.3863098812523,16.612594622607023,17.09819023143424,18.31295017440205,17.398525258100445,17.326004560071087,11.53714447788706,0.0,10.244835418964357,13.71950939832592,15.234017484190584,18.042920614770395,17.544155045890612,17.033053018738112,17.31905882935514,16.48605789820303,19.163264829568696,19.49659872495349,17.877504012285158,19.486200841375773,16.73193637680645,14.233576869349765,13.223930457491496,17.655791817160324,14.995647472906343,16.977581548838373,17.43395995062687,17.644277759805238,17.925184153306414,17.88831825383369,17.599265755467147,15.885212884962083,17.59979933419578,16.00767954371811,18.58842694439672,14.56668248875748,15.684413054920356,17.871497621559104,15.368732123521404,15.188717497837418,15.11715971757312,15.984036310392236,17.58443037637453,17.63827656501262,18.49273760509933,16.63090404783821,17.22305612518403,18.40775930803248,17.365907717648295,18.017470540827883,17.42263324810445,17.725433425534032,16.295706914437847,17.501986834130125,17.181216683266577,13.50352409123164,8.718411440183212,12.591873776182055,13.370969065760145,17.3348181353703,18.474545889943627,17.39930637168279,17.80071032610946,18.32472605309723,16.504702316886203,18.656790712998188,18.61259505661082,19.18430634372065,15.763569712605944,17.775518483580626,16.05430260321703,14.5953437121416,12.418722279762768,17.56359065704205,17.61939601217972,17.251464759242214,18.782453115480987,17.274090477806563,17.645690720675624,17.08531778866144,16.640661730277717,17.9413671196201,18.373469866466365,16.55836660612838,14.82070712921386,18.548264314202463,16.79389936911933,18.523413036965326,17.62082234499366,17.338237208012014,15.151090565199588,14.077162672004722,17.21917370611222,17.964945812853426,18.26821284517987,17.513235593949375,18.770646948280604
18.885542820872203,18.005446205649896,17.40386534110124,16.839941432868866,17.081267759510837,17.109879569880523,18.28689055491589,17.8975504039733,17.489806442879885,13.351895258482328,10.244835418964357,0.0,12.088082768012102,15.154882727134714,16.944491387453276,18.411540211604503,14.078502102092838,17.503911061999407,14.99997667947212,16.987641029457752,17.118313945843706,15.527480576130952,17.79227797690702,11.977950842107896,14.104251636134018,10.094235476149402,16.909458542266634,13.386495128091047,15.273697057233855,15.07556629937366,17.759730483623787,17.711687960218168,19.039405985104835,18.30991882231849,18.21328095560776,15.998024444389465,14.51290077384446,17.449919866494934,15.539607460821257,15.75245368789867,18.935597472529327,17.126707969219034,18.199924906144663,15.007759470206148,17.891500514992693,17.509128763859714,19.54125012380369,19.84227572503521,16.64279403616049,15.061893482705363,17.57997172701394,17.194728833765023,17.017177416236265,17.42814046060387,17.5881666835858,15.513178006289245,17.596358279505694,17.61105779943407,15.202801201272482,10.770613601971183,7.872330894451878,10.737775214885245,16.434845478905444,16.46134691775001,14.289564931644914,16.25775789794644,15.793060088664912,11.899756298191338,15.50948451003223,17.129663534985493,15.715226159543189,11.171563844197983,15.039672947060724,13.143509318779872,10.295646636230146,9.124829957167744,14.417837718823128,14.247518549669074,16.860117084816597,16.907139646835486,12.030296558075475,16.797174773328976,18.360797081677024,16.509340445845524,16.623272771020286,16.782274956332824,14.422191430483023,15.251967024535064,15.026762572695228,14.21217172825518,17.621483084493583,17.65104026767067,15.954801605893392,16.336467868829573,13.3191672453892,16.42731485537873,18.298507643156277,18.31670803938228,15.87208051922584,15.937220348889172
17.21326228602262,17.862279665522184,18.291017909094357,14.862830830104716,16.630212999312835,16.9711072803326,18.29348090917463,18.21757339205575,18.50596522341718,12.03131441643562,13.71950939832592,12.088082768012102,0.0,11.95161271801032,12.319480675189428,17.287554392261526,14.621767516056254,16.75828334752074,14.637935312514164,16.93412468580085,14.871528524911426,15.588538862704551,13.26437228178884,15.699290748368949,15.511087370562333,13.639594180559495,14.207659367434992,12.130309163166432,15.77602763937974,13.400009043370718,17.570475493857767,17.638210276979596,17.67548226446965,16.33973441764255,15.535930928129988,18.09609677017821,16.47987170458602,18.11288418607496,15.86167609169441,15.000289157766913,18.68890853521985,15.689701694179329,16.99183292946079,16.821052786351505,17.32777838186532,16.807138730817453,15.692215847536213,17.24968928506529,17.53986228287889,18.800764829102743,15.797212363331624,17.343994632656393,16.736953952257135,15.530673175488731,17.74687914465338,17.68953793299842,17.806743156126597,18.8503450067936,14.448487066742675,15.10656493690509,12.381856161107583,6.845801476493441,12.037833852659777,13.990758649906097,12.785817396146246,12.397102208169864,18.202168528272317,13.320343486166896,15.747143484422098,17.627605694436973,15.126564302692236,13.595302969922637,12.894670739059269,15.111088579298452,14.045751575827351,13.249009011663205,15.88702459989766,12.645253058677165,17.239454630002115,17.92955297431332,13.790949706275322,16.358572753804147,17.061130242213533,15.627146856921042,13.664611391463438,14.01867870229863,15.787985946595066,13.494247040434928,17.947839053872233,16.7867102058389,15.809696667918486,17.73065137299844,15.859964029733264,15.461991393188429,14.507942184357248,17.578743591548665,16.191619718021045,14.921179050259417,17.965670306024347,18.596205597534603
16.239133223394134,19.3619485126088,18.551061732459416,16.635002224126954,18.38515528487091,17.24360850850384,18.89193290296525,19.10964216323935,18.62260030834232,14.008013555983494,15.234017484190584,15.154882727134714,11.95161271801032,0.0,9.98963977416994,18.212079755207466,17.07414026103764,18.321364732384023,13.618483789584978,16.548262165927518,15.019652410484976,17.817322789369488,13.890081153214863,18.19958077217038,14.046300602859274,17.68923891148372,15.408897808701155,14.531169415444216,17.614965285575355,15.459827692935225,17.816745192318386,19.2463215942972,17.976318239836754,15.761866946524128,15.75379490925796,18.566882915114427,16.456826992302823,17.239040784568044,15.462587560604568,15.972305041698617,19.0790719394666,16.339123893159883,17.98463212246544,17.437188930456372,16.22254709121841,16.312995668675946,13.8133957609373,16.761579621415848,18.330152278334783,16.997283548077153,14.785788769892951,18.22608270977956,17.806049979669734,16.795400533220228,19.070777194525192,16.66075663534623,18.47650712502462,18.85065913297877,12.436601205440972,17.375444215908523,15.57268572541193,12.102067548046362,11.680457361090223,12.723979795000242,13.006005048967722,10.056439670049704,18.9575540834258,15.838573972888264,18.13187262743815,19.046580693632173,14.850376404450095,16.462593530601676,14.483012429218402,14.965651370967947,17.531468927116137,15.35439211964717,16.65948871520072,13.475157954622878,16.016089663042568,17.731658046912955,17.28875020632119,15.021442920788449,15.84972265354292,17.211954322540397,14.632627613206754,13.53289895257276,14.793700866593106,14.14067064979488,16.560529917800046,17.123912217010517,15.423642187838754,16.13432557104015,14.288432668629955,15.885048311172833,15.220837783359606,15.755530465365856,15.122841268423365,13.476097715196694,18.578083052741565,16.866502022310968
12.59946480133707,18.541452674334412,17.54089135089581,15.769916611882056,18.67835755242392,15.783904933545571,16.794746745463,18.463517023083742,17.845119261081482,14.780974858887149,18.042920614770395,16.944491387453276,12.319480675189428,9.98963977416994,0.0,15.97960066970457,14.369677711835925,16.69253013904595,13.850459925064554,12.971719941118748,10.076557918618562,14.04752567942699,9.255132053406246,16.146791142933093,14.953786854794494,17.45022800164629,12.535993304750637,12.686691680161186,13.947483588323696,12.873269435239653,14.689779715226688,17.352573312751932,15.76915218626553,15.668077424082153,16.13579655777798,17.20527026708221,16.01871841213323,14.910046004663457,14.993429164800204,13.916500271862803,17.03065145853959,15.35508823209687,17.59092828366263,16.254829749688813,14.68030847468374,15.304233699316269,13.566406958194824,14.701854761365704,16.506189316140333,16.39578036891777,13.448204243198244,17.598403966799594,16.710301183436602,16.152986876848693,18.5475536253609,16.771634102805653,17.661850044413935,18.96219558575711,13.784170040505714,18.097767688876157,15.445360067800456,12.35562597836637,10.304013522949434,10.464213763607102,11.649938423785295,5.69429595505884,16.221370297975223,13.954657018233124,14.451217788327044,16.415398958240957,11.754539479075168,14.274831214633911,10.974636992043866,14.919689946857892,15.87112666082572,15.260629056071949,14.049648894161097,9.73441050843046,14.782253700769433,15.96793829838086,14.666192982517543,14.686613999397697,15.037775491080923,16.043424096021006,11.92565955033435,9.311064130057703,14.812293401037904,13.605243835466576,14.979911477879952,15.939674467207734,14.355554971532916,16.155206372535805,15.52698265538447,15.107796862432634,15.14541340581771,13.673589929232122,13.24236703909068,10.741811755962177,15.887600346413723,14.829032592677493
12.907032709974018,8.317437264346118,9.094335871749848,14.762975665074505,10.259259994200564,9.352418965736636,6.53394199943554,7.677145934645179,9.514184062580757,17.99021798593449,17.544155045890612,18.411540211604503,17.287554392261526,18.212079755207466,15.97960066970457,0.0,13.636663697138284,6.828879468203105,15.613542314226493,11.692459336956738,13.530869267217287,12.33735200576862,15.325930570373536,16.27099249651688,19.483271400385743,17.591169904361397,16.90231950727055,16.695670877335797,14.620780839585883,15.942404442898914,16.486325893314415,17.351848163156347,12.715601816340047,14.62572886616872,15.949255697045936,9.84543417011477,17.366424768279238,17.433541983197014,18.535803842289766,16.498597886389792,13.883903693133089,16.04526414664759,16.618680251186955,18.213424636148535,17.912272185680443,18.522542483094323,15.77515111043681,16.295573419183505,10.175225768831018,15.351614305302226,14.199824249523608,7.66209945275402,8.714405148121799,13.30546236997782,8.793746010123693,11.990080305864252,8.107278157679074,9.320920637527838,18.17561757243958,16.35807736825348,16.90869885126693,17.18057424909435,14.43229446189275,15.893163413483474,16.125318507625753,16.657109147098637,10.905081834216448,15.00103364188903,13.155849358709755,7.649197337487156,13.293616959725608,15.48400980005159,14.98843211786129,16.923353218194784,16.25983837775628,18.43924034201951,15.819078744034488,17.477109501364215,18.211729573121563,18.339317245410943,17.048734191844968,18.70826346675265,16.932128628957447,13.772671073778143,17.321285255335667,15.31666973580898,18.53739067168869,18.18158435703885,14.663483011906695,18.21461991088525,15.813778224560378,16.92983163909082,19.039477691810585,15.846378817505778,17.977142594085425,17.829662394598202,17.700880650798304,17.06078261224965,10.6283710407373,16.15230572057854
15.420460198054238,15.87087765331891,15.79256191418496,16.205315452744518,16.377347521856734,15.81338704298417,14.871962446994631,15.160715907733795,16.01248233636618,17.208633442851543,17.033053018738112,14.078502102092838,14.621767516056254,17.07414026103764,14.369677711835925,13.636663697138284,0.0,12.7628026889221,12.495168437577568,12.62807702743476,11.779991314893175,8.582500231668094,13.077137297733604,10.748397099297325,17.545866483347357,14.586423212149434,15.892047127325029,13.761101530435615,13.897405055850577,14.016837382275453,15.626161342736234,15.949024740474163,14.994843417904503,17.241978686140783,17.93238320848763,14.295100142027485,17.354120097690338,16.302226552397215,18.90630993735421,16.84652646562149,16.994056569504767,18.29350336157241,18.461091437040626,15.16719898091271,16.899930562395564,16.790143061961707,17.60691619388309,17.01151075966426,15.10831340446781,15.71003286927702,16.02297805719527,14.67996463311864,12.698187323377075,14.76771899986681,15.895483019114048,17.045435818550715,14.280943551027558,16.450334081445053,17.9622372723567,16.02373313811574,14.501548729389873,13.909465958541222,15.17627945884436,13.946334272152503,13.615626253445004,14.685916441555664,12.292817900987876,8.812084499580797,8.493309470338389,11.457858259937518,11.386364009427597,9.935477455571576,12.565103682413316,16.62319925241231,11.96353281466996,15.563284446619807,14.534135905410558,13.350697717977068,15.97539355836855,16.200600527871806,12.866786856133936,17.891702040956,18.09641940753181,15.810574106015062,15.969956965830672,14.015639864808568,16.715210827004498,16.838775469270168,15.046332822281032,16.36457171961674,15.831271468246324,18.324572657246293,18.23286369581723,17.6009507749132,17.322188323130646,15.183633322755036,16.81750834787736,16.493597695844276,12.857772896385006,14.104717085293832
14.649416156250131,8.06682114502815,10.029406540923512,15.093162057792878,9.415865543614617,10.249661933946712,7.301307242029376,7.057287869649003,9.363360184093375,18.863875618684325,17.31905882935514,17.503911061999407,16.75828334752074,18.321364732384023,16.69253013904595,6.828879468203105,12.7628026889221,0.0,15.263000658433436,11.52394060140723,13.98229941170406,11.1065000417237,15.042526859907742,16.558468295303555,20.276305483912477,16.080472291139852,18.25727022450001,17.455110701624086,14.578176268409814,15.65866248977834,18.199058784297385,18.93903645756016,13.707628105290627,13.64791209128736,15.25819579486136,8.245089046109875,18.313798033857097,18.663023230188344,19.123671861287843,17.875819030915647,13.891123521469074,17.19055436292536,17.321131248830735,18.504185255327062,18.040356336721672,20.19822574082748,15.7000324673409,17.005529553143603,9.964618568556208,16.06369110565612,15.663875563655004,6.932808973955993,6.731026803150272,12.645477338271396,8.224106199327533,12.678410998482326,6.279152038543734,8.787418252209397,18.62525117649994,16.672716644221122,17.00458933846676,16.450567723754087,14.63041803724865,16.864091436353345,15.543661123422796,16.7832951426731,10.890763726966062,14.077645771957403,11.911591155569996,4.941127100113733,13.571536208934551,14.491557056573088,15.08961606580863,16.562920516071756,16.777272560856133,18.83392834054728,15.346836200324375,18.624015867020617,18.674632834965223,19.265636821634686,17.49091610884974,17.940377450365652,16.73475353114589,12.113430346896612,17.378003497775737,15.275764773152256,17.58382465055097,18.932231997707,13.08127641876567,17.912508868075,15.428909153874615,18.763430018401703,19.021590327569672,17.433546781436824,18.40648359805917,18.165639545066103,19.09814482757616,17.052746951101994,9.43865226653566,15.922540350669404
14.057401545600772,16.795103762442974,15.893112410734831,16.46053294316039,17.175724142248903,15.153494244902316,16.94655087658066,16.559314507518856,16.866062811059813,15.87671042145825,16.48605789820303,14.99997667947212,14.637935312514164,13.618483789584978,13.850459925064554,15.613542314226493,12.495168437577568,15.263000658433436,0.0,14.885588146477692,13.64931958668392,13.793146502803555,13.740194008142565,15.374421419889892,17.248328294427,15.731737863035525,16.326168797608776,14.60403158817392,15.33657626637962,14.07250661839402,16.72304271403269,17.687896329337324,17.232229255522512,13.971870343434846,14.854466854035438,16.05129042574686,16.87934904944058,16.67531875263132,16.378104016153618,16.25304881085905,16.913966102726786,16.248507682227732,16.869188827957444,16.719459336072948,15.310937980497917,17.683012949871976,14.005728476937636,15.25213308237918,16.17843467864014,15.990211638572957,15.331347901662348,16.223760839460535,15.593081331029818,16.887148028688085,16.35641074083271,15.453356543605391,16.64700263623696,16.89264177724308,15.248024014646344,15.830349622099378,16.407057158727472,15.097657938352246,14.787742021625458,13.722329354468345,13.579220248000327,14.83602744754823,16.46511958967297,12.524131091136477,14.193573660444947,15.610085852707922,14.078836844140827,14.435858085338444,13.200652100456944,16.609984828430914,14.99238253229949,16.56458293831773,15.843539805970986,14.015440466691004,15.526151516939333,17.702845499056174,16.03911908608515,15.191902945020365,14.181616103161865,14.941188188055836,15.384425535549353,13.030406843223988,14.816253972089932,15.533224120072257,15.870318823016236,17.159602855736708,15.748188642509849,16.24063824752866,15.913595363180828,14.67144294058695,16.121129297470617,15.602505483429969,16.777642848490935,14.646126935130503,15.1882338510751,15.248813430364129
13.344890018503436,14.609601036599392,12.790283502889048,17.39601477056377,15.998623670373496,12.595967422819356,12.05111866123562,14.321310991431794,12.77848781423246,18.07619745122055,19.163264829568696,16.987641029457752,16.93412468580085,16.548262165927518,12.971719941118748,11.692459336956738,12.62807702743476,11.52394060140723,14.885588146477692,0.0,10.109076801528484,10.310201677229434,11.496763180554936,12.829059315411197,18.50311531266284,16.361621941712837,13.508778705388746,14.98597803381967,10.93794285540442,14.024354759583378,16.195914712842253,18.025873537765094,12.818942969402078,14.072201309348072,15.695021156732244,11.237035647745808,16.073095904192922,15.402815248164329,17.443898883549558,14.74861797010666,12.198643487249315,16.282249973316436,16.766669539835647,15.287190373071336,16.28646725533323,16.78144816083303,14.235498892253435,14.671260333965629,12.120481319719534,12.311551570960448,15.42859798610368,14.17163412099046,13.15275852481932,16.948779376939843,14.340491043409571,13.93531484088034,14.01951635736731,14.196216873788291,17.603317145261002,17.176627604484615,15.770699099790626,16.070257032250495,12.42559230149761,12.862095963227318,13.672886793115929,13.416823786398318,10.011709880186796,12.746697150666726,11.260951426728822,10.504322228181357,9.736508928095011,13.189524713984378,11.190615457505723,14.744208597596083,14.320722800206449,16.58989422613228,12.50979126683476,14.028432217256496,16.398424569582748,15.818914301044632,12.92112870102416,14.677874180502071,15.631610815333394,14.481714068156132,14.406400553942625,11.742190682864443,15.553273731204008,16.623863933301912,10.296638237850324,13.283443588459711,14.032487683994733,17.340732182708802,16.940814016841838,16.763924627829635,17.213357294336983,13.826084719524262,15.963912431119674,12.806676220530765,10.57157882388402,11.52376101415301
12.294273722316102,16.187797369992385,14.298434032757516,16.780586970723313,17.493441258624706,13.893131182265158,14.008901479693964,15.9368506313134,15.02749960164416,17.68940005299827,19.49659872495349,17.118313945843706,14.871528524911426,15.019652410484976,10.076557918618562,13.530869267217287,11.779991314893175,13.98229941170406,13.64931958668392,10.109076801528484,0.0,11.56166224643096,9.95150856901667,13.513698241199844,17.262629019260793,16.394551608863424,12.719949621640929,13.222279057381174,12.747537636176416,13.758083135328365,15.5026925366934,15.990529235610229,14.378044624781404,16.56132472213245,17.39871765613471,14.27116332628243,16.217393747101877,14.390904570022284,17.0535751957864,15.405576892885632,16.535794825605244,17.34357256611431,18.23671996397684,15.830753693672822,16.006245741175928,15.837827127953435,15.877365807307156,15.25345753480699,14.450777880497837,15.59162396880838,14.519826253928024,15.460160255656776,14.211039710148626,16.242388410807447,16.23469788129497,15.489796069153128,15.38953212821172,16.37618892151791,17.69269529368722,18.54199868306097,15.537415170070192,14.008547231056909,11.518278626831524,11.502123875348785,13.728026820337387,11.52265540704285,12.630983959699323,12.69742599270809,12.078810761700533,12.936846456228944,8.860102227923393,12.898318298396603,10.530820087143068,15.26661373798593,14.821731764615212,15.827787193848426,12.629894061499378,10.175335984577336,15.7653531785538,15.232141799853297,13.435345547092258,16.153853290532652,16.88283996583882,16.726127784179933,12.483256655522489,9.911051363335108,15.98393082074482,15.6576207377506,13.610874372786798,15.075005979610044,14.343062573420982,16.858538197425133,16.39550751264535,17.147283935744632,16.965605569255125,14.80624508548091,14.192742210027514,12.541738014994223,13.364474580704377,13.677462823555798
