Var0,Var1,Var2,Var3,Var4,Var5,Var6,Var7,Var8,Var9,Var10,Var11,Var12,Var13,Var14,Var15,Var16,Var17,Var18,Var19,Var20,Var21,Var22,Var23,Var24,Var25,Var26,Var27,Var28,Var29,Var30,Var31,Var32,Var33,Var34,Var35,Var36,Var37,Var38,Var39,Var40,Var41,Var42,Var43,Var44,Var45,Var46,Var47,Var48,Var49,Var50,Var51,Var52,Var53,Var54,Var55,Var56,Var57,Var58,Var59,Var60,Var61,Var62,Var63,Var64,Var65,Var66,Var67,Var68,Var69,Var70,Var71,Var72,Var73,Var74,Var75,Var76,Var77,Var78,Var79,Var80,Var81,Var82,Var83,Var84,Var85,Var86,Var87,Var88,Var89,Var90,Var91,Var92,Var93,Var94,Var95,Var96,Var97,Var98,Var99
0.0,16.044878764857867,17.800162261771817,16.24436856892132,17.75931108953895,17.31409471875473,15.875723167035003,15.004781021299456,18.843417194806303,18.753524210003675,16.880521180199423,18.72108918860345,17.79131218118813,18.322461819415047,16.855658523928152,15.073999568117824,16.800911828978844,16.283306999361542,15.70781298546344,17.238867971953038,16.88890603245037,17.06023594273023,17.3921380464076,18.03260962835622,16.69251407805522,18.64433192180593,19.354091575708264,15.785468372048978,16.57709465134529,18.129259723478512,16.825640324468964,13.117593173442769,16.404277540563058,15.923944222039824,17.615216257783654,17.709459096351136,16.762539244149526,14.75095790084509,15.43926504770838,16.626733797999243,15.83518836962153,17.540570054199677,17.84573671639814,16.672659153637564,16.314493267892914,18.077440003430304,17.90546790172864,16.431256622946176,17.119337755782492,16.19516159529517,10.63447569736678,15.853948861893372,17.032799338392426,17.717436214633565,18.49997350209239,16.89459858183836,15.08051700486516,17.101097936118123,17.455237295406544,15.805087594583703,17.691169427425994,17.029692818455608,17.526364897081084,15.493104290419874,15.968574541697585,15.58817434937078,13.91515962534448,15.417004489124292,15.658458363136896,16.116437504627985,18.08197116412088,16.673876464386414,16.57974682199506,16.831443387449077,17.794070453292886,15.24833957758037,15.19707035747468,17.51609956079352,15.80190591630552,11.646280768167683,17.033452559042058,15.43091008370987,17.56855905458507,16.45033572739912,18.85215920001738,17.0856136569453,14.697469394101187,15.791077115548932,16.750347809308717,16.831430518247213,16.839151724957585,12.63412442843072,15.487097310601564,14.242154461502706,17.134645433600824,17.268520552694344,17.438339084517786,16.63977385997818,16.75136551459779,16.640083285333606
16.044878764857867,0.0,13.93572926535827,11.104534603938628,8.393027406651735,11.425208210354471,14.40704008671308,12.604858064669564,15.993138494959958,19.15107050516265,19.030826693770035,18.98294089504404,17.345407337322932,17.67265086690957,18.8676132546684,10.622960100732602,17.375283456995156,16.480978972149426,15.666326238966503,18.298442034148227,18.21183233311209,17.860053107882187,16.420706474337717,19.229938029565595,18.845945042565813,18.986875299926645,19.033146996747885,17.879169165061082,17.53455782853193,16.42369932773869,15.66658716690031,15.302566282990131,15.953147969657838,16.631075718840883,18.045514296007795,18.08408558104331,18.624407564951703,17.423373974770584,15.499044713177469,17.129527053140457,16.87335860811836,17.9555634085971,18.06600684660088,18.373619693301457,18.05738100807305,18.068460190446046,17.183985038277264,16.8179406229759,14.687640537303077,17.338749695155425,16.46559939150601,11.334998685705596,14.179270899050785,13.778323093331917,13.008781519885712,15.077109631013489,14.000074076549389,13.86192530816848,19.15115066222628,18.98778728646793,19.921950171709693,19.15763066081113,16.124120485175638,16.029876468101076,17.949021602065482,17.85794997644251,16.317252511823924,18.02486864331231,17.125630414256637,16.74649297292832,18.29475217074426,17.100824567091703,16.388926198022382,18.392649140071786,18.81057216242035,18.727279887254937,17.512897043903777,16.761366186483627,16.404022887480046,15.39634219878485,18.406217546941704,17.688474646044895,16.84839153402103,16.977406624497025,19.076593693107736,16.15908048107261,18.56754635975674,17.243233923603313,17.34792004610188,19.999372292675417,17.617201307615833,17.998036773865767,17.98126993895943,17.22868886665813,17.227026760888396,18.89701238155011,18.146124574512545,17.25414462397005,15.720646984032951,16.611009359187918
17.800162261771817,13.93572926535827,0.0,17.594316160768244,13.161701348580468,10.557760335251784,18.40664117896541,15.694417834484408,15.243293788545117,18.31274118729941,19.688069508988768,19.929439056906435,17.845412213698296,17.067585306350477,17.870436486019063,16.938041795535614,18.705124561786235,15.663770856196017,17.50024384415177,17.08353420857469,17.107936699647702,18.948793710059963,16.684033024853115,19.840371667398102,17.901037461198484,19.857853577512536,18.797614932083395,17.08657270776582,17.0120564489703,17.21915458181834,14.410749192090012,17.184599717783193,16.123030936404625,17.919933669065998,18.564984131400664,15.030714791526648,17.152053285626533,17.605056122188977,16.673395397955506,18.75640515574113,18.28540727815413,16.6642234460387,18.95719560247697,15.320601563578617,18.127388837310637,19.035292416204005,17.1168644562429,17.20323159040983,12.718038992919462,15.41862845115926,19.45611216694627,14.945995377570162,19.412068484698874,19.188790982816048,8.549595040878,10.359776426611656,17.24824146358259,12.62121396563698,19.677022764765624,17.095394170498615,17.247767087366167,18.484000274193463,15.805354962765444,13.921628668816094,17.657218999632473,16.786376858900233,16.784541372717502,18.411807054605347,17.61784836045508,18.15145869609868,18.23377078848306,16.89833365789508,18.08632535675676,18.2195071287734,19.343496371418297,18.98735108937284,17.45590535242986,16.525059441044913,15.391518386951008,19.764690465103037,18.770169580858177,18.141204159919862,18.98266353627269,17.63535843754982,18.78388704246174,17.337149622012877,17.892541097123164,15.307661151452573,16.403702528711058,18.103486277555437,20.731905010216416,19.94714358588246,20.01895620906229,19.37955725974261,18.415386135185347,16.873520482740094,18.654449572668884,19.124219901177742,13.044907596349402,15.430170704986493
16.24436856892132,11.104534603938628,17.594316160768244,0.0,11.09492217569088,15.090875857257869,15.771950055041312,11.989399288658737,14.719956063176255,17.8925613898442,17.13362685588893,18.86489863676563,18.69811517329232,17.375703669666695,18.69361071020562,11.777609409448932,17.120942741079094,18.37500739508961,16.251549026927794,18.11267622135653,18.536306358345094,17.654075309704194,17.877471426927972,19.53969599529775,18.884158223899263,17.80329280688552,18.403643472501017,18.14236741067993,18.14960313438416,16.540466703358767,16.904132639954874,15.996684657971455,14.911161560989738,16.386807374633623,17.3309458726268,17.617615634352887,17.697834947245763,17.308430392352864,17.314073585883307,17.63164966695687,16.120084329524587,18.623151281052163,17.482774289650173,17.215894496452403,15.761007735962908,16.257199211852413,16.45578582704292,15.114174844418208,15.070207037708917,16.448454338252755,16.701669610721126,12.627190370719855,15.084506456155164,9.333075357604027,16.38828047715037,17.19232015821854,14.28916298655746,17.057080034068914,18.69055421969832,18.463586333315646,19.97773301613104,18.26887855506537,17.065583343534257,17.483634632218962,18.7982754910986,17.27714538793326,16.517292345824075,18.188810372138786,18.37544119518002,16.243973360069468,17.831773570162532,17.324630769188296,16.426683769045074,17.73397165930747,18.801232083567232,17.2944241087213,18.209302139243324,18.11438828761632,18.045207268552208,15.042508471568931,17.019160369599327,16.738131149214308,15.017151435050584,15.789510904392564,17.159549988594513,15.779856286153429,17.294631917340354,17.459984023883205,17.466926326008167,17.61390306445343,17.518918508052828,17.983764778407327,18.730556822058336,16.2852066305898,15.857638535222623,17.11552160425985,15.922057648577724,13.82547180522362,15.768897360082352,16.118820034345195
17.75931108953895,8.393027406651735,13.161701348580468,11.09492217569088,0.0,11.527606596161478,16.530237256526192,13.639775621313726,16.543609103273596,19.46158366106576,19.669506094539454,19.61846251387541,18.05617483773184,17.52202229870656,19.12788056665737,13.160264076418857,18.552539904872788,17.462228730725414,15.83266089080131,17.703251202913396,17.686820429702188,19.018727931437343,18.768289939705117,19.044532312670743,17.51556829882014,19.490379812029808,18.5904225814972,18.94093740977395,16.594485297349788,18.53321231268737,15.04823407662352,15.744422813569631,16.715548043086024,17.891885348479775,18.571072952722727,17.25102377272711,19.19595506701805,16.81470906399198,16.221870950066013,17.741596252339182,17.86605955801364,17.58098497149801,18.74689995710738,18.518463100855985,17.50664880995981,18.39418052524349,17.209381954716452,16.96501632991583,14.318530662575276,17.129297452029583,17.55906017513777,12.211596430717714,14.801681913055653,11.988326396712326,12.15715563052331,13.532171993360215,15.95617175553701,13.802105984360844,18.379005065393248,20.01503710381673,18.876817604136736,18.86201280763352,16.705510545484287,17.236974351055814,17.835158300952347,17.94777243318346,16.325691748044402,19.27083542748229,18.46950300595737,18.22791742698669,17.481479115193185,18.71677590816681,18.174508898213848,17.13873815662998,19.2287998050492,18.27417454879474,16.616882789244208,17.557737395139064,14.714057279924438,15.721950363236536,18.215144992216487,18.933684614027477,16.389503653676773,17.830113887102076,18.169540074541683,17.39368747215008,19.07495974856751,16.96381561016749,17.78512753079451,18.982188043242957,17.568997860403538,17.817626602146266,17.727216789435694,17.222957563115656,17.851411125860565,18.248238167191957,18.188340227725757,17.732210545885536,15.713833421275408,16.93363281306058
17.31409471875473,11.425208210354471,10.557760335251784,15.090875857257869,11.527606596161478,0.0,16.628301575273206,13.299068594517223,14.580440200786471,18.625106880094517,20.999350129044146,19.76020839202752,17.765221320326535,15.422166435353995,16.65966743247396,14.473504498273035,17.672649311246364,15.65173101719908,16.529677270086317,17.307778346758656,16.90017321166883,17.84547125072161,16.422962340874335,19.36376273576243,17.86067098878447,19.83515565434656,18.11905593531428,17.392620021449854,17.096723267211644,17.057048227538495,15.10766806461958,17.395045327207416,16.500222983601063,17.15661907625354,17.39569969656649,15.53603707523876,17.31811723092083,16.21993424148203,15.541808468053622,16.56056762746271,16.6391382207557,16.540830723477804,17.4988996035551,15.2066592288471,16.56996937953037,17.694823009297146,16.101267149491004,16.170674963356,11.033083579998454,14.917739032295191,17.921119089367814,13.216043723501404,16.946108342979453,16.477866949629217,8.05596634245399,8.864815505677738,15.89641170860657,12.864843835869852,18.551589407251832,16.669045067833636,18.518419612500185,18.994745016023344,16.73728568939629,13.939417541120218,17.078137737626463,16.732791290718016,15.674574122766542,18.02541480076838,18.0170061594867,17.75738421883293,16.74783624609057,17.153681029846506,16.9047015913503,17.311982810837645,19.165842941731015,18.53940144820552,16.56855190304522,17.408643632441485,15.489542901484796,18.19398226942061,19.31644458269521,18.46478767738466,18.04896171447287,17.98963515481049,19.36346999665145,16.93184289193249,18.15092415330142,16.972748951277058,16.01850349830291,18.962272227261582,18.0840013306444,18.599247096469004,19.40588455289189,18.318935046439293,17.972402252889765,16.580885473321434,17.687271386043427,17.039931167494863,12.25478473467006,14.966900187152662
15.875723167035003,14.40704008671308,18.40664117896541,15.771950055041312,16.530237256526192,16.628301575273206,0.0,11.40571592367052,16.770424377894983,16.317151557518468,16.644381255135325,12.65352410543746,13.803518917883512,18.16571388193141,15.43086514924429,11.44952508731116,11.076791509813027,12.682836563936243,11.705283416407566,18.452603834874004,16.022403513751225,10.287322682174183,13.223790779340078,12.866855468624772,16.446837771919043,12.035635473995198,17.290619842991447,13.87184286638616,16.100826903267457,16.977453436963277,17.26697951931769,14.412347211606072,17.727631448525138,11.527811698478017,12.616776986137408,20.32029020407284,18.60122413855268,16.764621003338902,16.912312349325465,15.96525682589013,16.173236090012114,15.631750678441902,15.303488484081525,18.07441770275377,17.497931022277196,18.468624215563626,17.816364578603476,18.374316577745923,18.53189988794798,19.620381222747213,12.667037730018448,12.267609338823084,11.128082504509514,16.315294604794843,17.47041341508763,16.591870821337892,8.36578964538501,15.036473742245404,15.869917084636675,15.376083683162353,17.384606008517014,15.815013811733216,14.566475202751915,17.39135393297846,14.9190885106677,16.944323583391697,15.382673964314655,12.714518178922678,11.4495075126514,11.565451832180765,15.947433977553878,14.150805853607029,11.67953395905957,19.371509038810924,12.921648951708953,13.60542456190363,15.665067602093336,15.477838601041974,17.638825385173323,13.63239192856889,14.872933598124062,15.735232389697352,15.562346438093128,14.90738923219364,17.870713949064697,17.086726358402725,17.672408484546,18.300108037493704,18.13923544887936,19.56481590595607,14.985369874275904,15.14854779661636,15.74897570148268,15.452480776398714,14.90755290138388,18.264535114748284,18.806544868214356,16.688626412844613,18.001565612523525,19.19181950114731
15.004781021299456,12.604858064669564,15.694417834484408,11.989399288658737,13.639775621313726,13.299068594517223,11.40571592367052,0.0,14.696812335333831,17.339846510285682,16.92226134992484,17.126471435686646,16.97438122151587,18.01854655847044,15.180539023092436,10.870139406553584,14.561748998418777,14.763109710467957,14.443000574027687,19.331277418374263,16.170107567770927,14.602749121789335,15.392373391105112,17.66056602003082,16.644488545340124,16.489159337770896,18.90885063125754,14.527244433381098,16.89844589070816,16.333848837551965,16.5282246803532,12.958434332966425,16.083335670477464,13.938485963025702,14.911004568251794,19.205056024964488,18.104347813200416,15.431306289996886,16.03427297378158,16.484576631620566,16.63782392403175,16.332812078439197,15.85871006905604,17.09793540863695,18.078433809755555,18.237534623555227,16.846516566599647,16.900989206815684,16.26644327476803,18.530834814143525,15.5040879782808,8.695684883489657,14.919533647393706,14.774291205030185,13.781853919487313,14.470947578728005,8.220271204507107,12.19847974093298,17.832926116732825,16.023503566899784,17.493580231033043,17.093664811927013,15.702970886078411,15.250293518802671,15.617605632772184,14.85623061685398,16.58917292452892,14.98540657746275,14.755433305617798,13.0678523961012,16.956764681779557,15.387456560622567,14.883537610903833,19.86432396781129,16.011637956267727,14.628586286530853,14.786905479218394,16.828538720173853,16.79689518038172,14.205713267436597,15.653699729964504,16.950335309921154,16.17470915727311,14.52815444048527,18.049532291296263,17.506603067117787,16.64666850908949,16.33375394105642,18.16838110063198,19.166309982265204,19.20842892070988,16.78561600916536,19.30433040784007,15.602613513238026,14.511597291472947,18.19766846914129,17.484496811013177,16.496788362862258,16.0505083015762,18.253437245739526
18.843417194806303,15.993138494959958,15.243293788545117,14.719956063176255,16.543609103273596,14.580440200786471,16.770424377894983,14.696812335333831,0.0,13.863702807874215,17.44964658328487,17.70858866294266,18.03047090552868,14.715965617724097,13.701123598704212,15.678585849580688,15.985799082441725,13.149049066416936,16.261816949014605,15.907872656969849,14.308003717445027,14.840758384604475,12.265526132146023,17.54556147298361,18.31756030504845,17.18328787800534,14.070114989929936,13.690052339300957,16.46185213158455,13.93979546836155,17.049356412776106,19.175771011964628,14.628403285920449,13.388951828979032,13.173621265843368,14.178503030912776,13.507892640829247,14.991622460033453,17.258063338979007,16.952112864540133,15.087323826783273,17.962245409243064,14.44630280757386,14.813315598336278,15.009737742827433,13.199147793894353,12.914742404092411,11.747364016776428,14.580076014779856,14.596357135638373,19.39370381374208,15.670394897522415,17.950750573816155,16.8841492174883,13.283808455116873,15.965296788006452,14.680188203289422,12.455252045318575,16.880607883110077,15.742470497779175,16.565024015692952,15.463352884532345,12.1752671958253,13.62099700865856,15.975852188913873,14.638893851667186,16.635608271267824,14.61329525558554,15.694228160848578,13.947382980007292,15.329523191221504,12.701166294141013,12.745655772748544,16.63182253646083,14.39631749771635,15.9783558589175,16.038706788967144,13.838414370359096,19.025581858081495,19.95049786868503,14.18940625746632,14.612380149146537,14.888656566113143,14.352871979133443,13.711249404968228,12.33711680493792,13.41918794580387,15.02927713873456,13.87709361711762,14.444049616479822,19.301372710307238,19.85166521877209,19.865972248935737,17.819385047290872,13.47263707316373,14.790338997793086,13.275967750027377,12.56301780400234,14.99580077631293,14.211593436778168
18.753524210003675,19.15107050516265,18.31274118729941,17.8925613898442,19.46158366106576,18.625106880094517,16.317151557518468,17.339846510285682,13.863702807874215,0.0,12.774625951352748,11.678936394681724,14.393657061020496,14.610156710183944,14.075748715487054,16.459637970388755,13.311184264561456,15.219161588438498,16.906920465570064,15.341460582086698,15.118245619539994,13.803451977022924,13.832079740616186,13.041343670304768,12.842465932512166,11.652863393408486,12.346927916947804,12.780547065484477,14.954203761060532,14.359327405405468,16.021476233900156,18.471945361367176,17.06955529061686,15.154144692121903,12.791838001345706,17.120419057201158,12.971728755636104,15.398186485829576,16.737342038281806,17.52177457178785,17.476745357122944,15.04517634884616,14.859809845997203,14.30303019032111,14.963457914320465,15.244796051889786,17.49518186073827,16.97127115952872,18.37541562661735,17.782693045490625,18.078912967197763,18.04512701257934,16.14842911448914,16.819138603593206,17.635964797330157,19.13540103912823,15.862385642611532,16.601891986168248,10.8666980728931,14.364247739114262,10.731550054391548,12.800118053729726,15.013486299844008,16.998695032501956,13.935543123968827,15.71878732286108,18.47589636857688,14.83684983415031,13.090276993111,13.674987001833133,12.280114902134638,12.441182795471423,14.642024236981138,15.710014587918732,10.582401872538812,12.484650022218672,13.43659514214334,14.48243174618492,16.298276186245666,18.30123210996617,11.04020257969867,12.827595674722636,11.418305280662636,11.780146396649636,11.309083464713227,14.155345013454696,14.424786924391656,15.205773687593812,15.394351375351611,14.321979914424302,16.046822468319583,16.46352712887289,16.106504728393976,14.467746076638024,12.355659482498668,13.62917541027791,14.488361055838912,14.77207045645215,17.257437017099665,17.472575413081206
16.880521180199423,19.030826693770035,19.688069508988768,17.13362685588893,19.669506094539454,20.999350129044146,16.644381255135325,16.92226134992484,17.44964658328487,12.774625951352748,0.0,11.433675952606649,15.648497510788944,17.120347864471626,16.97272491117964,18.150967633329667,15.682266580503343,18.052591467532693,17.223465118118074,17.369402610205086,16.777789376981904,15.355121444447196,17.092942109018725,15.598595209304833,15.599197684623784,12.742644078550512,15.588305965704794,16.1703827866922,17.342481271882008,14.894497721466497,19.39473556655126,16.23332204190375,17.8505316586356,16.410735499952626,16.118902805541147,18.427962288781117,16.304915491522028,18.07263448151622,17.070516431658522,17.145671341233616,17.549679090458497,17.98089946038599,15.519462578509108,16.52621913875563,16.594652224609,15.74990259475766,17.525003805485152,18.25853366398273,19.50794161750029,18.443089488929,16.924890913306445,16.95732776960644,16.483223756198182,15.660083088530312,19.953210231551743,21.04827088483101,16.308881049647603,17.99812853438679,14.015873364160868,15.965058273315424,12.818108020948085,12.676889262027428,17.178319926754213,17.418761811304478,15.464336253804534,15.54675721033232,19.21498032600947,15.017441393073778,15.418894348623596,15.477516210534889,16.62887629015042,15.344411283886489,17.524921750518047,17.86113526415462,12.60835123895501,15.007919459266208,17.017236604235393,16.57961778444274,19.37588561406676,16.43944663700416,14.097873942183725,15.169725039983035,14.171286922670424,13.840027679216114,14.357973652953223,17.350969980904132,15.340858729739134,16.567290964854458,18.36939657140525,16.703775489002556,16.59482699040811,15.17411114470723,16.76241404932549,16.341428635792504,15.828269192277986,15.753167248754709,15.683716222518228,16.696748730630855,18.851018214340723,18.284367761022768
18.72108918860345,18.98294089504404,19.929439056906435,18.86489863676563,19.61846251387541,19.76020839202752,12.65352410543746,17.126471435686646,17.70858866294266,11.678936394681724,11.433675952606649,0.0,10.05710874284083,15.738184630452128,15.2187916301165,17.187132635040935,11.887283164702191,16.150900163179223,14.62301438325442,16.77135173596465,16.57215745045421,10.733081391739669,13.854280035487362,8.766171287525534,13.366743785358684,6.9512314561270445,12.277679209713208,14.16415563112994,15.919329485204,14.798749740802382,18.52509631546189,18.09547594508143,19.649515652858643,15.384440104000731,12.776583300157776,19.402775371196167,16.55055529224393,18.32182544342919,17.84789715879876,16.263855469634745,17.899500045429892,14.357380621454157,14.033910703546656,17.700344405620267,16.39804673922426,16.069482357495833,18.35780991452009,19.57441472121212,20.11986051916031,19.7375367279974,15.666456452271277,17.495999723218027,13.334720095408096,16.708580134511816,19.71072852419333,18.962483345365783,15.606782832593638,17.856409868701103,12.291456229738822,16.679914147895623,13.469045193945304,12.599580077030136,16.001214787841892,19.58213365511867,14.291450140109667,17.03215860537081,19.037368073274497,14.689628708199994,13.018256192155524,14.926655742919207,14.12350190805195,15.167581437740806,14.256914440498475,18.15651626290608,10.296060600749083,12.9872627623926,15.429729848550114,14.728380240217303,17.788484356575466,16.410140521861635,13.07977843917116,16.096941044807927,13.813102811262594,14.568508553776503,14.41394701895087,17.32631523736687,16.52207423476762,17.719523726908843,18.20048944699788,18.009076052939932,13.498994537781488,14.943107484538409,14.394226528235745,14.878986190478068,14.739416718156082,16.95052265765376,16.591938737611716,16.813107742912116,19.732891483123044,19.39264745373223
17.79131218118813,17.345407337322932,17.845412213698296,18.69811517329232,18.05617483773184,17.765221320326535,13.803518917883512,16.97438122151587,18.03047090552868,14.393657061020496,15.648497510788944,10.05710874284083,0.0,17.033894707338092,16.352906020110197,16.6272298909574,10.876494664772007,15.305180122556472,15.376355717325731,17.20614092724778,17.41602248528399,11.33621058907436,15.403420967036505,11.516329846764997,13.420378903708327,12.033964021975004,14.67775654987579,13.911863739623264,16.562144900449336,15.35912021457253,17.33476685808439,17.34522248704333,19.266901270334056,14.728911074592416,14.09595848337735,19.073743775207674,15.933277753256652,17.88549309174632,18.365432770248997,16.205641597393793,17.673806461622735,13.928204721716511,15.095465912245784,17.074674127524855,17.380642470231226,17.351096120765725,18.10240594099264,20.011008379529,18.97327898587395,19.264655596626955,15.423129979432952,18.16787391417878,14.660808941528815,17.75713420806553,18.446134896739164,17.79975712096469,15.84891682065921,17.35312284772214,14.587974065903268,17.397256621773153,15.136665798881571,13.570723634099684,15.988638229448982,19.334779190005904,15.610031129564172,17.2953993181771,18.981029777453788,15.876115934341204,13.940835286220365,15.614287635299672,16.530295111203536,15.428219665019904,14.75887830842041,19.21770814596706,14.450700069171983,15.428154122492067,16.52226219114263,16.619574925763814,16.871229027371037,16.471870305400422,15.576204047198797,17.163845356078248,17.24302976554687,16.977590532953997,17.43567061464637,17.917948052543228,16.351262143250736,18.229715945802745,18.05283125406632,19.32518515759817,13.496647037645332,15.725556300923325,15.395385849321618,15.174466069633468,16.70280405906745,18.152609490293507,18.539014683647945,18.054587266520063,19.701609799442625,19.102640624796862
18.322461819415047,17.67265086690957,17.067585306350477,17.375703669666695,17.52202229870656,15.422166435353995,18.16571388193141,18.01854655847044,14.715965617724097,14.610156710183944,17.120347864471626,15.738184630452128,17.033894707338092,0.0,10.918256862254731,17.41426428135453,17.267000347316255,16.50724458576039,15.051104071947742,15.65788816491889,13.613601443542317,16.361104015196354,13.141115276478734,16.37315937273701,15.643341179471152,17.431822488968596,13.679013349424675,17.523229238647282,14.74280975585304,12.75767169045712,18.884830633844008,20.369404626482268,13.969174260731274,16.422844893094915,16.732516454563513,14.486285015562862,13.71852739863579,13.962313718961614,13.330521048052285,13.766743174684612,15.314770064880149,16.141048894531046,13.907327895228937,16.649955140783177,13.81531397999035,12.595721242149914,13.780715322758263,14.054433145949393,16.900200575408693,14.787091460487318,19.88848471269155,17.54201288886261,17.626562681023216,16.81770508398514,15.262529011114571,15.565205969851112,18.76137870326501,16.316525272438692,14.39891549105444,16.143660907914253,15.439261047598952,16.396010305739477,15.920343786915144,13.562501965250483,13.205663441407284,13.145888253293146,16.94321153793824,16.854451081135675,17.87289571114589,18.21924375576849,13.940604762985387,17.04110725562466,15.146456306042271,14.542086801365013,16.321555461425206,16.288018803056378,15.462979882925328,11.58586550854766,16.377446118811278,19.587080188382345,16.359898607872395,17.196992608472218,15.93567283124458,16.63712880141404,15.190219554191202,15.407419398044103,16.678187419923052,14.253036746325256,16.679697124919546,15.577846506385194,16.965560285184026,17.227783597962848,16.68789358453737,16.620907242013768,15.677661793037336,16.13140653822748,12.653605410361951,14.94156319239184,16.755857100350145,15.966694721268125
16.855658523928152,18.8676132546684,17.870436486019063,18.69361071020562,19.12788056665737,16.65966743247396,15.43086514924429,15.180539023092436,13.701123598704212,14.075748715487054,16.97272491117964,15.2187916301165,16.352906020110197,10.918256862254731,0.0,17.323593482112827,15.407353013921512,13.317556662881636,15.10047873998368,15.0879956824778,12.341784851098774,13.66559688774481,11.399106383600666,15.282180689399963,14.501364331782396,16.75538743537338,13.7513146169708,13.052319314254492,12.669645771171602,12.586629095040042,18.69173400507333,17.998291692847264,15.09451047989759,14.149785063894631,14.503816811589274,15.51678462418922,12.604275564187484,11.15564193010722,12.292124510176246,13.254933771973654,14.10511303819866,14.608381917798573,11.842354205751649,15.652636815685524,14.021374970363135,12.41652626620811,12.105500090548931,12.82470270121285,18.030204855541577,15.190847134098949,17.831082188768466,16.308784052753488,16.76538339312967,17.84947678441227,15.926560234366583,15.561183298554855,14.989887450340776,13.409562497519763,13.49849911453816,13.514409912490336,13.920334199904728,13.781994824405691,13.603960335391427,12.453510606011548,10.690430619591586,8.361398569236544,16.303634082377464,12.665206421988298,14.786120992846874,14.899788361504438,12.796725163255063,15.035345849414052,13.970680920419108,15.959232120864442,13.666840985500912,13.789462667674515,12.301754507207688,12.2483519139728,15.478258925946232,17.85185963701713,15.268332648822229,16.01754193382026,16.211420993282626,16.343997308945205,15.434219191882804,16.138578237919482,14.842258533788137,15.110806923040071,16.421630138978404,15.175146112562455,17.00641474884191,15.63059581284026,16.28008427586709,13.920294990393351,14.415723735385903,15.595167053762331,12.62459097057232,14.81225386876562,17.637436528171495,16.25183313585714
15.073999568117824,10.622960100732602,16.938041795535614,11.777609409448932,13.160264076418857,14.473504498273035,11.44952508731116,10.870139406553584,15.678585849580688,16.459637970388755,18.150967633329667,17.187132635040935,16.6272298909574,17.41426428135453,17.323593482112827,0.0,14.04327554869784,14.973786189949037,14.190028794382483,19.347637500750352,17.283072783546444,15.78094709226616,15.507091785271772,17.007414923335595,16.560039536483476,16.319299277626484,19.26479584995766,15.590368058210284,17.933420909608074,16.774113660158083,13.487007857383984,12.874771934333832,13.872135569853247,13.46595121694242,15.794383244602129,19.443901716938324,18.682395054792032,16.075589460967898,16.541106921617782,16.718394838007722,16.91177933131204,17.35398647638268,16.603691105434002,17.986312263262718,18.29392843858393,19.38050051703243,18.370893281150977,17.664251959063357,16.59534524492522,19.234639348593632,14.974058398617656,10.207028416480014,14.20868631816453,14.849175999816977,14.900244370259166,16.90582260248081,10.730812926442312,15.50273347990648,18.08473013074719,16.750362437661238,18.32479313630753,18.29217616481993,14.405231847326585,16.234290559261375,17.237528574120265,17.497825293955703,17.211322160164137,15.900449571509276,14.89162513565978,13.293845202414682,17.75264753853579,14.728947055100644,13.526534311819464,18.9146992303563,16.274306063103356,15.165184379059117,16.25382012184784,15.404137070062314,15.239076300662177,13.727685058840388,15.010392476401272,16.79160807009252,16.12024344882931,14.410398733077454,17.33754544671534,16.384772277325773,18.418282919384723,16.718902243927296,18.268401572614177,19.728668922002097,17.989218265340998,17.746547049416257,18.210927416021715,16.27449501516429,13.99412996147225,19.33086213920246,19.1425382240777,17.363975214831616,16.72506102112279,18.96688696264805
16.800911828978844,17.375283456995156,18.705124561786235,17.120942741079094,18.552539904872788,17.672649311246364,11.076791509813027,14.561748998418777,15.985799082441725,13.311184264561456,15.682266580503343,11.887283164702191,10.876494664772007,17.267000347316255,15.407353013921512,14.04327554869784,0.0,11.434389440817869,11.488351172496856,15.945567978308548,13.987901386605106,9.563872277367356,13.76378662362326,10.502072004237329,14.364778380307564,10.923180358063204,16.128830631954028,11.614861575277263,14.336517513885669,16.905184590942113,16.948509919194773,16.741671346535167,18.191398765553437,8.841246647692293,11.761092331800295,19.47932095734944,15.1452824880574,16.609639142853137,18.52110525817044,15.597723014873049,16.104654472829473,14.771423757385616,14.918244183914284,15.239720015242703,16.133456138641723,18.18768644704051,17.893823665452175,18.4886196825073,18.36317532107609,19.076667262231275,14.069004136964754,16.86322421956756,15.100207177164776,17.64583397338038,18.17546054385636,17.35021437674879,12.858908059835509,17.86840813183018,15.004949231608697,16.34797025542646,15.664934858311064,14.797869622737483,14.510210259970146,17.518242451356794,13.650464401804909,17.103799418176635,15.535073166209305,13.606086113130578,10.34922240250958,10.107771961208982,13.7916141412354,12.107602291911322,11.215121903231504,17.575240659886504,13.163213982229784,12.35812961512703,14.471032266925668,15.621787618722983,17.552040843172385,15.899817975222158,11.897130840480136,13.35902459672366,14.692487852741062,12.799666180484728,17.448251546771097,15.75192089188232,15.042597222870963,16.812228907588363,15.900231904962002,16.623116785113496,13.73348932862896,14.916548662208925,15.840494340792423,15.346832973749288,13.724949613582504,15.91376212297829,18.93518167959869,15.143698046403989,17.248996211886137,18.504791093444283
16.283306999361542,16.480978972149426,15.663770856196017,18.37500739508961,17.462228730725414,15.65173101719908,12.682836563936243,14.763109710467957,13.149049066416936,15.219161588438498,18.052591467532693,16.150900163179223,15.305180122556472,16.50724458576039,13.317556662881636,14.973786189949037,11.434389440817869,0.0,12.5636720996247,13.72560858046041,10.332552690704578,13.199540764148288,12.626975702475594,14.160947197425262,16.568777579622754,15.65136075730178,14.897824120827371,10.917957761423535,13.398041252710236,16.833888302662306,16.566748387586404,16.176206073142414,17.20079931489167,8.449141152761424,11.707029442988436,15.70373779711842,13.906074126895946,13.47660844531646,16.679183582241528,15.37425800912321,14.025694023335138,16.046605796272676,14.017261365342986,15.215800280992973,15.67119085245528,15.82344327994711,15.096710854796797,15.24358767674772,16.062039409672263,16.2877822618653,15.666597255491348,14.638402105414498,15.646629953291315,18.272707278777087,14.43701092471198,14.278878837637356,12.705616542314443,13.98597558062034,16.784684795428735,15.1829693756229,15.75062845748674,15.641700125731964,12.400909076509468,14.865740195553723,12.169575381316148,15.464363007995654,13.959569943866658,13.057535002785071,11.689591996909728,9.282702621572904,13.480919043273206,13.202541976268412,11.695977273415654,16.585722259247483,14.10107790799836,14.36600701408841,13.30120660526938,14.62683385592708,17.17718509613143,15.92937801776332,13.2164116636742,13.13560539342984,15.104859408248148,14.33522881003571,15.968208918672786,14.21817309887676,14.229859209003475,15.309002292330977,13.626247639674888,15.036125597328844,16.331961854111686,16.003583866851365,16.868793296412274,15.526118416109606,13.519380844847952,15.248112065790236,16.291918624989854,14.606722563455458,15.442728337192024,16.501215971033535
15.70781298546344,15.666326238966503,17.50024384415177,16.251549026927794,15.83266089080131,16.529677270086317,11.705283416407566,14.443000574027687,16.261816949014605,16.906920465570064,17.223465118118074,14.62301438325442,15.376355717325731,15.051104071947742,15.10047873998368,14.190028794382483,11.488351172496856,12.5636720996247,0.0,15.442436700589054,11.955495510226712,12.378523735052283,14.100969447706216,12.325441424773524,17.509990221464744,14.293517622657385,16.162500366379135,15.970380049198916,12.989717382071492,18.160386492893725,18.245260579058648,17.34462242080208,18.113802037341383,11.571103524691464,14.104850069531764,18.827323182216755,18.11299492752771,16.78136964653171,17.641666912825485,15.370504531635474,15.921965350724014,16.9025092268563,15.86967661184677,17.82490768530249,16.102972135093733,17.651352557109043,17.339619256401733,16.866501942924224,18.013352114483833,18.639307221915526,15.563074140136829,14.976104996028123,14.000342347028148,16.220160420806533,17.347835464841037,16.030590127128722,14.260194779712313,16.25526932363354,16.009987804389585,18.41466540736949,17.397617354777232,15.8905737701293,14.829553464105231,15.963368019978423,13.0625634354835,16.446665697041,13.930302877396391,14.203058080520677,12.95166620166748,12.917050012779884,13.843417719995584,14.876321346903165,12.21440398344058,16.849060759461334,14.7722970513843,14.282054225763847,13.84400329456288,13.490129251620765,18.35697190865701,14.680381005986485,13.636500831975557,15.834319799682408,15.423044292098028,15.268987777945249,17.37299426956607,16.472403724060655,16.912723845792993,15.714388840585888,16.556940202255877,16.21575680501988,15.329362698034002,15.856029620436056,15.56541733464566,17.012715333849677,15.686147183397228,16.859739804968328,17.772107762036356,15.71742491004133,17.58993561947932,18.71245315088137
17.238867971953038,18.298442034148227,17.08353420857469,18.11267622135653,17.703251202913396,17.307778346758656,18.452603834874004,19.331277418374263,15.907872656969849,15.341460582086698,17.369402610205086,16.77135173596465,17.20614092724778,15.65788816491889,15.0879956824778,19.347637500750352,15.945567978308548,13.72560858046041,15.442436700589054,0.0,12.893080007650452,17.33948767044586,15.943666654654043,15.359964170815717,17.013034382971767,16.209913739415512,11.85518714167553,15.390406602253336,11.633039706731534,16.65221423598507,17.436684603567777,18.813323906766296,18.571681922700023,16.58995280726475,16.446350228959027,11.515097458632797,11.53437872018749,15.504513398318332,17.030964488503784,13.330412613486937,12.81653410336964,14.934609032027677,16.74648623523101,14.011886782175994,13.554279526269768,12.601185997786864,14.072424795383986,12.907496590792924,14.026225016655614,11.254202318683634,16.51658673543718,18.64572289764248,16.903506080235676,16.84475507928335,17.995648759982455,15.397243351438709,19.238235117111984,18.7215202081709,16.63470576014604,17.26216310157669,16.71520808145639,16.172228672094874,17.380803360014074,16.876697267567828,14.619147403504751,17.08920389670812,12.998704571536065,16.677331287547794,17.115091372607836,15.29659872114572,10.306298191260304,17.371435208560932,16.49027751677077,10.634132487858922,17.52009326969306,17.18651746291962,13.621156199278392,16.153957484648046,17.165753277265118,16.30640357884444,16.890081297207328,15.334162780746878,15.71610340810356,18.092799801843853,15.108416082374733,14.67290512389456,12.88865031303774,18.16236094040126,10.101927166463762,11.383691015075415,13.493801755448718,15.744456346187311,14.54216578235082,15.735164790652105,17.101864222058296,12.834768206193292,12.985193246971493,13.154881372965084,13.965800610450598,11.397302079424698
16.88890603245037,18.21183233311209,17.107936699647702,18.536306358345094,17.686820429702188,16.90017321166883,16.022403513751225,16.170107567770927,14.308003717445027,15.118245619539994,16.777789376981904,16.57215745045421,17.41602248528399,13.613601443542317,12.341784851098774,17.283072783546444,13.987901386605106,10.332552690704578,11.955495510226712,12.893080007650452,0.0,15.021699221329396,14.61894373007051,14.500089619353917,15.865157365977252,16.222577056578437,13.765112531571544,14.41346862404964,12.041845400223854,17.49413550656769,17.366862318079875,17.336893527885437,16.835205331813064,12.500169844742414,13.621742406527176,14.47739127533614,14.19946942161415,13.812501523316204,15.857817071603106,14.987027178353346,14.41700948699938,15.123326752605896,14.743121626198802,16.328694618440004,16.495029818902154,14.973416797841187,14.711394064398243,14.015454819318917,16.972807680216253,15.36092738122631,16.98376260211521,16.214943582503967,16.577694143030488,17.48219361048581,15.70685493485902,15.13068967906564,15.487372373217188,15.29165894590627,14.958850387340666,16.39951986294968,14.177285556005836,15.885925125362698,15.190381934407778,13.55680566990506,9.894256988094837,14.358220221735031,13.57342960604335,13.584475807388207,14.47698605323341,12.328015673899744,10.597805177396095,15.353816684100924,14.966827155296585,12.976813559331688,14.900990055638248,14.177446829505286,12.562027806388825,14.032070690520433,16.697983944306706,16.285019648154304,13.67240087764162,14.788296813931783,15.213543318153338,15.425936020323054,14.549344293540967,14.46443531053148,14.329060841157206,14.216437193519774,13.653556212124942,12.150301336397172,15.833083093990934,15.692541730642594,15.673220641790474,15.704633912369903,14.555352540531384,15.481754216829486,14.855190600543764,15.461095480414736,16.10558263268115,16.177996841363484
