,Var0,Var1,Var2,Var3,Var4,Var5,Var6,Var7,Var8,Var9,Var10,Var11,Var12,Var13,Var14,Var15,Var16,Var17,Var18,Var19,Var20,Var21,Var22,Var23,Var24,Var25,Var26,Var27,Var28,Var29,Var30,Var31,Var32,Var33,Var34,Var35,Var36,Var37,Var38,Var39,Var40,Var41,Var42,Var43,Var44,Var45,Var46,Var47,Var48,Var49,Var50,Var51,Var52,Var53,Var54,Var55,Var56,Var57,Var58,Var59,Var60,Var61,Var62,Var63,Var64,Var65,Var66,Var67,Var68,Var69,Var70,Var71,Var72,Var73,Var74,Var75,Var76,Var77,Var78,Var79,Var80,Var81,Var82,Var83,Var84,Var85,Var86,Var87,Var88,Var89,Var90,Var91,Var92,Var93,Var94,Var95,Var96,Var97,Var98,Var99
Var0,0.0,17.630240154940697,16.94748191149401,17.374853496390163,16.387581476356235,16.943752400462103,15.030352661602855,18.039437735841137,17.033602998287147,19.860177816302304,19.812644163279852,18.87876115957677,16.438001957317883,16.552001560523546,16.021613820575798,16.05422283191906,16.260124085040054,17.165112768972893,16.233511079031814,16.203211133703803,16.11863342116427,16.48163143225572,17.452571844044176,16.12401954424822,19.328689348692027,18.248195185466237,15.420466812789813,15.696946137690334,13.048917910769108,17.983788824377648,16.334310841430728,12.468745515423713,14.836817372411353,16.364471255539396,15.709188046900737,15.913658909880985,14.075167130004642,14.694336509826503,16.959514330318456,16.300743041916338,14.666172532268927,18.110012958880315,16.887188021263107,14.89350839982148,13.661003830499068,14.97042718337749,15.800910526257194,14.549712361829094,15.416483704492329,14.558039006995383,10.780002505992917,15.59888375361575,14.069870986192921,16.131448081355202,17.417708763837,16.84364589028564,17.157802520050268,16.807038992472496,20.852421742956743,20.533743218921607,19.614508380569216,16.487409967259854,17.295488706586426,16.044123902295425,15.835177470224023,15.991227791097367,14.858868713098627,16.544255912488993,15.391520627252017,16.4695059058812,14.942545066094654,15.600749159506895,17.07585554044675,16.419350182308904,17.034464323691076,20.49028762496511,15.11763643665754,17.205098481223487,17.291848075902752,12.247335211206604,15.212146825286988,14.054877445170593,14.664269087459878,15.276017318239044,14.794434199703499,15.199590513546486,14.367656819013881,14.230670020667139,15.372353910728648,16.39276464530484,13.999143224102585,17.722733403499475,15.211335137337525,20.27878701254383,17.280131552001944,15.402604634774596,14.356491362588967,14.148096288298973,14.16958982832467,14.304465329390846
Var1,17.630240154940697,0.0,11.747089634471786,10.267732751072241,7.650515450000823,13.051212941688236,13.5393936570631,10.76728229688029,12.361263313347624,13.92544295176408,15.02882649657167,12.292760471908348,16.16699997311833,12.043388811840764,14.102694281179089,11.642543380643389,14.997421776063778,12.508347448775366,15.797600160927212,13.085311653865421,14.201246379228541,14.011150960180764,13.457589111591888,11.992833498609142,16.314536620263496,12.902833011770756,11.909700660425832,9.910184255027064,13.578430427016063,11.211078952719648,15.41920974660012,12.953019939654421,14.725083107409892,14.355877752993726,12.09634566724,12.035083206073118,11.02354685848669,14.850551055381516,13.754114663869807,14.504524969511298,14.623998089927527,12.585625660744391,13.289383527177929,16.016575970260604,12.798606400365314,13.208586985463256,12.5008119884315,13.058235143622507,16.311139548567034,14.229294185459704,14.697439756577387,6.474873744898922,11.611079529336791,9.321598969787395,9.261471152001818,12.88284590326617,12.245071571665388,10.09577047111083,15.208738582950753,17.06553439614208,12.755837618939594,15.907057438192757,10.378645395019612,10.287182135446153,13.429207057374349,15.133995848241318,14.984969693336158,15.31708661574513,14.841039370282902,13.008464385869235,13.456567994852128,13.141477908970082,11.762480400541298,13.800711699135883,12.68173257304425,16.541592233825757,13.258642644035332,9.21931122719614,15.606443401957867,13.698402612324317,14.034073962423669,15.67066657334274,14.596803419880821,12.225165510950681,11.758417504537164,12.475593589446767,12.347310319455564,11.536954741565355,12.454622344705422,14.196564787837623,15.356559680669495,17.539837719216074,14.695759625493189,16.923186480974262,12.861761933871351,14.898214320887098,12.803704058956725,13.526115919041551,14.694728063712574,14.312179426390967
Var2,16.94748191149401,11.747089634471786,0.0,15.01783212407432,10.659049144035333,9.55726603393956,14.60546231736948,13.092518131313113,9.418551561924046,15.52100784514164,12.4667070727754,10.637938924130019,15.184785703783756,12.337654296681285,14.804094263093422,14.74661682487997,15.090748767974018,13.931676274959703,16.664073118253874,12.090005043301467,11.773893071273486,15.138308689324669,12.156367212109767,12.040552715496279,18.654997453464173,12.044013258962584,13.16713519157124,11.858957039183771,11.982504167014971,11.276006160454836,16.67719713981641,16.51974522296789,17.008624903127252,15.574757837405578,14.695525392829389,11.004201764535688,11.741332862147779,16.97159544756566,16.05689902064031,14.662790771870757,14.748866288878924,14.186803835109869,15.602388891352602,14.51202794098006,12.365671008754557,13.874363903157887,14.612330787751407,14.764487459151345,15.462957075703036,13.95600018851837,17.56648861282757,11.306467742341471,14.034838585493477,13.149827633353322,8.474715730496996,8.188867611454874,13.742698468380777,10.494697855460284,15.579651110513755,15.640151039933913,12.767326924730893,14.207592188395024,13.71026456703638,13.261003786108558,14.963894164290759,16.05149874399359,14.151086507134128,16.990076584371135,16.60315775103982,14.601924886627765,11.49700516551315,13.680982863887863,12.384368788881428,14.957295306451167,13.344589977925244,14.946706273672163,10.890728768637864,10.5970708533119,16.884981797496142,15.825719271321121,14.913990597422261,15.046835368504334,14.097328857034123,13.551519778006316,12.69997509026495,14.32856804822436,12.112298590932872,11.525450208990001,11.733783881209934,13.521242245374408,16.09382244191555,17.66399953403205,14.650551754922345,15.529046037134023,12.910015388913488,12.482346179646168,11.858820780557068,13.60500682981087,12.940972706867834,13.097065554677329
Var3,17.374853496390163,10.267732751072241,15.01783212407432,0.0,10.33904705625941,16.23406405065406,11.698354801916004,9.713751660540188,14.9220624553989,16.464430114206756,16.24982782830593,15.008266848679646,14.670326045466279,14.127188783245339,14.711263998289626,10.53769580709252,14.032213117666856,13.151323936635874,13.837439159595238,16.077200293202647,15.605145890991608,14.71656401245269,13.623854755421325,15.684681782968156,17.700334628973373,14.551006607702268,14.36793948365722,14.148700428698206,14.905727204518012,13.991897154143489,18.040547445924595,15.972499388894008,16.58601986615865,14.058524841018496,13.683254451477305,16.61100310430358,14.914713526027352,16.575855502428787,17.01971326857568,17.782457429072064,17.33669020186795,15.642277611426842,15.425459860842357,17.695543675228024,15.115457695949166,13.690811044941302,14.80113249992743,15.259255321862938,18.74237877462535,17.22450278152925,16.036214021514123,11.73605188167682,12.005221965933114,8.442980145493417,13.860402647867199,17.167316592216036,11.056068377904609,14.04106652784056,17.224929185976418,18.082211360085612,14.968785610910293,15.700595947870058,12.135414168115412,12.278362938579477,12.524990330388269,15.213911210868497,16.04929695106847,12.467750360990197,13.240341889919872,13.624290419499303,14.98726001373159,12.466228490179253,11.180766147495099,16.916173352220067,14.14053933612729,17.244969504162174,14.86094223689744,13.461996983739416,17.89185129718681,15.482239466044021,15.961288635592066,17.59613655237211,16.477712230662835,12.906469677006335,13.851834426952465,13.857825125137758,16.245269780454414,15.307467209598368,16.006855483035533,17.159884343247658,15.779437594944042,19.49627847281317,17.72152964479072,17.914893151487078,14.41020729093853,16.996770550826763,13.86228267353594,15.24027374030707,18.29969116651444,17.274280541805823
Var4,16.387581476356235,7.650515450000823,10.659049144035333,10.33904705625941,0.0,10.714578997943951,12.772978140301339,12.32530115329199,12.201534375587697,15.670626288887997,15.379529407865709,12.467163825031115,16.5239370239869,13.445698637335656,15.526576081498487,12.446987736947078,14.260819780227633,13.587898600144925,16.018003602547477,12.840405253030296,14.57828747195356,14.409654092121501,12.535459927805384,11.267821214904004,17.60378307371939,12.972593631080194,11.982555002368006,9.853673525365558,12.369888723262426,11.413264054275093,16.696915463174342,14.208388737068313,15.785558017563668,14.133442412796123,12.035993364406906,12.100252812484399,9.442494396872466,16.690494951797632,15.752789845375176,15.349353519354509,14.658870073781683,13.65012921834981,14.038391209898982,15.426779018324535,12.199153852600686,12.483328557759352,13.163030865213383,12.828863866180706,16.131033716261054,13.687800979346266,15.165292430228334,8.476850245189805,11.205170517572043,8.737912312436846,7.41569551758633,11.557026493348934,13.277386281035335,11.187836872823123,16.440907709058994,17.551244138113354,13.50106309613526,16.370292662708056,12.508561107432582,11.607312127819602,14.742231779248739,16.679707112879555,13.577557294477124,15.347376660273913,14.9551543249543,13.847498706110391,12.830526936510532,12.256678270495822,11.72833510680714,14.263119794845458,11.747005689972182,16.620044649192586,11.690025702123023,10.127780385490652,16.90476269948657,14.49135262688657,14.204032835767267,14.736220869547626,13.981394868563537,11.497605655464394,10.704127696516315,12.214757258470806,10.93409550646175,10.628743355873661,12.384901144384155,13.805720875052183,14.414490908358628,18.376541583149606,14.41306740605149,16.503282957522874,11.768765441695857,13.90188319340506,10.593468089866706,12.12517354230516,13.735108183336816,13.353794630752356
Var5,16.943752400462103,13.051212941688236,9.55726603393956,16.23406405065406,10.714578997943951,0.0,16.109262786017524,14.986980818624096,9.88720211655663,15.580960620799978,15.34919951854858,13.14696053316877,18.686202227016114,16.275007508572763,17.887610291826093,15.417886291883812,15.525984100802576,14.656036952669407,17.43228472481416,9.79220806962998,13.43709592901047,15.742125315279043,12.697755700424038,11.236053820848815,15.43522718863012,13.227818687075187,11.852717424175758,11.492063957044204,12.846075127900487,12.584835801837993,16.932412766611353,15.429316499651529,15.857708433728954,15.712684559938007,14.15880183593044,9.836334310905142,10.45672148613763,17.711717747179645,16.25651390327272,14.419060081695243,14.283265882751246,12.988645503134737,16.835219018760398,16.674056780601912,13.384099556631922,15.137018797025823,14.230334393280001,14.05131521300197,13.734697669770698,13.511187318406071,16.74199754930091,11.731465285227529,14.763640613845231,14.70366454691564,7.485968079297127,6.0131201849511955,15.123262002144829,10.48686390435135,16.672800604356336,16.615927465302164,13.836596763547012,17.76719925134015,15.14667905533571,14.833600956070171,17.345779490497588,18.72398600304757,14.268917989639924,17.732359504812663,16.87314058843566,14.511883552562406,11.829897013546692,15.465586560380236,13.724080009822224,14.42022950889459,12.470411969736514,14.997194520041642,11.193926587926015,10.508351779121856,17.669757336485755,16.482300799199013,13.65504106793192,13.51478921340835,15.575155169303647,13.571629517908931,11.514978843372317,12.85199151704572,10.39648992328495,10.358404068663665,10.161504533307712,13.402363213640243,16.242613879823054,15.584652428265159,13.833589487046634,15.73934105429217,14.606894817881859,14.830466120312547,11.808884786728395,12.820003330498542,11.178218913000082,12.731423830195926
Var6,15.030352661602855,13.5393936570631,14.60546231736948,11.698354801916004,12.772978140301339,16.109262786017524,0.0,13.333590681854696,13.121754076238624,15.762846448853194,15.409998052004234,14.76839136810259,12.199454937894963,11.593799905537544,12.993825841141684,11.038129157322956,12.81792480821683,13.542153908411008,14.241293674506856,13.059083410701211,14.942171226216516,14.225281830635844,14.237048513782119,15.332448178725134,17.780696286554928,16.48897433989614,14.361878285579161,14.033932529608865,11.933962088180882,15.607778590342107,15.685643170155641,14.792508842853769,14.587801172530202,12.319994519944292,12.583961312203964,14.813986445244876,13.674226837283442,15.432136175868452,15.339393948727857,15.452045876513894,13.38735748320965,16.715669714915066,15.28965663568799,14.610644957636055,13.579402378575685,11.327548568266213,12.35486332322041,12.35543817364761,13.887122322498643,13.37458449156376,15.51053796095708,13.154642283468434,9.62688280282152,10.447189408219334,15.195224479008846,15.522359968007816,11.917202164868998,12.864466301123672,16.005240197207872,17.245582517483165,14.45804016276191,12.39294919992905,11.466416691236182,11.562469650874128,11.879841976731848,13.80601984638902,10.136948547672244,14.287755277784788,14.087395333055658,13.878558659449805,12.231718358877949,13.688649608639816,13.545046656887642,15.422848225976724,14.350917220700186,17.90026138391426,13.378065299261289,15.883258714073138,16.63819388833574,14.54276844101306,15.720769331772589,14.208560075166202,14.098550508777327,12.2444274785233,13.212717194908508,13.218618535249965,14.28673408293445,15.718845816345713,13.176495088384758,14.856598009485674,12.302432668527391,17.68352998483433,15.790174401689285,16.72948296757456,16.11947614770576,14.290260759883424,12.192668280138413,12.734780142475266,13.743023525570253,13.239118290736988
Var7,18.039437735841137,10.76728229688029,13.092518131313113,9.713751660540188,12.32530115329199,14.986980818624096,13.333590681854696,0.0,12.826430005784836,16.25228720237558,14.497387122741872,12.599209144794951,13.987942021407914,13.389527192530077,13.66412893199568,11.569124133166001,13.625577942905169,9.972329375299248,13.797231501796139,15.078727875684555,13.166722622452353,13.70592637135303,12.088574611609236,15.925159311813585,17.361718290544186,13.321572351102802,16.562586858635107,14.227967082748306,15.647010945458845,12.08036629597431,16.65058603573072,16.24586394926297,17.786601678792998,14.477513150695144,15.4183298040616,16.14714971313527,15.995797392972438,18.44593673928331,18.184797426363517,18.034050550248544,17.47073073049233,15.066336195329844,15.478515897471922,16.81903827287833,15.661447640430454,15.680719112498775,15.792668262074304,16.6878741273576,18.59671742269262,18.37674206872281,15.866200017946776,11.111240490479041,13.181699286522367,11.155989380449197,13.630126605848858,15.277338950860152,6.906624438475504,10.50275888318404,16.316635358541998,16.776409066478173,13.782634651588213,13.76214676497776,10.056775077824962,14.660880375410903,13.436345968428528,14.777162027443458,17.323906984493576,12.273321088097997,14.029525674697817,10.946372735159855,13.800759937370097,12.97991292168531,11.101837448981886,17.897544094726403,14.89734877766567,15.75014542503266,15.285025198318172,11.74490883392286,16.071687590933088,15.77081541263926,16.961863058589504,18.443105229826852,17.20090440492601,14.711777107471223,16.140125451217138,15.779984194320331,16.414466138639266,15.345328022500167,15.377864828876147,17.991491715361516,18.00180615129686,19.020315161770277,18.58647218464223,16.539317685034156,13.706161872810977,16.125655543991943,16.175651231086693,17.19027247950225,17.87961922843943,18.005083149490744
Var8,17.033602998287147,12.361263313347624,9.418551561924046,14.9220624553989,12.201534375587697,9.88720211655663,13.121754076238624,12.826430005784836,0.0,14.614791745921968,14.210831668426126,12.129093171835667,16.330333774852026,14.047414129052585,15.27448295014446,15.591126074565723,16.218051354109765,15.25912123488137,18.048360331942813,11.369354272800555,13.021077543674112,16.85897867367506,14.033670164067452,13.069043507847947,16.37966759435124,14.4442795946549,13.373548103446966,12.385445892572823,10.61696567138416,13.889233210687372,16.9544617655,15.476459643546917,15.602618274006353,16.773788218618133,15.156019820917402,10.456189003603411,11.427733609356364,15.825679668936846,14.235702584337353,11.885515110526327,14.133567467487504,13.987871184956514,17.412657335516045,14.714332250033692,13.885931051853397,12.743189073426494,13.995913754504285,14.434580841104315,14.265659908223075,12.857908436216126,16.519662333350446,11.555966412424661,13.570040924632766,14.053685496663334,11.445173702779257,7.431673135170552,14.26861372683297,7.747063350671026,16.044313818794798,16.526010728041012,13.264334165032254,15.051154225797436,13.49240807311045,14.056436967905306,15.361191954479409,16.80884659252382,12.79757415631914,17.91899054636248,18.15860985464942,16.202784526889896,11.90126870974991,16.039247235299932,14.600452259961736,13.06668185184089,13.842033742313024,16.0660619837962,9.231898790093114,11.556448280452067,16.742529896634977,15.830924108264906,15.547745544160636,14.732364679915538,13.94012040997329,14.108582038268677,11.22168249510582,13.760216609908126,11.040219247423613,12.110287085873136,11.032671192866111,12.114593485279858,15.233958957280393,15.135842908195556,11.648491342277385,15.979538434329642,15.733301896936554,12.685033938552772,10.734643664687729,12.388390166331826,11.877209865417964,11.698715335116576
Var9,19.860177816302304,13.92544295176408,15.52100784514164,16.464430114206756,15.670626288887997,15.580960620799978,15.762846448853194,16.25228720237558,14.614791745921968,0.0,10.997042473112408,11.245938050394637,18.638105097267378,15.659781763898499,16.230405342082484,16.04263917399784,19.00794992404509,17.490732357674695,19.96708114675853,14.277199376984939,15.870246441262859,18.40447472471236,16.957318481036786,15.268249905685888,9.680155750989696,14.417387369425679,15.213306617936198,16.40704706762433,16.720738335006832,14.605482533479453,15.408111628070758,17.05418627522401,15.496321310563024,18.34940732166664,16.68093702872799,14.902835181807482,15.844544665683674,15.403790878338556,13.37942022014813,12.936202569195158,16.223508231661743,12.096036046506464,16.935613501745586,17.347431960615136,16.369779542721155,16.205045506840257,15.930579148331931,16.06420721418219,13.71685330431035,15.622660148029373,18.087041318637503,15.434072576400723,15.533935867735188,15.435903319860394,15.168415384105137,14.04261933907724,17.36063081408426,13.795577062840595,6.439305476408163,9.832859552478098,8.752917633257614,17.508859358942097,15.197301687958841,14.04039541792354,16.182080626253253,16.79382091288891,15.215169792717255,18.70503838171271,18.985509845760397,17.47162294673348,15.242699545816032,18.197328855495822,16.177746275297373,12.906924624538295,13.073812962976616,10.344366367783126,16.088830175364635,14.941664140043969,16.21762765200322,17.81322680712599,16.67098925331632,16.13195801299446,16.899470967407176,17.058452414588096,15.064107432352111,14.95035380597816,15.080007877864375,16.510244569644662,15.388766887537674,13.808626025313162,16.3523665261068,13.791851971691782,15.706763627924337,11.431198708065507,17.38539757091205,16.808027357621313,15.5393775342613,15.33335291296031,14.650560228112322,15.588252438401396
Var10,19.812644163279852,15.02882649657167,12.4667070727754,16.24982782830593,15.379529407865709,15.34919951854858,15.409998052004234,14.497387122741872,14.210831668426126,10.997042473112408,0.0,8.357266956283592,15.779478685233522,12.982216077101612,14.80209283496079,15.515463871070033,16.765885909227034,15.09561790117856,17.88955472433978,14.211054407244934,13.865894930115601,16.547461052425586,14.212158845697443,14.899847489463415,15.666613614166854,10.359651455498872,16.74608649900742,16.78023744998876,16.543591212111235,13.55870735532131,14.663370443643958,18.203946792685702,17.35346613924126,16.62809518195951,16.8285409631807,14.869445879723193,16.88168160499831,17.03645202609671,17.098015223430583,14.844174351894676,15.91581460680214,12.496184491669068,16.205703095046488,14.15146060613172,16.105504344936485,15.665047585568265,16.23226930453126,16.372205640657505,14.40882219564486,15.651068475023688,19.011368922524262,16.50836545502225,14.780930732621371,14.711118755581394,14.682216495586612,13.781109609391208,14.827485159415964,14.237219346699236,9.490141332230996,7.788587322337976,7.604548544503487,13.986525846697411,14.817898339319655,14.377392281090993,14.657692348838955,15.553027463936326,14.733800423365723,16.448043006022317,17.43839112149255,15.202407146179766,13.383075374746884,14.937826047126329,14.54211934141171,15.936053945482778,12.572706025358737,8.54176998426275,15.370408083824913,14.858661645970596,14.906931592528558,17.3319165453872,17.00662744397628,16.376865889659605,16.64250346297387,16.526201491958133,16.72471571793964,16.707240800321323,16.0883771698604,16.837208454538857,15.138123726882863,14.636522039128002,16.710000819565455,17.029503815513365,17.39847774474411,9.949448008358146,14.917001520304822,13.699605014595932,15.763956670954387,16.229445780712457,14.789712495477968,15.389257613653385
Var11,18.87876115957677,12.292760471908348,10.637938924130019,15.008266848679646,12.467163825031115,13.14696053316877,14.76839136810259,12.599209144794951,12.129093171835667,11.245938050394637,8.357266956283592,0.0,14.816250823266296,11.626143904979665,13.376998909940319,13.822626430778728,14.707581371382144,13.76931124956605,17.460911756089367,12.840405548188263,12.18711136804166,14.828863037612297,12.011186437534269,11.716320559789283,16.438522731923193,8.442603183652476,14.483293561110765,13.2668872887903,14.777419768533738,10.56713694741652,14.29731614241777,16.893984068961448,16.769725059592073,16.123281138443904,14.936351649545678,13.485327951864695,14.33593885134509,17.51799103895665,16.765802795412988,14.729382953490564,15.860681533232079,11.533645615637697,14.555919854798839,13.829946733299495,14.551373668380846,15.261506906656477,15.329510971122339,15.476437309297953,15.174435016598721,15.730775935427422,17.213565215772384,13.399958551847318,12.553177514030157,13.152284622108423,12.099565640262787,11.468382825745818,13.188158096094952,11.331064635474666,10.868602910190608,10.990073983942144,6.359128613781111,13.375869081401657,12.034543644056392,12.56880072609625,13.452354552933436,14.676692323061912,14.661211870651883,15.392335116554891,16.324207354917487,14.261481742149874,11.819869078789575,12.746356449851277,12.280627272201778,14.528380139004065,10.27839796608163,10.021130837529997,13.227646245144102,11.227512965165635,15.21903290618844,16.09515035252498,16.471442426253027,16.36147405187223,14.854447793724683,14.564696496154982,14.700211761540448,15.27815990814642,13.874479712200435,13.553185842215106,13.842628844192866,14.695284121782425,16.785168814516503,17.28798884228531,16.084155528181757,12.559148348259255,11.575079101118638,12.765603775917427,14.757864070411522,14.966742603756462,14.481382142124858,15.060557342005044
Var12,16.438001957317883,16.16699997311833,15.184785703783756,14.670326045466279,16.5239370239869,18.686202227016114,12.199454937894963,13.987942021407914,16.330333774852026,18.638105097267378,15.779478685233522,14.816250823266296,0.0,10.288031021516096,11.453565672690209,13.04490015153408,10.768939748115526,12.549572289658895,12.622746745560868,16.24762263929247,14.065299252051116,12.299095458847168,13.263415505384355,16.252292323435316,20.32393869320688,16.354381953437205,16.41953491761148,15.423898584928997,14.71747820806481,15.061831255039916,14.642384859718506,16.495176343770368,16.876673787881426,12.807781297487795,13.968638866563674,17.8996441144392,16.964641543537628,17.542459905743513,17.386525752227243,18.077175766572708,15.747962063270796,18.726328620828646,13.761674283067743,13.757235305831424,15.572669977142256,14.205592994951184,14.587824770329382,15.812243361902436,17.79900509718823,17.22141106211402,15.994336494100848,15.970135351148338,13.607089297817007,14.270300274722931,17.258251423649796,18.004415900305702,12.25527159954393,15.778147228813086,17.38150623328642,17.93893817327202,16.389249190299473,5.317422216758558,11.567194198959168,14.29203340572281,12.562980185723845,11.700377526411417,14.85502387609815,12.460354649928176,13.01784126842608,13.435039612786992,14.525222436401817,12.056918023921195,13.752091886060889,18.343415253948958,16.653284104476338,17.990602827344983,15.800769215652405,16.6524689008247,15.211348810186646,14.909387326858203,17.41206092796758,16.85923520019356,13.934183703774643,13.398773450338336,17.34473837508935,16.98557379383165,17.618034847353147,16.657426044079347,16.72344559628761,17.89216420636953,15.42172792700205,19.050179074830197,17.789910349447805,17.364059360185042,13.144914336139939,13.54355326373318,16.390144009281403,16.91015665146978,17.887534287373956,17.07673300908748
Var13,16.552001560523546,12.043388811840764,12.337654296681285,14.127188783245339,13.445698637335656,16.275007508572763,11.593799905537544,13.389527192530077,14.047414129052585,15.659781763898499,12.982216077101612,11.626143904979665,10.288031021516096,0.0,7.356140645681135,10.719999922832246,11.029123485093173,10.223930361300795,12.442163486554827,12.109700888578532,10.773625772404449,11.277605619632896,11.10631786248856,12.662456041381992,19.319763358316134,12.755350826168744,12.825946199792003,11.475634902041401,12.205481145981345,11.241099238915737,11.688895529817987,12.950691087460317,14.303851247541168,11.49059607242214,10.861163209964849,14.468253296346916,14.533931957069685,14.478721598903835,14.730890579761732,14.869198519949448,13.121227007810758,15.012893519759283,12.590141733309736,12.107909222141917,14.182046324540718,11.054132364861514,10.530161457447768,11.692736817527734,15.106814485908641,14.655503740337721,15.879750043410425,13.614400899753289,10.734848134781721,11.880406899518837,14.367357800995785,14.97696423126506,12.535162951907717,13.019921941416593,15.006281817719385,16.166270806152784,12.893275523213301,10.297394250716076,9.916509086066844,8.640688233119402,10.24003467688061,8.911706523654033,13.238699877164501,13.306039341875119,13.512352099140685,12.171438795431287,11.167422088588808,11.702980752161054,11.364864428559322,16.096902572237468,14.475301543115599,16.727452244789404,13.712416622127797,12.853321606224867,12.377394571694634,11.145822068555121,15.675470822889354,15.342956653653465,14.05119853549875,12.39389258733305,14.773419739590125,14.3461646635519,15.113751891340792,14.044276489064064,13.655130547055245,15.564203466953668,13.315184964718478,18.015631183509498,16.148174609876513,15.890937006809125,13.31217935223833,12.116237530886831,13.664273557789377,14.122127757694575,15.117586984315675,14.865462963660212
Var14,16.021613820575798,14.102694281179089,14.804094263093422,14.711263998289626,15.526576081498487,17.887610291826093,12.993825841141684,13.66412893199568,15.27448295014446,16.230405342082484,14.80209283496079,13.376998909940319,11.453565672690209,7.356140645681135,0.0,11.93478855969101,12.535624658786762,11.069928189814734,13.278404821775686,14.401445499508684,11.019999598595932,11.835048997913848,12.239401702795897,14.793688634579423,19.420665398413846,14.130676958408902,14.603332622838913,13.389740221546104,14.308896389228481,11.504258019654136,13.234787852128859,14.11809165915877,14.591937927970934,12.865126375183166,12.936450040338018,16.445370763154177,16.465865234108204,14.312391718263672,15.346457178341828,15.57940601945695,14.43307522948149,16.134213466612007,13.101262272423694,13.347498331928907,15.67062959587638,12.595691390321573,12.585722135748027,13.123783400313439,16.725797053868543,16.345181352833603,15.735137970219789,15.42993119832747,13.432296465817283,14.548509815917512,16.761990453550798,16.712581499509483,13.609626068141894,14.965815682882079,15.621261245426764,16.18228582089989,14.334057051953268,11.281018183685402,10.983355422386756,11.036739312979474,10.45725654663713,5.388394015235474,15.415408950872596,13.01399507274536,13.731948857947708,12.80739339789558,12.674604195231328,12.210743773749163,12.02553592309274,16.358050792863715,15.905844800725339,17.111200852512603,15.27511604008674,14.2864023967439,13.073323342649948,12.156272615032222,15.54778913219776,16.113970841806978,14.727815732717175,13.737944286354235,16.38620976807869,14.523770254806948,16.449224955593447,15.151571576451897,15.412878548860187,16.61771823405917,13.957593563873635,18.243811176403764,16.908532024545888,16.34275655980894,14.768363496908712,14.358146231120056,15.373430776006233,14.955578824580316,16.95442687035195,16.237990197070946
Var15,16.05422283191906,11.642543380643389,14.74661682487997,10.53769580709252,12.446987736947078,15.417886291883812,11.038129157322956,11.569124133166001,15.591126074565723,16.04263917399784,15.515463871070033,13.822626430778728,13.04490015153408,10.719999922832246,11.93478855969101,0.0,10.108183358843833,8.306372928271918,11.225235102403158,11.59428813556983,13.440317672742822,10.306267311271135,10.624797828183421,13.382156950212586,17.257346422080758,13.058459875708131,12.815877476732982,12.782096660373982,14.171180337602648,12.51620163334857,13.685588561342312,12.683474366837856,12.553176711650137,9.075870303172218,10.188350715503198,14.94425084590006,14.669762632465421,15.627355262811703,15.764560968655495,16.956443080683716,13.432374436124187,14.208359567117052,12.944942314184596,16.432379796301742,14.09911271185505,13.278689445377013,11.840797423620499,11.559299311600089,16.17612016373249,15.7425694154797,14.601497147449498,12.14290220145323,10.859478815409599,10.629638264250227,13.553119639115435,16.235004089061285,11.150378492430859,13.917228130449553,16.144262203464258,17.03075356280955,13.980145507183435,13.408274963357485,10.174490004295112,10.028948029573199,11.653057304910442,13.01568529418344,13.959419541112023,11.84022405690817,11.134227967588751,9.762175988229636,12.01519231303788,11.505903697445408,10.038127337118363,16.536147322780828,13.102636798856677,16.258118913304635,15.30268039480303,13.389349744061857,15.576702604433784,12.734150183214604,13.696685492969946,14.567991084430854,15.883487637872848,11.022364298922628,14.287003278967644,12.06717000248809,15.463674468030094,14.565673177360509,13.325216829656693,16.984790522877375,14.270898868684037,18.387010659578127,18.299998694445154,17.112945594103106,13.920083316575536,16.095740854553323,14.297353014063214,14.086774313664701,15.836345793145806,16.080302916612588
Var16,16.260124085040054,14.997421776063778,15.090748767974018,14.032213117666856,14.260819780227633,15.525984100802576,12.81792480821683,13.625577942905169,16.218051354109765,19.00794992404509,16.765885909227034,14.707581371382144,10.768939748115526,11.029123485093173,12.535624658786762,10.108183358843833,0.0,9.070664856338526,8.025066886026188,12.726140889714696,13.65802068091627,6.789476345492913,8.825026284281007,12.81985707257691,19.649964558725745,13.979190480070578,14.236166333807383,12.55320588333268,13.352830677863173,13.094232236009065,14.443848130995546,13.885302544794433,14.972557131864932,6.742811634048087,9.124573334134638,16.11789130861329,15.370813138277159,18.109964038887064,18.127204846360073,18.58334173152221,14.68924196970726,16.717443718099663,13.44876165354366,16.10784684302256,14.684778025160933,13.875654804529661,12.758247287811574,12.311440402165733,17.158604721504354,17.111669400882462,16.306558648708506,14.99531251148209,12.595825283211047,13.775249052001918,15.257080754540013,16.72338112002112,11.356930923803546,16.07207191057239,18.404821584305292,18.76976362743831,15.858893104701073,12.015733714427723,11.345055489277444,13.18241181850032,12.527797536123654,12.64673934593474,13.834372689669824,8.665055709034093,8.863367912590391,10.63054681899439,12.461428278009524,9.189765764170879,10.594792320820101,18.001484174008496,13.92164205294107,18.225982980941204,14.525001470370729,14.133574036628545,15.661592830320563,12.845790545860517,14.82151921000129,15.351277259063528,15.755915966751964,10.766984540791661,15.704378581953815,13.580846950842867,16.1772023345402,14.82745690263382,14.137775821016557,18.24597253499505,14.646049837874447,19.81213042439869,18.35596533129649,18.238234095719367,13.319445137637027,15.886817789755304,15.404854000920842,15.013693253747403,16.708293546065672,16.971862303405686
Var17,17.165112768972893,12.508347448775366,13.931676274959703,13.151323936635874,13.587898600144925,14.656036952669407,13.542153908411008,9.972329375299248,15.25912123488137,17.490732357674695,15.09561790117856,13.76931124956605,12.549572289658895,10.223930361300795,11.069928189814734,8.306372928271918,9.070664856338526,0.0,9.683438910910475,11.295535786876712,10.86690895437174,8.341984527472404,8.588658840560205,13.974419733436788,18.073801275937445,12.677976239765062,14.401238129834285,12.428259314375135,14.943402175003124,10.175524075332596,12.82425594498496,13.39490648795465,14.620453525701091,8.371251017685157,11.291220931408228,15.146787689073028,15.81634800579376,17.43510341285847,17.35401844023873,17.709643763599214,13.914579403770388,15.103944918987292,12.990692118893142,15.949844145836938,15.381589020735888,14.474015720488127,12.077848112614303,12.889731254496358,16.959650511680902,16.950940517572498,14.963281886166836,12.829511082860668,12.983353708739612,12.980304942442768,13.601377979674375,15.756670208593011,9.151716414451107,13.253619380929788,16.861098723127444,17.17921956837338,14.830559584946412,12.586161202566903,10.273234400961314,12.963461008896418,12.864610292964754,12.158969482965468,15.86994689869484,10.443046606677752,10.527372205183523,5.466543951376071,11.314533911717554,11.284453044789199,9.434832873784655,18.403087429778044,14.83959845395495,16.3985916073625,15.76670648509766,12.498821129355777,13.221507149164031,12.425607984051075,14.6423513856141,15.78712300987444,17.162192425734663,12.403373620487363,16.432553933441742,14.202744003365659,16.348359766917653,14.925115116048318,13.069565219849736,18.32064206133588,16.020707328440512,18.7211812445858,19.06342918178155,16.63446900409562,13.579742843032767,16.109863663982136,16.282057865625443,16.03673372343169,16.377141814745972,17.141333840447565
Var18,16.233511079031814,15.797600160927212,16.664073118253874,13.837439159595238,16.018003602547477,17.43228472481416,14.241293674506856,13.797231501796139,18.048360331942813,19.96708114675853,17.88955472433978,17.460911756089367,12.622746745560868,12.442163486554827,13.278404821775686,11.225235102403158,8.025066886026188,9.683438910910475,0.0,15.481542016182765,14.823709674620465,8.989666917530114,11.977762074666602,16.040369313133798,19.860926905180648,15.543965830987812,15.697204589034087,14.730051697691064,15.16814727090711,14.466937812626044,14.973429733174472,14.32500313069974,15.537773205201088,9.115511353999965,12.162707340167835,18.19968725743572,17.665977949458387,16.824229223318984,17.92732570068222,19.36296184141402,16.438199047516765,18.043095911523707,14.44180919803522,16.726808710458414,16.592502012320804,15.102052078683544,14.17019122222829,14.294107076553578,18.17381352186945,18.362348007059172,16.305896551307512,16.146451946700736,14.728484677540944,14.786832205966196,16.851027925411486,18.982800839010054,12.083232545649597,17.34172393186718,19.11745412992388,19.439178961140573,17.985477646541096,14.696144462177736,13.091918948987118,14.361668988148457,12.298038356520326,13.302104730129473,16.6253644928124,9.182113780456884,10.61237486117273,11.6100017761026,15.355331115027923,12.449071556419806,11.889435836102011,19.18913485634163,17.290066639477043,19.093525721938345,16.92606197502653,15.623420037115647,15.360315055106513,13.042934333275701,16.790437569347112,17.674041668642662,18.218545921888726,14.046934851354097,17.92368193312378,16.329946682631945,18.782015706018772,17.049412409241633,16.709107009125493,20.053197110242888,16.10079537865179,19.402986279255963,19.814529885638887,19.498917638298185,15.450498544237163,17.195301028939163,17.438623611934464,17.646894474560213,18.728233853504218,18.82671913446965
Var19,16.203211133703803,13.085311653865421,12.090005043301467,16.077200293202647,12.840405253030296,9.79220806962998,13.059083410701211,15.078727875684555,11.369354272800555,14.277199376984939,14.211054407244934,12.840405548188263,16.24762263929247,12.109700888578532,14.401445499508684,11.59428813556983,12.726140889714696,11.295535786876712,15.481542016182765,0.0,11.293174220961236,13.205823020887332,11.298225869138765,9.669827596338427,15.139187411584572,12.872145766094967,9.821498220665799,10.920288165557853,10.861820603441394,12.640078862516582,13.01867058687869,12.774168735411724,12.059410461445005,11.395059112615606,9.876539842858417,9.041482351518136,11.236595816430654,15.230707823874235,14.000454581506785,12.390898578925944,9.579845569492377,11.618481387354143,15.257069784752181,15.375377105036556,12.725128974613082,12.134122464095467,9.96069492187843,9.12339128484845,10.92366823378944,11.479678419010913,15.468119832780724,12.670592000675448,12.088622126091181,13.290143691500955,11.332990989675707,9.926763044055633,14.466250688633435,11.251958084097353,15.237308284732528,15.985890148477324,13.028249255871884,15.181020593563797,13.42347991492547,11.482334864921613,14.679067357705007,15.474850991596021,10.386094125219902,16.241386741872386,14.764336515024834,11.813712112100859,7.657072245591265,14.620859941523776,13.045739479955621,14.188521840902894,11.764196969919732,15.308772560224764,11.289423035329717,12.646469685716879,14.9093703640525,13.185204403597961,12.223956013999967,10.524638619258212,15.07399770906312,11.200947002270352,10.93606823573774,10.659685111335527,10.8561020587368,11.825983952327006,6.9041915231030355,12.662731793570252,12.777273275746234,15.29371253070635,14.008493656774268,15.284431749868572,15.683818692317349,14.354651403498284,11.15884247847575,10.251376432367659,9.105241263271107,11.21000985911979
Var20,16.11863342116427,14.201246379228541,11.773893071273486,15.605145890991608,14.57828747195356,13.43709592901047,14.942171226216516,13.166722622452353,13.021077543674112,15.870246441262859,13.865894930115601,12.18711136804166,14.065299252051116,10.773625772404449,11.019999598595932,13.440317672742822,13.65802068091627,10.86690895437174,14.823709674620465,11.293174220961236,0.0,14.27487971274463,11.171689844841328,14.087822834560063,17.95571309557421,12.449294292756768,13.313778449845168,12.70891848992936,12.502754207142923,10.564510259946958,15.159072729365548,14.06685476970788,16.3518876501455,15.022827764873592,14.677168244356434,14.349388432317403,14.955912261380305,16.202822920541934,17.137155626238417,15.692017540796138,15.92010958742266,15.388980457845804,16.787877697161186,15.491982253412903,14.847762711809866,14.659670710715536,13.80318950163582,15.020515377675862,15.457903541353513,16.290769580377237,15.325940415440952,14.62664204755515,13.46562699671406,14.304325871214811,14.585848624006768,13.35369614310538,12.866608064193024,12.4450609760382,16.350930771355596,16.598470841226238,13.618635409042447,13.54927249019341,12.704176410760233,12.808962624637811,12.612243781483965,11.443854419560038,15.37258764932998,15.073894634489852,15.084728588814585,12.203685838801336,9.510104115341756,13.420945165926696,10.407650845938445,16.490322554541663,14.37924603431537,15.826026684591135,12.813886650784585,11.374416224685485,15.02103003834185,12.950610744204788,16.315375141073197,16.34500488138662,16.788035933614605,14.328081050678716,14.604423350139452,14.578379227294334,14.909169287636308,12.83251935725976,13.186406060040907,16.748497289804817,15.303935207476089,17.848172735531453,16.9028747298992,16.957868357077242,14.596415146639544,14.897642704815215,14.296976478390663,15.251115926842095,14.807432417133251,15.713885519848144
