,Var0,Var1,Var2,Var3,Var4,Var5,Var6,Var7,Var8,Var9,Var10,Var11,Var12,Var13,Var14,Var15,Var16,Var17,Var18,Var19,Var20,Var21,Var22,Var23,Var24,Var25,Var26,Var27,Var28,Var29,Var30,Var31,Var32,Var33,Var34,Var35,Var36,Var37,Var38,Var39,Var40,Var41,Var42,Var43,Var44,Var45,Var46,Var47,Var48,Var49,Var50,Var51,Var52,Var53,Var54,Var55,Var56,Var57,Var58,Var59,Var60,Var61,Var62,Var63,Var64,Var65,Var66,Var67,Var68,Var69,Var70,Var71,Var72,Var73,Var74,Var75,Var76,Var77,Var78,Var79,Var80,Var81,Var82,Var83,Var84,Var85,Var86,Var87,Var88,Var89,Var90,Var91,Var92,Var93,Var94,Var95,Var96,Var97,Var98,Var99
Var0,0.0,11.111401759165911,12.623807125094041,13.056678254372526,13.050218746777228,12.94953114700118,9.717122628282304,12.082839490175273,13.089007819162518,14.820343380672767,18.529556804773243,19.24218787650319,18.281977674589818,17.305573448205738,17.7432587950695,9.733060833726494,17.045643617869498,12.433513108505975,17.382953864864398,13.775546434888232,16.415481476968605,15.876635954218616,14.995702542890134,15.268237440777153,15.637193616130633,19.315260326084182,15.388608397430739,16.195837689538166,15.536612405229494,15.01821565987795,15.913596232157536,14.780649321865653,10.941814740357495,14.334970525826455,15.701259055459683,14.26832706868833,14.793595401462298,14.269911256833986,14.859279158363513,12.767925777021302,13.545733077313374,18.468150187455198,16.791128246623263,17.77130668484638,14.316821253369096,16.527324148358996,13.928924011018333,14.66523468354439,12.831819815276505,13.99775410432569,12.469174068630457,12.639312693353329,12.362571591110074,13.401879859618496,13.121462932139671,15.01108422040629,12.796078366112553,12.791320165145013,15.887782549309081,18.223094328723935,17.97375170473539,18.38617038651897,18.330719513707706,17.45324620840739,18.16306935843873,17.807145434830645,13.551770352684802,17.844266603958147,17.16846191124352,13.244037779539077,16.960096032623923,16.39885794036229,16.74446633925351,15.324045866441692,17.638758457260906,17.659569122377018,16.933065873863974,17.065277539887095,13.905680445147432,15.09976048093108,16.010152097124717,13.956259081638951,15.418775279887827,16.46279996972785,15.10402839271093,15.266005631136371,15.448105310322418,16.82054890864125,13.779604975671427,15.05394187281332,13.991846165178156,15.342811878905245,16.382540666745765,16.492380251562675,16.350165028753576,17.091969517257148,15.606020742487319,15.599668729742286,14.259123924071787,14.48476712207373
Var1,11.111401759165911,0.0,9.181126469573384,11.172190183040362,7.360608494207035,12.115114694503635,9.364185863389531,11.255485175379762,11.105986960149332,13.43852858112482,18.567791154689655,18.18552397931319,16.330850621692427,16.08379866587698,16.519927924694038,7.115745915252138,15.540898888151917,10.469111875804426,15.955508563682686,11.099083987895867,15.327808056074574,13.31217920363122,12.822545387126294,14.267317512858874,17.160649127382786,17.670940185325634,13.223003816531104,12.441850777433823,12.555368256544607,12.644714172874131,15.369677047216204,17.489765187455227,11.752832648712042,10.901472841131834,11.897398036980709,13.798166333916239,9.250523020404524,16.257873119016374,12.319537084458737,9.828180232314079,10.809571456918654,16.825661968650117,14.53390923536539,15.616449722780564,10.74743642703084,13.895959186723514,10.489520424219185,11.431701799189144,8.944239157554723,11.040213856300518,12.342172438816151,6.8850267536165015,7.5212832891842165,7.968509939818146,10.183562505573734,13.363912427948767,9.643672298334057,10.143523807777543,12.242106987221414,18.262755874901217,18.50843622924128,17.027064179782144,16.638569682581394,16.994877284875358,17.718713217321056,17.241907964614267,10.175488918301163,17.073594888507344,15.12229508760456,11.680867293579741,15.979605641917631,14.306821809155393,14.409211861063318,12.989137541942005,16.18436868491797,16.329882565364294,14.259664399881332,14.55328775631409,13.128593614852493,14.695918018310536,14.555909709446569,10.300638144602669,12.032799759824428,12.821868445295191,11.766802814356232,11.622643092425665,10.178855059631422,14.635338500312098,9.333972880806092,12.616729401365038,10.82916681089284,14.622513526967763,15.182743478627,13.506027917299898,13.540629595206685,14.657754725284041,12.792993987984376,12.54633744831647,12.399456609466695,10.744244106653255
Var2,12.623807125094041,9.181126469573384,0.0,10.918790580737735,9.77315277829057,6.823637656376304,10.704620708644839,10.44182519941252,9.675152378590658,11.686158869888903,15.126398691057997,15.135233128849906,13.441017863155325,12.478875575556009,13.300781502993132,11.006577360258097,13.85865075870027,9.750965958221034,13.960274690094908,9.561721925941416,12.48965879817709,13.950175376482914,12.446155263386304,14.686006345213501,16.81067128251587,16.055299684173338,14.003369939470986,12.029523472974631,10.421497047841605,13.711698145144942,15.187107543714474,15.415757164159388,15.296697857962645,13.239556628967646,13.955413158547803,15.227222805848058,12.383148267111931,15.488742642998455,13.826016964683756,13.630485525479115,14.943550217958988,15.498998124677476,15.831429739471927,14.516676135516558,14.771441752853713,14.704273623890849,12.774354029736694,13.112470056842534,10.373866674590364,13.101393349946816,11.069317569894515,7.680443378698222,8.839853309964614,10.399159331673776,6.91125608917607,8.60460935722272,9.012312170884366,9.230484758670128,12.47705983034578,14.819808750620126,15.6453437249521,14.171326999799026,13.1351728323347,13.37477662680665,14.80642353331115,13.944207427460634,10.638187503531025,14.30123378064049,14.608772149690257,11.165329491109713,12.832167413753712,13.324329254226832,12.662127622334568,12.795843662584623,13.934009790856374,14.97960352374366,11.419744704797223,13.533280006021943,13.532629980706274,12.876621856941838,15.212723173396535,14.338562109995099,14.040659859596996,13.02467507314146,12.897106127851673,12.660205836354542,12.293399053856497,13.99621393594757,12.7962906505155,15.071615466976278,12.759552545823208,14.316984102132356,12.866144834064112,13.496348210763955,14.23559175632449,13.415886615832056,14.519708976676377,13.296390859223607,10.682011404428765,13.70024493706879
Var3,13.056678254372526,11.172190183040362,10.918790580737735,0.0,9.061149590258951,11.762083676496244,9.381240362367215,5.505196156785302,10.313083881679628,16.26436785995146,17.021232338347613,18.49114668677176,17.333130934592194,16.125134581170297,16.694309407126855,12.994210983799366,17.122017177441005,13.92317403028576,16.821914012879954,13.997684533434027,16.066613615449512,16.615203527610806,15.336717945445992,17.28498661388851,16.82493807088587,17.53039194825527,17.927333553277915,15.36770877436898,14.276948781547725,16.382921541257417,17.87919226168675,16.40844463459282,14.867257134194926,14.568309157336419,15.770554178145652,16.524205871584176,14.261739593656596,18.66698541707433,16.745825659091523,14.407662962758064,14.713469410737288,17.528767429678428,17.212089031700316,16.757642485483576,16.9233405118448,18.041676805326663,14.707663625666811,15.379930957181578,13.113060767922194,14.547056617968693,15.313554255555058,12.921684287236534,12.451428806049218,8.034635534823904,11.339801618539749,12.866828916599555,9.192143451022465,7.218499220345053,15.932689845742546,18.60177862373444,18.91832868246501,17.029541076422,16.376479727231995,16.78541058182122,17.604168747272684,17.21787676289455,11.94419080130081,17.46941260056712,17.345905701133,14.1455101700319,15.811151499352233,16.599454883009642,16.625257633478377,16.155522555355123,17.87021820253562,17.897669247366974,15.237477158007701,16.727866369969796,16.960914007249638,15.095877757543802,17.366451488635683,14.732878872193767,17.25404427645186,16.095192462437527,17.36853268385397,15.713971950103245,14.668698908532999,15.688612448420745,15.037544306113178,16.342620998194036,14.248483093729943,15.645459607172667,16.172115650803402,16.53010406449563,16.828951149480673,15.304480044627562,17.716768761429854,17.216540825510812,14.5180753779279,15.04764074529606
Var4,13.050218746777228,7.360608494207035,9.77315277829057,9.061149590258951,0.0,11.256553455977674,10.113938198739795,8.717859500165597,9.349023839584843,13.965985212026714,16.244496781630946,16.826405444794606,15.442594004653776,15.639287874612995,15.972722480707938,10.703973415498398,15.96118112790271,11.9804062224066,16.080824752511006,11.540791968178567,15.772980799535114,13.280767627444034,13.362338917886294,13.58649526698395,16.0791915432712,16.047946530763706,13.965687029140069,12.004721003778625,11.630573982754857,12.86660806657241,15.170136152035925,16.826189464941397,14.123548929566468,11.566101188434178,11.85008088822025,15.432383770667062,8.903269342359593,17.146189288784054,11.396336884128461,9.687693452461355,10.50324946620399,14.774793442855076,13.744079145535675,14.575157137647217,12.133183283508467,14.496395409523394,10.22573612602786,12.515385934546039,9.739547918366956,11.226458547710461,12.055674534010668,8.27422501854798,7.883051221657956,4.899633640853146,9.158944178370698,12.427260718920994,7.189309552463374,8.135094182425783,11.046846661671387,18.069362532659063,18.471582631961407,15.657258760172857,16.135216324487338,16.486094707360568,17.3638359912472,16.791270324100015,7.126966918602098,16.91241285985205,14.739640510658989,12.091803411496286,15.273650529522582,13.202627998987323,14.028718216005723,11.828164201671253,15.899372956599422,15.92111662921273,13.068891494577754,14.214027201505084,13.17847031998852,12.704637839415383,14.881015424258903,9.46781243296686,11.876819176699353,11.81713123697532,12.469373266223897,11.038398267858147,10.04896751869715,13.449004403361148,10.502186757192616,12.00883057863183,9.564442649300533,13.395531802086342,14.132540074776928,12.2728187973746,12.011420111034507,13.644459780024768,13.671263344213378,13.014601745629749,12.738709905133188,11.571030519385587
Var5,12.94953114700118,12.115114694503635,6.823637656376304,11.762083676496244,11.256553455977674,0.0,10.950302108285829,11.215389321536769,8.929067751533202,11.184316174319068,12.903053810297152,13.946035102698216,12.456439250294654,11.830627934946522,12.798897182603652,12.784762433278106,13.394490683201347,11.212375879470644,13.432733791407035,10.816940946004788,12.708126289493034,14.3851835475778,13.367602932646355,15.010892311251435,17.701942036961018,15.585795717588212,14.966943622159395,13.221868196644671,10.851189182689735,14.959499802942872,14.904940322143027,14.145188418827507,15.950738315139382,14.341149539931267,14.916645051256872,15.881269629376968,13.48629953706728,14.221214382046934,13.3816949464059,14.090372403482608,15.747691009816442,14.981836046694344,15.922506162466195,13.741889026624067,15.822191615628203,15.061368894550721,13.81937098309788,14.372535428876159,10.36260552724065,13.141438849986738,10.05506213776559,9.18242908659097,10.513684939550439,11.769665195548322,6.540916006686086,5.611238011370738,9.916031753636295,10.133077705451106,12.626442875950538,13.782022189430197,14.249613453195362,12.79853898090859,13.485583571723456,12.557052537510065,14.203879338620252,12.913260292846603,10.508942663470748,13.770770547079326,15.118468290819226,11.744674886755877,12.438866427845767,13.529015555955647,13.051865041045271,12.420382503583593,14.258837847764001,15.316268287904816,11.386804115597512,14.184473370982777,13.67684160852441,10.990377828909706,16.74626364844332,14.93788591535273,14.578976825894765,12.98828892403915,13.943826654433837,13.616636685446634,12.986467959335817,14.373227206677559,13.393149153613859,15.538422510365184,12.597075979330098,13.67461674044682,10.719185968432294,12.91608443319863,14.199163502862488,12.434800403954178,14.910291661220906,14.173651465611291,8.653830643907781,13.803175700254323
Var6,9.717122628282304,9.364185863389531,10.704620708644839,9.381240362367215,10.113938198739795,10.950302108285829,0.0,8.03309893052593,9.853633684206878,13.97166540436208,18.380529210439594,18.549039129536435,16.1509361539916,15.157275709200535,15.842072915520202,7.6889606171384814,15.35088718240843,10.960441198322647,15.309919087051977,11.862173660088947,14.776616950309455,14.982788297057773,13.051826871935772,16.42900907188318,18.084685973382054,18.76510395845525,14.79088340848485,14.301250590556721,13.3100149358633,14.45840965381774,15.387880964517825,14.61842383347924,10.565310317334546,12.730398095824102,14.070835299812892,15.323187674690296,12.844421007684138,14.573332275372659,14.298914957005662,11.36554456265825,12.754229242654366,17.293619216008103,15.748474050011689,14.945873255970222,13.574249483968993,14.706535764458954,12.137176768003629,11.942196216438234,10.09909485368682,11.865141133446835,14.00182331403891,10.952616893189617,10.712052353823854,10.90626598703624,11.481947235991338,12.214373675291238,9.705120627227116,10.370207349125796,16.064584769304197,17.716126004334864,17.56210047828934,16.165246115397586,16.428024927734935,15.797016507424452,16.57266123288937,16.04950453031634,11.182913215474052,16.008801154204505,16.0241990855272,11.263348730371316,14.66078032943349,15.290151768954388,15.286103660261674,14.431332275647796,16.77335925183023,18.49871206935935,14.476230292923987,15.731182176113554,14.336641416436198,14.44297296803604,16.55761217505408,13.589488571906,14.74364358795397,14.239958603104036,15.081860201350086,13.766926285073104,13.370036330421797,15.327241661254638,12.486173071826618,15.389714207268907,13.70916704629208,16.541588633443283,14.550944274746469,15.106160822235845,15.658409099033536,13.60152187854261,14.4228950382009,14.171196689781727,11.46119628172941,12.900259247389956
Var7,12.082839490175273,11.255485175379762,10.44182519941252,5.505196156785302,8.717859500165597,11.215389321536769,8.03309893052593,0.0,9.403013621817456,15.480598424832095,16.653403587776467,17.87749511348872,16.53888016653403,15.71805379367619,16.092402191985723,11.79198535831254,16.725951065740293,12.531691413196237,16.551667496290968,13.264486070873433,15.732933511892924,15.872766784261517,14.622250561658255,16.375913041398526,16.974627650611552,17.365359867459368,17.159502088411408,14.765349164191349,13.67091468690272,16.008343955716985,17.384831560184473,15.547944986283639,14.055383072840467,14.154700345794758,15.55889114231344,16.25796819942766,14.108043999287112,17.575618976952462,15.724196261589901,13.73221576268972,14.249681696157506,17.450875731507974,16.783717326391468,16.29705476635234,16.54243542028899,17.633692369629625,14.227159272525967,14.862733604643283,12.491913879719913,14.14859703469549,14.423588880100256,12.1244915220042,11.766557659446644,8.978041214407137,11.210568271790628,12.394041482226074,6.975006253397641,7.598397256639709,15.809780035006696,17.73311722617695,18.231699291170422,16.123007473926084,15.581003179229906,15.989988034522318,16.87547622922144,16.539114223998144,10.800341177300734,16.769961426746065,16.36202394336119,12.509021473120178,15.173405393334944,15.21069537427571,15.66546930695502,15.167769422908332,16.87911147977451,17.540120847033226,14.38782239606233,16.361906424753222,16.562575062975665,14.448106970423712,16.345920276919625,14.254141631530521,16.57330786107147,15.122110054689356,16.68374728414403,14.826793122558186,14.493708704318223,15.687731436235653,14.728280099215173,15.909106140607246,14.210879505523833,15.626710819791331,15.426279567982467,16.154085827085716,16.00213789527276,15.18229055955319,17.314502952138366,16.25719187308126,13.351725232448704,15.076071397720913
Var8,13.089007819162518,11.105986960149332,9.675152378590658,10.313083881679628,9.349023839584843,8.929067751533202,9.853633684206878,9.403013621817456,0.0,12.120704709227855,15.25284219735047,16.015345588424257,14.822355953759244,14.50041967695438,14.87900072254376,11.53061106257872,14.865276841179526,11.72486640701434,14.992601012200792,11.089205530129432,14.316336282014737,13.687614565603171,13.239404693670815,13.951826407553899,16.339389516232462,16.07520551372882,14.497308855696117,13.084235462201182,11.837771911239875,14.041666311651795,14.309068843726719,15.139600567414137,14.117548434998987,12.507364228856822,12.777866151134903,13.032613759938405,11.26499980297345,14.822489950135152,13.54086159335351,11.98222890730378,12.634947683696383,15.20209176614307,14.29681115681871,13.784375649200062,13.732994954936,15.33778587544735,12.196584590227697,13.8277251337323,8.766632852139896,11.264771639385732,12.773798641841637,10.280327244258958,10.6379815180255,9.771030685305004,9.787134952787081,9.921302207128772,9.091078574899319,8.295830623839809,13.173479029619308,16.48640172777554,17.251485501902504,14.704583603295472,15.448131229444458,15.484660156263056,16.477927309849992,15.110733222452206,10.154718099083452,16.051145100057028,15.70312916431637,11.635405954319994,14.078661885271048,13.992616243454286,14.239600179533701,12.874965166308911,15.913864283808278,16.2821163206906,12.408000582165023,14.238204264410225,13.458399465082033,11.930857226120915,16.191990516735157,12.69610460641892,13.369998982517739,12.963195321650808,13.50040796886338,12.962634272626358,11.6685785492912,13.534611853496644,11.228679021154266,13.754095352908818,12.083210416665246,14.049553568174924,12.391733071901976,13.363752582274435,13.37026427040327,12.595997886908641,14.636497511873804,14.437410941015415,10.372354990298021,12.259179488275175
Var9,14.820343380672767,13.43852858112482,11.686158869888903,16.26436785995146,13.965985212026714,11.184316174319068,13.97166540436208,15.480598424832095,12.120704709227855,0.0,14.597928054431243,13.910972118798442,11.941844519295174,11.732418531649934,11.819824450435895,12.898711426648044,11.593072726359589,12.31464038589742,12.583897874133866,10.736124893444797,11.043740645148853,12.7232173021102,12.061595072420921,12.383257081123425,15.808741605701499,15.709166212823131,12.41928060896304,11.562435011024112,10.184634020940534,13.659582437318257,10.411459489242183,13.196884359354048,14.031671707904662,13.5804418091155,14.214117950365342,15.585963147679138,12.639382683123266,11.160346553058444,13.24203827832828,13.898474823347934,16.188991462680395,13.926598468449152,14.208928504250391,12.528672621834591,14.33752342532327,13.56279965432183,14.150743996258125,13.738757573489794,13.182542758675222,14.119526999087865,12.966553908093474,11.83268017661094,13.282408347570922,15.682963135292086,11.238030427195953,11.426079038478125,14.339554841438181,14.870628965837206,12.664420437110287,13.966168838275744,14.920161877698241,12.635972486487558,12.22042964301012,12.98293065608788,14.285370508642561,12.150785507353227,14.206303349792261,13.106305796673325,13.3813084392027,12.108826446399616,12.596750297173793,11.941443583535714,13.015313499708903,11.649242227682045,12.939438781335083,14.428125875802085,10.058741164412632,11.03302830320722,10.015102627584033,13.756095768185084,14.903855876860435,14.939898025530011,12.647748205920358,12.936721802869785,11.46487311597487,13.195422988848941,11.660619209538279,12.67356803085427,12.720748571574575,15.37299023919695,14.528213670232635,15.26222697113967,10.570163452773862,11.429051642485536,13.13187468395291,11.944862834991929,12.61160470240858,12.597481730613223,11.839464577330753,13.90366156599629
Var10,18.529556804773243,18.567791154689655,15.126398691057997,17.021232338347613,16.244496781630946,12.903053810297152,18.380529210439594,16.653403587776467,15.25284219735047,14.597928054431243,0.0,7.885168248623831,10.208834197670086,11.522764442709459,11.724079650293302,19.552835436727985,13.076627610252121,15.47126726681612,12.659044076181441,14.785859089807575,13.083568520605267,15.756531361845884,16.84743985579202,14.436836114391927,14.739895649904092,10.681658197481713,16.824624886758592,14.313229830373338,12.949424494955139,16.795036497615857,14.988191879650966,14.935559753127265,21.40415154830317,16.739816010550854,17.523790197521144,18.96882978286044,16.155666456853343,16.706287146124726,15.12616724547653,18.516493133402243,18.81907707751967,11.85340420410608,16.500096600886796,13.284100849700815,19.147047244630215,16.629209736515733,17.45301298449702,18.627390005448333,17.359784397873256,17.126178629089388,12.271730358550526,15.428733928297136,15.840581052565081,16.37516737900683,13.477269996006921,11.791359039722314,14.984714005024646,16.30273326618659,13.047141121563943,10.994363835878039,11.419472240489629,9.88218744993179,11.752571884109788,11.716845357493995,12.98300720022587,12.132663546016323,14.68801315920745,12.604194375161033,14.425953667941224,15.581355365498277,11.89615737500899,13.237596946522729,13.918936471850204,13.770063270440497,13.508886037380492,13.74093003477282,11.781142691525723,14.176287070806099,15.770326628073589,12.161179468348006,17.04053454473097,17.56252008912778,17.099913222927924,15.026203925623967,16.41843509618705,16.367570542435832,15.848786011815541,14.103037890748267,17.47371387264155,17.321445161737486,15.03991231263333,14.484636943632994,11.189587589437522,15.057247752760496,15.097460926773604,13.837105096101117,16.949656566473287,16.738612705494045,14.461737485290355,17.274502932124115
Var11,19.24218787650319,18.18552397931319,15.135233128849906,18.49114668677176,16.826405444794606,13.946035102698216,18.549039129536435,17.87749511348872,16.015345588424257,13.910972118798442,7.885168248623831,0.0,7.969105959468622,10.565883642716067,10.26556947549227,18.54697451336492,9.733458153692451,14.4811752233123,10.774724388955484,13.534909015276812,12.163547739003466,13.708846581435827,14.363402270880744,11.877176013579762,15.163988573502142,8.407202933002607,14.031023551708534,12.481309267176261,12.441048799582436,14.513777244275403,13.644930695519053,14.938365467247717,20.66572324983807,15.495853607021647,15.363320708136092,18.648181533448767,15.408423683251497,15.086213872093516,14.137153638438232,18.32915449968783,18.157435617648208,10.960579121441224,14.667890935724769,12.815352438451976,17.65198566846666,14.315246266847954,16.436505525616372,17.12585642239836,17.160197633337305,16.824832724561173,12.533637801758385,14.45642751482684,15.288209136765973,17.52169429205351,14.000515831629789,12.128455041042088,15.33280836443785,17.602524258425316,12.728385898677187,8.479106810144643,8.355062223643062,8.075057807484109,9.801265123643258,9.70298489984419,10.802734081853654,10.34288486815482,14.87293973945313,9.680854609108493,11.388985617881753,14.462607340395532,11.160879700785134,10.8979361097108,10.53374455721295,12.586970282788347,9.733499585484196,11.195813824864997,10.35270747230932,10.852061036435087,14.99488355237538,12.796860366461743,14.232499597554462,16.98744058416717,15.530739478884676,12.5775920357509,14.17839306297497,14.003185170257787,15.149390004695618,13.126419450581011,16.957794886581663,16.432361964109727,15.313106426341268,15.3380208718536,11.270795520834094,13.592102419190194,13.287723994386814,13.518904035336854,14.905114291702624,14.75272782355581,14.052454379548035,16.887913824666807
Var12,18.281977674589818,16.330850621692427,13.441017863155325,17.333130934592194,15.442594004653776,12.456439250294654,16.1509361539916,16.53888016653403,14.822355953759244,11.941844519295174,10.208834197670086,7.969105959468622,0.0,5.665889052785303,5.703421905630724,16.313044571259574,6.905109895395512,11.680218280292673,6.915009202030755,10.297793003315327,8.203428802172114,11.62174385282736,11.350702014870421,14.11756499604769,17.604456923155947,11.359916676774711,12.294352110502494,9.597639568122917,8.308738590550226,12.59484580121149,12.688257851145503,14.644142059807377,19.17810914937921,13.801248876630895,14.509526707706833,18.956440264331007,13.85371118613051,13.92757871145416,14.21251538753001,17.302037666860038,18.190212530043702,11.110765380969887,14.647355698771314,9.961126165402078,16.46813097895635,12.039371083906875,14.5312623733418,14.058773456363094,15.639362958157468,15.632830309064332,12.601233570316507,12.617953854998255,13.867982161339116,16.4198516172761,13.04985439120852,10.766546524253428,14.255763290547474,17.259687544445335,13.76483267726724,9.69339959902566,9.619962807742615,3.718862333847517,7.836672137436314,7.5723952810789825,8.772134031730198,6.78580296155995,14.17911625430385,6.812955183269913,10.342287320002908,11.681056237241947,7.396163447250966,9.558194885913464,9.245316495463522,12.232136838513572,10.73951503362635,14.284438469070661,6.486015647022965,8.95462764412206,14.459059812207562,13.162344499570063,15.63312175523176,16.72497412749229,14.644933343715792,11.621845131892245,13.330956441407197,12.931949425753372,13.835177865818476,11.49416151990578,15.804228799559155,17.457240203439092,15.101422460441484,17.187898159655326,10.190565012382615,13.079650802444645,13.219131843757632,10.28776440778443,12.807173126761905,12.109422001051092,12.385679072414423,16.05647552624796
Var13,17.305573448205738,16.08379866587698,12.478875575556009,16.125134581170297,15.639287874612995,11.830627934946522,15.157275709200535,15.71805379367619,14.50041967695438,11.732418531649934,11.522764442709459,10.565883642716067,5.665889052785303,0.0,3.6915004809930183,15.836287718774816,7.605086405733241,11.33285668083574,6.101853685145752,9.595345061082204,5.307328305662732,13.405375494863154,10.033639920094181,15.86105706573511,18.227145703213864,13.524994127879761,12.534251391001966,10.520459289972484,7.640701788395779,12.704632341315708,13.925234396585726,14.497121548855716,18.55624452881108,14.855039627101318,15.555792959314553,18.944477177621703,14.808443045219256,13.552147695813101,15.520044754654034,17.47498213974804,19.095106670404412,12.79564242623327,16.053452445024046,10.275910063331542,17.191556869141795,11.915194251656532,14.385317288150675,13.355622511189427,15.675537305562939,15.63588170990115,13.388258383478059,13.138289380647583,13.99437508387595,16.47143597209229,13.022259235629138,10.935702429392856,14.371760622454836,16.347126018428238,15.435031971191496,10.814324443533355,10.97069353327947,6.011818161798832,7.105476142356694,6.186269887669014,8.324076749626801,5.112050946554694,14.691102607162536,6.831128584560551,11.861131458501463,11.57798870567485,6.005586246666075,11.576253196602877,9.358391668655003,13.166613976092583,11.879995221016468,15.749706403726634,6.110847215055305,9.556361307983464,15.023333905956338,13.9359677183227,16.570306028467503,17.72589631217078,15.744001925263877,13.626290938614904,14.073934487810975,13.78047641809566,14.63492039462483,12.523868142068796,16.247553962899406,18.522096459482558,16.113349753426974,17.351936582337306,9.585800463889303,13.952790055830107,15.13644383936669,10.149817771442926,12.58896476516174,11.992510454482844,12.775249887058562,16.344611515798736
Var14,17.7432587950695,16.519927924694038,13.300781502993132,16.694309407126855,15.972722480707938,12.798897182603652,15.842072915520202,16.092402191985723,14.87900072254376,11.819824450435895,11.724079650293302,10.26556947549227,5.703421905630724,3.6915004809930183,0.0,16.149737016952887,7.273205196505881,11.385677177325825,5.901605105135869,9.433763335082004,5.293560750284392,12.834011523250817,9.556634009590843,15.412828596146921,17.929789937341155,12.688942936652472,12.297657040568504,9.688549882522285,7.166070606304947,11.751640072434599,13.543596387526355,15.036840150829935,18.69052562658848,14.70187642701258,15.503234437908803,19.081396476945653,14.854500538127962,14.291113851634902,15.945423915720221,17.863014461822413,19.146709584395037,12.160448969334372,15.93177621313542,9.982609795334497,17.29271543222248,11.881999669078882,14.506774806994361,13.45026624910156,16.414086326653756,16.152920458181928,13.400469768016002,13.428122585592797,14.452377914113438,16.81078912988993,13.492901151063608,11.666519187081056,14.514376227896001,16.838077101554628,15.106214458956096,10.3946858383037,10.776510690030717,5.895844559628656,6.846769801909674,6.681547621634042,8.228260081769326,3.567503767467446,14.857792386546077,6.356389772286242,11.142690163783733,11.003573110387588,5.157147400452829,11.142298880213339,8.790160196655581,13.025762262144033,11.414933027517352,15.327292619022229,5.5937925297490745,8.074533400857014,15.123301705154597,14.462880531890375,16.125188651486173,17.68866402849079,16.053386900573496,13.867428366797995,14.156854858361706,14.259873633547157,14.840863815638714,11.968231332722336,16.40505437445029,18.63682241485871,16.36018892867623,17.50319464115561,10.186641596986801,14.358853525955853,15.034343949332936,10.44145849314823,12.784850178439003,11.860042116182235,13.401140462469643,16.807877193419024
Var15,9.733060833726494,7.115745915252138,11.006577360258097,12.994210983799366,10.703973415498398,12.784762433278106,7.6889606171384814,11.79198535831254,11.53061106257872,12.898711426648044,19.552835436727985,18.54697451336492,16.313044571259574,15.836287718774816,16.149737016952887,0.0,14.955645776574112,10.070427090220301,15.449014819619958,11.213307897415488,14.52955442253437,13.992494832066381,12.515138099024778,14.709666349582013,17.44066470421645,18.845205623455513,12.937389120347687,13.401518800284926,13.359080841543552,13.162255803717295,14.284482346039033,15.917378259851361,9.03603587858354,12.32563012000286,13.360067133284103,14.215066709634286,11.947610119392804,14.301565533379842,13.425600327390168,10.6036964546978,12.507557194429339,17.343562944987877,15.421882000446013,15.125638730860363,11.724599553740832,13.759806644486682,12.133712257979738,11.781632065731445,10.29455882162666,12.930752987010806,13.202292331442482,9.17393794741234,8.565086469117476,11.931556964328845,12.214475219125484,13.777859919973166,11.02930333910039,11.918467145561355,15.01677898284375,17.4443847094293,17.582106024603707,16.889734765446267,16.36929260883513,15.761760018745354,16.24289116096002,16.319051787138083,11.877533445679918,15.922690672897312,14.600749351513253,10.620284039432178,15.118838992763171,14.496841008729609,13.955548264532712,13.367972554322508,15.380287422641837,16.635594021648256,14.290228793273908,14.867078394750623,12.795858184174289,15.315182262157782,14.040331818363073,12.28710480594509,12.649557083408979,13.482863958582081,12.212834605162513,11.796812206419487,12.632418553468227,15.693365207048515,11.190801927816137,13.741746977233541,13.664424419002199,16.11562542990932,15.788874572689966,13.946856607746824,14.517907103162317,14.584823501601866,12.754270632604111,11.936507957035772,11.94670174225095,12.763598998661614
Var16,17.045643617869498,15.540898888151917,13.85865075870027,17.122017177441005,15.96118112790271,13.394490683201347,15.35088718240843,16.725951065740293,14.865276841179526,11.593072726359589,13.076627610252121,9.733458153692451,6.905109895395512,7.605086405733241,7.273205196505881,14.955645776574112,0.0,9.914478647465138,4.639793700281492,9.546485070943403,7.331206076796515,11.217348447704092,10.570729911391952,12.760068179803387,17.4114978462563,12.425937082683847,11.398187488041593,10.182576378432382,9.000203429518901,12.110644137085814,12.82692084268598,14.731933360161797,17.672165048983334,11.912851938658553,13.884887168657976,18.595326051750224,14.090944147532934,12.598442513769143,14.01786545098547,16.81418706703433,17.41660728191787,12.748441662697825,14.359125902237903,11.214861941011067,15.879322924338469,11.718237267666348,14.646104729188805,13.792345073030928,15.90502769871076,15.580766714147545,12.855069810209558,12.658590908632489,13.744653253855777,16.747634275939077,13.671442645981816,11.648599039894371,14.619583228737495,17.49942987125214,14.02318889430334,9.918409318509955,10.250560228394477,7.379192264108774,9.057827457275904,8.342317194038966,9.624406644743937,8.118074458366962,14.944904151433217,6.205848878120706,9.658557264470033,10.132254686863456,7.874240147209807,10.747932598781942,9.302702435222493,12.784110414521924,10.514600085460163,14.569394170070902,7.636463788759731,8.559656074555004,14.392595349542018,14.237942421600332,14.682638760237003,16.523989580947156,15.129333526386871,12.262759103823997,13.031070780109085,13.598954236850542,14.265906368609638,12.450170227232391,15.507919326797047,17.583444711027028,15.626314070231228,17.03973448996081,11.194530678132141,14.07230710571119,14.00611114005966,11.726630820678558,12.828017669592667,12.648030585787556,13.143822268196294,15.9193665500778
Var17,12.433513108505975,10.469111875804426,9.750965958221034,13.92317403028576,11.9804062224066,11.212375879470644,10.960441198322647,12.531691413196237,11.72486640701434,12.31464038589742,15.47126726681612,14.4811752233123,11.680218280292673,11.33285668083574,11.385677177325825,10.070427090220301,9.914478647465138,0.0,10.049381358178175,6.801146259487568,9.799122021197386,10.716249151498856,9.909574394862085,13.22265934269874,16.970910655922847,15.204383885486633,11.282280085838169,9.884444352120553,8.940170816894144,11.39602570460845,14.106093077621619,15.89780523550091,14.917189528067574,9.15375734209411,13.00178194566835,15.189180727408782,11.974212256112025,14.375051837786215,13.113284189546869,13.849286074061073,14.34564924887244,14.173013113276117,14.75088891187983,12.609466643553356,13.846828053391299,12.423537089507619,11.997000991416998,11.31913534726346,12.041915506651192,12.749212349414732,11.435052670550068,9.08553049542208,9.849044452209004,12.77886017661077,11.111960959346,11.290785165145945,10.00636974093142,13.393238791448471,13.688771118850958,13.9580881953508,14.799901554482807,12.631738000964813,12.420498795819505,12.554440501984075,14.233117668600805,12.530268404589112,12.04307983913663,12.011259979639934,12.469595306343033,5.652744785629335,10.657252917207154,12.042275249506389,11.298356502237466,13.147826422499332,13.654475396471101,15.94054579535166,9.965204025860924,11.648423563355767,13.284884886866696,14.121513051086902,14.995301759455321,14.05510128792674,14.005092438310406,12.928050571522778,12.694686557267667,12.870030742259937,12.78701978596177,12.989520541209655,12.428251948216252,16.39832338652324,13.735693216950486,16.49647377801108,13.0321115311628,14.4900904504181,14.148183636430902,12.563236748535752,13.15786006017763,12.273829159938709,11.500592673488146,13.911160241342087
Var18,17.382953864864398,15.955508563682686,13.960274690094908,16.821914012879954,16.080824752511006,13.432733791407035,15.309919087051977,16.551667496290968,14.992601012200792,12.583897874133866,12.659044076181441,10.774724388955484,6.915009202030755,6.101853685145752,5.901605105135869,15.449014819619958,4.639793700281492,10.049381358178175,0.0,9.626480913462185,5.954120586741403,12.609863544352178,10.823563059268674,14.719712197367208,18.111152248767787,13.558859213133646,12.49834234118286,10.957277490961905,8.992043538860973,12.570606339407716,13.763539653697148,15.709759030066548,18.13191240014582,13.18107888819097,15.246348610535703,18.933263981659376,14.960960761070025,13.481619067522265,15.213015916560629,17.484222210787912,18.400417614550843,13.149904901177257,15.793880928127539,10.893851078404468,16.758832152032234,11.589251051794054,14.755161562156264,13.634656528006929,16.23207335393328,15.723403905948347,13.422226661444792,13.343269381040784,14.02263195446721,16.756566584758676,14.31311683447826,11.862892830615518,14.703293520035123,17.294538212991196,14.830168879401807,10.10585177461865,10.711224620319593,7.259814068152451,9.105378152725097,7.916890045244601,9.537682421775486,7.068657759949441,15.070893056321736,6.494533862279729,11.126634472571425,10.129096018547692,6.336435874223646,12.219063485543217,9.636206853332103,13.329032268022143,11.740637059973405,16.027465258447275,7.642512805843283,9.932151089965911,15.356492399561938,14.5962873173794,16.28906425777894,17.398816001929884,16.082324900091894,13.803993390857848,14.477741702221643,14.498379232632212,15.125461714241839,12.916942591799398,16.17355046453759,18.505724894922924,16.069163900932782,17.29044282325533,10.822688459952733,14.939882072443218,15.415149632795645,10.999287190820167,12.927645053864847,12.66589518710672,13.305121243728506,16.36459045899154
Var19,13.775546434888232,11.099083987895867,9.561721925941416,13.997684533434027,11.540791968178567,10.816940946004788,11.862173660088947,13.264486070873433,11.089205530129432,10.736124893444797,14.785859089807575,13.534909015276812,10.297793003315327,9.595345061082204,9.433763335082004,11.213307897415488,9.546485070943403,6.801146259487568,9.626480913462185,0.0,8.260834309616646,11.126348798566418,8.797024767516016,13.016389941212324,16.506271288140834,14.779794128942985,9.667774901036935,8.403311256346608,5.775331217424314,10.007245856667394,12.573917896921468,15.326128546581211,15.723131202558982,11.045218413828685,12.674692526913736,15.469194118378693,10.622975831074628,14.095568136154782,13.20102251400295,13.189067549773677,14.759662560911076,12.820582488593706,14.463645083647489,10.98134080551698,13.179169726412105,11.079337867158314,10.836117751427278,10.736933926001099,11.722824190154384,11.7732503392101,11.034163268159956,8.608980958132165,9.829594654963913,12.593426769308147,10.144396752553769,10.525714236482887,10.540599462908968,13.120531824283365,12.996835640552463,13.355730135086251,14.486573250469487,11.063361792120057,11.294891771371834,11.091935847844843,12.465924238520518,10.49842010433325,10.6250159693199,10.838870548999063,11.222778818245589,6.865759303108901,8.527173994559453,11.040919542048627,9.50659951776445,11.422978261973524,12.537865322967127,15.198537445385295,7.361314691465333,9.244987707092921,11.760642786312964,12.572390937513527,14.8036671781506,13.076793308038406,12.742668627216574,12.503768081640521,11.239972729106679,11.23935683664071,11.048202863737657,11.471143037311274,11.320483259451597,14.988774341482463,12.460303415828685,15.993753433953191,11.08084731635546,12.926952891754159,13.116482881304014,10.511560251585715,11.079456693562012,9.785458246628375,10.985869533876318,12.768620704937423
Var20,16.415481476968605,15.327808056074574,12.48965879817709,16.066613615449512,15.772980799535114,12.708126289493034,14.776616950309455,15.732933511892924,14.316336282014737,11.043740645148853,13.083568520605267,12.163547739003466,8.203428802172114,5.307328305662732,5.293560750284392,14.52955442253437,7.331206076796515,9.799122021197386,5.954120586741403,8.260834309616646,0.0,13.562318536648295,10.02709278480022,15.67511672094858,17.34123455227818,14.797958653671834,12.388965011631928,10.83242024946614,7.386169742094843,12.786836606972324,13.756050735130847,15.009425469689218,17.592355271672005,14.042560059231153,16.05529285959792,18.621861445492197,14.862325946629372,13.75411008623418,16.333685724719746,17.294989858592952,19.041729422084916,13.778474515274189,16.87993177522994,11.164562574485139,17.0129857024435,12.439300137651045,14.749465414853256,13.536775836322658,15.99690902649085,16.035252060755642,13.636446364910151,12.931277056824289,13.59411757221408,16.569854846658956,13.65664812085437,11.986225467222068,14.353855649263615,16.36057035163032,15.672147794039065,11.004921769158203,11.763625982401544,8.596688372951105,8.065400048570758,7.465899183982286,9.518352624799205,6.776228830100735,15.200318055394478,7.676571750853523,11.596041321207798,10.006738525766849,4.817214716158736,12.475300063210941,9.868128600559626,13.42561302222722,11.92620838660321,15.605820357167122,6.520469307136659,9.793900762985883,14.788033283029518,14.982683413762649,16.155318206892364,17.618354082669462,16.068217243906716,14.540849742781479,13.885831457789852,14.32603839197527,14.77828303807956,13.320142562523433,15.808485074266155,18.553672554406507,16.667268673146523,17.406688764076552,10.956075171869234,15.147068868114241,15.964351018218862,11.356114152667814,12.985185387686704,12.065909394753692,13.424923341828313,16.37282066062413
