,Var0,Var1,Var2,Var3,Var4,Var5,Var6,Var7,Var8,Var9,Var10,Var11,Var12,Var13,Var14,Var15,Var16,Var17,Var18,Var19,Var20,Var21,Var22,Var23,Var24,Var25,Var26,Var27,Var28,Var29,Var30,Var31,Var32,Var33,Var34,Var35,Var36,Var37,Var38,Var39,Var40,Var41,Var42,Var43,Var44,Var45,Var46,Var47,Var48,Var49,Var50,Var51,Var52,Var53,Var54,Var55,Var56,Var57,Var58,Var59,Var60,Var61,Var62,Var63,Var64,Var65,Var66,Var67,Var68,Var69,Var70,Var71,Var72,Var73,Var74,Var75,Var76,Var77,Var78,Var79,Var80,Var81,Var82,Var83,Var84,Var85,Var86,Var87,Var88,Var89,Var90,Var91,Var92,Var93,Var94,Var95,Var96,Var97,Var98,Var99
Var0,0.0,11.240801197248903,13.1000601572966,11.703258983875669,13.243812231240744,14.273019767085346,16.356811359235184,13.010855475480918,14.992546586405268,17.265584973731514,16.401005541053458,17.233994821133482,18.056860144319533,17.513219239203515,15.532012168180673,12.413666406923934,18.373754573077594,14.565900151684728,16.637877378446653,13.952118993415398,14.373780835932262,19.1726787610149,17.99218186177301,15.923607629107082,16.556785632422418,16.271835630048106,17.03840507603678,18.539190936654272,14.084345637128767,18.540203485013315,9.432676404878967,11.66171310457199,13.475814484435277,18.762695292198423,18.32585546063992,16.25785785622647,16.918658199835797,15.36577538208935,17.93781335809544,17.817829684441342,18.199524044051458,13.806883146979462,19.01036843154015,19.42991941540603,17.108221406456604,18.62049041661164,18.356729584525606,16.22434056771702,14.23319672331182,16.395736537388665,6.9547298324838644,12.280921685784802,15.369287261140615,14.291040996342968,14.200131991992665,15.564552360437862,13.361640068072095,14.46846593205303,17.06816979564437,15.397723698066049,16.077568809644376,17.618889374405626,18.378774190072697,17.62332839871936,16.336823077284567,15.507110190690529,16.680461449695912,17.433483933987326,17.774593157935726,15.703524150619875,14.376850164978555,18.68488615500531,16.93587239919862,16.83821418725697,15.73608562460885,16.685280712492,14.222504802243195,17.844343813831067,11.817439682560478,10.665502114041221,17.392590431250515,17.177106045307752,19.779179974618614,16.499111596968635,15.935557141132293,19.48991753562691,16.696182368874805,18.13331711313976,14.977289251850333,16.77736010339709,15.176642583094825,16.05275586622904,18.603898582380115,14.660831395864621,17.91559950188952,18.52519975470989,17.94287324243941,17.644658018279785,14.812223701128353,17.01379375882318
Var1,11.240801197248903,0.0,7.776217425287097,5.114994923271801,6.368290250057929,10.580554284412367,15.183788759411845,8.878441482400758,11.806840851759487,19.20321266189834,16.46011041133225,17.772607619331023,16.839911391695995,16.64502379827449,16.27518395991747,12.769000815166676,19.17692547617794,12.753521701216771,16.11565374799161,12.054674382719103,15.09659125685513,18.360839495394217,16.98382919373738,18.941365383079077,19.660688138516257,17.44394439639807,15.4100448663403,16.731001404183246,14.327092988293437,18.249835454128306,11.760515191704924,15.692360265010038,16.683474009738873,17.10189484738733,15.190071627859,13.903008491031557,17.608492671792114,18.297387042020567,20.008773617099276,17.028976915327004,17.56492567837927,14.062175779447571,18.55400951043824,17.492244168003502,15.316651266502966,18.900964732229806,17.20522360321251,14.80714852318302,11.46499878824392,15.828518887675184,11.946652235453968,3.0927860155292355,12.837995308054916,9.32069480558056,8.602180030020529,11.868473117367056,7.4125180141487474,10.168235344819655,19.221984698368825,17.379256595783378,17.71415882872479,16.108158385753583,16.43198927075764,16.094498330965983,15.897515110990357,15.985470006614566,15.36400338529109,16.23141671657138,16.320680989956333,12.334836866619927,14.258538348445846,15.620359695846268,13.477811504885784,15.25540881098845,16.789892611595924,18.36929956386169,15.87687231460646,16.507945817095226,13.290703170969879,14.714586493405404,16.230148693031268,14.80278674150835,16.575577864308382,13.847469697175582,14.08984928504821,16.785468005768184,15.969673529891457,15.154154584760866,11.176143037253627,14.466989978244484,16.268317148034573,18.294191581722234,19.860333523009416,14.73132052332881,17.19436624470213,16.49744612069669,17.024867223099925,14.703219990226751,11.641748554788306,15.2873029874702
Var2,13.1000601572966,7.776217425287097,0.0,11.039379221058395,6.347993260402531,5.777989459136091,15.413607853552554,8.400064038244656,8.244580512145866,18.618609579017832,14.82456031761162,17.421302030506634,17.142951319938334,14.811660611788419,12.869049256703773,15.56772746301667,20.0251257110485,13.637247449295778,16.644251248025288,8.920539507990712,11.894376849524734,19.430184267682083,15.934337757323629,18.63706320176191,19.287782939549057,16.282732442834476,13.237973516563262,16.214529696190905,10.388882569782462,17.8518395888326,11.805245087717772,15.97648803556861,17.383026047537776,18.925081165503258,16.194856820388956,13.131766474366989,17.925607456543343,18.12195109443779,19.7479781554154,17.25596770129165,18.336234330725173,14.42508556974468,19.276036091001505,16.063354590996184,14.820241193825822,18.447300537275563,17.616060168608186,12.462771975158653,8.843032441722642,14.645897763824147,13.803738463408367,7.546952282093427,15.79357506110226,13.954182501389427,4.556276850559622,7.57950267538668,10.972372039948958,6.536945470906287,18.194894632401212,16.289047174967845,17.928191885346354,17.095941580986256,16.026201962862057,15.124771985713394,13.939355786387605,12.13442678706849,16.21767413283386,17.343606693929452,17.967287168353934,14.188285527865101,10.298711559073194,17.440174668111748,14.964416575976085,15.67893556305709,15.725427379810487,18.28077903870454,13.230644538044555,15.301993793786872,12.98836376501777,15.087797222786255,18.049017256981774,16.569604817740174,16.453962411297137,16.356274031243522,13.4729643395982,18.472304087286787,16.172974772043595,15.490642674132758,9.773538732650703,15.609367407314839,17.389418473763627,18.493983340762878,19.531718195825317,15.283492441885082,18.668288095469574,15.01847992016329,17.587366153969416,13.01365633999988,9.822339916790627,14.776748019144478
Var3,11.703258983875669,5.114994923271801,11.039379221058395,0.0,9.764740935005578,13.22945063448621,14.99318859683123,10.30147836921405,14.171160355432665,18.65566057115325,17.668531709023785,18.08338108048641,15.505638766669316,17.608669395017888,17.974309946137282,11.661835569823175,17.96221528802349,12.646804662721808,16.217708762190767,14.112885009149112,17.1134684514163,16.512713347485075,16.601828415974282,18.482042246992965,19.376116294539873,18.253869959865394,16.159739903417982,17.00080386810892,16.322870451482313,17.36023878868448,12.826100902212536,15.774193665292218,15.464393221225878,15.585816636908193,13.737640049657891,14.864775133896076,17.147076090025365,18.010125562561107,19.86047406513641,16.71961430466223,17.57363157648158,14.38357592082897,17.676092947301548,17.49629999295713,14.47664752545136,19.09925120642566,17.175919038187814,15.67049569706598,13.750591146650947,16.627524832668026,12.85132708455803,5.747946021671443,12.133412871407867,6.851272115167785,11.488215783205806,13.808853419608317,5.664711233756976,12.312310559449394,19.464732200544507,17.99363377527125,17.668696484287626,14.99806616910062,15.643297612424936,16.838968255776887,17.197063639094083,17.699478231478768,15.125744721632001,16.051603317451303,15.297699680340124,11.533744314172283,16.339967133020778,14.707035628920186,12.51305490713136,14.880901643530983,17.337707938349226,18.449978751363474,16.924009669427136,15.951038290765501,13.58851842884902,14.803742014725275,15.379478021337878,14.833122300130182,15.679394299910257,13.370918210348469,13.955322918029525,15.494728873802751,16.134612879109163,14.613056025904044,12.415696350119296,14.149679507036522,16.61374979731066,18.5141123555451,19.803614020937115,14.750764550767213,17.041920355839775,16.65227693732075,16.92379688062472,15.553853301207427,13.267999634804756,16.12090255037979
Var4,13.243812231240744,6.368290250057929,6.347993260402531,9.764740935005578,0.0,6.870574431596027,16.187824254592126,8.267730251516475,7.617068130752365,18.171265325788937,14.687035495973927,16.740429498748416,17.62059863628709,15.118630456730482,13.98494978065021,14.482918638095796,19.56549615339224,12.550292585355349,16.10067433776585,9.022733282601372,12.809178956008596,19.969708132510874,14.970081491968864,18.83727120461612,19.784637552484778,16.323083999632104,12.488307406580756,15.269879225796801,12.036204289515553,17.70602418426777,12.605890260560978,16.216683774178616,16.819738965618782,17.609209269755112,15.342930591440279,11.438329853608803,17.98912333706065,18.876954488877903,19.922829117150126,17.750721946017805,17.043848594127944,15.104079910965579,19.06110089955942,16.831524882756298,15.280358386370894,18.35008704060682,16.81029687112401,12.276284226817891,9.987951463046322,14.698497574826753,14.041634045771369,6.80640702925364,14.612947997891855,12.054586142613047,5.645608053857287,9.467092466850298,10.925966933137321,7.162341159811111,18.002968988492718,16.605768381460276,17.079752459459236,17.16700728069267,16.45040655560065,14.389823634343,14.094622872966903,13.60925108586751,16.70670117661616,16.124626688214605,16.58129364028815,13.035591141693697,12.001215154825767,16.43852466120936,13.793891092822028,16.241992646834163,15.792938107726957,17.85930190737932,14.286516882558299,15.201105706307446,13.455490458438014,15.627649522153128,15.812337780926304,14.542424003604063,16.72636786185329,14.362794968194898,12.477518670534966,17.31335459641611,16.10423997193387,14.218210823975015,10.335804397520008,14.84523710265628,17.357148086289136,19.090597115619587,19.42991397900623,16.430666399789466,17.991091689868558,15.55042245413326,17.3751194544407,12.685559767566124,11.523994355518573,15.319750782603606
Var5,14.273019767085346,10.580554284412367,5.777989459136091,13.22945063448621,6.870574431596027,0.0,15.373121446482777,9.938570729165114,5.470960909473871,18.07465454959888,13.653926740469936,16.506250501294442,17.10773310598545,13.865386688888433,10.773254894830007,16.19385544785424,19.907596050066438,13.454627026795288,17.129369863007646,5.8660823628567,10.196208145788608,19.224917020984037,13.838690301562135,17.587885983166895,19.033290887557563,15.698907743245478,11.093088124167412,14.571898617514318,8.317354959641383,16.78397469564739,12.76694074863891,16.069432825744887,16.905517538740813,18.56641639580474,15.63541141825875,10.83553106583935,17.354370557537198,18.650714744305628,19.457153534616936,16.964054799186695,17.31676606169475,15.27701322030109,18.925858993985635,15.644583962100917,14.93888197329644,17.44864865560035,16.20625139150234,10.553878599493958,7.4375420348495105,13.26839122392126,14.85994215179543,10.418941369766388,15.996944704901194,15.529664039716431,5.690883900116268,5.5570319909543615,13.097022192935068,6.087491149290245,17.182665279949152,15.731227688855041,17.459992851821468,17.29683515867795,15.996522608263557,15.085277590072863,13.873317881736629,10.447539161628347,16.18350321278698,17.722566457121676,18.416750246093553,14.655356001033379,8.999677297976522,17.118616354703555,14.456042112688007,15.413495884425924,14.653923683617633,17.740906149713823,11.980508860763592,13.411511187429412,13.209763607535011,15.464046098569227,17.131058638398827,15.955394940435019,16.19508396998087,16.402516641121554,12.237326257913603,17.945741448906112,15.675861733494884,14.113532030374213,8.813753870476905,15.107327893393354,17.486371760695157,18.80967424322522,19.08753034444132,16.63727519721859,19.042169584060293,14.512667793845731,17.328788952031395,11.34328234900668,9.79393796848191,14.478430584069462
Var6,16.356811359235184,15.183788759411845,15.413607853552554,14.99318859683123,16.187824254592126,15.373121446482777,0.0,16.289579526571465,15.549529103829858,16.912103199046598,17.23895027659696,17.389890757491653,14.109829009401958,15.985551737136378,16.567363441799472,15.041306444375211,17.926543821406767,16.021563126743008,16.12584995039772,14.468871688675,16.305831905909113,14.548108275698786,16.020055741094055,16.61713527861824,18.39759049614465,18.62178803080899,16.794832889334046,16.171698214710744,15.121533059553713,14.09836139456308,15.17233312252537,16.257799810766866,17.877131708794497,17.262480099270967,16.530825066339553,16.471136537583856,13.069056585392149,13.546257324624023,13.346623384962149,6.5609543805259,14.106623931944085,16.985226005978785,13.269058612394547,15.365940561599846,15.38769642547504,11.836975998382103,12.848086432515947,17.5610718907511,14.992426438280196,11.155593094788934,15.046471847311185,14.929070193170476,11.977070959690717,15.745645147297356,15.549340591193213,15.073732623132052,15.179681451305362,15.200244229063598,15.527110095349057,17.769851046036255,19.62384727772702,14.389004025035266,14.259474891915943,18.19569811643878,17.656446283317074,16.971602179452333,8.455256661187887,18.156624149873036,18.581865694519514,17.319470368236367,16.343915399532953,16.30352819982125,17.44774985122548,9.136597714153611,18.034945369181425,19.498159593540343,16.9975832048313,16.290229939877914,15.617794657936921,12.752725973209515,19.324930470029997,17.66419090361479,15.982165669851328,17.99286271421674,18.00216133206513,14.833695560521774,15.10663141101022,16.362492553253265,14.86870840854423,15.877541668553025,11.548440890242071,11.592083344646445,12.227572614769445,16.004640099917467,14.731443434839626,15.27148110265767,11.411983810062635,17.607301556605204,14.832451582941362,11.595482312898177
Var7,13.010855475480918,8.878441482400758,8.400064038244656,10.30147836921405,8.267730251516475,9.938570729165114,16.289579526571465,0.0,8.943498376520205,18.57749105609462,17.167256055558827,18.746621510395734,19.09784899005111,14.768705010381066,14.329820416215226,13.06921112724734,18.709715950785323,8.40434556129147,13.788515227342147,11.225568659135169,12.98619659951483,19.452360613517417,14.440706888912919,19.062377168993052,20.12844887663382,16.99418393640465,13.903222647949683,16.16134461065426,13.267734571218293,18.748260992292753,13.145665702143132,16.322023354054995,15.879755509581509,15.28476362500082,14.65455395636197,13.56487092400118,18.10625775851972,19.081868831321557,20.475713295165267,18.497276117087292,18.3232269936896,14.687120539430488,19.41246363617225,17.412988109208243,14.964320528498762,19.37795619534002,18.798430542592985,14.63331693335321,13.391583850721522,17.080177898234506,14.757155750434874,8.712837104036222,14.61131106404293,13.0412507854701,9.381134435760329,12.726037078775072,10.848338520725571,7.502401093995161,19.301998619421447,17.9849759685877,17.797260930559453,18.61700799978268,18.094708229466747,15.788517424898036,15.118056950918486,14.218553619835886,18.109754010195555,14.854246607643594,14.401162142567369,11.41760354319036,13.107001868705684,16.883735684997138,14.211929655796226,17.884889378744703,14.818929584540884,18.14430169898041,14.240544638955873,14.672941995446754,14.641913828481472,15.127806207737287,16.17596684405178,14.999870924159126,16.86898881589625,14.19490143155257,12.273452411466433,18.40294644999972,17.267666170467244,14.941452249489862,14.075770224077804,17.065676173357406,19.085274240250694,19.636959955943087,20.379517444424334,16.036809086832054,18.388178853769066,16.41357709489109,18.54530316728817,14.987116236595543,14.987224942413633,17.914591483437206
Var8,14.992546586405268,11.806840851759487,8.244580512145866,14.171160355432665,7.617068130752365,5.470960909473871,15.549529103829858,8.943498376520205,0.0,17.969661137981806,15.01115759538234,17.302035123398618,18.693251349411828,13.764057594510703,12.11791629902799,15.397880205393852,20.07158229643971,12.010454948194877,15.876661861551367,7.507873006876227,10.84990456193377,19.837078607739326,12.693713057656495,18.435152543811604,20.185359213025944,14.785383922933192,9.388551395706289,14.499155272828554,10.379719944609663,16.465774085941696,13.959061262903113,16.81489248792642,16.974447446219557,16.83311452569486,14.98192994488815,9.459308604837284,17.025422070318807,19.406110209951756,19.43186859965922,17.133425236804424,15.650801569272646,15.140878149068511,18.720344568897772,16.294079780807433,15.401919845585061,17.142177268483323,15.702573413985213,11.186812427291354,10.106240137521278,12.988960375216266,15.75161180109538,11.74802590224736,15.901217390312905,15.70296271522119,7.6768072759698285,9.518320685468398,14.833559386111775,5.065257257378059,17.5863202010854,16.872043675824074,17.786271028846176,18.878518969644144,17.123742913911812,14.568200122999238,13.619116379312361,11.871396939757425,17.2094923319589,16.556344945627067,16.873985957730735,14.37383097653697,10.875624398142135,17.24297875256904,14.962354606267489,16.68551757399642,14.803593736642346,17.918628752418822,13.182743734012607,13.688820304341066,14.197607547437695,15.657828180908808,16.34504735566387,14.287677217081407,16.900437445966375,15.618044806820473,11.016623376530402,17.697556143504286,15.745907218355988,14.426575465748508,11.572793023269384,15.561784863225013,18.27712369267013,19.18225080988725,18.851369816333268,17.159596176550192,18.35571874791375,15.499389692674637,17.176653600499982,11.707663447401659,13.123723652924248,15.468735222992404
Var9,17.265584973731514,19.20321266189834,18.618609579017832,18.65566057115325,18.171265325788937,18.07465454959888,16.912103199046598,18.57749105609462,17.969661137981806,0.0,12.85312168796733,10.954665340335938,15.10032325517085,16.457937189343877,16.583936970360742,17.307997501169304,15.351057175106344,19.018899747049115,15.91318378460431,17.761961641206597,16.750609640798707,18.1940114751633,17.46670843632323,14.786993957661519,11.678969854827848,17.446067099264344,17.530509668125728,17.816740497043376,16.189087383144738,16.950593978126097,18.41320825233424,15.86578976782694,14.193534596917717,18.94141226772688,19.350152303982554,18.45190050814178,14.414430746641631,11.373900284437847,10.944271541579857,16.966583998410602,17.70822672937625,19.44841267883603,18.107846630390185,17.432898991432282,17.039258439831666,16.314890785994542,17.72714581363661,16.477421067644606,18.212908320113748,16.153005479729202,18.090587799991138,19.436867805149326,19.755705927486098,19.230247863692565,18.429281799151184,18.208651919931732,19.62442510580832,18.57319685005861,6.229060772866601,13.218727547980045,11.670194000742333,15.458991073533221,15.426154839442928,16.5107460437902,16.68701766041446,16.277308533896115,18.918012729627115,16.891040519610463,18.49569423581342,19.28226269409939,17.368783384209618,18.55480748895823,19.268052134885984,18.21615339919256,16.606979801272253,15.631399182969497,14.551654634927862,16.858966080418508,17.970972721528565,17.706268911762223,17.902460412319172,19.713268344849755,18.95888973235191,18.716613929222042,18.029232900782585,18.579003643976296,15.895510348046933,17.476904249478604,18.62354937662523,19.53852180965462,17.08741087033616,14.99527624780101,12.320497399583537,19.565696250461453,19.295445973723304,17.45669025208819,18.143726206527457,18.077918229109446,18.439937327044245,17.735448822313806
Var10,16.401005541053458,16.46011041133225,14.82456031761162,17.668531709023785,14.687035495973927,13.653926740469936,17.23895027659696,17.167256055558827,15.01115759538234,12.85312168796733,0.0,9.11088482466184,15.390859174125437,15.42441000381021,12.537198534254092,18.627513478963532,18.143006885157344,18.491331287538305,18.140110313575285,12.934723792940462,12.595192657006836,18.581152670899503,17.484731163375656,13.315503570628275,13.821804121570482,16.050622683290744,15.300170643589437,16.636925872768124,11.682928393973977,17.398827369171816,15.323796024563395,16.110171041187073,16.72786745033495,20.061809572760193,18.05349607730265,15.638980047562713,16.55474047841804,15.143573440729073,15.54791460584193,17.12670577606948,17.791104060862,17.853097885847525,18.936096577176773,17.28693209498441,17.2566466363763,16.19971657167355,17.39311588245692,13.29466348471506,13.602382855939146,15.612774349760844,16.560160322541943,16.85529487958819,19.132595280228102,18.721867528747158,14.879025880993083,14.239548716449836,17.916389573019526,15.789967515288678,11.647434581093911,10.301996238279509,12.568893730547904,15.834858779476765,15.77894536851277,16.953710419820293,15.918090746193455,12.953152520995657,17.92361487823441,18.578884641323807,20.110302178454152,18.40925586546702,13.009206740358692,18.792050796136845,17.41152527019007,17.384091979061395,15.243368101044211,15.49226860450003,12.350819406084558,16.873698127647998,15.370045351603615,17.33597868826187,17.555483237547346,17.68213996703584,18.017060405576093,18.008786908926055,16.251471871995335,19.34806267726744,15.632644887347467,17.636747203411737,14.179219887911728,17.719099780163454,16.860982896397395,16.51680543048872,16.841299419293584,18.421807729436125,20.477245728108677,16.372744804250367,18.383448573672233,14.251752860724853,14.493947774556768,16.180690507700785
Var11,17.233994821133482,17.772607619331023,17.421302030506634,18.08338108048641,16.740429498748416,16.506250501294442,17.389890757491653,18.746621510395734,17.302035123398618,10.954665340335938,9.11088482466184,0.0,14.003917168782028,15.569121020790385,15.40644891489582,18.568334847718422,14.643270801225652,18.848595229263513,16.628401431560835,16.691063853397065,16.210462428609148,16.69541001573067,17.09738924504343,12.992675737401937,14.359346131587904,15.879779710139388,17.092114874218574,17.129345325334764,15.322558787233213,17.12071966741265,17.894666517503786,17.254961720549833,16.139648925620996,18.473126434570794,17.79108430048231,16.930620881581767,13.439041004163965,14.615295686545617,13.32385316382832,17.433421838239678,16.87426971717576,19.889740281207658,17.901285090947283,18.095978908551114,18.339331234969837,15.219989549578914,16.02040012975102,14.815272119035447,15.058957871681088,15.59858242254368,16.835212946075156,18.01793801443678,19.585112660509516,18.781136218902645,17.256265312743302,16.731588185623984,18.71579377418727,18.148254909511945,9.565205844875479,10.659446499737996,8.277559079140895,14.008950929492329,14.668465479233413,17.145940218068066,17.257735057821012,16.143987920503246,18.08685715605254,16.885678912502716,19.3408129063808,18.607358949217666,17.02750304113444,17.408355928913725,17.645099371418173,17.874135593264246,15.892227764307451,15.694113191516172,14.657296276877178,17.291964088634227,17.263741971789706,17.920814475922583,17.15556897411972,18.22379039835429,19.041203030438503,17.60443700062741,16.947729442375092,18.197684289015807,13.672143271445726,17.330738209680035,16.381211905362406,17.767489874121964,16.297354561892448,15.994603381141298,15.285379491873822,20.55628527175319,19.40538179438455,17.56420809443176,17.56604767232023,15.299178467212377,16.113447528834183,16.27655612827033
Var12,18.056860144319533,16.839911391695995,17.142951319938334,15.505638766669316,17.62059863628709,17.10773310598545,14.109829009401958,19.09784899005111,18.693251349411828,15.10032325517085,15.390859174125437,14.003917168782028,0.0,17.25692825459128,19.104623641153438,17.71680354456948,15.326505532281274,19.25807595480571,19.492544767938888,17.75460418498551,19.616667935642887,13.180931143006998,16.269155603865308,15.599702940892982,15.616299532801593,16.983389636417673,16.390852450872377,16.741022267556822,17.892999567122562,12.725455468696763,17.973763073320598,17.31972264742091,16.48052879506598,18.010791119411635,16.136734686295174,17.216615982111957,13.794400158820615,15.780613100877739,14.94667473657265,13.948297626102903,16.06524141384333,17.463845176923638,13.930539433547864,14.750746027519657,13.936257418204944,14.246979871748739,14.439851692208348,15.935282735884584,15.986870180114403,13.938389511596428,18.01252674682954,16.66146386925757,16.93987832488212,14.978349088223714,16.651118733632664,15.314494440480185,15.20359892121847,18.275534600009216,14.953116679371348,15.259097334361988,15.258554277424722,5.347493740828002,5.209403207375661,18.23101978551883,19.126795712765873,19.42281537245391,13.238409196814137,19.40055338797906,19.4764561035642,18.524599689046614,19.03912107404156,15.517062769540484,16.108418290772853,13.223246250848296,20.06107765206246,16.830383431336394,18.27873966387438,16.643273167987644,16.61614199400869,17.40068280020746,17.55270711960027,18.104293612200376,13.95182250343835,17.77846016672181,17.417472198691833,14.427649242218626,14.148009239362036,15.865660941844412,14.171044485889965,14.59517088232642,14.990036768536598,15.714244969605891,14.56409714885987,17.42132199372335,16.94236669644449,15.007353012900092,14.770119999624374,15.63035926834654,13.626463155362554,13.663081913609174
Var13,17.513219239203515,16.64502379827449,14.811660611788419,17.608669395017888,15.118630456730482,13.865386688888433,15.985551737136378,14.768705010381066,13.764057594510703,16.457937189343877,15.42441000381021,15.569121020790385,17.25692825459128,0.0,12.165154963971707,16.496333113960993,13.207098242568268,14.699824970869829,9.827877748039375,14.615642771488169,12.62071558142373,17.06542750857749,13.529686016555116,16.64860388464268,18.168658771113787,15.378175887955418,13.892738725496676,13.47656422206985,13.081615102696437,17.360549480988684,17.095861124911536,18.42422463178719,16.47658523923435,16.000881621121458,15.70566619184089,15.580200450386277,16.38809460628978,17.727562521165094,17.151795168192155,17.314392647524066,14.838716349239167,17.553170118363393,16.969836509211184,14.991543956001644,15.746402128767649,14.721921670998347,16.109586492120812,13.115300429630826,14.24652406793896,15.139634902758605,17.536654214688074,16.00405276987985,17.576688586018786,18.184524754707667,14.631196916835524,15.03084845547804,17.15056840104452,14.093388686664813,16.014575392523778,16.24234984743045,15.71244380962027,16.203615232265772,15.49813283178484,14.10672106415237,13.586158025296383,13.671245414218918,17.581661311547922,12.750799943915537,14.6774840158094,15.914921919472368,14.204874301896558,14.397972474339017,15.733843121228103,18.20973356491336,13.01671399485709,16.954575529307743,13.078183495618228,12.96322295613266,16.109304028258478,17.091514740731565,15.363023548408373,15.615439495847282,16.349901238202747,14.173134137812633,14.067596639981877,17.008001013747172,15.247339765150146,15.55967968939797,16.0812472515548,16.444651228911873,18.185473002126685,18.71870041007728,17.655302361114536,18.62009070089408,18.20079743423384,15.358698308545156,16.324126578564563,13.527182319255404,16.559480390829222,16.86408197353318
Var14,15.532012168180673,16.27518395991747,12.869049256703773,17.974309946137282,13.98494978065021,10.773254894830007,16.567363441799472,14.329820416215226,12.11791629902799,16.583936970360742,12.537198534254092,15.40644891489582,19.104623641153438,12.165154963971707,0.0,18.08892205187995,17.39400646730276,14.502983182930123,15.752542685042965,9.312156576327563,4.508633316917215,18.341599788297273,13.766969066131697,14.350417586261031,15.931034270557182,16.53709300334405,13.994073674140054,14.164034851272204,6.214427893833672,18.079211103292323,14.446237245307257,15.581458603324943,15.933619527199602,18.428940899420315,16.73003132507014,14.274490048929456,16.85355317096147,16.10193907408209,17.684667751237154,18.063034789886228,17.227785758024485,17.179612900777645,19.00351130659359,15.578709768390063,16.893764066416576,16.11300105476102,17.155802419971096,11.321169501620583,12.026778371313334,14.959698092705004,16.197080643605997,16.01458506379518,17.976091427683794,19.372712814401428,13.441298746899376,12.055321080633663,17.22843735018591,12.613073491131864,14.606668011559467,15.015510572979272,16.56021199272607,18.90378884011744,18.797656299839595,15.73317311476001,13.34780799573335,4.634497137186304,17.556998864749563,17.250483928754196,18.135795569353608,15.988024107445233,6.5952821831016895,17.645081197485414,15.446575727470163,17.044922207584374,11.495558143085349,16.04315589248906,7.307537027060899,11.851959597533533,14.065457374142683,15.665308077984276,16.969986492611234,17.338076792650106,17.274146028226774,17.18974411356313,14.004619776138288,18.479454462779266,15.756794629653687,15.211836957737361,13.652635261024678,16.947827810824027,16.904907117370065,17.570796078820806,18.132142647761476,17.082186946550436,18.992961099139464,14.149799799274756,17.036026621977705,13.232371580573622,14.271580279942015,15.815092803632906
Var15,12.413666406923934,12.769000815166676,15.56772746301667,11.661835569823175,14.482918638095796,16.19385544785424,15.041306444375211,13.06921112724734,15.397880205393852,17.307997501169304,18.627513478963532,18.568334847718422,17.71680354456948,16.496333113960993,18.08892205187995,0.0,15.085639726625446,12.112739527946156,13.074091554921072,16.17129467972022,16.92885822986798,16.346203016856748,16.16560668929038,16.957398497737028,18.318218086885327,18.07417775545652,17.762502372003674,19.494672992320762,17.587318233131196,17.753952356028933,14.019202780597007,16.104931923984154,13.778310831804825,13.966106262077654,16.613218613031325,17.09209777151138,17.530132290984604,16.004448060579143,17.319703855277773,15.549368423502266,16.678484557603795,15.747678829617655,16.598503923878074,20.068187796286413,17.803027080922337,18.38837222754716,17.330452771467552,18.632116144000413,17.79407653500988,17.998925142175867,12.836211761052201,12.864595646938564,11.563389026718697,13.367856374139057,16.094557115371686,17.732723766670833,13.713314381151026,14.904760063149133,18.603075579410774,18.371617278780874,18.161244151505205,17.18401266227816,17.904529712254003,16.562836529591888,16.939047848619527,18.06697024146821,16.5269634890655,13.599563820035506,13.024810460845373,13.39963005178294,17.360688510656004,14.786274098368803,16.088806959398486,16.466608223468306,15.28665876225557,18.098740937487207,17.929895805237457,17.976886874611832,15.580755160540056,13.430340940913789,14.356703165828396,14.97108675825875,17.45017650352455,13.393448526649864,16.55253256391735,16.499334445284827,17.59949192666317,18.11279469831907,17.50069038744326,16.313605802154356,16.6040923815217,17.25877426459261,17.329888491263873,16.739350475684056,16.41090597032581,20.00883545518084,16.755424830134565,18.572997042803046,18.45412400413287,18.798976203471568
Var16,18.373754573077594,19.17692547617794,20.0251257110485,17.96221528802349,19.56549615339224,19.907596050066438,17.926543821406767,18.709715950785323,20.07158229643971,15.351057175106344,18.143006885157344,14.643270801225652,15.326505532281274,13.207098242568268,17.39400646730276,15.085639726625446,0.0,15.864223272686043,10.884455284595415,20.229696307937424,18.37954806477682,12.891885220263994,15.324636537686711,14.395170734629886,16.065508040661975,17.423768737801115,19.168468791671042,16.86407049706323,19.18200717570207,17.050416743319467,18.817917644578035,18.151663728385973,14.489447680829565,12.682866386902502,16.069226261604346,19.660083490382014,15.81394899163859,15.33683201712299,14.752239900011421,17.648989101897705,16.063775135485557,18.824247191620916,14.565118982302348,16.638065438566755,17.361679859789394,15.371988347846685,16.771780859954166,17.904975889689187,19.566962463155864,18.826955632392114,17.494812229491842,18.567425896553694,16.78471436258148,17.583776849178374,19.99835916658128,19.406592439996903,17.802761610977203,19.924578731299977,15.89284547658082,16.67602004031567,14.51689753104506,13.923643679979346,15.879398051215624,15.576252286715869,17.037185554606182,18.374497620145746,17.502625036468416,11.803158855638356,12.492763561412207,15.942444613493523,19.33134077070251,12.441121507897865,15.91018611015851,18.236521322903325,15.084960018956085,16.643540014329183,17.826923216413753,16.471653891958947,18.103320557596785,17.57100223770332,14.208213461651095,16.831043441804997,16.50801248328916,14.513606721244582,17.774613179077097,14.812112144220693,16.50699817847156,16.959422572039063,19.837732033454973,16.726835870987287,16.723780430140117,17.291613395738146,15.608726571983285,18.953129613728464,15.399981221515537,17.59654819050373,15.28218054568237,17.246622835882878,19.737540896332156,18.390819446433422
Var17,14.565900151684728,12.753521701216771,13.637247449295778,12.646804662721808,12.550292585355349,13.454627026795288,16.021563126743008,8.40434556129147,12.010454948194877,19.018899747049115,18.491331287538305,18.848595229263513,19.25807595480571,14.699824970869829,14.502983182930123,12.112739527946156,15.864223272686043,0.0,11.811090860405205,13.373058302139716,13.28063153798366,17.526570911452467,11.389031339936436,16.894521712651464,20.40666033750341,17.682609145096894,14.201547436216494,15.498705976872696,15.398470391906871,18.041606348265308,13.881875638935153,16.371680819511248,14.20197793466595,10.318604808397014,13.093359925322078,13.250540784120696,17.50512603796692,18.750405626616537,19.516508446346144,17.977707141118422,15.94763190495205,16.38560981597578,17.913253151708563,17.632278439111364,15.902417323934408,18.196009897312557,17.338691215189638,15.407324678533351,15.795030122721192,17.44079569724027,15.139592679784739,12.094020092254164,12.184757208545918,13.60812556474766,13.59593260779761,15.660533589826757,12.761880386057145,11.739284634377016,19.589051885694886,19.126526832990205,18.249782026482972,18.69655809766591,19.036611381522768,15.724836436100096,15.450486440024273,14.918387038045571,17.579454153576016,13.073654993357957,11.077784284606473,8.348369969879014,14.75385848507116,15.186496046031179,12.565990372156582,18.006784281556985,13.971191586233456,18.583609014126782,14.994473131706457,13.689019366399467,14.973868737121318,14.33758075035499,13.392156464011608,12.71082989125707,16.487629756033325,12.741200844186976,12.001879287569023,16.64729561719228,17.35087843551178,14.515556327988312,16.24720188570455,16.409668228801028,17.80184198246625,19.595123497385718,19.496588789299107,17.671463836275308,16.86650244430378,16.875640616446535,17.160698929060374,15.362303446103043,17.193716319478085,18.254934745319765
Var18,16.637877378446653,16.11565374799161,16.644251248025288,16.217708762190767,16.10067433776585,17.129369863007646,16.12584995039772,13.788515227342147,15.876661861551367,15.91318378460431,18.140110313575285,16.628401431560835,19.492544767938888,9.827877748039375,15.752542685042965,13.074091554921072,10.884455284595415,11.811090860405205,0.0,17.54918466808975,15.21776203884062,17.336702496867765,15.277502947895814,17.326394750579816,18.800750133180514,17.186974768194773,17.320310771258473,16.348494741706467,16.834182947969875,19.0835059418178,16.348155808764073,17.598156471323087,15.495462510463017,12.516798331990255,16.310673050066892,17.623062426263104,16.737730798239586,16.21332615374931,16.15512075420357,17.479572274048106,15.370514761441356,17.651893540916273,17.099589107843876,17.26238935827782,17.246113420757716,16.358110869115116,17.589337795714812,17.167380914329797,17.73987983623041,17.646774152845676,15.82986911780715,15.475452040306038,15.209292724924897,17.00090188722537,16.84152293146549,18.52851394429421,16.9279731147027,15.83224446987424,16.5597810467355,17.591749885766205,16.149122219854604,17.89185875316689,18.55006934617305,13.412131282870265,13.966404155328643,16.335397117465465,18.29854659094617,7.812129047769873,10.05469252090207,13.660746029821295,16.95811860085539,14.306436561412102,16.632432997052884,19.240002703924134,12.889950804145641,17.867806743513086,15.866337294303818,16.014442016784987,17.043954464234652,15.985398968914009,15.204726202353644,15.31077217596459,18.2226133527317,13.386417620251237,15.957253426329519,17.415646042108854,17.113532070033628,16.788600152193208,19.59792526644266,17.944998523665223,17.45420194200946,17.91055517249612,16.86790819788819,18.434984624704644,16.096456036865938,17.734731636100417,16.499116588365638,17.2725404563168,19.616163852349025,18.665196812772738
Var19,13.952118993415398,12.054674382719103,8.920539507990712,14.112885009149112,9.022733282601372,5.8660823628567,14.468871688675,11.225568659135169,7.507873006876227,17.761961641206597,12.934723792940462,16.691063853397065,17.75460418498551,14.615642771488169,9.312156576327563,16.17129467972022,20.229696307937424,13.373058302139716,17.54918466808975,0.0,8.250555355337008,18.79471937908594,13.067259634922546,16.1018569549092,18.255406004294706,16.10715730184805,10.806656748285478,13.607160725547358,6.486757915226726,16.12495873590338,12.352447939938088,14.646008398174194,16.94718307792444,18.524409078591855,15.226755247805267,10.898449901905595,16.92803317746379,17.89433822196759,18.977540906129164,15.715702397874658,17.19865203110644,16.28869084314364,18.729555972044366,15.54454569842857,15.202373466718605,16.96088326574904,16.25711229203269,11.436374797497598,9.550490017518767,13.108138181287131,14.94162640533505,11.843910325997774,15.071796008444666,15.87226198347821,9.140984242245436,8.55806206460507,13.93955779578499,8.220793263425778,16.230539519282086,15.91827387388211,18.124832828398002,17.93765240259513,16.784589961078705,15.710640197521325,13.87953079927997,9.103518011354863,15.683815158046757,18.078413194451556,18.282964176171987,14.60536513845016,7.050996228368967,17.028604736609612,14.451465246003929,14.366433760428995,13.420398446586507,17.035117975489403,10.588743203729992,12.617535389926285,12.64442864264055,14.489770735514178,16.30186803310957,15.88950877331066,16.346517109343218,15.912029562660242,11.812232761359827,17.631940306783402,15.482547881639128,13.999309422276095,9.168497381906683,15.080001797750128,16.52946259445094,17.800902614903986,18.439129765203873,16.81808806554386,18.54931670773078,13.897281766811526,17.058474109027603,12.296627359715973,11.145348453847713,14.384235446790573
Var20,14.373780835932262,15.09659125685513,11.894376849524734,17.1134684514163,12.809178956008596,10.196208145788608,16.305831905909113,12.98619659951483,10.84990456193377,16.750609640798707,12.595192657006836,16.210462428609148,19.616667935642887,12.62071558142373,4.508633316917215,16.92885822986798,18.37954806477682,13.28063153798366,15.21776203884062,8.250555355337008,0.0,19.508908170396747,14.104211790695745,14.492195420497332,16.775243457733502,16.495623049792894,13.299705935502857,14.55678828815635,6.369452077961491,18.36638453606463,12.774867998709896,14.653505375323231,15.509894192176455,18.07390440380983,16.825839254165913,13.497291473769543,17.408249978129415,16.144532002143297,17.97947051772217,17.907572900758502,16.73213811584514,16.938521975048204,19.326428304046445,16.280421366467085,16.846718681160095,16.761845657911785,17.338535977613343,11.824515855403387,12.162464169067341,14.952684816583162,15.211760838172474,14.935433548765408,16.846348557336107,18.527431971163754,12.458904523721,12.447013409065264,16.99343988011319,11.763434404448185,15.204588767526339,15.447885173134006,17.130003930890226,19.479333454399665,19.09355016859779,15.32191470352345,12.66106219769183,5.627138088247121,17.971528788266074,16.868454233878033,17.466278357060126,15.354364113464465,5.838471539988264,18.152450962677097,16.01253070807592,17.509727102770977,11.704222228898528,16.824571646725843,7.905648049708023,13.115211943080826,13.600814340049636,14.98209879972491,16.734428095786935,16.541502931506795,17.778070758073063,16.76459615624327,13.503488539727226,19.30189216728809,16.39065582264629,15.92257729458887,14.002145121838675,17.264291339456147,16.91623052490617,17.961339159385,18.43284143331287,17.26306000936529,19.09067289654612,14.968155008616248,17.761127140034095,13.963349556409975,14.596317887381275,16.317710557480815
