Var0,Var1,Var2,Var3,Var4,Var5,Var6,Var7,Var8,Var9,Var10,Var11,Var12,Var13,Var14,Var15,Var16,Var17,Var18,Var19,Var20,Var21,Var22,Var23,Var24,Var25,Var26,Var27,Var28,Var29,Var30,Var31,Var32,Var33,Var34,Var35,Var36,Var37,Var38,Var39,Var40,Var41,Var42,Var43,Var44,Var45,Var46,Var47,Var48,Var49,Var50,Var51,Var52,Var53,Var54,Var55,Var56,Var57,Var58,Var59,Var60,Var61,Var62,Var63,Var64,Var65,Var66,Var67,Var68,Var69,Var70,Var71,Var72,Var73,Var74,Var75,Var76,Var77,Var78,Var79,Var80,Var81,Var82,Var83,Var84,Var85,Var86,Var87,Var88,Var89,Var90,Var91,Var92,Var93,Var94,Var95,Var96,Var97,Var98,Var99
0.0,16.531403806552003,14.44179569920883,17.339167866002033,18.81499568724985,16.713002690367436,13.15825811232923,17.09031697605969,18.05452423486397,16.887555003509057,15.351314046987094,17.753166030811286,13.422158408876594,16.3094222352011,17.160433213051228,13.5134860852893,17.875941711935603,17.18157193913618,17.078875159610735,17.769873958738362,17.75035122996521,17.465675071844828,18.30925967772116,18.85393047131232,15.5287445153116,17.42133835130607,17.888302042036997,17.44428170047185,17.854270503321427,16.556955269174892,11.623566977155464,12.039515560517602,13.754342636586898,17.694179662492136,15.938232893826996,14.19002269286228,15.331045170204504,9.818751150619166,13.235614512358346,13.107652403356154,13.547193120746964,13.283067478152445,14.239459067998434,14.60824200427972,15.488373887308322,14.473118336611414,12.896742979045426,14.490525602118836,13.891103830038512,12.845151466358883,12.783432017574968,17.862625510419313,18.044893796449973,17.295666050267315,17.431810927577168,15.436678629106112,18.50910280624213,18.383427779112655,20.023714592417747,16.535207087752212,19.58441131972053,17.649621282089708,17.313595723567342,18.41551210784481,18.75112809455589,17.80974103337057,14.640598821778356,19.89904594154148,19.45371847005381,17.916138381612875,17.704802412006668,19.56624574419304,19.927143110524085,18.09864767441363,19.618062129947912,19.316294067305247,18.7913890411397,18.373224014858906,11.808085027006925,13.15619868368406,19.65285904618185,14.468939065389188,17.359434553650942,17.616889913009008,18.536917786547654,17.04035222043188,15.62883809897229,17.61503034326306,16.320420361535575,17.031370545287423,18.60318196077559,16.17332175486021,19.90056282943485,13.813703744475935,17.92823055921565,15.349709577559716,15.534635981526128,15.906036901866509,13.38518511405304,12.903201097587406
16.531403806552003,0.0,15.31832443057908,6.969194153135305,10.968125329967831,18.270941928978186,16.75837340312078,10.9617268710201,13.482592695820882,15.0761240237599,19.67466782718952,18.039753396958623,19.175822782115496,17.750914009460576,19.045826415354053,12.108287420798352,18.495560804372893,12.507928593805472,17.379910826073036,15.043388363647267,15.102697909302789,18.589748987444004,18.98937894583051,15.5888775380825,17.3456573594887,19.18597473030195,14.086905210708862,19.097917160983357,17.224485918500022,20.373729026038333,16.763554148023807,19.686031613636622,16.501067243327324,14.716833270637286,15.831225281993037,18.71139947323222,19.50207020365815,17.69975632986226,17.869462822663227,16.747538332758467,17.37387029273247,19.460027559047145,16.769495272356252,17.275605330118786,15.148159906199846,17.55985954968868,18.442032621292302,20.52645415778404,20.13207456584481,19.912924639122917,17.11355663431129,11.049996697190254,10.664189762665444,12.587873746134422,14.876448942775369,17.583485979943468,9.052681955137922,13.19998832164823,15.492762432931242,18.59395656860737,16.08975116535038,16.328757447453913,19.85765365867905,17.523747334589935,15.751223647906585,20.78425029340156,17.924087770615728,15.78060764174766,11.96089177799935,10.184256665692166,14.668354206284794,14.68875958603638,17.84270064948774,16.177076787587424,15.05369251171286,15.388908160201156,17.880838120064777,19.44856209997436,15.249798550129904,20.074809419482403,11.958234182838122,16.12490164901403,12.35928025761243,12.27827278453672,11.530801695110595,14.599819717394965,18.511701391250394,17.280276999276616,16.005484317881432,13.230800904180091,14.57193947254742,17.367110694146575,13.931477451963442,17.66266412065434,13.924424025743855,15.89480748724012,16.890763619891025,19.728179428995336,19.667423101276988,19.508877276369383
14.44179569920883,15.31832443057908,0.0,15.063863111595811,13.704055484074797,14.838791796336356,17.276002798748,15.106790448163496,14.52845918052877,17.75846921169077,15.110089382288583,17.104496880952873,16.69149390441403,15.946022728499782,17.156336224705306,17.347243884695523,18.519972755605703,16.793033684940923,16.923468849847147,17.562005959716885,17.266286658985475,18.821304065329144,18.09376946729862,18.82411427225992,16.16531750049032,17.04798896287196,17.77380826979026,18.312842411177797,16.54748753962597,16.833094504172387,17.876124005027503,16.747862341428828,17.62669773870049,18.75344613599858,18.539485383444063,15.841500133213952,18.489720707718227,16.518152472895107,17.283678465238633,17.106810094392532,16.829005391969506,16.133966371469906,17.188933162259534,16.39902138582149,15.798561805894405,15.535477393930028,16.958404449010963,18.9128961849906,14.97937266280454,15.81569364099309,15.455971961671697,13.98662227471777,17.34036458240979,14.816565448576148,13.394903384607378,11.622082167331548,15.050422685444452,13.2943044544014,17.07849284238715,16.093191959753852,17.385518092252678,14.98177623127632,16.69185153512355,16.45610524561527,17.95878529601503,17.339725469060607,17.05626512938253,18.67403334823872,19.165938621095485,16.987084478888814,18.3206816585545,19.26244270126051,16.856554514783546,16.720479613374298,17.902788647209494,16.82819660599265,17.258154618026524,17.448385769432516,17.93566678323202,16.340406873504627,18.56731311027457,17.311290226256133,16.167646608372944,17.23894500277717,16.82948835727097,17.479638960210373,17.605551752005663,18.477342035045133,15.740756664717171,16.72270747048221,16.924716767753218,15.775001352493993,17.720752677839144,16.544539552688292,18.072084228258348,15.545727138373234,15.729366408423882,18.007134613852276,14.454856390254898,15.579903962805796
17.339167866002033,6.969194153135305,15.063863111595811,0.0,10.4495512373041,17.42958553857292,16.199537587618835,8.995884361660847,12.17283854405334,16.42441443382982,20.40379651902104,20.223617178132372,19.525187366764914,18.526432807950968,19.86437182229818,12.81568161183798,19.38326537029601,12.863978604837802,17.37871977608105,15.596566148055334,16.476544482571192,19.467616698777544,19.69895852638074,17.43190846741074,17.77956566974871,20.66374404440077,12.941302986654891,20.78364034350476,19.042052245066625,19.981254949113392,17.23410093768548,19.994601037429344,15.520481967535344,14.291571015941374,14.42631481397841,17.6733631979328,18.54834726391552,18.151977309430244,16.62645769074722,16.467920532432736,15.884202775942596,19.419296554079416,16.222397415649198,17.94070738678194,12.602878617353452,15.986982808967598,17.16721961638255,19.93151518840368,19.496815206719223,18.69516234161274,16.45742584762249,9.888838791244726,10.111812270540126,11.748163995016402,14.38789135556484,16.943960802910222,8.177444416988436,11.786482798676586,16.14769442248449,19.46628935221029,17.416511981660186,16.730970578643827,19.86937903891881,17.8973945246499,16.395159377679548,21.06021473084298,17.155797915882253,17.03854287575219,12.29781643605537,10.662876693077935,15.884984553326223,15.51607458549726,18.305015965946424,16.517863142935944,17.115069010494402,17.091764493966508,19.03186631369308,20.42830364663704,16.03804015410537,20.28142531550506,12.253949979616165,15.206207575594066,10.36513103842076,10.69750839348196,10.75379088806684,13.28241707803125,18.06894220856754,18.517553265968296,16.41513757133003,12.561242143135305,14.006679340917216,17.186623272651552,13.56918602106619,17.92895413288252,14.358841158664038,15.265290960894102,14.617424605893495,20.076703269839832,19.608319996618043,18.68517340931333
18.81499568724985,10.968125329967831,13.704055484074797,10.4495512373041,0.0,14.329761695588829,18.254994179226603,12.636353825149548,12.286417967445605,17.154832312518582,20.02211569179435,17.84807828432827,19.412832477074407,17.490324113557975,18.345169624223225,16.960953856930757,18.17219647801017,15.263355591742087,17.458005336660285,15.252467451075653,14.997524912865812,19.27587980017186,18.68595197726058,17.127156308416684,18.881907488781746,19.46391898130292,16.15706758729059,18.60862329988648,17.102171047770586,19.44466169369436,19.029785667287683,20.39688430716443,18.01377440154584,17.358997710935302,18.11024143232876,18.534716392384336,19.134037673742093,19.806794558417348,19.02428255216117,19.370956751056003,18.355447293288663,20.315427216412807,19.2111076856536,18.004829282182587,16.263897805227398,17.342277525608775,19.13350759663223,20.47688186608063,18.48741759101138,18.577389290954333,16.924986846669473,10.082505972607532,12.42609541200685,12.073044964834,9.665060390604843,13.859115519731647,10.46785206034006,11.579770242413495,14.206256609058284,18.198780891079306,15.742799807662909,14.17700108513151,16.572416349483827,14.979525765802554,14.076445606733452,18.065857713412665,16.621997420683734,14.922120120151591,14.825329498333534,13.601587641438035,15.351483738638182,15.999976426119805,15.394751302163888,15.917754493445551,15.714383089573886,16.452952627237178,16.808399932303814,17.794641857139545,17.99451239221908,18.64210594939508,14.504381844560152,16.737540628484414,14.23707614784938,14.900093007763186,14.272996835483497,14.460178028100245,17.984234367100633,18.646691018359505,15.865900074110105,14.550873110513336,14.67061830031435,15.067833385091529,13.787251483403068,17.989131069061322,16.20678328210734,15.992045042413276,16.610707376696368,18.3267406713422,18.0283067044468,17.66467001429097
16.713002690367436,18.270941928978186,14.838791796336356,17.42958553857292,14.329761695588829,0.0,16.279414591276115,15.581778831491008,12.14623034501746,16.57076978677516,15.87230411829113,17.384312531591103,17.465891690579003,14.254472440086053,14.217858281390331,17.448873901425795,16.69496543683903,16.96211109486935,15.825936590957866,15.388896249114,15.01059752581626,16.800609647126237,14.9397351947444,18.486965091147717,15.448190752805958,17.207586538201753,17.203890215449736,17.317277549518806,16.640968441385287,15.92393733497645,15.95378884890405,17.17524098457469,17.0543436261731,17.8875341967026,18.32912806237403,13.917153573847669,14.691530395665788,17.84995965310422,16.86801856925942,17.793850152535242,17.410408672015837,16.105072035904183,17.745381551504604,13.385147169304746,15.26737473679957,15.0027326407666,17.056920724015015,15.49168239669479,10.536434356560507,13.054351304370794,12.65586200401986,15.031965728219433,16.070332521135338,16.948326944609853,8.936021151834906,8.83076881409711,17.63818967280777,16.031161112803435,15.175192661024534,16.29505803156932,18.395906839221126,17.017707745540747,15.374617337915009,14.923540609799137,16.34888840673957,15.536551917335965,12.769107341474054,16.38708941525511,18.189151990048792,17.986392975418358,17.17721236882998,17.078476520253425,14.747150756282451,15.78171981407889,18.58637163279317,17.762254195485276,14.737628320901251,16.349173659016973,15.827641149889375,15.212123806862154,18.3373377827735,15.972517000553989,16.910241509251687,18.076289536573576,16.689464481949113,15.84950032692758,13.360150472643657,18.86756211982146,14.570919693786657,18.012742315473464,16.058507373346366,15.97632786747709,16.46800236372246,16.162792693454765,17.183797712494034,12.61874481875581,14.191575136810656,12.696894820679583,11.620350182372478,11.978336948511076
13.15825811232923,16.75837340312078,17.276002798748,16.199537587618835,18.254994179226603,16.279414591276115,0.0,14.161654726603516,17.25819805878952,16.687872900793927,17.01300107358592,18.46615493209893,14.350062733697884,14.760125755282886,17.473208843960006,10.964398451099774,14.331717307266,14.913747457659213,13.69737218468411,17.352145355724296,15.66762907370486,15.209310968974284,16.688596645005635,16.54710328579735,14.178959640467244,17.962365224536715,16.8703580620371,17.99727539866588,19.501711717414015,17.028940201146085,11.854363438244189,13.867336381256532,12.175181787169096,14.241740056680296,14.531582010568764,15.1549247789048,12.544277656890753,12.25873774303023,12.214392885428138,12.851542888442104,10.858386729975592,13.111726889290464,11.646623535187734,12.559575467025132,13.430211888772288,12.40746269193792,10.69275841365984,11.785473265069813,13.984215302828485,12.273904360754871,14.196459945968162,17.929306117602376,17.177671460956223,17.648601102771977,17.792883311879198,17.69429403058372,18.77429602832553,18.917468271321336,20.069052403096123,19.22923407972953,21.013472408459787,20.65247273829945,19.9706187526758,19.450555352868037,18.453113081977254,18.857382771109624,13.940616082649033,19.61866152337545,18.087301351837784,17.333382952414674,16.912946999549824,19.432396464916863,19.9686832745558,19.539924010168413,19.887245365576742,20.44569786712163,18.20794556126338,18.94610824223096,12.279340167422946,15.326424370350033,18.98573448456909,16.14983772728288,16.666843325331442,17.568188949482316,16.78717512159893,17.777313864318124,14.064397781212028,17.723812290367917,18.36273590306744,16.639257924029536,18.84715003552393,19.09733573200847,20.04300864784552,14.507801756535216,16.873043323469112,12.725380080232968,13.352213151138596,16.091682684555447,15.6342341007083,13.879679749859031
17.09031697605969,10.9617268710201,15.106790448163496,8.995884361660847,12.636353825149548,15.581778831491008,14.161654726603516,0.0,9.44320056205331,13.880800834665449,18.46657089280037,17.81348657971585,17.33410338480463,17.10080946747155,18.593972804430724,12.051788868522006,16.39790477612542,10.178768452001716,15.669791553830343,13.753207747075887,15.243169464116368,16.90519617649538,17.236918339150794,15.1792991945528,14.71064020194424,18.061222584928945,13.542409893393838,20.1891538775828,18.75300332005313,19.77505027786689,16.027266855803596,18.272939840259497,15.51736428921767,11.32081173052516,13.251062854842733,15.183114696093511,16.59595471432206,17.275668504048213,15.587419573238687,15.55067445480942,15.906852773526523,18.213004685363316,14.945279897889623,16.626966847860242,12.3479723592106,16.580429684576334,17.105756070953802,17.02017573721204,17.160111171318082,17.186654668828876,14.809791792982184,11.16251114484914,11.932167467499196,15.580324287654612,15.279429131439372,15.964295564305608,11.366196716026728,12.933659568903456,14.827553915301204,18.458003444656025,16.738814342564975,17.323330234477048,19.522085723880828,16.61897893701291,15.613312133995624,20.950226463559904,16.010487167042008,16.352776957260975,12.118203117411545,10.93430709147915,14.786004241246898,14.432870596286316,17.00580458488736,16.00430993555634,16.454861645543982,15.920883125959602,16.584589055299958,20.055625486754764,15.154949019027445,18.609119270374094,13.166836199013948,15.440453796730765,12.493068825267182,12.911151268156267,12.121537670454568,14.958775351746064,15.76088600413713,18.96597981351497,15.70663990909572,14.37833523121285,14.81174683725394,16.801073406810495,13.89172653345129,16.61136612606245,14.138325600134737,15.186732725566287,15.299227045864844,18.03271250683752,17.772724250232834,17.78206751223052
18.05452423486397,13.482592695820882,14.52845918052877,12.17283854405334,12.286417967445605,12.14623034501746,17.25819805878952,9.44320056205331,0.0,14.690117176287432,17.54168428513653,17.56118199606429,18.733447296205604,17.755478479117194,16.760535320108314,14.424810281078402,18.06755678227313,14.134298727192718,17.775032311503185,13.984835871006243,15.360261524427466,17.194061519505524,16.16316592441881,16.486314433269367,17.176544138511968,17.766493944244786,12.988082680224869,20.121265141260206,17.833985360777604,18.75216867675159,17.35797777766355,18.402239459082963,16.990676407543003,13.805018447359794,15.286898879337608,14.660290594084868,16.993861361869012,19.093672519686027,18.10743337189041,17.48858692953848,17.451765031606648,19.65016666514912,16.879765078822544,16.037812000646973,12.99370806450206,16.18729773219669,18.440000763414996,17.948151769280386,16.14933242779992,16.943025315353864,14.775898811548714,11.955966052342786,12.24069156355969,14.665514564601132,12.341645922942826,11.807932348776705,12.898658408283046,11.52161909998123,13.532594261448333,17.883132462715214,15.570823562638395,16.860361020650352,18.030430523804178,16.545126146583804,15.489766352951156,18.462222646138795,15.477616381724202,15.77857874421257,13.43257341501874,13.411660348431369,15.251548606772376,14.011726732082538,15.464858241293614,15.160623077246877,16.110993729349286,15.7662867195629,15.43857333097606,18.91858108241208,16.643174371875425,17.468055598450277,13.61690817280972,15.13229427423066,11.828116768769778,12.81420175768912,11.407472456849993,14.067688526174912,15.657462985009158,19.70334419695288,13.991185082851135,14.733236459685756,13.573582040035344,17.760902789769176,13.05532766085771,18.594438973918155,15.265626477937976,14.500711377402268,14.052609727996662,16.722409605620566,16.22493953936383,16.798334029654292
16.887555003509057,15.0761240237599,17.75846921169077,16.42441443382982,17.154832312518582,16.57076978677516,16.687872900793927,13.880800834665449,14.690117176287432,0.0,14.681804456781764,12.07456142981805,14.71149060220299,15.766409797174235,15.29283349466156,13.238346664339254,13.239167475049578,13.362312155309482,14.484475570942829,15.848147826899972,14.748245965018484,13.13868497915546,15.713196975973338,11.392652351259402,12.827696879678138,15.935416407113014,17.250067739214124,14.877737376207726,15.110677709938267,19.35993228802166,15.184159831387907,17.46563977564306,16.19191116472591,12.469385659712293,13.787198734241557,15.65100834900137,15.45298438800664,15.826580175321393,15.999131403224782,14.480164024489804,17.668735979747208,17.97637464391016,16.195020061184188,15.63822885382212,17.6925227747542,20.03384571636964,17.99403870542818,14.916989403479915,16.784687463636793,18.385715455986045,18.10383789567301,17.562743691765053,16.90351764217015,19.96521993846368,18.8446173594428,18.355798927003317,16.609787753453958,17.19543824218366,13.237889769926518,15.951401318748196,14.393998604029935,17.03471891251243,17.34552369928655,15.230291345711509,15.54006915066966,17.564865139581293,17.6532059442733,15.717548346985092,12.453917992489112,14.936051117895394,14.304275183274472,11.905254431915996,16.671872046174304,15.985823085498923,14.069195179490873,12.598650687145447,13.724827989798287,17.36419358023406,13.777437495980555,18.42144808803107,12.385677437156982,15.068045574017926,17.20149860987131,15.026813386759482,15.742032819552986,15.008014335520418,13.547562352717392,14.157351390913432,15.762595102384912,15.286075887006875,18.211730629484,17.53768057636917,16.470357199836034,16.716326878682548,14.215655363479474,16.778053518815202,19.276365207690592,13.61518833954159,16.90254287530428,18.584225035796948
15.351314046987094,19.67466782718952,15.110089382288583,20.40379651902104,20.02211569179435,15.87230411829113,17.01300107358592,18.46657089280037,17.54168428513653,14.681804456781764,0.0,12.566711559855,14.05433782726281,12.312925869645186,12.368314797088075,18.606229685451765,14.84986647336019,18.590318733003937,16.01277929884828,18.99066217304807,16.315091261177706,14.76955230720137,14.120697031257508,17.017108314911905,14.734542455545164,11.807058180644038,18.59152663015517,13.751870533510042,14.935870785923983,11.855220207224852,15.767230764364363,12.848448387192938,17.223364129828603,17.24215790560491,17.225027233330163,15.686571580677064,13.39117071827743,15.445277884819856,15.510840231729786,14.679857263280285,16.011010980248123,13.5038383350354,14.72487588755847,13.778162963831626,18.089734044308628,16.141815148248018,15.190416395785604,13.94944967596492,14.37192480446091,14.21863335114578,15.56962885638392,18.743003365125087,19.46158503755487,19.49068836683782,18.56899536717416,15.249916183430283,20.178823841753506,19.00447780143512,14.272376455069368,10.54549078690316,14.635739211219454,15.69241374507274,12.958534303034684,15.090634612891092,16.9183483138362,13.761324929691575,16.052437069401574,16.755008602444757,19.196480323750915,20.58385857628297,18.22173403441108,17.727250520094827,16.792871187238248,14.878643752696718,17.467929383750505,15.055090666259863,15.203605999096595,13.346483445156936,16.04829990938635,12.385207504533357,19.03808223518566,17.440298537065555,18.29434061808041,18.921808456086023,19.899538851192407,18.181551320583008,14.622992813217715,15.415528613815122,18.76190068801512,18.450900892199467,15.749040633794255,16.401102422160506,17.096268381084865,13.494499143623113,17.229347830705322,16.733905913893103,16.999950892128794,14.353848921026252,14.53821254623969,15.439574596308232
17.753166030811286,18.039753396958623,17.104496880952873,20.223617178132372,17.84807828432827,17.384312531591103,18.46615493209893,17.81348657971585,17.56118199606429,12.07456142981805,12.566711559855,0.0,14.312943107369223,14.92604393536798,14.151639587698266,18.53246699168694,11.252258844825706,15.160426836386636,14.268363454000973,15.260208507836106,14.856256253738527,11.395131604247869,14.234771770737826,10.446762601109972,14.522507492503536,9.201985153691322,17.935112232885704,11.48377027876736,11.707838641885676,17.089579355644698,17.290453660749133,17.319082581909242,19.381751933174183,15.730014017345855,17.4911288904071,16.261476371597958,17.715937103297325,17.678405321486974,17.94120233102483,16.67144123879383,19.28079491092315,16.696927438078273,17.756830825314047,16.933929627686844,19.89426654060332,20.157537698176828,18.995569175256424,15.547104575092776,15.878509770586174,18.698000308376518,17.977925327285973,19.31684778263045,18.748033198099066,19.786556299425246,18.398653413233216,17.814451766374095,18.89938285861948,19.413477270207643,12.441607968746965,13.83122115903054,10.679754110957054,15.401615147627352,14.791902779077386,15.46506240691712,15.484646293328158,14.286883930230363,18.2158059032872,13.397595852445743,16.694750752075155,17.173374916612886,14.74642167286573,14.801183865349554,14.457514447545618,15.734136159509177,11.937483841369424,11.65351127114995,11.247789846642435,12.656961333369146,17.044898375325186,16.09351989129185,17.29771956748085,19.080532953749717,20.339998111641748,19.99475010520476,19.097191007592865,19.87135428142014,16.77080826823183,14.699617755362638,16.17450179231208,19.27725687272688,16.64440650430505,14.510869109848436,16.134957651591947,15.94952270499051,15.725161368737016,18.84498484035784,21.427058817343337,15.433488351281138,15.031140351704156,18.81620783351373
13.422158408876594,19.175822782115496,16.69149390441403,19.525187366764914,19.412832477074407,17.465891690579003,14.350062733697884,17.33410338480463,18.733447296205604,14.71149060220299,14.05433782726281,14.312943107369223,0.0,13.462328913930618,14.364516380226217,16.945752356494683,12.77410557488388,16.1434983695179,12.96223961781617,18.24610978957236,14.893835792845133,14.794273132751853,15.620304772791098,16.312357783229753,14.95454602466183,14.5290239702277,18.832673290132703,15.044213300016086,17.3682157673526,14.942376957530485,14.090088022146988,12.589664366823428,14.904908901455997,16.14388584487649,15.753296252126948,14.747109548937278,13.96176427506279,11.60862259811462,11.928053030866772,12.985614932869773,13.892449474428483,13.922542570867408,14.857267284911636,15.2931655213097,17.39117202083009,16.074368858740876,12.47167760151414,11.98648906797188,15.161323534521449,14.196410614353605,16.726315091285894,19.87717949495008,19.591644120097847,19.56828665292246,19.75166762517185,17.762857281696636,19.797893802610627,18.98571479988424,18.9519807571828,16.089905229408334,18.57888471137593,15.660167310332188,14.57860941067339,16.343701581111524,17.02118576899493,14.323283227229782,16.469579409675667,17.56960944362207,18.8196155825189,18.502546683743198,16.086121854423123,18.175137124871043,17.687486519355357,18.66466480956834,18.33631073452424,18.00376866146835,15.508579084853494,15.097028239336638,14.856048538513845,13.798741577814257,19.42289411227769,16.564393676507503,19.986770966392864,19.27621933990186,19.977835396696857,18.36412823336422,15.004807199017822,16.74366092874904,18.564505029309625,17.957711149580454,20.74469246136142,17.11886747612689,20.068505391274865,14.431656971514062,18.332593775436106,17.925705074566274,17.596802742207117,14.89244253400355,14.950594645420214,15.752035229100322
16.3094222352011,17.750914009460576,15.946022728499782,18.526432807950968,17.490324113557975,14.254472440086053,14.760125755282886,17.10080946747155,17.755478479117194,15.766409797174235,12.312925869645186,14.92604393536798,13.462328913930618,0.0,10.285808079071014,16.91527464743937,11.78484894025671,15.531168062405108,11.594236706511408,17.406920080713853,10.0768871037213,14.666025496908023,12.213512667395571,15.685388127776903,13.131436909200634,13.13528737047291,17.80128444325193,13.322298568521266,15.812563819976477,12.911832419332486,16.247897490014847,14.885516545404233,17.316486782079963,16.240869311187915,17.87601705579842,18.164466446653144,15.14115885441534,15.419875148953324,14.867953165101593,16.315331885416064,16.793791663964353,13.448497907808674,15.250993395892875,13.045938833545751,17.510278024423524,15.708777266373447,14.926193817350295,14.306805869068349,15.181002661673752,16.010498434062768,16.51893730876085,17.570795239676503,17.69700555614481,17.366964668318076,15.899069158341431,15.850505373535288,18.69893992587297,18.34243968708443,15.866806048939328,14.12721682483185,18.37497948994224,15.916297947277249,14.540810927085792,13.44931018445945,14.427162487632565,14.20725262352306,16.246828948871187,14.408222758230997,18.046307739700907,18.50219071675132,15.10070345689668,17.071979116943155,15.832917591983556,17.459999152761082,17.357956722001653,15.963524506100336,14.029997891692938,11.53825926416634,16.41461846203255,14.505397744001158,18.480383282712,19.15590927868687,18.944546846554665,19.734873595637847,18.55193255405175,18.38118079302229,16.065942477319126,16.460000625859227,19.661125383181066,19.47358076816672,17.761534157832315,17.482536185552927,18.578264369243957,13.18781064293259,15.40725020723759,15.829341945518385,16.810333254325762,14.68709257823339,15.672636019927648,16.808011059157117
17.160433213051228,19.045826415354053,17.156336224705306,19.86437182229818,18.345169624223225,14.217858281390331,17.473208843960006,18.593972804430724,16.760535320108314,15.29283349466156,12.368314797088075,14.151639587698266,14.364516380226217,10.285808079071014,0.0,18.36549588328436,14.425347714118583,17.204932138767397,14.93306408633845,16.48062502618118,12.102223497350414,13.91257121886271,13.625881976552536,15.462332562570646,15.268089905330596,13.298514310583126,17.333282019381812,13.434517517472248,14.015093413979375,12.93253869413139,16.467995675285266,16.624181254961062,19.497421740793527,16.42442016541,17.778452019796976,16.879772162540633,15.73688490782998,16.663949892472882,17.18869008553278,17.352860941272983,18.452653866732543,15.726459170093266,17.284586715080746,14.899767708217636,18.61463623093248,17.232810999742775,16.9450542829829,15.965942499766829,15.897195959139966,16.691036930003126,15.152853323039247,17.336179225075806,16.806980636067333,18.44957141132981,16.233350444099493,15.43982556838083,18.151336131747893,17.498320389071356,13.957755730883038,13.024458865335353,15.36126385062645,14.545219694062592,12.71908098725314,13.130788767409731,12.731668149063088,11.359603538307317,16.032965584027437,12.670244222497397,16.484238419396906,17.482183208330927,13.481794035076948,14.759467983861876,13.792629605901016,15.533883496495145,15.08557322197729,14.26569868574168,12.07794138778002,11.615435791795406,16.643876820641612,15.596898572855784,17.362770961433252,17.64900834295488,18.64732087965026,18.49273948552708,17.58846325587698,17.168681081591323,16.434445776741143,16.43461010898931,18.018594022888458,19.2280709194168,17.622971699084946,16.48613471380873,17.030903621366672,15.703962860746463,15.561762145510414,16.799071833914837,17.390726063159565,14.148458805448827,16.34812942287771,16.82992439048042
13.5134860852893,12.108287420798352,17.347243884695523,12.81568161183798,16.960953856930757,17.448873901425795,10.964398451099774,12.051788868522006,14.424810281078402,13.238346664339254,18.606229685451765,18.53246699168694,16.945752356494683,16.91527464743937,18.36549588328436,0.0,16.082396402823257,12.714525340353871,15.548580300246243,14.948822274921628,15.07154169738558,15.67342529935656,17.091692817809538,14.820840723578112,14.255123131986348,19.290026039087067,14.697135584898898,19.214012130484136,18.554806299365357,20.3972638522675,12.519967987529048,16.22888897800947,12.686401234320744,11.55733527660662,12.466051697965158,15.456324596913412,15.790431407720368,13.741846782823748,14.54617619818134,14.164983001157657,14.388175281751964,17.02306338394164,13.817748340769802,15.09996212667066,14.223233872590894,16.5670560522853,15.414904733966326,14.97776375868504,16.660216387156517,16.743784317774217,16.255195364722226,16.72487844774899,14.980822170498934,16.654900929436746,18.094830014807247,17.83902294049635,16.298038567121434,16.913240644186438,18.953108902399823,19.55821004190269,19.36881052875149,20.53401145638565,21.03217687317293,18.57694549677764,17.188672441658507,20.996447747108043,16.1020632023713,18.986574260843067,13.307624894970823,13.4860997543645,14.85179614721941,15.486155035102692,20.024179741540905,18.732208730434174,17.717987423575494,17.740734336219653,17.994555932201244,20.60696503222103,11.900866224683336,18.48668977092472,14.190494563263158,13.637665019899137,14.169658983729446,13.213831732045582,13.450375975290426,15.008213481844274,14.94381894989297,16.92464258511379,15.457195455924726,14.52133964653124,18.04838896750276,20.289447003801893,18.409638355927232,17.442393037076634,15.25938740983526,14.85207461274815,15.359145879125013,16.36249302213252,16.97718714908534,16.594822380396664
17.875941711935603,18.495560804372893,18.519972755605703,19.38326537029601,18.17219647801017,16.69496543683903,14.331717307266,16.39790477612542,18.06755678227313,13.239167475049578,14.84986647336019,11.252258844825706,12.77410557488388,11.78484894025671,14.425347714118583,16.082396402823257,0.0,12.635737460347308,7.954992558366902,15.174570699627738,11.083561422076391,9.36249012208632,10.70551571762268,9.759319870579196,12.756388707282946,11.548593214420814,17.54668159292141,12.593190199748657,14.52662892949695,16.714806997080974,16.973921895622937,15.46829356387809,17.754065030909317,12.820228300012218,16.356105031095275,17.1258433269119,15.623834149057409,16.4431758257081,16.903378277527917,17.265537582037656,17.624568041401492,15.545552147368282,16.177575231773954,16.802853438698797,18.276802916139868,18.963703583460223,16.828093143659263,12.459158051832857,15.3564493312592,18.06034911007174,18.126371195281468,19.621093615333944,19.595478072288092,19.618641080501277,18.84230280226446,18.81095136051782,19.40864693461331,19.334956135886745,16.56894620669161,16.63718389622001,17.07324226163641,17.860701824422975,16.986478426170965,15.352134034617832,15.345381607276629,15.08510471495033,18.54778771132677,14.250232687228646,16.406796643632465,17.347490074079943,13.914892600494374,16.17282270478738,15.369830655091336,18.90212091733864,14.288322256154188,15.257855805610092,12.399457875788658,13.664776261133603,17.184281593923803,16.01620216835252,17.627939603050113,19.725336938412315,20.891029077964536,20.54075914743253,18.457559520034323,20.668458102293684,16.373810291554626,15.834502452086545,18.499207454404317,19.61997741831087,19.69159163263536,17.386148591757436,19.16210258129507,15.909181714335412,16.812514448459414,18.665969885875,20.038068635416348,15.579351582917337,15.90563145004662,18.766650696541568
17.18157193913618,12.507928593805472,16.793033684940923,12.863978604837802,15.263355591742087,16.96211109486935,14.913747457659213,10.178768452001716,14.134298727192718,13.362312155309482,18.590318733003937,15.160426836386636,16.1434983695179,15.531168062405108,17.204932138767397,12.714525340353871,12.635737460347308,0.0,12.426959693611044,11.170379277346122,12.246596548290858,12.506610365927903,13.718285576633829,10.681279207993784,13.350976899503143,14.848247590713882,14.418219971624344,16.74279012957633,15.376130394236036,20.139823995644264,16.611969376296113,18.53834276942566,17.453004222916498,9.308145961492365,14.86701957255442,17.09737617368975,18.036620458333555,17.296651626643715,17.175747619858882,17.038146902215885,18.450518664187737,17.401290795673173,16.494474533223386,17.368765506855755,15.384605641374808,18.831458999304758,18.9414562832446,17.38931064238731,17.74170159451299,19.78820544855856,16.707346351035532,14.081767121523388,14.620969459345236,16.99236363746889,16.922461573338833,17.995859719401317,13.008269923047136,14.969576414793773,15.31766003562511,17.057093668329326,15.889409765020565,16.998628329068517,20.06305228279442,16.98779472227265,16.06485506215864,19.52731658876788,18.149657564630708,13.632774087201929,11.112826109790513,9.26488549744851,12.716121152489851,12.111451355664528,15.07492748831693,17.42126016650813,12.819685928703263,12.937582352997207,13.882813803265169,17.63742113994241,15.54882776391086,19.210376497771872,13.284293333856631,17.84490844676535,16.142631901622895,15.905777486573037,12.425668061013988,18.055676433404503,17.100783938626996,17.770433030049304,15.459411352279316,17.20636023905261,16.362432475615194,15.80311679055476,16.070904758097452,16.115580359750847,13.269208851461611,16.66886134756107,18.65698016445061,18.217585894483346,17.48652909288049,19.745353041047924
17.078875159610735,17.379910826073036,16.923468849847147,17.37871977608105,17.458005336660285,15.825936590957866,13.69737218468411,15.669791553830343,17.775032311503185,14.484475570942829,16.01277929884828,14.268363454000973,12.96223961781617,11.594236706511408,14.93306408633845,15.548580300246243,7.954992558366902,12.426959693611044,0.0,15.497568587908068,11.128750383164308,12.542867247981423,13.517898650946671,12.783531872449714,12.17864099525988,14.351693552710504,17.08251462472672,15.197505392419922,15.171525736616044,17.690059047442436,16.18415558534034,16.993214082268675,17.138443426863592,13.504600374299924,15.98943856397191,16.534746637875628,16.30387998392068,16.164326908232596,15.58179936271954,15.974056072245412,16.625149858988365,14.768675159884175,15.733613179226174,16.665666223810824,16.84845527105319,17.740621376308372,15.68461914631962,13.48207039137623,14.811303074812454,17.364815264932872,17.973039937992684,18.483756611610676,18.50563580710725,18.580431649174745,18.060663235591644,18.299015228995547,18.37702388085445,18.3507717594689,17.529324109975253,18.31868984306404,19.170032660923265,17.972883852915967,18.08499778619301,16.362710686600945,15.7648750321421,15.63921721863252,18.30648558084491,15.023778055771585,16.69020415166495,16.562265077802262,13.684759675782528,17.169399034062433,16.300878127737448,19.98068749029885,16.43719186704476,16.81377583032344,13.314246676547969,15.00029790792298,16.524792674309563,18.071438489887942,18.51597246567563,19.23653654963041,20.130650654911303,19.906358813505925,17.826881254378378,20.355542039410825,16.52781526241508,16.4402856738388,18.56293081044667,19.739270620035,19.83963918058643,17.86944924805757,19.453617901345805,16.01595702318727,17.585835852003825,17.310433323367107,18.909135556234517,16.3853662096821,16.07388246642055,18.234254869796512
17.769873958738362,15.043388363647267,17.562005959716885,15.596566148055334,15.252467451075653,15.388896249114,17.352145355724296,13.753207747075887,13.984835871006243,15.848147826899972,18.99066217304807,15.260208507836106,18.24610978957236,17.406920080713853,16.48062502618118,14.948822274921628,15.174570699627738,11.170379277346122,15.497568587908068,0.0,13.546974304336755,13.72923748546119,14.234840343979512,11.303174536553,15.234850025950868,14.53936174628316,13.231709555556987,16.56984115453066,13.797808473509974,19.66440467752973,17.65476944453801,20.24238954753036,19.6025888223472,13.57883476421606,17.478598762619825,14.74744095915334,19.386187881600797,19.22253360155402,18.60038619268488,18.069279112124708,20.94507309484008,19.07326371732101,19.362980826418,19.188583635004232,17.745725465682668,20.579807802746508,21.329159703811367,18.11464413877511,16.029593900417332,19.63697422409411,14.964677857573532,15.231324276632218,13.99527472727297,17.34364386421825,15.0493942930589,16.62950410425112,14.70577766076203,15.67652774194934,14.338797443288891,16.479781201352534,14.499251091670905,16.11596555026343,17.80675242539451,15.35519054448168,14.034932908777447,18.17665234489564,15.158800565660927,12.676071613016124,12.183143620367389,11.091915275735923,9.848952334972092,12.78091441570521,12.95309275980547,13.689035586887544,11.163436836696633,12.766078851694369,10.039303819706156,16.56050363084891,16.892900345115162,19.565631253067288,14.195806109823444,16.365076904419602,17.394762066428505,17.551352703973222,12.882534367388995,18.322605212629803,17.679400098753423,17.106100495173575,10.907344483466249,17.768625744209192,14.669604880875095,14.912952018370172,13.724530484840766,18.60205076051832,14.245329265587715,18.11682246539645,19.53254695054313,16.708488176965968,15.053815422843194,17.54750131926184
17.75035122996521,15.102697909302789,17.266286658985475,16.476544482571192,14.997524912865812,15.01059752581626,15.66762907370486,15.243169464116368,15.360261524427466,14.748245965018484,16.315091261177706,14.856256253738527,14.893835792845133,10.0768871037213,12.102223497350414,15.07154169738558,11.083561422076391,12.246596548290858,11.128750383164308,13.546974304336755,0.0,12.813222766938246,11.559562111117495,12.366763119022528,14.88570231530967,13.769452245291983,16.070994242652784,14.806822383943988,14.40059431871379,16.88759292714657,17.640244190618265,17.45055928631854,18.990134150331283,13.801609181415378,17.974366375351323,18.298246277989797,17.664990472950883,17.015882376709897,17.49956963364329,17.3496172116539,19.19072293307328,17.441840216509043,17.53594341280597,16.081083850982868,18.489524416890436,18.281075328307384,18.42413786254856,16.962595234021624,17.53307985549421,18.899549784633788,17.622757322143503,15.903340759459994,15.763549036875707,16.597682306331563,15.332279176469712,15.953044682405531,15.93211228882078,15.668242393073026,15.852417839075908,15.937128471224304,17.235979707548072,15.72215333183476,16.57337032899211,14.140917283489191,12.19732438204603,14.58473947403896,17.250901438560167,12.406532589623875,14.63890354184076,15.13243401386247,10.680942319073775,14.457313623572784,14.421041072544002,17.041459220333696,14.068840597888554,14.105725315135864,11.938748285023246,13.03920518098518,17.11507882131787,17.155666203990712,16.214624110679058,18.84913690044553,18.8180869168283,18.69147232405884,15.57471021999292,18.226685861879243,17.489907833796472,17.330636098315253,17.18628573494047,18.717338726070384,17.50321698394253,17.98684526581446,17.043245151963628,16.592600711001534,15.464686751490104,17.249495128683442,18.436574734812478,16.069977526902623,16.923987644201933,18.36152981945468
