Var0,Var1,Var2,Var3,Var4,Var5,Var6,Var7,Var8,Var9,Var10,Var11,Var12,Var13,Var14,Var15,Var16,Var17,Var18,Var19,Var20,Var21,Var22,Var23,Var24,Var25,Var26,Var27,Var28,Var29,Var30,Var31,Var32,Var33,Var34,Var35,Var36,Var37,Var38,Var39,Var40,Var41,Var42,Var43,Var44,Var45,Var46,Var47,Var48,Var49,Var50,Var51,Var52,Var53,Var54,Var55,Var56,Var57,Var58,Var59,Var60,Var61,Var62,Var63,Var64,Var65,Var66,Var67,Var68,Var69,Var70,Var71,Var72,Var73,Var74,Var75,Var76,Var77,Var78,Var79,Var80,Var81,Var82,Var83,Var84,Var85,Var86,Var87,Var88,Var89,Var90,Var91,Var92,Var93,Var94,Var95,Var96,Var97,Var98,Var99
0.0,14.750018295642398,12.345296875847511,16.899342914453687,14.850724418758553,14.438793580934554,17.388931915682377,17.322145174331272,16.807202155922717,18.559613615286302,19.44365344305059,18.20164613832863,17.856415984889633,19.55400132254374,19.25642112114553,13.63526749191156,18.43861708155768,17.2579540148988,20.29529585148642,15.60710002011032,18.057293233161637,18.834776115082484,19.857293710176364,18.41396718161592,16.534817810787544,19.28232237260894,18.35414523404831,20.849273733228305,18.78629846949679,17.556681701734046,16.952861685506136,17.5301461016122,16.500652571066556,16.538749007037044,19.575910976520063,16.278316775594817,19.36251497411369,16.555497875764154,15.58857577717867,15.26642072405047,17.083539644231802,17.463288942450948,19.626666495914662,18.31238041666837,20.841239871778203,17.57946324743285,16.82099407783643,19.103610715608635,16.497069378316798,17.53397613711796,12.901048482863828,13.68980944158892,14.881479055093148,15.392178849838306,15.236194385502053,15.16241844847283,17.15981557840927,16.413227813605836,19.047164807569334,18.34298677822718,19.715004788150168,18.869547972929464,19.611289039407023,19.709142189756644,17.14601163924242,19.512420702931006,16.153845836359906,19.99133689240563,19.04192943045124,17.525507590216552,17.04158587174871,20.85140053098599,19.323345477493085,17.661066719147673,18.498061302432838,19.857017692676653,21.38734917648334,18.042557567161715,18.303286278711923,16.16595461992323,18.14293719271572,18.249268583585977,17.515576088378833,19.92935170321207,19.63331638201359,16.665123608642947,18.10960244068219,21.415991463600992,17.261135263517094,18.665522816857592,16.781182898271226,18.134553394975157,18.158154581889107,19.469664996075867,20.031403607320964,18.60781228964457,18.283683440342788,19.2802099836433,18.138072650298632,17.654821208170198
14.750018295642398,0.0,13.144295011317302,12.208731127621157,10.185379004851193,14.393192098867813,14.642910258776968,14.512494495888804,14.497791231612291,18.20839133844807,19.30512645632628,18.830637330400545,17.49495626204868,20.53216738390838,18.788150740938946,10.035038678071755,18.434300953315347,15.043733488011272,21.086159253447924,13.259474594810142,17.050202024367877,18.864319776985557,18.09317225848211,17.81494018921566,17.424146280789845,18.40903659754073,18.07244025687104,19.079845732936658,18.980222419865463,17.113013677481202,17.314978280468875,15.401974450284426,15.826432186308244,14.361177667921911,16.79817605306814,13.36851621706167,17.958389985506226,16.957467392759405,17.251885327321684,16.363305718396262,16.795534245301997,17.88889315918807,19.71811610405336,19.431747020721502,19.273934604465893,19.43101439646636,16.645302631360536,18.727698532280076,17.62099722495182,18.26781375854688,14.077472527871542,10.673430206592473,13.146207941332674,11.895107149146313,13.708793551730462,15.708956589859373,14.192579358236747,13.42773290482111,19.46815134997092,18.823498920932906,20.29669409813001,19.16561911824556,20.12746850952015,21.547883339096625,18.4618760822883,19.63900795026821,15.410966007629655,21.46043879022893,18.311587273094112,15.194699895082032,16.36889701803463,21.225625808810715,19.741160445926628,18.737336850421592,19.606016536033763,19.542152962609112,19.49756028702705,17.501733092985134,19.851297247445626,14.88951438423536,19.086491911962927,18.416171137666627,18.560944560745074,19.49840209551136,19.644060537364847,17.17067623876309,17.09841890166966,20.75976288678308,16.142998103333145,19.38461368732919,18.884444296805945,19.062333914545142,20.479914554481507,20.634175562157928,21.928934368642285,19.703583459198583,19.20985558571796,20.528336428756333,18.71523081767394,18.991419338423285
12.345296875847511,13.144295011317302,0.0,13.908601306597792,13.28328416897754,9.957507860960868,15.006139712202229,14.379205051357369,11.654611271238316,19.82446398945047,19.327280691073124,20.11373175111321,19.2381428627509,20.229162955593168,19.6956807514605,12.783030549190023,18.809102417262963,16.11901193279931,21.102100630153537,14.85096213216938,18.16747287884925,19.58305163259483,20.42307107972588,19.80469274595094,18.520338864569734,20.13227834974054,17.686678098266757,19.517323532288025,18.45482810843074,16.720814118399577,17.6336227866377,18.370229858032022,17.047257432576444,15.579947873112554,18.879114403642465,12.61569027326699,16.222883702375686,16.93068475431697,15.188288985572315,15.683642522036909,14.430073198381075,15.740879553246742,18.868352336892816,17.319684899315668,18.73498940494534,16.516308724338813,15.270623891607714,18.5113284819925,13.317327583712023,14.16835033862376,13.948087434420438,9.862036063828777,15.034113137784608,14.340574534524968,10.731889330506691,11.108191005618362,14.191504098783922,12.02507769598287,19.38848420126124,19.025376755559112,20.08653717943542,20.280642786857907,20.014651956170454,19.70620259049571,18.96534037849193,19.8984730278669,15.9056466291672,21.01382532551154,18.51446109327378,14.976844647542167,17.5987793925395,19.439836134974687,18.982256366158342,16.946755411554484,20.047455041417216,19.164851069278992,20.80829913591532,16.818752876060092,18.01018710689054,16.815086719294307,19.016587625295735,16.02721948735071,16.338050653406274,20.254685845541868,18.597123682155623,15.809630106378506,14.671171340580658,19.621073872829957,12.87114009228097,17.537815473297346,16.145161589135384,16.837815405968218,17.906458561680605,17.33891748641953,18.9367355536801,17.12058532351129,17.266039748974833,17.98306226106687,16.145401537684094,15.332663620137506
16.899342914453687,12.208731127621157,13.908601306597792,0.0,9.25591692339387,14.787640956706484,15.76096885768388,13.897148226723008,14.991530848472644,21.165667417240595,20.083855336662708,20.73164117722043,19.509871837163114,22.030025778571037,20.804131489792912,12.031250326594227,19.41130009648627,16.7316614280898,21.65060348460205,16.143815576626977,17.714907871401643,19.24230527490002,20.85173018877105,20.205521950841465,21.244134172205683,19.90150683962652,19.22987622909498,19.44639378157948,19.615212999870916,16.84242129407831,19.453717806510088,18.09534783422929,16.39189621337421,16.59012010731024,18.508538758617597,14.866673534302846,18.068451240888628,18.81859856229848,17.479625402891525,17.76443494431794,16.643162821058198,19.79019415797819,19.87581779981753,20.2226205526923,19.934480204940023,18.00309218010204,16.435376220112015,20.192047593124308,18.27795531158832,17.899746346352643,15.043618617376408,11.865684893136455,11.687684557890805,9.085370730366275,13.196496473318224,15.913859822201854,13.09363982341306,13.513593576793289,18.465364993836765,18.375822465246436,19.76729027682945,21.099586272351736,21.397340222267506,21.44863228459172,19.95549782610579,20.775300308217226,15.424466198850576,21.50306207402392,18.035837491156755,15.5126377752599,17.211839288001656,18.535644222138952,18.687767202852516,17.915938977642828,19.39375090425204,18.368159091760603,20.603717623191425,16.755445002453662,20.252400526052654,16.751002317179566,18.038881611248375,16.661989955500815,17.290511200633468,19.026084072421234,18.09674416729476,15.627082346736287,16.62528032073657,19.221825382488728,16.209291816606537,17.235156481081653,17.41072558578716,18.73059970968627,19.566969708905887,19.58283294806842,20.327401997422168,19.219026719277583,17.20488567347397,18.542974296994934,19.291458462491303,17.772655706109937
14.850724418758553,10.185379004851193,13.28328416897754,9.25591692339387,0.0,12.296844344335003,16.099629659586284,15.12114697849029,13.833090028850696,19.14484396623095,18.86407761522878,18.46748935010174,18.043588786430583,21.51999683998724,19.974140210400027,9.643566825232345,18.64757713218081,15.508551249478687,21.67796548331092,12.577401438881427,16.57550485945046,19.581055848267347,20.24419981917168,19.027816500226056,19.064234535910632,19.11475015463537,18.48712467026336,18.01513508372669,18.431337576362083,15.635237747691283,17.946357687901063,17.739187491137812,15.435667137187954,14.64445337996171,18.374990101492244,11.293189874976903,15.911679813311608,18.357136562624547,17.257423799527217,17.39012966439158,16.005425625180983,19.61815288745992,21.09277481734929,18.514520874328078,19.56442606293778,18.09735959006428,16.115916305348758,19.332027110052582,16.272422081098405,16.234325137931055,12.79239323322611,8.962839401138748,11.669740583555065,8.40592527573346,9.619356838971994,14.848752168089346,14.451249262868531,13.070196939896457,17.811576339767146,17.755486812869115,19.124314490414868,19.635418303207263,20.533888130800992,22.05990133386933,19.75749884929328,20.34621856019511,16.316674794493156,22.180735779962895,18.87492488333526,15.339296452023378,16.034860654056832,20.095393113083954,19.02392122007752,19.04828634267409,17.996347621370457,18.66539368091044,19.20923865195148,15.788599432349404,19.520320955236063,16.87395816310364,17.758630863590277,16.911278408299797,17.424667210021354,19.593054167306857,17.92845996743736,16.116002499418336,15.355320874030555,19.089704055106985,14.343424615370235,18.080014597099225,18.77179780229902,18.687201426721497,20.46487602317056,20.50042719169666,21.39119096957203,17.931966070831276,17.93863024763732,19.3457307996264,17.415940313980858,16.910277556578254
14.438793580934554,14.393192098867813,9.957507860960868,14.787640956706484,12.296844344335003,0.0,14.294810136314643,13.642300762413273,9.260793939743497,18.70044065481131,19.82676571202312,20.011687468278456,19.00018666595854,19.59487678710508,19.76905349170452,13.61056364377345,18.011007673395277,15.207951511144596,20.03473150488884,14.71378555982121,16.519452785347408,18.608130060203788,19.67495101891745,19.413966279118046,17.450439834708792,19.91516601951091,18.962480642828123,20.319557099096517,17.579348420831398,17.58786196320782,17.363705237602357,19.11972409922352,17.247587047474784,15.861925538824572,19.545723067924104,12.524940361812824,16.544655217175446,17.89182814506733,16.039485966732325,15.554641178024726,15.957708948250517,17.526122059881853,19.852865873904467,17.643567996394115,19.9170057405372,18.325310879986034,16.68603023617711,19.35301816589589,10.850087505667586,15.938226139918664,15.032313127642292,11.76794361449551,14.697647796253175,14.933244508814248,7.739254768229999,7.690696119177497,13.178094320448151,10.833411552405186,19.12647029416844,18.90535583895109,19.77226406155001,19.84732180319465,19.58655089184934,19.82871515232061,18.84367441815985,20.07731797676848,16.260212230773508,19.880801002440823,18.190010756168608,14.626965734188394,17.39759054671144,19.263218902473543,17.78867777216644,18.30854698307698,19.09621289287719,19.338938271592053,19.396101120690545,18.001971702086497,17.858298300006865,17.851184876327757,19.854226601640512,17.24866032451128,18.040727576916364,21.146668441849386,19.97525294835833,16.923785803439703,15.488876977026669,20.44955439053925,13.547605713160396,18.6993766897486,17.08819541930182,16.326899402138018,18.373450368675737,18.1991358725608,19.148608470179028,17.342911533280393,18.47218435311976,19.2874140302321,14.68662425172546,16.694720489735268
17.388931915682377,14.642910258776968,15.006139712202229,15.76096885768388,16.099629659586284,14.294810136314643,0.0,8.952977938231951,11.697784834186669,16.962407321255284,18.43317357033928,17.629309296894455,16.871763595657654,15.552946192031186,14.283634802306478,14.24446582801436,15.2384588590879,12.0541349299045,17.213532354630626,12.89020088282236,12.253888296057957,13.439708739870332,13.845458080237238,14.33481134466619,18.666636829566496,15.60934128781385,14.94668660208972,19.89243224251635,14.528321299417634,20.62526930523678,18.356072662718265,16.949061132126847,17.353664220802038,14.60836588449348,13.180041209897617,14.853724457715243,17.920935572256685,18.73041869976535,17.463983081654305,13.291047916558318,17.8853761483553,16.56898259874832,20.110154407114784,18.84547992415238,17.913139425239518,20.072713011449306,18.09193943025763,17.528194042201026,15.971597384075888,18.480304458871508,16.75440077589472,15.397516197786643,13.94206285273551,17.74651095057712,15.87245122361207,15.238471908656908,9.778158196667466,10.65354017230853,16.65602681554927,18.599030414177,19.07010699948912,17.921236439707886,16.37885399251093,17.097788754745086,14.28289984806533,14.616014544582807,13.574454884550851,15.379843437833454,14.183450047534771,13.168983111549228,13.51245172901739,20.517303255697733,13.266128580861114,18.252585500052344,16.816684861484422,16.589209902352245,15.5333797801446,19.854899713511667,18.564252183676565,16.53567161993691,18.498713103930623,19.48053629660442,19.351275010034637,16.98931208388546,18.483734295828647,19.133698234228188,17.62993206625216,21.537033601356462,15.425440263188866,21.301921406499368,19.896090409697464,17.267216368890764,18.691452419426405,17.606062944826448,20.634181204199127,19.279576510610987,21.320796462266184,18.865300679443408,19.6345908657208,19.18287099204173
17.322145174331272,14.512494495888804,14.379205051357369,13.897148226723008,15.12114697849029,13.642300762413273,8.952977938231951,0.0,11.317946399064466,21.39127345890789,19.682826773062725,20.12658685686695,19.028431138613936,19.68831612740665,18.714281637067284,14.757721844134704,17.488656864257393,10.019174076901574,20.223738217864376,14.589190249801277,14.943096445300991,14.147025987756283,16.65298362806184,16.75912402090818,20.210475321383026,16.828957487273943,17.596004667956937,22.39509061487509,17.31251658182975,21.736202033804386,20.737818416014896,19.086430436675958,18.9942612035162,15.129514152294927,15.883464872110949,14.092600374870251,19.917611432345065,21.055294826282072,19.830079884313346,17.7450562582856,20.124348433806325,19.74118251840414,20.63618583070676,20.74463612662542,20.400357818754703,21.14332605904285,19.94034639715477,20.472104884703672,17.712693170939055,20.816179899522314,18.939393388606405,14.959401563186333,14.804806884326728,15.95788554632822,15.196676627779006,14.761413793729709,6.020894961649735,8.692680052869102,19.53203762062611,19.7494848627257,20.25760093973497,20.77315539614437,19.44572082317345,20.17060347905683,18.124357283796787,19.122820336172172,16.387350373005486,18.32203669697158,14.338743234581182,12.951811225171143,16.587779357997203,21.279500845835788,15.76723561460319,20.207520785187423,19.65919518550941,17.84393077973,18.69761403611413,21.75392060248778,20.92619087250944,18.44512067360733,19.202936257632025,20.928344771461823,20.59271320518576,19.047850030487968,19.73761286665301,20.402672528620265,19.16714113623513,22.138052778933293,17.609348096344867,21.367282084394912,20.785874693256314,19.70088526391362,21.035135909798083,20.03666670108525,21.59579430679097,20.81930603184401,21.869536680898428,20.90655985340336,21.27610530963628,21.48792315565333
16.807202155922717,14.497791231612291,11.654611271238316,14.991530848472644,13.833090028850696,9.260793939743497,11.697784834186669,11.317946399064466,0.0,18.94737264011184,18.755335665397094,18.802750825865463,17.768635992148642,18.647514773838687,18.196375583978096,14.730523717071597,17.323878918953117,12.12888560031897,19.69227399643013,12.993545292175517,15.21193512287824,15.957382386181749,17.65284296414993,16.880072354595544,19.096959688549155,17.30065437443674,16.498514464324632,20.34346288041897,14.93899945292031,19.899832910112,18.424328780560504,19.40475125704004,18.31650977055701,14.359611624764304,16.730656873005714,10.270463672840046,16.150014328742643,19.94851397225561,18.422000858889824,16.75179648844013,17.758952447216316,17.98060737439652,19.93198285693382,18.211840704657483,18.39603922893976,19.833939873212223,19.04159885894849,19.210197250575984,14.094376533948072,17.343206416897125,16.91081371672475,11.512847896851442,14.80361280749359,15.199087432926612,11.585879879881263,11.241106148105592,10.135263597383563,6.5531903944197705,18.57713402031327,18.77380552883936,19.15026192830852,18.784191249100747,17.538482807224884,19.058648406980183,17.802264199405176,18.493048244305736,15.812541093549106,18.686348019696712,17.29018768926536,13.832291162706507,16.369201140187663,21.219390538046326,15.968263587823982,19.628655221329595,18.58716383221155,18.53322972579772,17.541952125382863,19.80841937962697,18.7365452378965,18.9526970675338,20.40639721135816,19.68188782475728,19.4770182269472,20.31889779715344,19.864712364198432,19.583950204476167,16.153006334506475,21.511963784282823,13.708942736381074,21.00145039420948,19.97175861553785,18.638160386346712,20.507620277833706,19.566195016037973,21.079591161708105,18.37743501440597,21.023146406476982,20.541724514682382,17.572319825228803,18.64526273636497
18.559613615286302,18.20839133844807,19.82446398945047,21.165667417240595,19.14484396623095,18.70044065481131,16.962407321255284,21.39127345890789,18.94737264011184,0.0,17.91997007288337,15.324339250624762,16.764877031096404,14.187739357967,14.348550310374968,16.91410353297251,17.24258514671707,19.41006211455965,16.537753952585216,17.30076844652824,17.179982522196596,18.65304080288921,16.309510057706397,15.89493946196161,16.129916805712604,18.34337697217785,17.256215373975866,16.90001800132371,15.889051808429528,17.928131831364826,12.9099191501552,14.96568268305224,14.664558768378104,16.418791013432422,16.672306980221204,18.49788143140951,16.245439625201147,14.565245150235496,15.287322685319683,12.907413005560429,15.982590258029092,14.311247210839712,20.012768786288056,17.15953896717514,17.006064676260472,19.06055982749848,15.896091303328175,14.761162559865394,17.3039391744136,16.074012581755724,15.6878363875575,18.771827769049672,18.720963703089726,21.21961101806779,18.48690645671404,19.66468104685849,20.873586397799464,19.61376497161377,13.599613991468516,17.826896030852602,18.326331091853877,15.536240862212171,14.760598686658518,15.516345969361897,15.372418685513972,14.366012927912443,16.613199909232666,16.836044481195643,19.43145799378103,17.959536864939928,16.671610543400416,18.49953299735634,17.503734719724722,15.957415431159164,16.193701117672006,18.38010770930881,16.108119630333587,16.802295592862734,14.836941758888193,16.08266759920458,19.582513804785965,17.29330261594926,18.17542719653575,18.018933465952703,19.10969417091734,17.17226857056145,17.69804335938252,19.230286642941635,16.938804279927595,19.600921439187687,18.30851025123185,15.825707945530665,15.727889186382662,16.083137470986696,18.72825822810733,17.174626009834586,19.125705218745487,18.604029452298217,17.485042860538414,16.271040672786658
19.44365344305059,19.30512645632628,19.327280691073124,20.083855336662708,18.86407761522878,19.82676571202312,18.43317357033928,19.682826773062725,18.755335665397094,17.91997007288337,0.0,11.722412428425644,15.325933385579171,16.562927765237845,15.444661049612188,18.89034182660599,15.256501511973642,19.46754163933867,17.690049290726662,17.12707346324675,17.160850650396213,18.544208494676997,19.33933106762655,16.127756701235885,19.462855444993828,14.653096616553908,17.201339809258513,17.3825150510343,18.089437723641517,19.55365208264172,21.64625303063241,19.10194420897333,20.253948721850552,18.01391281209018,17.468484621209505,18.485468697481096,17.830357737116454,19.195238333671256,18.025038947271536,17.484239744295753,17.867297021509703,18.941302997802808,18.06137536215224,15.59685513353324,18.455914461101703,17.21093518722014,18.76961975379424,19.117667786839668,18.632167708239088,16.86341575324049,19.04015653400408,18.356112870677432,17.465919744273798,18.62081597584772,19.566548204982578,19.824885526338225,19.1286028159514,19.081710727733835,13.459084424129587,13.387976274945936,13.30553207361086,15.134495615075611,16.91921989173979,18.87929159870884,17.830620036253848,16.77873238412904,17.606458609424763,18.60738185716212,18.47663073094057,18.98646034877857,15.577768302808185,19.53250088056906,17.464734755992563,18.26141996662569,13.36793719498912,14.800745689801309,17.01275711777739,17.63528450236699,21.307701681902746,19.54063878806468,17.841226803632956,18.84664697893276,18.60826479120047,17.30752232421842,17.876416794010698,19.053572564498005,17.375144428899766,18.30457527212002,17.444226195611346,19.089239433436585,21.525020590807987,20.838926133060937,19.753435345111185,20.03963611851493,18.62202661431424,17.010361351356543,19.3705380148758,17.658188835667502,18.87539362236649,17.08893290237442
18.20164613832863,18.830637330400545,20.11373175111321,20.73164117722043,18.46748935010174,20.011687468278456,17.629309296894455,20.12658685686695,18.802750825865463,15.324339250624762,11.722412428425644,0.0,14.358293562437174,15.168182880882425,13.396563217096986,18.193552345067555,13.304581562154777,18.088625168314916,16.919732065495197,15.593830078791196,15.43566506921218,15.727140454979615,15.983121683925624,12.18690334377512,18.10420685236484,9.765133720855752,16.178401640607387,17.601604551903392,16.472440414888542,18.418991777346555,18.509086985181828,17.754726116405994,19.05246368283941,16.948139756658453,15.414479909498612,17.792637289344277,18.539837053567563,19.1801315216389,19.365361650169337,17.18711623772299,19.79539658064068,17.44611067517305,19.089931368866036,17.935574566517296,18.2875706538081,19.860942776462423,19.5507458747724,18.86892688578708,18.9771804209052,18.452300296584397,17.110099302551106,18.274154188354185,17.463463902043028,19.187316444971596,19.920559407428552,21.025110772100028,19.495202325383858,19.748666197508168,12.68802104659571,11.713488208920808,12.18343585554556,13.876032045074314,15.535261708255476,18.835578144313967,15.335816021071745,14.367773134984532,16.23143360340684,16.84838505333169,17.891042251723757,18.718785178185133,13.901414495249195,21.054020855689565,15.368662019812032,19.528785195259477,10.25406532854528,13.45657650214912,15.689557713859449,17.4445762073942,18.723210762486627,18.23712611327119,17.33006173572009,20.245860790549937,20.359435732285935,16.925173334686484,18.182407150683837,19.632776601358515,18.35893233643429,20.750761847658843,18.25422544673448,21.021063294147908,22.348408887314896,20.744302757379856,20.940828316000232,19.812067804497985,20.331943358184173,19.15908842828819,21.18014179893839,19.35092573770757,20.940329195948877,18.934133063185403
17.856415984889633,17.49495626204868,19.2381428627509,19.509871837163114,18.043588786430583,19.00018666595854,16.871763595657654,19.028431138613936,17.768635992148642,16.764877031096404,15.325933385579171,14.358293562437174,0.0,11.70274926921048,10.921931574366658,15.986589168297366,10.67665495489062,17.379827081483707,14.020941220993604,15.612384022029326,12.711562062464132,13.255764076324365,14.68620079276526,14.478955545922831,18.52443852614071,15.147658284660048,16.015330445182038,17.818907110154854,14.700754892870656,19.608796350280397,18.636318576447344,17.68837883050511,17.287442613713086,15.77544026214551,16.21165506542704,18.69849795435956,18.4997044507852,18.995128172137807,18.95658877713909,15.544524774184222,18.97410904814494,17.94060584196854,20.730337443951456,17.192772004192033,17.504316541906626,19.10696191706917,17.750989865500824,17.044451178911107,19.210024156697628,18.688783862787403,16.69868476017008,16.9029316513703,15.932531667235232,19.16434270793519,18.8616047832756,19.38132560107621,18.37561437064585,18.18003966649595,17.00662762323728,16.29635710196194,16.611903706194944,7.387011813798673,9.769060449711931,15.063474464892591,13.241205901294864,12.027748042919171,15.755458054152546,14.88255185356916,17.531743034292603,17.686046769811004,12.4220721812211,22.078309871575414,14.429895557983404,18.59917329466646,14.15908969321656,18.60153485730331,14.257005848674806,18.29329808584076,18.483177748990983,17.2969661367084,18.71861571300701,20.140900987028765,18.96816007646027,16.317160926044732,18.06761408058183,19.04329099693547,19.54560684136696,20.611361126499173,18.426396431005976,21.29148872088771,20.808731965646714,19.74577750181063,20.506459319702284,20.49638043338644,22.443460237892683,18.27580215014647,20.95642968822194,19.017493268083964,19.64346307923292,19.19884626530873
19.55400132254374,20.53216738390838,20.229162955593168,22.030025778571037,21.51999683998724,19.59487678710508,15.552946192031186,19.68831612740665,18.647514773838687,14.187739357967,16.562927765237845,15.168182880882425,11.70274926921048,0.0,7.23625769134796,18.39394060958972,10.60511921898902,19.293136351069464,8.371262483758873,17.76400914284712,11.43972396561337,13.082278532262697,12.753640470305095,13.939089144973847,19.958577801945708,16.66734792566774,16.610365525202933,18.561995715304523,15.240559905171246,19.577018697177447,17.18303197899781,16.50044237005069,17.22568861661584,17.73160234741592,16.22752488648086,21.528366575006487,19.91480624743967,17.26548570530864,16.813279939725426,13.35414798906154,17.910883293496674,14.6771883799067,18.540058649745703,17.586620448280915,17.67573103183763,18.022563270498072,17.3946700352459,15.940234979506874,18.239782162323472,18.52932027704596,18.112362180773943,20.404861076231207,17.3075389091325,22.641201568733564,21.111513905237448,19.38838607480271,18.992946121887694,18.78413403209912,15.77282395965184,16.65032165256143,17.55375691400009,11.715400945438304,7.964671844339368,9.08217270932346,9.639656471653096,7.341905757978543,13.962193661549518,8.826099254455157,15.972411270138144,17.734140119691226,12.187023451751635,19.607139254868592,11.332570856881793,15.92757120629418,13.522016764285842,18.209361583181995,12.838920422483652,18.13662891434548,15.642075475977563,16.284219981462165,18.37275129053567,18.558954298075943,18.80689849900206,15.745730154298965,17.79960889413343,18.051203294049817,20.809405615847396,19.938022589330448,18.661368797366983,20.17249422904812,18.41760534640337,16.257580985932144,16.423679801455915,16.14979632912198,19.778208583756427,17.5344401286825,19.55981334252224,16.35900033106341,18.910830784406063,18.10461127531777
19.25642112114553,18.788150740938946,19.6956807514605,20.804131489792912,19.974140210400027,19.76905349170452,14.283634802306478,18.714281637067284,18.196375583978096,14.348550310374968,15.444661049612188,13.396563217096986,10.921931574366658,7.23625769134796,0.0,17.411975399038365,10.647288586305416,18.364288449717765,11.27590689592472,15.467642548969598,10.205649905961495,13.645598506997391,12.64935651019479,12.616572853295722,19.07470012200477,14.270287995027838,14.89667263503102,17.055352784520707,13.312173953757638,19.069377090841098,17.22576331309729,16.343743627887676,16.99158533310864,16.445358975283032,14.117511327087191,19.965958415088046,18.520325330039984,17.414886361258525,16.79208866136911,12.99022059639742,17.89570036071434,15.38641307300004,19.36728899418237,17.03489623827145,16.472331673765552,18.543121431941408,16.956188061857436,16.291326107561975,18.31088447541545,18.30224935113706,17.038095649210636,18.894533691543707,16.100337302795392,20.68553749702163,20.53958428805663,19.768915617967547,18.28504049147144,18.036196263409018,14.93161238632479,15.608342712112496,16.26011702231897,11.274685658289863,8.769075203180076,11.747453032326792,9.708293439735495,5.385787157876401,14.312261489171863,12.12428404376997,16.506783316458144,18.24661883081981,10.331969081427085,20.62382475420659,11.396868405285456,17.185779325503443,12.69039003069904,16.33508883400884,11.918756343469049,17.327015947523606,16.679565231983492,16.392474371879604,18.0717211967352,19.38654209501421,18.96520574874264,15.61850136543672,17.393651701348844,18.904545954029206,19.8027426104394,20.27095644993623,18.146518941643045,20.99566971843249,20.212647138774823,16.695219343412624,18.2016964432068,16.87329070350688,20.6203478467068,18.16430230776708,20.51821784603984,17.67252289705194,19.725287179982256,18.51947916496843
13.63526749191156,10.035038678071755,12.783030549190023,12.031250326594227,9.643566825232345,13.61056364377345,14.24446582801436,14.757721844134704,14.730523717071597,16.91410353297251,18.89034182660599,18.193552345067555,15.986589168297366,18.39394060958972,17.411975399038365,0.0,16.245645735515154,15.103578463841142,19.659241337898607,13.199961737797542,15.103666216272078,17.626662152321543,18.905917737904183,17.493693122840575,19.26922028439666,19.24661889670782,18.231233838087626,18.26315991586188,18.0545038871124,15.261241938736164,14.868688400605198,13.231520222330886,11.324257289272976,13.561658106131722,16.979368585441566,13.673448627569313,16.860583527862165,15.001535295770328,14.892406634144969,14.325008953754558,14.866495774919022,16.039457724373456,19.818453362129937,17.640288588199052,18.94710155276436,16.7941968890765,13.911583114074489,17.99771118869836,16.409128850752854,16.083088011129202,11.512912064369337,10.10325973496383,11.632297556440708,12.256744332019217,12.18850909525299,16.08957339603391,14.89299616693028,13.30048964639238,17.834170303229573,17.956978246992193,19.728420808260843,17.702078572692397,17.891041120105612,19.76270427774165,17.66855177591572,17.87889568412659,14.20830512211998,19.76475625412717,17.0341595641528,13.841447257436188,14.669093555979286,19.23858649095853,18.49669067407577,16.363228032070555,18.34684860144844,19.13448287559236,19.1426805467018,14.642890723836206,16.18754376891354,11.765053646265065,16.86651203417779,15.17845575332396,15.203907861520944,17.62181414118629,16.259877309623807,13.727646293376424,16.026937625783177,18.50205179383111,14.514497174123177,17.158615614561118,16.29196685397063,17.628419919272837,18.188126920973158,17.917299192507002,20.677063931642177,17.10182983415308,16.56628542193923,17.54604235935199,17.818250249919846,16.190835674827206
18.43861708155768,18.434300953315347,18.809102417262963,19.41130009648627,18.64757713218081,18.011007673395277,15.2384588590879,17.488656864257393,17.323878918953117,17.24258514671707,15.256501511973642,13.304581562154777,10.67665495489062,10.60511921898902,10.647288586305416,16.245645735515154,0.0,16.53739653187282,9.98687870475644,15.360197830927364,9.204639926758224,11.33325190608762,14.123075892872558,12.137300630150392,18.891029252153743,14.588161839378232,15.964419273333338,18.111243288014737,15.546948184438476,19.165062707727447,17.832485535851347,18.022866984358583,17.377480393794265,14.96792402396698,14.939255777274203,19.392017882564915,19.72447162429906,19.529656370505684,18.16997529913168,15.001151576720115,18.41154869405284,16.52855620858542,20.1658289459654,18.44431867284077,18.76353627757644,18.63034361590316,17.804202867230355,17.516406271643547,17.887566256048395,19.012311082507672,17.717686298141395,18.03959155336948,14.965462445889278,19.61987626540019,19.152124582468065,18.518855329497097,17.10558820082441,17.370907676977815,17.401356707365185,16.041229293717095,16.3226757133344,12.491135760701573,12.105797267011958,14.487926101694194,11.857392929290754,11.35013132593383,12.932441473114611,11.815374331414292,14.10428414888407,15.463965552020058,9.100864880107029,20.936243013659325,12.000172828264134,18.315263261220988,12.385950001533727,17.128001928975184,14.058244976567904,18.46115922744282,17.141787137127757,17.05892138755634,16.60529662994101,19.111373100477746,19.54557906990942,15.227988452701332,18.207904568880085,18.1331452118732,18.87639812566324,20.731677957653677,17.405447585399198,20.49006454308301,19.871037952949745,19.13512195005777,19.67731389993063,18.52516828873165,20.29190138018108,19.0830416346396,20.387849464261848,18.10690904748481,19.474653821177338,18.776552203797745
17.2579540148988,15.043733488011272,16.11901193279931,16.7316614280898,15.508551249478687,15.207951511144596,12.0541349299045,10.019174076901574,12.12888560031897,19.41006211455965,19.46754163933867,18.088625168314916,17.379827081483707,19.293136351069464,18.364288449717765,15.103578463841142,16.53739653187282,0.0,19.825451041573437,11.70221742941067,14.909989772698152,13.010537865690788,14.247786254547004,14.173531653067457,19.776215286644824,15.350460578150834,15.97399226957131,21.158959591460253,15.215364291458826,22.349302205994288,18.37993233625247,19.028998144673416,18.4784894833752,10.31733920450893,13.94049128761591,11.25892516512882,18.57828302915278,21.81564057516786,21.330860870193657,18.388088188577985,20.51216484101638,19.444111817970583,21.330099779877937,20.07556623029553,19.140720912288817,22.84362184085257,20.39674254577097,17.73586260617916,17.88209006843222,19.895159136461043,18.43294795507352,14.780952121766129,16.448275424506246,17.799713856914696,15.691238179796322,16.85981453314183,10.882826972871404,11.166399092563683,19.71961934008164,19.962690155698457,19.80723517479983,18.9182884451421,18.43958916855284,20.719821720672293,17.718199496023267,18.90062931815092,17.732627965808067,18.09238109119008,14.27579556894205,11.384143639577422,16.408532246602583,23.15140812051736,16.352155580006,22.72164978670359,18.78286086292721,18.45406786490714,18.016773220085437,22.54510981027536,19.58885179955019,19.24583249915729,19.883940813987696,22.03113625350129,21.170474347295304,17.510188685469913,19.650015287457677,21.43416975459776,18.571177160024103,22.75386220254113,16.456468077247916,23.5147241004409,22.28751561448356,21.22149048270662,23.240813704279216,21.9872566561706,23.285571166146635,20.70155870885142,23.899022814690056,22.302541463737235,21.49727815700257,21.61915543920784
20.29529585148642,21.086159253447924,21.102100630153537,21.65060348460205,21.67796548331092,20.03473150488884,17.213532354630626,20.223738217864376,19.69227399643013,16.537753952585216,17.690049290726662,16.919732065495197,14.020941220993604,8.371262483758873,11.27590689592472,19.659241337898607,9.98687870475644,19.825451041573437,0.0,18.741766046626378,11.734748877112215,13.414240156306644,13.284842510275768,15.31290227002452,19.590132582615382,17.894186161711794,17.746178043901413,17.666109276686814,15.90709502450363,19.817778729081027,18.71262914247938,18.68151637909513,19.091834580706458,18.117193040605287,17.49282829367623,22.63903598013371,20.241575380373497,18.80560718002461,17.440246623059238,14.867572439047306,18.18033544434242,15.987865468088916,19.07658782188696,18.72349478192653,19.091467778969413,18.328753777703835,18.298189441427077,16.2645139972892,18.395565374829587,19.31673087621347,19.604080858796404,21.501821939345877,17.46987438784205,22.614686921066923,21.684069993028125,19.48171419545985,19.91941530325057,19.964837644649705,18.539595798269094,18.71697582157204,19.25753599348356,15.20256178194792,12.635297781316302,11.480148336146982,11.559074655413871,11.559323187834398,14.126995906477838,8.50467482165261,15.103523452996958,18.21423967082817,12.54782572745876,19.61172113700799,12.564877686074247,17.452818668007982,14.747564307828243,19.379435782212923,13.846070296586438,19.22252693599205,16.92612880851452,18.120582904691084,17.703394262763904,18.53054120020816,18.93833475694423,15.077064313332116,18.672931563486312,17.69667902488458,20.88839863731697,19.28225347394263,19.296616772816915,19.667842475838302,17.792126903091525,17.276773675842872,16.98266659599103,16.831316677297014,19.29471656451209,18.00236916335714,19.33629155404112,16.16106311234951,18.273846208085292,18.513486681450026
15.60710002011032,13.259474594810142,14.85096213216938,16.143815576626977,12.577401438881427,14.71378555982121,12.89020088282236,14.589190249801277,12.993545292175517,17.30076844652824,17.12707346324675,15.593830078791196,15.612384022029326,17.76400914284712,15.467642548969598,13.199961737797542,15.360197830927364,11.70221742941067,18.741766046626378,0.0,12.4598440728929,15.878944960343286,14.62565283784228,14.083401345668188,18.138690993161493,14.907567854849969,12.593979418506446,17.25985406545105,13.183403159320523,19.27035089373793,17.516733543202356,18.614187653733,17.975849644957435,11.58122705584426,13.898972759868448,10.473188687581333,16.2346788247283,19.85360219699988,18.89163064229955,15.158977858016224,17.536592238096866,18.75960111327256,21.89573893234232,17.957013347412165,17.409206909140753,20.536380579588897,18.03592198251294,15.610016986544862,14.379426247671738,15.444547809044954,15.087329101509226,11.955774910082594,13.43594673926134,14.734516220380923,13.852698278393428,15.277664098301198,14.700423117244428,13.09227866172549,17.167147345844004,18.191541778022803,17.610904577985995,16.371910843523263,16.852139838688586,19.775915625902133,16.172776975412088,16.28321248258014,16.442956449362523,18.898731584037453,16.972143628740028,15.25670628279786,12.07535060698832,22.65960019956277,15.06840676869403,21.70192856735065,15.80948644733582,17.023474234259567,15.804883295217456,18.60764280402638,18.985729753053576,18.882174834798334,19.46610311690091,19.81317234449789,19.691146398441084,17.998081273720203,17.504401578986386,19.869705418620644,15.639406628413324,21.143447477230637,12.891611727000166,22.312136295704757,22.225382648075943,19.71411596400172,22.72830618232829,21.09642364416462,22.43794048931755,19.04701614433485,21.974913339890005,19.699932756178946,18.168452930461516,17.629974087486904
18.057293233161637,17.050202024367877,18.16747287884925,17.714907871401643,16.57550485945046,16.519452785347408,12.253888296057957,14.943096445300991,15.21193512287824,17.179982522196596,17.160850650396213,15.43566506921218,12.711562062464132,11.43972396561337,10.205649905961495,15.103666216272078,9.204639926758224,14.909989772698152,11.734748877112215,12.4598440728929,0.0,11.76346008349292,13.553617161237137,12.33315524649931,19.050368608886863,15.072495252650338,15.825725876415934,18.475382345342624,13.600213355898545,19.37761209225798,17.92893982278388,17.739149957110946,16.853116694181505,14.539998605068671,14.890000743688203,17.519205374792797,18.76891489133883,18.999036720309597,18.02071014363504,14.221118172599128,18.256757567865247,18.13175241466417,20.90152099816405,19.128410740027302,19.393564307010337,19.456028955303303,18.370325685382763,17.570788307918527,17.331364014566248,18.881444990412508,16.713998155043797,16.67490968523218,12.48137802400353,17.64251796638204,17.279054410000235,16.941269710023327,14.894455648881252,14.269641328972847,17.348199399262995,16.935119457648707,17.448473981857234,14.313568446250803,12.688543537549956,15.22143461120366,11.47506554130083,11.49127989282052,13.15087288223434,12.675003250385442,13.652732197003123,15.50900623490777,8.887385886510245,20.781732047391102,10.5474405719786,18.89390497803092,13.545739396757105,17.05550069044498,12.926295120488655,18.61686669772363,17.790198486751517,16.95376998736925,17.020768370513714,19.135941780304805,19.89492148688882,15.975575106088357,18.40049020862212,18.05296937987777,18.858220863586208,20.935918950901996,16.92762279415826,20.8235880527018,20.294979701728103,17.774675282801457,19.903284695034987,18.599461270621926,20.913524798099274,19.52596279363227,20.73326554185113,18.175145379087247,19.502605849443157,19.076806087189848
