,Var0,Var1,Var2,Var3,Var4,Var5,Var6,Var7,Var8,Var9,Var10,Var11,Var12,Var13,Var14,Var15,Var16,Var17,Var18,Var19,Var20,Var21,Var22,Var23,Var24,Var25,Var26,Var27,Var28,Var29,Var30,Var31,Var32,Var33,Var34,Var35,Var36,Var37,Var38,Var39,Var40,Var41,Var42,Var43,Var44,Var45,Var46,Var47,Var48,Var49,Var50,Var51,Var52,Var53,Var54,Var55,Var56,Var57,Var58,Var59,Var60,Var61,Var62,Var63,Var64,Var65,Var66,Var67,Var68,Var69,Var70,Var71,Var72,Var73,Var74,Var75,Var76,Var77,Var78,Var79,Var80,Var81,Var82,Var83,Var84,Var85,Var86,Var87,Var88,Var89,Var90,Var91,Var92,Var93,Var94,Var95,Var96,Var97,Var98,Var99
Var0,0.0,16.429297784084756,14.80631788047176,16.014193983788367,16.8428593837771,13.995314235546836,16.259930744258682,16.86468927147394,16.133248857296486,15.720968345392885,17.250709793635597,17.75807595175482,17.26628116512271,15.9960761289104,14.45675740827601,12.830658910468745,17.031967857563227,17.854846504252784,16.68702507709221,13.392517942513777,13.71655043404369,17.531360835235517,16.84284707519058,16.331326558950888,14.868310760388082,18.663961913556722,12.543226530336307,14.682448606945576,13.518155212508919,15.961277677209205,12.293888248991598,12.849146612973042,13.223215861762924,17.3609108263686,14.622460153730927,15.480813678194028,13.684026247661034,11.545386970237281,15.022843026424846,15.50069363714438,13.504070405568912,15.727987666240136,15.605345327365674,12.545409624734399,13.862012785052855,14.37021170766302,15.102550754932437,16.560637095939803,11.860412393787238,12.536367081492529,16.027958288086236,18.36887454399738,17.705737275027463,16.804181792247867,16.74396309706902,15.464883715110334,17.553194928527024,15.924952510044795,17.38552524790186,16.667746099359743,16.605705307143218,17.042937815217435,17.29645371052735,15.41386884030565,16.40941399489773,14.473846831775795,13.029331557138589,18.294194475430675,19.605648475363637,17.093232469191783,15.583190759865637,18.52117900629351,18.253047256314204,16.58120444666524,16.01797915269046,16.563336577701172,15.303707314108522,16.49783459645596,14.805706520749538,17.6020139072526,19.01317961632419,17.41500998818232,17.94274706917651,15.53769792158447,15.428762750820578,16.50756790885013,15.637245128790358,14.859194210529862,16.21632600483036,17.45112427296698,18.710834427785773,16.560085194290906,17.25416507602533,17.281567634656952,16.998055158159996,13.848213571446868,15.274345140646858,17.020587276381022,11.56071182317458,13.825119254865038
Var1,16.429297784084756,0.0,11.253543428443908,9.451217666363611,8.391582796497302,15.529544584826555,16.091848212417155,12.457035233648064,17.04014073925851,19.191535363384943,20.066081123618794,18.62309359892414,17.609997688990056,19.588760275403356,17.860081646856415,11.002059049472408,19.6805680235701,17.638558714929328,19.94660960807262,16.430585391124424,15.552214522633179,17.97120973130083,18.082361063785715,18.118582548317885,19.922187293176187,17.881165573991233,16.66123584102397,18.647252671723642,18.03606693099462,16.118061786151454,17.619871310860827,14.673762857928399,16.9029123909536,17.918252203203654,19.16172371189833,16.957032945721224,14.799946464477483,14.210592407313753,18.193283464726555,16.85726148651754,15.454173981804269,17.798708783729108,16.359943820527118,16.761651116439054,15.34542012767862,14.606801987567673,15.224028543904312,16.68150030286421,16.527991643876508,15.333769705085773,14.209353004743043,8.76743061981156,12.79240487351722,7.9823545175777815,8.836134608699254,15.01053564975591,13.08709186601579,14.596609853446191,18.038927864412674,17.661655642310233,15.020227096696035,16.800158263286537,17.114652664526453,18.380134243450073,16.8310683828754,17.883191653895135,12.927807687789716,16.08780496893356,17.390906908383304,16.17231759417356,15.745543816821748,18.048956476881315,17.432197459349982,12.959284864953965,16.984735466243936,16.701074774123022,16.06345920145378,16.143007495391863,18.649894296131453,16.17587642923422,17.607905280421214,16.057697217674598,13.132129884059365,16.21451951363582,13.772586797298228,14.50725452941883,16.007885352960553,19.711160597852242,16.65460904041862,14.790567811623207,17.17485487955294,18.329543322461962,16.553480694030405,16.834275301845512,15.880873645605893,18.02408592584641,13.20331177535671,14.454837193246414,15.269441424456028,16.530906504146095
Var2,14.80631788047176,11.253543428443908,0.0,13.349493137707727,13.802845868626795,12.419725661327048,15.095550983523573,11.331387695220135,13.240782890320734,17.329829919135395,17.628629434705008,17.709253411023962,15.762490497792713,15.83194482149559,16.349549522939828,12.657378996996611,19.092950041922762,14.480640488663889,16.945939888263215,13.834009052176512,14.130380696393887,17.46451630647227,15.46774127915862,16.327754752638555,17.380758382440405,16.21065810108566,14.081041622688987,14.289508209807241,14.954180795142369,13.936994489538401,15.482072015996811,14.733684312717632,17.479790330025864,16.137143749830017,17.659444970127407,15.80677303598503,13.78861416705943,15.230234130768874,18.082610046020996,16.18754402029156,16.022006427927252,17.435005806203286,14.60768079698478,15.427389081503128,13.490260322953867,16.243759786996808,15.547517143450792,15.434627164441865,13.620007175009846,15.140638754910047,14.346442276544165,10.524526664014827,12.353359366395011,12.565851631078313,11.395337143975292,11.447862065083733,10.48854793269367,13.886807253838171,15.548851940720223,16.384241136148244,15.6244112882291,15.48545027884949,13.268152782850645,14.260902216445013,15.246828350258717,15.678569530201939,13.055439745147005,15.559452096240417,16.736508913117895,15.682920542808684,13.323027984413823,17.482071951513028,15.235968839857192,14.390272396642025,15.446617788598523,15.804492650115792,13.797278075323284,13.389156225181226,15.761355786374875,16.896383211522846,18.423998818190913,19.23335411743228,16.957641024782117,17.464818227959583,16.603003200641126,18.667405918564626,16.616892341164817,17.171880875760582,15.468409751741984,18.89668382970632,16.87242387359415,16.949003727747414,16.935956996036925,17.45855597122414,16.51007586422291,17.202621558637965,16.96197388678051,16.240114655696928,14.010641131314499,16.85088658342827
Var3,16.014193983788367,9.451217666363611,13.349493137707727,0.0,9.062015571342423,16.610422619918292,13.944000983559938,11.510829607200044,16.867877896057212,18.173855815469356,19.6625351170868,17.926633585279365,18.539285915789172,19.134953679645836,16.53800853548469,12.969682225107823,18.93136432851694,17.919860030090025,20.12368087495346,16.63600540269674,15.62951581368685,18.655728503904943,17.914526800241404,17.898638110483308,18.714995978864568,18.117801621377172,18.342102971453404,18.845869381301416,15.758124204185775,16.31458351152967,18.86140040600364,16.31081517859187,15.823574234255535,19.853377867477207,19.83364556547259,18.62610421947823,16.464125058129646,15.184234562299146,16.6486840662109,16.26745898929891,16.511175186944882,18.940461153975228,18.781211102643915,17.889997880609272,17.2298188171728,16.66513723717633,16.82395948188442,17.680874848972596,17.612460180181234,16.812509995365808,14.70689477608715,11.475326903305547,14.048181605294458,9.002374355830906,10.76170560561458,15.859894733547485,12.324956751968326,13.338203710150024,18.08041081910219,18.388668421589443,16.26733210553304,17.76551625232376,17.195379993182303,18.563905085550385,17.58279757160799,16.729425321330805,13.154885845664717,16.73209968880962,17.43687516848452,15.500145545782251,15.294195119305979,16.763237204706943,15.86308352318984,13.571624896911226,16.888513669661997,16.544042226543947,14.980968374163375,16.214815510270885,17.357414449808424,16.584650137741672,16.15689989571312,15.928868734458211,13.699740744413155,14.659709779125658,12.518039263235337,13.876307003233396,16.64067244083968,19.43708668682248,16.69711418722111,14.36933768106051,16.209358679568517,17.493024387764653,16.468777412111482,16.316460804890852,14.65202397203858,18.246969641266777,14.108260044169818,14.72404872604023,15.630193870229487,17.20668706339217
Var4,16.8428593837771,8.391582796497302,13.802845868626795,9.062015571342423,0.0,14.559212815247754,18.197579055811886,15.773226645768169,18.60189159344488,21.119967873881087,21.092833953808164,20.378560270582902,19.757977063870175,21.0082487163271,19.352657834076805,14.976583766018978,19.22936374261548,18.800586808339524,20.766483225100522,18.125222067228137,18.685980321281495,16.48102433939631,19.668792753267102,20.533873673533257,20.822961688087222,19.43417301938114,17.79733756812763,19.05822694371392,18.44265654210247,17.718865329560465,18.55077920451103,16.513954532699138,18.722905739626587,17.362001701085713,18.899951517081465,17.930829219352518,15.224206151328564,17.567842959330786,19.09342124149998,18.26966403245683,15.548340519689502,19.503834911560702,16.821681529075157,17.799474096346962,16.1732262722995,14.362353658360728,14.97172117950941,16.34574611958738,15.46229161911671,14.707614684277603,13.018853628391867,12.248600308807944,12.867169436622794,6.927778051433126,9.913004028041213,16.926395849951238,14.626344919987723,15.311115505436204,19.733244965548078,20.38069531653487,18.15969107202754,19.037690188772167,19.775614082542532,21.10086767844282,18.572578364143524,19.204848053047574,13.837072811215249,18.000795123995797,18.844258626959167,17.94626944685893,17.712498571892155,17.26906413619143,18.768626480778888,15.025391125167875,19.749284844365715,18.978586587994563,17.966504787372035,19.20250197576686,18.762124668777272,16.13404638526517,18.504697606874924,14.54192903605536,12.781659811579521,15.333574755069987,14.81180712523301,13.754982530151118,15.77578815453288,19.028104729820676,18.40717400086015,14.432881860020219,14.149642365067015,16.66509045736194,15.759811328441863,15.366033243037945,14.31979734343008,17.6966045961213,12.972622711890866,14.114950871626911,15.010456163809529,15.629169079449612
Var5,13.995314235546836,15.529544584826555,12.419725661327048,16.610422619918292,14.559212815247754,0.0,19.232729017727316,17.836230624855883,13.642694540261132,17.746600686210076,17.467740013987857,17.439104428406054,15.330170270035127,16.012194492474322,17.49063884231695,17.20073677054605,16.245827539611827,15.57541668436252,14.674634640114558,14.607519433624267,16.086959464412093,13.636706754836451,16.55638440319105,18.342628398696807,15.432121045731794,15.710705133733368,12.771233863291538,11.955977994862998,16.39678429613088,14.913762316632603,14.880979123143305,17.881275518049424,17.464937107753013,12.30694421375701,16.151930890127364,15.11903531659064,13.51086684756986,17.863665775569526,18.848282579748474,18.628920649694933,16.205117843047102,17.66932484543766,15.225957228395274,14.124699995689472,15.036237820385086,15.081218330594751,13.853605274513079,14.728011994984698,8.2851972959397,12.403769291904677,14.764127909835363,16.856989735064044,15.916386513073075,16.617397257223587,11.315003388323913,11.147144096180595,16.295542326483837,15.060654393627326,15.90828845944075,18.040242746983626,16.21436069601666,16.223011731654516,17.053297252225292,16.150154021356688,15.570269353364488,16.18230013085959,15.075042356836736,17.33358782288522,18.128890085539215,17.460417153723217,15.838443407038481,18.372699520049338,16.509543276251055,17.39438258065851,17.14937650579741,17.09362131962261,15.968414420318524,16.251282614826167,17.479621066631204,19.248389640907533,21.018661808335104,18.603921277189443,19.57799982542155,18.22533180475908,19.706221831138066,19.268349230158716,15.916704858117209,15.34059320176588,16.994487724529872,20.275320789124727,17.15128588716327,16.782584355029886,17.665921312455122,17.266471060157247,18.565614417242497,15.81894139418998,17.108468949153277,17.44562876090382,11.949253238578516,14.846234147392666
Var6,16.259930744258682,16.091848212417155,15.095550983523573,13.944000983559938,18.197579055811886,19.232729017727316,0.0,9.39609557617648,14.339178679388922,11.39702763571365,15.28674887975268,12.684458131936301,16.573083536231156,12.990931962977477,12.01673866373815,12.031380316054378,14.971150636262777,13.70818681805448,15.269238454040696,14.36789531723155,10.989122970941954,19.7942917896288,14.620374053866732,11.458046957916979,13.850627769193895,15.614161011002142,18.191547885482294,17.840839469377386,12.819492147365567,15.891510354669588,16.580599704167458,14.739152177341532,12.9613459242448,20.058956058088015,18.42179638747989,16.945831467706476,17.13237244346807,12.910166879239375,11.677251829729087,9.706125925910591,17.31965414014537,16.62130858047648,18.56975266071511,16.97011525339716,18.00481668080539,19.01553362213357,19.538927571602734,19.65204813846557,19.38108933899268,18.55784762041887,17.903122093015767,13.09594725502993,16.0044264232979,17.083737572303864,16.846155930303976,15.579092966271405,10.97037175105717,11.223882583539234,13.117960370648808,13.476183379534492,14.87881966691336,17.22964115564143,13.867367070120315,12.297160814945393,14.303959876933229,12.829824045948119,15.613796865232402,16.22565055670848,13.14180209189344,10.767757416842306,12.337530511438624,14.548044909962757,12.943719944186341,13.190645633027426,12.535241984790815,13.115370910096974,12.672186701791663,12.73254134605662,14.818088777913392,15.828073312839614,11.640023156236296,16.82748261833392,15.167167878285095,13.833276784975654,13.129230002439108,15.93850597097913,17.222734437562394,17.520585884418068,13.953632381053493,14.893506999072086,17.684336997429956,16.074720476854285,16.408779821439445,16.085759785797038,13.909049042870722,16.127382429974045,16.201893925930403,16.079053694078066,17.671147278117225,17.885355618271056
Var7,16.86468927147394,12.457035233648064,11.331387695220135,11.510829607200044,15.773226645768169,17.836230624855883,9.39609557617648,0.0,12.45616197148614,14.325216294396895,15.97769229276752,14.27777441424841,16.357279498841372,15.169540463135577,15.462457375226665,12.464957447469805,17.56842115012105,13.943399017529437,16.639265833899223,15.278560178304547,13.763050344347764,19.928339971581284,16.125133449604093,13.119790044101014,16.336119094407803,16.12669599125364,17.83000557618007,17.8150679529943,13.837555352496574,15.306870725851793,16.600425280645496,14.809005772331233,15.651979980321183,19.270457923430676,18.873111216478463,15.38762451481587,15.623652545018498,13.639016326344029,15.047438928107098,12.676551559070372,17.229702020264007,16.894695904602095,17.570176054007923,16.507166164978305,16.716271334381283,18.241474732134993,18.288389046821557,18.606677868179805,18.37427693465709,18.13236526428165,16.346661158941554,9.023775430783397,13.302538410284207,13.887509339210727,13.594718525231201,13.134978729710705,7.535416637402185,10.09446723079292,14.287053158102921,14.086464939711158,14.741546036948442,16.47907268693449,12.915921382560711,12.935796942897943,14.89391078847681,15.597840654737354,14.794432229000085,14.44834804049037,14.391318877886022,12.95756533357699,13.936126583214174,15.873044771636872,14.083828995408119,12.438010645230387,14.120334716293426,13.914650249563694,12.762261570955332,12.833526163657279,15.44561717813522,15.416420359250845,13.724091445460653,17.259287000358114,14.928638961588168,15.87766776058859,14.183746508502463,16.58423456710274,16.400881069923734,18.462191634614744,13.924801811794937,15.598131259888754,17.03698580725728,16.76057655912687,15.47569884387406,16.143012622948547,14.132661840216661,17.2440215244079,16.038409842958597,16.318508517926194,16.914602416237713,18.392941499175905
Var8,16.133248857296486,17.04014073925851,13.240782890320734,16.867877896057212,18.60189159344488,13.642694540261132,14.339178679388922,12.45616197148614,0.0,13.550254285558873,12.744866347866052,13.483525029688044,12.512567534178205,12.364776205768191,15.44065020394079,16.909967364395914,16.79058408291326,12.589265484085002,11.161877160753825,12.440155520069933,13.906250944758476,18.001271138100854,15.092701500379127,14.694920667204489,13.740659757555907,15.551600033442153,14.571075771559352,14.42855169862559,12.80887231039314,14.175135720377527,15.589634987356085,16.46812087305399,14.55837956160096,14.750861306374393,16.872115177698408,11.347805467408977,13.507384504433242,15.658292836230485,15.171069238852889,14.168023555138038,15.80773673139843,17.434482543556953,17.10177751400917,14.426931284749068,16.22976393062721,16.83017419440757,15.424911197342167,15.870325567152856,14.497564260589252,15.163722930053321,16.66758008034188,14.305095948310246,15.00096913190843,17.763796960858862,14.671280815279824,8.802979062988165,12.245158342194532,11.495039736175933,12.666669697015365,12.374322686474926,13.387434346019733,14.002994943310984,12.818643083131096,10.897333861319245,13.046775302439013,14.646618985770939,15.758889113353858,13.25398310203529,15.506424339689659,14.937285845735751,13.09330047946072,18.067954476563568,14.903516889401866,13.852650374962959,15.014341126814182,15.224478315521132,12.758071052553628,13.944631263418932,15.391912049745068,16.115246225479055,17.543187396436508,17.560051045413665,18.292246021734687,18.91271499674954,17.01990745982021,18.45885918692738,15.070145419630462,16.672358681595238,12.494728517854224,18.18499213075464,17.946612461532006,15.410093445165703,14.45050836160803,16.700075055646433,17.89902186016146,15.295932323716059,16.900468431492012,17.31884995372048,15.309023770248025,15.96948210469836
Var9,15.720968345392885,19.191535363384943,17.329829919135395,18.173855815469356,21.119967873881087,17.746600686210076,11.39702763571365,14.325216294396895,13.550254285558873,0.0,9.586870262195132,6.457476154109983,12.579828525181957,8.857577728801717,9.47490261353908,15.892419990831712,11.813784338592685,16.707873744003823,10.189835945665974,15.426420647300985,10.803152792927028,18.4815938456914,13.160013030310251,8.737022253167503,7.009152223380599,13.206264928402545,16.773850481477538,14.736115099145582,13.264475149693679,14.001980640419209,15.608221372918667,15.33050868392385,14.079150087860695,19.627445666470333,17.16558564095958,17.04810644994052,17.058177813251284,13.830699801485014,11.280010599109406,11.336672692988243,18.09609725510855,14.362643614527762,17.967678578003042,14.519157297630107,18.522915998312687,18.74157479077668,18.61875015163977,18.244489784708232,18.240627830771647,18.2860872854234,18.950037357758585,17.518377603806528,18.34223956677718,20.340916678182694,18.99630175103875,15.151517626272835,16.16199679803164,13.924473182810866,8.604426781272158,9.374255207905902,12.865945370901368,14.872726239471422,13.363628323901695,8.943090617648384,10.487120356805432,9.02200957627288,17.680976962087833,14.167054926775734,14.989265552466138,15.453932187534825,12.054316329446927,15.74502007658875,13.888646012714126,15.242413219563371,10.855737450566812,11.579171126614849,12.084780618409027,12.121586913385253,13.94874314305455,15.492017731167655,14.398817990738536,18.34971220843172,17.129273505202352,16.45763263881911,16.39633340233153,17.776008756205616,16.37554010606258,15.428446412398522,17.011815981178444,16.907128513927848,18.61728661293461,14.866731916396056,17.744225794141727,14.594151458527756,16.064816232393138,14.647513624989042,17.57327963871746,17.637784907414048,18.22692114229565,17.962551533132732
Var10,17.250709793635597,20.066081123618794,17.628629434705008,19.6625351170868,21.092833953808164,17.467740013987857,15.28674887975268,15.97769229276752,12.744866347866052,9.586870262195132,0.0,9.882115833719883,11.479600888650115,10.112848774226766,13.226071319389343,18.753239877019762,13.825690153591001,16.57711019603659,9.80486813267139,16.622601654971596,14.475445146228436,17.485391088031776,14.627149217630398,12.338375969445147,10.865797092541428,13.316903841429038,15.703479751552745,13.249743279833234,14.581155653640884,14.244468775320312,15.77830680332504,16.30956540022967,17.047131687444153,17.035308858956263,16.37128492917456,15.350554211208676,16.09730725968564,16.167828583214497,14.979979887434476,14.475492203368782,17.99161102835972,14.521744677024303,16.43469547057366,13.733952028983982,17.727264539147495,17.029828981398715,16.279426744977354,15.813522876655869,17.085653392664796,17.59411296494253,17.981546733528404,17.92495829437441,17.40014451927149,19.866505792183144,19.69207617395852,15.284805324685307,16.935430718241292,15.510621552708294,9.54707105108964,8.410827642314809,13.752490109705901,13.75110891969757,13.356400369230116,10.002074849590258,10.319645099507385,12.704635589175757,19.045000977687483,13.3416607221704,16.212375339221264,18.268030045750102,14.11977917915396,17.235738250901274,15.179505725787168,16.607105946105,13.633650235965733,13.653081060642242,14.126335476121886,14.436201225257792,14.614012538426744,14.994375526257597,16.195914614917825,18.226790935324765,17.696041240508137,18.844198057792568,17.92203486051114,18.597246969221278,15.909545167776882,15.13612144305709,16.644106152502186,17.832141009636302,17.462136337417423,14.807799439829216,17.097884637446114,15.019590418675127,17.400318702683528,13.826072548095853,18.614410422710634,18.27738464075138,18.519311594503375,17.448313581478608
Var11,17.75807595175482,18.62309359892414,17.709253411023962,17.926633585279365,20.378560270582902,17.439104428406054,12.684458131936301,14.27777441424841,13.483525029688044,6.457476154109983,9.882115833719883,0.0,11.638302702373794,10.641467880242821,11.955594872997125,16.893593628527512,11.341350701161062,16.660823538490256,10.803762172034,17.585680110992033,12.742642246285135,18.581838641796693,13.734069683942135,9.845769498568506,9.449866717180404,11.639780470258605,18.470305545074307,15.75063066432836,15.091193398360986,14.319193318484936,16.552152969374344,15.967254947718256,15.81734871587903,19.21169154773927,17.998430402345296,17.675144642915516,18.12405912707381,15.711971932896901,13.171456975954376,13.983766643846437,19.63000340897635,14.876196742201014,18.205741889398357,16.464981116749048,19.426790537601832,19.799163606245404,19.619719714627653,18.85592653827719,19.149483622300586,19.622998433744705,18.912982209450885,16.784109355912094,18.364100951728414,19.744721662587466,17.852774550719293,15.188828738227864,16.201329239946826,13.544667041583903,9.271194936774288,9.776347542141188,11.614939955596137,13.388800823801304,13.007981079882832,9.8705339654707,10.814492614700619,11.456009894785936,19.01292870822134,12.659836023561946,13.137286160428893,14.839592001179334,14.203464284508604,15.305903348478775,13.37145956333333,16.104629006482746,10.75176648111871,10.962489764456311,12.52543719410977,12.178765122855845,15.90567697563033,16.02240473078262,13.954865309351726,18.072446942573862,17.05770607684776,16.304291478046306,17.210192350908738,17.302978104363266,16.826589896280126,16.655691562139282,17.706535250793273,17.06852760899823,18.869366026307336,16.272286936311264,18.36736369236316,14.845865401224243,16.081026168657303,16.503348566114596,17.97363078310612,18.260190063760703,19.34185483074701,19.110411886670963
Var12,17.26628116512271,17.609997688990056,15.762490497792713,18.539285915789172,19.757977063870175,15.330170270035127,16.573083536231156,16.357279498841372,12.512567534178205,12.579828525181957,11.479600888650115,11.638302702373794,0.0,12.808924995154156,14.39650337342686,17.455098526565763,15.260471344842156,16.86649455460752,12.280340544651331,15.831336962299437,13.722094990058114,17.631246643905527,12.809846225465623,12.769410138694116,13.863931085591492,13.042760215074011,14.670624721766657,13.460171726550541,15.031703199214922,10.451765595821053,17.667857774879156,16.002110453388113,17.45419739468175,17.33011412977272,16.285782480020377,16.682974425034313,16.54957258577776,16.999173884138262,15.470365878511203,16.993229114994815,18.099423618538157,14.947694378319325,16.937698751084735,16.59696150509357,17.463746908936432,17.197615932307595,15.565881228590705,15.87703170412187,16.731698525069476,18.08585516672837,18.881979073964935,17.101601290652592,17.215389460339786,18.381566964156697,16.999167263847642,14.860462611543316,17.028584109634465,16.803622344761816,10.929927068358603,10.629656615994106,11.60617094264467,7.191870747831578,11.768858523366617,11.441894624527318,12.575423330560932,13.964770030592037,17.50654069876956,11.370732896714346,14.95604728798802,17.815794556081652,13.78600118986909,16.91107044267824,13.608944270281341,15.149803136504232,11.712907453887324,13.425067413833807,13.56180631335053,11.45639041490061,17.909070573976955,15.03214802097143,16.864895063318823,19.66166165008046,18.638341099971168,18.846026722402208,17.554059694419394,18.08410286798788,16.890906815336827,16.54864644298303,16.672777669622537,18.706437462544674,19.096052049629538,16.378893118625676,18.139504213224793,17.10543126181791,19.23941299073986,17.887082143065637,18.506228602814037,18.509013789797876,17.932237223138273,18.581388338180172
Var13,15.9960761289104,19.588760275403356,15.83194482149559,19.134953679645836,21.0082487163271,16.012194492474322,12.990931962977477,15.169540463135577,12.364776205768191,8.857577728801717,10.112848774226766,10.641467880242821,12.808924995154156,0.0,8.601696949065037,16.944983209589388,12.094272675376125,15.080656075544349,7.6930454463187745,13.430198339590687,11.153332293028296,17.924323717641926,12.619625441841762,10.92111899254814,9.263150787913098,14.411047487266973,14.440794413337894,12.520374428587584,12.27744432025079,14.604920490579964,14.49271157178333,15.405345356507654,15.268885864216147,16.981794445660768,15.948876579242178,15.833210607428594,14.768362285066328,15.064995858650132,13.860927440685892,13.086333624025762,16.20125604208606,14.915204357187422,16.12784973401458,12.630899797996276,16.824902318567712,17.424251125161042,16.905232706129727,15.840747267692485,15.107944710861627,16.20649678640707,16.809542437115063,17.188127665649716,16.74864309978732,20.34286942851009,18.584716702200854,13.893041754958224,15.533102539313749,14.906508455232538,9.277373271377494,11.379602156554673,14.409827354740916,14.858489761832255,12.058676227267881,7.659893949833155,9.645440513731181,7.716351482732532,16.053245180441774,15.022530937380237,16.06252671723191,16.51407875042044,12.340216366456124,16.93655147174049,14.020586758652774,15.274218386700923,12.224255778289557,13.03626122473927,12.147837724693085,12.37222405426479,13.310250142791093,16.246350116662448,16.24296655182212,19.08855336153368,17.89550494972889,17.07326241015359,16.76787852781517,18.968272757802627,15.076157074503133,13.570543562297564,15.113347824303366,18.373092210133635,17.732896725077467,15.576433390778776,16.88794225242193,15.485930975309056,15.915425991497075,12.755358619111782,17.404146313587233,16.635555301813465,16.33522122542551,16.3561361129793
Var14,14.45675740827601,17.860081646856415,16.349549522939828,16.53800853548469,19.352657834076805,17.49063884231695,12.01673866373815,15.462457375226665,15.44065020394079,9.47490261353908,13.226071319389343,11.955594872997125,14.39650337342686,8.601696949065037,0.0,14.399953036078662,13.924746384693487,17.13311274015012,12.3220039444871,14.268898725444092,9.259972375545642,18.98947526013888,13.180122271448752,10.871127264695874,10.752829708327617,15.606411665432809,15.336583552533554,14.235628709979661,11.807191978170204,14.263786804868166,15.136209189127467,14.201872724418058,13.717267473423295,19.21218393304096,17.922588963229767,17.95166609023061,15.692664129859434,12.571058342294771,12.904481244552146,12.739898689417306,15.883472506930445,14.002258468787856,16.994307468520038,13.318092251106686,16.359087779015777,16.958304596810986,17.525319232395542,16.606576764518692,16.648175425005114,16.488355905425745,16.756008301533726,17.2733612564247,17.655105863591128,18.707105578672994,17.896701970689833,15.793711400696417,16.18847918398842,15.933303597682926,11.750311774879732,12.472205633055657,13.4421107339278,15.186839050803334,13.745181497898393,11.936000655291885,11.520555154861215,5.622905192739988,14.5272139714609,15.552341558864674,17.03208833968466,16.370980766036368,11.609306518011344,16.1790106872207,13.740959793443812,14.104490049916333,11.342571468782802,12.559261166747241,11.333670997856084,11.874992671864431,12.85707290222063,16.514469804076963,15.856284186823878,18.738294785501147,15.635462256541297,15.145941186584217,14.246844560699714,17.294983528191718,15.30612128182212,15.541989821627752,16.15962867963121,16.896287389715198,18.505020522267547,16.62516896702515,17.82267105101817,14.37437768251051,14.556067188747255,13.816020525534102,16.25400306962799,15.521995447491554,16.17439900999945,16.218117311950376
Var15,12.830658910468745,11.002059049472408,12.657378996996611,12.969682225107823,14.976583766018978,17.20073677054605,12.031380316054378,12.464957447469805,16.909967364395914,15.892419990831712,18.753239877019762,16.893593628527512,17.455098526565763,16.944983209589388,14.399953036078662,0.0,18.36908132998325,15.342908694965296,18.820856258966472,13.905567225550524,10.814569400979552,18.377343468541905,14.742786941039876,14.599800025186944,17.104176245694763,16.653017964646327,15.162921722560872,16.59892453562517,16.08980836111678,15.103881571928683,14.783621036703002,12.64205028548227,12.9566931172758,18.33937033342488,16.5815592100771,17.061553275480133,15.96360523103586,9.067106865209432,14.858409271083168,14.445961149714655,15.709123771995197,14.632228815013699,15.230550740837586,16.261565341902827,13.753197894867098,15.843201703920803,16.73329467599334,17.357589071144073,17.09182250098759,16.598559270071952,17.712513083087778,13.07892741381832,16.74649693591036,13.387503150597961,13.761353101295736,15.911859882228551,14.532345858795876,14.529242652723019,17.185049419478403,15.388208547626437,14.370723554761488,16.288820682859605,15.700183192289266,15.26896730392801,16.802214224569887,15.272707836029813,14.344541679776135,17.583295141086115,16.352695456331887,12.841747080307286,12.731270561995343,16.852839696447475,15.89610785302432,14.698503681524619,13.145934732891996,13.904104185545004,14.591445655120404,12.474073693220992,17.047857888515406,18.119121449482225,15.93575102703182,18.460179104993212,15.784073274561859,14.493878578295712,14.2288991489663,16.743688950024563,17.71248865698028,17.141569870722826,15.531194815043998,16.999644975028982,20.204245869977637,19.52911229315025,18.596203657106585,18.90452005412122,15.956394401760194,17.053313780180655,15.406329652867237,17.183770624842456,15.385758693702577,17.396024238083523
Var16,17.031967857563227,19.6805680235701,19.092950041922762,18.93136432851694,19.22936374261548,16.245827539611827,14.971150636262777,17.56842115012105,16.79058408291326,11.813784338592685,13.825690153591001,11.341350701161062,15.260471344842156,12.094272675376125,13.924746384693487,18.36908132998325,0.0,17.03202365526889,12.078572304245398,17.638048108578545,15.889038328236378,15.325060438186377,15.260782679214605,12.656782296066437,12.41001079388332,15.465285135969893,17.612871230872585,15.725176068130514,14.866597724784729,17.667503380358127,16.370142418967045,15.806133845959637,16.939179529192245,17.64458073869171,15.97887377474999,18.461431960957636,16.795752149910296,17.253147802134187,15.369178178703283,15.25843303665055,17.053267310005374,16.97521960620814,15.942925948785126,16.640552162782594,19.611332197143817,18.29733359173128,17.9796655755732,16.848506107139094,17.146507514164767,17.735083427892523,17.260446594117035,18.306724553176423,17.145629027795977,20.431216557681985,18.462683721816774,17.537781098294975,17.814067096841242,15.098921236997986,12.465768132422086,15.388378373593236,16.10162172424728,16.976205494830385,17.094065536190804,13.558245600826503,13.925734433974577,13.126326184699922,17.905113683003954,15.391437230734535,15.982724398185162,16.415811987669898,16.406467657657554,15.705155993440203,15.560575173553895,17.62263075940519,14.367235327889258,15.47428734759007,14.701897144771657,16.294648793039862,17.260273975553254,16.830240381702847,15.200172828151748,16.482484210312233,18.465099741021568,15.425356023515661,18.885649355439444,16.925901563497202,15.215613053843505,14.60075033590981,18.779632437233552,16.482309283584563,15.850279361708187,15.345897926224529,17.785256954395127,14.32063205141693,14.191586126846577,15.76586764633046,17.28231860883827,16.225111537431626,17.785054399279435,17.06150187544805
Var17,17.854846504252784,17.638558714929328,14.480640488663889,17.919860030090025,18.800586808339524,15.57541668436252,13.70818681805448,13.943399017529437,12.589265484085002,16.707873744003823,16.57711019603659,16.660823538490256,16.86649455460752,15.080656075544349,17.13311274015012,15.342908694965296,17.03202365526889,0.0,15.258385767065326,12.712674680894882,15.077596254915944,15.07952659570284,13.622471646264826,15.441596033317731,16.82861356104548,14.751895181489502,15.77600599960363,14.909013942267544,15.476578852578442,15.620531500852517,15.106314796555955,18.021974353284158,15.460266569489955,12.044339564021632,15.756912117741543,13.783389970578863,16.265507625121078,16.536925663182668,17.28828926602748,15.985012319993787,16.512836410684425,16.171096490762906,15.286466608049993,16.8286095227876,14.320185160288524,17.876447024266376,16.93671552362198,17.02153467260688,15.79325298951504,17.154376261845748,16.67162255852923,14.808831804972037,15.70717644187892,18.609474682256845,15.792877274741226,12.706948288861463,12.050510605742996,14.722534775280234,16.69753538669406,15.98880788982845,16.365668945246814,16.549652526320394,14.431794558859991,14.770423259104357,17.628427296274943,17.235734512376304,16.91988638317754,16.64778185761673,12.197133830320533,9.302456016018807,14.800100256243379,15.063242635099478,12.288926862326532,16.647393562806865,14.953925915371782,15.770621204058333,15.098697820465677,13.251034509131593,16.788733372918408,19.90012336602079,15.76534358107288,18.22341954179515,19.003737452894583,16.570013526046637,18.561837556248726,19.557825681996825,17.79048736763945,15.859697115608766,11.424299834120415,19.490494785238578,18.568552090856464,18.526873990275227,15.916216060627029,19.669508227016127,16.84471581672312,17.365685024541687,18.73674525826585,18.064278991086766,15.72397184195159,17.265996053397373
Var18,16.68702507709221,19.94660960807262,16.945939888263215,20.12368087495346,20.766483225100522,14.674634640114558,15.269238454040696,16.639265833899223,11.161877160753825,10.189835945665974,9.80486813267139,10.803762172034,12.280340544651331,7.6930454463187745,12.3220039444871,18.820856258966472,12.078572304245398,15.258385767065326,0.0,14.162780408709855,12.756984227943828,17.451749741112895,14.833707491540078,12.150169575282336,9.161453411882551,14.074237459499319,14.650881345098451,12.792957265804837,13.257226670184444,15.500463906524958,15.691619430848872,17.08138451592649,14.880443625478932,15.298111584027895,16.008143195822665,13.431259451184493,13.738181065511638,16.928108346420426,14.013563882774221,13.566666702874798,15.86080169742671,15.28679803870367,16.586205433018325,12.89523980681626,17.69449703625717,16.78115758957167,16.63023955502053,15.492490775922205,14.629469239817661,15.172113278113258,16.7490512586425,17.781188845712887,16.03599833572247,20.513262548982212,18.524168222655867,12.46276804279297,16.306552011857146,15.116960924353156,8.801452519514198,12.07194901104156,14.851286787563133,14.635591029170847,13.654797466885139,10.129707927458892,9.721064991659235,10.69310526356986,16.575799269852194,13.51726997685217,15.91166439586652,17.277264059310674,13.080740070158713,18.31601769880163,15.673747976017497,15.027122542695944,13.638637301858747,15.216361032843183,12.884515014913303,14.562991553528954,14.967561871926916,15.88086709625748,17.026699975005783,18.097469047334968,18.450829784658932,19.508566084582075,17.97144156040589,19.070618495259765,13.987943305323848,13.989593650297335,15.431981110842063,18.077130305835816,16.30479122745168,12.987075767730362,16.166652154506515,15.413378170208384,17.545755459449662,12.383574384075413,16.887280263742028,15.671951206560875,16.09720935214482,15.205226788130044
Var19,13.392517942513777,16.430585391124424,13.834009052176512,16.63600540269674,18.125222067228137,14.607519433624267,14.36789531723155,15.278560178304547,12.440155520069933,15.426420647300985,16.622601654971596,17.585680110992033,15.831336962299437,13.430198339590687,14.268898725444092,13.905567225550524,17.638048108578545,12.712674680894882,14.162780408709855,0.0,11.937800338542951,17.46820348349192,14.333931453814188,16.073892269739353,15.497815798959165,17.591360152383754,11.15346492643509,13.683008205562876,11.831793716428914,14.959506948758683,14.70050474438404,15.74463660059598,12.611302204989997,14.228408155529657,14.442779330658684,12.976028938737654,12.339936461258272,13.44359045212997,15.441954762879895,14.286873010847769,11.157291649507203,16.117638296996926,16.29119790696331,11.972586765193414,13.481131206283413,13.976452739051542,13.44818953407026,14.207413376212498,12.180733000530834,12.177817097634152,15.834803477178323,16.253953221026276,14.852510533363683,17.215722375307138,15.190881046453775,11.72948047595161,14.623263200974097,15.44754172633647,16.34729978350446,16.162006911068406,16.85397400313157,16.124004912289745,14.404692657181643,13.997772389767915,16.07415118827327,13.820155289675087,10.937399617014501,17.361639783286726,17.898713593389083,14.722368686162458,11.577619148391836,18.856319905142307,15.883801013749279,13.707733013264999,16.16233438608375,17.65064379852432,12.91433954077523,14.935572363798178,14.39062810932942,17.769951683859524,18.135931265512884,17.50567320530677,18.150933034831393,17.751515313881566,15.597890429825958,18.03152335838722,14.993772935489545,14.958752789006342,9.854702572500237,17.637912248852,18.135059238139373,16.565211041426814,15.547675052261948,18.94795379485642,17.604965472376573,12.729798523589851,14.948512932199039,14.769190506710382,11.760071250465618,12.960678147454818
Var20,13.71655043404369,15.552214522633179,14.130380696393887,15.62951581368685,18.685980321281495,16.086959464412093,10.989122970941954,13.763050344347764,13.906250944758476,10.803152792927028,14.475445146228436,12.742642246285135,13.722094990058114,11.153332293028296,9.259972375545642,10.814569400979552,15.889038328236378,15.077596254915944,12.756984227943828,11.937800338542951,0.0,19.297778291471936,12.550657910087978,11.922421104729487,11.733534606833864,14.419239316418198,13.942082894148495,13.594533691457338,13.536307956968756,13.25035690660388,14.840618829298368,14.68161165248163,11.562054768961703,18.06926237718011,17.28770005628895,16.675960322790203,15.223038875923965,11.169342031945163,13.462633591915802,13.094268462378208,15.799900012593236,14.24538905131268,16.9746096122122,13.789637004937363,15.391917715766818,16.761556411472206,16.746283495157368,16.92282570832309,16.26417157865781,16.193875303274194,17.469526549543215,15.343762799646592,16.697391282380362,17.38304487103731,15.942211452274133,13.26924471140835,15.055768994487721,14.68714722015639,11.747785735523356,12.238579423592281,12.145994729478103,14.049377938548153,13.169886040066354,11.191472435953962,12.029558521364285,9.14928026613855,14.529950453738037,15.070634696887883,15.451165234336088,13.762670217765503,7.102402582918332,18.09250148626736,13.552960302719415,13.314779513829944,9.865401302288598,12.610673774674455,11.526824057380102,10.293159007016573,15.025357060915288,17.615358626538907,15.76677354239187,19.630972363620877,17.42125935418675,17.06222125157881,14.361910824949064,18.446444352941594,16.705029328341706,15.35343965040044,14.678736192924948,17.938667215697606,19.768880385210583,17.013415528089023,18.73294638598252,18.07986941970513,17.336938454888145,14.661323866797913,16.601779867584852,16.659947632759053,15.410268260186712,16.840370843149252
