,Var0,Var1,Var2,Var3,Var4,Var5,Var6,Var7,Var8,Var9,Var10,Var11,Var12,Var13,Var14,Var15,Var16,Var17,Var18,Var19,Var20,Var21,Var22,Var23,Var24,Var25,Var26,Var27,Var28,Var29,Var30,Var31,Var32,Var33,Var34,Var35,Var36,Var37,Var38,Var39,Var40,Var41,Var42,Var43,Var44,Var45,Var46,Var47,Var48,Var49,Var50,Var51,Var52,Var53,Var54,Var55,Var56,Var57,Var58,Var59,Var60,Var61,Var62,Var63,Var64,Var65,Var66,Var67,Var68,Var69,Var70,Var71,Var72,Var73,Var74,Var75,Var76,Var77,Var78,Var79,Var80,Var81,Var82,Var83,Var84,Var85,Var86,Var87,Var88,Var89,Var90,Var91,Var92,Var93,Var94,Var95,Var96,Var97,Var98,Var99
Var0,0.0,12.10397705410984,14.806017872567457,13.4945011414126,12.764004282008543,13.921613437610171,13.029999846519743,13.006732341485487,13.96570367923045,16.65548349523241,17.86234665777587,18.158881943655125,14.863855000407487,15.20647529432766,16.312204969896026,8.881365826427576,17.532595256241013,14.945386040506952,16.048354565074877,14.957405499388683,17.132355473071257,19.185271511543576,19.569340316113337,17.42414337174779,16.222498331729774,18.791075869659142,14.206207349860602,18.43599775714615,16.08053965644143,19.04522811240507,13.5116180226414,10.813687251812329,10.226874013391933,19.421573692606902,17.2571585408062,14.87154168714847,14.923054198377013,10.246781499688307,14.10325307622615,14.001286331306146,17.873718186838364,13.596428210539914,15.553487995780127,13.09750598505657,16.090537531217276,14.91057725992863,15.464819870279044,18.288036916497852,17.37039970192811,15.222089542599393,7.26003156317638,11.284041133007419,11.970645659063527,12.079403872092184,12.19182773437427,14.441898822994455,12.423173316225304,12.669824682235253,14.391381138094719,17.289222817088437,18.46650963533646,14.70115021457375,14.545834033457414,14.613191542502012,16.119889476977185,15.854956323468876,16.373932382292146,17.945295862981627,18.502972697340976,17.085926379975287,15.29446679656553,18.06568014967153,18.741820220489572,13.725214131419218,17.887177495678973,18.11360180420634,16.26662013314444,18.170895368972456,11.920097021891495,10.163082327007704,19.281528452106524,19.603240752240673,17.341597589201925,16.888253891382845,14.289240309485645,16.6442439797164,16.020055995346087,18.45335282082324,15.053315080668348,17.48326709801851,11.609755470994383,13.209812286882945,13.888547895224928,14.316136265777336,15.545002096024469,14.159631173516916,14.60375898239324,18.26047505061397,17.556964470295473,15.49672783853456
Var1,12.10397705410984,0.0,6.882719695155936,9.316146217959952,7.13450326073258,9.47678413707744,10.513426407749897,8.071403452229886,9.353053798858625,17.810677554482794,19.31468057829765,18.558114272951336,17.33351206956501,16.6177927451141,17.67335325662245,9.984151607815782,16.034258973332133,10.141388555763658,16.104184452980213,11.537104296528387,17.388148544894054,16.591877464401353,16.59199542485092,14.053404900113712,14.843126164131924,16.29260128988688,13.700028917400315,16.18009123053956,13.723687771844144,18.245556422317623,16.250305793843943,16.854562470530382,15.928122119323895,15.743008667738449,14.02695483350613,10.170013028805746,13.542907874410869,15.572100457695749,15.038595252591204,13.599218083671962,18.313441298422386,13.975188721368333,14.695070530041292,14.769397222337124,18.11250922828121,15.288559431730672,15.517468691667837,16.725523752655633,14.91226606947656,13.911940614813401,14.441961613675895,4.6067440381103175,13.274940666820013,8.182108471610613,6.903484313642194,9.95726254449686,9.08728410820319,8.43793678770253,17.23727891878334,19.785862739521185,18.221953734077566,17.853727999870873,15.631123393764218,17.81578301619835,15.384605989094647,17.930587193778468,13.381612771260379,16.793248901017556,13.382523241332413,11.824320010040225,12.78226110716537,11.677582483132207,15.662879047710273,11.69365920877581,15.731715952761414,15.505756875303437,13.350932148504858,16.58578490750961,14.982233776102294,16.549453849190193,18.1991023833038,19.700608963053867,17.73554020549535,13.06290337432846,14.733773380842294,15.898829686128293,13.972270616773432,17.577561294787543,11.078371206068987,17.9468925473408,17.99517942679515,13.336839248830437,13.606134341436881,14.365906612278389,12.697299062993263,14.52668232183349,14.945804909567842,18.26993347237361,14.605177533883252,14.654281953485313
Var2,14.806017872567457,6.882719695155936,0.0,11.594794807872022,7.943536152399705,6.434768968355098,9.150130797841417,7.513011802718953,8.349402864052195,17.835028227473998,19.06154058866988,16.490645555150188,17.47021182985573,16.4560824454116,16.670386873198844,12.219898836861937,14.039460041887594,7.837646781232477,15.574915345622397,9.102034802796512,16.393580170334257,15.974856576484337,14.234832105400336,12.266198777244664,13.84694146059483,15.145280622427725,14.90719197163091,16.311580198929907,13.228275908118945,18.2230177593344,18.104826021538358,19.279916725931542,18.697859128560353,13.73686229890091,13.004634587845029,9.251778288667339,14.202902308403154,18.39882206220419,16.504828423734565,14.415494544774779,17.922407429738147,15.431586881781154,15.792073222188604,17.07282070526837,19.504327259073186,17.018212601870484,16.186144530630827,17.088311138149354,12.764898068291338,14.523502783024803,17.35225185451272,6.164153854903226,14.68641365414605,9.41521702405835,5.7492723830044214,7.035672801588579,8.736597071254575,7.323451305440891,17.945037910095873,19.47399493976871,16.47668596206696,18.346139637545786,15.948720522065392,18.663283106157486,14.011187866771301,17.235361966353455,10.706993018038055,15.220254694750537,11.46682201779685,9.273274588807405,11.465053454757678,10.847040628290632,13.14581805644636,12.011269113716454,13.05174647347784,14.416122181361432,12.88796519177662,15.866445387333359,17.873443139269966,19.23757395713692,18.28908845900875,20.45298838698071,19.399782253931185,13.87894107238283,16.56401638445722,17.566388354668298,14.679440054709993,18.299067895648,11.243701006452559,18.508874168835224,20.40771059951927,14.167401772546665,14.546427321714583,15.47461667921569,13.360605543610832,16.324187824488803,16.643234605694914,18.808703080499093,12.835466135880298,15.65485340637667
Var3,13.4945011414126,9.316146217959952,11.594794807872022,0.0,11.688755244715313,12.931723491800224,12.638670551447762,10.33929290973669,14.408520010649612,18.441792944398287,19.12050589130706,19.07002321387951,16.417827685722695,15.896090544051066,16.768064142959407,12.211090614448219,15.762581670026911,13.200508084561273,14.895849026903392,12.755234611840182,16.76197460465898,18.590640455720514,17.662119923772853,16.369418169854374,16.765405845881986,17.578171204621043,13.739368048714162,16.657132142579858,13.225656336063807,19.092342977060845,15.606856916064741,17.110506777067606,16.52986088341799,17.516214232595654,15.904412250992085,12.012621704704635,13.514453443704555,15.454827874199136,16.29990309458046,15.297343758191909,19.154812811975606,15.662933809038183,17.01795963571607,14.043408062494146,17.37344442697335,15.589842957695083,16.220733048908954,16.40480370249413,16.175705559053466,14.670559207819108,15.610258848408366,9.659830529664417,13.482286124634477,8.881805536053088,11.240680814013604,12.941747921342019,11.498900310368924,11.980493124824735,16.59689137248147,19.096640908198314,18.511509649143115,16.831605260558444,16.195934442995377,15.311159964000346,14.3236730840065,16.38105827653891,15.19410786682038,16.36291295578035,14.15565935782164,13.426440714767645,12.79554643910992,15.199620070042345,16.154342254146304,13.491761782161447,16.442438633793824,15.878156174452043,13.174386757674124,16.98950183170297,14.454395485467124,15.934773139881536,16.643598627566764,18.154300437936346,15.875293652434713,13.532604559614418,14.910354321543846,15.88281759124971,14.031275003322635,17.101791797100024,12.216984821834673,17.794192649581955,16.57085177867758,13.297053319161867,12.605231539973808,15.465109311363495,15.33665841156501,14.1239672339628,15.224188553778035,16.768411079696193,15.924059393594963,15.089789063345243
Var4,12.764004282008543,7.13450326073258,7.943536152399705,11.688755244715313,0.0,10.032949720206277,11.881425675040758,9.204747403520743,7.4322262974552284,16.698100459375233,18.725172481051917,18.58249166830347,18.700203913737468,18.240992681375783,18.668049881379766,11.91572815608022,17.214022417818335,12.411593942286727,17.69467310645912,11.17117203339709,18.51197773081499,17.30095692108184,16.21303935908454,13.24327150961682,14.491185519821594,14.767685077805018,13.061963496678876,15.528493319746065,15.318915712924458,18.159189909466946,16.703502627521186,17.30195960704366,16.061395785002215,15.952619549481808,13.699989066928506,8.2714685237936,11.809163377300269,15.207184429232909,14.452508201738654,13.566786044370776,16.868621906970446,14.47001365033702,14.91826076157889,14.270730162891141,16.692091287283027,14.513522315996056,14.267560646457541,15.806189388722116,13.332884050686314,11.79219124796645,14.70900427675573,6.890194693079939,15.421360862403967,7.6161001394782,6.870161680024868,11.731764877053557,10.335929095460838,8.274883660405001,17.13467016234296,19.710823847763542,18.23558938725117,19.437147676375343,17.76623552417831,19.40474932623298,17.41327590908441,18.640493077741304,13.844244931141082,19.09155812669562,15.731888646780147,13.890904500115228,15.20716419182787,11.385142226508933,16.134158013263107,10.176522658403547,15.648876521684166,14.800023122648225,15.122541097183662,15.92579536971197,14.277779529805837,17.173146131098957,16.928792276514063,18.871330749961878,17.054478852267895,12.257245887489967,14.117574161494451,14.664743039257568,11.96324449326117,16.17011769666066,9.20977959642648,16.29999545389058,18.207032918214452,13.704887634239611,12.667164429702,14.26888377302884,12.352477812760858,13.566708622125997,13.925983984127521,16.911185722723427,13.915563817627202,12.283858428083807
Var5,13.921613437610171,9.47678413707744,6.434768968355098,12.931723491800224,10.032949720206277,0.0,10.356405830385985,9.507598148312328,8.113233830930508,17.67332982064547,18.16999117416994,14.21312107706034,15.594126169383149,14.849177590396886,15.178960369115428,13.33547824029215,12.45550089562427,9.654177760158676,13.807308159136891,9.60547421275639,15.452259132201613,16.63480872866128,14.596842600714,13.358581913250433,13.124563796899208,15.342873609097664,15.772964589590934,16.343506348737982,12.176308737649803,18.403320366514638,17.495492881884807,18.56038578948709,19.144852037022982,15.577420859991333,14.658497898831722,9.907036190492958,15.221709672369593,18.529475468532922,18.211272600679912,16.061846671647793,19.0420119599889,16.278851027354914,17.5357876905903,17.266206865703534,19.750607475446586,18.102597761866498,17.92467807797764,18.56444497559533,11.027146712663564,16.101897047098944,16.127181317189173,8.771855541148808,14.831446817693479,11.656521246982471,5.7955398702730285,3.6291781954219493,10.311722886834303,7.373704747494013,16.85843545086188,17.760503406370567,14.328016358742833,16.447974665479606,14.443481148502098,17.43712511423699,12.470953088704288,15.514920807424053,11.275807864386898,14.3525719828289,12.753741237245068,11.137346445125898,10.20020959636895,12.774863232578257,11.404550150478691,13.833247948883105,12.646569276163891,14.510681310644738,11.597187737773028,15.43891614359111,18.432652607240932,18.349852636961746,19.33485567151172,21.367786683266193,20.42434645537847,16.29684395125151,17.38670066273161,19.27034421514194,16.34103382979487,18.953852885233132,12.6498233358971,19.90373777820155,20.090600419746384,14.54615754542713,16.32587463909767,16.9200387506154,15.598915509651292,16.94649093656416,18.25796037892872,18.92413100909252,11.524654090019247,17.06470741190555
Var6,13.029999846519743,10.513426407749897,9.150130797841417,12.638670551447762,11.881425675040758,10.356405830385985,0.0,7.14457210162834,11.774391910460276,16.389757143358384,18.137946169445108,15.156531136745082,15.9139527348966,14.781780103998413,14.733369002021464,8.433343709814944,12.858255369822952,7.962990511181624,14.13020845568922,11.145409588503474,13.950950998596168,16.952702267353004,16.05543566339231,13.003756290787603,14.332601340684116,17.191810052568883,14.419845122176902,19.086958409763827,13.816481091623812,19.317266094986927,16.25495850972695,16.659553293768884,15.962459384480853,15.668846601098528,15.591495531329786,14.206478487499034,16.574139130262846,15.136416987043647,14.433758831950655,10.389182330548094,16.634441703681034,14.239144516347373,15.410347947308221,16.050068363755,20.38382591764275,15.81577549740579,15.966357674633299,18.73946763146855,16.190840137424793,15.549871208873517,16.73104874066018,8.875181386082485,11.035099151650492,10.198986956699361,10.05478050105274,11.190606850323665,5.824738310417347,9.176086816174394,16.320232844609688,18.38943515880798,16.438269927443752,16.23550457005595,15.201793945393874,16.625234536682825,12.032174150377422,15.765680592560392,6.936746571169999,12.538257147451814,13.746935221415674,9.123238221153768,10.232839559623292,14.946598159363461,14.889858471992365,11.020980291951744,12.713763347588559,16.936029117477165,13.732802841201764,17.77723074238567,16.64826835325512,16.592900630054842,20.880413477211015,21.989561499727685,20.822891164064977,16.261012963217023,16.76137366463287,18.99950649105142,17.386544057563817,21.072376861482375,14.888576351233683,17.710565453345595,17.86888441135597,13.10637536903956,13.287360334509266,15.464185896184954,13.82943946391936,15.98035067854065,14.939271568280342,21.061062279926695,17.106912947240705,17.166396464601235
Var7,13.006732341485487,8.071403452229886,7.513011802718953,10.33929290973669,9.204747403520743,9.507598148312328,7.14457210162834,0.0,9.464452806940335,15.893077482431618,17.24123353359199,17.08038015805912,16.035126738079015,15.124344201899442,16.73866272002473,8.96156671798765,14.291095557973064,8.066424946286832,14.22352905937794,12.672253501574426,17.02664173356654,16.964726559488962,16.82613941738861,15.241359938165456,14.430384455733005,17.36525881486859,15.384322807623636,18.411347678162688,14.171924850117756,19.063379932565482,17.15769038758356,17.74683896901609,16.514327546320658,15.748473548240863,15.97751940348254,12.779093454092942,16.60233035730566,15.852438112133974,14.816316116900124,11.907524219661603,18.595164799215794,15.376004933095187,16.582581673870507,16.792953789487747,19.668501764601345,16.746231946111973,16.935937667540315,18.458840878876007,15.104828770320928,16.070497343040568,16.117839774800157,7.215219118045301,12.098201885785679,7.935475012371935,8.15887387285817,10.375904147222052,4.686297146574741,6.839499637735884,15.893267357292645,17.92015398288394,16.658311554294794,16.380157535072847,14.782757775457327,16.148663886933893,13.81024938348199,17.0685721954729,10.213126450866202,14.68475853252117,13.025602637824923,10.011436956010211,12.652738229543496,14.00303680833632,15.258566778644024,12.07133949187809,15.778492876141286,16.511412425392773,14.046283396927985,17.710063342691086,16.5752248401381,17.99516237336807,19.776252233616905,21.343162741763617,19.9049269571739,15.346196528189239,16.34905248289776,17.859235285960757,16.776873877535674,19.797360334054687,13.643075726882216,18.669001890732094,18.591694224579488,13.592644856220245,13.489336182853854,16.044214356039674,14.885066140327021,16.557014714400417,16.109646073509495,19.639100959392163,16.051583131724968,16.964589587543685
Var8,13.96570367923045,9.353053798858625,8.349402864052195,14.408520010649612,7.4322262974552284,8.113233830930508,11.774391910460276,9.464452806940335,0.0,15.011510721942301,16.51074473989977,15.799308673782587,17.367251133953054,16.900326819511253,17.869211553094168,13.158342907421964,16.040054861380415,11.725016528155772,16.565811766001502,12.669912761378054,18.153713538860213,16.619737513274007,15.97131792177997,13.790111386875113,13.825121693384101,14.972236922934757,15.401540758866066,15.565566592612901,15.402593148269506,17.474436032803602,17.077706100992284,17.511471795108573,17.7714474243996,16.3362944839301,14.869883570074911,10.736791406126311,15.189393023939312,16.54683755453012,16.33047229834063,14.474284879671309,18.032995059067723,16.683627055889705,16.797041145556122,16.461939487056817,18.577719262574696,16.672682903185926,16.565293907777654,18.199404868415332,10.968737644810316,14.71025067125073,14.675840211742461,9.867933814734968,15.199429346845791,11.59477488074289,8.24440957570196,9.21899128425571,10.09855242440143,6.832120546963234,16.54441899010573,17.657950309776393,15.68151179215301,17.49350427454498,14.945432219064658,18.465363098003696,15.993276880378401,17.711632394631867,12.426056870091738,17.253959068362647,14.842376157918535,13.17841988507746,14.272572632834367,12.361578130366446,13.846657268819847,13.387399708630394,15.394841381861465,15.286704586445484,14.431827066260984,15.210798116253198,16.250353262619313,18.029485523159156,18.97612879718551,20.51465757980374,19.702297231552954,15.791584088471776,15.68380981885548,17.29886461876729,15.518628123631398,17.356588393709522,12.380948587329314,18.115385648223917,19.16753691020346,16.393026068000204,16.139699805323403,16.72154304603485,14.733592339331661,16.19214748740296,16.99717641275818,18.07702894538971,12.321016695051114,15.268021538847414
Var9,16.65548349523241,17.810677554482794,17.835028227473998,18.441792944398287,16.698100459375233,17.67332982064547,16.389757143358384,15.893077482431618,15.011510721942301,0.0,8.873401152674774,13.01917874470175,15.303182938141054,16.0462648978416,15.56664093955228,17.161532053807004,16.157788205775717,17.74488581222197,16.112946652240332,19.03291095609218,17.282814986060274,16.082374731264892,16.717707122709857,17.754495457691057,12.158104315142696,14.708819084119586,17.150085417598,15.838972082323814,18.643975377851604,14.18256649598046,14.11046726757624,15.554799848646326,15.653992462400264,18.19155479986495,18.226914811267772,17.820476937552453,18.679709452525547,13.15886342851789,14.353244210602314,12.538444340017337,16.99897991324503,15.536959344638376,17.600833497960227,17.059927609688586,17.81834379694927,17.044195716381523,17.029981546727804,17.717846151635428,16.132408718811675,16.516927160276154,15.848324539301963,17.750177282798216,16.892071011667205,16.823395122029424,18.07113701508853,17.614287908420483,15.894035754886543,16.075494920290925,9.834391290438445,11.550606316131498,13.076460668374402,14.591637681168464,15.748406129529275,15.67631052903854,17.070116374905492,15.385330662841808,15.306054311616366,16.34938565706242,18.0400517939354,17.738778557169578,18.000067067094157,17.347238864378614,15.73312985768793,16.341922155462704,17.01194388735334,14.900776826904096,17.41539375978976,15.909431574008147,14.495782001113353,15.930358661852146,17.916560746469973,16.769516433555218,18.229197212426385,18.513415559535005,16.509125073340442,15.981924610200078,17.85209921906502,16.353040544404884,17.339515150926726,14.541102479147453,15.572335692673777,17.13597596085885,16.177577538707347,16.09941873365009,17.887940474072803,17.002593214065577,16.465336363016267,15.176348896508038,17.229243227378184,15.887183250396042
Var10,17.86234665777587,19.31468057829765,19.06154058866988,19.12050589130706,18.725172481051917,18.16999117416994,18.137946169445108,17.24123353359199,16.51074473989977,8.873401152674774,0.0,11.345300878322659,12.17492386648733,13.78108768192362,14.248483931896214,18.776110496361245,14.046595648316163,18.071498997714976,13.139156496915154,19.955111037211804,16.390915027839327,15.940714959770322,17.322614494355594,18.62265925634463,12.542627148760888,14.706127847360001,18.942596693290106,15.294605027283446,16.97700410235066,14.513075710592847,16.39646013795144,15.923114519325438,17.538812383877268,17.92260098310802,18.706322679162387,19.36880921052867,19.724935918316643,15.534597449273857,16.758500133626132,15.610767802425713,17.882442212064532,17.256440153826013,18.098159221690537,18.43105761939294,18.719706926041773,19.046194306138727,18.231623835160388,18.48837885264285,16.46922608447753,18.481754791450246,16.00818530093872,19.616723538013932,17.374414607819517,18.27963989637327,19.65912781485,17.82080674056961,17.202198916755883,17.430469966411092,10.324743471150223,7.888231090035036,11.608224136106683,11.319873325804759,13.342489499609865,13.607326391069318,15.783749255278545,13.765468195084553,16.248142421919315,14.627731839677782,17.214442728282044,17.668624804594977,17.641612720679586,17.76330479969029,15.26209770387908,18.537944613592106,17.85489487101808,15.737845986518096,16.189430398531073,15.954913019419921,17.13182077788553,16.529515238635902,17.32647341045942,16.486560866209395,18.427175433069927,19.664404036142294,18.710168396624805,17.36441177706176,19.20134821673951,16.834928449295465,18.813381383732622,15.947251727366062,16.16897073645759,17.987653138984662,18.344340585550235,17.572534779889036,19.034663361780055,18.393519069384247,18.196501248296187,15.80962019649388,17.11555806811571,17.797020531588977
Var11,18.158881943655125,18.558114272951336,16.490645555150188,19.07002321387951,18.58249166830347,14.21312107706034,15.156531136745082,17.08038015805912,15.799308673782587,13.01917874470175,11.345300878322659,0.0,12.755556618086427,13.619940114593206,11.003491608020841,18.705548477717908,8.801744159284699,16.03211857199037,12.379020645563205,16.05527158703353,11.985977930973307,15.210745608237682,14.570665214576485,14.229126805427418,10.836286242473507,12.504331984299933,17.78100827452384,15.04098210665608,13.870460228609302,14.766721161134061,16.183787954657287,16.513447371279884,19.478558888203413,16.80870231391032,17.033013784119905,17.129047391314238,18.13335524282708,18.068567436307575,18.89787283001169,16.55303829426416,18.187155148557324,15.928638735452703,18.05739722510474,18.532834344820266,20.76319311457563,19.595394816380715,19.315956894933617,19.672984782366687,15.092255246001292,17.977752438482096,17.909604448823174,17.921214243913553,17.72765597369471,18.284840497985606,17.156842790079796,13.812336723118952,16.505855710100516,15.740767927748534,14.12099525076131,11.247006274931465,7.85705414068002,12.663969308941857,13.438110604057506,15.798617489847105,12.160172978835435,11.814839219806313,13.188454184551015,10.673852449319542,15.526334491202006,15.751564233685375,12.86252802496389,16.1075904034228,11.036433390524724,17.641996111879756,10.510095501231662,12.781751212375818,12.895001947814423,14.12271515961979,19.224523293945705,16.42755041317951,19.110676701152716,19.167633397709068,20.78040178964212,19.71824000370878,19.325177741308625,20.45728336347205,18.623760254961155,18.682251135764893,17.687205635925096,17.831782411113867,18.646549633684494,17.733987816663365,19.026423002595394,16.98657873601834,17.528536613906237,17.9818043734778,18.790728617605183,18.473998440372274,15.118897506111855,18.27011555412808
Var12,14.863855000407487,17.33351206956501,17.47021182985573,16.417827685722695,18.700203913737468,15.594126169383149,15.9139527348966,16.035126738079015,17.367251133953054,15.303182938141054,12.17492386648733,12.755556618086427,0.0,4.691429778807567,7.746911781337204,16.639394733106844,11.643978370080884,16.84183248516995,5.883160153338275,17.4865024111306,12.494519717491183,16.736106799909365,17.19277268113781,19.64766846002968,15.255243653932201,18.5696407934679,17.39055994219465,16.408568294763068,11.723019882660562,15.50017442296487,17.2306201067066,14.990170287040884,16.616496339112242,19.468021660025965,18.711189421581015,18.607705656230603,18.61862968105761,14.553398085294582,15.625482888956586,15.939240178704509,19.781459851118235,16.65408817222247,17.21986556916936,16.87972770450597,18.490466127300216,18.15192798231747,17.87380767273941,18.60043454954136,18.413715978142953,19.00748168458477,14.712330814628839,17.273238906179017,13.74685161499758,17.461287036404908,17.159157726785487,14.945666615327474,16.271180550144326,16.004210377987462,13.13800927201553,12.102937319876204,13.435091790686661,5.529479201578234,8.30443395555098,6.837947864519785,9.913947214543883,7.141316100473613,15.37738776814301,11.972279438636825,15.465899087009918,16.358564267367637,13.138451545939754,18.860710337770932,14.445814815917187,16.760009593194837,18.026698022408326,17.993492954674636,11.360317316094196,16.610265950117842,18.385086173029286,14.174084279408245,17.972283550669335,17.645483164498184,17.48093583095547,19.368571623508767,16.176561405921742,17.77613333548978,18.99074597372459,17.985230228719335,18.071797857131916,17.878193951028017,14.407495641545607,13.271090623512741,16.339131818275206,16.450131094164853,19.23822312110681,17.066079291675404,17.594317188066857,16.396893705676813,18.09275230326084,18.819364744388718
Var13,15.20647529432766,16.6177927451141,16.4560824454116,15.896090544051066,18.240992681375783,14.849177590396886,14.781780103998413,15.124344201899442,16.900326819511253,16.0462648978416,13.78108768192362,13.619940114593206,4.691429778807567,0.0,7.364593031895454,15.899322912397418,11.964304117100077,15.393635557792207,5.834799412885192,16.799906192350164,12.025376947831825,16.07861383797991,16.31648793397357,19.0473512151617,15.99382819873676,18.911081920202115,16.5769036199273,16.63761512785393,12.131461218143402,15.440847393149252,17.337769320699376,15.36728222497092,16.756593214088586,18.90296155355118,17.743693205678365,18.330288747170087,18.811289279303956,14.872064026161759,15.224758845728225,15.574259895049968,19.573676519398322,17.136447529579694,16.79457432830237,17.413155323992942,18.78662966364775,17.618755273393255,17.14149904526703,18.38572745627306,18.181366848005172,19.119898023031467,15.350024058590162,16.57352579299696,12.708140549839475,17.153107386294455,16.26323589156592,14.378984936390355,15.453820755324505,15.386399991967316,14.46595472793304,14.068522327913222,14.42411320412157,7.33157482897252,8.359417303997658,6.655557430814284,7.564206721217289,7.071925860123285,14.632701399680027,11.420076087947123,14.783479788370675,15.039735431128396,12.174769574829144,18.64382394956416,13.959597307330725,16.53941641301979,17.826053580599,18.801350614779185,11.588009162332671,16.5790750366235,18.878071463836548,14.970563180594151,18.525663559047594,18.597180278192518,17.998831332851598,18.952523435575248,15.632922449537817,17.7927830377879,19.31263732799547,18.466185134487407,18.277074916051642,18.338014572035636,15.177802803853078,12.85499520670204,15.96260139898681,17.224043525530558,19.060890832490486,17.66818456117467,17.7276666162449,17.063606142126037,18.408756014669123,19.434246097878496
Var14,16.312204969896026,17.67335325662245,16.670386873198844,16.768064142959407,18.668049881379766,15.178960369115428,14.733369002021464,16.73866272002473,17.869211553094168,15.56664093955228,14.248483931896214,11.003491608020841,7.746911781337204,7.364593031895454,0.0,17.55045543986832,10.391675401624719,16.269563346197437,8.226300920879162,14.940129361435904,7.35125310140132,15.653482704789687,13.825524978333831,16.87076154743643,14.530897241386125,16.57425733808882,14.917820033655993,14.884867598411757,11.102545795060534,14.194412459400326,15.813510078033481,15.311739580259967,17.290936232433754,18.398299518146274,16.654792255165443,17.292813282130428,16.845803703483117,15.247412096653159,15.751908584034881,15.15291979504913,18.25302288577742,15.205978895628796,16.051202202000958,16.37861273877165,18.60611090018394,16.66367931765018,16.418921607874196,16.784138215970753,18.07545253644275,17.384574578675476,16.925764004412436,17.02660470274717,15.0442403358448,17.494545388121377,16.724512382009696,14.642833247842201,16.513692224768416,16.0941757573945,14.405254535002197,14.66106110130459,13.412552633429263,9.882218497748104,11.688542072849025,11.070938508776978,8.330129760799558,4.166234051093066,13.92343978995985,11.733952469033026,15.625023830539169,15.61295000112955,10.398142491183258,17.84136587360006,11.829071025617218,15.518788467408573,14.6490055418589,16.244957280485494,9.919058554658747,14.177381318896428,18.32104096458386,14.313983817695894,18.01193432075228,17.729173393468646,17.416446116938847,18.471401527742326,15.63989925875894,17.825957938301865,17.612497023119502,17.66328664123964,17.11635972376827,16.541002041496625,15.838126811631753,12.859574059260543,15.610161324343341,15.26829591765835,17.903982356114334,15.97545954893818,15.84943095135241,16.179870506889074,17.750132671157495,17.84712605143985
Var15,8.881365826427576,9.984151607815782,12.219898836861937,12.211090614448219,11.91572815608022,13.33547824029215,8.433343709814944,8.96156671798765,13.158342907421964,17.161532053807004,18.776110496361245,18.705548477717908,16.639394733106844,15.899322912397418,17.55045543986832,0.0,16.730198564761206,10.454610607381191,16.24543744258001,14.231665621682575,17.366519071705778,18.272278620562005,18.915968543540377,16.060500722592508,17.003191553743005,19.690800649055102,15.178770419204955,20.659494972462095,16.602965046390338,20.33411968747932,16.015665764206943,14.195938162726124,11.681044124040223,17.291588056139837,17.063071986640292,15.672535536322629,17.104926978425286,12.89136051163019,13.45027163037637,11.85438786614434,17.025406451850778,14.881858987566858,15.589385276026464,15.37843658313078,18.39697585420575,15.242274730047903,15.798775427402715,18.95407562787552,17.578979036910624,16.30923121906768,12.7255673993082,9.221313914979422,8.844380420111289,9.872304807992126,11.54384284108454,13.981189803590773,8.123129159118935,11.390614399276025,15.96008730087374,18.143340970757563,18.66165070204462,16.213692708368548,15.262342192427951,15.577636710362647,15.019006147471393,17.596327314866148,13.057815003099204,15.321981254561305,15.74141961123028,12.407482874310316,14.020223183024845,17.05570406420492,18.379859125180825,13.346186252810067,16.786834692395196,19.145671256671072,16.59709320291627,19.75561775978404,14.351022942760968,14.609131883243151,20.507335646587222,21.14003761318059,19.15913689806462,16.03293935725992,15.469166733749718,17.57230107206175,17.64647914795701,20.70197254830697,15.806335279225086,18.38749461279181,14.563050978338438,14.046694560341841,14.1414070765914,16.213288229520277,15.189083951812604,16.13479066343594,15.120289082499427,20.439882287940033,18.075722215867806,17.22173021483325
Var16,17.532595256241013,16.034258973332133,14.039460041887594,15.762581670026911,17.214022417818335,12.45550089562427,12.858255369822952,14.291095557973064,16.040054861380415,16.157788205775717,14.046595648316163,8.801744159284699,11.643978370080884,11.964304117100077,10.391675401624719,16.730198564761206,0.0,12.617555528701653,8.804826311286337,13.864639939927246,10.711174713241201,14.502829991635627,13.906078196118742,13.448865591897729,11.841032014449972,14.505385763367538,17.460638744243326,15.829664545582128,10.174101851079318,16.281131204215743,16.812864603128546,17.202550016977657,19.42448197563675,14.747762802461574,15.647281680434526,16.3814864664229,17.677674688528835,18.569548755918614,18.794009478276053,16.71157230548661,18.46196628381427,15.296963327549408,17.481669757805317,18.236966792037762,21.55996435439496,19.33105091852836,19.038606924942016,19.393905772811056,16.664074565104105,18.34787173644816,18.33134936795265,15.287958768814343,16.083571407623744,16.073115351602226,15.30607563259615,12.165330419668582,14.172562194915612,14.312646865330986,16.095033704637075,14.519118364385244,11.904269886719938,13.204874715819505,12.759727547667579,14.799314017738398,9.334558073866084,11.696152668678868,11.392487625053741,8.284311076734824,11.160256024248508,11.873535693629995,9.607836702303306,14.172488741952176,10.447079023741987,16.412252856389227,10.637115717188102,13.67886776326735,9.889376640261268,14.932245244419027,19.450579071929845,16.81123743586355,18.309662070750157,19.6994139193458,20.462416536362138,17.588247811801313,19.339677199835318,20.345556366572207,18.36179371358475,19.365979055782056,16.83489401684991,18.7252742274719,19.04667982265573,15.131478680801854,17.84821574735056,15.826674777804804,16.143498531027497,17.624212024807566,18.054955908283457,19.24230562037031,16.33034192499702,18.80264204815023
Var17,14.945386040506952,10.141388555763658,7.837646781232477,13.200508084561273,12.411593942286727,9.654177760158676,7.962990511181624,8.066424946286832,11.725016528155772,17.74488581222197,18.071498997714976,16.03211857199037,16.84183248516995,15.393635557792207,16.269563346197437,10.454610607381191,12.617555528701653,0.0,14.486862810865427,12.054846159864908,15.619528689329641,14.538374629627295,14.563924858956268,12.349469034155662,13.97288090891813,16.593194456751956,16.75545587241561,18.521409634801312,14.53072686698476,18.974446317277774,17.88280727098277,17.83871840391833,17.653461536434207,11.807767810927974,13.548189975032567,14.314836292686994,17.816898787791494,18.506480238818593,17.280936227164638,14.45014362865911,16.29114234293677,15.889281969822582,16.090943199431823,18.518442396974308,21.038654546062904,17.999197078829052,17.530194235637154,18.74037315881476,14.337086321061873,17.63046122758267,17.21962169162287,9.968962708499046,13.13277743019701,11.607699810685112,10.447009296118944,10.001096383557993,8.36492991971596,10.991381506868247,17.68425913328146,18.373521612416894,16.58315157607155,16.867826667483428,14.457934367797376,17.613400372700124,12.252121211374059,17.177801274054847,9.87024555057103,12.596183295641957,10.542694048535866,6.03131046718267,11.126143754508956,12.950159535812894,13.98318374511154,14.985131487235927,13.382724115050419,16.455999884091334,14.206799554101568,17.27770601765139,18.480488424651952,18.688435769295435,20.201332813930254,21.871015315138514,21.234358065704086,15.662791058270273,18.73222786186609,19.731187238518167,18.512580939022058,20.896430189370427,15.972291515145393,19.82405641352474,19.918237342323085,15.232634045934086,16.798241026420325,16.805359587640762,14.449974848397973,18.436677052491373,18.04351352331443,21.13248777249164,14.839597353279613,18.945509891331064
Var18,16.048354565074877,16.104184452980213,15.574915345622397,14.895849026903392,17.69467310645912,13.807308159136891,14.13020845568922,14.22352905937794,16.565811766001502,16.112946652240332,13.139156496915154,12.379020645563205,5.883160153338275,5.834799412885192,8.226300920879162,16.24543744258001,8.804826311286337,14.486862810865427,0.0,15.610098197335025,11.158349264543956,16.30984450637674,16.076345936627007,18.146525275647658,14.44096397425145,17.989292946448767,17.436679004662917,16.212513529339585,9.273956111147076,16.647188833421968,17.506423520316627,16.679849803528576,18.120303709784505,17.779961160545902,17.81946962305022,17.302513850184077,18.264442465544565,16.349204307006712,16.716103967309387,15.918599178140102,19.46804036398744,17.00201404881419,17.73866839557602,16.708952131950934,19.44029055128857,18.55937177599243,18.548921157505845,18.718216093252803,17.23067344774522,18.620848288915816,16.731210631529287,16.060413689478082,13.991337313541102,16.164889990203115,15.953125373332965,13.23187971156162,14.782016761903552,14.751020920617014,14.287533337301142,13.637286991198616,13.400135972960273,8.206366647769514,9.238515462396707,8.96995165492989,7.7220666201440284,8.598357536676664,13.241535412685248,10.194102542622135,13.099118607574566,13.680101235897883,10.762429645332409,17.25998427855369,12.604671935040892,16.28869204823069,16.480566705910746,17.157511986034834,9.399122825425074,16.356003322901145,18.92589153265069,15.95050477984827,18.12650944437087,18.57535562209183,18.399741997612292,18.555973653109042,17.433156163602785,18.76621929870161,18.639190386941884,18.603117475026608,17.010665421098746,18.25417789767397,16.73078532044622,13.282051406006483,15.994920887272713,16.528556226340122,18.536231516059853,16.652759925058376,17.869707128158648,17.371973757525904,17.12724846205624,18.77035060508088
Var19,14.957405499388683,11.537104296528387,9.102034802796512,12.755234611840182,11.17117203339709,9.60547421275639,11.145409588503474,12.672253501574426,12.669912761378054,19.03291095609218,19.955111037211804,16.05527158703353,17.4865024111306,16.799906192350164,14.940129361435904,14.231665621682575,13.864639939927246,12.054846159864908,15.610098197335025,0.0,13.05310124813177,18.406937926058475,14.540750156572086,11.353917559353576,15.543642568367627,15.653003262872097,13.369764719530504,15.841442314631456,11.713014050925391,19.023329060661197,16.416893022388745,18.94637885896541,18.75503367950301,14.79974085621151,13.73417108388202,8.036438852981918,11.26658634493085,17.90584104146687,17.043726371940874,14.902817040158803,16.043526542393607,14.745364665269616,15.912132961211254,14.272644088828883,17.77815893292657,15.231121024273788,14.930732585030444,15.828861277077321,13.327921940849674,11.483841744762795,17.774619057462854,9.842129280871944,15.616855166108843,11.513985058732713,9.379313864010188,9.843313354930087,12.412923060771563,10.667315301512803,18.69385431453226,20.318622086840787,17.168538729402805,18.799104607674114,17.45900429766927,19.06935765798462,13.798144712659514,15.801473941630489,11.672831843564872,15.963499257710486,13.508905788189967,11.921822233490627,10.250238740651806,13.137917535405089,13.789152130915072,11.173610182312547,11.793410382670698,15.188081159638797,12.75262733606831,15.885650816749704,17.006930292577845,17.748338481503556,16.879802823697908,18.702599903705753,17.52823981345275,14.224575542705653,16.0686082689913,17.148960583369504,12.573022731129603,17.431081239922282,8.987738577788152,15.714215203690577,18.998618968260413,13.598218331119565,13.123992096035822,14.643915887838178,12.865846830756,13.266720469284857,14.432176826484058,17.66293573115057,12.89864341953199,12.895718089372322
Var20,17.132355473071257,17.388148544894054,16.393580170334257,16.76197460465898,18.51197773081499,15.452259132201613,13.950950998596168,17.02664173356654,18.153713538860213,17.282814986060274,16.390915027839327,11.985977930973307,12.494519717491183,12.025376947831825,7.35125310140132,17.366519071705778,10.711174713241201,15.619528689329641,11.158349264543956,13.05310124813177,0.0,15.282490675196085,13.757235765867874,14.39135836940198,14.889531349284747,15.945584252426583,14.4313011785837,15.454394679325988,10.475596716032864,15.97684514077207,14.292552221273574,15.931696746835904,17.65832728845713,16.545281230470632,15.95505233112575,16.744181159809763,15.776305760710487,16.587304259296175,16.23431352057628,15.21572639959163,16.38028466079265,14.570357952400375,15.338535697959436,15.433851708365475,18.37771131848305,15.985482967946666,16.45721472488584,16.320329949326492,18.48511475666071,16.611948482520575,18.434574816553706,16.61292813935175,16.21171590779173,17.168663332537992,16.696867254471933,14.93486401138898,16.296264752746595,15.79070764283316,16.524747850922175,16.63737845796299,14.358355317626563,13.395692533757654,14.316744914822026,14.772616607803842,10.62548087983885,10.122541070726397,13.316496122104885,12.548317588913626,15.006602894997451,14.92045274863522,9.731992291590313,16.749416616061296,12.365296645613123,14.706439620288355,12.224940408818593,15.297142782504164,10.206859066151088,14.164620818251723,17.83351779406394,15.082010618159135,17.68111260417607,17.767443996324122,17.175599195511918,17.283386915553375,16.737330751563682,18.229695769023596,16.603226277630323,17.916938558174152,16.38241337052385,15.719688188239743,17.382296304687145,14.339727225270384,15.386125451559213,14.865193793255857,16.169850048646726,15.064754674347617,14.682097343375041,17.721781856200728,17.905105868917325,17.35124304970608
