Var0,Var1,Var2,Var3,Var4,Var5,Var6,Var7,Var8,Var9,Var10,Var11,Var12,Var13,Var14,Var15,Var16,Var17,Var18,Var19,Var20,Var21,Var22,Var23,Var24,Var25,Var26,Var27,Var28,Var29,Var30,Var31,Var32,Var33,Var34,Var35,Var36,Var37,Var38,Var39,Var40,Var41,Var42,Var43,Var44,Var45,Var46,Var47,Var48,Var49,Var50,Var51,Var52,Var53,Var54,Var55,Var56,Var57,Var58,Var59,Var60,Var61,Var62,Var63,Var64,Var65,Var66,Var67,Var68,Var69,Var70,Var71,Var72,Var73,Var74,Var75,Var76,Var77,Var78,Var79,Var80,Var81,Var82,Var83,Var84,Var85,Var86,Var87,Var88,Var89,Var90,Var91,Var92,Var93,Var94,Var95,Var96,Var97,Var98,Var99
0.0,14.58968761683976,14.1002832815735,18.18834114126636,17.314932062956792,16.39546298382469,16.753335852408917,19.518441879576013,18.97496092175691,17.37810220319258,18.36424242800914,17.79251446234895,17.880729138369517,19.00077356913729,17.232525371162623,15.167951280130827,19.79313093609721,20.61271204853629,20.75314398040779,20.33877132263397,20.410915399889323,19.45432209456044,17.947379035605685,18.090314003942385,17.92485840340075,18.5241374205934,19.39559907624051,18.12035618204896,19.55425258206779,17.595225218784687,18.808501057636175,16.865042570647194,18.24209807048733,20.90242238039274,19.612999051717,18.44911796761026,20.116458610559,16.764436551923406,18.506833428512525,17.587829178679616,20.590925913565044,18.47132148339804,19.45421912610137,17.0372877709615,20.046127293298333,18.84291590656756,19.781583105564533,18.68971194619643,15.64598139333493,19.369175934745737,12.62967872593346,15.640607391207094,17.81145730157445,18.13259135467108,16.717889852391853,16.46171853063976,19.11480538567587,19.111488989280648,19.989675543460525,21.99368069671006,19.445249931465856,18.34294811129872,18.151568330016424,20.349902397179584,19.59695873871836,16.707373790050305,20.33539157329591,19.835274731669987,20.96604198154624,21.314564728172865,19.324578042560912,18.428079103199792,18.830952368411616,21.006210889347013,19.36389514508866,20.06956801520082,17.49739686618494,16.75028134747727,21.12452624562281,16.97325110226996,19.580618889060226,20.850912320596382,19.84180334841788,19.640394175940763,18.95575608643584,19.69935237310853,18.360299948632683,19.01129347356813,19.900159559640187,20.559822209984688,20.567932991067902,19.417147836586604,21.270554920621883,21.49786538725711,21.79210891976671,17.840823617625606,19.927936720030708,18.86272806152853,16.898575637339995,19.069341287583903
14.58968761683976,0.0,10.059428957007835,10.216985042209725,10.12125173420491,12.385643977611348,12.232779838407328,11.917227738332656,14.247030788829187,20.704483501634,21.279207040009968,20.232948157779344,18.558500702276213,18.02015416048113,18.133840007862545,11.108699818923643,17.418274106209072,13.00471362231889,17.635506433020556,13.358192936688669,15.724519348912017,17.015000461797,14.693847675633137,16.47518119747208,22.082506648666865,20.49567630196834,14.866341726157463,18.27362587842911,15.715065452687258,17.114249629196998,18.303464755022908,19.220295700779364,15.095704737734984,14.250362557793895,15.175649257984482,13.092690235066955,16.22510722716592,18.40723301711618,18.295597256708746,17.955172392850486,15.455103773955482,19.99287546412789,17.230589188082018,18.96694197005473,17.064081646496298,16.933851657021794,14.608760635337008,14.370180448235413,13.885710110336753,14.58961912373315,16.01455842120865,11.700434712755714,15.923023381340323,10.691070861508171,12.545349144075413,14.052166781977116,12.691013538187772,13.956915614950717,22.11387615881597,23.7967671511794,21.3409766384652,19.66002301952957,18.642267324257567,19.154622811230745,17.86072193255076,18.289253859018125,16.780241665346708,18.684619926945736,15.29951226123637,13.961648283908795,14.449983000444565,17.11584028146651,14.765418776515803,20.51144768606407,19.432668921063044,22.95721591381109,17.838218297022898,16.4669258540863,17.91427228687091,19.48989667456343,15.555538677850254,15.2601668281304,16.03500785983412,15.700003248532058,16.21987048592622,14.54620996241203,15.014114044238838,18.016534958416315,15.099060052928651,17.73604532737491,18.116900251496343,22.09716546234057,20.632644165105383,21.064542093414573,20.57121315769571,18.99700471627003,17.798711170118633,13.719252042495915,15.118979668421236,15.577919972444349
14.1002832815735,10.059428957007835,0.0,15.004984912472509,11.116301502294926,6.648868188194783,13.803571889988586,11.367271315494651,10.901758390658484,21.00701480999804,20.79535470080973,21.554086194227168,19.47024162017811,19.25237517137497,18.065934113598487,15.733683291676302,20.32941183505236,15.450928332177218,20.25648847256491,14.73965871982876,18.15054014067701,19.686279299110144,16.50532892793115,17.656660789420094,21.096167489869032,20.42532275053772,16.56982949613774,18.569724569718165,15.386751417846616,18.77948278656747,19.282356060482297,21.74228698417401,18.9847152480621,16.91906867514781,16.587915792544347,11.290344104706298,17.085373196705888,21.01391705372215,19.725710568370623,18.94442899510345,16.565184866276997,20.72618740792303,18.732111791979865,19.99467876265541,16.392345799986742,18.963796720312,17.41686026119037,15.47550235555186,9.462754751093708,14.271220396244644,15.16114353147432,10.621473349741668,16.913155095115222,13.317342747377367,7.41999179908541,8.801439412879162,13.342507962121646,11.458574787664917,22.138654403923645,23.29852682514204,21.708104351513683,19.895771994405607,19.69267952803589,20.44714386559312,19.51627215470976,18.00110185151118,15.395356701988897,20.805067958806884,19.05202893687364,16.658088007976318,16.973393173083824,18.92936903688799,17.211377295490685,19.99310976233076,20.66494238950018,21.44757788144028,17.039696238439173,17.918053023551227,19.23067267970652,19.70513161827696,17.02528452787463,16.037753661672845,16.861074123041632,16.449983932753792,16.938202325009573,17.436560572733825,14.31329645106656,18.232605789029478,14.269512587309102,16.70847581240142,18.33767557747328,21.65684447453621,20.887715145258657,21.548451048895124,21.700645351255663,19.56270303769276,19.60489030268552,15.009099712386751,11.255305519476384,14.452598642341696
18.18834114126636,10.216985042209725,15.004984912472509,0.0,8.34098606762408,14.913814065494542,15.214136603389893,15.4436673706723,17.070197338656666,20.773572938433038,20.55983412894805,20.46623598994905,17.491310462314463,18.553393795273948,18.369803688203557,13.695401044514425,17.529729604960654,14.26942475817044,17.56376448134743,14.082631403072988,15.815386870485876,17.049503222171058,15.671005056889742,18.046548917762493,22.81701971294184,20.47877780983712,14.51287350382397,18.69061920456615,16.757058206037193,17.651959638854066,17.370226686614654,17.771385504843682,15.341498044746276,14.575962305664753,16.569455213947975,15.999368592835316,16.969653353677497,19.54964029912604,19.60286075396264,20.342366784278784,16.218360038666404,20.484410914895285,17.90249034271278,19.15939425092951,17.875661661763512,16.665542896766546,15.183016146943352,15.075283235043145,17.40186637383599,16.546108648862305,18.559059714700773,16.222567282449546,17.85225721116127,9.30036845655562,15.34838460780865,17.013764097364035,15.574450252483391,17.447142495897037,22.16850741811796,22.819672556932748,21.982802599056196,18.81226824342253,19.44793893961244,20.036345506845475,18.360714864406717,18.90199825643288,18.484940793004977,19.827555643025637,15.837662433090582,14.565442458776822,14.521453654916504,18.52934846909372,16.08070810296051,21.62052210169236,20.30907811985601,23.696408600389105,19.206027845570365,17.528127991084666,16.7844343802222,20.415618022511435,17.05624997944818,16.119540310502156,17.373615412462463,17.496717099020046,16.733319409024535,15.741057887676702,17.40438317079897,19.08230787028196,17.44224894238917,19.35901648074274,19.088231136429037,22.678008929393304,21.71999274210736,20.947873880481414,20.08506234810822,20.38125021553377,17.740516114538025,15.203892537601924,18.27529035015484,18.147859707552158
17.314932062956792,10.12125173420491,11.116301502294926,8.34098606762408,0.0,10.010275141808773,16.38738379088554,13.305190277591253,13.46901299063893,21.261182511804357,21.170539731723533,22.14703111554249,17.647327978265867,18.777977934011812,18.12993300153788,15.318386270796587,18.83697450566397,13.731612844097812,18.518526713701792,12.522958317978787,15.96855671053297,18.050561717192544,14.8955484083183,18.879347299783564,22.679409166138385,20.765775268064548,13.7574782782745,17.830010029506827,14.933862152013512,17.38303534091457,17.799375394624903,19.631006299616452,16.241092068068518,14.240836779854128,15.708346432482443,13.084334052597418,15.459187919569995,20.51576833369897,20.02477407089894,21.11419042181467,15.409639322761691,21.143091432453076,17.99444338297896,18.61657056175669,16.95933752582275,16.544326912244262,14.865219953581793,13.719355874401325,14.334038152043822,14.156543091310423,17.431777859937206,14.226263634022034,18.004057600132153,9.129601486484471,10.83072050653196,13.685913211769712,15.403495788037835,14.038675306889196,22.351504380734116,22.64429909760113,22.30217805264861,18.6542527255118,19.43651137380392,19.71554795651368,18.70775047267121,18.3369413982424,17.094044261629914,19.950834222756832,16.059408024012885,14.295524081577144,14.03866697758956,18.46435929441582,15.67222121654808,21.00645707876416,20.574076199769824,22.842801834457244,18.057177861193797,16.74374466210977,17.294717259739606,20.26879703914052,16.484725081098304,14.962450014455714,16.465562211994023,16.69292214482022,16.04872622612599,15.416723763756815,15.335930970467592,18.018862434544143,15.778828268605531,17.841301080445426,18.44000021657753,22.465490030112974,21.5885380225896,20.8570003206846,20.49579818718345,19.523062334180874,17.71029449157994,13.99170947985218,15.905590824377096,16.271238114995626
16.39546298382469,12.385643977611348,6.648868188194783,14.913814065494542,10.010275141808773,0.0,16.775902598395433,11.329649720588252,7.559648098592495,21.82795942549482,21.28037858743744,22.65970415025442,19.257803203173932,19.34110335928174,17.67016567125126,18.11108263916297,20.081888385864087,14.75950603162767,20.235933243663872,13.515284680820926,17.47115529929686,19.86211092731623,16.526162586112285,18.244439487497903,22.092056783286868,20.7206243007763,15.57166945225886,18.29587035143123,14.456479276458996,18.8277255048338,18.290985080406543,21.625854063507223,18.569804212945265,16.077166962541515,15.956847518344928,10.014286739743197,15.702797848820484,21.400033773352902,20.26226375245141,20.413537039464263,15.395985606430798,21.150479203245645,18.213015446436565,19.51254561797296,15.395538593417934,19.039036496138984,16.900408603082894,14.67906863546662,10.059811283988074,13.001180639774066,16.91701134965667,13.032501667714117,18.396469570474668,13.66461393818678,4.586572804528154,7.105855960226147,14.655742903501253,9.115603190071882,22.359309459971733,22.57731923768484,21.7623217277403,19.28795642048256,19.756118899441425,20.263706353196227,19.054972731806856,17.65520050154345,15.53218178198176,20.223654783429826,18.099267468083507,15.549503740115098,15.948509814895788,18.399507530795063,16.827005972012447,20.167740042521864,20.419491820818983,21.434689649026,16.834429748608784,18.15173773633349,17.78291254134326,20.0439893193149,16.326937816980173,14.412747748685296,15.602599453083798,15.50142725148047,15.836659015331646,16.794260849725994,13.814123169990898,17.063457606926672,13.44205378064391,15.51396330675211,18.2935978032215,21.65174671332754,21.566646174184907,21.0026789772402,20.74299783308907,18.972094330109865,19.152820180352062,14.025379013649331,11.503617866273483,13.675152518398672
16.753335852408917,12.232779838407328,13.803571889988586,15.214136603389893,16.38738379088554,16.775902598395433,0.0,14.54517794688718,17.512809891676433,19.348607584643023,19.460846812714745,19.593556999240445,20.55828254408354,20.48951345011724,20.021784269599543,11.747008231411236,19.781812261019446,16.50917219811851,20.288418748330304,16.169884468663735,19.02145663999423,18.634795358329534,17.81397921907523,15.333192253448344,19.831196147414797,19.427145701319827,17.6864962493554,19.94876151523187,16.711570347870722,20.317908781037705,19.78113052307674,20.39063225626071,17.4874549289238,17.116717119204065,17.19262241447389,15.37810901208775,18.428457935637148,18.538813219315347,17.396716245746777,14.303364073312908,15.790134857230743,19.745395445715957,18.56875636375268,20.952355974703934,17.265641781949235,19.894251976337504,17.856025314582837,17.44631924504074,15.24861389634755,16.46712216189423,18.4200744322459,14.353937601883455,16.068597567594555,15.414567151539396,16.44699862363825,16.57078859751734,13.653962442589751,17.483491910281163,21.72814059081439,23.813153450452955,21.403208727978228,21.202950948154047,21.481825434991308,22.17324388059985,20.920527514959662,20.59370563213709,14.885646068684704,21.35643106499251,19.236690183849785,17.52743936207552,18.847373833315164,19.224571029531383,18.674338541333544,18.988623842863728,20.00231761165382,21.64701310641117,18.66580236514255,19.310250563183057,18.925543665246227,19.91372653989639,17.57366623887653,16.62743514230868,17.264190609109647,17.345203606783794,17.797154949808597,17.26628995529597,15.784000878663432,19.3333999703458,14.91912764085341,16.870615082659203,18.65565367021744,21.49393312311036,19.854634185602244,20.977634367623303,20.730130829829715,19.719647943947155,19.234178038233743,16.38260566104448,14.965707062677406,15.286843546618812
19.518441879576013,11.917227738332656,11.367271315494651,15.4436673706723,13.305190277591253,11.329649720588252,14.54517794688718,0.0,8.542392401239201,21.515830165046403,21.19904657672941,21.2749527136017,21.079668245050755,17.61986374540459,18.003058039908097,15.120388862870392,17.361062897265313,9.252277044095498,16.846376183506262,11.884623957696832,13.57914659321396,17.104266717465688,13.708202647928958,14.93006526283832,21.96361116391356,19.30578292737017,13.39259275043023,17.496250955054254,13.761229835463627,17.303492805818184,18.098821478107,20.906960930956554,15.93581679224646,11.575672012889742,11.660014764363362,10.80572843466931,14.130636938306878,20.842195919743705,19.081551394473248,19.99073206418664,13.003921768298698,19.0484501807792,15.066056071547647,20.244065605517665,13.725443348224523,18.70075873949995,14.516796550413185,13.778771346618452,14.555697802167296,12.516595455039704,20.547081365224308,14.730987934208118,18.620066481062423,15.051310689002973,11.175375242582303,13.123889341539018,11.129019053536544,7.523275984892765,22.849967263268947,23.577104929976123,22.35420944838773,21.952424230917195,21.3031263035162,19.70817756150543,18.24924606259477,18.921957765877533,15.6760167968639,20.109012215287816,15.307420506915232,11.741182872815424,14.29533652071432,18.350327849714088,14.963061328859178,20.767886426468703,19.510087161635884,21.659850449586557,17.74914523907605,17.65476106034325,15.88341106558271,20.931123828106298,14.446481888665277,12.826213746947351,13.03210892542285,11.148513498344682,15.211592507986234,16.163095058694186,12.957551100890605,16.274854130070615,12.022822010786594,15.206311286928631,18.29026663028732,22.869118504632425,21.40198333109988,19.780306261501355,18.976428303625823,19.053786687806483,18.73051015991051,12.841666263275894,14.891070679186074,13.487634323009194
18.97496092175691,14.247030788829187,10.901758390658484,17.070197338656666,13.46901299063893,7.559648098592495,17.512809891676433,8.542392401239201,0.0,21.240284900531627,21.03604341779264,22.312979103911445,20.910138087405787,18.91720463922293,17.52427112536451,18.52673210731507,19.44220465965834,12.76780968394419,19.434555424226925,11.770800649680542,16.25927200613454,19.33638497238693,16.39426641771992,17.250586779824186,21.91354543031849,20.419997813315444,14.411644205613824,18.30074072067921,13.422210489586748,18.549526290564728,17.643528227525206,21.040047899398655,16.919107335654424,14.3334972295369,13.688185094072264,8.569629024131235,14.00943394762766,20.73072101202064,19.034992343209357,20.04025402660036,13.058722012357588,19.752787870360567,15.793901658945725,19.458740704805347,13.471593332350364,18.923929433559383,15.856493808708503,14.281691024881036,11.582510824274127,10.73611354478516,19.99642836014781,15.492440166199197,19.608431061265243,16.38582397050964,8.25225489015177,8.837255545535012,14.26439908357557,4.573262290671835,22.37873795122421,22.57195910525632,21.685527193199626,21.358905389402725,20.478844484023035,19.68000961539717,18.88668840054164,17.88926296634488,15.133162476462488,20.13827079410673,16.873973389564178,13.653474764738457,15.163911559374124,18.560561607834245,16.3825092553507,20.231391489781917,20.263353715990394,21.176867145910546,17.34864416873052,18.6020924015428,15.909859975957485,20.31582606749545,15.571811130188545,12.531656384615848,13.077783426416056,13.066944898020113,14.90149727525755,15.884633387808378,12.955727513493189,16.015272365716175,11.17508115375259,13.807803919842485,18.097569297302613,21.967460174650014,21.351650275092204,19.31912375911245,19.06274497813954,18.02270047455952,18.449652688691007,12.967718505402354,12.61615561527564,12.13618312265855
17.37810220319258,20.704483501634,21.00701480999804,20.773572938433038,21.261182511804357,21.82795942549482,19.348607584643023,21.515830165046403,21.240284900531627,0.0,11.073378597129334,11.107857287940096,16.032640784419375,16.365734050846406,14.816665240763214,19.05158568757165,18.735222055699506,21.98214589372475,19.591105363589516,21.363100051940144,20.89394768519897,16.37237556269455,18.3720995435618,16.224691440103435,14.423579759738692,15.32311917963412,19.199472681113523,16.558260977550102,18.515067907381173,14.570434873487653,17.475567510165032,17.803532843648746,17.78938872056679,21.49357488726374,19.31647479548672,20.36353208497289,19.657444219225184,15.699254208958529,15.623843400268775,14.093753823363386,19.181298928953165,14.020149052091478,16.452751843835767,15.991334140483223,19.740298516551835,17.35463984335018,18.58527187538636,19.518811552123044,20.41399340595517,19.993668250565836,21.2720867363177,23.157410182149874,23.572322660986465,22.56392736025381,21.99760237676134,21.27080116292618,22.56125129174574,21.57173629579033,16.140951061893194,19.05580996968287,17.714608106013056,18.57989723430153,16.10590763632245,18.455585019434523,19.717940187544457,15.538920343800012,22.619916361696276,20.97441589873697,21.452144720326277,22.41551968262141,19.955378198593984,18.356196535796435,20.0656151020392,22.000187344895373,19.764284217098243,17.79147742443053,17.920323678019667,15.53516927365171,18.93927012434176,20.23918264492005,21.401273282956844,22.0153246382146,19.017604273288395,20.26150416450448,19.327970743966905,19.52418309182965,20.082168949636216,18.265319935151883,20.9686451880419,21.64469779479853,23.63718892208576,20.375013852008497,20.285770476166675,18.693722884230297,18.422442849626812,17.638808418150052,18.81741132444564,20.823650474151684,21.138151301394004,21.08902905664029
18.36424242800914,21.279207040009968,20.79535470080973,20.55983412894805,21.170539731723533,21.28037858743744,19.460846812714745,21.19904657672941,21.03604341779264,11.073378597129334,0.0,10.76902051688733,16.62181768922837,16.85872882818431,14.748905991160791,20.07540011580504,17.307830178166505,21.265377494645783,19.431423813285093,21.224692566207903,20.397017350490508,15.302767409466083,18.43709572720501,14.668290351865233,13.71027366911556,11.696454612345429,18.85501459071025,16.017724360929964,18.5272830515024,16.58299607332198,18.020775932784844,17.53358671323666,18.71469473890394,20.93323332430031,18.45592355639137,20.110265048273337,20.086223311337477,16.884528036216157,16.62543077226368,15.771601765217705,18.21269681561155,14.709940907118424,16.51412662038921,16.926871212709113,19.093904978166822,19.497141244931797,18.595601810699,19.69297515788041,20.146032229145312,20.416637207124328,22.36101355746432,23.656448338704752,24.477357318537344,22.668188343447465,21.75026381802831,21.246135623813814,22.90560428069115,21.58252765049804,19.35259909103877,19.333443149221427,18.28176655788693,19.30019490353892,17.7812151414988,19.909401575238277,19.97130079329089,15.521147057777076,23.480784618011956,22.61958635925782,22.232572761351964,22.71899525812916,20.14111534178276,20.24125379200803,20.93196257414445,23.64000324723071,20.12688793891394,18.636847914064816,17.745146009305614,16.622757383915722,19.48792570914312,20.745550203556498,21.992202318477627,22.05205373414679,19.81814908390648,20.07019475161737,19.66274846191095,20.84815648667804,20.16249524263753,18.15328871680464,21.07488997213499,22.639250828105016,24.90150259989979,21.52733914178974,22.899198893231706,20.430045780784805,20.01708321931585,19.26330403523814,20.81244575933605,21.63580441353535,21.24792298237213,21.288471063814743
17.79251446234895,20.232948157779344,21.554086194227168,20.46623598994905,22.14703111554249,22.65970415025442,19.593556999240445,21.2749527136017,22.312979103911445,11.107857287940096,10.76902051688733,0.0,14.64509439316664,14.415884471568086,15.488439048470168,18.12490949101772,14.06722708916371,21.200719049807443,16.89281690944577,22.41352255744109,20.15141822649082,13.206984613909226,17.86492329158085,14.214949361221995,14.001192351511564,10.798195394295456,19.88455007991352,15.767909089851146,20.237533714597177,13.594531160055142,19.070247709801905,17.512439217471698,17.864578618753516,21.0520959193832,18.65182776645769,21.48137425013138,20.8934504164861,15.377228162469354,16.05628270257641,15.627274604661435,20.18077965691464,13.630571169624057,16.08467504112648,16.52004045901682,19.919810761543022,19.598208597984904,19.23918480528213,21.25657199198717,21.970787112156053,21.89516446968285,21.66451039436461,23.165151596555276,23.28570027246425,22.47675945230532,22.833621328547878,22.81635194063788,22.33725487595289,22.39205075360849,16.635143179346283,18.41784120270831,15.311555819665482,17.293082443912255,15.074908333365649,17.71331916179808,18.77623450154539,16.184609851573416,24.230337527696094,19.926706128519037,20.69899025954427,22.448781920865034,20.51252951667375,17.619180524292506,19.87357957061815,22.776334354512144,17.219703889232342,17.00006252714935,18.423288385481893,15.083911754020171,20.48754301521181,20.391842519628455,21.209646287231006,23.04720943704167,19.694283967231392,19.3477716547356,19.690728312980244,21.22892873576183,21.37222256238671,18.375688451407203,22.42923470544144,22.98552947585171,24.75486295877612,20.38843100956391,21.093837071937795,20.507009638383444,19.012660994034945,18.81521483034887,20.85155838519197,22.631471099603875,22.828968924786118,22.9264591553631
17.880729138369517,18.558500702276213,19.47024162017811,17.491310462314463,17.647327978265867,19.257803203173932,20.55828254408354,21.079668245050755,20.910138087405787,16.032640784419375,16.62181768922837,14.64509439316664,0.0,16.49006530025832,16.19364993822541,20.0443352133022,14.683828257606228,20.69977601903404,19.01668313526018,20.70500609666385,19.1434097563881,14.109783744108396,17.2544101334699,17.370124655393088,18.327562716268364,14.559232655377322,18.409336768512297,15.648100405565389,18.953741798228315,14.730255956453156,19.77289705648809,20.17065014998419,20.194486690919103,20.560914589865625,19.494857266278995,21.04765941418559,20.39988233055922,18.290815529833395,19.14947747763263,18.782939763914364,20.70063779999848,16.654793615876397,18.88800711391157,14.88217258235151,21.024417148833603,17.149362578587336,17.96764911545227,19.05115817700996,21.08348258006936,21.18174334355592,19.635270738715427,20.354514725505947,21.04261791016033,18.232116558818323,19.44687159551001,20.38282573296241,21.3816288699172,21.04900893521849,17.671720975827764,19.201668442826666,17.57744733699377,8.969890646750464,12.985805430143566,17.486706288788785,17.494012924097472,16.47099346434266,22.453570460079373,18.562673752753327,19.39048397025317,21.06419436094471,18.788076179801514,15.604968890030346,18.228190191228084,20.93192804613167,17.931904603726725,18.757442301240797,17.296159172814072,15.216447078024936,20.73145864813258,20.370442092712587,20.833209862501132,21.869349489581463,21.089083917513246,21.419998513860357,19.07809766235409,19.47486440639955,21.45405664068555,18.5206830402432,21.95501901921617,22.233934812668718,22.29753312501541,20.15245935381333,21.012059617853808,20.997682750260196,19.58257817382717,17.673804029025252,19.12073986131988,21.315643659479655,22.212172900880315,22.25789942632705
19.00077356913729,18.02015416048113,19.25237517137497,18.553393795273948,18.777977934011812,19.34110335928174,20.48951345011724,17.61986374540459,18.91720463922293,16.365734050846406,16.85872882818431,14.415884471568086,16.49006530025832,0.0,10.394319198848194,17.336910693446804,13.833562914184393,17.165850151044378,8.814363763652342,19.415753750684143,13.323150808940992,13.177738339475626,11.547676672963636,16.025601284656332,19.770510998062523,16.11976364619265,16.547008565006003,13.568064047101686,17.005728642327934,8.472234603433193,19.55738303772496,19.41638331377924,16.885141440489793,17.169691177957404,16.05206006150304,19.61480496915158,18.11221978889744,18.159696432605603,18.551912560869965,19.679672503729865,19.138174744264777,18.297526917653936,17.727026683290685,18.21126236980156,18.87631586618616,17.358529985202743,15.887112115963522,16.71744643280852,21.09541328701751,19.80437550109681,21.60766155887823,20.924737641741,21.74861563857504,20.17302293245111,19.42039420275686,20.110812355741064,20.30753300481637,18.536283667353985,20.08894698920007,21.19763653639001,18.87027105732961,19.70958729689216,16.304759287977873,15.021558738009997,14.103925198760242,12.26646885658248,22.64566429099692,18.057864971122868,17.10404921221777,18.76783835032009,15.944587859185006,17.519502901417273,15.417684678727571,22.8588677236397,19.52146737026488,19.98318385454369,16.54365647510278,12.268807717015624,18.743116884449385,21.434503262673065,18.720157906837844,20.1698115846336,18.565413970604496,17.651537727825914,18.202393878813123,19.344268612957457,18.90711202924148,16.038064410480807,20.91271705035884,21.17947843642853,22.958195518617007,21.884890981620455,21.76139260425819,21.58249073106412,19.83177609934136,19.78109528385495,18.59364718389628,18.767185347616117,21.369241599425088,21.20149298217041
17.232525371162623,18.133840007862545,18.065934113598487,18.369803688203557,18.12993300153788,17.67016567125126,20.021784269599543,18.003058039908097,17.52427112536451,14.816665240763214,14.748905991160791,15.488439048470168,16.19364993822541,10.394319198848194,0.0,18.760731485189787,16.640951498192603,18.064094365418757,14.953330794139836,18.04531782308318,13.73446714734836,15.685561830612926,12.138697019974051,15.634426199498526,19.05426387394812,16.025504790390215,15.682507290917655,12.96169004287402,13.579828732735356,10.614912568358797,18.77816373114973,19.206966520665546,18.13629072578851,18.37680666249186,16.304950147428276,17.70522840062877,17.190851432044827,18.760804298422084,18.862184454903392,19.32437797946886,18.1764729436057,17.81078052715599,17.418158042467756,16.71298879219693,17.962177342496933,17.287254078776044,16.02091044168809,15.679788635725876,18.20314069441444,18.413759989364323,21.138076289603426,20.635598947582828,22.685317468686623,19.889482614985727,17.947159593805498,17.828028927681924,20.146993713319368,17.564363583478507,19.87571339668145,20.72286284798737,18.985406908037028,19.24406195415736,15.074910628892315,15.781925507949872,14.019906598127246,5.503941095597413,21.38600474976937,19.70752447398129,18.347791631304208,18.93849266140696,13.69960318410367,18.076779192842395,15.757178475458614,23.202326883580334,20.093129530096952,19.89554651701796,11.437535703022856,11.793243511096,18.160998919049177,21.224298771218056,18.36450512279508,19.09022779972933,18.52542987866413,17.86055448875129,17.17378563971794,18.510143411904817,17.31660547470393,15.215367620008765,19.257491497276515,20.090051223479765,23.155813125249814,21.82200540846458,22.63404042423932,21.075466153406044,20.149133018279603,18.087038501841317,18.701732540674783,17.83298741652876,18.599331353015412,19.106109877567366
15.167951280130827,11.108699818923643,15.733683291676302,13.695401044514425,15.318386270796587,18.11108263916297,11.747008231411236,15.120388862870392,18.52673210731507,19.05158568757165,20.07540011580504,18.12490949101772,20.0443352133022,17.336910693446804,18.760731485189787,0.0,17.667514655392626,14.25398145289514,15.86161187316972,15.62726803204168,16.08990804581748,16.793223670972083,14.05683206317701,15.883260729413752,20.906907976492963,19.11671866567044,16.1620259637128,18.303319768696625,18.244056177952917,16.31427039992301,19.294150743370768,17.06499282096543,12.180800475351504,14.550150565913402,15.776613648660032,16.741325168984975,17.57414373734373,15.358660841922983,16.320602394656266,17.54080434422514,16.04857317037123,18.944589381239133,17.726987093071767,18.9749913746122,18.328124385190023,17.881346264850325,16.13250012704516,16.32792361020985,18.036209875975416,16.887418014702675,18.280674752091727,15.89108358667102,15.96589715085289,15.858282076010935,18.376324633544083,18.876424401324098,15.609967136070807,18.175567867212692,21.57955181214953,23.03658954606608,20.623228824109503,20.91547884632096,20.68545440767394,19.59655431972655,18.35734572290769,19.391824898580683,18.491399576186826,18.171680820474887,15.88352506714214,15.708192297009507,16.099207597827192,17.731479921952072,14.957628531058344,20.8272159500492,18.23995734361578,21.481574375993887,19.268971721526253,16.398273030215226,18.81017152876796,18.81366981413336,16.010859209118227,16.626252347254876,16.980748670268333,16.387315006038502,16.911316909690044,16.718515998934514,16.530234335642483,18.81106566596866,17.22500743247303,18.511756620578225,18.795469481632583,21.28526267888696,20.198854453005573,20.99401943472621,20.114488819032687,18.85905584751432,17.91857410375908,15.842204982854131,18.48201809529009,17.297077140103408
19.79313093609721,17.418274106209072,20.32941183505236,17.529729604960654,18.83697450566397,20.081888385864087,19.781812261019446,17.361062897265313,19.44220465965834,18.735222055699506,17.307830178166505,14.06722708916371,14.683828257606228,13.833562914184393,16.640951498192603,17.667514655392626,0.0,14.395727605499594,12.751228641789831,18.611828314321144,12.648062603226348,7.20476766095575,12.70567117700804,12.58450762136795,18.852983236617774,13.865405000765698,15.702121107685384,14.608327580198656,17.323415703808696,13.404975413751847,17.569176088041196,18.45026314942384,16.537086850153603,13.771059997165583,14.163560947387491,19.95306399942835,18.12309305731531,18.15135753546285,19.75061044748201,20.009397069666147,17.90246260824885,16.985191967920834,15.762694137101374,17.455873874015765,18.0671684989286,18.16918771160909,15.538497692923938,17.585026680099077,22.886600565430065,20.56284963500031,21.92312643570154,21.413022502733543,21.90644041578826,19.403786278094863,20.42373823525258,21.928170995339087,20.021372739060247,18.95138399029381,21.69258301902116,21.596907546585054,19.5714869962748,18.22430595754552,17.480404124053376,17.175418146792794,16.132252342450514,17.995988185143506,23.75308122714877,17.5638165270832,15.227934171341904,17.17321521307998,16.46761043881506,16.173271239615662,15.772277758537252,23.79151879290197,17.379022719546363,21.692676707995528,18.33578459344652,14.81326237076294,17.795579431934055,22.052122732333924,18.22495274899232,19.71642915461823,18.2115333784625,16.15561034310598,17.878568038775605,19.000773114166705,19.946195926437813,16.29446770143714,20.42777502707472,22.215824384079298,23.01926300311233,22.77903601178504,23.326981711311586,22.42117726387037,19.9596544781414,19.53051765791519,19.38127149377348,19.261669967254548,23.270485585329943,21.48419821525148
20.61271204853629,13.00471362231889,15.450928332177218,14.26942475817044,13.731612844097812,14.75950603162767,16.50917219811851,9.252277044095498,12.76780968394419,21.98214589372475,21.265377494645783,21.200719049807443,20.69977601903404,17.165850151044378,18.064094365418757,14.25398145289514,14.395727605499594,0.0,13.94109255521337,9.427857966938625,9.77550969425126,14.62577887646392,11.886975999659471,14.035853501715268,22.657803929549686,19.64000694553728,12.53882356725254,17.154623412905014,13.522718247783745,16.43560499337853,17.075140167092545,19.70088722118094,14.069359270851605,4.557600804994848,10.872849645263916,12.055476522268798,12.936464492366854,20.841177301117945,20.241642445686917,21.29539558622125,11.432884146314146,19.88838961343593,15.825953195013996,19.933046164186788,14.756199336057804,18.7447784330341,13.344744570613184,13.221193360420482,17.012627713340155,13.290610086304826,21.4571536732075,17.601691681894643,19.650686428831985,15.978902106386773,15.64826231397828,16.80296845982342,14.274741124681087,12.411120342480954,24.32224951111477,24.12113601469012,23.356838846296046,22.349251915102005,21.95022239181488,19.32266465233105,16.873668525844554,19.525689131389388,17.979122426388155,18.606489142610094,11.938488713284062,8.437876809851723,12.138105990459712,18.24870747707283,13.401933754242776,22.89199266223065,19.08508259752441,23.46826190549833,18.33866564552151,16.955919223216462,15.370670410276748,21.807798257667663,13.32681161582295,10.955453475612686,14.57857251986294,11.802171243263825,15.34584258329443,16.061960260733077,13.199238966660626,16.20138060722227,12.516642909275555,16.642597878873094,18.94365968415621,24.079119282620784,23.059819954584498,20.851361918301716,19.97235212384225,19.629257311716557,18.71591873578239,12.870127523809488,17.29676001168893,14.291780304774331
20.75314398040779,17.635506433020556,20.25648847256491,17.56376448134743,18.518526713701792,20.235933243663872,20.288418748330304,16.846376183506262,19.434555424226925,19.591105363589516,19.431423813285093,16.89281690944577,19.01668313526018,8.814363763652342,14.953330794139836,15.86161187316972,12.751228641789831,13.94109255521337,0.0,17.669946950677105,10.816446261222875,13.090491592059529,11.38533464978326,16.645060969065838,21.081885960293118,17.414635937084725,16.082983368007003,15.542650855120668,17.984638519104944,11.64090803623571,20.009482116131203,19.008101576506604,16.10938584804787,13.762757760020715,15.755500200706,19.560065332514693,17.555316025734026,18.69666174051267,19.58487671714188,21.01717119889129,18.37153216424622,19.2140974658302,17.96663364394318,19.3574455147568,19.226851468791256,18.193367688356396,16.188712058582905,17.278728690623172,22.014226281131872,19.618976912621328,21.610207976815392,20.458855709832772,20.238901134656547,19.37444336737718,20.584463937549888,21.325465906661904,19.127597977839837,18.773259068925977,21.54209217887132,21.317093227613963,20.161013635788034,21.12058372137625,19.430569662030983,15.719288745463864,13.641727688158106,16.576751100744026,22.033334089030788,16.064444362780588,13.8583927276192,15.65208045942972,14.51082064985556,17.954111332629672,14.189869131820071,22.73961237123082,18.986425189477448,21.397418739444227,18.384090944763813,14.276387337045536,19.16732109412938,21.69719597959707,17.23795032165342,18.43254852773148,18.989720473572326,16.873765854659023,18.23551386427478,19.49290436721634,18.854639156748068,17.045435590108795,20.31649946396189,20.813863012288117,21.584057479188026,22.31425685085014,21.46323622582298,21.715100240291623,19.816322176631253,20.593452261225863,18.830960589905903,18.106794200827487,22.07027497610816,20.949926414779164
20.33877132263397,13.358192936688669,14.73965871982876,14.082631403072988,12.522958317978787,13.515284680820926,16.169884468663735,11.884623957696832,11.770800649680542,21.363100051940144,21.224692566207903,22.41352255744109,20.70500609666385,19.415753750684143,18.04531782308318,15.62726803204168,18.611828314321144,9.427857966938625,17.669946950677105,0.0,13.74288525364493,17.694812654830454,14.854193987199084,16.44408104739662,23.161666549818417,20.74076619419314,11.182831698935765,17.964691377981666,10.973001867273352,17.385877196675967,17.359295840985077,20.88257198758125,14.378652348735171,9.559438342920988,12.14329734093644,8.740434615393015,11.17856730605889,20.64571158997533,18.41577717299613,19.83530332935083,8.726221411433452,20.05254169116724,15.616183635765465,18.8279588048446,13.40047444957396,17.08417260840135,12.611498440504118,11.783203451498125,13.235150471840887,8.076905543172767,20.79358956888463,17.280308988194847,19.637846020142455,15.848362497668315,14.60895158279058,14.583421200527816,15.638448048494888,12.242680856180478,23.487146275710973,23.75047593371309,23.20311802796269,22.025868030342064,21.2101181758247,20.065487890652467,18.00212043441267,18.71821755246058,14.666550482861444,19.980407395904933,13.725479496504075,10.241042086275032,11.315120855242728,18.797872157303768,15.029629493993315,21.26079614156053,20.31841556913993,23.56687844724932,16.83886296549811,16.903403399319323,15.48554868444602,22.104800495274503,13.9709154985818,7.8650027057292276,12.913379029822798,13.888835936890535,13.57989988158702,13.494241350294924,10.753045269034176,15.7915165262922,8.845805161603266,13.20026725783018,17.826342887270386,23.598228781004487,21.65161836434331,19.81733864973625,19.163097279799228,17.71278242851722,16.83977366786614,10.45627623865353,14.332130291342942,10.019201877708808
20.410915399889323,15.724519348912017,18.15054014067701,15.815386870485876,15.96855671053297,17.47115529929686,19.02145663999423,13.57914659321396,16.25927200613454,20.89394768519897,20.397017350490508,20.15141822649082,19.1434097563881,13.323150808940992,13.73446714734836,16.08990804581748,12.648062603226348,9.77550969425126,10.816446261222875,13.74288525364493,0.0,13.48022826056568,8.448246427233205,15.45282063313246,22.454711395333845,18.742846748493072,12.9784555877113,15.524639205117778,13.391206439915337,13.336093874290029,18.027840997723636,19.393273992523035,15.841170058063035,10.054477229612388,13.218276112703776,16.968793052434382,15.318281544919152,20.66177565796777,20.968855125568624,22.494129710461227,16.050877194070136,20.236575251193827,17.536070688856764,19.53465158635673,16.859890961918673,17.278727809859213,14.201721456131056,13.71171388812296,20.122585421096492,17.05085759803663,21.516536918322497,18.960435392988916,20.275137448697,17.546237284591594,17.991063775098,18.98620984931967,16.948124657493732,15.387630289142333,23.14405116175089,22.70935687732934,22.370962054749445,21.56366264724937,20.019300322007687,17.160267257881774,12.9659635448904,15.595286724993192,20.243148493057195,17.512502644663112,12.22808110680781,12.201348944485048,9.41037720718115,17.994712562756636,11.992666223438333,23.160968081744244,19.13095934242121,23.17008455755964,15.180357752938097,14.67193750586475,15.9750788837703,21.917138180090312,15.336524919483878,15.04198375191846,17.255657096949463,14.629521581576418,16.696562779039184,17.295406829197283,15.853213158643207,16.081147960708304,17.216821711437085,19.334636120303887,20.130537215497164,23.388778523904225,22.87493287174422,21.7788574277869,20.235134182840437,19.929727110346256,18.149207714993164,14.60580460424194,19.84842053670885,17.529043772394335
