,Var0,Var1,Var2,Var3,Var4,Var5,Var6,Var7,Var8,Var9,Var10,Var11,Var12,Var13,Var14,Var15,Var16,Var17,Var18,Var19,Var20,Var21,Var22,Var23,Var24,Var25,Var26,Var27,Var28,Var29,Var30,Var31,Var32,Var33,Var34,Var35,Var36,Var37,Var38,Var39,Var40,Var41,Var42,Var43,Var44,Var45,Var46,Var47,Var48,Var49,Var50,Var51,Var52,Var53,Var54,Var55,Var56,Var57,Var58,Var59,Var60,Var61,Var62,Var63,Var64,Var65,Var66,Var67,Var68,Var69,Var70,Var71,Var72,Var73,Var74,Var75,Var76,Var77,Var78,Var79,Var80,Var81,Var82,Var83,Var84,Var85,Var86,Var87,Var88,Var89,Var90,Var91,Var92,Var93,Var94,Var95,Var96,Var97,Var98,Var99
Var0,0.0,19.411876746035322,20.574006500933734,17.7128690431,18.44695201775872,19.578777048442678,18.452454121703585,19.763033267386632,19.736792531347657,20.735396803826617,22.84975692185893,23.132894213101505,22.19855684672318,21.650511852665325,20.36920703934641,17.65011616782841,21.4089713619056,19.19337889998404,22.96849256772904,17.079199381304075,19.6775525570812,20.1749842679441,19.28820402712071,23.0381248827633,20.20833522426668,21.769831565991417,18.30173416667478,16.384955029462986,19.50905351012373,17.674163362087363,19.514476227026112,14.913852611941758,14.639842106056287,20.138326445587907,20.850583435706067,19.35402293588463,18.057760648271998,15.453804818604505,18.1826142826489,20.250420773216177,18.305544325184478,15.767803651861655,20.706421807981464,18.642005498029,20.713738068182085,16.72028511157521,18.661105176380016,16.58191104652774,16.39594480399818,16.67904735133287,14.308498596509828,20.458945684448338,20.185671172044483,18.97397116542443,20.79913133482398,20.274693046645393,21.420430035248863,21.33850806844026,19.95859432935777,21.01878038410614,22.12408838890563,22.560680838680945,22.045780131677716,22.043041834649202,21.22577147506169,20.108813098257382,16.486952309951462,23.077605435615606,20.317386235703683,19.142944399689725,19.875424909525133,21.85663042520625,21.002561434942766,21.44023268962277,22.42256918464447,19.497880401524508,20.200145541659623,17.80085157085938,17.663941498533614,16.987262583219703,21.30021845223768,17.196040435036238,19.921196044249353,20.683960454232842,17.711906191631723,16.876902935143903,17.802101295628763,17.385224683844196,17.31379477980784,18.012156319299894,18.652120996396015,15.624305950514497,19.088962945746694,16.300483216893888,17.650426201087242,19.10246327255484,16.794365189515883,16.438094034080596,17.024587289500975,16.33023728224281
Var1,19.411876746035322,0.0,10.41002071001219,9.5050163809715,8.92524598604758,12.133182086335937,15.75089472665129,9.802112645881875,11.576044897307156,19.95888417061221,22.926147657075333,21.964312246039963,22.58770404474781,22.30963121654004,22.70812509139247,11.463197310666116,21.489032741169595,16.246837272942408,21.938561368522297,19.396868808196665,18.543714897041376,23.975146705220038,23.4377017317424,18.542838364068682,21.456173635436002,21.137063848043816,19.444084234221265,20.459750684601463,17.95463750860197,21.92759871410929,19.199112888093133,21.425939834648034,18.191352133620423,17.82311714551126,21.763140154241896,17.196590906961134,19.467004487321887,20.39809394098885,19.418610764846854,18.601817135906497,20.04724507029338,20.562799205962193,21.191511692885772,21.146414439550277,20.155104157822006,20.904738232319698,22.69167430969715,22.820053365946215,18.630093724800552,20.072795758956453,20.8043396671783,8.539216279601172,11.402753509020819,10.149968873121823,10.813711311808817,13.230555230707404,10.274695277583653,9.95472560584788,20.86533985077076,21.70395991958577,20.868117611064466,21.607460129647357,20.960215159085465,21.285987294160996,21.264493450729635,23.39064146239968,20.295490417993786,22.096864492740906,19.26506890800513,17.44573743563141,20.085941104564892,23.242898453206255,24.16871833242676,16.145543436774584,20.73368187556261,19.80758276661132,20.59387486353114,21.20532073616933,18.68245494804077,21.5004012890007,19.594369170356533,22.550190709692508,20.831035596782144,20.190657226779702,19.71036103644126,22.47688707197524,21.29130039881742,21.26215245967693,19.20047803380044,21.396982476605604,20.616435101866163,18.17976797813719,17.43796307280043,19.633215276111052,18.197348631653437,20.92965967687974,21.193122018245898,23.633872246293002,18.286544888617794,20.96729686162517
Var2,20.574006500933734,10.41002071001219,0.0,12.608450035615292,12.241026245718807,9.490011531593225,16.425746016264068,9.64806820525294,9.983028174539081,19.284865112484024,21.477211118694502,20.884014029575653,21.802062326533534,20.65067145680435,21.565360054767996,15.28577277821476,20.55922232872424,16.855257022448157,20.645854723410864,18.52047304587765,19.360430111975948,23.483196862590063,22.326008007725946,18.193695283414748,19.84245002277191,20.29670856847605,19.94348121114918,21.57418796773298,16.392040085971324,21.3245064641764,19.91686739119692,21.574731932123942,19.881638458575164,17.64482418560735,21.811141349476618,17.39910692052498,19.276063269878602,20.073176980802952,19.92853801147906,18.28676503126668,19.82171067062112,21.79198287180559,21.67450857784088,21.62220943005536,20.937558336982377,21.821089563255278,22.553365628000552,22.861205070701622,17.931329990637288,20.17678618636317,21.58214158402657,11.436686696114705,14.557668583398625,13.197887166557258,8.695263708755853,10.041659685499155,10.709678632479141,8.0664671977703,19.96342444164385,20.435607495975923,19.544955983363817,20.988826163627834,19.72396657914364,20.918519234533488,20.83807735213388,23.35708691593489,19.0851151315526,21.2320976094124,19.577711722299544,16.89328347422548,19.48257274480282,21.79987089198032,22.08663311092946,16.051706222928797,20.255828251432238,19.685036023982104,18.777395547386515,21.604577863625906,20.207138714295056,21.28960344332565,18.92735448711301,21.91918363520485,20.63588002902491,19.953758599814734,19.319404082860526,21.545013583418783,20.47893162792036,21.548339743038902,17.880874243952302,20.053082879463954,20.38567810912834,19.271108025747665,17.1338642893703,20.579626000285693,18.858000869900202,21.05447206250433,21.156452110131237,23.206124544908267,16.603355921585575,20.566426469054623
Var3,17.7128690431,9.5050163809715,12.608450035615292,0.0,11.997681657404785,14.969061102861524,12.085589087889232,10.067484671882852,12.75360603454903,16.80340200107075,20.771684832306267,21.22018766433284,21.246170413559597,19.75525146473446,19.952169938879802,13.367930673435685,18.938549698450043,17.433192902607487,20.481869420372977,19.978120906295974,18.084212600780972,23.073624907189078,22.68012332278103,19.83767606329983,19.463095371870057,19.461080650707196,20.14084135101723,20.016601728780582,16.997287151264388,19.51312426964187,22.008493310554492,20.366236464041656,16.287991202800228,15.640418842497892,21.08558991009886,19.028396652561614,19.19202029000501,17.830341940964527,17.606919043848936,16.21899656839887,19.852647601441824,18.971876708098936,19.93266664233218,20.667701721424187,19.51304626270632,20.588360692762283,22.329067750795794,22.017017143134236,19.74065946582873,19.134099871227498,20.805105126867037,13.46260974997081,14.24164574882763,8.961471508417063,14.617898954367087,14.498005211990321,10.834535593765203,12.50639882455512,19.385825331869047,19.831767830610495,20.184550153013483,20.126174161099204,18.715166682565865,19.036619138072567,19.72673999537001,21.40497521336477,19.292238467115652,20.89226590337279,18.304019264362726,17.49611120810553,19.18724008678201,22.6971029635704,22.537787238990983,16.29053441145102,20.46054642886059,18.91479838638553,19.37511983751933,19.245772826471573,20.646159118580588,22.319052248550253,20.57279422966531,22.071855977939205,19.57240967626666,19.040610381750124,19.78706314926175,21.074219337196286,20.80149502351281,20.372146659654394,19.001908150431888,20.576361182261397,21.396743138527242,18.230212294166943,17.504222271074138,19.95812437090999,16.958857420224785,19.778737312908067,20.694328649290057,22.23106934868197,19.73699555627334,19.663632302614694
Var4,18.44695201775872,8.92524598604758,12.241026245718807,11.997681657404785,0.0,10.16805039357764,16.74859465929887,14.412338252794724,11.455736299513475,20.92795721597268,23.573286129867753,23.382931626753617,24.335726532919118,23.55275451603195,22.93992456522332,13.104816759840388,23.36585855421305,17.879793420419002,23.755640408958545,15.639529835887107,19.516939049452418,22.638085985555005,22.264250949647522,19.909866896812623,21.444750529318004,22.55901220175388,18.53496574697859,18.856767799860627,16.89969080337825,20.18342812869119,19.68737204841016,20.84984287689654,16.62510287212913,19.584736526543107,20.565461372007256,14.316207750491026,16.131504453218653,18.068721438025445,17.618469841195616,18.52202573576926,16.377442130032293,18.629084766543134,20.16201397275117,19.66232857302965,19.484926603126382,17.58952708699252,19.402097727936198,19.817158527211944,15.770710681127278,16.697388359611757,20.76293579347779,11.98306607154065,12.763317277457714,8.103139150405317,9.191151731022845,14.245525294339274,14.77046633170844,11.765193573646066,20.834658900417637,23.58753337296547,22.864115035719617,24.164374654280135,23.829552746925224,24.605726936798305,23.174731180992566,25.4915547110793,18.488706671248046,24.47494581595945,22.23457755392221,19.546877335800694,20.177396256877774,22.82916480768462,24.482022865276022,17.73908219615059,23.06450912887987,20.914497352957255,21.544079413995593,22.75216467249347,19.588357966295607,20.79187818710144,19.943316732397275,19.589706543379947,19.614006625924446,20.612068195269963,17.46897929836282,19.517105094839472,18.6816486771628,20.584617574234834,17.393624000652032,19.130059942172508,18.197794290493633,16.856455337963283,15.449596576016917,19.289828141271474,18.75702891646154,19.26566197535086,18.737096377160597,21.671398265118757,16.488115429298123,18.39436967710629
Var5,19.578777048442678,12.133182086335937,9.490011531593225,14.969061102861524,10.16805039357764,0.0,16.804924224361443,13.344859079005264,9.233356859006458,20.741484770490576,22.635209082379,21.98675008220804,23.495177630361237,22.358918543385165,22.510234678985537,14.788964338697635,22.789352228182793,16.76441718040468,22.227830474452805,15.371566443452322,19.223236930804376,22.88725108230911,22.30893833215583,18.17637081268072,19.56157249609053,20.833953836914088,19.165199684439237,20.6960355110166,15.53853124024742,22.205478666717084,18.0752187579951,21.0249612215206,18.75555831860004,18.476949992748544,21.126209090973827,14.931148265778138,18.06169338350755,19.189188137394034,19.516026619057715,18.045915777282143,17.52103787314815,20.29696185940922,21.623356958612863,21.376267099258296,21.289719067182613,20.19652808848529,20.809446175023613,21.60575486632657,14.217570686377657,18.737197714886314,21.30327735907972,12.926172709799543,14.334426056645798,13.097483919265134,5.125764538112065,8.705993574866483,14.263557014581606,9.892144434693476,19.574997294586566,21.54578968836671,20.692906047416564,23.270534298263268,22.463293869915223,23.34679499320723,21.764566230349377,24.98790576010316,17.07455089666998,23.16732767397737,20.650697476616408,18.11575909905294,20.04243726108869,21.151944948080462,24.051716901227582,15.683859820192422,21.130303690965118,18.555180199657133,19.452851086904317,22.875550532223937,19.12104548822048,20.408992698445388,17.779365920450193,19.338897405210368,21.262187872667376,20.171114649868787,17.582002760357216,18.863224087935222,18.375183315270263,20.590736710274502,15.980657304022804,18.073047400082075,18.10618808567293,15.63623572648355,14.973942366006222,18.307824466927155,18.75832649274611,21.504244457420818,19.623555280724545,22.5243939992504,12.902260574191825,19.504720080700455
Var6,18.452454121703585,15.75089472665129,16.425746016264068,12.085589087889232,16.74859465929887,16.804924224361443,0.0,13.337333276988348,13.712084069683995,17.572959933343533,19.32749332242555,20.56608889118728,20.184839598630482,17.52573848551539,18.297319803436427,17.40722273136166,18.437391202097935,18.180476393997576,19.406302321338263,19.08572749828737,18.32932843412805,21.02200447827351,20.31054113223485,19.77248867104412,16.015701763298946,18.804253467937357,20.421812203325175,21.350624257102368,15.867194328788502,18.800370872771456,21.553937946795845,20.40738914720867,17.108102906938946,16.662223419931195,19.602121129128765,18.360248034395923,18.607792156116634,15.896073010882468,16.25311897851615,11.672734255911498,17.179648171491014,15.714433715055533,17.697554642083947,20.571902126488578,19.070767508502104,19.855148247164458,20.136681559857024,20.44058933869363,18.307364656096315,18.181313691353647,21.14971579764093,17.812766313017985,16.039342241147374,13.298638368905527,17.075615620902507,15.418827233586494,14.675681550929555,15.60696437870549,15.945505854406736,17.52007951057139,17.695418182435795,18.82339743068184,17.954191447886895,17.695081232819003,18.335820785680106,20.08089048324924,15.044702375350752,18.499643067411043,18.828074077714266,18.113210932472345,18.301502294471724,20.070053528185426,19.76874929246169,15.501339837621476,18.986830996447583,15.95987777136911,16.76222560746532,19.506211163662524,21.33583103426716,21.65292988633002,19.104209686405596,19.213263019509444,19.0725702296459,17.731095296022406,18.292453121500564,17.643184646243267,18.893937533268534,20.807722966185533,17.971386646792087,16.910987041998535,18.969814247142978,15.538421167500056,16.64848554006513,16.552083721439157,15.231513168511743,20.449583518342777,19.503076614665645,20.014608216232322,17.880922672808367,18.453104072777023
Var7,19.763033267386632,9.802112645881875,9.64806820525294,10.067484671882852,14.412338252794724,13.344859079005264,13.337333276988348,0.0,9.971207886358505,17.888208844116335,20.555489641707414,20.201072256743128,20.98179804922154,19.497831958402152,20.065935209535773,14.853566572268077,18.742714771328764,15.183135322401291,19.109927363553115,21.143781634032415,17.061896409528615,24.057299878620825,22.924300100633378,18.099889937086964,19.167279324639647,19.08655344394965,20.941154747953696,21.307114083513557,16.363524947340945,22.065277172581634,18.899284894334397,21.4878926690929,19.357396625370814,15.732081196193116,22.432775858762568,18.73710500550837,20.850161713334238,20.288964331688394,20.30795153097651,17.184405248241557,21.55294776289483,20.854160888237374,22.037384581910004,21.456758424444246,21.29390568747417,22.66300288560394,24.178770154856412,24.294601381227142,20.1619995174302,21.049951040330946,21.175712369549558,10.876088012763855,14.250556935068007,13.410706936529754,12.279924861863405,10.559620893607478,7.671922523880375,7.912173956405388,19.098486172053505,18.383881462181186,18.663635928942245,19.170122859093482,17.55747385475222,17.685682168684508,18.486297870069997,20.8865017000467,19.655999486232066,19.47615056470922,17.228603173278294,16.12355510264186,18.712577243858867,22.272617179883238,22.331520383514352,14.772645196656391,18.302034917429825,17.7226444523825,18.248367775576202,19.536104730726613,19.04594929709526,21.70734849022857,19.991068776749874,23.16319099144733,20.615256585966936,19.780353185939386,21.07385922436072,22.309009525417892,21.83886096894716,20.698747180210216,18.86804696681202,21.604308780835623,21.709523159949697,18.43523388066331,18.355505630297984,19.689056419240657,18.118443576386863,21.404824743750396,21.83470728645815,23.523378116906898,18.693373151160376,21.002658413581006
Var8,19.736792531347657,11.576044897307156,9.983028174539081,12.75360603454903,11.455736299513475,9.233356859006458,13.712084069683995,9.971207886358505,0.0,18.739026259413528,21.001579416175034,20.91739284812609,21.728538121849667,20.998951947204944,21.031349284995812,14.467451189449411,20.961485411450173,15.411208603934288,20.701718938053173,17.181810778195914,17.705288991454797,23.59045031600895,22.86475890669069,18.500937266606087,18.50094564060632,20.482585489881657,20.643226605741308,21.2994158151692,14.019967463533321,22.32423368952577,18.20753540370044,21.098436731053706,18.620318838813784,16.028316162031427,21.8410042765446,12.935823186996156,17.157251148166402,17.991529497056693,18.168770090472215,15.965203030699506,17.377912034081763,19.293632155069176,21.484431816619686,20.85513765654892,21.21260810104113,20.887393703199784,21.71534685102318,22.704095739041502,15.716295384295009,17.95885659008098,21.37253517413765,11.848800049881618,13.595572326326938,11.989819136816445,9.424317972075285,8.321852902955067,11.816804666238603,6.878621126737924,18.36326755376585,19.945097806878103,19.1013792192938,20.771162961909415,20.06090847845609,20.959644537206113,19.74924436169611,23.686609878343784,16.481435174996953,21.188344018683907,18.94462748446781,15.561115506722162,18.429426921852148,21.24389732617401,22.9729731609044,14.083092996181623,20.204592105208164,18.098056746704145,18.536384905476105,22.228936816362253,19.063761868874646,20.954820458890637,18.388015567413284,19.085600982202852,20.41060199129017,19.57510673301002,18.367850703089758,18.869042798491044,17.72189646020255,21.087735248008187,13.77151850253583,17.702593083930413,18.700532520453102,15.257265935463995,14.3154136603927,18.282262198040783,17.227449109008145,21.275259156067516,20.37361990328225,22.45393976599088,14.577524747711724,18.297731530261913
Var9,20.735396803826617,19.95888417061221,19.284865112484024,16.80340200107075,20.92795721597268,20.741484770490576,17.572959933343533,17.888208844116335,18.739026259413528,0.0,12.142704566411643,11.567025947990958,16.33064513625774,14.981063634617014,14.042925195547362,18.417038141465262,14.8143344549281,18.83439952486114,15.903218605226598,23.03815022719649,15.567396322349685,20.300050309108542,21.596989586873985,16.70009759625067,13.59986103956656,14.34726455290425,20.46803331196438,21.11658340753772,18.753129372506635,19.709952470977168,22.348806455313483,21.16888420584125,18.75257595256546,15.813228204079104,19.5312827754093,22.42860841631651,21.785994666073588,20.04058005870117,18.13117673459087,14.974222110010272,21.933737851233058,18.29172883203714,19.137586007623064,19.824456585657078,19.13480409584101,22.775680661463078,22.18110031846694,22.626882386877814,23.156082991778106,22.534799711469546,23.140944392612045,19.975367050319154,19.178668747076188,18.638743756007624,20.567068624671187,18.210454224753953,16.905931844809086,18.866874037318883,12.266492600389341,12.006602649436457,12.814123944785702,15.182740568569386,14.448191650193321,16.058816832154267,15.862520010110178,16.87264812871682,20.57648308471469,16.62501547107814,17.213923001947588,18.2777389044736,18.478595475724592,18.99680722294439,19.127352252336944,16.44091057758448,14.079451278846546,15.321597317506013,17.454727381977378,18.602661478278517,21.59623675010171,23.614591023218754,18.832991706656053,22.041976088208063,18.89212156879303,18.110385625868645,21.683516615622178,21.14621900878307,21.637350468134173,21.84590514834777,20.931878684621815,21.17052731611995,22.857131323186266,21.426890757090888,18.879188513991995,20.81938007439937,18.71739675429269,19.561742249850116,23.47615928949855,22.56975276037749,22.832985267994744,22.085417196505283
Var10,22.84975692185893,22.926147657075333,21.477211118694502,20.771684832306267,23.573286129867753,22.635209082379,19.32749332242555,20.555489641707414,21.001579416175034,12.142704566411643,0.0,10.22497970796526,16.517249545407214,15.722839868164154,13.962329194612838,22.38079087100788,16.60795203698851,21.51106604702896,16.469897721935133,24.03219888159227,18.951132868658817,19.54656190865939,20.74869545671128,17.11416509291956,14.636664301453234,13.894528465527072,21.886391541048894,21.532078864945955,19.774859875093934,20.678690902287194,21.57356725112803,23.090252702988607,21.821733980394146,20.124640565164356,19.412006664162007,21.804246498493853,21.001055995256475,21.18768198335759,20.32515970497494,17.499017624305104,21.831857129295063,20.19544957048927,18.94873820630522,18.441343147358154,18.362748716773012,22.90298489200735,21.352035015382793,22.052589332763883,23.27069810225922,22.27176536019441,23.610269016079393,21.69633906304374,21.609209230814354,21.60165376940524,22.415938750495936,20.400424850469964,19.90402092692176,20.847699825497532,14.151934422772165,11.7801159049169,14.533741597482985,14.887568839249152,15.010580050085972,16.420128283061803,15.259412453784298,14.457491296043802,20.754249821992484,15.44171569008006,19.28284549226826,20.38226786450877,17.757041017494277,17.883050227424334,17.30623744152664,18.101700155068123,13.126169212093249,17.023180267133768,16.47731174292501,19.010875115604104,21.100998146138075,23.352209244424376,19.178873317819203,21.25877490194742,18.295433657859306,18.869078133244145,22.14462609453826,21.312983108060966,19.678235930898214,21.381727325651237,20.47889100461074,20.335607108630338,22.344906786120337,22.509822590021972,20.82732351270342,21.601407317605368,20.10483195878768,18.706895612301864,22.74663183472639,20.864683500695406,22.842589189212738,21.341303298908517
Var11,23.132894213101505,21.964312246039963,20.884014029575653,21.22018766433284,23.382931626753617,21.98675008220804,20.56608889118728,20.201072256743128,20.91739284812609,11.567025947990958,10.22497970796526,0.0,14.355711922854223,13.740864817256728,14.96536634026516,20.388520166825753,14.69745387877199,18.78494735908046,14.298332102078364,24.55285265460758,16.607548722449405,18.918299318504992,21.18130119023721,13.380682688934288,13.561422177878805,11.318546092142528,21.054879747981687,22.91331629078874,20.803414861014804,22.434284812278808,21.410376975496213,21.156796362408127,22.314837535539297,18.18420599897111,17.72701035147345,23.076423873776072,23.98372845815293,22.666510314490008,20.791789048265393,16.922300243713586,23.48738687626617,20.944202167830305,18.693638574563217,21.110276650285005,18.34486823018212,24.925175732439484,22.50801770759523,24.197824672880515,24.51352982851634,25.10559861118373,21.34662158607094,19.921749268359594,19.285600125857844,21.92215664952118,21.458000032153077,19.651418111443633,18.532860319946984,20.014181526346526,13.785571530182144,11.084991528558515,9.761897276921646,13.419499599717849,13.515497197869598,15.106080402119344,14.447241041516277,15.48601017753867,21.582987869366686,13.10022502231373,17.156082108975063,18.881201457627526,19.084027770729303,16.13049548591096,17.58654186880781,16.509504607021714,9.55736945782233,14.39081739368484,16.625795247310894,18.894710096568705,20.748380939391996,21.806999823865244,17.632342753329667,23.116417563814714,19.43787770679663,17.350269111370448,23.18320897518111,22.546996701604293,23.02698728000683,23.03029670030352,22.449091378757547,22.5531023859254,22.074697020234773,22.37232068332736,19.82838007838413,21.351424928751598,19.792743074006964,20.633214011113928,25.040327058657144,23.85876498389719,23.39739968455214,24.36546265032132
Var12,22.19855684672318,22.58770404474781,21.802062326533534,21.246170413559597,24.335726532919118,23.495177630361237,20.184839598630482,20.98179804922154,21.728538121849667,16.33064513625774,16.517249545407214,14.355711922854223,0.0,10.948470534376744,16.30260304340117,21.56197519214794,14.832624506244706,21.617547557565796,12.437083457814536,23.53313049923173,19.81519148627363,17.531685801575442,18.884657864893168,19.61198606302562,17.81073031356415,17.053476890107326,21.63724039896149,22.518721812362724,22.111786188517563,21.08945724930057,22.3884250345562,17.742399608066385,21.7402391201924,16.67331495850977,17.763345171474867,22.675445270074146,22.184404845307796,20.530970829442523,19.724159349958,18.750195921263156,21.528751610133796,21.220945794596993,18.088463686395666,20.88928623566736,18.559982123934407,22.818964229554577,19.802613624569805,20.94458559690611,23.1464238702042,21.716022184392116,19.8276780224837,21.982034613111473,21.14634182542638,22.65746071262996,23.345470982608706,21.69865539359278,19.809352123499703,21.407197884613126,18.30110626273077,14.754123330447674,14.463286839338961,8.480278897498053,11.934597214194595,13.238511282315093,15.392527593375648,16.346733510989857,21.61283887186544,13.86764380734884,16.47174977085178,18.742756425266105,20.883395039997794,17.675101144839676,15.491490318770404,20.095747881076182,17.731399365301716,19.131688371365655,19.908158726932918,20.356534613147755,21.950585177613032,20.35954594739012,19.706438174717224,20.947419348957844,19.073727225179358,17.305372449537263,21.997419029913683,20.40076672346743,21.62165489486416,21.659841941927702,21.68611710611396,20.962445900987305,22.6331865697621,22.88785485727935,21.470784865625948,22.47391601533353,20.966288654189054,20.536363736578227,23.29525892216895,20.89192555711114,22.91091088806682,21.69332243898214
Var13,21.650511852665325,22.30963121654004,20.65067145680435,19.75525146473446,23.55275451603195,22.358918543385165,17.52573848551539,19.497831958402152,20.998951947204944,14.981063634617014,15.722839868164154,13.740864817256728,10.948470534376744,0.0,13.575911376703765,21.84351742178002,13.458144226224972,20.470843243356367,9.350679431649255,23.267484388514053,17.54819006392624,17.997911610240244,17.775060744800445,18.218405565655996,15.919410275041777,15.197175408349253,20.67871636583878,22.1466398651649,20.4668933407426,19.488947475245407,23.10935452729489,19.386064506052584,22.048978346560443,17.128244305983568,17.68261067589735,23.96605187487074,23.314720227400148,20.41731565362131,19.56705071794425,15.6271032258414,22.145184912775974,20.516864753150188,18.328904892814247,21.407107659197766,18.51736807818089,23.206166090309615,20.686758921577763,21.237139877567838,23.58915904083061,23.150418174718435,19.94365895821221,21.873921147760537,20.36079408143961,21.232622050646924,22.428144971893186,19.62064848461317,18.54738626175747,20.461985605353732,15.187193868101208,13.736594405064785,12.884790266679799,11.376155215588915,11.570684571578006,11.75114805846891,13.647999469201928,15.634030543724949,19.48538894142843,12.151948330443325,16.923024612259724,18.992316926512572,19.05530243477873,15.90020072519455,13.817860243074792,18.00318804102796,15.444841954493436,15.886776615278881,16.720688259631128,17.479533833288908,22.983038690172627,21.008104793187833,18.73318715770222,22.145835362124807,19.281241375761798,16.158851987514048,20.697372494312475,19.75278443588716,22.43996356506165,21.461275394830178,21.769126379321747,20.609398182265352,21.417011536277705,21.278693945373863,20.12219887896805,21.482875804715118,19.409607306721163,20.7016644789718,22.786584307674033,20.50568518190781,22.231100115489483,22.474754321409392
Var14,20.36920703934641,22.70812509139247,21.565360054767996,19.952169938879802,22.93992456522332,22.510234678985537,18.297319803436427,20.065935209535773,21.031349284995812,14.042925195547362,13.962329194612838,14.96536634026516,16.30260304340117,13.575911376703765,0.0,22.979129855948656,15.377519564809107,20.60689397630367,16.503069623936305,21.269308691743465,14.299390800167796,19.5681178692773,18.00770632347416,18.674334985703343,16.459814474142075,17.14762199848023,19.520154322623274,20.479629848498895,17.390381145448817,18.4714142191402,21.571067684758518,20.0795327531577,21.980258957169863,19.426386816476526,19.839358517546053,23.312397513726935,21.364816082943925,19.65388350984427,20.3993470537183,17.75568444219125,21.99846001019885,19.558705275863304,20.1658627598122,19.008622505022213,19.729807694460334,21.555318858363748,21.087718620751993,20.503009915998707,22.782991528722828,21.744648255345762,22.350068146856326,22.40747928616817,21.274331371563896,20.818519138763502,22.397214159926772,20.42339365668519,20.37207502134491,20.85597780627546,13.30828142136257,14.528057348028238,14.917031991338146,15.446084318069792,15.835121997259153,15.835265000754891,13.854851696019365,11.84782172874387,18.90434240362728,15.340076819548441,19.24569515439277,20.83883389069709,13.871983749973209,18.457974184271457,15.00350723737612,18.283400698233468,15.150062666252026,16.58634439503756,14.915748276204313,16.90871070720131,20.950612125019173,20.683501939377624,19.574166844864266,21.068867212102578,18.833512288263822,18.44162637328328,19.79361938176602,19.840481693584188,20.42780200953041,20.68621783048206,20.813073276335913,19.96753939323996,21.247112606038822,20.865915005556463,20.05324654022376,20.03891022204071,19.44677667197482,19.262242926531766,21.266977698047146,18.663805236930774,22.227228129871683,20.577498785400618
Var15,17.65011616782841,11.463197310666116,15.28577277821476,13.367930673435685,13.104816759840388,14.788964338697635,17.40722273136166,14.853566572268077,14.467451189449411,18.417038141465262,22.38079087100788,20.388520166825753,21.56197519214794,21.84351742178002,22.979129855948656,0.0,21.033595865227763,13.618789127923552,21.906947857130366,19.99572476395167,17.666188283943104,20.125686105387288,23.080872159568305,15.801724567461465,19.11826400366468,18.301205232153603,17.960607186620308,18.68529671668762,18.649629088899992,22.32798541178031,18.50385849741353,19.118180313928885,14.467426922530198,14.401691659006778,18.340874547750328,17.234229691071345,19.145342415735758,19.84618608143116,16.641850537014545,17.989796526370903,18.040497367164193,18.784278688419672,18.098163519762718,22.208412036309692,19.785338770664826,20.546738414572424,20.4685472586364,22.532920246713584,19.574489341065444,21.79511332998219,18.710830904938298,12.825507025741016,12.685270471958336,13.299132843856498,14.905714643430965,16.694692537871717,14.428377321490334,15.302449217236957,19.98742110653341,20.881922859268077,19.444302736763124,21.415320171264828,20.419949182840462,21.124596745674605,21.27806824199096,23.45723133209638,21.186360982406427,21.86473138083162,16.969660686126716,16.07617852755432,22.00619554601487,20.058897052126873,24.295940893477283,16.529577969623308,19.43172817311905,17.465307459043903,21.41638821117336,20.410252393420095,18.23245577537421,20.36803018263543,16.326026263114855,21.071526602800436,21.553391704479697,18.060811782650433,19.827467331916495,20.852254684456863,20.99721609123499,19.86027866161058,20.51303716774797,21.414053664279724,19.884503787056616,16.87695723838163,16.441339512443196,18.094498510115276,16.34413713825884,22.484511400452764,22.730178384060054,24.692900534494353,20.037127300812948,22.909079287448314
Var16,21.4089713619056,21.489032741169595,20.55922232872424,18.938549698450043,23.36585855421305,22.789352228182793,18.437391202097935,18.742714771328764,20.961485411450173,14.8143344549281,16.60795203698851,14.69745387877199,14.832624506244706,13.458144226224972,15.377519564809107,21.033595865227763,0.0,18.52078395752915,14.036896996938914,22.91441065891868,15.936130510561677,17.783113038048153,18.746921900302386,15.786440889078465,16.625077574616167,14.790745845770703,21.231292136436657,20.18464047268125,18.078527330252474,19.51715432597081,22.360941579978892,20.64879644716897,20.587035644393122,14.896996714778712,17.805699122884636,24.210979770013306,22.98016586400666,20.925279750100582,19.599547103444266,17.04705432348779,23.107639309360863,21.327070324373693,18.58692277100812,20.483869052260765,18.03608351346873,23.7603635618368,22.386610720635872,22.69370471204912,25.212171456840995,23.527375893189767,21.261583676425627,21.52192198830445,21.67277961322683,21.71827104126468,22.56742084184318,20.57064232798953,18.11152733248381,20.286350627345268,17.46840708335899,16.04937285841054,14.75789101141429,14.53669379001684,13.430772136428617,14.055976295826198,16.376012153465634,16.116102523684685,21.71689002595858,13.016086858980193,17.303229226511164,19.572109858870572,18.464975028157813,17.99821590992852,16.84130262451754,18.3603972936461,13.555338891176131,17.02884666166291,14.93665786551994,15.301456574593386,21.848024009970143,22.534024082486106,19.362135392665607,23.085344528517442,17.896223956384393,16.32871575991111,22.681152533120343,22.132655778931742,23.135531812721105,21.290039847608885,23.24314287025317,22.53343411920946,23.661125695182687,22.200306678166694,20.962728217537684,22.35220319064949,19.076975985491206,19.40080726589212,23.58540922015507,22.565697366386715,24.476270642015393,23.045859207683
Var17,19.19337889998404,16.246837272942408,16.855257022448157,17.433192902607487,17.879793420419002,16.76441718040468,18.180476393997576,15.183135322401291,15.411208603934288,18.83439952486114,21.51106604702896,18.78494735908046,21.617547557565796,20.470843243356367,20.60689397630367,13.618789127923552,18.52078395752915,0.0,19.417941542341666,18.474802060258533,14.067968600337045,19.605086712184956,20.898376997145956,15.10994247258429,18.930730429608676,17.004671559638954,18.300333830184265,19.084444697325118,16.891513255156113,22.56804940530596,17.223919132560848,19.185199838638365,18.242643418722036,13.052914168308794,18.272849479593333,17.85087228505984,21.59733253557607,20.18460167573702,18.44749836183763,16.817138300916064,19.793001926773144,19.673850601682503,19.379877569620547,21.97362096506626,20.48161178171391,21.883594830516405,21.61824808859428,23.404022420240064,20.395562763652013,22.820393020503754,17.014768715631384,15.298024871067813,14.725790014536921,17.957561802429225,16.94660569141934,15.814626442247503,14.710526050801946,16.310899732524675,17.98784491375734,20.09570689605634,18.223293961151473,20.407623226654003,19.282211260376684,18.574456756088594,19.107073719911494,21.627372912597693,19.24022722495301,18.29007950293867,13.95702757227287,12.410889584214127,18.59208012457123,16.84750474274466,20.757939543173464,15.508501862590203,16.412888823321136,16.23515517964236,17.60440405131445,19.056248536496117,17.523845776890866,18.437870400653413,16.449756140469557,20.99358920201237,20.798990315975345,17.464747600009954,21.314719227185996,19.949729775484116,21.987842845183575,20.315834956892846,19.43514899815395,21.663755376601816,18.195923229021492,16.481857918528437,17.181480784048702,17.355311963904082,16.972549985927497,22.21380148530421,22.58141491506262,23.701921356244124,19.352094082854247,22.59861449298316
Var18,22.96849256772904,21.938561368522297,20.645854723410864,20.481869420372977,23.755640408958545,22.227830474452805,19.406302321338263,19.109927363553115,20.701718938053173,15.903218605226598,16.469897721935133,14.298332102078364,12.437083457814536,9.350679431649255,16.503069623936305,21.906947857130366,14.036896996938914,19.417941542341666,0.0,23.663559769558415,17.705458927468133,20.055648319147373,21.101219943805333,18.056158977951647,18.39416105913693,16.898301365077554,21.734386833784868,22.662025447436733,20.45147624205007,21.134397926871873,21.189142708274584,19.696962847765736,22.432575294645474,16.33633785095522,20.88694225848891,23.461953989931356,23.4913741086455,21.180359196601668,20.485531888763557,17.1067535781773,22.946694117526906,22.368238557480556,21.467828558324435,22.46151960437514,21.725566143717995,23.34514396833446,22.470304201330627,22.96096023221246,24.094009485696326,23.030557535400263,19.897684578249546,20.931448503583155,19.721093373678166,21.807058331947403,22.16662806251776,19.061719663518755,17.73373028522207,19.69473210262261,17.308606474046677,15.546817781271507,14.682724236409117,12.208304604146463,12.510000369786136,11.60321929090985,12.373311522872232,17.19724381129516,20.49122386954552,12.211554911245672,15.589760775467564,17.399286861162704,19.127799180931756,17.33358386765906,16.625321240566507,17.707097158962032,15.442705412149797,17.6990209309184,18.21523853035792,18.1475854962942,22.315117605163643,20.160454430972923,19.317541469364013,21.942436936348255,21.96140331940778,19.145724549617068,21.46981665547996,21.213221545140147,22.274326956423028,21.80512619511404,21.15190163511388,20.916604051038444,20.80635471737072,20.66970185743404,20.385141176537957,22.57564131411647,20.87857281529226,22.410195845537963,22.383327953726827,21.242567040953446,22.287708127184317,21.992445286416128
Var19,17.079199381304075,19.396868808196665,18.52047304587765,19.978120906295974,15.639529835887107,15.371566443452322,19.08572749828737,21.143781634032415,17.181810778195914,23.03815022719649,24.03219888159227,24.55285265460758,23.53313049923173,23.267484388514053,21.269308691743465,19.99572476395167,22.91441065891868,18.474802060258533,23.663559769558415,0.0,20.059430485524164,19.98679160664838,17.246997957599262,22.353988157574676,22.178365793464675,23.750205051832623,16.80010562482448,17.443657905754588,16.27793781532098,18.261175103860595,19.47927423426275,17.47788883527165,17.441088674686018,21.233385156040445,19.769916391259994,15.080346836870438,14.634472230495051,16.041698278099556,18.55430709318409,20.076436964545795,14.068160536802853,17.71218854137155,20.27693653835035,18.75986594100666,20.245658207503972,14.695235810745379,16.178696804973267,13.720353525354799,11.746857557805548,13.631443098537375,17.919376685254708,20.009440115437844,18.59355852454877,17.51972194527823,16.66538262476265,18.362692536499928,21.302848181846894,19.209245220320966,20.35714018489813,24.158762411117003,23.441585129927827,24.460418677965233,24.685426171198127,24.374664955396614,23.483296646793413,24.07996870326329,12.844155554759935,23.640241915431915,22.0070546770162,19.45769503024375,18.09310367445424,19.842620617064338,20.445843166105785,20.231647417322012,23.85896939038078,21.943240956840118,18.910052316701602,22.94874263593235,20.213716866885694,16.67245569828719,18.427005075340208,13.076811856079676,19.616901468194364,20.08857550447903,12.563501034413289,13.436888480510042,14.683981656901986,18.69514847529791,13.90416714723388,12.873706818114702,14.092594054155319,16.049425730914354,16.506478558760374,16.499890685446065,19.526521457332016,18.4925169856769,14.00780338461381,14.9019023907146,12.811904045853067,14.34720706871346
Var20,19.6775525570812,18.543714897041376,19.360430111975948,18.084212600780972,19.516939049452418,19.223236930804376,18.32932843412805,17.061896409528615,17.705288991454797,15.567396322349685,18.951132868658817,16.607548722449405,19.81519148627363,17.54819006392624,14.299390800167796,17.666188283943104,15.936130510561677,14.067968600337045,17.705458927468133,20.059430485524164,0.0,21.11909590784089,20.76102835704015,14.253609078004384,17.86969398672371,17.834721814169608,17.576669430175976,19.849037558650277,15.060909749079563,20.979441105005524,18.637504884687818,18.836951358430532,19.70538893410946,16.931608890040827,19.502467604804846,20.94553603062605,21.548113909254454,20.6812469369489,19.885532376524132,16.845875616708888,22.10911215823979,19.11692737082826,20.207494686859302,20.208717081934363,19.52607682629551,21.77168792486012,22.873203286588097,23.153774270373948,22.19205664962617,22.867698137365327,20.864848788460662,17.53660203446413,17.606429902548403,18.555204432690328,18.60879955269387,17.491953468190843,18.001148140695914,17.61631787127865,15.827495087875535,18.289489062595358,15.770792445403393,18.647761173532363,18.11250873014221,17.61069295701106,15.120449182663105,17.431081552725566,20.198821015491973,16.752167945386507,18.106328440283153,19.27703027220857,13.749076644627616,19.440854475294696,20.358249799816463,15.311469792788715,14.251347325689615,15.356759791214959,15.367765136501324,16.68600144467331,18.233394158582083,19.084214475818214,17.526070895636312,21.92305878580047,19.597006793546747,17.64133478131269,19.659632118172144,21.14523280492829,21.069110600692614,20.41238227130465,20.756880243740163,21.539626488161712,20.27294173972156,17.89856666020651,17.37916589624519,17.42505831293877,17.882460849034853,20.331325447477617,21.68695061924283,22.469456555025676,21.3443875819314,21.930658371131777
