,Var0,Var1,Var2,Var3,Var4,Var5,Var6,Var7,Var8,Var9,Var10,Var11,Var12,Var13,Var14,Var15,Var16,Var17,Var18,Var19,Var20,Var21,Var22,Var23,Var24,Var25,Var26,Var27,Var28,Var29,Var30,Var31,Var32,Var33,Var34,Var35,Var36,Var37,Var38,Var39,Var40,Var41,Var42,Var43,Var44,Var45,Var46,Var47,Var48,Var49,Var50,Var51,Var52,Var53,Var54,Var55,Var56,Var57,Var58,Var59,Var60,Var61,Var62,Var63,Var64,Var65,Var66,Var67,Var68,Var69,Var70,Var71,Var72,Var73,Var74,Var75,Var76,Var77,Var78,Var79,Var80,Var81,Var82,Var83,Var84,Var85,Var86,Var87,Var88,Var89,Var90,Var91,Var92,Var93,Var94,Var95,Var96,Var97,Var98,Var99
Var0,0.0,16.083840458218884,18.247295376672312,18.996613927760954,18.3894645284181,17.47602379955183,17.837240900875322,19.367279830468664,18.391106268019275,17.42482740435057,15.175025947935936,17.266539495425477,18.17494059068689,19.06879073668923,19.556950347748458,18.202911142533427,20.087804556937925,19.70854647514144,20.489885027551075,18.98585270841097,20.651819478751193,19.324463355381827,17.373069583383618,21.548832852529575,18.016744463827507,19.6464658828785,20.3583363922197,22.177950509709614,19.99585146464024,20.263103302456365,16.89499951978869,12.722746733202346,16.86435034695214,19.90661818581869,18.87531396526435,18.018296254945234,16.909930664827847,16.21790387145273,18.760031457123635,19.61517533556561,17.242329783762617,19.696457110925163,19.821782956263164,19.003364576932462,19.274139990344135,19.45743240589606,19.787692575758893,16.582798672416715,14.7965322474988,16.734391252182533,14.594281325929249,17.5577919077727,18.909580213728937,18.25457707462671,18.352482029692254,18.629856050099733,19.39047161391896,19.521235056507912,15.955667650185452,16.007449888197197,16.76779571721696,17.786544200541254,19.734116403935676,20.50395349765513,20.302680710782713,20.2066908911879,16.765723523641046,21.263410535486372,22.552618715503968,19.774140100702038,20.66986845681247,19.538241411049565,20.412733162324777,19.579446240760902,19.943432428819666,18.00290331332762,20.450703091836424,22.19951684312222,17.30468691433734,15.043406972035639,22.794961348088286,20.01459531453299,19.88841768149298,19.279024149599756,20.02993306048395,20.922550193926543,17.204263175920698,20.026308564627243,18.38875067490538,20.76002293631237,17.28798654879132,16.51089589709496,18.221063643821505,17.304954008033203,20.594007908496405,17.902481036509496,19.317794138172317,19.491065612130818,14.891965492545042,15.856943655624347
Var1,16.083840458218884,0.0,13.074440811605086,12.958293644622968,12.331946849141316,15.325664497193168,14.985718953573178,11.153027204671815,17.17043861574689,17.77823190338839,14.871006129475557,16.553688145330053,17.538323949198595,16.730296103104017,17.625758063801428,14.345383178999578,18.502622142765112,19.52653318133382,20.123892841443613,20.585246366867633,19.824761616596213,18.07634164267767,19.101678823603546,19.56564515601459,20.48469599662741,16.780202726139265,19.4615677312125,20.4345861075943,20.203816185839813,20.12912494616192,17.1724151514648,16.44303278591514,17.253581104551746,18.57950941559915,17.018014333152106,20.13972092118779,15.689454856286801,15.910329066673533,17.30058803445406,18.73802798431663,18.290725256831895,17.02141501035078,16.379047115070186,17.609417506938627,17.418346698775693,17.950187066577538,18.441747487367415,18.8615611414579,18.36371207136654,17.21732745503937,17.38812864164723,9.0051702305275,14.42702772828643,11.637105416776347,12.661264416487477,17.239615459875964,15.09435158911558,14.528571776108508,16.736740103749263,17.1515425354779,15.528688048489121,16.451957919303275,17.114443520019012,17.947743872328516,18.583314071285727,17.249488675328823,18.78385702611261,20.660091246980222,22.07378279605973,20.691879120404483,21.29464720228329,18.679490173399422,21.83256332327408,18.73479021705831,18.5004731799885,18.445416110667576,19.27200724552708,20.991236447770028,17.517119436722826,17.184816151211812,21.855414990454108,20.702736134760336,18.757202491833464,18.172337863533013,20.731558709356268,20.572425721805594,17.514061342434985,18.938896829643536,20.116437979802154,18.751921553647623,17.742445450370166,16.419860228448744,17.332648133127833,15.841300175030161,17.4943767510418,18.060710026175837,19.54132910434466,20.671182263295723,18.176389022444667,18.098078868539254
Var2,18.247295376672312,13.074440811605086,0.0,19.544931689360865,14.94473765594184,11.623978905947489,17.412137230894178,14.945371756157,15.366928498496227,18.747168729238872,16.491376042137265,15.915954179316051,19.041877050188994,19.279623488971694,17.36540521390572,18.322202453188854,18.605870648440725,20.062413786306248,19.527599653065053,18.285832581780717,18.509317661844356,20.27868943041566,20.436542933390367,16.907408119324227,19.279191548889756,15.40434478731435,19.44737604043041,20.046889424029846,16.74755153211889,20.41238902718855,18.979161019489023,19.004257855266594,19.481230392443344,19.683654083152668,19.19715365660996,19.188044612098764,17.891560143255948,18.80289042272764,18.825956558509148,18.83149919495143,19.41694313439812,18.55499587196764,18.945350219444776,18.304162738321892,19.577361570703548,19.48990460332421,20.281434306817673,20.703211096760747,17.624955457966287,17.545910019612624,18.238486327585267,15.25659122840555,17.824951397407197,18.029584512599648,13.834881365589986,14.77164201550212,18.662976202496008,15.573807169604203,17.760856045248488,17.096060024450402,16.718542542201252,18.541550437143066,20.259950336263735,19.744583676476765,18.22319780138013,17.601607469117113,18.82007687620501,20.34343460561052,20.615770468447355,21.069325575714686,18.927042779029566,20.627456287007803,21.47276729586534,18.914776151920393,17.188716492280975,17.290719916131778,17.13011339830147,20.25432866833302,17.889002150505327,18.31073848951187,18.903953089173534,20.659392128875023,19.251672130948194,20.61392389918632,20.568701511135266,20.92513712381882,18.457361250048738,19.074342211508526,19.54980112030032,17.6746000333321,17.89286029355329,18.24260076200402,18.107091672528533,17.80134402742608,17.39179302189468,18.53276752468717,19.138657943920162,20.05840050910965,18.75390549389288,18.060642606677455
Var3,18.996613927760954,12.958293644622968,19.544931689360865,0.0,15.443724018322794,20.635096310990306,15.929484581568838,12.855375367753943,20.747836539190658,20.690377994893808,18.271732063734976,19.18378997770932,19.746092259988586,18.124365970092537,20.375706193176537,14.464661210982861,18.710156704494718,17.889906863138112,19.0275650428942,21.90890797834526,19.89274500304898,17.63179374446837,19.75891575826577,22.777685334735413,21.659808557605878,20.366323500168445,21.151490515006085,21.759752777686405,22.294783389571098,19.109724023855666,17.80390010591323,18.194085985832018,20.057866726728882,19.84226365949868,19.707251094796508,22.55262771933878,19.697095848374598,19.495215056221323,20.554273982085647,20.79047231964181,20.884422768854737,19.604985268595826,19.00221720514117,19.27720739403898,18.844171757862046,19.47774143728836,19.980978804804256,20.103708710309068,21.289024472353645,21.43970445329411,19.337463019100706,12.839939378104486,13.465579917307958,8.396989837217287,17.640621091757172,20.36391177650934,13.452355094080831,18.584326318691687,19.986759695663967,19.23013850353882,19.475529401696193,19.04390387721844,17.466596211078784,17.076254884953915,18.39991935590121,19.293695804382406,19.634462433568572,18.098600705352826,20.32328111452874,18.02906916104704,20.785244877731923,16.97395258911814,18.971793923490672,20.576242270394175,19.115769478651206,20.70933294251344,20.53546028945487,19.449958507567665,19.43137015504436,20.643291207240974,22.1846395994288,21.151767213146858,20.064441966728335,19.692370866172848,21.67759134458568,20.65099985882772,20.563926867307018,21.210387277712755,21.37457425395003,20.982422564922928,20.765586528859746,18.561977471925953,20.543119771503726,19.897911232521388,20.02015330886107,20.019457882706828,21.24338107596432,21.391019867303665,20.009815921052635,21.679045929851284
Var4,18.3894645284181,12.331946849141316,14.94473765594184,15.443724018322794,0.0,18.29565860043546,18.51304917157345,15.035000451492254,19.98157829170719,21.79837275457434,19.059515344116974,18.603101875061974,21.1497808170601,18.05237226804254,20.291874314806915,19.426410139233326,20.56611434266881,23.01073652024541,19.70061030935434,21.710640589920008,21.285717581042046,20.69353564865744,20.868244411532803,19.34855255072018,21.224647389638736,17.84499092169618,18.892191766375227,18.256258194005245,20.95133635171388,20.13934099865244,20.28717644547709,19.010948397711516,18.634293776879307,21.276897051629717,19.436961890049563,20.896101817675426,18.939795653619523,19.42649783240953,20.44053935010721,21.05060144205111,19.95012236758826,19.105243915170803,19.042853549056876,17.965698891805495,16.875937035989175,17.22228799145611,19.23365468368508,20.405444872910294,21.637751516602247,19.129621579117,20.174835205369696,14.820846985793876,17.97285513046028,14.271168516003488,14.043951530794862,20.520516129491025,19.558588764113665,17.925391575229735,21.24747549219925,19.410952773788384,19.278988631419274,20.25580892380161,19.702931575858,18.504870068331293,20.006061675064085,19.430544944188068,21.46720172492676,22.091751241581466,21.981237508767695,23.36432916552405,21.694598558872325,21.836667928337707,22.60941976254756,21.325087560264304,19.492166845659145,20.140151673714517,21.732218046359193,20.06637464848434,20.558727333678174,19.007621598783665,20.01036476557146,21.006739361857846,19.42688141099449,21.190711695266568,20.617555298888107,21.2357714503431,19.181913554618994,19.53891492411934,21.891875626984906,19.877924613447462,19.700833555230673,20.729833041552844,20.89789002967236,19.206742962743018,19.521703999179252,19.462262532697007,19.332111638528254,21.248070041457755,21.938254575163516,20.353784702050756
Var5,17.47602379955183,15.325664497193168,11.623978905947489,20.635096310990306,18.29565860043546,0.0,18.702322765341584,16.163479373732784,9.162296614417876,16.011364117203044,15.89909408258542,16.559315276065767,17.707886764168624,20.522960863226892,16.64075987533078,20.501724758893346,20.990613141279532,19.162416970001463,23.005865680271693,14.464194272871984,19.441166990918102,20.730646874569864,18.56299201145272,17.388833180525353,18.98943500767041,16.61828320491797,19.218249205977035,18.90223694885603,14.934947172653173,19.546304643122355,18.90664933283076,19.5084858345289,18.674064485474407,18.94055442048207,18.909433696875272,15.196807780530397,15.748918269573114,17.81592645104427,17.636858039993417,18.395452144280416,17.641514068344772,20.08516750724075,19.661855467993515,17.71583060110626,19.641125963698403,19.893790133186407,19.447066023717067,17.64548710781934,13.235848004427934,14.230900956868721,18.19706437051853,17.60106121677193,20.12539207042186,19.469909168364694,13.484436178348417,11.106175623580665,19.79028252144297,12.411740238086205,15.072333217544577,17.533275934047193,16.01651002829564,16.793988760339996,19.124490187356866,21.792755572983666,20.296535371921273,17.25312246495994,17.312206670666356,22.229348902862515,22.237273530451564,20.598940812283594,18.28592627933887,20.852475689579368,20.544415738808027,17.918353054581925,17.92539555929055,16.350833228739564,15.596941563405657,19.4256966825351,17.174190611043485,17.325770530779465,19.096856716778237,18.62327001245122,18.526106702427096,18.925773420206518,18.781294570535078,19.564917838943064,15.234506096038826,16.29594563793164,14.439627045893516,16.827616964649362,16.551941551033963,16.96270639160585,15.992320044367732,16.930622838658547,18.130643750603216,16.7299995191306,16.916699941982444,17.287705042114162,13.790618001237968,14.174656436945773
Var6,17.837240900875322,14.985718953573178,17.412137230894178,15.929484581568838,18.51304917157345,18.702322765341584,0.0,14.61365239802198,20.844013798083097,19.616584992622222,17.155084833201602,18.84623298306771,17.530647833813756,18.12947680716411,18.302201558241084,11.619395053905857,17.678749532182316,18.337455691231234,18.818129419946278,22.05238422967417,19.15419117202744,17.967800731915688,18.968673644576,22.007175987281194,19.71112130925903,19.68479634129984,21.899863643725066,21.574287666204455,21.56847197046915,21.007108022999038,17.56261838582684,18.27702590789604,19.550864002971757,19.682420246030617,18.723065957383792,23.454135839277,19.83854288667398,17.487775824546766,18.258613322283516,17.692087027408434,18.884002828413696,19.701329357209513,17.555118393043823,17.304789602862407,19.564283742625715,18.024763418476226,20.133626933269284,19.540054459955893,20.5180567849497,19.939568614175744,17.81710832504614,12.457834246237294,9.979458944825558,15.605499719024602,18.093544250585985,20.684216459287153,11.176792889083616,18.155777708132963,19.835598877790353,18.6594185089909,17.56858749782705,18.34500674859792,16.924139137518,16.844581913204628,16.638940280515083,17.245873835064053,13.233683804431237,16.735236845799736,20.083278055857786,17.478734850646987,19.583482137098763,15.271291951378757,19.24378617212986,19.748973020347144,19.41405576748332,21.086824309435766,20.33463830029512,21.46315165578858,18.242621018129068,19.524712963215475,22.486068323905847,21.386099031227758,20.886671565819146,19.071942510181838,21.782096407758775,20.128412039583022,22.14591539582861,22.547475617548614,22.08529723831051,20.921595298216303,20.01419548120334,17.294772839997552,19.829565723356502,19.589661620437745,19.555597555055115,18.82455936555258,22.515764317752286,21.78607969432258,19.767644057255946,20.851576433227017
Var7,19.367279830468664,11.153027204671815,14.945371756157,12.855375367753943,15.035000451492254,16.163479373732784,14.61365239802198,0.0,16.339580836413703,20.4879442251918,18.125810168426135,19.460834696492235,19.14945760862299,19.08030282447968,19.888100498940798,15.72725959617354,20.118030572468314,17.53236587168086,21.094202760468978,20.1294475159965,20.920126539898725,19.501286200863955,20.340943703022003,21.649817316648186,20.477926991108117,19.862970310288233,21.361517558341742,20.07309581853451,20.71873350287405,19.87632554341749,17.079859574640693,19.468039614829507,19.581139554339476,19.22302445737892,19.33571114218915,21.441208453694948,18.9826593072233,19.083903268109594,18.94326741258028,20.018100092429084,19.667267356799574,19.15980014768566,18.437071700000022,17.738771972799825,18.16463133467761,18.25448487709672,19.771038175258,20.1769752382914,19.906561757913032,19.630267036365215,20.225104881982123,10.816461803387051,15.197455517126071,12.786717796594603,14.142599642440738,17.71194480413007,11.710489663288165,12.070142492636142,20.06933392087457,18.689550561750416,18.883567220667327,18.666165424733904,17.671517723978294,18.649956306509285,19.517536000731766,18.492881524989016,18.18138105411667,19.471034530898358,21.418315293741546,17.890406435461887,20.810697030680412,18.46673330720754,19.42564634083395,19.983086910639933,20.38895194294883,19.796262601448646,19.801616904897664,19.838463155274756,18.000352425269053,20.42571826344528,21.28893329472723,19.97872540314885,19.17607531381094,19.363750443232128,21.234150851943138,20.03340980661,19.7953799292302,20.96253199220835,19.867514230883515,18.843033604159377,20.373708339284793,17.74886726136259,19.309332613638905,19.0705055478458,19.036038636330264,19.419730105475367,20.718536064127957,20.984681461777598,19.363654772896084,20.349739105780873
Var8,18.391106268019275,17.17043861574689,15.366928498496227,20.747836539190658,19.98157829170719,9.162296614417876,20.844013798083097,16.339580836413703,0.0,16.14264529515194,16.174305990792828,17.83197715940606,17.913750035630308,20.510751121977073,17.336730953763123,22.272496421119012,22.086469941477404,18.928573641167606,23.345000784783565,12.471845290957218,19.82440417235308,22.359293250779135,18.956441892956104,18.383856909201505,18.34455263542997,18.323755735016828,19.06044578720251,18.116746682845616,14.432479595482555,19.570258465363533,18.81546607296952,19.76312318336436,19.21895065943998,18.25616538770597,20.06783948399789,12.219027037348067,15.52711734442239,18.847575229099885,17.402729912597945,18.787949959469515,16.75526006066482,20.60446666329929,20.484579971605207,17.728881905496483,18.93938552622103,20.262603897619254,19.56280029967784,16.402186494292582,12.039386502369782,12.991286151759066,19.44467034182031,19.627628846813522,22.1347265536363,20.264550946090104,14.343210693061751,9.936770385779015,20.97246340169253,9.503214740644792,15.74535865802355,17.446706700838437,17.20416803916915,16.365744179773092,20.4449929371926,22.82011904149372,21.406360618653228,18.28260878668385,17.216827237135796,22.49524546206711,22.301148899545087,20.305829414578767,18.381578184357135,22.183279879099874,20.222800617139736,17.42274596648498,19.179750117195752,16.608370115873385,15.433162860942714,19.256837670688032,16.756094109692373,18.299902270061263,18.79934237423599,15.401164785410362,17.42295354153201,19.08955951951724,17.37744550435603,18.814212697693772,13.263812919073443,14.587058113272763,10.784822238247843,14.740992747185745,15.09839730080301,16.915002022037605,14.68089743805056,16.370886245607245,18.42366821459118,15.235872953017626,14.878290762168985,16.090260562715873,12.080202453622173,11.620819340767055
Var9,17.42482740435057,17.77823190338839,18.747168729238872,20.690377994893808,21.79837275457434,16.011364117203044,19.616584992622222,20.4879442251918,16.14264529515194,0.0,13.040272001269022,13.502141149808866,14.939654955639956,17.2857901414582,15.333410979091775,19.4416425434107,18.094482504892653,19.461657113569274,19.748841127926408,17.333547589926667,18.10095938061217,18.887210288000066,19.09130022457733,15.897969704031222,15.546731012568857,16.62022986384972,18.983791773420684,21.421167931796727,17.902508312378114,20.02918252329599,19.449555953178333,16.174554877918716,17.76549137764999,18.804482823704358,18.66008098119497,16.720538694887566,17.32033508686785,14.754071184287927,13.248812604665916,12.280215551541787,17.355270100259926,17.844624305461398,17.854987684104433,20.71670442326948,19.82975265763809,21.40734936902496,19.070427348324273,18.895698934638283,16.031086469086336,16.51642698765678,17.04654088548159,19.672404806161772,20.31745500276494,20.49647135008794,18.463580605785417,14.801933056918315,20.68442478093173,16.858315547305928,6.912924184116329,16.034041657768373,11.864068704438752,13.75779526166422,17.07806178704526,18.85323022796233,18.978119208167893,15.601312814982435,16.90049067616572,20.0417456947643,20.269067151235834,20.618307310520503,18.85230314148883,18.485879730435595,20.73868101855814,12.072352989434068,16.229024976289725,14.183374353419516,16.732020511871408,20.65074380849328,17.429556290684175,15.3540354820141,20.007945652216854,18.416308405447257,17.311936767909888,17.40217329354369,17.146972821588886,18.274343416760175,16.985980351659027,16.6622865514137,15.790648296793236,17.70922334530684,15.596318953963701,12.223103290082468,12.14289505912454,14.769453956469963,15.90594550831965,18.149259823118214,18.396589156415185,17.741872002412848,14.888898651941078,15.683855544270825
Var10,15.175025947935936,14.871006129475557,16.491376042137265,18.271732063734976,19.059515344116974,15.89909408258542,17.155084833201602,18.125810168426135,16.174305990792828,13.040272001269022,0.0,11.041644985331118,13.566795904179388,16.896073466162655,16.10735663749722,18.11100425289453,17.512296877533995,19.73559947835728,19.31532067253875,18.729707766707683,17.665912413171704,19.491523756493173,19.859758574912732,18.219236213046283,17.23905292954137,15.48563493905971,20.669140955519318,22.925492205960968,17.733857748420444,22.436668653411328,18.638891047818177,16.746712675497722,18.848473678186533,19.542657598957685,19.76133160524338,18.82865063953232,18.27075060806252,16.917146892662903,17.892672629917136,17.938424294703573,18.710294586592873,17.850422165252628,19.11805564754676,17.446653240149143,20.032767507650995,20.823402220407385,20.503809700899808,19.191742144810878,16.640661087332226,17.646675462663353,18.07302051861886,16.278324913226562,17.745597949583434,16.39915091562497,17.525925339812606,16.170164594596248,18.520829505816177,16.069494046499553,12.120372341681199,10.795254888781617,10.67550084069243,12.916218810078979,17.49134116710588,18.659587318308905,18.611160068416485,16.134209534807876,18.018868919491368,18.755961389302893,21.528712747077666,19.844298377319554,19.23253833945897,18.42674611084962,20.69727316324078,17.94024338714941,15.88408553203375,13.77278910969147,16.71561404957877,21.879050819868393,18.54528621230965,18.54271701524412,20.737100548655754,19.762993261526876,19.657334596579222,19.396124986313158,19.42657850839275,20.655156938857747,17.708083007934732,18.370260704539675,17.797075912363233,18.6470378519038,17.580231799109498,14.968112380654276,16.686817432772653,13.758959308342364,17.650591193648058,16.10693616496125,19.301982639477266,19.33356201257331,15.316837944529597,16.51802533249592
Var11,17.266539495425477,16.553688145330053,15.915954179316051,19.18378997770932,18.603101875061974,16.559315276065767,18.84623298306771,19.460834696492235,17.83197715940606,13.502141149808866,11.041644985331118,0.0,16.609130751285175,17.23737703017321,17.00717688543161,19.257678070836633,16.236830093570234,21.14604665855588,17.146143345918908,19.344403789068405,17.559505104245048,20.456072149183193,21.216301788095166,14.993370926414132,16.404787423982974,13.18981895778603,21.439980829845098,22.702299225144397,17.716908437794366,22.144248331121016,20.334182282980375,18.94792151435639,20.648956575644796,21.00895223758671,21.205068344596107,18.36818211377569,19.79409261849628,19.564758337663648,19.095918047691296,18.250423211520104,20.70016387831297,18.94186692959613,20.778435958455727,20.608919632089734,21.300006112546253,22.926128821538377,22.56940425315023,21.54699726319056,18.60113620292096,18.83503690772446,18.86098679846089,17.914619600145283,19.66592089331018,18.09829029017505,17.990474972806233,17.66477233079192,20.49122434126847,18.145182918234056,13.40007453700805,11.570120191892064,10.83970762916555,16.345726213792094,18.979742018745906,19.38893717568824,20.219160480881364,17.73199736777084,19.464840534994426,19.222123687616378,20.69668879127889,21.59699780499746,20.038760733734627,19.311201656492862,21.00499318476392,18.545728317304167,12.402870211224105,10.359888271165874,17.23553319299501,19.761255060163567,19.339132807908626,19.15189176425756,18.011111261688484,20.492654813410578,19.325081732872807,20.731849545452636,20.33424994263133,20.747798984210185,17.913212482710012,18.084234355407894,17.76856910265388,19.24802913447963,18.943024798766274,17.010467764959863,18.433715638265745,16.362645698155244,17.239000095893886,18.92910794205406,20.26180853609622,19.46142811793442,17.339742299899534,17.723808604331076
Var12,18.17494059068689,17.538323949198595,19.041877050188994,19.746092259988586,21.1497808170601,17.707886764168624,17.530647833813756,19.14945760862299,17.913750035630308,14.939654955639956,13.566795904179388,16.609130751285175,0.0,14.503702195510709,12.58292952514689,18.71007512680325,17.100400566744643,20.6152448815085,19.130107009839957,19.754791621303355,18.003007941495362,18.450003460837625,18.8883769969457,21.19981133700157,19.903986344781888,18.430753555899518,18.921837855711168,20.350043215273814,17.449886331496074,21.121499894784893,18.73682822035414,19.383811925442924,18.338557956460374,19.61934537529574,18.718665686901726,19.769970228795554,17.752686163827583,16.73418227952731,16.678002622041102,18.09991163581695,18.76034547592348,19.690718640004736,18.7294002929579,15.261030923015234,18.128748801075083,18.839774514350534,19.88450706856055,18.374782907418524,17.168833984115498,17.580932164176392,17.845346194643188,17.59342274927809,17.828762451364128,18.61924561735555,19.460647079128794,16.943636584996803,18.522398532630863,18.56584855239044,15.651393355119115,16.373402504242048,11.858054420179512,7.929411338522672,11.555339171543515,16.12814998473128,17.178845737943515,12.778797099153154,18.014779836125843,17.599832105731217,22.020519859158203,20.13504440608879,19.225887702132354,17.239391915613687,21.31497241167458,17.744323005184388,19.088871203685695,18.90800096694121,16.702059711491994,22.32717594199122,19.518438381068975,19.88319352979042,23.01849610560212,20.51914872098293,20.181876868603148,19.332665748697824,20.641779556868045,20.541235325090625,18.945271496112003,19.051155444113196,19.60073746778837,19.482291563426667,19.29210201825409,16.973965980296803,17.54010140380641,18.716201264301834,19.525178675049123,15.062350771371408,19.783319942556442,20.77778921844813,16.030363685179907,17.740020403512293
Var13,19.06879073668923,16.730296103104017,19.279623488971694,18.124365970092537,18.05237226804254,20.522960863226892,18.12947680716411,19.08030282447968,20.510751121977073,17.2857901414582,16.896073466162655,17.23737703017321,14.503702195510709,0.0,12.283031036280502,19.25484939298756,13.548166987185338,22.605566092994927,14.403486452174704,21.86358004046578,16.866289582285255,18.200867333354815,16.659902234287806,20.24315189290579,21.21429133004926,19.72670537693948,15.425144002336213,19.54080218423734,20.3678667997995,18.451658560566724,18.25600459018367,17.831762933665726,18.510279752554272,19.09921915612273,18.58749040024732,20.867386793935847,17.56182780773608,16.53581566766698,15.688652131929734,17.970792608812122,17.094173009865617,18.517024445644097,15.954807623448318,18.172361564350055,15.631108029815955,15.151963404784501,16.42605515948463,16.625448504969953,19.890480772132666,17.80063244722038,19.011764519859565,17.820214722864577,17.51510174525152,18.440212713109986,19.297948652550314,20.087592798532672,19.63319539443067,20.211880594155954,17.977998949602107,19.323005138868325,15.667852907522416,14.702220440079499,13.052018635907706,9.460898646730971,13.342857720167855,11.494828408836442,19.6196343979893,16.54721409448278,19.828287903157687,22.26862701853833,19.43682471155997,18.89354063698629,21.170595746617973,17.16780715864078,19.39824759543094,22.169993058592855,19.892959222132394,20.514958046248832,18.740677439881267,19.067007030818182,22.561202099394816,19.84422004196749,18.248014087305265,20.308215759011553,19.066480050394222,19.509673489134197,19.661019520645425,18.708625801601602,22.33131357312024,19.24112063460845,17.862726005226612,17.707841837990628,17.364149320530064,18.276121698331597,19.413663044597357,18.32029948539179,18.770848324167623,20.603173194117403,19.82753102552182,19.46216040580245
Var14,19.556950347748458,17.625758063801428,17.36540521390572,20.375706193176537,20.291874314806915,16.64075987533078,18.302201558241084,19.888100498940798,17.336730953763123,15.333410979091775,16.10735663749722,17.00717688543161,12.58292952514689,12.283031036280502,0.0,19.17482494121749,15.437221968447137,20.356475167629583,17.315970347270277,17.410291269730937,12.6748596824945,19.005215815016186,16.5589435526273,19.15646866574697,20.785164118209945,17.96509320181552,16.18793946677596,18.132851294645125,14.8208580299885,18.688987908228434,20.167314549965663,18.768422395036698,19.552224072783968,19.534949689101406,18.82866999028973,19.080504263584313,17.03956809008213,16.478277910051375,17.01523514104389,17.988324746134268,18.7424208137844,19.836670621041826,19.044129382047757,18.335526148200216,18.269431493859987,17.349214226058585,18.578699774061743,16.60522855716962,16.709723141526066,17.233211794937215,17.562405704757353,19.08418582009108,18.30171487818239,20.43093573852725,18.465843896586037,16.250423001028388,20.601544182316363,18.568891760345803,15.81981505398075,17.505372424055903,13.345729531034866,12.899940880135373,14.464339400965486,15.440403387359387,12.886045183114662,7.495503950254889,18.733132533435544,17.10365571062203,19.68390915830322,20.866163196968575,14.24280160954466,19.03909566593432,20.472730408413682,17.32970884089356,16.916625479192273,19.606783053144287,13.221418539145475,19.50924881701548,19.674040494804544,18.25442752098176,21.75459985422308,20.90990119069108,19.5588476066518,19.716574447443,19.41317661343998,19.718178283450097,18.536619339706217,16.568913542563877,19.8974662688686,18.54968131050443,18.20173440284438,17.345096487938378,16.55595773629287,18.807064980226965,18.742785282231253,17.142524842361418,17.018098287650687,18.564813903658987,17.33307659040969,17.86396409868896
Var15,18.202911142533427,14.345383178999578,18.322202453188854,14.464661210982861,19.426410139233326,20.501724758893346,11.619395053905857,15.72725959617354,22.272496421119012,19.4416425434107,18.11100425289453,19.257678070836633,18.71007512680325,19.25484939298756,19.17482494121749,0.0,15.50586458135314,13.923870052765867,17.61639325318136,20.67145827270486,17.430340134009437,13.771037546914219,18.043167658443206,20.869592218096816,22.634981321808183,18.71012719956585,21.225521848958774,22.58190088128234,20.301661333201334,19.089736558591042,17.012981018737385,16.459687262654935,17.602509644338973,17.59059947775342,16.235662135619005,22.755598818707227,18.678635858532896,17.956795629671948,19.66820129481272,17.57782928294789,21.034373370103232,18.28516953776842,17.400361052429623,19.83071504331203,20.326998047479098,20.55775271546879,20.33785595259319,20.699609096564647,20.475674486155658,21.463537119988022,15.092444368906508,12.230845506160813,8.895359144616975,14.621832463838318,18.482511525653514,21.011199513281852,10.569498782427381,20.76312456063679,19.227142957125107,19.355189117744136,18.293011687982506,19.049966293200917,17.06790591325837,18.2356103569497,17.13650857474288,18.818269855325905,16.413640603720243,15.062048233704306,17.705271378421592,14.55919275502415,18.841529900590782,12.698713908978343,17.478730623116302,19.392951792988224,17.976784335460966,20.41932825287864,18.085922858555676,19.61263074019421,17.985225642119733,17.62762214374759,22.510433560058875,23.43848973560431,20.91372652323066,16.940372606332293,22.717161761002572,20.22829878799697,21.05740347178525,22.654526568773306,21.885682634074836,22.02518509239196,21.193699655489812,18.66982487959209,20.91177524149132,19.89701402200259,18.155258473442494,21.01741012493823,23.522659585137163,20.90022401969246,20.211691541282793,21.75731829236114
Var16,20.087804556937925,18.502622142765112,18.605870648440725,18.710156704494718,20.56611434266881,20.990613141279532,17.678749532182316,20.118030572468314,22.086469941477404,18.094482504892653,17.512296877533995,16.236830093570234,17.100400566744643,13.548166987185338,15.437221968447137,15.50586458135314,0.0,17.003542268400665,8.471463064195053,20.42146533563807,11.942621418780453,14.730610273795246,17.330706065210343,17.598159685064886,21.709681287018412,17.715983240664837,18.740257005946294,21.927711890053843,18.1416670347019,19.113053935224308,19.36718855081025,17.913489046482116,18.803753650211128,16.205788536724878,17.15983297828057,20.82387617007254,18.38564564088791,17.96865083612812,18.582577390007952,17.273501347924817,19.860476609054295,19.206671776045003,17.353726661451905,20.389892972696686,18.673604483969378,20.459615391864492,19.390098846020543,19.75559713961876,20.096642648751082,20.01035489810247,16.858165539226253,18.50225799712357,16.444342977259844,18.333325602469245,20.709905615454648,21.062186419165265,17.947180335373915,22.52072863213296,18.29040671191358,19.083169483438308,16.826285760905076,17.042382958424273,16.698295476737695,13.868012859053044,14.256400528666887,15.87782943364849,19.210961207325123,10.85461058641463,14.594334832594551,18.001760453871665,16.451198810577786,15.027909449733617,18.35543304526275,18.037002407321012,14.678537209907713,20.165903260719627,17.197934761476883,20.01420732815109,17.756506957640468,18.52735794459365,20.731637154476573,21.34155088147667,18.955266359465455,18.74658364189423,20.219147034953263,19.64195262945451,19.7467191439829,20.59265704599313,21.69795838191903,19.787698996505352,18.93566718132837,19.07018752562982,18.919430663755946,19.393802282844007,16.978187334525956,20.812382644542673,21.948120942858303,20.218368195352042,19.513370196580826,20.37340616452847
Var17,19.70854647514144,19.52653318133382,20.062413786306248,17.889906863138112,23.01073652024541,19.162416970001463,18.337455691231234,17.53236587168086,18.928573641167606,19.461657113569274,19.73559947835728,21.14604665855588,20.6152448815085,22.605566092994927,20.356475167629583,13.923870052765867,17.003542268400665,0.0,18.728101616751022,14.963101577458296,15.844835960848359,14.018023024462972,16.352851817407867,19.236076665616444,22.14297762192166,19.171585519055288,20.910580617630604,22.08584298915177,16.81541059277898,17.333898511702827,17.493626852064693,17.366500414173576,18.902735584779094,13.965299765865629,16.74452149508846,19.17545441380092,18.848322439433385,19.49069145862322,20.53191085035918,18.038908239472875,21.121364280204187,19.472787295254058,19.18451743061157,21.839263419666413,21.965333825294543,22.927017673504466,19.508359625456052,20.31627680477807,18.261710422153282,21.28693934882975,15.864115504779594,18.233353540228485,16.8219670220887,18.387451205718666,19.008834419243737,17.81074925601523,13.672154388851082,19.692345846750378,19.06929386156351,20.43848375851206,20.671931056126606,20.081656052277292,19.597334240306484,21.998573244748215,19.791833869170404,21.026827396661176,16.754639361772206,15.27302250418659,14.37235382472659,7.790802364932815,15.561330266280914,12.791403604012958,12.080271786275256,18.33850187068839,18.843420202240463,18.722141053004727,14.89640910755245,16.793570172914045,16.9544809331396,17.79524886250178,18.630643518281047,20.178435696349936,19.422800581810847,14.80465124767101,19.19370849199043,16.84002290439609,19.129268656059015,20.95891360059725,17.082526061766032,18.953711980812688,19.976859433909546,18.880584079622988,18.70985805551639,18.935494620171685,16.312721678376025,22.241816417721534,21.96788799520953,16.095013503485564,17.566564151509027,20.3575803855164
Var18,20.489885027551075,20.123892841443613,19.527599653065053,19.0275650428942,19.70061030935434,23.005865680271693,18.818129419946278,21.094202760468978,23.345000784783565,19.748841127926408,19.31532067253875,17.146143345918908,19.130107009839957,14.403486452174704,17.315970347270277,17.61639325318136,8.471463064195053,18.728101616751022,0.0,20.96739482533061,12.551555227845487,16.51163250520387,17.90791411660488,17.79832715527424,21.102748447068294,18.074931377991042,19.014954065811416,21.573368854202656,18.5892171082972,19.166606858335317,19.95686199707493,18.98682358878558,19.907706852966417,18.151362838328854,18.797676569714717,21.36930703793183,19.886980209199308,20.0728023389847,19.388463684928514,18.02413335865248,20.677733238740185,19.584186370423865,18.34840550725471,20.582730139765292,18.95419482981167,20.686425765928014,20.526449585379133,20.29005094275752,21.42449418173787,21.0399915861494,18.14652963837658,19.947148611208327,17.791407226875613,18.992516332151165,21.79551890016712,22.28209282463025,18.936440176326755,23.485316051714346,20.08498990802298,19.452309626536433,18.522159914558056,19.456793747195427,19.387061870065388,15.196870847288405,15.269017120812931,18.128989444680204,19.655745621736603,11.5698187382182,14.586799326698522,19.070864382425782,16.416224820120135,17.060506656522303,18.346230505417925,18.571131483034634,15.085566184936226,20.34658385725429,18.141657600689875,20.7046705484679,19.24156840056652,19.530802677467832,19.86329176074227,21.680468132012464,19.824212255747245,20.998276935772413,21.027107883416317,20.774511239649307,20.78358973199605,21.515048603772854,22.736879956106385,20.16164332415069,19.544930637729124,19.706610944703392,20.261466384571825,20.622600690925076,18.251072535753035,21.22092091714859,22.66263994367529,20.69730247448903,21.24638338103817,21.519116912451103
Var19,18.98585270841097,20.585246366867633,18.285832581780717,21.90890797834526,21.710640589920008,14.464194272871984,22.05238422967417,20.1294475159965,12.471845290957218,17.333547589926667,18.729707766707683,19.344403789068405,19.754791621303355,21.86358004046578,17.410291269730937,20.67145827270486,20.42146533563807,14.963101577458296,20.96739482533061,0.0,16.01476420520023,19.988283792338528,16.552995179082263,16.758215715959857,21.230571172394043,16.533232593497093,17.27348253976236,18.550440437941596,9.226236218655362,17.833342169400442,19.04490809190986,18.175067162920758,19.12884505573517,17.397417964534302,18.886476706967642,10.973767185808015,15.362053843092871,20.05753850550578,19.698559341340495,18.429482554062474,19.034677587017814,20.76123346517598,21.384343705051997,19.24590101214088,20.045392149995926,21.95078006945549,20.448167690291037,16.459584870707417,11.90744357816447,14.931918318211352,17.181572045505757,22.214623564167365,22.031944733702307,22.590229092843277,18.33104401240314,14.539953545933061,21.511380576866568,17.483808286123175,17.425770460299,18.905789686808617,18.887633094939016,18.395492552952245,22.051153955537703,24.008232577284215,20.500594700731494,19.78566761948372,17.071936588385526,20.38596101546444,19.27120460472373,17.42419365780632,13.051562370246632,20.878326116412715,16.92785706523159,17.562608037359094,17.115520400826586,16.54608474784909,11.367933505419932,17.55352206260494,17.19871901474466,16.190264216940314,17.063341559158392,18.24488379198974,17.810596614836207,19.07390715491795,18.115570556802787,18.779072873332673,13.335977774585313,15.424173093560576,10.137464517447253,16.02681718696052,17.34404100927986,18.982631756619046,16.800788122114987,18.05267798867172,17.57801257820239,16.98186466083844,16.444549459464984,13.811804580465358,13.318087094186497,13.532296245561016
Var20,20.651819478751193,19.824761616596213,18.509317661844356,19.89274500304898,21.285717581042046,19.441166990918102,19.15419117202744,20.920126539898725,19.82440417235308,18.10095938061217,17.665912413171704,17.559505104245048,18.003007941495362,16.866289582285255,12.6748596824945,17.430340134009437,11.942621418780453,15.844835960848359,12.551555227845487,16.01476420520023,0.0,18.61927223210746,18.004546066222733,17.866466028705364,21.526077397309045,17.683147595166957,18.785399126226466,21.51172747345744,13.55896151988251,18.73672986698626,21.78072593376844,18.645650391134236,20.38384511297896,18.94286201897876,20.47613259123607,19.09800458293428,18.551214581520767,18.44647082755804,19.974253912303666,18.236782834763332,21.4227560001868,20.14493917422252,20.913982437430185,20.83772409850111,21.020016839024272,21.11639194830266,21.317835060741967,19.747423737419627,17.88227472891624,19.61809850415117,16.01113792052568,20.545842850004497,18.36438570198467,20.1304246012336,20.600125479423678,18.282575922233,19.482638376048243,21.20142614810504,18.038962199025352,17.69507031334548,15.663105252453516,16.91811471322522,19.452641299444135,18.308540008259072,13.848620272195232,15.381197472186587,19.234389191929164,12.67839264470068,14.605486351087011,16.94911916092158,9.027298298884588,18.313908980137445,17.68042815770069,19.255240158496097,13.241445293705198,18.34727901353799,11.035459955651277,19.40651658838408,20.274032051129435,18.132857142885186,19.96049964221595,22.10998482175331,20.639019847172015,20.804957367309765,20.921345514296387,21.028482527853075,19.401141185769127,19.516153342416878,19.86822570324206,19.595643105812897,19.518753969335894,18.70592261686802,19.058253047174947,19.69049638767198,18.46352573478242,20.33584255317863,20.433563788043074,18.542175931001175,18.658364432885495,19.475564086010536
