,Var0,Var1,Var2,Var3,Var4,Var5,Var6,Var7,Var8,Var9,Var10,Var11,Var12,Var13,Var14,Var15,Var16,Var17,Var18,Var19,Var20,Var21,Var22,Var23,Var24,Var25,Var26,Var27,Var28,Var29,Var30,Var31,Var32,Var33,Var34,Var35,Var36,Var37,Var38,Var39,Var40,Var41,Var42,Var43,Var44,Var45,Var46,Var47,Var48,Var49,Var50,Var51,Var52,Var53,Var54,Var55,Var56,Var57,Var58,Var59,Var60,Var61,Var62,Var63,Var64,Var65,Var66,Var67,Var68,Var69,Var70,Var71,Var72,Var73,Var74,Var75,Var76,Var77,Var78,Var79,Var80,Var81,Var82,Var83,Var84,Var85,Var86,Var87,Var88,Var89,Var90,Var91,Var92,Var93,Var94,Var95,Var96,Var97,Var98,Var99
Var0,0.0,16.58981434866311,17.3617814020238,17.920490815924826,14.641252897859511,16.389158863028474,18.907995814099333,18.781561013343445,17.34192822736907,15.406214966853348,16.123478410299068,17.20894923514934,19.029972466873954,16.72292755538399,17.22305960329455,12.478344979607003,18.800546612667862,18.7918341202148,17.43633571487541,17.330491274885908,19.05421790739826,17.81139095830607,18.094033120823774,18.54963176140693,9.720946840564489,15.525185430778325,17.060371827968133,15.748875228393496,16.800181425481377,16.802879992156925,12.659409391855641,13.873363514539712,13.131001681364086,18.58897483903506,15.822429043794475,17.99081871340922,17.77791249749775,14.633670461384467,14.588286228926874,17.96972250214867,17.454943297768395,12.1928637270231,17.917983416237185,14.338536212231569,16.270017077237146,17.699781339305073,16.924378848826006,17.696377227083985,17.036453200634604,16.6745186252016,10.996146013927339,14.821411013857592,16.28919737260462,18.799027799475358,19.00077784003456,16.09170681429129,18.55001691735686,17.85821496752551,10.976067476260637,15.286300775401525,15.549560801915131,17.70367064707161,18.15856469279717,17.266127755486053,18.13330628046209,16.47702915404465,19.15287764326833,17.315422446078298,19.407738595473845,19.44951392871916,17.512223755366374,16.179500446564422,17.748516081315817,17.273948758718326,16.207308369952898,11.095402606804159,15.849580966464805,15.281442074673798,13.061510648936963,15.944876560910684,16.85906026269437,17.526056542747977,17.742366533096874,18.226820502219674,15.784029225825673,17.700013799713656,16.860646882963096,15.34609402489211,17.428048346236007,17.685905543780542,16.185472351104174,10.124452982456855,16.502081522999,12.441903929718768,17.49954098097554,12.116979234858059,16.856672656568218,18.038349937566057,15.966223789639686,15.94425548695309
Var1,16.58981434866311,0.0,16.36981829826073,13.036759764704511,13.434688708230848,14.553112177949837,13.098755847652495,15.357138017263278,12.407532138681526,15.253410531223855,18.353476916804556,17.758265960150887,19.318382195811555,16.73473190314505,16.37454497455893,14.270880540216822,19.398391867757415,12.681751210712836,15.433844796504804,13.900726383710156,17.128312134879565,16.23952688079764,16.276075662983754,18.87036998039233,16.63119183516865,15.747704242837774,14.884740545385847,17.119973105635395,15.824956534680773,16.752507939937484,17.125463866536688,14.138565636672707,16.37973165384327,12.614575932120495,13.95786494606166,12.287709906290639,13.546138813672863,15.963334077650696,13.330232538046705,13.524180274019125,15.646985719819579,16.456204915162655,15.683373629218556,15.935424533740969,14.381941319057903,17.47950143720848,14.23144845088377,14.665913511924202,16.087927422680934,14.637209222320566,16.76763641276296,10.92862560739344,12.80441546939686,13.806180752024675,15.296308408268258,17.90969566287827,17.210229312469288,16.396247980960023,16.921582442227084,18.179443788577213,18.391656388185478,19.479461710236013,18.015254074125586,18.791571233108034,18.83848258608222,16.434083492647893,16.045417361298004,19.956460584107898,15.070972154221991,16.744161889615107,17.307722814693815,17.820096137260077,17.896377333207283,16.13024078893474,19.825949101921875,16.582464521480716,15.373998638547544,16.179063669881646,16.72124138312863,16.229472526318705,16.88027689609395,16.354107015847543,16.32946240098371,14.516561026246004,16.312652911775114,14.228894670018237,12.529983588748768,16.386088259835816,14.193105867684425,15.532546038510983,14.431470165197174,17.30649963666994,14.505032467948446,16.502386723358146,17.32023907230116,17.083935779779974,18.28814483477466,16.165252986606202,15.896259698266087,15.183448288856606
Var2,17.3617814020238,16.36981829826073,0.0,16.273630002166072,17.484240218095955,14.643402048459308,15.497637570278204,12.831201872392985,14.925218464781967,15.909589073923387,15.082954528353307,15.329319681759019,14.243122715301093,14.946047949739308,15.514320042328691,17.082797706805056,14.749478180961106,14.526965198994183,15.512746227038992,17.083473891622283,17.41547324119962,14.937086506923643,14.598387450396348,14.641907591215102,18.415411947594873,16.044896661999086,15.604181658698892,14.121582467432825,16.8024812734249,16.43943318034164,15.242799481209708,16.439338719727864,16.678606730365157,16.4698459890024,15.011686557657653,15.489772870793475,16.97855298663504,17.600511912645157,16.736541115879696,14.638125840659859,16.43374965012963,18.478659667539432,14.589532748830882,16.540666147262716,15.999970644184444,16.18347608918716,17.06678433152352,16.627760123321092,16.09255125692075,17.068839714001864,17.05553028715966,16.254263160876384,15.90033634377457,15.896609456714415,12.806379505134952,13.20127631050458,14.787499189882869,14.449908491838995,17.319823270933544,17.25362741172554,17.739029223290625,15.273700121522836,16.449885558446148,16.659089741826435,16.901624716449874,15.678316542716939,14.535425766710455,15.894475978214107,16.5567773719054,16.2163365293287,16.93294271405911,15.256947741673573,15.035811505746558,16.112920865627576,14.539774542863077,17.598266956241783,15.363828703636262,14.697216791874393,16.744154832576054,13.997624268451911,16.29212400841898,17.31740941945144,15.323812747373022,16.980696463424522,14.709419830860545,16.797661971092253,17.86618522507895,11.797247455699722,16.677047195494254,15.802285246934181,16.537664296864868,15.68235174421944,15.302425127442744,17.105392030783605,15.040846943308509,16.5291892774972,16.891602032529544,16.71228667653201,16.91669126156,16.47584990806198
Var3,17.920490815924826,13.036759764704511,16.273630002166072,0.0,14.65263322406987,16.07152260841628,10.912751535133921,12.69905184233995,14.93840819756138,14.46040786913605,16.578582653392164,16.3697727643717,18.55676117858106,16.57864502076233,17.02512284440079,14.434098094581941,16.26787525397168,12.463198609161319,14.685152656088716,14.175646840242868,15.457613449412392,15.034920551418454,16.075939487370118,16.18463731307833,17.893261425442297,17.62335958391861,17.69847571130405,17.649375386203594,14.751153748435915,17.946764015455262,18.490127853388973,16.170745251064204,18.097093340906635,11.79555354766656,15.491671887322836,13.941908042345219,14.459102497847267,15.867351790031266,15.777340337966068,13.701072395334842,15.141242150451351,19.798671226859696,17.783311794487073,18.46980518914197,16.413855583064223,17.764887431557113,14.6729781101449,15.75736994683493,15.558099123794502,15.117402770167953,17.575556310627142,15.820752577451023,13.161996393435713,7.264760910862787,16.549669985450915,17.62937951864696,14.820139235686884,15.86857244071877,17.068145172136095,15.886721747528478,16.262960217139458,16.999649088859528,14.961371508720338,16.546310256032637,17.600231241875118,18.171451490885918,14.60686010284294,17.141558446727004,14.534624166808591,16.503719052775644,16.88078271130037,17.470361916286173,17.93707391522719,16.430334436073625,18.06906383163832,17.377105975345,17.407472213683036,17.357895412841305,19.43467133029366,19.271329728559913,17.99879164073657,15.667992913559575,17.29612105689565,14.70982453653848,18.097185988753903,16.670768909460175,15.122905571969284,17.420687874463653,14.682131753884768,16.89132160640821,16.465279341656956,19.207982593732144,15.324394339481909,19.423924807954645,17.492355904008775,19.610102128333292,19.127417604689015,15.440062270139506,16.37048225153932,15.693491314741092
Var4,14.641252897859511,13.434688708230848,17.484240218095955,14.65263322406987,0.0,14.27515423964958,16.179656133136724,18.17962996420613,15.274487403604864,14.593686516896447,17.499030503184358,18.32174419701885,18.7947888358965,17.20178799264596,17.031350272150863,14.066564629315126,17.246886538186175,14.766043214142329,17.012989240975678,13.97967058756265,17.333204025563077,18.05206283441248,17.40577396128256,18.964865005164622,15.866452448469971,19.12787272906646,15.340853333115426,18.637284472289384,16.196748792071002,20.93054645357138,15.013297496894358,12.39482756987036,14.828917025503785,15.194454933867751,15.873577507567685,14.80427082179291,14.446157857749576,12.478300178494194,12.595447482422832,14.341380423895828,13.663575707824188,17.29827573785759,14.791794032898128,15.270475412713207,13.687098998749791,17.69852724116754,15.499582930154148,14.991400548432992,16.918147522954335,13.563223242253882,15.692796953903041,15.945470364316968,16.612450078406205,14.73032315974363,14.11862460664463,16.644075170058095,17.407147367159343,17.00683712261353,14.073784619153175,18.89286351824613,18.962614917664215,16.91600171634714,17.860949309436783,16.39222829705073,16.489108469051647,16.75639619576526,16.41575250619772,18.047048242136523,17.523380570212822,18.07059840114453,18.283006851708887,19.336390774065084,19.877481701851558,12.324950436009475,19.581183884631802,17.363558872623535,17.501354869858556,18.857185850396835,15.51492182529898,14.312896958315376,17.68821964542141,13.591090413476902,16.44994915606779,17.788488861938227,15.609645102225178,16.000019395315157,14.381425766867915,17.750995414247736,14.791560393415532,14.946597514004994,13.634023163576053,13.784562848499636,13.299450675744174,14.383634116389588,16.1786182778178,14.536608549921414,17.75735754063512,16.02551411718467,16.5437053812832,15.495658389764728
Var5,16.389158863028474,14.553112177949837,14.643402048459308,16.07152260841628,14.27515423964958,0.0,12.717626350273042,16.379131970527258,11.62580284395993,13.723164509963883,14.694490542051248,17.046365482250895,15.647728348594404,16.868659557936812,15.584695616117395,14.413052152817047,16.85424812361248,14.653099742469593,17.146275407727554,14.480460570601508,16.13604478386066,19.14919306019398,16.890022404348795,20.01205252100846,17.90774183399123,18.070647843251937,15.717567443874414,17.460591674789054,16.55375960176412,19.11188746922265,17.584990784423844,14.630758908009017,16.203550032322205,17.14052832629461,16.50203987354956,14.385570483663768,16.745497563662127,15.766246666494585,12.464745228429663,11.185100843593208,13.505577200324351,17.680400857720702,15.660587346631004,14.136937518464796,14.034408276963168,13.412838024662227,15.461756149586419,10.245207301367698,11.08946608060777,11.969568134856383,17.074612598368123,14.668142244372762,15.166642082036892,15.057539750410013,9.728993788000796,10.534649450382188,15.252811111391708,13.384010343541487,13.907125207197812,15.651284200740275,17.242261164690085,15.367979120795397,14.845830760410719,13.238497758315425,16.439207976133478,13.524916550220095,13.180568408098805,17.11841778408035,18.71135754983683,17.25482482090904,17.376625442732593,20.35379148551138,17.437514989365102,11.600167895014033,19.773427672617164,18.505940056067125,18.89442839054004,17.960961812233503,17.518890252163683,16.105854001213714,20.05625350952603,16.91020925402046,16.600569636040333,18.409390584237038,17.39673279897207,18.60499504830029,18.1902850677029,16.927442687532317,17.423678474585035,16.503058702219366,14.42098379634819,15.33574668941109,11.385151610138854,18.202882266904236,17.11222603105476,17.26205439128446,16.322301389496776,17.168452817738196,12.470938715032444,15.818570062756718
Var6,18.907995814099333,13.098755847652495,15.497637570278204,10.912751535133921,16.179656133136724,12.717626350273042,0.0,12.38882105911459,12.24049473965602,15.957392305471108,16.11149990894013,17.0400701467954,16.502172696917157,17.876609733518773,17.368725304760364,13.751952182916785,16.42285556833902,11.504223633287772,15.546243961421313,13.13459106626149,14.076420920624566,15.978550743476566,16.270336234750705,17.12729572108957,18.93602936227311,18.409051791417067,15.591712853322457,16.95035438947023,14.265184260462405,18.333570702258225,19.205587914149746,15.807813792354434,17.743664549471152,14.074273441895416,15.162349060065527,13.34650121179327,15.930902460194782,15.387255810847742,15.667971793307931,12.54604226534255,13.984479722655628,19.616894492130236,16.4984874945566,17.515573639410245,15.300359586555102,15.842172481177014,14.60130389639475,13.916851598536965,14.866171941765847,14.065040819024022,18.363600958280863,14.615724135329176,11.937825138075809,11.918951966975886,14.502408621252705,15.356221687247936,12.51076108945392,13.628622507356893,18.592252074592267,15.93706072119326,17.81395392278554,16.678695962457493,14.648455790677717,14.906688669164849,17.15794477925733,17.938695624275883,10.513112245525464,15.64058101729589,14.504111208428931,14.85087164388695,16.552854025431923,17.39764864351434,17.927865168436867,15.96739918629714,19.067332166418684,19.182190869667963,17.11263867366084,17.7025785839226,19.00224090869064,17.391538868013697,18.110580050951057,15.01188057555971,16.821424826568407,15.036330861770342,16.91613099986709,15.205805521446056,16.153700224308334,16.72675175376151,14.323768205938872,14.59789801957825,16.83321390339952,18.929119098459964,13.594225949388044,19.958593993938017,17.84881589299789,18.866000941778736,17.040755483297644,14.237056411161717,14.6693188125218,14.360597469280634
Var7,18.781561013343445,15.357138017263278,12.831201872392985,12.69905184233995,18.17962996420613,16.379131970527258,12.38882105911459,0.0,11.46084959737492,16.36276054394633,15.43822392516911,14.135699639514185,14.896274200342122,14.419419398124546,15.079573340874315,17.82191818610075,15.361664729880339,10.905209613151039,13.69461910516164,16.81580027889652,15.119191860287996,13.623347948384708,12.773505529865993,11.854654391602098,18.549046723245635,15.491194949348857,18.22480358449244,15.642511675757046,15.756447018748748,14.961160763241429,16.926658409260998,17.238658507161738,19.3129396185499,13.783692849060449,17.13745863401913,15.573465218119276,17.42575909974552,17.89347037221484,18.315009436594995,15.812367072401274,17.550296609983402,18.63708611266059,16.026998125577,19.09406613169262,19.13369628961721,17.456598059828323,18.08927433818501,17.635178069338185,18.089403518157656,19.186121228628384,18.529360087563035,15.764293805068148,12.965716978471624,12.144270775412252,14.215529748893417,14.741503347598513,10.010613049621337,11.359924754246805,18.489253310600546,15.085640444840639,16.5103798236634,15.649199536182834,14.826605148536428,16.82552464814009,15.850974664050714,16.553055384225903,14.750429526790878,15.461884929351054,14.297759715618872,11.737759980165807,13.478114154881327,14.549854633579834,13.400103926387382,17.99580118648478,14.003688053608574,16.74428326742535,16.19795081912271,13.95325416154535,18.4127812502827,17.957965247819832,14.989664881513352,18.195533976261135,16.528579909517024,15.271219667177554,16.91855697863148,16.96797919333542,17.3272239869165,15.404503861441441,15.985715131932453,15.295356404978705,17.551925607279998,17.89436674766863,16.96282512711211,18.697494241465,15.798044066046623,19.971528667627023,18.23250780064173,18.171446206295748,17.850234187990566,18.070497871823385
Var8,17.34192822736907,12.407532138681526,14.925218464781967,14.93840819756138,15.274487403604864,11.62580284395993,12.24049473965602,11.46084959737492,0.0,15.38329260728789,17.268239057411588,17.044289371469937,15.378276810256315,15.258659601186507,16.0797867978536,15.082429011951435,17.06367562913713,11.50731903229827,14.408778219177783,16.554073595932298,15.822865051180088,17.729124825895376,14.9384070155855,17.569729897870367,17.144651426683406,17.41393398448653,16.926734248136317,18.612691631913457,17.181342751017414,16.937348000550394,17.15247894101487,15.448570665253365,17.801414340821754,14.897666164574169,17.226544044987964,14.210000902383397,16.4612004725013,15.581629291064395,14.790817784092049,14.085239627202093,15.232681898556267,17.381841670735486,14.70072693153504,18.10265154426756,16.726696380921606,16.75267498817903,15.739853899062659,13.526054124315436,17.070890982290504,14.515500163797071,17.842544187349297,13.209540742510157,13.510992609964513,15.324212152154436,11.299285776989912,12.768156481396344,12.468781781600422,8.913716124062342,16.830531366138842,16.79398362488277,18.44334155268824,15.887604980091961,13.483053838819421,14.999578272910663,15.920953546111928,15.54842838018606,15.59680990589498,15.71534880301264,14.838568234158274,14.02078388619191,16.609507062860256,17.734937979018873,15.97370311785641,14.994602738768041,18.814585744294103,17.51225536860376,17.6575061188635,16.37198863584439,17.669100276907788,17.468816647153872,16.805911730807424,16.840630916380015,16.107113054645744,16.50580221239885,17.020849016163393,15.23308516468931,15.476000296213593,17.62204639445438,15.765314450830743,14.174494601034038,15.540966982872066,15.633729624629053,12.833090739995155,16.552462289714228,16.327129234143566,18.768948752395175,16.859751751098663,17.341418063809876,15.428456036765374,14.758714419698975
Var9,15.406214966853348,15.253410531223855,15.909589073923387,14.46040786913605,14.593686516896447,13.723164509963883,15.957392305471108,16.36276054394633,15.38329260728789,0.0,10.940952791821292,10.026086539098689,15.349284604901307,12.39042837713265,11.476912797960129,13.72774291056025,14.57051938999432,17.09449983218631,13.970666608453529,17.241597902835956,17.56698199218291,18.438735870324354,16.66530072717883,17.379871734533282,15.097332759915533,15.026490835795553,13.982296929481961,13.902350594691601,16.895176737396245,15.498135140025159,16.667710076889094,16.16944941348585,15.100154397450781,17.117454266529283,15.493458446778666,17.15638790216073,14.625133966062453,15.508117589160085,13.199693551068933,12.223126386363301,17.98016918586589,15.617162160173923,16.97990507703211,12.45855209643556,13.71151100203825,16.496295742861868,18.738473996255568,15.822451046840966,16.62413700429536,16.635738477089316,16.034628234015937,15.453478937358241,14.879264962995423,14.359388014108077,16.568408152122185,16.654205845186343,16.594338241680173,14.817366017325629,9.291939218853534,12.559878238212827,12.403703001431136,14.628491113837857,13.763157780592847,13.342460784554248,16.18040661957603,13.756846616065248,17.525306041116497,16.75904206183522,18.724541262424058,19.79056467782641,18.56562813584885,18.267360250527855,17.991497145853256,13.08027478803179,16.914853220123398,13.954134940456415,15.3843520471357,13.453830871247629,16.3272509383274,17.88197813426134,18.022720508344538,18.155385712856464,14.939786757141423,16.285996172668465,15.168247996192504,19.614320131248775,15.204778632525091,15.49235301680893,17.26551111902692,17.826804429367517,15.793720164754017,16.010360890916214,10.809065567879456,17.02833164844935,16.07127604460252,14.996146144917764,18.52547620523832,19.41336479164921,18.377732218484855,17.24870910012977
Var10,16.123478410299068,18.353476916804556,15.082954528353307,16.578582653392164,17.499030503184358,14.694490542051248,16.11149990894013,15.43822392516911,17.268239057411588,10.940952791821292,0.0,9.746057206312413,13.772131650076863,12.321738088189257,11.48735533365927,15.666172817687361,13.345548194945346,17.208686457682525,15.341147365109565,18.5169108043049,16.05287447349303,16.846802923243075,15.901371685689078,15.399096434560839,15.455408534170017,13.864019625075386,16.587226191840287,14.288764555062956,16.95021913871788,14.949589537268658,16.870243960770207,16.21623096466458,17.06612083547668,17.623146976126343,15.971545388906137,18.75785128460064,17.693503240672573,16.100048665557157,15.869538722709958,14.350561337763525,18.109615866883235,15.803461661630742,18.067955255894287,13.104742112663322,16.943050364802044,14.354217689945099,18.33133211745751,15.620613709298413,15.56396226851492,19.087574369595455,15.004253393303593,17.07666576788382,16.434148492558563,15.133086648673386,15.944840714124668,15.512243076886454,13.928200058736294,15.07212442875812,11.803762259312084,10.491432223574515,11.860895549112756,13.731994426241988,13.400991915728255,12.949406782595227,15.047508851544766,13.229560891865113,16.91659511850875,15.25693763578789,18.085496547780405,16.955699603217948,16.183781867194345,16.691466344041267,15.350915048985433,15.403629685160661,14.612954142922296,15.450542152204479,17.043572882492306,14.402502074464028,15.264864695518021,16.337177207435502,18.754047242782168,19.556260779426374,16.365837926160847,17.65896437537305,16.960313282999888,20.46895957981413,18.95814939375011,15.755898739320617,19.55455125511175,19.20168944848206,17.240418214911752,16.809984719671505,14.758551119636609,18.26484979885471,16.96607521533058,15.762914428387841,17.49047963506773,19.97253542329816,18.53735796147859,20.228969821328434
Var11,17.20894923514934,17.758265960150887,15.329319681759019,16.3697727643717,18.32174419701885,17.046365482250895,17.0400701467954,14.135699639514185,17.044289371469937,10.026086539098689,9.746057206312413,0.0,13.090319872692938,10.75957766463789,10.542537553629764,16.606009366797057,12.595563039540233,17.091308561949454,12.380162275488741,18.214978806912946,15.11823102614385,17.22733998634616,15.840118183365819,13.25799852716185,17.34928124779481,11.87053331508992,14.940928242303553,13.958566804110989,17.272404302280133,13.130909631746421,17.367162809875172,18.065293003830377,17.04283068286808,17.684968318312098,15.514895750556223,18.745212064447607,16.987924352058496,18.060235535937913,16.8440266603566,15.312136314373385,20.37422475674421,15.72733100931508,16.27114456933735,14.270060550451975,15.966479013954416,16.25603060697799,20.62490941451364,17.565010138060693,18.571466071822613,19.844504747528116,18.09754648270849,16.761323193649982,15.057817340625062,15.252269842565717,17.579003632749963,16.959886330276046,13.957420034474747,14.002913160038068,13.855246382888765,10.011270300500307,10.196335249874048,13.416162734791342,13.269640452283157,13.753952119698221,14.272742082983598,13.088653064632796,18.42341043127428,14.715935262822944,17.491230074857814,17.431402045307753,14.954304209390756,16.72206999985916,15.694315146919038,15.759812852313377,13.361691441450894,14.486337420036481,14.659256150766604,11.555782375754077,15.119599228900201,17.304105075184097,16.140161193984007,19.75207988241217,13.916857966016524,14.828160159240095,15.512334784785327,20.145742849645334,16.99045750669906,15.1501246711922,18.7114771012912,18.356800304097913,18.377108791361916,17.529128096873098,14.623600631925306,17.48284038594807,15.368442681238893,16.384875494604195,16.93341776646949,20.91857086641832,20.001156577865594,19.405663539308055
Var12,19.029972466873954,19.318382195811555,14.243122715301093,18.55676117858106,18.7947888358965,15.647728348594404,16.502172696917157,14.896274200342122,15.378276810256315,15.349284604901307,13.772131650076863,13.090319872692938,0.0,13.499438604099288,12.962964045927636,16.750804295477074,9.002314866571217,16.204063833011453,16.044209739796525,18.99415484780792,15.53570100911226,16.956018163618502,16.297159717869295,13.192702068183149,18.532725092107274,16.278510420974072,14.287040455741248,16.006739673103105,16.101986798720073,14.238518024584748,17.816486281456076,17.274486713158392,17.682817605727273,18.108153299245906,16.666159758384,18.187214630737188,17.950154161702827,17.321124010960506,17.661033290824257,15.412758129868818,16.521283888925236,17.46605604205816,16.252778546382146,15.86884226809511,17.378254934992015,14.82750076644449,18.51586799652765,15.66056384148024,16.68041523189759,17.627604593912864,17.631338108864703,16.74135898741747,16.83601557845384,17.092224316158315,13.865641025212307,14.80152854429116,12.739836015416477,12.476910900417924,16.7482485042333,14.182351672969764,16.722146582493313,8.917912207338373,12.290096028072636,12.803084076408748,14.296101865169762,12.914448456004047,16.013373831014537,12.077427795458817,17.025329633413328,15.711880587075212,16.712557144679558,16.67037486690233,15.52173810529484,14.59450361641753,14.823413675391375,18.25760614138204,16.31502620459385,16.41894570822823,16.131438586283352,15.163192667699482,17.069267673834116,18.130237571050777,14.997392358581381,17.519978150866955,16.37570945910261,18.013901401388196,18.439646238189866,16.310027428693804,18.72203258067965,16.33940408554308,17.18560755112595,16.73421470886601,14.697458153267227,16.93522501504028,15.307629252370068,16.87664299780524,15.504558460398057,17.844804735888577,17.901350235116034,17.899887689788695
Var13,16.72292755538399,16.73473190314505,14.946047949739308,16.57864502076233,17.20178799264596,16.868659557936812,17.876609733518773,14.419419398124546,15.258659601186507,12.39042837713265,12.321738088189257,10.75957766463789,13.499438604099288,0.0,7.260190068352426,18.015091061761808,13.310981994041285,15.81869922661844,10.878603278069807,19.285837809517925,14.114210825316643,16.82232862108954,12.448700785652798,16.167687017595124,17.875403069012098,14.380441390301389,15.3429649401182,16.52045499774276,17.883439898329886,11.805187110576671,18.581199284609323,17.341197975607056,18.99176103173066,15.88203528547939,16.04311740367906,18.246873007074164,17.79543674465452,17.305340877683008,17.2885051199945,15.684553424858574,19.645168131806457,16.584206252288144,15.09722496357772,15.073392606779949,16.16043605480736,17.24837046537492,18.2292802035692,16.432372787253268,18.760134476010624,19.18839145860994,17.09112279977864,15.184548692314237,17.238241064123187,16.700525313371852,16.00585040992878,17.566237421118995,14.396785859929311,13.883906002886516,14.455993080791927,13.266050233547944,14.05331199254259,13.22048068478881,11.922831208215769,11.789897524242825,12.42746286949706,10.543283243782305,19.89490053230466,14.662831878918308,17.401706348429133,17.36606522150422,15.848036222532244,16.071632486796215,13.096983155622036,15.823218287468332,16.123704979100328,15.602129914189712,16.91600390046604,12.342138718347272,14.390501648058702,15.918536612355824,18.590190270220567,20.168853292452436,13.23050398466812,16.236581918428957,16.1916335021411,19.261567283238957,17.109517680043368,16.100451788311272,19.310939294653366,19.858593446662532,17.00861149194329,15.899649312232464,14.257985916781326,16.27754670629556,14.272430036562442,17.129941970651466,18.800742016648215,20.145385969563126,20.196250032173822,20.027574147670315
Var14,17.22305960329455,16.37454497455893,15.514320042328691,17.02512284440079,17.031350272150863,15.584695616117395,17.368725304760364,15.079573340874315,16.0797867978536,11.476912797960129,11.48735533365927,10.542537553629764,12.962964045927636,7.260190068352426,0.0,17.63015049089866,14.463918542169313,15.900243947939925,13.773633519622985,18.801973932791796,14.631050695057288,17.217191153162,13.470595642158514,16.51495941235342,17.884514503780125,14.066960911299265,15.736067726972438,15.366262632659383,17.35667846605115,11.313920226513572,18.937454629964947,17.043607036898788,18.517492269170987,16.55424802391887,16.671309165047305,18.444288047595403,17.478090846654418,16.600899356998553,16.068730366867335,13.309201177155758,18.717216554720128,17.08010272687495,17.041718500346555,13.255888351486291,16.353225857974223,15.833242902789028,19.118860503963422,16.453787402060634,16.753184234601797,19.02609408923404,17.074736924796717,15.710932866788301,17.57597055578862,15.959892882828495,15.443538330025131,17.217644687367493,15.31502474756377,14.54169838367558,14.040401903998461,13.19002676309508,13.26210176570025,12.86157320334868,14.232383280655734,13.446568389779305,12.488054981192343,7.556147867797666,18.639201678578445,16.704317041516695,18.54421941055998,17.888460568387693,15.436788868816265,17.598554456845417,14.546514202789194,14.029042460782664,16.444693766045916,16.826752236517972,16.753707127307596,13.000334921699443,14.589819064862795,16.06291744578819,18.99609330972361,20.351462699262992,13.746129662039538,16.130199689695147,16.435320587231118,20.072082846594125,17.59107483284982,16.642047116384536,19.026426058372326,19.7898816627726,16.3606757113948,17.096225421412537,14.091284150079645,17.54869224742822,15.62635058915814,16.779250472640857,18.217411767232715,20.28288614955415,19.16027031996586,20.24902899306649
Var15,12.478344979607003,14.270880540216822,17.082797706805056,14.434098094581941,14.066564629315126,14.413052152817047,13.751952182916785,17.82191818610075,15.082429011951435,13.72774291056025,15.666172817687361,16.606009366797057,16.750804295477074,18.015091061761808,17.63015049089866,0.0,16.109332996609048,16.436116283416876,17.72422539739217,14.4571559928375,18.49938641791272,17.555382209804478,18.228651429494047,18.25382117028166,13.23954974457069,16.272895536929443,15.039873051024848,16.819745853643514,15.445144159822759,18.013064375850664,15.786119777120325,13.37784453881515,13.546153004310076,16.812819688090013,14.03940993824283,15.954320433727917,16.016656644801643,11.829713650117219,12.645183247384486,13.830974624189412,14.736478327410476,15.832846395413071,17.82704154147596,15.666672292144185,14.416785545478904,16.7073852700455,14.024081006050443,14.870589060943914,15.21338673044477,12.91431606420227,13.407020603170713,13.855954156423493,13.940838969985766,15.130554093428795,17.52806615574946,16.306019328038992,17.536338560148916,16.00423027119948,13.580117265575948,15.062692727751564,16.65644972697319,16.55197433502781,15.831760551151262,15.446148875829815,18.230744570966163,17.32456334409827,15.904936163869957,16.640058303415532,17.522619444839584,19.08202127818989,18.884350548551854,17.35488861193648,19.994384226765174,15.417098517749727,19.54602189857134,15.51501296480957,15.446963557124596,18.09511981075918,16.26275231289017,17.032926796403007,17.87967071140832,14.665792620953395,16.66556606370086,16.565335236513842,16.3856617908058,16.258373679834058,15.07921275683971,17.208536944188047,15.624076713428959,15.94994757261207,14.822235729235828,14.874921304303195,13.083743904676277,15.901811957835507,17.199141453709654,13.936976840879467,16.36070164454675,14.705506253913166,14.271242741232822,12.932318225301671
Var16,18.800546612667862,19.398391867757415,14.749478180961106,16.26787525397168,17.246886538186175,16.85424812361248,16.42285556833902,15.361664729880339,17.06367562913713,14.57051938999432,13.345548194945346,12.595563039540233,9.002314866571217,13.310981994041285,14.463918542169313,16.109332996609048,0.0,15.982178835206655,13.331671698964255,18.051181682998923,16.305577110819964,15.868909805484806,15.80153880202414,12.16283795399458,18.762471471892734,16.65553316093325,14.294967593963072,16.7300925483145,14.624275436310338,16.067740720657472,17.712703699896576,16.107582048184014,16.57215815176469,15.944898784472905,14.44005079903381,16.678779125804336,16.41452420994168,16.73032709575244,16.99832815614446,16.086586920225653,15.672125999457045,17.743576555759557,15.039133158306695,16.94728612251662,16.067958672416005,16.189445727763662,17.528177359143804,15.778459112245383,17.59665012767553,17.381499901726023,18.340416332501988,18.610978693195296,15.716790559918506,15.329966586604145,15.802366679637997,17.2716998075318,13.60606320269492,14.386753132008883,16.409050891005766,13.760442188026397,15.430086014195307,9.209918973069264,12.181942921827963,11.572170368006029,14.787161551761287,15.439307588946024,16.825501515524202,10.344908259932767,15.890842176747523,16.5587265895081,17.241317704376236,15.98531431368174,17.04525174903631,15.082327422885834,14.833088584866074,17.425635966477238,15.92001033715081,17.01119030553698,16.693950696514815,16.208147191415236,16.578189067205336,15.988553799429857,14.795728540820269,16.430265712451195,16.76732777226816,18.136361141533555,17.126315290567636,16.191876430612602,17.836494168320446,16.33887158471854,18.675520486595165,16.800719996198275,14.17651844722382,17.6091229562772,15.205714349445591,16.946486165494775,16.58141308649173,17.363460159635807,18.63398947552989,17.625159180872085
Var17,18.7918341202148,12.681751210712836,14.526965198994183,12.463198609161319,14.766043214142329,14.653099742469593,11.504223633287772,10.905209613151039,11.50731903229827,17.09449983218631,17.208686457682525,17.091308561949454,16.204063833011453,15.81869922661844,15.900243947939925,16.436116283416876,15.982178835206655,0.0,13.869299038230626,12.463309833806095,14.907639054164921,13.323746120365488,13.616254044033644,14.93959856360244,19.4080857368861,17.32201571671939,17.083378996943086,17.92426754040552,14.516607391766097,17.06319764112578,17.708024903594143,15.785478832211993,19.228788693515796,8.860419641589482,15.271673859793092,9.850160336368656,14.857444273846289,17.13514262704079,16.57667662915791,14.238332183266964,14.390201900297976,20.558226738331072,15.451411880457671,18.052176400113918,16.60883121730134,18.46175232541384,15.358997392523126,15.972485167285091,15.9464946584917,15.57887247823144,18.418497257135446,15.612905783737077,13.287727375564483,12.044101131066784,12.909414040912067,16.380949124355368,12.582716684824602,14.694013563506456,18.932337558248545,17.14143214620631,18.45053226879848,15.610089963419082,15.916714222126634,17.124453404479535,15.565294931706415,16.966801022920396,13.848135149957459,16.652825394220418,11.594732133713702,11.559283144956616,15.018592028731094,16.181264602288895,15.42928369749594,15.876864680249534,17.214814749205885,18.069395712271543,16.377162277512557,16.563579424905043,17.409234032950835,16.274973877891927,15.60988437214159,14.412232844911738,17.254553859833123,14.61860265125233,17.073233714157492,14.102176851012462,14.675706464181332,16.35178195136177,12.371439265298005,13.417466272252861,14.239281859735659,18.131553802977617,15.695734937725467,19.212668043284403,17.59137795093371,18.544580481431478,19.200361853809202,15.296754987300412,15.618714302765593,15.787556389297292
Var18,17.43633571487541,15.433844796504804,15.512746227038992,14.685152656088716,17.012989240975678,17.146275407727554,15.546243961421313,13.69461910516164,14.408778219177783,13.970666608453529,15.341147365109565,12.380162275488741,16.044209739796525,10.878603278069807,13.773633519622985,17.72422539739217,13.331671698964255,13.869299038230626,0.0,17.101109182376405,14.073321678263508,16.475303742449118,15.246742715257485,15.64206255078484,18.755624176534045,16.77725501262363,15.15877512537487,16.87703267861475,16.48496522312063,14.635241499424573,18.423594030575135,16.92179755930046,16.792717417238876,12.606455782706497,13.999759023819596,15.718648445397946,16.019452017373457,17.325243186469653,16.779261884214456,16.3511112773241,17.83282472942214,17.382177581522367,13.551596543230914,17.114326411043834,14.55613446196941,17.803930781819535,18.12455402037069,16.64513260104061,19.404364633123727,17.401698007675613,19.08118692404081,16.306004796357453,14.237969910529673,15.693118104486194,17.061652968070895,18.166649986406586,14.485711613117667,13.771141111731303,16.66297051456978,13.766201270117058,14.601826192379852,14.545534060465997,13.23467382265069,13.431745823130143,14.822951407235779,15.761082261030301,18.72057722568501,12.915123409640133,13.771289337341221,16.09008857140269,16.294061964794302,16.348077086957627,15.523197284744903,17.533283886960202,15.889006263097254,16.07755959515061,15.909243612915713,12.022623530939331,16.493326364697648,18.0613208258361,16.12601181588009,17.062011275596237,14.188366745518017,13.550188809132656,16.679747517594947,17.21364454086618,15.012681240860333,15.362944568075847,16.419011666394752,17.234079027936467,18.88292656687481,17.28638178223121,14.848920641542062,17.221603188478255,16.33324017939407,18.08790858173241,17.207560275357643,18.631424879065865,19.124222479465654,16.703287742641898
Var19,17.330491274885908,13.900726383710156,17.083473891622283,14.175646840242868,13.97967058756265,14.480460570601508,13.13459106626149,16.81580027889652,16.554073595932298,17.241597902835956,18.5169108043049,18.214978806912946,18.99415484780792,19.285837809517925,18.801973932791796,14.4571559928375,18.051181682998923,12.463309833806095,17.101109182376405,0.0,15.732778987816873,15.438346064857296,15.577978936848876,17.59272543459644,18.839913140338346,17.614172623596335,15.679824289605083,16.822491381698526,12.904793999059777,20.123972788210835,16.351678524812133,15.900592109339524,16.88517050811935,13.194530871287537,14.702423735252555,9.383931874518474,13.982200976727642,17.461211711186145,15.452557413172066,15.902845613170348,14.916273421172288,19.69011683200065,15.161038959874547,15.924582174184277,14.019467936073752,18.848295693099065,15.357738732001579,15.45577423622886,14.62567602720372,13.168617155976428,17.909473765663364,16.742254398098233,13.980240210176515,13.877701253157754,16.49039025145806,17.61371566190547,17.71902413279709,19.289163760858383,17.713655883148277,17.86544653729225,17.869548101291137,18.893570152191135,18.15843900478667,17.35992026694251,16.906636757622383,18.864159882598756,13.640318787544206,18.586395411653623,14.407694854218585,15.036779050445093,14.541456814838167,17.520131584965654,17.2251297689494,15.91319961867162,18.738764870988447,17.143062591740865,14.83395257111951,17.541234614478466,18.467469498466205,16.029057604774803,15.821156180581495,11.257503429937863,17.768646465776413,15.96478800409625,16.262085796916836,15.095661351112836,13.72320821008598,15.605004599867163,9.967607796956173,14.037991447172368,14.739503929931896,17.38281101096226,15.900281188323307,18.923677709514156,17.790324149246718,16.23485408220941,18.42110821962731,11.433848674130159,13.709702626975568,13.871612967104467
Var20,19.05421790739826,17.128312134879565,17.41547324119962,15.457613449412392,17.333204025563077,16.13604478386066,14.076420920624566,15.119191860287996,15.822865051180088,17.56698199218291,16.05287447349303,15.11823102614385,15.53570100911226,14.114210825316643,14.631050695057288,18.49938641791272,16.305577110819964,14.907639054164921,14.073321678263508,15.732778987816873,0.0,17.895905062477645,14.135297010569838,17.35109973158063,19.753116011281328,17.907388593399183,18.16911685069477,19.64577747219934,18.441665367938057,16.30736025717189,21.086086242974694,18.0550341601734,20.71864302637783,16.464285499416075,16.9447549823335,17.607356602076198,19.081378992781325,16.7370977603731,18.00355090382761,15.319461994833231,18.24224513634279,19.391604698722784,15.284107927087089,17.473074714247677,16.77743231888767,15.846994108250263,16.916956359213028,15.703075253843688,18.087082814159594,17.95543194438328,19.02235253763942,16.31925193968501,17.880826960953183,16.463067912731873,15.842383509830258,15.843731888196336,13.383430825803549,14.817612710988634,18.65497032806873,15.181315821360082,16.477920916584413,15.034051423988982,13.462255088234816,12.841492770203399,9.844826979952078,14.658573548044764,16.922673118012987,14.817877230397237,14.927196913214955,14.153090718017243,11.425342046124305,17.940695274275164,14.508758650045753,16.467495014658343,18.259333720113915,19.50281981713392,20.148408093532083,16.901153791517416,17.439034909817074,16.8379790712255,19.911923696449268,18.246801715774144,15.243227877820848,15.974399735083255,19.604393920891038,17.661225558094895,18.788702657177485,19.562890495393,18.32634974403393,19.54185861643741,18.459789196615375,18.84465606294548,16.34706020223852,18.231432027943782,16.013634599400493,19.407535952826958,15.789558794375179,17.944239500711934,18.56950402625639,19.04727262428693
