Var0,Var1,Var2,Var3,Var4,Var5,Var6,Var7,Var8,Var9,Var10,Var11,Var12,Var13,Var14,Var15,Var16,Var17,Var18,Var19,Var20,Var21,Var22,Var23,Var24,Var25,Var26,Var27,Var28,Var29,Var30,Var31,Var32,Var33,Var34,Var35,Var36,Var37,Var38,Var39,Var40,Var41,Var42,Var43,Var44,Var45,Var46,Var47,Var48,Var49,Var50,Var51,Var52,Var53,Var54,Var55,Var56,Var57,Var58,Var59,Var60,Var61,Var62,Var63,Var64,Var65,Var66,Var67,Var68,Var69,Var70,Var71,Var72,Var73,Var74,Var75,Var76,Var77,Var78,Var79,Var80,Var81,Var82,Var83,Var84,Var85,Var86,Var87,Var88,Var89,Var90,Var91,Var92,Var93,Var94,Var95,Var96,Var97,Var98,Var99
0.0,16.737022207579724,17.681337246300934,16.84486980305242,19.434422268777418,18.0872313616035,15.848337568814864,18.61983472615512,18.93333614190598,12.195020953687866,15.823358948789878,17.943455920652386,19.27788639326625,16.97793430903927,16.35577293709197,11.86611892452892,17.853553967265306,16.569173176915516,16.63846616698989,14.463302501968062,15.10998358104522,17.841642441926762,17.706220470698792,18.33173513373237,15.621986018105662,18.75446279435465,16.590394104137662,18.26041561616592,16.57100666315355,17.3834736719789,13.282838788734423,12.9769096162741,11.768589403256168,17.2510761043213,18.75814121863297,16.365462264657108,19.43405628956762,14.79642463613281,12.257898157606087,15.555135724214711,17.987236462101745,16.2339520530158,18.940470231759388,17.476948088837545,19.31809696923064,19.006679776326216,20.156792847691005,17.219025211161433,16.219829606377477,18.306818035819685,16.93687960820194,17.604585151177147,17.13581154328223,18.44285989114268,18.52529458439385,18.55483339049432,17.44664427597759,18.71165217839024,18.0970795051407,17.032913546587466,18.1663889821106,17.800375713851732,18.92949647254808,12.806383768494662,14.853008643501555,15.882477253266122,16.47676716079824,18.79442307077129,15.520083523081292,15.637579689633696,12.04492421468948,18.43942494012077,14.789550166130423,14.75071869886361,15.658195113943728,15.375147619083366,18.09225823592202,15.616652217305896,19.743344551222894,16.773635989791224,11.880674891554806,13.272748442335748,19.33861586287845,16.657123694564053,13.994618359437954,15.718011346420932,18.880388421460435,16.895824770456045,15.94627882998361,14.763148812914496,18.6294462222482,18.621861581081028,18.0732348436444,19.867184881074607,20.732993927187323,16.53559711372821,15.5217984814424,17.470462912404216,16.41605385383831,18.024694029815187
16.737022207579724,0.0,9.47919255897546,7.546903668709206,8.57770420810069,10.323928847317744,9.119504603797898,7.20178348804408,10.697483631402344,14.951379616104845,17.084174687924733,13.260403364517543,13.78483820967309,11.447112032939884,12.527821099446466,10.51464774515162,13.643036240126102,8.391489849628645,12.29874404547603,11.384201883405748,12.139637462120222,14.08124475796637,10.27602195765686,11.256014212126466,17.16829773812867,15.857746943058013,13.90610763407461,12.86541161157302,10.803267013592617,10.180081291760608,16.537927584432463,14.244212651743233,14.49638609133532,9.215576078713248,12.839380202711649,11.938019721540758,12.262074984593731,16.600444328804173,10.966445855559227,11.75210215956138,10.534125988882334,16.013042574373433,12.377031292411097,16.85416573644271,14.56761546093887,12.164568057775826,13.869399204406688,14.10066421260515,11.2133091550787,11.41565990380398,11.40947306005082,5.457327741919925,7.618267338197146,6.067669683473212,9.705015679653268,11.90607850041576,8.699550669913114,9.364568227947444,12.643746966125413,17.899967596973173,15.211869620524547,17.381174762057768,15.464994611614586,15.076823158318556,12.660516019616464,13.73794929065072,12.177818833580185,14.192883000490667,11.6333674192284,10.998856953745014,14.693985303954497,16.344159023083602,15.45345391737143,14.311138302507944,17.088733003233536,19.8832342200331,12.564089199265972,14.048933391351987,14.625775998422956,14.975958437338448,18.70621697805078,16.755956688343332,16.195647007138305,19.36616840616821,17.707274234629143,16.29395627719876,13.621759981661842,16.795237001559336,10.908655478083944,16.45878242611625,14.93696244162301,15.112820960083615,13.806998926428378,15.987997110589909,15.002038937353335,18.323934276901863,16.292200213954548,16.906155199595748,12.804066767540446,13.545828641151646
17.681337246300934,9.47919255897546,0.0,11.476912039157297,7.540131670216297,5.037175656520602,11.158689184015468,9.842524882069895,8.00979623794411,15.7012173296416,17.5700163482365,13.996324643385233,15.623814479814063,10.577795892941827,10.57641072675527,15.457837999701024,15.49322155350402,10.268125762401066,14.355403571474175,10.850790399516343,10.97349483805626,15.495614314451034,8.742555803816046,11.712102130733133,16.668690952289257,17.097524571738884,13.653287443525594,16.11012809825484,11.256777134984745,9.593410696151068,17.686616140292024,13.51401333679365,17.099188934727835,11.3455367381483,13.376547205940415,10.431461915227237,13.85930973683703,18.210988825901797,14.17518365685937,13.643385740997518,10.683336236864143,15.618938228329174,13.296916234124785,18.70763824727417,13.333452990058596,13.000262466091298,10.73241688406514,13.903501268566163,11.340323185853068,10.393554848768954,9.56078287989254,7.779309543065431,9.170181013597302,8.635562887831917,7.160499314843543,8.239083362594267,10.40288284061587,10.150652881539266,12.449227082574485,19.558866974577445,17.9797808449263,18.632626638308576,15.130395098822005,15.471998930469836,13.926935685425692,11.979535312603913,12.859113347852263,16.372442110288283,14.090827654083164,12.324502603026003,15.00290683625538,16.228158410568682,15.245806576629834,15.282615436498311,20.095632101446498,19.6428057697238,15.242789359670589,15.338588036371924,14.390739805711886,13.10461263913552,19.533409800071052,17.845760144273658,15.561323067624423,19.63125657283805,17.09488568475022,14.426444803425866,16.56772699419557,19.593386453404317,12.003912067110962,17.656495048411692,13.959033850616937,15.554899610426334,11.745757169529345,15.719510247775467,15.02299099858608,20.56751134173734,16.960259329362543,14.951716791926778,14.388148556732402,13.421821861194209
16.84486980305242,7.546903668709206,11.476912039157297,0.0,8.982319070393851,11.22831897707998,6.960697309841399,5.130393462454776,9.486271196661429,15.044125785102228,17.61254787953675,15.071350409008232,13.431632706828452,12.17233674656293,13.690793792415043,11.686624986451628,12.413747478441064,8.25898756909149,10.088219758881046,13.056183756898507,14.185649460823296,12.236939799671363,12.030171035648324,13.110437207656991,18.151876516625407,16.01078501161263,16.569825482371236,15.081493055776592,10.956286919151095,12.885061756318173,17.829518615394825,16.20187509414692,14.563612743042423,8.018184930543113,14.068295469171158,11.975423497031946,14.089877220069996,16.50420748614872,12.467804297016087,13.684468433610771,9.80674992615165,18.366594214831817,14.79065313111129,18.18427356283552,16.044826883315476,15.2646759016207,15.395319750067436,14.889208800402388,12.800085304665224,11.087572304581858,13.872536993755569,8.923670834096852,11.551911867514882,7.704448672486795,10.184207178974148,11.259826740280134,7.611272159527948,8.394565243041196,13.852932015243388,17.529671086048143,13.673799679428488,16.793007490791307,13.689991590178249,14.316855646825063,12.295293623424085,14.22291611330862,12.430914509668687,11.790039592268332,10.995229972755382,11.40345848864753,15.273967703747925,16.560783682774677,15.218572963080252,14.90097571029737,15.986044314889083,19.67133332142768,11.146001097733649,15.111648583626357,16.152905495348403,17.897141340530098,18.456226656840244,17.06061074465176,18.008363451563913,18.59778310953813,19.247572170994964,17.058156480252848,13.65633315364364,17.398363628932636,10.221299891422976,15.556409206527997,17.553316023061672,17.349093227266493,16.034604404345277,18.063608428104864,15.86298622125224,18.63604508838334,17.744831096965374,18.30589413048172,12.690499883089968,12.017976058842692
19.434422268777418,8.57770420810069,7.540131670216297,8.982319070393851,0.0,7.186006146955349,9.301321154705564,6.796215200652934,7.728370799450388,16.757986491980734,17.60601675873658,13.388886570705136,13.288193950382444,11.875965653689075,12.963211176130534,15.595589972418518,14.30579969969181,9.888300280414192,13.99389257561059,13.05893909520972,13.961630393201297,14.108086986769282,10.076457496887963,11.056796393178786,18.364904888275387,15.563246389274283,14.811813864179488,15.616492790482384,12.068792395528044,10.823350714594,19.71211444051246,16.84787102975075,17.682734480661082,10.718923263856702,12.739336588908632,12.240998650348589,13.52452865645797,18.134851764673183,15.704976168456025,14.500564743207809,10.150809728512986,17.439568981481656,13.486211932939206,18.848633656859423,13.130688297730767,13.005940043036748,10.458112562551635,15.210551816203814,11.690860956930669,11.067803001549793,11.28260855369073,7.671037480741495,9.44857441968468,5.6020594520258,7.320209389950872,8.55157302866937,8.838424567231083,9.311196425145786,12.537026547275149,18.33038755364107,15.905006375086332,17.515747910916385,14.048651212166964,16.571595262467266,14.623089107791262,13.67487605361502,13.448643685414815,13.771248346654048,14.01697880244332,13.283678732194174,17.423889804839387,15.913832354631454,16.099047173918382,16.104765177058717,18.437352640945093,19.70647999325784,13.832067638080227,16.17745241840183,12.605437587459464,14.414653138954275,20.58371324913587,19.421986223320847,14.577212900601292,19.221405341867545,19.34906376927831,15.89429237231115,15.2390031399344,19.159961240099847,11.515995604450724,17.93550304307271,14.55833667431432,15.2813249094178,12.946302362610147,14.472934840424262,12.818775420233138,19.967043338810058,18.088303814814005,16.657859441939593,13.95961677548286,13.407889791480669
18.0872313616035,10.323928847317744,5.037175656520602,11.22831897707998,7.186006146955349,0.0,11.527863735680006,9.11141215032966,6.945409176952906,15.690594417002634,17.596561046966823,14.112867241639671,15.441122026597306,10.955823219061992,11.07430787024322,15.779609693316612,15.4494514218098,9.833055338870397,14.728776565981446,11.368463274356603,11.756526500050128,15.25701103352368,8.923445340150096,12.137204139296006,17.212018351156633,16.393572065999134,14.649603770797432,16.419369174216396,11.7030477438379,10.75998831338081,18.305633063295048,14.385014387806931,17.422171799619676,11.413362956063306,13.768482905478413,9.80291329171548,13.480350398611938,18.52069320433097,14.712402337754568,14.091252953761936,10.306758828770583,15.97410088820792,13.77709173497364,18.762515807216044,13.119432903973964,13.945421880103275,10.536739114149135,14.156802594873952,10.431221712691022,10.14132393925755,9.471745773798432,8.853935921777826,9.471468484285168,8.859040261026488,6.703346320716695,6.7237083637144845,9.312802385231317,9.987282356792887,11.402580345571776,19.250122871877192,17.14686501722327,18.728239913991946,14.389300417205222,15.945530206629154,14.177183659929584,11.955291596626624,11.681589656773069,15.937257249100991,13.651088487933093,12.10090288358126,15.289921901632509,16.05119573318256,15.156065140164635,15.209169479300728,20.151657046090666,19.70603169772004,14.6995374292232,15.728588271189812,14.317769971816436,14.238284431397178,19.70662780118476,17.674076064082453,15.18802958597652,19.382056443028752,18.120524065639664,15.060852877976854,16.000184585654562,19.5299092494272,11.065474440333029,17.134873608566803,13.58904646063531,16.065645676667256,12.458969014911856,15.529805335745724,14.9081480532798,20.278356548892518,17.81148002147413,15.462588350679075,13.692417226368075,12.918967580544122
15.848337568814864,9.119504603797898,11.158689184015468,6.960697309841399,9.301321154705564,11.527863735680006,0.0,7.556885480282557,10.524607965456084,13.643945233713476,16.889089047341393,13.821915121325352,12.955570865281622,12.51324354807978,13.65885554283209,12.164040945380336,12.883550141685758,10.48119152634511,12.443640597509006,12.71054667941989,14.403868758273736,12.587622095650474,12.423871167563584,12.141783489831283,16.818793040177027,15.384030513663545,15.250216516138805,14.15412891850984,11.267455534507771,12.254402773679242,17.999438567198442,15.022721596743509,14.55547834022505,10.472019611565615,12.803982856961218,12.216876381988614,14.68375628880027,15.71887836586732,12.111411507402002,11.575606430840224,10.507628016561892,17.128100707275955,13.741079742368347,17.867929201647048,15.79654434527242,14.076611013610632,14.338589131481468,15.400769238391662,13.263399492473468,12.199147456849005,12.78616031869304,9.98874588565918,11.714969462058056,9.195728264894951,10.239502939648588,11.23580861472333,10.476835459568958,9.601639809676492,13.33155732206508,17.67886836755094,14.58145707002746,16.07968505228646,12.66927428784594,13.681842110675614,12.5615632850913,13.99147438207962,13.054607410002047,12.53763311198296,12.31475501487501,12.946105884962147,15.701389756012956,15.237617017629823,14.988340623427987,13.490735914160249,15.639842615511116,18.17676659253653,11.90052749063964,14.0699811025502,14.709276421470374,15.963754075524657,17.740785067708387,17.518184275014917,16.697508735157946,17.765743141626277,17.86600237954372,14.820242244473336,15.083113223627452,17.20703003157677,11.137342152344626,15.898969002932953,17.124750033536568,16.527004680306476,13.813345132893565,16.54056401223461,14.408838259001792,18.976405397395663,17.339550686019237,16.764471011698426,13.80362341620004,13.70307594857112
18.61983472615512,7.20178348804408,9.842524882069895,5.130393462454776,6.796215200652934,9.11141215032966,7.556885480282557,0.0,7.2158891958859295,15.41035828985556,17.128960501054422,13.162408727928154,12.72305332747758,11.265671356135329,12.055246461865703,13.022007372504593,12.437883414764231,7.003384022520686,10.75375735855537,12.007780175963694,12.969624229387565,12.427808744041387,9.849000718095487,11.061001652270038,17.676943767433926,15.228667433344285,15.336451610066716,14.133495538327429,9.86428765781418,11.133224157091668,18.160464808279013,16.069109962700978,15.709372928303589,7.338719132326735,12.720604941063472,10.268588609006605,12.454546248089894,16.89419094898464,13.185051941432418,13.158266752103795,7.833561446063523,17.297703830098065,13.4377555968773,17.838987035010117,14.081791661157098,13.414489973669012,13.139153448583489,13.668746821176557,11.440306287186194,8.895901817501988,12.309456605181486,7.937366291325415,10.050071560772206,6.414869442988247,8.192409608421228,9.428500647243055,7.004826219063536,6.235243217970383,12.347191545138866,17.858810905569353,14.24713344839468,16.997939305430297,13.049857110852164,15.084916078546978,11.84638835065324,13.118454258158154,11.040691512094366,11.740071769769042,10.92548360883212,10.473650101271938,15.432417614759023,15.623547884186172,15.103940593209092,14.651510033169965,17.1475362381982,20.033162973625885,11.066054850424296,14.613342214958235,14.569081832020656,16.359445057219713,19.15449106894636,17.201182011359712,16.53910157523233,18.96577642824328,18.944801968520256,16.527105819844678,13.099617674298685,17.597407514755215,9.09963661298949,15.52251183025923,15.895841586883856,15.847011655070483,14.40060738185111,16.20444649622621,14.57202138163592,18.97341508965796,17.748586226678114,17.561943880491004,11.511942126582056,10.42468364111391
18.93333614190598,10.697483631402344,8.00979623794411,9.486271196661429,7.728370799450388,6.945409176952906,10.524607965456084,7.2158891958859295,0.0,15.85002232858534,17.154323946458007,13.684077010551023,14.51526966077416,11.628073481151066,12.270017849526488,15.31582109131873,14.168011752950868,9.443664177798253,13.237687588728662,12.672629343414547,13.318168829338395,13.631764712302637,10.285435129697248,12.910804647985936,17.57598187050217,15.41317643818534,16.20753411509532,16.147016337853813,11.15130830413825,12.392945233714531,18.764241851643096,16.20741472106263,16.75544697019004,10.518466881512964,14.194373472907746,9.840615656449003,13.2304306473774,16.287871282361866,15.42085855993321,14.853375715032945,8.299599641707314,16.306374325195506,13.403651099282872,17.83986297312299,13.571261617362303,14.503160576470409,11.974028740942858,14.27573810065123,12.18345401951082,8.230600889545387,12.740059249551727,10.00554869105099,11.549080191737987,9.947579942852792,8.003941303362888,7.468524760847062,8.092234053845168,6.579132400284983,12.700691169823582,18.174687193509715,15.012269182760509,17.530810756348103,13.571833595483866,14.879024276669549,13.2302352019775,13.263054592912614,10.133945637845253,13.363647861822807,12.64047016555673,12.055887046834878,15.465366963575113,15.541727453542322,15.84741999701007,14.953145482669994,18.227327383190868,19.47746466438961,12.875132398333609,16.60849141434618,14.512995359508944,16.074122282565508,19.27888660788276,16.96467545377797,16.360572948393518,18.99337082888477,18.364964836172074,15.796525700126384,14.568369510636233,18.68667218346723,10.73746515122498,15.297952067364234,15.16425845942085,15.941453026690136,14.336834257164698,15.638107447108297,14.73422427013823,19.022313799711565,18.003982967984708,16.94971551373907,12.738164324407045,10.953388556553003
12.195020953687866,14.951379616104845,15.7012173296416,15.044125785102228,16.757986491980734,15.690594417002634,13.643945233713476,15.41035828985556,15.85002232858534,0.0,14.404402971435596,12.396865863155444,16.43627121178824,14.691780323560968,12.765931346090422,10.80845959124196,15.56408598569074,13.84043277866834,15.424596262178468,10.48826986544811,13.779190144269856,16.26020612085776,15.218068554193431,14.857164992954406,13.641833244664944,16.7927603815522,13.081300496695176,14.945366765834542,13.201576138495048,14.275597277898015,12.685058198612465,12.719034484729864,11.242479941579536,14.921906301730498,16.262384245674973,12.902200810777993,17.35983132075358,12.583310201620918,10.837398773787376,12.457945155269586,15.327576678433626,15.055210038563567,16.88959337754365,14.862871277256229,16.536902506777615,16.126753576582693,19.013142131174973,13.048255570404985,14.91201463371674,15.137318560926824,16.46329570691722,16.088628500428445,15.431880911085315,16.98000123026772,15.717057554880835,16.221261409209294,15.795215768440348,15.368947001783324,15.486635515643032,16.694854489736684,16.781164724709278,15.131509506859182,15.767723865018024,12.264987286860556,10.92466727191266,12.659820247134997,12.960568423407368,16.06966843718035,12.534885767349357,12.753280604302011,11.004620450648446,16.33319721180585,12.97228858121038,10.386238875437389,15.570153632138616,14.062586446544652,15.619417020594891,11.34391038781878,18.720134237192596,16.58577828467763,11.949927325169377,11.222069655232172,15.783568403120714,14.575126293881612,11.44892470755194,12.49265180791366,17.645323238303526,14.262541330922351,13.307743050510188,12.33032804255208,17.767448625251177,17.28149691164513,15.151555400182003,17.956528173133453,19.296642404314387,14.807218164904652,12.154815811378846,15.683805042795,14.121717498352496,14.785279619438075
15.823358948789878,17.084174687924733,17.5700163482365,17.61254787953675,17.60601675873658,17.596561046966823,16.889089047341393,17.128960501054422,17.154323946458007,14.404402971435596,0.0,11.974840237836156,17.054058143124482,16.618889716795056,17.047467245219,16.400959645312174,16.597834487237442,17.440717811468932,16.233341051539625,16.963563061348363,16.86165123297484,18.613374720106727,17.50433321396753,16.091674536747153,11.903414449977134,11.139108791547828,18.21662339108116,16.03263454734242,16.654919312487106,18.157466976599657,15.208413217347124,14.725417828243383,17.24388500282,17.112640383094465,18.26114640486064,16.538160671164963,15.601366083091994,16.693236491711303,16.85653071144179,14.117088894989008,16.376531809552482,11.738476740643854,15.6372793229205,15.928208229571831,17.923716598265308,17.875399084729445,17.599895261226767,17.875979660597917,15.887470144494978,15.462009533908304,16.116008677407674,17.306535152143656,16.48388799655876,17.465122768699768,17.724930956468366,17.6143141691002,17.491584808979958,17.095321495704162,13.158229427339206,10.239218350593598,14.810849262774497,17.32027633681643,17.19375287828816,17.783839908087543,16.24946601204209,18.19138630934762,15.523306306079691,17.249371436383218,17.062130608208747,17.25877896373693,17.36882782000506,18.55285584194361,17.28444855978179,15.79912268479328,15.89692785920374,11.097719486900711,16.229331933631233,17.53087950614623,16.799289030372677,13.75311423333945,17.43508373305874,16.30606954432742,18.053045130478267,18.91825107944554,16.245162479673187,18.43305270252328,15.416379408902582,16.28510946781735,16.89201144613541,16.821529643400133,14.576080973623752,12.3516230108121,15.919497407787295,13.148799434493364,17.81015751612311,14.286105981117236,18.101888461620906,18.683500549297264,15.849513375548446,16.022427604959784
17.943455920652386,13.260403364517543,13.996324643385233,15.071350409008232,13.388886570705136,14.112867241639671,13.821915121325352,13.162408727928154,13.684077010551023,12.396865863155444,11.974840237836156,0.0,12.75725644754566,11.694076218392295,11.542908246762488,14.593813614967903,13.242227521745557,13.652276403597128,13.864888169817398,12.98853850487196,12.682179116127616,15.84176790462814,12.79675936863555,10.06733962195048,14.283440750431126,12.525825533490613,13.456140307634152,12.689021834157456,11.407328604106102,13.133944937814372,16.240765994815938,14.33994741630949,15.838233078053634,14.298150462182186,14.290224995212975,14.116566130722235,13.305568200188846,14.379449423318167,14.311330001219115,12.346361355780138,12.594410340947404,12.686026620648809,13.718542105048536,14.54299986788882,14.978876232259394,12.429247048807095,14.5742661998693,13.895147168518882,13.966892763772837,12.40224910835962,13.537448605711544,13.749630906144407,13.360606500560667,13.92686607935252,14.14944242760881,14.810358264642376,14.84039335021142,13.345519217651892,12.586161163938796,14.854554794313705,15.558985166955628,14.749493105642944,15.088680556781924,14.911047653087886,12.06735508615388,13.103556343209632,12.350192572257384,13.663477668800333,14.968788471283755,14.216541591000764,14.841419829550388,15.136765558171628,16.35725391191757,14.03051921465736,16.329671044766155,15.08041721285915,14.045487309382048,13.384161586835296,13.910912004668278,11.56508203618458,17.488082731735986,15.74262211627733,14.630172196965038,18.05424376994388,14.886614469001236,16.233629377368416,14.862064403322371,15.332317316967982,14.32602380890074,15.82283775150395,11.99940624906597,12.29395978535844,11.821559197398376,12.328225648249653,16.190536841049642,15.021880296552728,15.27362980080317,16.166033985503983,14.070785076556223,13.96802739226034
19.27788639326625,13.78483820967309,15.623814479814063,13.431632706828452,13.288193950382444,15.441122026597306,12.955570865281622,12.72305332747758,14.51526966077416,16.43627121178824,17.054058143124482,12.75725644754566,0.0,11.901152796475492,13.9982588714566,15.43034675816113,10.109535935825596,14.001674602590509,11.84807711386516,16.282565357122586,14.837106314357928,12.104225328486445,13.828936235343374,12.581779257536084,17.83081250743785,13.69655620472061,15.573451378311894,11.489697598746847,12.761346089479115,13.252329923222764,18.30002623676276,17.24461880376669,16.195215803826866,13.235123300846263,13.282455284002454,15.645592605500369,12.45521368772701,15.462635703188692,16.217287407952796,15.05733134547596,13.348191374099462,18.15207060142901,14.342046757138656,14.26748361409289,16.550214610443824,12.61289679003789,15.422632470827608,13.71468036203831,15.670862252496825,14.324966236223164,14.970759107344302,14.076302544340384,15.574302094827168,13.69148409794342,14.029828638133802,14.430197806505385,14.692163490528182,13.867530575170209,14.18203559206464,15.11970723121628,12.836899654540332,9.140198604313772,9.417802632093624,13.81509479785546,12.88096245244197,13.437612313752306,15.098226361038098,8.096634163413674,13.374716235787089,15.2267549382586,16.54101281890137,11.45942859557206,15.327858717026896,14.919437057709304,13.122088364081096,17.782117012988206,10.197014399859976,12.058429150910314,13.36292423623117,15.548081996242953,16.573341871635275,16.994372533037126,15.776808729574183,16.150532884959365,17.384327384152567,16.18826141223215,11.981201158088728,14.153327253448294,15.060253096602748,15.39987570183336,14.837337889934966,15.259694897465996,13.369182554382803,15.117661235553417,14.377874423028414,15.620688232127684,16.42530173503697,15.700537516620594,15.002345026749932,14.849668854964852
16.97793430903927,11.447112032939884,10.577795892941827,12.17233674656293,11.875965653689075,10.955823219061992,12.51324354807978,11.265671356135329,11.628073481151066,14.691780323560968,16.618889716795056,11.694076218392295,11.901152796475492,0.0,7.647301678124712,13.75083113251114,12.455945945653683,10.14440662328948,10.336464924371851,11.636276858512495,8.506111369014354,14.174103586535992,8.051497318142829,12.16324363934809,17.56538002907864,16.173473866771037,13.550857920813163,14.399077432456023,9.87290283654811,10.590655513753992,15.58117015095744,12.920310737914855,16.112956975808753,10.799896654250803,13.822328205218565,10.97005210365104,12.396188697400763,16.551037348965423,13.074318828963122,12.786015057620224,10.671980201440878,15.829411283679072,14.192239479885442,16.745396558504023,15.425904099525654,13.338255469122954,13.53199277456298,11.77500242782822,12.1152403250174,10.314084637925644,9.765631785834303,10.735628645616933,12.096141136854738,11.762090922944289,11.82012973398954,12.664529371955537,11.527952033112884,12.578659510477626,12.492251844202949,17.523646754759714,16.434856814173507,15.192033948314396,13.126390870095452,12.37043603483688,9.894587043298737,9.339847466600014,11.255573327343022,13.003409223302084,12.139155227159147,11.2892064166891,12.054326690089765,14.377765325105235,13.94458134754598,13.985371036952529,17.41571611984109,19.130191177972584,12.433543687385775,11.798978685833422,15.759106258381063,13.430629309523487,17.323446503525346,15.911708737754015,17.065976865981057,18.514610722001507,16.228579671309802,15.907372415666416,14.204943025700947,17.244770433064197,11.68767644906998,15.717138120423986,13.123345315944707,15.65997360472059,10.70480475566519,16.779307607310507,17.193676715894814,18.122438906576583,16.62547071417253,15.67382072211976,12.85900183843141,12.491556096128454
16.35577293709197,12.527821099446466,10.57641072675527,13.690793792415043,12.963211176130534,11.07430787024322,13.65885554283209,12.055246461865703,12.270017849526488,12.765931346090422,17.047467245219,11.542908246762488,13.9982588714566,7.647301678124712,0.0,13.67106060534371,13.871965536534736,8.965981795817832,12.14694172175829,7.756791638551818,5.400047888065036,15.19631709546061,6.718111305088743,10.189621906908211,16.356869346192774,17.167070368291828,10.96048716537796,14.982547825893166,8.26472626192199,7.817895938896568,14.260931837270078,12.236702583937705,15.335971186121848,10.777937522889756,13.340100508187865,9.003281363803461,13.672221820648147,16.920536861330465,12.284385917563068,13.37980486238648,10.883980346712086,15.53443619577112,15.144270063026438,17.056522520139396,14.831076648924611,12.823950521741214,14.593945922445965,7.865326344456055,10.778257289953896,9.722169318045529,10.517897653912252,12.053064630599197,11.80771851568558,12.756249258980525,12.348714861583389,13.145680888364016,12.331757626069331,12.796846052448316,13.29774326127674,19.297096406251487,18.729215560148976,16.719203758520713,13.935453343860727,12.06660750811461,8.21286536854686,5.387015881388479,10.867678236254358,15.08673244797937,11.166429953333251,9.209122058804171,9.397602293319093,13.949598503763657,11.010441810790418,13.05508751388908,19.04605264058469,19.307243951249717,14.448104837437327,9.408005904292745,16.707767836574597,13.473614923931024,15.600410269326192,14.102599323551196,16.134566861619994,17.988522705956274,13.789498505048533,13.371468723718571,16.122978045121133,17.40036258701417,10.108093253300671,14.449970634241804,13.414812951408418,16.249855205658903,11.659260616927934,17.44778308139147,18.337986639482,18.666479999161837,14.365502951698147,13.672526568201087,11.084006752377984,11.0391587909724
11.86611892452892,10.51464774515162,15.457837999701024,11.686624986451628,15.595589972418518,15.779609693316612,12.164040945380336,13.022007372504593,15.31582109131873,10.80845959124196,16.400959645312174,14.593813614967903,15.43034675816113,13.75083113251114,13.67106060534371,0.0,14.124027479927772,10.956009514449612,13.507958007137594,11.441434866428748,13.059882360028922,15.44090583866604,14.580036536673592,14.2305059732589,16.39951485719434,17.052165584114086,14.3462811152144,13.399610690481138,13.616570931267226,13.673765294753268,12.017261363364934,13.541005262855585,8.912680284661262,12.07282643396015,15.721364083445636,13.335728344693464,14.916530762673252,13.293952164994014,8.814085329546346,12.636266842525403,13.786271172022923,16.069739325911907,15.040536839740687,14.589322406492654,17.350080670686328,14.880772668637992,19.39241658776892,13.998734092101564,12.750415667273328,14.776499293429664,16.02313235041078,13.377716444375766,12.203388806222426,13.844264719804542,15.966517963218422,16.995021833754336,12.935955410130552,14.310048542389492,15.47416164173156,16.61244257740285,14.630209353620474,15.73323936627573,16.184277802623253,13.1218618912731,11.30912697265964,14.645086773115628,12.665995175927018,15.264276882093302,10.247155570496338,10.939421050136326,11.633500662453164,17.089751631253364,14.672318585303282,12.009842271017927,13.97308563072006,17.754273634876665,14.013023117612937,11.63934928763797,18.560587778663752,17.98001390330659,13.942297501639285,11.974082509025886,17.967905584779437,17.143484602664603,13.87549668307987,15.759817025777084,14.324191671297712,13.039779803711662,12.09525999566612,12.798919615970911,17.224366432324906,16.925628864485308,16.71617805469648,18.87089870791256,18.733520069426,14.90607604580436,12.957275965148645,17.160234041625493,12.01677490584049,14.75233929486832
17.853553967265306,13.643036240126102,15.49322155350402,12.413747478441064,14.30579969969181,15.4494514218098,12.883550141685758,12.437883414764231,14.168011752950868,15.56408598569074,16.597834487237442,13.242227521745557,10.109535935825596,12.455945945653683,13.871965536534736,14.124027479927772,0.0,12.452883491112186,11.525950751059884,14.964533727373937,13.444263483899372,9.22759289124656,14.18333697642536,12.05795494093851,19.146677395131864,14.04823152773449,14.60676228779502,13.792042282029978,12.19126700010836,14.68163821753908,17.286749456839402,16.592513898055063,14.337078762333494,11.084060658098664,11.708023037614144,14.766989517256532,13.322104737363809,15.669494509365832,16.132675850069194,15.55946528348722,12.031733113260792,18.86396860714704,15.85755723637282,13.689545981345493,16.73586789341453,14.533755850949465,16.12581541596462,14.477409903031145,16.70938936553786,13.29174890071073,16.05381145051923,13.913366076615048,16.24430372577614,14.221527881838652,13.541478693477304,14.585637110446072,15.030338229408642,13.257625511730687,14.633748833439554,13.6178224098719,11.744501891891632,12.39830764996504,11.868583815834858,13.179710458528891,12.163363644059984,13.944963657130794,15.60223015334705,9.626818680567537,11.585563275867557,13.21812152846007,14.08016964127206,12.012396224373214,15.13318705656058,15.164606064010004,11.845337511413009,15.900108335059048,9.560122016210544,13.184340871826404,16.210207537624648,17.106702976710014,14.776895351580905,15.521513052448414,17.668417912570025,14.481351832735792,15.646134248044586,15.175417990272068,11.86416987651703,14.54437010460924,13.141894880059516,12.889774223001517,16.93499244001185,18.060028481698797,15.8354506175183,17.432913667534738,16.352528226343843,15.61630727226188,15.933036138519803,16.276212525909926,15.33536210794234,12.124905090188042
16.569173176915516,8.391489849628645,10.268125762401066,8.25898756909149,9.888300280414192,9.833055338870397,10.48119152634511,7.003384022520686,9.443664177798253,13.84043277866834,17.440717811468932,13.652276403597128,14.001674602590509,10.14440662328948,8.965981795817832,10.956009514449612,12.452883491112186,0.0,10.86045434409906,7.908630204615416,9.287584566213136,12.619017553941838,7.5118150918173505,10.726284290853869,17.855838192476433,16.692973086549962,13.61713598979246,15.32843992269116,9.5113466445591,9.044749579998047,15.725069250512233,15.24519163351,14.193802187478864,4.84958597823581,12.938193189596303,7.905201941424187,13.300980496817786,17.49466146846419,11.86939143649192,13.807440492084131,8.142039273650127,17.72367257013307,15.249439105213874,17.73625230087448,15.408608624596654,14.772159208347786,14.85929401153028,11.706189702441671,9.556067790151827,9.432777895675358,12.406633886287036,8.768511117729817,9.958855430900044,8.575984093896396,10.197417695766449,11.614058005428596,7.3823362936610755,8.88708881080936,13.194427503024208,18.514683029454314,16.127177155023887,17.472795696183226,14.091578044567566,13.195424748657638,9.341432099137146,10.56792675241164,10.653257540824477,13.414758732776331,7.193877433405799,5.6766210486160285,11.244005051217773,15.008530925742605,11.801225747500323,13.30305790525625,17.485849666776435,20.09458564652303,12.01136534165632,12.49337397529954,17.11351772498514,16.8050568086442,16.42518293048462,14.7706102257073,17.695135827668725,18.53762334341323,16.81711239223497,14.968834962349217,14.077973078838468,17.500332294029427,5.584292159819668,13.408455374864303,16.34222435742924,17.30268449689263,14.877379348444892,18.401689667553224,17.536858980426054,18.973870470481,16.53539954108589,17.133005229095875,9.618159629846204,10.071872234761084
16.63846616698989,12.29874404547603,14.355403571474175,10.088219758881046,13.99389257561059,14.728776565981446,12.443640597509006,10.75375735855537,13.237687588728662,15.424596262178468,16.233341051539625,13.864888169817398,11.84807711386516,10.336464924371851,12.14694172175829,13.507958007137594,11.525950751059884,10.86045434409906,0.0,13.926285626229353,12.189888420751764,13.913776668053524,12.946456257403796,14.5290966834207,17.04615064276005,16.59342825665393,17.16389139837999,14.852600519793633,10.775869078596989,13.964841071591138,16.25831705478138,15.735600842172516,14.072076064345044,9.17610416251209,16.012155095056016,13.341547297298774,14.325916957954524,15.289535674042536,12.88793798398944,14.857452668192153,11.656289859192611,18.154941908757674,17.107734373180534,17.169908079561864,16.968083502742285,16.176289910651754,17.64450229443344,12.818975826821363,13.805709594388995,11.491554751112892,15.011788805945196,12.84571080903853,14.88072924342627,12.652515594679732,13.966344142636832,14.754963422256186,12.234495414485428,11.597122575582633,16.24257820212118,16.396658167531463,15.342348331902528,15.305744164023668,14.355209711788802,12.6055301008891,10.079120772956538,13.246929054660177,13.58513067640109,10.611014544094996,12.273077136906892,11.70116299226942,13.405792766928489,16.568708799333592,15.263621897201968,16.201920789074435,15.812179893488196,19.392679810177427,11.477673140374074,13.401557809352571,17.645045988719176,16.29422178732629,16.993130546485993,15.6502884672067,19.844432154145487,18.673836167626284,17.901806951615278,18.411862882276324,13.262993446033835,16.278281686569553,12.772480914637788,15.431807942144582,16.75155605123861,16.44547336687224,16.17270072787437,18.767629206277054,19.09025599743372,16.91946381394977,17.253894872664446,19.11118285021488,12.82282133674623,11.704717275980377
14.463302501968062,11.384201883405748,10.850790399516343,13.056183756898507,13.05893909520972,11.368463274356603,12.71054667941989,12.007780175963694,12.672629343414547,10.48826986544811,16.963563061348363,12.98853850487196,16.282565357122586,11.636276858512495,7.756791638551818,11.441434866428748,14.964533727373937,7.908630204615416,13.926285626229353,0.0,8.401554231138059,15.119173849078532,8.81003779142125,10.853230349833956,16.100459195543316,18.156003925572083,10.58277297984932,15.154278228999605,10.18638893715803,7.967988110299116,13.60113476549572,12.993095580830138,13.76914322224135,9.962296917291862,13.482621747143387,8.167482551034507,15.593965003129174,17.02026581742977,10.345739117967174,12.851399028441843,11.208682228342616,16.247031328888053,16.11814569156931,17.545836233926185,15.169598459828745,14.303054825811335,15.406547965547675,10.380856696185436,10.080503530757571,11.507450428218151,12.63147760375903,11.359934796382625,10.89146947289413,12.436956017191171,12.214501812629662,13.078741898431424,12.396191751019352,12.58879792966598,14.088442274898718,19.378271222786463,18.88986412335431,18.20004788570276,15.833920539482202,13.15357602079215,9.52370002156628,9.586116547663671,11.874153653184903,16.644054049108867,9.925024925796633,7.918868671451098,9.528722699530013,15.621964380847071,10.763305299413348,11.167058093708906,18.7158850763878,18.333996486578265,14.83960726553462,11.073713603734165,17.952914927809356,15.199816100642645,14.317850970381862,13.59359377397305,16.647334873442794,17.29904028544237,13.219264182569331,11.864895286065938,17.125136583646956,17.308694547324922,8.097007675428458,13.57144125383718,16.41232316570645,16.887034335961076,13.235774695582814,18.178354035297225,18.826794241678115,19.12073014758085,14.578427682943808,15.348556369696688,10.597198087957754,11.825513951838024
15.10998358104522,12.139637462120222,10.97349483805626,14.185649460823296,13.961630393201297,11.756526500050128,14.403868758273736,12.969624229387565,13.318168829338395,13.779190144269856,16.86165123297484,12.682179116127616,14.837106314357928,8.506111369014354,5.400047888065036,13.059882360028922,13.444263483899372,9.287584566213136,12.189888420751764,8.401554231138059,0.0,15.051078750254314,8.066415609001194,11.20182061189956,17.15867567055058,17.405647619762345,11.514214801435282,15.054093818412216,9.500012385025109,8.634238043367482,13.945773393615694,12.082290749683104,14.687136495703802,10.274987699997483,13.524314297151186,10.421224031027444,13.663120071359568,17.44655889397632,12.60004488918132,13.990981648127354,11.083200677133364,15.952303248837543,15.45048144816793,16.758244492727304,15.55271385594865,12.993830957915057,14.695809339676428,10.30091227405818,11.603352936713677,11.040072251318843,11.07047919623208,11.91268095612579,11.760497151857042,12.94818525434789,12.675590468417315,13.900923459046666,13.44833626416484,13.3481029099279,13.835243940025292,18.53836770522716,18.53669874142427,17.348955889347874,15.532474322275965,12.592165988263044,9.451591837216554,7.764653668700467,12.506441574620698,16.032263374046227,11.477300759810628,8.824469085760162,8.321203279974904,14.26896539010198,12.138849239011504,14.263190863127807,18.48074816469689,19.03151790877748,14.424722963442058,10.420442530473558,16.957286336114983,13.454102918682151,14.826560335134344,13.296871194398728,17.416049845811788,18.194101532029823,13.744300777911306,13.85874911925328,15.587571635008183,17.501105472200003,10.556561015876472,14.01015316871353,14.289537052781649,16.993385348438615,12.921807940538184,17.978343684296124,18.64462969882593,18.717535582421466,14.812025359008288,14.009548869218852,12.565042863981953,12.150828159145126
