Var0,Var1,Var2,Var3,Var4,Var5,Var6,Var7,Var8,Var9,Var10,Var11,Var12,Var13,Var14,Var15,Var16,Var17,Var18,Var19,Var20,Var21,Var22,Var23,Var24,Var25,Var26,Var27,Var28,Var29,Var30,Var31,Var32,Var33,Var34,Var35,Var36,Var37,Var38,Var39,Var40,Var41,Var42,Var43,Var44,Var45,Var46,Var47,Var48,Var49,Var50,Var51,Var52,Var53,Var54,Var55,Var56,Var57,Var58,Var59,Var60,Var61,Var62,Var63,Var64,Var65,Var66,Var67,Var68,Var69,Var70,Var71,Var72,Var73,Var74,Var75,Var76,Var77,Var78,Var79,Var80,Var81,Var82,Var83,Var84,Var85,Var86,Var87,Var88,Var89,Var90,Var91,Var92,Var93,Var94,Var95,Var96,Var97,Var98,Var99
0.0,12.851823466588968,12.989626774440936,16.38833636471745,14.566849657153234,12.411171215753582,13.662135730449416,15.723802497346185,12.630504889382191,13.493437695955452,18.924165039522386,18.071549588956557,16.1291679121497,15.17523099797419,14.65863845264184,11.698039059384651,15.025987810927909,13.25767666985172,17.079884183759624,14.666091045497645,16.22663893660607,15.262849789034352,13.14048819919422,15.855458297807433,14.846665589144234,17.40255998832384,16.280860643874323,13.630402384700549,14.762803895280534,15.004417092009534,14.540155657044943,13.688177868559045,11.395213888178246,15.13270310409994,15.395619001272475,12.215884301021564,14.640758955854457,13.528724974191167,14.52618852737324,14.921398288880823,14.004200424317837,17.160447066485986,17.25702078938768,14.748591707883111,14.645776052979617,14.95556671749545,14.88509314155046,15.39721261445263,12.083072657011677,16.13470402333599,11.734325492590523,12.390378082415443,13.918115836712092,17.38791295947167,13.497598241333026,12.490591414478493,15.043177446350764,14.815686968600046,15.444381837174545,15.435536656531635,17.032733928529527,15.820649054646871,16.0135309560263,17.917717419309017,16.77247178539137,14.37229595026215,14.828554443969804,17.206979191184903,16.862074965206208,12.701461409806884,15.459056781113766,17.000202730380167,13.734047948588822,14.941477347386645,15.74260135454952,15.751329670617585,14.33569614330218,14.0137762524813,11.232853837074414,15.802370960619369,16.10097061779981,16.293775469354884,12.62329344256306,15.253497278153231,16.431441570730534,15.56987590391256,15.156307357370242,14.01932645880308,12.332936196073602,16.251207787482347,14.481145308206983,16.408928243457314,17.041234176701135,13.900053749700586,16.55660227193737,16.10560256878102,16.98047415814972,14.80476538029591,12.172783057472168,15.751429347530795
12.851823466588968,0.0,10.677126463009644,11.103524434449348,12.866768923899356,12.52724095075329,9.645352416664736,12.170927587771663,12.32257128921186,13.01070939959102,19.751489913509165,16.321967919218118,13.736335814813383,11.369993234295842,11.678099619644671,8.022051796166894,11.586637589126171,11.386429220546662,12.330237177576352,11.416257526154,11.688745362654892,11.858612206126171,8.490109639577511,13.169906310694625,17.191745438293506,15.76392440343307,11.748779604228329,12.757871487245229,10.82266194680552,11.950444401630335,15.660432296641485,14.706202027651416,12.34571228641554,13.190670135403469,12.806746879566312,13.923741581966585,14.35293344759299,12.670937141860728,12.342604281354436,11.586750549979694,11.805971540682195,18.073257227560017,15.971427259635345,15.855888237349104,15.634551582613328,13.38887463075478,11.822281348472794,14.32415478955316,14.67421771738185,16.13231376051198,14.544846740556958,8.330186517678912,10.572498178903958,14.76081420316787,10.677636091964311,11.956354233774045,11.836177896667182,10.496669818264497,15.152471805529895,17.57174766449624,16.29183105276703,15.470270976262668,12.000118542049758,14.799926477701389,14.802535581032489,10.85261250171686,13.457632139634926,15.84508748517002,12.920465438955135,12.634304373760491,12.081350642584784,12.347294425295702,10.051258022728026,13.253592873298013,15.147447479052325,13.223317908878691,11.712074475992017,11.165462120750911,14.238333955097026,17.11088879476283,13.966952052659597,15.628247831285686,11.691633805228506,12.005749290571975,12.476046534881863,12.197920793950928,14.605166582507673,13.049794444193328,13.910129852153176,15.177923217038726,14.679001386517545,17.868992961101004,15.91235283359396,13.034433317571644,15.617185127695524,16.82060730127316,15.04316902004659,12.1578215442207,14.695574845273212,16.41598171810727
12.989626774440936,10.677126463009644,0.0,14.488933279823131,12.759021098442917,8.066469780400425,10.287770153149577,9.161602937847617,6.190770897407937,12.709519020580805,19.037017276933557,15.10659387013262,15.022564972919705,11.84230310055965,11.946379897276504,11.790168400489389,14.372716523656154,10.649651181082776,12.572932671649072,14.09092330978292,12.02128014317629,15.085907963048037,12.46036939604966,14.15837338683746,15.933161786990643,14.46768822019345,11.664068249180538,13.724201812138077,12.504508204348827,12.30216909413962,13.831173739690067,16.718295960133165,14.710890912518137,14.730578982452071,14.0043002260846,11.81332804466121,15.242565568028713,15.22654460668283,16.118710167450573,13.242394329297092,14.09777499271699,18.76800633960433,15.448012255937591,14.66943954823628,15.456691953252983,13.839269085838776,15.0480273666034,15.559455138368744,12.289767134301592,17.04780332743399,16.54715554312667,7.538889342706677,13.613287384478111,16.205713100225548,7.4548683458172995,6.523635913899553,9.106776453024208,5.7562517931108665,14.747674184063367,16.004150652923478,15.005845205820751,16.20748557350514,11.228508860377138,13.562157598424818,14.010091901472524,12.004115608344549,13.951462237551237,13.659813313189227,12.17572853675451,11.997971073733718,12.360793128470448,15.301874091679707,10.835787974857544,13.416235402364542,15.336175499429284,13.130660110874016,11.191242817356274,10.68696190849989,12.41009370041855,17.990484009425387,15.791166591318383,16.562799197297497,11.932798041649963,13.393565293180352,12.224969121391116,13.261660094746723,14.35801388810762,13.78640883492844,13.857159491445186,16.567430484407897,17.26518648975557,18.64226364773462,16.119820175408034,14.001261554575324,16.04034611746621,15.494662752911974,15.524209034065024,13.05479320702644,13.887524327057848,16.591069151364813
16.38833636471745,11.103524434449348,14.488933279823131,0.0,9.893220006352903,15.373851131991396,14.780848466308129,10.091559673297072,14.571913488792909,16.07059555905796,17.48036206810538,16.7527500973311,16.687769944959133,15.826267158998837,16.27123538365723,12.871276495476108,13.3408840541122,15.784083404256611,13.993724743846762,15.693031354032115,15.25886176891444,13.687445573172145,15.216271266135603,16.437844500753684,19.04584503337713,15.56488283409424,15.176449757789552,14.063100230042942,14.97158420598506,16.72559191877739,17.495072146294646,18.85197347738921,16.15223425916916,12.489722015365542,11.51960420268164,17.839255596313695,15.730621628237328,16.919569518328963,17.22524158054045,16.981409539244197,16.05266044085476,17.44672157311898,11.686784475166434,18.450913703767952,12.628773229084567,16.892484513677985,15.11869195677834,12.998303590464548,16.664173451047795,16.268039559376316,18.89306237844345,14.382022913195096,14.026407151184255,7.067080348065422,13.802319788189513,14.778451806723778,13.99073170281672,11.600386392226309,16.213686312670944,16.445724437387263,16.531680630489994,15.96768542774287,16.31283611784682,13.55200033632362,15.134233466689052,16.576596242727106,18.432774316296435,14.980753815623943,15.684990438632884,16.78200150877737,16.204130076516638,15.220785050638344,16.17684901874711,17.115799788174428,17.9947936882563,15.15784819844328,16.180499137046453,16.35452597076671,17.988690175487072,19.232250767478853,17.24542923921566,15.802809389115998,15.25911889831653,11.737630353658671,15.89114341249949,14.232511202931525,15.202724292379822,13.381143843314444,15.864637531223469,18.10146942276428,17.978884470323077,18.08802949427585,17.979759056626673,16.436818567352702,16.9030814410534,18.34891111247788,16.09510638990965,13.549742124155692,17.776628799282975,16.718884643481218
14.566849657153234,12.866768923899356,12.759021098442917,9.893220006352903,0.0,11.06985758008376,15.709502776210764,12.629594054062316,12.870035830397892,15.731575813644124,16.494791652210356,16.985944803596627,15.877337320394677,15.248952502687027,16.2533206603326,12.894943999090408,14.277148411825216,16.105730590436362,14.519811998447429,17.191927713325768,17.537274651004697,13.761406638965507,15.451909450470891,17.015483486100052,18.92328828062973,17.07159516753994,15.140128670096663,11.975970923785976,16.377063621451352,14.850477347135016,15.639445794313207,17.727860153718936,14.892398331898336,11.25278221494758,11.605260936278048,16.53793730212988,15.80057315128222,15.87880686430612,16.51449313967898,17.277051227072754,14.76206743915799,15.04942646386924,11.88514020139554,16.44521585886354,11.69037106041126,15.53147580178604,13.656006967666816,11.467479327937305,14.10824035668493,15.249211731037503,16.685537358566243,13.213953980015363,14.300869184632573,10.352096318158427,9.935374645738706,12.584273088797207,15.560248048085482,11.672636953209343,15.200457881367406,14.01687727590674,15.17764093293714,15.438588531259894,15.82373034261622,13.568517486349478,17.72757234457228,16.747248145792252,18.32240790847409,15.404057607071495,17.012303365112434,17.117468018203517,17.889992807490348,16.589054454170242,15.528955526571286,18.480029427543037,18.95216916143233,15.675273363782436,17.156125906333045,15.37766531712705,16.50428413215779,17.741766106852886,19.07134539330986,15.654874842268754,14.276811622287362,12.876502981635197,16.971183956827712,14.626377133434032,16.1704601114733,12.66721195093482,15.949059591952432,18.58872182769488,16.564947896828688,17.424168709395413,18.331272469775044,14.549501849794716,17.664209008792987,17.3735558425455,15.882546717308577,12.34175403297058,16.775945586415702,16.66573478754938
12.411171215753582,12.52724095075329,8.066469780400425,15.373851131991396,11.06985758008376,0.0,12.503016247788333,13.21247350960981,8.510166047240103,12.876861994759684,18.266131409537387,17.247106441690864,16.457097261535342,13.826513259493908,14.299822701992554,12.56171592825834,15.66593393926724,12.796490160702946,14.2741087758476,15.0846995061306,14.95194563051014,16.443453903717135,14.5449997570165,16.648529198693705,15.8120824295959,17.946456329517545,13.692198125149083,13.165242923862834,14.573543638318084,13.132618290993458,13.89608549108324,15.747093336178343,12.881918299230456,13.71737731520115,14.451908287980892,11.11440673431532,15.550194595026932,13.86075927105944,15.379705615618,14.543333218904491,12.974196868313314,17.158035060934157,15.215249540603525,13.66022404222572,14.404869853832556,13.34551051784364,14.569971672993631,14.565336966641343,8.997100647703796,14.94500911251972,15.755734325803916,10.850292980744175,14.003442863587043,16.47663091111294,6.349656854633012,5.307863172231283,13.120237349741124,9.205176858148702,15.983216922251223,15.74382377302811,16.388768130003704,17.405847296967433,13.890489492765434,14.263312852141564,15.751616141976104,14.071085158626484,14.103582076752978,14.434902170200022,13.729079512334383,12.097304827498869,13.741360232857703,17.743972837444687,11.909091555295406,15.235260415115524,17.035650273234136,15.714346430002546,14.132017939082456,12.481426127761695,12.620780934198022,17.348166619596192,17.20605302253393,14.316449947229383,11.72729364410857,13.68027886753546,14.29982952658015,14.917882843456685,14.767466031739406,13.468215020691572,12.60633655713487,15.97117721415096,15.849737058441898,18.67090069046456,17.097710201513973,13.193240948148263,17.72914456562641,14.99251286710213,14.787672611268995,11.600234527057756,11.719832345899912,14.729698336979622
13.662135730449416,9.645352416664736,10.287770153149577,14.780848466308129,15.709502776210764,12.503016247788333,0.0,12.59685891444271,10.510975225026856,12.614461260915848,20.46151601679797,16.53552533924349,14.708188150226723,12.378135375863584,10.866920439997644,8.275134982588991,12.31442717478944,6.584796298536658,10.04954443844025,9.508727784459795,8.35422295663422,13.76110710390066,9.728358415403353,12.392251506209114,16.31912052197039,15.83090926556693,13.087600286921289,16.30131268078686,8.35019588393638,13.36424466833244,15.501710480797144,14.187851005079771,13.61027252515764,13.841525243130096,14.891541031966446,10.750734494919994,13.690820230223665,14.085364348165117,14.183164167949444,9.920191263844018,11.73673107990866,19.505871210586136,17.551369479483537,16.782872962585845,18.089819471152243,15.432554698067696,13.994431888224046,16.929233254688665,14.24088179557074,16.99875768348658,14.397448030589622,10.040066644197244,10.397508402638476,18.012386569912785,11.905673281000722,11.20939595213054,10.318693981100628,10.954989868149566,14.81342631760424,17.17498834524377,16.40591852596565,16.00322810916697,11.644568134587011,15.122991494355135,14.189545620912629,10.030972686458645,10.66967952813788,12.245716794972028,9.405911281521387,10.056208406657433,9.349453900587744,13.487305453650432,7.514231824412581,11.423648384582496,11.857760399397163,13.528295157776784,7.958681019045795,11.522552607572914,13.585399107464855,16.23935558450299,12.0917429486099,16.753317763350125,12.543058488981176,13.420262396514504,11.671062629945316,13.77229960042757,12.729891870351254,16.70396556804079,12.798431599789804,14.834685270993065,15.616543213227525,18.006900883699334,13.84167355043068,12.771364731478238,15.42228136059414,17.35968425378547,15.84560860975829,14.615865212767105,14.010064139636604,16.82512110292636
15.723802497346185,12.170927587771663,9.161602937847617,10.091559673297072,12.629594054062316,13.21247350960981,12.59685891444271,0.0,9.363955014215168,15.51358696150766,18.75752846808634,15.226727865035304,16.555938891894773,15.43697516810542,14.847562831265236,14.19476148354484,14.519936364741865,12.63517289315526,13.478344100251894,15.130040195509196,12.917510227258054,14.944406705047385,14.606336197258962,15.470250887658173,17.76627176848932,13.546902594029415,13.322682757054537,15.475417351880974,13.822912004423376,15.6888471134274,16.14179306194514,19.73464262398056,17.18633295828259,14.284459811182796,12.788063520322645,15.147168654522384,16.258804896661957,18.06202303359006,18.42649580256864,15.929798904898767,16.34478144742479,19.68559285082805,11.995373544753605,17.865984774243103,13.841528230322368,16.416277454445698,16.839158825287715,15.226292435576896,15.47399754234472,18.099465890073656,19.476367281154765,12.16262821456442,14.992192064684968,12.026618628494164,11.959870800067025,11.177613422815208,9.123782372837578,6.962742816094674,16.124656634780997,16.419359068850053,16.043053220544618,16.565658393836728,13.953077102937058,13.730520036823895,13.535719872803211,14.945150001159169,16.73617821476803,13.370211540817015,13.72461793235238,14.703445966455236,14.40937880057766,15.02055685016725,14.800691147790149,14.784151076187063,16.488198169944624,14.078728911988655,13.274814643458283,14.14170812163526,15.35110739956922,20.417423549667,16.20036988910221,17.2020619346855,14.401595032698218,12.311929071903185,13.137523712450689,13.418408879711375,15.28186535759796,14.752944596787618,15.862764841264866,18.029563675557966,20.004495766994825,18.91607709359469,17.75964180216483,16.271872034224998,15.653135356826375,17.315941779623024,16.079605601138237,14.64332488299198,17.063469232120745,17.737982235429033
12.630504889382191,12.32257128921186,6.190770897407937,14.571913488792909,12.870035830397892,8.510166047240103,10.510975225026856,9.363955014215168,0.0,13.804484652439154,19.19855216734082,16.741564118702804,16.404184828700522,14.453450242293105,12.85200376214065,11.902553665608885,15.154976406152176,10.552612698168762,13.036114053675105,13.9899476271952,12.842334223732614,16.357307988934206,13.853577490451244,14.870770798353242,16.080516889568486,15.322489182561952,13.34680574401228,15.515134362652422,12.819572422042162,13.842232592140393,15.352892039842285,16.922812238789728,15.526788000403917,14.366348858848818,14.980091218460828,11.042549007842366,14.7804208755959,15.614910272524211,15.95368016510698,13.727632762320424,14.01835798169866,18.558746404938574,14.657998353226946,16.243120617455126,15.092039480542516,15.27501540796443,15.907175089862672,16.30023961779212,11.67757808514469,16.58668428718631,16.789605387393028,8.865511444098118,12.729714799990282,15.75800072497448,8.895097762190973,6.412997886584624,9.389582056832843,7.523008607350419,15.267587427204626,15.496300009598642,15.674808155813352,16.37355384522963,13.685618292589616,14.79460661854132,14.923387416155975,13.256448468792383,13.71953475579959,12.99712368755822,13.387486487910422,12.671323112681812,12.710758844207014,17.02626880467501,12.53977336232799,13.071663442724844,14.962494871150692,14.27839200726321,12.051022093760512,12.838696468072207,12.755553281217134,18.807700263877923,16.207958616758805,16.96087304146509,13.494567360288022,14.900514174145036,13.785144794452322,14.374126546729784,14.05322105736656,15.585311462873316,13.3871581616257,16.50890262187065,17.412168906697776,18.899404002375224,15.24488320250912,14.396736337859718,16.56602777237874,16.568950251527248,15.920565529317892,14.388133984410755,13.840920621359528,16.02467810835375
13.493437695955452,13.01070939959102,12.709519020580805,16.07059555905796,15.731575813644124,12.876861994759684,12.614461260915848,15.51358696150766,13.804484652439154,0.0,16.434226081963057,13.547399949458612,13.770163617175388,12.223172627694067,13.353783338157294,12.198570981510382,14.422762889302843,14.202342221930634,14.629720609072862,15.689607856512897,14.223145703336757,15.024749391568545,13.5468121252032,14.037679575739448,11.731421373867644,14.682250299432884,15.579612766818965,14.471886508546165,14.176327999388423,13.693377153782617,12.819555399589182,14.751721550720523,12.663999283291874,16.00796037723712,15.096667831275916,14.175072293071588,16.446931454887512,13.174557923953785,15.551810004892946,12.9721480322207,15.234194433513172,18.622778579893563,18.03672450316968,14.208757827923948,15.821986889732097,16.505058530580264,16.63978240526091,16.38676965183057,14.3652476458207,18.28798573151337,14.287324799375972,12.664550089390127,15.306735316843229,17.782981486688065,13.199964513985776,13.53315950808613,15.503814343039185,14.570268548491043,12.163480901969423,15.268497856503028,12.982604975851022,15.20280924885722,12.235959259991024,16.48108136361727,16.083764801742035,13.8690246407462,14.777333059619105,16.28846816410299,15.014980866485468,13.301687529808785,13.068603580967212,15.18495524200219,11.717072419998871,12.888126432115708,15.052896282397343,11.823370824553624,13.473415040640962,12.400526437282387,13.292536820425232,17.093287706565704,16.267503637261168,17.33142287879884,12.212382038087975,15.973039367768443,15.244395388896669,14.78760149357033,15.692768915810849,15.518106819994154,15.084379473038686,16.64192492508784,15.358530566627843,15.994845730833491,16.472968652385916,14.838078322091569,17.066440489222988,15.575814117706472,17.728046182831303,15.685609060364134,14.352410805897993,17.846836419916265
18.924165039522386,19.751489913509165,19.037017276933557,17.48036206810538,16.494791652210356,18.266131409537387,20.46151601679797,18.75752846808634,19.19855216734082,16.434226081963057,0.0,12.454440773734635,18.04884804013244,17.88319053626801,19.182985662687457,19.23472161907713,17.795389679478006,20.078951045324512,18.51581344046668,20.72366763584304,20.62088664875664,18.13370494219628,20.34232812251893,19.09829305142977,15.53932637212942,17.455382322360293,19.03931832640492,15.931036502450771,21.16891352181612,18.00014820337265,15.45220860274052,17.090644486617855,17.820164036628938,16.486778628069,17.11916123021672,19.342386027527105,18.4488013868428,18.3628337737516,18.71246415917961,20.586301035149887,17.926838999839486,13.709445838876434,14.85492066409186,16.70732730687996,14.855746984190937,17.67963054450044,18.908516972062326,15.326988496500796,16.607902581165924,15.82739087421543,18.19161188114023,18.64912392465872,17.878559454084115,14.939434688003152,18.2730092869151,18.947524952074797,19.315077796954995,19.31681960394068,13.940374335682584,13.872565463836567,13.060866134430457,16.830223546164106,19.596887265273487,16.344843901919432,18.154246503043,19.17988691003735,19.571574089270587,18.45416401033684,19.204110626236908,19.582452910835187,19.491703863607626,19.11379377157425,19.979601048904552,19.534751123871363,18.836942477867115,18.44019211047519,20.768092319207348,19.324100143825568,19.06607781730961,16.702180703916365,20.52441705843829,15.875370086142068,18.5233462751341,18.77764302256537,20.328533778856137,19.830084955862997,18.80226830842234,16.070329396728695,18.988944756620917,18.928020229656205,16.879637373247128,15.168192126268,17.947170189859392,17.42416846760004,18.757099492183396,16.30312276137822,18.289021102598586,17.514521821320024,17.951703782262214,16.681743008754324
18.071549588956557,16.321967919218118,15.10659387013262,16.7527500973311,16.985944803596627,17.247106441690864,16.53552533924349,15.226727865035304,16.741564118702804,13.547399949458612,12.454440773734635,0.0,13.134808107367965,13.660640022936622,15.50120887825581,16.850849028478613,16.580623755230985,17.079596349866637,17.11434587510259,18.14151706494017,16.331477512385305,15.932069772169331,16.47445091428751,14.064110145637988,15.00683452718899,12.851109041044516,15.107996057215123,15.583595270553676,17.609152452269072,14.506241741998345,13.619220161600882,16.90572448902656,16.903590741698785,18.210761482310453,16.68235708075161,17.68408399465845,17.90832328535041,16.305507471509706,17.63903954987282,15.974873163492106,17.024430776109515,16.8567685216458,16.73317747299345,15.41457400019277,17.720603685341054,16.097136054469193,18.1855071583242,17.231459295494954,18.483840747152595,18.88115890104594,16.157283675236407,15.641135057241716,17.206586220374625,17.118611764114195,16.4868803674604,17.24559335296808,15.698518789206036,15.82999296771322,11.441194548161768,14.899551501898271,9.788066948315716,15.30087211554144,13.755928057109994,14.830938886182512,16.306505137140956,15.276165336473063,16.8573812190482,17.044787579388103,16.83623206773359,17.184223097839812,16.399805099399078,15.500798657347165,16.225018670720164,13.949084989036397,15.55710002813613,13.939055703075256,16.43530462241304,14.666806200260202,17.357891544343687,15.79746970229944,17.30292898130717,18.369817236065625,16.470330287446544,17.557163812077555,15.481335284551363,17.604043251431182,18.12371756029733,15.911497315641244,19.133601930611334,17.485614295133605,17.285814600383585,13.525840458820444,16.256067168749063,15.667139046757304,15.074068045778054,15.19577669713261,17.300021392920076,17.91054119975459,18.84820234773271,19.058936742794245
16.1291679121497,13.736335814813383,15.022564972919705,16.687769944959133,15.877337320394677,16.457097261535342,14.708188150226723,16.555938891894773,16.404184828700522,13.770163617175388,18.04884804013244,13.134808107367965,0.0,10.195018881668055,13.353176873611504,14.036958991693425,14.102789598105796,15.93479191884509,15.204523721711444,14.950422529868796,14.48327010311963,13.430051129079075,11.907553053243406,9.727687790577493,16.705664678056003,13.310100726389177,13.667039257028703,14.834615843051534,14.47867254387937,10.14895845822497,17.343127908452963,15.155032396944229,15.232531135157682,17.803191395237718,16.807660172353394,17.216534923103044,15.962878322528091,13.919871392596932,12.705042510260428,11.094857952578696,14.654687457344576,16.43260696557177,18.976790444699784,15.816641648728654,19.460564545350987,14.803645800055808,13.97312014869206,17.83347643937794,18.991609959052045,18.016074455015332,12.418556292959384,14.448289011636057,15.684797505587955,18.762424185215693,15.923222477833365,16.530807677585518,16.484990980382918,16.356621296195105,13.80907485585695,16.14526549159564,13.618137069153518,11.020570117444455,9.337067308331148,14.684270945406237,17.07646773765726,13.606932083373644,14.425156283200954,16.474384167832056,16.573935653469015,16.943620055570907,15.74049159484692,12.14341904785634,12.78275624051665,12.515715544494345,15.833962669566857,12.362402143429687,13.792978141196803,10.86864451115074,17.162997189811882,14.769285179377128,14.411419550339092,18.847861525697105,15.606332680811672,17.121732383259715,13.414708584144837,13.79359845666954,17.161151469047294,16.175599094194588,18.085252173485703,14.15710085708436,14.846297014530604,13.36905503060022,13.296664957292409,13.563971524332985,13.702464724253888,16.33008638305973,16.337100532620667,17.07105857801758,17.785723046615715,18.626722734021698
15.17523099797419,11.369993234295842,11.84230310055965,15.826267158998837,15.248952502687027,13.826513259493908,12.378135375863584,15.43697516810542,14.453450242293105,12.223172627694067,17.88319053626801,13.660640022936622,10.195018881668055,0.0,10.353486522503989,11.601400413388978,13.0506276356374,13.55185516379044,11.670092451720691,13.455734381218116,12.40997935490856,13.618131998753766,10.836163046016749,11.50885013755494,16.550649503430765,14.148392384074477,11.439049818884598,11.897839051497064,12.972882167267151,8.883396900277386,15.795360524347622,14.88834649604964,14.185177057464998,16.54558118730495,15.617160655854882,14.158426646156856,14.27660799519462,12.801955678684587,13.484529433988026,10.812172015143794,14.58996900864022,17.19132646296094,18.17441577020851,14.178710434557429,18.11269514683335,13.752149682186875,14.047603794823106,16.578998708325727,16.122705254941113,16.974800093064378,12.943338414086664,10.429705504155695,13.425693595708386,18.22505376187132,12.903315558526758,13.979395255738536,13.377107602343058,13.538407377909254,13.728514348032697,16.715502327699205,13.602685359170897,13.64118601198365,9.182743329958608,12.686657866111466,13.774517838763854,11.01777622845799,13.041412520340854,14.788174809343044,12.534983659956485,13.352945090963647,12.138992067757387,12.53788553634885,9.15761497096633,12.860471757011055,14.877585957641658,12.044802566591803,12.015257666325285,7.918152280077225,15.71589242966137,15.188762717087505,14.21353439871043,16.208202173727308,13.33956274311379,14.859887577504542,11.893371020513587,12.781865187788856,14.646126686889469,13.21319283796204,14.997367565715638,13.858105620266564,14.391667371752794,16.24949439111395,13.79517335289774,12.729328100560425,15.245833985959443,15.02844761558242,14.986476714996485,14.390423584341526,15.14685265160279,16.383411298821724
14.65863845264184,11.678099619644671,11.946379897276504,16.27123538365723,16.2533206603326,14.299822701992554,10.866920439997644,14.847562831265236,12.85200376214065,13.353783338157294,19.182985662687457,15.50120887825581,13.353176873611504,10.353486522503989,0.0,11.61568395412884,12.329494393636452,10.54391484104949,11.178735462968392,12.055801908161962,10.65952285084917,12.673298125179205,11.832975044330304,11.868525538709394,16.9964851091829,15.353485741627972,10.618002222452912,13.809354234874249,9.280503595275558,12.393821776414226,14.70508399590724,14.633725562077585,14.031749964570205,14.28175999206517,14.229405431933746,10.52031667768707,10.528462218404092,13.824746818229457,13.53271625590187,11.032178001545834,11.966820832723595,18.53833805382889,18.483377961285164,12.37477400326116,17.47609685576413,12.66419391322144,13.262045989506673,15.31372042988466,14.677150989619982,14.669785897369431,13.734605365930932,10.531650667169195,14.109991972519955,18.762010642742336,12.517773273296797,14.107352131948558,12.98194015849742,12.90686379652038,13.172182706606876,14.830825931192004,13.377890878941566,13.353238814290204,9.566571343011958,12.72424701967578,13.200989275870713,7.274086130284427,13.216624300614832,12.645093274902152,12.124041762543728,13.026885839318831,11.220936345135796,13.42734952370408,9.476298319342671,12.636540241956178,10.130206160188065,12.823278230039197,8.581685471743175,11.343987080752274,13.555934635682418,15.862908810627518,13.747750746282678,16.33095416970205,14.053004461322368,14.670490411031835,11.678030272763856,13.753958030858582,11.39594732215732,15.22369113314888,12.88399213482112,16.03964821586252,16.42940008864186,17.09550320136342,13.710450628688532,14.412389546387775,16.218158272300165,14.003991483472332,14.789905528390856,14.34184654367154,14.138988670598753,15.110426735183609
11.698039059384651,8.022051796166894,11.790168400489389,12.871276495476108,12.894943999090408,12.56171592825834,8.275134982588991,14.19476148354484,11.902553665608885,12.198570981510382,19.23472161907713,16.850849028478613,14.036958991693425,11.601400413388978,11.61568395412884,0.0,11.631002471007324,10.36477684861147,11.87715996910022,11.545176964339024,12.81156572728118,12.220867743218989,10.32556235362824,12.781782718560608,16.554922712608544,16.66368268953986,13.458299979398053,13.667660431706365,11.457976470021876,13.106334670575524,15.4417763908822,12.245328127975718,11.040623443250873,12.040977391792785,13.067010204438487,12.774002930165308,13.606872693370237,12.435144099757473,12.55361620678883,11.853954073729446,10.839485410176154,17.21539154047593,16.918940039131865,16.41851815619986,16.592536793206595,14.494042665792646,12.244984160188908,14.6066147003867,14.255522351624604,16.404198360895048,12.8022093461432,8.395642579289317,8.675113224485091,15.98659094496092,11.464595814395771,12.36469882463887,13.294264101396394,12.609970509316383,13.827678322434837,15.719769792961904,15.184611337549176,15.75661961283014,13.418894522337212,15.377863518983526,15.857160013512395,11.761094285283052,12.675785654710683,15.408004925874229,13.461134711669942,12.200783361050544,12.672976514733593,13.432254843195832,10.086470584996288,13.408289095271876,14.62254046461304,13.59659025349594,12.315001716429167,12.567407213839797,14.362633216160098,15.562714695272469,14.470203298995289,15.564931753563163,13.24710335489255,13.17948875470681,14.170890786629522,13.517285016726838,14.351097297474231,14.5976081256778,13.557166978067622,15.472895579372652,13.24687016475716,17.177216600890645,14.757504122635073,12.31807510357,16.521467458101174,17.05030532580281,15.98612051473093,13.20385119192244,14.691721065132096,16.599968527901897
15.025987810927909,11.586637589126171,14.372716523656154,13.3408840541122,14.277148411825216,15.66593393926724,12.31442717478944,14.519936364741865,15.154976406152176,14.422762889302843,17.795389679478006,16.580623755230985,14.102789598105796,13.0506276356374,12.329494393636452,11.631002471007324,0.0,11.927480142194236,9.461776515265823,14.000717566528984,12.685417513592732,9.249760601812271,11.387936012757294,14.55834948834762,18.62975222418436,14.60740633421448,15.57973473181032,12.4594592859125,11.876420662388009,15.758226601714114,15.419276668952117,17.122153448446852,12.692499860676138,11.316696018482103,10.370912258595917,15.37600132268049,13.39904599434666,16.636194724338907,15.105251436906912,15.77520899189611,15.233413202381138,18.923027308616696,17.104762323998713,15.692195963010445,14.63908896926914,16.6416470194715,15.882254578254862,12.705820781640217,15.708195914232888,16.12667045908058,15.5980438371806,13.20060800415295,13.956931199594084,15.320047107421388,13.63840115555246,15.1988031692362,15.64826150729228,14.260794284111189,15.982293030722523,16.14828618227643,15.688961173932856,13.018635188194962,13.286144378935338,13.4305264126637,13.727304558295778,12.555977781390904,17.17731492593444,13.006396157194953,13.086511583355003,14.122525830177592,14.999496902563902,12.705587516748212,11.644423810850258,16.3370182433114,15.774517604451962,16.215477876432754,12.509784508373295,12.74589296518764,13.51396050101298,18.43768965037032,15.465251092942028,14.819167190217737,12.348022805833484,10.739662649499206,15.248385785014731,14.652903520311416,12.85721260267586,11.82836897193,14.17549440322205,18.319722102223743,16.640239581455337,18.94510842599685,17.047602386224256,15.54985391925428,18.59141018842738,16.539472445507478,17.53309274716244,11.9211994732186,15.6997613809274,16.590307485932644
13.25767666985172,11.386429220546662,10.649651181082776,15.784083404256611,16.105730590436362,12.796490160702946,6.584796298536658,12.63517289315526,10.552612698168762,14.202342221930634,20.078951045324512,17.079596349866637,15.93479191884509,13.55185516379044,10.54391484104949,10.36477684861147,11.927480142194236,0.0,10.319493440784631,8.623186085063923,7.913867630855783,13.343638451415108,9.900043567376027,13.938884446716404,15.8043224553734,15.451953485892332,11.870324109779478,15.18342855868748,8.294430686533339,14.331952107714615,15.413450455270834,14.800253855405908,13.850842037496852,12.734209856580335,13.560262006950316,8.034386572766495,11.905361342271515,15.243659705946056,15.48574619093366,12.61470248825382,11.732661027740152,19.588389312160803,16.158434109396914,16.027732156497414,16.929638495964536,14.792761572368656,14.086841163096503,15.52209358915828,12.659675819653604,15.71026623813014,14.98827231688141,10.665839639371624,11.860860633768754,18.16174495992293,12.044642601402396,11.387668674995137,10.105373324334284,10.876539360306806,15.168412154703937,17.086844483781096,16.98693908968466,17.038303152857733,12.55143920200912,14.38396716219344,12.328270681022053,9.657905670331091,12.280063527774963,11.80006848372868,9.945615570906677,8.807565050008158,9.967625110587193,14.796326075103648,8.154069945751653,13.243132729778935,11.533841923152972,15.07499986769032,7.633586208221815,12.16300411966663,13.271536101633078,17.279419204659064,13.13727424913015,16.592308405357333,13.410189513755974,13.012270397553142,11.540394996043988,14.20639511563782,11.33532436581724,15.521017384117188,10.207165301578232,15.929325321415057,16.926516276888524,18.779905585037184,15.78783275214173,14.320374832002344,16.619950292628083,16.979545809824486,16.105916036287137,13.861621910909903,12.58528322035722,15.952926855909745
17.079884183759624,12.330237177576352,12.572932671649072,13.993724743846762,14.519811998447429,14.2741087758476,10.04954443844025,13.478344100251894,13.036114053675105,14.629720609072862,18.51581344046668,17.11434587510259,15.204523721711444,11.670092451720691,11.178735462968392,11.87715996910022,9.461776515265823,10.319493440784631,0.0,12.28032571932871,10.135305063612217,12.769478620292498,12.074499877294407,13.60629316362821,18.492682140371556,14.832368540278868,13.220512676557652,15.258339955203969,10.379519287194547,15.012686624428213,17.064558074376652,17.914861559122418,16.05020793850626,12.066321327009096,12.946037525532205,13.25443131321432,13.174727658737554,16.90936012597119,15.496292175000145,13.356517263396166,14.389473389018224,19.28508717570514,16.29056594110185,16.979693483703368,16.527097076317567,16.965868800367737,15.189531095611478,15.278960490970992,15.100293405046449,16.11343881831184,16.54051680620338,11.757925312535676,12.236135844026842,15.962180670181803,11.99944430598376,13.593814010760685,12.844161607667896,12.039698877205744,15.601523353359775,16.54549143138683,16.276752723669578,15.044809822209505,12.88110003879414,12.345710401471685,12.90830090067308,11.58379765971875,14.46293951074154,10.431316025296615,10.282542602906656,12.815088667578808,11.718100436434211,13.7497083401834,9.948310874060205,14.796081997624418,13.957755965391977,14.726610703303498,10.801382180315288,11.820465617309932,15.788339214579048,18.059391652178952,14.866632137629765,15.710575915777587,14.359912541752692,12.991431478166996,13.39136671698082,14.044617371337548,12.064338967258422,15.015100009033638,13.620247919894371,16.618851107772347,17.412795686983543,19.597794991756093,14.15904496647257,16.133872346533654,17.796924194075736,17.56840336842667,16.1910737531763,13.175663935811142,15.081798389551295,16.224195233369713
14.666091045497645,11.416257526154,14.09092330978292,15.693031354032115,17.191927713325768,15.0846995061306,9.508727784459795,15.130040195509196,13.9899476271952,15.689607856512897,20.72366763584304,18.14151706494017,14.950422529868796,13.455734381218116,12.055801908161962,11.545176964339024,14.000717566528984,8.623186085063923,12.28032571932871,0.0,8.299697834132362,15.14674831186714,9.828876167572348,12.08071154792611,15.665541791101102,15.636117678387553,10.984433201391877,16.787879964388704,7.979275286140994,14.417335428608832,18.672315968013145,13.726222962664297,15.184349505243617,16.27051215813423,16.947921312835142,10.02851162597145,12.341558163827342,13.00818069613261,13.077995729591937,9.692217830110732,11.80874166155903,17.60938469428326,17.409618657192702,16.35913364176145,18.531506537581187,13.7129073729852,12.50812333578166,18.23968196958404,14.974408966521192,15.11753992875978,13.443163596524167,13.062376668608044,11.727936697153508,18.635239647611098,14.555161291204334,13.8475715963147,11.852100611196564,13.677838517603425,18.028330957336856,19.80202167218176,19.20773326875223,17.687625196544325,12.818825824559426,16.3662921619299,13.642290511995242,9.879059190310416,9.314305790249486,14.29457764557992,10.426963217854238,9.766227460355966,9.11530663386103,12.944565611673742,9.514020166671605,11.74692200311871,11.922010724896037,13.890702495467144,8.89899598473872,12.580795885993869,15.793315649575892,15.145252569335932,8.039074221932207,16.144034806415675,15.524022939986557,13.956306192871075,9.60078016937181,11.350065461044386,12.309984194527964,17.407633124636963,9.892669714557288,10.647221005611833,15.010731646590536,17.759849189910557,14.045394303327628,14.324288589274722,12.91879185957123,16.869552852727434,12.97270836631036,16.16017356462818,12.69256636401136,15.055417678128082
16.22663893660607,11.688745362654892,12.02128014317629,15.25886176891444,17.537274651004697,14.95194563051014,8.35422295663422,12.917510227258054,12.842334223732614,14.223145703336757,20.62088664875664,16.331477512385305,14.48327010311963,12.40997935490856,10.65952285084917,12.81156572728118,12.685417513592732,7.913867630855783,10.135305063612217,8.299697834132362,0.0,14.111946497093571,9.85816663254844,11.763572067177623,16.14597688084868,13.00282678529122,11.637300156329689,16.611199588364684,7.027168907689511,13.824232468745306,17.302600499964974,16.225833558314854,16.052718843283383,15.868725444863095,15.334356505293515,11.343788850688435,13.554017300828235,15.565671814307033,15.343264414808257,10.358304969738096,14.71670960701041,20.635225406787352,17.98281213388877,16.939568206791126,18.806358805489182,16.3692219715203,15.015134245299182,17.961023415251123,16.15617564685989,17.44588833946777,15.858345676493965,13.024664497177463,13.284639882264612,18.246634657586387,13.619121156873776,13.22387630273637,10.240519329381316,11.55894838585322,16.262389379348487,18.60473083380147,17.369541340524126,16.610017820838607,10.305579679648456,13.6630949584683,10.758950615893298,9.186397977117274,12.513292505176146,11.241889962999885,7.979609165837696,9.930365916315775,7.10634106690962,13.209849991300638,8.727381959469035,11.688528454900055,10.334898453506876,12.68504858181096,6.878434432921688,11.191819707371623,15.634410105910504,17.170466644865275,10.440114801261169,17.477624910041385,14.19700227521136,13.687223387298571,10.2245750096263,13.665137595497088,11.92273688612176,16.82900557184219,12.000393788315607,14.746619141986022,17.75725993493736,18.803170622123865,14.360642099803083,16.116128771000902,15.27424170923368,17.680212532007847,16.335530271524338,15.94422005180559,14.30530778322634,17.09323446240944
