Var0,Var1,Var2,Var3,Var4,Var5,Var6,Var7,Var8,Var9,Var10,Var11,Var12,Var13,Var14,Var15,Var16,Var17,Var18,Var19,Var20,Var21,Var22,Var23,Var24,Var25,Var26,Var27,Var28,Var29,Var30,Var31,Var32,Var33,Var34,Var35,Var36,Var37,Var38,Var39,Var40,Var41,Var42,Var43,Var44,Var45,Var46,Var47,Var48,Var49,Var50,Var51,Var52,Var53,Var54,Var55,Var56,Var57,Var58,Var59,Var60,Var61,Var62,Var63,Var64,Var65,Var66,Var67,Var68,Var69,Var70,Var71,Var72,Var73,Var74,Var75,Var76,Var77,Var78,Var79,Var80,Var81,Var82,Var83,Var84,Var85,Var86,Var87,Var88,Var89,Var90,Var91,Var92,Var93,Var94,Var95,Var96,Var97,Var98,Var99
0.0,18.517151758782497,17.365747478470436,18.648240440873707,19.564318982511026,17.84759930269099,15.940679894956952,18.221228526172407,18.39958702862806,17.21411779461499,19.632511208319077,17.570210797220085,16.128561433754008,19.81995751502681,18.953823533486617,15.981737610252488,21.82955100042759,20.959742595497943,21.15115581574005,15.8757458682355,19.02412826954976,22.66219611732162,18.35341823095281,19.464568779390422,19.28968207067572,21.828434128269134,20.371845964098807,21.23332332449217,16.53708772005725,21.319479528056444,19.34465886917494,17.43060976093159,16.62552099912153,22.522094181955268,22.27843184925453,16.295174061949403,18.50820034132866,18.923661683139304,20.705083089581,16.937418591632145,17.39829444126155,19.18928756160417,20.137726569644617,17.8025720594538,19.82626356826557,19.0484607585409,20.6930382341924,17.982886299876043,12.857723347864136,17.579753527864476,14.381523058358937,17.953114083562543,16.98718089340154,19.182346479458296,18.186917449338036,17.395637237648376,17.572534628248757,19.575277905608743,18.034205375043623,19.820691394688424,18.662732449903128,17.207961322962728,20.30428854618371,21.763975068465648,20.269162326085485,20.457181103827544,12.879675796083022,23.15332863178627,22.477134669440677,21.009837414743448,17.71688847110237,22.13543417290725,19.84133138449469,16.95713781480105,20.60823785705141,21.484470096039185,19.607892904465377,22.2717535480746,19.359771463334493,18.32871156138877,21.582864331075992,17.91424574330437,19.119792801127417,22.071407073277246,21.362379275376515,19.00783291849807,19.47619696080157,20.613622003583625,16.539542152442362,14.640870334173192,19.58285137359737,19.29988624940486,19.69317965768946,18.687908373414764,19.10979627680165,17.6103653525572,18.000723688745413,16.60315923213953,12.41955332176643,16.61690625657876
18.517151758782497,0.0,11.948982855224294,10.228159808976615,6.94922633500552,13.49678290923122,15.459557080862997,8.004075734382152,14.275827612777857,18.39373455234815,16.307136136243873,16.044041375164085,17.561899824399614,19.29740245309601,18.95282906006781,10.633721914413782,19.901960454793603,15.981460972882386,20.500718146035283,15.59599107945317,16.060892498661744,19.483865037917116,15.76783066440997,17.918346109638534,18.975797718304342,16.260539520253207,18.5845775120778,19.078090343005258,20.59211351491541,16.00191546056869,19.00230838728164,13.737173583651598,17.540794072828625,19.941929221236517,18.38231099320019,15.390718185041958,20.230113267451383,17.673964355316045,19.92072280984179,19.357789828572724,18.561340779094248,16.046366500776546,17.61270773064095,20.536011690424225,19.85170436106772,17.089968742874706,18.33031448005768,18.08785135946329,18.14304675357212,19.29122060240302,18.18901911896019,7.41671257041485,12.167517576495811,8.808260570441954,10.698527547224838,14.586636013669498,8.714396092021907,10.195285799588529,19.650586060114254,17.573457752878337,15.779061825420088,18.154536482742127,18.819056542623542,18.888988930375454,18.11460276129453,19.395519204057347,17.675446042207206,21.224780951372477,18.245937334492247,14.863392277805016,16.950868923119764,18.244776334515976,17.78219212825031,18.040099698317984,17.36020644975881,17.226413236906218,21.280934154981026,16.676018392111313,18.05367904936085,18.699181756129413,18.52489840728217,18.59665804708463,18.00180766808018,17.278237545361865,19.035259513477016,15.591257098848306,19.561192271865863,18.332237643416796,16.669462133078003,18.42997854625636,17.353804700612407,20.49753836596007,18.7729797604258,18.977987879742223,16.651335336235725,19.00459470269771,15.862258988258384,17.298575644598944,19.045967919697656,18.843565417609227
17.365747478470436,11.948982855224294,0.0,16.767821575754734,10.935032601025217,7.452422179480778,16.79912471963388,10.566804812856176,9.378367736816616,16.126445516414957,15.920788192978703,15.549219530759878,19.324481580280228,22.01391993628074,19.34074806626646,13.506968327482108,20.103577725189243,17.21109288590854,20.44799614749099,16.368456388603608,14.442045565525472,20.682484358550493,17.501715735737257,16.403876242467717,18.81259471998228,17.929907241399746,18.076430213632435,21.89099960409757,20.46101680678031,18.36183094973708,19.748515921038887,17.537575945035734,18.70465924568134,21.06657970138533,18.53445327586542,14.541431006750418,22.658009620221023,19.285683509817684,17.58531555313721,19.26456238416616,19.29099720113807,17.690809514689334,17.56143326399084,21.150517409193903,19.876632553102148,19.20293494623439,19.50056530091053,20.95006722764799,16.807516574174837,20.682299348896795,18.32305423200434,11.052220233721998,14.889652735913142,14.70013019315244,7.030450794611927,8.930316076326035,13.389089340619568,8.659900690267646,17.1874505363928,18.131678185849008,17.03457919325257,20.317059647579725,20.82472199015734,20.7108432135599,16.461625063520163,18.99724046595896,17.473765902705857,22.35842511527232,19.48377768860028,17.563343028270086,16.03462916634326,20.934695855749013,16.76599653362088,17.024265141389133,16.91456734537315,17.061277505989874,20.866173819341668,19.33568796854249,18.8619576973262,19.764415949287876,19.18504573000373,19.327498301084592,16.975343377788064,17.82070344621702,18.75668567210695,18.096918221058537,22.02053378400293,20.407571563961383,18.302014882757398,19.87154592236347,19.143492773771097,19.96359500416956,18.69331606019062,19.300918867103945,16.96019675353979,20.57229047246208,19.184162685173767,19.07220809971271,17.85539021838883,20.78022050594536
18.648240440873707,10.228159808976615,16.767821575754734,0.0,9.94326049471184,17.36225355574308,15.435100528698808,13.011643984004314,18.07548364529559,19.99209230741468,18.35366095156965,17.78926012589872,17.986021236699592,17.665003559790797,19.27116331085828,14.543897185302624,21.52425481863896,19.02126995961509,21.61065882420371,16.36182957660157,19.572239644892804,19.385602441322728,16.37427020240169,19.1152266741654,18.48567625516458,17.652342984708323,19.09825763305149,16.90786445286092,19.654291363816583,17.724163165292325,17.66343616704206,15.388023414670291,16.06618180652723,19.07349816474156,18.58624448205148,17.704568683352505,17.744032268290823,17.453975453922375,19.739907579052712,19.691982627224714,17.262770328092554,16.021530014555832,18.35638180309052,17.799018894251656,18.23589407457493,16.352783125915913,17.397038790197062,14.955173001389696,17.642404812248014,17.44083307358311,18.60533656310832,12.189018149452444,14.698566177563515,6.182368696600808,15.013195995961134,17.805402412399744,12.71224919326969,15.513728508279875,20.853458622665983,18.370469474874056,17.43530290395675,17.38402760374919,18.714705565671867,19.12363434886195,20.8350005277897,19.37377150162056,17.623360146958092,22.17631817161939,19.93338585028813,18.12319590796563,20.03782962564068,18.927248324577015,20.86903527500904,18.63340319511713,19.979803050780507,18.21973916549639,21.559631919354377,18.261132140986973,18.451888420248977,18.64133147714256,19.29725715913233,18.12503139500777,19.911557092829703,19.27999830431464,20.116276265876856,15.875073463929732,18.49134123152814,17.309955014828205,17.761029834974508,16.799519508542026,16.649666608759716,20.02410459741265,18.92147873015798,19.22514221003259,17.493813150711077,16.989763520408374,15.790017280370046,16.226497835781903,18.86914657922745,17.005106895246726
19.564318982511026,6.94922633500552,10.935032601025217,9.94326049471184,0.0,11.7127454124395,15.229284631704004,8.991194737330442,12.96339674773936,18.47826829918151,15.364510319356365,15.85228864889198,18.416979236928352,20.302359117823915,19.32454378275727,12.575964981255476,19.96269073315045,17.005514171921845,20.813816837264767,15.950968677935792,16.734171643571422,19.10004126674636,15.864038249084416,16.643370262517223,18.68624472879791,15.868560484372614,17.470010006242777,19.457272876316058,20.38512807573441,16.434272167824883,18.605409454741423,14.658308076882442,17.69424247732378,20.15176219472022,17.724768462599744,15.4044897617676,20.9833264703544,17.161684515544092,18.80625827224384,19.258171458852964,17.808408284306356,15.621646896672663,16.360851715470865,20.047628982815148,18.37627004755972,16.425599063332562,17.755002491419933,17.529809013696873,17.19725729010174,19.06971672069615,18.056901989984365,9.76098878763289,14.007262185705832,7.942809910101421,9.22973395163281,13.203949345446508,11.635589784491218,10.26033974197008,19.293284429474458,16.59830391272194,15.931260471449022,19.17632668318004,19.868977493956614,19.485175432615165,17.531416945028607,19.180353502941674,17.523807401794954,22.113379984426697,19.394395348174687,17.28829106457672,18.050603650743017,19.149070807210457,18.35393212822581,17.749558990785957,17.440793352238103,16.365768199833756,21.392851928727342,17.510498979063943,17.746422437468617,18.527014084185875,19.105569864640184,19.3565761653869,17.331541714096513,17.41966779789157,19.28516949277543,16.84327756710103,20.466582947743884,18.511532868965315,18.20888241997944,18.838138261514025,17.442678866799902,19.69093405007062,18.23526138153436,18.400945005267847,15.386747264185436,18.435635700020796,16.10372912739994,17.39447168047089,18.839789104388064,18.97893917914448
17.84759930269099,13.49678290923122,7.452422179480778,17.36225355574308,11.7127454124395,0.0,17.128825874546774,12.3699364745056,6.348511920108869,14.75656578423516,16.15031718092822,15.24487141159169,18.88843136548032,21.785026841601844,19.01408326410788,13.590478178811663,20.49186185743314,18.54817143926327,20.304854581154924,14.760745940449835,13.861210944740336,21.68532695402564,18.15688447914783,16.631102215155334,18.12053362769121,18.029323227226445,16.467394292925118,20.09967500780652,19.09449738708301,18.93553626330311,19.89459036287172,16.654069500097343,18.53042625447437,21.924083432623988,19.659356783884817,13.291216472839066,22.436371010452213,18.249224005520425,18.09530465722191,18.68145410117713,19.259986307767043,17.370719966418914,17.730660125301693,19.178593795988725,19.333217036209597,17.42834389838114,20.080855132857597,20.077284085559675,14.603459478491793,19.70761720950461,18.514613284699845,12.044413544901088,16.344976203210035,15.668296645129429,5.881802401527723,6.061312369278937,15.357731164875434,9.198878667191826,16.795264321350835,18.935712898422945,16.93356500445849,20.04654131600176,19.468000583293648,20.33427280459684,16.298670919663913,19.03141804093657,17.201198753986645,23.03448345267969,20.469951065986347,19.090876762945243,15.393966643554355,22.191101516208164,17.294087125158534,16.709479510456756,16.539467831035786,16.98981838966028,20.42032405130174,19.4531865951892,18.409993600577216,20.372716706211776,20.127388192398996,19.927124425741617,17.284555333472223,19.08347807444241,18.17089995459193,19.216660888073147,22.29103396063963,18.98783419938449,18.06515344077681,19.78241359692298,19.58085439659188,19.79116155758485,18.852519141895243,19.600803580017025,17.53001030492538,18.61394461612069,18.04810047693072,18.551489343451564,16.514987766955112,19.97781278558517
15.940679894956952,15.459557080862997,16.79912471963388,15.435100528698808,15.229284631704004,17.128825874546774,0.0,14.37337221050161,16.474690191970712,18.578695441628845,19.68112442040195,18.0674324431346,14.616552982964649,20.180780198958523,20.506988736706077,13.971627392542484,21.67379864091073,19.107328262730363,21.027074623677787,15.244317105050191,18.70983798623951,22.28249620561116,15.27391642765002,16.837685750977656,20.374642917054448,19.8859236893035,20.379812003839355,20.71064537437906,19.60223578092867,19.13169822661024,18.258553883830384,16.61402450653254,19.03992539620167,22.44031212971796,21.6776923745204,14.833699468247206,19.024302303647588,15.389661029435151,18.93539590507176,14.38097161685426,14.326806585080355,16.264303959666808,18.18799888801564,17.49800125516623,18.58229680378852,15.219600754317543,18.482489885680803,17.03731698511299,16.808107202222878,15.6200010557704,18.846011868222607,16.06014680022792,11.288358821730226,14.388468198871086,15.94009617929213,15.940543910671485,12.819445678350254,16.145106862284738,19.12714061904802,19.318048550190117,17.61247261404528,15.956466116264862,20.355781323871916,20.42734983766453,19.390655586604385,20.73656061003738,8.638015128262873,22.31597934762515,22.75392788952811,19.960346659326184,17.857144702337248,20.94919655456021,16.686802005430124,13.597522272204133,19.21855309194695,20.814739089848167,21.16347756878677,20.35241383874644,18.57461832091772,15.38947061927879,21.871721733913432,18.65142720407161,19.91097703335651,20.85651865095542,21.36135350174245,16.262806412022826,18.692431421771367,19.89944359570517,16.146847698926454,13.117856737545434,16.520207367788384,16.347089417386442,16.736130119968838,14.28325648002914,15.115553823138796,15.43145195231638,13.244076552138804,16.37775662394039,15.777858529391931,14.070391174283408
18.221228526172407,8.004075734382152,10.566804812856176,13.011643984004314,8.991194737330442,12.3699364745056,14.37337221050161,0.0,12.071402587787771,18.009868763954454,17.876245384838345,16.744865783327764,17.92610033278218,19.10826719895997,18.885794086835837,11.529453567025094,20.01453604127578,15.599558277389209,19.334897082047014,16.078099407964725,14.519861406673169,20.422083419898733,15.928890021571704,17.807331819647743,19.63721569007944,17.8392129982185,18.85179595946225,20.1882520911376,20.359612089708243,17.77806894027362,19.75448123207471,15.91327535284258,18.50855425783492,20.83570533203316,19.45404709067185,15.557475670965662,21.652037572360012,18.820928443749107,19.488075047216874,19.385513211529297,19.45670986964404,17.080190708294932,18.78881568473346,20.80388632000424,20.0655120990689,18.85895434229423,19.66924021750588,20.32761022817234,18.022107566739837,20.458798694616004,19.09047856962057,8.630610268756966,12.018961258102618,11.7884568999951,10.245123110958987,12.864434504870507,8.4290677184381,7.933027348032077,20.222316135225487,18.84312147489296,17.235820403214277,18.73344019448669,19.49166765874765,18.72230063709285,17.43119253582915,19.485130527938523,17.06532679742285,21.03096853077612,18.63802644627472,15.50352927848245,16.433765530289076,19.51328083367578,16.565476632639747,17.781340992473453,17.58006862705524,18.257108932530883,20.86006706638557,18.115210924758163,17.90360823553699,19.225990878638427,18.778816243072136,19.54153797285681,17.700886325820274,17.252221423961426,19.0622658003458,17.06231939122221,20.556682687718418,19.17226413155325,17.24752104461656,18.40582537789788,18.264061862360563,20.20262911529638,18.20877480210325,18.972430364223047,16.808919675085026,19.04754840567828,17.099867508121292,18.432216131888996,19.140680323441902,19.749346879939644
18.39958702862806,14.275827612777857,9.378367736816616,18.07548364529559,12.96339674773936,6.348511920108869,16.474690191970712,12.071402587787771,0.0,14.325263536263858,16.788374468775903,15.545931406655868,18.65974816362971,21.79305939119472,19.28297687260013,14.880152418769397,20.905429079585797,19.021495364815404,19.916461230294477,15.767288677733736,14.585629343265165,22.20183247697011,19.21060982064879,15.840723137667643,18.443620199079305,17.795889170254853,17.77941202684107,20.30830332513456,19.367177219609093,19.201828754663445,20.591685613690696,17.328296780542892,19.384451533186667,22.49335247876371,20.725148282323254,12.916343484266504,21.406245095754254,17.92333192007727,18.464899500953667,18.327059608730337,18.53532583801869,18.30650165195577,18.19326376405784,18.553715653162527,19.67368060972856,17.41458563636533,20.424647479343506,20.62312385319297,15.355720061055022,18.590968052788423,19.471711630378454,12.718919280367514,16.850313120208266,16.656504459858454,7.9679257355461,6.615102090269812,15.578553182459162,7.706403903066024,16.22566193005093,18.549593538242966,16.532138496678122,19.62242509222335,19.16479025958096,21.29053608333491,17.669741676649075,19.966060794011007,16.658706038015218,23.470454020348413,21.26613953522685,19.75361696035748,15.965104278873278,22.733377472202385,17.263572090052552,16.54328759582901,16.156511949593217,17.096337616051773,20.76865256912744,18.987655299685,18.72167078152773,19.990806930879213,20.37549804918531,20.26762367822699,18.281102277371783,19.55775996423169,18.822836380914552,19.65442540956546,21.48121873921427,18.69863874046473,18.36869085903439,19.07863566416908,19.714840428016178,19.77093342044737,18.471012087901823,19.26601430929786,17.040278732042207,17.71909500015061,17.848609979163754,19.99502981269152,17.006252194644237,18.93189727346115
17.21411779461499,18.39373455234815,16.126445516414957,19.99209230741468,18.47826829918151,14.75656578423516,18.578695441628845,18.009868763954454,14.325263536263858,0.0,16.315683839959842,15.969297339111352,18.98871530478373,21.216127496033558,20.722413217293678,18.904201642951573,22.72259921048872,22.08867991611995,19.95296101622591,16.922504260921468,18.280984599192852,24.37188255991008,20.86264196475434,18.857297210600308,15.89168955143213,19.853515915454395,18.36861271729852,19.26399562171205,19.42610296929871,20.805239640243585,20.212088707256772,16.854282505483866,19.562488889468437,23.57327018849393,20.89179466756813,14.23734992059662,18.56939414560226,15.805065624287993,17.5189374784532,13.703305769783316,19.040110337579478,17.096504486421246,18.54547621610599,17.819299992626693,18.919179941068176,17.853908158264243,20.56181941838108,19.580951089413755,14.62676056268224,17.41480424309045,18.385535118114674,17.031738607970272,20.26458119017687,19.98831743907344,16.343162793646833,14.78490214222492,19.957839188417974,16.697582836004777,8.137018337677164,20.509557059930387,16.982688153595987,18.4944264211638,17.592712277940535,20.263594418477325,19.99608688874069,21.291813198119154,16.160753300485435,22.999409853000508,23.120916342113222,23.05882842269691,17.82147449603581,23.152331370999768,19.094751267972885,11.4951379220241,18.580972731579195,19.3058070959116,20.911488316965,17.531987715862222,20.36522562906614,18.725404755781632,22.233413366026948,21.27183915052895,19.404022776319135,20.24666249852027,19.86664809109936,18.594356100888387,19.752480578260244,17.616222432668966,18.129879869132317,19.441335530995044,20.20430705827192,15.409281230579191,14.134326483762791,19.48760795355297,18.3847791105021,17.087888193109205,17.3542851309404,21.113015402477227,14.732670341839972,17.084666053928828
19.632511208319077,16.307136136243873,15.920788192978703,18.35366095156965,15.364510319356365,16.15031718092822,19.68112442040195,17.876245384838345,16.788374468775903,16.315683839959842,0.0,16.236841512591347,18.854402026095567,19.90265232894927,18.34794145011008,18.51009807017209,19.00202688388161,19.729534760165755,20.07604843640816,18.99344558208067,18.82207750240141,18.929571326024966,18.14622828784545,16.994328947989008,17.960369283829,15.62313334039268,18.47944398248351,21.523520746812856,20.427147439760724,16.57818821917283,20.669301655986583,16.447427811960996,19.336138734346783,20.39593956870742,17.799320135481707,18.34498066870377,21.74000826150461,18.30083534126369,17.674804533859984,17.531793774059462,18.221957473494516,18.175667523895363,16.743629798633396,21.265415782268537,19.45537566349476,18.308225575987983,17.29705066759824,18.787481810608107,17.861496998149626,20.0532264410001,19.35126979543979,17.684699929346955,20.19718752736508,17.7272634330313,16.213430904001914,16.971518521828866,19.2550960519505,17.45209877427994,14.645844965945413,15.439544915240742,16.607085178192058,19.272050031092263,19.566078502972992,19.154032450217507,18.007753088325305,18.049079009630045,19.38259662707532,20.8610474979264,20.76498294228241,20.545764307765552,19.27651150036716,19.82992495209357,18.69355715688588,17.26130143865044,18.19248757610013,16.77520438597318,20.96771572916085,18.67322466687008,20.870672821986958,19.25781229989516,20.87631697066936,20.677290048924046,19.164744908271825,17.69278293428294,20.8067236751242,18.674223750822662,22.1309321206387,20.98803118181928,20.5782871189838,21.118894741705404,20.327492370950655,18.82584190270432,18.27146037750802,20.842593496151668,18.180018103904484,20.217834212350787,19.29758463361944,20.337657164361413,18.43709575782684,20.094920151467257
17.570210797220085,16.044041375164085,15.549219530759878,17.78926012589872,15.85228864889198,15.24487141159169,18.0674324431346,16.744865783327764,15.545931406655868,15.969297339111352,16.236841512591347,0.0,14.562648401078992,20.15064543176028,18.67955056724454,16.73116150644146,16.796605205762113,18.88959444607661,17.805132027841594,17.55408954253505,16.10839118513969,19.75605432020087,20.746587075937683,14.591340849368962,18.357329648324104,15.635461938593268,19.29492545953437,19.912851837951003,16.078997543321027,19.87374883443226,22.01970103888401,18.172630860845533,20.116648542324796,20.526236340227992,19.58148700478933,16.121834732919925,19.66245832011452,19.945314302349804,20.858608119383742,19.0986594423174,19.165864081674467,19.15421224632425,18.5975116741045,20.21669359652441,21.17460527290253,20.703570010713293,21.12102612307044,21.60429341977133,16.148209232699216,19.060515835158537,19.396184095501297,14.618593482542307,18.071609174433064,18.287217778591582,15.532663596948616,15.607293173120052,17.963010082710245,16.456461517001443,17.792919129759888,16.3835835265409,11.055432082787652,15.161589763703292,18.360456066274004,20.459949598442407,17.75816909363037,19.2361860857374,17.60778573585992,20.810205973616625,19.68012513700671,19.63328728675569,16.861881394177782,19.03931156439783,20.68542586385117,17.45599685778937,15.375781351089714,16.04068934961213,17.573454503967394,19.49207795955168,19.07633682998818,20.83251393729344,18.89748276823823,20.248707649050065,17.973977462961347,18.02318448221644,20.00220277006377,19.744142666574987,19.67833865598044,19.698597024413036,18.244882512822844,17.768892608419634,22.33725073864267,21.816730047949523,19.246730814417763,22.46452786017188,17.727930944402335,18.26684503305737,20.197900074039463,21.30955894138785,18.10694734514832,19.42313033512574
16.128561433754008,17.561899824399614,19.324481580280228,17.986021236699592,18.416979236928352,18.88843136548032,14.616552982964649,17.92610033278218,18.65974816362971,18.98871530478373,18.854402026095567,14.562648401078992,0.0,17.292429106484114,18.598482498913704,17.229075139367755,18.774408031622137,21.306365039323097,17.04534317027406,18.399913612292583,17.171614256595433,22.02469933699492,20.405577761901743,17.66968150752271,21.52824200114299,21.650222496878968,21.12033319033231,19.669552520723588,16.678823755936147,18.395702212356326,21.3255392873076,18.508165887118835,20.00827221691585,22.861001534282163,23.284372205640413,18.72555551520949,19.274387907114377,18.448948245419817,21.007275075030684,17.05556929643448,17.58249174915513,20.73636875424189,19.696879757386544,18.949354009983903,21.71529900615532,17.755264266115017,19.64303899883199,19.638913639525093,16.141255147201615,17.2705596871439,19.612727751555248,16.99076168641888,16.558699446837654,18.795117339926104,18.44127616255201,17.799241483912663,16.66728605999307,18.962184068248213,18.9500501943019,16.257062213819594,12.537153608807117,6.084109290043871,17.50839989613128,18.262464237155697,16.488186243735303,19.289587458019145,13.911012470544245,19.75607513217552,21.941926649044404,20.989534452764666,16.94970247248152,20.50441250627317,19.035671805516927,16.312473329475267,19.24432196257264,21.326120170082085,17.864841441970537,21.2197032366494,18.581562937436093,19.06047201402344,21.621416326318094,19.71634997490204,21.063769686989573,20.37945432996602,21.98529181062806,18.82296399229294,20.36630447353684,21.602767228380763,18.07316115133324,14.098008989923423,20.05737248474969,19.11370273784676,18.65614127523428,20.632156970892137,17.188825331378933,17.11698207614021,16.932640857895844,19.678857555336723,16.87715676695041,16.7488205013626
19.81995751502681,19.29740245309601,22.01391993628074,17.665003559790797,20.302359117823915,21.785026841601844,20.180780198958523,19.10826719895997,21.79305939119472,21.216127496033558,19.90265232894927,20.15064543176028,17.292429106484114,0.0,14.269631808039732,20.24283322670508,20.26445212146663,19.646616930775146,14.970442957024153,19.976741449716865,16.77094204405833,20.35542252782196,18.34351959143717,22.85646997510331,20.312936278493023,20.630081242059184,22.18733250798243,21.05256185297262,18.22009802573971,20.795137523028064,20.21126781581591,20.09505994633051,19.256718480827494,19.64099767774573,19.803228856893977,21.451895776727948,18.588113993219245,19.84463788045858,19.67253630669425,19.80183808797763,20.360111926210323,21.807926379688013,20.52224293137099,19.259530088873248,20.54336216768819,20.5621594334656,19.06272159525908,20.846934563853072,19.10849791297885,18.607695426253287,22.65864730555868,20.325787298055253,20.154799169530857,18.93978635932868,21.77640593108543,21.5037647202094,19.225314226570585,21.22116383592119,22.182569929553548,22.191106109090143,20.216592542269044,16.00436275697991,17.270217419588054,13.963153438414675,15.954791340427692,13.239368392116122,20.488219201073797,17.440019061317326,19.26585405387276,18.92984299730921,16.576134121634368,19.632481174152417,18.125752382500945,19.92368335329183,20.816399208806,22.084326034328523,17.33687568212316,21.007459763317268,20.408768041143503,21.541759694816577,21.65300341377228,20.619408420742047,21.19463394384222,20.07447519065955,21.275353013925447,19.2520771767099,19.6465612975923,22.878910755750383,19.926353118498724,20.725964492449968,21.29169261855898,20.205538491863663,20.243641167706546,21.96578728403445,22.72698576874165,19.788556609086204,21.10856797744509,20.186386705627505,20.47239805544775,18.882661563267376
18.953823533486617,18.95282906006781,19.34074806626646,19.27116331085828,19.32454378275727,19.01408326410788,20.506988736706077,18.885794086835837,19.28297687260013,20.722413217293678,18.34794145011008,18.67955056724454,18.598482498913704,14.269631808039732,0.0,18.61018564752611,21.396506853381418,20.014883489883797,19.862474775643,18.731700121827625,14.434424012758086,19.07757691619241,17.022977956416483,20.306686200742245,19.9233753731525,19.88428753891711,20.08919956985765,20.48895932407985,17.400653158442516,17.950702289339038,19.750288709401005,17.54344575393534,18.90818045987106,20.87705092768171,19.42795938701673,20.041456519333902,21.701982176066075,20.386829767514648,19.21829727338423,21.06534432933768,20.151234840618653,20.3921598935584,18.84453359158528,19.508606876978945,20.113607454905257,19.5095467699366,19.13525889953459,21.28680190516223,18.994140045234577,20.5961358289234,20.10400312191972,18.776999783556462,19.8319113683585,19.095812597302075,19.29158324080669,18.080684943379968,19.82401091888038,19.222401058189423,21.55073855036572,21.72331225300419,20.35252252153388,17.995463699201157,18.86602920284197,17.21197081595142,16.420251795240503,9.60191613607224,19.96712506679449,21.601748642452524,20.205707222827083,19.8733773610563,13.924628369039748,21.794729642114973,18.35002494573768,19.41424231125583,20.238833006112294,21.879259591620357,16.289278920758232,19.37724255341405,18.945877303967684,20.577111810683878,21.01098151346776,20.37406816975032,19.427728063954586,20.380588093004636,19.995596099077478,20.17876950856513,22.46492469908883,22.0129857959058,20.735404120544334,21.801248867732827,20.20973431124266,19.83488016502118,20.700604999923357,21.7013180568131,21.354261847877456,19.56085633974197,20.46609242685337,19.71295540008016,20.20910714177785,21.04043798622077
15.981737610252488,10.633721914413782,13.506968327482108,14.543897185302624,12.575964981255476,13.590478178811663,13.971627392542484,11.529453567025094,14.880152418769397,18.904201642951573,18.51009807017209,16.73116150644146,17.229075139367755,20.24283322670508,18.61018564752611,0.0,19.893446608809175,14.630671060718424,20.04456852063701,14.420772515737696,14.607999621005176,19.245551858133947,14.587818159045726,17.84743889641844,18.304433719910108,18.43228766460942,17.5492045208285,17.59292831263854,19.67017324983877,16.119533133505577,17.73533666189839,11.976293791147482,14.933091000721996,19.447806811088657,18.538323156958054,15.287276654469904,21.52297406776641,17.238292581667405,20.095051637898187,18.481132329744742,19.50180132093521,14.337400586997491,17.852761182475163,20.936692382585537,19.69932910438061,17.328715654656918,19.71387852924678,18.659879838051356,18.131750240684585,20.672769075009395,16.315119550587593,11.381892634320613,8.571325803582491,13.20157933287986,12.84954452854115,14.429291731717692,11.769480131953564,12.98301322154333,21.06304395241975,19.816265609517576,17.96806474722116,18.393769938538536,20.172313583026835,19.580953552329834,17.640577321869255,19.827601874609467,16.545184117066857,21.036670387976702,17.87691192642465,15.15451825222533,16.120918722918795,18.43398029267461,17.387933292602014,17.800049833607048,17.840963327641806,18.94793620827024,21.222539155865903,18.52170105430667,16.270825427894415,16.905342753788418,18.381567965470143,17.740296106724138,15.61600278432521,16.697425428466513,18.575733486860035,15.976779872689246,20.42789773876304,17.727219957849943,16.759278694194755,17.874875806441626,16.014651114426794,20.56437005383074,17.946116250212032,19.58828729995344,17.098656615901927,18.9061960602583,15.410136529352975,16.297147464947546,18.734354830056542,19.78256160349897
21.82955100042759,19.901960454793603,20.103577725189243,21.52425481863896,19.96269073315045,20.49186185743314,21.67379864091073,20.01453604127578,20.905429079585797,22.72259921048872,19.00202688388161,16.796605205762113,18.774408031622137,20.26445212146663,21.396506853381418,19.893446608809175,0.0,14.769980257300332,14.979976632538513,20.567823970655148,17.848607203607152,13.41947374240338,20.18304891677695,15.769804141694712,19.37019539279829,15.77952858542555,19.018185606686664,20.277847731777577,17.94091074052965,19.688027891251316,22.96376250705954,22.023906230327214,22.352276580473536,15.803261942220498,17.890678136083586,21.010793758803068,21.379677500711832,22.88266414393506,22.53515127278725,22.55973194235724,21.62622506933927,22.027522672357183,21.55330801947862,23.520804498477744,22.70787828814593,24.00374833058656,21.977877528075684,23.37011199589137,22.024886098352,21.96436123962359,22.71884809136159,20.14531037615262,19.685082924500545,21.28878831477016,20.170315147410765,21.00483531289819,19.4320904495562,20.16860289157696,23.05250672362433,18.133428114195624,17.1460175084776,20.02953318071371,19.15195218156756,18.468671925152183,17.751737579883432,20.55055176056749,22.13556189659225,12.657111948365149,13.007757392049696,14.678948064201956,20.08263806370947,12.14624896735232,19.01156714938405,23.621743639078936,14.070374635513192,15.328790702789185,18.653354525130624,20.732989263955105,19.926231427743065,22.515824721242243,15.119286060305368,19.16597781489702,17.557442851687348,14.977097762920884,17.906174401468217,21.137912675481328,19.70111807604569,21.20446666661383,19.38820032058968,19.71047855821052,22.438359320642164,23.68908656232845,22.613226886506112,22.595630123682973,21.33262861545746,22.31135796049572,22.76192830793705,20.93791324034781,21.84093053171886,22.134199967397823
20.959742595497943,15.981460972882386,17.21109288590854,19.02126995961509,17.005514171921845,18.54817143926327,19.107328262730363,15.599558277389209,19.021495364815404,22.08867991611995,19.729534760165755,18.88959444607661,21.306365039323097,19.646616930775146,20.014883489883797,14.630671060718424,14.769980257300332,0.0,17.06833850953964,15.563128932367654,14.936188659525955,15.005428736357027,16.21051175722066,17.586760802059672,19.512930332722306,15.31139015850361,19.815841701286796,20.507115592295744,19.37999972298986,18.984957967108947,20.970894079577096,19.58406144322269,20.832772016475488,11.766108856488255,14.989696593443012,16.36184101048541,20.940615544516508,21.55720701487588,20.817609568351617,21.11080132034199,20.50831308763196,18.51592907147836,19.927545026113734,23.816621372265097,21.213921139217494,23.504502061449426,21.558854140309585,23.455554835398807,22.634190980553576,21.895436339213177,21.400494735323917,17.767690728114463,14.765214747879371,17.35311328408105,18.201182696543416,19.395327667357545,15.369829596472806,16.57418540460803,23.519285930334657,20.80254663636504,19.48464627859651,21.774414403378664,22.483245348291845,20.384964050030305,17.358379297690004,19.17274242417762,20.93762459346025,16.4656132598676,12.246394039848756,7.575804853596746,16.183478203274046,13.044650171747532,16.31501430848916,22.028023346781403,15.715136929537191,17.644163580541687,19.11019885189352,17.796073992849173,19.523949926654783,20.851072087570145,16.00189236288007,17.451334119193277,15.575539370989857,15.38095139449374,18.13924546310667,19.168980448978868,18.361676309899057,20.518177381868146,15.102282693811096,20.194486500866255,19.322119298028973,22.806570747961988,20.14751812518717,20.834274812804946,21.142085037336923,23.725692308560767,22.26100991169741,18.925644752155037,22.063943732746644,21.47243285325411
21.15115581574005,20.500718146035283,20.44799614749099,21.61065882420371,20.813816837264767,20.304854581154924,21.027074623677787,19.334897082047014,19.916461230294477,19.95296101622591,20.07604843640816,17.805132027841594,17.04534317027406,14.970442957024153,19.862474775643,20.04456852063701,14.979976632538513,17.06833850953964,0.0,21.120604082004206,14.929639175172406,18.905612010334305,21.54561115282325,19.236554729102533,19.27353115651508,20.14587929151535,21.153877752208423,21.20682732918844,17.771041626769776,20.21466343540573,22.4595569163543,22.03773531701812,20.011342601743333,17.580460076424906,19.04915573319819,20.6977736370168,19.587878616782803,19.429449839627505,18.82988893329749,18.67948672562888,21.017171319782964,22.848281610247643,20.478398068202488,23.191476738403868,21.619527823505027,22.598242090240173,20.5172155793781,23.825845283962146,20.86744591751777,20.05475594115877,22.434576741410183,20.9958804040506,19.781726271573483,22.07803090057306,20.961445638871435,20.72090383188066,20.326481424511485,19.7263745909122,21.097740611530902,19.78607536439476,17.966615680703317,16.890597227909545,20.33900107181512,15.664142879223506,14.30298616900462,18.63345094683912,21.19879141801315,12.636393114647776,15.853247220737684,16.57896330982102,16.809866929914044,17.05782590268168,18.14136384022498,19.73611826895591,18.065385107661715,19.852456951496254,17.01509928122845,20.368458648358853,20.087626476547985,21.808415816845763,19.01146506033901,19.83924515255569,18.734531698238264,17.105819840061358,20.308565403204305,20.806087498868383,18.527999749181493,22.962234501636893,19.169526124164666,20.276562898514253,21.95394375942864,21.091055582858985,18.524744432096337,23.399011792802916,21.183627593135757,22.406699209136622,22.98472948134237,23.08973797094546,21.838234666099897,21.074201833082984
15.8757458682355,15.59599107945317,16.368456388603608,16.36182957660157,15.950968677935792,14.760745940449835,15.244317105050191,16.078099407964725,15.767288677733736,16.922504260921468,18.99344558208067,17.55408954253505,18.399913612292583,19.976741449716865,18.731700121827625,14.420772515737696,20.567823970655148,15.563128932367654,21.120604082004206,0.0,15.0467522133817,22.71308464693943,15.97801793947972,18.35392537023549,17.599956612224815,18.847962901138853,17.81763813361054,17.947504126833422,16.64945928610514,20.393821415123448,20.76393730673803,16.439803739990264,20.44059690766585,19.881864463555523,20.336720707992395,8.53178456307462,18.82822613080559,17.4966566158713,20.697065370470693,17.806907003950325,16.432537912252094,17.962588727310898,20.858250208261797,17.279377172161936,18.82331781701973,18.28776714205242,21.037068806696578,18.76783956714921,14.254085054003005,15.725256911428396,19.35885724450551,15.949233254815484,15.813616379484056,15.570276958511862,15.385504123092954,14.419765663826672,15.909972537886222,15.946608361136596,19.530216691304183,22.74906308478096,18.197869844253518,18.97543149411851,19.293810924793974,20.904314321366364,18.80137455012582,19.199488614930186,13.409468057583156,22.77078060136495,20.123052486825888,17.288945415563667,13.192483782118051,21.499431519053847,17.49594803052584,17.247938383981555,17.745504011798257,20.450021039200116,19.37135759181068,18.246392034237537,18.603249375446357,19.40710308506088,20.47774707389589,17.61931612533195,18.64883747080966,21.411318943574997,18.68814600412686,19.09700168923561,19.17020060651691,17.73155660157876,10.950441903011557,15.296996567458969,17.78044185974592,18.240017649122507,18.702667851861445,18.74320402533457,21.241746128835143,17.464871555926702,16.96424009111336,14.324397260145105,13.602002189415275,14.258055918248026
19.02412826954976,16.060892498661744,14.442045565525472,19.572239644892804,16.734171643571422,13.861210944740336,18.70983798623951,14.519861406673169,14.585629343265165,18.280984599192852,18.82207750240141,16.10839118513969,17.171614256595433,16.77094204405833,14.434424012758086,14.607999621005176,17.848607203607152,14.936188659525955,14.929639175172406,15.0467522133817,0.0,20.454678744549284,17.658115108360498,17.945585057904882,19.063927522490378,19.16973920374772,18.50044363390301,19.83190840865334,17.314534312080657,18.703657367971637,21.448698110851307,18.045651225299697,19.87893057358385,19.84286757649481,19.896255077452707,15.902847698313831,22.567780895643896,20.182854833906383,18.88801676763978,19.9910057370993,20.89892343951564,20.447309985233996,19.985492150978004,21.53317084198246,21.49126583636384,20.477669280531828,21.650977552271844,23.687874535836126,18.18406984187808,21.183096482266272,20.73185631053242,14.72755604252357,15.238427035203705,18.54654661469729,14.749403822822863,13.472618456716944,16.028724346185175,13.84802736932529,20.975236901858477,21.72214008654603,17.442198185285164,17.67785735030427,19.01641607313516,16.924389336062372,11.371466890023404,15.139352747267766,18.176656596264117,18.9838411174418,16.84366468611185,15.040913071816655,7.96609677476456,19.71381942163565,14.88858265386222,18.36229377864554,16.082147552621173,20.39273757546778,17.222516786319694,18.347106250701778,17.441577695217003,20.75838062805166,19.441234268353224,19.189506236670915,16.83286106121523,17.964983111350655,18.015359211982,19.631330884823345,21.977460023490888,20.71493374045455,16.608086135235816,20.637464075013785,19.74245914564334,20.24283584017713,19.068173926641503,22.358834748799342,20.374694194717108,20.31266861558265,20.137172053712423,20.03533643043926,19.792550646734515,21.24678451335772
