Var0,Var1,Var2,Var3,Var4,Var5,Var6,Var7,Var8,Var9,Var10,Var11,Var12,Var13,Var14,Var15,Var16,Var17,Var18,Var19,Var20,Var21,Var22,Var23,Var24,Var25,Var26,Var27,Var28,Var29,Var30,Var31,Var32,Var33,Var34,Var35,Var36,Var37,Var38,Var39,Var40,Var41,Var42,Var43,Var44,Var45,Var46,Var47,Var48,Var49,Var50,Var51,Var52,Var53,Var54,Var55,Var56,Var57,Var58,Var59,Var60,Var61,Var62,Var63,Var64,Var65,Var66,Var67,Var68,Var69,Var70,Var71,Var72,Var73,Var74,Var75,Var76,Var77,Var78,Var79,Var80,Var81,Var82,Var83,Var84,Var85,Var86,Var87,Var88,Var89,Var90,Var91,Var92,Var93,Var94,Var95,Var96,Var97,Var98,Var99
0.0,14.180271056720915,13.295548715732323,14.86469212193502,14.224462665210222,14.01008333957924,12.494311021903028,15.237338135015918,15.306623148648995,17.13095801355158,16.55340041449239,19.660983847757787,19.27210774981171,19.617809756389104,18.78887717738378,11.50839505633377,19.730238255350457,15.28111736607115,20.017592229820902,11.007532291751302,20.30579668260029,19.023356537298834,19.160935317481684,19.121967658377425,17.52130149196711,19.07336115171682,18.70571916083172,20.042964898396303,17.582598079632668,19.689386557045008,14.15500272721314,14.867357996333938,17.18116285143306,16.087002862277117,17.355339404743468,12.68217868610914,16.432503624071703,16.362028187296726,18.104942781250728,17.079367480970866,13.552028564446168,18.116163883015783,16.70882664982845,16.625016515856625,14.33368336622239,17.136496884701028,17.78666165555627,13.693811874029718,11.349053965729468,14.074762517887525,8.930219076342276,14.952627312327458,13.709354614695366,14.450795999258656,16.502737125699007,12.90531120698027,15.727128919423036,16.27304449166712,17.30647259219725,19.416349566812848,19.0434495551692,19.28943676986588,18.12203507843379,18.89170294062945,18.650168023273498,17.895931026654424,11.320662971729051,20.7478512160187,19.162521734934664,15.666377612739856,18.983068315938883,17.42710420533002,17.84169186498691,14.575048124199158,18.90184979987967,19.626205376105744,18.12010521952528,20.1314969036066,14.06514756017792,15.759397348471216,18.610206912103237,14.893119871643838,16.833838864700382,16.763689385780086,18.66126215908431,15.749510986818564,16.205143560960394,19.41490660996854,13.101446588827065,16.67221419276139,14.44570454269325,15.362388573281033,16.687934609298274,17.143902676129382,15.978856309030878,16.521613339647192,16.21884811847579,12.91931941507394,10.744003258762362,13.945354749262393
14.180271056720915,0.0,9.026249923125729,8.745413586890049,7.119323226122706,11.033035684409375,11.310160991547823,9.213693778619824,11.133737688628605,15.049153053563227,15.496622070319166,17.934034501392663,17.081376454561447,17.537021267792255,18.04757911596765,12.946471619722264,18.622941668855763,14.7854139710417,18.69866170543577,13.22623061031593,20.012960644201435,16.2974722324381,17.398214236407856,17.01978762903605,14.833553357334324,16.498779336400144,17.013848179254992,17.48249130434875,15.59263925842178,17.231518322265586,15.036737871895566,16.548405098159026,17.41067617014914,16.320601037866,15.837135056376225,14.579770489073317,16.49656685455126,16.1483208470772,16.405229331055846,14.071665290670664,16.589770843583523,15.550570531825848,16.312198005168394,16.98241903069154,17.229729647698775,17.705404889034288,17.13919330244283,16.92527869390274,14.551403750070996,17.109989353635918,12.888036057445593,6.330742388557803,10.179156591358163,11.195517750827014,7.90427098008959,10.656528672357066,9.138954466737928,10.427238248599132,15.842983747541618,19.08641899818914,17.596793413671882,16.29165600557628,16.35188827333986,18.173545126437844,18.324441286787746,18.25748210230042,12.182422255549117,19.2638141805499,15.595824648482854,11.71223689900778,19.211197147560696,12.390630835194395,16.093753691605837,12.844893153102518,18.61831327072953,16.42923208787158,15.221781522376816,18.582234564167408,16.74381145201325,17.076612692300273,16.274355728736012,15.07066379086433,15.941397633330832,14.420503216996124,15.973522606101424,13.567681328919424,17.543563969288407,16.537191917097417,12.768971937704162,13.76128863336888,15.074029473683476,13.868875204439112,15.887827637274544,15.906724093771958,13.909892785391516,15.969313613892409,16.464275659469305,14.708927139429653,13.079310879853242,16.461315760670452
13.295548715732323,9.026249923125729,0.0,12.499517042767634,11.274593740848577,10.751484917085865,10.831974749601686,8.99997747940519,9.97425498522714,16.911354188720374,15.759781596131106,19.25870313232312,19.572581928536728,19.0071809742103,19.42455722722996,15.184519122312404,19.85618056485814,15.152220149365869,19.96305805486133,12.40679573662005,19.980156194983472,19.020509306223232,18.708169922718543,18.105775417663576,16.440970654189663,18.287847678264622,19.16835682314012,19.512853938039743,17.07899136613376,18.43332893805252,16.594280985549116,17.76389791198403,19.156716362770155,17.847145385221683,18.07972346906794,13.573363206125348,16.451306173236013,17.13106646383053,16.628484245986012,15.214324042363112,16.488940456835007,17.465061955847805,18.339433516402387,17.410929675469426,17.420194334511084,18.312556224956527,18.91221828378147,17.93346141400957,12.629760166523736,16.232327834072983,13.2321520942981,9.00719980114618,12.664059017864858,13.734731465187949,10.985445867398717,9.20798467953198,10.21002045969433,10.49111647683851,17.20867692495766,19.66199637708561,18.7928752272118,18.196832836249385,18.198064112232487,19.744918617232997,18.266519411213523,19.822651631174036,12.072677022895345,20.086469748753306,17.258485610854628,12.874787733183917,18.93463604359709,15.472241255378336,17.340797025996967,14.18731432221561,18.902968451740534,18.33285507394641,16.128130523078646,19.59974166745044,17.22726562341864,17.402438987690758,16.69265205270019,14.875844016032609,15.48811228109861,16.139238304464445,16.879600413503873,15.159097830495972,16.415741281430783,18.025646003486813,11.740928671406872,13.901978648961936,16.177565476152793,16.088315725151585,15.660808368005192,16.408599463046713,15.176851376149555,16.429338126036164,16.857279301989728,14.906587454111202,11.549010408525778,15.652758220019653
14.86469212193502,8.745413586890049,12.499517042767634,0.0,7.014013121125041,13.949721459612928,13.486997388964074,11.129321862542294,13.68972143143278,14.544863207645966,14.62308061065173,17.37252187136765,16.751050732147114,17.205475479046484,17.854202852319442,13.595640148573311,18.10309579383548,15.804141727477628,18.268159746104565,14.577292044794229,19.13163229382804,15.667227817310962,18.103440277257448,16.16648967136584,16.62758003739657,15.965078387178757,16.762455889193035,17.415659352266392,16.486293439583356,17.281289905679834,16.979193012608704,16.33412977898515,15.308930122413722,16.16317255968667,15.372173004880324,17.028679734452787,17.60750143257434,17.34526883730611,17.271553659524983,14.503698656419868,17.43694068045019,16.20571964998452,14.42389707222563,18.13802277164475,17.049979972620957,18.1197169898604,17.659215288088667,17.834132468139586,16.450759829090345,18.37358660120809,13.92111613400192,10.425135996833552,9.809349599286088,8.091619054863,10.672076082528394,13.426770498278843,10.366287245575224,12.104094254781984,16.00153099452467,17.62780344964365,16.62992062049107,16.283345083630223,16.043976907867236,17.145376251128766,16.939855938038228,17.51487355592921,13.836249136917948,18.81379047200708,15.434340419417728,13.687621470826755,17.358495964892043,13.965551450815568,17.188443564585498,12.704117322438762,17.96420700541035,16.544735419552286,16.310772915854717,18.10615421613717,18.4070486587988,16.81544847110613,16.082322066930004,16.043900630615376,15.49698149071054,13.942216287795432,14.97654417008132,14.791152002112588,18.18272060259961,17.276475364589324,14.507723457754624,14.51814298385925,15.05363033584657,15.67783675812506,16.80851015782743,17.213611718218754,14.29870996365866,17.38950716901649,17.305513730877294,15.621783877297595,15.099514210969224,17.498675070944422
14.224462665210222,7.119323226122706,11.274593740848577,7.014013121125041,0.0,11.867851727308407,13.280454182498817,10.444442754307556,12.834272067288843,15.6941326937664,16.377020129684876,19.10397250876728,18.838087173200886,18.15076220943364,19.25821445798505,13.9289031747877,18.95530715964761,14.959151874514024,18.97651926620553,13.082557984182388,20.40611555737433,17.017671598986965,18.39677360079412,17.589803718664243,16.647861271159925,17.32810991126354,17.016706923955972,18.350696443733685,17.10331194990129,17.70263778256617,15.9477281602454,16.452867682302315,16.497964497234666,15.493719750493732,15.991222859262232,14.911944685073273,16.966605473657857,16.92551896678773,17.180956131681324,14.74620953711933,17.101036818299782,16.711540430999015,15.936416213942763,18.0158146001642,15.768174829498529,18.686604602625504,17.640677801098448,17.296771351143203,15.241180064833792,17.386125588303017,13.140894359075912,9.560091922532102,11.347782985590367,9.636748153928911,8.875712477593872,11.18654117929704,10.446743217444592,11.763797451981109,16.206610399890376,19.576075511394134,18.40723087522141,18.129919452559594,17.22958460845975,17.76122228387482,18.25578626975896,19.04775193764247,13.0761672848372,19.499846803932492,15.20512650462855,12.645061860445162,18.88057639611979,13.69299576377297,17.317744800419028,13.811697691704165,18.713424576229094,17.198940292627118,16.287130724282605,18.743987745940277,17.3824295892394,16.644328929634217,16.145235112335268,15.12335592020716,15.381718517981462,13.921487114239488,15.639120486383248,13.939332602372994,17.13778543095095,17.315231449164102,12.545473453041929,13.893624847366164,14.527235138455705,14.735630448780448,15.834391891745025,16.803202642255254,13.978274194495407,16.879886964147598,17.188734727050758,14.585230279348169,13.647055780436403,16.496321091322752
14.01008333957924,11.033035684409375,10.751484917085865,13.949721459612928,11.867851727308407,0.0,12.522779271250323,11.106868435685628,10.361509592971837,15.191750457589258,16.194861904774218,18.867101574363147,18.28791441665141,18.91384551421277,18.36712410206417,14.142505679775017,19.693608519678246,13.564195209991452,19.7237545144483,11.315927131962768,19.672083055445576,17.44384978184602,17.440783991579092,18.18632121059977,16.860227694807367,17.036025549060433,16.885170492624898,17.083970703683164,15.844213874711558,16.302778352639713,13.689006993760026,16.170039845824412,17.423151134160623,16.08185425287507,15.85152571129508,11.07386673208502,13.70500225663984,15.114092194001785,14.956811809749922,14.329807173807067,14.978559017176243,14.68352837852043,16.695767958960307,14.638363706754175,16.31507419924942,17.10871328378449,16.70733573489215,15.58283016635338,10.87789472032036,13.936195718279455,13.277112024352098,11.998045353957757,14.575306968180405,14.484596898860362,9.270589756461863,5.503561630300998,13.3333700646702,12.31110343475728,15.804449002972913,18.277385112712484,18.171646567371926,17.533004966771077,17.421154538056218,19.71346714980252,19.60320238635399,18.483738610294328,11.477881383701336,20.13984510443382,16.763627801018885,12.913865077256458,18.920855844457886,13.282100380912125,16.86262046049153,14.174485497688844,18.701951602133008,16.432194608049294,14.745416356951946,17.799108265769604,14.272076340909155,15.832881825592152,17.240371594090075,14.043016580247,15.463513335446114,14.752462778080412,17.359355546391313,13.465428465627868,14.549645981632436,15.406819041728983,10.67227664185227,14.222520230907636,14.65659160304564,13.594981378574722,14.037794947085972,13.13652314775851,12.909299250789092,13.07189022655218,15.65586950947549,13.658941983050196,9.81854584780873,13.838824815650014
12.494311021903028,11.310160991547823,10.831974749601686,13.486997388964074,13.280454182498817,12.522779271250323,0.0,8.689335152540314,11.719315763262006,16.76221662936001,15.426380706299677,16.998252690154576,18.8908985854315,18.417106497256523,18.455195643570864,13.339561280541254,17.427661113920035,12.756662030136791,17.630437873362954,11.308280888955585,18.28653530146498,16.700183046252302,17.05352264940122,16.028390975604328,16.289344375616587,16.445539936071103,19.03593372343687,19.28885160829024,16.85605358643414,18.90759380467404,17.128047167546725,18.641141042961664,20.3418878133031,17.088274218037654,18.006593006879214,14.9337154053888,18.428877544571748,18.993959989538236,18.3423811147255,15.779428761469244,17.11987836707875,17.958793985354248,18.7477338931192,17.952633881627147,19.19484292669425,18.944421556282755,20.05312136644469,18.39543889372614,13.944677810005484,17.480449061991855,12.420416717288738,9.522375540000231,12.20403560284872,14.22137867598174,13.186965313852022,12.204340783959694,9.190788955374153,11.582481433365588,16.741175140047844,18.32906836662548,17.731589611093128,18.022591019398767,18.236997111690517,20.10999504142142,18.129762035641026,18.639395963849697,12.020011768455102,19.350905254875286,17.418852420386123,11.170913219785312,17.59731305063781,12.849965415716165,15.817858539630889,13.549304434929931,17.22844693105405,16.564894623173174,15.742744006825712,18.25989305882428,18.27054939526955,19.20443502306542,16.500032987519607,17.397034745658424,19.253491941713364,17.689047047066012,17.578583378596385,16.80365878850486,18.509078261416875,18.975054892410427,13.777320403567666,14.623941750286246,17.930489160397375,16.271410807664303,16.910739278587563,17.602499778575446,16.5682409065285,17.70529321785282,18.53351574816939,16.707810031248297,12.274048159452787,17.85539519542695
15.237338135015918,9.213693778619824,8.99997747940519,11.129321862542294,10.444442754307556,11.106868435685628,8.689335152540314,0.0,8.081842624333442,15.760441070089124,13.998463136444506,17.643659183490907,18.399743947017853,18.19717741511645,18.31591967312927,16.05106343277562,19.034096277244995,14.210572933743954,19.137514463129538,12.256291396487944,19.570233167368773,17.72722065000747,18.438468239988648,16.697156985055493,17.110870165601845,17.15324135452036,19.049053628506417,18.96767667264888,16.47447555475167,18.77449904666944,17.37983374278608,19.50914119845642,20.25744483658888,17.714488612251284,17.593416021008704,14.49492494725121,16.955885878012975,18.7133674520067,17.15467076288757,14.090447065840513,17.422466016854756,16.907068233257714,18.46715197080667,17.9972531796316,18.374700756871043,19.22600889281184,19.754578343939155,19.557389781694464,14.163611889770111,17.427573308072642,14.455130151908651,7.566286799874964,11.768480844769323,12.452321471721271,11.108148100766464,10.938504165037342,5.856167144639772,7.266704054098535,17.105798312192707,18.609176557141257,17.805017881642495,16.575692655938273,17.20518748951734,20.116550770448388,18.02449556382042,18.563194390172136,12.042232254940222,20.151569164169835,16.211007433465777,11.090895634974892,18.142897016612725,12.727475734734846,17.453621996458555,13.121852210382643,18.629085713246365,16.683961276211093,15.129488305364308,18.92828849710811,18.515960068061982,18.635600901037627,15.17907012457167,15.593472582155576,16.742968004212546,15.004909580744728,15.786925607585015,14.633872051846636,16.917242574381493,17.45036835801237,11.689384132658905,12.512829598038335,16.478873172544425,15.481556664780566,15.712127498991732,16.24249878489658,14.593909868591949,16.575775053523977,17.440673179856407,15.964794409065073,12.390009595236467,16.921569057067202
15.306623148648995,11.133737688628605,9.97425498522714,13.68972143143278,12.834272067288843,10.361509592971837,11.719315763262006,8.081842624333442,0.0,14.6035148638633,13.278443253485444,17.098475518835976,17.287023540191882,17.80963511616378,16.32601419174563,17.11725397568045,19.476350927468985,15.198725614420365,19.33818367126704,12.092520116226636,18.94489156270796,18.715522791192356,17.96437210827895,16.589197649930217,17.45499840111302,17.027737115660553,19.24355273150064,18.20527301935409,14.013095684805698,18.494601156068747,16.246774629240313,18.17976889171492,19.411668558066232,18.49671121645152,18.489422195591743,12.80755241507354,15.06230241340313,17.075274674926593,16.25920506814203,12.822784426829154,16.93998870683036,16.280998394371075,19.546184453846365,17.103216105568965,17.32246839764815,19.220971779273047,19.38167960340201,19.77575711525452,12.90507415796403,15.87730021355186,13.912720404003368,10.250167650729988,12.797297351619562,14.606179979441704,12.147449472134776,9.434604520598109,9.980919717394714,6.614331530888912,16.055312520609483,17.06904640775593,16.658066314771293,15.257362198402149,15.696125087672048,18.767219086812812,16.55586964257008,16.98237104101592,10.872610359405424,19.162991210936795,15.521780827233949,11.993202885376276,16.128496481762614,13.551684483663472,16.031189752455145,11.83963198670518,17.763880958545126,16.344637658859828,12.268112764473528,18.11375815558477,16.35607887764608,16.485292583831484,14.0457813397353,13.85886298035061,15.290858481252483,14.524425590330798,14.654345590607198,13.452360989655093,14.290389839092294,15.57863039220563,9.751291921540655,10.37547273588799,15.06033944563464,13.952235588337542,14.25427390959636,14.099836786869432,14.640335373397033,14.5397264840531,15.846142734393412,14.49288480227005,12.240103592699477,14.55106557236983
17.13095801355158,15.049153053563227,16.911354188720374,14.544863207645966,15.6941326937664,15.191750457589258,16.76221662936001,15.760441070089124,14.6035148638633,0.0,12.47905444237479,11.6322555727823,13.173351619022515,12.442570998421992,12.171586970134856,16.499283578594543,15.337783666014683,18.48776477196618,16.02666632983255,18.356867414742972,14.829246271764282,16.443504410413716,15.170075023585602,12.131445147479155,13.17162461582633,14.528508884715515,15.542210480251082,12.321573620556617,12.247946008839016,16.206117946264154,14.577401456807774,14.944947359113703,14.412008029796734,17.21731273249794,15.07988965898564,17.487779501665365,12.761977598093509,16.425310228964698,16.223501101781455,14.829452896016774,18.13560686843359,14.936241974974532,16.441413380735586,15.64343556723079,16.639239045033758,16.944192315362333,16.685910065497076,17.940625897871303,17.008894474506565,17.635916471171114,16.473167403695385,16.043872125075538,15.619022798164586,13.8640808278182,13.7725852862872,16.091581684045785,15.94284979420884,13.777496794003502,9.170989654490894,12.21904979656164,10.070887328304392,14.562081822231386,11.645566093962865,14.229289638763545,15.027621629384749,13.19983276090416,16.008540576465702,15.888337167471512,13.634653400123074,15.968742566801636,15.330016488680936,10.893761683547552,13.98439613435381,12.448741442879488,13.13732092122702,11.666848578971646,12.193422131337842,13.047506000788005,14.883437046762182,14.868939339406744,11.031039115406116,15.474182233183445,14.193891754315116,12.184377202903033,13.162466176408811,12.829139847835398,13.116149553928562,10.60372684782372,16.301540941188446,13.07050648952022,14.878375697714649,14.283124916203564,13.515463129410511,13.61198944296256,13.541898982236098,13.559021946685109,15.326846265739936,16.523670436368516,16.98768555849115,16.737917983179038
16.55340041449239,15.496622070319166,15.759781596131106,14.62308061065173,16.377020129684876,16.194861904774218,15.426380706299677,13.998463136444506,13.278443253485444,12.47905444237479,0.0,12.103367485539051,15.21137548263487,15.304002745154204,15.558439752314609,18.578428680832424,17.023137991809577,17.656740185600665,16.8864324633999,16.498325716819128,16.957711305270458,17.15881016460055,17.427012742035615,12.260771578464666,15.317704332520744,13.517535203895196,17.773040323206114,16.411518310750854,15.16561754304806,18.0211187004464,17.38576945271153,18.116742864861344,18.282317809994776,19.15572467208732,17.970558366414,18.00849019007263,17.767528628158992,18.81685064789979,18.14883214469405,15.014747724391018,19.871872167448903,16.914340203911667,18.28996851458384,18.71245762941642,18.221443200546805,19.64949427864284,19.81533281326015,19.706445287989585,17.455044049195386,19.00627790435407,17.191312042716927,15.49603540458796,15.503413549759298,15.753006667940632,16.53458244370797,16.61071009749351,14.95341440252533,13.573243526972584,13.847221302381325,13.49261057845462,11.510564261528389,14.2454980663264,14.478660385946345,16.169729735037496,15.611224101341923,15.941926974964378,16.39384163151902,16.96228623061477,16.066207496418556,16.696645911995745,15.275899144995892,15.0087075880059,16.176401748781917,12.651203357782764,13.800586027862437,13.752302527774011,13.297660611076283,15.441047967217946,17.429081213890804,17.86163984101222,13.700990496878257,17.708136004914355,16.790654044253415,15.777715958307356,14.378141452656248,17.189781912053512,16.97453437278773,15.543868287836112,16.091949030638375,14.09582034122326,17.169906925592997,16.163783387432954,15.649278605817951,15.656471578465013,17.020890733258458,16.97954472161228,18.356840293025343,17.73447419250707,16.484072856830643,18.06366330905118
19.660983847757787,17.934034501392663,19.25870313232312,17.37252187136765,19.10397250876728,18.867101574363147,16.998252690154576,17.643659183490907,17.098475518835976,11.6322555727823,12.103367485539051,0.0,11.88897839087948,9.383843134382076,11.879280673804002,17.633734026682784,8.830123630977416,15.545744258360845,8.882837509787384,19.263308972402747,10.359494954063273,11.97148178998902,10.341870903040224,6.474408292135122,12.388265728379713,10.017307091156187,14.407561821519398,11.213227799108106,13.40785551263006,14.50984036529752,18.003816577915206,17.755708840883056,17.106480353407495,16.1157445294407,16.34249490633389,19.93258148260519,18.233665537007862,19.6898056461045,18.709420255603582,17.839422934126738,20.808529297182734,16.40764310987614,17.76872448431462,18.679272303640687,19.887916125875403,18.12450200824452,17.12065177194835,19.96713782941758,20.979952945465016,21.100583659671862,18.780391196632664,17.031896031390374,17.31425311535336,17.574197062861273,17.48577070913558,20.10316193888934,16.770162165027976,15.839088765298197,11.121278684424007,8.272517452324,6.056342622396791,13.22565926196385,12.090841164218046,12.213445352676136,12.362087380524242,12.862962690787382,20.316976214145267,9.635880625929838,13.466105541899411,15.82950660643753,12.040214716030077,13.01422095061369,11.230095854427706,16.6879528953289,8.0697758666566,7.912199245719666,12.175022763199246,8.778298394472131,18.75750792062185,18.550260360887098,12.361325189484573,20.235172536630937,18.805070770673264,17.46246293695068,13.51494267848797,18.453228294367342,18.54347840367349,14.4198501671538,20.172274155277723,16.845369608121654,19.744147446767432,17.9869380453686,17.618229049184468,17.00649336360907,18.7586207661034,18.602755440318653,19.194174856256243,20.42796995355953,20.614958583810136,21.16723343696201
19.27210774981171,17.081376454561447,19.572581928536728,16.751050732147114,18.838087173200886,18.28791441665141,18.8908985854315,18.399743947017853,17.287023540191882,13.173351619022515,15.21137548263487,11.88897839087948,0.0,13.235077557569022,9.28327859525763,16.220737278154516,14.39979611909331,18.1363710177058,14.166927998475217,19.39660039410003,13.635223257190342,13.110051815787592,13.938637605621413,14.589180875249472,15.112478811400068,13.717959131386328,13.795804337071903,11.795700057764584,12.596542612212742,13.378446200174505,15.238516209707257,15.519152813447787,13.79130267077455,16.69485627406257,13.970621722000024,18.49444562259245,15.318925917185474,15.144484418532452,13.592832954429923,13.936071783761804,14.828661826432276,12.240019484757385,14.017353890178487,13.75487965593056,17.44514620199581,12.68330731050071,12.13809428304909,15.73182605015471,18.72611211889417,16.448170369646128,17.96919095886706,17.175716594740816,15.605950636695898,17.41791577569535,17.13983463457397,19.33253736649218,17.769089494463646,16.438908214462003,13.793756888348572,11.83488301589274,10.798298292530047,5.750749176578493,8.604019741177328,12.993158160757844,13.702810740150763,8.98331412134404,17.49129256800385,13.157077791191954,14.951948463468748,17.3929718655178,14.805189028279226,14.502645416556378,14.09222327171564,14.94971547966508,15.741067729893873,13.765978254416837,14.696004651837368,14.248970928604024,15.697825259315485,15.066064415125965,15.994253624137489,16.128956553362116,15.390742172963783,15.9865931893849,15.606529909855157,14.801442820807384,16.95244361715062,13.107519311201209,18.967580261003537,16.95834294007001,14.701133039886798,13.914583223956518,15.596651765419155,14.592067597609242,14.887527862505872,14.07519012108477,13.576867329420775,17.128102674534336,19.508170451217,16.46403962705376
19.617809756389104,17.537021267792255,19.0071809742103,17.205475479046484,18.15076220943364,18.91384551421277,18.417106497256523,18.19717741511645,17.80963511616378,12.442570998421992,15.304002745154204,9.383843134382076,13.235077557569022,0.0,12.911407149966232,17.21074387826385,9.37868247262239,16.06407856533329,8.65282556107837,19.47706224086801,10.63901239731692,13.249719767971824,10.028702487160894,9.553556105479142,14.54562430022742,14.277001463950974,14.375944528727372,11.73540469337398,13.047161240362929,14.78965592512098,17.96726708329249,16.96823378062908,15.433193642329732,13.767932846383223,15.786574129767498,19.560833219536004,16.477028066186953,18.59457158541673,19.039629518143173,19.31919417289524,19.76079734982797,17.60798791914086,16.852466545054536,18.859747934820472,17.651486974237876,17.66595743198503,16.008013024948678,18.39291790304231,20.768793866347757,20.15981105518026,19.47216178341249,17.35594698557512,18.308975011499616,17.63860243364161,16.748525966721036,19.878541492428955,17.228463647167764,16.296048661129436,13.5783076444163,12.194204237028574,10.422716081728636,14.651572584698483,11.33549467344134,9.81540393087672,11.66458584874145,14.306957608350372,20.717422443211884,9.050832021533097,13.28904746911568,15.556341320442332,13.544245233542473,13.44109739927631,11.719380347301897,18.74340232942904,10.542438161996724,11.553839262231971,13.517502548375118,10.283330990769334,18.56684920119046,18.823851415650683,13.36684183867644,19.286649372248267,17.834396312841484,16.834452655193758,14.726364925569724,17.77436204985139,17.39245494673078,14.82863602036618,19.763558704386305,17.55578412719895,19.318803992374765,18.602286829520597,18.06753620865199,17.691182211843472,18.792867802836515,19.09378470530664,18.525395834348817,20.177248743567628,20.386288335992816,20.15349443715948
18.78887717738378,18.04757911596765,19.42455722722996,17.854202852319442,19.25821445798505,18.36712410206417,18.455195643570864,18.31591967312927,16.32601419174563,12.171586970134856,15.558439752314609,11.879280673804002,9.28327859525763,12.911407149966232,0.0,17.33404839382256,15.04081502467926,18.995191313950965,14.459734865806729,19.344658665335015,12.059557973466584,15.142711773399752,13.631624602343573,13.984440102653975,15.093825371206332,14.00111164756776,15.38609664327134,12.261445876542178,11.492857434285458,14.38960281292212,14.543635562601064,14.33287945793931,13.869420216674918,17.29867651443893,16.267452062426376,18.677888238156324,15.482232339092878,14.449479590773302,13.409028936833147,13.426506784775995,15.86082827036545,12.47349473326093,15.108543153054963,14.867473674683971,17.681752363816415,13.963071275861235,13.723949532220612,17.381282265909984,19.192347721720598,17.120409301514144,16.947248835343988,17.210319336120364,16.42437103268045,17.196628309433535,17.239602279554244,19.031598140030837,17.328141357101153,15.211815282017676,12.519384449386727,10.218971004314565,10.589455507717217,10.810504136287252,9.79653346980786,13.119483765812005,11.515652420025148,5.548938560623583,17.163691146291665,13.38267781624931,14.755285746614728,17.57938002311597,12.486170137344152,15.455966000341355,13.251746533677595,13.56237224124098,14.703745598899342,12.859672046650662,13.253849065978716,13.17699728401368,15.323262968806128,13.479575836045113,13.287391447158583,15.763863552223423,15.651826382317797,14.89785848920682,14.813222962386217,13.979961623705655,16.621854703965116,12.418790565729353,18.604402453523008,15.635382580417463,14.65924944937971,13.0744395282528,13.950846647699114,13.161135159086598,14.048963702698222,14.507185551425405,13.769328235814989,17.588986655663373,20.30204263663871,16.837357926953924
11.50839505633377,12.946471619722264,15.184519122312404,13.595640148573311,13.9289031747877,14.142505679775017,13.339561280541254,16.05106343277562,17.11725397568045,16.499283578594543,18.578428680832424,17.633734026682784,16.220737278154516,17.21074387826385,17.33404839382256,0.0,15.974823545787723,12.924348351575766,16.76957347314551,14.735936953677196,17.939427425331793,13.83673322499557,15.321051250410337,17.623290594977608,16.14806109419259,17.553255668778874,15.338806128438105,17.210038429530115,17.025415411783317,16.600746627231114,13.555053291238863,13.8684727863349,14.395439690078184,11.517525448784015,13.491309851097004,14.95876120281443,16.25509290296033,16.313211459987787,17.47069789840838,17.51753890938146,14.054976047860732,16.56009096851218,13.142197949558136,15.832451789251015,16.03476461856561,15.272023589265544,14.222206792863274,12.153706343450851,15.079188174220334,16.6216640236881,12.510198287637474,14.222755694386002,12.633928291928592,14.541369271799628,14.3849633363091,14.25925728283466,15.72969901259258,16.918082438617528,17.216089735128918,18.438625155582898,17.720485815650513,17.083082071991164,16.737236406707197,17.753719414958304,18.92949188664876,16.746757575163073,14.750591931634496,18.297813778988612,18.18927424188776,15.020626248524325,18.979158963276497,15.153673338367485,16.45291108869784,16.00406231992831,17.809504015742373,17.461467671192885,18.298694183620125,17.528595790395038,15.284919032403792,16.589989310479243,19.23815467469809,16.758058342842133,17.76428295944149,16.4835524640002,19.1426467084342,15.967286492572851,18.211361946111843,18.760911106034055,17.709139764203616,19.319152746779483,16.24209603037258,15.854319213097384,18.497657343947576,17.415990105014487,15.45115308419837,16.91266657990074,16.838234473643876,15.820333081192816,15.09516310170395,17.31608459109979
19.730238255350457,18.622941668855763,19.85618056485814,18.10309579383548,18.95530715964761,19.693608519678246,17.427661113920035,19.034096277244995,19.476350927468985,15.337783666014683,17.023137991809577,8.830123630977416,14.39979611909331,9.37868247262239,15.04081502467926,15.974823545787723,0.0,13.238718946804502,3.8618423830702886,19.55216181530216,9.099234573826994,9.346250770263447,8.651900288409792,8.38571646590778,14.171977106952603,12.908824964201012,12.899079717626336,11.942369178941696,14.98797880539204,14.09514826047342,19.02108179531131,17.283395970192732,16.000290563271808,12.62965073966926,15.553464196316538,20.23898989025041,18.140106747048343,19.67072915120697,19.53728138586058,20.20411583810984,20.17794753163053,17.797763887782377,16.977359695403603,18.962806138337164,18.9796265410651,17.417449008129804,16.126844628658844,18.580609073911106,21.42943948535324,20.920234778738013,19.689301402731445,17.894834092426514,18.74181285243489,18.61258591846148,17.845727733113623,20.48945735927289,18.25779098219337,18.20098296805832,15.093926781973952,13.091477247360883,11.999891514000025,15.835855496715212,14.783791946257386,12.716632596699585,14.061650870058449,15.726970298669016,21.55802944104422,7.216574350926869,13.732992386440229,15.704805245708425,13.616531768228764,13.268918039289217,11.408739489012763,19.835660500651503,8.985847998203868,11.599832732140976,14.97300134716163,9.1142245699703,20.1521354044764,19.77892709018183,14.314017945029292,20.98269538002813,20.11799292771007,18.93954930509116,15.311026926386896,19.9244396468677,19.12635009586647,16.134984178445855,21.36572347982769,18.63274712124721,21.022395491352626,19.7357868203646,19.43543148847242,19.545747329098376,20.356571172143376,20.32484669288423,19.775268985195744,21.260402572562164,21.075559379087373,21.669603023347825
15.28111736607115,14.7854139710417,15.152220149365869,15.804141727477628,14.959151874514024,13.564195209991452,12.756662030136791,14.210572933743954,15.198725614420365,18.48776477196618,17.656740185600665,15.545744258360845,18.1363710177058,16.06407856533329,18.995191313950965,12.924348351575766,13.238718946804502,0.0,13.613339585189776,11.733889046403046,15.566623536469054,11.631788614938,12.896436395787369,14.317539195336549,17.39040412341019,15.24892121197868,15.78931277455568,17.139420412917467,17.894667821617176,16.14656741589303,18.16412841728067,19.09841020855784,19.456425454955387,9.85348426441895,15.032615953017215,13.91310139991103,18.49674592069097,20.410252600277296,19.78408024014601,19.25102201771786,18.511482933138502,18.649222426377687,18.02876277940045,19.72957754319041,18.391047237701137,19.80711220804513,17.25794795849858,17.859277022945818,16.627766119843148,19.04043902161829,15.487429196389911,14.035543079685072,15.671104282423086,16.670219596732892,15.075037057282511,14.592941974258016,14.788763908748452,15.412414825898493,17.607355910506616,17.186323130804873,17.177819453350455,17.860044381040396,17.559965329610243,17.468982527917085,16.87631246884384,18.81963121417136,17.319578250777603,15.31039677868375,14.31606076664848,9.967464574215995,15.812039389603775,13.824653430192642,13.620476066468283,19.01944473293466,14.901974043730844,15.357245520660124,15.816661835196482,14.900104070780722,19.351723019361483,19.90850739977536,16.846654316317707,18.344496735935607,19.980350927164707,17.54543100009121,17.53365860626049,18.3588653861801,18.726914809227274,19.14333257879855,15.732850882783042,18.29748964952553,19.467979687235065,18.6811560134484,19.53094905079822,19.202442904489992,19.40122932289969,19.989378888796907,20.608197829430065,17.61053687255151,15.10409555891978,19.180787470134145
20.017592229820902,18.69866170543577,19.96305805486133,18.268159746104565,18.97651926620553,19.7237545144483,17.630437873362954,19.137514463129538,19.33818367126704,16.02666632983255,16.8864324633999,8.882837509787384,14.166927998475217,8.65282556107837,14.459734865806729,16.76957347314551,3.8618423830702886,13.613339585189776,0.0,19.39643905331012,8.175929147538117,9.83165084925968,8.140824602027026,8.414911046930563,14.090216754783649,12.432928951479568,13.34546385849901,12.379313438221832,14.478540384689111,13.52187991682754,19.43226212338677,17.4594204224869,16.18678562649014,13.220861142889838,16.605784134799936,20.62332252607517,19.036894846523506,19.102234740759037,19.091778993307106,19.654157311134608,20.373334542761796,17.748417651869097,17.361784882026512,19.279961911350185,19.21106303819304,17.3899726598356,16.315647311553242,18.88403209133698,21.96829376894128,21.02730521250186,19.74469359238216,17.625003791555105,18.7904589427038,19.074210055894408,17.838145893180823,20.577396974058377,18.06368773925439,18.108148402056592,15.257443119140165,12.721708350757629,11.716066461394757,15.351328294492044,14.57550857596425,11.92102378496678,12.77959931259718,15.328183121847378,21.61128485908746,5.70585653734651,13.892256029074526,15.538229562409851,12.721905181757716,14.126284550431098,11.01112617056564,19.77565107545673,9.307345721780267,11.333525145419047,14.472582591995025,9.015472867469263,20.2156663394124,20.044920854940287,14.903422232721292,21.393577325580512,20.305952571106975,19.73347935913335,15.399970188261562,20.30816630657292,19.89020215334048,16.593432354435688,21.330118720981435,18.680848035420546,21.071521316837256,19.4607558430333,19.169270281293,19.495272602473456,20.43128876392017,20.653335621501544,19.768736569792186,21.5221341620046,21.45113723310895,21.741644772270952
11.007532291751302,13.22623061031593,12.40679573662005,14.577292044794229,13.082557984182388,11.315927131962768,11.308280888955585,12.256291396487944,12.092520116226636,18.356867414742972,16.498325716819128,19.263308972402747,19.39660039410003,19.47706224086801,19.344658665335015,14.735936953677196,19.55216181530216,11.733889046403046,19.39643905331012,0.0,19.892654150722112,18.48168714849518,17.415639605496384,18.48967079614937,18.302275418847238,16.811001998748747,16.972212783505523,18.89260247490533,16.795852667094696,17.778982618180205,15.763218452713984,17.6984137574892,20.01666401367559,16.151650111168014,17.613806835127825,9.663512632438694,17.066803419809276,18.496321304769413,18.237835517680605,17.290161722406648,15.66792304433799,17.274954857181225,18.90611323746479,16.98259020845685,15.536932510163288,18.822196399079232,18.01497118625558,15.972965054480037,11.144214918744302,14.297877584338943,10.34086969929344,13.018268126989454,13.057981333810387,15.17677144534318,14.818448300625509,10.605891546180734,13.301411557552068,13.294642738162402,17.259959897899062,19.007302750111545,19.049029451024985,18.618594147234624,18.27121414676912,18.906759115794134,17.848327971952532,18.314294676940484,11.578024262586949,19.69433084816625,16.67357315016777,10.903027755553422,16.429681928663506,15.457440912243197,15.493559249969204,15.723817566990473,18.230925548067177,18.421816628942278,15.18103196773714,18.57640513612133,16.24080335344169,16.96422707279389,17.837520680806495,15.148143000479688,17.23544917574851,17.035548163408052,16.54609337230729,15.887814368290208,15.981292054194515,18.300817568742698,9.194942653016833,15.610669992760243,15.557832772034743,16.296853554931356,16.649955982035504,16.67759739611305,17.37600245176029,16.372132459466542,17.361881406897126,11.80900056779996,9.320056542349258,14.118839304066116
20.30579668260029,20.012960644201435,19.980156194983472,19.13163229382804,20.40611555737433,19.672083055445576,18.28653530146498,19.570233167368773,18.94489156270796,14.829246271764282,16.957711305270458,10.359494954063273,13.635223257190342,10.63901239731692,12.059557973466584,17.939427425331793,9.099234573826994,15.566623536469054,8.175929147538117,19.892654150722112,0.0,11.952939948000548,10.037304283365913,9.946730415080578,14.882439250691313,13.18424592565226,15.18208716268976,13.346972802511258,14.84767554366976,13.9709027704019,19.02720925007156,16.639662291929653,15.188076665412488,15.456447433693908,16.81640599668135,20.53080914866453,17.879161906791335,17.568746314452557,16.582708563610353,17.599531218027828,19.241064092042123,17.201170109161932,17.36359747976688,18.13597625806685,19.47214161415158,16.4512629211922,16.291188863242578,19.27228414101871,21.149356013584917,19.69726625775318,20.061269315699636,18.43486842147249,18.258634392881635,18.796839317457568,18.549917268093107,20.311713599595542,18.723650185267232,17.858104404540676,14.964587468979332,11.953676422528485,11.59192881039036,14.602725519116172,14.37500918285388,12.83128447477936,10.26847205834659,14.197013843993496,20.192343268073024,8.35026320716161,13.958904750982,16.52519271431402,10.49096293923458,15.669563034758944,11.665471884441862,17.947256680090042,10.3442002086315,13.074475540915309,14.361456546786394,10.446360351857338,19.183080020296693,17.73995877721147,13.340213980641051,19.35925088121565,18.37834446323529,18.32430504930718,15.213774780553717,18.600128567045708,18.351777223021276,15.214201538760452,20.61744132275132,17.184002671548363,19.05653420523107,18.536034204456957,17.051386413120802,18.224078996351377,18.829628791223037,18.694392916406336,17.62771025406812,20.468494393891675,21.463980086100715,19.78252052229868
