Var0,Var1,Var2,Var3,Var4,Var5,Var6,Var7,Var8,Var9,Var10,Var11,Var12,Var13,Var14,Var15,Var16,Var17,Var18,Var19,Var20,Var21,Var22,Var23,Var24,Var25,Var26,Var27,Var28,Var29,Var30,Var31,Var32,Var33,Var34,Var35,Var36,Var37,Var38,Var39,Var40,Var41,Var42,Var43,Var44,Var45,Var46,Var47,Var48,Var49,Var50,Var51,Var52,Var53,Var54,Var55,Var56,Var57,Var58,Var59,Var60,Var61,Var62,Var63,Var64,Var65,Var66,Var67,Var68,Var69,Var70,Var71,Var72,Var73,Var74,Var75,Var76,Var77,Var78,Var79,Var80,Var81,Var82,Var83,Var84,Var85,Var86,Var87,Var88,Var89,Var90,Var91,Var92,Var93,Var94,Var95,Var96,Var97,Var98,Var99
0.0,15.504445620955938,13.943947174677126,15.088714800557836,15.088379272752848,14.61121277354088,16.274357719440033,15.274105215744171,16.795841461686614,14.932017031955375,14.655843757778714,16.582617354572015,18.264451260976497,15.034631116772855,16.20461115621613,16.141610596960767,17.74840111388329,15.941360910129529,14.9631655739761,17.40445245017392,15.349046965427876,17.77912643855238,17.653447166330444,19.00623144679617,14.32883384742981,18.91778818546442,18.067647670724234,18.10501308086593,15.971123488629628,18.10741731940145,13.962695892540188,12.52589375581617,15.69671422126804,18.279852491643897,18.40463620241933,17.544006497085636,16.777515492702303,10.880034325195856,16.618487759071837,17.55065770368104,18.05570567205615,17.573688096676296,19.06447342082265,15.605066830577917,18.05417863079381,15.924861968277984,17.3532845316948,17.046394843397128,12.869567841219236,14.99551899321983,11.645892995339958,15.805287177559698,16.509180783818138,15.504972004598878,15.283166208072904,15.105192978871356,15.463946373225095,16.903353557605225,15.857015059172028,15.577008017438407,17.086127955524788,18.14645528894604,18.36207891951716,18.02807107885322,18.321195086718703,16.9494287173176,15.064169514846553,16.768686339582406,17.871736284145662,15.245204213395834,16.232799717532718,17.84455393597585,16.71446993640135,17.52454788539577,18.101410089197188,16.521033759278513,14.588482686074595,17.670622540641386,14.38214430315805,13.587302888162986,18.40914925575868,16.431075701164335,16.28682488100829,17.41007178534849,16.719248445306203,16.574706610302197,14.295895417068811,15.983135944977304,15.882966720687238,18.167392050776236,14.69999940638604,13.561710345235982,14.376231096605112,13.503415727853016,19.28101156434484,14.147233749483473,15.932457003194262,14.94264770728422,13.35445789660485,14.123404826462831
15.504445620955938,0.0,9.110233743974527,10.553004548595814,8.451407967544574,11.776454422657109,11.413635350597405,9.468490310076424,10.212329273971047,13.823822139376544,17.005143264155542,15.451982927732942,16.04251771389653,9.89593591008678,10.667106794842454,12.507681695342956,12.815947036138418,10.499935758803089,10.426958745120368,12.44711111917788,11.6716349789017,14.772078467180137,15.08137747400065,15.836122633329468,19.978052728590765,16.626906800482114,15.879340988131943,16.924792421446078,11.632241222758772,16.350559372888434,17.040782994700812,17.210687703165515,14.677048665384817,14.404055120803756,16.2184810752098,17.50048440074687,15.63952840942026,15.374107655740394,14.25181594493202,13.842658068631492,15.01876713756032,19.61811109478039,17.349791872082704,17.858132218683334,17.289576453414636,17.850217164893333,16.388244177755404,14.662442058514984,15.705433907634465,15.621669032259955,17.279861054285263,4.882709118309818,12.785965925979031,11.992116850430046,10.745808255142448,14.669356880163312,10.387440282676094,9.592909122119996,15.3790086384191,17.795449298223364,17.136302423758128,17.021459005562473,15.704306606878763,12.984779025763226,12.864607274708094,12.055477781289046,14.417358046702956,13.931677938853232,13.897651072314192,12.860092743809492,12.241740351469645,17.68957302970561,15.495546879034142,13.875226620498772,15.469398221178476,20.0519197081691,14.19192054745529,16.59611316210437,15.171850014576885,18.72047710636468,15.980646608685502,15.295431902123967,16.06555919344661,18.08864027107749,17.22182928689518,16.276243843657014,16.1313349047773,15.653417946820202,15.015131077507226,15.264009203106337,15.087221261615143,18.857411457656426,15.340147241184717,19.664428924141287,18.210816409496072,17.30868388224284,17.325053206106418,15.981929060115224,16.063151890771525,15.882271215691418
13.943947174677126,9.110233743974527,0.0,13.955600705828733,11.57569410239105,8.74913244645969,12.57490937312932,12.381818924211505,9.5486523094671,12.569887920543293,16.214280971634082,12.675022558010705,14.568105454136743,8.773814157519547,9.28399891424437,13.95960067109684,12.192994169675908,10.783017879839337,9.35791534836386,13.173780486164594,11.1758368852465,14.628188275193173,13.380507964894903,16.219174741869725,19.53689678706107,15.443657751555683,13.14978572303601,14.697739467445544,11.397642838446655,13.603609940484288,14.8068370754935,16.570951486743805,16.1299345470224,14.206092033463932,15.6528300352908,15.187069574030795,15.194876224933752,14.969410803787982,13.612223539155549,14.608176499920411,16.254602507109126,17.846250908561196,17.328939462888112,15.935553123696376,15.97910416715772,16.67756440728964,15.466056699848,14.03313437585505,14.536973403211976,15.741802045598872,17.35799358752086,9.269136862824524,15.087314015278675,14.58919854454611,9.414226322067176,11.550335508812005,12.310170565568775,11.024148762921325,14.926851737737977,16.1726759465457,15.277560623989944,15.53607430995794,14.367525408954728,12.163466141669032,12.022768513265383,10.441086314499328,17.246138154923422,12.581189143631502,13.874101699469254,12.46006886722277,11.936468983334152,17.164855541101954,14.79588909533596,15.561617689931603,15.903745471092948,18.008474186813515,10.991250192258438,13.685070751744616,15.59195240239768,17.326464542764977,17.169664902259548,17.52022546721787,17.14047284487091,17.590879190461536,15.667925504366844,17.045828596879726,16.013736241885955,15.032591808314365,13.665767397778689,18.075725494025143,16.978069743723395,18.4027167937552,15.587461761168091,18.19294784891771,17.89552515520919,16.43852706614149,17.229704614450704,16.788895354375864,15.699032672342923,17.09147018255741
15.088714800557836,10.553004548595814,13.955600705828733,0.0,8.542256326675302,15.884901910037383,10.699550399106998,7.256766661267443,13.03057601619112,13.70866797913628,16.44406449956811,16.469951565758784,16.153582648153606,13.286448496046962,14.211440885455708,12.06459571510418,13.540087407574314,11.122151618295351,12.099671554573913,12.827031697624069,12.364922766537502,14.808724341580888,16.580490388922172,15.827986288017964,18.192331810346463,16.822447327059738,19.03119173092717,19.258352768350424,13.1785582738534,18.764835837902147,18.335228956629777,16.95867369879015,16.142238300441658,14.789160019174078,16.97912495991347,19.37135597773821,14.898161405262194,15.258354101512325,16.241409433340507,14.250760391111951,15.63835338947052,19.246038651423625,17.497125873195735,19.538725512976463,18.951396361103928,20.730300368089704,18.624235035032804,17.12928210324304,16.419067725025307,15.004017256737702,15.092392622217982,10.171393531610487,10.753142060481329,5.8065382944204655,15.15468828618684,16.481435537861138,10.135254644895758,12.15906107611412,13.522190310835963,17.354594270640703,16.520249978335322,17.006275001885303,16.956271133726197,15.738233424975956,13.85392820189396,14.40383874114742,12.349102059301542,14.133574065193269,13.475350283028504,11.50148661275137,11.588356020823817,17.211189855330474,15.665157543822032,14.279637264966928,13.97687820834059,17.894184267335536,15.392726747629483,19.76987648078077,14.737562004613991,18.12843367776752,15.100480626561994,14.01245105442298,15.930632844880414,17.067589334059775,19.732948397084844,17.68871797444546,14.152241680727029,17.973401690815667,16.689003117480958,14.890855348468248,13.85690846417971,18.06971262854617,17.028023503581384,18.179684001411683,18.0725111184426,17.806029174841445,19.19562958766764,15.822370884737545,15.741161481307016,14.834241347363784
15.088379272752848,8.451407967544574,11.57569410239105,8.542256326675302,0.0,11.62229674086672,12.754311503490625,8.185089304720528,10.085590659164454,14.50239748608812,16.884047609589135,16.55284613983419,15.89535719357833,11.1032634087727,11.4295600113742,13.257823944477613,14.358180429176164,11.323368423957142,12.226694186626109,12.63641778918269,12.781631790945177,15.749366988884573,15.10887396087004,16.971960915752923,20.00345883644871,16.59810652717692,17.315253819275824,16.769805822005157,11.458011343819145,16.73468128409797,18.28873674490728,17.833617759662264,15.851281515845718,14.664437225886363,16.33920105787472,19.22773883095269,14.512388058348463,16.366553129358344,14.855898336315246,15.193969017138798,14.31416149982394,19.473830409632228,16.987500511350177,18.129219797597724,16.695257236374122,18.638255288674028,16.934967309286705,14.074077069774033,15.19184043335322,14.446742428992478,15.282311091187411,8.433364717446628,11.015320382062356,8.574041056771238,10.002326297147142,13.071944075453262,9.609018053922826,7.921705576976252,14.832127937171878,18.223588400604413,17.42937237273796,16.011954009669573,14.430381282361466,12.638923212046713,12.23588307283338,11.447676924815491,12.653422460742547,13.444705820271302,11.724068082420516,10.607113390126989,11.870000444884832,15.782008351912015,12.592766959038592,14.466285393843783,15.87013051352204,18.708991471633755,13.967904526855516,16.957629195217365,15.16493631882894,17.92306913583848,14.266262653278918,12.814821143599277,13.802301521333346,15.486807183542917,16.278103850538812,15.106983581704537,14.200748535346806,14.012596403187224,14.653880472344058,13.207044030081404,13.671677730666858,18.14426550319005,16.04320552219343,18.54986305055485,16.544568643932205,16.772934983327087,17.411887242049577,13.63442778944901,14.6726485277429,14.544272933273923
14.61121277354088,11.776454422657109,8.74913244645969,15.884901910037383,11.62229674086672,0.0,15.932123647262854,13.927289904626402,8.83067942159593,14.468680727249502,17.59357393917726,15.214516753558016,14.32338069151219,10.907023485661002,10.965438742043098,16.094775671326833,14.978190992683617,14.108440207669716,12.677494613634924,13.730020324282334,13.005504028447378,16.290739758716864,13.58071582385982,17.705086156087916,20.622050979509737,16.405527515283534,13.26864542165548,13.3896172497508,12.079547326721976,12.756682120352169,15.62012986492739,16.553510600866822,16.348846678791816,14.997169445883284,15.496375158243648,14.994656404310394,14.554975805898088,14.808461685176615,11.88228640595951,15.89045956427922,14.54236634369449,17.851871918185488,16.860174253359343,14.4215899878146,14.358446213212083,14.453314707871636,14.268250564475832,11.308635002037608,12.55446079869985,14.460352115864644,17.62668432190985,12.176155647520124,16.580426938444738,16.051267077937084,5.824450227337486,10.042150009491335,14.552869050308423,11.059575261645357,17.24739161665348,16.724947316122194,16.056794034752965,14.626307271174648,13.55894821042988,10.978664979151578,12.244480233615452,10.821863676575694,17.35476337033239,14.233776871412948,13.97781512802023,13.553417470040957,13.623454942437895,16.14316383404857,13.527975795385156,16.766702558133034,17.686548495237258,18.348396326389416,11.224368658991146,11.324170631102648,16.35049612254645,16.950944975570632,16.600254212814654,16.174691092520717,15.90736998309579,16.052308979304232,12.326957904760578,15.3986428789322,15.251972339483633,11.790843110138294,12.622226520274271,16.624284253813048,17.41835839767715,18.42421227260405,15.638777727587092,18.14572914440014,15.75041820435223,15.486681991181722,15.81664235433048,14.82759042830078,14.16374334258533,16.060536529699476
16.274357719440033,11.413635350597405,12.57490937312932,10.699550399106998,12.754311503490625,15.932123647262854,0.0,10.475342656956496,13.144319813275011,10.570071328961356,18.46949258053703,13.48085539160214,16.329009497787737,11.7097323179203,11.521676469861836,7.011353648184143,8.498688090772253,9.015222374041985,10.633930147829355,9.38979878220379,10.703833476088692,8.318023115392029,12.014777009463458,9.480689271233729,18.816617520849235,13.073053010189888,13.51408237762707,14.776141687269568,10.038036077617212,15.584178441894592,17.209590573275204,16.567014105878204,14.463632393421772,10.60167816211284,11.606682633816234,16.15855457419397,12.581435155775369,15.15194640890826,14.951215635854574,7.934052590972628,13.676360689259251,17.2999458846136,13.24203876519466,19.16443402455802,15.816230441526068,19.422446175537974,14.580610137773371,14.95892569031056,17.169614829496375,16.91557310359425,17.92486039110332,10.925134217151031,10.773681707611116,12.3444178934274,15.984073157975471,17.536078660203426,11.279828979081408,13.30121913885086,13.788783292728288,18.10256513192745,15.797720000469193,17.751444778645304,16.898701149358427,14.471794211795045,13.257991954648132,13.34880918936042,15.527013317582114,11.252758798429596,12.507643588315638,13.359244808247382,10.409068878535678,17.931407889478972,16.56146763214525,11.717515685270358,10.072182753109711,17.621808323647898,13.78569376219882,17.926212151370898,17.674688180901747,19.209464521611395,13.29979466912213,17.069767918614104,18.12660923761668,17.135379599316998,19.581766781726596,19.16971919341228,17.2773525844428,18.966832472588827,15.895917127367174,16.81074805296499,17.500442947736882,19.70292883048934,16.202849087986852,20.3745771382982,18.052440393440254,20.17727816267833,20.49129010821079,19.36334809009836,18.69466474404885,19.048908953139478
15.274105215744171,9.468490310076424,12.381818924211505,7.256766661267443,8.185089304720528,13.927289904626402,10.475342656956496,0.0,10.326471710654063,14.16766004786554,16.06792756527913,16.105095668749442,14.769905279471905,12.11151794413436,12.752733545431772,12.787454347313766,12.756546274844691,7.758965634880937,11.747295958299578,10.6432951325751,12.11459493556718,13.75234365173866,14.770113892985634,15.67155461682434,19.27831341589885,16.434470234637406,16.97552811891169,17.9958318734396,10.799558705715391,17.11808839545246,17.326307514937536,17.394272277704225,17.166225632576865,14.300062834517355,15.97029828659099,17.94359531179883,13.833137883684726,15.53047299640674,15.161145851738375,14.584204369435438,14.71603427376762,20.239066546941487,16.902595018955143,18.02227652303207,16.64443952170786,19.23343900591814,17.23231783972331,14.88602939311432,15.618389729446294,14.23853966860658,14.851456037825514,8.10677621038365,11.275090091389815,7.881176664608847,12.879984678701677,15.00497023320684,6.664682764990433,8.01411896006039,14.113860398135929,17.851662620992585,15.420493937580243,15.451347973744612,15.246249658662814,14.464463821593728,12.517595335554242,12.506922386026996,12.8676213725344,12.587934576282349,12.446017973034785,9.073788421513676,10.23047933826787,16.16144004807527,14.194806727085703,14.50301016808078,13.950056411643242,17.799474127465427,13.446689777954637,19.25617249345604,14.664220347925989,17.513332133177567,14.726082665753957,14.118310910837636,15.112989371825272,15.583914017944783,17.984146047216015,17.520667443730527,14.686125799725032,17.191102821333878,14.959116983014267,15.048894746696618,14.464389938652523,17.561523790607097,17.447673148054612,19.737816309115637,17.265235834900444,16.963172606721283,18.51361622019716,15.152421103183814,15.458609680473634,15.019570186050954
16.795841461686614,10.212329273971047,9.5486523094671,13.03057601619112,10.085590659164454,8.83067942159593,13.144319813275011,10.326471710654063,0.0,13.730257871121513,17.28388488771497,15.266287266773372,12.819881524181543,10.330964339703542,10.94029017846967,14.66352193846968,12.766674836018348,10.501642306275825,12.254030891039037,11.234039044632842,12.695550982964642,14.328578138178251,12.643099287581729,15.729121201022412,21.41576118964513,14.644016864845389,13.002541774802609,14.175394823677372,11.094978795799523,13.833548004669767,17.633918732631503,18.87953456648495,15.778287233861908,12.480831459394198,14.1184049676441,14.518906018286986,14.6773574200082,16.10562856150728,11.785486261949403,13.747077467783654,12.705007402901089,18.554585327739364,15.473019044631826,16.83594146440597,13.984524196139512,17.518338044715374,14.991834843834258,11.864276779732696,14.874666173185616,14.659617325540124,18.17623846862383,10.635772386670912,15.526174686982994,14.317266703851052,9.091516992133778,11.01992680031416,12.079788966004667,8.081683346623286,16.566195207399225,18.16048296661764,15.238386511240682,13.34074536549081,12.101782249168387,11.167577823638611,10.470286901086096,10.415984101706886,16.920942962432463,12.755168335514403,12.148891419063316,11.905984229298872,12.205566877845616,15.517646529741988,13.77654032555922,16.028191000493983,15.91877548784756,17.85825238845041,12.684403157037387,14.893029047630137,16.13877647245149,18.994878352800782,15.241702341051784,15.285986633734074,15.630690995459464,15.413407886650257,14.60332054919716,16.680432767035327,16.37140672518381,14.514447426102196,12.7452583732787,15.783828750652903,16.753069918925952,19.48805201809666,17.473889243707497,19.921297654142663,14.45064648154195,17.238963270304094,18.06705989711535,15.73661379277411,15.95318114205427,16.69430349736584
14.932017031955375,13.823822139376544,12.569887920543293,13.70866797913628,14.50239748608812,14.468680727249502,10.570071328961356,14.16766004786554,13.730257871121513,0.0,16.46300313994562,10.577203837642188,15.849883428189315,11.56984034187922,12.591689627823412,11.45883516320054,10.155185615274911,13.496458176137326,10.675419273434189,14.204468953441902,11.365608747502275,11.201322248158087,13.982796711285935,12.560324407664238,16.087890863807594,12.590546917479768,14.0281931459028,14.417158472133904,12.395481734943829,16.286753752656182,15.91119630942766,14.645697041011813,13.425670761017011,12.72240958867622,13.291248232991892,16.73792528303617,13.67984446727122,11.504049507517182,13.511518795687794,11.295071342054111,15.944398711886244,15.07953335639079,14.128520520350854,16.92836813447937,16.014188556372662,18.012786128966493,15.501484772582042,16.409292760907135,17.501765618674984,17.112836709561833,18.06362117273703,14.68921212605104,16.030901147457502,15.417849799733409,14.763852519212625,15.531365749251126,15.458197784521776,15.317775890686796,11.099631734902884,14.903612408356889,14.539052567258636,17.448698512513992,17.5018918424919,14.276403949331936,15.341917145283464,13.96853815280164,18.209066654350828,12.804100556460376,14.94293843228249,16.36221732716296,14.034396470542452,17.912827704005647,18.00690807381982,16.132594640905676,13.26998730926064,15.107413710916038,13.643293888999889,16.835022012126554,16.758997033641993,17.62571689189362,15.724678882800053,18.347307636572687,18.13941236351103,17.292656246000504,18.536219302955438,19.51290853559598,16.732066083641573,18.45525785396432,17.54903878368085,18.70765350689569,18.48985003298847,17.907077083330645,15.645128415230529,17.727443603844108,17.90491293705817,18.89112241480815,19.615403981354625,19.078890352697748,18.43713742774315,18.790740220783025
14.655843757778714,17.005143264155542,16.214280971634082,16.44406449956811,16.884047609589135,17.59357393917726,18.46949258053703,16.06792756527913,17.28388488771497,16.46300313994562,0.0,15.229600120311884,14.523243387239358,17.580623698946543,18.28584754395956,19.649563947938205,18.396685183807374,15.567038939373717,16.887740018469362,18.824011242733548,18.32277753346901,19.634520073371043,20.37395531924387,20.313676340166005,13.043203908166523,18.624306336161958,20.120665771508783,20.318567856149663,18.59193135242217,19.011015032225767,15.318674304907498,16.125122480023233,17.91786148424219,19.843777784197847,20.93466278114592,16.65413300443386,19.523126463812783,15.397901802316568,17.032371159630568,19.15068054194441,19.50997275319262,17.39582887795776,20.08123712181527,12.966377986816928,18.253091499559314,15.152741015877812,19.593794683740523,19.84464539391501,15.52579244276848,13.342827810991658,12.250049701210791,16.91458440102767,18.131442819076668,16.369225953110863,16.1927574104312,14.03213041208519,14.801986054356709,16.57689050764572,13.035910598338832,11.57856396298626,13.07206605716309,14.362943922710166,15.36418785925744,17.825352074818746,17.869374365058732,17.534424319536228,13.919618267057889,17.310175848819153,18.838425341970638,15.101774071078802,17.856878589657704,14.352353229366765,16.792070706793904,17.81352232276659,18.38220335074796,12.710133682323534,17.773464036660492,18.866788753985283,12.77414900455514,13.206214434571782,19.70075074929805,15.705275403695309,15.049202414216005,16.068092063292895,16.314104396489654,14.637397609954968,17.159589715926007,17.300257821070193,16.72409586746841,16.927988442086956,12.745908197639393,10.203436463566067,14.63412903788764,12.263679640217168,16.454009608527443,11.322852111864522,12.986635332968198,12.976286736034224,13.71332263554624,12.465080796883608
16.582617354572015,15.451982927732942,12.675022558010705,16.469951565758784,16.55284613983419,15.214516753558016,13.48085539160214,16.105095668749442,15.266287266773372,10.577203837642188,15.229600120311884,0.0,13.215628251553245,11.393425139308082,11.947966513578676,14.588106843296677,9.977694471524163,14.409261830640716,10.418686219532429,14.25485383410422,11.42511901703554,12.626424981248276,13.540631579645932,13.145495156884854,16.767091245124426,11.32112870891165,12.989729816146667,13.99544923713094,12.539475526960516,12.438807595002311,14.06444228377548,15.394412994273592,16.098630905229204,15.369321312323535,14.44322347967608,14.43851896248257,14.930581814284222,15.95381415383808,15.914666187525336,14.606298225360018,17.606144139725387,15.073515363242027,15.448487470638163,15.260272457511354,14.756075778264998,15.915204614439157,15.483002036155812,16.97100321893145,17.874935451493702,17.2663905356177,17.947615249921355,14.98867842487725,16.758379760470838,16.514230151258964,15.133864727044244,16.094306993777877,15.657693882928184,15.568564253378298,10.215244908888284,12.179285824745229,9.50448688687457,14.563120439777364,14.366995110884044,12.771651403653385,13.462922944930495,11.988064493460111,18.53190537860088,10.951064970987344,15.83703882236144,16.516280973989662,12.944964068389762,16.465768617782164,17.321885788133148,15.601314592930152,12.99016132554597,11.831808275769756,11.57016436570817,14.758553376164684,16.61627873478587,15.162837561503444,17.37873982179363,20.01040091243039,18.218829005593133,17.31132488373272,16.867506258539,18.358024719834376,17.03188717798548,18.12293358633872,17.18983379662408,19.190494924684295,19.16613445296807,17.086578112470864,16.348466994411716,17.216325209209536,16.80327833316979,16.925954995640037,17.73129282390874,19.208639736990204,18.70271248677272,19.05237385772566
18.264451260976497,16.04251771389653,14.568105454136743,16.153582648153606,15.89535719357833,14.32338069151219,16.329009497787737,14.769905279471905,12.819881524181543,15.849883428189315,14.523243387239358,13.215628251553245,0.0,13.592508185071251,13.615866897597874,17.733707407091604,13.914487867456272,13.52497556194678,14.3895291755692,13.169943497281402,14.098183787809134,16.008213950831045,14.3430597313307,17.33268674836091,19.00961013526499,14.80482229357143,14.650667009149185,15.295372459886217,13.587106434349108,13.13314033819414,16.751182268515088,17.973710220541136,18.117757647936894,15.78185957087767,16.181548983816622,13.385763666422566,14.816570662821896,18.17235827468817,14.249742955569625,16.777656366102878,15.805398327295777,18.096310223427047,17.18749110994264,13.76968401197392,13.67401614094798,15.939058633259023,16.344502142238134,14.32277660139385,15.914713357315383,14.803920513068196,17.717116626242937,15.381966908718836,17.67634121388089,16.45752324452241,14.057359385854523,14.270016718524248,15.021415430910892,13.46237057616564,15.229009476104372,13.4062217860027,9.58279835950157,5.682620554301924,10.92655379998243,12.050272391463611,11.526952478609106,11.33007971216788,17.32131574900881,13.287220143957072,14.07522418718812,13.284310271529186,12.623023699284891,12.949169637660033,14.157909003126631,16.949809748648313,15.6346266358839,13.231260212609111,12.347464950357148,14.667703131033583,16.928932959382582,16.162672385079325,16.16013757061998,15.856581502668869,15.331358776456486,13.486205074580988,13.30940123411373,17.002627328000052,15.814079909300048,15.087794486631791,13.027494283631274,16.83729780352318,18.41832061686767,18.134566709793617,19.10792823891764,17.6048021228931,12.691099932907823,14.495726544469738,15.944539897592897,15.169554911678794,15.970425070721804,15.96057549390152
15.034631116772855,9.89593591008678,8.773814157519547,13.286448496046962,11.1032634087727,10.907023485661002,11.7097323179203,12.11151794413436,10.330964339703542,11.56984034187922,17.580623698946543,11.393425139308082,13.592508185071251,0.0,5.927796530889955,12.71593246075506,10.981991760242057,11.940489893282251,7.50218244489616,11.360294661524089,8.023867336907136,13.005096926616218,11.184330732242742,14.699678315737952,19.85262762258946,13.245369242631591,12.43842374127285,13.593472557289813,9.186649721987736,12.010355738711498,15.662164155160012,17.250420228169816,14.48230239475274,13.630635870996665,13.80166212057834,16.389065824351327,14.20333243197423,16.035739363021797,14.151342429450688,13.364624084586875,15.09441467219793,17.66229718183645,15.590991270490926,16.723540712138377,14.27062108651688,17.042685618486743,14.61636237535311,13.392511252288449,16.176738425464837,16.628128899318376,18.30472749758159,9.873546997208816,14.926563581413696,14.47345076832514,10.68420018298985,13.365375411035622,13.30958672965036,11.21095101675359,14.810498200604224,17.028637346200814,15.187870624046278,15.14737203566454,13.05786404786149,9.324663281256589,9.835313148874476,7.892607575148151,16.847978252541733,10.286509393281362,13.105300459432382,13.642807345769542,10.62804252750856,16.908844314262723,14.13566894939972,14.387048611029158,15.376774264694108,17.24021111791493,10.177230350464484,14.283884691031163,16.1962640310987,18.241139545692068,15.224179594264136,16.891871635148366,16.161367299439945,16.32635393334816,15.061990065209658,16.958847314396223,15.538087887020806,14.772708001045412,14.699615747954695,16.14325418084574,17.944972656887934,19.50979999786945,16.370822655320286,18.45575067024592,16.71948550676833,16.86748136661615,17.77371777535674,17.083850046739286,17.087558572990137,17.93895099105842
16.20461115621613,10.667106794842454,9.28399891424437,14.211440885455708,11.4295600113742,10.965438742043098,11.521676469861836,12.752733545431772,10.94029017846967,12.591689627823412,18.28584754395956,11.947966513578676,13.615866897597874,5.927796530889955,0.0,11.963183158821591,11.41004481177028,11.439225019505995,9.010878254705451,10.356841937316226,8.146555765351492,12.385476889547247,9.560845997967093,14.085552130719346,20.154377473182745,13.069986282025203,11.366537035403818,12.315023995955697,8.183363719433165,10.331393081365883,15.491772282475198,16.933668701658767,15.08704669912293,12.641145837695497,13.070407139531238,15.985798383218684,12.127481919933096,16.458997531366617,15.063671380927332,13.438602248914496,14.609356389378084,17.648379217171346,15.093442366624876,17.19244865001218,13.979620872185782,17.0028284507817,13.856958448721144,12.175514027223844,16.06602829008577,16.896684971221553,17.90900542301048,9.71760312864041,13.410605423259309,14.411155359754895,11.20816337139073,14.38012790531604,13.270801409132794,11.428957069710773,14.424954775056904,17.56862786717105,15.096774745719925,14.351997361379782,11.92935560367247,8.218284723736595,8.961160390858936,5.71025306744337,17.494782766721087,9.46872824138428,11.044213441963242,12.821109658407854,9.632711325432652,15.717009647541891,13.032182228219618,13.944634925290996,14.63298533491912,17.68195407760654,9.401922011455047,12.779500225556168,17.581631086427173,17.63550323195296,13.982006700889494,16.675994197398417,16.491451159183512,16.028346407606488,14.770288765885986,16.492264605723296,15.432739871006309,14.509352050660816,14.299733036849515,16.33284772429339,17.839784871953842,19.78687477235278,16.344591305346096,19.29182880377326,16.914008716829013,17.9072585209996,18.055966615950314,17.340301099319824,17.717156820333567,18.601049422923204
16.141610596960767,12.507681695342956,13.95960067109684,12.06459571510418,13.257823944477613,16.094775671326833,7.011353648184143,12.787454347313766,14.66352193846968,11.45883516320054,19.649563947938205,14.588106843296677,17.733707407091604,12.71593246075506,11.963183158821591,0.0,10.109769035507108,11.767319560640615,11.557951890144215,11.693674217314536,10.641378130889631,8.898451642463643,11.98044629982058,9.891548146312443,18.849125267483203,14.597320873327313,13.941809816887472,14.629828082023238,11.660752636500352,15.876887103995108,17.803357511706047,14.996235902714298,12.501679636778436,8.809000997880185,10.573537905814094,17.307554938730256,11.898736337326678,14.055569407207978,16.04339940310458,9.327138924415989,13.144730719200371,16.71084351398007,11.643625802379448,19.942131649382247,15.991561514097542,18.776321370562844,13.940946972404898,14.217346812463008,17.429642979451927,17.31351785187769,18.000306073363745,12.216806891391997,10.010239483349872,13.22837810961493,16.000249026058235,18.298336603434844,13.70729325106594,14.62777021638807,14.86297689918505,18.27492116706141,17.35952479598806,18.863188098560062,17.808031513967652,14.789300279224271,13.684362414257333,14.152090156897025,16.128623720887504,11.562946846066662,11.702595118429718,14.624414963477788,12.23725019180112,16.946480456547448,15.735503216648745,11.964592395984026,10.128264061037594,18.16527314422545,14.791209684013168,17.04604254317422,18.64125796888714,18.91385686921736,11.159750954131963,16.180285807847525,17.485602836758204,16.008936888148035,19.19006399672853,17.916380778580553,17.071436499726136,18.041669811897467,16.616216039920722,16.01272680790991,17.477259156349092,20.00345688888386,15.94320169949094,19.786774422132765,17.644210154625497,21.027766346138247,20.08958517418756,19.19918480682025,18.72399791189858,19.13760879970484
17.74840111388329,12.815947036138418,12.192994169675908,13.540087407574314,14.358180429176164,14.978190992683617,8.498688090772253,12.756546274844691,12.766674836018348,10.155185615274911,18.396685183807374,9.977694471524163,13.914487867456272,10.981991760242057,11.41004481177028,10.109769035507108,0.0,11.156569067223128,8.193421446721375,11.5884142023624,10.688273991550922,8.17456393667398,11.7277255733919,10.191301722205369,19.415775416671128,11.14616273811477,11.948533819260293,13.608542827425293,10.93148217867569,13.615023745140263,16.71750283461486,16.43429820096923,15.354535281648433,11.109912896105149,11.64301471732188,15.058909229789274,12.847479972183375,15.39309993613294,14.804877754851876,11.748106672324068,14.975868397967709,16.896099026729516,13.387365701898116,17.323191539552,14.88378298148257,17.885585432927403,15.372079408204607,15.148983155752676,18.0979693167144,17.653181291271896,19.5521688126218,12.461704897041631,13.869066300465985,14.82944360217306,14.681624102851476,17.295564995158372,13.772767137524752,13.52246475480669,13.850633286924811,15.74748277147362,13.557858037911156,16.051563485140957,15.37380850480997,13.10301307140344,12.12239000606163,12.596849385619963,17.66468217980888,10.05710531177796,13.107983120216316,15.122606359955595,12.18624673455931,16.95698477625197,16.82649667369389,14.22997844412851,9.746480865085603,15.816592136543996,12.76679911904163,15.482927057573386,17.731289762026783,18.432876639120742,14.399230251775275,18.411429664032063,18.185336705140426,16.616292234631278,18.169436605896276,19.11960437916436,17.15070871630604,18.398624716411955,16.498574101215596,17.958982000686913,19.333612358468383,20.67510380714365,17.910175803029627,19.595409637794084,16.355366332184783,19.34227716391904,19.52310134510921,19.602751315222267,18.956475296363543,19.40824430284806
15.941360910129529,10.499935758803089,10.783017879839337,11.122151618295351,11.323368423957142,14.108440207669716,9.015222374041985,7.758965634880937,10.501642306275825,13.496458176137326,15.567038939373717,14.409261830640716,13.52497556194678,11.940489893282251,11.439225019505995,11.767319560640615,11.156569067223128,0.0,11.74827175143073,10.690058150016103,12.67752884793482,11.941005578535451,12.727867707471214,14.39541164392017,19.47793916496322,15.0559663667504,14.573058856035832,16.49394421272667,11.149387332702862,15.068957825439831,16.505523615193454,18.033970911580347,15.963594130967037,11.875160704859496,14.671000696383736,14.227582607530474,13.311055331141436,15.580120985052616,14.141628900151822,13.138308187701892,14.388994940644643,18.1931045583693,15.35417826393031,17.10535467167929,14.858969171259504,17.88003434141487,15.226432793716526,14.475091570127889,15.725759325849335,13.846572209678444,15.9757786015399,9.27676210404457,11.73085955602443,11.794822251080449,13.151276432617754,14.7066635868941,7.240616506099946,10.071850707891093,14.07507462646808,16.766610011006282,14.484615713541864,14.832402901658746,14.07538178335317,14.648753249229276,12.766502502517742,11.937248120386531,14.906008338295065,11.908803159890548,11.711689136717812,8.2729550031788,9.919263664002235,15.384070121831844,14.102916132591911,13.888215907928796,12.901828137919216,17.265839270416166,13.334353057232388,17.90715227902988,15.229622032406295,17.90402745006334,14.907732819089246,15.214357141053748,15.507309359440182,15.747662082747894,17.4174327672154,17.00141204529297,16.39573604488832,17.389345980762833,13.248126033543738,16.259557451031935,15.406823644151356,18.12783389361428,16.271837058360276,19.029440859761262,16.564559542356342,17.373354696628947,18.1778513664661,16.680757730905984,16.4417086417834,16.09910326803723
14.9631655739761,10.426958745120368,9.35791534836386,12.099671554573913,12.226694186626109,12.677494613634924,10.633930147829355,11.747295958299578,12.254030891039037,10.675419273434189,16.887740018469362,10.418686219532429,14.3895291755692,7.50218244489616,9.010878254705451,11.557951890144215,8.193421446721375,11.74827175143073,0.0,11.970424953930518,7.405282364146292,12.466357674910803,13.47535028611695,14.293520572831794,19.24830772825616,14.226200817685417,14.379996580917952,15.48485543733094,10.219999889483784,14.13736084681939,15.87610266860243,15.171479431509177,14.760565368062805,13.933334180788544,14.752526938825149,16.958736172745617,13.774382007421169,14.973062305129003,15.468770066991947,13.90974597865719,16.66082008822323,18.569475640921134,16.65743904538928,17.084502339719194,17.174991861345838,17.656816701731636,16.522566316728632,15.63671216265027,16.49582139599864,16.546613788180807,17.753422904864752,10.306606797634638,14.45843137270558,13.56451956550581,12.534002131790531,15.600455977693835,13.478600141407004,12.663952065021364,13.923986078835217,15.523033486275862,14.463653565750027,16.22492920031494,15.494434763339726,11.72117889338466,11.262107415674484,10.885604003651324,16.633146172982475,10.169247967919535,14.09874551325759,14.578406510107694,11.525379322280342,17.62154155111994,16.191646612582364,14.91311895828537,13.297824154446555,17.267513292490396,11.290163056187444,15.055115696266183,16.69357828372814,17.218917078911957,16.189725394379863,18.03970664044044,18.248900430008263,17.782497013911744,17.700732011234155,18.157875696035216,15.65800582902606,17.004332736563278,16.257525370319232,17.9406338973119,17.91030137368231,19.436666874176936,16.663534423258206,18.756681407282368,18.197923336895865,17.601179146864713,18.17442152369811,17.85686085489834,17.01069323155267,17.65381380132043
17.40445245017392,12.44711111917788,13.173780486164594,12.827031697624069,12.63641778918269,13.730020324282334,9.38979878220379,10.6432951325751,11.234039044632842,14.204468953441902,18.824011242733548,14.25485383410422,13.169943497281402,11.360294661524089,10.356841937316226,11.693674217314536,11.5884142023624,10.690058150016103,11.970424953930518,0.0,10.13314150222423,12.19592443862037,11.071997413342697,12.88732386449972,20.90275242815016,14.359985620166146,12.430228299770087,13.546579792732407,7.540527063909388,13.517187101174734,17.07255273990417,17.663145723087574,16.383953420692105,13.242959012325356,12.866554223071669,14.61797384418604,11.294385492502546,17.40274260079847,14.5725625868246,11.283942006992024,12.72038731309227,19.178542984924825,14.889458357454105,17.23778043551187,13.112662364533492,17.659623200185777,13.800296932705336,11.226307156699049,14.245199499508756,14.558499768173256,17.931032881889323,11.286151234499872,12.541409249673812,13.101647803558851,14.139285924210736,15.948756943880635,12.319932422522802,11.487385749786831,15.56769011270979,18.5192438630046,14.214933926680567,14.011771107796932,14.124369676151325,11.849179718657382,10.65037777519998,10.432493258008224,15.225539161937196,10.142716745736593,12.106413689124093,12.026473768685836,7.371807650281488,16.966760026005716,13.6285654523812,13.253107585322676,12.397669466909685,17.39219674780958,10.171181185093278,16.511209173894724,17.59859513436805,18.555472256635845,13.615589931552815,15.699898929293427,16.739316589100717,15.786414011510065,15.691503915351294,17.731504442308736,14.900379735394672,15.807723081314444,11.631037295291865,15.768752348581774,17.675346161521045,19.38072158925967,18.0047120954974,21.416261475641583,16.497428446689483,17.942212567584416,18.642825709319997,16.578033308551653,16.348153976633277,17.218452561138403
15.349046965427876,11.6716349789017,11.1758368852465,12.364922766537502,12.781631790945177,13.005504028447378,10.703833476088692,12.11459493556718,12.695550982964642,11.365608747502275,18.32277753346901,11.42511901703554,14.098183787809134,8.023867336907136,8.146555765351492,10.641378130889631,10.688273991550922,12.67752884793482,7.405282364146292,10.13314150222423,0.0,11.840232719105778,11.801986977906603,13.625556710027665,19.28952611207737,14.283283405849708,13.364115690928957,14.764076326353567,8.746164404076382,13.322755352383016,16.76855288127669,14.92265872771248,15.17603954489017,12.910169233793146,13.31999832565332,17.10703474298856,12.76770485994277,15.61621511894687,15.853682105459638,13.34689223694927,16.145658821150104,18.07378340654706,15.727158218507752,18.49287049031656,16.136086988547802,18.430609775102507,15.548814769411733,14.084848112338909,16.424253937844448,17.287641089627833,17.903605743912614,11.216961064213995,13.97737074917577,13.439153822088828,14.055208571683576,15.759421820016668,14.265994159537977,13.097617155630864,13.69667542596484,16.71965837163269,14.260359301709444,15.263201949721722,15.06209862162575,11.059351003338891,9.992580097097363,9.218199170399808,17.899374908493957,9.442139037832336,12.768867671873693,14.41994894108464,8.521371189061751,17.070492208026117,15.835520521512148,14.919422441448273,13.277065797566626,17.384339702620352,10.350006110544657,15.652108250868231,17.795465951556096,17.203340527772006,14.545038612434563,17.735482204683084,18.254728506767528,16.98819997167212,17.610609420110816,19.04596034136188,15.210733711020191,17.43703716076789,16.221547202332616,18.35694699497981,18.554264473495707,19.27906085460688,17.227203776548798,19.78735032701491,18.501009047746965,18.816202149847943,19.09392412065784,18.563898073238192,17.773357190931584,18.8324578067726
