Var0,Var1,Var2,Var3,Var4,Var5,Var6,Var7,Var8,Var9,Var10,Var11,Var12,Var13,Var14,Var15,Var16,Var17,Var18,Var19,Var20,Var21,Var22,Var23,Var24,Var25,Var26,Var27,Var28,Var29,Var30,Var31,Var32,Var33,Var34,Var35,Var36,Var37,Var38,Var39,Var40,Var41,Var42,Var43,Var44,Var45,Var46,Var47,Var48,Var49,Var50,Var51,Var52,Var53,Var54,Var55,Var56,Var57,Var58,Var59,Var60,Var61,Var62,Var63,Var64,Var65,Var66,Var67,Var68,Var69,Var70,Var71,Var72,Var73,Var74,Var75,Var76,Var77,Var78,Var79,Var80,Var81,Var82,Var83,Var84,Var85,Var86,Var87,Var88,Var89,Var90,Var91,Var92,Var93,Var94,Var95,Var96,Var97,Var98,Var99
0.0,14.615803327669353,15.313407586620109,14.156254710851304,15.119310232125496,19.301690956687505,14.514718688275671,15.776905305655982,18.417333147236057,19.501765003897265,20.94436981413176,19.724010403584224,19.67867044285646,20.27822281186669,21.76107247927116,11.418566255244478,19.00712877964774,16.4072029419153,19.279846374155458,18.34522695227465,20.245051666629184,18.95303456482482,18.563131872603137,20.345826467961317,17.25240944731633,20.66355051526572,19.51401984954206,20.13611054411264,21.252878839222344,19.645388850701973,15.35088542932728,15.539884765703787,13.68851267879893,16.93362492936403,19.408730901476925,18.831150961507955,20.33374879771835,15.834256583524128,17.237253943535713,17.383795379673852,16.84234762730722,15.118192851000943,17.457163304706686,17.81157223868435,17.812781701066992,17.22036097717864,17.542441441368844,17.695399622192447,17.653592303205944,17.286921153320076,11.957723841753689,13.9285682035323,12.00948230586181,13.98355916772687,17.03343577439981,16.11675227411884,13.687608299433878,17.455873025075714,18.5626172638836,19.77852868888161,18.094773042089507,17.670843772165863,19.64658704101764,19.959290959525784,20.812689083144445,22.258716213300456,14.154354219886413,18.21399193437265,17.553996768033564,15.234305300201184,19.50479132150536,17.708235217441572,18.32006905348234,16.873004766526552,18.83291855662901,17.518344608294232,21.223339640871323,20.35076459374362,17.349892301287124,15.995811539379917,18.063665547977937,16.32808508138107,19.11733052589713,18.28752408563906,20.047501671459436,18.404613238204472,20.007500126801293,18.91706760764212,17.21302767507074,17.60733339465052,14.837921368109653,14.776133977759535,18.02618544856363,14.474894507364883,16.80496178034103,17.46695401882732,17.614626534647428,17.72450236510431,17.823054497409846,16.890095980135758
14.615803327669353,0.0,12.377373261678882,7.134042422120428,8.716669406064069,16.190418596586085,12.318130501531837,9.090902758072282,15.189874053439404,20.25134189987906,20.402286215481208,18.67167067217221,16.90761317272451,17.409176385271508,20.678441181736623,9.162421474750094,17.392390471279004,12.996165164447248,16.630708760028867,16.388605911044152,18.05939488613183,15.550451902564149,15.375291390375626,20.675139702963968,18.85378087466949,17.91490137745995,16.57076319940993,18.78481114800904,20.62635632016381,17.641075100500824,15.98207531092081,18.85136031075341,11.495583161439512,11.603002706578236,13.528977100553574,15.28283352702031,15.780885920331286,16.892903038074977,15.085072047312586,17.725022025635834,13.52791912575654,14.068353774468823,12.596346938795998,16.247091977713165,12.713123217232797,15.801955797379556,12.024801854090663,14.521710641197972,16.588143052526878,14.720985363110506,13.135408947597588,8.518043211154778,9.614866718632744,10.39003940059277,13.226681769814666,15.632515729363671,8.352815373318172,13.216844982497106,18.942929932213172,20.384622176652677,18.47838142636671,15.333745320777854,15.291518696169408,15.641702313703217,17.536461201401146,20.790060787159884,11.723167243531504,15.977936312566989,13.96388193132226,10.93431658609552,16.717582216803965,14.509336190994157,16.115112144514423,16.40093479354107,18.781475654547243,17.726089504148728,20.819233892817607,18.616288132343698,18.55200122452382,18.39766506909089,15.028802910227066,10.775373170100128,14.117655846427803,13.239030466262118,15.895050535054493,12.832768635100336,15.498070626219349,16.396605866005146,13.66970067042726,14.902726169403511,12.949440071080051,17.036133187223573,16.18694193290172,13.69826597392417,14.254581246242358,16.2620126171288,15.48509803664557,15.00723705110656,17.454118697735304,15.487435985586613
15.313407586620109,12.377373261678882,0.0,16.54787178326914,13.489713682817356,10.920750025659608,14.083731293974958,12.10162672086055,11.194060745347452,21.246846873264637,20.44437328165151,18.92764279676149,18.50761291707932,16.69877844263076,18.01686586513212,14.000265265044415,17.147946093384736,13.998795841510724,16.389206878345185,14.3290767742936,16.478494467039468,17.640911308007198,15.875913288732791,18.981243684319576,19.44792161500649,18.344767452013848,17.084831100802177,17.63302664148953,16.67045448311576,16.20949075248256,18.62704421364664,18.119856535200935,14.712823163210023,14.5096300477913,16.28216541463384,10.916239818190432,14.490722900018504,18.85485287680457,18.33820135329679,21.288986814002783,17.183757360957678,18.09723238881364,17.850589221969773,18.4144899804732,15.621890743049942,18.118393366609585,16.38117020294579,15.295932455268236,12.55437526147203,15.662635319110226,16.011086720957298,9.256635519577165,14.238953688728085,14.581910465646322,9.84272191841767,9.647932579807488,12.312169641893064,11.23701140623877,19.828697629075947,20.880853204598907,18.953197940170647,17.8294612615698,15.757301377924025,16.981216022472992,17.488222373692878,18.250904350886117,14.067023718921298,17.29952795499812,15.793337798403686,14.553563529892152,15.7958377413411,18.894554085041072,16.67186801937882,19.748843637975902,18.25646718127057,16.81822563592143,17.25963879759875,17.85143444531696,20.008230157325784,17.874742784337105,17.524931781247933,15.738810878094863,18.83837516636374,16.540558961175424,17.023488916597625,17.792456409939287,14.93566131570364,15.686659467264551,14.011338829730496,19.026957140228912,17.451125162809674,18.40314194305661,19.989803862141542,17.67114115988667,18.55974302198252,19.31388446449483,18.74968513540702,16.978527260400565,14.369351437695078,17.99031617388956
14.156254710851304,7.134042422120428,16.54787178326914,0.0,7.642377958511651,18.133133847877808,13.771024510013236,11.915940944828415,17.14686869792957,18.266844288975918,19.13267463870376,18.0096339382741,16.290303669050775,18.169220540135782,20.95629840717231,9.803858950588332,17.887988175446452,14.749311044104008,18.138979254638716,18.33611276001368,18.785888825576755,16.612927072138568,16.560327364200965,20.9571085081032,17.189761928603108,19.30166302816921,17.845691338649583,20.110028900364032,21.9027022520182,18.317847237098647,13.27972519837246,18.24678279839901,11.09349359630126,13.698139390518085,15.251696650843124,17.824459708333247,18.46939494204964,14.634009641873808,13.338373664760246,15.837670854552773,12.593571137636625,12.636237307546908,12.232591412856548,15.38561871891591,13.405191379931656,15.0410379507019,12.62639663940073,16.132774875997974,17.985902320784987,14.53598881174884,12.093633341614726,11.714787781937911,9.430532256477028,9.120524687850786,15.212588437921667,17.758869030508414,10.452571141946002,15.666865467570606,16.876797427422925,19.27562859294351,16.884017146895545,14.830596361844016,16.273580457415644,16.625073288486863,18.7835710432172,21.20990993725545,13.097196117285094,16.885636765295853,16.290539507052603,12.80685409339066,18.218813416924355,14.579648403829836,17.070436570323242,14.594881046442175,18.833391625269183,18.034573790826908,21.989009926982547,19.14014887031168,16.907411564593726,17.92270190012688,16.200463447165088,11.560546797225586,13.669764350241584,15.059987905727358,17.511707400966092,13.561671422286306,18.076130691701763,18.437229087363253,15.792748351645685,13.396066363645872,10.561394985590026,14.767832851240142,13.577598718985024,12.645348697169196,13.280383255286194,14.5821440681374,14.804402033605728,15.774160862195426,18.561828131658917,13.981976137892822
15.119310232125496,8.716669406064069,13.489713682817356,7.642377958511651,0.0,13.322022184773164,13.7299840398177,10.609557990009169,13.048241573836536,18.344462230191507,18.1021224202315,18.06598835988486,16.585786869567336,16.963312717478523,18.665183124432406,11.071515838229828,17.312578122356495,13.71026352365454,17.45939068855645,16.173522916599307,17.085057279340905,16.897822933165617,15.793763208971296,19.757208159737107,17.065565415834563,19.3665700232582,17.313928473664433,19.83936268830316,19.40179757417661,17.115676930747934,12.87783595921081,18.271928483559726,10.898695904946042,13.478375522904471,15.15805306832776,14.489802479535609,17.706753975445135,15.9342862673205,15.3058212375489,18.86157402815667,14.354207727109593,14.521743788501494,14.48277110267386,16.030949355413473,12.56856570702902,16.412711292573714,13.955113065305948,15.631175539962934,15.57245526464798,14.609789715383114,12.826803897733662,9.453225716411657,9.40413960403794,7.1061271112284565,10.539543275055175,14.09757232486185,9.905450496055217,12.105511728531605,17.200483896340323,20.001575428170167,17.710082186642303,15.996393348803007,15.696985412219426,15.696040157537164,17.8552055025514,18.714791618330057,13.608950080072033,17.310436207844,16.077405314099114,12.696444825442358,16.174468054186804,16.593693357024918,15.967252115459088,16.589522028848414,18.91337688618527,17.851794100831604,19.481817692366405,18.71460900912923,16.05203279690742,17.736620513453172,16.118339780875253,12.139721298310391,14.197811169036578,14.930163381723888,16.85167094608581,14.804169109587953,17.057437009203113,17.7508034748234,14.78008699063204,15.21075949164072,11.72487620507932,15.35118017524319,15.340588354125384,13.848859232658985,15.029950359117528,15.165689717976043,16.023934902494588,15.962393345932105,16.6357415478885,14.766267393175344
19.301690956687505,16.190418596586085,10.920750025659608,18.133133847877808,13.322022184773164,0.0,16.706139025032908,14.53652989418271,7.353607833902343,19.15850903033257,18.48721757945569,19.06687165216162,19.47368331820628,15.956561999006013,14.21015486234394,17.553219411866227,17.67244148055686,16.278027648882865,17.915212599661583,14.178239991097932,15.047231383974088,19.449755837030832,16.535093652996277,17.979922305856086,18.23822436292644,19.48852418305641,17.40214397718835,19.40925073753345,14.274378625261074,16.00046231026168,17.45527062849671,19.94173566796252,16.144242854850276,17.39278353780643,17.598622746590912,10.479726108245808,15.86503042555802,19.319356839849185,18.925582528573685,22.031717742118097,18.647572862532943,19.55637269007956,19.610998509408493,18.222468393887453,16.575104191873734,19.151490718524567,18.182098081931887,16.6870665639487,11.629961057928565,16.751118315255415,17.542718078729003,12.82757185542913,16.990693307869513,15.102559732187183,6.648310282347692,7.788764329836199,15.877175375316382,10.352192115445506,18.009088310952436,20.88135309318225,19.714553403308813,20.37835996008469,16.95384242248058,17.08033510858235,17.36017806065298,14.601769103927142,17.78210372255066,19.271860493540764,18.53582833068825,17.908826050329512,14.68274958973188,21.17267580543961,17.10648690084781,20.259478967307075,19.133449923557937,17.93297002149693,15.179845530993129,18.135405724462693,19.027085249867284,19.622699887302108,18.50053572223833,17.56228037750279,18.54199274624956,18.06949857250781,17.596653954802992,19.225865698315246,16.018953332011368,17.990761568158796,15.837047327256569,19.494899046351502,17.321139168426374,18.4532696184852,18.50981154901894,18.745515202388443,19.129319771879956,18.63644973049649,19.6059680881232,18.372285205389744,12.687326575141809,18.32675893869277
14.514718688275671,12.318130501531837,14.083731293974958,13.771024510013236,13.7299840398177,16.706139025032908,0.0,12.332243341931685,13.905495861944132,20.093040721962677,22.04538726180962,19.26135218821817,20.18396397446636,17.866793822457016,18.79323650762399,9.42219664742937,16.791676858771584,13.011260985384714,15.84443335197214,13.992212732443534,14.023618932712406,17.15230757728629,14.54491904613873,17.59524122867354,18.849686437187376,17.526328730273313,17.545928237801235,18.77381276917886,17.703865021411563,18.243870611594986,16.59460657108652,19.720418062152927,13.358684520727175,14.67403236695583,15.676754336937172,14.929002253448656,16.217952640371873,17.42015571089583,17.04073020972132,16.3486724128034,15.285696152761918,14.877778282006206,15.508197966635024,16.067589760047188,15.268590225099077,17.150473690811108,15.81883362979248,17.57693020306432,17.000466198847416,15.234113706160873,14.425460382484678,11.558346889737107,9.439129808353194,12.734923559611362,15.134141129645066,14.564913236812131,12.924929225685505,13.301785611703576,19.813835952105,21.062270133029443,19.692512305492865,19.352490260165546,16.395039677396177,15.3833925613777,14.850517649223034,19.133966910819726,11.045023882910316,15.203363894743587,13.313981072863369,12.189356117715754,12.385234920222734,14.60425871748279,13.27885946083295,15.181242542040906,16.084562286901104,16.566492105914435,17.90095311840139,18.106523242415317,19.490187149494865,18.73060345821456,13.71052627352186,13.555249476097934,16.399866346713583,14.891094301511126,16.194137363946624,15.182737280841522,15.754312739634976,16.567147472810902,13.9524019301434,15.417148960464324,13.942803869689827,16.531292115249606,16.061744841051457,16.09797848794077,13.451673389530551,15.67352192601356,16.42585106788927,17.002057927534384,16.95138678209863,15.221296272850672
15.776905305655982,9.090902758072282,12.10162672086055,11.915940944828415,10.609557990009169,14.53652989418271,12.332243341931685,0.0,13.19435796399197,20.998876915237283,20.34560445136721,19.34380584780668,18.07547845804539,15.6770633081539,18.92810798878368,10.979256668802163,15.16597093144336,8.927004876893335,14.487279106993098,14.489099876292624,14.660748788987917,13.236322805765464,12.275586883519733,19.49738667550201,18.02815879536977,17.478510724890846,15.967872119798406,16.89367403136831,18.802732221377923,16.894223882469678,15.96024505820333,19.57785759743812,13.213035247122656,9.307912483942662,12.752911230698334,13.852476727044168,15.626325978665072,18.66515918689361,17.419854746019855,21.082102964117475,17.325954742676213,15.938788691488538,15.243267748598123,17.32352072171589,13.341661380415657,17.93571150738456,14.701519163591913,15.302769201965306,17.583649547672117,17.486924666596252,14.486619792370805,8.875852100589329,11.095489404883155,12.438395046064452,12.311604299022234,14.648123416169565,6.374791110606769,10.671355920526718,19.99226886145399,20.8535772867814,19.45772945939821,17.553676858059216,15.206875412492597,14.778730568139878,15.562942105905083,19.093100951220286,14.002776210429095,15.347955234868488,11.816404083857796,8.157471314719054,14.606713473335851,15.63459583870272,13.27507562311145,19.561486691091154,18.570516687143307,17.277896480563914,18.614063213161817,16.961825560711176,18.468208701260245,19.40854141787788,15.819853456448003,13.073657935678147,14.872866374976825,13.204111318320477,15.061557213571444,13.791469331891658,14.835603544217497,14.776276283201195,13.591979893790963,18.97832545960309,14.858145596977051,18.61461400530256,18.603112815000856,16.72669266784462,16.842682336649293,16.9615824993916,17.80382267569187,15.664916376571208,18.344655140864287,18.32403688089467
18.417333147236057,15.189874053439404,11.194060745347452,17.14686869792957,13.048241573836536,7.353607833902343,13.905495861944132,13.19435796399197,0.0,20.25004544040745,20.19094393810188,20.41608550236132,19.86056026624397,16.790281749536312,15.22394398370206,15.897746553579594,18.453063277300732,15.260036151420117,17.865783335685734,12.28961680823162,13.86580337144985,19.611086218696904,16.523359308893294,18.09820512845641,19.1704541818092,18.862307349884475,16.52240436404823,19.005550489696702,15.237540268632998,17.773383318241997,16.76341874523136,20.417604392024927,14.473931247006242,16.8664491105655,16.36681017397728,7.820748639014355,14.596536962850411,18.892113872351207,18.41077988853805,20.9827330233756,17.11487588984117,17.62842982350198,18.24562470030547,16.984995880317946,15.144092820564982,18.064947368679743,17.03063390473293,16.367929017773864,12.567486728664026,15.099784904121249,17.080126946629356,12.78159264378513,15.351908467853338,14.54914444976964,9.71765045827421,8.564176627890408,14.96194094806212,6.854111992791517,19.33098840814992,20.93032247758576,19.97690599282066,20.46208669675128,17.27175901113812,16.28097076708936,16.922383214269104,15.30515921318832,16.0050460554611,19.1839572849514,17.43186787308204,16.499395685114532,12.849925042778214,20.164879101826163,16.286884301520406,19.06044731606173,18.881438847253428,17.411843172541708,16.05066795133739,18.65406553517892,19.401601949562675,19.809771885601357,17.235776045640005,15.386296368861135,17.003055494835955,16.720143349452492,16.137200555517907,17.488345533199027,15.09305512262214,16.928434797342145,13.057820543652566,18.417891935868827,15.51876877082128,18.106662312319205,17.484128363709434,18.08922146659585,16.788635496496255,17.008358886574133,18.151299193660822,17.6609375208746,14.182332781151258,16.89324303367118
19.501765003897265,20.25134189987906,21.246846873264637,18.266844288975918,18.344462230191507,19.15850903033257,20.093040721962677,20.998876915237283,20.25004544040745,0.0,11.941344358634712,14.3361281697158,16.905936995191908,18.71347094566995,16.301425188745814,19.291633820572308,20.371783619471383,21.293092714729024,21.461096597570418,22.21531666097412,19.290141839763987,20.52152212927663,20.0053065364384,16.822362446352916,12.009195145715609,20.61910534499536,21.990423189641795,21.78988106511237,18.896419585518498,17.700184047609063,16.907688408091573,19.125917075219355,19.076386779673783,21.58815170523184,21.872304669671905,22.40457513567292,22.824897089062578,14.430595293256673,14.74208039793326,15.906442160062534,17.916693658963055,17.091147252896473,17.46238309580875,18.738601540808343,20.934839887274727,19.053779488993044,20.01398217413997,20.980164315935,20.02058083288064,19.062380284123662,19.377020775283857,20.455784648263865,19.64841228192643,17.55382235289614,19.378063937625296,19.85825311302965,20.932775137045034,21.84217798681718,8.922112759857052,15.187402156058134,15.117238263621545,17.883481247408355,16.688769627266502,19.209470513214143,20.798476148900637,15.67560732940828,20.078764243148807,21.11240122997107,22.218154342484706,21.83002329472692,19.47541611612721,18.82846461886452,20.34141826189825,14.929371813142188,17.54292318584249,16.84163512994468,18.80679079905985,18.257585489458958,17.422491148621408,19.5927563588451,20.924301531924307,20.61375713225332,19.58735539198713,21.29214505500888,22.38057375481286,20.419620272344847,22.102828462327988,21.844512583954582,22.81046946956715,17.20880075675755,17.2630680207548,14.248203699653043,14.472253783563016,17.431659177335472,17.649204378439922,17.974541666411863,19.69159436813044,21.580535759868354,19.79434940169216,17.797170330703487
20.94436981413176,20.402286215481208,20.44437328165151,19.13267463870376,18.1021224202315,18.48721757945569,22.04538726180962,20.34560445136721,20.19094393810188,11.941344358634712,0.0,13.18206823850891,15.31068130805131,16.818807179371646,14.800009519061792,20.866130993175773,19.98059790084236,21.501379367279707,19.98552436154742,22.879065283499987,19.06634998136803,20.064904456766165,20.13361962713849,15.79707686099226,14.322145396141376,19.74100541569092,22.366028375890547,21.48517251772708,17.30007365871362,16.927086478607972,17.58413594755937,17.570126362605055,20.667953128844587,20.836463379802616,22.02634318243561,22.11172013465969,22.499075509217164,17.80714490671997,18.394711891483748,19.917932176699296,19.736102049398923,19.482156787448908,18.895154541643286,21.431290374813774,20.70085963345401,21.418182434026544,21.68957174992864,22.172266982578478,20.928261640787778,20.50468496538148,21.10388815187319,20.698499075253885,20.5288383203219,18.127387371869748,19.100607129578176,20.33717022356217,20.99636063002608,21.148027418996893,13.102237294180554,14.36128695502728,15.893690097844836,16.872313692533123,16.453938765609,17.939921435555938,19.930767705409853,15.01333393139044,22.29807764608872,20.761351284723386,22.12417083018309,22.098571269348028,20.328431346509905,20.95096266630354,20.99540812325268,19.358730376605173,18.193995283651702,17.009894309236525,17.20889650010484,18.32881184646893,16.018176544361797,17.780495306258352,21.509917930052914,21.67247729681269,21.21729430306089,21.93481002778189,22.60883580973011,22.1169784424988,22.32583490426573,21.64296633466985,23.93086048276567,19.168450652413966,19.91072236550465,17.334270164947164,19.40318416881193,19.896015741242955,20.949161980540115,20.827110110566604,21.99441321295305,22.84466492925832,21.756698844337198,20.139999919670267
19.724010403584224,18.67167067217221,18.92764279676149,18.0096339382741,18.06598835988486,19.06687165216162,19.26135218821817,19.34380584780668,20.41608550236132,14.3361281697158,13.18206823850891,0.0,16.446100247676203,13.646128324038406,15.919320149587325,18.881600779015297,14.8818513763984,18.99024337539317,16.494759354855383,21.64771808745089,17.775319795664643,16.132154433543196,16.014674559733848,13.89727720184029,14.91815403054615,13.577819982412544,21.33687626484093,19.400854438616932,17.87551210727178,13.497934329506144,19.23130628087033,19.51592373879688,20.8910920589308,18.916381326488583,20.045896595359785,21.13155831883806,19.947535517670616,17.941704803655135,17.614547295506334,18.677769881937547,18.047942707987808,17.10251018656834,16.615860325503995,17.988781158790133,20.06073146225643,19.236552510076194,19.101094423723403,20.872554084127856,19.917587612282187,19.21817199570385,20.089989595497187,18.86923623746969,19.128093952073318,17.669790494595997,19.01624973280655,19.45089211985526,19.425562505609538,21.326445091004224,15.416796403577212,14.702911888684062,11.9551473944013,17.18364697160684,14.03694308607614,15.98000435775196,16.560741924572824,16.67595735240649,19.223395750480314,16.47563520436752,19.18340520266304,19.952260191216688,19.50039634088728,16.439687855081996,18.46352050886263,17.55365275543038,11.49461200848727,14.247829775067036,17.480569236568112,15.3261204600835,20.00291673502058,19.559447239146763,17.628758587273175,20.2472350333616,21.221097254927248,19.773074906474623,20.873812087767817,20.219391011001964,20.16147029748458,20.016700524182465,22.07170716886202,18.19187770733176,19.4068989481774,18.144172697671237,17.97801415968272,19.984448990721507,18.30673605468059,19.093597492465413,19.579707661747573,21.08356590547039,19.978461010115776,18.84145225753748
19.67867044285646,16.90761317272451,18.50761291707932,16.290303669050775,16.585786869567336,19.47368331820628,20.18396397446636,18.07547845804539,19.86056026624397,16.905936995191908,15.31068130805131,16.446100247676203,0.0,17.068201574646686,17.435631266866842,18.230355475677925,17.30159752428998,19.306719725471734,18.511224153310422,21.24098679123874,18.389195378318817,17.15805650542569,16.825386309973727,19.777840029332644,18.67701239686784,20.11899020837134,18.463379102984295,18.01980192852901,19.72614936385848,15.343918116453771,18.466904115285217,17.96149683238659,19.08048363825427,17.907641004497805,17.199817878005444,20.22822332080261,19.818581536876565,18.08813805338248,16.585765144295106,18.849227549918343,17.73765975097299,18.67755195363748,15.884237434328204,18.709644726002665,16.404106443930907,16.524765479635416,15.908350884466795,17.80507445703324,19.325041039488205,18.147299983632664,19.0908534870769,18.246087329422053,17.89563051288793,17.391820676952836,19.651496053497365,20.545342606897304,17.982267340366967,20.23603610006285,17.210086469808786,19.28216054595808,16.45180979975531,5.799718353716531,12.158516838818452,19.00965452508865,19.543504631002143,17.938008464963676,18.81497431548405,19.721537518483483,20.34054712549077,19.172933461579063,20.18687602919929,17.67041175848202,19.455189820467137,18.13256168280954,20.825127837098808,20.978348006071435,19.59974203568132,16.30215377185986,18.246261438930617,17.88752115920314,20.19391901123629,18.25863204455612,18.05315764848006,18.680711112300862,17.729686190768966,16.675455117862935,20.408481837396398,18.07378325015929,20.594039581257697,18.019843202359155,18.077940312212235,17.77150676574938,18.77121499712,18.89045916969424,19.235429013713897,18.76129927958297,16.712696902960445,16.984732363274485,20.521286663193862,18.338353206664472
20.27822281186669,17.409176385271508,16.69877844263076,18.169220540135782,16.963312717478523,15.956561999006013,17.866793822457016,15.6770633081539,16.790281749536312,18.71347094566995,16.818807179371646,13.646128324038406,17.068201574646686,0.0,16.140716398329737,18.8884100845827,13.301115057407538,17.066864919821207,10.387675356107316,20.31581347892333,15.480770670963274,15.591498694640563,13.2242582627087,18.625884073498465,18.22187998086425,14.758532155845751,19.74896011792533,19.29831654614349,18.381087225237412,13.828893715352878,18.16771857727249,19.62797568193317,19.985675974543504,16.75312049828602,18.490681682991458,17.726537219717173,17.36496629582072,18.49685568399165,17.198042253182102,21.342484936294458,19.299726597585064,17.899340878254645,17.5763213580467,18.364290328368227,18.160120192889423,19.181721765786968,18.546294677329428,20.15778999501146,19.894250051053596,19.45909768102045,19.476224215368788,16.732263311448502,18.06434150213882,17.630715468500775,16.128811422864384,17.68819583355728,17.164763951887064,16.392644537485356,18.034199679170737,18.41184596015516,17.52989426660655,18.39864523459238,13.379815707409,13.29130337238032,13.373849567772952,17.134158988452697,19.37684920844703,14.29945800728254,15.95688008501049,17.443219458565494,18.416973380283764,17.686753989254584,16.78390336798255,20.2015609601344,16.475632232518223,17.672584771403155,17.722250876517023,16.35798145488144,19.401053132797017,19.81452661297844,19.02287510799626,18.27257867199524,19.33755977113419,18.102000468934424,18.73837297277807,18.68995088969913,17.834261952363907,19.62052924921637,19.591674771056997,20.43059480180641,18.45236723930125,19.17838917283394,18.68799533950064,20.324832097361604,18.877845914068885,19.162699561050893,19.456263918104924,20.312020874114364,20.524146848195908,20.107171743859325
21.76107247927116,20.678441181736623,18.01686586513212,20.95629840717231,18.665183124432406,14.21015486234394,18.79323650762399,18.92810798878368,15.22394398370206,16.301425188745814,14.800009519061792,15.919320149587325,17.435631266866842,16.140716398329737,0.0,20.015759138061348,18.58056702707232,18.831608390397573,19.619654088605092,16.821493569369654,12.02562210130926,19.00896779661913,15.273132039498272,12.75730066987628,17.929455219904433,18.657306215354712,17.727585520153568,17.23081789306191,9.171677249025986,13.027439582576246,19.41628607089612,21.54955660160072,20.55506090917176,20.220775350421786,18.91480489983424,17.27926637937182,18.105901619734368,20.88214645116076,20.77046597947165,21.86835390627815,20.823608402026355,21.634827380319383,20.15068966371302,18.475940161777483,18.76042890494609,19.36547293753098,19.70404305265934,19.00769256263604,17.062257656807706,19.909634915619648,20.85894746664825,18.71727545882885,19.69559830630008,17.761284101604634,16.733431061014745,15.71784294657574,20.475425882016214,17.737265153510286,17.572032137919564,20.229744003781903,19.158066686278737,19.88504079264203,15.057021288997598,17.245567487545845,17.095369823508342,4.958757887748143,20.73956394415362,20.814024827030323,20.579861424929785,20.39231396407834,13.512421523171268,19.99772632855804,15.895662978455452,20.267779061471348,17.93619150788449,18.43842084722237,9.758457193686176,13.841971239664977,20.31627815562308,20.79188056001466,18.902938386882663,20.69060984260071,19.80810929713696,19.78094815341189,17.288959763119866,19.53607571764049,19.17239688701335,17.86211068875989,20.41741385034829,20.490695640405008,20.17566125968081,19.428888308891956,19.88591377147957,22.12910849764428,20.43510602856433,18.47996687192672,19.65819182875033,18.97347685430157,16.9312463146186,20.218034306080455
11.418566255244478,9.162421474750094,14.000265265044415,9.803858950588332,11.071515838229828,17.553219411866227,9.42219664742937,10.979256668802163,15.897746553579594,19.291633820572308,20.866130993175773,18.881600779015297,18.230355475677925,18.8884100845827,20.015759138061348,0.0,17.112614358217172,11.760919892286685,17.45446198173775,15.918174502152905,16.959420869693396,15.527137263205669,14.269914375702122,18.737109575968848,17.41558557347166,18.864790171773915,17.730225124705512,19.07425100394005,19.89586561490625,17.791630770188945,15.544099293485743,17.93385823617337,11.527724009266354,12.44024049937656,15.019467199123476,16.149926178038754,18.050672901823702,16.68347683718312,16.2357304842054,16.213832359815616,15.199971715808225,14.465779706781944,14.465603242540064,16.9619153832011,15.015630588684616,16.81234317515038,14.40486780940348,15.95412171985124,17.747111652844698,15.992034846587336,11.174064050901942,9.557966763053503,6.18529267737969,10.892634304797582,14.718673814955382,15.247759019339023,10.178161183321926,14.2714772501595,18.767333671216186,20.016584736790968,18.237771899867447,16.93485707366231,16.71043463066281,16.86006107860102,17.41586725920548,20.20975165386838,10.431992370726867,16.66602438283636,13.821324513952955,10.415036073662304,15.37558207078352,14.25292878145701,14.680550222593578,14.939662865575892,17.233682737021553,16.829329114698982,19.796237919562504,17.776755932233048,18.62880982983717,17.390928548218177,14.333575475630996,12.89543942608942,16.09545406975343,14.49976080358786,16.934897569225246,14.197588037747362,17.32483628710758,17.33025883487181,13.96703567052236,15.799174166284937,13.310204822417475,15.761134339817875,16.53265277787217,14.617073835293246,14.61403844272822,16.37393612304282,16.230192010056193,16.317745772258434,17.516921308514675,15.593982259631645
19.00712877964774,17.392390471279004,17.147946093384736,17.887988175446452,17.312578122356495,17.67244148055686,16.791676858771584,15.16597093144336,18.453063277300732,20.371783619471383,19.98059790084236,14.8818513763984,17.30159752428998,13.301115057407538,18.58056702707232,17.112614358217172,0.0,12.710840546596538,9.794951853479922,17.055842985623322,14.125326863692504,11.309265865378164,11.625155773685051,16.434167685086372,20.46390456277036,14.07059577887,17.134164160836075,15.922052280310742,18.19445185901528,14.773846159039348,18.179104387136324,19.97205878990355,19.59854542918337,13.371550041430904,15.520509607463602,17.542577876125666,16.369756971382255,19.22319794427507,18.230238993631804,20.954970034274336,18.47063386905414,18.356719316251112,16.927799044756743,15.935142915314607,16.48132674485567,17.822146431395698,17.662528604569214,18.040437770115155,19.15949081836113,17.9074431160027,18.921923252746865,15.966836436424662,17.0626507326325,18.21628090067871,17.113357069367403,17.79055962141545,15.992350737469328,17.91250358716873,20.480637296802957,20.45396067944444,18.18732720445657,17.658191068131014,13.986480022278291,15.7085468224569,12.43302698179296,19.201237785425423,17.37750983890064,10.952263761123833,12.50842042223671,14.180678302297466,16.87365460906624,13.2973806501981,14.38401883454532,20.22982811929121,13.900549516859032,18.766192449697083,16.68351216447107,14.465142559416943,19.338976518349074,19.781665489109805,14.828402120078591,17.0151254859151,18.458558039949708,15.536148242330611,14.828252138313331,16.168678407608603,15.944325845713117,15.98140400145246,17.114048317973783,20.15227848895417,18.930996366840787,20.292277856129807,19.13186543019932,20.796238221590496,19.141515397062484,16.887890294512385,17.2158945620374,17.280646536503188,18.82686796336481,18.061942795513527
16.4072029419153,12.996165164447248,13.998795841510724,14.749311044104008,13.71026352365454,16.278027648882865,13.011260985384714,8.927004876893335,15.260036151420117,21.293092714729024,21.501379367279707,18.99024337539317,19.306719725471734,17.066864919821207,18.831608390397573,11.760919892286685,12.710840546596538,0.0,14.174609769209274,11.249646804380893,13.0529210573429,11.184866525598087,11.060258425322584,17.039428453696775,19.712273293309437,15.97888935534394,15.478804531679703,15.622894372675155,16.90856643456731,16.963270541602274,16.98219300184107,20.169479358958743,15.06284288230039,6.984133483511568,12.470982916742766,13.955931841071664,15.11905531836843,19.940083342694344,19.030676226040203,20.924401207234325,17.521363216538926,17.37141801561254,16.185707186175108,17.7666217233696,14.606605339018913,18.63983197692136,15.550298150825077,15.514152426180289,18.20312982093904,17.471368417546906,15.344036724570287,10.965276565720774,12.485506600411917,14.230914429830978,14.281814698868502,15.599902797330738,10.407054760160287,13.307883739508313,21.796608273321983,21.81758098821009,20.651687564204213,18.65903049668329,16.038643012707627,15.895098124055655,14.841947885599978,18.89354674195484,13.544887541506194,14.41825205448314,9.421375061658964,6.0948637783975945,13.286971174328205,13.67755931729302,12.165593384215423,19.70950581523387,17.37259397090467,18.54563449168653,16.282036204423992,16.13376835640557,19.06057659298776,19.781079570537567,13.02114820342924,13.00331096240675,15.340577077358509,11.623192284408011,13.893528071077425,13.362526665892457,13.716917857599862,13.946301391953522,11.643021358988724,19.415806551600657,16.438516989624173,19.979534260200143,19.37780594880685,18.303105044172103,17.32607329310103,17.308092231449056,17.925371251799454,15.239988423817742,17.461280737863678,17.60174795703102
19.279846374155458,16.630708760028867,16.389206878345185,18.138979254638716,17.45939068855645,17.915212599661583,15.84443335197214,14.487279106993098,17.865783335685734,21.461096597570418,19.98552436154742,16.494759354855383,18.511224153310422,10.387675356107316,19.619654088605092,17.45446198173775,9.794951853479922,14.174609769209274,0.0,18.09065955633375,14.573528292028724,13.860505387891834,13.003332730815757,18.858189623864767,21.101489595969824,14.140706352549731,18.481686853184584,18.22109560240689,19.269232153294237,16.69797571719777,18.673918276292863,19.374107025922125,19.452944059502716,13.723771101768424,16.617408097953295,17.35828655641133,16.050246417551346,19.721054486357996,18.383693073340343,21.06188513073068,18.73543400538186,18.399462102426277,17.83106507376264,17.846698169274138,16.868241802265924,19.20995596763177,18.382383830200496,19.4083278075488,20.22564431550421,18.423353665825072,19.065864773840016,15.492230112337108,16.32589090867852,17.9775755810773,17.204072305005724,18.536079045399703,15.966982780767388,16.202704469549705,21.270320918820893,19.97021627063025,20.065062146834805,18.793308783137093,14.977689666195824,12.107424203476375,9.424577436711273,20.134832542647995,18.104627506458076,8.25138347497196,10.460552044148264,13.94474840859839,16.70166803052333,14.772726742338005,14.269396684822707,20.734077487537057,15.85693543937156,18.80153243115341,17.807895615830024,16.875554331295184,18.965886581432024,19.009908521487556,16.363457161485773,16.592693815019544,18.490869899581604,16.081435232596714,16.40676991762653,16.905849200637704,15.607715807135722,17.44320220660793,17.24335789418015,20.10509661162188,18.69761726797423,20.764240123294734,19.67870835899156,21.034560586873884,19.02960762618364,18.21821238099665,18.38161026675685,18.70316394795031,20.610288050738102,18.825572195812985
18.34522695227465,16.388605911044152,14.3290767742936,18.33611276001368,16.173522916599307,14.178239991097932,13.992212732443534,14.489099876292624,12.28961680823162,22.21531666097412,22.879065283499987,21.64771808745089,21.24098679123874,20.31581347892333,16.821493569369654,15.918174502152905,17.055842985623322,11.249646804380893,18.09065955633375,0.0,12.70932604112528,17.31462014485134,15.237973599345532,16.51101825954461,22.167410047131053,17.73251352941857,12.878150328841707,15.777441464282774,13.184432366634011,18.67973715093317,18.320173801545803,22.02859617870082,16.347959429813855,14.671886011919009,14.12244018394007,11.634399720514768,13.774222466013146,21.09307823104438,20.650320472947676,21.02359245833245,17.08338573561218,19.441580701938136,18.33226993150777,16.739110609607597,14.934363034520386,17.64856264292391,16.0086994438569,14.377342899105594,14.533894926063669,15.704024166596955,17.77493403856509,14.18087790752057,15.815301462590794,16.40627491698808,14.63314926410691,13.392081477016497,15.791415756876022,12.833135163714092,22.68987771305141,23.635088900608903,22.76446041600277,20.95378397670221,18.754988171349925,17.71395661254774,16.639575370912286,16.770670539033325,14.246311486621956,17.86246377472763,14.43430973341702,13.307660267795336,10.293150502352049,16.855437783315196,13.459853505771322,19.49094287269372,19.131392174211545,19.82621814900821,13.57329207917049,17.688802652420033,20.06776829496032,20.65713905911995,13.663394415763618,14.183968601713865,15.941698273305748,13.76216739522688,12.633700459926242,15.079591084107632,13.754220601446091,13.516355267277929,10.555019804368747,18.220879938378577,17.68974636887273,20.303469155877718,19.15733471792714,19.32547252098528,17.038335492347308,16.20725203146023,16.805810722030436,13.992598123773456,14.121949364138098,16.647944096031402
20.245051666629184,18.05939488613183,16.478494467039468,18.785888825576755,17.085057279340905,15.047231383974088,14.023618932712406,14.660748788987917,13.86580337144985,19.290141839763987,19.06634998136803,17.775319795664643,18.389195378318817,15.480770670963274,12.02562210130926,16.959420869693396,14.125326863692504,13.0529210573429,14.573528292028724,12.70932604112528,0.0,16.07889614097603,10.810803392712904,15.281340696577889,19.300627282176627,17.40273069901314,15.881468068660444,16.249305200311802,11.97944710540548,15.41037585035437,18.309775783932675,20.905758923155563,19.06203703916789,16.06975980351318,16.081953519196116,15.590595260505212,16.56236409772637,19.68549903560316,19.306879879628283,20.71558242470845,19.28104489139545,19.65800361961484,18.52453421932612,17.68408304580829,16.532009917775795,18.62330301685682,18.217687707265707,17.81939593031048,18.484489282987173,18.35614349651777,19.1789898005425,15.845838621017569,16.134922962652503,16.40144677840819,15.921013028336178,16.032091757166608,17.05868197411836,14.626736596078189,19.90445284514861,21.181245071102087,20.09233201211593,19.470576378660297,14.97487546591408,14.327106484105364,12.178144190557989,13.0767464997967,17.460991290752382,15.705137448922205,14.807834628361892,14.978013062486244,8.357378673096731,16.40406669070803,10.274735386465837,18.87649839946522,16.49513020361822,18.411464006368615,11.581230063733887,13.62641056725482,19.81291718750787,19.889988377239643,15.852598217812718,16.88159712672431,17.474655056837467,15.931200130548495,14.566771980381809,16.584942428233923,16.484954537811078,15.840343516247962,17.169689495367113,19.147806108675923,18.008110201176173,18.87892668707094,18.87690648204604,21.41351001847816,17.857850380985912,16.910415178857576,17.80536162104746,16.59433915857938,18.463553358680358,18.356117796188546
