,Var0,Var1,Var2,Var3,Var4,Var5,Var6,Var7,Var8,Var9,Var10,Var11,Var12,Var13,Var14,Var15,Var16,Var17,Var18,Var19,Var20,Var21,Var22,Var23,Var24,Var25,Var26,Var27,Var28,Var29,Var30,Var31,Var32,Var33,Var34,Var35,Var36,Var37,Var38,Var39,Var40,Var41,Var42,Var43,Var44,Var45,Var46,Var47,Var48,Var49,Var50,Var51,Var52,Var53,Var54,Var55,Var56,Var57,Var58,Var59,Var60,Var61,Var62,Var63,Var64,Var65,Var66,Var67,Var68,Var69,Var70,Var71,Var72,Var73,Var74,Var75,Var76,Var77,Var78,Var79,Var80,Var81,Var82,Var83,Var84,Var85,Var86,Var87,Var88,Var89,Var90,Var91,Var92,Var93,Var94,Var95,Var96,Var97,Var98,Var99
Var0,0.0,18.822203909494583,18.08317547325472,16.927800295900077,20.154851385012,16.71223815215193,13.565367009679651,19.217141693291733,18.761907119634902,18.3494184397581,18.696287653289126,18.703993753426875,17.27366102198841,21.209952819543826,17.402870691228774,14.462936298754562,16.59251318411444,19.583677132211086,21.454276683108663,11.525954685441597,17.25128987364718,20.25175541387987,20.072555794913352,17.93351724232464,14.751400699608464,18.552248730039263,15.106112606571553,19.11151317082984,14.000474281761985,20.51404762939679,14.71415362040047,14.808844198716093,17.506042789289346,21.371653082284393,19.7102969881138,18.878403486898414,18.68371686342799,17.321144518907758,18.478769219961432,18.102367442137542,15.429246359211952,16.077614077375046,17.431682341046898,15.146901695098126,18.032128426351477,14.581739205825654,18.780111484067586,16.174714865425795,11.387835895253845,14.66441638769491,13.02450451267904,18.175024049932766,18.55267461459748,17.295023344396146,19.16731475113997,17.884952758374265,18.83018710656042,20.27640895381922,18.83390383284081,20.19731163410451,18.73443782875709,17.95780314685518,18.26204070611376,20.658083957631288,20.026320738386552,16.76643513051293,16.52187709855424,22.570866514034655,23.22477295405614,22.25060443893809,15.850741945635377,20.90467783576878,22.23080059511099,18.65093370863328,18.25442522472095,17.044638932677945,16.742440079397237,18.71517419935474,18.05110860374983,14.599481475625648,19.371384572915197,21.07440141902512,21.71634668864787,22.342389755934725,20.497457984374712,22.22241819562025,21.1808612587716,20.612462933983753,22.01355772465788,17.45989971771691,20.567598378456463,19.424277406646905,20.37972777225719,17.79616260662075,17.304941020551034,15.658351695315554,17.260383254585356,20.2292792205592,14.886392719848871,16.689095505570894
Var1,18.822203909494583,0.0,11.433451269609746,14.763750090382356,13.960827211518504,13.264755563168944,16.87913737142872,10.355689336734976,12.754492084607223,19.141751890061464,19.221561688525348,17.049128414012024,17.476963126735512,20.974357349520947,17.91897469306524,15.936072456513708,18.29452126067872,15.824947738898855,20.29389065382541,18.784067154758336,18.88684635202944,18.63882050654207,18.24724353382378,18.635455120800955,18.137061074122037,18.268496283619815,16.373017478848034,18.292898714293475,15.356383485913007,17.77814213791323,16.289741845005885,17.743184735780172,17.199427382786364,20.362282703216156,20.272118780636745,17.931242789849623,17.597852457834758,15.74855803435764,16.548059602454845,18.582781026422325,17.898171725356654,18.355352027133502,17.69231563370129,15.327525989035655,18.814382459740333,15.851521291180466,19.083496303818063,19.95301800965974,17.836973050251302,17.671328472315505,17.550731783482803,9.008875930428223,16.80022219485354,13.897803526331026,11.949414146826197,14.501668121941528,10.972292338695409,12.642335459170813,19.419225557782042,20.1469250582789,17.704225518773125,18.11927661484007,16.40294183935792,21.034867375558463,19.214439620867136,17.608798619689328,19.314769705785373,21.395551501816357,21.685187488936453,20.169632689113055,18.97313385380981,19.84442471036354,20.155870217521958,17.992013217594735,18.812211559885213,19.07619695905909,17.4404751443871,16.165653228385384,19.12675409408505,18.23855209846209,18.956452262912418,22.415473592510846,20.195120279311787,21.5166431921212,19.54614931335441,21.83700664452201,19.092616472638586,18.74401261118033,20.284341495748173,18.799565235940594,19.66947158191962,17.414979365522623,17.793159566872877,19.500518032349095,18.186186495720865,16.951616755231438,18.071202598523648,21.774880737545782,19.626390315078527,19.287113391723413
Var2,18.08317547325472,11.433451269609746,0.0,20.177221273062337,14.658591065738808,8.474748234048267,17.09040772874234,11.551656862261602,7.7603306485902,18.63793884954425,21.218379111366744,19.13471024706831,19.608993844014897,21.974495933904315,20.114022938362236,18.46151799458561,18.698365098979632,17.125610123301104,21.16661850377729,17.517319785658554,19.119969959763104,20.495127086595737,18.64649329733073,17.981441250063067,17.220894129878747,19.570969184221333,16.92051718015933,19.597349980417263,15.521946883537968,19.897662394201475,16.563353039660697,17.746146772971418,19.031596795464093,20.764967388688994,20.592912065499398,16.117133492063363,18.061835030721035,17.897079452579096,18.056534667249988,18.273534656094476,18.640720109776034,17.934691856072337,18.232958911028263,16.189464539512585,19.176362092722716,17.16504622183634,20.01301653287137,20.311497603719197,17.124889880126535,17.551182825798023,19.00784020744467,14.143076068395668,19.603464799924847,18.893963857854132,7.43136818810738,8.940364295937316,13.946966660619395,9.04686683278661,20.529228685068524,21.94034223089823,19.61148798112896,20.169172209786115,17.273733810903565,22.65782555753451,20.35306811256726,19.65616907574487,17.67513925677773,22.707016102108973,21.9747358546999,20.77058135369592,18.55131863740042,19.6613697506723,19.623693781412516,17.858200786528034,18.354783956453247,18.085047201763395,16.39620160447249,16.907738304678155,18.251089111197192,17.60457611685328,17.003390406722975,21.045727038472872,19.037207569303735,20.95697002250454,17.979484729756795,20.370139163897072,19.135144584592524,17.968596404398372,18.944020746586634,17.919488810746515,19.72710545908668,17.91408489518911,18.098091872999717,18.209431456166254,16.93357210791968,16.41711804990763,16.46383996920835,20.491241194200875,19.152119548888738,19.168372275173166
Var3,16.927800295900077,14.763750090382356,20.177221273062337,0.0,16.01312302356239,19.321497279333673,18.24430141637227,16.141916666736577,19.748851018183558,18.91994796216118,18.013744226531763,18.390085744886726,16.886722823740367,19.91294150583204,17.5875325916571,17.329252311502596,19.828226381789516,18.619208154451343,21.34175463534213,18.94350684790323,19.504758797370588,19.43880241417062,17.460284814164005,20.291787308220727,18.462456813078287,19.428925896238123,15.142384785642678,16.844651659550436,16.89368557355049,18.488006320598647,17.59645870000134,19.10976573197464,18.38867692283561,22.05410137261263,19.5073606624624,20.791097934601524,19.84912748909907,18.300110052619793,19.103553307911902,18.80370368160294,19.43012148528667,19.870217926668047,19.50225434372193,16.712853798673407,18.123973387497145,16.191076193128293,20.275127635130673,18.012773377480386,18.441518574419874,19.928497207458282,15.190674751607553,12.42518873060574,17.97156835161375,7.553978090515447,19.781915710373298,20.21600843390738,14.73189677495511,19.997320922737305,18.107540737509364,19.200916273811494,17.824715267467575,16.987566915930817,17.963140974968997,20.164608800555822,20.840279552902985,17.61058763356374,21.499327532335272,21.603080135249925,23.29286750458904,21.23062517081089,19.92797100089031,20.90868265747655,20.888242372836803,19.733879013664453,20.49759092772021,18.933625094193182,18.596994745030532,18.508926172627394,19.378353856309666,19.674820948753066,20.452593086200753,22.660772826318993,20.434846168992745,21.37667476546288,19.477021846369382,22.413690284311294,20.724372554037146,19.412227276446256,22.556954770232753,21.263128926953637,20.488132405796556,18.88993979791557,19.6759275826867,20.828870326582155,19.913826189794474,18.636161156214,19.327365947194753,20.686605526518775,18.889301954776933,20.9083683619963
Var4,20.154851385012,13.960827211518504,14.658591065738808,16.01312302356239,0.0,15.976887941607787,19.917458725995203,13.438403452977017,14.739602779777577,18.484206192630676,20.984403835540025,20.338191783165946,19.813260060117425,20.984961951730536,20.038440882045734,19.946868259367314,20.240280964877854,19.115531017819368,21.86070954480215,19.90471714491876,20.69445449031118,20.201810433883814,18.486727832577138,19.493540557756287,18.32931562805678,20.914023560415423,17.865903078022534,18.633048051094722,17.818398534913893,18.92269713406896,18.24928100404397,20.397021290573104,19.501098002515807,22.459403125190487,20.628290536303407,20.185258585409226,20.844344602863075,18.852138106996765,18.64277280391495,18.207514581127256,20.582199729698612,20.802022038535387,19.32321933609389,16.661031613472765,19.444974758275553,17.10722593236698,20.645161662365506,20.357452926663672,19.54030020799947,20.1247922164695,20.437470615988257,14.278862076508325,20.02441106472202,15.079919701090988,12.589778299779947,16.035014304295512,14.687084887116539,12.037753830778755,18.553685076918573,21.689164133047843,19.373807603801964,19.885092199233288,17.891372417640266,21.907253467708763,21.767306136391237,20.198468266128756,19.916471777261833,22.807523411216074,22.770917999362858,21.697985278846502,20.893835995538126,19.95653622627002,20.457276561370428,17.929588524521506,19.0381391233022,19.249820483428735,18.483971163099476,17.409233921726386,18.786804850801843,20.83986898319279,18.696256823622964,22.934190750426744,19.752025469700094,20.88853876629901,18.867898986706575,21.639147633718476,21.831605604277335,19.085127266180788,22.008568796743717,20.251158570267275,21.72493650960254,18.555845862539417,18.78041615395532,20.79164884790564,18.533145592328815,17.673172346394953,17.784734725907185,21.18361416363215,21.761429981035665,22.04675625629627
Var5,16.71223815215193,13.264755563168944,8.474748234048267,19.321497279333673,15.976887941607787,0.0,16.02868172925435,11.248957707211312,7.763198824600967,19.226140801729372,20.95832805905747,19.037522601210625,18.87697979173345,21.430244912504012,18.918417128644915,18.758408448041543,20.18652038839222,17.75918907310285,22.7775172431614,17.054312503475572,17.672730420739306,21.210566379586698,17.99490884719061,17.61575074782623,18.42034730793408,19.09061246036834,15.445701144769695,18.390098143885066,13.804769131685449,18.649576559184123,16.077868374077863,17.738322020010948,19.658253708736382,21.81330058497056,20.68105793961258,16.02851870332308,18.533315600324478,17.946166944329747,17.674867020248147,17.865237302423285,18.39287104935547,17.74257538132235,18.451545769292057,16.477236142141937,19.01270178662399,15.706729970951509,19.690728744960243,19.57489778493582,15.942180064565129,17.34858134208375,18.632945977754705,14.853928612152224,20.225224858692528,19.06297094082598,7.479773962735244,6.041493785759974,13.561497576081758,9.938527554360938,20.145468008209242,21.47149569113538,18.79137990004691,19.206769575065234,15.809100911849647,22.019091630917327,19.20911714905137,18.387800070025193,17.88781868947291,23.414807127169723,23.009924092845267,21.517609514411447,16.970752958405484,20.996468121238884,19.85906295757333,18.612786580492173,18.9295743478891,18.136222850506403,16.456079499569007,15.218199073846593,19.31043430357107,17.549673449484875,17.82320668398429,22.183198956230324,20.436187935301266,22.280684768554874,19.12601496160758,21.65379887516977,20.069368948017807,18.512217968981272,19.703781396274177,18.564226489398862,20.96937204307814,17.367485160436377,18.639394055322473,18.910279884186327,17.0357604587598,17.158974655109052,16.495191431571737,21.099385768114985,18.022399118811027,19.332255434650072
Var6,13.565367009679651,16.87913737142872,17.09040772874234,18.24430141637227,19.917458725995203,16.02868172925435,0.0,15.733210403634496,16.531801793808384,19.778848070943674,19.00799526265777,15.793941552412473,18.348381330187518,19.268252439362133,14.512898919042827,13.486872556893971,13.098727372097605,19.818861998121267,19.384778283748446,12.807172382562332,11.815074840010642,18.369283308454335,18.465077065625035,13.775568559616847,16.078282586930463,16.855274167037017,14.485416162236522,19.342752114566164,10.013879499766402,18.367328303878843,15.717417584286443,14.929050577668658,18.74072971698134,21.785674069424743,20.973438737002738,18.783925525219786,19.602517777507455,15.509481183766795,16.693792365704784,17.391178252494456,15.489578346513072,17.436120893291214,18.581423998062498,14.782509344044758,20.372300994708144,14.453298776021503,19.337248399822357,18.496385555318565,14.312557802512078,14.542431270669137,17.04198420073523,17.09077491471798,16.00537913015926,17.783326943626932,17.77625338724619,16.724174878708638,15.759008363558017,18.120911994794305,19.56373654406978,18.936321784066486,15.055997475390743,19.260422037638946,17.034454630594613,19.60570459187484,16.848553371263733,14.86584138852166,15.068104976949584,21.509281071123105,21.8875122749243,23.214222463856398,13.31864564442094,20.681973286788537,20.463238120269782,18.553120522762487,14.426486410743147,16.903283142696946,16.584176623295964,13.197639898228147,21.334603466989996,15.656181005184994,18.42009972106668,22.937705658008873,23.551609192122875,24.113936944233597,21.0838539773157,23.622499028059906,22.027876703151502,22.514620874975968,22.49081534430175,17.25853015610644,22.53356969426367,17.726867778836745,18.64648307793721,18.96538653732857,17.14949068376701,14.849580536104893,16.86295276572314,22.717318097285858,18.08837951794384,17.83947978867974
Var7,19.217141693291733,10.355689336734976,11.551656862261602,16.141916666736577,13.438403452977017,11.248957707211312,15.733210403634496,0.0,10.019967009045603,19.855839071627376,20.514674687563673,18.623982491512844,19.932162599385627,20.93842232166181,18.31687639678223,17.556443196501675,19.872002603206052,16.559320286432015,22.628296510884567,19.49646617040824,17.47168689813472,20.157577856280543,17.649378117469332,17.184811473638664,18.770049860968992,19.016434621321807,16.59969058911767,19.81231803609837,14.185386261277761,18.642134666614947,17.572593325183274,17.910898916370112,19.73744378846647,22.704300437363436,22.574693195004087,18.716136171932572,20.297295550607704,14.943523482636117,14.544721030017087,15.640646331476836,18.57298156877642,18.631529605683298,19.46787177512589,15.7941350460448,21.116981506897034,14.845072937861183,20.661078197544395,21.582943205593143,19.38936560543637,18.56443758027126,19.57729220158876,8.97151348433101,16.70416766196412,14.564026680038214,11.210402947031675,12.334840583132197,6.270453294719012,8.767731593164921,19.797479595149316,21.031225958211035,18.00628043591822,19.73887645024934,16.644792734754105,22.368707969665294,19.616125970413105,18.498857563939254,16.895071215460195,23.01100062648382,23.10145677813644,20.699270431889875,18.16256886906825,19.885116957562428,19.253633452532522,17.438378249008537,17.62305524944922,18.23560349408304,17.038531509409342,14.85695532227174,20.031686012301595,18.03866079117988,17.905877257669772,23.80586257091049,21.573025602753514,22.98215878528295,20.115728929616,22.71243827167286,21.356338565109265,20.92553538382898,21.62148301174863,18.361702330133078,21.31245349123841,14.779957833769377,16.920983850911455,19.400318248945975,16.943701233164116,16.264346549488263,16.428509604656153,23.22312473210252,21.863420379693572,20.818218432595103
Var8,18.761907119634902,12.754492084607223,7.7603306485902,19.748851018183558,14.739602779777577,7.763198824600967,16.531801793808384,10.019967009045603,0.0,20.39313116372204,21.74175233476995,20.185317243593985,21.248121059800926,21.93762721208648,20.886824166668788,18.05982937938383,19.101216050838943,16.58414321345323,21.54009480652428,17.17293171451409,18.6319753018777,20.699525546756487,18.233324293399757,17.63605212794158,18.345408522657568,19.46822115522894,15.890119815519895,19.02116459758805,14.775380484405632,19.701487592610064,15.714584591201973,17.92027105963208,18.436237640677422,20.819518224584993,20.884342933462676,14.60011559644815,17.870055450867074,16.8019666872452,16.901338265959097,17.760998193002223,17.620243701643304,17.338818799706694,17.93547125731592,15.854621252938166,19.05102613337028,15.664951159100088,19.37276484200372,19.776567851505295,16.701127076823184,16.575154576944055,19.44369203291169,13.570581905305836,19.13077793237046,18.520343598410143,7.8792816732555595,6.879583118595866,12.623034647415135,6.873489093318052,20.574051496399274,21.88932182656614,19.639732907519814,21.042230665017225,17.99401367126311,23.49103410280722,20.89378102310808,20.94043657306549,16.30330591066259,23.228909170501545,22.384548400598142,20.71933891053922,19.03803781303263,19.5470252941901,19.534159923199482,17.89598030699937,18.00578400045663,17.852209815003746,16.431577501626123,15.58078978144972,18.21351809089849,18.28525331306655,16.969917402857504,21.63172894850231,19.843688337640206,21.843800511391137,18.50780003034612,20.935042147224916,19.87788466472719,17.84971221237301,19.04813906272778,17.27559499704074,20.583259558301705,17.261405014274175,18.14545457829323,17.951450711463142,16.38889279417963,16.467884882755268,15.791336188417992,20.946329323345143,19.19195519422815,19.10535624871738
Var9,18.3494184397581,19.141751890061464,18.63793884954425,18.91994796216118,18.484206192630676,19.226140801729372,19.778848070943674,19.855839071627376,20.39313116372204,0.0,16.377136040129212,13.408978110911283,15.133698392815285,18.793177385647876,14.828456506535522,21.489586449668554,20.215495622794126,20.977001401931265,20.546923237324837,19.806768383905506,18.431020355726286,21.47612636498744,20.847213736952597,18.793834576050628,17.45157239966927,20.039438395019037,19.896993882393048,21.6625875277948,17.83921612738563,20.997358275151687,19.19354424261991,19.887608824296695,21.27882838674291,20.940206657627378,19.272011659497196,19.562025437686852,17.985105504969347,21.026459185042818,21.658207781165544,17.576338455446542,21.596323052073974,20.48542373935697,21.07657623604241,18.793438603388935,17.838509717028906,21.606804857921087,22.140754523432335,20.500632103152395,19.210165086089617,20.764919298115426,17.440526190349882,19.628835356092246,18.70658901057398,19.017683002850447,18.814523362589206,19.869859543541537,20.315819474031745,18.610452810927463,11.809372631742226,17.790995437099443,17.12127505382215,14.0191111104519,15.563128084651085,19.82625186218838,18.860144635490897,15.226909751966302,20.778803300570097,18.56025432568285,19.037662576224644,19.853530466226434,16.12242622346868,20.602149130153382,21.631726313513575,16.228649649341243,18.24279613656208,18.91445293309516,17.822131252212394,21.244186672676896,17.711323233192434,19.28776335298738,19.181998959742245,18.106084687567773,16.66879159059495,17.80355617188254,17.806133500428892,18.249409838702327,16.423655200823514,17.86404935165698,18.45460897080426,19.82820037274696,17.25703680080018,19.605236377499697,17.431982123189897,18.35445650271781,20.595819110852126,18.4850441619213,19.967624457463376,17.90341081651204,18.39053597508486,18.674680724269674
Var10,18.696287653289126,19.221561688525348,21.218379111366744,18.013744226531763,20.984403835540025,20.95832805905747,19.00799526265777,20.514674687563673,21.74175233476995,16.377136040129212,0.0,12.690884708214881,17.576613851279678,17.548047703928322,15.29780256261052,20.39731123660195,20.121194537493256,21.22651014740793,20.267789898133163,19.012340319991917,17.011530649618628,20.582477329655653,18.367935511743113,17.60607752018772,20.286484408548546,14.617675625281489,18.38338000845277,21.07784630699864,18.207043879324235,18.331166839127548,21.54614396851346,19.72835209383475,21.274927067460276,21.340266543730873,20.27454884731113,20.53437080054459,18.926783548610118,20.562982355336462,20.991413242702784,21.441500176423663,19.729040386074427,20.09854876048694,21.472809986337616,17.76855520829487,19.455790867943588,20.173983935705888,20.348121063841763,19.323950006527788,19.65733033535533,18.98612326450328,18.596504525901047,19.56889202071238,19.027273227914403,18.039451069613108,21.173870380944127,20.73026980978799,19.22897054383799,21.043047457951968,16.275664295020505,10.953669492389212,14.689673609245803,17.440929120873534,18.69162196959495,18.487534056589926,17.876905540200884,15.518285441445649,20.984036287530095,18.638758056928502,19.395892644587814,19.99996085470796,15.994488958841421,21.308526369171034,19.75672485187441,19.519313087752682,18.22732368440622,17.794986310928238,19.148793405326145,19.600933361857482,21.197404723941652,19.364688509420606,20.015177869265568,19.38356758317642,20.00452422694273,20.37127284742856,20.119549466983834,20.599081253781172,17.901502016873152,20.475517199298118,19.23340393178754,17.801793133027264,18.096160131555557,19.51600430504218,18.747825450873144,19.374083477959296,19.937916398676297,18.157170166024297,20.142758002979086,19.133100179755324,18.114832356253018,16.792703868000785
Var11,18.703993753426875,17.049128414012024,19.13471024706831,18.390085744886726,20.338191783165946,19.037522601210625,15.793941552412473,18.623982491512844,20.185317243593985,13.408978110911283,12.690884708214881,0.0,14.668133877949005,16.18029257991322,10.267254755648839,19.841441601014385,17.60722484806535,21.091833336464667,18.98204420491333,18.9491942367587,13.17298622554395,19.08164035907855,18.72368244434498,14.990046523617073,18.768210293466353,14.088262917763188,17.75128867805584,20.82257793750621,13.971677970147425,16.831442810897226,18.65932589977745,18.34368732957339,20.87643917511183,21.409761483842402,20.953200238365664,19.375938249517528,15.717150138314292,18.402221404542644,19.966973671638957,19.6968501671674,19.480885060736302,18.163536249743988,20.364518464905363,15.482564436930689,19.295405804343847,18.650180619321457,21.10182956449018,21.161393346211806,18.498140831982646,17.286375795856426,17.404391719258527,18.178988215264308,18.538050658494182,18.36538080917254,18.841456729494006,19.566580410403603,18.34220456178989,18.934424801985788,15.420850088141815,13.033506580592366,10.734761890068608,14.676153438364292,14.518624250531975,17.612591771843654,14.546072652782133,11.381126090224726,21.02007525037983,18.109343020296098,19.67771524438797,21.737956400842815,12.377936461139974,21.085603274103317,21.23008246667904,18.288519937901018,15.07981483606541,16.699307030831868,16.728184313409663,16.213250786823902,20.696828377388847,18.045261555993086,18.7113333720489,20.67971612032396,20.729554015215783,21.680838352202525,20.392015311220526,21.77361700866297,16.065827265936072,20.728317720514916,20.019820700101775,18.094527075669625,19.690339616902694,19.369659135856082,17.317769022833478,18.283088836776503,18.68135276607663,16.200787404230667,19.06772363449199,21.320920815460912,18.79185080165368,16.475716669711726
Var12,17.27366102198841,17.476963126735512,19.608993844014897,16.886722823740367,19.813260060117425,18.87697979173345,18.348381330187518,19.932162599385627,21.248121059800926,15.133698392815285,17.576613851279678,14.668133877949005,0.0,17.89260222617044,11.902638055728323,19.379983377446695,19.58382477918535,18.8420024848498,19.24805371873876,18.861265907224936,17.88695911916549,17.16696662704124,17.982475733410908,21.02011257928863,20.012502558206446,19.652068852606043,17.572930632743677,17.44525373758115,17.43181463190622,14.532779266816458,19.05011001539186,20.457297052797898,19.69063602154374,19.48582910267702,17.651417520204117,20.017099514070683,17.112042844335576,20.561210258109778,20.583606032473593,20.2222882916713,20.022426479511047,19.857712302152766,19.82869161144311,16.829465521327567,16.33512980514666,18.50327897184514,18.222738629558208,17.501658210893765,17.71744474579351,19.42722157468815,14.942453868038301,19.121847986815645,18.340031222422247,17.66113857384755,18.87726874763632,20.364880926729597,19.252789544676958,20.654836985353167,17.473948130461714,17.730905273972517,15.646392057980949,6.9022658584158405,10.947754679779761,15.843277651403083,14.381248009771383,10.971112407685263,23.41676420937801,16.161006508634127,19.626889429129015,19.23142072979539,15.630865859027967,22.245768912770675,21.38049111704222,21.88179276097846,21.850196817067456,21.53648983102071,20.421837344460563,20.53817272677779,20.54480426330584,19.523091957608266,23.03487343843435,21.330100476905372,21.431148501671036,21.36357924613347,22.63152635073061,21.968080425410772,17.364324445217143,19.864612115826883,19.963836504284576,22.65609827286036,19.970509462930643,20.248124326597935,19.839669382017767,20.86636641824628,22.301952978686554,19.15685319020841,22.215645399516564,20.81617030976971,16.00177674240996,18.877347004371316
Var13,21.209952819543826,20.974357349520947,21.974495933904315,19.91294150583204,20.984961951730536,21.430244912504012,19.268252439362133,20.93842232166181,21.93762721208648,18.793177385647876,17.548047703928322,16.18029257991322,17.89260222617044,0.0,14.757049726634907,20.613954957919304,20.56288105356093,22.12460129869212,16.29453699752999,22.279776676085596,14.582743986838144,18.672973732226467,17.06317122246701,19.784226418046995,21.28012734328105,18.69288742794385,21.711551840213556,21.16292391471836,18.382689227936428,18.877175753290345,19.034308829717304,20.438678489471563,20.08623449000032,20.852921628978223,20.83135110957172,22.392572972557563,20.919341212148932,21.479539790824077,21.327699490410648,21.916866181597765,22.111275164303116,19.34051984725632,22.049205581159182,20.30361196078077,19.57902322954433,21.224193026028114,21.384679829989118,20.664354268273517,22.240561176339952,21.21417315925077,18.8346052456799,20.38849119901004,20.57188310606819,19.911840713834998,20.57126004930383,21.55288716754685,20.361180708650792,20.687886964687607,17.59499199610518,14.994607070821584,15.71816704190538,16.216415006863954,15.146008783510052,10.674364463647033,11.36592182114079,15.705741634473641,22.8443214352676,17.4135577603261,19.832346549738496,21.559461182926018,20.005653185200256,22.898255140778556,17.483187396791045,21.17894943751948,20.372758563797692,19.83457809836895,22.28078906659474,19.461217171333672,22.358432267358666,21.018861789500487,22.04401794337633,21.879202036208103,22.2554747214773,22.15533185173558,22.572018393029996,22.803465274364516,21.035763877818894,23.002190772628126,21.918105642604964,22.186929641599622,20.819258035492055,20.96962487506125,19.53943612531998,21.586914436646442,22.058936907508283,20.42192222021844,22.43398956659326,22.248075081637012,20.518400471325325,21.07304685170663
Var14,17.402870691228774,17.91897469306524,20.114022938362236,17.5875325916571,20.038440882045734,18.918417128644915,14.512898919042827,18.31687639678223,20.886824166668788,14.828456506535522,15.29780256261052,10.267254755648839,11.902638055728323,14.757049726634907,0.0,19.353362277893208,18.98598259710306,21.55861626106279,19.853411748421696,19.22416951717338,10.7026733711867,19.04678592507739,18.320323523634407,17.694383183938687,19.4272847553807,17.426257840861165,18.292081025111877,20.243539824198475,13.093185613746934,15.313522032845992,18.405579594271472,18.195268748614158,21.312437864067025,22.600141919254373,21.64906121572166,21.02234302110152,18.43671507001983,18.52580842450511,18.730229538907,18.687216286769523,20.446630406247372,19.05547292076287,21.583484207662956,15.730523426961327,20.15264061623019,17.457704212319747,20.901826349581977,21.007842604551072,18.63957534499539,18.502603707121775,16.862198618210776,18.293680989891797,17.398325731842373,17.42320891356769,18.84168560907725,20.148349479640046,17.58192520282876,19.865794370133912,16.180091099503123,15.23134643304742,11.402985816646996,11.896926509081714,11.734212011131726,15.466649076684446,11.381190097828954,4.75683570976039,21.583190954398113,18.48650614029971,21.044158067314058,22.0528686947709,10.92454719823323,23.59891245866421,22.07344027366736,20.309250802089405,18.047055370582978,19.274602560372543,19.214411137971737,17.208376478479597,22.446951523233363,18.052507971116285,22.060593926360777,23.104088424331074,23.57813199738318,24.014862254706163,23.572697490541692,24.199398745486263,19.307721836712442,23.28027120585012,22.124758425628837,21.007542597109218,21.01326397103407,17.748558184921457,18.15750616251076,20.185036601163137,20.574212190185776,16.85872880910634,20.91605516370548,23.657186169623312,18.74275141362615,18.322903854750297
Var15,14.462936298754562,15.936072456513708,18.46151799458561,17.329252311502596,19.946868259367314,18.758408448041543,13.486872556893971,17.556443196501675,18.05982937938383,21.489586449668554,20.39731123660195,19.841441601014385,19.379983377446695,20.613954957919304,19.353362277893208,0.0,12.606206567743127,13.939978595792056,17.473293846636484,13.655955279648722,18.26918583924002,15.033044648737603,19.617138092791816,16.929778274183736,17.164162525985738,18.867187030860062,17.12032018879575,19.352307034978434,16.83384353883193,20.041984662879774,13.499779981488734,13.054399238975956,10.816430953716365,16.446713353594145,17.203013517622683,18.62408391528211,19.582323296196385,13.10100687036754,14.679248861021954,17.975941605358578,10.162786389807906,15.261109209996576,13.138576031711523,17.63605189211447,18.129577965416203,14.150204627313999,13.704857794837446,14.974340229747966,14.889606554830854,13.73718500864544,14.860494397534634,15.550738985785385,14.042968465716648,15.673796162752826,19.749465501294402,19.746707731223346,15.997184346650874,19.372353577479632,20.257970246568583,20.06938976516166,19.32596528604186,19.855697398704507,19.676572132770072,20.406430336865384,19.689997986085615,19.210680933683463,14.73340025793069,20.89855655428673,21.062594907965156,18.734828382009447,19.72917303595503,18.683461085127387,20.608705578156147,18.48124641204237,17.846942524139244,20.531798918404075,19.73972721175919,19.071837591361014,19.230133132639853,16.204050366541637,20.488433843505646,21.247546199427994,22.638079012661688,22.00757357512771,22.249199660002528,21.97122771648778,21.935999825501902,21.508138853102984,21.447019596332172,17.63859152971246,20.183287266783275,17.599429449727275,18.89596618043442,18.25222086944022,18.39908599320093,17.647188506835086,19.08833914512449,21.124459181869053,17.777237484902095,17.63184406579839
Var16,16.59251318411444,18.29452126067872,18.698365098979632,19.828226381789516,20.240280964877854,20.18652038839222,13.098727372097605,19.872002603206052,19.101216050838943,20.215495622794126,20.121194537493256,17.60722484806535,19.58382477918535,20.56288105356093,18.98598259710306,12.606206567743127,0.0,17.269151505678572,13.745045538357815,13.999555197316635,16.5055219502124,14.999895800607339,18.71830905792384,14.522893517079275,14.339047690121177,16.59551695139807,16.65361492041545,18.61951279188766,15.918088035839023,20.279682817412027,16.80196531966092,15.535921283601612,15.906497106242513,16.848156740449006,16.993739106457923,18.008136630591228,18.03557751114145,16.989342007765156,19.262638425171854,19.422601863716316,15.265739456971012,16.391760011006863,14.898411097569703,18.32810187069935,18.62212319943261,17.618944712187115,16.823092074396573,17.02011361446772,16.327964004691566,16.117044937818708,17.941864929840303,19.11615019253735,16.7501384630269,18.97928277120977,19.967586801335447,20.248471347499024,19.889619250294132,20.330166258888028,20.554514108916948,19.335408320420083,17.986968951188757,20.756256573824498,20.68781822588053,21.116762856746107,20.584768543385895,19.61262620887248,15.962425335421333,18.365139117608205,18.773945443966685,20.793559061259085,18.39971162375432,16.90816336785939,19.83379313341693,19.20100331231704,14.504555719877777,17.304281220958785,18.07748233731829,17.933967495253988,19.654277481550604,17.224414292598674,17.340976857899424,19.367198132964006,20.4043656139176,19.903080828189545,18.74849773570239,19.831541394973097,20.315390071792404,19.360091901422123,20.53998301863448,18.492100022368017,21.04304739507652,21.365291652494715,20.435392029807407,17.64727664094345,16.986193151688152,17.888575896412977,18.219567379240775,19.182557516910812,18.876517538739623,19.010068512913204
Var17,19.583677132211086,15.824947738898855,17.125610123301104,18.619208154451343,19.115531017819368,17.75918907310285,19.818861998121267,16.559320286432015,16.58414321345323,20.977001401931265,21.22651014740793,21.091833336464667,18.8420024848498,22.12460129869212,21.55861626106279,13.939978595792056,17.269151505678572,0.0,15.564124339865486,18.154035119394468,20.95264191324274,14.262828844658888,15.898297989981495,21.063837242652014,21.094618965922933,20.705280971924047,19.834170983079165,19.588812021142456,20.886627320045296,19.575245849571832,18.23523611350955,19.640989757724427,13.482931320057272,10.905315648585377,13.330952662215838,15.654323607490621,17.613761017717213,18.10235664090962,18.165086559713423,18.783307467875964,14.266716656565482,18.946887281999686,14.749481126440545,21.13254147992275,15.787433862767674,19.09118103148105,11.530037943910276,13.686165175637559,17.861269277728418,18.305528674059214,16.875091197588258,15.984137162935108,15.455618743461619,17.57749294092809,17.90599693822737,18.140723892238146,16.192776298278385,17.24410538835502,19.70801721901719,20.059483377143955,22.028826194854062,18.79231469134748,20.47529859583727,22.096837293943008,21.370789000647537,21.571252711094374,17.80789566655814,17.533932167424517,17.810528045019627,11.473250228031809,21.4086972198728,17.797173169917485,17.95765563692158,20.599599095183493,22.09584119468886,23.33156992489794,22.169518060396545,22.83288762013388,19.247999397972563,21.204496629680904,21.82969985532091,17.937451683648273,19.170236531899196,17.960790128641452,21.118186081080538,17.92266706004017,18.370531274533956,18.067883568339965,16.27840369970673,20.804189284309842,17.713364780802248,19.79314268358975,21.128126631121464,19.74838145754289,21.797104679727784,22.31019750499456,22.23911793041486,17.8015857959456,16.729841644078235,19.300125155988855
Var18,21.454276683108663,20.29389065382541,21.16661850377729,21.34175463534213,21.86070954480215,22.7775172431614,19.384778283748446,22.628296510884567,21.54009480652428,20.546923237324837,20.267789898133163,18.98204420491333,19.24805371873876,16.29453699752999,19.853411748421696,17.473293846636484,13.745045538357815,15.564124339865486,0.0,19.51118201768227,17.634698363415822,13.280101848809062,15.706278830078967,20.9626558506152,19.599197221112345,19.483000944078036,21.459830424343565,19.514212015410024,21.355119293269166,19.308381053262753,19.491340834857755,20.759073337577295,16.12817221640891,11.669818673749667,14.230762709610092,18.64918553926778,18.928647229061884,21.787019795977244,22.851932823913028,22.088522298246907,19.061077744289424,19.635025838161873,18.12917715905194,22.44874120509725,16.32458962822193,22.858769833669168,15.810099272140892,15.780674482657858,20.419732931677512,20.589189348715347,18.77808981312743,21.03207922602496,16.636702260760174,20.827110248548273,21.466904150634686,22.41245126875333,21.985529787071812,21.954574588396422,18.664637604485225,17.338619406604263,19.755668118188545,18.728404614124724,20.789287944190367,16.79639778188159,17.79387593212331,20.4380733364514,21.02377103116537,11.555957228449664,13.190357614863863,15.776325521344528,21.48929103627054,18.951074712930563,15.402361901975135,22.157385498865885,20.902059172458127,21.836760665243755,23.629267970439788,22.37106281778209,20.10675988487431,22.396165238851744,22.16184875388719,17.239710970188412,19.01431155048165,17.189225004418414,20.47545815721907,18.00369978802606,19.280337132874386,19.200989185618393,17.742306393622684,22.54544894290977,18.435420246642032,23.918290950675086,22.88691688223214,21.2791635142223,23.210661505839376,23.2925933946956,23.745650407753583,17.519849118938417,18.462447927954642,20.68394298584511
Var19,11.525954685441597,18.784067154758336,17.517319785658554,18.94350684790323,19.90471714491876,17.054312503475572,12.807172382562332,19.49646617040824,17.17293171451409,19.806768383905506,19.012340319991917,18.9491942367587,18.861265907224936,22.279776676085596,19.22416951717338,13.655955279648722,13.999555197316635,18.154035119394468,19.51118201768227,0.0,16.784200803284424,20.12736434685962,18.525857253879384,16.028963188255375,15.475483216299033,17.94502797824175,11.360277703503144,17.869612550239598,14.254745917561191,19.904508960742454,15.508274848255146,16.262062238485417,16.20801006923132,19.69203241236931,17.482925349571037,14.801016740334584,17.019610591975237,17.03463731805193,18.532896462525066,18.87384127952224,12.151896342721338,16.98956784676975,17.035461395732003,14.763926776634298,15.67446746514189,15.013764110616302,16.955196338252314,13.098562822650143,7.831887555170102,10.92178659033799,14.814275864779475,18.753020269764562,18.08180259925143,18.149603554577318,19.186601989382872,16.76364202524811,19.004837394067582,19.290827140746703,18.822957612543817,20.040853042904295,19.220940645761143,19.86406543544009,20.802048638927555,22.069665390309712,20.73445364201622,19.41566699184551,14.990505776247476,21.793083859534644,21.756129958115682,21.33642848681115,15.17225791264898,21.03780722032557,20.968746060738308,17.781565255888008,16.49886208606141,18.12201784008585,15.1330086957373,18.234467950529723,17.372065871830632,16.443400891841506,18.26428253164984,19.230444615745192,20.436181216778174,22.014951431879606,18.724092439503966,21.09557362636057,19.44262634625209,19.21118932636106,18.840363374880276,14.470471453622327,20.659822034363142,19.746960318962902,19.35628256465442,18.903429734955537,17.839625192808615,15.6056474511924,15.992075499484143,17.61137506479835,13.04352523352908,13.86263304244935
Var20,17.25128987364718,18.88684635202944,19.119969959763104,19.504758797370588,20.69445449031118,17.672730420739306,11.815074840010642,17.47168689813472,18.6319753018777,18.431020355726286,17.011530649618628,13.17298622554395,17.88695911916549,14.582743986838144,10.7026733711867,18.26918583924002,16.5055219502124,20.95264191324274,17.634698363415822,16.784200803284424,0.0,19.341243500087394,15.756881151167581,15.473983262067438,18.477918363716782,15.894611823145697,16.680475742754776,19.705061963988936,11.652510388629699,16.5945431880942,17.75519177908689,16.66706572792389,20.671655855437336,22.35533926988222,21.875725663596164,19.534323119492672,19.034687782731435,17.573127282932525,18.509441431221784,18.664571264094764,19.035460218603546,17.644459303498166,21.196177329269865,15.79741952708559,20.19273019829277,16.717980132841344,20.9277387321717,20.394620399605486,17.936671886787572,17.00820866591404,17.96524733880059,18.154686080588203,17.701189035641196,18.757576890393477,18.314080255034966,18.297291978359862,17.12695853696654,18.60523075958692,17.48764890796943,15.551271763970322,13.57625347868338,17.46048862464105,16.44093662660104,17.407715672276552,12.88923419596044,12.737182244049489,19.044249930363033,19.161363032609685,20.861894255985113,22.819744871967874,11.086085170803191,23.51892230613174,19.787351922927602,19.988621340038605,15.63355913877713,17.58199774201876,18.566887669827423,15.03860144389054,22.562190818415633,17.16337981276306,20.204743953912313,23.395464601524782,23.75249211628048,24.655491581242295,22.477294562113133,24.607620823478527,20.833656377265346,23.514044471413097,22.191205183893064,19.513652071571993,22.534795126538363,18.563593640359183,19.170489682940644,20.328173388854694,19.283427004675453,16.95148600235196,19.234386949329178,23.53553014574499,19.430744128459757,18.78067697595214
