Var0,Var1,Var2,Var3,Var4,Var5,Var6,Var7,Var8,Var9,Var10,Var11,Var12,Var13,Var14,Var15,Var16,Var17,Var18,Var19,Var20,Var21,Var22,Var23,Var24,Var25,Var26,Var27,Var28,Var29,Var30,Var31,Var32,Var33,Var34,Var35,Var36,Var37,Var38,Var39,Var40,Var41,Var42,Var43,Var44,Var45,Var46,Var47,Var48,Var49,Var50,Var51,Var52,Var53,Var54,Var55,Var56,Var57,Var58,Var59,Var60,Var61,Var62,Var63,Var64,Var65,Var66,Var67,Var68,Var69,Var70,Var71,Var72,Var73,Var74,Var75,Var76,Var77,Var78,Var79,Var80,Var81,Var82,Var83,Var84,Var85,Var86,Var87,Var88,Var89,Var90,Var91,Var92,Var93,Var94,Var95,Var96,Var97,Var98,Var99
0.0,16.22021620060774,16.418642746827896,16.593125323834126,16.18673142747117,17.403196835274898,16.179254144373754,16.057575937624783,14.213772632828135,15.8692625805241,16.447145907727855,15.410827047061575,16.277592212803214,17.177988010984095,15.9387255632466,16.712960104520867,17.1781497640174,13.408274966276087,15.49337774409815,11.075389618845769,14.616954890841148,14.770423512299311,14.181357369195885,15.483338837182758,11.339752479462446,17.7202331398493,15.911130947791351,16.947927879207498,16.514571514072557,16.564467642639013,17.755091195300373,16.2900474450357,11.403275631411914,17.63927211005834,17.77885299470543,16.946849254111786,18.219311343002683,16.109179279891485,15.251167530954088,16.700145978741453,18.553427432148357,18.45190548492096,18.22744100145497,18.180625902649385,17.62673008332373,19.093623403256597,18.194816607281226,17.170495640767545,17.174403270232364,18.43738033257329,10.208898021580044,14.868488701861484,15.374513536012811,17.126442700017407,17.1788454246555,16.85931418277248,15.485960335710358,15.93330522018302,15.956303130966464,16.04840480951514,16.83679603848533,17.57261111785909,15.250616477986751,16.509438173921986,13.75084530805428,17.064985414361598,17.509812836912197,17.14194108592123,14.273104452154936,14.623250974047856,13.263336075612305,16.753813326378985,15.748130869932776,15.932505810115623,15.39604862426742,14.574613972120796,15.755002099670127,15.534059633601276,15.482984458999416,18.143670088469896,16.436637137621048,18.441765080553026,17.136714015840727,17.119421457444236,16.144584457987182,18.029086573060447,18.595851202276933,18.123075769508667,14.555455622697789,16.350971229852927,15.367092715637186,14.221529850620316,14.952884425231703,15.686111075595912,18.514233212585125,18.17176136942961,17.99548373662556,16.835916595571213,16.518982616878834,17.757842536559295
16.22021620060774,0.0,12.30155560712971,7.076855860003858,8.445711791113272,16.99433284105156,14.406821831585203,9.673012882701588,13.024884857119506,12.13358834349887,16.606372987559173,13.23307859619242,12.535021068519711,13.672213087468236,12.733762630008703,10.779153354918936,15.997549090178802,13.49079743303126,14.082537389487232,13.895451213909686,14.653708823326827,13.890751515751315,12.209115409501267,15.16355774697414,16.055426085557087,15.762863517409956,14.971575906824148,14.263541718984614,14.893394757433091,13.083142458114963,15.1074922027625,15.507584156792571,15.489595493161184,15.583691079578518,15.671197710209762,19.02565643556027,16.22799775688605,16.148273813564426,14.027224404968052,14.398546314154538,16.35870983820941,13.95558793910645,15.826539067392952,16.8519398110888,17.059179980002195,15.390743550316436,15.798193929616506,18.43971677799924,18.788467087192355,18.912280507323064,15.562039354740191,4.442017847554111,9.45257533106488,6.55760860866147,10.177474514337852,17.49000117475768,11.599637567786356,10.15698163281717,12.940020415662516,17.03177800424844,13.506680574940995,14.722258161718845,14.386994884679735,14.067322739165288,14.806481741491844,13.16175457726971,13.955762455658329,15.80206457738097,13.33977121207793,13.986905737155483,13.758925436516575,10.990041520579268,11.822782301484244,11.213898447168178,15.599560878834913,13.881245634449176,13.054634106788,12.812536215468477,15.798398316211031,16.700022230935854,11.9483944027506,13.32476176536691,12.08892656143845,13.402741650674573,11.718487299517427,11.315114831336883,14.37736875611914,13.768255597259632,15.270480105335253,11.914508682370284,14.825970061681218,14.823633540177964,13.853323344410615,16.057188389650626,13.11063273860237,15.449785849090748,12.871123974596426,12.897334033680291,18.570861321211574,17.10334451436575
16.418642746827896,12.30155560712971,0.0,13.195802780893011,13.746317627608502,11.75043274681518,10.407239502990157,9.003577304238945,10.625441488160282,11.5929553282705,14.616326008821652,11.012374709587617,11.017568734705344,14.02710436174744,11.982295923617675,12.871684484320106,15.179316831642774,12.63446430179115,15.387769341392024,13.755923907568866,13.02340872522482,16.835332256581392,14.683142264255588,15.212025351861966,14.958605641963864,14.339526771691578,17.211518449439218,16.30381313697986,14.681566191682627,13.974563040858802,16.311348744420258,19.146851794903323,16.6392590214872,15.83193488530198,18.78898404928696,18.64250182836315,17.9670525943326,18.96895849370773,17.223153927983844,15.97332167728344,20.08120780327016,15.618695130931476,17.259474002300625,16.443748742382205,18.27006972918348,19.246474634314087,19.268817244845124,20.072267762821696,16.935914152064093,19.408438388843543,15.988341943729932,11.05004565095178,11.159886056727498,13.431685164803286,10.942445307236714,10.280261600235214,8.183668813455453,8.953652384415106,12.058603160987646,14.910173084662592,11.106205382587769,11.619534516804803,12.887901155435973,12.4387882839291,14.74635277427518,11.745519989976264,14.60029503278184,11.968084101711726,13.393582996586805,11.379939263391051,12.322968915319244,12.275466440527824,13.270056953564788,10.743683597206871,13.341113907676863,13.808276974762943,12.88904937209157,12.77517337923658,16.63580735456371,18.903874024421945,16.187048865711702,17.664886197620337,15.54426115880612,14.786179086703294,15.216770128531373,14.582561586756071,17.59105687665295,17.508344087329966,17.134697459336834,15.28592515688118,16.86277737509358,18.28657081421128,15.918433421284655,15.986038757918562,14.518255148230296,16.571583570559884,17.51725155962203,18.23688557776621,18.39514734922821,18.749997413300296
16.593125323834126,7.076855860003858,13.195802780893011,0.0,8.605259333348531,16.843118962092454,14.754920724635967,10.463951837847432,15.205502635963596,11.025732492644162,17.21776072156783,12.658528186111187,13.919754992462217,14.46961599168015,12.903106727007428,11.807248606916277,15.123368155362307,13.605568594152336,14.010017987770672,13.78695739444938,14.399580511283697,13.733016817415807,12.452693416659123,13.536901806799024,14.907464297123614,14.925220577394049,14.649373778511944,14.772244724400752,14.119960251979634,13.069080723261177,16.02153548781847,15.942578563609343,15.145372315563185,15.99028370658942,16.797300135859686,20.41237038516159,16.950979358121472,17.02612081458587,14.339303752900175,13.852408467371117,17.806367520570472,14.927070507772914,18.15964353990955,18.18957218938164,18.481489562192348,16.112523834814958,17.17523018319628,19.65429448953383,19.88888949682047,19.80784894540877,15.83947963147388,7.717327167310997,11.469407001562017,5.201760408577796,10.864416513554394,18.42761230506361,12.20668467287249,12.23393073020481,12.419097233269412,16.84060263441246,13.047263303966004,15.64837076823038,14.57717903869653,14.881249042698393,15.35500556178767,13.422509743730414,15.768377019364774,14.38564758931035,12.795875799366032,13.468590810808148,13.411004159016638,11.03557088277189,11.970819653610818,9.505737011778834,14.195641606129206,12.565865780793692,13.000856234662717,12.672739920470647,17.64033984901068,18.3212361727229,12.340620557147124,14.863847681964614,13.94460154953083,14.50238588423743,11.541987225786333,12.279523332506791,14.87321399065206,15.204602207347808,17.302246456691392,13.10907277005568,14.424147687370152,14.694919763977026,15.030112055609113,17.389627951230796,15.38224549193344,17.283440580592412,13.705018207452378,14.2496235582807,19.904226321332835,18.369688288270066
16.18673142747117,8.445711791113272,13.746317627608502,8.605259333348531,0.0,15.461027865318565,15.439696345156946,12.260954204024353,14.339027736265727,10.63812183374094,17.976655656040343,11.832112855102846,12.885104981457305,12.00648287800614,10.849315140031674,12.456150225753682,15.051554967643522,15.139167875500627,12.88442271838644,13.040370511429876,13.19354705120472,15.729662589737798,12.11030348877305,13.071683161934128,15.60725195271214,14.490375623559505,13.297371299134628,11.52786268860064,12.412349922739324,10.424460927224972,14.409055908875231,15.698744094129998,16.686150094930767,15.658146577478346,16.519357502945542,19.439819931818548,13.915153713278752,15.048657761777015,13.75356791314326,13.928370409930093,16.176809715825083,12.88830949564096,16.178412678995244,15.907137381638815,16.074882097573955,14.421130462800011,16.375334423640325,19.0499161370608,19.368069778932814,18.422953920390217,15.869075517956407,9.145567604865798,11.358677441324902,6.698131033799549,6.433701482143214,18.165937489406748,13.741029939435393,12.916222119083663,11.455571374928756,18.460752692228244,11.597202815123689,14.272630879508297,14.225793633438764,14.77159070254947,15.67749131591429,11.786509399309416,15.48749156559019,15.633538949251518,13.979711897974662,15.329023894544797,12.669964483248256,11.08887496288726,11.017638846387472,10.580280608308414,13.815883488553862,12.30938231548164,10.170573073587883,9.582437005730505,15.039316050438265,17.091667537792958,11.099597488723782,13.027734411322944,10.76349264138137,14.615213441180012,10.023408862376632,9.56588045566527,12.357675296264375,12.201623227030431,16.783414235670712,11.809920247886517,11.843762410592,13.967475251022131,11.763666341562752,14.520863423796134,14.752745775318472,14.684100063437924,12.187692066047935,13.03502499435749,19.224013405119635,16.904748431863258
17.403196835274898,16.99433284105156,11.75043274681518,16.843118962092454,15.461027865318565,0.0,13.80538040694937,15.868557993220431,13.684166710044751,12.899702233402918,14.898786098056195,12.737157482679676,13.185950880979734,14.787411752768683,13.618033415333503,15.34352409032034,14.069205396972668,14.205050168799534,15.988602801259455,12.841411957347294,14.10484723983526,18.303836719074564,15.595323603630362,15.0820089720782,15.285430936990556,11.125095711764107,15.5050184981525,13.673592714827548,12.848130669992027,14.637690889320677,15.38516680042992,17.500221913850257,16.94328780905888,14.88402931706126,17.29114167161293,15.879567207330954,14.9136293977033,17.56834816280624,16.986619296968772,15.381553374449217,18.003962978065765,14.37676845823381,15.909682663572488,14.672268957158542,16.15298705380613,17.41309552448133,17.816034656568075,17.983828349450537,13.060926796442578,16.578987356510666,16.53798081046491,16.607190476388915,14.99267450056664,16.181217505814207,12.272568308051438,9.936464046945488,14.792958701559176,15.30022761081644,12.551178930312044,14.85573836978268,11.985483727254604,12.834805335066966,13.776108999993092,14.034523760666907,17.40674663235602,13.40217306143924,15.389620214482592,13.864942856438777,14.659771350219906,14.454431320622126,13.55238758616516,15.372568219608638,14.279996145285908,13.50970538087306,14.168837302720204,14.083838062482265,13.007710163436158,12.81729545606798,15.323190884261711,17.15271982166054,16.268465751419146,16.84664920268517,15.789180727116202,15.62042995136398,16.10122011299631,15.23051204338945,15.349741315471464,15.987269465111073,16.37008913051234,16.52328343931743,15.126756510648065,17.749472083927945,15.43765406729716,14.73587611379454,15.36003692270496,15.136593521583867,17.05725453865515,17.76207584899373,15.616898581104332,16.892850895272755
16.179254144373754,14.406821831585203,10.407239502990157,14.754920724635967,15.439696345156946,13.80538040694937,0.0,9.396275592342766,12.22787381650561,13.582531925354582,15.542268935993626,13.719418274092892,12.77768804734505,14.20881543616504,12.503656999530069,12.197515644825035,15.31400496041529,12.42896846057079,16.128867269060642,14.237947906611314,12.4912147291889,16.144111697121186,14.054742910595673,16.512526081364346,14.338879107737773,15.242453331475511,17.282549922456404,17.112845350567493,13.987182438163858,14.104852843799405,16.99645879295789,17.95930850306306,16.947299588852587,14.666103596634114,17.406362623190542,17.267248526094523,18.69540187777708,19.01286100353138,17.565923799070866,16.193906459000033,18.96189709398324,16.92689844946641,17.536819447129602,16.904009925350174,18.17023798343262,19.260700588245303,18.50348837994896,17.867288935972745,15.477218434964076,18.47393836644199,16.023919930982633,13.382995774113342,11.643492908203593,15.108304546945448,13.978906948486433,12.031635914589929,8.321244954016452,11.325614676359576,13.209576189776472,14.673146818536978,11.683689390827158,12.318836256196992,13.9632790066111,12.98365597463812,14.491595820442132,12.488551242981416,14.669342098877417,11.375195191525252,13.362674316317491,9.83831764192372,12.2235723968144,12.950782647215512,13.658301818386953,13.079280630629404,14.081808871855667,14.127901433374763,14.193061151762157,13.56000242005394,17.06519805295124,18.805691905876937,18.137307086255436,19.367279830713585,17.80873165141269,16.253188501512234,17.355918511714115,16.515259508773227,18.77625146627306,18.59572860726361,17.05135041947253,17.772471851287776,17.101087894019297,17.91305417086071,18.530430673712026,17.12754082935663,15.097013686045456,17.862932122200036,19.134186089028432,19.0943610588857,17.844079704594375,19.51964933739296
16.057575937624783,9.673012882701588,9.003577304238945,10.463951837847432,12.260954204024353,15.868557993220431,9.396275592342766,0.0,11.527410084903073,13.884759747866084,17.332571714268703,12.671071198286116,12.855754356736195,14.955759612084666,13.589899709718797,12.497797730273666,15.912421668673096,12.650873922673435,14.582559963084158,14.386742355107964,14.103521618376124,14.350328656648497,14.40223976573751,16.657236691726787,15.514397439347324,15.63802840720253,18.016637087950325,17.971146661596606,15.699150407867592,14.807285617147269,17.22735721808793,17.85758169963456,17.107243720163844,15.940820834887433,18.21367143429177,19.60973129284735,19.50447199496983,19.533156323041688,16.93302037454698,16.91687735925101,19.585454079342497,18.07213903342808,18.033099722909,18.464957254915426,19.172992481870008,19.220783525045302,18.60887097926668,19.558106529243123,18.093386383629337,20.0831231301458,15.490448483481918,8.607139295996626,11.30598633781691,11.40541106540071,11.831139216037611,14.952990857070803,7.305051542253068,9.332148437872783,14.214704636895268,14.977454775323752,13.006539441782644,12.21971438315112,12.940613888034118,14.408520352575035,13.684440327109678,13.455453087608074,14.973361663920604,12.69338284708742,13.024675714678832,11.216105246346704,13.652027646432051,11.144048783465973,11.773502623373744,9.237283967057651,14.450602833491091,14.11781855103706,13.911696928443272,14.002056594972425,17.918182366550177,18.40283301142632,16.442318571244247,18.09845668651909,16.679493424519073,15.622672988775712,16.21483674858835,15.117025018189889,18.30993359998236,18.36165511814011,18.379151217539636,15.866652074688126,17.39426934599581,17.902950382794774,17.249488966220643,18.42270002689056,15.103523642795665,18.49897829701547,17.890282519634688,18.363684171344246,19.42798973808947,20.18981803005207
14.213772632828135,13.024884857119506,10.625441488160282,15.205502635963596,14.339027736265727,13.684166710044751,12.22787381650561,11.527410084903073,0.0,14.681392285395455,17.624420277995778,13.380707265963064,10.356547113146837,14.19842697103898,13.55149290490002,13.27174047951651,15.02849991190488,12.031247505531312,16.48069574051494,13.355109066841464,14.911512224602996,14.612129633496746,14.013185260965312,16.362677114340507,16.535695994486392,15.67341465458322,16.296697687526624,15.161251548699022,15.079003712887234,14.637172024471443,16.946522101461667,16.569050143702185,14.399341326512667,13.91930729238469,16.252604920651244,15.10510234530408,15.698092955626391,15.676942896504707,13.883311353677067,17.196625554626877,17.414266439166216,15.127015498489238,16.54128140948645,14.886149436419172,17.058326460413248,17.60232700168175,17.005829144665725,18.04565013028885,15.46254273397223,16.466587182230345,15.126060870726114,12.349051948325103,11.861112309290254,14.194775939185565,13.231586345232714,13.740361063370049,12.362689505351076,8.19093853781641,14.32339169048491,17.60029389160895,13.781447529853208,10.197928593339885,10.621632441279772,12.486421996579722,12.974213264075887,12.185622236143445,14.591819423156457,12.48984903223411,12.779821371906284,12.836108089922329,11.976196603671276,13.210894657410552,11.587591888987472,13.2417726564572,14.199894925494911,15.610415082374006,13.271246741892147,13.00300727401187,15.823721341426255,16.719561199974194,14.587765769140663,16.789034807846196,15.967600296747168,13.222036110511716,14.901162354108074,14.374644544503166,15.693695652537846,15.896750499631551,15.091467235517475,14.12247443983753,15.907530065226132,16.030504943032113,13.916345199916163,16.060526159883857,14.636264741838875,14.742622334295834,16.424170924231277,16.765353039275663,17.708782076085818,16.806123858212878
15.8692625805241,12.13358834349887,11.5929553282705,11.025732492644162,10.63812183374094,12.899702233402918,13.582531925354582,13.884759747866084,14.681392285395455,0.0,13.780985155409567,8.870794518889207,11.132043966275624,10.203159353012737,7.462294073685585,12.908333371997612,12.589479393319838,14.114877160718848,13.1386434132667,12.472365322227564,10.096096432326052,16.17392572257626,11.595537821588234,10.142760562094526,11.797173101730408,12.719117738648636,13.186453965887909,11.508849668849296,10.455670335472949,9.39914108782961,15.74093323864982,17.409758290191508,14.588524472147457,16.85736718864816,17.75350911196217,20.27779260072183,15.05731007977172,16.492500832666114,15.197765585447495,11.908637185610804,19.148665266909067,12.89614813145426,17.13382682676345,15.861916411801518,16.932361891346673,17.009268271739597,19.149950866346963,19.69634447494408,18.58379147947837,19.742270168688584,15.970131322359832,11.890046748332056,10.087804760926112,10.735921107785888,9.929502889352865,14.672519865733191,12.78058300225446,12.971082058844337,5.101589169578884,15.170337738561283,7.939384411545,14.158347543178644,13.681670795370655,11.840844875359345,14.10988813293032,9.294997630282282,17.04415271372679,13.034167038762098,12.848374758944246,12.899949037797162,9.108293951090538,10.679472787605546,11.794515130192076,9.892326609731782,10.080058864325872,8.633836419684885,10.011736592806894,8.544162231813536,14.37773793474498,18.95408520348432,13.410269945303064,16.163725626357618,12.921580043808609,14.193238730430764,11.279561122680771,12.374073066798228,14.072884450750747,14.190483457458638,17.61810415787664,14.52048883705937,13.45006384703445,14.925205401118008,12.768984344793456,14.084094293194,14.92783786764618,15.39640621567338,15.117833492416189,15.035678883749515,19.287370110400936,18.44646656838852
16.447145907727855,16.606372987559173,14.616326008821652,17.21776072156783,17.976655656040343,14.898786098056195,15.542268935993626,17.332571714268703,17.624420277995778,13.780985155409567,0.0,14.735377123350483,15.901465118376263,15.038244325357631,15.863639206622311,17.01209161730111,15.727177714153804,16.036901112644024,14.43385064742184,15.562388525200271,15.07318814123682,19.18845807436993,16.7928513515197,15.698626553396052,13.67265523623696,15.449040139805629,17.846264049090298,17.361433872869608,16.10232629385352,16.726821044418035,16.052143863395997,19.195798791393248,16.17377350365825,18.12618239104679,19.32651458901884,18.159799463392197,18.66604741130158,18.27061489142686,19.05917414555329,15.752245281614483,18.781692352824614,15.794344830140735,16.550560819811366,17.948633717726644,17.212495855676085,18.62994989477631,18.6881483437974,18.48200655162846,16.78520671292224,18.54947548414073,15.716197529345196,15.818256890962124,15.329909309528398,17.591207295667996,16.794514859131993,13.069284765337583,15.256887167134998,16.64633865407246,14.200931189435863,10.705863844409985,15.570819892152818,18.230833501213745,16.790078871826058,13.675128010133818,16.11026910276021,16.970521664302385,16.980437511888805,16.66480243373009,15.839769278826514,15.225100332802644,15.94578561287079,17.816506982384244,18.43232778566713,17.25127770168065,17.0931211478321,14.411523610120794,16.345134802273847,17.13005901551393,15.38698161896731,18.49779636426837,18.06174789920352,17.508308800878723,16.613417355749824,17.659927530798107,17.03803931569451,17.955449133571907,18.552647020085928,17.76596523403016,15.346802144164654,17.700933411803362,17.73701892808901,17.53499249161249,17.37762011042967,15.26041327556775,15.74827758661014,17.58691189548628,17.752764602991366,17.57283197383515,16.27631174149906,16.78038774189119
15.410827047061575,13.23307859619242,11.012374709587617,12.658528186111187,11.832112855102846,12.737157482679676,13.719418274092892,12.671071198286116,13.380707265963064,8.870794518889207,14.735377123350483,0.0,10.395404698245942,12.085799620216594,10.579939705291205,13.33824655895665,9.892002286654971,12.879497312313276,12.9616606582863,13.024770727864164,11.832698494207357,15.51517881274805,12.829595171315209,10.553171901725792,13.656026218026394,11.493202461869249,15.643619335618348,14.080520599962348,12.913340471329423,12.5402669339168,15.521518353956557,18.10587622740034,15.674577976016554,16.913534571312102,19.105737531857613,20.56786776581377,17.167971153694808,18.6508162180133,17.25666109668355,14.37295512664054,20.90709758010706,15.132556705741967,18.846164396047588,18.251450677005884,19.60553458316172,19.334041551526383,20.71505924563214,20.948568236203474,18.973634280758095,20.62893720796976,15.645746869938376,12.55820161930354,12.72989451449618,12.61413744860621,10.934786492110884,15.520160948641658,12.442453937701758,12.322030590470623,10.262549536895104,14.623884935750908,9.224916993092643,13.23445716686441,12.955882568512775,13.477645268245771,13.971574678531391,12.027062229386154,17.543014993193978,11.905222981392642,10.069915537029736,11.910879204002052,10.249165913963854,9.656899272737975,10.968632659089057,9.325604302803178,9.998590225442651,10.595412984917717,10.859130678753449,9.993331604880506,16.025124808920413,18.498267391807914,13.653809860277129,16.792329789678718,15.353285259206318,13.281382615243356,14.163285912457884,14.688006498334952,15.400473926501636,16.141995120132623,17.62420071202639,15.870475428444028,14.793987854239491,16.667191411699996,14.267070706234486,17.01803680085478,15.76749063002096,17.65821061098795,17.520124899547298,17.108577344642626,19.151603699189486,19.46280964549414
16.277592212803214,12.535021068519711,11.017568734705344,13.919754992462217,12.885104981457305,13.185950880979734,12.77768804734505,12.855754356736195,10.356547113146837,11.132043966275624,15.901465118376263,10.395404698245942,0.0,10.872085739263422,10.00304892933125,10.642879413026897,11.040033192045057,12.796251268171648,16.071525653594783,14.180230503540889,13.002745258200957,15.1113291909746,11.350382754890774,12.510274924887002,15.07913718171092,13.664415297363195,13.327905842702163,11.969612014597375,12.53731696057914,11.222854204809138,15.447609201300176,15.315356843279382,15.205841456460243,13.535725921322127,15.594807788888817,18.07717036559945,13.944643388340957,15.537362768050738,14.679480757153874,14.317997278151212,17.854825185902147,12.586012640858913,16.865095257950887,15.507553087899726,17.32620126266035,17.4918831979757,18.420184678200645,19.36266618240434,17.663898473420456,18.652274002876343,15.331327459227577,13.015638676688686,11.259389688384209,13.226899442278643,11.143708542009334,14.424327888428408,13.032695362043691,10.146559232688755,11.907133399228524,17.025965947231548,10.15262705005647,8.660958877025204,11.483680888022292,9.689226622110288,12.53312592713459,9.001795654232106,15.829085765546877,11.443870128752204,10.07767896430479,11.982835205383845,10.426912983027853,9.838210453262544,9.571925061323157,12.938553802391464,12.909984303599824,12.648578757614132,10.872591597630292,9.25415195831956,14.886647733083889,15.61157921498328,11.453539879488776,14.033791747353318,13.187768599301018,9.534053774464544,11.319087396190248,11.702583328948306,13.098950412624202,13.621846007614815,15.94771951823373,13.962554906702568,14.884574832442512,14.34750308122543,13.254679589364375,14.931904493739514,12.382438319015726,14.216827045800972,15.0264538376509,14.270239652977423,18.59524156139436,17.316902263826584
17.177988010984095,13.672213087468236,14.02710436174744,14.46961599168015,12.00648287800614,14.787411752768683,14.20881543616504,14.955759612084666,14.19842697103898,10.203159353012737,15.038244325357631,12.085799620216594,10.872085739263422,0.0,8.22418732750916,13.24302525074547,13.42398598635495,14.934291503886069,12.294522819650195,13.729370496101112,11.734541290703127,17.39047191513602,11.60648402438646,13.614408848882698,15.881854985609332,14.722632070251406,12.24673298115201,10.669439876344786,9.591777073532684,9.64178564321789,14.961787606137523,17.047895468262144,15.62153807503994,14.323981482975553,15.68153114211028,17.93724797615204,12.413281595301896,14.458540003814797,14.21115436631626,13.875297906401745,16.5984602242781,11.94992750337248,15.6048385404127,14.37565574577062,15.174695884239034,15.199485469525744,17.625818787645645,17.402354819211837,17.718400303572086,17.660644597356125,15.969447821027202,13.626284379907087,11.87835356924186,13.070337412081376,10.552098092026498,15.830036631762724,14.754344000754228,13.84572471295657,10.55629505260174,16.264984036984167,10.136085152973786,13.113754157635398,13.063127308381135,10.799412140334612,12.873093513649405,8.891996293813765,17.682272532167456,13.734102036229284,13.940802233811336,13.996177989311832,11.42869646204726,11.98156198110136,11.137473472617248,14.05343704423518,13.705135566804392,12.17850662723793,9.74190114453029,8.976199043809942,12.838848585287725,16.04407977706552,13.802377246843388,14.921788924982682,12.490682774427226,14.343362784776806,11.554297480588554,11.47655097303615,11.81112270838996,13.240464262149862,16.592896251440678,15.25044476794913,14.056066727078075,12.762068770607268,12.862417147433227,13.505178600165086,14.184495587211243,13.822260503908309,14.695093201257292,13.878528590325171,18.575976383390547,17.306865274087816
15.9387255632466,12.733762630008703,11.982295923617675,12.903106727007428,10.849315140031674,13.618033415333503,12.503656999530069,13.589899709718797,13.55149290490002,7.462294073685585,15.863639206622311,10.579939705291205,10.00304892933125,8.22418732750916,0.0,12.925041979425435,13.901822407489458,13.481091375107466,13.844107649702336,11.995700487058183,8.30663799404987,16.453406193964724,9.401208812614092,11.760422944528791,14.420216485319266,14.507578792064,11.732657171149466,10.214673078388016,9.214339927508496,7.551908723041949,15.311155311931325,17.34536703342834,15.501130220192808,15.906310642062392,16.445532060957508,19.050111661925488,13.52154849198082,15.820583957921516,14.554359184891238,12.54067462784403,18.14997165128053,12.479642101139929,16.391516894834968,14.193103368818278,16.13253349832981,16.169643149864676,18.965497888267706,18.603940133880144,17.726625110911236,18.978774791493493,15.831653937694018,12.71038267529442,11.587886260002866,12.276154294039696,9.906169413844264,14.218438933988413,12.441180694838131,12.136610033120787,9.068855159378987,17.131560735369977,7.220169032687504,12.402378392919523,13.83834616607762,11.896064649445048,13.752121005048927,6.40166587962217,17.108027349386443,13.432096304356207,13.698134780232024,11.671014783734178,7.933614410721764,9.37920599670188,10.382759094008131,11.874055518907973,10.979627434091544,11.03237014627198,8.346373946421856,6.007505542168594,14.146517667202216,18.027811394602058,14.183404457967312,16.306766313149016,12.518832998208389,13.948168406995071,11.47617492210494,12.146075046887873,12.899164216779544,14.053448559214916,16.315922268018575,15.473607417987354,12.54437350679138,13.671039647876198,13.34262349410778,12.227902279708797,14.574379957201751,14.416276045526008,15.437017363646468,14.995769343916097,18.36324168130812,18.26694567158429
16.712960104520867,10.779153354918936,12.871684484320106,11.807248606916277,12.456150225753682,15.34352409032034,12.197515644825035,12.497797730273666,13.27174047951651,12.908333371997612,17.01209161730111,13.33824655895665,10.642879413026897,13.24302525074547,12.925041979425435,0.0,12.719039661274412,12.357316913077629,15.61689264385804,14.734062912085331,15.17910639636113,13.846860193565036,11.700351374991916,13.71079714380168,15.88049939461064,14.012697397757664,13.142189549642543,13.62025188612112,12.58569765726666,12.865406708251674,14.834806086187614,13.289148430876851,14.786439770404495,9.552372763357296,13.29921505985312,17.538761203822748,14.26004678752384,16.025913439306006,14.38578201367242,12.662687162972029,15.807426932340377,13.299064839583677,16.449632354716993,16.74888088086469,17.49047758272983,16.6533776720624,16.174125388892826,17.8490896021855,17.632868747648185,18.26817765925318,17.06182859914755,11.473213252084124,9.786316800586006,10.94097308348552,11.993044053587086,16.851795042012913,12.485780511485638,11.489416616847764,13.018600710566956,17.45065629601323,12.076804967785336,13.238141942502663,15.205173995089703,14.025670788046288,16.38575835398057,12.904809661570924,13.421206028927251,13.135829973644311,11.279760615169977,12.47874337802154,12.518335620362462,11.178545066390065,11.401066125790946,13.445083321433778,14.562104916306884,14.149447027959754,13.241793011588175,12.268191357960443,15.966687515379398,15.86924969163022,11.736836849282591,13.042946660588466,13.967255392547456,10.73428305314633,12.000674978360248,11.860062954163222,13.564223328954832,14.054607785303,15.232310036395294,13.676922375568225,16.22416950036984,15.724868235257675,15.976984325598831,17.110415863092246,13.255537047470172,15.731098534090105,14.961767667180986,13.291893174560885,18.25332200156961,17.32441035149131
17.1781497640174,15.997549090178802,15.179316831642774,15.123368155362307,15.051554967643522,14.069205396972668,15.31400496041529,15.912421668673096,15.02849991190488,12.589479393319838,15.727177714153804,9.892002286654971,11.040033192045057,13.42398598635495,13.901822407489458,12.719039661274412,0.0,13.26441294041667,14.495821858214343,15.48575910843444,14.29928909445672,14.067171573315065,12.955214812151493,9.446474547960966,14.70527912027772,12.52719749667971,14.809183374980597,14.256848505341765,13.06527533484756,14.533771723028051,15.723689823118416,15.414909017087968,15.735363620463811,13.8023829982181,16.71354302668369,19.85047474601744,15.872415914598664,17.56947712624569,16.310050962648493,14.216254447444928,19.42541179621797,14.97199619352829,18.21415891639958,18.7126583235277,19.536294765531554,19.19144271229588,19.68564973382341,20.170538937924068,19.391894105529577,20.20669764395672,16.211456500800423,16.48579413653263,14.561414137260629,15.13390491414407,14.520223808478422,17.700787069699004,16.4631412612632,15.339516621973392,13.098708424509416,15.742155853955396,12.82909820614971,13.056371181690205,14.002860296745297,13.904897563409952,15.248478164087818,13.532882556752966,19.059765604210533,10.719628343969898,8.413331450058106,13.16527529339744,12.427292046788091,11.118286496189832,10.97562930086342,13.791170838004076,10.685712708888792,12.243560828864066,13.26252016334757,12.394882393619184,16.65300208513595,16.706262415815644,12.192989235086996,15.72417302750967,16.10906953642879,11.666137538744678,14.4934082317711,15.249564708422502,14.431410359102156,15.564231436585937,18.726204071280694,17.066281670282873,14.445378152705937,16.788107124187835,15.9360956576164,17.99797975549421,15.784162183972764,17.666158736103608,17.860073151784448,16.10063548768113,20.33902223866925,19.174249668414426
13.408274966276087,13.49079743303126,12.63446430179115,13.605568594152336,15.139167875500627,14.205050168799534,12.42896846057079,12.650873922673435,12.031247505531312,14.114877160718848,16.036901112644024,12.879497312313276,12.796251268171648,14.934291503886069,13.481091375107466,12.357316913077629,13.26441294041667,0.0,14.735545488155651,10.302852597831055,11.957192909126755,12.384998537848038,10.219684630092038,14.003223392538027,13.563720410942912,14.696472649488356,14.471215329805217,16.005400997548982,13.643876221036528,15.711701375778366,17.346349613929185,17.095250530905922,12.59221246678961,13.042793919241529,15.402168149395555,17.062022918605393,17.331510986780554,18.683644838860403,15.825527531701267,15.482475194537848,19.100527228822383,16.378736819099448,18.417573760895472,17.717781149378357,18.4343818081554,18.93951794477692,18.861126121994676,17.87889377332646,16.732670652244007,19.59645742977467,14.451639507297235,13.15245141426904,13.34075486412632,14.510463697949028,14.613133332232136,15.250010829158947,11.864330931148904,12.925113136983285,14.291629986961151,15.57781449160339,14.201971104300393,14.137289969395196,14.11583981878968,13.12253576932469,12.48399744250098,13.38852341160661,16.311590241780277,13.128567382372704,9.741524120533631,7.543041364383415,9.830142025970869,12.454386218505167,11.23911041506044,13.61227136657016,14.02423819492458,14.257075607673595,13.9323099457147,13.7520063309265,17.54307940882063,18.786159864328443,15.40148643867725,18.08757719506496,16.803018719473684,13.81483483242258,14.877742128722822,16.70074979213183,16.707123097238558,18.27451619736041,14.98594541522945,17.621011178471697,14.485034861745856,15.766020305933784,17.644010009884582,16.97421386021231,16.484963061213207,17.979537518610375,17.758633835501982,16.973533640152088,17.971605139914093,19.39675473722456
15.49337774409815,14.082537389487232,15.387769341392024,14.010017987770672,12.88442271838644,15.988602801259455,16.128867269060642,14.582559963084158,16.48069574051494,13.1386434132667,14.43385064742184,12.9616606582863,16.071525653594783,12.294522819650195,13.844107649702336,15.61689264385804,14.495821858214343,14.735545488155651,0.0,13.968016001915856,14.85599541118408,16.743290199205486,15.322936830590317,15.00371090059605,14.933157097264704,14.753483319963026,16.702257835517987,15.669078718784853,14.387796573022683,14.612395667734296,15.203370208816027,17.9871962670186,15.395279285716605,16.001032152445607,18.27485189977685,19.734417064542207,17.707498803074124,17.679514656764646,17.220283406254246,14.534907803665437,17.937512028259558,16.43948564369548,15.778841097527518,18.589810977426808,17.105148057493402,17.25685201840904,17.60161795622719,18.565651736448583,19.545452949252702,18.920211906574227,15.68611008738353,12.974154475477045,13.964747979787008,13.936619787730136,12.998016276000348,17.804469221582245,14.969517417756627,15.096079993709004,13.631531831677076,13.609203161298318,14.740089828836368,16.19791157918348,14.70996406160295,15.79856576001942,15.469362587874643,15.154321371547717,17.512072483758857,15.852460881856963,14.548142049353386,15.467042346605549,14.266580126618582,14.432592334656324,14.26186003555833,13.946296418904272,14.799686862468592,13.70186146104786,12.761080884748685,14.491865628159635,14.125237451956773,17.908707882109407,16.139340947942273,16.332960521064393,14.442972650388285,16.799425848231273,15.528278797895991,14.635077327272777,16.71986646390789,15.994108849152852,17.541531073580302,15.673545523374887,15.429170088910595,16.62697089130552,14.826494427815083,16.246756565071507,15.464012161293498,17.793554444092937,16.014865961893324,17.1433686342188,19.25442858760225,17.768649295925513
11.075389618845769,13.895451213909686,13.755923907568866,13.78695739444938,13.040370511429876,12.841411957347294,14.237947906611314,14.386742355107964,13.355109066841464,12.472365322227564,15.562388525200271,13.024770727864164,14.180230503540889,13.729370496101112,11.995700487058183,14.734062912085331,15.48575910843444,10.302852597831055,13.968016001915856,0.0,11.10545519329328,15.826571112887676,11.193645462907469,14.040629928530286,12.011489387734196,14.908723092169298,12.945753800708136,13.595174315205515,11.177338166816808,13.809404846528158,16.3120178318766,17.056445060122105,13.64744031102222,15.432183075785352,17.147205849560503,17.327130062911746,15.885719268825206,17.150637106788054,14.823178842547392,15.00184943287013,18.22446396053284,15.688170027633928,17.35657950873704,16.436663889214607,16.477080194867444,17.48274560175676,18.066746956368377,17.525180644703543,15.947461278480498,18.68152025575574,12.499617934506828,13.162463079066653,12.784151725188988,13.43892656882146,13.048594969982975,14.75340500355111,14.187140559006457,15.433227145507573,12.424027008187682,15.989636074317572,13.682338691425636,14.923574773212616,12.701127433230129,13.925309498855771,14.311039459234951,13.130020399618994,16.87034090966398,15.005458498413372,12.563754432618314,12.540342007339426,9.57503738754176,14.210348209363897,12.683896397337447,12.931003874433154,14.545016232419446,12.403519827039329,11.461545441935035,11.822171321204609,14.833361664367354,18.106364689872382,15.01920561584036,17.398440600662344,14.916431456637316,16.70053498833239,13.884989000587998,15.40099292392656,15.870375418681702,16.579667026908023,14.552484587678077,15.989758241408934,11.6316776656349,12.81041112106102,14.872855552006014,13.926200551821424,17.121866490030694,16.42532166165788,16.502492253609034,15.549664376927415,17.301682851884387,18.021271006938605
14.616954890841148,14.653708823326827,13.02340872522482,14.399580511283697,13.19354705120472,14.10484723983526,12.4912147291889,14.103521618376124,14.911512224602996,10.096096432326052,15.07318814123682,11.832698494207357,13.002745258200957,11.734541290703127,8.30663799404987,15.17910639636113,14.29928909445672,11.957192909126755,14.85599541118408,11.10545519329328,0.0,16.604613662739364,11.111627954542298,12.151245479755156,11.793047602376776,15.53526698669602,14.000773916122496,14.023798455426062,10.55580598046281,12.717918010273108,17.53575582115051,18.820067600497875,15.75014468086305,16.831317189101963,18.07544816768076,19.26974058162101,16.097256000039106,17.70851143861964,16.400706341227743,15.35036471604503,20.02034613135349,15.730949425755195,18.06913013693741,16.369196920201382,17.553002768525005,18.611746688557577,20.527396951490687,18.620626530482543,17.423949214083486,20.240608726809423,14.531392651376878,14.488836067530684,13.003948611562354,14.850260596161666,13.512090086903676,14.227452182673666,12.282190934992013,14.6705492235927,11.020474628063228,15.325666063856302,10.562247479120826,14.86652103871984,15.121614517480827,13.089486006555012,12.83812250220509,10.80864363344152,19.032280986759503,14.82909901401047,13.903671033272714,10.665784225503469,9.172210539844334,12.63232832921507,12.596078951456134,13.022946279187432,11.918006130736424,12.002829431401548,11.590053187554783,10.381227806641975,16.08365438251713,19.48434343383793,15.945630790342364,18.726695261889112,15.638637128389115,16.848161055263287,14.180021306814677,16.423330175793442,15.646569164016029,17.524826300838804,18.04682788993737,18.551073464313102,12.493959023433929,14.288296083715135,15.556084320077648,13.871648473448616,17.949289541645413,16.937776628654422,18.0185300251098,17.372561637741114,18.03545562598524,20.01031593772325
