Var0,Var1,Var2,Var3,Var4,Var5,Var6,Var7,Var8,Var9,Var10,Var11,Var12,Var13,Var14,Var15,Var16,Var17,Var18,Var19,Var20,Var21,Var22,Var23,Var24,Var25,Var26,Var27,Var28,Var29,Var30,Var31,Var32,Var33,Var34,Var35,Var36,Var37,Var38,Var39,Var40,Var41,Var42,Var43,Var44,Var45,Var46,Var47,Var48,Var49,Var50,Var51,Var52,Var53,Var54,Var55,Var56,Var57,Var58,Var59,Var60,Var61,Var62,Var63,Var64,Var65,Var66,Var67,Var68,Var69,Var70,Var71,Var72,Var73,Var74,Var75,Var76,Var77,Var78,Var79,Var80,Var81,Var82,Var83,Var84,Var85,Var86,Var87,Var88,Var89,Var90,Var91,Var92,Var93,Var94,Var95,Var96,Var97,Var98,Var99
0.0,18.28460948790215,16.471837237334462,18.42387015466504,18.517112088279355,14.500102797732332,19.367653239705277,18.668139915576727,18.128194961997675,17.560067151312403,21.29012991226096,18.32264747386517,21.509560136521824,20.70186742048732,18.811165650528277,18.7763703321079,21.194574841178618,19.195787976503112,21.707634715528936,18.43793736007661,19.55361038497456,21.484589368775165,19.62767547069944,21.92477918556519,17.041329018737382,18.3992921604139,19.188320334437854,20.000250976244068,17.719910328697214,20.25925817023192,18.730164539828213,21.495920824874386,18.752945183464227,19.55614844055304,20.119450648271805,16.912279867030268,19.238033983710228,21.460882159771064,20.075611331164342,20.85698924273648,18.999964321995943,20.356498040866388,22.114470375275683,18.96340742128026,20.408346043153387,19.017032347648232,19.71614388406212,16.321763195917516,14.93297104433684,17.59251651836503,15.892691559236509,17.23690310865373,18.90551488243033,18.926206603649373,16.875043048999842,14.178280757398577,18.292570741374675,18.032542506406763,16.566052432463998,18.13165086904107,17.777809315282077,21.70808350887039,19.032201156653336,19.05679244924504,18.744134759393138,19.89245876522165,18.289007674943196,19.06063386244915,18.73503439214261,18.22507804167574,20.0399098354308,19.976930305008164,19.504100793783135,20.54744178881026,20.028860024051838,17.4688051660616,19.7914060006062,20.06255031332145,18.81033737553207,19.844789988239725,21.448580572646826,18.104550382724145,18.97611324423226,18.236940890402696,18.283848295451094,19.210213161911877,18.569303593513187,20.72830845237443,17.256968535360123,21.30901899087673,17.606644069888564,16.972446870740377,19.35437683121193,21.01638290087726,19.041336599212908,18.66713725100168,18.16155798074427,16.982648923591956,15.426064868457717,17.36762214005991
18.28460948790215,0.0,8.220933336747123,6.369054877334646,9.184371761666746,14.36391184942532,10.728686766210682,8.258393933772888,9.691552627790374,16.858557915816345,23.35713172425469,18.29724986987192,18.15270754833859,16.468835048672506,16.01426942690885,6.692447858600658,16.554747738226137,8.212173643812868,15.029056219372436,11.805050955160567,11.59481219288269,17.80095429712178,13.098931000286614,20.16128291586105,20.96286445984952,20.65036008449076,12.035003517888589,18.33248144179352,15.330927601001866,15.699254047670012,21.56822848537865,16.86387705813068,17.134930526297612,13.615007419292278,13.17401319457974,16.05356229350882,14.791561320838444,18.47782869482929,16.377687433217147,16.569686846489496,17.09909371634457,21.35482931379426,18.195731658509384,18.79576580308906,13.075783496668627,13.009861768365187,14.504001197082424,17.627011853542196,16.969672693206977,14.082270609524818,15.161836084149847,6.249590311488883,9.153763376659253,7.544927302322818,8.594928864686578,13.426838323837998,8.316692148105904,9.69453198891259,17.03090992786752,20.392057703696864,17.991760036316467,20.177712123930178,15.413238906645477,16.690201849644634,13.140326618984773,15.738248264266431,13.195557358914217,15.398813116328204,14.250178290793846,9.968737380676377,14.258363415833449,18.066497592854738,13.65348058992809,16.355228864315812,18.511624976146848,19.131106452949627,15.084473345454612,16.270713947815732,19.779675825753536,14.92943575913824,18.95824389928107,15.59289171083225,11.741731235992376,12.902133358885877,11.37621589435389,16.42618299401611,15.89525683088686,19.413442629804244,13.941922500034291,19.46866911491835,13.949761462423591,15.933543027487186,16.09989139176028,17.686265762853218,15.56284924565244,18.92660423901086,12.305626511858003,15.745726466186095,17.90257688322445,13.153742615188296
16.471837237334462,8.220933336747123,0.0,10.905618705357757,9.292662004261793,10.2621530132183,12.815214576472972,9.439542185626047,9.07212385025223,15.762850366330117,22.3295967045327,16.479798437287236,17.848506853042228,16.51800896031585,14.3904581262548,9.885541749452225,16.31830959909328,10.200812741594635,16.917140894938548,12.774474584363556,12.93133296242419,17.85672539727633,14.31985524223298,19.23358885056992,19.34734733025809,18.823643817400225,12.854707864448672,16.551844208019663,13.482228030898703,15.10551867164983,21.115509611305264,16.902197570823656,18.33410831073834,14.521648242210908,14.586184381063823,15.116959217896984,14.432739713887338,18.600326729314443,16.997585451577585,16.01057688089037,17.325011395991318,20.70036935054995,18.496013579177333,17.588980018116832,15.38146477752351,13.371592052194313,17.252511829406803,17.666088308067685,14.5889775880297,14.08352968942311,13.370040045371733,8.263978788611457,11.640625010973311,11.40755317322506,7.695405295433392,9.31082970797417,9.9538349566309,9.461748785183898,15.157629766407862,18.665216063769687,16.290623214477417,19.71938891299411,13.94556338593091,16.424507704311587,12.45880398954902,15.12050301352797,12.54793265149194,14.594006365387008,14.18063278871598,10.585512777299703,14.533433160409382,15.84727200369282,12.720701157093991,16.025103590828337,16.23923912150245,16.27041511123688,14.108130600731153,14.71687669652766,19.646934050379635,14.32554283301386,17.923737916618514,15.098250485043476,13.490801092061178,13.573330057365013,13.204990193163605,17.19077318745582,14.728740158087314,17.888504754988116,13.287563575069148,18.967409819623857,13.072783909462585,14.110853433793064,15.65136139316916,16.794110222823193,14.734041254255391,17.55365989396013,12.85894283111705,16.730329150907853,16.227326036084577,13.283071068123856
18.42387015466504,6.369054877334646,10.905618705357757,0.0,10.24115739156985,15.69912452062043,10.89690475020011,8.144792805707187,9.948083554799306,16.788209101938783,23.6221770087844,18.75711360632524,18.75675804240029,17.9705143728839,17.63227857349177,7.64201425957198,17.306771551530073,10.22578857481418,15.796791603951393,14.116316111038856,13.3786758235959,18.89531958425255,14.8296267849814,21.43872011776428,21.17112261202147,20.52841727751916,12.192623843529994,19.54314439495576,17.500739257303607,17.537155421434978,22.106312586470924,17.807856776248364,16.859310281136946,14.718024699530648,13.384177306370294,17.068954040248066,16.21042798189793,19.166759615770424,16.285558560457048,17.172736100974348,18.75100619813404,22.20624975035941,19.3018987762349,20.124532007911025,13.2525433979679,13.457566189755054,15.74219691507246,18.307744908114746,18.657455442035157,16.013184037033504,16.532505084168566,8.007150685263014,8.702007702771574,5.49504205545353,10.270474889912478,14.737827783976872,8.07479940986332,9.584423092677886,16.81340639267714,20.985416781270256,18.27247952334646,20.5323487773908,16.855457313556098,17.359351948550792,15.069075753880789,17.68240015833788,14.413191211010773,16.096305440256426,15.09991896965552,10.831202387531848,15.281510134370246,19.363129528794342,15.56070546128879,16.911942684999797,19.55633091959916,19.34067208928329,16.781190691552126,18.080804888390464,20.39263391804264,16.641929999276723,20.191150976438983,16.805467825034178,11.514586842866208,12.946976795797571,10.233765331732789,16.752251647680414,17.18204502324611,20.5931826393491,15.927098488249332,20.568480158419288,14.58922751660281,16.77691990259071,16.345511370079326,19.0303174515676,17.19467434010161,20.357817942266077,12.599052770116504,15.750740503242117,19.29778638260272,15.189959747932186
18.517112088279355,9.184371761666746,9.292662004261793,10.24115739156985,0.0,13.342391931928963,14.224827270319263,12.202975851238168,10.02303489303736,18.288299936455765,22.483946579089704,18.09867282500369,18.883830573684925,16.63725291365831,16.260616443950113,11.39127078513283,16.97795480356221,12.99568150389781,16.867266426141107,13.856011361373778,14.610452034223982,18.48339098147447,15.629448195797265,19.72676498049204,20.729760781205396,19.39579523522248,12.458947543823294,17.549621079173104,15.752185053947423,15.703794422588128,20.374092202133465,18.583681553475326,18.98654006798188,15.456478365410266,15.007448929843877,16.543085769964968,14.719309804223276,19.077801444832755,17.811163655699357,16.972194204173185,19.4719833536145,21.295101938829568,19.69906133858339,18.36777098136881,14.699069042854282,13.10415835854804,17.336344718294548,19.27684973989683,17.159237493420225,15.288781733145225,14.74871459141992,11.070030134261769,10.901158677611797,9.88694927411701,8.970092316695325,12.747143513648911,12.164042350653723,11.080078234521045,17.038812416397345,20.795120274149543,18.088795857401347,20.17007022906033,15.55900173081237,16.253326393641533,13.262200745539204,16.562379887846653,15.628894200178362,15.264709485160406,15.459697732432144,12.73921465314968,15.228132347958198,17.643527032961213,14.24666255964364,17.28170602982808,18.424522226823505,18.65223690965604,15.137036363407637,16.214967132554033,19.29575440927435,16.172696644351902,18.7021853676012,16.684451616820297,14.188034216245468,14.743659509891712,11.9459855342266,16.620584831896583,15.906363120125988,18.55247484159593,15.022314735033223,19.29232903485256,12.89847099950088,15.386309174871492,16.31383002764035,18.062113297714063,16.587411505234765,18.09053422703095,12.165107569722894,17.179127864021897,18.806564188464662,14.295578007453406
14.500102797732332,14.36391184942532,10.2621530132183,15.69912452062043,13.342391931928963,0.0,17.711087086950492,13.86542640275862,11.649233842440736,16.027343522722756,20.98185679280329,15.88307531906564,18.19394453622981,17.616130217532177,16.501840570848163,15.475944796763324,19.64888521669097,15.8041608665213,20.288929364278868,16.384823946331487,16.718537825116915,20.853883128426016,17.795866608729217,21.649526868130216,17.836146798936355,16.741471649733985,15.79020635014242,17.722872956231463,16.08063610569922,18.2799417349434,20.329433163079607,19.40849809585557,20.303399133495407,18.106700776762448,18.11474330702601,14.83294009787522,17.080980975923193,20.56654418246744,19.95964932390805,19.005857764880783,20.18862698867325,20.74102348615626,21.2873663191226,18.58989046523434,18.454251901670844,17.33019806587727,21.1043386302545,18.40719107636836,13.90925110667626,16.625406933013835,14.32940791445976,14.014826244749427,16.12146875065856,15.239934317310146,9.485100103718407,6.477159671125581,14.667535011597543,11.60783160709224,15.597210152562107,17.235498019100923,15.332369074363102,18.91766359870908,14.13881506420348,17.551378122436013,15.719917565436443,18.024022968783388,16.629859073491286,16.557662393053718,17.079938515265486,14.43813284609152,18.46162285454932,17.648489898688588,16.20696938171224,19.601611052048828,17.246424963112556,15.922181120762437,16.698838670170886,17.694968976390285,20.04863213304136,17.705145437418604,19.99450756867921,18.05404024998681,17.33112782569083,16.810955206826332,15.738268907117224,18.871383538140478,16.535268178935336,18.869203258211066,15.35903094420819,20.94053008189162,15.79676664661326,15.891528203687878,18.03446794536833,19.257952647992923,18.06847549129129,18.88731650505857,16.69437991205287,17.592607722200786,15.579698265248917,16.263025063406836
19.367653239705277,10.728686766210682,12.815214576472972,10.89690475020011,14.224827270319263,17.711087086950492,0.0,10.958705536653037,13.395840465162518,14.43788874555985,21.19460444327242,17.129647724606563,16.989874818979565,16.13504371731592,14.679444063631626,9.970632518950175,14.434082186912356,10.828573595161812,13.424448297312166,13.192698194072957,10.245069177160405,14.115126996690064,12.646670633530707,17.331048347657163,18.492862901449385,20.25716118269285,12.93452414152542,16.32603586557134,14.137448462068823,13.928364499079354,22.52873542610754,15.195173048509918,14.993326956397432,13.612641061721732,12.62469121757906,17.83145634549373,14.7550818165356,16.26642983869064,13.265919238868593,10.448021029063964,14.96566447867822,18.72817796245123,14.812447241032904,18.305367502379926,14.03734246810004,12.679821336120032,14.577844354485924,17.36414537037535,18.57450653226949,15.798332270955862,17.57608915666292,10.485153255693564,11.641143686341763,11.792612387080476,13.833744738599997,16.739003063990886,10.65439164805328,13.266639206058708,15.361432588983678,18.399933235810675,17.505513716953597,18.856180283021853,16.173575404831485,16.502873869446912,13.835052857101122,13.664120994139957,9.616650187292167,14.540058815113971,15.065345524755784,12.963165764451407,12.43629339753703,15.786365353847922,12.96949389452588,11.48634617579955,15.40091820077159,17.67163552667434,13.986334101729204,13.919514940601893,20.29793937524499,14.412842740142006,17.21267679689492,14.914472197928234,12.59207744215722,13.057164324942866,13.240574528449288,15.77088808291962,16.068974867647828,17.670890898095116,15.544687907509044,17.449268513025878,15.71610724782233,15.187929484509963,14.481398096853027,17.54583405202808,15.5139389251816,18.36349977790695,13.06928043843782,16.989970733326892,18.946538368319963,15.583991046393733
18.668139915576727,8.258393933772888,9.439542185626047,8.144792805707187,12.202975851238168,13.86542640275862,10.958705536653037,0.0,9.154538785176694,16.106565947564782,22.43685265399078,18.441963202503665,18.17859266249996,18.027395001282844,15.881065589568529,9.110251177763327,16.3947010583616,7.963439498111223,16.061519983787075,14.231403099083794,12.269016684814163,17.948155193540934,14.847200632843643,19.48432591645244,20.626524171652758,19.821574115403845,13.815546780589344,18.201898267588795,15.81001457930402,17.655209647696296,22.10336352995037,15.918400162352226,17.676446182203485,14.92785427857583,14.151380027048756,17.944305660885142,16.815458358662962,17.90104921921715,16.096536026067653,15.75666893741816,17.36087906707657,20.623292780133667,17.836924620701645,19.72815904625396,14.99747527547005,15.26832893447314,17.089257099771082,18.9514567792208,18.57834371519607,17.210081181972075,16.290742125928325,9.139517583246333,11.188290324344392,10.07637713733547,10.815578283269256,13.959001457624447,6.912554995170377,7.388961857980626,16.043053353195297,19.523595951237475,18.52343238399009,20.114769861504385,16.069820228356622,17.60173428217019,13.676421348397149,16.310927896633604,12.68409457009334,15.650611718595757,15.32360064207674,10.568726970074843,14.321131758416591,17.677897335453988,14.867716176331532,16.088830535808434,17.510939788543556,17.86243033768222,15.568898329634868,16.424459065229087,19.967240836166926,14.20822460686287,18.656048991694444,16.661268525647436,11.433376285511663,13.336196744806808,13.714654458719464,18.225757700420008,17.279597799640634,19.25083631792125,16.220362853222557,19.380066114736984,15.23438004216474,15.770598660014793,16.177389024362814,16.911923348356964,15.474798331133863,19.84267726614617,15.087662947354705,17.900853752996024,19.491946418154416,16.637128134094215
18.128194961997675,9.691552627790374,9.07212385025223,9.948083554799306,10.02303489303736,11.649233842440736,13.395840465162518,9.154538785176694,0.0,15.274961578348291,21.94103190976478,16.981626561298153,17.207210683547174,17.854286209264384,15.313850143655504,9.749516668200252,15.855636848189109,10.647974372314218,16.494874954537966,14.716305616119833,13.21147740520357,18.414211615878468,14.09959409887662,20.08243171507201,19.90514264894058,19.286084193840225,13.781192378259757,17.30654759206052,15.527938318941716,16.519577499348667,22.97350142316082,17.769859100145045,17.510252902898827,13.31714613741375,13.671783937135572,14.899822419773484,14.753436853094502,18.646650807696503,16.01794403096736,16.37674735264676,18.01531338019611,20.875270234057943,18.714059730254142,20.833188455076076,13.757760901684223,14.566578139989034,18.44226273429966,18.35060907907528,16.697617522821584,15.977371938761395,16.873931852186864,10.35651140749034,12.167337136534194,10.900281414380125,7.147822781226236,11.347048501997731,10.098615978234816,6.404666862103513,14.2921871865685,18.819800860290226,16.67518983342139,20.071750968330967,13.84755865757852,16.04617689841665,14.128768472922449,16.006294024478375,14.330873267614042,14.395000070938044,14.080986829442413,9.82125099163734,14.636651388636162,16.7194578778617,14.050254919425145,17.671981660062322,17.454698344222454,17.120102401522733,15.603210599807856,16.25360117525446,21.26166530317488,16.726699776413273,17.97818660298879,15.267795103007868,12.034534433087268,12.855013353044228,12.441794277929016,16.510110895057966,15.079078946966009,18.73376975075969,14.456232876868562,19.74303927363787,14.07600227691874,16.207398740610792,15.891169662831786,18.24862269676075,16.006160979297732,20.95525964569718,13.763859776928342,16.61744665122267,18.18024811187747,15.440370126345009
17.560067151312403,16.858557915816345,15.762850366330117,16.788209101938783,18.288299936455765,16.027343522722756,14.43788874555985,16.106565947564782,15.274961578348291,0.0,15.44719209328395,10.43575732128268,13.130480999043874,17.756080839625643,12.661790219219917,16.311674238012287,16.685047572424228,17.297978313422536,17.948615914019104,17.849880682318723,14.69796539716594,16.534424851120676,15.929365659743796,18.712924489065927,13.233513042638378,14.77025814125948,16.28675656101701,14.328238917773442,15.941874464691775,16.28121173285984,22.933682679040576,17.88271696806929,17.199278698593414,16.40451410764014,15.54439634095442,16.949286201040717,16.148696324359978,19.030547621333763,15.897881211762988,14.039262392183147,16.683116758981605,18.12098210651372,16.753197728396387,18.5700229936959,17.512096942600184,15.026580150780712,19.00260352412949,16.761250254762746,17.11972735390045,18.06621703321774,18.93019900190297,15.272530920306483,17.441529224227217,17.291797181256538,16.029724407123435,14.81444497189637,16.187135926584954,15.846543417296974,8.506150481133192,11.06765964080236,9.773867462033303,15.366069178904684,12.348863209054356,17.146305200288605,16.2746194533836,13.082611493495111,14.222019870952517,15.173422602200365,17.303851373534304,16.440785277270532,15.12754279487703,15.709757283651726,15.247529896798316,16.29479601714597,12.325173125203568,12.268969417124286,16.07192521160077,14.843199403842677,21.71766737605068,17.309740007935247,18.097001416064376,15.67808375536652,16.310468149478016,15.71431687774986,16.109560747907146,16.303374829591153,14.903364257319808,16.467197156720044,17.149097539159342,18.087113562811187,18.018984265216304,13.2317455110354,17.171726142828682,18.19353193338524,16.67385996025256,19.675416520391877,16.078581937408757,16.613382949503077,17.7461227460368,18.19980088054096
21.29012991226096,23.35713172425469,22.3295967045327,23.6221770087844,22.483946579089704,20.98185679280329,21.19460444327242,22.43685265399078,21.94103190976478,15.44719209328395,0.0,13.76616389286362,16.60841742184855,17.889280253200372,16.550870273471592,23.20348216315096,19.349142508877872,23.44951484902523,19.013832960698423,22.168869712066023,19.731169183411325,17.779873887747513,21.612576286235008,16.10392221663024,14.214395854346993,14.839638408770552,21.974414886241863,16.878379485072458,20.422962828772143,18.57628454815127,20.154193010182265,19.61885075003104,21.166956269060176,21.812227784297917,22.272533700423583,21.5948182479616,19.90387855797909,18.86460863252107,20.09126465840128,17.935368561518565,19.340000759800056,16.457748308322348,18.112762669167303,19.137546147294707,22.74018046977365,20.36712907269396,21.421900806826923,21.318120061338664,20.84338428652692,21.96838393924958,21.46587492345468,22.244489298421744,23.013012335210128,23.154945376643745,22.537498593404607,21.164851674198964,22.471969853365085,22.15861845956117,16.41998047334906,11.945778446084828,15.431960752346582,15.961098073360365,17.82419808843834,19.429152451965773,20.201944797730416,16.4885901202903,19.8096008386235,19.18528312275015,22.15391873866138,23.3164236170078,19.900948879696276,17.383545476728802,20.308856290915287,18.920596485121884,14.61000593614986,15.460117268298122,18.429687556241426,17.869638363292943,20.39486087184186,19.45655262797968,17.539907527896826,20.15067986770156,22.99349753821516,22.39216947437919,22.84107315093744,19.066179775156336,19.472270874607325,16.60338480893557,21.54451622408805,15.412783241472576,21.00176639522825,17.71842537830174,19.83102025798265,18.449704017205672,19.32651434099065,19.103328254904348,21.18342680066163,21.7601913933812,21.00147630125707,22.03046166034142
18.32264747386517,18.29724986987192,16.479798437287236,18.75711360632524,18.09867282500369,15.88307531906564,17.129647724606563,18.441963202503665,16.981626561298153,10.43575732128268,13.76616389286362,0.0,13.456299590742889,14.796767717201185,12.444663533405892,18.872248518664293,16.514541151428674,19.17366113177037,16.28076416278708,18.06521990789533,16.00365467008477,17.74759093086676,17.78577239478037,18.32311386527652,13.066481058286197,11.403367942438624,17.365874924662688,14.31504233309781,16.39558551721762,16.663765439399775,22.250713576566785,18.82021227157949,20.305521181487908,17.66843163518594,18.09082431367186,16.474745433904516,15.548952516274754,20.744520468147392,19.19874174959578,16.508762972487766,17.485999186203987,18.77909827718561,17.985432913878856,17.88888514466563,18.643804067102007,16.331670857702697,20.110656516265248,17.69502199030373,15.7902147548895,17.41319493675261,17.558326503617444,16.42775671411988,17.648478949138642,17.888555160797214,17.161154737051888,14.656533489314612,17.546734300768986,17.320643372216153,10.785710256820623,9.672698259253051,6.683771183954336,13.81700357567331,13.540318703219656,16.740915004884602,16.423258145949337,13.50384437789756,15.641853867965024,13.64220020696488,17.68471028590884,18.18837754585542,15.807573606309775,16.273239125028617,16.610410273497088,17.508276422897925,12.142696781245398,12.373720141900908,14.879676821825512,15.952270398851054,21.64697253623221,17.552600657570103,18.72931779489276,16.36848523369598,18.27304725449317,17.94331216403404,18.640113194888727,18.11615856727896,14.184398233574958,16.190878658230286,16.82602323431959,18.04312624125219,16.541764260206765,14.01864756201592,17.461342309574675,17.93750214942476,17.783539730067574,18.769602528902738,17.017385050231017,18.21422204867222,16.017610319320884,17.489251890590264
21.509560136521824,18.15270754833859,17.848506853042228,18.75675804240029,18.883830573684925,18.19394453622981,16.989874818979565,18.17859266249996,17.207210683547174,13.130480999043874,16.60841742184855,13.456299590742889,0.0,16.746784608371637,14.178231367219423,17.423140168133802,15.92419272946169,18.24494043491777,18.376908070915075,18.03726555344109,16.169413786468716,16.352062864026635,16.393779335245686,17.47768064250115,17.882338880931105,17.28161867554956,16.172222837892377,15.065652920258966,16.203944712241604,15.879427526622896,21.84111367651703,17.938938460687,17.68465736764203,17.503969040581346,16.55290877687513,17.95898516655869,16.801157731021462,18.784493998983876,16.531876039030706,15.481873610046108,17.61293449570075,18.57126556378064,16.002924128992902,17.687888822496145,17.15154873281674,15.554684408298378,19.027543663201367,18.350998721732203,17.344186118011923,18.06989870905289,20.138463713349395,17.219197750691706,18.159713857938044,18.571650600717565,18.09197982222103,17.27773905143997,18.31876902202829,18.33641843379029,14.872533472446843,13.337312325499246,12.061955614944058,9.874931600673811,12.078925818158956,18.8983885031592,15.822955886592252,14.953558923030506,15.842725497238552,16.106518465288037,18.46351154194556,17.58114538125808,14.465450319199668,15.812609814341185,16.458658321177595,17.233165107349638,13.276803704672531,15.714656400949998,15.538152015605304,15.277969269662307,20.64345604024045,18.38060111468525,18.12103666313504,17.912757518306602,17.659604087720243,17.25663713198784,17.543011107461563,18.00090045631808,15.53725224239892,17.17803063776851,17.74591082948545,18.859161447742256,19.414915877835057,18.377372637212112,18.464011953339988,18.44400090097438,18.254113398202254,18.50643202516462,17.191840469585213,18.60541702424116,17.68849027475715,18.122420907479448
20.70186742048732,16.468835048672506,16.51800896031585,17.9705143728839,16.63725291365831,17.616130217532177,16.13504371731592,18.027395001282844,17.854286209264384,17.756080839625643,17.889280253200372,14.796767717201185,16.746784608371637,0.0,14.86509676628552,17.555614501708966,19.0754892496528,18.635316075488767,13.402113319612566,16.553676637670886,14.01094974381984,18.060078338583157,17.10369239513225,18.249520745904363,19.162012677289848,19.871468428361617,15.964264345440697,18.57353849282259,17.414843823400222,15.018736768517984,20.393287944695818,18.118609667337395,19.507278635675537,19.220590733648795,19.855331625875483,18.902018601902427,16.421422050905218,16.90928463156234,18.45193157579116,17.392954242335804,17.742592492361737,19.27111538493481,17.569335246302657,16.339375877663112,17.196728482855434,15.827208539959162,16.786999877688817,18.48769770132697,17.919451925469186,15.269089095722023,18.969341259970268,16.308701725038535,17.073399813289978,16.524871463275428,16.662425667093597,17.182253598638756,16.860139494123125,18.078191852338136,18.436273087982304,17.34466143273967,16.627124242842314,17.56301268841816,15.610966482229935,14.833416110717714,14.938330519080784,13.938176295258277,17.035958083583818,17.347168285593746,20.45719798998498,19.64291184642269,16.862261489558318,19.02688888209888,17.15645257149584,17.889931006070015,17.743220952650837,19.7409356882345,16.48081745326881,17.161575479457504,20.317872375035208,18.209846461886688,19.310184758418856,18.81299355708366,18.993971456892524,20.628912297212064,18.86585965341784,18.18199649902715,18.288365019589914,19.226400852622657,18.16168570382005,17.187945549580714,17.848630080071015,18.240896820654637,18.5668485127129,18.911738711054397,19.54148972202085,16.6140977448351,16.75778985177323,18.877707896044704,18.60654130050209,15.919278367480274
18.811165650528277,16.01426942690885,14.3904581262548,17.63227857349177,16.260616443950113,16.501840570848163,14.679444063631626,15.881065589568529,15.313850143655504,12.661790219219917,16.550870273471592,12.444663533405892,14.178231367219423,14.86509676628552,0.0,16.195025405781813,14.478030478207522,15.962938729810094,14.976030816703368,15.919605205354864,11.746723141413854,14.627095852241837,14.35789318856828,15.395197200276089,15.844206032402433,16.072918344439422,15.664986557561614,13.51168172721074,12.098057719835158,13.55673120950339,21.58264707926983,16.749890853809955,18.82916607368739,15.038428504531018,15.669158329630596,17.261707910185525,15.45314112808282,18.312414346761717,16.309910115024987,14.31257981826434,14.709713189709674,17.096144818304825,15.52859132701822,16.79436658672363,17.336771803058312,14.73150662978468,17.20003121004612,17.179855434335906,16.055336003240384,16.91738191205591,16.71517657815058,14.574716211192934,16.365625904727167,17.514029590303817,15.921755506152476,15.65394373806295,15.440985292546848,16.037305561497952,11.771989703631512,13.791650252705123,13.343041730937347,16.49040306787944,13.080778145154818,16.609471650692406,12.335019043028652,7.665554328382136,13.145615531084724,13.2926357899159,15.722214343767606,15.733633349867151,12.241919420082946,13.89908912959458,12.977314734197815,15.038209538371165,12.44946836276932,13.656782323305515,12.919818098105576,13.345157310165792,20.24363516463753,15.457212529621913,16.262684939322607,14.602796103508616,16.40782892637509,16.117179033025828,17.53647845570315,17.34391205751306,14.674495118230295,15.883836600250474,16.450015924453023,16.896478070181043,15.657279521529576,14.429208982363503,14.970990653674786,15.899129696306971,15.104848461164142,16.985682894925926,15.841984858814282,18.31005503562992,16.70353144318154,16.702025390242866
18.7763703321079,6.692447858600658,9.885541749452225,7.64201425957198,11.39127078513283,15.475944796763324,9.970632518950175,9.110251177763327,9.749516668200252,16.311674238012287,23.20348216315096,18.872248518664293,17.423140168133802,17.555614501708966,16.195025405781813,0.0,14.76348767107212,7.616268628614063,15.46961150033279,11.847010478949672,12.3444393157638,16.582707916778396,11.526928976219937,18.90214306891088,20.317063967948013,20.737508799342045,11.769535990890168,17.06022216715822,14.545569809519147,14.539208483802469,21.988981297421223,15.913377822858523,14.521970015832265,12.113185501264867,11.809761504849275,16.13917277741953,14.388712369655458,16.961336477683147,13.455090267322603,14.998121930275603,16.07264530780998,19.999079712181857,16.464972771709192,18.785741565863788,12.553081029965815,12.312192890866765,14.097349798301696,17.369338264621177,17.699858777107906,14.856545963850236,16.218290208955896,7.6336179190152516,10.343795462810574,9.795883379694304,9.817418236986606,14.620339821902848,10.232451802256223,11.288631107299008,16.80953972285918,20.319845719018097,18.46331486480696,20.13381230980496,14.324033995341068,16.828936057377984,13.048498142137694,15.652720800255151,12.69038314790648,15.03730969989053,13.236189041120978,9.559623492215076,13.776774732175651,16.083790578764557,12.03726242387434,14.900654005527844,17.675828240949848,17.811860007946024,14.565826266232468,14.615780655621132,19.63551474658296,15.191103549478257,16.74902648583799,14.0268838179655,11.49076341751667,11.65748381708159,10.155395032240602,14.224880093809652,15.456669443591966,17.97550653392985,14.44595999756534,18.26992845440056,15.012734142754509,16.366654840328884,14.495045956759888,16.613723690044925,14.558405590085451,18.771093717282813,11.5048152685018,15.194712525576088,18.628899898610147,13.835372918229687
21.194574841178618,16.554747738226137,16.31830959909328,17.306771551530073,16.97795480356221,19.64888521669097,14.434082186912356,16.3947010583616,15.855636848189109,16.685047572424228,19.349142508877872,16.514541151428674,15.92419272946169,19.0754892496528,14.478030478207522,14.76348767107212,0.0,13.656119660828631,13.726675777882605,15.652123663822822,15.838369787861769,11.37793168716859,11.113074192005264,12.495630455424312,17.58703387782903,16.261432592467845,17.58114670685126,11.604069953931551,13.23827382923606,13.283950120478226,22.108983254358787,16.21508671965693,15.380985345313944,9.871045631707824,12.749408171080445,17.51050959001499,16.111656344238444,17.79636563066125,12.839326510944256,12.188542910298052,14.861460544585166,14.760752054577797,12.159994389002206,20.34982504481692,16.52136461248659,17.21559731900295,16.57648901740783,18.88526200730914,19.660096547955813,19.748425737601533,19.370868822552808,15.758559426765808,16.37549694785385,18.07481557144744,17.4131820447729,18.62875782462833,17.483827507716647,17.166086848009606,15.528337154625136,17.402039488525094,17.527904614239265,18.548942574263958,14.996937847171552,15.652497321636968,14.391657703707049,14.235295176976011,13.641755784042193,10.177820633700946,11.221918523223948,14.530526913382715,13.242130347304554,11.384248875349195,10.414945788501084,12.835220370753934,12.697392360409305,14.60744888571404,13.049290134883876,10.685129906944717,20.159295830127952,15.957105252895342,12.090270832587212,12.369953900632526,15.206253950421868,13.228555078833164,17.24590180808602,16.105226623513555,15.66883154156864,14.09793466420382,16.729662922943902,16.176737303484195,16.480103890660658,16.533493736037403,12.003126900458655,13.905594144649251,13.035839900707517,19.993749588118455,17.341340570778385,18.74719409072422,19.546777172644124,18.85116788358845
19.195787976503112,8.212173643812868,10.200812741594635,10.22578857481418,12.99568150389781,15.8041608665213,10.828573595161812,7.963439498111223,10.647974372314218,17.297978313422536,23.44951484902523,19.17366113177037,18.24494043491777,18.635316075488767,15.962938729810094,7.616268628614063,13.656119660828631,0.0,14.870187809689694,12.053824066668405,12.252258592223866,15.766461066302613,11.07737725431051,18.15225692442085,20.51348099633882,20.76094178823077,13.71617248275703,16.788135480692667,14.030288631865687,15.733192325732986,22.32389817514481,15.102337634634802,15.558793937571116,10.425084238750774,10.957972030952178,16.037604359526316,15.467465011859838,17.809276553890815,14.262163925147243,14.9908945728923,14.67873171813999,19.42951373656684,15.764546436459169,19.656415867269963,12.988597047621967,14.71927700006423,14.295170954532075,17.010258135061058,17.8285826842765,15.96831328044338,16.137165063935882,8.963069060494284,11.389972649779011,11.98683404129259,11.58283224433126,15.402771204507951,9.9304950154853,10.788083850900536,17.20670955990445,20.39737086872084,19.39016875932464,20.540020862111948,16.36133609598094,17.84960223145381,13.448910865909768,15.521729425226509,12.08438365235688,14.617469378248549,12.11111026241148,7.356543551726757,13.25986082151286,16.234907682698633,12.27571804698791,15.012476792109766,17.47157098465879,18.465918481972995,14.756402985018022,14.90572211613034,19.997583187321407,14.4507848367976,16.338853044457395,13.597762677527005,10.624117818124445,11.217700970675123,13.381294229348851,16.517074822691608,15.445988432172868,17.55968480755048,14.42452448316559,18.680017837958097,14.996148910920065,16.557519501922357,14.836873884513968,15.386016177419725,13.920510515034035,19.62824787563472,14.507872042853586,16.123571676514697,18.33997973987418,15.059117091168876
21.707634715528936,15.029056219372436,16.917140894938548,15.796791603951393,16.867266426141107,20.288929364278868,13.424448297312166,16.061519983787075,16.494874954537966,17.948615914019104,19.013832960698423,16.28076416278708,18.376908070915075,13.402113319612566,14.976030816703368,15.46961150033279,13.726675777882605,14.870187809689694,0.0,15.776894830944848,12.10319164888961,15.152900632713823,14.011263792465368,16.93437579393848,19.36281237996316,19.33797692718528,16.815917317513,17.945590624976862,17.119318201023166,14.756060509461406,21.94427470451781,17.823380049834263,17.98459784361964,14.542509036900649,16.53737893392969,18.569444148066395,16.89115682737841,17.318268405695687,16.89978689826339,15.268571532897486,15.91829887264748,19.292469621085463,15.975146537756435,19.37369792385407,15.157093060011762,16.72369554168961,15.881156904023216,19.17283204527793,19.41551019762816,17.17929472012946,20.436043984535416,15.2688950366341,15.990472752091213,15.584205104116151,17.074490278099557,19.48950995045798,15.179644567795952,16.6598179502919,18.27022864510824,18.81103587922858,18.21452124544053,19.973667097325727,17.35810967844629,15.12841012883566,15.812898282484609,13.428218552309168,14.393644010654285,12.964164445577232,15.3498626945694,15.939887978991928,14.48047456748481,17.429876694550703,14.93151766682915,15.307720997027827,17.258663397944368,19.35424419905118,15.127682160522538,15.77324051287374,20.54852927558601,17.232425377369182,17.49778088403117,16.20945965131866,16.25207022353769,17.351229681055376,17.900936648259133,17.815616006944136,18.044246700763257,18.8896941243559,17.0833244677266,17.348979486116175,16.810613677174096,18.65228235799291,16.421663975778774,17.61355406881936,17.846081566307486,19.57127848761453,17.40295188274146,18.34274937145022,19.17542792477501,16.9432458754152
18.43793736007661,11.805050955160567,12.774474584363556,14.116316111038856,13.856011361373778,16.384823946331487,13.192698194072957,14.231403099083794,14.716305616119833,17.849880682318723,22.168869712066023,18.06521990789533,18.03726555344109,16.553676637670886,15.919605205354864,11.847010478949672,15.652123663822822,12.053824066668405,15.776894830944848,0.0,12.863184434687708,15.957210901963688,11.287300750088653,18.429360916384965,20.46428674863773,19.696136887733367,10.927547343109886,14.980618009914936,11.14798100560088,14.632683062507784,21.701585893325937,15.98254538469224,17.063777214363167,13.021664691747196,12.785035966210884,12.725657918097594,12.084499548365365,17.356546578838298,16.012705474781118,15.781017016033392,13.59073461185126,17.930567931073316,15.732815717209167,16.137072214311214,11.603257924883614,12.827601764345024,14.504999785635968,13.187371442366413,13.509827274590693,10.895002329288529,15.867297121568498,12.703131057238124,14.131660053828336,14.17060905535505,14.314934380919684,15.873853895942718,14.772888382215656,15.026745245925635,18.415102956872005,19.666851308658305,17.780259047812486,19.08347509518746,16.316918953349493,17.022134619352354,14.7354203779189,15.318521798553151,13.001871365630134,15.51999748861823,15.510552578510069,14.031090321614547,13.79459058533147,15.600242494946713,11.710212590762596,15.646551366622536,17.582813545299462,18.493709026446115,11.689840319942665,13.73902121972468,19.73540513755329,15.96913600936907,17.698480075862786,14.982206100947252,12.529925088521356,15.394228735041882,13.312166580290112,16.63880344809569,12.847896052080644,15.6071633083638,9.596944164328452,17.984261586489094,16.591104671894374,16.773126427530087,16.97562774483733,16.28992512947139,15.957669208682884,16.700518253747894,14.340974545267995,13.982820227922277,14.824665166204358,10.747754206273832
19.55361038497456,11.59481219288269,12.93133296242419,13.3786758235959,14.610452034223982,16.718537825116915,10.245069177160405,12.269016684814163,13.21147740520357,14.69796539716594,19.731169183411325,16.00365467008477,16.169413786468716,14.01094974381984,11.746723141413854,12.3444393157638,15.838369787861769,12.252258592223866,12.10319164888961,12.863184434687708,0.0,15.182173369876102,12.579898347022194,17.974358599876222,19.3302580554953,19.865745285109423,14.00354158290134,16.521019459486116,13.512088197557622,14.271748440600344,23.144460217659223,15.867653284940262,16.41521208741342,14.272117593092512,14.034936320779089,16.639961992445283,15.055175374231482,17.23515515665365,15.7722943042286,13.975317739205622,14.454854735003105,19.1631452894008,15.994515558069375,18.56264250560539,13.168787821644935,14.00242199808713,15.320958466809296,16.487329955146357,16.419052091926392,14.798166839432067,18.013370244386504,11.789444766039775,14.297549973282484,13.689223818959574,13.23709396845979,16.187115510649907,12.313548131063504,13.117711350533268,15.831134541277638,17.006581096605082,16.83517863444888,18.438456499165195,15.602433098310508,16.722875949353565,13.710973831889538,10.709173604896389,11.777776589789042,15.03111775780862,16.227997346767275,13.51529770111758,12.483031284275112,17.218400808592065,13.840296433674135,14.526051697824649,16.03954711229679,18.371469608241927,13.111128278367282,14.66305946568424,21.788603603679537,15.300231987875948,17.830518046688248,15.541047218052844,13.293501962009804,14.878037597117434,15.049975390075776,16.858267965165506,15.766307286304135,18.13644797019009,14.515147468367328,17.712763453049366,16.452304158995624,16.856462143559593,16.79166324554921,17.775515422024686,16.88863528305369,18.75336283947341,14.809373367157091,16.347871401375233,16.978399066574703,14.370810928817097
