,Var0,Var1,Var2,Var3,Var4,Var5,Var6,Var7,Var8,Var9,Var10,Var11,Var12,Var13,Var14,Var15,Var16,Var17,Var18,Var19,Var20,Var21,Var22,Var23,Var24,Var25,Var26,Var27,Var28,Var29,Var30,Var31,Var32,Var33,Var34,Var35,Var36,Var37,Var38,Var39,Var40,Var41,Var42,Var43,Var44,Var45,Var46,Var47,Var48,Var49,Var50,Var51,Var52,Var53,Var54,Var55,Var56,Var57,Var58,Var59,Var60,Var61,Var62,Var63,Var64,Var65,Var66,Var67,Var68,Var69,Var70,Var71,Var72,Var73,Var74,Var75,Var76,Var77,Var78,Var79,Var80,Var81,Var82,Var83,Var84,Var85,Var86,Var87,Var88,Var89,Var90,Var91,Var92,Var93,Var94,Var95,Var96,Var97,Var98,Var99
Var0,0.0,13.444907795278247,14.592605215500576,18.120573993908963,17.154996418029853,14.197418842303204,17.38915477633919,18.615823711851,15.396079260475496,19.079832191261932,16.207209143942926,18.554885027125653,15.115249323487816,17.371834928685477,18.49682223777585,14.704919918182917,17.70786359397331,12.895769572865198,16.674071313157466,14.613854062719035,17.631468982858824,18.48584608929722,16.972542384649955,21.11569232128336,20.299451710512987,19.40843999843178,16.237969657051398,17.98689123628043,13.647169979040346,18.413941880701202,14.664503870161866,15.313865882665658,14.908764872669176,15.527680993649563,18.777670544819028,9.839699826532426,14.425320608021652,18.192755288162978,18.529951947705552,20.89763194333087,11.679005008383943,17.685931132174773,19.9513157124156,14.916689942973987,13.25630785820063,17.707577221894383,13.049776220098794,13.871603529213733,10.062356678422477,14.868691731858402,8.277455060714713,11.081346339584078,12.678441851296904,13.416170106723852,15.662329148552676,13.475789282295555,15.498793347657033,16.676626382398528,16.249711493269896,17.090894445426525,18.4165696680722,14.87865715117723,15.571492040088394,15.48259109027995,18.28253105944678,17.5208416346138,15.522617390780567,15.865534227373786,14.937632840511876,13.795177231097924,16.88275635847224,17.735442427016604,14.196196701161282,18.590622016736567,20.944251852867033,19.735585532072243,18.97018500814268,19.521649537822586,15.14002471569857,15.23941462292342,19.009445626907784,10.855769944549541,15.452894706673884,19.463169391563525,18.723882282759863,13.375895857674287,14.064545835979098,13.35681243676834,10.732516331595026,14.964119252032573,12.49034461305623,16.85953563758643,18.367361652249773,16.57661193592558,18.892460750500927,15.313216997564732,17.492370931021565,11.34930494200176,9.57247904608682,13.35543588634996
Var1,13.444907795278247,0.0,12.946478264623018,15.70642416444517,15.819054414285661,11.604831305119184,17.499170902588958,18.12733372195548,16.308715312357904,16.693681389576433,19.069624829960077,18.636826523747168,18.893439248011415,19.49590866472108,18.6332094132607,13.751384388450022,19.625464843846135,17.863304724660328,19.602460169040615,17.408032533760938,18.935093975490382,19.9956490263365,19.175542865415267,18.11167682445778,18.594358618249874,18.754064376867444,18.637184671909598,18.44380495029233,16.354205503148666,19.185932453149533,16.23672571287766,15.54138392583427,14.567095591498916,19.13618801850302,20.25965650987174,14.907026276821579,14.428651351751345,16.536805782594097,15.630888616040647,17.5663503796331,15.668119426713917,19.126781041431023,19.50397707888755,16.928323189031854,16.3730806990359,18.07783675867619,16.924301398167163,17.148933217699383,13.573765354315212,16.54404622906732,13.428709036365841,7.175406371644184,12.256972210678358,15.42970360916042,12.314410788253271,12.947427436224666,16.615302548027262,17.071520000459806,18.19456771485441,19.35263436535271,19.79261110416828,18.951400769775777,18.94481407983194,19.48734058499682,19.732177073595665,19.058835112924065,16.035371907913817,18.396184574853947,16.186034863753424,16.518227581224654,18.121327628329315,18.708868526623526,15.736360932237513,16.00741768533975,19.488363040588805,18.650392320604745,16.979396879864655,18.157137802927654,16.227907899189777,15.684128224558375,17.607521696981554,13.90235073909655,15.450164026744941,19.995017092058102,17.068858952009514,15.493555496436185,14.163652282843946,16.144032003077623,14.070277692984956,14.121166846375003,12.992490614983124,16.03539101737651,15.471016477306923,17.07792266673215,19.094260604189923,15.475845804650346,15.923708856567515,14.648126824882217,13.120611065668115,14.723456763083743
Var2,14.592605215500576,12.946478264623018,0.0,15.913113508207266,15.740004956915875,11.116409772599503,14.514120314226146,14.105995824643358,11.308558008771032,17.162864684477306,16.220797457462407,16.320517006520237,15.19652951681436,15.844235190711851,14.412427627319174,18.153961563287496,17.445545308852008,16.58427320531088,17.116574499332494,15.664566275248333,15.83482460533874,19.46195120449896,17.93452533654673,16.972832035611223,16.225151526106863,16.518816214384913,17.80584231514993,16.524393949192355,15.126294799279679,18.4099367703437,15.927184188429383,19.087550759569325,17.81629686627125,18.375119857344682,18.83467478967592,14.914659762735969,13.729741463761812,17.46830675874761,17.451163270544697,17.82532401321452,16.047181067760334,16.484819207818518,18.886192868456344,14.894430499144402,16.389110850642634,17.943039766475678,16.89237450162749,16.659505927850816,14.509729573464021,15.581593715617508,16.849609699712317,11.949730243259994,17.196661563183003,16.84050579597824,11.852977180326311,9.147675627958652,12.494869083773468,11.997729453300344,17.178045469543058,17.274821568833797,15.899508716228468,15.409913435620178,13.821129842733912,16.695977451163113,16.954988517537167,15.693495140118968,15.709891978694051,18.178558395763023,17.892957862508233,13.729367266357063,16.00059921408134,17.61731086855722,16.66275523043493,18.227214077991206,17.319275941772013,15.890468245209748,16.64009312332718,16.988741310447562,16.12215857765625,18.59930119860573,18.709773267844273,16.484356712898695,15.029700560346576,18.29027905942122,18.241236007044478,16.889683339956605,13.888939931054336,16.30939374394633,14.7511692404308,17.449468543700256,17.298601597219605,15.236641254897132,17.751225159189147,17.03494272056893,18.75788043962085,14.708085536231367,18.230344511841206,16.519272515251956,14.593177810390499,15.490345103070585
Var3,18.120573993908963,15.70642416444517,15.913113508207266,0.0,13.121274435747106,14.578609291209977,13.942151396103377,13.341502182760342,13.689691504975263,12.215896028817106,15.922369397478825,15.217219763190078,15.655413044540913,16.208139505558606,14.887190113417676,13.801432784864728,17.702162598733675,18.795776300870195,17.897027138326443,18.05896747982383,14.597289741951434,17.269970560485604,17.875306546109456,15.06599891554047,14.941965400827934,15.622483859754404,17.880271660963988,15.642365533966203,17.495788280974452,15.923976300462648,18.147683965643967,18.056081096916568,14.958562093430155,17.90365773031441,16.1158521482326,18.10268806458393,15.3032591098218,14.089815958407907,13.958342487283891,14.393750647092075,17.75410356812083,14.502931638529038,14.257443993413997,17.625977492645543,19.648172384526635,14.898424178099956,18.27593061407754,18.314091041891892,17.446093440853044,16.047534212816597,19.13095051183974,16.16012825963537,18.453455252059634,14.988325166138425,13.816025665484363,15.950757220979407,17.248668553768713,12.843210398308011,15.775827163974537,17.086964880556046,15.281975007246784,17.570373947237982,16.3358123973757,16.839400800375163,16.892542180498843,15.690279622919192,17.819485475114362,18.59918664027164,19.385991775432874,18.05231259793816,16.823367228515348,17.75254924738593,19.380057965076674,16.208164442878147,16.204396872455188,14.791225453967877,15.441824750674993,14.549018861482171,17.20988080165194,18.0866700644066,17.870108095109007,18.660316413786305,15.816969196111,15.740307203851497,15.86518556217013,17.663382073209366,14.9964236662088,17.91642748809367,18.174508945901746,18.98789992186303,18.776050916739266,14.786729672438835,16.08791523778331,16.492576508182644,16.3239107357812,16.409861176365652,14.93173729112248,19.383180864793776,17.90243587259731,16.762615191241842
Var4,17.154996418029853,15.819054414285661,15.740004956915875,13.121274435747106,0.0,14.288229842769297,17.917670092489807,18.259464351432506,14.658946772658469,16.31741339161108,17.497994443534495,18.006288542992678,15.448524717899481,14.40435674820231,15.34379983075837,16.57033997326434,16.04126633281672,15.634876928467495,15.811321420404132,18.552797999718422,15.313071790753625,13.05141723729668,13.158946377232434,17.68841873289023,17.211792825703817,18.379268302447137,16.106787320272527,17.682312373878435,18.536365915722083,14.63289801273619,16.100352154871683,17.83526571920253,13.743361904257581,12.964327764297234,12.365470802631743,16.271213141795055,16.928433606928948,17.89297785055922,16.060379284021323,17.561689908130298,15.120242376954076,15.432011220521668,15.097905070739108,16.746907351025094,16.951472765138707,14.87632841781781,14.393215259723627,14.703047968019238,13.267518270514316,13.057471122011904,17.23035501154518,16.322664580000502,17.591872412382372,11.599235790520341,10.176506597460623,14.607182182217041,14.645395133187531,12.511083412784446,18.111494025033114,18.54456510063635,17.18696882693442,16.87578716614094,16.506397937162678,17.48080905309327,16.175036670399876,15.608817181907279,14.575216915552494,16.293481215131184,15.003063129984566,16.435635755372424,19.624793610434562,12.433374625578391,14.550520103957105,17.798938715769022,18.696240433137827,18.064710645044936,19.684255028406263,18.712344148952997,17.61163890225218,18.0833731252963,18.264087103814763,14.122957124385792,18.035160689058895,14.191311089493349,19.165246436431627,13.808308301350388,14.783331346161406,17.511662991876765,16.27182437258337,17.82158116570999,16.325571137938606,17.556968812007568,18.194502564765497,16.142868572937225,18.12207678881731,17.39295290110167,17.538982156877417,15.973301050028144,14.060518691409404,13.235893789343764
Var5,14.197418842303204,11.604831305119184,11.116409772599503,14.578609291209977,14.288229842769297,0.0,15.039613446735409,15.848902049176157,9.871746636089076,17.310615939054223,18.71588772252704,17.499297103325738,16.474951355111738,18.761475827386175,17.265469557819817,15.62093375818975,18.577361867023015,16.915085351335957,19.893441600174857,14.809542131337611,18.595243401214404,18.622222936973436,18.39722123483671,17.351022385428525,16.647600111132306,16.78402894328906,18.523076976549298,15.358639665614412,14.769002964572307,18.741887917981337,13.393157944923813,16.714366343707923,14.472872937281604,17.510898954702746,19.40880165523812,13.31246089459646,12.94520154762862,16.574110644470874,16.753106092367073,16.922599182335862,16.00248772186631,16.89289236328694,19.520756563857006,14.269382295225954,16.311068767408987,18.773232121961662,16.947888893498988,17.511768902899746,12.675819797207996,15.814781998149707,14.879785592519088,10.366046871229576,15.447222106090754,15.324968927823642,8.303661077752722,7.8795752237974765,15.99626480026384,12.778599362776324,17.57277775643257,19.44700030407259,18.01247712042719,17.25218443581363,15.341724018273048,18.11868577804153,18.413774198037604,17.58364626901808,17.83321266151353,19.528336696261476,16.633379173230903,14.33020521517669,17.530884621430243,17.619070379173177,16.113220363301263,17.779880194599958,18.561143534617592,15.851588646487615,17.476682457509728,16.393363503320487,14.224286193482026,17.449317468351087,16.92886039330894,14.582878617999528,14.144176800667132,18.947817612721998,17.499499602919716,17.34493674107473,12.604770932983737,15.31589540779118,13.694055499213055,16.94604079890778,16.10355623892295,16.420961304152733,17.070140480799548,16.98630317681084,19.618586937195328,15.02072012886204,18.422861571916897,16.78848793900974,12.604820027715043,15.521532324192567
Var6,17.38915477633919,17.499170902588958,14.514120314226146,13.942151396103377,17.917670092489807,15.039613446735409,0.0,12.522112270054357,13.343171059667345,13.048585615700706,16.09482961322012,14.315498474303556,16.040400711293596,16.89690982153051,14.400531677001446,15.27746765538389,15.58251873547078,16.134843622162766,16.89363371102473,13.420863621947943,14.88808842862578,19.13050428364103,17.336986537582792,13.547746896315914,14.861604639932562,14.86836108573305,16.87439911551335,14.827597771104916,12.145118792753632,17.8419149576643,17.874573827357178,17.916686794001706,19.03887935961864,19.100732828705745,18.60882506379807,15.952868741113493,13.24180152498873,13.974291583865904,17.376426868664655,13.691956276626584,17.231379739541236,15.62225130509671,16.880016705249844,15.661140409007846,17.02822726127472,17.811675998643477,20.15167768025923,17.666446607469616,17.48978027730011,16.220761416000634,17.74995129257876,17.065898098415186,17.03510527078056,17.02871134167634,16.56545826743194,14.103979597899597,14.591428488738233,15.073594982428533,13.100563897942942,15.566206246021475,16.71966259434151,16.927239598977817,14.525321777132392,15.385914320398022,17.279429878670097,15.644017851400678,14.570570082905771,17.358072994770207,18.888344978798017,15.428695854481127,11.750765530642887,18.40098092363019,17.42362065208582,13.612724857737694,14.466506078188962,14.385486318366906,11.288826032615143,13.677142209496825,16.197811856911894,16.13249802009048,16.333944683083754,18.602434741489336,15.521364280444645,14.74047848387422,16.185788629678076,19.151628568794468,12.99654738850519,17.565270383932912,14.519232831484224,16.211642401245168,18.264957431572313,13.72024537270917,14.203755181215064,14.872031355489494,14.995353502691508,14.59507818376513,16.998254853200198,17.523206648499716,17.338110946902056,15.377813721587268
Var7,18.615823711851,18.12733372195548,14.105995824643358,13.341502182760342,18.259464351432506,15.848902049176157,12.522112270054357,0.0,10.986956708015708,12.177717619504197,13.88188707036565,10.09773594764416,13.860942502370294,14.558586673452606,10.909399674726954,15.767488277103396,14.71273233702752,18.382262587455795,16.31446535183492,17.157406905743702,14.04294665281835,17.124590134322176,19.01946329409802,13.681722798030563,13.792598382691745,11.584661801946721,18.616965497850916,11.376983917074048,17.302556245840634,16.723918719490158,17.246743199191734,17.01401425731977,18.920913755926428,18.96483868011007,17.322246119241406,19.10901705971342,15.362198139342555,14.889988917266047,16.70077259725774,14.547847119579133,19.650908120702265,14.509896116127221,14.984358570271501,15.442150720801893,18.415719825330235,17.366507184171507,19.91789704413223,19.93055729018532,20.244908971090936,18.555622541642023,19.104741432278477,17.593647466866763,19.438013625746446,19.671149742131067,16.496620455970792,15.917048753078117,14.06978188610952,11.978809658585448,14.40404040811511,13.815503577488672,13.322381964016644,15.235220465813196,13.562716027305155,14.066157197052757,14.43334285393141,13.628050420623847,17.343514896716453,17.105187989396526,19.730499085967136,17.19923249466066,14.965630054627939,18.36085092094515,19.525716304376527,16.307946528791444,11.61499707606358,11.400201233892584,13.49506915404112,10.713253908449959,15.891883754763372,16.772427938938986,16.861196618850848,19.997200165590495,14.098171437390386,16.26913358976902,16.725022356440995,19.821861978103442,15.787212407857698,16.64454938392458,18.533416166226413,19.27944587642325,19.768502576829377,15.418147602056779,16.806822494329854,14.389419666950527,15.502858319935855,14.58934902557737,16.654470099806993,19.57547080832566,20.27087414429007,18.95785874767322
Var8,15.396079260475496,16.308715312357904,11.308558008771032,13.689691504975263,14.658946772658469,9.871746636089076,13.343171059667345,10.986956708015708,0.0,15.165682888188892,15.849573495055738,13.690705927701487,13.368782934033941,15.758676265095637,12.653258285732738,16.12254746760226,16.02721865090045,15.67816896442856,17.238183746299207,14.841913402600449,15.873112207346423,17.445237334634033,17.290338664027654,16.060583108706737,15.627742288857421,13.794849532666893,17.093510846024927,12.243163967130629,14.095760895616994,17.617254713485956,13.916640791037013,16.738079965713233,17.391225294327143,17.53978148306806,17.905051562621516,14.288203686303612,12.653695066932986,16.4434900821679,17.83425344691734,17.191719668046154,17.396371011744737,14.129213566753311,17.77744568119874,12.809265670957164,16.53689277470547,18.180870524423973,18.023262109479504,17.683974054590927,15.436938922321541,16.22987183383118,15.959569415282909,14.411244773647857,17.10448493429206,16.35526685708323,10.399402361216788,9.943257503826477,12.500380276659387,7.818615027665157,15.546693608352696,16.727819766431928,15.030666287564955,14.77330607378476,12.080573228415515,14.763738096592638,15.202252748474699,13.467836674919946,16.89334434399528,18.028681566728032,17.373721142210822,13.376452840030003,15.843207913257467,16.009785565047643,16.50191916292901,17.660709585854452,16.372799370063497,13.628821299427866,15.156636509358933,13.629037524639628,13.95757245432901,16.43807098022978,17.23744220761347,16.542591972890204,14.647169659976234,16.76577114704439,17.40398891282914,18.007317618946338,12.746467861856514,14.344673503788997,14.324025480429276,18.05589054485732,17.479372246137192,15.502555640833732,17.38395716526692,14.69119577930199,17.40279228367423,13.182115848646232,18.113001765937643,17.442375527273697,15.512090229550584,16.351642788589984
Var9,19.079832191261932,16.693681389576433,17.162864684477306,12.215896028817106,16.31741339161108,17.310615939054223,13.048585615700706,12.177717619504197,15.165682888188892,0.0,14.630987245103803,11.117285005170967,15.351065483354887,16.30295578829096,12.756245038626238,12.169474080684509,16.088407143871493,19.82845235542267,17.677642754387065,18.7752462785299,15.102791570901884,16.747044069726915,19.660332079262677,11.715477910286605,11.48896682043411,14.044753186620248,19.029762721589996,12.772221521618906,17.651423880994262,16.918918428395244,17.04046200881762,14.867680361794003,16.891925303059345,19.466936256522303,16.897754940109685,20.292156940965235,15.953040551413258,11.810191738432142,13.503629575576156,11.342721654640865,20.18012925468409,13.183703077309904,13.25999585610952,16.604190505838943,19.903625688620348,16.142897603764663,20.65332032010887,19.66602031081896,20.387661709550024,18.628444835113076,17.85436096774462,17.401531585106117,17.41391676311671,19.038489658420275,16.579509879745792,17.94164582224842,17.16912946346166,15.759323389249783,11.157958933197119,15.442318504749077,15.433001359037265,16.963681347345556,16.739434217529148,16.498174596578817,17.365314781898455,14.813166319602704,16.1461071160213,18.44669293864667,19.45428542122153,19.47227036577562,16.870024477321504,16.75021747099548,19.64624916865194,12.264948128633128,12.650673769287593,13.423083457344998,12.310145606825206,12.308557059030766,15.197204636418922,14.52526980688199,16.02901758269757,20.31136957581317,17.878743730726647,14.329827759807085,16.1783636794739,18.74763434044869,15.987520985919002,16.723958878734965,19.195896533784584,17.990804303292084,17.455911000214574,13.02909262424267,12.88728533761909,11.792497113094228,12.934187881568667,14.860249988270136,14.017247230419342,19.883783619583546,20.496201559844636,18.555474959538767
Var10,16.207209143942926,19.069624829960077,16.220797457462407,15.922369397478825,17.497994443534495,18.71588772252704,16.09482961322012,13.88188707036565,15.849573495055738,14.630987245103803,0.0,10.490365909867162,11.294757594932703,10.91213193568882,11.559265306671124,18.019351356566844,15.395373416171545,16.738840447749464,14.093306787250219,16.028888769196982,10.751275499822244,16.756403983284176,15.544426150942044,17.151162229401766,15.574009920993237,14.227025365006691,17.27406037755894,15.128063023495454,17.45142686278212,16.65568240342107,18.098871875731483,17.62741949736236,17.59834688159201,17.04389727615864,16.117503915307402,17.322653648226936,18.843722246601068,16.896754234135862,18.198661531928003,18.595650865397978,15.244163723847242,14.759605448162153,14.85619754201896,16.557306696142675,17.07987041802115,15.451723915284145,16.155170365404164,15.40475247861055,17.088824176043413,16.557777546820617,17.954009702794867,19.445774186996495,19.213766595423387,17.01139510007337,19.702654698057785,17.90420580206896,16.521954324927567,15.646517445991089,11.5514497814656,9.880704868282224,11.019303896104551,11.00375666109765,12.773996878953401,12.45731353351647,15.594208165658415,11.33025161652678,15.061775387688584,15.877354218017325,18.54149292563952,18.28652069968207,15.122112836344575,17.144230230102085,19.484692088821443,18.30850684254893,14.486184012368492,15.439230836596092,16.815151586297944,16.103101332165522,17.774561369618382,17.519728030171226,18.776579208096173,17.96303546566027,16.923780309611484,16.536594893065438,18.792254551915686,16.533688697148243,18.97863362282202,13.310273004961655,18.0119212141963,17.79426176413636,18.34893770354535,16.330558472886782,17.8609659224857,15.363824079489516,14.351596023822824,16.60125226235193,16.104756297244258,16.469082434336716,18.099427558840656,17.598465751911494
Var11,18.554885027125653,18.636826523747168,16.320517006520237,15.217219763190078,18.006288542992678,17.499297103325738,14.315498474303556,10.09773594764416,13.690705927701487,11.117285005170967,10.490365909867162,0.0,12.633495062441435,13.156843045588376,10.015703444329915,14.518010553569097,12.933906184341938,18.034177162002752,15.796267800197947,17.056324998267584,13.497081449116937,14.699072115724105,17.73436467036026,12.280917681354683,11.983804464517839,10.395255248458271,19.49775972062499,12.91575253132988,18.335553351518104,17.59361577982453,16.57240311549422,15.69827486161881,17.9960157002012,17.709810713536758,16.485097311287692,19.454415350831297,18.62532045752671,15.970101163801148,17.802906063924194,15.231603509605879,19.92130306024392,14.884942318413799,14.776665219258089,16.310015569527888,18.87936268914062,18.863692728273907,20.086665446582632,19.656004611454858,20.049931262939467,19.583537893587465,18.473519237797106,18.42483819994536,18.756284792278315,19.515799700309017,18.044491301734595,17.526536425588883,16.1820972336356,15.165647454373197,9.960733985649288,11.06394947944497,9.908927529128876,13.861257532935147,13.38327392755834,12.636429591708636,14.43756525214916,11.663705284820532,16.646577380605805,16.737006996847672,17.95363883613764,18.085111575858434,14.853412990200049,15.955913372089991,19.175675665559464,16.443440551055147,9.048723776018917,10.636975668995037,14.71985316637836,12.256495775201934,15.977632609187623,16.051094558666342,15.188565249943808,19.534915198698652,16.458533657169006,16.346501527837578,18.623629541572186,19.393357717846634,18.33111391075592,15.5929174050101,19.255528481218924,18.42464865197769,19.035708692270354,15.704417785288129,17.234021710565713,13.9757166696273,14.059895442529621,16.428931358603535,18.214499809500644,19.145831082321173,20.313350209753153,19.80564337487845
Var12,15.115249323487816,18.893439248011415,15.19652951681436,15.655413044540913,15.448524717899481,16.474951355111738,16.040400711293596,13.860942502370294,13.368782934033941,15.351065483354887,11.294757594932703,12.633495062441435,0.0,10.913794395922793,12.195609053850546,16.33554843696642,11.743466464533945,15.465509293835673,13.296486150130718,17.26441551043114,12.634486007602842,14.796511143693357,15.922317165762468,18.459667485008914,16.54000644439862,16.488307376820124,17.068842956821904,15.647219671187335,17.702769520743498,18.340150074532183,15.290625662965294,17.803074608332484,16.4558107192745,13.628980492024613,14.962021435100489,16.45826864849723,17.57341496822919,17.624308685830588,18.58772640728219,19.69317691114177,15.423472843524074,14.872499098958306,17.70696148216412,14.893552224490554,16.597678930808136,16.89115307994208,15.604206506524905,16.142665609769868,15.58435575644153,16.14383739643205,17.481266334246705,18.33338966505868,19.025035819935724,16.197710290804228,16.54484296469656,15.689379644202699,14.87348875320032,12.86855156879917,14.870234491089187,12.534297165871708,12.550566348676963,7.331205799242124,10.237835306613803,10.685126785913358,14.434684616248683,11.376799721010183,15.86329834102685,15.293945399836405,16.573415036463317,15.057229320727998,16.166500261464314,15.821319154356035,17.55921502062661,19.627113594683028,14.994339569165849,16.200501245951415,18.756539012475297,17.440749649108366,15.955853582377836,18.427969905622763,18.505388417345607,15.785096911734145,15.120410175382132,15.39634788270173,19.269459764225573,15.583356485285492,17.15130834456467,13.413703938824879,17.509802416009954,18.681443375154736,17.929171444947883,17.428764765529788,19.615018926206776,16.00136238702078,18.115535269254526,14.998422733420538,17.473322474034727,15.509111987390748,16.39216668633488,16.847007521343354
Var13,17.371834928685477,19.49590866472108,15.844235190711851,16.208139505558606,14.40435674820231,18.761475827386175,16.89690982153051,14.558586673452606,15.758676265095637,16.30295578829096,10.91213193568882,13.156843045588376,10.913794395922793,0.0,9.293551600692041,18.031700373914376,11.21778053087241,14.412201033466552,9.329843923199453,17.211134902236797,7.238451877993435,14.641020349935566,12.32292264841512,17.659098778235904,17.497295895192554,17.103304718067143,14.145579078962204,17.524632478824564,19.072928336541015,15.734141095902213,16.816867571038546,19.435510993886076,17.44060170174895,14.013319021619624,12.599153403649034,17.277080689533513,18.85640358429968,18.418479031144464,19.22597901170234,19.50804661141579,14.097377190767373,16.52494884307662,15.525440648689854,14.930945979098933,14.241156818687129,14.337705005121602,13.913622533958078,12.904329404398263,15.934937020714093,14.481114813452805,19.245285906128235,19.735889681175408,19.549849147112134,14.76695558199445,17.314191022427575,17.090415855185316,13.283640564285795,12.609430075842429,15.938080620729872,11.659858677950528,12.204667926280662,11.173296968538066,11.090131179173,8.504061324641267,9.757786675012811,8.668814366858959,13.525387485586652,11.251590668666019,17.149999953207153,16.428562508510197,14.536172504242556,14.955798894084568,15.988981866195836,19.60231538983978,13.98540677935391,17.076996623366618,18.829568598535708,17.83213712726848,18.050161730254654,19.172367741260956,19.380648829501133,16.245298821461883,15.257172143219961,15.21804115821312,18.0830326881296,14.545778434147294,18.236188053721914,15.358111940674412,17.945121995760495,18.101841300236202,18.876578093607197,17.85879119202456,18.94897295704153,16.528672460712546,17.376807363837703,15.3434058511428,17.562391770947304,14.192460964248808,16.701617257710488,15.548499744838143
Var14,18.49682223777585,18.6332094132607,14.412427627319174,14.887190113417676,15.34379983075837,17.265469557819817,14.400531677001446,10.909399674726954,12.653258285732738,12.756245038626238,11.559265306671124,10.015703444329915,12.195609053850546,9.293551600692041,0.0,16.707716096293748,12.182800986916467,16.04810659846138,12.556978427728568,16.39547213327833,9.613804737430613,15.428142046632372,14.481985512838888,14.033469123349676,14.433043806145692,14.281141331977024,16.250458741092483,13.181602508285552,17.330610249655006,15.771689705614786,17.117081261513473,18.229955716612213,18.82344394219297,16.63542439622772,14.706639335693795,18.151535498613903,17.334958426955783,16.383840744571405,17.913804317869687,16.656331935058635,17.510452620452178,15.119534204276807,14.730767260927657,15.194855915523291,16.76206190966322,16.23129318737612,17.93136115998396,16.38258314141288,18.313574431668794,16.585661030410233,19.122274301649608,18.8123610702796,19.482532810421258,17.64051514692365,15.984595341947175,15.757505433513401,13.949921306273424,11.843393206175842,14.352282177083257,12.334819393582812,12.776268696187746,12.64139430754439,11.523264157444583,12.078132124472095,12.7469813469907,7.662504392881697,14.10485282414604,15.076789305942677,17.87106652740405,16.368566177601558,13.679783481982744,14.674590574457852,17.40459390223556,17.63826494005237,11.80289160894609,14.269639128224448,15.288856650773734,13.317734017559482,16.95089334840496,17.758824642467403,17.081736474888704,18.456246139323202,15.968174643835178,15.226320547153355,18.21804073519745,17.442680983495457,16.950341794456993,15.771661962484766,17.72728633245508,18.509441413735043,19.15317377989224,16.337971696813515,17.447857860862904,14.226652744381418,16.387538398195947,15.211505828868182,17.702947419402697,17.269740690050092,18.599606915167158,17.32687570776467
Var15,14.704919918182917,13.751384388450022,18.153961563287496,13.801432784864728,16.57033997326434,15.62093375818975,15.27746765538389,15.767488277103396,16.12254746760226,12.169474080684509,18.019351356566844,14.518010553569097,16.33554843696642,18.031700373914376,16.707716096293748,0.0,15.074068532934943,18.036671512026892,17.94790853132915,18.74913530593541,17.853327015004183,15.471091382680923,18.960239677641486,14.145140790814692,15.903104762776026,16.77191371413712,18.17004153716437,17.015453878448533,17.310339625438058,18.381465356775934,14.354555472342794,12.677427011054787,13.469121809432256,16.74844090093107,16.957584863593322,17.88854121476206,16.556454133007662,14.517568055444718,14.707157654658257,14.52883329071806,18.327252849433354,16.14180797131068,16.683542414790328,16.192451873585373,17.057740341304648,18.59786419795737,18.91817436773501,19.052819299348982,17.895819289307916,19.571371324139893,13.72675888779508,13.224614236372924,12.949318605886466,15.83500608487721,15.533045383377702,17.06754205759643,16.684268166045356,16.53921470022446,14.490776470019297,17.678111808842832,17.53417900509732,17.37163087262667,17.260646565677416,16.3551725693093,17.463945020287838,17.332330737163414,17.454675153674938,16.375304288646422,16.19583281536674,17.37577265811223,17.17750221036592,16.67168636324391,16.155285475729546,14.456559507563144,15.251527636753043,15.172807893440405,15.783889863613926,15.667423857858864,13.657957158772186,13.558338636604558,14.008568122215188,16.625092451016556,15.85854356322616,16.21649265781257,15.732613773124962,17.3423656328997,15.958875355217128,17.035289345032123,17.541397465973407,16.41366009387623,15.072069010979545,15.104654381698474,14.452308982520439,14.05218858378418,16.59628450342879,15.443518100803379,16.728568899039306,17.124827526613245,17.267099547539058,18.22968526422007
Var16,17.70786359397331,19.625464843846135,17.445545308852008,17.702162598733675,16.04126633281672,18.577361867023015,15.58251873547078,14.71273233702752,16.02721865090045,16.088407143871493,15.395373416171545,12.933906184341938,11.743466464533945,11.21778053087241,12.182800986916467,15.074068532934943,0.0,13.831061281264432,9.712302000606423,16.495848876817217,12.581155071413795,12.37730198327898,13.64372025256997,15.437508816596814,15.71357325263783,16.08282145209607,15.681083630173067,16.813667712424582,17.87536522953461,16.649347585707165,15.909888479028115,17.673282306781143,17.716452037477428,12.47400987371703,14.065073293851986,17.79237119690906,18.133558863534752,18.107179365583367,18.750010399219196,17.808348510501578,16.555763403312543,16.627605381625962,16.677794880080096,15.177529633638883,15.067257359382259,17.565109433457746,16.711454572827666,16.047466129905935,17.806656289858395,17.223231914453386,18.28609814730971,19.626868255083536,18.091652419358578,16.222737117701445,17.52557777545215,17.327313766568604,14.33511442569442,15.339528191434976,16.51460674263077,13.548212545982107,14.858784898097463,13.690670512409572,13.010785393461875,11.057948228695025,11.72005907960614,12.624400434995906,14.83807545078801,11.084989224211869,15.371118476955985,15.849760763143747,13.847809823457233,14.40102560757208,15.20813319051139,18.37421326728604,11.426060900911066,15.397975927723362,17.564841629815604,16.182219368961956,16.820881765506705,17.999955016024572,15.403157080645828,16.614983378946757,16.52153892391008,15.225845342621424,18.215511087850427,16.639899872826444,17.58371946021588,17.348930981941102,17.85588579932316,17.37348892535291,18.696621093677738,18.25813112614487,19.047611742583154,16.226884601503084,17.596288837662776,16.317862987803736,18.69965281598891,15.740580835996031,17.70886803503108,17.049624475298714
Var17,12.895769572865198,17.863304724660328,16.58427320531088,18.795776300870195,15.634876928467495,16.915085351335957,16.134843622162766,18.382262587455795,15.67816896442856,19.82845235542267,16.738840447749464,18.034177162002752,15.465509293835673,14.412201033466552,16.04810659846138,18.036671512026892,13.831061281264432,0.0,11.334311603164872,10.893001424543536,14.86316444654067,15.966087096061942,10.58425925791988,19.57421214717847,20.034876339507672,18.355762863768565,13.34845916065044,18.29518614947395,13.015957770037303,17.076234509945664,16.644256880778677,19.03906518558453,17.956034814557068,11.70483938214749,16.393060322091856,10.46801963645597,16.106691618425213,20.14460504014729,20.810317641814247,20.897012132351577,12.23901871204639,17.66229349830764,18.891984472971703,16.0972095241263,12.622189237026188,17.425209779220896,14.01365800038627,12.290838671188983,11.602093203619212,13.689148441654579,14.688647898158955,17.036783903556792,16.78670068146896,13.952174179212866,15.863316715313449,14.768689191284187,13.88336984914998,15.59569319352867,17.62497760170389,15.132268103420019,16.915922148191363,15.8577579303523,14.950361830867495,13.61968482247495,14.495643969529922,15.370205833894232,14.515106084847885,12.059171155573118,12.132867197094896,10.20880809168197,13.748073953533961,14.598439196975715,10.318765040064735,19.40996655910066,18.989262184267634,18.70635992561501,18.39104568367576,19.304387628242196,18.54769950329478,18.26211456979709,17.52905819017041,11.786910155014729,16.684049786310553,16.755098722065696,18.635148447604205,14.563993474745383,15.168773879991518,15.156546369964929,10.832040859550462,15.771983953501564,17.075189329907175,19.731363866222907,20.36917597496993,18.197365617413418,19.282700206274704,17.335471600706263,19.76706652747357,11.655357493740615,10.68308778791171,12.658807515343362
Var18,16.674071313157466,19.602460169040615,17.116574499332494,17.897027138326443,15.811321420404132,19.893441600174857,16.89363371102473,16.31446535183492,17.238183746299207,17.677642754387065,14.093306787250219,15.796267800197947,13.296486150130718,9.329843923199453,12.556978427728568,17.94790853132915,9.712302000606423,11.334311603164872,0.0,15.669657416306341,10.515882082439298,14.589758931060867,11.1842849601333,17.70733339452735,17.90915704646209,17.36185362199043,13.40912679213748,18.392313213179648,16.920645907293277,15.974043970221386,17.99638363602804,19.964242886138347,18.739315849641965,11.839492748548656,13.857819132740484,16.71035244135991,18.359379297256286,19.373764541235126,19.477963469933645,19.85267843208791,14.332924033551212,17.709920679862897,16.21771572228423,16.119777095559982,13.627155275770239,15.625382317075848,14.917173901010536,13.568637476733103,16.5056997343334,15.816991591354883,19.0161048276364,20.347596592847037,19.292691024070724,14.857026981531979,18.176581652206345,18.391168721491766,13.381867616714349,14.759058510647876,18.11340541016984,13.604679125861766,15.02622453573915,14.1158312437607,14.450480036714758,11.810040337375828,11.599778751541601,12.84329990871581,14.534413237556294,9.512063605140906,14.967356673411285,14.701719567909548,13.77922127827479,15.470085800538799,15.13955748877114,19.798378681230687,15.308304056712718,17.48872513513215,17.87968280689632,18.601807034096062,19.588694309936898,19.793519998409977,17.46520255635399,15.935287905165122,16.781906822130907,14.849346915267759,17.703906406176355,15.419875465130437,18.02499292105015,16.575359140440888,17.034218117158623,17.685509255203062,19.57145071697925,18.90803686054171,19.676175217559795,18.187534002195818,17.86012999944378,16.422669509701063,17.825258252547776,14.388512034531638,16.54639177390766,15.892747214622734
Var19,14.613854062719035,17.408032533760938,15.664566275248333,18.05896747982383,18.552797999718422,14.809542131337611,13.420863621947943,17.157406905743702,14.841913402600449,18.7752462785299,16.028888769196982,17.056324998267584,17.26441551043114,17.211134902236797,16.39547213327833,18.74913530593541,16.495848876817217,10.893001424543536,15.669657416306341,0.0,16.235740926736163,19.192718103583537,14.36956303823618,17.046174668669273,17.6552219041654,15.517350072046876,14.657778691560795,14.997475269000235,8.735006614018488,17.648497882034277,17.077066135851712,19.107973465047124,19.37294668760375,17.08952985683533,19.520131389056065,11.175194079119025,14.438550496175537,19.01730394861368,20.14879251841127,18.03409272319306,14.545437026455689,17.507698088938906,19.61770497639793,15.664177925445928,14.58075615637476,18.318232873095774,17.002024677538916,13.935214775300755,13.780076066000717,14.304583078850598,15.542254617005822,16.589689727862226,16.514686662989693,16.09629661136709,17.04548351740803,14.122501920139078,16.389125002319812,17.138870996247107,15.518993293507672,15.347145429413814,16.668214673854706,16.28578226237144,14.989007066989604,15.763071757521075,17.518865394987955,15.848187681343463,15.445381049165483,16.57994310608478,16.679425947305756,14.042811162521543,10.651952958753084,17.58728716304861,15.466170264730764,17.341574007646642,17.338242568952722,16.52673377404466,14.393199060952796,15.533538212526388,17.58410696302899,17.65803091425982,16.529520003630097,16.324123044330047,17.124809968588224,18.356104788672255,16.712282646059617,18.383850856192414,14.96493979706777,14.627804884050926,11.378724955651766,15.325783129677024,17.735403434766173,17.10476499500901,18.21208425650138,18.279534942239664,16.86978744590763,16.54483983954753,18.878160229127324,15.14571863941345,13.82764876298705,14.500131405522492
Var20,17.631468982858824,18.935093975490382,15.83482460533874,14.597289741951434,15.313071790753625,18.595243401214404,14.88808842862578,14.04294665281835,15.873112207346423,15.102791570901884,10.751275499822244,13.497081449116937,12.634486007602842,7.238451877993435,9.613804737430613,17.853327015004183,12.581155071413795,14.86316444654067,10.515882082439298,16.235740926736163,0.0,16.62453643595384,13.780200009961433,16.953374706423382,17.445315364361626,16.890605017978363,15.019902165659536,16.91854292266223,17.573822972956865,16.50019697716535,18.935802193571128,19.94790169916545,18.298802460995677,16.32744596334592,15.003004604036223,17.408323828750007,17.249367327197344,17.410132893132346,18.61945447360893,18.362602280489142,14.991479575792269,17.198090085734805,15.898966894329398,16.414287606676865,16.21322691362011,14.271261682746374,16.060331423347737,13.95908904923267,16.452047841060068,14.368585391217051,19.31885944191385,19.66986348463811,19.388321363254207,14.846120755329608,17.7034471765727,16.59571248648862,13.909658600602764,13.484603084523615,15.373117887748123,11.329754459733305,13.744465151918165,13.034437813025779,12.24544884048532,10.16445539566731,12.004064666719987,9.308750246658159,13.466708864411226,12.303462893304214,18.207041488890667,16.42254708550496,11.702177916387155,16.803613975551674,17.728612419257207,18.573412556061395,14.025944287796378,16.890756222919375,16.796871193991286,17.11524655544171,19.001645268552284,19.303600427876763,19.529940551339077,17.269264826176837,16.22942659546603,15.574755606565429,17.993449797634497,16.19655494693801,16.774659610781804,16.366772114095,17.285736133021935,17.80966797674008,19.044095186422858,15.915270147573288,17.63681730397865,17.212961347029438,16.65075686743321,15.867541499186101,16.367267351561317,15.51380625549478,17.012919094052307,14.970578294055525
