,Var0,Var1,Var2,Var3,Var4,Var5,Var6,Var7,Var8,Var9,Var10,Var11,Var12,Var13,Var14,Var15,Var16,Var17,Var18,Var19,Var20,Var21,Var22,Var23,Var24,Var25,Var26,Var27,Var28,Var29,Var30,Var31,Var32,Var33,Var34,Var35,Var36,Var37,Var38,Var39,Var40,Var41,Var42,Var43,Var44,Var45,Var46,Var47,Var48,Var49,Var50,Var51,Var52,Var53,Var54,Var55,Var56,Var57,Var58,Var59,Var60,Var61,Var62,Var63,Var64,Var65,Var66,Var67,Var68,Var69,Var70,Var71,Var72,Var73,Var74,Var75,Var76,Var77,Var78,Var79,Var80,Var81,Var82,Var83,Var84,Var85,Var86,Var87,Var88,Var89,Var90,Var91,Var92,Var93,Var94,Var95,Var96,Var97,Var98,Var99
Var0,0.0,17.547822975850647,15.848038234433641,16.002370945347717,17.64809501397784,16.068650449088306,14.940712099257647,17.775166701166995,17.79237360248279,16.138103668578808,14.52259162109587,18.158229650071046,19.247534897706434,16.446873295569233,17.10059999108171,16.888175630613766,17.826804157595326,17.375009523724238,16.88256277820084,16.359612580508475,17.54661078295766,18.971625394623167,18.29034452278811,18.79369379646389,14.281502709223501,17.708487627085418,17.43834886367966,16.375446435332883,14.626396436353211,19.449695253178763,15.867316226393354,14.567783620009934,16.570475016649922,16.592940703274614,17.36051855743505,17.38050089688823,16.542574565303763,17.114285792396085,15.814781168544068,18.634404734650253,15.287462723282923,17.344815627794127,16.97361210769763,15.136160061010122,16.097497462050136,16.271027977149647,16.50173324755755,15.591431490843934,13.014820855150944,16.806242207917517,13.83911266380635,16.543849399524742,14.936556680002488,16.11764005266831,17.758351226228218,16.16977333526866,16.79092522239599,17.559036481602494,16.869672542735383,18.58651190627072,20.008219285311373,19.49520732907467,17.221495729377583,17.31858668281018,16.52152967469621,16.863281018046646,14.011485174213204,16.379437146754977,14.781624692422238,16.18297477828659,16.177422982073416,17.73968064596201,16.323086690268276,15.114711470424915,17.168685484671833,16.182143062685626,17.100858358128637,17.544827781724603,16.14409827316047,13.551216176139711,14.045643014988869,13.698041780245434,16.47012471629767,14.892917828042028,15.935713963147697,15.155266877932231,15.127552104861767,16.27871100958538,16.397340443215302,15.758283233963736,12.692577381951061,16.064938349078886,16.475298675618404,15.862182495582248,17.952937412061548,15.43711184627787,15.882546380989387,16.26010395356647,13.597940258297417,15.085616206794956
Var1,17.547822975850647,0.0,7.806501004078025,12.216457438286865,10.412211387290961,8.679270434987902,6.990175608668896,6.708072978009705,9.105698300594037,13.013321970129889,16.841989542492893,14.429538037734611,15.039759752182517,11.872586604273767,14.050900952155285,8.518405636925825,12.730008778250227,8.863914314307184,11.817471101473124,12.201288656099045,12.689070430687307,13.627272842640762,11.557156968546257,11.645776209177654,17.457287099667568,15.916491553105281,15.988639738793228,14.693119944839465,15.670429514498487,13.136409299057322,17.784143743372212,16.721813566184558,14.270175778171087,14.728685360585793,15.354406624993224,14.127826925550727,16.130666490481676,12.794561508867844,15.960633443163953,14.041694296549768,14.474386913171537,16.92043152652481,15.54972997394442,16.84835288867803,16.817982712510613,16.199293210520853,12.991243329697141,16.251193681525113,15.696216007634744,16.6902594004681,13.49289862695189,6.901282475992964,9.857277770600502,9.466186880835815,7.539714614760273,9.225130471016865,7.815896616708499,10.31034969807183,15.386248540389966,15.550817745794959,15.652778384785233,16.664146484987494,12.694095498921039,12.56455021472561,10.625282638024924,12.452723932176024,10.91574343942409,14.7166307521132,14.196096350309867,9.620911427729688,12.049486736506648,12.154890899647606,14.098041846865211,12.54553756937176,13.940728225226978,16.980641890715397,11.420018216705815,13.700452189287345,15.785659006794553,18.56827062968904,14.603376831965955,17.052622689509068,13.839753465137083,12.172999168938258,13.278526903329903,14.87862563924433,17.295391389138512,16.412895890108608,13.832506301351197,14.343252328070268,16.07045590314061,14.999836671957054,15.044626789541113,15.015925810102933,14.51304671029223,16.137923132784973,16.17953022426295,18.025197119014077,16.263104311454416,17.701980936060732
Var2,15.848038234433641,7.806501004078025,0.0,14.81322261492748,12.229010492288017,5.904851700331689,9.468795381811763,8.657936453726368,8.093405588112656,13.104996272389009,17.12860504707158,14.656450283217627,15.656452632317517,12.704010870824439,14.116851937683377,10.178203186045579,12.767031686021626,8.31689931588799,11.847281582059223,13.319012018181821,14.797050223789585,12.8872714648571,10.602694897159212,12.598011465613691,16.29499280898837,13.82436895965033,15.751160992908389,13.100605564242166,15.718181881378161,12.828403985085068,16.196658395130417,15.364782542749015,14.405985198663277,15.655475510388941,14.652429206128168,14.64003370073906,16.52145429453134,12.98978202868916,14.204959402231387,12.736927162877926,14.769646730176412,14.937827659456083,14.5708959807304,16.557440891045356,16.255714772198264,15.504754293030619,12.001504520815162,15.230442369268182,14.367888486743174,17.15362265409281,14.477056531202594,7.682235613973606,11.845731571131896,12.203082040790008,7.440515891014014,7.991305612439065,8.332397837568235,9.64077912671444,15.817527940325698,16.04044423476247,17.555043047620607,17.946879913555634,14.008059630709726,14.561665489281813,11.106361147810594,14.243562956628592,10.732110159966002,15.53151997537243,14.434502983900328,9.304778640239142,13.160610790494285,12.44476412347864,12.090140653573691,13.097844480118626,14.30157043723263,14.825994463539528,12.939638195569948,12.050971819195547,16.29516976720853,17.660273172857007,14.9527001213965,17.79270418084015,13.349781224811537,13.377853530013772,13.584618611607029,15.586914781940456,17.47096132295264,14.767416881807115,14.847942559672186,14.896515602917969,16.376023906046424,15.633774066188362,17.313090759058714,12.717538947393436,14.73484566750222,15.432220351969795,16.108627598598822,18.231518657872,15.970959162281021,18.225673128329188
Var3,16.002370945347717,12.216457438286865,14.81322261492748,0.0,9.890179145259168,14.85429232727808,11.601821166604596,12.515812715636303,14.14426311617746,15.627704381990219,16.81882462335612,17.76487003218722,16.496787523110005,17.66773288141706,18.28214181743984,14.668848885624094,16.303608885460452,15.447770643615355,16.01733252165456,13.557129612611442,15.681130398841766,16.649201238190603,15.351651063886969,16.08109485975848,17.007050395790813,17.88330314950484,16.244913940376232,16.759047292312548,15.446279172074554,15.763143672875104,19.189658944131516,18.18589809848092,15.028190715148869,13.810874675312343,16.317158766324464,15.967013144263658,16.50613918190358,14.982996963929754,17.57659520425463,16.723212178743154,14.00241403147237,18.18850704552087,16.43573691909988,16.6852546457035,16.512451781983422,16.33324423430459,15.40247138021668,14.243190682867693,16.193009903563166,15.658318879948315,15.518656049113117,14.323796447528178,13.610177417671219,8.973322596725907,15.751772046328615,13.558465085793202,14.88549635216903,14.811785741686663,15.549206786226828,18.27083708543829,17.4840251958518,17.687872023337285,17.049731712513093,16.91018412244565,15.175286921729919,17.242211464567685,13.98651905124681,16.2773823863992,14.392037306193311,14.64703956992766,15.04742864231053,15.877145059979167,18.015906849853263,15.570073144718497,17.11265574937068,17.589791511465783,14.920600147637233,17.23422708487477,17.993090851188605,18.470776470710184,15.260747183443915,15.032871514762057,14.60326196354794,13.650693708294872,14.261539836663507,15.967109540740056,16.2997259610908,16.25537002604723,14.404710724903392,15.275717124224677,13.80543018922865,14.071802132825585,14.872760453824117,17.149394285403897,17.037668838417282,16.544314196169726,16.187028125966748,16.778438870219446,15.581987719926362,15.35550288129096
Var4,17.64809501397784,10.412211387290961,12.229010492288017,9.890179145259168,0.0,11.203365322804304,11.791717781629183,8.312954088924755,9.417983381248376,17.113506662442422,17.77194496335464,15.659172516236614,14.804317291068669,15.329617480882773,16.767895104713688,13.221922440237432,15.440823082914166,11.957503620542138,15.397087993522975,14.326586408473322,15.720722332722659,12.734269935194122,11.434705653744809,13.128217663778916,18.017351052630968,14.634337293105089,15.669830466692527,15.07068185303264,17.972559889959918,11.816272877032297,18.949193574404152,17.235072487813007,16.136320978281532,15.379412838095199,13.083989409721024,16.139534341117848,19.441630276056586,13.765812160850661,17.449387253167476,14.183630493953673,14.529285833225654,17.066166083905486,13.909331644020847,17.31574981531363,15.782084274912508,15.567036862347726,13.068003470568074,14.971067532536006,17.191702111013168,16.64424257044078,14.962377281216126,12.073145775268905,12.491240617050956,9.188750131420523,10.892293956643712,11.040499843408451,12.203914159987999,11.616130332933928,15.367134797183573,16.19132218692688,15.806737057972004,16.048445844804714,15.141978447187018,16.175281700158628,14.631925151493576,16.38186978533344,13.349395689192441,15.421298652502488,14.519328196574087,12.519207935380058,15.991623008050302,13.268733086240575,14.873874698761455,15.928921451327557,15.874238962933832,16.714351786331157,15.229794887656784,14.581494651291782,17.699660293429098,17.704122556668143,16.673978250154587,17.607612248950016,14.591384861713754,13.64849875900537,15.256422413044652,15.382063625844996,19.38104736739534,14.81114324401229,15.537933801507176,16.723261699238194,14.43533718230486,13.375832108003243,14.871741597448615,16.092818047415467,14.97380253530561,16.347852551756816,16.74140712320729,17.287023081369163,17.436444601511816,18.158470130498106
Var5,16.068650449088306,8.679270434987902,5.904851700331689,14.85429232727808,11.203365322804304,0.0,10.301231801980448,9.170967486140778,7.582385214623024,15.210378076527853,18.625822598016676,15.585102038243702,16.28684369323036,14.410328073510836,15.322516508892456,10.857974265131027,14.267952012601103,8.116903870682671,13.98191634702485,12.759407450085893,14.721918786535506,12.302034153709032,8.94631572211998,13.085514426289693,17.78695173206596,13.987009687694265,14.7198957981956,12.947916966076377,15.759166554251701,12.583158102488902,16.825734499378967,15.82627714365146,14.652647845700416,15.800455087457879,14.185974789839921,15.232576911414366,17.04632065748074,13.160648891232887,15.384307076219905,13.47414236745657,14.027478665759222,15.00230233454774,14.4868870236575,16.037836627989897,16.29134821602574,14.035313043336362,10.820806368758836,13.790057352151626,13.374856519020769,16.615511345985166,13.606458093311877,8.788658138050488,11.194549710719981,11.538054354106121,7.279172589402083,4.965657854801905,9.350655245507946,11.135459859718413,16.51881795296749,17.30124535831199,18.078060324393707,18.266645126966466,14.704963892951959,15.712679005101954,12.590676863366362,15.406801153323576,10.297465336031937,15.537941973519468,14.451553718882469,8.61637932108177,13.950444731442046,10.719929523294411,11.351879267590897,13.843382696513052,14.510518925853324,14.958152724461176,13.775059745278655,11.305973848503927,16.290755969498502,17.41340764765551,15.277934176276863,17.688775568050392,12.53146063031018,13.053817178985355,12.841507692217098,14.186836278201483,18.10550262561413,13.329372724273835,14.5123187010091,15.075654687920157,14.916552194068132,15.448526142532398,17.8508098790565,12.522586041862697,13.878505063316075,14.378915716798309,15.330971350443997,16.640960926840542,15.119679800944642,17.91052791577566
Var6,14.940712099257647,6.990175608668896,9.468795381811763,11.601821166604596,11.791717781629183,10.301231801980448,0.0,9.19468509595761,11.198348998862222,12.538685862741954,15.617046752889776,15.537096097207442,16.9775480106018,12.121919648391984,13.73426497156787,11.181326645045056,13.411899414110804,10.656136035967965,12.722753456766817,12.614221676954555,12.991403490544084,16.530508177717632,13.87730440760586,13.430057202978865,16.708354707754687,17.03944602665797,16.65118138798054,15.630480965106038,14.706189284809867,15.847697427476888,18.066745510199347,17.555904467737356,15.846023799900037,14.336809979190166,17.157731661834838,14.323736318529331,15.786478681320233,13.938105111057844,16.61889867356365,15.656936314096697,15.314337598713552,17.936704821805428,17.301507352797884,16.794875172204858,16.940336128996133,16.974419549288086,15.224725548295936,16.199937233383896,14.647438112233745,17.243491244788856,13.194791797730762,8.540873125340216,9.566196220781372,9.76866544422382,10.151977984415977,9.585637260195268,8.258092477268953,10.871151604237859,14.639904358084994,16.33114137975718,17.414396049049536,18.213440884009344,13.87275977588643,12.872384951930178,10.787746485305355,11.820999553437312,9.617836917967868,13.818168200213652,12.584394926619622,9.600606330366858,11.470190289783186,13.941813873930933,14.399136641047948,11.397754230194023,13.737624615447068,15.869728161971999,10.576860389650031,14.81820086683438,15.395618013337096,18.20171843972056,11.946941124567422,15.164680226813815,13.866185987484739,11.300113430097069,12.752656615391693,14.675572334825944,15.62966091083413,16.002602003969205,13.050178922231558,13.550364623749203,14.405761630887248,15.209472978127968,15.17686790794665,15.013978978720257,16.193226473743714,15.853479457938489,16.002913853289726,17.644109556864706,15.248519133484624,16.733576108886513
Var7,17.775166701166995,6.708072978009705,8.657936453726368,12.515812715636303,8.312954088924755,9.170967486140778,9.19468509595761,0.0,7.056664001043674,14.674975183498368,17.49529806984483,14.66741188286525,14.999791566338065,12.44000424448712,14.096114785979562,10.79691992789122,14.04054207149352,9.003233455690205,12.278566609346786,13.590401784736217,14.589941259493798,12.526504624030064,10.30805458156271,12.212275198091005,16.890515868652,14.286094717677585,15.80242980560934,13.503350730194283,17.38546701708896,11.841521139341175,17.300315645697943,15.473481151971082,15.669431968840675,15.623278788122265,13.756721105601187,14.640486273909703,17.793079346326124,12.50424706556175,15.866004888489204,12.78526155951546,15.61418938302011,16.05506702593907,14.146328139747352,17.308649791869083,15.591884327647643,15.981802203656905,13.152800418515225,15.85627028729091,16.519321556352715,17.753194905035187,14.7055266301635,8.543149465710417,11.860746210009712,10.376765352903409,7.900218748562194,9.507580874235257,8.365123426904887,8.290528424983146,15.207479223078781,15.403911169511066,16.027217633772707,15.95282317192882,13.162625666346626,13.846081143618932,12.348003888471032,13.717666357827705,12.76255572492166,15.449818292825565,14.988688826152892,10.764099005129667,14.010554328573475,12.463590910042496,13.298473827874604,14.328641649894317,14.567861351175512,16.33652286959362,13.130729480020324,12.620392376521357,15.497447102473874,17.147225202599834,15.91614979847629,18.585773263635676,14.484783132530573,13.507600616022172,14.810037797667734,15.766025809496547,18.515582653794123,15.05804044991886,15.339291032630902,16.48947612870448,16.18271141044015,14.161282988640435,15.150310784393271,14.785605475262589,14.38101567930131,15.852111171030632,16.759258987206675,18.29386511090562,17.610692150313223,18.913479683563537
Var8,17.79237360248279,9.105698300594037,8.093405588112656,14.14426311617746,9.417983381248376,7.582385214623024,11.198348998862222,7.056664001043674,0.0,15.116465033163337,18.927573015929944,14.190788510682724,13.710886809283334,14.282679494101947,15.8087115800689,11.496910777022924,13.532049409584907,9.651982517117018,13.38501008037786,15.171219042853691,16.053830706422506,10.953563020169716,9.400764716920115,12.677173993230033,17.546070228259843,12.793670601721916,15.108044293069376,13.188129288909204,17.852845599097492,11.051114195232731,17.17701865300294,16.104177151776625,15.139708958512035,15.99490849451051,12.331337649694749,15.229550347164215,17.877626248854803,13.428728105912255,14.383148151002752,11.584732233908207,15.80214893992125,14.645113062332529,13.3501801432261,17.161529959589334,15.593591676705499,15.387404548393675,12.104882300450539,15.26136591525748,16.138767095554613,18.015764667052174,15.116316703561075,9.983383592168403,13.283864200885949,12.20709370909046,8.242196563653438,9.22354842235746,9.774402518053682,7.683201198939025,15.391045576780915,15.086619956728844,15.871205394708957,15.330263968893593,14.293955670907978,15.805741629065462,14.114744594335763,15.858250421603287,13.628931943904767,15.740078122737696,14.940632022234182,11.245673072909291,15.514169733404431,11.190923107047825,12.715918452671264,15.75782911225654,14.426224726611208,15.140235068397057,14.547864501394676,11.119081587748784,16.458911179768027,18.00573852236717,16.31187001492079,18.944564364395966,14.598376739491776,14.276560003550152,14.59766142297174,15.759073389751032,18.917684349667375,13.992595642921017,16.335306832069293,16.924154432044112,16.47540910070076,15.804316541481343,16.19997637104585,13.915750359216338,13.98929791784461,15.830389356746169,17.06278141706339,18.096502459381313,17.61513055034788,19.368176831752347
Var9,16.138103668578808,13.013321970129889,13.104996272389009,15.627704381990219,17.113506662442422,15.210378076527853,12.538685862741954,14.674975183498368,15.116465033163337,0.0,12.105669058341993,13.122932246252061,16.88204246847001,14.579751585826813,13.87138134745946,12.80338582121903,13.783223294108154,14.460086648833695,13.531567994174493,14.1119500030104,14.817078495322392,17.21059443195462,17.045360717396182,13.564030014969973,14.425938246216583,16.516814435256247,17.55451361325685,15.712867175651189,13.721899639575513,16.56045913954433,16.123873081253883,16.0599207457403,14.667195869597682,16.247975250173525,17.33834093464821,14.454324301987505,13.302553632702464,13.400608835740359,15.246628023447576,15.856013187359633,15.684806718668678,15.458596995042969,16.553256263138387,16.166490740331167,17.047335082183576,17.762850008821786,17.533661606710627,18.234795601237177,14.640306250021627,16.730575175363562,15.014600717550811,12.802002210782893,14.027038573608493,14.550231756014211,14.802342563177401,14.794134533083174,13.16810487095031,14.492498556052345,11.344566083769065,13.58258647162435,14.59698471791631,17.44288703096073,15.36601783417031,13.384745678703595,11.665672672752212,13.101461385687456,12.36010277584267,17.191238583234412,16.251949354020695,14.9002583641982,12.59348943156704,16.0761225112961,17.228140778915222,10.358772245905673,13.068603148443973,15.189047034219255,12.374164556520846,15.74727070556934,15.586106117749928,17.52990585933165,12.447502906199055,15.671613950040973,15.536474478226626,13.970218219283378,14.509652528224658,16.287099465192853,13.272150227805575,18.177750540962876,14.445387236714932,12.39402752069292,16.829341751040676,16.594974827724357,14.086682771963803,15.265446188441194,15.35262823539836,17.006101607377087,15.787686332600199,18.20201884008082,14.722861940933761,15.781299887515747
Var10,14.52259162109587,16.841989542492893,17.12860504707158,16.81882462335612,17.77194496335464,18.625822598016676,15.617046752889776,17.49529806984483,18.927573015929944,12.105669058341993,0.0,13.22813601933475,17.6385818863313,14.70943403418226,14.962855122036824,16.385840081814333,16.469659480960388,17.315996521996137,16.527741249116954,15.34525661235255,16.83362834369725,19.76274188627923,19.421591652259455,16.566402965523956,12.149158203271856,17.44252309849518,17.769396515517816,17.70247280015197,15.03441435139429,18.7695031230136,15.390471785273027,16.09030652359474,17.356702272710837,16.913053152776275,18.61102050813764,15.053219802049798,15.930197919408377,17.637685403481022,17.765313552789955,18.957007994761764,15.962935535623352,17.394864098271963,18.276262227186866,16.876060100573582,17.539375954774677,18.352329107007584,18.125079729833022,17.995609882482874,16.153533479556607,15.859972236058297,15.08829698601243,16.467660129027816,14.790655095485953,16.569876293101373,17.386490076909965,18.282721774378366,16.475220603761585,16.771391208271215,12.608490900430521,13.574287971713634,15.267322751683583,17.2062869934706,17.193882229775582,15.061706423547342,14.83347516435785,14.208203315440196,14.879632615635062,17.415109114150265,15.664759793203716,17.055991147842672,14.42388151296757,19.135327881252696,17.98359400317657,13.134744662242213,15.271593893527921,16.28650170195158,15.345866246374468,19.297771365141955,16.21158998382418,15.77846215196731,13.661362218148447,12.941314180988213,16.77472622989753,15.482049709443107,15.416645494635834,16.173555205359726,13.792922523977376,18.921911992323146,14.862156362178279,13.885915263282248,15.247447192302909,16.053616043832413,14.427375918317386,16.05315858988461,17.71438330032018,18.230191610756354,15.940869442135902,16.810992549142025,15.695335896833932,14.263390329746306
Var11,18.158229650071046,14.429538037734611,14.656450283217627,17.76487003218722,15.659172516236614,15.585102038243702,15.537096097207442,14.66741188286525,14.190788510682724,13.122932246252061,13.22813601933475,0.0,13.077302721514366,14.293016503374869,14.652411020321665,13.554872701264806,12.930296067778674,15.214746069787282,15.48706389092611,16.558691396513296,15.33459467100624,14.358761952806791,14.52605870186043,11.051219260294229,13.476769326093564,13.01635782403714,17.196692874538115,15.74419919436242,17.91952758544424,12.63495480527616,15.582532469560109,15.418258165376361,17.585434203632158,17.771003518994693,14.899900231769236,14.447702967335708,16.255865070086035,16.852863603252324,16.161098341772128,14.348970284682233,17.19471773535845,16.49783468612841,15.412193324124694,17.781511094022267,17.78539767545378,17.224719418308126,15.441075606853694,18.772268755981894,18.2821363984775,17.52814138827435,15.767871523715726,14.065237478468255,14.759560361835215,14.780993305505573,13.914099424483268,16.13817682565471,14.08754254766545,14.379087631967954,12.459256162033741,13.000860551292877,11.149549348249135,14.11500675495674,15.022334089336434,13.292990740319262,13.494267000525657,14.340940156527546,15.546909418453522,15.725231002876672,16.959960489169582,16.11393940756622,14.855361202996468,13.497631190969939,16.31010347088633,14.887929846085044,10.846773132477578,13.379008363893616,15.353269717681133,14.962111229091622,15.882274093952025,16.21019221650647,15.81341760475839,19.064261859236314,17.481247664306714,16.47498161532144,16.402841003823305,17.77985247698151,17.329269081473022,17.261764715919217,17.196423204701066,16.240670540620396,17.136727120399325,15.136433036995223,14.317291328985844,15.701188764023557,15.14717223192417,17.361623761708522,17.4915469529966,18.526487820990845,18.446639400831803,18.235955019571342
Var12,19.247534897706434,15.039759752182517,15.656452632317517,16.496787523110005,14.804317291068669,16.28684369323036,16.9775480106018,14.999791566338065,13.710886809283334,16.88204246847001,17.6385818863313,13.077302721514366,0.0,14.227660740188075,15.123353527717972,14.480000996055246,11.188518408184686,15.495941368461532,14.664654283265905,18.031702924374645,15.572901189790775,13.634474157566133,13.985644127288673,13.821694467415172,17.550843337037723,12.969006680476962,16.437070702333305,15.681551215555217,18.75612560988048,12.384390043533818,15.997809345516906,17.377909236847856,17.19487304506532,15.529362654229773,14.588436703127607,16.462791542142163,17.894766791609378,17.521780410333154,17.04855386231745,13.944459931004925,18.639392991981968,16.404341250721128,16.245606715215807,18.194000873009234,17.58525416087959,18.203541928638582,16.314151932587713,18.7804537322189,20.181690735598334,18.34614653564541,17.62354445994771,16.351431030960907,16.913199334492635,15.319451153151725,14.4888380771696,17.679324269397327,16.235565116758195,14.59404162741079,16.70810612856003,13.95070847228435,10.536517814392996,8.39227026555224,11.738137334326206,12.772959405399964,16.14893423930293,15.673598081297724,18.2987025858947,13.903097887012306,14.86324375455721,16.096418927770387,16.594108926136734,13.103600217298029,15.73213116380277,18.35485988281924,13.719468592538801,15.348096191731265,16.649408123636036,14.770418296132926,18.60626000487964,17.522901060415492,16.804258962779866,18.324110604166087,17.848336856614022,17.47085232968104,17.489444828257273,16.648285166911062,18.44487036597537,17.29446916828225,18.407862548035027,18.284889523040373,18.991677137252168,16.932108577786902,16.366044438816914,16.698554005586367,16.47251136226442,18.61831354585046,19.002084120113047,18.6307270203497,20.095896401597724,19.28530248043275
Var13,16.446873295569233,11.872586604273767,12.704010870824439,17.66773288141706,15.329617480882773,14.410328073510836,12.121919648391984,12.44000424448712,14.282679494101947,14.579751585826813,14.70943403418226,14.293016503374869,14.227660740188075,0.0,7.809797382435399,13.019493531863572,13.33153238707177,12.804583812208985,11.54421854123658,16.348959934624208,14.37434944630809,16.803585582502198,15.044273962350488,14.95575998643903,17.118675152249022,16.25516809540176,18.14873835313921,15.209631765394844,16.575881663720615,15.242181458667199,14.818292295016015,16.323149392802932,17.21006570701274,16.57110241938077,17.088103863219956,15.186787133590913,16.85669667825427,16.471359636122273,17.989602303872246,15.97328484159265,18.240786041244775,16.883277567784063,16.99242595894041,16.868701008828452,16.80599790481528,18.042845020267052,17.078618166007793,18.833922467462187,17.21166334477862,18.11247167909083,15.492922619596621,11.137463519901338,13.307298514186567,14.574327281905612,10.47766636083565,15.02151093688447,10.585777428764011,12.780140184501178,14.9560648735467,12.03787608442885,14.717592541524201,13.787485647303672,10.454860737382603,11.903061799331914,12.218495967308328,8.604047375752419,14.773780301453415,13.400641328185047,14.243641041946574,13.178678020206494,14.297269959900449,15.011991194418364,12.484106274148155,13.260429052679577,13.648345125590916,16.75828931118346,12.359755407195285,14.300782269277988,13.881730004740582,16.38779450792007,14.138002246788826,17.116391076534125,16.364444437644444,14.037315180321455,16.49666764924813,14.964690562650162,16.268581400984765,17.342510964658757,16.766042131226445,16.684460836945256,17.626058593181394,16.504288133284472,16.103248404089975,15.191960877968214,16.102095613731027,16.9128864274586,17.217885723841082,19.026670917956196,18.168702088439076,18.630293456527188
Var14,17.10059999108171,14.050900952155285,14.116851937683377,18.28214181743984,16.767895104713688,15.322516508892456,13.73426497156787,14.096114785979562,15.8087115800689,13.87138134745946,14.962855122036824,14.652411020321665,15.123353527717972,7.809797382435399,0.0,14.882557292783726,13.251640928332623,14.278880281561037,11.769120100772186,16.952264059721806,14.699217177746991,17.68363184742692,14.759534435366016,15.513879644658973,16.82971526496559,15.452251581249396,18.448174641828185,15.164020802153392,15.87610503819336,15.332585613008023,14.513467571963268,16.740548763907046,18.155734097414793,16.287070516712415,17.433069560225984,15.995275517715221,15.715198340825175,17.272712460134898,18.702147891865373,16.362667833377937,19.09193463813348,16.135610411565477,17.491355827821398,16.594073901754903,17.155904398624816,17.920342640045902,18.1499675290054,18.704308344191922,17.12635935786058,18.273070312754722,16.8709003512656,12.854521988346777,14.443817249554513,14.855982307294928,12.621825616996462,15.426791846009523,12.29333363075055,14.337640196257016,14.694919504774713,13.01629944533265,15.413768415326507,14.703508557109046,10.69864462403769,12.237831645959787,13.106841503015971,6.305576360904726,15.279434153093984,15.203868402586851,15.07774281103718,14.373570208367623,14.796350203528114,15.069781257612032,11.338285545733996,13.106051937401347,14.165905125371658,15.759913833299734,12.46687435129218,13.171248876987478,13.543196372272115,15.6823081589421,14.36397064402528,17.158432455719353,16.441464634013816,15.14998328380442,17.008011758661038,15.407952832074944,15.780021560093113,16.94268036199708,17.092675481825296,16.84329283433733,17.467567945326557,16.20366309701563,17.41101377664085,14.74275330905457,16.256595782990203,16.56441162643307,16.827722406631644,18.55452240532968,17.846522986538716,18.168781907837317
Var15,16.888175630613766,8.518405636925825,10.178203186045579,14.668848885624094,13.221922440237432,10.857974265131027,11.181326645045056,10.79691992789122,11.496910777022924,12.80338582121903,16.385840081814333,13.554872701264806,14.480000996055246,13.019493531863572,14.882557292783726,0.0,12.958862365384087,9.718330111298558,13.186375168387253,13.095519331112872,13.096946784716955,10.799641836787886,11.484090484340053,10.103439677609666,17.82550902435453,16.13748875986383,16.6383889164832,14.048383261744632,17.07809198472392,11.521008808318932,16.47946535828377,14.36411604214951,13.280129445552333,14.883587547751194,13.329115289211513,13.7781248992924,15.680506011469179,11.493149030946224,13.999774596116382,11.978645622557243,12.600973803820995,15.544831080960462,13.79632363341944,16.57951594724383,17.098733045040476,15.057992565204998,10.575379615639811,15.77519869242141,16.103426043932664,15.36565106146872,11.715458728638566,8.239577628234652,9.779397834934503,11.295347293663188,9.569738308662926,12.031312308541166,10.5803627751906,13.537296290914846,16.402632458808235,17.058956893520175,15.707600931656481,16.14970724126345,13.183052269902458,12.740736426927102,11.272741425464497,14.16819096109589,10.91534789389583,14.689547209300896,13.585101892468114,10.810983424309782,13.200269888704872,10.920579077474557,14.988997164188033,12.66368865621925,13.922968597522045,17.88424710762899,14.658023720810528,13.715828762787417,16.806530257208593,17.434930041642808,15.9430944218915,17.401919973156694,13.496400226439965,11.427767131953106,14.15706916971095,13.997199648484413,17.503306719835837,16.11311377667514,14.44382024915185,13.695201849657343,14.909294990712466,15.761245163281682,13.330192426442093,15.584115682255169,12.044396028331402,16.268934093389426,15.694879285049138,17.006599453752155,15.88322963273918,17.480747243093024
Var16,17.826804157595326,12.730008778250227,12.767031686021626,16.303608885460452,15.440823082914166,14.267952012601103,13.411899414110804,14.04054207149352,13.532049409584907,13.783223294108154,16.469659480960388,12.930296067778674,11.188518408184686,13.33153238707177,13.251640928332623,12.958862365384087,0.0,13.35861769608615,8.682006424471808,17.111919058079447,15.116499003662154,15.901367398099765,14.57010443500822,11.19511461836204,16.158447111020156,14.024244082322875,19.508245367386017,16.57925556216348,18.204339482503727,14.062582983538805,17.291415688065776,18.55001874033451,17.02686387120514,12.56326614400434,16.443159342888507,16.409334478252664,17.050404745940213,17.045194137785582,16.40490418916048,13.391611579456848,18.799864364833024,18.032152718941116,17.627738084318594,20.185243592437427,19.9256445506364,20.73744716374629,17.58715395735752,20.1710519077432,18.968714157761084,19.333832908161448,17.440154617639717,14.51614438073203,14.872718783926606,14.39769956945347,13.13921669409896,15.353363532399907,14.550067241765898,14.544728433839754,15.326192153979665,15.004329116025241,13.563754764178015,14.575034669776311,13.047091623794426,12.985347470152343,12.405641375509916,14.222540268838705,15.849804580507717,11.796849794547887,11.445361220243779,12.765225508653382,13.966154992417101,13.178751246754002,16.322760338140647,16.1574231119301,12.373176296743216,13.57868859041986,15.838921212665756,15.875506969314866,18.38756458546567,18.219693565201695,13.992699612267193,17.52860289341809,18.645724031894378,16.142414770288504,18.143628147697687,17.32951415691176,18.508946226200518,19.277510957881866,17.732535364370975,16.396143690254654,18.865934502675938,17.179387396276304,17.403641139831446,16.892448401333034,17.39028520247002,19.97845231508345,20.93398707216635,20.996823952901387,19.04933910237821,19.704983500725362
Var17,17.375009523724238,8.863914314307184,8.31689931588799,15.447770643615355,11.957503620542138,8.116903870682671,10.656136035967965,9.003233455690205,9.651982517117018,14.460086648833695,17.315996521996137,15.214746069787282,15.495941368461532,12.804583812208985,14.278880281561037,9.718330111298558,13.35861769608615,0.0,12.307003606755426,11.081395311716172,11.856934760859666,12.686828054481133,10.966048413961138,11.601702392039345,18.60287740262456,14.979241876513408,15.670739273995288,14.897977972457847,16.70682406574177,13.46516827512384,17.79935423493106,16.840133092593113,14.652031632655959,13.491048547774819,15.05883126117891,14.08603075545703,17.44545862584106,12.9434667274846,15.658427738957647,13.548607978920078,14.781469512373542,16.48339746987318,15.55776809354092,17.748749380459167,17.458782096537462,16.209098725270508,13.005488687384888,16.147477000856934,15.203921690177692,16.828177394111272,13.709138583010915,8.357275923415438,11.059718635993935,12.847942906599013,7.730721234265541,9.362867209271375,8.823751162501493,10.529365347916547,17.02958553673781,16.966887491511795,16.95713526716846,16.46145935540354,13.088824731463829,13.178936856175625,10.508812293167871,14.24745623254082,10.817256819609089,13.927312720122917,12.897651510264701,6.345461347738616,11.346499078817123,11.193829952665054,12.344792532376598,13.011987830743033,13.958898213407648,16.47882689184683,12.653804430709153,13.664305605544476,17.409068881452963,18.09906560089146,15.267702114011316,17.602512851639464,14.819626039069316,12.60821725534832,14.03482580552487,14.122303074773091,18.111448386497557,15.269590228763702,13.271153470302,15.452126306767369,15.622694870967482,16.442490253318404,16.99890601699656,15.777353556642469,14.922240060861526,16.31706699974192,16.409881797450502,16.93528551776384,15.891011679829584,18.069898819100448
Var18,16.88256277820084,11.817471101473124,11.847281582059223,16.01733252165456,15.397087993522975,13.98191634702485,12.722753456766817,12.278566609346786,13.38501008037786,13.531567994174493,16.527741249116954,15.48706389092611,14.664654283265905,11.54421854123658,11.769120100772186,13.186375168387253,8.682006424471808,12.307003606755426,0.0,16.637128210857835,15.357364256845914,16.351281898100783,15.001451203716973,13.12006815881675,15.893967704801616,15.147355711958024,19.532102484953263,16.125790895966496,17.566542727302483,15.341922155876459,17.41196533505746,17.508174639896268,15.674774120523342,12.214090333523325,16.61132111869321,16.831808078432164,16.937097211078036,16.424857592922155,15.358395545705998,13.450535592713313,18.326977367036204,17.78895637269059,17.197767574771937,19.64209114105168,18.65806576202469,20.06336285044179,17.427288960149507,19.02418514381493,17.83384818236747,19.27676248948035,17.246132547899535,13.423419782836147,15.69620342998956,15.261323614305319,12.533502163646393,15.109043491356228,13.340526973303088,12.729510749407025,16.334664384274976,15.21723103397784,15.843766584826247,16.01655621937909,12.754343628201152,14.112221026566353,12.413941650964174,12.808993251595222,15.706234661710965,13.906028673695806,12.659334991480693,13.081540664963399,13.904141530176082,14.572702062833349,14.660756343642458,15.124152481232514,14.941650731896377,15.832297161756605,14.51163335901752,15.335777753702256,16.927401473606555,18.310571287039547,14.57960210015513,17.84670122034665,18.587336211240622,15.357182598201026,18.840954084211894,16.714355303202588,17.87291440691721,19.058462789932825,17.664232438236652,17.22413647319099,19.031573345019638,17.128811645357324,17.69208006029435,16.796030860591653,17.28646597268602,19.21886939044786,20.01250444932062,20.606467523177066,18.228299279429983,19.61019831017252
Var19,16.359612580508475,12.201288656099045,13.319012018181821,13.557129612611442,14.326586408473322,12.759407450085893,12.614221676954555,13.590401784736217,15.171219042853691,14.1119500030104,15.34525661235255,16.558691396513296,18.031702924374645,16.348959934624208,16.952264059721806,13.095519331112872,17.111919058079447,11.081395311716172,16.637128210857835,0.0,10.542315321520979,15.803584602010753,15.56672949302161,14.178471680595113,17.55697807452528,18.38642464198584,14.198258775299827,16.480850201129737,10.591403580316237,16.515901073907404,16.678876751877173,16.77074887089036,14.827245265815005,14.778062986480524,18.20512823205104,11.398593673721503,14.534468820570751,12.765706258807196,16.494153356293616,16.855522467329806,10.633589579522317,17.876376539633462,17.39951063399009,15.509340394208822,16.642633902180297,14.689495315020512,14.389252205588923,14.113947652160466,12.281949566576847,11.037877406287938,12.303052575212668,12.53827241220257,11.930521050556564,12.953204808022448,14.13718772128112,11.99106091734756,13.080733150478906,14.9081287761342,16.77063653757914,18.71576074029453,17.54359379068626,18.348593674464635,15.888133884934655,14.80408943374437,11.749797093298834,15.395512469482686,8.686398144650099,15.775392950623058,15.788168686486353,12.073498309505839,10.46214551573224,14.811435238760481,16.626704765545202,10.556428068239223,15.464507680943353,18.460888596879382,11.98864856341837,17.087552612819213,16.771135367841804,17.641868713998,15.100885719649163,14.379831284906107,13.547607413037998,13.81223155104369,11.407988675127289,14.756891536421927,14.870892708027217,16.699245048740845,7.538423736969538,10.72451769635913,12.763628636114587,15.583391754737537,15.061719354431329,16.58283193374947,15.00885612511813,15.556820971385806,12.86494029483157,12.951351614239035,10.539318876198179,11.43047048509375
Var20,17.54661078295766,12.689070430687307,14.797050223789585,15.681130398841766,15.720722332722659,14.721918786535506,12.991403490544084,14.589941259493798,16.053830706422506,14.817078495322392,16.83362834369725,15.33459467100624,15.572901189790775,14.37434944630809,14.699217177746991,13.096946784716955,15.116499003662154,11.856934760859666,15.357364256845914,10.542315321520979,0.0,16.152201599437063,15.787651823594134,13.9789678441095,18.54101696812797,17.95992052883892,16.339981579703252,17.918227942694365,14.228912976113772,16.962456088665668,17.850728533101922,18.14481293649936,16.791287189193564,14.52268474326337,18.625891534658848,14.544668944933067,15.627940057122919,15.352635968524723,17.348614978090424,16.63427441107121,15.512677374014245,18.8757352617498,18.96823859962222,17.178820534059543,18.703973158412598,16.846984819453148,16.843565131610763,17.949375066387336,16.578643961295608,15.267255131605602,14.16703143392493,13.456352508317153,12.556646737931544,13.8806402219701,14.26409565845744,14.478611565125396,13.112470914394374,15.342791764571617,17.18367309149497,17.320066670450647,15.755173568864848,16.272509619227588,13.820133314770572,11.955241454131649,13.085257844919683,12.674545957568716,12.23852183032967,13.444500125706243,15.466280456746855,12.760157718002276,9.217328083405372,13.556917642781217,15.860988134984968,13.507037652582435,13.447158696834885,17.458218981287754,11.72819303118175,16.67079858523768,16.96998259140718,18.094045120870696,14.83456477699677,15.874526078259084,16.136965507122884,15.305304829133677,14.431818416388566,15.098564919926833,15.77687392045388,17.507487888997865,13.048384682781967,14.648324501576484,15.398543308035208,17.061194442473106,15.460395984282009,18.006438213232634,16.792908091461122,16.420723809236016,15.4854956719645,15.389655441357027,15.55114536821251,15.148667010999581
