Var0,Var1,Var2,Var3,Var4,Var5,Var6,Var7,Var8,Var9,Var10,Var11,Var12,Var13,Var14,Var15,Var16,Var17,Var18,Var19,Var20,Var21,Var22,Var23,Var24,Var25,Var26,Var27,Var28,Var29,Var30,Var31,Var32,Var33,Var34,Var35,Var36,Var37,Var38,Var39,Var40,Var41,Var42,Var43,Var44,Var45,Var46,Var47,Var48,Var49,Var50,Var51,Var52,Var53,Var54,Var55,Var56,Var57,Var58,Var59,Var60,Var61,Var62,Var63,Var64,Var65,Var66,Var67,Var68,Var69,Var70,Var71,Var72,Var73,Var74,Var75,Var76,Var77,Var78,Var79,Var80,Var81,Var82,Var83,Var84,Var85,Var86,Var87,Var88,Var89,Var90,Var91,Var92,Var93,Var94,Var95,Var96,Var97,Var98,Var99
0.0,20.28240011523578,15.842126906531092,20.054040683596348,19.94145552844117,18.48454775107167,19.150911374458506,18.75909759626122,18.72002624075963,17.604182002914765,15.354017387883513,17.322144670735863,19.137329490250732,18.557850626899832,20.317788744866643,17.857777571545572,19.48840173341972,17.693186522759873,20.49324275114851,18.51675927657629,20.568004133686276,19.233758479140683,19.493385490053807,20.020589257040157,17.731365978098722,18.80816315428428,20.57273274563326,20.672864152077377,20.046092131379357,20.550631557870364,17.940328344948675,18.727100192203483,18.617965532349043,18.909660930069407,18.489687656884072,19.255291281745624,20.70357750238473,18.980750215590486,18.92492642961668,18.25710245969136,19.82716832819167,20.143488632280995,19.858073024230823,18.11704452549393,18.36355565008771,20.151443195580896,19.72283440353315,18.367073754658435,16.639153417331656,18.554607773270803,12.968470520318885,17.603459996578124,17.546162993617724,19.013321131764613,18.910069313643024,17.088529834349593,18.48866100853533,19.35588738452191,17.27245016031438,18.34668159828724,16.423339085795625,17.039681891956864,17.112854651483794,21.258121848466278,19.99057185535047,18.712572103310787,18.1697639106478,20.492669458673276,17.64317311728633,17.097313946195086,18.92315100649454,17.50188469027977,16.742026371300177,18.66102103874936,17.667961767367174,15.710680871924875,19.883658007901445,18.36459135710757,17.068695679125472,17.243289092020643,18.551683307873173,18.40651165389675,17.806666867944987,16.388153786038593,18.945853985883137,18.849320745155445,18.586881783543976,18.506166966184043,18.664606068216735,19.3526140833152,18.003757345364804,17.81315926232039,18.0035351915114,18.04045677162439,18.77864944223535,18.62777947801213,19.722942349437,17.99511006263838,17.2497783809985,19.645637238126465
20.28240011523578,0.0,14.720666767547655,10.246736114704383,14.684163676805476,15.05867186174326,12.4368802940603,12.013253770989593,15.429182581609576,17.100328832235192,19.019879411325963,18.136883699361743,15.153543545757234,16.489775895202566,16.23835748196075,11.81850809280583,16.488076406644936,18.311609241315367,17.272092221580117,16.250746394494556,18.91092725982857,18.280203701320247,15.294797221558474,18.83637901172026,19.73206391914456,19.919943153036822,21.60864481094565,20.22628560800141,18.01974426782617,17.575815948366344,21.737539153135344,17.8487652206487,19.52794118952365,20.07689755664097,21.24297775624052,19.729075046040023,20.57076864633948,17.85837500671664,18.40452905228093,16.52722282430609,19.60290760615305,19.212471751116123,20.279263723763943,21.805104265532663,20.87852539417002,20.658905619504395,20.897065927582336,20.44122910107319,19.140606249872697,18.73086884669318,16.953660731694157,11.102399788750484,11.777869224192878,11.9096669994142,10.370207041675473,16.332571118342102,11.921986323773949,13.75951328639172,18.440435123352696,18.32926272672638,17.181983707686108,17.20601457413203,17.230099624661126,17.29303563871832,16.205240824974847,16.89470301443773,14.893192294557672,16.73263471854616,17.265479802112214,15.905319056142073,15.55767473358542,16.733838049535258,14.32271578064447,17.19788295636862,18.49896091914279,19.482922109792938,17.471357890477403,16.79703847743826,20.22538645481451,17.795474559556595,19.53435606336707,20.561744531156904,19.0264181656601,18.47365909529797,20.312403585240165,19.1933398683645,19.55088622766251,19.073482564957693,16.318725088624422,18.511971744385207,19.6023533985196,17.061671103511205,17.51017022462078,18.90215891006284,18.879226411230214,20.6155466834919,19.378370700348636,19.49868402555065,17.847282440662706,16.986426436796098
15.842126906531092,14.720666767547655,0.0,16.621175512847557,19.736962477619397,13.579912811034124,15.69572394852618,14.774254429845946,13.961952187028018,17.177658770976237,17.81615837416053,16.626866751849764,16.353147320955483,18.10838276491973,19.29666238472012,16.143256021054242,16.189619827347762,16.246385757924845,17.93740638003311,17.711272209284385,18.615955859937788,16.744119664820058,17.24061875652265,17.423658025066047,18.148361048909816,18.01939428501513,21.61815362757892,19.468356353741576,16.84060730238498,19.608937407569105,21.442643559502912,19.72279424351502,20.919156038682143,18.007187312225067,18.917395244332933,18.15565068939112,18.65114516738729,19.402303062141577,18.79160514425726,17.10064986197091,18.30890700502144,21.74008613403572,20.93792667060873,20.61664353754751,19.866739875891287,21.594369551979234,20.49494145343473,19.906757140626368,16.454645193201856,17.53711882185883,14.931195300523155,13.809707437626546,15.416477125567454,15.143624066238546,12.325913751504748,13.560303573921644,14.440290138910488,13.43108621315424,17.168152209387184,17.86237386889161,14.332890213970616,17.066580664093326,19.014703323275924,19.95226112089102,18.286372866051977,18.7124332879908,14.855412085462484,17.39918930889594,15.92633947043766,14.691724540456343,16.932590278076763,15.598927076271924,17.17217274108302,17.82815761543466,16.86292642617889,17.946444291587326,17.75801073536023,16.393460604184355,20.30310254276962,19.196474022458503,18.30930543306745,19.164528251261743,18.378870588238485,16.65230325359329,19.832448777629264,19.418189066003123,18.533322864183187,19.03730264399129,16.372636448064263,17.951965115770584,19.29235471680564,15.786925618780684,17.087333065198006,19.024806780384843,19.33671219938475,18.71038642473436,20.98514043002302,19.17164837136155,16.37061579575412,17.593819538477245
20.054040683596348,10.246736114704383,16.621175512847557,0.0,14.534177912895627,15.870842449393766,11.922440751166508,11.348925147108222,16.108540560295495,15.805247134554408,17.67790479624081,17.0101365343186,16.20340212578318,17.189368697572732,16.92883077317668,10.667147905381952,17.16064981695379,18.20727161653818,16.877634153433743,17.200567994572907,19.056470525927608,18.113955496562976,15.35621314500938,17.81933847419652,19.358928670057043,19.208503970820235,21.83750228044396,21.099344631138035,18.2158980802406,16.97570866465598,20.250866011703785,18.08522818013176,20.847191172685903,20.824548069686323,21.547280935870194,19.383269110601283,21.210108979849,18.36604096757899,18.15534682844584,16.646022946985504,19.143485942808017,18.2950949064652,19.81261013215032,20.685506203440134,21.259491956564663,20.45494677811765,21.26576652923806,21.07862588381756,19.14382779200855,19.088202094074973,16.65199463107437,12.00007672000952,11.566336576537916,9.703487562369046,10.572328985492533,17.344865824009503,11.619493940184508,14.763347435314104,18.442366236720712,17.439632222966658,18.52361086379686,19.017959997611243,17.715696242985103,16.503768866383652,16.690687467100034,17.867748466050262,14.06333636298104,16.387139924055386,18.475786205304008,17.24150137856174,16.699392790062397,17.03271705399714,14.752896966736564,16.691175219035273,18.001927436440514,19.859187753023683,17.434066748958646,16.63898952276489,19.2583573587581,17.85813773769521,18.875711429336604,20.458626979440243,19.44102258624062,19.0120493838227,20.782838013327616,18.70004551217596,20.13476783380897,20.100831548243274,16.34600602565883,17.06026720970991,19.727158571826205,15.93406532107716,17.58202714865878,16.86735178856407,19.281330990044008,19.706805470587057,17.91863792634387,19.62575654166328,17.84525654144703,17.024988184907492
19.94145552844117,14.684163676805476,19.736962477619397,14.534177912895627,0.0,18.8085284038929,17.981321225454007,17.907382104306663,19.35086331161669,19.515793626465246,19.621067635275526,20.649395715350156,20.254935028636076,17.876072635218744,16.557447803295485,17.97408749778955,20.41397725383279,19.74976247113954,20.16314616983525,15.836717177775178,19.056187347836985,20.98592812426566,17.058102787737194,20.828290606585917,19.61138721461867,20.958540645965616,19.40912825044257,20.537771646646718,18.86270952383701,17.024513487425526,19.39954262091235,19.568609291023,20.673334142538213,22.16147477670033,22.23079399288825,20.28830061274529,20.859800319796843,18.7029153109832,20.098789846448675,19.49505353667782,21.88831727026265,18.610024723663628,19.88014129797231,20.22230858614046,20.021343158306728,19.72438926264838,21.30731111652512,21.561640446280936,19.115658110753632,20.19577905858079,18.59201181564352,18.10168463217576,16.779642136901202,14.361771582969602,16.01428967496536,19.732619382458108,17.50090667685077,19.423247632357988,19.9823123062616,19.913282294011264,20.33725714568979,20.03560581584376,18.95948658937609,17.588879970478203,18.70130413075101,17.84070078707196,18.705097566187263,20.112201007338516,20.543426436550263,20.08529691589977,17.323055962300774,20.990793181726936,17.63537380644696,19.16432394098652,20.63651991610818,18.760404371423007,18.73216954497897,18.31676529783966,19.014510343852955,18.47225531889088,20.943036743225075,21.92921572319409,20.32085384170929,20.98985017136701,21.04023614155161,21.09036811627088,19.901021367294668,20.038545385319164,17.62242920277114,20.15661018421468,19.78399528183418,18.25258307786465,19.093780128478503,17.36830461290863,20.22879586872165,19.390554478487356,19.064091519272164,20.725717865168384,18.76479860054104,17.983703864575393
18.48454775107167,15.05867186174326,13.579912811034124,15.870842449393766,18.8085284038929,0.0,15.225859778653469,14.17126536256634,12.92750097042615,16.72842549934913,19.004389517507,16.160597591266068,17.28938884114819,18.587070470628746,17.856352130977985,14.875093362099928,16.596985039843577,18.25185412541136,19.30260645566317,17.965272381815304,18.918813017558524,16.797890063625292,17.274965043572745,17.222825699983915,18.470335888685685,17.472850652064118,19.80034848991068,19.20317461209024,17.559878059006557,17.19293995542022,21.939427626386102,19.855035785114683,20.806901796800695,20.21488488591412,19.12393318712637,19.481314122105783,21.46745767565225,20.553691008406933,18.85294878791908,16.089390933378862,21.39560254942516,20.635430128777205,20.112109720007656,22.719240092577724,21.644464769126504,22.62533239090805,20.615925847639637,21.40020054312511,18.610271154319864,21.153656849737477,15.83348206342034,13.07467765292098,14.362326708417203,14.998743239721264,13.321525234815404,13.263198822993797,15.684468860124284,14.01048695392967,17.725211139314666,19.24773276064316,16.054135048452817,18.597196777120832,17.93466939215478,18.752901666161463,18.077256687421308,17.11207912110995,17.380939248631304,18.544887976767008,17.79678300761361,16.455439163063577,16.996874362419458,16.449187155775295,16.594817134847204,16.0257829707739,17.845906502127818,17.535687663027986,18.70773639199666,16.12129401370985,20.46339274190979,19.15803179089141,17.9055430283533,20.335833571577208,20.526944840993444,17.694914667460413,18.479362917028965,19.27922751489636,20.68599509958561,19.847929042668085,18.35156118715662,19.41897445277499,19.51108636230315,17.271929061994918,16.800113068699773,19.54459617800986,18.81608146911031,21.597329276264883,22.33002315211893,20.831002816400105,17.880813297857323,20.62508003163728
19.150911374458506,12.4368802940603,15.69572394852618,11.922440751166508,17.981321225454007,15.225859778653469,0.0,8.550956527506663,15.76670573906664,18.065663327854853,19.17035832748815,18.95627853731132,16.953673712739196,19.039379760104904,17.959822665097427,11.388269206809817,18.9905269621514,18.744022194074645,18.65714538390213,14.735339243934176,21.17039175303831,19.193891293521308,17.120328353982988,19.76256181954028,20.83544048098225,20.369347385259548,22.689149339640647,21.76920283237413,17.81829410076464,20.276622296224385,23.55803839335428,19.747679999234546,23.194739845615192,22.45540759795504,22.451254867375084,19.637969927625463,23.00445013251831,19.21447586338585,20.94296491603961,14.524571044136485,21.847970634506968,21.980812830726997,22.904533652275173,22.84503190447859,23.921288013403387,23.004099187347165,23.827227039883407,23.434430878608666,17.28089176355341,20.68429798899804,15.619351450364787,9.81424016098786,11.340377890351132,13.243956617324276,13.930010470984172,13.85647347823994,8.422867915843756,13.29008954676749,21.22732049261028,20.44001073335125,19.61209387628116,19.83931238761001,18.418236358221822,19.70666109355073,18.254712606027763,19.72713743012273,12.25037418413231,19.75874778297523,19.95944622328105,15.761577065894327,16.588003787025873,17.297767276907106,12.037472228481423,17.164249938189034,19.63607998956552,20.844799165538,17.060633237894358,17.67340311172283,22.09641682454448,19.55024692338133,20.4484379711669,22.092867476606703,20.86494444379461,18.28890375462379,20.09193019994647,19.33101678244871,20.055770466069216,21.80662719270208,14.709617488909458,18.761678856211685,21.61094500044629,17.384250915054185,17.673100540810562,19.82243811413963,19.524275801898597,21.56782933101651,20.72270893841536,20.4841958926615,14.86689694860522,17.949501986190835
18.75909759626122,12.013253770989593,14.774254429845946,11.348925147108222,17.907382104306663,14.17126536256634,8.550956527506663,0.0,13.796878019766586,17.313642631852247,17.452327128212847,17.95928435115118,14.822406160432742,18.603419679031678,17.3246849534534,11.249180277156029,17.507810094119314,16.06962808649046,17.887374448939816,15.925743046950778,19.867992378100663,17.552501359976983,16.81621461425017,19.448314942107945,19.924726106498397,18.799748442329587,22.64303429989514,21.452818748341457,18.097470523931644,19.9508627245026,22.98001977243168,19.42774193251385,21.746248129808112,20.45568632511881,20.884199581702177,19.09595471542074,22.750680577742926,19.7239560218539,19.914121689813093,15.521004634221136,20.239729759399054,20.713365216566075,21.6657643722109,21.962585387183715,22.31598016728136,22.37225389979709,21.903692292100818,21.514591487357503,18.11489481242649,20.19027478344901,15.55797366922892,10.208791530954349,12.184158264946449,13.44401385334479,11.7514333084536,13.929051404643992,7.4558284036272,10.45838101786179,19.52001339216566,18.207113351761656,17.97449905553433,17.806109967829613,16.872380651627786,19.2845203084502,17.151678611336642,18.761285771111563,13.314668529413789,18.38099336766626,17.908856553001613,13.422459129942489,16.69027233207686,16.107496727418333,13.314657493542814,17.52252461150138,17.97938834958883,19.349413381527576,17.051941310752415,17.414153077550225,22.208374407437912,19.53844655945122,19.4773454679494,21.08700252329298,19.75991238722993,17.71019568637009,20.47912377540575,19.05513679171366,20.93003797579505,21.33744076152579,16.02102246188667,19.391558015081237,21.08512939708457,17.291414652140894,18.305458609932074,19.99705068401587,20.312488064619437,20.776600162554992,21.169683725318095,20.058017794007885,15.966823448086746,18.675017134491195
18.72002624075963,15.429182581609576,13.961952187028018,16.108540560295495,19.35086331161669,12.92750097042615,15.76670573906664,13.796878019766586,0.0,16.548785736112066,16.52315999243876,14.45392828227975,13.89318649298048,15.744363285290548,15.426008206209197,15.224645260859582,13.733952262140214,15.818328010164738,16.109578152904994,17.444379089909397,16.128948648941485,16.413044208251115,14.450305648580237,16.489241685274763,17.70904650984113,15.487774581437709,19.64252578362684,19.87786136956375,17.63609403673617,17.24053877084527,21.752265814434427,19.694426548494263,20.782951278619205,18.707579331714378,17.97467369550636,17.74334671825493,19.19340819410869,19.684993089013457,18.945256372394457,14.310286324336236,19.802899849704502,19.797750647340035,20.074269715057262,22.229170999182617,20.38261695636521,21.977254336606077,19.50313798122311,19.84614039064908,19.06349276774965,19.19493071799155,18.586925001412737,14.607337702534064,16.01581526893429,14.701843849952088,13.172288333064245,14.66304834640217,14.82279256654946,10.004853224941357,16.550588385513006,16.25878167401483,13.120846160416455,16.47793840188271,15.198490563332513,17.8857227798171,16.26476232788417,14.270950259685906,17.86912894017558,16.059344887869916,16.36664230460411,15.186577325071076,16.430119902276658,14.753681587475652,16.516606958068838,17.321230782700596,14.510781574307329,15.477058484187657,16.68397564057539,15.752181470910372,21.493574484464656,20.25729239808218,17.978965449803912,19.803108273407425,20.400648277075188,17.87728258676538,18.472754463934063,20.239719679847276,19.47656227243958,20.0852267572299,18.1035996305716,20.0610353753194,20.344309999632284,18.524109801170106,18.13470743497324,20.21594354163649,20.144243139052964,22.03140112519545,22.410398014144175,21.016397237064343,18.37850419898417,19.77389938232447
17.604182002914765,17.100328832235192,17.177658770976237,15.805247134554408,19.515793626465246,16.72842549934913,18.065663327854853,17.313642631852247,16.548785736112066,0.0,13.981753851970458,8.932823061771147,15.832652205912472,18.239130187073627,18.97535602545672,15.682580828776883,14.9955842246033,18.30794430823221,16.60657487032656,21.994833868793677,17.47530010971839,16.653764196101672,18.350045056245584,14.03021799051273,11.307816467052058,16.299817509219395,20.776711240526403,18.35602850568075,17.86792894420515,18.52387932153368,18.35603815179241,17.346656567639183,20.05301771741821,19.893522596928783,18.9934911198154,20.08437255011964,20.69606255749686,17.376026616665133,15.15880782135766,15.434812617372284,18.870249203502865,16.188597228448142,16.84052666484501,17.87568972585007,20.30376177920313,20.98429562807247,19.84011208319004,21.329864067337937,21.41519478562025,20.761405332916937,18.858493024889103,17.907149150622523,16.388211855855026,16.259063202799155,15.873716144896788,17.72800510341229,17.94985772682313,17.530402513136465,10.765662509297032,10.521628145496337,12.761022620274908,17.21168470495893,17.073621705002882,17.985705572021587,19.18769581779602,17.84847232586566,17.8994592750337,15.385747920918,17.20673987136994,18.354443647456904,18.713736543521104,15.57046962953151,18.97592581564496,14.07820689694506,13.128951540059411,12.364756805703536,17.19295156806599,17.74308167740566,17.05557685557891,16.998884958863826,16.502495074347387,19.13667443245812,19.455271024242688,16.75557413201675,19.885599628881003,19.74167247731931,20.022527718276063,18.64523504676969,19.382711427868312,16.391277955490107,18.30873954981544,14.739066248069925,16.034879412021365,16.201622610379438,15.963965668272625,17.750862600708817,19.859077848261595,20.89709526417868,20.04681724396536,20.553489383278315
15.354017387883513,19.019879411325963,17.81615837416053,17.67790479624081,19.621067635275526,19.004389517507,19.17035832748815,17.452327128212847,16.52315999243876,13.981753851970458,0.0,13.650934011449957,14.769537849807318,17.927800714465704,18.98732363197428,16.032643972580146,16.42764142711264,16.585823793638372,18.471144875667463,20.99981980194541,18.18822290379866,17.79306479962678,18.227616559291093,17.544163366596134,14.65845313904296,14.57240499736222,21.505456814319523,19.75748600263653,20.4759828873327,19.562345502711725,17.608681580246962,16.795281894481544,18.66932414171461,17.66543126270007,17.685471469564693,18.615108675357263,19.062621524860035,16.197287297294555,16.287445999066932,16.142738585177216,16.54344075570547,16.40509235087047,16.950403833321996,17.273336843426588,17.720772310955525,18.48320819573801,17.542754463898994,18.548686260346443,19.63347685491201,17.253736117922628,17.76035319758343,18.971315113939603,18.002171571981886,17.51818457752451,17.140620869700193,18.75001679955177,18.024646611129764,17.867650193282074,13.9519714149586,13.15156657735914,15.462972928733338,17.03001395108739,18.787746654670336,20.86632908632376,18.89938510634849,18.85999918306986,17.837172709572087,17.789520097655846,16.392450545808874,16.689345388155814,19.446855615883518,16.23286885814767,19.22378122642508,18.218952135127456,13.590776369762764,14.065154168657116,18.706726433750276,19.004819437049346,17.733610823647428,17.072947379691414,17.417254653388543,17.919737406691134,17.62352759981178,16.723208900155,20.2148054193334,18.65971985097067,18.72001322745365,20.00451149035205,19.775058404323,18.59794768310623,16.979004868357077,16.02286642914037,18.316515585662398,16.181552194759455,19.30863519729369,17.796073420588407,18.521300914624074,18.471419453401975,19.68179522981282,18.562509250932127
17.322144670735863,18.136883699361743,16.626866751849764,17.0101365343186,20.649395715350156,16.160597591266068,18.95627853731132,17.95928435115118,14.45392828227975,8.932823061771147,13.650934011449957,0.0,13.233216392200069,16.986389540901747,18.163783916326334,15.78549711312906,13.033951772928637,17.979431534053205,16.049188707764415,22.27652795659689,16.611456687094577,15.679378843883452,17.39556313077157,12.951403613404503,12.980288632337444,14.280748632878629,20.304433948270745,18.634496411173032,18.32978277837812,17.774286158189526,18.342514182522265,17.827296379423085,19.88999710066477,18.694684526939948,17.859693523469115,19.425794668179748,19.03073034358576,18.391310528769367,15.191581963251094,14.27827457274098,18.284048969123965,15.828630036238057,15.850126046813152,18.82299960719216,19.369302677762285,20.570517666266227,18.932271909666653,19.97768299144045,21.38391412868331,20.303676604824723,19.1411742356382,17.85899114160974,16.623647468455918,16.753946146126903,16.61970148259471,17.802129114700097,18.934832671629312,16.878899286674528,11.427450367358302,11.97062447298464,9.665894199449973,14.885722347317172,16.10121709446132,17.405885678363717,18.551103064439108,15.960979044694,19.25320530705948,14.861697034917649,17.056288590858415,19.025929175376117,19.138399330964297,15.886788778928992,19.88055437163376,15.382038974710078,13.112318561704749,13.10248818449722,17.905866095363464,17.448319422327057,17.60132570949144,17.443029658056638,16.711787999420608,18.106810142297,19.50743943511128,17.50823588303825,20.304481783912816,20.60389653557471,19.409174940032557,19.573073577498626,20.777486764041026,17.147697467996053,18.623847422946437,18.17039233812737,15.714224872939823,17.14345039497967,15.8579493043486,18.787200015026176,20.50610618396922,21.302349852373155,21.287006230168053,21.109048300931025
19.137329490250732,15.153543545757234,16.353147320955483,16.20340212578318,20.254935028636076,17.28938884114819,16.953673712739196,14.822406160432742,13.89318649298048,15.832652205912472,14.769537849807318,13.233216392200069,0.0,14.947497842145932,15.825850932337223,14.78857980097175,11.628470942879623,15.981299972209186,14.220645266313596,18.91560120590107,15.794958618913943,16.025295780361198,16.501312149089035,15.55745412096001,17.577049496659875,15.029274959538087,20.948063416991104,19.794663140432487,17.291641307767243,18.827627776114905,20.99597827066683,18.85945106760256,19.821180861187955,17.271781826217122,18.38443419361948,17.188119735242648,17.759625991191584,18.934312291623897,17.536076854432704,15.167821597587537,16.956513946753958,16.816384703108227,17.670436775490497,20.258147076093888,19.52077209494192,20.26542265518007,19.530331768951974,18.79418745849948,19.873678094486145,18.83336776996577,20.225321542651866,17.214898189324085,16.329359606205667,17.351641885282923,15.085200753551478,17.039507150153675,17.014457604894663,14.642269035615216,16.04458617250816,14.578411772811204,11.986591948084897,10.243686861468818,16.98363037272413,18.28772277394817,16.516248194493897,15.946479637045949,17.856007921860254,13.529498606510748,16.301757893173235,16.065782584115958,17.022499600342123,16.11996578600611,19.237929494605517,17.10638986010336,14.713390478898871,17.106740731896164,16.15365906750694,18.314535889570102,21.2453532236277,19.837361578181923,18.15189730140963,18.377813386185355,18.624141577399826,18.02279707615852,20.454860683817618,20.41854583239065,18.78258605302018,20.734289073042653,19.327585327281795,18.30548101003668,20.19646959251402,19.732021629881764,17.260778314373542,18.71078205944364,18.049749253603785,20.1447434483858,20.604182533034937,20.09488601206194,19.689202889899512,19.420259570651165
18.557850626899832,16.489775895202566,18.10838276491973,17.189368697572732,17.876072635218744,18.587070470628746,19.039379760104904,18.603419679031678,15.744363285290548,18.239130187073627,17.927800714465704,16.986389540901747,14.947497842145932,0.0,12.45680847963594,17.55336711232624,12.891654394707157,18.729388888176448,12.19526135033188,19.620600058389527,15.579223867544991,18.734590027308755,14.448835136237893,17.93288521761777,19.464115949204167,18.718777892577304,20.0293852774797,20.25634053712549,20.352936673808816,15.348447701454406,18.1439947391979,20.194049946059607,19.279429373091844,18.88084473691861,18.181232264636705,18.331965540941056,18.64294241465724,18.690001030033105,17.370045932126512,16.845328239068614,18.389372560100085,19.775917654139803,17.529947563464823,19.71059991474126,17.484819348389156,17.931769227499103,17.15755690341538,18.233173911014735,18.973883381862063,18.19404327443968,19.29545236274673,17.803331961028054,16.445183085296055,15.270713831505988,16.78227035053064,17.906754145887113,18.81919295613833,17.711719495425758,17.469257872053618,18.45038295717188,14.613801258837414,13.512300247317455,16.15198382249651,14.743427800644058,14.484255605471214,12.170864142252851,18.67348022503476,13.511701877968603,16.883116931557236,18.37747122142576,17.134784858499383,16.498812651092372,17.29984625309782,17.138292470007194,16.938535889238885,18.774007209119222,18.769110647488183,17.800330844609046,18.12688367594717,19.9496519414155,20.615691012777592,19.59723497425528,18.546420509611654,17.76314269181336,21.42315615083833,19.19220410695763,18.50505337438374,19.87076241752959,19.80934644349626,19.757932018978423,19.026199760745,19.173430495265585,16.914440663713876,19.03120322335989,17.07687940250071,20.73415696089704,19.0942655113619,19.676265768295284,19.64913908072157,18.334950626454823
20.317788744866643,16.23835748196075,19.29666238472012,16.92883077317668,16.557447803295485,17.856352130977985,17.959822665097427,17.3246849534534,15.426008206209197,18.97535602545672,18.98732363197428,18.163783916326334,15.825850932337223,12.45680847963594,0.0,17.103704377718884,15.396282584737143,16.964622625256133,14.704420039757384,16.334618704517023,13.34199420915634,18.08718076473776,14.951810293706288,17.864160336898685,21.045292646670507,19.17922573280397,19.819050419422155,18.96694861232111,17.264598716804198,17.49874539478437,21.4693770804378,20.57215624041752,21.095507235757417,18.671593708518404,18.82127673448314,18.08438374058204,17.947143559589467,19.833460381967612,20.79682443786313,17.34875523744641,20.50067214668652,21.280127676158354,21.558077998843192,20.9420648414497,20.1772686187098,20.90153996689365,20.72060940924466,18.77640602177428,18.868374020607668,20.116121430647432,20.72537421429826,18.10750619537202,17.523349669833188,16.825997179614646,16.1916151610234,18.819083917051564,18.95142929194251,16.977156566943872,19.94950223356614,18.946076819235717,17.739654797777124,16.549271055235874,15.639888558277768,15.498898475207053,11.309291372217912,11.765946645209132,18.710388657797637,15.291588877567673,16.3659938449528,17.133497562950524,14.114803589875134,18.468066151998936,18.116862089974116,18.507183827553224,18.59953469114071,20.078022905841376,14.913870625057395,17.53945985668852,21.04415759050624,20.93885007974912,19.410194557219224,18.804982778574047,19.22973058151108,17.670769789021175,17.650149456819687,18.423546094174807,16.43385792627762,18.30340420717332,17.549359042973855,20.489731356794827,20.57633757709163,21.157400945458832,19.384122812679333,20.87319829376708,18.740673589607148,21.68267874027186,19.837943466475025,18.359234727911105,18.500653023586644,18.596548952238017
17.857777571545572,11.81850809280583,16.143256021054242,10.667147905381952,17.97408749778955,14.875093362099928,11.388269206809817,11.249180277156029,15.224645260859582,15.682580828776883,16.032643972580146,15.78549711312906,14.78857980097175,17.55336711232624,17.103704377718884,0.0,16.108454406055735,16.4249966609782,17.502777433893765,16.488150241110127,18.426649535399232,15.51973347033977,15.615550369056852,16.697443869967387,18.942242706444706,17.038527976593,22.13029847828968,20.659156916766708,19.519951316626297,18.95449225911238,21.113698963064195,17.230914057028862,19.039025448912767,17.779821491107864,18.598555211825367,19.24645053288609,21.204548783381604,18.40341890574267,18.435986067675845,15.17146629565416,18.98886511089108,19.457273968202724,19.882840529162465,21.499274882316183,20.3903382147488,21.15868519636206,20.05780488723477,19.306830230175272,19.64460560543353,19.50428437826494,14.251636374986766,10.763608906315795,8.402413944823556,12.840331727481724,12.407667231420424,17.434912379792298,11.421133323389585,14.859683511635518,17.821800043434553,17.76200729298949,17.5680960856897,17.336740478645538,17.404217147170623,17.4632935147232,16.084184827665265,18.067594272259548,13.373643655638777,17.47867214834888,15.659114977086206,13.958410619292312,15.544560474143797,14.576345612723191,13.45817611747095,16.235751709709074,15.881988932267554,18.52241953521139,17.376861090688198,17.33691753621972,19.65656320238827,16.93016601197977,15.836860325608868,17.864825766261283,17.84893410958844,15.714077648101592,19.41334265785456,15.962316979297126,19.87753001658605,20.2868232878095,16.743016628529386,17.78294004670151,18.599249078429192,16.339572331068652,18.04627096008547,18.349051454898294,20.000127744679745,21.12568361079288,19.07285819311392,17.763865048044497,18.38115614266614,18.65789327615068
19.48840173341972,16.488076406644936,16.189619827347762,17.16064981695379,20.41397725383279,16.596985039843577,18.9905269621514,17.507810094119314,13.733952262140214,14.9955842246033,16.42764142711264,13.033951772928637,11.628470942879623,12.891654394707157,15.396282584737143,16.108454406055735,0.0,16.30564966360982,10.332777609373483,20.700238574702343,12.932870740193824,14.580164354717324,12.980364206171233,14.300452358890862,17.340347148534818,14.236762344896732,19.535670602496577,18.44358976308089,18.618392972810884,15.921860136296928,18.31592126682144,20.768482222475217,19.33799627687096,16.888972096743718,15.990270656553603,18.52304156289577,18.311929824392816,20.313686945625047,16.36453154774839,15.99797523448849,17.57110950540251,18.42269738446349,16.267267319147454,19.577478972061886,17.361158631442983,19.07655740252285,17.983978601066568,18.24787232594283,20.88566994217063,19.23088445369327,20.019340767118692,17.132425950807967,16.080575120416473,16.314128682133866,15.579678394339473,18.14948260955652,18.41951621706401,14.951574622760212,15.679482101226595,15.364407668588049,12.492301473464272,13.563867211107592,16.051032963302294,15.904392622904837,14.223220837881302,13.833466564249829,19.11803468530591,10.536143629667604,14.598464402020053,17.015198509381097,15.066012452631632,14.167536066256888,18.56905426707284,16.595287550289015,12.900534421789962,16.446866227955862,17.533546256281248,17.058836616712195,18.870250575605507,20.85596109024892,17.813979844484056,18.79153549199175,18.633537217387488,16.952584080756516,19.891008131971457,19.55044050266001,20.52028354755673,20.296660159421887,20.95589772944996,18.497168844459388,19.164849188149308,19.31388329882254,15.734068173844491,19.53304189410884,17.08518623606015,20.688922924500247,19.529302691065237,20.681071302297557,21.17710115254883,19.973083901770355
17.693186522759873,18.311609241315367,16.246385757924845,18.20727161653818,19.74976247113954,18.25185412541136,18.744022194074645,16.06962808649046,15.818328010164738,18.30794430823221,16.585823793638372,17.979431534053205,15.981299972209186,18.729388888176448,16.964622625256133,16.4249966609782,16.30564966360982,0.0,16.196051740630626,15.14984270747438,13.651612374418718,12.341249821645246,16.26667835585842,17.099725702364587,18.688327100311444,14.764837353845136,20.08919567473125,18.131201835611503,16.32622464904388,19.6401874723848,20.952654772478542,19.78467705418793,21.054028840774265,11.662180404984706,13.923256491056469,18.03813014016175,18.555130123271137,20.81667257175954,21.192659042854935,20.043721362482405,17.265151814141394,20.44839882964155,20.755479172670054,20.57840718437919,18.29810059573133,21.338625190343123,17.405663211451635,15.466804603270234,17.42986228196867,18.67384163951767,18.303183142549628,18.22795034920553,18.51100347268259,19.79075317535847,15.492035143530208,17.79575437234293,17.334729517848643,16.581308651872238,17.508815473566106,17.08927159010096,16.91989693264024,16.610154252545733,16.520943975017534,19.366311593346857,16.00449985773268,19.34458334123213,17.784315178714472,16.22218671435282,11.76812413529718,10.549392992114122,16.791139662345845,15.816271301531104,17.662618216362098,20.75285953311188,15.146737926122434,18.403988994170707,14.67811501602206,17.280606541911425,21.58815824730288,21.02977521490502,15.625121005229047,16.46345224367581,18.24309691902722,15.926733375756267,18.01793768166428,17.77978792511115,18.49563771194432,17.6545981768978,17.511439219647894,20.467151130682296,21.12679154344473,18.911815415700115,20.43098160408363,20.973485689578936,22.57717902603068,20.20665380714142,21.21459478991528,16.57132080121565,17.33107298415256,19.22986811404776
20.49324275114851,17.272092221580117,17.93740638003311,16.877634153433743,20.16314616983525,19.30260645566317,18.65714538390213,17.887374448939816,16.109578152904994,16.60657487032656,18.471144875667463,16.049188707764415,14.220645266313596,12.19526135033188,14.704420039757384,17.502777433893765,10.332777609373483,16.196051740630626,0.0,19.744828082524126,13.388858812278684,16.87245748867968,13.85597686300036,16.381127613807074,19.291239025487894,17.367767992013054,20.00351710966293,19.152980714336888,18.577075903636523,16.681111982551574,18.012851055618295,21.658250163551777,19.700744256745057,17.359372960007864,16.70638772508488,16.78854552631063,17.26099793890543,19.91780174483888,16.772917947187242,16.296633829234565,17.548735157869388,18.968759408536748,17.490590818831812,18.94832696057943,17.47580486337828,18.516642595380105,17.792243292866097,18.30797983047165,19.842370692775287,18.31047080121018,21.224283464182868,18.426241217223136,17.174413822508523,16.51438707860725,16.90053686908651,18.6355684160729,18.321376111042667,16.485942406665416,18.352466394494893,17.24235668593216,15.408946223335777,14.73916324527478,17.369640317525292,15.483665775864496,13.986743849297747,15.888448627241054,17.721082199492727,9.152683823417975,14.80351129211566,17.095136430411994,16.175491514613505,15.933436879789788,18.70194335360272,16.720894058096565,15.684485550828784,20.061368101148805,17.37376093865049,18.95764140658724,18.638478726078247,21.791833231692884,19.558436397333036,18.50418323977095,18.37773617666476,16.742416878531525,20.63867038763893,18.937858454173984,18.598269306787977,20.271877622753625,18.635460665662716,18.818402621486914,18.534386820759156,19.935591213655904,15.4113941903442,19.791119973118303,17.485998466559145,19.83103395631404,18.70299081432015,19.267229315730443,19.691853197567248,18.26729183725475
18.51675927657629,16.250746394494556,17.711272209284385,17.200567994572907,15.836717177775178,17.965272381815304,14.735339243934176,15.925743046950778,17.444379089909397,21.994833868793677,20.99981980194541,22.27652795659689,18.91560120590107,19.620600058389527,16.334618704517023,16.488150241110127,20.700238574702343,15.14984270747438,19.744828082524126,0.0,18.602604878877067,18.470989635432595,17.86033314035774,19.97899701073748,22.07280415465321,18.8435555684541,19.07843585497122,21.055617133121327,14.137928780552048,20.67840900288772,23.706456235308487,21.566301913406225,22.236577779854173,18.43599825105577,20.000782357132724,16.064417249572482,19.57138649487292,21.486462333265827,23.267862865362773,18.694188799077946,20.506108281164902,22.503132802346883,23.95289369617609,23.49731902808597,21.689931484474123,22.93772682016224,22.061282423627247,18.134277340590877,14.790411319204113,19.194248458537004,17.050881433427993,16.37359725793923,16.832993661773298,17.32270971447704,16.719644364164207,16.596889884933066,16.190407716942648,16.931977089945153,22.274938950308076,22.01768221475387,21.19842873618189,19.383372910692177,20.094215440707305,21.633887364422108,17.26246647258821,19.849846388162444,15.093187431201018,21.33919142635532,18.7791668670713,15.390285444575197,14.228388687049929,19.582864995707947,15.119037113103458,20.06772843160023,20.78764879374661,20.988922945566078,15.55570233589705,18.802967142273488,22.98565270779582,21.629629742543376,18.74666768450576,18.965820174179317,19.78889346724334,18.90836231089262,16.211768416935573,19.1944718763627,16.9684654088909,20.523191335849152,12.22420670492766,19.401336006712853,22.20832779974248,20.59670639120784,19.256962816275816,21.53458966059581,22.80893583056985,22.43169852444237,20.549074476379257,15.804126898226633,13.931193441475184,17.060215378123072
20.568004133686276,18.91092725982857,18.615955859937788,19.056470525927608,19.056187347836985,18.918813017558524,21.17039175303831,19.867992378100663,16.128948648941485,17.47530010971839,18.18822290379866,16.611456687094577,15.794958618913943,15.579223867544991,13.34199420915634,18.426649535399232,12.932870740193824,13.651612374418718,13.388858812278684,18.602604878877067,0.0,14.451530321227114,14.372134942575409,13.80057069753155,19.204574233576736,15.255771378638196,17.90332770764842,16.631117182555894,17.94607593197306,16.61345269853365,19.489307588299976,21.543334660675416,20.236063165656137,14.2957198841908,14.505994308196875,19.51880537752299,17.090536507763012,21.793595415915835,18.617373754722568,17.769805264501166,18.465253576736263,19.1918405124012,18.35789798893564,20.08186963599036,17.596239783835582,19.62075828525967,16.552841983537583,17.303419380508423,22.28433570556441,20.71747585995205,21.75666318146004,21.10001524915033,19.36247967298502,18.508047437276925,17.923963998344107,20.819220080524172,20.694020181145603,18.39431417435608,17.099108823134877,15.90985966283894,15.755340577208168,16.170427604737256,17.327424708021862,16.590174026646977,11.449787269727777,14.652434823445189,20.692952768414774,13.70765369711603,12.63333449846342,16.306615410857187,13.576028366592118,14.85478654244946,20.62350441918413,18.59517337743335,14.454770899834797,17.85404351178379,15.66484495716726,15.994808133822598,19.86547131971493,22.02748175896805,15.124392958223494,17.198273861250343,18.013242778610586,17.10112555906656,17.45491096524016,19.169851690428263,18.72765212696276,17.50485459440252,20.427813739352423,19.999215523700425,19.520853864000262,21.6472156743658,19.15908707655587,19.65799264488895,17.959435204993934,20.81653501847116,19.39113354487518,19.061424512446017,22.152728324309784,20.99525199804235
