,Var0,Var1,Var2,Var3,Var4,Var5,Var6,Var7,Var8,Var9,Var10,Var11,Var12,Var13,Var14,Var15,Var16,Var17,Var18,Var19,Var20,Var21,Var22,Var23,Var24,Var25,Var26,Var27,Var28,Var29,Var30,Var31,Var32,Var33,Var34,Var35,Var36,Var37,Var38,Var39,Var40,Var41,Var42,Var43,Var44,Var45,Var46,Var47,Var48,Var49,Var50,Var51,Var52,Var53,Var54,Var55,Var56,Var57,Var58,Var59,Var60,Var61,Var62,Var63,Var64,Var65,Var66,Var67,Var68,Var69,Var70,Var71,Var72,Var73,Var74,Var75,Var76,Var77,Var78,Var79,Var80,Var81,Var82,Var83,Var84,Var85,Var86,Var87,Var88,Var89,Var90,Var91,Var92,Var93,Var94,Var95,Var96,Var97,Var98,Var99
Var0,0.0,15.221912074265605,14.503710866316577,16.9732861400295,16.19612368743688,13.5723710046425,14.846533617666568,15.534977301528583,16.510434656532126,16.66349600963157,16.15899660998089,16.99534466984257,18.090214448271123,18.382405582934965,16.828518381647804,15.562985741256359,18.58592074118233,15.749391845987192,17.932880511875197,15.671684276920832,17.031227380368854,15.362025529918975,15.980440592816006,17.076518657441508,16.245803387308378,17.191851780073343,16.28603755904423,15.907868234466031,17.658073768958545,17.725228751239925,16.707824117652066,16.607341548935302,16.69762587865014,15.476175260279526,15.94020601832464,15.394567411198663,15.553649618237657,14.773894754020052,15.292709492827473,15.062122908007968,13.648067017386019,14.459506929582346,15.348614012059455,15.214096672659062,15.399295069149888,16.57363392926627,16.39867588221203,15.2883325298668,11.303305031874412,12.979890206241587,12.328177445392798,15.581030080483064,15.935063154039177,16.626206349658656,15.495042674491065,13.254039542729268,16.0596849550198,16.212654795037274,15.956650254804224,15.81452437480868,17.801867878313008,18.454244103923102,19.59885228494705,19.555431292922226,18.511337794033583,17.069313389545616,14.945038398106554,18.440030088957503,18.42550049635616,16.86596421927901,16.716977436150025,17.924117228851692,16.613139859579068,16.906881713356746,18.84656298318039,17.487689575950004,16.9977113334834,17.56898443741175,15.147262099623553,15.40016658385934,18.05668396102892,16.77780859435041,16.70838262922067,17.536992907357085,18.848235617504532,18.46802018642668,15.55216494735427,16.344194623664603,15.491689700798624,16.438493269673497,16.542593792353937,15.24201088810513,16.649979509386696,13.635723694993633,17.28865387394893,15.683743545037494,18.191918824402933,16.256316590609643,12.65101921888944,13.391876567154107
Var1,15.221912074265605,0.0,6.559893998457572,8.529928040733482,5.620609566716871,10.108024347032357,7.718584239258205,8.043593283375188,9.516308718347593,14.337903721539131,16.172280089937917,14.141051240803176,15.57939081847533,13.36574977617713,13.412222177420396,10.722309525355403,14.360838967050572,10.407489692113664,12.800385829069484,7.959302557868223,11.571890244329314,15.546043768196604,12.688431675553772,14.954422496882001,15.394650062163905,17.54056372771011,9.474998033577933,19.079985677773674,13.917205990413052,16.999619884861545,14.7861146845568,15.52982053468347,12.536480439450962,13.164789506032225,15.422315965531045,13.85128343136239,13.00256809926542,13.625016309036322,11.391674105917652,11.635417283884152,10.768790678781246,15.169669287512818,13.628639399882708,14.825177953636812,11.718173188278259,13.637458290345503,11.484847436417429,13.584444399934233,12.106724517711273,11.827711078218025,11.1013855535951,4.469450687258492,7.185937911827952,7.469037669966621,6.52641619581394,8.867260865855206,6.537014040670581,7.016001579325474,14.64795369451777,18.15425278125729,16.54670799707713,17.382783627779276,15.349476985767224,15.452065772262646,13.872475654958212,14.760459209358736,7.902553591230783,15.405468946830062,15.7300806029536,8.840228345627603,11.82309384638383,13.201079191281497,11.193780018567299,9.933738391875872,15.61724729810766,17.515733574162354,12.613932649519775,16.774178133296072,14.959851177091096,14.453915654890782,14.121147084659142,14.553056543469433,11.231901171143274,15.874527601941063,12.507214639146296,15.308178312508296,14.60846262128411,18.13351638744716,9.274000676745842,11.117416886783127,13.034191427403181,15.945870769882466,11.926287848568483,13.710262716494151,13.543198114241806,15.967586020315334,14.032214750246967,13.82093080373858,11.815809490312766,11.768991591584781
Var2,14.503710866316577,6.559893998457572,0.0,10.487295450379593,8.672224115205127,7.059267699429124,7.306438806643719,7.045940019311184,8.213917023530355,12.209595449620027,14.169056468526962,12.741600457286191,13.64079601921844,13.029277302537416,13.435363915891982,11.830439225053915,13.971840432589358,11.049757000205185,11.59992404840894,9.60584943990081,12.068189154785289,14.968043344707766,13.093920479301113,14.400845280530753,14.172245575972873,16.583962917251508,11.383207836790056,18.695649219643297,12.953705427561228,17.662673480297492,15.780275921457113,15.985620787451213,14.646828714779172,13.118299475971682,14.850660429193498,13.52657239851198,12.627486294848095,12.577276501225493,11.390577746477444,10.718144501113219,10.740397381956555,14.174900516359015,12.769295813772201,14.704382023888908,11.927458171184428,15.229052628991766,11.75377112867033,13.552823743197388,10.286741250388125,11.049423798579822,13.095765429172518,6.2881952918545565,10.94140907240341,11.218146987558656,5.247400760855404,6.939208798139063,8.053566822563411,7.258555259840462,12.980676261003183,15.88308942100922,14.814382491531699,15.729995157409265,14.345693340523617,14.844540182721337,13.506663289979262,14.624810327832813,8.534667976156866,14.153063931760794,15.649737792415474,9.903406882729234,12.500067483959993,13.774011758649715,12.945775319527769,9.370163147913397,14.987943934318185,15.899696884826822,11.58255495684471,17.061586017866677,15.979165471971438,15.054775944783541,14.09980991931758,14.598725243361548,11.957131215281434,15.346734934727383,13.701056568994096,15.964607863866561,13.623075536375197,17.053074184651724,9.14911324358305,11.843715829702298,14.35452962848224,14.192920733056226,13.025247684837,13.251248037098652,12.608055296644059,15.042666093142177,15.324021056119326,14.333867790639182,9.949259375519244,11.388915211175563
Var3,16.9732861400295,8.529928040733482,10.487295450379593,0.0,7.350076489216324,13.00537216610858,9.996344109692695,8.325476937936333,10.74246608742039,15.598426943464494,15.851813664226329,15.772848663678804,15.09385550143501,12.60791782063399,13.37871173260779,11.57664320980894,14.55814279771639,11.686865333662997,13.14663850270215,10.983410372141226,10.40020547777109,15.646583839402163,12.728321225593113,17.127620112912876,17.86605737621915,18.388647429356315,12.631142001048815,19.729233764094193,14.53550473728366,15.973712756215141,16.760507402336806,17.584277617298593,12.907134973967402,13.596683643294462,15.14255869633809,15.89574978166692,15.131259754961036,15.926848132632246,13.241005554067408,11.889467036749616,12.24939471530075,17.830270420241888,13.99687111869646,17.271472439544095,14.920590433614764,13.659047733895878,12.055150030393285,14.44576365549401,14.4573988599911,12.9400897707426,13.420115946337269,9.303986553572258,9.27907434837375,7.038602268973881,10.256954401613338,12.653555901057025,7.424070171017398,8.656050735891256,16.75818206460421,17.694702922081593,17.521713334345296,16.543287648148027,15.234410416119594,13.343782774385915,13.345749950968967,13.973683639314748,11.60388140377755,14.723871617890747,15.343326199778746,10.23515394147487,11.91288215317622,14.83948276471191,12.349917997227687,13.082761500691603,16.797128639556647,19.022616003529063,13.352105656963658,17.594812720176613,17.25174922168458,16.756711328301716,16.393595214048226,15.196224119468477,14.38551872512324,15.552543714488404,13.337774366136776,15.185189916612186,16.172222436524056,19.184999940789808,12.56757260163435,14.101353638914722,13.488764314424598,17.956502535604955,14.693302985442749,16.2995090262889,15.71763060006948,18.10913087015626,14.763763132138417,13.655502995162502,14.362005057736091,13.822501843064712
Var4,16.19612368743688,5.620609566716871,8.672224115205127,7.350076489216324,0.0,11.379164006082958,9.120119972218374,8.379523358670028,10.112471402255634,15.399821711017129,16.5423929378826,15.473884796036714,15.717075929862082,13.213687894732425,13.036590257903965,9.739699936001507,14.996923077728045,10.621803445401012,13.25383198896482,7.8343651478713285,10.22615628206189,14.76215865401946,12.79383209658394,16.37189610626991,16.50918075633844,17.547069462583497,10.05581892907168,19.128834534197235,15.131707260882916,16.10260094794719,16.121550380010795,17.085142615469113,11.019136246428015,12.028041006209806,15.017141869564252,13.599257361266263,13.760276615155139,14.48410927139871,11.340403893715335,11.13652559211613,9.73005264376789,15.36045767662034,13.391376431046568,16.354926260194272,13.252768718880077,12.616214277964696,10.172973346237116,13.613944489756598,12.578509164136783,11.2599332214813,11.689777113307077,7.326822087788146,6.856941895866362,6.549372822831933,7.8725366125923095,10.808256131790907,7.4604559283032135,6.8486445802804,15.480405293818901,18.313602143000388,17.63430814244417,17.382735108277362,16.10061785632231,15.09049907878055,13.931109481793026,14.61091871572889,8.713357259338553,16.258178211269147,15.093074586342144,8.823987765960306,11.70297320204885,13.763015170363794,11.267735773274156,11.888528885572125,16.97709920084828,17.676542192119282,13.847977175288415,17.231409517754567,16.30599330028665,15.701582206621103,14.950266774027837,13.011487874974955,12.28136851192449,14.802471846682248,12.234144786047853,14.160143264467408,14.928988449912296,18.710917093041235,9.321180313898841,12.391711921872826,11.588843245766125,17.028559400755114,13.096811432051428,13.819913157474542,14.638642613751728,17.26322230329365,14.067993095125779,13.965018578262944,12.570656845741738,11.418349806829418
Var5,13.5723710046425,10.108024347032357,7.059267699429124,13.00537216610858,11.379164006082958,0.0,9.048129431360243,9.008672586060566,8.048514631206267,12.860393861370174,13.617718805174924,13.293118244470298,13.945166388907534,13.332143335575177,13.242829099705396,12.6898095752755,14.666435544767985,11.59001983183577,12.369001087544975,10.375042385439087,12.79021871619996,15.25573884613454,13.77767848746182,14.937809969088278,14.750507652932743,16.209043945087554,13.558980009080775,18.800336253698774,13.575544346655459,18.097387569173623,16.10373034887094,15.624386816867295,14.720549985048498,13.147874797197476,15.153026538782465,13.186043976155222,12.498981288455505,12.765035597149028,11.344969276585262,11.129096864683433,11.448556198692488,13.190322241297785,13.46062544567962,15.007678851808947,13.287367559711164,16.467584188055337,13.500689025729004,14.311401480468959,8.972047495077417,10.946690496658992,14.07478749439934,9.265325875525736,13.215461192401637,13.705140261287404,6.741583086101343,5.1648157320993775,10.689786606524205,8.986405196254855,11.805164462950152,14.323987829140819,14.729523217037949,15.159019280868808,15.44432999535359,15.408505379185003,14.663521697877645,14.7195958131288,10.807782977288525,15.20949012964805,16.247117531447948,11.80705353326515,13.34194696434359,15.629979259183616,15.268467019878933,11.908385701179265,15.360579915128351,15.81147162753252,12.144264925262776,18.38749998327681,16.699532791482714,15.112701481539188,14.54720447203761,14.7006873187191,14.261268018506168,15.834944648582715,15.627598454670949,16.84998041478424,12.860978633455757,16.905076804593172,10.038245955417649,13.358459619038891,16.05866403133559,13.660695554032149,13.610620446281905,12.834949534515278,13.56968353207198,14.969707195338113,16.768667246399296,15.94864545214772,9.22823027891241,12.46427275957481
Var6,14.846533617666568,7.718584239258205,7.306438806643719,9.996344109692695,9.120119972218374,9.048129431360243,0.0,5.660227793752238,7.224694653860193,12.762273692939237,13.25429590273965,13.14034030681646,13.651193725363242,13.042924504146498,12.335794875680945,9.24232136022752,12.139574911446067,8.633343330179557,10.333640411633569,7.301014804610716,9.041660959555733,14.511035068317849,12.425217588036052,14.676453699972,14.624728261479675,15.937730298882876,11.778331217212157,19.167254095675172,12.741417840218835,17.11496437235226,16.6111324161411,16.463562896788897,12.8410605980418,11.415537573944425,14.499281719132302,14.396591847111688,13.74302053087488,12.665771063769599,12.277069673525608,11.257969515249318,9.724236661472117,14.640207402048976,13.129089611860788,15.877200449931209,13.296446925818186,14.931968652982421,11.95784929717522,13.738006946917313,10.807165176878472,10.41616362883231,13.358079868435409,7.916866711286799,9.783433907689195,10.107943472061288,7.437433204320825,7.511881436487879,7.12752727721615,6.5625509019910595,13.300196360632603,15.354918689055493,14.993324425256716,15.098211731518614,14.59294447448707,14.280385950903607,13.484713670790258,13.456519629083123,8.857149124455466,14.098718902140376,15.074658249479048,8.623659162462657,10.182767263442555,14.296165331548288,12.046462701474056,11.923640439266237,15.262561494499797,17.171436544207094,11.246673718869248,16.987702730308307,16.763842805909846,15.707847406206511,15.173243072614326,14.592683360343814,12.59732575232917,14.903927460279592,13.43793524810088,15.7702569741172,15.06625046939853,18.108495992428825,9.07596926953283,13.176095987518208,15.401323732961691,15.920230050645369,14.84621959365135,13.66936548369003,14.162424603985846,16.40907356828825,15.336145678480761,13.317713632991358,9.335687506271498,11.186016156977022
Var7,15.534977301528583,8.043593283375188,7.045940019311184,8.325476937936333,8.379523358670028,9.008672586060566,5.660227793752238,0.0,6.2039619675129085,13.457952107898652,13.785436308400111,13.745515922526499,13.14103376281126,12.237675871156146,12.36889942337875,9.28919115729935,12.82557371458222,7.85260529576993,10.933709935723384,7.571751157095476,9.390761648031127,13.955286966735345,11.27793969828941,15.924551135963432,15.683946711613093,16.545523671283803,12.724458674022452,19.565574999948314,12.846633319217773,16.27646706523377,17.328721580801442,17.51434316824779,14.03605536370545,10.710365654191822,13.9605805943398,14.010170968322598,14.196146427877641,13.65250477726697,12.589542297881012,10.322627327691793,10.62655531061239,15.337784562162838,12.534505499700867,17.147961704317186,14.045687161078671,15.574406567970001,11.897724772154257,13.215104044084816,10.944248366860863,11.401943083386776,13.86624474942652,7.990008715233998,9.318643366176834,9.836975356899641,7.186514879078377,7.991974839944379,5.588271903721261,4.863137964632574,13.707450092710403,15.299350097789516,15.488006143064556,14.977219722548295,14.342839743880775,13.316687560708846,12.343806334806608,12.788753351612101,9.849955358639814,13.903532568165307,14.285063896808026,7.636008536332313,9.92747736486775,14.348541736679337,12.060940052499832,11.869006322249945,15.996932331538822,17.055443727240657,11.04193591239278,17.49400757575282,17.73637286555441,16.537449833434323,15.768914506797115,14.603912271362256,14.036274263215235,14.796772473492984,14.406497860115657,16.213004052359228,15.32694013498839,18.514628386921345,9.052889654344867,13.943209346033614,14.937433518083132,15.784301256088797,15.089305428767844,14.72831059599854,14.296574635377826,17.629117162599197,16.6642344360275,14.660125896238023,10.324229034953111,12.426493560612185
Var8,16.510434656532126,9.516308718347593,8.213917023530355,10.74246608742039,10.112471402255634,8.048514631206267,7.224694653860193,6.2039619675129085,0.0,12.230476207684712,12.8145008591712,12.035916209944464,12.081711125793479,10.321819829983054,11.140546443233209,11.002708204094317,12.452166152253668,8.368125251811437,9.96746106858386,8.5268389549753,9.868267539052646,14.666278776220874,12.37827673811977,14.619676423096303,15.131844850020487,15.937301200493241,13.692478700447015,19.721384182444694,11.756798015687526,17.39779118962946,16.479622363476413,15.797105288328808,14.174127014689617,11.711442055055931,14.457161123912462,13.583361966911921,14.092748494258213,12.731255970978347,12.906837541915934,11.428582170637673,11.390845013583466,14.731067184329108,12.80530960323828,16.558065719845803,14.032614899239928,15.876711013284895,11.518745953138378,14.176781050336979,11.291801071988568,11.584676605837965,14.74636872512938,8.854481620361783,11.617633595709162,11.864547550105701,7.061394445160723,7.599217128530563,8.05080414926865,5.512277813232974,12.170306137056093,14.299494041267284,13.881738819946698,13.759505124239752,12.736710738511318,12.386523168771623,11.83123167199636,12.18539911216509,10.240728778181463,13.498626690584828,15.370283023249629,8.557822198205251,10.669342351505055,14.287573643760977,14.351879963680465,12.079653346220054,14.909486248053195,15.969003514591568,9.775724750000402,18.013941789762285,17.662859462551275,15.935753325591268,15.167976448236372,14.765753066069996,13.811431801184671,14.3893775830465,15.216148639431019,16.384675228750705,14.780451647816568,18.248399875898194,9.504538780020653,14.552719783341397,15.857377862784745,15.227846651988983,14.855827774916802,14.107995847892253,13.484912909991202,16.53455644314534,16.589453381298092,15.217505199364313,10.122328894119487,12.845344051999488
Var9,16.66349600963157,14.337903721539131,12.209595449620027,15.598426943464494,15.399821711017129,12.860393861370174,12.762273692939237,13.457952107898652,12.230476207684712,0.0,9.15052316466859,5.182638147193857,11.33660958183502,11.718590302565921,12.258327207247042,15.81007794888269,10.361698995489204,14.540012062124024,10.804737882109581,14.85695376662935,14.185654336189913,15.758311095857739,14.702590419584824,9.018547042222657,9.78298312747621,10.745513386078054,14.285764762838282,15.887315802655579,9.977168899648822,17.309296663308622,16.80648115085041,14.690227700400158,16.78361265396832,15.331583563918782,15.482149994103194,13.995238464222417,13.754699566065328,12.143301841505673,14.86076503330391,15.003910077955004,15.486000452174217,13.120506486901283,14.278717488483295,14.104573542589643,13.319118377298432,16.66639751259316,14.958909203704904,14.020057750422863,14.187696776843701,14.170506192176907,15.133039034609478,14.18313713286379,16.645545140399932,16.566460486532534,12.278699539621144,12.717899970630603,14.319829719679607,14.033393741265396,7.66162521252808,10.0792646722107,7.267110963909987,11.810424785212644,11.1053623232708,12.684293816991499,12.107283589984265,13.533094110783994,13.55278176654913,10.506332098818323,14.73693396523924,13.791796852490172,13.456542557509062,11.979424335232228,15.218594286931973,10.43780867028913,9.508673642930454,10.912843915715888,10.931012282288476,13.998781900758193,17.68986102528194,15.827299571976974,12.602813254614361,15.568737400556431,13.857606194595695,13.173546045225743,14.016670654114613,14.430828433713518,12.815005891427804,14.517369416874942,13.01697745865045,13.929570763586339,16.92339916819636,12.645575436611797,13.57200150817919,12.85787533146562,11.012868959060318,14.472778407775293,15.410642208176498,15.655048347821522,12.483644665757566,14.44262253439691
Var10,16.15899660998089,16.172280089937917,14.169056468526962,15.851813664226329,16.5423929378826,13.617718805174924,13.25429590273965,13.785436308400111,12.8145008591712,9.15052316466859,0.0,9.066627814574653,11.30246490196821,11.73980557182163,11.198169752896934,14.859518764993597,11.147492728149079,13.957121338197375,10.089989693160293,14.919449677186131,13.409460518925314,14.26039661931247,14.293488938155814,10.260387452272395,13.66301155330411,10.766878612334903,15.91970499164187,15.64087882904411,11.370233054034962,16.17946639200961,18.468657404822604,15.559398807680791,16.803251735902347,13.974598435881914,14.140531484794616,15.862209629878516,16.327770867724308,14.470202726654811,15.776411452196646,14.298529560598936,15.297936173783455,15.431008791192301,13.62707741611381,16.470545162538905,16.42816559718315,17.463265294494036,15.688287740552742,15.126213255142694,14.76095957749248,14.468592216128238,16.40320366776435,16.170476997442062,17.73735707103892,17.28588454964482,13.533194524911758,13.43599888381484,15.586292498659931,14.626477793544245,11.192184442107104,7.715638244169145,9.826594906153314,10.703149543846614,12.910598015593537,12.723647993824889,12.932797384790245,12.84861466568012,15.9352923272836,10.321595504348906,14.356682675570179,14.530707989448564,12.896868334127115,14.154399989324832,15.717912197594606,14.896892318551584,12.309012036738462,12.888739386214853,12.654337859933316,15.338998046049953,19.564566226953627,17.220847180779373,14.587297124229728,15.66508001200597,16.976269932073812,13.516752010794889,16.464697744118745,15.43120148309923,15.325197914409978,15.375884962965065,14.841233538110597,16.638857815380344,17.977107970912513,14.710296783482667,17.07594913270454,15.595846993354343,14.15991910734763,16.316757893635064,17.299034586533793,15.256279190047856,12.86524642031128,15.391710303221583
Var11,16.99534466984257,14.141051240803176,12.741600457286191,15.772848663678804,15.473884796036714,13.293118244470298,13.14034030681646,13.745515922526499,12.035916209944464,5.182638147193857,9.066627814574653,0.0,11.600567823511561,10.700155930426138,11.899994856357155,16.109322257216792,10.187504467043416,14.354415741252202,10.78462130770805,15.065513284802144,14.616988801946299,15.872645060454982,15.136480672138818,7.945616084125752,9.831500997799045,10.617482412215832,14.426198395304958,16.142540648331575,10.160766044722223,17.20946292916301,16.119989925907607,14.162573334755795,17.158431785055516,15.658523452059855,15.499879871602655,14.473778139447608,14.716248098154601,12.201083190075147,15.13059964800948,15.218860759730019,15.843472915089515,13.21522684509352,13.924595374843085,14.403820774156737,13.792759052167224,16.94179141766061,15.219889289416761,14.643860892623291,15.205818048195876,15.049517228359933,15.504533532608459,14.24476100802328,16.91444930171533,16.511803153617546,12.29532803351751,13.299534416425983,14.182551906273947,13.906488207682443,7.9965515406235665,10.473284279229269,5.978487458728564,11.688933063393215,10.214462874728591,12.022255506746777,11.599386226708258,13.24344296433909,13.768480167235046,10.29640586887397,15.202712151887495,13.978630455707746,13.318138024804458,11.854649719284808,15.633178542711473,10.690835891498326,8.94065822261649,10.561342298900023,11.106662163275516,13.618130447719345,17.860853687734835,15.703669135263784,12.742475652527895,16.32288950700535,14.250900957528975,14.112963772063235,14.919078680688656,15.221866593662408,14.047627871060664,14.915188286566726,13.676035537885722,14.62778070566361,17.143127083394468,12.549631119571377,13.541372069923012,13.34574426289569,11.044239611678409,14.641794776890164,16.014338354905608,16.227159623562347,13.578435120444896,15.434084796163088
Var12,18.090214448271123,15.57939081847533,13.64079601921844,15.09385550143501,15.717075929862082,13.945166388907534,13.651193725363242,13.14103376281126,12.081711125793479,11.33660958183502,11.30246490196821,11.600567823511561,0.0,8.429426947346796,9.81558041861634,13.54042639914821,11.960556683620188,12.760720311563238,11.145674251987794,15.260120743474552,12.605733330238564,11.783650812014065,11.743997804091357,14.401449956268706,14.74585627948564,14.601129146913566,16.007169807081272,16.253145428957176,11.841159219692008,13.19920232406283,17.032751357335076,16.05817628873235,17.58927545238622,13.04265587956514,10.87115972402218,17.277001808857225,17.019179391968375,15.171036202449375,15.431789841973266,11.863542446062567,15.867890462075408,15.356847355476114,10.216564972329422,17.785256208862066,14.342116169867367,17.024329442149476,14.053544802240166,15.066391330433616,14.590728640593511,16.20593850048834,17.147493737103467,14.733110627600611,16.751678110629012,16.888901354058618,13.547553761912273,13.892660821306787,14.398305076032816,13.675971069365222,13.318220038266247,12.581412990003829,12.334865149657533,6.6389736161200155,9.908400406162649,8.749501933462142,10.679970244346004,9.508513334866866,16.99155622319164,10.544333457774261,14.431526832301047,13.648597945861676,13.08580928141465,13.668496296137707,15.585001764242651,15.818365752744342,15.190718641650662,15.504747932800782,11.836250187317649,15.456448637578236,18.274134935103294,17.258775886731808,17.691520620946523,17.54220978347856,15.197998526477043,13.345306593662897,17.5263279973433,16.876046531752895,17.242926918319224,15.883144328692175,15.665477061421367,19.00994876260702,18.09568915676511,15.043326086025322,17.43362461485086,16.962908790657718,15.279184090204044,17.350057497698653,18.116841698030164,16.909090623175576,14.186600917074411,16.87729248925787
Var13,18.382405582934965,13.36574977617713,13.029277302537416,12.60791782063399,13.213687894732425,13.332143335575177,13.042924504146498,12.237675871156146,10.321819829983054,11.718590302565921,11.73980557182163,10.700155930426138,8.429426947346796,0.0,7.309844744702902,13.478342289515936,12.193138545597874,11.971326952284576,10.349140100609173,13.760997999901162,11.68515121398577,14.02138149444275,11.402328346397413,13.612567987694943,15.916647339706275,14.938970619058217,14.222735541446808,17.186772993905564,10.327609501444611,13.941677750240435,16.422179895709572,15.059513185623292,15.800354879567461,13.624470333413772,13.144735419982426,15.4350264923403,15.698523632670483,15.318071277402751,14.161660691049526,12.034637581510204,15.240952074580065,15.807643780924423,11.57315118045819,17.53619429038139,14.628158959495696,15.201230976171482,12.685933039043316,14.35099165740997,15.611658025154872,15.941005235505813,15.784625731852188,12.812175255470862,14.845157314836843,15.083242222086948,11.792631331014407,13.532049048562348,12.390546197327607,11.572749207965591,12.878789079167657,14.05455886916053,12.294191024365977,9.98822088499313,8.695474198377868,6.294358873905912,8.383022190367392,8.477312097295036,15.340500341343278,10.856922928726172,14.264132823873242,12.22222994328873,11.533445896348193,12.857950518855182,14.18168764437257,13.861115364200996,13.73507190320468,15.654202359961365,10.400507218642318,15.059865636142868,18.707649876690123,16.857653429417244,15.784609208790801,16.37157925241749,14.479247115846693,13.393231666825034,15.68835147431722,15.19683024886741,15.916668158068507,15.974970702445788,14.390274534446053,17.26995947271588,16.566942636368545,15.924447942739546,15.222693606233292,16.654739805291953,14.38984554689356,17.29088243948678,16.57117296508069,16.06210753525234,15.279128447443313,17.08390871281684
Var14,16.828518381647804,13.412222177420396,13.435363915891982,13.37871173260779,13.036590257903965,13.242829099705396,12.335794875680945,12.36889942337875,11.140546443233209,12.258327207247042,11.198169752896934,11.899994856357155,9.81558041861634,7.309844744702902,0.0,11.94075369305643,12.867652989858632,12.129365298035523,12.258054042706865,12.48320498814505,9.802975772736195,13.309692227920587,10.55476781199798,13.222289412925004,16.39483032091546,14.783182136999962,13.232197158486263,15.382742837156128,11.973295144907313,12.968737153606227,16.91791849216997,15.954259395915013,14.544148998941125,12.748290153190664,13.237699671817397,15.453005051834744,15.553738373909999,15.254711482928998,14.474437059896843,12.055162299943209,14.196837675068146,16.049839353540325,12.046090597621125,17.437517636129638,14.922989893520958,14.764914517794146,12.954960025012955,13.805569904822887,14.379167758017113,14.69861623990774,15.466207656928933,13.905900767667568,14.164183309028063,14.62554451113651,12.323928183007586,13.170322256867205,13.222234384411916,12.08616199972012,13.20999448889302,13.566932873238898,13.550197683792051,10.958783194252133,11.986060572537166,9.199774043837838,9.570670310623772,6.488904146136008,14.64329809142275,12.799116604787233,14.15824591156155,12.744550024987888,9.136866329470271,13.787718198932598,13.033696064281086,14.919136499443104,14.660400176754205,16.316788092114777,12.123949251993361,14.329636906360038,18.604574040644508,16.721436342771543,16.061735625451217,15.255295745494095,14.980937800553207,12.810926068281843,15.215679546388111,14.160049194660065,15.813517187228728,15.479917478656965,14.090365572510903,16.81723576760636,16.12221101761393,16.96872320288543,15.774810795612277,15.98068903263682,15.58751584772473,17.693796207666367,15.665661175206091,15.013382648484823,13.698090699175937,15.313928583105337
Var15,15.562985741256359,10.722309525355403,11.830439225053915,11.57664320980894,9.739699936001507,12.6898095752755,9.24232136022752,9.28919115729935,11.002708204094317,15.81007794888269,14.859518764993597,16.109322257216792,13.54042639914821,13.478342289515936,11.94075369305643,0.0,14.107884976864973,6.8938232033457485,12.21050883662204,7.446980647708385,9.056043480110867,10.387893563738853,9.676866891497372,16.820965400603235,16.710153286083127,16.128481775621214,11.733264680593788,17.895560705174816,14.278088146714845,13.796164402327292,17.651272215055478,17.54605189558436,11.721163745428889,7.394512018939431,10.470614331720384,15.329468163882296,15.872077077608964,15.315038370600128,14.330983084819676,10.659097101338473,10.192663134530731,15.324580793510824,11.248167969877215,18.932478690605592,14.124308152577765,15.553538966208341,11.683330449974962,13.4903431111485,11.893069380044551,12.728909509872262,12.807310476506238,10.898706098444588,8.98790446994697,10.925142921240884,11.59541672524006,11.636446477510537,11.138230628489556,9.829457434126672,15.668447493242569,16.824424520121692,17.68872109049053,15.487320749440368,16.546477599205254,14.765166436417308,13.443738240852264,13.239134457455755,12.876468053180897,15.592705535503462,12.86766530210701,8.78540474423545,10.672272307930527,13.323627644303278,10.66229215593013,15.688310984671599,18.328505659963184,17.890866850289374,13.78023774334935,17.219398401827636,17.74688535739757,16.755435801421378,16.57487754005009,13.376402590828208,13.500029054139402,12.797702402595757,15.016304291064875,15.171587936980755,17.125579540355826,18.416724210327,10.738354712975145,15.761709930811202,14.14086882829742,16.976133430548508,16.91675979756948,15.511336637356495,16.042081046283407,19.05263483421469,16.795152928144933,14.22122763821962,11.419717446753861,12.880242866883922
Var16,18.58592074118233,14.360838967050572,13.971840432589358,14.55814279771639,14.996923077728045,14.666435544767985,12.139574911446067,12.82557371458222,12.452166152253668,10.361698995489204,11.147492728149079,10.187504467043416,11.960556683620188,12.193138545597874,12.867652989858632,14.107884976864973,0.0,12.007092402867432,8.434404089930485,12.935586659289557,12.198731420157307,14.338457319461954,13.615478778645763,10.958748326172055,13.298470225203385,10.79218055555793,14.137886419223694,17.06754892824214,10.31858618852699,15.700877201420614,17.816164203967936,17.011817080808473,15.34672752286089,12.960930332758869,14.396769275692844,15.81684015312149,15.901988905412228,15.097956436864884,17.193465266494094,16.156016989551023,16.00284951175365,15.537853582513277,15.583744328458147,16.798536379831084,14.537719243195607,17.43036998344125,16.111407718294778,14.891401900849552,15.8176755356705,15.545477119702733,16.47046305148808,14.292297120304141,15.116556751468165,15.535333179710728,13.124759737784027,14.536911761586603,12.69975642038748,13.681372092478671,12.129898205042052,12.888428701769207,10.92479650323249,13.417072162408113,12.35105516669177,12.901975406660814,12.860589598412023,13.83980521265795,14.167793293165401,10.071706513464164,12.020399161018977,10.714484570918769,11.83584716624351,10.97802805616463,13.319604483093864,13.685080100902999,11.007408025760677,13.144002562371767,10.535534615937278,15.249175713911123,18.230650902978457,18.18916328441248,13.665809474168432,15.201065075198247,13.975125604668303,12.267414987330833,12.733879136529799,14.08574183224554,16.345236135449262,16.340021148595433,12.603714766919593,14.9344611060824,17.8958995668277,16.493626945099077,16.795450126201267,15.907465359290981,13.708806454840651,17.145364054011683,15.939441273756907,16.35136262183944,13.471218938948924,15.89732884627596
Var17,15.749391845987192,10.407489692113664,11.049757000205185,11.686865333662997,10.621803445401012,11.59001983183577,8.633343330179557,7.85260529576993,8.368125251811437,14.540012062124024,13.957121338197375,14.354415741252202,12.760720311563238,11.971326952284576,12.129365298035523,6.8938232033457485,12.007092402867432,0.0,9.617463355244777,7.417105255275874,9.939638330781204,11.28723463764208,9.528148559496346,15.954087999824592,16.063715431884493,15.585711754866269,12.633390380077396,18.664212342601008,12.656432427927038,14.838003079349228,16.942338828143804,16.72479865466389,13.281973818065874,7.398074318722219,11.146250760302948,13.757490253342066,15.856738811875934,14.996871758518349,14.61093347213677,11.163888988451019,11.8608969966729,15.15440026553389,12.051454728615118,18.42803877479426,13.464346985797809,16.767003333999966,12.532033859770163,14.13266470054451,12.383396740273062,13.365355842543334,13.21263345244525,10.202682375549948,9.966256392984427,12.352125833307316,10.43376607127109,10.526331284323208,9.986479166727841,9.036483173403044,14.26030579877665,15.712586027716544,16.04222050661374,14.58082972742438,14.80419232686692,13.96475743043512,12.828948638425128,12.93585249445432,13.166619765652275,13.836720908720311,12.461514945392423,6.650977353219952,10.713514146978172,12.839696567700226,11.71950475924154,14.548692662645491,16.954639181123863,16.761050935711758,11.455103465368113,17.502882801226544,17.39361669027807,16.90750919908768,16.140635351735312,14.496543403841159,13.579818625237268,13.060200927098466,15.695619269151681,16.19689959344587,16.99430765240789,18.407130150786696,9.98440649018749,16.06250073498017,15.325933248341636,16.200339814818904,16.586705276592287,15.528168587322586,15.385698824383125,18.593321842536888,17.848382054873106,15.432304799974698,11.385338104781605,14.207166578751549
Var18,17.932880511875197,12.800385829069484,11.59992404840894,13.14663850270215,13.25383198896482,12.369001087544975,10.333640411633569,10.933709935723384,9.96746106858386,10.804737882109581,10.089989693160293,10.78462130770805,11.145674251987794,10.349140100609173,12.258054042706865,12.21050883662204,8.434404089930485,9.617463355244777,0.0,11.491336330372826,10.672819316115408,13.01118225310151,12.187354456139703,12.063832017127158,14.169672505575457,11.984260279336985,13.678186420602469,17.855889975345438,10.695313434477585,15.62747206494539,17.85343854756988,16.123208302965804,14.81756446466662,11.043911146719873,12.650762428501755,14.985616246010403,15.836303933623258,15.07140639185313,14.966413104225882,13.150207103509853,13.84056195618398,14.810380276398096,13.441072269365398,17.2297976632778,14.09707446630253,17.132437470313192,13.968333129365096,14.952469728187749,14.232568375872098,14.252861653997162,15.385685688524243,12.085551482542416,14.32802472347303,14.488520832437139,10.981197114739823,12.045315482385444,11.977949586340573,11.465652480590178,12.231995487734286,12.179394373160356,12.062341473953179,12.674860058909728,12.262572325925726,12.189082157900968,12.6163480262832,13.648531684542975,14.165132114203514,10.207116477358122,11.958630683316619,9.642785983588686,11.556200615277133,11.547684620322482,12.958752017540998,13.47044497410989,13.164589703164406,14.37911597490823,10.989439746882548,16.432097258292863,18.90478829643667,17.891553628563628,14.328941457448256,14.649399272301387,13.919662275572486,12.968334191071516,14.190592309218724,14.93884074130846,16.18553234990158,16.660193738588994,12.062256108203337,15.549274805877994,17.134024074879584,15.61901573274088,16.04705053418635,15.926448261001754,14.115429363829119,17.280923232381937,16.812357658693916,15.3871695355988,12.393623452503432,15.48545808147518
Var19,15.671684276920832,7.959302557868223,9.60584943990081,10.983410372141226,7.8343651478713285,10.375042385439087,7.301014804610716,7.571751157095476,8.5268389549753,14.85695376662935,14.919449677186131,15.065513284802144,15.260120743474552,13.760997999901162,12.48320498814505,7.446980647708385,12.935586659289557,7.417105255275874,11.491336330372826,0.0,8.784362686785894,13.639359494293043,11.861471679607037,15.502627259350177,16.258604711913005,16.056057694477047,10.438125345273978,18.951634858642,13.338292336326733,16.352831486372477,16.916139695956694,16.96219061529982,10.522138749214337,9.382169926757113,14.401149206953574,13.184236027674691,13.297616056124316,14.012228527687391,12.524485534291813,11.798149021634185,8.713838722734524,14.866238839158147,13.74475438650809,16.848012615389752,13.302047383081709,14.321198023474746,11.183472950895732,12.633956624401701,11.172968180549425,10.336937208060785,12.742390478205815,8.609322224573202,7.327341877851761,9.692137786383462,8.265756172531885,9.05534646065976,8.621879692883658,7.339000708659531,14.460274888435773,16.73719972018382,16.884118265305318,16.805265703084213,16.77353722007641,15.621749289880556,14.219988852448331,14.322383575615977,8.885238003682485,15.573491227564462,13.629027842175445,6.327686861093863,9.73113888719066,13.727634309210465,10.759960080361852,13.184666222376102,16.650369983033112,17.444259770114733,12.590699662074751,18.31483595853224,17.079075057793595,16.210612293050005,14.325350286527579,11.687297538936209,12.319713120251219,13.782635194888565,12.751705363614855,14.437926374435444,14.901704960250763,18.41590773886741,6.741591724683106,12.432502454668235,13.775151943702296,17.136408244639174,14.899230276001326,14.142120519951336,14.79348366146624,17.50791750105207,15.311175421457447,13.711382622817048,9.776825129459613,10.600245030781213
Var20,17.031227380368854,11.571890244329314,12.068189154785289,10.40020547777109,10.22615628206189,12.79021871619996,9.041660959555733,9.390761648031127,9.868267539052646,14.185654336189913,13.409460518925314,14.616988801946299,12.605733330238564,11.68515121398577,9.802975772736195,9.056043480110867,12.198731420157307,9.939638330781204,10.672819316115408,8.784362686785894,0.0,13.892818886393405,11.23875550076489,15.036649492199242,17.74764781019817,15.841105583465632,12.716462701616305,18.506837328424226,12.771099249895238,14.270160711275022,18.624587652954645,19.143033688254754,12.255151055231764,10.791058207860544,14.253591165061476,15.68202294124866,15.950021345513841,15.793128215162033,13.760158973253077,11.759399693653245,11.448608483182985,16.81292070720378,13.918997769004736,18.782399497591275,16.003748932582447,14.881086754606965,11.844021395953355,14.199552690824198,13.486685710493452,12.516119269157322,15.286808706081596,11.93224338570814,10.855216313029755,10.923927264756403,11.486740787643363,12.096934106256631,10.17395426168762,9.620344650613195,15.71224934916949,15.493713970692488,16.367017884280163,14.1684004119547,15.076109715797529,12.559542554795003,13.129700264710449,10.999624119219074,12.720017271567741,14.621994441238394,13.353804658437067,9.57745574843748,7.2256699442088195,15.14576418766642,11.22495991105991,15.195880760957827,16.703515472479346,18.49299813718749,12.168287225061126,16.907715416516197,19.182165789591767,18.666306007757584,16.94929271623849,14.194754681448382,15.130768982158889,14.64374212671943,13.282449243106774,14.948563592685236,16.396922007545456,18.76888485796859,11.664490699383713,15.592892591150319,16.017699499282344,18.64690608865046,16.610170444638612,16.891435811332727,17.168473466692,19.51348340676774,15.787787904597604,13.913229606299746,12.506037712400305,13.296330203675659
