Var0,Var1,Var2,Var3,Var4,Var5,Var6,Var7,Var8,Var9,Var10,Var11,Var12,Var13,Var14,Var15,Var16,Var17,Var18,Var19,Var20,Var21,Var22,Var23,Var24,Var25,Var26,Var27,Var28,Var29,Var30,Var31,Var32,Var33,Var34,Var35,Var36,Var37,Var38,Var39,Var40,Var41,Var42,Var43,Var44,Var45,Var46,Var47,Var48,Var49,Var50,Var51,Var52,Var53,Var54,Var55,Var56,Var57,Var58,Var59,Var60,Var61,Var62,Var63,Var64,Var65,Var66,Var67,Var68,Var69,Var70,Var71,Var72,Var73,Var74,Var75,Var76,Var77,Var78,Var79,Var80,Var81,Var82,Var83,Var84,Var85,Var86,Var87,Var88,Var89,Var90,Var91,Var92,Var93,Var94,Var95,Var96,Var97,Var98,Var99
0.0,13.550614325902544,13.81085628286987,15.407128351072872,14.798441593234944,11.501708311632887,14.772903693608532,16.548612958608306,15.114607365914368,15.18330902420617,13.735690881603526,17.089131130406233,16.514908766810567,17.527610045316923,17.516947769657197,12.063637302789834,16.628181860744395,12.973640537196117,17.487999667804505,13.142018327768843,17.939726518846303,14.184203836020504,16.253229733322378,19.260179554926413,14.738990201289276,17.362255503731014,18.513420995812183,16.0562440481915,16.999839120418574,16.89279647718645,12.517001670372771,14.032120932184691,14.423382385196188,12.959297834139884,14.753474345955745,13.546096154839644,14.317149449753012,14.341985801265462,16.395137701409208,17.26407432071647,12.076232328504942,15.741239245439782,16.781229932359068,11.556222337969222,13.645616498952911,14.643981977807275,15.9559719548789,11.118075296633064,7.835722840087048,11.938446157585416,7.563772578935092,13.81387182697893,13.628725911117556,14.599584586672217,15.003612649538644,10.585168364467968,15.339071933239689,16.92721460879586,17.18363306478017,14.446998335514396,17.969148324614213,15.162947736951129,18.675398620080728,18.45549093587098,17.678457714184415,17.607659057708993,14.046655972805317,16.270411104396132,15.577058049105611,13.234148916887213,14.675092006169526,17.792545393500834,15.769323245198263,18.28717122717264,18.788545587424952,15.947289090851465,16.048461019684577,19.105507234841703,12.183357847308354,13.485316611761808,17.93968778701977,12.558583184937383,15.309664909934003,16.28379565058716,19.03483116911337,15.01412916553332,14.255558948680097,14.251529058057278,12.37746641359259,15.189488304311087,13.844647744666888,14.605678042698282,16.357406326270215,15.805948922668366,18.332688551252065,11.23461224761233,16.37224895380106,11.905403080538422,7.782936999418314,11.035068070428393
13.550614325902544,0.0,8.136463964858876,7.460666800120918,5.322309224747207,8.26386756888911,8.443626874949734,9.04123519093938,6.787312772905867,15.170829117261423,17.466401396716194,15.862473074828184,15.207773797495635,15.91264183272247,14.019312779257554,10.555379852339955,16.626767024579408,11.092768184508442,17.385396624717913,11.556021076419572,13.63912712368243,15.562224032184888,11.71960259218965,16.24444607820656,16.353645323328536,15.68751639666018,15.14252826246008,17.011911115340684,13.097562990575918,15.12170857249532,17.257631351671485,13.0232804089747,14.23801817706245,13.615480761930003,14.159190126676789,11.680363357535848,15.34013367150789,14.26330856444302,13.39859372153732,13.947711042737456,15.220062186830503,15.525087301910473,14.962031520757304,17.68043294978243,15.787479563126674,15.802928813140085,14.719735057153384,13.968861575239574,13.759488573569602,15.536995490606015,13.92165913664667,5.846164714846957,9.18157408709336,6.736852441613161,7.491745019758532,12.378743141194771,7.76473857260805,8.683717855717292,16.924174048743748,16.28200565706129,12.759158487420278,12.991867576648266,13.467717616819538,15.609864395315904,14.939001833088556,12.599283348829005,11.986354282061372,15.59121002808736,12.220409282603608,9.440601402778489,12.021445051390332,14.251247171595525,12.221905198332092,14.687594911258078,16.29278745127825,15.04384858797987,12.115873359013577,15.232949498833392,18.206731381477702,13.981577638759717,16.182558067212995,15.045994319962798,16.309779908297028,12.636280528589484,14.75856559535686,13.67830727457755,17.58840916823386,17.36882342179897,11.884026824058516,17.59991008651237,13.967924339231018,15.65483756403727,14.237484872029272,14.809467891042209,14.93559868654713,17.559461073417843,14.47916651675672,13.70140821742648,13.83302385832545,16.027328284993327
13.81085628286987,8.136463964858876,0.0,11.261307330083644,9.912854999373298,7.25070825083436,9.51875229111094,9.591839513334008,8.19678033708052,12.914444953138023,15.203637608875685,13.139059266923478,14.144163842655647,15.874265299999816,16.264450918887004,13.954909895987852,16.665786103259258,14.48003070039454,17.0598538294199,13.563584019650555,14.69975479827139,16.108589455043425,11.246051234746044,15.081122937504858,13.128480499019226,12.379945552868392,14.179366266625642,14.798778256005845,12.364576126491828,14.153809933497316,17.841930903530542,14.174127905619097,16.045067454318183,16.690186104967736,16.921518188684455,12.13453436469329,15.423101546274491,15.520677182428823,14.63552524176226,13.531308991468311,16.87553391387932,14.157619051226035,15.599727723051414,17.282636533936728,16.273857246039313,17.17263140081818,17.33381962498123,16.343061923138293,14.854376807430867,17.238850518410814,14.64124385061582,7.132034773825402,12.782713660983768,10.532084530270575,6.805604047002563,9.310082713258428,9.949408842161816,9.26581656230146,15.542053877139422,14.996369781308813,11.61050044591714,12.529060196418875,13.065071247190849,16.039998863887675,15.427684005778351,15.019211003098397,12.410834849762194,15.448499221302512,14.36546629690788,12.855085075698236,13.932802054116166,12.495215625338954,12.84613255035882,12.58479423379636,13.95917299795966,12.08844777319584,13.02471704954457,14.650632868925369,18.58242544689225,14.515381723634178,16.9947609985595,17.557828064855556,17.841585848633297,13.598129209680073,14.081536538253562,16.751997233640168,18.35590854263594,16.78380472646646,12.835243689742402,18.18089425581311,16.110439601870578,13.889828288404344,14.348470568561588,14.313910509582012,13.16921566375749,17.753505290122543,16.07147550601436,15.81408212550046,14.262988056033128,16.747704916179792
15.407128351072872,7.460666800120918,11.261307330083644,0.0,6.252140663566176,12.362782257116066,8.424300455296269,8.595452991421075,9.443108127502958,16.798244291110382,19.33647608430275,17.65779845315866,17.158390829632662,17.183324144246622,13.543064488637317,10.81475653481974,17.52596036629178,11.942228459667357,18.21182507759436,11.746963997260885,13.558142773518378,18.43999933056016,12.416982225051964,16.725978033232092,17.77856251555725,17.32945287266747,16.327780261736052,17.768715223425655,13.46872464338928,16.196627572630728,18.011640289121218,15.266531396052084,14.694720948330726,13.758206968624709,15.58714069833142,12.18543968300926,14.872719144185712,15.519916887215729,15.315671569675567,15.70239032863346,16.087590042555718,16.79123629181175,16.674034824426663,18.76980785058364,17.712505463864325,16.730332598790685,15.863325083097568,14.53468284700804,15.411534607903144,15.7930880226924,15.494946606648805,9.20796847766543,8.37098063653123,5.043724235580524,10.59571990335497,14.314659901230002,8.294171048350101,9.92529395188111,17.385075230463727,18.59125384582325,14.358642777905114,15.348943880292325,14.74777594893366,15.817678103941123,13.350967919763251,11.627927341122728,11.095631483970918,16.78573771575721,12.465983677520086,10.659865299178092,11.694081539612808,15.233915278223863,12.084992401578113,14.543573759462252,16.13663250616949,16.892355625855537,12.08061347980973,14.575325338305658,18.58418762961283,15.386585212205738,16.257697380008416,15.725247429712104,16.887514816448306,13.164983688817214,14.136384619684955,13.272536477314471,17.19014763329283,18.07622840869248,12.554826672640976,17.98466230855441,13.72835732228847,16.116526947247767,14.691095553078563,16.16344157582907,15.662908051626758,18.67714752823927,14.177520169595304,14.148091992487288,15.434875890861807,16.60417536601291
14.798441593234944,5.322309224747207,9.912854999373298,6.252140663566176,0.0,10.520647277169004,10.14846879161147,9.529951135552787,7.490515989634918,15.421019711217046,17.950916800083963,15.638543509761446,16.689029133024736,15.58762774881296,14.301340770133873,11.271984575412384,16.795401598025947,11.901028613607728,17.412322152066956,12.594643394387576,14.680896026324202,16.226897768239994,12.914327398788243,16.179698435124486,16.252896797298003,15.687401165208392,15.790562442935991,18.091087076309133,13.868128070340692,15.531309124377994,17.097268625396765,13.687087697612409,13.21042050362171,13.307469963112794,13.933112888563622,12.528958251436457,15.05454281848417,14.749237862007709,13.275478156809534,14.499926721651034,15.111022697805131,15.611546562091624,14.737100283131545,17.792102581411097,16.345252572550866,16.05222928660725,14.283487738405924,14.134391271997009,14.710569146030137,15.081511420839762,15.03573693102192,8.562698028229352,9.393565850719794,6.038227263393953,9.570794016579622,14.21258551818369,9.50236535793771,9.511208794925158,16.39150492314098,16.81005772302531,13.7740484213987,15.300717606588613,14.180936109437123,15.446325903587054,14.269708426653114,12.63942487014242,12.486319167503307,16.411518312390953,12.373973543276117,10.407901394428542,12.793188405723386,14.436114152861654,13.444311228298274,14.931206357191458,16.16847805424865,15.263427688263013,12.400851253434084,15.529906670027025,18.114037046977973,14.303627731611062,14.84466795869597,14.318044285180395,15.49701430853369,12.604117591533418,14.874519511812029,12.488589050201613,16.888103578836983,18.22680353442912,12.819431864741224,16.74185150352819,14.106410124960204,15.859739603078529,14.677200742845162,14.660216301476858,14.838811141769217,17.698926397137466,14.339248481474408,14.365745429136604,15.199440834824596,16.57638347876831
11.501708311632887,8.26386756888911,7.25070825083436,12.362782257116066,10.520647277169004,0.0,11.103693490886243,11.556572706538544,8.36665587665103,13.850063379083844,14.594733142411483,13.3312226231415,13.210768216041952,15.753920019422544,16.388344681866553,12.967860486443127,15.770107075330886,13.697340765256024,16.597203836420217,14.15766058643778,14.856685829438645,13.339691152901262,12.99721480547663,16.476193089467028,14.036880242933258,14.268353830399288,15.768720641138154,15.82263166052329,14.406098904184416,13.751982827947476,16.16120520386415,13.973690980638391,15.41078109893109,14.95520164700708,14.639704165651231,12.085443197465358,15.576127753475827,14.61824365487788,13.511685237610983,13.024616748333026,14.760704273032006,15.625809869783769,15.151525357758583,15.728390935141952,14.870300412659237,15.686456213899518,15.384907839975504,15.239048327134386,12.194470383262992,15.254648099667852,12.177995897196372,7.776576426082468,12.37110955925043,11.53038291861632,6.128382569001297,8.022645168423036,10.95156943056864,10.734954026858016,15.774048263701951,14.129567334806456,13.255850198089432,12.33554501008513,13.265876680631342,15.99662406751608,15.68175481562544,15.325379114643836,13.754752980345682,14.227524836236515,14.21991369859586,12.359528284406377,14.252906549149516,13.401573197227368,14.20766215559638,14.903958027998485,16.01449047209542,13.132254011735666,14.034533167138653,15.516777591666337,16.46821443058872,13.97671824786322,17.93010973782217,15.855327209755687,17.191696695709318,14.257644291642086,16.73103903233776,15.62938327236807,17.631022213910033,16.509442762374253,12.623410412290022,17.46667276264426,14.789617198463732,14.122643283617853,13.732802982826518,14.439718785270788,15.300661312472329,15.81729134504091,16.12788861289882,15.467459769277196,12.254241170216847,14.75975700604236
14.772903693608532,8.443626874949734,9.51875229111094,8.424300455296269,10.14846879161147,11.103693490886243,0.0,7.14796449547096,8.898612213660806,16.401777549399302,17.749069672273027,17.13307779100979,16.42915146609892,16.777128041264216,14.866398094612425,10.301947236948855,15.916412965098903,10.476308464820116,16.91460343000127,11.13574397991006,12.122266641509304,17.853549764649415,10.57373440107186,15.649475311645652,17.36995155400081,15.88714280523369,15.57561662101368,16.796786514521035,11.86422391500898,17.023914747369503,18.515679448698737,15.622011435744644,16.48252209826905,13.639465384812016,15.493728472929982,10.834182288011515,15.098050873443023,16.633470648029522,16.23633305434622,15.288675453646787,16.903922586504535,17.022297932707474,17.468956448170243,18.837967367895484,17.54117533704054,17.871570496409024,18.11675226605446,15.603867271173712,15.351050443422537,16.924296358024293,15.18037575976872,8.303773481242947,9.283576292677765,9.90834709196887,10.009936368892632,11.819899627446746,6.425323855490452,8.51066531779971,18.23474021465792,18.093210672478943,14.213972947192204,14.39180987224694,14.752855778463818,16.877398091964615,13.942067076368916,13.465154414629698,10.583932283987693,15.85240503899659,11.229385109259272,9.682899539988563,10.98177251203908,14.407187973531324,11.427769113704128,13.305639086433109,15.299336408842956,16.1180247008557,10.91714453426947,15.439872405396011,18.620449469391776,15.738149726889429,16.857290270448544,16.386582513777583,16.491288306906664,11.747867440986662,13.83726833220576,15.28049924281151,17.170158959912957,17.458261380218,11.488040116238537,18.5829853365761,15.683073636489176,16.432090243330475,15.789854877910871,16.838445585042503,15.759936592888357,18.9485907396164,15.760155097031229,14.733944616468628,14.40176528022048,16.795746219329203
16.548612958608306,9.04123519093938,9.591839513334008,8.595452991421075,9.529951135552787,11.556572706538544,7.14796449547096,0.0,7.016553367433463,14.90037883639115,17.781302746126507,15.58874100372832,15.447131410434068,17.44558910452529,15.660757050294237,13.126445475628522,17.302405902739554,12.055690220273672,18.000152016522996,13.945637278690684,13.277714010374202,17.371123165834472,10.952648180588309,14.36705814836072,16.057557811113607,14.460470942664791,14.221907446881724,16.66079552584245,12.11995223337696,15.842022062618213,18.611547509871297,14.95105739791551,16.633257709215954,15.116239734066465,15.844737701247915,11.743563720973832,16.27746243771603,16.053364607996624,14.679954121425103,15.040757686576535,17.773964449494375,15.63967022894134,15.841538102570707,19.911601729630647,18.17264786035265,18.24890684004601,17.50327619228479,17.009259694370435,17.75405058408305,18.22871411317241,16.694718308412302,8.28796385339051,12.145734292327475,10.87213057617717,8.306340949387243,13.4939102802737,4.702027325897033,4.971420341984571,16.925018977431893,17.13182757042784,12.54027470027154,13.674373113695015,12.968056286915068,17.428555690933802,14.466632508579767,14.05838960065764,12.095017992628554,16.974517462235763,11.455410796842491,10.666001538994722,13.159890944591268,13.082093558112774,12.720283075935766,12.364937778117577,13.580157678026662,14.135363055247552,11.464532956552706,13.564458763242818,18.99889404925753,14.833075568299368,15.546401226482477,16.766433665198438,16.732247903748025,11.82251187007722,13.30911118533906,15.256086908299867,17.875900748462232,18.14620667959877,13.27842263919868,18.373129878563653,15.309256652341302,15.67088964835534,14.550659666981238,15.683017040559973,13.30291207950615,19.89989830896674,15.853276567828692,16.26014615621241,17.120145117905306,18.12576719640558
15.114607365914368,6.787312772905867,8.19678033708052,9.443108127502958,7.490515989634918,8.36665587665103,8.898612213660806,7.016553367433463,0.0,14.4182529198106,16.65038562361976,14.792360721800735,14.565710567596245,17.153009314231067,15.577944683732202,12.344024674468065,17.52436280528057,11.454089908456684,18.354727857656208,13.19748365213985,13.525998366918577,15.417816803604037,12.319130712467546,15.628440885131123,15.372282294772578,13.34560875622763,14.727365965909184,17.46262949075031,13.20544728686086,14.676287273209931,17.33567886640671,13.727568987820682,15.114354464531427,14.388030650702088,14.675165169671716,10.612852021588152,15.92194557911093,14.565974637706644,13.10785766882365,13.940006285277583,15.735468389762373,14.896523587317631,14.673576584099216,18.029558287095725,16.098255926141153,16.76032154540221,15.755436856950007,15.90110440580937,15.528444537643418,16.296772092694212,14.879053325302484,6.694628568593107,10.610184911608709,9.869954072763308,6.740128600896759,12.318809550116857,7.551606505529892,5.092798868634132,16.572419898833648,15.649739951110426,12.85496763215173,13.405990047405169,12.669594857443975,16.902203714907536,15.25804536686642,14.228243848196284,13.120992269101022,16.95952296029792,12.382432888290085,9.638151094803035,12.72594354778566,13.505702032481151,13.212146167540048,13.850722523170033,14.70081009869005,13.371755913949947,12.135890841574962,14.609250603209528,17.654767810740665,13.029641941662993,15.879284501137349,15.309547196167054,15.48360226415131,12.721920682292293,14.69795859153402,14.543977042458392,17.64177761221184,18.116773189784244,12.062545246154464,17.379753526571807,14.329850344926037,14.530644557233572,14.936343236061862,13.994543406687702,13.285880548520842,17.917088745200175,15.464538311802798,15.5467447988634,15.2257862992551,16.69008540734777
15.18330902420617,15.170829117261423,12.914444953138023,16.798244291110382,15.421019711217046,13.850063379083844,16.401777549399302,14.90037883639115,14.4182529198106,0.0,13.43769960415218,10.145423788896805,14.27540266994124,15.514029366218285,16.29464350349535,17.135464093863483,15.762428544430607,17.462475161133185,17.25465654472199,17.086230860280367,17.083987684093884,15.12105222684714,13.458565743051338,12.278765476804638,7.411535980137106,10.505305221067989,12.108773474250796,12.411006224743227,14.71967562193196,13.94878115013072,16.274514597632603,13.12616264173292,15.62175052328918,18.39626805168963,16.104541870239018,14.637653463058673,15.98510943906536,15.226093153685127,14.814314554167138,13.7803179108946,17.221395903009643,9.261460237700648,11.750003558101692,16.825040275242625,15.144982707643033,15.275331023354402,16.900442823585802,16.230517620736062,16.441157988155247,17.957635832679433,15.984664378063528,13.92646729904719,17.36762841237497,16.376838214586066,13.77591962440806,14.84156150947277,15.188636726948358,14.863208114996407,9.326569648251,9.133637494278148,11.731492179242208,13.04383591385732,13.18723034512288,15.995220053516766,17.423478971989883,16.330847906285985,15.539532070221776,15.566154232096869,16.23345664354157,17.031534160551963,17.438256658097455,11.9641688689754,15.464727563559713,13.950927799088284,11.523827101520885,8.032025165447862,16.035216969430305,14.41350602494312,18.271974551200977,14.806165006312415,14.917882644661796,17.746094794832093,16.732209066513363,13.672957289929816,14.337836530808248,17.168030712148973,17.50785197221401,14.468372911917555,16.59452870135314,17.620941156915258,17.29805055064811,14.90841823141206,15.475916952127491,12.137139867668957,10.777500413389909,17.335235936592206,15.274569770701486,17.25601367801088,16.450198067262978,17.589186073638555
13.735690881603526,17.466401396716194,15.203637608875685,19.33647608430275,17.950916800083963,14.594733142411483,17.749069672273027,17.781302746126507,16.65038562361976,13.43769960415218,0.0,12.9848425962359,14.909189192750809,14.97372803981968,18.37077706640942,16.643597108012738,15.193002759768689,17.671429773202657,14.162161994253635,17.293149439094954,19.03244219709454,13.599537637878106,18.656980801897795,17.330116759631768,13.372897806916365,14.276264897926849,17.76340508622022,14.477653140594311,16.291623537584353,17.408919974103622,15.106372645519194,16.119720844920508,16.40729580917798,17.54412024449666,16.751426628266138,15.06126658045019,14.335529492255388,17.130601240313908,17.046097209826414,17.343758820339918,14.27571708036823,15.797105538242391,17.04321744313969,11.705772036684348,13.814683455689927,15.989844446174708,17.99490272806918,16.705952072518635,13.803119562072078,14.4895750404744,13.56182138861299,16.941515386130906,17.84046384903067,18.615934257679125,16.64333706107711,13.966625752782324,18.06438081081229,17.50376123373419,14.805608296739416,11.53976227926629,16.94849597122461,16.714398214026147,17.83327575346253,17.305129827994016,17.918383291734425,18.140099181157087,16.72625645092258,16.093381970453766,18.58526221909029,17.542158888341213,17.58370688161389,16.10100644868924,18.694978182574506,18.21126780681712,16.962952784335727,13.769484563167282,16.90890284791059,18.56779132900057,14.881521734519742,15.963744113985436,18.503452889610585,15.819603034551712,16.795166406055444,17.71878744593797,18.13217908503187,18.819136363508235,14.8829793079332,13.96184423804835,14.854042263839805,15.5764770009713,18.04821845088904,16.28180980193449,17.87545889544335,16.21637837857339,17.691849524725335,12.273006667080546,18.19911840479536,15.77344236790264,13.211047780771684,12.96345348154538
17.089131130406233,15.862473074828184,13.139059266923478,17.65779845315866,15.638543509761446,13.3312226231415,17.13307779100979,15.58874100372832,14.792360721800735,10.145423788896805,12.9848425962359,0.0,12.43707285579442,12.622849023100043,18.37618859764844,18.261277830943538,12.543826483446558,19.508608898073067,13.368892822696631,19.251645781193652,18.72336875176971,13.51252538738908,14.882387512346996,11.08614544093458,11.491652487656696,9.628694632052133,13.573986877938111,14.026869406223952,16.539722197455212,14.299881571952142,18.661257993955168,15.97754793410545,16.745570995771747,18.6531326543817,16.019765293681782,16.17483525700511,16.48353009212476,17.510537610313758,14.31448883733406,11.961765216180428,16.902095780557943,13.266631710684797,13.420035332316653,16.866493039307876,16.3364805676819,16.94308993145676,16.72623449870349,17.97385139104032,16.870787763493475,17.619389057432908,17.25576133276224,15.07354402355988,18.640041280979,16.656555133343662,13.167566907646972,14.610806105989829,16.32318316007107,14.671459381474678,11.268231710863676,10.373714242522052,11.446350407244708,13.716734109361257,12.747939068336246,14.914487808170486,17.20701880514607,17.53277278353635,16.036428927050665,13.66398760673012,17.159740535004104,19.329417312748618,19.51604213076443,10.80268788618525,18.281342069769643,13.917991143480789,12.905977832442844,11.05333878955208,17.376269480117028,15.155199958020374,19.532961445704917,17.503645073254688,14.65613447281402,18.065424492436637,18.061347620705394,15.008534457319048,14.851008095262925,18.07358105500412,16.978513446207476,16.292984124330694,17.759976669112152,16.20016021322457,17.90973986423574,17.006426221802897,15.514706045042647,15.266044336586685,13.224087273076028,17.890832515861646,17.42082574292723,18.6663706343642,17.257022937075337,17.46666102710582
16.514908766810567,15.207773797495635,14.144163842655647,17.158390829632662,16.689029133024736,13.210768216041952,16.42915146609892,15.447131410434068,14.565710567596245,14.27540266994124,14.909189192750809,12.43707285579442,0.0,16.650776357681405,16.216958435181166,19.063027847703,16.6580181561246,17.983924175181684,15.823049916983926,17.156061997110967,15.427894460481774,15.068474298991632,14.574836926434443,16.22870121454087,15.046222571768666,13.957269691384058,14.441021383617764,13.67162376314448,15.489236099382076,13.191885856770762,18.78560653315237,18.21604457708557,19.406177219777547,18.873025131557892,17.177794834841833,14.657874844057597,16.318102176404103,16.576030126517647,15.558798120072218,13.513864711784263,18.48215181279297,16.069092455269754,16.730467158865267,16.397389147797227,16.889021912306216,17.012289801226594,17.523699968185262,18.09829881265153,15.998350378604927,17.583307699204273,16.086536926225083,14.634143475064722,17.569947510804276,16.383902468741226,12.85044842196756,13.612408206636545,15.62047703712139,14.77001345948039,16.10637711316056,13.540223326661838,13.531171519367948,8.48948231012994,11.863067429286334,15.953988315613698,14.791106169697304,15.259336469071048,17.045801000162903,14.19819460300185,16.616501920178543,16.81578020738927,16.450637869363067,13.706851019601007,15.854204183861237,15.75967033197229,15.257403553514775,14.05389423975823,16.102185633127167,13.056723996490094,18.162652429360413,17.374892889789347,17.626670246937735,18.26359611696597,18.71250072560415,14.605888771995422,14.437743553943044,17.18447623166846,17.490153796882296,14.84735576856678,15.719767774180092,18.40462241106847,17.064625863617483,15.14254190077352,16.001733997158563,16.942860750208197,15.970028670626888,16.530178957048445,16.77833991377214,16.801089948219143,15.78379211510495,15.786202348130722
17.527610045316923,15.91264183272247,15.874265299999816,17.183324144246622,15.58762774881296,15.753920019422544,16.777128041264216,17.44558910452529,17.153009314231067,15.514029366218285,14.97372803981968,12.622849023100043,16.650776357681405,0.0,14.53990435095892,16.331677156883774,9.696740798897189,17.996408335611818,8.68711878800978,17.192898634497986,16.75866442419082,15.053585099330448,15.270939248530048,13.981739841472494,15.119977147555046,15.051019921451385,13.827759993665255,14.600316991819566,15.41262904718715,15.573226813647633,16.639179139065757,15.320956893645873,15.459401763671236,16.676872792485025,14.811702182426991,17.174311801213918,15.564921395648865,17.937894678289013,14.936742609894043,14.101597965623125,16.027089032878294,15.76853800806237,14.871498750313403,15.960414364304556,13.708057589383934,14.423379930155562,14.775232122866743,16.956904752394866,16.76527007376915,15.572619297368645,17.603131324477168,16.86804465695787,17.466752892467902,16.221610650963452,15.835186091420582,17.960013457569563,17.39779002968828,16.70348048901675,13.254233770961925,14.14890695773685,14.79066118127936,17.38084367994455,13.873723322512571,9.563166381966624,14.925306591018488,14.36307845582259,17.65956887097741,12.459994083626857,17.088555338357935,18.5240749972554,17.3410812700703,14.931705143417387,17.661247591462935,15.809323206207488,17.151255678494117,15.276749765566358,17.022814867629016,16.723835205693263,18.027733503224837,18.121363379665368,16.85101264753291,18.29039602364952,18.06956466460008,16.94697073692972,16.456526203894843,18.204277017928497,16.808137027959475,15.628581088112352,17.555206957338893,16.624502309327234,19.023224401193698,17.901869353149596,16.028493923582367,16.167654017965805,16.60757373458989,17.64433799564993,16.55753188904212,18.327526474050064,17.6145013706174,17.53645533401954
17.516947769657197,14.019312779257554,16.264450918887004,13.543064488637317,14.301340770133873,16.388344681866553,14.866398094612425,15.660757050294237,15.577944683732202,16.29464350349535,18.37077706640942,18.37618859764844,16.216958435181166,14.53990435095892,0.0,14.644188983889183,16.498932129383267,14.652583453331284,16.331035545592226,13.208498362035344,10.352763308090374,17.578054532991263,13.154793939460324,17.366508131205084,16.855245865967948,18.16481570619639,13.734667403659556,14.326102708909206,13.85953622068037,12.942432968784251,15.470730970395346,14.47614320785706,14.796905761728947,15.988147845892014,15.49179311527135,15.479821675721809,16.289923530915825,14.512677658152509,15.14530213423182,16.27552886940834,16.372186057930513,15.754685471177526,15.38719136117336,17.65067638093751,14.267062576844076,11.779606202549234,13.8974076983368,14.560824217585433,17.344279675935855,15.892819567640368,16.089677824249126,14.34382862529953,12.781732154501055,14.382921600236845,15.451730777897149,18.22077927698998,14.690895186733774,15.580848942597136,15.755633568323471,17.02903604924255,16.03615979898935,16.20519872285083,13.637987696804435,11.798663115953351,11.88581610768934,7.773771180012813,15.873771770219314,14.65051409648673,14.827225541364204,14.047367661354432,11.506572494291996,16.29717313828145,11.600143653007391,16.527747225086504,17.135090537657284,16.527235467929476,14.557527648558157,12.412750863072356,16.641563777355174,14.608841420911489,17.613644002362886,17.633110573036653,17.1277323360851,15.705349923743068,15.19120885566095,14.84977050042567,18.449430746505385,14.250905015926742,15.49763590815488,18.65480531671388,15.058005470635246,14.897867386067604,15.39308128338237,13.796413692132464,15.668387130089148,17.795428070061305,10.592036264617017,15.227978612840024,17.710953609112213,16.674068090356993
12.063637302789834,10.555379852339955,13.954909895987852,10.81475653481974,11.271984575412384,12.967860486443127,10.301947236948855,13.126445475628522,12.344024674468065,17.135464093863483,16.643597108012738,18.261277830943538,19.063027847703,16.331677156883774,14.644188983889183,0.0,14.969383675107409,8.262007970172407,17.063840384606966,10.306297728376096,14.62234543311158,15.316632684117485,14.111464014740294,16.91954924777878,17.69410833541881,17.4642934051372,16.71199318329207,17.760184284251654,15.43606049131299,18.6768913058241,14.692990283873804,12.56051515648476,12.350065671335315,9.472915930662571,11.565330264753442,12.069547113309389,15.465287768683831,14.62978980749674,16.032891153443522,16.60224161348366,12.836175942066191,16.382894771586923,15.555952472944655,16.3045240190244,13.716969366293643,14.769777116839148,15.393886077226655,11.207035252803529,12.87626763554367,14.094179210907065,11.782270052882875,11.540821526200316,8.009905487939477,10.88669524233605,13.931553426319368,14.508728488237368,11.366343610281133,13.642195616782216,17.840333455131262,16.791504426725393,17.108842576930492,16.734934270146447,17.585530744533685,17.432527143735097,16.416151989581298,14.966944087840432,11.819972933485875,17.00681477551322,12.490343584674816,10.29006235986773,11.571407034637527,17.349229203075286,14.021310465989284,17.134153991717554,17.498528894348578,17.358063759885848,13.285855638131345,18.592288146789148,15.614026712062676,13.78811604960456,16.464122724421255,13.177551546226407,13.88401139352563,13.908268768102827,16.6399222744542,14.46703746782264,15.989163718693735,16.924528559658466,12.2143259063173,16.971631423648606,12.602649620945655,16.45378722443371,16.436523576009062,15.515348795178896,16.92492305632822,16.450465958024996,15.324521153847476,12.821129821381094,12.652740971171031,15.172303776909956
16.628181860744395,16.626767024579408,16.665786103259258,17.52596036629178,16.795401598025947,15.770107075330886,15.916412965098903,17.302405902739554,17.52436280528057,15.762428544430607,15.193002759768689,12.543826483446558,16.6580181561246,9.696740798897189,16.498932129383267,14.969383675107409,0.0,16.910962269552805,8.854995051566556,17.14043259099606,16.958807518613426,14.685501234561848,14.893318711501877,13.604388150470411,16.212846544361735,15.1694412027736,15.429619909596084,14.736889441817976,16.157605901205933,17.740075769637922,17.56908981991191,16.334139907237923,16.50929676998645,14.441264657570834,13.590657085479986,16.090377971560816,15.072355711447887,19.373652471881808,17.475207883427736,16.020839946869703,15.934736217406916,16.260054636574047,16.17485707297436,16.596298562992466,15.622811065472986,16.461716672055097,16.845917715791714,15.348167751772198,15.85645445521954,16.175653059625745,16.51032573736749,17.302494162293172,17.410944342059395,16.897573818220945,16.510504769612453,16.80618045273495,16.81820606161402,16.848743334886137,14.872667340890107,14.388278446621827,15.371559358954434,16.785662137908936,14.74495125587178,12.83779736904251,17.238848239972025,16.649629121020578,15.93388431486705,10.624980822337037,14.282208943089415,18.01205902757367,17.612988506414467,13.20262013157629,17.026047926470856,16.248041280358603,16.439243273944875,16.131665814129256,16.31010869086809,17.375349000905768,18.392791197064668,18.924011528201337,14.561620128201746,15.790434310583937,16.394163760027713,14.788947013050468,15.843280403202236,16.435386120934535,15.00947609580296,14.407656633313298,16.486172469968754,15.656485918238111,18.724713777565736,19.563115898917573,17.50076786247744,17.27036024573012,17.80387398854562,17.284618932732215,16.83887474335843,16.305213181250096,16.282804787139955,16.598987842546773
12.973640537196117,11.092768184508442,14.48003070039454,11.942228459667357,11.901028613607728,13.697340765256024,10.476308464820116,12.055690220273672,11.454089908456684,17.462475161133185,17.671429773202657,19.508608898073067,17.983924175181684,17.996408335611818,14.652583453331284,8.262007970172407,16.910962269552805,0.0,18.12971840064448,8.539301929156325,12.557255594276526,16.064649256166614,13.737808513876708,17.7952795098622,17.237286752737525,17.442714168727395,17.149341931678507,18.651531503437475,14.82770725845213,18.66348029466212,14.361571001053711,14.271047792613151,15.020102665309256,7.914990414984886,12.512877823177766,10.45711563010176,16.515769656638035,15.789793376260626,16.92501601071158,18.17319971235176,14.735408926514037,16.958867448748023,16.83477869067884,17.609938816877,15.750175672952226,17.045716145382134,16.385082229629788,12.389172968249085,14.335540629555728,15.424250486318126,12.906722635198715,11.843283925313813,8.86836068735653,12.418431454557824,14.22870702204104,14.903151834661925,10.521142033185871,12.372369024465636,18.654850601114443,17.587088438512367,17.751085858648043,16.007528003748607,17.213587755447204,19.012768951742565,15.655354240551912,15.096406862706385,13.651023368555636,16.966036991886813,9.276194010319474,4.671454207256385,9.107887057450624,17.085109703572012,12.826971465842202,17.715619354218727,16.712310468811186,16.36308057676234,11.71412260533581,17.95689433937637,14.450700046627016,13.349865406045184,14.967372145403166,11.749566218904585,12.425340228418555,12.100597398492098,16.00573036400298,12.814061634611145,16.4788991768023,16.88206413237611,10.733839990838234,17.318460348038744,12.60712316604208,15.505059619120408,17.89967018500123,15.957360310650042,16.68239513136678,16.700682762669317,15.8722576519747,12.326804100540812,13.529461318744143,16.205758725493666
17.487999667804505,17.385396624717913,17.0598538294199,18.21182507759436,17.412322152066956,16.597203836420217,16.91460343000127,18.000152016522996,18.354727857656208,17.25465654472199,14.162161994253635,13.368892822696631,15.823049916983926,8.68711878800978,16.331035545592226,17.063840384606966,8.854995051566556,18.12971840064448,0.0,17.612041336132055,17.160927295352128,16.278988720356846,15.82512229479643,14.807489019524857,17.20450703930685,16.427580547636126,16.12905065187005,14.862481554565518,15.43430485061378,18.17981461012725,18.59860788295853,18.064374484391124,17.05196849216007,16.10549328669765,15.470307213004643,17.128695194358357,15.195215629065189,19.81260042887677,16.93744547554596,15.986119636255411,15.74274255005003,17.726383902612746,17.780548744786532,15.962577949243368,16.031771538723806,16.713377803980197,17.143882880861085,17.159461409601846,16.753653363286713,15.553135722111644,17.318334969357743,18.046198971699795,17.939764491546203,17.33623404648882,16.924206932865477,17.157094500500172,17.729212700537005,17.661351737024514,15.253396425964375,15.250000806356017,16.142487090198493,17.50258606716863,15.231096952503512,12.892568276746738,15.411438271568896,15.165781803026832,16.57312625104431,10.533719890837546,15.973588319096832,18.587905120508957,17.74892124259607,14.34912860894584,17.606249019606565,15.666547642169942,17.009692296054123,16.399305125358833,17.011230327791655,16.90857680862639,18.30111767181473,19.486664043077678,16.207269072591167,16.816540269608993,18.50259561407004,16.283075626709845,16.429659781729907,17.83893611301936,15.640383271960774,14.475759591517644,16.950617571356727,15.211795157303907,19.24068907773901,19.315706288118832,16.920327998909094,18.866511908163947,18.536363021468787,16.75224910858358,17.4729917703334,17.05005206131839,17.049663875773845,15.946517279436186
13.142018327768843,11.556021076419572,13.563584019650555,11.746963997260885,12.594643394387576,14.15766058643778,11.13574397991006,13.945637278690684,13.19748365213985,17.086230860280367,17.293149439094954,19.251645781193652,17.156061997110967,17.192898634497986,13.208498362035344,10.306297728376096,17.14043259099606,8.539301929156325,17.612041336132055,0.0,11.517417767145878,18.660710749732846,12.64444759244717,17.74656134414916,16.725487807304212,17.321660884593232,16.41855797646206,16.476414509083874,12.406931910052034,17.18581216048866,16.347319559195743,15.511035405092102,16.222166490741213,12.45452063541705,16.18364384476398,9.318674279163996,14.49066542015215,17.22010346900805,18.650952931610508,17.901455638704718,15.08754090566858,17.21600983419641,18.69465420696853,17.146835400634856,16.05825105633233,16.236041278926134,17.62458708569998,12.119050619500252,12.948695794292828,15.09537383593389,12.719905329553065,12.72453228308004,8.595139660177317,11.112395225549374,14.883646839138502,13.992803476338988,12.650916519304063,13.830337562884685,17.57740857119818,18.138884067355,16.31918070835838,15.2544615426253,15.977923356175284,16.636641374325837,13.92782819859372,12.231284618585969,11.506752492455815,15.603248557050636,12.664022429106256,9.034810596325338,6.054053422665581,16.838013688619238,10.543804899413942,16.88736727786322,15.781062479387998,16.12114603040184,10.906005166322617,16.086819117419456,16.761107189262543,14.944542315223282,16.437689032325626,14.699841143054536,15.60535459114917,13.316188734292838,13.483983317657966,14.914994677848886,17.078450231895324,15.89751258039262,9.108058399273425,18.32643075123276,14.126160604726731,14.818085786395931,18.53314363691472,17.240070997358124,17.039462368449378,17.38874713346976,15.20445446843137,11.060718280774712,11.811792609445064,15.487174506206433
17.939726518846303,13.63912712368243,14.69975479827139,13.558142773518378,14.680896026324202,14.856685829438645,12.122266641509304,13.277714010374202,13.525998366918577,17.083987684093884,19.03244219709454,18.72336875176971,15.427894460481774,16.75866442419082,10.352763308090374,14.62234543311158,16.958807518613426,12.557255594276526,17.160927295352128,11.517417767145878,0.0,18.565930271532043,11.630600690008652,16.204099290714126,16.862149042803125,17.05594400547576,13.540475317787722,15.870175776376668,11.398034985391606,14.197166472893112,17.514952665442586,16.122079820543338,18.760627939913324,16.20710283660748,16.83961012126187,13.080274110282776,17.90871259719484,16.169090551647717,17.659298886911344,16.762740923101475,18.90040117175723,17.108145866613544,17.685944772450917,19.81180046235216,16.729228076071617,16.564411979379013,18.02142590945881,17.12168487597503,18.085625955500333,18.99947977657228,16.6060043700061,13.436890052836151,12.28032380786615,14.798568143264816,13.95173287358954,15.918335819385538,13.110991838661356,13.265684109235153,17.117454905351934,18.473731749905696,15.477092059072442,15.031573588537396,11.875977934834989,14.409306623199448,11.419653646547332,10.894963031514276,15.452137008634573,14.550282682709486,12.606653550165996,11.9177507180282,8.351749595646712,15.23707232002064,9.756808389739422,14.315511496167131,13.63669359018906,15.49111541498223,11.45921013235824,12.010315857761311,17.50322197471148,15.09987331778662,17.28877323761332,18.121986469014995,16.050954924914045,13.308365422441549,12.8113981456912,16.755748183898262,19.61982779371068,16.624254087704884,14.01400938129787,20.421048656277097,16.483006228203777,13.953682267084456,15.947642592012247,15.599186909185544,15.251430941480216,19.71771672862457,15.156610899892147,16.17080531205827,17.257760487699453,18.760780270034807
