Var0,Var1,Var2,Var3,Var4,Var5,Var6,Var7,Var8,Var9,Var10,Var11,Var12,Var13,Var14,Var15,Var16,Var17,Var18,Var19,Var20,Var21,Var22,Var23,Var24,Var25,Var26,Var27,Var28,Var29,Var30,Var31,Var32,Var33,Var34,Var35,Var36,Var37,Var38,Var39,Var40,Var41,Var42,Var43,Var44,Var45,Var46,Var47,Var48,Var49,Var50,Var51,Var52,Var53,Var54,Var55,Var56,Var57,Var58,Var59,Var60,Var61,Var62,Var63,Var64,Var65,Var66,Var67,Var68,Var69,Var70,Var71,Var72,Var73,Var74,Var75,Var76,Var77,Var78,Var79,Var80,Var81,Var82,Var83,Var84,Var85,Var86,Var87,Var88,Var89,Var90,Var91,Var92,Var93,Var94,Var95,Var96,Var97,Var98,Var99
0.0,16.261984721591574,17.103493531725395,18.36225100591952,18.09945627302104,18.438658110457148,17.096758280687954,17.44406759126457,17.103337560258755,18.758028431334484,19.8880130720927,21.09199304646775,21.902200819656848,21.23919924953353,19.35762451888351,17.47604173204101,21.92481352452421,16.661785691653858,17.74583215646122,17.702150039690405,20.969519697763182,22.918976997445554,20.8114868100613,22.782295368702744,18.473860007567666,22.388535954320755,18.914739495942477,20.52528645025993,20.26493493240589,21.62935971181996,17.29480962159157,17.58227307790268,18.09896271978424,19.50441048384769,20.446680691725085,15.792686047586836,19.004783505122692,16.90559619079441,20.54754352281045,21.802548675982184,18.88258446540277,18.588908449297463,20.18840864253747,17.837558404163072,19.29779764581736,18.74422050818588,19.536723623392373,17.30740064805772,15.454328845576626,16.294341320694844,14.279206908532272,18.54835063474551,18.467660691377574,19.283522928366143,19.79847742175804,18.11455227560016,18.09690804814362,19.608093918849324,21.415322944953957,21.548576558798644,21.52363801516383,21.64214012317979,20.406995065314117,20.727491856123837,19.85993504977236,18.8580381582412,18.350667499224198,19.741034600992304,20.43628828733076,18.33912084779256,19.63965771357272,22.685542965582734,20.398956102812747,21.12847871837169,21.342752360910072,22.405349176292813,18.87561775312709,19.799422063946587,16.827121302418004,18.10654792059061,20.612840957644178,18.75179785726324,19.52326793078561,21.52944734817405,18.37706794182691,19.579538613753886,19.197456950317054,20.565165964299272,17.18322746179094,21.07118621631068,17.12284808605094,17.699219172943643,19.45606353422558,19.12141455591439,21.2684644213686,19.07502901784036,18.532202036057598,17.432762427377032,15.811540374998442,16.90099927844114
16.261984721591574,0.0,10.057196074331427,10.762464546024065,9.80387492778102,11.300346326140076,11.867711689754458,7.864838235915528,12.102443041549096,19.20706095758764,19.46742654371825,17.743046647320575,18.96827472229362,17.422864417995015,19.339575582103198,14.211687334419825,18.02142558272528,10.036147256289311,17.022809272093763,17.45468049156853,17.278699541821712,17.88659520561336,15.414947930329031,17.930005455932545,18.420609731409705,17.30609626816295,19.45077097811903,20.26434884850064,19.3523019532789,17.69841255747467,21.12614158828672,21.11892041522623,21.52929048640626,16.092296599399198,18.090864538712783,18.63323531308349,20.89799668716215,21.88301310294011,23.264702844958023,22.569961045741348,22.94606915970098,20.717428733247413,21.43012254219902,22.297321378445847,20.498160271807105,22.565365122265018,21.260270777551447,20.021056750907288,19.99686051375173,21.26976659935128,15.937345105092682,11.237574983526532,13.06355269626694,12.076215641571444,15.0540461037042,12.647509354844969,9.503640012844109,12.236348109652685,17.6858369259986,18.212399545334268,18.000417047146176,19.724558656328423,18.771742143236924,19.03740315806915,17.734025806873692,19.43250153212752,20.34760298200655,18.46484840499586,16.918310470927835,12.48329448617225,15.426385529218836,15.277885035171378,13.90240143214428,20.34721266451331,16.676286980551048,17.30022829261672,17.454860193292102,16.74164265034224,20.416238716318663,19.98343990939895,17.954943643601354,20.38705044607949,19.038782460459963,18.02687381158369,16.45959079093339,18.44241433806934,19.96301037743009,20.690333783853816,18.896194145975784,18.84634838545952,20.84456895841178,22.12649383521579,21.08119025120363,20.274321809765677,20.842487358593456,22.59643832337061,20.62477774634128,18.9589881430438,18.187196196504587,21.824954232239747
17.103493531725395,10.057196074331427,0.0,13.66091387892719,12.7382215336586,9.638359640244303,12.137541237585316,10.36039567110742,11.463996313066568,18.767044692328668,18.68354709342554,18.06602169471881,20.659318805330948,18.443550591800975,20.09065678623285,16.17079104063412,19.01536330844557,11.894565628379604,18.32550513038348,14.988435948178104,16.851709361704742,19.57093808869748,16.617977665373175,17.111232348063247,19.050301553588127,18.000535294611115,19.01735323788404,20.71218271700071,17.84722180547516,20.784534606750555,19.77687462804736,21.601067749996407,20.94957240866487,17.730009592770358,19.812451522156564,18.164793321700717,20.34169080043613,22.044243765409107,22.43609872432141,22.344813901020245,22.216025312085623,20.97831274629961,22.310240014843785,21.36446340591569,19.931944616192265,22.16748419761782,21.534477257352883,19.349439999775,19.521255973140963,20.709160850484047,17.56586421259001,13.441479304487135,15.223354962761125,14.473740161455972,16.18361367210548,11.66166953159926,12.32603900940147,12.27514600600978,17.019103281894864,17.6734255606381,18.633714632723432,19.88578278124092,19.0465979105405,18.950749674192235,18.41061701015797,20.250956503520538,19.7373597949742,19.447025473604786,19.03239717921962,14.76143158852105,14.752634163799623,16.339115676776707,16.21585823793774,19.933190553415077,15.581979737726094,17.74874535352145,15.833662849921906,16.92678051161911,20.28783879769068,20.547012781286053,16.894218193926132,20.077160473643428,19.285441067012343,18.0941606729272,15.38226165475587,19.599804959923173,18.54552639386452,19.92999698850753,17.929910741003187,17.60389217687373,20.934635432609085,22.071074763970305,20.804023819092983,20.543722191220468,21.54759982085893,21.312308776448194,20.08693292018033,18.14245912569545,17.37321137387258,21.19020590152381
18.36225100591952,10.762464546024065,13.66091387892719,0.0,13.454361268584837,14.729932566120077,14.589326156194122,12.235943639723091,16.643355316720665,20.12695800212383,20.00528784355433,18.542836093830505,19.191646736587355,19.20508205154755,20.596955943401507,16.031815933481422,17.385921458820764,14.13481059821892,18.795944906528696,19.893572107751268,19.88346565307145,17.588782952219113,16.78716095280756,18.307493016474343,19.201260302498216,18.115369896938947,19.009666379816164,19.4983819579397,19.771615011816387,18.6849017469842,21.45357141160914,22.643713159474427,22.342485299784656,16.52644054691403,16.553098911582325,20.844798511477794,20.750979846771383,22.92333555492706,22.95780657448946,22.783132004956624,22.722279525681508,21.667384697904705,20.711556054212046,21.45139889959561,19.24385014801417,22.10518045506692,21.53263557023415,20.55810029758212,21.090815745963923,21.888494200519283,19.02017519855088,16.39632235113799,16.052014741544255,10.535380786118226,18.304685230567703,16.49194832504446,12.771542050831844,15.861939312340168,19.527262456631057,19.50777114837551,20.475678839961745,19.606986750275173,20.156445236533752,20.6012505708928,20.554566192473644,21.84607376113953,21.465591653615103,18.74155642487144,18.57703993008846,16.341863757928063,18.310543786556543,16.379197785268946,15.728334348504816,22.833331798904563,17.933086588669823,19.026168953889748,19.09923553608015,18.953152346005904,20.77554291607161,21.88602205008341,18.0314186828074,20.968891312667072,19.623328638987065,17.95677643228101,17.72103699717194,19.792663249909992,20.9558707594412,21.420897744407775,20.980582046874456,20.178056016063152,22.44647454223578,22.924224032328297,23.014274224690425,21.896674456915584,21.4662422659628,21.841802122832213,21.851961392429523,20.51395439267023,19.45239750714765,22.687018576114536
18.09945627302104,9.80387492778102,12.7382215336586,13.454361268584837,0.0,12.262406513279998,13.692822604540886,10.197530070004774,13.284667234680382,19.111466801352456,19.11251872844398,17.796846146137405,17.571852190008364,18.89123862771692,18.683160310903187,14.036984381546354,17.175816316083232,13.443727981796854,18.36985132657217,18.46687557679329,18.349689305152395,16.45238951637325,15.416796932063964,17.717094422786214,17.426075257673716,16.409822134082493,19.56125553041943,18.475562986558234,17.91426354208633,16.993042280186337,20.30361156333027,22.062762788713112,21.796939302859705,17.314206109233528,16.601894795934864,19.358451696970647,21.490656254195716,22.37576512446251,23.682658834088723,21.85134026036251,23.199206691744592,19.8876097426134,19.82666291687825,21.853213900323546,19.696088318480445,22.941337372095177,21.142681122594897,19.670755526811853,19.05437173597716,21.69378912310931,16.14301051032893,10.797868398308472,15.33975417181227,9.137021342421946,9.997401520812602,13.37392237768373,11.28000993359202,10.7960891900872,17.641171880103087,18.337278690345,18.644203435288148,19.08101729613101,19.39796222196584,19.356029994866663,18.08856666031076,19.38649551640621,21.89474910188713,18.594180066001385,18.560649764414386,14.130172554115353,16.466430124266957,16.14792557658241,15.154559318515986,21.14660829945776,16.76321631343881,17.67889426135679,18.296277581058696,17.578330226998787,21.002885751459097,21.56751927295006,19.249767904719636,22.511212725176208,20.426651426887467,19.61006167578968,18.125697568074397,20.565697032260505,21.393337089224808,21.133699627715767,20.42140714621754,20.44570970307868,23.227419990545027,22.62138462598825,22.839548972293567,21.078743846385603,22.10938591963775,22.91608170613029,22.172709217506988,20.44288759743836,17.951958386127785,22.66980721751068
18.438658110457148,11.300346326140076,9.638359640244303,14.729932566120077,12.262406513279998,0.0,12.477785849951772,10.420265388957688,9.143452843176684,17.99492383110267,18.20145560775033,17.297610899429177,19.75881677389997,19.08045973352665,20.626607010232707,14.880648107451329,17.394701447563527,10.956450162046742,19.19881579201891,14.265512251551392,16.721235834851225,18.9680676820996,16.20872582342201,15.243172008779982,19.07853518624741,17.03660744600637,17.031254133487444,19.130484927567498,13.94764986682901,21.355002035951987,19.93955869826978,21.493545329350358,19.83342351883289,17.558289789449216,20.0502182392162,16.228054182696162,18.92841613083574,22.64075517999769,23.26618138705524,21.39996866160042,22.26671220360353,20.57941130638441,23.27109771568042,20.94627450176232,19.325745622865004,22.58918419377336,22.72551918614416,18.871216421062403,18.11635309903961,20.7489717905928,16.823875991667318,13.604376820407962,13.955438332664317,14.246877944202664,14.22994024123423,9.654316035234226,12.684061995207284,11.652843983794236,16.309926365139162,16.928153630243262,17.983251774915406,20.338533538781064,18.856668503216643,19.61029318406596,19.468838236005872,20.67542753711506,19.11402666578502,19.824828584505784,17.892078335139225,13.68334202750872,14.099629429290797,14.714975333153898,15.478805156795753,18.80503351394804,14.68525027996947,16.6477301571437,13.476789838768369,16.013322995711533,18.66135351049699,19.998491749810544,15.042305600462631,18.793752312574835,17.92642211737042,16.743972460274307,13.121942278011304,17.774362666062803,16.466102528570016,18.85879424022512,15.42836550959718,15.385126859427464,20.39891102447941,22.46344439051213,20.61052685026449,19.898803849700272,20.889824409256263,20.25698341156533,19.10439618662224,16.167724248630588,15.165247268069388,20.61919644083134
17.096758280687954,11.867711689754458,12.137541237585316,14.589326156194122,13.692822604540886,12.477785849951772,0.0,11.108470717115202,11.21953709508626,18.32813191464537,18.93969792874695,18.564399063170782,19.450332400372364,18.921370141288985,19.601368647007952,14.306252747853948,18.562586070460497,11.666433174391068,19.43249527949452,14.714122541574577,16.858258377115423,18.301714567206,15.974938355175285,17.018680180601205,18.40890363293494,17.969102170973994,16.362427097643234,19.68463103988161,17.065910551879384,20.542836343796104,20.763306236310186,21.14446792956101,19.395164116597268,17.78807286343499,18.04903446914366,16.629627792020887,19.42570584626127,20.71343829244817,21.584265779244543,19.37845137647495,20.17845619194187,20.184932648230784,21.187639708780623,20.433386085647214,20.10872440280412,20.628828964064827,20.49056559446453,17.011465098347443,18.28001136281256,18.487156549347272,16.83475298219382,14.492221498107495,13.669932028993408,15.772076556531887,16.249302511303306,12.15563765274037,12.962904686492507,14.481783774446908,16.876857134609477,17.007997277021335,17.299860624122548,19.44303163469749,18.797543527410628,19.922609801829136,19.06303146809625,19.254789810512303,16.548021082167715,18.554380825215212,17.129838277618784,13.40714665948164,14.511830589394783,14.695505495992036,13.7249741586542,17.61421503918019,15.570072346819089,17.824605266650174,15.42900807198787,14.190092268859283,19.941974598558357,20.67113867364421,16.923782440615653,18.82844393559029,19.03941829368393,16.530820649936455,14.304732978840669,18.422658298329427,18.71693442828789,20.13407010367253,16.225542937386795,16.751719140198038,19.82611842302033,21.20355866421341,19.67783178791754,19.72530864820066,19.881289616234785,20.90127404632813,18.825683556115457,15.897988072146848,16.316815158564914,18.97356475905997
17.44406759126457,7.864838235915528,10.36039567110742,12.235943639723091,10.197530070004774,10.420265388957688,11.108470717115202,0.0,9.805750064442629,19.27694810022228,19.619759720095946,18.418369331084023,17.285509577416143,19.250155439679475,20.62885047854505,15.632214972744942,17.566178925965783,8.998021086602943,18.05771482312906,17.984102930409477,18.136814974656783,18.401517848347304,17.421589334395012,16.8399406636926,18.213448047627203,17.637267392042677,19.264119326581916,19.83474856961302,18.974947268036303,19.64909785604276,21.841972682476825,21.99655800149097,22.25019589616904,17.266831867994203,18.9934029878392,18.49868986921463,21.02722449099484,22.930467077553857,24.37940131185633,22.50080956071954,23.955673850859068,22.041629071126717,22.689438293750563,22.58239707809341,21.82403393622434,23.51902596441579,22.950643509703507,20.89468527211234,19.89932062253303,22.22086871928042,16.74268235371945,11.295275186837822,15.248125703618298,13.467264121890544,13.913027339517525,11.928368683100972,8.135484129588983,9.100702921702473,17.14304153789342,17.952535618196286,18.18242184613915,18.82251357412065,19.28007464309147,20.211657610362906,19.02008191993692,20.10761732018665,21.222723447867423,18.779691061002925,17.958610090974105,10.959926721983908,15.631133912851633,15.353027984615135,14.215568639839908,21.04742616425285,16.200751871521284,17.9480179460956,17.483077496318366,16.576803094802365,21.61635396103353,20.30670021902992,18.14244956740413,21.402047043244032,20.44276377417277,18.90790897057898,16.129743137499904,20.09615251497925,20.40400198576005,20.467086353991863,18.37620770509376,19.173338362132156,22.284839556213004,22.823694387310237,22.459833096795524,21.927303913838465,21.96897791512492,23.06398981885509,21.76317210924496,20.100563153145742,17.97878714375099,22.525372069180413
17.103337560258755,12.102443041549096,11.463996313066568,16.643355316720665,13.284667234680382,9.143452843176684,11.21953709508626,9.805750064442629,0.0,17.45474309601922,18.322602977047342,17.761061550952295,19.06585103528681,19.120073167804936,20.73045189986312,15.598930404898084,18.361613257841874,9.92812738960444,19.39974464544935,14.252308076022418,16.613910989029193,19.6902335488132,16.467063537455147,15.714256546478284,17.508602455852298,18.04102238495872,16.26849475138135,20.08444650053049,16.33964365495316,21.148603899883284,19.801780142636677,19.752869834177417,18.911804875499016,17.890912720054562,20.442541898624533,13.618129468308856,18.295820937876837,20.373141974824037,22.37215789428797,20.35977506162874,20.95629170060553,20.168819431105256,22.409355571731588,20.83033839929714,20.938688049559197,21.62586344630525,22.192743354866487,17.55796456237569,16.91076776437158,19.21647256388402,16.06809716410776,13.3205320958247,14.726113890221336,16.212476965217864,14.276704527972878,9.230135944278862,11.88763142987704,10.56012143282348,17.482507855809544,17.089086400327602,16.617066808643262,19.97192499577312,18.722775118291324,19.634696083134568,18.958386505333475,19.809914173326128,17.861234412426242,19.35422536693128,18.072098808741384,12.584970632157123,14.512351629609824,16.095806062000616,14.74110542625163,18.212965489228413,15.022611574364976,17.36909755519314,14.60570359792296,15.624575565142818,19.43526003479621,19.17469953510821,16.233590187503303,18.649540908499,18.91487569743624,18.173839880414462,13.345569317394247,18.445636000851486,16.917801884072627,20.36513938774251,13.63007368308545,15.740178156755553,19.639186707074632,21.253097201588798,19.74911500403245,19.957380143103315,20.748089774045667,20.55119512115719,18.759523213697054,15.921948715900404,14.93162790459627,19.306630655787988
18.758028431334484,19.20706095758764,18.767044692328668,20.12695800212383,19.111466801352456,17.99492383110267,18.32813191464537,19.27694810022228,17.45474309601922,0.0,14.01322296862532,12.312906363343243,16.635040468176207,17.498351701975135,18.93866790078261,15.875636752863562,16.392963379472047,18.349877010555897,16.777830363187427,18.29427044193257,18.85724288562173,17.763147409463603,17.231619153475897,15.858664683186843,17.199215544631176,16.133389452641726,19.12933852652485,17.787112477378155,17.593062063531935,19.28746036576796,17.836600627975066,18.937013553315843,16.123138449301894,17.32962438092101,18.463572877759265,19.189031015171047,18.93529062222957,18.618378281754328,19.18292132725085,18.145935165763262,19.043606407794037,16.559504633878262,18.64931558002363,19.515474350250265,17.983375875546333,20.513408869299735,19.615381279950643,18.70508379248688,19.81014455763537,20.026202574380363,17.483219312282266,19.515973184958025,17.569922721422184,20.1621397986316,19.55071482350509,18.17239730293509,19.6920124346422,20.03820721410511,14.811161382319677,15.268561027521429,15.14883039667014,18.153139974910413,16.201494694320314,17.857245464797238,19.62993399509725,18.459323099205967,19.7410583471352,17.580786693769415,19.69898649216969,20.30162791275236,19.776599757429583,18.671518806920517,18.43150791977685,15.49386384629726,16.98808352943044,17.037101995417782,17.874038319591687,16.502258831544978,16.43826035452258,19.357244546494755,19.253547497964025,17.749545944427943,14.48073028340227,17.14560791599905,18.706334648602272,18.168409691227907,17.498502093464005,17.20550904940848,18.81439036869231,18.66258767058299,18.77508136959056,21.05203864220514,19.202004585679003,16.747149331867355,17.226003591346906,17.79384895265958,19.48765862074841,18.40971634745564,18.538515051225183,19.7801847151456
19.8880130720927,19.46742654371825,18.68354709342554,20.00528784355433,19.11251872844398,18.20145560775033,18.93969792874695,19.619759720095946,18.322602977047342,14.01322296862532,0.0,10.856638882845154,17.50158223626361,18.761748797868364,21.03555071104849,18.620167828009425,16.313301565329347,18.384755686139837,17.093088455008733,19.040690048663794,19.96857103464056,17.549909182955872,19.14792507226205,16.338969818324983,19.16341903109111,14.190556297086507,18.709926793528627,18.09186006680515,18.190489820127738,20.83495022915332,20.15791388455632,21.22739364831757,19.084750839438676,18.35724326789861,19.003917758339743,18.588797899420264,20.791763345995083,21.04200075695652,21.7477694038601,19.22790774545257,20.46712503469213,17.21040523088974,19.765580746160573,19.997858651982916,19.28795840382053,21.09184303324185,21.36022884629981,20.20020250233599,17.653933273850264,19.884343281859543,18.639970615640813,19.32342410172287,18.79743545789741,18.953313845024272,18.94535200514043,16.634692833927247,19.488670265138712,20.10712157420413,17.185069703552042,13.459045723210648,15.778115526469048,17.570005153625694,16.239424359400857,18.968271234709142,19.37710905393681,20.5690075164761,19.9240658959692,17.18516498663144,20.935824488456035,19.680251556046844,19.03528644871008,18.82867270133353,18.928061528245827,17.95417450255752,15.472581961621742,18.266216087139178,18.88675904822713,19.909941870485028,18.10157352301233,20.64930113519108,20.20453696713364,19.06227511855662,17.996697764103917,19.396683754889747,19.01273281792867,19.74551173796942,18.788244483295927,20.183397020895228,18.4942203702316,19.836239884011544,20.082461410277705,23.24982811947465,21.07118839478889,19.5183383195337,19.829567452907764,19.079263156488828,20.667135957665533,19.589544818353584,15.23520162486404,19.882495718318097
21.09199304646775,17.743046647320575,18.06602169471881,18.542836093830505,17.796846146137405,17.297610899429177,18.564399063170782,18.418369331084023,17.761061550952295,12.312906363343243,10.856638882845154,0.0,15.783101033510398,15.851610644612045,20.283769470108577,17.277856719887435,13.392633722220326,18.19548976504846,17.03993789555795,19.63163684193321,19.33024848469154,15.382777466081022,16.673439399157168,13.97065002486704,18.52275708322264,11.91931128335878,17.77961151035586,19.266950721973267,17.612637362465563,19.005182877089773,20.70908920214556,21.58529312441927,19.39052880266221,17.7929810496877,17.8185247469749,21.185566392743983,21.00692163118716,21.540715201480957,21.716636983972837,20.07384069380219,21.11838790631489,17.338772346701678,19.677491693207507,20.79190410525358,18.571010939121365,22.046141297907177,21.44622300966798,21.004179725866543,20.328904608534224,21.76868849457713,18.953208164107625,18.7042898109648,17.43423120127439,17.78286311165292,18.061557044375164,16.657665286251603,18.52889400715957,19.14449841492389,14.82042702727607,12.228485144785097,13.937703216416669,16.261535172267926,15.590529488712551,17.244661371145643,18.694205202044696,20.2597441218474,20.71376418155421,16.641058822299154,20.041061838980568,19.83651133292224,18.14926907312588,16.516055395985028,16.315309359801297,16.553194915914666,13.149377650783784,15.245304177873129,17.682588479138097,17.942448710311645,18.61118641985715,20.180101272001256,18.06797645421524,19.15269906150479,16.851454357150576,17.779971737126857,17.981247212502574,18.53531178952256,19.086155096007083,19.929226485188316,19.822154687229464,18.868794721504575,21.31169019917907,23.589364195866263,20.750721249907677,19.49113894816659,18.758412285915878,19.29004342729486,20.829935565351743,19.168077715455908,18.099975802209315,21.503565158824173
21.902200819656848,18.96827472229362,20.659318805330948,19.191646736587355,17.571852190008364,19.75881677389997,19.450332400372364,17.285509577416143,19.06585103528681,16.635040468176207,17.50158223626361,15.783101033510398,0.0,17.74483414181794,19.42591968797297,18.49879929182969,14.422095540580392,17.984823775743397,14.60610572358666,22.09734534428543,20.371931856254648,15.406978767622872,19.066376445998696,15.983301606531766,20.774268885161828,16.70904025207488,20.1980533689121,16.286198131392883,20.981441456194904,15.498966429048243,20.722627020146543,20.391938254598003,20.791439064092728,17.133961604725897,16.40704124701675,21.88296486982649,20.641324288816552,20.4719882079074,20.965310099483204,18.311710247398057,22.956804527016967,20.17998671790766,17.332037241523587,22.479080303025956,20.286197093084223,21.56098726381732,21.09868485818121,22.56107609295956,22.030348872571565,22.940106685740943,18.933058754247774,17.189534134719096,19.994869816754807,18.00305046411745,17.522789673114055,20.12097155497023,17.051558595987238,16.82275526543677,16.509573366432477,17.870054987439133,17.37744901647025,13.425580747094653,15.50674347247651,18.032287564088136,19.941632022846807,18.162319116286977,23.633334658314187,15.197807032775216,19.3546257089532,18.17871613053308,20.964198949388575,17.52581418193193,17.86787329875399,20.04588903793561,16.592296170454166,19.394665870775366,20.776938114034984,18.06684297683266,20.939675295858542,19.05423495874107,21.399254024471187,22.234932031178055,19.5042737495382,20.19918799765414,21.384384956902,21.49892078935545,21.341526616788062,19.03272111927381,21.997762592046996,21.902230211198205,22.28240585468419,22.845301825776183,22.594132451388017,20.46713995250785,20.462784439607034,22.524534070131786,22.448931487036173,23.42353077632622,22.31896555977239,23.058376771911977
21.23919924953353,17.422864417995015,18.443550591800975,19.20508205154755,18.89123862771692,19.08045973352665,18.921370141288985,19.250155439679475,19.120073167804936,17.498351701975135,18.761748797868364,15.851610644612045,17.74483414181794,0.0,14.196439875718836,16.970031646056565,18.530389733587786,18.71203042248561,17.007563625053752,18.277706021766544,13.010922127984998,16.174143446678602,14.08011282453242,17.97270128333927,20.41177164504377,17.334916429654026,20.31627406366805,20.698455832863687,19.22766071368033,15.228076453498089,21.453002412574957,19.495037955176063,18.06394427907796,17.06387994951226,16.570700828368192,20.82763870149337,19.81558978242534,18.145260033758003,17.129467067609383,18.312828407618166,18.513358852814385,18.73853457072613,17.427768100594985,21.6630660381062,20.155118014232457,19.51077556888685,15.98498115823855,18.931996758688346,21.627891945324603,20.09693174583548,18.21904322469829,17.1671033588974,15.234753190491752,18.393426379258607,19.076980239828377,17.91180687985739,17.776778306743154,18.602327437917307,14.540169893191862,16.831588859932246,15.481619073027549,15.527409409269412,12.503758350152882,10.42699367635278,12.526466242524942,13.425284685658402,18.762911502467624,17.58299259858485,16.53274382794721,17.66334234790958,14.63948475113128,15.93479669011649,15.605052031237344,15.292934586054502,17.108013892754858,16.10981993996957,19.41938586206288,16.301222969068878,20.580570473095744,17.76045893586882,18.74179524220793,17.03198985780671,17.131535120598425,16.37268912730139,19.2440991119264,15.677632082990703,19.0204252899166,18.861667611955827,19.62383039070356,18.709946144129997,17.584171760746223,19.07827106599183,16.652412144359456,17.956809470710592,16.610821012460143,20.048710670351603,19.41622683096162,18.970909222764025,21.74096614939225,20.25647672894578
19.35762451888351,19.339575582103198,20.09065678623285,20.596955943401507,18.683160310903187,20.626607010232707,19.601368647007952,20.62885047854505,20.73045189986312,18.93866790078261,21.03555071104849,20.283769470108577,19.42591968797297,14.196439875718836,0.0,16.89610235618454,22.186906215017103,20.010506534584703,19.748753077015657,17.536733681866238,13.778401595359767,17.12714743527068,15.425282129038324,21.125075046193334,18.608756142342408,18.68772931917279,20.31960767756561,18.036523879156544,18.12086418683521,14.126528245842186,19.7144750624237,18.46842568118587,17.553897713598662,17.908888120994646,16.44726126168317,20.320584416837637,18.94241828739573,17.21041080672224,16.76393969616578,17.075920590527385,18.155629366722653,15.699141780119714,16.048166669587385,18.69286947295202,19.7740382890802,17.8307840685393,14.178300238841151,17.755991474116097,21.62692831425044,18.35522364121185,18.50601457614079,19.100308242341622,17.498117959487168,20.19946436114502,19.878046591656023,18.963104974782617,20.420412356825448,20.50807970381354,16.90147485576458,19.334958142512743,18.7936039763368,18.07128960993324,16.940813768059712,15.432310755473932,14.340272672506671,8.426014962603404,18.03771428385893,21.33153165971488,16.319577178911,18.21324298444463,15.886099024592516,17.858598958169736,17.46791520726181,16.486845176030243,20.922817796137466,16.42067787524157,19.0305800886224,15.654948106400443,21.13741098801989,19.76620147162231,19.642960303353,18.10435107910605,18.61857657722981,16.892206694381574,19.777374311358912,16.41294233575726,18.356104725511692,17.602299735522553,18.984111911012462,19.41086848621122,18.053367930589395,17.377431048866864,16.161766505666478,17.379202818655234,14.79777071852072,19.18662627682168,18.202360381672616,18.678885900595965,21.51038473597193,18.682776699233354
17.47604173204101,14.211687334419825,16.17079104063412,16.031815933481422,14.036984381546354,14.880648107451329,14.306252747853948,15.632214972744942,15.598930404898084,15.875636752863562,18.620167828009425,17.277856719887435,18.49879929182969,16.970031646056565,16.89610235618454,0.0,14.951521825990431,13.616452450680717,18.96059339078763,15.974483514484472,15.980884298467435,12.808521057129344,12.942053136438032,14.653287592242153,16.547294698793337,15.820609409610952,18.563596403528877,16.779678822295903,16.83124984116045,17.825516086472337,17.94608593070092,20.0160983806006,15.331790346664324,12.100202623018934,12.322949179495032,18.490780449499493,17.82014270890308,18.908782322234316,20.97337519966297,19.66480145991042,18.839634216214865,17.29029471335731,17.926404605964482,21.183470911761276,18.605779347082795,21.24701650401781,16.761539409157937,17.291543187480595,20.1703437266405,20.161387518364915,17.146657140767246,15.960955525093166,9.874242585303064,15.74798138496418,16.504066324773433,15.67509446276792,16.11219632512597,17.400945603641585,16.006204316287057,18.05525814553728,16.98920974613309,18.995434739404317,16.83444302970425,17.411814313736485,16.91068671460893,17.34233979217723,18.65918879103373,17.341285952751456,13.593716986266406,15.393283758271483,15.268490784927234,13.350741363472926,15.217052680577966,17.37871552193256,16.38038536226099,16.36974427738337,16.67590922243171,15.011947651643371,17.710920124124996,19.86699915278233,14.445588332636866,16.52368985725224,15.629171003083398,11.864283535827456,16.643894873365152,14.337556549788054,17.03571976038664,17.588515221254045,18.36673631618123,17.413738142718106,18.05180775151254,21.11400032422357,20.075570229366285,16.842721196386506,18.13123331952253,21.069216874306036,19.94374403383252,17.082935146022148,18.43435851663314,20.94178132409565
21.92481352452421,18.02142558272528,19.01536330844557,17.385921458820764,17.175816316083232,17.394701447563527,18.562586070460497,17.566178925965783,18.361613257841874,16.392963379472047,16.313301565329347,13.392633722220326,14.422095540580392,18.530389733587786,22.186906215017103,14.951521825990431,0.0,16.477232445045132,16.982219082957492,20.206740458764447,19.56141958099126,12.886236041550482,16.196945450272956,10.714299738577076,18.919484620476137,14.815055833324942,20.170576422012644,16.93521727391321,18.068534417809516,18.66025199218029,19.78808575416926,22.294633997557423,20.15254057079696,14.779973330628213,16.890956268091372,21.488970996665454,19.53049217231327,22.90517634241824,23.513068823219665,20.87230103466576,22.648970212326358,21.023693213303144,20.932216657261453,23.36142128799149,19.363702059904224,24.236267547700898,22.36363792454743,22.40431010348259,21.85948337541811,23.95686378440588,18.84682555917858,17.349478879362188,16.15231152491557,16.220471081378136,16.762232631583743,18.627250397879745,16.813164397713855,17.773906976300577,17.24332046941838,17.137028400064963,17.303179915633617,17.398482279979543,16.763112936367694,17.98229302258614,19.66642016447824,22.2472680553644,22.876268555277004,11.736883464172774,16.767854784420827,17.48273593684288,18.79264127207721,15.47460541350646,15.769346889440111,19.89811173130604,12.523808493203038,17.691554439559642,17.88393115031125,16.942675270338295,19.05943998581974,19.78241482685741,16.25686079808793,20.35606017019689,18.071057170317967,17.149098277269687,19.164024657037995,19.64168849572647,19.541144540975672,18.507375059031723,21.591449204967788,18.518920956152247,22.402025017483204,25.135195024980444,23.207394830979805,20.37888657825966,21.66787779733228,22.2815434955294,22.83546707826575,20.71008594691012,20.837131874457064,24.24607270276413
16.661785691653858,10.036147256289311,11.894565628379604,14.13481059821892,13.443727981796854,10.956450162046742,11.666433174391068,8.998021086602943,9.92812738960444,18.349877010555897,18.384755686139837,18.19548976504846,17.984823775743397,18.71203042248561,20.010506534584703,13.616452450680717,16.477232445045132,0.0,17.280800945632986,14.990879972194122,16.041815479953783,17.39069890222766,15.5411532040043,14.97430379137031,17.367265713560904,16.667543312759467,17.8654208842627,18.764253374366508,17.396487397340557,19.87159357646257,20.309506986471863,20.52766597797951,19.72958671713805,13.262346160177382,18.641288739925507,15.736397075755,18.1048001664359,21.26554776534573,23.18658045392759,21.793344920218644,21.997334255051666,20.63115816078376,22.21842675754837,21.864551851944142,20.805525507087943,22.18569823979416,21.662291494311106,19.52416278216977,19.697188793268868,20.7650093027049,16.545848877922413,12.83026308091005,12.333940082885762,15.504079191096466,15.847684171237406,11.418269315873244,10.947816837351104,12.388435161340324,17.56023633206817,18.46220368709937,18.34840460255826,19.538117368921814,18.18557445322378,19.394938284426367,18.34742932800993,19.72232520490594,19.249743316127585,17.174006592117838,14.684987643041364,9.222904348012714,13.761977582203974,14.371274176533529,13.884022552682069,19.99417822428164,15.587602950373723,16.94038890445145,14.78983701289718,15.33117450870737,19.660607729262345,18.72836434138929,14.764448403598148,17.900461323759597,17.925116373841895,16.304309581571687,13.579222592150565,17.25363267619183,16.7637282440417,18.54562481344157,15.35838055888768,15.96398784786062,19.255809603247787,22.34939060647528,20.384778941430504,19.65892155291357,20.46799846611529,21.871992922996107,19.91984300307035,17.304864314403755,17.452779135124093,21.0552847665056
17.74583215646122,17.022809272093763,18.32550513038348,18.795944906528696,18.36985132657217,19.19881579201891,19.43249527949452,18.05771482312906,19.39974464544935,16.777830363187427,17.093088455008733,17.03993789555795,14.60610572358666,17.007563625053752,19.748753077015657,18.96059339078763,16.982219082957492,17.280800945632986,0.0,20.59697924095231,19.06339685798296,17.772327925199896,18.959915320381185,18.23722708044803,19.88392426681357,18.53036094445524,22.37246675308679,17.838022792517403,21.53822414556984,16.449618224503777,19.489655097901263,19.342995740511668,21.02938302255418,15.43372665804583,18.26098486032026,21.03108918481897,21.1567080805179,20.777177341516037,20.981471825568917,19.650495339610984,22.816892690555918,20.929945644045947,18.846937633271992,22.78985469034895,19.63213829795397,21.88801009719615,19.98568451848261,22.50316096777565,21.733395999022587,22.532016978763775,17.054391800699367,16.903584173809975,19.076940444647803,18.14706324023676,19.51050561638542,19.984408291811977,16.989338308927138,17.913704141194412,17.940472614336777,19.007808463910084,18.73970801673273,17.19984693209791,16.033588951230875,17.59971256857992,19.570287112944666,18.97546116056021,23.5187242512559,15.305220988364098,19.58089327362457,18.52823409786536,20.27054591296533,20.16793922457898,19.491945284485137,20.93105325259262,18.75712738534444,20.198568749231367,20.768521866056805,19.059144296880884,19.55832264696144,17.49104375905061,21.164962983192197,21.390931262210746,18.80890909091124,21.227556089696733,21.564011579531925,21.369710208564825,21.04871206465257,18.93095096768943,22.064058072695666,22.12177671761061,20.67109928348023,21.44031973973484,21.75513369191279,20.33171948880773,21.14398908500256,22.705091794055758,22.417711910762723,22.366441754741142,21.73583229609669,22.859217905450013
17.702150039690405,17.45468049156853,14.988435948178104,19.893572107751268,18.46687557679329,14.265512251551392,14.714122541574577,17.984102930409477,14.252308076022418,18.29427044193257,19.040690048663794,19.63163684193321,22.09734534428543,18.277706021766544,17.536733681866238,15.974483514484472,20.206740458764447,14.990879972194122,20.59697924095231,0.0,14.02480376359215,19.724489556363057,15.538337975501928,16.10328548002787,19.647919708005176,19.547959470831547,16.353183715157456,17.732616078790688,12.523304027949258,21.824625660299823,17.9471178188783,18.5971956883189,16.18810819824494,17.85035218774441,20.410187238845342,13.284733132413834,15.192470952436167,18.558800290551595,20.127362526237786,20.163946275506184,17.504539960613783,19.223036263633794,22.28722696057592,17.802783964835122,19.151173714989515,18.788816091394327,19.26313839031738,15.161955990630458,17.551006214816976,16.02823692486384,17.715465517214216,19.22312068398846,14.489184632083656,19.59910781108545,18.865066393571723,13.26363542162921,18.82546500948833,18.299781581362467,18.190178059583925,18.636028848833543,19.137689765453395,21.03389530772712,17.57451299819688,18.57638860638469,16.78905750273768,17.595162255188452,13.743180799965268,18.849010711577066,15.92445494081577,15.279685222373534,12.06757011930672,16.063354669501276,16.710481112811454,16.196880373519864,15.964102304215317,17.36947078435282,11.313553210821556,13.515607868706732,17.64952634263942,18.16640292720732,13.424297249339018,14.618978888858113,17.178253203120054,14.690690729324151,11.812819284553871,15.403731087380292,12.90395846314393,15.376017478759865,10.944892118352278,12.829912036693049,15.79480325318808,19.18263397491214,17.210259938066443,16.098744752307866,19.116247806445024,16.788652361540844,14.948946581339492,11.37830611849324,15.73880476759756,15.937726161400086
20.969519697763182,17.278699541821712,16.851709361704742,19.88346565307145,18.349689305152395,16.721235834851225,16.858258377115423,18.136814974656783,16.613910989029193,18.85724288562173,19.96857103464056,19.33024848469154,20.371931856254648,13.010922127984998,13.778401595359767,15.980884298467435,19.56141958099126,16.041815479953783,19.06339685798296,14.02480376359215,0.0,17.270381623556226,13.444115041785,16.62469786083717,17.55818584876636,18.07218113861945,19.42312775632583,19.286784848871022,16.541316823011766,16.48409494876428,20.99097109235712,19.206358453818005,17.346023639874772,16.213406984258935,18.83532000927878,18.52866482876522,17.63110853451838,19.01162247128508,17.53342793925123,18.08941386899531,18.508701419575047,19.23070450192054,19.653623189550363,22.21862599584812,21.83860180128627,19.29091318075873,16.453991415149975,18.393492503374844,22.79333628023669,20.08545800650704,20.42388534405319,16.92770798842164,14.10099292268104,19.097026715824136,18.620593199502533,16.740436205895964,17.503388535720756,17.225451405057182,15.883772339286525,18.394779008969707,16.78238592725549,17.284658712550353,15.15984021233609,14.13408817259803,13.579644712924598,13.690763983012149,17.332863470645453,19.59004720838852,13.829616330792131,15.071484890126772,10.503148424826763,14.583342632322244,14.037998082292996,15.208966549139047,16.87622837513462,15.057538150275487,15.605442803563085,13.477602510100995,21.45425230358577,18.177610813277468,15.115467874469388,15.8891679202551,18.044713640065176,14.709498632822608,16.732802334163495,14.655791560888256,15.915455559089477,16.503741504198455,16.87877363763304,15.2762690308629,17.601673548498447,19.068891015532014,15.755634963276531,17.99342290941028,15.707587357602982,20.81556689656659,18.24410775809769,16.330932928069593,21.91116286150413,19.654738315527545
