,Var0,Var1,Var2,Var3,Var4,Var5,Var6,Var7,Var8,Var9,Var10,Var11,Var12,Var13,Var14,Var15,Var16,Var17,Var18,Var19,Var20,Var21,Var22,Var23,Var24,Var25,Var26,Var27,Var28,Var29,Var30,Var31,Var32,Var33,Var34,Var35,Var36,Var37,Var38,Var39,Var40,Var41,Var42,Var43,Var44,Var45,Var46,Var47,Var48,Var49,Var50,Var51,Var52,Var53,Var54,Var55,Var56,Var57,Var58,Var59,Var60,Var61,Var62,Var63,Var64,Var65,Var66,Var67,Var68,Var69,Var70,Var71,Var72,Var73,Var74,Var75,Var76,Var77,Var78,Var79,Var80,Var81,Var82,Var83,Var84,Var85,Var86,Var87,Var88,Var89,Var90,Var91,Var92,Var93,Var94,Var95,Var96,Var97,Var98,Var99
Var0,0.0,15.939356611741035,12.800288929755892,12.15391842824737,14.974308095704652,13.917742457724655,13.256988022114749,13.782053533852062,13.253515836464427,12.863363524943782,16.95938207957607,17.930942986134365,15.110481897957417,18.098646467079877,16.782922973835817,10.744089701694344,19.020216502315765,14.72074576756413,19.340790955765463,16.48061773549977,13.053673917503295,13.030862049254035,14.722296014975221,18.38482751861034,13.77347047951462,17.0270965985642,17.702956032891695,18.218684808421127,15.852652280836162,16.962879082858354,20.352701397554828,13.69577321873342,9.062318116534012,15.15935805336116,17.48250035256092,18.35414631452498,17.698529877525583,11.292582624856976,12.429965575683106,14.236828970545687,16.45866111787499,16.911862339186413,16.94166842227501,16.456451574099695,17.69863051615408,16.770158865454516,17.235327662077523,17.377994262106213,14.8208274990758,17.077730671919902,19.826667616726773,15.569137565098142,18.32602604353698,15.994775546973894,15.256960570783344,15.932622926557583,14.64901008002294,14.055716486339811,17.335391002155863,10.768453886345695,14.734657022886193,15.020098968362417,15.016070016084853,13.99190122578745,15.966361786598572,16.082087760973984,15.729778217724562,18.605984306730445,18.17916617036841,15.930899469812932,17.02018564380281,17.111379707119376,16.313170509824435,14.216931767224887,15.595095390763303,11.915398666616731,15.908041809871271,15.945323125207194,18.01043125851758,20.056316096452605,14.044745621844198,17.1062566802826,18.16691225013205,13.118496182786254,14.73009978634036,11.59110606203467,17.9194818895819,18.103994038171198,18.052731621887563,16.39506429732609,18.527686750412226,16.139786086595503,15.895545541404834,16.499749189348115,18.922642305096584,18.87388700565869,15.95948836059648,18.022317303512597,16.362494628026063,17.597013451020924
Var1,15.939356611741035,0.0,9.154744990048451,10.30713470939154,7.835233088263163,11.597451533301397,10.94425646916829,8.38736654548676,13.834051431038942,15.437347004057294,15.043642335779795,14.212072375806018,16.55858619160949,15.071457062704516,14.450182983780094,13.465139770364196,16.066834639962323,11.757704881632963,14.960742586621382,10.283901448328436,14.088599139736303,14.518407984350354,14.357989963451256,13.029519790822198,16.399800551573442,13.364466076479278,16.75180740057293,14.107704802797194,13.141055412349255,15.989722941288495,16.777549761516,17.09496961852906,18.1075580235147,13.866505654948634,14.225942571626916,15.975441101941943,16.58589660636172,17.64291721017914,17.341251882413573,13.691692896900925,18.055402388266646,17.100340552051588,17.02965397520646,17.889885807845303,17.395704868837534,17.447422583477838,17.137549140258187,15.389384816611972,13.665026680991241,16.685672604339345,15.52011401253007,6.746722928168574,9.358890509754126,6.585267455231889,8.578818264300129,11.04956309679398,7.453991518036299,12.27852087252791,13.389911034214798,15.425626098014538,14.678291260438488,15.519863354118707,16.39917530889883,16.971204773351833,14.160187302631027,14.649684894829909,10.288423244023981,14.303350649891506,13.381532414957235,12.512854207770257,12.225090448821337,11.920945199661904,15.083103443594117,13.918888189375975,15.367106512690762,14.193481295764368,11.338447506754633,14.421507620150459,17.039447100107314,15.458092412093215,14.42330436216788,17.138909164308888,15.373674644793772,13.558074076735496,15.520580865652027,16.391347503885346,16.39823177202736,15.88681360366169,12.86794338643135,14.289026908096687,14.65780550842027,14.332660292451411,13.836140712818148,16.706744027991675,13.4135217340581,16.721687181563503,15.882464828479709,14.27657878110973,12.389517163341656,16.604026656905155
Var2,12.800288929755892,9.154744990048451,0.0,10.652976923794757,6.585722914260603,6.643375649756903,9.972259531357158,8.0229134435631,9.322768685076058,12.784279632420029,15.368840359217144,14.538789822213026,17.198460346223683,16.901931712654854,16.157213601441462,12.80775082057111,18.090871450937566,13.309311869700814,17.350191513586427,11.004273627867814,13.925304429905399,14.178959237572995,15.221762415260834,14.531426801843454,14.777231084308939,12.824368884964976,16.432610203818726,14.061150728475894,13.232773445732606,16.4799494305166,18.733338776419373,16.026349435175604,15.072830519687466,14.162867427370903,14.12711494378795,14.370594293985361,16.274826161205244,15.178523090209964,13.862595323415324,12.055733002801297,16.926868183874042,16.097238537106982,15.166332083778034,17.49068650524087,16.167620783376158,17.587711003091542,17.035026593458635,17.537791722551106,12.52402880433662,16.2705387552699,18.08464485917045,10.07145438642714,13.422492227196512,10.377918901164717,6.485517024548117,8.803774034514644,9.400488018831828,8.69811224446837,14.145297417514024,12.582021270643228,14.296251135459102,16.60651165459767,16.009618354880804,16.342133333804686,15.65890351436454,16.198438319163717,11.745460160046736,16.26871998076972,14.799436842803054,14.53357223522738,14.010115399494714,13.39043724101203,16.154752491534584,11.330326167783907,15.09098734390236,11.759478949089484,12.325082056673345,13.987880154610323,18.091963284701695,18.128421559707114,13.395443977495987,16.9299943495003,16.009124740095324,13.479680472982576,14.44611407547529,15.002050017453898,16.792365281107955,15.947997437124604,12.951664444127124,13.328191510488505,15.917735427048488,14.928101801924216,12.812824534682717,16.71548900959185,15.121748656761781,17.30902565216307,15.884845948644474,17.034135446492854,12.674244335618132,16.879093388510046
Var3,12.15391842824737,10.30713470939154,10.652976923794757,0.0,9.48134764538492,11.913028718903698,10.299871801639227,10.677683898167896,11.94755346172751,12.389037154570294,15.01148393375096,14.670586531955815,15.320168199213262,15.661358976107614,14.775413434248788,10.82975510857709,16.637252093222656,10.55275331333726,16.156708791137863,9.753283885366693,9.467590281424204,13.531752914263366,14.332423716156054,14.293337889578481,14.584838450555011,14.4415199660933,16.961979887342444,14.898289335595475,12.452540945543522,15.367621524130753,19.455013699133016,14.725331026544204,13.110149109524723,10.488786323201847,14.415434451521058,15.169156880012677,14.089826897806093,14.096964146918308,13.7327280353617,13.497030538864914,15.448070816932487,18.470732481627373,16.81788009602525,18.612266111536936,16.956605525524093,18.080062967500197,16.713484991702234,15.939044962713634,14.023578202430768,14.604655909580927,18.645994363134,12.595641111574725,13.581073221479716,8.790885761781228,12.277495052602431,13.319026145279096,11.04678576332249,11.224944781923995,14.977818247037485,13.508893123209376,13.135415417591751,14.65860514924723,15.881101697533747,14.369240186624731,12.76811805035964,14.753555339591706,11.396148932610204,15.252165778253733,13.334490329637747,12.780837013966256,11.30316986632618,13.86073813435778,15.076932091046812,13.06312328216373,14.359023718022875,12.719911248797803,11.380097884640033,12.971423651170532,18.19413364123457,18.455667501245266,11.03975182531079,15.54629791553405,17.530133819167546,9.80887887985581,11.573930046153134,11.979513830186418,14.519775937025928,15.390084768375687,13.001963214981844,12.969595083495507,15.182588559630142,15.665407982202165,13.786654033367792,16.780039465989873,16.217173680407498,18.92816370884392,14.46566672861437,16.081117476647407,14.21791780111975,14.80895225463042
Var4,14.974308095704652,7.835233088263163,6.585722914260603,9.48134764538492,0.0,8.358102203526443,10.61563475156176,7.669162141118307,10.362477413902331,13.380249633812934,15.448270883557859,14.12670727670399,16.149561799809835,15.958270964824257,14.948832356423647,13.8253366935598,16.816431170269585,12.05075407646982,15.973992789729774,8.907300411143146,13.000551018951086,14.937782536322104,14.756475030832664,13.169200132225619,15.216725069301042,12.771074384450053,16.472846627640404,13.260615561472056,12.256079441318116,16.08119468089745,17.28570615550259,16.368266905441192,16.580761217105813,13.484525474009963,13.17685228520653,14.30745060927987,15.177121601761996,16.252586069479925,14.574607008160825,13.406256844728173,16.425826398303958,16.385132304622775,14.664383562983689,16.78939164343105,16.50501918561883,17.623169232827475,16.11600016872522,16.172005961981647,12.469238020561477,15.310454382482197,16.52564415218655,9.63849567188434,11.007156752647617,7.303452766968782,6.096233848130601,8.194075941336976,8.29636923483976,8.389091472426358,12.69777888627676,14.54887042839927,14.224310637138359,14.863044400567517,15.294298552369977,16.09535699655743,14.270271917833071,14.73785004547647,10.784139807946136,14.502352883643773,13.280451672526311,13.431279982422918,11.749395106905602,12.191945623897656,14.83838123246746,11.58292829313766,14.262837103079795,13.769496498211002,10.522307209833237,13.420588380637485,16.679203571379965,16.36713871689379,13.61590855124832,16.694273441344784,16.499017105243936,14.124614319289028,14.298270703277023,15.31449222387179,15.810265163852264,15.21219409872725,11.985401440026083,12.889436349361638,14.357196096185849,13.638615027745221,12.052775275817389,16.283729972050057,14.525887330162979,16.626174894720457,15.623619749510409,15.26278262080763,12.297420343940516,15.772475586400729
Var5,13.917742457724655,11.597451533301397,6.643375649756903,11.913028718903698,8.358102203526443,0.0,11.57266106572396,10.071410455653089,9.056933060341265,11.837676907217654,14.137199277700129,14.143011488666003,17.149566505419212,17.40172919933275,16.390095093782314,14.289996672613679,18.114319142796866,15.002990320110811,17.714575055467797,11.336487425616241,14.326872705079602,15.339768008641455,16.182820886056657,13.762985944285456,13.531889843582272,12.64328186953072,16.10296207036895,13.381493016008715,12.576275330527412,17.019501671642338,17.794017418486153,15.943642378828448,15.529660871744206,15.091775247177793,13.941075042115308,14.748076399838878,15.384986289837492,15.655245788889681,14.173495944421914,11.622635083578313,17.575176626361856,15.409041495097663,14.948631541233896,16.720764489032486,16.154334226960323,18.018361062036263,17.483661880477207,17.92319274358098,11.767509821963795,16.227290635175702,17.94709769979577,12.769232426401567,14.358297205089404,12.228353867392702,7.704790503538774,7.250714568576636,12.021048205114393,9.165664089185837,13.573748274844576,13.85350533154908,14.712103132555876,17.07326233931963,16.388909466406393,17.06106132096158,16.771432165934133,16.7709473534319,12.87965452469661,16.929434314184075,15.350856676154093,16.23279190025343,14.968744771875484,13.292197698498331,17.053543559880048,11.450521402679204,15.360603880975946,11.707348492819833,12.6211043984047,14.456726744838521,17.344682464029912,17.89025523128792,13.455649078122702,17.396259314847665,15.619313246910075,13.935433601727874,14.07754043204291,15.536323094198474,16.18987264123528,15.078799063484075,13.249691866597262,13.539055652556433,15.290156209376443,15.311502490442479,11.60607717110012,16.032867995255735,14.667509276781072,16.462301691544948,15.847620071390196,17.641153313316014,12.996539122603853,16.685931365048972
Var6,13.256988022114749,10.94425646916829,9.972259531357158,10.299871801639227,10.61563475156176,11.57266106572396,0.0,10.097916839579637,10.83792536106419,11.845027117407687,15.74012464319916,13.984445605941314,15.549290110422632,15.949447722075423,16.023234092153228,11.21550664017973,15.955151355923771,12.107376782093693,16.28256690067859,11.210880675159093,11.392891049399182,11.17534666288863,13.510281568683062,13.806321452204621,15.313909875346978,13.22959303170585,16.19083739995428,14.44397637774509,14.1684754176918,15.02555973041383,19.097788018662698,14.419012464257884,13.634734246286992,11.908872646310805,13.248443416870682,14.389575548383226,15.64837779546889,13.211448577383235,12.267560152288329,10.808501545472973,14.991896936349622,16.703616011888354,14.759147752973686,17.072493679895704,15.674219763245443,16.544914803514825,15.7358680003073,15.440637070690682,13.154091952400487,14.137952750461876,19.71535869240273,13.14503908693708,14.155547047641212,12.139371919393144,11.610278886730194,12.696512812462796,12.34074916007828,11.237995555830468,15.442817689194033,12.720504759082077,11.566866153703618,15.148184307136631,15.76463040204295,14.538939959882875,14.334192263748793,15.6286999893134,10.615469241230429,15.594149732689514,15.054310545345887,14.249922814363892,12.72906725540832,13.314530960983598,14.903491261515642,11.969272123878234,14.232970320856415,12.027599916741316,12.631571156220621,12.523165816364054,18.39285748638099,19.01454913623325,11.717299293453815,15.625711740961707,16.546178374900748,11.022876876941773,12.894711432568979,13.003364021235734,16.23430307695495,15.868876157827696,12.179954105237542,12.306769752660042,16.73651974072001,16.1528138244771,13.93294476083628,16.216331323146036,16.541751804799443,17.884634866664776,14.34772499130314,16.154375705991196,13.677080970705674,14.825541165596581
Var7,13.782053533852062,8.38736654548676,8.0229134435631,10.677683898167896,7.669162141118307,10.071410455653089,10.097916839579637,0.0,10.174388859151726,13.597702618586778,15.395520869901832,14.652128587146578,16.050684498848565,16.23383494090931,15.285217803133508,11.891249633305755,16.935973121424894,11.013475618502776,16.25667903920756,11.503046670861458,13.967562309019305,13.634296885529578,13.811862808110023,13.874449141556541,15.913609473961731,13.543044069711721,17.0064811505883,15.286394594222077,13.658719790866435,15.946844956077102,17.596940287780782,16.193727316116647,16.640809815004772,14.794757524905867,14.928656731105185,16.488778808705664,17.820220091526803,15.598534300517658,16.26529702932728,12.779908602992963,18.10550730454435,17.166219423417317,16.012455449155578,15.953561335166006,17.22552828063145,16.95117983372265,17.068506513143234,16.553000008063567,13.126004614221769,17.453811720464415,16.633813265000732,8.340519688069955,10.989190662761837,9.158223548138189,7.79767024247684,9.80736807274967,7.798827915951946,8.366871982165195,12.954707264818671,13.260567160489297,13.86614719914119,15.256998317554169,14.945184309401364,15.243918350935129,13.902643605914106,14.391049113015498,12.551481265716893,15.029180855053026,15.849329799063707,13.390400250610575,12.955269040672368,13.593051331121442,14.42231832232724,12.307026550894117,14.49207265329539,13.812631801057021,12.199905019331002,14.620437009923512,17.38940742705058,16.430741722530485,15.957597090269406,18.879837560711536,15.808995858236282,14.443036981062466,17.006763189998658,16.756332732763532,18.51377625325125,17.956638769897125,15.597931114896603,16.226400467300625,16.06121181757769,14.085885330010317,12.893378972876652,17.273273708218372,15.808690870436603,16.882977701678193,16.67377298200681,16.957036423176046,14.430912281354871,18.821543643247317
Var8,13.253515836464427,13.834051431038942,9.322768685076058,11.94755346172751,10.362477413902331,9.056933060341265,10.83792536106419,10.174388859151726,0.0,12.328633288287776,17.429006676170033,16.668404899598436,17.38522734973549,18.210476348265868,17.50669060776525,13.934417117848282,18.528706232427076,14.151400626990398,18.773759947595952,11.98132046437187,13.31221307530205,14.487733413087046,15.82289581793071,16.14677169678301,15.439317589674804,15.305110644787275,16.461604537210523,15.436793544674067,14.750604204701489,16.17422996666698,19.833540299217297,15.150893778098235,13.94936177992196,14.34324731668834,15.339597008219094,14.584282353726035,16.459031508513963,13.665162197298741,12.158608715724593,11.704390739193112,16.659881566582893,17.115853313811126,15.146457034175869,17.213152742846688,15.911262341405482,17.626806776668882,17.517800722008943,19.269616623766794,14.509828630744137,16.220650245977403,19.939079138622304,14.836252144240108,16.353184377286517,14.021114878825408,9.559299114132513,11.069864086527577,13.69689329856503,5.646396111569086,16.534031748370776,14.108751435191964,15.586871082880332,17.313713008677148,16.164263713311342,15.546479968552953,15.915018407327521,16.97784363518176,15.026101740390104,17.824566157145345,16.357615286800353,15.944622702973517,14.09367529726956,15.703909905012607,16.035932298057986,12.449998483063338,16.16341376115908,13.388805042338277,14.100155949548137,14.221612018128186,19.128843371298544,19.58435472231327,13.818900559577086,17.181225595719187,16.320779551812638,13.560670778553197,14.122045747370779,14.573985049806693,17.723235153359283,17.167619515184867,14.066655297833595,14.837309879279834,17.282954543636485,16.65179804699752,13.549509892575214,17.50754446200366,17.751438786966037,18.454936550583984,15.851170014120354,19.122927440171544,15.72085198306886,17.190068274629645
Var9,12.863363524943782,15.437347004057294,12.784279632420029,12.389037154570294,13.380249633812934,11.837676907217654,11.845027117407687,13.597702618586778,12.328633288287776,0.0,13.15869933884606,11.95052696947153,13.099569856731447,15.780252176217271,14.405864606104421,13.913799261149054,16.36593378691862,16.108474703580594,17.553713928950696,13.958701541819797,12.04285069758418,14.100341581851277,15.876906689905958,12.40199683783737,11.672306150715592,12.286164670003423,14.940230629883931,12.471426576226968,11.334211183502385,15.48369767796765,17.4540222526136,11.833478550131893,12.438909087873283,14.23221892841015,13.936276824531776,15.618081640255179,13.221513785904326,11.403929234647752,12.33564907551114,10.987954828102469,16.243710069689843,13.408000710790148,15.04837815622219,14.881732732789057,14.901758567182592,16.214276225302456,15.855031832762108,16.566560984360745,12.488056247803986,14.68119694088141,18.768480490844798,15.924414087227621,16.479846999750773,14.807895979893178,14.08858294412847,11.749725168545538,14.846166397762207,12.720967267214217,11.944055404749367,12.613201045157574,12.787350542722475,15.077378322832233,14.157950559294642,14.368084232549576,17.06841832558304,14.604106711467397,12.838691864716028,17.356429085243295,16.54091473481639,17.982369520390474,15.87969469967336,14.365935106531529,17.08243812326375,10.085023275771949,15.241969625553011,11.555355820911833,11.676275888555459,13.31811642934477,17.651288360898665,17.95780074219311,12.778929767529002,16.512835536885135,15.666671744581471,12.932344948044939,12.798338218551345,14.395984030780776,14.400004129031423,13.581445213122395,14.60111322407132,13.027041646731295,15.702241828598606,16.29537708587165,11.847043648116632,14.473676418441983,15.580242379917262,15.819143366849666,13.29994960431541,17.680580942520788,12.517678488716642,15.09366035103381
Var10,16.95938207957607,15.043642335779795,15.368840359217144,15.01148393375096,15.448270883557859,14.137199277700129,15.74012464319916,15.395520869901832,17.429006676170033,13.15869933884606,0.0,9.41340201869949,13.859397888005672,13.77137745559475,13.902664151116682,16.517168903426008,14.141948985028533,16.420215300663884,14.301478745134308,15.16881687717704,15.950037688880206,16.524526608984992,16.309532734838236,10.49374703690849,14.507522037626925,10.762921867367703,14.150747003574635,13.147362707461301,12.479471769614555,15.642685279550188,14.034014966611608,15.821182063919885,17.77062463504978,16.18878577976328,13.176576993926428,15.734360009515171,14.246744103415496,17.105345572425424,17.328269938221343,15.024828717166121,16.896279468185973,15.30519800062444,15.141147478081571,15.400056471928842,14.853518761162057,15.784622605592164,15.437650914969561,14.125074534593214,14.675617126069946,15.918375715138376,13.673409362153382,14.684416908983842,13.033644383413753,14.16694089969343,16.220072054111167,14.038100243700677,14.536127770372497,16.96768628079401,10.331388722632136,14.733341309884311,13.222807297213986,15.46261575838106,15.558738960149686,16.761376559286894,16.625082648451105,15.203016868037098,14.28566189119724,15.510275400019832,15.550889177910824,17.017586881204743,16.915901151337756,14.173599429208908,17.11922408540802,14.935932432508393,14.682366799572625,16.192946360410758,12.883971168862685,14.738547475499015,15.491064140449588,13.846338604625227,16.454914571569407,17.3336515679909,14.44832650118012,16.101892456657247,16.23820728135676,17.965693549111588,14.059249354577798,14.027171488163765,15.537827817505452,15.404089090920747,12.691275744890914,15.886217361911926,14.153494199212366,14.61505860129569,11.96800184299861,13.09716446127846,14.41225805306902,16.28427070782683,14.392148522871436,15.690136683606715
Var11,17.930942986134365,14.212072375806018,14.538789822213026,14.670586531955815,14.12670727670399,14.143011488666003,13.984445605941314,14.652128587146578,16.668404899598436,11.95052696947153,9.41340201869949,0.0,12.770691076654538,9.196063738955553,10.209329132378768,14.730146889197595,9.63989061832116,14.551431370962261,10.131939848298279,12.369601908546702,13.557558422189707,13.274116564897342,12.763580617485337,5.482397744466659,14.04891201887064,7.598180053041374,13.743283637066378,9.871814118639445,9.843270783575072,11.586168213388305,14.462878912660953,13.955932596515082,17.92048481056249,13.23178635707473,12.42783135031337,13.212159124337434,14.394815055147374,17.614804244649726,17.441118906031186,15.210841891739824,17.860097992506365,14.601185060395142,16.64368570929255,16.63431944502715,14.418358473662888,16.765950174601812,16.916812699820415,13.625320571349501,15.328293596130225,16.7626412089392,14.246861319689899,14.19691592794101,12.257420678537308,13.74635949494149,15.770092682459774,14.206012076472112,14.053467154168755,16.70849078082599,10.086719548599483,15.298847181131844,10.03298442067007,14.265636030886915,12.652030170278566,13.14024957339499,14.046926189840919,12.035202990162562,12.842899683535535,11.642840731385785,13.932171815522828,16.041959082698316,14.132111951842521,10.581242720830934,14.146184414969602,12.868626955481075,11.664278207226207,14.983434310702593,9.923624939007906,10.260177195301834,16.522973108275735,13.888495660796307,14.682046110567777,16.810865964585393,15.934812812086752,16.013806852428438,15.41970565812424,17.732990948629286,14.572366345418084,12.968548078226002,13.09980781062355,13.976291416511113,14.058205161488024,16.73587635620203,13.114533038837058,15.868983912006454,13.787004670909806,14.612885552128866,15.143600936541798,14.57916588848473,13.844347072740584,16.142656509704857
Var12,15.110481897957417,16.55858619160949,17.198460346223683,15.320168199213262,16.149561799809835,17.149566505419212,15.549290110422632,16.050684498848565,17.38522734973549,13.099569856731447,13.859397888005672,12.770691076654538,0.0,11.909248041143526,10.272394699448101,16.1354677074975,12.681697149799865,15.740766103892977,13.82942640074374,15.89488400892495,13.42366868831617,14.575170960552219,14.369388275804845,13.592543349092626,15.129905128870483,13.497447821527185,16.533237981158557,13.628079845214298,13.425017406868267,13.344330524057774,14.500557303556581,14.000806154175276,16.71309659814,15.892792358713706,16.427632079209012,17.339346447841223,15.862925787173925,14.20652703970214,14.802506449550082,16.10862838832203,16.03271471387078,13.669647852178715,15.890949059347617,14.124829447640641,18.152825133145853,15.537868926557064,12.25874014496939,14.211721173244596,15.942220501086314,15.0189283390828,15.520841546978438,16.102104400305386,16.594109238733882,15.549094808977404,18.03715370458683,16.739957736799177,15.809181980866262,18.019225805700113,13.811215571512097,15.497991627610228,12.743465614619348,7.138795596585395,10.309660984334164,13.931406859976821,15.975772389929858,10.756022143769165,15.972960175367058,15.80295379240193,18.061228301486942,18.374490852588536,16.367732798592826,14.282436092437639,14.617525673460227,15.421524742021477,14.850529455350516,16.953206951555117,13.43210464851524,13.291104392240658,14.576093252198687,15.459046655417476,17.019552432380166,18.442538673431734,18.012420521798187,17.396842571028056,16.203268484822324,16.20070678187835,16.98153208419611,14.430147073089922,17.793448532752468,16.445608822658123,15.568574199221672,14.347471219485024,14.73969551866684,13.419363919498387,16.101140826997938,14.996653688412602,14.985884012801913,15.810325662603729,15.646777173654712,16.01212088309363
Var13,18.098646467079877,15.071457062704516,16.901931712654854,15.661358976107614,15.958270964824257,17.40172919933275,15.949447722075423,16.23383494090931,18.210476348265868,15.780252176217271,13.77137745559475,9.196063738955553,11.909248041143526,0.0,6.504877217264456,15.224760626519164,6.479184261566542,12.689445842772304,5.738825161796929,12.664575915247333,12.522132856915247,12.259515608256475,9.599747665378036,9.629935598678053,17.695775056111923,12.534835919879706,14.55850038384441,11.645683165357479,10.670488108887819,8.837232705713578,15.517264298903068,13.511041216749893,18.726085610792474,11.89523208096174,15.359071860387798,16.074097982789475,16.46676747014575,17.53138964129535,18.239405477148537,18.059954228064885,17.71495176694934,15.22060257106136,19.140072814487333,18.160441309442596,15.630324481129245,16.371695963773522,16.514366935783666,12.932420274827942,18.057774110365006,17.555489528654963,13.755870870725854,15.34007745056437,13.660269578316115,15.219957060876133,17.48188905361082,17.064033875986905,15.214097407537336,18.64230268490331,12.957649735443688,17.140356508866734,11.25681473821524,11.745606191489951,9.545246286210068,11.052052197412449,10.879538372090979,8.071777666288899,15.16013818633784,9.237159553708937,13.957850118608539,15.15391083134278,12.465232281076071,10.54033676047792,9.689998551289362,15.040817569674783,10.89367282844666,17.250736506188595,10.699926331855524,8.688261300298473,17.397287992754997,13.619910662414707,16.598338720807423,17.702814893327655,17.202324334850438,17.048345307156065,16.436287665238126,17.030690134792476,16.726515393063927,14.473107303742,15.456248263015757,16.814214803839715,15.71854625233211,17.25730202572454,16.057257537312648,18.084081464622795,16.12636894478901,16.586128740280863,16.61901978647443,13.822725218537622,16.86104695940165,17.020626868684584
Var14,16.782922973835817,14.450182983780094,16.157213601441462,14.775413434248788,14.948832356423647,16.390095093782314,16.023234092153228,15.285217803133508,17.50669060776525,14.405864606104421,13.902664151116682,10.209329132378768,10.272394699448101,6.504877217264456,0.0,14.377607402051225,9.28225995568688,12.850378475636267,9.67178420331899,11.973695493744602,11.12343927454435,12.429220302450512,9.812715408203774,9.920911309309423,16.653329014886992,11.575681562000236,14.882906401665448,10.498753262959237,8.823397073194124,9.291210295130885,15.251665873787875,13.467351079333937,17.745000393363192,12.870963742862108,15.225506654765052,16.78529469300921,15.98117729500795,16.92271833168764,17.606484029696116,17.723985232937242,18.03187043030509,13.608438815671551,18.576209042448316,16.341823234749896,16.597819221084556,16.156581109117088,15.73061854786995,12.605149736222842,16.57354715981138,17.030931271706358,14.148108916488821,14.980963397512228,14.199990166666023,14.500846187818928,16.506422647692375,16.310588318215178,14.957578398207822,17.712163706549113,11.946479414397597,16.353274946101788,11.006148923528594,10.618841273212146,8.855196585315705,11.376900328047471,12.291890579697908,4.711215224312392,15.33120602813417,11.438008194348702,15.483951978471937,16.125519925906108,12.558412927014842,9.873831710744662,9.887648520224603,14.628641126414365,11.427370803415602,16.12798343168669,8.379556391863074,9.06788766675677,16.274374505106525,13.674126388064824,16.16888971593442,18.372081152905594,17.75836190234399,17.131859164218856,15.96661290279253,16.320246421579505,16.636733414247608,13.592154645747032,16.290764571951065,16.734457581714867,15.820105224031131,15.778983005980612,15.24220249403374,16.16035680817118,16.128154200779434,15.669983254266668,16.02478906725903,13.631210982532899,16.01864768521373,16.774948843650964
Var15,10.744089701694344,13.465139770364196,12.80775082057111,10.82975510857709,13.8253366935598,14.289996672613679,11.21550664017973,11.891249633305755,13.934417117848282,13.913799261149054,16.517168903426008,14.730146889197595,16.1354677074975,15.224760626519164,14.377607402051225,0.0,15.098906558231024,9.989245123275328,15.268158241412408,12.930175585435661,11.517936821989746,8.94104181046724,10.79193263510827,14.713016560319371,14.811903346250507,14.502326889245085,16.927844468746542,16.09831524927117,14.45025073459035,13.696767188907485,20.086019874525487,14.482482176608135,12.34959878759532,11.485315409823352,15.69470651319198,16.868024675160132,17.173952552544865,15.151431024986163,15.69045837274114,15.43155002029832,17.9227009984418,17.99713962103342,18.518558073494184,18.038003007690293,16.63830940265137,17.789689602646177,19.054491950908464,15.551168673429215,16.422465305952898,18.414774823803764,18.563351189415766,14.12428794187744,14.538672187728144,14.085229565876844,14.82190461352038,16.564654477918584,14.0733879540206,14.330382490376442,16.09300148235715,11.89178273547947,11.672539149560842,15.58730304921739,14.829529232449289,11.466132162061406,11.915590007451666,13.460597836703798,14.457555749513599,14.409076010315019,16.035746353197023,12.69402922579789,12.425209146746623,14.480522098039152,12.712096796272183,13.23765229212718,11.619732997664457,11.04319916468878,13.054912980045959,12.841465442201336,18.577712178346296,18.663677200462562,12.734475021408958,16.89250714205542,18.600680673047385,12.412722038052701,14.881806021577273,12.999800232457014,17.400154970560358,18.117972072852403,15.648582549017554,16.326635354781576,18.404954761460413,17.470317139750588,15.90225101901892,18.339562177634196,19.169329275278194,19.64272499356602,17.30299385164048,16.41399614121606,17.06215428410262,18.15003332384146
Var16,19.020216502315765,16.066834639962323,18.090871450937566,16.637252093222656,16.816431170269585,18.114319142796866,15.955151355923771,16.935973121424894,18.528706232427076,16.36593378691862,14.141948985028533,9.63989061832116,12.681697149799865,6.479184261566542,9.28225995568688,15.098906558231024,0.0,12.748756162350707,5.539575487715569,13.334494849543859,13.357390197194952,11.808178406072456,10.143603404410593,9.772508795157748,16.842723238898234,12.658720016844105,14.986830998126619,12.316673605960387,12.932955252584728,9.973730669857167,15.12801092661451,15.082110080005918,18.903545946114992,12.236198462990231,15.032524542859168,14.687561493591607,15.892604183264767,18.19189910991246,18.421797796417618,18.64807357494421,17.42432467352449,16.238896765482668,18.834488895745288,17.09123983299561,15.958376974761752,16.551201085565353,16.33598390720649,12.486045571553836,18.098126519422923,16.797582883719148,14.144903819992663,16.418718678120378,13.808021849459205,15.926025740439693,18.0393459954791,17.82176589922434,16.549023664896094,18.88840575769385,13.981769128855634,17.29226900718506,11.650671971594637,12.671175863168164,10.698851051903128,10.682036028894084,10.57268350396025,10.067342404120566,16.0257870049001,8.073776171417608,14.440810195208373,14.745039105986795,12.107462206833105,11.724725958724093,9.830134553968104,15.619003776989489,10.18747443066518,17.500901466252913,12.460172714298668,10.71932057826588,16.644902622474106,13.988435507082306,16.80868893540917,17.170741823443155,17.597242467931963,17.62754603260603,16.66913310696126,17.681750549182752,16.500126194582155,14.519365845922025,14.670584745959198,16.963155160062122,16.291107236408273,17.626009669954293,16.141370186876916,17.775997624785475,16.9765176909376,16.127361646820635,17.133961410413935,13.443900258158559,17.303104698122677,16.557894337578038
Var17,14.72074576756413,11.757704881632963,13.309311869700814,10.55275331333726,12.05075407646982,15.002990320110811,12.107376782093693,11.013475618502776,14.151400626990398,16.108474703580594,16.420215300663884,14.551431370962261,15.740766103892977,12.689445842772304,12.850378475636267,9.989245123275328,12.748756162350707,0.0,11.73806864715549,8.94125968279361,9.671043296203969,9.87451321673694,9.005446899949787,13.783496092216629,17.89188384559592,15.102244438303803,17.609128547704245,15.261597044183896,13.705903597163386,12.92728166899205,19.222205261931713,16.548883601585988,16.05158166470408,8.621414626873506,15.805348660287246,15.36271743548725,16.039404446890703,16.654666872727315,17.199643102059028,17.13590956662992,16.67194397987625,19.040985735923307,18.88817985649521,18.742590861497483,17.409612292310474,18.036138309575254,17.35828905516057,14.624769055985185,16.163304336746055,16.550116279031677,17.584262961167177,13.03856257783715,12.678172844214515,11.32843602869611,13.596234179309644,15.825879386199883,12.195079702221356,13.71072518475358,15.409952616885874,13.391478876959296,11.172344095365794,13.185354754932062,13.100554635256767,10.923111212175854,6.584693387171809,11.567928303240281,14.552682960941903,10.561068743852331,14.027837734310117,9.762411785243728,6.709240531231404,13.259404379254553,8.877176336333504,14.58507669280979,10.894911617513714,14.381138202063347,11.160521591853655,11.752422396554515,18.20407689328986,17.458272999897194,14.495504849891134,17.57272847565537,18.8152969832597,13.526802578507219,15.221578865284144,14.277181641621574,16.675715010362083,17.579515063232414,14.141633856655226,16.89009667116674,17.557346815610178,16.561699044395567,17.012454610705266,18.955153035556727,18.437035969011003,19.48325284695605,17.82782118056138,14.80091800191185,17.091375832653053,17.182088079029725
Var18,19.340790955765463,14.960742586621382,17.350191513586427,16.156708791137863,15.973992789729774,17.714575055467797,16.28256690067859,16.25667903920756,18.773759947595952,17.553713928950696,14.301478745134308,10.131939848298279,13.82942640074374,5.738825161796929,9.67178420331899,15.268158241412408,5.539575487715569,11.73806864715549,0.0,12.698218096975353,13.964423511972635,13.096285832465423,10.632557400728269,10.30044725581633,17.671962086050506,12.99139688314732,16.065755592268296,12.949249365292815,13.195854469667415,10.448262485011627,14.697497618478097,16.50765320222452,19.968665074258695,12.602245390866962,15.799492696363913,15.199312124932712,16.40097338204502,19.31782382586095,19.592187272914025,18.94925191346653,18.01003905551911,16.950128921315855,19.146867823903282,18.29293645741086,16.701831270169194,17.5033809399865,17.011749086244976,13.525469428431009,18.172718243066186,17.584869391838676,13.412420306709693,15.144926393968428,12.369071673015426,14.747225665503846,17.545716391956166,17.484895719787886,15.443513912713914,18.759958289875556,14.044823655705153,17.594006130418407,11.718692300633855,12.998512268351226,11.637739071487985,11.456921283697527,9.41610455153866,10.474446994530155,15.601852272198705,6.546443872029251,13.875845941932035,13.902925966664721,11.190737161200536,11.382218106304606,9.419002494258834,15.816790070745212,9.941544547798568,17.50290834673256,12.323776507099096,10.706142561896353,16.423817529990945,13.596177472310156,17.12912447397403,17.81394976389546,18.101073823511893,17.499640863804164,17.483425866335594,18.200176106481944,16.557219985776484,15.540716598674022,14.716099551124513,17.345091395443756,15.676215076216902,17.300218201084597,16.614479556542314,18.30446357712449,16.651014000290434,17.082633379913183,18.202512537545037,13.592917055340621,17.243680130699566,17.39338839341621
Var19,16.48061773549977,10.283901448328436,11.004273627867814,9.753283885366693,8.907300411143146,11.336487425616241,11.210880675159093,11.503046670861458,11.98132046437187,13.958701541819797,15.16881687717704,12.369601908546702,15.89488400892495,12.664575915247333,11.973695493744602,12.930175585435661,13.334494849543859,8.94125968279361,12.698218096975353,0.0,9.297332086519287,12.054389204909633,11.271052556170698,11.211303897930463,16.582623862838425,12.246179059666135,15.282417478807913,10.895272545843476,10.137488248475634,12.16132285482382,18.523862539938765,15.907757114856667,16.981796379282823,8.800755598244256,13.199746074759538,12.85292189415248,13.552655008471556,17.168194282919455,15.814719715465444,15.514856408222954,16.5607249980688,16.76661889464315,17.373724478126494,18.509744978156675,15.349778889022664,17.82291028323213,17.25641152625215,15.301770561838902,14.59867920100118,14.777179716699699,17.73097558751878,13.071475320744563,12.373849111972154,9.991020731115588,10.853926055564996,12.869243132057859,11.936825479671265,11.840370280711472,13.881306834790644,15.571756289532301,11.682349284468987,14.287854921329563,13.739977354241166,13.366391757288584,10.272488666582092,12.246755886535416,12.743871996847178,11.383689637969594,11.929869977983477,12.261179182266268,6.687363581483339,9.6710297497383,10.943849680591585,13.610549703024592,12.30667509494108,13.546467461790863,7.7661971694476835,9.183169485515464,18.30709526751782,17.17036931478135,11.82731098568464,16.21084047475149,17.482217555160698,12.676744752418834,12.008954664289503,13.844463397701045,14.389061117206973,13.713572232094188,9.95234772757501,13.34519005001144,16.005207475001022,16.250748647039895,14.467035527062306,17.55132027004574,15.90225506543793,17.866514248843934,15.403851355172398,14.279646706886641,14.166458325755148,14.574645896948562
Var20,13.053673917503295,14.088599139736303,13.925304429905399,9.467590281424204,13.000551018951086,14.326872705079602,11.392891049399182,13.967562309019305,13.31221307530205,12.04285069758418,15.950037688880206,13.557558422189707,13.42366868831617,12.522132856915247,11.12343927454435,11.517936821989746,13.357390197194952,9.671043296203969,13.964423511972635,9.297332086519287,0.0,10.358445907333097,10.923032362227179,13.37206066076642,15.29046093436205,14.193700931442212,17.345193163976862,13.400604595938859,11.75742798777247,12.59789627617224,19.49373711099419,13.533992697537204,12.505372095679359,8.340992560733513,15.040885424605433,15.12035427141629,14.02663988932644,13.74818652353858,13.509404222015986,15.509912840124604,15.08675028579956,16.4502827864334,17.649362342632518,18.195974515925446,17.259202429285338,18.16227533873239,15.655990252008188,14.482861065943512,14.544808767517551,14.045666114105936,19.663163111777727,15.920670417782045,16.3620396899029,13.566122085796115,15.091457262047127,15.928930678634936,15.020086438250997,13.876726386941868,15.60118239784072,13.27071877415278,10.081262510284663,12.227285414543953,12.054744653163377,10.123600446437807,10.430472607932298,10.816144586146832,14.20217307154315,13.387714619403885,15.07659806643124,14.36539228488082,9.241209091385556,13.265009545546613,11.39562206792519,13.560648252099012,11.81754800865202,12.902268574128206,9.963560600991022,10.17257746620399,18.028100170107642,19.250007365767424,11.481108705899656,16.104653319492453,19.16938541876228,12.09059884355845,11.677674277651361,11.5527855779839,14.992066206063955,14.870083438457085,13.314625227059118,14.372505321369447,17.487943779455208,16.6595124304507,16.069319011884144,16.589681186260126,18.33669664609032,19.54190646074812,15.922110354518965,15.309399254467037,15.809049115792643,14.189464101673261
