,Var0,Var1,Var2,Var3,Var4,Var5,Var6,Var7,Var8,Var9,Var10,Var11,Var12,Var13,Var14,Var15,Var16,Var17,Var18,Var19,Var20,Var21,Var22,Var23,Var24,Var25,Var26,Var27,Var28,Var29,Var30,Var31,Var32,Var33,Var34,Var35,Var36,Var37,Var38,Var39,Var40,Var41,Var42,Var43,Var44,Var45,Var46,Var47,Var48,Var49,Var50,Var51,Var52,Var53,Var54,Var55,Var56,Var57,Var58,Var59,Var60,Var61,Var62,Var63,Var64,Var65,Var66,Var67,Var68,Var69,Var70,Var71,Var72,Var73,Var74,Var75,Var76,Var77,Var78,Var79,Var80,Var81,Var82,Var83,Var84,Var85,Var86,Var87,Var88,Var89,Var90,Var91,Var92,Var93,Var94,Var95,Var96,Var97,Var98,Var99
Var0,0.0,20.83635049895954,16.107086431261195,22.670322672919177,19.795523701556913,17.886503443974124,19.66282009991797,21.148349160178615,19.22980690970713,18.23285803190607,19.152894599549622,20.990653444352674,21.264212804703263,20.26185921148864,20.156969680660122,15.970550187295814,21.507014701956432,20.531253427429643,21.02856171863149,18.924062853416466,22.06392884963872,24.420535369246856,20.872228666800442,23.276880104098478,14.563152299078352,20.953746813092916,21.6257400588983,20.542019639250658,20.680945575490206,21.420185447017047,19.5705524782551,12.355240520970884,18.347527791523913,21.206491488488947,22.849687198800016,16.638393950692535,17.58272084301588,11.453461062056352,18.111742002932193,20.14779220605588,20.73223823008575,17.702202227478786,21.823421425621394,18.588662595645843,17.870791831288805,21.472717192754455,21.073204530881725,16.49231251490393,11.766927185976167,16.01149263981084,11.43721720461207,18.6954356979028,18.267792151733087,20.753837700257126,18.534389804988482,16.03382518719024,20.042396888823582,20.60462367357593,21.277506107893256,18.81673250959912,20.141600810793147,22.12170717506965,20.688653931401863,20.672270116016715,20.477987003633064,21.029477069447175,20.37724581181178,22.199442983071624,23.41177003715484,19.083685116283007,21.202919103417425,23.56345344220516,21.70154285686268,18.973262476263525,22.548602414890507,18.17255268887245,23.819595695913033,23.294862698208103,20.654158010672155,11.939513659626346,24.308101905942276,20.632167772359104,23.04205238917195,24.624202124906024,23.45185352229292,23.05362014184351,18.896481930223697,20.759875029562888,17.373120465437243,23.949236812184402,16.073693430306854,15.231853437017973,19.773307771094895,16.153055200263346,24.034848550642113,20.343041902012754,21.64062357373911,19.523961083566824,13.54203280696959,15.591798317862112
Var1,20.83635049895954,0.0,11.648445576333517,9.499030065633816,8.004711402052331,12.34126588297898,12.173693717115182,7.956292163381828,9.656058519615474,18.629172470740517,19.229242118782302,18.24279434596093,17.586329316143136,13.943233170587968,13.397133457416295,13.583744899232642,17.522192446517515,10.273254867214888,11.557121905566802,16.255440913941065,13.308042874379687,17.612198043249972,16.143343922454033,19.178098804512214,20.891694379103697,20.52600791570494,19.668339179266038,20.280379916107623,16.18491359758517,18.031136625975016,18.685629332833017,20.074708507172144,19.38907731794178,15.221671618563372,17.55652109333201,17.323482948498174,20.444315771250448,20.36707020578097,17.09016769942628,14.79623829192722,15.982223047584931,21.00715968054879,18.794674393707076,18.598357712977247,20.305468405750766,19.048630989649624,17.54925185387304,19.68054949730656,17.012563823799365,18.253163911462877,18.317048844016597,8.35922061310001,12.125160920324998,7.684311616838775,10.199523089688997,11.776679092633957,10.0007467122118,9.298331897005239,16.859895859530834,19.22420131430675,18.740309140387904,19.808943507620604,17.40992867490832,12.486959088103603,12.03449421653031,13.603383200423881,14.22550567562459,14.111693180475555,12.484632997845642,13.07537304703149,13.056659568945323,15.469665425703242,14.667435511761001,17.029830324059695,19.385871014537663,21.132211779350648,18.976192562334937,18.0780365605406,18.243171153666655,18.791862315369045,18.623980717139727,17.47153021821373,20.92128344904824,18.718531608806774,21.07392356233279,17.83893411483454,22.66162236803057,19.510244390632366,16.69751965895339,15.237164746303533,21.42933858603957,20.659554587249758,14.783278487917967,19.928388016211127,18.798313832520158,18.49952611950327,19.298524125160423,19.34427336832071,17.053275851051573,17.807104522943362
Var2,16.107086431261195,11.648445576333517,0.0,15.392502828770457,10.775112933277514,10.234188589562017,13.001694834638483,12.444010583924257,11.07265206154714,17.113205236494505,19.1192859207717,17.468148394303775,17.8898430923732,15.701069631206563,15.932573407327219,10.688263507047333,18.471474059294074,13.835856530011569,16.694618777512424,15.753349889643758,15.355900623388075,20.018379365872626,16.998844097367492,19.189080033089823,19.40217904390896,19.84303560519916,20.525063632409303,20.418492133125408,17.236080582373784,18.773836409202623,18.455027108637506,17.756452324738046,17.52009998293705,18.077949644669307,19.606220008764318,16.604750822915122,19.6716091297544,18.07395151161296,16.169793879643407,14.406085569533092,17.358003698697523,19.962657835080865,19.267080935100562,19.1089516913557,20.084764433938076,20.343259938100616,18.866142335210764,18.59385103460192,14.849741975518393,17.527210758670993,15.187430150359368,9.156885293804162,11.512294622458601,12.12945979376429,9.457894734786517,10.691191152198476,12.84300720765414,13.244054585235546,17.055801535345307,18.727866463716243,19.056010723501377,19.73721380147634,17.7069363196455,14.729778028887917,14.491597547575507,15.624192557761035,14.765208103797717,16.574226945080305,17.197868013782866,14.959163842979128,14.566814604146495,17.651196695758085,16.088137676926433,16.5850436304652,19.33947454049786,19.528564920202253,20.52163193530423,19.53332675604389,18.891634299449223,15.882211513831935,20.877453518355185,18.906294965131867,22.501115286604147,20.869581398279124,21.716169596587118,19.527889548411665,21.507350251942512,20.264556806912793,16.717624352140138,17.58041343425927,19.850454287415058,19.127611633237095,15.17333961801666,17.956424004827284,20.429887081362512,19.72283369143558,20.30312308772541,19.426990348221995,16.02263435593776,16.96866370866602
Var3,22.670322672919177,9.499030065633816,15.392502828770457,0.0,10.495586797247785,14.846696985735845,13.56191109458789,8.340980968624654,12.056464313661916,18.929374741395804,20.35574931500554,18.7392383315339,17.4551488203892,14.788501049965367,14.82706428390519,15.42632440785997,18.41274778845569,12.586896073662393,13.570720402904668,16.550640513386234,14.283894640909653,17.9472000706816,17.762799212127053,18.69152815499634,22.13321710168294,20.7774635114322,18.968167441739578,19.87476606699218,16.04185158348804,17.797965531375617,19.45604767629686,21.01570842035136,18.864404422866453,16.284593235540182,17.103277845721955,18.340590076264245,20.24207919299774,20.855451419494035,17.800819705108548,15.140501539758233,16.095728157193122,21.138846115234085,18.801005871792057,19.187931337310708,20.329628380551814,18.828798578639375,18.45639716162246,20.16223623623004,19.501091413801618,19.448132066655077,20.75560079867652,11.836558802856796,14.221747787610099,7.591028506232198,13.12142086575449,14.911518615794185,11.700440799805314,11.075687407287452,18.50123990863992,20.259317458006198,18.970453708138056,18.67516449400962,16.325717752837253,14.215846626771462,14.169392858153284,14.697097503966711,14.60014707472527,16.01908352306706,13.743817879139938,14.983252166524693,14.782889120626761,14.848361048152048,15.427001012888434,17.228264251697077,18.729938376779838,22.12165980232788,18.30866330950298,17.239154311848683,18.555211912508565,20.42490670026709,17.64327283818938,17.72434736340798,18.349214131952237,17.14207325892835,18.492684412705092,17.047876178283982,22.22791455472287,19.419208157491063,18.03621612951359,13.913676692007288,21.242063618464105,20.540256571471698,14.233108912963653,20.42087376165501,18.147023215722484,18.337904616546222,18.719152899211416,19.191850862046397,19.072064107297663,19.47856090901004
Var4,19.795523701556913,8.004711402052331,10.775112933277514,10.495586797247785,0.0,9.585528266385065,12.545493786562385,8.566991763134041,8.177814436653438,18.656743299734302,18.470631312364407,16.978007725941623,15.818593703448236,12.990634455542114,13.421490439484048,12.011184339040586,16.19536476735151,10.69201496923447,12.550459357776532,15.466481446367213,13.240059517492988,17.669486805074563,15.575056274441796,18.350451666660035,21.757805369522032,20.472638461240493,19.02966235328765,19.159831808493028,15.836974307689625,18.10711849535326,18.35701176793177,20.18533382900879,17.25948205261021,14.569107927732242,16.660852393346307,16.565620853822285,19.04926069844266,21.264800636093184,16.664690010447174,13.950498317386014,15.329841838142597,20.851318877310838,17.539830084226963,17.588603760281003,19.42130361506848,18.044469691762213,16.292463470688393,17.880919692896576,15.45873634820834,17.0983283761212,17.662975370535666,7.936979187100011,10.980535862581506,7.242444463959005,6.642758705212224,10.14205486566675,10.161896272089074,8.48962093711795,16.88511484199836,18.18830872139099,19.37889488911352,18.224348066287018,16.370423148620986,12.852622138379335,12.838246163044902,13.360590119713677,12.657387873624968,14.49442438886377,13.59093781664465,12.796832993475787,13.414692166800032,14.273372305369447,13.5728628963595,15.858266692783447,18.754234498170334,21.621211209493225,19.417053602880728,18.0649339889295,17.80668447661908,19.211424028174793,19.22672239457796,16.477646245823223,19.827564777672922,17.27259285603373,20.886581003130157,16.20028600645417,21.60369363415661,18.355608895851184,16.252821715100822,15.835129931732073,21.817509139928838,21.557151311052415,16.154902972897077,19.26687381216086,17.784631070314955,17.774680493642002,18.283950183791912,17.914382287930383,15.688457503505653,15.905823365725462
Var5,17.886503443974124,12.34126588297898,10.234188589562017,14.846696985735845,9.585528266385065,0.0,12.741689391371944,11.062815060522766,7.246638509340248,17.344173664140705,18.841514093196373,18.390891792863414,16.025677531369492,14.220197512948088,14.461809403758144,11.950379182435773,16.769694962746488,11.529415373272164,14.588208414795277,14.433789120268907,14.61445421149337,19.967238956044458,16.284696502483705,18.885613388828137,21.53901216824028,20.88331559867666,20.434083898908337,18.890895414366323,14.772816457308044,17.928030850138644,18.333350011269882,19.595869827586707,16.701665849178,14.152459135375986,19.71695690400567,14.4730593660338,17.242432102369786,19.80735539211894,17.045254489039635,14.961148071258462,15.51301537375685,20.986891081263998,19.772096593262415,18.312263736856675,19.6280525094883,19.697309730192217,17.45508589973525,17.192977814921637,13.225950853170737,15.498741431274743,17.186128654358264,11.76469935389149,12.056725679202382,13.156998808298455,7.362373364076726,8.633602540376076,11.81624262198044,11.13679011665053,16.322589292772825,16.820500177177,18.274830786819287,19.004297206020635,15.975653536749485,12.984332557976694,12.39677144543553,13.781681296438482,12.877370998767562,13.279094111778527,14.912900930914125,13.349633108669051,13.20388637440622,15.289324371804334,14.459576620873445,14.130655128922882,17.65343211335412,20.213205007774505,18.797130310894676,18.189230581096453,19.36991946990574,18.368834939230204,19.92086352682075,17.02778673167824,21.58317832712073,20.198481679473453,22.70583823617636,17.46084719935002,19.61955500257345,19.050431387860197,14.88549665766973,17.06497397440424,21.207307980859163,21.2700512123825,17.595228356302346,17.706139273235596,19.958854773143532,19.285225642968214,19.81876994903366,18.050964465876728,13.59959058285861,14.294105056731905
Var6,19.66282009991797,12.173693717115182,13.001694834638483,13.56191109458789,12.545493786562385,12.741689391371944,0.0,10.518044515344359,10.434178095861773,16.979509522508376,17.96968569195692,17.644928607627723,17.451261350815198,14.883493500815334,15.002188979372315,12.260223219757732,15.944498807688044,11.084887197364596,14.662269071493313,13.916238090281887,14.017919471115588,18.392278773945584,16.275351155158287,17.555645017945817,19.47414264890557,19.2021422942355,20.846446303130875,20.67812325458958,13.48772370411788,18.57263360797857,20.513931396714412,19.10813921023627,20.673377271228873,15.397599961229263,18.855203554798457,14.897289584177893,20.231196389091696,18.46045207573649,18.59116023007281,14.870091816346704,15.696387210724698,20.793536249378374,21.010123537240396,21.181848737351128,22.24598725087756,21.750004611580074,20.12271978022678,20.431673366789816,16.92837095675386,18.753057176885868,17.931246450329805,12.416003826147735,12.34911538237814,12.51597398820912,12.006196025448748,11.214001370701162,9.668314874930498,11.70440678501259,15.7102873458115,16.575791183047972,16.362377430624015,19.51133232709431,15.225990381460019,12.566099216422264,12.503642454864496,13.91825167307198,11.726743705237183,12.836759054150795,13.546323074874701,14.199680732891657,12.226153789844773,13.871527629341276,15.78215434895872,13.783289601754399,15.897626802414417,17.42782761658677,16.709741345227716,17.714877584433317,19.683394120044174,18.54738953978777,17.699720957130598,20.000965530109063,23.062747492345036,20.19993178026398,21.826323995747153,20.493482403386363,21.772064370389984,21.790730389150593,14.68291084274282,15.444455127108837,19.968429720112525,19.18162227406113,14.485522060065522,20.18606353318938,20.658808788481455,21.534393127522346,22.125849648590535,21.134292893413292,15.94376338479109,18.44436857727665
Var7,21.148349160178615,7.956292163381828,12.444010583924257,8.340980968624654,8.566991763134041,11.062815060522766,10.518044515344359,0.0,6.617686197324385,19.032120435528455,20.24576089431129,18.907740323517373,17.122205319655944,14.40629386555905,14.188728109531832,13.798339234772772,17.48110354482776,10.140973306309833,13.336096742550838,16.7809295711026,14.974237032257378,17.60459952565073,17.38243096731956,19.197435968940326,21.394146221137067,20.65361731808651,19.914028663526732,20.021831974971484,16.372611685613467,18.468812361740024,19.39203189046998,20.21058437633451,19.803787098203355,14.83649515457342,17.719648645692136,17.373112678438027,20.517965222918857,20.6426601713408,18.250331756793752,15.14507838319136,16.054197949961186,20.546793538450743,19.324960458163268,19.728369832981247,20.739020118069607,19.753718908027444,18.220579308039085,20.483455315562264,17.857593574013393,18.95590736012833,19.29295698588951,10.06732314184688,13.145655488972544,7.911928468697311,10.036721091103711,11.702992518717387,8.245934570544131,7.650377850448647,17.848324131286873,18.43424003919393,18.48848471939439,19.618601479757395,16.77072388976913,13.354556515700377,12.996353536028915,13.906140485726528,13.410497707849196,13.445313127803336,12.859560616110931,13.973288606571552,14.43193309000874,14.158212464252667,14.864925552880253,15.74398520748226,19.28662693729864,20.935799923390167,18.877744874468984,18.23894111664164,19.056314568974834,19.331972271124023,19.14088131606101,18.395435962868696,20.68101295314874,18.582908954174155,21.457541033806546,17.92969428379952,22.753701442439247,20.451934199611408,16.970425203588842,15.205856331258357,22.015700056397307,21.145730486939915,15.443420434909306,19.750335326620846,19.026508536443348,19.91840901679802,20.189403110966165,20.438552772699808,17.514964114143947,18.559158660246133
Var8,19.22980690970713,9.656058519615474,11.07265206154714,12.056464313661916,8.177814436653438,7.246638509340248,10.434178095861773,6.617686197324385,0.0,18.818784495870894,19.723306272698565,19.14065113811904,17.03151535705362,14.08579540388348,14.1555044371899,12.509127011240821,17.25299661295794,9.146471013980575,13.768671637806895,14.890666452477765,14.268731691071709,18.799145424688234,16.882881447911586,19.798747505285434,21.154128842073668,20.919381368011884,19.877525999320895,19.009343915651602,15.263711970177622,18.770365842883102,18.379018962332626,19.661228707978037,18.374246033890717,13.643857452897103,18.479902875156775,14.810450627956426,18.366102018072812,19.795422393087474,17.399297236805275,14.643893833719014,14.869734788518059,20.942290348797066,19.488563156929416,18.298133951861615,20.089084994384226,19.270846491788287,17.256266915633912,18.217619855634354,14.68757127549542,16.320982455116365,17.451066780847466,10.49385589068638,12.039219435842078,10.589949700993182,7.039214749064483,8.416978596701272,8.799115516450899,7.136557343554099,17.154004695227048,17.705757766596076,18.89871839707071,20.00902625025664,16.996466116175718,13.373970887405259,12.192583648334077,13.703023457947385,12.106441812853836,12.848674843720424,12.953751821980624,12.232853199942962,13.24984386598678,14.948440089345569,14.710976813561167,13.941570213746179,18.958259317021316,20.725039931373736,18.69895945654938,18.939485860984263,18.558132748690394,18.380830675777116,19.879641525848086,16.989948611690536,21.676102415542026,19.811896890911783,22.59497794022045,18.08418364708512,21.39421261851636,19.4139076950374,14.898445694097592,15.944922157130806,21.437899500432728,21.23735249288851,16.354090807435327,18.48621184435307,20.057082131745876,19.16994454379518,19.910776814885615,19.48044205807405,14.610931289505123,15.623832186368501
Var9,18.23285803190607,18.629172470740517,17.113205236494505,18.929374741395804,18.656743299734302,17.344173664140705,16.979509522508376,19.032120435528455,18.818784495870894,0.0,12.14331852933386,13.695593249252575,16.94410474820373,17.45225714567013,18.144172260193713,15.99140833540387,18.590654574528596,17.81218137174771,17.473984884987136,16.11125553622465,16.711729178901994,19.72950892360312,19.359245616117533,15.77547663170698,15.891894741199378,16.512075946099596,20.81461216235379,19.337563347409517,14.580149451290806,18.917153234493217,18.703344638204907,20.129927266342555,17.826669964955066,17.757329988321683,19.708695584680097,15.65509795174379,16.956773655192894,16.07022916250715,15.92954578270327,15.660124997609724,17.92772676007578,16.352398012753973,19.807534730264496,18.766772687814928,18.80577595596531,21.219321169606477,20.641992747996095,19.534097919613522,16.81144267856004,17.023765465615835,19.006379086471323,17.380920256548254,16.341284884906543,18.35628418276911,17.80735209780979,16.722313459963356,18.528051778446592,19.54959968792695,11.17514416034437,13.307185597761148,11.912402161236129,17.901148639743504,15.65913779608568,16.637324741409525,18.618717488626547,17.710428445150157,16.480253920199768,17.372831762882097,19.195681661603864,17.888687448825753,17.268348283388242,18.013608855956072,19.801668702107808,14.637236367255975,14.094642802787904,14.54023612286219,16.334460442731345,17.552200575859395,19.099836552509903,19.51672402985481,17.01454646743196,19.090776842211373,18.54581158923261,20.628417219876866,19.770940419816675,20.615688021633126,15.356264374157602,20.24435156029432,16.10034155935051,17.102858121619324,16.806443743642355,16.14854504591501,14.598195771567152,16.928737828190773,19.68401199280508,18.062172972361132,20.43826685334049,18.96531208298645,16.63744778488663,16.543056414963438
Var10,19.152894599549622,19.229242118782302,19.1192859207717,20.35574931500554,18.470631312364407,18.841514093196373,17.96968569195692,20.24576089431129,19.723306272698565,12.14331852933386,0.0,10.770699624412524,14.515603864642294,17.192096852726433,18.24590736380733,16.170748849537556,14.988440123671152,18.23601821319616,17.067993501396046,16.88809916578553,17.392807402989003,16.5529496368783,18.243185293038135,13.748685678078385,18.06990830897351,15.06638735371356,19.66987399338424,18.471988333880326,15.681762080078753,19.549731676213028,19.114883505563824,19.9486859158078,17.44687192438037,16.144394524246483,17.126296892272247,16.532355104462493,16.51278400272104,18.972314083779295,15.651221553216995,15.116989955149153,16.601886495012565,17.75307875620395,17.925062598247685,18.232497599402706,18.954670384602842,19.404428595077345,18.551632999898473,18.922970216397978,17.224321233452315,15.992828896206516,19.21660877228777,18.3010488862099,16.526409923082205,19.08601660546112,18.357859164594508,17.771407971889207,18.381617283009003,19.444718704902883,12.614751875358797,13.545931058599498,14.397552324186766,16.597675788090857,16.4919759731424,17.18424198257882,19.223258431081238,17.79791588524671,15.868873199088007,16.48659894475655,18.338682222510524,17.736185110873187,17.18500718774352,17.391841173113683,19.457295022732104,15.998915637596783,14.525351363290646,16.440892859772113,16.631936353417856,17.522308212748165,19.60485529498957,20.3986211375844,16.213804182363877,17.34479188273879,18.51671065449377,18.034152735779436,19.55216539757878,19.82056109166602,15.36480598702041,18.461882255898313,16.885391106792163,17.000667449795866,18.92600464747842,19.039934221739856,17.280676638497617,18.80975087783066,17.89836093140308,18.07984299826941,19.36392296548405,18.741902924067904,16.907243013200794,15.98338680981497
Var11,20.990653444352674,18.24279434596093,17.468148394303775,18.7392383315339,16.978007725941623,18.390891792863414,17.644928607627723,18.907740323517373,19.14065113811904,13.695593249252575,10.770699624412524,0.0,13.036666014406384,15.134220116461606,16.951845355203115,15.21726587964389,11.92077032919606,18.00475526001509,16.33895292881015,16.93881987666809,15.549292063388654,13.45847224615219,15.97039575559224,10.274832021835984,19.963802854939168,14.323453991674898,16.99326251312658,17.311631411603777,15.291510033075324,17.07377945056004,17.49142383790125,21.34927218074134,17.670976983329645,16.728158142800076,15.555032847183188,17.241553414289875,16.114340131695002,21.005438890529362,15.103527188047362,13.238817873963601,15.355990163205822,18.10914013499899,15.100134135708362,17.09354420094062,19.46653665809935,17.312922754860008,15.937408935566584,18.521904880247856,19.06208982932649,16.541612345964015,19.320922933482834,16.55715074868141,14.991396265911824,16.5322752512794,17.183445240699704,18.750385087452518,18.127773426445078,18.78558195991705,12.06100840446947,14.819422364062152,13.731954439359528,13.039345074631033,15.177304952204535,16.618263016478732,18.862280422890684,16.452255088200722,15.127600217468126,16.535683772758443,17.704403071821293,18.28374795949525,15.87307199476734,15.251290034809868,17.72917540674501,16.25797539346401,12.456636585224443,17.546804505900074,15.4125369467498,14.087086035165648,17.207947328604394,21.442808377039725,15.01093372268777,17.00068609099996,17.03473424151951,14.90295432789642,16.627191173866343,16.797292243899413,14.98611572780461,16.352102585841692,17.70408594481782,16.149709358134746,19.638727645077964,20.365406073064474,16.79856212394488,19.335918318182568,15.30447169595254,16.509768622013787,16.976411448080114,17.30271329499371,19.54326177732939,16.664799320266866
Var12,21.264212804703263,17.586329316143136,17.8898430923732,17.4551488203892,15.818593703448236,16.025677531369492,17.451261350815198,17.122205319655944,17.03151535705362,16.94410474820373,14.515603864642294,13.036666014406384,0.0,11.513306227968124,14.072013636530055,16.70617781763646,10.39968858075742,16.488381906326527,15.13085509415378,15.208168052304543,16.277818927537826,13.46684091074997,12.80303047519515,12.997935429544382,22.089211434630137,18.452477205048996,14.697452403886617,14.766355309739831,14.389587091900758,12.965495480711711,18.135119413956872,19.682728233983493,17.438517532388264,14.979510263854278,14.615500732251403,17.207970659692705,16.808310989398077,22.509003709408272,17.884435903759606,14.010360882726584,15.7838669465473,19.56396391935584,15.619726659663472,17.313970943945005,17.524310583341965,15.925340941585096,15.186523548685141,15.697637010102003,19.170953981917457,17.448559020240793,19.930094858095845,17.670506287580523,17.021293101689388,16.661911361976426,15.925436263825663,17.488275564194776,16.84489401458339,16.83860624091814,17.06225493744506,17.684013456986495,17.580623495506313,9.971766457780873,12.115514018272616,15.021789216223029,16.55130757343731,14.179391102777466,16.297926466838035,14.661427808745882,17.785058394553133,17.39408658642643,15.178324598312205,14.556639085555817,14.522003550621804,18.46103920589984,15.768397255369905,21.371488546880723,16.200148321465434,13.523748623198665,17.831839980985386,20.39682786413858,18.339884742189184,18.205306238551056,16.352137887033155,14.479471757805443,16.939170792354883,15.986196731187587,16.997752845574002,16.23274636521226,17.100463720519755,17.96023146792555,22.784469848251984,23.0062538854842,20.502200836518462,18.90198332093884,15.25273485623413,17.105099768910584,16.145147346730585,14.78073935452465,18.8218345862682,17.26255512869354
Var13,20.26185921148864,13.943233170587968,15.701069631206563,14.788501049965367,12.990634455542114,14.220197512948088,14.883493500815334,14.40629386555905,14.08579540388348,17.45225714567013,17.192096852726433,15.134220116461606,11.513306227968124,0.0,8.566282221831148,14.373105529461322,13.13338065540954,13.993942992293137,10.552172931697308,14.621667118280346,12.854317254094962,15.468711783202913,11.017394649091656,15.851094127278673,22.09267755952952,19.735755440009733,16.442738492934332,16.587874693295557,13.081125182059692,12.97018915825982,18.10401705857035,18.037384237131533,16.722729967570444,13.098446547530072,15.382479928609923,16.970962917245817,16.942296362452648,20.34400301294737,16.88599074886154,14.299976401051948,14.523153164946297,20.841517154982267,16.83460263007673,17.25032862599045,18.32445927693982,16.80404769804713,13.95796285756039,15.440039644162871,17.42002242494331,16.722808255824848,17.300272798341307,14.070529167343917,13.972020827649773,13.356366243009063,12.805159643651026,14.886731097435858,14.979866197359073,14.259386414656655,17.47524309488413,17.609658194075877,17.009792916524084,14.624159271508338,12.858413848572036,12.07182584602231,12.546006638568997,10.384519032380181,15.554948328437206,13.952476714129272,15.498869824640376,15.804337739020351,13.475932923863954,14.80954254887502,11.932236137521143,17.624337337721368,17.036437866214158,21.89264064778517,16.373685948596655,14.269183593189759,17.306582855255005,18.21612845232139,18.6780496482363,17.492463764331994,18.59864979017293,16.912991758751726,19.362516464299482,15.958929116591204,18.85670103371727,17.31208168911113,16.658095024757987,18.079437491435822,21.938756154390067,21.829692987825688,18.893750427700134,19.08346203689008,17.924483146286637,17.354116655411005,17.28961752575296,15.266719429245887,17.38159026601527,16.881468788354578
Var14,20.156969680660122,13.397133457416295,15.932573407327219,14.82706428390519,13.421490439484048,14.461809403758144,15.002188979372315,14.188728109531832,14.1555044371899,18.144172260193713,18.24590736380733,16.951845355203115,14.072013636530055,8.566282221831148,0.0,14.506211079536282,15.798492316315935,14.128424292484873,12.511420564503245,15.771744183841244,12.475805301341886,16.367048082787313,11.36893413390742,17.374667768555767,22.679180724409207,20.096140817281633,17.591531348005375,18.190601820112033,13.502732747364497,12.684856396682463,16.61082474544308,18.222849818886306,16.346691912325877,14.24171068178684,16.11863055244746,17.871435322972086,18.12457533123392,21.03705097793106,18.34772226747352,15.57607730735421,16.413105243892893,20.154029368197797,16.401850324342604,17.946419549338113,18.06245808103528,17.891941065936603,14.622297978089504,15.791645947653437,17.678320080058842,18.00479731499463,17.2427783641551,13.651752031620267,13.905645503986047,14.06988611328979,12.727181859765006,14.505126219483586,15.781699890902118,14.68574579870759,17.936238965710157,18.065247381525413,16.87975710266703,14.991469976559449,12.07010323096121,9.516856841951371,10.889416269512765,6.3088259537827724,17.41749203612436,12.823931418154196,15.143274499433426,16.829528781291835,13.277717916055122,13.642243650163557,9.746405674212731,17.84639008060687,18.025514890657416,21.4258306159114,16.47530884772711,13.775936661167243,16.37719721412188,18.319094339445822,19.397441338735867,19.034931634285805,18.50993862515614,17.4930145315134,20.088411882730195,14.997093620434871,19.795188647657312,18.360473298778658,17.914589205524972,19.02172959968701,22.60018983584163,22.5345472369875,19.302758902787144,17.635551637898843,16.93828788587534,18.270048408790526,18.148054335032334,15.390577384801535,17.32567692917859,17.98979392766074
Var15,15.970550187295814,13.583744899232642,10.688263507047333,15.42632440785997,12.011184339040586,11.950379182435773,12.260223219757732,13.798339234772772,12.509127011240821,15.99140833540387,16.170748849537556,15.21726587964389,16.70617781763646,14.373105529461322,14.506211079536282,0.0,16.711788355748567,12.402321799300541,16.135817154553532,14.667171796628804,14.90108942265002,18.776642748982237,15.48527669526297,17.01926536810989,20.040164020766056,19.125186985916642,20.224157441832563,19.903160484890126,15.460787895537619,17.647967289219235,16.574089557449813,16.942773996898737,14.374271383271587,14.214595842410262,17.827678143946237,15.275686146615778,18.10802261690624,17.64485285471142,15.689761167969472,12.885836817275365,15.314848852928629,19.830806295746147,17.562640608444656,19.143069587082472,19.260763212123905,19.881132861985844,16.406438985875017,17.329878384404946,14.747738261203862,16.335002788835578,12.864000334315202,10.090901063854286,7.039579834626039,12.677677099106427,10.819271809501327,11.759582103833296,12.324016200454741,13.351025271308378,15.747388277386657,16.426637154960677,16.529832055133532,18.335404310241547,15.81221541042325,13.269950201364797,14.24555375546147,14.078751904199606,13.222319778848863,15.422215539984965,15.262082760057348,13.7024750449828,13.280948071150501,15.65695231063587,15.894670210701898,14.851230911598146,16.71393932601123,19.28421562044786,18.95071165096271,17.771483111566077,17.024237501143965,15.984204423752274,19.07185860793524,17.335956323707205,20.98435362859017,19.809584474061904,21.617081393477726,18.75080333925093,19.954655916586397,20.196583345382972,14.822783049884231,17.197305869471112,19.9820434319424,19.521351583490024,16.117316419163483,17.408538659308988,19.74989141394614,20.27972476772144,20.02113548245999,18.67779645331131,15.206010486215806,16.071195101624568
Var16,21.507014701956432,17.522192446517515,18.471474059294074,18.41274778845569,16.19536476735151,16.769694962746488,15.944498807688044,17.48110354482776,17.25299661295794,18.590654574528596,14.988440123671152,11.92077032919606,10.39968858075742,13.13338065540954,15.798492316315935,16.711788355748567,0.0,16.09700026767509,13.875706588880503,15.683591418240512,14.87930773782621,12.395615939346419,12.851755665873386,11.307869517364015,22.279184318207854,18.254467087019634,16.376966855745362,15.676815873330254,14.24439275671169,15.07902107095435,19.742436628841396,19.928451374828157,18.47563562865077,14.03052518925901,15.441326383865722,17.29172326496068,16.75914040791233,22.480488391720918,17.408155271869983,14.378839318946003,14.535849705716423,20.731660043696962,16.955533936049363,18.13021139934706,21.22630231765555,16.531546952685474,15.32124355171881,17.316633003024744,19.251380453981714,16.65740554124922,19.935741474443628,18.241102063562206,17.291911010843474,16.976837277316157,16.359226144940504,18.1121521959254,16.565780328558933,16.817837070024556,16.609043857617646,17.7659597152968,17.414932647904905,13.85910101410135,15.206045478795602,16.476342795722505,17.19729640091872,15.675016883091091,15.223759169653588,14.419744801267305,16.48410836537962,16.917507677179536,14.149615527777346,13.93749637185998,16.1507139181062,17.685472578901074,14.15995944120806,20.44034224248733,15.778748756437858,14.216402939523316,18.54679054292101,20.948273303879365,16.887230424244137,17.86157506312397,19.582984298394436,15.006009186204759,18.53301341995289,17.274264911640287,17.25539013731276,16.667487275507572,17.146141157452007,17.61999057415665,21.938165346310942,22.08320188293143,19.54517465503284,20.60735901086685,16.227583141159908,18.620099902089652,17.25327419706832,17.52814940051178,19.306229002311724,16.77492455293984
Var17,20.531253427429643,10.273254867214888,13.835856530011569,12.586896073662393,10.69201496923447,11.529415373272164,11.084887197364596,10.140973306309833,9.146471013980575,17.81218137174771,18.23601821319616,18.00475526001509,16.488381906326527,13.993942992293137,14.128424292484873,12.402321799300541,16.09700026767509,0.0,13.670391117044396,12.050899199522018,12.344268157064597,16.9670062782501,15.581156730846896,17.238124951031715,21.400333993009866,20.436385837393445,18.441652772025872,18.38471748402675,14.702514238955152,17.665590040161963,18.509913561430988,20.25753631686297,17.038956094062225,9.965007233689024,16.59343510483221,13.164618394798545,18.377725034996164,20.410780602468265,16.716300042310294,13.709225123480632,11.951606248169226,22.082357880971127,18.241379852140582,18.356454739696865,20.74042643177877,17.513497353336096,15.85186955809762,16.981845242312982,16.631700309320934,15.746793001469454,18.53449824667182,11.840373977187289,12.3946412843181,12.111201160432898,10.521553097620432,11.62958618706264,9.71776784465442,7.63247418238,16.5388253787128,17.8897195489463,18.69790812105684,18.943518973444295,16.642519530133328,13.472849546274407,12.90355935148243,13.642200714184547,11.648075244088798,12.778065999126268,9.742495368082166,7.059818548043123,10.051697367915889,14.782956743155372,15.645805880593024,15.219381410758174,16.981316202928223,21.294799014353078,17.425649083318852,17.74137403836246,17.857983525047853,19.37864497652832,16.599254751944308,14.48457017593998,21.019021685748744,18.76349116929219,21.15430587423384,18.34671957129531,20.887987258427064,19.21908329032493,11.504445957444261,14.33679622994045,22.07962310175404,21.809303173993683,15.994917817644495,19.58491854970766,18.780646941140112,19.16272805189129,18.687203619986576,18.523269557908968,16.17434029934326,15.715343822560348
Var18,21.02856171863149,11.557121905566802,16.694618777512424,13.570720402904668,12.550459357776532,14.588208414795277,14.662269071493313,13.336096742550838,13.768671637806895,17.473984884987136,17.067993501396046,16.33895292881015,15.13085509415378,10.552172931697308,12.511420564503245,16.135817154553532,13.875706588880503,13.670391117044396,0.0,16.159515182451646,12.96452558398548,16.983598227306604,15.216614712497556,17.62175932314857,20.367501166712934,19.071707930137926,19.897210824568827,19.71014361400453,13.927344113746795,17.427101621255886,20.039463511086275,19.740697301224696,18.95949226742421,14.192363485563448,17.9011947224743,17.736110090243635,17.671915106236657,19.915407907369296,16.745786445868855,15.40218080009275,15.555811323413193,20.91496381491196,18.46326313588148,18.56527610329001,20.31395675574542,18.935856174379758,16.892439043941792,19.030515758601975,17.604087734853124,17.099169956104756,19.80477477137113,14.337265825147055,15.746732806253195,13.258290448447552,13.638168497510978,15.241578254334934,14.93420554345858,14.52831867571125,16.00982272778487,16.547141125689244,16.47214298900868,17.30696593978755,15.273335225637025,13.221699727079539,12.672649443511952,13.444946151924366,15.6989582340426,12.938512076227276,13.50409980884364,15.836732853393569,14.308332868904321,14.95669399179286,15.222793214688698,17.02049930482859,17.063459351870332,19.764506748804397,15.809360649607804,15.984141592758393,18.967472722966928,19.34715284271794,16.990693250340343,17.502347545635413,19.70194107341844,18.089960362968444,20.98212376405259,17.152556392354192,19.085507189278168,19.12714773921895,17.447556895635728,16.59278303999186,20.452359510063367,19.771786528428624,16.891202050984717,19.42245664084947,17.876554418695793,18.221235378982357,18.59327920208231,18.499093345914133,17.78326847532899,16.955811318476016
Var19,18.924062853416466,16.255440913941065,15.753349889643758,16.550640513386234,15.466481446367213,14.433789120268907,13.916238090281887,16.7809295711026,14.890666452477765,16.11125553622465,16.88809916578553,16.93881987666809,15.208168052304543,14.621667118280346,15.771744183841244,14.667171796628804,15.683591418240512,12.050899199522018,16.159515182451646,0.0,13.199073917156886,19.333659507044416,16.484565592139845,15.670339737256663,21.120603515693052,19.75420452881291,17.980601850726565,16.918417450779526,10.256664521277978,17.273144023545342,19.28212371719123,20.00235330735227,16.85301843762124,12.884722789900179,18.940689312306105,10.199560315825735,14.132188957739897,18.921038447541157,16.182606553044547,14.725280980898106,12.361690609524649,22.045540116277454,19.989170487111444,17.49191923038709,19.794650252266987,18.52969118916009,18.719754556113145,14.781091007261749,15.036542355395586,13.297136281198016,18.918972517167543,16.246837337317956,15.397059106372977,16.931691234341635,14.553237775786817,13.8867319322129,15.20978997094451,15.36593026794457,16.269239427966323,17.996424268640617,17.75942067239588,17.267590201716644,15.192661930163284,15.166056688865584,15.021717000905003,15.30948734873431,13.029630601636363,15.531313369354525,15.105873709735732,11.977178682388876,9.805807501014206,17.03788144784627,17.11658863136216,14.750429243593823,14.545328906917993,20.098091095385605,14.407764894406535,17.73326102959354,19.583578617774837,19.61905371759348,16.089623182324836,15.99329642041619,21.04290507675662,20.308127354643204,19.521274345477007,19.84514688574433,16.00684032700668,18.189442747197422,9.813711468129627,15.358387285549615,20.175595117070426,20.346554461438362,16.71369409538386,19.300103007284502,19.899548353665224,18.0561647495933,19.501016029376324,16.29146605048613,14.857003451399075,14.212074057741205
Var20,22.06392884963872,13.308042874379687,15.355900623388075,14.283894640909653,13.240059517492988,14.61445421149337,14.017919471115588,14.974237032257378,14.268731691071709,16.711729178901994,17.392807402989003,15.549292063388654,16.277818927537826,12.854317254094962,12.475805301341886,14.90108942265002,14.87930773782621,12.344268157064597,12.96452558398548,13.199073917156886,0.0,16.251454076636037,12.752900020797735,15.446779504293609,21.94473854284895,18.978043208616068,18.68052821111519,18.852154020380727,13.404966599282266,15.860582457378005,17.744448735502875,21.131294065594624,16.244852907653062,14.055028406516739,16.049024725175016,16.941886460632904,17.42422039833243,20.725756758325755,14.764828559151407,13.52169600133261,13.602997477784035,21.068162628606814,16.995782358219202,17.929224687365796,20.251808361413307,17.61498522436074,15.71337487549552,17.85176120368425,18.975848294055815,17.21783361248368,19.529642772388794,14.101314174116208,13.787684636302284,14.046491930815831,12.594380374379414,15.974914702476973,15.715385705492839,14.829140627768092,15.50692770787123,19.08932925109303,17.494493229085048,17.1654593286405,14.93097455770379,13.22638308364607,13.093432643025533,11.133589908547238,14.883996167749135,13.161860891320744,12.217702138130573,14.689415142139861,8.676701178886162,13.651761942836904,13.120503775278438,17.40767619674449,14.86273229931324,20.228072443604976,14.121876426985905,13.833415428832618,16.816866585223313,20.09552392948526,15.246759448203164,16.765023478690125,19.465833220424628,17.082737102060452,18.99868494399454,16.62980894868326,18.859323889348023,18.203279122765093,17.411073362759385,15.438984591446577,20.079545521720025,20.404393469330397,15.951241155122466,18.925831924933608,17.12728200266551,17.57663210028617,17.45199064390748,17.5114734939712,19.12657540807151,17.56318336260636
