Var0,Var1,Var2,Var3,Var4,Var5,Var6,Var7,Var8,Var9,Var10,Var11,Var12,Var13,Var14,Var15,Var16,Var17,Var18,Var19,Var20,Var21,Var22,Var23,Var24,Var25,Var26,Var27,Var28,Var29,Var30,Var31,Var32,Var33,Var34,Var35,Var36,Var37,Var38,Var39,Var40,Var41,Var42,Var43,Var44,Var45,Var46,Var47,Var48,Var49,Var50,Var51,Var52,Var53,Var54,Var55,Var56,Var57,Var58,Var59,Var60,Var61,Var62,Var63,Var64,Var65,Var66,Var67,Var68,Var69,Var70,Var71,Var72,Var73,Var74,Var75,Var76,Var77,Var78,Var79,Var80,Var81,Var82,Var83,Var84,Var85,Var86,Var87,Var88,Var89,Var90,Var91,Var92,Var93,Var94,Var95,Var96,Var97,Var98,Var99
0.0,15.079541096793353,14.673666394129464,16.03490747266008,16.565237642831164,15.050630075027668,15.995944242606544,17.003346523113354,15.371749231016468,18.923461941718145,18.02975857122381,18.78493094701552,19.724669690015038,20.35152373203799,18.03285027757104,15.24069743798854,20.85012609917904,16.836186794895177,21.268435048403607,17.751612223813858,19.48139615592955,20.937145899892933,19.795660836715403,21.60272194728528,18.819742578188265,20.3883538663284,20.91367169160564,19.32246528487842,17.716586853128653,20.190537962046346,17.09742129472152,16.028923314573245,17.192834321851095,20.458468203532217,20.06251147008155,13.945564290148058,17.39862592485899,16.950778451594477,19.648009470743453,18.60433591339234,17.14686903585733,17.606331016824612,17.399378792747466,14.758644502870624,20.92917990321109,18.70763700233967,18.5082265285461,17.23472442128088,12.491840791897788,15.410966838337522,13.59804097163254,16.474601005627285,17.827426178556756,17.63960809087003,15.895449869371909,16.038399406766104,16.210994725352947,18.02453711708184,18.906408014936904,19.563918161491777,20.30789007391811,20.147941155776795,19.113728889231464,20.05546518437174,18.51221138021589,18.96248995275613,15.289541071580068,20.70278805719316,20.456521317099902,15.827911172833124,18.66594331257344,18.897799401914018,19.752076060839137,19.65984506728872,21.192334876018517,18.69552540751775,18.622790895889437,19.713841722526976,17.67072068397141,16.28217876246252,22.093065154229716,18.32772795545792,19.68005487356155,19.589185100570592,21.85326981444471,18.21463166729037,18.10493792252035,19.80887962858851,15.616905796418909,19.61586645820044,16.676640486151815,17.366581046723926,19.91522424453127,18.4037253135486,18.861967721893624,16.95831075424145,18.78024313366757,19.018786312990084,12.457318365727051,15.319063180815997
15.079541096793353,0.0,12.131634992613671,10.725487711592848,12.2508570995109,15.696443367611977,14.96799703749162,13.032561427546678,13.03827021756546,17.431976234429378,15.684698510553444,18.238259961074306,19.19187615189602,16.67479850215306,13.773578887184486,15.879649752765904,21.01086645901274,14.084947186267744,21.75278541553248,16.032445928915767,15.87218178536256,21.24493988648332,19.86074556180332,19.675419447452896,18.164251336912315,20.48110741771788,20.05432615055309,17.79289736195757,15.72265565552602,18.98583564023622,17.784162139591565,16.21742513960107,18.89432783575214,20.871783897967763,20.143513256866004,12.994297042770112,15.812496485977766,14.217820399982584,17.836718035352774,16.49245036891109,17.226810557979846,18.26054794944602,17.742854740759512,15.52125909079072,19.376442912520783,17.870117865497388,17.97999701358428,19.387034026171843,14.948182074973184,16.06738164198317,16.02743370158456,11.002712540361028,13.98600694019012,16.300201436814973,13.911685618958115,14.899406389725174,12.798009429216464,14.281017241458285,17.237538624174594,17.015232641448303,19.00558804429515,18.99539013551548,17.375975907499555,17.675622832356474,16.046592349586785,15.761809596274656,14.510993036890897,20.704761309400624,19.20316683155496,14.24458505141861,15.03830590231349,20.263623968034885,19.700549845011672,18.37348994041204,19.231975513986463,18.230473145339964,15.867433313092954,18.35357191476238,18.303918964204723,15.73601515871574,20.883747837767704,19.17283471802693,19.519420417557612,19.75119127510795,20.53550432223666,18.87388146728653,16.729366604197555,18.472403839706445,12.750046704271304,17.847605691817737,18.16790966772685,17.073019494123805,17.33095602392056,17.85499594883138,17.94322208803732,16.527147446555563,17.46933666290239,19.05460743540408,14.481931809814258,15.30870283802932
14.673666394129464,12.131634992613671,0.0,14.766905173662442,17.806026519477452,11.51693928769705,14.863325373856368,10.406418469680984,9.48865126285474,17.118870823918616,16.457540895912125,18.77971748227553,18.07370629113929,16.539338880626513,13.914075847745949,16.906589522557002,22.35902337996049,15.366390872117146,21.035250771954097,18.7422196697517,16.302100363228853,20.855601729520703,20.130955164487528,21.053086771050555,19.133412120157637,20.052253746797305,22.47726853518127,20.362600496307557,17.045728373716152,19.82790754950073,21.2439377507844,19.1028068675288,20.54442457160043,22.31277407452413,21.981149769333303,15.27029105833444,19.075351512937427,17.04861744916176,20.02434228747421,18.313330675616196,19.892324636854823,20.21182854900822,19.53892663042365,17.908493219924505,22.74539080973954,20.63509054306217,19.97688957199678,20.747016511615588,13.61276627955005,17.371822140561004,17.38353766795408,11.12267661535135,15.07575302404398,18.152351108693647,12.003286210995544,9.788978920862636,10.710110820717636,10.332622247643355,16.576510973401042,16.177558813416343,20.30450404246408,18.05565590838208,15.612423721711876,16.648551387048535,15.823609738659924,14.243957824676684,12.89087284603069,19.9543729348115,18.84581637808439,13.882482154516229,14.885287582823432,18.66680257767095,18.486458635114417,15.689442746683843,19.269878092767023,18.4170285284622,17.08051025831706,19.09197693891683,21.249228877624727,18.720046697168804,20.939588336406946,20.396575712637954,21.630775943993594,20.61611638878018,21.609700234199167,20.25886445572203,19.87073096745016,20.690719434997487,16.380989905397357,19.54537246185432,19.68316389816288,17.38080329809681,17.714643898402393,20.336133257851667,20.477490031894263,19.719401684034757,19.29247355406421,21.313193855712164,11.98050736308355,17.043949928373614
16.03490747266008,10.725487711592848,14.766905173662442,0.0,11.456444424797642,15.5180627322448,13.920851995533768,13.527924760335624,13.97059981146234,17.55889522693712,17.00511303949042,16.479769955977318,19.10869487290506,17.239902273265642,14.856476666735183,17.295086542471534,19.461580478110356,15.90338626438984,21.438217312594062,16.927884572741725,15.724523477964611,21.879674812640275,19.0667261453335,19.394697123718,16.247299308834158,18.48739594446504,18.80539332258161,17.63317475692582,16.236403159568933,18.237801583581984,17.324300505802782,13.725490453547163,20.108064827500414,22.17139546473115,20.606473258217783,16.11303533350875,17.395380065309208,15.833584414021043,19.56306595406152,19.33005846347056,20.039294031712696,17.70113120454628,18.586519431629448,17.973938953688776,19.461902672588145,18.899262002919198,20.321485600046508,20.76010444279843,18.065924430042703,19.233816494131823,16.889116609679512,13.436777004408532,14.352467332652202,14.89065734648049,15.13323173510502,16.204844007990488,13.850173145246682,15.760889162796794,17.975130401907677,16.865441083065146,17.758566307750613,19.04825715962223,17.698460928162028,17.910517785776424,16.795539743226165,16.406422980207147,14.325665367767517,18.79778395137637,18.912086809876115,14.795333154334902,14.704206643392707,20.026969899244868,17.890982401906403,20.10416623779547,17.18602468673546,16.284923379040354,15.493591191332198,16.369610470973726,17.555900608892756,13.85152074472689,20.792747017772932,20.657901061399823,20.38357657945827,19.261758739888,18.87999444636044,20.06037594949282,18.49798646407228,18.610528362332747,16.024664951583667,19.4794293603778,18.505513874216938,17.7204911600463,18.625008079534503,17.262564793754507,17.444412221281528,17.707319521859997,18.012407374464512,19.97336780265677,17.57133466752707,18.6547270494588
16.565237642831164,12.2508570995109,17.806026519477452,11.456444424797642,0.0,16.513906712882473,16.40839310055722,18.653769404550665,15.669522478479378,16.076634550871287,15.700674664642529,13.666153165642934,17.476524582238422,18.439727596557688,15.65245755695727,17.26663585564336,17.11994044372205,17.123908348095856,21.315726098427653,14.69623460461437,16.741870163367413,21.180780207129647,19.32819863490132,16.76891911920575,13.38568540121483,16.151836919483355,16.239988768686526,13.169959681384451,13.876871449646014,16.638301921443407,15.113062149780507,13.28573452613278,18.33098477705474,20.14692738548849,18.476666394106672,14.438564935753815,12.812582567339298,15.539910847297568,17.073852260375944,17.003711958284565,17.023146563771412,14.873801447170631,16.169722276824256,15.231917325363952,15.83468238494326,16.48143345736027,19.046389512191663,19.59687687042734,17.842506828000992,17.78065605852653,17.420117169737804,16.340304326314282,18.282421112669223,11.811451423196088,14.932400475601543,17.933998655265302,18.383990556416595,18.96863910995888,18.169740139886905,16.588951084050905,14.813881216196028,17.863628954537155,18.80682494673434,19.671395317760947,17.090229880664022,17.399976866252146,17.149665311597705,18.55263289775898,18.479084061874232,16.632483641873254,15.548068641943267,19.395410662136428,19.145746340137308,21.22894364347629,16.36824143900889,13.839725760469028,11.896243508990032,14.08462313010588,15.00261988081039,13.13051356542647,18.053867906505108,17.94148860726714,17.847029524549992,17.222563563185737,16.748267266212718,18.101355610217823,13.636978939507244,14.33606669983267,11.284286359951537,17.269905180025056,17.669961277072584,17.26287797075682,18.298741961978475,14.637976246404206,14.876300182786236,15.383724085250766,16.563285688335775,17.553694380865803,18.418198790345087,16.86537863336344
15.050630075027668,15.696443367611977,11.51693928769705,15.5180627322448,16.513906712882473,0.0,16.27373844250247,14.758193298247807,7.248195786130623,17.835009307919865,16.473647642285254,16.84066786834582,15.81090034098159,16.624979094373085,15.273721074663031,15.082978969867206,18.38030780159691,14.334595543505896,16.60696783563768,17.416363502957502,15.721667641864464,17.331338067473318,16.76211358241686,18.511991634170386,18.38766419570969,16.945961912453683,20.529280433995883,18.475883366087444,17.24565663178785,16.907544090754453,21.558982935144776,18.8096598604304,18.068112296073537,19.005576450720312,19.65013392493203,16.223819295079558,20.996798335534454,18.877738259242285,19.27699075637551,19.34230415067697,20.59276291674544,19.99947040461252,20.628231915806428,19.266204324555176,22.719802177155227,22.28499502345212,20.52677733380816,19.438969837089253,14.190635601233971,19.427655748133944,16.478189332747753,13.128404388826237,17.025831566156885,17.621107893407576,7.176972868940781,6.801797559008284,15.697606710529003,12.297747942490608,14.53387042930469,14.707455401018027,17.832132568790026,15.42330078358462,14.899560090334866,16.07802249936582,17.183102274174416,15.713314452550865,14.241012215407116,16.75432840707976,16.404987595295403,14.66089469807797,15.661711432864047,14.959571135965405,16.408876281942106,16.10294721840586,17.381111366471927,16.561630136718794,17.428002948807094,15.671024922224667,21.396829670023227,18.59889509091057,20.984001629568954,19.49585443202934,22.046303281870788,19.350304760067356,20.06087870133921,20.107079590147624,20.994966125224817,19.284027454416197,17.157538310668382,20.52679842328164,18.2705136694217,15.9205240233508,17.85219962561585,21.68238974620502,20.693459407050103,21.50001518706901,21.528809835406427,21.12150789001168,12.87487957491564,18.40272615486708
15.995944242606544,14.96799703749162,14.863325373856368,13.920851995533768,16.40839310055722,16.27373844250247,0.0,13.780263228512624,15.983277615859118,15.50811921524038,17.019357919194857,15.130845285267714,18.890503942838677,18.55116795416403,16.929108049465043,18.004615404853855,17.867295130249662,15.722979272584992,21.755750888430025,15.769315243550396,15.324642492690424,23.0004801624648,18.637003034474493,18.0462209073467,14.768437001577972,17.704944973064148,19.77901849683054,18.56040197886892,15.804915526649818,19.331532308327382,19.071421316724827,15.851576147979054,20.791589406810505,22.573442876127288,22.135823112097203,17.237808127648822,18.59422865506294,17.754808386299157,21.46177689885267,18.39100890242052,20.47125914843485,18.44071710544259,20.89204403672028,19.85132863572069,21.429027074531906,20.86791563760428,22.048721542787376,21.63640898534108,17.944579400201924,20.80006208477541,16.040203687071322,15.451737638089698,15.080651740873096,18.94830255532603,16.222858853494415,16.561589916246817,13.498030323851298,17.286881181672456,17.237563008284532,16.177391513447294,17.705545620309806,19.203781364491174,18.02557055771212,19.24479742276519,18.86721347740566,17.444690975551467,12.124499104210896,17.883262816360062,19.16329569711661,13.02150211557188,12.446758209459558,20.29453501499894,16.997455482405954,19.368247700944806,15.310376102639893,14.98280394250717,15.3549236728899,17.440385575777437,19.489766040833675,16.090902854244277,21.642266105100266,21.911334397586447,22.323579779151963,20.077376441401288,19.359690658896533,21.51290613881256,19.84503202748024,19.79473187169985,16.444481944453372,20.71323270628541,19.8966866590892,16.97634831236531,20.24099758529298,18.172867384776264,20.151099121357475,20.67725155956856,20.76567848509192,21.448301705136416,16.947051170999973,20.539817406229304
17.003346523113354,13.032561427546678,10.406418469680984,13.527924760335624,18.653769404550665,14.758193298247807,13.780263228512624,0.0,11.07177018278613,16.637486154988938,16.617573866341797,18.247854516132627,17.82021431694959,14.458150853278848,13.669705683549587,19.49843726986144,22.252503511295803,15.652666168365403,21.503436724083905,21.16095838420773,15.545198854175135,22.749120378661544,21.730090906904444,22.12062465392385,19.863900838203264,20.89509710239713,23.262014622623752,22.41145189844045,19.122145612181164,20.831616124786795,21.922838074604364,19.659054985834526,23.33549073297572,24.17174509291905,24.39467485012083,17.46742013581847,21.533686280285128,18.2992481102694,22.142449044078653,21.097886966782944,22.99045979710416,22.54977878655193,22.99412747890552,20.21608691098431,24.031242108020468,22.680624728778074,22.84501157433341,23.455888283075325,17.182986018568226,20.66893943946344,17.844528752122535,10.3858437098693,13.805706282104694,18.982017911543977,14.983307899244831,13.44514543929414,7.702475951490062,8.804940648165593,15.750995207274393,16.593042248096758,19.561563187107176,18.064080355086983,14.79350313395653,15.038937372593637,15.946552249822131,14.23748227851572,15.36710184136271,19.38473254309164,19.592045217179155,13.81874602166013,14.204861967071706,20.16867519994737,18.351265634341228,17.71152369270846,18.21473681578365,19.426544818436387,18.036233851718325,19.45691617174267,22.154388957930067,18.87854736564025,23.093747345148383,23.23038047589775,22.656250226049945,22.238785707396,22.510838536216905,22.142567196374948,21.771576603234973,22.85713657346284,18.84718577891141,22.1762499739092,21.578919129538548,18.0445794729,18.792705648175836,21.775920685674272,22.057646274163965,21.20393813275155,20.76881732833061,23.12486646649608,16.22589114500723,20.34472650714746
15.371749231016468,13.03827021756546,9.48865126285474,13.97059981146234,15.669522478479378,7.248195786130623,15.983277615859118,11.07177018278613,0.0,16.737135915413536,15.838941525486325,17.04639152716613,16.045728739904284,15.69053339087805,13.68952176343094,16.371005455094902,19.983037114904555,14.228379706972856,18.47702459278112,18.23996069471989,15.70734182883402,19.03325360053533,18.795170376452543,19.76580479062618,18.81840816934456,18.291119511738,21.53372854265264,19.39162166368345,16.886309626281296,17.60405770249639,21.28594684197169,18.776170540611854,19.8292786740826,20.502159883799933,21.113626951363635,15.014334351866244,19.99334017324889,18.113448147796312,19.63717077348776,19.51605299033065,20.746185797718343,21.110074721948852,20.815195917027133,18.673245221248667,22.580064108843747,22.047066894559464,20.77969371585756,20.597449532255723,14.015966496651398,18.927730473340358,17.564746073754687,10.048399384150004,16.141897449313973,17.03009803139389,7.622557842318991,8.096672653010568,12.84095582325465,9.068325977912249,14.653473364973705,14.679338377354547,18.325640098914658,16.200559398892572,14.39564575185234,15.30271464768204,16.13106725187219,14.49519740923426,14.742932273159552,17.64406661946727,17.142038724202298,13.87019204664878,15.125376047586816,16.47248446895351,17.304239636328088,16.190554763883068,17.800432828982046,17.27318424073462,16.494878317793667,16.787309156619312,21.59378127445104,18.51164052810948,21.40302342225624,20.307729818781,21.82946300122235,20.5530950128325,21.078020545094358,20.399828094785413,19.9196875880922,20.24284089694867,16.246570456113655,20.580942689891813,19.849188445173574,16.605959387820807,17.846721370041966,21.582299246491623,21.28315889186939,20.625655549364343,20.97232784875789,21.375202728712267,13.55688718573166,18.02243782776822
18.923461941718145,17.431976234429378,17.118870823918616,17.55889522693712,16.076634550871287,17.835009307919865,15.50811921524038,16.637486154988938,16.737135915413536,0.0,13.062200781402446,10.656798578009996,16.814947187659246,17.90592339740232,17.205189742103435,20.709192254112416,19.26943782310393,20.32928575139248,21.28541412801864,19.62011493107535,16.98222053595053,21.576002910419835,21.299763467896152,16.83202791107549,12.371200731238384,15.947643041038168,19.768725152402677,16.77405536842519,16.140692573298555,18.45637257162196,18.087613214809373,16.73819121241746,21.580973681941643,22.0396753576642,21.782743732469505,18.68467618872649,16.23019133794505,17.740287878723404,19.960618110909543,18.35387994468986,20.909990640616943,18.445465314626105,19.773513427162804,18.879072133154647,18.778858242688862,20.447328809815,22.84633980777183,23.177560841442105,19.577595136956337,20.340402748536636,19.826680004731717,16.596030195670625,20.006720240229946,16.668227055930203,16.102859378376536,18.888964566114616,17.451615022455144,18.02275341389572,15.123559820954956,15.12198858910345,14.066943816409754,17.25953071258512,18.59459076488701,19.72097830883273,18.12964996203073,17.715141843982117,19.24143644655185,18.82991830114369,18.711276240362857,18.449280269150467,16.65103495669848,19.739480017741588,20.28356533144974,21.060961827518025,14.934286526298049,12.98365201628396,13.898968332090876,15.489688972273765,18.23184105437756,16.335879055276443,17.855979136933353,20.146117742329643,20.015745795347083,19.479166695139806,17.404876242429626,20.37056117210899,16.232794306542317,17.448014720020815,15.941484569285508,18.38198898925424,20.65228632437633,18.00954085900059,19.267269388995075,17.64134093152541,18.91514673155657,19.715217554760496,19.39666459403073,20.14824167753591,20.015729857253675,19.33703205743131
18.02975857122381,15.684698510553444,16.457540895912125,17.00511303949042,15.700674664642529,16.473647642285254,17.019357919194857,16.617573866341797,15.838941525486325,13.062200781402446,0.0,13.156057934569573,15.224374786264615,14.738593173044707,12.087335873310016,18.399991816570644,18.10235453783392,19.00258611406714,19.15178923871279,18.68731146359932,15.516502960568236,19.913046754493266,19.229585941864578,15.88859028017182,15.037285659673689,16.39567301880653,19.60051623793007,16.963368525992315,14.37940549746284,16.308408699322097,19.10841764486361,17.653381245749895,19.70940426116369,20.309451208680017,20.47098664573752,17.000988321682257,16.611447164747805,16.59738311028574,17.85173875603314,16.05828490729661,18.987701798182268,18.44643872480747,17.964276172151767,17.629314528105773,20.112224758905747,18.885443431891705,19.42135009708496,20.5902650670419,17.617158728053877,18.15165807797634,17.790507582146358,14.876588612692858,17.732857060303996,17.801453310885403,15.27628216835561,16.909693680433048,17.199310700808272,16.44571446605947,12.930920596445992,11.710652571145271,12.595245150163894,13.962868910026478,15.05779893151469,15.940404822798774,14.131900448348768,12.831764865916044,17.059846059157795,18.645161837723137,18.48294339243484,18.60434710461933,15.755734112031288,18.89963686473473,19.0648120161486,17.978029094393708,14.923894999855392,15.686179096879092,14.071849683347732,13.894240634782296,19.452505106345416,17.0355483791354,19.285744485992563,19.87889917243074,20.179810884110896,20.123289791241845,20.06153801177363,19.29425168078861,15.767708621957787,18.283730158643905,16.066490141436695,18.36478352737304,19.330734700354224,17.417023859274504,16.115564700484935,19.27494528626652,19.03045108018561,19.154790955575614,18.677412705046606,19.101639631356267,18.368872889363324,17.837795674142424
18.78493094701552,18.238259961074306,18.77971748227553,16.479769955977318,13.666153165642934,16.84066786834582,15.130845285267714,18.247854516132627,17.04639152716613,10.656798578009996,13.156057934569573,0.0,12.860041791169712,15.781173355529353,15.832425107810913,19.989184597646275,13.533878628877408,20.105258413648382,19.72091276113769,18.299008704507,15.185974274315546,21.252861881882957,18.84620486550545,15.03744323856144,10.727708223992057,13.191273041816949,17.948268207211118,13.789172078568775,15.39466168409828,15.05720136938722,18.462442436588105,16.427997413063775,21.654450714282557,21.92706188090654,21.24701993818779,18.69381224601116,16.253124006656495,18.986507286904224,20.61794208898223,19.64913561199853,21.469834715500077,17.823362240064775,20.03479779878637,19.061279738780957,18.606447136802636,19.99683211042966,22.920202450272843,22.78613379104331,20.247446881253207,21.62043023274012,19.50019965089986,17.474690981027766,19.999642750977607,14.931318503607692,16.004470156228955,18.567127103282296,19.08029738149918,19.17653174540392,16.13757600052419,13.173917570859397,9.225468538534296,13.358375203644677,15.269506780023269,18.33765066521886,17.286316412260064,16.636209593880086,19.06899361737369,14.827931020113448,17.56815945855464,18.22885546128446,14.17774261905296,17.80631004185278,17.814222146896874,22.41794680484559,10.20905324443468,9.886882082658904,12.116712977031929,10.786331290444982,18.852125489510144,16.154169192828206,18.95354581562764,21.17479812965249,20.949255107922507,18.739011382668583,16.3414462588491,20.435892276014243,17.019420191505912,16.361621344938317,16.84864578222108,20.320999943726274,20.62698626926765,18.72549372329436,20.215651343942454,17.88361265839781,18.926284502455434,19.72480935053873,19.596723079629243,20.220080836610816,20.582358819236735,20.9401062237301
19.724669690015038,19.19187615189602,18.07370629113929,19.10869487290506,17.476524582238422,15.81090034098159,18.890503942838677,17.82021431694959,16.045728739904284,16.814947187659246,15.224374786264615,12.860041791169712,0.0,14.151243831448008,15.572500519879233,19.45830775690676,14.942646432690292,19.660329406530053,17.656548934124526,19.375844389885994,16.144416104801337,19.56293971812051,18.332087650873845,18.737513158839647,17.605798968747337,17.671470138397954,19.891570473673344,18.5326762087456,17.6512223138138,16.39284725705099,21.873497221967988,20.087949442737106,21.64900090862675,21.136468225403057,21.706888967308423,18.68931854902042,20.549314573056414,21.422245102314715,20.64489330446687,19.79478295978536,21.12432759868457,21.48393717470808,21.67053689079152,19.58456231292095,21.163447628190045,20.897392405883856,21.164210769783296,20.86312034328217,18.930603190010125,20.98750813932012,20.445199903130803,17.80086024034926,20.16343071754502,17.755010035204883,15.82465740663305,17.001741541326105,19.78918343728043,17.403539070790092,16.063994389479618,13.878422509222942,13.24564658768494,5.491954956071623,11.918552831826796,16.613017337977848,17.580772998539675,15.736922182520916,20.270138021800243,16.12168641351089,19.652524903438,20.696828819370584,16.184219345041175,17.95993372875549,17.51895221000206,19.60811472763859,15.066345324288385,17.274494991388966,17.131073379861967,15.113585706618982,22.567342808063835,20.75120417586718,22.00885738412754,22.639304980035163,21.757894119762277,21.8387885391451,19.88393643120636,21.5044531230585,20.710818238126095,20.468024907866223,19.84089524726973,21.75242049319327,22.694204520600906,19.25048655761972,20.13099848810991,22.284126681786447,21.66905934791501,20.75132309663108,20.812225968568384,21.273918234860997,19.790636872301175,21.118968923246516
20.35152373203799,16.67479850215306,16.539338880626513,17.239902273265642,18.439727596557688,16.624979094373085,18.55116795416403,14.458150853278848,15.69053339087805,17.90592339740232,14.738593173044707,15.781173355529353,14.151243831448008,0.0,10.410416975052703,19.1799301809484,18.273281128063388,18.456559201627307,16.067206882174997,20.78477128964539,13.122175870549702,19.608153833791324,18.68824706708032,19.59909432739186,20.29905741333972,19.776338007682728,22.25102163560016,20.13557441952104,18.822116060101447,17.225651147581853,23.125303164933083,21.422915524753957,21.70418634457032,21.783813054709448,22.650888664548415,18.78870228125028,21.66236650975013,18.80139467998924,20.56713549097369,19.73427549827035,22.61402903512645,23.359938776496435,22.62174784078784,20.914271779257582,23.205039277532517,21.51392595382401,20.54679167636196,21.64177555124532,19.2024779747849,20.576225993366347,20.17200539204346,13.515249314361206,16.084202975683496,18.34114070714712,16.838078355411014,15.962438686853776,16.46670832430562,13.474656067076996,15.354845432397536,12.986688369069103,15.071220868069227,13.149446903052448,9.345388970596042,7.924385186807596,11.804758424483875,10.012546469084986,18.93093433161349,16.086103272985866,17.61734957639079,18.909830305102943,13.646880562568615,18.667752875463005,15.504108646898311,17.071703924677916,15.96439643520574,19.41389139499065,18.334608636656,15.148833579924558,22.854907804178,20.74404766250627,22.250148630949656,23.113714813057182,22.589832165169497,22.38333941311277,21.81908167965773,21.103693191278825,21.061401479174524,21.099985415968668,20.345276087444,22.06724820297836,21.533506443323027,20.466732962170827,17.980064777751906,22.847901556181974,21.20047781492695,21.37614049082714,19.771266694721547,21.789391753027363,19.1179357746708,20.73913934002317
18.03285027757104,13.773578887184486,13.914075847745949,14.856476666735183,15.65245755695727,15.273721074663031,16.929108049465043,13.669705683549587,13.68952176343094,17.205189742103435,12.087335873310016,15.832425107810913,15.572500519879233,10.410416975052703,0.0,17.93158640436634,19.018658434017503,18.072966017597896,18.18909381504121,19.49270329606278,11.590101962836446,20.293834721379216,18.241672210080296,18.20980574118417,18.580980547199623,19.13645568567146,20.79101240920108,18.242595153210047,15.4269484022989,16.861339484146903,20.978466681384223,19.078445287208684,20.40427390003023,21.64957520897936,21.75781000000636,17.409849332059597,18.61778928575831,17.10381340693507,19.56698889305355,18.4159545251442,21.299225237836424,20.988591531445984,20.437809634590327,19.04768964613641,21.922511749368823,20.294979652932515,19.94098999772628,21.163382198372272,18.34282958727553,19.141337233254948,17.84751992883496,12.626378110095134,14.287023426128323,17.154485919974952,15.183756573144311,14.335754729872216,15.10703609904705,12.605409505134642,15.439763167214927,13.1898377921925,14.972089052185146,14.805450077628592,12.55439239358987,11.261701036304148,8.611379685734198,6.503510257535383,16.544552150832196,17.053193855542865,17.120263176134614,17.210680746727213,12.647381031749145,19.0469867464036,16.259677024283903,15.620256895814704,16.16477713709031,17.756616833499617,14.973785079435126,14.63119901404201,20.237760499450413,18.03970898466565,20.54688200379095,21.21120826353944,21.48350621900605,21.11622996203627,20.818103597333423,20.2467646075606,17.78573968951006,19.418944255662723,17.38961763925084,19.824689970124005,19.724773796231485,18.400992591173573,16.686115056048354,20.657285356424804,19.294844287101647,19.839389935888043,18.54117267125841,20.846790953819845,17.914785432455332,19.136467189783183
15.24069743798854,15.879649752765904,16.906589522557002,17.295086542471534,17.26663585564336,15.082978969867206,18.004615404853855,19.49843726986144,16.371005455094902,20.709192254112416,18.399991816570644,19.989184597646275,19.45830775690676,19.1799301809484,17.93158640436634,0.0,17.777193427217043,13.31830363141984,15.852254045775226,15.301895154454744,19.50798944666828,13.77636526885412,13.272981277791404,17.79114926749523,19.139821507158853,17.83579654992469,17.016949942976993,16.754901350247923,18.026318443248183,15.675895427453158,18.54800267552232,17.87137760908263,11.124351143104745,13.660960124082404,12.788084527378912,18.22214882040743,19.54585022372512,18.56530404025874,18.815092372443846,18.107285881658868,16.393252051937836,19.06509863604742,16.809621651586987,18.688174317446737,19.559893287246435,19.46004191569817,16.292042577984706,13.875690374439152,16.739271941588026,18.70272943288065,14.78340156275605,17.069801165902387,14.577004890080955,19.02740322315424,14.670374487627267,15.46978164029955,19.04986260078082,18.961171453998773,18.15341372986849,18.715318367194094,19.45626632142548,18.998514904168378,18.27874513294177,17.733300500352335,19.92886703284809,18.129911892775716,16.418970425270885,17.121338004142782,14.998977516296629,15.621860404524435,19.130885171530945,13.153598939310134,14.938031818023209,17.847257230858016,19.58060579544033,17.56195995076636,20.05013414267563,16.86937046271818,18.26276700024185,18.33435416485222,19.27176877589552,15.146403054702809,18.59500198529629,15.951690948885023,18.141789524333173,16.21355326241737,20.390823579980065,16.643141769262527,17.81297809875301,18.32696566698765,14.461433160860327,15.996688854753057,20.207377581444327,20.039511436945123,18.935128635199337,20.28440806073049,20.686722531512757,16.59011134291244,15.107436192594816,18.387854997072747
20.85012609917904,21.01086645901274,22.35902337996049,19.461580478110356,17.11994044372205,18.38030780159691,17.867295130249662,22.252503511295803,19.983037114904555,19.26943782310393,18.10235453783392,13.533878628877408,14.942646432690292,18.273281128063388,19.018658434017503,17.777193427217043,0.0,18.275652221441064,14.39774715970052,16.58759927864201,17.624068215194498,15.456058619908722,11.906543195105249,11.455955502172168,15.393916347044527,13.459902830672366,14.561258217520088,14.460928749652442,17.381378681050244,12.288942035225416,19.98092777527899,19.63363484121895,18.283984095424085,16.175572928438314,16.319136129362168,21.42568200000498,19.533646021846643,22.62127432245242,19.86142465492412,20.673040313378003,21.109180606186307,18.92234464384868,20.653063948615788,21.736956757635696,18.66133589166365,21.20829242126589,20.60246219232327,19.059171905472457,21.705646350259123,23.28435854124264,19.920909408300503,20.826237379917263,20.35837671654413,18.62965265449049,18.64731930069339,20.06420618762424,22.4736333093104,21.826436511716157,18.197326622373406,16.9185823253553,13.491695143340223,14.805434570614487,17.194874747542183,18.886530677071374,20.50031615706937,19.30974027097365,20.74998792654948,11.959774933773632,16.15403151038258,19.404248502654,18.230467764449912,14.924590408720745,15.452405680079693,21.44890913545109,11.025497502873703,13.478054056785226,17.357423114560728,13.405873000183671,20.85799926402814,20.29990560536322,19.49933109775571,20.39970577553287,21.75134979961573,17.876730200337782,15.6677593173216,20.59135693750897,19.907413168774998,17.62133558516938,20.25667016390638,21.753518897270503,20.595180795863936,20.87457462115628,21.954792596578223,21.07517913345469,21.011580054131755,22.734504620574118,23.14668890099741,19.99287818503406,21.853117819376315,23.074754853665414
16.836186794895177,14.084947186267744,15.366390872117146,15.90338626438984,17.123908348095856,14.334595543505896,15.722979272584992,15.652666168365403,14.228379706972856,20.32928575139248,19.00258611406714,20.105258413648382,19.660329406530053,18.456559201627307,18.072966017597896,13.31830363141984,18.275652221441064,0.0,17.96149358722012,14.824190098711764,18.231663768397663,16.302162958574044,14.432731329311308,18.809153969057856,19.91552237880085,19.535532740814396,19.381799644810485,19.546672232051232,19.42259063003534,17.897952323354318,19.20651489773588,18.679238693331733,16.825411551210635,15.631897538296972,17.090516713527112,16.61610371175957,20.93047121364826,18.93376565943121,18.952037665358244,18.0483377365072,18.02850215885896,19.62454820928673,19.573535006028145,19.866698187348803,21.766631345369287,21.198051310402995,18.13867531940057,16.830956956732393,15.500736174945176,19.421311249682898,15.47567208107822,14.337149061023457,13.356192511274516,18.742482736706503,13.999407801078078,14.900789170288563,14.981180388497718,15.934408612532197,17.093264741264335,17.541029874079992,19.99674617725686,19.34831477302424,17.542515017864886,17.414605645827482,20.051959329051677,18.1995693728596,14.541034042079255,16.952588539002342,15.543275707887512,10.303910423664076,16.22190953587815,16.301487587658837,16.475698631507676,17.865766975612097,18.959474340146944,18.305835943140256,20.013742252141665,18.85234407043645,20.330759086115396,18.37684825798707,22.39189130693445,18.463971664419304,20.95278144630655,18.0760348430809,20.047734315358543,19.473523403833997,22.297751477754225,19.9129928438874,17.182557980477092,20.737440492209046,17.723046753289722,16.78374931392082,20.64285147504885,20.33935985796129,20.66962224421659,21.947611778717384,22.309897168748,19.978277786187117,14.859376924415306,19.19561088390294
21.268435048403607,21.75278541553248,21.035250771954097,21.438217312594062,21.315726098427653,16.60696783563768,21.755750888430025,21.503436724083905,18.47702459278112,21.28541412801864,19.15178923871279,19.72091276113769,17.656548934124526,16.067206882174997,18.18909381504121,15.852254045775226,14.39774715970052,17.96149358722012,0.0,19.67363552360813,18.48189044444523,10.189932765052289,11.749197932121367,16.26172038665144,21.724750908419438,17.924663148207035,18.76874078522508,18.93979535554438,20.97169739696757,15.038838348943909,23.122993430563582,22.49943271735733,15.591229283850089,12.261339976972572,15.557308023143392,22.10098273898052,23.042831395541167,22.34381897872429,18.354084993566296,20.887061853744218,21.06331801057413,22.31079110942429,21.46890776188122,23.01267383612211,21.99318858095249,22.99297983232232,19.102882194860584,16.559514118083584,20.101410720187364,21.76524850291527,20.01147146743881,19.01913258894232,18.7488261671397,21.48148074355305,17.3144105774664,16.851410470226515,22.098826358275545,18.995383372489457,17.156201747455068,17.410388765943743,17.98295954015182,16.622060976091944,16.260466824371612,14.828614566155547,18.821320674096302,17.82792026928605,20.48592216287687,13.512293092799196,12.937275585966294,19.735754218324832,20.2337733979132,13.11378946527194,14.16426920403204,16.106918578859982,17.548184290273806,19.10574919388678,21.493118463594406,16.914348829771154,22.752069952490487,22.72829283249424,19.25002336983296,17.857229051664923,21.1544310871973,18.922787389486043,18.992588183139542,19.042505234410875,22.03075353753416,19.156282284562117,21.92026300166572,20.404333712562103,18.84869768775429,20.160468400676997,18.99287138047773,23.540993313943027,22.061247726811896,24.084144928563397,23.090207570243567,19.275764929076068,19.50887663740279,21.280869032579883
17.751612223813858,16.032445928915767,18.7422196697517,16.927884572741725,14.69623460461437,17.416363502957502,15.769315243550396,21.16095838420773,18.23996069471989,19.62011493107535,18.68731146359932,18.299008704507,19.375844389885994,20.78477128964539,19.49270329606278,15.301895154454744,16.58759927864201,14.824190098711764,19.67363552360813,0.0,17.629987391252577,18.521483655335174,14.72935765487338,15.69217619810444,16.931830499285777,16.649501187137513,13.640616669921064,13.971395173346844,14.082134319307915,16.99747190043539,17.89429327000942,16.08357763549763,15.294117098669558,15.737057748999948,14.532947008242845,15.52016676102082,15.88476134587862,16.18432815456379,16.991798625236598,14.108921982919233,12.615224367939891,15.508103606356704,15.336408893937527,17.4397212012807,15.524299347137736,15.904543082567407,16.437331082300627,13.442532753697687,16.64838024627541,16.675658055914155,16.281207441838315,18.7215958003475,17.176627472962608,17.98561680662157,16.834210477725627,18.278571980278542,20.76030930280797,21.45917360567213,20.165193444707043,17.400364524243287,18.78269143860388,19.048524466117765,19.68133204861929,20.85680540988058,20.653091187151865,19.83778496614316,14.970317189423882,19.206114543014017,18.73925886471361,16.904166653424223,16.701531467069156,19.43618912070781,17.860879290968498,19.214428597334337,18.91913113829161,16.97328310406437,16.340789849587452,17.08085842293848,17.718027485992998,16.430788941345586,18.956125968019087,16.48675446025256,17.994526381140602,17.799502963955984,16.146917070468252,17.767619371049403,18.12455343915068,15.441901688120286,13.520732422892568,15.86552865711106,16.780443149207965,17.813273572930065,19.933603632342884,16.818438109524422,18.199754066518175,17.58789307500211,18.750751885036287,15.343861395672851,17.636179355769354,16.91508379111443
19.48139615592955,15.87218178536256,16.302100363228853,15.724523477964611,16.741870163367413,15.721667641864464,15.324642492690424,15.545198854175135,15.70734182883402,16.98222053595053,15.516502960568236,15.185974274315546,16.144416104801337,13.122175870549702,11.590101962836446,19.50798944666828,17.624068215194498,18.231663768397663,18.48189044444523,17.629987391252577,0.0,21.17074172581356,18.10881187146821,17.573464571074577,17.250414449552004,18.7510580273335,20.45687551309618,18.02068745917852,16.054839007289786,17.934595189083794,22.193068802265515,19.028077927301734,21.085945920289905,21.853913194600416,22.22660112367526,18.961274650652367,19.682247367210653,17.827026241030946,20.225083118785573,19.65085506926253,22.44752857460132,20.608898490515852,22.47902902979532,20.79663018826465,21.967548969551707,21.49037158139196,22.12348855219564,22.294404845835206,19.829059787827426,20.924177463971503,16.663161527039616,15.116711132886865,15.521017297111475,18.396286518766097,16.537773458491582,15.182046790038385,16.731920878819857,15.818009018116364,16.247137281089028,13.387126675829196,15.030855497550291,15.160652011761874,14.021089919593994,14.16291987988108,13.089315580580044,12.685531622411446,17.067975124977078,15.868857195013144,17.254774157223586,17.152302372457736,8.769793025162315,19.97639314090886,15.3102174190349,16.11439670771968,15.487406221422727,16.94970950801794,14.88999115547952,14.242669500566109,20.98323275593507,18.182176367656524,20.87937286530217,22.497410280228465,22.21905454719792,20.888132831265416,19.30583315233269,21.980741584458688,19.597300676584524,19.321290633614847,18.50145463487824,20.55523723987644,20.909988030763767,18.95009736724856,19.152466628642404,21.01197988942108,19.996361643276312,20.7714208190206,19.62133780971144,21.74676596704596,19.180410046014693,20.986103760142765
