Var0,Var1,Var2,Var3,Var4,Var5,Var6,Var7,Var8,Var9,Var10,Var11,Var12,Var13,Var14,Var15,Var16,Var17,Var18,Var19,Var20,Var21,Var22,Var23,Var24,Var25,Var26,Var27,Var28,Var29,Var30,Var31,Var32,Var33,Var34,Var35,Var36,Var37,Var38,Var39,Var40,Var41,Var42,Var43,Var44,Var45,Var46,Var47,Var48,Var49,Var50,Var51,Var52,Var53,Var54,Var55,Var56,Var57,Var58,Var59,Var60,Var61,Var62,Var63,Var64,Var65,Var66,Var67,Var68,Var69,Var70,Var71,Var72,Var73,Var74,Var75,Var76,Var77,Var78,Var79,Var80,Var81,Var82,Var83,Var84,Var85,Var86,Var87,Var88,Var89,Var90,Var91,Var92,Var93,Var94,Var95,Var96,Var97,Var98,Var99
0.0,15.47182892576792,13.312374283195616,15.733711290018825,14.314599689139602,9.96302109513534,10.470848437435958,13.638972374732772,12.688681218110275,17.93830660610481,17.010284772649825,18.708240469153058,18.87541971947259,16.748176070945757,15.35603629395366,16.706437011493662,18.78919029423112,16.614766630532046,17.788300245736536,10.954556753642454,14.498993063398148,20.22905115954008,15.842303769568616,19.176358135337946,14.746297296442888,18.988245126432066,18.36354959658039,17.003247487666645,12.229896358865064,18.410992691161947,14.929688513508667,13.86400284255946,18.05327033494549,19.783197348414813,19.41118376093636,17.32500918973958,16.497680996514603,14.233409387372852,17.66266617820522,17.9234387481813,14.191945065174275,13.090767094143066,17.340261454222453,11.53499990753252,13.693634575388376,12.53344488691993,15.008568972613366,16.09710683875716,10.913723289359565,12.03470156220376,12.3367034117593,13.83651897735255,16.92249435554186,15.826898069239832,12.776093010261384,10.583973546715104,14.622570873355642,13.245831916174888,15.475202998968667,16.38825992792818,15.802237844787657,16.966904642784684,16.586015879933445,18.598593451562127,17.931738679784875,16.243475116452693,13.34817408486685,17.479270482896137,18.981536282030014,15.900215793460816,13.558421887020144,19.381307931279576,15.81823791200944,18.12101899634939,17.799835864077817,16.94306483840715,13.639250370309195,18.042052465613608,13.29666499554361,14.222222187062613,19.3299209217184,17.735583257310882,19.13040978861132,17.78442124124007,18.88484350987104,15.141230540774073,16.235177830490432,17.3996217105326,14.632463917946437,17.796556737151928,17.23898014052064,14.856346904700647,15.781284236604588,16.09615328474918,16.171712045821522,11.363718727841444,13.661436608283392,18.79661212119931,10.973409647422562,12.063429558911928
15.47182892576792,0.0,8.913449755838611,10.828545673813354,8.385375790118342,11.786588388387967,14.641107531130762,10.158143848845349,11.605857686591598,15.08244752869978,16.723398340403083,16.438602631837345,16.263783009633393,16.372036582156,18.60718323940737,14.153731109410153,19.864060422385357,14.241257174826703,18.42008910727152,19.10143392763148,18.483031910347204,18.183875202016104,15.708399404682366,18.376306088650697,18.375297266325628,18.368253096919787,19.28718277103041,17.886393719125934,18.501008867928206,15.940022655666809,16.988078470936852,15.978506736597064,17.12607739883503,17.655240487704628,18.648600018193783,17.839246967279074,17.771303842084947,15.48618862131798,15.801834012335416,14.324192975565031,17.89906547783074,17.2060794772232,17.205259243301324,15.83559372055898,17.918797585168342,16.918306016691638,17.261358002892493,18.59206837887793,16.97841020494078,17.26444321090828,14.40602902937758,8.571976757275838,12.08975186613673,10.190984369367843,9.069342970852288,11.73251695925065,9.850075029455027,9.63467684459803,14.353178422224373,15.862978759475384,14.271458525192816,14.02654783533252,12.354695047039405,16.59158707111953,17.067163712486842,18.36181186543332,15.875570091744756,17.336177460590974,17.752977956714684,13.268944792093109,18.51415319131104,17.107895567037183,16.31078848692053,12.555422151678057,16.219480905336322,16.087343547663842,16.98074218920572,16.435663270201193,16.523490352230056,14.975191496413665,18.018397155822736,17.978640379328876,16.722498913728664,17.302741856537285,18.19225830921957,17.84378769902465,18.1061918250106,18.83290959133707,18.09677214878429,16.785114940337003,16.850926562571285,16.782208085162676,16.87365199020645,18.73313187501908,16.41476818917264,15.689791131666748,17.389058305290316,18.46607913261393,16.729612599545316,17.079281175963075
13.312374283195616,8.913449755838611,0.0,11.525197785007007,8.657704426239345,7.075606552909361,12.20474590874594,7.289442126874111,8.85369338788611,15.33078802304991,17.896519671749964,15.703657618005057,15.573082241474316,16.010771449793236,17.604003707687806,16.2332731771356,18.45810310276305,13.371343356999036,17.930127858121725,15.680449628323055,17.122722601896154,19.22793348391149,13.454918838199358,18.14898605450228,18.1442220170687,17.742767056660977,18.2510946606554,17.533544020753176,15.968791976470667,14.7630110031514,17.667826293065023,17.190630151617444,16.930709042242547,18.628824053888213,18.747516770169355,17.17057829092761,18.53427942273791,15.935453108311208,15.682901588919725,13.95221734665304,15.418063933042204,15.606825042397665,15.847299464360884,15.413834273205351,16.74128688305879,15.239822862914815,15.445408755993682,16.407046519358463,15.72271456226873,16.260980389187687,14.080674193645144,7.594559352014796,14.962096195386096,12.02127221780858,5.711335274301488,7.103008734468662,8.510634176943576,7.194471277709742,15.0035928021436,14.700687693644571,13.266754611653832,12.515173224915092,10.294674454831837,15.792779602448896,16.880199154312052,18.23894625277641,14.108812486213903,16.50351055630675,18.38689354612668,12.316022578283258,17.68950850816027,17.031641571973083,14.828940738525898,14.412489005335946,16.15339769930362,16.66547691411526,14.91194259891655,15.305353724189048,16.370584023565304,15.832250642692244,18.08863943081132,17.181986560674087,17.71518807365295,18.422896492440945,18.180826092750944,15.717703721358747,18.62098089134725,18.423386545500357,16.752778403467758,15.85404763891359,17.73622784913929,17.76028179485751,17.2518518076568,18.809163078503044,15.50045670273802,15.434309334085354,15.364600157748416,17.6976555632905,15.926166433098516,16.27425167784819
15.733711290018825,10.828545673813354,11.525197785007007,0.0,11.771710337992248,13.425160385318048,14.835520493903898,12.993950678098974,14.147916037465633,14.922378168173962,16.9862842773355,17.006979070124917,15.552446784996391,16.498402043837938,18.162675669230065,15.254737718587398,19.130486058778207,15.79132680332136,18.817376651781217,19.16110017304636,18.33238251154416,18.183261156067424,15.164131591593335,17.44158671028801,15.837007535545588,17.26604463587309,18.12074284448085,16.49428083879129,17.66564601632611,15.811517167005029,16.697886070579397,16.90384397615995,14.465990245316412,17.607230085089338,16.75624962219924,18.37453161946789,17.333477180583795,15.82611345099309,14.17147146301614,14.017280130743274,17.21975443074261,16.256611046330246,15.944686707555018,15.701986879165784,17.175190730165014,17.164530782193548,16.20231895495061,16.188799904002927,17.658757442217325,17.50034510186406,13.55077639586156,12.903594783466652,12.811216704989736,8.732728718952341,12.69728694642684,13.39397316822708,12.32686971545298,13.457679785995078,13.768661051250684,15.967372544734244,16.70941533633927,14.847763023788534,13.3989406767605,15.18266165430371,15.823033342321054,17.90766801392023,15.599112247814237,16.15304127369928,16.958940116698898,14.499205706744734,17.936527588116522,15.79800804130114,16.31497454446183,14.196100340527014,16.558398766500908,16.302369657103224,16.115252503528907,15.898701952699582,17.486412910234602,17.00944906591291,18.261476909715395,17.288741619008725,17.075529002572726,15.511107524367148,17.837204506108495,15.563551197755665,17.60342104586699,17.2764075102675,18.071806486276312,16.398601662227243,15.95721070410568,16.987125363682612,16.13122927313564,18.884261640766635,17.31554019684998,15.936771613894722,17.55864778507243,16.65926210128312,17.069431085457367,17.106998490440347
14.314599689139602,8.385375790118342,8.657704426239345,11.771710337992248,0.0,10.072635593884597,14.190413650018622,10.157985588331414,10.622579480391748,14.417638259569625,16.730312759835673,16.043210475910843,17.55765001833373,17.458044243767105,19.35935674839314,15.291313780317749,20.49175957091665,14.088135263366947,18.75553101968296,17.610505158127033,18.77880478412916,18.97260308507621,16.325519544350588,18.87829402992519,17.926065248973853,18.12248960730111,19.46931959217336,17.85076743379264,18.089204546859285,15.343655481253148,15.470235162345023,16.245369659831308,16.864321842472197,17.546076254579308,17.65572395940422,17.20289532267931,16.803503901760948,16.79848400922312,16.289810493759216,13.952985961071336,15.615161788306104,14.701587643457492,14.634202901849047,14.673100186187105,16.526853419943873,15.77009820967744,15.186865808482969,17.354816562681037,14.849298696543144,15.362141748966934,13.981098082587776,10.15351048632897,13.690750610298627,10.78320047892496,7.4602455955548495,9.603265184797367,10.302065232764129,9.903760398180433,14.639078777298408,14.74654279766992,14.143633151503964,15.347661175154782,13.126624731574305,17.194387627972958,17.73499392359206,19.41577276158924,14.053162707030758,18.30939681488501,18.148494726323538,13.206754659999866,18.70010249981798,18.21453244137015,15.909579522413622,14.16565419616873,16.585996289371003,16.7392714352678,16.974271678648556,16.107632809655787,14.871014323491346,14.631204199777043,19.40640339094576,16.811084385662706,16.830034619163325,19.67896966028394,18.78257167610485,15.354362650431582,17.672999792227785,17.613298310925458,17.057637586458412,16.87382056113729,16.154215126811206,16.557708341616653,16.384785961876442,18.92562751167637,15.22353976656387,14.782383622432516,16.445384173983506,17.907920380892236,14.282210922833938,15.141418028855949
9.96302109513534,11.786588388387967,7.075606552909361,13.425160385318048,10.072635593884597,0.0,10.098258829303193,8.543345390073402,8.019177596695496,16.819204736460204,18.39653327950457,17.019795451674298,16.889958697173512,16.24561351854411,16.580097271267064,17.508206314813684,19.08075225319111,15.161028817438776,17.639835734045192,13.587591313499855,16.545743379038356,19.88868145761417,14.114994998878243,19.368212638307263,18.0085385488045,18.796135452234303,19.060014809989408,16.854999898525016,13.928001576023725,15.31672311652474,16.055926611745548,15.760759772931252,18.356789351836493,19.574591723693413,19.33710557312265,16.842707491501596,17.409398842637273,14.677332379340756,16.809995077161165,15.977962331122804,14.50534910559751,14.47929904645284,16.12320792000601,13.085248796389356,15.340885252039284,13.004935288449776,14.31772407263921,16.84948958277708,12.059841356458575,13.485516066008184,12.87056602735076,8.908250494820066,16.64577563030875,13.897727625370669,5.828743110612676,3.99347201678507,10.017494096490568,7.134941317837456,15.52076779100283,14.677603827379262,13.69092601385061,14.118468537318885,11.661980820543754,17.554365918330017,17.297687728863753,17.88617720147459,14.34324121074245,17.251341840016913,19.717002228120872,13.239788053308766,16.653094843021343,18.146436745289325,15.03487530263601,16.533594777108277,17.18564893285157,17.216638238845757,14.645756161781575,15.735284836620943,14.457196635821632,14.861572906289055,19.55573049099873,18.64083537762836,19.889386393753806,19.49947299277529,20.047737106668414,15.705048946961044,17.860279172220235,18.602420869440483,15.714658857776683,17.62607856543025,17.583936902414557,16.905391626453024,17.0627728719727,17.59740104011845,16.034173633174696,13.279517318599408,14.598413106371249,19.582667172608765,13.06934866481048,13.699272437356743
10.470848437435958,14.641107531130762,12.20474590874594,14.835520493903898,14.190413650018622,10.098258829303193,0.0,10.128447326149022,11.212794395713033,17.197022967269415,17.546126014363157,19.165175991634385,18.909403263571274,16.151521403310284,15.683614504517548,14.192539715866925,18.72444812482636,14.477096402468948,17.18408676998644,12.869333490725678,14.676736461794665,19.39754578267589,15.246537921497422,18.65616572198717,17.283619360338626,19.399818612372798,18.561152552120877,17.10729509631001,14.317553875261142,18.299765763421927,14.798684141986149,12.850168993842145,17.366920604026006,19.170296755439907,17.265511954805287,18.292950788170334,17.495744190925414,12.496504824319809,15.990984528348983,16.08336968367972,11.990952050048222,13.164067350855497,16.24521554430565,12.154001177992614,14.64986205732374,11.437215807421229,12.487954861828191,14.23311313997472,11.615802166570202,12.693881810824244,12.45854750811907,11.892725024599295,15.31507546110778,16.33624654528255,11.29380843368928,11.001851245124984,11.980895959218358,11.5277316910483,16.036950878198436,15.652068388160949,16.15379997184121,16.66140020742463,16.132532370112983,17.4058590420239,15.517122322597388,16.55997384945537,11.325518022821765,16.87573447344926,18.435928262088925,13.52248527693605,14.505098860357675,18.068843158867377,16.515627845156246,16.02263550656841,16.929811492218107,18.009129157906376,14.817037337637627,18.28228863037944,13.600735403750006,13.776886102218535,19.376917877013373,17.080135157294464,19.40473598637689,19.251824129482493,19.333143617637745,14.589554858131637,17.235273605078174,17.66607498935624,15.952319977604352,17.396509085827084,16.915193540947023,15.7998536553377,16.517125046429772,17.152345364353522,17.01165366737468,12.434632921549964,13.479294758060735,18.086305987820964,12.555107361367051,12.443654982732369
13.638972374732772,10.158143848845349,7.289442126874111,12.993950678098974,10.157985588331414,8.543345390073402,10.128447326149022,0.0,9.908095481237863,16.10251990417998,18.48149846849889,16.089295779709172,16.87864063114918,15.28050355900776,17.761122639091106,14.53200858206148,17.946125094039935,11.146512211225067,16.264564179190526,15.73756161982835,17.0454992488651,18.96389912632383,13.305524965260474,18.484800576326823,18.155317093098404,18.44196051016337,18.90497009634301,17.945449633838315,16.657987357723464,15.79919812889635,15.942500956830855,16.0827048546849,17.35154995546075,18.006221521220237,18.29874195026986,18.41164180069465,18.97294829442849,16.165108277719234,16.773617915681378,14.97409154511216,15.89708155983241,15.472916123157525,16.701102905084646,15.052662926371404,17.31151991193651,14.92402332487258,15.515079340049224,15.854148784599396,14.672273557137569,15.842007858282482,13.699450929673649,7.502207776727748,14.277664535962218,12.800010046084925,7.094028036349084,8.62669350550448,5.847974877473913,6.732399901889377,15.719721110009315,15.205424556166744,13.55291299353061,14.705154474366411,11.311949888556343,16.161462794339357,16.418035717042383,18.666419572826616,14.24631493417722,16.348768635762426,17.710112865087652,10.833350689083892,18.011483672499185,16.85773388994855,15.31642846388423,14.847879681335696,15.85380651582284,17.27855691908272,16.501482969570844,16.066716944585668,15.636339768434674,15.31044404514135,18.62913522855609,18.26212347931874,19.155239757322352,18.995149567770184,19.25697136869341,16.85554517349975,19.05295375377844,19.41195785968103,17.897301279467165,17.56046436571419,18.20676773035908,18.428970718350637,18.83926574571038,18.870362979823604,16.927314344816338,15.50723414725423,16.388355826345823,18.062883357540446,15.72184761767151,15.860139396492473
12.688681218110275,11.605857686591598,8.85369338788611,14.147916037465633,10.622579480391748,8.019177596695496,11.212794395713033,9.908095481237863,0.0,14.592016238010055,16.315322393220494,15.744577496182126,16.039006837625184,15.898293352814685,18.167583868011352,17.900798124822042,20.111525466222293,16.49747587523241,18.177247264183084,15.832518762324614,18.963859045186783,19.369660990753747,16.52848983601141,18.55412575413493,18.305465179816803,18.43240895620499,18.131012875706283,18.20946103553194,16.626325503007042,15.368279802834037,16.09871976774892,14.073834322525595,17.810640573825328,20.16294104305159,19.051491106350404,13.73711113947697,15.874896789404833,13.307687214065778,15.077944202945734,14.13640614680781,12.570082185009328,14.121805113088834,14.293234142462996,14.22532463846195,13.735082731868228,12.63642416090003,13.012072652352892,17.51399942542913,13.271854870252302,13.541541586319337,13.051187937505048,10.112444827859406,16.298104308158862,14.56328476181979,8.39746315137335,8.486992315128727,11.65951936104669,7.796527222895844,14.650932733342197,15.031088645892778,14.614947088467432,14.786996568214745,14.148323944426062,18.624264715788268,18.77046809907977,19.193981248101775,13.155648137947477,19.98087831258449,21.17292064839808,16.041732216872653,19.13668072087483,18.5331423860568,18.037344824851704,14.52251327007628,18.36024555520915,18.418765812682647,16.833729822552638,17.658080925897373,14.321392143766058,12.438245278575078,19.445475452718924,15.889057957501883,17.21890343249369,20.376248405847974,18.38227536727816,14.151043116547392,15.920117127100696,18.06964184349164,14.486182164402436,16.314181605118975,16.39043035351396,13.598299518325907,14.766349972938247,16.480142024715693,13.873946326636306,14.087091707101562,12.584485286672372,19.40163635134326,13.88194660752994,13.573033288294637
17.93830660610481,15.08244752869978,15.33078802304991,14.922378168173962,14.417638259569625,16.819204736460204,17.197022967269415,16.10251990417998,14.592016238010055,0.0,11.820640465639224,13.1534075304468,15.048782817971588,16.84988299854308,20.34506594594115,14.919776048956416,18.746764638681476,16.445832420075597,20.056793332077334,18.87970812781623,18.358944916182985,16.773384895138346,18.18681962307451,13.295965000073917,14.247289273482416,16.076235354379612,16.34768817720077,19.553846430146287,18.095272167930045,17.308611536878363,16.01190381177765,17.601866296824983,12.820723229170836,15.883969303724449,14.01491957301331,15.318511597265816,15.08850170936611,17.479245564391597,14.076899693228825,9.82091035512322,16.711622326216588,15.51257703391444,15.080377110574998,18.637405168232217,17.932543039026033,18.740448353412976,17.23771952273314,18.16320911173434,17.87664033699713,18.367838479402657,18.03773911764669,17.29633495674358,15.814027673577549,14.962808995825236,16.368914266273325,16.495316598258608,16.363513790361207,16.321426227308063,11.455380565714654,11.837950786032756,13.260481492582835,15.77485088443066,17.763936210080615,16.86185678134709,15.05018739260852,20.16606427169431,14.47504025410492,17.878823183598264,16.51149346182062,16.967860398829547,17.882928572322584,16.542270183642586,19.312389788362225,12.148652064340109,14.091611164476552,15.42953212471996,16.072644566218678,18.596373254595523,17.456720950076427,16.919379664852613,15.56355141700271,13.229060772072833,13.17457307466013,17.59767983921221,14.900276723669789,14.877674755167094,14.595237519772189,15.413813365459518,15.656825822533282,12.868905877853306,16.155234475463054,14.846783512693188,13.327606651272156,17.197246550658928,16.22520871627777,17.743354188950015,16.354293216704576,14.754856467981044,16.261788625613843,17.120459889965332
17.010284772649825,16.723398340403083,17.896519671749964,16.9862842773355,16.730312759835673,18.39653327950457,17.546126014363157,18.48149846849889,16.315322393220494,11.820640465639224,0.0,12.744690691374243,18.201015927613607,17.51264905166646,18.02930673902816,15.857222844372211,19.340589467886296,18.05035380230462,19.67180293168297,17.864727226559726,16.805125476665985,17.874379265346565,19.182513848845986,15.291899172458798,14.124111592267292,15.740923378246668,16.154115258796267,17.91518318561241,18.16292027933798,18.767204150793333,17.277342601199717,16.083689395739544,16.62901730824855,18.001639513174943,16.63895187509974,15.668050805465937,16.22602643350537,17.629880853590183,16.91900892500495,14.5459816131168,16.448197627678454,15.353088315185008,16.604309125210257,17.262136994093687,16.205436829918785,17.893424414906104,17.140560369757228,18.16539204771182,17.565657554057353,17.578376345465717,16.241074061467653,17.389090958985445,14.860952752967044,16.724095334000236,17.842423481314494,18.142165413912245,17.473528148586002,17.905792287697928,15.617651953990682,13.218469642156492,14.77709440456917,17.47788523819939,19.489200526420525,18.913767359426217,17.371422827826766,17.765058156354065,16.18213012261784,19.56863576855272,17.292959774833257,18.857437288017167,16.34366682629165,18.321439755636657,19.35540337380865,15.600426133500134,15.198990992727136,15.565347983732387,17.382595582944223,19.082302781862012,17.081480204463887,15.57288839249149,16.0631336933065,14.114970248015611,13.518462814443042,16.337125426695554,15.489894972893334,15.67352805554251,15.62328067362934,15.721674803220411,16.446592907889507,16.01135373075302,16.63172982617191,15.04065165928832,14.351139836797296,15.869756538701784,16.49072530309998,17.00769705931409,16.68335283171783,16.352812143273493,16.450664645721684,17.259893367069846
18.708240469153058,16.438602631837345,15.703657618005057,17.006979070124917,16.043210475910843,17.019795451674298,19.165175991634385,16.089295779709172,15.744577496182126,13.1534075304468,12.744690691374243,0.0,14.523426762285409,16.783596311702606,18.738695476090964,18.556764193527997,16.403446847316857,17.0622460992007,16.682834969094195,18.192656126273835,17.876329536103142,17.551394284463193,17.290894317330253,13.079677166854731,14.732576002729122,13.280362700079008,16.074877932802664,18.33381899758252,17.778039016552313,16.4680951642247,18.623489828401848,18.81791864947404,17.61690888870231,17.8470210196503,17.63996616985286,15.636333150649728,17.5687440329164,20.62361931530835,18.352995581716755,15.009206281990712,18.7478847535704,17.760596126951803,16.91079499673847,19.158027102932447,18.81336986651985,19.029803164438576,18.99727948768328,19.2327742426379,19.140671406637452,19.13214396291178,17.390576484543267,16.51910499487634,16.5512525319139,15.222616839944186,16.663825402192604,16.405483528981293,15.19741344604274,15.865713033946774,15.675800390875088,13.387754378386289,12.446064563094108,14.878912860263382,15.320639974404036,17.339319807975496,17.551750051364767,19.140348462471465,17.97405834961538,17.59262581668707,17.65087663791578,18.201320675603476,18.19124591555292,15.706460670236938,18.539203652139985,14.923040322141803,13.660441004918114,14.00724517099927,17.64656405469974,17.479053178435496,19.5438970713285,16.55337578308612,14.938062394145172,16.718369015891557,16.01181524990473,17.13532127433917,16.19134852051641,18.5177617105401,17.124028220328814,18.039749711687477,17.775036370923594,16.10317065906362,17.681722515156725,17.627598918331557,17.207029189976517,15.93456569259796,16.87803602008056,19.46743317264967,18.38321400372909,17.451667285971517,18.977568748847432,19.042705021220478
18.87541971947259,16.263783009633393,15.573082241474316,15.552446784996391,17.55765001833373,16.889958697173512,18.909403263571274,16.87864063114918,16.039006837625184,15.048782817971588,18.201015927613607,14.523426762285409,0.0,13.602669642650389,17.02396572845673,19.293282647589766,14.56313892781742,16.94971212151227,15.265323292533791,18.511345104917996,18.1742856473394,15.4598575386412,16.173185508992525,15.48831420106568,17.863055496457797,16.162098999547492,16.53881672264931,16.127079634744483,16.39404813502797,14.206410311387508,17.503754925986403,17.62748553138286,15.001101613148624,16.15047845639253,17.330151777579413,14.081065332447269,14.555980121532905,17.568324831387216,13.75509508556387,14.75142316203384,18.62299379423698,18.629944451654264,17.09593968547418,17.73929902296893,17.310579263199806,17.30505660274348,18.205884182296195,18.184305951808728,18.94952874729768,17.461144555045696,16.248593860346823,16.050957250273857,17.247367981166704,14.919747360825856,17.07569088341721,16.2998743384313,15.813985183290146,15.6752224508365,14.177371168122711,17.918152014152604,17.03870437117309,11.095913766704475,12.517199932199375,14.326784189284488,16.377182709695717,17.331083841548324,18.51591603759626,15.512740152547751,17.46687735053365,16.30840144271932,19.42368269500437,15.72906835705241,17.14644375611598,14.680600111469309,18.35469628664847,17.980061239312725,16.70464689603649,15.526680541546517,18.6847137557299,15.698175967004628,16.39411386356132,17.082519834632883,15.52761849118589,15.77965693071052,15.453007567646962,17.836543526556696,14.887503043753537,17.1864202661724,15.48499852495588,15.084382249667478,15.116490521122742,16.418770572121307,16.09485263208743,14.770908380779618,15.775962333617375,17.65290052415376,15.99598561961403,16.79998972291048,19.1253995513222,17.65789877037608
16.748176070945757,16.372036582156,16.010771449793236,16.498402043837938,17.458044243767105,16.24561351854411,16.151521403310284,15.28050355900776,15.898293352814685,16.84988299854308,17.51264905166646,16.783596311702606,13.602669642650389,0.0,13.813468798855013,17.656404371638764,14.2144551707547,15.308990062303996,13.58421523310343,18.277386007054798,16.055958980526423,15.295713465947138,13.271045034188347,18.791408807218343,18.216874369340008,17.9585138619095,17.25137308472745,13.26099447642858,17.062767042105783,12.819346866470068,14.861650878642696,16.89893233837199,14.883341263267104,14.847705642861492,16.293302533223606,16.886479483026164,15.292009342567424,17.299159707476207,14.372156773283802,16.05837097950142,16.874100115665577,18.05889483078553,17.297858072524146,15.668434508979448,15.841963888194783,14.93078278168733,14.81935057435659,15.93414340742475,16.131516311226857,15.272113556364516,16.610948569065755,14.345074853457874,15.484764867314702,15.658068107855891,15.601355571295262,16.428922290808092,15.06409940058288,14.751663721353289,15.004649858108085,18.00967785516855,16.490700941786763,14.048430842434955,14.150831346305308,11.21002869244114,13.363463711244908,13.863878483818636,18.39251453716765,13.069109549510248,15.656458254705274,13.87604209992584,17.61057881360565,16.364158669431202,16.263961231547214,15.91432149841353,18.63584768076876,19.000349979399548,17.42837539759619,13.57899522232277,16.728838661709204,16.335532625678546,18.573322915310182,17.320270611761863,17.89256309042388,16.733901535878186,17.8726782493192,17.360469792253475,16.27433365306757,16.64144243262296,17.765187305205956,18.838797518786738,18.24219204396728,17.889125806299653,17.581161249163117,17.707831457355493,17.584882027967403,15.950701011406045,16.721708447879312,17.830508128108633,17.542251570677003,16.07860288897846
15.35603629395366,18.60718323940737,17.604003707687806,18.162675669230065,19.35935674839314,16.580097271267064,15.683614504517548,17.761122639091106,18.167583868011352,20.34506594594115,18.02930673902816,18.738695476090964,17.02396572845673,13.813468798855013,0.0,18.80676490031681,14.368192607944088,17.946381024940425,15.812571837487509,14.16863154759998,10.934410710640496,16.064381668191945,13.918085587049596,18.340785466012385,16.17912022584938,15.55688545418655,15.064184768616752,12.932287479636296,12.398141724113186,15.497788805767293,18.26444024259524,15.38672540354975,17.82773481424575,17.62962758811746,17.920463298256784,17.54493296153657,16.634151097937036,14.41534352788392,16.89189038674287,19.236333856871944,16.358523843561425,16.436107776789992,17.89081005178996,15.08537321659789,14.879241367380844,14.317566576667527,16.166348892441704,15.125575957356912,16.332460576650973,15.625062319014878,16.42477432645396,16.05598840313254,19.51292796143581,19.882803083638677,16.904575750017674,16.96373224560634,17.684140742870994,17.581306784777386,19.012303703526065,18.210291475572088,17.855691730755243,17.360128313969767,15.888591964562892,14.61598794266434,14.92936027986114,6.529631240433985,17.773031692331283,14.365386731135551,16.675663086698904,17.09466562274412,12.531904470940033,15.796708850481844,14.001582803446,19.358234633825965,18.09776298030181,15.863252808665427,13.061658367757264,13.425529458103536,16.967636063740684,17.024137187998726,17.07424509213869,18.022105409727704,18.275264150018355,14.32393153298798,15.999433517714976,16.456880252341588,16.88746434134869,14.886419506073128,17.31869136687867,18.535692945562296,18.719642295130186,17.987273580462134,18.012475992212014,15.817158177354468,15.53900541094852,15.117610215582376,14.590267181412637,16.515093696861356,17.005582571590985,16.41999473247269
16.706437011493662,14.153731109410153,16.2332731771356,15.254737718587398,15.291313780317749,17.508206314813684,14.192539715866925,14.53200858206148,17.900798124822042,14.919776048956416,15.857222844372211,18.556764193527997,19.293282647589766,17.656404371638764,18.80676490031681,0.0,16.076582385160403,10.524569248448843,17.652417668394126,16.644282638664404,14.550607093397526,15.728496995763274,15.523822331410203,14.91482966000392,15.950392985254153,17.710321795123456,16.93196970326995,17.562986139446465,17.623930137559032,18.76972328237794,16.96332927016425,17.374093587338344,14.576393464745422,12.19837928422302,13.71786611553584,19.539535246470876,19.13744705019001,16.92596220627864,16.92714354535064,14.314509865819732,17.30259351941189,17.907064622155932,18.375153664109664,18.33889566300751,19.613009811850944,19.96605004026469,17.518350652708214,15.98931452343311,18.0341904639122,18.86705063882479,17.095927197321657,15.941555914105033,11.744105476469516,15.423746982992082,16.421445510091754,17.760069745686465,14.64320325078494,16.75217630879107,16.236865001441274,17.02564932571927,15.817614185738156,17.333800719107316,18.40938896246817,15.396081819263454,13.80229251409146,17.785207845538956,13.628094104745893,14.616349513129364,11.213028338535835,12.38208209854488,14.375974172978175,16.47725404949379,14.643552880074177,14.675937615959633,13.35950293496512,15.58835403449404,16.426336169866126,17.570981927977556,17.44505070237043,18.081817158440916,14.879970572438852,15.505087388311669,15.856611741471774,15.601029345232153,15.481693105427729,17.057323140488492,18.19663376451709,16.668012905760776,17.635252724520353,14.874528354481328,16.688680921514738,17.493461215947953,16.461733445062976,20.324871079178045,19.32913721707921,18.04386042987092,19.63500923846158,13.978989514001276,17.296698156158595,18.1246161807884
18.78919029423112,19.864060422385357,18.45810310276305,19.130486058778207,20.49175957091665,19.08075225319111,18.72444812482636,17.946125094039935,20.111525466222293,18.746764638681476,19.340589467886296,16.403446847316857,14.56313892781742,14.2144551707547,14.368192607944088,16.076582385160403,0.0,13.127409357969135,10.12286248930716,14.678433738584232,12.669732857165735,12.510331484650164,11.774432140227232,13.623961047228129,17.39076007792784,13.88207506727294,12.730764300398878,14.481726376893327,14.835016214810851,14.365333363890098,19.853730790540272,20.088852861969908,16.288257394509547,11.774938945342402,15.50139192797402,16.424517350078304,18.973716945787327,18.49328700970922,17.468954646548706,17.368449749643514,18.657980784988894,19.52290526743629,18.576737770392302,20.284892946782048,19.48054466883661,19.90744086959492,18.11531101104313,15.593856419226752,19.79091609666544,19.438113349077987,20.340671493003875,18.667413558337405,18.70444255823825,18.89658811342786,19.400508959617675,19.478744794979715,17.512210516277158,18.64412223024091,19.474641371396206,19.115534866691387,16.959633613195216,15.588794698333462,15.39540791792745,11.662523540860596,14.252717940066486,13.75156990708732,19.493084847315806,10.609091740031444,11.89881435574792,14.9485928088178,15.05405065258192,12.419427110289858,11.671229030499251,18.332330201859712,14.970015126590472,15.337182585387344,16.14834702299317,12.476689459351908,20.332190724851863,20.208134528286102,11.72782538020929,17.817794514466915,18.03640991469416,13.713176841468124,13.9675356591337,18.586415347896708,18.58324761963501,16.8590083844853,17.597832663566916,15.552178444182433,18.86632252990998,19.614584146762294,18.501565380308744,18.524675722042016,18.40721135376671,20.742118828121068,19.68298234535015,14.814847222744268,21.02421941669472,20.198485401446277
16.614766630532046,14.241257174826703,13.371343356999036,15.79132680332136,14.088135263366947,15.161028817438776,14.477096402468948,11.146512211225067,16.49747587523241,16.445832420075597,18.05035380230462,17.0622460992007,16.94971212151227,15.308990062303996,17.946381024940425,10.524569248448843,13.127409357969135,0.0,13.160143128304115,14.718979840010746,14.397933682043812,15.069725040314449,11.180408597005547,16.16774303654628,18.31373326027368,17.084059724951466,16.468410297250514,15.675237330066224,17.108606576651038,15.009929153604451,17.5886220509171,18.39831579167577,15.879715603788032,11.095921765540115,14.947636044429952,18.203529168308776,19.833745049476303,18.230916020737585,16.618054156292963,14.561207059721443,17.048228338519888,17.38793682580182,17.42773976891644,18.57026757005413,19.218200594199217,19.23008859133361,16.891079855504355,14.564684826959036,17.772243595469185,18.13147408532725,16.988243111827558,13.2946044149859,14.015310777627162,14.216489457083412,13.64968478688604,15.306314489946375,10.959293730291195,13.58384294805125,17.500730266940202,17.88433955801841,15.110230173080009,15.24552082885839,13.430403762122332,12.838846172234945,14.376681263811438,17.427459109465794,15.543173977186983,12.830521685348517,10.622259027498531,7.947920518875402,16.61250001658339,14.935626317012796,10.503866189627834,15.886835834145613,14.290391282448772,16.485119058781287,17.034127676350685,13.62497283984674,17.65288438102977,18.19771090644231,14.749358351131248,16.603866195085,17.388186043910487,17.215307446897764,16.17808515692909,16.933765199727716,19.4565488244961,17.503020612628816,17.065438831299225,15.448328165117935,17.03099254035717,19.193257919037556,18.21086177274255,20.21001467328883,17.996483235947597,18.9080582765529,19.68197137233951,14.641143076331804,18.349618160725477,18.2807269099243
17.788300245736536,18.42008910727152,17.930127858121725,18.817376651781217,18.75553101968296,17.639835734045192,17.18408676998644,16.264564179190526,18.177247264183084,20.056793332077334,19.67180293168297,16.682834969094195,15.265323292533791,13.58421523310343,15.812571837487509,17.652417668394126,10.12286248930716,13.160143128304115,0.0,15.388549679231538,15.78619278662584,14.07003850938378,13.420568448965652,16.80105999078648,19.39687447000225,16.465152068752687,16.24989235737066,14.20848240576887,16.677998744367617,14.181031825977618,16.750353487009694,17.69756462153409,18.50895367307891,14.282534852924169,17.165876843794692,15.929397271841774,17.889351930129372,17.3115536782236,17.321827341165168,18.353301443578665,17.328538459115276,17.929069513426807,17.65164867849442,16.90647596103744,17.593812352589502,16.58664427938251,16.611013911631545,15.48024373400604,16.916129686482275,16.184233832463253,18.031775248178477,16.867588861514662,17.203641646920918,17.15716946766456,17.52161174642597,18.099990418270583,15.944045578289462,16.391208746037144,19.51129398673944,19.811376712078125,18.90594813864965,16.472877061703688,14.71180601932547,14.287425820954027,17.01558262588203,15.51358669558464,18.918160077301383,13.679167174933006,14.894948104243335,14.198850810229272,17.917434157340637,14.553113309253572,13.565190031249031,18.07448115789309,17.713080609508612,18.247401094807508,19.07002796086028,14.074452087233247,17.035608633466058,16.745881620718155,15.697213805561796,18.6832711049094,19.1825613743428,16.78295449740165,17.09576686559028,18.7011137513713,18.24689564341473,18.56826858202094,17.08547853929483,17.893110227005927,16.94157570201573,18.34074538714528,18.463102306091844,16.312464751847486,17.866776372334986,18.0193491717518,18.43457553768416,17.173183147519914,18.879093780474644,17.404218482848435
10.954556753642454,19.10143392763148,15.680449628323055,19.16110017304636,17.610505158127033,13.587591313499855,12.869333490725678,15.73756161982835,15.832518762324614,18.87970812781623,17.864727226559726,18.192656126273835,18.511345104917996,18.277386007054798,14.16863154759998,16.644282638664404,14.678433738584232,14.718979840010746,15.388549679231538,0.0,10.82080212974441,18.21600418921049,14.005449867578536,16.171059014048463,15.85041427724368,17.071530819252924,14.537861584872372,16.52981146531412,8.756289561149087,18.128161193410005,18.2846484183471,16.329908355681336,18.50077150412569,18.08338941794865,17.856621566937203,15.73814039194676,18.536965688230428,15.4335821432167,18.776863344405903,18.231326647462843,13.910947339223712,14.284605811071392,17.269168130198626,16.033467557083288,15.386187601283853,15.390709376166738,15.826933929781797,14.843089582686371,14.03840815885942,14.924244032634906,16.478595903541148,16.550054936741,19.91280392688627,19.464419285647725,15.79096673825416,14.036760885846874,16.918755564561827,16.314718052819835,18.62877731930409,16.632711308018234,15.849473155843848,16.970001521052172,16.904926902926118,17.555002685156335,17.415891831752315,15.483400286600023,13.99475164756907,16.18979922273136,17.4453012937985,16.141889605502094,11.781831622089673,18.12543074326461,13.076862320858716,19.72152319749816,16.43415649628367,15.76227873610994,12.112447856535356,16.497800694637057,16.098826986973876,17.1433733795571,15.721600632085991,16.77376774808114,18.74053917366245,17.171537198458562,16.295666146324866,15.270512053797892,17.824722809283074,16.73027487699426,13.12121647929726,15.06802531861773,17.845207665331724,16.810847560004,16.86851744681513,16.472545675365307,16.223482052289693,16.217315583538223,15.177955986711828,16.626230905647443,14.08848974858816,15.271274623547242
14.498993063398148,18.483031910347204,17.122722601896154,18.33238251154416,18.77880478412916,16.545743379038356,14.676736461794665,17.0454992488651,18.963859045186783,18.358944916182985,16.805125476665985,17.876329536103142,18.1742856473394,16.055958980526423,10.934410710640496,14.550607093397526,12.669732857165735,14.397933682043812,15.78619278662584,10.82080212974441,0.0,16.276419053988437,12.378919617366485,14.51170575901987,14.370178758440815,15.244769947937524,14.10468933048018,15.199718750026951,9.742097712670308,18.23439166034257,18.99633111671486,17.65346900367059,17.305216346987123,15.837324910584696,16.704365580818834,19.247242923597145,19.4001242290554,16.208939752572025,17.966875650652554,17.61395742666654,17.49992733644184,16.81886634492396,19.491711451089348,17.337040435296952,18.47064345085034,17.721628134611866,17.902744077463844,14.855564931920783,17.693232091487037,18.07916575009512,17.96688606029443,16.797376221466155,18.179249325450115,19.001753685116157,17.227990147857465,16.624591645165502,16.680604477496388,17.561924915602273,18.186026302984693,16.701516746394308,15.58478699246566,16.93555698881945,16.63626323089251,14.253420970999342,12.770392489098509,10.975352128688725,16.59712485378692,13.029053755563478,13.883044323930092,14.872784058855864,6.70475936746118,15.901827422614923,12.494175194368244,18.400813722844017,13.987159817728983,13.560472354015369,10.481616280042587,14.599607423598613,18.16773157398942,18.85690507127861,14.024317557298026,18.27166727647696,19.34505470856265,14.448791852232524,15.137179640359928,17.914179957951518,18.743004456558808,16.040226982303736,17.604527232022015,15.774778619641587,18.87022852277793,19.02051105861725,17.764029585176615,17.813313099499037,18.44988654650253,17.460180218493406,17.69034678025878,14.932226275958568,17.7214123640855,18.25020521016449
