Var0,Var1,Var2,Var3,Var4,Var5,Var6,Var7,Var8,Var9,Var10,Var11,Var12,Var13,Var14,Var15,Var16,Var17,Var18,Var19,Var20,Var21,Var22,Var23,Var24,Var25,Var26,Var27,Var28,Var29,Var30,Var31,Var32,Var33,Var34,Var35,Var36,Var37,Var38,Var39,Var40,Var41,Var42,Var43,Var44,Var45,Var46,Var47,Var48,Var49,Var50,Var51,Var52,Var53,Var54,Var55,Var56,Var57,Var58,Var59,Var60,Var61,Var62,Var63,Var64,Var65,Var66,Var67,Var68,Var69,Var70,Var71,Var72,Var73,Var74,Var75,Var76,Var77,Var78,Var79,Var80,Var81,Var82,Var83,Var84,Var85,Var86,Var87,Var88,Var89,Var90,Var91,Var92,Var93,Var94,Var95,Var96,Var97,Var98,Var99
0.0,16.467362163475073,15.480175136382098,16.81901323892821,16.943715008492696,18.253773445679304,18.479351506745928,18.784804929334086,19.75290404909042,20.09856420534129,18.360192159836195,18.24049487134734,20.214183781635043,18.89280312238809,19.13413150058672,13.33008593467,21.39555478610135,19.83558714781757,20.17460309825173,20.33077904926902,18.91176662501349,21.830316548837573,20.496471308504315,20.20530313768953,13.684194427915712,15.36460901238651,20.175684379925237,22.10544089518967,22.420526057244963,20.48250748153053,17.967898760456418,16.709186504969963,15.771339727354762,21.679601153301423,18.95000728099537,18.39017545869687,20.516974035632497,16.92784691619994,17.601740219757385,16.396788922343315,21.58833375960258,15.0059489500698,17.790639756736006,19.11156194584807,16.900216944100226,22.513812780438396,20.804277034682848,21.757239658914397,17.60313253887684,20.47908950008645,16.47119690811305,16.807406700247537,16.177241576400032,17.537281453673945,18.84315889517211,18.13433637000021,19.308926485468717,19.51201463981861,18.871922660922856,20.762829449115145,18.20732028627776,19.72481808985915,20.04263704766315,19.345329508364344,19.613710360786087,19.8620397692945,18.708747370064188,20.146878407078194,20.315108388279267,19.58018601853715,17.799978825025917,21.07957390153656,20.937530223252462,19.324321835563183,19.38285198728544,16.362887358632705,20.57916196764984,21.584731247070923,19.398321898759598,15.154040097332162,21.883590166423424,21.15660442565195,18.548564993547267,15.543438860302192,18.900608691032133,19.81735267102729,19.549248843394547,20.35765806560258,19.809083335267157,21.692799192932657,18.952342822567196,17.557703432966022,18.17257593569512,16.643092819255845,20.612651066712644,18.93749463416401,20.47304448522449,20.14093719579317,19.189149616152758,19.687066360741085
16.467362163475073,0.0,8.191889517364865,8.54579708729732,9.823516527544848,15.620850747615346,12.150313895946828,12.24837748818426,13.822246760725012,19.06278231010363,18.081160883780235,15.873402814686468,16.053508807859156,17.9286245368561,19.278500351054923,9.40977257771087,20.928616955973524,17.60411462218459,20.344298303939407,18.37242950475359,17.605670501924692,16.62160117063487,21.202336269403062,18.235259347566124,19.112325718308963,14.072231740190189,18.408212789415103,23.20360357700632,22.548426091147228,19.539369726490797,18.61076196790016,18.427281426202107,18.969514764090707,21.86159707989063,15.353812188802602,13.513764845024388,21.870976789277734,17.127137351588146,15.16064177679906,14.284284359676676,21.99248323278916,16.38165010428735,20.759016727324283,19.61148097439423,18.07055279623439,21.58599312144081,22.225268403973324,20.35617996736233,13.270602982347402,17.30782640181815,18.33610161921644,7.246659376856018,8.884033890937902,10.609231038171067,13.187218483317409,11.050945075823098,10.466614174855522,13.422474862034155,16.671149782035084,17.742052833812128,14.071159949533213,15.4340275415836,15.466024200844428,14.987948546689166,17.75818239535201,18.84842254109527,13.993014165557875,18.87117329524292,19.343473741510504,14.027890215680262,17.468621513363036,14.82985716921272,19.64724837367736,17.422237297947248,14.900810600012026,14.886814688713056,19.937587410653364,18.64934269723681,18.691136229221936,18.673655812248757,22.28168134773925,22.053283209683627,19.352255194495005,12.743150663250798,16.725253040656202,19.57510978597569,21.16592976498612,20.339217735604336,15.857826834680626,20.98993554862162,17.78548189366902,20.346173080947363,14.573872848481445,18.750619614183623,20.166829222443045,17.820169582378817,20.449072147581763,21.53010038100438,14.367963448873851,17.597759250859937
15.480175136382098,8.191889517364865,0.0,11.79215164635098,11.924622086719411,13.430418859981566,13.372691402971274,12.957289823916216,13.4990359681916,18.748163501777764,18.67097645826965,15.87336442101756,16.646744538023608,17.818125819994897,18.579320307747864,11.261586594921326,20.554095064728312,16.359874128480815,21.04912354727405,17.37534222747688,18.243361904948024,17.181174735236915,20.360312885519665,18.4983943266902,19.5055305403229,14.628319648315212,18.933941579805037,22.382825660717756,21.7911598023629,18.705757674276025,19.81952074269461,18.90708719392745,19.523651585541117,21.309000121815806,16.56766826846714,13.482712298950965,22.44899939571028,18.07661287038907,17.52464019785004,15.478333809979524,21.09267834309412,16.098282872797757,20.037878136853436,20.494042832956744,19.23371600133155,21.8758758020129,22.070143939671343,20.116037120275998,10.898311958805085,17.92360849493524,18.46630368363676,9.14959812932381,11.448746342689736,13.399493440023544,11.405686026883108,10.059088224380284,11.775852473981924,12.519757398406204,17.716575755755123,17.11628823864144,15.391720118507942,15.786665038231634,15.26194556535756,15.643823083811103,17.281079873452498,18.78155999447953,14.741700057953103,17.98677526309998,18.908944401317644,13.93885267266094,16.74591374622743,16.14640112838632,18.36872140898603,18.67283791010115,15.650266644871015,15.365041284613223,19.58727675017645,18.725332262009186,20.60250016230503,18.288802137707638,21.83546316891349,21.88275592406826,21.110038008699497,13.965451469774049,17.13443418930539,19.31420355925009,21.13774384077137,20.22987877915371,16.078906384244114,21.032253328093503,18.83732314975296,20.46607506373381,17.336591914319868,19.10316983425553,20.1587565398376,18.80421072749195,21.146131503134143,20.992573240741503,13.87401289055116,18.45511703564353
16.81901323892821,8.54579708729732,11.79215164635098,0.0,8.29930262495938,15.356948382431405,11.988404586375394,10.32223202906283,13.489331584986411,18.78279540361339,18.04470925173705,15.027913023893182,16.519519512299365,18.045005606349637,18.419953310492616,10.784605309097746,19.645794282745797,16.135301395543426,19.618728980306848,16.33225634686468,18.75990379622147,18.038778786258536,20.71609590948655,17.419450970789462,19.85884508813329,15.403440368743995,18.97859213817549,22.353624646404832,21.68220256317585,19.50173532712485,16.88954054827315,17.672475480206376,17.386394488942702,20.691355878474823,16.354171600749833,11.850069161652216,20.759517585641422,16.75443908114652,15.748108978035834,14.842046035300209,19.44971396276902,16.49670227763316,20.083917152787805,19.28197730501521,17.583433048810807,21.096692574468165,21.48182161390933,19.942074194320096,14.518676622198798,16.519605540097814,16.890284822103613,10.868467337870982,9.359877448803427,10.200700350253337,13.378288197001432,12.4716582320933,11.3741162672222,12.160625243747758,17.10572606802499,18.15631131327504,14.233895159617674,15.98536913506512,16.40241380159332,14.516522692051836,18.238744356127583,19.66992633623711,12.522992471630404,17.706061877993356,18.21605091521156,14.288221200538157,17.28455513374208,15.49710023035121,19.764556803606634,17.331801221971567,15.27667647403283,16.957285944731,19.101863457158355,18.022811656037835,17.280832045176556,17.658851048950208,21.44861503456628,20.21665867254653,17.734989547990445,13.55130905325001,16.18006809565289,18.93670802195319,19.906013087063887,19.75677577384256,14.37511350298793,19.691672190471657,16.56584009922615,20.3120437903382,15.093073314734008,18.328251899431734,19.7889034819144,18.147523008139963,19.73766190254505,20.76535211346487,15.533709070349609,17.321923562347102
16.943715008492696,9.823516527544848,11.924622086719411,8.29930262495938,0.0,14.896971500074038,13.28563733114064,10.80264715177444,13.15177199613502,17.783846067289762,17.522442079866508,14.012404197907912,16.386524552336734,18.677093366778696,19.52237660415602,10.092199787060958,19.17946525322609,16.89831906366658,19.87507991314594,16.75689652386502,19.04445591147429,18.194235974154623,21.713883166688728,16.863894076298138,18.77247778283235,14.2507522706285,18.000188949479274,21.287807382248857,22.00493377116802,20.0415430923482,15.359836580515088,16.22537017031641,17.144837116009306,21.73153573985631,16.26170481666023,13.20173984856643,21.10435929349289,15.364705259562683,16.827544940350958,15.64737697243866,20.298375122042422,15.093320720058973,19.025807492823805,18.590939215899976,17.36089155591586,20.85339694254266,21.705768746484672,20.60875257137565,13.487159943021206,16.257588616359584,17.72422447128126,11.745111898203469,10.058226076705068,10.24688922758555,13.13461460508996,12.42167215755927,12.46895572727607,11.91155959611032,16.678097601945833,17.049035117262804,13.165844797672868,14.837475045072186,14.615991653981764,15.309480936988908,18.300090295694044,20.28719669335752,14.013695159166152,16.876244303034657,20.14938247368063,15.415355392600697,17.428385947152133,16.53764644102234,20.715085055775965,18.37903164937752,15.282345596478711,15.440126073477014,19.579814917983743,18.49435957685533,16.613977128996183,16.67987752681972,20.84348874126626,20.77712606443039,17.716363222814092,14.331113016775452,15.645561648111386,19.53332575719173,20.397056592558865,18.86765875228536,14.593205923481923,20.38360288748515,16.34978071021181,17.497848297639955,15.007153331201764,17.47608773626029,18.054103238834283,17.201383752176856,19.788035984579366,21.34067472277435,14.574573640539205,16.858368462061268
18.253773445679304,15.620850747615346,13.430418859981566,15.356948382431405,14.896971500074038,0.0,15.073663591584992,14.14982456529686,9.390581378140244,16.839002650307624,19.245490612677305,15.487946859637889,16.592032334379446,18.17431526781905,17.678962190896474,14.477970135089402,19.136039482415363,15.372601699810977,19.255075771239728,14.969224090589892,19.207443207105808,15.68873461995599,16.83068893302126,17.2759357127744,19.698423887532343,16.87778473156379,16.547745958467797,17.67750112635628,19.20744229927115,16.405721095312916,16.815783467108794,18.017593003934252,17.891986822986354,18.743972017516118,16.35440414632195,13.335689254370664,20.355956961402,16.490380987734564,18.25541480571792,16.199983060085593,17.365078115628958,16.282686187470212,17.928971814417707,19.882790036301312,17.622624383697023,19.22538870750698,18.39127976688009,17.823429816590316,10.99781628324896,16.362714000395332,17.84968108912201,15.60445217938195,13.832091093924468,13.990561335841278,9.459617443147096,11.14338325574597,14.638774402691098,11.60254407005548,15.537330911970278,16.696795034576464,16.937155971334104,17.56479455931592,16.09027141688758,18.25227288487104,16.430595918429614,18.973575886762514,13.92949552685017,17.8970017317714,17.292274070791084,13.535960804511667,16.379066589675368,16.079305169920392,16.81378952407644,19.21971820888308,15.813190708556036,18.424742907996592,16.020784571722896,15.49279381147918,18.15116349001456,16.315144127299874,19.45005825992277,20.22088944797638,19.4032163809911,15.838740150892212,15.614181285221273,18.187714090849727,18.6847365557661,17.23646396584377,13.68061411479697,18.76989595920754,16.514517149293777,18.84794521271393,17.545125777496505,18.716627496868863,18.650398155553887,19.4939233608969,19.16465668088738,18.47126237913388,14.426625377207854,16.732052332807765
18.479351506745928,12.150313895946828,13.372691402971274,11.988404586375394,13.28563733114064,15.073663591584992,0.0,10.385237125627542,12.927378534226724,15.748484347816504,17.91629834966902,15.120082093538104,14.153871752893432,16.62942473833951,19.42922206227325,11.504895326934706,18.868051400239214,16.242246744019198,18.46211994517449,17.68723182648777,19.152301725880424,17.64128257002985,20.29215128471643,16.876782011744623,20.76473405323245,17.472718317535975,17.934078432499813,21.547949960776517,20.7861092779435,20.3537327380318,17.987987419233043,18.28721700408052,17.956783615101138,19.421579708840323,17.051135808320264,14.288176229495589,21.869801323278537,18.896019993804675,16.9980224173028,11.914311208082914,19.760623739575813,17.57194142464253,21.94049316136139,21.45440842655671,18.514738040353944,21.220269056829405,22.29274454936908,20.605989650512534,15.18634589254247,18.21829408870997,19.108416650816675,11.952505895613704,11.057184433973868,12.17156776142922,11.929918114304355,14.221702289590368,10.28165376629664,12.608831203057145,17.720090891610134,18.415923928874697,16.246067837551198,14.9716631681755,16.623675680453353,15.114413442393202,17.358717184506077,18.947135402102088,13.376553242080371,18.11136479768745,20.34089864057775,14.61447518766462,18.153281198779627,15.845787616289323,18.986403123889147,15.662469468316932,15.648613361499269,19.251409750638796,18.86102633077625,17.930604097581654,18.59863017837364,17.46890439739077,21.820238580759067,21.91837276866362,19.594699897353312,15.732705965609728,17.415921081592995,20.64637571232827,21.21298793673552,20.137319586515822,16.045597644390437,21.614590685408693,16.116997640544895,19.517596693949116,16.70907402941164,19.434975834244963,20.916228163052462,19.592735737249026,20.46139314953799,20.94758586625397,16.427312224079184,17.85748991222298
18.784804929334086,12.24837748818426,12.957289823916216,10.32223202906283,10.80264715177444,14.14982456529686,10.385237125627542,0.0,9.65569755860282,17.308375825620175,17.784637655170307,15.327849403241794,13.969356881621822,17.8745199660879,19.10701218369796,11.945288816612852,16.385636695402845,13.803336487691372,17.655198857028616,14.876346212820728,20.26305545641043,17.252399400598865,20.626012883526144,14.18392114262186,21.24652546882784,16.716186391513745,17.62387497844491,18.981963527639085,18.818770715720795,18.77152915416585,17.650468585542658,18.558500508666373,19.244783960532207,18.31938834972117,15.663130189799702,11.33367097854941,21.603649640921503,18.53063994469429,18.580791329047315,13.849834626075785,17.770656987020573,17.338208992343244,21.61287696910954,20.82417309761726,19.25340519922786,20.03365591199932,21.8557775386072,20.39300992675923,13.959877586371343,17.281827712774962,18.56474537098669,11.309208565990456,10.96520172432099,11.449794530190635,12.529337403206805,13.677424713653073,7.777256339373198,7.758424583890169,17.6163961771169,17.585234438665932,16.07014192688143,14.127214635189835,16.44222870469387,14.916494893247943,17.77669543860481,20.611733421220467,10.003661615188852,16.69570436472147,18.219277212727267,12.243243411773694,17.2988536298574,14.582250370327904,19.39474567548235,16.733669811397164,13.951134505772764,18.57995553507491,17.112220872467844,15.613373416775293,18.42198084205626,17.813275943260983,19.17952855193487,20.62321250589215,19.22290327961516,16.043760565058204,15.146329012898333,18.882719181094917,19.962551719186497,17.345472005977747,13.95859159380574,18.29339804962714,17.05795164720707,19.63576870883482,16.534283136385785,18.29931697721114,19.281249506938195,18.630791435165577,20.099054216736256,20.624225983520653,16.224727844792778,17.99499524158492
19.75290404909042,13.822246760725012,13.4990359681916,13.489331584986411,13.15177199613502,9.390581378140244,12.927378534226724,9.65569755860282,0.0,16.522065979435666,18.410044097786862,15.196414047024875,14.638179453300582,18.53045420303441,19.48074546679988,13.034962760192132,17.213931734656075,14.729883781363124,18.772292685858265,14.538491058089,19.203046265195592,15.357752467944602,18.58206850195864,15.642519577369749,21.002608293136745,16.86800827435688,16.686246818150664,17.337767329044222,18.4863333088066,17.793768086256236,16.597471861509835,18.02147428892704,18.19216652568732,18.0904844945001,15.880617917427283,11.28497394361558,20.770713209338407,16.75658095333085,18.83317329220346,15.664242932977142,17.618816122351475,16.778127118994128,20.344974625281008,20.4237127470788,18.13156158801,19.056961358214057,20.44280403362888,18.49335723416948,11.608529074417469,15.513801526390438,17.613695172702073,13.411599054583306,12.17984658339888,12.025136563676218,11.29778465931664,11.171724879517326,10.383411615093168,7.557291253036424,15.671325343856498,16.51289132139107,16.56006723212889,15.260708465396332,16.373217348855682,17.35233154302831,16.72961110972963,20.227712274965,11.292651395877783,17.573153083803415,17.65407806611862,12.0696400761155,16.974569519706108,14.426179096002665,18.87985577030931,17.639698637469355,13.661275548339953,19.095327280166188,16.287271040304663,14.727624952015884,17.648391518614794,17.01274666527478,18.736110990074987,20.45066299452224,19.340544171536568,15.456701433407831,15.33166852185864,18.91515958077974,19.794232199561623,16.556258890869625,12.044677445074498,17.987855872470313,15.698312382668067,20.092203690850933,16.54932440167921,19.165927894343557,19.507816146210832,19.22683626845734,19.441394913627555,19.630038274214947,14.068625038335744,15.963496979690886
20.09856420534129,19.06278231010363,18.748163501777764,18.78279540361339,17.783846067289762,16.839002650307624,15.748484347816504,17.308375825620175,16.522065979435666,0.0,16.92520070333798,13.300109443165615,15.86615419125794,18.825057342429865,17.449873692952185,17.82196324466428,16.69082915694464,19.483714628161948,18.25925104402637,18.7048378543087,19.64140689932608,17.421053264636033,16.724611184350458,16.346007022382796,20.165759999382026,18.5513448311824,15.381225234018626,15.153943851230746,18.18274522605438,17.920375624730735,15.52404559416951,17.615976881730088,14.906163262120224,17.686807623622517,17.44423646415088,19.349093924900966,18.41526545299437,16.02846521067714,17.057692841755397,14.349751658157986,17.076992927165048,16.43009803287897,16.977740977588805,15.767532836956777,14.888536639403677,16.891697832027862,18.52616014062698,16.23644131927976,18.27935744580759,16.888410579310772,17.731875057345256,17.991408861146954,17.975467038384462,16.201739431814623,16.985026344230178,18.75223793854084,18.419203406789794,18.13408478294138,15.056284973827902,15.493174611087014,17.616768669534213,17.160280714820043,17.06561872476071,18.953088935233325,18.18273458913666,16.77030124826479,18.091126787599507,18.5205493556304,19.961610120279094,19.767059391533987,20.42323761790993,19.53899861008582,19.826347501777168,17.12332908356219,17.806211752571155,18.68899975808385,18.050737753204928,16.611941705732914,14.869578307923096,17.400032370046535,19.071659385533756,19.665388269885373,16.34135175776385,19.57564003268863,18.41267519385033,20.68111420822075,19.70031144327127,16.06642524059567,18.74291318926524,19.305332652336507,15.426194453632544,17.80654206425759,16.92800076934402,17.86875475016987,15.906082868292655,15.941188549438715,17.938366682193614,17.78935977382592,20.275459464158324,16.5766076985302
18.360192159836195,18.081160883780235,18.67097645826965,18.04470925173705,17.522442079866508,19.245490612677305,17.91629834966902,17.784637655170307,18.410044097786862,16.92520070333798,0.0,14.385777407441909,17.016050900724515,20.638162393082503,21.24493324757742,17.93551850862939,19.18677724184844,21.39834334067632,18.255649153650307,18.20751862390946,19.480708718296636,20.65589204461276,19.972028655811137,17.111177906700654,19.073872165472444,17.66528347724149,19.116634810326392,18.012854440208347,19.776370475171376,20.35032188848308,18.87394952016294,19.364218720240142,18.158018488294648,21.245995377449194,20.48680565777094,19.57741230618946,20.012249881082635,19.09605014791484,18.597685233217604,17.126471866511086,19.87238874776121,19.956480413413612,19.444765773496474,20.47211673597598,19.663011912442617,20.390480402976007,23.257677983613352,21.95376161930674,20.751796826750898,19.00955077462157,19.679364922801174,18.2785761740464,19.519251941535263,18.07118197481141,18.190503236088443,16.786515251194114,18.572664662889267,18.52274845648934,17.184159556796264,16.242494773171536,15.975198560065117,17.90029339299706,18.758733186180727,19.769679924098487,19.388442952066526,21.28896168226992,18.58577839743566,20.03695359349091,22.34592822823223,20.216970461332537,19.963072941389274,20.313040895999407,22.39104766316416,18.734602846971764,19.199387091856767,19.30871967370344,20.41609245004657,19.65376026250305,18.963384797633346,18.74971515883064,20.076978218761266,21.59707897549842,18.898538134741663,18.76876618741977,20.723886979403645,22.25280796446753,20.80212444296835,17.87271878951092,18.965926654527685,19.63294670321705,20.1791981805477,20.48560256007961,20.15812059910808,20.834620219213217,20.170898823072445,19.38520270831448,21.428435429639936,22.45066948231848,19.75667886837809,18.979233625534825
18.24049487134734,15.873402814686468,15.87336442101756,15.027913023893182,14.012404197907912,15.487946859637889,15.120082093538104,15.327849403241794,15.196414047024875,13.300109443165615,14.385777407441909,0.0,14.900960968114862,18.172667540260925,17.79383407537394,14.621364130640709,16.59008366634258,19.22419816734668,18.72037578512151,17.78286295713847,19.746132625719703,18.043967189999613,18.783018652693507,14.579308879394674,20.01755537031736,15.400599012242472,16.822448818873,17.716327940551547,19.641768738451766,18.96957838235585,15.20202740341858,17.004337195526844,15.341523786603746,19.73844835608112,18.58768106475828,16.658719817966265,18.46543052515775,15.357679424959231,17.169652249174717,14.345276995365415,18.08350868036038,16.725067398442842,17.221716870410855,15.8865271253972,17.203231321898027,18.536044638213404,20.189684681162877,19.286201794142425,16.28647471552133,15.130932235049242,17.56619751855705,15.728384835055566,15.89472298940874,14.234765741777942,15.051558956275525,15.33511451620049,17.022242492474298,15.615809569841804,15.596691191734138,13.906405786751252,13.031371181797292,17.752519368160247,16.165204448695835,15.955458629177754,17.210672340974636,17.712478291916504,15.11050625389541,16.816218816332483,20.321266557211484,19.07203758926249,20.42298860343595,17.294753220181217,19.445330794215103,17.027439852681603,15.190392116010443,17.440993593994612,19.321130636971137,17.157073424439137,15.66145214019262,16.122826279098806,20.008020716756658,19.52315623066571,17.219031952118236,17.672482591354402,16.905847972671214,19.603801880804564,19.530371325824703,15.906184275214642,14.911796341890058,18.32407650609567,17.097572574234988,18.58421283061201,17.2432687147021,19.08498589077892,16.152353653019645,15.809647119534832,18.28663265443075,19.941529895567932,17.07991693559528,14.476381443618228
20.214183781635043,16.053508807859156,16.646744538023608,16.519519512299365,16.386524552336734,16.592032334379446,14.153871752893432,13.969356881621822,14.638179453300582,15.86615419125794,17.016050900724515,14.900960968114862,0.0,15.15848964509484,17.906239737241883,16.29433751777752,15.328789830979034,18.30072558399262,14.82082764662219,19.672079213765542,21.040604650137254,15.661349949641885,17.834366101890048,15.502278171908612,21.491539187204637,18.43653949699525,16.77912243354178,17.813665891040603,17.638298605452402,18.145613082732105,18.24306016547287,19.37352508911287,19.642239003089387,17.93893900446591,16.792217571716446,16.11084765423681,18.775899103416368,18.26608280002336,17.237437318951844,15.709858268643869,18.71777176622596,18.424640343631065,20.412433345271705,19.924704901134657,18.504188843983208,17.708325972991098,19.267117558693798,18.62460331308763,17.007847996291684,16.265812043829932,20.10957772234075,15.280154479421462,15.061429223040069,14.815997280620229,16.446276581767382,16.07947513230853,13.673867074134602,14.5516131624935,15.234128932872071,16.60952183017182,14.287511921802857,12.442105271228696,14.868803497486676,15.102657981316854,17.577474318288758,17.63227015961639,15.065269153071355,14.920443201277132,19.44865091760837,18.195736164962945,21.36223437168925,13.547783648584534,18.238461178710605,15.572109016707412,14.11506533117117,19.193914925998623,16.037876231636606,15.12278967126853,17.82968338607856,18.14689478160486,20.003429697370603,20.52812519492842,19.212347740770177,17.927526572050418,16.232660642357327,18.201362571047103,18.211182297322072,14.692949190324136,16.7704285649787,17.808924782723516,18.146170227535304,20.122705774284064,16.33690934506413,19.699887711402983,18.815773593113587,17.158918081546677,18.339040930029064,18.311594617799027,18.4309228860807,17.3261657952516
18.89280312238809,17.9286245368561,17.818125819994897,18.045005606349637,18.677093366778696,18.17431526781905,16.62942473833951,17.8745199660879,18.53045420303441,18.825057342429865,20.638162393082503,18.172667540260925,15.15848964509484,0.0,14.011986739941186,17.650044950586047,15.5997824355201,17.34726509077305,14.073524832216243,19.152540636445444,19.375461716629204,16.281751279987454,15.183680813212082,17.75210162630714,21.25519880964977,20.257220489163828,19.059376766849034,20.242992751688536,19.731480497099447,16.387167928950046,18.56981953762695,17.23572135789183,19.23772302944224,16.366480832972808,18.11441207352544,17.759704171173986,18.442137100960043,17.708021548197305,19.576128423212104,17.515348189699548,18.7825567242125,18.514934292194745,18.844028761666436,20.32377234020929,17.876978770612837,17.526714036625428,17.047202906256324,17.26165075107293,17.981971540549985,17.16739484659038,18.348272333360143,17.828811197002885,16.708844555150243,17.517974309923193,16.95351345949853,19.62080802011945,17.55152197770568,18.65377208783036,19.50876259745453,18.611683885523696,19.151950898885605,19.788481162740677,16.138934346054263,12.217794764395531,15.293593830717686,14.90097889007396,18.73656007822128,15.132478471843518,16.876587593763592,18.92314068031451,19.08193822064743,17.219098187310827,16.441719190061697,17.927177840523512,18.13509002476033,20.547350774535264,18.993819364807877,17.391342305715625,18.199018995552564,15.699148291432262,20.595836265744403,18.16459173643553,18.42440294492404,17.850149025769195,18.186066048843603,16.103158550102332,18.47263886124364,18.543112175323177,18.670306592894068,20.570861100863105,19.047418839682365,18.930763689036425,18.08550994064987,19.56760025381752,18.637604646376325,20.204504638371404,17.880578271352572,16.076020599095163,18.550860598083013,18.030111921217483
19.13413150058672,19.278500351054923,18.579320307747864,18.419953310492616,19.52237660415602,17.678962190896474,19.42922206227325,19.10701218369796,19.48074546679988,17.449873692952185,21.24493324757742,17.79383407537394,17.906239737241883,14.011986739941186,0.0,19.549943090607787,18.1491994998166,14.21374795255701,16.281003209933576,16.733661856818173,17.916974447663215,18.438748700116992,14.011838316363791,18.070432266786828,20.493953587704848,19.33765017210362,18.5709704895243,19.33130954148316,18.019426462638556,15.65264872359791,18.250013981352527,16.89895845627262,18.513391393582086,15.57157017713567,17.8587199089345,16.30804667794934,16.984033910239447,17.54635271329042,19.415226553356728,18.9256794460654,17.074088048860336,16.982104728966462,17.288382287588412,17.08744697803263,16.80455640105458,17.89879287053458,15.908561094187217,15.189645279957173,17.827343457017296,16.04387018577287,17.06872748045169,18.979392105843672,18.071727686643293,18.047591127867296,17.97969411077083,19.47886628571224,19.2432070851908,18.92266837230085,17.177054926173295,16.367667856750092,19.49966270133906,20.791013379814075,15.646978594131694,14.052775737813503,16.155597776589243,10.48313822378968,19.51464326454344,16.23778646667579,12.671323601336573,17.159099072938634,19.11842196297158,18.383500286423647,13.052169522957874,17.817750971071437,17.735149093951904,18.967072692414025,16.995304809807635,17.83666115379113,17.113146653513276,16.906655137723632,17.63010944398627,16.347455452895634,16.529814562020924,19.638407182988,19.161845693110347,16.121729260422857,17.333261091735647,17.657801120909895,17.27626215475568,18.658838602498506,18.36465194235593,18.548920469461155,17.571986137598344,18.38957828384157,15.908902087840586,17.819923577820745,17.986159606238363,15.19799342701458,19.22435008503382,17.428906481037327
13.33008593467,9.40977257771087,11.261586594921326,10.784605309097746,10.092199787060958,14.477970135089402,11.504895326934706,11.945288816612852,13.034962760192132,17.82196324466428,17.93551850862939,14.621364130640709,16.29433751777752,17.650044950586047,19.549943090607787,0.0,19.97455508238072,17.27183891842201,19.34491014676859,18.1336397623894,18.19878648635812,17.24541399809113,20.7528843033152,17.711157518935348,17.216699169132024,14.093916701277134,17.463056118060386,21.62958564891906,22.734012409999718,19.884919260400864,15.7825405993405,15.394551655949588,15.537595265037336,21.01802896823016,15.067124683556749,13.511299084502385,21.588139146807325,15.729320082177512,16.566348905330234,13.112025587359527,21.44922229341112,14.213624630590049,19.757658895465248,19.54976717150147,16.195066525473607,21.615375103246212,21.62259404589152,21.12636347299752,13.498109803560329,18.135272984696016,16.86383356073902,10.637166723528631,8.40201819918868,10.793554022000142,14.086121191221158,13.499907899664793,12.047575024738768,13.233685122894418,16.694682956305957,18.145145023521312,15.489747032752364,16.071162734210382,17.1547388117657,16.37478234865593,17.70374828380545,19.94586410832359,13.744254555636186,18.51960347813447,19.405590913127163,14.843452433582804,17.689273705410535,16.15802603654852,20.08218393544097,17.884583605516692,15.378179702567891,16.366766249006158,19.626872763329605,18.516189580630403,16.851551623476094,15.346821279455542,22.11886527170628,22.264407175660445,18.1246078176897,13.371937965770067,15.935828754624923,19.80673871616669,20.90922920263708,19.307332043212604,15.255213835410064,21.524677108036677,16.394058658006458,17.745031601544852,15.37795921106016,16.371255632788177,19.86002817899989,17.93379742102222,20.467314511545982,21.05914121768785,16.057485174326477,17.157268641763217
21.39555478610135,20.928616955973524,20.554095064728312,19.645794282745797,19.17946525322609,19.136039482415363,18.868051400239214,16.385636695402845,17.213931734656075,16.69082915694464,19.18677724184844,16.59008366634258,15.328789830979034,15.5997824355201,18.1491994998166,19.97455508238072,0.0,18.32752757023354,13.617434753017031,18.222708299061647,22.48255269372541,17.841404360856565,15.932557845534571,13.590941760597849,21.992860720403552,20.90651108833035,16.52037476718281,12.406506564389831,14.939980228148004,15.58896546025031,18.55142381021512,19.38309430617477,20.461804826567175,13.737588848933903,18.67447598073654,19.18066343581744,16.897533660178713,18.6241970827698,21.10354320466495,17.327996280408705,13.858995548337576,19.47643334636721,18.43321116618222,19.21161776429111,19.30506917527567,13.168358790612084,17.054405416695033,16.120446163174872,19.36138254526095,17.315238418002867,18.81298967347203,20.076896835868943,19.111715997775324,18.69601386480802,19.151020698756952,20.96446697425776,17.827315290773395,17.283665861442206,19.367260537940457,17.377410235214654,19.164362421158597,18.64776237092702,18.78617175209929,17.927992482106607,19.87524730777611,19.45874997126687,15.378764757811696,14.056797515458594,18.229205632187792,20.97679934600455,21.83342884868433,17.330587359686582,17.9917914318852,16.624534816547794,16.856953116110585,21.197113678134592,16.92352362638998,14.271855044285171,18.555819757466736,17.962852434938227,16.343173413274258,16.431054155180707,18.418645177766983,20.088304100671305,14.942157117044667,16.78887979213168,17.161941482648537,13.71802631765252,18.54581974619789,13.670010198136682,18.60627440723558,20.28770832295245,17.626741515798273,18.34141341222108,16.538099061481102,18.189448438234606,15.55537335660199,15.232887993885646,20.864015338605668,18.043859590761947
19.83558714781757,17.60411462218459,16.359874128480815,16.135301395543426,16.89831906366658,15.372601699810977,16.242246744019198,13.803336487691372,14.729883781363124,19.483714628161948,21.39834334067632,19.22419816734668,18.30072558399262,17.34726509077305,14.21374795255701,17.27183891842201,18.32752757023354,0.0,17.683775057266523,13.01226539361827,18.239146723489608,17.280041513910277,18.028684682078577,17.602167788809126,21.579773746277784,18.337870186022567,19.765034638434106,19.96923129495058,18.058188869275696,18.858680584828303,19.1871456554074,17.804055508140596,20.593716186626818,15.053448516038571,16.74396456940575,10.975532633683688,21.19266966836703,19.60249832770656,21.452580674087525,18.112147738348845,17.51349518127167,17.692155498579968,20.736879409907694,20.48115223621676,19.63252182884201,21.164592107029748,20.635234681221355,18.80525455825127,15.18062526292597,18.26089252661268,18.964823528975085,16.723523571159127,15.574481950384,16.61045153022951,15.00240236043626,17.102116764559927,14.03618841781142,12.915995154796551,19.10925838362815,17.605475980050755,19.607404757394868,18.22144780410074,17.67374153986783,16.400118593696625,17.259805145330215,18.51291195790869,16.011671866301835,16.12372829253878,13.384632195724125,10.204266043322969,15.483641279616668,16.908274736879616,15.498798951224517,18.147714117349864,16.921344716028628,19.298174361027023,15.410130156525586,17.73999342764438,19.14015908903728,18.455825945471,17.560573174201206,18.54549436212868,19.005413777692542,17.85523404110497,17.484385418457958,17.255842101803907,19.395001815265275,18.678325512224035,14.819958178964413,19.55530226036085,18.14588111650168,19.73596089720822,17.7319837846901,17.98095171432357,18.38220732475686,19.889558677658588,20.427615427914365,19.12581974527145,17.382857770530755,19.360229622197508
20.17460309825173,20.344298303939407,21.04912354727405,19.618728980306848,19.87507991314594,19.255075771239728,18.46211994517449,17.655198857028616,18.772292685858265,18.25925104402637,18.255649153650307,18.72037578512151,14.82082764662219,14.073524832216243,16.281003209933576,19.34491014676859,13.617434753017031,17.683775057266523,0.0,18.07430326595423,20.944220261467315,18.70195118306277,16.62976825475771,16.292806340008745,20.85158561349416,20.49756734273611,17.134033769569495,16.712646230871393,15.720985771126864,17.16881761673526,17.024358344096647,18.47983407681566,19.756178157928503,13.522541844391982,18.174487271620475,18.422057115974035,15.921754256271145,16.888006217391847,19.17417021249235,17.50881236832735,15.31572066124398,18.54388910609748,17.9017899188563,20.16681038976248,17.54484692729254,16.076606510081024,17.298920716380177,17.941843370219242,19.48350652020221,16.803557722755688,19.375917806021175,19.87962603152628,18.35750749949586,17.491623515737448,19.14741097309362,21.589273470906587,18.504007323333436,18.53464284739781,18.406529165956798,18.1390503916436,20.364773381424584,19.517710262892248,18.584010558303685,17.585755785569233,18.074330718373957,19.35657113481717,18.106092292905583,14.82044998798974,17.233875619090803,19.829309838218524,21.70129060229214,18.00486422397277,18.04079606366875,15.41797539651339,17.831368045520342,21.4820117888736,14.195895101401437,16.818971871560148,17.39366269226515,16.2093991284929,16.19971679122741,17.418335505986406,16.100765338855403,19.224805366969058,17.423456739492305,16.87791144285259,16.348883255221015,15.694823058715285,18.64698159023428,15.918886445468782,18.459881579639607,17.728710765246213,16.9107682404558,16.92187030594763,17.792647425735392,17.516722663099905,17.870401843320497,15.715464917321084,21.35491560575085,18.23906791533328
20.33077904926902,18.37242950475359,17.37534222747688,16.33225634686468,16.75689652386502,14.969224090589892,17.68723182648777,14.876346212820728,14.538491058089,18.7048378543087,18.20751862390946,17.78286295713847,19.672079213765542,19.152540636445444,16.733661856818173,18.1336397623894,18.222708299061647,13.01226539361827,18.07430326595423,0.0,17.0401684093862,18.491527091724365,17.885159159857167,17.183391945614886,21.13069729263848,18.015377399935296,16.95340499774871,17.40645957756671,18.6707511441876,17.46842761417663,17.93583161879305,18.805359342580356,19.081428506089686,17.741068688275877,17.840196481720525,12.72510646906652,20.325255764281764,19.736031311524645,20.11681727493424,18.77009177457137,16.630654063888244,17.964812288873027,20.447186892035894,20.79192342719293,19.852363759311604,19.65104568914717,20.11614163732352,18.26326533930337,16.489425945428742,16.698244030692006,20.01105408321649,18.52130377623263,17.38620141618639,16.161138115233836,15.469981461453653,17.079189711575193,16.98058359931444,14.450694216996402,19.550190551853884,17.556103774398252,20.39519412038587,19.306736792721395,19.012333331610385,18.16792869202904,17.138075011521433,20.33299472281285,16.279711566024247,18.00032152882786,16.51910031216793,14.0607055763422,14.346634817618757,18.168602349815124,17.93802147188238,20.53843161141541,17.722667517350455,19.77314809027122,17.45019624709182,17.56925107567424,18.72059768424984,19.360947347669427,16.88727853726775,17.746632555197365,18.369473596026243,19.428744472255325,17.729157097620316,18.83463249053463,19.418024799341197,17.160551837737863,11.868623478440425,17.39056913232271,17.0289319117698,19.406847030137797,19.09262074684344,19.47566270132173,19.26515648984711,18.686951532526464,19.877666757226223,19.24658122510644,15.827044079560546,16.996773532389593
18.91176662501349,17.605670501924692,18.243361904948024,18.75990379622147,19.04445591147429,19.207443207105808,19.152301725880424,20.26305545641043,19.203046265195592,19.64140689932608,19.480708718296636,19.746132625719703,21.040604650137254,19.375461716629204,17.916974447663215,18.19878648635812,22.48255269372541,18.239146723489608,20.944220261467315,17.0401684093862,0.0,18.14430944441719,19.29969100084092,19.89966969240609,19.61549832390335,18.840558044055467,20.09325699875135,21.837926994236035,21.85314799195205,20.319736672898237,19.302786009976085,18.13963264483996,19.255279701092523,20.087384414442543,17.87792481367149,18.10187435205569,19.716095951880664,18.51773985901548,18.219080027411145,18.68262516918617,20.336309359251302,17.91524098203478,19.4138916855852,18.87879630279229,19.240000002384264,20.542988845055792,20.167934900076258,17.827057614627815,18.53405029236602,17.95222801719984,18.48847305983417,18.97886217582739,18.81739401450322,17.893803493087297,19.24372924753324,19.839451233015662,20.30236544714156,19.561236715748763,19.19877596842736,19.049858711436958,20.154659142141124,21.70275290247196,20.25206283038396,18.127131196939395,15.802501499573598,17.573358054124952,19.43430025786929,21.376336065044757,17.779320491154067,16.968045328287385,15.352506686391736,19.999804805706425,19.19613242177417,20.27911550999656,20.617949451376774,18.0789776884312,21.67933201630618,20.468070263342717,18.722917873003283,18.550525086581278,20.011976031277747,18.98736738147505,19.717409105025432,18.50347586716099,20.875749077031944,19.438424015014505,21.589751536291686,21.770428327100987,18.488680647341614,22.3344009046151,20.60210919230699,17.808531208789642,18.869603431802695,20.032001329283936,20.415976215892613,19.479809953899096,20.61985138098392,19.954635982625565,17.95520746598823,17.61692293360454
