,Var0,Var1,Var2,Var3,Var4,Var5,Var6,Var7,Var8,Var9,Var10,Var11,Var12,Var13,Var14,Var15,Var16,Var17,Var18,Var19,Var20,Var21,Var22,Var23,Var24,Var25,Var26,Var27,Var28,Var29,Var30,Var31,Var32,Var33,Var34,Var35,Var36,Var37,Var38,Var39,Var40,Var41,Var42,Var43,Var44,Var45,Var46,Var47,Var48,Var49,Var50,Var51,Var52,Var53,Var54,Var55,Var56,Var57,Var58,Var59,Var60,Var61,Var62,Var63,Var64,Var65,Var66,Var67,Var68,Var69,Var70,Var71,Var72,Var73,Var74,Var75,Var76,Var77,Var78,Var79,Var80,Var81,Var82,Var83,Var84,Var85,Var86,Var87,Var88,Var89,Var90,Var91,Var92,Var93,Var94,Var95,Var96,Var97,Var98,Var99
Var0,0.0,15.379881548453062,15.540101752971948,19.511376035236935,18.84580455302635,16.894649362646756,15.001557350480727,14.884060013882646,18.809020528679426,19.707010903519052,18.773570728908254,20.675473146093246,20.50744981446674,22.941610760198206,20.902976297821738,15.32447569253633,20.856743884482132,15.356935187658603,20.668582459606053,13.867913520852639,20.137201091329253,18.384352761061937,17.393523118235663,20.07812172578791,16.832975724287955,18.62943342095319,20.066153834279902,18.777819371533955,17.97126759936392,19.322300661381853,17.550925116652518,15.222122372189292,17.26626616859744,18.737603950901345,18.056331297954564,18.242946574966833,19.54250059833787,18.589201044839882,21.672515890739966,20.311460447568898,19.165801034233823,17.90112502406733,20.407264853829567,19.01709626076258,19.127147317723256,19.718654362964248,21.54865324606511,16.7988179260601,12.625061114310283,18.053054852211048,10.98233476186505,15.716214409321518,17.88827521305369,18.991123589588508,16.814494137929728,17.648273047395584,15.564683172710748,18.98465366760516,18.584609723212573,17.26238469899316,18.72770869760112,20.499027971376773,20.742543575975116,22.82877237295776,21.56965869587347,22.166422917909845,13.225799715273714,22.37277392265904,20.28170985760248,17.18259694018889,18.92862967945874,19.05547660275091,18.79372666713782,18.782527755162178,19.837530150516915,17.629578812997316,18.100944026946216,19.85602524090531,19.420808599435656,17.318203538260928,21.95327955621293,20.555350156959207,20.168028128677964,19.75633210107033,19.98952759555434,21.649561561524518,19.30226170322035,19.315481126745258,15.029910059772257,20.409484337647985,19.10349179755128,17.271506313329592,20.051298213279257,17.326831593719938,18.270938156630184,17.426338395278545,19.55535009917858,18.194765889338655,11.946268794413136,17.529902424672628
Var1,15.379881548453062,0.0,10.963311597262736,16.018305553475436,14.659465495677477,15.510834079127335,18.660214678980704,11.924253642118249,16.199179871626285,21.777977772531592,21.304206860004232,20.661557961769702,21.79029404654214,22.81930688985978,21.855116031771846,15.895543680987897,22.017501004066084,17.253895624984345,22.535024186015228,18.684538321650383,22.23554024773242,19.043290071180845,16.858649791932184,20.118346968999482,20.31971511338385,16.928486678259297,19.233493772176562,18.87276279653531,20.122776844036018,18.217028544801266,22.342292634757307,21.058477111532937,21.56837299411861,21.027263252974638,20.200638350581535,20.161042903781617,20.181274477421603,20.23791494842681,21.181417108133815,20.44444623835195,21.380950401503572,20.814862561214,21.370634848003316,20.878251771487903,18.916157383590107,20.594298555255595,21.818147170685506,20.92173004711239,16.620564444160152,20.114541734066517,14.903407990657717,9.262448009747086,16.80421928582708,16.058322946880697,13.386586508793028,16.069573581563315,13.032726086650868,14.74822960822958,20.799861285046525,19.749649751116927,18.06733872575559,21.923276237740613,19.79415885802956,22.736097907559632,22.633807260790938,22.011810238059464,17.45490064950156,21.83271552171351,19.04072802989022,19.255275200173394,20.66252015164603,16.286800381573126,18.298687507992636,17.697163265965735,18.826442581396748,18.4113916073125,18.200307583605046,16.598729206843156,22.757679397402967,21.12985879539429,20.867262474891355,22.50797203876012,18.79284952652996,19.88160310054895,18.25253951408461,21.707179359451143,20.323203445836185,19.705009262125074,18.9111155509756,19.847906128135747,21.822362885306188,19.241799042848477,20.68247268317412,20.786627755697136,18.726458804319872,19.981165024021966,20.888253861655706,20.87941801452443,16.687804645092168,19.765727974989883
Var2,15.540101752971948,10.963311597262736,0.0,19.82495551673699,10.632040283826726,8.936832799210352,15.678990296909832,11.424200855214231,10.27198366207972,19.6622526648074,19.927901853888276,18.631137790164548,21.357769407577962,21.72802320987812,20.890181876715722,16.52216957749223,19.62878196412634,16.679227371450704,20.6182170139641,17.67795755630047,19.798985247219623,18.708647550758844,16.245077834180094,16.847490945497754,17.933576134526003,15.732876800891733,18.67427100736858,19.874379148349785,18.201780815550237,17.184268942959925,20.77061275608809,20.40860009701123,21.859950271162482,22.226087352482555,20.134443439512328,21.41185886536043,21.52408176799898,20.38318121427779,21.339199773763564,20.304877961600102,21.974405451215446,19.215276552699482,20.961031112903218,21.431717729053364,20.240020788317665,20.906879383459547,22.506780223297802,21.813797276615194,16.988322861107335,20.90461815552611,15.815685145752294,12.111113166709018,16.813621585444647,20.198290092271584,9.304444907818802,9.027680509833433,14.181171793566882,9.384566656968278,18.63449765277901,17.35767030342757,16.687455904719727,21.40812454244929,18.009856413543837,21.694151269224527,20.230360552035073,21.259766833723436,15.853385563866679,20.26975050501649,17.873602767318904,18.90364383635152,18.540427211468465,15.578646905095523,17.08880762061672,17.506966465135697,15.923966985476532,16.158738046485574,15.44008087280895,15.795113839486563,21.499452832699514,20.442684739815512,20.661649227100067,23.630872460725,19.884964945084818,20.63031753425964,17.704242769057956,24.013005475544865,21.65718090718229,20.373751679983872,19.52467217880306,21.09061671052492,21.92961920052176,19.334794828258577,21.449897655186017,20.134993967630063,18.16520379586388,20.633072804985908,21.27606030569033,21.415256280011608,16.85091659885802,20.903428014358376
Var3,19.511376035236935,16.018305553475436,19.82495551673699,0.0,20.885490261524065,21.58438250471203,20.53358118499028,17.418189014760735,22.549084616781244,19.592310368986173,19.544974058445316,20.385226831082257,19.672907683330614,18.015251000320035,18.092571890779347,15.2266982315515,19.739916633816804,17.677489272133496,19.48971731174966,19.489497648428717,19.56039751612115,18.884626917697695,17.05354427622494,22.964343229298326,21.253141888097147,20.766292694656407,17.533345818337985,19.180612517105057,20.24808083584843,18.901554259517745,20.748258017872434,21.460962030608574,20.60401258361104,18.349929935843118,18.474785893505636,20.989416574191978,20.939049362220246,18.97111876510386,18.613447729806715,19.767020860952496,20.0159377486554,20.440675389470112,20.954182951245837,20.27461768385236,18.36568895868195,20.6137348025558,19.991113532065835,18.310573168934663,19.984764543674835,20.45801449125661,17.937740192239144,16.137558374952736,17.8786202066604,7.8428848580932495,20.422786298970845,22.510039834543644,15.35976626278996,19.608737848998544,20.755955250258648,20.22590022189923,19.995113300834497,19.849819174251483,18.0979995880085,18.279102599698152,19.49557483881087,18.625573744081183,20.08194774779296,19.545096109550848,19.17004947434268,19.144717268799962,19.82904356401389,18.21773158745359,17.834751325663024,20.433287954600697,21.808991977996108,20.507269306128638,21.435291348860982,19.65673044333557,21.30659259686607,21.16239350729841,20.325650124160568,19.150134815584344,19.148370320471965,20.39259126789708,18.286306588228214,17.74029901522013,20.458482619609587,20.59365389532947,20.332135012800396,18.82773006588136,20.093115034072973,19.638841277159123,19.03954842852045,21.365326890402233,20.321166105918234,20.347219802630345,20.3164979706197,18.75807951447928,18.857154959215116,20.129690712900196
Var4,18.84580455302635,14.659465495677477,10.632040283826726,20.885490261524065,0.0,10.72014662000818,18.75457844696281,17.125513818148885,10.806869775011979,19.22071113065112,19.429826362230905,16.528947235800924,20.326429116789534,20.776128724990652,20.58208494204425,19.871343723349607,20.043986687027346,21.135602863360244,21.749160651486314,20.448904098744812,20.580113527793976,19.049120615550457,19.130064605499403,14.445709371982108,17.14000967402787,14.436554412804824,19.036483276737766,17.22012935660351,16.79805419510434,16.530532863406467,20.537858692928264,19.482937552908243,21.152264610154162,22.838718211002515,19.742699285090488,21.077556359896764,19.995486016339136,20.53177368949125,21.115251738842428,20.443891152267206,21.109368426850132,18.88769945807932,18.93164544667688,20.3212942296817,20.572509167624187,19.765269112332653,21.292299905404274,22.261696261326293,18.895246966160713,21.037692022543695,20.48664567759934,17.191515602948357,19.30610682326894,21.380542850603497,10.205318676293842,11.614644494069932,19.712549349835943,11.919355746716134,17.98881452042482,16.237888564564308,16.09819581801129,20.38368651915734,18.688773387616934,21.32611081220702,20.63465996049855,20.139513182466413,19.724059643361578,19.72081844855987,19.96286395699269,22.332870873032014,19.6112911685732,16.86404237528579,19.57890201045975,18.255152958166537,14.642982606257329,15.119969023268345,15.777062221587656,16.32143657588147,21.63370073929785,19.767650978996894,19.044195809437475,22.94858861845666,19.612683016795682,19.450191795331577,18.29556984552848,23.665070351243855,20.51560877674509,17.7628008811539,21.77846491461617,20.015554568954876,21.861379629011203,20.5516375794679,21.658091813922645,18.85471431849926,16.88586990734764,20.063745605686258,20.645695539958833,22.401456118955146,19.204764737500422,21.45488846424477
Var5,16.894649362646756,15.510834079127335,8.936832799210352,21.58438250471203,10.72014662000818,0.0,16.95226819577247,15.749145855399183,8.493132670695656,18.037096379453125,17.964547556425085,17.05166510894919,19.81518181086085,20.380880727941953,20.666301509485525,19.39944154519014,20.599480184669176,19.516355043234718,20.6041715245488,19.17867637039083,19.55619468085813,19.96379554342534,18.620319270930306,16.27805152838689,15.644531835050614,15.144550687565603,19.404527029067893,18.44134680705239,16.72345424277755,17.635499538609388,20.10602478300778,18.49873314157715,21.300323909668947,22.84505688999379,20.84758204906607,20.141880118781632,20.279921747967673,18.90414744751131,19.580361422168338,19.090820282556617,21.107841607259086,18.093061687758293,19.575948872242193,20.292782853542725,20.576255293572046,20.068098737292797,21.964994864446577,22.132005835047064,16.974986060545884,20.187426277693486,17.84851579245781,16.959801310901153,19.116684364889633,22.231815537779585,9.066167627104269,7.293002055507793,18.160606230089666,11.187375705044103,16.968747504884597,15.684378374938131,15.879436407662906,20.618709617071953,18.107374164386183,21.00000038395297,20.015132122361884,21.413341054143544,16.853837547211683,19.770340856835517,19.977905761869128,21.44964918252842,19.371884719383633,17.997742551618355,19.18954082503371,17.07530428262939,15.415056763966371,15.236790166892947,15.422019974690775,17.170367229624134,21.604413026834003,19.14560016936864,21.202880427703334,23.293295501438227,20.438802167311994,21.506986844190383,18.131035341453103,24.3369483222404,20.629620914317922,19.186201185395372,19.236215701728586,20.390122896813985,21.039743533446263,18.151763989135365,19.985752436976167,18.47304159186371,17.30921999924296,19.77265391520367,20.08563267860613,21.097736902489952,16.720755753450558,20.125298502415465
Var6,15.001557350480727,18.660214678980704,15.678990296909832,20.53358118499028,18.75457844696281,16.95226819577247,0.0,13.14580391352366,16.875005210141055,18.949107940440385,18.63881775538059,20.41432653167237,19.13313154888497,18.956075231902062,18.409030827642308,13.722008350517088,16.084861575062742,14.497767403429657,14.045175048312421,10.128689034182212,12.721192273951342,19.594332467397017,14.68299389169407,17.976954629913834,19.341119674588214,20.581527533246753,18.62526025922607,22.606737971218404,14.814551595169823,19.028503708753437,18.243451200279754,21.15614310953767,19.964715543572787,20.310883326984815,19.167709459712167,21.97526632282686,23.242874542032904,19.79682914749644,19.936174619372558,20.947085392656238,20.732289945623453,21.42170531497304,23.216395590755926,20.993916611901223,21.608866835034547,21.918349191632025,22.705504615337908,17.737003576874894,16.584430151226393,19.06479489339067,15.694301496374022,18.045101259159676,14.248958436530815,20.872436431400466,18.966245322597324,15.358761642767881,16.083198324777083,16.10644957320506,20.152575545234004,19.1291824752344,19.866878684536456,19.339400887036994,16.369839818695176,17.42422363758372,14.472906360261007,19.02720029770106,11.606572864462068,16.102694802346008,15.630766205458018,15.164910043075176,11.45382344901545,20.173555929076294,13.247156990538976,20.40662793536559,18.75509975475029,20.323097555109666,13.969514688815101,19.140528903816286,19.20803970554791,21.315633119151496,20.87363111331131,22.070153933908195,21.430516225583048,21.566736339698405,19.030683996991417,23.777206114881327,22.255436098351026,22.185827944753918,17.550820125516342,22.381113520746837,20.929286334660205,20.03539876142037,21.245431854312866,21.98893912761352,23.123485889380046,19.993149225290455,22.402354916308127,18.0062887165845,15.994213467386684,19.137524089794407
Var7,14.884060013882646,11.924253642118249,11.424200855214231,17.418189014760735,17.125513818148885,15.749145855399183,13.14580391352366,0.0,15.074172743468742,20.46302866646131,19.660707243084296,20.015714873667214,20.659481337324138,21.050096047801446,19.794492884140137,14.088335680798316,17.83281018696943,10.878540530733043,17.774816866128692,14.75095473896229,17.515547693388832,18.526306728290997,13.368994722834852,20.773899625567786,20.044373972088753,19.31720104883366,18.340955529509603,21.72826935076443,19.865663672240142,18.3447208265524,20.509615307997386,21.933285271143987,23.015502527405538,21.02115048253621,20.164361006869164,22.201055206476948,23.412482878081327,21.66770326752637,21.822277875206172,22.103236852437636,22.622785735939367,21.307263731959665,23.344792016831633,21.940543651187333,20.976103073093974,22.27488749642608,22.859506238811182,19.577681096244223,17.413311350947914,20.63996623839047,13.885715793533576,11.05401808666583,14.465012724483302,18.030064906349164,15.773281434132416,14.89090129778582,7.84053904591872,11.331182924430307,20.338143585773373,19.028104030984878,18.908339161593716,20.617308186799857,16.13530119771728,19.772881394016245,18.738026809896915,20.58077453995348,14.485688938423364,19.449167824862627,16.22222347993593,14.848269106523892,17.1920787570758,16.68930004308417,14.477552455178266,19.86667938427884,19.347630732061013,19.27003811706027,16.967845320981187,17.59951166570171,20.35004386856002,22.44480460744972,22.496115961561742,24.0045275006246,21.138584441150226,22.01269714690235,18.851440251808622,23.951667354514917,22.978838424476244,22.862787304151556,18.861696093360102,23.09907876197768,22.686911387926067,19.970627841909174,22.30661057170046,22.889548251368595,22.08252056888487,21.037416431922352,22.527042100665835,19.72502334225248,16.935457483880402,20.751594763070116
Var8,18.809020528679426,16.199179871626285,10.27198366207972,22.549084616781244,10.806869775011979,8.493132670695656,16.875005210141055,15.074172743468742,0.0,18.18566318781006,19.505035864156277,17.253984708584543,20.086731174573796,20.446677018349558,20.996410219321046,20.509456736907666,19.995280296687923,19.190736263206258,20.512201884898516,19.26251640605125,19.531658249818975,21.117734249598193,19.368946863515283,16.393274995971385,15.605308904060916,15.942068161623657,18.7834423643678,19.624710645165397,16.533235533734345,18.905260429976348,19.56308728496579,18.63671577559506,21.70214390183174,23.52295772275699,21.857397802323423,19.348144237721442,19.967752386258304,19.006760540139336,19.28897841860929,19.469398602680467,20.61350918172213,19.09182627180038,20.168455667903146,19.377539740814203,20.69667194374992,19.523119431730294,21.974219902514168,22.185774886561227,17.654437444340513,18.910302118697334,19.56404702860577,17.726315525218826,18.583007034526155,23.76135963939246,11.666768521049125,7.857331282650285,18.463760950591034,8.493409661620339,16.745805716801737,16.438502759533204,15.971652266009597,20.501695392739514,16.874933538459043,20.05296226954573,19.87025222553386,21.260599628987734,17.10369351074251,19.164129388742587,19.604511762016,20.969488345149422,19.6414508450899,19.111068221943224,19.273672437577698,17.187885656051048,14.95824508678567,15.52023860733581,15.141232179743232,17.555774340215304,20.521235192901532,18.84352108629373,21.24371379221456,23.5634065918349,19.794558321447216,22.266935086636916,17.640665989216064,24.889466480520586,20.45497940469767,19.458846484054998,19.65315089182438,20.065403510830087,20.770109009643544,17.50800045795669,19.46118050831042,19.40610331050324,18.156339143114653,19.12538751903442,19.722843752808508,21.03648978431904,18.12087987999348,19.494237987639593
Var9,19.707010903519052,21.777977772531592,19.6622526648074,19.592310368986173,19.22071113065112,18.037096379453125,18.949107940440385,20.46302866646131,18.18566318781006,0.0,14.08701728559386,13.632161373987874,17.490452610489776,15.19323692032971,14.979653708868328,21.519904776573384,19.941275562364922,21.950353063684354,18.22772874907355,20.496658208196024,17.598491196804652,20.631621167406266,19.469779162860096,17.454501216069502,12.441137897044804,17.111011088617687,18.430710680860564,17.943031514648588,16.467624491610792,17.355407648812005,17.58191734087433,15.8898741232411,18.3257454336268,21.680302652472037,20.519747549406834,19.77426245853742,18.671843838540244,15.035618005380627,16.5105861485524,15.400804300396423,20.17435255903245,16.526266507633427,19.908090405146094,19.881422394727903,21.023121688176765,19.507264955786965,21.003436369126987,20.108593718139783,19.06628327369109,19.353232038937957,20.154055252272087,21.663788841125996,20.097215834996113,20.043870815089452,18.914626173346257,17.959045775550177,21.587692214218496,19.359388160084748,10.028517233198182,14.537360352225793,15.298979118349594,17.88017850169288,16.324421821070644,16.51608180934598,16.665002032931802,16.109731403157216,19.794711950777582,18.09508493845237,21.104602268908035,22.690320040422517,18.815990163248117,20.69754320589369,19.61567350997914,18.159317366156923,16.86062231778581,14.255549488716396,16.27638350631356,18.793932002068537,17.5106581676855,16.659699656221246,19.588444483394014,20.707778272852885,19.04014470409896,21.16101991676439,18.926139035965285,21.760571130248614,17.93287767482087,18.568157462788935,20.57046111507459,18.633374807157068,16.975877214436785,15.697640120375851,16.553325142497087,16.234417148415357,17.244633696027947,19.013249428751955,18.935157938994465,20.061859992301486,19.94218026981324,19.36890617361762
Var10,18.773570728908254,21.304206860004232,19.927901853888276,19.544974058445316,19.429826362230905,17.964547556425085,18.63881775538059,19.660707243084296,19.505035864156277,14.08701728559386,0.0,12.243232756674818,16.184095365546412,15.092994654253786,13.879330206549808,21.180229614354257,20.219979535630028,21.42991725400723,17.444496763959116,19.146236805597574,15.719784103520526,20.95728149606385,18.894072580157566,18.16198814444372,17.18684875222345,16.9616166227565,18.540822626553403,17.13410593752031,16.06420244947078,15.958135403730356,20.207716525395615,18.37782742118235,20.350982599887253,22.65955777139204,21.585137550432744,20.641574502931032,19.03621817288079,16.92031383133241,17.952055162053792,19.720802356532023,20.43641222387027,16.714028012889653,20.060960096875796,18.715955828883374,20.213819280765847,19.64079443592965,20.46781363877432,19.649224615259545,17.146014678375977,19.120782158505097,18.2814069840361,21.02553298847728,20.46718965607653,19.556395534276668,18.70238968692301,19.003375928886893,20.58540788889916,20.000896724277542,16.02220617209814,15.383081128204044,16.177393048399914,17.264045899098523,17.51335375016552,17.23634240368622,15.987920488790833,16.08332236593425,18.45037741628763,18.1123622175654,21.04004235879065,21.861242005465545,18.063816581858863,20.63673018331267,18.768622202519992,18.40091574939461,17.659997904638278,16.70371560456319,16.307749793204938,18.071465823660958,21.201742926199287,17.58830278330582,20.788853831261115,22.267603103453826,20.234648748631813,21.72442671991107,18.840980733335666,22.299760194727014,18.37049706099789,17.508883697759167,20.450563797043664,19.55826569808137,20.234964837676507,18.766196406554677,18.180797137107234,17.95504516806778,18.16061056804116,18.827402988185774,18.87379005038884,18.59188725589195,18.496853439412543,19.314872465849767
Var11,20.675473146093246,20.661557961769702,18.631137790164548,20.385226831082257,16.528947235800924,17.05166510894919,20.41432653167237,20.015714873667214,17.253984708584543,13.632161373987874,12.243232756674818,0.0,18.59924404845836,17.406854340303777,16.970428893966048,22.193221605709677,20.358141623858426,22.587299319944226,19.4606221792459,21.949142746195953,18.618182538352407,20.512613586117375,20.238389954583475,14.613338146449994,15.433720013432577,12.996314694710842,19.380149742787953,17.441446620286563,18.242981055983414,16.984237476554465,20.975853753725108,18.08895261252593,22.010900858406924,22.97236873916806,21.123075131739224,20.45447119769785,19.621965917788096,18.392639934638446,19.35237498444502,19.267082997842405,21.808970059718728,15.70769433324819,19.985600226106737,20.667915802752553,20.90880750733415,20.387867059163597,21.24721893286276,22.252008556063657,19.23976884300751,20.823637183633316,21.158380955826534,20.809941875714255,20.59294458687331,20.526133793363268,16.21903436549276,17.85580828249654,20.774049495778765,17.891531473796366,14.237740369220347,13.839725750406291,12.02350741692887,19.163543669205616,18.42362505451299,19.71397649327592,18.77796659590394,17.658456238578285,20.620304384630273,19.303385142488324,20.554252126969274,22.835290038132882,20.342411058203332,17.761921994674108,20.333376995718602,17.44865905562734,13.178688737070974,12.469911543255275,15.769873007931336,16.56575449736045,21.029360045474533,16.900285191993042,18.361890461298486,22.158641462970387,18.946255655297165,19.567678850968523,18.460698548860204,21.99640427160815,19.420257811228772,17.42550903140059,22.02037932500425,19.499977296667687,20.886851788945076,19.340212310242425,19.867431816159403,17.35966181234834,16.068795072200643,20.68344918327882,19.75422315395118,21.39022228121384,20.494397775739166,21.419362485668138
Var12,20.50744981446674,21.79029404654214,21.357769407577962,19.672907683330614,20.326429116789534,19.81518181086085,19.13313154888497,20.659481337324138,20.086731174573796,17.490452610489776,16.184095365546412,18.59924404845836,0.0,10.437292248636746,12.792158322193554,21.023443169091323,16.969213225674675,20.294305323661103,15.791648707176861,19.886642065015668,16.172946697405756,20.28927721380638,19.805179574637783,22.01248935377762,21.055764583188203,22.557945297859042,21.8135104581751,20.76866940129856,17.998560890043283,19.06840746530756,18.755138221878244,19.209624216818682,19.850088790723174,20.8774756296624,21.919569435314074,21.022689254992542,19.291435290221944,16.538529862136944,17.422764009545734,19.306457567767257,18.24554910080602,21.330661280151936,19.08990756071072,17.03938164753369,21.006842648302996,17.319711784447204,19.816039947114895,19.30127350740764,19.228362954721202,17.701382464724606,21.488106767185766,22.006918122830648,21.122316709028222,19.434313800171942,21.26002219618718,20.187061530575132,21.83481976027967,20.08585140160806,18.20524188512072,19.176742356848315,19.736059304462433,6.064589866441253,14.084525149966698,12.964910740606463,14.40357576452185,12.771673780650117,19.752833754191755,13.459922497965797,20.60035248005591,21.34008041121544,18.402454052151192,23.169987779007528,19.450224637007935,20.71064064438184,22.051632676063512,22.467181126493614,19.414581234973785,22.125508102662515,20.100781208129067,19.167537219576065,22.50466695485176,20.72900556591081,20.984306511327922,22.829143584736244,22.66908701829081,21.24763172308401,19.147447249793565,21.15259479697469,20.832964498326923,18.728161528050048,16.648097657987055,18.76815569740271,16.9223669528732,19.60864349505988,20.793948554011298,16.301580162744884,16.806317913348696,17.856215918185352,20.698368724979016,17.815989256107276
Var13,22.941610760198206,22.81930688985978,21.72802320987812,18.015251000320035,20.776128724990652,20.380880727941953,18.956075231902062,21.050096047801446,20.446677018349558,15.19323692032971,15.092994654253786,17.406854340303777,10.437292248636746,0.0,10.846436610744746,20.337467991618293,16.039214853969593,21.10615200470261,12.664411441856965,21.081155029736042,13.036333043236667,20.419595589946223,18.455731489762194,20.96462524496837,20.780388978774592,21.561420933252492,19.905139934689842,21.201485319741845,17.531775629170305,17.114754209522676,18.82865022827798,20.949517975604984,20.315425908740675,21.972075155272567,21.563623217653095,23.273893344204083,21.360812795101083,17.079007045157738,17.201292353131798,19.790931066704953,21.06845992359596,21.577494176823215,21.129896501016315,19.3873858512012,22.361944232374164,20.045898809167237,20.894649306288336,20.646436925773006,21.516356359326572,20.702206343955368,22.632129590508043,22.39896543207855,19.948180615241707,18.69304434858009,22.3196430561335,20.485403312762173,21.66538432206413,20.39118586962745,18.536272966465184,19.51487539675791,19.044930789924297,11.790160637447594,10.813640786092693,7.88829748331178,11.078371680344837,10.656396270614161,21.877422758603203,11.347460941217992,18.464757849082066,21.27869734478084,16.868752462794976,21.905590001847553,17.424369501438512,21.26397777448508,20.393515835557594,21.17556013540111,18.139927799235277,19.766319191007625,19.380673485008746,20.232013061930733,20.490178268153308,21.74134241834331,20.01579216039743,21.98152169763428,20.65764214767989,21.14342293745465,20.649555380137272,20.84307075222836,23.70524392900589,19.893989526242507,18.32399730771896,18.888653653719132,17.92640870399692,20.68962759487526,20.98974800908739,18.79292347919499,19.277381836437087,19.91060908465667,22.565237685960376,21.080391044199708
Var14,20.902976297821738,21.855116031771846,20.890181876715722,18.092571890779347,20.58208494204425,20.666301509485525,18.409030827642308,19.794492884140137,20.996410219321046,14.979653708868328,13.879330206549808,16.970428893966048,12.792158322193554,10.846436610744746,0.0,19.24496352731711,16.6856223355285,19.56264163598009,12.806319542639539,18.593018205285976,12.007616076232173,19.079706328504777,15.698486619927642,19.690082982814726,20.818479381241826,19.389775587653855,18.18917037531135,18.728402736808516,16.02786394164484,14.097636559119028,20.351134090452618,19.49701912773067,20.16007154780488,20.205839499183412,20.030653722745264,21.489352632312066,19.128961572878055,17.015556585331026,18.19743928190904,19.409849928084395,20.23608879968977,20.928870322838875,19.99558573220026,19.300294521461954,19.763235221130703,18.75481798687154,19.969562900285673,19.191491540016997,19.927549271651692,19.752363150731906,20.452448270510317,20.03582797644613,19.09813714702785,17.666181471977207,21.026160275107348,20.212143004615793,20.666943782394515,20.216289277794345,18.482179370009774,19.46447694969148,18.401460384439893,13.895606126872284,13.602065572584783,12.812822615900906,11.270195707682339,6.480298279943754,20.249922058976896,14.677003624342944,18.295781019612367,20.369097065188797,14.869835288035388,20.103320615325725,15.383747672245155,20.412543384947973,19.959062448115116,20.464807037208544,15.842302380327949,17.50894861887921,20.43823123605485,18.25297602310246,20.077586972545724,21.363722384340665,20.55536619001473,21.685072444534317,19.364631625095775,21.06339485561186,18.615235796021008,19.29178000531487,21.45988526545737,19.517025249131354,18.459212926892217,19.979701704830006,18.56760228522163,19.78360883995551,20.220747988620435,18.050276193137226,18.882459938953584,18.87914177664618,21.497436910834054,19.968070406486344
Var15,15.32447569253633,15.895543680987897,16.52216957749223,15.2266982315515,19.871343723349607,19.39944154519014,13.722008350517088,14.088335680798316,20.509456736907666,21.519904776573384,21.180229614354257,22.193221605709677,21.023443169091323,20.337467991618293,19.24496352731711,0.0,15.722205929030393,11.982701613930223,16.12467352180891,13.670676603118139,16.39069086759742,15.985376111910991,14.142877199540385,20.338527608713548,22.25203823465364,20.562643949801732,18.960274240069246,21.379267059237666,18.582059787921935,18.704097332560185,18.22813404331614,22.06730230134569,19.944027746185387,15.478750861182894,15.522947914069285,21.58550361253383,23.03505528868551,21.549129544848725,20.614777276682613,20.820394058542295,20.81999635888059,21.336024549805938,21.394161367944605,21.78458169628569,19.484301382356968,21.950171899777036,21.070222172558363,17.429106804427988,18.005345745821852,20.650520135345754,14.853476286950889,14.694488542807823,12.536852646407345,14.065160293936216,19.545236800843597,18.998409008564423,13.341620157616605,18.505804254192956,22.58028829087867,20.759817887138887,20.545230506811173,20.634308466700723,18.30439556818769,19.57342395624732,18.21394646090126,19.50476818468018,17.538270180632978,18.55241426853457,14.510807711632754,13.805331845177035,14.426557388420989,16.89095463292553,15.516998384621461,22.502258400024676,20.945068307472123,21.12446475488122,18.527167416236132,18.996091548976917,19.406843245335054,22.711820445911332,19.848248649757043,20.398945484297347,20.84118100921335,19.06118154806419,19.55585475873051,20.473108171969816,22.398594168505248,22.295246296972675,18.582552312764662,22.881046805225537,22.07358179906129,21.555749063603717,22.714276870119264,22.347842257021632,22.277905443937794,21.354142944079538,23.470459374364417,20.46341491432769,17.18277626354475,20.897932411711892
Var16,20.856743884482132,22.017501004066084,19.62878196412634,19.739916633816804,20.043986687027346,20.599480184669176,16.084861575062742,17.83281018696943,19.995280296687923,19.941275562364922,20.219979535630028,20.358141623858426,16.969213225674675,16.039214853969593,16.6856223355285,15.722205929030393,0.0,13.747582167975661,12.364972325036565,16.49083902529167,14.373691227478835,13.458698902426542,15.523606341438992,18.12874355121007,22.156174391310717,21.923070967325533,18.849035942298322,22.29235900953322,19.19766901638588,18.916076316594964,17.654906045035734,22.081493891015754,20.582685990937478,15.805639726713864,15.242545709117262,23.312089876607057,23.427461636496357,22.189689752658467,21.288767782570638,21.08527139149552,20.90374186986521,22.140222605477714,20.26095391939713,22.346466655690808,20.92655862123689,21.34391556609749,19.80646353145697,18.363492523618255,22.254417814564576,21.532619638646455,21.65074038524032,20.93612975132041,17.201005375121117,19.34407568256326,21.830768922766293,19.567955120697437,18.40360398020641,18.038579881625722,21.40721223006969,21.32883905973538,21.589366034890453,16.56584647617026,15.335477752458996,16.037297057126224,15.077558179084477,16.052891054429434,20.73523506142671,14.885439008088584,13.251622671044448,13.911945568750381,14.525026443355692,17.351485665163786,15.366745136356167,23.494036164345754,20.4847515843358,21.7099888352232,18.555831480994208,19.758417367783476,16.125066194410604,22.210527342403815,17.80705986398992,19.113804660819717,20.10719744195036,17.69039696810044,20.19211121572486,19.971341125044763,22.59399030071679,22.165994627253642,21.400647982566987,22.434663199357242,20.848308947817642,22.869443289034514,22.96081270929864,22.049255438587966,22.715607670506763,21.749322202080936,21.896887510095,20.4023139705709,22.082185407389193,22.088720542856723
Var17,15.356935187658603,17.253895624984345,16.679227371450704,17.677489272133496,21.135602863360244,19.516355043234718,14.497767403429657,10.878540530733043,19.190736263206258,21.950353063684354,21.42991725400723,22.587299319944226,20.294305323661103,21.10615200470261,19.56264163598009,11.982701613930223,13.747582167975661,0.0,16.06935036273234,12.669329362325353,17.02022958616757,14.331316531188453,12.206727968128746,21.74532693005148,21.162767447200864,22.013123450664946,18.662636000483893,22.471588727809998,21.167004392763733,19.481730050967577,18.32290585653052,21.431393588095343,20.89192008020686,15.273331551117868,16.98192287851494,21.53180847949967,23.455452488388598,22.473756756650555,22.03837744704531,21.324647252871408,20.608755202267727,21.003668766353652,21.57430300664402,21.810511011694196,20.082745317547698,21.500088910097336,19.966165378348414,15.969109414916833,18.88095286301527,20.10419322280192,15.174042016700476,15.370581416025708,15.246764464751022,17.281789411099783,20.25259684130305,18.741966329629772,10.506438541617669,16.463250181623792,21.942614807291058,20.750405489643793,22.099433135549134,20.299603128777512,17.775914490424412,19.518106750494983,18.75522220912559,20.412874393669636,16.369952037921443,19.676572406097815,15.497874961799708,8.941143084477298,17.039971362562074,17.646785382788043,15.05999575039106,22.573204641166527,22.700968339782865,21.89963143759994,20.585832256119314,20.402187137737723,17.933658094684965,22.310986458066573,22.211048942757376,20.626326047134427,21.918443610907453,20.645297310377316,20.685841838227635,20.65667742461438,23.139584272725706,23.571379930409446,17.567461491288828,23.61297620424447,21.43857334004298,20.35646482773898,22.756955275891837,22.27903200187504,23.046034773836254,21.252716248407225,21.93665388861262,18.382870365794755,17.881153721357858,20.485805352374182
Var18,20.668582459606053,22.535024186015228,20.6182170139641,19.48971731174966,21.749160651486314,20.6041715245488,14.045175048312421,17.774816866128692,20.512201884898516,18.22772874907355,17.444496763959116,19.4606221792459,15.791648707176861,12.664411441856965,12.806319542639539,16.12467352180891,12.364972325036565,16.06935036273234,0.0,15.927561993309178,6.751494378538688,19.322805570362725,15.669100221811375,19.763725451176967,21.886900362551206,21.785819625718762,19.241649955531688,22.902577090998623,17.13253654015843,18.3256818910006,19.302591798203768,21.856186951997874,21.88849774609051,19.1337370540618,19.246974825598148,23.654614143914543,23.292512065068948,20.258990243001048,19.867384310376647,21.767023371292375,22.22349359564159,22.791910569865543,22.514423898568843,21.60220368188449,21.948302399178843,21.99606876257485,21.782223655926416,19.84871943248993,20.872756005196543,21.41208552142695,19.833883377360245,20.904498128489923,15.440036235686877,19.528286039598136,22.686837119995133,19.481757703144698,18.596743857647063,19.59116650953489,20.64809885605872,19.78894616229049,20.040313116481265,16.151262628762584,13.90119150959839,11.71886375038561,9.674938601168002,12.90555448980464,19.583712315667032,11.40995162431017,12.98731296788872,15.49403966005073,11.072691998319609,19.976824687473595,13.603395108960513,22.70393538398427,19.64800790858992,21.675610850464885,16.048440813212434,19.262066760303167,18.74705379754409,21.98458772112763,19.11613913227999,21.29174763363626,20.9065083573885,20.74442792646358,19.793143431097107,21.502421819166752,22.2642796895385,22.499985802256287,21.777856865473495,22.451763106060103,20.12859081609198,20.627043566645145,21.197366705248744,22.41530590477594,23.54530350708729,20.721871185016564,22.03956262372757,19.569642365073072,21.258223035713257,21.56835607827194
Var19,13.867913520852639,18.684538321650383,17.67795755630047,19.489497648428717,20.448904098744812,19.17867637039083,10.128689034182212,14.75095473896229,19.26251640605125,20.496658208196024,19.146236805597574,21.949142746195953,19.886642065015668,21.081155029736042,18.593018205285976,13.670676603118139,16.49083902529167,12.669329362325353,15.927561993309178,0.0,14.595134019495111,17.992569116206983,13.821763459568752,19.46229405122737,20.054136148268416,21.338138630403343,17.385971673105082,20.720344540554667,14.676667355852146,19.361949029754232,18.804748857917346,20.020564928088653,18.66843318115781,16.558329172177935,17.256094685154373,19.164292407322375,21.41934708410073,19.133249331217822,19.873838160435785,21.051411888760825,17.80214577880353,21.049753488400835,21.658617994907978,19.9945398125977,19.07017565430204,20.30610207217655,19.586673445744513,13.608908896100203,14.892727792178423,17.63781882643262,13.455304724017836,18.29329967612025,14.860910845953683,19.262338082895017,20.313065246477933,17.895720460819646,17.03034804118777,18.658395663322306,21.07975299114319,19.432981076679354,21.753148142871826,19.68285869884797,18.969596780693056,19.520307912872283,16.412446325946295,19.92296158502227,11.833272338835686,18.11207155291897,16.80875850437344,13.530671645137334,11.847539254021061,20.559129302728174,13.798562549680977,21.30652345313736,20.855294497814864,21.325494381270214,16.39670646968095,20.380303262409548,19.333068214121717,20.382182624571143,20.80109332444045,19.410297824784163,21.62289922401831,21.074064284714257,18.65959502509568,21.533052226653844,20.570139688431528,21.57707225119773,13.815284670605521,20.9717381577098,19.856005469785263,19.787652844185562,21.096746356230437,21.18095531119456,23.04180826724225,19.27910739172333,21.372342359102422,16.55799067309063,13.871211188874883,17.488277857266482
Var20,20.137201091329253,22.23554024773242,19.798985247219623,19.56039751612115,20.580113527793976,19.55619468085813,12.721192273951342,17.515547693388832,19.531658249818975,17.598491196804652,15.719784103520526,18.618182538352407,16.172946697405756,13.036333043236667,12.007616076232173,16.39069086759742,14.373691227478835,17.02022958616757,6.751494378538688,14.595134019495111,0.0,20.105782254966012,15.362801378140388,18.591992481149262,20.95703913092964,20.871685501100433,18.061477842488465,22.09792633771712,14.531718706369329,17.2721343214265,19.56268856068531,21.33824777855444,21.937097887548312,20.334703984119475,19.641806954391598,23.670931180740876,23.35992508263981,20.010896823182797,19.307411442702595,21.969010477151784,22.10091442531633,22.26427231470214,22.50683652411427,21.374731767859394,21.46368571946198,21.993345357850572,21.82957288322779,19.42056988249832,20.28986905424992,21.36855207462702,19.448466928725615,20.947864629178923,15.222385632902245,19.836752031106155,22.050701645460208,18.404276695349694,19.108784437434107,18.896333152898094,20.34034103051591,18.904069070625773,19.314094351345556,16.534055237801404,14.117734047784339,12.039087665712502,7.904274861029177,12.9001940787974,18.48691840870438,11.749425344607682,14.220579892097318,16.533543503950646,8.751245275427872,20.344797475866063,12.880296839185826,22.221847801446767,18.19707389282474,20.783507022172103,13.925525923827745,18.3938068251964,20.124861460203622,21.618392063118907,19.26739683214614,22.196949362329175,21.43217834306926,21.253537765325984,18.938670183870997,22.554637718692547,22.338578069103743,21.953373464410284,21.575242273449906,22.4997568615495,21.143990101871136,20.823838413903093,21.101165107769628,22.52175989719449,23.14866444003603,20.8119354140651,22.167751451975136,19.556539205655714,20.57003090028721,21.785845051584168
