,Var0,Var1,Var2,Var3,Var4,Var5,Var6,Var7,Var8,Var9,Var10,Var11,Var12,Var13,Var14,Var15,Var16,Var17,Var18,Var19,Var20,Var21,Var22,Var23,Var24,Var25,Var26,Var27,Var28,Var29,Var30,Var31,Var32,Var33,Var34,Var35,Var36,Var37,Var38,Var39,Var40,Var41,Var42,Var43,Var44,Var45,Var46,Var47,Var48,Var49,Var50,Var51,Var52,Var53,Var54,Var55,Var56,Var57,Var58,Var59,Var60,Var61,Var62,Var63,Var64,Var65,Var66,Var67,Var68,Var69,Var70,Var71,Var72,Var73,Var74,Var75,Var76,Var77,Var78,Var79,Var80,Var81,Var82,Var83,Var84,Var85,Var86,Var87,Var88,Var89,Var90,Var91,Var92,Var93,Var94,Var95,Var96,Var97,Var98,Var99
Var0,0.0,14.539565579558392,15.449571827346604,14.501729839815702,15.504998121813417,17.203255494274803,20.091383885756525,16.435756651674463,18.321000758943253,20.98536871709183,19.839517328490878,22.438568871137893,19.94661597864983,20.053961132615242,18.045624147261698,13.9856485222904,21.079432909346075,14.71933353979736,21.224187016592275,15.653740269097316,19.747198107311814,16.74738902898161,16.28513148652256,20.939565626417956,19.713626224704523,17.81621641343152,21.174029673793438,20.41304345415423,18.17793114873896,19.655544063502813,15.228504916991994,17.062930920814587,13.264009046147839,16.79922948761682,15.912359795542423,14.69920195175249,18.973742678684864,16.56580797556701,16.76729353492577,19.1966564922793,17.63631134905377,18.28934422430462,16.283255809729535,18.728398453774247,21.71062246321167,20.340272075426025,17.641782993829004,17.361645473451517,13.122429587097828,17.93150844680256,11.321049213655717,15.656787255462778,16.586494744516013,15.230670441556667,17.450753418333406,17.198321390908408,15.35631545636066,17.35682075461184,20.62927232771136,20.857979015854905,21.84735825481055,20.14085524563367,19.526059030090163,19.288444047165562,17.821755342242923,18.348358645132464,16.97806095020052,19.657219908330752,15.244522087858025,13.022643933698413,17.257103411695322,15.701758068625562,17.66220380400179,18.37919845523986,20.029576354797957,19.031153373303198,18.40729418105511,18.663306461206115,21.026772503226677,17.102248877302994,17.834711669529288,20.1586376008703,22.977179374729946,19.579935864087567,21.348258854521877,17.955233991077524,19.191061742945447,19.727584274601515,15.01074136300642,20.286980220011007,18.32895266567419,17.114694001635637,18.366204617059655,17.03553146949862,18.42295202841793,18.08986925109631,20.528353136204586,17.834586028578716,14.650528533171846,19.376150195399177
Var1,14.539565579558392,0.0,9.227926521309323,7.5456331505233765,10.544565688817615,13.307782682662081,15.013515641695237,8.947828420737997,12.215247251187513,17.90048289014143,18.529546305394653,21.616024091903654,19.953651672020477,19.231781828449396,14.412808796564255,15.25684654978583,20.69666594129984,16.477293418043804,20.73381758223707,13.812842282672545,16.064785575659638,19.972154481989588,17.98599977778778,21.730740923592474,19.932528007202638,19.862821488212077,22.08595203182947,22.25920493065304,16.47156162803727,22.43621578367145,18.05461271894322,20.090298620097613,18.807189522637334,19.34933818249107,19.773767765224616,13.78263423168082,19.928777249747988,19.690043961252375,20.062493472308546,20.397737259370906,21.459965038643563,18.447891357105036,19.755281410143933,19.758182031953474,22.32793541375665,21.416262032099304,20.461341427544188,20.847553497485247,14.0996657644896,20.19087810172868,13.062282692872003,5.355654898437534,12.613033588707387,11.08709720005917,13.17447221971587,12.210586959859059,10.31491612788271,12.362422061359384,17.761140707970846,19.42458700297043,20.046934753187983,21.11607905533825,18.27292733487984,17.781451516063758,16.042160783841272,14.778133639513593,17.067224309755243,19.586582346734534,19.402691245571464,15.037951354865,14.152640963351459,17.292241666017453,16.93389977677474,18.04959995646553,20.50122072831646,20.639955797570696,16.648359832827783,17.140463094595255,21.768673528713514,20.45652579439548,21.62970064330092,22.574270115481486,23.685017792088654,22.233461147764483,22.937241915347133,20.605282368451373,20.020730547021664,21.08406136613141,15.345083446438275,22.33126858667154,21.04594068720752,17.99012962710948,16.66486330150467,19.367086244846394,20.892961628631078,19.63725075962323,21.958205183363617,19.77209874423328,14.058106160198895,20.525718636331344
Var2,15.449571827346604,9.227926521309323,0.0,13.340422532751182,10.175329825834648,6.863780812348621,17.164989457002044,9.338609593959655,7.361037799496007,19.07991236128971,17.25861703888721,20.49106697690038,17.797604015664312,17.457947211012783,12.849680777735799,18.082986597741442,19.971918163920243,16.73260254859008,19.492172506720884,11.84603644017116,15.270423363312139,20.55382445669694,18.5457894066011,22.009986140379983,20.198016722226388,19.66515813136203,22.815579008954945,22.907248588921767,15.559542148495371,21.936019167746615,20.481133507309828,20.91306608529833,19.808056984812932,19.801109336024318,20.419916907627755,10.786365258999137,19.321816300808305,20.836473470659854,20.807797501160078,22.143905517343374,21.540473133700292,20.39370283943222,20.64079299014522,21.22485365782186,23.512535725048288,22.634156001310465,20.794562927631695,20.751592736127776,11.46531228765402,19.405788714784915,13.844660217739822,7.148786809717472,16.066272994976835,13.49792140034916,8.875809421546272,5.8254315963812155,13.300369062070997,11.010870594764574,18.136939178120446,17.8252491633314,17.933641469010414,18.453379671076753,16.360741140245167,16.640141980025497,13.847578553021652,12.513949536049521,19.126869029620305,19.796400324693206,21.015660328021468,17.55552481545294,12.295804800016322,19.124467134691468,17.848279312517718,19.69589972968608,20.17229919808754,20.497666575575597,14.866211292295384,17.13432967398273,23.408513179752475,20.173881269767396,22.506369743064827,23.047980214679672,24.609791901805227,22.80268156614006,23.473926791429147,21.86489622929369,19.41949533317836,22.098538707817774,13.161192051291188,23.250581268662675,23.03607511534029,18.41464740777751,17.873405244655544,20.384820118708,21.53363081244751,20.68206718893977,22.49946101790112,21.109969871589154,11.79163685771132,20.5259691057748
Var3,14.501729839815702,7.5456331505233765,13.340422532751182,0.0,12.113387331771957,16.83159132183006,16.06437296436883,12.11218620578972,16.208885786931855,18.951970303482724,20.06003872768559,22.658170935919262,20.557138469038524,19.411518569034577,15.822730814450347,15.02043910700048,21.461622958041215,17.06861278440713,21.992596895975815,17.066163398030163,18.831816059121394,19.64752959115435,17.85359977511154,22.52187138639899,19.94594868981053,20.03333311655374,22.04155591908683,21.902124295903757,18.301176078989002,21.79491992891781,16.752673047890823,19.49074457924004,18.649936045686065,19.714081327878525,19.65958994631263,16.493694494558497,20.393996788171673,18.441018996356828,19.30273481717296,19.850930645179165,21.351101261750852,17.855512880370743,20.193510934198805,18.852518553582687,22.194859787547816,21.006953108072782,19.968795010094983,20.866093382287364,15.686246390183621,20.308858547512386,13.891660116623866,10.574987001112774,13.46798133386307,8.885817453461172,16.53807700585856,15.85210653647672,11.909327434249947,15.168979531529926,18.802869122830973,20.062816653100263,21.217570829899937,21.671600746075693,18.255554689222812,17.64821002511527,17.586526766061176,15.692520583931419,17.0667154433585,19.931812063143134,18.736969992879878,14.655684195979081,17.341238718963375,16.464625651508243,16.949934351790322,17.83042611144317,21.498186707885306,20.499627491336696,18.278998806638665,17.08270273806752,21.218142523780763,20.36998255812383,21.40093094975091,21.761120152835165,23.32984814155417,21.92318639003652,22.74993913831788,19.634249992852197,20.047044436500013,21.026866591651288,16.745007277708275,22.0163008372036,20.131211929558997,17.418807900516118,16.743609945416257,18.72083782044035,20.678930432727146,18.935178512591424,21.473646614952003,19.60517383863325,15.55153180770932,20.23447853361256
Var4,15.504998121813417,10.544565688817615,10.175329825834648,12.113387331771957,0.0,10.050105565773391,20.210412145474784,14.751618624751778,14.071231188399464,19.65762350056698,19.641099928974615,21.6232038695206,19.27998076347111,19.579395127341552,15.191365365293901,17.925004647036122,21.68001851691224,17.9019639985579,21.870915453425667,13.794053567182976,17.87293396242946,20.473672316958275,18.488961459126855,20.94808186898486,20.78168607408464,19.1356347280316,20.084051889156335,21.72437072604024,15.459669984314063,20.03492381641621,18.97432332094819,21.20576674869124,17.4655378954712,19.421481701543417,19.049786738144523,13.486267072687479,19.036110485144235,21.36073299805801,20.331984157071535,21.93431624836171,19.588020443716754,20.04766257568192,19.397897782420856,19.64673687898858,21.545659368820843,21.33597501086404,19.337769396346523,19.33976598627415,13.090920820371116,19.380669760836803,14.866149810781096,11.338774081774252,18.3675990971166,9.912263138429598,8.71977156294143,12.671387640225243,16.88400377436063,14.919537056645172,18.945235467488462,19.16838112229025,19.3740339641506,19.739373929343138,18.713996203269893,19.697910754933574,17.998377774826093,16.023480879682833,19.40819030554655,20.785336405323932,20.191080411609622,17.803707738032035,16.471128914789777,17.521879210581098,19.2750425514925,18.774450925646544,20.37524341527498,19.666248957249,16.37987333880782,17.945296205878265,21.40814705314853,20.535402328616957,19.91773434604496,21.13506100748673,22.580950675793233,21.010563297523284,20.94479325577905,20.062023161220683,19.324978890940862,20.853249897653704,15.031807955087608,21.09742882942211,20.88061119115179,19.72822331447092,17.822076458390864,19.20013742049217,19.687165370904722,18.958680087492922,20.598832125903346,18.75513991527159,13.064135099041017,20.266022891963864
Var5,17.203255494274803,13.307782682662081,6.863780812348621,16.83159132183006,10.050105565773391,0.0,19.278891978845113,13.547852434590233,8.29909762711337,19.66693961955923,17.41471087922181,19.79706873554063,17.915890581929744,17.38330043083801,13.239346817875559,19.868732198485016,19.937738656250808,18.052609334171322,19.362612182846966,12.152584232436812,15.825400863205626,21.1426942546082,19.797013729077722,20.96143957760335,20.799529630716467,19.79709444825447,21.310682844891204,22.758128820534022,15.225535149595855,21.032111558011916,21.05637808727107,21.556579190452165,19.383030429280982,19.987899102071214,20.15029298655401,11.683403401880843,18.35028871189741,21.72568898329396,21.378006139343373,23.04830672045,20.18815523963555,21.228940174413204,20.194042912333153,20.87570497506389,22.30136410713024,21.989722175800225,20.43189550350574,19.770301995628227,11.550763281566994,18.036301059862886,15.064096255774457,11.232901371977253,18.793076493181225,15.1720248048041,5.405936259424995,6.32093018221132,16.89725239590569,12.429337732914819,18.721010928082254,18.18239553476734,17.504070447416524,18.121403599934354,17.22739098699534,18.462012717722324,15.53705299535871,13.577114478668076,19.680513803045336,20.58845577632587,21.795764915345927,19.47365970782138,13.656589073725048,20.233291335029264,19.806220480348667,20.27852101522397,19.94322177091476,20.557254553221387,14.404381444446079,18.021500424991377,22.32882448718296,20.29879220896854,21.451290324404567,21.42682367485,22.976706869661122,21.406230617455922,21.4364032397509,21.19531275853254,18.4701935255082,21.16103461875566,12.836943460293366,21.835867642477943,22.621884756726995,19.836895291557134,19.000886498753854,20.013894243329023,20.434793044208398,19.95910367686746,21.10369274835674,19.824476547957715,11.469727288004885,19.245445396063015
Var6,20.091383885756525,15.013515641695237,17.164989457002044,16.06437296436883,20.210412145474784,19.278891978845113,0.0,11.652701179571883,15.521926604067865,18.057632215109813,18.36389702073813,18.18278060862904,21.38630363989934,17.838919590698694,18.35866553260103,16.497365412590813,15.488042584255124,17.3850701995214,15.355847904471812,19.290765893877737,15.463706049967351,19.67015300449754,19.505925960804618,20.70288205951167,18.742803549304107,20.35180000029189,23.618711896180972,22.575851659401177,20.10030724397667,22.378538011700044,20.374922119423985,18.79012312237925,21.84273772153064,19.26079819999357,22.456850966425066,19.72079254440336,21.650494295433926,19.376609886711584,20.87203594846641,17.86940495431312,22.595862388892918,19.591857748700004,21.774998341477776,22.05522421083605,23.231660428935587,22.0383608414221,21.93360356375677,22.248828390977984,20.183164955193494,20.85395903754652,18.15466322843845,14.254230908308562,9.23223608131151,20.15366295595107,19.445504900593797,17.62864482432608,11.460163891299157,15.782726195309893,17.577450425093684,18.27979362152256,19.28228557749179,22.257895051503965,19.09226629556268,17.087320778939144,15.284055761609453,17.75920831948175,15.865869363494705,16.06223578574672,19.577996032288738,17.908893687966575,16.33848609053587,20.27857122806812,17.438492536542647,18.30954740744198,18.963200502636003,21.524597625521004,20.355233849322747,17.890840990847,21.633889848331243,19.603736254054656,23.687620061238565,23.410707141926313,23.117228630818207,23.27290297735448,24.23320995835584,22.818243380246074,21.306288842493096,22.663598616643707,20.420188455649352,23.375489005126596,21.282381072691663,18.438305973222025,20.094213470777845,22.331563522461114,22.57729096311859,21.945022485404582,23.092509582651328,22.248133632817616,19.90428742721648,20.449586858796522
Var7,16.435756651674463,8.947828420737997,9.338609593959655,12.11218620578972,14.751618624751778,13.547852434590233,11.652701179571883,0.0,9.404767587700222,19.58871295355215,18.677637948548266,20.464331846906617,19.836752797431323,18.796239901527365,16.11695453707494,16.59811573461596,19.134730246822144,14.89221845091693,18.091115750332627,14.709449334217512,14.616511166397045,18.963420050602313,17.6102506675857,21.808993366069448,19.551898554758505,19.31511633375292,23.506821870798056,23.057612437052654,17.683690028742486,22.46208289272892,20.1345306426698,19.51950965494111,20.705919096202567,18.74272802489861,21.084401237126627,13.859082381616604,20.077030551157087,19.83956351366688,21.037643591546956,20.35931672755687,22.428878174903236,19.345796909146845,20.843276891299194,21.43109752833317,23.984560120163245,22.55276128989651,20.8816215136339,21.704247443648573,16.05308750239143,20.55649513107665,15.79816646806717,7.985615380503147,12.3191862225709,15.866189630666927,13.824551902250915,11.317204375480916,8.781939639310817,11.15071201344277,18.62628498854021,19.35097244451056,19.90882925416361,21.142437063747103,18.305347679870312,17.266507861593258,13.958452239084284,15.654759154526408,18.05682997990531,17.731032624764744,19.577572214730274,15.694616213709146,13.012317712843297,18.906231500624013,16.38376995792127,19.966121836737877,20.0426141069338,21.417117792671018,16.803841121541655,16.844680650767984,23.3794105811895,19.762437306952364,23.28446790340043,23.587983348386782,24.937955694417003,23.883561969803427,24.748797362448894,22.262984451056184,20.186223879702943,22.753349306295355,16.427806033940296,23.833709590596428,22.591139035866647,17.963234385604885,19.323321459571346,20.45218739349638,22.121155901960616,21.120653353049512,23.16798455828367,21.889665396194424,15.84997920062237,20.768285255525054
Var8,18.321000758943253,12.215247251187513,7.361037799496007,16.208885786931855,14.071231188399464,8.29909762711337,15.521926604067865,9.404767587700222,0.0,19.556135960964358,17.537153356103047,19.282857966068068,17.71139632906973,17.027178821243652,13.43587179929778,20.022963586940367,18.64728077758451,18.17051318550785,18.00788939674513,13.331461768517274,13.854396004553324,21.01183718555553,19.851267983182392,21.958417909177424,20.425519591949502,20.391938421705948,23.08905710434178,23.398661574202116,15.9177039242704,22.371800697129753,21.519824329597906,20.563723134676376,21.407393470235586,20.70506924603959,21.706906785530315,12.666562434626815,18.765304980826304,21.146104891362736,22.47024716870608,22.62477297849343,21.894629898619712,20.44344412471511,21.147229851732384,21.123827057146077,23.00449275543006,21.922746983957282,21.32468276071041,21.20376675574456,14.14573135370281,18.71537580403936,16.140066517815384,9.365470121822817,16.668640608182876,16.98855992313725,10.81222718194927,5.961930381390099,13.623733610307983,8.888479728483718,18.92024495621975,18.114189522943995,18.40455585743257,18.698852188548102,17.025988059254495,16.817300787254077,14.162301492526677,12.85571132180572,19.06247108331764,19.82870293757441,22.466809465089614,19.123920122673248,12.0031170404778,21.470753551141698,18.418414797900898,20.869202826409346,20.741993966173464,21.526053216518207,14.771029862411112,17.176661445505555,23.01646368115082,20.142695667259595,23.388302316051494,22.1030690939212,23.63599814276406,23.30631137122614,22.91525135207636,21.959785803346307,18.80126557044135,21.872777006854406,14.069794323525663,22.667051041407174,23.398325988162952,19.164421518992814,19.545378850355434,20.38303872197675,21.61348899410979,20.485267823636953,21.80824309629273,21.032587591506,13.722567863103238,19.238435168809183
Var9,20.98536871709183,17.90048289014143,19.07991236128971,18.951970303482724,19.65762350056698,19.66693961955923,18.057632215109813,19.58871295355215,19.556135960964358,0.0,12.032570852785886,16.01265387162478,21.01711987101734,22.32073799702441,19.08222066609639,19.334385960316606,21.173564446868138,22.549210543871,22.34569315932905,18.556195547206382,19.12688125455563,22.825346961982337,22.70888087539084,17.490011183242082,14.407050199960315,19.810513194552076,20.17210712338469,17.31708723030489,14.672720830267888,22.193292637877363,20.228268560222585,21.07712292759054,20.528171038185942,22.08399752476304,21.14734126021871,18.98638345716454,17.209483648877626,18.84235925712397,18.946045034290528,14.76851340158212,20.829391253085742,18.344548002153452,20.18730203768885,19.304335155021445,20.113676356101514,20.15799645286329,22.765459510480248,21.81342881168364,18.69122687960676,18.969457777570774,18.894597055200865,18.07330245813184,18.5842380437485,19.857032714423433,19.74416204346185,19.670310117407084,19.908841402854563,19.979651015125295,6.932483501265452,16.262203150141573,15.240112544237062,21.324754341908946,19.646873501054394,20.33962031959817,20.41059330880661,19.411617715517913,18.726999352034372,22.48576149254588,21.927505028152986,22.156077967542252,19.521940648340728,19.460232977175284,23.14220464466529,13.56051241506164,17.90506497130723,16.23859946754423,17.48754612563752,21.18291093535248,19.53928431523818,21.36667044742362,20.47372408033148,22.04990801758678,19.975647207035987,18.80048050443398,19.779002161656408,22.007216590739674,17.42139574616254,18.896280028776573,18.96120157852669,20.29684894849682,17.433671923247097,18.606405982287217,12.891661372319035,20.519862262640334,18.923942483169,20.053356668078337,21.102923064244443,21.458218421272345,19.2457888624793,19.595086292555756
Var10,19.839517328490878,18.529546305394653,17.25861703888721,20.06003872768559,19.641099928974615,17.41471087922181,18.36389702073813,18.677637948548266,17.537153356103047,12.032570852785886,0.0,15.00158649266282,20.002638679703647,19.032923396850656,17.58172564605831,19.9761199496727,18.641722025194582,21.615487751149036,19.209145193350935,18.227166557073986,18.53254545496072,22.857240201996838,23.103785085645,19.172735708204183,14.330548126715456,17.941370696839925,21.728603586840244,17.74144080766214,15.56023332997462,22.22904737001343,22.466698317698796,19.679231376819555,21.936876018841385,21.610414967991513,21.642378862622856,18.197769637095195,18.613955451718013,18.905846558289625,19.22211817638772,17.925672817278326,22.01304576754925,18.81407732168159,20.607373484522498,20.60563404235617,22.342987724915854,22.087987379336322,22.97793269795623,23.05930905638263,17.545677727115702,19.689098196876994,17.492293697359674,17.611095676743513,18.142322033622925,20.813866076376986,18.386970244407433,16.95083592157061,18.86604592208351,18.179765893655855,11.163475832470413,13.366544117146189,14.050660769349665,19.776037544729355,17.23995571168536,18.540864579087973,17.503777224712824,17.052437816002165,19.37326537007236,21.62234042855845,22.05077308499697,22.058140012230776,17.723384762252984,20.531049223337,22.739470029228038,15.946803237460623,17.103234710128937,15.56042472398249,16.68815326900082,19.374609856203186,22.177300575581004,19.72492440115388,20.770961091425978,22.74660300138749,21.835773379253745,19.425019863536644,21.205161993686687,22.49693984926459,17.472812990169924,19.518182360666227,17.89695914064857,20.585845269265505,19.611120415073643,17.342494642455407,15.278225271454202,20.667075797880145,18.912533156938988,20.982940392047336,21.845644834651615,23.05043216900091,18.132862399213362,20.059539135969207
Var11,22.438568871137893,21.616024091903654,20.49106697690038,22.658170935919262,21.6232038695206,19.79706873554063,18.18278060862904,20.464331846906617,19.282857966068068,16.01265387162478,15.00158649266282,0.0,16.33944083130437,20.249796324118773,21.918490845334798,20.14346219573644,17.98878944402484,21.010717294783355,19.27442064933235,20.38641880573603,20.516374785999396,19.508147254428717,19.6720776272419,15.430925141733494,15.744924513322246,16.096808496253196,19.07982206474015,19.741303120768873,19.78663637790765,18.65486725542996,23.642691210112144,19.463992075691916,22.467746432844987,19.79678589393517,20.883796045931245,19.87254517183189,21.639126907305478,20.59233376255967,20.441651750297048,15.587719494297387,21.073277508014666,21.30547492569982,21.370758843660163,22.816473423413374,22.210009265387804,22.45571890993664,21.82064189983141,21.66190920993557,21.24332958003735,21.987120258243316,20.91752256644593,20.49709448409912,20.46098995138147,23.2159701610075,20.145273509668517,19.56863489905184,21.017528068113435,20.337833729522625,14.36649985863389,15.78707578057586,11.435618011432926,17.2626300982069,17.569749321603265,20.234339603503784,19.75932182145981,21.265456798460228,20.512220755480698,20.558855086178422,22.46907836570778,23.95605859007456,21.339926237169706,20.457980510254867,22.12486436175707,17.56599690293163,16.041916318149582,16.694318344072244,21.102760674806298,19.148780399103423,23.126840893050783,19.10475043208516,21.980146634994455,23.099786032647593,21.624976075343426,21.51311691893136,21.050983564659113,22.54070329585153,21.56280311274666,22.475481283649295,22.062322811353713,22.381450836648384,21.004126236950533,19.992306858059845,19.694600514246574,23.758157456434716,22.22124412052748,23.10658774628582,22.690487247670532,23.99736226795668,22.17187987276036,22.91492466502358
Var12,19.94661597864983,19.953651672020477,17.797604015664312,20.557138469038524,19.27998076347111,17.915890581929744,21.38630363989934,19.836752797431323,17.71139632906973,21.01711987101734,20.002638679703647,16.33944083130437,0.0,15.84857254276985,18.83506755250433,19.670652128082402,19.488512572614567,17.794748416260727,20.148662502894393,17.505372799036987,20.71348101831039,16.25921492353878,16.076549584905997,20.873798246992287,21.10435042580084,18.99427266585756,18.605414443891902,20.65108676854251,21.224818499683217,17.148246534916883,20.007286044819647,20.1443076898987,18.227236193501792,18.049458915310385,16.812227676162205,16.391610246580473,20.93933489783595,19.118381435155186,17.11811542801047,20.705639679457605,16.828045865756245,20.73147583675492,17.667504376936332,20.320530117778404,19.43150125952409,19.39716575206356,15.521554071903173,16.00758025742772,17.806440152027346,19.209296941483775,19.108641415141467,19.868785219659628,21.76609253916101,19.581586273515292,19.243960443402155,16.949278217963908,21.62274794302191,20.18853405027812,20.333382722709732,18.12777925644413,15.12889383157039,5.246339250658348,13.961525320994749,18.121829385407125,19.106603499101865,17.696274553060213,20.883075891335082,20.290250296870767,19.941140498661124,20.065823620954014,20.10594956538789,18.808852669454716,19.00389402604328,21.393408737212926,20.26201032731234,19.933194501692743,19.819670271680035,21.41040164022059,21.8200371716016,19.5843683315907,20.350336473812735,18.805367105650163,20.738931290130648,20.843738518494163,20.1531429684151,17.23847131997332,21.4404546184076,21.453649191368232,17.988612517863576,20.314908062139057,21.446649361688,18.49724118282092,19.73625882088595,20.703307987155068,21.305068944565015,21.531667479598873,20.72905245751978,20.12860002192304,18.883364012943964,21.48831350705313
Var13,20.053961132615242,19.231781828449396,17.457947211012783,19.411518569034577,19.579395127341552,17.38330043083801,17.838919590698694,18.796239901527365,17.027178821243652,22.32073799702441,19.032923396850656,20.249796324118773,15.84857254276985,0.0,13.81446359468973,19.950362404204878,13.028217437366383,19.22456142078908,13.178373944014618,19.999604317899443,17.851537647092,20.39310516284648,19.827282614868626,23.82944688119343,21.89700067368803,22.738620844999275,22.199338677618805,23.734265655040574,22.38779000568545,20.65798112160955,20.509315009684602,19.386739878558807,20.5394141972782,20.36962791521347,21.156295913895775,20.233589309420132,22.760123079389967,19.700405382369357,20.06199927969358,23.50546024220716,21.470837458109838,22.230826296527603,21.692500591734856,21.86962904520749,21.593555806522517,21.388409934788985,19.867378848881696,18.9956016937657,18.22974988608322,20.092409193615637,17.114304809165127,18.644717038900243,18.132082333788617,20.225218403182435,19.611128905618596,16.399684871410066,19.237566264115532,18.989594098922314,22.36954650775104,18.066017650957374,19.07295577491682,14.93768227371548,12.42789151904479,12.974425629956162,14.267443598396072,12.920419814346863,18.954787081434542,17.449234123044086,20.49082376109187,19.543641848108894,17.961115061316963,21.010747039328205,16.79597000836406,22.152697423596802,20.760753726892688,21.967480499135032,20.77710509865427,19.3880988211049,21.576230323435336,19.226201865123056,21.345275101577425,19.546970063049727,21.150847801219403,20.536943305532713,21.430289636322062,19.27667814500578,21.661247068457524,21.606776114295542,18.62613241507243,21.076953891013176,22.07703324787826,18.705225235850385,21.055769233145824,21.11679689570423,21.462842870830517,21.457940377609432,20.58365552824817,19.094303817359776,17.63837315407942,19.96393015513527
Var14,18.045624147261698,14.412808796564255,12.849680777735799,15.822730814450347,15.191365365293901,13.239346817875559,18.35866553260103,16.11695453707494,13.43587179929778,19.08222066609639,17.58172564605831,21.918490845334798,18.83506755250433,13.81446359468973,0.0,18.72453900320551,18.658728786645238,19.034816614566243,18.538107651312416,15.634065491833171,13.405659433950925,21.764692052607987,20.166635278521806,23.10360981717991,20.878144022502713,22.05871139430539,23.22366998304275,22.797295719065534,17.104108665020693,22.961301487553634,20.458041725183215,22.591000334617824,19.74566938043949,20.86201302830512,21.111288142205904,16.706203881725045,21.101793495068442,22.189215068781362,21.863662177203413,23.40189368473947,22.12644261170287,21.796642023358178,22.47558554804024,20.84246265134502,22.071853003472256,22.20802513962932,21.5908963980307,20.2653156045776,13.469532844995825,19.658905255810446,15.169761116305978,13.733727659097568,16.75010650083273,16.113398954038114,15.457699369124864,12.042204593273157,15.555815729614212,14.308129432258424,19.618567755872245,17.26461453314685,19.82222980571564,18.685768894473643,16.47317959096303,15.222066109996586,14.028359673695975,6.796322228491415,19.06217383227531,19.856466131036736,20.672752589417357,17.268768386137538,13.168954953432822,20.691162920693863,17.58793703866821,20.60308010333081,21.264808557821674,20.798327244699472,16.31662781513055,17.418707260914324,20.707901009856414,21.952763380042363,21.564264602569487,20.679884121243347,21.600617379225874,20.65696766989526,21.56226069724831,20.87852044939607,19.579957663922666,19.68197851677076,15.616625234451213,21.972250033174443,22.985001798215457,21.010312940437224,19.048867209139328,19.35375293196392,21.53951530359244,19.764721236529724,21.13730276847352,19.04076714037998,13.245379257040051,19.252738183081938
Var15,13.9856485222904,15.25684654978583,18.082986597741442,15.02043910700048,17.925004647036122,19.868732198485016,16.497365412590813,16.59811573461596,20.022963586940367,19.334385960316606,19.9761199496727,20.14346219573644,19.670652128082402,19.950362404204878,18.72453900320551,0.0,19.939906896447972,9.93165915169494,21.071617685710603,16.991216335065577,19.613468350617573,12.784120456468385,12.891459268327818,18.03611181094029,19.37686597786469,16.643143494652403,19.2716638034022,20.480591198939674,19.475939692037212,20.165004579383744,18.522411599788153,20.462116921284846,14.237417234665553,10.727068725608946,13.335386259887771,15.730721981358029,21.919946328719696,19.153129865138396,16.717932606632477,15.075499491463665,17.297694141914366,21.611356785305166,18.401572208851597,22.615562653406123,21.59579648968048,22.418268762984397,16.698925936152452,17.519391602446454,18.07133474167864,21.096731362335515,14.335096689507315,17.08697192901567,14.031074467654642,17.487382288232027,19.490989070333633,19.487899978554623,15.706392923672617,20.578896907375125,18.660599312494345,21.13187644544228,19.82934673999438,20.227291528195984,19.033389941462207,19.844067984085573,19.542263370824596,19.163576072589866,18.890699973135256,17.69805121653344,11.846438523635415,12.655205913182648,19.024108360077935,14.377983314999712,17.097462989277325,18.29210103452694,17.75918626462319,19.063264561625058,19.494959940850077,19.128516784160396,20.861416777183788,20.74144804506548,17.103477413651163,22.21971034057966,22.41169339222172,19.03396856301808,21.660293154646503,18.132765594178412,21.91552152048962,20.78172639683441,19.10925631712167,22.619626038773646,19.63088174171608,19.753775013749543,19.564686530887137,21.445870557955974,22.24150642820899,22.777756333021678,23.702312018767266,20.00918536006755,19.648906367147145,22.88055193851384
Var16,21.079432909346075,20.69666594129984,19.971918163920243,21.461622958041215,21.68001851691224,19.937738656250808,15.488042584255124,19.134730246822144,18.64728077758451,21.173564446868138,18.641722025194582,17.98878944402484,19.488512572614567,13.028217437366383,18.658728786645238,19.939906896447972,0.0,19.27940544633711,6.850402082330811,20.056085818875232,15.447992445273801,18.902833621193,18.85037403299544,19.52203588864248,20.154653449115525,20.890540854464664,22.80595245327485,22.512758937132247,21.258913473789814,21.710757828501542,21.952586043840096,17.818146825761097,22.519104499342053,18.614194286622578,22.770277297482767,21.61928676022461,22.794936260746734,20.559788198462666,21.66980147970981,21.351505289849644,23.00422268918905,21.48046649493644,22.67582461302159,22.902872337702924,22.665241104973504,22.555829398184024,22.597989471906676,21.635537177950404,21.65783907963865,21.906203400834574,19.176101147348085,19.882672854136068,16.89206837448165,22.641037728298603,21.033032583855874,19.070404042664457,19.092857195196224,20.021901270432664,21.512375934155973,17.982205228540625,18.61876853527798,19.763663489786516,17.920255019244472,14.788674677742504,14.518809764758133,17.779394014573402,19.434521284556517,12.940799331090524,18.57068982824561,19.84820563518412,16.2488106373597,19.407675283555008,15.828567350978993,21.343504129285684,15.082607157040902,20.863474984779646,21.241400990055496,18.49974576750943,21.490666602977242,17.742657908171168,20.708602753771196,21.67076827356607,21.632236104481873,19.95206609959172,21.753771541714233,22.249312487092343,21.47527748437722,22.362689524353772,20.99707736396609,21.591619144229583,22.52426749801876,18.660360929710027,22.41619502810195,22.556954910158723,22.005237877417677,22.06282799949227,21.709889736756775,21.453498412141652,20.43608664333318,20.85970975485178
Var17,14.71933353979736,16.477293418043804,16.73260254859008,17.06861278440713,17.9019639985579,18.052609334171322,17.3850701995214,14.89221845091693,18.17051318550785,22.549210543871,21.615487751149036,21.010717294783355,17.794748416260727,19.22456142078908,19.034816614566243,9.93165915169494,19.27940544633711,0.0,18.644846239853006,14.910595709890233,18.172654143784087,10.490328167932583,9.928714330169695,19.289402898643804,21.984660567643548,17.667057107056436,20.01806608238037,21.82883192744797,20.57606612904656,19.63041336190446,19.17869304079208,20.72863431992535,15.033503401345559,7.853712154611977,13.806357760055139,13.412519018121822,21.589584280060492,20.50073731317714,17.553003487815957,18.500088703791246,16.827470037242577,22.384932976332053,18.532910726185893,23.232650678227063,21.680175606226726,22.727497145512277,14.99594400248811,15.512150129842377,17.51929461000797,20.22175696623484,16.25924783072657,17.550107932834315,15.838818465364916,18.07178738028023,17.62104109351402,17.322319108874456,15.991402994864002,19.845258661038642,21.379355655542234,21.923815796799705,19.949580818004307,18.426238369872152,18.55751686347595,19.49760678234048,17.733183527388167,19.152767698539922,19.95155080262816,14.406901136925729,10.25823349393539,10.659849256195388,16.992314717424986,15.189489462667034,14.634573250135972,21.825892082212118,17.16774755691879,21.452563300992615,19.077890084857298,19.217334840088885,21.66333085745957,20.440470921403787,17.830261048347737,21.379863442245245,22.80498539844418,20.181815260987957,22.526023001721217,17.999145061790415,22.010362801481044,22.107883432397667,17.62641187791714,22.89144277564449,21.18510149586716,20.154447770708696,22.054836078264874,21.249972341169784,23.037914061549678,23.212796534952556,23.70195645032689,19.851353852571435,18.737614679262048,22.418937457046063
Var18,21.224187016592275,20.73381758223707,19.492172506720884,21.992596895975815,21.870915453425667,19.362612182846966,15.355847904471812,18.091115750332627,18.00788939674513,22.34569315932905,19.209145193350935,19.27442064933235,20.148662502894393,13.178373944014618,18.538107651312416,21.071617685710603,6.850402082330811,18.644846239853006,0.0,19.55408535618044,13.838761741442896,19.506756863551047,19.326198595722996,20.05157971321475,20.09479451890278,21.145127188150997,22.626942153625215,22.547329471537534,21.389283453330304,21.752812865372366,21.844995400164816,17.187485581239226,22.84724251662819,18.680648999238787,23.252457286316478,21.69309417541749,21.952100173166347,20.5773609034371,21.859167158170944,22.326221256768836,23.000332901894502,20.933825966503388,22.4140896673,22.15377691085138,22.14580293651085,21.857592391277525,22.56415069925116,21.21917781668973,21.340413793826038,21.505679873115298,19.81177883350165,19.763195366628246,16.975153158315642,23.11055651137946,20.1927369463031,18.41572317575578,18.517808394970213,19.458560504881792,22.50902666049786,18.6557419133885,20.018166732116494,20.17243961569106,18.871687557330524,16.433258443361385,13.318552456863058,18.28067975747853,19.781806549459176,12.197092068018247,18.707773295978996,19.480579995090828,14.918697997825591,20.86338665797695,15.89258284065816,22.639300805876807,15.674112080391698,21.493556020865856,20.423437338159843,18.633560713806506,21.380843598305134,16.96105008958157,21.045509042459933,21.53144727444606,21.43413828730256,20.456903215777377,21.761802880025993,22.86654127103255,21.05314715382428,22.00275180085256,20.954362859653656,21.393222111808377,22.642974670482506,18.63946182835166,23.109625440645083,21.611726511666202,21.779719836371058,21.345418936293086,21.00866493591728,21.154590206914826,20.204243028207937,20.13730934371811
Var19,15.653740269097316,13.812842282672545,11.84603644017116,17.066163398030163,13.794053567182976,12.152584232436812,19.290765893877737,14.709449334217512,13.331461768517274,18.556195547206382,18.227166557073986,20.38641880573603,17.505372799036987,19.999604317899443,15.634065491833171,16.991216335065577,20.056085818875232,14.910595709890233,19.55408535618044,0.0,14.9845071781904,18.831433906342827,15.916000550528924,19.868505108123497,20.62130797890262,18.835248248614807,20.181383534892124,20.33740704213442,13.302903159139989,21.835448538468604,20.158630870595548,20.853629826816213,18.32253039752678,16.59816250082762,18.07657415134072,8.342536550470696,17.593364626724103,21.310837953519584,19.851649237124782,20.500718499652812,18.382602544494848,20.20369871231744,18.950316935558345,20.70290606009698,20.39377067629984,21.24369918749435,19.256417061927017,17.769072296034107,12.55435925601311,17.33997250218823,15.404046101472673,13.562152490411165,18.40408652921349,16.34275171845662,12.443194793293815,11.835054680112993,16.947755152751768,15.43921433641252,18.25955623849582,19.824917146823594,18.710065590794077,18.682337268062096,19.718842153315904,19.912189882024695,18.185352368281436,17.017256936777905,19.24930285903058,20.45044405777411,18.011512528061726,16.713275372670992,12.332299272454003,17.90972847647554,19.11229686238857,18.73080499772986,18.49189213636924,19.74290136320699,12.768075038764263,19.63236503791869,20.998808695302593,20.850936425753112,18.642576272500918,21.48827472149881,21.88298386770886,19.538095581045678,20.379569576250933,20.382774689988562,18.47120342923411,19.759942269958675,11.644020933611683,21.4918554975911,21.41091000325542,19.632416777036518,18.08770731402441,19.591737414042132,20.79111858023521,20.639807100342438,21.5408025266153,19.15248451943337,13.431837261026057,19.898442860424225
Var20,19.747198107311814,16.064785575659638,15.270423363312139,18.831816059121394,17.87293396242946,15.825400863205626,15.463706049967351,14.616511166397045,13.854396004553324,19.12688125455563,18.53254545496072,20.516374785999396,20.71348101831039,17.851537647092,13.405659433950925,19.613468350617573,15.447992445273801,18.172654143784087,13.838761741442896,14.9845071781904,0.0,20.460036633301513,18.920168554807127,18.482944034747394,18.47975050326968,20.06968427320706,23.678886928733338,21.6645377482153,15.703062070211658,24.02554025768196,21.212723401102778,20.84838131626718,21.12940827124218,18.629594468639407,22.609437776550095,17.939257768638477,20.59485143895739,23.25604056399569,23.685386034802175,21.458193359042603,23.60598068002976,20.431651314196863,22.67669778832664,21.75118650513514,22.163196070034104,22.872963881129856,23.779095927779924,22.24959613107298,17.719270340129963,21.597738238974586,18.642684654986958,15.25766220832921,16.003910719903853,20.15794265001388,16.368996159236534,14.646745671700241,15.239241186222566,15.042217152387533,19.627894614142413,18.275423723605062,20.964075053912627,21.33402219013678,21.112678998126242,18.903994824822753,13.43694307505016,15.543665097046185,20.811261674829748,15.531734951429879,18.919810541252414,17.700486955835768,8.035725138944798,21.145109900475386,16.30471012172168,22.196640385207957,16.436082412887927,20.196827579024834,15.908154141774306,17.26329196338478,20.311723667743053,20.652512953258512,21.63240203765823,22.98428484436278,21.809589799754047,21.187630110224152,22.511063645835126,24.3379757353889,20.001625039519503,21.13257391328334,19.106337205686142,23.41448060877284,23.678738310724267,21.704403625595035,22.220477676440012,20.5061581951659,22.6258456568587,21.091829084482207,22.193603595564007,20.83200456727531,17.005953046113593,20.35877389332366
