Var0,Var1,Var2,Var3,Var4,Var5,Var6,Var7,Var8,Var9,Var10,Var11,Var12,Var13,Var14,Var15,Var16,Var17,Var18,Var19,Var20,Var21,Var22,Var23,Var24,Var25,Var26,Var27,Var28,Var29,Var30,Var31,Var32,Var33,Var34,Var35,Var36,Var37,Var38,Var39,Var40,Var41,Var42,Var43,Var44,Var45,Var46,Var47,Var48,Var49,Var50,Var51,Var52,Var53,Var54,Var55,Var56,Var57,Var58,Var59,Var60,Var61,Var62,Var63,Var64,Var65,Var66,Var67,Var68,Var69,Var70,Var71,Var72,Var73,Var74,Var75,Var76,Var77,Var78,Var79,Var80,Var81,Var82,Var83,Var84,Var85,Var86,Var87,Var88,Var89,Var90,Var91,Var92,Var93,Var94,Var95,Var96,Var97,Var98,Var99
0.0,17.427917274946335,16.95710579447624,19.628637213217356,19.1524406564102,16.991670171588694,17.753828704015014,18.894499130872138,19.496232940628747,15.457674646568854,21.332614513495272,19.64038432613725,19.285110665388235,18.68539233250297,17.425775987539115,16.838515556444822,20.46898265080813,19.186966020199744,20.81909166128933,16.740518206103864,17.403681465872406,18.946460344245907,19.166992625547884,20.1949582210164,13.21403591970061,20.075326618755263,19.0070425395789,21.29282783287001,19.211178924447918,18.959779193450263,15.84639038816582,14.841999955594355,16.651637595057366,20.888177565570743,20.171900028530715,18.870665835368875,20.367561452055718,16.13341621249103,17.654113287954257,18.35032875258725,19.92673528854825,16.167315326538112,17.828210697410164,18.00506792143495,17.244869721945363,18.461077440902137,19.119079791081678,17.81114626697239,16.218737345069062,17.897466173727622,14.54262462302665,18.484267095022695,20.40879494134383,20.587833252054097,16.44801127906139,17.157650315111642,19.90204706806841,19.443407743583016,20.20663691822301,22.028575076311373,20.31966927359021,20.21867044443739,22.09085695573763,19.263969876179207,19.038070794418644,16.850803224420414,20.246308010833392,22.22846549139376,21.306713950957512,19.261594578409035,16.25926250078098,21.271484028723236,17.446451359922232,19.7911001161981,19.939568736948683,18.467933449590014,19.93625535235989,17.29386466959084,16.43613956951197,16.7016273488857,21.892749956783447,22.36494018849664,22.094128555157248,21.893976039353365,21.126352848478643,21.785119672139217,20.030747111328303,20.361292042380924,19.25586499819498,22.20691205044965,20.51334556168236,17.049708982557224,21.29636312466371,16.350596281103304,21.28516274653429,16.899566428842355,18.472014444215,20.60567271565407,15.845612459967969,18.035541401766583
17.427917274946335,0.0,7.669682942835299,7.458687595255898,6.961941819525406,9.255284878276898,12.36599163206006,8.917496480846125,9.385813675486848,17.38381086179341,20.571384435640734,17.729150342119052,18.023349333660263,18.58892669523399,17.632841663080544,10.682293405070803,14.93482021497851,10.16351002221474,15.452408818160476,12.544514207428549,16.2505434653025,15.109035301415592,15.644343220071034,15.168328392852231,16.926446653718745,16.58630932586413,18.363993986819484,21.133580416424884,13.59207707588585,18.43442899303505,20.67438388300907,21.27449537035592,20.63272799719273,13.72302729001871,15.835565123395652,14.871830174210334,18.751593283327548,18.984310769687035,16.621910070532458,17.27276402509764,20.59049633252931,18.24103556088431,15.190433948106584,22.614638840856053,18.879507059310612,22.676272295499288,19.830959488670985,18.54984738255579,16.943917456232658,20.828785898336587,19.35703710961354,5.332323883668105,10.950297743069632,9.171760440188145,6.751555165141501,9.96030159598975,8.42074007588169,9.21840000975074,19.511585567880125,19.81168666616849,17.766631629305422,17.16176049404542,15.872819468019776,22.15015124925027,20.39510566113594,18.70756656176684,14.284061330290392,14.800538146935995,14.56503118769478,11.68504817441922,17.364941508772393,15.90587570920492,14.978707729441783,15.60012559845641,14.480638002557,15.842567514466127,15.32122036786354,14.858315084389556,22.265523733442187,21.7943701785111,16.708634775564143,20.868140903304464,20.164482759760155,16.49989242515627,18.282041355500837,20.21300482175409,18.16208434996387,20.695170599569032,14.789400955652368,18.72675213245206,20.931790274029044,19.507285229647437,19.34027161960015,20.01385261219789,16.465171611060665,22.771385002118205,21.793659076516537,21.240660852240115,17.414800326707535,21.088030790687533
16.95710579447624,7.669682942835299,0.0,10.469395050839273,6.711124915554338,6.042863425542208,13.391715796444272,6.959334644964801,6.9478285420814005,16.31808716598078,20.19762066483905,16.97215831264808,18.76123541863197,19.72644270289684,19.09043089630273,12.528230184457206,15.307526840868372,10.57515434475762,17.0407773361293,13.0114222551237,17.306122690049346,16.62359672975892,16.45861783429242,14.293394398203697,15.044428308463727,14.87240042959738,19.136792859848345,22.19753091619291,14.169084071908015,18.833787865769946,21.32856926979108,20.81633447065409,21.56345580067569,14.957659906704196,17.39495161016957,13.510348670854173,19.78666386043703,20.36576116733941,16.468984948282365,16.192261717737935,21.736182484497025,16.621579336234724,15.907772089040138,23.75658056369183,20.1581197035336,24.007502128709444,21.852017474357822,20.10041824843336,16.882809074214638,21.88254380740088,18.641591931346746,7.3982477182627155,12.394770428525158,11.361806564733527,5.046206481689372,6.678298823832556,8.376701440353372,7.08598293384786,18.086010419737647,19.076799006837007,16.208865138838082,17.83663537382867,16.93685618039416,23.391621186603743,21.725946733629865,19.75607222924794,13.62963377402971,16.41379639048911,16.14729859520218,13.152607284640466,18.36621308678782,17.738448715712643,14.88009603015249,14.738867853315446,13.004253009017097,13.109623796437786,15.395364600717208,14.753037197456612,22.683035953694997,21.193788423753016,16.295185113179475,21.429703690947704,21.7772828068838,18.534411072784,17.637830706559555,21.22974534582669,19.06000416880171,22.16189414655512,13.953808457588805,18.58310359483895,21.88479973696568,18.146292093378232,18.818684414747228,19.60526565394462,17.786673558215735,23.603106070100544,23.00180430638294,22.331353195973332,16.60223753352647,21.80658490944714
19.628637213217356,7.458687595255898,10.469395050839273,0.0,7.030858919398084,11.59751487300091,13.094550157099572,9.727118139010512,10.880066234527035,18.32867848876355,20.65566007402857,19.58806856708908,18.94826899709266,19.083799819983472,19.04525228738187,11.40363340065405,15.98675647836292,11.928429730005892,15.775203709872086,15.596275137104428,18.05228568178189,16.287090350903913,16.508950425614607,16.25913183191798,18.455668701235734,18.37900443046579,20.307566396319544,21.61498653645171,15.971342105175152,19.350922020800528,21.594692733630385,21.651247369436245,20.43368403642934,13.681571519167234,16.649709081079468,17.53519568887395,19.450732604041846,19.152143266604316,17.738349051298123,17.063140610346338,20.64321857412519,19.007573848036884,17.66766604043717,23.643727481718276,20.17026883420654,23.12818460214413,20.279568255507154,19.643176182203685,18.7694420584434,21.81784727306913,20.6269913184987,7.314706101851833,10.390674015670635,6.318229821696391,10.786810754856328,11.852927191449304,8.557562857426698,10.574087172685363,18.064836441538592,19.47686770180299,18.34322501702482,16.890053949878677,15.030810609585812,21.574114189643208,20.00168605056897,19.275618018452374,13.983153874708146,13.388124064558289,13.646104743128571,12.890540041867943,19.173360873066017,15.599270578902171,16.348818831716038,15.074411567183349,14.722988204241869,16.815332758176485,15.54062198814341,17.049455187809162,23.779797493161063,22.37841426524164,15.854485639447494,20.2820512623526,19.138713394330622,14.594194146557056,17.377530962273273,18.447330937046598,18.807874107994014,21.26776450833877,17.028266243640424,17.10683942104333,20.722281799119656,20.69312397584585,19.510802792054974,21.63240723730663,16.82349550315448,24.04252515907281,22.459763498141967,20.734288434138485,19.26192494968194,21.92469355058085
19.1524406564102,6.961941819525406,6.711124915554338,7.030858919398084,0.0,8.411745316531682,13.82073067087243,7.563129062944982,7.752986078413794,18.09571882047028,20.807468151955263,18.42394802172497,18.64978200719861,19.045515118802637,18.90922594159735,12.374262078853551,15.656149737370656,10.680195221460169,16.178668020815213,13.69610807061608,17.555489049158666,16.4659366353965,16.04933231718836,15.182914402297577,17.145853471622868,16.13708907950957,18.658805048536674,21.2527532936786,14.505801587480518,18.5363413008911,21.347555179325536,21.65405583558969,21.40393695813145,13.935453390074937,16.247942884611874,14.790400126280934,19.11476902844732,20.157049102585685,17.67343531216164,17.138329054799204,21.078100803989663,17.672570048545246,16.926872788390938,23.531937783660485,20.197349792044108,23.53733017500596,20.727516026451585,19.529971159848955,17.741767564185377,21.778357358710497,19.61237537798465,6.555169439332433,10.277081896663306,8.026538574932369,7.068842053399327,8.97493434747515,7.487269660019418,7.625318710274549,18.300195194802058,19.57061402230618,17.556287279418967,16.84898295460771,15.100031090052877,22.361971666070698,21.11153557716343,19.408622184125072,13.231732219874544,14.399181075030466,14.181553240786114,12.205152512937916,18.71062191743296,16.145011875011356,15.020180159166696,14.855954410087849,14.078870238276576,14.92002158738968,15.633589012910486,15.086252418891164,23.16068654395848,21.546686815936347,15.307386815276802,20.22806286579392,19.820991533595464,16.393694712628363,16.92532747245242,19.191522360206896,18.415782689285702,21.18042010630493,14.542914896600887,17.06260682885527,20.392171721262017,19.550986838162917,18.87526778307752,20.20420558793963,17.22956447935621,23.67917792699473,22.37934965863797,20.74644311842826,18.13835917869784,21.683202566886678
16.991670171588694,9.255284878276898,6.042863425542208,11.59751487300091,8.411745316531682,0.0,14.211722085958735,8.153703360253495,6.760588899697582,17.00210391986559,19.96960544522376,16.946219763145212,18.85387778354355,19.095773255931064,18.70084288781527,12.977373913664838,15.536752458100151,10.244815714290883,16.664508171842847,12.505169776528184,17.28547401757374,16.643706658207222,16.01259289212061,15.070083257132712,15.955964687534948,15.161653531231106,19.301476386136944,22.004895107015688,13.56060462627816,19.07162263339401,20.857820777624543,20.50493651678672,21.48707830895289,14.9139998878565,17.359178496817844,12.957631903844458,19.272046900600568,20.08234613953836,17.391263236514323,17.49987103910762,21.14864929495601,17.38434563401752,16.385416789836114,23.564554026107853,19.96488698585294,23.76161802153351,21.33069441862785,19.365533119446567,15.878702537066934,20.715194609448265,18.1575276521482,8.693869597100237,13.503557159207354,11.684618905250431,6.100000350288083,4.744616171169143,9.104845871430475,7.605725062690235,17.846821310497027,18.84164881289832,15.96911118966073,17.678894454008876,17.00642301133286,22.830438008931814,21.609339772945912,19.612669418298346,13.872177910586393,16.082780535117763,16.332285765489683,12.834981810860892,18.158243891291885,17.698056235338715,14.441813819216684,15.60039696248032,13.367915197898284,13.998056608088168,15.836740516580688,15.03179458005098,22.094327373419222,21.25826407153023,17.3751313576038,21.777319624127266,21.88335479058716,19.35859111969027,18.819153053479408,21.583785853861063,18.494029767059462,22.13812834303103,13.07255985784424,18.666695308435195,21.80123033593883,18.19475967536014,18.79821554828679,18.975704809300456,18.25336104515058,23.17385548836908,22.945536556794465,22.07632317531756,15.254613073265649,20.81632118562541
17.753828704015014,12.36599163206006,13.391715796444272,13.094550157099572,13.82073067087243,14.211722085958735,0.0,14.052826091995149,14.936164278526723,17.991881636088735,21.80401936171711,18.29219639053612,16.23729691509208,17.318023858467708,17.071775024171902,11.9063888567741,16.657784911379153,15.0924938030023,16.469163459744333,15.77677573022743,16.518268110315645,14.170644233781644,13.931552856051349,16.57333604595826,17.299116468454947,18.58619565073192,18.2162890027886,21.31262446540092,17.434533442851993,16.504819090634584,20.046922900567584,19.139893991041056,16.494655955239374,15.690620945071082,16.541258188175856,17.21012404397311,20.240021243301133,17.349588138085085,9.61133657733394,13.720377591613817,15.560266618821393,19.40184255827015,12.36986944171757,22.184885018607613,18.93405403450969,19.640106261525837,16.789356327551417,16.90199409872998,17.27001605343704,18.59328631794478,19.628050346034986,13.251344306323585,15.37710937875456,15.233560699161016,12.75670188714381,14.365554452401698,14.492980863851828,15.069940604295294,20.077197900072917,20.452987860141352,18.454046182188183,17.60409461551454,18.054109855646235,20.39903776616056,19.34821699521404,17.744779089250457,13.714171004025934,17.14927997436998,17.3237597964802,16.409842119291802,17.824518146353242,18.327401960692693,15.54311348219668,14.237603102687787,16.90849470866502,18.58286622834284,17.54696343601369,16.85544857312925,21.384309695303035,20.82124752294758,18.21896296502523,19.877758832923984,20.36786385131715,18.90041796685089,19.541589265207488,19.552763630465584,20.51574320250265,21.109635872598343,17.71488091184622,16.802475170215782,20.838361250160744,19.551729432759807,14.929560263245556,21.087703175501343,16.397344316631465,21.832270569422278,19.84857418827313,20.992984938115494,17.09138041984963,19.418204950247425
18.894499130872138,8.917496480846125,6.959334644964801,9.727118139010512,7.563129062944982,8.153703360253495,14.052826091995149,0.0,6.244497124663814,16.80348996945884,19.391709469897407,17.50946385507144,19.355540661016413,20.166881021789404,19.864780268846367,14.237761307381527,16.176756979877148,11.26181967260626,17.02497198879448,14.845608549872574,18.795887980157868,17.016210040191275,17.08864368543408,15.017372587373067,16.35518300262175,14.588977443468451,20.06363302224952,22.90460727001846,15.009209742930702,19.95238628775458,21.858423931675368,22.33227655056609,22.625951229961068,15.08233996442196,17.74070931882782,13.894276615426426,19.476688253481235,21.54139037318903,17.462965524651903,17.26193005799405,21.88832151969978,17.374764262451098,16.593501404667887,24.419408524510345,20.391663946241888,24.550708757346875,22.691504292700102,20.806197396326027,16.701915910801766,21.89011078339325,20.369625173629725,8.09031401312581,11.765902704087276,10.132858344109817,8.274526526746499,7.774878451165827,6.650388829812223,5.838736382523544,17.04675033111521,17.330125320673048,15.109768466078537,17.679762754405903,16.162514349005928,24.16379159907368,22.28254162714226,20.893932958285703,12.543514021141965,15.361825516286553,16.163236968074173,13.585459846472384,20.334325448696728,17.30623082879682,16.295042393258512,13.580942039664812,12.528325686011383,12.690731292307374,15.396600729298887,16.347260181013187,24.017384702012933,22.348999085146502,16.584732007698957,21.12343673231357,21.87463719322935,18.152309061702127,18.23720636706302,21.571758397139263,18.200472377799954,22.85551805303752,13.751170939392203,17.743922230956905,21.86659494254173,18.71507787494592,18.4365190275049,20.288523597896887,18.06087970475489,24.252957426823897,23.82389742696604,22.790129891996727,16.588218742940885,21.570877917394963
19.496232940628747,9.385813675486848,6.9478285420814005,10.880066234527035,7.752986078413794,6.760588899697582,14.936164278526723,6.244497124663814,0.0,16.357985023387858,19.392797523119743,16.041574261825296,18.61793012465813,18.459760992997065,18.288757178395063,13.291383877773017,13.63100973278764,9.002041870259907,15.382506591330484,13.237937747536124,16.906304871964345,16.34244317993709,16.086529819699685,13.01218888267472,16.389516565171128,13.36166948867143,18.54006763556052,20.790130170103744,12.346628766127102,18.8032504231235,22.504554393133542,22.187447557515306,22.45551933505653,13.282911438349249,15.917462939989392,12.95880934614561,18.47772944671689,21.405131764329465,17.685186250392572,17.086228671842967,22.52973381092493,17.457452026751934,16.330880490129626,24.12625433336141,19.682419056825623,24.56946217330117,22.38491634663299,20.40602475327406,18.392396821217528,22.65782451384416,19.360619255130334,7.485598450062585,10.67290869423878,10.170340559774887,6.931220175980878,5.675278783583858,6.951214353839183,4.55598364579221,16.675552822372403,18.35966365171208,15.153653028427328,16.52749387398527,14.153762322364846,23.14315799042771,21.4832284322094,19.824603636812736,13.18841795729267,13.93626838497414,14.53548512101815,12.04951995609069,18.6970308152873,16.12474582281795,14.366402801251487,13.88197003968348,10.942635146912806,12.531525606847318,13.932914207294644,14.219774637183592,23.80241380464277,22.01668505680172,15.102143550829496,20.895991789826283,21.12767265027801,17.014652092937183,16.767719934531815,20.65946134427622,17.809808881532263,21.27793003187372,13.08285471750812,18.34567230970749,20.97116982476909,18.801691960834827,18.906860884878345,20.42298498340483,17.77926959336328,24.129476381889425,23.41176951568192,22.07432170469169,18.167200215271063,22.709956095650323
15.457674646568854,17.38381086179341,16.31808716598078,18.32867848876355,18.09571882047028,17.00210391986559,17.991881636088735,16.80348996945884,16.357985023387858,0.0,15.262033083991213,13.63495255405563,17.582962466143172,17.346584757394353,16.734048399054284,16.989978893332225,16.353579183588774,17.687062677272017,19.45259472845749,17.207216530931433,16.787912897245455,19.52728738579747,20.505633925623115,14.57867237726243,11.47890458415903,15.703136523536076,19.83173230944268,21.21559080105966,16.095356337022668,19.84894396511966,20.32546523388684,19.06248691345121,20.365036523928968,18.79960971731101,19.33457972765325,17.342676527130987,18.407861198840425,20.070113687156343,18.263639969649837,15.110309367601886,22.986623207700795,14.85710328296841,18.31578353321744,20.58315033605564,17.059987867314074,22.337288050670573,22.743570765281184,20.889081892748823,18.664589149636075,21.15368380995641,17.550047530372986,17.02847139361144,17.006277135912857,18.38700212015249,16.788628839411587,16.308104527908345,17.13387215229187,16.76465899658685,12.568269732126234,17.92181798534571,15.909447391909689,18.198196975374355,18.700918852886964,20.88140574083176,18.452474767255268,17.060215688078515,17.5832736917072,19.93831123039714,19.27657626944572,18.79267710309631,17.453695030753615,19.49630882952958,17.21065835080007,15.297736760740516,13.531485934667804,13.267911273921683,14.63153968625865,15.904473760738686,20.61526957539993,18.646975106637843,17.928877681219102,21.65759437821421,21.156382505068137,19.791122546026177,19.02239167466347,21.885467215446507,17.983622801663685,21.119777542109937,17.510090763741026,20.484587356896512,19.446118120037184,15.884581014696892,21.059313977576647,17.805501095558554,20.311595221759,20.64404888755333,21.745278965865165,21.669445420985884,18.769407908081764,21.082265759283537
21.332614513495272,20.571384435640734,20.19762066483905,20.65566007402857,20.807468151955263,19.96960544522376,21.80401936171711,19.391709469897407,19.392797523119743,15.262033083991213,0.0,13.23839185036841,18.09597444685093,21.24656328873427,21.573519336390103,21.551347370035376,18.64905881026978,20.54369723916348,21.058953182509267,21.31328396471622,22.079090379003667,21.81874183283669,23.606342433714826,17.70300576712509,18.83720673612898,15.719318356752108,22.692621893816487,22.22257207873993,19.181518265501044,23.055009061886288,21.26948770510648,22.774714837570688,24.029801985176768,21.329426269196414,21.19557660376755,18.1834685239238,18.87457960087981,23.30412774137697,21.491436264068064,18.56234665267139,22.77989440502724,19.233437801807877,21.18080256822657,21.04805014918122,19.999034323965788,24.11671178789663,24.028887549371145,23.678795053027773,19.84610868767378,20.83313675619945,20.578755998576245,19.60917311001725,19.405432916681207,19.898468866788324,20.98017928612554,19.841744433884145,18.813035446379587,19.01923264147325,15.709797618114408,12.31614858864908,14.245852728459774,19.84847892399121,20.888960930112493,22.889553970548764,21.274306735387828,22.232483011732192,18.963818815906244,20.55213978626656,21.08778567178537,20.94231963634712,22.23241808206961,20.9218557023488,22.129639650763288,18.24078441199504,16.705499700598484,15.694084655132956,17.566341319011507,20.96436094978435,21.35178053770729,21.56946446868416,19.94826748054364,20.745671474700146,21.56342690485865,21.86114758165572,21.533703399454485,23.79762690319081,17.882855705464497,22.48608409193217,18.62944370400209,19.89971646307702,21.66425186047692,18.757999652284266,21.46527702346989,20.70420538170143,20.903041223473775,21.686832420952,24.268745160388328,23.18245586296161,19.501650859053072,20.417804071784865
19.64038432613725,17.729150342119052,16.97215831264808,19.58806856708908,18.42394802172497,16.946219763145212,18.29219639053612,17.50946385507144,16.041574261825296,13.63495255405563,13.23839185036841,0.0,12.943161345783354,17.01775285292452,18.22263576064192,17.789154291031135,12.147613944938085,16.46805915945524,16.298898525071184,18.270730448431845,17.828550664198897,16.565101071539882,18.296932706124945,11.36000386037932,16.783660711612058,9.847577848374964,17.543767763291164,19.548991830693087,16.183138797334145,18.16322930780416,19.945498150523587,22.27388369008917,22.660432999853235,16.26092545853176,15.580440548742736,16.736285733786243,18.58839995083508,22.213903442159197,19.34074131873051,16.749618341664775,21.941468606494585,19.042771353260857,16.035367585244682,21.008685146153923,18.19781840619406,23.540677995976523,21.33580423989037,20.210982846824265,20.463304300864117,21.44154650263196,19.319193884991545,16.918460813365837,16.593937379203282,18.38227724734261,17.231428592154288,16.73673420475774,16.660255448131544,15.585668212628612,17.350544550819933,16.14787628271578,12.189742298835505,16.179186369163467,18.297788774266674,23.03746336880044,21.61147305393641,20.98983217774504,18.12885393009421,18.022537917424007,18.88648516489976,18.85576663996578,19.94615842642777,19.090244646795902,17.82906171451497,17.649589228873317,13.294356123715875,14.207811331995666,15.634674949593036,15.031669738007452,20.13354835847279,21.74907242048694,18.763386938411145,21.444521070029907,21.02633752505144,20.49225899311475,19.899566151505105,23.16765798336765,18.05396685830847,20.49064626784316,17.555063319117316,21.606974163826745,21.080643716141832,19.09884505083493,21.51496411305701,19.775191550559075,18.997714792862546,21.34545689813031,23.09257515559119,22.877584491878288,20.192456878828548,21.805059242902875
19.285110665388235,18.023349333660263,18.76123541863197,18.94826899709266,18.64978200719861,18.85387778354355,16.23729691509208,19.355540661016413,18.61793012465813,17.582962466143172,18.09597444685093,12.943161345783354,0.0,14.053715660557254,16.339479639371326,16.706260695147044,12.574208320220867,17.464986220778297,15.700776160506068,18.26870338731768,17.043167481073432,14.514379493410196,15.415664919774718,15.54020612715592,17.381171832752205,15.385222197706202,14.314107038311516,16.98078573924075,16.942149918491715,14.670503670925395,17.003271544839247,20.163504428435253,19.228218634096997,16.8376063776215,13.68094835528652,20.04705778988984,19.6872899471087,20.352989812815647,18.195500968501563,17.81468279638212,19.506667529790587,19.136628824161694,14.432440888337718,18.50866676289943,15.657359117438968,19.83723497436051,16.59881487943528,17.241881041585106,20.74102922571966,20.947094373075508,19.363217311524483,17.79152410433279,17.875603828336168,18.714025322560268,18.30004634847777,18.726639275826454,18.417596539014543,18.50346258778404,19.98021218026552,19.669882548150003,16.840830330208497,12.10417565503785,16.47346060844789,19.717098325220668,19.652203021887985,18.2019940752028,19.316055418622263,16.88189171781126,18.5212026570516,18.999794714639787,18.95799135444432,18.1358593572595,16.843283599411897,19.331228816323925,18.08552195023397,18.502902244158356,16.615632509080097,14.285070043198877,18.220550586409352,19.88227801681415,19.45024648787413,21.172592728455417,19.254169555096865,19.75110297430112,19.580036652173515,21.05899214077665,20.351586062600223,19.10749338489705,20.243911396840492,21.211202479537494,19.642307257570664,20.645172950153107,20.92166620169494,19.90903501656124,18.6287247657221,18.99772473927997,19.863617226279253,20.469770375645357,20.990546458113307,21.512774736601592
18.68539233250297,18.58892669523399,19.72644270289684,19.083799819983472,19.045515118802637,19.095773255931064,17.318023858467708,20.166881021789404,18.459760992997065,17.346584757394353,21.24656328873427,17.01775285292452,14.053715660557254,0.0,8.077053848267756,15.290242215405828,13.679030733711816,15.809132621957753,12.884133988211774,15.832974011157592,10.733232370711857,13.202766999133088,13.596091019666156,16.034481409266704,19.15745215960713,19.19122625747632,15.254218304745876,13.085128705374576,15.578022480256,11.529465865928692,17.07492785927139,16.65999993502628,16.164011167580174,14.590495801320843,13.112428976305806,20.585147254861493,18.44754088184761,16.877206576782903,18.02056654089385,17.766895376426437,19.12065799423779,19.710205209630903,14.668136243165462,17.210454926969568,15.196309395062912,15.441951060901824,14.74184216013762,14.286250294281954,21.86189893640159,20.53858040489033,18.29909358720526,18.70031865262168,18.52487948647142,19.018072862673016,18.07724759192539,19.2619766833716,20.046671824155176,18.665711979872658,19.57723969835189,23.204881280537457,20.769179635551744,13.665465798089734,13.166937185892555,12.959464051937836,13.20022008769991,11.385791898239994,21.35827353534793,15.446099838856812,15.629290422823072,16.38427182118001,12.493207186422296,15.089211314639437,12.689438549502352,20.034244434087576,18.55027427631008,21.518816516414383,15.891197555094056,11.78845969345623,16.460075020442865,16.67836546680229,18.109149536323685,20.361347456197784,17.072846966997993,16.481974433853644,18.163476913956547,16.089375022379,19.60144833279168,14.8405362113856,20.410782160302,22.092107412301942,17.589690289711474,20.924321969057075,21.491053595546287,18.08674706524435,16.566552298818404,17.194911480789127,14.934226456191004,16.38980296990661,22.72196795279082,21.949673234151085
17.425775987539115,17.632841663080544,19.09043089630273,19.04525228738187,18.90922594159735,18.70084288781527,17.071775024171902,19.864780268846367,18.288757178395063,16.734048399054284,21.573519336390103,18.22263576064192,16.339479639371326,8.077053848267756,0.0,14.435995625451923,15.338406793306572,15.920070694661955,14.336273703153918,13.300534380279704,8.768606245451313,14.2454992695247,13.780603463149786,16.848357886168856,18.924581833567807,20.227659804385176,14.098775639550254,12.382581820972185,13.448270226653957,12.307856509090064,17.501063132741226,15.52715115902133,14.650066140253628,15.56387030377027,14.119757517730736,19.05743415144579,17.348926117231432,15.695936153470972,17.85644302070392,18.186014244791977,18.74725732743018,18.716287745886973,14.857803186740211,16.714602965034636,14.630568764845366,13.666965741234902,14.316480906404871,13.268488330378128,20.325218309732705,19.60658914837117,18.24507149685917,18.404045818830436,19.240083803039788,19.408834004320557,17.196380822361846,18.860642034983076,20.12070997738608,18.63761669225069,20.620443229547742,23.00365490775343,21.303538129721872,15.616518922702964,13.653075463417158,11.377580045891111,10.531066789875966,9.046061610112089,21.56896107804101,16.324988311601647,15.722426606781909,15.472984292478388,9.159651038353076,15.067440398589795,12.033285054821611,20.842751042169297,18.648350787721476,21.62542656178045,14.401068983822896,11.423286000837392,16.47723728648509,16.587139395168997,17.69651192523655,19.254811234586622,16.388355828494678,15.534386785575194,17.271303514279566,14.575999572702107,18.58519778350605,12.957245540359477,19.310659154122984,21.878418163857045,18.36037707056703,21.6339992467658,21.947627057129875,18.12277329037825,16.409368427291994,16.28245774617768,12.304764302397883,14.568224937628669,21.196536926569443,20.867829856707235
16.838515556444822,10.682293405070803,12.528230184457206,11.40363340065405,12.374262078853551,12.977373913664838,11.9063888567741,14.237761307381527,13.291383877773017,16.989978893332225,21.551347370035376,17.789154291031135,16.706260695147044,15.290242215405828,14.435995625451923,0.0,14.349774106557083,11.88534293859902,13.875850521173229,13.100394896338688,12.7726063813339,13.01945527391791,13.465169887807049,14.976917389122766,17.50697550445631,18.83011133089226,17.54338965006253,18.18407095401089,14.928458151065056,15.642075835430148,19.52220718522937,16.857531192541884,15.851057011096689,12.961866683867834,13.841995884242618,17.97721590512076,19.16663165032695,15.140068283301702,15.585531346571733,15.541264213590097,19.39506478939785,18.112542857765877,13.363754204274857,21.325582181556697,18.12904092596209,20.380242501908903,16.930307053001563,15.94187455011065,19.325527788473597,21.2622129260808,16.365575081345213,11.12813210811603,13.336467476914766,12.434319392600878,11.48862377309813,13.475363409540591,13.53063099716386,13.37194708121682,19.329432980395623,22.0234958777858,19.431329456986663,17.083783055119696,15.447922735740727,18.172927833558557,16.894889519605346,14.85301125463988,16.794831332493622,14.84306679089991,14.502004076577434,13.158792601292784,13.759224054573457,15.975739342853156,13.18524122150976,17.50444751292947,15.83176982306206,17.82334561615624,15.761626526514249,13.716939020095973,20.488905073276523,19.321417056145272,17.164990086448004,20.59865839966112,18.228531925365044,15.18149707123859,17.485329670233003,17.665426377787412,19.67619241189327,18.724584728389825,18.677599197898097,19.941237556822983,19.99899757193856,20.52848639195551,19.72629273056908,19.50970906018333,14.704451747316527,21.950744051287085,19.894437994207497,19.383947612646367,19.860417390950897,22.06627186065741
20.46898265080813,14.93482021497851,15.307526840868372,15.98675647836292,15.656149737370656,15.536752458100151,16.657784911379153,16.176756979877148,13.63100973278764,16.353579183588774,18.64905881026978,12.147613944938085,12.574208320220867,13.679030733711816,15.338406793306572,14.349774106557083,0.0,11.500063507961316,9.923340080664913,15.07203477050479,13.50635981802986,12.099749426265912,13.08918072441533,9.085379104303328,17.939909485773583,12.835617547792978,14.934051668271715,16.53379101229307,12.60436810856796,14.529751786331506,20.498555492671752,22.161815665861084,21.2832178857608,10.285403191667582,11.339240601430872,18.1700494008744,19.239500356755048,21.74811123824132,19.04619891362676,17.444648011225592,21.73283909315098,18.7863571772902,15.105091643991422,21.032709828892752,16.898786070226134,22.469006964584743,18.879690153044287,18.01061808199537,22.008910439050773,23.46541259209693,20.0255114420544,13.784033311121664,13.832459107885333,14.830468873014317,14.856520753601163,15.160960537767028,14.436806724714897,13.934316996642982,19.04332921177534,19.26209817521651,14.840248648352173,13.24887130073285,13.739352483251688,20.824615825841654,19.838280039053107,18.48178459838087,18.24321431614901,12.543103755832526,13.880587176205978,15.036954496921556,17.98564923862534,14.899817849028487,14.045464547404595,17.864368893957504,12.197448859553395,15.853960649528696,12.791341638234064,12.507506583036603,21.908067526044576,22.226750695552767,15.991180423284272,21.05144648003241,19.88721607936427,16.49270214656329,16.57157189933594,19.84085824392603,19.112651581274488,19.29986534388273,18.0597218284042,20.81100241386476,21.034891997103745,21.018539384215757,22.02043078270081,21.168754306027427,17.640805610389606,22.548085936725556,21.811182388636357,20.814902549520557,21.51715436046733,24.04949591732131
19.186966020199744,10.16351002221474,10.57515434475762,11.928429730005892,10.680195221460169,10.244815714290883,15.0924938030023,11.26181967260626,9.002041870259907,17.687062677272017,20.54369723916348,16.46805915945524,17.464986220778297,15.809132621957753,15.920070694661955,11.88534293859902,11.500063507961316,0.0,11.002932859772658,9.257730723271436,13.11704857547857,12.876509910924524,12.153912414617446,12.766612481619571,19.024146008233675,14.980246531605774,17.787572624006934,19.03563613288517,12.611855393042056,16.252601636944828,20.951177942636427,20.66533252967997,20.758517359605605,9.513205610081352,13.14048525380074,14.019267145812744,19.534743980813243,20.837190280455022,18.448081615768785,18.479280127731496,20.804985708779203,17.71915703294164,15.614307745090889,23.19829169662253,18.326728708267304,22.60495165777528,19.18210678423933,17.76800768670853,19.626394804202985,22.21759082429012,18.53153499645972,9.117994615631565,11.424271575122397,11.263285539148512,9.345261923960798,10.435548657761478,9.71556214383217,9.041803201788529,18.37793788822681,19.440653549329024,16.03611765879538,14.455824396973831,12.547342299106065,20.988489038406897,19.898830296573472,18.62482810160095,16.080126625046248,10.884300125109364,11.467603140884224,6.947869079882846,16.061891570656435,12.635121415337744,12.028956404278706,17.799663780297962,12.149509410892271,16.09693679351373,14.17468139641752,13.195577054683302,22.306692470586075,20.05690702321965,14.560668013664678,20.66746999713856,19.65503529429953,15.338301983007833,17.725769872899157,19.03820648518929,18.7993110504982,20.317345569362605,13.362411534313,19.524371423472683,21.11651347694161,20.103906719790444,20.707445715496814,20.011817715573265,15.73890992693062,23.271210954383832,21.70707890994113,20.297077543895583,19.168318147324563,23.064436968807364
20.81909166128933,15.452408818160476,17.0407773361293,15.775203709872086,16.178668020815213,16.664508171842847,16.469163459744333,17.02497198879448,15.382506591330484,19.45259472845749,21.058953182509267,16.298898525071184,15.700776160506068,12.884133988211774,14.336273703153918,13.875850521173229,9.923340080664913,11.002932859772658,0.0,14.447408038389284,11.680953171201187,10.370440904232732,10.01789178611141,12.099124529762788,21.096657079428105,16.221604117230907,16.059096526103048,16.175028735732088,14.889688480198044,13.23616514190718,20.683242327418743,20.62431985704543,19.686829537272967,9.000580600673748,11.370439723594275,19.2650282961434,20.259805030975908,20.428089795072022,19.063226545299024,18.09964863490176,19.888877003231684,20.229224855419183,15.09971532136529,21.459483235846875,18.528747491117905,20.582830845222706,16.929166226737113,16.378354936258294,22.393416916354337,22.74550095367001,20.832824598445043,15.07433179040613,15.410377179934295,14.595674073421058,15.89850414396801,16.818713563597864,15.816293232230688,14.855371406047771,20.817239076004185,20.934010256973018,17.24501690078025,15.438806623690644,13.317129833991174,19.01838271875925,18.513794650103456,18.07282575990604,19.602882621473334,10.783287051772472,12.592816363337151,13.816726822009622,17.187937918706243,13.071269691789226,14.55226564840336,19.592397399062037,15.019941507493655,19.18615798385291,14.708298535887709,13.95981867991162,22.01947842059911,21.118385466896363,15.97739662231436,20.762287130433684,18.844404310680822,15.32505978607356,17.464205407453353,17.79971150877997,20.28695044584535,17.979975068010216,18.99565341666669,20.856395728124397,21.75457942624476,23.323978618563523,22.31193545371587,21.49394069770938,15.93086713833376,22.6915412011036,20.166970984763974,19.777733460257675,22.39619216340735,23.65611211438107
16.740518206103864,12.544514207428549,13.0114222551237,15.596275137104428,13.69610807061608,12.505169776528184,15.77677573022743,14.845608549872574,13.237937747536124,17.207216530931433,21.31328396471622,18.270730448431845,18.26870338731768,15.832974011157592,13.300534380279704,13.100394896338688,15.07203477050479,9.257730723271436,14.447408038389284,0.0,10.792994463502872,15.40907375390713,13.326581688317072,15.597015225750308,18.435161953291612,17.823539158754112,16.049293543762854,18.148533729382585,11.126982784220116,16.16825518294668,19.588055947191865,18.12544438278256,18.91026730859573,14.096941422973876,15.15249965618654,13.006391917940457,18.971515985323084,19.440355357297022,17.940043009387576,19.14402977192122,19.24852775307079,16.32369216979674,16.184802989001145,20.49374956762559,17.37796670745965,19.52612564194924,17.53787050377881,16.351500312086166,17.149310081324085,19.727770482063445,17.465415130037726,13.257454915935687,15.387509207981104,15.370992466714602,11.028439941865892,12.888559064226882,14.415345166838604,13.59368650454619,20.034756698794183,20.88629123604436,18.651007381163502,16.1174752675553,15.151396460407032,18.3512105357096,17.86751678268989,15.704780903532122,17.038679271764426,15.26981338855935,13.770699336400902,8.993544797854227,12.132877077482943,14.496710732307749,10.63709333526557,19.62889111344772,15.533823058459353,18.204746273631635,14.827819454258233,12.93570310187874,19.817178788253933,17.665714948875255,15.885505116982696,19.05073355943203,18.83120182392769,16.828176444698542,17.975391248418912,18.23181242409243,18.35435152883069,18.77169482729829,12.029510125039414,19.156381374758467,20.763830947010536,19.17366808526437,20.527897464503532,18.67892789413761,16.751499466097073,19.9038793594671,18.261330042381005,17.607862235374807,16.3262695183531,20.14869918647169
17.403681465872406,16.2505434653025,17.306122690049346,18.05228568178189,17.555489049158666,17.28547401757374,16.518268110315645,18.795887980157868,16.906304871964345,16.787912897245455,22.079090379003667,17.828550664198897,17.043167481073432,10.733232370711857,8.768606245451313,12.7726063813339,13.50635981802986,13.11704857547857,11.680953171201187,10.792994463502872,0.0,12.722899892781058,12.297577703921176,14.78841720660948,17.90777249711478,18.90281285770878,14.858685659093869,14.382224841599164,13.81280280859765,12.296205288401511,18.11546683301316,15.348255509487863,15.87491901098694,14.07363575477229,13.843365115388742,18.67651386880885,19.859456282768328,16.895078201138116,17.338646015196748,17.999486574971773,20.360689549084046,17.85131803432751,14.596152787927926,18.742370431583154,16.2023922911727,16.70685870637575,15.251360765581346,14.996986399884166,21.33426706275225,21.590172870557154,16.799863826386797,16.40863861150412,17.21298914170689,17.963378516008056,15.420142034971446,17.387945924166257,18.583655069121548,17.155145437267663,20.03784750262778,23.31489991149589,20.73867297171733,16.12161652094198,14.778172769227616,14.613026611770875,13.205701393380648,10.946663104271964,20.93994282800179,15.609907153715122,14.694409262476102,13.97669442597982,8.597112297295729,14.471840383539549,11.717985646114723,20.165586068102304,16.87646057134131,20.173325942921107,14.951254080971816,11.48401888914152,17.84642896170577,15.82567750848744,17.078947574994988,20.76687957967162,17.791365372543616,16.262187944193116,17.91613157442274,16.5272588191543,20.4343422397097,15.572964390464264,18.756105569661912,21.951215160299704,18.90205845528264,20.07224205227347,21.41378412070941,18.15671264396376,15.339755957695518,18.997348880886733,16.144639303900753,17.56314132496894,21.294181567733908,22.53164858922053
