Var0,Var1,Var2,Var3,Var4,Var5,Var6,Var7,Var8,Var9,Var10,Var11,Var12,Var13,Var14,Var15,Var16,Var17,Var18,Var19,Var20,Var21,Var22,Var23,Var24,Var25,Var26,Var27,Var28,Var29,Var30,Var31,Var32,Var33,Var34,Var35,Var36,Var37,Var38,Var39,Var40,Var41,Var42,Var43,Var44,Var45,Var46,Var47,Var48,Var49,Var50,Var51,Var52,Var53,Var54,Var55,Var56,Var57,Var58,Var59,Var60,Var61,Var62,Var63,Var64,Var65,Var66,Var67,Var68,Var69,Var70,Var71,Var72,Var73,Var74,Var75,Var76,Var77,Var78,Var79,Var80,Var81,Var82,Var83,Var84,Var85,Var86,Var87,Var88,Var89,Var90,Var91,Var92,Var93,Var94,Var95,Var96,Var97,Var98,Var99
0.0,13.500608021689724,14.305483964974684,15.216158657160356,17.647837639474012,16.487590175328624,16.15092117883933,17.456288496176935,17.733057794479056,12.625888261247292,13.725571102625151,16.79994667858844,13.467264116482928,16.114605312201782,16.27646325074182,13.112902143510215,14.835964677601964,15.697469014267806,18.178961284192347,17.569352228390382,16.27019056719745,15.391435471146362,15.593954510174406,16.32460774738254,13.581043210974586,17.941947054380705,13.949151016225729,15.07956007707958,16.16077357888578,14.699140342500632,14.12839071147424,12.79419090003202,14.108237406406303,15.09432959682333,17.732922848719113,17.266785423034772,15.19063862754927,12.624886593217548,9.99912853905304,15.645003928453091,15.100402299410234,14.518503385955436,15.45870425889947,16.17217206898207,16.501520531223367,12.88452774914558,14.111709521042464,12.758095147778723,17.67413188721557,15.261819475416653,12.72965847989318,14.933225860455808,16.775778789858457,17.19257263234851,17.82718397812408,16.725851640992857,17.9156395005438,17.403085035457128,18.11754851117557,20.03529921639904,17.990692480606906,18.0146627669284,18.20891869122656,17.718690039878325,16.765070437499965,16.68606164471838,17.800480797619915,19.388049758419225,18.83656779014784,18.12826539969772,17.556695373139576,18.887813027432653,17.144585674168226,19.35334705438718,20.271371843172048,18.115631745944683,17.514221919393982,16.835307187634626,14.068206535424183,12.651192491159748,20.05950179352633,18.622136779723636,15.318596013362798,17.123027660978362,14.658822535523887,16.218567215270472,16.224683379676204,17.046137712662627,18.277688065753576,18.41053742697988,15.473998866037793,16.834809890552147,16.091291135485072,14.140314272159738,15.415937995039616,15.888581249872615,13.55804933857449,14.093181593398327,16.891547076203725,14.833639111089912
13.500608021689724,0.0,8.911598508572922,10.862096397710587,12.602903009913923,9.808781501141135,12.861541640016734,12.806577709138727,12.95143197707855,14.172867795379844,14.510658695734833,14.55724546425952,13.534334102258612,14.640078250005878,14.667595431949875,12.525831730925214,14.829275647683025,13.789567850152068,15.9639551660565,15.496674573245434,15.238847432291138,14.174595686204157,13.620397491404246,14.222824005767457,16.110228489549662,15.192495338778349,14.967413700066068,12.61361364676427,12.749604219946674,13.599190705732264,16.853925262043035,16.098334521421418,13.950181094602536,14.834437961645095,16.10209784185454,14.678486383179424,11.700765110119516,15.143178418995124,13.01807562466148,15.71918716272864,16.357055300420296,15.031001133366235,16.210853120393182,13.989867075991825,15.4820789786464,13.88848056226572,13.899817847066394,13.342911022424156,14.783345224886318,13.579901124469446,14.931827658769697,9.583080530020338,13.972799570598196,13.291941676477338,10.848779023061768,12.250625024217952,11.482389176001735,12.360728885747122,18.370031145681903,17.827102207364476,18.985307118312303,16.394595185564157,15.237506630610968,16.008306550011177,15.023569026991542,13.103545981965713,15.081005338087266,16.22748599163594,15.737695828074555,14.975881942545207,14.168221718361734,15.062343367906998,13.832489691260369,16.76233254310029,17.958797981676433,18.772443790222063,13.49358430024716,13.85521152454996,16.2968301822068,17.701965316544364,16.543525785231758,16.242568721320758,14.129007229071272,12.984335351569245,12.54618098513922,12.982122200552451,13.447426476705362,14.294728051636966,13.860772241594656,14.747115406830057,18.343766400086345,19.989096824675748,17.894885497580006,15.952161617479556,16.104628297779037,15.394818613239812,13.98933046080956,12.977192027461127,14.738309109560346,12.622986435997344
14.305483964974684,8.911598508572922,0.0,14.8048278779502,15.055557595868668,7.533099552833389,12.30847826459232,10.388542309215737,11.178626901914924,14.535348523813283,14.947066986985185,14.960358932458783,15.201690084624186,17.33534368329506,17.147880679813543,11.69173263803039,16.529690295449328,11.260647711665648,17.279783203346973,13.716999442660574,15.086349293562426,16.71520567449793,17.068069238303792,13.823315577814713,17.68876713225664,16.076491945116885,13.295267416150626,15.00544165170913,14.974825880230926,16.462533910833656,17.53051342036089,16.44722407797284,17.266688240615355,13.141526352722982,15.392677334292872,12.787787628096646,15.234410796586696,17.278796189314452,13.036642995846528,14.250368463095493,12.878814036938827,16.596821848110444,15.014168789109748,14.628214602714412,14.919221247889295,13.312611878342109,15.517106588611984,15.070926780021129,13.276628543645156,12.203333662246468,17.533159780889406,12.52614282843007,17.556594735254897,16.6814732173219,9.788391524858625,9.501856822497537,11.086137695831702,9.74663114652532,17.374530208292246,17.568475637533734,18.27122227728651,16.669826910611643,17.385461389672436,18.1209408912847,15.818602684652264,15.893580476974904,15.559726296037452,17.644944906220616,16.263801356339865,13.628100673465228,13.882398028436752,17.710439373444405,16.84424616464896,16.995390675168302,17.71382152512901,18.28316623200878,15.6567908838814,17.25272147805318,16.002785853212636,17.93318828657007,17.266957940580877,15.381632410639744,15.143543214023431,15.453180819686768,14.01635552710313,16.721307944405726,15.909272302216584,15.542538156775654,12.23263275240186,15.255312436589657,18.997627661410284,18.956461472208208,17.74470649446368,16.96414154937896,16.454413597767616,15.422228130497436,14.342730212499363,15.79702111955596,13.52478925255909,12.191571614117365
15.216158657160356,10.862096397710587,14.8048278779502,0.0,7.774099077422581,14.383559425391642,14.117268752827584,14.192974406873178,14.10195148266786,13.93293427967392,14.392153308143255,12.552386064506472,14.153899815355675,13.607975165285293,13.57082814657239,14.029452642126088,12.783500370281168,14.922103104973251,14.76934562419098,15.287715433168152,13.535757737802538,14.399793809284176,12.59170631177268,13.45087560097654,14.144679314221072,14.506135116884105,18.02152116648502,14.96155742890512,12.736002714778513,13.628351159156166,16.893326435570184,16.40351217015723,11.775453514760978,15.507872210139976,17.681906845496,15.189340553698706,12.707777113485797,13.545921990001949,14.385842075914304,16.539037703654426,17.580115481135827,14.93505136845058,18.234635689289327,15.608433807857793,17.215893997044507,17.15872050787969,15.665015213608472,15.104821152848988,16.272412085559935,15.090307272933885,14.075279034428728,11.339279489371934,11.907520687121044,8.411848887256383,13.735327100677903,15.260952891281969,12.952918852817422,14.368322532387063,18.357076386955804,16.682020645540025,17.452217094415516,17.352522730136243,14.981486007577484,14.16878562631343,14.407297903373935,12.792127169967582,13.91193044938679,14.999252789192916,14.619079912208289,14.63283067388568,13.865418537023924,14.784262464428728,12.53860680786863,16.662466326581285,16.80573959725326,17.459728220910964,13.60979522373547,12.605957772756396,17.463868755021355,17.01028799654195,15.513212611485494,16.364309451779743,16.880990201719037,15.13871199968458,16.124871933668025,14.115285578237518,14.89741353962128,16.59413783657287,14.760492204699544,15.159096764307186,17.415913149443448,17.44617678074133,17.068076324232425,16.713754198138787,17.019939174228888,17.037242433124188,17.231277201457726,14.70190707590611,16.47469212077732,14.646999497724025
17.647837639474012,12.602903009913923,15.055557595868668,7.774099077422581,0.0,13.591250062796467,14.427816274125597,13.891046798760886,13.114034338308189,15.784653729198384,15.06352615972202,12.271465427280283,15.148785646778416,13.616848393097555,12.987925267981389,14.974076953801694,14.05281922682012,14.719469398310876,13.91428110135524,14.062767505049798,14.05233873670967,14.959189617076785,13.544745314742409,14.00919707553464,15.600604862306897,13.969948657313646,17.3828048554538,15.799503686963837,13.711766123099032,14.406538791142353,16.700527428745524,16.721727219713383,14.508063553975648,15.921116736032165,16.915768460836578,14.449282690568,14.909054957006065,15.09476484264775,16.614498701699766,16.382718868688478,17.04140081490103,16.054626915212612,18.185958836237468,16.20249581669145,17.2202893997748,16.863448906589557,15.804602264038571,15.93830908286383,15.10255111368351,15.246594612166533,14.200381134439317,9.80334530010651,10.509087501884377,6.298711187577703,12.707338563608053,14.29439320651781,11.184597404541378,13.400699818253027,16.81149073926054,15.746840828091724,17.026115980584276,16.327066776607147,14.8730100911329,14.207906244469015,15.031780101717796,12.987161414794093,13.030597161372093,14.604774247227953,14.56190124614946,13.76683150266472,14.13881225582344,14.577377344529856,13.135353605560264,16.01415745543623,15.717702156704762,17.87545780870003,14.532708406717576,13.205214141102417,17.800010362777122,17.343794045611716,15.248974212968651,15.531609514648922,17.100916119581886,15.280066310244331,15.505703093575008,14.896700937723695,15.475856494325148,15.70486552033368,14.138712715160798,14.86416214249979,16.290939330116373,17.59545482572778,17.066589353654763,18.1428248333346,17.679951887901368,16.2753412352988,16.442780487828838,15.329390510161137,15.862659606688606,15.733151362221042
16.487590175328624,9.808781501141135,7.533099552833389,14.383559425391642,13.591250062796467,0.0,9.926949234688609,9.143862976111476,8.324399320796136,16.642270048361187,15.522453307136852,15.286298509478897,17.092314114075336,17.277249160234234,17.28876913666664,11.222613562339136,16.794895294531397,9.78019185150336,15.467189659238551,11.927296790127976,14.615312584264275,16.778572368515906,17.361382208785844,12.547310436777233,19.336332134221504,16.0683935586897,14.20911890509353,15.470580928516352,14.49224551634373,17.546901201099804,16.822009517695005,17.23213206691056,16.413524299275664,12.487668715567583,14.264311894538032,9.620854360461028,15.352456080550528,18.942881590971776,15.830145575609787,13.43718002910264,12.9254774733291,17.442058065065645,15.462953079772811,13.44351557817216,13.76866034306946,15.357814982152288,16.417276760158003,16.33520736691632,10.745478763424902,11.565868807442229,17.514178962732878,12.692367319587282,16.262041584208653,15.88371628688568,7.800768600596016,7.550729105278594,9.634974953178396,8.61934413753742,15.485428656541051,16.316645012390705,17.38403401996616,16.778178256781768,17.206691861222573,18.32118872714781,16.274683111195174,16.155985152491237,14.254792480009868,15.686076903917444,15.33835351824197,12.747519676426643,13.302228624928173,16.00815376696954,16.503453294078536,14.540644702360751,15.462718501618165,17.124733489175007,14.445055973007134,17.1770435917096,15.130826129476375,17.69227660966478,16.02441157022553,14.79787972917758,14.511473467910076,14.470951680222528,14.09887167346492,16.77601497061489,15.142770037879409,15.179185888033334,9.481161844224609,14.25711283624632,18.263881151724814,18.501955015052125,16.495944778094895,16.98566626099817,16.562812668554912,15.011630509362371,15.775550218873434,16.518130096541647,11.860261943883517,11.81467980916575
16.15092117883933,12.861541640016734,12.30847826459232,14.117268752827584,14.427816274125597,9.926949234688609,0.0,8.315858544097551,8.826667328732485,16.878931578560028,17.37691004431702,17.260550230088196,18.6699669103945,18.531194727757395,18.83324778943005,8.425465871422572,17.652572095932573,10.58667273953126,16.700395731055224,12.065107003933932,16.488686976012268,18.26033065783305,18.98144754151417,13.65429313843179,20.35528750807224,18.078657530616677,15.803035919872814,16.51600689625131,17.002555070650367,19.12884007168367,16.745675531408846,17.37759208618904,14.93617747507336,13.59082810190756,16.589698419913173,8.899263168763284,16.55125024963027,18.49923771945554,15.224214243561478,8.341327582714083,12.107297052522876,18.36268165151924,16.916847322436787,12.720394093519314,15.434866484230286,16.192801857725847,18.550385638705013,18.27501564884357,8.980291239150873,10.744806556622812,17.48603145413361,15.007353018844992,15.32675525138474,16.084037613356127,13.151861690867824,10.420017000129391,9.604754773539897,9.573108691303652,15.661706375019174,17.075638847105626,16.818480838521197,17.986311513127443,18.52569905993624,19.39685485140367,18.330848404429016,18.023289301736742,12.33377452519445,17.148337519804908,17.135504961987124,14.009770991151186,15.522984259805028,16.50187352516166,18.361834100721705,13.67867602652063,16.870643667752226,15.765274831329082,16.06574097616761,18.522524560408197,15.148052284443873,16.054476732547524,17.261628740192794,15.673673968373738,16.615442155867434,16.654905860170828,16.25252507768363,18.05549312567092,16.64397309861251,16.423703448026618,7.8880013570093075,14.390101236571558,17.638511739446216,14.834057648068583,13.475894571086648,16.49173830263126,16.84959106473814,15.091134081358454,16.64798020525499,18.28269946524549,8.628874107511225,10.359370439627105
17.456288496176935,12.806577709138727,10.388542309215737,14.192974406873178,13.891046798760886,9.143862976111476,8.315858544097551,0.0,6.551339433171422,17.61384363957738,18.22702645101681,17.091237193163746,19.076205541514547,19.409076287140326,19.505197475132533,11.471722284414748,18.07248735409897,10.973457132556767,17.50676629381183,12.85774959600802,16.57334468501256,18.96140951149054,19.37646117540348,15.035028294654794,19.81897765607031,16.587049753668765,14.813283714556722,17.155350335182796,17.499216693071574,19.443635924765783,18.373639687807284,17.413684419172327,17.84259071254336,14.486403919002557,16.031551040518814,8.087803897279398,17.831544368272052,18.30720813665164,16.52988860789872,11.268515236781552,12.455776972654048,18.19697877884813,16.847674235033637,13.122542051119202,14.940646019027785,15.394030144774838,19.073099201319906,18.917652540723,9.918394204772031,12.58550260168602,19.310089497816936,15.48543016604952,17.552412441036616,15.677951758991126,10.627700113563703,8.37062978885915,7.135788086222063,5.065603207113701,17.33459593756313,17.33097285353542,17.254055633721183,18.960922638712987,18.735066130391065,19.30497318479564,17.63928200955346,17.95211219933897,12.75637153112335,17.458077203584576,15.9984200438688,11.825794335887313,14.475660336980654,17.34387263688694,18.167647152116626,14.79161456793816,16.684871012422725,15.331501731676386,16.925743921746832,18.73814522132342,16.854552470605878,17.07765008653092,16.689733123086796,15.109956891906837,16.710572406596295,16.50879908882993,15.931877987244585,18.75453751204248,18.28108367935089,16.487994058690553,6.659472292046496,15.2939250851411,19.01111309705404,15.134806650181089,15.759644498882048,16.528262261604194,17.226404157031126,14.80271322090428,16.20956850306186,18.61659890464917,8.595242481754417,12.138439047845129
17.733057794479056,12.95143197707855,11.178626901914924,14.10195148266786,13.114034338308189,8.324399320796136,8.826667328732485,6.551339433171422,0.0,16.540667593557576,17.112845667012998,16.383635600768418,18.48258437508356,18.12760430112208,18.70160610736257,13.001304871904718,17.02379815076998,10.930914878764073,16.967932205929895,12.284925884114264,16.493401512357643,18.365871086912765,18.534607361870705,13.43725368763392,19.499463886752228,17.065623881677244,15.805950695964023,16.82753657935866,17.176458345321638,18.88171135624868,17.52876552980931,18.245341260897703,16.879974123944837,13.994592712968506,16.431329701699124,8.63631848365065,17.52631354822674,18.06468490897216,15.944586535327735,10.741798371641025,11.4724640397115,19.387807734976946,17.200533948642537,13.45632348630174,15.42896299242537,15.974994213359992,18.26571317850469,18.155030687324025,10.399664148735102,11.97212105165786,17.71215876899099,15.09461115254896,16.86987002571464,15.339452146513947,11.566271765959913,8.705605574798627,7.797866387192762,6.979119325020308,16.391298248495584,17.221052205817152,18.125164474962254,18.84514393871025,18.38885591651777,18.96831723363799,18.246394360107782,18.13897422167164,12.255982427061166,17.822138509728543,16.575055703055128,13.427867698176463,15.924744280270998,17.281604269586712,17.855669579996164,14.06919647386978,16.781595116816575,15.947733432711614,16.65388572604454,18.424080964797117,15.899479762811424,16.867811681161328,16.460988722943174,14.759505684847417,16.209664924293257,15.89699710603556,15.513295937896707,17.956141406961315,17.0946550299541,16.392891957518,7.984865631383323,14.104017153101964,18.07686219165637,16.15676803147454,15.753213849154056,17.43597003989232,17.943320532796506,15.240174048697078,16.509356606628113,17.780987534011512,10.7024529292234,12.161383767846305
12.625888261247292,14.172867795379844,14.535348523813283,13.93293427967392,15.784653729198384,16.642270048361187,16.878931578560028,17.61384363957738,16.540667593557576,0.0,9.069358666878998,10.675448635133332,10.8596469389766,13.771269870071505,14.65926750950373,15.29829552945372,10.513983282521696,15.289422157848527,15.989595738153447,18.128941984082697,15.010418719826154,14.284248096906834,13.65139500615622,11.517240908475904,11.053172383549484,16.537335644682294,16.87636709746701,13.29259862405817,15.518797752509904,13.030451798572988,15.996256774948174,17.073942088044614,13.349254965618208,14.039317211540396,18.266547688281616,17.604032956349954,14.40254346382986,11.74462503725223,8.822276235975021,15.199971677928469,14.916188924717009,16.29024497923965,17.160313248725842,16.86844142446694,19.15858474191397,14.777622899706545,13.972060152870558,12.701809215447236,17.66951005675075,15.54321540834122,15.10284276466556,15.977696186270832,17.219071641169943,16.95299064190889,17.408106476245983,18.43884703044068,18.390474191733485,17.54582777001255,18.040060952042243,17.627546935358527,18.433143156105142,18.03628572516308,17.697486447194667,16.35378543935783,16.17124887538579,13.832683676460436,18.452735174083596,18.834962446996396,18.26724844808312,18.032845431195028,16.644191449482392,18.345566824487783,15.669298566108964,19.96011916940052,19.400174333145785,18.69081719414294,17.246343966726414,13.687819242581952,16.082006760351707,17.51437586642382,18.992693114780582,18.470454937546208,16.219730061771635,15.072225502444082,14.90776234751008,14.58665509134716,16.006086343387825,16.479761764817177,17.988653011175934,18.123984150727782,18.022915803568456,18.40203265855202,18.276324887455715,17.128711776639914,16.074720230577157,17.091828534522943,14.602275085130584,13.132637320208572,18.532550380571205,15.206931223590296
13.725571102625151,14.510658695734833,14.947066986985185,14.392153308143255,15.06352615972202,15.522453307136852,17.37691004431702,18.22702645101681,17.112845667012998,9.069358666878998,0.0,9.104385927492102,10.522931004845208,11.407922017303823,12.016796372438224,15.56592167596983,8.06172633771448,14.509114938345352,12.448292381305675,16.207674747834332,12.626177320589086,13.03404110714506,12.656029175981114,9.736701381557458,11.666942785885857,15.56130296179626,17.672155927329037,15.383720643618734,12.027329225395126,12.927182770629138,14.316408046131553,16.854480748546997,14.053852841005618,12.860204442206994,17.230408298814947,16.909056333973492,13.337336227824244,14.905560504839048,12.857689635447084,16.67082258488547,15.718039449149556,15.904503022913287,17.339503726298595,18.65771493672177,18.848723589895965,17.157782346905158,13.511508707089348,13.209331926559678,17.52899351361853,16.18308173587284,13.829040320539605,14.161245290351838,15.0214867120624,16.16138419943203,15.78106777244478,17.753811773432645,18.183098650606325,17.643716825632694,16.28924818859584,16.196674992132138,16.68218705510084,16.15566816037542,16.09943962146511,15.12987005072946,14.746020324345318,12.258000295568964,18.317368384626707,16.00823910536081,16.9291603536904,17.20545463217645,15.013518223003825,16.581499550338165,13.791464574714308,18.95374449985356,16.928100092112928,18.13616966777901,14.964560693018104,12.742175716918366,14.543616943373127,16.638702338246507,17.8700297902359,17.88685105597625,16.085782771007608,15.018242011275484,15.851705910676907,14.28683126376969,14.214116398725146,16.113092517264306,17.867642337753992,17.719653200315257,16.103266232512265,18.616999888939574,17.919305274084014,16.389638646205533,14.700670287021406,18.230391750854736,16.231663944367337,13.20918982292356,19.17937821782697,16.618866574782967
16.79994667858844,14.55724546425952,14.960358932458783,12.552386064506472,12.271465427280283,15.286298509478897,17.260550230088196,17.091237193163746,16.383635600768418,10.675448635133332,9.104385927492102,0.0,11.120182605948957,11.140992480633065,10.561129925982506,16.40496077128146,9.966597288549869,14.159543757099842,11.939039799627848,16.25830759607585,10.936007732272415,11.662431501311934,10.869268512943547,10.265212572579276,12.408139663278265,10.998611065152613,16.78517507441315,12.8675274897602,11.762046926336025,10.99157758333503,17.341755241566858,19.179631252149623,15.226495977162044,13.552179550254692,15.191847023625684,16.09166579022325,12.22158606054941,15.189435224734051,13.977520156313895,18.1083503812284,17.02739076387002,14.751830576367311,17.07157328852733,18.05830494383925,18.30245078600413,16.42542048407369,13.042054033672136,12.78755973970613,17.288065734277247,16.053535918347826,16.023219169507897,13.381459432520904,14.867709303438737,13.541098705709574,14.146464235161874,17.0625453003489,16.626160269244792,16.75650424539205,16.508093935608724,13.77998829362372,16.49740187241753,15.482315127231171,14.635939211793474,12.59615133052652,11.90453743165438,9.602846048394245,16.64147873012703,13.646934902078543,13.867996615089805,14.300262000497726,12.345654990771765,13.93659328385086,11.045812016700888,17.59544090523882,14.97469818168041,18.317325682186837,12.959571707496972,9.506872816959602,18.047776020854297,19.72012944061791,14.713321285448457,15.240654590339211,16.513488442889237,13.376694425888932,14.550787300655625,12.927822453413762,13.41050942709314,13.502276890471732,16.568607868713045,15.530100054773436,17.50668576785767,19.577297896860813,18.27316271895426,18.89499213201624,15.655218147655326,17.267196102965354,15.73461317713238,12.758336651275014,18.525933128201885,16.393737269931577
13.467264116482928,13.534334102258612,15.201690084624186,14.153899815355675,15.148785646778416,17.092314114075336,18.6699669103945,19.076205541514547,18.48258437508356,10.8596469389766,10.522931004845208,11.120182605948957,0.0,9.920317559775643,9.709527112046135,16.562987548765644,8.506422310505606,16.735865693686982,14.898810071675928,18.76879573193503,13.388191458610232,9.579424374686518,8.824876448152532,13.32649268830192,11.613996350546266,14.676818031300522,15.628149819871634,12.211190075109316,12.62665478607261,7.442175636784105,15.079485997145778,16.834882419277168,13.997284023036704,14.792643118942784,15.13974587341412,19.62842450618593,11.419387676866483,12.247050015726948,11.019286149300504,18.26613141798671,16.94084411312864,13.958698900830644,14.563597308222036,17.16157609386837,16.64442369170894,14.181217505001149,8.421094737847556,8.367129368674865,19.54689305711904,17.385217138050386,14.867663555240217,12.922844572429586,15.122669444371192,15.27893016103543,16.145967237222912,18.55772594968424,17.977703751660158,18.452085909368723,18.92731730942172,18.41136200346108,18.857099396807865,14.448526749407678,13.183028494136362,11.097408967327503,12.095502362734534,10.00778176480783,17.995104618790275,16.13465802386938,16.103463097618725,17.094031261438104,14.921587673809215,16.945446883454448,11.06210437556542,19.568091814189323,18.77386216016252,20.667588363766114,13.729804926363936,10.16671718477157,15.934342043303332,18.227069176848783,16.455916043927573,16.75372652554115,14.147385273189151,14.165741983896236,14.822639063928404,11.760434656965913,13.26691822073776,13.97100179362556,19.20814506069504,17.029366123246596,17.107721905693285,19.799769663080983,19.283679199630896,17.407282114945797,15.793115404080302,15.708271333654404,14.408694128130438,10.5310007395171,19.568806417374145,17.423145199991527
16.114605312201782,14.640078250005878,17.33534368329506,13.607975165285293,13.616848393097555,17.277249160234234,18.531194727757395,19.409076287140326,18.12760430112208,13.771269870071505,11.407922017303823,11.140992480633065,9.920317559775643,0.0,5.997402671246772,18.20999749375204,8.975620763525878,16.477799009993095,9.720735322044373,16.767126951101854,12.2651268377975,8.720788338166729,6.150118123768094,13.456251073866094,11.809363549817474,13.134649274473242,17.87550587019521,12.697571933261818,9.72000183010582,7.572781117879523,13.188458183581249,16.83240612250209,14.417325888054782,14.628024821958222,15.396744718824904,18.86337010728808,11.373414690024518,13.280904322184096,14.732602516191346,19.11416620610401,18.30358586257569,13.90820007169484,16.155136702549008,18.36978329990252,17.632872553973577,17.114332193972288,9.05461560627364,10.601829906338288,19.481173204216876,17.64270209449879,12.388404562761428,11.845096425749636,11.98898214418337,13.354504730717506,16.16088815342267,18.0328236556096,17.1282252580491,18.011970526451574,17.47897814731914,17.466086855419036,18.813552567807687,15.351405797022682,12.330595969492933,9.350831320876816,11.88097512440167,9.957519303225103,15.347944711961444,13.34655620106764,14.853250395936747,16.174997128435994,15.335122231138964,13.964062048261114,8.508358167256063,16.845805382168166,16.735908244550284,20.08874349185301,12.110347472601408,7.637711022220956,15.339236322528247,17.594286324455105,14.918642198621985,14.953134728730712,14.813611611785452,13.426344397512658,14.904226057422637,9.28531622610767,11.142535028834212,13.49270846367354,18.092904361942363,14.31236274497534,13.815770354891535,19.90222513790182,17.87551079771462,17.516877182658114,14.02812527438592,17.032993675008452,15.968870831479869,9.801770284102568,19.897484704001364,17.936591217492875
16.27646325074182,14.667595431949875,17.147880679813543,13.57082814657239,12.987925267981389,17.28876913666664,18.83324778943005,19.505197475132533,18.70160610736257,14.65926750950373,12.016796372438224,10.561129925982506,9.709527112046135,5.997402671246772,0.0,18.33124918044706,10.550293701211944,16.667475505036528,11.4160294232606,15.868827441487872,10.644548525885458,9.430691069145787,7.57513169734777,14.228385085303207,12.757361841798293,11.885778003145017,17.028181234520126,13.37774019808045,9.08977705993547,7.086330109693576,15.156740483591642,16.87636028767225,15.596318500672002,15.197393869282754,14.327973070800017,18.706561826220224,11.383394094940904,14.03352136864097,15.315518125860732,19.48036111868695,18.33900270961764,13.200350383678217,14.84375211356465,18.40247622620504,16.625013507894547,16.87335839039047,9.80819828356792,11.13484860480969,18.962703837665213,17.54921416022699,13.111120096972693,10.955018585596102,11.050704997693789,12.175462318582989,15.5499299562678,17.967832073415835,17.038233292342323,18.181300314899065,16.597163101618655,16.28285726730621,17.23944453184784,12.646689383592571,9.897663619462826,7.040089777667568,9.190939218419503,7.048880092164784,15.440687262964287,12.16146290602653,12.801858816293905,15.09898755272778,12.767727989376665,12.455515192175264,7.151567878658322,16.57716618948032,15.6133122447405,19.22233679675472,9.921689917344343,7.716733278416312,16.291279073613783,17.63158760012575,13.346230934506735,13.86348027576018,14.45564967124423,13.3310567809858,15.08889093145224,9.610514574548224,11.337786998612444,12.157005652023686,17.995992068651553,14.187417742143344,13.94358579861026,19.573460332699,17.59919499599445,17.345334818473336,13.429519706943838,16.084244600097776,15.700451677356911,10.32703712497156,19.548536750201738,18.22337969105868
13.112902143510215,12.525831730925214,11.69173263803039,14.029452642126088,14.974076953801694,11.222613562339136,8.425465871422572,11.471722284414748,13.001304871904718,15.29829552945372,15.56592167596983,16.40496077128146,16.562987548765644,18.20999749375204,18.33124918044706,0.0,16.12996828148383,9.52427003202852,15.803436686418308,14.235817435039664,15.341746216249849,16.727194517911524,18.192141645090206,12.440850544455293,18.90937595217334,17.795940925355122,13.56927442319684,14.838028548374703,16.489239727058308,17.91059733271563,15.630698376879252,15.87823052394365,13.666511935385287,11.464556767940543,15.577036629861736,11.281744486307645,15.892167847953909,16.98397397857727,13.01054933651782,11.145653485980612,11.886829530322927,16.574833133834815,15.324347719774922,13.05462844810607,15.307079030497723,14.121462661643385,16.746728113346016,16.21689965048603,12.287509994479672,12.07688542885786,17.48511806749889,15.025620344412458,16.166447458884733,16.747520764147744,13.49047426209674,12.418067374736744,13.464909113986952,12.169997534836735,16.04447518493228,17.62385140782935,16.63543087632755,17.550226155328485,19.375040916741995,19.684793133378527,17.525117006618988,17.083330602507495,15.593692491274243,17.23773347159417,17.34708830175679,14.434686017065385,14.706207799201072,17.429867387808624,18.59830454267077,16.45606853155528,17.328128693465874,16.755308912529323,16.81492431322849,17.86393181755433,14.946811166181678,16.38960220781652,18.29201180859484,16.60318914110198,15.588659138411158,15.691054946435898,14.53268695698247,17.96288480107081,16.84233607776099,16.16307136180469,12.08408933593086,16.748142871946527,18.111031091466693,16.616287287445374,14.6762236731932,16.327067915122818,15.77969874293017,14.94373569271007,14.97497427957011,17.346486675859857,12.251206026137837,12.06346184455909
14.835964677601964,14.829275647683025,16.529690295449328,12.783500370281168,14.05281922682012,16.794895294531397,17.652572095932573,18.07248735409897,17.02379815076998,10.513983282521696,8.06172633771448,9.966597288549869,8.506422310505606,8.975620763525878,10.550293701211944,16.12996828148383,0.0,14.968300860660992,11.629898271280249,17.440324149398432,11.7119802407147,9.928862667605166,9.46565659044374,9.69302504758826,10.425801638807274,14.61717481315986,17.62272420011268,13.745346386953658,11.571286990216292,10.548790717345623,13.211922534704534,17.16882560827959,12.44276527047794,12.282454127452027,15.801652728019638,17.820525752265812,12.080484793961771,12.682138596935056,13.081190043359175,17.40155313678861,16.351268629053305,14.542256355784223,16.18939814103852,17.92698972375635,17.550087155297895,16.94123806979798,11.084677928338657,11.530262107694044,19.5417398929009,17.45924443696841,14.180288493272933,14.146793467234176,14.662574626444725,14.797956070620923,15.986808738510073,18.185297539407813,17.469464715505644,17.361186439715052,18.32258735414232,18.05585978166012,18.44526548907553,16.92141894622513,14.894397160474895,12.609274139732348,13.139699251259673,11.213463039179208,17.36907118743342,15.240551811799325,16.049498320468647,16.600360934233546,14.740741980118468,16.192804654695856,11.432808141575231,18.46439631024554,17.656800196741877,19.07011529187114,14.217109319705049,10.23438740113792,14.238410959248718,17.553875741164894,16.64563225716075,16.95695572457149,14.446134764088328,13.723794902764004,15.92003044768738,12.291475768913456,13.80931191501682,15.280820218856109,17.76449211085297,16.799118771924963,16.585278064058386,18.810707626922778,18.63888902253528,16.047931952939525,13.920606842313774,17.332495969813163,16.54116035848974,12.11047299177481,20.0107831520676,17.80018440668554
15.697469014267806,13.789567850152068,11.260647711665648,14.922103104973251,14.719469398310876,9.78019185150336,10.58667273953126,10.973457132556767,10.930914878764073,15.289422157848527,14.509114938345352,14.159543757099842,16.735865693686982,16.477799009993095,16.667475505036528,9.52427003202852,14.968300860660992,0.0,12.522105319544243,11.242222599248398,11.22920583205019,15.147290698236398,17.157593351746847,10.49043331743501,18.37181693241155,14.49342620826457,13.17151821964122,14.511250682614264,14.143828942919985,17.03076675454484,15.80302119268166,17.626615462382198,15.999468187767976,6.013584248972777,12.98153124500258,8.835881844934674,15.37623613349835,17.30376014981315,14.07855640219598,12.563691980662114,9.714251465294218,15.58537773442419,12.961373160743758,13.741704881957144,14.15123026148065,15.062009407992344,15.669652731363431,15.672191014654931,12.718854025826891,10.801324042977752,17.741132064108058,15.266482253183318,16.633891525010036,17.49893202584943,12.13452847434652,10.362801082338272,12.674126468672773,10.320570213140224,14.872425355225603,16.08629265330399,16.631025940722957,17.729739959341035,19.13850884894344,18.509102687076755,15.06186537034166,15.961075762811747,14.47693006756244,15.487739506329026,13.780488052705742,9.631434081839132,11.613372303150484,15.966223678327868,17.013004241518956,14.987774489179456,15.18104861638427,16.181732411366696,14.707549496665589,16.567016626594988,14.571400402603622,17.391843451782204,15.423901728359118,12.410635336616547,14.4620022720562,13.721156235061388,13.966205444570198,16.958137560089224,15.485318978716275,14.680106956779731,9.218317307668917,14.039456717218233,17.595585712961718,17.94515042865898,15.161010715782032,16.754324839553654,13.821648260301789,14.267239882676328,15.542830905130984,16.345459509369256,13.786806568088895,12.45165414051988
18.178961284192347,15.9639551660565,17.279783203346973,14.76934562419098,13.91428110135524,15.467189659238551,16.700395731055224,17.50676629381183,16.967932205929895,15.989595738153447,12.448292381305675,11.939039799627848,14.898810071675928,9.720735322044373,11.4160294232606,15.803436686418308,11.629898271280249,12.522105319544243,0.0,14.773002257054516,11.584970568350975,11.271527991366844,12.02021272834828,11.222032254832872,15.20604839693874,11.84151995803587,17.430693814314573,13.72740001238232,10.365825279557736,13.283095177864526,13.777779892226118,17.518277012200752,15.08129485448066,10.80397802681909,13.498476699413123,15.504522251645014,13.345218543881952,16.101799872971988,16.960901553185824,18.088706292242733,16.838840671752276,13.576913953055838,15.282392819687882,17.523565981771036,16.740129997743765,18.45355028495942,13.205217505411357,14.743339078957854,17.610400893499772,16.877933437536964,15.213693416422526,14.886133481405103,13.340505519586896,15.592911696515626,14.716547376260426,15.971965232039208,16.79175553632404,16.39100635022027,15.069218895923864,14.39239306074472,16.13622376520998,15.747273111201382,15.490267569514357,14.185138333780962,13.550902190826834,12.164870714779328,15.895743703713128,11.036636375220864,12.772210757337993,13.4140300333934,13.227252878307857,11.96308888561114,12.434857169248396,15.074654249876918,12.818278539712896,17.044116767550566,12.869553279862744,10.900235188008343,15.33299456806985,18.314221022827876,13.676165055120157,13.905263613391543,14.829089601404547,11.69285920503443,14.698536118876929,12.42469540921012,13.42221597281832,14.179009407301526,15.75721128191901,14.3814813093012,15.173361782303813,19.402226264092345,16.179606239527168,16.547281138965804,11.903156868168612,17.255731953436264,17.351593697875863,13.73037808132016,18.618440402566502,17.99431808643873
17.569352228390382,15.496674573245434,13.716999442660574,15.287715433168152,14.062767505049798,11.927296790127976,12.065107003933932,12.85774959600802,12.284925884114264,18.128941984082697,16.207674747834332,16.25830759607585,18.76879573193503,16.767126951101854,15.868827441487872,14.235817435039664,17.440324149398432,11.242222599248398,14.773002257054516,0.0,12.007302682922482,17.197938089775324,18.344185376269383,15.076455299506952,18.7563920387061,15.346352137625148,15.801626831364626,18.83136396499549,13.62953690876782,18.537615098683386,17.44459222794473,18.34290508843908,17.98356709628302,13.058326333037012,15.623673954289282,10.94516578611336,16.53562561161914,19.119660118853933,17.33730458276679,12.310100885638256,12.543935991868786,16.989669367600246,15.81287141542962,16.595701016446597,15.511877686097067,17.924087394245067,17.68929565532918,18.198701784929277,10.95919536686331,11.669082147365724,16.151689131000378,13.935017971815038,13.613367073016745,15.020044951699708,13.3971937157345,10.1975801914574,12.220984668343648,11.550445441741006,13.682085504523258,15.67526822242227,14.609465249437129,15.190516977693052,16.28718407774737,17.023111708268075,15.985326564423824,17.32584433626961,10.517620229878489,15.22315673527564,13.75203132121648,11.2586534156391,13.10440561134957,14.637907078943984,16.796273130955086,12.43654110162396,14.217396446671914,14.74412562979358,13.625267078874764,18.30240168552442,15.710860414484344,15.943219554551916,14.566607957549545,11.46896817664877,17.656123005679316,17.58384762666682,17.94680620955668,17.649421432888833,15.975600850819626,16.31151652356396,9.5837738490252,11.97082269393204,14.520377095748664,15.523230637159273,12.020740313990611,16.935453990463138,15.286071170001142,16.62583278415882,18.157843049135955,17.6658275656707,12.502057686913265,13.523012011610993
16.27019056719745,15.238847432291138,15.086349293562426,13.535757737802538,14.05233873670967,14.615312584264275,16.488686976012268,16.57334468501256,16.493401512357643,15.010418719826154,12.626177320589086,10.936007732272415,13.388191458610232,12.2651268377975,10.644548525885458,15.341746216249849,11.7119802407147,11.22920583205019,11.584970568350975,12.007302682922482,0.0,11.122032462722393,12.940619423108728,12.101095028179287,14.435213108751215,11.144749167895991,15.131256932999168,15.145102043781051,9.461355405697182,13.000826975954809,16.254966762292007,17.80924551279876,15.500033324478004,10.190179009707531,11.994064335008645,14.704144910537552,12.915206414795966,15.63497653864941,15.289174319367802,17.61126315506041,15.47691736565591,11.861463280645191,12.711740504313646,17.32089463970054,14.70550920170126,17.232441342941744,13.332949160944564,13.973940687833885,17.38705555360876,14.89339270389301,16.260674272098367,13.692165112197763,14.258980175437522,14.743315913145034,12.755956099108356,14.610809554584955,15.758801895795363,15.028658560662462,15.090136752789732,15.081947573679717,14.7226264432801,14.139588765177496,13.70531254255752,11.99872743351086,8.098350406515062,11.55526165618153,15.218039390437244,11.692492594597882,9.972384124036695,9.78456642007838,7.493447574627352,13.110306766245024,11.79725042810274,15.171107950917438,13.305471763527152,16.61216011285991,10.08139221565549,12.866188265097126,15.855671723685628,17.55651654459035,12.394598385214984,11.632387785730725,15.353394310411074,14.733876151209726,16.846053341279703,14.559887282994437,13.754325941997497,14.365700175164946,14.23247497890566,13.84861863531479,15.308122992104495,18.04323460903083,15.647293927771726,16.826713271933727,12.737850847896018,16.015049892878793,17.642109127953375,14.74791122527814,18.351630274249786,16.16667370714496
