Var0,Var1,Var2,Var3,Var4,Var5,Var6,Var7,Var8,Var9,Var10,Var11,Var12,Var13,Var14,Var15,Var16,Var17,Var18,Var19,Var20,Var21,Var22,Var23,Var24,Var25,Var26,Var27,Var28,Var29,Var30,Var31,Var32,Var33,Var34,Var35,Var36,Var37,Var38,Var39,Var40,Var41,Var42,Var43,Var44,Var45,Var46,Var47,Var48,Var49,Var50,Var51,Var52,Var53,Var54,Var55,Var56,Var57,Var58,Var59,Var60,Var61,Var62,Var63,Var64,Var65,Var66,Var67,Var68,Var69,Var70,Var71,Var72,Var73,Var74,Var75,Var76,Var77,Var78,Var79,Var80,Var81,Var82,Var83,Var84,Var85,Var86,Var87,Var88,Var89,Var90,Var91,Var92,Var93,Var94,Var95,Var96,Var97,Var98,Var99
0.0,17.050263350549688,12.584035807708174,17.926244408740267,17.202649987499225,14.018496774291595,13.599421439885722,16.04570989059445,13.902717081567957,18.00950481177627,16.50474105955708,15.701157909632972,13.50488916660206,13.975789985314982,13.147552579900829,13.059731097652762,15.58893600698966,15.91495780430705,15.950733528540871,15.695603256685487,13.489265360156836,15.74690491807706,14.81712938379253,14.83164521422492,17.004129672690528,15.702122323523335,16.671692126349228,16.441060136401482,13.171383379294427,14.280974099327114,15.147232220911906,11.454363152013665,15.59055184416976,17.819344401183756,17.566936466300003,15.48170553203064,16.245487897439425,15.619866692609104,15.718452583119076,15.124588743022716,17.510554533062145,17.434979477571716,16.786326738280327,15.2761901223008,19.081264781989383,17.99918957741671,16.235410275929862,17.461660879729855,13.387931912675976,16.78315134565096,13.24804686754259,15.857236823718214,16.63082909199339,18.739605107140235,16.994392474218042,13.204987873083136,18.31340754758095,14.565647499007548,17.89371205023134,17.980094860227457,16.844849616419662,12.241512533260128,12.994050302791337,13.429282648507558,16.048682277525334,13.04947274535696,15.69992146450548,16.671840852075594,18.392803689983403,18.01013042248925,15.475360286059816,16.465498626495627,13.539062083594304,11.569618609764552,16.747261659030407,17.64635300644947,12.46123868362424,12.903755705286716,14.124452580462831,13.252432480330608,17.342439013167304,18.50985849964924,18.2378481951803,18.911881655313703,17.726771729376953,17.04935326020818,16.242254266096126,15.282531718046474,15.815701496867622,16.83152021094946,15.539702501175825,13.55889896166234,14.047916212909008,18.228452584587103,16.46325371396934,15.432477489348004,17.90678184923298,18.052509967346936,14.393676480520812,16.260416910378233
17.050263350549688,0.0,13.197304361125214,7.5441818641578,7.523333716430232,14.933859637164735,14.096046329849123,11.333476941074574,16.172403637021993,19.58630227062841,19.5103793110888,20.14418425274071,16.81658513851523,17.59891611515626,17.819157820425744,12.40904418528525,17.011442654699913,12.834448516453222,14.802626539797856,14.338762155172589,13.386591255870464,18.949723564460104,17.792816663972328,19.483421705564854,18.261294015938606,18.80090437658446,18.00327255258546,19.701248558757595,18.085058698292,19.65284494749884,16.911001487477517,17.700858112935972,15.146344302051212,14.14001632387207,15.289851235993067,16.363430208754046,18.536053958076558,16.610147750142243,17.421268039957205,17.960421018535122,15.511150798714237,18.459578484574312,17.556057869557936,19.330966867022724,15.230468909458502,17.20026689885819,17.69369009970261,17.63463926827119,17.130793583042884,16.399847025814463,14.72214639850418,6.557351350883414,12.58942572701383,8.1804129471227,10.502298843725049,15.527411455283044,9.623458273981072,12.609935323231806,20.355619533278663,18.70097871065189,20.303323032040154,17.871467785733646,18.17499814403655,18.04738026086313,14.039069813834752,17.888793338695336,17.045681952565733,15.07316215563118,13.635580883186408,11.274982917298898,10.861945227702195,19.39621400171035,16.999216902583154,17.95170225272912,18.75201018038247,19.39673498537404,18.398279443687432,19.06293531598064,15.94155198051282,16.10826210343935,18.01773420442767,15.600225239884548,16.50986503793962,16.655653044762175,17.924819896086035,18.275714569088976,18.244519768017053,19.35647821592134,14.177092152402707,18.19272283241856,15.386229777619308,16.415805523607236,18.52842067340226,18.830717100706615,19.96289331275817,19.53032459690522,17.166694372771246,17.824166940016433,16.943815525092788,16.93057773901765
12.584035807708174,13.197304361125214,0.0,16.440598664792088,10.312129857416547,5.129444931133654,14.710642385727882,12.119042193073565,7.178383873871468,18.47651670293216,15.583200621397811,16.221112173481096,10.99767330415722,11.033463555689773,10.913200790132702,11.895506366395315,15.701802880725172,12.35580959607019,12.927558275058946,12.366241344417585,10.73959335565055,15.539661876134268,12.931698476228,15.46576065538354,15.92466823443728,15.001794124065256,16.421881045960077,16.62434480176906,13.211036912325334,15.358943882627162,12.361276474264097,13.62819534839167,16.032378179658735,16.227505282291947,16.382504045008666,12.394392813120833,17.898925176349337,15.034715976265485,14.718865700551977,15.056146798451676,17.098936568781504,15.088653630311292,15.23009652683653,15.543505722801848,19.11001583066457,16.358220019069137,15.82445295777188,16.98841567178021,10.787317222025363,16.669379003962444,12.389743576703774,12.725242424237866,17.588230158887246,17.561562233320505,8.57769711432898,5.705955959208329,15.691079732625148,8.742559846458756,19.63620323557709,17.362644968378834,20.080136805059706,11.292713024956226,12.983266611471738,13.18359405730134,12.241491464631434,12.226020745058545,18.016824633320027,17.301412319267964,18.1418157255986,16.361529757052153,13.19857147949594,19.888516858961417,14.569370253850776,13.862529563598622,19.44790113497848,17.29865251494962,14.487866522713222,15.487028033372964,15.602643669168494,14.29836288872493,19.572466051417084,19.83501538565945,20.5682136838128,20.11808609403697,20.123363521049125,20.200719103236427,18.54643615172829,16.74485162791974,12.467128151404832,19.2160723575998,16.727569342643005,14.059227430948695,17.931205441204366,17.78343254127607,17.26447076801165,16.79757257876966,18.79378683994878,19.83117482129571,13.222583195608326,17.600996324369582
17.926244408740267,7.5441818641578,16.440598664792088,0.0,11.04021512676236,18.060499615516783,12.78307369624036,9.77974407644428,17.95011511889587,19.893216916163404,19.85745972417177,19.72347168145222,17.49737346434106,17.96023946059242,19.46370559918743,12.82727934020714,15.612457374256683,12.59145018955444,13.34386428850869,15.842869558854046,14.274157243022929,18.99497576761913,18.029560619153862,19.536414225819144,19.33815239464037,18.31838235326787,18.282356545090707,20.564868325341983,19.094497103259112,19.67448840428196,19.19324225636092,17.86594418152725,15.595020986792532,13.183604158943496,14.676575740224958,17.646756389321116,18.79198105191398,17.721186719716204,17.34132886515834,18.12054984672224,15.897270393438427,20.30842438172204,19.021384531209616,20.67450783670371,14.7271840495228,17.128211669486642,17.503882117959478,18.218220933143776,18.87701463989226,16.14468422562009,15.253738268126083,8.876273520387983,9.777406156538683,5.500761558911371,14.197257620302873,18.258690698483196,6.048901112565004,13.537275350399558,19.97667386665077,18.99844716583637,19.11972337991976,18.49552225347756,18.873002085750212,18.38950825231809,13.141899337536405,19.487988869724468,16.02563227344764,11.558513103282031,11.378001661126191,9.795903136753434,11.643369597879715,18.0805422054019,16.22323622610417,18.886150029692377,17.498811068226992,19.544659453083295,19.00514661894209,19.694254685384816,17.65857828971326,15.702910559153745,17.147856290500098,14.736357498685043,15.501025041352335,14.865441135218084,16.11624708311409,17.90708012585389,18.58437818300684,20.828563245583435,15.50145624145932,18.37788632056252,14.7695448167546,16.89530928794317,18.28098218798896,19.972487314281715,20.46327862401637,21.01207393376661,16.160916433247653,17.455237022466356,18.9731697042302,16.90700340299304
17.202649987499225,7.523333716430232,10.312129857416547,11.04021512676236,0.0,11.450427264115536,15.686472597405649,11.83451091578875,13.240434677517818,19.514206836197804,17.585755666967913,18.650755486526872,14.229674496860998,14.46535989376486,15.15039365680622,12.435414262379409,16.09366201258789,11.70394684059128,13.226354233339112,13.8040785017472,11.966623577992678,16.600740496510934,15.352660523755317,17.474336445693197,18.30044598835825,16.991432964653452,16.774370055149824,18.14822409258221,16.566080601093343,17.153330019019982,15.664093438332928,17.46565937632439,14.683191275949364,13.11218699865202,14.220050222168686,14.405929626416778,17.83252258694722,15.444887934730366,15.608472388779836,16.761164803135163,15.352951858470243,16.631609679136005,14.760011629713702,18.23703599571438,16.162148303906992,15.354958426032052,16.12486475742571,16.53369488458444,15.946865267350004,15.817139518735257,15.076940442492576,10.12515495295121,15.064064495170689,11.61212342930209,6.536431644179753,12.59428449926554,11.585531451480254,11.633344640835537,20.82659985573445,18.603778477781844,20.68400949735686,15.137321216698323,15.77565840934326,15.906641261017784,12.482335048627592,15.74329016876728,18.504665861783817,15.196081329691484,14.224402170153976,12.474517630074075,11.873714939077308,19.50812295953889,16.093995279270665,17.60580237702936,20.081110029471017,19.104213481075405,17.66535115082851,18.302128649720697,16.938458959087495,16.787926533016478,18.31774649775562,17.048041644711578,18.061418707220916,17.01022151221858,19.15540123654419,18.848093060596632,18.09850485937674,18.74686999540328,13.2013249578077,18.92217780030118,16.164174871643564,17.239425754092018,18.86744143820789,18.824727370715333,18.76775064841676,19.39553283763068,17.361662656796426,18.69486053959367,16.224631535795037,17.076774082410328
14.018496774291595,14.933859637164735,5.129444931133654,18.060499615516783,11.450427264115536,0.0,15.826977019460518,13.739801540204924,5.287156689688953,17.340313249579086,14.872586196980883,16.071147541687854,10.40526877039377,9.75904070957009,9.06523380977583,12.528957263802775,15.545601531728964,12.31574936865639,13.135208541224683,11.307633073785205,10.48477260498588,13.768297765495554,11.537085642159017,14.620197383724774,14.631301688640772,15.67276339745775,15.694068434967337,15.352973551491225,12.858301764415431,14.303212385518885,9.900012258161915,13.238912061321573,14.657017343744975,15.66813309814522,16.110736753366805,11.446329860839269,17.645914931162878,12.977455825609567,12.807647062709142,13.531900841708666,16.437823923260268,13.264545150493124,13.4294820862184,14.149438659469018,18.9758267177748,15.840600787263742,14.436758178534037,15.5154865148652,10.632458371810728,16.26188617751338,14.41215138531786,15.070102169590136,19.46861331346217,18.965210844451427,8.641265912003238,4.3282714287380974,16.84839263868185,9.279027263181426,19.140598432938557,16.84082301614955,19.87169648954207,10.69555467159858,12.103815581668114,12.099051542803938,12.36216643688016,10.544795263896992,18.61270530659002,17.955443220172786,18.17484955731563,16.49654920934635,13.637805032768114,19.60039383434133,14.82223790986222,13.99278569103161,19.786851715313748,16.87672468256641,14.929912174041895,15.070447212620888,14.32290315293612,15.019681112849462,18.80297587102478,19.725079038720438,20.688085320362983,19.84035456194638,20.67884256045278,19.11099161471985,18.349196561921072,15.657284340480686,11.734660051919017,18.456010347719364,16.81502972420162,13.404961294722352,17.319747195036094,16.23259574355552,16.15018348553305,15.593532677578256,19.126520784652897,19.421372316445822,13.0860462217571,17.36166690973523
13.599421439885722,14.096046329849123,14.710642385727882,12.78307369624036,15.686472597405649,15.826977019460518,0.0,11.979238115476251,14.862948221327624,18.19584294457252,18.04466887130992,16.906656182023887,14.466550373923964,15.38483264086209,16.89057384860333,10.00799764240478,14.66436408396804,14.734754652856994,13.690715469464813,15.2107241628434,12.671147444476896,17.732048734387504,15.562006373540688,16.226295033380783,18.192846530200672,16.281510118168562,16.81640292548252,18.17164028694836,14.117296903744174,16.98480929286605,17.314545689666737,13.59357110065896,15.22950014788806,16.348763965196845,15.871603285808243,16.710801553012303,17.702298148572012,16.581782281936583,13.591514930598493,11.895696183171315,16.782086414360332,20.15004643108174,18.38455987887907,17.740806533935178,16.60885239164097,16.554595735251667,16.636779606740557,18.129509476864055,15.608912338108022,15.779905807273156,14.085316068727842,13.739002810243232,11.56333975669348,13.176337098634692,16.595688113277475,15.483799811840942,12.594161678377894,12.92375125895258,19.16944269723764,18.43077904731525,17.875453850765172,14.554983126161488,15.058837323767346,15.389220627182253,13.353293080367406,16.646854302354498,12.958333585756428,13.653020161034192,15.854500742987026,14.845454409163608,11.96684696458478,16.88521963045048,13.881638288224607,11.83553723985906,17.02152875503413,19.038459604221348,14.87238099024035,16.168077287738114,15.754066116025191,13.380848603938643,18.55402409564956,17.432415431713917,17.38962834053688,17.334571843185905,15.615768726174736,17.753970391772793,17.315132756133345,18.19267817055087,15.840906269345764,16.821763824360005,13.792366413512502,12.894924147973176,13.546788498734202,19.17526325030444,17.664881669786638,17.65947752492719,16.036213462074596,17.395825837280746,16.717314387775968,15.476772326603074
16.04570989059445,11.333476941074574,12.119042193073565,9.77974407644428,11.83451091578875,13.739801540204924,11.979238115476251,0.0,13.012921949084776,20.402675621111804,18.15799568979105,17.718709089235823,14.519530705867217,14.723754223968236,16.304979629000194,10.975437144558054,13.30795774005256,8.352330297243766,8.870207720561929,12.452411758374364,10.992356143803404,17.45284519334708,14.762416831003184,17.523085629038786,18.197145777267053,15.959032419470596,16.64322531148579,18.948412243666247,16.584221257902055,17.92963012428915,16.382227204350208,14.333074892189584,16.3587309930895,13.380671328762856,14.586573241256218,14.385607783609888,18.942773284010443,16.817646579689622,15.94318834066394,16.614125282244903,16.162213571944736,18.80677376418325,18.82435793515529,18.658322564020423,17.634191986342422,16.83529107573433,16.649362798096256,17.412738250712724,15.158944643163172,15.88292575155175,12.87948844780072,11.32915792580386,13.724725895241969,13.0866253313414,13.27145385106482,14.313855293860229,8.276003456768336,8.239547250032079,20.21890090215552,18.16710960218253,18.888887323189863,15.154258066886417,17.15821083955533,16.2843858457626,9.609349676669586,17.24878974953592,16.383395489479692,11.33211483680431,13.171360264885006,10.760916321473667,11.070427949615905,18.49251337269922,13.981947372667884,17.410859091130227,17.13519788962067,18.36699875511857,17.252535338147723,18.02446409770716,16.7836856336774,12.477688756879587,17.672849630386636,16.836914620508484,18.69895117500274,16.993364806925268,17.86480573148059,19.702224970718028,19.100182476353133,19.39973959980109,13.030182965180789,19.02278771913868,14.88868594893121,13.69499928767315,18.643055826338426,19.234727614017032,19.379669239619744,19.579071835432227,17.79815204391782,18.57295020694703,17.534400959466463,17.48123204909116
13.902717081567957,16.172403637021993,7.178383873871468,17.95011511889587,13.240434677517818,5.287156689688953,14.862948221327624,13.012921949084776,0.0,17.294036652915807,14.945405826923288,16.275339069346835,9.545720867811884,8.150117905084308,8.043929090370533,12.355882092630646,14.88277363954285,11.30618398692937,11.91574418104194,9.994978642158548,9.758509097922586,12.945155149208802,10.911418276790602,13.47815939193537,15.180128220781205,15.557866519043433,15.235226030678112,15.121083234440349,11.247328406471814,14.05401792472508,9.262531358345583,12.54411213239558,13.859297871924303,14.50393142287226,15.179239311598524,9.203947283454555,16.466978261385897,11.443316484388344,10.980762151876789,11.751631957492965,15.079316917074962,14.023994839917904,13.266430841981906,13.216503258411946,18.128032930904556,14.343967207854412,12.295870757158864,14.569221485741078,9.902821563722965,13.83992792541985,13.920417282154167,15.634791220705678,18.9247528075649,19.19732246987148,11.001425791406795,4.753812142568399,16.13696352285061,8.442578125679274,19.52429987045605,17.7855198399809,20.33095789720081,9.929305596160226,12.082292591538016,11.902242028552577,11.35171394696937,10.05653220930932,16.783889392707795,16.936478883268315,17.274943768258453,15.781836802758123,12.922164256792035,18.7861121972274,14.4545737089355,13.264755200056712,19.96531907511205,17.570358793169742,14.11587775667578,15.281080925409126,13.599398843981602,13.688718084258984,17.753260074060442,18.838619008200016,20.02309015745883,19.002761459802404,19.892326839718148,18.32950852064102,17.19225613260995,15.675762414451158,9.775650513621304,16.920966632208934,14.940405270560287,11.92909936946458,15.928430376410208,16.49867153486356,16.115492898206078,15.168324631922744,17.626020032180694,18.250700013082696,12.220828376261922,15.168997645426648
18.00950481177627,19.58630227062841,18.47651670293216,19.893216916163404,19.514206836197804,17.340313249579086,18.19584294457252,20.402675621111804,17.294036652915807,0.0,12.521361952517276,13.49211763346268,16.286530606415987,16.09624531940031,15.840168283337864,19.15815083878413,18.73465755697291,20.010521734694997,18.757748938555164,18.794185864948005,17.837378243640334,16.722318755508777,16.089782488923817,17.359082971318493,10.701338952860924,15.644294595616572,18.264931687557883,15.578931426135206,16.71521581844951,15.911374655934274,14.599100718884523,18.720340927337887,17.814566794144,19.785643151117164,19.821857010035835,17.71544732299785,16.27663351866072,15.749158849793162,16.74132604683505,15.809429704124314,19.574132652051343,13.591926203760329,16.32101744439172,14.20321658313117,17.165216073985338,18.63505060425704,18.24987682761916,18.317544415120462,16.760544005668194,17.71612282519344,20.087236140391663,19.746121772882866,19.591008319066507,19.49481806115324,17.67981663279447,16.641718014122823,19.98500194004528,19.03731378545552,9.380278814569529,11.686560656648613,12.782017291333252,16.189210626865137,16.09906641264528,15.669869253393577,18.79936217341764,15.300147293057815,18.67159113137306,19.17085321090322,20.01627690430268,20.149696846436985,19.260086030066777,17.097372858839908,16.62695954018772,16.65790898213767,15.143290052138877,11.45543927827324,15.605168698830266,14.644988195430932,16.810272334653035,20.051579040228088,18.422701755512964,19.65465998989814,18.05867981383081,18.795231857772187,17.44370565723232,17.012384880879498,16.25842637140762,15.398521836748694,18.799455634736766,16.38819282483322,19.41815351478784,16.836386196943575,17.28727662293954,12.843156202452342,14.705630393151116,13.34893648660247,18.41639305948646,17.962860645841257,16.561592794890405,17.109197413159677
16.50474105955708,19.5103793110888,15.583200621397811,19.85745972417177,17.585755666967913,14.872586196980883,18.04466887130992,18.15799568979105,14.945405826923288,12.521361952517276,0.0,7.833704928033452,14.52933666727479,13.15898067099229,13.50755519769709,18.752699315965405,16.83523837092998,18.30194273953144,17.374436452798562,17.42863796521097,17.71721592293467,14.8832735644963,15.056889101247396,14.574565904542933,13.468733631932553,9.9800765872112,15.450087927624129,11.083688965625466,13.92140750712052,11.04799549714586,14.775526859575823,15.501575051520009,19.30181364095652,18.67412677690057,18.102077868283555,14.063976055526927,13.41103059945624,17.054366608498096,17.413217933229177,16.652925450626658,18.684472475021845,12.714089781717997,14.753649332514607,11.881642750655097,18.044916615164304,16.429536555298153,17.533780278944345,16.88088681146734,13.811868266472432,16.17547090649866,16.0310662056086,19.737340201730294,19.888108471448223,20.138980670928447,16.38693809244916,14.613855386196498,19.90028750171328,17.986970276498933,12.963635456538809,10.61278494694746,11.731219271550012,12.280424389119585,13.129204951398853,14.541195309387524,18.00185263984121,13.764963722945083,18.19444903060511,18.44914254006639,19.14398209462744,20.005832194754092,19.33460612503166,15.166412011325296,16.14407080696383,14.878686397755086,13.745975575790329,10.27541601072266,13.95024063194396,11.51284726047204,16.636037758977842,17.044829333321328,17.09362567536514,19.167674050777563,18.232565126262127,17.953725334064004,17.70885436479137,17.928895893717627,13.432112373098214,11.735889244767517,17.106504503280515,16.314905238536046,18.758476221696537,17.4938053735031,17.33949824986683,12.92614884851278,10.926171391667737,12.124915679945769,17.660001848518235,17.8201487689652,13.591617747496077,15.746399941667644
15.701157909632972,20.14418425274071,16.221112173481096,19.72347168145222,18.650755486526872,16.071147541687854,16.906656182023887,17.718709089235823,16.275339069346835,13.49211763346268,7.833704928033452,0.0,13.243595075166922,13.002059754298312,14.573068262680934,17.934856845809723,14.110722384166433,18.2662951784418,16.0080578974866,19.06221417960715,17.273149549078706,14.856340932386043,14.515595177628995,13.821069869229971,15.551979629875031,8.87025696348347,16.441298115864047,12.946240033305694,14.31081567724055,10.953968652763658,16.33204066296277,14.73160840273657,19.44582150128601,18.640406968247696,18.43759896599344,15.895079973395596,14.144900985296085,18.15578493407101,17.90854227731822,17.32475564864622,19.55679522277332,14.979417796960256,16.22728778468397,14.95005328398762,19.41149629399642,17.967502077419965,18.63584144618667,18.0405039858499,15.951928760328173,18.021670962040435,15.942133995224046,19.804446226257276,18.78720584591888,19.88802195075569,18.132817018356896,16.181891523856372,19.62216949806882,18.12715424489498,13.66071020358894,13.059975602402396,10.312422372000364,11.763839465130632,12.40962019282274,13.10352563287228,17.27220028293513,14.91165783264792,17.9682383119492,16.56844725748143,18.861519257368105,20.01172470020176,19.38143344673224,13.860765573256156,14.623085984548512,14.859213884064474,12.722125742117829,12.350246584961196,13.265285270523108,11.500396577730596,17.659892643802436,16.35423905646642,17.37035622653092,19.42817683198153,18.839462793030343,17.781242015006917,16.629820119995152,18.274769872896773,14.690635022251362,13.500392473227349,18.614037887398084,17.778100757401933,18.857104477951083,18.55585575872855,17.445258312894236,15.658134838640157,11.934330676669152,14.47941310898464,18.371307056015915,18.35131772703664,15.692157226214242,17.318405808393695
13.50488916660206,16.81658513851523,10.99767330415722,17.49737346434106,14.229674496860998,10.40526877039377,14.466550373923964,14.519530705867217,9.545720867811884,16.286530606415987,14.52933666727479,13.243595075166922,0.0,6.333856741846008,9.767069604003913,12.681673629460626,10.877205122410537,12.785136011737295,10.495235573438546,14.425654296589618,10.418544019931812,10.106318677911531,7.644975542772334,13.15162113590391,15.93275500466316,14.172791106871284,15.716899712474486,14.541045482155774,11.343285448005297,11.1029963737763,11.15247832107402,12.920694682929804,13.378431238888606,13.97502586866498,14.852577507200426,13.3024263354157,15.798930015191113,12.239702951728203,12.352014887124753,13.048878223536391,17.150949337383143,15.38105491258023,12.750814258368706,14.69551955910517,17.838326226292793,16.34985533950954,13.738873841283304,14.893396018428565,14.792355765397543,16.46601218681689,15.571001418730615,16.50065999518824,18.30871838553093,18.31698513075453,13.197299432176894,10.330337100228364,16.172266254718703,11.71185732981438,18.66130644420201,18.612988918662516,18.409099763501946,5.418789169152781,8.48214861380099,9.797636040475927,11.701843801672974,10.851798625104651,17.126720667073897,14.237157601484478,16.315620675479156,16.0272715903689,14.084258582312204,15.702192113265331,12.440195832172863,12.925299464435492,18.970180878662493,17.753440349739254,13.535878357197827,14.113146751393588,13.773058142559371,14.613339226821209,17.267967697184055,19.214887702484024,19.201219325041794,17.053759693415873,18.699540693350823,16.872952067086935,16.677890965500495,15.933264486444845,12.996196199061504,18.035556202200997,15.297859616737592,14.515311883562047,15.705679981500248,17.482092597912956,15.16234533494003,16.06829988595275,18.545182442986697,18.19736374483988,14.640077303803183,16.562110680090807
13.975789985314982,17.59891611515626,11.033463555689773,17.96023946059242,14.46535989376486,9.75904070957009,15.38483264086209,14.723754223968236,8.150117905084308,16.09624531940031,13.15898067099229,13.002059754298312,6.333856741846008,0.0,6.951478061675162,12.988161134911108,11.895937590544852,11.923523549393453,11.018081347432854,13.278482674054908,10.04047061643874,9.571858900848564,8.426764599354225,11.602888415485754,15.940133124735844,13.439192596105276,15.687682572117204,14.217557979935014,11.25794282515368,10.450237289172634,10.230325654598992,12.231601836347206,12.922887788890309,13.11756182547547,14.619564089930767,11.009386760215625,15.018490555280248,11.039765482210754,11.2928846089623,12.625754561474231,15.781035242308487,14.36988228549949,11.996398152906728,13.971341018007834,17.830903643252217,15.406237734176257,12.028476551543898,14.50285433261415,13.704784514035056,14.964515825726943,14.75510013681472,17.076531492575764,18.713705390566485,18.958835872591635,13.252457375940036,9.168836345780456,16.57088357181486,11.77545560260518,18.962424910089503,18.16890570746197,18.519251000673744,6.593110305209555,8.470916330066926,8.036409968355905,11.060115575168568,8.717831727027685,16.875435418780743,14.913232339320992,15.96044088287052,15.694090355837163,13.773361671652236,15.963915366067036,12.692671043859898,13.34936823224349,18.76456836904857,17.518413447168808,13.454534554762684,13.769258871327484,13.714590237802629,13.685729243661871,16.213473048652382,18.504865523878998,19.18153677323171,17.146912899142933,18.848906020687444,16.683712118971282,15.85990294414888,15.285334607189398,11.662186880973731,16.822074596578954,14.750228401859587,14.180762832456324,15.281294508514485,17.253588272949653,14.77661832128732,15.658825504386696,18.0577931680205,17.87747116862914,13.571949354721738,15.406770923913584
13.147552579900829,17.819157820425744,10.913200790132702,19.46370559918743,15.15039365680622,9.06523380977583,16.89057384860333,16.304979629000194,8.043929090370533,15.840168283337864,13.50755519769709,14.573068262680934,9.767069604003913,6.951478061675162,0.0,14.33121432093276,14.905469945645596,13.244946269486867,14.43306348142272,13.029886138225274,10.82874525938946,10.083643240297178,10.028030498933743,11.383341223637402,16.001687482919415,14.490749200877566,14.993297016267771,12.334237002373843,9.968470285028058,9.96156342241602,8.983002687171277,13.01793445244468,12.710112582616215,14.48113388618641,15.241395957463164,10.402223403514204,14.22382162065356,9.679770083507696,11.609333603648516,12.712998289382684,15.49855270589022,13.004916878679843,10.64938204362439,11.592420808653966,17.53127490613707,15.362075331694808,11.939665389224814,13.85999578675414,13.129832608754356,14.64850730439152,15.553290018790747,17.578482440938746,20.2639281335328,20.390572616436963,13.204563349513815,8.467726313459211,18.596583919931746,13.201874660390198,18.65804978066621,18.08802018838498,18.482532443064,8.437877065345026,8.998224463906729,8.790949436781014,13.460522311145535,4.054861314780418,17.54011357529302,17.660698643495557,17.212893679260297,16.81746711667781,14.177679217454918,16.096006766610145,12.736062447773158,13.085894259086032,18.71327958631652,17.469862607967244,11.589825642904414,11.872157033869287,12.55642051556112,14.904028752319942,15.61479030169506,18.575273317131614,18.55177150072605,17.652502060793253,19.084270909055785,15.704293471065336,14.84209722219837,12.655525615280864,11.642432905077268,15.572869763345128,15.152314472766797,14.451447041131631,14.629807289945628,16.29912134264182,12.899150441284336,13.006518428855424,17.960024455969826,17.10346321674397,12.699757706536364,14.792026945844766
13.059731097652762,12.40904418528525,11.895506366395315,12.82727934020714,12.435414262379409,12.528957263802775,10.00799764240478,10.975437144558054,12.355882092630646,19.15815083878413,18.752699315965405,17.934856845809723,12.681673629460626,12.988161134911108,14.33121432093276,0.0,11.431536604402629,9.8013471250804,9.989669944497374,11.984060517620197,8.01293545732614,14.465702669877643,12.493334449962456,15.43565322592745,18.13379016628759,16.485339249760422,15.240838583075952,18.356597791764564,14.278815158772188,16.735256649664834,14.984049538550948,13.092043720859165,11.91711732138243,12.728059001730408,13.57665295290901,15.15532552260862,18.486759192881003,13.600027146224615,12.403732583125633,13.36126039516919,15.637199285225726,17.922744855584675,16.23702313626356,18.07217641892619,17.32195231108329,17.087665741122407,14.909166222357236,16.167049447690758,15.807129474166413,16.495314222537658,15.488076356851195,12.595171335293411,14.583746431088985,14.506329888374148,13.030656685652335,12.708378981900802,11.798890094334649,10.038108767275098,21.17652370552152,19.52338553676057,19.36302298374904,13.69255816874954,14.658876112251995,13.582652962108632,10.786887163688082,14.779361671765114,15.52689014975451,11.70863428996326,13.44350729457153,12.187428123200592,10.026803578212812,16.840644950097566,12.522369286261714,14.311909184189972,17.81599315080454,19.974462889729224,15.330202538884034,16.268277472831386,15.035399934590274,14.528764513528936,17.155865529479097,17.40145203234452,18.500112269566152,16.364548226649,17.195448427184342,16.81928275369224,18.60049113582126,17.56316951034359,12.802668147054089,17.596779934104255,14.298860118065004,13.146989531208604,15.386053901807522,19.622532931716247,18.2482794179756,18.74792363004845,17.7017401975266,17.892954596534516,16.943592496975945,17.0052923938744
15.58893600698966,17.011442654699913,15.701802880725172,15.612457374256683,16.09366201258789,15.545601531728964,14.66436408396804,13.30795774005256,14.88277363954285,18.73465755697291,16.83523837092998,14.110722384166433,10.877205122410537,11.895937590544852,14.905469945645596,11.431536604402629,0.0,10.789997527108367,8.58812221282599,14.044154643313837,12.38018576779085,10.866943256209172,10.119005708807872,12.9300682726036,18.408173269533147,14.12634832436815,13.871556398868568,15.903181951289486,14.816395904230454,13.579912687068257,15.655718387539096,13.423370844495883,13.15696762766565,10.442900266726546,11.616900564641051,15.514255382817868,16.89457364406645,14.711060653477013,14.27402903618336,15.866890902651258,15.950233778899872,17.559196603821718,15.413146275783776,18.43284738820772,17.4662671382671,17.557785331185737,14.285972908125409,13.580644688570342,18.295653037765124,17.693240701668913,16.29021399969871,16.91262951452819,16.13478061455897,16.73605900463351,16.641252732197334,15.950867353321874,13.927361174386126,13.80166757968325,19.35496014389234,19.30125480643218,16.533043677299425,11.850933088765158,13.486259862796883,13.274510246496522,11.992029190325484,15.550982620911872,15.125771176308982,8.693408446956205,11.191466428295987,12.751339813224243,13.80015140458766,12.60960557299976,12.457288196547848,15.458740909588776,14.779385775962805,18.942417241507123,15.663047053250002,15.548538884789838,15.526162253659226,14.18006367656149,13.589008529828687,15.89512852041332,16.89816673279358,11.897116180341913,14.9705054885148,14.301084515460795,17.10266253037563,16.437746961873817,13.895289638331269,17.201885586691667,14.098085629583055,15.388141472593237,15.86717285502164,18.970999606560927,16.23540851084874,19.086216800322983,18.20299030172225,15.819477997575431,17.690268705350274,17.648369659577433
15.91495780430705,12.834448516453222,12.35580959607019,12.59145018955444,11.70394684059128,12.31574936865639,14.734754652856994,8.352330297243766,11.30618398692937,20.010521734694997,18.30194273953144,18.2662951784418,12.785136011737295,11.923523549393453,13.244946269486867,9.8013471250804,10.789997527108367,0.0,7.603449360631767,8.776162306810951,8.379852534480532,13.0862291951919,11.3662745624855,14.388953428761136,18.551313431587708,16.966525380911996,14.315387498363634,17.882405001758055,15.808148906478584,16.610832415740692,13.613736869465823,13.793666368645685,11.559446883947269,8.07290293776337,10.773196774227976,12.161177798598407,18.288782747790453,12.13322802718271,12.47161132163984,15.19045305741092,12.570917196285968,17.153346552795007,15.190124350388976,17.873822434657995,16.445586745760473,15.442888543038714,12.334187757059002,12.962960888558792,15.901665190607076,14.955918890766114,14.50941120140604,13.075761292566252,15.576495370017636,14.908997026181352,12.567595043697994,12.983624322338375,9.755709256812173,8.159120658024738,21.303776405124378,19.7326737928528,20.27779943628484,13.670281760798453,16.109592973529846,14.685928820780118,8.270036778607103,14.550118643818816,15.588417661790205,10.973329916855928,9.838916211479075,7.412176287913369,9.02134495429655,16.788373375670965,13.830181573776612,17.445853942422985,18.253813739474925,20.09812981645216,17.339067848059397,18.1371248796036,14.4240138671571,12.744551599771077,13.967754327564911,14.421113945804056,17.316521141765406,14.541103537497165,18.117559749184704,16.30100482913631,18.22044326459069,18.11591257625004,8.779300746439462,16.666361781679196,12.160638664599134,12.960311465949392,17.06853718651429,19.37881089570248,18.830723403338645,19.23910633024487,17.554555820121482,16.100084305242685,16.910981271731057,16.531150284043548
15.950733528540871,14.802626539797856,12.927558275058946,13.34386428850869,13.226354233339112,13.135208541224683,13.690715469464813,8.870207720561929,11.91574418104194,18.757748938555164,17.374436452798562,16.0080578974866,10.495235573438546,11.018081347432854,14.43306348142272,9.989669944497374,8.58812221282599,7.603449360631767,0.0,12.269658863886855,8.57396222560307,13.237002429172549,9.91090485878215,15.507293906769648,17.55264104502461,14.83852057128501,15.537446884420143,17.8786943246607,14.72211703082634,15.804264264685148,14.22798984643315,14.07181553277762,13.989617338788891,11.290637019575046,13.454132023673049,13.80473015070051,17.720785939240667,14.075790884854964,13.40506506682667,15.226819914967102,16.20783983832939,17.12965419243344,16.69431178531202,17.872769037506043,18.156737673782683,16.54096190150965,14.591589189123924,15.904695056031809,15.68855272171684,15.859657576698112,15.460387413327895,14.442430983347023,15.793952806977284,15.52604512899093,13.912899192665297,13.612528371771443,10.731298289095143,9.311165437978056,20.0730922912438,19.05939311524285,18.65384689659445,12.326729874458206,15.127607891607887,13.842937272920947,7.720787584957009,15.817038201018471,16.598341897717866,7.958764175882427,12.355618921719248,11.288511407994129,11.61504410259124,16.486831095678244,12.295410516156824,17.31534709548549,17.707142662183365,18.784728206917357,16.018368108045063,17.049568085315137,16.35165545487587,13.713322637650869,16.83545374222428,17.342980905522612,19.38868551488348,15.885872784573502,17.907451830340317,17.952786787524634,18.51295836576801,18.447483491043943,12.17496120666441,18.60169544360448,14.499688886196951,13.7574304409098,17.82805472831144,19.13667298282016,18.94294124443827,19.21552119190613,18.063121983328717,18.191831077975813,17.209985535709972,17.34129817048825
15.695603256685487,14.338762155172589,12.366241344417585,15.842869558854046,13.8040785017472,11.307633073785205,15.2107241628434,12.452411758374364,9.994978642158548,18.794185864948005,17.42863796521097,19.06221417960715,14.425654296589618,13.278482674054908,13.029886138225274,11.984060517620197,14.044154643313837,8.776162306810951,12.269658863886855,0.0,11.620240636628798,14.490699788423738,12.874074919562451,14.08882887262694,16.255323346603745,18.4495608450055,12.805994230600596,16.209710513070448,14.036661924988802,16.670515228071018,11.61599154764799,13.312872629222609,12.2999859408204,11.221135329776038,11.495264078805343,9.750182746282215,17.08278228304566,11.202197120737674,11.719928578484277,13.071185209172162,11.463273924314487,16.05016546313101,14.619153736505968,15.020236833722214,15.60016147674044,13.373568328015123,10.764052498190487,11.606826556051288,12.07136256531002,12.890507635780487,13.695634293487975,14.025200651223738,16.67559925076117,16.78726260422697,13.269772892546158,11.34897249840868,13.630094676092003,10.376092458836553,19.831491507692352,18.566196888640512,20.58624028014315,14.982378628480356,16.270191115943778,15.967303528484267,12.531340404697886,14.212536490960048,13.28333893139828,15.741843307536117,13.439075962234709,11.386301797442876,10.405081031936431,18.27212027904827,16.29730649102019,14.567585184916354,18.3672036672144,19.10872708481974,16.681176759991587,17.352369598705373,12.10142656035881,12.43417886660994,14.604743333534184,14.246732445183184,16.726460986698335,15.371931952154394,17.582260947292966,15.519872056471792,16.804435569833355,16.183025244776882,5.7517045172796655,13.889023093446276,11.389947016275352,9.790055715918164,15.036751400801062,17.16080997530721,17.78129556778758,16.673427364667724,15.841535704424771,14.405593578167698,12.18010357019834,13.954205264015048
13.489265360156836,13.386591255870464,10.73959335565055,14.274157243022929,11.966623577992678,10.48477260498588,12.671147444476896,10.992356143803404,9.758509097922586,17.837378243640334,17.71721592293467,17.273149549078706,10.418544019931812,10.04047061643874,10.82874525938946,8.01293545732614,12.38018576779085,8.379852534480532,8.57396222560307,11.620240636628798,0.0,13.10038972631122,9.628917165489938,14.698137982709865,17.37667280122937,16.36144186418825,16.378103939556066,17.683157945549002,13.371253874608133,15.077868887278994,12.349399730973474,13.27367291576705,11.347593073875473,12.480151464519942,14.727480758710552,13.044947987249772,17.737817067777396,10.69346602898444,10.942041048691578,12.96150531650543,15.488537941610977,16.892804228445787,15.196231011976256,16.856706915232554,18.15961312457552,17.077000834167645,13.818465286265775,16.096785437668142,14.733477784807828,15.29620405283314,15.768483262456858,13.445854915808376,16.59000986908183,15.924144216153389,11.77531592525309,10.87410016594268,12.532772698373943,8.030067255752419,20.864574666071427,19.464211101735884,19.82040093256356,11.350235456306663,13.21183282397934,11.691599387002093,8.094217991464092,11.750134142840702,17.16919594992851,12.208320580068554,13.918535142241844,11.81255413810025,8.677503989690189,17.374068281826073,10.72212503465004,15.667723325483305,19.018801202300786,19.952741602856168,14.194666755616431,15.682410940467571,13.879661948736567,14.094851508856838,16.962250140383635,17.955440915526598,19.59276008138939,17.606165824717053,19.387106385489457,17.289039380068722,17.948511618324478,17.498432050291157,11.10416461010838,17.42657423681203,14.191914457940248,12.556861274990586,16.175395608169335,19.273029487352684,18.368183914497543,17.939091980979175,18.970715254731743,18.50747533541145,16.1329310140868,16.217816440443027
