Var0,Var1,Var2,Var3,Var4,Var5,Var6,Var7,Var8,Var9,Var10,Var11,Var12,Var13,Var14,Var15,Var16,Var17,Var18,Var19,Var20,Var21,Var22,Var23,Var24,Var25,Var26,Var27,Var28,Var29,Var30,Var31,Var32,Var33,Var34,Var35,Var36,Var37,Var38,Var39,Var40,Var41,Var42,Var43,Var44,Var45,Var46,Var47,Var48,Var49,Var50,Var51,Var52,Var53,Var54,Var55,Var56,Var57,Var58,Var59,Var60,Var61,Var62,Var63,Var64,Var65,Var66,Var67,Var68,Var69,Var70,Var71,Var72,Var73,Var74,Var75,Var76,Var77,Var78,Var79,Var80,Var81,Var82,Var83,Var84,Var85,Var86,Var87,Var88,Var89,Var90,Var91,Var92,Var93,Var94,Var95,Var96,Var97,Var98,Var99
0.0,18.66545284707595,17.56840537909165,18.87924858634774,19.29992297232276,18.09275806884865,18.262577312073056,18.52882505605045,18.1983636986553,17.034243703649015,17.559257359601823,17.246482878694465,18.86852869700384,17.80521346818002,18.44676241098507,18.5885261818226,18.00765323530756,19.00230681680076,17.838368993873367,17.09322832434127,16.454210163690902,19.786931097985093,18.87099996469252,19.069975711495804,16.12582944871247,19.60737237235351,20.438129268180955,19.23718013595708,16.526242645205805,20.00261236660303,18.480681158558788,18.32708443150321,17.657769578309583,18.41343061952405,19.565589783071434,18.68852643168017,17.488184674563634,17.861695759911907,20.179371803938132,21.42784666795248,19.307933052518397,20.27318745729382,20.747397974583137,16.83694206063671,19.48512778881712,17.946166332231844,19.738823107992516,16.18543284317414,14.34405419727616,15.109104510426963,19.747006273710408,18.558698500513703,19.65942288973085,18.228899202744905,17.129124343285984,18.38661886477716,18.457321676037203,18.272430284241832,16.137417961637624,17.916223213632133,16.333524409435995,19.678356196716933,20.585074448786003,20.674931697734984,17.445012795616197,18.455430823961077,18.178425820571807,19.04675669413072,18.21487584843069,19.960058580062604,18.3499798287158,21.05931502258444,19.511590865945067,21.402969462379797,17.583851274897714,18.589393005653324,17.659377633355714,19.30147492542496,20.45994419979599,18.06910557851338,17.54878071174354,19.577712759666014,20.25193345710698,20.67582212203972,21.20362401970632,20.37588054799183,19.136622430244604,18.419487911833144,19.26749289816399,19.81722095977164,16.819599856452317,16.86065947197209,20.199424789764787,16.954521666456326,20.66026333339463,18.18842435320352,18.859410753183766,18.95184802455353,15.106623141734763,16.4999900703046
18.66545284707595,0.0,8.159116972037719,11.62019586851971,8.33156705729505,9.40304261399964,18.164131046865737,9.770277661416648,11.333789430422428,18.94115008290264,20.54264645301601,19.51237151670648,19.19330557481617,18.315055544694687,20.588957134111663,14.769162332531192,18.549756249339165,16.141126368929903,19.07962559154913,18.27638234022749,17.79549340779683,22.986305300928382,19.729473287191063,17.260250760376824,19.512298734555618,18.610607710634397,20.11890240351944,19.811650486806453,16.83033817246031,18.194182846256695,19.80027459291924,20.066164177775192,21.33943213889221,22.905402480411237,23.849752974137623,15.64921213132911,17.52899498099694,20.077678785837502,17.748410650680032,17.30980952684449,21.619026460264315,21.234399763029003,22.93213730308742,18.273136077989857,22.29792440909717,20.25814328478954,22.162341112916167,22.536175946842743,20.54710634363221,20.36417598934872,17.387470035474035,7.115214157134825,14.527290354348631,13.626117562852215,9.086234036286156,12.872489729354635,11.888328914301482,11.18927603520017,17.54987944489852,18.85840748257864,17.05310144736772,17.346071543085273,14.542611497277337,17.74033346754447,16.509880436470095,20.408343028429226,17.065777594133912,17.2047883641488,19.090797839203155,16.66222693361564,18.36611315693275,18.95537873073455,19.430505876702963,15.724036136830266,16.447256084112272,17.112858052580986,17.194033822001707,17.804226727238948,19.023506068718707,19.7994181408166,17.469683743011167,21.461206193973386,22.402027333092047,22.245022132493435,19.103666031978044,22.220874785594876,17.580882632901556,19.17113902101827,18.15903133554324,18.14412529565776,18.33357105543367,18.172121426694915,16.01071620573249,20.73439070544581,19.96124278463936,18.420917531755137,19.375500061331014,21.719083342250283,20.09037511689695,19.92761706248368
17.56840537909165,8.159116972037719,0.0,15.163566253519631,11.508026182649855,9.212380870968136,19.793380994226407,12.29875182910044,10.93710088200146,18.07113599886314,19.791724994344627,18.82737711435127,19.183425286377947,18.39882775279034,21.14353917664552,17.53775863917658,18.72795104800204,18.57289135083195,19.822265909404987,19.49534305502123,18.75639241081848,23.668313530073817,20.84581630661338,17.515597448624842,18.1656159911532,17.443468712560595,20.820470526403422,19.810660882094066,17.5813091298716,17.978966681192116,19.4698115128266,19.26504387212087,21.45681867168372,24.0721882554053,24.51397373357971,16.55411724935211,19.58583890598946,19.202090043471426,17.494483933342938,17.655078484087447,22.29113240476742,20.24237715295171,22.31502333028926,18.20719107975451,22.412882702075457,20.646268872902347,23.169125974731276,22.775085016397977,19.387671610972244,20.67550273161981,18.08810189677776,10.362387410363777,17.6832531114586,16.708290713553538,9.324193608460163,11.557367929676838,14.154549167463726,11.081390702522356,16.134866352698904,17.108334684969037,15.992961079720535,16.927266907775767,14.91943364431846,17.911455375340925,17.182733826340094,20.596489159645667,18.272073856260818,18.104345243497832,20.737502606669576,18.720179869269625,19.645806008438235,19.300283438812667,21.49017046521856,15.381154959426484,16.223559049816636,14.882773625480946,17.943531958595234,18.277009232670625,17.83402165408622,19.90518594506117,17.545182207325965,22.81216308262279,23.171658028892608,23.22366348859881,20.64728009823783,23.79193415108408,18.985838617711696,19.616464705977684,19.135313343181853,18.652037293148897,18.415823771741824,17.529596585732598,16.324578607573613,19.846098292856396,18.174330088264902,18.96334183125552,20.171141722043643,22.54518870466033,19.97890882620552,21.163672521929893
18.87924858634774,11.62019586851971,15.163566253519631,0.0,12.64222991279988,16.66116657820931,15.24232381174594,11.353416347050366,16.530505376389,18.933085108940155,20.39955877747152,20.201919005705463,19.49987619916576,19.29018080260768,19.96633694989005,12.611269131218704,18.529735345242432,13.939202202947296,18.218006491505417,17.35277820593633,16.76106882414687,22.275478671279213,19.30026133553931,18.307026231301,20.596671609628643,21.19372810802655,20.092627028845197,19.8350917529859,16.411915942790458,20.223432235753798,20.30398076267661,19.897694844487496,18.32781386809037,21.25222252842996,21.38770019875493,17.634398212646246,16.870702477225105,20.813077198603008,17.587500152797407,18.042264578734216,19.824008486220283,20.71519727017377,21.417747629469563,17.86538800496466,20.698198102804454,20.112495517708037,20.16143363901245,21.55725910759894,21.98370497642446,19.861813886629065,17.430953793861647,12.760652307604287,11.312091375502536,9.485370198191148,15.9896483107819,18.802351020798785,11.114225209957498,17.203866484366344,19.4739702871348,20.910911904724983,19.00078528842533,19.949459385742944,16.944822161010446,19.171609517482928,17.363545696836077,19.518794027974963,15.874146232903383,18.25343711470956,17.51284163304803,14.325260786137074,16.44887550845483,19.49518348691025,17.79249990525359,18.22220095311706,17.556937392079735,20.336555130334144,16.85121543765279,18.553768945863524,20.147782734096523,19.825083815627742,18.85088248114044,19.601366995723744,19.590827543695845,18.35161806786047,18.53130679390582,18.77799633435877,17.151955580936,18.494027166262804,19.11419605270841,18.796899418222143,19.77326025103689,20.840329562399077,17.761929305009165,19.27425250685833,20.310169070123795,17.844882146626514,19.299469386308253,20.790839105443677,21.07911410158533,19.131191938592718
19.29992297232276,8.33156705729505,11.508026182649855,12.64222991279988,0.0,10.382476675569157,20.211504392937872,12.493113954810823,11.768990732275084,19.238645594915315,20.460870948923127,19.70323527926687,17.901309195652967,17.58242183908012,19.945441099529617,16.045573900568076,17.85088992561627,18.026710925141963,17.8266043580321,17.475587714957694,16.832948591900248,21.2731984813693,19.039811244740758,17.36331373059682,19.177270971302192,19.099272989475995,18.92358257000142,18.073535268651057,17.400010640344213,16.90259173392379,19.58453463801013,20.627683458193736,19.408399026727384,21.51074698956361,22.71718844990208,16.742271240400296,18.17148470348761,20.092794465755997,18.082917642847345,17.58591785535476,21.65951943691544,21.985228058256624,22.9074708138309,19.516985506032228,22.061924730078093,20.38249139493158,21.026791606170047,21.303242784741663,21.322682544164373,21.46712953704285,17.370976532608775,10.145956261096648,17.00106751120497,13.94698687820642,10.765785891749152,13.87917267640378,15.268625155659867,11.17049660062696,18.51450752357585,19.71327887346198,16.551563465782994,17.10555476330501,14.13775679024082,18.268358547258185,16.239443025610264,19.64752360685072,18.8294892244814,17.12239728512139,17.803168440036224,18.197396322832507,17.877425719067894,19.231183247527184,18.368703812871036,16.9235744079343,17.214939812863108,18.10366927868362,16.91977709908286,16.51698693495366,19.838409265869075,20.18521751233244,17.765626121536407,20.802997838674223,22.080150436587108,21.94169975308751,17.96061692746598,21.56427477179725,17.844128188679836,18.67771073017405,18.33032567526919,20.32032615588724,19.46823570565952,19.556413095838284,17.276018252152507,21.62515228275904,20.696412363522096,19.789201255770564,20.03362323582443,20.437933009437717,20.20113940705398,21.01320900428277
18.09275806884865,9.40304261399964,9.212380870968136,16.66116657820931,10.382476675569157,0.0,20.24863347106605,12.18624770929354,7.2396251785398515,17.827388817676635,19.1812880740512,17.94980074419482,18.26657383743637,15.32874522811693,19.82449745190109,18.56741626470017,16.84515351443957,17.831009013171176,17.911173605377595,17.747380602061995,17.857707056379173,22.417551833777804,17.853233630848557,15.797837309895616,18.4261411044406,16.96449592301421,18.628257485555856,17.918406886397953,16.005523229391656,16.32779892415099,19.874262676659978,20.9338163608306,21.444660587408947,22.007903087170707,24.109867448366217,14.26428223796538,17.71686183727999,20.246741750649047,18.201290032382,17.899262213547228,21.75450204518401,21.848421190281,23.786569064684723,18.457486836043284,22.205004412661022,19.024818389691564,21.8327105897142,20.67409795686622,17.7322402903924,19.778633722627045,17.9908317763933,11.191333200450458,18.475859570205436,17.902536797165794,6.500258907799758,7.842820560040822,14.849326629800238,7.897019685276851,16.492841399678227,16.512685537851045,15.643280452790057,15.393590750735068,12.611263693004345,16.14484183499208,15.54668530593202,19.34831355597116,18.753352492906128,16.055830098889942,18.815659470703867,18.282439189560534,18.669329503267694,18.522980664598325,18.574638492758428,16.52419973521517,15.448064579940098,15.443333054831264,16.009094960258555,15.84125608389546,18.982492413593807,20.557159858639267,16.052060809588863,21.63242505267907,23.224802148236314,23.473429301006306,18.44511093319953,22.83957610717573,17.272422606454576,18.25072522631033,16.86686188024811,18.817116092557043,18.467052705822184,18.566053041999844,17.284085274678258,21.613120562135062,20.714544195484464,18.96379839450012,18.54705810723585,20.0144420946727,18.095927867665896,20.263646664699102
18.262577312073056,18.164131046865737,19.793380994226407,15.24232381174594,20.211504392937872,20.24863347106605,0.0,13.877386689589391,19.4047340069981,16.61368123124064,17.068526174704377,17.402916173005487,20.559135487250025,18.301156835429428,16.75967649371484,11.134582612306634,16.930266017732094,12.94706776180713,17.87012042539601,16.478852583374493,15.917054304085385,20.94021546621112,17.50107036638233,17.09155989362837,18.98394699463281,21.219619221691737,19.885073954174707,20.30417074632956,14.152001367179258,21.178609479174938,20.489278033291804,19.74944059932372,17.31152885876822,16.7778740870725,18.370207580801534,17.180047916398646,16.817080533801516,19.157670709025865,17.799168079690062,17.660353198578285,13.899166323708656,19.59262539180967,20.157252461452764,16.36797220695962,19.591065077098545,17.87280140355619,16.429470852659577,17.848439074581574,18.001460610087097,13.637630377785202,17.938902372512747,17.110137032320097,10.670278941218085,14.992248272932471,18.91261352991199,20.15304925395656,12.2055198254647,19.657136856646467,18.155295213394908,19.272255359944488,18.632005976983876,21.683179179721463,19.86686145713374,18.71907702580866,16.486247086224836,17.308574777173167,12.231733383036996,19.12527558176528,16.647122478534985,14.379614687177602,16.104458363947355,19.97731775278329,16.78203425161125,18.62021557103349,16.430984274865324,21.272380733845534,15.96791188769049,19.59550909586581,21.999634448723768,19.26052040651267,18.14712155374493,16.69977943266471,18.44613480088856,17.480079079512706,20.40949197292445,16.622392669351775,17.071483019085345,19.443337885384768,16.735377067354943,17.766277374879508,17.30494480420551,18.892334581476685,18.44807126881346,17.683312297781164,21.76009776491218,17.142468997863848,18.81557890289956,19.143470666111305,17.744570046264577,13.808092370633952
18.52882505605045,9.770277661416648,12.29875182910044,11.353416347050366,12.493113954810823,12.18624770929354,13.877386689589391,0.0,11.019649672475254,16.8816365565237,19.453282674049312,18.7148122282416,19.922791091529163,16.46404418723451,19.46102774965969,13.79860006445773,16.56651380222519,12.200999816402632,17.330662444563075,15.8199096361735,16.069587362895614,22.926142815994535,17.529550472112533,15.960240306545629,19.44793334850812,19.28224590166488,18.85714336304488,19.25860024388413,13.920854888916642,19.015575635456976,20.5779514115022,21.462180221939995,20.44315024711063,21.523568825129416,23.384981907818627,14.126421586418976,16.7150426712084,21.458757998560227,17.953681279325927,17.98575141237804,20.86715697271025,21.95803626098947,23.58315948902444,17.576523597837184,21.891272895367067,19.39206338368919,20.974884239901574,21.387021929638028,20.529880830503075,19.76584857731945,15.914554043451735,8.80440105556095,12.290888539853231,14.267672085980156,10.612882582228153,13.732962376882757,7.773632000522523,11.137914441748666,18.520325967165537,19.29211624751657,17.763886991460513,19.28382713907703,13.985610313727692,16.781912210350352,15.751643882778277,19.413523469534315,14.39346843251867,17.258136900563777,17.417155548005432,13.380507094876126,16.316966201876124,17.83115592240711,17.11666861766501,16.732165860851588,15.921524261026022,18.07353009610784,14.1955397474362,17.164853631892097,20.372301838133357,20.419783207522,16.15468066370288,19.609478240193283,21.07020656803944,19.98530359248411,17.33196597072385,19.53261109325039,15.46454907254296,17.74586769526828,15.685300565644884,17.081390262628762,18.43914800293561,19.413933678865643,16.113514849557845,20.3302240162456,20.443367934830217,17.33777614771966,17.313199346869414,19.409449247147176,19.392766773036083,18.67679445861966
18.1983636986553,11.333789430422428,10.93710088200146,16.530505376389,11.768990732275084,7.2396251785398515,19.4047340069981,11.019649672475254,0.0,17.481388638668587,19.55474574144574,17.877566101611247,17.51430742189134,13.649157558116784,19.571145569302303,18.278702216759648,15.327087150288556,16.305625508827585,16.2744987257492,15.82562146469603,16.641788824795423,22.45294890905128,17.03780502671706,15.015688761166878,18.820674762287247,17.56682723148119,18.782484729195907,18.21595210423028,15.366336173478627,16.740411479628175,20.470006758389225,21.527922558068163,20.90060885755523,20.9389686808367,24.297229775739787,12.285872569004924,17.76647017513542,21.99094447673434,18.20937707495121,17.41798724205893,21.63218132416377,22.95685591288795,24.314193491819065,19.294700764382256,22.41946583268144,20.649050046362703,21.594711291219777,21.130948838222604,19.08185189996993,20.536246698195708,16.56318412775926,11.579404642968443,17.927980089834726,18.35710653655293,8.726144047132507,7.843666719740186,13.67388962960874,7.692101284323629,17.08639384254816,17.226282540639076,15.590472790491765,14.975013016411944,10.202379292810992,14.874689030572345,15.24585562907134,18.83846573152059,17.448741119425303,15.302649854929204,17.64341094317611,16.484344927779098,17.639096318273186,16.533524469646675,17.03126853302234,15.156484253976949,15.404022587147615,15.344343663730308,13.789382940298388,15.360840721981518,19.194073295230137,21.146433161813157,14.541285828143415,20.33327603864968,22.801692048081915,22.721031768414427,17.006248413657687,21.393877879447555,16.201759644822957,17.875462450180372,14.673960822827912,17.219984372211123,19.0546270692998,19.46788600627,16.488982954042907,22.11628429553084,20.287067858114188,19.730350822186324,19.006286668336674,19.205080577002757,18.969765504261822,20.27473150827589
17.034243703649015,18.94115008290264,18.07113599886314,18.933085108940155,19.238645594915315,17.827388817676635,16.61368123124064,16.8816365565237,17.481388638668587,0.0,11.34262707634015,10.218697239971403,18.34893561159825,16.22912932091541,15.394167603884826,18.36868667380648,15.21926900292342,18.439042533955472,18.213356834993498,17.69051820792448,15.631369238434376,18.391326658334343,17.675630011761452,15.285260510254618,10.322844276453312,15.012249119414689,16.85317713789717,15.133677527025553,11.662559135548117,18.04350214178707,16.739359794092852,22.23190993259832,17.612482916939367,20.16844014941504,18.222326243735257,16.534618163887572,15.520741457473717,15.394818110646751,17.183699338705082,19.892806266638456,19.21677528964722,16.918705089763037,17.751350427782228,13.452752652681385,17.296997218712082,17.151395151515814,19.78065185958413,17.219445838907912,16.286808502021053,16.13050430452705,18.92790823686611,18.96482054281105,18.39055775174661,17.55463043251544,17.202153389369315,18.08049656243293,17.29418918627514,18.025195003656588,10.601824363002915,12.807218497946922,13.128087292236083,19.42978330368831,18.591312131734984,17.40808217588011,14.625243718324374,15.519921139387254,17.02000136638655,16.634208117982222,16.249633847071273,17.770977532040703,16.108613275819838,18.4965705782953,16.637211161869537,19.13331981472137,12.812311256999532,14.7519088239112,14.619913223676097,17.080874266455034,18.471064632841763,21.497419781654525,14.259834201164049,18.935512640653577,18.431055334999105,18.9190605351558,19.67165045223322,19.1092134548905,13.636874014625416,15.8215825845825,15.960963321220069,18.278209603608847,18.081438913571656,17.73197417065377,17.789512585483816,14.736096153764151,17.748220191686215,15.03183280263847,16.82760675692034,17.69627000991874,14.93000748574968,15.416778703476488
17.559257359601823,20.54264645301601,19.791724994344627,20.39955877747152,20.460870948923127,19.1812880740512,17.068526174704377,19.453282674049312,19.55474574144574,11.34262707634015,0.0,8.63520890822827,17.262495803100126,16.077640028958207,11.345967199204178,20.14737859373792,13.681498505831676,19.80060355986683,17.292856292828894,19.35285753392191,13.444369014852755,18.197642165845423,16.428494200825146,13.809662543656527,10.54697098447812,13.966301424717528,16.45851219408114,14.304212572470066,12.440435978189122,16.488307204068764,17.01995904140287,21.034059207560816,18.694038503804737,19.645775479585136,17.93480191302547,18.831728387509287,17.621430637982392,15.920285351040942,19.813526637291197,21.253613924073605,18.858792095839178,15.446929731050766,16.90054858507299,14.263116777270158,17.75887217780978,16.061187201274805,19.472927761971317,17.14410631536211,16.43885518719876,16.32500759288703,20.7389824773174,20.49560351879035,19.170130813322213,19.378665766531917,19.31863245721123,19.072990753112464,18.593427683295825,19.066956729104955,13.868228085134325,12.055500583782074,12.274031271512127,18.256888795462128,18.633422468113864,18.8787037900988,13.062048692868537,11.371365993547276,18.454557416325404,16.214293417303885,15.628387001357629,19.240663923862105,14.695195391006678,20.541081226341813,16.38844532197158,21.02717170457449,10.978061892893107,16.6195287203054,15.787795310985096,14.844962174893414,20.235141878656098,21.880671057193684,15.871781410312018,20.709382334909247,19.730124539695822,19.670829570654615,20.869768056783315,20.15250193913525,16.70927963099469,16.537607903859136,18.42284391684913,21.25333006243004,20.339249067883827,19.48681323987451,21.767566168056,16.381301397674918,20.469361622254468,16.221889143282784,17.69164006676904,18.93118417469654,16.73601156268012,16.680063154320624
17.246482878694465,19.51237151670648,18.82737711435127,20.201919005705463,19.70323527926687,17.94980074419482,17.402916173005487,18.7148122282416,17.877566101611247,10.218697239971403,8.63520890822827,0.0,14.31385765245954,15.992636564478426,13.004923522537648,19.8254470170382,13.320955320350471,19.42527391507431,17.65459855300511,17.714719370728254,14.628176044212752,16.647512065752576,15.647643406045814,11.518324875484328,9.961041616756024,12.018953969002176,15.64230306651062,12.652621763653578,11.320139408752032,15.38888456175168,18.078980830505675,22.115906678179748,19.418198067087147,19.57158558993738,18.552299949588225,16.868555570202343,15.827913259661106,15.683471712050745,19.855913375832007,21.087692473190454,19.587235134169184,17.01688259289374,18.08617633289421,14.849340861303943,18.01921891381875,16.630729973547915,20.24459224894053,16.53621237007485,15.058134751968018,17.070739054509566,20.210000942689323,20.21574934299018,19.25605991974497,19.27659327125409,18.29514536859292,18.326592947149017,18.688496731011117,18.34794467145834,12.04035270904938,10.443518819480486,9.993706151007377,16.1662869824422,17.09578004052743,18.90135407463021,13.37356812606234,12.731829729844202,19.29884698517072,15.028218532947044,14.5681933258174,18.48232179178631,15.460533930167603,17.887868910885018,15.324783416829307,19.97440870144208,9.310619214163149,13.038861113315896,13.970766752350649,13.052143732878031,20.88056678632774,22.04658475192468,12.03294373979302,20.75701442986169,20.538624177571307,21.14450225476662,20.05468080898164,20.65423584402504,15.25009794445508,15.297688907785345,17.052934410239395,19.52551532400827,19.628073573672307,17.92093936297943,21.044261445503608,17.930824298498084,20.10891945081723,17.50872507353035,18.274508999460654,18.01618477535321,16.4964907553493,17.62148993745386
18.86852869700384,19.19330557481617,19.183425286377947,19.49987619916576,17.901309195652967,18.26657383743637,20.559135487250025,19.922791091529163,17.51430742189134,18.34893561159825,17.262495803100126,14.31385765245954,0.0,16.81803099034233,17.452079192378026,19.48307168955479,15.415301685757498,19.30179852616305,17.27844681663836,16.15092016903584,16.733993177399856,15.338056920449638,17.236172782349517,14.27746629894954,16.504362462996294,15.611047729366945,16.31966909406703,13.78597525694956,16.448436552498706,15.131058804768362,19.63348314712265,20.60711007794374,18.28208500724727,18.095576081166147,18.59158565360513,18.2504453079074,17.5818099351716,19.94972980212156,19.63207809376188,19.10176197067894,20.29008574664473,19.82895847596328,19.073141463763168,19.90847411045042,18.97335901493407,19.696957026436795,18.7229922724282,17.300762010592642,19.46290079216436,21.60782387505097,20.700054789018257,20.18898307869559,20.77649288601597,20.215766579210825,18.47690774599929,18.545106469352262,20.20949947276996,18.669853237101428,17.287334338527494,16.52917057337057,12.957489991152595,10.775467100847202,14.344900066794134,18.589005436382056,17.229474131854875,16.3321965907307,21.776481777466373,15.941010151055352,15.781555193205843,19.270466964185516,17.007583585930824,15.475708147143305,16.109482885825845,19.046718513507944,15.340430525494464,15.198082261977373,15.709840280735447,13.3434957959035,20.66487373144709,21.66221940881409,14.633124462059374,20.47056317362193,19.960262574379737,21.4532754770019,16.839408335327047,19.853923004649136,17.571089295752603,16.132807465084202,18.663646192791063,20.363776260705816,20.694772772533938,20.121990788037674,19.960194898722055,21.011115045532264,19.617370392016955,21.71889539633142,20.472090688956605,17.563130378132744,20.495514862307843,22.052906566158807
17.80521346818002,18.315055544694687,18.39882775279034,19.29018080260768,17.58242183908012,15.32874522811693,18.301156835429428,16.46404418723451,13.649157558116784,16.22912932091541,16.077640028958207,15.992636564478426,16.81803099034233,0.0,15.04833505420527,18.891930104018115,11.571387275354327,18.04171612362163,10.31776427344315,17.111838362999748,13.187102422755986,20.17322079860622,13.513327082733529,15.819673131170177,17.516040616167928,18.59131962118185,17.180651225290433,17.127441954430232,14.60218440353359,15.819531054052888,19.755492534263617,20.218448376857708,18.15527005823464,17.22891653282572,20.653511894425694,16.08627193635389,17.039773172207397,20.318583122841385,18.53672733713621,18.714186278257337,19.508855674382893,21.01810712164727,21.90456687620845,18.36250247167584,20.67338103109176,17.445676670635052,18.261629413153276,17.449949777628508,17.502196214039856,18.758390199532407,17.946402844988498,17.747875300299953,19.60789818681909,20.31969850878774,16.883494931272807,14.33341839709514,16.971256343401883,15.344452265996694,16.51686575415637,15.497196356050091,15.223624304845693,16.121152466685114,13.158623017285274,11.713327190383136,12.219298822316633,14.661603869197029,19.056809984416606,11.60614608368764,15.223373585827003,18.033408831718408,16.560740016341423,18.18593408769726,14.150786104678616,18.72323156350328,14.617307443939424,17.963839318983624,14.479099354015824,14.954101144181667,20.529340574903923,19.46771043930876,15.885423439750015,20.682461169086046,21.27569848203572,21.066326521145086,18.45910729784056,20.171835808714377,17.41838202109754,17.693944479688174,17.41619483398795,18.95852905598158,18.62941551094268,18.58856537163293,19.26859769453804,20.91509892394686,21.65375034136099,19.281303255417875,18.28282076060305,18.927813310343307,17.43085257591725,19.37802819684696
18.44676241098507,20.588957134111663,21.14353917664552,19.96633694989005,19.945441099529617,19.82449745190109,16.75967649371484,19.46102774965969,19.571145569302303,15.394167603884826,11.345967199204178,13.004923522537648,17.452079192378026,15.04833505420527,0.0,18.53905931596684,12.117793269416527,17.15908898429694,14.212765276463132,18.384016157525824,9.51633248139936,17.87122415991205,13.031840184050322,14.521789842813757,14.097550793043157,17.373059174023812,16.995716340055097,15.146987669438149,12.109608391390578,13.946954382262955,18.89048800434924,21.583923757026547,18.861636430211316,17.63761356859,18.629365780502376,19.216062802175195,17.63044089992259,16.55425768619661,20.40460937029418,20.19146403878692,18.56787207349032,19.64255289659183,19.197097542892635,16.972504596854606,18.91664934480937,16.301230226948512,17.809508433547155,16.844317655177896,17.125089615565038,17.04063864665116,19.75927151650984,20.26148182836298,17.77988552912489,18.7596063580882,20.51438710226804,19.71446980767755,18.03527130620451,19.546686777601703,15.60885000867961,14.971076643784192,14.233521080003744,19.270284773979977,18.522392668743684,18.81681544066726,9.903987287975598,3.997658400400924,18.757079274741244,15.746826148469507,13.636359474293853,16.80118519542566,10.826927382342834,21.247003544526407,13.862803306166349,20.94895762695022,12.121880031041483,19.259278137445875,14.508739925571929,13.16111662191053,21.643602891327102,20.89724432977542,16.88393318923299,20.441645837576807,20.55062932090245,20.888052600303,21.651747788380977,20.79416529969459,18.514097642558784,19.277585490752703,19.049219225299304,21.777933986361635,19.12655785621229,18.227762171713767,21.9204015861724,19.05152939468163,22.74926970137973,18.698738158390285,19.26325381467773,20.066105409993348,17.57719081995809,17.308859117515212
18.5885261818226,14.769162332531192,17.53775863917658,12.611269131218704,16.045573900568076,18.56741626470017,11.134582612306634,13.79860006445773,18.278702216759648,18.36868667380648,20.14737859373792,19.8254470170382,19.48307168955479,18.891930104018115,18.53905931596684,0.0,17.025432140975106,13.040938365864152,16.8268402819757,16.62210452497186,16.291397609056013,20.018984570090872,19.74908982383619,18.2751680533248,19.557403829497115,21.90777433870402,20.505679701953948,20.285073058696423,16.21349190976002,21.40197898993027,18.65109999604485,19.499756315131947,15.630903466240628,16.456528109847113,18.150201082260956,18.665987835046906,16.748519756035282,18.97863816328882,16.344627726548378,16.183446350157265,15.002895479089052,20.43850818446452,19.872460271850464,17.890622059682798,19.344048295769245,20.07169397354443,16.53726009567407,19.22656654877169,20.71049984703341,17.22998883589082,15.850790667174186,14.324745267427554,10.059407094711354,11.997135170228765,17.561235524694375,19.82886108924965,12.573946913355297,18.31802239684426,17.78181202322944,20.73250798610911,17.854722136036482,20.64670603164858,19.15370847148268,18.38040838349857,16.735970358911363,18.9058345931793,14.241944191320314,18.16350282392645,16.45741836599034,14.793053291723082,17.08998978656602,19.279974241199803,18.319195550846548,17.680249070269525,17.77157934981215,20.971468527804195,16.78800493650412,20.5631988297119,19.868736283136577,18.5832184153892,18.614893303830875,17.30664954924658,18.20839259656228,18.29086300583324,19.95247519335682,18.152396283187397,17.554565328033835,20.56102578294849,18.306400401815036,19.12009879887223,16.196996407764185,18.230840782633408,16.280131708518248,17.76384966842034,20.880139066032367,18.36192198400208,20.6888382845026,20.87575899953864,19.71831697577144,16.940253452226685
18.00765323530756,18.549756249339165,18.72795104800204,18.529735345242432,17.85088992561627,16.84515351443957,16.930266017732094,16.56651380222519,15.327087150288556,15.21926900292342,13.681498505831676,13.320955320350471,15.415301685757498,11.571387275354327,12.117793269416527,17.025432140975106,0.0,16.34913537616928,10.280383597164857,16.202180544926776,11.438727079886714,18.68813925259389,14.284712020147971,12.365031163991835,14.752229030512082,18.4421481234432,17.57588383701883,16.319109346505407,11.881088071336372,17.184924396738232,18.42557446411449,21.746040410045765,18.011615106033638,16.980113765893005,20.40299364655069,17.03653372349036,17.275475805000134,19.875732027154665,20.21204507215769,20.322261208569127,19.694989271009327,21.353955066757752,21.37840630668193,17.56523336433972,19.11211907194357,19.07244796259609,19.549789567654965,18.061985256927137,18.126185607719517,18.647512574385324,18.93007297490272,18.433411475499533,17.75999834982091,19.105850564841724,17.85932381275277,16.38021799481458,15.937719388218891,16.10088996694965,16.047835633326667,15.074311662903138,12.623261261532962,16.10550916040708,14.123998665077862,16.493642481714847,12.160250707978062,12.144359364034134,17.730794104085515,11.338744235305091,12.778824012660936,15.492843324686705,13.232367508276528,17.810624431994512,13.900410871094383,19.97305714937298,11.161201518266743,17.491084073058087,12.668780013014397,14.605188716752943,19.816888654068176,21.52512063477307,14.331578394755937,19.87637976318685,19.74850154280381,20.61435659781805,19.25892861870734,19.673647319069048,16.932686262920896,18.281384731201488,16.93978017563565,20.25713189643758,19.65038632004839,19.845233983922142,20.41361062252075,19.299432950569287,21.844157775381216,18.80709386329201,19.191317136628182,19.1828540353915,18.758523085705125,18.56252868329041
19.00230681680076,16.141126368929903,18.57289135083195,13.939202202947296,18.026710925141963,17.831009013171176,12.94706776180713,12.200999816402632,16.305625508827585,18.439042533955472,19.80060355986683,19.42527391507431,19.30179852616305,18.04171612362163,17.15908898429694,13.040938365864152,16.34913537616928,0.0,15.79957644226721,12.855305139642583,15.85416885477296,19.53417633799815,15.318693753349786,16.720603820287334,20.92443275049613,20.23460783091991,18.2930393928644,19.89067524956164,14.787190978130049,19.544394415054025,21.389324038215868,21.736875426797937,19.732688053580272,17.31617805495929,20.25248964301248,15.552776614108296,16.711543322041493,21.88107111859178,18.552835703914493,17.867360804203134,17.6607250360867,22.411477907955515,21.92246893954428,19.36378100377384,19.63422697523762,20.03432848847555,17.955441834749255,19.51701488303258,19.87571382644444,18.4779573205978,17.251292735322266,14.851120120793414,10.466616382749768,14.752930998213955,16.83593784012356,19.0086569790099,11.087767700008175,17.369606446438407,20.346254511231702,21.57241948406735,19.863903861663104,20.92247770199595,17.747295017791572,18.23858210167956,16.548746421575434,17.337056351798957,14.012346346026142,17.5970158246631,14.3005328186672,8.147617512232289,13.304026283700477,17.68096033242039,14.53545183145657,18.358198420946845,18.266341882455173,20.91967387159017,14.173163260206998,18.04734358324401,20.90295859698535,20.359522729086265,16.611014823817264,16.156390208242044,18.22866021876356,17.718027255568995,16.768116170363516,16.245698130545932,16.22211167146109,19.083260587768702,15.115920252422764,17.280773447410947,18.8519350530184,19.909639391298725,17.144707293261824,19.8465401530058,21.456933694033253,18.630032451018906,18.211386253148504,17.864414961951077,19.164305105507093,17.13796089192856
17.838368993873367,19.07962559154913,19.822265909404987,18.218006491505417,17.8266043580321,17.911173605377595,17.87012042539601,17.330662444563075,16.2744987257492,18.213356834993498,17.292856292828894,17.65459855300511,17.27844681663836,10.31776427344315,14.212765276463132,16.8268402819757,10.280383597164857,15.79957644226721,0.0,16.341307051498678,12.365221772731791,18.35299711022214,13.669655694840142,16.503137651207165,18.09713557877461,21.07439560607716,18.793435914823117,18.156069843579065,14.85595161305281,18.16728039015077,19.83150441365204,21.00376547123936,17.403467719739094,14.19049312571037,20.210890742165493,18.477189560154937,17.361768565623883,20.881923355373484,19.88363528948727,19.972129752271663,19.090611660067072,22.184504187480854,22.246610309414944,19.068397835119224,20.02599385754584,19.037850154798736,17.899582184532978,17.281357004244125,19.005039406458348,19.144552680656957,18.632046824592766,18.790637317259247,17.90271738720428,18.998095691583643,18.754840158595893,17.72523716891893,17.246905758544784,17.395880319202448,18.745620045171524,18.53430697848764,17.007147191380334,17.996721487475128,15.725840482943692,15.770041221944131,13.392590082172228,14.378042038119636,18.672486334601164,11.399524295278466,11.658794327218898,16.208453353290718,14.660235129823167,19.038776682250774,13.265105404326244,20.67318426464004,16.012081381431333,20.690451380914585,13.863229120393086,16.090910967752635,20.60962729850533,20.089267095023768,16.1629611019676,18.559216849208862,19.072794455751065,19.763182202144808,17.94399069333709,18.37425788019682,17.481455334599545,18.29495377521581,18.12720033615687,20.941638814336237,19.78870560933342,20.035198339977367,20.415772106384814,20.14763971006551,22.897088891141426,19.26269445610049,19.17293533331416,18.74775099166095,18.460829645913226,18.977971543834094
17.09322832434127,18.27638234022749,19.49534305502123,17.35277820593633,17.475587714957694,17.747380602061995,16.478852583374493,15.8199096361735,15.82562146469603,17.69051820792448,19.35285753392191,17.714719370728254,16.15092016903584,17.111838362999748,18.384016157525824,16.62210452497186,16.202180544926776,12.855305139642583,16.341307051498678,0.0,15.78620730336257,17.70676380141017,14.535267614165525,16.33623590842872,19.74602535103732,20.25286375155625,16.05234450470467,16.706523605717337,14.38851052969294,18.88582473149824,21.47135012028419,22.797419903958698,18.10865298140728,14.659320389907142,19.52079244045417,12.413928945214508,15.643306626233144,22.176143708142398,20.072019440697503,18.94670318937041,17.042141467584447,23.53789037656873,22.98828538680151,20.3972854586542,18.995457374943395,20.023988654906628,17.74030657356284,15.785926959999031,17.916423781867614,17.37140331600789,17.534516673151337,17.32005079962028,15.64127943676914,16.9044008300449,16.417882298256377,17.87658056019112,15.410215340790018,16.550314746417143,19.587047269670837,20.659564068729622,18.242269107121043,19.004631213864183,17.24410727616951,18.478515242967127,16.55278053385863,18.095666181770262,16.146021489221123,17.39589889772743,13.096846641441168,12.635514013189944,13.416496262937796,17.871451547978477,12.90420898574831,19.49708939613632,18.052483332902632,19.525427826597124,12.24602281045705,16.59867446426373,22.344089812547058,21.24041769382329,14.199645267188636,14.179656253404683,18.743351370980346,19.59784647771052,14.134492337064776,16.015686785428713,13.886310191143115,16.412158572758443,10.150779550241063,17.03832948590349,20.32644539320757,21.053502111091,18.688633500955618,21.947144289493465,22.272043635396205,20.61898548284676,18.893884329974878,13.725480340033354,17.427642257631042,17.85824631144722
16.454210163690902,17.79549340779683,18.75639241081848,16.76106882414687,16.832948591900248,17.857707056379173,15.917054304085385,16.069587362895614,16.641788824795423,15.631369238434376,13.444369014852755,14.628176044212752,16.733993177399856,13.187102422755986,9.51633248139936,16.291397609056013,11.438727079886714,15.85416885477296,12.365221772731791,15.78620730336257,0.0,19.70938238241652,14.09067920359125,15.284441585681094,14.497814633223706,18.670958125888564,17.639811307911245,14.961494513999396,11.043209109274354,14.414652663701355,18.47668256827404,21.18663234358893,17.570201162036945,18.08045464841381,19.99483339711707,17.36300854051644,16.46146274423218,18.242020282781574,19.894746045031333,19.806599743742886,19.84339849945925,20.7120347976948,20.91383879880179,16.143487014177527,20.123325041130204,17.304739790257763,18.862283591528836,18.023125336601893,18.772017469418177,17.32403985073642,17.735601972739378,16.42202702075921,15.507044549546118,16.98580000960789,17.562831260353995,17.806942196260426,14.799244499755474,16.767074505273257,15.848415701765576,16.592229890581127,13.768211075956335,17.99459882574393,16.352791201460768,17.922661822118997,8.808575932312717,9.563829196134265,16.528568822787573,14.799573548225291,12.803528409988454,15.74853673556764,9.135092356191157,20.34079843625233,13.537563572601336,19.75486534798256,11.68521030832692,19.39378757093532,12.583520694391488,12.604444197933203,21.7606559588768,20.76900159419988,15.867410069380332,19.93736046129518,20.717698530172733,20.66000247341193,20.01121566176523,20.30360809887684,16.818776578608315,17.15979921014356,17.339820277844062,21.145749777952062,18.85263953029953,19.08328939557842,20.255412776578417,19.359182077912024,22.43617845249057,17.932726633231702,18.723037960237612,19.201891686271093,17.899165006052204,17.289973006930374
