Var0,Var1,Var2,Var3,Var4,Var5,Var6,Var7,Var8,Var9,Var10,Var11,Var12,Var13,Var14,Var15,Var16,Var17,Var18,Var19,Var20,Var21,Var22,Var23,Var24,Var25,Var26,Var27,Var28,Var29,Var30,Var31,Var32,Var33,Var34,Var35,Var36,Var37,Var38,Var39,Var40,Var41,Var42,Var43,Var44,Var45,Var46,Var47,Var48,Var49,Var50,Var51,Var52,Var53,Var54,Var55,Var56,Var57,Var58,Var59,Var60,Var61,Var62,Var63,Var64,Var65,Var66,Var67,Var68,Var69,Var70,Var71,Var72,Var73,Var74,Var75,Var76,Var77,Var78,Var79,Var80,Var81,Var82,Var83,Var84,Var85,Var86,Var87,Var88,Var89,Var90,Var91,Var92,Var93,Var94,Var95,Var96,Var97,Var98,Var99
0.0,13.124773798781414,13.358493854710945,13.960976381115408,13.610251894945874,12.942378153456312,13.96850081643121,13.595551412950014,14.172016189762978,17.889240403976025,16.853932171687024,16.80857569941586,14.471513691205027,13.57910505950015,13.91482176412693,11.295960164825754,14.304422518501458,13.502985377757016,14.647786267524172,13.012010523029709,14.035001353240755,15.13569963371285,13.832284541894143,16.47062066590005,17.91891875879618,17.355870926575275,14.280768494473886,15.02391111401318,13.94298579015519,16.483051157736078,12.750484554780828,12.840735484003831,11.887459368224237,14.902146297014848,15.24398597840722,13.51497260624757,14.27356356709291,15.375073589768204,17.049003010060023,16.562977407921117,15.513821382879703,16.534927892713924,16.898281266156925,15.928338086475868,17.055127476961463,15.552828722101667,15.235137384303975,13.909690420105836,13.101346297257486,14.50214101511938,6.181908328721065,12.767157020884046,15.258103718700193,13.43889164421924,13.43280581394035,13.338836258499574,11.830734382556336,14.038572831525508,18.32853713652993,17.31763041043227,17.83223174081895,15.669355431120971,15.237524423134062,15.004454404503896,14.220540397999386,14.83070679847328,14.182982700186278,17.294196971025052,15.842429687263436,13.601138155398468,14.098814125901455,15.872906747371928,13.494839943064704,15.664360426635056,17.606212447576528,18.19170220583373,14.961259468441446,15.551616755061248,12.984066780995311,11.602548563648789,15.789956084233998,14.089056724360049,15.418390839586818,14.67432467861244,15.128634053943864,14.515519544440435,14.156433361158978,15.75109698262826,12.491931932060911,15.29740642729402,12.819256979624036,17.70953627253022,17.17032533620079,16.88683134362787,14.876417911246508,14.992209220420072,15.730247736065282,13.724760204279884,11.87864806787851,13.686128430060537
13.124773798781414,0.0,8.443855227243084,6.24891531205603,5.924660343180396,9.20022134535957,12.656315232159908,8.432510680509134,9.49169330373938,18.02102251748781,17.714820597475526,19.09717213777535,18.246839255900365,15.959392805668898,15.870794050039276,9.794669908173612,16.602071739215894,9.97990796026658,13.915018584795565,11.009332834837032,13.414081446858091,16.22475017745189,12.98897660806635,18.084366163976032,18.84901141781821,16.43413428167758,13.067127396369717,17.40748449721897,13.816346602221037,15.604264469482247,16.282522563854485,15.912949606326954,14.0332346566097,13.069540163145229,12.663931251601682,13.298782643999392,16.402847355204706,16.687283491520436,17.308034373747017,14.745510516587355,15.046424504603268,16.26506802838641,14.94529559312265,13.755403807439093,13.395746305712544,14.249441089851931,14.432663739698512,12.727999873329937,11.583254009130853,14.646653582230073,13.40585586171786,4.60306897283876,10.559355800602969,8.118417715329258,7.74289468141507,10.846065137040618,9.581230920227378,9.928271579840205,18.98561265282296,19.601870727038957,19.65377731610835,18.98577234500689,18.026873808771853,16.665684801611786,15.750541745487867,15.95834060423996,14.858063874492265,16.23842743963747,15.220965262777831,12.190277944465064,13.753883823911844,16.870741463287445,14.634897243837884,15.268970708679976,17.55104451981825,18.628407179133124,16.26253334862507,16.99569036161843,15.340878685825697,16.51375469371838,17.02560802001809,16.043106897462202,12.76722858670753,15.0929747820412,15.456132386519243,14.792767325954902,16.933958828961348,18.13421086285845,13.18976301431698,17.673956941710667,16.815168610142717,18.637810024281485,16.985672297833922,17.85723286882874,16.428334531310178,16.676887878792524,15.46220123240124,15.88479176201758,13.211665179762972,16.300806447342485
13.358493854710945,8.443855227243084,0.0,12.0507686729871,7.9857266415169725,5.677400638017861,12.932359247695704,7.315710203115876,6.420055449536067,17.715319564722936,17.44932824436393,18.473751162510457,18.49807116715469,15.067431265714994,15.1066654206819,11.836324403365817,15.889647413123038,10.471262042168616,13.63651637988407,10.03563597973259,12.4921718764627,18.61077732593497,13.656416824885843,17.768950454255457,19.110266452816184,16.929435956709575,12.136960300954584,18.72692693252719,13.424438370732418,16.629382084620936,14.891815099992789,16.366017500988786,15.741154497912609,14.997362724326967,14.90954319488482,11.623650936064768,17.532683356332946,17.240409818630273,17.94909735011042,14.937456802313925,15.413191856527195,16.53617982853014,16.165527429134915,15.864665923060192,13.887926538570191,14.632152486338304,16.254052907924315,11.778239551397627,9.84232545780864,13.836051627265883,13.847885812043629,9.133897205292016,12.6494912577645,12.674305884815256,7.007418836918785,7.348363365811999,10.548258663797268,6.90608063745488,19.225949050836338,19.883651100215243,19.65406957754675,18.958404946923544,17.533546607838044,14.791673349828317,13.838898705891896,14.731929476727307,14.589283766826757,15.178761389351225,15.131886149808624,12.641678682298812,11.935503906737752,17.827287342300423,14.981110571257249,15.271059798137568,17.110791141449194,18.987685716253207,16.026846755245433,17.73089825183184,13.798713875531645,15.919237717484393,17.354853304295602,16.735324682960712,14.688929979483218,15.812116711316996,15.08562296501369,16.75937813993872,17.813150912964932,19.371442763059974,11.77528279035236,18.366029269673444,17.99456387091871,18.521379488347726,17.516919044963675,17.90543012182882,17.51477928139756,17.227625808464985,15.1167629590798,14.41750988199962,11.481003739515216,15.64390226003704
13.960976381115408,6.24891531205603,12.0507686729871,0.0,8.449925040928079,12.873904767675032,14.481358607160264,10.195774954756049,12.392194492950011,18.26519793765112,17.652861573308822,18.84242863196189,18.058054881881564,14.747117292885232,15.46895571584992,11.681354663849392,16.026481594293713,10.449841685806428,13.00704050216687,13.1157335385208,13.40516131813482,14.506839451222616,13.102559016836675,18.021981139777413,17.7293018514557,16.85505685126504,14.593034939258551,16.47586809777833,14.35680491777153,15.211043102211116,15.92880276609602,14.907500910150684,14.134910714490395,11.64311775604116,12.355605030597427,15.199577966374967,16.24670643718532,16.584760619829538,17.527571493698208,16.89541938628985,15.736614882904744,16.01617913934151,15.11102701349222,13.872961588789376,14.376545514345535,14.910661609918552,14.00529806378076,14.523061876242922,14.513795297776475,16.42484137586658,13.805967200334289,7.507589430209078,11.970776009253852,5.822108684792604,10.74371223331298,14.264580041340848,10.772242082134884,12.49886644406778,18.87819399622164,19.433606442526923,19.38537807991888,18.729838939969103,18.358337751977064,16.667413796067574,15.900586024578043,15.885338713150412,17.03110422617903,15.73804764594493,14.344841031596534,12.14760479764782,14.60923651188676,15.31858726428557,14.458854663808951,17.390938975626433,17.761747035693126,17.727238042481194,16.088261479302897,15.934321663062244,15.07921996467632,16.363268145425288,16.19512300649294,15.14210753731933,11.979007957748394,14.34358920521992,16.137231852925538,14.123731883740556,16.061554534545806,17.122421152107286,15.249590296757871,17.518059953996108,16.312888975404576,18.40506925105441,18.194394546421805,16.778993028927882,15.753069954752675,16.682924813757232,16.654636339136818,16.726471799865237,15.61010961120538,17.32241758285441
13.610251894945874,5.924660343180396,7.9857266415169725,8.449925040928079,0.0,6.904004009446765,13.594734166107656,7.526553081983325,7.835019019773009,18.67405020153458,18.07307383415835,19.144101106056148,18.26098990315583,16.162563319927536,15.069569461529476,12.062427763946229,16.019568712004624,10.119801831248294,14.05975076508172,10.78646443073174,13.139386305623024,16.64295271359767,13.209420620546071,18.464446030618685,19.32084267888574,16.622415807591146,13.780755088394365,16.853558444509524,13.88066016514948,15.497708667815502,16.16951803616488,16.219659021300465,14.317238055039546,13.444127656535631,13.833775596733584,14.043371642492165,17.595986689921027,16.985821620515598,17.701210349655845,15.446079173096797,16.054473605572383,17.054238445729265,14.93878756573054,14.36552257017187,13.966585753215725,14.2933393075541,15.444778084949888,13.796885680269368,11.720813332553998,15.1645873177218,13.832690042162469,6.827181488739248,12.507065874300205,8.99297794457842,5.219678909029808,9.553004053581777,11.040227270450329,8.99051277593783,19.58115975606935,19.802380524176428,20.037411209447345,18.931369541859507,18.34428522163384,17.081861717200812,15.86063455190099,15.338099833831407,15.71115626581835,16.661703567008086,15.850938812583507,12.80538771184108,13.177910172864758,17.751227927271316,15.048738187439412,16.081237286820976,18.286431222826145,18.7949703067079,16.56214025034339,16.79031292587869,14.748325272330142,16.033788067931024,17.582606036390217,16.958778457256564,13.78943566987658,16.37166588370354,16.041019664034014,15.95178480565613,17.642707805202978,17.619479506911897,13.455518472706958,18.85074917674148,17.256200045499266,19.467862426569503,18.247243073885365,18.49666498415038,17.875827181536025,16.725926101834265,15.119258720069771,16.46102144059871,12.90700093611104,16.549714325441094
12.942378153456312,9.20022134535957,5.677400638017861,12.873904767675032,6.904004009446765,0.0,11.774736036682445,7.467070797161166,5.256077967426528,17.815530061230454,17.038055425119566,17.87008129945285,18.114788598701686,16.14444193699404,14.207367869578752,12.793474209860683,15.632120742914832,10.862295754881696,14.694187864275246,8.789998438055154,12.075446090897964,18.24341852464355,13.719008377766553,17.69644883015165,19.36471832599414,16.65424579827023,13.19524768569147,17.90617864870049,12.508678003325812,16.369930701048037,15.70357314345001,16.766453143139827,15.537390879089989,15.316518840754224,15.421289824832986,11.28877420484038,17.14673865299582,16.839732509227925,17.34033657764366,13.851559054253974,15.1058704317113,17.137485935093864,15.45364449227684,15.403860762570783,13.884453938723578,13.517099338034011,16.480791114551348,12.316446599871949,7.892178696103341,12.673497005636165,13.649829377513509,8.918214805747358,12.570315056573309,12.951916368961676,5.348393427604896,4.210713367239541,10.686271371136574,6.567570946804855,19.08240908745052,18.91752493012647,19.339138612005677,18.60843619252652,17.469509436168813,16.266970849244462,14.787586783578073,14.415396524236456,13.047388852533944,16.698331185414748,16.580405912507217,13.308381230809562,11.44487884819531,18.47605074003277,14.863732203549707,14.04568228403308,17.27668649394142,18.751855158071788,15.772156457882533,17.355056889883883,14.249261612367423,15.429000980045982,18.111826911376266,17.135045949479654,15.152563523775548,16.56018178892883,15.276082439948954,16.487873671243094,17.5676162905035,18.72140249558547,10.8092669994979,18.288305504077265,17.490934858760635,18.47475064925209,17.136858553020726,17.99260185057711,17.79409722799143,16.94462736718762,13.444091471559371,14.893075121563069,9.166036736035595,14.434801001528834
13.96850081643121,12.656315232159908,12.932359247695704,14.481358607160264,13.594734166107656,11.774736036682445,0.0,13.13963006705544,12.81305127834015,14.570740627547153,16.51610859167141,17.620871832257873,16.58550195346287,16.859926744631114,15.764664898782849,12.978530258756738,17.297523968112905,14.417377760058264,16.226167219452083,12.228041888466738,14.526926080663712,17.08239877806484,15.152771288285177,16.377149381599793,17.67618224803844,18.786423390827625,15.567011374388487,17.65175005276657,13.698831018921911,15.976125567971687,16.697130219013296,15.638205675012564,13.145067918059231,16.64725222831234,15.958333693554293,12.929354725069786,13.725604021465244,10.88935378540422,11.94997022319791,7.709068709593563,11.216761774104436,17.31347141649307,14.496094139594296,16.199716813484063,14.340606977977243,10.465428907584672,13.3073096606141,11.91779071183752,10.362155987603709,9.036798589187296,14.020985179728266,12.174866379441871,11.341104393210475,14.53371463316322,12.141726274308,10.800568498938889,10.764160575733024,12.124415812097071,16.708526396895614,19.484055019077864,19.27461080766691,17.329161171961147,16.59727257279263,17.544676774238013,16.68022853375414,16.331154252663236,7.112163822628564,17.737742231629152,17.45088388767862,14.863373506870037,14.231535400109736,17.810292604156306,15.18062432842684,10.008135213891816,16.992318590989235,19.55727077037653,15.886404631022115,17.746098816086423,15.990205723394196,15.598853451410724,18.17065276524477,16.450865300877332,15.91464828676064,16.412063659981165,16.394468104483398,13.307270624155544,15.518037016154954,18.45417555892476,12.20603661279384,15.184468666428764,13.956351208483168,14.561099194379713,12.75055121048614,16.555922538667787,14.806893681806647,17.122681924881967,10.3481066185911,14.28413270753822,9.758829755100477,11.33666102384887
13.595551412950014,8.432510680509134,7.315710203115876,10.195774954756049,7.526553081983325,7.467070797161166,13.13963006705544,0.0,5.16682745285898,18.199170379767327,17.62522711862908,17.86232616719199,17.86100134254617,13.679207304814556,12.850711961701313,10.997975140416688,14.109136558686984,5.968595490281479,10.728287161153895,7.023555209351532,9.965793490446815,17.351009870648998,12.087199710133254,16.727933569573324,19.38941415074754,17.1153819586692,12.026447440964596,16.929830240915372,11.129673228326698,16.89336742703512,15.548888332357874,16.417621636665746,15.133539801834612,12.400587501544017,13.749939169836264,11.96477069457002,17.806440473593575,17.3632038244971,17.774389220609976,15.38112187789624,16.16707239690186,16.667561562057216,16.13444222224427,14.91595190005766,12.551885974376969,14.700258828733547,16.826224602525457,12.67957689977543,11.678960325399268,14.726617675167104,13.12462600142618,9.063955379333718,10.98016105772267,11.952707315967386,8.280444225623992,8.411141422374955,9.87756353183382,5.571038317462516,19.048043162479164,19.64314834499252,18.82778459407881,18.149133651096207,17.60238668892563,15.053935767559851,13.45544618858772,13.182983313998037,15.11867978794216,14.07101348475266,13.480526655286178,10.489808429044553,10.138697456426277,16.448152442601803,13.957397118302987,15.819322665893058,15.38407711179892,18.007455572139463,13.945895455914128,16.184991927893165,12.96667223329348,15.341645104113413,16.07463368773511,15.773089031479946,13.028311900592396,14.14361826110656,14.165383111550687,15.878612708461914,17.155143319098812,18.16019913343267,11.902209935835996,17.95488992670482,16.898034382111078,18.65675052742056,17.98644952504922,17.684009336313267,16.62073999374186,16.75541608138074,15.135201267123986,14.68282963105344,12.85558733174354,16.33819863593692
14.172016189762978,9.49169330373938,6.420055449536067,12.392194492950011,7.835019019773009,5.256077967426528,12.81305127834015,5.16682745285898,0.0,18.327240177350227,17.105831459457335,17.763909219350563,17.997625818092025,15.353095392484075,13.641557175859424,12.399938555963278,15.299980782500288,9.284382593385049,13.240241227653076,7.410491396785432,10.479364194497377,18.670090459427,13.51151241331818,17.25062860458314,19.5213607696046,16.68466096608895,11.876663886101198,17.616068372240914,11.539395922091726,16.711219434914266,15.865543158980442,17.09794792292018,15.93256462933054,14.3590786677639,14.482076538521737,10.155027412267463,17.29831646458571,17.680560359550704,17.983544502727195,14.698891980110297,15.028099413119223,17.030417665901343,15.630905068805989,15.172891013943037,12.228859012316754,14.029726563804353,16.8515726717164,12.323146151573772,10.230658195665812,12.98247956874324,14.01962076186974,9.271252080175165,11.306625138633391,12.942165359661113,7.056141543199195,6.55309185363433,11.294639661457678,4.568723769646373,19.265398770154317,19.159129162830027,18.66732005142734,18.08881802159016,17.246255652579872,15.362659531642748,13.790028301162536,13.508970423760948,14.38612340157522,14.8881958991533,15.04637197852274,12.411218601689152,10.010091161229813,17.711652004004407,14.75522757277189,14.83343695578917,15.843586537702173,18.178742657517624,15.00428127299174,16.90820582681754,13.833604316610325,15.416182769216462,17.116565880325826,16.278281144563536,13.912049871738777,15.454651093912371,14.41551720853866,16.386108789417534,17.172451534439837,18.54135265772428,11.325258190865664,18.053356185458146,17.49239244370621,18.727767068927143,17.70318690179126,17.999661135295558,17.03874964605802,17.20815847956756,14.308411767186309,14.831655228570462,11.667965609109428,15.239421830730002
17.889240403976025,18.02102251748781,17.715319564722936,18.26519793765112,18.67405020153458,17.815530061230454,14.570740627547153,18.199170379767327,18.327240177350227,0.0,11.842720153213422,11.568991318554854,15.625729724248894,16.38923445038439,15.321594558122426,17.683447542021906,17.067099516163424,18.859720626115585,17.70830863865526,17.013889095714227,16.13805112494904,17.95917407939057,18.48204866294124,13.189014538545768,12.51539788502765,18.35125246387321,18.22515555734845,16.944027729337503,15.362758315060743,16.990447890728884,18.385322447762825,16.944428850979612,16.094468071568006,20.09138003880101,19.255550200176504,18.615606710134927,16.9033309620334,10.986098119709323,8.765279887991412,12.218099160980762,15.93886958575033,19.048565121610388,16.109362623982584,19.36353733475795,17.471857037524803,15.587789581637631,17.12077198903604,17.02544300536514,17.02371219321576,16.093913953446176,18.11862691442097,18.270749326766232,16.55283273894148,18.874655369796155,17.592983971922266,17.154871518246303,17.161165295385235,17.526716379119055,5.835290420345753,15.66973336491194,13.221873633990995,15.797650331824132,14.721493645721337,15.790059477317625,15.985583549366275,14.7397980897752,14.182069267833423,15.82713336802884,18.63814752852992,18.57818653113484,15.990952736624092,17.410717034617836,17.669438237299246,13.581183614979269,12.226332643941904,14.43848807183064,14.561347494541169,15.614517586822176,17.86212358216542,15.405409634719213,17.85249446566016,18.212442972741872,18.88686648077468,17.328302063902267,17.286006227081707,15.892327220369696,17.545876970453712,17.59137608409359,17.647199107791767,15.498758040087434,16.45235696082928,9.247811759859196,9.149057048084924,17.627188468568637,16.775939021896175,19.280425354369505,14.806851870791036,16.577571466813666,16.564511114900565,16.800057568525485
16.853932171687024,17.714820597475526,17.44932824436393,17.652861573308822,18.07307383415835,17.038055425119566,16.51610859167141,17.62522711862908,17.105831459457335,11.842720153213422,0.0,8.15393475927759,13.074889423426695,15.536632228326903,13.596364283132315,18.619835162443422,16.33756819828316,18.482497263614487,17.473260869123518,15.847648901802138,13.06148945197875,19.540674037789376,18.2931982661215,13.782151405489731,13.060984160634144,18.05625829331632,16.352709520969498,17.452634301868414,13.586492436180665,17.759372136566345,16.170961821467234,16.919362020456216,19.470406500614928,19.8537261167968,18.716698953151997,15.03048690622168,15.58328673322833,16.68859027174858,15.906382193754038,16.52351639813481,15.16065041246901,19.114208990304626,17.237734721733993,18.472445901787136,16.691934076253705,16.4915582207565,18.02976804146376,16.138196211803148,15.311418151044622,14.704829069287982,16.748504652309478,17.96755194540643,17.264538304886603,18.3438300877648,16.884456300681595,16.3841298964725,17.347727376748157,16.46847096370337,10.696205453337669,10.68475189609411,10.2836665324617,12.618912590744712,11.748981819667046,14.512044783136268,14.066134729178245,12.866255875168358,15.48277498589678,15.786278683536873,18.3248594997879,17.575220144982282,13.75822341150521,17.841061716224583,16.750876959630904,16.046362649312698,12.86353537653778,12.616836368110944,13.662472990375004,15.478225226976916,16.66262200288734,14.478057226595444,17.488419179610762,15.666684136646545,16.827859762780445,16.570195688720826,16.207875286664603,16.13318520689117,15.202720466661072,17.20989372624668,15.89004024145522,14.04912457340181,16.499796156954325,13.538161016328823,14.165725226136477,17.28244877215954,16.15216585641363,17.499258578727293,16.051576791864218,15.694691908197017,14.878623284884206,14.996965117039354
16.80857569941586,19.09717213777535,18.473751162510457,18.84242863196189,19.144101106056148,17.87008129945285,17.620871832257873,17.86232616719199,17.763909219350563,11.568991318554854,8.15393475927759,0.0,11.670851573517664,15.20292370853442,12.57494663569745,18.33987345458633,13.30508935617083,17.81727511969507,16.842766119746457,15.84853798089591,13.424914150766778,17.59679346432867,17.04314138683948,10.305506328957522,13.868034015735985,16.4753845502951,16.327240373330305,15.169515378926407,13.778572834123914,17.278912671771746,16.893041858141693,18.043516658004087,18.671195581292487,18.705176094381063,17.53992701921629,16.064921512931218,15.921790224660777,16.522756723299384,14.975964517403138,16.565838426707543,16.08268418109058,19.404409737772145,15.953994528004817,18.36335272176133,16.823846717361832,17.35521936386045,18.35312725789056,17.122802079539433,16.568934917431505,16.217718743431647,16.845833916595343,19.315676207666943,17.20533114583397,19.28022580666121,18.487664005852505,17.181519347801448,17.718927918457446,17.14393129346362,9.042261468886686,10.114337574819857,6.483404934955567,11.048730109039331,10.375494651272293,13.72144392057536,13.739071496744351,11.884796975446577,16.011091955581282,14.25806175371028,17.676369510511037,17.233707817774555,14.043789012562993,16.230928713206985,15.927371360097265,16.203834449277746,10.386933794709522,11.276773855253037,12.883604893079289,13.267875911778855,16.04524784253055,14.161969916247942,16.62188060779819,15.47328556595847,16.964566578164867,15.620266039973249,15.369330594637098,15.882948056345972,14.887146614375771,15.375075641086536,15.9270128950409,14.080327604721848,15.30508157623828,13.49045791700326,13.95242433141188,17.686296058415643,16.331881123294682,17.266395979726553,16.294935694239467,15.01406483178303,15.847136305146432,15.800791655864964
14.471513691205027,18.246839255900365,18.49807116715469,18.058054881881564,18.26098990315583,18.114788598701686,16.58550195346287,17.86100134254617,17.997625818092025,15.625729724248894,13.074889423426695,11.670851573517664,0.0,15.482806367075968,14.678958186674096,15.339690309887704,13.328219393280468,17.46374774700822,16.135247042357385,15.947948697823604,15.345401568088713,16.19904476547629,15.461026324023758,14.82900402902912,16.20431163852484,18.65103050362891,14.99406928160009,12.642004849458552,15.181588641043891,14.29641883825027,14.044743102667946,16.78055223216848,15.104905189017346,16.842223191649587,15.259285764582003,15.925713185458203,13.744607121090496,16.199197947419407,15.414864380689297,16.063136577367644,14.132981051653909,19.185163270214293,15.75340426486331,16.843198373634024,16.799225090004846,16.21802746078736,14.612742952311798,15.863624840687232,17.6348520941244,15.232448698053602,13.495875638324357,18.04316116092601,16.216616442286792,18.052295594280544,17.775812819562997,17.39906363677365,17.502750932172635,17.297965412265984,14.00879049570038,13.413108623990972,11.905478447501364,3.664378582097095,6.1289250197086,13.21706553065999,13.87778156736978,14.2132710453738,15.382257415713122,14.874488485546468,16.16122157905985,16.46248598110766,15.041393265294165,14.749301134937111,14.93733752418388,15.728795739763912,15.421001973088009,15.606876541263532,15.277774338427667,13.32122330017748,14.485174826580373,13.093828939525013,15.61348624839984,13.624513806976411,16.507742695142035,15.218731375091911,15.80103869481085,13.384077542111177,13.769142171426983,13.103028137712537,16.301175368228147,14.434202815735931,13.446746469219924,16.236261765038044,14.303400112181471,18.207812628802586,14.886335980579966,14.312496181495762,15.65866444887847,15.058189222149522,16.571037018240137,15.004657164229029
13.57910505950015,15.959392805668898,15.067431265714994,14.747117292885232,16.162563319927536,16.14444193699404,16.859926744631114,13.679207304814556,15.353095392484075,16.38923445038439,15.536632228326903,15.20292370853442,15.482806367075968,0.0,10.65608697008674,15.725757742362775,10.756089525644915,11.804363549734692,8.58478400389284,13.62888259491358,12.225306794619764,14.989049248864063,11.489317637875182,13.733364136545202,16.11662979945665,17.160695550583032,12.956863541560772,15.356494159208989,12.17854635186539,16.298438222053157,12.807027801108822,14.211051470753294,16.570955147444394,13.02893319729529,14.03353733744545,14.59163109612918,14.71501712908108,16.106006426995705,17.075476121707155,19.047113580653136,16.014239158750147,15.82172039670134,16.42770045918638,15.34164681948394,14.482098076734571,14.856630611698469,15.879694819195,13.53002467344375,16.689803947461897,16.087402493854494,14.42855405572788,15.966148792045477,16.107269354769993,15.384579413475036,15.826288729493724,15.91358389736116,12.548437646008168,13.45489788889574,17.076995248382836,17.68247288681154,16.127133604721898,15.233087064705373,14.705150773920106,9.75278769089572,9.559962055296122,11.512291019889464,17.073199148122136,10.498555310738787,10.173156523031947,10.292838116460205,11.976516353316756,11.482042673196991,10.62049433810217,18.19778158119888,14.186275153108028,14.716438254454198,10.449018932417008,12.686052895865275,12.330434144086958,13.166866863649531,11.055137057315347,11.559998301134224,12.617462146963334,10.435511699903175,12.789488336280112,13.46488365072337,12.375060745725303,15.089790234502876,13.10138298056877,13.82140925497206,14.431575890274267,16.04335635013062,18.10573907293767,14.769207135549488,13.061884214043848,13.911359297172126,15.349312996810204,10.663782096066244,15.530191304830922,14.833359809748677
13.91482176412693,15.870794050039276,15.1066654206819,15.46895571584992,15.069569461529476,14.207367869578752,15.764664898782849,12.850711961701313,13.641557175859424,15.321594558122426,13.596364283132315,12.57494663569745,14.678958186674096,10.65608697008674,0.0,15.88321537031914,11.838103375616884,11.730865929913945,12.612098608220249,9.67248609183827,6.680292858859671,15.556835082081689,11.140759296218455,12.0234060519311,16.747460370009847,16.10318829987596,11.56292055931891,14.230734933411284,5.757599404929671,15.703520071283048,14.513834014231916,15.149151835184668,16.36882478994525,14.478785372916516,14.355916744468546,13.293497954845652,14.319981265679042,15.616142063324531,15.7815839668811,17.639207236505534,15.064489359835688,17.6693512111656,15.66594510249274,15.249326447025924,13.96026101232252,13.57095354396983,16.166074585178375,12.56495992391346,15.150898624414346,14.168869917526033,14.129714038222408,15.183320582043605,16.182951275002768,15.37588432058514,14.270615386460662,13.682426933712014,12.319883645182449,11.855158860927764,15.28867127177696,16.511789908698145,14.003128355563756,14.523066942194806,13.401623397205151,12.18348799504246,9.660480519711262,4.418218066486263,15.940446056029876,11.976240173391613,12.820684686236747,10.639872408826488,7.136532222941397,12.46539458176843,9.921123554596049,16.81974086533292,11.418516847180516,13.010973786889693,5.822964942298789,10.000134613824596,12.174619753082114,12.153696833809622,12.16037540797508,12.247338491237024,13.233693922409673,10.7805933483764,10.436627386704703,13.249987588836838,12.533594189161624,14.937846437250233,11.016658723599775,13.827562092803298,14.161810048288295,16.181088927873436,17.174519725089585,16.66244481677476,14.260493449069177,14.260925650687618,13.625644548942876,11.663625894497285,13.839310561355292,13.796879252512106
11.295960164825754,9.794669908173612,11.836324403365817,11.681354663849392,12.062427763946229,12.793474209860683,12.978530258756738,10.997975140416688,12.399938555963278,17.683447542021906,18.619835162443422,18.33987345458633,15.339690309887704,15.725757742362775,15.88321537031914,0.0,14.897352629846388,10.556365565617048,13.33679008163631,11.34073293294202,14.569290199818802,14.816569802001467,12.735089672055269,16.544640181375232,18.824451960269307,16.77164142811758,12.356385888521984,14.827142424802624,14.56714880697454,15.502189337509336,14.496312386336395,14.475497989235611,11.36380778276369,12.03504229864098,12.80772724498621,14.073410597762765,16.042377612025074,15.709692385747273,16.1512882676463,13.532363228717042,15.419831666262676,16.522507470884364,16.53400057566536,15.232305978381492,15.17161577228176,16.176016778643945,14.734156637743162,14.095380155297626,14.909111220936945,15.623344541579012,10.877957169970898,10.921088065665131,9.722536462648227,12.94390317927238,12.74585011779633,12.944339520462425,12.52166533430251,12.71539731317065,18.062381081382267,19.467981668164917,18.597930012119104,16.316538496559286,16.14140291358616,16.01994427083275,15.625457563714624,16.095072731009022,13.91218258479708,15.786516493536045,14.18625619166971,13.210023067788429,14.594796190762644,15.758817092862332,14.849661468574327,14.33941771445456,16.755617171473762,18.704841863911128,16.126966463933773,15.59434725053666,14.07770513237886,14.599647474003396,15.366899631127572,15.245202254490067,14.91828116231849,14.435057092453356,14.674167320120077,14.69778971148968,16.534784689629344,16.18621724821776,14.160425222427651,17.279843527058944,14.449740765484604,17.331395484268707,15.293709566053913,18.320760515062275,15.765162433465555,15.609238865900464,16.254064591913934,15.240446637821115,15.254893187875297,16.439096930987855
14.304422518501458,16.602071739215894,15.889647413123038,16.026481594293713,16.019568712004624,15.632120742914832,17.297523968112905,14.109136558686984,15.299980782500288,17.067099516163424,16.33756819828316,13.30508935617083,13.328219393280468,10.756089525644915,11.838103375616884,14.897352629846388,0.0,11.59932751687095,8.691732832501852,13.644560103283814,13.493238281792786,12.579771603098814,10.094228072236438,10.676434844117905,17.395658047943343,15.473936313550922,12.896452617888835,11.899417528665184,13.788697656680013,14.034664790063736,15.004966512523414,16.692940146327842,15.576260103673516,10.65540100351477,11.67612792518704,14.520335529074725,14.7287576569362,16.924545507599326,16.472284003839633,18.124049099158064,15.213003347860136,16.98372957315555,13.319348292687934,13.048334879089792,13.480308935714268,15.033266830479958,15.513529495318751,15.287695501241464,16.663119334041077,16.162776774291768,14.694698084270572,16.700908480940505,15.702499604108825,16.529968282517544,16.070263873441487,15.274696280850188,14.92521411900326,14.288475995479075,16.70737207646581,16.167139339724326,14.550348546847736,13.006007738882673,13.389433326189089,10.254833232070265,9.993094152029236,11.53989301574948,17.67441710542019,10.019700428189068,10.290533013529322,11.485466007285185,12.246346758434347,11.860188963516723,11.53219724613299,19.05870814871423,13.845386973979512,13.672481448333938,11.855495879439603,11.09628378697811,13.064626129954032,14.56540202215546,12.325908307559958,12.86275184605134,11.833765507835093,11.704448000510492,13.16081921676995,14.229465886332536,13.527689273634284,13.030414380560286,14.024007290100464,15.966477912205873,13.81625961153673,17.47202002402478,17.68112603517964,16.859980959123423,14.43126666594246,11.362160019002156,15.43425741836517,12.578106842394792,15.476574684835285,15.739207413962925
13.502985377757016,9.97990796026658,10.471262042168616,10.449841685806428,10.119801831248294,10.862295754881696,14.417377760058264,5.968595490281479,9.284382593385049,18.859720626115585,18.482497263614487,17.81727511969507,17.46374774700822,11.804363549734692,11.730865929913945,10.556365565617048,11.59932751687095,0.0,8.081990054776744,7.651190612109744,10.565850891685791,14.289540547384997,8.175040689128766,15.03024960876521,19.530376065787863,15.61359346300956,10.836058381584404,14.949197021610892,10.731199594721128,15.830845977895676,15.365302140831352,16.029411672113913,14.789356310553224,8.246590716427807,10.908153791665049,12.31008814890956,16.18901244539941,17.487720284063194,17.706923039100726,16.72736926243816,15.761721902523217,15.588596966925856,15.17984157386847,12.997077867341105,11.82625011789887,14.604999386002792,15.483237453768242,12.58967499264072,13.784940924278908,15.277511919746503,13.034700444138192,10.45353036149066,11.636427343864188,11.948778178855152,11.312830263220548,11.208810198445692,9.645697129283826,8.366999142815711,19.361651802290403,19.721487597282263,18.488877990442788,17.627223079150284,17.39184627493436,13.889672246970454,12.358760471440023,12.43095323580746,16.210908663009096,12.245015344268657,9.889931823309018,6.6662943507025965,10.402380634773651,13.443089159742726,11.052325828763848,17.076228071540235,15.07882674887247,16.98265214848467,12.064173379404568,13.89668072350497,12.987872569780343,15.61613651380856,12.68802399513754,13.292387565636822,10.804073351243463,11.288134724016247,12.088226256320777,14.121752981547584,14.981875716615152,16.241438711295174,11.17193319334644,16.577919169794505,15.511421371512473,18.948692039676665,18.55721332176521,16.98488500860603,14.914399077348284,14.447838898487817,15.163067653716144,13.059703817211004,14.191324606843612,15.92987037813316
14.647786267524172,13.915018584795565,13.63651637988407,13.00704050216687,14.05975076508172,14.694187864275246,16.226167219452083,10.728287161153895,13.240241227653076,17.70830863865526,17.473260869123518,16.842766119746457,16.135247042357385,8.58478400389284,12.612098608220249,13.33679008163631,8.691732832501852,8.081990054776744,0.0,12.019004933534012,12.483249754984056,14.269297971570005,10.28822506198724,13.880747511609888,17.003426250805536,17.082225293759493,12.118732149063446,14.2599511427924,13.089472044052258,15.45378841385781,14.515580118029266,15.16357468493765,15.713765559824548,9.252480024227468,12.069202981359014,14.066241360229606,16.035571813159752,16.68961241325483,17.377973029180268,17.936048364051672,15.89726355834962,16.20145265655329,15.660214505069709,13.690333409698397,12.875756339298224,15.02493349703956,15.55952689746242,13.78388009924222,16.384867543589596,16.221654384966357,14.383551760406938,14.51626737808512,13.937364305613237,14.873225777193044,14.362743286337682,14.606217604395829,13.281836752426392,12.057261540743992,18.15603581102678,19.059609029708565,17.555634563060416,15.799798612023755,16.175913573427366,10.459993560276274,10.13105859887663,12.66803579158822,17.819237019924053,8.71504140605644,7.309418265187513,9.191740068414909,11.816930132794482,12.056017495949607,12.07715657124102,18.832250935931786,14.470959904877011,15.677936957074014,11.91529072387648,13.229619983747478,12.50711666825881,14.902514306755744,11.498819608821757,13.06854376351374,11.144155898450691,10.625545744413609,13.227769707898911,14.439725072344148,14.49581907547531,14.847961812512615,13.968191538741946,16.1569444526463,15.17146825806505,17.15507786247681,18.235716760436443,16.31341445843417,14.100704084081526,12.991745099673704,16.089167340238156,12.97919228051692,16.252559952831934,16.689660888624186
13.012010523029709,11.009332834837032,10.03563597973259,13.1157335385208,10.78646443073174,8.789998438055154,12.228041888466738,7.023555209351532,7.410491396785432,17.013889095714227,15.847648901802138,15.84853798089591,15.947948697823604,13.62888259491358,9.67248609183827,11.34073293294202,13.644560103283814,7.651190612109744,12.019004933534012,0.0,7.446427092896244,17.242087303637614,10.977217576426888,14.966657228187026,19.06876605156618,16.52634974455135,9.637676308057893,15.66493156695278,6.877942841761231,16.193832872979307,15.592347346374083,16.2526942751858,15.318748372178703,13.477059049276782,13.61074263635266,9.819122654907074,15.166466113102889,16.719793184948827,16.66430090225758,14.415431278537003,14.660627356587854,16.964543756880822,16.097874902408506,14.714661806125791,11.929907703108274,13.584933739931644,16.144470946602034,10.417216229035356,11.224690402636485,11.940836003804,12.470598200173228,10.452139495526383,11.318850393810798,14.039853070502032,10.027415717857997,8.29796675486936,10.053111339089066,6.160165960257151,17.794991983964138,18.76735449516911,17.16026052173293,16.175371556034275,15.16337911027962,14.229859861167762,11.945403692847568,10.072120564427028,13.439189593824894,13.622757913091734,13.445191387022438,9.854923651065508,6.978868026832837,14.97052750472821,11.808996717892532,13.87660502602687,13.52213962503199,16.552519781189933,10.808869147729586,13.597794651833537,13.16557263196366,14.339716914390692,14.344411742547225,13.942646541406384,13.368551589374052,12.385876139370612,11.045678266867116,13.94539498013538,14.565858679996971,16.952093213064547,8.540607810340317,15.41140082258263,15.450182184905476,17.754007299634505,16.73893263849576,17.69360529929637,14.966167303546856,15.576363860061536,13.167570508231313,12.355041010103683,11.39492511998787,13.435867477515314
14.035001353240755,13.414081446858091,12.4921718764627,13.40516131813482,13.139386305623024,12.075446090897964,14.526926080663712,9.965793490446815,10.479364194497377,16.13805112494904,13.06148945197875,13.424914150766778,15.345401568088713,12.225306794619764,6.680292858859671,14.569290199818802,13.493238281792786,10.565850891685791,12.483249754984056,7.446427092896244,0.0,17.973558674111786,13.068121258818108,13.963583310113796,17.565026347458492,17.375035835939126,11.41588869619964,16.448700223912066,6.030019243961275,17.04471967592499,15.052286477734784,16.28060849676297,16.74230382923278,15.041335928155004,14.80807787823337,11.465534331348469,15.52930933549945,16.894983763032588,16.957209335190235,16.75191219355018,14.651323147345314,17.603186607071283,16.46401071953721,15.4219739981675,12.801528845473348,14.478841485038055,17.020686720235968,12.207612720606878,12.992285897926228,13.521721826952533,13.794571294771966,13.062204169299347,13.389304820987975,14.173033773424288,12.512846178080142,11.692077027980634,11.633336187902785,9.3234618288053,16.369417176742108,16.631661064483843,14.77842206136037,15.064016456841268,14.265108588735472,12.537252576039728,9.67120644103263,6.494760616422752,15.703690895402469,12.387021192791403,13.867699296584124,11.170334180469,4.799864588448766,14.95873914467306,12.842995735978851,16.564630936206385,11.715779812644858,14.959762268797498,8.747171364524606,13.35219929649042,12.762258470775562,13.866272161778117,14.663733636897302,13.863471125214865,13.169172143711748,12.387369596700845,12.347799124322869,14.928860998537663,14.03831108089039,17.736046382571327,11.276073402540211,15.436482629005392,15.75006690667194,17.31498796222471,17.76954776542723,17.38390498430717,15.359534726773736,15.944357392952076,15.083293792917754,13.318286369309256,13.10280273956531,14.835468604098622
