,Var0,Var1,Var2,Var3,Var4,Var5,Var6,Var7,Var8,Var9,Var10,Var11,Var12,Var13,Var14,Var15,Var16,Var17,Var18,Var19,Var20,Var21,Var22,Var23,Var24,Var25,Var26,Var27,Var28,Var29,Var30,Var31,Var32,Var33,Var34,Var35,Var36,Var37,Var38,Var39,Var40,Var41,Var42,Var43,Var44,Var45,Var46,Var47,Var48,Var49,Var50,Var51,Var52,Var53,Var54,Var55,Var56,Var57,Var58,Var59,Var60,Var61,Var62,Var63,Var64,Var65,Var66,Var67,Var68,Var69,Var70,Var71,Var72,Var73,Var74,Var75,Var76,Var77,Var78,Var79,Var80,Var81,Var82,Var83,Var84,Var85,Var86,Var87,Var88,Var89,Var90,Var91,Var92,Var93,Var94,Var95,Var96,Var97,Var98,Var99
Var0,0.0,14.933113804662495,16.64953465985678,15.653717927361118,16.98011061516472,15.593160110827464,14.669891655043013,15.535719380926784,14.669793107431076,15.184458408901138,14.855668922115745,16.26825545153375,17.08094336678601,17.9757726550497,16.94261167605885,14.806471296644952,15.301874506708954,15.341113101927254,15.820581153938864,15.43502543682956,16.38079233718286,16.852782893588486,16.602751254193883,17.712378369480728,15.714517013932163,16.30942669983438,14.902996363848944,15.851030083443352,15.590144669070522,17.082645517362323,14.178981150957194,14.041930015248631,15.087558390198417,16.76708464479571,15.23170219386276,12.618062740292148,12.287346149049712,13.749413822606884,15.251595125720693,17.128046093157504,15.17531764089487,13.164571552936941,15.407496823750806,13.884190507441454,17.68033534866419,15.486852521557042,15.341672966228266,15.693615651914586,12.764124262211244,12.717851704169322,13.128567202562857,15.128348621946895,16.368201933058007,16.517134030690432,15.63155682071892,15.662037550699418,16.335487993631897,15.369521683982038,17.440701169535867,13.326879989668965,16.689862798559805,16.97569836563316,16.75913411110632,15.967799682960322,16.231375710263574,16.979522471419866,16.261330584469743,15.16915325159521,17.055110373377463,16.93068054899425,16.773005936421114,17.440647525688895,17.626100630918046,16.072495640006164,17.068688775077895,17.056565462788914,16.211250706721827,18.040515197413036,16.13475967582904,14.854780654987248,18.54890607153392,18.554535447841296,18.490870209155766,18.823255565542684,17.180369256411097,16.841469192423126,12.823365909790834,16.094593315643912,14.50195981202027,16.44391002612964,15.126603674114623,13.05154078174862,17.06767604890827,13.807843791455287,15.757446619403014,14.162781057911676,15.648809893832073,14.76888859027265,13.436882043150643,12.321564945087767
Var1,14.933113804662495,0.0,11.887170288575076,10.632597147346894,7.4308087210282725,12.097016254488429,12.006926945239355,9.916086670038942,8.198161515317711,13.375427441904739,17.0148418946471,13.377239948444899,13.361581325108958,12.678000948104964,13.442485009695986,10.94169645977071,14.982129313807562,11.107215683416515,15.925794676199844,10.808012857917014,13.191433209735589,15.713075016479399,12.78144898999624,14.212679966194536,17.458551195508793,16.42597197236422,15.321527610950127,13.234515419135974,11.728194159208154,14.321208813824793,16.205417913821595,14.238102205606701,15.037374875368474,14.61917728632714,15.653954405660052,12.509039379192073,14.934233272754323,15.438204195513425,13.55874797496239,12.405492484900366,13.380402672878043,15.144962358683223,14.871089225892831,15.41100530925607,13.752434552807015,15.102614220618607,12.97591423482308,14.028535069097668,13.851595027196952,14.139502302532593,14.657294321940459,10.169233366246925,10.294637634271458,9.137550583713487,9.25356271446547,11.265378410338927,9.10638317151769,8.805544548147003,14.116249011367852,16.717254574046716,13.582572077173172,13.968075521619435,14.250468674108317,14.327233506491213,13.727973393257892,13.33877332412638,11.4884102983758,15.005681065472203,15.457380141206809,11.311154130533998,12.049901498508127,15.369333268862261,14.507605547283099,13.456969057720867,16.195444173085097,18.014669214981765,12.845834913472055,14.27295295550291,16.25271831095415,12.398734034693863,15.799942923145034,14.758869519980326,13.409865566588076,15.29997683517838,14.425860626535506,14.512326362967267,16.35441139030582,16.06680759577421,11.571474506990075,15.632957993223595,12.395944547020338,14.973275992441407,14.600751933817326,16.29479990502443,14.74957559153641,13.674791971016898,14.917590533940807,14.197777741034383,11.56716967396001,13.572452884983488
Var2,16.64953465985678,11.887170288575076,0.0,12.970467990600786,11.64735764050331,8.947246971566802,11.292492803245537,9.685506977048405,12.136718838787072,14.112429491369433,18.982245575137263,13.567887874180512,10.416504139258612,11.918979123799744,11.845588148669412,11.155395807972733,11.792453802621852,8.26633829116292,15.433741023217836,11.126140168037125,13.115550822207618,11.85850920729805,9.010187915360074,12.362894375755724,14.336750016300286,13.67980205523751,11.388520422134668,13.986612729205984,11.755297410473318,9.674560108602615,12.490824306633067,12.798025298925328,15.679498834874412,12.429430482653071,12.257957724599654,15.234784840741293,14.35166867272464,13.142292045201586,11.136032856214596,11.031768642307497,14.1782752356346,14.084650698503212,12.22827341167408,17.749595963188536,14.201584049605009,13.475352785952031,13.002947546853829,11.077805197987038,14.073366719238692,15.869220003139485,10.916780862193106,5.992404778023558,10.168015703411687,12.05558717920908,8.918268972593513,5.6463455896046355,10.960513031233797,8.799958874704796,11.847532835526946,18.769434410699006,13.03774803845456,12.908545925003642,11.146968681954155,13.550154501390598,12.96900888717601,10.363995258037594,11.038962880173575,12.341246112893172,11.589765808375821,8.563960186873786,11.328903365527278,9.651727396222416,10.187344264859636,13.161758115976557,13.130268710971276,13.910811006516084,10.52984686943761,10.131708513039941,15.170354474772793,11.304091133011896,13.155424659581037,13.063878295857885,12.842008624225045,12.68117860818902,11.359994987018458,12.781752907799074,15.70057522216805,13.256187120849317,10.441110652773562,13.286378674325821,12.6817042812401,12.318472739947344,11.643759967939404,12.87893488475191,11.25483048665471,14.611353952852031,12.86875248697149,13.010417237433423,13.35449769128528,14.979023070766196
Var3,15.653717927361118,10.632597147346894,12.970467990600786,0.0,9.686931525234694,12.852520665533925,13.090103657627333,9.505324351126202,14.027272869066802,11.948223655916287,17.725189250001044,14.61378546451071,13.186348065108028,14.645190709018902,15.706743397587651,10.412338718939896,15.486970526152989,14.459584035893373,15.701912751677,14.519135480773208,16.277442202193193,15.391524987095943,13.348329631080224,17.049756969720974,15.817786180024932,17.518473883034314,15.60466410517788,12.943804531994825,13.420241492579356,13.616896127965656,17.069131987206852,12.1511889958555,10.665177227477201,15.02052219715848,14.211735152416033,14.500696068404197,13.800773630855161,12.873398403049181,13.129236812116984,14.771940379845878,14.597098660309928,14.4015869213854,14.752115298038406,16.318787693484403,13.825111615322317,15.384903976974858,13.920114367592088,15.621608626080805,15.078973147074976,14.600183751089633,16.892139895641108,12.819631196529324,12.697082232774001,5.115882231308776,12.900942738919559,12.811430937894936,8.24989894514588,9.907134122973808,15.65347711762303,16.10331659310469,15.01781888333438,13.29747912629355,14.07825909849022,15.14410280573089,15.301130174418597,14.873097663558768,14.362564214978397,14.527597933294567,15.5467028415226,15.340771433607268,15.987795248400383,14.977330217414435,15.665795662678857,15.1539002989113,17.402030336429906,15.698982396357323,13.866687196830577,14.181335010682247,18.483477703074218,13.652976493394046,17.870703771710684,16.28991552348204,15.212975013579458,13.57311738603856,15.288129487310709,14.155938907888268,15.178146062543755,15.371435885323116,14.960552889477766,16.682867821419,14.038417673567654,15.973791038670084,15.189011398542688,16.9159203665491,15.351523675647007,15.52411922258614,16.01895714779523,16.759999350646027,15.079341163259214,14.99587833258393
Var4,16.98011061516472,7.4308087210282725,11.64735764050331,9.686931525234694,0.0,11.674177265150805,11.571181740923816,9.771395679626156,9.857072326205907,13.692476174841785,18.659455025636,14.07438884711198,13.944490774624843,11.474508608975425,13.034131182763296,9.375962996784649,14.550270588299592,10.270473075656462,14.820545892289838,11.08241603344063,12.728157904935436,14.421583920550765,11.386667529102773,14.295284561424198,17.700024511580573,16.993306357954513,15.481101411962477,12.962000855438937,10.97007733586705,13.162115635306918,17.431153170712232,14.63988114392808,13.36432934002206,13.020341242525195,14.648336889309057,13.463775103454315,15.697490604787129,15.606881414254136,13.637033112348767,12.414164077582734,14.027637894782377,16.53760409902995,15.278100420702376,17.292041852662155,13.161606397890045,15.25749579755184,13.074066499342084,13.614694505919525,14.85453383300349,15.668899308483985,15.12030783920144,11.776330482532611,9.682767661849093,7.859819187139056,9.44639750576211,11.537280698814227,8.244691587612405,9.429965591040807,14.554822576300817,18.52634365522193,14.443152257624066,14.729045462090907,13.938719000290883,14.868895589494285,13.746004725823472,13.152447130360837,11.832402046808234,14.680392319744627,14.722633921842515,11.822201597914423,11.833735211076014,13.922292231006882,13.869446935683147,14.848456034075788,16.422514527547612,17.008924941578268,11.988037067696203,13.099468327228854,16.349300593052998,13.388782127779644,15.49264546956795,14.676203303825512,12.992278124616337,13.07073026073189,14.296744138829945,13.408651469825497,17.0368132855682,14.950464255039533,11.910222966918,15.940085955978846,12.870648141351491,16.093731292474295,14.197237068248345,17.765839520187406,15.885701408310057,15.56109136328495,15.206363659222285,15.463251080291366,12.527065774273638,15.521209845664481
Var5,15.593160110827464,12.097016254488429,8.947246971566802,12.852520665533925,11.674177265150805,0.0,12.336590929813468,6.98414283963159,9.738757061466886,16.45864492440626,19.21389582305638,15.87601992893719,13.795004130589533,15.075751084319904,15.194654522156528,14.7184384630428,14.770170828237285,10.180002671843056,17.805587515075647,13.071116518478958,15.720425477576562,15.021398199647075,11.994511881448618,15.432411855054859,15.404961525304662,14.808568725430623,14.709787383487724,13.87469897341234,10.491393317322867,12.715966551038155,14.542602643607436,14.998685890636432,16.911827655255415,15.538282232801476,15.494268585690916,14.187581887256613,14.43763413838242,15.968033244067621,14.915730995210298,12.589188610230103,17.259444779450856,14.256148231292485,15.684034131438345,17.670342327268383,15.54159733483449,16.673869656325078,15.348979871079472,13.700820961265093,13.067389805851429,16.075733034170813,13.352632802181944,8.735867438985931,12.020353684553381,10.950521808497825,6.089693870311922,6.351323513369381,9.991553903364776,7.0206811202795745,15.932556229413873,18.30337846462731,15.226018192118882,15.243367208400228,14.905429670994996,16.70327155025881,16.01831138189137,14.129142186554663,13.591873219482803,14.741490172642163,15.453219249705395,12.749072588018922,14.510169230401871,12.439723835511408,13.9702837651733,13.84113920237263,15.764928036599633,15.884465064189563,9.532122838060962,13.101468030698326,15.245953542276684,12.975229903382909,15.925356490668907,16.5407980514766,13.629613000442173,15.072800415369594,16.063124225855532,15.587443374008313,15.239261284322298,15.126376469765622,12.184346296351572,15.59219317810145,14.03621111069016,13.427021099597752,14.44022527768423,13.767125962450134,13.12787754491548,15.93081300111882,16.020800946714424,15.499149583469427,12.117270984443486,15.06189656468446
Var6,14.669891655043013,12.006926945239355,11.292492803245537,13.090103657627333,11.571181740923816,12.336590929813468,0.0,10.459107547628687,11.517363758985924,11.73089594697105,16.383186382926556,13.561394591090053,13.016703980206659,10.230361302225322,10.800852887870173,9.921444796674908,10.639778244397654,9.297092767876068,12.688195685213786,8.487410610882785,11.236431909067475,14.54739104430701,11.022620342022606,12.613645654327323,15.621713896387481,16.13126237272699,13.182122102145017,12.135878168576237,10.11203161476297,12.808260035501577,13.739028887311974,13.20546654430988,12.582844235518982,13.628397668215714,13.58699344670778,11.765124733455233,12.758580276916623,12.124596779020722,13.282491256939894,10.93213954695062,10.681723177946443,13.79679904113268,13.147323057581742,14.185631160912125,13.103355420933873,12.739018017109998,13.18216297915172,12.225116656657908,11.379172569992852,10.996940378682668,12.334614049557763,11.48301456097759,11.715096643738718,12.371299544012485,11.649939320395502,11.621926316340783,11.13271870781015,11.46591361034165,14.059483025722619,16.5075161201518,13.15237519391557,14.065443465768004,12.74238317780128,12.44873639194349,12.440727648216468,11.501443260589806,9.271293717744834,12.156807750285017,13.639167431296425,11.556656565147549,11.260123396164987,15.029981165690097,14.624208663983948,13.618322612743542,14.194921313496424,18.195063945042783,12.426722835870269,13.65396457974779,14.24901365538654,11.383196470590596,15.42954259964962,16.783839392074107,13.058969504104978,16.319196283382603,13.53518913775313,14.942025507644642,14.523420263254257,13.96223785526239,9.522078383814414,14.638280568152467,12.384091922072022,12.417433097413777,11.903369313708394,15.257664828812759,14.974529726574364,11.254541882996168,12.314069781396984,11.2988415355643,10.656976564474851,10.563085749844447
Var7,15.535719380926784,9.916086670038942,9.685506977048405,9.505324351126202,9.771395679626156,6.98414283963159,10.459107547628687,0.0,9.37527020201036,14.237608366257044,18.40740758455385,15.742658016563343,13.123654186161396,14.101376074383852,15.189813700931094,12.695600141936426,14.943367679044117,10.124765068808705,17.623200340066838,12.342346780680167,15.831555222229847,15.044545179365205,11.76097958872469,15.297221478145868,15.843751884797845,15.551210279976445,14.286158354817898,11.816595035602568,9.521217608802875,13.664908776509733,15.12704324220523,13.946113184181163,14.1413663156473,15.112882448897764,14.697334265647013,12.898809426751994,12.769972637242597,14.857105207042625,14.26462220317092,11.61259293888979,15.49857417710076,13.160004750591654,15.060233080353354,15.650183145005,13.77290693483917,16.248772569349146,14.09192078426666,13.200584312872701,13.269500892191779,14.593152052692414,13.328687666178157,8.402260987446438,10.003029733654516,7.223924122301053,7.631826450430132,7.586085988332143,5.627265708479974,4.782284402334326,15.11132851659823,17.453854646507338,15.625767619646677,14.671108549293285,14.368979498147933,16.443009985958913,15.953714498381022,14.50398762971367,11.866780821903925,14.46482993721543,15.973326756085589,12.783574066979849,14.824953760407384,13.23851727695829,15.02834856951642,12.839147220096967,17.050253142485083,16.526075578149715,9.865635545217785,13.584408697067685,16.192476514992983,11.118152298646107,16.993618655509547,16.626918044594458,12.53480782808605,14.939691322297017,15.40212389651789,15.498687966794845,14.192526895719235,14.41736205675751,11.608626752700056,15.567546323415396,12.045845170726684,13.158081854337391,13.61712116724041,14.34981213998414,13.16516667439338,14.082567551590074,15.65063296434625,14.895689260939747,11.959931071469198,13.795763280711991
Var8,14.669793107431076,8.198161515317711,12.136718838787072,14.027272869066802,9.857072326205907,9.738757061466886,11.517363758985924,9.37527020201036,0.0,16.74123677381634,18.195889114202803,15.707972884198798,15.099812479667797,13.850604749307559,14.14129014410821,13.78858996474883,15.33081433949694,9.738598553846812,16.82872608947466,10.55721905745828,14.044118264982318,16.038309420503975,13.708492639241998,15.498794734570401,17.95447735277379,16.753837354350676,15.456791768136934,13.53855088716912,10.24269661519617,15.359947799685782,15.45490047498335,15.531697760420643,17.020230622951747,15.32372649635841,16.299769663095788,9.676071861455366,13.974809560679448,16.646173977932648,15.538312218238724,13.330148681019942,14.421380878695981,15.002862206421687,16.03458416840421,15.22949804019484,15.097917908995273,15.913367262344163,13.646164417354823,13.980689666864032,11.450071073127656,13.006474444405155,13.288715895199061,10.492400900821597,12.261319124334094,11.707503708564957,8.25708559916629,9.750369087616278,10.371339558808655,8.33047103909144,15.944493028862881,18.405531422009602,15.157542664791999,16.009598591385267,15.641309142261338,16.388030740121803,15.252112206061776,14.539574026781532,12.094870859712744,15.91455509490917,17.10702400638885,12.70053583974971,13.313394431648558,15.781692426534926,15.784238344331989,14.772858536545067,17.21733646213717,18.788012536166256,12.094864007135383,15.7056929143203,14.943167950532473,13.071690150319277,17.25429592072869,17.293777665909566,13.709985571320765,17.434950700318584,16.476964143469292,16.728162648861314,15.940898177145735,16.14758811325284,10.28118762705445,16.974817808985,12.66855316609848,13.809874410079773,15.554797632664334,15.681916455970876,15.052710829069289,13.277447030688867,15.210604032610446,13.996056669267732,8.916459242954643,12.194207782378559
Var9,15.184458408901138,13.375427441904739,14.112429491369433,11.948223655916287,13.692476174841785,16.45864492440626,11.73089594697105,14.237608366257044,16.74123677381634,0.0,13.332588481014705,9.553271223938616,9.558577829698656,11.192948488792004,11.599200071820842,10.29831191529618,12.041740626140507,14.24350475771912,12.206228520494575,12.685231340691395,12.696114765839761,13.474712184778216,11.645113586327982,12.511304478093383,13.721291467448975,14.456395973270126,12.23564497282815,10.846046421403146,13.560008150119113,11.940625782662416,14.100617440466287,10.261465194577477,10.319378267393018,13.27838670719579,11.864614783744601,15.406657667681229,12.662937015282536,8.955215935715088,10.754334340687162,11.737347871121742,10.364971051108343,12.406836416510062,10.321014453234724,14.473747569995798,12.98037668503089,10.9670641871179,12.485095487125795,13.346617621419906,15.749503371366396,13.69400487869073,15.493654979926317,14.465236246419572,13.399002440173453,12.344596450761273,15.453351462031296,15.350898664708248,13.464724635104828,14.953366147013698,10.55998359543047,13.727855927524782,11.265127486928865,9.908698685393846,10.623936296324413,10.461467814276824,10.544288882655684,11.353833012390512,11.267773585296775,10.809313892010067,11.518623042054212,13.107680148819284,12.295864873195024,14.47567396099659,13.265113593220974,10.673595110469448,12.933416265032541,16.46510366542669,13.836769916985865,11.500291734451105,16.34731388180332,11.047700557743807,14.207161101566767,13.440463253906403,14.188054946507403,13.376437397666702,10.833434883878663,11.761988465547214,12.6839922185894,12.064520300243501,13.470800309315345,12.347917599264447,14.030548578183334,14.104640642030068,9.960156719071408,15.387065417131984,14.456394438139206,13.687586946990718,11.70406592151509,13.039627244581283,15.327287195510996,13.897992643851154
Var10,14.855668922115745,17.0148418946471,18.982245575137263,17.725189250001044,18.659455025636,19.21389582305638,16.383186382926556,18.40740758455385,18.195889114202803,13.332588481014705,0.0,12.184707450232711,14.72529504096461,16.03654617635316,15.709895915873425,17.281288048005734,16.322233693999735,18.56865998397993,15.36783572009206,16.022706040171943,15.1793935687076,17.994382217865077,18.40426611249066,15.321476200035749,17.643331397982795,15.434946720880745,16.726868082489087,15.696626361260638,17.33223539159369,17.76706111298233,15.593835064587989,16.039256322781274,16.18096716593987,17.60054826749474,17.617319016977316,16.43630895091044,15.915566381733521,15.19214347132413,17.416717950346122,16.60253006838107,14.544598465195982,15.109761663618329,14.60098834649407,12.742416365165615,15.49128387788493,15.717598515631881,17.04285412493086,17.821673832120076,16.93363433397262,14.543996252167673,18.495292140601034,18.135841509655684,17.809911802738963,17.923277879583257,19.10403234079039,19.196741454214635,17.813433448396783,18.512808357677667,15.258303216876753,9.022900797383368,13.58406106725821,13.812367629908145,15.41304632695167,14.808551113316058,14.89763317203732,16.23387657489271,15.779805398157519,15.145128612383619,16.688589121712024,17.45216854359214,16.20977339349133,19.244473965293203,18.33910611177809,15.402088095573225,15.269210867154415,18.821442830776366,18.081125884058473,17.70911645024714,17.35336866492595,16.567331523326857,16.541973137791295,17.029532718202734,16.31935425462212,18.649909332222393,16.503108718314486,18.221559372025634,15.220116690686982,17.279611328492276,17.208557634242382,15.562785092124097,17.684483825733725,17.826123710462127,15.951826944125576,16.512356973249947,16.91394696515151,14.276879389664385,16.372655570760397,14.386751804453834,16.195390068585862,14.707287000163289
Var11,16.26825545153375,13.377239948444899,13.567887874180512,14.61378546451071,14.07438884711198,15.87601992893719,13.561394591090053,15.742658016563343,15.707972884198798,9.553271223938616,12.184707450232711,0.0,9.4311841553092,11.663821855946566,10.051429253735755,11.90552222678667,11.446473141294048,14.322326493480128,11.772132805553039,12.608566507646628,10.694883220127474,12.410129123527431,12.154639926452814,10.567613037403346,14.812335367280436,12.485054275343993,12.159539504397182,13.067798968273792,12.805242319861273,10.934401125610416,13.97028076140217,12.41134776086132,15.880978409205676,13.829380382455668,13.451150765117989,15.77818279711221,14.474325338329045,12.350894622821622,13.198831218556128,12.032859992588191,12.881098406034333,13.51499442079937,10.574920562804632,16.941272632773693,15.683585332427166,11.842969269294105,14.01137590413867,14.559049921107585,15.765799591415474,14.647828931794423,16.029488313976348,13.913220375118065,14.699255521609997,14.482225373871328,14.51444005568883,14.793795906131063,15.3292173479648,14.959218424262579,10.964136349623974,13.459476034194001,7.612258450865735,9.737398472331758,10.85105901921842,11.482067614558112,10.486400002976353,10.41780710228241,12.941172830932214,11.900391271157595,11.409269674679445,12.725178232598653,11.193494558254283,14.16765611280978,11.980615174100747,11.986912840483416,10.36136503136817,15.491542610205592,13.088479725512256,10.925589133540079,17.32148650180678,13.62304266094038,12.137474318586266,14.55932525522422,16.018002145481027,13.833518649067,11.711598099935292,13.674606641703217,14.659700695238262,14.343501047098089,14.155272664724226,13.359415720202945,16.09692409390777,16.40139544779624,12.154141127708874,15.071668296809408,13.13930098204236,16.068644388073537,13.111843508274259,13.624821384608502,14.86489716067222,14.5793597025007
Var12,17.08094336678601,13.361581325108958,10.416504139258612,13.186348065108028,13.944490774624843,13.795004130589533,13.016703980206659,13.123654186161396,15.099812479667797,9.558577829698656,14.72529504096461,9.4311841553092,0.0,10.797287440423526,10.821761213436282,11.846968391133979,11.74891835823235,13.233469372644743,14.292794625297088,12.036445359069694,13.525339943527548,11.176722959815455,10.730117107844784,11.224224032293469,14.400935635153969,11.769216785403687,10.98689423924218,11.346774752123206,11.779654167819368,9.782403455956103,11.260606652891832,10.448128087524696,13.735033236894624,12.458003803827777,11.544003802522454,16.58217244466023,13.17946726790288,10.25562253024311,10.801708581384064,11.372182462364163,12.108457304264585,12.909337108194013,8.881190801218132,16.243965070165572,13.441382215330615,11.53657880191269,13.350050791446044,12.430539785490046,16.48656477532223,15.638050550007694,14.430048818544357,11.677796896738366,13.257878298288999,12.520068101245423,13.258979667100682,11.631646542228523,12.781694073297823,12.496413996892013,10.007834569711013,15.43763013956216,8.651341920258332,5.676191668218293,7.602474180935967,10.827697898725617,9.613644848716618,9.583912017067174,10.872959043438017,10.24261784275665,10.83364816969822,10.893942360617986,11.512570257339041,11.911815996446034,10.479725440421802,10.97977010644565,11.205993208236219,15.489593294622829,10.97351547406583,8.560932382035533,15.753364438296858,9.923713262186222,11.929727612223976,11.709365663145173,12.856163497886504,11.799193658489942,10.256611855100621,12.115655405522164,13.756473315299756,12.073690051451726,12.621525896399955,11.079625444453335,13.83601362933169,14.529354419387568,9.582636716448194,14.217689717382376,12.930295303838697,14.532732032643226,11.653417767589843,13.217696236013625,15.094081067682446,15.192977476477104
Var13,17.9757726550497,12.678000948104964,11.918979123799744,14.645190709018902,11.474508608975425,15.075751084319904,10.230361302225322,14.101376074383852,13.850604749307559,11.192948488792004,16.03654617635316,11.663821855946566,10.797287440423526,0.0,6.659401403728162,10.482145171593581,9.36994078477234,10.187633451468303,9.900379109068677,10.287908742741958,7.83739654409252,11.825400767797086,9.324341654261838,10.102868329950196,15.414255594548065,14.530193933607642,12.920128764122232,12.582547314976019,12.8284821461591,10.731416482964097,14.499190430819874,13.813607305394651,13.245441694275584,10.264721825560203,11.693269617626102,15.432688292572745,15.973363429193393,12.372262777197516,11.044878014239925,11.177524504551672,9.998205277216575,15.755154295985777,10.76777784461648,16.164079319967353,11.310706231349277,10.883618405622872,10.96038759401894,11.378446883996903,15.700399188940532,14.967707910420577,13.758110993093142,13.141320519750195,11.601208692070152,13.381157200415274,13.324003031241224,13.68547743958246,12.563517414374992,13.860468580210965,11.70304267002411,17.901900514537342,11.972158201298663,12.59886987060139,10.253409302070798,9.464318044227662,8.902133017919617,7.9899254088701595,9.473162989956597,11.070969475125736,10.314013786701345,7.9547978050408,6.752561364614734,13.50158961046068,11.155805802666507,13.352798875839701,11.435455564406862,17.144739598116708,12.602833711899862,10.48152001615074,13.605281800664363,12.567971207215704,11.848570386580787,12.145967833949864,12.03305531112639,13.263688627921882,10.815698622861477,12.02138964872486,17.266089657415442,13.859708740970635,11.464460303784197,13.24599170782436,13.368505187634247,14.624850505691198,10.980703312504636,17.05628721446889,15.560439823652255,13.592277329630786,11.283608774597099,12.754203884087943,14.222489400402567,15.227128065616581
Var14,16.94261167605885,13.442485009695986,11.845588148669412,15.706743397587651,13.034131182763296,15.194654522156528,10.800852887870173,15.189813700931094,14.14129014410821,11.599200071820842,15.709895915873425,10.051429253735755,10.821761213436282,6.659401403728162,0.0,10.71369806701577,9.43928586704329,11.079267400208433,8.898582787678718,9.781784932231542,6.325862729453076,11.69414481894695,9.267518082921235,10.935401797956963,15.14121985098152,14.197712525576534,11.65013439946068,13.780830338011924,12.656879500656204,9.111911287691099,12.269575701175548,12.779910706238123,14.576657045732265,11.335967867635516,12.032970367070938,14.85163508968627,15.949143390528153,11.883703355142469,11.157721935554067,11.470165378904962,10.744257221814067,15.1203918482001,10.484123483833436,17.415629139031186,14.358740908655964,9.701377095097103,11.906677959794997,11.771759142557151,14.353181169528868,14.24671056299604,13.490291334234493,12.97453864288052,13.563295956088426,15.26506474605755,13.656927453205228,13.547809483750838,14.677420870024628,14.454513764421815,11.243867652833192,17.204710442652438,10.165928951587105,12.036126382251183,9.073301585527409,8.145128742615762,7.251122062067804,5.14984763267207,10.756869012706812,10.096995726609938,9.225380906438891,8.397819470551866,6.058342326468628,13.358520916648226,9.094545466891388,13.565020835530806,9.165716533968546,16.754111428685626,12.417842695362781,9.686809808542078,13.396524273105946,13.116091115874752,11.44939791607914,13.128030622112501,14.492600630081204,14.41760747824406,10.109182699238211,11.900955665190777,16.681166707081953,13.979198802195972,11.545703516949098,13.768268306805677,14.830364960507458,14.616570901909048,11.032423126226963,15.48947373535663,14.280687489317376,14.680277603150412,10.328909834118258,11.957966159738355,13.43780464647078,14.120874617557451
Var15,14.806471296644952,10.94169645977071,11.155395807972733,10.412338718939896,9.375962996784649,14.7184384630428,9.921444796674908,12.695600141936426,13.78858996474883,10.29831191529618,17.281288048005734,11.90552222678667,11.846968391133979,10.482145171593581,10.71369806701577,0.0,10.441084346540405,10.818196236504422,11.046021068725443,10.657735293502537,11.22775547780168,11.442223726651486,10.215113211852064,13.53983061239169,15.507293657913964,16.209075391210565,12.203429263157785,12.797900934919479,12.483609935917002,11.3885597552018,14.901855054160654,10.438284353819983,10.43553829903635,10.272576564359646,10.13284538084654,14.335314912836523,13.67331699500287,10.466953799032176,9.531533598106101,12.453030426176753,10.6146710908614,14.485402978406688,10.982998656514955,16.727866196663033,13.935017231232681,11.635848417332134,11.548443654250475,11.649398802984813,14.480526577596079,14.081495895307523,13.341328239868538,11.897778932935452,11.127903733541553,11.496370590341504,12.91583408578831,12.899099754829598,11.508381084705485,12.135412044810382,13.16241670466454,16.789184171945124,12.373755824055122,12.481585722915973,10.23677065749892,11.022600051725954,10.76219348084117,10.892324262526586,10.845759410335752,11.320106168416421,11.175089339951278,11.15090694291062,10.780678744236134,12.600026391368498,12.169896706701667,14.555912605117625,13.564846470071242,15.959026492380044,13.130228834559736,12.160085647090675,16.78587385894041,12.043162225203236,13.826803396810575,13.653403599212824,15.068334349855457,12.601417334890991,11.152616623343043,11.263325953524108,15.152737912754528,12.700262061239432,11.80386494676341,14.367848559266081,13.479751638625814,14.359399920064325,12.394684361763453,16.243153286703333,15.055068437174548,14.537164933196319,12.160697648547849,13.657286301172558,13.50541334719857,14.278634058359392
Var16,15.301874506708954,14.982129313807562,11.792453802621852,15.486970526152989,14.550270588299592,14.770170828237285,10.639778244397654,14.943367679044117,15.33081433949694,12.041740626140507,16.322233693999735,11.446473141294048,11.74891835823235,9.36994078477234,9.43928586704329,10.441084346540405,0.0,10.756284100296128,8.168078780021405,12.156910923959261,9.270235076146161,9.54625830093629,9.255034702327064,11.375342541766972,13.160272664866563,13.49791241818329,10.85226377951106,13.854267826557967,13.929849369881888,10.63002209886787,12.614243396815533,11.620722883837526,14.48506089039741,10.469820991718903,9.57307518233884,15.707348503488792,14.729863717515807,10.332654180773444,11.835653939386825,13.272377187306844,11.999801754445983,12.963100217898766,8.52551729305302,16.540509138215107,14.80298144596783,10.224709136717358,12.258994611285148,11.618422332657298,14.706731963513105,14.133358178016909,13.099155970624615,13.492131080353262,14.106320537364876,15.50115984238539,14.129979011028293,14.05572106277746,15.02529313652651,14.842358747760722,13.753404730867114,16.844805958214852,12.715837391918896,13.25094326201818,10.995947907769114,10.25284231329353,10.494520954880267,9.916635478400107,12.74182010655132,9.800667526477751,9.737316536577543,10.305246639368006,10.082708114091947,12.822005390481802,11.527950855442096,14.767435730229204,10.04968438637267,15.66955963250423,13.34083042607266,12.057590645504218,14.856541649119455,12.39649957630254,12.598995748004878,15.250166762525767,15.399528204018118,14.67320381121979,11.88901498038751,13.313726463779846,16.119564974728604,13.335344013578942,13.033503873112416,14.678785876584726,15.88497255753325,13.73073738352431,12.688646052498319,14.133449692459184,13.922310924123202,14.625230823780514,11.465425044306954,13.268561350813432,15.050423800614508,14.798712272256447
Var17,15.341113101927254,11.107215683416515,8.26633829116292,14.459584035893373,10.270473075656462,10.180002671843056,9.297092767876068,10.124765068808705,9.738598553846812,14.24350475771912,18.56865998397993,14.322326493480128,13.233469372644743,10.187633451468303,11.079267400208433,10.818196236504422,10.756284100296128,0.0,13.642812461612564,9.492830696656474,10.60584594843041,11.495096239805981,8.014140198050084,11.491536516645848,15.327713064733413,13.925401309423174,11.281301547203144,12.606276870188463,10.02912515193665,11.114976778608995,13.619998365171252,13.584108223198369,15.62082027587231,10.713892679574895,11.531988407249967,13.013363998840088,14.016591297858122,14.008104774149357,12.37403665467304,10.197328788559824,13.279164726029567,13.650310659576682,12.929007365251389,17.034576479608155,14.142637352280358,13.113409663094087,11.650150141292862,10.345310065130153,13.06150946526666,14.827543651118091,10.040675233858579,9.240637178200927,9.897707037977714,12.698444937750784,8.487682055365584,9.152720936688311,11.161782516771048,10.198055796719519,13.629666695197916,19.238311887511255,14.740078756625627,15.461895359322694,12.730948382440848,13.843454712555905,12.752696114342957,10.97801106500028,10.218051011464485,12.94319137712571,12.32549651883811,7.567185480767156,9.452749903691192,10.951470180319033,11.340541027559121,13.791232061625754,13.990080223323051,15.715428914180883,10.177792681188263,11.653468381265085,14.364050033036012,10.861500579266224,13.655478434894224,14.680165122096216,13.071315653407774,14.361349432506685,11.914489576357667,13.270545543633526,15.662533704461866,12.887906622010165,8.295085738897088,14.118301871395017,12.407866719567904,11.792106633898113,11.818212602160553,13.503279173420372,12.66748097366447,14.164845459209303,12.371212486132599,12.65539610436318,10.909423395462028,14.08746694807214
Var18,15.820581153938864,15.925794676199844,15.433741023217836,15.701912751677,14.820545892289838,17.805587515075647,12.688195685213786,17.623200340066838,16.82872608947466,12.206228520494575,15.36783572009206,11.772132805553039,14.292794625297088,9.900379109068677,8.898582787678718,11.046021068725443,8.168078780021405,13.642812461612564,0.0,13.510511730295145,8.172009162054088,11.773545704555668,12.04989399889044,14.207713720040449,14.93508634779374,16.661204939315052,13.93303052388642,15.828330582467093,16.268695240101835,12.027797941996843,14.335476541791923,12.278652536525419,13.104356431758246,11.40143815059295,11.62577467767226,15.198260686760682,16.267230835277402,11.1101618360729,12.693924272412476,15.731674341907478,11.442672994069602,15.40179676981508,11.015159405287042,16.89025126981093,14.833898587025786,10.3808786601458,12.302412046982251,14.516449157110257,15.079910330131847,13.521185970547641,16.114425806367624,16.832610484591367,16.69637564857855,16.550443449992812,17.05108190223357,17.244446076533283,16.742079172823804,17.30124809009591,14.585127188241527,16.84589930193411,13.214583491419063,13.915865868703223,11.717505316198755,9.094993476001662,9.61063850954402,10.796972936922222,14.732939848329554,10.606526423341478,10.017288393188233,12.770146713790156,10.862395789660061,14.894359088077167,12.456931756616486,17.036059933780635,10.909535526440429,16.43664969097042,16.274854053873444,13.780254999852156,15.12700306626186,15.387074124418323,13.640472333979229,15.632674905833628,16.611768395798926,15.298904738315517,13.279286606826727,12.678068750827032,17.25564216152199,15.272239931712246,14.951803209091473,16.27458660225352,17.524080912659127,16.657659435874493,14.53854035135711,16.927094403565235,17.06939094481035,15.627297083988376,12.316885309022275,14.313003629432936,15.809217968518693,14.99187440442556
Var19,15.43502543682956,10.808012857917014,11.126140168037125,14.519135480773208,11.08241603344063,13.071116518478958,8.487410610882785,12.342346780680167,10.55721905745828,12.685231340691395,16.022706040171943,12.608566507646628,12.036445359069694,10.287908742741958,9.781784932231542,10.657735293502537,12.156910923959261,9.492830696656474,13.510511730295145,0.0,10.936956558185585,14.587568432359527,11.251204844756826,12.976056573384996,16.588473047173085,16.651384170045528,12.078209955317917,13.162278832702244,10.647087101575522,12.167244316584924,13.041126169802315,13.609320816096712,14.940426310688279,13.142009729208894,13.37063295435206,10.552945027523739,13.703014140216428,12.775855951028943,13.142662380821985,11.976300115700099,10.06087575880118,14.829544279576686,12.170773477402527,15.445615232951523,13.825504480201184,11.47903531320912,11.961224564901096,9.997025927981003,10.357688880961014,11.105954371324572,12.784908921987883,11.54792548859559,12.233155975712883,13.543729875961494,11.711211831461846,11.281694330026705,12.09170807878947,11.459752830261948,13.301398797319873,17.988080025143258,12.499267948200883,13.293111851805982,11.774660020266142,11.326491298255968,10.822770531215388,10.0962286932332,7.705485220146714,13.154897183262037,13.682647781157256,10.189932168025077,9.147680466856487,15.211009270730965,12.904531610964685,13.365201016804598,14.682414986382504,19.46175576269758,12.570708255982408,13.512255849657157,13.378107232016895,11.500939711682367,15.364124341816837,14.738804986041321,12.902530693510474,16.833278424596823,12.523656334090605,14.73137216941318,14.752956687568387,14.56748411812737,6.1795211423569,14.499523359062787,12.50156644764775,13.262720385984867,11.66059180787391,14.218675286556577,14.19884084498687,11.637839703438376,10.827165595899272,8.736042672609061,7.907975518559176,9.867972819343498
Var20,16.38079233718286,13.191433209735589,13.115550822207618,16.277442202193193,12.728157904935436,15.720425477576562,11.236431909067475,15.831555222229847,14.044118264982318,12.696114765839761,15.1793935687076,10.694883220127474,13.525339943527548,7.83739654409252,6.325862729453076,11.22775547780168,9.270235076146161,10.60584594843041,8.172009162054088,10.936956558185585,0.0,13.189916698279793,10.418703574804068,10.461254314292686,15.187715881893814,14.634730379362754,12.702986885416452,14.788076684084553,13.786134206182894,11.618142554955321,13.949438208328354,14.029971197619707,15.849986263631859,12.16025550757812,13.205967759995005,14.674146960057914,16.693279586601633,13.69227890460106,13.425064783313175,12.635880796986264,12.221749492684422,15.683116353236475,12.345936057875667,17.21409759205551,14.781685640059985,11.669159242004394,13.135370817422192,13.36307283995575,14.216649906174316,14.503603751034781,13.78354734283575,14.131999730179839,13.25618667362782,15.882789004986355,14.163512613441712,14.897817336753107,15.383116657395517,15.195415387663633,12.238675732784236,16.934814284298458,11.809559446633132,14.388555668811602,11.981777843595797,10.387334636464171,9.275465188840897,8.393410910701075,12.398977993072632,11.245736829400377,10.278215248875483,8.83526432568243,5.87193317188907,14.606768285857887,11.921556872659586,15.2031083396397,10.270496013415404,16.524364779003665,13.79886868644241,12.32100589112871,13.72003448560135,14.102588155828222,12.330136718507129,14.70222483553093,15.129635722174365,15.35902061125055,12.069756500468433,13.830513557465881,17.72170551627586,15.486994406725554,12.578537420381393,15.792490472778422,15.534937087125625,15.381389106693154,13.152958795773953,16.487089520244893,15.101715857343471,14.895449517470121,12.895965587511634,13.027254435026363,14.140350269534396,14.919815483851293
