,Var0,Var1,Var2,Var3,Var4,Var5,Var6,Var7,Var8,Var9,Var10,Var11,Var12,Var13,Var14,Var15,Var16,Var17,Var18,Var19,Var20,Var21,Var22,Var23,Var24,Var25,Var26,Var27,Var28,Var29,Var30,Var31,Var32,Var33,Var34,Var35,Var36,Var37,Var38,Var39,Var40,Var41,Var42,Var43,Var44,Var45,Var46,Var47,Var48,Var49,Var50,Var51,Var52,Var53,Var54,Var55,Var56,Var57,Var58,Var59,Var60,Var61,Var62,Var63,Var64,Var65,Var66,Var67,Var68,Var69,Var70,Var71,Var72,Var73,Var74,Var75,Var76,Var77,Var78,Var79,Var80,Var81,Var82,Var83,Var84,Var85,Var86,Var87,Var88,Var89,Var90,Var91,Var92,Var93,Var94,Var95,Var96,Var97,Var98,Var99
Var0,0.0,16.49531070584711,15.542520443651949,16.69613207702897,16.017961789141445,15.865718287140927,13.778006725726122,16.02199223706212,17.998070533558746,15.621912921844125,17.152181548653783,18.240106050903115,17.195704274087618,19.146194958258825,19.249539885872142,14.112622603711442,17.432982867314298,15.153834899254905,17.13330290401011,16.951023653043276,18.733686061577174,14.953534591811243,16.303393862895064,18.212894846006368,13.139382946221469,18.01432297953512,18.369310397751825,15.824728357478403,19.210716668327976,17.044262492850585,17.67382899061638,11.706245247584777,12.090304566459377,14.018951641034043,12.820464929633644,14.784602836957928,16.248403198053758,11.821027602978589,12.273554833715087,13.180805668950155,12.912274801891671,12.238084004710172,13.44587864945132,18.99313888591324,14.86501871191954,17.07967079237264,15.483515938624173,14.83035276035713,15.415301730420255,15.288974136948157,14.765352429735561,16.10043578957464,16.625696641659378,18.407387827717884,17.133173388982552,14.19011745355639,14.989115996156366,18.416571499051365,16.209659276487134,15.858154796736873,16.695794822773426,15.410120984112828,16.96624396225424,17.62989980568212,18.691374905274614,18.14774499130177,17.406244936514987,17.283633555085554,18.638636965386997,17.90541081257452,17.058608768301905,14.579759834737382,18.053694718690362,19.94626323034326,15.930482837290821,16.936733015400534,18.251310691934243,15.404936203455,16.629051888056935,15.104362138015265,15.984294970615055,16.592471963931104,15.049207538053572,15.807443828746315,14.424994506110224,14.189533176592509,15.015931102200076,17.848714074687788,16.28451867147493,17.978980206748993,18.43605302201239,17.455765978524248,18.393120895356798,15.954587850084023,14.440171373790166,17.65684343499978,15.515677114884426,16.917843526903596,14.966448988798346,16.782780269654076
Var1,16.49531070584711,0.0,8.628080203117383,11.598602581371841,7.628481164155521,7.1894646972839205,11.144117751128706,12.734661902529133,9.543569644555193,13.98345108847979,14.819400152516856,10.868397110626583,12.649080651183162,13.647508521222965,13.412039373180004,9.226825753090885,12.300338703632141,12.991603464489721,13.91856306544631,10.791433632096117,14.641586649768088,12.71499383007444,11.723562966118584,10.175913484358274,15.11218589533504,16.22955037714203,11.218206618698137,15.127794252697234,11.347351735272595,10.403068293033495,13.193804491980565,17.687263796300982,17.499359889307506,15.323977007438275,14.743606460623683,14.456791630969784,11.530935867864024,15.93299458229761,15.762068882862673,10.664137399491793,13.600541701798988,17.382868572452562,13.232994436332708,15.500830393530904,14.110971448485992,13.635457683824079,10.950976047318685,15.116511602831086,13.096155902781177,14.951479655499565,13.505132675638427,13.85068762057061,9.391914554180229,9.601523412843987,9.300336644515133,11.804371191358294,10.70624951393307,10.619563281505611,12.607849886257947,11.77508505839368,12.325451418804425,12.489857124642363,11.397979723580175,14.791563122475289,11.366982902744207,13.913896977345317,13.32430503206504,11.616939870249539,11.874300127873834,12.092199655716826,11.368633659308975,12.681912917504137,11.099791002402245,13.551635921477267,14.019337742411748,14.863369315776454,10.106853573229543,12.75739462673787,13.683130041955213,14.870484933623441,14.943418165863052,12.292456088721325,15.593761399386308,13.7865534060702,16.538541910198067,11.658093137165473,14.026412914326414,16.055532239721362,11.328848752328142,12.972016005820539,8.876283400805361,9.827976116201341,9.760753355497437,15.203160002175961,16.140040557252707,14.079300502570256,15.312469602660075,12.596054943370548,11.864105617846812,12.352866280454068
Var2,15.542520443651949,8.628080203117383,0.0,14.40884072515008,10.486291802590847,9.105605950687696,11.442169086568997,14.247368532868709,12.470727836243938,14.913387772648568,16.52330472420642,13.636860315311429,14.688654497486374,13.141742829815957,12.383322495303325,11.492679684426205,13.113512148070182,12.846495945177034,12.301717267634915,11.126706940131763,12.47255618403847,13.819202246329947,11.691146466550494,13.245774279937255,14.07506746316141,15.846390708296253,13.805324249174259,13.845917536471669,11.143199341886465,12.047127490354965,14.147585442500334,18.249728497698598,17.28875518744897,15.449175805413716,15.82464572868896,15.082685887585892,11.66858778609494,16.92057034494391,15.888183202500795,12.28840089200041,15.933728879644166,15.516089287877335,15.42890542738307,14.690010877355329,15.42083881427036,14.850994188474882,13.228917056428099,15.57298433203195,14.505869110622392,16.15507217214086,13.460904909973541,11.6323138348814,12.427648573603392,12.83272810789271,10.09281697379882,12.116871456655295,12.374886806605216,13.298421185611211,14.40143628296217,14.83472770603561,12.201642583304249,13.734544651880945,12.313889281085254,14.559530080425763,11.95276993940279,12.592659935200173,15.980393032954492,12.932731922589278,12.0201282008574,11.72290525665982,12.406653793311905,14.062831019608058,13.050677764183115,14.115544374484614,14.72842532784777,15.791430767266798,11.122800943798731,13.468001257808506,14.181464991468806,15.018167152396527,14.717865853323277,13.62745095438298,16.80340892813512,15.916900065692715,17.26044269730435,14.762320732393881,14.767295172665754,15.298566386094755,11.777610717378323,13.182779084654745,12.170009096690343,13.093371018589648,13.231515564085802,15.495251421043847,16.762278977921046,15.353970217652787,16.638938496156914,14.553584503758438,12.92268566725578,14.998519709759005
Var3,16.69613207702897,11.598602581371841,14.40884072515008,0.0,7.852522883506254,12.94037998517877,9.825944950440425,5.2821087581281585,8.625880953626863,15.034653989993696,17.054099956751063,15.727753797986692,18.016679157786744,18.196314779950892,17.921179807830633,10.143193016978772,15.081248750963086,15.39636434762834,16.56030999260763,15.225718691899846,18.082004082574993,16.09635144380424,17.514794905740857,14.491342997527443,15.687639388070101,17.952583414969492,13.803972281048694,18.025973376693564,14.254882296022844,15.567251860238976,10.61398643379587,18.04324359952367,14.499430110301825,17.80312105557482,16.245390131599045,17.886942600680257,15.930348115900205,15.560503519314462,17.87148975261779,13.151144578708696,14.500884620622488,17.17299579364853,12.645364845120957,15.065436196583056,13.852020421931652,15.3529914532963,16.711024651285516,17.826877345415973,16.94583799260099,18.457151909391765,15.129485111168268,13.820687775210079,15.53684180201215,7.899205473831428,12.454597574593539,14.008298732764954,11.909237232072067,7.265870451867918,16.93584496298882,14.612149838478224,13.583592283322538,12.932431548420924,12.963679056110148,17.41059088604217,15.913235897058794,15.831426860742257,16.892215166759698,14.574724211456658,16.2313238236256,16.167020075607383,16.291447002150832,16.412690561172873,12.329408888465903,16.10464833095692,17.27003248051917,14.721427826367806,15.231933107911814,15.829204876690646,12.046220110514009,16.359680936685645,18.269291277648858,17.134651568304886,16.840006589265286,13.989403191523664,15.569153550152228,12.53755066790124,17.2528894576764,17.45991149102915,15.24680920530848,16.89505602024651,14.14287882355807,14.888878909761857,15.348467389431729,15.139994262309614,17.137390854598852,13.590778282399466,15.94897045193855,14.282724142751999,15.88067506106242,16.02485847812548
Var4,16.017961789141445,7.628481164155521,10.486291802590847,7.852522883506254,0.0,9.014221275433547,8.95050740572629,8.12425183185786,7.898676190261435,14.318404733696314,16.593702700946643,14.125834699726033,16.493852200358265,16.271731196971245,15.693818606781871,8.886298694201914,12.918405942397237,13.849212229265675,14.656490765324813,11.987600833489967,15.771551055410177,14.360936415703788,14.689173733714735,12.373431261302192,14.469280901582993,17.286893013899466,12.090279076878108,16.13997907771626,12.084452908598854,13.355273942449054,12.30019464836702,17.540185017195284,15.103133212329325,16.932295098798967,15.55193237374319,16.556947487916656,13.33533669416886,15.330560919537811,17.12520029230221,11.087983545866575,14.258829352260404,16.614299122148324,13.018671049492934,15.69677626610554,14.327125519693777,14.176332552887176,14.308185912605154,15.854610023573107,16.621778852018444,17.31823915315561,13.493639791530075,11.750121744573919,12.252579338116282,7.946863321425156,8.12304096225184,11.349446678289482,10.018787702435684,8.0708997850922,16.034636185372623,13.997531406898165,12.630583662302957,11.695798185718363,11.110902642402847,15.873276558940638,14.086357836372297,14.3343644831193,15.487454928878861,12.952553769797861,14.358334761018874,13.651199762448465,14.280592870920367,13.988947303780403,10.800484576114611,14.85578835834972,15.809938554997908,15.118754506450012,12.211744564735609,13.851308689180406,14.15024094857298,15.507171512324128,16.573898083217966,14.552011094664223,16.328069962374794,12.810556529938394,14.919118024518403,12.10718581223487,15.612804798269071,16.705564384978555,12.638547881219818,14.43623799225952,11.663627830602135,12.724928746189002,13.506671047593521,15.35218316103093,16.899803123235934,14.284179680783348,15.115569531968093,14.059873740858563,13.364035017135972,14.07199334308173
Var5,15.865718287140927,7.1894646972839205,9.105605950687696,12.94037998517877,9.014221275433547,0.0,11.115128250613836,13.114350933375958,8.666512801430299,13.684582527253045,14.613879700724008,11.811672300439106,13.481874091783375,13.96614681727818,13.742401034096229,10.004974703472223,12.873777373506588,12.06086926737803,13.620352617027326,10.210061545047969,14.068227844506843,12.021434378840445,11.436737936346171,10.709518801976198,15.100587301764538,15.605911790882702,13.56481804411197,15.047606171652067,11.549192241855383,11.146284406156285,14.027144109690713,15.731005851433624,16.66676010388407,14.990423878982345,14.147490597725339,13.5341166880573,11.170294065535899,15.092698608730418,15.084046876995233,10.86041067471792,14.35178463571184,15.785778034944835,12.549608870144734,14.686904173302535,13.27888284467706,15.047976615284844,10.887395310526452,14.846856508558169,12.65357082695893,14.772733407705129,13.024618673569886,13.290728542980121,10.921104604688825,11.725192730648997,6.200417185252821,9.965231549305404,9.990892689369973,11.027236214687662,12.643978386424276,13.027610800506832,13.193340879395342,12.222082558724425,12.526224458016129,15.70889284780139,13.69227822767999,13.457808616487522,13.47684750785247,13.33961949909409,13.461135922174954,11.420544757166974,11.142567560772012,13.099891406005144,12.294240153261281,13.221813002851562,14.575685244481765,15.447232371752339,11.135044016312463,12.829144225230227,13.95899070891832,14.146853776228268,15.341232980255075,11.874081001127195,14.615184819185963,14.539753958197618,16.911302376899968,13.091635472499696,14.95280404658838,17.14500346312807,10.50821058534035,12.754912300931432,10.457917186517179,10.813309126894675,10.953177909864825,14.526755068951353,16.368418948538707,14.375593122563737,16.145166659938045,14.61932250223416,12.885284362669319,12.90078992729579
Var6,13.778006725726122,11.144117751128706,11.442169086568997,9.825944950440425,8.95050740572629,11.115128250613836,0.0,9.05971024386193,11.147264789139918,13.721470652451657,16.703007426863355,14.936362438995305,16.561058169071355,16.475097674574375,15.742834750506843,5.610644066339408,12.009660580168887,9.232729463824693,11.659033794307033,11.561617461525472,14.761354556218267,11.547214568281653,13.72405001599156,13.740079220740547,14.250834639904639,16.201462653834376,12.692044658891007,15.206154401454734,12.603255096757422,13.615242938054887,14.266356173553218,16.660161375378603,13.059703758684421,13.586288408605643,12.468902371581596,14.388134461854818,12.883546473811647,14.426805354567419,15.69567346365698,10.178644602293678,13.88079100622618,15.484364154914378,12.830772478205883,16.2576872774636,12.739432799398804,17.11543960038441,15.375343465608067,17.252785406379463,16.35408076394291,18.0011392548645,15.333858241389915,11.622125467476053,14.754984591269167,11.64853751274649,10.895992285246287,11.486186797834774,9.189570138017926,11.20796163418606,14.484281058614103,14.088454137523279,10.49104634271145,10.096266446775937,10.450341638898204,15.485647401044043,14.72416263390847,14.832229521063343,17.33017691431942,13.357301445135535,14.444090003024714,11.593652000577594,14.204665551956715,15.146145439961249,12.479777488709736,14.684909764914288,14.500934449256107,13.88885918207093,13.02302919215145,13.710775766214574,15.007574210131033,17.099182805016596,14.219977561229408,12.58798899916763,15.366212162611076,11.126251726936555,15.345698576625967,12.22286449172419,16.655962533671406,17.754487769515855,10.25594163208525,12.596893462597142,15.179394419171633,14.14798875702001,14.534936045608516,13.468142494086694,13.561542394764748,16.18491782390051,17.10850586401584,16.73515396478958,14.183365677438314,16.608120688318966
Var7,16.02199223706212,12.734661902529133,14.247368532868709,5.2821087581281585,8.12425183185786,13.114350933375958,9.05971024386193,0.0,9.236904685836478,15.31907196683062,18.17299093952843,17.33436139037475,18.635640823703774,19.23175350956763,18.891881203362715,10.006448055920346,15.798587159059343,15.023392601332738,16.38898362400907,15.878392141353972,18.390607730782957,15.582345383868335,18.21704242902551,15.18248397053878,15.918115094493047,17.976114759795408,15.193482432114385,17.946957690004517,15.346858634347635,17.18818239717634,12.70612739686517,17.029074038108707,13.651284129451483,17.32914209170363,15.775620673849145,17.685254050591393,16.381308521863847,14.294656294647519,17.124842772524946,12.527123419299647,14.5911032242062,16.733923599037954,12.236778833831549,15.804453325489822,14.157971761014633,16.327514128239358,17.25467057518573,18.261261260405153,17.883344356602116,18.696581374421154,15.654335930654653,12.923767060678404,16.29141652231478,9.169831828640632,12.34566225223508,13.983576980050092,12.221839520122366,7.829465753071956,17.228798674611486,15.052616817636551,13.078489644372956,11.838097056467383,13.669178708399015,17.621395924516097,16.779809925315856,16.64934083611823,17.29909468043401,14.473474200916232,16.779784720192136,16.30209511628814,17.251460150226652,16.081138025458372,14.408894654653814,16.92208421811045,16.75057416859334,15.51842029505131,16.142667473715285,16.183264795752123,13.768565404794858,16.714455751395032,17.872914986557895,16.55187102650947,16.285149917716627,13.060231605247495,13.929603968362281,13.091268832329886,17.279891564339632,17.482511115438797,15.49737487228609,16.602682596160676,15.694964750300121,15.903654287856343,16.930009988439068,14.895381592401495,16.050665992680866,14.471956789243933,16.03328696746776,15.436452613376336,16.496522440769226,16.640365642374263
Var8,17.998070533558746,9.543569644555193,12.470727836243938,8.625880953626863,7.898676190261435,8.666512801430299,11.147264789139918,9.236904685836478,0.0,13.179496611636262,15.369847158490648,12.97478755208224,15.742001411550596,16.081151330489067,15.646035852711107,10.124412526235659,13.214402441459926,14.124395492313047,15.120570451069103,12.281640301278404,15.520378501071951,14.8900654448751,15.861848175141915,10.938682750293452,15.573868295980647,15.895113806923497,13.65378050129783,17.396509061020975,11.678152476760005,14.373416836388097,12.98398333551733,17.41458731091908,16.441546816972842,16.950684028947403,17.018146180688554,15.494505449671394,13.001579294105905,15.782057518633525,17.367334415150573,12.499013780869674,15.306780745191835,17.734656586429164,14.276094695781916,15.077407410921172,14.807471038156589,15.925189508577098,15.431436730363835,17.741735686277234,16.048732544623366,17.029496127447377,12.56342526474536,12.233187545780472,13.347471507553719,9.29562085273907,8.016836799693982,11.1697718960106,11.42812235223561,6.055357918312068,14.975097163836189,13.765365996631013,14.231442388071187,12.474136808838628,12.466526493518206,16.30760514001738,14.478222230831078,14.220333188094534,14.763410250277838,13.305381747508012,14.469275930073392,13.41318243844711,13.823444532176707,16.540284010315556,11.7367244947695,12.903848208936772,15.941737615060438,14.599881539262459,12.411051579945877,15.318736931316831,13.937214315137556,14.862955550003395,17.14458671073583,14.490176593667954,16.489604521813842,13.964721676730235,17.00932835336155,13.93378281755704,16.44274791468136,18.034165346312253,12.257327139297704,13.885443548177367,11.432544385334639,12.193459603732192,12.355942628666833,14.7828662970006,17.86329162453357,15.12058163541101,16.996959098308,15.537490555925705,13.699529928167198,12.888685649184438
Var9,15.621912921844125,13.98345108847979,14.913387772648568,15.034653989993696,14.318404733696314,13.684582527253045,13.721470652451657,15.31907196683062,13.179496611636262,0.0,12.583979295406646,12.070921245209936,15.514734567030402,17.05795280071182,16.14067938903471,12.678681251792174,13.171704301524095,13.932186843901247,14.745893018502379,13.451107279447283,15.31834101988393,13.49495068055221,15.782942627835531,9.952468440123246,11.939716223259419,13.130861532313732,16.407255516107625,15.468866011250542,13.454403978275373,15.465593896435928,17.64123010090989,15.603292747220179,13.709914138550873,13.60571045399191,14.09065300404059,14.235468973860419,11.436148311842253,12.143344974897737,13.098121999367768,9.92898080017187,15.18814546896205,13.934413869639716,14.16000519867869,17.061799400687548,15.06291249367411,19.195760444056003,16.789344814892807,18.51496864687786,17.252909825996248,16.289551844588633,12.851862697327826,12.420760962960411,14.931644605032412,16.966352839716563,13.05334628093122,13.918289049029315,15.453165305479338,15.657417206881075,12.458468625447201,12.152649752132897,14.816287424697821,12.930743419234153,12.135997893099727,14.762554029105441,15.574193564991006,15.072072292299854,15.706957354916758,15.259184869378105,14.899736594560993,13.174278771949433,13.64223442909923,16.753213246578603,14.55694196974529,13.39533572700151,14.117919498183419,12.856492071083784,12.877180627533134,14.75619113017582,17.51172388361998,15.170407705963509,14.981445101538277,12.740256242954223,15.245367494733328,14.73130070857394,18.022252094672098,14.70003376012331,16.45139423642209,19.52865704037234,13.267262433950865,12.262369877432569,13.788993483300859,12.763552874572635,12.33840198694968,12.47335326126114,14.834679950657389,18.750220994800763,18.67006453044819,17.256334423444763,15.613081959339443,14.21060931319208
Var10,17.152181548653783,14.819400152516856,16.52330472420642,17.054099956751063,16.593702700946643,14.613879700724008,16.703007426863355,18.17299093952843,15.369847158490648,12.583979295406646,0.0,10.51202261805027,12.960302664665758,13.354507663813605,13.395836586993711,15.955306133756263,14.633240986547943,15.831246710641734,15.096571333396126,14.29642168097072,14.855244041428733,14.295459514298736,15.294015061242426,11.966025935702147,14.922659306848741,13.309653396012594,16.161479529175534,17.478310328103714,14.129412501706746,14.932120871607212,16.81056082768438,15.84874992416699,17.227520222017425,15.886707835270654,16.19364034013881,14.778611017815063,14.04721929365196,15.630382082722349,15.988071168619822,15.514834312058587,16.580367418271145,16.728186808975618,16.83056390721823,16.831949804561997,16.182525039714236,18.115829327328992,15.945720052297393,17.039438737699868,15.632633076114418,15.613478264177242,14.986130976434142,16.37540952372457,15.072723869972199,16.838848017916916,15.269401803257285,15.210607772224881,15.757416014369513,17.162593998294433,11.158377360559443,12.537415976387669,17.012430924834405,15.765300954247069,14.62700344671653,14.318218788301213,15.098164657338415,14.767085036910249,14.64866422190623,15.558651954372248,14.610448193341279,14.425588900017363,13.780474317015122,17.177139472508205,14.35652281422576,13.611416010492148,14.261119542142467,13.398933150700989,14.54808260852092,15.983351482161725,17.18909484897963,14.861855342586827,15.001934323430138,14.242029999397325,16.65808689974839,16.617083141495183,19.128305697805576,16.670621626433885,17.4221674466311,19.411955351418815,14.639909096587154,15.048145976372092,14.015722465669306,13.102577855891258,10.838883885941112,15.258460940147277,16.172368672729597,17.469543162376684,18.055904234480657,17.16894036910287,15.29499761485205,14.65052738583224
Var11,18.240106050903115,10.868397110626583,13.636860315311429,15.727753797986692,14.125834699726033,11.811672300439106,14.936362438995305,17.33436139037475,12.97478755208224,12.070921245209936,10.51202261805027,0.0,9.571562063349317,10.781021126185891,9.967324179594868,13.821482124072807,10.418223364545833,13.916827031407799,13.368275302766811,10.398609345524417,11.884284636663162,11.288745029816813,12.545209221878174,7.986067147043335,14.492685065980808,11.40898574137798,12.383723587699102,15.444892956454389,9.420140125257024,12.095556554243668,16.24414327136827,16.847941294414742,19.336948071702952,16.001253661068993,16.22972923582734,14.33480234208583,11.518913318658987,17.59806353034525,17.454206250959494,14.240831618954944,16.88278163819779,17.021681135618778,17.269914520847472,16.520635762403035,16.283234816142944,17.309155534035426,14.013339384457394,16.797861353269933,14.819929569997376,16.349490077840304,13.638037627332523,15.386852261187858,11.004144750503972,13.963056379772837,12.318721585822576,14.021890348748745,13.67253228341482,14.353816689397101,10.109122933336462,12.84946315297336,14.064703125646089,14.90101620266792,13.045259187180148,14.993265905060623,11.972063466764762,10.441528872373404,14.22372206928431,14.695863856298393,12.464537475412392,11.115310431062175,8.797498761569933,15.927136471986584,12.829369965619092,8.763886541822648,14.891900327103357,12.171314417755953,9.689052501666428,15.530340454050402,16.387457087551308,13.493253316195252,15.213612626513704,12.071075232304455,16.332672066418333,15.803277024337756,20.18267516365713,16.55685115351922,17.295201582080118,18.5106436206516,11.086109832976483,11.219320818217525,8.211043612408993,6.212751266913629,5.052512320377502,14.13327504592661,16.242199713010354,17.3136281149525,19.136944072901603,16.763102926665848,15.391991158311331,13.841480665428165
Var12,17.195704274087618,12.649080651183162,14.688654497486374,18.016679157786744,16.493852200358265,13.481874091783375,16.561058169071355,18.635640823703774,15.742001411550596,15.514734567030402,12.960302664665758,9.571562063349317,0.0,11.60808592086356,12.278552875417354,15.786554652055797,12.972459884381678,14.914410990456542,14.709589209700848,13.221046984097246,14.380749986066625,10.676284457410139,12.571509677077684,12.55753056191669,16.953148855280084,14.301097374057322,14.731871209144604,15.406353864771221,13.748508351046377,12.705555219848698,18.413551727572287,14.634089299853956,19.3293420887241,15.634251540197416,14.691371866511432,13.561762708630608,13.051503906173561,17.18354942514856,15.866835254928516,15.257221426707954,16.259517940532046,16.60808402477776,16.361040788846427,17.110182324269623,15.345822683330777,17.049806753518688,12.461704941946115,15.645589899124728,13.239884909964852,14.655053518573501,16.000332957090844,18.12390120358822,12.443415081011146,15.77504215961269,14.905206522460777,14.848419063660474,15.199652681214683,16.731499554509686,10.043704300661075,11.23522245281547,15.006173246591768,15.429720381367202,15.989364676418683,16.021235484815264,13.33974454706985,13.900058938095972,13.654388967088522,14.59146060222361,13.897319433589804,13.925804610871689,11.704495223126939,15.408085852413045,15.545762112132714,12.71345210092901,13.149801941329775,15.872281645673498,13.385301003322134,14.949575158178423,17.058602541523587,14.709186060418848,15.336503565179573,13.725924589564913,15.433052645792902,17.029972952260824,19.277768388956144,17.23664455819101,15.357704843434114,16.882686367449594,13.381906497557486,13.960216731277336,12.780897720641741,10.785253232500668,10.700507673887259,15.608512171400221,16.66024700270331,16.814126227227618,18.741504543026643,17.059426656158323,15.259728902985412,14.118665493530914
Var13,19.146194958258825,13.647508521222965,13.141742829815957,18.196314779950892,16.271731196971245,13.96614681727818,16.475097674574375,19.23175350956763,16.081151330489067,17.05795280071182,13.354507663813605,10.781021126185891,11.60808592086356,0.0,3.741755957206328,16.74761420215535,13.532881891130659,14.587534277338582,10.983297038651578,12.501156462120912,8.504153557333286,14.850754655142364,10.78480504073774,14.050887922386275,16.420228845976066,13.510358070137416,12.71464324323513,15.260470811144106,10.435774315789912,11.98887297645044,16.773600017173322,18.235378759270684,20.783483534896288,16.783296454240638,17.902730357601826,15.254261125517175,13.560562054413586,20.212340020340093,18.789537305003694,17.79988648074173,18.94473865384323,16.97685360826667,19.303114572014803,14.773233668552578,17.67013131260389,15.679747211968698,13.921805875725882,15.139320150692354,15.402955063937307,16.18746953462419,15.436668064573874,16.205732905152864,12.868355359612197,15.645172526978024,14.19396135111274,15.414880642122677,14.757171233828606,16.7409324375965,14.013614741569567,16.054867151917872,14.714182459884176,16.699097468029603,13.845580593224883,11.5789181168917,10.093123521609934,12.54354781799073,15.893500680525145,13.107700161513081,9.631584069231952,11.104256085572262,12.712431628210755,16.23645182276223,12.859306194571634,12.189298270317874,13.421598260860385,15.257475900917083,10.71400584638992,15.078010579947824,17.370654599265606,15.130681100436863,12.79592612821164,13.790172042269235,17.157984333519355,17.264754775280355,19.95933653889195,18.529049005221772,17.207738010214666,16.1470811733907,12.417929696886786,13.229177754304372,12.889001941399073,12.583441149985575,11.178216045160303,16.158092784105747,17.659799557331578,16.278949035118625,18.50301266478948,17.1175659698142,15.140166742909988,15.430796457989219
Var14,19.249539885872142,13.412039373180004,12.383322495303325,17.921179807830633,15.693818606781871,13.742401034096229,15.742834750506843,18.891881203362715,15.646035852711107,16.14067938903471,13.395836586993711,9.967324179594868,12.278552875417354,3.741755957206328,0.0,16.136119257701058,12.033103112159099,13.403671062737049,9.941003369646898,10.70083074827333,6.277631303713864,14.174035759290234,10.193388699605002,13.257528998864787,15.889449251789326,12.73200330581188,11.972801944556302,14.266913113855548,8.406605599767126,11.60229613056026,16.552299958897624,18.855054870159954,20.269708204014808,16.154796811229826,17.66919944312787,14.92175416674985,12.448857921564104,20.058341003619446,18.805351514245352,17.42432488709212,18.862530827068706,16.70370934258193,19.35404550462408,14.235738231983522,17.235817287018175,16.05163043300801,14.566896742630195,15.700466142933225,16.070275072316452,16.770868778008804,15.58071736778408,14.935045993190595,12.865729464609466,15.46160082019841,13.422353946166506,15.10742715629909,14.283810604277289,16.25500458239661,13.667963750782594,16.37351720920697,13.88760844619731,16.067774669248696,12.824083595126774,11.6668029037237,9.788805134325273,10.348699926345315,16.099694277432434,13.562377825567973,9.69250871310469,9.371437966232765,11.344786879317862,16.19682802060792,12.057303360796151,10.905352913104867,13.748256332057876,14.403881345709234,9.129792207084378,14.724219725572127,17.192808431302787,15.427919708162316,12.681755618775835,12.791252322320304,16.725026410653168,16.354316015797025,19.847085530535807,18.291157689631582,17.323698457519132,16.003656169413027,11.075206364548674,11.575286886042216,12.036721236221132,11.615940201488065,10.303347772845392,15.391140485790308,16.956520862690468,16.352227854594116,18.653973913441217,17.364671649452045,15.169441784136357,15.529841847922196
Var15,14.112622603711442,9.226825753090885,11.492679684426205,10.143193016978772,8.886298694201914,10.004974703472223,5.610644066339408,10.006448055920346,10.124412526235659,12.678681251792174,15.955306133756263,13.821482124072807,15.786554652055797,16.74761420215535,16.136119257701058,0.0,11.708785445726042,9.28403744092115,12.498085531013569,11.441340915116534,15.57955160291263,11.455116042219549,13.468301033924803,12.079045442042494,13.442722804586381,15.70602789742407,12.970797695053914,15.404173827369716,13.240379652080321,12.407737058034064,14.223628899789327,16.286201094081974,13.195850853202614,12.755592707744295,12.461506266697649,13.63460907289565,12.21503835473726,13.53668737865486,14.807191784672229,9.539867695916643,13.235863426119097,16.043613024866485,12.038081884997728,16.28805608207082,12.27784551397124,17.492537439129027,14.62735610579888,17.823164133953895,14.982422034379239,17.260912889243063,14.27833809384986,11.822027109714673,14.081882366592321,11.764377609698322,11.048593342042633,11.351929616840373,10.300451355744638,10.446429652394087,13.612344161726016,12.97281714708668,11.67065999362794,10.06523668610022,10.462257482727,15.447250179475517,14.066874457013947,15.04577150398802,16.355312604565018,12.8913990776606,14.161662477462508,11.496986667347404,12.679857839869863,15.23522042835996,12.438952656263142,14.582303969917147,14.318015143823535,13.39519210627464,12.525434268584625,12.99169054745926,14.38072325751522,16.250229758561378,13.899328170050277,11.168976447773755,15.046302697284409,11.65205295039545,16.328548383900113,10.624866352183407,15.763735707615181,18.1504297427783,10.341749353909401,11.967826377019462,14.052140086220188,12.513871800228003,13.260072471688977,12.812436802157235,13.61835011696299,16.624471140636835,17.358663005961944,15.799408649901697,13.373795803276973,15.71603483481283
Var16,17.432982867314298,12.300338703632141,13.113512148070182,15.081248750963086,12.918405942397237,12.873777373506588,12.009660580168887,15.798587159059343,13.214402441459926,13.171704301524095,14.633240986547943,10.418223364545833,12.972459884381678,13.532881891130659,12.033103112159099,11.708785445726042,0.0,10.683178232907048,9.278444148859142,6.952652161710666,11.255592931726877,9.956698412651017,12.074950132352162,10.461122708495136,14.329883357593642,13.50119865898041,9.905617668912976,12.374591090644792,8.54255929597212,11.218134675779586,16.902887854092267,18.86653288994191,16.32368813162185,13.385565345369129,13.711164363326228,14.039074413357387,10.239659324931157,18.2404580316874,17.688321610495382,14.080466648269491,16.99681193777525,17.106667775805377,16.534742287826138,14.366101472758315,13.441097074468612,17.693894135469773,15.491324145544986,17.65492714685825,16.837636169356617,18.146256822091743,16.163359434838167,13.980816764591943,14.569270200843073,14.284661294203392,11.293996206057855,14.271493462730152,13.877451426381915,14.011944653423573,13.177135299040042,14.231280713140105,12.117127216698838,13.516373187393357,11.770273078335638,15.392676141734807,12.978661180503499,10.048591502093021,16.59718025665848,15.0517632540391,13.445199500629315,9.606139706762278,10.36160474962146,16.955611355131488,12.741164211456647,8.130601436025772,15.49136470336226,12.691121608170576,9.461175377184855,14.715288486736213,17.26802838229218,17.625711244376518,14.703007162700388,12.30168339789451,14.900669876687145,12.79075529569911,18.876959593152936,15.867108075693361,16.436869998368657,17.178292997429946,8.97982040515531,8.464779369405486,12.990234402510257,10.678352028097807,10.580045300696236,13.533341573260994,15.165425333119185,17.483503456082577,19.184864234485147,17.93034952091119,15.068521147244217,15.637699731504158
Var17,15.153834899254905,12.991603464489721,12.846495945177034,15.39636434762834,13.849212229265675,12.06086926737803,9.232729463824693,15.023392601332738,14.124395492313047,13.932186843901247,15.831246710641734,13.916827031407799,14.914410990456542,14.587534277338582,13.403671062737049,9.28403744092115,10.683178232907048,0.0,8.104186486544176,9.250365129806807,12.062000099969305,10.385364633433932,10.215647738388876,13.915268954307303,15.274970455518455,15.031176612353905,13.315412669417992,12.951274829782973,12.47631712739923,11.327544142631863,16.253099644612682,17.384394150151724,14.680852276996134,8.133003343036286,10.832512171142787,9.302422454418481,11.363758406817986,15.603208311131267,14.08284528915137,12.71567130422285,14.390434286708336,16.20962034119234,14.435931592305518,14.489572040920656,10.711211517256613,18.372508227453032,14.077041157360329,17.54644699854368,14.246252655337054,16.357774358268255,16.68296952184722,13.385793034452012,14.862266177537737,15.370669116996146,12.942405427696903,12.436107224361445,10.55229619907732,14.20160119159971,13.252699281299352,15.00248491714066,11.582922390336226,12.832435818819313,12.091128051492513,15.153487771945795,14.125173042506196,13.635039387460646,16.028374700999457,15.16847421336928,13.925381628049461,7.422825101113768,10.80687163975601,15.380017916494687,13.98158230191424,13.417726246090652,14.156939935558674,14.132506971802655,12.099393579097876,13.164265875423547,15.74888292980696,17.955917720110605,11.988778438147149,8.753135411595133,12.781169901201142,12.1493452523409,17.602634628572325,13.397140623321931,16.083415495028408,17.228824199324425,6.798365109105825,9.154363720104273,15.348077567015471,13.904118522622053,13.447334652434499,12.871739718370858,11.482275723308447,17.239405987134454,18.29953966431658,17.813648015094707,13.934199276744714,16.190232851000925
Var18,17.13330290401011,13.91856306544631,12.301717267634915,16.56030999260763,14.656490765324813,13.620352617027326,11.659033794307033,16.38898362400907,15.120570451069103,14.745893018502379,15.096571333396126,13.368275302766811,14.709589209700848,10.983297038651578,9.941003369646898,12.498085531013569,9.278444148859142,8.104186486544176,0.0,10.11570869144456,8.93441479818174,11.604496658717942,10.809113199453396,14.127459513600687,14.465550404748548,13.147509619134151,12.50752663211093,12.71430757056274,10.664791915010852,12.37111671094006,17.756696899640513,19.317963964338862,16.76861241107201,11.803444053547427,13.94642160322256,12.799967511767646,12.291409103705764,18.677277982957104,16.924356116253502,15.384162990243203,18.08735734274457,16.205665200089594,17.076256831046067,12.951373646339018,13.553916640295519,18.459428152494798,15.780551457711011,17.80443616378356,16.777586507480173,17.958180991174892,16.858159247946393,12.658195237858743,16.087038291598343,16.043165095022093,12.900234451870169,14.353211060344123,13.438290085045837,15.734053669955935,14.13469030999403,15.690804905458815,11.070824610782317,14.056224010598367,12.060520384114183,12.1149621422863,11.250970748177023,12.505512419701644,17.836501902551877,13.5563636330185,10.5270663659371,7.239502506111075,12.478154284544292,17.22167378290901,14.130753432419253,11.72425302926092,12.740570413114451,13.269848211542241,11.010781123761584,14.68586948045726,18.232061462471368,18.45296840977663,10.537466979741707,11.224281676138801,14.127725801792064,13.858452593731414,19.051340888492444,17.096340146869633,17.6336576857225,17.057494720536074,8.957135363903937,8.993361074973018,15.848107771771323,14.302062781608218,13.079410040718285,12.713596040857546,13.38656913612266,17.753660469998884,19.8513670418266,18.862760033248264,15.142200217727268,17.275200049085544
Var19,16.951023653043276,10.791433632096117,11.126706940131763,15.225718691899846,11.987600833489967,10.210061545047969,11.561617461525472,15.878392141353972,12.281640301278404,13.451107279447283,14.29642168097072,10.398609345524417,13.221046984097246,12.501156462120912,10.70083074827333,11.441340915116534,6.952652161710666,9.250365129806807,10.11570869144456,0.0,9.113662544714975,11.500207593825728,10.192203631057739,10.514521370592165,15.019242311114656,14.745584792991057,10.97878935490159,12.574306065047908,7.326031531098314,10.319961940105978,14.938953613087882,18.052951197919732,16.99785483145302,13.100859325000203,14.27034583705767,11.630070528526824,8.867880773853233,17.383515282861087,16.502803162774967,13.241302422288376,15.08825289435315,16.507676398589314,16.41699537204292,13.84658124920864,13.365373347205537,15.89127703325528,13.558420541213021,15.810140227305208,14.683178169033818,15.757327844682004,14.526894534574309,13.389977979050713,11.814899095455354,13.38117259012719,9.205262022505185,11.34675523699611,10.823745568184599,13.101004715464066,13.278746029171593,14.773041167150152,13.282548525114747,14.219492475718589,11.254606199023804,15.31679532020391,12.941921274841608,9.207087174931855,14.159505355597304,15.232560564813697,13.2962899785387,7.531239465611164,7.47023283046588,15.235538228495816,11.466643145666774,9.446748549328824,15.800334691411242,14.314412206576243,7.913857373171551,13.799052460210786,15.354596813267362,15.46482453570007,14.557277050714472,10.619327170995941,14.448695644079049,13.467143909074268,18.148018276465116,14.917716292059094,14.98390990976885,16.391383544695756,5.960628945536108,9.394829778376867,11.089261944634496,10.491103093283261,9.943068067417617,14.817486512073252,15.969826785112257,15.400277175720934,17.451145775391065,16.57937242604265,12.285761081579222,13.278702917758947
Var20,18.733686061577174,14.641586649768088,12.47255618403847,18.082004082574993,15.771551055410177,14.068227844506843,14.761354556218267,18.390607730782957,15.520378501071951,15.31834101988393,14.855244041428733,11.884284636663162,14.380749986066625,8.504153557333286,6.277631303713864,15.57955160291263,11.255592931726877,12.062000099969305,8.93441479818174,9.113662544714975,0.0,14.286754481673015,11.653732413617684,13.966167044456554,15.997754516454114,12.771717992213103,13.088478312882897,14.067152502434984,8.450266546891976,13.628549882537005,16.715699462137657,18.683316742983294,19.51952963628389,15.421489342101411,17.386553044671444,14.084429971386236,12.168837447863666,19.7780630049911,18.494688160103472,16.893676988734885,18.739924549371064,16.30523129137177,19.630913864332335,14.109423990866992,17.002170206723832,17.010195536286282,16.288031884324333,16.83858529828447,16.98431197558923,17.210064818158585,15.501564955686632,13.524766120559555,14.190152015641601,16.258838249130793,12.759911159790471,14.529189206022972,14.305044668210988,16.145833082657294,14.725882845447682,17.308160553083724,13.973803238298808,16.352765212535132,12.416186054263516,12.058899907243541,11.325304269844647,10.563543405288174,16.89166048941264,14.606353225299504,10.917751987295654,7.4898071171231635,10.815726987401165,17.261326091795734,13.054993431764995,10.530777772338784,14.511148454196016,14.518629230889744,8.991467149559496,15.821499287579819,17.65905350624855,16.0773983642219,12.601208064154303,11.965526854686356,15.990778575543839,15.71075782874747,19.21041118974161,18.946469708820402,17.506552973040847,16.283735307662784,9.556004990641831,10.508133834556071,13.666452523954872,13.278157366138371,11.734976706569018,15.245096159764227,16.44489193301818,16.723325464250387,18.97141732792327,18.586742544592674,14.512057806338275,15.883431987415399
