,Var0,Var1,Var2,Var3,Var4,Var5,Var6,Var7,Var8,Var9,Var10,Var11,Var12,Var13,Var14,Var15,Var16,Var17,Var18,Var19,Var20,Var21,Var22,Var23,Var24,Var25,Var26,Var27,Var28,Var29,Var30,Var31,Var32,Var33,Var34,Var35,Var36,Var37,Var38,Var39,Var40,Var41,Var42,Var43,Var44,Var45,Var46,Var47,Var48,Var49,Var50,Var51,Var52,Var53,Var54,Var55,Var56,Var57,Var58,Var59,Var60,Var61,Var62,Var63,Var64,Var65,Var66,Var67,Var68,Var69,Var70,Var71,Var72,Var73,Var74,Var75,Var76,Var77,Var78,Var79,Var80,Var81,Var82,Var83,Var84,Var85,Var86,Var87,Var88,Var89,Var90,Var91,Var92,Var93,Var94,Var95,Var96,Var97,Var98,Var99
Var0,0.0,14.500865503737021,13.866268865035988,14.036270806669396,15.618569890248047,16.294998761871902,13.661524111523002,15.30422827509134,18.494130750540737,17.178055215007003,20.00308539062707,20.109533996143544,19.13789085502017,19.595482881117146,19.206751767988358,12.948385870691329,17.721173962950363,13.496525624541931,17.60380283630938,16.055591387820158,18.707847793951302,18.000520827934402,18.995480382744393,21.999142819878063,18.532865413089713,20.450047213195038,21.457873821103306,20.625406236451866,18.155360012823667,20.798799587295466,18.080987978787114,15.251102223855218,14.598353045145664,14.93647548127855,18.97193439598401,15.53402160856942,18.82750621344895,15.584661780655388,19.158924154692045,21.11185100123151,16.966487949284847,17.56210459403426,17.624005618176486,14.084912304914242,15.688882057499026,16.483399993376413,20.845671346347768,18.088295122908328,10.062307039624091,18.07052482623661,11.514666037573136,13.641033277642423,12.77218900126041,13.78808385349878,16.440405372933228,16.372247245459874,13.80235675246685,18.746672945694623,21.070459914786607,20.239879386304175,20.571838512092516,21.269898076262375,20.379915434274608,19.143296537797468,19.066211024119152,18.245802604536724,14.46131147363411,19.30762185089621,16.235547186876648,13.872469397066983,14.89462205203252,20.35406513407794,18.677620106877168,20.75380959539346,21.098548262768237,20.980999785304558,18.746865584686383,21.244901871026336,17.340935547836164,15.953816657285303,21.560569651016323,16.4518669554617,16.232708735667742,19.26547151768589,21.393504338660353,16.88289862529854,18.250150021036898,20.138097681558413,17.045946369640813,21.480083574231486,14.525351031348107,14.06763500644813,20.92644704801932,17.220405146765618,19.171515360713872,14.257755997507651,17.015838454349378,17.940049806752175,11.67178058134108,17.541296648152738
Var1,14.500865503737021,0.0,7.0931077074524485,6.013317735202798,6.477538327372867,10.451769301604692,13.960325646979173,6.992918344828335,12.589040227430377,17.411877282064577,20.565257007645293,18.043942201433023,16.27369773110701,15.246659244364297,14.662981794000494,7.118203813172932,14.348949639077153,7.453905093038141,13.641646265519906,13.789511330925832,14.732520300599884,13.615751671951756,14.059676933932309,18.688567736841218,19.923612756580297,19.838982028311353,17.705586743078182,18.932062815653186,15.050312954322395,15.697736423228205,17.495721884585315,17.731664948019517,18.50044756565946,10.436518195946748,14.373669728273814,15.873614757940878,21.097431111400855,17.793226437214127,18.910868967511824,19.040004344185217,19.46131673771421,17.949111416253363,16.007475480391804,19.533228404115857,17.99133696229429,17.512586106537434,18.388059229118973,15.960670040185228,15.996654151616363,20.051881028486893,13.265308176888514,5.691322812875818,8.156064682402908,8.67232478942928,11.237080453433832,12.113001738367593,7.520861800600985,12.582211405508572,20.124549476391604,22.703480922357482,21.407139774399834,19.47883655699146,15.935296043570732,17.335440361031498,16.70402897628476,15.70619043523857,15.391007122677307,15.719019649389608,10.01752801656404,8.495642817423022,11.439435343611786,14.240779524862022,14.682779669076245,18.793519370547653,16.57782992699234,21.130634690464518,15.738495453530636,15.455257712793369,16.66039790838829,15.876663738421371,16.204249955417584,17.830386210380958,16.475818945927585,14.651816052228844,18.04274177154529,13.271211858226552,18.984157721508993,20.863552694506467,16.233111746234894,20.003862410997243,17.036808975839154,17.406187453009746,20.61487878137746,17.06452756151902,16.434380021137414,18.247230901913017,18.51828794907889,17.347428714685346,14.925253916665687,20.09877453769563
Var2,13.866268865035988,7.0931077074524485,0.0,9.80243307482939,9.023126465192421,7.721254582405955,13.277376533582704,7.686240638647287,10.49516874842497,16.618136893425532,20.71431797571941,16.484286356305354,17.66374707560844,16.12160711089246,15.739561842869072,7.556854433261587,14.406387440815557,9.215568259305023,13.94674666367709,13.889791381930348,16.107408186835123,13.766134365511123,14.895659782868536,17.22739286209254,18.516413880042148,18.164863610806787,18.083417549372676,18.566726528402263,14.87074074682514,15.606356900905794,17.515719376526075,17.438127787062857,18.472889125187464,11.390241061772654,15.103674235714413,15.64348940895723,20.88761193811235,17.840829051963144,18.896126617901846,18.585872849570897,19.44323455295398,18.224034339659987,15.566001528203937,19.337752441101014,17.592313274941755,18.365424579451123,19.089398656044413,17.109140576877742,15.793959612091422,19.859297182115725,13.741179733682264,6.884652908204014,8.851589588912137,9.779985272326241,9.403761150989418,8.633868393755286,8.733208309267996,10.859033450280911,19.162396218654642,22.086353387170483,21.694787490158724,20.32049453974291,17.169239158143853,18.7939113510524,17.951276875574827,16.5227071769613,14.020235529697157,16.821893381009293,11.156436458944272,9.628764819560784,12.086936777530909,13.89054525124292,15.613862716249898,17.675195038651932,16.193380100109167,19.338439767809557,15.795885774419254,15.204466046389689,17.152663648243227,14.693289959271949,15.560300101176123,17.994564109259137,15.975104873786014,15.523748769843346,17.67778943629937,13.574750664179017,18.216606159951226,20.60337268297171,15.099268733506335,18.83535936704478,16.837236782988235,16.263546088293502,19.674963745788165,17.662637337171674,15.591419354889148,18.527174724828544,18.71361130531911,18.00020847806022,14.120262536520237,19.807458730393936
Var3,14.036270806669396,6.013317735202798,9.80243307482939,0.0,6.990022356633951,12.04420629420045,13.86332586166694,7.487201637472765,13.502132499788505,18.398278686247274,20.132466115160955,18.40836154175598,16.780352835149362,16.696274208482475,15.974696329095712,7.512219767745633,14.761309626501854,7.552362964657703,14.223771643426447,14.414308040438627,16.17360340109376,13.987404909258462,14.847534822231149,18.990870340123852,20.02787442258662,20.11353160199129,18.68076813684201,19.70606312161317,15.785940873046469,16.50054229126559,17.90651330225083,18.255709826960057,18.390778624198283,10.80133325080688,15.254819711492486,16.433204721574917,21.362239726677497,18.418282260843927,19.1636823847811,18.932540264112454,19.206793313387188,18.401628032388704,16.417032145032994,19.388654842922687,17.875072263496097,17.797064834047916,18.276367400984565,16.167436373435145,16.308534706626375,20.585574116743793,11.660814100577806,7.516313425423343,8.366457148423763,7.056495223904678,13.213809919965122,13.84191974537608,7.643392775537633,13.214818580202795,21.04547705133784,23.09035961443022,21.56700107205497,20.783539194008842,16.815493330074965,17.527094117676967,17.03230283956905,16.415010317132616,15.600228556621808,16.250272103379473,10.474975191280981,8.31782074240894,11.44788545794301,15.752027888390792,15.74311507860196,19.215204010877606,17.554801213569387,20.77363688041732,16.50736061515657,16.66128050236183,17.853907004644313,16.669431960162207,17.19307117256095,17.87943579342922,16.719415598517603,15.461909878364889,18.85325490424753,13.107769709080436,19.589904284230354,21.055166468127485,16.779064414980816,20.442939139031665,16.726759638543655,17.06975755177756,21.08802557049584,17.61698932360337,17.46340143364875,18.147720340353775,18.98784897001524,17.678163793655806,15.793412064628004,20.61321515773844
Var4,15.618569890248047,6.477538327372867,9.023126465192421,6.990022356633951,0.0,11.900877306404208,15.401920495088707,7.191954820908797,12.625753040689137,18.51060878306919,20.6368378758923,18.956258860493516,17.07443861897646,16.390714379789678,15.851278978727862,9.757544461137252,14.925089162068609,9.318917124802049,14.086264826253654,15.645092689703977,15.67166351822629,14.524900466620945,14.633982498836541,18.815754852058525,20.462132851998156,20.423791121999532,18.2607558562881,19.179313381363833,16.643595423331963,15.834331981991564,18.018095596478435,18.09434390536643,18.35925391373815,11.941976274526446,15.362624595074081,16.908746757328142,21.446426808895737,18.86184709215271,19.020224595506917,18.55282741909363,19.883831609018234,18.341607207131712,16.25881843582587,20.051671456703644,18.644882184073712,18.42254161049156,18.652245988444463,17.02502981639608,17.676562289518532,20.892626847214455,14.326466235803293,7.731345309965117,10.229794687102144,6.966804810671621,11.111253034209563,13.1912100233919,8.322915167153143,11.953827711110572,20.67660892019205,22.977645801436136,22.200042744924136,20.01440221058025,16.273119282334655,17.928691350442612,16.878523419096652,16.938962011279646,17.049402540293173,16.730750576515568,11.673264502523152,10.254022424519047,13.34657901274478,15.297518953297308,16.0924981929205,18.783672856111707,17.67536774058329,20.753993547293792,16.70126564665835,16.243998048295573,17.68366175488747,16.236886033837095,17.16691944903341,18.768048010297072,17.31485380468554,15.767186081331003,18.79844622900644,14.484648738078354,19.86918192574896,21.633878316773924,17.291685775462067,20.21276445563724,17.485860365598455,17.598406931375486,20.281129615836573,17.975412695215674,16.798010821758645,18.947566664256502,19.282940985944062,18.21246670148669,16.453059910780336,20.800096692281425
Var5,16.294998761871902,10.451769301604692,7.721254582405955,12.04420629420045,11.900877306404208,0.0,14.640602387599422,10.010513418024107,9.476480638753339,15.817856612129987,20.65695923580117,15.450645021391482,17.50731362207225,16.162395009264984,16.223906610748156,10.154805622950079,13.259818280208016,11.328283998040778,13.654570942627952,15.278147894754808,16.08520856307235,14.601944948909477,16.187831859267703,14.495337540421632,17.016769396815967,17.762618934755892,18.270599512298297,17.76914344165716,14.311193175546366,15.663448881353238,16.05933329181164,17.224820809209394,19.553096156833643,12.49774420280703,15.073932670278282,16.37160788457031,20.736928235109048,18.725943923396006,19.597870190840954,18.403332981510907,19.63114974071085,18.88299345596813,16.671135277108192,20.457190542111167,19.328353180686445,20.021171273968935,19.05648095907842,17.996684897461115,16.466711084740027,19.617183431890023,15.262061685159493,10.459080940354715,11.847279992553913,12.712700008557468,9.798814716736139,7.159899332640506,12.079941798081826,10.992738936461611,18.307530344556028,21.408285893068175,21.319952743347592,20.126191340251957,18.028252775125615,19.243437390454588,17.776832593760826,17.102170808330825,14.864682938736488,16.13641180882012,12.023550823058038,11.403220657482278,13.320138245107593,14.040484952715568,16.57879863294333,17.059477151104634,14.788909220367618,18.262310869098823,15.463606019630491,14.620771837934534,16.07617930935106,15.95440520159469,13.787369125562005,18.22113720032097,17.286236340508367,15.624490379906197,17.486428559995367,15.48662307584379,18.56817596514353,20.718749244149823,15.439895066206068,17.679286212626398,17.490195290212984,17.639608927491356,19.033517727471096,17.352094478459513,15.864498951537113,19.50526151052891,19.64436669264446,18.601743914821782,14.381561580196994,19.545273736086436
Var6,13.661524111523002,13.960325646979173,13.277376533582704,13.86332586166694,15.401920495088707,14.640602387599422,0.0,15.020934119060005,14.072480254809971,13.468761710568288,20.76173298682803,15.831823834160199,15.981774907738389,14.776361136400348,13.194180995381132,12.138452020807321,16.923273841886235,13.595617998931118,14.20991155345756,11.806720855550836,14.176122767671481,14.54184507049777,15.517533006090988,16.92457747859418,18.579053026550646,19.696943456640394,17.033578997355466,16.54883784206984,14.094166683898996,16.034041960432283,18.59643648518722,17.125174802120103,15.744283717045805,13.494075474248197,16.024246878445123,12.300805418855795,16.556894477599972,16.169135866484364,16.59975386102052,17.696482688358795,14.584105219779472,17.65653733923493,16.227676481202984,15.96815619068541,15.534984806200585,14.804855891233172,16.782173514114724,15.223869322231236,11.921064061359294,15.034913042606165,12.651345213580107,13.498356532113775,11.071060194480461,14.664856464315527,17.088821267375025,14.101870078552123,14.93239455262709,16.34313072311398,17.08732007612866,19.56866015251546,19.769445177593038,19.061183163913284,17.894468160111693,15.94563914522809,14.951967737817334,13.44534836951076,8.590458347923834,16.997614655689706,14.852903816598534,13.870105673439213,11.587051070908728,16.715393004905675,15.195832307787633,14.679087094925574,16.98866328222025,20.588412055865202,14.3161400984667,15.84277237462843,17.962938343189716,14.340943166967897,17.32395461615863,14.19136963661624,14.766212415064317,16.433739077820682,16.89781988502157,13.756405349346114,15.312491872932188,17.08126663182807,11.57006659061379,17.394922146593235,14.276969626041382,13.807829889387794,16.964706024952232,17.118480123866632,16.596493469544217,16.33345725075384,14.113070179629693,14.301932155195399,11.49224089236491,13.86793837759399
Var7,15.30422827509134,6.992918344828335,7.686240638647287,7.487201637472765,7.191954820908797,10.010513418024107,15.020934119060005,0.0,11.334156909487781,19.256706537077413,20.309692460030206,18.03772655062832,18.171751835137187,17.349565025401827,17.806067079625535,7.499411180532376,14.495148432056002,7.050943226380175,14.756852798695112,16.625393413566975,17.133451827261858,14.009117662478351,15.69790011344772,18.44330740008509,19.237111186810434,19.135405426812042,19.553483774229644,20.000650187395497,16.01237406144606,17.063142427579287,17.83730138120946,18.546231157080776,19.937049933933984,11.120254780985494,15.253056662968683,18.109256930393258,22.752283005443886,19.842486042713208,20.448883683959654,19.62930472871324,21.349067799048033,19.18553253555325,17.067124300715964,20.558906885663394,19.346957508381262,19.91176305498469,19.474869772206834,18.242854672771536,18.097296314704675,22.527491893336652,13.328092193177458,7.03757884715812,9.72332196081977,8.362862417696851,11.183435489096498,11.61703272331898,5.295676003855701,9.520625626237432,21.01926900024771,23.205846379066845,22.695176039598493,21.66761926937348,16.70602996849775,19.41354539540883,18.25570181554211,18.334448774595792,16.76816149886754,16.91670152926771,10.096948098588905,7.532704033152732,12.947700137986441,14.589550038927582,16.46600420070159,19.18823929044088,17.680509722397986,19.705537680646994,16.703425872141278,16.08602112887412,17.957958439268563,16.948704299667384,16.368767169250148,19.799902437569013,17.880997931692516,15.962314153424302,19.117423496724633,14.226617146438704,20.540131537617906,22.03595601923756,17.695483515973535,20.628336555003745,18.10038459204075,18.206931725436434,21.114069079094676,17.40659923488383,17.386572892203624,19.79293971950052,20.734311824385934,19.51110038319296,16.265038559122985,22.2249273419955
Var8,18.494130750540737,12.589040227430377,10.49516874842497,13.502132499788505,12.625753040689137,9.476480638753339,14.072480254809971,11.334156909487781,0.0,15.750114875062234,19.67084279702902,14.275576645759058,17.28074000545075,15.418443100598875,14.851453833663355,12.119290746834972,14.983752722915975,13.555039535481617,14.634776566687755,13.74608938551324,16.187475795239983,14.364014292774106,15.44997949951626,13.685540961723408,18.47754356764928,16.421282569921416,15.467661583377883,15.97301965540924,14.382206930919285,14.104206937898805,17.977444196146553,19.049197766371023,18.788784714164482,14.274764628645134,14.734865129824618,15.23626884641754,19.619564097001213,19.823534863231604,17.922822747048336,17.44429664341277,18.814614294747148,17.172219350220093,15.627258897746911,20.601021586669606,18.69577299193908,18.811593566630982,16.88893215313133,17.157699435540106,19.04531302557101,19.217082428054294,16.686701561188535,11.678595567083695,12.607817035527521,13.372935296872466,11.25750953414678,10.212380894131524,13.715019587407884,7.260733314763387,17.662749799119496,22.609911864894507,20.961675418759356,19.345308909002064,17.768921839898308,18.337571482229702,16.01592883250151,15.611667852442308,14.830692720145999,17.70478051403737,13.177858382660402,13.688698218821111,12.780867993146707,13.628686643485414,16.048454986180126,14.684188347597546,14.026884782864691,17.46976121344054,14.146163547758038,11.697755282531245,18.386517736127317,15.517938776096958,12.827081939491997,17.676568275431592,16.400650571255298,15.839903908818524,14.871387571839742,14.600829739719302,17.22364449715604,18.3460545765097,13.013506476415328,15.826392416163067,17.05135717188097,18.339728497134985,17.131363487952527,18.19522076666458,15.281607339919411,20.123758763543332,17.931526256875465,17.197924208782364,17.183162179181995,18.815087034996143
Var9,17.178055215007003,17.411877282064577,16.618136893425532,18.398278686247274,18.51060878306919,15.817856612129987,13.468761710568288,19.256706537077413,15.750114875062234,0.0,19.044249447495137,14.620012521161012,16.248632658730873,16.986600071634914,15.560966463675316,17.98865704977722,19.216274765630125,18.93590685513747,17.374432253273106,15.260409228833254,14.655154405080642,19.677930551269164,19.796632281502042,16.747894740011056,14.600570550055718,19.186941138271983,18.095027909200905,15.466898003369362,17.996672320835284,18.08061603026537,19.074541854078742,16.365361590869917,18.423034095789607,19.260163017532847,19.27256765156668,15.098118025704805,17.354419323668232,14.948667224765845,18.49128264505407,19.66185480427973,17.098522311981547,16.507911981968032,18.68555480922283,18.085714167117867,18.618158596967806,17.430910070580428,19.45229063204348,19.43943631285691,14.81484083361417,13.66090955600683,18.337163272625663,18.07017457553953,17.21879370493036,18.962544054417684,16.72994260469711,14.819436623742194,19.628707009399307,18.270027599526216,12.178260758067415,16.43647857120749,17.73139473012189,16.639757263073754,19.41484997208067,17.371505657329333,16.876395836614304,16.23737525252436,13.767347956507985,18.88910966674167,19.143966844666558,18.823611295639644,16.41828959275858,19.025597154344048,18.892980879979834,15.52937949743367,15.664488623804415,17.890400891604937,16.26867997204186,17.169460711371713,18.452623052071225,16.38010988385465,18.271220258017333,16.329078421707884,17.633519954495522,19.220959054406013,17.302125307085937,19.44746198863736,16.100455457467234,16.617954232143045,14.327194752442978,17.591734994592375,17.085095023897335,13.885749342486793,16.200994155043087,19.03591206309324,18.537403898452975,18.498527208808056,15.603080599285361,16.903535487069323,14.169474259343506,12.48769491345848
Var10,20.00308539062707,20.565257007645293,20.71431797571941,20.132466115160955,20.6368378758923,20.65695923580117,20.76173298682803,20.309692460030206,19.67084279702902,19.044249447495137,0.0,16.79637759961298,18.923343646080514,19.686108563747407,20.287174841334235,20.512889735559135,20.258649452667285,21.038335188608666,20.2718222521266,20.314903127401085,20.583720268886793,19.694025147193347,20.63283897684221,19.968608789681333,18.87717901386934,15.21546135236001,19.688297182891414,19.30133096059292,19.479594769033994,21.01559059034152,21.13519341061727,19.218976239463704,21.731048956389813,21.605271800411572,20.873484932164132,19.32374251430864,19.897759230057662,19.201948931400416,21.92535048466606,22.295559908541033,20.32174914404378,18.53079876556193,20.918954663209608,20.04641976755798,20.684421256724793,20.68737277858021,19.56141540439215,20.731571671958772,20.092889156921828,19.255933204551145,19.056748007567904,20.990024615902573,20.963500323690774,20.931435653765995,21.479704675677777,20.91744025843155,20.562992152448064,21.084819413735538,18.4926888000872,17.299085561035955,18.05129092735291,18.745740960066726,21.736820586248097,21.411858203024373,20.732928864815907,20.486039054619553,21.001899286778233,19.830086884129916,20.462986918247477,21.18502099132944,21.18693254909947,19.82768342528786,21.886625626177366,21.17482688750558,18.755105070922014,17.262162588250725,18.123476937684355,20.411064639390304,21.543087529373505,21.235029724765457,20.39301747075378,19.52297335514755,20.44755139466446,20.840955223475717,20.37302072166964,21.17960815235132,19.326701523964058,19.339713678644188,20.45809628315482,20.277839327757587,20.98781226957047,19.479191483837607,21.05929122993768,19.267362046482248,19.96862648007482,19.838970557619838,20.745989709230475,19.697461129189314,20.910095843656286,19.58178467370489
Var11,20.109533996143544,18.043942201433023,16.484286356305354,18.40836154175598,18.956258860493516,15.450645021391482,15.831823834160199,18.03772655062832,14.275576645759058,14.620012521161012,16.79637759961298,0.0,14.000618116550939,13.690542481422382,14.23660224520902,17.41949445960978,16.480073199040437,18.146575585748963,14.903236668894984,16.403297922742134,15.129153519917606,14.63287756913609,15.830915848628257,12.345015851242202,18.54239783139057,15.910108031231868,15.377957008599077,15.448247005193465,13.520568545148251,13.471890939545736,18.48719306133619,18.855842126033842,20.88215328416979,17.11686363106216,15.702034188895498,15.236980874068594,17.231430622772514,17.6772687275067,17.857516199251215,18.000744786501887,17.99253468284241,19.161476910250162,16.944918411822933,20.097917707210307,18.844146168368454,18.38772335304984,16.5587869824487,17.409150573649868,18.8580073527224,15.983628207432686,18.307508629884236,17.607810182729423,17.603397414333617,19.988917712619354,18.631487752709575,16.15666405778039,18.697643069579172,17.72895713780482,14.213393669231658,17.97659600851765,15.46062864049119,16.0831261988007,17.64860058621871,17.344866185930332,16.760627479325276,14.143701444757719,16.353258886354208,16.51356190216167,16.04703093260901,17.994233016379663,16.458147196203488,13.387876497218803,16.113409259992576,16.056100199024872,11.95145895471841,15.795197762638887,12.639903040062574,13.242666742004477,19.12854773989494,17.00502379159211,15.63098278034143,17.111642785802115,17.42458360276142,15.658484708024119,14.75057671568552,16.299534832629014,14.851196815507771,16.68788959464609,14.43770221004661,16.21272312843897,19.082883588674008,17.95816132772569,17.059418566917856,18.660601728176953,15.934115950629376,20.208072665475722,17.32914368273243,16.73261264150786,17.73793645812546,16.739381954830066
Var12,19.13789085502017,16.27369773110701,17.66374707560844,16.780352835149362,17.07443861897646,17.50731362207225,15.981774907738389,18.171751835137187,17.28074000545075,16.248632658730873,18.923343646080514,14.000618116550939,0.0,11.653069214206933,10.966027954072834,17.027494145580942,15.94482630254887,17.084238749943758,13.570451728779208,15.817999859746429,14.331510524797702,13.764333760101238,13.12404080282056,17.12657705303623,20.862007648739503,20.264639829730953,12.405684532246518,13.780323002522024,14.221641526118717,12.475115260202767,15.658857950728885,18.02049767751331,18.18167533545974,15.086654697810994,13.62786579700968,12.402171020687929,14.924254352362814,17.051514464859405,15.040418239749314,17.492850279295887,15.425763080067858,18.60158950696929,16.89641424854747,17.76986498641211,18.69745225518375,14.965632466100777,13.914312723585123,13.33727157221026,16.67544462416747,14.330137030181767,17.45151415013311,16.62446389581525,16.10482921577859,18.544932012000814,19.975027145090927,18.754928989155218,18.38386145084363,19.822048449606985,17.136732138311405,18.073417885583893,15.570049185874785,12.759480992241809,14.769039149075597,12.93149805780684,13.353730181907531,10.971868062556132,16.987064840242653,14.979634070990773,15.155074070570663,17.147081559894662,15.561617911950933,14.411098048439676,13.338365502345587,17.13591932346047,15.312445443372521,20.94035070787033,13.344557954359942,14.367699508014777,14.752518320603855,16.067596439104967,16.882487924158614,14.96573654945791,16.911517948779345,15.344479341806043,13.761863999118242,14.45325703421762,13.512948583655225,14.112904759260028,13.634977080627314,16.951736931275363,17.786610203538835,18.086514746562088,16.53965052402797,16.98456457998285,16.020073198385656,18.4429282667826,13.642156582553191,12.493940751199775,16.987609054786006,14.69921889256336
Var13,19.595482881117146,15.246659244364297,16.12160711089246,16.696274208482475,16.390714379789678,16.162395009264984,14.776361136400348,17.349565025401827,15.418443100598875,16.986600071634914,19.686108563747407,13.690542481422382,11.653069214206933,0.0,9.917681278330774,16.482817625480987,15.673875940859455,16.8459537186742,10.5073690121094,14.732861700324252,11.642474071841251,12.308042547390148,10.595094538792072,16.359121543673844,21.54962703919492,19.60326186432548,12.01277285934658,13.711141284549749,13.654983532200617,12.545445469021962,18.057691394206543,19.656460089405066,17.706967981027603,15.286215711268659,12.762856050362279,13.609340794100913,14.613703838183165,17.432119651368314,15.069414913364168,17.41939485391297,15.475335867092644,18.229417187534576,15.470805185576936,18.732968461587994,18.300432699253893,13.996361386329372,12.549532617673215,12.20937429144997,17.126394691054642,14.347598702505898,18.38220790533539,15.314030461517318,16.44823344774766,18.159795857450483,18.994276947541035,17.26987758601142,17.824085695942266,18.41126587475358,17.273405406920926,19.546297047582062,18.001955675322527,14.619877268885867,15.132953840648192,12.992030566709598,11.744195039494674,9.899284672211346,15.921971265807118,12.752963758234444,14.631111662856199,17.3491739247044,14.99190825273027,12.491718297806221,12.097532707821577,16.594694726674334,12.462706870125212,20.952461452579872,13.079279056059919,12.11272454629316,17.447370798825773,15.329933845812898,15.491553301582423,15.474664487799377,17.62148679671968,15.125297584983603,13.714902707309811,14.410485252748881,14.826655408967259,15.717953861196667,14.034859794000166,16.183721690819695,17.630867318590745,18.35552866258871,16.96289347429428,18.32366700083226,15.629681273340658,18.97161970038241,13.340483674755017,13.318018325238153,16.86457890747152,14.674985181144388
Var14,19.206751767988358,14.662981794000494,15.739561842869072,15.974696329095712,15.851278978727862,16.223906610748156,13.194180995381132,17.806067079625535,14.851453833663355,15.560966463675316,20.287174841334235,14.23660224520902,10.966027954072834,9.917681278330774,0.0,15.9352289561801,16.431974838010927,16.4793110118122,12.597860329248439,11.742604938564888,10.50217612692918,12.76338062431401,11.636919792879883,15.682337699963755,21.98126929108402,19.433434476570394,9.620811649936972,13.225690633585188,10.904581114964365,9.581215654239523,17.757974971458413,19.03631436840224,16.756585315150517,14.301634402963014,12.487773101062203,10.635814109232502,13.343253261479623,17.03289028044744,13.265234939056631,15.607049624716963,13.569008801785367,17.606566606341577,14.534232357831035,18.076857771198924,16.32407514720253,13.224245235020993,12.283452134556343,11.333678241210874,16.23278544724623,12.466764840273608,17.849911959158838,15.12884690009992,14.552139769494538,17.485858833651523,18.402227696151044,16.74301308770946,18.01492040387352,18.34842464947258,16.505786570121295,20.145773403510397,16.845039649042025,14.047407133117646,15.467311321595343,11.988397965568987,12.018914631299541,6.635360510417327,13.938847351259657,15.525397149928077,14.585015639012514,17.084273738399457,13.644286122580825,12.89176805617715,10.635104325184207,14.339924614850961,13.73833284712636,21.598344459836582,10.664945949562052,11.20180729610882,16.405376348829304,14.992672092142907,14.675090385680807,13.248019983776269,14.312617091542874,13.07951102066618,11.877866391039696,12.827656118184033,12.711338560321947,14.732082158158462,10.561105307297304,14.59845792667427,15.822593140221509,17.59069623014287,14.958360935767825,17.710397449178107,14.188504677458187,18.081394156108683,11.891284065427076,10.828843586580959,15.88162193987944,13.022786267316501
Var15,12.948385870691329,7.118203813172932,7.556854433261587,7.512219767745633,9.757544461137252,10.154805622950079,12.138452020807321,7.499411180532376,12.119290746834972,17.98865704977722,20.512889735559135,17.41949445960978,17.027494145580942,16.482817625480987,15.9352289561801,0.0,12.593487662499154,5.28230659699934,12.98236069226049,13.110603949817156,16.23482925890686,11.854605144908927,14.018519642818845,17.35491366364978,18.907799131554984,18.645625586538912,18.368998917551934,18.87728085747421,13.913513220457821,15.828149899020332,16.352823277530554,17.066757285238644,17.441365369431228,7.977815061409891,13.27992034273699,15.63458004556774,20.693225356481143,17.772547484572343,18.18424949514811,17.867636750907643,18.482936794477364,18.149949411369263,14.96943975483598,18.682557792113183,16.91906611496739,17.635857175578764,17.74554433925139,15.462900850859565,15.457844185778194,20.494778256943633,9.976985695249633,6.777752758605619,5.9699340505597815,9.415745433127787,12.70102705201901,11.602590440311092,7.577795618002001,12.295894639561986,20.78877780327878,22.72408446813616,22.10652505827005,20.729426254379113,17.095985741128448,18.496455945385073,17.31956382599955,16.280726835694168,13.099444849707437,15.74594379466794,8.735903562422418,6.1515984179805825,9.563460448599075,14.111861433272372,14.905575514529165,17.3350055182596,17.027692592121983,20.611198825796055,15.01825053542892,15.869674302805551,16.359447221293838,14.738539525613,15.069607060554526,17.123034567051292,15.176611001247185,13.929346844372528,17.825060912488663,11.461523786000209,18.38423062337386,20.46920063823597,15.245553471714787,19.13695020343701,15.195354297805082,16.331817574154766,20.188903604350994,15.92135320215557,15.433489282869369,17.479171278315476,18.518291786189316,17.046749203673627,14.369679819791305,20.16570696706305
Var16,17.721173962950363,14.348949639077153,14.406387440815557,14.761309626501854,14.925089162068609,13.259818280208016,16.923273841886235,14.495148432056002,14.983752722915975,19.216274765630125,20.258649452667285,16.480073199040437,15.94482630254887,15.673875940859455,16.431974838010927,12.593487662499154,0.0,12.227928539254846,11.014273975350966,15.75505534515034,15.638832939588054,11.840198988940513,14.149592028624586,14.628972110501959,18.417018507944352,18.04396664979138,17.435520274536763,17.442941699971954,14.363984868382087,14.573939640082811,15.036477356890703,16.345185521828878,18.369037597720105,11.046543064205666,13.6638778368371,17.449991135236942,19.865922295750426,19.818058703788832,18.566148813547315,18.494904679565852,18.917643935648922,18.58562570763203,14.954231424476411,18.46237575979221,17.611917874002277,18.515146681744703,18.2311465090889,16.572067690360207,17.823106301727545,19.94396588555955,15.206144279498734,14.480801654807415,14.359691649701336,15.771798720437205,16.78684719692844,15.575619039946977,14.777869321962879,16.406551531912854,20.669086881414046,21.023042091746575,20.992193444217566,19.790135572110234,18.822400063683144,19.006284520823232,16.246109033059852,16.42088987116968,17.87508492032941,14.701140439180499,11.334143688339173,12.217732188414026,12.957785528415544,13.783666485237802,15.434310913079418,18.48719707212437,15.309408050134541,19.785538519785813,14.805465869170138,15.51189577582866,16.045109923989152,15.367111607934598,13.72427726462861,18.823532220434018,17.23164062685569,14.427987329760745,17.873882871336264,15.82052886579948,18.81303349594637,19.381318738491036,17.413383680046962,19.31883242529635,19.54670215353708,20.244202041183694,20.777150639805768,17.269628584747625,15.579773168044555,17.308250884705163,19.476120418637052,18.810840838276057,17.208105139952277,20.006089430497035
Var17,13.496525624541931,7.453905093038141,9.215568259305023,7.552362964657703,9.318917124802049,11.328283998040778,13.595617998931118,7.050943226380175,13.555039535481617,18.93590685513747,21.038335188608666,18.146575585748963,17.084238749943758,16.8459537186742,16.4793110118122,5.28230659699934,12.227928539254846,0.0,12.260513572069305,14.10081725355859,15.160773708201512,12.137393619817507,13.924372932207167,18.463672844426117,19.46440098937321,19.941987851976215,19.100624710517923,19.509250843064347,14.56958141127644,16.263802345705393,16.7864420325291,17.031996137574218,18.13837348700981,6.82263047452408,13.294744256244856,16.557090564011805,21.43677062838337,18.231186924388446,18.788315448039892,18.60360430662356,19.194247468926214,18.807711271297414,15.606543390858043,19.046382574389334,17.241904680280673,17.94438753250523,18.288672794997044,15.510074086810492,15.928216914654353,21.15747902081195,10.960769495575848,7.668815589839206,7.058887314720326,9.293426831115434,13.643360232494596,12.943202455958627,6.869666684532898,13.07371727848372,21.173333929633024,22.943191070795145,22.050002195172233,20.895344530849965,16.775160774679748,18.122407840500887,17.328284713497773,16.719739121425985,15.369791882544956,15.719207409764156,8.402046892721216,3.7591727800348473,9.540903390776458,14.974675012153115,14.385471775968593,18.72579307215362,17.78612905864307,21.24908028321026,15.758581962926458,16.70733995183347,16.730598571914438,15.672869539252003,15.978320694558516,18.224737133217193,16.237733784512486,14.514242453021652,18.795527220090296,12.98041447675053,19.76394976125034,21.514102186976135,16.799002396976558,20.811820082326406,16.536729888821885,17.703334567444667,21.377676860889565,16.75679013564486,17.157185516337908,18.017728733054486,19.69348438372543,18.0266204793808,14.692034568724623,20.974183030462022
Var18,17.60380283630938,13.641646265519906,13.94674666367709,14.223771643426447,14.086264826253654,13.654570942627952,14.20991155345756,14.756852798695112,14.634776566687755,17.374432253273106,20.2718222521266,14.903236668894984,13.570451728779208,10.5073690121094,12.597860329248439,12.98236069226049,11.014273975350966,12.260513572069305,0.0,13.507756474980745,11.754623161682053,10.169690908739623,11.156709274263312,15.618470314825727,20.043484235089057,18.6066697837916,15.015468090089776,15.759775155966036,12.882562856583398,12.931222763325989,16.917764454784713,17.76099631271043,17.777719686430757,10.436599796429075,11.794548565303806,14.608703036867357,17.226907100311493,18.182026765311157,16.291887348222406,17.244274745247804,16.496265005696706,18.30918310379476,14.134122810526337,19.10810722709294,17.585019196000037,16.524155868824373,14.981858347613036,13.00317552283178,16.438056985297056,16.754931896639192,15.460283438842588,13.583608052982013,13.619258515743333,15.701214501756608,17.566539342728486,15.328091883598809,15.369263403340128,16.683150955196606,18.558849210006525,19.910685112637793,19.831251560501215,17.568588304389586,16.89445001462372,14.973174508478735,13.505478928388948,12.523782963382299,15.799782514326902,12.099031283379732,10.755275895888637,12.603749192012753,11.576217958389233,12.61017621921936,11.943850782689182,17.124215995659693,13.281113422529168,20.309722028116017,12.442400829440281,13.919581707552426,17.015760908743328,14.416951353867898,14.06445051614749,16.6763149813193,17.095854835907666,14.178383011299566,15.978519536953389,14.152091090166978,16.705915512754284,18.946227046146173,14.993521236821055,17.637652355375128,17.27169790577119,18.539298091766046,19.122186895628218,18.60526012363086,15.683956582396629,18.313054491878145,17.182353723013343,15.618048435785436,15.758099157787056,17.138138879051883
Var19,16.055591387820158,13.789511330925832,13.889791381930348,14.414308040438627,15.645092689703977,15.278147894754808,11.806720855550836,16.625393413566975,13.74608938551324,15.260409228833254,20.314903127401085,16.403297922742134,15.817999859746429,14.732861700324252,11.742604938564888,13.110603949817156,15.75505534515034,14.10081725355859,13.507756474980745,0.0,13.590703631301611,13.363189964463192,13.430362055412115,16.507793798713145,20.047767026345504,18.572370542546043,12.276835992258128,15.434424355284193,13.175159276726244,14.182956708434,17.880586830575808,16.615782008418957,15.428218738459913,13.183443195386467,13.564587181850232,10.330304433973305,14.906151752779092,15.960193611434539,13.250099926645058,15.514509564393116,11.685789268664768,15.741702246033894,12.620578120933684,16.405172543342896,12.549689937349656,12.33469789687397,14.223751046602668,11.355931691607354,14.887658542593732,13.314863518343062,14.806383657073246,13.889108451405574,11.395485463260048,15.262414235144524,17.07321362102838,15.494583893494086,16.83062193014956,16.51690010212152,16.816899552829437,20.883405891077484,19.389570764466228,17.139688010585218,18.598078847117744,16.003561213565796,15.066863647335248,11.979695943329054,11.668097208466886,17.109439445452228,15.060709983773686,14.809087812467993,9.282397547068452,16.023537430851825,13.090576784655365,14.885232201713151,15.70840902913257,21.420329659825153,13.076056677765102,15.008802770107131,17.079178351939927,12.198194472014634,14.608646969972948,13.321612516125489,12.187034974140005,15.605198025627642,14.242313377759388,13.486773461441366,13.21430321090705,16.081299041244854,9.713643301318012,15.166280408517428,14.337325345438112,16.42437164097888,16.5465609139003,17.62075114824762,15.269237807119545,15.855088296197216,13.007860024501039,12.254112182682151,15.196094562336842,14.142282483754602
Var20,18.707847793951302,14.732520300599884,16.107408186835123,16.17360340109376,15.67166351822629,16.08520856307235,14.176122767671481,17.133451827261858,16.187475795239983,14.655154405080642,20.583720268886793,15.129153519917606,14.331510524797702,11.642474071841251,10.50217612692918,16.23482925890686,15.638832939588054,15.160773708201512,11.754623161682053,13.590703631301611,0.0,14.539657310407735,14.491348985256318,16.544060446709384,20.496191956976396,21.015879403889485,15.015892532262113,16.551078270007306,13.98097907188504,14.381386481023391,18.834967527261472,18.088861503203493,18.872763871290704,15.211131887845855,14.976523639953605,15.129798556356818,17.369871616887583,17.13731859817393,16.752707463844413,18.0239599634341,16.774117551441368,18.69612975403241,16.748695814999934,19.44667730237063,17.566600725451494,15.33466020424546,16.065239480588417,14.628659604175393,16.64246921960273,15.10769150959962,18.5807035081866,16.500281412540467,15.825410596647048,17.44473651169165,18.26288050694419,16.563101616572155,17.36438417310937,18.425483345254378,16.365029639859653,18.609706406635805,18.484663912602297,16.044025270703532,16.47273964358387,14.969374535618014,13.953218018179085,12.360872507647933,15.851489892098419,15.89667716530605,15.225412878480583,15.700183638824514,13.488592306893723,15.273586485664435,13.51405347714642,16.953611831677172,14.351254306979044,21.974777253043023,13.22682038196469,14.548638098939186,17.740244416065202,16.885514546145252,16.319938274987837,16.69154255831434,17.1237554930537,14.857668314008947,15.993522896706821,16.827539923906137,17.041131604804953,18.310893907044644,15.50090726593389,18.52873960940795,18.270950461262068,18.479622394521613,17.894142394920692,19.370656687869502,17.77971843594402,19.33997233857874,16.12972388167784,15.37652788234679,16.18744360041063,15.278424527987536
