0,1,2,3,4,5,6,7,8,9,10,11,12,13,14,15,16,17,18,19,20,21,22,23,24,25,26,27,28,29,30,31,32,33,34,35,36,37,38,39,40,41,42,43,44,45,46,47,48,49,50,51,52,53,54,55,56,57,58,59,60,61,62,63,64,65,66,67,68,69,70,71,72,73,74,75,76,77,78,79,80,81,82,83,84,85,86,87,88,89,90,91,92,93,94,95,96,97,98,99
0.0,0.38774204,0.2578782,0.078277335,0.227469,0.47963512,0.5386491,0.2827693,-0.002497737,-0.18716256,-0.045514125,-0.19958568,-0.3167486,-0.5059642,-0.46020728,0.46022913,-0.39850378,0.37159902,-0.35175663,0.437611,-0.6177794,0.120251946,-0.01736354,-0.17598829,-0.13241808,-0.30742928,-0.38618258,-0.47867644,-0.37511706,-0.68828684,-0.0013625026,0.34645128,0.13371117,0.24494833,-0.13025698,0.38113442,-0.015622795,-0.28885978,-0.32305136,-0.10489706,0.103257574,-0.21169594,-0.31605658,-0.0056666755,-0.107800215,-0.23667882,-0.18801326,0.10312417,0.80256814,0.28908667,0.5631521,0.4179459,0.13174637,0.15544261,0.65558726,0.09554273,0.24908993,-0.05931173,-0.021898028,0.16867292,-0.15400152,-0.3232403,-0.35779157,-0.3558644,-0.51788837,-0.38473678,0.4129782,-0.43220514,0.11386955,0.18809436,-0.38850418,0.20285401,-0.43612072,-0.06214307,-0.1083781,-0.288352,-0.30946535,-0.48174882,0.1816497,0.39603677,-0.23370905,0.04644649,-0.25084358,-0.12143094,-0.27779102,-0.073142834,0.17706956,-0.035943527,0.27860305,0.07923196,0.119880244,-0.09849966,-0.32372817,-0.25316426,-0.10230088,0.25924766,-0.08686555,0.17225428,0.7995031,0.3374902
0.38774204,0.0,0.22790894,0.591164,0.80592644,0.039148614,0.53123266,0.7840003,-0.17715617,-0.81360465,-0.56948,-0.7099482,-0.5684034,-0.76491827,-0.8107265,0.88681483,-0.48298818,0.8698962,-0.522321,0.8278109,-0.6650605,0.25344598,0.44538486,-0.42494875,-0.7750787,-0.727669,-0.09412004,-0.21443903,-0.30200222,-0.22973724,-0.64756143,-0.36080527,-0.20528203,0.7605775,0.61096466,0.7019833,0.42792138,-0.90615934,-0.841792,-0.6566127,0.6919785,-0.23505025,-0.1348534,-0.60016227,0.48432702,0.08703152,0.54200315,0.77898896,0.48615447,0.61442596,0.61658937,0.65070736,0.70265466,0.75722444,0.31436396,-0.27074018,0.8016307,0.43252456,-0.5288392,-0.5680775,-0.7879832,-0.5744375,-0.6932991,-0.8227257,-0.75092417,-0.82730085,0.78347766,-0.6169607,0.552215,0.8905313,-0.33283022,0.5764987,-0.017641876,-0.68566895,-0.54591143,-0.76145893,-0.3827542,-0.6461274,0.2217063,0.5534146,0.020269496,0.7451525,0.62543285,0.68148667,0.64406997,0.7093582,0.49518275,0.30879453,0.6259107,0.6903329,0.44521612,-0.6480588,-0.74952394,-0.06310045,-0.36886793,0.038796976,0.38952884,0.7893341,0.673037,0.5319267
0.2578782,0.22790894,0.0,0.27302453,0.18190324,0.6833599,0.27885234,0.38425118,0.68047196,0.1347547,0.40698525,0.29872146,0.19466278,0.042132925,-0.019566946,0.087131776,-0.010160593,0.05852767,-0.14572173,0.19029239,0.016824054,0.20803215,-0.07709315,0.515381,0.10389729,0.28830883,-0.29729372,-0.13179645,0.071749926,-0.12259693,-0.3966289,-0.05919766,-0.5068016,0.035993315,0.07443664,0.062262885,-0.20747869,-0.048301212,-0.39464068,0.11028225,-0.26098981,0.33176577,-0.44596443,-0.17640139,-0.36327913,-0.5658829,-0.36256453,-0.21025236,0.31415644,-0.25314665,0.37515303,0.63504916,0.31519663,0.138059,0.62078583,0.6855327,0.360644,0.55969137,0.28054014,0.26598305,0.18522865,0.16950287,0.19923115,-0.024157079,0.08678143,-0.024759497,0.03924153,0.06245419,0.36316615,0.16797554,0.4338159,0.41577384,0.17410064,0.2674099,0.3998267,0.10835539,0.17466749,0.118795976,-0.30592468,-0.040247485,0.31958473,-0.13411602,-0.04790372,0.11547128,0.06654405,-0.17673358,-0.13847667,-0.035760056,-0.02504877,0.099726595,0.06905926,-0.037458878,0.12641202,-0.0442253,-0.13061295,-0.15030357,-0.31458554,-0.08789645,0.41999403,-0.17697807
0.078277335,0.591164,0.27302453,0.0,0.8630705,0.11868161,0.59546524,0.9042106,0.19452694,-0.44659758,-0.09351722,-0.3107721,-0.3823154,-0.54611987,-0.48121813,0.48914698,-0.47677985,0.35638312,-0.6667339,0.4530874,-0.4887198,-0.26271263,-0.012014315,-0.1648611,-0.5359593,-0.28107518,-0.46647105,-0.24652347,-0.23023163,-0.22732829,-0.4624785,-0.45217437,-0.6591609,0.25139022,0.46540263,0.43605042,0.2055073,-0.5943434,-0.4387344,-0.3072283,0.4823683,0.054268863,0.0026327844,-0.2648263,0.12513675,-0.16117099,0.34568018,0.3916889,0.3184718,0.368087,0.55052793,0.614743,0.80693364,0.888907,0.30317605,0.09093143,0.8419655,0.5031215,-0.0031708407,-0.2334409,-0.46659186,-0.33381435,-0.4730752,-0.62606657,-0.39049593,-0.5511261,0.64771,-0.3773038,0.13625288,0.51940966,-0.19319151,0.20801915,-0.19082376,-0.26926076,-0.2629739,-0.5389688,-0.20726499,-0.5820621,0.12581392,0.48022196,-0.15890115,0.53454185,0.44244638,0.42460468,0.4701029,0.40144894,0.27037528,-0.016695013,0.32177368,0.7114557,0.70967746,-0.18336734,-0.20430928,-0.023744095,0.010764484,0.07335963,0.10415602,0.31108615,0.38672858,0.36013436
0.227469,0.80592644,0.18190324,0.8630705,0.0,0.054699574,0.5938878,0.89764196,0.0029916137,-0.7428709,-0.40758568,-0.62527156,-0.5121498,-0.69638973,-0.6637796,0.70440114,-0.50143087,0.6655425,-0.6110412,0.7221058,-0.61675704,-0.10619303,0.21292947,-0.400445,-0.7799256,-0.58778393,-0.2549981,-0.18820374,-0.21918382,-0.24169965,-0.5167361,-0.45522395,-0.42241094,0.5691033,0.6338269,0.68544006,0.44837683,-0.81173825,-0.6145463,-0.5873329,0.73687565,-0.10608635,0.09901069,-0.37225083,0.41373077,0.09861984,0.5885799,0.688562,0.40971485,0.6381584,0.58943295,0.6063608,0.79832166,0.95091575,0.3172376,-0.10517667,0.8736624,0.5023642,-0.35174084,-0.49968752,-0.74100727,-0.46742627,-0.6242266,-0.7511322,-0.5879172,-0.7112213,0.8274389,-0.49605468,0.3239382,0.74044114,-0.32267767,0.31909746,-0.17860883,-0.5700089,-0.5451522,-0.7825302,-0.27588806,-0.7151259,0.30579323,0.6014418,-0.14661624,0.76486886,0.60627025,0.58148986,0.59024763,0.6509382,0.50909454,0.19634847,0.5735637,0.79190546,0.7067888,-0.47287217,-0.51757675,0.015461349,-0.1318563,0.18183225,0.37013885,0.60724974,0.55611235,0.59549385
0.47963512,0.039148614,0.6833599,0.11868161,0.054699574,0.0,0.43609616,0.1932099,0.5549436,0.19136447,0.38084397,0.24196234,0.046108622,-0.00022054769,0.07595269,0.03622968,-0.20725667,-0.09665298,-0.20798106,0.09588263,-0.09463426,-0.103620715,-0.15870216,0.261177,0.27407843,0.2296897,-0.38308778,-0.3808623,-0.10589618,-0.436494,0.020723905,0.32900953,-0.18010108,-0.16986084,-0.2881305,0.06349631,-0.33585307,0.08927197,-0.13437022,0.22070582,-0.32029068,0.060142476,-0.41433018,0.058465432,-0.49628326,-0.53246695,-0.5082969,-0.32070807,0.53793466,-0.19827819,0.365391,0.36992174,0.023790058,-0.023022493,0.8523463,0.70502484,0.112983376,0.16423625,0.30926523,0.42211846,0.2610797,0.05450559,0.14401227,0.0628545,0.036405258,0.10852331,0.03217266,-0.05920513,-0.058196124,-0.14114666,0.1867301,-0.006693765,-0.15942888,0.29873732,0.29428473,0.1483019,0.012296889,-0.019211581,-0.22497669,0.08289662,-0.105411395,-0.32149097,-0.41542932,-0.31183496,-0.35659674,-0.3987776,-0.19970019,-0.23774372,-0.07048733,-0.13964543,-0.023518283,0.18228734,0.10413293,-0.19684184,-0.010911411,0.024073133,-0.39366493,-0.21178187,0.5131504,-0.07976069
0.5386491,0.53123266,0.27885234,0.59546524,0.5938878,0.43609616,0.0,0.7000673,0.001953272,-0.3217327,-0.11823263,-0.30963343,-0.70722336,-0.7224205,-0.5316795,0.6632036,-0.86599153,0.32612342,-0.85258263,0.44953355,-0.6912629,-0.2790981,0.15630907,-0.36946362,-0.24788891,-0.40104055,-0.6427698,-0.80461603,-0.70455563,-0.72330254,-0.18543452,0.1454937,-0.23626806,0.105027996,-0.046557702,0.4094582,-0.17220703,-0.4884649,-0.38660765,-0.032912444,0.27294955,-0.39414734,-0.4418244,-0.32580155,-0.15534706,-0.42796507,-0.011077334,0.24903332,0.77765167,0.30659062,0.75899965,0.5780882,0.5150206,0.5731066,0.6362593,0.08077931,0.6133964,0.067137845,0.07381035,0.057480097,-0.34731832,-0.6789756,-0.66353756,-0.6634208,-0.61951333,-0.5563013,0.635429,-0.7559665,-0.14685372,0.3149558,-0.43181893,0.025977727,-0.3104618,-0.18110096,-0.24752837,-0.43143398,-0.64345413,-0.72054255,-0.055376753,0.6941727,-0.5470209,0.20389897,-0.042647265,-0.0025428077,0.011810876,0.120012425,0.009991029,-0.33909023,0.25154048,0.35632938,0.40641972,0.049835138,-0.35584277,-0.47212216,-0.088304974,-0.047938,-0.17120856,0.2960975,0.7076178,0.33061573
0.2827693,0.7840003,0.38425118,0.9042106,0.89764196,0.1932099,0.7000673,0.0,0.12152575,-0.5534997,-0.22376041,-0.42087364,-0.49812952,-0.6786664,-0.6324113,0.7019135,-0.5654486,0.56601197,-0.7095524,0.643449,-0.6014018,-0.07474825,0.18323494,-0.22852723,-0.59938574,-0.43423656,-0.44919232,-0.3614457,-0.3496875,-0.30777633,-0.56778437,-0.36788368,-0.5694057,0.4355658,0.5049174,0.542507,0.19803387,-0.7118753,-0.62049514,-0.35822403,0.5326844,-0.076578386,-0.15448079,-0.4566194,0.16181207,-0.19990891,0.35589665,0.5107826,0.5015175,0.43688884,0.7169378,0.7850718,0.8748012,0.9048601,0.42209673,0.037943963,0.9457369,0.53898126,-0.12079792,-0.29338983,-0.57509637,-0.47407126,-0.59933126,-0.75439376,-0.55133873,-0.6929199,0.75274014,-0.53804994,0.29373622,0.6948191,-0.22842371,0.37602836,-0.10027445,-0.3721934,-0.33650982,-0.6428892,-0.34655982,-0.66104394,0.106198184,0.5959636,-0.144771,0.5775281,0.45803568,0.4973632,0.5105792,0.47137716,0.28671166,0.00792118,0.4110562,0.7078587,0.6593599,-0.30423123,-0.38758197,-0.16135815,-0.15572892,-0.010461336,0.11004803,0.4823288,0.5999674,0.40675145
-0.002497737,-0.17715617,0.68047196,0.19452694,0.0029916137,0.5549436,0.001953272,0.12152575,0.0,0.37249643,0.6730607,0.5163531,0.5364172,0.34983966,0.31373322,-0.37013522,0.29031157,-0.29666892,0.107335314,-0.09887154,0.28425148,-0.13545218,-0.43583128,0.6481321,0.22356655,0.56903154,-0.22492251,0.13765772,0.3655169,0.015041278,-0.053606253,-0.0997784,-0.49502933,-0.2374037,-0.0119786495,-0.05674355,-0.12559818,0.3360641,0.10252711,0.24497673,-0.32499748,0.5839334,0.009116018,0.32046384,-0.36469987,-0.33484477,-0.35109928,-0.43678296,0.023869721,-0.27580765,0.062449247,0.2991933,0.12359465,0.0011798022,0.40777138,0.90626365,0.10933013,0.5443219,0.45521188,0.4007593,0.40742558,0.557457,0.50721854,0.33876327,0.46523803,0.3225386,-0.1331523,0.46059105,0.105910614,-0.16295317,0.5403127,0.038746133,0.01819557,0.53016883,0.49395543,0.2595987,0.49697593,0.27572563,-0.07297033,-0.22339162,0.27236837,-0.21960115,-0.14449157,-0.08240698,-0.12515849,-0.34237295,-0.09352403,-0.037681922,-0.106087536,0.019795813,0.17982735,0.20303261,0.5448667,0.21241593,0.21902564,0.14037906,-0.24445769,-0.42965233,0.08898792,-0.14571822
-0.18716256,-0.81360465,0.1347547,-0.44659758,-0.7428709,0.19136447,-0.3217327,-0.5534997,0.37249643,0.0,0.7827272,0.93956834,0.55695057,0.67274636,0.70155424,-0.7492012,0.3944705,-0.8278726,0.3376466,-0.7708808,0.5688593,-0.09811527,-0.5055256,0.68019146,0.880844,0.8694161,-0.23276578,0.014330006,0.14968587,0.10066746,0.4626571,0.4022829,-0.057877257,-0.78651977,-0.63918287,-0.80713147,-0.67786765,0.8701176,0.6531669,0.8455326,-0.881685,0.33908978,-0.20448676,0.4467474,-0.7730317,-0.5005991,-0.79838717,-0.9306001,-0.2600844,-0.80603623,-0.3249648,-0.24749562,-0.46656713,-0.6615171,-0.0879386,0.473457,-0.5629167,-0.2655786,0.809361,0.80665016,0.93024546,0.53445834,0.647256,0.6865623,0.68263805,0.69787556,-0.7703864,0.51094013,-0.41120446,-0.7881253,0.4359479,-0.32718205,0.067786105,0.90027887,0.8157188,0.8261083,0.30083087,0.61692584,-0.44298908,-0.4949266,0.06574704,-0.88444614,-0.7399446,-0.6682082,-0.6671156,-0.8792667,-0.6845389,-0.47592354,-0.76607513,-0.67423683,-0.40330896,0.7475226,0.84235114,-0.14238477,0.28683138,-0.23528647,-0.71612155,-0.8881946,-0.4640674,-0.7153932
-0.045514125,-0.56948,0.40698525,-0.09351722,-0.40758568,0.38084397,-0.11823263,-0.22376041,0.6730607,0.7827272,0.0,0.86807406,0.55263704,0.46743667,0.48143697,-0.62917316,0.29285097,-0.71102285,0.11631832,-0.5699141,0.3521968,-0.15753068,-0.6978952,0.7745998,0.6252319,0.864387,-0.37115055,0.02257071,0.20615655,-0.032049168,0.21437344,0.120169744,-0.3688065,-0.68670374,-0.4192786,-0.5107634,-0.4773738,0.6257694,0.39566964,0.595189,-0.7312197,0.60460943,-0.15778764,0.5541575,-0.69125164,-0.54819655,-0.7488516,-0.86463267,-0.11280787,-0.63138217,-0.16912484,0.02036681,-0.20416147,-0.3615603,0.18283264,0.71967816,-0.272507,0.055200968,0.81567353,0.8210741,0.8101674,0.56192315,0.58793926,0.49974954,0.5487157,0.4800299,-0.49964216,0.48125693,-0.25495833,-0.5974763,0.43442652,-0.15880488,-0.12375272,0.88503474,0.838075,0.65613914,0.4102721,0.45598018,-0.3127623,-0.47884616,0.16949019,-0.6402998,-0.54550403,-0.443596,-0.4909876,-0.7453577,-0.4324881,-0.2903301,-0.50002265,-0.30525205,-0.12855388,0.57398564,0.7998257,0.07471739,0.4512229,0.0455652,-0.5817243,-0.82051283,-0.2009973,-0.47495273
-0.19958568,-0.7099482,0.29872146,-0.3107721,-0.62527156,0.24196234,-0.30963343,-0.42087364,0.5163531,0.93956834,0.86807406,0.0,0.62008744,0.65853316,0.6549893,-0.72181416,0.42031112,-0.7865641,0.30241755,-0.7141739,0.55688673,-0.031892203,-0.5489429,0.8093291,0.8078727,0.9334219,-0.25338113,0.06876034,0.21506083,0.1631278,0.28685558,0.24751182,-0.232223,-0.73324215,-0.5032732,-0.7636472,-0.6370491,0.7949659,0.51867545,0.7464148,-0.8750846,0.51426274,-0.22346227,0.415984,-0.76115173,-0.5620996,-0.7898988,-0.92165005,-0.27681178,-0.8290545,-0.2871096,-0.10993315,-0.34082723,-0.5537051,-0.030998249,0.5840535,-0.4324878,-0.08013299,0.833384,0.8008735,0.93110836,0.6011953,0.67995167,0.629581,0.6842249,0.63928986,-0.7404669,0.545043,-0.27857533,-0.68438214,0.5324337,-0.18404423,0.08773893,0.9101367,0.9062156,0.80582803,0.38676697,0.6349333,-0.45967257,-0.55804473,0.1988639,-0.81380445,-0.6293809,-0.53536904,-0.5362959,-0.8403723,-0.6499471,-0.40400347,-0.73325616,-0.553262,-0.34306705,0.6577919,0.8496077,-0.056942247,0.26964927,-0.22216977,-0.7191885,-0.88761795,-0.41676846,-0.7320208
-0.3167486,-0.5684034,0.19466278,-0.3823154,-0.5121498,0.046108622,-0.70722336,-0.49812952,0.5364172,0.55695057,0.55263704,0.62008744,0.0,0.81161606,0.65677893,-0.78588855,0.8732225,-0.47473362,0.754763,-0.43390304,0.70656747,0.14466545,-0.44407257,0.7163117,0.41223502,0.7086093,0.29769114,0.6463495,0.7419606,0.50443345,0.2075638,-0.04793903,-0.0658752,-0.2648097,-0.060817458,-0.39570513,-0.013008444,0.6630374,0.40358278,0.21662971,-0.4902229,0.64594597,0.3029811,0.50028294,-0.19277166,0.07097931,-0.29866686,-0.5437656,-0.51983684,-0.45173413,-0.52492285,-0.26802662,-0.3891477,-0.4987342,-0.20050935,0.47794148,-0.45242274,0.20630005,0.28457814,0.2842786,0.6052009,0.9724641,0.90416557,0.792407,0.8022045,0.69089544,-0.63027185,0.92464393,0.13403742,-0.4248399,0.63833606,-0.03760275,0.18559705,0.52368724,0.5492157,0.53591865,0.8024232,0.72961086,-0.0076349317,-0.6849409,0.5244902,-0.3883449,-0.19452024,-0.1704749,-0.22908872,-0.41914177,-0.11869872,0.17089507,-0.32601115,-0.37069258,-0.24575508,0.14751908,0.6441991,0.44192296,0.2004207,0.14521033,-0.10832075,-0.5809693,-0.46067366,-0.3813314
-0.5059642,-0.76491827,0.042132925,-0.54611987,-0.69638973,-0.00022054769,-0.7224205,-0.6786664,0.34983966,0.67274636,0.46743667,0.65853316,0.81161606,0.0,0.901318,-0.8654571,0.77389073,-0.6392547,0.7857968,-0.612713,0.9113764,0.0033813275,-0.26206237,0.60118717,0.6390633,0.7289808,0.36316493,0.5322571,0.6440089,0.5485919,0.3702005,0.16216439,0.054601725,-0.44278204,-0.290117,-0.61275584,-0.24347891,0.80909365,0.58292,0.45273784,-0.62099004,0.38712147,0.18837216,0.36125538,-0.3319647,0.021672575,-0.37199652,-0.6258498,-0.61277705,-0.63359576,-0.6116631,-0.46140972,-0.5520355,-0.66977787,-0.318919,0.37567514,-0.6346469,-0.036628697,0.31816152,0.29884484,0.67716646,0.7881457,0.9084774,0.9216363,0.9287283,0.9096652,-0.810442,0.8457984,-0.11063887,-0.605656,0.69567364,-0.27479056,0.38080156,0.52733874,0.520198,0.6960898,0.65052474,0.8527865,-0.22666685,-0.64351016,0.35355222,-0.59980327,-0.3450601,-0.3718594,-0.3276116,-0.51567024,-0.38859013,-0.061503835,-0.5517791,-0.6244327,-0.44475952,0.32553005,0.6682055,0.22384712,0.12240336,-0.14974605,-0.24707133,-0.6302112,-0.66586214,-0.5901008
-0.46020728,-0.8107265,-0.019566946,-0.48121813,-0.6637796,0.07595269,-0.5316795,-0.6324113,0.31373322,0.70155424,0.48143697,0.6549893,0.65677893,0.901318,0.0,-0.82134086,0.5657146,-0.7264755,0.6167375,-0.6600653,0.8508935,-0.20007177,-0.2689889,0.466031,0.72117925,0.7103258,0.21107827,0.3181479,0.45154124,0.40260878,0.51788425,0.3101096,0.086107925,-0.5908465,-0.45182678,-0.6553883,-0.40436706,0.83796185,0.69566363,0.5643267,-0.6421378,0.23854548,0.13133855,0.37854216,-0.4507149,-0.07587003,-0.43291718,-0.67250496,-0.5001076,-0.6569336,-0.52766085,-0.48783997,-0.54827464,-0.6290081,-0.24201956,0.39184687,-0.6240087,-0.16749462,0.40135548,0.37314412,0.69953513,0.6541333,0.81538475,0.88429296,0.8982073,0.96101046,-0.77643377,0.7078918,-0.36028072,-0.7072112,0.59593934,-0.502043,0.28249836,0.5388787,0.4851221,0.6910954,0.4754458,0.7320177,-0.27677512,-0.5006825,0.095377624,-0.6801568,-0.48261952,-0.5599186,-0.4636024,-0.60820156,-0.52154785,-0.27587825,-0.63736856,-0.69288975,-0.4124153,0.51071,0.6765391,0.06393243,0.13314372,-0.19009858,-0.36798295,-0.69093305,-0.6476006,-0.60790795
0.46022913,0.88681483,0.087131776,0.48914698,0.70440114,0.03622968,0.6632036,0.7019135,-0.37013522,-0.7492012,-0.62917316,-0.72181416,-0.78588855,-0.8654571,-0.82134086,0.0,-0.7036639,0.7973478,-0.6498679,0.73946416,-0.7549667,0.16761819,0.53784764,-0.6153898,-0.63357973,-0.8032454,-0.18839392,-0.49092487,-0.605271,-0.38900244,-0.46625045,-0.10993771,-0.027378798,0.6257283,0.37887675,0.61448526,0.21889116,-0.8405877,-0.7064768,-0.49331373,0.63114464,-0.4781011,-0.28031796,-0.6442907,0.37381247,-0.0021966377,0.44017068,0.73558193,0.60377836,0.57697994,0.6627971,0.54970855,0.5842255,0.6656558,0.3201611,-0.39339706,0.69813526,0.16391306,-0.47843742,-0.4671106,-0.74827284,-0.79911417,-0.8574447,-0.88939357,-0.87415195,-0.8444388,0.7612534,-0.8489514,0.30659607,0.76670253,-0.52325445,0.39277455,-0.076905176,-0.68191344,-0.58562934,-0.7216098,-0.68868315,-0.74831843,0.13360754,0.6880417,-0.2539441,0.61181134,0.42685452,0.45934632,0.45958713,0.5996024,0.31319293,0.07519886,0.52251387,0.5298981,0.3379664,-0.4724616,-0.8138344,-0.32545766,-0.41546398,-0.07994982,0.2517441,0.77499694,0.6808441,0.483467
-0.39850378,-0.48298818,-0.010160593,-0.47677985,-0.50143087,-0.20725667,-0.86599153,-0.5654486,0.29031157,0.3944705,0.29285097,0.42031112,0.8732225,0.77389073,0.5657146,-0.7036639,0.0,-0.29577154,0.8886353,-0.32486358,0.7062819,0.2697668,-0.26786846,0.55934644,0.24772726,0.49723363,0.510182,0.79856056,0.8120687,0.61083204,0.14955229,-0.12421298,0.0803712,-0.05304853,0.07824853,-0.30062324,0.19429184,0.5484146,0.3549826,0.077379726,-0.29511032,0.5336842,0.42174158,0.38956937,0.05453172,0.31571248,-0.06752,-0.32227823,-0.62722385,-0.28615266,-0.6167047,-0.36188838,-0.41046745,-0.49228007,-0.4000348,0.19815916,-0.48035973,0.17747511,0.049419988,0.04922278,0.41104436,0.8448761,0.7912158,0.73610693,0.72304034,0.6100274,-0.5707997,0.8898315,0.27802047,-0.27473179,0.5818909,0.05658382,0.29597864,0.32402006,0.34872246,0.4117508,0.79816973,0.7118434,0.11313601,-0.657785,0.6127113,-0.21607508,-0.012358354,0.0007197319,-0.06831086,-0.20498936,0.052417926,0.35037178,-0.18171676,-0.30791083,-0.2696341,-0.04655214,0.4758131,0.52003676,0.12652522,0.13101944,0.109667085,-0.37187,-0.50992787,-0.26513878
0.37159902,0.8698962,0.05852767,0.35638312,0.6655425,-0.09665298,0.32612342,0.56601197,-0.29666892,-0.8278726,-0.71102285,-0.7865641,-0.47473362,-0.6392547,-0.7264755,0.7973478,-0.29577154,0.0,-0.25750306,0.9074288,-0.5366966,0.35513705,0.56004065,-0.494052,-0.80432373,-0.8249526,0.17729205,-0.04586975,-0.16044341,-0.13207832,-0.5254028,-0.26118612,0.06421058,0.9339677,0.64262635,0.74896157,0.5712161,-0.80567265,-0.69927377,-0.6883173,0.7728557,-0.29742342,0.05362771,-0.5369034,0.64079565,0.3528983,0.6583758,0.85696447,0.399042,0.7230085,0.47111863,0.47046328,0.52053005,0.6034343,0.18637653,-0.4123555,0.62767464,0.38840678,-0.7132482,-0.68346256,-0.8382507,-0.5019426,-0.6148418,-0.664487,-0.66438943,-0.7002931,0.7363282,-0.4925477,0.6531802,0.9058585,-0.29837388,0.5560808,0.092436835,-0.76099414,-0.6688519,-0.8037431,-0.29944727,-0.56343377,0.3807084,0.51402044,0.061374817,0.7743534,0.63473225,0.67613703,0.60046047,0.7608361,0.6010658,0.44634366,0.7075485,0.5840899,0.3477207,-0.76753724,-0.8003206,-0.011391277,-0.3881687,0.10498005,0.56216776,0.8596869,0.61565566,0.62318164
-0.35175663,-0.522321,-0.14572173,-0.6667339,-0.6110412,-0.20798106,-0.85258263,-0.7095524,0.107335314,0.3376466,0.11631832,0.30241755,0.754763,0.7857968,0.6167375,-0.6498679,0.8886353,-0.25750306,0.0,-0.2943276,0.74579966,0.2637562,-0.053367846,0.37297574,0.3094043,0.36613506,0.67239773,0.7257778,0.7224276,0.57277745,0.270461,0.08903296,0.35947716,-0.03161202,-0.044269733,-0.2865349,0.14864716,0.5569064,0.3834423,0.082583204,-0.2894199,0.29451117,0.36999115,0.30854538,0.09306243,0.40357488,-0.05125583,-0.2611965,-0.5947159,-0.26636824,-0.6699705,-0.52977884,-0.60422236,-0.6274435,-0.40505806,0.075767204,-0.62472236,-0.007152894,-0.11116691,-0.023087088,0.3629978,0.7151589,0.75486803,0.78096384,0.691231,0.6826787,-0.6110225,0.79109097,0.19506723,-0.31417727,0.5483463,-0.07288598,0.35990584,0.19413412,0.22647524,0.41440704,0.65380883,0.7269037,0.07934823,-0.5923267,0.49505267,-0.26848936,-0.08802933,-0.10294744,-0.1495811,-0.18682875,-0.001652305,0.32551894,-0.16404402,-0.46927443,-0.45319137,-0.072226025,0.32107002,0.39936185,0.007954408,0.055703964,0.1550301,-0.2791321,-0.5177266,-0.2600649
0.437611,0.8278109,0.19029239,0.4530874,0.7221058,0.09588263,0.44953355,0.643449,-0.09887154,-0.7708808,-0.5699141,-0.7141739,-0.43390304,-0.612713,-0.6600653,0.73946416,-0.32486358,0.9074288,-0.2943276,0.0,-0.5264589,0.1743825,0.4431668,-0.42478064,-0.7688336,-0.74971867,0.029979758,-0.10120654,-0.12519187,-0.30029324,-0.46853232,-0.21899922,-0.04206754,0.8483576,0.55567,0.8267593,0.5494082,-0.74162686,-0.64718115,-0.5995051,0.7456068,-0.26096925,0.061843626,-0.42150417,0.51962197,0.27103457,0.5778827,0.7660184,0.52146816,0.74561197,0.5558484,0.5389066,0.5635844,0.6513733,0.37444124,-0.18376403,0.67795163,0.4660185,-0.58432263,-0.5637442,-0.78099877,-0.4443805,-0.5480613,-0.59150255,-0.5727608,-0.6231486,0.8053778,-0.4316757,0.58946925,0.8333585,-0.233673,0.4634391,0.017114898,-0.6251091,-0.6140736,-0.7952351,-0.21793489,-0.59958446,0.41934073,0.5838269,0.01131025,0.7318965,0.5410816,0.58872145,0.50444347,0.6667601,0.62959844,0.40324727,0.75843847,0.60464203,0.46456143,-0.6708337,-0.67815816,0.02514355,-0.2707077,0.20006129,0.51741374,0.77090514,0.73732215,0.7007874
-0.6177794,-0.6650605,0.016824054,-0.4887198,-0.61675704,-0.09463426,-0.6912629,-0.6014018,0.28425148,0.5688593,0.3521968,0.55688673,0.70656747,0.9113764,0.8508935,-0.7549667,0.7062819,-0.5366966,0.74579966,-0.5264589,0.0,0.027438443,-0.07715922,0.51754075,0.5561648,0.62244517,0.45536903,0.53941137,0.5964073,0.6151336,0.22561903,0.08265803,0.059897803,-0.35968328,-0.22423571,-0.55469245,-0.21365537,0.7035869,0.48914593,0.40253523,-0.52602756,0.33593488,0.15605006,0.19604157,-0.23613608,0.06810563,-0.256614,-0.49477932,-0.68098587,-0.5946921,-0.6514462,-0.46417022,-0.50112206,-0.6003861,-0.38561141,0.2704619,-0.5617537,0.031869162,0.20896482,0.17555724,0.568871,0.6774173,0.8230925,0.8296566,0.88640267,0.8464452,-0.7638171,0.76394314,-0.029466325,-0.46453053,0.7779905,-0.22186592,0.5429332,0.40699068,0.4481008,0.65137416,0.57429576,0.8596861,-0.27874258,-0.61191106,0.4083448,-0.491079,-0.19426821,-0.22859627,-0.15162936,-0.3630043,-0.37942556,0.0016537665,-0.47467464,-0.5344105,-0.47463775,0.23463209,0.5409445,0.2299691,0.07212463,-0.2732725,-0.15711592,-0.47514844,-0.6977549,-0.57721484
0.120251946,0.25344598,0.20803215,-0.26271263,-0.10619303,-0.103620715,-0.2790981,-0.07474825,-0.13545218,-0.09811527,-0.15753068,-0.031892203,0.14466545,0.0033813275,-0.20007177,0.16761819,0.2697668,0.35513705,0.2637562,0.1743825,0.027438443,0.0,0.25704643,0.20378807,-0.08481964,-0.06591376,0.3394929,0.25361112,0.11166012,0.32362974,-0.41997978,-0.104252525,0.12007914,0.4312537,0.2672225,-0.0367166,0.10108713,-0.16795704,-0.42565775,-0.23324642,-0.06283584,0.18427613,-0.1789671,-0.31154528,0.15567914,0.047472052,0.0070921984,0.13332935,-0.08461449,-0.104687296,-0.07019825,0.17580947,-0.048457082,-0.14409444,-0.08945917,-0.19994022,-0.00055369514,0.1648854,-0.27615526,-0.13443406,-0.03561882,0.05814495,0.037789155,-0.08433518,-0.15690437,-0.17616968,-0.15411311,0.002746057,0.64055496,0.34226477,0.16416427,0.6709507,0.30899304,-0.15054253,0.12441699,0.04388977,0.06640205,0.2362771,-0.17455982,-0.28571284,0.5423179,0.05560021,0.19077995,0.36573404,0.25210524,0.13547918,0.037539706,0.3548465,0.016366294,-0.037472155,-0.39053592,-0.48684713,-0.28860998,0.03393172,-0.32205138,-0.21606955,0.05834941,0.21665573,0.08157062,-0.19439608
-0.01736354,0.44538486,-0.07709315,-0.012014315,0.21292947,-0.15870216,0.15630907,0.18323494,-0.43583128,-0.5055256,-0.6978952,-0.5489429,-0.44407257,-0.26206237,-0.2689889,0.53784764,-0.26786846,0.56004065,-0.053367846,0.4431668,-0.07715922,0.25704643,0.0,-0.5115717,-0.30906975,-0.6096761,0.37944695,-0.14919247,-0.29145685,0.09177064,-0.2906333,0.05734599,0.2954887,0.52497965,0.22038779,0.2960521,0.103460826,-0.3944307,-0.3688813,-0.2585424,0.4014566,-0.5402976,-0.18209065,-0.73941433,0.37442997,0.23825829,0.42687085,0.5930686,0.113457814,0.2783786,0.16573739,0.07953562,0.14915437,0.17459029,-0.07926128,-0.46646902,0.22081281,0.060586356,-0.6151104,-0.5572795,-0.52975017,-0.50446236,-0.39817154,-0.33548367,-0.34130704,-0.2769757,0.27584037,-0.4379238,0.3080784,0.53748256,-0.06252691,0.20159842,0.52898234,-0.6353411,-0.50299555,-0.3516226,-0.47182924,-0.17581473,-0.08542689,0.37168685,-0.044649307,0.34642398,0.3747013,0.35114962,0.45202354,0.52507377,0.05633719,0.10417626,0.2716877,0.09525701,-0.13888796,-0.42712155,-0.669837,-0.3150901,-0.52361274,-0.4424691,0.29800993,0.7127536,0.17008965,0.14471917
-0.17598829,-0.42494875,0.515381,-0.1648611,-0.400445,0.261177,-0.36946362,-0.22852723,0.6481321,0.68019146,0.7745998,0.8093291,0.7163117,0.60118717,0.466031,-0.6153898,0.55934644,-0.494052,0.37297574,-0.42478064,0.51754075,0.20378807,-0.5115717,0.0,0.51435745,0.82910335,-0.09965727,0.34272453,0.47220412,0.2707804,-0.08861327,-0.09244335,-0.37546593,-0.38614136,-0.15464228,-0.49026945,-0.27761912,0.5206217,0.17375807,0.41038454,-0.68079495,0.7335146,-0.12914976,0.33393762,-0.52738845,-0.41968232,-0.58892024,-0.70706445,-0.3126549,-0.6505826,-0.27956066,0.08427555,-0.17649053,-0.37757668,0.05529535,0.6148177,-0.2338114,0.2713187,0.5994236,0.57656854,0.71849525,0.69234073,0.71248835,0.53542393,0.6106092,0.47233322,-0.58000225,0.64114594,0.17198144,-0.3641166,0.6943029,0.21172097,0.17391658,0.74942744,0.8438523,0.6508836,0.6310481,0.66774946,-0.36662605,-0.65838695,0.5806995,-0.5173503,-0.2894753,-0.12692054,-0.21432169,-0.5563061,-0.30931744,0.009488898,-0.43862695,-0.24634792,-0.23625991,0.25650737,0.6810158,0.2523933,0.27486598,-0.08976689,-0.43270993,-0.64634603,-0.25681427,-0.5494749
-0.13241808,-0.7750787,0.10389729,-0.5359593,-0.7799256,0.27407843,-0.24788891,-0.59938574,0.22356655,0.880844,0.6252319,0.8078727,0.41223502,0.6390633,0.72117925,-0.63357973,0.24772726,-0.80432373,0.3094043,-0.7688336,0.5561648,-0.08481964,-0.30906975,0.51435745,0.0,0.7528874,-0.16347207,-0.12984003,0.014892179,0.041408617,0.49390265,0.57470614,0.10660873,-0.79368764,-0.78048754,-0.8108877,-0.79113877,0.8183931,0.5717142,0.806382,-0.91511863,0.12064032,-0.37141296,0.27680606,-0.7967343,-0.5295192,-0.8359738,-0.8732088,-0.19037385,-0.848574,-0.30761218,-0.32590067,-0.57832915,-0.74389654,-0.025850162,0.39990932,-0.6440734,-0.4422642,0.67303336,0.73803896,0.88693094,0.38853005,0.58827156,0.6557547,0.59460557,0.7162507,-0.8060849,0.3583063,-0.51724774,-0.825785,0.38246906,-0.40618908,0.118319474,0.7392613,0.7214345,0.8554311,0.13693859,0.6121162,-0.5596049,-0.4399647,-0.060980197,-0.9676554,-0.82175034,-0.7784883,-0.7164373,-0.87968284,-0.79636055,-0.5610203,-0.8069773,-0.8318333,-0.59765387,0.732145,0.6397031,-0.28345743,0.11475189,-0.37186614,-0.75915945,-0.7852973,-0.41679928,-0.77671736
-0.30742928,-0.727669,0.28830883,-0.28107518,-0.58778393,0.2296897,-0.40104055,-0.43423656,0.56903154,0.8694161,0.864387,0.9334219,0.7086093,0.7289808,0.7103258,-0.8032454,0.49723363,-0.8249526,0.36613506,-0.74971867,0.62244517,-0.06591376,-0.6096761,0.82910335,0.7528874,0.0,-0.15047985,0.21741463,0.3744817,0.27297485,0.25749165,0.11649599,-0.27744064,-0.7264591,-0.42206806,-0.73210543,-0.51108444,0.77028334,0.500174,0.62893796,-0.8439752,0.5965553,-0.09751497,0.47935167,-0.68056005,-0.44716352,-0.71721905,-0.90624976,-0.39968148,-0.81596005,-0.39168102,-0.17328216,-0.36510974,-0.53988516,-0.05546956,0.608685,-0.4582936,-0.016894763,0.75192577,0.7165629,0.90141475,0.7036054,0.7774934,0.6912517,0.7508004,0.6894719,-0.77042013,0.65234673,-0.25833628,-0.7051988,0.5786485,-0.19086851,0.073790334,0.8435416,0.86366004,0.8100811,0.5257735,0.7032419,-0.4295594,-0.66715133,0.27758896,-0.7554997,-0.5320541,-0.47126642,-0.4688881,-0.7753649,-0.5605119,-0.29100803,-0.7008384,-0.49979722,-0.330326,0.56792206,0.8512174,0.09919394,0.31525114,-0.12938315,-0.60447174,-0.8871239,-0.49724734,-0.7070075
-0.38618258,-0.09412004,-0.29729372,-0.46647105,-0.2549981,-0.38308778,-0.6427698,-0.44919232,-0.22492251,-0.23276578,-0.37115055,-0.25338113,0.29769114,0.36316493,0.21107827,-0.18839392,0.510182,0.17729205,0.67239773,0.029979758,0.45536903,0.3394929,0.37944695,-0.09965727,-0.16347207,-0.15047985,0.0,0.66105676,0.5048732,0.5841942,-0.05014653,-0.18333744,0.4799119,0.34291998,0.2369906,0.08922882,0.44207737,0.052598476,0.0053846245,-0.3612901,0.16459477,0.03776957,0.4229662,-0.037328355,0.5651283,0.7177535,0.3967256,0.26304403,-0.5449645,0.11162633,-0.6056742,-0.5117336,-0.41288397,-0.32956687,-0.44310004,-0.31161958,-0.39087012,0.05135266,-0.6477335,-0.48486263,-0.16294467,0.27526382,0.3078518,0.33291736,0.22789857,0.24875812,-0.23926392,0.373172,0.35679325,0.11274067,0.27733943,0.1072605,0.4292227,-0.35898268,-0.23946334,0.040433776,0.34217992,0.43363616,0.15840198,-0.36915627,0.45080268,0.20680921,0.38078275,0.30253342,0.30618554,0.369885,0.27464223,0.5897375,0.2212316,-0.0907691,-0.38175884,-0.5044428,-0.24401821,0.4582538,-0.13755703,0.06633938,0.5918031,0.28996077,-0.35783845,0.051982168
-0.47867644,-0.21443903,-0.13179645,-0.24652347,-0.18820374,-0.3808623,-0.80461603,-0.3614457,0.13765772,0.014330006,0.02257071,0.06876034,0.6463495,0.5322571,0.3181479,-0.49092487,0.79856056,-0.04586975,0.7257778,-0.10120654,0.53941137,0.25361112,-0.14919247,0.34272453,-0.12984003,0.21741463,0.66105676,0.0,0.8721531,0.663823,-0.107569784,-0.46810895,0.036504243,0.1982628,0.37978187,-0.034799,0.5390473,0.1738598,0.104292855,-0.29408616,0.039662413,0.5325882,0.6233763,0.28345463,0.39145443,0.58432424,0.2825564,0.012160294,-0.7313598,-0.009671049,-0.6540429,-0.36171982,-0.2529732,-0.21799709,-0.4565333,-0.02540856,-0.29216936,0.29893208,-0.26712415,-0.27774337,0.057421237,0.64917,0.56431293,0.47706234,0.48024184,0.35098502,-0.3212854,0.72892904,0.4221419,-0.00045807756,0.4664162,0.20240651,0.24913478,-0.004954245,0.06444281,0.15688863,0.7932389,0.55359113,0.24747533,-0.6180184,0.6887216,0.16173726,0.3705523,0.35508585,0.2817425,0.18796586,0.36558703,0.6555505,0.10772858,0.06360424,-0.12136366,-0.39742655,0.18949263,0.7449068,0.20360616,0.27354813,0.47322723,-0.06095393,-0.481768,-0.018050155
-0.37511706,-0.30200222,0.071749926,-0.23023163,-0.21918382,-0.10589618,-0.70455563,-0.3496875,0.3655169,0.14968587,0.20615655,0.21506083,0.7419606,0.6440089,0.45154124,-0.605271,0.8120687,-0.16044341,0.7224276,-0.12519187,0.5964073,0.11166012,-0.29145685,0.47220412,0.014892179,0.3744817,0.5048732,0.8721531,0.0,0.53519255,0.0066184853,-0.32880685,-0.06996432,0.07559612,0.2545172,-0.055154596,0.42114612,0.30864683,0.19293046,-0.14672089,-0.09193573,0.5313948,0.55856955,0.37843403,0.17451434,0.4123882,0.11024936,-0.16317669,-0.5712567,-0.093612,-0.5285829,-0.27296245,-0.25802007,-0.25119933,-0.22737385,0.24944693,-0.29294378,0.34321573,-0.0905938,-0.119035885,0.19380109,0.75625753,0.7093618,0.61855364,0.6205026,0.5097052,-0.34606624,0.8377221,0.33982682,-0.13320915,0.58564115,0.1083219,0.2030578,0.16417292,0.18488596,0.237514,0.9281026,0.5847617,0.21988606,-0.57609797,0.62025684,0.009177722,0.18091321,0.18606155,0.09535425,-0.004954907,0.29666385,0.5314823,0.0397142,-0.039997596,-0.05284112,-0.22701702,0.35939825,0.71047664,0.25205052,0.3041479,0.31351325,-0.22221962,-0.37265816,-0.046842
-0.68828684,-0.22973724,-0.12259693,-0.22732829,-0.24169965,-0.436494,-0.72330254,-0.30777633,0.015041278,0.10066746,-0.032049168,0.1631278,0.50443345,0.5485919,0.40260878,-0.38900244,0.61083204,-0.13207832,0.57277745,-0.30029324,0.6151336,0.32362974,0.09177064,0.2707804,0.041408617,0.27297485,0.5841942,0.663823,0.53519255,0.0,-0.10654582,-0.37098742,-0.063306354,0.05213331,0.34163842,-0.35067886,0.13105628,0.21210638,0.1453378,-0.09793087,-0.09477187,0.36371902,0.37031963,-0.06822903,0.24043939,0.34873918,0.22698377,-0.016964199,-0.7514683,-0.29795605,-0.5209825,-0.28530312,-0.12340318,-0.19650322,-0.618974,-0.09068496,-0.2203564,0.2094024,-0.17435393,-0.2934387,0.11644669,0.46874243,0.4533739,0.36635852,0.47283077,0.35289395,-0.462705,0.51587474,0.23998159,0.0040229885,0.42632216,0.09396271,0.49607313,-0.06760215,0.09170795,0.20922141,0.41252103,0.5595319,-0.09507668,-0.49581993,0.47662702,0.01078385,0.32620537,0.23860832,0.3479432,0.124547176,-0.096019514,0.23423894,-0.26390746,-0.13468802,-0.22987324,-0.18796688,0.16619791,0.30419523,-0.17389713,-0.22073278,0.16039138,-0.082887895,-0.6704729,-0.37935877
-0.0013625026,-0.64756143,-0.3966289,-0.4624785,-0.5167361,0.020723905,-0.18543452,-0.56778437,-0.053606253,0.4626571,0.21437344,0.28685558,0.2075638,0.3702005,0.51788425,-0.46625045,0.14955229,-0.5254028,0.270461,-0.46853232,0.22561903,-0.41997978,-0.2906333,-0.08861327,0.49390265,0.25749165,-0.05014653,-0.107569784,0.0066184853,-0.10654582,0.0,0.58829474,0.42103103,-0.5013242,-0.5678318,-0.36456093,-0.31553635,0.6307783,0.7866735,0.43619964,-0.31149405,-0.1974396,0.19222197,0.51443434,-0.28486553,0.04555236,-0.2886468,-0.41113073,-0.01920834,-0.19285187,-0.18785141,-0.50282514,-0.49390724,-0.46668407,-0.118404776,0.10591276,-0.5546333,-0.5691449,0.28721762,0.3264247,0.41109028,0.22888553,0.27182576,0.49511877,0.38017568,0.5487963,-0.34069976,0.23863037,-0.67553496,-0.6761053,-0.14139444,-0.76823175,-0.26511985,0.31081516,0.07282505,0.26975185,0.02237764,0.09763233,0.13899387,-0.030932775,-0.5027511,-0.4902168,-0.62525624,-0.7899717,-0.7256267,-0.5347751,-0.3006334,-0.44901058,-0.37717268,-0.62684995,-0.15122093,0.61344117,0.41354162,-0.1859035,0.099770926,0.14857249,-0.26866,-0.51262856,-0.2837672,-0.14641668
0.34645128,-0.36080527,-0.05919766,-0.45217437,-0.45522395,0.32900953,0.1454937,-0.36788368,-0.0997784,0.4022829,0.120169744,0.24751182,-0.04793903,0.16216439,0.3101096,-0.10993771,-0.12421298,-0.26118612,0.08903296,-0.21899922,0.08265803,-0.104252525,0.05734599,-0.09244335,0.57470614,0.11649599,-0.18333744,-0.46810895,-0.32880685,-0.37098742,0.58829474,0.0,0.49075004,-0.3442676,-0.70546633,-0.30013117,-0.56925833,0.44147158,0.40115967,0.52842087,-0.4169932,-0.40886107,-0.34708893,0.08455072,-0.48433283,-0.30204824,-0.5075817,-0.37229174,0.3491524,-0.2770179,0.09300459,-0.19756587,-0.43119103,-0.4622231,0.22571595,0.12260441,-0.40043736,-0.53676593,0.2576597,0.42041576,0.38180196,-0.078326695,0.08296491,0.27655426,0.12337502,0.34366417,-0.2658013,-0.104037434,-0.45732075,-0.45905516,-0.0875492,-0.44838056,-0.05468289,0.26866633,0.14993411,0.28606096,-0.30588758,0.04871507,-0.2045111,0.112278976,-0.4629213,-0.6076603,-0.76817065,-0.7664732,-0.7357981,-0.57484025,-0.48532087,-0.5354855,-0.3628472,-0.7009147,-0.39597005,0.50159127,0.11520563,-0.57448536,-0.16826516,-0.21101883,-0.49142835,-0.30559635,0.08902119,-0.25171998
0.13371117,-0.20528203,-0.5068016,-0.6591609,-0.42241094,-0.18010108,-0.23626806,-0.5694057,-0.49502933,-0.057877257,-0.3688065,-0.232223,-0.0658752,0.054601725,0.086107925,-0.027378798,0.0803712,0.06421058,0.35947716,-0.04206754,0.059897803,0.12007914,0.2954887,-0.37546593,0.10660873,-0.27744064,0.4799119,0.036504243,-0.06996432,-0.063306354,0.42103103,0.49075004,0.0,0.08520796,-0.3457738,0.05188921,0.06351022,0.1610877,0.21748203,-0.043654382,0.020234413,-0.3889262,0.07641671,0.099238776,0.22304763,0.41905582,0.033025745,0.093036026,-0.013657039,0.13611181,-0.3124332,-0.5901055,-0.6475554,-0.4905299,-0.16617931,-0.38940525,-0.5725997,-0.53945965,-0.38526303,-0.09778448,-0.03156639,-0.10176962,-0.0064184247,0.20988828,-0.059833236,0.15708397,-0.16274688,-0.042729516,-0.13393456,-0.18703765,-0.2333484,-0.27667305,-0.013896401,-0.20924698,-0.23340535,0.062234793,-0.16005357,0.08095725,0.18734944,-0.018650843,-0.15068057,-0.098692425,-0.21310067,-0.27328095,-0.29129753,-0.004489032,0.053760428,0.13110872,0.1198321,-0.40624225,-0.4948309,-0.08634266,-0.30151516,-0.051767383,-0.13508111,0.102442324,0.22799735,0.13451909,-0.05633617,0.12285803
0.24494833,0.7605775,0.035993315,0.25139022,0.5691033,-0.16986084,0.105027996,0.4355658,-0.2374037,-0.78651977,-0.68670374,-0.73324215,-0.2648097,-0.44278204,-0.5908465,0.6257283,-0.05304853,0.9339677,-0.03161202,0.8483576,-0.35968328,0.4312537,0.52497965,-0.38614136,-0.79368764,-0.7264591,0.34291998,0.1982628,0.07559612,0.05213331,-0.5013242,-0.3442676,0.08520796,0.0,0.7215082,0.703969,0.6822986,-0.70786214,-0.62845063,-0.72845143,0.74543273,-0.17083955,0.22031145,-0.4415018,0.71403205,0.49113128,0.70726687,0.82376546,0.2277661,0.6906077,0.29972798,0.35822427,0.42737043,0.51088744,0.07588277,-0.38130865,0.51811475,0.44845092,-0.7696862,-0.74177206,-0.78773165,-0.29461327,-0.4191449,-0.48320064,-0.48886213,-0.55761194,0.618989,-0.262096,0.74578404,0.86040604,-0.1547879,0.5805532,0.16526519,-0.7364274,-0.63674146,-0.7405441,-0.08028307,-0.3880925,0.42818525,0.35999894,0.23102541,0.7696477,0.6845808,0.71844935,0.62285286,0.7623046,0.6670913,0.59007704,0.70301247,0.5389105,0.30270392,-0.8450908,-0.711887,0.14963578,-0.35533026,0.16537268,0.6519062,0.80594164,0.47769552,0.5936988
-0.13025698,0.61096466,0.07443664,0.46540263,0.6338269,-0.2881305,-0.046557702,0.5049174,-0.0119786495,-0.63918287,-0.4192786,-0.5032732,-0.060817458,-0.290117,-0.45182678,0.37887675,0.07824853,0.64262635,-0.044269733,0.55567,-0.22423571,0.2672225,0.22038779,-0.15464228,-0.78048754,-0.42206806,0.2369906,0.37978187,0.2545172,0.34163842,-0.5678318,-0.70546633,-0.3457738,0.7215082,0.0,0.50439817,0.67368656,-0.6099291,-0.49272305,-0.6799639,0.6759796,0.1738978,0.40326247,-0.291364,0.66484,0.44301108,0.74357677,0.67753625,-0.0788839,0.5206557,0.19238916,0.36315906,0.60476315,0.640296,-0.12209059,-0.22575952,0.59316254,0.63305527,-0.51179004,-0.69850785,-0.64906764,-0.064301446,-0.27426863,-0.43075147,-0.27994862,-0.49050874,0.50667924,-0.056253586,0.6390731,0.748196,-0.068886004,0.5339599,0.13412356,-0.57060325,-0.4606725,-0.63567,0.13490021,-0.28253528,0.3811156,0.17695655,0.319284,0.7889827,0.8263979,0.79883343,0.7739466,0.72023267,0.5959273,0.5177207,0.50598115,0.6723026,0.50397146,-0.6838681,-0.36888796,0.3179286,-0.19224468,0.16990082,0.575985,0.5582166,0.16920872,0.42733088
