0,1,2,3,4,5,6,7,8,9,10,11,12,13,14,15,16,17,18,19,20,21,22,23,24,25,26,27,28,29,30,31,32,33,34,35,36,37,38,39,40,41,42,43,44,45,46,47,48,49,50,51,52,53,54,55,56,57,58,59,60,61,62,63,64,65,66,67,68,69,70,71,72,73,74,75,76,77,78,79,80,81,82,83,84,85,86,87,88,89,90,91,92,93,94,95,96,97,98,99
0.0,-0.434632,-0.1608759,-0.18462963,-0.39614397,0.03243342,0.505489,-0.32017216,-0.12999906,0.7206525,0.7052879,0.2607331,0.05497516,-0.46550333,-0.5971635,-0.040893335,0.00088299776,-0.43886515,-0.36467373,-0.46233785,-0.12968765,-0.25862908,-0.5260885,-0.033623174,0.8930127,0.42650056,-0.47987446,-0.38495108,-0.49062592,-0.7234955,0.63412327,0.64599955,0.1890554,-0.44830126,-0.29871908,-0.3540811,-0.56628954,0.59733146,0.55062157,0.4944225,0.24541757,-0.43999705,-0.1873656,0.13758048,-0.31484878,-0.25087178,-0.2838334,-0.4374749,-0.0050700507,-0.53353363,0.5850057,-0.4427997,-0.42979753,-0.3724265,-0.41234073,0.123150036,-0.39852676,-0.34797555,0.6971613,0.6782463,0.31651676,0.059540566,-0.62472594,-0.51052,-0.6393206,-0.74130404,0.2810082,-0.23968294,-0.6100546,-0.6048951,-0.62399685,-0.59777176,-0.710249,0.6205814,-0.46520537,0.7411562,-0.62621164,-0.6862413,0.5318149,0.53790647,-0.6185493,-0.34402728,-0.3205845,-0.32231092,-0.6716701,-0.62389183,-0.49261126,-0.6468994,-0.39905536,0.13257763,0.30185467,0.83867466,0.8155117,0.43333977,0.35737938,0.09563347,-0.3111189,-0.831069,-0.03037625,-0.37692353
-0.434632,0.0,0.74172693,0.7397116,0.8339733,0.5443949,0.0044038105,0.8308398,0.6213885,-0.61267513,-0.47125483,-0.21706904,-0.16691592,-0.335196,-0.04050305,-0.083114035,-0.59694064,0.29481983,-0.26964203,0.44012505,-0.5310351,-0.44091383,-0.08960388,-0.41834396,-0.51434034,-0.16365257,-0.22806764,0.19980691,0.41616142,0.2171432,-0.41111076,-0.42086336,-0.5251745,0.13761912,-0.36056653,0.82738096,0.521485,-0.63975865,-0.5169474,-0.35142535,-0.5404644,0.16130008,-0.33190796,-0.36564383,-0.09072099,-0.46474493,-0.37930652,-0.18605372,0.6746259,0.65052104,0.08363374,0.96829504,0.7262163,0.8177656,0.8345658,0.46339026,0.86127627,0.73666584,-0.13926806,-0.4068187,-0.1474977,-0.12380479,0.3759324,-0.057258524,0.13411707,0.2203448,0.111875266,-0.37593332,0.1360649,0.70589983,0.16339672,0.22670026,0.16303916,-0.049992405,0.24287423,-0.39302528,0.54851806,0.20480467,-0.46681917,-0.25657156,0.33870828,0.025163105,0.05307019,-0.096633635,0.20893282,0.3567313,0.64033973,0.18991864,0.74753565,-0.24618807,0.028846089,-0.4701364,-0.39844334,-0.22537102,-0.35652208,-0.28004256,-0.29073197,0.30504537,0.67866826,0.6207814
-0.1608759,0.74172693,0.0,0.46618474,0.70213324,0.8989376,0.15170018,0.8263154,0.92146516,-0.42457435,-0.19449897,-0.21427768,-0.28662014,-0.43779445,-0.12557043,-0.35606033,-0.6199574,0.34382114,-0.24787427,0.45702332,-0.42115444,-0.51597637,-0.18871465,-0.33077136,-0.19086468,0.053161066,-0.49154565,0.29320627,0.47260022,-0.052244373,-0.47492167,-0.2471536,-0.6837759,0.14571482,-0.64373755,0.8525795,0.36429644,-0.58240545,-0.50015926,-0.38680235,-0.47265503,-0.17076203,-0.6785942,-0.5915449,-0.34424317,-0.7362969,-0.65945965,-0.51628363,0.87444776,0.48502854,0.2075635,0.73566574,0.40550035,0.50982183,0.84706193,0.86801267,0.7099013,0.8555634,-0.018483223,0.042207506,-0.06976666,-0.20324437,0.44438818,0.020986835,0.1198128,0.12391686,0.072788805,-0.2012663,0.11972166,0.5848841,0.16721725,-0.13909034,0.13410197,-0.002614593,0.36444095,-0.07316497,0.5419023,0.11234788,-0.53417057,-0.16183692,0.27975884,-0.18105227,-0.21701454,-0.41002017,-0.11680651,-0.035484027,0.5289495,-0.05549786,0.8710311,-0.25251868,-0.038617868,-0.35016245,-0.29672924,-0.19425924,-0.45779368,-0.52242875,-0.5954386,-0.0052606068,0.83735144,0.56783545
-0.18462963,0.7397116,0.46618474,0.0,0.68519783,0.31975004,0.14793395,0.68946165,0.35766882,-0.27999875,-0.20948263,-0.027729051,0.011707937,-0.45028442,-0.30881497,0.084531896,-0.5283498,-0.011294064,-0.49507153,0.061916105,-0.60978574,-0.5131972,-0.32296297,-0.42960736,-0.28347144,-0.12762766,-0.31453827,-0.049011808,0.06791695,0.059820294,-0.16239624,-0.1857671,-0.2399091,-0.1675849,-0.3440438,0.46216235,0.29891852,-0.31017452,-0.17188172,-0.04971146,-0.33380455,0.15725471,-0.11775886,-0.14804393,-0.20574616,-0.30540034,-0.2901936,-0.24584863,0.4323965,0.4163941,0.16994432,0.7566668,0.68615484,0.8431355,0.58424824,0.21565889,0.7757192,0.5035079,0.09974183,-0.2957373,0.025567275,0.018863987,0.022554994,-0.3627606,-0.17826518,-0.11209705,0.28104058,-0.5815346,-0.17213051,0.43845227,-0.1991655,0.16898453,-0.15731396,0.21952134,-0.08002184,-0.2301038,0.19992268,-0.08528379,-0.23032403,-0.047933552,0.010316202,0.01244257,-0.037695333,-0.08117147,-0.0060193087,0.21469618,0.38428083,-0.012778574,0.36215046,-0.13213594,0.13564079,-0.1271607,-0.046906255,-0.058388878,-0.05271893,-0.077445164,-0.18320835,0.0024040444,0.4152012,0.3440993
-0.39614397,0.8339733,0.70213324,0.68519783,0.0,0.60429287,-0.19651204,0.745506,0.64992636,-0.6293366,-0.2818639,-0.1050847,-0.16946177,-0.43786967,-0.16306081,-0.38434806,-0.68248796,0.101018384,-0.4579329,0.34854734,-0.6700815,-0.617073,-0.34214622,-0.6245419,-0.427609,-0.14702173,-0.3553661,0.16965018,0.18882851,0.12707596,-0.38755023,-0.49565834,-0.69688547,-0.12918262,-0.46925527,0.74019074,0.41507965,-0.7714294,-0.65597504,-0.49358207,-0.49002123,0.056478173,-0.3334877,-0.2604498,-0.11098336,-0.38660812,-0.39810297,-0.25888398,0.68384135,0.60490346,0.21557145,0.8951177,0.7639678,0.8484269,0.9096605,0.49061656,0.8092463,0.81073153,-0.06328095,-0.33631068,-0.11117085,-0.06548901,0.32218242,-0.009182952,0.16373898,0.14806978,0.1809591,-0.3776635,-0.01847345,0.48596328,0.000814258,0.054901388,0.045942172,0.012057646,0.02393859,-0.38327214,0.34872133,0.044806916,-0.50851595,-0.1574092,0.09027704,-0.06690859,0.017101245,-0.20355214,0.10205597,0.31797183,0.5230879,0.0696977,0.6261919,-0.22990747,0.20555435,-0.34298092,-0.27037603,-0.21520983,-0.23095183,-0.1988309,-0.1677041,0.22648846,0.6289933,0.56511766
0.03243342,0.5443949,0.8989376,0.31975004,0.60429287,0.0,0.116695926,0.6694758,0.90714216,-0.23715311,0.091516964,0.0008989791,-0.17281808,-0.5150405,-0.21567439,-0.56235754,-0.5662528,0.14897141,-0.34943256,0.28424138,-0.4699523,-0.5595104,-0.3357042,-0.32555848,0.04929083,0.25097933,-0.58930886,0.3176973,0.35736328,-0.13156424,-0.30163407,-0.092204444,-0.7454109,-0.055332728,-0.7295904,0.6978771,0.24402319,-0.52580357,-0.47764748,-0.41020793,-0.43413344,-0.21536508,-0.69511795,-0.45435956,-0.4273507,-0.73707384,-0.7334747,-0.63706416,0.86770463,0.31466544,0.37166098,0.5734939,0.26978394,0.38335216,0.76133126,0.95319664,0.5630562,0.8131664,0.18233022,0.28279966,0.11924158,-0.059608813,0.34673166,-0.009726413,0.05651258,0.015259352,0.16169944,-0.21367551,-0.06441095,0.3392302,-0.0016036577,-0.24836384,-0.021788584,0.14574872,0.21904658,0.13139543,0.3979292,0.023761919,-0.40655178,0.06736575,0.07422598,-0.30522868,-0.26309502,-0.48694476,-0.2550328,-0.17951582,0.4184047,-0.13392816,0.7163254,-0.19071755,0.057166267,-0.12303845,-0.12637796,-0.008869583,-0.28656656,-0.38999128,-0.5511295,-0.17473003,0.8189188,0.4548483
0.505489,0.0044038105,0.15170018,0.14793395,-0.19651204,0.116695926,0.0,0.115233935,0.11116748,0.38105762,0.15615964,-0.0812256,-0.026122633,-0.40467668,-0.33354944,0.37009707,-0.034707513,-0.029340383,-0.1738491,0.0020310963,0.011837844,-0.16575418,-0.17023326,0.22277445,0.30478483,0.07040103,-0.33251745,-0.2760951,0.03360051,-0.3775181,0.1912265,0.4349465,0.3393987,0.0124576315,-0.24575108,0.042974126,-0.16360082,0.54223436,0.62467855,0.68631065,0.28553808,-0.2995194,-0.17382613,-0.33316368,-0.3421782,-0.36269322,-0.2575236,-0.3057669,0.21055642,-0.067009866,0.22280495,-0.0688081,-0.12652446,-0.07742725,-0.17375891,0.21742554,-0.006545177,-0.12623611,0.27189407,0.2669567,0.059615277,-0.100457765,-0.3818491,-0.5700967,-0.6331834,-0.44368485,0.3724632,-0.32169226,-0.26865855,-0.013805342,-0.22253552,-0.2883353,-0.3608791,0.4661393,-0.08691706,0.28695452,-0.104290985,-0.35593712,0.10519147,0.12696822,-0.1544966,-0.030323587,-0.39597204,-0.25770515,-0.4788915,-0.42676002,-0.13476121,-0.34917772,0.045779873,0.22678246,0.1687469,0.31943676,0.43241265,0.044111073,0.042617127,-0.2726363,-0.4651382,-0.50103575,0.22471854,0.012453066
-0.32017216,0.8308398,0.8263154,0.68946165,0.745506,0.6694758,0.115233935,0.0,0.7870017,-0.49567086,-0.34311184,-0.26514173,-0.20450395,-0.32879442,-0.010285728,-0.12950148,-0.5957523,0.43316215,-0.24027775,0.41267833,-0.38866225,-0.418027,-0.078590214,-0.34170932,-0.3739005,-0.16877085,-0.38235965,0.2402187,0.46998385,0.09956097,-0.46547318,-0.2867531,-0.5108141,0.18771893,-0.5459536,0.75814956,0.33995312,-0.5491896,-0.4722286,-0.34182626,-0.50508636,-0.048282135,-0.5409634,-0.5190613,-0.3381234,-0.58504516,-0.555118,-0.3956506,0.70688885,0.4545072,0.067107685,0.8254594,0.5792601,0.6874543,0.8123595,0.61743736,0.91044533,0.84623957,-0.12845707,-0.17159636,-0.12403488,-0.15719736,0.5067284,0.05588046,0.19796774,0.24843937,0.049146473,-0.20422423,0.20464756,0.76620907,0.2473504,0.076532885,0.25242573,-0.09656789,0.36247635,-0.2760548,0.57318157,0.19589736,-0.5103255,-0.21377169,0.31501645,-0.14689311,-0.20832717,-0.34337682,-0.0388394,0.043386392,0.48450598,0.0023788828,0.812498,-0.35881913,-0.06572377,-0.45280102,-0.382028,-0.30587012,-0.50870454,-0.4657794,-0.48444465,0.095074855,0.7031163,0.4470582
-0.12999906,0.6213885,0.92146516,0.35766882,0.64992636,0.90714216,0.11116748,0.7870017,0.0,-0.41741022,-0.13056174,-0.23787077,-0.30909628,-0.40739036,-0.06863597,-0.45173416,-0.57537746,0.3909638,-0.21981797,0.48183736,-0.33667076,-0.47801387,-0.18377051,-0.31777206,-0.153632,-0.002602108,-0.52221173,0.31358445,0.45098317,-0.08534254,-0.44908842,-0.22854738,-0.6978421,0.14026414,-0.6843999,0.7827656,0.25059828,-0.5681533,-0.5287367,-0.4264497,-0.41000625,-0.29027167,-0.73956496,-0.59597707,-0.3670841,-0.70968837,-0.68841314,-0.5444052,0.85357213,0.39090505,0.21453606,0.6306914,0.33951887,0.41903892,0.79810107,0.89574957,0.65762746,0.87983096,-0.051477302,0.108580016,-0.09647282,-0.20260487,0.50326425,0.13741829,0.19885728,0.18432148,0.057638127,-0.069719486,0.15496793,0.53666013,0.22219315,-0.23278716,0.19209823,-0.051390313,0.34932452,-0.08451457,0.5009583,0.10093908,-0.53915447,-0.12961514,0.21763211,-0.2513704,-0.2888905,-0.5263541,-0.20001793,-0.14030527,0.41166556,-0.11745802,0.8477138,-0.27043724,0.013799588,-0.32956928,-0.2769151,-0.26047125,-0.50291914,-0.55092096,-0.58404195,-0.03799449,0.80974823,0.4801503
0.7206525,-0.61267513,-0.42457435,-0.27999875,-0.6293366,-0.23715311,0.38105762,-0.49567086,-0.41741022,0.0,0.7309858,0.5626721,0.4448653,-0.033035282,-0.2717753,0.18656784,0.43841538,-0.48220983,-0.02826331,-0.6151404,0.12753539,0.12410064,-0.16548848,0.39259255,0.78761,0.5783705,-0.0113284495,-0.08793962,-0.2983696,-0.26039976,0.6428193,0.77820474,0.47412074,-0.3318603,0.077414684,-0.62427676,-0.34420088,0.73601997,0.6839089,0.52545124,0.3491922,0.048364438,0.22883105,0.4498949,-0.1405919,0.12613106,0.047308166,-0.16033433,-0.37157476,-0.5807461,0.23272179,-0.62663865,-0.5890839,-0.50129616,-0.60153806,-0.18468271,-0.5213699,-0.5233661,0.6401218,0.69308406,0.60463583,0.3944836,-0.5219172,-0.39126438,-0.5029828,-0.525108,0.20475331,-0.07236564,-0.46518183,-0.6231918,-0.503678,-0.13224922,-0.5226747,0.5218379,-0.28232285,0.7732014,-0.41110325,-0.26028398,0.6871171,0.6242729,-0.3940756,-0.058579523,-0.047208034,0.09497731,-0.32391155,-0.40974343,-0.34082916,-0.17451733,-0.6060707,0.36032125,0.005055413,0.7661305,0.6113084,0.69213945,0.5936095,0.4527837,0.0851241,-0.59794974,-0.34630963,-0.43720865
0.7052879,-0.47125483,-0.19449897,-0.20948263,-0.2818639,0.091516964,0.15615964,-0.34311184,-0.13056174,0.7309858,0.0,0.6945455,0.443168,-0.34659582,-0.41650617,-0.33855224,0.13727541,-0.6240329,-0.36024424,-0.6002657,-0.24170788,-0.20587021,-0.50352305,0.031510506,0.8224243,0.6257367,-0.34144136,0.0122019565,-0.35258284,-0.2936378,0.5944858,0.63043225,-0.0073379115,-0.6461665,-0.27248976,-0.42972407,-0.3635342,0.34947103,0.2948119,0.18807532,0.12154812,-0.07185178,0.0013862657,0.38773564,-0.3357661,-0.06642943,-0.2464216,-0.3985479,-0.01913295,-0.48120958,0.5690163,-0.39880243,-0.32651925,-0.26164535,-0.2628422,0.11744844,-0.3159446,-0.19278812,0.77742237,0.7666678,0.69136477,0.49686855,-0.42969337,-0.35055003,-0.42129618,-0.51201737,0.40814722,-0.23077816,-0.6635232,-0.67690885,-0.6426943,-0.27684686,-0.6390641,0.6490971,-0.48286644,0.72357965,-0.45017347,-0.3747536,0.48852456,0.78830695,-0.65279335,-0.32703882,-0.17900139,-0.18306549,-0.49547043,-0.45714012,-0.29569417,-0.29045117,-0.46486747,0.23368348,0.2925909,0.8220069,0.66222197,0.66314524,0.6035532,0.4018983,0.036331136,-0.6619853,-0.02853979,-0.29567707
0.2607331,-0.21706904,-0.21427768,-0.027729051,-0.1050847,0.0008989791,-0.0812256,-0.26514173,-0.23787077,0.5626721,0.6945455,0.0,0.7530564,-0.12862365,-0.20874728,-0.21761687,0.2599482,-0.661102,-0.21201822,-0.58063394,-0.3389732,-0.083057374,-0.27224886,0.13392513,0.45200244,0.6753108,0.016395057,0.28697693,-0.11179134,0.20052148,0.43908724,0.42182988,-0.026737105,-0.5643881,0.0026045016,-0.31810436,0.10004762,0.11441251,0.11150934,0.019308742,-0.04525765,0.4898658,0.34158427,0.5982181,-0.08127375,0.15546271,-0.015888894,-0.12861691,-0.0939931,-0.16148962,0.3346856,-0.14351283,-0.08235232,-0.0020632993,-0.08989912,-0.06902286,-0.12757933,-0.13486871,0.651935,0.44775015,0.89945173,0.79329455,-0.26790088,-0.31031594,-0.26805025,-0.27192506,0.42028302,-0.31990296,-0.5315428,-0.4725908,-0.54130626,0.2716369,-0.46389085,0.56296057,-0.3329669,0.5040956,-0.11847522,0.03121994,0.4354215,0.7005876,-0.33687225,0.00043557872,0.22981524,0.27630153,0.020196753,0.069233604,0.14128962,0.24989729,-0.40414244,0.35253212,0.10891134,0.5485336,0.33115703,0.8162001,0.7662596,0.70612335,0.3835603,-0.21241353,-0.067669064,-0.021104285
0.05497516,-0.16691592,-0.28662014,0.011707937,-0.16946177,-0.17281808,-0.026122633,-0.20450395,-0.30909628,0.4448653,0.443168,0.7530564,0.0,0.09621852,0.021114232,0.055315543,0.4796212,-0.44741264,0.0069246143,-0.4160879,-0.09524962,0.08818428,0.0024173893,0.27494264,0.18545622,0.34788188,0.19848722,0.24311632,0.05878212,0.36632392,0.40577877,0.44197273,0.19934718,-0.36954677,0.116367206,-0.38405293,0.07252108,0.2003077,0.18389855,0.071446605,-0.013317305,0.5587128,0.40876576,0.50524336,-0.117678724,0.28516352,0.074560806,0.041543547,-0.21259022,-0.1718549,0.08307326,-0.13252386,-0.048707355,0.028558722,-0.15764205,-0.24298844,-0.054362167,-0.17174773,0.33875084,0.19706921,0.7771522,0.94406545,-0.12642092,-0.22203447,-0.19451582,-0.083607614,0.36978403,-0.18574113,-0.36140364,-0.27717552,-0.29840136,0.45515835,-0.24938412,0.3560529,-0.20974495,0.19718397,0.0029639094,0.17281933,0.42921877,0.6106635,-0.23641789,0.04225681,0.116860576,0.26126462,0.058986872,0.06155623,0.07837226,0.31341177,-0.37696037,0.2401971,0.01738136,0.3475765,0.12529525,0.5728991,0.5738872,0.6178812,0.44954222,-0.08797196,-0.15450601,-0.10108114
-0.46550333,-0.335196,-0.43779445,-0.45028442,-0.43786967,-0.5150405,-0.40467668,-0.32879442,-0.40739036,-0.033035282,-0.34659582,-0.12862365,0.09621852,0.0,0.780867,0.3500065,0.63544804,0.3921707,0.82202226,0.09375567,0.75790524,0.80348974,0.840545,0.56437373,-0.30993384,-0.19717185,0.81344515,0.31225297,0.27777925,0.5219433,-0.14620091,-0.06854615,0.3961103,0.5413624,0.67947227,-0.3514537,0.09010016,0.1076541,0.008749222,-0.12475659,0.15343492,0.3570673,0.40543467,0.22438575,0.41394642,0.61891276,0.5999803,0.63151544,-0.64648217,-0.14359298,-0.77389175,-0.36884832,-0.36757413,-0.42699242,-0.35133913,-0.5257757,-0.31801388,-0.29911926,-0.545278,-0.20703457,-0.14857778,0.02994582,0.39547798,0.633567,0.582199,0.60938746,-0.5914737,0.72364956,0.6230175,0.13988495,0.6281921,0.45886347,0.67016417,-0.67488873,0.4921126,-0.23779513,0.29217708,0.63855094,0.08284318,-0.2598712,0.4907071,0.29203326,0.31596282,0.43147478,0.52194697,0.21274684,-0.050884906,0.5005453,-0.16298114,-0.025009591,-0.579998,-0.42367852,-0.5316875,-0.12580357,-0.1631278,0.1645044,0.46472946,0.5294141,-0.5868627,-0.26522785
-0.5971635,-0.04050305,-0.12557043,-0.30881497,-0.16306081,-0.21567439,-0.33354944,-0.010285728,-0.06863597,-0.2717753,-0.41650617,-0.20874728,0.021114232,0.780867,0.0,0.18448696,0.39052024,0.57005584,0.6787419,0.28833547,0.58846337,0.6788909,0.8257655,0.42319235,-0.455452,-0.24861166,0.62739587,0.49763346,0.56508875,0.66234267,-0.29951033,-0.1756313,0.1056796,0.58316433,0.43025747,-0.040772628,0.16624926,-0.147928,-0.24921596,-0.27557403,-0.09430822,0.32724592,0.15657419,-0.014047039,0.23417214,0.3482415,0.3029678,0.49305707,-0.26694116,0.0035346248,-0.60117835,-0.067841895,-0.05354672,-0.18010643,-0.03884318,-0.21463491,0.010882227,0.03337497,-0.5512939,-0.2597056,-0.19476378,0.0014622349,0.6374017,0.70404553,0.71213245,0.8864757,-0.39940888,0.6173377,0.6742167,0.41167474,0.80063266,0.5241958,0.8013854,-0.6231066,0.5728319,-0.391267,0.554135,0.7905943,-0.14400153,-0.26486674,0.5459695,0.12006883,0.16598293,0.23543875,0.46955302,0.21592486,0.093566164,0.548961,0.17938,-0.17651196,-0.44088316,-0.5725071,-0.6448884,-0.2812918,-0.3650314,-0.048019916,0.27396655,0.6000257,-0.18017367,-0.06827367
-0.040893335,-0.083114035,-0.35606033,0.084531896,-0.38434806,-0.56235754,0.37009707,-0.12950148,-0.45173416,0.18656784,-0.33855224,-0.21761687,0.055315543,0.3500065,0.18448696,0.0,0.37392485,0.16860348,0.3499329,-0.011131015,0.42464253,0.42929512,0.42997688,0.42883748,-0.16692914,-0.262731,0.439328,-0.2707602,0.02789804,0.11975136,0.14330332,0.16780119,0.779251,0.36672103,0.52166414,-0.26407778,-0.02944454,0.5543916,0.5944209,0.590543,0.3162688,0.18884139,0.41675162,0.08598217,0.252053,0.33179912,0.46163172,0.41689724,-0.48030156,-0.092358686,-0.4192153,-0.17893477,-0.1174337,-0.12433798,-0.4464741,-0.53502905,-0.1325887,-0.46097064,-0.20889215,-0.30145627,-0.17939739,-0.10836991,-0.21164502,-0.17809914,-0.19052653,-0.02524074,-0.12562661,0.059375852,0.19559033,0.13568273,0.14622107,0.29810667,0.10184487,-0.09272712,0.12594497,-0.13673516,-0.010357248,0.077036306,0.27393338,-0.2176516,0.22971241,0.36886728,0.14003058,0.38269636,0.211645,0.12720066,-0.14334922,0.13184077,-0.22659832,0.1391676,-0.20344669,-0.06415834,-0.004128148,-0.08267211,0.013290659,0.077255026,0.1295317,0.12939067,-0.4140562,-0.21881907
0.00088299776,-0.59694064,-0.6199574,-0.5283498,-0.68248796,-0.5662528,-0.034707513,-0.5957523,-0.57537746,0.43841538,0.13727541,0.2599482,0.4796212,0.63544804,0.39052024,0.37392485,0.0,-0.07566039,0.631649,-0.11085539,0.6502287,0.6457274,0.5091837,0.7114895,0.07716698,0.05893192,0.64890796,0.15480883,0.07573414,0.29818338,0.30341902,0.3838339,0.6327809,0.1759167,0.6178962,-0.59647846,-0.0318094,0.51784885,0.4530689,0.27205133,0.4733058,0.33528998,0.56011814,0.4170274,0.29643083,0.63675547,0.56414896,0.48983845,-0.6381065,-0.26958025,-0.41229844,-0.6326526,-0.5529295,-0.5580911,-0.6316139,-0.5403271,-0.5767327,-0.5802565,-0.13649106,0.09611501,0.25471488,0.4021004,-0.081891336,0.12562095,-0.00037395488,0.09737831,-0.10432501,0.41200405,0.11582475,-0.33201826,0.13812385,0.2799688,0.12207938,-0.120463856,0.06421382,0.08278033,-0.04780984,0.25955626,0.44227052,0.19687136,0.05662661,0.33249706,0.20565733,0.39950716,0.22167635,0.026093498,-0.19431424,0.33834192,-0.5007305,0.3844093,-0.22898084,0.12934236,-0.015763218,0.24329025,0.32704943,0.4279912,0.5354042,0.14234328,-0.5954973,-0.2842719
-0.43886515,0.29481983,0.34382114,-0.011294064,0.101018384,0.14897141,-0.029340383,0.43316215,0.3909638,-0.48220983,-0.6240329,-0.661102,-0.44741264,0.3921707,0.57005584,0.16860348,-0.07566039,0.0,0.5263174,0.597086,0.46578515,0.33081654,0.60309094,0.11989899,-0.46415228,-0.4359663,0.16199306,0.24671318,0.5521089,0.15489985,-0.50603014,-0.33059114,-0.081591524,0.8206863,0.02863732,0.41278988,0.12520732,-0.26702693,-0.30885845,-0.2580347,-0.21143012,-0.19379574,-0.4037418,-0.5017369,0.074993715,-0.1983282,-0.08800205,0.080830395,0.13941757,0.14377797,-0.4633751,0.22503607,0.02395505,-0.025851762,0.23006767,0.20779687,0.2883132,0.3458296,-0.6269694,-0.24309328,-0.5135838,-0.45857278,0.72010744,0.63132906,0.6174213,0.6366183,-0.5829882,0.5759625,0.84792393,0.7676814,0.87368375,0.09614247,0.8186517,-0.73178065,0.75765103,-0.37397057,0.5956922,0.4679018,-0.36967015,-0.57587254,0.70209056,0.03260107,-0.034299664,-0.11102578,0.2258992,0.021446478,0.15246591,0.12486102,0.6321854,-0.40170088,-0.435775,-0.7361055,-0.6497191,-0.59352326,-0.84138924,-0.56266636,-0.35131302,0.4065676,0.19081019,0.09860364
-0.36467373,-0.26964203,-0.24787427,-0.49507153,-0.4579329,-0.34943256,-0.1738491,-0.24027775,-0.21981797,-0.02826331,-0.36024424,-0.21201822,0.0069246143,0.82202226,0.6787419,0.3499329,0.631649,0.5263174,0.0,0.31601438,0.82625073,0.75936353,0.8409428,0.6560763,-0.28315374,-0.15046145,0.7098945,0.33070925,0.41170934,0.35267007,-0.19355318,-0.058670934,0.37783754,0.75156224,0.6065336,-0.13388555,0.21217744,0.13117355,0.069936566,-0.045357615,0.2385553,0.19130906,0.2229541,0.041052442,0.4560159,0.40339297,0.4816288,0.50701606,-0.44713426,-0.020241542,-0.7281421,-0.35076964,-0.48045436,-0.5159406,-0.31777513,-0.30703738,-0.33676997,-0.24836276,-0.5719355,-0.104139596,-0.16434279,-0.061772037,0.41708377,0.5778769,0.4739473,0.50295407,-0.61360437,0.7533018,0.72207993,0.21744098,0.69162023,0.30327278,0.682506,-0.6727399,0.6365753,-0.14094906,0.38208064,0.57976264,0.044684175,-0.34947488,0.64810306,0.4199409,0.33528474,0.4116463,0.50569814,0.1973285,0.07913734,0.46837562,0.03826389,0.11094732,-0.5880213,-0.4678789,-0.533281,-0.14518899,-0.26187924,0.012857911,0.23850338,0.5065027,-0.39964068,-0.06265794
-0.46233785,0.44012505,0.45702332,0.061916105,0.34854734,0.28424138,0.0020310963,0.41267833,0.48183736,-0.6151404,-0.6002657,-0.58063394,-0.4160879,0.09375567,0.28833547,-0.011131015,-0.11085539,0.597086,0.31601438,0.0,0.17912017,0.017051106,0.29694757,0.039875742,-0.5845809,-0.45307758,0.11990191,0.23455279,0.46281585,0.118855946,-0.49107733,-0.45416445,-0.21717653,0.5572602,0.010010479,0.6412397,0.40175772,-0.37986237,-0.32295173,-0.1842954,0.036061976,-0.17234941,-0.26161632,-0.49051836,0.28249073,-0.1345651,-0.009210365,0.17755277,0.37966153,0.5871732,-0.25502178,0.3966161,0.23865335,0.18959095,0.41257563,0.2978014,0.31083375,0.41491148,-0.5929037,-0.40190148,-0.5226848,-0.3747888,0.45888498,0.34118846,0.31746128,0.4148755,-0.16886233,0.26187113,0.52974534,0.5415056,0.58863336,-0.062454008,0.5036832,-0.43165898,0.42816436,-0.5282861,0.49766695,0.24850869,-0.49114212,-0.53390354,0.4988303,0.2911848,0.09482688,-0.07982693,0.2723754,0.27270153,0.36414123,0.22640991,0.6629563,0.013361776,-0.019351985,-0.6215126,-0.45227575,-0.55635923,-0.53984946,-0.4589164,-0.14840634,0.51428705,0.3525144,0.5491247
-0.12968765,-0.5310351,-0.42115444,-0.60978574,-0.6700815,-0.4699523,0.011837844,-0.38866225,-0.33667076,0.12753539,-0.24170788,-0.3389732,-0.09524962,0.75790524,0.58846337,0.42464253,0.6502287,0.46578515,0.82625073,0.17912017,0.0,0.74930865,0.73321855,0.65313786,-0.10183045,-0.2694247,0.5663801,0.05869601,0.19407198,0.11564623,-0.095127806,0.097994216,0.5598369,0.62041295,0.5380324,-0.39244068,-0.16610251,0.41966653,0.3144007,0.19971694,0.4286444,-0.084328584,0.19331628,-0.045209363,0.27503732,0.4220519,0.46788058,0.43946427,-0.5803236,-0.28950724,-0.67075074,-0.6126078,-0.61938846,-0.7051725,-0.5684685,-0.38754898,-0.5118724,-0.4384419,-0.52159023,-0.0059777806,-0.28230584,-0.18767856,0.21891664,0.49149913,0.31817585,0.36270735,-0.52962434,0.78782105,0.5879969,0.025144013,0.5794912,0.048140313,0.54420996,-0.56980956,0.4547284,-0.08929828,0.096970834,0.32183304,0.0962221,-0.30287686,0.37805906,0.22606128,0.030733353,0.16945802,0.16779536,-0.14078213,-0.3138703,0.13573858,-0.16961353,0.052583657,-0.47491428,-0.26268905,-0.27706322,-0.26887387,-0.27332458,-0.1234429,0.14817902,0.21034335,-0.54887944,-0.35543266
-0.25862908,-0.44091383,-0.51597637,-0.5131972,-0.617073,-0.5595104,-0.16575418,-0.418027,-0.47801387,0.12410064,-0.20587021,-0.083057374,0.08818428,0.80348974,0.6788909,0.42929512,0.6457274,0.33081654,0.75936353,0.017051106,0.74930865,0.0,0.82305276,0.6586212,-0.1491791,-0.07461179,0.7555194,0.21689549,0.24446473,0.4472931,-0.020305485,0.041470025,0.5104408,0.5469249,0.7517243,-0.41100845,-0.0009324424,0.29394445,0.20396923,0.11473002,0.25153103,0.28471467,0.4575882,0.18546091,0.4120698,0.56053376,0.6115037,0.6511059,-0.6239436,-0.24895564,-0.59730065,-0.48529232,-0.3989319,-0.5199077,-0.52725214,-0.51689976,-0.4166625,-0.45891067,-0.37159136,-0.0937596,-0.11518203,-0.007610761,0.17991191,0.42666033,0.36372808,0.44873202,-0.4220472,0.5794952,0.5115236,0.034963556,0.52028394,0.40862173,0.51295626,-0.45211166,0.385764,-0.09419172,0.18536119,0.52594817,0.18696968,-0.1976763,0.41083163,0.28629422,0.29136002,0.48098156,0.43598664,0.15805185,-0.14525321,0.43959367,-0.25308052,0.0912782,-0.41427785,-0.24244408,-0.3057609,-0.06690261,-0.046565436,0.14468928,0.3869201,0.42468897,-0.5489017,-0.31994072
-0.5260885,-0.08960388,-0.18871465,-0.32296297,-0.34214622,-0.3357042,-0.17023326,-0.078590214,-0.18377051,-0.16548848,-0.50352305,-0.27224886,0.0024173893,0.840545,0.8257655,0.42997688,0.5091837,0.60309094,0.8409428,0.29694757,0.73321855,0.82305276,0.0,0.61017877,-0.43845296,-0.2119282,0.73473257,0.38226748,0.5644189,0.57401764,-0.29533693,-0.11698267,0.33010712,0.76994175,0.5942018,-0.07558376,0.22234984,0.03668567,-0.025193369,-0.089851834,0.030296039,0.33322093,0.23951957,-0.061654225,0.32619798,0.36551094,0.43917194,0.5684626,-0.38859114,0.002069392,-0.744569,-0.16219108,-0.22407311,-0.3054865,-0.19970898,-0.31010917,-0.1081646,-0.14334631,-0.6035551,-0.2621583,-0.22709759,-0.08393917,0.5071935,0.566253,0.54973817,0.6796093,-0.51680815,0.6246023,0.73634607,0.41265327,0.7802395,0.5319805,0.7621917,-0.65978384,0.68204194,-0.30855122,0.5382616,0.741313,-0.067048654,-0.38481313,0.6910434,0.2971832,0.23675999,0.3844787,0.5314058,0.22969377,0.116175115,0.5481199,0.12715527,-0.07247096,-0.5919985,-0.5904834,-0.6554149,-0.25299898,-0.3601365,-0.08132319,0.21797243,0.58279365,-0.29222322,-0.07561856
-0.033623174,-0.41834396,-0.33077136,-0.42960736,-0.6245419,-0.32555848,0.22277445,-0.34170932,-0.31777206,0.39259255,0.031510506,0.13392513,0.27494264,0.56437373,0.42319235,0.42883748,0.7114895,0.11989899,0.6560763,0.039875742,0.65313786,0.6586212,0.61017877,0.0,0.042189818,0.17905144,0.5869304,0.32303208,0.35407627,0.33314636,0.016106501,0.30038002,0.5657856,0.42861232,0.5444821,-0.321901,0.16731931,0.47385868,0.46569058,0.37198654,0.44318324,0.30056897,0.42297566,0.11299228,0.2637877,0.39634192,0.46049938,0.38959762,-0.43316388,-0.09684486,-0.4934439,-0.48368844,-0.5050097,-0.5279043,-0.46853206,-0.28019634,-0.4064089,-0.39851424,-0.13248172,0.18369395,0.19059262,0.18373021,0.026947718,0.09810456,0.008602218,0.16478926,-0.12326804,0.38482,0.28380075,-0.07680136,0.2838329,0.2964416,0.24447162,-0.093778,0.3532632,0.17318895,0.23731172,0.41239375,0.18531798,-0.012179097,0.34736466,0.43353724,0.19215797,0.42892158,0.26822978,0.040511437,0.024793351,0.4362753,-0.1955824,0.47142097,-0.37189782,-0.02463797,-0.09541895,0.18235642,0.17628783,0.1714998,0.2809724,0.17336284,-0.38375673,-0.07417899
0.8930127,-0.51434034,-0.19086468,-0.28347144,-0.427609,0.04929083,0.30478483,-0.3739005,-0.153632,0.78761,0.8224243,0.45200244,0.18545622,-0.30993384,-0.455452,-0.16692914,0.07716698,-0.46415228,-0.28315374,-0.5845809,-0.10183045,-0.1491791,-0.43845296,0.042189818,0.0,0.6209827,-0.3721334,-0.15717302,-0.41077414,-0.53800935,0.6089116,0.66766036,0.09012829,-0.45601973,-0.2580923,-0.42248818,-0.49737692,0.49620932,0.42402518,0.30145302,0.13820867,-0.27465802,-0.14550576,0.2753356,-0.3079821,-0.18915556,-0.27559695,-0.43750283,-0.06946699,-0.6138005,0.5320362,-0.49666017,-0.5163195,-0.4423205,-0.39575422,0.12177553,-0.43751147,-0.30983374,0.7593361,0.83420163,0.500374,0.19780792,-0.4883231,-0.351713,-0.4610361,-0.60637206,0.18676724,-0.13516326,-0.5546175,-0.6353157,-0.58043617,-0.44222695,-0.61521524,0.55380714,-0.35611174,0.8760509,-0.5136299,-0.46876013,0.5678086,0.6376692,-0.54007757,-0.37093887,-0.21929882,-0.22598267,-0.5544476,-0.5876399,-0.4060191,-0.47297552,-0.433582,0.119278364,0.14765586,0.819765,0.6940068,0.59803665,0.4144545,0.2302517,-0.20610303,-0.7662956,-0.07676008,-0.41468596
0.42650056,-0.16365257,0.053161066,-0.12762766,-0.14702173,0.25097933,0.07040103,-0.16877085,-0.002602108,0.5783705,0.6257367,0.6753108,0.34788188,-0.19717185,-0.24861166,-0.262731,0.05893192,-0.4359663,-0.15046145,-0.45307758,-0.2694247,-0.07461179,-0.2119282,0.17905144,0.6209827,0.0,-0.10586693,0.33017206,0.024179123,-0.008332705,0.30390885,0.43258852,-0.16876037,-0.29120824,-0.11021549,-0.07786324,0.14138441,0.100730546,0.097482495,0.012979077,-0.10535006,0.26092044,0.009728362,0.33502567,-0.12686864,-0.16872963,-0.18003044,-0.27904415,0.101699434,-0.14471528,0.35725632,-0.13833126,-0.2880908,-0.18112649,-0.02326168,0.23891969,-0.1723818,-0.046961322,0.69935185,0.6835913,0.69120556,0.36882994,-0.20239766,-0.2721391,-0.2509538,-0.31853548,0.19492699,-0.24430253,-0.39484814,-0.3581927,-0.43021047,0.04285301,-0.40965724,0.49660215,-0.054244544,0.7815316,0.0013387983,0.044268884,0.32982764,0.54180694,-0.12528354,-0.07924135,0.1560024,0.1560391,-0.050289996,-0.09244431,0.22888513,0.14334342,-0.14324144,0.2671862,-0.06877736,0.4816674,0.2994056,0.81119496,0.50161564,0.38529763,-0.017842853,-0.3094418,0.12526928,0.06568215
-0.47987446,-0.22806764,-0.49154565,-0.31453827,-0.3553661,-0.58930886,-0.33251745,-0.38235965,-0.52221173,-0.0113284495,-0.34144136,0.016395057,0.19848722,0.81344515,0.62739587,0.439328,0.64890796,0.16199306,0.7098945,0.11990191,0.5663801,0.7555194,0.73473257,0.5869304,-0.3721334,-0.10586693,0.0,0.2674451,0.21984233,0.62013066,-0.036516342,-0.12019019,0.46916416,0.44026315,0.8761631,-0.2899803,0.2931859,0.12608445,0.10891763,0.045557845,0.25991583,0.5577333,0.68576837,0.37370297,0.66431624,0.75536346,0.7962721,0.83172506,-0.6346027,0.067983076,-0.6597716,-0.2585447,-0.1675567,-0.25505534,-0.33484092,-0.63753223,-0.29917058,-0.38440087,-0.4048255,-0.35390532,-0.07787188,0.11028794,0.14759858,0.35074764,0.34763828,0.4516218,-0.3211745,0.43478188,0.43927163,0.039489042,0.41336316,0.5847486,0.45165887,-0.41067797,0.294848,-0.27518314,0.23058234,0.56753373,0.15415967,-0.23684733,0.4406714,0.547224,0.556211,0.70991683,0.71747077,0.53040934,0.096050605,0.6782814,-0.2505457,0.255019,-0.35269707,-0.3061474,-0.373567,0.008512042,0.13336833,0.37431479,0.67280346,0.6690386,-0.59116757,-0.06867483
-0.38495108,0.19980691,0.29320627,-0.049011808,0.16965018,0.3176973,-0.2760951,0.2402187,0.31358445,-0.08793962,0.0122019565,0.28697693,0.24311632,0.31225297,0.49763346,-0.2707602,0.15480883,0.24671318,0.33070925,0.23455279,0.05869601,0.21689549,0.38226748,0.32303208,-0.15717302,0.33017206,0.2674451,0.0,0.67659646,0.6055299,-0.25314385,-0.015408934,-0.33487466,0.2677499,0.04141633,0.28813973,0.52332425,-0.39981234,-0.4335531,-0.45392707,-0.2544387,0.4634738,-0.036100727,0.06117377,0.08057168,-0.020739853,-0.07995721,0.0420243,0.18908533,0.24405038,-0.17882814,0.21601227,0.032981873,0.07871026,0.36218807,0.27606103,0.25762856,0.41527578,-0.051706772,0.15728475,0.31048116,0.28563866,0.5966676,0.40911618,0.463405,0.5545522,-0.0798557,0.24691442,0.32811165,0.32127297,0.3921284,0.4358784,0.43901384,-0.19547305,0.49998584,0.03098576,0.7138862,0.7406921,-0.16548137,0.11833644,0.45327863,0.14376108,0.2530093,0.1877838,0.3997543,0.25839362,0.57525015,0.6566277,0.39066577,0.075658046,-0.32875627,-0.3081958,-0.49207008,0.2258126,-0.039782837,0.13789508,0.14723648,0.40040892,0.24516052,0.35044116
-0.49062592,0.41616142,0.47260022,0.06791695,0.18882851,0.35736328,0.03360051,0.46998385,0.45098317,-0.2983696,-0.35258284,-0.11179134,0.05878212,0.27777925,0.56508875,0.02789804,0.07573414,0.5521089,0.41170934,0.46281585,0.19407198,0.24446473,0.5644189,0.35407627,-0.41077414,0.024179123,0.21984233,0.67659646,0.0,0.56342345,-0.46028912,-0.085076645,-0.22412479,0.55677485,-0.036823895,0.48126122,0.5145796,-0.33228186,-0.32750106,-0.30040026,-0.3121157,0.31246755,-0.21235166,-0.3868589,-0.08897996,-0.23169968,-0.18797731,0.044738203,0.341436,0.35503858,-0.31590745,0.37190086,0.125815,0.14745156,0.40932515,0.3608993,0.41637367,0.45904076,-0.33847147,-0.07496178,0.020009827,0.05541196,0.6765191,0.33920357,0.4047488,0.61353076,-0.10674483,0.2137234,0.49417195,0.65177786,0.6340101,0.4492718,0.58756334,-0.31144193,0.70197785,-0.22076698,0.9002208,0.75270045,-0.3733309,-0.16680714,0.6402025,0.089543805,-0.008597352,0.017202534,0.2937532,0.13560876,0.5644084,0.5392772,0.6481194,-0.09213199,-0.400396,-0.58585274,-0.66683036,-0.13995685,-0.4172149,-0.2903896,-0.16462277,0.41156858,0.43066207,0.41941825
-0.7234955,0.2171432,-0.052244373,0.059820294,0.12707596,-0.13156424,-0.3775181,0.09956097,-0.08534254,-0.26039976,-0.2936378,0.20052148,0.36632392,0.5219433,0.66234267,0.11975136,0.29818338,0.15489985,0.35267007,0.118855946,0.11564623,0.4472931,0.57401764,0.33314636,-0.53800935,-0.008332705,0.62013066,0.6055299,0.56342345,0.0,-0.24571127,-0.20198928,-0.021878853,0.23794474,0.4174886,0.056031544,0.49298206,-0.31726342,-0.32255015,-0.30160743,-0.22251906,0.7705385,0.42646605,0.2027293,0.2465821,0.3988395,0.3183931,0.49893147,-0.14257681,0.27068102,-0.42807472,0.2400707,0.30012974,0.24440674,0.19820304,-0.22593781,0.25816467,0.15765929,-0.28577262,-0.36537823,0.1445835,0.35497704,0.45506728,0.3339697,0.47132304,0.6805103,-0.0008709856,0.12358732,0.3305759,0.35260317,0.42507282,0.86790746,0.48882872,-0.25650805,0.3394962,-0.39697462,0.60777855,0.8207844,-0.1613344,-0.06715637,0.43408,0.27520695,0.35818636,0.48095784,0.64384085,0.54223347,0.42590916,0.8289034,0.12629515,0.051410206,-0.253351,-0.4492787,-0.5701315,0.029867096,0.04799339,0.28388628,0.52952933,0.66880417,-0.06108183,0.20881215
0.63412327,-0.41111076,-0.47492167,-0.16239624,-0.38755023,-0.30163407,0.1912265,-0.46547318,-0.44908842,0.6428193,0.5944858,0.43908724,0.40577877,-0.14620091,-0.29951033,0.14330332,0.30341902,-0.50603014,-0.19355318,-0.49107733,-0.095127806,-0.020305485,-0.29533693,0.016106501,0.6089116,0.30390885,-0.036516342,-0.25314385,-0.46028912,-0.24571127,0.0,0.64386517,0.34272045,-0.5085862,0.06824817,-0.5189077,-0.4758445,0.5501633,0.47981143,0.3982923,0.16978538,0.033678688,0.23594366,0.5873852,0.0023256526,0.17867212,0.031839874,0.0026454008,-0.26635495,-0.51621526,0.5160088,-0.39496687,-0.20271112,-0.21310332,-0.49536312,-0.2764917,-0.37924936,-0.4786976,0.59979886,0.31920704,0.4152515,0.3949599,-0.56827426,-0.41607112,-0.49965346,-0.4823698,0.35280448,-0.22146326,-0.6023441,-0.6106713,-0.5457971,-0.09598126,-0.6200927,0.5418053,-0.60677487,0.42457837,-0.5695189,-0.4298817,0.86224633,0.6969477,-0.640079,-0.20480362,0.014980017,0.020597978,-0.28460145,-0.22522748,-0.44020233,-0.2354829,-0.6082475,0.14105354,0.39063206,0.7914302,0.6729376,0.53799564,0.5776999,0.55918306,0.20902157,-0.42604607,-0.23485832,-0.40431386
0.64599955,-0.42086336,-0.2471536,-0.1857671,-0.49565834,-0.092204444,0.4349465,-0.2867531,-0.22854738,0.77820474,0.63043225,0.42182988,0.44197273,-0.06854615,-0.1756313,0.16780119,0.3838339,-0.33059114,-0.058670934,-0.45416445,0.097994216,0.041470025,-0.11698267,0.30038002,0.66766036,0.43258852,-0.12019019,-0.015408934,-0.085076645,-0.20198928,0.64386517,0.0,0.3567527,-0.3012613,-0.1260746,-0.47522882,-0.35685945,0.64338124,0.5688861,0.40171528,0.17150097,0.017465161,0.017082239,0.29005897,-0.35839555,-0.040791173,-0.18450324,-0.23998626,-0.1564893,-0.5343113,0.28557932,-0.44000703,-0.46162203,-0.3512466,-0.43609476,-0.029415468,-0.30768475,-0.32882968,0.53178334,0.6094478,0.53269386,0.40389162,-0.3386789,-0.36307397,-0.46977925,-0.39206406,0.2646194,-0.09069037,-0.46381378,-0.43648833,-0.37964556,-0.11390296,-0.44967428,0.47944516,-0.24215189,0.59114605,-0.25379765,-0.19587141,0.6395209,0.722829,-0.43560517,-0.28383723,-0.31064296,-0.18247274,-0.48206228,-0.56869507,-0.31819233,-0.22687371,-0.3976464,0.13464952,0.041309893,0.6714194,0.48052245,0.5485538,0.37549052,0.28537723,-0.07355456,-0.6264835,-0.11482036,-0.3824921
0.1890554,-0.5251745,-0.6837759,-0.2399091,-0.69688547,-0.7454109,0.3393987,-0.5108141,-0.6978421,0.47412074,-0.0073379115,-0.026737105,0.19934718,0.3961103,0.1056796,0.779251,0.6327809,-0.081591524,0.37783754,-0.21717653,0.5598369,0.5104408,0.33010712,0.5657856,0.09012829,-0.16876037,0.46916416,-0.33487466,-0.22412479,-0.021878853,0.34272045,0.3567527,0.0,0.1556476,0.5983139,-0.6465007,-0.2593567,0.82354474,0.8176091,0.7150958,0.61359864,0.096012086,0.56924915,0.28448117,0.25290874,0.55076826,0.5849396,0.44301304,-0.7272263,-0.33602223,-0.36852875,-0.6022397,-0.41841072,-0.44801772,-0.7848551,-0.69944763,-0.52006197,-0.75433576,-0.08024609,-0.0558073,-0.023811055,0.04651548,-0.42738152,-0.2013663,-0.30861816,-0.19293429,-0.05392112,0.16659874,0.01941066,-0.28538662,-0.040934138,0.117331676,-0.07676264,0.019792618,-0.10640924,0.053631365,-0.32804877,-0.10937049,0.44857344,-0.0051342556,-0.049723674,0.34917018,0.086519375,0.35728312,0.043061342,-0.058857676,-0.43387112,0.011654889,-0.602707,0.33330992,-0.10929785,0.23130715,0.25589803,0.061476275,0.26834807,0.25158653,0.31405035,-0.06832218,-0.6964134,-0.43712807
-0.44830126,0.13761912,0.14571482,-0.1675849,-0.12918262,-0.055332728,0.0124576315,0.18771893,0.14026414,-0.3318603,-0.6461665,-0.5643881,-0.36954677,0.5413624,0.58316433,0.36672103,0.1759167,0.8206863,0.75156224,0.5572602,0.62041295,0.5469249,0.76994175,0.42861232,-0.45601973,-0.29120824,0.44026315,0.2677499,0.55677485,0.23794474,-0.5085862,-0.3012613,0.1556476,0.0,0.3574407,0.29048127,0.3068633,-0.08421368,-0.088440895,-0.069104396,0.0355345,-0.011220253,-0.08813134,-0.38820812,0.32404575,0.018927708,0.22671771,0.31828195,-0.07839507,0.22813152,-0.6556408,0.03231759,-0.17393984,-0.21778235,0.008833716,-0.006212219,0.039725415,0.060313795,-0.6574041,-0.2538756,-0.46407908,-0.4341533,0.5345108,0.511647,0.47522074,0.53895366,-0.61796427,0.5856804,0.8667368,0.61775327,0.8247878,0.1994214,0.7746221,-0.7188244,0.8066345,-0.28306535,0.5829873,0.53992915,-0.30341744,-0.66324586,0.85248756,0.36819077,0.20588264,0.21700978,0.44541776,0.2035616,0.25093237,0.34272,0.45820504,-0.07541498,-0.5843306,-0.72097075,-0.6415342,-0.437751,-0.62290436,-0.41235033,-0.16225731,0.5217219,-0.028009342,0.1705939
-0.29871908,-0.36056653,-0.64373755,-0.3440438,-0.46925527,-0.7295904,-0.24575108,-0.5459536,-0.6843999,0.077414684,-0.27248976,0.0026045016,0.116367206,0.67947227,0.43025747,0.52166414,0.6178962,0.02863732,0.6065336,0.010010479,0.5380324,0.7517243,0.5942018,0.5444821,-0.2580923,-0.11021549,0.8761631,0.04141633,-0.036823895,0.4174886,0.06824817,-0.1260746,0.5983139,0.3574407,0.0,-0.39998344,0.16216084,0.2814602,0.2860158,0.24410115,0.42723903,0.43470076,0.7843983,0.41534865,0.74015886,0.79713744,0.91087353,0.87635636,-0.7241308,0.001750998,-0.55866325,-0.39616767,-0.22051726,-0.3292999,-0.52177227,-0.75488275,-0.4675528,-0.59284556,-0.3150857,-0.3379175,-0.14193748,0.015285814,-0.13066085,0.17891508,0.15155818,0.22341453,-0.27036622,0.32495108,0.31254193,-0.13335611,0.23988046,0.44700202,0.26560453,-0.29616475,0.0978,-0.19076277,-0.032777965,0.31851286,0.2275955,-0.26685765,0.30699784,0.61259556,0.5881203,0.77599496,0.65697056,0.5118299,-0.050540973,0.5300137,-0.43363196,0.38720524,-0.20571248,-0.14594007,-0.13956006,0.025257736,0.2588854,0.41168532,0.6825271,0.5672029,-0.6994926,-0.13603233
