0,1,2,3,4,5,6,7,8,9,10,11,12,13,14,15,16,17,18,19,20,21,22,23,24,25,26,27,28,29,30,31,32,33,34,35,36,37,38,39,40,41,42,43,44,45,46,47,48,49,50,51,52,53,54,55,56,57,58,59,60,61,62,63,64,65,66,67,68,69,70,71,72,73,74,75,76,77,78,79,80,81,82,83,84,85,86,87,88,89,90,91,92,93,94,95,96,97,98,99
0.0,0.3060177,0.37187204,0.08988617,-0.052491825,0.40963078,0.5663851,0.35358757,0.20719089,0.14382863,0.19657846,0.17649926,0.11925242,0.3158398,0.24791947,0.76225483,0.2046918,0.4466762,0.25477806,0.21356432,0.2764952,0.022841977,0.31252936,-0.05092336,0.3675697,0.16390257,-0.009381485,0.11505118,0.11981041,0.19228613,0.13836668,0.22482078,0.062214527,-0.22811307,-0.000654832,-0.02488997,-0.18469587,0.03409682,-0.005628292,0.14059404,-0.07720623,0.42430386,0.040108077,0.15440112,-0.07676346,0.027571429,-0.18171193,0.05752128,0.5156925,0.012834255,0.6233488,0.36581832,0.677727,0.15405555,0.13416813,0.45429996,0.41447663,0.17120624,0.13629894,0.2269623,0.17998134,0.045926474,0.20464824,0.2662228,0.35652798,0.29528454,0.5203421,0.24558714,-0.4638921,0.45242783,0.3014424,-0.071251124,0.23945987,0.042039603,0.02457353,0.19345942,0.0866004,0.11059696,-0.025612075,0.14657232,-0.47266522,-0.42328167,-0.3652076,-0.22410165,-0.53164434,-0.31974384,-0.29966238,-0.22579557,-0.20755577,-0.3392253,0.047843564,0.21034011,-0.075695604,-0.16464092,-0.0343739,0.045951717,-0.036422994,-0.30552834,0.6453403,-0.06967384
0.3060177,0.0,0.9358802,0.7585535,0.75931257,0.7553536,0.22560816,0.9442578,0.8705017,0.006956739,-0.007493971,0.023098307,-0.057843827,-0.10440731,-0.10203362,0.467959,-0.18290612,0.435297,-0.15029472,0.22718598,0.020425044,-0.22080544,0.11856514,0.072745,0.13351049,0.41265592,-0.18891063,0.16425456,0.23943537,0.11134968,-0.23577064,-0.14705235,-0.076967776,-0.16281146,-0.16623624,0.38110492,-0.161727,-0.15397057,-0.33989236,-0.11672702,-0.29834557,0.14740108,-0.109016426,-0.22623652,-0.2321332,-0.23904899,-0.33893025,-0.47037682,0.2173422,-0.2333064,0.06577998,0.95535326,0.5894216,0.37640843,0.8030825,0.84164494,0.92499495,0.9044324,-0.20526835,-0.14075916,0.07601439,-0.16510656,0.22218667,-0.2467694,-0.067203194,-0.13056462,0.10413366,-0.5508282,-0.26817998,0.56464386,0.11876456,0.072420985,0.22006144,0.041900408,-0.16831902,0.17722094,0.24370734,0.26624113,-0.22197299,-0.13347004,-0.17868346,-0.40123764,-0.24747832,-0.036772836,0.010108334,-0.30298576,-0.1955373,-0.14091916,0.22127426,-0.3465873,-0.3775247,0.023877338,-0.17164609,-0.23489065,-0.12025669,-0.18249674,-0.1845619,-0.5697052,0.30848277,-0.2517482
0.37187204,0.9358802,0.0,0.60275024,0.6886857,0.85544336,0.27818626,0.8651939,0.8710021,0.06401655,0.10639765,0.10592225,0.053153105,0.005930368,-0.011506902,0.5137417,-0.049684536,0.499429,-0.026193349,0.22910248,0.0820282,-0.21343462,0.17802043,0.05976259,0.13962197,0.3791588,-0.21862406,0.19751391,0.23902157,0.15785752,-0.11729573,-0.16659284,-0.08576154,-0.11166459,-0.18877445,0.42416114,-0.12088113,-0.15393652,-0.3181892,-0.09397152,-0.28517166,0.18001525,-0.120378524,-0.12055969,-0.20069805,-0.2325402,-0.32748744,-0.4109075,0.32865214,-0.1625595,0.057356793,0.8909705,0.559152,0.26353008,0.82230127,0.89794993,0.8499815,0.8333193,-0.15765159,-0.02781643,0.12645146,-0.046312284,0.29924855,-0.14057621,0.0062480876,-0.03162334,0.12613396,-0.46076757,-0.26839733,0.63524485,0.16179347,0.06105416,0.26337346,0.062589504,-0.10711744,0.18214294,0.26048893,0.29039812,-0.08002541,-0.17679836,-0.20872541,-0.39232516,-0.2752191,-0.080128774,-0.08779186,-0.32969972,-0.13066262,-0.07803484,0.2619176,-0.3744862,-0.36933583,-0.063797444,-0.17063239,-0.14899474,-0.15059009,-0.11644302,-0.20069937,-0.5055483,0.44015178,-0.17658617
0.08988617,0.7585535,0.60275024,0.0,0.7274281,0.39560232,0.02926743,0.7714182,0.64860576,-0.15618208,-0.29575583,-0.20362338,-0.34570098,-0.36251003,-0.30546513,0.25337172,-0.48863715,0.16567943,-0.42910805,0.17873791,-0.17723289,-0.15638103,-0.079040565,0.031869303,0.052279774,0.36340207,0.039697405,0.037025508,0.12650849,-0.03175499,-0.3627931,0.020762645,0.090920314,-0.16625123,-0.0049765925,0.3341927,-0.05424613,0.00041789765,-0.15873186,-0.10549633,-0.113096535,0.1480402,0.072536916,-0.2888574,-0.101222835,-0.08708319,-0.14745116,-0.3427394,0.06951228,-0.18926398,0.103543825,0.7799948,0.51238704,0.63636994,0.6116846,0.5055988,0.73588294,0.7742666,-0.31695336,-0.37908223,-0.11665479,-0.42153803,-0.06645153,-0.47227237,-0.27142334,-0.3520123,0.13939106,-0.69102556,-0.20955046,0.22826599,-0.07468589,0.049560063,-0.0071759396,-0.023102377,-0.3233454,0.060773,0.096582614,0.08709328,-0.38713005,0.075990394,-0.048691686,-0.17742464,-0.0104820635,0.069680594,0.29844496,-0.05464784,-0.13527532,-0.22499825,0.23528421,-0.03897191,-0.17343768,0.13725457,-0.11719266,-0.23338586,0.10085195,-0.15130569,0.010987419,-0.3920453,0.07596765,-0.20190148
-0.052491825,0.75931257,0.6886857,0.7274281,0.0,0.53824425,-0.15264292,0.67706436,0.7594273,-0.3350864,-0.38247308,-0.34699664,-0.41533357,-0.4768165,-0.44399157,0.036354735,-0.47123268,0.14048444,-0.45460856,0.1015924,-0.30655274,-0.2599316,-0.18075947,-0.02918481,-0.26422393,0.20840144,0.03802496,0.014275987,0.05448848,-0.22274235,-0.23068005,-0.1291331,0.049958393,0.021607425,-0.06973299,0.56743777,0.16695918,-0.040703975,-0.2635072,-0.3318194,-0.051439755,-0.011248784,0.0678981,-0.12736307,0.013109313,-0.07148837,-0.031495716,-0.28482565,0.22192818,-0.028520979,-0.099425495,0.73877555,0.29323992,0.46072897,0.86012506,0.54676604,0.6082378,0.7806021,-0.5346594,-0.51921767,-0.3253172,-0.48469412,-0.16400196,-0.5710011,-0.43992025,-0.48190445,-0.022636857,-0.7986435,-0.094874874,0.22111174,-0.19168757,-0.030379575,-0.08808238,-0.15528809,-0.33195576,-0.10121947,0.078481466,0.006617691,-0.097412884,-0.056843083,0.023093162,-0.005001959,0.113823116,0.011735546,0.38318482,0.023735402,0.13547409,-0.09978044,0.49456137,-4.1490417e-05,-0.2045089,-0.16662726,-0.27388212,-0.0448536,0.06356995,-0.005892183,0.020043934,-0.19991684,0.20561455,-0.015711607
0.40963078,0.7553536,0.85544336,0.39560232,0.53824425,0.0,0.41823336,0.65274686,0.83669204,0.301533,0.3539329,0.34086028,0.20094366,0.24330254,0.24587585,0.4945172,0.22654563,0.50287867,0.23545653,0.36630797,0.32491767,-0.1886438,0.41027892,0.27637687,0.31682527,0.47143552,-0.38878122,0.46642926,0.45602325,0.33698013,-0.11640428,-0.36771047,-0.28406805,-0.121451974,-0.17970495,0.40581995,-0.16006765,-0.32164124,-0.42787635,0.04958832,-0.44067922,0.37708753,-0.2965248,-0.10449695,-0.29501474,-0.4046325,-0.46570575,-0.47096595,0.3117655,-0.24179319,-0.09396435,0.65474784,0.3860602,0.029726215,0.7070806,0.9312797,0.6389912,0.7159282,0.08089444,0.23434141,0.32389805,0.11127884,0.47778758,0.121887095,0.23082495,0.22789253,0.07749542,-0.2523302,-0.14365031,0.598856,0.38068613,0.21857852,0.4810434,0.25634518,0.19682646,0.39774385,0.49874446,0.5053512,-0.037510335,-0.40601283,-0.092331335,-0.47051752,-0.41681233,0.035569087,-0.15316218,-0.50637263,-0.10581343,0.20238324,0.26140198,-0.49897927,-0.523978,-0.11934809,-0.013142009,0.037789553,-0.3532777,-0.17101964,-0.3858186,-0.4972176,0.49716067,-0.22918268
0.5663851,0.22560816,0.27818626,0.02926743,-0.15264292,0.41823336,0.0,0.30727357,0.35389388,0.7023924,0.57995766,0.6845971,0.35842195,0.7401399,0.7354052,0.72841585,0.656317,0.71983755,0.7403045,0.76795876,0.8237093,0.22519837,0.8607219,0.66231716,0.7446681,0.6904789,-0.46675828,0.670368,0.7234321,0.59893394,-0.43536654,-0.38509628,-0.52249,-0.031448,0.23286475,0.06757577,-0.64386153,-0.4922988,-0.26402926,0.6943468,-0.5734824,0.6136887,-0.46714884,-0.46529365,-0.49409768,-0.60380036,-0.62456423,-0.39514512,-0.057326276,-0.5932039,0.019253284,0.15444972,0.4304333,-0.18985546,-0.10217972,0.5306005,0.30222684,0.2942662,0.6524612,0.61321753,0.6278668,0.3092692,0.61751753,0.7126433,0.77155864,0.7288658,0.50525206,0.4476742,0.18373157,0.61180365,0.85735846,0.63837093,0.79848623,0.7206023,0.65545547,0.77370745,0.6981849,0.7175037,-0.5181512,-0.47144154,0.1767835,-0.66018546,-0.7056999,0.4362703,-0.235253,-0.68636435,-0.6161281,0.39708382,-0.15632899,-0.51559025,-0.4701166,0.34303936,0.47085333,-0.28552088,-0.56683785,-0.59382117,-0.6426607,-0.47368148,0.24095637,-0.62798613
0.35358757,0.9442578,0.8651939,0.7714182,0.67706436,0.65274686,0.30727357,0.0,0.81773555,0.034873348,-0.035239145,0.027917417,-0.095078446,-0.060707152,-0.06529654,0.51894826,-0.18057731,0.46936515,-0.111340545,0.28432882,0.07548642,-0.20773765,0.1578236,0.11035251,0.18754639,0.43460917,-0.20609444,0.14892897,0.27112317,0.09843356,-0.33756718,-0.12452479,-0.1079208,-0.19217454,-0.12649782,0.31998447,-0.2757955,-0.19164169,-0.33551863,-0.02539507,-0.33968684,0.15262146,-0.14291407,-0.33503163,-0.31021836,-0.2784926,-0.38566953,-0.49975356,0.1358543,-0.3210982,0.13295588,0.93387884,0.6399444,0.39025038,0.6782427,0.7924475,0.9732978,0.8891442,-0.14945473,-0.13956721,0.094966404,-0.1990288,0.20421784,-0.19435808,0.005835177,-0.09321467,0.1893902,-0.4724433,-0.24746285,0.5764789,0.17984383,0.11786149,0.25663686,0.10117392,-0.14685911,0.22446105,0.2504495,0.27169645,-0.36306852,-0.1089674,-0.160353,-0.46164298,-0.31457257,0.021427466,0.009082515,-0.34254038,-0.3275688,-0.18925254,0.13650727,-0.35755125,-0.37228602,0.15778436,-0.105354086,-0.3612737,-0.14295033,-0.28441232,-0.22056912,-0.62264687,0.2465336,-0.35298818
0.20719089,0.8705017,0.8710021,0.64860576,0.7594273,0.83669204,0.35389388,0.81773555,0.0,0.18557896,0.109897986,0.17506513,-0.04584545,0.045251414,0.07573986,0.40951973,0.00034830108,0.50033855,0.04815963,0.45209992,0.21756521,-0.20375659,0.3147183,0.34653753,0.22503893,0.5495382,-0.34669164,0.39545187,0.48161167,0.18251562,-0.40497544,-0.39936236,-0.29363537,-0.057362117,-0.05852299,0.51790535,-0.21146062,-0.34414336,-0.4363014,0.0858617,-0.45526323,0.29462358,-0.28548208,-0.36231002,-0.33776096,-0.46485737,-0.45810005,-0.6027428,0.12766215,-0.37823546,-0.1717332,0.7750826,0.4260262,0.20900731,0.7753589,0.88331014,0.7644728,0.92955273,-0.03749832,-0.013191233,0.1765131,-0.13319479,0.3213653,-0.07130631,0.08648954,0.03296723,0.12608582,-0.46215248,-0.003185219,0.5591543,0.32035494,0.32493463,0.4104781,0.3009205,0.1078597,0.3796714,0.495851,0.46600726,-0.293955,-0.37068173,0.09584096,-0.41319567,-0.32796255,0.22028625,0.16146123,-0.41608605,-0.16447781,0.15645094,0.36770064,-0.36263695,-0.5465003,0.029888075,0.056310087,-0.10786262,-0.31293488,-0.33311895,-0.39250535,-0.5305336,0.28184718,-0.3568761
0.14382863,0.006956739,0.06401655,-0.15618208,-0.3350864,0.301533,0.7023924,0.034873348,0.18557896,0.0,0.8740691,0.94790536,0.6538408,0.828111,0.8888432,0.3796836,0.7862441,0.4158992,0.80173385,0.597159,0.8884983,0.13660096,0.8322208,0.73537546,0.8498423,0.6011954,-0.66494197,0.7506708,0.7690863,0.7881499,-0.33212292,-0.56495684,-0.64891046,-0.12251322,0.034483768,-0.11802952,-0.6038061,-0.5584915,-0.30708653,0.7072386,-0.68411136,0.5252701,-0.6543036,-0.43225637,-0.56074286,-0.7035109,-0.7034154,-0.5248545,-0.36962914,-0.6339949,-0.36248603,-0.13850589,-0.023657953,-0.44743395,-0.26482308,0.3475623,0.033900097,0.105247594,0.9072927,0.88987565,0.9304576,0.6502157,0.8514444,0.8085063,0.82175237,0.85588944,0.059922796,0.50825244,0.31996515,0.37004375,0.83012515,0.6961863,0.84056336,0.82665324,0.8332625,0.8561,0.769028,0.85367537,-0.33314723,-0.64460236,0.30403692,-0.5756037,-0.65203345,0.47813627,-0.2027682,-0.6838831,-0.42100266,0.6169718,-0.17482544,-0.5140255,-0.61978626,0.2449833,0.6358736,0.030480074,-0.6600899,-0.57185197,-0.71336275,-0.42658335,-0.09774835,-0.5815019
0.19657846,-0.007493971,0.10639765,-0.29575583,-0.38247308,0.3539329,0.57995766,-0.035239145,0.109897986,0.8740691,0.0,0.9527424,0.82898915,0.8516334,0.8720968,0.3503476,0.83666825,0.34854037,0.8049213,0.36917317,0.8012091,0.11295733,0.7310484,0.5182959,0.7135898,0.42641473,-0.62761676,0.634563,0.58485353,0.79872864,-0.03851902,-0.46505547,-0.53482145,-0.16617556,-0.13657743,-0.2191327,-0.48525402,-0.46344134,-0.29055455,0.47650218,-0.57213044,0.38400912,-0.5564724,-0.1800434,-0.45349446,-0.53969616,-0.60207003,-0.38634905,-0.21320151,-0.42827865,-0.31877166,-0.14689621,-0.092818834,-0.53531927,-0.1972152,0.33816135,-0.00024881418,0.0016124009,0.79273593,0.9587784,0.913002,0.8155201,0.8940445,0.7981497,0.77338487,0.8591391,-0.097625546,0.53700453,0.1227444,0.36992887,0.70871824,0.44132447,0.744609,0.58794963,0.7276508,0.6755597,0.6114486,0.74144506,-0.057031423,-0.59064126,0.06481995,-0.5486183,-0.62030876,0.17835276,-0.46195114,-0.6482684,-0.32770753,0.50196445,-0.25497288,-0.58037174,-0.55070287,-0.011413264,0.37920907,0.07201278,-0.5977415,-0.36072025,-0.59757054,-0.3854674,0.01981702,-0.3909536
0.17649926,0.023098307,0.10592225,-0.20362338,-0.34699664,0.34086028,0.6845971,0.027917417,0.17506513,0.94790536,0.9527424,0.0,0.75579625,0.8843888,0.921829,0.38436761,0.85414344,0.4329519,0.8530536,0.5282593,0.89283586,0.13823579,0.83137864,0.67382014,0.79943204,0.56239873,-0.70272535,0.7278201,0.72493744,0.8221412,-0.24940495,-0.5672279,-0.6485555,-0.13574484,-0.036560822,-0.17336753,-0.6162699,-0.5855149,-0.3555043,0.5951348,-0.6880733,0.43836093,-0.6578628,-0.37870985,-0.5672349,-0.6869144,-0.7114173,-0.50447446,-0.33452755,-0.59904975,-0.37317252,-0.1298304,-0.06253857,-0.52225727,-0.2398453,0.36872223,0.04094906,0.08480383,0.8600304,0.9420919,0.94812804,0.7432657,0.90836537,0.8444929,0.8368493,0.89817625,-0.029278822,0.5219825,0.25075135,0.4116661,0.8222531,0.6008561,0.84533006,0.7227614,0.8177099,0.79991424,0.73782736,0.84577096,-0.25944424,-0.67719364,0.21077515,-0.61984015,-0.7018378,0.3509741,-0.35195944,-0.72376865,-0.4424792,0.5811377,-0.24825494,-0.60826963,-0.64358956,0.10646011,0.50219065,-0.040228155,-0.6979446,-0.5505367,-0.7283169,-0.45498872,-0.06124804,-0.56043255
0.11925242,-0.057843827,0.053153105,-0.34570098,-0.41533357,0.20094366,0.35842195,-0.095078446,-0.04584545,0.6538408,0.82898915,0.75579625,0.0,0.6509812,0.6382849,0.29443696,0.7116589,0.3010925,0.617121,0.118719205,0.55612797,0.20132591,0.4944527,0.27882248,0.5150622,0.2624062,-0.49401647,0.38388705,0.31252447,0.69458014,0.17104985,-0.32776546,-0.3262396,-0.041985504,-0.15902065,-0.282342,-0.3726363,-0.29871312,-0.15692878,0.27630648,-0.37593618,0.11195188,-0.361969,-0.05531609,-0.26437357,-0.33326477,-0.39806426,-0.20502006,-0.19134033,-0.26575303,-0.25865,-0.15490486,-0.10471265,-0.53275955,-0.2273493,0.18022297,-0.047464952,-0.1297285,0.61791366,0.7994235,0.75769585,0.9781882,0.8002805,0.60124975,0.5488954,0.6375138,-0.19138615,0.46710664,0.060589332,0.36561987,0.44684777,0.25279307,0.51518804,0.32685417,0.49293062,0.43102846,0.34838447,0.51064306,0.12765783,-0.43518028,-0.035404254,-0.40225902,-0.43819174,0.010271751,-0.542429,-0.43380618,-0.25280145,0.33591062,-0.32088065,-0.48563305,-0.38068244,-0.1093678,0.1936047,0.0054887314,-0.42548993,-0.22414279,-0.41553617,-0.27037972,-0.021774743,-0.24450219
0.3158398,-0.10440731,0.005930368,-0.36251003,-0.4768165,0.24330254,0.7401399,-0.060707152,0.045251414,0.828111,0.8516334,0.8843888,0.6509812,0.0,0.9549004,0.40628067,0.87666297,0.42867547,0.9400865,0.5089344,0.903558,0.104722776,0.8018162,0.5685281,0.69871736,0.41855794,-0.608481,0.596636,0.6225853,0.6467766,-0.18930045,-0.44027272,-0.609013,-0.15290809,-0.03380556,-0.23126364,-0.6141645,-0.5333347,-0.29788736,0.58745295,-0.5915496,0.4016397,-0.60443467,-0.29029363,-0.5430682,-0.58457255,-0.6291852,-0.35968947,-0.22300455,-0.49733368,-0.18455395,-0.22222741,-0.03263766,-0.5471824,-0.34696808,0.2802255,-0.036688194,-0.05268032,0.80524826,0.8888459,0.8037584,0.6422093,0.75500476,0.95889246,0.9199652,0.96464515,0.12560436,0.70305586,0.18340684,0.3680804,0.8507664,0.47876215,0.78048116,0.65758127,0.79488415,0.69422936,0.625742,0.6961477,-0.23505512,-0.5543905,0.10664107,-0.58903027,-0.71360725,0.24252427,-0.44371015,-0.70498574,-0.47192723,0.4578089,-0.31678656,-0.57079685,-0.48352095,0.14315014,0.42697594,-0.09941994,-0.6536798,-0.47153094,-0.6526595,-0.36723974,0.03675428,-0.4840085
0.24791947,-0.10203362,-0.011506902,-0.30546513,-0.44399157,0.24587585,0.7354052,-0.06529654,0.07573986,0.8888432,0.8720968,0.921829,0.6382849,0.9549004,0.0,0.37281674,0.86404526,0.3961408,0.9105377,0.55508494,0.9300952,0.13084584,0.8363046,0.66708845,0.7636473,0.49357337,-0.6363264,0.6935087,0.70941764,0.71468616,-0.2643239,-0.4987616,-0.63939536,-0.14454699,0.015556904,-0.2176063,-0.6113327,-0.56565565,-0.31298238,0.6420566,-0.6361959,0.47187245,-0.62769926,-0.35462302,-0.55439615,-0.6416711,-0.6630636,-0.42073256,-0.30361184,-0.5662468,-0.26578608,-0.23818263,-0.067851454,-0.5412776,-0.34726807,0.2852644,-0.049387746,-0.0118782865,0.86630756,0.9048974,0.8554982,0.63616747,0.7919924,0.94497395,0.92633384,0.9883536,0.08999892,0.66750145,0.25060493,0.32455653,0.87902486,0.5739331,0.82687604,0.7354385,0.85670567,0.77542514,0.7131659,0.778132,-0.29134488,-0.6020953,0.20347849,-0.59532887,-0.70381844,0.3504612,-0.35880816,-0.7123689,-0.45975018,0.54053754,-0.2914945,-0.5613437,-0.54116,0.17869082,0.50461966,-0.04794312,-0.6767698,-0.5307315,-0.694364,-0.3900102,-0.036212865,-0.54073286
0.76225483,0.467959,0.5137417,0.25337172,0.036354735,0.4945172,0.72841585,0.51894826,0.40951973,0.3796836,0.3503476,0.38436761,0.29443696,0.40628067,0.37281674,0.0,0.32964367,0.72949874,0.35899222,0.41122937,0.42672384,0.27348205,0.5069459,0.2545486,0.5645752,0.54049593,-0.20300649,0.33951664,0.3629129,0.4821945,-0.11362078,-0.014504655,-0.09527475,0.007659167,0.21156892,0.12911928,-0.3616434,-0.12646037,-0.050216492,0.3812507,-0.26896396,0.46842456,-0.08402874,-0.20343086,-0.18057616,-0.23699678,-0.3530804,-0.17192024,0.2682605,-0.2816084,0.3631343,0.4787723,0.76188093,0.12556605,0.15358375,0.60043836,0.5585172,0.385887,0.30978993,0.34061024,0.41183558,0.21504936,0.4652396,0.3151501,0.41653427,0.37500262,0.5248104,0.1556916,-0.15574501,0.7305718,0.45568871,0.3028296,0.44993374,0.3230601,0.17093904,0.45128998,0.33038872,0.39961168,-0.27523747,-0.1010256,-0.14644942,-0.5239739,-0.44397706,0.13554679,-0.36096737,-0.40079764,-0.4436891,0.015305526,-0.1246338,-0.4035525,-0.20187211,0.27968776,0.19223808,-0.29699513,-0.19273537,-0.28693533,-0.27302375,-0.46431068,0.4756509,-0.34455684
0.2046918,-0.18290612,-0.049684536,-0.48863715,-0.47123268,0.22654563,0.656317,-0.18057731,0.00034830108,0.7862441,0.83666825,0.85414344,0.7116589,0.87666297,0.86404526,0.32964367,0.0,0.47223875,0.93186706,0.4825441,0.83858573,0.24609056,0.8088799,0.62079,0.62190336,0.44096512,-0.640155,0.67531824,0.6301514,0.6883601,-0.13078906,-0.57535,-0.64165753,0.06296424,0.041694876,-0.175277,-0.5427994,-0.5917013,-0.3336429,0.51922405,-0.5764541,0.3268814,-0.5927108,-0.2721038,-0.44962952,-0.6055628,-0.5660074,-0.30325967,-0.22961135,-0.48820832,-0.35576686,-0.3200838,-0.14351392,-0.7162145,-0.36138168,0.21676508,-0.17409188,-0.13114354,0.7923413,0.87371266,0.758486,0.72357905,0.7637966,0.88783306,0.79540116,0.86175877,0.013741629,0.69104534,0.3366978,0.39433256,0.7731328,0.54788274,0.77173,0.60760933,0.8347959,0.6965772,0.65462106,0.7153568,-0.114445,-0.68003345,0.25682825,-0.51350474,-0.6555202,0.32426572,-0.41593447,-0.6479985,-0.4022388,0.62913465,-0.28421432,-0.57754785,-0.5275937,-0.030509831,0.38773504,-0.040397454,-0.7142241,-0.47842485,-0.702516,-0.26135778,0.029838994,-0.46892238
0.4466762,0.435297,0.499429,0.16567943,0.14048444,0.50287867,0.71983755,0.46936515,0.50033855,0.4158992,0.34854037,0.4329519,0.3010925,0.42867547,0.3961408,0.72949874,0.47223875,0.0,0.48686796,0.6119159,0.5062317,0.33376262,0.6192544,0.48932293,0.4178328,0.67350703,-0.3871174,0.50827986,0.51372844,0.46906433,-0.32137448,-0.41872466,-0.37338987,0.29466453,0.27258718,0.36133564,-0.45734867,-0.42746344,-0.279728,0.41138965,-0.42761648,0.29913062,-0.30941612,-0.4385776,-0.2901241,-0.5052502,-0.42603528,-0.3029329,0.10002686,-0.45059443,-0.08778913,0.39329168,0.5614974,-0.080902025,0.16477294,0.5859518,0.42593342,0.42030057,0.3157343,0.31921297,0.36561286,0.23320127,0.48897585,0.36455795,0.37158582,0.3763226,0.44700715,0.10827212,0.27555573,0.89793146,0.55653566,0.5452211,0.5794284,0.45467246,0.3712854,0.5308223,0.525339,0.54419905,-0.32071912,-0.4800341,0.24375789,-0.4499381,-0.49080223,0.39444202,-0.10912305,-0.45890966,-0.45165983,0.3508925,0.08299757,-0.41799036,-0.41402894,0.046198793,0.2601686,-0.37014738,-0.4698937,-0.5184905,-0.5510412,-0.33007398,0.3675463,-0.48612797
0.25477806,-0.15029472,-0.026193349,-0.42910805,-0.45460856,0.23545653,0.7403045,-0.111340545,0.04815963,0.80173385,0.8049213,0.8530536,0.617121,0.9400865,0.9105377,0.35899222,0.93186706,0.48686796,0.0,0.56032133,0.9006994,0.15243189,0.8303596,0.64388686,0.64147663,0.44349936,-0.64651763,0.65279204,0.66398567,0.6147456,-0.22953469,-0.55463004,-0.6919526,-0.015352234,0.03506335,-0.15014108,-0.6095221,-0.61359733,-0.35186484,0.58727694,-0.6203249,0.36897188,-0.6510518,-0.3392608,-0.5441392,-0.6490166,-0.62037873,-0.36304912,-0.23739158,-0.53395617,-0.29593074,-0.28066146,-0.08416875,-0.64376324,-0.3578827,0.25672218,-0.110364474,-0.07180062,0.8024985,0.8465012,0.74749446,0.6233247,0.72203934,0.94748175,0.87381285,0.9137492,0.124455236,0.7076202,0.3245634,0.3949463,0.85702556,0.5587947,0.80140615,0.6853398,0.8606572,0.71890163,0.6776266,0.7149973,-0.22544155,-0.6542475,0.24965319,-0.54764175,-0.70776534,0.34775898,-0.36561948,-0.69825065,-0.44955966,0.57440263,-0.25345957,-0.5664476,-0.5192524,0.08429637,0.44581267,-0.09324542,-0.73137146,-0.5252232,-0.72707987,-0.29965496,0.035451625,-0.5123838
0.21356432,0.22718598,0.22910248,0.17873791,0.1015924,0.36630797,0.76795876,0.28432882,0.45209992,0.597159,0.36917317,0.5282593,0.118719205,0.5089344,0.55508494,0.41122937,0.4825441,0.6119159,0.56032133,0.0,0.69661117,0.20438254,0.80139154,0.7977378,0.55638397,0.77287084,-0.408547,0.7729178,0.79186314,0.49137786,-0.6301534,-0.6032101,-0.63525033,0.12276266,0.32977366,0.31994548,-0.54742366,-0.58589804,-0.3522119,0.65801513,-0.55582565,0.598744,-0.49333423,-0.5840194,-0.4463527,-0.68106854,-0.5371668,-0.4430877,-0.19191645,-0.63731945,-0.3109581,0.1199644,0.24035797,-0.079158105,0.0038331628,0.45330694,0.20984529,0.38966173,0.5139846,0.37987068,0.44407785,0.09053187,0.43945068,0.49779844,0.5295458,0.5124021,0.43845367,0.15954086,0.46275234,0.46153796,0.7766714,0.7782851,0.74889606,0.76039714,0.6861271,0.7528424,0.7918706,0.74302346,-0.5922816,-0.6396977,0.50817955,-0.43986702,-0.5272766,0.653538,0.20609017,-0.5524807,-0.47319204,0.62475973,0.13541822,-0.316095,-0.5150841,0.21068163,0.5319278,-0.17751054,-0.5879505,-0.6360467,-0.6701716,-0.29537362,0.07992316,-0.63798
0.2764952,0.020425044,0.0820282,-0.17723289,-0.30655274,0.32491767,0.8237093,0.07548642,0.21756521,0.8884983,0.8012091,0.89283586,0.55612797,0.903558,0.9300952,0.42672384,0.83858573,0.5062317,0.9006994,0.69661117,0.0,0.07296211,0.9205151,0.77113444,0.810886,0.5988421,-0.7297406,0.77080345,0.8359871,0.68546546,-0.41140032,-0.62413245,-0.76433927,-0.15756163,0.011359885,-0.14770527,-0.7345384,-0.7067809,-0.46300143,0.6544211,-0.7761129,0.50081676,-0.7472877,-0.5061227,-0.68091005,-0.7850231,-0.79425114,-0.5651063,-0.3487009,-0.72286326,-0.30026206,-0.12199212,0.013320163,-0.5068699,-0.2698772,0.39913255,0.07208879,0.14824809,0.8683079,0.8346808,0.8409307,0.5392914,0.7928161,0.90648985,0.9320869,0.91728395,0.12695281,0.60693717,0.2936619,0.415277,0.97032243,0.66950893,0.9301723,0.80011255,0.89729714,0.88652855,0.8243724,0.8641591,-0.42098293,-0.6953562,0.27957547,-0.71141344,-0.81448835,0.43690616,-0.28601593,-0.8268298,-0.58552957,0.57928735,-0.27375758,-0.65331113,-0.668257,0.2511162,0.5126225,-0.14078498,-0.7932568,-0.6744816,-0.8222046,-0.5061235,-0.048876222,-0.70139366
0.022841977,-0.22080544,-0.21343462,-0.15638103,-0.2599316,-0.1886438,0.22519837,-0.20773765,-0.20375659,0.13660096,0.11295733,0.13823579,0.20132591,0.104722776,0.13084584,0.27348205,0.24609056,0.33376262,0.15243189,0.20438254,0.07296211,0.0,0.207565,0.23066428,0.11570353,0.37864643,0.22355293,0.21351172,0.04293285,0.4280507,-0.058714036,0.043983765,0.18102479,0.63392,0.7534034,0.19915989,0.06662903,0.15710807,0.4263699,0.43498263,0.25535414,0.20879102,0.31124312,-0.07623298,0.39420098,0.09535543,0.27154702,0.39051053,0.02984822,0.05010365,-0.057923067,-0.20952637,0.14559679,0.020367717,-0.2989758,-0.20710182,-0.23598872,-0.24969584,0.15783502,0.15093502,0.06764123,0.20428348,0.10047432,0.1147351,-0.013394596,0.11594961,0.34938446,0.117958985,0.38973534,0.20600808,0.045776255,0.3747591,0.02041318,0.16292581,0.10640714,0.10294523,0.059442367,0.10420156,-0.101317376,-0.03585329,0.34536108,0.20788305,0.19676305,0.40985435,0.11715937,0.24011184,-0.007852998,0.342648,0.050577868,0.25292167,0.17344005,-0.0844365,0.29444134,-0.093181744,0.119835034,-0.07361369,0.03635641,0.31901363,0.087492146,0.006881556
0.31252936,0.11856514,0.17802043,-0.079040565,-0.18075947,0.41027892,0.8607219,0.1578236,0.3147183,0.8322208,0.7310484,0.83137864,0.4944527,0.8018162,0.8363046,0.5069459,0.8088799,0.6192544,0.8303596,0.80139154,0.9205151,0.207565,0.0,0.8261896,0.7778276,0.7391561,-0.6402455,0.8712734,0.8654387,0.73614836,-0.45805743,-0.6536461,-0.73793215,-0.04150308,0.14751369,-0.006926063,-0.69988066,-0.6910669,-0.44356728,0.6538807,-0.7236128,0.5755912,-0.65668786,-0.509731,-0.5973708,-0.76261055,-0.7361479,-0.51104474,-0.25660226,-0.7098201,-0.31084374,-0.01744755,0.1154826,-0.4119511,-0.15466976,0.4752428,0.13199873,0.23395605,0.7773947,0.74976355,0.76065516,0.46732825,0.7639513,0.7885553,0.8048076,0.80943817,0.21998005,0.4744546,0.3287785,0.50636816,0.92615014,0.73784566,0.9401382,0.779395,0.868106,0.8929519,0.8680217,0.89516497,-0.46232912,-0.736838,0.34035963,-0.68892086,-0.7749525,0.5038531,-0.20525986,-0.78856975,-0.5961686,0.65739024,-0.18552858,-0.6207294,-0.6758479,0.1623227,0.48597825,-0.18291081,-0.7609741,-0.6689969,-0.8081532,-0.4643389,0.054376572,-0.7099843
-0.05092336,0.072745,0.05976259,0.031869303,-0.02918481,0.27637687,0.66231716,0.11035251,0.34653753,0.73537546,0.5182959,0.67382014,0.27882248,0.5685281,0.66708845,0.2545486,0.62079,0.48932293,0.64388686,0.7977378,0.77113444,0.23066428,0.8261896,0.0,0.644515,0.77006763,-0.6173736,0.86751395,0.9238812,0.60952425,-0.69480705,-0.75663006,-0.73972213,0.15157467,0.31166202,0.15742704,-0.5831069,-0.7036151,-0.42033458,0.6865683,-0.69929343,0.48521826,-0.639361,-0.715067,-0.53590816,-0.8290515,-0.64791095,-0.58439887,-0.46331483,-0.7883767,-0.55347085,-0.08882616,-0.05416938,-0.35851815,-0.15045846,0.33899367,0.029102702,0.28485477,0.6920954,0.53765976,0.6130003,0.2793975,0.6041403,0.5946508,0.6034266,0.61070347,0.11846,0.27263042,0.6304881,0.32989106,0.7902724,0.915484,0.8161996,0.85082763,0.8318151,0.8809776,0.92118514,0.8730039,-0.5891222,-0.7598693,0.6899969,-0.47494122,-0.55739856,0.80594987,0.19657163,-0.5976236,-0.43463105,0.7923253,0.026657902,-0.3969355,-0.70131063,0.22088395,0.6375045,-0.10872842,-0.7173259,-0.7866805,-0.81154096,-0.34626248,-0.18728419,-0.7395052
0.3675697,0.13351049,0.13962197,0.052279774,-0.26422393,0.31682527,0.7446681,0.18754639,0.22503893,0.8498423,0.7135898,0.79943204,0.5150622,0.69871736,0.7636473,0.5645752,0.62190336,0.4178328,0.64147663,0.55638397,0.810886,0.11570353,0.7778276,0.644515,0.0,0.60348994,-0.5744706,0.69336694,0.7327536,0.7453744,-0.3294046,-0.382464,-0.505684,-0.26608685,0.04817312,-0.19336991,-0.60503036,-0.46521723,-0.28309888,0.6379071,-0.6550894,0.6255089,-0.5415423,-0.41144735,-0.5443958,-0.6056287,-0.71373683,-0.50623965,-0.2688362,-0.6326169,-0.075908564,0.03212984,0.21484713,-0.23747559,-0.21476746,0.40868524,0.21019222,0.2068954,0.829979,0.7573414,0.85318446,0.47779155,0.75917387,0.6799803,0.7727191,0.74005723,0.15819187,0.4469687,0.10033119,0.3755059,0.76874906,0.5993285,0.7784288,0.7114119,0.68245196,0.8580536,0.69122094,0.77142197,-0.41739297,-0.45121473,0.13151896,-0.68837285,-0.6777737,0.38647935,-0.2794173,-0.6873464,-0.52145475,0.39924845,-0.3004957,-0.55861485,-0.57341254,0.40819052,0.5322693,-0.062059972,-0.5495996,-0.545853,-0.61388004,-0.5779181,-0.013818692,-0.62161106
0.16390257,0.41265592,0.3791588,0.36340207,0.20840144,0.47143552,0.6904789,0.43460917,0.5495382,0.6011954,0.42641473,0.56239873,0.2624062,0.41855794,0.49357337,0.54049593,0.44096512,0.67350703,0.44349936,0.77287084,0.5988421,0.37864643,0.7391561,0.77006763,0.60348994,0.0,-0.4185711,0.7815206,0.75840735,0.7034089,-0.6464959,-0.5538773,-0.47931656,0.19205081,0.406746,0.32662177,-0.49367747,-0.5140358,-0.30223796,0.5861283,-0.5423955,0.5362421,-0.39071387,-0.62662786,-0.3708011,-0.64083725,-0.5397983,-0.47237882,-0.19861013,-0.64088976,-0.3490534,0.30554736,0.3239516,0.005714103,0.13751155,0.5465516,0.36965165,0.5185365,0.45471764,0.3942181,0.5268137,0.20711842,0.5790421,0.3600483,0.41205725,0.4347822,0.27818376,-0.024260495,0.38296896,0.57025754,0.6435973,0.784086,0.69779915,0.6599126,0.5506626,0.7338766,0.7607785,0.7923676,-0.6082408,-0.6108758,0.45392624,-0.48849276,-0.4811049,0.63321984,0.13640833,-0.49854642,-0.4622837,0.57688075,0.09633038,-0.3693547,-0.60508776,0.098337345,0.45487425,-0.26721025,-0.51282746,-0.6704025,-0.6365258,-0.4174295,0.058923252,-0.64515173
-0.009381485,-0.18891063,-0.21862406,0.039697405,0.03802496,-0.38878122,-0.46675828,-0.20609444,-0.34669164,-0.66494197,-0.62761676,-0.70272535,-0.49401647,-0.608481,-0.6363264,-0.20300649,-0.640155,-0.3871174,-0.64651763,-0.408547,-0.7297406,0.22355293,-0.6402455,-0.6173736,-0.5744706,-0.4185711,0.0,-0.58978397,-0.72150606,-0.45119783,0.37537405,0.77459604,0.8310502,0.2182094,0.33793324,0.15973498,0.68717927,0.85383606,0.7800655,-0.21729681,0.9298708,-0.08625098,0.9139822,0.5705239,0.82540345,0.8844758,0.8857644,0.8147246,0.44724706,0.77098185,0.48315188,-0.03326778,0.13177866,0.5904597,0.054741222,-0.44566783,-0.17681491,-0.2951403,-0.62228155,-0.602868,-0.7151252,-0.47761688,-0.7306478,-0.60422426,-0.646661,-0.6018738,0.30798206,-0.3250598,-0.251679,-0.38915086,-0.69892454,-0.480947,-0.7815549,-0.5476921,-0.6828465,-0.7443017,-0.7291758,-0.7528211,0.2867567,0.7641812,-0.25358936,0.7216568,0.8046178,-0.2841069,0.26308984,0.83304524,0.48566857,-0.44163418,0.25256166,0.79306823,0.8512502,-0.09023886,-0.22586797,0.18987006,0.89886653,0.71548074,0.8934805,0.6337915,0.19575027,0.7116968
0.11505118,0.16425456,0.19751391,0.037025508,0.014275987,0.46642926,0.670368,0.14892897,0.39545187,0.7506708,0.634563,0.7278201,0.38388705,0.596636,0.6935087,0.33951664,0.67531824,0.50827986,0.65279204,0.7729178,0.77080345,0.21351172,0.8712734,0.86751395,0.69336694,0.7815206,-0.58978397,0.0,0.8896876,0.7283245,-0.46530664,-0.7300074,-0.6865458,0.050775476,0.20815724,0.16737022,-0.49274573,-0.6609251,-0.45183006,0.5672175,-0.66171926,0.60464925,-0.5899532,-0.46727455,-0.4707616,-0.7420974,-0.6437345,-0.50553066,-0.22982968,-0.63578403,-0.484887,0.0035258608,0.004235479,-0.31392258,-0.003933831,0.46751752,0.08925882,0.29520512,0.64696693,0.62312925,0.6641684,0.36308154,0.6901967,0.59105074,0.60246205,0.64750564,0.071481906,0.23071508,0.4197997,0.38784206,0.7747143,0.7752621,0.84163475,0.73182535,0.8114741,0.85309047,0.91446495,0.90979594,-0.3871262,-0.7816406,0.48222873,-0.5235773,-0.5907815,0.5873919,0.013092755,-0.65612495,-0.3672297,0.80709684,0.023699237,-0.496331,-0.6956588,0.02591699,0.48140267,0.005923755,-0.69875187,-0.59251153,-0.7519881,-0.35680854,0.03461647,-0.60080767
0.11981041,0.23943537,0.23902157,0.12650849,0.05448848,0.45602325,0.7234321,0.27112317,0.48161167,0.7690863,0.58485353,0.72493744,0.31252447,0.6225853,0.70941764,0.3629129,0.6301514,0.51372844,0.66398567,0.79186314,0.8359871,0.04293285,0.8654387,0.9238812,0.7327536,0.75840735,-0.72150606,0.8896876,0.0,0.61607355,-0.6265534,-0.7608221,-0.7852077,-0.06943651,0.11102941,0.1046212,-0.6490137,-0.76549256,-0.57091784,0.588415,-0.8249013,0.5346234,-0.73509043,-0.66882724,-0.66969544,-0.8858911,-0.8015102,-0.71893555,-0.3793745,-0.8235449,-0.44511494,0.07850719,0.045529135,-0.33573776,-0.009695049,0.5288175,0.21138671,0.4237422,0.6939217,0.5852178,0.6891968,0.28912234,0.69184524,0.62099767,0.68823874,0.66063046,0.08758724,0.25948754,0.4167949,0.4035403,0.86319375,0.81126386,0.9027926,0.8247508,0.82621396,0.9362086,0.98067844,0.9302408,-0.5537787,-0.76722956,0.49487153,-0.65876895,-0.7077063,0.63991684,0.036896322,-0.7681756,-0.49820313,0.6764237,-0.040739127,-0.5827662,-0.7935829,0.24190873,0.52508837,-0.12574893,-0.78633714,-0.77015644,-0.86304283,-0.54191506,-0.08252503,-0.77947694
0.19228613,0.11134968,0.15785752,-0.03175499,-0.22274235,0.33698013,0.59893394,0.09843356,0.18251562,0.7881499,0.79872864,0.8221412,0.69458014,0.6467766,0.71468616,0.4821945,0.6883601,0.46906433,0.6147456,0.49137786,0.68546546,0.4280507,0.73614836,0.60952425,0.7453744,0.7034089,-0.45119783,0.7283245,0.61607355,0.0,-0.19885635,-0.4205908,-0.37930956,0.027545858,0.1960665,-0.07752574,-0.4433539,-0.37805,-0.15685056,0.5543982,-0.4554443,0.5000341,-0.3520302,-0.2899881,-0.2905143,-0.47320375,-0.49461284,-0.2998262,-0.20863874,-0.46035466,-0.29389852,-0.009477581,0.092086,-0.2777704,-0.13953842,0.35547212,0.10213365,0.12339583,0.6786539,0.77714705,0.8018662,0.6637253,0.8220919,0.5979861,0.58624053,0.6805082,0.03728771,0.32100523,0.1873617,0.42676526,0.62994105,0.58398277,0.69056875,0.57728463,0.6218822,0.6932063,0.6383829,0.77238977,-0.2488355,-0.53660274,0.19912395,-0.4966959,-0.4892882,0.34949073,-0.28108028,-0.5060382,-0.3798416,0.56346637,-0.20713116,-0.45157516,-0.5060922,0.009085315,0.40617546,-0.058957223,-0.4618052,-0.42440787,-0.5262667,-0.36614186,0.0108598415,-0.45876294
0.13836668,-0.23577064,-0.11729573,-0.3627931,-0.23068005,-0.11640428,-0.43536654,-0.33756718,-0.40497544,-0.33212292,-0.03851902,-0.24940495,0.17104985,-0.18930045,-0.2643239,-0.11362078,-0.13078906,-0.32137448,-0.22953469,-0.6301534,-0.41140032,-0.058714036,-0.45805743,-0.69480705,-0.3294046,-0.6464959,0.37537405,-0.46530664,-0.6265534,-0.19885635,0.0,0.46470344,0.5259547,-0.031080859,-0.28185514,-0.18109009,0.53937536,0.5069313,0.33771697,-0.48182166,0.5180308,-0.2384331,0.44521856,0.83067477,0.52383345,0.62086815,0.4929182,0.58395064,0.47992092,0.7121145,0.3425424,-0.14669499,-0.06761388,-0.030878382,0.0064833523,-0.2740492,-0.250501,-0.47388032,-0.2613455,-0.053925,-0.22308233,0.18210642,-0.18316743,-0.19034533,-0.2766929,-0.19527937,-0.18061823,0.06685699,-0.44342577,-0.16695856,-0.48919243,-0.6600026,-0.48116487,-0.59907806,-0.39571247,-0.5451834,-0.5858263,-0.5194716,0.88081694,0.4294679,-0.55294925,0.35635012,0.38719738,-0.6614472,-0.40044904,0.39181188,0.485188,-0.34724423,-0.054592326,0.20155744,0.5000907,-0.32093534,-0.40171474,0.42211053,0.45320663,0.75068814,0.5557154,0.38980764,0.32143608,0.6944961
0.22482078,-0.14705235,-0.16659284,0.020762645,-0.1291331,-0.36771047,-0.38509628,-0.12452479,-0.39936236,-0.56495684,-0.46505547,-0.5672279,-0.32776546,-0.44027272,-0.4987616,-0.014504655,-0.57535,-0.41872466,-0.55463004,-0.6032101,-0.62413245,0.043983765,-0.6536461,-0.75663006,-0.382464,-0.5538773,0.77459604,-0.7300074,-0.7608221,-0.4205908,0.46470344,0.0,0.86311066,-0.09284456,0.07115495,-0.15048574,0.5402641,0.8739505,0.73104906,-0.24924393,0.7801141,-0.14251836,0.79514796,0.5817219,0.61456126,0.86872846,0.68170494,0.67400956,0.431274,0.7097483,0.76990134,0.02618119,0.23310208,0.5047955,-0.03295458,-0.36792576,-0.036623098,-0.31103736,-0.48787373,-0.42783484,-0.51127976,-0.32420656,-0.56790507,-0.45135158,-0.4288064,-0.44556245,0.25153902,-0.12621108,-0.55496323,-0.3510197,-0.6335766,-0.64556646,-0.7325338,-0.58419997,-0.7470001,-0.69586766,-0.80410755,-0.7692055,0.29250813,0.944442,-0.574355,0.4659693,0.58698726,-0.5123045,-0.0942552,0.65351886,0.3346204,-0.74295694,-0.054925296,0.55377626,0.81554294,0.13764799,-0.28312716,0.09561833,0.87518704,0.68255985,0.8756548,0.3477713,0.199805,0.645601
0.062214527,-0.076967776,-0.08576154,0.090920314,0.049958393,-0.28406805,-0.52249,-0.1079208,-0.29363537,-0.64891046,-0.53482145,-0.6485555,-0.3262396,-0.609013,-0.63939536,-0.09527475,-0.64165753,-0.37338987,-0.6919526,-0.63525033,-0.76433927,0.18102479,-0.73793215,-0.73972213,-0.505684,-0.47931656,0.8310502,-0.6865458,-0.7852077,-0.37930956,0.5259547,0.86311066,0.0,0.16792484,0.2071046,0.094578214,0.7406614,0.9259514,0.77675027,-0.32516894,0.87824637,-0.17041487,0.9216361,0.6180393,0.8132904,0.8988335,0.8303263,0.73439384,0.49538422,0.798058,0.5768039,0.08673772,0.2191901,0.555349,0.13455577,-0.34923363,-0.051318027,-0.2469454,-0.6153506,-0.5383317,-0.5956416,-0.33102465,-0.58645207,-0.6338674,-0.6424539,-0.6035819,0.16019624,-0.34682843,-0.39474574,-0.28975204,-0.7801114,-0.58522683,-0.82499033,-0.6405941,-0.8298613,-0.75679755,-0.7927276,-0.77194107,0.41760814,0.85023516,-0.41312882,0.65300727,0.7894132,-0.40907958,0.08216955,0.8196756,0.5500862,-0.5981618,0.18375872,0.67317724,0.80690813,-0.0524423,-0.2892932,0.218242,0.93566835,0.7444245,0.9083923,0.48426428,0.24653547,0.75283074
-0.22811307,-0.16281146,-0.11166459,-0.16625123,0.021607425,-0.121451974,-0.031448,-0.19217454,-0.057362117,-0.12251322,-0.16617556,-0.13574484,-0.041985504,-0.15290809,-0.14454699,0.007659167,0.06296424,0.29466453,-0.015352234,0.12276266,-0.15756163,0.63392,-0.04150308,0.15157467,-0.26608685,0.19205081,0.2182094,0.050775476,-0.06943651,0.027545858,-0.031080859,-0.09284456,0.16792484,0.0,0.6582021,0.5305053,0.29676837,0.123853035,0.30793452,0.18638505,0.30745962,-0.08311811,0.2886048,-0.06566401,0.4524703,0.081091896,0.39782676,0.35609695,0.12425785,0.16133797,-0.2675884,-0.15622208,0.030388314,-0.007820135,-0.051090714,-0.20650734,-0.28557223,-0.16367826,-0.1304569,-0.16704607,-0.2557641,-0.021445233,-0.13534753,-0.12722552,-0.30296203,-0.1698024,0.25156718,-0.10651375,0.6114674,0.20412114,-0.15819994,0.3125122,-0.1681448,0.065708734,-0.017649166,-0.10710385,-0.019491727,-0.078132346,0.1037905,-0.0967164,0.5534179,0.48688146,0.4080979,0.4549415,0.43123433,0.41465327,0.30210784,0.37375745,0.4608629,0.4271742,0.19781822,-0.2543053,0.24986573,0.0801589,0.12433309,-0.0028244623,0.0637057,0.5455338,0.14570944,0.18094385
-0.000654832,-0.16623624,-0.18877445,-0.0049765925,-0.06973299,-0.17970495,0.23286475,-0.12649782,-0.05852299,0.034483768,-0.13657743,-0.036560822,-0.15902065,-0.03380556,0.015556904,0.21156892,0.041694876,0.27258718,0.03506335,0.32977366,0.011359885,0.7534034,0.14751369,0.31166202,0.04817312,0.406746,0.33793324,0.20815724,0.11102941,0.1960665,-0.28185514,0.07115495,0.2071046,0.6582021,0.0,0.4017685,0.15666638,0.20153153,0.4657073,0.52792513,0.2920251,0.31525525,0.3529692,-0.17716639,0.39534262,0.09000225,0.3210622,0.34015283,0.06267132,0.033320423,0.0007211684,-0.14472204,0.20293097,0.20093459,-0.18942614,-0.16733295,-0.19434126,-0.096718766,0.057960875,-0.07050289,-0.13107304,-0.14292783,-0.12543218,0.0033096997,-0.08456729,-0.011076631,0.5503096,0.015934769,0.49721625,0.089183226,0.037490755,0.47836688,-0.03181452,0.28396568,0.07351337,0.10540366,0.111468665,0.050632168,-0.276423,0.04886042,0.51039636,0.32500112,0.30465412,0.59208703,0.4448993,0.33644977,0.08071782,0.33893564,0.2929068,0.44707158,0.22763494,0.118975386,0.45814702,0.010400964,0.20593607,-0.10551204,0.08460241,0.37223178,0.111445285,0.012458947
