0,1,2,3,4,5,6,7,8,9,10,11,12,13,14,15,16,17,18,19,20,21,22,23,24,25,26,27,28,29,30,31,32,33,34,35,36,37,38,39,40,41,42,43,44,45,46,47,48,49,50,51,52,53,54,55,56,57,58,59,60,61,62,63,64,65,66,67,68,69,70,71,72,73,74,75,76,77,78,79,80,81,82,83,84,85,86,87,88,89,90,91,92,93,94,95,96,97,98,99
0.0,0.32249454,0.45979133,0.2990339,0.19636923,0.42938003,0.47201997,0.41313493,-0.006026379,0.87853426,-0.35613376,-0.15801235,-0.5117365,0.076581374,0.21253116,0.6441292,-0.25918478,-0.44908562,-0.44817773,-0.47904888,0.26887923,0.1619808,0.49051538,-0.3361997,0.6034819,0.45490193,0.06597953,-0.73598385,-0.66190183,0.20917316,-0.5276409,0.815382,0.51646334,-0.50371194,0.038300075,-0.4846595,-0.2138873,0.6132614,0.6077638,0.73214716,0.093156874,0.44596153,0.2079281,-0.3152156,-0.1611855,-0.013127966,0.10511491,0.06055369,-0.2186509,-0.30622914,-0.15260412,0.045805957,-0.24681188,-0.14071602,0.29598492,0.24082708,-0.18086074,0.14257148,-0.06473637,0.20744066,0.45960113,-0.44691762,-0.15121506,-0.19078964,0.03836562,0.1587048,-0.3631567,-0.6696187,-0.64443594,-0.4529827,-0.4293921,-0.2570205,-0.2642723,0.26201263,0.40736923,0.7375442,-0.47737026,0.2782259,-0.4328881,-0.22988044,-0.20574957,-0.55814624,-0.60252035,-0.017960211,0.2391929,-0.015613858,-0.27824017,-0.08017943,-0.5788624,-0.2703691,-0.41215977,-0.30415264,-0.24860896,0.03782773,-0.30369645,-0.46776175,-0.15400228,-0.40079284,-0.29464227,-0.52493703
0.32249454,0.0,0.73403275,0.22242345,0.7065504,0.7767758,0.453309,0.5720861,0.8095514,0.19983321,0.08222713,0.11170693,-0.15405335,-0.124666296,0.038552083,0.26012713,-0.49191755,0.3438541,-0.3614678,0.16598411,-0.22191498,-0.07036463,-0.26596242,-0.32281813,-0.11793686,0.0029381828,-0.10106847,-0.3079197,-0.2780404,0.30267087,0.12593576,0.14586154,0.10073526,0.089307494,-0.11215771,0.122503474,0.33782896,0.02570344,0.06180889,0.41814607,0.096974246,0.33984736,0.23762791,0.13956295,0.195994,0.11201031,0.53354496,0.07627204,0.261956,0.3331884,0.46292287,0.7031159,0.4802121,0.6253441,0.85981154,0.52958924,0.6013651,0.9172799,0.2818696,-0.34866512,-0.15651393,-0.21213906,0.19257322,0.074176416,0.27791184,0.061603114,0.40175748,-0.10782922,-0.038002312,0.14150454,0.12658049,0.014815593,0.048315693,0.42753562,-0.012502688,0.060759455,0.20490523,0.107584566,0.18948902,0.20236431,-0.15830573,0.18804656,0.08889335,-0.165639,0.045385852,-0.056639943,0.3239242,0.04461728,0.14578462,0.30016893,0.25633022,0.18174689,0.15419896,0.39158893,0.32134387,0.15214017,0.04620725,0.0023194556,0.16713488,0.22676173
0.45979133,0.73403275,0.0,-0.09350788,0.33772737,0.85538185,0.22972713,0.3168241,0.5851265,0.40175083,0.27649695,0.2512297,-0.003256727,0.28109154,0.47198638,0.089630395,-0.7070131,0.008516744,-0.370314,-0.022280965,-0.39643812,-0.3610773,0.00014181309,-0.6798918,-0.10391788,0.1601555,-0.002715533,-0.36904272,-0.6072503,0.6513328,0.07625789,0.45599166,-0.007120371,-0.386035,-0.123321995,0.1730099,0.25993785,0.09169122,0.010057184,0.2976042,-0.14544398,0.764705,0.5557318,0.26300356,0.40697378,0.50098515,0.77761894,0.22478837,0.37230152,0.29027402,0.36687195,0.69247496,0.2552115,0.24369597,0.8282044,0.7833853,0.3471736,0.68328404,0.33745217,-0.09635791,0.044709973,0.10835641,0.4720066,0.2736196,0.42437506,0.47640944,0.1656563,-0.028034551,-0.46530345,-0.3410074,-0.1415413,-0.12612687,0.028846813,0.051195554,-0.067539975,0.057336334,0.06383827,0.10597774,0.18223248,0.3074281,-0.5269142,-0.23770022,-0.16836153,-0.39182264,-0.12349157,-0.19802785,0.15392189,-0.0686795,-0.12127699,-0.19480747,0.17552757,0.23753,0.13253573,0.5902307,0.27875847,0.12001809,0.32104495,0.06437582,0.22894296,-0.011935644
0.2990339,0.22242345,-0.09350788,0.0,0.57314587,-0.20962968,0.77704567,0.80269355,0.096303195,0.20928518,-0.6809061,-0.7730812,-0.46093124,-0.27105153,-0.3143168,0.81129575,0.46081358,-0.2591737,0.1612159,-0.41867468,0.6614209,0.31788447,-0.095724694,-0.08871316,0.56878126,-0.24678181,-0.60999703,-0.61466384,0.035854075,-0.55263126,-0.62170726,-0.0065307696,0.75885665,0.26743364,-0.44947222,-0.7142332,-0.31902125,0.6946849,0.74187255,0.70307964,0.7182309,-0.4335364,-0.2719274,-0.5444094,-0.7650807,-0.519654,-0.35195854,-0.597827,-0.6929995,-0.12225292,-0.47073388,-0.31482974,-0.3095652,0.30265677,-0.12501003,-0.538829,-0.20694944,0.17325911,-0.64935994,0.23408635,-0.13638501,-0.76611376,-0.55533254,-0.46328434,-0.36771074,-0.38266546,-0.34855092,-0.68416697,-0.10512605,-0.0010491243,-0.35192043,-0.47412685,-0.6827295,0.37928256,-0.12360488,0.39758894,-0.57333684,-0.23646092,-0.6450704,-0.7855641,-0.11712327,-0.06732728,-0.23890442,-0.22378162,-0.13126189,-0.3778662,-0.34724802,-0.3752418,-0.23307084,0.04665902,-0.5804921,-0.712176,-0.50875515,-0.66426057,-0.62913406,-0.49975196,-0.7698644,-0.8442165,-0.7284093,-0.03986009
0.19636923,0.7065504,0.33772737,0.57314587,0.0,0.37643847,0.6089439,0.77127945,0.5960615,0.041185554,-0.25187626,-0.17250879,-0.37232223,-0.33945635,-0.25264156,0.42494953,-0.16970953,0.24306457,-0.17663999,0.038859375,0.042049866,0.08133005,-0.44073406,-0.15529129,-0.02308624,-0.17529957,-0.33211717,-0.4368007,-0.14080438,-0.15912396,-0.076320454,-0.007336397,0.23358765,0.28768212,-0.21542278,-0.1842096,0.08298614,0.17125179,0.21023071,0.49503437,0.29294538,-0.033487417,-0.07655447,-0.24677932,-0.16622265,-0.3343579,0.16791864,-0.23253517,-0.098520316,0.15579669,0.25669205,0.3635255,0.37746054,0.8369478,0.49278742,0.09363255,0.47960162,0.7297276,-0.044705037,-0.33289725,-0.422119,-0.5569527,-0.16484217,-0.10725732,0.07999366,-0.2677854,0.3252642,-0.27272552,0.12866583,0.25296465,0.10344298,-0.060165245,-0.14244589,0.35677162,-0.115358785,0.06165751,-0.020711433,-0.13782704,-0.03127913,-0.08152513,-0.05706836,0.25872257,-0.0021530543,-0.12700252,-0.007108999,-0.14962931,0.10430048,-0.22604954,0.10106409,0.31522188,0.08315602,-0.029072149,-0.0039533423,0.03407662,0.082053505,-0.11224901,-0.4153752,-0.267835,-0.15804327,0.1937211
0.42938003,0.7767758,0.85538185,-0.20962968,0.37643847,0.0,0.14865609,0.2010849,0.5828637,0.3240014,0.30321136,0.4521617,-0.10094781,0.021258254,0.2568016,0.011885672,-0.81841344,0.26393464,-0.62282383,0.22173567,-0.4975888,-0.198117,-0.017855182,-0.35532966,-0.21295816,0.28737593,0.26301932,-0.20039555,-0.49884778,0.60705477,0.26178792,0.41938886,-0.14215149,-0.2619745,0.16329655,0.31437916,0.40371203,-0.1508295,-0.14581634,0.21521124,-0.28210035,0.69045854,0.40855947,0.288545,0.51596516,0.3554788,0.6662374,0.43911442,0.53822136,0.2520381,0.5888121,0.75878954,0.47234762,0.31582,0.9453486,0.8283516,0.54164135,0.69886726,0.56172293,-0.38349515,0.080929734,0.058816075,0.4060273,0.22667652,0.43139407,0.2705309,0.4097267,0.042827975,-0.20996341,-0.0474794,0.124074325,0.18193983,0.31038415,0.21099132,0.18809973,0.065418966,0.3199387,0.31680393,0.36149976,0.5155616,-0.15559267,-0.0021829493,-0.01981398,-0.0118517075,0.1841075,0.15850152,0.38099262,0.2023838,0.05553121,0.12802461,0.39039996,0.42915705,0.2892101,0.71106076,0.51369196,0.23988777,0.39123583,0.31655052,0.44117427,0.03781374
0.47201997,0.453309,0.22972713,0.77704567,0.6089439,0.14865609,0.0,0.7333357,0.20898026,0.2524796,-0.59243727,-0.6666592,-0.6345129,-0.4078449,-0.36084947,0.8477646,0.09217253,-0.10689797,-0.16926764,-0.16277727,0.33190453,0.052107833,-0.15858988,-0.35282823,0.4570702,-0.26366442,-0.56825155,-0.686423,-0.06858995,-0.30506182,-0.46412885,0.1814093,0.79765236,0.19182684,-0.49680603,-0.42576072,0.075455956,0.62135905,0.6876845,0.7629562,0.7383748,-0.096363015,-0.09549092,-0.250352,-0.502618,-0.18676968,-0.15874705,-0.22248296,-0.28397748,0.2209207,-0.2836223,-0.12717573,-0.22848259,0.301154,0.22075929,-0.24461605,-0.076271445,0.32113594,-0.5383218,0.042068955,-0.108123414,-0.7372174,-0.50166273,-0.58577514,-0.39334652,-0.41987205,-0.21204455,-0.7723851,-0.2852652,-0.029812815,-0.3957236,-0.57533264,-0.6384296,0.39187288,-0.1877692,0.3072997,-0.43854466,-0.15635191,-0.46250656,-0.5595271,-0.29111087,-0.016028022,-0.23908827,-0.28994516,-0.18423484,-0.4028437,0.008459152,-0.178096,-0.0423844,0.114180915,-0.4368158,-0.5974081,-0.56726426,-0.3458876,-0.43099678,-0.20345233,-0.38706553,-0.64716923,-0.36630198,0.15455547
0.41313493,0.5720861,0.3168241,0.80269355,0.77127945,0.2010849,0.7333357,0.0,0.40256503,0.3314712,-0.46405128,-0.4706579,-0.38599998,-0.0949274,-0.04852394,0.68404853,0.053843174,-0.19957651,-6.160401e-05,-0.40263176,0.37466273,0.1178234,-0.14863944,-0.34745455,0.39010206,-0.08807987,-0.5392064,-0.71874255,-0.29576346,-0.21400638,-0.5194829,0.17205848,0.54661614,0.057844255,-0.44959676,-0.5767191,-0.20937283,0.5655858,0.5551725,0.69229865,0.44873002,-0.06401383,-0.11842524,-0.4483964,-0.51470494,-0.35127413,0.05943546,-0.5171589,-0.46258956,-0.04975024,-0.1833851,0.11064169,-0.040058736,0.5259601,0.275424,-0.0846933,0.06565431,0.5233811,-0.33862153,0.14229412,-0.16053934,-0.61020815,-0.18909886,-0.14063418,-0.01895954,-0.09203032,-0.14713463,-0.5070934,-0.1908412,-0.0883604,-0.25202703,-0.33880663,-0.48722342,0.33620688,-0.09518208,0.3805597,-0.41673735,-0.13060312,-0.47799826,-0.48371628,-0.27109984,-0.122867264,-0.31586385,-0.3693016,-0.14863434,-0.39916202,-0.24650446,-0.4288314,-0.27892947,-0.033778753,-0.37838468,-0.44081596,-0.31741363,-0.2938791,-0.3673961,-0.44503665,-0.626237,-0.6879116,-0.5523893,-0.07289537
-0.006026379,0.8095514,0.5851265,0.096303195,0.5960615,0.5828637,0.20898026,0.40256503,0.0,-0.057760715,0.33442077,0.1878349,0.15895508,-0.023935685,0.09971212,0.00928524,-0.35068744,0.41870123,-0.1037392,0.26811898,-0.31245062,-0.117235586,-0.4328443,-0.20076285,-0.30824882,-0.183125,-0.124035,-0.021148404,-0.059655134,0.2635813,0.36593476,-0.16356799,-0.095151626,0.20938756,-0.10530397,0.29468253,0.31008753,-0.14955167,-0.11689408,0.1755902,0.024216177,0.18898052,0.30457214,0.28102842,0.3197104,0.14875078,0.563621,-0.032863267,0.3115908,0.3962068,0.5377038,0.7221659,0.5663327,0.65309215,0.7072633,0.46946403,0.63716453,0.8930827,0.37097052,-0.31242287,-0.28163224,0.044152323,0.3161908,0.21563119,0.29391122,0.12596722,0.5017411,0.18311882,0.14459595,0.20614387,0.22473891,0.088586524,0.09913865,0.3693071,-0.18034121,-0.20708153,0.33440012,-0.035489265,0.40558147,0.27978164,-0.146921,0.30315483,0.37043396,-0.19709058,-0.04710426,-0.07130731,0.28705794,0.01013215,0.26990008,0.31217727,0.4434111,0.3392255,0.37092847,0.3898459,0.45265338,0.30929685,0.09372192,0.12480068,0.23090436,0.3499188
0.87853426,0.19983321,0.40175083,0.20928518,0.041185554,0.3240014,0.2524796,0.3314712,-0.057760715,0.0,-0.2534039,-0.0784011,-0.27541766,0.31973943,0.44258136,0.5163899,-0.15260558,-0.60459477,-0.30126527,-0.6499166,0.34578523,0.27382147,0.67393,-0.26578707,0.6550697,0.6189439,0.18235518,-0.62416697,-0.682799,0.29010755,-0.56706816,0.8192039,0.42072603,-0.62604105,0.14934431,-0.5546705,-0.40423563,0.60150063,0.5720822,0.6224032,-0.054176506,0.44429955,0.25831068,-0.34348655,-0.15490767,0.0004144057,0.1493262,-0.019194538,-0.328288,-0.50549495,-0.22607985,0.017206376,-0.32699603,-0.2660095,0.17015965,0.2425673,-0.30181745,0.04099675,0.0036361483,0.39945048,0.6030029,-0.2647752,0.013599175,0.0012597222,0.16435656,0.37652618,-0.49267483,-0.5047362,-0.6631724,-0.57921416,-0.4309681,-0.15948506,-0.20595697,0.21165071,0.5055779,0.81179917,-0.49196604,0.36526018,-0.47800803,-0.24477609,-0.16486442,-0.7243528,-0.5857489,-0.004409015,0.29202527,0.044403203,-0.47532463,-0.104149796,-0.76706564,-0.43843317,-0.4653906,-0.29593274,-0.17168124,-0.02147357,-0.36286256,-0.58152425,-0.17838043,-0.3939137,-0.39510795,-0.72397506
-0.35613376,0.08222713,0.27649695,-0.6809061,-0.25187626,0.30321136,-0.59243727,-0.46405128,0.33442077,-0.2534039,0.0,0.6789173,0.7334387,0.3832433,0.40308726,-0.70893717,-0.34756827,0.33411667,0.071370475,0.41285014,-0.63075477,-0.26260516,-0.1583297,-0.007569474,-0.56051004,0.073046505,0.3175359,0.601208,0.07703574,0.58915037,0.73311734,-0.21255799,-0.66256535,-0.025604604,0.26135802,0.70953804,0.33961493,-0.60459965,-0.646125,-0.5300238,-0.47423062,0.382978,0.48157185,0.6556476,0.7890216,0.55660963,0.5852222,0.29497477,0.6273676,0.32838786,0.57352066,0.53048867,0.4395949,0.039928623,0.30202195,0.580582,0.36207595,0.21602711,0.684585,-0.15325771,0.009476332,0.7771119,0.6668742,0.53001726,0.37944627,0.4700799,0.4386176,0.7170496,0.13951416,-0.009756243,0.28199255,0.31685358,0.4884889,-0.23531654,-0.11454853,-0.48330408,0.5750154,0.06553335,0.7398705,0.68184125,-0.10350888,0.15882474,0.43670207,-0.083699204,-0.10819004,0.10262139,0.29619697,0.22277017,0.2785208,-0.031267587,0.66272944,0.69980794,0.5702859,0.62407154,0.66896915,0.570889,0.58565545,0.6411089,0.586001,0.21746662
-0.15801235,0.11170693,0.2512297,-0.7730812,-0.17250879,0.4521617,-0.6666592,-0.4706579,0.1878349,-0.0784011,0.6789173,0.0,0.42828798,0.23968835,0.3391073,-0.7175463,-0.6011636,0.4034876,-0.29485673,0.4130111,-0.64752007,-0.108492,0.04974672,0.1911594,-0.5793888,0.4515127,0.68662006,0.49782836,-0.18856327,0.5936868,0.63941795,0.08480677,-0.8399385,-0.21414995,0.5893835,0.61083066,0.28713402,-0.75017667,-0.7762073,-0.53105325,-0.83919233,0.49346006,0.20967364,0.36501306,0.7512839,0.27054495,0.50373864,0.49272642,0.64345175,0.005241952,0.7268032,0.6033941,0.6418659,0.07929133,0.39126676,0.7203297,0.53640306,0.19200315,0.91742074,-0.39653823,0.10649175,0.6185238,0.67148376,0.6650573,0.6533192,0.41979027,0.6107342,0.7268253,0.27575928,0.170532,0.57178456,0.7620076,0.878755,-0.18572907,0.36511704,-0.22581767,0.7203565,0.3991125,0.69491285,0.89838547,0.28849527,0.1774625,0.22614568,0.3335135,0.3227956,0.5374709,0.3717903,0.35303012,0.19347686,0.12801155,0.72670186,0.8727098,0.71141857,0.7857226,0.81098026,0.3668241,0.52493286,0.8312535,0.6765794,-0.017805923
-0.5117365,-0.15405335,-0.003256727,-0.46093124,-0.37232223,-0.10094781,-0.6345129,-0.38599998,0.15895508,-0.27541766,0.7334387,0.42828798,0.0,0.55983186,0.48612508,-0.6353533,0.0736029,0.14247245,0.46406046,0.124674514,-0.24495845,-0.07542007,-0.010550789,0.114691,-0.34539133,0.02939382,0.145689,0.60520124,0.24034277,0.3792357,0.44409746,-0.3996851,-0.53413093,0.040013164,0.11308428,0.42079252,0.047534533,-0.42524782,-0.48441967,-0.53840303,-0.31995362,0.0683471,0.27493936,0.42599982,0.40043506,0.38210332,0.36278853,-0.09131883,0.21470895,0.117338,0.18354347,0.25845486,0.18692112,-0.0936308,-0.0704904,0.22139962,0.09481425,-0.007797232,0.4102496,0.20874462,0.057680596,0.80295587,0.64331335,0.6002922,0.2999092,0.560672,0.15460666,0.7455539,0.23937589,-0.005591038,0.22311994,0.27318537,0.31796408,-0.22290312,-0.12524766,-0.35456985,0.40514737,0.052063644,0.39067885,0.31595734,-0.04868495,0.08334879,0.3943133,-0.16320416,-0.1950714,-0.018612543,0.015857762,0.0790232,0.12436085,-0.14799517,0.34090936,0.38860866,0.4221948,0.20104842,0.30700698,0.30684516,0.29838058,0.3607982,0.21996193,0.13553558
0.076581374,-0.124666296,0.28109154,-0.27105153,-0.33945635,0.021258254,-0.4078449,-0.0949274,-0.023935685,0.31973943,0.3832433,0.23968835,0.55983186,0.0,0.92278683,-0.26911324,-0.053384177,-0.4347618,0.3670774,-0.47366884,0.021750588,-0.09064161,0.4244532,-0.31136745,0.045756157,0.30706927,0.12182928,-0.031823784,-0.423197,0.52030426,-0.14852776,0.26149064,-0.24066499,-0.53611076,0.031296346,-0.09462845,-0.40481508,0.119195975,-0.065951206,-0.13987434,-0.38472754,0.4431597,0.4218497,-0.024203887,0.18356057,0.35645154,0.4997535,-0.1693861,-0.12908563,-0.28041065,-0.12331104,0.18929398,-0.14222251,-0.28839636,-0.06549363,0.34435913,-0.21189523,-0.07809636,0.17348836,0.5415577,0.24458037,0.5294671,0.61068076,0.67415494,0.521715,0.9082067,-0.26973185,0.33272088,-0.33873358,-0.56093,-0.14609556,0.024534764,0.057704296,-0.413469,-0.0061727664,0.08903106,-0.16270342,0.008259589,-0.08903594,0.07693824,-0.38042304,-0.5626075,-0.28342098,-0.35676506,-0.18625773,-0.18472125,-0.48698345,-0.33245182,-0.5166266,-0.71212864,-0.12416843,0.10505014,0.18634565,0.16087842,-0.087103285,-0.27753198,0.07819377,-0.036523335,-0.16915956,-0.43899813
0.21253116,0.038552083,0.47198638,-0.3143168,-0.25264156,0.2568016,-0.36084947,-0.04852394,0.09971212,0.44258136,0.40308726,0.3391073,0.48612508,0.92278683,0.0,-0.23987518,-0.27661642,-0.42582232,0.16068721,-0.459792,-0.096290134,-0.16761445,0.43228003,-0.4262387,0.038410775,0.42196205,0.17520255,-0.113379575,-0.57997113,0.65270025,-0.11827257,0.3910864,-0.24510263,-0.65789074,0.05627008,-0.040312644,-0.29852432,0.10051072,-0.079662964,-0.06416215,-0.44985488,0.6210046,0.50117844,0.05677305,0.2838339,0.4396729,0.6297322,-0.06648244,-0.0073270863,-0.23557825,-0.0005667613,0.33627063,-0.059930656,-0.23947829,0.14528416,0.5401577,-0.11325737,0.07597992,0.30031312,0.45645544,0.31094337,0.51206434,0.69687456,0.68121755,0.5753092,0.96831495,-0.22320494,0.28532016,-0.4548146,-0.62891454,-0.16536471,0.033322982,0.11096215,-0.31956246,0.076813444,0.16332495,-0.11723376,0.122922614,-0.031918664,0.1791465,-0.42747757,-0.62272036,-0.31940565,-0.36462405,-0.13880855,-0.15351135,-0.38971207,-0.2459988,-0.5491478,-0.71010214,-0.054899063,0.17758277,0.22981587,0.3102927,0.009759587,-0.22525366,0.17590635,0.013132603,-0.08207732,-0.47040036
0.6441292,0.26012713,0.089630395,0.81129575,0.42494953,0.011885672,0.8477646,0.68404853,0.00928524,0.5163899,-0.70893717,-0.7175463,-0.6353533,-0.26911324,-0.23987518,0.0,0.2508204,-0.39047152,-0.14193547,-0.466435,0.5962297,0.2961108,0.14939757,-0.20848733,0.7381169,-0.027684774,-0.4268434,-0.75570154,-0.17015101,-0.34103668,-0.68060756,0.33622053,0.9177811,0.010463745,-0.33004898,-0.70261544,-0.24003372,0.82024425,0.90461266,0.8949859,0.677028,-0.16056639,-0.094741434,-0.44586933,-0.6403156,-0.31644636,-0.29345858,-0.32060397,-0.55671626,-0.14311789,-0.45582944,-0.30740455,-0.4294958,0.061210588,0.0072603743,-0.3561663,-0.31120187,0.10677563,-0.5670157,0.25912216,0.15651636,-0.79420644,-0.5843011,-0.60361034,-0.4157346,-0.31001633,-0.4790364,-0.9156081,-0.4022441,-0.19876507,-0.5278303,-0.5558097,-0.6971259,0.46735865,0.06581734,0.6147696,-0.6545163,-0.015777059,-0.67477715,-0.72977436,-0.175509,-0.27527413,-0.38621768,-0.14495413,0.016420977,-0.27479777,-0.30616853,-0.19306724,-0.3634044,-0.043655097,-0.6455041,-0.7397722,-0.5677907,-0.5083211,-0.64029664,-0.48251176,-0.5273387,-0.798329,-0.61558616,-0.19591933
-0.25918478,-0.49191755,-0.7070131,0.46081358,-0.16970953,-0.81841344,0.09217253,0.053843174,-0.35068744,-0.15260558,-0.34756827,-0.6011636,0.0736029,-0.053384177,-0.27661642,0.2508204,0.0,-0.22082599,0.61411524,-0.2713528,0.7199364,0.4298697,0.081731394,0.38590357,0.41021043,-0.27554265,-0.31661955,0.08496843,0.5470946,-0.60210663,-0.3674377,-0.40892383,0.38467875,0.41201448,-0.1765311,-0.43403408,-0.39916644,0.32535923,0.38672224,0.06943824,0.5099774,-0.7861783,-0.36455816,-0.33520687,-0.63047856,-0.41415882,-0.661229,-0.54207253,-0.66123635,-0.23034556,-0.6550865,-0.691948,-0.49232727,-0.20471993,-0.7614871,-0.8690976,-0.51789165,-0.4843301,-0.5910982,0.46748197,0.028532522,-0.20776634,-0.49120426,-0.32365316,-0.48549426,-0.29213977,-0.4580769,-0.21360937,0.19858004,0.12195814,-0.14817473,-0.24820296,-0.44189093,0.08882947,-0.09935098,0.1222691,-0.34999627,-0.20978308,-0.4872329,-0.70379573,0.17803435,0.043706767,0.058764875,0.009536454,-0.08960995,-0.15752488,-0.39573604,-0.13663943,-0.07631581,-0.011899072,-0.51102066,-0.60626125,-0.3524091,-0.84270483,-0.62890065,-0.30576015,-0.5249776,-0.5058322,-0.57675093,-0.014518637
-0.44908562,0.3438541,0.008516744,-0.2591737,0.24306457,0.26393464,-0.10689797,-0.19957651,0.41870123,-0.60459477,0.33411667,0.4034876,0.14247245,-0.4347618,-0.42582232,-0.39047152,-0.22082599,0.0,-0.13234666,0.84937423,-0.4684783,-0.070970215,-0.5372509,0.3428479,-0.6907628,-0.29418576,0.17142485,0.52923024,0.45460984,0.060735896,0.70862544,-0.49785525,-0.44079956,0.62929666,0.18680125,0.6915076,0.64439464,-0.7007195,-0.59427834,-0.34850684,-0.10542809,-0.12891255,-0.097004406,0.38805398,0.41767564,0.030211,0.14925128,0.35644525,0.606318,0.51534384,0.66385096,0.47746548,0.74781466,0.50458294,0.39371035,0.21268898,0.7729351,0.39715415,0.4207286,-0.74426025,-0.42227006,0.15376496,0.07241688,0.07791466,0.13677104,-0.3321125,0.861462,0.45974824,0.7344716,0.8330502,0.75305194,0.4810955,0.537172,0.13793118,-0.087923236,-0.56475663,0.7918778,0.008293568,0.6570422,0.5633943,0.40327334,0.91033494,0.59679,0.2983351,0.15552492,0.3506688,0.75608426,0.39950666,0.85366356,0.79015094,0.72045845,0.56959444,0.43410602,0.42082995,0.6769985,0.6433796,0.31586656,0.6241565,0.67338467,0.69928426
-0.44817773,-0.3614678,-0.370314,0.1612159,-0.17663999,-0.62282383,-0.16926764,-6.160401e-05,-0.1037392,-0.30126527,0.071370475,-0.29485673,0.46406046,0.3670774,0.16068721,-0.14193547,0.61411524,-0.13234666,0.0,-0.20147671,0.35047933,0.053481128,-0.09863045,0.06761323,-0.0076879305,-0.40388557,-0.35365668,0.15833925,0.3304313,-0.24600092,-0.108241715,-0.45974693,-0.019168627,0.27099684,-0.27038196,-0.14497821,-0.38735634,0.12973905,0.026406625,-0.21219538,0.19681245,-0.40782636,-0.006097129,-0.15899654,-0.24099442,-0.10420644,-0.12513863,-0.5202338,-0.39909333,-0.049294934,-0.37645873,-0.26201782,-0.21426265,-0.043673065,-0.52824783,-0.428115,-0.250309,-0.23455888,-0.36491254,0.44967535,-0.25518954,0.19892927,0.005728632,0.17136343,-0.020529954,0.14381436,-0.19783513,0.2116758,0.1878079,-0.012066775,-0.0019387706,-0.17081171,-0.26742738,-0.31300747,-0.44157532,-0.2621176,-0.19329007,-0.51559854,-0.17504434,-0.33782157,-0.15853292,0.01872454,0.05911111,-0.31778055,-0.39819402,-0.36720657,-0.4050794,-0.45104507,-0.04083756,-0.25881472,-0.21061826,-0.21346483,-0.047357365,-0.41414925,-0.32764748,-0.1787929,-0.33121848,-0.2791391,-0.368823,0.06467987
-0.47904888,0.16598411,-0.022280965,-0.41867468,0.038859375,0.22173567,-0.16277727,-0.40263176,0.26811898,-0.6499166,0.41285014,0.4130111,0.124674514,-0.47366884,-0.459792,-0.466435,-0.2713528,0.84937423,-0.20147671,0.0,-0.61522394,-0.22238114,-0.5094359,0.2606633,-0.7079808,-0.3159504,0.22521599,0.6095343,0.48540014,0.07381051,0.80310494,-0.4374443,-0.44760662,0.53122157,0.2042856,0.84083915,0.7840812,-0.74404013,-0.641026,-0.4710848,-0.10687536,-0.045327038,-0.043288715,0.5799283,0.5368404,0.21712814,0.07790371,0.5618045,0.782756,0.64489144,0.60324484,0.31396124,0.57156295,0.28664154,0.31958663,0.19915861,0.57465947,0.21212068,0.40121847,-0.6993965,-0.3454557,0.26982614,0.08031633,-0.02387918,-0.012925434,-0.37808475,0.75318706,0.44741237,0.56819206,0.66703147,0.5693513,0.36868665,0.50244623,0.0006669263,-0.16326652,-0.6725994,0.79171807,0.014763224,0.7413371,0.6103494,0.28994814,0.80382466,0.6189726,0.2940718,0.06657503,0.3145802,0.8586348,0.4983417,0.90806323,0.6699324,0.7139424,0.5624088,0.34582338,0.4705421,0.71237487,0.81927294,0.5459147,0.7313452,0.8354441,0.75215
0.26887923,-0.22191498,-0.39643812,0.6614209,0.042049866,-0.4975888,0.33190453,0.37466273,-0.31245062,0.34578523,-0.63075477,-0.64752007,-0.24495845,0.021750588,-0.096290134,0.5962297,0.7199364,-0.4684783,0.35047933,-0.61522394,0.0,0.5880735,0.39700794,0.20191836,0.707998,0.07102817,-0.21994315,-0.37791577,0.07860132,-0.43855804,-0.7574961,0.09054443,0.6180233,0.088725634,-0.100279614,-0.80410856,-0.6106779,0.66280454,0.6847406,0.47236827,0.45240667,-0.4906002,-0.30238938,-0.670648,-0.7749758,-0.51801664,-0.5288444,-0.53175646,-0.8712818,-0.537403,-0.7116971,-0.5581055,-0.54899395,-0.17778772,-0.51674646,-0.65361506,-0.5309516,-0.32511276,-0.6089362,0.50945544,0.2256942,-0.5188711,-0.51968944,-0.29052976,-0.2789458,-0.15099259,-0.61124086,-0.53417647,-0.08945572,-0.09207139,-0.28720894,-0.2653038,-0.49453607,0.19357859,0.19030358,0.5736844,-0.6119955,-0.03161427,-0.8218229,-0.8140866,0.119917326,-0.26352954,-0.35068506,0.050839376,0.13535325,-0.078604594,-0.61387503,-0.2528374,-0.47062597,-0.17216441,-0.77886754,-0.7565508,-0.47985414,-0.806103,-0.8312544,-0.7201527,-0.71862394,-0.7341612,-0.80225027,-0.39845923
0.1619808,-0.07036463,-0.3610773,0.31788447,0.08133005,-0.198117,0.052107833,0.1178234,-0.117235586,0.27382147,-0.26260516,-0.108492,-0.07542007,-0.09064161,-0.16761445,0.2961108,0.4298697,-0.070970215,0.053481128,-0.22238114,0.5880735,0.0,0.37539488,0.63906235,0.4015639,0.31179848,0.30781904,0.029718958,0.17501009,-0.16332448,-0.24351276,0.008953131,0.2481938,0.23525696,0.4554654,-0.4266885,-0.34278715,0.20264837,0.31895608,0.30986091,0.12503181,-0.37680846,-0.12782556,-0.42844194,-0.28228396,-0.4504531,-0.32268322,-0.14396557,-0.47946575,-0.5162676,-0.16404046,-0.23639095,-0.085867785,-0.019366438,-0.23186563,-0.33481264,-0.1368455,-0.15887006,-0.003258551,0.07089661,0.2827356,-0.32941982,-0.34979218,-0.13964891,-0.09973675,-0.14823031,-0.15345104,-0.23021312,0.23324698,0.21570902,0.12553607,0.22234304,0.06225369,0.35899502,0.513157,0.45872915,-0.09266801,0.3215169,-0.29482567,-0.2991155,0.5541115,0.05527274,0.0066319522,0.53368354,0.58732194,0.46738455,-0.28713143,0.21708864,-0.22628894,0.21862453,-0.22481067,-0.22280942,0.013957875,-0.3765665,-0.2618577,-0.40675575,-0.40601847,-0.20086505,-0.37964028,-0.3262774
0.49051538,-0.26596242,0.00014181309,-0.095724694,-0.44073406,-0.017855182,-0.15858988,-0.14863944,-0.4328443,0.67393,-0.1583297,0.04974672,-0.010550789,0.4244532,0.43228003,0.14939757,0.081731394,-0.5372509,-0.09863045,-0.5094359,0.39700794,0.37539488,0.0,0.07339884,0.5139844,0.67388475,0.47401783,-0.16055307,-0.3458063,0.3174168,-0.48714173,0.5954369,0.16408895,-0.51789725,0.40222013,-0.38923258,-0.36916855,0.31803742,0.2901894,0.1901675,-0.19914135,0.24551396,0.104718916,-0.25596464,-0.115591265,0.08303998,-0.049717627,0.14919658,-0.2918171,-0.5834787,-0.39122924,-0.24471344,-0.4667976,-0.6442426,-0.2053832,0.048156235,-0.51353455,-0.42358622,0.022515422,0.42114714,0.7290719,0.06544604,0.057242528,0.12560031,0.16402625,0.4151545,-0.5520483,-0.19684117,-0.41059136,-0.42022756,-0.19755504,0.06058616,0.048176404,-0.042874187,0.5963658,0.63031703,-0.27128795,0.49427935,-0.46618086,-0.18659455,0.110239014,-0.5901594,-0.4632055,0.24224143,0.4129885,0.30032802,-0.39411145,0.14790037,-0.6140925,-0.43697122,-0.49748513,-0.26702142,-0.17443006,-0.13440798,-0.39020613,-0.47437328,0.022453945,-0.12973446,-0.24918075,-0.68900865
-0.3361997,-0.32281813,-0.6798918,-0.08871316,-0.15529129,-0.35532966,-0.35282823,-0.34745455,-0.20076285,-0.26578707,-0.007569474,0.1911594,0.114691,-0.31136745,-0.4262387,-0.20848733,0.38590357,0.3428479,0.06761323,0.2606633,0.20191836,0.63906235,0.07339884,0.0,-0.08681429,0.14182556,0.47124952,0.5399283,0.5224868,-0.28326598,0.25200427,-0.37462875,-0.22497466,0.45848647,0.6049554,0.0673391,-0.0688451,-0.37713945,-0.21525638,-0.25584042,-0.14976788,-0.5534484,-0.35128295,-0.13640043,-0.016512724,-0.46436468,-0.4735887,0.06939084,-0.08627471,-0.32376185,0.13605411,-0.22193372,0.2001151,-0.008022283,-0.35229897,-0.34913972,0.091673575,-0.30883092,0.20573011,-0.27294555,0.06946617,-0.024109757,-0.27907065,-0.07141956,-0.1090617,-0.35801777,0.23744129,0.21048798,0.67523247,0.59479713,0.512717,0.56615174,0.42652786,0.19486828,0.44249597,0.0023348932,0.35723242,0.25264692,0.15576482,0.09774077,0.86159176,0.4631969,0.38019976,0.7627322,0.591952,0.6908458,0.08193781,0.4310229,0.24025738,0.5081021,0.21479668,0.171894,0.28887436,-0.18107136,0.15345669,0.02628574,-0.12845938,0.3066396,0.07814502,0.00056931184
0.6034819,-0.11793686,-0.10391788,0.56878126,-0.02308624,-0.21295816,0.4570702,0.39010206,-0.30824882,0.6550697,-0.56051004,-0.5793888,-0.34539133,0.045756157,0.038410775,0.7381169,0.41021043,-0.6907628,-0.0076879305,-0.7079808,0.707998,0.4015639,0.5139844,-0.08681429,0.0,0.2676534,-0.22387913,-0.54546106,-0.18177214,-0.22459057,-0.75581914,0.40473136,0.7556103,-0.24086502,-0.16396314,-0.7785808,-0.46168813,0.7795972,0.8206101,0.64596283,0.4481621,-0.14822507,-0.09268789,-0.43437347,-0.64992714,-0.2473617,-0.3912059,-0.37821174,-0.686813,-0.44018233,-0.6859625,-0.5241082,-0.70167345,-0.36346862,-0.31021547,-0.41183317,-0.6589677,-0.2722096,-0.48522508,0.604735,0.5530494,-0.46854192,-0.40611845,-0.414614,-0.39366886,-0.026782326,-0.787192,-0.7239393,-0.5151809,-0.44671106,-0.64602876,-0.46525642,-0.6170058,0.2989606,0.29064733,0.7984747,-0.70417696,0.18418372,-0.7838325,-0.7625703,-0.13316539,-0.56450665,-0.4494731,-0.08418266,0.07319639,-0.20106284,-0.55527335,-0.13176495,-0.6369678,-0.34267035,-0.80752665,-0.7782914,-0.58386976,-0.62095803,-0.7812851,-0.6103732,-0.47510365,-0.7572141,-0.71662974,-0.49541345
0.45490193,0.0029381828,0.1601555,-0.24678181,-0.17529957,0.28737593,-0.26366442,-0.08807987,-0.183125,0.6189439,0.073046505,0.4515127,0.02939382,0.30706927,0.42196205,-0.027684774,-0.27554265,-0.29418576,-0.40388557,-0.3159504,0.07102817,0.31179848,0.67388475,0.14182556,0.2676534,0.0,0.6049521,-0.062300425,-0.4827121,0.44373196,-0.18585187,0.5713321,-0.15234774,-0.56491363,0.5269515,-0.19205025,-0.18729842,-0.017305704,-0.020943604,0.060601823,-0.5053027,0.3982262,0.03458051,-0.14828634,0.09269559,-0.0041090623,0.13817295,0.20067197,-0.030609824,-0.562312,0.055938922,0.12526104,-0.009554522,-0.2946387,0.10730176,0.37186295,-0.0897433,-0.09601903,0.47161728,0.122274324,0.70232546,0.14217018,0.3139429,0.34658444,0.3964778,0.44881228,-0.14746149,0.04967298,-0.22701819,-0.26718467,0.038413476,0.42666823,0.4047758,0.07139277,0.8244601,0.61322874,0.06673328,0.73698056,-0.12865096,0.19868946,0.24973878,-0.4315585,-0.31658348,0.3471789,0.50946134,0.47163376,-0.16032796,0.27131835,-0.5056002,-0.23331808,-0.08712378,0.13096917,0.12908652,0.20231177,0.05377727,-0.31120756,0.06860431,0.14883058,-0.00028104673,-0.63343775
0.06597953,-0.10106847,-0.002715533,-0.60999703,-0.33211717,0.26301932,-0.56825155,-0.5392064,-0.124035,0.18235518,0.3175359,0.68662006,0.145689,0.12182928,0.17520255,-0.4268434,-0.31661955,0.17142485,-0.35365668,0.22521599,-0.21994315,0.30781904,0.47401783,0.47124952,-0.22387913,0.6049521,0.0,0.4085154,-0.11462989,0.45682088,0.3214227,0.26770166,-0.4882612,-0.22220041,0.9042253,0.30322844,0.08003671,-0.46288633,-0.40191257,-0.28732795,-0.66050273,0.28470597,0.15566286,0.1145515,0.5122946,0.11417459,0.12838343,0.6179499,0.3548786,-0.31719652,0.38954073,0.20276587,0.27278352,-0.24970934,0.1267801,0.40665534,0.15810071,-0.15589671,0.6500571,-0.30342084,0.38373935,0.3207434,0.25903702,0.33809778,0.4069512,0.2203193,0.24897508,0.35577852,0.16376787,0.12869243,0.43883863,0.68301755,0.75405,-0.033935808,0.6656538,0.094852395,0.46566474,0.57587665,0.34799877,0.566016,0.53746426,0.032170903,0.106417246,0.72386837,0.72765,0.8386815,0.17381862,0.53751665,-0.01267111,0.1301092,0.35469812,0.5101064,0.48301178,0.44576952,0.44247106,0.10650047,0.43001193,0.647756,0.45565617,-0.30766582
-0.73598385,-0.3079197,-0.36904272,-0.61466384,-0.4368007,-0.20039555,-0.686423,-0.71874255,-0.021148404,-0.62416697,0.601208,0.49782836,0.60520124,-0.031823784,-0.113379575,-0.75570154,0.08496843,0.52923024,0.15833925,0.6095343,-0.37791577,0.029718958,-0.16055307,0.5399283,-0.54546106,-0.062300425,0.4085154,0.0,0.63345295,0.14187533,0.71895075,-0.61624396,-0.62486553,0.377422,0.39668626,0.6937942,0.3897445,-0.78758615,-0.7007681,-0.75947595,-0.30527604,-0.22990058,-0.011210178,0.55101496,0.4695284,0.22726966,-0.0069694277,0.32356367,0.4774138,0.24798489,0.34149668,0.07159352,0.31989124,-0.1018681,-0.15030904,0.017362693,0.21369477,-0.20583431,0.4474239,-0.28724143,-0.02256344,0.63266623,0.26328528,0.22734196,0.009711739,-0.01853446,0.42691648,0.715127,0.5865985,0.45447642,0.53146225,0.48562256,0.5646332,-0.12389151,0.013403787,-0.5498703,0.7145934,0.16480611,0.6137194,0.48701325,0.4197498,0.5317154,0.7063651,0.35370174,0.122142926,0.40805295,0.4477649,0.531447,0.5692981,0.3662429,0.56600946,0.50556374,0.4308236,0.20311038,0.51149577,0.6304295,0.49815717,0.71418923,0.57758504,0.40695167
-0.66190183,-0.2780404,-0.6072503,0.035854075,-0.14080438,-0.49884778,-0.06858995,-0.29576346,-0.059655134,-0.682799,0.07703574,-0.18856327,0.24034277,-0.423197,-0.57997113,-0.17015101,0.5470946,0.45460984,0.3304313,0.48540014,0.07860132,0.17501009,-0.3458063,0.5224868,-0.18177214,-0.4827121,-0.11462989,0.63345295,0.0,-0.3830411,0.36000338,-0.7936332,-0.009696653,0.78967535,-0.01975409,0.31020376,0.3383611,-0.3231346,-0.18327804,-0.32765642,0.38005435,-0.71437883,-0.28170547,0.30390057,-0.090611435,-0.06976569,-0.44237763,-0.007579441,0.0750974,0.36659852,-0.08076322,-0.33470753,-0.007493239,0.020256873,-0.3622149,-0.57154965,-0.02443499,-0.23483945,-0.15720314,-0.15283272,-0.19156653,0.09631648,-0.30578756,-0.33710632,-0.5294907,-0.5169292,0.15830062,0.18317328,0.57715917,0.56483996,0.23779891,0.01160711,-0.006429244,0.13458171,-0.25509378,-0.43233147,0.33182287,-0.095893316,0.19697253,-0.12811859,0.33928627,0.6501276,0.6482298,0.19042592,-0.0699188,0.07749219,0.35919383,0.38268656,0.6385693,0.51233315,0.13832511,-0.08550061,-0.06868863,-0.36093354,0.022505825,0.4691366,0.06825885,0.1529871,0.16787662,0.6140851
0.20917316,0.30267087,0.6513328,-0.55263126,-0.15912396,0.60705477,-0.30506182,-0.21400638,0.2635813,0.29010755,0.58915037,0.5936868,0.3792357,0.52030426,0.65270025,-0.34103668,-0.60210663,0.060735896,-0.24600092,0.07381051,-0.43855804,-0.16332448,0.3174168,-0.28326598,-0.22459057,0.44373196,0.45682088,0.14187533,-0.3830411,0.0,0.27033946,0.3781354,-0.36245546,-0.40908813,0.31227005,0.3931695,0.26808724,-0.22970639,-0.30699864,-0.10595768,-0.45466146,0.76613593,0.63023454,0.43582955,0.64600724,0.68968254,0.7814284,0.4872696,0.49343753,0.1367438,0.38154116,0.58286643,0.23925763,-0.11094259,0.52550775,0.77867776,0.22548458,0.26761812,0.603264,-0.031036016,0.3041745,0.54031885,0.66408163,0.51780874,0.5034466,0.69497615,0.17125238,0.36203262,-0.27866375,-0.2869014,0.076229125,0.20629652,0.42004085,-0.16413206,0.16804196,-0.021036692,0.3251699,0.38561112,0.33757335,0.5377483,-0.23279631,-0.21295166,-0.0124334255,-0.085370235,0.075439945,0.14786671,0.18976629,0.24844117,-0.09113797,-0.25227678,0.30386946,0.45497465,0.32627866,0.65051234,0.39683777,0.23881942,0.60591704,0.43860504,0.4195414,-0.11514517
-0.5276409,0.12593576,0.07625789,-0.62170726,-0.076320454,0.26178792,-0.46412885,-0.5194829,0.36593476,-0.56706816,0.73311734,0.63941795,0.44409746,-0.14852776,-0.11827257,-0.68060756,-0.3674377,0.70862544,-0.108241715,0.80310494,-0.7574961,-0.24351276,-0.48714173,0.25200427,-0.75581914,-0.18585187,0.3214227,0.71895075,0.36000338,0.27033946,0.0,-0.45312405,-0.66289943,0.32058737,0.3115321,0.8951983,0.5908958,-0.8249566,-0.74096036,-0.5698175,-0.35854313,0.1078179,0.24560843,0.68472457,0.7804103,0.34238896,0.3354945,0.4613938,0.7855618,0.51442933,0.7655316,0.4816639,0.6623274,0.25294715,0.33131006,0.4069013,0.5969583,0.25597715,0.65610826,-0.5582485,-0.2738973,0.5312434,0.35469344,0.2322836,0.16194892,-0.03490798,0.7529484,0.6654133,0.4804396,0.43839985,0.53415596,0.43860865,0.5862882,-0.033581242,-0.14505003,-0.68856555,0.7852835,0.011276145,0.9651381,0.7725644,0.2092309,0.59540296,0.7092748,0.21936576,0.046371255,0.3036861,0.6289885,0.42505473,0.6920507,0.4718394,0.90944135,0.80104953,0.6590619,0.63176876,0.8744242,0.817831,0.6158405,0.8150033,0.8046623,0.5406878
0.815382,0.14586154,0.45599166,-0.0065307696,-0.007336397,0.41938886,0.1814093,0.17205848,-0.16356799,0.8192039,-0.21255799,0.08480677,-0.3996851,0.26149064,0.3910864,0.33622053,-0.40892383,-0.49785525,-0.45974693,-0.4374443,0.09054443,0.008953131,0.5954369,-0.37462875,0.40473136,0.5713321,0.26770166,-0.61624396,-0.7936332,0.3781354,-0.45312405,0.0,0.22570877,-0.7208361,0.1698854,-0.34744772,-0.23364688,0.41513273,0.34311333,0.42775986,-0.20203161,0.63743156,0.24200673,-0.2683435,0.03181935,0.11595246,0.21492738,0.25007573,-0.07581589,-0.35205558,-0.1038227,0.06533635,-0.23880138,-0.27686563,0.2548228,0.3938433,-0.2169052,-0.0050045582,0.06233693,0.19505002,0.45324436,-0.19727601,0.07609905,0.0732216,0.26364976,0.3537132,-0.33579063,-0.41067833,-0.6687265,-0.54732555,-0.33289343,-0.10025685,-0.037164565,-0.0461219,0.42184183,0.59847397,-0.36951938,0.29518506,-0.32646066,-0.02567575,-0.234043,-0.65121955,-0.6931471,0.016630357,0.23655795,0.06700155,-0.25931624,-0.10212104,-0.60939336,-0.45813543,-0.3252846,-0.11947663,-0.14857922,0.22235557,-0.19033897,-0.44570243,0.027471155,-0.17458026,-0.13150449,-0.62112427
0.51646334,0.10073526,-0.007120371,0.75885665,0.23358765,-0.14215149,0.79765236,0.54661614,-0.095151626,0.42072603,-0.66256535,-0.8399385,-0.53413093,-0.24066499,-0.24510263,0.9177811,0.38467875,-0.44079956,-0.019168627,-0.44760662,0.6180233,0.2481938,0.16408895,-0.22497466,0.7556103,-0.15234774,-0.4882612,-0.62486553,-0.009696653,-0.36245546,-0.66289943,0.22570877,0.0,0.05750638,-0.4030256,-0.6380957,-0.19101505,0.836394,0.9271205,0.799265,0.7938968,-0.23094723,-0.05138661,-0.30703938,-0.6475119,-0.17986016,-0.36580092,-0.30165341,-0.5494839,-0.04466292,-0.61131984,-0.47068077,-0.61321634,-0.11370272,-0.14855565,-0.48815274,-0.49674302,-0.058383986,-0.69860566,0.36401916,0.1883002,-0.67729676,-0.6261843,-0.70124626,-0.60843605,-0.3175204,-0.61541814,-0.90347534,-0.4550576,-0.26276368,-0.65059936,-0.7190394,-0.8202499,0.4009734,-0.06847486,0.5097244,-0.6957559,-0.07066237,-0.6909181,-0.835355,-0.26168695,-0.29599378,-0.29504034,-0.2128516,-0.109713234,-0.37940484,-0.30535713,-0.14354911,-0.30973217,-0.109723195,-0.72969025,-0.8525476,-0.6848364,-0.6185648,-0.74086297,-0.37519345,-0.42961556,-0.81469715,-0.6086652,-0.11087977
-0.50371194,0.089307494,-0.386035,0.26743364,0.28768212,-0.2619745,0.19182684,0.057844255,0.20938756,-0.62604105,-0.025604604,-0.21414995,0.040013164,-0.53611076,-0.65789074,0.010463745,0.41201448,0.62929666,0.27099684,0.53122157,0.088725634,0.23525696,-0.51789725,0.45848647,-0.24086502,-0.56491363,-0.22220041,0.377422,0.78967535,-0.40908813,0.32058737,-0.7208361,0.05750638,0.0,-0.072018854,0.23266557,0.32551023,-0.22787125,-0.09080345,-0.07836446,0.44945088,-0.65779346,-0.26356483,0.10053614,-0.114804424,-0.25343996,-0.30110157,-0.09269357,0.03973812,0.39237472,0.11057251,-0.06862733,0.26309037,0.42466363,-0.07767163,-0.44470957,0.29779422,0.12602662,-0.15062326,-0.3545792,-0.44400316,-0.18488455,-0.39283952,-0.327889,-0.36833403,-0.6145688,0.3940594,0.08027869,0.687803,0.74285334,0.37297946,0.060546506,-0.006500957,0.23358852,-0.28180382,-0.41126403,0.33301315,-0.23587507,0.19864403,-0.09137044,0.33971435,0.81526613,0.55479604,0.16781814,-0.03500318,0.05280565,0.38064072,0.18826386,0.6838514,0.6777656,0.22817658,-0.016981883,0.019239202,-0.24802037,0.10897011,0.3464238,-0.15532656,0.061139822,0.108462185,0.66622883
0.038300075,-0.11215771,-0.123321995,-0.44947222,-0.21542278,0.16329655,-0.49680603,-0.44959676,-0.10530397,0.14934431,0.26135802,0.5893835,0.11308428,0.031296346,0.05627008,-0.33004898,-0.1765311,0.18680125,-0.27038196,0.2042856,-0.100279614,0.4554654,0.40222013,0.6049554,-0.16396314,0.5269515,0.9042253,0.39668626,-0.01975409,0.31227005,0.3115321,0.1698854,-0.4030256,-0.072018854,0.0,0.20741382,-0.019683685,-0.39759484,-0.3090937,-0.19624475,-0.5418932,0.1314894,0.129232,-0.00025206376,0.44213623,-0.04127586,0.042221803,0.49516734,0.21703456,-0.37476462,0.382368,0.13705103,0.2904027,-0.13420457,0.05729989,0.26524833,0.16354129,-0.153325,0.5994253,-0.31538406,0.30067977,0.18721503,0.11394944,0.23169869,0.3089492,0.10804404,0.25939527,0.2791403,0.26106298,0.20406635,0.43180552,0.65981835,0.68920344,0.021390505,0.6398571,0.10919344,0.39963135,0.49948242,0.32792586,0.4752215,0.61778504,0.10214108,0.1481849,0.78300345,0.7611338,0.84672785,0.08102826,0.49143142,-0.019676117,0.21234162,0.3546217,0.46970958,0.50896096,0.34074262,0.3967879,0.033134576,0.2628008,0.55194426,0.32341912,-0.31639987
