0,1,2,3,4,5,6,7,8,9,10,11,12,13,14,15,16,17,18,19,20,21,22,23,24,25,26,27,28,29,30,31,32,33,34,35,36,37,38,39,40,41,42,43,44,45,46,47,48,49,50,51,52,53,54,55,56,57,58,59,60,61,62,63,64,65,66,67,68,69,70,71,72,73,74,75,76,77,78,79,80,81,82,83,84,85,86,87,88,89,90,91,92,93,94,95,96,97,98,99
0.0,0.20278311,0.53914106,0.00073063065,0.27521622,0.5452861,0.3228258,0.22076778,0.49668744,0.61505574,0.3781798,0.42103788,0.27797112,0.6443471,0.7029041,0.24610674,0.28578275,0.2823358,0.63360023,0.43870682,0.65517503,0.17806543,0.5044218,0.20450008,0.05013345,0.040099435,0.06816824,0.39333427,0.6658757,0.5143458,-0.4812647,-0.030494785,0.40976012,0.25096348,-0.0009502427,0.004846533,-0.12817365,-0.3027131,0.20179343,0.14797573,-0.37347612,-0.5360699,-0.38026473,-0.14831337,-0.464525,-0.36974075,-0.38138646,-0.2523394,0.20295656,-0.17490037,0.88940924,0.3155978,0.38022316,-0.07222605,0.4224482,0.47339043,0.14854817,0.44117823,0.48811576,0.42456767,0.25250858,0.1754824,0.39094412,0.65517795,0.67263037,0.6529018,0.47642562,0.40924996,0.3477562,0.27300474,0.6799629,0.21688579,0.51977265,0.37239248,0.26908842,0.27759105,0.69043255,0.5044051,-0.45795673,-0.26675957,-0.0065656947,-0.25693452,-0.3534782,0.16158524,0.13695683,-0.15359026,-0.04793221,0.28112763,-0.0023039281,-0.32936075,0.15146033,0.39744616,0.010106436,-0.14519612,-0.24270746,-0.1584354,-0.23969159,-0.055342205,0.23989287,-0.12216249
0.20278311,0.0,0.45622998,0.8289717,0.8297736,0.25242686,0.49141982,0.9216111,0.1803476,-0.052905884,-0.37287307,-0.2373113,-0.20796373,-0.15140508,-0.1687973,0.85275203,0.111064345,0.90956485,0.09927302,-0.00033090598,-0.09506304,0.6066048,0.34577194,0.31898436,-0.6283957,0.1510703,0.21906419,0.009648467,0.07183607,0.17521141,-0.3741009,-0.31900027,0.009825492,0.71400565,0.5769297,-0.48282287,-0.67173046,-0.51172626,0.26852754,0.24756742,-0.5535666,-0.4861519,0.068882495,-0.5568164,-0.35954207,-0.42345923,-0.33038282,-0.60561687,-0.5171076,-0.6643184,0.250157,0.9290836,0.79265875,0.8019122,0.21279725,-0.0029298489,0.89585847,0.70875263,-0.30155557,-0.40813923,-0.3934108,-0.29330882,-0.088551864,0.020026475,-0.17677596,-0.22571142,0.06252137,0.052042417,0.40938646,0.9068987,0.16994257,0.37112245,0.49787325,0.09030697,0.04245179,-0.14463322,0.12781987,-0.013437404,-0.40462342,-0.3643183,0.3015056,-0.58786166,-0.5375478,0.35767475,0.4923306,0.23148203,-0.65894955,-0.079004765,-0.56729317,-0.66577226,-0.47617915,-0.103889026,-0.04004156,-0.48142573,-0.19325823,-0.61217976,-0.56909454,-0.41858873,-0.47362673,-0.6540805
0.53914106,0.45622998,0.0,0.08584903,0.7077536,0.8934778,0.24058416,0.4051403,0.8645548,0.6048279,0.43945834,0.5578661,0.48506856,0.65777487,0.5393134,0.44983262,0.5945526,0.46507812,0.7890195,0.5273911,0.69347936,0.47974887,0.5899646,0.5621354,-0.058650248,0.33481267,0.022597402,0.26203206,0.7655579,0.5073777,-0.7539705,-0.20505214,-0.10483165,0.33447158,0.23968235,-0.06676632,-0.4153354,-0.699352,0.077205345,0.19789091,-0.7177961,-0.46509027,-0.3560495,-0.52893776,-0.7822833,-0.76715964,-0.73204064,-0.64466757,-0.02489101,-0.41981155,0.6936586,0.533901,0.4542529,0.112672225,0.7665316,0.7445755,0.3188122,0.8106318,0.4632957,0.39101252,0.35430372,0.37549645,0.5905097,0.72974867,0.5463288,0.50800663,0.35774085,0.615637,0.6758462,0.42609563,0.7724337,0.5486336,0.6395651,0.5766879,0.5642711,0.34420788,0.83406687,0.5918116,-0.7237277,-0.4467927,0.41113195,-0.49164212,-0.7148118,0.4732319,0.39418983,-0.06090102,-0.28698838,0.19250426,-0.08513611,-0.5267725,-0.2863668,0.106509596,-0.1509256,-0.48502174,-0.22131956,-0.5572321,-0.64500254,-0.37476942,0.10542472,-0.33418217
0.00073063065,0.8289717,0.08584903,0.0,0.57538044,-0.11931424,0.49203634,0.8755049,-0.16313455,-0.25798535,-0.6196839,-0.5072007,-0.4825118,-0.47069725,-0.4038809,0.8109992,-0.1353122,0.8155496,-0.2251024,-0.2756471,-0.38820714,0.47023305,0.11329566,0.17034864,-0.5978714,-0.013859604,0.23608632,-0.15225166,-0.25997466,0.0039601414,-0.14920846,-0.27839872,0.10778345,0.6044792,0.5608322,-0.5713619,-0.62592095,-0.2369916,0.39266005,0.308371,-0.33773267,-0.39499107,0.23049171,-0.4426646,-0.08532971,-0.16550088,-0.08744112,-0.44962126,-0.6413935,-0.60788894,-0.056954075,0.7406497,0.75848716,0.88539344,-0.12954661,-0.37289277,0.91275764,0.44797018,-0.5107479,-0.609283,-0.5913635,-0.553747,-0.38417643,-0.29768702,-0.43430972,-0.45276305,-0.039997138,-0.2230625,0.09528603,0.8376347,-0.107621506,0.16763102,0.24313658,-0.080366485,-0.186382,-0.31039578,-0.21571504,-0.2581309,-0.18227094,-0.16707428,0.17964996,-0.50584185,-0.34868923,0.18404977,0.3734508,0.22965118,-0.6762214,-0.23609185,-0.6587907,-0.5397707,-0.4748343,-0.043290168,0.14571248,-0.40093273,-0.14374559,-0.49573743,-0.4086554,-0.39782205,-0.6471164,-0.644303
0.27521622,0.8297736,0.7077536,0.57538044,0.0,0.5784048,0.42909145,0.745838,0.5272175,0.20468968,-0.07048643,0.047812346,0.01538028,0.12167009,0.06437696,0.7204107,0.2663729,0.73361355,0.32635802,0.21053983,0.16983195,0.56858593,0.43429106,0.4382942,-0.42187256,0.24144553,0.16364232,0.09877543,0.32860014,0.30720553,-0.5074621,-0.38892034,-0.03822795,0.5607817,0.469209,-0.2872054,-0.5811983,-0.54632294,0.2623646,0.30414206,-0.6118288,-0.44055212,-0.04193352,-0.54903054,-0.5007012,-0.5450499,-0.4596973,-0.6254472,-0.34995946,-0.57265866,0.36223784,0.8461744,0.69351894,0.59864825,0.53281534,0.34063148,0.69077504,0.87200403,-0.026282014,-0.12721902,-0.12821998,-0.07899239,0.12681755,0.24937326,0.046416596,0.012809002,0.19116443,0.23036127,0.5082833,0.7187917,0.38281277,0.43805385,0.5434981,0.31548852,0.23366039,0.032931533,0.3966692,0.20145279,-0.5033577,-0.43960974,0.37563992,-0.5456721,-0.60795313,0.41423637,0.5037723,0.1712528,-0.52367634,0.043224074,-0.3673159,-0.58887446,-0.4518743,-0.0031913347,-0.015826693,-0.49966532,-0.14860281,-0.59751254,-0.5942729,-0.39729577,-0.23862201,-0.5369576
0.5452861,0.25242686,0.8934778,-0.11931424,0.5784048,0.0,0.097571,0.18077624,0.9364836,0.65629816,0.5962183,0.6611875,0.55264306,0.71034425,0.6102959,0.211713,0.5630752,0.22414277,0.7429447,0.5855359,0.6997072,0.33772197,0.5648148,0.46412477,0.12919395,0.3637406,0.048637953,0.4039071,0.8171326,0.5174132,-0.6715439,-0.18574092,-0.012284621,0.22670084,0.11477179,0.14042284,-0.14645009,-0.5670608,8.930884e-05,0.07427628,-0.5375761,-0.34543175,-0.35606486,-0.27796984,-0.6327565,-0.6129957,-0.5818651,-0.41654944,0.20913763,-0.19760397,0.7024206,0.38530412,0.23876515,-0.038738802,0.91029656,0.8897524,0.0797696,0.7284998,0.5515464,0.5107321,0.47524527,0.46393126,0.6006616,0.71060157,0.5770518,0.5757966,0.3213397,0.57901347,0.5845823,0.18304926,0.71521366,0.45216346,0.5492937,0.48767188,0.53838533,0.44740605,0.8370775,0.62549794,-0.62299484,-0.46054706,0.31103176,-0.2928124,-0.52267337,0.39963362,0.32424605,-0.061904013,-0.025817428,0.37010038,0.13479088,-0.35538557,-0.14278218,0.12082897,-0.19966145,-0.32188982,-0.12898508,-0.31091464,-0.43037543,-0.14718056,0.33317924,-0.11340219
0.3228258,0.49141982,0.24058416,0.49203634,0.42909145,0.097571,0.0,0.6550348,0.17135686,0.0637999,-0.28591132,-0.27667934,-0.45361072,-0.03994698,0.030491529,0.5036494,-0.3455842,0.565714,0.0073658437,0.29626903,0.07473572,-0.09511851,-0.13864091,-0.11778475,-0.29992828,-0.6066785,-0.3656525,-0.43700963,-0.05160658,-0.1276053,-0.18588711,-0.16565256,0.1958309,0.08454756,-0.13013314,-0.11734333,-0.43639335,-0.026188293,0.43523455,0.39671957,-0.13323216,-0.566621,-0.3698081,-0.45086077,-0.3597125,-0.29517853,-0.28062317,-0.28178975,-0.15763617,-0.2439125,0.35274312,0.41613743,0.6751152,0.35173333,0.095039785,0.007863256,0.55406076,0.50346786,-0.11742523,-0.19286884,-0.39580503,-0.5483155,-0.3023343,-0.01904377,-0.059218977,-0.029334065,0.6314001,-0.2930951,-0.19112301,0.5607648,0.20961943,-0.29064628,-0.04749839,0.13651457,-0.30744278,-0.51569957,0.059441958,-0.22417775,-0.21093293,-0.2346369,-0.2854147,-0.1901052,-0.4573297,-0.34994015,-0.20465933,-0.46208078,-0.3968772,-0.530167,-0.22188227,-0.16495961,-0.14196847,0.18280165,0.34795257,-0.4730074,-0.6109163,-0.3614784,-0.39122754,-0.32606205,-0.12210773,-0.23465955
0.22076778,0.9216111,0.4051403,0.8755049,0.745838,0.18077624,0.6550348,0.0,0.13864726,-0.033737637,-0.4214784,-0.29833075,-0.31836402,-0.1759132,-0.16636412,0.90422684,0.0085135,0.9472698,0.07562474,-0.009355696,-0.08138955,0.5066831,0.22555247,0.26995742,-0.5859045,-0.03164304,0.092798434,-0.15909493,-0.0020258417,0.0986152,-0.38628036,-0.31509095,0.06450457,0.59663755,0.4828007,-0.51831204,-0.75435776,-0.441113,0.38804275,0.3472005,-0.53571063,-0.5783479,-0.017423581,-0.6426557,-0.4008241,-0.4536508,-0.38646156,-0.6416794,-0.5703555,-0.68572545,0.22441782,0.8346072,0.8704445,0.77371854,0.116129056,-0.088221096,0.94438165,0.6753453,-0.30603287,-0.4154843,-0.4586402,-0.42548892,-0.1849397,-0.018525137,-0.18837513,-0.2257088,0.2027983,-0.041041687,0.25867367,0.94755125,0.1845738,0.2464547,0.3733416,0.12375353,-0.031509485,-0.26571023,0.08279357,-0.086734585,-0.41609702,-0.3170944,0.19896415,-0.60534495,-0.6043165,0.2158134,0.35807955,0.049580812,-0.7426719,-0.27698523,-0.6151843,-0.64416474,-0.50935817,-0.023827042,0.07688773,-0.5766283,-0.33668151,-0.6704708,-0.63732076,-0.526919,-0.5234137,-0.680738
0.49668744,0.1803476,0.8645548,-0.16313455,0.5272175,0.9364836,0.17135686,0.13864726,0.0,0.6302104,0.58062947,0.61298585,0.47075263,0.6895191,0.5818256,0.14971706,0.45236558,0.15386423,0.6952797,0.6317503,0.6930622,0.2014566,0.41028777,0.39760578,0.17965136,0.21697682,-0.11246404,0.24504888,0.7362579,0.4047066,-0.5861565,-0.14370167,-0.041089837,0.056888252,-0.025106411,0.20698169,-0.13400212,-0.43798915,0.04123936,0.14727454,-0.44314238,-0.29677743,-0.38872755,-0.29798338,-0.6250071,-0.5855395,-0.5786876,-0.3767398,0.23194104,-0.12396432,0.65457565,0.28379434,0.2139589,-0.09115165,0.8853721,0.8854284,0.03133222,0.703242,0.5453723,0.5142112,0.4398301,0.3867656,0.5298048,0.6587748,0.5429581,0.55189013,0.42164847,0.47868562,0.44042468,0.110789366,0.6846723,0.31493974,0.38934362,0.5270475,0.46309412,0.33672372,0.7817271,0.53749675,-0.5418469,-0.37624922,0.23255965,-0.21356995,-0.50929165,0.25558537,0.1751459,-0.20299757,-0.006834692,0.21831943,0.19458665,-0.22284557,-0.08874394,0.15240979,-0.06875026,-0.31581998,-0.17925754,-0.2925559,-0.41436264,-0.17860574,0.3693879,-0.04073364
0.61505574,-0.052905884,0.6048279,-0.25798535,0.20468968,0.65629816,0.0637999,-0.033737637,0.6302104,0.0,0.6883899,0.84055483,0.6692196,0.8542709,0.8675301,0.13571674,0.66181594,0.014532853,0.813517,0.43030503,0.872439,0.25153252,0.5998222,0.59663326,0.33412892,0.24200667,0.15832555,0.3970704,0.85071605,0.721769,-0.73221546,-0.17819157,0.081784084,-0.017713033,0.043010086,-0.025261875,-0.14747937,-0.3543627,0.28059965,0.3811615,-0.51903534,-0.4992368,-0.36537883,-0.28280702,-0.5629215,-0.5413068,-0.5860396,-0.409153,0.11907117,-0.22115439,0.62340087,0.078839146,0.22474393,-0.28892437,0.48727626,0.5582048,-0.059562653,0.3594998,0.86139494,0.78702414,0.7477975,0.56137925,0.7600762,0.85619074,0.85546255,0.8863427,0.47904906,0.74192965,0.40909177,0.019318009,0.8710193,0.45223883,0.5055266,0.7495555,0.7269589,0.6124341,0.8711699,0.86663973,-0.70309657,-0.27822256,0.3815102,-0.36604115,-0.49579695,0.38971415,0.2942982,-0.21037576,-0.05318658,0.33565024,0.017641608,-0.29982552,-0.183579,0.5471414,0.16702536,-0.3639525,-0.15204425,-0.30701187,-0.36986196,-0.26470622,0.20074931,-0.16346769
0.3781798,-0.37287307,0.43945834,-0.6196839,-0.07048643,0.5962183,-0.28591132,-0.4214784,0.58062947,0.6883899,0.0,0.8993363,0.72706574,0.77001375,0.68884844,-0.35862753,0.53043693,-0.36005223,0.648296,0.4648934,0.7182733,-0.05883574,0.26709035,0.27374506,0.6845809,0.30731595,-0.10874074,0.38503787,0.6952767,0.33309636,-0.4352897,0.016355151,-0.15400438,-0.24824667,-0.2675466,0.3751513,0.25094125,-0.28398746,-0.29005086,-0.1495516,-0.16538344,-0.02697074,-0.40270278,0.09014214,-0.35365793,-0.32851607,-0.40675417,-0.034196157,0.49276954,0.21734425,0.47764057,-0.27035174,-0.2552688,-0.5025827,0.5409203,0.7011203,-0.4582742,0.07932288,0.84702396,0.89009434,0.850445,0.70996684,0.6689718,0.6573093,0.6763545,0.7092332,0.32840934,0.57366675,0.29732376,-0.37744617,0.5500494,0.23237564,0.17324081,0.400029,0.5937391,0.67971087,0.6793467,0.62569636,-0.39784762,-0.09053102,0.14191177,0.088583685,-0.100135766,0.19555515,-0.03001651,-0.24921377,0.37133288,0.40996584,0.4520819,0.084379025,0.17572534,0.25797984,-0.21029353,0.002611849,0.03169518,0.09046443,-0.08204181,0.07522228,0.56545657,0.28916508
0.42103788,-0.2373113,0.5578661,-0.5072007,0.047812346,0.6611875,-0.27667934,-0.29833075,0.61298585,0.84055483,0.8993363,0.0,0.8737796,0.8623049,0.7796055,-0.12782736,0.7678816,-0.20769984,0.8033981,0.3959173,0.82619977,0.2026881,0.52272063,0.547687,0.52165353,0.42618215,0.1068964,0.46065414,0.8295696,0.5921486,-0.63589245,-0.074349806,-0.13432793,-0.10916971,-0.02524347,0.12956032,0.04845687,-0.4186138,-0.09212049,0.06297219,-0.42514676,-0.20518854,-0.34388393,-0.112589605,-0.4835971,-0.48295006,-0.53264123,-0.27244967,0.27005118,-0.03862307,0.4969561,-0.114159256,-0.090387814,-0.44466117,0.52143747,0.65301776,-0.31252515,0.17360476,0.9050668,0.892377,0.92735356,0.8243146,0.8638505,0.8284727,0.80175334,0.8120197,0.27927485,0.8092799,0.49231756,-0.22149555,0.72674996,0.49261782,0.41902843,0.60875964,0.81515646,0.7759698,0.8144765,0.8493635,-0.59575725,-0.16978204,0.39985543,-0.18900087,-0.30956385,0.44274986,0.23702836,-0.12480819,0.15744093,0.45610186,0.21687697,-0.15582968,-0.071416326,0.32764834,-0.12688072,-0.17717385,0.027850099,-0.14474007,-0.24990965,-0.112682134,0.3548316,0.030391052
0.27797112,-0.20796373,0.48506856,-0.4825118,0.01538028,0.55264306,-0.45361072,-0.31836402,0.47075263,0.6692196,0.72706574,0.8737796,0.0,0.74961674,0.6306628,-0.110328235,0.8491031,-0.2035139,0.716702,0.30082384,0.68629855,0.31368342,0.58161765,0.5746727,0.30578315,0.5199495,0.22975923,0.49582666,0.7571627,0.6036369,-0.57505053,-0.07013863,-0.2388078,0.018923467,0.116042204,0.07089221,0.07406869,-0.47002825,-0.20069316,-0.036589433,-0.42717984,-0.12440367,-0.2437217,-0.11463443,-0.45513645,-0.4367172,-0.4147724,-0.24709576,0.19980599,-0.05927264,0.343059,-0.083069354,-0.17896107,-0.39051825,0.40341717,0.5309807,-0.31722975,0.067768574,0.7110282,0.69332415,0.8532491,0.9654313,0.92053187,0.7639603,0.6990121,0.6725458,0.01781118,0.8638106,0.62665516,-0.20828927,0.6132537,0.59607786,0.49512428,0.49252158,0.82777816,0.70996714,0.7085622,0.81449246,-0.54631704,-0.19662146,0.48758718,-0.19710451,-0.29162145,0.5597296,0.36269736,0.100981444,0.15876348,0.5012546,0.17193222,-0.19948599,-0.17141582,0.087664165,-0.30511224,-0.18439007,0.07223111,-0.16614044,-0.19672184,-0.05026318,0.26099664,0.0057494896
0.6443471,-0.15140508,0.65777487,-0.47069725,0.12167009,0.71034425,-0.03994698,-0.1759132,0.6895191,0.8542709,0.77001375,0.8623049,0.74961674,0.0,0.91803473,-0.055266198,0.6328092,-0.095490575,0.88806117,0.5779889,0.9527469,0.12402019,0.53288376,0.4157186,0.33544827,0.21951067,-0.015636219,0.39767128,0.8976052,0.5987195,-0.6274339,-0.05155949,0.013161127,-0.06611071,-0.12959486,0.18493293,0.024433669,-0.40043354,0.00290554,0.10202951,-0.40941665,-0.33238798,-0.49411348,-0.1611887,-0.60825247,-0.5231558,-0.54806525,-0.2576668,0.3471607,-0.02040501,0.71265393,-0.025540061,0.017854188,-0.46423033,0.5567155,0.72191334,-0.24642377,0.295803,0.83337915,0.8086224,0.73923135,0.6788603,0.8164246,0.9404727,0.93470633,0.92276925,0.41841006,0.7493884,0.4815736,-0.11055858,0.8588437,0.3648134,0.46535364,0.61437327,0.6463877,0.5383975,0.91629535,0.79648805,-0.5938249,-0.2835271,0.21760441,-0.16810599,-0.40581304,0.28876433,0.13414106,-0.2338617,0.14386204,0.34762824,0.24279028,-0.16171071,0.026877457,0.3174895,-0.09035301,-0.22906265,-0.180793,-0.16196951,-0.26160103,-0.07490926,0.41990182,0.060044397
0.7029041,-0.1687973,0.5393134,-0.4038809,0.06437696,0.6102959,0.030491529,-0.16636412,0.5818256,0.8675301,0.68884844,0.7796055,0.6306628,0.91803473,0.0,-0.046940856,0.5228957,-0.09919489,0.79214764,0.5550338,0.90421975,0.08153208,0.54331905,0.349335,0.30769533,0.14745784,0.06609404,0.44398063,0.8618448,0.63903207,-0.55529934,-0.06765587,0.1664304,-0.04452805,-0.14073834,0.18214986,0.075347304,-0.2706411,0.115748264,0.16286632,-0.32346413,-0.38028586,-0.45258653,-0.07802849,-0.50483215,-0.39686686,-0.42068917,-0.16783753,0.36352676,0.011247004,0.7320834,-0.025291972,0.06471628,-0.43320763,0.4601163,0.605662,-0.22712201,0.23373935,0.7990325,0.7633797,0.6631181,0.5512406,0.7146231,0.8736486,0.947412,0.9779993,0.4550936,0.65787107,0.38702124,-0.10235681,0.83934975,0.28206566,0.46370384,0.5747624,0.546872,0.49185434,0.86011994,0.7791725,-0.52981573,-0.29356152,0.14707386,-0.12715404,-0.3165388,0.2260756,0.1303731,-0.20609307,0.17758536,0.3827963,0.23317304,-0.12195799,0.08191767,0.4200148,0.020994127,-0.17129384,-0.17878614,-0.077113,-0.15303919,0.0035863768,0.41419291,0.08017384
0.24610674,0.85275203,0.44983262,0.8109992,0.7204107,0.211713,0.5036494,0.90422684,0.14971706,0.13571674,-0.35862753,-0.12782736,-0.110328235,-0.055266198,-0.046940856,0.0,0.27391273,0.92029077,0.24045235,-0.106144354,0.0483797,0.70682865,0.45407724,0.5341238,-0.57447344,0.15392256,0.30155984,-0.022766806,0.14453849,0.34953836,-0.5340785,-0.32249606,0.055902187,0.6555122,0.6727398,-0.69344234,-0.84988296,-0.51318663,0.49669102,0.49461588,-0.7226378,-0.6375915,0.075457245,-0.738751,-0.44766712,-0.5340484,-0.47148657,-0.79416126,-0.7165581,-0.8574874,0.20905223,0.80435234,0.8539183,0.68680596,0.057420097,-0.110695526,0.9115957,0.63499236,-0.1663998,-0.30961722,-0.26963466,-0.23207408,0.043469787,0.15320182,-0.018587708,-0.07604736,0.11298655,0.21718717,0.4081441,0.9304733,0.3350406,0.5027558,0.5668766,0.31914294,0.22615656,-0.055193998,0.21443768,0.16032672,-0.56269145,-0.29808733,0.44755146,-0.8131467,-0.70727235,0.45784754,0.5771471,0.15827575,-0.84853417,-0.15174277,-0.76727337,-0.80979115,-0.6435195,0.101969756,0.12955296,-0.63097316,-0.23227315,-0.80725205,-0.71616435,-0.6534085,-0.66870797,-0.85396045
0.28578275,0.111064345,0.5945526,-0.1353122,0.2663729,0.5630752,-0.3455842,0.0085135,0.45236558,0.66181594,0.53043693,0.7678816,0.8491031,0.6328092,0.5228957,0.27391273,0.0,0.13385303,0.76903933,0.107643574,0.6251106,0.6612786,0.7629092,0.84679127,0.10489892,0.68670076,0.4323936,0.4937115,0.72777283,0.7331411,-0.74677104,-0.16624585,-0.21139865,0.28559607,0.48063546,-0.29557747,-0.28483334,-0.6560322,0.021639219,0.17362079,-0.7378393,-0.28093234,-0.0476752,-0.37629828,-0.524077,-0.59050953,-0.5644715,-0.5856125,-0.1925253,-0.45161757,0.2946484,0.20617539,0.12336531,-0.089186765,0.34563026,0.39813003,0.046572912,0.26110318,0.5834443,0.51952195,0.69709736,0.7839882,0.8731723,0.75054085,0.62540483,0.5584002,-0.06378775,0.9412387,0.7737096,0.14202376,0.6742252,0.86208534,0.713913,0.61297774,0.93858224,0.7388826,0.72019243,0.85846895,-0.7141969,-0.22679308,0.760518,-0.5759559,-0.5013754,0.8226227,0.6529257,0.2406376,-0.22689483,0.45729476,-0.21234241,-0.55178255,-0.4343623,0.14176947,-0.21881053,-0.35034302,0.12871762,-0.48535562,-0.46848074,-0.3621404,-0.11880318,-0.3941242
0.2823358,0.90956485,0.46507812,0.8155496,0.73361355,0.22414277,0.565714,0.9472698,0.15386423,0.014532853,-0.36005223,-0.20769984,-0.2035139,-0.095490575,-0.09919489,0.92029077,0.13385303,0.0,0.17434087,-0.008414461,-0.006354614,0.60508883,0.34900948,0.34950408,-0.58904785,0.078584254,0.15778871,-0.0639664,0.084868014,0.19203907,-0.4529489,-0.3006654,0.041522466,0.6696132,0.55302066,-0.5597444,-0.78509516,-0.5484404,0.3308535,0.3074199,-0.6263974,-0.57696784,-0.008972835,-0.65674627,-0.45092443,-0.5134311,-0.43451855,-0.69755125,-0.5804773,-0.74018115,0.2694842,0.827602,0.8255653,0.707465,0.121527754,-0.04801046,0.91576207,0.6644451,-0.25815478,-0.36561602,-0.38390738,-0.3111026,-0.07352752,0.08183071,-0.08883939,-0.15310438,0.14060071,0.09148021,0.38123807,0.97903126,0.26939493,0.36959547,0.48815772,0.17216222,0.073236525,-0.15958652,0.16927765,0.017271422,-0.48042446,-0.3345561,0.28117466,-0.66858166,-0.62757665,0.3301618,0.4437248,0.11279456,-0.763705,-0.19078079,-0.6357748,-0.7215015,-0.51002514,-0.034776695,-0.008341783,-0.5584435,-0.29440325,-0.70556355,-0.66676664,-0.5356048,-0.5371758,-0.7205329
0.63360023,0.09927302,0.7890195,-0.2251024,0.32635802,0.7429447,0.0073658437,0.07562474,0.6952797,0.813517,0.648296,0.8033981,0.716702,0.88806117,0.79214764,0.24045235,0.76903933,0.17434087,0.0,0.4069752,0.9121702,0.4166929,0.66467977,0.6342416,0.19561666,0.38779905,0.09475067,0.3654878,0.8660306,0.66308516,-0.76265675,-0.092037305,-0.041618858,0.12906867,0.16533738,-0.119870536,-0.29439032,-0.59992033,0.102781355,0.2275094,-0.6926224,-0.41584167,-0.33479595,-0.3937827,-0.6958371,-0.6871584,-0.7169688,-0.56643003,0.01927269,-0.35168478,0.6741666,0.19535995,0.2364567,-0.24522553,0.523798,0.649906,0.041942377,0.461191,0.7331811,0.68681514,0.646237,0.6244111,0.8257725,0.9537805,0.85817534,0.7942745,0.34163487,0.84447557,0.6395807,0.16945666,0.8964441,0.603331,0.6340234,0.72736746,0.7713952,0.58026564,0.92721015,0.8178863,-0.7219249,-0.2637738,0.4526704,-0.48362422,-0.58562165,0.5202867,0.3411462,-0.13069004,-0.18308976,0.29072043,-0.07397824,-0.46054104,-0.17685366,0.31868404,-0.09815962,-0.33749822,-0.11969908,-0.4413071,-0.51960045,-0.36248273,0.11366729,-0.26901802
0.43870682,-0.00033090598,0.5273911,-0.2756471,0.21053983,0.5855359,0.29626903,-0.009355696,0.6317503,0.43030503,0.4648934,0.3959173,0.30082384,0.5779889,0.5550338,-0.106144354,0.107643574,-0.008414461,0.4069752,0.0,0.5677169,-0.21748349,0.13741876,-0.06260024,0.08050195,-0.2289678,-0.3533081,0.08943661,0.54434335,0.14312309,-0.33214864,-0.07018028,-0.011644905,-0.08493465,-0.43748188,0.60580266,0.20627293,-0.2176427,-0.15373763,-0.087820984,-0.017926443,-0.27954033,-0.716915,-0.117942624,-0.5837027,-0.38337457,-0.30681333,0.039881814,0.593758,0.30506754,0.63105494,0.043943573,0.040864263,-0.24794056,0.5947883,0.6712493,-0.18228048,0.3878084,0.39697856,0.38764068,0.26622525,0.26157874,0.31854907,0.46921074,0.45138982,0.4997777,0.55065024,0.18895572,0.2515071,-0.057514194,0.5216523,-0.11145541,0.14024186,0.23476422,0.0979355,-0.031920914,0.54633456,0.26293588,-0.32734513,-0.43608117,-0.18378921,0.25575095,-0.3287622,-0.16524908,-0.1580441,-0.29530963,0.34993252,0.09025396,0.5707989,0.19970135,0.11347348,-0.07507368,-0.16633259,-0.2801593,-0.47269136,0.0053070025,-0.08564222,0.23047043,0.66889584,0.38599807
0.65517503,-0.09506304,0.69347936,-0.38820714,0.16983195,0.6997072,0.07473572,-0.08138955,0.6930622,0.872439,0.7182733,0.82619977,0.68629855,0.9527469,0.90421975,0.0483797,0.6251106,-0.006354614,0.9121702,0.5677169,0.0,0.1557427,0.5165275,0.46995896,0.3068562,0.17640169,-0.057381757,0.29624665,0.86026937,0.58151495,-0.6744161,-0.051369864,0.00018940443,-0.08672711,-0.10583834,0.10456271,-0.104779914,-0.4073506,0.10958545,0.22856882,-0.4789395,-0.39221722,-0.49538627,-0.28687704,-0.6750706,-0.5968852,-0.6383502,-0.37005204,0.23643042,-0.116580464,0.70358914,0.010504449,0.11992126,-0.42068234,0.513167,0.6741955,-0.1428607,0.34570044,0.82513326,0.78892213,0.6916031,0.595923,0.7843951,0.938257,0.9245275,0.90927345,0.5113015,0.7425925,0.46279863,-0.017437695,0.91755754,0.37512636,0.4602829,0.7184291,0.65986025,0.4884602,0.92194074,0.7807769,-0.64010715,-0.25159967,0.26058257,-0.25947705,-0.5000513,0.29020816,0.13493223,-0.30576092,0.014318489,0.23364152,0.1459685,-0.21228623,-0.046003576,0.38461247,-0.0008436144,-0.30751824,-0.22751643,-0.27421808,-0.36742184,-0.21651118,0.31847167,-0.03642106
0.17806543,0.6066048,0.47974887,0.47023305,0.56858593,0.33772197,-0.09511851,0.5066831,0.2014566,0.25153252,-0.05883574,0.2026881,0.31368342,0.12402019,0.08153208,0.70682865,0.6612786,0.60508883,0.4166929,-0.21748349,0.1557427,0.0,0.7610857,0.78626555,-0.35916388,0.7030962,0.66591567,0.42596692,0.37493423,0.6292995,-0.56827575,-0.27369386,-0.015036354,0.75634646,0.9265206,-0.6338088,-0.58505046,-0.645118,0.24697815,0.2683487,-0.7911033,-0.32152957,0.33372512,-0.45694566,-0.30742115,-0.43619636,-0.35933927,-0.70900834,-0.606081,-0.77333933,0.12939323,0.6515029,0.4903983,0.4839394,0.16475207,0.046598025,0.57431704,0.45079237,0.02093951,-0.08293787,0.0858502,0.22739953,0.39786884,0.3450117,0.17298387,0.07753276,-0.28633058,0.58032846,0.7308382,0.6225081,0.37339795,0.88642883,0.8069446,0.35864082,0.58008087,0.4363633,0.37507412,0.48807785,-0.5544262,-0.23929806,0.77729416,-0.80774075,-0.48496443,0.8826711,0.8708987,0.5423794,-0.59689593,0.34416336,-0.6251665,-0.8308171,-0.5687712,0.037182257,-0.1283069,-0.33773667,0.22150965,-0.6229847,-0.5299593,-0.47025225,-0.55949724,-0.7581049
0.5044218,0.34577194,0.5899646,0.11329566,0.43429106,0.5648148,-0.13864091,0.22555247,0.41028777,0.5998222,0.26709035,0.52272063,0.58161765,0.53288376,0.54331905,0.45407724,0.7629092,0.34900948,0.66467977,0.13741876,0.5165275,0.7610857,0.0,0.7282716,-0.20004258,0.64420193,0.69184613,0.72178996,0.7437457,0.9053903,-0.64261353,-0.2809054,0.15410039,0.6335611,0.63260645,-0.31147146,-0.2668149,-0.57246053,0.22161742,0.22650282,-0.696478,-0.39865288,0.07415997,-0.26016036,-0.4048543,-0.41906995,-0.34363547,-0.49492761,-0.17448358,-0.50330114,0.47272766,0.498216,0.3281411,0.13424675,0.37165606,0.3254711,0.24644445,0.42128995,0.3825074,0.26531976,0.38117695,0.48273352,0.6770535,0.685555,0.59710747,0.5293951,-0.1016983,0.7805751,0.8056827,0.3665969,0.6602351,0.8155141,0.9525521,0.48450315,0.6869602,0.5924957,0.6950389,0.8046863,-0.62512696,-0.4045839,0.6584977,-0.5869288,-0.42637506,0.8152806,0.80882645,0.47401887,-0.23882776,0.6236783,-0.27696282,-0.64392346,-0.32872024,0.1902876,-0.12342492,-0.25668317,0.12469146,-0.3983808,-0.32283354,-0.17054674,-0.14467534,-0.45770657
0.20450008,0.31898436,0.5621354,0.17034864,0.4382942,0.46412477,-0.11778475,0.26995742,0.39760578,0.59663326,0.27374506,0.547687,0.5746727,0.4157186,0.349335,0.5341238,0.84679127,0.34950408,0.6342416,-0.06260024,0.46995896,0.78626555,0.7282716,0.0,-0.014802527,0.6396354,0.5108335,0.34110263,0.56880933,0.716975,-0.73663944,-0.22665028,-0.12966613,0.35754558,0.6726212,-0.5213842,-0.5360593,-0.55982584,0.3476118,0.4842608,-0.81528634,-0.36274323,0.13789442,-0.55000806,-0.45167527,-0.57731605,-0.56903845,-0.7572561,-0.5060186,-0.67759216,0.16939603,0.37704283,0.39964518,0.18326604,0.243701,0.21922955,0.3415737,0.41289303,0.42915112,0.32301757,0.48259977,0.48193753,0.66803664,0.5842437,0.43537337,0.38777542,-0.015416103,0.78866255,0.6595287,0.3657179,0.61550957,0.8798162,0.69648635,0.7120772,0.85524553,0.61227155,0.58563757,0.74059814,-0.7044041,-0.16998467,0.8856869,-0.78170615,-0.6113675,0.8491317,0.76180845,0.2634468,-0.5062135,0.29140407,-0.48346293,-0.6718733,-0.6134505,0.30033916,0.082757466,-0.456465,0.15794408,-0.6702616,-0.6064747,-0.60452664,-0.4105363,-0.65109587
0.05013345,-0.6283957,-0.058650248,-0.5978714,-0.42187256,0.12919395,-0.29992828,-0.5859045,0.17965136,0.33412892,0.6845809,0.52165353,0.30578315,0.33544827,0.30769533,-0.57447344,0.10489892,-0.58904785,0.19561666,0.08050195,0.3068562,-0.35916388,-0.20004258,-0.014802527,0.0,0.092781745,-0.24326336,0.08904662,0.18894106,-0.059179433,0.008152398,0.23210205,-0.048502177,-0.5803198,-0.41319603,0.33641738,0.34820202,0.18031496,-0.18511653,-0.11114527,0.1988134,0.25536057,-0.10539614,0.32183704,0.11205762,0.08963553,-0.07557015,0.21681975,0.38763475,0.373995,0.035281204,-0.5928318,-0.43324584,-0.52125055,0.15648395,0.31674078,-0.5442338,-0.24623631,0.5902377,0.7013741,0.59817165,0.33509472,0.2157634,0.17533053,0.28613198,0.3616854,0.22306389,0.12792836,-0.246458,-0.59311473,0.087411605,-0.12636185,-0.3292063,0.16999008,0.23847206,0.47531042,0.17269179,0.21283826,0.054437965,0.3300569,-0.081109844,0.28240556,0.27068073,-0.13820931,-0.35026142,-0.3803899,0.39778143,0.15708113,0.39948654,0.3601739,0.35366413,0.34983593,0.07535675,0.29501712,0.22537267,0.3334157,0.1764774,0.090254046,0.42838317,0.3864334
0.040099435,0.1510703,0.33481267,-0.013859604,0.24144553,0.3637406,-0.6066785,-0.03164304,0.21697682,0.24200667,0.30731595,0.42618215,0.5199495,0.21951067,0.14745784,0.15392256,0.68670076,0.078584254,0.38779905,-0.2289678,0.17640169,0.7030962,0.64420193,0.6396354,0.092781745,0.0,0.63726074,0.64796937,0.4104535,0.5436475,-0.31570023,-0.10986379,-0.09456332,0.46638843,0.6652724,-0.25832054,-0.096367344,-0.45747158,-0.1381603,-0.07369847,-0.48165667,0.15093283,0.44773677,0.02071949,-0.016553035,-0.13735072,-0.12257488,-0.30716687,-0.21130542,-0.32833132,0.03303555,0.2444212,-0.030358678,0.15375169,0.28643766,0.24082685,0.06387846,0.16317508,0.21652763,0.20326564,0.37866542,0.5129311,0.49452215,0.3334649,0.2366324,0.1623008,-0.47730282,0.60671484,0.6744389,0.09622008,0.22403991,0.80576104,0.6123574,0.2397919,0.6402296,0.7503371,0.3563666,0.53303456,-0.26677144,-0.015420744,0.7281093,-0.39875528,-0.04687109,0.8478855,0.7145309,0.634231,-0.106778204,0.6656679,-0.18471853,-0.43490303,-0.16483068,0.013431835,-0.2703574,0.12518401,0.61322004,-0.1575976,-0.13320003,-0.09296256,-0.17023014,-0.315418
0.06816824,0.21906419,0.022597402,0.23608632,0.16364232,0.048637953,-0.3656525,0.092798434,-0.11246404,0.15832555,-0.10874074,0.1068964,0.22975923,-0.015636219,0.06609404,0.30155984,0.4323936,0.15778871,0.09475067,-0.3533081,-0.057381757,0.66591567,0.69184613,0.5108335,-0.24326336,0.63726074,0.0,0.68424284,0.22962281,0.6680596,-0.14921726,-0.22627798,0.2594915,0.61338407,0.7395814,-0.40200773,-0.07168687,-0.15956584,0.25484255,0.17314053,-0.31393328,-0.05446398,0.5519839,0.08303198,0.18189427,0.10843721,0.19564168,-0.16121164,-0.31995896,-0.37201908,-0.061951656,0.3583053,0.13567156,0.2805613,-0.033096246,-0.16914496,0.19186726,0.04566525,-0.017978318,-0.11510989,0.088280424,0.18778962,0.25330698,0.13547713,0.11802703,0.07337952,-0.5197799,0.3897648,0.4657831,0.19970004,0.09870856,0.6236112,0.64787555,0.1033216,0.36513558,0.4625787,0.12399674,0.44060537,-0.13363703,-0.15788385,0.59758735,-0.39586905,0.04038066,0.70458484,0.8232594,0.78620017,-0.15243503,0.6516358,-0.3658623,-0.43710035,-0.2520797,0.11435424,0.03370411,0.08916471,0.4828522,-0.0897844,0.07314262,0.03428549,-0.35632893,-0.40189812
0.39333427,0.009648467,0.26203206,-0.15225166,0.09877543,0.4039071,-0.43700963,-0.15909493,0.24504888,0.3970704,0.38503787,0.46065414,0.49582666,0.39767128,0.44398063,-0.022766806,0.4937115,-0.0639664,0.3654878,0.08943661,0.29624665,0.42596692,0.72178996,0.34110263,0.08904662,0.64796937,0.68424284,0.0,0.577736,0.6795587,-0.22886194,-0.15020262,0.30841354,0.47816145,0.37401322,0.068848155,0.2602093,-0.24475464,-0.07209418,-0.16399933,-0.20649888,0.00055344333,0.19344097,0.31514946,0.038063698,0.051508516,0.12196337,0.052423004,0.23579706,-0.012464664,0.3717217,0.20676574,-0.08032519,-0.037772465,0.3787682,0.34772947,-0.13685793,0.11133694,0.32116115,0.28844723,0.38527906,0.47301674,0.46556792,0.42519063,0.44856256,0.42358664,-0.27183717,0.5088195,0.55497384,-0.04504735,0.3120148,0.5069092,0.6480642,0.1012494,0.4216343,0.6613786,0.45278412,0.6035618,-0.19085157,-0.27556324,0.3546229,-0.09098417,0.13374832,0.5673136,0.5711665,0.5739513,0.26613715,0.944078,0.12828803,-0.2202492,0.119535156,0.11285398,-0.23109214,0.23760638,0.42062527,0.18447681,0.20443325,0.34661922,0.22126697,0.011041578
0.6658757,0.07183607,0.7655579,-0.25997466,0.32860014,0.8171326,-0.05160658,-0.0020258417,0.7362579,0.85071605,0.6952767,0.8295696,0.7571627,0.8976052,0.8618448,0.14453849,0.72777283,0.084868014,0.8660306,0.54434335,0.86026937,0.37493423,0.7437457,0.56880933,0.18894106,0.4104535,0.22962281,0.577736,0.0,0.76354134,-0.74009544,-0.16636282,0.06275331,0.20998357,0.13452774,0.09294562,-0.053964168,-0.51821774,0.06095732,0.12765543,-0.5544147,-0.4179466,-0.36258698,-0.21819304,-0.63067865,-0.5637192,-0.53260875,-0.36961347,0.24242319,-0.1736833,0.7365742,0.22795163,0.16358227,-0.21349059,0.66508263,0.73496014,-0.06391145,0.46158448,0.7397905,0.67718184,0.67012465,0.6633428,0.81805265,0.9084944,0.8542938,0.84281963,0.29648203,0.79803437,0.6692221,0.074361406,0.868666,0.55520344,0.6849043,0.6028059,0.708872,0.6113129,0.9568644,0.87405205,-0.69771725,-0.40931034,0.39156026,-0.31041613,-0.4776018,0.5072669,0.40880188,0.010101467,0.051816024,0.5252327,0.1342568,-0.34729332,-0.11547574,0.26480728,-0.14008297,-0.29314986,-0.09648074,-0.26037234,-0.31545466,-0.08683211,0.3191519,-0.09098834
0.5143458,0.17521141,0.5073777,0.0039601414,0.30720553,0.5174132,-0.1276053,0.0986152,0.4047066,0.721769,0.33309636,0.5921486,0.6036369,0.5987195,0.63903207,0.34953836,0.7331411,0.19203907,0.66308516,0.14312309,0.58151495,0.6292995,0.9053903,0.716975,-0.059179433,0.5436475,0.6680596,0.6795587,0.76354134,0.0,-0.6044611,-0.23457052,0.24141255,0.44127938,0.5139256,-0.26152724,-0.17337535,-0.37309223,0.36965263,0.3759371,-0.58702296,-0.40461287,0.05530606,-0.19533205,-0.33030912,-0.33341348,-0.2796392,-0.40274623,-0.10887043,-0.40137428,0.45568848,0.35640484,0.2902246,-0.005732205,0.33935368,0.3181405,0.12741676,0.33468428,0.50954473,0.38878894,0.4951091,0.5120384,0.7044668,0.7133356,0.6726076,0.64305955,0.014298369,0.7758183,0.64721805,0.21527393,0.68899196,0.7155607,0.8302074,0.5868338,0.7011763,0.61368227,0.7047081,0.8677587,-0.5758936,-0.34146786,0.6112734,-0.52408767,-0.3795943,0.7152382,0.722427,0.35752097,-0.15252614,0.6188586,-0.2181417,-0.51876736,-0.2840123,0.37765765,0.07841538,-0.22718294,0.13954881,-0.31062964,-0.23497233,-0.15575653,-0.07833956,-0.37077183
-0.4812647,-0.3741009,-0.7539705,-0.14920846,-0.5074621,-0.6715439,-0.18588711,-0.38628036,-0.5861565,-0.73221546,-0.4352897,-0.63589245,-0.57505053,-0.6274339,-0.55529934,-0.5340785,-0.74677104,-0.4529489,-0.76265675,-0.33214864,-0.6744161,-0.56827575,-0.64261353,-0.73663944,0.008152398,-0.31570023,-0.14921726,-0.22886194,-0.74009544,-0.6044611,0.0,0.31154737,0.13657124,-0.3284628,-0.33371878,0.3129968,0.5404602,0.74238795,-0.17868036,-0.3008269,0.8285602,0.696156,0.39394027,0.6664798,0.8148439,0.8683155,0.8325279,0.76900434,0.2287189,0.5773367,-0.5383004,-0.42970493,-0.48113984,-0.09572247,-0.4453452,-0.42906147,-0.34763226,-0.5666203,-0.5249745,-0.4294001,-0.47547078,-0.44340193,-0.64171666,-0.71931165,-0.5684203,-0.5424622,-0.31161332,-0.71514857,-0.63823336,-0.44362304,-0.7977998,-0.63426745,-0.64256203,-0.5990352,-0.721571,-0.44579297,-0.77660316,-0.7004184,0.9820981,0.43532583,-0.5123058,0.6578465,0.81635946,-0.5611219,-0.48634365,0.12445249,0.4313328,-0.13397957,0.2967141,0.6686289,0.57424533,-0.17716922,0.14907758,0.7148375,0.36339414,0.71115124,0.7615842,0.53219,0.1282755,0.5092284
-0.030494785,-0.31900027,-0.20505214,-0.27839872,-0.38892034,-0.18574092,-0.16565256,-0.31509095,-0.14370167,-0.17819157,0.016355151,-0.074349806,-0.07013863,-0.05155949,-0.06765587,-0.32249606,-0.16624585,-0.3006654,-0.092037305,-0.07018028,-0.051369864,-0.27369386,-0.2809054,-0.22665028,0.23210205,-0.10986379,-0.22627798,-0.15020262,-0.16636282,-0.23457052,0.31154737,0.0,0.02713089,-0.31677768,-0.23825905,0.17167434,0.2356702,0.3275517,-0.15559302,-0.16639893,0.27609628,0.3490211,0.059170157,0.19061115,0.17066391,0.23382926,0.17412253,0.24101183,0.17124557,0.27900696,-0.09931086,-0.36064947,-0.29521543,-0.21842177,-0.16545416,-0.02649673,-0.26676503,-0.2933615,-0.039481,0.06986858,-0.010640538,0.009099015,-0.07929411,-0.10129431,-0.020196246,-0.05703116,-0.033282228,-0.1269487,-0.1874462,-0.2923559,-0.17752016,-0.21055292,-0.28309265,-0.116045356,-0.14972085,-0.08066288,-0.1378336,-0.18919645,0.30396956,0.56336015,-0.20271417,0.26593408,0.24701783,-0.21092612,-0.3319105,-0.123779334,0.22945894,-0.11780927,0.19784331,0.28746372,0.39552853,0.033574995,0.03915699,0.33168772,0.12370438,0.22379681,0.22038971,0.11519871,0.1460353,0.26494336
0.40976012,0.009825492,-0.10483165,0.10778345,-0.03822795,-0.012284621,0.1958309,0.06450457,-0.041089837,0.081784084,-0.15400438,-0.13432793,-0.2388078,0.013161127,0.1664304,0.055902187,-0.21139865,0.041522466,-0.041618858,-0.011644905,0.00018940443,-0.015036354,0.15410039,-0.12966613,-0.048502177,-0.09456332,0.2594915,0.30841354,0.06275331,0.24141255,0.13657124,0.02713089,0.0,0.17649843,0.057300955,0.020864489,0.15502639,0.28739476,0.33625323,0.16439104,0.1480138,-0.15240094,0.14946866,0.27703932,0.24240062,0.311264,0.2985958,0.2044278,0.11986498,0.044996023,0.24784091,0.123591475,0.13073373,0.02946801,3.398761e-05,-0.060332805,0.06191599,0.047162764,-0.08823734,-0.0986117,-0.21549895,-0.29910797,-0.18405145,-0.01036663,0.11276132,0.12778822,0.04991945,-0.14821695,-0.14644453,0.06271812,0.024942013,-0.14267893,0.12855278,-0.09668514,-0.25081652,-0.04422323,0.0137700895,0.026834333,0.14779693,-0.029413285,-0.23299381,0.03065301,0.17800608,-0.11721866,0.035041638,0.093867876,0.10628623,0.22064619,-0.017622609,-0.023519352,0.2601062,0.28737843,0.24549179,0.25000665,0.049356986,0.23553565,0.28366828,0.23074447,0.036628548,0.020664526
0.25096348,0.71400565,0.33447158,0.6044792,0.5607817,0.22670084,0.08454756,0.59663755,0.056888252,-0.017713033,-0.24824667,-0.10916971,0.018923467,-0.06611071,-0.04452805,0.6555122,0.28559607,0.6696132,0.12906867,-0.08493465,-0.08672711,0.75634646,0.6335611,0.35754558,-0.5803198,0.46638843,0.61338407,0.47816145,0.20998357,0.44127938,-0.3284628,-0.31677768,0.17649843,0.0,0.74034405,-0.3967234,-0.3550286,-0.52426815,0.09847977,-0.021193169,-0.49078232,-0.33867514,0.23858027,-0.22379415,-0.17677407,-0.2020073,-0.07302971,-0.38212729,-0.34262952,-0.5233322,0.21544611,0.76394516,0.46085057,0.61105204,0.1729585,-0.032276154,0.60053456,0.44682154,-0.29006284,-0.37603378,-0.26927936,-0.04866813,0.0619404,0.093897276,-0.031098178,-0.104069985,-0.30784503,0.22417796,0.598703,0.6800263,0.14697962,0.54340833,0.7180379,-0.06766768,0.14603361,0.12838097,0.15778041,0.19439697,-0.33086234,-0.43082684,0.38192707,-0.4880045,-0.26917922,0.5808326,0.717113,0.6130156,-0.3706767,0.38385224,-0.42166215,-0.6478082,-0.35426554,-0.21477273,-0.29267663,-0.20903984,0.08422,-0.342297,-0.2506828,-0.07486783,-0.35693723,-0.51177895
-0.0009502427,0.5769297,0.23968235,0.5608322,0.469209,0.11477179,-0.13013314,0.4828007,-0.025106411,0.043010086,-0.2675466,-0.02524347,0.116042204,-0.12959486,-0.14073834,0.6727398,0.48063546,0.55302066,0.16533738,-0.43748188,-0.10583834,0.9265206,0.63260645,0.6726212,-0.41319603,0.6652724,0.7395814,0.37401322,0.13452774,0.5139256,-0.33371878,-0.23825905,0.057300955,0.74034405,0.0,-0.68759996,-0.5220919,-0.42709532,0.30267644,0.2780081,-0.61818564,-0.18373153,0.5463734,-0.32756978,-0.058502153,-0.19170688,-0.1321891,-0.56537014,-0.69046307,-0.73092484,-0.09511155,0.6210542,0.44342643,0.57206315,-0.010816989,-0.17646302,0.58700067,0.31619832,-0.17996599,-0.28384775,-0.08854367,0.05100197,0.18407294,0.095284104,-0.04813923,-0.13776818,-0.43472424,0.38157454,0.5547095,0.58275455,0.1242488,0.7705625,0.67847997,0.20377268,0.4049699,0.32256585,0.11309525,0.30422458,-0.32735083,-0.13333787,0.72522205,-0.73225886,-0.28752297,0.79708326,0.8510933,0.6496373,-0.5881334,0.3094648,-0.68534034,-0.7372023,-0.53198045,0.016694348,-0.014744471,-0.1894476,0.35386917,-0.49842605,-0.35851246,-0.39782777,-0.6739009,-0.75178176
