0,1,2,3,4,5,6,7,8,9,10,11,12,13,14,15,16,17,18,19,20,21,22,23,24,25,26,27,28,29,30,31,32,33,34,35,36,37,38,39,40,41,42,43,44,45,46,47,48,49,50,51,52,53,54,55,56,57,58,59,60,61,62,63,64,65,66,67,68,69,70,71,72,73,74,75,76,77,78,79,80,81,82,83,84,85,86,87,88,89,90,91,92,93,94,95,96,97,98,99
0.0,0.85111153,0.8556963,0.85065794,0.8588494,0.7354064,0.80414206,0.8361818,0.5541722,0.34987625,-0.17421441,-0.62864894,-0.17583182,-0.15439919,0.26179925,0.8617817,-0.029089265,0.56125087,0.0020795944,-0.09567912,0.32746813,0.27408004,0.17068492,-0.6597278,-0.06178698,-0.7650786,-0.6286168,-0.60812277,-0.3675585,-0.41140172,0.17476584,0.29024598,0.65109223,0.3723044,-0.28343895,-0.68552595,-0.8054552,0.31340763,-0.044421036,-0.6285479,-0.5230218,-0.31661794,-0.48427635,-0.7639867,-0.47771835,-0.8447473,-0.17773911,-0.68025655,-0.46938318,-0.74621135,-0.14619337,0.8649066,0.47192752,0.5036208,0.6848332,0.80246806,0.8722125,0.7462886,-0.6059797,-0.21243927,-0.49218783,-0.25806847,-0.34680337,-0.09068775,0.35885498,0.1306857,0.5089546,0.57575977,0.67805916,0.83121026,0.45050868,0.7406502,0.49971062,-0.23715341,-0.029946655,-0.08445903,-0.1754039,-0.42367834,-0.56770194,0.05745164,0.30893737,-0.57768524,-0.042824302,0.76458806,-0.25738105,0.5390622,-0.65973324,-0.59509504,-0.034841284,-0.6553259,-0.7528429,-0.40099442,-0.21909986,0.0433134,-0.37515944,-0.70657724,-0.8471951,-0.4770956,0.22135201,-0.7533543
0.85111153,0.0,0.9771155,0.9279649,0.9647405,0.8428854,0.7868629,0.90487736,0.75254416,0.5077202,-0.23030882,-0.64774,-0.16133414,-0.06360497,0.42459953,0.8825098,-0.050433464,0.526076,-0.004071888,-0.13162115,0.4205905,0.2618322,0.10301629,-0.6887194,0.08620265,-0.6883435,-0.68611443,-0.5026346,-0.30203834,-0.15658066,0.13754955,0.29383615,0.6746208,0.2981307,-0.43683615,-0.6681619,-0.78714615,0.3961183,0.0068900953,-0.5208929,-0.65910465,-0.27942112,-0.5678264,-0.7656239,-0.45799497,-0.86865985,-0.30644333,-0.8254237,-0.6178743,-0.7784957,-0.26012665,0.9630315,0.46104357,0.55065906,0.84135365,0.89685076,0.9241029,0.89242303,-0.6048859,-0.17784864,-0.4395271,-0.2523078,-0.24359222,-0.016820103,0.45465222,0.24876541,0.50942546,0.7103062,0.82283944,0.92914605,0.5341496,0.88008344,0.6565561,-0.0917067,0.08524582,0.07614185,0.0024667636,-0.2429676,-0.5665563,0.034498703,0.49950844,-0.53990877,0.03958005,0.8743948,-0.123109095,0.67632216,-0.55877674,-0.49164286,0.04965551,-0.62774825,-0.83033556,-0.42382932,-0.12911892,0.15265603,-0.3091374,-0.6956186,-0.81797034,-0.42777643,0.1742281,-0.75067544
0.8556963,0.9771155,0.0,0.8920474,0.95775616,0.8685841,0.7914983,0.8813816,0.73906934,0.44674554,-0.22931601,-0.619032,-0.1764088,-0.08790918,0.38020703,0.86123747,-0.042285297,0.56878453,-0.0038666688,-0.122394584,0.37185958,0.27257827,0.122548126,-0.6538446,0.015409222,-0.6960861,-0.67767775,-0.52748597,-0.3209995,-0.2062619,0.086682774,0.2586219,0.6508929,0.33204094,-0.40630153,-0.6692676,-0.8072786,0.31477535,-0.015457433,-0.5424407,-0.6346985,-0.28713796,-0.5267299,-0.78585964,-0.45526078,-0.88972753,-0.2603684,-0.81953263,-0.5770557,-0.7875374,-0.22428443,0.96709526,0.4914513,0.5410031,0.84490186,0.916993,0.9367134,0.8765143,-0.6287205,-0.2424192,-0.5062347,-0.29602918,-0.30191788,-0.055247292,0.4330638,0.20625296,0.53051054,0.7144861,0.8303553,0.9472455,0.5121937,0.893615,0.6640334,-0.11993526,0.048193734,0.032215595,-0.039710946,-0.2872115,-0.5709127,0.015825454,0.48919284,-0.54633206,0.08175046,0.8759284,-0.13386355,0.6782059,-0.59368634,-0.5102719,0.03742927,-0.64159024,-0.79114753,-0.4212432,-0.15360889,0.1307163,-0.31550628,-0.70564014,-0.8211336,-0.42383853,0.20420696,-0.769711
0.85065794,0.9279649,0.8920474,0.0,0.8974283,0.73818135,0.7440093,0.8931819,0.7031275,0.5799444,-0.27195168,-0.7402999,-0.1926433,-0.044256445,0.47540712,0.9022763,-0.08078293,0.42460316,-0.034524504,-0.1296976,0.5146527,0.21170427,0.051351245,-0.7538786,0.18142505,-0.72109866,-0.6843857,-0.45341146,-0.25196102,-0.11042338,0.25293353,0.3734745,0.70571303,0.23052813,-0.44489685,-0.6514361,-0.7564784,0.49531844,-0.02547127,-0.5512333,-0.6936551,-0.32479867,-0.6427993,-0.7206822,-0.48448578,-0.8218679,-0.36747926,-0.79816484,-0.6761776,-0.74159145,-0.25821072,0.9120522,0.44290927,0.54080313,0.786798,0.82515585,0.87019616,0.8595803,-0.5131762,-0.04262835,-0.30649537,-0.16548638,-0.13140875,0.089121975,0.5259569,0.35093993,0.51167303,0.705673,0.8007026,0.8730606,0.57867014,0.84412783,0.6513166,-0.030191967,0.18897216,0.16920666,0.06381062,-0.16050014,-0.52535224,0.071437374,0.5166029,-0.4889533,0.003942228,0.871679,-0.0959145,0.6909548,-0.5251114,-0.43363407,0.07670131,-0.570426,-0.8435993,-0.36915702,-0.052193027,0.22574112,-0.25592256,-0.65627176,-0.80806774,-0.401688,0.120121196,-0.7023658
0.8588494,0.9647405,0.95775616,0.8974283,0.0,0.8784137,0.77802944,0.87858576,0.7715685,0.47134462,-0.24898672,-0.6378106,-0.1833871,-0.15701637,0.32155573,0.85917926,-0.04507579,0.5492067,-0.038216665,-0.106599584,0.37072933,0.241291,0.089457914,-0.632354,0.04373184,-0.6990554,-0.6871303,-0.5200248,-0.29245034,-0.23614992,0.115587585,0.32703742,0.6347361,0.31832385,-0.4280914,-0.6373118,-0.80408037,0.32056355,-0.0314437,-0.52227557,-0.6512168,-0.32026288,-0.57375365,-0.77255017,-0.4977227,-0.9161222,-0.30002722,-0.8172298,-0.56646043,-0.7679094,-0.18815148,0.93583167,0.5072643,0.6139594,0.8601332,0.9005464,0.9142401,0.9045203,-0.58583415,-0.2249775,-0.46775547,-0.26536885,-0.30151817,-0.06290906,0.41724116,0.16879214,0.5455888,0.68809474,0.79684716,0.9112547,0.5186959,0.8505539,0.6224521,-0.1079513,0.07656795,0.047059167,-0.038277857,-0.31230783,-0.56855416,0.08128594,0.48472694,-0.5259818,0.018715817,0.8305933,-0.13434947,0.61208546,-0.60026515,-0.5140371,0.07195942,-0.62049884,-0.7935504,-0.38488084,-0.14577678,0.14710386,-0.32184532,-0.6954895,-0.8366323,-0.4123275,0.23231967,-0.7436242
0.7354064,0.8428854,0.8685841,0.73818135,0.8784137,0.0,0.5903872,0.6466099,0.8435496,0.40191635,-0.44035694,-0.65488195,-0.3488263,-0.22497138,0.29733786,0.71128803,-0.09890051,0.48862913,-0.1825227,0.11253501,0.4205329,0.11349929,-0.028133018,-0.55212533,-0.026828356,-0.69538736,-0.49093074,-0.28638953,-0.028014803,-0.11110294,-0.049362447,0.20598976,0.45747837,0.23326829,-0.43821934,-0.360269,-0.6044238,0.113420665,-0.22722758,-0.48937693,-0.66797274,-0.45499063,-0.58512133,-0.5727388,-0.4547148,-0.82730985,-0.3412375,-0.77787876,-0.36214283,-0.5248492,-0.13172916,0.8417552,0.5300947,0.5930245,0.9313575,0.9425592,0.773713,0.88862395,-0.37867585,-0.0828469,-0.3541437,-0.2267775,-0.20418054,0.10123292,0.5500876,0.26156363,0.69207126,0.7768784,0.84065765,0.8970562,0.6412602,0.82455695,0.7394557,0.12566398,0.2519619,0.20789933,0.1469487,-0.15922438,-0.3412325,-0.04611787,0.6347248,-0.27359635,0.24355267,0.8049847,0.103662975,0.6729104,-0.39525634,-0.281342,0.3276907,-0.3601126,-0.5813099,-0.17809671,0.08936289,0.30029857,-0.03468392,-0.45452216,-0.62457955,-0.12428328,0.44611242,-0.51359844
0.80414206,0.7868629,0.7914983,0.7440093,0.77802944,0.5903872,0.0,0.81772166,0.43679777,0.3559638,0.1768822,-0.3189153,0.26698175,0.21964844,0.38701984,0.8916458,0.4029533,0.8290018,0.44851893,0.004558217,0.3235817,0.673818,0.5794668,-0.3494456,-0.07128635,-0.5692895,-0.49537957,-0.75407225,-0.43940207,-0.48922497,-0.010859938,0.011042163,0.8516968,0.7220346,0.09175306,-0.7854757,-0.7983817,0.40657046,0.36156994,-0.2958461,-0.17133577,-0.09061817,-0.1528288,-0.8691423,-0.24447966,-0.7344389,0.1994546,-0.43059745,-0.3753425,-0.78092676,-0.37521178,0.7569176,0.22555408,0.17162575,0.48341882,0.62897474,0.78453,0.59059674,-0.87957317,-0.39531207,-0.6083777,-0.18897267,-0.4083522,-0.22034164,0.21883044,0.042897973,0.19754292,0.37537336,0.4908298,0.7219337,0.35055736,0.590303,0.25424066,-0.48174107,-0.32593197,-0.40994653,-0.24698651,-0.5623704,-0.87081784,-0.1706949,0.025773214,-0.8369827,-0.30876416,0.61862665,-0.61528695,0.34488302,-0.69390994,-0.795989,-0.24517101,-0.8838618,-0.7770332,-0.7447537,-0.48944318,-0.37988418,-0.66856617,-0.8906753,-0.8905119,-0.80061454,0.10118248,-0.8320533
0.8361818,0.90487736,0.8813816,0.8931819,0.87858576,0.6466099,0.81772166,0.0,0.5750874,0.49826375,0.011161335,-0.5250599,-0.0067415927,-0.04129545,0.31454182,0.84567803,-0.0005057986,0.5133853,0.14103685,-0.33012652,0.24119034,0.33969894,0.20742576,-0.6296375,0.15710023,-0.57267517,-0.70477134,-0.62105215,-0.5188997,-0.2841052,0.2929979,0.33852187,0.72417766,0.3370152,-0.3336229,-0.80464077,-0.835911,0.49323854,0.18921089,-0.4710329,-0.5140993,-0.070354596,-0.41151315,-0.80274874,-0.33920103,-0.80923384,-0.16538037,-0.70906043,-0.6776988,-0.8663151,-0.2663047,0.8660497,0.34035924,0.4758312,0.65758777,0.7130824,0.8843406,0.7572687,-0.7107941,-0.340788,-0.5466717,-0.33598408,-0.39092985,-0.23908648,0.21902063,0.054071035,0.27399287,0.49376723,0.63900083,0.778882,0.30213043,0.75671834,0.45201048,-0.32643068,-0.13127588,-0.09856473,-0.21316175,-0.38304067,-0.6545806,0.11515133,0.2894313,-0.65986496,-0.08957714,0.7683757,-0.30508074,0.52004665,-0.6468146,-0.6136883,-0.16366987,-0.7676553,-0.8780434,-0.5597404,-0.36127558,-0.005880652,-0.52721137,-0.7845665,-0.8677385,-0.61864084,-0.024779074,-0.8281391
0.5541722,0.75254416,0.73906934,0.7031275,0.7715685,0.8435496,0.43679777,0.5750874,0.0,0.64307797,-0.4732209,-0.6895849,-0.3142652,-0.17405637,0.37643263,0.63439196,-0.11057111,0.29428163,-0.16745253,0.14397041,0.513572,0.055562112,-0.15734409,-0.5161585,0.29478225,-0.5526858,-0.39187807,-0.040907096,0.18391137,0.11046566,0.1202024,0.23565364,0.44478357,0.08509585,-0.5115638,-0.16390885,-0.3840452,0.30420068,-0.12343341,-0.24168614,-0.6932872,-0.32837814,-0.629562,-0.3777896,-0.31813788,-0.6765704,-0.4414781,-0.75248516,-0.35059783,-0.34682032,-0.27108732,0.69876075,0.32637364,0.55061144,0.8983291,0.7952582,0.59619886,0.9188782,-0.19743638,0.114770494,-0.120546706,-0.15664874,-0.03991755,0.21999168,0.60898983,0.3602257,0.59546465,0.7301599,0.8001534,0.7796159,0.68333375,0.74572855,0.71548647,0.34329197,0.41729832,0.42231408,0.34199804,0.038715895,-0.17676449,-0.034644544,0.75164527,-0.08202861,0.25957164,0.75951284,0.25075167,0.68530476,-0.12012257,-0.0711643,0.5273102,-0.1716029,-0.59656894,-0.11153295,0.24639896,0.43842545,0.097795404,-0.29359218,-0.48444876,-0.019583995,0.44203964,-0.29354158
0.34987625,0.5077202,0.44674554,0.5799444,0.47134462,0.40191635,0.3559638,0.49826375,0.64307797,0.0,-0.13283901,-0.5481388,-0.024611712,0.20152102,0.53826195,0.561344,0.06812988,0.1316657,0.19037983,0.050913077,0.5325915,0.26852456,0.060741324,-0.40596038,0.74952304,-0.24356414,-0.09418867,0.12670434,0.17309791,0.28798744,0.41208273,0.015880557,0.62133706,0.079555996,-0.23428588,-0.13745235,-0.16140945,0.6794792,0.2607833,0.022997294,-0.38182104,0.11490482,-0.3495775,-0.17545053,0.13330841,-0.2923837,-0.19598877,-0.37710318,-0.36379868,-0.22263528,-0.5978669,0.40886652,-0.2010006,0.12520033,0.5280822,0.3947642,0.2869664,0.6008393,-0.20940036,0.23685874,0.020359254,-0.12975739,0.09128345,0.19313662,0.45369,0.38369593,0.09972962,0.3651272,0.45756215,0.4474678,0.47709358,0.4440314,0.4218539,0.21259618,0.25275296,0.3932108,0.38477486,0.19536692,-0.1605191,-0.21346813,0.4835786,-0.1392393,0.11357775,0.57102805,0.14012885,0.5446639,0.08173191,0.05234335,0.36371192,-0.16590162,-0.70368654,-0.34890652,0.10917351,0.26145783,-0.027304335,-0.18790787,-0.337271,-0.17529364,0.13790514,-0.15435778
-0.17421441,-0.23030882,-0.22931601,-0.27195168,-0.24898672,-0.44035694,0.1768822,0.011161335,-0.4732209,-0.13283901,0.0,0.646016,0.7402096,0.3995252,-0.13321148,-0.111897245,0.46433157,0.22982243,0.68898356,-0.2532209,-0.4290372,0.5218167,0.5944763,0.4483102,-0.009955882,0.48246917,0.1742212,-0.32593554,-0.45291635,-0.32434952,0.037668765,-0.3301387,0.17452699,0.38569075,0.5758218,-0.276612,-0.0077949646,0.19486849,0.74555844,0.4341814,0.6741967,0.69632155,0.7003125,-0.09200875,0.47957984,0.2560594,0.6832636,0.50801766,0.15288618,-0.123640575,-0.24666128,-0.2826543,-0.4876388,-0.5065681,-0.5454975,-0.45769477,-0.17689297,-0.434595,-0.42277437,-0.49227217,-0.31834966,-0.13626158,-0.35367313,-0.5766999,-0.6694358,-0.5037076,-0.7175546,-0.6700643,-0.57789767,-0.38538975,-0.6079958,-0.4223053,-0.66586477,-0.66122556,-0.77845645,-0.7024303,-0.47577363,-0.40386814,-0.3682598,-0.10762338,-0.75340724,-0.4475608,-0.46289748,-0.3962277,-0.6609679,-0.522885,-0.14755349,-0.39242572,-0.6127287,-0.40325636,-0.03502158,-0.57418895,-0.6946142,-0.77249837,-0.64928615,-0.27308688,-0.06498843,-0.5907664,-0.36446926,-0.15953122
-0.62864894,-0.64774,-0.619032,-0.7402999,-0.6378106,-0.65488195,-0.3189153,-0.5250599,-0.6895849,-0.5481388,0.646016,0.0,0.5898152,0.28035542,-0.34794265,-0.6073586,0.3577439,-0.077806234,0.40102386,-0.047975242,-0.5590834,0.17820007,0.3151228,0.7958547,-0.2600407,0.73940927,0.45116085,0.008818572,-0.13608995,-0.11291745,-0.31786707,-0.37399775,-0.3607658,0.13249417,0.6001561,0.17084418,0.3620006,-0.2919336,0.37881324,0.5267387,0.7891151,0.46261957,0.77034426,0.2750001,0.43729824,0.57609504,0.5967923,0.7436673,0.4287448,0.3029001,0.08322852,-0.6604348,-0.38690162,-0.55741274,-0.75710595,-0.71486926,-0.56642234,-0.77150047,0.04305766,-0.3261163,0.0033554977,0.12596029,-0.08703976,-0.35930172,-0.6996607,-0.48241588,-0.6558491,-0.7452796,-0.787827,-0.71767104,-0.70050085,-0.71785295,-0.76562744,-0.36035043,-0.5349553,-0.5457168,-0.28092209,-0.11938225,0.005029697,-0.060083415,-0.74878514,-0.014930161,-0.3299279,-0.7751293,-0.3457111,-0.75233656,0.1367196,-0.017702281,-0.48516437,0.06368356,0.544281,-0.092866786,-0.36708093,-0.6363525,-0.24086204,0.16791071,0.40982825,-0.09569276,-0.33810768,0.2512324
-0.17583182,-0.16133414,-0.1764088,-0.1926433,-0.1833871,-0.3488263,0.26698175,-0.0067415927,-0.3142652,-0.024611712,0.7402096,0.5898152,0.0,0.6278745,0.14015065,0.01695558,0.7206921,0.36732182,0.8220034,0.080891564,-0.08310162,0.6586265,0.69335455,0.5113272,-0.025741264,0.37593377,0.19772421,-0.30067953,-0.23254523,-0.21342854,-0.16480131,-0.3798517,0.2950855,0.56133103,0.65602815,-0.22178094,-0.011667728,0.26093236,0.7627795,0.53143346,0.666239,0.47386676,0.56536317,-0.16368578,0.37416467,0.2078939,0.64267206,0.50885946,0.170474,-0.077588886,-0.39973944,-0.23169006,-0.444293,-0.55307025,-0.44840622,-0.37179562,-0.17078643,-0.3477509,-0.41413736,-0.29521233,-0.12789015,0.17685424,-0.094657294,-0.2721156,-0.36416015,-0.2259135,-0.61502475,-0.4639159,-0.45241308,-0.27409503,-0.30051836,-0.36137494,-0.59252906,-0.50942475,-0.5759867,-0.6278781,-0.21124128,-0.2886675,-0.5045472,-0.25377777,-0.65613204,-0.48505223,-0.6157715,-0.34708264,-0.7061406,-0.46347386,-0.11600655,-0.39982507,-0.4920409,-0.3960312,-0.053639606,-0.58452666,-0.53685373,-0.8147533,-0.58539873,-0.31935862,-0.11451088,-0.6046133,-0.2661722,-0.14346468
-0.15439919,-0.06360497,-0.08790918,-0.044256445,-0.15701637,-0.22497138,0.21964844,-0.04129545,-0.17405637,0.20152102,0.3995252,0.28035542,0.6278745,0.0,0.64333725,0.14369304,0.6502861,0.25289476,0.7170786,0.29261154,0.37560326,0.6027846,0.6080905,0.27049705,0.100382596,0.22341153,0.35080177,0.022031236,0.101414196,0.22837828,-0.24019872,-0.6117122,0.3994814,0.42946255,0.5336231,-0.114894085,0.11724148,0.32608658,0.52584213,0.3714308,0.4200441,0.2562507,0.3499019,-0.052547257,0.3930265,0.25792685,0.44543973,0.41245154,0.053394314,0.029168328,-0.66675127,-0.11747702,-0.49179304,-0.6748177,-0.25113225,-0.19248086,-0.1687301,-0.21967058,-0.2780959,0.12358825,0.12897198,0.34403938,0.3226112,0.2315509,0.12791634,0.34509245,-0.38408104,-0.13431223,-0.15106612,-0.08398565,0.10456308,-0.14405532,-0.1642908,-0.13391076,-0.1994422,-0.2253961,0.26883426,0.2011593,-0.3434836,-0.61789584,-0.28263247,-0.3100613,-0.2829602,-0.062022142,-0.34021103,0.017351538,0.11185399,-0.0460371,-0.22319137,-0.1918243,-0.13478817,-0.5316737,-0.13131309,-0.49688107,-0.20953056,-0.13010499,0.015831513,-0.3203828,-0.19182318,-0.01843965
0.26179925,0.42459953,0.38020703,0.47540712,0.32155573,0.29733786,0.38701984,0.31454182,0.37643263,0.53826195,-0.13321148,-0.34794265,0.14015065,0.64333725,0.0,0.52500576,0.2875166,0.24504425,0.29140997,0.32642624,0.7957826,0.34849995,0.24586098,-0.29457477,0.23600179,-0.26652125,-0.05489132,0.044105668,0.23184241,0.3957162,-0.11090181,-0.2535969,0.5519743,0.23954473,-0.016241245,-0.18856055,-0.14341427,0.47322112,0.14259644,-0.037354577,-0.23508643,-0.18880796,-0.29768986,-0.24650784,-0.028471954,-0.1872641,-0.10591377,-0.19509965,-0.2882091,-0.17706987,-0.672381,0.39111847,-0.074460514,-0.15590672,0.3515704,0.37870488,0.26708502,0.37072578,-0.21811213,0.37766936,0.19556358,0.30329305,0.45982292,0.5679289,0.6755119,0.77375895,0.20740873,0.48297158,0.48114493,0.45952222,0.6355941,0.41673797,0.45651385,0.2562842,0.3027337,0.2533347,0.5628288,0.36306885,-0.29749057,-0.4797412,0.3458038,-0.209151,0.016872928,0.50430334,0.0064888834,0.5989097,0.033923823,0.011073209,0.17794544,-0.16369127,-0.4539655,-0.35207337,0.24391915,0.052539926,0.06287777,-0.2269411,-0.25896928,-0.14837973,0.0724245,-0.17330454
0.8617817,0.8825098,0.86123747,0.9022763,0.85917926,0.71128803,0.8916458,0.84567803,0.63439196,0.561344,-0.111897245,-0.6073586,0.01695558,0.14369304,0.52500576,0.0,0.20492473,0.65108037,0.22766471,0.06253092,0.5601189,0.49123764,0.3348349,-0.5802886,0.10511477,-0.70255786,-0.54227436,-0.54629445,-0.23038886,-0.25822267,0.114562914,0.13935466,0.87134606,0.50689703,-0.16026558,-0.6681528,-0.7440839,0.50416577,0.16681537,-0.40195146,-0.44784364,-0.2563699,-0.4337772,-0.7778841,-0.340254,-0.77987677,-0.09395641,-0.61439425,-0.4932131,-0.7152867,-0.39161423,0.8600682,0.29814398,0.31740513,0.68376,0.77476686,0.818914,0.7774876,-0.6812427,-0.10353643,-0.39824638,-0.13264787,-0.1987401,0.0414102,0.49132454,0.30632463,0.40943658,0.6011562,0.6995597,0.84472877,0.5929647,0.7407707,0.5008952,-0.1791907,0.010075585,-0.052861225,0.007445151,-0.3060269,-0.68694985,-0.12891579,0.32937878,-0.6499583,-0.15922551,0.7924332,-0.32524806,0.5832161,-0.5601101,-0.5737038,0.022913732,-0.69107723,-0.8530888,-0.5625187,-0.1950671,-0.04024394,-0.40778175,-0.75349957,-0.8561036,-0.58280504,0.19608575,-0.73034114
-0.029089265,-0.050433464,-0.042285297,-0.08078293,-0.04507579,-0.09890051,0.4029533,-0.0005057986,-0.11057111,0.06812988,0.46433157,0.3577439,0.7206921,0.6502861,0.2875166,0.20492473,0.0,0.62010753,0.8347112,0.4190849,0.19785911,0.8311036,0.82971185,0.5042916,-0.08963188,0.09494755,0.3324499,-0.24839438,-0.0014580974,-0.25504065,-0.36015207,-0.577396,0.46057302,0.81354165,0.78584677,-0.17143482,-0.07862464,0.11756868,0.57841605,0.40524703,0.59597,0.20114054,0.51457334,-0.25642025,0.32374382,0.04403542,0.7371111,0.4441866,0.2389947,-0.06815456,-0.44519243,-0.11176515,-0.34410426,-0.54166764,-0.23272222,-0.16190627,-0.08482738,-0.17143251,-0.46168748,-0.22952361,-0.19586994,0.21132708,-0.0810509,-0.090424016,-0.040255435,-0.029167961,-0.33371434,-0.19685213,-0.20872648,-0.049898744,0.049755644,-0.16660756,-0.31895697,-0.38379598,-0.40872908,-0.541318,-0.043321118,-0.24296793,-0.5598703,-0.5326784,-0.41780066,-0.47530586,-0.47764748,-0.117183894,-0.6110431,-0.23237889,-0.1735111,-0.33800724,-0.2729704,-0.39228162,-0.08439615,-0.5839113,-0.41320917,-0.72454906,-0.45998186,-0.3359611,-0.19104388,-0.51666397,-0.043942828,-0.17302543
0.56125087,0.526076,0.56878453,0.42460316,0.5492067,0.48862913,0.8290018,0.5133853,0.29428163,0.1316657,0.22982243,-0.077806234,0.36732182,0.25289476,0.24504425,0.65108037,0.62010753,0.0,0.53911144,0.2427679,0.20978592,0.75001526,0.71503353,-0.012645433,-0.28402805,-0.4560208,-0.21811223,-0.65722114,-0.2961741,-0.59364283,-0.2845884,-0.24322441,0.65839344,0.9070833,0.37154362,-0.5614851,-0.61146826,0.103941366,0.35588333,-0.09763139,0.11124878,-0.081850655,0.11518564,-0.7257293,-0.10719011,-0.5713993,0.4583989,-0.16221774,-0.046492416,-0.5425561,-0.31553617,0.49443254,0.14097272,-0.02067128,0.3028573,0.45347658,0.5541752,0.37280554,-0.79171175,-0.4840724,-0.6380457,-0.11057591,-0.4517572,-0.24468955,0.1324345,-0.084823124,0.13970034,0.25126344,0.3176276,0.5415569,0.2764153,0.3937925,0.10615838,-0.49223405,-0.412999,-0.57397485,-0.27189717,-0.6090854,-0.7878448,-0.3453936,-0.1123236,-0.7080209,-0.27300993,0.40269792,-0.6420543,0.15959257,-0.5966197,-0.7112452,-0.22839516,-0.745471,-0.4684019,-0.6583394,-0.49678808,-0.5344163,-0.59714127,-0.7326714,-0.68156624,-0.68000543,0.20236716,-0.64181334
0.0020795944,-0.004071888,-0.0038666688,-0.034524504,-0.038216665,-0.1825227,0.44851893,0.14103685,-0.16745253,0.19037983,0.68898356,0.40102386,0.8220034,0.7170786,0.29140997,0.22766471,0.8347112,0.53911144,0.0,0.13556263,0.034996472,0.8751776,0.8709173,0.40275565,0.09207389,0.22761095,0.26673254,-0.2947735,-0.21340011,-0.23426497,-0.11804774,-0.5692366,0.55775535,0.72480077,0.7190703,-0.3235136,-0.10542977,0.33006498,0.81982934,0.44373056,0.61572844,0.5091456,0.59859884,-0.26252627,0.50464815,0.097663745,0.763858,0.43274704,0.09353814,-0.18763934,-0.58478045,-0.08839487,-0.54186445,-0.6114824,-0.28933772,-0.22359912,-0.0570653,-0.1930609,-0.5995064,-0.34946486,-0.31041744,0.023517543,-0.19182357,-0.28964183,-0.2316757,-0.15894143,-0.5825932,-0.35397777,-0.29246184,-0.10179904,-0.15030374,-0.18360488,-0.39979503,-0.56088126,-0.6219818,-0.6189535,-0.18309571,-0.29053235,-0.5992746,-0.48938823,-0.5293588,-0.59693974,-0.46903816,-0.11587279,-0.68822986,-0.23663986,-0.16372254,-0.40311325,-0.43840134,-0.52828777,-0.26915076,-0.79349446,-0.604804,-0.7947648,-0.64270175,-0.404017,-0.22896552,-0.68515086,-0.20788163,-0.25754184
-0.09567912,-0.13162115,-0.122394584,-0.1296976,-0.106599584,0.11253501,0.004558217,-0.33012652,0.14397041,0.050913077,-0.2532209,-0.047975242,0.080891564,0.29261154,0.32642624,0.06253092,0.4190849,0.2427679,0.13556263,0.0,0.56319785,0.17999004,0.18024501,0.22938386,-0.16656183,-0.1911642,0.40405047,0.25723365,0.6884111,0.057125926,-0.4406095,-0.42025158,0.06221662,0.2998091,0.35514736,0.45450953,0.32584357,-0.10117964,-0.0768101,0.3058088,0.19367963,-0.39128864,-0.023316301,0.20229968,0.03710702,0.114494205,0.14209284,0.24984956,0.5684991,0.4538697,-0.22496587,-0.14206067,-0.09595051,-0.29850015,0.018521983,0.059985045,-0.22330241,0.011125636,0.20581366,0.48210847,0.35244277,0.49185002,0.38947758,0.5818751,0.5299848,0.43926755,0.28595155,0.17221306,0.060482174,0.056835797,0.5721059,-0.113027014,0.04525984,0.38833758,0.30744627,0.0976623,0.49528292,0.13565081,0.06703009,-0.50678015,0.08221959,0.22403528,-0.031853836,-0.052908823,0.02404961,0.05013563,0.32669184,0.1697957,0.50920033,0.29906753,0.206841,0.107166484,0.42568153,-0.045826495,0.36019683,0.2061658,0.15759914,0.19931535,0.6006845,0.36810464
0.32746813,0.4205905,0.37185958,0.5146527,0.37072933,0.4205329,0.3235817,0.24119034,0.513572,0.5325915,-0.4290372,-0.5590834,-0.08310162,0.37560326,0.7957826,0.5601189,0.19785911,0.20978592,0.034996472,0.56319785,0.0,0.17271268,0.045784194,-0.37031695,0.19514793,-0.50456345,-0.106009975,0.1048908,0.47370434,0.29348755,-0.08364429,-0.042434204,0.4666317,0.17014886,-0.11853158,0.0037522577,-0.10250552,0.39910534,-0.09525746,-0.10327277,-0.37127846,-0.4917382,-0.5414221,-0.17548111,-0.2519379,-0.27530512,-0.29343936,-0.304037,-0.14953978,-0.033560842,-0.449957,0.41104695,0.11490533,0.04654539,0.46346143,0.4836167,0.26946378,0.4970645,0.0037203038,0.59629256,0.34743243,0.42681462,0.5286445,0.76316726,0.90651345,0.85533,0.5042816,0.6360324,0.5777655,0.522327,0.8989565,0.435317,0.5273581,0.48797724,0.58035195,0.42317408,0.6572739,0.33702788,-0.14154299,-0.34475008,0.5057103,-0.017141303,0.014735324,0.5145181,0.12356125,0.5849524,0.087228306,0.058970828,0.46284318,0.015786428,-0.36280203,-0.061922345,0.49166623,0.26058313,0.278009,-0.13056813,-0.2542668,0.02137769,0.353525,-0.046782825
0.27408004,0.2618322,0.27257827,0.21170427,0.241291,0.11349929,0.673818,0.33969894,0.055562112,0.26852456,0.5218167,0.17820007,0.6586265,0.6027846,0.34849995,0.49123764,0.8311036,0.75001526,0.8751776,0.17999004,0.17271268,0.0,0.87602025,0.24719465,0.028627079,-0.050135586,0.08735319,-0.44963828,-0.22920826,-0.36414737,-0.16816977,-0.48340166,0.7348693,0.86355096,0.62911546,-0.4798284,-0.34725577,0.31052643,0.70321137,0.22427946,0.4122839,0.29387197,0.41784406,-0.5078884,0.29585987,-0.19920214,0.7035558,0.17876966,-0.018906133,-0.3883823,-0.5270853,0.19402684,-0.28765768,-0.41776082,-0.0057878825,0.07247822,0.21574292,0.079546206,-0.7564763,-0.3984836,-0.47157758,-0.08667383,-0.3097466,-0.26678774,-0.040657986,-0.091617815,-0.3065825,-0.09695716,-0.009236013,0.20340632,0.058273092,0.08513636,-0.16494726,-0.54735756,-0.5340485,-0.57761633,-0.19204243,-0.3995649,-0.7356275,-0.49367905,-0.32560614,-0.7256793,-0.418364,0.1560466,-0.69310033,-0.024393598,-0.3763046,-0.54140127,-0.34530547,-0.6852973,-0.42990804,-0.83239484,-0.6062344,-0.7042817,-0.686174,-0.6026175,-0.471346,-0.7519944,-0.08543188,-0.4777451
0.17068492,0.10301629,0.122548126,0.051351245,0.089457914,-0.028133018,0.5794668,0.20742576,-0.15734409,0.060741324,0.5944763,0.3151228,0.69335455,0.6080905,0.24586098,0.3348349,0.82971185,0.71503353,0.8709173,0.18024501,0.045784194,0.87602025,0.0,0.34619546,-0.14572218,0.014966982,0.20572866,-0.44463557,-0.29093808,-0.415122,-0.2527579,-0.5673874,0.5723074,0.85999,0.7482674,-0.433149,-0.2779604,0.14755633,0.6146604,0.20109557,0.560553,0.28768268,0.5390072,-0.425378,0.3227271,-0.082327485,0.7987813,0.34816775,0.09921438,-0.30259392,-0.45920035,0.045110762,-0.31629872,-0.4818431,-0.18735605,-0.07393316,0.10503948,-0.11531253,-0.7077781,-0.43695453,-0.45101127,-0.023705652,-0.29144955,-0.299213,-0.17240436,-0.17685197,-0.37965602,-0.22801225,-0.17382936,0.05425402,-0.074467726,-0.06640353,-0.29519936,-0.65603536,-0.6454316,-0.72852784,-0.26359755,-0.4283136,-0.71498454,-0.5220933,-0.5050161,-0.6760443,-0.41651738,1.3760551e-05,-0.7357408,-0.1478272,-0.36578187,-0.5188771,-0.4828909,-0.6323295,-0.27256325,-0.7979849,-0.64599013,-0.83341956,-0.6687359,-0.5110085,-0.35798046,-0.69348246,-0.1217128,-0.40204915
-0.6597278,-0.6887194,-0.6538446,-0.7538786,-0.632354,-0.55212533,-0.3494456,-0.6296375,-0.5161585,-0.40596038,0.4483102,0.7958547,0.5113272,0.27049705,-0.29457477,-0.5802886,0.5042916,-0.012645433,0.40275565,0.22938386,-0.37031695,0.24719465,0.34619546,0.0,-0.18122876,0.62709296,0.6215838,0.17971177,0.13901015,-0.078928456,-0.4206705,-0.4829083,-0.3176093,0.22128943,0.693884,0.35017154,0.44988233,-0.385567,0.29565772,0.60452926,0.7855169,0.35150072,0.7556586,0.33860788,0.47285137,0.5521987,0.6465925,0.76445496,0.547192,0.44222185,0.04899805,-0.718031,-0.404344,-0.55009043,-0.6494581,-0.68010646,-0.64296764,-0.686471,0.14156519,-0.19848967,0.076336175,0.19283067,-0.023817345,-0.20365512,-0.48708996,-0.3606006,-0.53620476,-0.6110234,-0.6934933,-0.67681396,-0.46873116,-0.67715937,-0.635336,-0.18505642,-0.3433844,-0.3959819,-0.09126422,-0.019991586,0.07026727,-0.21868518,-0.55554444,0.119052954,-0.25403085,-0.70903546,-0.21533523,-0.6780456,0.2321024,0.13299555,-0.23169655,0.19290559,0.60516006,-0.008772619,-0.21411262,-0.5215962,-0.08384163,0.26449534,0.4522242,0.04139378,-0.17283873,0.36578637
-0.06178698,0.08620265,0.015409222,0.18142505,0.04373184,-0.026828356,-0.07128635,0.15710023,0.29478225,0.74952304,-0.009955882,-0.2600407,-0.025741264,0.100382596,0.23600179,0.10511477,-0.08963188,-0.28402805,0.09207389,-0.16656183,0.19514793,0.028627079,-0.14572218,-0.18122876,0.0,0.17223437,0.14002576,0.38952956,0.20977381,0.43624088,0.57311493,0.03202771,0.2745744,-0.2477498,-0.20994538,0.112010114,0.18287218,0.58448005,0.27269444,0.24384798,-0.18530577,0.38280767,-0.1139983,0.20735827,0.3720122,0.11140588,-0.17063268,-0.10116494,-0.25311604,0.06397744,-0.4049649,-0.0068518636,-0.43585777,-0.028857313,0.17485745,-0.038946554,-0.11773508,0.20980757,0.0870988,0.26978338,0.19827956,-0.17648093,0.13803881,0.07345212,0.113543585,0.16949193,-0.22981131,-0.005484837,0.063198574,-0.01769677,0.08348704,0.06519352,0.12684816,0.24621886,0.20361139,0.45453352,0.3129119,0.35660577,0.16843383,-0.048537374,0.2951407,0.12320354,0.11981183,0.16640088,0.2947037,0.23695746,0.34370703,0.3310693,0.30187404,0.12357182,-0.3555576,-0.1341953,0.12838817,0.3123592,0.08890469,0.14750606,0.054403998,0.03811488,-0.09441205,0.15873215
-0.7650786,-0.6883435,-0.6960861,-0.72109866,-0.6990554,-0.69538736,-0.5692895,-0.57267517,-0.5526858,-0.24356414,0.48246917,0.73940927,0.37593377,0.22341153,-0.26652125,-0.70255786,0.09494755,-0.4560208,0.22761095,-0.1911642,-0.50456345,-0.050135586,0.014966982,0.62709296,0.17223437,0.0,0.5399298,0.38962322,0.06392807,0.28757697,-0.021518912,-0.29684156,-0.4146794,-0.25018206,0.32396945,0.3638157,0.5920684,-0.12960705,0.31822023,0.5808955,0.572869,0.62197137,0.6224295,0.55277705,0.5885538,0.7423561,0.3223726,0.65029335,0.29930484,0.46081492,0.018654509,-0.7212612,-0.55844235,-0.508493,-0.65772104,-0.76274335,-0.7145739,-0.6970342,0.28608072,-0.052333534,0.24277252,0.036915965,0.10461318,-0.2273571,-0.6148781,-0.33299413,-0.7249404,-0.7395023,-0.7570012,-0.8039524,-0.6892845,-0.71160984,-0.6208103,-0.07239702,-0.2778499,-0.124750584,-0.03666701,0.2539803,0.32235575,-0.033703756,-0.47863325,0.24823304,-0.11808871,-0.73659855,0.035754703,-0.59138036,0.4564667,0.36422366,-0.24007806,0.32364503,0.48909864,0.05730199,-0.13226709,-0.2668415,0.010626521,0.44419554,0.62389046,0.15795004,-0.4080306,0.46841893
-0.6286168,-0.68611443,-0.67767775,-0.6843857,-0.6871303,-0.49093074,-0.49537957,-0.70477134,-0.39187807,-0.09418867,0.1742212,0.45116085,0.19772421,0.35080177,-0.05489132,-0.54227436,0.3324499,-0.21811223,0.26673254,0.40405047,-0.106009975,0.08735319,0.20572866,0.6215838,0.14002576,0.5399298,0.0,0.64180464,0.48281363,0.2997783,-0.16493496,-0.6810185,-0.27201784,-0.012739258,0.5467061,0.626513,0.73672694,-0.2592224,0.11890931,0.5512598,0.6114487,0.32498032,0.57165694,0.6729768,0.70627457,0.72745556,0.44316965,0.7746842,0.6018312,0.690225,-0.17285948,-0.74265915,-0.6678174,-0.6538279,-0.51435983,-0.6234419,-0.7986718,-0.5879892,0.35701168,0.2396777,0.33036774,0.16767178,0.2673138,0.15072581,-0.15926577,-0.040397316,-0.45516685,-0.50392437,-0.5678929,-0.62854415,-0.20170532,-0.6314889,-0.36419192,0.12563875,-0.068698436,-0.010615497,0.2679364,0.3547295,0.39981723,-0.5073378,-0.27982715,0.4120059,0.13349742,-0.5335973,0.16995353,-0.32312837,0.621056,0.5685962,0.15257156,0.49319294,0.48496968,0.092890546,0.11762245,-0.1692857,0.29799652,0.63660955,0.6878519,0.3573267,0.041647594,0.6658402
-0.60812277,-0.5026346,-0.52748597,-0.45341146,-0.5200248,-0.28638953,-0.75407225,-0.62105215,-0.040907096,0.12670434,-0.32593554,0.008818572,-0.30067953,0.022031236,0.044105668,-0.54629445,-0.24839438,-0.65722114,-0.2947735,0.25723365,0.1048908,-0.44963828,-0.44463557,0.17971177,0.38952956,0.38962322,0.64180464,0.0,0.71392256,0.7383427,0.077083334,-0.22037137,-0.46329713,-0.58136666,-0.1157126,0.80824214,0.79852176,-0.13258332,-0.27924997,0.34103778,0.011236575,0.062247027,-0.0031096404,0.83361876,0.39904314,0.60840243,-0.23979494,0.29621875,0.3045045,0.7575547,-0.034095854,-0.5337538,-0.3881252,-0.20541535,-0.13987511,-0.35195002,-0.6745328,-0.25761285,0.74926233,0.61940116,0.6693246,0.18970415,0.56147915,0.47869354,0.18236189,0.31019792,-0.078838654,-0.09243049,-0.17931984,-0.42134744,0.063696,-0.32375735,0.07670657,0.67767465,0.51855433,0.6476065,0.63330305,0.7880232,0.7804426,-0.19680102,0.30005902,0.7971695,0.48625332,-0.26211268,0.76090795,0.054086946,0.8540505,0.95605963,0.5603106,0.844519,0.4407985,0.521594,0.6458064,0.5127555,0.7643891,0.88150966,0.78267556,0.79025704,0.11895229,0.821262
-0.3675585,-0.30203834,-0.3209995,-0.25196102,-0.29245034,-0.028014803,-0.43940207,-0.5188997,0.18391137,0.17309791,-0.45291635,-0.13608995,-0.23254523,0.101414196,0.23184241,-0.23038886,-0.0014580974,-0.2961741,-0.21340011,0.6884111,0.47370434,-0.22920826,-0.29093808,0.13901015,0.20977381,0.06392807,0.48281363,0.71392256,0.0,0.48527527,-0.16047183,-0.22187224,-0.22826986,-0.24739501,0.0057033785,0.7762775,0.6388939,-0.070907325,-0.27982455,0.33544776,-0.01632742,-0.27622566,-0.15999295,0.58409846,0.14923649,0.36196217,-0.20542298,0.19870615,0.45468873,0.703117,-0.116557844,-0.310394,-0.17162895,-0.16499768,0.02490402,-0.077613525,-0.46243113,-0.02296185,0.6291053,0.7296957,0.67702734,0.40695554,0.5928947,0.6980274,0.5045896,0.5171574,0.26241505,0.13889758,0.029864918,-0.13846266,0.46561983,-0.18025753,0.15205507,0.75829303,0.63316804,0.5683293,0.7451846,0.5664197,0.5397351,-0.29973444,0.346075,0.65348893,0.25731906,-0.115351565,0.5226797,0.12458164,0.72004557,0.6378149,0.77607924,0.71197313,0.3568552,0.46289638,0.73306835,0.39374325,0.7169206,0.6129598,0.4987077,0.6173357,0.48351175,0.70395577
-0.41140172,-0.15658066,-0.2062619,-0.11042338,-0.23614992,-0.11110294,-0.48922497,-0.2841052,0.11046566,0.28798744,-0.32434952,-0.11291745,-0.21342854,0.22837828,0.3957162,-0.25822267,-0.25504065,-0.59364283,-0.23426497,0.057125926,0.29348755,-0.36414737,-0.415122,-0.078928456,0.43624088,0.28757697,0.2997783,0.7383427,0.48527527,0.0,0.06766794,-0.09511061,-0.22995624,-0.5654023,-0.3269124,0.43442667,0.47239712,0.10442803,-0.22063348,0.12783657,-0.25195834,-0.0029022458,-0.2447931,0.4966306,0.17314303,0.3748878,-0.42869255,0.016794508,-0.1390338,0.37926194,-0.23483253,-0.18525554,-0.22402802,-0.06860615,0.072844,-0.102927245,-0.33675367,-0.043914363,0.51876795,0.587178,0.64632845,0.26792407,0.71501845,0.5787349,0.33340532,0.5540718,-0.008209582,0.14798814,0.0901641,-0.14592578,0.18151633,-0.015820602,0.30084935,0.63746834,0.5799472,0.7049225,0.72013247,0.9230326,0.49790344,-0.15506712,0.43652406,0.508086,0.37531772,0.0076197237,0.68809783,0.30715972,0.58095455,0.7636131,0.34766284,0.5637068,0.1302494,0.32544404,0.603014,0.5177735,0.60355806,0.55917454,0.49516082,0.5805932,-0.11799338,0.46313015
0.17476584,0.13754955,0.086682774,0.25293353,0.115587585,-0.049362447,-0.010859938,0.2929979,0.1202024,0.41208273,0.037668765,-0.31786707,-0.16480131,-0.24019872,-0.11090181,0.114562914,-0.36015207,-0.2845884,-0.11804774,-0.4406095,-0.08364429,-0.16816977,-0.2527579,-0.4206705,0.57311493,-0.021518912,-0.16493496,0.077083334,-0.16047183,0.06766794,0.0,0.38478702,0.15640673,-0.31457737,-0.3443001,-0.07847423,-0.015782872,0.5056128,0.14578936,-0.038181346,-0.24192062,0.3151812,-0.18812986,0.0897654,0.14815676,-0.017149964,-0.2320324,-0.23009096,-0.28628305,-0.09366228,-0.05156579,0.100854814,-0.15060715,0.20285426,0.0989416,0.004886138,0.07391267,0.17281705,0.02348258,0.076891504,-0.014663025,-0.30751833,-0.12411792,-0.18433861,-0.09671957,-0.11765167,-0.16187079,-0.06523797,0.04181329,0.015610951,-0.12086518,0.08164867,0.030378722,-0.029688712,0.026184533,0.24380052,-0.13344914,-0.02382205,0.15041874,0.32367566,0.13276477,0.040421348,0.09808916,0.1625198,0.11909279,0.1231633,0.07630753,0.08041642,0.08568943,-0.013514786,-0.34849077,-0.017464578,-0.054417375,0.30099678,-0.071358174,0.029011283,-0.07996578,-0.0727602,-0.108000614,-0.013627396
0.29024598,0.29383615,0.2586219,0.3734745,0.32703742,0.20598976,0.011042163,0.33852187,0.23565364,0.015880557,-0.3301387,-0.37399775,-0.3798517,-0.6117122,-0.2535969,0.13935466,-0.577396,-0.24322441,-0.5692366,-0.42025158,-0.042434204,-0.48340166,-0.5673874,-0.4829083,0.03202771,-0.29684156,-0.6810185,-0.22037137,-0.22187224,-0.09511061,0.38478702,0.0,-0.11461452,-0.4022866,-0.63610995,-0.18142314,-0.31828323,0.15580049,-0.31044698,-0.41013688,-0.57916003,-0.28907534,-0.5753428,-0.16972405,-0.6092437,-0.3745874,-0.6136399,-0.56344014,-0.41660282,-0.27456236,0.44073978,0.3358281,0.5660524,0.7062717,0.30766073,0.29181147,0.3775642,0.3542297,0.15600102,0.051327527,0.03275354,-0.034996003,-0.06485983,-0.04666439,0.045714486,-0.023439057,0.37284917,0.28623784,0.29512337,0.22966924,0.041507788,0.3073263,0.19824074,0.14292242,0.30620316,0.2960165,-0.13811779,-0.11667211,0.09703652,0.82155466,0.30186665,0.055454183,-0.048811395,0.2207153,0.15168288,0.09826801,-0.24580596,-0.14566216,0.069060534,-0.019392446,-0.13556655,0.33931488,0.13957396,0.44797656,0.044118796,-0.14202394,-0.26600713,0.041150518,-0.03259929,-0.19667242
0.65109223,0.6746208,0.6508929,0.70571303,0.6347361,0.45747837,0.8516968,0.72417766,0.44478357,0.62133706,0.17452699,-0.3607658,0.2950855,0.3994814,0.5519743,0.87134606,0.46057302,0.65839344,0.55775535,0.06221662,0.4666317,0.7348693,0.5723074,-0.3176093,0.2745744,-0.4146794,-0.27201784,-0.46329713,-0.22826986,-0.22995624,0.15640673,-0.11461452,0.0,0.6304828,0.13924657,-0.62876135,-0.58044726,0.6196213,0.48002055,-0.11652571,-0.12943542,0.075148374,-0.114589244,-0.65844387,-0.0054959576,-0.5257319,0.21403502,-0.3063563,-0.37046877,-0.6105596,-0.5802988,0.6207616,-0.040621996,0.0038838126,0.43008217,0.4868078,0.5764746,0.54426056,-0.7483365,-0.16887504,-0.397253,-0.16575602,-0.21466374,-0.0697746,0.2990936,0.19272113,0.047386978,0.3006271,0.42239058,0.5927661,0.40419483,0.4963385,0.24472922,-0.32976276,-0.20814098,-0.20787235,-0.025990777,-0.2973416,-0.730471,-0.3155921,0.092031606,-0.71891785,-0.28275996,0.5918228,-0.4672495,0.39756197,-0.4397844,-0.54031765,-0.113107845,-0.72247916,-0.83211523,-0.77561563,-0.3779887,-0.2859277,-0.5569536,-0.7104524,-0.731706,-0.7181324,0.043014698,-0.6358151
0.3723044,0.2981307,0.33204094,0.23052813,0.31832385,0.23326829,0.7220346,0.3370152,0.08509585,0.079555996,0.38569075,0.13249417,0.56133103,0.42946255,0.23954473,0.50689703,0.81354165,0.9070833,0.72480077,0.2998091,0.17014886,0.86355096,0.85999,0.22128943,-0.2477498,-0.25018206,-0.012739258,-0.58136666,-0.24739501,-0.5654023,-0.31457737,-0.4022866,0.6304828,0.0,0.61292404,-0.47391888,-0.4511532,0.1120948,0.49472,0.09028527,0.36419183,0.045891963,0.33300364,-0.5989162,0.07912207,-0.3420907,0.66059196,0.11102119,0.075116985,-0.40366527,-0.36169362,0.2554473,-0.056989875,-0.25821993,0.04749303,0.18731509,0.32255977,0.12887569,-0.7393659,-0.4459233,-0.54053587,-0.0107892025,-0.37899265,-0.24986362,0.012248436,-0.12626795,-0.09334049,0.02724022,0.072225794,0.3039892,0.15276246,0.15431678,-0.11857323,-0.55372924,-0.4998296,-0.6679554,-0.2633596,-0.56355023,-0.78130805,-0.42927083,-0.31211483,-0.7007069,-0.41280505,0.18669531,-0.73843634,-0.04281884,-0.49884704,-0.65553063,-0.3183399,-0.6895519,-0.33686307,-0.6978502,-0.55934733,-0.7076582,-0.63409936,-0.6482587,-0.54296356,-0.7117686,0.08030717,-0.5160356
-0.28343895,-0.43683615,-0.40630153,-0.44489685,-0.4280914,-0.43821934,0.09175306,-0.3336229,-0.5115638,-0.23428588,0.5758218,0.6001561,0.65602815,0.5336231,-0.016241245,-0.16026558,0.78584677,0.37154362,0.7190703,0.35514736,-0.11853158,0.62911546,0.7482674,0.693884,-0.20994538,0.32396945,0.5467061,-0.1157126,0.0057033785,-0.3269124,-0.3443001,-0.63610995,0.13924657,0.61292404,0.0,0.03238141,0.19544667,-0.117562614,0.49718305,0.47985724,0.86555505,0.33327043,0.7788977,0.038601246,0.49552703,0.37658888,0.8996297,0.7501475,0.48489285,0.19950512,-0.20112495,-0.46444464,-0.46533787,-0.72299725,-0.6011042,-0.5092763,-0.392848,-0.5630103,-0.23620287,-0.22176376,-0.12739423,0.16463701,-0.10794183,-0.18441328,-0.3173689,-0.24427953,-0.5104847,-0.52532524,-0.5517335,-0.41753343,-0.26315868,-0.51012725,-0.59175164,-0.43966877,-0.5278449,-0.642032,-0.19588442,-0.25484923,-0.2674546,-0.45922753,-0.6736089,-0.25156575,-0.39555207,-0.45367035,-0.5676164,-0.49058148,-0.0014390912,-0.18919131,-0.35278672,-0.16634923,0.25699887,-0.37472984,-0.41811383,-0.76359636,-0.35907966,-0.060900398,0.12295585,-0.34242254,-0.1112988,0.083355635
