0,1,2,3,4,5,6,7,8,9,10,11,12,13,14,15,16,17,18,19,20,21,22,23,24,25,26,27,28,29,30,31,32,33,34,35,36,37,38,39,40,41,42,43,44,45,46,47,48,49,50,51,52,53,54,55,56,57,58,59,60,61,62,63,64,65,66,67,68,69,70,71,72,73,74,75,76,77,78,79,80,81,82,83,84,85,86,87,88,89,90,91,92,93,94,95,96,97,98,99
0.0,0.5124477,0.51221275,0.44180122,0.4186583,0.4059381,0.34985545,0.4243837,0.28033748,0.21150589,0.27727902,0.026395699,0.107570775,0.31658632,0.37115294,0.5537004,-0.06897245,0.26949042,0.32802486,-0.013899006,0.44785067,-0.2762323,0.3727629,0.011941795,0.3895967,0.08598184,-0.5992585,-0.4761208,-0.1689013,0.056976188,0.12648684,0.26483396,0.19290566,0.095307395,-0.30556715,0.039431557,-0.48756987,-0.024750559,-0.13977888,0.10918321,-0.47231227,0.017798718,-0.46573874,-0.49020797,-0.55576146,-0.7436369,-0.5947383,-0.45455134,0.35436368,-0.33442232,0.85656154,0.5525485,0.57786715,0.49890497,0.46445724,0.45723662,0.4753435,0.35236982,0.4567883,0.13387558,0.25455406,0.2955179,0.25021318,0.27851394,0.23182325,0.3126158,-0.0076405783,0.11909316,0.3222081,0.277164,0.35057792,-0.13709077,0.4753309,0.2135853,0.2618428,-0.03573176,-0.28964284,-0.00082826865,0.3118378,0.46132377,0.047451526,-0.46871552,-0.6626937,-0.31726342,-0.5306088,-0.5906307,-0.5990067,-0.65570325,-0.18744993,-0.58329844,-0.42389676,0.17217402,0.1364114,-0.3063188,-0.69283646,-0.58079314,-0.7417232,-0.40473574,0.2952931,-0.4440942
0.5124477,0.0,0.83374584,0.97258174,0.9547609,0.60899764,0.6230814,0.85927564,0.54267997,-0.11516171,0.23951778,-0.105449684,0.21993907,0.1872396,0.31189924,0.86352724,0.13621712,0.59446764,0.2782215,0.496114,0.5399675,0.082814984,0.23913327,0.14494702,-0.30460656,-0.34687465,-0.33889034,-0.32142952,0.103988245,-0.11546049,-0.43072045,-0.2249766,0.3474385,0.48248523,0.14248641,0.5152752,-0.04085464,-0.362767,0.074947305,0.11807913,0.17413104,-0.14742318,0.029406529,-0.4103135,-0.19795336,-0.2246378,-0.054956924,-0.10692821,0.51494104,0.28286484,0.38726315,0.93068343,0.841339,0.95442045,0.7403892,0.5923116,0.8894459,0.6272644,-0.06853544,-0.13959448,-0.13599941,0.30946347,0.39660856,0.50530374,0.37919,0.28205827,0.57788515,0.289997,0.48964214,0.6960246,0.65901685,0.17935131,0.38416776,0.36985174,-0.0002759418,-0.33908674,0.054877274,-0.30364677,-0.028746601,-0.13431384,0.035680275,0.21359295,-0.26289436,0.083019674,-0.29897743,-0.024402535,-0.20860115,-0.46943384,0.32817134,-0.014174682,-0.2490045,-0.18020126,0.0012278887,-0.3921259,-0.2636418,-0.41272074,-0.25098598,-0.019762335,0.5155295,0.15951982
0.51221275,0.83374584,0.0,0.81654364,0.8429651,0.85947,0.68936175,0.8916813,0.80943173,-0.04018761,0.36763826,-0.041495595,0.40315613,0.39072558,0.46219,0.7482786,0.2999142,0.7598769,0.45737386,0.6269009,0.73098576,0.1956593,0.34947318,0.25464177,-0.38042754,-0.2792594,-0.23063445,-0.28472695,0.28695148,-0.10278133,-0.45463082,-0.327053,0.3009494,0.5835027,0.2538197,0.7291298,-0.027127504,-0.4200259,0.057199407,0.11480147,0.23195744,0.0028060882,0.13350528,-0.34580687,-0.07751267,-0.18194875,-0.038461123,-0.11320941,0.7588809,0.3765138,0.40792942,0.9022222,0.86236674,0.860345,0.91881317,0.86163634,0.8878763,0.8254615,-0.03898398,-0.08223716,-0.14116628,0.47986788,0.61695045,0.71184963,0.6006119,0.41875613,0.5858706,0.5003515,0.6308504,0.8103823,0.8300204,0.30026275,0.46964514,0.3269539,0.06340148,-0.3522201,0.19871779,-0.30374464,0.08119941,-0.24145025,0.112909794,0.21590316,-0.22294925,0.15554303,-0.24232914,-0.0021555116,-0.2694244,-0.45793366,0.48522428,-0.035624042,-0.3124036,-0.2540658,-0.06251225,-0.4016058,-0.26359057,-0.4120802,-0.24383248,0.072092205,0.7510076,0.26186594
0.44180122,0.97258174,0.81654364,0.0,0.9584078,0.60752964,0.6337975,0.860497,0.54689413,-0.15084729,0.19523613,-0.13429831,0.20341577,0.12992755,0.277414,0.8518813,0.1040089,0.59426945,0.22054747,0.54584754,0.50351816,0.08851846,0.18217121,0.115310684,-0.37439162,-0.42613357,-0.2851561,-0.31393114,0.12301014,-0.16402863,-0.46534625,-0.26857036,0.3589739,0.482769,0.17430912,0.5499952,0.0064959815,-0.33970714,0.16462727,0.16245627,0.24968739,-0.18269223,0.081835896,-0.38071835,-0.17168123,-0.14139512,0.02407324,-0.044668976,0.5155148,0.34340274,0.33436927,0.9172258,0.8292631,0.932818,0.74009705,0.57842356,0.8802161,0.63467026,-0.12161003,-0.18405001,-0.17959441,0.29118332,0.3912841,0.49936047,0.35932708,0.25087175,0.6580833,0.27607,0.46412516,0.70505214,0.66710424,0.18119687,0.32566863,0.405637,-0.058674548,-0.3792821,0.08558398,-0.3500556,-0.08668026,-0.17369257,-0.006913014,0.28620687,-0.20782228,0.096212916,-0.24645625,0.051401127,-0.14611709,-0.43178216,0.40586802,0.08752655,-0.1669327,-0.162611,0.03596723,-0.38218328,-0.19069387,-0.3565235,-0.14576541,0.026338032,0.52745414,0.2506584
0.4186583,0.9547609,0.8429651,0.9584078,0.0,0.6146479,0.59972554,0.8637827,0.5675875,-0.26134667,0.13742347,-0.21299444,0.2160596,0.11608349,0.24260096,0.7871609,0.12338356,0.5896369,0.20956208,0.53678524,0.48986286,0.15198386,0.16532551,0.08143829,-0.42985666,-0.44836578,-0.24754731,-0.31260902,0.1039024,-0.1542465,-0.5229652,-0.35342547,0.31198174,0.50051194,0.24393612,0.57074434,0.008345313,-0.44441932,0.082870565,0.054188024,0.2584034,-0.1895699,0.11243423,-0.39125058,-0.10179571,-0.101698026,0.06344332,-0.0022791945,0.53153795,0.3740649,0.26047713,0.943067,0.78464943,0.9673037,0.74408,0.607307,0.8879073,0.6438272,-0.23394528,-0.27419445,-0.27421677,0.25367895,0.37699112,0.49316368,0.34882385,0.20707406,0.6271365,0.25518313,0.43314534,0.696321,0.6453935,0.16601136,0.32152212,0.31606564,-0.15620194,-0.48059613,0.06927765,-0.38466448,-0.13125204,-0.2601636,-0.07267355,0.30220506,-0.19304515,0.11870958,-0.2623892,0.05616845,-0.15833896,-0.40924174,0.39263073,0.034038827,-0.25346142,-0.28688383,-0.08004498,-0.4644212,-0.25177032,-0.3907031,-0.13622029,0.05485052,0.54622215,0.25749567
0.4059381,0.60899764,0.85947,0.60752964,0.6146479,0.0,0.753607,0.81210274,0.959152,0.085074425,0.33792332,0.017829534,0.37604195,0.3653174,0.36379892,0.5627241,0.32403705,0.7777512,0.42148086,0.5942106,0.71016043,0.21903113,0.23601805,0.31341505,-0.3478087,-0.18135983,-0.20295024,-0.3265476,0.2631687,-0.25135902,-0.4494411,-0.29886028,0.30038494,0.5541611,0.26036528,0.80324024,-0.10480535,-0.28688413,0.17260489,0.25246578,0.25600752,0.0632645,0.204701,-0.2876627,-0.07900185,-0.16880527,-0.051505618,-0.1789928,0.838977,0.36451116,0.3409201,0.71577346,0.7712562,0.63173974,0.95115614,0.9562565,0.77771926,0.9462696,-0.03302141,0.0015707761,-0.08288437,0.4404054,0.58703005,0.7033867,0.6254441,0.31595874,0.59184355,0.5309678,0.62802196,0.8087572,0.83686227,0.36922756,0.3916191,0.40307716,0.11028175,-0.26837093,0.18944556,-0.36834085,0.05685674,-0.24118572,0.18944211,0.2198107,-0.16507518,0.20243002,-0.18032949,0.030341562,-0.32891682,-0.4373964,0.5809485,0.05263718,-0.20323977,-0.14855124,0.027672013,-0.3154314,-0.17057262,-0.34993896,-0.1889862,0.04253311,0.8202594,0.30481693
0.34985545,0.6230814,0.68936175,0.6337975,0.59972554,0.753607,0.0,0.7963611,0.73885363,0.20600635,0.22045325,0.079175845,0.2552735,0.1720475,0.13179904,0.6555631,0.21724395,0.6890207,0.26426068,0.52272546,0.57264644,0.09885532,-0.06567968,0.34355924,-0.29975504,-0.1936101,-0.4425541,-0.5929709,0.025788544,-0.5739269,-0.57994306,-0.12473008,0.37379798,0.51241356,0.14111118,0.6364106,-0.31120366,-0.034307074,0.46756598,0.6195708,0.24120948,-0.18067387,0.19055413,-0.51373214,-0.35855308,-0.3095369,-0.1789063,-0.42463693,0.6640232,0.25976634,0.32249168,0.6589657,0.8071681,0.62135524,0.7934532,0.68213886,0.78136426,0.8380449,0.019980045,0.045207847,0.049416967,0.42412955,0.4805761,0.60440516,0.5003203,0.09731346,0.7397058,0.43019414,0.5615323,0.75736815,0.7462294,0.39572448,0.12787095,0.7800412,0.14620978,-0.19512078,-0.03849465,-0.61887586,-0.17642547,-0.08744698,0.12900087,0.19719227,-0.2637104,0.11921287,-0.31306893,-0.012596193,-0.45191035,-0.65199685,0.5223649,0.21269861,-0.07563437,0.14239638,0.33209783,-0.29133433,-0.12718132,-0.47296938,-0.23269354,-0.25760898,0.61970747,0.24780859
0.4243837,0.85927564,0.8916813,0.860497,0.8637827,0.81210274,0.7963611,0.0,0.77785957,-0.0490478,0.26111537,-0.060166504,0.29337037,0.23906755,0.2865167,0.7720072,0.25667545,0.78683525,0.34485683,0.6236941,0.658715,0.17058404,0.16151209,0.2530918,-0.4128087,-0.33878005,-0.29922485,-0.39702636,0.16652873,-0.31327114,-0.55251926,-0.31170204,0.35113516,0.5928379,0.23246987,0.72721535,-0.08427736,-0.3526696,0.18974563,0.26198664,0.29500613,-0.13330632,0.1665924,-0.40249783,-0.17261936,-0.17881227,-0.029929535,-0.14689986,0.6989936,0.37435743,0.32198256,0.8935683,0.89660686,0.869947,0.89190835,0.7620198,0.9786555,0.8467379,-0.13447839,-0.12671293,-0.15856625,0.3801234,0.51112336,0.6444351,0.54607826,0.25207597,0.71611744,0.4635786,0.6428416,0.88808316,0.8271285,0.3274018,0.37420747,0.47531968,0.03494091,-0.3678023,0.13351181,-0.44868645,-0.06671888,-0.24102163,0.14737672,0.3134149,-0.18945907,0.1995491,-0.23318456,0.058309257,-0.26952055,-0.4951227,0.54856837,0.12183336,-0.19607475,-0.17937677,0.0300262,-0.38096577,-0.18111025,-0.41255966,-0.18073574,0.006500756,0.6951729,0.3000907
0.28033748,0.54267997,0.80943173,0.54689413,0.5675875,0.959152,0.73885363,0.77785957,0.0,0.07638643,0.33567682,0.041513182,0.38274616,0.347017,0.31901637,0.48421645,0.3624817,0.77911,0.40572166,0.64033794,0.6749028,0.2659569,0.17602994,0.33242252,-0.42604208,-0.17793225,-0.12449992,-0.26037544,0.32576787,-0.28802353,-0.5010022,-0.36200958,0.25216106,0.56188095,0.31600466,0.8558195,-0.019318998,-0.3056958,0.19722702,0.25410458,0.35298744,0.08043841,0.2983114,-0.20040992,0.018854734,-0.06012546,0.024943087,-0.12044261,0.846354,0.44832376,0.22106533,0.64764446,0.70817107,0.5705511,0.91538435,0.9234711,0.73467225,0.94188106,-0.09697303,-0.009065853,-0.106201865,0.43471038,0.5917836,0.70365673,0.6285499,0.29234084,0.627431,0.56102943,0.61736405,0.80625105,0.8297933,0.41375518,0.31375676,0.38818857,0.09778128,-0.25111005,0.25563172,-0.39492077,0.02202659,-0.3335412,0.19712433,0.30108842,-0.059910655,0.26331306,-0.115379155,0.11872713,-0.2408136,-0.35626346,0.6582379,0.15459514,-0.14480372,-0.17834844,0.008240778,-0.25039226,-0.05634948,-0.25921854,-0.08197302,0.10269392,0.82589793,0.4105038
0.21150589,-0.11516171,-0.04018761,-0.15084729,-0.26134667,0.085074425,0.20600635,-0.0490478,0.07638643,0.0,0.57331467,0.7718532,0.3186545,0.41264984,0.3299431,0.124929175,0.22836839,0.1597274,0.36345652,-0.033553157,0.29158288,-0.089913264,0.19738053,0.55971164,0.42063102,0.623151,-0.15279843,0.009175854,0.1892321,0.03388498,0.31969783,0.5840883,0.07177924,0.09235247,-0.19930312,-0.057648428,-0.16517304,0.5555243,0.31695914,0.5862223,-0.1619003,0.30747882,-0.006687821,-0.009657286,-0.17208637,-0.36761275,-0.4056048,-0.57295203,0.07164803,-0.26098886,0.44000366,-0.1785313,0.14139494,-0.18713047,0.014829025,0.07818983,-0.09032172,0.06153061,0.8035004,0.844577,0.8467463,0.54440534,0.34442058,0.24939017,0.3135462,0.3431347,-0.09661008,0.34347618,0.31162536,0.047072902,0.15789574,0.37262502,0.15682113,0.40381372,0.8264182,0.77175534,0.10808853,0.25164255,0.4489809,0.49188578,0.56036633,-0.26922575,-0.10527751,0.015483387,0.045383733,-0.18304916,-0.18243782,-0.14050864,-0.053903487,0.03445096,0.15143922,0.64806014,0.5663911,0.48951262,0.22057226,-0.01680798,-0.34954923,-0.29113793,0.001744207,-0.21688746
0.27727902,0.23951778,0.36763826,0.19523613,0.13742347,0.33792332,0.22045325,0.26111537,0.33567682,0.57331467,0.0,0.7007951,0.5049814,0.7048416,0.650562,0.2928643,0.49777675,0.44072962,0.6719089,0.30819958,0.5637324,0.082549065,0.5015654,0.57949454,0.06437575,0.4787967,-0.064634815,0.2179353,0.5671714,0.2646329,0.10216676,0.1216647,-0.12758136,0.33217472,-0.0038773005,0.3041385,0.2132682,-0.07739723,-0.10916492,0.12993899,0.03377243,0.4174556,0.07683116,0.14345059,0.12889539,-0.20463884,-0.26366493,-0.33650875,0.38861895,0.10699464,0.34645456,0.19413364,0.31535074,0.19502565,0.28085834,0.40089148,0.21328649,0.25414863,0.5311751,0.708061,0.5884774,0.6455145,0.6017635,0.52104783,0.55369514,0.68130565,0.011918943,0.60879374,0.55491024,0.32932505,0.44217733,0.44477734,0.4229773,0.09376908,0.7709643,0.5518447,0.44684348,0.33243337,0.57256293,0.051116094,0.5490278,-0.07376126,-0.031169228,0.13410257,-0.008481964,-0.09126708,0.016714068,-0.053387426,0.17886215,-0.08895166,-0.17759158,0.068429336,0.041593533,0.29954538,0.1727323,0.040905654,-0.34480274,0.039349742,0.37297165,0.04011671
0.026395699,-0.105449684,-0.041495595,-0.13429831,-0.21299444,0.017829534,0.079175845,-0.060166504,0.041513182,0.7718532,0.7007951,0.0,0.5414463,0.6230825,0.45938104,0.10824457,0.59464645,0.2884056,0.5911096,0.13770977,0.38781536,0.25226626,0.3667176,0.77291435,0.1488836,0.7269514,0.08823416,0.29595354,0.41622272,0.23255521,0.19898082,0.27687907,-0.017857268,0.35205057,0.110622615,0.0236325,0.16824411,0.28115785,0.13080388,0.36651686,0.09087746,0.45855653,0.24737576,0.17477229,0.102598324,-0.11548475,-0.14855617,-0.43410215,0.05138825,-0.023709688,0.17981857,-0.21159041,0.094255,-0.16659014,-0.0670387,0.021266473,-0.106784426,-0.043115456,0.6171898,0.773994,0.67976654,0.61866903,0.48641762,0.37505373,0.48454544,0.47963554,-0.11597603,0.5627758,0.48013982,0.12583193,0.19375996,0.63299364,0.24752583,0.1557273,0.83675545,0.7420205,0.39491805,0.38736063,0.47063082,0.12681836,0.7185857,-0.021171914,0.18530406,0.3251026,0.26191026,0.09110002,0.08848897,0.12617265,0.041044876,0.13132232,0.055765495,0.2762541,0.2338515,0.50981367,0.38513058,0.12576798,-0.20390637,0.026795391,0.02508154,-0.04134164
0.107570775,0.21993907,0.40315613,0.20341577,0.2160596,0.37604195,0.2552735,0.29337037,0.38274616,0.3186545,0.5049814,0.5414463,0.0,0.7526106,0.6049551,0.3245863,0.7996817,0.64496946,0.7281973,0.563161,0.6895332,0.6479444,0.5360452,0.75806177,-0.3435736,0.3380302,0.30100098,0.24758582,0.544227,0.23949654,-0.13433604,-0.23544256,0.16727363,0.75796103,0.5885827,0.43207973,0.2763596,-0.111828156,0.089456916,0.13964748,0.39132634,0.4353054,0.5315355,-0.003892606,0.3356155,0.11587164,0.19951764,-0.12142923,0.37241966,0.3472371,0.14871354,0.20812653,0.36247447,0.22425205,0.31177807,0.39648515,0.26259154,0.2627836,0.20171855,0.2549493,0.11232874,0.85891545,0.8681485,0.7870454,0.78016764,0.5954549,0.16272365,0.72854525,0.65739316,0.4548385,0.5444974,0.7303078,0.36076066,0.032600503,0.360692,0.11789922,0.5443665,0.14699124,0.3425452,-0.3074149,0.46405914,0.2553882,0.26943603,0.54635733,0.34608847,0.3178794,0.045571037,0.094710216,0.30247122,0.13094538,-0.15170644,-0.18160237,-0.08254455,0.079294905,0.16563419,-0.088437594,-0.042039074,0.34170774,0.36393103,0.22552204
0.31658632,0.1872396,0.39072558,0.12992755,0.11608349,0.3653174,0.1720475,0.23906755,0.347017,0.41264984,0.7048416,0.6230825,0.7526106,0.0,0.8115525,0.28498596,0.7347649,0.5702287,0.9362743,0.4022384,0.7809817,0.3293949,0.7534129,0.63671726,-0.07386086,0.45758924,0.09756514,0.2441417,0.56498665,0.41786188,0.11297731,-0.13672076,-0.09975678,0.5483841,0.22667384,0.3051109,0.15125924,-0.20293765,-0.20299111,0.024542935,0.061011016,0.4418409,0.13725585,0.09172186,0.16421288,-0.14439449,-0.124349095,-0.23554803,0.4214147,0.117426485,0.3121908,0.18375148,0.33999166,0.18439561,0.28718323,0.4378355,0.2120424,0.220829,0.45035842,0.42434505,0.29413682,0.7511152,0.78962255,0.70611185,0.76987,0.7912958,-0.020490423,0.78725773,0.71923727,0.38910076,0.51996696,0.52683944,0.61787236,-0.071770705,0.60504615,0.24819085,0.5158513,0.39334682,0.5951878,-0.14689513,0.5123512,-0.06286465,-0.011981307,0.24225883,0.14208339,-0.0105760405,-0.102647685,-0.0065138433,0.16243546,-0.17927456,-0.3576073,-0.18842876,-0.17578265,0.004748993,-0.03759397,-0.0464507,-0.31362692,0.22327548,0.42475522,0.009640645
0.37115294,0.31189924,0.46219,0.277414,0.24260096,0.36379892,0.13179904,0.2865167,0.31901637,0.3299431,0.650562,0.45938104,0.6049551,0.8115525,0.0,0.394034,0.5033845,0.4988678,0.77071315,0.44210923,0.7209744,0.18436292,0.8089683,0.44077083,-0.055031735,0.23677433,0.13905364,0.29285574,0.6230008,0.48220238,0.22137886,-0.10723407,0.021053186,0.42542857,0.1389287,0.31995293,0.26171,-0.18320252,-0.15921108,-0.03870349,0.078479715,0.44394848,0.066864476,0.16207734,0.18802948,-0.061231256,-0.028192611,-0.025070375,0.39957523,0.17229983,0.40218115,0.2825289,0.39128676,0.2695506,0.33395055,0.44618753,0.2616211,0.2226074,0.4333635,0.35479888,0.21470769,0.648198,0.7083359,0.6494834,0.67187786,0.97738826,0.060920548,0.64174676,0.6140617,0.38530633,0.53836155,0.34128383,0.6698766,-0.06572592,0.50745916,0.19358057,0.5657947,0.4450522,0.659539,-0.06400499,0.4345456,-0.00091279746,-0.0028895333,0.14907938,0.16562341,0.027945904,0.022363184,0.034910973,0.20218894,-0.122418754,-0.18327332,-0.14487529,-0.07923313,0.046450667,-0.0033820723,0.042743072,-0.20501855,0.307987,0.41058692,0.07314934
0.5537004,0.86352724,0.7482786,0.8518813,0.7871609,0.5627241,0.6555631,0.7720072,0.48421645,0.124929175,0.2928643,0.10824457,0.3245863,0.28498596,0.394034,0.0,0.21229094,0.62032354,0.36318702,0.50045896,0.6010727,0.13073783,0.2893597,0.31295708,-0.195301,-0.16681989,-0.32625467,-0.31502163,0.11806586,-0.09768564,-0.2950598,-0.081303485,0.50843555,0.5486789,0.16577932,0.43867812,-0.059231535,-0.08461322,0.30353162,0.3651882,0.19331762,-0.007162637,0.11217796,-0.4256988,-0.28307417,-0.27727073,-0.066751696,-0.23794317,0.4441442,0.22617967,0.5301409,0.77754694,0.87654907,0.78874546,0.6744577,0.533042,0.78295976,0.5742858,0.1373932,0.007869605,0.0420949,0.43973142,0.47239828,0.56362104,0.48438305,0.36579964,0.5763195,0.38684,0.5816718,0.6793844,0.68139255,0.3239458,0.42858556,0.50982213,0.17222302,-0.15948257,0.10067568,-0.22157402,0.060277715,0.029174754,0.20496887,0.20742543,-0.19976549,0.16090322,-0.17191507,0.03181637,-0.20438358,-0.45948344,0.31653762,0.0851862,-0.07935694,0.068443455,0.2526142,-0.23045939,-0.17797397,-0.39419243,-0.26910383,-0.04305183,0.42931554,0.12644286
-0.06897245,0.13621712,0.2999142,0.1040089,0.12338356,0.32403705,0.21724395,0.25667545,0.3624817,0.22836839,0.49777675,0.59464645,0.7996817,0.7347649,0.5033845,0.21229094,0.0,0.66731024,0.78034765,0.56141686,0.6502505,0.7146906,0.45956472,0.78065246,-0.4331663,0.39258635,0.3114331,0.2986073,0.55911505,0.20181267,-0.23672178,-0.42737997,0.061444856,0.800214,0.63573235,0.44723463,0.35850155,-0.24817376,0.015218232,0.08558055,0.47906741,0.42028224,0.5850103,0.11155446,0.34416178,0.18411562,0.26418966,-0.10710076,0.35237002,0.40572459,-0.08653278,0.099949464,0.28752404,0.13537028,0.23645528,0.31847465,0.22013405,0.22599037,0.033609465,0.18004195,0.045937378,0.6297262,0.71416634,0.6815113,0.76880383,0.48769033,0.1950873,0.81800646,0.73219514,0.49070758,0.5085601,0.8134333,0.36612833,-0.04690773,0.36981288,0.085018076,0.60062057,0.13725704,0.22265384,-0.49925,0.5568653,0.38175708,0.39457715,0.67420596,0.39979488,0.42897004,0.16348033,0.19266255,0.3899318,0.22119467,-0.17208225,-0.3422117,-0.25685155,0.05060536,0.2515384,0.036910657,0.039546315,0.43450385,0.36640006,0.33215353
0.26949042,0.59446764,0.7598769,0.59426945,0.5896369,0.7777512,0.6890207,0.78683525,0.77911,0.1597274,0.44072962,0.2884056,0.64496946,0.5702287,0.4988678,0.62032354,0.66731024,0.0,0.6693142,0.7832341,0.87095505,0.48119974,0.3738637,0.60077626,-0.50361735,-0.042290602,-0.021584742,-0.12062754,0.46472174,-0.14563224,-0.44570506,-0.41139504,0.31618613,0.8412226,0.47750834,0.7939557,0.11793416,-0.29751378,0.1971564,0.2881585,0.48489636,0.15052743,0.43591845,-0.18711026,0.03451349,-0.016653122,0.1223872,-0.14755513,0.7352877,0.48797843,0.20363683,0.60561997,0.76806873,0.5946535,0.7624652,0.73508126,0.74940926,0.7433933,-0.03078514,0.041372746,-0.075564206,0.6485176,0.78206825,0.8615337,0.8586756,0.47060868,0.62611085,0.8129308,0.8829817,0.93397915,0.926433,0.657685,0.47301066,0.33400774,0.25180307,-0.1902289,0.46612778,-0.23403879,0.12730773,-0.39190295,0.45783132,0.43864495,0.103085704,0.49791595,0.09739506,0.2960085,-0.11625618,-0.2378823,0.6609842,0.25281218,-0.13777584,-0.23682457,-0.04821168,-0.1937067,0.022612505,-0.24002485,-0.079140216,0.26440737,0.73563963,0.42394912
0.32802486,0.2782215,0.45737386,0.22054747,0.20956208,0.42148086,0.26426068,0.34485683,0.40572166,0.36345652,0.6719089,0.5911096,0.7281973,0.9362743,0.77071315,0.36318702,0.78034765,0.6693142,0.0,0.47250584,0.83284307,0.36919433,0.72313833,0.6448282,-0.14079656,0.38956174,0.05190185,0.17966875,0.53963405,0.33497116,0.020311385,-0.20827472,-0.021996478,0.6270526,0.2695929,0.37449834,0.15891804,-0.24450178,-0.1668494,0.056720603,0.1333846,0.4088671,0.17964314,0.041057028,0.11032359,-0.1430308,-0.0848655,-0.22820844,0.4586923,0.17269751,0.3073298,0.262899,0.43834192,0.2688601,0.36523277,0.47775307,0.32750458,0.2998421,0.34929708,0.3414687,0.21885726,0.7060798,0.7791581,0.73944426,0.82699865,0.73692656,0.09312676,0.8488447,0.8233922,0.5146193,0.5994958,0.58015645,0.64960086,-0.022154357,0.568375,0.16360427,0.5213199,0.30710423,0.50608766,-0.20931163,0.55054575,0.036558874,0.013813962,0.31658557,0.13821998,0.05575539,-0.090209864,-0.050577898,0.25221774,-0.1155489,-0.34279385,-0.23311119,-0.1789483,-0.0654752,-0.0373845,-0.08174177,-0.29119086,0.24213581,0.4694864,0.07927588
-0.013899006,0.496114,0.6269009,0.54584754,0.53678524,0.5942106,0.52272546,0.6236941,0.64033794,-0.033553157,0.30819958,0.13770977,0.563161,0.4022384,0.44210923,0.50045896,0.56141686,0.7832341,0.47250584,0.0,0.6621975,0.49190176,0.24982098,0.4008581,-0.74098057,-0.28265366,0.24218312,0.11143677,0.6497174,-0.10796295,-0.42314658,-0.6016265,0.32600936,0.7353438,0.5812782,0.8611556,0.4563436,-0.29477456,0.31136873,0.16128187,0.7620727,0.1848444,0.601765,0.12935989,0.3160717,0.38390458,0.47634065,0.24049506,0.6537866,0.80860335,-0.08262985,0.48025432,0.5692346,0.46829867,0.589778,0.5773123,0.5706369,0.58134377,-0.26189157,-0.14352939,-0.29905584,0.5106607,0.71511286,0.8024369,0.73126805,0.44490567,0.75874925,0.6978757,0.62781835,0.7784545,0.8171195,0.52805567,0.23059423,0.25338072,-0.0065198275,-0.3000145,0.64965063,-0.2382526,0.04509693,-0.5878848,0.19435436,0.6911314,0.37098482,0.49010417,0.2760037,0.5760408,0.24544749,0.042273622,0.85778856,0.51414055,0.15686901,-0.30750027,-0.05621894,-0.08282456,0.27313232,0.11519897,0.3445709,0.51956356,0.6968309,0.7793201
0.44785067,0.5399675,0.73098576,0.50351816,0.48986286,0.71016043,0.57264644,0.658715,0.6749028,0.29158288,0.5637324,0.38781536,0.6895332,0.7809817,0.7209744,0.6010727,0.6502505,0.87095505,0.83284307,0.6621975,0.0,0.33640653,0.63453305,0.5798201,-0.28118718,0.098516345,-0.05553827,-0.057644527,0.4898599,0.098386504,-0.17323716,-0.27095208,0.19396427,0.7248446,0.3032567,0.62519616,0.04565739,-0.24734291,0.04563196,0.22584492,0.23671597,0.21955666,0.2074431,-0.15322003,-0.025349276,-0.17615041,-0.050032735,-0.20651472,0.6950793,0.28201538,0.41592783,0.5489879,0.722018,0.5226717,0.6849662,0.730188,0.632615,0.6202211,0.23808376,0.18168467,0.08434242,0.7203743,0.8441553,0.87983394,0.88472337,0.6897584,0.41313124,0.831673,0.89506,0.7840672,0.8679993,0.55325216,0.6737914,0.24487029,0.4204113,-0.062649325,0.4692276,0.04269112,0.37990156,-0.21475382,0.48324573,0.17314884,-0.076547116,0.3024909,0.05656088,0.090325765,-0.22839506,-0.25685728,0.47288007,0.007904856,-0.25892732,-0.17627096,-0.037926458,-0.21929356,-0.13502423,-0.24277295,-0.2650867,0.21071543,0.69196033,0.20109469
-0.2762323,0.082814984,0.1956593,0.08851846,0.15198386,0.21903113,0.09885532,0.17058404,0.2659569,-0.089913264,0.082549065,0.25226626,0.6479444,0.3293949,0.18436292,0.13073783,0.7146906,0.48119974,0.36919433,0.49190176,0.33640653,0.0,0.23061672,0.581636,-0.58561945,0.16611451,0.52778953,0.33510756,0.37408802,0.14898948,-0.349057,-0.525371,0.29755417,0.75729597,0.93856794,0.4075311,0.4433046,-0.18246779,0.18818709,0.019073885,0.63931704,0.3614319,0.79554933,0.076288216,0.48016843,0.4688558,0.6051844,0.18133473,0.15131748,0.5129193,-0.29584014,0.06324488,0.15784982,0.09837148,0.16021034,0.17498942,0.14577329,0.14294514,-0.29682052,-0.17508538,-0.28673425,0.36457977,0.4410919,0.43803024,0.48292202,0.171146,0.24382965,0.46696183,0.42007464,0.35577026,0.31653872,0.7302192,0.13514978,-0.094723485,-0.0752437,-0.15863371,0.49288797,-0.0007164582,-0.08167566,-0.6011356,0.33401886,0.5908561,0.6043224,0.8264866,0.56851965,0.65926754,0.32601017,0.3766963,0.35994196,0.40032676,0.041103672,-0.3803218,-0.24414212,0.023943888,0.3382651,0.06769784,0.3453866,0.57160664,0.17188348,0.42592698
0.3727629,0.23913327,0.34947318,0.18217121,0.16532551,0.23601805,-0.06567968,0.16151209,0.17602994,0.19738053,0.5015654,0.3667176,0.5360452,0.7534129,0.8089683,0.2893597,0.45956472,0.3738637,0.72313833,0.24982098,0.63453305,0.23061672,0.0,0.37089354,0.024099965,0.30389047,0.2170931,0.39072433,0.5034154,0.7125435,0.32596847,-0.09911324,-0.05938784,0.37326974,0.14866877,0.13076873,0.22706333,-0.23562695,-0.34147394,-0.2067859,-0.078702174,0.38059857,-0.048725,0.15006998,0.18234436,-0.07268977,-0.015688688,0.0396376,0.2337462,-0.001510418,0.36450076,0.22461972,0.26503038,0.21700352,0.20684512,0.33533323,0.1646368,0.05867797,0.3921997,0.24229835,0.1519927,0.48486653,0.54875886,0.47351313,0.5312535,0.78638107,-0.1426957,0.5048811,0.51880455,0.2534796,0.37635338,0.27277097,0.826826,-0.26740268,0.4155328,0.12501492,0.50186396,0.6364034,0.6417974,-0.061162744,0.427613,-0.09662602,-0.04042659,0.12613672,0.21207373,-0.027949268,0.023373952,0.16103575,-0.00096691743,-0.28241625,-0.30619624,-0.24696656,-0.24085753,-0.10093048,-0.14056997,0.030849675,-0.2452454,0.35833675,0.2678494,-0.10561071
0.011941795,0.14494702,0.25464177,0.115310684,0.08143829,0.31341505,0.34355924,0.2530918,0.33242252,0.55971164,0.57949454,0.77291435,0.75806177,0.63671726,0.44077083,0.31295708,0.78065246,0.60077626,0.6448282,0.4008581,0.5798201,0.581636,0.37089354,0.0,-0.1931904,0.547966,0.17166598,0.1857379,0.4185742,0.09542902,-0.15132119,-0.02804276,0.20932558,0.7170456,0.48766467,0.31708398,0.17859556,0.11937772,0.27139342,0.43378857,0.34424266,0.3975868,0.5246945,-0.038606815,0.16346768,-0.009826289,0.07438014,-0.3748141,0.25337988,0.18949783,0.12920105,0.07055735,0.35441354,0.10901117,0.24040416,0.27038163,0.21218453,0.25535607,0.3476218,0.48991284,0.40351242,0.7288072,0.672372,0.60810053,0.6746496,0.4348413,0.18084346,0.6941959,0.68180215,0.4412209,0.45903197,0.8953023,0.3122192,0.2650081,0.59534603,0.40045998,0.45598134,0.143643,0.25603688,-0.15516022,0.7102459,0.24779269,0.29039687,0.6134133,0.36025456,0.30399683,0.042865302,0.074030615,0.2605757,0.28045383,-0.00018292623,0.089801155,0.14716856,0.26420897,0.34328136,-0.07054242,-0.11051678,0.1724586,0.2158898,0.14318421
0.3895967,-0.30460656,-0.38042754,-0.37439162,-0.42985666,-0.3478087,-0.29975504,-0.4128087,-0.42604208,0.42063102,0.06437575,0.1488836,-0.3435736,-0.07386086,-0.055031735,-0.195301,-0.4331663,-0.50361735,-0.14079656,-0.74098057,-0.28118718,-0.58561945,0.024099965,-0.1931904,0.0,0.4095752,-0.38225913,-0.1370663,-0.41101986,0.1942536,0.62367135,0.7916466,-0.118286386,-0.60017395,-0.6887421,-0.68558675,-0.4804751,0.48475873,-0.15780835,0.07431879,-0.8192719,0.06272832,-0.6559662,-0.10894579,-0.42619735,-0.5945575,-0.6759593,-0.4221814,-0.3674165,-0.7955429,0.53219026,-0.2999991,-0.2503342,-0.32739064,-0.35070568,-0.2905674,-0.38154805,-0.3646065,0.650979,0.41782162,0.5907456,-0.12948227,-0.37206167,-0.46313643,-0.38702092,-0.06595313,-0.6442246,-0.3829136,-0.31222466,-0.5288715,-0.47173262,-0.4280148,0.047964703,-0.042645432,0.3727629,0.5175395,-0.5001952,0.36082575,0.35248032,0.8397901,0.04623581,-0.7851906,-0.47556934,-0.53099644,-0.31236768,-0.69453114,-0.34018633,-0.20307924,-0.69771385,-0.5498697,-0.077829614,0.5581564,0.32064024,0.25674933,-0.3009753,-0.11910159,-0.54368883,-0.5657132,-0.40725034,-0.76263
0.08598184,-0.34687465,-0.2792594,-0.42613357,-0.44836578,-0.18135983,-0.1936101,-0.33878005,-0.17793225,0.623151,0.4787967,0.7269514,0.3380302,0.45758924,0.23677433,-0.16681989,0.39258635,-0.042290602,0.38956174,-0.28265366,0.098516345,0.16611451,0.30389047,0.547966,0.4095752,0.0,0.04698971,0.28804335,0.09777714,0.37753254,0.34068817,0.38956413,-0.1442089,0.08560891,-0.0006385126,-0.3153002,-0.006471908,0.31098574,-0.0870765,0.15355809,-0.25780725,0.49202612,0.037271094,0.115283854,0.057208244,-0.24830997,-0.29672247,-0.44379634,-0.19389002,-0.33083692,0.17233163,-0.39449018,-0.1828393,-0.36091194,-0.28015238,-0.15958473,-0.36298493,-0.26406503,0.6038881,0.6407062,0.6361869,0.3224105,0.16436471,0.026149785,0.16260053,0.22731905,-0.5094127,0.23534991,0.19296253,-0.22894086,-0.1794206,0.4029406,0.18328086,-0.106656894,0.65734106,0.7012897,0.08766249,0.5023087,0.4197001,0.2626083,0.5100749,-0.34558725,0.057184625,0.17818739,0.14993992,-0.16268441,-0.023361336,0.15715663,-0.35838988,-0.21068507,-0.14417706,0.247861,0.09607184,0.43498856,0.17459211,0.044969656,-0.34753266,-0.11989937,-0.23755239,-0.3723804
-0.5992585,-0.33889034,-0.23063445,-0.2851561,-0.24754731,-0.20295024,-0.4425541,-0.29922485,-0.12449992,-0.15279843,-0.064634815,0.08823416,0.30100098,0.09756514,0.13905364,-0.32625467,0.3114331,-0.021584742,0.05190185,0.24218312,-0.05553827,0.52778953,0.2170931,0.17166598,-0.38225913,0.04698971,0.0,0.78737706,0.51301235,0.4271597,0.17080675,-0.34035817,0.02796707,0.18719013,0.54926735,0.11519366,0.7000465,-0.038321096,0.02463885,-0.28314757,0.49758875,0.41693357,0.54494774,0.6304276,0.7979045,0.81568533,0.76739055,0.6964546,-0.18528228,0.42976174,-0.515384,-0.35185018,-0.3592156,-0.34339413,-0.268044,-0.19231687,-0.34926754,-0.28672272,-0.25702092,-0.11465216,-0.29645938,0.049980987,0.1185192,0.050202914,0.11723108,0.17143635,-0.063837655,0.13925308,-0.04813939,-0.11283556,-0.085723944,0.2592003,0.034383066,-0.42540383,-0.16908354,0.0058785705,0.64654094,0.3969151,0.16735351,-0.4461369,0.17816855,0.4899884,0.76086926,0.50830334,0.8297626,0.6773256,0.69209254,0.8722209,0.21557193,0.4374955,0.38560838,-0.29794732,-0.24130362,0.32822534,0.5744012,0.62443876,0.7100018,0.79579186,-0.1296649,0.4342305
-0.4761208,-0.32142952,-0.28472695,-0.31393114,-0.31260902,-0.3265476,-0.5929709,-0.39702636,-0.26037544,0.009175854,0.2179353,0.29595354,0.24758582,0.2441417,0.29285574,-0.31502163,0.2986073,-0.12062754,0.17966875,0.11143677,-0.057644527,0.33510756,0.39072433,0.1857379,-0.1370663,0.28804335,0.78737706,0.0,0.62626255,0.6710363,0.38530087,-0.15784506,-0.18636204,0.06051911,0.31047702,-0.05146557,0.7714793,-0.049813095,-0.1718851,-0.3652912,0.294685,0.50912243,0.32515424,0.7611731,0.7321625,0.6260479,0.5303292,0.54415154,-0.2569568,0.2776989,-0.3817006,-0.40128633,-0.4174324,-0.37017646,-0.386113,-0.26723203,-0.44625434,-0.43679056,0.0159256,0.17672491,-0.0038250973,0.056330867,0.096202254,-0.02155412,0.06457752,0.3406114,-0.25524858,0.1535165,-0.04435347,-0.22535755,-0.16637269,0.19576249,0.17895408,-0.5133782,0.11979256,0.28324297,0.6866406,0.69406146,0.388751,-0.2645222,0.28212035,0.27806556,0.62830156,0.3399634,0.69573224,0.46033812,0.7643789,0.8919218,0.058179367,0.23870032,0.2763948,-0.23546845,-0.25839427,0.4715451,0.58313847,0.7242508,0.48825157,0.7037659,-0.18662648,0.26791605
-0.1689013,0.103988245,0.28695148,0.12301014,0.1039024,0.2631687,0.025788544,0.16652873,0.32576787,0.1892321,0.5671714,0.41622272,0.544227,0.56498665,0.6230008,0.11806586,0.55911505,0.46472174,0.53963405,0.6497174,0.4898599,0.37408802,0.5034154,0.4185742,-0.41101986,0.09777714,0.51301235,0.62626255,0.0,0.36181358,0.06507859,-0.33689725,-0.03658729,0.45010933,0.3850768,0.54441917,0.7150001,-0.21620132,-0.012267726,-0.10638778,0.5307792,0.4591863,0.43613616,0.56070375,0.5962987,0.46580708,0.42815843,0.34862337,0.38634694,0.5864706,-0.11808342,0.060080167,0.13228443,0.055763446,0.20320523,0.31937352,0.08647219,0.17262617,0.05714933,0.25304207,0.005027242,0.47290018,0.60538477,0.56822836,0.5818184,0.66417,0.24149999,0.62634254,0.45530763,0.37290585,0.47386628,0.42330128,0.33747306,-0.1351413,0.28620356,0.1692119,0.9226209,0.3618525,0.46585974,-0.40703377,0.39362967,0.43648386,0.4825578,0.38713905,0.49514034,0.47627532,0.5163182,0.45727953,0.570842,0.34868303,0.1941762,-0.26518002,-0.16305569,0.30395132,0.48623434,0.5001307,0.3440536,0.6640946,0.42733684,0.57155335
0.056976188,-0.11546049,-0.10278133,-0.16402863,-0.1542465,-0.25135902,-0.5739269,-0.31327114,-0.28802353,0.03388498,0.2646329,0.23255521,0.23949654,0.41786188,0.48220238,-0.09768564,0.20181267,-0.14563224,0.33497116,-0.10796295,0.098386504,0.14898948,0.7125435,0.09542902,0.1942536,0.37753254,0.4271597,0.6710363,0.36181358,0.0,0.5356553,0.01879809,-0.19981018,-0.007936292,0.080723315,-0.25671908,0.39852455,-0.10401252,-0.44156218,-0.4657594,-0.16447526,0.47252253,-0.080424815,0.41353434,0.37870848,0.13863768,0.12133179,0.26558787,-0.23302214,-0.09638088,0.09602371,-0.16153991,-0.22693963,-0.14267367,-0.27138782,-0.1416032,-0.30366856,-0.41783246,0.30300513,0.1643943,0.10071853,0.121623926,0.11697886,-0.008431695,0.05544185,0.49925497,-0.48841512,0.07269499,0.015669346,-0.2738157,-0.1689966,0.011606382,0.5014263,-0.5663931,0.21161467,0.2550976,0.38721126,0.85367453,0.5587729,0.017380172,0.18755655,-0.18362446,0.132936,0.045411415,0.33058697,-0.008891053,0.31872338,0.51022756,-0.32029718,-0.30991203,-0.14919478,-0.20777163,-0.29022694,0.14740996,0.04253442,0.30566275,-0.021782897,0.400393,-0.19792071,-0.1994611
0.12648684,-0.43072045,-0.45463082,-0.46534625,-0.5229652,-0.4494411,-0.57994306,-0.55251926,-0.5010022,0.31969783,0.10216676,0.19898082,-0.13433604,0.11297731,0.22137886,-0.2950598,-0.23672178,-0.44570506,0.020311385,-0.42314658,-0.17323716,-0.349057,0.32596847,-0.15132119,0.62367135,0.34068817,0.17080675,0.38530087,0.06507859,0.5356553,0.0,0.49401122,-0.18235962,-0.46414855,-0.41301018,-0.5355303,0.030358085,0.35485578,-0.22366153,-0.17424244,-0.46493992,0.30099323,-0.3978091,0.39332938,0.048167855,-0.0806781,-0.18909194,0.091709614,-0.36308384,-0.46415374,0.24755597,-0.48092225,-0.4093551,-0.48728305,-0.48788276,-0.3670671,-0.5567508,-0.5439354,0.5310858,0.33767447,0.3719133,-0.06371922,-0.19031504,-0.3256135,-0.21838695,0.23925254,-0.6041205,-0.19953525,-0.262504,-0.5230343,-0.39112657,-0.35407844,0.20312777,-0.35658872,0.30452344,0.4679025,0.067656815,0.69830614,0.6279568,0.508886,0.1418444,-0.44596604,-0.045557838,-0.32160437,0.18565461,-0.25102115,0.11239939,0.32270494,-0.43653157,-0.28139564,0.1414465,0.2915893,0.106749624,0.39693233,0.019730503,0.36084986,-0.091315255,0.037115537,-0.3702815,-0.39541692
0.26483396,-0.2249766,-0.327053,-0.26857036,-0.35342547,-0.29886028,-0.12473008,-0.31170204,-0.36200958,0.5840883,0.1216647,0.27687907,-0.23544256,-0.13672076,-0.10723407,-0.081303485,-0.42737997,-0.41139504,-0.20827472,-0.6016265,-0.27095208,-0.525371,-0.09911324,-0.02804276,0.7916466,0.38956413,-0.34035817,-0.15784506,-0.33689725,0.01879809,0.49401122,0.0,0.00017282966,-0.48084956,-0.59615785,-0.5697635,-0.4198502,0.656108,0.15194404,0.35436037,-0.6011371,-0.013331395,-0.45896855,-0.15526013,-0.39866298,-0.5184724,-0.5815324,-0.45484325,-0.3546782,-0.68231505,0.49197212,-0.26777172,-0.16674918,-0.28580275,-0.28559792,-0.2962265,-0.3112219,-0.2669789,0.71163225,0.56845385,0.71147346,0.024639372,-0.2579961,-0.36002526,-0.33211258,-0.091365956,-0.44222745,-0.35518077,-0.27520752,-0.42555866,-0.36431545,-0.2521592,-0.09371506,0.22496526,0.4404491,0.6436838,-0.40752268,0.22012068,0.27798605,0.8853271,0.13374767,-0.6057602,-0.36022958,-0.41182992,-0.21809424,-0.5297291,-0.276023,-0.21036288,-0.55304444,-0.26780432,0.14193209,0.78407687,0.58131444,0.40716425,-0.078897856,-0.14677113,-0.43816742,-0.6000056,-0.44356078,-0.6302952
0.19290566,0.3474385,0.3009494,0.3589739,0.31198174,0.30038494,0.37379798,0.35113516,0.25216106,0.07177924,-0.12758136,-0.017857268,0.16727363,-0.09975678,0.021053186,0.50843555,0.061444856,0.31618613,-0.021996478,0.32600936,0.19396427,0.29755417,-0.05938784,0.20932558,-0.118286386,-0.1442089,0.02796707,-0.18636204,-0.03658729,-0.19981018,-0.18235962,0.00017282966,0.0,0.39817834,0.37299058,0.26439098,0.0387276,0.3426237,0.6779801,0.4668084,0.3675887,0.20366207,0.43274713,-0.28250125,-0.07526617,0.09172617,0.27584925,-0.00509165,0.08786285,0.29339072,0.25245667,0.2907569,0.48564515,0.2620841,0.34949943,0.19406717,0.32585204,0.3303295,-0.02722868,-0.22761399,-0.12818314,0.17858058,0.16081487,0.25376067,0.25064403,0.009762498,0.44335616,0.13138892,0.24728386,0.35606387,0.34525198,0.29443473,0.057703495,0.43232957,-0.1297768,-0.14768673,0.04651306,-0.28532693,-0.12782955,0.10334954,0.15285024,0.3864619,0.24207948,0.394509,0.2335432,0.36947545,0.06115116,-0.10664993,0.26459065,0.4089454,0.41654536,0.3161902,0.49080455,0.13441971,0.11988493,-0.17645822,0.17398275,0.08371334,0.042944435,0.24055181
0.095307395,0.48248523,0.5835027,0.482769,0.50051194,0.5541611,0.51241356,0.5928379,0.56188095,0.09235247,0.33217472,0.35205057,0.75796103,0.5483841,0.42542857,0.5486789,0.800214,0.8412226,0.6270526,0.7353438,0.7248446,0.75729597,0.37326974,0.7170456,-0.60017395,0.08560891,0.18719013,0.06051911,0.45010933,-0.007936292,-0.46414855,-0.48084956,0.39817834,0.0,0.74060416,0.64811736,0.2809409,-0.23547344,0.25597242,0.24795504,0.6120386,0.25853842,0.65743345,-0.15245129,0.18593928,0.16317223,0.34550434,-0.06654828,0.49253923,0.53454405,0.045208354,0.445426,0.62218726,0.47254694,0.536157,0.50242215,0.5669681,0.49752608,-0.11985137,-0.04368357,-0.14147559,0.62628317,0.729663,0.7752462,0.7823761,0.40454626,0.5343823,0.7447412,0.7831268,0.752427,0.7349654,0.81589013,0.3735848,0.22157505,0.1640124,-0.17527065,0.5036061,-0.1462969,0.020900903,-0.5046156,0.4623464,0.5593738,0.33214393,0.7198218,0.322896,0.5046699,0.07023767,-0.016021658,0.5514197,0.35169643,-0.076915264,-0.28858468,-0.09329588,-0.12510708,0.15998276,-0.1686048,0.07136768,0.40440372,0.50000125,0.43956414
-0.30556715,0.14248641,0.2538197,0.17430912,0.24393612,0.26036528,0.14111118,0.23246987,0.31600466,-0.19930312,-0.0038773005,0.110622615,0.5885827,0.22667384,0.1389287,0.16577932,0.63573235,0.47750834,0.2695929,0.5812782,0.3032567,0.93856794,0.14866877,0.48766467,-0.6887421,-0.0006385126,0.54926735,0.31047702,0.3850768,0.080723315,-0.41301018,-0.59615785,0.37299058,0.74060416,0.0,0.49168476,0.48871812,-0.21395566,0.24764022,-0.014781403,0.7380142,0.3276114,0.8361978,0.08467824,0.52145886,0.5635606,0.69768935,0.30329335,0.1962479,0.63813037,-0.33462134,0.13451712,0.19157699,0.15864523,0.21949932,0.21363896,0.20410652,0.20415355,-0.42181015,-0.2948564,-0.42681837,0.31241488,0.42609805,0.4511542,0.45829436,0.13380757,0.3531089,0.41669598,0.36028215,0.39295456,0.35948426,0.6578922,0.060583316,-0.068365596,-0.23061004,-0.29317266,0.50017625,-0.11386861,-0.15594783,-0.65603197,0.21592422,0.6885208,0.63888276,0.80302835,0.5585533,0.732297,0.3745495,0.3716653,0.45913672,0.4752895,0.121382445,-0.41089094,-0.23062827,0.0021294116,0.34400323,0.097416356,0.46327934,0.6201114,0.22456081,0.5529081
0.039431557,0.5152752,0.7291298,0.5499952,0.57074434,0.80324024,0.6364106,0.72721535,0.8558195,-0.057648428,0.3041385,0.0236325,0.43207973,0.3051109,0.31995293,0.43867812,0.44723463,0.7939557,0.37449834,0.8611556,0.62519616,0.4075311,0.13076873,0.31708398,-0.68558675,-0.3153002,0.11519366,-0.05146557,0.54441917,-0.25671908,-0.5355303,-0.5697635,0.26439098,0.64811736,0.49168476,0.0,0.29362547,-0.37604567,0.25772062,0.15600847,0.6610743,0.12125411,0.5145269,0.031695046,0.2575602,0.26986408,0.33550233,0.15977952,0.81208766,0.7459666,-0.039196715,0.5666032,0.6065674,0.52052623,0.77532655,0.7710025,0.6642959,0.80415004,-0.30842206,-0.12865254,-0.2904641,0.40821308,0.62529343,0.73552877,0.65824324,0.31622988,0.7635309,0.6152237,0.58319974,0.826425,0.8404223,0.46288878,0.201376,0.29444277,-0.041380517,-0.33860806,0.50334793,-0.39002272,-0.023287764,-0.5668794,0.15424818,0.5990738,0.23974557,0.412789,0.11098566,0.43326044,0.08914332,-0.10378788,0.8813966,0.4147675,0.049717665,-0.3189207,-0.08545344,-0.14642821,0.18147872,0.012627159,0.24781823,0.38415104,0.835048,0.7289917
