0,1,2,3,4,5,6,7,8,9,10,11,12,13,14,15,16,17,18,19,20,21,22,23,24,25,26,27,28,29,30,31,32,33,34,35,36,37,38,39,40,41,42,43,44,45,46,47,48,49,50,51,52,53,54,55,56,57,58,59,60,61,62,63,64,65,66,67,68,69,70,71,72,73,74,75,76,77,78,79,80,81,82,83,84,85,86,87,88,89,90,91,92,93,94,95,96,97,98,99
0.0,0.7785431,0.8663068,0.74161136,0.6666577,0.7392388,0.77528447,0.7369227,0.44851303,0.3057398,0.05784103,-0.046025008,-0.47554654,-0.4244507,-0.33192024,0.9158763,-0.4102978,0.07168561,-0.38463798,-0.08870206,-0.1442984,-0.6826717,-0.23674782,-0.076075345,0.461795,-0.2205398,-0.6130265,-0.4562138,-0.29009482,-0.057669334,0.30021796,0.39194107,0.8727371,-0.14653187,-0.7382306,-0.014588222,-0.24194121,0.86923504,0.7113316,0.5334314,-0.03691728,0.09392474,-0.34378597,-0.237804,-0.51674175,-0.11771038,-0.55858773,-0.11272359,0.58819425,-0.2452788,0.73284805,0.7402187,0.85721254,0.7185329,0.6584345,0.81149864,0.6656348,0.44678324,0.04067191,-0.011406095,-0.22597891,-0.32168663,0.090346225,-0.07723502,-0.27525184,-0.13501582,0.38965732,-0.15568167,-0.09787892,0.085861534,-0.11052748,-0.20373449,0.12854208,0.11429339,-0.13323325,0.017970074,-0.27881196,-0.09204052,0.01669843,-0.17680538,-0.31689766,-0.35196003,-0.2625855,-0.37329748,-0.27924022,-0.26548633,-0.34390184,-0.517303,-0.19293793,-0.1045793,0.6456395,0.53271645,0.28542358,0.18520235,-0.2629666,-0.24920009,0.09611022,0.0075592906,0.6547536,-0.20998503
0.7785431,0.0,0.7778556,0.9334556,0.89083314,0.70899945,0.5624241,0.6760186,0.5513448,0.09682095,-0.0067269336,-0.10801986,-0.50429815,-0.44454312,-0.37535772,0.8311863,-0.42019057,0.14290838,-0.37383938,0.16595905,-0.06273104,-0.55769473,-0.3227701,-0.13118897,0.26371267,-0.14777136,-0.34219974,-0.2513505,-0.24349912,-0.11360137,0.082089946,0.1846729,0.59138054,-0.04371931,-0.5482885,0.20359749,0.055383563,0.5599683,0.520922,0.36413267,-0.08356355,0.087701425,-0.24419603,-0.06900364,-0.39186594,-0.20519982,-0.47875217,-0.2387657,0.32636625,-0.30391535,0.70827234,0.9211981,0.894986,0.9207838,0.74702287,0.7004918,0.6941233,0.6084281,0.075815015,-0.06514624,-0.17321298,-0.40710792,-0.049974013,-0.22048876,-0.3589819,-0.2627518,0.305419,-0.1675441,-0.02318071,0.18386523,-0.029748362,-0.11519614,-0.053370297,0.12682971,-0.04400813,0.117974006,-0.15215832,-0.096077144,-0.24482894,-0.29326218,-0.04254012,-0.10045011,-0.14949466,-0.102274165,0.047160093,-0.08522209,-0.0685232,-0.2707719,0.054053802,0.07651197,0.4081781,0.42311013,0.28072602,0.18593088,-0.059764367,-0.041982304,-0.00976772,-0.11660353,0.35994178,-0.28955203
0.8663068,0.7778556,0.0,0.7792272,0.72081506,0.92820966,0.83162075,0.88281417,0.72419715,0.38581535,0.18782556,0.1266735,-0.27093115,-0.26528963,-0.1921442,0.84544975,-0.21970154,0.21901728,-0.23582567,0.13719524,0.002916373,-0.41344783,-0.17859079,0.11078128,0.43098968,-0.051059708,-0.4550995,-0.37490845,-0.10166771,-0.015350538,0.05359948,0.29690832,0.65484416,0.04927643,-0.4714684,0.21808018,0.042798746,0.73659134,0.75628835,0.6235207,0.20059405,0.13812633,-0.20662688,-0.2492046,-0.47849715,-0.1812308,-0.4610487,-0.1432197,0.6482382,-0.078542076,0.59375554,0.83465815,0.84918976,0.7415487,0.86803395,0.9348567,0.8423522,0.71269923,0.047798738,-0.0785336,-0.18272755,-0.22593674,0.17798483,-0.056171723,-0.17288125,-0.05447175,0.54680187,-0.082060724,0.042274587,0.22481844,0.027627705,-0.051100064,0.09281461,0.16965444,-0.0819833,-0.021786097,-0.10768833,-0.05371022,-0.2224073,-0.18958624,-0.097164825,-0.11218921,-0.3336816,-0.21498388,-0.22537029,-0.1461422,-0.084948644,-0.3762864,0.08349306,0.039855022,0.45023292,0.43022764,0.3544176,0.10482145,-0.25282687,-0.24039505,-0.019636367,-0.085084625,0.6607973,-0.06868345
0.74161136,0.9334556,0.7792272,0.0,0.9441256,0.7167693,0.5641103,0.6982752,0.5775668,0.08078625,-0.039229862,-0.10827652,-0.48597094,-0.41826504,-0.35137153,0.7946454,-0.3972075,0.15396021,-0.3627737,0.19058791,-0.046913292,-0.5265128,-0.31245986,-0.12235897,0.24110457,-0.16694918,-0.35398713,-0.30364782,-0.23283629,-0.13307713,0.07117539,0.15452264,0.55102056,-0.028935658,-0.5239198,0.22874178,0.06951213,0.52533764,0.4956684,0.37436956,-0.015725859,0.062173583,-0.23950383,-0.096226886,-0.4040785,-0.19247323,-0.45848623,-0.22960962,0.3239733,-0.260721,0.64698386,0.93442297,0.86294955,0.9668527,0.78557986,0.69872504,0.71381205,0.64176923,0.016864264,-0.12172608,-0.22715199,-0.43249583,-0.08139799,-0.26014367,-0.34234864,-0.26504442,0.31307295,-0.20737463,-0.032879807,0.18574354,-0.019691193,-0.15614325,-0.057182264,0.101441555,-0.0933393,0.06973184,-0.1721197,-0.16212068,-0.22828716,-0.2947516,-0.048233323,-0.08293557,-0.1652304,-0.13655902,0.032541502,-0.09015157,-0.063595176,-0.32478118,0.0668465,0.09595546,0.38670808,0.38426954,0.27568862,0.15701295,-0.09178876,-0.06230071,0.011782329,-0.107841685,0.34284592,-0.2579648
0.6666577,0.89083314,0.72081506,0.9441256,0.0,0.6665429,0.44474822,0.6490125,0.53109574,-0.08149521,-0.20422083,-0.2707198,-0.6032333,-0.48942733,-0.43032628,0.7249307,-0.51958907,0.124571785,-0.44449076,0.18378283,-0.11617674,-0.5538506,-0.27149802,-0.2810412,0.08261966,-0.28623012,-0.21592763,-0.18506311,-0.3255064,-0.08775746,0.085648745,0.024887558,0.51208043,-0.055760197,-0.49562767,0.2807806,0.070604704,0.44319123,0.39463696,0.21254885,-0.030351672,-0.037353575,-0.2678945,-0.016189354,-0.38915697,-0.045982853,-0.32097307,-0.11304132,0.2986307,-0.25520316,0.65652853,0.91998166,0.79482716,0.9534487,0.78752154,0.6276394,0.6616724,0.62516636,-0.13751651,-0.28283134,-0.390922,-0.6050708,-0.27097732,-0.39913318,-0.42697117,-0.37141064,0.1890947,-0.35326734,-0.14356369,0.1286312,-0.09584012,-0.3177844,-0.06318171,-0.064793326,-0.25776422,-0.07303647,-0.26101616,-0.18856202,-0.22829959,-0.37942424,-0.14295205,-0.115526915,-0.113009945,-0.1975088,0.068936184,-0.08829194,-0.040918816,-0.26742086,0.07859779,0.04444112,0.35002437,0.26917523,0.13343608,0.1090279,-0.104378186,0.014212084,0.13970731,-0.03316487,0.26067436,-0.2933076
0.7392388,0.70899945,0.92820966,0.7167693,0.6665429,0.0,0.7759973,0.8056151,0.75875914,0.45030758,0.31678125,0.27069688,-0.15692344,-0.23473243,-0.18097815,0.70277053,-0.108357996,0.17335087,-0.22741586,0.16587967,-0.019522654,-0.27494767,-0.25711596,0.24281138,0.45501602,0.1209906,-0.36976868,-0.36704317,-0.07519091,-0.12249708,-0.015466189,0.33380973,0.5459669,0.054976556,-0.29545477,0.3338796,0.21987559,0.6526841,0.76646173,0.672476,0.3158826,0.26980922,-0.021317866,-0.15394449,-0.32893163,-0.2794689,-0.43788686,-0.24849549,0.62491995,0.028774614,0.41843903,0.7872014,0.7437346,0.68035626,0.89391714,0.9050874,0.7748872,0.75704855,0.11575645,-0.057203654,-0.1011113,-0.14908147,0.16914594,-0.121245325,-0.18734574,-0.09985654,0.5471409,-0.11263984,0.015299835,0.17453301,0.00035557317,0.028191315,-0.058050998,0.24396543,-0.0051540565,0.04857516,-0.09117837,-0.123605765,-0.29018918,-0.054027416,0.049928438,0.03620671,-0.24389294,-0.057961676,-0.12385293,-0.09609618,0.09952448,-0.22706029,0.1929833,0.20223829,0.35267907,0.42271802,0.4377566,0.16171306,-0.10679689,-0.13837329,-0.13092907,-0.21550573,0.6174216,0.05339481
0.77528447,0.5624241,0.83162075,0.5641103,0.44474822,0.7759973,0.0,0.81500953,0.659575,0.6372985,0.36840114,0.35100576,0.0074509047,0.015839681,0.08256521,0.7852284,0.092631534,0.32365108,0.06698539,0.11860635,0.22320189,-0.24713671,-0.09457523,0.36088502,0.60036975,0.071490705,-0.6707241,-0.57431865,0.15120251,-0.034956556,-0.0013801542,0.39523026,0.6307402,0.20352666,-0.4491654,0.059712723,-0.08239532,0.75285053,0.81633145,0.8390392,0.31558377,0.19672887,-0.17265055,-0.48102054,-0.51659775,-0.3318236,-0.5675313,-0.21316206,0.5919255,0.021511015,0.4449767,0.60172874,0.7316477,0.47823867,0.61732924,0.8471884,0.77316505,0.56407344,0.20407525,0.14904745,-0.0024626334,0.0753316,0.42981282,0.25017893,0.111923106,0.20908786,0.7231618,0.2072273,0.29700452,0.3672849,0.25146604,0.14141849,0.18020698,0.38570982,0.12716557,0.07064991,0.09768669,-0.054870643,-0.119657464,-0.015438637,-0.008227762,-0.0321531,-0.48640746,-0.21801884,-0.43936414,-0.19058146,-0.1757349,-0.56361526,0.060398877,0.04850698,0.43234876,0.50761086,0.5190559,0.07772413,-0.36655572,-0.4736015,-0.1811823,-0.14412926,0.7268796,0.04416002
0.7369227,0.6760186,0.88281417,0.6982752,0.6490125,0.8056151,0.81500953,0.0,0.8072511,0.3438814,0.11301544,0.1077459,-0.12773779,0.0012148364,0.06527007,0.7970462,-0.08150413,0.46556306,0.042772178,0.34433806,0.27434197,-0.25274777,0.077540964,0.12434967,0.28069595,-0.12271863,-0.40013906,-0.29381996,0.13975318,0.17637935,-0.13368542,0.059822157,0.46582487,0.29274562,-0.37938604,0.25200957,0.039120305,0.5552005,0.62550515,0.56569415,0.27500445,-0.037969217,-0.3444484,-0.4406967,-0.58500785,-0.10156622,-0.30990183,0.010966618,0.57918954,-0.015693,0.55195314,0.79445595,0.78870964,0.65421003,0.8136511,0.85292083,0.94794744,0.7752868,-0.02500282,-0.12299818,-0.19248493,-0.11866067,0.28549415,0.16009389,0.08470344,0.18365774,0.64206934,0.14622073,0.2904196,0.47103453,0.2912242,0.04422515,0.3107644,0.13346335,-0.086307235,-0.1477458,0.13693528,0.10305547,-0.26942736,-0.30052295,-0.06398637,-0.03794424,-0.49695626,-0.2608757,-0.31514794,-0.05913086,-0.10199933,-0.4471804,0.21240732,-0.057303794,0.3214301,0.25146294,0.2878931,-0.11537963,-0.4425824,-0.42439255,0.017916756,0.061817218,0.5837217,-0.05168286
0.44851303,0.5513448,0.72419715,0.5775668,0.53109574,0.75875914,0.659575,0.8072511,0.0,0.3688607,0.31221163,0.315354,0.1435356,0.21161395,0.25644538,0.54207885,0.19210087,0.631582,0.25736514,0.6419672,0.4797513,0.07698291,0.058312844,0.3411506,0.21151404,0.14135423,-0.15461881,-0.15125866,0.37480783,0.101446964,-0.37004393,-0.04782953,0.14766726,0.56352484,-0.021332366,0.61997193,0.45619136,0.2990961,0.6101314,0.5321087,0.5669639,0.13118131,-0.058157984,-0.31257156,-0.35905144,-0.26698947,-0.19335428,-0.13405393,0.52271193,0.30198655,0.325642,0.68540573,0.6117957,0.5112232,0.79780495,0.79549354,0.8384763,0.9539504,0.18125772,0.03168703,0.06552636,0.100552,0.32810527,0.2079823,0.21267077,0.25269437,0.72975296,0.27763337,0.45728403,0.62789875,0.4894122,0.26518965,0.09867031,0.32751068,0.15805437,0.010267688,0.3913328,0.09623323,-0.47797775,-0.21383527,0.3254665,0.38303545,-0.41822436,0.10129713,-0.13396332,0.10072484,0.33768147,-0.12923455,0.61656123,0.26079878,0.097484864,0.22659047,0.45413905,-0.0365187,-0.19051854,-0.2745917,-0.2484035,-0.16849627,0.5323831,0.25828892
0.3057398,0.09682095,0.38581535,0.08078625,-0.08149521,0.45030758,0.6372985,0.3438814,0.3688607,0.0,0.8459964,0.85693824,0.54311323,0.30286202,0.32117444,0.27929905,0.58986056,0.124685444,0.3151122,-0.044373356,0.23934463,0.27533397,-0.15922505,0.83560294,0.8543786,0.66395146,-0.52171296,-0.5497271,0.42180452,-0.20375025,-0.021209596,0.61913234,0.26784024,0.1776306,0.08943678,-0.05606034,0.13682759,0.50107265,0.67885214,0.83731115,0.34221387,0.61722845,0.39305305,-0.26095858,0.016229259,-0.6363938,-0.5662225,-0.46659315,0.36753082,0.18925707,-0.17211488,0.07811593,0.24146383,-0.024525642,0.18533908,0.46863946,0.3019328,0.2233629,0.5171822,0.46401992,0.44735286,0.5388435,0.61232823,0.39009216,0.32184505,0.34191722,0.59679955,0.42117727,0.37454596,0.20068108,0.26452267,0.5486656,-0.0791658,0.6140751,0.4378407,0.37614712,0.29489836,-0.071923025,-0.062810086,0.37851098,0.27749392,0.12569198,-0.23778313,0.16906103,-0.3989866,-0.26475644,0.11863094,-0.2052706,0.075222306,0.1488773,0.123108014,0.5107567,0.5907927,0.25400043,-0.041645434,-0.29751998,-0.63227147,-0.5125764,0.54123324,0.29441977
0.05784103,-0.0067269336,0.18782556,-0.039229862,-0.20422083,0.31678125,0.36840114,0.11301544,0.31221163,0.8459964,0.0,0.9350276,0.6511001,0.29231623,0.2859064,0.014275062,0.6875045,0.107488684,0.3191571,0.08755193,0.2190235,0.44095427,-0.30718258,0.8794077,0.7195644,0.87968355,-0.27268326,-0.36627153,0.42633116,-0.38493446,-0.07274374,0.5380938,0.03596523,0.22367416,0.36117285,0.14494167,0.4194147,0.24331754,0.54126066,0.66660756,0.4081338,0.79257065,0.66375595,0.024252847,0.34288606,-0.7659165,-0.46954647,-0.62464154,0.20358846,0.36504963,-0.3154363,-0.024965784,0.074308895,-0.13302325,0.10662079,0.3130456,0.14170939,0.21694453,0.7281126,0.6223029,0.70041573,0.6577862,0.54386336,0.29284948,0.23812251,0.23066376,0.55802107,0.41381568,0.34680992,0.1771208,0.26004362,0.7176334,-0.36152405,0.7303457,0.65765816,0.6163285,0.36361542,-0.111514226,-0.115384385,0.5540072,0.5509487,0.40480003,0.04341465,0.5428026,-0.041316103,-0.051962066,0.43876955,0.17125545,0.29973385,0.4416413,0.021508353,0.51993626,0.7023767,0.4490357,0.3325394,0.026753496,-0.8042057,-0.68743765,0.3966439,0.49397334
-0.046025008,-0.10801986,0.1266735,-0.10827652,-0.2707198,0.27069688,0.35100576,0.1077459,0.315354,0.85693824,0.9350276,0.0,0.74680585,0.41161034,0.39132366,-0.047274232,0.779706,0.13951038,0.4301488,0.09753195,0.2891334,0.56481487,-0.17638509,0.9463776,0.6760947,0.8862121,-0.23788647,-0.3569895,0.51679087,-0.29371116,-0.17512794,0.45464638,-0.069525994,0.2873589,0.43091467,0.11445609,0.38883933,0.15406922,0.46279782,0.64918935,0.43336248,0.6847155,0.64115727,-0.08689247,0.29524183,-0.6974816,-0.372384,-0.5406939,0.16652079,0.37033635,-0.43535385,-0.09683386,-0.011988999,-0.21185413,0.05713046,0.24904408,0.12708195,0.19217461,0.61207515,0.53539497,0.62151474,0.68963087,0.58008146,0.34986445,0.34484363,0.31728247,0.53318393,0.46002302,0.40844053,0.20604582,0.30882517,0.71573436,-0.25712693,0.6674885,0.5898392,0.48358458,0.42193052,-0.07568419,-0.15571892,0.50307894,0.5483374,0.40566233,-0.06537022,0.4752421,-0.13854352,-0.056852125,0.41327393,0.115984544,0.30326793,0.36628187,-0.111988105,0.37719092,0.59557605,0.29602137,0.20569961,-0.08733807,-0.76671255,-0.6242239,0.32538706,0.46977437
-0.47554654,-0.50429815,-0.27093115,-0.48597094,-0.6032333,-0.15692344,0.0074509047,-0.12773779,0.1435356,0.54311323,0.6511001,0.74680585,0.0,0.7948121,0.75090355,-0.41386577,0.93056506,0.3156127,0.7862267,0.28034052,0.55007195,0.86567587,0.26209044,0.7902496,0.23348214,0.6895805,0.09234412,0.017660994,0.7904173,0.054767128,-0.43000636,0.0051194574,-0.52817434,0.51082563,0.6971324,0.11742886,0.3742517,-0.31485605,0.038469926,0.2663178,0.452478,0.3220511,0.46627045,-0.18564445,0.29377082,-0.3716465,0.08607732,-0.17060044,-0.05718088,0.48982078,-0.6513535,-0.44144148,-0.39655733,-0.571196,-0.26679423,-0.13093904,-0.094213866,0.016773501,0.41663048,0.4314679,0.60965717,0.852154,0.62028533,0.6090123,0.69765854,0.6248076,0.37691692,0.69122565,0.60703665,0.3525737,0.54188484,0.74214846,0.022281438,0.45030466,0.52560127,0.23524684,0.702162,0.21759447,-0.17156649,0.36078835,0.5579632,0.48641956,-0.15083459,0.43856913,-0.16098505,0.117138945,0.42190188,0.2302232,0.4142637,0.20026226,-0.4371994,-0.06464987,0.28543112,-0.063126996,0.055453707,-0.19659847,-0.57747513,-0.3151305,0.042492524,0.5087083
-0.4244507,-0.44454312,-0.26528963,-0.41826504,-0.48942733,-0.23473243,0.015839681,0.0012148364,0.21161395,0.30286202,0.29231623,0.41161034,0.7948121,0.0,0.9778744,-0.2853946,0.74265456,0.5775168,0.9341682,0.4934793,0.79641473,0.7328648,0.6386476,0.5021289,-0.042234052,0.26591045,0.16338444,0.19970651,0.9323804,0.45335716,-0.5627378,-0.30246693,-0.5467392,0.70429486,0.52031356,0.16548336,0.26730895,-0.35506898,-0.03779001,0.09497908,0.44657618,-0.05557899,0.05387589,-0.43677637,-0.0400399,-0.049209446,0.3137816,0.19846795,0.004942914,0.44751048,-0.41046402,-0.36256418,-0.33026457,-0.47859982,-0.24881123,-0.11116923,0.014158908,0.08469931,0.1436588,0.20736225,0.34878772,0.6937853,0.60762423,0.8015964,0.9454317,0.879686,0.34870172,0.79280454,0.77746034,0.58668244,0.7728972,0.5381561,0.40702087,0.22017701,0.30075112,-0.086417444,0.86141044,0.48003766,-0.22122148,-0.032496393,0.3870846,0.41190302,-0.433443,0.1543304,-0.31136802,0.1640452,0.28616607,0.062819056,0.4652512,-0.037881985,-0.4557017,-0.25851312,0.07481457,-0.37910572,-0.28455213,-0.47435975,-0.2968984,0.045394477,0.032322504,0.37350813
-0.33192024,-0.37535772,-0.1921442,-0.35137153,-0.43032628,-0.18097815,0.08256521,0.06527007,0.25644538,0.32117444,0.2859064,0.39132366,0.75090355,0.9778744,0.0,-0.19603603,0.69232,0.61161596,0.92167807,0.51154983,0.8125739,0.6633769,0.64998984,0.47192714,-0.0049346625,0.23299734,0.11582413,0.17663611,0.92631197,0.480512,-0.5117971,-0.28290734,-0.45934123,0.7086837,0.448906,0.17762998,0.25213426,-0.2682464,0.026673527,0.13585529,0.44570667,-0.04272496,-0.0014094292,-0.4645063,-0.09571698,-0.045669433,0.27964908,0.21601206,0.0942264,0.44921964,-0.32231808,-0.30178675,-0.25271228,-0.4170325,-0.19894935,-0.038649924,0.07064299,0.12570108,0.158586,0.21910165,0.34273824,0.6726215,0.65117055,0.8425546,0.96952486,0.911061,0.39049903,0.80645305,0.7996752,0.6196394,0.79125565,0.5254534,0.45133755,0.22703677,0.2971448,-0.081432454,0.86660165,0.50808454,-0.18962613,-0.050739065,0.34494832,0.37956947,-0.45462424,0.11249493,-0.34947032,0.14621189,0.25595638,0.016355596,0.46548107,-0.057152785,-0.36616817,-0.20455787,0.10726869,-0.34898406,-0.3121977,-0.5026652,-0.27878195,0.07013111,0.11103965,0.37777445
0.9158763,0.8311863,0.84544975,0.7946454,0.7249307,0.70277053,0.7852284,0.7970462,0.54207885,0.27929905,0.014275062,-0.047274232,-0.41386577,-0.2853946,-0.19603603,0.0,-0.31416175,0.23689201,-0.21415354,0.089824826,0.054324713,-0.5909823,-0.14194448,-0.05163015,0.38546577,-0.25049448,-0.5997942,-0.4221041,-0.13024037,0.005982696,0.08882066,0.2501844,0.7466451,0.017992359,-0.72766995,0.017252197,-0.2163162,0.75266945,0.6522938,0.5421707,-0.012082176,-0.006997712,-0.43763843,-0.3814271,-0.6443389,-0.15664388,-0.53899145,-0.10604762,0.46546432,-0.29084364,0.76079494,0.80543226,0.9255187,0.7611726,0.6547498,0.79365766,0.7601811,0.5257153,0.028728316,-0.026588757,-0.23169708,-0.29212496,0.13368174,0.036466885,-0.14180917,-0.025886873,0.45347765,-0.012679294,0.09574857,0.27767178,0.08793683,-0.143083,0.2003849,0.15291643,-0.08284589,-0.0075481194,-0.10702348,-0.03196806,-0.13028428,-0.29379255,-0.19583812,-0.23849127,-0.42560264,-0.36633843,-0.30158997,-0.20679943,-0.33214417,-0.5872994,-0.088940494,-0.09878382,0.5100701,0.46435943,0.30466324,0.043463998,-0.37633103,-0.38304967,0.04273316,0.010085908,0.55979776,-0.29041317
-0.4102978,-0.42019057,-0.21970154,-0.3972075,-0.51958907,-0.108357996,0.092631534,-0.08150413,0.19210087,0.58986056,0.6875045,0.779706,0.93056506,0.74265456,0.69232,-0.31416175,0.0,0.34332114,0.77789885,0.2960968,0.5805731,0.81521857,0.14177713,0.82734084,0.30125636,0.707056,-0.02166499,-0.12764376,0.7721287,-0.07858153,-0.44904292,0.052722353,-0.46510965,0.534552,0.605273,0.10642858,0.3391411,-0.2582124,0.11370409,0.37587425,0.47166857,0.35751098,0.47042978,-0.23103954,0.23411249,-0.5018097,-0.056387804,-0.30754837,-0.1021069,0.44666195,-0.5855195,-0.36676994,-0.28794044,-0.50561124,-0.24196859,-0.07255771,-0.03168913,0.05402292,0.48352218,0.48365498,0.61802906,0.8179067,0.58714557,0.56691325,0.631747,0.55031544,0.4513653,0.67946464,0.6419864,0.40606993,0.57318634,0.74164784,-0.06655907,0.5685437,0.59166294,0.30961758,0.6913685,0.071314655,-0.19807045,0.37173748,0.6146151,0.5438717,-0.18558384,0.45281613,-0.17059053,0.073202476,0.38850006,0.11706,0.41249192,0.2853159,-0.3947023,0.046766497,0.4084905,-0.009144141,0.057580244,-0.22903115,-0.6658683,-0.42456067,0.065383136,0.47189066
0.07168561,0.14290838,0.21901728,0.15396021,0.124571785,0.17335087,0.32365108,0.46556306,0.631582,0.124685444,0.107488684,0.13951038,0.3156127,0.5775168,0.61161596,0.23689201,0.34332114,0.0,0.6664821,0.85645574,0.8569646,0.2633786,0.4218259,0.18924949,-0.117654786,-0.03348625,0.00033874632,0.09546657,0.66360086,0.3524341,-0.4616042,-0.4186607,-0.18722163,0.91416353,0.08759356,0.5246219,0.31270015,-0.08117565,0.2214145,0.17464082,0.54991907,-0.11898192,-0.23190956,-0.42055196,-0.32844973,-0.06509308,0.10651654,0.14069365,0.2644835,0.43683064,0.23590204,0.24867825,0.26147544,0.08855099,0.2605079,0.34809366,0.52863646,0.5843073,0.16822559,0.16648671,0.20282923,0.32143834,0.4249341,0.5887872,0.58345526,0.58377886,0.63096994,0.63982123,0.79892385,0.95576745,0.86518764,0.3740605,0.37449577,0.2605377,0.24596232,-0.044514854,0.73156554,0.33575022,-0.27547306,-0.29627582,0.34438607,0.48844117,-0.4433334,0.12641285,-0.14508456,0.30606905,0.25774446,-0.096087225,0.7024297,0.11880271,-0.037680212,-0.007974356,0.27222517,-0.20603485,-0.27945045,-0.39265692,-0.14640062,0.113036655,0.31554222,0.3353102
-0.38463798,-0.37383938,-0.23582567,-0.3627737,-0.44449076,-0.22741586,0.06698539,0.042772178,0.25736514,0.3151122,0.3191571,0.4301488,0.7862267,0.9341682,0.92167807,-0.21415354,0.77789885,0.6664821,0.0,0.56337595,0.86996317,0.69699746,0.5315011,0.52370703,-0.019308448,0.2861684,0.08307218,0.11140343,0.9335749,0.3314505,-0.58179784,-0.30561274,-0.5235025,0.7748519,0.4553707,0.1757517,0.23825179,-0.3500248,-0.013720382,0.15417078,0.45321485,-0.031874225,0.04209498,-0.45640054,-0.059485834,-0.16764928,0.1910809,0.07557637,-0.060279395,0.43399212,-0.32646525,-0.30682218,-0.23280932,-0.4459083,-0.25336564,-0.08585594,0.07879428,0.126198,0.25985914,0.32514846,0.4366137,0.72215784,0.62183493,0.8183144,0.8846326,0.8194996,0.44547328,0.86863995,0.8740222,0.7011434,0.861294,0.6205664,0.33642235,0.35119915,0.4292565,0.04210677,0.90626025,0.3988935,-0.22937478,-0.003863426,0.4785322,0.49261925,-0.4237195,0.2331484,-0.25401926,0.2113541,0.26006016,0.0070171994,0.5023735,0.055508446,-0.4050587,-0.16323242,0.20002104,-0.31076744,-0.24050178,-0.4643032,-0.36911905,-0.01689787,0.03998325,0.37334958
-0.08870206,0.16595905,0.13719524,0.19058791,0.18378283,0.16587967,0.11860635,0.34433806,0.6419672,-0.044373356,0.08755193,0.09753195,0.28034052,0.4934793,0.51154983,0.089824826,0.2960968,0.85645574,0.56337595,0.0,0.7634331,0.33143115,0.3118107,0.14628737,-0.27017215,0.03874644,0.255017,0.26753446,0.595208,0.26661628,-0.54075706,-0.4952893,-0.362474,0.8681553,0.26101348,0.75704235,0.5761099,-0.27019185,0.12168317,0.02155349,0.56286275,-0.06934803,-0.06794607,-0.18771526,-0.14668277,-0.080292836,0.21248762,0.05756467,0.1509938,0.48736912,0.1491802,0.27626145,0.18629567,0.13816454,0.30718774,0.25979513,0.43740413,0.6529662,0.1876718,0.111703046,0.22743303,0.24592115,0.26497173,0.38476458,0.44210342,0.41153723,0.5022097,0.4954551,0.6775287,0.83421755,0.7650005,0.35929093,0.15940507,0.24123245,0.27719608,0.024708154,0.7026671,0.29253873,-0.43078187,-0.28471032,0.5166829,0.6616413,-0.26070195,0.336399,0.12517563,0.4244722,0.5288848,0.18048537,0.8765378,0.3109154,-0.17565098,-0.06831482,0.25777334,-0.1271098,-0.028260257,-0.13812955,-0.1881544,0.005958621,0.13430987,0.38142464
-0.1442984,-0.06273104,0.002916373,-0.046913292,-0.11617674,-0.019522654,0.22320189,0.27434197,0.4797513,0.23934463,0.2190235,0.2891334,0.55007195,0.79641473,0.8125739,0.054324713,0.5805731,0.8569646,0.86996317,0.7634331,0.0,0.47303066,0.4590635,0.37441164,-0.035975873,0.12889042,-0.0025302556,0.05913149,0.86943966,0.31775147,-0.53583777,-0.3455313,-0.34247616,0.89000654,0.24474134,0.36229303,0.29599527,-0.20461473,0.13588493,0.20474647,0.5161612,-0.050963324,-0.10109193,-0.47206026,-0.2165393,-0.18506765,0.086012274,0.046031762,0.07288079,0.42630062,-0.030231163,0.010563844,0.04863474,-0.13251004,0.015017966,0.14364053,0.3276188,0.3859739,0.25359446,0.278541,0.3379295,0.5255067,0.53911626,0.7373547,0.7786179,0.7297828,0.574404,0.80695117,0.92556894,0.89288914,0.9832384,0.52131915,0.33834654,0.3662305,0.3839887,0.045364805,0.89452004,0.3384974,-0.26623443,-0.15613161,0.4558896,0.5346911,-0.45683834,0.20292404,-0.19870281,0.24050745,0.27664787,-0.09195975,0.63724875,0.11960887,-0.22285177,-0.03124209,0.29427794,-0.23060603,-0.26313174,-0.45418903,-0.31779876,0.0020433883,0.17163794,0.34503183
-0.6826717,-0.55769473,-0.41344783,-0.5265128,-0.5538506,-0.27494767,-0.24713671,-0.25274777,0.07698291,0.27533397,0.44095427,0.56481487,0.86567587,0.7328648,0.6633769,-0.5909823,0.81521857,0.2633786,0.69699746,0.33143115,0.47303066,0.0,0.30475992,0.6102871,-0.023016682,0.59552276,0.40047076,0.25111353,0.7064136,0.115466125,-0.49630153,-0.21423288,-0.7473204,0.47652802,0.88248,0.22739701,0.49527588,-0.5441929,-0.18249725,-0.012848351,0.42051178,0.20287393,0.50148946,-0.013283604,0.39261818,-0.18416095,0.31790596,-0.041522596,-0.17496324,0.47640973,-0.7417914,-0.4673304,-0.5371183,-0.5663695,-0.2804809,-0.28851724,-0.21523751,-0.0009306112,0.20135668,0.17177808,0.42128617,0.63009727,0.32437238,0.3865963,0.58486223,0.46067175,0.13675217,0.5035976,0.46713078,0.2605261,0.44447383,0.56942654,-0.0532668,0.21291845,0.31414825,0.06368404,0.6195513,0.19652495,-0.25522748,0.18759386,0.51227266,0.4975958,-0.04513996,0.43215176,-0.034598567,0.12257564,0.5475301,0.40864372,0.46640456,0.15930992,-0.6370996,-0.30065525,0.06710682,-0.16783725,0.101656824,-0.035891477,-0.45855713,-0.2640184,-0.18863954,0.441483
-0.23674782,-0.3227701,-0.17859079,-0.31245986,-0.27149802,-0.25711596,-0.09457523,0.077540964,0.058312844,-0.15922505,-0.30718258,-0.17638509,0.26209044,0.6386476,0.64998984,-0.14194448,0.14177713,0.4218259,0.5315011,0.3118107,0.4590635,0.30475992,0.0,-0.08667638,-0.4138193,-0.349385,0.32945538,0.49874392,0.48735493,0.9055693,-0.4328298,-0.54937965,-0.361102,0.40387532,0.19117075,0.047220252,-0.067894034,-0.2821471,-0.23985986,-0.26991963,0.1282994,-0.59659684,-0.4625571,-0.5087083,-0.38837627,0.6003292,0.6637333,0.802102,0.14674425,0.13899314,-0.06869118,-0.22782017,-0.2474443,-0.27995715,-0.15486605,-0.12404168,0.014670801,-0.0042890133,-0.45398554,-0.36278692,-0.2578224,0.154605,0.28080752,0.57803553,0.70235175,0.7089786,-0.016614964,0.3919728,0.3835585,0.34570184,0.41682997,-0.048285376,0.81278795,-0.40667608,-0.30882797,-0.6586852,0.44597223,0.73105454,-0.17753944,-0.46176425,-0.1705664,-0.07026619,-0.56678903,-0.40219948,-0.41130474,0.13257664,-0.09486915,-0.06266494,0.15870762,-0.4957773,-0.34505582,-0.6102841,-0.46357197,-0.7630122,-0.63306636,-0.57512003,0.36377892,0.63892466,-0.053660225,-0.012560419
-0.076075345,-0.13118897,0.11078128,-0.12235897,-0.2810412,0.24281138,0.36088502,0.12434967,0.3411506,0.83560294,0.8794077,0.9463776,0.7902496,0.5021289,0.47192714,-0.05163015,0.82734084,0.18924949,0.52370703,0.14628737,0.37441164,0.6102871,-0.08667638,0.0,0.6256518,0.8367249,-0.22964793,-0.33703962,0.591815,-0.22967662,-0.32211116,0.36615783,-0.14295791,0.33999515,0.43078634,0.08889657,0.35208622,0.09101827,0.41600734,0.66934776,0.42801675,0.57419074,0.5506738,-0.20547871,0.18874721,-0.6774175,-0.3304228,-0.493523,0.09791767,0.32324353,-0.46943244,-0.10466678,-0.019791627,-0.23278871,0.033324424,0.22520608,0.14627463,0.19749472,0.54761225,0.47520903,0.58117,0.7109338,0.61493367,0.4203499,0.42934254,0.39776793,0.5330494,0.52141476,0.49391267,0.2676417,0.3826948,0.72665524,-0.17067282,0.6502004,0.5906375,0.4030167,0.49810177,-0.020358944,-0.25659984,0.44160542,0.5865979,0.4319936,-0.18943259,0.43033168,-0.18503007,-0.040538996,0.3704252,0.053886518,0.30947962,0.33879167,-0.22318465,0.274908,0.554359,0.15174258,0.10037853,-0.200221,-0.7447323,-0.57814497,0.2553396,0.39355978
0.461795,0.26371267,0.43098968,0.24110457,0.08261966,0.45501602,0.60036975,0.28069595,0.21151404,0.8543786,0.7195644,0.6760947,0.23348214,-0.042234052,-0.0049346625,0.38546577,0.30125636,-0.117654786,-0.019308448,-0.27017215,-0.035975873,-0.023016682,-0.4138193,0.6256518,0.0,0.55687624,-0.63645315,-0.6705352,0.11274274,-0.38643387,0.248403,0.80119866,0.51091063,-0.11868613,-0.13807818,-0.21587572,-0.004962169,0.6481091,0.67140424,0.76783586,0.07999056,0.6853675,0.3802462,-0.092792116,0.06636946,-0.658698,-0.75709295,-0.57898355,0.27015686,-0.07102937,-0.019586055,0.1836987,0.34980842,0.15479138,0.20400165,0.44113758,0.2398204,0.10825187,0.4969096,0.4177484,0.32336167,0.27147394,0.38243797,0.12688594,0.007423315,0.0443082,0.40414274,0.16437423,0.110048674,-0.020942425,0.00956505,0.36300737,-0.22759153,0.5453248,0.33056316,0.46484163,0.005956067,-0.25423673,0.09369154,0.41092548,0.104244135,-0.07818131,-0.046757616,0.10602842,-0.2791144,-0.3693163,-0.02392575,-0.26250067,-0.16509652,0.11274927,0.28866872,0.67034423,0.56046796,0.43737042,0.066219695,-0.13370271,-0.5564025,-0.5422484,0.46725717,0.07167497
-0.2205398,-0.14777136,-0.051059708,-0.16694918,-0.28623012,0.1209906,0.071490705,-0.12271863,0.14135423,0.66395146,0.87968355,0.8862121,0.6895805,0.26591045,0.23299734,-0.25049448,0.707056,-0.03348625,0.2861684,0.03874644,0.12889042,0.59552276,-0.349385,0.8367249,0.55687624,0.0,-0.050056223,-0.24330354,0.38612443,-0.44660392,-0.108661495,0.42424402,-0.21921888,0.14762849,0.56661695,0.12745781,0.49226075,-0.0407136,0.2700031,0.42667696,0.3025153,0.76421267,0.8265082,0.20333976,0.5555491,-0.72581583,-0.33176866,-0.6524704,-0.05743412,0.317623,-0.5409703,-0.16836004,-0.14607145,-0.23936403,-0.04190183,0.04160896,-0.06774889,0.07973114,0.65430814,0.5382283,0.6789774,0.6189575,0.36611977,0.1292353,0.1529767,0.09272904,0.31259108,0.32215148,0.2434848,0.03867676,0.15493584,0.7066287,-0.5084406,0.6208727,0.60970366,0.6039188,0.31691787,-0.19328085,-0.13020901,0.54933304,0.6111573,0.4447279,0.21545646,0.66700983,0.11606608,-0.017537765,0.5356925,0.3504876,0.28778222,0.44800797,-0.2116668,0.3376997,0.52882755,0.42082933,0.47093228,0.21184273,-0.81290704,-0.74813044,0.08952573,0.4307524
-0.6130265,-0.34219974,-0.4550995,-0.35398713,-0.21592763,-0.36976868,-0.6707241,-0.40013906,-0.15461881,-0.52171296,-0.27268326,-0.23788647,0.09234412,0.16338444,0.11582413,-0.5997942,-0.02166499,0.00033874632,0.08307218,0.255017,-0.0025302556,0.40047076,0.32945538,-0.22964793,-0.63645315,-0.050056223,0.0,0.86122805,0.07812837,0.33039626,-0.29054013,-0.5419296,-0.6731984,0.099725,0.60600156,0.35872105,0.43918082,-0.6428573,-0.49694854,-0.67743707,0.07134372,-0.22519335,0.14830545,0.37971997,0.34999567,0.44203246,0.7681262,0.39422846,-0.17659044,0.24838766,-0.3301102,-0.28436875,-0.52121687,-0.2775296,-0.17203788,-0.42912382,-0.37351316,-0.07155112,-0.3006611,-0.3439042,-0.11307446,-0.07406665,-0.33069754,-0.13926691,0.062149502,-0.023429831,-0.44488168,-0.098740995,-0.11090786,-0.09365484,-0.03079206,-0.08110525,-0.019727698,-0.42756826,-0.2257499,-0.295793,0.12156687,0.3172307,-0.22856756,-0.239941,0.118920825,0.2179296,0.23954172,0.21166007,0.33323455,0.28368908,0.4818051,0.7190039,0.3211428,0.008806414,-0.5323058,-0.5790556,-0.45189425,-0.25946453,0.21990274,0.3564259,0.18356161,0.18778265,-0.45545152,0.13105898
-0.4562138,-0.2513505,-0.37490845,-0.30364782,-0.18506311,-0.36704317,-0.57431865,-0.29381996,-0.15125866,-0.5497271,-0.36627153,-0.3569895,0.017660994,0.19970651,0.17663611,-0.4221041,-0.12764376,0.09546657,0.11140343,0.26753446,0.05913149,0.25111353,0.49874392,-0.33703962,-0.6705352,-0.24330354,0.86122805,0.0,0.100636736,0.5433329,-0.30751666,-0.5520377,-0.53713614,0.11704675,0.41719297,0.2899628,0.26319018,-0.5317586,-0.4399436,-0.6751054,-0.043287333,-0.3774761,-0.11911701,0.1926394,0.12039924,0.5727555,0.79098815,0.56936675,-0.09162857,0.15334436,-0.114765875,-0.23256627,-0.3847867,-0.22119589,-0.18800083,-0.33964524,-0.29798168,-0.07944951,-0.32930562,-0.3436623,-0.15633817,-0.06631337,-0.19364122,0.045795213,0.16008033,0.13828598,-0.3932272,0.0042876536,-0.039811447,-0.0023212512,0.035051547,-0.12432043,0.22608499,-0.45000923,-0.24518532,-0.35760856,0.1747769,0.5477537,-0.243004,-0.378168,0.027190227,0.10455045,0.057598706,0.053644866,0.23022662,0.29651684,0.30760932,0.5928066,0.24014387,-0.13866755,-0.42092192,-0.55813074,-0.4906152,-0.37846592,0.046048656,0.17701383,0.3185866,0.38521284,-0.35455197,0.025773704
-0.29009482,-0.24349912,-0.10166771,-0.23283629,-0.3255064,-0.07519091,0.15120251,0.13975318,0.37480783,0.42180452,0.42633116,0.51679087,0.7904173,0.9323804,0.92631197,-0.13024037,0.7721287,0.66360086,0.9335749,0.595208,0.86943966,0.7064136,0.48735493,0.591815,0.11274274,0.38612443,0.07812837,0.100636736,0.0,0.32247996,-0.5538844,-0.22713296,-0.4506429,0.76736426,0.49064037,0.2539807,0.36986414,-0.24006687,0.12019349,0.2423192,0.4865906,0.10585394,0.1284672,-0.39746895,-0.03232844,-0.24365893,0.12862095,0.022480732,0.06452921,0.4496901,-0.3258376,-0.1856605,-0.1444986,-0.32160684,-0.10463501,0.046910614,0.16857211,0.2463907,0.29083276,0.30627257,0.44124454,0.698994,0.63689256,0.7905082,0.88454455,0.81827617,0.48293573,0.8586681,0.88444996,0.7049648,0.8597022,0.65318626,0.28536576,0.36444554,0.4137498,0.06951701,0.93327665,0.40005097,-0.27922583,-0.030817399,0.4864275,0.4861872,-0.40664408,0.26419196,-0.2789909,0.12736805,0.36713883,0.045290805,0.5562761,0.055327043,-0.39695057,-0.08285112,0.24863698,-0.23652111,-0.20899656,-0.42333397,-0.4615538,-0.12948537,0.12494837,0.388634
-0.057669334,-0.11360137,-0.015350538,-0.13307713,-0.08775746,-0.12249708,-0.034956556,0.17637935,0.101446964,-0.20375025,-0.38493446,-0.29371116,0.054767128,0.45335716,0.480512,0.005982696,-0.07858153,0.3524341,0.3314505,0.26661628,0.31775147,0.115466125,0.9055693,-0.22967662,-0.38643387,-0.44660392,0.33039626,0.5433329,0.32247996,0.0,-0.34330618,-0.5115446,-0.18063003,0.26243138,0.06283382,0.07166641,-0.07692959,-0.125383,-0.152218,-0.27374956,0.018173756,-0.59005857,-0.5450329,-0.43889713,-0.44489053,0.6651413,0.6410071,0.84775096,0.26006857,0.03093421,0.08672073,-0.051037837,-0.09845577,-0.083869666,-0.0038542578,0.0044270605,0.089884765,0.06462797,-0.5427329,-0.48068973,-0.39958823,-0.031300623,0.17117584,0.44931072,0.54632837,0.5792719,-0.091980256,0.24695548,0.23367059,0.25907126,0.2843694,-0.1798489,0.8226496,-0.53259,-0.45080057,-0.70367336,0.30820993,0.7663292,-0.18471494,-0.5920777,-0.29326504,-0.21751761,-0.53326726,-0.4891292,-0.38331494,0.07734154,-0.112518065,-0.052575253,0.0852702,-0.5654163,-0.25522617,-0.5582111,-0.5346379,-0.71737784,-0.6328178,-0.51834273,0.46036568,0.677498,0.0025453763,-0.13847831
0.30021796,0.082089946,0.05359948,0.07117539,0.085648745,-0.015466189,-0.0013801542,-0.13368542,-0.37004393,-0.021209596,-0.07274374,-0.17512794,-0.43000636,-0.5627378,-0.5117971,0.08882066,-0.44904292,-0.4616042,-0.58179784,-0.54075706,-0.53583777,-0.49630153,-0.4328298,-0.32211116,0.248403,-0.108661495,-0.29054013,-0.30751666,-0.5538844,-0.34330618,0.0,0.40265283,0.5262007,-0.53533655,-0.33853695,-0.32449433,-0.30447888,0.3858126,0.07162665,-0.06431171,-0.29671684,0.3184624,0.11011149,0.44542226,0.2915297,0.002182669,-0.32316783,-0.113776565,0.10510045,-0.16198166,0.19691625,-1.2843885e-05,0.069486655,0.12396702,-0.038398385,-0.022623496,-0.15519862,-0.30748364,0.0706268,0.098760925,-0.05182982,-0.31586695,-0.29299212,-0.3956207,-0.48466748,-0.44587135,-0.22643134,-0.42889437,-0.50796694,-0.4516693,-0.5011524,-0.26659113,-0.2414452,-0.09583436,-0.19440015,0.21897095,-0.57522744,-0.39184782,0.76729167,0.2533643,-0.5085735,-0.47100186,0.5454795,-0.114254616,0.08355969,-0.25010753,-0.28065673,-0.09304567,-0.47696725,-0.12632616,0.6093114,0.41065887,0.004901176,0.559286,0.2578764,0.3922247,0.15606678,-0.032630123,0.14052323,-0.0524866
0.39194107,0.1846729,0.29690832,0.15452264,0.024887558,0.33380973,0.39523026,0.059822157,-0.04782953,0.61913234,0.5380938,0.45464638,0.0051194574,-0.30246693,-0.28290734,0.2501844,0.052722353,-0.4186607,-0.30561274,-0.4952893,-0.3455313,-0.21423288,-0.54937965,0.36615783,0.80119866,0.42424402,-0.5419296,-0.5520377,-0.22713296,-0.5115446,0.40265283,0.0,0.5393583,-0.41021207,-0.23807532,-0.30454412,-0.117029175,0.6029539,0.519011,0.595819,-0.095791444,0.61586225,0.35795167,0.085321344,0.16795313,-0.50071454,-0.64033836,-0.5172554,0.1603725,-0.17427845,-0.0040695895,0.08378775,0.25292006,0.11311764,0.090951785,0.282243,0.03002633,-0.10730966,0.4202864,0.34905145,0.23967917,0.11136303,0.17621765,-0.11550303,-0.2661895,-0.20357248,0.16712132,-0.13352716,-0.21425259,-0.32885036,-0.30866888,0.14817907,-0.32694888,0.4334114,0.26478538,0.46509936,-0.28305182,-0.3182697,0.21937239,0.5258747,0.020420298,-0.16095753,0.16018507,0.101443894,-0.039446946,-0.2534193,-0.10344728,-0.15074147,-0.35310102,0.17742774,0.41338405,0.6615078,0.46814254,0.53995943,0.23274685,0.069888175,-0.3265369,-0.4301288,0.3067241,-0.0031040893
0.8727371,0.59138054,0.65484416,0.55102056,0.51208043,0.5459669,0.6307402,0.46582487,0.14766726,0.26784024,0.03596523,-0.069525994,-0.52817434,-0.5467392,-0.45934123,0.7466451,-0.46510965,-0.18722163,-0.5235025,-0.362474,-0.34247616,-0.7473204,-0.361102,-0.14295791,0.51091063,-0.21921888,-0.6731984,-0.53713614,-0.4506429,-0.18063003,0.5262007,0.5393583,0.0,-0.3745702,-0.7800738,-0.234164,-0.38779268,0.8949846,0.61165684,0.45253083,-0.16064858,0.17742346,-0.25158253,-0.09298356,-0.3561702,-0.11659283,-0.611175,-0.16142716,0.5029763,-0.30549768,0.6133518,0.5018169,0.6641084,0.5506432,0.41402447,0.5925209,0.38773483,0.1317302,0.04809532,0.038629167,-0.21281281,-0.36504722,-0.025541402,-0.17858313,-0.38261944,-0.25905946,0.18553247,-0.29880226,-0.2890165,-0.1700827,-0.30968753,-0.32325062,0.004699605,0.07301241,-0.16848339,0.07437781,-0.48289272,-0.2437971,0.2534389,-0.03796634,-0.45378035,-0.49175656,-0.085015655,-0.41766474,-0.2869322,-0.400484,-0.45537636,-0.52821463,-0.4259203,-0.15475994,0.7006896,0.5782344,0.22930159,0.30235824,-0.1754821,-0.12634967,0.10203871,-0.035989907,0.5775514,-0.22299667
-0.14653187,-0.04371931,0.04927643,-0.028935658,-0.055760197,0.054976556,0.20352666,0.29274562,0.56352484,0.1776306,0.22367416,0.2873589,0.51082563,0.70429486,0.7086837,0.017992359,0.534552,0.91416353,0.7748519,0.8681553,0.89000654,0.47652802,0.40387532,0.33999515,-0.11868613,0.14762849,0.099725,0.11704675,0.76736426,0.26243138,-0.53533655,-0.41021207,-0.3745702,0.0,0.30882096,0.57648635,0.44110715,-0.22345118,0.16390194,0.17131086,0.6792277,-0.00927382,-0.026917838,-0.34888926,-0.14739235,-0.15378228,0.16487528,0.05549545,0.18880963,0.59011465,0.0023226906,0.06568448,0.059703033,-0.10839451,0.12253724,0.21221538,0.36530972,0.4960188,0.2563444,0.25336385,0.33155546,0.47004217,0.43591022,0.6071822,0.6549895,0.60594517,0.6189277,0.68373257,0.8198682,0.89736396,0.8958161,0.4777022,0.2408243,0.3562461,0.3679207,0.03426282,0.8050596,0.27191898,-0.2889205,-0.14864531,0.4991664,0.6507934,-0.36481953,0.28464466,-0.090424076,0.3232119,0.4236452,0.03831115,0.7884335,0.26442108,-0.17923704,-0.03742044,0.33749944,-0.15947565,-0.15020528,-0.31352186,-0.29097438,-0.016837519,0.23995082,0.49325892
-0.7382306,-0.5482885,-0.4714684,-0.5239198,-0.49562767,-0.29545477,-0.4491654,-0.37938604,-0.021332366,0.08943678,0.36117285,0.43091467,0.6971324,0.52031356,0.448906,-0.72766995,0.605273,0.08759356,0.4553707,0.26101348,0.24474134,0.88248,0.19117075,0.43078634,-0.13807818,0.56661695,0.60600156,0.41719297,0.49064037,0.06283382,-0.33853695,-0.23807532,-0.7800738,0.30882096,0.0,0.31576648,0.6082731,-0.6141437,-0.2852302,-0.21749854,0.35198247,0.24943696,0.6202929,0.28544632,0.60317576,-0.07025599,0.4214667,-0.017262403,-0.1727043,0.49231088,-0.7566383,-0.46706924,-0.62560654,-0.5289625,-0.25086495,-0.37023467,-0.3318516,-0.038628347,0.13968441,0.08413516,0.3593474,0.46341276,0.11494758,0.14047498,0.3569785,0.23327135,-0.06686282,0.2656371,0.22412375,0.060146686,0.22000371,0.4513025,-0.20190513,0.0665815,0.19859621,0.06399729,0.4300562,0.14493433,-0.18142335,0.2008298,0.46282718,0.46364763,0.21456906,0.5182041,0.18843898,0.17568712,0.67393744,0.6464253,0.45961395,0.20204455,-0.6114098,-0.33618557,-0.04991137,-0.03716495,0.30872694,0.26436326,-0.35519773,-0.2523725,-0.28463414,0.46413785
