0,1,2,3,4,5,6,7,8,9,10,11,12,13,14,15,16,17,18,19,20,21,22,23,24,25,26,27,28,29,30,31,32,33,34,35,36,37,38,39,40,41,42,43,44,45,46,47,48,49,50,51,52,53,54,55,56,57,58,59,60,61,62,63,64,65,66,67,68,69,70,71,72,73,74,75,76,77,78,79,80,81,82,83,84,85,86,87,88,89,90,91,92,93,94,95,96,97,98,99
0.0,0.063740626,0.0307639,0.010733262,-0.054824084,0.16171993,-0.1398882,-0.22871418,-0.12942792,0.5205775,0.52808315,0.47310624,0.09656011,-0.16465856,0.027300522,-0.11554993,-0.6221914,-0.43878633,-0.296577,-0.2457041,-0.55691636,0.11272935,-0.43771982,-0.048084687,0.626321,0.39973724,-0.2568125,0.45183268,0.1538777,0.10222388,0.17205548,0.6749066,0.53634787,-0.19291165,0.3789702,0.41971704,0.50042194,0.85901564,0.3033252,-0.071337275,0.5020462,0.6264965,0.42912242,0.55929047,0.31210923,0.45267826,0.32767802,0.31100616,0.5983395,0.4710729,0.81337345,0.08141434,-0.46644738,-0.023070402,-0.00535473,0.23262845,-0.26655024,-0.31187248,0.4617921,0.49130914,0.35527796,0.023670545,-0.25793675,-0.027362518,-0.1738874,-0.03065006,-0.12916559,-0.19124502,-0.55476,-0.5463113,-0.44757968,-0.23660113,-0.5014295,-0.0652069,0.032824766,0.33129323,-0.41801196,-0.10646692,0.102644466,0.6869086,-0.56354654,0.0038110667,-0.37946963,-0.020937396,-0.49722886,-0.18319364,0.21924222,0.38602707,0.23582764,0.04754774,0.24083216,0.74649,0.02620289,0.056232996,0.24559152,0.6036479,0.29376194,0.018983075,0.5348062,0.46676946
0.063740626,0.0,0.9043457,0.8559534,0.91988975,0.76543254,0.85964525,0.87281233,0.4472935,-0.4758472,-0.47923067,-0.33029827,-0.661631,-0.7813952,-0.7517032,0.8903575,0.17813118,0.60091424,-0.7542118,0.6684495,-0.20884056,0.7373045,0.28528604,0.58546597,-0.018631492,0.18969235,0.36434945,-0.41767824,0.14572226,-0.6976216,-0.25931007,0.23715185,0.022003053,0.47690606,0.17181441,0.28550655,0.021457223,-0.057402615,-0.33487982,0.8184809,-0.066672795,-0.32002014,-0.39782453,-0.516693,-0.26112878,-0.4998162,-0.054688025,0.4273672,0.24472602,-0.19143514,0.32014605,0.96866494,0.527454,0.71157175,0.8678502,0.5881126,0.81227696,0.58247256,-0.50566536,-0.4443969,-0.5356183,-0.61737376,-0.5304431,-0.7138517,-0.7622004,-0.7782621,0.6845421,-0.6759669,0.50651413,0.34826478,-0.52886593,0.5325581,0.20316963,0.66963863,-0.0070971707,0.12460055,-0.053418048,-0.44678023,-0.033860628,0.18965712,0.10667321,-0.25627682,0.065450706,0.0799378,0.20614454,0.1663334,0.11871874,-0.19472472,0.26190865,-0.10710919,-0.56349736,-0.14035107,-0.51986456,-0.16405314,0.03920659,-0.38099515,-0.47994998,0.25136012,0.2888631,-0.06216414
0.0307639,0.9043457,0.0,0.69235575,0.83286417,0.90778935,0.7947538,0.89157575,0.6829243,-0.5124226,-0.4940103,-0.35050687,-0.58528394,-0.6713853,-0.69625616,0.8432307,0.25465286,0.6515969,-0.6443552,0.7064107,-0.07878266,0.6485179,0.3311339,0.47968578,-0.09984312,0.121339954,0.2957689,-0.47391206,0.06362293,-0.6570708,-0.11771187,0.1132101,-0.050579153,0.44677657,0.13224792,0.3046179,-0.06370064,-0.14585055,-0.40011624,0.7088505,-0.123750106,-0.29492545,-0.3771663,-0.49083582,-0.22009924,-0.5051266,-0.1137313,0.39681008,0.33112216,-0.15721667,0.24189867,0.92196345,0.505313,0.50311035,0.9494925,0.78144664,0.79709405,0.7689391,-0.53835446,-0.4593919,-0.5299833,-0.52147555,-0.44861087,-0.6184887,-0.67767155,-0.7192138,0.6111958,-0.5903461,0.518366,0.37890518,-0.45316705,0.4027385,0.23146464,0.53934133,-0.029636336,0.026666075,-0.0921154,-0.42709228,0.075512506,0.06332468,-0.0100342715,-0.332181,0.041631285,-0.039396774,0.13694058,0.0557663,-0.020851588,-0.30506408,0.2452269,-0.2231855,-0.6206771,-0.2020476,-0.63107264,-0.113383725,-0.10917278,-0.37445974,-0.536233,0.17487402,0.41576746,-0.04362556
0.010733262,0.8559534,0.69235575,0.0,0.8784437,0.51639205,0.8507948,0.76371986,0.15988614,-0.5146242,-0.531213,-0.44373357,-0.6386019,-0.7606812,-0.7486728,0.85524625,0.037276424,0.59532136,-0.7320316,0.6443135,-0.26403958,0.7788647,0.2561974,0.5366222,-0.10643292,0.0572041,0.36052415,-0.41305816,0.19688964,-0.6536855,-0.22255068,0.24633661,0.19353709,0.6404253,0.31050757,0.17784889,0.050735135,-0.034455203,-0.16312513,0.79351264,0.07952539,-0.42556527,-0.31390965,-0.56985074,-0.13022897,-0.43476066,0.15407018,0.52317774,0.07734516,-0.22237238,0.28207228,0.8111394,0.62349856,0.89082223,0.64950615,0.30601305,0.78439283,0.34674436,-0.5442138,-0.5202288,-0.6047949,-0.5906838,-0.5550929,-0.78679425,-0.77402186,-0.76124567,0.775026,-0.73522633,0.5810939,0.4690641,-0.52156895,0.70662075,0.18255764,0.67843723,-0.16334003,0.052185327,-0.03259509,-0.43066612,0.03965332,0.1954191,0.37333205,0.03698388,0.28405622,0.3050753,0.3365942,0.4616206,0.23370314,-0.1451279,0.27525723,0.17823662,-0.31616187,-0.21319506,-0.36595038,-0.04454656,0.22104307,-0.3763185,-0.31376228,0.48377538,0.090459876,-0.09614291
-0.054824084,0.91988975,0.83286417,0.8784437,0.0,0.7123171,0.8334226,0.84244037,0.43085164,-0.5644739,-0.55372894,-0.44028124,-0.68508255,-0.701094,-0.6974717,0.8392619,0.20137091,0.63743186,-0.6777362,0.7151424,-0.09387092,0.6852776,0.31750506,0.52466834,-0.1645464,0.06407101,0.42578703,-0.4650862,0.25437963,-0.6470904,-0.26647165,0.13194983,-0.00994999,0.55422723,0.16453204,0.321023,0.05591163,-0.14916258,-0.34026012,0.74286944,-0.031705283,-0.4424719,-0.4375396,-0.5350266,-0.20094734,-0.4873238,0.027877646,0.46297213,0.21028382,-0.15477441,0.20215735,0.88112634,0.5788848,0.7668392,0.83781093,0.5151341,0.79745,0.58141625,-0.57200646,-0.5371103,-0.6029072,-0.6245034,-0.48382172,-0.6776075,-0.68775356,-0.70263106,0.6993338,-0.6319975,0.5915464,0.4584206,-0.3812839,0.5910629,0.2769141,0.6306961,-0.074443094,0.013658999,0.09462316,-0.40163463,-0.021522146,0.08242256,0.28111959,-0.0941701,0.2201092,0.13380988,0.34264863,0.31226748,0.2147626,-0.2056401,0.35586056,0.030349886,-0.48408568,-0.28965816,-0.47200367,-0.09065919,0.043311484,-0.36005342,-0.40065753,0.4015426,0.25071034,-0.016336674
0.16171993,0.76543254,0.90778935,0.51639205,0.7123171,0.0,0.60289466,0.7214955,0.76578677,-0.37767923,-0.35489005,-0.25501138,-0.4601323,-0.53019553,-0.55053824,0.650675,0.16854864,0.4930095,-0.54477835,0.60601896,-0.086135834,0.51606977,0.19227655,0.32025096,-0.05792783,0.10005864,0.17672668,-0.36289346,0.11678406,-0.51591533,0.0078017325,0.12355938,0.0031004276,0.3559703,0.16909912,0.4440751,0.067279264,-0.045489956,-0.32253104,0.5156173,-0.021368522,-0.14377706,-0.23405759,-0.29511845,-0.078994446,-0.3553511,-0.038860008,0.3849584,0.4782718,0.01603368,0.27927077,0.78243166,0.32063368,0.32622105,0.91772866,0.9080037,0.5995841,0.76235986,-0.41127676,-0.34567302,-0.41064987,-0.40221798,-0.3754474,-0.4773045,-0.5637318,-0.5748262,0.43888485,-0.50239366,0.3561253,0.254808,-0.40608835,0.2457688,0.09921769,0.35094157,-0.062203392,0.00057505124,-0.12145567,-0.38792408,0.14900926,0.08695044,-0.12776369,-0.268398,0.0014616873,-0.089550786,0.024185592,-0.006215253,0.035151076,-0.25018266,0.31850696,-0.18540925,-0.49885887,-0.11251537,-0.5726382,-0.031815547,-0.13232431,-0.1844791,-0.41122678,0.15663686,0.56476533,0.10567239
-0.1398882,0.85964525,0.7947538,0.8507948,0.8334226,0.60289466,0.0,0.92499185,0.35981223,-0.6529773,-0.684516,-0.56493455,-0.6365252,-0.7007521,-0.7577673,0.94117427,0.20548236,0.7874042,-0.5861105,0.7271151,-0.082558535,0.662172,0.34692374,0.43481615,-0.31093383,-0.1006377,0.26672685,-0.6192491,0.12690046,-0.7428027,-0.20777513,-0.004328863,-0.016112158,0.62655306,0.09887724,0.11405446,-0.07986714,-0.25867775,-0.28597903,0.76175976,-0.0445638,-0.57771015,-0.47212473,-0.6078024,-0.25825465,-0.5581927,0.01144166,0.44447166,0.12938724,-0.21170011,0.111650735,0.8668363,0.80049783,0.7253525,0.73202753,0.41667446,0.9679463,0.5531646,-0.6689075,-0.64642155,-0.7006406,-0.55544114,-0.5122699,-0.7128643,-0.69790065,-0.7536702,0.8856404,-0.60275984,0.73739076,0.61307526,-0.3834802,0.6318927,0.29140928,0.71049714,-0.15464905,-0.12727009,-0.017682109,-0.51420313,0.035289593,-0.055062313,0.3034027,-0.093188666,0.1850503,0.10683901,0.24852547,0.33035943,0.07206822,-0.40597662,0.26883578,0.024688449,-0.45709243,-0.37945902,-0.4588064,-0.09799131,-0.06471511,-0.45416564,-0.49754083,0.3880015,0.20613626,-0.06255498
-0.22871418,0.87281233,0.89157575,0.76371986,0.84244037,0.7214955,0.92499185,0.0,0.5576641,-0.669828,-0.68069726,-0.5279462,-0.6128267,-0.62857264,-0.7101882,0.9218113,0.36435243,0.80778646,-0.5382977,0.7584167,0.027557295,0.62648773,0.44697168,0.47193503,-0.31605124,-0.043450806,0.34709284,-0.6217626,0.028712098,-0.7022605,-0.21610937,-0.07621075,-0.15122984,0.5470616,0.016902564,0.09308714,-0.20100394,-0.37927,-0.41858304,0.75151527,-0.21210496,-0.5443058,-0.506148,-0.66377914,-0.32835323,-0.62268806,-0.14495978,0.3344659,0.098222345,-0.30258045,0.0229057,0.8876538,0.7438186,0.61992997,0.8447378,0.5652862,0.9478741,0.7344557,-0.6791819,-0.6333094,-0.668676,-0.5272385,-0.39413404,-0.62951994,-0.6254621,-0.70910305,0.75337654,-0.5374593,0.7314412,0.5957352,-0.31607276,0.55480593,0.387611,0.63237405,-0.08567691,-0.09083528,0.018462263,-0.4121184,0.015635438,-0.12731878,0.23556535,-0.24794647,0.169033,0.026657445,0.30921528,0.20573685,-0.056260817,-0.4093897,0.17273334,-0.15601005,-0.60360795,-0.4342452,-0.5462328,-0.13082118,-0.15061292,-0.5594988,-0.5904108,0.25108352,0.20428978,-0.16960944
-0.12942792,0.4472935,0.6829243,0.15988614,0.43085164,0.76578677,0.35981223,0.5576641,0.0,-0.3759412,-0.33538595,-0.23946244,-0.27730417,-0.19195873,-0.2808296,0.38048235,0.4380275,0.45424387,-0.1746287,0.5035847,0.268349,0.18418385,0.29263633,0.15717168,-0.2336629,-0.032244295,0.15860096,-0.3851383,0.022223707,-0.33083495,0.06706652,-0.201089,-0.31316975,0.17118382,-0.12946591,0.2924895,-0.10816364,-0.3334505,-0.42985895,0.24961872,-0.24438189,-0.18263553,-0.30258754,-0.25992152,-0.13440537,-0.38111022,-0.26101086,0.08355627,0.32034484,-0.0339258,-0.07692883,0.4826804,0.2550829,0.0020642243,0.7288859,0.8131402,0.4291685,0.8942111,-0.36528003,-0.31510225,-0.30462077,-0.20977202,-0.06618004,-0.15917806,-0.2108528,-0.28133145,0.20036772,-0.15713926,0.33952686,0.2660883,-0.016902238,0.02481776,0.25180548,0.15497653,0.028076608,-0.13698605,0.087829106,-0.18583983,0.15212366,-0.22778992,-0.11396367,-0.33499327,0.020170264,-0.2742815,0.069766365,-0.17694244,-0.11722039,-0.3581046,0.18618008,-0.31555587,-0.5075505,-0.28492293,-0.47124395,0.011880341,-0.36591,-0.22665654,-0.43724293,-0.049893394,0.4203395,0.024479445
0.5205775,-0.4758472,-0.5124226,-0.5146242,-0.5644739,-0.37767923,-0.6529773,-0.669828,-0.3759412,0.0,0.9637105,0.9094761,0.56507397,0.45232332,0.63860637,-0.6416815,-0.32144165,-0.8393758,0.30492648,-0.8047926,-0.2518692,-0.398868,-0.41086105,-0.13333423,0.7025758,0.5160876,-0.18044241,0.81289816,-0.08854138,0.6189649,-0.060571957,0.3403099,0.12949504,-0.7241335,-0.06708196,0.049401827,0.2461917,0.55815923,0.40893018,-0.39866024,0.08773974,0.7554585,0.4437403,0.6979107,0.025559707,0.5328795,-0.077924356,-0.43492693,0.062135994,0.20415086,0.32082903,-0.4424291,-0.7207589,-0.38549706,-0.47883946,-0.24561904,-0.7145364,-0.54117477,0.96849877,0.9377097,0.91322434,0.4456262,0.42534447,0.60544616,0.4835783,0.58458275,-0.6560935,0.46916753,-0.84298795,-0.80946803,0.082258925,-0.45915803,-0.33687004,-0.28512567,0.45829368,0.5397571,-0.040682796,0.46528625,-0.24349521,0.39308992,-0.45051175,-0.0660986,-0.4818466,0.015664311,-0.33649468,-0.39764732,0.067511156,0.64268374,-0.18961233,-0.06904006,0.40627068,0.8037699,0.60550696,-0.091494724,0.25869307,0.53771144,0.41345546,-0.44610608,-0.006907437,0.13250023
0.52808315,-0.47923067,-0.4940103,-0.531213,-0.55372894,-0.35489005,-0.684516,-0.68069726,-0.33538595,0.9637105,0.0,0.9314691,0.5813216,0.46624163,0.64973354,-0.66431475,-0.29190677,-0.8476659,0.30875725,-0.77834815,-0.2295923,-0.39325157,-0.3702488,-0.12308717,0.7174139,0.53461546,-0.122563764,0.8644476,-0.099618316,0.6559361,-0.035715055,0.33358616,0.13754714,-0.72314584,-0.039623387,0.0748224,0.24312714,0.5447109,0.36996597,-0.41463593,0.07743677,0.79801714,0.47225174,0.71276146,0.061778508,0.5688565,-0.07677795,-0.41472736,0.08099171,0.21237916,0.30855072,-0.4525653,-0.7642136,-0.39793333,-0.45727855,-0.21169697,-0.74173754,-0.5145475,0.9668108,0.9589007,0.9347491,0.45771083,0.45935044,0.62354934,0.49644497,0.59266275,-0.70447206,0.47649074,-0.85678643,-0.81327474,0.098908536,-0.4721485,-0.31026894,-0.34433696,0.47335622,0.55509794,-0.0403512,0.5150997,-0.22719368,0.38974798,-0.4648322,-0.07762805,-0.4418321,0.009804326,-0.28425398,-0.4070533,0.055260684,0.6989071,-0.19317389,-0.09590054,0.39481908,0.7831443,0.5690567,-0.0713969,0.26261783,0.5499343,0.45858693,-0.4285434,0.005488313,0.1279037
0.47310624,-0.33029827,-0.35050687,-0.44373357,-0.44028124,-0.25501138,-0.56493455,-0.5279462,-0.23946244,0.9094761,0.9314691,0.0,0.4629048,0.3313377,0.5313743,-0.5252671,-0.11969476,-0.75659734,0.18903571,-0.67667437,-0.22296904,-0.2876875,-0.25830215,0.090528905,0.7947178,0.69332546,-0.0066852,0.8087082,-0.13356422,0.5061988,-0.20088834,0.37924773,-0.0033779312,-0.7585102,-0.15585563,0.08513396,0.15154397,0.47193235,0.18662432,-0.22308108,-0.09191748,0.74835134,0.30008215,0.57225245,-0.14356954,0.37379214,-0.28783458,-0.48940474,0.037265886,0.061526734,0.33150417,-0.29935738,-0.71602553,-0.32986277,-0.3194535,-0.12430971,-0.6189245,-0.391966,0.92757016,0.95636034,0.92394483,0.34010988,0.43018696,0.5389388,0.38846388,0.4666537,-0.63755494,0.40739474,-0.8080679,-0.828771,0.038281173,-0.4244624,-0.20979282,-0.16620691,0.650101,0.7031124,0.034958456,0.48289284,-0.35975024,0.42614955,-0.48445985,-0.28595027,-0.5386426,-0.041327626,-0.24089696,-0.5210365,0.014042557,0.6838436,-0.23018317,-0.25711325,0.17455025,0.80122966,0.47382626,-0.22987789,0.21781601,0.3860959,0.24834509,-0.55458665,-0.027632678,0.011014699
0.09656011,-0.661631,-0.58528394,-0.6386019,-0.68508255,-0.4601323,-0.6365252,-0.6128267,-0.27730417,0.56507397,0.5813216,0.4629048,0.0,0.72627425,0.654157,-0.6708263,-0.21834907,-0.54805666,0.68051845,-0.6787705,-0.036624327,-0.5863992,-0.352441,-0.54090434,0.12633528,-0.072384275,-0.27584025,0.4462187,-0.18028192,0.63032544,0.24505132,-0.18882588,0.1306937,-0.45938805,-0.07212958,-0.22414878,0.062323246,0.14387895,0.4570756,-0.68265676,0.17028356,0.41036612,0.47497213,0.5682143,0.24229851,0.5857547,0.12453519,-0.3616351,-0.10761707,0.22735515,-0.1720608,-0.6179262,-0.44040778,-0.54422015,-0.55793774,-0.35338682,-0.603022,-0.39415103,0.59151757,0.57254773,0.6483354,0.96317494,0.59477544,0.70661813,0.6193586,0.6536867,-0.59132594,0.66963387,-0.52003753,-0.38036054,0.27984387,-0.46696803,-0.24554838,-0.5840594,0.026588658,-0.00915142,-0.09184649,0.43664175,0.057731275,-0.13553892,-0.26865909,0.18480131,-0.16607751,-0.04324794,-0.22795774,-0.19536431,-0.109438345,0.23327433,-0.27635506,0.044467334,0.5735648,0.22527304,0.482387,0.115779646,-0.031192515,0.420111,0.5121335,-0.2421082,-0.11220984,0.089372724
-0.16465856,-0.7813952,-0.6713853,-0.7606812,-0.701094,-0.53019553,-0.7007521,-0.62857264,-0.19195873,0.45232332,0.46624163,0.3313377,0.72627425,0.0,0.897735,-0.76179546,0.010820103,-0.48211586,0.8935241,-0.6148974,0.34648216,-0.7164955,-0.0877472,-0.5626102,-0.085002705,-0.19403714,-0.1688904,0.4166351,-0.18344943,0.81662226,0.18429066,-0.43016225,-0.17092471,-0.51362175,-0.26118568,-0.2898695,-0.0998706,-0.13168292,0.32689273,-0.7577798,-0.08529165,0.2681875,0.34357566,0.48615545,0.12429508,0.46680406,-0.033886347,-0.5144399,-0.21800837,0.1345017,-0.45784912,-0.74343675,-0.34205136,-0.5896038,-0.5805778,-0.38952118,-0.6222139,-0.271732,0.50732327,0.4244324,0.55068576,0.6915559,0.7848747,0.8970559,0.9289497,0.9243264,-0.6394428,0.8607699,-0.36316243,-0.24174128,0.6685478,-0.41030964,0.057066843,-0.59298515,0.09917659,-0.117051475,0.1785524,0.648579,0.0015990844,-0.3805739,-0.050947856,0.17439112,-0.037593685,-0.051698107,-0.05110029,-0.1647591,-0.16836897,0.2040186,-0.28972092,0.009596326,0.4663478,0.011393272,0.5644308,0.15210444,-0.094176926,0.31038725,0.4273664,-0.27103198,-0.19894582,0.025990592
0.027300522,-0.7517032,-0.69625616,-0.7486728,-0.6974717,-0.55053824,-0.7577673,-0.7101882,-0.2808296,0.63860637,0.64973354,0.5313743,0.654157,0.897735,0.0,-0.8127606,-0.0646271,-0.65317035,0.77067506,-0.71171767,0.2403813,-0.7062085,-0.16930717,-0.4497657,0.16574723,0.033830855,-0.16520727,0.5765691,-0.13382494,0.8440768,0.06720715,-0.18884315,-0.15864871,-0.66531867,-0.28133976,-0.1777692,0.014963004,0.07294285,0.31207487,-0.70167726,-0.080071546,0.42709973,0.34615457,0.5931801,0.052202404,0.49252328,-0.09888739,-0.5490836,-0.13772412,0.16640145,-0.24163516,-0.7196874,-0.5152317,-0.5564221,-0.6053886,-0.38833097,-0.7193238,-0.38985503,0.6855085,0.59960973,0.6825228,0.5774277,0.73020583,0.9069168,0.9175161,0.9860526,-0.7048285,0.8163984,-0.5514084,-0.45377973,0.60388947,-0.47970372,-0.023169676,-0.5142551,0.2522173,0.08731061,0.19049151,0.6558825,-0.14547575,-0.13854307,-0.16851342,0.08484967,-0.19737871,-0.06742879,-0.14456835,-0.2772322,-0.07499648,0.36754873,-0.24797443,-0.04328283,0.43276533,0.25978997,0.62916195,0.0502177,-0.007924261,0.40599275,0.43329117,-0.36889392,-0.16079088,0.0846105
-0.11554993,0.8903575,0.8432307,0.85524625,0.8392619,0.650675,0.94117427,0.9218113,0.38048235,-0.6416815,-0.66431475,-0.5252671,-0.6708263,-0.76179546,-0.8127606,0.0,0.21441565,0.78358936,-0.6759394,0.7415034,-0.14001143,0.78421324,0.4030769,0.541225,-0.22109218,0.009314903,0.29509947,-0.5635749,0.010182799,-0.7363162,-0.19828223,0.07369483,0.038742907,0.64387304,0.20125288,0.061645925,-0.18411061,-0.23528592,-0.31484628,0.8395068,-0.1133953,-0.4967913,-0.39947277,-0.6903991,-0.24426879,-0.5907078,-0.02489025,0.45364094,0.06855605,-0.33062,0.14770794,0.88114625,0.72675914,0.7004658,0.7593277,0.47572657,0.92410356,0.56060886,-0.67683506,-0.6182526,-0.6960333,-0.59861356,-0.5375081,-0.7844292,-0.7716746,-0.8236226,0.81479305,-0.69743836,0.7167097,0.58484817,-0.49417272,0.66656405,0.30041745,0.68563473,-0.15198062,-0.017468892,-0.11944164,-0.45836574,0.054976135,0.014394652,0.26661515,-0.16315512,0.20232637,0.17248838,0.2899155,0.32180458,-0.032440014,-0.33328986,0.15729469,-0.05259227,-0.52849317,-0.33922884,-0.5460907,-0.111581385,0.019945491,-0.5523446,-0.5475898,0.34076017,0.16452812,-0.18994829
-0.6221914,0.17813118,0.25465286,0.037276424,0.20137091,0.16854864,0.20548236,0.36435243,0.4380275,-0.32144165,-0.29190677,-0.11969476,-0.21834907,0.010820103,-0.0646271,0.21441565,0.0,0.4015393,0.063280255,0.38040385,0.5939206,0.05738324,0.6245773,0.4157863,-0.24440818,0.08025828,0.44611496,-0.2508542,-0.053132962,-0.1666731,-0.30761972,-0.40512308,-0.71359706,0.0120347915,-0.50084805,-0.069925,-0.41546628,-0.7163695,-0.63334775,0.32355827,-0.6640812,-0.3714255,-0.58012974,-0.4777319,-0.4895963,-0.601642,-0.6390122,-0.31464577,-0.30482113,-0.45687625,-0.4691175,0.17127566,0.28932485,0.022645488,0.3077137,0.1760229,0.30378592,0.5342449,-0.2392936,-0.20691206,-0.12901373,-0.1863378,0.30212396,0.06444563,0.120339125,-0.04236606,0.11915903,0.1498537,0.39691347,0.30535775,0.40769336,0.18598615,0.67621976,0.31886923,0.45239094,0.07275474,0.5866008,0.19735111,-0.20419589,-0.41796657,0.28048486,-0.37809163,0.123687506,-0.137413,0.452265,-0.12852246,-0.16157782,-0.1779959,-0.08393247,-0.34496698,-0.55375385,-0.41721734,-0.12174137,-0.15626761,-0.2887121,-0.5323782,-0.50281084,-0.2089466,-0.2112456,-0.37356722
-0.43878633,0.60091424,0.6515969,0.59532136,0.63743186,0.4930095,0.7874042,0.80778646,0.45424387,-0.8393758,-0.8476659,-0.75659734,-0.54805666,-0.48211586,-0.65317035,0.78358936,0.4015393,0.0,-0.3430017,0.85134244,0.25778535,0.52663314,0.5095507,0.27078533,-0.6099626,-0.36966485,0.18593447,-0.7679158,0.012312841,-0.65115106,-0.06458656,-0.31949425,-0.1788483,0.72651285,0.03338951,-0.06293317,-0.33167502,-0.58528256,-0.4425952,0.56408876,-0.1817464,-0.75917536,-0.51209486,-0.75935376,-0.18171342,-0.65841186,-0.040736943,0.3935933,-0.037352737,-0.31269982,-0.23447235,0.58720344,0.8394368,0.4762355,0.59580976,0.36715576,0.8504348,0.6271594,-0.84164006,-0.8073839,-0.79829115,-0.42459318,-0.3527561,-0.59820276,-0.50979584,-0.61832553,0.77328855,-0.46073964,0.9152578,0.86090505,-0.09590075,0.6001673,0.4445447,0.48528585,-0.30128697,-0.37260976,0.06249075,-0.40187266,0.17627557,-0.37212965,0.4491369,-0.012031403,0.38641307,0.072853446,0.35336766,0.40027675,-0.13245861,-0.58562857,0.18436177,0.024745278,-0.46601447,-0.70422995,-0.5230032,0.010859202,-0.24297917,-0.616583,-0.54920137,0.41741782,0.0968706,-0.17446338
-0.296577,-0.7542118,-0.6443552,-0.7320316,-0.6777362,-0.54477835,-0.5861105,-0.5382977,-0.1746287,0.30492648,0.30875725,0.18903571,0.68051845,0.8935241,0.77067506,-0.6759394,0.063280255,-0.3430017,0.0,-0.53203607,0.3963752,-0.7583795,-0.09248541,-0.6168097,-0.27063158,-0.36543292,-0.22203916,0.2217223,-0.10294999,0.65078634,0.17217533,-0.60597706,-0.24724871,-0.4112569,-0.34186548,-0.295728,-0.067477055,-0.2779876,0.29056162,-0.7376628,-0.029694436,0.08379582,0.21369812,0.4370986,0.107528634,0.39776587,-0.015230366,-0.48768514,-0.20148757,0.18974298,-0.6119571,-0.70274013,-0.1931843,-0.5902258,-0.56985897,-0.43097356,-0.49399406,-0.22243632,0.37028548,0.28477892,0.43246198,0.66724926,0.683437,0.85322434,0.88090974,0.81584513,-0.48836234,0.8846332,-0.229731,-0.100880235,0.7063097,-0.3960546,0.07274838,-0.52396595,0.05138567,-0.2911592,0.22189516,0.47656667,0.0072711473,-0.5603356,0.0038580496,0.20917301,-0.03134958,-0.13742097,-0.06821909,-0.13671954,-0.13372627,-0.0034680015,-0.20676313,0.060892537,0.43037853,-0.14832896,0.53105336,0.14375405,-0.23344521,0.28800046,0.3904975,-0.202185,-0.19179253,0.09887171
-0.2457041,0.6684495,0.7064107,0.6443135,0.7151424,0.60601896,0.7271151,0.7584167,0.5035847,-0.8047926,-0.77834815,-0.67667437,-0.6787705,-0.6148974,-0.71171767,0.7415034,0.38040385,0.85134244,-0.53203607,0.0,0.21105352,0.592395,0.46392968,0.37717608,-0.43593138,-0.22046475,0.25907606,-0.6837816,0.21295531,-0.70628047,-0.06573252,-0.09727807,-0.1288512,0.7183676,0.09990592,0.21421099,-0.122645356,-0.37941775,-0.5869395,0.57559144,-0.07322701,-0.6382831,-0.5428881,-0.672034,-0.086511716,-0.62127715,0.01303074,0.5434155,0.15659684,-0.16790035,-0.0083674425,0.63907236,0.63964546,0.5128719,0.6823996,0.47922918,0.76035815,0.6280495,-0.8022369,-0.7398649,-0.7673491,-0.5696626,-0.46506572,-0.6872264,-0.6279861,-0.6878648,0.7195218,-0.5898339,0.76330066,0.69266933,-0.17344022,0.5255174,0.3659172,0.4794098,-0.22671278,-0.27753797,0.11917418,-0.44360805,0.18651845,-0.14616525,0.3597289,-0.028006252,0.36892545,-0.014627009,0.32128495,0.3444259,0.058981966,-0.47559324,0.37401208,0.037700772,-0.51798147,-0.56294215,-0.6406255,0.029391745,-0.22700587,-0.46941993,-0.50694895,0.46675485,0.23494692,-0.021913033
-0.55691636,-0.20884056,-0.07878266,-0.26403958,-0.09387092,-0.086135834,-0.082558535,0.027557295,0.268349,-0.2518692,-0.2295923,-0.22296904,-0.036624327,0.34648216,0.2403813,-0.14001143,0.5939206,0.25778535,0.3963752,0.21105352,0.0,-0.28683284,0.37586644,-0.0722959,-0.44573155,-0.28461683,0.07735029,-0.24673325,0.040056203,0.09463049,-0.018251747,-0.51156616,-0.67984813,-0.01009422,-0.48902076,-0.077489406,-0.2652717,-0.6027421,-0.38437566,-0.1481276,-0.41260657,-0.3651484,-0.35958642,-0.1865602,-0.16281816,-0.320776,-0.3758571,-0.29728866,-0.20542024,-0.12950031,-0.5523718,-0.20576426,0.19730107,-0.21004142,-0.014428462,-0.009096945,0.027352862,0.29816172,-0.17889567,-0.22118488,-0.11644378,-0.00048676028,0.37189376,0.29245678,0.39629877,0.2857809,-0.012836227,0.35230523,0.31735268,0.33132365,0.77326554,-0.013039751,0.44759074,0.021194836,0.13323973,-0.2957308,0.5624901,0.17866756,0.0019951514,-0.5097452,0.3285213,-0.018721875,0.23451972,-0.18793729,0.24694677,-0.011448614,-0.06964624,-0.28240722,0.07408753,-0.042683024,-0.19290192,-0.47665745,0.07200226,0.10626382,-0.35411158,-0.2133176,-0.21144366,-0.05962388,-0.14773947,-0.06589079
0.11272935,0.7373045,0.6485179,0.7788647,0.6852776,0.51606977,0.662172,0.62648773,0.18418385,-0.398868,-0.39325157,-0.2876875,-0.5863992,-0.7164955,-0.7062085,0.78421324,0.05738324,0.52663314,-0.7583795,0.592395,-0.28683284,0.0,0.39919618,0.6524678,0.06770426,0.24815583,0.3495779,-0.21439202,-0.07906923,-0.47975546,-0.106965326,0.33179808,0.30729157,0.60754013,0.49999368,0.06595801,-0.15531468,0.032710996,-0.18659498,0.8021087,-0.04198833,-0.183175,-0.09486036,-0.5950763,-0.03241748,-0.40377054,0.10222023,0.51129496,0.011909764,-0.38539383,0.35465533,0.6718261,0.43458372,0.65517586,0.5748634,0.3876196,0.60812694,0.30448672,-0.45905462,-0.37679437,-0.4863843,-0.5516845,-0.48232564,-0.76747644,-0.7522351,-0.7405119,0.57708347,-0.7650067,0.47337547,0.38045344,-0.6149385,0.71116006,0.24017814,0.5157917,-0.11733541,0.25485983,-0.20086047,-0.225339,0.12480504,0.29477328,0.26051086,-0.07532432,0.2885564,0.4468497,0.34699702,0.41015053,-0.027139528,0.059918087,0.06797631,0.021437936,-0.33975008,-0.07896047,-0.46241856,0.025623111,0.375139,-0.43520468,-0.3364003,0.35850677,0.08506346,-0.2780441
-0.43771982,0.28528604,0.3311339,0.2561974,0.31750506,0.19227655,0.34692374,0.44697168,0.29263633,-0.41086105,-0.3702488,-0.25830215,-0.352441,-0.0877472,-0.16930717,0.4030769,0.6245773,0.5095507,-0.09248541,0.46392968,0.37586644,0.39919618,0.0,0.48782754,-0.2176772,0.10167445,0.5386928,-0.15951857,-0.3011656,-0.07744219,-0.22835992,-0.21671624,-0.35488963,0.21686856,-0.119190775,-0.27908137,-0.6097861,-0.56220734,-0.48672634,0.4500644,-0.61014646,-0.31711462,-0.33676848,-0.5923307,-0.36629528,-0.50088567,-0.39913523,-0.044190735,-0.3531739,-0.62073976,-0.25904658,0.2553859,0.43766794,0.25124446,0.3193504,0.17392282,0.41643813,0.42905214,-0.37133595,-0.33975458,-0.31566343,-0.30913526,0.20475978,-0.13727616,-0.04493618,-0.15092361,0.26994127,-0.061554134,0.5268453,0.45228747,0.19482933,0.49992865,0.89124787,0.35260025,0.17490532,0.14162672,0.2650485,0.32755843,-0.040384207,-0.24093871,0.38088167,-0.29980946,0.30018556,0.19202507,0.5861528,0.13780272,-0.36504394,0.003048605,-0.21835576,-0.31816113,-0.48331487,-0.42218554,-0.25150114,-0.047378484,0.0060923565,-0.60498667,-0.43779695,-0.00058764574,-0.20887516,-0.49247524
-0.048084687,0.58546597,0.47968578,0.5366222,0.52466834,0.32025096,0.43481615,0.47193503,0.15717168,-0.13333423,-0.12308717,0.090528905,-0.54090434,-0.5626102,-0.4497657,0.541225,0.4157863,0.27078533,-0.6168097,0.37717608,-0.0722959,0.6524678,0.48782754,0.0,0.33294967,0.6311812,0.5948194,0.033670343,-0.088750266,-0.34931755,-0.46127602,0.34819824,-0.15026003,0.14160115,0.011346657,0.06467337,-0.22708751,-0.076644465,-0.41798884,0.8183306,-0.46510062,-0.028745782,-0.33751568,-0.5286776,-0.44264925,-0.5322204,-0.4309731,-0.016084455,-0.21439305,-0.57506865,0.24903187,0.5335738,0.19187963,0.4966034,0.4505854,0.246267,0.39853144,0.2664376,-0.1358782,-0.05486689,-0.12446702,-0.5693662,-0.15436548,-0.46085095,-0.46195063,-0.49301183,0.27558383,-0.45466873,0.23109747,0.057996623,-0.2899759,0.48581868,0.41418013,0.63872814,0.45406365,0.62708694,0.20978196,0.037437167,-0.25831303,0.32993913,0.19276829,-0.42592087,0.061612308,0.2681069,0.4510496,0.026308,-0.0018826652,0.28504667,-0.081866495,-0.269928,-0.5488874,0.11283612,-0.21111761,-0.23122951,0.32537922,-0.49919888,-0.43763316,-0.09635618,-0.19762722,-0.46308962
0.626321,-0.018631492,-0.09984312,-0.10643292,-0.1645464,-0.05792783,-0.31093383,-0.31605124,-0.2336629,0.7025758,0.7174139,0.7947178,0.12633528,-0.085002705,0.16574723,-0.22109218,-0.24440818,-0.6099626,-0.27063158,-0.43593138,-0.44573155,0.06770426,-0.2176772,0.33294967,0.0,0.8427293,0.05231192,0.6630297,-0.14152066,0.21874753,-0.18454212,0.74814194,0.18666644,-0.53933007,0.05020674,0.1428986,0.1604692,0.68722373,0.0740458,0.09123775,-0.05579103,0.7275713,0.2658165,0.3457535,-0.11781738,0.21188946,-0.21726102,-0.20798199,0.0844749,-0.047447413,0.6805504,-0.012777292,-0.65075785,-0.08699159,-0.12722439,0.03776462,-0.40705523,-0.35773072,0.67246574,0.7302252,0.62250775,-0.0013109534,0.0725177,0.107429266,-0.013959578,0.08452057,-0.42315546,-0.03857517,-0.71901804,-0.79582196,-0.32793316,-0.26856044,-0.2788269,0.023157828,0.49522868,0.7968008,-0.17895737,0.24147029,-0.27110597,0.7822401,-0.5183607,-0.38445374,-0.48019534,0.009204795,-0.25313705,-0.44600454,0.019710705,0.6484761,-0.19749473,-0.31138527,-0.011756444,0.89069647,0.17134655,-0.21981443,0.34705073,0.24082677,0.071681224,-0.46737653,0.003929025,-0.07175189
0.39973724,0.18969235,0.121339954,0.0572041,0.06407101,0.10005864,-0.1006377,-0.043450806,-0.032244295,0.5160876,0.53461546,0.69332546,-0.072384275,-0.19403714,0.033830855,0.009314903,0.08025828,-0.36966485,-0.36543292,-0.22046475,-0.28461683,0.24815583,0.10167445,0.6311812,0.8427293,0.0,0.34204948,0.5829955,-0.21415581,0.110807635,-0.3939063,0.59932834,-0.027561707,-0.45081258,-0.028038057,0.10288732,-0.047795463,0.38053817,-0.14514354,0.3635456,-0.3419526,0.57489026,0.050181907,0.08400351,-0.36411867,-0.038446527,-0.45697585,-0.28321144,-0.037677467,-0.301579,0.5176359,0.18201675,-0.4295522,0.063151725,0.111730546,0.14728549,-0.16709605,-0.0842603,0.4987558,0.57584554,0.48311102,-0.17761065,0.114122115,0.008883198,-0.09103772,-0.049138878,-0.27910295,-0.09448515,-0.4520625,-0.5918465,-0.27971968,-0.029863583,0.05233271,0.23230003,0.6751837,0.9484549,0.003561703,0.3173037,-0.38818714,0.6208263,-0.3390718,-0.5620946,-0.38723707,0.10588248,0.04122348,-0.4079843,-0.05821257,0.66378725,-0.2452797,-0.45129728,-0.28741753,0.6863632,0.06706201,-0.31524542,0.36125088,-0.032267928,-0.12435746,-0.49419415,-0.072902754,-0.27467075
-0.2568125,0.36434945,0.2957689,0.36052415,0.42578703,0.17672668,0.26672685,0.34709284,0.15860096,-0.18044241,-0.122563764,-0.0066852,-0.27584025,-0.1688904,-0.16520727,0.29509947,0.44611496,0.18593447,-0.22203916,0.25907606,0.07735029,0.3495779,0.5386928,0.5948194,0.05231192,0.34204948,0.0,0.10471086,-0.10103715,-0.064649366,-0.40272215,0.008981494,-0.20140715,0.06522237,-0.037819497,-0.014844349,-0.23351143,-0.2922673,-0.35538262,0.43945515,-0.39627832,-0.08550358,-0.25550407,-0.33025047,-0.31501663,-0.22040153,-0.24220145,-0.059114996,-0.2679489,-0.4148043,-0.08141803,0.3060989,0.19341446,0.40727523,0.35347974,0.08783584,0.27772984,0.30116,-0.124906234,-0.09326335,-0.08291426,-0.2928095,0.13647453,-0.1411294,-0.11674215,-0.18457523,0.08869351,-0.13798212,0.23080567,0.13476107,0.017285094,0.3536345,0.5756278,0.2707398,0.33946362,0.40732247,0.3266469,0.33804446,-0.24391042,0.021162707,0.29982495,-0.23635589,0.26126677,0.23858435,0.7304778,0.11482287,-0.01515451,0.31532356,-0.12534194,-0.2311973,-0.33151725,-0.1992219,-0.14208537,-0.092931435,0.25666776,-0.34874195,-0.090175815,0.028930072,-0.26846212,-0.40867144
0.45183268,-0.41767824,-0.47391206,-0.41305816,-0.4650862,-0.36289346,-0.6192491,-0.6217626,-0.3851383,0.81289816,0.8644476,0.8087082,0.4462187,0.4166351,0.5765691,-0.5635749,-0.2508542,-0.7679158,0.2217223,-0.6837816,-0.24673325,-0.21439202,-0.15951857,0.033670343,0.6630297,0.5829955,0.10471086,0.0,-0.211361,0.7029018,-0.08544857,0.3319122,0.18193594,-0.60882413,0.11986217,-0.018916052,0.11133171,0.47151858,0.3445961,-0.30272365,0.008101783,0.7754218,0.51586676,0.5818743,0.06965613,0.5655803,-0.031267587,-0.34244004,-0.041609857,0.056600638,0.27659693,-0.42554012,-0.66800195,-0.27795255,-0.42332208,-0.24248438,-0.6786602,-0.50111336,0.8181522,0.8171816,0.7867845,0.31703538,0.4303319,0.5181423,0.43532977,0.5290245,-0.6576524,0.3636929,-0.72522503,-0.68844897,0.055367105,-0.26754522,-0.103455536,-0.3378539,0.41862056,0.6551149,-0.036955748,0.66965425,-0.22249444,0.38261664,-0.2911165,-0.048325557,-0.24661517,0.2341853,-0.023357643,-0.23309314,-0.011264749,0.8910307,-0.2691187,-0.09923768,0.3549139,0.65279895,0.47995314,-0.0099186255,0.4730754,0.44237182,0.50233036,-0.31425965,-0.09043247,-0.0125119705
0.1538777,0.14572226,0.06362293,0.19688964,0.25437963,0.11678406,0.12690046,0.028712098,0.022223707,-0.08854138,-0.099618316,-0.13356422,-0.18028192,-0.18344943,-0.13382494,0.010182799,-0.053132962,0.012312841,-0.10294999,0.21295531,0.040056203,-0.07906923,-0.3011656,-0.088750266,-0.14152066,-0.21415581,-0.10103715,-0.211361,0.0,-0.32136753,0.0139780715,0.067653224,0.005092293,0.21898322,-0.064911954,0.7196275,0.7932882,0.16637474,-0.018144654,-0.01668082,0.49536285,-0.242713,-0.27341422,0.21875428,0.2237761,0.020637525,0.31142595,0.32686788,0.48281595,0.6019657,0.15147619,0.12273294,0.04143517,0.22088529,0.1273594,0.05825584,0.07422473,0.0047976607,-0.06164982,-0.115804575,-0.11083212,-0.17128079,-0.30563453,-0.12759528,-0.14601086,-0.11521568,0.29550508,-0.10267261,0.044137843,0.046752665,0.086757354,-0.015385586,-0.23359838,0.22965582,-0.002782718,-0.29173684,0.4126408,-0.43703988,0.054123063,0.0814989,0.16977227,0.38861308,0.07923563,-0.21090835,-0.105957,0.17015085,0.8700589,-0.1996134,0.8325989,0.5299971,0.16081996,-0.014894547,0.118187524,0.12951785,-0.12534879,0.43125954,0.16860273,0.4283197,0.33964834,0.66698986
0.10222388,-0.6976216,-0.6570708,-0.6536855,-0.6470904,-0.51591533,-0.7428027,-0.7022605,-0.33083495,0.6189649,0.6559361,0.5061988,0.63032544,0.81662226,0.8440768,-0.7363162,-0.1666731,-0.65115106,0.65078634,-0.70628047,0.09463049,-0.47975546,-0.07744219,-0.34931755,0.21874753,0.110807635,-0.064649366,0.7029018,-0.32136753,0.0,0.1850015,-0.08815795,0.07074428,-0.5520439,0.02136259,-0.3026274,-0.088786565,0.14716019,0.44239664,-0.61450005,-0.07107225,0.5654363,0.59301025,0.52871746,0.19659704,0.5879868,0.034769133,-0.45407203,-0.23348694,0.03941006,-0.15647338,-0.70159274,-0.5150232,-0.50059474,-0.58224726,-0.35920808,-0.7218975,-0.42437422,0.6343878,0.5678336,0.624602,0.54887563,0.6616399,0.76152265,0.7814455,0.8345061,-0.7362722,0.63527024,-0.52063704,-0.41218275,0.4239312,-0.32815012,0.019389523,-0.59696555,0.1271702,0.21066156,0.009652364,0.7860905,-0.010172503,-0.0350512,-0.11599706,0.13129506,-0.019018088,0.20258062,0.01407184,-0.11616555,-0.19463143,0.55707264,-0.39055455,-0.03667013,0.49120337,0.2681127,0.54980433,0.2125745,0.28208956,0.3638957,0.5416343,-0.2862638,-0.22490916,-0.0721162
0.17205548,-0.25931007,-0.11771187,-0.22255068,-0.26647165,0.0078017325,-0.20777513,-0.21610937,0.06706652,-0.060571957,-0.035715055,-0.20088834,0.24505132,0.18429066,0.06720715,-0.19828223,-0.30761972,-0.06458656,0.17217533,-0.06573252,-0.018251747,-0.106965326,-0.22835992,-0.46127602,-0.18454212,-0.3939063,-0.40272215,-0.08544857,0.0139780715,0.1850015,0.0,-0.04364848,0.4423736,0.21654831,0.42256793,-0.02720616,0.12431029,0.206761,0.33406544,-0.3969078,0.41525003,0.20972575,0.5553446,0.22507116,0.80363476,0.384744,0.5110385,0.29456356,0.14519393,0.33890668,0.04875595,-0.25378188,-0.10068974,-0.34511632,-0.16630384,0.10099516,-0.19956912,-0.06666736,-0.09278816,-0.072136745,-0.07906251,0.2985059,-0.065755785,0.02754423,0.044855703,0.09070066,-0.139653,-0.03686264,-0.06914503,0.05558882,-0.042208184,-0.25188693,-0.29251707,-0.50538296,-0.55095506,-0.42095384,-0.36422655,-0.10955585,0.86487406,-0.025311653,-0.15614815,0.33790693,0.33559093,-0.041500434,-0.21618994,0.11292768,-0.073080346,-0.20285583,0.028211376,0.20479761,0.41780233,-0.06644902,-0.17166543,0.731187,0.03332517,0.34507173,0.35052678,0.1968982,0.17369568,0.20913021
0.6749066,0.23715185,0.1132101,0.24633661,0.13194983,0.12355938,-0.004328863,-0.07621075,-0.201089,0.3403099,0.33358616,0.37924773,-0.18882588,-0.43016225,-0.18884315,0.07369483,-0.40512308,-0.31949425,-0.60597706,-0.09727807,-0.51156616,0.33179808,-0.21671624,0.34819824,0.74814194,0.59932834,0.008981494,0.3319122,0.067653224,-0.08815795,-0.04364848,0.0,0.40352097,-0.1330991,0.29388097,0.26544026,0.29408368,0.7836022,0.04751731,0.27000165,0.1709274,0.48514947,0.20488507,0.14828059,0.07311152,0.1076209,0.06571152,0.21270421,0.2188727,0.04546533,0.8688649,0.21624438,-0.40212196,0.20243426,0.059007492,0.123114794,-0.12620972,-0.28658092,0.2683321,0.32859862,0.18009958,-0.27058813,-0.31238112,-0.3193188,-0.38678563,-0.25680426,-0.05965267,-0.43640926,-0.4279307,-0.49353594,-0.52396405,-0.033285324,-0.33679718,0.16898833,0.1392727,0.5366254,-0.28114074,-0.10968333,-0.029280078,0.9880418,-0.35924864,-0.19220069,-0.23457837,0.06095998,-0.23670906,-0.15393637,0.19048183,0.4022399,0.05556796,-0.08910833,-0.0264008,0.6971088,-0.094063684,-0.05418184,0.36346447,0.20830975,0.025412658,-0.10080085,0.123735294,0.058611106
0.53634787,0.022003053,-0.050579153,0.19353709,-0.00994999,0.0031004276,-0.016112158,-0.15122984,-0.31316975,0.12949504,0.13754714,-0.0033779312,0.1306937,-0.17092471,-0.15864871,0.038742907,-0.71359706,-0.1788483,-0.24724871,-0.1288512,-0.67984813,0.30729157,-0.35488963,-0.15026003,0.18666644,-0.027561707,-0.20140715,0.18193594,0.005092293,0.07074428,0.4423736,0.40352097,0.0,0.29544836,0.8064308,0.03162102,0.29012507,0.5854346,0.5571002,-0.053670056,0.6444315,0.3067713,0.6382566,0.20402649,0.64399993,0.4738213,0.7486289,0.5334845,0.17261024,0.252882,0.4635382,-0.002889632,-0.10739602,0.158508,-0.11160651,-0.03993112,-0.10348756,-0.36187798,0.056173004,0.07927518,-0.022881174,0.1344627,-0.31855246,-0.27898133,-0.32589924,-0.17304997,0.033534013,-0.37856287,-0.1738679,-0.08053485,-0.59952813,0.12341193,-0.43594357,-0.24412395,-0.5187548,0.0052414527,-0.5929161,-0.12409317,0.43417513,0.38848802,-0.0936943,0.43011388,0.2136823,0.39157996,-0.13477626,0.37325573,0.11811976,0.22088917,0.031131767,0.39966962,0.51385474,0.26169902,-0.03996913,0.39124414,0.49455425,0.33601317,0.46290022,0.41347316,0.14034761,0.1535156
-0.19291165,0.47690606,0.44677657,0.6404253,0.55422723,0.3559703,0.62655306,0.5470616,0.17118382,-0.7241335,-0.72314584,-0.7585102,-0.45938805,-0.51362175,-0.66531867,0.64387304,0.0120347915,0.72651285,-0.4112569,0.7183676,-0.01009422,0.60754013,0.21686856,0.14160115,-0.53933007,-0.45081258,0.06522237,-0.60882413,0.21898322,-0.5520439,0.21654831,-0.1330991,0.29544836,0.0,0.47440845,0.07013238,-0.0045152404,-0.23610449,-0.05257127,0.42200246,0.2701146,-0.59464145,-0.13513803,-0.57723707,0.29594952,-0.33003446,0.46338475,0.67059,0.033756074,-0.0687103,-0.060977,0.41478893,0.6777874,0.5384607,0.4078042,0.20092234,0.62368065,0.3078214,-0.76027834,-0.73249495,-0.75925547,-0.35227624,-0.5388536,-0.72713816,-0.6366829,-0.6294134,0.7132757,-0.6425435,0.75463706,0.7856916,-0.27911472,0.6730725,0.107757315,0.2868046,-0.5715511,-0.42328236,-0.066335365,-0.484966,0.4374687,-0.1748002,0.5738976,0.44779766,0.6373859,0.35327858,0.33238196,0.74277854,0.16823344,-0.40008956,0.34093207,0.48123205,-0.01196824,-0.58029854,-0.39017767,0.33044663,0.12351507,-0.30616763,-0.13144414,0.76391083,0.098153695,0.005269831
0.3789702,0.17181441,0.13224792,0.31050757,0.16453204,0.16909912,0.09887724,0.016902564,-0.12946591,-0.06708196,-0.039623387,-0.15585563,-0.07212958,-0.26118568,-0.28133976,0.20125288,-0.50084805,0.03338951,-0.34186548,0.09990592,-0.48902076,0.49999368,-0.119190775,0.011346657,0.05020674,-0.028038057,-0.037819497,0.11986217,-0.064911954,0.02136259,0.42256793,0.29388097,0.8064308,0.47440845,0.0,0.037963554,0.1499844,0.386281,0.4224965,0.10034413,0.49185437,0.22259894,0.58317065,-0.007861195,0.62007207,0.32464448,0.68519557,0.5755407,0.13356046,0.09293142,0.3395848,0.10640342,0.0192093,0.22740498,0.08452096,0.13146633,0.032329123,-0.14179559,-0.14552507,-0.10862508,-0.1945909,-0.057390153,-0.39682657,-0.4121548,-0.4114033,-0.3003273,0.119019866,-0.50231445,0.052659556,0.12490852,-0.5621566,0.3288006,-0.25609395,-0.18890461,-0.524585,0.015071181,-0.5358397,-0.098175645,0.49564347,0.2926523,0.095658235,0.4181212,0.3891922,0.521239,0.07519392,0.5091991,0.043352123,0.22306661,0.04213643,0.3611655,0.34607962,0.052637335,-0.21572512,0.44691622,0.57883674,0.15321706,0.36069566,0.49511442,0.14741573,0.033031452
