0,1,2,3,4,5,6,7,8,9,10,11,12,13,14,15,16,17,18,19,20,21,22,23,24,25,26,27,28,29,30,31,32,33,34,35,36,37,38,39,40,41,42,43,44,45,46,47,48,49,50,51,52,53,54,55,56,57,58,59,60,61,62,63,64,65,66,67,68,69,70,71,72,73,74,75,76,77,78,79,80,81,82,83,84,85,86,87,88,89,90,91,92,93,94,95,96,97,98,99
0.0,0.77396864,0.8757618,0.5583307,0.54681665,0.7146172,0.88254476,0.7947561,0.7432088,0.72307116,0.576013,0.35599917,-0.2209982,-0.3793926,-0.30045694,0.89082795,0.18372424,0.6188834,0.13205858,0.42294848,0.06727288,-0.22645923,-0.64948714,0.43641144,0.4005765,0.19384511,-0.87222713,-0.8270342,0.23713072,-0.68379414,-0.32033232,0.15574281,0.55864006,0.5155556,-0.8955879,0.6638643,0.49836305,0.0894904,0.05288102,0.53852886,0.60246825,-0.042600986,-0.4412599,-0.6186795,-0.56547105,-0.82587284,-0.7810591,-0.7913543,0.6958927,0.68525696,0.23551106,0.67605644,0.32383484,0.37086982,0.73947275,0.74850833,0.72569513,0.70909786,0.13907827,0.70918185,0.5872183,-0.0479123,-0.17603351,-0.23154825,0.0066784183,-0.41437557,0.63289046,0.3790937,0.2913167,0.560259,0.13703516,-0.76628625,-0.667357,-0.08037018,0.63462496,0.3018173,0.18544172,-0.8146801,-0.50994956,-0.31860852,-0.18862765,0.5721915,-0.5208298,-0.5745555,-0.6534905,-0.53305805,-0.009728814,-0.8150448,0.63963103,0.08814798,-0.144006,-0.32500878,-0.4449211,-0.28523278,-0.7160171,-0.6581385,-0.7719448,-0.75314945,0.6757426,0.65320307
0.77396864,0.0,0.86445445,0.7239955,0.86015177,0.7519295,0.90999675,0.90901846,0.87792504,0.67184424,0.47726968,0.3464432,0.19811292,0.017793266,0.09182448,0.8832105,0.48924413,0.76822424,0.46025124,0.7056005,0.3942539,0.12931432,-0.2661313,0.4678505,-0.0613049,-0.098307975,-0.71483845,-0.60962105,0.57314336,-0.31366107,-0.3757044,-0.14838159,0.57092535,0.6700505,-0.71869487,0.56025445,0.5305002,-0.25467616,-0.19326556,0.5098089,0.64268,-0.47810218,-0.7104083,-0.77684104,-0.76214623,-0.6421156,-0.46283048,-0.41969803,0.74774384,0.71857625,0.4689737,0.933297,0.6974803,0.7397428,0.88673353,0.7857636,0.92611194,0.9134865,0.3072718,0.68808943,0.67064667,0.29084378,0.23627079,0.16084772,0.38682476,-0.012626419,0.8729556,0.5963053,0.5925087,0.7657425,0.47493368,-0.4891935,-0.24332802,0.1294229,0.78115356,-0.15364781,0.55657184,-0.51367,-0.60226583,-0.11504777,-0.10975742,0.63580906,-0.71563536,-0.6096177,-0.596516,-0.39464143,-0.21516204,-0.7060713,0.58146626,0.24119529,0.20329665,-0.44662714,-0.22988524,-0.65252846,-0.7041873,-0.7741002,-0.6316196,-0.44506788,0.70634604,0.67035
0.8757618,0.86445445,0.0,0.49012786,0.5950715,0.9080982,0.9033458,0.92062074,0.8956845,0.7930861,0.71322155,0.5577098,0.028158257,-0.19547345,-0.15151763,0.8583445,0.44558302,0.7951845,0.37360096,0.60846114,0.20622122,0.05755707,-0.5625019,0.6056141,0.23986734,0.2158854,-0.90013975,-0.83783215,0.45043713,-0.6258541,-0.39421058,-0.16063727,0.39867243,0.68517816,-0.84819674,0.7750127,0.5673024,-0.26273403,-0.20615433,0.49019936,0.65932864,-0.18887171,-0.55577683,-0.7355899,-0.6610674,-0.8878896,-0.75038195,-0.7224894,0.86141706,0.74502456,0.41705588,0.8473576,0.51970565,0.40441412,0.9362815,0.9337622,0.8965752,0.8359535,0.27834982,0.8195597,0.74806017,0.08734522,-0.009718353,-0.043904565,0.1953284,-0.25634584,0.7459841,0.5533361,0.49964333,0.74927235,0.31223577,-0.6807273,-0.51838404,-0.1730564,0.7742719,0.08845961,0.41261816,-0.7786396,-0.6256172,-0.32459348,-0.36238304,0.5881076,-0.66141814,-0.7133112,-0.77406085,-0.67381734,-0.15519808,-0.89347625,0.7625264,0.003996753,-0.000105437626,-0.47303188,-0.4786049,-0.49733362,-0.8403727,-0.7669596,-0.8630471,-0.7507637,0.82064646,0.64715886
0.5583307,0.7239955,0.49012786,0.0,0.89562,0.35532105,0.65706575,0.6227698,0.5896134,0.35838467,0.054261144,-0.1744227,0.15785274,0.09667023,0.21411322,0.75357795,0.2154812,0.46931475,0.2998527,0.5419162,0.45309472,0.023753291,0.044958852,-0.030959345,-0.2281127,-0.4054442,-0.3356587,-0.2000423,0.49347502,0.030852526,-0.30526966,0.1617811,0.9048533,0.4158822,-0.42762032,0.10848475,0.42061374,0.0989987,-0.11653239,0.24190435,0.35934648,-0.5419597,-0.6099466,-0.55585617,-0.63216734,-0.22972587,-0.13095142,-0.10749443,0.3784516,0.43023893,0.052406248,0.5671891,0.39056328,0.8578812,0.50655574,0.37376586,0.5670033,0.6915959,-0.056396734,0.35920575,0.26855624,0.29956424,0.39810336,0.23245795,0.38320985,0.09988315,0.5538832,0.38717905,0.40552935,0.48561588,0.41372967,-0.21523102,-0.047852278,0.21203546,0.50038964,-0.172842,0.4901278,-0.13315709,-0.4500955,-0.095563196,0.24375622,0.5170299,-0.5067359,-0.153981,-0.13900235,0.15284416,-0.105969496,-0.25575808,0.16129068,0.2934466,-0.059948724,-0.4805651,-0.1679826,-0.5125638,-0.46353793,-0.53479844,-0.18317929,-0.029203888,0.3309201,0.45179376
0.54681665,0.86015177,0.5950715,0.89562,0.0,0.49611366,0.7374057,0.7343194,0.71764517,0.45172805,0.18448423,0.029070377,0.33879763,0.24247275,0.33994353,0.7650871,0.44101757,0.6254038,0.48634174,0.70099974,0.5687593,0.19095157,0.0912836,0.19913816,-0.34658453,-0.4186721,-0.41660556,-0.2764095,0.6430415,0.057010192,-0.27811515,-0.044560324,0.724792,0.57046086,-0.48235136,0.25352228,0.47778574,-0.14178884,-0.17107509,0.37475196,0.49559525,-0.67071617,-0.74201936,-0.6909861,-0.7516307,-0.30735877,-0.1169976,-0.073324524,0.52860385,0.5696073,0.33662787,0.7755895,0.6652771,0.9508871,0.6662703,0.51922435,0.7469545,0.81887746,0.20490292,0.47700655,0.45142892,0.45998678,0.4912684,0.37166408,0.5378413,0.23876718,0.76204467,0.561251,0.59673107,0.657026,0.57783324,-0.19053257,0.06324306,0.3125682,0.6577507,-0.34490028,0.6485144,-0.15498015,-0.46762937,0.048011698,0.17656276,0.59502196,-0.6547166,-0.35358652,-0.30415863,0.0022511175,-0.1722598,-0.37973616,0.31131554,0.3953638,0.22057419,-0.4339673,-0.031065477,-0.6736942,-0.4902638,-0.6576906,-0.2986573,-0.06371424,0.48726177,0.56826234
0.7146172,0.7519295,0.9080982,0.35532105,0.49611366,0.0,0.80042267,0.89032316,0.9179946,0.8387035,0.81700766,0.6971928,0.2816731,0.051128987,0.064966,0.73412347,0.6696248,0.90573317,0.60574186,0.74560416,0.39709312,0.30982178,-0.40791315,0.7492214,0.07278939,0.15951814,-0.8799999,-0.82259935,0.627371,-0.5095443,-0.2662248,-0.2677304,0.2199335,0.8316442,-0.76649743,0.8427552,0.59703726,-0.4430034,-0.25592527,0.46649954,0.7123184,-0.27672744,-0.5815916,-0.8020359,-0.7218411,-0.87938446,-0.62714356,-0.5935634,0.95760053,0.78505576,0.5280244,0.8224442,0.5792083,0.29473913,0.9449891,0.9901136,0.8784849,0.83516055,0.43998688,0.90982306,0.8444247,0.28614277,0.1699228,0.19107327,0.3975009,-0.03154644,0.7283481,0.72186935,0.6767398,0.8621528,0.5015949,-0.50595415,-0.3441502,-0.25541517,0.85730016,-0.110706754,0.58404255,-0.6907574,-0.527994,-0.2200039,-0.45386693,0.5846269,-0.77520686,-0.8162135,-0.8729963,-0.7256063,-0.23932415,-0.89085877,0.8514371,-0.0159423,0.061624017,-0.48645893,-0.43552804,-0.60174143,-0.8082192,-0.82744557,-0.8923751,-0.6951817,0.93209493,0.6453976
0.88254476,0.90999675,0.9033458,0.65706575,0.7374057,0.80042267,0.0,0.9297897,0.89946586,0.7799913,0.5908208,0.42704245,0.09615361,-0.104734845,-0.03696057,0.957126,0.46415767,0.800768,0.41357112,0.67553115,0.32562786,0.056955438,-0.4222872,0.56986076,0.0906011,0.0066821375,-0.8449956,-0.7777133,0.5140406,-0.49198294,-0.4043459,-0.050704177,0.5710898,0.725876,-0.8317358,0.6917986,0.5891457,-0.13828151,-0.04607361,0.6428756,0.76171035,-0.36265844,-0.6377868,-0.81169623,-0.76982135,-0.7726935,-0.5865412,-0.5740259,0.81613296,0.81226325,0.40492204,0.8594873,0.5744192,0.57703453,0.8690801,0.83023113,0.89896554,0.9000899,0.2743739,0.78743976,0.7039463,0.19735241,0.08231276,0.036097147,0.2811515,-0.15326494,0.8390463,0.5837536,0.5450526,0.76582664,0.39960665,-0.66408277,-0.43142322,0.046729576,0.80060333,-0.031130612,0.47059023,-0.69153816,-0.6462753,-0.22753915,-0.1736396,0.6900709,-0.7379888,-0.6903938,-0.7133341,-0.51224583,-0.17551738,-0.8313278,0.70100313,0.21127799,0.060888104,-0.44425696,-0.3473044,-0.61348885,-0.78666764,-0.8329671,-0.7588058,-0.61818844,0.78878623,0.7520469
0.7947561,0.90901846,0.92062074,0.6227698,0.7343194,0.89032316,0.9297897,0.0,0.9774307,0.7884105,0.6512578,0.50103325,0.23635109,0.018704753,0.07023674,0.8976823,0.59806913,0.8896358,0.5559251,0.77766746,0.42957407,0.23039518,-0.35713187,0.5959941,-0.0014362,0.014541212,-0.8292759,-0.7483823,0.64528954,-0.44142693,-0.40829942,-0.19775076,0.48465636,0.791441,-0.7761984,0.7028162,0.5864226,-0.32487237,-0.23950687,0.50382805,0.7159564,-0.41559187,-0.68146044,-0.8438498,-0.8012305,-0.78109926,-0.5710618,-0.5315261,0.8861431,0.7862418,0.44572592,0.90184665,0.63357985,0.5691051,0.9462207,0.90954536,0.9630941,0.9595056,0.32113752,0.844926,0.7788146,0.2924581,0.22750226,0.18372801,0.4150691,-0.04619551,0.8256348,0.69142246,0.662159,0.8654136,0.51488143,-0.54724723,-0.33795753,-0.09192077,0.86722815,-0.1337272,0.6034477,-0.6404188,-0.66009855,-0.24159165,-0.30480695,0.6381312,-0.7899216,-0.70736516,-0.7363601,-0.5471713,-0.28601843,-0.82612777,0.7192323,0.08615904,0.05948545,-0.56149787,-0.41050655,-0.6867454,-0.8324848,-0.85804844,-0.77334064,-0.5906626,0.8403632,0.6789065
0.7432088,0.87792504,0.8956845,0.5896134,0.71764517,0.9179946,0.89946586,0.9774307,0.0,0.7990943,0.6666606,0.53140527,0.33854887,0.122577935,0.16699712,0.8571798,0.67539454,0.9319049,0.64694834,0.83732814,0.5130418,0.3129475,-0.27887228,0.6437411,-0.08510058,-0.047480825,-0.8229476,-0.73866636,0.7208902,-0.37995836,-0.34929436,-0.22645187,0.4356988,0.8637717,-0.7553685,0.7298778,0.63007545,-0.3817402,-0.24711248,0.5167526,0.7586518,-0.47881368,-0.7216008,-0.896304,-0.853721,-0.76994973,-0.5014845,-0.4656791,0.92475015,0.82232356,0.49628606,0.90162784,0.66730934,0.54627633,0.9548575,0.9274869,0.95710564,0.97109556,0.37932986,0.8667994,0.79878956,0.3723683,0.29712275,0.27073127,0.49019328,0.0520165,0.8373203,0.7466581,0.7308772,0.9081846,0.59290993,-0.49141338,-0.26041052,-0.08605132,0.89359015,-0.23360932,0.6787148,-0.5976062,-0.62153834,-0.18527614,-0.29418606,0.67642665,-0.8619901,-0.7609635,-0.77603203,-0.54476774,-0.28597146,-0.82325226,0.7592057,0.13197027,0.10148986,-0.5563716,-0.364134,-0.7484243,-0.82102287,-0.907635,-0.7782445,-0.552164,0.8897991,0.71016884
0.72307116,0.67184424,0.7930861,0.35838467,0.45172805,0.8387035,0.7799913,0.7884105,0.7990943,0.0,0.86620384,0.71200264,0.2667457,0.029412508,0.035368923,0.7508133,0.611737,0.7826929,0.5412626,0.633125,0.35444087,0.2802585,-0.3945725,0.7550885,0.17503676,0.20842579,-0.8333948,-0.80374545,0.512849,-0.49238083,-0.16907778,0.008179499,0.2746173,0.72725695,-0.7048001,0.7345978,0.51112336,-0.14510885,0.082290374,0.6293764,0.7129847,-0.15204976,-0.385511,-0.7153758,-0.64075196,-0.8107872,-0.5728232,-0.5819071,0.82833636,0.72005737,0.4537077,0.7047249,0.4825217,0.27143732,0.80098206,0.82888484,0.7616889,0.73580134,0.42103463,0.8614878,0.77520853,0.26514438,0.10273097,0.14992833,0.3213098,-0.060399685,0.6691652,0.6342173,0.5421735,0.73124105,0.41905203,-0.52944124,-0.3859203,-0.14125855,0.7720094,-0.021698318,0.4398044,-0.678019,-0.40254876,-0.15942822,-0.40965152,0.5091226,-0.7000006,-0.77425504,-0.82676566,-0.6649745,-0.22839463,-0.8327743,0.7351093,0.056271445,0.017200494,-0.33178055,-0.35055193,-0.4727873,-0.65963024,-0.74952966,-0.82719094,-0.68538547,0.81203943,0.62674385
0.576013,0.47726968,0.71322155,0.054261144,0.18448423,0.81700766,0.5908208,0.6512578,0.6666606,0.86620384,0.0,0.88360393,0.20340157,-0.033175718,-0.07353365,0.51179504,0.5885989,0.6961811,0.4865536,0.48651356,0.19365625,0.31565028,-0.5126586,0.7947958,0.3066447,0.43708968,-0.7853825,-0.79042846,0.37634465,-0.5985335,-0.10773939,-0.16522452,-0.03708753,0.6217631,-0.61014736,0.77067596,0.39347056,-0.30274147,-0.01713531,0.4533811,0.57363725,0.06581484,-0.2051677,-0.51983494,-0.41656265,-0.82922614,-0.6604759,-0.65001374,0.78228384,0.6066109,0.48472008,0.5765086,0.40015504,-0.0041419077,0.71995,0.8052473,0.64349484,0.55444616,0.5110538,0.83982086,0.7975636,0.17591293,-0.011589286,0.09251046,0.23500557,-0.1324337,0.50022984,0.5968722,0.48747438,0.6404401,0.30778956,-0.44413263,-0.4244064,-0.33519718,0.6732514,0.090762824,0.31379017,-0.70965165,-0.29366422,-0.19285591,-0.61207837,0.3376247,-0.52269083,-0.744491,-0.82899415,-0.8350074,-0.21895474,-0.8142651,0.7474735,-0.14332932,0.037279487,-0.24757634,-0.3800217,-0.2916316,-0.5581381,-0.5639392,-0.8519631,-0.78025144,0.77771676,0.47916004
0.35599917,0.3464432,0.5577098,-0.1744227,0.029070377,0.6971928,0.42704245,0.50103325,0.53140527,0.71200264,0.88360393,0.0,0.29307476,0.04578827,-0.03689986,0.30956343,0.6393248,0.5926662,0.4870986,0.40903732,0.13511068,0.43687958,-0.41350448,0.86587816,0.2101437,0.46782768,-0.624522,-0.67850524,0.31606722,-0.5074918,-0.08108118,-0.33715805,-0.3083091,0.5519835,-0.411121,0.7155215,0.27963665,-0.45800498,-0.015236601,0.44894236,0.5378703,0.0677938,-0.08782349,-0.41230327,-0.28925923,-0.6822928,-0.4840205,-0.47188312,0.6819199,0.5206524,0.5676424,0.5061127,0.44259998,-0.11486209,0.6032733,0.68999565,0.5501909,0.41469464,0.5863041,0.707027,0.7351092,0.176009,-0.050767455,0.1130602,0.21477716,-0.05306244,0.45643303,0.52360433,0.44757882,0.55385584,0.26747176,-0.33841452,-0.29198363,-0.27045205,0.55839545,-0.03949309,0.25143546,-0.5987126,-0.23200044,-0.087000385,-0.6825921,0.2217832,-0.4320754,-0.73834026,-0.78456575,-0.87948245,-0.26664695,-0.7195576,0.6851773,-0.1457871,0.22195774,-0.121779114,-0.22847128,-0.28817204,-0.41426846,-0.4451329,-0.74722266,-0.6792072,0.6870141,0.38429695
-0.2209982,0.19811292,0.028158257,0.15785274,0.33879763,0.2816731,0.09615361,0.23635109,0.33854887,0.2667457,0.20340157,0.29307476,0.0,0.90251786,0.86213124,0.058179457,0.8232625,0.48182243,0.87384015,0.67289567,0.8270119,0.8314034,0.6338395,0.3935675,-0.7636139,-0.48513442,0.0013093316,0.06910954,0.77845097,0.52853996,0.22305134,-0.2732759,-0.076542325,0.5630287,0.107634775,0.10090167,0.1973441,-0.48185924,-0.098853044,0.19630143,0.32855153,-0.674614,-0.4208697,-0.45149598,-0.49509922,0.05679784,0.4515529,0.48728058,0.3460587,0.28632817,0.5169119,0.36306858,0.6095309,0.34806368,0.30597842,0.2314947,0.31916848,0.38106114,0.5438131,0.29453537,0.38080087,0.8206601,0.8084756,0.89998204,0.8482914,0.8463766,0.39972368,0.65104073,0.7206607,0.5369349,0.8051643,0.45204386,0.6657509,0.20453538,0.47136196,-0.86858,0.76966715,0.32959,0.0726593,0.44922653,-0.026772937,0.22223137,-0.577826,-0.3607458,-0.24851584,0.03408551,-0.35161844,-0.044918288,0.19003268,0.293611,0.45939392,-0.13768032,0.3297025,-0.6479136,-0.011599411,-0.40509397,-0.043433223,0.3137335,0.35349327,0.23215447
-0.3793926,0.017793266,-0.19547345,0.09667023,0.24247275,0.051128987,-0.104734845,0.018704753,0.122577935,0.029412508,-0.033175718,0.04578827,0.90251786,0.0,0.9721627,-0.12752223,0.6390947,0.28596765,0.73999864,0.5399327,0.8254214,0.67129964,0.79717636,0.16951194,-0.8506007,-0.6515046,0.1873777,0.2659004,0.6776637,0.7177966,0.41176382,-0.13984309,-0.111876175,0.37617496,0.22884999,-0.09619252,0.0394397,-0.3635658,-0.05555613,0.061912443,0.13787155,-0.6731301,-0.37807706,-0.3041806,-0.37959778,0.25452995,0.60990095,0.6443483,0.12288413,0.11116764,0.4350055,0.18335164,0.49459425,0.29351708,0.0863896,-0.0034709661,0.10833006,0.19700652,0.4898348,0.08262524,0.19191238,0.8473853,0.85298014,0.9277898,0.83537006,0.9769285,0.24244313,0.52367073,0.6061057,0.362607,0.77547187,0.6174029,0.81938,0.30678362,0.30685687,-0.8758657,0.6864758,0.5357972,0.28318796,0.62120175,0.15997307,0.10221995,-0.4343504,-0.18353589,-0.05389301,0.23834695,-0.28041667,0.17143506,0.015023476,0.3734745,0.47878778,0.042532273,0.49930996,-0.4860485,0.20602326,-0.23628275,0.15993403,0.5126577,0.14692816,0.11273882
-0.30045694,0.09182448,-0.15151763,0.21411322,0.33994353,0.064966,-0.03696057,0.07023674,0.16699712,0.035368923,-0.07353365,-0.03689986,0.86213124,0.9721627,0.0,-0.045673903,0.60442597,0.31439483,0.72826874,0.5816048,0.8677156,0.5862383,0.8036093,0.11877559,-0.8633928,-0.7387223,0.15679224,0.25719133,0.7111207,0.72872615,0.40342328,-0.07355012,0.013975139,0.39596906,0.15828852,-0.09719369,0.08425426,-0.30353275,-0.062395956,0.080491155,0.15249522,-0.7322514,-0.47097245,-0.35904166,-0.44773033,0.2402247,0.590652,0.6242234,0.13609828,0.14782111,0.42211682,0.22736572,0.51040107,0.3805647,0.120834604,0.01090625,0.14601749,0.25613543,0.45548743,0.09431227,0.19102997,0.8656868,0.88807774,0.92773134,0.85668945,0.97833353,0.28950712,0.54415524,0.6272673,0.39297166,0.8092146,0.5884695,0.817707,0.36309662,0.3476068,-0.8517234,0.7296796,0.53047556,0.25819373,0.6317817,0.2516119,0.17040117,-0.4703566,-0.16962592,-0.04250736,0.29626143,-0.24120899,0.16253659,0.022486739,0.4380775,0.45046762,0.027359325,0.49771675,-0.5041648,0.17265934,-0.28512782,0.15776701,0.5284173,0.15907133,0.1682107
0.89082795,0.8832105,0.8583445,0.75357795,0.7650871,0.73412347,0.957126,0.8976823,0.8571798,0.7508133,0.51179504,0.30956343,0.058179457,-0.12752223,-0.045673903,0.0,0.3786862,0.73618627,0.3584172,0.6290277,0.32018638,0.028358856,-0.39402565,0.43800372,0.11057523,-0.02619225,-0.78749776,-0.7141905,0.48449853,-0.45734563,-0.41553804,0.05855729,0.70663923,0.6583465,-0.7864475,0.5807005,0.5627391,-0.013087067,-0.03665071,0.56289065,0.68345475,-0.33760828,-0.6001682,-0.76573116,-0.7453611,-0.71171916,-0.5588489,-0.55179054,0.74166626,0.7342897,0.26035327,0.7868532,0.4673913,0.61618567,0.8048755,0.76247364,0.8343127,0.87008977,0.14184651,0.72446424,0.6061383,0.15003979,0.09558112,0.025866617,0.25189683,-0.17607403,0.75191844,0.5136242,0.4691972,0.6968265,0.35764667,-0.652053,-0.44707823,0.00046543905,0.73097605,0.01057143,0.43764383,-0.6473442,-0.63063306,-0.28877512,-0.12644526,0.64911324,-0.69531107,-0.5832947,-0.61324596,-0.3894002,-0.17757998,-0.74803144,0.5913285,0.17165363,-0.07346231,-0.5090376,-0.4101145,-0.5705205,-0.7811331,-0.78736395,-0.67724365,-0.5616355,0.70334107,0.67740685
0.18372424,0.48924413,0.44558302,0.2154812,0.44101757,0.6696248,0.46415767,0.59806913,0.67539454,0.611737,0.5885989,0.6393248,0.8232625,0.6390947,0.60442597,0.3786862,0.0,0.8048322,0.95259017,0.8496491,0.75829595,0.7892807,0.19928104,0.7254318,-0.48015395,-0.20610367,-0.44041228,-0.388326,0.8493845,0.07100875,0.025332058,-0.37445742,-0.028336369,0.81768453,-0.28489497,0.51895434,0.3830173,-0.60414326,-0.16678506,0.42656547,0.62458587,-0.597677,-0.543232,-0.70803154,-0.67929363,-0.40266928,-0.0045518214,0.039263822,0.7157462,0.6064594,0.6831378,0.6674876,0.7609158,0.34801596,0.6645492,0.63251656,0.66755885,0.6695947,0.673506,0.6784002,0.73669755,0.72679734,0.620014,0.71642375,0.80101544,0.55177134,0.6669428,0.84823877,0.8729155,0.82987696,0.82665837,0.051830575,0.26812023,0.027461963,0.7755076,-0.6652541,0.8087084,-0.15054062,-0.20601578,0.23391056,-0.32063225,0.41644502,-0.78524035,-0.7032753,-0.6447141,-0.41879076,-0.4425824,-0.5004672,0.58038133,0.20590666,0.4265518,-0.2797568,0.04930353,-0.7618252,-0.37275165,-0.68374676,-0.49352607,-0.17053387,0.7187819,0.49431017
0.6188834,0.76822424,0.7951845,0.46931475,0.6254038,0.90573317,0.800768,0.8896358,0.9319049,0.7826929,0.6961811,0.5926662,0.48182243,0.28596765,0.31439483,0.73618627,0.8048322,0.0,0.78040063,0.91840094,0.6378368,0.4262281,-0.16433446,0.7229516,-0.19755834,-0.11890042,-0.7861817,-0.7066464,0.81933624,-0.2842374,-0.17386104,-0.2530278,0.28432545,0.9294446,-0.69952744,0.759982,0.5977758,-0.46732104,-0.22899532,0.5228155,0.7767642,-0.531412,-0.73431766,-0.90331876,-0.8576248,-0.7351232,-0.4059157,-0.36631975,0.93481994,0.8340179,0.606868,0.85900426,0.7283074,0.45481676,0.9067438,0.89613813,0.8950885,0.9078241,0.53711367,0.89126164,0.85269415,0.5301431,0.41721243,0.42804527,0.6302722,0.21454145,0.8257767,0.8668509,0.85983104,0.98559225,0.7335694,-0.33879045,-0.11641208,-0.058736555,0.95103633,-0.35093117,0.771302,-0.5100628,-0.46710905,-0.023366319,-0.29553825,0.66239095,-0.89443153,-0.8036982,-0.8131026,-0.5570596,-0.3006555,-0.7925634,0.80731505,0.18556115,0.2028328,-0.44118392,-0.23568065,-0.7551676,-0.708587,-0.8991721,-0.7694667,-0.48999053,0.9238439,0.720508
0.13205858,0.46025124,0.37360096,0.2998527,0.48634174,0.60574186,0.41357112,0.5559251,0.64694834,0.5412626,0.4865536,0.4870986,0.87384015,0.73999864,0.72826874,0.3584172,0.95259017,0.78040063,0.0,0.8872024,0.873319,0.7729227,0.32525837,0.5968418,-0.5893213,-0.35811743,-0.3648412,-0.2884225,0.9162955,0.19987318,0.099293336,-0.2898769,0.056198522,0.80201715,-0.2458623,0.41935295,0.37500188,-0.55602735,-0.19477236,0.3357328,0.5606249,-0.67675775,-0.5988905,-0.7048175,-0.7113682,-0.31097555,0.086949,0.13482761,0.6631015,0.56478417,0.6264991,0.6239607,0.7366251,0.4114742,0.6102323,0.5662335,0.61244875,0.6592431,0.6346765,0.6340205,0.6756835,0.8234608,0.75804824,0.8336916,0.901092,0.6696761,0.6220442,0.870715,0.90540326,0.81978697,0.91108453,0.16414385,0.37702376,0.048270658,0.7656011,-0.7307304,0.8791841,-0.030985106,-0.13980797,0.29722545,-0.20991029,0.4240708,-0.79054296,-0.6103155,-0.55061746,-0.26098147,-0.42359886,-0.39638025,0.5041806,0.23873225,0.38160005,-0.29528064,0.08518254,-0.76017255,-0.3260299,-0.6661368,-0.39346993,-0.040715706,0.6643695,0.46939343
0.42294848,0.7056005,0.60846114,0.5419162,0.70099974,0.74560416,0.67553115,0.77766746,0.83732814,0.633125,0.48651356,0.40903732,0.67289567,0.5399327,0.5816048,0.6290277,0.8496491,0.91840094,0.8872024,0.0,0.8468928,0.53396934,0.150658,0.59042287,-0.48625222,-0.39796537,-0.5686089,-0.457631,0.9608562,0.034084793,-0.06932079,-0.24343021,0.32791403,0.908475,-0.5184171,0.55963427,0.5525526,-0.47563905,-0.2460503,0.44745326,0.6976167,-0.7537049,-0.8202536,-0.89577657,-0.90078586,-0.4870264,-0.11159894,-0.067778066,0.7960879,0.7417735,0.60049766,0.80202764,0.7806828,0.5857163,0.788249,0.72363025,0.8023795,0.86816317,0.5324354,0.7353787,0.72468543,0.7157534,0.6676852,0.65655035,0.82163,0.4844098,0.7986668,0.88619554,0.92709464,0.94262916,0.8997659,-0.093899705,0.17897731,0.10117622,0.8991302,-0.59390503,0.93074524,-0.21766947,-0.3598064,0.15696412,-0.0974663,0.63899577,-0.9171278,-0.6765104,-0.63255113,-0.29224256,-0.3215472,-0.56681234,0.6409034,0.3256865,0.30552244,-0.41730392,-0.04394761,-0.84955865,-0.55641407,-0.86148596,-0.53506315,-0.18671604,0.78834254,0.6564761
0.06727288,0.3942539,0.20622122,0.45309472,0.5687593,0.39709312,0.32562786,0.42957407,0.5130418,0.35444087,0.19365625,0.13511068,0.8270119,0.8254214,0.8677156,0.32018638,0.75829595,0.6378368,0.873319,0.8468928,0.0,0.5871672,0.53985274,0.31838208,-0.7348493,-0.6633188,-0.19871822,-0.08198065,0.91594964,0.4375847,0.2180531,-0.06928753,0.24959114,0.6785703,-0.18206221,0.19251527,0.31480604,-0.32872945,-0.12935,0.2577838,0.42637053,-0.80187064,-0.6842555,-0.6665239,-0.73495543,-0.10254512,0.27482104,0.31295395,0.46381682,0.44514525,0.4785224,0.50314593,0.63892883,0.5287684,0.44509244,0.3492709,0.46197805,0.58726686,0.48920193,0.4313637,0.45876655,0.87466764,0.8886042,0.89102626,0.938855,0.7987498,0.53807724,0.7683722,0.82692075,0.69567525,0.95220596,0.28952742,0.53834313,0.23070006,0.6591961,-0.76867914,0.89867914,0.20015064,-0.011874748,0.42882884,0.113583654,0.41824722,-0.74759436,-0.40694305,-0.32074344,0.070104554,-0.31507307,-0.17302199,0.30941245,0.4065638,0.32712352,-0.22107767,0.23054622,-0.7020194,-0.18521385,-0.6048195,-0.163471,0.215923,0.47395205,0.41943866
-0.22645923,0.12931432,0.05755707,0.023753291,0.19095157,0.30982178,0.056955438,0.23039518,0.3129475,0.2802585,0.31565028,0.43687958,0.8314034,0.67129964,0.5862383,0.028358856,0.7892807,0.4262281,0.7729227,0.53396934,0.5871672,0.0,0.4079874,0.41245687,-0.52976537,-0.15485987,-0.003392154,0.013593873,0.62285763,0.30951393,0.009845672,-0.37592617,-0.17784101,0.46926072,0.18532117,0.110071264,0.1184775,-0.52922225,-0.19840048,0.07123589,0.24747685,-0.43668097,-0.17798327,-0.3063224,-0.30708763,-0.008108361,0.30201513,0.33663848,0.3428282,0.18787351,0.36693075,0.29017103,0.4505562,0.17722277,0.2988488,0.26501843,0.29208633,0.3069578,0.39194116,0.3156514,0.38391432,0.5749189,0.6088836,0.7031408,0.65309596,0.5825543,0.2540131,0.52722853,0.57972497,0.4604192,0.59026265,0.33420348,0.44287306,-0.089542866,0.37910438,-0.6783461,0.6012259,0.184508,-0.0683819,0.16183776,-0.33049944,0.054116104,-0.42120427,-0.30152565,-0.23761787,-0.12635571,-0.47941738,-0.081889905,0.15613335,-0.051030893,0.26549944,-0.27611724,0.05446224,-0.54940784,-0.09681182,-0.29269627,-0.09328216,0.14327246,0.3179722,0.059425328
-0.64948714,-0.2661313,-0.5625019,0.044958852,0.0912836,-0.40791315,-0.4222872,-0.35713187,-0.27887228,-0.3945725,-0.5126586,-0.41350448,0.6338395,0.79717636,0.8036093,-0.39402565,0.19928104,-0.16433446,0.32525837,0.150658,0.53985274,0.4079874,0.0,-0.28423986,-0.8321483,-0.74188316,0.6113043,0.68922514,0.33002457,0.96771103,0.3856997,0.009574726,-0.061734892,-0.05500176,0.56821394,-0.53480405,-0.19629723,-0.08872114,0.007113597,-0.19269674,-0.23185803,-0.5483444,-0.15035042,0.066907525,-0.050773505,0.6814193,0.89120126,0.91568923,-0.34298566,-0.28351223,0.047665674,-0.18745007,0.14733377,0.23029706,-0.33083737,-0.45556226,-0.2850493,-0.16151424,0.10901401,-0.39881587,-0.29066995,0.5753897,0.7050748,0.6915817,0.52358764,0.8428949,-0.10433165,0.081796356,0.19990909,-0.077334546,0.43102726,0.78522474,0.9417093,0.43182412,-0.1342694,-0.7277897,0.38359597,0.87800586,0.40061438,0.59426475,0.46937937,-0.14165965,-0.041000765,0.28573975,0.43006995,0.6736944,-0.10155801,0.6133005,-0.43393242,0.35356948,0.33375385,0.15839313,0.6014801,-0.21372612,0.490942,0.13751069,0.61437154,0.8852254,-0.32530665,-0.21361426
0.43641144,0.4678505,0.6056141,-0.030959345,0.19913816,0.7492214,0.56986076,0.5959941,0.6437411,0.7550885,0.7947958,0.86587816,0.3935675,0.16951194,0.11877559,0.43800372,0.7254318,0.7229516,0.5968418,0.59042287,0.31838208,0.41245687,-0.28423986,0.0,0.026782937,0.19986714,-0.6990677,-0.727882,0.48849952,-0.39948577,-0.05339197,-0.30605412,-0.17372091,0.73635215,-0.5382967,0.81035686,0.4258244,-0.43569946,0.079902016,0.6778673,0.7478822,-0.18824524,-0.34360233,-0.6339791,-0.52768683,-0.6986284,-0.382112,-0.37868774,0.77169925,0.7053813,0.67823297,0.63198304,0.59155566,0.0360569,0.68003964,0.73447484,0.6517721,0.56777614,0.64894164,0.7409353,0.7567914,0.3166475,0.05991035,0.2030787,0.33479005,0.08232423,0.6566027,0.6226335,0.58142245,0.6908418,0.4388143,-0.3891683,-0.191462,-0.02500707,0.69036365,-0.22325909,0.4249325,-0.57027966,-0.2786915,0.028830199,-0.44378075,0.4573764,-0.6499776,-0.8740778,-0.8691002,-0.79171723,-0.21530339,-0.7871094,0.80720514,0.14348792,0.35063723,-0.10193751,-0.08293379,-0.499882,-0.48246616,-0.66094923,-0.7830168,-0.6022062,0.79573554,0.60231304
0.4005765,-0.0613049,0.23986734,-0.2281127,-0.34658453,0.07278939,0.0906011,-0.0014362,-0.08510058,0.17503676,0.3066447,0.2101437,-0.7636139,-0.8506007,-0.8633928,0.11057523,-0.48015395,-0.19755834,-0.5893213,-0.48625222,-0.7348493,-0.52976537,-0.8321483,0.026782937,0.0,0.8066925,-0.30308765,-0.3969375,-0.61813486,-0.77290696,-0.19508104,0.24605128,-0.034419984,-0.3019661,-0.26858184,0.20140223,-0.070597336,0.37265027,0.18545833,0.003942069,-0.10697686,0.8271378,0.49076238,0.2789391,0.37565875,-0.39340213,-0.7018158,-0.75091815,-0.023085792,-0.08828225,-0.29575768,-0.1614117,-0.47202757,-0.44178516,-0.016412012,0.10362207,-0.0858419,-0.1983931,-0.29037088,0.07415917,-0.023003297,-0.7509699,-0.8156584,-0.8060093,-0.7413563,-0.87059474,-0.24946363,-0.39692107,-0.537178,-0.28591752,-0.68474025,-0.5798655,-0.8325567,-0.4278771,-0.20849195,0.89948386,-0.66164404,-0.6095414,-0.10353226,-0.51951605,-0.34555373,-0.1782486,0.36670107,0.029826634,-0.1260376,-0.42743692,0.20024382,-0.2844723,0.09446845,-0.45313403,-0.47034338,0.038412046,-0.5033065,0.56212974,-0.16764852,0.20569375,-0.31460902,-0.6524646,-0.034654103,-0.11013893
0.19384511,-0.098307975,0.2158854,-0.4054442,-0.4186721,0.15951814,0.0066821375,0.014541212,-0.047480825,0.20842579,0.43708968,0.46782768,-0.48513442,-0.6515046,-0.7387223,-0.02619225,-0.20610367,-0.11890042,-0.35811743,-0.39796537,-0.6633188,-0.15485987,-0.74188316,0.19986714,0.8066925,0.0,-0.23824488,-0.3512448,-0.48745587,-0.71445787,-0.2718583,-0.10733786,-0.31054747,-0.21695384,-0.09822622,0.24320383,-0.09854437,0.002825819,-0.018258067,-0.0841404,-0.10281498,0.7681202,0.54200876,0.29657927,0.42361906,-0.37429833,-0.6095335,-0.6269114,0.055960476,-0.11107442,-0.16241401,-0.111548886,-0.32468724,-0.4995104,0.053879432,0.18214518,-0.023196816,-0.19198947,-0.13596727,0.13042244,0.081515245,-0.6344905,-0.67821974,-0.6042307,-0.5811031,-0.7120092,-0.2433257,-0.27059966,-0.3791522,-0.19278286,-0.57437253,-0.43397132,-0.673909,-0.5739019,-0.1669087,0.6601452,-0.52454555,-0.55054694,-0.17348579,-0.5483627,-0.62934995,-0.2769634,0.34652886,-0.05376477,-0.18121219,-0.57544684,0.009500287,-0.2906646,0.12582423,-0.6376114,-0.3293139,-0.057369232,-0.52488774,0.41929182,-0.19127764,0.22656433,-0.3338018,-0.6336973,0.028111048,-0.21176375
-0.87222713,-0.71483845,-0.90013975,-0.3356587,-0.41660556,-0.8799999,-0.8449956,-0.8292759,-0.8229476,-0.8333948,-0.7853825,-0.624522,0.0013093316,0.1873777,0.15679224,-0.78749776,-0.44041228,-0.7861817,-0.3648412,-0.5686089,-0.19871822,-0.003392154,0.6113043,-0.6990677,-0.30308765,-0.23824488,0.0,0.96044445,-0.39668247,0.69646144,0.22549395,0.046911035,-0.2776355,-0.70767784,0.9187624,-0.86973846,-0.5396969,0.17530964,0.028816583,-0.5945894,-0.729106,0.09512541,0.4835578,0.732442,0.6426362,0.96902853,0.7764333,0.77710575,-0.86745876,-0.79985344,-0.46095467,-0.7357154,-0.44632125,-0.2012533,-0.8328671,-0.89544195,-0.79103625,-0.7461281,-0.37605244,-0.8741777,-0.78229827,-0.10310753,0.09408232,0.06208612,-0.16775584,0.25071666,-0.69280285,-0.5775203,-0.48268822,-0.72308576,-0.3064392,0.70199627,0.5695725,0.18552148,-0.77614635,-0.13290837,-0.33221936,0.86009324,0.4713489,0.23895569,0.3873006,-0.5988049,0.6702643,0.8135187,0.8942792,0.771732,0.124918155,0.9697173,-0.8601423,-0.053809933,0.008073496,0.30534455,0.41748217,0.40446064,0.7482815,0.7688751,0.9638663,0.84706235,-0.8672553,-0.7136171
-0.8270342,-0.60962105,-0.83783215,-0.2000423,-0.2764095,-0.82259935,-0.7777133,-0.7483823,-0.73866636,-0.80374545,-0.79042846,-0.67850524,0.06910954,0.2659004,0.25719133,-0.7141905,-0.388326,-0.7066464,-0.2884225,-0.457631,-0.08198065,0.013593873,0.68922514,-0.727882,-0.3969375,-0.3512448,0.96044445,0.0,-0.28065532,0.7770017,0.22989652,0.039929792,-0.17472355,-0.6384495,0.8587856,-0.8690915,-0.47026402,0.13866305,-0.048444767,-0.6067595,-0.7140378,-0.02274453,0.3427078,0.64684325,0.53987926,0.9540823,0.7887904,0.8070781,-0.8150985,-0.74291265,-0.41843802,-0.6397688,-0.35279688,-0.060361672,-0.74879134,-0.84181446,-0.7083899,-0.6422401,-0.3409901,-0.8239735,-0.7367782,0.008762553,0.22730856,0.16365434,-0.052518643,0.3396627,-0.6034821,-0.47635764,-0.37250146,-0.62955016,-0.19055097,0.75211185,0.65232337,0.245205,-0.68274367,-0.20401657,-0.20157604,0.9165644,0.4460483,0.28904045,0.47420886,-0.5140312,0.58987904,0.80933636,0.8966595,0.8367042,0.13625892,0.96841824,-0.8395094,0.020004736,0.039098613,0.25633475,0.44142127,0.32423994,0.7111932,0.6926358,0.95785165,0.90869474,-0.81799257,-0.6420319
0.23713072,0.57314336,0.45043713,0.49347502,0.6430415,0.627371,0.5140406,0.64528954,0.7208902,0.512849,0.37634465,0.31606722,0.77845097,0.6776637,0.7111207,0.48449853,0.8493845,0.81933624,0.9162955,0.9608562,0.91594964,0.62285763,0.33002457,0.48849952,-0.61813486,-0.48745587,-0.39668247,-0.28065532,0.0,0.2134456,-0.002575162,-0.25483772,0.26934212,0.8356714,-0.34339094,0.4089034,0.4828282,-0.50111145,-0.29662886,0.31504032,0.5747652,-0.79005367,-0.77378225,-0.80457765,-0.83264655,-0.32200113,0.06230809,0.108062096,0.67377365,0.605251,0.52521884,0.6787578,0.72078526,0.5529765,0.66660297,0.5937848,0.6726835,0.75902486,0.48155788,0.6062839,0.6070388,0.77365905,0.78399545,0.7739428,0.8863941,0.62358373,0.6742168,0.8360466,0.89877194,0.85426265,0.9330605,0.08100245,0.34748083,0.09123314,0.7948959,-0.7115887,0.97208387,-0.028307337,-0.2679272,0.21161686,-0.046625204,0.54401666,-0.8553481,-0.5580346,-0.49569675,-0.14472984,-0.33269224,-0.3948888,0.50637853,0.29487467,0.2907204,-0.42362428,0.008464214,-0.83877707,-0.45137557,-0.7616881,-0.3764846,-0.008726668,0.66747254,0.5250415
-0.68379414,-0.31366107,-0.6258541,0.030852526,0.057010192,-0.5095443,-0.49198294,-0.44142693,-0.37995836,-0.49238083,-0.5985335,-0.5074918,0.52853996,0.7177966,0.72872615,-0.45734563,0.07100875,-0.2842374,0.19987318,0.034084793,0.4375847,0.30951393,0.96771103,-0.39948577,-0.77290696,-0.71445787,0.69646144,0.7770017,0.2134456,0.0,0.40199432,0.039993122,-0.05720795,-0.18604028,0.6217489,-0.63199157,-0.24663538,-0.027105274,0.0067389947,-0.2669364,-0.3459236,-0.46925634,-0.08386776,0.18174173,0.05782545,0.75808316,0.8929266,0.9223275,-0.45624632,-0.3775573,-0.016985811,-0.26159704,0.08159909,0.22224282,-0.41418436,-0.5507486,-0.3668124,-0.25392085,0.0471029,-0.5055975,-0.38858634,0.4989124,0.64038134,0.60862666,0.4290323,0.77945983,-0.17809448,-0.022195436,0.0955052,-0.19212566,0.32729107,0.81154424,0.93587685,0.4636468,-0.23897618,-0.6293276,0.28397477,0.93657136,0.4476448,0.5946048,0.54177177,-0.20075582,0.08523176,0.40162066,0.54217213,0.7510601,-0.012014892,0.7089688,-0.53339624,0.34610596,0.32518038,0.2224631,0.6427145,-0.09391109,0.571388,0.25440317,0.70545614,0.93635297,-0.4393382,-0.27685207
-0.32033232,-0.3757044,-0.39421058,-0.30526966,-0.27811515,-0.2662248,-0.4043459,-0.40829942,-0.34929436,-0.16907778,-0.10773939,-0.08108118,0.22305134,0.41176382,0.40342328,-0.41553804,0.025332058,-0.17386104,0.099293336,-0.06932079,0.2180531,0.009845672,0.3856997,-0.05339197,-0.19508104,-0.2718583,0.22549395,0.22989652,-0.002575162,0.40199432,0.0,0.36076456,-0.326838,-0.1440907,0.17868088,-0.180068,-0.3032901,0.17695935,0.34271902,-0.025362952,-0.21409926,0.031666573,0.10650774,0.17466919,0.12790138,0.25107858,0.33005583,0.31216267,-0.24121778,-0.19627301,0.28905717,-0.23102479,0.026438221,-0.23674232,-0.3014164,-0.31083924,-0.34206593,-0.3208284,0.41710904,-0.17399502,-0.040005606,0.37128755,0.24012014,0.3427603,0.22742721,0.45956376,-0.16463847,0.07449745,0.05171829,-0.13074206,0.20136715,0.5137113,0.4468171,0.28651825,-0.08588448,-0.132033,-0.010991764,0.37734774,0.89124626,0.7504215,0.24926624,-0.19929144,0.09756403,0.04153483,0.083934925,0.17763677,0.094740294,0.27184373,-0.12860036,0.30823433,0.32519543,0.6797656,0.61652565,0.3195099,0.613624,0.21423477,0.20212075,0.3100617,-0.16325288,-0.08506725
0.15574281,-0.14838159,-0.16063727,0.1617811,-0.044560324,-0.2677304,-0.050704177,-0.19775076,-0.22645187,0.008179499,-0.16522452,-0.33715805,-0.2732759,-0.13984309,-0.07355012,0.05855729,-0.37445742,-0.2530278,-0.2898769,-0.24343021,-0.06928753,-0.37592617,0.009574726,-0.30605412,0.24605128,-0.10733786,0.046911035,0.039929792,-0.25483772,0.039993122,0.36076456,0.0,0.33771753,-0.26275194,-0.06289434,-0.27658406,-0.21200876,0.85734797,0.5960529,0.102287866,-0.17084002,0.23442249,0.19969809,0.15565394,0.089762785,0.102785945,0.007292278,-0.055959046,-0.27546197,-0.18825592,-0.28913382,-0.2579151,-0.35430822,-0.033757985,-0.27030638,-0.28410205,-0.27875325,-0.18764238,-0.18445463,-0.16478059,-0.23053814,-0.11330621,-0.12608434,-0.14693958,-0.1991702,-0.11072829,-0.21876876,-0.22796585,-0.33490258,-0.2798413,-0.17875732,-0.03279069,-0.115690574,0.14561884,-0.1816224,0.33524504,-0.29862007,0.045101896,0.3949144,0.13194032,0.28083736,-0.1319295,0.15416901,0.2024703,0.17623207,0.29435602,0.13394469,0.1588926,-0.26115674,0.13612871,-0.28701818,0.29954123,0.110761784,0.37720257,0.24590734,0.14036898,0.14928225,0.06135589,-0.25979266,-0.071385816
0.55864006,0.57092535,0.39867243,0.9048533,0.724792,0.2199335,0.5710898,0.48465636,0.4356988,0.2746173,-0.03708753,-0.3083091,-0.076542325,-0.111876175,0.013975139,0.70663923,-0.028336369,0.28432545,0.056198522,0.32791403,0.24959114,-0.17784101,-0.061734892,-0.17372091,-0.034419984,-0.31054747,-0.2776355,-0.17472355,0.26934212,-0.05720795,-0.326838,0.33771753,0.0,0.24626882,-0.38964808,0.020676855,0.36429134,0.3299381,0.0044673383,0.18940349,0.25744975,-0.32619274,-0.42654967,-0.400172,-0.47199467,-0.18024632,-0.17311156,-0.18007235,0.2327367,0.30944943,-0.20671554,0.35692054,0.11304573,0.68979686,0.33481345,0.23857059,0.3814866,0.52177274,-0.29052898,0.23233862,0.074524164,0.065823175,0.18701553,0.0068197306,0.13133073,-0.10460811,0.3504097,0.15390325,0.14835693,0.2761958,0.17220238,-0.31404263,-0.21032962,0.12931596,0.30738118,0.032091927,0.25677603,-0.1709654,-0.42232704,-0.24556474,0.2819735,0.43486807,-0.33700746,-0.014519,-0.027835106,0.22894067,0.0022354017,-0.17996411,0.05083246,0.1988084,-0.29474795,-0.45103785,-0.27236238,-0.317028,-0.42947724,-0.39963785,-0.10843152,-0.056069843,0.18449329,0.34384885
0.5155556,0.6700505,0.68517816,0.4158822,0.57046086,0.8316442,0.725876,0.791441,0.8637717,0.72725695,0.6217631,0.5519835,0.5630287,0.37617496,0.39596906,0.6583465,0.81768453,0.9294446,0.80201715,0.908475,0.6785703,0.46926072,-0.05500176,0.73635215,-0.3019661,-0.21695384,-0.70767784,-0.6384495,0.8356714,-0.18604028,-0.1440907,-0.26275194,0.24626882,0.0,-0.61890745,0.7536268,0.71306056,-0.45831734,-0.14168386,0.57839185,0.86550087,-0.5892921,-0.7263934,-0.9069001,-0.86978203,-0.637862,-0.24649522,-0.22908966,0.90428364,0.8817963,0.5904931,0.7660094,0.69428414,0.4099382,0.80852795,0.8208595,0.7954602,0.84480923,0.519912,0.8204083,0.75213385,0.56402403,0.4277225,0.46462357,0.6368937,0.30051398,0.7970938,0.81748706,0.83879185,0.9151058,0.7398602,-0.29960907,-0.037764166,0.016346276,0.8703231,-0.47238478,0.7893393,-0.43166566,-0.4347995,0.0105262175,-0.18116686,0.7750082,-0.92267126,-0.8082555,-0.78946227,-0.46744063,-0.1812686,-0.7229468,0.810107,0.31063783,0.24121258,-0.4200809,-0.15417376,-0.8134195,-0.6628611,-0.90873843,-0.69371897,-0.39216748,0.9132476,0.7818543
-0.8955879,-0.71869487,-0.84819674,-0.42762032,-0.48235136,-0.76649743,-0.8317358,-0.7761984,-0.7553685,-0.7048001,-0.61014736,-0.411121,0.107634775,0.22884999,0.15828852,-0.7864475,-0.28489497,-0.69952744,-0.2458623,-0.5184171,-0.18206221,0.18532117,0.56821394,-0.5382967,-0.26858184,-0.09822622,0.9187624,0.8587856,-0.34339094,0.6217489,0.17868088,-0.06289434,-0.38964808,-0.61890745,0.0,-0.78255284,-0.52735126,0.067571275,0.010641191,-0.56687284,-0.6607657,0.14730519,0.56285006,0.7136568,0.64557636,0.8655978,0.73941904,0.7399372,-0.76187927,-0.7656562,-0.4112425,-0.7023962,-0.41497338,-0.28019696,-0.7600124,-0.7873899,-0.72943467,-0.7185064,-0.31357417,-0.7595163,-0.6700929,-0.094709,0.090855904,0.108134106,-0.13557805,0.25391313,-0.6850215,-0.5041687,-0.4284336,-0.65075,-0.28093344,0.69110835,0.5407294,0.045123775,-0.7210101,-0.17553617,-0.29744437,0.77152205,0.4229878,0.155132,0.17191525,-0.6336697,0.627776,0.6981608,0.769354,0.6088081,-0.0018319144,0.8605401,-0.7886076,-0.19163547,-0.0027377948,0.22676672,0.31974316,0.34483835,0.67735,0.7335009,0.8388659,0.7389048,-0.7721149,-0.74010783
0.6638643,0.56025445,0.7750127,0.10848475,0.25352228,0.8427552,0.6917986,0.7028162,0.7298778,0.7345978,0.77067596,0.7155215,0.10090167,-0.09619252,-0.09719369,0.5807005,0.51895434,0.759982,0.41935295,0.55963427,0.19251527,0.110071264,-0.53480405,0.81035686,0.20140223,0.24320383,-0.86973846,-0.8690915,0.4089034,-0.63199157,-0.180068,-0.27658406,0.020676855,0.7536268,-0.78255284,0.0,0.600028,-0.36981344,-0.0722006,0.58792245,0.7728288,-0.116121285,-0.45309606,-0.67574376,-0.56995475,-0.86870253,-0.6455346,-0.6380516,0.8616288,0.82156736,0.5428204,0.6505589,0.47387275,0.052227333,0.7541046,0.85227114,0.700417,0.63643104,0.48493212,0.8229807,0.7635162,0.15226002,-0.09555646,-0.015155395,0.18902333,-0.16425255,0.6544718,0.5824609,0.5320938,0.7015083,0.32614967,-0.5972857,-0.4520253,-0.15270874,0.72041047,0.019532384,0.3664376,-0.7717828,-0.42389175,-0.17353599,-0.3677987,0.62533814,-0.63620675,-0.8286583,-0.89106476,-0.8067613,-0.015734328,-0.8961716,0.98288536,0.1119224,0.13965172,-0.22840197,-0.30669692,-0.42808807,-0.66750556,-0.7131069,-0.8977332,-0.77940553,0.8912194,0.7230724
