0,1,2,3,4,5,6,7,8,9,10,11,12,13,14,15,16,17,18,19,20,21,22,23,24,25,26,27,28,29,30,31,32,33,34,35,36,37,38,39,40,41,42,43,44,45,46,47,48,49,50,51,52,53,54,55,56,57,58,59,60,61,62,63,64,65,66,67,68,69,70,71,72,73,74,75,76,77,78,79,80,81,82,83,84,85,86,87,88,89,90,91,92,93,94,95,96,97,98,99
0.0,0.2667706,0.65499413,0.52202165,-0.7907094,0.14796756,0.85424405,0.4103206,-0.07565257,0.756672,-0.52331465,-0.77516454,0.58839005,-0.5725858,-0.20719178,0.90319055,0.35953563,0.32305884,-0.056463547,0.037314568,0.65216506,0.50824845,0.1260679,0.07153835,0.681251,-0.15456371,-0.10786541,-0.8367763,0.4052226,-0.8196184,0.35294363,0.65799713,0.82413954,0.23888023,-0.30995595,-0.40254095,-0.17543828,0.91350543,0.35489756,0.67672217,-0.1742544,0.025637507,0.3544867,0.2839215,0.19431657,-0.07440494,-0.3334489,-0.22088829,0.09162564,-0.27188048,-0.75739825,-0.57305986,-0.8087443,-0.718561,-0.31843188,-0.287329,-0.74924314,-0.50608075,-0.7398746,0.6667837,0.80495083,-0.37110552,0.12620403,0.5796484,0.44239092,0.05734047,-0.79144233,0.27007332,0.24272567,-0.31627682,0.24060172,-0.3332908,-0.82963425,-0.062271696,0.6239766,0.48312452,0.10069594,-0.07023476,0.46504936,-0.4812463,0.23717205,-0.7330791,-0.34737185,0.3366282,0.36191094,-0.32285795,-0.3923949,-0.43008932,-0.37519425,-0.77097374,-0.7656265,-0.55555934,-0.75676525,0.34659836,0.21138221,0.28169516,0.11527778,-0.5531051,-0.15093003,-0.4009401
0.2667706,0.0,0.3149672,0.5826904,0.14674602,0.26001167,0.29313996,0.61396503,0.38078272,0.24292368,-0.29754606,-0.2419532,0.18382606,-0.049736574,0.103078455,0.2518203,0.122440934,0.2060141,-0.07072046,0.2708442,0.22579145,0.26614216,0.078912616,0.18020016,0.26673585,-0.15792951,-0.11961498,0.09694133,0.31096616,-0.1991283,0.28922364,0.48526922,0.14768709,0.18099798,0.18573567,-0.039463557,0.21685067,0.32593602,-0.19934459,0.020077253,0.08273866,-0.11113408,0.20233259,-0.08433502,-0.15748002,-0.024610464,0.006882215,0.037076518,0.13809144,0.068267554,-0.044545125,0.2922199,-0.031466,0.14510828,0.24540392,0.1268999,0.09715878,0.2642476,-0.013907555,-0.09526335,0.09340951,0.2694212,0.18514627,0.16115575,0.093908414,0.16753513,0.022063948,0.16656505,0.18726309,0.22727032,0.23489998,0.22555433,-0.07465456,-0.27375552,0.14037098,0.0769036,0.29733095,0.04078864,0.17390235,0.18906157,0.22799735,0.108539104,-0.13000071,0.32123715,0.043287907,0.20688614,0.18228777,-0.0051655215,0.25214812,-0.06681784,0.0020862636,0.042794872,-0.13886918,0.058120042,0.17512366,-0.11816634,-0.090157434,0.01306486,-0.075462274,-0.004393434
0.65499413,0.3149672,0.0,0.27524656,-0.44258595,0.58634096,0.6837963,0.58945477,0.32936317,0.35221586,-0.54106647,-0.37537932,0.53083545,-0.05552298,0.11247342,0.56429046,0.47533557,0.7252195,0.31937805,0.29934448,0.53737503,0.39827555,0.14058988,0.11864399,0.3291525,-0.113592565,-0.21660808,-0.4882396,0.3895682,-0.3645087,0.096133724,0.41483426,0.42808992,0.44241798,0.116578124,-0.01909573,-0.067401096,0.47856396,0.25706616,0.60091937,-0.11568694,-0.16791455,0.084419675,0.10706875,0.11617817,-0.025982982,-0.19786263,-0.029394595,0.46929443,-0.11588329,-0.32134885,-0.113979734,-0.36240926,-0.33020943,0.041158307,0.2987571,-0.3092285,-0.043690085,-0.56610763,0.18321288,0.48015603,-0.021648763,0.24401753,0.7120446,0.6305525,0.3891326,-0.36296818,0.706408,0.31832254,0.014701804,0.44167176,-0.23099974,-0.3380316,0.11043703,0.42761984,0.032892253,0.24037583,-0.008410116,0.20892455,-0.34829953,0.1519126,-0.59628594,-0.30451953,0.0450513,-0.14570141,-0.4438561,-0.2812431,-0.50945866,-0.23965694,-0.66450524,-0.40263018,-0.22194499,-0.3728585,-0.18314028,-0.0072977077,0.11175556,0.07995158,-0.3834651,0.23030685,-0.30755705
0.52202165,0.5826904,0.27524656,0.0,-0.27915293,-0.12772466,0.4946641,0.5709939,0.12439029,0.6080458,-0.5756867,-0.7245373,0.48008227,-0.5073648,-0.13166273,0.5585505,0.10675843,-0.0117923105,-0.39295632,-0.18213819,0.3573964,0.47066128,0.07592475,0.11477516,0.58277386,-0.2671038,-0.2918112,-0.23672542,0.40462077,-0.5483211,0.5322018,0.65980315,0.44273904,0.034110706,-0.27769813,-0.55565876,0.010253454,0.6556621,-0.19196743,0.34399307,-0.23389763,-0.19463141,0.26107323,0.098907016,-0.09525445,-0.24383129,-0.3550059,-0.33433944,-0.19148377,-0.33783677,-0.5416975,-0.24668951,-0.52758443,-0.25775108,-0.34488317,-0.35764667,-0.36990422,-0.15712652,-0.3271289,0.20778754,0.4149348,0.12636213,0.3600055,0.3593902,0.2199143,0.0024514936,-0.4779106,0.06757899,0.27551475,-0.079842545,0.1257023,0.27110055,-0.45004672,-0.35272262,0.39106482,0.47077456,0.32554686,0.14029919,0.48953113,-0.17136121,0.36960927,-0.2558341,-0.27453643,0.6595343,0.39735055,0.09152512,-0.10321833,-0.1279725,-0.15543343,-0.4548562,-0.48410976,-0.2569591,-0.65419483,0.3849444,0.45934737,0.01461574,-0.21538304,-0.40844807,-0.5022534,-0.39908043
-0.7907094,0.14674602,-0.44258595,-0.27915293,0.0,0.06390244,-0.7143599,-0.03041237,0.44288152,-0.7122986,0.44169122,0.7011825,-0.5563338,0.5079742,0.17684859,-0.8225173,-0.3078489,-0.14104325,0.028560907,0.07275048,-0.57473135,-0.45552987,-0.27917555,0.022706602,-0.58354074,0.096022986,-0.06077158,0.8337337,-0.28395346,0.5873152,-0.17851369,-0.39074585,-0.84926164,-0.11918622,0.32388568,0.509514,0.2646451,-0.77025336,-0.42532462,-0.69358003,0.18454336,-0.06612559,-0.26390445,-0.29395384,-0.29346585,0.08084956,0.2952372,0.19268176,0.15754226,0.36502457,0.8034836,0.8052376,0.8756529,0.87983066,0.5903254,0.4887131,0.8972389,0.8060887,0.83798313,-0.7398337,-0.8347387,0.5200029,-0.079965785,-0.59361786,-0.46685597,-0.072935514,0.83635503,-0.2062537,-0.20589256,0.41266695,-0.15001181,0.43264025,0.7203015,-0.124782726,-0.605512,-0.45444214,-0.0066646603,-0.032978237,-0.35678604,0.6637308,-0.18553546,0.7528992,0.2767081,-0.23748806,-0.42910638,0.32385215,0.50358886,0.36094257,0.5300921,0.6797009,0.8343242,0.7107467,0.6724168,-0.31588933,-0.048878253,-0.3035285,-0.18083048,0.5458165,0.23176411,0.4327536
0.14796756,0.26001167,0.58634096,-0.12772466,0.06390244,0.0,0.3573145,0.5138055,0.5743316,0.003474687,-0.062051862,0.16147906,0.2808607,0.5106837,0.5137204,0.14511533,0.52437854,0.8744938,0.686164,0.66258675,0.4091029,0.28712118,0.33929777,0.328254,-0.0017217584,0.05567657,-0.21133271,0.024143877,0.4665889,0.10601833,-0.3153028,-0.13106118,-0.032817677,0.707695,0.43441486,0.63571733,0.40233076,-0.02241777,-0.025392849,0.19224596,0.113912925,-0.33363098,-0.2945104,-0.20785941,-0.13401994,-0.090960145,0.037482597,0.1894173,0.73141396,0.24860297,0.12738304,0.22708058,0.10200517,0.0038802638,0.598528,0.6155262,0.09387226,0.3393864,-0.15311469,-0.115656175,0.10020427,0.15870251,0.27007735,0.3684504,0.49657318,0.58431065,0.074032925,0.61407304,0.41053334,0.5583056,0.5975243,-0.03671059,0.25444007,0.31840768,0.19442062,-0.26514596,0.41380158,0.18798546,-0.2286242,-0.19293256,0.19216879,-0.012581829,-0.154142,-0.07793178,-0.5295562,-0.1220109,0.29099554,-0.16104713,0.3972587,-0.09812101,-0.010218346,-0.10867261,0.06794722,-0.5058338,-0.37510478,-0.16979814,-0.052855365,0.066550806,0.64990497,0.14074706
0.85424405,0.29313996,0.6837963,0.4946641,-0.7143599,0.3573145,0.0,0.53119105,0.04689154,0.7455835,-0.5394496,-0.7073635,0.65664524,-0.32679924,0.037347488,0.89114356,0.43929023,0.48271167,0.13157636,0.24085394,0.70251566,0.57418215,0.38057005,0.10126974,0.59481925,-0.24651447,-0.0665207,-0.6415922,0.58249635,-0.6174308,0.17740826,0.43944687,0.8169275,0.39053634,-0.09254359,-0.18766601,0.11436291,0.80954736,0.28734517,0.7026024,-0.030399278,-0.14706132,0.18758878,0.19747654,0.18782462,-0.0859,-0.2103277,-0.06894701,0.2532312,-0.10540254,-0.70775586,-0.5213007,-0.7617789,-0.7090922,-0.17150365,-0.15649611,-0.704773,-0.40969586,-0.8126145,0.56562525,0.78341204,-0.3006512,0.23731306,0.6848784,0.59382856,0.289572,-0.71466726,0.40770262,0.35797423,-0.09020054,0.36571848,-0.2993282,-0.5897142,0.027242132,0.59867525,0.31375057,0.2869905,0.10539759,0.34066048,-0.6072143,0.27144125,-0.5793246,-0.26383698,0.3618931,0.20550168,-0.13907905,-0.13859618,-0.25840053,-0.11441314,-0.6428854,-0.7564417,-0.68493897,-0.6714273,0.12689817,0.026742201,0.2104627,0.1329119,-0.38928407,0.039955176,-0.22125387
0.4103206,0.61396503,0.58945477,0.5709939,-0.03041237,0.5138055,0.53119105,0.0,0.6405403,0.35871384,-0.4132061,-0.3262582,0.5009261,0.023640586,0.2800837,0.4263334,0.43018624,0.5885257,0.19443,0.2940167,0.49597174,0.48496652,0.19130832,0.35655543,0.36702815,-0.10568497,-0.47600362,-0.09186659,0.6028275,-0.32311606,0.11625761,0.3846385,0.16433105,0.4988447,0.07993702,0.04610736,0.26597294,0.36446506,-0.26834092,0.34410933,-0.15964268,-0.4276715,-0.08295962,-0.18475527,-0.3052147,-0.28640974,-0.28903222,-0.16167983,0.36368665,-0.11460674,-0.21928193,0.06667296,-0.20901768,-0.052126154,0.22185728,0.22419512,-0.090198204,0.26969025,-0.2361854,-0.040088225,0.2953087,0.24310474,0.47061545,0.45306376,0.47106004,0.3953486,-0.210755,0.45909947,0.45687127,0.32704803,0.52150977,0.2301103,-0.08215146,-0.028213024,0.368824,0.1090714,0.549811,0.23842736,0.12171639,-0.19100383,0.3950914,-0.20112228,-0.42049018,0.350149,-0.19475901,-0.09565618,0.12048329,-0.28234902,0.117606334,-0.40389907,-0.28253657,-0.12863365,-0.38203874,-0.11433167,0.11169987,-0.23148417,-0.29054746,-0.26625696,0.06727219,-0.23672779
-0.07565257,0.38078272,0.32936317,0.12439029,0.44288152,0.5743316,0.04689154,0.6405403,0.0,-0.16159168,-0.058234747,0.22128119,0.13094547,0.34032226,0.24512379,-0.1254288,0.25306222,0.52423507,0.29876646,0.25365752,0.04130946,0.12561734,-0.12943646,0.31081164,-0.0674486,0.042694025,-0.46120012,0.23193423,0.24849048,0.004843533,0.061910246,0.0013450389,-0.3469879,0.3868602,0.2583459,0.46618998,0.2185975,-0.19637665,-0.31265014,-0.048368827,-0.051231246,-0.3241005,-0.20027731,-0.10030296,-0.23333374,-0.15646732,-0.10523674,-0.058596656,0.5767857,0.13139878,0.24099453,0.44449416,0.31000975,0.429089,0.52911395,0.64771837,0.43531933,0.7302255,0.27315274,-0.40442866,-0.19835067,0.54204416,0.33263347,0.11628321,0.16654862,0.26803088,0.29884866,0.36358845,0.22456777,0.40528733,0.29370147,0.3632649,0.29838648,0.028802441,-0.028428435,-0.20488754,0.37975034,0.045161482,0.020144254,0.15650326,0.14375027,0.12028758,-0.08707793,0.026244158,-0.44686678,-0.11935184,0.24907972,-0.18615757,0.30058485,-0.047567964,0.226855,0.30682394,0.08304302,-0.2861489,0.12283537,-0.14767504,-0.27780455,-0.020131692,0.3566484,0.042863138
0.756672,0.24292368,0.35221586,0.6080458,-0.7122986,0.003474687,0.7455835,0.35871384,-0.16159168,0.0,-0.42995778,-0.7581653,0.779719,-0.41057956,0.04303639,0.9045081,0.48690677,0.15986378,-0.039527472,-0.059752803,0.73756343,0.77628446,0.4471865,0.35088626,0.9116614,0.01873133,-0.29396677,-0.6174906,0.63338846,-0.6778875,0.31899223,0.49452958,0.72942954,0.33892012,-0.40207627,-0.44359615,0.05369049,0.84102803,-0.03482176,0.6108123,-0.38181147,-0.21319038,0.11664972,0.16247262,-0.03680786,-0.45293888,-0.550625,-0.4672833,-0.14016089,-0.49969864,-0.90420896,-0.7254482,-0.905425,-0.7830456,-0.454568,-0.5598581,-0.8318193,-0.6431723,-0.6208151,0.65036863,0.8648724,-0.19853428,0.47205368,0.60077614,0.5284565,0.21770793,-0.86185557,0.18406394,0.5372608,-0.06765011,0.37621167,0.053183373,-0.5843325,0.11305791,0.82302135,0.7175031,0.42113137,0.3715289,0.44080532,-0.66918564,0.6079538,-0.5528826,-0.42827547,0.69146675,0.50880516,-0.10006294,-0.15690175,-0.22929126,-0.23028457,-0.6689329,-0.9106665,-0.7387611,-0.80936956,0.44656146,0.17653883,0.08870494,-0.23671749,-0.64525014,-0.34951407,-0.5197477
-0.52331465,-0.29754606,-0.54106647,-0.5756867,0.44169122,-0.062051862,-0.5394496,-0.4132061,-0.058234747,-0.42995778,0.0,0.7402011,-0.51463974,0.33307213,0.11970619,-0.50344515,-0.13087268,-0.23406152,0.1430821,0.06299337,-0.2980975,-0.37115994,-0.041678727,0.1344748,-0.32873762,0.5837285,0.19050665,0.27155706,-0.3510128,0.33693892,-0.41266945,-0.5604673,-0.47082373,-0.06509186,0.09014021,0.48253322,0.047692306,-0.5464434,-0.058623172,-0.54848975,0.120110035,0.33185795,-0.121340685,-0.1962775,-0.17254391,0.055624653,0.22340725,0.15693496,-0.03782597,0.2249935,0.39570624,0.26174855,0.4729811,0.25210935,0.41973668,0.08707143,0.39704528,0.2164404,0.6304814,-0.024776774,-0.29546684,-0.16977037,-0.30771086,-0.65392584,-0.4985524,-0.101056084,0.42303377,-0.49475968,-0.2571993,0.12874742,-0.11495462,-0.040149033,0.37217847,0.34765083,-0.22602667,-0.062124345,-0.27606556,0.010787276,-0.47756746,0.26311696,-0.09934942,0.4126651,0.14827006,-0.32337487,-0.16187386,0.11910427,0.25742504,0.29909837,0.31907222,0.52917725,0.43640628,0.20266564,0.56699806,0.082173906,-0.22469413,-0.16374303,-0.032829978,0.39251953,0.22873569,0.35436484
-0.77516454,-0.2419532,-0.37537932,-0.7245373,0.7011825,0.16147906,-0.7073635,-0.3262582,0.22128119,-0.7581653,0.7402011,0.0,-0.56517977,0.6589724,0.2732001,-0.78610533,-0.13667311,-0.009371366,0.3393653,0.19952086,-0.47937155,-0.4773063,-0.14117548,0.079119384,-0.627179,0.42190447,0.12421213,0.5490602,-0.40411747,0.6745778,-0.47273135,-0.6615181,-0.7625239,-0.022132384,0.41829214,0.6611135,0.07726512,-0.86677164,-0.15289383,-0.60007244,0.20011717,0.13756587,-0.28013095,-0.26824555,-0.16506071,0.13983192,0.34451538,0.30849522,0.18699506,0.3464472,0.7413675,0.61780936,0.8193376,0.63197273,0.5684918,0.50999546,0.7539273,0.5727462,0.7320226,-0.47048265,-0.6347901,0.19311947,-0.22415964,-0.53310424,-0.36575732,0.067683294,0.7859941,-0.12952824,-0.23501603,0.3098554,-0.067363635,0.076662935,0.6972298,0.32775253,-0.46821335,-0.47971255,-0.19379807,-0.037616737,-0.5518013,0.45260385,-0.24406657,0.5332731,0.23167385,-0.57235646,-0.5279378,0.029943435,0.26856384,0.19610769,0.35208926,0.64016026,0.75296384,0.51881015,0.85220385,-0.35424763,-0.3180697,-0.22909334,-0.0161904,0.5106478,0.4183674,0.42103702
0.58839005,0.18382606,0.53083545,0.48008227,-0.5563338,0.2808607,0.65664524,0.5009261,0.13094547,0.779719,-0.51463974,-0.56517977,0.0,-0.03653933,0.332046,0.7366987,0.7117106,0.47259152,0.28762072,0.041682377,0.7487679,0.89055014,0.50182813,0.5105171,0.76822954,0.0759601,-0.55867887,-0.4514143,0.7642981,-0.4384318,0.22709751,0.33322057,0.45070615,0.57865626,-0.20029253,-0.25073946,0.122043826,0.5822081,-0.22800472,0.6356905,-0.5134885,-0.49112073,-0.17120774,0.08304912,-0.14005865,-0.623759,-0.65441674,-0.52869385,0.07364773,-0.55606043,-0.73356557,-0.5577766,-0.7091107,-0.5785575,-0.36286277,-0.21519998,-0.6267004,-0.38822243,-0.55695313,0.32606295,0.7224499,0.1494581,0.77421176,0.8565471,0.8308232,0.5393755,-0.683419,0.5930954,0.7758278,0.19296128,0.59963334,0.25640023,-0.2546942,0.2907756,0.81789315,0.48690912,0.6959089,0.5302305,0.3737868,-0.724961,0.69817245,-0.56203985,-0.4933412,0.5876864,0.16971958,-0.31072083,-0.13293971,-0.4238352,-0.23007973,-0.7313232,-0.7893711,-0.60060364,-0.70133984,0.104066804,0.07889706,-0.028683644,-0.418936,-0.74355847,-0.18130064,-0.62491286
-0.5725858,-0.049736574,-0.05552298,-0.5073648,0.5079742,0.5106837,-0.32679924,0.023640586,0.34032226,-0.41057956,0.33307213,0.6589724,-0.03653933,0.0,0.75138783,-0.4348242,0.31481504,0.42862415,0.715317,0.49515396,0.0071026473,0.03146207,0.37765706,0.36367193,-0.3414776,0.265706,-0.1810779,0.58514047,0.20749485,0.71917105,-0.59537935,-0.58800733,-0.5966061,0.48033628,0.5346424,0.68921286,0.480019,-0.63837636,-0.40814647,-0.24877906,0.036449898,-0.43772238,-0.6437548,-0.48230296,-0.3765077,-0.2224425,0.117034145,0.1788808,0.32228494,0.19090313,0.53080714,0.45761508,0.5598359,0.40915817,0.5370767,0.49083802,0.48372784,0.4447479,0.33952433,-0.55666655,-0.38127786,0.3792648,0.2913742,0.0020846827,0.24422872,0.60405236,0.52972615,0.39139342,0.33883283,0.74026453,0.45908123,0.26949903,0.84084094,0.47413898,-0.11387862,-0.48472077,0.40853703,0.42279607,-0.57728064,0.038393844,0.17069799,0.43181354,-0.055110663,-0.25734496,-0.65349466,0.040651973,0.47102454,0.09829413,0.48207885,0.41702092,0.4102684,0.1984237,0.5534863,-0.690832,-0.61759377,-0.48009518,-0.27271715,0.3136583,0.47955903,0.22519428
-0.20719178,0.103078455,0.11247342,-0.13166273,0.17684859,0.5137204,0.037347488,0.2800837,0.24512379,0.04303639,0.11970619,0.2732001,0.332046,0.75138783,0.0,0.0027829367,0.5534691,0.51535773,0.68060094,0.5244064,0.43762478,0.41838136,0.7206102,0.5376394,0.055949572,0.28591532,-0.32827106,0.3257364,0.57748127,0.43012115,-0.5734007,-0.32981905,-0.2561956,0.6656562,0.3883094,0.4054002,0.56898725,-0.21238732,-0.50554055,0.031967837,-0.14688122,-0.5571661,-0.6240622,-0.6072214,-0.55472577,-0.4805098,-0.12684242,0.003012809,0.17212647,-0.08171082,0.12332116,0.12077077,0.1330298,0.027800323,0.32044268,0.16852829,0.07952869,0.1456781,0.018527608,-0.25414556,0.05868296,0.21408261,0.55763435,0.298569,0.53128034,0.8836485,0.09978552,0.47116542,0.63640624,0.7712402,0.75885653,0.2787647,0.6002829,0.5494936,0.29471102,-0.15512334,0.66842425,0.7159354,-0.52271163,-0.29470545,0.5083641,0.18302141,-0.399709,0.07577452,-0.52768344,0.015394991,0.4224336,-0.015156171,0.37233242,0.10583408,-0.035712507,-0.1897809,0.15871371,-0.48811066,-0.62180847,-0.63245505,-0.44002658,0.045703273,0.26447952,-0.05386124
0.90319055,0.2518203,0.56429046,0.5585505,-0.8225173,0.14511533,0.89114356,0.4263334,-0.1254288,0.9045081,-0.50344515,-0.78610533,0.7366987,-0.4348242,0.0027829367,0.0,0.5056664,0.3286497,0.04433049,0.086328685,0.79273,0.6968909,0.40380198,0.24251644,0.8089929,-0.06703924,-0.17264706,-0.749716,0.5959995,-0.7234666,0.253139,0.55140245,0.84379077,0.3652999,-0.28342074,-0.40606502,-0.025873682,0.9136566,0.1771254,0.7127954,-0.24893093,-0.13772067,0.20660912,0.16722286,0.063266665,-0.27372524,-0.42386803,-0.29234198,-0.007451984,-0.38351858,-0.8677748,-0.6751518,-0.9070339,-0.82182115,-0.3787446,-0.41722837,-0.84336436,-0.60697615,-0.7809929,0.68994445,0.9078881,-0.33243126,0.3246241,0.670864,0.57563597,0.23671196,-0.8620097,0.3009841,0.45192653,-0.14827892,0.39843115,-0.19076131,-0.68712044,0.089064956,0.78136194,0.57446563,0.307592,0.2059873,0.38775134,-0.65864927,0.460085,-0.6729329,-0.43630636,0.49725834,0.39279208,-0.21862109,-0.27528363,-0.35057342,-0.29410675,-0.73552614,-0.9013239,-0.74662465,-0.7889429,0.33384496,0.09504284,0.13569614,-0.049976,-0.59244335,-0.21924332,-0.47079498
0.35953563,0.122440934,0.47533557,0.10675843,-0.3078489,0.52437854,0.43929023,0.43018624,0.25306222,0.48690677,-0.13087268,-0.13667311,0.7117106,0.31481504,0.5534691,0.5056664,0.0,0.6946219,0.6883591,0.39706483,0.7932489,0.797269,0.5496893,0.80119884,0.57610536,0.40674764,-0.54553264,-0.30566728,0.73439795,-0.20871681,-0.10998707,0.13531263,0.13410284,0.88015044,0.032203395,0.11747894,0.14209145,0.28921857,-0.3383413,0.3463551,-0.45559812,-0.5245715,-0.32658783,-0.2338982,-0.41756856,-0.6562602,-0.55865073,-0.39237985,0.15248245,-0.4462725,-0.39963576,-0.2793488,-0.37701175,-0.37156236,0.039473563,-0.016796026,-0.35412306,-0.16498166,-0.29439652,0.17898409,0.53060395,0.11940067,0.6688637,0.6136053,0.7483201,0.6512274,-0.38295034,0.60460186,0.83943313,0.47392055,0.8455772,0.2003363,0.01645347,0.5373998,0.7763454,0.29942393,0.7054338,0.5342922,-0.019199738,-0.54871273,0.7618202,-0.37180382,-0.65694344,0.284268,-0.13684644,-0.43158862,-0.06543304,-0.53306353,-0.058219917,-0.46053186,-0.51072264,-0.46568966,-0.3803735,-0.1183819,-0.25808266,-0.32367724,-0.5217233,-0.55371535,0.014147922,-0.5158242
0.32305884,0.2060141,0.7252195,-0.0117923105,-0.14104325,0.8744938,0.48271167,0.5885257,0.52423507,0.15986378,-0.23406152,-0.009371366,0.47259152,0.42862415,0.51535773,0.3286497,0.6946219,0.0,0.7217499,0.62645423,0.57282877,0.45151997,0.3568042,0.4088323,0.160299,0.056329772,-0.3363345,-0.17176902,0.57721174,-0.051058028,-0.23904614,0.048608694,0.09641363,0.7852642,0.34908062,0.40728995,0.26219267,0.13788706,-0.03273955,0.3488602,-0.067258276,-0.42824557,-0.28399122,-0.20800313,-0.18293668,-0.21489528,-0.14190151,0.042762328,0.61685115,0.030435849,-0.0603105,0.061301086,-0.08738683,-0.13038556,0.38295323,0.49955294,-0.078926064,0.18906951,-0.32808688,-0.05225416,0.2727093,0.13619752,0.38943866,0.5904367,0.68805826,0.64884865,-0.10011008,0.77039474,0.5401017,0.46743235,0.71580774,-0.05555719,0.10393167,0.34750247,0.37781784,-0.17650129,0.5103753,0.22217022,-0.14045948,-0.33306694,0.3104758,-0.25656584,-0.3719022,-0.05163808,-0.4954963,-0.3562281,0.07639779,-0.4301202,0.14002807,-0.33467695,-0.20370191,-0.20417057,-0.13163967,-0.48692286,-0.35868406,-0.20457885,-0.13089284,-0.18310802,0.47226954,-0.114400424
-0.056463547,-0.07072046,0.31937805,-0.39295632,0.028560907,0.686164,0.13157636,0.19443,0.29876646,-0.039527472,0.1430821,0.3393653,0.28762072,0.715317,0.68060094,0.04433049,0.6883591,0.7217499,0.0,0.5993054,0.42660233,0.32470044,0.48868427,0.5116688,0.0023739436,0.32624784,-0.24141732,0.047878806,0.44037968,0.28145897,-0.5203681,-0.3315669,-0.18104598,0.74161005,0.3866123,0.55111665,0.30532542,-0.20060143,-0.17672738,0.09642335,-0.09241131,-0.43944094,-0.50162137,-0.33868888,-0.28370088,-0.291726,-0.09422504,0.05523116,0.40832853,0.011664706,0.11311718,0.0940387,0.12116566,-0.039660756,0.3968102,0.37100396,0.054441746,0.14016221,-0.07075138,-0.1344486,0.100973666,0.09331609,0.34336984,0.35512578,0.55215514,0.6871496,0.0906047,0.59857476,0.5206697,0.56277627,0.68705255,-0.013580212,0.41646448,0.5753606,0.3002872,-0.24104843,0.45719308,0.38887444,-0.41244698,-0.31575722,0.32737944,-0.05684197,-0.31327495,-0.21106504,-0.5348281,-0.31604132,0.16960263,-0.25851575,0.20941748,-0.038401395,-0.031881306,-0.18085031,0.15809745,-0.5572379,-0.6227416,-0.33213016,-0.21358314,-0.0390147,0.45511717,-0.035950474
0.037314568,0.2708442,0.29934448,-0.18213819,0.07275048,0.66258675,0.24085394,0.2940167,0.25365752,-0.059752803,0.06299337,0.19952086,0.041682377,0.49515396,0.5244064,0.086328685,0.39706483,0.62645423,0.5993054,0.0,0.346563,0.19014658,0.44884503,0.23259345,-0.1345767,-0.03975331,0.16175707,0.11933018,0.37139073,0.23095696,-0.4188378,-0.07668675,0.042471003,0.5618829,0.7109738,0.49778685,0.3813076,0.0013970952,-0.029538989,-0.08267512,0.44017375,-0.2157708,-0.05102231,-0.43395972,-0.20146291,0.110282525,0.37524134,0.5256724,0.34643295,0.41956535,0.20288092,0.28000522,0.15280673,0.066091046,0.53582746,0.32791644,0.136789,0.22316287,-0.12604375,-0.13292824,0.0043807197,-0.05200845,0.010121514,0.13639347,0.26831928,0.540174,0.21454345,0.35203707,0.25075006,0.51851976,0.5340158,-0.23185019,0.23012395,0.16262625,0.052654535,-0.4172411,0.2777689,0.074529216,-0.42101046,0.02535611,0.105299465,0.22660193,-0.1793531,-0.27190772,-0.5276609,0.06792883,0.22571418,-0.08627451,0.46431372,0.24524789,0.11713074,-0.18469065,0.21676226,-0.46700835,-0.6358797,-0.3659715,0.11279895,0.3472218,0.41315147,0.31128272
0.65216506,0.22579145,0.53737503,0.3573964,-0.57473135,0.4091029,0.70251566,0.49597174,0.04130946,0.73756343,-0.2980975,-0.47937155,0.7487679,0.0071026473,0.43762478,0.79273,0.7932489,0.57282877,0.42660233,0.346563,0.0,0.8069345,0.64439416,0.5972134,0.73349094,0.1962001,-0.41190067,-0.49409628,0.8077351,-0.42760447,-0.09827492,0.33263952,0.48373502,0.7413843,-0.1290271,-0.13114303,0.20296527,0.622152,-0.15878797,0.5477075,-0.39578244,-0.42888615,-0.18882424,-0.24380118,-0.35452813,-0.5591446,-0.52308744,-0.3468385,0.0536344,-0.45033905,-0.6190885,-0.485708,-0.6620624,-0.66776633,-0.10335532,-0.26197454,-0.6660608,-0.4320057,-0.59422946,0.4488457,0.7728508,-0.20337026,0.55060744,0.65838253,0.7477631,0.56492573,-0.6874339,0.47034842,0.7540598,0.3007936,0.8047358,-0.0019181155,-0.2763892,0.38034186,0.8593785,0.45305493,0.61896086,0.53002167,0.01043791,-0.6874554,0.7145505,-0.5146353,-0.71778685,0.4342018,0.05013455,-0.28215426,-0.058077265,-0.40531224,-0.10785714,-0.5999571,-0.76569206,-0.67838776,-0.6153783,0.041615594,-0.24801502,-0.28670686,-0.36333022,-0.5478232,-0.08040762,-0.51271856
0.50824845,0.26614216,0.39827555,0.47066128,-0.45552987,0.28712118,0.57418215,0.48496652,0.12561734,0.77628446,-0.37115994,-0.4773063,0.89055014,0.03146207,0.41838136,0.6968909,0.797269,0.45151997,0.32470044,0.19014658,0.8069345,0.0,0.5785565,0.69098085,0.79768103,0.1833928,-0.5583949,-0.3707839,0.834205,-0.39605635,0.1708381,0.34870616,0.36926493,0.67087066,-0.14433078,-0.21115567,0.15383622,0.5501549,-0.3956475,0.46514678,-0.48576504,-0.518295,-0.1726598,-0.09126286,-0.3434548,-0.7120247,-0.63564473,-0.5140481,-0.039644204,-0.5649769,-0.69400835,-0.4920509,-0.6547285,-0.51909995,-0.26861742,-0.31205544,-0.5687242,-0.3627263,-0.42316934,0.29991588,0.68004996,0.16207151,0.7844881,0.69232154,0.7207994,0.5519151,-0.6080844,0.47981837,0.8607519,0.3434862,0.7063657,0.33102542,-0.18255532,0.30995548,0.85840577,0.52205706,0.773474,0.5885882,0.26589742,-0.6227284,0.8477778,-0.39729694,-0.60572857,0.6195388,0.17255785,-0.23114716,-0.073755294,-0.41243804,-0.11598522,-0.56455463,-0.7333176,-0.6173284,-0.65074944,0.15735796,-0.011429673,-0.2153664,-0.5512084,-0.67707324,-0.26961765,-0.61679244
0.1260679,0.078912616,0.14058988,0.07592475,-0.27917555,0.33929777,0.38057005,0.19130832,-0.12943646,0.4471865,-0.041678727,-0.14117548,0.50182813,0.37765706,0.7206102,0.40380198,0.5496893,0.3568042,0.48868427,0.44884503,0.64439416,0.5785565,0.0,0.431222,0.3434403,0.10370041,-0.12409383,0.016458027,0.6937608,0.14717849,-0.43509907,-0.17904991,0.25074697,0.58058524,0.17221168,0.10019563,0.52706313,0.20866118,-0.27947053,0.2660824,-0.09067203,-0.46214285,-0.40322608,-0.39940727,-0.32165852,-0.43450922,-0.13336621,-0.016431209,-0.035281185,-0.15305628,-0.3126765,-0.31521368,-0.33868098,-0.45391402,0.0031447625,-0.25657836,-0.41792095,-0.3449816,-0.40838668,0.18482593,0.44553828,-0.13146229,0.46628407,0.4238412,0.5824036,0.71135694,-0.32962018,0.32687357,0.64444363,0.53360105,0.67721933,0.05961805,0.20407455,0.4525056,0.5250078,0.13263673,0.60716456,0.7282368,-0.31138605,-0.613666,0.5719005,-0.015284779,-0.36211765,0.32643744,-0.095612384,0.15587762,0.30250415,0.09136474,0.2630622,-0.05767387,-0.4545559,-0.6730973,-0.18113953,-0.20801088,-0.5785113,-0.40088847,-0.24067537,-0.066967554,0.07329951,-0.10279692
0.07153835,0.18020016,0.11864399,0.11477516,0.022706602,0.328254,0.10126974,0.35655543,0.31081164,0.35088626,0.1344748,0.079119384,0.5105171,0.36367193,0.5376394,0.24251644,0.80119884,0.4088323,0.5116688,0.23259345,0.5972134,0.69098085,0.431222,0.0,0.5220529,0.620667,-0.64683604,-0.05159444,0.6058567,-0.09687751,-0.077493615,0.058850486,-0.1680093,0.74259114,-0.06627253,0.13770388,0.16075633,0.07882932,-0.61398906,0.026791556,-0.56328964,-0.4783267,-0.38067403,-0.35573995,-0.66613793,-0.80332583,-0.6134424,-0.53072685,-0.019233113,-0.5158267,-0.24320501,-0.10113983,-0.15826182,-0.12094674,0.12269225,-0.07154651,-0.109878205,0.018591588,0.1052941,0.03346351,0.30993342,0.26840386,0.68832326,0.26150388,0.4400357,0.49166724,-0.1819929,0.29179493,0.7808963,0.57719785,0.7394496,0.5044623,0.19941409,0.51273066,0.6702399,0.40488768,0.6944424,0.6118811,-0.094305634,-0.3109804,0.87021655,-0.08448155,-0.64773035,0.38913244,-0.08623121,-0.24926007,0.081328176,-0.35760897,0.06476231,-0.231808,-0.2936737,-0.24956836,-0.22882995,0.051609486,-0.12696385,-0.49519682,-0.78314203,-0.4652001,-0.13322176,-0.49895895
0.681251,0.26673585,0.3291525,0.58277386,-0.58354074,-0.0017217584,0.59481925,0.36702815,-0.0674486,0.9116614,-0.32873762,-0.627179,0.76822954,-0.3414776,0.055949572,0.8089929,0.57610536,0.160299,0.0023739436,-0.1345767,0.73349094,0.79768103,0.3434403,0.5220529,0.0,0.2245137,-0.46135107,-0.58427125,0.6058247,-0.6750304,0.36146048,0.5151363,0.5434697,0.39229786,-0.46998322,-0.4290966,-0.049800515,0.74167997,-0.16019005,0.5262426,-0.5827696,-0.21670777,0.053490277,0.12467643,-0.18357688,-0.6053426,-0.71753573,-0.646431,-0.16001806,-0.6598012,-0.8309217,-0.61620235,-0.7923495,-0.662406,-0.40282995,-0.4920926,-0.7071702,-0.5392735,-0.437108,0.5775854,0.8074515,-0.06381398,0.5615329,0.5392179,0.50468373,0.19610648,-0.787482,0.19277556,0.6084598,-0.017515842,0.42973664,0.20350242,-0.5095166,0.20169248,0.8850105,0.8088498,0.4609779,0.41020906,0.4433019,-0.57537574,0.72398424,-0.55789214,-0.52472067,0.70843697,0.4924492,-0.22981131,-0.20582682,-0.34159,-0.29215828,-0.6994948,-0.829152,-0.5994364,-0.7611663,0.5023834,0.2583437,0.01492861,-0.4320722,-0.7648731,-0.3937052,-0.6643632
-0.15456371,-0.15792951,-0.113592565,-0.2671038,0.096022986,0.05567657,-0.24651447,-0.10568497,0.042694025,0.01873133,0.5837285,0.42190447,0.0759601,0.265706,0.28591532,-0.06703924,0.40674764,0.056329772,0.32624784,-0.03975331,0.1962001,0.1833928,0.10370041,0.620667,0.2245137,0.0,-0.32182592,-0.08595285,0.026165392,0.029607661,-0.18679097,-0.19733791,-0.29845917,0.29468358,-0.15805602,0.18000335,-0.1805638,-0.21268947,-0.26436472,-0.1815079,-0.48402804,0.051490974,-0.23401234,-0.1869631,-0.39099547,-0.47009352,-0.39749148,-0.36881366,-0.12677711,-0.42180833,-0.040576737,-0.029974805,0.06879596,-0.033769555,0.114074,-0.043066192,0.05313204,0.009703622,0.37342963,0.17248097,0.15514003,-0.0045898077,0.22237635,-0.12537898,0.050145905,0.16915773,0.0026966226,-0.070292845,0.27556616,0.19302224,0.31521478,0.1968954,0.16401628,0.6459703,0.38281733,0.36016187,0.13147168,0.32453573,-0.21710502,-0.11614424,0.4374251,-0.098032475,-0.36642614,0.00656037,-0.016527152,-0.3535805,-0.109164245,-0.23207615,-0.12477686,-0.059270483,-0.045384515,-0.021952664,0.1299815,0.23097311,-0.08103595,-0.2572216,-0.46063673,-0.28381047,-0.050896317,-0.3225021
-0.10786541,-0.11961498,-0.21660808,-0.2918112,-0.06077158,-0.21133271,-0.0665207,-0.47600362,-0.46120012,-0.29396677,0.19050665,0.12421213,-0.55867887,-0.1810779,-0.32827106,-0.17264706,-0.54553264,-0.3363345,-0.24141732,0.16175707,-0.41190067,-0.5583949,-0.12409383,-0.64683604,-0.46135107,-0.32182592,0.0,0.013935943,-0.5346147,0.18465434,-0.11497921,-0.1397829,0.24968992,-0.52495605,0.35346195,0.03637265,-0.13880634,-0.04469366,0.5771058,-0.251196,0.7637298,0.5900242,0.5152964,0.19408855,0.5691725,0.8166935,0.8194068,0.7754248,-0.10596646,0.6223097,0.19715337,0.110005066,0.15071683,0.022996135,0.042733707,-0.07549451,0.09055428,-0.10741884,-0.07240843,0.14413926,-0.16557895,-0.48178786,-0.8242127,-0.37574762,-0.512275,-0.31647533,0.24276865,-0.39660466,-0.696727,-0.3941393,-0.52820563,-0.6766537,-0.15408447,-0.2886608,-0.4936836,-0.36756143,-0.68602395,-0.53469145,-0.10739129,0.30930188,-0.6630762,0.24036829,0.5600351,-0.4754117,0.09462722,0.3451947,-0.09560336,0.37909108,0.11770327,0.45898733,0.2945782,-0.019926386,0.38484415,0.02473246,-0.17202507,0.3593109,0.84386957,0.63437676,0.13364585,0.6158756
-0.8367763,0.09694133,-0.4882396,-0.23672542,0.8337337,0.024143877,-0.6415922,-0.09186659,0.23193423,-0.6174906,0.27155706,0.5490602,-0.4514143,0.58514047,0.3257364,-0.749716,-0.30566728,-0.17176902,0.047878806,0.11933018,-0.49409628,-0.3707839,0.016458027,-0.05159444,-0.58427125,-0.08595285,0.013935943,0.0,-0.14707758,0.7668613,-0.3073324,-0.4862406,-0.7256406,-0.11117716,0.37640625,0.39271984,0.45111576,-0.725596,-0.48726907,-0.5822048,0.2386032,-0.2355447,-0.3988517,-0.39538085,-0.29063284,0.047010273,0.35109532,0.25942183,0.022665141,0.34320834,0.72443175,0.666036,0.75753695,0.7328238,0.42706308,0.31840613,0.7205831,0.5879061,0.5977944,-0.7855687,-0.79113847,0.47942075,0.009779108,-0.4422133,-0.30309656,0.085550204,0.7349527,-0.1079177,-0.08650901,0.51178217,-0.07536892,0.438799,0.8349513,-0.11708932,-0.5827259,-0.52604896,0.12541085,0.17719689,-0.43320137,0.4740595,-0.1339857,0.8042908,0.29141247,-0.1345248,-0.40468198,0.5115183,0.5937763,0.51166666,0.58188945,0.72673064,0.7090805,0.51173174,0.6187102,-0.45438883,-0.24846672,-0.3809552,-0.14242972,0.61401695,0.17245243,0.4469097
0.4052226,0.31096616,0.3895682,0.40462077,-0.28395346,0.4665889,0.58249635,0.6028275,0.24849048,0.63338846,-0.3510128,-0.40411747,0.7642981,0.20749485,0.57748127,0.5959995,0.73439795,0.57721174,0.44037968,0.37139073,0.8077351,0.834205,0.6937608,0.6058567,0.6058247,0.026165392,-0.5346147,-0.14707758,0.0,-0.23727803,-0.0808672,0.1838257,0.27265805,0.77816695,-0.008584264,0.031279687,0.5023509,0.43535486,-0.4352914,0.40654546,-0.31306043,-0.70295095,-0.3779786,-0.3020378,-0.4357801,-0.6353434,-0.466818,-0.32418063,0.15252587,-0.31113508,-0.46352342,-0.33846068,-0.48177567,-0.4174391,0.015259487,-0.14506015,-0.4504618,-0.19499165,-0.43578136,0.13755654,0.5248119,0.1296036,0.74461913,0.6221098,0.7452711,0.6650534,-0.48799473,0.5077802,0.8412673,0.54019964,0.79376334,0.2890038,0.007638021,0.26619238,0.68362343,0.28910777,0.86360353,0.6515016,-0.00053404993,-0.6005061,0.73870623,-0.21779218,-0.57443714,0.54298174,-0.09776955,-0.043224666,0.25971705,-0.22005543,0.18078618,-0.40694135,-0.600948,-0.5738217,-0.54428357,-0.12861498,-0.25226298,-0.38371062,-0.5016517,-0.40433538,-0.0060189487,-0.34531304
-0.8196184,-0.1991283,-0.3645087,-0.5483211,0.5873152,0.10601833,-0.6174308,-0.32311606,0.004843533,-0.6778875,0.33693892,0.6745778,-0.4384318,0.71917105,0.43012115,-0.7234666,-0.20871681,-0.051058028,0.28145897,0.23095696,-0.42760447,-0.39605635,0.14717849,-0.09687751,-0.6750304,0.029607661,0.18465434,0.7668613,-0.23727803,0.0,-0.5475297,-0.65143657,-0.6371011,-0.05749682,0.5214188,0.44470465,0.30010164,-0.7891298,-0.23802546,-0.4494488,0.25824508,-0.122788854,-0.4345493,-0.39625636,-0.16024901,0.121886455,0.43532762,0.3915489,0.021476416,0.32807934,0.7207807,0.5454477,0.7169407,0.55153924,0.3569453,0.36016044,0.5993913,0.3970297,0.42877263,-0.65839154,-0.66213375,0.26565108,-0.09104532,-0.30582276,-0.15474316,0.23061155,0.69605255,0.038275987,-0.10214086,0.4472825,0.0015076316,0.14456256,0.84783685,0.15952446,-0.51352316,-0.6326334,0.00070734305,0.17571095,-0.59258085,0.30296206,-0.20533417,0.6309919,0.27599964,-0.38986504,-0.47829896,0.30994728,0.3967995,0.37630412,0.4085269,0.6836239,0.65122175,0.39998007,0.75528955,-0.6013073,-0.5070596,-0.3431595,0.030123373,0.6062182,0.31785426,0.4142966
0.35294363,0.28922364,0.096133724,0.5322018,-0.17851369,-0.3153028,0.17740826,0.11625761,0.061910246,0.31899223,-0.41266945,-0.47273135,0.22709751,-0.59537935,-0.5734007,0.253139,-0.10998707,-0.23904614,-0.5203681,-0.4188378,-0.09827492,0.1708381,-0.43509907,-0.077493615,0.36146048,-0.18679097,-0.11497921,-0.3073324,-0.0808672,-0.5475297,0.0,0.6024755,0.29401958,-0.28015962,-0.32223612,-0.47758377,-0.42709598,0.43362477,0.042110343,0.10435104,-0.13201073,0.17276058,0.548987,0.6255899,0.33731413,0.024175504,-0.24225135,-0.33398667,-0.14196123,-0.21704696,-0.3961663,-0.17355633,-0.33359388,-0.052405648,-0.41334525,-0.20196682,-0.15744007,-0.1055484,-0.038588252,0.17434487,0.17185706,0.2997031,0.06650339,0.12663817,-0.13398583,-0.40246812,-0.24312602,-0.0904395,-0.07513417,-0.4060964,-0.35279137,0.22117671,-0.5301937,-0.48085764,0.10692969,0.40318328,-0.07744885,-0.33589673,0.90385306,0.1483883,0.03331448,-0.2135157,0.1598288,0.3908696,0.57968515,-0.040217135,-0.38211644,-0.19067042,-0.3053357,-0.3379168,-0.1976554,0.024389206,-0.43196627,0.5601838,0.8050736,0.51376134,-0.0016619101,-0.40469953,-0.46841097,-0.2844591
0.65799713,0.48526922,0.41483426,0.65980315,-0.39074585,-0.13106118,0.43944687,0.3846385,0.0013450389,0.49452958,-0.5604673,-0.6615181,0.33322057,-0.58800733,-0.32981905,0.55140245,0.13531263,0.048608694,-0.3315669,-0.07668675,0.33263952,0.34870616,-0.17904991,0.058850486,0.5151363,-0.19733791,-0.1397829,-0.4862406,0.1838257,-0.65143657,0.6024755,0.0,0.49002352,-0.007602889,-0.1944685,-0.6137199,-0.34734306,0.7157606,0.055885896,0.2917492,-0.16149047,0.05355138,0.52867657,0.16751157,0.00926779,-0.0384811,-0.26742765,-0.22693683,-0.1941183,-0.31205648,-0.4624452,-0.17082554,-0.4778264,-0.22328828,-0.36069524,-0.2739751,-0.3251058,-0.21589102,-0.3400658,0.26442182,0.39477623,0.0069403,0.09860139,0.31152782,0.14187172,-0.12811807,-0.40951303,0.1234844,0.11606297,-0.30208123,0.06722344,-0.013255872,-0.66670996,-0.38900903,0.34350258,0.37385193,0.05020703,-0.22475597,0.5159487,0.010808206,0.18614145,-0.41282246,-0.3350996,0.3056584,0.36011937,-0.23221132,-0.46529537,-0.45883867,-0.41239467,-0.4986803,-0.38120562,-0.13392012,-0.57100034,0.39366612,0.42130357,0.10997454,-0.03279105,-0.45332617,-0.5113125,-0.45787948
0.82413954,0.14768709,0.42808992,0.44273904,-0.84926164,-0.032817677,0.8169275,0.16433105,-0.3469879,0.72942954,-0.47082373,-0.7625239,0.45070615,-0.5966061,-0.2561956,0.84379077,0.13410284,0.09641363,-0.18104598,0.042471003,0.48373502,0.36926493,0.25074697,-0.1680093,0.5434697,-0.29845917,0.24968992,-0.7256406,0.27265805,-0.6371011,0.29401958,0.49002352,0.0,0.013432395,-0.1750296,-0.4388504,-0.11566021,0.8756681,0.48854312,0.60848755,0.1103306,0.16497873,0.4741565,0.3598203,0.4113297,0.13848296,-0.04996205,0.029935002,-0.0624894,-0.08091724,-0.76370627,-0.6415902,-0.82828295,-0.7766289,-0.42992416,-0.44651574,-0.79129297,-0.6607075,-0.8056698,0.7250702,0.7635462,-0.5107915,-0.061001122,0.48487723,0.29142752,0.0028721374,-0.7346124,0.08496574,0.06421053,-0.41384077,0.026850872,-0.47373548,-0.7879516,-0.1263253,0.46488988,0.38699254,-0.060913473,-0.10105599,0.43951195,-0.4828657,0.06701605,-0.54916215,-0.07177081,0.29674283,0.49288896,-0.02760563,-0.328724,-0.13395965,-0.26445326,-0.5178054,-0.72488415,-0.68385506,-0.61274153,0.36895114,0.13153826,0.398672,0.36069795,-0.30308628,-0.17456396,-0.16834664
0.23888023,0.18099798,0.44241798,0.034110706,-0.11918622,0.707695,0.39053634,0.4988447,0.3868602,0.33892012,-0.06509186,-0.022132384,0.57865626,0.48033628,0.6656562,0.3652999,0.88015044,0.7852642,0.74161005,0.5618829,0.7413843,0.67087066,0.58058524,0.74259114,0.39229786,0.29468358,-0.52495605,-0.11117716,0.77816695,-0.05749682,-0.28015962,-0.007602889,0.013432395,0.0,0.14922337,0.3398493,0.3931353,0.14918402,-0.36967614,0.2414769,-0.29170534,-0.591039,-0.46369857,-0.38477358,-0.5005484,-0.5888194,-0.39637512,-0.2344247,0.3414642,-0.22320828,-0.18936165,-0.10866992,-0.19408852,-0.23862205,0.29715127,0.16503826,-0.2083762,0.016134322,-0.21642968,0.038780402,0.3590623,0.15065506,0.6237044,0.49901205,0.6987768,0.6936208,-0.23312187,0.5982186,0.8204129,0.67683065,0.88869196,0.21650916,0.20120634,0.46972215,0.60548776,0.120010644,0.7378423,0.5423176,-0.20927352,-0.45575216,0.67798156,-0.14478071,-0.5724636,0.23384255,-0.33150256,-0.23438275,0.20986718,-0.33613524,0.22214004,-0.2724715,-0.34927493,-0.3773466,-0.254074,-0.29152086,-0.40987995,-0.4413029,-0.49664584,-0.305356,0.24130519,-0.2724243
-0.30995595,0.18573567,0.116578124,-0.27769813,0.32388568,0.43441486,-0.09254359,0.07993702,0.2583459,-0.40207627,0.09014021,0.41829214,-0.20029253,0.5346424,0.3883094,-0.28342074,0.032203395,0.34908062,0.3866123,0.7109738,-0.1290271,-0.14433078,0.17221168,-0.06627253,-0.46998322,-0.15805602,0.35346195,0.37640625,-0.008584264,0.5214188,-0.32223612,-0.1944685,-0.1750296,0.14922337,0.0,0.4379856,0.20565595,-0.29889113,0.00705959,-0.2531287,0.58934397,-0.0505733,0.03348854,-0.28171223,0.00022369965,0.37486917,0.6224403,0.6974789,0.27271384,0.55440056,0.45985493,0.5409715,0.4614088,0.42639312,0.43601987,0.46191618,0.47937128,0.4529166,0.12826715,-0.4429773,-0.3417878,0.1757571,-0.15989295,-0.030339101,0.004518861,0.39992592,0.591236,0.27403325,-0.0722318,0.3562146,0.16738822,-0.16235735,0.42089292,0.019976487,-0.3287168,-0.7280979,0.036253292,-0.114005774,-0.36163718,0.32808825,-0.21689281,0.4142626,0.13757083,-0.49823317,-0.55841255,0.13746376,0.13714571,0.01853852,0.37947816,0.48031783,0.47935507,0.17341907,0.55326295,-0.54743665,-0.47545704,-0.21203685,0.29161742,0.55083305,0.34427306,0.44320872
