0,1,2,3,4,5,6,7,8,9,10,11,12,13,14,15,16,17,18,19,20,21,22,23,24,25,26,27,28,29,30,31,32,33,34,35,36,37,38,39,40,41,42,43,44,45,46,47,48,49,50,51,52,53,54,55,56,57,58,59,60,61,62,63,64,65,66,67,68,69,70,71,72,73,74,75,76,77,78,79,80,81,82,83,84,85,86,87,88,89,90,91,92,93,94,95,96,97,98,99
0.0,0.33970734,0.20347477,0.46171987,0.11280791,-0.008658595,0.4890455,-0.059883315,0.024974411,0.17291756,0.3436228,0.18384822,0.34117952,-0.009458664,0.24260974,0.37617472,-0.26901093,-0.19508682,-0.2957743,0.59907085,-0.34672806,-0.07408116,-0.28978157,-0.14368543,0.13807009,-0.052143823,-0.37048417,-0.22865166,0.44411996,-0.4898685,0.46304256,0.62477255,0.4952299,-0.2977455,-0.35002598,0.4056313,0.56365067,0.4657948,0.3742097,0.33015555,0.30293894,0.49968797,0.37799305,0.62391186,0.08104147,0.606307,-0.23018014,-0.11638343,0.7673897,0.6968077,0.88051826,0.45816246,0.5411373,0.54978746,-0.0010864096,0.041427534,0.038592316,-0.13318123,0.098585665,-0.0048264232,-0.02194322,0.32872155,-0.085680865,-0.23698744,-0.4739142,0.10784292,0.49964017,-0.46058393,-0.49876344,-0.24289727,-0.4867385,-0.17206235,-0.5045948,0.2606326,-0.34400833,-0.12832522,-0.0077002575,-0.4205823,0.52968323,0.6461579,-0.22902915,0.09774918,0.211851,-0.15444311,-0.48136717,0.06969556,0.4576094,-0.06700542,0.4895812,0.44347766,0.5411669,0.29472908,0.24254389,0.5345887,0.37360087,0.6942006,0.5934884,-0.21610366,0.70806324,0.7162043
0.33970734,0.0,0.57865065,0.75278616,0.6380412,0.20216301,0.27689856,0.5970785,0.19397995,-0.5358262,-0.2093682,-0.40613285,-0.14720948,0.18129742,-0.14068319,0.3716756,-0.05998671,0.5214432,0.11313138,-0.100377366,0.1551421,0.14852874,0.26576194,-0.48576736,-0.109765306,-0.19367641,-0.58049613,-0.5236362,-0.12493711,-0.3602537,-0.017465716,0.2799429,-0.23089686,0.19829337,-0.17208868,0.23001957,-0.18054178,-0.15740107,-0.33007222,-0.34808078,-0.43477142,-0.108162984,-0.12342909,-0.08793597,-0.044900186,-0.020634942,-0.20807101,-0.13704668,0.29506403,-0.09096938,0.38430187,0.9211131,0.16758263,0.43340358,0.5102625,0.18806455,0.78752273,0.30272043,-0.52284306,-0.36424294,-0.49124354,-0.13194951,0.0026252142,0.04242376,0.0016625586,-0.16934866,-0.17520896,0.09464292,0.034718875,0.55465364,0.13684356,-0.113292456,-0.023092791,-0.4544031,-0.3664714,-0.3913402,-0.17243865,-0.40027353,0.015988639,0.12837496,-0.45471424,-0.18576257,0.15273531,-0.2889162,-0.4814879,0.0044985116,-0.30328822,-0.3386121,0.11834039,-0.31282207,-0.13587645,-0.3049321,-0.48535284,-0.087431766,-0.13381854,-0.076955356,-0.046964314,-0.09757841,0.30267194,0.026927918
0.20347477,0.57865065,0.0,0.16058697,0.8892999,0.8082803,0.12763362,0.8137595,0.80170983,-0.3495951,-0.16845909,-0.21862996,-0.042180333,0.5433355,0.06824505,-0.23659734,0.3851329,0.18626052,0.47124782,-0.3459118,0.43148074,-0.3199571,0.13329631,-0.3254446,0.2119088,-0.18455426,-0.5608912,-0.33965844,0.1294129,-0.4969218,-0.32199734,0.23000014,-0.35319403,-0.26844293,-0.47702637,0.63963014,-0.25859284,-0.30578604,-0.4200003,-0.4739699,-0.5401529,-0.3307035,-0.4327293,-0.35592735,-0.43422538,-0.35233653,-0.5958691,-0.2983088,0.37314144,-0.3075327,0.10398042,0.6630164,-0.24152233,-0.16734411,0.9266901,0.8096086,0.720024,0.8384881,-0.24966048,-0.043901972,-0.15170875,-0.0015527547,0.41868174,0.45472616,0.47438413,0.11062385,-0.350071,0.44196793,-0.2619263,0.25709388,0.3062931,-0.4974699,0.30817404,-0.50003564,0.14485395,-0.18112117,0.36420768,-0.05950529,-0.34408176,-0.069814555,-0.4658417,-0.5218797,-0.19141068,-0.45334744,-0.15362455,-0.47476485,-0.17640913,-0.31525838,0.5415856,-0.5126843,-0.38391563,-0.16429903,-0.43325245,-0.33683044,-0.44622308,-0.2600072,-0.3429052,-0.14942501,0.5244546,-0.25211883
0.46171987,0.75278616,0.16058697,0.0,0.2540483,-0.22449705,0.39928487,0.16972181,-0.23065934,-0.28897646,-0.02205603,-0.25757584,-0.031653434,-0.14634587,-0.18516643,0.74952143,-0.34743315,0.43672785,-0.25574622,0.21758166,-0.20872231,0.45273605,0.12656775,-0.34931114,-0.14392161,-0.113049366,-0.48140272,-0.46999127,-0.1706501,-0.21025768,0.4050574,0.45792517,0.12732181,0.35011163,0.057864413,-0.12302925,0.029200902,0.22087462,0.05763162,0.077159226,-0.04445759,0.25930223,0.31208205,0.25139776,0.17454119,0.3489406,0.0876073,-0.102860615,0.2172257,0.23709428,0.5968838,0.7140555,0.5493852,0.79819876,0.07162016,-0.2346614,0.44823152,-0.15704323,-0.3988449,-0.3900278,-0.48373434,-0.054304697,-0.306583,-0.32161662,-0.44978914,-0.3126695,0.18252261,-0.28520155,0.09000097,0.41412866,-0.1843242,0.20556313,-0.39225984,-0.06279927,-0.6373469,-0.3787316,-0.5124876,-0.5778027,0.44082037,0.4517098,-0.30905,0.09694499,0.30330935,-0.10361438,-0.70897603,0.28997174,-0.18983226,-0.31160998,-0.12915978,0.09926763,0.2319589,-0.04873015,-0.14122877,0.24525842,0.2552242,0.18999375,0.3093961,-0.19551884,0.14391416,0.35398066
0.11280791,0.6380412,0.8892999,0.2540483,0.0,0.67425865,0.17608654,0.80617666,0.6729413,-0.39603195,-0.17421329,-0.20926926,0.03292868,0.5118879,0.09576452,-0.16704297,0.37795055,0.222318,0.42579195,-0.4208297,0.44932893,-0.26931617,0.17272133,-0.29926544,0.21240398,-0.18552,-0.61237955,-0.3500051,0.1418124,-0.4783463,-0.31162608,0.2274163,-0.43450496,-0.23913555,-0.50014335,0.46048424,-0.34361458,-0.38869372,-0.5026496,-0.49783936,-0.6202795,-0.3501512,-0.48887786,-0.40498152,-0.5150156,-0.4321173,-0.63793826,-0.35706288,0.20655528,-0.3923348,0.08657213,0.7144371,-0.17585944,-0.0763134,0.9180133,0.6603087,0.76385087,0.78201175,-0.28532624,-0.036539234,-0.13392888,0.082954,0.47479245,0.49787349,0.45067728,0.1102342,-0.37617236,0.42925906,-0.2609529,0.30045724,0.3265188,-0.47323176,0.29545116,-0.51410925,0.14239536,-0.15263969,0.34486482,-0.003980187,-0.3458159,-0.092415184,-0.47875845,-0.6625413,-0.291591,-0.5728337,-0.2524957,-0.55696476,-0.28691396,-0.43549478,0.33167398,-0.5682965,-0.5139224,-0.2578427,-0.5107959,-0.36790422,-0.51097125,-0.32720628,-0.4609031,-0.26519018,0.35822916,-0.3435645
-0.008658595,0.20216301,0.8082803,-0.22449705,0.67425865,0.0,-0.14677206,0.6101525,0.9487761,-0.14650373,-0.1245609,-0.08386235,0.0404348,0.6007338,0.21584603,-0.5455536,0.42841986,-0.04676722,0.4930815,-0.39724568,0.39439592,-0.4303868,0.062632285,-0.2589558,0.19095173,-0.1612486,-0.32744193,-0.13169023,0.15657158,-0.28112212,-0.34937215,0.11087476,-0.30485442,-0.3851339,-0.4546494,0.63076067,-0.22043121,-0.24145804,-0.2913548,-0.37715203,-0.43204936,-0.34768704,-0.41184363,-0.4142353,-0.505503,-0.39699897,-0.52711904,-0.28239772,0.2677314,-0.33849898,-0.10790573,0.30067202,-0.45804203,-0.4382323,0.81720847,0.9697598,0.41572806,0.8884688,-0.02334827,0.12256721,0.052730653,0.08250745,0.56862813,0.59930676,0.64564526,0.28237793,-0.4192212,0.49647593,-0.30505827,0.03764108,0.26064894,-0.51287526,0.37966874,-0.39431718,0.2826301,-0.047399882,0.46084872,0.21020462,-0.42245024,-0.16732776,-0.38616535,-0.4965118,-0.33034614,-0.39280665,0.049179982,-0.49616775,-0.06697541,-0.20993844,0.60191953,-0.47427475,-0.38116992,-0.02060148,-0.23737668,-0.3746468,-0.4548109,-0.3165206,-0.35790783,-0.15393399,0.46466288,-0.3189671
0.4890455,0.27689856,0.12763362,0.39928487,0.17608654,-0.14677206,0.0,0.114962436,-0.117654815,0.099255696,0.11783261,-0.008652588,0.16147752,-0.03133426,-0.033019736,0.46324846,0.07488252,0.012822201,-0.077081785,0.3239002,0.027033078,0.059093177,-0.09820409,0.26878938,0.36969662,-0.0749515,-0.37949586,-0.26450762,0.27502453,-0.4415218,0.19446892,0.4296704,0.20364389,-0.14821334,-0.16070534,-0.01018691,0.032284275,0.21671182,0.17475054,0.3199945,0.20888467,0.18158558,0.14439496,0.17554457,-0.021137858,0.15724286,-0.27120334,-0.2212013,0.16714397,0.21682455,0.45240107,0.3962891,0.71142286,0.39945364,0.06475253,-0.11844475,0.19617951,-0.080420926,-0.06623249,-0.11493465,-0.12282055,0.16982989,-0.22452435,-0.2704204,-0.38675013,-0.22146757,0.63825095,-0.17578742,-0.16170749,-0.03222994,-0.03290415,0.08032258,-0.16319777,0.35049284,-0.04358454,-0.05580188,0.054871093,-0.40657926,0.20838846,0.38619515,0.11517111,-0.051538523,0.14877366,0.01834792,-0.3048109,-0.14333251,0.011140907,-0.21202973,0.051147055,0.34889993,0.23274401,0.24612184,0.1400553,0.15499292,0.14541116,0.21144344,0.14874864,-0.14952008,0.17387356,0.24344888
-0.059883315,0.5970785,0.8137595,0.16972181,0.80617666,0.6101525,0.114962436,0.0,0.61067045,-0.60373735,-0.4292305,-0.4724493,-0.37424046,0.56789804,-0.24694847,-0.17648992,0.5839633,0.48817024,0.70398283,-0.5498576,0.6903055,-0.11737334,0.4210095,-0.2867062,0.06604168,-0.28509566,-0.5470356,-0.5020217,-0.19332229,-0.4305839,-0.50572115,-0.021864051,-0.60403633,0.009712829,-0.2992486,0.3917428,-0.54650605,-0.4959768,-0.6339039,-0.65072715,-0.7332939,-0.6369421,-0.6153308,-0.6214106,-0.45443854,-0.58602285,-0.47900993,-0.20554246,0.12154603,-0.54040015,-0.15645987,0.6142815,-0.31999543,-0.2629784,0.8458086,0.59002614,0.90663284,0.78527164,-0.53195953,-0.23944524,-0.37996957,-0.31659156,0.2523664,0.39877945,0.56921256,-0.19137101,-0.4905051,0.70496243,0.08966019,0.5735878,0.61794454,-0.37140086,0.5619025,-0.69098383,0.18262482,-0.3075472,0.19399671,-0.16312672,-0.54292464,-0.32418025,-0.4315654,-0.504083,-0.19132866,-0.3538305,-0.07440981,-0.42902848,-0.4896794,-0.4290854,0.26522732,-0.71214914,-0.5837034,-0.3820087,-0.654072,-0.6178206,-0.6441367,-0.58512604,-0.58205986,0.016332049,0.22543658,-0.43866557
0.024974411,0.19397995,0.80170983,-0.23065934,0.6729413,0.9487761,-0.117654815,0.61067045,0.0,-0.14754781,-0.13155107,-0.095793,0.059498135,0.7011297,0.2581547,-0.5824895,0.4657262,-0.105067596,0.542744,-0.4064736,0.38532194,-0.50421476,0.026547583,-0.291229,0.18344787,-0.24601823,-0.37894434,-0.2000066,0.19528335,-0.34357235,-0.32593867,0.14888293,-0.273336,-0.46103188,-0.534894,0.62920594,-0.18736956,-0.21922557,-0.27343237,-0.37016672,-0.4228148,-0.3800151,-0.41922712,-0.4254276,-0.55001193,-0.40082473,-0.6067612,-0.35280544,0.2907695,-0.3160612,-0.0787689,0.29827318,-0.4367644,-0.43476716,0.8256597,0.9397653,0.41889238,0.91107816,-0.04543383,0.12834822,0.056216925,0.11024419,0.62373465,0.66494185,0.67658836,0.31193534,-0.39908543,0.53139144,-0.3571979,-0.007834485,0.22949898,-0.57689613,0.3765948,-0.40007383,0.27530518,-0.0838153,0.47210267,0.19570754,-0.39859453,-0.13668694,-0.41137916,-0.51522833,-0.35172203,-0.41651204,0.02333289,-0.53494877,-0.036143377,-0.27219972,0.6175306,-0.4570422,-0.355286,-0.00702945,-0.22577457,-0.356956,-0.45299563,-0.30998772,-0.3500731,-0.21614501,0.4808037,-0.29829586
0.17291756,-0.5358262,-0.3495951,-0.28897646,-0.39603195,-0.14650373,0.099255696,-0.60373735,-0.14754781,0.0,0.7720241,0.8014587,0.51430887,-0.30353615,0.33921757,0.06677118,-0.21334314,-0.6940251,-0.51146656,0.32129318,-0.58109134,-0.12960213,-0.70683825,0.5619352,0.5114002,0.49064445,0.3973749,0.6219419,0.43958127,0.1867603,0.39942223,0.3077241,0.7028741,-0.30851465,0.13082354,-0.1484537,0.4720974,0.52304643,0.6902847,0.74176437,0.76329446,0.589121,0.5459621,0.4106678,0.19097957,0.37435785,0.15975025,-0.19820197,-0.07837592,0.373849,0.2395879,-0.36863565,0.37436208,0.0122567685,-0.34203348,-0.10424013,-0.6856978,-0.30063412,0.8974413,0.68886614,0.72121614,0.49708754,0.061068922,-0.11908333,-0.31867507,0.26239088,0.5860771,-0.4781175,-0.2853204,-0.735366,-0.5665731,0.3064692,-0.49117583,0.8443199,0.24452762,0.65325445,0.18101373,0.3363171,0.4020163,0.48419505,0.53602195,0.28741032,0.067166485,0.30904686,0.14377497,0.08451053,0.5435402,0.43662834,-0.031117177,0.6894543,0.51521885,0.80661947,0.8290275,0.5617726,0.54261225,0.4536647,0.3823003,-0.2649178,-0.047372054,0.22505485
0.3436228,-0.2093682,-0.16845909,-0.02205603,-0.17421329,-0.1245609,0.11783261,-0.4292305,-0.13155107,0.7720241,0.0,0.9055603,0.5458776,-0.3815247,0.319623,0.235493,-0.29482523,-0.5238544,-0.5973635,0.20182961,-0.6289554,-0.1215104,-0.79979026,0.44517583,0.640662,0.7084155,0.18083908,0.59089524,0.51349366,-0.0527549,0.41829318,0.45506,0.6310371,-0.22587852,0.0786232,-0.014765021,0.56137794,0.31321546,0.4339538,0.47275865,0.5314365,0.6913868,0.4761898,0.46113655,0.2140003,0.32354397,0.06644038,-0.32978687,0.04355004,0.38761905,0.4308999,-0.0649038,0.38814515,0.17258015,-0.19750364,-0.08990854,-0.44967827,-0.2534658,0.82749075,0.7888562,0.7515244,0.5389388,0.10820611,-0.12064498,-0.38812363,0.26208636,0.4368853,-0.5606536,-0.32139346,-0.5625729,-0.6208991,0.2541734,-0.6783,0.59701353,0.23140825,0.7540158,0.19557555,0.24743943,0.4802529,0.5596737,0.39478123,0.21089266,0.14397088,0.13684931,-0.07335434,0.06281423,0.6019839,0.43063244,-0.022809267,0.50373983,0.41997826,0.5736313,0.50836474,0.6918309,0.55362934,0.545875,0.3126527,-0.4175284,0.0716266,0.23647484
0.18384822,-0.40613285,-0.21862996,-0.25757584,-0.20926926,-0.08386235,-0.008652588,-0.4724493,-0.095793,0.8014587,0.9055603,0.0,0.5684364,-0.30531552,0.36871618,0.006665327,-0.15490906,-0.63309276,-0.47970292,0.12471309,-0.4931939,-0.23253393,-0.74208987,0.5434456,0.6404468,0.675666,0.27462697,0.69591075,0.56474155,0.011638155,0.29862785,0.30010092,0.52891904,-0.33858594,0.009639422,-0.014622508,0.5085456,0.21685031,0.36248657,0.41326523,0.4764829,0.5757352,0.31774303,0.38816935,0.060951572,0.19481698,-0.0030838486,-0.27427194,-0.03543957,0.28961915,0.23817554,-0.26967585,0.19885916,-0.038684446,-0.20817457,-0.034820925,-0.5633621,-0.21367913,0.90964186,0.88492846,0.8987743,0.5763574,0.22380559,0.00061158795,-0.23863254,0.3567676,0.33093736,-0.44480208,-0.37973967,-0.6690452,-0.49909574,0.13575988,-0.4957183,0.57609516,0.41192245,0.81957096,0.352976,0.4155461,0.3280257,0.3778442,0.4131321,0.07778021,-0.06208707,0.04778208,0.08572208,-0.10708228,0.59784645,0.4256364,-0.027540965,0.41257927,0.26834145,0.5097318,0.5001913,0.5550206,0.39045912,0.4648476,0.17342149,-0.359375,0.012175156,0.117584385
0.34117952,-0.14720948,-0.042180333,-0.031653434,0.03292868,0.0404348,0.16147752,-0.37424046,0.059498135,0.51430887,0.5458776,0.5684364,0.0,-0.032640368,0.74108034,-0.06980758,-0.25271982,-0.6439121,-0.46032447,0.27095684,-0.4286195,-0.3681483,-0.5370433,0.12373191,0.35631514,0.17663953,-0.102790155,0.31840333,0.7413711,-0.12941985,0.3297516,0.44964153,0.38746756,-0.57147473,-0.41507265,0.09593533,0.4704406,0.25915986,0.31830415,0.37801272,0.3111124,0.51211053,0.23289089,0.3873176,-0.11851296,0.25267574,-0.3345801,-0.34555867,0.14749143,0.34727988,0.42485666,-0.028911423,0.30486187,0.27559564,-0.046821497,0.063696586,-0.39594328,-0.0857883,0.5756362,0.49038926,0.57931083,0.97605634,0.45605147,0.21316259,-0.2126459,0.6517441,0.35729957,-0.47468644,-0.6898944,-0.6481515,-0.5374354,-0.17101546,-0.45633972,0.4537055,0.063024245,0.37847352,0.36704412,0.3488921,0.34593046,0.42841175,0.02770775,-0.21035354,-0.17853358,-0.30368075,-0.2515426,-0.2601407,0.51769847,0.0071506216,0.16441447,0.37332568,0.22051981,0.3405984,0.38345942,0.48368403,0.2834331,0.48988765,0.24035966,-0.5628494,0.23462465,0.2366182
-0.009458664,0.18129742,0.5433355,-0.14634587,0.5118879,0.6007338,-0.03133426,0.56789804,0.7011297,-0.30353615,-0.3815247,-0.30531552,-0.032640368,0.0,0.24433802,-0.5003245,0.56081355,-0.027338792,0.70108944,-0.39269003,0.46825683,-0.40722516,0.18687335,-0.41961193,-0.09520197,-0.5843575,-0.4867225,-0.5028136,0.053541657,-0.34916803,-0.3013552,0.06663939,-0.30824965,-0.39197004,-0.5924469,0.38245612,-0.22196624,-0.14489922,-0.24611318,-0.33776087,-0.44925106,-0.573897,-0.45371932,-0.48410618,-0.6245579,-0.3880133,-0.60171837,-0.3361255,0.22021477,-0.24862166,-0.07542247,0.23056692,-0.345482,-0.3026509,0.60803866,0.59054965,0.4299744,0.74053025,-0.2675135,-0.06326768,-0.13528654,0.035516277,0.5930067,0.71626276,0.7157614,0.25902584,-0.36491016,0.6844377,-0.2571785,0.08059118,0.2737562,-0.60157037,0.4971628,-0.44274357,0.14051418,-0.3371831,0.25199428,0.05238489,-0.38313618,-0.20302142,-0.5263987,-0.4882893,-0.38335916,-0.41498753,-0.080129385,-0.4677954,-0.14399362,-0.55636543,0.47988728,-0.43555304,-0.33197364,-0.12104642,-0.24442811,-0.46235463,-0.5387938,-0.41088668,-0.33096272,-0.24528793,0.34117794,-0.18993361
0.24260974,-0.14068319,0.06824505,-0.18516643,0.09576452,0.21584603,-0.033019736,-0.24694847,0.2581547,0.33921757,0.319623,0.36871618,0.74108034,0.24433802,0.0,-0.35386878,-0.18480098,-0.6559319,-0.21663916,0.14029245,-0.2903165,-0.59125453,-0.42301786,-0.10560177,0.12734732,-0.046067152,-0.07866257,0.20224927,0.7039172,-0.11997748,0.11094697,0.22690193,0.21810079,-0.6559072,-0.5273924,0.24170205,0.40629667,0.12993865,0.19160616,0.18332145,0.14947997,0.23257041,0.03899148,0.20547746,-0.20307533,0.115437165,-0.42531493,-0.3102644,0.2204351,0.21736158,0.2749278,-0.05378981,0.035100006,0.07837724,0.07013355,0.23710307,-0.31902173,0.114097185,0.43886477,0.40724063,0.48291236,0.7677859,0.65072215,0.4799741,0.10165319,0.89315295,0.14279056,-0.22919415,-0.68328094,-0.5921122,-0.40338004,-0.36657238,-0.21947889,0.22840315,0.076694675,0.23498137,0.46219623,0.43490094,0.12686132,0.1974951,-0.08634596,-0.23022316,-0.20063159,-0.31503344,-0.08083213,-0.2713177,0.48875624,-0.05376477,0.33101848,0.20068048,0.10785788,0.18988913,0.24916548,0.30117434,0.1217301,0.33785218,0.14270835,-0.45354855,0.3033966,0.13604113
0.37617472,0.3716756,-0.23659734,0.74952143,-0.16704297,-0.5455536,0.46324846,-0.17648992,-0.5824895,0.06677118,0.235493,0.006665327,-0.06980758,-0.5003245,-0.35386878,0.0,-0.41953668,0.33593592,-0.47405565,0.37254733,-0.40034807,0.6382156,-0.06592416,0.08503376,0.032443546,0.20442766,-0.12793028,-0.16115187,-0.21502094,0.0022729535,0.5191277,0.37395078,0.3821981,0.50125074,0.43402332,-0.41068584,0.1369419,0.39942154,0.33342296,0.4012727,0.3515052,0.4695877,0.5921221,0.39380994,0.48463976,0.5024105,0.444949,-0.004523337,0.006621258,0.35124692,0.5145173,0.3446456,0.73759466,0.7404308,-0.31997868,-0.55248624,0.090203755,-0.5280838,-0.12275726,-0.19400123,-0.27728772,-0.11343824,-0.6241337,-0.65384626,-0.7278773,-0.5071172,0.4793907,-0.48154768,0.30272567,0.2490632,-0.28112042,0.614924,-0.5444735,0.32334706,-0.49846393,-0.082485974,-0.6047892,-0.57649153,0.57025915,0.5410465,0.16336188,0.4487034,0.50057745,0.31194013,-0.47988227,0.526099,-0.0692826,0.030891353,-0.3939079,0.4402192,0.47535104,0.22475605,0.18606311,0.4429544,0.55644345,0.31271604,0.4515446,-0.05902059,-0.1203731,0.4141124
-0.26901093,-0.05998671,0.3851329,-0.34743315,0.37795055,0.42841986,0.07488252,0.5839633,0.4657262,-0.21334314,-0.29482523,-0.15490906,-0.25271982,0.56081355,-0.18480098,-0.41953668,0.0,0.13329996,0.8193008,-0.5114184,0.77264524,-0.19360866,0.28745374,0.16142981,0.2523143,-0.20096903,-0.26416796,-0.2232068,-0.07952143,-0.2917019,-0.50313455,-0.17318974,-0.48139593,-0.20391183,-0.28589627,0.18686968,-0.482657,-0.37924144,-0.4126831,-0.3908943,-0.46848103,-0.66011107,-0.6351807,-0.60512936,-0.6749631,-0.65915716,-0.45751977,-0.16237268,-0.09660827,-0.4626945,-0.4426807,-0.014499633,-0.39823598,-0.60396266,0.49399927,0.43249193,0.37946492,0.5994106,-0.17318222,0.06173904,0.0026275665,-0.19691533,0.26960385,0.39919806,0.61831605,-0.15377273,-0.3459506,0.77974397,0.005567762,0.18040422,0.6247909,-0.39606997,0.71083874,-0.3455899,0.5758879,-0.04674137,0.38010854,0.06920055,-0.6141033,-0.42994547,-0.17751506,-0.5621358,-0.51572794,-0.2853738,0.18017612,-0.6506131,-0.33003312,-0.37695357,0.18011141,-0.535843,-0.5973402,-0.17028831,-0.30894724,-0.67704445,-0.73182887,-0.60701686,-0.67015904,0.002753902,0.01863285,-0.44875848
-0.19508682,0.5214432,0.18626052,0.43672785,0.222318,-0.04676722,0.012822201,0.48817024,-0.105067596,-0.6940251,-0.5238544,-0.63309276,-0.6439121,-0.027338792,-0.6559319,0.33593592,0.13329996,0.0,0.32288843,-0.2297037,0.44846314,0.6062954,0.7254,-0.25616544,-0.3623618,-0.14247791,-0.20326655,-0.45255852,-0.6953629,0.07845312,-0.25387385,-0.2691538,-0.52939916,0.73494107,0.34187573,-0.117556885,-0.52398694,-0.2955843,-0.44723806,-0.43487057,-0.501181,-0.41695598,-0.23451926,-0.35109308,0.06817948,-0.23447372,0.27053276,0.28298613,-0.07877228,-0.31816453,-0.22317089,0.35933933,-0.1171002,0.10020351,0.187504,-0.07516667,0.6537055,0.08324848,-0.7299584,-0.58118016,-0.71486336,-0.6572262,-0.4060715,-0.22045812,0.06897514,-0.6011738,-0.36880553,0.36002478,0.66857624,0.9554671,0.5751737,0.22352281,0.36602592,-0.54292125,-0.25851387,-0.45676526,-0.45250866,-0.41765398,-0.27964163,-0.3321823,-0.25452688,0.016576305,0.15381786,0.04790655,-0.14073202,0.23103781,-0.6487915,-0.21731068,-0.23252727,-0.47769544,-0.3417649,-0.4623387,-0.56095016,-0.48021683,-0.30780843,-0.48535702,-0.27227706,0.37867925,-0.16219965,-0.16649859
-0.2957743,0.11313138,0.47124782,-0.25574622,0.42579195,0.4930815,-0.077081785,0.70398283,0.542744,-0.51146656,-0.5973635,-0.47970292,-0.46032447,0.70108944,-0.21663916,-0.47405565,0.8193008,0.32288843,0.0,-0.5234814,0.8235063,-0.15471268,0.51755923,-0.1969199,-0.11708269,-0.45434994,-0.29757127,-0.45137474,-0.28150272,-0.22324957,-0.5747617,-0.28928623,-0.6088251,-0.06459535,-0.277955,0.29018274,-0.5209586,-0.41616654,-0.5124637,-0.56752634,-0.6255037,-0.83018583,-0.68325055,-0.67901444,-0.57417303,-0.6332471,-0.38538307,-0.025669964,0.026861358,-0.4958214,-0.45872134,0.10290801,-0.54702824,-0.561707,0.5482143,0.4725911,0.5511377,0.6744916,-0.47117063,-0.23480801,-0.30784687,-0.39943102,0.25705546,0.45819226,0.7443723,-0.1543402,-0.5322842,0.9179517,0.13399145,0.40262988,0.70053077,-0.45034334,0.8263441,-0.6182048,0.31150275,-0.35223538,0.1972707,-0.035638716,-0.6661174,-0.55253816,-0.38286957,-0.45677608,-0.37940243,-0.26927176,0.17578125,-0.44471234,-0.43327197,-0.43686888,0.27381274,-0.6756625,-0.59020704,-0.3543105,-0.4801083,-0.7832176,-0.7753848,-0.68840104,-0.6058041,0.16528372,0.09281337,-0.41122362
0.59907085,-0.100377366,-0.3459118,0.21758166,-0.4208297,-0.39724568,0.3239002,-0.5498576,-0.4064736,0.32129318,0.20182961,0.12471309,0.27095684,-0.39269003,0.14029245,0.37254733,-0.5114184,-0.2297037,-0.5234814,0.0,-0.4825456,0.16192771,-0.16054437,0.039127626,-0.16584606,-0.011640571,0.17425457,0.050396856,0.24168432,0.09439807,0.544522,0.2671633,0.57110405,-0.07149929,0.03919972,0.062526315,0.5922976,0.6180967,0.61758924,0.6048739,0.64582497,0.60165495,0.5779585,0.79039365,0.40169534,0.78527886,0.2452092,0.364107,0.47196925,0.7933746,0.534666,-0.05823476,0.55356973,0.5396361,-0.51862025,-0.3197751,-0.41692704,-0.5949082,0.16262527,-0.17467639,-0.06293314,0.1984572,-0.41355425,-0.5580593,-0.7061437,0.043992214,0.67744184,-0.67275417,-0.21398124,-0.33641338,-0.49478173,0.15436806,-0.48715046,0.5466696,-0.44605905,-0.13823728,-0.19483209,-0.287091,0.58004427,0.48195982,0.12719524,0.4379674,0.31963816,0.21813546,-0.14802487,0.3936519,0.48495382,0.24875747,0.20737776,0.71951556,0.7018085,0.36529887,0.52015394,0.5779493,0.5616548,0.7474668,0.78051907,0.1792556,0.3542497,0.79064846
-0.34672806,0.1551421,0.43148074,-0.20872231,0.44932893,0.39439592,0.027033078,0.6903055,0.38532194,-0.58109134,-0.6289554,-0.4931939,-0.4286195,0.46825683,-0.2903165,-0.40034807,0.77264524,0.44846314,0.8235063,-0.4825456,0.0,-0.08009253,0.63685983,-0.03862751,-0.06510088,-0.30175647,-0.23591422,-0.3383616,-0.24591437,-0.16720419,-0.69905144,-0.44361836,-0.8060378,0.020307455,-0.20739728,0.22398396,-0.6507994,-0.5991105,-0.67434675,-0.6396855,-0.69679844,-0.8159416,-0.801834,-0.6687742,-0.5112028,-0.7120411,-0.36440524,0.13023742,-0.06729035,-0.5957027,-0.5623615,0.104697175,-0.5072061,-0.5281728,0.50787115,0.38178447,0.56923705,0.55292076,-0.51040316,-0.28195912,-0.3112844,-0.397722,0.14740553,0.31833044,0.601366,-0.20108777,-0.49837056,0.80077904,0.19897139,0.4947917,0.89597815,-0.39067507,0.8888211,-0.6084237,0.38196528,-0.27750838,0.27916965,-0.014254963,-0.78047353,-0.70682794,-0.27937827,-0.53917116,-0.38078964,-0.28999677,0.24343978,-0.5096054,-0.54521906,-0.36837798,0.13276927,-0.7328068,-0.75508535,-0.512062,-0.60721016,-0.8710056,-0.850399,-0.6975697,-0.72541183,0.31720465,-0.010322972,-0.5146545
-0.07408116,0.14852874,-0.3199571,0.45273605,-0.26931617,-0.4303868,0.059093177,-0.11737334,-0.50421476,-0.12960213,-0.1215104,-0.23253393,-0.3681483,-0.40722516,-0.59125453,0.6382156,-0.19360866,0.6062954,-0.15471268,0.16192771,-0.08009253,0.0,0.37318134,-0.0030457403,-0.27296665,0.08396404,0.05626153,-0.17015025,-0.6649297,0.3861385,0.31929645,0.0019738483,0.056760583,0.7863523,0.6211196,-0.49617413,-0.17681326,0.28538302,0.19166408,0.21377902,0.13128279,0.12315014,0.38677362,0.10289773,0.29532292,0.26463437,0.66111,0.29585442,-0.19949013,0.1038577,-0.00086581934,0.03404946,0.27940756,0.39408252,-0.30834466,-0.43570462,0.08514222,-0.41537166,-0.30539995,-0.37054026,-0.4459926,-0.42689782,-0.65357083,-0.58496493,-0.4143662,-0.658197,0.07920637,-0.13121782,0.60792613,0.50123113,0.06590732,0.6247581,-0.12254313,0.07978212,-0.4602784,-0.2673984,-0.7720661,-0.427341,0.2697187,0.13413896,0.010311956,0.35649747,0.22305489,0.29872662,-0.2902632,0.52741224,-0.37948972,-0.039292745,-0.47523633,0.11162307,0.15588328,0.075981244,0.07998585,0.022094857,0.20860618,-0.104186915,0.20989586,0.19232252,-0.312692,0.20402856
-0.28978157,0.26576194,0.13329631,0.12656775,0.17272133,0.062632285,-0.09820409,0.4210095,0.026547583,-0.70683825,-0.79979026,-0.74208987,-0.5370433,0.18687335,-0.42301786,-0.06592416,0.28745374,0.7254,0.51755923,-0.16054437,0.63685983,0.37318134,0.0,-0.33798075,-0.58572245,-0.40191323,-0.10797861,-0.44015607,-0.5911132,0.208871,-0.39179423,-0.4780189,-0.689408,0.4362129,0.088100456,-0.00010887589,-0.55163753,-0.2984682,-0.42725173,-0.4492744,-0.5305572,-0.6140106,-0.4298334,-0.3915254,-0.170921,-0.28445837,0.11626042,0.4885381,-0.020613706,-0.32914168,-0.42468184,0.12193932,-0.3439111,-0.085481584,0.16908894,0.058031313,0.48811683,0.16733344,-0.7248616,-0.6724255,-0.6763316,-0.5626815,-0.2055604,-0.020671949,0.28230986,-0.35093546,-0.4424845,0.50077444,0.45115602,0.7140996,0.70344806,-0.080263965,0.65476704,-0.5533403,-0.18446782,-0.6179479,-0.25166458,-0.21883044,-0.47186664,-0.58059794,-0.38330594,-0.18331155,-0.16017728,-0.1273172,0.053032063,0.011428937,-0.6184546,-0.30473787,-0.044385843,-0.5426671,-0.46909747,-0.51583487,-0.47644326,-0.70243627,-0.56052667,-0.5462414,-0.3221376,0.5124491,-0.06993851,-0.18190657
-0.14368543,-0.48576736,-0.3254446,-0.34931114,-0.29926544,-0.2589558,0.26878938,-0.2867062,-0.291229,0.5619352,0.44517583,0.5434456,0.12373191,-0.41961193,-0.10560177,0.08503376,0.16142981,-0.25616544,-0.1969199,0.039127626,-0.03862751,-0.0030457403,-0.33798075,0.0,0.6439752,0.57896125,0.40093896,0.57473284,0.2301187,0.07868152,-0.054171804,-0.09614356,0.1884547,-0.04992593,0.3166414,-0.27549264,0.015768545,-0.016815636,0.16723005,0.33321443,0.39985922,0.19848727,0.08879815,0.04732547,0.15067935,-0.11048116,0.13236628,-0.011846471,-0.39176577,-0.05737221,-0.19857618,-0.38910487,0.23971461,-0.251915,-0.27783284,-0.23879611,-0.38483864,-0.2700617,0.5333176,0.4796586,0.52955484,0.12029939,-0.18708543,-0.265727,-0.22119278,-0.13416356,0.4261729,-0.15755518,0.09333703,-0.3124265,0.046902098,0.3785103,-0.05758669,0.5520689,0.587007,0.6771126,0.3053587,0.22632474,-0.0379921,0.0036072694,0.73150253,0.12559254,0.042536374,0.36984158,0.39974362,-0.109416924,0.13632697,0.41895217,-0.3204669,0.3186216,0.0493767,0.35327077,0.34098187,0.12250169,0.15365505,0.06599507,-0.1263593,0.08252814,-0.37237877,-0.18715121
0.13807009,-0.109765306,0.2119088,-0.14392161,0.21240398,0.19095173,0.36969662,0.06604168,0.18344787,0.5114002,0.640662,0.6404468,0.35631514,-0.09520197,0.12734732,0.032443546,0.2523143,-0.3623618,-0.11708269,-0.16584606,-0.06510088,-0.27296665,-0.58572245,0.6439752,0.0,0.52979374,-0.061256383,0.39910817,0.4954972,-0.35415944,0.023128113,0.3538237,0.22317234,-0.34650663,-0.09143818,0.09310632,0.10344054,-0.06949988,0.05159833,0.17479871,0.17631483,0.2556235,0.013672313,-0.012359575,-0.14559604,-0.19981712,-0.32456955,-0.5249108,-0.106803805,-0.08658698,0.1357996,0.065407306,0.23410225,-0.17280707,0.2297172,0.2063134,-0.0602797,0.18325675,0.55632645,0.6559933,0.61008704,0.38391927,0.21721052,0.07190944,-0.0504828,0.07339267,0.2929488,-0.084622614,-0.27369234,-0.35617954,-0.10002954,0.059716687,-0.19419432,0.35604012,0.5943759,0.68896806,0.5017321,0.21355517,0.029047042,0.2739299,0.39296743,-0.18645947,-0.06279484,-0.0033496993,0.053045895,-0.4128278,0.23726916,0.173527,0.016840385,0.15287755,-0.023234492,0.37178957,0.18271898,0.21338935,0.113674715,0.104108,-0.19238605,-0.38182893,0.012541422,-0.21025148
-0.052143823,-0.19367641,-0.18455426,-0.113049366,-0.18552,-0.1612486,-0.0749515,-0.28509566,-0.24601823,0.49064445,0.7084155,0.675666,0.17663953,-0.5843575,-0.046067152,0.20442766,-0.20096903,-0.14247791,-0.45434994,-0.011640571,-0.30175647,0.08396404,-0.40191323,0.57896125,0.52979374,0.0,0.41712224,0.75699556,0.2227487,0.18341114,0.081438094,0.0028190082,0.22593763,0.15501805,0.41133246,-0.10104108,0.2628572,-0.07336273,0.07256381,0.16004775,0.2576996,0.44644493,0.214404,0.2174433,0.33718184,0.015956841,0.2798773,-0.0074432697,-0.20819896,0.038733713,0.0076365583,-0.17216244,0.1190345,-0.051926196,-0.19668818,-0.14238265,-0.298392,-0.26290283,0.59606695,0.6046511,0.57585907,0.18414003,-0.105953194,-0.24702235,-0.27809438,0.029816816,0.16794892,-0.35060874,0.10429643,-0.17793985,-0.15882453,0.45107168,-0.34594917,0.33346888,0.39377594,0.8020041,0.1829042,0.33086312,0.12621208,0.112906665,0.5556315,0.23801753,0.21457343,0.2902818,0.24460943,0.14932042,0.2996727,0.65267074,-0.26406476,0.1963208,0.07681134,0.24190558,0.1707349,0.37843707,0.34643427,0.24676183,-0.005939221,0.016679375,-0.21955706,-0.09404101
-0.37048417,-0.58049613,-0.5608912,-0.48140272,-0.61237955,-0.32744193,-0.37949586,-0.5470356,-0.37894434,0.3973749,0.18083908,0.27462697,-0.102790155,-0.4867225,-0.07866257,-0.12793028,-0.26416796,-0.20326655,-0.29757127,0.17425457,-0.23591422,0.05626153,-0.10797861,0.40093896,-0.061256383,0.41712224,0.0,0.6953868,-0.08333836,0.66334903,-0.050235644,-0.5095923,0.18314843,0.19207504,0.53907293,-0.24547908,0.15075858,0.055310555,0.25243706,0.24973407,0.44686064,0.17115878,0.2100492,0.16333973,0.49189955,0.12489147,0.5886604,0.49529573,-0.32522768,0.021746825,-0.3762292,-0.6212845,-0.1423524,-0.28734842,-0.54188436,-0.30373508,-0.59489995,-0.43234617,0.41668305,0.21241622,0.31708822,-0.13042201,-0.24532157,-0.24825506,-0.115746334,0.03985651,0.1236923,-0.20548505,0.30706227,-0.24490675,-0.048588663,0.41592807,-0.029096467,0.35428423,0.21652964,0.40468153,0.023308275,0.4127819,-0.023728373,-0.22162205,0.64383614,0.50768304,0.22769926,0.5693581,0.705858,0.39895365,0.20974655,0.74750036,-0.27432373,0.30210045,0.19541258,0.19627328,0.35957667,0.15852232,0.27891538,0.13437915,0.15295066,0.5170629,-0.40430334,-0.07303921
-0.22865166,-0.5236362,-0.33965844,-0.46999127,-0.3500051,-0.13169023,-0.26450762,-0.5020217,-0.2000066,0.6219419,0.59089524,0.69591075,0.31840333,-0.5028136,0.20224927,-0.16115187,-0.2232068,-0.45255852,-0.45137474,0.050396856,-0.3383616,-0.17015025,-0.44015607,0.57473284,0.39910817,0.75699556,0.6953868,0.0,0.3434511,0.3932254,0.00848796,-0.20309873,0.22522414,-0.10198326,0.27384728,-0.0900192,0.29857865,-0.061768778,0.16616511,0.22680125,0.37588245,0.40071163,0.14616166,0.21070336,0.26097807,0.008014297,0.23646446,0.13638927,-0.28867272,0.020858172,-0.2096007,-0.48079947,-0.06688388,-0.27298453,-0.3103259,-0.100138865,-0.592056,-0.27612388,0.76705974,0.6542107,0.7381267,0.30221468,0.0839731,-0.06372013,-0.14137389,0.30877873,0.1431443,-0.3480159,-0.05373824,-0.4781477,-0.20876366,0.27712137,-0.2340228,0.43549407,0.47517896,0.82142127,0.3724842,0.66446245,0.04235032,-0.030280031,0.6269125,0.19453402,0.018635506,0.26329264,0.5152206,0.050122045,0.42386898,0.7381669,-0.20197305,0.25886443,0.068560764,0.2786515,0.3351653,0.33381915,0.2837378,0.26655206,0.003051411,0.09204675,-0.27780917,-0.164405
0.44411996,-0.12493711,0.1294129,-0.1706501,0.1418124,0.15657158,0.27502453,-0.19332229,0.19528335,0.43958127,0.51349366,0.56474155,0.7413711,0.053541657,0.7039172,-0.21502094,-0.07952143,-0.6953629,-0.28150272,0.24168432,-0.24591437,-0.6649297,-0.5911132,0.2301187,0.4954972,0.2227487,-0.08333836,0.3434511,0.0,-0.39017472,0.11316418,0.33817595,0.2864129,-0.76516634,-0.54749984,0.38646963,0.5083538,0.035142317,0.13351502,0.18583404,0.22412038,0.40084043,0.00181443,0.36156905,-0.13742405,0.11359331,-0.55320233,-0.2970351,0.30865553,0.30737022,0.3890936,0.022512993,0.19782045,0.05881574,0.072412096,0.21447928,-0.30063257,0.049165163,0.55907017,0.50873834,0.6157724,0.7643137,0.4515317,0.23363054,-0.11307291,0.6795196,0.37024188,-0.37129444,-0.77134,-0.684863,-0.37675703,-0.3739472,-0.30434594,0.34994382,0.31147635,0.44953603,0.6802036,0.3120871,0.17188926,0.28649753,0.119996965,-0.2420872,-0.13408083,-0.27703932,0.0025172147,-0.41809568,0.64706826,0.14015174,0.4056732,0.296322,0.13800754,0.22289044,0.22129744,0.41599315,0.17022398,0.5316558,0.119173154,-0.3665501,0.40449065,0.17052338
-0.4898685,-0.3602537,-0.4969218,-0.21025768,-0.4783463,-0.28112212,-0.4415218,-0.4305839,-0.34357235,0.1867603,-0.0527549,0.011638155,-0.12941985,-0.34916803,-0.11997748,0.0022729535,-0.2917019,0.07845312,-0.22324957,0.09439807,-0.16720419,0.3861385,0.208871,0.07868152,-0.35415944,0.18341114,0.66334903,0.3932254,-0.39017472,0.0,0.060338203,-0.4151467,0.03644238,0.42829502,0.54567325,-0.39995518,-0.06524122,0.16841143,0.25055256,0.24304289,0.2586083,0.072873525,0.24716954,0.03638836,0.33653158,0.12009676,0.6662836,0.46863675,-0.39403298,-0.04194118,-0.3907611,-0.47603926,-0.130036,-0.060740024,-0.4268793,-0.2740155,-0.37948623,-0.3571389,0.1474514,-0.045049794,0.016179265,-0.16823056,-0.21898347,-0.17634118,-0.05709516,-0.034617856,-0.056577574,-0.10856663,0.42931336,0.056447502,0.005287264,0.50651306,0.03866895,0.20915739,-0.11806273,0.087164335,-0.30835405,0.34545407,-0.0005454684,-0.20257947,0.28123558,0.37943345,0.06990005,0.40378714,0.33905098,0.47500166,-0.10219113,0.38885254,-0.3834779,0.1458121,0.08530988,0.17058784,0.30039158,-0.019947207,0.17869261,-0.10268753,0.11902588,0.37816656,-0.47114837,-0.06521565
0.46304256,-0.017465716,-0.32199734,0.4050574,-0.31162608,-0.34937215,0.19446892,-0.50572115,-0.32593867,0.39942223,0.41829318,0.29862785,0.3297516,-0.3013552,0.11094697,0.5191277,-0.50313455,-0.25387385,-0.5747617,0.544522,-0.69905144,0.31929645,-0.39179423,-0.054171804,0.023128113,0.081438094,-0.050235644,0.00848796,0.11316418,0.060338203,0.0,0.6582053,0.7476593,0.009893424,0.07849049,-0.20262757,0.5413751,0.74086046,0.6878787,0.6582136,0.5939718,0.76823,0.8001236,0.6938069,0.21262462,0.75446516,0.27199382,-0.102358684,0.21377864,0.6895501,0.62958044,0.029818553,0.59522796,0.66787004,-0.389549,-0.34413797,-0.36384916,-0.4729139,0.24265213,0.04543763,0.04973697,0.2870942,-0.24859743,-0.4141781,-0.65542424,-0.0421677,0.4979303,-0.64880776,-0.22292657,-0.33548045,-0.7664816,0.302543,-0.765537,0.53125644,-0.5297929,-0.045776416,-0.45329726,-0.2901421,0.94296616,0.80882335,-0.005663963,0.33498478,0.16966407,0.07399926,-0.5305269,0.37135974,0.38528907,0.008865692,-0.04926238,0.6607806,0.68683255,0.510474,0.5672901,0.7527368,0.68420357,0.6137424,0.72325605,-0.3770976,0.13975792,0.6702034
0.62477255,0.2799429,0.23000014,0.45792517,0.2274163,0.11087476,0.4296704,-0.021864051,0.14888293,0.3077241,0.45506,0.30010092,0.44964153,0.06663939,0.22690193,0.37395078,-0.17318974,-0.2691538,-0.28928623,0.2671633,-0.44361836,0.0019738483,-0.4780189,-0.09614356,0.3538237,0.0028190082,-0.5095923,-0.20309873,0.33817595,-0.4151467,0.6582053,0.0,0.57607776,-0.29565963,-0.30771798,0.12449748,0.38704088,0.5277787,0.4366453,0.41868258,0.29627287,0.53623146,0.49089444,0.4032698,-0.13144867,0.45525423,-0.2576636,-0.5329528,0.37339193,0.45487818,0.7541175,0.4102262,0.5504361,0.51444894,0.15505162,0.11083217,0.028000029,0.03565232,0.20614429,0.18381156,0.11670659,0.44379827,0.1008449,-0.063160054,-0.3626178,0.05575791,0.39516452,-0.3761345,-0.49339586,-0.29598108,-0.60098314,-0.04604796,-0.60995847,0.32734087,-0.29681838,-0.0064617004,-0.09998526,-0.30829507,0.65576404,0.87323976,-0.22506969,-0.05501593,0.010422182,-0.23716508,-0.6905246,-0.07140067,0.30308092,-0.25512323,0.26558983,0.39123422,0.44637012,0.47801647,0.3315436,0.5541119,0.3995502,0.45444593,0.4442279,-0.65329874,0.42705968,0.47182703
0.4952299,-0.23089686,-0.35319403,0.12732181,-0.43450496,-0.30485442,0.20364389,-0.60403633,-0.273336,0.7028741,0.6310371,0.52891904,0.38746756,-0.30824965,0.21810079,0.3821981,-0.48139593,-0.52939916,-0.6088251,0.57110405,-0.8060378,0.056760583,-0.689408,0.1884547,0.22317234,0.22593763,0.18314843,0.22522414,0.2864129,0.03644238,0.7476593,0.57607776,0.0,-0.15741913,0.14426275,-0.12507452,0.6579861,0.78458357,0.85312617,0.79902583,0.8571201,0.7683158,0.8418802,0.6816993,0.3959133,0.75282633,0.27420226,-0.19012314,0.20677516,0.68447477,0.60646003,-0.0975481,0.6081948,0.43409342,-0.44213346,-0.2681326,-0.54629236,-0.44940722,0.5375444,0.3139738,0.31289884,0.34950194,-0.19367129,-0.34179536,-0.5801748,0.070293866,0.6830027,-0.6502184,-0.25489593,-0.5854252,-0.8336814,0.33219716,-0.7695522,0.741668,-0.26060918,0.24244471,-0.22364396,-0.13591264,0.7902247,0.8091585,0.31354055,0.53868556,0.34805968,0.35160562,-0.2050837,0.395308,0.5821408,0.26854697,0.04560627,0.8536002,0.86932456,0.7486005,0.78632236,0.8236116,0.81052876,0.6959546,0.77079415,-0.29978785,0.15568797,0.6258149
-0.2977455,0.19829337,-0.26844293,0.35011163,-0.23913555,-0.3851339,-0.14821334,0.009712829,-0.46103188,-0.30851465,-0.22587852,-0.33858594,-0.57147473,-0.39197004,-0.6559072,0.50125074,-0.20391183,0.73494107,-0.06459535,-0.07149929,0.020307455,0.7863523,0.4362129,-0.04992593,-0.34650663,0.15501805,0.19207504,-0.10198326,-0.76516634,0.42829502,0.009893424,-0.29565963,-0.15741913,0.0,0.7581339,-0.4558337,-0.28780115,-0.036138546,-0.08806317,-0.07693787,-0.06786175,-0.07989965,0.18294382,-0.12121302,0.4541334,0.029281171,0.735514,0.3302556,-0.3106136,-0.14168249,-0.21969335,0.024717918,0.03903684,0.19174442,-0.25440013,-0.4204276,0.20266691,-0.3249205,-0.3944325,-0.36504835,-0.48262423,-0.6087627,-0.59611887,-0.44706354,-0.19500747,-0.60942936,-0.15196551,0.03322601,0.85897136,0.69700783,0.2471138,0.65752876,0.032320105,-0.165339,-0.32842407,-0.17859873,-0.6847437,-0.30370194,0.015192533,-0.14774561,0.12776624,0.45593727,0.3988297,0.44757882,-0.021997793,0.6315016,-0.43749127,0.13458815,-0.5376358,-0.09377281,0.0011943073,-0.17583023,-0.18400049,-0.1185611,0.13194783,-0.27991527,0.0056647426,0.3792273,-0.45169857,-0.046091482
-0.35002598,-0.17208868,-0.47702637,0.057864413,-0.50014335,-0.4546494,-0.16070534,-0.2992486,-0.534894,0.13082354,0.0786232,0.009639422,-0.41507265,-0.5924469,-0.5273924,0.43402332,-0.28589627,0.34187573,-0.277955,0.03919972,-0.20739728,0.6211196,0.088100456,0.3166414,-0.09143818,0.41133246,0.53907293,0.27384728,-0.54749984,0.54567325,0.07849049,-0.30771798,0.14426275,0.7581339,0.0,-0.546412,-0.14372072,0.119417556,0.202886,0.23604703,0.325113,0.15201162,0.39197215,0.013071709,0.6520474,0.1418298,0.8689636,0.29068595,-0.46186575,-0.07456885,-0.25491196,-0.27092296,0.12587273,0.047881413,-0.4580677,-0.46377155,-0.19255853,-0.47482604,0.02199313,-0.05839282,-0.121481955,-0.45792398,-0.6219974,-0.52295643,-0.297951,-0.4986182,0.111934565,-0.15199989,0.7766345,0.29364094,0.0550624,0.8345789,-0.13037337,0.22524896,-0.097704105,0.1905302,-0.5047078,-0.093519785,0.10468808,-0.04037579,0.5489082,0.6716454,0.51239806,0.73476774,0.24992284,0.6786075,-0.2041546,0.46713686,-0.60815936,0.23899773,0.22580993,0.15615185,0.18507636,0.10845986,0.38530222,-0.10341973,0.14632225,0.38196555,-0.57530975,-0.06975025
