0,1,2,3,4,5,6,7,8,9,10,11,12,13,14,15,16,17,18,19,20,21,22,23,24,25,26,27,28,29,30,31,32,33,34,35,36,37,38,39,40,41,42,43,44,45,46,47,48,49,50,51,52,53,54,55,56,57,58,59,60,61,62,63,64,65,66,67,68,69,70,71,72,73,74,75,76,77,78,79,80,81,82,83,84,85,86,87,88,89,90,91,92,93,94,95,96,97,98,99
0.0,0.024757734,0.37367165,-0.021322958,-0.18462828,0.4249634,0.70763165,0.20876081,0.35501218,0.07993751,-0.40690994,-0.25048906,0.18811108,0.39342052,0.4073052,0.6948906,0.06080868,0.33550164,0.31015533,0.25393707,0.38101378,-0.35416728,0.23997423,-0.56866086,-0.5978926,-0.5208169,0.41467622,-0.24342543,0.35856178,-0.31848562,0.18963605,0.34247264,0.6316485,0.32269716,0.08915311,0.6131428,0.3949237,0.70402396,0.8634206,0.43860805,0.5812988,-0.03408014,0.10654175,0.5513075,0.12104376,0.20639731,0.19777949,0.53488874,0.7879891,0.7965692,0.7613159,0.19897121,0.5263858,-0.20553458,0.08780625,0.4672701,0.14901367,-0.21280469,-0.20008045,-0.3585096,-0.2878545,0.3094582,0.33151886,0.44638193,0.37245476,0.29906446,0.5652463,0.2859387,-0.136588,0.16622466,0.17598881,-0.41633415,0.10603502,0.1624979,-0.51690036,-0.65023506,0.15472312,-0.36934644,0.14478901,0.4146151,-0.4641142,0.09202657,0.11012336,-0.19181521,0.44224826,-0.18774685,0.43052363,-0.14022927,0.20140156,0.284572,0.6301196,0.20095202,0.40608677,-0.15107378,-0.3047055,0.6363836,0.11867458,0.2627292,0.7572176,0.75009525
0.024757734,0.0,0.6482293,0.93775344,0.88780874,0.65784496,0.21384661,0.849931,0.78468645,0.07951281,-0.13759913,0.053254124,-0.08801165,0.24938361,0.35016742,0.35895377,0.10852319,0.6911462,0.113361344,0.68553877,0.41411677,0.12680832,0.45625776,0.1522445,-0.27193516,0.43640321,-0.20203438,0.15260631,0.5615417,0.3407105,-0.3892015,-0.31960323,-0.22825782,0.77672356,0.21634115,0.34491798,0.07561271,-0.35254562,-0.09527994,0.10793818,-0.1945227,-0.5887213,-0.16205382,-0.22403792,-0.20365351,-0.42495933,-0.074598454,-0.049402565,0.1535598,0.1488019,0.35908324,0.94211465,0.5401645,0.6312076,0.95999753,0.5233082,0.9140658,0.88459086,0.09969143,-0.24028431,0.10304826,-0.07970566,0.27879882,0.017109985,0.24564376,0.27679214,0.4315315,0.095017456,0.66451514,0.7515132,0.48958677,0.4994182,0.3547016,0.19379559,0.15790705,0.21022253,0.6053841,0.6941595,-0.28408524,-0.25173625,0.42632094,-0.052704494,0.23420186,0.4280824,0.43114248,0.25617993,0.24380268,0.20934957,0.7875544,-0.2524749,-0.072092704,-0.0038018792,-0.03064882,-0.28080025,0.16127206,-0.11763416,-0.2856249,0.27239636,0.17180812,0.1491441
0.37367165,0.6482293,0.0,0.5658316,0.37955946,0.9626415,0.64663494,0.8460872,0.8885274,0.5025971,0.115616776,0.42387575,0.494136,0.7505445,0.7451111,0.61495143,0.61910737,0.84645724,0.68269503,0.83866745,0.84503984,0.22728123,0.66653085,0.26317126,-0.1831377,0.32024616,-0.27456194,-0.28521016,0.75375074,0.24013282,-0.48870766,-0.4141744,-0.22224435,0.7589285,-0.026302824,0.32765678,-0.20472546,0.2164613,0.38739878,0.5455378,-0.14671843,-0.6593979,-0.43035218,-0.09647296,-0.44661623,-0.5516326,-0.26876742,-0.03278129,0.4399461,0.38413137,0.6370637,0.74198073,0.75566316,0.231254,0.70897514,0.941898,0.72056705,0.40594113,0.4281032,0.14560503,0.44427645,0.5245997,0.77712756,0.6488381,0.77368635,0.708303,0.71417856,0.66532266,0.5966251,0.75824183,0.83477396,0.10967518,0.61500007,0.45680648,0.16058427,0.08832617,0.76977473,0.28608346,-0.46297154,-0.35881275,-0.13335393,-0.3432841,-0.15087862,-0.11340612,0.4015558,-0.34125015,0.022829175,-0.33631718,0.5306713,-0.42542195,-0.13101955,0.45546526,0.54120475,-0.61509913,-0.388168,-0.007320584,-0.595388,-0.06317426,0.46716627,0.23465216
-0.021322958,0.93775344,0.5658316,0.0,0.852607,0.56305844,0.22086005,0.82714033,0.68738246,0.025098981,-0.17223734,0.007174005,-0.15576248,0.174593,0.28434792,0.36666188,0.054256942,0.6710625,0.044203565,0.680569,0.3611586,0.08838303,0.44325686,0.14681053,-0.2543946,0.46240118,-0.22448918,0.17562646,0.5371717,0.3382052,-0.40490934,-0.27064863,-0.2553732,0.68054515,0.12385663,0.25026596,0.08423769,-0.37253338,-0.16555157,0.09518664,-0.26257396,-0.5442972,-0.19112347,-0.22905627,-0.22316137,-0.41122094,-0.14602613,-0.11288825,0.0426227,0.0744355,0.35382995,0.908162,0.5693478,0.630432,0.8790829,0.40683636,0.91772884,0.8475423,0.078678496,-0.2638119,0.07916354,-0.16501112,0.20220578,-0.06695545,0.18048589,0.21295533,0.45264336,0.04295188,0.6315345,0.77872825,0.46578458,0.5345504,0.3427015,0.27237386,0.22091281,0.27940196,0.5892224,0.75562954,-0.27450734,-0.17360172,0.4841408,-0.07867527,0.2206226,0.44717214,0.42468306,0.30038062,0.24088483,0.21823518,0.7692199,-0.22087024,-0.067266166,0.028614113,-0.067222394,-0.23631619,0.23622891,-0.09560342,-0.21323714,0.26758346,0.067770965,0.13171142
-0.18462828,0.88780874,0.37955946,0.852607,0.0,0.4066417,-0.12225253,0.61645114,0.58893293,-0.15365666,-0.19098231,-0.122408666,-0.32601464,-0.03390861,0.09333525,0.06838575,-0.16466099,0.40159371,-0.1878729,0.41537368,0.10802371,0.07240512,0.2034696,0.06371052,-0.27011308,0.37735507,-0.08606281,0.36270902,0.32362595,0.2998378,-0.20677237,-0.21252777,-0.17381601,0.5966032,0.36904043,0.2851904,0.19076832,-0.5920211,-0.32356018,-0.19086252,-0.12793702,-0.392232,0.065899126,-0.23364611,0.014955295,-0.24121463,0.106399775,-0.00010351554,0.0075340234,0.0169032,0.07647966,0.77130926,0.22771761,0.7046737,0.86635375,0.24314633,0.72637486,0.94031805,-0.09939123,-0.35773098,-0.08415869,-0.3204365,-0.006460698,-0.2754983,-0.060770195,0.01922239,0.10341476,-0.23598585,0.516385,0.493312,0.18421872,0.5532765,0.13027729,-0.07610018,0.08017314,0.18766369,0.3638708,0.6969428,-0.11388916,-0.16846412,0.60294574,0.1502142,0.3930375,0.593401,0.3374825,0.49157476,0.27444023,0.4580338,0.7109757,-0.101593636,-0.031072726,-0.32220364,-0.3351301,-0.027598249,0.37114793,-0.17489675,-0.09229408,0.4054478,0.011708178,0.06448046
0.4249634,0.65784496,0.9626415,0.56305844,0.4066417,0.0,0.6343223,0.83438456,0.93718344,0.4552872,0.0038646401,0.33420223,0.42243525,0.71882254,0.71129334,0.6139956,0.5400128,0.8184568,0.6274661,0.8284723,0.8067126,0.123876065,0.6092306,0.15476067,-0.27589357,0.27189487,-0.16652906,-0.21438958,0.7848631,0.15836158,-0.4475931,-0.34587365,-0.15140764,0.7768298,0.028767524,0.4672867,-0.060860936,0.21575618,0.44636384,0.5019371,-0.038741194,-0.63013244,-0.39063656,-0.032404277,-0.38981736,-0.4947185,-0.20815727,0.050758302,0.5284503,0.48627087,0.6365204,0.73206383,0.7137916,0.23391268,0.7279384,0.9527078,0.71535057,0.44353268,0.35375267,0.0458453,0.36153263,0.4745733,0.7441968,0.6098585,0.719047,0.67162687,0.6909563,0.5933032,0.54901534,0.7157016,0.7739697,0.094354816,0.5660346,0.39264482,0.09068241,0.029233156,0.7771443,0.2737375,-0.45432606,-0.30697498,-0.12047092,-0.28957862,-0.076885104,-0.0654054,0.50640076,-0.29449877,0.15984856,-0.23383135,0.61070895,-0.3591407,-0.061507855,0.39308396,0.48596084,-0.6032876,-0.38541573,0.0755104,-0.5463201,0.0073732217,0.55937016,0.3339253
0.70763165,0.21384661,0.64663494,0.22086005,-0.12225253,0.6343223,0.0,0.55770844,0.505455,0.4157995,-0.13440453,0.19914712,0.43619254,0.63770807,0.60218495,0.88272804,0.49812552,0.7215333,0.64392704,0.6819249,0.7209713,-0.09324447,0.56409585,-0.05925839,-0.27424294,-0.007978663,-0.087478854,-0.48438454,0.66878283,-0.12512748,-0.3010223,-0.06538334,0.07406584,0.47075546,-0.32984412,0.35436505,-0.018447626,0.63347435,0.7088495,0.7018471,0.0676542,-0.36055234,-0.43979976,0.21151398,-0.43227214,-0.3187499,-0.3486716,0.067672044,0.5358507,0.5488822,0.83141035,0.39030686,0.8279062,-0.18274692,0.232837,0.68015015,0.4557675,-0.073276244,0.2997854,0.05078155,0.25082582,0.491004,0.6151077,0.6527847,0.67227817,0.55131334,0.91511375,0.6767598,0.24590783,0.61378956,0.64713085,-0.20760109,0.4581444,0.66271937,0.036124878,-0.11472403,0.59197336,-0.06956632,-0.3250213,0.013481927,-0.39944243,-0.36807194,-0.23886354,-0.32773432,0.43516,-0.4602702,0.18979086,-0.497336,0.33423874,-0.13433614,0.1567705,0.6797227,0.66371286,-0.5301111,-0.4640682,0.38845846,-0.32097375,-0.123830654,0.58369905,0.49164683
0.20876081,0.849931,0.8460872,0.82714033,0.61645114,0.83438456,0.55770844,0.0,0.8652869,0.32031155,-0.09388825,0.26200855,0.19041559,0.51262283,0.55444,0.6204306,0.41616875,0.90846497,0.44247025,0.921059,0.6899892,0.11832684,0.6083861,0.2444453,-0.22536314,0.5056607,-0.36080554,-0.13895893,0.79465854,0.22505258,-0.55813223,-0.37389562,-0.3230835,0.8073661,-0.08235334,0.3338756,-0.052542314,-0.058151655,0.15838139,0.41466635,-0.287192,-0.672284,-0.46064413,-0.19746117,-0.50204974,-0.6387942,-0.37314317,-0.18379018,0.25053954,0.2515778,0.58374643,0.884249,0.7605918,0.36626333,0.84909284,0.7504352,0.9406682,0.67147005,0.3299611,-0.041907147,0.3523818,0.20483889,0.5494186,0.34055898,0.5428738,0.49393326,0.72438073,0.43851998,0.69789356,0.9170246,0.75151145,0.35359538,0.5196074,0.5056539,0.30047396,0.28340006,0.8377756,0.5690976,-0.52111155,-0.32007772,0.18528584,-0.35950342,-0.021098232,0.16019958,0.4912209,-0.08673333,0.20935239,-0.12219393,0.7772013,-0.41119438,-0.17377067,0.38031372,0.29514015,-0.55029374,-0.121084556,-0.027365781,-0.5137425,0.0012821539,0.31165254,0.20438275
0.35501218,0.78468645,0.8885274,0.68738246,0.58893293,0.93718344,0.505455,0.8652869,0.0,0.30654114,-0.12363392,0.2114378,0.2442843,0.5915704,0.61925524,0.54115427,0.37765622,0.79066914,0.46177432,0.81044036,0.6988503,0.04489097,0.52981055,0.072478734,-0.3745167,0.312513,-0.10638748,-0.05081783,0.7778615,0.15164232,-0.42475885,-0.3119087,-0.12746026,0.81155163,0.1166862,0.54360116,0.09101975,0.035149843,0.33542666,0.34417376,-0.017841486,-0.61422956,-0.31207952,-0.02867174,-0.3132664,-0.4491875,-0.13493894,0.08846555,0.50484544,0.48037428,0.55126375,0.81959456,0.63337827,0.3822762,0.8479094,0.8608237,0.7918976,0.6170659,0.22015354,-0.118209854,0.23856154,0.31192094,0.6088012,0.43260345,0.57951576,0.553253,0.5980489,0.40962067,0.5589738,0.7153843,0.6699136,0.18939705,0.47665653,0.2641635,0.044743035,0.036510084,0.76402503,0.39166176,-0.4358225,-0.28158423,0.04098228,-0.20587248,0.06432864,0.09875407,0.58451104,-0.1202313,0.3037183,-0.022293882,0.74750036,-0.3189149,-0.039022513,0.21845809,0.29751194,-0.53267634,-0.24449672,0.08636875,-0.46613732,0.14080642,0.5356206,0.36697665
0.07993751,0.07951281,0.5025971,0.025098981,-0.15365666,0.4552872,0.4157995,0.32031155,0.30654114,0.0,0.6031895,0.82304335,0.726409,0.6430562,0.524175,0.21537751,0.80867666,0.3904327,0.68690133,0.4188355,0.5582222,0.415673,0.6012988,0.5852208,0.4588154,0.24026552,-0.31991386,-0.26202652,0.28545624,0.36215535,-0.61723465,-0.5450065,-0.3733396,0.1816474,-0.19539903,-0.11295441,-0.6131721,0.3942781,0.32664138,0.76969033,-0.2630258,-0.60416794,-0.6192534,-0.37013444,-0.5350488,-0.48151994,-0.35127196,-0.16394235,0.101928785,0.027573736,0.24779698,0.16408859,0.36471114,-0.14783353,0.14371537,0.58279246,0.17094411,-0.09621889,0.88780767,0.5880308,0.6730129,0.6514389,0.7866563,0.68264663,0.68081045,0.66566,0.4077612,0.77085716,0.36340964,0.33153656,0.68263817,0.024830615,0.68327796,0.60002065,0.440507,0.20464705,0.47646037,0.13217637,-0.5446018,-0.50616664,-0.28385475,-0.48192573,-0.48425075,-0.4053908,0.13881534,-0.54783183,-0.44289804,-0.52063686,-0.035397526,-0.47886527,-0.42501098,0.72972995,0.82881486,-0.71676075,-0.6017405,-0.34712666,-0.63754874,-0.34180513,0.12617922,-0.22381854
-0.40690994,-0.13759913,0.115616776,-0.17223734,-0.19098231,0.0038646401,-0.13440453,-0.09388825,-0.12363392,0.6031895,0.0,0.76474893,0.57055587,0.30480507,0.21260345,-0.35651916,0.5481726,-0.07917987,0.37491408,-0.054014202,0.17054048,0.5737939,0.2728894,0.68578243,0.76432526,0.21687585,-0.2885487,-0.06844289,-0.25066063,0.5600424,-0.3592598,-0.48643163,-0.47835892,-0.19717503,-0.10098303,-0.5402467,-0.80064726,0.072596796,-0.17454427,0.26041934,-0.35782644,-0.2199482,-0.31906173,-0.45813912,-0.25245366,-0.1892168,-0.1533134,-0.22348632,-0.29215252,-0.38635543,-0.26344818,-0.11353555,-0.06394448,0.01600931,-0.10459064,0.13692674,-0.16882543,-0.18493749,0.6628143,0.7487843,0.5930058,0.4284701,0.3975119,0.36381656,0.33726633,0.40740126,-0.14108986,0.4054306,0.16640656,-0.057009876,0.3204983,0.016426623,0.40305942,0.16360663,0.35451707,0.282941,-0.020895822,0.072607666,-0.2239463,-0.51481336,-0.20033176,-0.22195002,-0.48686218,-0.38935706,-0.34628674,-0.34909743,-0.8132252,-0.3788737,-0.4683817,-0.38275954,-0.53731525,0.30711743,0.4013955,-0.25973305,-0.34934375,-0.5797676,-0.38422474,-0.3198718,-0.30056432,-0.59707624
-0.25048906,0.053254124,0.42387575,0.007174005,-0.122408666,0.33420223,0.19914712,0.26200855,0.2114378,0.82304335,0.76474893,0.0,0.71439946,0.5641041,0.41442746,-0.016283939,0.8417903,0.31599924,0.6642953,0.37244305,0.4846033,0.502058,0.45195073,0.77390623,0.6548468,0.4946296,-0.51073265,-0.23503895,0.22741292,0.38605842,-0.6410101,-0.64790547,-0.675526,0.09917286,-0.3587117,-0.31448728,-0.74350303,0.14431784,0.019483836,0.49539065,-0.5278128,-0.44688874,-0.71226376,-0.46846122,-0.6572602,-0.5901505,-0.5319833,-0.41870555,-0.121773936,-0.21126348,-0.024494277,0.07258107,0.19857448,-0.08270522,0.08365993,0.46484935,0.12182921,-0.032159705,0.90906316,0.8180801,0.8821293,0.60884374,0.6753212,0.59645987,0.6188339,0.58842087,0.20778598,0.705778,0.39982384,0.29459792,0.6576808,0.07082518,0.5821243,0.47430578,0.60558486,0.49302867,0.44255304,0.18163851,-0.64891726,-0.70718116,-0.23002027,-0.5950142,-0.6084476,-0.43083188,-0.06739658,-0.6085973,-0.56792027,-0.525586,-0.10182849,-0.66435957,-0.73752487,0.64980644,0.61073875,-0.6280533,-0.5616671,-0.4751793,-0.7321828,-0.5631048,-0.06881706,-0.44595027
0.18811108,-0.08801165,0.494136,-0.15576248,-0.32601464,0.42243525,0.43619254,0.19041559,0.2442843,0.726409,0.57055587,0.71439946,0.0,0.7919319,0.65478325,0.18690032,0.8391484,0.3023148,0.85037583,0.3039461,0.6596518,0.438587,0.52325445,0.41037235,0.2862604,0.06359022,-0.16556367,-0.3319843,0.25530827,0.2776902,-0.34252515,-0.48232856,-0.25000107,0.10012481,-0.14893506,-0.1418019,-0.5817718,0.548966,0.42226648,0.59001374,-0.15882608,-0.37155482,-0.4206132,-0.030289505,-0.35312194,-0.27130324,-0.2399664,-0.029781152,0.21745613,0.13228,0.23597649,0.060366813,0.3452895,-0.1693105,-0.033159982,0.5729639,0.0195302,-0.3109303,0.6331292,0.61474186,0.6192483,0.9517138,0.83336776,0.8882101,0.82307535,0.7657518,0.31371522,0.84368193,0.19771078,0.1947701,0.655416,-0.243912,0.6158912,0.32796386,0.12962344,-0.0037805967,0.33381993,-0.18365574,-0.36282736,-0.4596395,-0.6098844,-0.4698389,-0.52291447,-0.62362367,0.0020779273,-0.74241644,-0.4804195,-0.6275822,-0.25799066,-0.5112181,-0.3190654,0.5842685,0.8093147,-0.5446965,-0.7111204,-0.11348166,-0.5366602,-0.39696768,0.19536754,-0.14701353
0.39342052,0.24938361,0.7505445,0.174593,-0.03390861,0.71882254,0.63770807,0.51262283,0.5915704,0.6430562,0.30480507,0.5641041,0.7919319,0.0,0.93541884,0.44839165,0.7938567,0.5989625,0.92461836,0.6146925,0.9168608,0.34739172,0.73221844,0.241728,-0.019462828,0.14809707,-0.07703273,-0.19807626,0.6024579,0.24678712,-0.39845037,-0.4846792,-0.19854935,0.427642,-0.050144583,0.17195916,-0.29647613,0.45674407,0.5228921,0.57548106,-0.070013575,-0.54846054,-0.47111496,0.12418531,-0.36864522,-0.33330378,-0.21289009,0.11856467,0.45465794,0.38937923,0.4686162,0.39734843,0.6132803,0.043040663,0.27976534,0.8023657,0.34468448,-0.02172659,0.5209574,0.32176736,0.47950113,0.8232862,0.9256385,0.92517716,0.97529864,0.9478026,0.55095005,0.85615516,0.4370352,0.49338517,0.8397554,-0.074309886,0.7738861,0.35882378,0.041417353,-0.048192255,0.6357705,0.026903601,-0.43178132,-0.419908,-0.43648168,-0.34953696,-0.2610888,-0.38062948,0.38948923,-0.5563276,-0.11610776,-0.39931175,0.14859974,-0.47049034,-0.14594786,0.5362767,0.7408185,-0.5850364,-0.586954,0.13939016,-0.47989368,-0.11652401,0.4418341,0.16046375
0.4073052,0.35016742,0.7451111,0.28434792,0.09333525,0.71129334,0.60218495,0.55444,0.61925524,0.524175,0.21260345,0.41442746,0.65478325,0.93541884,0.0,0.46453273,0.6617883,0.59338903,0.8048045,0.6195383,0.90846664,0.36427054,0.78298545,0.15589654,-0.11515067,0.10050355,-0.0011272725,-0.06996491,0.59816635,0.3213116,-0.34350884,-0.43183768,-0.13491227,0.45957407,0.08414937,0.18311156,-0.20218483,0.36084962,0.455807,0.5115185,-0.0387112,-0.59591067,-0.3495812,0.15588535,-0.23296617,-0.25411272,-0.09962958,0.19870727,0.42868096,0.37627172,0.51931405,0.49834356,0.6543731,0.18289904,0.3664343,0.75064445,0.42015377,0.06660931,0.39424726,0.15019535,0.31509906,0.6758931,0.8469495,0.80582863,0.8973583,0.9438479,0.55894613,0.7277437,0.48900262,0.52785784,0.8052623,0.059420325,0.8051259,0.31951997,-0.032705817,-0.1012674,0.6074209,0.14001316,-0.31289,-0.3110159,-0.2752905,-0.18274106,-0.073417984,-0.18634363,0.46790543,-0.32942182,-0.051355485,-0.23266481,0.21369722,-0.36887556,-0.004282477,0.41477656,0.63186264,-0.46580687,-0.40300077,0.18512069,-0.32695,0.0852399,0.40230688,0.19867635
0.6948906,0.35895377,0.61495143,0.36666188,0.06838575,0.6139956,0.88272804,0.6204306,0.54115427,0.21537751,-0.35651916,-0.016283939,0.18690032,0.44839165,0.46453273,0.0,0.3025664,0.76811767,0.44448647,0.69270504,0.5972908,-0.12850954,0.4954997,-0.12641482,-0.41691384,0.020182885,-0.111346245,-0.4419776,0.6749965,-0.1678757,-0.2019383,0.009450757,0.16008669,0.60780835,-0.18840231,0.4251265,0.12622724,0.44297156,0.59782857,0.5772302,0.08943495,-0.35552126,-0.28355062,0.18381606,-0.33289215,-0.3282818,-0.25345537,0.06925714,0.4873385,0.5225975,0.8907566,0.49797422,0.81622213,-0.122093834,0.36822692,0.60416454,0.56584585,0.098557875,0.11894748,-0.16290587,0.07817787,0.2540031,0.4298617,0.43475392,0.4848389,0.36059543,0.8963778,0.49370852,0.32365525,0.678075,0.53554887,-0.042991158,0.33677977,0.58465624,0.009621668,-0.10078881,0.56502557,0.03677567,-0.2106375,0.10328028,-0.1721974,-0.25972822,-0.03854412,-0.066142686,0.41527653,-0.22112466,0.3234118,-0.3260915,0.49020416,-0.06694488,0.25796267,0.5173812,0.44775712,-0.3964925,-0.21469787,0.3782284,-0.23970903,-0.01599593,0.5350768,0.51430845
0.06080868,0.10852319,0.61910737,0.054256942,-0.16466099,0.5400128,0.49812552,0.41616875,0.37765622,0.80867666,0.5481726,0.8417903,0.8391484,0.7938567,0.6617883,0.3025664,0.0,0.5378999,0.90540373,0.5603756,0.7498951,0.51052165,0.63667154,0.6325789,0.36715317,0.40393588,-0.46174812,-0.39083543,0.47530824,0.26808488,-0.55186474,-0.6736902,-0.5195971,0.28858766,-0.3142661,-0.155628,-0.63452435,0.33432624,0.28524676,0.6337531,-0.41856673,-0.5362781,-0.68186575,-0.2213152,-0.64290684,-0.60857826,-0.51681983,-0.28518817,0.106124066,0.02990161,0.27665743,0.19998437,0.4351283,-0.16561475,0.13786203,0.6579123,0.23578927,-0.08483733,0.82326674,0.6875047,0.8075768,0.7931968,0.84856063,0.8274867,0.85031956,0.76035804,0.4647558,0.939606,0.5003292,0.4670604,0.83277065,0.022732683,0.71991134,0.54543066,0.45871907,0.32866743,0.6146209,0.06509537,-0.6084457,-0.661417,-0.36048007,-0.62524694,-0.5354035,-0.4530496,0.05910577,-0.69759995,-0.41179127,-0.62826675,0.001380782,-0.68799984,-0.530563,0.7517152,0.760606,-0.6740126,-0.6168098,-0.20462517,-0.741315,-0.5205879,0.14421505,-0.212926
0.33550164,0.6911462,0.84645724,0.6710625,0.40159371,0.8184568,0.7215333,0.90846497,0.79066914,0.3904327,-0.07917987,0.31599924,0.3023148,0.5989625,0.59338903,0.76811767,0.5378999,0.0,0.57597506,0.9460176,0.75974566,0.13446325,0.6555385,0.25517762,-0.21342076,0.44757453,-0.36727914,-0.30761564,0.85028476,0.11118212,-0.52608323,-0.39133403,-0.2766516,0.824066,-0.18768239,0.33825824,-0.10886135,0.11929025,0.32535258,0.5208372,-0.2381909,-0.63714767,-0.53640443,-0.116031684,-0.5874509,-0.6554913,-0.4269255,-0.15743008,0.3344494,0.33965495,0.6868122,0.75533617,0.82522064,0.18254407,0.69013655,0.7801889,0.8409733,0.4686359,0.40231323,0.074482955,0.4209252,0.32910025,0.6048065,0.4802309,0.6353825,0.5429424,0.8341438,0.6061791,0.67739135,0.92749804,0.8115947,0.22926067,0.56478107,0.60204804,0.30355006,0.2617173,0.85245764,0.38676822,-0.5392713,-0.33937407,0.009244508,-0.43466395,-0.1537233,0.0018950475,0.44012457,-0.25575283,0.17075494,-0.29280195,0.6865775,-0.4221609,-0.16445182,0.54461193,0.42174765,-0.60964143,-0.26358026,0.06094425,-0.5764953,-0.111466825,0.39780864,0.26570845
0.31015533,0.113361344,0.68269503,0.044203565,-0.1878729,0.6274661,0.64392704,0.44247025,0.46177432,0.68690133,0.37491408,0.6642953,0.85037583,0.92461836,0.8048045,0.44448647,0.90540373,0.57597506,0.0,0.5872697,0.8583524,0.38931742,0.6602352,0.3692673,0.11011066,0.21303807,-0.23529445,-0.37477475,0.56478286,0.16167678,-0.41673794,-0.5344423,-0.2997746,0.35346216,-0.23190655,0.03749731,-0.43169555,0.49016532,0.49085394,0.60952985,-0.1948946,-0.47795194,-0.56400406,0.055174135,-0.50424296,-0.43263572,-0.3744609,-0.052460156,0.34949496,0.28396532,0.43421566,0.2581646,0.5531592,-0.13104607,0.1490412,0.73948306,0.26066774,-0.1439787,0.61667955,0.50759965,0.62835366,0.8607116,0.8897646,0.9394041,0.9504122,0.84931993,0.5548826,0.95087343,0.40908527,0.46699005,0.83603245,-0.12624645,0.7181517,0.45113623,0.18515645,0.0813099,0.605785,-0.07824574,-0.4930692,-0.499604,-0.51539236,-0.50766194,-0.44134748,-0.5004017,0.19753729,-0.7089624,-0.23735821,-0.58291864,0.04083161,-0.5570239,-0.28744894,0.6725055,0.77379227,-0.6144826,-0.66008687,0.069387145,-0.59327734,-0.35675037,0.3582332,0.05134145
0.25393707,0.68553877,0.83866745,0.680569,0.41537368,0.8284723,0.6819249,0.921059,0.81044036,0.4188355,-0.054014202,0.37244305,0.3039461,0.6146925,0.6195383,0.69270504,0.5603756,0.9460176,0.5872697,0.0,0.789853,0.13082367,0.65022326,0.2884229,-0.17146088,0.53660804,-0.4056155,-0.2621407,0.8991873,0.1220298,-0.61290354,-0.42765975,-0.39516082,0.7612924,-0.24027516,0.30774558,-0.10949092,0.062180646,0.26090047,0.48446015,-0.31248888,-0.65381855,-0.62172025,-0.14390816,-0.63754123,-0.70572436,-0.511221,-0.22534731,0.2916159,0.29293892,0.593952,0.7325355,0.78476834,0.21493852,0.6807603,0.7797051,0.83156335,0.50256735,0.4488169,0.10186418,0.47580066,0.33000115,0.62563854,0.47618097,0.6562485,0.56525433,0.8055769,0.59995943,0.6856038,0.91628736,0.8427944,0.2645566,0.58978575,0.6187955,0.38106555,0.34143335,0.9327011,0.44707805,-0.6316723,-0.38276753,0.06330374,-0.47065774,-0.15487985,0.009192515,0.50921136,-0.2718229,0.18812992,-0.2661194,0.6985394,-0.45440236,-0.23667787,0.5533827,0.4145683,-0.64866006,-0.253391,0.049485635,-0.59262806,-0.13558166,0.35786986,0.2308444
0.38101378,0.41411677,0.84503984,0.3611586,0.10802371,0.8067126,0.7209713,0.6899892,0.6988503,0.5582222,0.17054048,0.4846033,0.6596518,0.9168608,0.90846664,0.5972908,0.7498951,0.75974566,0.8583524,0.789853,0.0,0.30981836,0.76247245,0.2613552,-0.106786035,0.26126373,-0.20071751,-0.2707344,0.7540295,0.2104069,-0.45902255,-0.46908304,-0.2675823,0.56404614,-0.1080402,0.19159803,-0.26012534,0.35164517,0.4517917,0.5801276,-0.16400233,-0.6140076,-0.510627,0.06263279,-0.4488065,-0.4681318,-0.3256414,-0.004344206,0.4010678,0.36338583,0.57442063,0.5465115,0.7435442,0.11165593,0.42737076,0.83742034,0.53699493,0.1366668,0.47761753,0.24218017,0.47587815,0.6861436,0.8623802,0.8181339,0.9262997,0.8778627,0.70468175,0.8138897,0.55273694,0.6808435,0.9033743,0.051816538,0.7668632,0.48258427,0.14202252,0.07105491,0.7716901,0.15641837,-0.47377235,-0.38967428,-0.275363,-0.3825596,-0.20895879,-0.24439359,0.4428094,-0.46435645,-0.032632004,-0.40670878,0.3303126,-0.46055037,-0.14499654,0.56876796,0.66364497,-0.6118403,-0.46649906,0.13886315,-0.5072389,-0.112314835,0.41672406,0.19832173
-0.35416728,0.12680832,0.22728123,0.08838303,0.07240512,0.123876065,-0.09324447,0.11832684,0.04489097,0.415673,0.5737939,0.502058,0.438587,0.34739172,0.36427054,-0.12850954,0.51052165,0.13446325,0.38931742,0.13082367,0.30981836,0.0,0.5175341,0.68651116,0.47313058,0.30307952,-0.35049105,0.0533773,-0.023777584,0.6379092,-0.21877252,-0.6246217,-0.39749566,0.09318189,0.17411098,-0.5322041,-0.65057856,-0.16179715,-0.28071415,0.207638,-0.47225863,-0.43232018,-0.15577465,-0.36444592,-0.12948121,-0.28823707,-0.053692803,-0.20673919,-0.37750912,-0.45370457,-0.052258126,0.13838755,0.07838914,0.11371351,0.096832834,0.14927602,0.05546847,0.0064465953,0.4844394,0.4097728,0.39643985,0.3138839,0.3915361,0.2858196,0.36941448,0.44035792,-0.03339529,0.42102963,0.5748394,0.21443698,0.43905565,0.4533538,0.5912186,0.1433327,0.34554082,0.30023244,0.16406381,0.31764397,-0.102731526,-0.5070399,0.112122126,-0.17985514,-0.11729261,0.05376392,-0.2777407,-0.03316604,-0.6204032,-0.15430877,-0.23102836,-0.53332084,-0.39407766,0.2029954,0.28424275,-0.12068072,0.019557573,-0.5015077,-0.29806656,-0.16301182,-0.42681676,-0.6345725
0.23997423,0.45625776,0.66653085,0.44325686,0.2034696,0.6092306,0.56409585,0.6083861,0.52981055,0.6012988,0.2728894,0.45195073,0.52325445,0.73221844,0.78298545,0.4954997,0.63667154,0.6555385,0.6602352,0.65022326,0.76247245,0.5175341,0.0,0.36187065,0.05245006,0.22256462,-0.14952558,-0.0046756896,0.5336048,0.50165224,-0.46655446,-0.56123656,-0.24187689,0.4963193,0.07909089,0.02786076,-0.33654982,0.21144678,0.27750465,0.6093475,-0.20307408,-0.76660204,-0.4328844,-0.09728983,-0.32765183,-0.37013876,-0.15348741,0.057482384,0.19681205,0.16161756,0.5166832,0.58403856,0.7089587,0.23689447,0.43446335,0.63385415,0.5310671,0.16366352,0.55405414,0.15920982,0.33841655,0.46883807,0.73390603,0.5994771,0.7398172,0.79753673,0.62360793,0.6886592,0.68356436,0.6759221,0.82420486,0.33308992,0.935871,0.5128096,0.21580733,0.081762485,0.6420589,0.39993644,-0.34319454,-0.37616274,-0.031786058,-0.2175837,-0.08045683,-0.029294439,0.3978535,-0.15492238,-0.16441132,-0.1974952,0.2561356,-0.41774583,-0.09017593,0.5193799,0.6194364,-0.48211867,-0.21015535,-0.03733537,-0.33680636,0.08504543,0.17217515,0.010750545
-0.56866086,0.1522445,0.26317126,0.14681053,0.06371052,0.15476067,-0.05925839,0.2444453,0.072478734,0.5852208,0.68578243,0.77390623,0.41037235,0.241728,0.15589654,-0.12641482,0.6325789,0.25517762,0.3692673,0.2884229,0.2613552,0.68651116,0.36187065,0.0,0.70923793,0.64215535,-0.7403981,-0.21688543,0.069644086,0.4954125,-0.5738585,-0.6695528,-0.7633381,0.10563392,-0.24105704,-0.5725861,-0.82871234,-0.22480068,-0.37858605,0.293518,-0.73099357,-0.43857518,-0.5297674,-0.7309713,-0.57038444,-0.66199374,-0.48893037,-0.6326481,-0.50344104,-0.57691437,-0.14104313,0.10082923,0.071879365,0.0030666292,0.15482362,0.20094025,0.17059627,0.13966458,0.7719546,0.7245224,0.77237636,0.26801324,0.36116087,0.22651207,0.3083394,0.2983233,0.07433022,0.46455827,0.5452525,0.31973615,0.49953195,0.4009351,0.4497668,0.4314322,0.7790982,0.70202416,0.33201605,0.3945355,-0.49020228,-0.69835746,0.14785422,-0.5036389,-0.44260532,-0.09849954,-0.3480875,-0.27195817,-0.67824453,-0.40063602,-0.092086,-0.6563106,-0.78094846,0.46019885,0.30798638,-0.4082632,-0.16081285,-0.74574274,-0.6496957,-0.54894704,-0.4598794,-0.7372791
-0.5978926,-0.27193516,-0.1831377,-0.2543946,-0.27011308,-0.27589357,-0.27424294,-0.22536314,-0.3745167,0.4588154,0.76432526,0.6548468,0.2862604,-0.019462828,-0.11515067,-0.41691384,0.36715317,-0.21342076,0.11011066,-0.17146088,-0.106786035,0.47313058,0.05245006,0.70923793,0.0,0.35948375,-0.45705548,-0.037183244,-0.36529696,0.43526527,-0.34980196,-0.3466887,-0.5427414,-0.39418545,-0.32507345,-0.71096224,-0.69394934,-0.10106445,-0.39548185,0.18654211,-0.55447525,-0.059521567,-0.38332498,-0.57638377,-0.3510219,-0.2627996,-0.34502885,-0.5096176,-0.59597456,-0.6730823,-0.3956485,-0.32384342,-0.23501994,-0.16861252,-0.27973416,-0.18646702,-0.26676533,-0.21567243,0.6236917,0.69729024,0.57046705,0.12724145,0.10364357,0.044808734,0.04972549,0.076963715,-0.23693866,0.20542543,0.112068124,-0.12026403,0.115014404,0.17977418,0.18536688,0.26200962,0.61603314,0.5106434,-0.10457895,0.1795278,-0.2619165,-0.37692082,0.033102956,-0.32097468,-0.466196,-0.2218237,-0.45933786,-0.21660645,-0.69735265,-0.28302503,-0.46107846,-0.36485097,-0.6306707,0.32529753,0.21487576,-0.1549049,-0.08317348,-0.63908446,-0.28837886,-0.4683301,-0.56951344,-0.762743
-0.5208169,0.43640321,0.32024616,0.46240118,0.37735507,0.27189487,-0.007978663,0.5056607,0.312513,0.24026552,0.21687585,0.4946296,0.06359022,0.14809707,0.10050355,0.020182885,0.40393588,0.44757453,0.21303807,0.53660804,0.26126373,0.30307952,0.22256462,0.64215535,0.35948375,0.0,-0.6962868,-0.04039216,0.4090736,0.21996428,-0.597905,-0.517227,-0.8198062,0.31225014,-0.38619182,-0.20980759,-0.32320973,-0.49300793,-0.4468253,0.010782746,-0.76524585,-0.387714,-0.63171506,-0.5156847,-0.684297,-0.75186133,-0.6615308,-0.69366896,-0.36693108,-0.3782153,-0.10257423,0.31640452,0.14089735,0.18362784,0.39394584,0.22291274,0.47801006,0.515132,0.48934352,0.39296213,0.64826477,0.0037049616,0.2065355,0.016758073,0.20359407,0.14859897,0.16591543,0.24061176,0.60541475,0.54758686,0.47570944,0.517053,0.27927554,0.35654694,0.75170267,0.88153315,0.5987829,0.59754854,-0.6652348,-0.6047228,0.36454564,-0.5537693,-0.25504103,0.15612961,0.029212087,-0.11941093,-0.0858741,-0.083181456,0.41148025,-0.642652,-0.7782635,0.31864503,-0.033278078,-0.3894659,0.01743028,-0.40348873,-0.589516,-0.44036326,-0.27198645,-0.40001684
0.41467622,-0.20203438,-0.27456194,-0.22448918,-0.08606281,-0.16652906,-0.087478854,-0.36080554,-0.10638748,-0.31991386,-0.2885487,-0.51073265,-0.16556367,-0.07703273,-0.0011272725,-0.111346245,-0.46174812,-0.36727914,-0.23529445,-0.4056155,-0.20071751,-0.35049105,-0.14952558,-0.7403981,-0.45705548,-0.6962868,0.0,0.4517682,-0.21939233,-0.14631411,0.47501412,0.42134884,0.7403788,-0.15917926,0.5065188,0.45750389,0.57696223,0.2618754,0.37456053,-0.2515343,0.80589056,0.31108254,0.5651749,0.62813497,0.6795067,0.8308341,0.7504819,0.8830266,0.48245406,0.5159139,-0.044746082,-0.12230651,-0.1587626,0.20130736,-0.18584074,-0.15784296,-0.2862803,-0.21076418,-0.5386676,-0.5110089,-0.68741286,-0.055393998,-0.18595263,-0.07145698,-0.16728187,-0.060036287,-0.26308456,-0.34556612,-0.50635535,-0.44692218,-0.40831265,-0.38564628,-0.18107109,-0.55565274,-0.8081441,-0.78597045,-0.4042777,-0.34512246,0.48766482,0.46110535,-0.2481593,0.58022434,0.35023805,-0.030656701,0.29789633,0.2367577,0.3717297,0.441237,-0.1228107,0.57044655,0.6547807,-0.49123618,-0.13481241,0.3616445,0.025561957,0.50192666,0.62278897,0.66762346,0.36090103,0.52420706
-0.24342543,0.15260631,-0.28521016,0.17562646,0.36270902,-0.21438958,-0.48438454,-0.13895893,-0.05081783,-0.26202652,-0.06844289,-0.23503895,-0.3319843,-0.19807626,-0.06996491,-0.4419776,-0.39083543,-0.30761564,-0.37477475,-0.2621407,-0.2707344,0.0533773,-0.0046756896,-0.21688543,-0.037183244,-0.04039216,0.4517682,0.0,-0.23516637,0.31298125,0.13023049,0.035066564,0.12775005,-0.13056922,0.4943376,0.08049198,0.34306645,-0.40705678,-0.31059894,-0.40583146,0.14271621,0.015944757,0.30229068,0.09813184,0.43103236,0.41060326,0.47382316,0.37493482,-0.085344665,-0.083605066,-0.3542799,0.099487424,-0.27588275,0.5256094,0.10370426,-0.2820382,-0.010654746,0.27085957,-0.260719,-0.40022734,-0.411756,-0.33296308,-0.23291108,-0.36567923,-0.27433893,-0.07894496,-0.45788333,-0.4575355,0.0032206455,-0.19192983,-0.2670636,0.34091958,0.01523528,-0.4762943,-0.24920511,-0.124407046,-0.17989954,0.37345064,0.21883543,0.085156016,0.3608844,0.42701975,0.44175375,0.43244606,0.27777177,0.56108385,0.22000656,0.78584874,0.07881497,0.14651859,0.15094039,-0.5396395,-0.38653055,0.3222836,0.42238447,0.018402245,0.4530308,0.6004052,-0.16901188,-0.04135078
0.35856178,0.5615417,0.75375074,0.5371717,0.32362595,0.7848631,0.66878283,0.79465854,0.7778615,0.28545624,-0.25066063,0.22741292,0.25530827,0.6024579,0.59816635,0.6749965,0.47530824,0.85028476,0.56478286,0.8991873,0.7540295,-0.023777584,0.5336048,0.069644086,-0.36529696,0.4090736,-0.21939233,-0.23516637,0.0,-0.11466713,-0.43949023,-0.33432728,-0.23137614,0.71912974,-0.1819883,0.471821,0.08899154,0.12172447,0.383956,0.35410675,-0.11908651,-0.5235429,-0.50188804,0.09575161,-0.5041443,-0.5499326,-0.40445775,-0.061384965,0.4502409,0.47558123,0.546171,0.61218745,0.66369826,0.14970842,0.58025575,0.741751,0.7000875,0.416762,0.2763957,-0.011026801,0.3419064,0.34539014,0.5602459,0.47646987,0.61499137,0.5100693,0.72427344,0.5422119,0.53909576,0.76787245,0.7284551,0.12777236,0.4715217,0.43908417,0.20189449,0.19079915,0.9014569,0.2567131,-0.5564221,-0.31617334,-0.03605704,-0.3880299,-0.07260243,-0.0077335592,0.5856422,-0.29554448,0.38108897,-0.18803516,0.70900196,-0.35366416,-0.109623924,0.43544644,0.3299149,-0.55850005,-0.2921726,0.27003622,-0.48880196,-0.07749174,0.50933063,0.41311744
-0.31848562,0.3407105,0.24013282,0.3382052,0.2998378,0.15836158,-0.12512748,0.22505258,0.15164232,0.36215535,0.5600424,0.38605842,0.2776902,0.24678712,0.3213116,-0.1678757,0.26808488,0.11118212,0.16167678,0.1220298,0.2104069,0.6379092,0.50165224,0.4954125,0.43526527,0.21996428,-0.14631411,0.31298125,-0.11466713,0.0,-0.34995976,-0.39954937,-0.3115497,0.07260615,0.27627856,-0.40976506,-0.5058034,-0.17192544,-0.31071684,0.22721839,-0.3437159,-0.4699932,-0.09508018,-0.4601296,-0.048793502,-0.12312226,0.083311774,-0.08265237,-0.3361107,-0.4066326,-0.013547942,0.36416402,0.20409475,0.42169276,0.29419908,0.15669304,0.24768282,0.21229148,0.39358324,0.19823404,0.22079666,0.14197753,0.32959557,0.12774137,0.25260118,0.416945,-0.010050355,0.18288343,0.42543983,0.23236541,0.36193046,0.4515874,0.5575813,0.1409568,0.2186122,0.18108204,0.11972176,0.55665433,-0.09648751,-0.27443385,0.20796663,-0.03852456,-0.065933615,0.10327487,-0.061638936,0.15762167,-0.53198355,0.04018902,-0.0999377,-0.32613057,-0.26173496,0.08598625,0.24066047,-0.14396209,0.07794173,-0.55911225,-0.1299788,0.12325248,-0.39616635,-0.5226371
0.18963605,-0.3892015,-0.48870766,-0.40490934,-0.20677237,-0.4475931,-0.3010223,-0.55813223,-0.42475885,-0.61723465,-0.3592598,-0.6410101,-0.34252515,-0.39845037,-0.34350884,-0.2019383,-0.55186474,-0.52608323,-0.41673794,-0.61290354,-0.45902255,-0.21877252,-0.46655446,-0.5738585,-0.34980196,-0.597905,0.47501412,0.13023049,-0.43949023,-0.34995976,0.0,0.4842917,0.6355089,-0.31174108,0.33336276,0.07376295,0.4654506,0.023265772,0.01029081,-0.47487652,0.45533717,0.64227754,0.78102005,0.58644307,0.7394914,0.6700708,0.5520456,0.42954338,0.105075255,0.12201226,-0.09664653,-0.3752464,-0.39535433,-0.1362602,-0.3823624,-0.4770669,-0.48477265,-0.32774484,-0.70930433,-0.4053567,-0.6572223,-0.26236743,-0.5150967,-0.3237876,-0.46082622,-0.4521872,-0.41349268,-0.45934007,-0.43649164,-0.5426539,-0.6496882,-0.22383341,-0.5152162,-0.5838699,-0.6195706,-0.51874274,-0.6641172,-0.5079198,0.8271965,0.55278605,-0.06129283,0.53963876,0.47884345,0.1815682,-0.25388876,0.3531907,0.23255669,0.347528,-0.30917418,0.49097452,0.6139282,-0.5824685,-0.42624855,0.80238295,0.38735828,0.45095995,0.6763469,0.30919555,0.032274496,0.23760551
0.34247264,-0.31960323,-0.4141744,-0.27064863,-0.21252777,-0.34587365,-0.06538334,-0.37389562,-0.3119087,-0.5450065,-0.48643163,-0.64790547,-0.48232856,-0.4846792,-0.43183768,0.009450757,-0.6736902,-0.39133403,-0.5344423,-0.42765975,-0.46908304,-0.6246217,-0.56123656,-0.6695528,-0.3466887,-0.517227,0.42134884,0.035066564,-0.33432728,-0.39954937,0.4842917,0.0,0.6299394,-0.3363366,0.0166168,0.20958881,0.56968594,0.18829763,0.15738346,-0.20641017,0.47158432,0.5951926,0.4748677,0.36127195,0.43841806,0.55577075,0.30820292,0.26010326,0.1271884,0.18023013,0.07878996,-0.29948953,-0.1738112,-0.17985322,-0.31471252,-0.38813356,-0.29653364,-0.24976523,-0.6487735,-0.4873891,-0.6078122,-0.40055758,-0.5109412,-0.39297083,-0.49472293,-0.5169848,-0.14644603,-0.53611183,-0.6407413,-0.41229615,-0.6261734,-0.3421597,-0.65432966,-0.21041943,-0.45412847,-0.428413,-0.5031561,-0.3326633,0.49194583,0.86701673,-0.041826766,0.36487234,0.26239085,0.07687086,-0.0003991615,0.2774547,0.3953956,0.2420602,-0.11194044,0.6607191,0.6035171,-0.3224692,-0.29852852,0.45318902,0.26537278,0.39583033,0.6054776,0.2672149,0.12151692,0.37256956
0.6316485,-0.22825782,-0.22224435,-0.2553732,-0.17381601,-0.15140764,0.07406584,-0.3230835,-0.12746026,-0.3733396,-0.47835892,-0.675526,-0.25000107,-0.19854935,-0.13491227,0.16008669,-0.5195971,-0.2766516,-0.2997746,-0.39516082,-0.2675823,-0.39749566,-0.24187689,-0.7633381,-0.5427414,-0.8198062,0.7403788,0.12775005,-0.23137614,-0.3115497,0.6355089,0.6299394,0.0,-0.07011396,0.4593129,0.46794546,0.5932582,0.39794073,0.4881864,-0.06525411,0.820677,0.37080076,0.66984737,0.5538488,0.67978597,0.70887434,0.6929195,0.7198516,0.4787207,0.5101131,0.2827128,-0.12943654,-0.049326714,-0.108252026,-0.19125392,-0.14843185,-0.25908113,-0.28577653,-0.626996,-0.60291123,-0.7603257,-0.1523612,-0.26314086,-0.11471538,-0.26915273,-0.23385932,-0.052769,-0.32410017,-0.48349267,-0.37933445,-0.4901197,-0.38101548,-0.3463261,-0.3612395,-0.76648,-0.83255535,-0.46919096,-0.45712656,0.6235404,0.69866055,-0.21778125,0.55869275,0.39298305,0.052930266,0.13620436,0.26446992,0.38774592,0.2650635,-0.093704596,0.65518004,0.82977223,-0.38228074,-0.08836788,0.39455542,0.10628226,0.50587904,0.60047805,0.5184942,0.3961351,0.55594176
0.32269716,0.77672356,0.7589285,0.68054515,0.5966032,0.7768298,0.47075546,0.8073661,0.81155163,0.1816474,-0.19717503,0.09917286,0.10012481,0.427642,0.45957407,0.60780835,0.28858766,0.824066,0.35346216,0.7612924,0.56404614,0.09318189,0.4963193,0.10563392,-0.39418545,0.31225014,-0.15917926,-0.13056922,0.71912974,0.07260615,-0.31174108,-0.3363366,-0.07011396,0.0,0.15507554,0.5208658,0.085910834,-0.06486077,0.26264372,0.2576319,-0.0014573062,-0.5573713,-0.21340035,-0.05687307,-0.27355385,-0.45570627,-0.08767923,0.081410244,0.43425116,0.43449157,0.56342393,0.7886375,0.6103967,0.33795974,0.8036447,0.6985033,0.78891873,0.62039787,0.14564006,-0.13329272,0.16057746,0.15124239,0.4225054,0.28547472,0.4171025,0.37606785,0.5863182,0.3459015,0.6254548,0.7555627,0.5676867,0.2573455,0.38022044,0.25289762,0.07772812,0.08379135,0.6707347,0.3567021,-0.32049018,-0.2942597,0.14261293,-0.13663918,0.09581888,0.19531648,0.42425925,-0.011949334,0.27089396,-0.023203095,0.75704813,-0.24853209,-0.0066697053,0.1578263,0.15630846,-0.4181764,-0.11557415,0.04113121,-0.44359952,0.15674523,0.45794535,0.35565114
0.08915311,0.21634115,-0.026302824,0.12385663,0.36904043,0.028767524,-0.32984412,-0.08235334,0.1166862,-0.19539903,-0.10098303,-0.3587117,-0.14893506,-0.050144583,0.08414937,-0.18840231,-0.3142661,-0.18768239,-0.23190655,-0.24027516,-0.1080402,0.17411098,0.07909089,-0.24105704,-0.32507345,-0.38619182,0.5065188,0.4943376,-0.1819883,0.27627856,0.33336276,0.0166168,0.4593129,0.15507554,0.0,0.23327759,0.24373168,-0.16904159,-0.012510708,-0.23393469,0.4528544,-0.11194795,0.62429917,0.1472509,0.6961045,0.4588405,0.8181392,0.61511093,0.16984078,0.14633799,-0.058521345,0.20484577,-0.15373279,0.4294526,0.24454036,-0.042230338,-0.010833448,0.19203871,-0.36230633,-0.46429875,-0.537897,-0.13638084,-0.073996514,-0.1531028,-0.15781237,0.031741504,-0.3011448,-0.3065584,0.067570105,-0.19485423,-0.21706532,0.19464104,0.06311029,-0.5332327,-0.50182,-0.49913388,-0.2389886,0.088604,0.48074687,0.13990384,0.23461509,0.64452565,0.5763112,0.39795652,0.1456723,0.52561903,0.07430925,0.52909434,0.03982083,0.26687142,0.4428599,-0.6219335,-0.20439874,0.30925968,0.29578274,-0.011033283,0.37025496,0.6874641,0.035415683,0.09786898
