0,1,2,3,4,5,6,7,8,9,10,11,12,13,14,15,16,17,18,19,20,21,22,23,24,25,26,27,28,29,30,31,32,33,34,35,36,37,38,39,40,41,42,43,44,45,46,47,48,49,50,51,52,53,54,55,56,57,58,59,60,61,62,63,64,65,66,67,68,69,70,71,72,73,74,75,76,77,78,79,80,81,82,83,84,85,86,87,88,89,90,91,92,93,94,95,96,97,98,99
0.0,0.56858176,0.43953228,0.042234495,0.18170379,0.33384392,0.35957432,0.49143562,0.28675118,-0.24404487,-0.1651845,-0.17055295,-0.40051183,-0.5665629,-0.48451552,0.34627935,-0.23613313,0.39948732,-0.26173228,0.507608,-0.21654241,-0.0014220283,0.21150021,-0.07278159,0.21658856,0.046525232,-0.10168084,-0.06463554,-0.002129077,-0.21227372,0.09766662,0.111949384,0.04158189,-0.0017859637,-0.0027999112,0.20037338,-0.003939359,-0.019387271,-0.21294959,-0.12565921,0.021654004,0.150642,-0.10366204,0.06506936,0.062192608,-0.033313666,-0.13637398,0.19776829,0.63429296,0.17066294,0.90633893,0.5459862,0.20959282,0.051513582,0.38787153,0.34907845,0.47200793,0.30994424,-0.00080247363,0.19817865,0.045087006,-0.33434826,-0.2959723,-0.45516682,-0.34587005,-0.55709577,0.7580393,-0.41821,-0.09384337,0.23665844,-0.041504156,0.067185715,0.015655963,0.09312258,-0.0047013,0.0925189,0.052232426,-0.06564461,-0.07591035,0.031295482,-0.3308531,-0.14619797,-0.19595541,-0.13840601,-0.0704909,-0.25502384,-0.015940636,-0.15866885,0.51855683,-0.16910161,-0.044896767,0.22384472,-0.11925576,0.066293396,-0.026685132,0.08397032,-0.06978427,0.17915148,0.7612256,0.19560252
0.56858176,0.0,0.8119351,0.2405692,0.5675802,0.6067382,0.3030423,0.7241738,0.53080267,-0.33844304,-0.19748485,0.04066218,-0.5097016,-0.47391778,-0.3953659,0.43140116,-0.12762743,0.39043814,-0.20000263,0.22198845,-0.14967392,0.10274024,0.3683933,0.17123815,0.04896641,0.3572738,0.10877671,-0.0882411,-0.22283837,0.22191314,-0.43053326,-0.2356015,-0.431104,-0.24378227,-0.058214594,-0.16039853,-0.2626984,-0.3687977,-0.48032552,-0.37563014,-0.37622055,-0.1111165,-0.34156096,-0.31212604,-0.077276185,-0.33772945,-0.41238558,-0.30760634,0.17124802,-0.26011285,0.6462772,0.93050796,0.44946238,0.13699833,0.6942232,0.59269404,0.72299635,0.7060303,-0.15918277,0.122468956,0.27076188,-0.48230782,-0.023351405,-0.3914615,-0.28952384,-0.42153308,0.419726,-0.3599551,0.20041102,0.25306886,0.016303113,0.51520133,0.23070224,0.20918055,0.31052002,0.29573476,0.2884419,0.44111186,-0.4799793,-0.23579182,-0.044166986,-0.4480645,-0.116687655,0.013172636,0.27012715,-0.39698178,-0.29259002,-0.11117505,0.058580574,-0.30722967,-0.5008894,-0.16041714,-0.38697967,-0.2754595,0.0073993085,-0.28923178,-0.35667685,-0.32089978,0.27888206,-0.2380826
0.43953228,0.8119351,0.0,-0.048086148,0.8375579,0.8814049,0.4537218,0.74849886,0.8400076,-0.076626554,0.031585973,0.29583472,-0.3617012,-0.26142094,-0.23948768,0.34287262,-0.0015480996,0.3162555,-0.0135967145,0.20119503,0.070407785,0.0008648612,0.35285145,0.38121733,0.20636603,0.44099742,-0.0023853942,-0.21755119,-0.022299182,0.32884714,-0.4286447,-0.2624047,-0.61760134,-0.5051789,-0.23761176,-0.34925246,-0.41966856,-0.45137715,-0.52858335,-0.48932278,-0.56515515,-0.17608814,-0.48148233,-0.4261256,-0.37648413,-0.4863142,-0.63271606,-0.55056655,0.045162544,-0.40927136,0.4356031,0.7413155,0.509083,-0.20007576,0.8233596,0.89628094,0.63400525,0.9422993,0.006955197,0.3467036,0.46476063,-0.34990877,0.21443413,-0.19405709,-0.069935285,-0.25422674,0.37875643,-0.128717,0.28709987,0.19184874,0.20075372,0.5417001,0.32542494,0.17938666,0.54082084,0.43989694,0.56803197,0.5234986,-0.46497354,-0.30773637,-0.0065269624,-0.6847688,-0.256088,-0.046819855,0.20387703,-0.6956749,-0.45346025,-0.19907473,-0.17005017,-0.47080937,-0.6101869,-0.169809,-0.4871221,-0.3360584,-0.026278304,-0.39809206,-0.49248964,-0.52035165,0.12829988,-0.40328026
0.042234495,0.2405692,-0.048086148,0.0,-0.30664548,-0.31708962,0.13365218,0.3118929,-0.3653262,-0.3514151,-0.19619021,-0.35137895,0.009530971,0.081176974,0.14158666,0.49906948,0.25414184,0.43456557,0.21762459,0.22884071,0.15466252,0.2959566,0.44053438,-0.39603826,-0.5018362,-0.27983725,0.12549473,-0.21704654,-0.40782395,0.09689576,-0.13212617,-0.46751633,-0.18143174,0.25227776,0.16292852,-0.2657747,-0.27496597,-0.2511266,-0.14159194,-0.2349179,-0.13026364,-0.35454714,-0.22952522,-0.18985477,-0.021472508,-0.18645869,0.006516045,0.14313632,-0.15689448,-0.15577538,0.2422397,0.39287382,0.33050194,0.8868802,-0.2806298,-0.28351554,0.44625872,-0.075752094,-0.46750006,-0.39365914,-0.32168165,0.022171974,0.1747917,0.1716407,0.14373669,0.15410057,-0.021650929,0.12615412,0.29496258,0.4165017,0.17440173,0.12965608,0.31956682,-0.33876818,-0.32409677,-0.36183578,-0.21965434,0.02605297,-0.09339272,-0.44153202,-0.08639584,-0.043479826,-0.20227174,-0.013091472,-0.03717424,0.14265239,-0.26451683,-0.29881498,-0.07776788,-0.24860106,-0.22620206,-0.2793865,-0.22178409,-0.41433403,-0.38382247,-0.19813403,-0.23333007,0.013066534,-0.10011115,-0.15548863
0.18170379,0.5675802,0.8375579,-0.30664548,0.0,0.919933,0.14709826,0.39320546,0.8762541,0.21245514,0.24204129,0.59537756,-0.30046305,-0.18240446,-0.17523238,-0.03347681,-0.17085116,-0.08820203,-0.15438361,-0.16698098,-0.051074926,-0.10239256,0.039941307,0.6302782,0.43648523,0.690206,0.0745207,0.06995044,0.13275734,0.43176052,-0.44427395,-0.0013932388,-0.48261485,-0.6085572,-0.2742823,-0.22139691,-0.19950394,-0.25822735,-0.3731414,-0.24780688,-0.4709193,0.08677708,-0.24146035,-0.32059592,-0.25123632,-0.31246132,-0.5021485,-0.6705509,-0.010667779,-0.3806294,0.11123846,0.4490509,0.209737,-0.42119935,0.90132564,0.86724293,0.25820333,0.8091747,0.2872889,0.5271647,0.68544114,-0.31693485,0.13006061,-0.23576605,-0.14202729,-0.19625403,0.09064483,-0.17505066,0.091506355,-0.16387357,0.0076302784,0.48976967,0.07257045,0.41539016,0.73227036,0.6707638,0.629029,0.60115784,-0.48671985,-0.001232426,0.16468494,-0.5833791,0.0034230375,0.060058746,0.34346822,-0.6034825,-0.2366033,0.1284464,-0.29588926,-0.206932,-0.47182325,-0.059429403,-0.30378148,-0.057583705,0.3109269,-0.28938484,-0.2820181,-0.5918232,-0.02910105,-0.37605667
0.33384392,0.6067382,0.8814049,-0.31708962,0.919933,0.0,0.2816538,0.4867862,0.96079046,0.215425,0.23382911,0.504916,-0.23949443,-0.19564961,-0.20076528,0.00491256,-0.2030216,-0.003320988,-0.13954745,-0.0045358334,-0.027549516,-0.23434727,0.05392139,0.4713899,0.46529174,0.5349463,-0.059488915,-0.034968603,0.20184977,0.2832307,-0.30693147,0.012965635,-0.44126576,-0.65717953,-0.40651157,-0.16498537,-0.18237107,-0.17106256,-0.28837782,-0.2380889,-0.39726007,0.07436093,-0.284503,-0.21268493,-0.31848007,-0.27291098,-0.53176254,-0.56337553,0.16389506,-0.23526965,0.25809956,0.46980432,0.22438133,-0.45003095,0.8872316,0.9577634,0.3135237,0.8645113,0.32957578,0.57761943,0.6152523,-0.22692782,0.14593866,-0.19364046,-0.10891596,-0.22272845,0.32545573,-0.12966886,0.027515313,-0.13115406,0.0400163,0.3388425,0.07893035,0.36988127,0.619042,0.5801017,0.5943964,0.43363458,-0.44400817,-0.025593136,-0.04074799,-0.63881356,-0.14352788,-0.13899218,0.18501772,-0.71882683,-0.21780317,-0.00065658934,-0.15313403,-0.23858455,-0.36829013,0.09347354,-0.22211419,-0.056591358,0.2089875,-0.18623376,-0.24832752,-0.43224958,0.15947525,-0.23422639
0.35957432,0.3030423,0.4537218,0.13365218,0.14709826,0.2816538,0.0,0.7457252,0.29805207,-0.15150505,0.08202542,-0.1447514,0.07338882,0.20586242,0.25481105,0.71776444,0.56908727,0.704225,0.6629596,0.83015186,0.703304,0.06831922,0.722726,-0.05942498,-0.2716954,-0.25568324,-0.10877052,-0.72518754,0.17267737,0.13450195,-0.09711459,-0.59116644,-0.5533752,-0.17498243,-0.13793203,-0.5527095,-0.6700975,-0.474387,-0.3890102,-0.7037826,-0.4873959,-0.6524952,-0.7371731,-0.4157445,-0.5927917,-0.5876344,-0.58574295,-0.12938173,-0.014790112,-0.32059947,0.46593097,0.41391638,0.7878556,0.014786412,0.034839153,0.44919047,0.6458805,0.51238835,-0.34747684,-0.024520747,-0.052826285,0.12105369,0.5765458,0.39323315,0.57882553,0.23403072,0.5682198,0.48477387,0.6285067,0.65896565,0.82044995,0.21869919,0.7806165,-0.4558694,0.094325386,-0.17486739,0.4965812,0.15142696,-0.06436996,-0.66799605,-0.1582173,-0.56878525,-0.6828093,-0.2748445,-0.13599078,-0.60730124,-0.63848853,-0.7072597,-0.08961438,-0.7400971,-0.50186056,-0.31743807,-0.5497418,-0.7030876,-0.7218266,-0.40099293,-0.66234154,-0.1960431,0.12238529,-0.33143443
0.49143562,0.7241738,0.74849886,0.3118929,0.39320546,0.4867862,0.7457252,0.0,0.45308357,-0.30696365,-0.09815275,-0.084440745,-0.20669447,-0.07323063,-0.030219378,0.7637973,0.37075025,0.7540261,0.34803078,0.5906963,0.3771858,0.17992602,0.72645164,0.006670061,-0.2083758,-0.008276643,-0.054215368,-0.59062546,-0.1992565,0.22575754,-0.29963556,-0.6194505,-0.68056715,-0.25246185,-0.1298094,-0.56648916,-0.682938,-0.6189225,-0.59626675,-0.7350765,-0.6067282,-0.5265668,-0.7187847,-0.5126894,-0.5051049,-0.63408726,-0.646417,-0.30855933,-0.041945823,-0.44420317,0.60291964,0.82965267,0.7991613,0.17239244,0.36062154,0.588988,0.9408947,0.7459844,-0.3714102,0.013690184,0.07752577,-0.17057498,0.42791188,0.096722215,0.23109627,-0.041295037,0.4978078,0.14494854,0.5636338,0.6378554,0.5143138,0.4703079,0.65779746,-0.27856046,0.1902922,0.011356174,0.3998295,0.34127215,-0.2868543,-0.676362,-0.15311894,-0.6779015,-0.5641865,-0.16601303,-0.014212449,-0.61914283,-0.6924386,-0.6069957,-0.15228412,-0.75829583,-0.69055116,-0.36359096,-0.65729403,-0.6853361,-0.5133879,-0.4958102,-0.6907345,-0.38180342,0.109863885,-0.44824404
0.28675118,0.53080267,0.8400076,-0.3653262,0.8762541,0.96079046,0.29805207,0.45308357,0.0,0.24762255,0.26602346,0.48368877,-0.16176838,-0.1252483,-0.15953846,-0.030807933,-0.18836486,-0.030694237,-0.0939968,-0.010180455,0.011643614,-0.2955478,0.029124804,0.42986074,0.45115343,0.47444785,-0.09783035,-0.05783116,0.24249631,0.24210514,-0.2607562,0.010533389,-0.42415425,-0.68566453,-0.458953,-0.16401398,-0.16460858,-0.12091044,-0.21845569,-0.21495757,-0.36652943,0.04828552,-0.2823285,-0.1686138,-0.33981985,-0.24344262,-0.5285487,-0.55352914,0.15879507,-0.19595575,0.21358982,0.4067963,0.20066884,-0.49457964,0.8372777,0.95567465,0.27594316,0.8506152,0.33692056,0.56744295,0.5859095,-0.15850696,0.18917482,-0.12552603,-0.05188728,-0.18403712,0.32678613,-0.056303225,0.019872528,-0.15737663,0.06045098,0.26978397,0.07983202,0.34726596,0.58863586,0.536333,0.5915402,0.38702762,-0.41732115,-0.029953137,-0.07525383,-0.6473362,-0.16773748,-0.20364963,0.15984139,-0.7356287,-0.19361298,-0.019298024,-0.14901495,-0.2238598,-0.32410002,0.11616845,-0.17305693,-0.05577747,0.17014499,-0.14080225,-0.21718815,-0.39386028,0.14966697,-0.19171152
-0.24404487,-0.33844304,-0.076626554,-0.3514151,0.21245514,0.215425,-0.15150505,-0.30696365,0.24762255,0.0,0.77886146,0.7271474,0.35688293,0.41934773,0.35253742,-0.5503861,-0.24600439,-0.5513249,0.043668315,-0.40645063,0.11558066,-0.49618846,-0.39686626,0.27960944,0.6420513,0.2795706,-0.20211573,0.15694721,0.43064365,0.2013767,0.047524266,0.40846646,-0.009695238,-0.5526425,-0.50911707,0.01127548,0.15316251,0.35664168,0.32863516,0.24381517,-0.063552015,0.29523423,0.025600718,0.12602967,-0.28380185,0.052614182,-0.1622476,-0.33824286,0.0077474485,0.0033641662,-0.37323704,-0.43167338,-0.29593217,-0.4205953,0.11841602,0.15939228,-0.42084482,-0.010693639,0.7899554,0.69047934,0.58460945,0.31794256,0.21479245,0.2631074,0.19537203,0.31903043,-0.15544586,0.21353155,-0.29361856,-0.5587653,-0.073555194,-0.20611075,-0.21275061,0.3416089,0.3951771,0.47096857,0.30848238,0.053542413,-0.080817245,0.3742603,0.014409203,-0.22487557,0.07386018,-0.22371677,-0.026460536,-0.2754138,0.15653561,0.23747995,-0.3015425,0.18364292,0.22874,0.49117854,0.33802748,0.3272951,0.3576333,0.1400381,0.17595065,-0.113339745,-0.13123862,0.004968051
-0.1651845,-0.19748485,0.031585973,-0.19619021,0.24204129,0.23382911,0.08202542,-0.09815275,0.26602346,0.77886146,0.0,0.69396144,0.43946838,0.5188093,0.5582939,-0.33964694,-0.13078304,-0.38298148,0.23799773,-0.18143493,0.32628682,-0.49882582,-0.13758093,0.21636006,0.41486725,0.2506155,-0.09683933,0.082954876,0.5337618,0.35626176,-0.07674689,0.18567474,-0.14931421,-0.62921315,-0.57660186,-0.12431907,0.028857632,0.26637846,0.21880724,0.02931764,-0.15285364,0.09895326,-0.13953447,0.074746355,-0.32630157,-0.015969032,-0.2695071,-0.34363127,0.051783103,-0.05040414,-0.21363513,-0.23584326,-0.10065129,-0.28142762,0.11549773,0.22988214,-0.23619221,0.1018075,0.5591886,0.5879361,0.5241275,0.41124848,0.41897318,0.40916127,0.39333516,0.5083511,-0.016999627,0.3882883,-0.15063375,-0.41551808,0.15061918,-0.18283112,0.018940797,0.20625855,0.3683684,0.3458057,0.47755054,0.15966648,-0.28876522,0.19181584,-0.08430177,-0.42580858,-0.14535053,-0.36483672,0.01637092,-0.43321145,0.038039893,0.12214636,-0.33962527,0.029143741,0.066363685,0.29713583,0.18378162,0.11673615,0.1557723,0.12106969,0.054262068,-0.13665293,-0.08838554,-0.0514504
-0.17055295,0.04066218,0.29583472,-0.35137895,0.59537756,0.504916,-0.1447514,-0.084440745,0.48368877,0.7271474,0.69396144,0.0,-0.0044136355,0.16993344,0.1747723,-0.42690676,-0.26346308,-0.5047094,-0.07306908,-0.49110532,0.031230314,-0.32180128,-0.26656845,0.66256493,0.6622907,0.700877,0.015453208,0.23224169,0.30359426,0.49431214,-0.37761092,0.2731535,-0.3107571,-0.6694677,-0.38837177,-0.16393788,-0.016954575,0.0144259585,-0.08310858,0.00674384,-0.37919962,0.22917211,-0.110300854,-0.20685418,-0.26299962,-0.20038539,-0.38482833,-0.6834574,-0.14559121,-0.33894747,-0.28646404,-0.075837076,-0.07890373,-0.47018906,0.50461346,0.42957693,-0.2005037,0.3017931,0.6747249,0.7521023,0.87628573,-0.044054013,0.17289394,0.0069546043,0.031969782,0.15268408,-0.23779473,-0.015069617,-0.092412554,-0.48304984,-0.04830542,0.25358012,-0.100279585,0.50602144,0.7836563,0.80820423,0.5817592,0.5023339,-0.3798746,0.26449212,0.31064907,-0.3841444,0.20656523,0.077873565,0.30613792,-0.39383432,-0.029748688,0.34956878,-0.4728911,0.055605378,-0.17478147,0.17180148,-0.002658421,0.18591179,0.50416726,-0.16973232,-0.08719142,-0.5113744,-0.2504883,-0.31835872
-0.40051183,-0.5097016,-0.3617012,0.009530971,-0.30046305,-0.23949443,0.07338882,-0.20669447,-0.16176838,0.35688293,0.43946838,-0.0044136355,0.0,0.80382353,0.71377015,-0.18317176,0.21941137,-0.13394469,0.46530816,-0.023283746,0.43831387,-0.38737237,-0.10431282,-0.44926274,-0.19637465,-0.53058684,-0.40504062,-0.24839184,0.24960776,-0.11624626,0.35034856,-0.08526429,0.0804029,-0.23401685,-0.4679802,-0.12671642,0.026227582,0.31709975,0.43418783,0.035598096,0.14011939,-0.18351845,-0.019817801,0.32941633,-0.32926562,0.19163872,0.01185232,0.092040256,-0.04938238,0.22090045,-0.35576123,-0.43832445,-0.17458121,0.029008271,-0.4639244,-0.17219035,-0.26263094,-0.22099954,0.060466796,-0.051361773,-0.21233326,0.97952205,0.51311165,0.7582437,0.5956389,0.7064704,-0.088207595,0.71175015,-0.12079665,-0.16905071,0.20977366,-0.5721743,0.025198491,-0.36679146,-0.3300007,-0.4355569,-0.06804931,-0.4174276,0.123478726,-0.06939574,-0.4224974,-0.17395446,-0.42398378,-0.5791077,-0.5373551,-0.17364314,0.04591381,-0.27857232,-0.24272186,-0.047939397,0.3357849,0.18043007,0.28983653,-0.0457334,-0.32761732,0.32117552,0.19443719,0.24501897,-0.18627824,0.1853919
-0.5665629,-0.47391778,-0.26142094,0.081176974,-0.18240446,-0.19564961,0.20586242,-0.07323063,-0.1252483,0.41934773,0.5188093,0.16993344,0.80382353,0.0,0.8896972,-0.032892253,0.46535718,-0.047606524,0.7167581,-0.020322064,0.6998091,-0.2216377,0.121499464,-0.1957896,-0.25525236,-0.35229325,-0.21786335,-0.37591013,0.21527839,0.21762735,0.075610176,-0.32459053,-0.25497204,-0.29698187,-0.3967841,-0.4740056,-0.2832911,-0.011049716,0.17818187,-0.21654245,-0.21771042,-0.41616625,-0.3051014,-0.04976535,-0.53404176,-0.16085957,-0.22686245,-0.20139472,-0.40614498,-0.1715639,-0.500658,-0.36621338,0.12194941,0.026048476,-0.4451842,-0.09961496,-0.129562,-0.07701777,-0.0023871034,-0.03713984,-0.057492666,0.78042436,0.78534234,0.93607444,0.83061147,0.9114417,-0.26909748,0.88178205,0.22877099,0.00084896,0.47764155,-0.23753557,0.33801615,-0.40673277,-0.07542024,-0.2759715,0.19130711,-0.065620154,0.057795636,-0.2997009,-0.109816924,-0.3243166,-0.40187433,-0.37897202,-0.30670917,-0.25130215,-0.25356215,-0.32620326,-0.57121134,-0.2539639,-0.01627537,-0.112792395,0.0025030228,-0.32628813,-0.41426128,-0.04620631,-0.14214131,-0.11297503,-0.51680744,-0.20600411
-0.48451552,-0.3953659,-0.23948768,0.14158666,-0.17523238,-0.20076528,0.25481105,-0.030219378,-0.15953846,0.35253742,0.5582939,0.1747723,0.71377015,0.8896972,0.0,0.044365093,0.4679751,-0.0095810145,0.7211831,0.0578073,0.72049606,-0.1254895,0.2362599,-0.12740877,-0.30006596,-0.26912782,-0.075514,-0.30558792,0.27950564,0.34755766,-0.022379827,-0.33281738,-0.24486148,-0.23962143,-0.2912462,-0.4494143,-0.26740387,-0.033040717,0.12596466,-0.25270578,-0.22440316,-0.42750427,-0.30487025,-0.08454055,-0.44318694,-0.17365508,-0.19657704,-0.16370852,-0.3539989,-0.19065516,-0.3821132,-0.28305885,0.18265946,0.089417025,-0.41199684,-0.11333762,-0.08132624,-0.085394315,-0.063764535,-0.074195586,-0.046387587,0.680466,0.7404242,0.8477899,0.83184403,0.97205174,-0.21390358,0.821599,0.28206486,0.0598928,0.5302821,-0.16162993,0.4142928,-0.3608714,-0.041303482,-0.25401726,0.26788294,0.04715123,-0.029232256,-0.27730793,-0.042654347,-0.30508345,-0.35833642,-0.28894687,-0.18292548,-0.21538125,-0.22589302,-0.2597889,-0.506371,-0.2444671,-0.073664136,-0.17862901,-0.048979327,-0.34835598,-0.39825645,-0.07537582,-0.16858283,-0.11469749,-0.45013046,-0.21654819
0.34627935,0.43140116,0.34287262,0.49906948,-0.03347681,0.00491256,0.71776444,0.7637973,-0.030807933,-0.5503861,-0.33964694,-0.42690676,-0.18317176,-0.032892253,0.044365093,0.0,0.656852,0.9050303,0.5101347,0.7554071,0.4823478,0.5054241,0.85548866,-0.1526389,-0.55343723,-0.29604897,0.07780165,-0.645546,-0.30890396,0.12445487,-0.16761512,-0.7462198,-0.5031613,0.21688727,0.28423902,-0.5690445,-0.7179478,-0.702384,-0.5908071,-0.73388404,-0.47051826,-0.6712364,-0.6164919,-0.5482424,-0.3538128,-0.6064275,-0.3733292,0.017326424,-0.20245412,-0.43427896,0.48915452,0.60776395,0.8353397,0.42731783,-0.09560915,0.14026353,0.8182703,0.3518,-0.7078399,-0.3810797,-0.31497264,-0.1380016,0.35177603,0.17489256,0.33810744,0.059861485,0.3309978,0.2357342,0.73047006,0.8880287,0.6455779,0.4360124,0.7618978,-0.59836787,-0.100614384,-0.33079177,0.15893783,0.17711581,0.04234108,-0.7971923,-0.01183211,-0.31172234,-0.5294185,0.057042718,-0.0848327,-0.23640352,-0.69929373,-0.6927764,-0.08202727,-0.76680046,-0.63478935,-0.60474706,-0.7422451,-0.77860934,-0.7362298,-0.55377454,-0.7210163,-0.23379804,-0.0064100665,-0.44571295
-0.23613313,-0.12762743,-0.0015480996,0.25414184,-0.17085116,-0.2030216,0.56908727,0.37075025,-0.18836486,-0.24600439,-0.13078304,-0.26346308,0.21941137,0.46535718,0.4679751,0.656852,0.0,0.6197654,0.8189874,0.4691612,0.76160264,0.4850883,0.7016726,-0.07496684,-0.61835426,-0.39693597,0.021817174,-0.6974576,-0.1894565,0.24421668,-0.05483639,-0.7586287,-0.48547968,0.19895808,0.25944933,-0.74080974,-0.7512122,-0.6772486,-0.44511557,-0.66321063,-0.48689896,-0.74188745,-0.5454736,-0.5554432,-0.52615905,-0.5781014,-0.30459607,-0.08796843,-0.61441463,-0.53797066,-0.13654128,0.073551305,0.66768295,0.21063496,-0.40974462,-0.043452665,0.39492577,0.119300984,-0.6050261,-0.4144875,-0.33720112,0.22621347,0.62305456,0.5971646,0.70719486,0.52968466,-0.13085379,0.6436903,0.80258965,0.7376133,0.78474337,0.30123803,0.7676528,-0.7660479,-0.09275674,-0.41131768,0.17216758,0.13151643,0.25533494,-0.7823611,0.16529968,-0.22630312,-0.5051399,0.10590366,-0.19590643,-0.13479319,-0.7269611,-0.67077285,-0.45685554,-0.72335535,-0.52928346,-0.7114916,-0.67531455,-0.7715733,-0.7614978,-0.573779,-0.6698211,-0.3251582,-0.49742773,-0.5769466
0.39948732,0.39043814,0.3162555,0.43456557,-0.08820203,-0.003320988,0.704225,0.7540261,-0.030694237,-0.5513249,-0.38298148,-0.5047094,-0.13394469,-0.047606524,-0.0095810145,0.9050303,0.6197654,0.0,0.4551324,0.7596201,0.41006896,0.48123437,0.8181706,-0.2755904,-0.52487767,-0.40079322,-0.013614012,-0.6563555,-0.3691669,0.00496789,-0.008869434,-0.67528135,-0.39813003,0.24267042,0.2463945,-0.49921227,-0.6632428,-0.6250205,-0.5228429,-0.6532664,-0.35939732,-0.5793131,-0.53672415,-0.42646772,-0.34282857,-0.49687198,-0.29924855,0.11507955,-0.11977045,-0.31479865,0.52315265,0.5709351,0.7370559,0.39527977,-0.12266518,0.13182676,0.8156608,0.3266205,-0.65549856,-0.3602772,-0.4046391,-0.08004043,0.30829737,0.16855337,0.2927689,0.008707097,0.39352968,0.21761306,0.62680227,0.9078211,0.5618758,0.30433515,0.67711455,-0.6337281,-0.2317664,-0.4065361,0.02058367,0.022471553,0.11879503,-0.7576349,-0.16480532,-0.27679804,-0.58613014,-0.04544015,-0.21224262,-0.22545426,-0.6576282,-0.7464432,-0.00062981644,-0.7449184,-0.5200312,-0.49429917,-0.6536108,-0.69801325,-0.7408737,-0.4378955,-0.6093411,-0.106341645,0.07770188,-0.32952005
-0.26173228,-0.20000263,-0.0135967145,0.21762459,-0.15438361,-0.13954745,0.6629596,0.34803078,-0.0939968,0.043668315,0.23799773,-0.07306908,0.46530816,0.7167581,0.7211831,0.5101347,0.8189874,0.4551324,0.0,0.4749888,0.969946,0.11696282,0.6060759,-0.11801862,-0.48924756,-0.4134035,-0.09495175,-0.72524184,0.11753789,0.2646226,-0.061864223,-0.68530273,-0.5216585,-0.1032847,-0.1004292,-0.7313187,-0.68004835,-0.45299,-0.23453541,-0.6356621,-0.48710772,-0.7702226,-0.65039474,-0.42464042,-0.6512661,-0.5452746,-0.440586,-0.1737042,-0.46859413,-0.4318026,-0.14437772,-0.02492102,0.6315171,0.12061424,-0.41526508,0.037472483,0.3055345,0.14188513,-0.38018286,-0.2216216,-0.17178892,0.47452563,0.8303665,0.8280747,0.95083755,0.75145495,0.014369165,0.8772589,0.69586426,0.54331183,0.8966662,0.10486902,0.7860719,-0.6544727,-0.021260826,-0.3508642,0.36387876,0.102443084,0.078524195,-0.69000614,0.02141556,-0.40557,-0.5783378,-0.18324539,-0.2229004,-0.34627658,-0.6331993,-0.6589489,-0.48255986,-0.6533057,-0.4093038,-0.48047438,-0.463675,-0.7403512,-0.768119,-0.42360002,-0.5896575,-0.26069117,-0.41819593,-0.4651968
0.507608,0.22198845,0.20119503,0.22884071,-0.16698098,-0.0045358334,0.83015186,0.5906963,-0.010180455,-0.40645063,-0.18143493,-0.49110532,-0.023283746,-0.020322064,0.0578073,0.7554071,0.4691612,0.7596201,0.4749888,0.0,0.4762966,0.21501434,0.6871076,-0.26889816,-0.38818032,-0.43346632,-0.0011995636,-0.5491637,0.09877619,-0.09804416,0.117792115,-0.45616215,-0.18778297,0.2168433,0.15033567,-0.24233048,-0.42043433,-0.31053364,-0.24151693,-0.47089195,-0.13112451,-0.50065583,-0.4374679,-0.18940538,-0.21498592,-0.30687666,-0.20177026,0.29464805,0.1989762,-0.0307947,0.61773175,0.35779464,0.60422915,0.20502599,-0.16669333,0.13829991,0.5692977,0.21076527,-0.4851404,-0.25409526,-0.36597565,0.022502476,0.2486749,0.19498046,0.3659714,0.038208067,0.66843337,0.28354686,0.47322476,0.718935,0.62247354,0.03585751,0.6130313,-0.4914989,-0.23977928,-0.41965544,0.15693331,-0.09928781,0.092506714,-0.5273759,-0.2479357,-0.19228198,-0.56498957,-0.20732707,-0.1636985,-0.24452408,-0.38593635,-0.6081859,0.2689525,-0.5274001,-0.2734681,-0.25417155,-0.39303103,-0.5348079,-0.71636385,-0.19005986,-0.42250517,0.1762609,0.36909187,-0.035321362
-0.21654241,-0.14967392,0.070407785,0.15466252,-0.051074926,-0.027549516,0.703304,0.3771858,0.011643614,0.11558066,0.32628682,0.031230314,0.43831387,0.6998091,0.72049606,0.4823478,0.76160264,0.41006896,0.969946,0.4762966,0.0,0.0523197,0.59699935,-0.0284638,-0.4016832,-0.30617678,-0.070547424,-0.6756352,0.20773654,0.32421207,-0.12507053,-0.64764804,-0.55446494,-0.19329867,-0.15958393,-0.72131544,-0.6657767,-0.42673624,-0.24079844,-0.63812685,-0.5158958,-0.7357899,-0.6716167,-0.43274444,-0.66569436,-0.55659115,-0.4926385,-0.24202856,-0.40752652,-0.44270566,-0.100745946,0.008038446,0.6408486,0.045461826,-0.30161443,0.14130133,0.3060478,0.2171128,-0.29622617,-0.11032324,-0.060099572,0.43936944,0.840721,0.801306,0.9493807,0.74331754,0.06746317,0.86887914,0.68416554,0.48753875,0.9135649,0.12772205,0.7913302,-0.56067467,0.07749135,-0.24926983,0.47880003,0.17273507,-0.001542487,-0.64666176,0.032983515,-0.47576457,-0.5726019,-0.2087331,-0.14980273,-0.43322614,-0.6181422,-0.6040851,-0.48191816,-0.6392336,-0.42988756,-0.43932304,-0.46160126,-0.71449864,-0.712679,-0.41929695,-0.5983214,-0.29365247,-0.3705305,-0.46811196
-0.0014220283,0.10274024,0.0008648612,0.2959566,-0.10239256,-0.23434727,0.06831922,0.17992602,-0.2955478,-0.49618846,-0.49882582,-0.32180128,-0.38737237,-0.2216377,-0.1254895,0.5054241,0.4850883,0.48123437,0.11696282,0.21501434,0.0523197,0.0,0.50403243,0.11842875,-0.4055347,-0.0020905866,0.4159684,-0.07334191,-0.4588113,0.2448714,-0.11440415,-0.35728723,-0.110690214,0.61787176,0.79645884,-0.27894685,-0.35986242,-0.58909327,-0.49981695,-0.28888366,-0.18600017,-0.19497566,-0.043710522,-0.4530675,0.12827332,-0.28287184,0.13301653,0.13735415,-0.4274201,-0.41064808,0.030030651,0.23094249,0.33543974,0.3377497,-0.1482363,-0.21176124,0.3161283,-0.03404301,-0.5362271,-0.43141586,-0.32335737,-0.37240496,-0.08352337,-0.14345913,-0.045489497,-0.07623734,-0.257674,-0.12559275,0.48351058,0.59349924,0.19148363,0.5137139,0.34168205,-0.3487437,-0.09050653,-0.15959065,-0.15516841,0.23488899,0.25338262,-0.36657697,0.39249027,0.23597835,0.02111956,0.5965519,0.16873588,0.34867144,-0.3755524,-0.1280992,-0.11316069,-0.30642933,-0.42595062,-0.6491761,-0.5705777,-0.31969774,-0.19157852,-0.48779795,-0.373708,-0.22538908,-0.27328482,-0.4224397
0.21150021,0.3683933,0.35285145,0.44053438,0.039941307,0.05392139,0.722726,0.72645164,0.029124804,-0.39686626,-0.13758093,-0.26656845,-0.10431282,0.121499464,0.2362599,0.85548866,0.7016726,0.8181706,0.6060759,0.6871076,0.59699935,0.50403243,0.0,-0.027684214,-0.522438,-0.16596098,0.23952144,-0.5548557,-0.16683248,0.38363746,-0.27560824,-0.75798726,-0.56967133,0.13036397,0.23737618,-0.642216,-0.7262654,-0.69756174,-0.5632652,-0.7243778,-0.5260096,-0.68830705,-0.64733434,-0.59749407,-0.3774857,-0.6306986,-0.39090323,-0.09105548,-0.3038917,-0.51569414,0.37007415,0.54055196,0.83230084,0.34904462,-0.07390727,0.17949778,0.74586654,0.3943893,-0.6142265,-0.32166788,-0.21787389,-0.08590644,0.50207734,0.30364555,0.4722897,0.24182633,0.24529813,0.35078666,0.7854609,0.84029114,0.72753584,0.4771374,0.87884104,-0.49686655,0.003193202,-0.24809262,0.29559013,0.34728017,-0.06618449,-0.7647378,0.088964745,-0.3658642,-0.50534993,0.06477175,0.08461021,-0.25909734,-0.7071211,-0.5668498,-0.2120067,-0.7107016,-0.6848631,-0.6390569,-0.7169097,-0.8091365,-0.6781427,-0.5937084,-0.72050226,-0.30626038,-0.1398294,-0.5249468
-0.07278159,0.17123815,0.38121733,-0.39603826,0.6302782,0.4713899,-0.05942498,0.006670061,0.42986074,0.27960944,0.21636006,0.66256493,-0.44926274,-0.1957896,-0.12740877,-0.1526389,-0.07496684,-0.2755904,-0.11801862,-0.26889816,-0.0284638,0.11842875,-0.027684214,0.0,0.44814226,0.83223426,0.34377533,0.24693187,0.20512234,0.5574096,-0.53618485,0.13915254,-0.3399324,-0.24994738,0.1458656,-0.16777048,-0.13251272,-0.30666572,-0.3963366,-0.124872275,-0.4367249,0.11206776,-0.1269137,-0.48619416,-0.053567514,-0.35686687,-0.2964009,-0.5829099,-0.2725337,-0.51289093,-0.19098318,0.063275024,0.14756793,-0.48706836,0.561203,0.426428,-0.071135044,0.34958294,0.3287961,0.44776005,0.71950275,-0.47841498,-0.045803204,-0.29658532,-0.12520888,-0.110190526,-0.2364924,-0.22293356,0.22782764,-0.14467837,0.06754855,0.6320291,0.08892528,0.48220593,0.8659051,0.80010724,0.6349436,0.73642,-0.28210863,0.15277436,0.70870936,-0.13201919,0.40191406,0.56458443,0.6150074,-0.1444437,-0.14006813,0.4018429,-0.31282392,0.0077254814,-0.41390523,-0.21187794,-0.30701792,0.027324703,0.46068716,-0.45983708,-0.30169216,-0.6309226,-0.2629927,-0.48875004
0.21658856,0.04896641,0.20636603,-0.5018362,0.43648523,0.46529174,-0.2716954,-0.2083758,0.45115343,0.6420513,0.41486725,0.6622907,-0.19637465,-0.25525236,-0.30006596,-0.55343723,-0.61835426,-0.52487767,-0.48924756,-0.38818032,-0.4016832,-0.4055347,-0.522438,0.44814226,0.0,0.5713741,-0.09394805,0.41381514,0.28258765,0.007987061,0.00961152,0.6929797,0.15210761,-0.41273487,-0.2897868,0.33625063,0.34230632,0.36762947,0.17835009,0.39592782,0.070228405,0.6443227,0.2324856,0.1707784,0.06372213,0.16639756,-0.059306003,-0.24479145,0.34556437,0.1324134,0.02722068,-0.13829848,-0.38024366,-0.531925,0.5343974,0.35440135,-0.30618858,0.13766785,0.90161544,0.85826945,0.69906074,-0.20514242,-0.3183515,-0.38561332,-0.39660642,-0.34586823,0.099544585,-0.40570888,-0.4873214,-0.5759248,-0.42177618,-0.03315708,-0.48144117,0.6543007,0.50664395,0.75436044,0.22625218,0.09849128,-0.1373552,0.6128001,0.043996554,-0.04945436,0.3448088,0.006302956,0.16640882,-0.17879045,0.3197291,0.44860685,0.11119355,0.3414797,0.24863507,0.6214165,0.33967468,0.59321684,0.6829729,0.18963125,0.27607274,-0.052963603,0.2745199,0.15860304
0.046525232,0.3572738,0.44099742,-0.27983725,0.690206,0.5349463,-0.25568324,-0.008276643,0.47444785,0.2795706,0.2506155,0.700877,-0.53058684,-0.35229325,-0.26912782,-0.29604897,-0.39693597,-0.40079322,-0.4134035,-0.43346632,-0.30617678,-0.0020905866,-0.16596098,0.83223426,0.5713741,0.0,0.37871635,0.486416,0.15005524,0.55853873,-0.58251065,0.30177942,-0.21444157,-0.35191196,0.015250464,0.03551372,0.092678115,-0.11590274,-0.27470836,0.051221877,-0.30136347,0.32975593,0.022935973,-0.28597453,0.12764929,-0.1626575,-0.19876303,-0.5629795,-0.07033842,-0.34496766,-0.045584705,0.21434821,-0.030820593,-0.361693,0.72376114,0.4236656,-0.061664205,0.3563361,0.4446024,0.51263404,0.77142113,-0.57054025,-0.21466666,-0.4850343,-0.38365465,-0.27929577,-0.17476939,-0.46731043,-0.043111473,-0.34320787,-0.22893265,0.5475751,-0.12698324,0.7263942,0.8071761,0.881286,0.4989702,0.73225254,-0.45103213,0.34713802,0.55338216,-0.13647337,0.52922535,0.45487654,0.6949323,-0.10940243,0.069324225,0.6101514,-0.18957053,0.21264154,-0.29384932,-0.008045427,-0.10037292,0.22506319,0.68901044,-0.24912424,-0.078223035,-0.5232937,-0.09097461,-0.30848202
-0.10168084,0.10877671,-0.0023853942,0.12549473,0.0745207,-0.059488915,-0.10877052,-0.054215368,-0.09783035,-0.20211573,-0.09683933,0.015453208,-0.40504062,-0.21786335,-0.075514,0.07780165,0.021817174,-0.013614012,-0.09495175,-0.0011995636,-0.070547424,0.4159684,0.23952144,0.34377533,-0.09394805,0.37871635,0.0,0.4395133,0.11173009,0.4859452,-0.35520577,-0.044791315,0.043439537,0.32294402,0.45653027,0.05947437,0.06634482,-0.1269808,-0.071589746,0.068190195,0.042167712,0.042046957,0.14829907,-0.16195348,0.45945626,0.011513762,0.29801893,0.08566982,-0.13668478,-0.15035298,-0.018115902,0.1187221,0.080457576,0.13520949,0.07013945,-0.105084985,-0.006038155,-0.03753586,-0.17006809,-0.15259725,-0.0023650844,-0.45873433,-0.15562174,-0.2047234,-0.114736505,-0.06356471,-0.18327135,-0.17276445,0.18890193,0.115050785,0.020461652,0.31196383,0.16389942,0.22536245,0.14236963,0.1389752,0.10683841,0.46237716,-0.17427906,0.046706878,0.47478843,0.24259739,0.40101123,0.41545936,0.7467392,0.35512307,0.06602049,0.45144987,0.04801475,0.2190235,-0.23778778,-0.3049197,-0.110168725,-0.046355233,0.1786768,-0.17789526,-0.026573187,-0.07268952,-0.09749389,-0.13530938
-0.06463554,-0.0882411,-0.21755119,-0.21704654,0.06995044,-0.034968603,-0.72518754,-0.59062546,-0.05783116,0.15694721,0.082954876,0.23224169,-0.24839184,-0.37591013,-0.30558792,-0.645546,-0.6974576,-0.6563555,-0.72524184,-0.5491637,-0.6756352,-0.07334191,-0.5548557,0.24693187,0.41381514,0.486416,0.4395133,0.0,0.20904747,0.06576449,0.02039833,0.6866614,0.6024215,0.12512867,0.15897836,0.6790722,0.75274456,0.5536593,0.39469105,0.69717497,0.55164945,0.76298624,0.7534276,0.4764465,0.76818174,0.6453463,0.6164077,0.21302599,0.32012787,0.4093405,-0.140743,-0.23441945,-0.69773173,-0.10902642,0.21367724,-0.20030043,-0.56521106,-0.32198557,0.40190053,0.1882189,0.17877448,-0.2977651,-0.63508433,-0.5378619,-0.61420816,-0.34062535,-0.24856906,-0.57419086,-0.6442125,-0.6474984,-0.71742105,-0.17255804,-0.67665094,0.6561357,0.06200013,0.32338673,-0.21654683,0.047563054,-0.13226825,0.7853191,0.14746775,0.4644924,0.6697258,0.2238702,0.43911433,0.46059966,0.7298088,0.9049215,0.30731124,0.78851795,0.42710993,0.3889042,0.54527074,0.7429305,0.8041363,0.47585395,0.68090236,0.2614751,0.19019878,0.4202849
-0.002129077,-0.22283837,-0.022299182,-0.40782395,0.13275734,0.20184977,0.17267737,-0.1992565,0.24249631,0.43064365,0.5337618,0.30359426,0.24960776,0.21527839,0.27950564,-0.30890396,-0.1894565,-0.3691669,0.11753789,0.09877619,0.20773654,-0.4588113,-0.16683248,0.20512234,0.28258765,0.15005524,0.11173009,0.20904747,0.0,0.106140025,0.041323844,0.2794564,0.17089242,-0.2890403,-0.30365768,0.24346516,0.29809305,0.4389034,0.41028208,0.20330551,0.19733997,0.10575175,0.08086923,0.28641182,0.057112105,0.21941309,0.03558389,0.036341883,0.35676894,0.28837168,-0.014910286,-0.2932453,-0.12610953,-0.41541827,0.0902908,0.2190403,-0.3733566,0.013455612,0.36389026,0.31780848,0.25044602,0.23268184,0.114632286,0.18338628,0.25283632,0.2288528,0.27809194,0.24313581,-0.17446728,-0.34273285,0.16176791,-0.32201958,-0.014739839,0.28441042,0.21617986,0.14950985,0.43536234,0.041689903,-0.16688459,0.3316103,-0.035808336,-0.09163912,0.01429701,-0.28151047,0.1956834,-0.21522078,0.32954556,0.26507205,0.17874478,0.2661309,0.24959743,0.31976965,0.33965,0.19657466,0.106348336,0.30767092,0.2210098,0.20824526,0.25081816,0.29278326
-0.21227372,0.22191314,0.32884714,0.09689576,0.43176052,0.2832307,0.13450195,0.22575754,0.24210514,0.2013767,0.35626176,0.49431214,-0.11624626,0.21762735,0.34755766,0.12445487,0.24421668,0.00496789,0.2646226,-0.09804416,0.32421207,0.2448714,0.38363746,0.5574096,0.007987061,0.55853873,0.4859452,0.06576449,0.106140025,0.0,-0.60756344,-0.2687028,-0.4857783,-0.26444,0.043153703,-0.47716326,-0.34970155,-0.4060523,-0.39751098,-0.34549692,-0.558184,-0.21336791,-0.33823007,-0.52083075,-0.19321388,-0.4428264,-0.33944806,-0.53694886,-0.44601232,-0.61902356,-0.1682893,0.24083365,0.36287907,-0.020885054,0.29125473,0.27299193,0.193964,0.36013258,-0.015282111,0.13364686,0.39961585,-0.167481,0.41179806,0.16321073,0.26497427,0.35182476,-0.27995113,0.17177558,0.43497407,0.100902915,0.32375088,0.58209985,0.45126316,0.1673257,0.5504573,0.3926354,0.58712107,0.8069338,-0.3879365,-0.18181744,0.4863482,-0.36160558,0.07759653,0.29562485,0.54221284,-0.20943864,-0.34138656,0.18200022,-0.5523644,-0.20878148,-0.57545936,-0.44219777,-0.3992037,-0.31884792,0.08211731,-0.49171796,-0.41677323,-0.61671656,-0.4593336,-0.6156523
0.09766662,-0.43053326,-0.4286447,-0.13212617,-0.44427395,-0.30693147,-0.09711459,-0.29963556,-0.2607562,0.047524266,-0.07674689,-0.37761092,0.35034856,0.075610176,-0.022379827,-0.16761512,-0.05483639,-0.008869434,-0.061864223,0.117792115,-0.12507053,-0.11440415,-0.27560824,-0.53618485,0.00961152,-0.58251065,-0.35520577,0.02039833,0.041323844,-0.60756344,0.0,0.30349025,0.6244142,0.2530938,-0.032743447,0.3730322,0.3325556,0.4775966,0.48808548,0.36646667,0.58714324,0.31707105,0.42932194,0.628196,0.12365368,0.5422634,0.4280234,0.6120665,0.389829,0.6041322,0.0057919803,-0.40656954,-0.41493538,0.01394682,-0.41307834,-0.306648,-0.2900458,-0.40589082,0.06566614,-0.07292568,-0.48761404,0.3912317,-0.18362752,0.10607747,-0.042958282,-0.048434243,0.12979774,0.063061126,-0.4568026,-0.10943775,-0.22145899,-0.6856566,-0.38583976,-0.33918396,-0.6137141,-0.47364008,-0.54455805,-0.7992971,0.64686906,0.21585424,-0.57511705,0.26213187,-0.23733564,-0.38594198,-0.6305495,0.14966574,0.32548413,-0.1460552,0.3567812,0.13120307,0.59474397,0.4089759,0.39289528,0.39634895,-0.12064118,0.59616625,0.47931126,0.6038812,0.32635817,0.5678742
0.111949384,-0.2356015,-0.2624047,-0.46751633,-0.0013932388,0.012965635,-0.59116644,-0.6194505,0.010533389,0.40846646,0.18567474,0.2731535,-0.08526429,-0.32459053,-0.33281738,-0.7462198,-0.7586287,-0.67528135,-0.68530273,-0.45616215,-0.64764804,-0.35728723,-0.75798726,0.13915254,0.6929797,0.30177942,-0.044791315,0.6866614,0.2794564,-0.2687028,0.30349025,0.0,0.68500495,-0.01845725,-0.0806523,0.76034075,0.78146046,0.7239978,0.49818376,0.7552384,0.5833745,0.8385085,0.68681794,0.60621405,0.5181551,0.65531415,0.45773157,0.23561926,0.53276515,0.56054,-0.051484223,-0.4119201,-0.75819415,-0.34681252,0.17403908,-0.123454176,-0.64408755,-0.3712075,0.69644713,0.43422237,0.2633223,-0.09058558,-0.6474204,-0.48616257,-0.57666695,-0.38425824,-0.0030885162,-0.5293714,-0.798423,-0.71093345,-0.70436704,-0.40190074,-0.8045089,0.62367487,0.04320156,0.35709313,-0.22322483,-0.26818168,0.1053259,0.9459337,-0.06502455,0.4290845,0.53263336,0.02353593,0.05350925,0.29449603,0.7673929,0.67557466,0.43486357,0.7421604,0.71005946,0.73837346,0.69326884,0.9319804,0.77300626,0.61949146,0.7420734,0.40333667,0.39898288,0.5880642
0.04158189,-0.431104,-0.61760134,-0.18143174,-0.48261485,-0.44126576,-0.5533752,-0.68056715,-0.42415425,-0.009695238,-0.14931421,-0.3107571,0.0804029,-0.25497204,-0.24486148,-0.5031613,-0.48547968,-0.39813003,-0.5216585,-0.18778297,-0.55446494,-0.110690214,-0.56967133,-0.3399324,0.15210761,-0.21444157,0.043439537,0.6024215,0.17089242,-0.4857783,0.6244142,0.68500495,0.0,0.45441854,0.20197521,0.82737184,0.8134205,0.76557016,0.6744994,0.800074,0.90500516,0.65529925,0.84190875,0.80388236,0.7182702,0.87118065,0.8260495,0.74492365,0.52583975,0.8035833,-0.035187498,-0.5014998,-0.77084917,0.03216327,-0.3123319,-0.5348584,-0.62811357,-0.6863245,0.21349184,-0.11004897,-0.3836759,0.08146034,-0.65153337,-0.30944958,-0.45329002,-0.27746603,-0.012484564,-0.35465693,-0.72888803,-0.4366923,-0.61369556,-0.660652,-0.7081216,0.18249716,-0.53950983,-0.25901133,-0.6362782,-0.6215131,0.4063544,0.6999354,-0.26326632,0.70481884,0.34878165,-0.060259905,-0.13874267,0.5963406,0.8084006,0.47308052,0.6326164,0.71996766,0.8321106,0.5625978,0.72467613,0.77454525,0.3896679,0.78826946,0.8513559,0.7657105,0.42981488,0.8029321
-0.0017859637,-0.24378227,-0.5051789,0.25227776,-0.6085572,-0.65717953,-0.17498243,-0.25246185,-0.68566453,-0.5526425,-0.62921315,-0.6694677,-0.23401685,-0.29698187,-0.23962143,0.21688727,0.19895808,0.24267042,-0.1032847,0.2168433,-0.19329867,0.61787176,0.13036397,-0.24994738,-0.41273487,-0.35191196,0.32294402,0.12512867,-0.2890403,-0.26444,0.2530938,-0.01845725,0.45441854,0.0,0.823067,0.26263246,0.1505163,-0.03202115,0.039415304,0.20909894,0.41869962,0.025473215,0.3742448,0.08174814,0.53038687,0.23596628,0.63390446,0.6847937,-0.033208713,0.1964931,0.050238203,-0.1505424,-0.09947857,0.40967825,-0.52048415,-0.65481573,-0.09206963,-0.55967766,-0.46147412,-0.5987575,-0.66401184,-0.20650099,-0.44803578,-0.22492704,-0.20384978,-0.20452781,-0.110802926,-0.22265053,0.05883702,0.35617387,-0.08556581,-0.049143307,-0.03983178,-0.2882339,-0.53590345,-0.47793242,-0.5885716,-0.297328,0.4734638,-0.008226419,0.15620203,0.7475436,0.2061458,0.4228239,0.012726595,0.7623388,0.16018632,0.031866018,0.40626195,0.17523037,0.18276837,-0.22800972,-0.011607515,0.043894276,-0.13836433,0.0362017,0.14451024,0.40745974,0.075714126,0.1987908
-0.0027999112,-0.058214594,-0.23761176,0.16292852,-0.2742823,-0.40651157,-0.13793203,-0.1298094,-0.458953,-0.50911707,-0.57660186,-0.38837177,-0.4679802,-0.3967841,-0.2912462,0.28423902,0.25944933,0.2463945,-0.1004292,0.15033567,-0.15958393,0.79645884,0.23737618,0.1458656,-0.2897868,0.015250464,0.45653027,0.15897836,-0.30365768,0.043153703,-0.032743447,-0.0806523,0.20197521,0.823067,0.0,0.07581568,-0.032224514,-0.3133811,-0.27351853,0.019728936,0.11487707,0.007034161,0.22241677,-0.22306854,0.4277676,-0.027239786,0.4242686,0.35114613,-0.21992366,-0.13871454,0.00315228,-0.0010076325,0.09660776,0.2773505,-0.23841327,-0.40409788,0.019416988,-0.3194633,-0.4284478,-0.44030493,-0.3678006,-0.45753488,-0.40242112,-0.3455136,-0.23767395,-0.24338564,-0.2359348,-0.3039348,0.26188353,0.41158548,0.004867839,0.32757527,0.08130815,-0.16496861,-0.15533815,-0.14778869,-0.2832032,0.0849765,0.33554173,-0.070746966,0.48051578,0.58426344,0.2899647,0.69436586,0.2519166,0.6257913,-0.035754964,0.123759516,0.19120362,0.04086476,-0.14774609,-0.45302784,-0.2959392,-0.052685488,-0.0033905776,-0.27001786,-0.10381378,0.020450419,-0.08902051,-0.13342588
