0,1,2,3,4,5,6,7,8,9,10,11,12,13,14,15,16,17,18,19,20,21,22,23,24,25,26,27,28,29,30,31,32,33,34,35,36,37,38,39,40,41,42,43,44,45,46,47,48,49,50,51,52,53,54,55,56,57,58,59,60,61,62,63,64,65,66,67,68,69,70,71,72,73,74,75,76,77,78,79,80,81,82,83,84,85,86,87,88,89,90,91,92,93,94,95,96,97,98,99
0.0,0.43460432,0.5956627,0.34957987,0.39044175,0.46754944,0.5353546,0.4667805,0.5119765,0.54530007,0.14649083,0.43206728,0.031905506,0.027677614,-0.022514474,0.57215166,0.045805704,0.30535832,0.14261793,0.09476792,0.27708063,-0.11865468,0.0048121847,0.34401423,0.61075026,0.14525151,-0.5585881,-0.3880971,0.17717725,-0.49469027,-0.32992896,-0.47675756,0.0023232473,0.12785843,-0.10688007,0.09679738,-0.036303174,0.006088952,0.17666444,0.32777667,-0.22146353,-0.30584243,-0.29374832,-0.3913819,-0.11987795,-0.44273815,-0.5494002,-0.36042422,-0.009295833,-0.18568361,-0.032963242,0.4088373,0.24812049,0.23722342,0.32430288,0.48621044,0.3948904,0.49032927,-0.099814475,0.115194425,0.28982607,0.013673386,0.13257809,0.060432363,0.06372691,-0.19252308,0.37021908,0.12656525,0.271362,0.39832345,0.22560452,0.093150444,0.15652809,0.089870356,0.2644731,0.33626115,0.25752822,-0.17014652,-0.49373755,-0.47871625,0.18254267,-0.20673779,-0.3005328,0.14740463,0.083108865,0.14198871,0.18570022,-0.30938688,0.31782624,0.25722107,-0.59425825,-0.3746545,-0.42113855,0.037543695,-0.5795084,-0.40722775,-0.4099493,-0.31137222,0.46068984,-0.15351729
0.43460432,0.0,0.7703386,0.92882276,0.9571265,0.70046264,0.86999583,0.89367276,0.72956353,0.0041854763,-0.22300671,-0.05983417,0.17405643,0.4189863,0.19664699,0.9120383,0.22622995,0.72833794,0.4520885,0.5505634,0.6144914,0.29802296,0.52760327,0.5531835,0.46277267,0.52681094,-0.17519966,0.07229625,0.39593256,0.02232077,-0.8214066,-0.3487922,-0.38388252,0.5483904,0.4623519,0.014718546,-0.34818578,-0.4472445,-0.12094961,0.22650066,-0.49128574,-0.7767306,-0.6724647,-0.6859347,-0.3135757,-0.22223973,-0.42464522,-0.2355874,-0.15482916,-0.508208,0.5167213,0.8856707,0.84942067,0.8244481,0.8659148,0.7356853,0.8777056,0.8040586,0.095860794,-0.59989166,0.23156992,0.38920683,0.47137603,0.25537512,0.2742052,-0.05016881,0.8313999,0.72049576,0.70616627,0.7503791,0.5038631,0.49821094,0.6100348,0.39851794,0.21694584,0.18914779,0.45664653,0.3190423,-0.61079097,-0.3388668,0.49278343,-0.5979996,-0.75658816,0.27483335,-0.1737591,0.3021113,-0.109269165,-0.054286886,0.2998169,0.61083114,-0.10123394,-0.26921338,-0.16616438,-0.3172768,-0.29374695,-0.678868,-0.5432882,0.062111795,0.45956242,-0.49314204
0.5956627,0.7703386,0.0,0.63163894,0.77772015,0.9122139,0.9006062,0.86363125,0.9559755,0.044743903,-0.25061256,-0.0016471681,-0.07442992,0.10978779,-0.084719025,0.86609006,-0.023268195,0.7347183,0.2547186,0.5894763,0.554826,0.11469212,0.3681229,0.65240216,0.5124477,0.52666205,-0.30654514,-0.21668135,0.44754598,-0.288327,-0.6982633,-0.5151018,-0.31205076,0.44291708,0.37943244,0.33168432,-0.27859926,-0.4351591,-0.177932,0.15147023,-0.46879947,-0.68658185,-0.6003489,-0.6727407,-0.24047148,-0.46634158,-0.6147689,-0.4262776,-0.032423172,-0.48889676,0.39641824,0.79196614,0.64577425,0.5403781,0.8492502,0.9428468,0.8082829,0.92545855,-0.038152814,-0.4739715,0.15731664,0.016974002,0.3000331,0.021198662,0.07705831,-0.33329087,0.8421867,0.4449695,0.6020117,0.7476704,0.49231294,0.46009332,0.5172866,0.24659504,0.49209574,0.25325546,0.60475945,0.14748421,-0.74514586,-0.38628972,0.6330662,-0.52845144,-0.61188877,0.25311664,0.08596235,0.32334656,-0.06420761,-0.16562186,0.5646151,0.75315815,-0.29987463,-0.43542832,-0.35005814,-0.1304773,-0.46418852,-0.7398196,-0.5899124,-0.16621818,0.7830689,-0.42919865
0.34957987,0.92882276,0.63163894,0.0,0.92637944,0.5680359,0.7759538,0.7986089,0.58951557,0.01907517,-0.15114966,-0.032089267,0.18791083,0.45683944,0.22067825,0.7958606,0.23284392,0.5936609,0.43495092,0.40520483,0.5078315,0.25709894,0.47178397,0.41836646,0.42505077,0.42451358,-0.09883132,0.109367155,0.31608382,0.08956826,-0.8367355,-0.27504987,-0.41424656,0.472721,0.37634873,-0.12532726,-0.32947445,-0.3773632,-0.033691328,0.28251347,-0.44717994,-0.76775867,-0.69446844,-0.6433431,-0.30348015,-0.070957355,-0.28837287,-0.15697378,-0.21131235,-0.43166125,0.5070112,0.79658145,0.84761065,0.9026688,0.7580345,0.60660666,0.80884415,0.6824065,0.18538125,-0.5646135,0.16435018,0.44472232,0.41414624,0.26618585,0.26598802,-0.0124768065,0.7357143,0.7134725,0.6039425,0.62449974,0.3773072,0.3850438,0.5138,0.47644305,0.06969709,0.119821936,0.3135827,0.27572313,-0.52842194,-0.29860577,0.30763885,-0.5755878,-0.8000664,0.14997669,-0.30628756,0.1587927,-0.097302176,-0.06630749,0.15548475,0.46677497,-0.0064569106,-0.10485549,-0.031097097,-0.44200882,-0.24591622,-0.59872395,-0.46219277,0.0513447,0.32059506,-0.4302791
0.39044175,0.9571265,0.77772015,0.92637944,0.0,0.72784466,0.8901802,0.9300161,0.75520563,-0.051686622,-0.24668749,-0.054863833,0.117985666,0.4132607,0.14952639,0.8785365,0.14895208,0.77107036,0.4168464,0.5631059,0.6171969,0.31889698,0.55144596,0.587392,0.4889969,0.5768891,-0.14526941,0.020048546,0.38727263,0.003664171,-0.87010777,-0.28431186,-0.5299377,0.5730124,0.5021165,0.02935481,-0.40446544,-0.551949,-0.22996962,0.13591546,-0.55915797,-0.81457514,-0.7651068,-0.7482932,-0.38880754,-0.23920383,-0.4291893,-0.2721472,-0.23505506,-0.5729965,0.6260616,0.91955847,0.9212392,0.87820524,0.8986957,0.773408,0.9363784,0.84920603,0.21141498,-0.6397065,0.12515812,0.34927243,0.4312541,0.17402433,0.22558531,-0.12028584,0.89571583,0.72527856,0.70922965,0.7733892,0.50500643,0.5431027,0.6167234,0.44365638,0.18481763,0.21030235,0.48657328,0.31881344,-0.66987723,-0.24124505,0.49678463,-0.6938928,-0.81129694,0.20657766,-0.26211146,0.22929183,-0.1568885,-0.11900671,0.34156364,0.65336794,0.005386592,-0.18733944,-0.12646036,-0.33103222,-0.2525971,-0.7545424,-0.6228638,-0.008152112,0.47600475,-0.5477451
0.46754944,0.70046264,0.9122139,0.5680359,0.72784466,0.0,0.7755325,0.78004426,0.9426111,0.0075704604,-0.3836899,-0.09920267,-0.068444885,0.16305703,-0.0017453021,0.77012974,-0.05911194,0.7284524,0.24862385,0.6462151,0.59430844,0.17897059,0.44529918,0.5793082,0.50859237,0.58767486,-0.10439084,-0.057893198,0.48903432,-0.14141905,-0.6325471,-0.3541494,-0.30739748,0.3961595,0.46003026,0.3792409,-0.29364806,-0.517967,-0.34289378,-0.05029939,-0.5511369,-0.5690903,-0.5724939,-0.5607877,-0.24743587,-0.38118428,-0.54867,-0.41673422,0.026009288,-0.52434593,0.44264638,0.78068155,0.5963089,0.49149144,0.86663705,0.979356,0.7440896,0.8537396,0.033406895,-0.46581995,0.20328197,0.054407984,0.3766817,0.07736167,0.14501552,-0.22525674,0.78730553,0.4757341,0.5896137,0.708938,0.576773,0.5617707,0.5909686,0.14619863,0.48984656,0.35190362,0.67925817,0.30694982,-0.6319341,-0.23987667,0.6733654,-0.5642553,-0.5416607,0.22825374,0.13766265,0.34357107,-0.14852642,-0.0056374287,0.5259971,0.74862826,-0.20752007,-0.38311142,-0.35072926,0.020603485,-0.30742988,-0.63997734,-0.51533073,-0.071967095,0.8569322,-0.48420313
0.5353546,0.86999583,0.9006062,0.7759538,0.8901802,0.7755325,0.0,0.94937265,0.8630285,-0.04739997,-0.1268382,0.036873452,-0.024232699,0.19412896,-0.073740125,0.89598924,0.04802994,0.7611752,0.29999828,0.5478498,0.5347603,0.184758,0.38530478,0.70035374,0.47340178,0.5108201,-0.327533,-0.24143328,0.4251889,-0.27532947,-0.8031385,-0.44826224,-0.49159148,0.5617366,0.3950239,0.21102655,-0.29961482,-0.47841147,-0.131636,0.23522246,-0.43337652,-0.81958574,-0.7115841,-0.79534245,-0.33710092,-0.39994714,-0.5202728,-0.34082836,-0.18619634,-0.48867273,0.53943706,0.8604297,0.8312089,0.73514056,0.8598486,0.83663726,0.9274769,0.9457336,0.12013129,-0.58208746,0.03646865,0.11307966,0.2608045,-0.018654708,0.036149275,-0.35651094,0.9255152,0.5490613,0.64369696,0.7897653,0.4166578,0.43263194,0.47594747,0.47787583,0.34465247,0.13299827,0.51595604,0.08673291,-0.8111099,-0.30691245,0.52875614,-0.580453,-0.7428377,0.20836407,-0.15098608,0.22342472,-0.039118785,-0.28538972,0.53451383,0.7429321,-0.11942668,-0.2821799,-0.16594627,-0.33903164,-0.42547858,-0.8373017,-0.6873641,-0.1996237,0.60276616,-0.42563424
0.4667805,0.89367276,0.86363125,0.7986089,0.9300161,0.78004426,0.94937265,0.0,0.8330863,-0.057318006,-0.21631448,0.011282436,0.10739945,0.35656103,0.09063429,0.90581053,0.13708325,0.8658227,0.40906784,0.61863965,0.68540317,0.338355,0.5611893,0.72636515,0.5274124,0.6402885,-0.29894507,-0.109651916,0.39138487,-0.12495642,-0.82165253,-0.35561433,-0.54039246,0.6434952,0.5135329,0.13212976,-0.41647363,-0.6033709,-0.28372797,0.100592546,-0.58848166,-0.8165709,-0.7571213,-0.8383387,-0.4543466,-0.44915652,-0.5666589,-0.37236974,-0.27138346,-0.64465857,0.62890357,0.9435152,0.8775763,0.7546841,0.91295815,0.8329723,0.97253877,0.94983363,0.15002465,-0.60988533,0.12430041,0.24923453,0.43193796,0.1253511,0.2041785,-0.19634563,0.9577487,0.6539271,0.76890206,0.88101155,0.58696204,0.60169065,0.64215297,0.40392333,0.2888948,0.25452998,0.58259624,0.27909634,-0.8008004,-0.26616707,0.62631845,-0.6898071,-0.7571508,0.29532087,-0.19435124,0.31397036,-0.1465277,-0.22755355,0.48073232,0.7459442,-0.08182839,-0.32328206,-0.262366,-0.23413935,-0.33636895,-0.86974454,-0.76356983,-0.075157166,0.54603404,-0.5988677
0.5119765,0.72956353,0.9559755,0.58951557,0.75520563,0.9426111,0.8630285,0.8330863,0.0,-0.041890945,-0.26927194,-0.048494246,-0.10812852,0.09910537,-0.109685525,0.8145337,-0.057483174,0.7545774,0.23344593,0.6577819,0.553399,0.15422687,0.39004207,0.6794789,0.465446,0.5445896,-0.20944376,-0.17986298,0.53249055,-0.2712142,-0.69066364,-0.4335223,-0.37936154,0.48918453,0.4419619,0.42686364,-0.23012033,-0.5026262,-0.2536714,0.056196492,-0.45439938,-0.66976106,-0.61333275,-0.6609104,-0.25958598,-0.44548473,-0.54536885,-0.3858676,0.021375522,-0.47982126,0.46355003,0.7865815,0.64892787,0.5297284,0.8665087,0.96452737,0.79471666,0.91828495,0.055232614,-0.52907234,0.08247465,-0.009428679,0.2749697,-0.033429477,0.03217007,-0.35973173,0.8475004,0.44750577,0.5997938,0.75705224,0.50241745,0.4982761,0.5069244,0.27289072,0.48722345,0.2399255,0.67576784,0.166976,-0.7504868,-0.27207887,0.6521323,-0.52083236,-0.57000756,0.25441793,0.085699536,0.32520583,-0.055002224,-0.11336977,0.6369166,0.7948357,-0.20962246,-0.38058436,-0.2964423,-0.1129501,-0.39808095,-0.7316276,-0.5956622,-0.15244122,0.8535756,-0.41296512
0.54530007,0.0041854763,0.044743903,0.01907517,-0.051686622,0.0075704604,-0.04739997,-0.057318006,-0.041890945,0.0,0.04031662,0.33594626,0.11150784,0.043388914,0.17461842,0.08651104,-0.03594464,-0.15703161,-0.002131327,-0.214873,-0.0034869658,-0.12608127,-0.08848929,-0.18136472,0.55388564,-0.012347488,-0.16810907,-0.08213727,-0.20576845,-0.117415845,0.13677149,-0.06946046,0.37839913,-0.3120162,-0.21063344,-0.2195565,-0.09642594,0.3178865,0.2371917,0.13196202,-0.13930555,0.22592112,0.16843954,0.12588416,0.11856805,-0.044662014,-0.19492148,-0.11865404,-0.05557127,-0.06571466,-0.3256978,-0.042851787,-0.19664426,-0.12022195,-0.16178171,-0.007369564,-0.1182589,-0.09444007,-0.13322066,0.5563395,0.54670215,0.043167036,0.112389915,0.21866499,0.20306394,0.17227131,-0.1623967,-0.11150065,-0.10347026,-0.11468214,0.038465638,-0.012781895,-0.013375531,-0.26345035,0.04226069,0.5113262,-0.061664462,-0.0113818925,0.111603715,-0.31060916,-0.08803588,-0.009020757,0.07620585,0.14183843,0.24860834,0.10371918,-0.025348326,0.0064915447,-0.19187626,-0.19483249,-0.4971458,-0.125293,-0.3341829,0.31022203,-0.061419684,0.13613857,0.10475458,-0.105013974,-0.012433003,-0.072303645
0.14649083,-0.22300671,-0.25061256,-0.15114966,-0.24668749,-0.3836899,-0.1268382,-0.21631448,-0.26927194,0.04031662,0.0,0.6247471,0.2065918,0.012441805,0.012097008,-0.235506,0.3315858,-0.31087056,0.14602777,-0.37190577,-0.2682261,-0.16852449,-0.38412324,0.061521962,-0.20148982,-0.35337254,-0.31213138,-0.29896933,0.1007792,-0.26705614,0.21226534,0.06857691,-0.041481365,0.02385099,-0.5033963,-0.05475377,0.46506378,0.38999668,0.44787708,0.4581392,0.49627164,0.103579625,0.13582535,0.058180485,-0.09337355,-0.003787016,0.14426549,0.09704336,0.11163114,0.45937932,-0.12472507,-0.2659554,-0.14730017,-0.05338557,-0.36237288,-0.3555429,-0.2200908,-0.21813503,0.19629757,0.30789906,-0.30124575,0.117423356,-0.24046795,-0.06820957,-0.10619947,-0.001296259,-0.24243926,-0.10339802,-0.2460872,-0.2333736,-0.3668113,-0.53457767,-0.4071802,0.37110874,-0.06417281,-0.43101424,-0.21540672,-0.4626814,-0.0022435435,0.10663547,-0.43548208,0.3763067,0.15832931,-0.2645817,-0.37028354,-0.4751393,0.5465945,-0.4262044,0.025193205,-0.30041015,0.11760167,0.25464475,0.29509348,-0.21215604,-0.19797975,0.066644385,-0.0052752187,-0.25397947,-0.22764014,0.46406394
0.43206728,-0.05983417,-0.0016471681,-0.032089267,-0.054863833,-0.09920267,0.036873452,0.011282436,-0.048494246,0.33594626,0.6247471,0.0,0.2805171,0.18524073,0.17651321,-0.010579053,0.23091795,-0.056467373,0.19139935,-0.24973868,0.016273402,0.064454734,-0.07637574,0.18563063,0.27204335,0.024631081,-0.3449068,-0.28673336,-0.06983972,-0.2238886,0.06956144,0.08253715,-0.08322584,0.04989162,-0.2534294,-0.1912554,0.029315138,0.20004159,0.18897,0.24594209,0.043900467,0.0653689,0.018300122,-0.10284393,-0.22136717,-0.1818737,-0.13301383,-0.10263267,-0.108531125,0.017236192,0.06353883,0.007972852,-0.01663853,0.010967021,-0.13861464,-0.07291667,-0.010432905,0.0052294577,0.2538977,0.42758688,0.05752878,0.15296823,0.0043748687,0.050453667,0.12291947,0.08871356,-0.041336074,-0.036143135,-0.06941625,-0.027987257,-0.04788891,-0.12894432,-0.07724663,0.16064851,0.0070238346,0.09430358,-0.032392707,-0.16077664,-0.19275823,0.024969423,-0.18970783,-0.059925098,-0.03401046,-0.09525491,-0.32034773,-0.30249652,0.1881031,-0.48604208,0.0017067064,-0.17657731,-0.0891804,0.06573807,-0.1064635,0.058522504,-0.18452433,-0.12979722,-0.2483542,-0.2849458,-0.06373934,0.01580409
0.031905506,0.17405643,-0.07442992,0.18791083,0.117985666,-0.068444885,-0.024232699,0.10739945,-0.10812852,0.11150784,0.2065918,0.2805171,0.0,0.77777755,0.8202677,0.1592664,0.83964384,0.24106859,0.69226253,0.07956508,0.5121654,0.53931475,0.52009237,0.12840699,0.059702512,0.24354947,-0.2046358,0.45119706,0.00126446,0.48359057,-0.06264986,0.07930128,0.08757562,0.3856259,0.16856678,-0.4495344,-0.18118206,-0.04529212,-0.0055083204,0.14007662,-0.19415772,-0.0865572,-0.024750903,-0.14288871,-0.31397542,-0.1357184,-0.081739254,0.08956734,-0.04950049,-0.23738503,0.09890173,0.22830568,0.102569394,0.109703735,0.073257916,-0.09287691,0.0625265,-0.012436327,-0.038428545,0.04807774,0.37650388,0.84075975,0.7152588,0.77380663,0.7695526,0.76696163,-0.015341678,0.46393824,0.42869487,0.2551562,0.46027547,0.2566977,0.5001487,-0.065602034,-0.20628558,0.1309269,0.08610971,0.5062155,-0.005242706,-0.18652163,0.10340291,-0.14622648,-0.11473107,0.31084707,-0.28450313,0.23232883,-0.061355002,-0.02974241,-0.2946633,-0.17631759,-0.07446568,-0.2676151,-0.30128524,0.11999662,-0.112958975,-0.086510144,-0.20612188,0.4778582,-0.2546337,-0.34396967
0.027677614,0.4189863,0.10978779,0.45683944,0.4132607,0.16305703,0.19412896,0.35656103,0.09910537,0.043388914,0.012441805,0.18524073,0.77777755,0.0,0.89315426,0.3370937,0.7178794,0.4515082,0.83250153,0.26932904,0.7007984,0.5859337,0.7256562,0.26866028,0.27266455,0.48644906,0.0044870228,0.50990486,0.08309341,0.5846695,-0.34599885,0.17843717,-0.20742819,0.47297418,0.37503824,-0.406689,-0.36744183,-0.3162999,-0.20993988,0.016416881,-0.4900359,-0.3065073,-0.35664976,-0.33887407,-0.50450194,-0.08433709,-0.14803326,-0.05100261,-0.19832139,-0.4822328,0.4340443,0.5113027,0.4155994,0.42662,0.36027935,0.1467626,0.3470427,0.20529422,0.2011653,-0.19015183,0.32615405,0.8881001,0.8278926,0.7906495,0.855321,0.725263,0.2652008,0.7652718,0.6114725,0.43850973,0.64557564,0.48623043,0.73204935,0.09846351,-0.0861183,0.25988233,0.25908247,0.7144537,-0.16606851,-0.048005603,0.27514887,-0.43596935,-0.34297767,0.25828198,-0.3570479,0.23401211,-0.19470656,0.0217525,-0.19703308,0.06908926,0.13091397,-0.120669305,-0.19299099,0.051010136,0.01685007,-0.2851312,-0.33410302,0.48614526,-0.1125819,-0.56446606
-0.022514474,0.19664699,-0.084719025,0.22067825,0.14952639,-0.0017453021,-0.073740125,0.09063429,-0.109685525,0.17461842,0.012097008,0.17651321,0.8202677,0.89315426,0.0,0.13490213,0.6961744,0.2171106,0.7268868,0.101655826,0.5595635,0.5050594,0.603522,0.024468424,0.18114662,0.34278113,0.057023104,0.60631603,-0.05078068,0.6464259,-0.09273801,0.2188446,0.08949835,0.24399287,0.24148275,-0.47167388,-0.2842185,-0.12051866,-0.12305108,-0.019178884,-0.37585458,-0.05024142,-0.08221982,-0.071057655,-0.31448662,-0.005663513,-0.06602874,0.022894429,-0.08057141,-0.3332175,0.15718007,0.26094764,0.10749397,0.14572953,0.117636755,-0.04429923,0.05915218,-0.04528949,0.024519464,0.03302139,0.47920772,0.8476964,0.81355697,0.8761767,0.90721726,0.89954597,-0.020481542,0.56022906,0.41780627,0.21070002,0.5570426,0.3630449,0.61676604,-0.16332527,-0.12449575,0.29243532,0.13980517,0.71435535,0.10257093,-0.10432425,0.15972215,-0.23771381,-0.106850624,0.27371347,-0.17056413,0.24847178,-0.19798508,0.1633634,-0.3850768,-0.16137666,-0.0009866471,-0.17862247,-0.28263384,0.22617799,0.05470893,0.003611428,-0.08982281,0.5633999,-0.23540941,-0.44323704
0.57215166,0.9120383,0.86609006,0.7958606,0.8785365,0.77012974,0.89598924,0.90581053,0.8145337,0.08651104,-0.235506,-0.010579053,0.1592664,0.3370937,0.13490213,0.0,0.178667,0.7815711,0.4131352,0.5969402,0.66647184,0.2989969,0.5288105,0.62848383,0.51945436,0.57505673,-0.3243687,-0.013915949,0.39437917,-0.097078346,-0.7722328,-0.49739814,-0.28588274,0.5732754,0.47905707,0.10254606,-0.36441877,-0.43651748,-0.13768467,0.21967943,-0.49751374,-0.75055313,-0.6155659,-0.7155887,-0.26728377,-0.39265287,-0.5444471,-0.2884256,-0.11421702,-0.54612267,0.41955528,0.878073,0.74469775,0.66484684,0.8521851,0.8034051,0.8487769,0.8661571,-0.03789925,-0.5181333,0.3141161,0.26920635,0.47546563,0.22108474,0.25699523,-0.10400084,0.8290435,0.60713273,0.74370694,0.8131198,0.5698874,0.53767663,0.6258679,0.28919783,0.31811115,0.28282356,0.5432374,0.286526,-0.6680126,-0.47135454,0.59046876,-0.57737416,-0.672022,0.40738016,-0.018024437,0.43889076,-0.11305616,-0.08752904,0.39804086,0.66277325,-0.30566275,-0.46725544,-0.35862944,-0.18298703,-0.4250023,-0.7220036,-0.6103475,0.055534694,0.5632507,-0.5277204
0.045805704,0.22622995,-0.023268195,0.23284392,0.14895208,-0.05911194,0.04802994,0.13708325,-0.057483174,-0.03594464,0.3315858,0.23091795,0.83964384,0.7178794,0.6961744,0.178667,0.0,0.20112383,0.76828176,0.06392649,0.46034724,0.36512053,0.38000417,0.15728013,-0.07549273,0.082955144,-0.25843474,0.336168,0.14979763,0.3526021,-0.111757435,0.0037055528,0.07461377,0.38796517,0.018801682,-0.3210559,0.0010821712,0.0562016,0.1677533,0.33914843,-0.035883773,-0.20135355,-0.08865966,-0.18490553,-0.31835553,-0.13370684,-0.06617312,0.06004164,0.043783687,-0.06789614,0.053751245,0.21026528,0.1296401,0.1644816,0.08189288,-0.07799944,0.08285069,0.034568403,-0.06935513,-0.073389076,0.18929516,0.8075678,0.619914,0.7171366,0.68349487,0.62595636,0.02080204,0.52573985,0.41913587,0.26325405,0.3662337,0.07301122,0.3934348,0.09494252,-0.08756036,-0.13232403,0.077371426,0.33724692,-0.08647075,-0.20731442,0.061623123,0.008129176,-0.12763204,0.20881332,-0.28905898,0.117169395,0.13760026,-0.11076874,-0.17744948,-0.12283338,-0.032161683,-0.23892537,-0.12743117,-0.038629737,-0.26587635,-0.12179465,-0.18979004,0.37532428,-0.21357372,-0.15006335
0.30535832,0.72833794,0.7347183,0.5936609,0.77107036,0.7284524,0.7611752,0.8658227,0.7545774,-0.15703161,-0.31087056,-0.056467373,0.24106859,0.4515082,0.2171106,0.7815711,0.20112383,0.0,0.48128867,0.7952491,0.83996415,0.57010436,0.7503818,0.7782408,0.4518464,0.7680652,-0.24103694,0.05974486,0.39537373,0.04245598,-0.6985323,-0.22974378,-0.51483816,0.7977215,0.7137793,0.19749376,-0.45973954,-0.7756931,-0.53342265,-0.14075215,-0.6503565,-0.69352317,-0.6628571,-0.80160874,-0.51196045,-0.5463239,-0.52769166,-0.3090785,-0.22595508,-0.75964797,0.6837806,0.904471,0.76651764,0.5645269,0.8545792,0.75688875,0.84507114,0.8596809,0.1499586,-0.6009575,0.15930079,0.29535374,0.57148093,0.20085338,0.31661198,-0.04193084,0.86435956,0.64691913,0.89245397,0.9546099,0.7860538,0.8093569,0.78856957,0.2575757,0.27731702,0.36565638,0.7119472,0.47445223,-0.72160214,-0.15062845,0.78615224,-0.68364406,-0.55204827,0.49184585,-0.119581744,0.5265427,-0.23748542,-0.10497491,0.5044933,0.7703495,-0.03599253,-0.4227672,-0.3684446,0.021563422,-0.19592729,-0.82428265,-0.81345993,0.16610119,0.51497984,-0.7373665
0.14261793,0.4520885,0.2547186,0.43495092,0.4168464,0.24862385,0.29999828,0.40906784,0.23344593,-0.002131327,0.14602777,0.19139935,0.69226253,0.83250153,0.7268868,0.4131352,0.76828176,0.48128867,0.0,0.3178906,0.73440695,0.39581594,0.580426,0.40441036,0.19590147,0.39080358,-0.16946705,0.3302407,0.29150522,0.3436528,-0.39746034,-0.010852367,-0.18931755,0.52530766,0.25782967,-0.14651549,-0.15553814,-0.25716558,-0.054722786,0.20904833,-0.3562734,-0.41860187,-0.40206102,-0.4308605,-0.52339774,-0.27169693,-0.28822684,-0.1872398,-0.07207954,-0.36549518,0.33424234,0.5071683,0.39883202,0.38707176,0.3935511,0.23360164,0.3720999,0.31311384,0.07499947,-0.2948691,0.19915581,0.7667254,0.7700144,0.7248447,0.76139957,0.5428469,0.3189639,0.80218923,0.6784176,0.5285596,0.63676476,0.3657639,0.671661,0.20408374,0.14147677,0.08842579,0.37272102,0.5157539,-0.33663845,-0.14961898,0.3758815,-0.24303089,-0.29311025,0.28029895,-0.21527816,0.25720122,0.05471698,-0.07408376,0.05947162,0.21479347,0.020716809,-0.25663707,-0.15116733,-0.0007264663,-0.2356087,-0.3844743,-0.3937693,0.3741581,0.035932258,-0.40911722
0.09476792,0.5505634,0.5894763,0.40520483,0.5631059,0.6462151,0.5478498,0.61863965,0.6577819,-0.214873,-0.37190577,-0.24973868,0.07956508,0.26932904,0.101655826,0.5969402,0.06392649,0.7952491,0.3178906,0.0,0.65579873,0.49573463,0.61148393,0.67670316,0.22542109,0.67093635,0.024425348,0.22898445,0.5889607,0.11021047,-0.49129432,-0.096126445,-0.33666047,0.6932033,0.7523094,0.46623743,-0.20048927,-0.6830443,-0.56382906,-0.25985903,-0.42676148,-0.45289052,-0.4143796,-0.4976671,-0.2238597,-0.34319514,-0.29938596,-0.14803112,0.073910765,-0.51858604,0.5690825,0.68081874,0.56898946,0.3836505,0.7239234,0.64364785,0.6082713,0.66776794,0.16311942,-0.5968791,0.13759531,0.1471391,0.4284257,0.077947445,0.1635142,-0.061162993,0.66446227,0.49921834,0.7100386,0.73729205,0.6388287,0.72591394,0.6241983,0.20917375,0.36732408,0.30135924,0.7741463,0.44047138,-0.44238552,0.010686349,0.7740517,-0.43206197,-0.2352041,0.5366347,0.13827115,0.5939158,-0.12114525,0.24908102,0.56551284,0.76829624,0.06112108,-0.31744233,-0.15992977,0.16943468,0.025385687,-0.5184179,-0.5016479,0.2803874,0.5742572,-0.4940104
0.27708063,0.6144914,0.554826,0.5078315,0.6171969,0.59430844,0.5347603,0.68540317,0.553399,-0.0034869658,-0.2682261,0.016273402,0.5121654,0.7007984,0.5595635,0.66647184,0.46034724,0.83996415,0.73440695,0.65579873,0.0,0.5550037,0.8254561,0.61219215,0.46384028,0.7177124,-0.231421,0.26307234,0.28873315,0.25234333,-0.5658195,-0.14679201,-0.30794767,0.66501504,0.59834737,0.015620656,-0.43639484,-0.64513737,-0.45019305,-0.120666884,-0.71686023,-0.5521672,-0.5833515,-0.659749,-0.5816755,-0.52530545,-0.563241,-0.34328765,-0.18465367,-0.7418494,0.50360477,0.795509,0.5658756,0.42350608,0.6870012,0.58513695,0.63585615,0.62881166,0.024417276,-0.43396303,0.32319134,0.55795246,0.84177035,0.5719108,0.67613024,0.339097,0.62505084,0.76468617,0.9222557,0.84578925,0.9488915,0.7818496,0.9246041,0.051533975,0.26581532,0.4352398,0.65950274,0.6819581,-0.5354786,-0.22091281,0.7504994,-0.5669968,-0.41613427,0.52294326,-0.047421806,0.5802295,-0.2070909,-0.005408414,0.2771892,0.5499862,-0.13277064,-0.50563455,-0.47588173,0.17182659,-0.20316777,-0.62694925,-0.6547507,0.37272033,0.33140054,-0.75917107
-0.11865468,0.29802296,0.11469212,0.25709894,0.31889698,0.17897059,0.184758,0.338355,0.15422687,-0.12608127,-0.16852449,0.064454734,0.53931475,0.5859337,0.5050594,0.2989969,0.36512053,0.57010436,0.39581594,0.49573463,0.5550037,0.0,0.8007139,0.35264394,0.123953484,0.5990271,0.08338152,0.4770595,0.027946278,0.5325392,-0.2475093,0.15121408,-0.2227826,0.64689153,0.7082313,-0.25090516,-0.5151511,-0.47717285,-0.4562727,-0.2517101,-0.36279464,-0.22203048,-0.15573627,-0.30076382,-0.20742592,-0.055411603,0.05634025,0.26604906,-0.16015357,-0.5361598,0.5496767,0.45397767,0.4117049,0.27524123,0.37241066,0.17793433,0.34711656,0.2615748,0.21094002,-0.20913714,0.28768432,0.50996244,0.5538561,0.36770055,0.44360185,0.42176017,0.32319114,0.39508027,0.53022176,0.45639777,0.54884976,0.63886774,0.6067427,0.021973308,-0.24913083,0.34346783,0.2591723,0.6235981,-0.1292336,0.045805704,0.32739383,-0.5561156,-0.24753588,0.4444993,-0.29411054,0.37860832,-0.4791876,0.06930128,-0.07926415,0.16052368,0.16773003,-0.15538916,-0.27839187,0.12087419,0.16741772,-0.30039397,-0.41007295,0.5176505,0.008505306,-0.6271445
0.0048121847,0.52760327,0.3681229,0.47178397,0.55144596,0.44529918,0.38530478,0.5611893,0.39004207,-0.08848929,-0.38412324,-0.07637574,0.52009237,0.7256562,0.603522,0.5288105,0.38000417,0.7503818,0.580426,0.61148393,0.8254561,0.8007139,0.0,0.44972467,0.3370056,0.7909263,0.05504885,0.49983597,0.09027706,0.558402,-0.51038826,-0.0011213629,-0.28149638,0.6490144,0.80330217,-0.20470692,-0.667898,-0.6505262,-0.51103216,-0.22562538,-0.6906755,-0.4652697,-0.41168502,-0.5095636,-0.38838962,-0.21171033,-0.23451775,-0.028366296,-0.27515075,-0.7856374,0.59741133,0.7032338,0.5570177,0.4326085,0.6183486,0.44003043,0.55065566,0.47567955,0.11341702,-0.43248537,0.36913154,0.5649058,0.78899616,0.5379033,0.6342322,0.45394516,0.52499086,0.65926564,0.7708944,0.66753453,0.81244224,0.8207107,0.9060027,-0.0005567853,0.00045558903,0.4565111,0.46642864,0.8352399,-0.33913067,-0.13405745,0.6028884,-0.717822,-0.43600053,0.5342025,-0.13899273,0.5426491,-0.5225687,0.13633189,0.00054120866,0.38881356,0.05075247,-0.34195787,-0.4144368,0.116494454,0.05338073,-0.4813472,-0.50932604,0.56238073,0.15646185,-0.84435177
0.34401423,0.5531835,0.65240216,0.41836646,0.587392,0.5793082,0.70035374,0.72636515,0.6794789,-0.18136472,0.061521962,0.18563063,0.12840699,0.26866028,0.024468424,0.62848383,0.15728013,0.7782408,0.40441036,0.67670316,0.61219215,0.35264394,0.44972467,0.0,0.33572415,0.65437484,-0.37930655,-0.19087484,0.53619504,-0.21656118,-0.55704594,-0.18776122,-0.58087814,0.71628946,0.49263126,0.38924488,-0.18234065,-0.6025953,-0.3706715,-0.0046881065,-0.3996437,-0.61675674,-0.554039,-0.7538649,-0.5251965,-0.6309442,-0.53080493,-0.382658,-0.18818271,-0.52116644,0.6128427,0.7033975,0.6341437,0.4466792,0.67381185,0.6293333,0.70879394,0.7796569,0.2643832,-0.49371624,-0.042195477,0.122855306,0.30980042,-0.028575165,0.09192281,-0.23006701,0.75468063,0.48938316,0.6672202,0.76888317,0.53307456,0.5438905,0.51005745,0.46666038,0.44817483,0.153567,0.74453926,0.17176953,-0.7676743,-0.034928296,0.69303256,-0.44450316,-0.3804172,0.3885954,-0.09763628,0.30975628,0.060543194,-0.28331998,0.7120019,0.7822179,0.031621315,-0.26773447,-0.15166748,-0.02084992,-0.21877545,-0.7877844,-0.7981552,-0.073487066,0.49042505,-0.43612808
0.61075026,0.46277267,0.5124477,0.42505077,0.4889969,0.50859237,0.47340178,0.5274124,0.465446,0.55388564,-0.20148982,0.27204335,0.059702512,0.27266455,0.18114662,0.51945436,-0.07549273,0.4518464,0.19590147,0.22542109,0.46384028,0.123953484,0.3370056,0.33572415,0.0,0.49405816,-0.20877297,-0.17957734,-0.00794401,-0.16614474,-0.3915279,-0.09034036,-0.26464248,0.12746264,0.21903819,-0.053070135,-0.44981226,-0.35225952,-0.2861289,-0.123789646,-0.69687873,-0.2505185,-0.45924765,-0.44061992,-0.37004003,-0.38903168,-0.5849648,-0.5092374,-0.35649768,-0.6199307,0.32337773,0.56140393,0.39772704,0.36227924,0.45466414,0.52137965,0.5062382,0.4964294,0.2068742,0.04349755,0.37451667,0.12123213,0.3600547,0.16476423,0.27542713,-0.018089281,0.4797114,0.3267328,0.39242715,0.4564062,0.47356504,0.513887,0.4532235,0.015382143,0.21388401,0.73600185,0.41941392,0.25763687,-0.4393437,-0.14975289,0.3905492,-0.59101784,-0.38173643,0.18858965,0.015973046,0.20731214,-0.2466105,-0.19734228,0.19414374,0.3670844,-0.24551018,-0.17185284,-0.39961168,0.23578347,-0.094695024,-0.46464083,-0.48682117,-0.21596782,0.3296597,-0.58397734
0.14525151,0.52681094,0.52666205,0.42451358,0.5768891,0.58767486,0.5108201,0.6402885,0.5445896,-0.012347488,-0.35337254,0.024631081,0.24354947,0.48644906,0.34278113,0.57505673,0.082955144,0.7680652,0.39080358,0.67093635,0.7177124,0.5990271,0.7909263,0.65437484,0.49405816,0.0,0.025047196,0.2429261,0.19790272,0.26070872,-0.48146623,0.02276278,-0.42238542,0.54999614,0.77010447,0.03845448,-0.6270211,-0.692805,-0.62475735,-0.33441436,-0.72962123,-0.4164173,-0.4539191,-0.53454673,-0.4313299,-0.36366272,-0.40683976,-0.253082,-0.31603074,-0.8316849,0.64843583,0.7210326,0.5804562,0.40775838,0.69706976,0.58921987,0.6340303,0.61644167,0.23078512,-0.38705215,0.31699842,0.27531445,0.59452903,0.24863759,0.4031653,0.1431602,0.6534697,0.5253046,0.6646225,0.67040277,0.73619145,0.842398,0.79707247,0.07990509,0.2518205,0.5572794,0.64894307,0.67729604,-0.47546107,0.008129691,0.7372359,-0.76078725,-0.37751788,0.47293696,-0.023853447,0.4824559,-0.4802717,0.054813124,0.27072614,0.6099372,0.057920385,-0.28534567,-0.37570274,0.21740071,0.12325102,-0.5753344,-0.60151356,0.23465061,0.34447932,-0.8141682
-0.5585881,-0.17519966,-0.30654514,-0.09883132,-0.14526941,-0.10439084,-0.327533,-0.29894507,-0.20944376,-0.16810907,-0.31213138,-0.3449068,-0.2046358,0.0044870228,0.057023104,-0.3243687,-0.25843474,-0.24103694,-0.16946705,0.024425348,-0.231421,0.08338152,0.05504885,-0.37930655,-0.20877297,0.025047196,0.0,0.51206934,-0.04944494,0.540195,0.17395861,0.48969647,0.049430285,-0.23836356,0.19102623,-0.025417771,-0.06311903,0.021875622,-0.19096066,-0.35084772,0.03831768,0.3060787,0.21818286,0.46024165,0.32637966,0.6865682,0.5716138,0.38467973,0.21037953,0.122754455,0.12949508,-0.19682764,-0.06879363,-0.004861028,-0.07176506,-0.14418015,-0.21975322,-0.30564508,0.26490873,-0.014781705,-0.020867437,-0.012191576,-0.091029026,-0.023918675,-0.04234795,0.17026538,-0.2097184,-0.012822897,-0.29343268,-0.3822387,-0.14471415,0.007938043,-0.045723673,-0.10486533,-0.110195406,0.025766622,-0.14643653,0.2971192,0.48249456,0.4450796,-0.19017309,-0.04459324,0.15380009,-0.23346737,0.047012534,-0.16651501,-0.27938816,0.547181,-0.32976624,-0.1804931,0.4620214,0.48867264,0.34640047,0.09517555,0.56775445,0.443019,0.5005953,0.27673525,-0.058087565,0.07313388
-0.3880971,0.07229625,-0.21668135,0.109367155,0.020048546,-0.057893198,-0.24143328,-0.109651916,-0.17986298,-0.08213727,-0.29896933,-0.28673336,0.45119706,0.50990486,0.60631603,-0.013915949,0.336168,0.05974486,0.3302407,0.22898445,0.26307234,0.4770595,0.49983597,-0.19087484,-0.17957734,0.2429261,0.51206934,0.0,0.010059665,0.8596456,0.022405474,0.24057542,0.2632518,0.12293845,0.43882084,-0.26056334,-0.16412112,-0.08572325,-0.16317116,-0.180442,-0.11876038,0.10444871,0.17732929,0.25489214,0.15241347,0.40879774,0.3355181,0.4001192,0.19892205,-0.10401437,0.058721367,0.06352218,0.0026404927,0.03136313,0.059101254,-0.1295269,-0.11655866,-0.21594675,-0.03009289,-0.11223811,0.4089174,0.53762585,0.5136514,0.5633732,0.52253497,0.7089589,-0.15261476,0.32941392,0.19317329,-0.022597121,0.30372798,0.29162166,0.4110851,-0.25087774,-0.19489627,0.14874177,0.024605246,0.6979309,0.43859437,0.013160295,0.07764919,-0.07902779,0.0956815,0.28929675,0.088760406,0.35776433,-0.2704604,0.69256014,-0.4516776,-0.16785036,0.10989294,-0.052112326,-0.044486318,0.19493578,0.33648637,0.32807273,0.31801385,0.791514,-0.17291093,-0.21998997
0.17717725,0.39593256,0.44754598,0.31608382,0.38727263,0.48903432,0.4251889,0.39138487,0.53249055,-0.20576845,0.1007792,-0.06983972,0.00126446,0.08309341,-0.05078068,0.39437917,0.14979763,0.39537373,0.29150522,0.5889607,0.28873315,0.027946278,0.09027706,0.53619504,-0.00794401,0.19790272,-0.04944494,0.010059665,0.0,-0.16342634,-0.3350114,-0.061464842,-0.2636574,0.43050072,0.20748359,0.6428256,0.32716602,-0.2676126,-0.11868683,0.0926407,0.0058323657,-0.36485365,-0.32164937,-0.3064837,-0.16845597,-0.21889327,-0.20742463,-0.2038219,0.4030765,0.016317323,0.29806164,0.38476738,0.37681296,0.31589139,0.479418,0.45481387,0.37458104,0.47379735,0.20928134,-0.45261568,-0.13052185,0.10958323,0.12777542,-0.03515637,-0.032922853,-0.18922912,0.42189354,0.3737348,0.35966137,0.42281634,0.22711599,0.1772708,0.19313711,0.42784315,0.48479408,-0.14021736,0.6346316,0.01289055,-0.32355902,0.07863673,0.42733166,0.03884424,-0.1018265,0.14477906,0.07004515,0.18354785,0.4280751,0.11238839,0.64034015,0.5927488,0.07554733,-0.07749677,0.20884734,-0.036042985,-0.12010296,-0.30473053,-0.2456902,-0.024725378,0.5658625,0.06555243
-0.49469027,0.02232077,-0.288327,0.08956826,0.003664171,-0.14141905,-0.27532947,-0.12495642,-0.2712142,-0.117415845,-0.26705614,-0.2238886,0.48359057,0.5846695,0.6464259,-0.097078346,0.3526021,0.04245598,0.3436528,0.11021047,0.25234333,0.5325392,0.558402,-0.21656118,-0.16614474,0.26070872,0.540195,0.8596456,-0.16342634,0.0,0.016048856,0.3230127,0.13824378,0.116578184,0.43977576,-0.4616023,-0.34567967,-0.11024274,-0.18447253,-0.21311824,-0.20743735,0.0792308,0.13000894,0.2062857,0.0588637,0.44102842,0.36508247,0.41633034,-0.0043714456,-0.20214736,0.16165006,0.037491936,0.021782232,0.068883866,0.018213274,-0.18766186,-0.09979768,-0.25149545,0.035535444,-0.121619344,0.31529534,0.5666595,0.5203049,0.5717585,0.56133926,0.7394478,-0.15975873,0.32944945,0.16148251,-0.0601666,0.2903249,0.3083476,0.43182066,-0.22303636,-0.31916732,0.14639868,-0.07676657,0.74290377,0.38761303,0.077722386,0.016738858,-0.22041997,-0.0059049795,0.20465656,-0.0853188,0.2192732,-0.4458143,0.51472247,-0.5744637,-0.23962511,0.23743397,0.040132437,-0.030927602,0.11367,0.3955028,0.26582122,0.23175383,0.73824114,-0.3158882,-0.32410973
-0.32992896,-0.8214066,-0.6982633,-0.8367355,-0.87010777,-0.6325471,-0.8031385,-0.82165253,-0.69066364,0.13677149,0.21226534,0.06956144,-0.06264986,-0.34599885,-0.09273801,-0.7722328,-0.111757435,-0.6985323,-0.39746034,-0.49129432,-0.5658195,-0.2475093,-0.51038826,-0.55704594,-0.3915279,-0.48146623,0.17395861,0.022405474,-0.3350114,0.016048856,0.0,0.3908083,0.53912574,-0.5765728,-0.47478908,-0.025793884,0.33107638,0.5749046,0.16471754,-0.1959018,0.5205656,0.9141115,0.8369633,0.8088631,0.39308405,0.2342538,0.38186324,0.24340428,0.30134496,0.52619797,-0.56600165,-0.82398593,-0.8371389,-0.82374156,-0.77116585,-0.686984,-0.8307124,-0.75271654,-0.16874105,0.6686155,0.065636545,-0.28537416,-0.34949026,-0.09806151,-0.14897145,0.16100886,-0.793078,-0.68162566,-0.6826087,-0.7170729,-0.44580346,-0.4484466,-0.5445783,-0.47388718,-0.08314043,-0.09392827,-0.4189011,-0.2470089,0.69987017,0.29851055,-0.42281997,0.61365217,0.7439547,-0.22809589,0.24627706,-0.25964573,0.06606523,0.14287446,-0.34493488,-0.605486,0.00063330284,0.20428379,0.08196886,0.45218897,0.3076351,0.73355895,0.5942133,-0.065153204,-0.4181637,0.47957224
-0.47675756,-0.3487922,-0.5151018,-0.27504987,-0.28431186,-0.3541494,-0.44826224,-0.35561433,-0.4335223,-0.06946046,0.06857691,0.08253715,0.07930128,0.17843717,0.2188446,-0.49739814,0.0037055528,-0.22974378,-0.010852367,-0.096126445,-0.14679201,0.15121408,-0.0011213629,-0.18776122,-0.09034036,0.02276278,0.48969647,0.24057542,-0.061464842,0.3230127,0.3908083,0.0,-0.19591837,-0.13450523,-0.012931005,-0.060382817,0.03994163,-0.051401604,-0.32149044,-0.4999146,0.02016092,0.5007476,0.22121944,0.37805793,-0.15218666,0.29410064,0.3513498,0.10191493,-0.03081527,0.06488952,0.24742457,-0.2377858,-0.12580745,-0.10827375,-0.25776926,-0.3759265,-0.26368302,-0.38640752,0.53443986,0.25090173,-0.06806809,0.15260604,-0.020996135,0.025278306,0.09550491,0.2720786,-0.27332872,5.4154643e-05,-0.25491956,-0.3135306,-0.08081094,0.057421204,-0.07647933,0.010393487,-0.12216992,0.110407665,-0.05161296,0.1982069,0.41222584,0.77372736,-0.17163377,0.046651855,0.31753322,-0.31210303,-0.2357294,-0.31313723,-0.094850145,0.16113317,-0.20083764,-0.21732439,0.6480991,0.62522924,0.37576267,0.35276908,0.7044791,0.32547238,0.18528321,0.0038801576,-0.31577468,0.034607895
0.0023232473,-0.38388252,-0.31205076,-0.41424656,-0.5299377,-0.30739748,-0.49159148,-0.54039246,-0.37936154,0.37839913,-0.041481365,-0.08322584,0.08757562,-0.20742819,0.08949835,-0.28588274,0.07461377,-0.51483816,-0.18931755,-0.33666047,-0.30794767,-0.2227826,-0.28149638,-0.58087814,-0.26464248,-0.42238542,0.049430285,0.2632518,-0.2636574,0.13824378,0.53912574,-0.19591837,0.0,-0.47576937,-0.3091535,-0.15791866,0.22281942,0.65455234,0.45880556,0.18899673,0.406807,0.5215752,0.70378834,0.63967264,0.6557805,0.24712265,0.2320214,0.32824606,0.44983834,0.42887065,-0.8136602,-0.5460127,-0.71248865,-0.6213364,-0.49439487,-0.37983698,-0.64079905,-0.5315437,-0.6529516,0.49413097,0.43633527,-0.05756369,-0.024453107,0.24333413,0.09207776,0.3278046,-0.6459714,-0.43740207,-0.37958035,-0.4824578,-0.22117947,-0.38109148,-0.26556385,-0.622403,-0.05973102,-0.0077425702,-0.37871262,-0.057763666,0.59628373,-0.3957907,-0.30051112,0.51211506,0.482136,0.11301648,0.50787795,0.1792611,0.045114722,0.37478912,-0.44957298,-0.5329946,-0.5628319,-0.28573906,-0.25453043,0.27424073,-0.09829733,0.6674882,0.65493786,0.2947266,-0.16825339,0.33761156
0.12785843,0.5483904,0.44291708,0.472721,0.5730124,0.3961595,0.5617366,0.6434952,0.48918453,-0.3120162,0.02385099,0.04989162,0.3856259,0.47297418,0.24399287,0.5732754,0.38796517,0.7977215,0.52530766,0.6932033,0.66501504,0.64689153,0.6490144,0.71628946,0.12746264,0.54999614,-0.23836356,0.12293845,0.43050072,0.116578184,-0.5765728,-0.13450523,-0.47576937,0.0,0.6302032,0.13398378,-0.23584504,-0.59677005,-0.33154637,0.035318278,-0.30163613,-0.6213772,-0.49336952,-0.70429367,-0.42482847,-0.36490586,-0.21160251,0.00720815,-0.113236,-0.47826684,0.64500254,0.6823495,0.67662585,0.50478625,0.5997317,0.43885612,0.64276195,0.61749256,0.24246518,-0.5614221,-0.039187133,0.40097263,0.4376555,0.16746806,0.24331903,0.038611155,0.64761686,0.59100366,0.7731456,0.77745825,0.5647871,0.56492007,0.5712782,0.43202585,0.06275506,0.05370835,0.5102699,0.30797866,-0.58411217,-0.03512243,0.52433777,-0.4368239,-0.38327304,0.48407087,-0.29581448,0.4077832,-0.037263747,-0.13307068,0.41957164,0.54089487,0.14422558,-0.25776815,-0.11156097,-0.1341101,-0.16083246,-0.6730124,-0.6967093,0.2902513,0.2765659,-0.46424073
-0.10688007,0.4623519,0.37943244,0.37634873,0.5021165,0.46003026,0.3950239,0.5135329,0.4419619,-0.21063344,-0.5033963,-0.2534294,0.16856678,0.37503824,0.24148275,0.47905707,0.018801682,0.7137793,0.25782967,0.7523094,0.59834737,0.7082313,0.80330217,0.49263126,0.21903819,0.77010447,0.19102623,0.43882084,0.20748359,0.43977576,-0.47478908,-0.012931005,-0.3091535,0.6302032,0.0,0.07187848,-0.5521446,-0.7015287,-0.5897885,-0.34041473,-0.52886933,-0.411549,-0.33252683,-0.43496224,-0.18055119,-0.116264045,-0.094890855,0.09466896,-0.1788794,-0.6822489,0.62130624,0.60928756,0.5469829,0.37831375,0.61405766,0.47212535,0.52570575,0.49690312,0.17582804,-0.54415786,0.23780467,0.21677463,0.46984667,0.15487802,0.24651057,0.1287487,0.5526257,0.44178152,0.62315494,0.59213394,0.61325806,0.79649234,0.6839602,0.08573265,0.061386958,0.4056689,0.50505334,0.648354,-0.29263484,-0.015467898,0.6168731,-0.6450541,-0.28763315,0.5843334,0.036038063,0.6009723,-0.5045531,0.2876264,0.19154617,0.53792375,0.12196627,-0.23925658,-0.22772424,0.10114957,0.21318436,-0.41620594,-0.40373892,0.48678073,0.2877762,-0.69574505
