0,1,2,3,4,5,6,7,8,9,10,11,12,13,14,15,16,17,18,19,20,21,22,23,24,25,26,27,28,29,30,31,32,33,34,35,36,37,38,39,40,41,42,43,44,45,46,47,48,49,50,51,52,53,54,55,56,57,58,59,60,61,62,63,64,65,66,67,68,69,70,71,72,73,74,75,76,77,78,79,80,81,82,83,84,85,86,87,88,89,90,91,92,93,94,95,96,97,98,99
0.0,0.42934057,0.4707315,0.52474594,0.59607023,0.62802505,0.33896437,0.49093843,0.45625752,-0.14622238,-0.3619117,-0.28589395,-0.1136141,-0.30033985,0.034200884,0.39555937,-0.4743245,0.38345557,-0.46485808,0.40500665,-0.20566562,-0.46833187,0.039086305,-0.45517614,-0.18976626,-0.45252398,0.18536219,-0.01737016,-0.1601938,-0.15504655,0.0030105137,0.41524655,0.29144973,0.28962445,-0.1147423,0.55466384,0.37596154,0.36006412,0.21706887,0.47203854,0.3659525,-0.06864782,-0.44910398,0.3290927,0.21920766,0.22363089,0.12794279,0.3501243,0.557646,0.4985058,0.67367864,0.54166794,0.39202335,0.33907652,0.58127815,0.5896089,0.6242971,0.34267262,0.18896009,-0.04029936,-0.24893336,-0.1520026,-0.024081636,-0.29279587,0.09811519,-0.07195766,0.5138798,-0.3407926,0.083280176,0.53055114,0.03864744,-0.55702454,-0.15745594,0.31803274,-0.47738612,-0.44024554,-0.3126347,-0.31064308,0.035152346,0.25511914,-0.45024353,0.46611786,0.057152074,-0.42585087,-0.20745604,0.2031175,0.34427604,0.1573124,0.49940148,0.37206042,0.42404082,0.5339744,0.20722735,0.31437343,-0.3614043,0.3223418,0.36683252,0.48334712,0.5739625,0.5102372
0.42934057,0.0,0.8631334,0.67236865,0.64334625,0.4117305,0.46915466,0.8974362,0.68080014,0.1517091,0.038658038,0.23344257,0.26800588,0.3178019,0.39887822,0.5927315,-0.2041781,0.24898401,0.001360272,0.014111316,-0.061849657,-0.24731694,0.1556911,-0.23768781,-0.05155572,-0.19250159,-0.359585,-0.24119423,-0.14038336,0.49321142,-0.11671513,0.118940935,-0.17710708,0.22950107,-0.2684978,-0.061247718,-0.37697017,-0.00050382206,-0.10034369,-0.1644134,-0.24737489,-0.33884782,-0.3499971,-0.24719135,-0.30999368,-0.29328015,-0.40659806,-0.22945829,0.02156141,-0.08874604,0.4076488,0.89072603,0.7424721,0.5083752,0.7406052,0.4382175,0.66223854,0.75700134,0.5092458,0.32470688,0.21445613,0.21062787,0.70246375,0.41663578,0.60189635,0.42359537,-0.090304144,0.18414491,-0.18403904,0.42712957,-0.10359329,0.044060767,0.13232052,0.22081317,-0.09326397,-0.19647512,-0.5457384,0.2403848,-0.042586178,0.26017332,-0.32046348,-0.10391257,-0.36675078,-0.3219236,-0.37941945,-0.12305407,-0.40179127,-0.31750506,-0.103747934,-0.21299826,0.11641062,0.5297099,0.26767188,-0.100155495,-0.10990374,-0.17091273,-0.15541615,-0.08109104,0.040977556,-0.089203484
0.4707315,0.8631334,0.0,0.63675886,0.79008186,0.61072314,0.36859298,0.8794109,0.76929486,-0.00830909,-0.13178648,0.03255532,0.21822745,0.16767804,0.24501307,0.4458966,-0.40524957,0.18990935,-0.23256437,0.036530264,-0.28555682,-0.3759326,-0.0059884284,-0.35973436,-0.24955471,-0.2610859,-0.24135624,-0.15677384,-0.21320632,0.3860618,-0.11677651,0.06705669,-0.17629471,0.16318537,-0.28218555,0.0775952,-0.19200194,0.043529123,-0.05916842,0.003727483,-0.14549328,-0.27531683,-0.41323176,-0.1128361,-0.1947486,-0.17604758,-0.30082372,-0.13007088,0.15651384,0.039615326,0.47535446,0.87122405,0.5916591,0.4908534,0.9017649,0.5616803,0.7289037,0.7960158,0.39191607,0.1676333,0.1310264,0.23355655,0.64784336,0.247393,0.44447586,0.26339155,-0.024928344,0.00079491263,-0.2624769,0.40181667,-0.25087765,-0.05184395,-0.018920915,0.2680387,-0.26380253,-0.294489,-0.5916476,0.15653172,0.036423884,0.14003484,-0.4246344,0.01708813,-0.31988752,-0.3856301,-0.32817608,-0.0711845,-0.2252257,-0.15519556,0.012503741,-0.10014249,0.17438778,0.51660746,0.19135796,0.0136057455,-0.07973206,-0.06874005,-0.029127369,0.06374082,0.17141378,0.03474079
0.52474594,0.67236865,0.63675886,0.0,0.7171561,0.4177993,0.43098235,0.6515063,0.4467121,0.18986917,-0.053087972,0.0720845,0.08201469,0.08954559,0.1946383,0.5038584,-0.27541283,0.16295555,-0.16902582,0.056498643,-0.09840431,-0.23479418,0.2577796,-0.20706607,-0.14662263,-0.14842156,0.015410678,0.0008280698,-0.013741947,0.31239277,-0.075688586,0.3125061,0.116272986,0.1104345,-0.057374425,0.025992312,-0.057613023,0.17847586,0.1641816,0.14963655,-0.006717271,0.033200797,-0.1160164,0.011072699,-0.04754029,0.049302366,-0.062356554,0.0073231333,0.09985977,0.061181307,0.35624635,0.74723727,0.6244878,0.7521901,0.65856165,0.33079648,0.63660324,0.48777017,0.4526721,0.20480435,0.1314616,-0.034191206,0.37917578,0.1492688,0.3321067,0.18280213,-0.0409726,0.014192723,-0.14872779,0.28511366,-0.07951463,-0.14936067,0.002025754,0.20449628,-0.18140832,-0.24148805,-0.36463308,0.17898451,-0.1440747,0.30804217,-0.32638484,-0.008677097,-0.17400178,-0.26847255,-0.11406874,-0.022005497,-0.12238655,-0.004677171,-0.04446871,-0.046305876,0.17464142,0.48036462,0.34143966,0.012594092,-0.038291432,0.008516176,0.062511906,0.04637122,0.08611463,0.04720672
0.59607023,0.64334625,0.79008186,0.7171561,0.0,0.77911514,0.30269012,0.64848226,0.682346,-0.018343259,-0.22129308,-0.14645539,0.17095627,-0.03457887,0.11537697,0.25998193,-0.5884894,0.01855861,-0.4081085,0.06498314,-0.38745803,-0.56293535,-0.13677044,-0.48184323,-0.40834644,-0.38758934,0.02434922,-0.033398915,-0.22313717,0.1617081,0.036026485,0.2460815,0.061409567,-0.009248117,-0.2685934,0.24499252,0.14211763,0.32997635,0.27217838,0.36676866,0.16066979,0.024717582,-0.36663345,0.20111482,0.09225364,0.15869772,0.0054310313,0.14686278,0.3910061,0.32384554,0.54381794,0.76454145,0.45973885,0.60347754,0.8994408,0.6489095,0.7007877,0.62014645,0.32470503,0.09267182,0.097180806,0.14288457,0.3926497,0.020159485,0.21714978,0.07101828,0.14398055,-0.13915053,-0.29539463,0.25745964,-0.26690415,-0.34640443,-0.30249074,0.31063008,-0.46688542,-0.48921937,-0.53772485,-0.038802147,0.004838523,0.23094931,-0.59957415,0.24673529,-0.13566203,-0.5053689,-0.35794103,0.04000263,0.0673844,0.060989663,0.14212473,0.15364888,0.36741722,0.6060108,0.31418824,0.23419748,-0.046547078,0.22160402,0.28259093,0.30864885,0.37961745,0.308197
0.62802505,0.4117305,0.61072314,0.4177993,0.77911514,0.0,0.2654581,0.44125155,0.7088501,-0.19720013,-0.29469067,-0.3025452,0.15601467,-0.18858767,0.07059046,0.08774643,-0.64302564,0.05942614,-0.5288007,0.287013,-0.3761711,-0.66791725,-0.35588983,-0.5818388,-0.44085294,-0.4922871,0.11140615,0.024545807,-0.18847181,-0.088921145,0.022825502,0.18521975,0.108172074,0.008343663,-0.33890605,0.5025432,0.3967598,0.4072739,0.23864125,0.5252036,0.36961097,-0.03352202,-0.5466541,0.38955578,0.23604092,0.26041043,0.11877745,0.3558789,0.67758745,0.58074766,0.64356786,0.4898116,0.1813204,0.26777217,0.77748686,0.8484975,0.5500702,0.51165414,0.118972674,-0.032987777,-0.06193178,0.17007136,0.18082845,-0.18243265,0.055774126,-0.031497847,0.45959383,-0.28301784,-0.22195704,0.27465823,-0.1318186,-0.54812586,-0.4360594,0.32941765,-0.59503984,-0.5599073,-0.40585133,-0.28493032,0.044711705,0.14286745,-0.6469267,0.51542103,-0.024096569,-0.61223865,-0.41608083,0.1061771,0.33429286,0.15821865,0.44149932,0.38368624,0.4485725,0.542947,0.21532334,0.38582745,-0.17488816,0.42187572,0.4605798,0.5733923,0.6752213,0.5724394
0.33896437,0.46915466,0.36859298,0.43098235,0.30269012,0.2654581,0.0,0.38502395,0.2831834,0.23829135,0.2597398,0.3112823,0.32385436,0.41236845,0.52932173,0.7213809,0.30866492,0.2509939,0.33848614,0.20287696,0.3606876,0.18110275,0.48378304,0.103991345,0.20307109,0.08274594,0.23756509,0.3463849,0.49771836,0.29601175,0.058822803,0.33855146,0.4211213,0.28022164,0.35824934,-0.0962647,-0.10465301,0.053792845,-0.0566006,-0.102512404,0.0932686,0.092765056,0.14089532,0.011497717,0.056117848,0.11989018,0.07719618,0.24925053,0.10821446,0.0038670914,0.0485423,0.39208627,0.46324107,0.23968329,0.3620065,0.26096457,0.25096214,0.27766374,0.17189887,0.32888287,0.16440691,0.11470682,0.37926936,0.3673872,0.5297557,0.5365835,-0.013378899,0.3651489,-0.04498884,0.1708115,0.4217524,-0.12747793,0.3178471,-0.27842167,0.0555706,-0.0008132034,0.0817819,0.27133438,-0.28962472,0.118516594,-0.13021696,-0.17317203,-0.38553274,-0.09710723,-0.15375641,-0.2800585,-0.27006218,-0.33807257,-0.1443985,-0.30345622,-0.14210242,0.09297036,-5.835506e-05,-0.15040451,-0.3509774,-0.0085781505,-0.1294931,-0.06097986,0.026647454,-0.10699583
0.49093843,0.8974362,0.8794109,0.6515063,0.64848226,0.44125155,0.38502395,0.0,0.66067636,-0.07224355,-0.21436612,0.02981502,0.10388226,0.11679136,0.2225948,0.6075483,-0.25738335,0.41027093,-0.16127576,0.096155584,-0.16732365,-0.21887076,0.14421879,-0.2668094,-0.18168367,-0.22139227,-0.22983873,-0.22654957,-0.1745499,0.35270974,-0.15458773,0.07696899,-0.13959348,0.37248123,-0.1713604,0.104615055,-0.2243587,-0.051221963,-0.14763354,-0.10836532,-0.18550377,-0.38202173,-0.39552155,-0.20529099,-0.23339994,-0.24763131,-0.323769,-0.1712296,0.060445823,-0.038886894,0.45943478,0.90497863,0.71161616,0.4585414,0.78548944,0.43080303,0.79152787,0.7420178,0.3216966,0.10180386,-0.03445132,0.081532136,0.5429174,0.20550154,0.4566743,0.23635544,-0.02604389,-0.028051648,-0.05484674,0.5859788,-0.14303009,-0.015087056,0.15841909,0.23437649,-0.17818297,-0.22051701,-0.5410058,0.14400598,0.034754734,0.09060694,-0.28319,-0.036823224,-0.3146804,-0.24430662,-0.2370434,-0.07479782,-0.2689847,-0.20960721,0.035626184,-0.15842798,0.116253436,0.45605707,0.12059781,-0.11021251,-0.25523418,-0.18564169,-0.13619122,-0.009756802,0.10138493,-0.03408437
0.45625752,0.68080014,0.76929486,0.4467121,0.682346,0.7088501,0.2831834,0.66067636,0.0,-0.088510886,-0.11594812,-0.02155231,0.24047641,0.115057215,0.32310525,0.23919602,-0.40424782,0.17669779,-0.20912394,0.33818346,-0.09645371,-0.49180666,-0.21958327,-0.37172908,-0.20525387,-0.3219693,-0.28258702,-0.18840335,-0.076947264,0.24033043,-0.13808027,-0.066582754,-0.21956085,0.14660038,-0.47198603,0.28323296,0.0025136818,0.08710879,-0.0459942,0.1412989,-0.032409105,-0.35744345,-0.65263236,-0.019260665,-0.17065091,-0.17114,-0.30692407,-0.012080248,0.34167334,0.22174813,0.5644756,0.6073505,0.30159152,0.18444884,0.785515,0.8039228,0.52826124,0.83997947,0.32290542,0.114535995,0.04919857,0.22096297,0.511592,0.1495084,0.3443186,0.28297088,0.24256198,-0.02784774,-0.22498056,0.35310122,0.0055584004,-0.20730868,-0.11236715,0.30439746,-0.3019221,-0.33323663,-0.3874053,-0.008234275,0.0045596776,0.11150323,-0.43880525,0.24500178,-0.22516571,-0.53060335,-0.45021358,-0.064886026,-0.00027635638,-0.12208004,0.30443227,0.11322662,0.22869095,0.47760203,0.20404494,0.09018218,-0.18463907,0.08466009,0.10605033,0.28024262,0.37102556,0.2640398
-0.14622238,0.1517091,-0.00830909,0.18986917,-0.018343259,-0.19720013,0.23829135,-0.07224355,-0.088510886,0.0,0.8383183,0.7997823,0.3854364,0.54755294,0.33141384,0.05235448,0.20980269,-0.42394292,0.38935953,-0.24186356,0.32687607,0.18031417,0.18943685,0.32347643,0.43455082,0.3591431,-0.27158883,0.19723295,0.2246509,0.5298402,-0.043287326,0.13024512,-0.09812513,-0.42047885,-0.100097485,-0.66746116,-0.4870863,0.0312784,0.059695724,-0.17137198,-0.31054336,0.32892966,0.42587423,-0.23417859,-0.28689468,-0.11179422,-0.2231532,-0.30886856,-0.35249734,-0.3525002,-0.38857475,0.029549774,0.2054869,0.30785966,-0.093409844,-0.15479335,-0.26295596,0.0013985626,0.691545,0.7670803,0.81716275,0.28679678,0.45488626,0.564865,0.35854778,0.37152287,-0.46655166,0.6548893,-0.23626953,-0.45097256,0.10859465,0.34506974,0.087695464,-0.13040273,0.46631923,0.34210125,0.034173347,0.53328556,-0.4360713,0.40492654,0.076366216,-0.44866747,-0.23030637,-0.05955735,-0.09858715,-0.25307,-0.5120207,-0.19592017,-0.59390926,-0.3488435,-0.16913155,0.12172299,0.43955103,-0.0706144,0.5355789,-0.14974864,-0.21168725,-0.4547196,-0.42506245,-0.40177175
-0.3619117,0.038658038,-0.13178648,-0.053087972,-0.22129308,-0.29469067,0.2597398,-0.21436612,-0.11594812,0.8383183,0.0,0.8613032,0.5325542,0.7162717,0.45477512,-0.00062795985,0.43040815,-0.45999342,0.61538434,-0.2369793,0.46701303,0.27907404,0.16923195,0.41683057,0.49563476,0.4416454,-0.2872836,0.27679762,0.34492376,0.5582283,-0.01047796,-0.033470687,-0.092908755,-0.42306635,-0.06107982,-0.72097194,-0.5374143,-0.055434436,-0.072138615,-0.31433836,-0.33811942,0.26712862,0.44984075,-0.26508853,-0.29171103,-0.15516831,-0.24360806,-0.27622062,-0.37203795,-0.3889309,-0.5254841,-0.14888623,0.03639382,0.04662384,-0.25242218,-0.2210089,-0.4924448,-0.07446766,0.5251593,0.76131094,0.8045703,0.38916153,0.46258032,0.6880911,0.40319356,0.52653944,-0.46653652,0.79214406,-0.2556224,-0.5394214,0.21755785,0.4120812,0.17411779,-0.26867428,0.542944,0.41438472,0.17089656,0.55057275,-0.43258354,0.2655143,0.15183817,-0.48876294,-0.26252753,0.039808128,-0.1375715,-0.3305739,-0.57102436,-0.29787692,-0.6232562,-0.42052072,-0.2995883,-0.0652988,0.2796475,-0.13323128,0.46096092,-0.17735685,-0.29023325,-0.47741017,-0.45936742,-0.45878068
-0.28589395,0.23344257,0.03255532,0.0720845,-0.14645539,-0.3025452,0.3112823,0.02981502,-0.02155231,0.7997823,0.8613032,0.0,0.35970187,0.65809345,0.39490366,0.17147894,0.4174836,-0.2333471,0.5659769,-0.1377036,0.46553195,0.3614403,0.27413914,0.52064145,0.5850684,0.53185546,-0.43299583,0.15070187,0.3453,0.62563425,-0.12718168,-0.11634022,-0.2689261,-0.24979934,-0.04797622,-0.732883,-0.70111436,-0.28893566,-0.29406503,-0.48138985,-0.5486179,0.07234964,0.39275828,-0.4785704,-0.5219118,-0.3865026,-0.46777266,-0.4777761,-0.52747846,-0.57992834,-0.5047456,0.040261887,0.17418878,0.10534138,-0.11926246,-0.20043343,-0.32783046,0.13603099,0.5638594,0.6902983,0.7325311,0.26017606,0.56709504,0.6637631,0.42014384,0.48688853,-0.57972753,0.724503,-0.25495487,-0.34934965,0.22431709,0.5223183,0.3626062,-0.2920787,0.6757335,0.5506678,0.13008043,0.6436493,-0.46649948,0.16082163,0.26681775,-0.6531188,-0.4698851,0.050083525,-0.055964764,-0.4969239,-0.72675014,-0.48114988,-0.6201857,-0.6131599,-0.44622836,-0.09550022,0.20303325,-0.3564546,0.3578525,-0.406044,-0.52517,-0.66232985,-0.5937733,-0.6231154
-0.1136141,0.26800588,0.21822745,0.08201469,0.17095627,0.15601467,0.32385436,0.10388226,0.24047641,0.3854364,0.5325542,0.35970187,0.0,0.67216074,0.6277865,0.07814382,0.078133665,-0.4021883,0.3329657,-0.395707,0.027719332,-0.22372578,-0.09207624,-0.2676459,-0.18539728,-0.16549504,-0.032856748,0.25543118,0.056823112,0.43394873,0.17889984,0.21674185,0.11615396,-0.2988076,-0.21142103,-0.2746159,-0.17002657,0.4447668,0.30649215,-0.011855077,0.13733229,0.31928447,0.050602797,0.212602,0.16329624,0.23288198,0.113984644,0.1548822,0.16064647,0.15135807,-0.06109861,0.1794934,0.3175046,0.22499608,0.15327355,0.11736547,0.038470086,0.07938725,0.27078298,0.5711074,0.6016237,0.8622524,0.5726998,0.6798031,0.55463845,0.6377883,-0.09111231,0.6608307,-0.1265597,-0.18490432,-0.020754188,0.015866917,-0.27697787,-0.004925032,-0.14333661,-0.23380782,-0.2590281,0.18547316,-0.08601987,0.41850474,-0.4349343,0.023343334,0.06818738,-0.17092195,-0.5201271,0.024254393,-0.22453636,-0.057708725,-0.3461989,-0.0094673885,0.20385414,0.31710833,0.32179508,0.3271271,0.31804603,0.3141617,0.2511412,0.08921213,0.07592247,0.056756392
-0.30033985,0.3178019,0.16767804,0.08954559,-0.03457887,-0.18858767,0.41236845,0.11679136,0.115057215,0.54755294,0.7162717,0.65809345,0.67216074,0.0,0.7633288,0.253718,0.43037784,-0.29595515,0.64992607,-0.33935502,0.37196505,0.19867554,0.27881518,0.18702538,0.29457945,0.24015437,-0.26257136,0.19725014,0.3017836,0.729978,0.030738499,0.013879144,-0.06705602,-0.20902446,-0.036379043,-0.6306569,-0.5714179,-0.033070356,-0.10963019,-0.46882844,-0.29889253,0.10565677,0.2542165,-0.24904095,-0.22358702,-0.16466565,-0.23488717,-0.20251821,-0.29183897,-0.33549985,-0.32958475,0.119569615,0.28635934,0.17346431,-0.017369643,-0.11939307,-0.18936577,0.128537,0.38954735,0.6736415,0.6328052,0.5627501,0.69961756,0.9613638,0.73207116,0.8618876,-0.4182056,0.85350764,-0.23220132,-0.30952302,0.17151435,0.35959095,0.2236228,-0.2205293,0.31887606,0.17605071,-0.014302615,0.5620945,-0.27510828,0.23355901,-0.019605642,-0.4225105,-0.23002633,0.049796145,-0.24753428,-0.25883833,-0.62369704,-0.3616872,-0.61802524,-0.43587112,-0.24156684,-3.4069162e-05,0.17878164,-0.10736066,0.299578,-0.13999094,-0.2517565,-0.36834282,-0.37333786,-0.4115344
0.034200884,0.39887822,0.24501307,0.1946383,0.11537697,0.07059046,0.52932173,0.2225948,0.32310525,0.33141384,0.45477512,0.39490366,0.6277865,0.7633288,0.0,0.41326076,0.3189816,-0.0056720986,0.5695865,-0.03599889,0.40986136,-0.034557156,0.22904195,-0.081052884,0.14620878,-0.11923766,-0.10038127,0.09269796,0.2945379,0.45749235,0.17304906,0.2518121,0.18910423,0.05361951,-0.044368412,-0.17517462,-0.19701669,0.20535484,0.048842415,-0.2158892,0.053547356,0.0026414588,-0.05450437,0.024448171,0.033138428,0.021679614,-0.0429842,0.14034158,0.0991578,0.04561699,0.08379401,0.23031203,0.36381808,0.13367246,0.14470382,0.19042759,0.04508374,0.212154,0.30245677,0.57464206,0.35710785,0.455384,0.52094245,0.707684,0.7800989,0.93417865,0.054144986,0.67840993,-0.07371105,0.01904045,0.36345813,-0.0023055025,0.12599704,-0.05515369,0.0051149176,-0.14504026,-0.020600172,0.2019026,-0.085814744,0.36602175,-0.22886159,-0.021128502,-0.00082934764,-0.10667326,-0.41232204,-0.015615797,-0.25635085,-0.27775487,-0.18287207,-0.09077195,0.07690967,0.21529129,0.20285666,0.11506693,-0.017821107,0.15110381,0.046263266,0.03349059,0.044112504,-0.0054156184
0.39555937,0.5927315,0.4458966,0.5038584,0.25998193,0.08774643,0.7213809,0.6075483,0.23919602,0.05235448,-0.00062795985,0.17147894,0.07814382,0.253718,0.41326076,0.0,0.29060942,0.5779411,0.25991762,0.18748474,0.28138858,0.25134194,0.6574114,0.057904083,0.19556199,0.0035389857,0.095061265,0.086193584,0.2729058,0.27613443,-0.052514683,0.32708895,0.29700464,0.5956521,0.37807426,-0.007509812,-0.18024556,-0.07120839,-0.14843875,-0.22024243,-0.040895455,-0.2032395,0.0056321244,-0.16993226,-0.060184184,-0.08317092,-0.042808227,0.066548325,-0.0294806,-0.10928865,0.20645821,0.5418839,0.6747067,0.30164245,0.34516948,0.136321,0.46489513,0.31012955,0.1592209,0.16211776,-0.08295234,-0.076323375,0.28215468,0.27160963,0.52759737,0.4202338,-0.001969933,0.15950175,0.19474062,0.522387,0.32224098,0.018432964,0.5001612,-0.07102264,0.05529518,0.0013938716,-0.050878275,0.20798033,-0.0927795,0.09930448,0.001139954,-0.16255875,-0.2320638,0.12660275,-0.0077340365,-0.0643901,-0.2768722,-0.2798503,-0.06354383,-0.27046382,-0.08036513,0.15559444,0.006698944,-0.24475205,-0.4602463,-0.19593985,-0.23939644,-0.10731698,-0.039369863,-0.157637
-0.4743245,-0.2041781,-0.40524957,-0.27541283,-0.5884894,-0.64302564,0.30866492,-0.25738335,-0.40424782,0.20980269,0.43040815,0.4174836,0.078133665,0.43037784,0.3189816,0.29060942,0.0,0.16829118,0.8152736,0.016002245,0.7104006,0.7858256,0.5600177,0.65084803,0.53855515,0.53055483,0.0771295,0.21814865,0.63232046,0.18175477,0.0029074019,-0.07897703,0.16542035,0.22419353,0.58544296,-0.4307124,-0.31862107,-0.39579183,-0.29757738,-0.55176634,-0.23580228,0.009764285,0.54249024,-0.3321132,-0.14193103,-0.17043714,-0.022416173,-0.09257072,-0.4951433,-0.48078024,-0.54351014,-0.34779838,-0.052717138,-0.3016836,-0.5259852,-0.4960489,-0.46687743,-0.2707248,-0.14060159,0.127111,0.06609289,-0.045208804,-0.0016521116,0.36022538,0.25811976,0.40308455,-0.31210318,0.4860431,0.2364177,-0.14432551,0.5523302,0.44213536,0.629903,-0.52143866,0.6069198,0.5510696,0.59897256,0.37705675,-0.16811691,-0.15904051,0.5836602,-0.51243716,-0.13971508,0.5742614,0.33483875,-0.2654425,-0.3639055,-0.37408173,-0.37182942,-0.49401492,-0.5582461,-0.58627987,-0.30048415,-0.47669536,-0.13014711,-0.378159,-0.493317,-0.48562035,-0.5442505,-0.53956723
0.38345557,0.24898401,0.18990935,0.16295555,0.01855861,0.05942614,0.2509939,0.41027093,0.17669779,-0.42394292,-0.45999342,-0.2333471,-0.4021883,-0.29595515,-0.0056720986,0.5779411,0.16829118,0.0,-0.012811991,0.54599833,0.22332598,0.22247948,0.38713396,0.0682734,0.15385273,-0.07554012,0.0725408,-0.20548391,0.1409047,-0.22578326,-0.14519414,0.06037926,0.14256506,0.887784,0.30939177,0.44032097,0.12615167,-0.27370793,-0.29496482,-0.09715187,0.013110205,-0.53542024,-0.28006485,-0.16998313,-0.06432071,-0.21867706,-0.07810693,0.071754865,0.06397959,0.005581848,0.3624468,0.23913832,0.27087644,-0.17922321,0.15861368,0.18907975,0.36972395,0.24226128,-0.2014112,-0.33606252,-0.6100307,-0.44737822,-0.20175152,-0.28710502,0.029529227,-0.028983872,0.32377115,-0.32839346,0.48960403,0.7775705,0.37468603,-0.07277733,0.49825656,0.04177105,-0.00982803,0.040850583,0.1473627,-0.18329088,0.18603878,-0.209372,0.23085475,0.104821116,-0.046952635,0.18546252,0.17004283,0.08362713,0.14670807,-0.13567232,0.45507714,0.0071533513,-0.053958204,-0.050132893,-0.28486946,-0.3000817,-0.7270098,-0.23293908,-0.21129769,0.0902425,0.13050367,0.051026843
-0.46485808,0.001360272,-0.23256437,-0.16902582,-0.4081085,-0.5288007,0.33848614,-0.16127576,-0.20912394,0.38935953,0.61538434,0.5659769,0.3329657,0.64992607,0.5695865,0.25991762,0.8152736,-0.012811991,0.0,-0.09929959,0.6776202,0.5414947,0.41956803,0.4856829,0.48531142,0.3704248,-0.08859977,0.12498503,0.5417143,0.34540164,0.14803821,0.048872467,0.080909394,0.0704979,0.3030235,-0.5125354,-0.43177396,-0.21368945,-0.23080222,-0.5652754,-0.23736183,0.039084263,0.44296333,-0.27534196,-0.15186046,-0.1755775,-0.11148121,-0.11524422,-0.42533332,-0.4226275,-0.44044113,-0.19349419,0.068400435,-0.15065184,-0.39613932,-0.39121825,-0.4144272,-0.13362452,0.13890281,0.38705644,0.3388071,0.1712666,0.23051096,0.60721457,0.51721513,0.6110556,-0.31870568,0.7392822,0.051615845,-0.22267632,0.51305926,0.36244667,0.4759966,-0.4667238,0.51843613,0.3621865,0.43604705,0.3581589,-0.1407525,0.10771633,0.34301338,-0.47588173,-0.14245254,0.32216933,0.029289437,-0.26336628,-0.45549154,-0.48460498,-0.46520182,-0.46571743,-0.39289856,-0.33172783,-0.09679441,-0.31469277,0.021950867,-0.2481698,-0.40753698,-0.4514985,-0.4912207,-0.4832904
0.40500665,0.014111316,0.036530264,0.056498643,0.06498314,0.287013,0.20287696,0.096155584,0.33818346,-0.24186356,-0.2369793,-0.1377036,-0.395707,-0.33935502,-0.03599889,0.18748474,0.016002245,0.54599833,-0.09929959,0.0,0.3965215,0.054885615,0.1070166,0.16054587,0.2530491,0.0588171,0.058126573,-0.01791001,0.3838955,-0.2792115,-0.25183785,-0.10654246,0.059942134,0.4301362,0.06808523,0.51072675,0.31604645,-0.20721169,-0.23916778,0.15991789,0.07809375,-0.33574075,-0.34160414,-0.036316186,-0.0831118,-0.14695942,-0.1061746,0.14311738,0.23127028,0.15334286,0.32685748,-0.04592282,-0.1803659,-0.3334926,0.14298294,0.48298153,0.055188783,0.26943588,-0.08139327,-0.25107366,-0.42964408,-0.48149645,-0.2618211,-0.40157127,-0.21299817,-0.10757663,0.4408559,-0.31850407,0.19788645,0.32288918,0.5715482,-0.2621536,0.28384763,0.004715988,0.032712154,0.117218964,0.4099708,-0.15721592,-0.12852892,-0.21919763,0.17138693,0.2221593,-0.07018161,-0.1271544,0.14128856,-0.10059483,0.34041485,-0.035567075,0.6326938,0.16380063,-0.11241539,-0.085247494,-0.14256743,-0.17701145,-0.49309862,-0.06210304,-0.056343377,0.21991685,0.2563426,0.2302355
-0.20566562,-0.061849657,-0.28555682,-0.09840431,-0.38745803,-0.3761711,0.3606876,-0.16732365,-0.09645371,0.32687607,0.46701303,0.46553195,0.027719332,0.37196505,0.40986136,0.28138858,0.7104006,0.22332598,0.6776202,0.3965215,0.0,0.5663669,0.49332705,0.6095369,0.6777666,0.48910946,-0.08042873,0.18480407,0.74309266,0.20585509,-0.15643689,-0.07888281,0.058680683,0.2346965,0.30103546,-0.2569745,-0.24765508,-0.34324554,-0.30707496,-0.3825333,-0.24531646,-0.10569157,0.25203624,-0.3477162,-0.27849352,-0.27388248,-0.20365624,-0.12364501,-0.34317797,-0.36028293,-0.32334113,-0.2774796,-0.0835502,-0.31709325,-0.35626486,-0.12689908,-0.44195646,-0.020431427,0.13876061,0.24642418,0.08460111,-0.16276062,0.050195217,0.299761,0.23117857,0.43114778,-0.1017979,0.45799533,0.1769352,-0.10499003,0.81326675,0.2914941,0.60402924,-0.3483259,0.58765,0.5271641,0.67618775,0.3482887,-0.33616567,-0.068859726,0.5088152,-0.342421,-0.17326142,0.29596174,0.22271709,-0.27223232,-0.2293405,-0.3312642,-0.10094758,-0.30963975,-0.45358062,-0.374097,-0.050995886,-0.42008433,-0.12922849,-0.32417816,-0.41539606,-0.33143795,-0.37226123,-0.351347
-0.46833187,-0.24731694,-0.3759326,-0.23479418,-0.56293535,-0.66791725,0.18110275,-0.21887076,-0.49180666,0.18031417,0.27907404,0.3614403,-0.22372578,0.19867554,-0.034557156,0.25134194,0.7858256,0.22247948,0.5414947,0.054885615,0.5663669,0.0,0.6374831,0.84582514,0.63345426,0.7837295,0.06410446,0.25204444,0.58152604,0.20097871,-0.1918049,-0.2539705,0.012432001,0.23447503,0.6678974,-0.48613834,-0.40350625,-0.6574193,-0.49320984,-0.54335815,-0.4452854,-0.029489072,0.63476294,-0.5325605,-0.34437117,-0.32259905,-0.175527,-0.31676868,-0.6863972,-0.69646126,-0.67847884,-0.34100047,-0.13518067,-0.26571876,-0.48383856,-0.5599835,-0.46359155,-0.24450769,-0.17869121,-0.024108585,7.108247e-05,-0.29755884,-0.07292179,0.1630099,-0.013820637,0.09614186,-0.5101625,0.2187982,0.1935547,-0.18958504,0.37410238,0.56882346,0.7673983,-0.5244125,0.7689463,0.78011686,0.60172933,0.52108514,-0.29525295,-0.44757566,0.7962909,-0.6938443,-0.302824,0.67911595,0.63665646,-0.39988548,-0.42685112,-0.32144228,-0.40634853,-0.6271413,-0.7535725,-0.7251399,-0.39042917,-0.68953604,-0.06648814,-0.64791304,-0.7229106,-0.6748392,-0.7127348,-0.73102486
0.039086305,0.1556911,-0.0059884284,0.2577796,-0.13677044,-0.35588983,0.48378304,0.14421879,-0.21958327,0.18943685,0.16923195,0.27413914,-0.09207624,0.27881518,0.22904195,0.6574114,0.5600177,0.38713396,0.41956803,0.1070166,0.49332705,0.6374831,0.0,0.46824655,0.43063796,0.41290334,0.17486218,0.25501305,0.49527955,0.33197406,-0.2223724,0.1678179,0.27448833,0.43668658,0.6228637,-0.2971113,-0.2740189,-0.2714323,-0.19930516,-0.2725325,-0.2096952,-0.009844365,0.40586272,-0.34636736,-0.16934833,-0.12810163,-0.031621255,-0.09627077,-0.3858875,-0.39472425,-0.2625029,0.07656168,0.34374952,0.1136848,-0.112279885,-0.24511302,-0.0096671395,-0.062238015,0.036005232,0.14883637,-0.030559456,-0.23479618,0.09409776,0.24979648,0.2971374,0.3205247,-0.2598119,0.19620813,0.30053243,0.11745269,0.38742125,0.330823,0.6864208,-0.19266073,0.42766857,0.4110272,0.32723844,0.4530896,-0.31535974,-0.07281444,0.44913113,-0.40647012,-0.11795576,0.5449705,0.4633235,-0.0960847,-0.32299766,-0.115268186,-0.26813352,-0.36020622,-0.36114565,-0.22837678,-0.04189574,-0.3923665,-0.1542863,-0.41182062,-0.4067388,-0.35081434,-0.39078,-0.43427506
-0.45517614,-0.23768781,-0.35973436,-0.20706607,-0.48184323,-0.5818388,0.103991345,-0.2668094,-0.37172908,0.32347643,0.41683057,0.52064145,-0.2676459,0.18702538,-0.081052884,0.057904083,0.65084803,0.0682734,0.4856829,0.16054587,0.6095369,0.84582514,0.46824655,0.0,0.739322,0.8872784,-0.1379042,0.1999366,0.58588296,0.25106782,-0.28735515,-0.37937933,-0.20250043,0.03945353,0.42964226,-0.55401343,-0.48438257,-0.73097503,-0.54140973,-0.5077161,-0.59716487,-0.046491347,0.57135236,-0.63167,-0.5327893,-0.4636722,-0.36083397,-0.49021217,-0.7490836,-0.7761104,-0.6884455,-0.3792717,-0.2650753,-0.28729832,-0.43811977,-0.43508494,-0.57309985,-0.099712856,0.049768597,0.077313066,0.13785659,-0.336762,-0.010008678,0.15312886,-0.09849851,0.031637497,-0.57177,0.23541518,-0.016727189,-0.3460052,0.390079,0.6094158,0.6988288,-0.49410287,0.9132116,0.8968488,0.64692014,0.6039077,-0.40800533,-0.4030314,0.8182697,-0.75184304,-0.442317,0.4797445,0.5825728,-0.552789,-0.46664667,-0.3836481,-0.3973508,-0.65477026,-0.8058621,-0.68143094,-0.26643977,-0.74354464,0.07599176,-0.7063643,-0.78318816,-0.7622539,-0.7765231,-0.76658744
-0.18976626,-0.05155572,-0.24955471,-0.14662263,-0.40834644,-0.44085294,0.20307109,-0.18168367,-0.20525387,0.43455082,0.49563476,0.5850684,-0.18539728,0.29457945,0.14620878,0.19556199,0.53855515,0.15385273,0.48531142,0.2530491,0.6777666,0.63345426,0.43063796,0.739322,0.0,0.59431154,-0.31871462,-0.0017847677,0.45529553,0.28455514,-0.22117156,-0.20236218,-0.18810928,0.09340589,0.20900303,-0.41858253,-0.4786346,-0.5689073,-0.5399766,-0.49818814,-0.52435684,-0.18791088,0.3054892,-0.58017987,-0.5431143,-0.5352808,-0.465412,-0.41465926,-0.5258748,-0.59459025,-0.39296594,-0.26623675,-0.114742205,-0.3036703,-0.3481614,-0.22004561,-0.49810842,-0.027180355,0.26961738,0.32608667,0.19173197,-0.27856952,0.080626465,0.23699802,0.12487319,0.209353,-0.3011842,0.3000007,-0.010048031,-0.19405976,0.47900277,0.47785193,0.66747016,-0.3103779,0.7821082,0.7159889,0.5099114,0.46354404,-0.3303599,-0.12194605,0.6521415,-0.52627176,-0.3439576,0.27766487,0.29482558,-0.41017362,-0.4440491,-0.42841998,-0.24730298,-0.4702603,-0.5528478,-0.38556644,-0.09203903,-0.55083716,0.00909101,-0.55551875,-0.6455938,-0.5646412,-0.5360738,-0.5586156
-0.45252398,-0.19250159,-0.2610859,-0.14842156,-0.38758934,-0.4922871,0.08274594,-0.22139227,-0.3219693,0.3591431,0.4416454,0.53185546,-0.16549504,0.24015437,-0.11923766,0.0035389857,0.53055483,-0.07554012,0.3704248,0.0588171,0.48910946,0.7837295,0.41290334,0.8872784,0.59431154,0.0,-0.10343505,0.35051695,0.5653459,0.37341872,-0.36815596,-0.4643942,-0.25862244,-0.12896425,0.3805807,-0.61783886,-0.49106398,-0.6881333,-0.52213925,-0.44765478,-0.6182363,0.06768281,0.5928298,-0.5876919,-0.51875263,-0.3939694,-0.35248682,-0.5039243,-0.7279569,-0.76139253,-0.78256667,-0.3058274,-0.26108328,-0.17002743,-0.3365242,-0.41123325,-0.49768808,-0.07080901,0.06776491,0.12537839,0.23372146,-0.20554267,0.12689297,0.22441123,-0.11541951,0.0348367,-0.6919259,0.26292622,-0.11026955,-0.44920143,0.25633037,0.5958991,0.59824824,-0.5026529,0.84537464,0.89213777,0.5238287,0.72744596,-0.53643304,-0.48168558,0.70372283,-0.79100186,-0.4893226,0.42933747,0.60574144,-0.61583155,-0.5212707,-0.2713739,-0.48875976,-0.68727046,-0.85612214,-0.67235434,-0.26101333,-0.6617354,0.22423968,-0.6629364,-0.7294181,-0.75749385,-0.7758023,-0.77639407
0.18536219,-0.359585,-0.24135624,0.015410678,0.02434922,0.11140615,0.23756509,-0.22983873,-0.28258702,-0.27158883,-0.2872836,-0.43299583,-0.032856748,-0.26257136,-0.10038127,0.095061265,0.0771295,0.0725408,-0.08859977,0.058126573,-0.08042873,0.06410446,0.17486218,-0.1379042,-0.31871462,-0.10343505,0.0,0.57951546,0.2679201,-0.4256917,0.3192714,0.4415224,0.7936549,0.08759819,0.5964006,0.33340392,0.6699524,0.3919564,0.3821839,0.4122135,0.71150416,0.5664508,0.32212055,0.65997356,0.784796,0.79744005,0.8584581,0.7779248,0.398699,0.46936405,-0.0077242507,-0.13725734,-0.10768071,0.119557105,-0.069945365,-0.08243399,0.11238484,-0.42806962,-0.5047214,-0.26544335,-0.34123474,-0.12014044,-0.4650888,-0.33402,-0.20330395,-0.14914684,0.27570337,-0.17398594,0.21228819,0.037684113,0.17668653,-0.5172353,-0.18331227,-0.3234047,-0.3708484,-0.2939486,0.27126262,-0.28849122,0.0841888,-0.11668474,-0.19743225,0.2802922,0.31292024,0.15997225,0.21004294,0.18594779,0.49528366,0.34239015,0.15814963,0.22786464,0.08458587,-0.20639205,-0.27267,0.32672566,-0.2520215,0.49652514,0.42849272,0.3906043,0.31960928,0.34579462
-0.01737016,-0.24119423,-0.15677384,0.0008280698,-0.033398915,0.024545807,0.3463849,-0.22654957,-0.18840335,0.19723295,0.27679762,0.15070187,0.25543118,0.19725014,0.09269796,0.086193584,0.21814865,-0.20548391,0.12498503,-0.01791001,0.18480407,0.25204444,0.25501305,0.1999366,-0.0017847677,0.35051695,0.57951546,0.0,0.5061655,0.11575653,-0.08514264,0.09357848,0.42052272,-0.24879166,0.38473114,-0.15483533,0.17345344,0.1647444,0.11081645,0.15442733,0.23723295,0.6143364,0.44416007,0.27236137,0.30186918,0.4456793,0.3863707,0.35072228,0.081490554,0.08695009,-0.39945686,-0.2015291,-0.14286853,0.105919704,-0.088636376,-0.07041535,-0.14026774,-0.27713338,-0.15957026,0.14932784,0.15827702,0.16009913,0.028662799,0.12506413,-0.030569464,0.139007,-0.14693077,0.2342949,-0.011688649,-0.3400601,0.22168747,-0.12426936,0.010238313,-0.4275389,0.06680363,0.1618633,0.3119311,0.31806347,-0.49833813,-0.2012111,-0.025365831,-0.13312946,-0.049693186,0.12536857,0.25268528,-0.20745288,0.012231545,0.19512035,-0.21862873,-0.14461705,-0.29642096,-0.31476507,-0.12501678,0.11383192,0.14753217,0.20248617,0.094992265,0.012189402,-0.018816058,-0.039058685
-0.1601938,-0.14038336,-0.21320632,-0.013741947,-0.22313717,-0.18847181,0.49771836,-0.1745499,-0.076947264,0.2246509,0.34492376,0.3453,0.056823112,0.3017836,0.2945379,0.2729058,0.63232046,0.1409047,0.5417143,0.3838955,0.74309266,0.58152604,0.49527955,0.58588296,0.45529553,0.5653459,0.2679201,0.5061655,0.0,0.17995262,-0.13223708,-0.049040034,0.24645963,0.12922145,0.4896248,-0.20028107,-0.04789516,-0.26831624,-0.20934461,-0.20499103,-0.07520827,0.15514024,0.40262765,-0.14901786,-0.06270646,-0.0027002385,0.0528588,0.0875695,-0.21393424,-0.25028688,-0.39353678,-0.24013278,-0.16615623,-0.1987819,-0.19903755,-0.054406617,-0.354848,-0.036303468,-0.0411306,0.1109167,0.048508223,-0.12880252,0.0358941,0.20828702,0.14285931,0.3523826,-0.16875763,0.346621,0.093083255,-0.20243236,0.7406067,0.12638696,0.49205834,-0.52803105,0.45918176,0.47829595,0.7166531,0.4137243,-0.44249055,-0.2581798,0.3802237,-0.3415568,-0.22421971,0.31605577,0.34845704,-0.387064,-0.1324658,-0.21317819,-0.13326167,-0.3516081,-0.54108137,-0.48265162,-0.18849558,-0.37194705,-0.12019362,-0.21315384,-0.32829648,-0.25114617,-0.30305752,-0.30540892
-0.15504655,0.49321142,0.3860618,0.31239277,0.1617081,-0.088921145,0.29601175,0.35270974,0.24033043,0.5298402,0.5582283,0.62563425,0.43394873,0.729978,0.45749235,0.27613443,0.18175477,-0.22578326,0.34540164,-0.2792115,0.20585509,0.20097871,0.33197406,0.25106782,0.28455514,0.37341872,-0.4256917,0.11575653,0.17995262,0.0,-0.34372365,-0.19971702,-0.35474205,-0.17012441,-0.13106212,-0.6713372,-0.72307676,-0.24615654,-0.21299453,-0.39842847,-0.6020029,-0.041058324,0.15959355,-0.5314066,-0.54761636,-0.41414487,-0.52817684,-0.5316092,-0.46812877,-0.53115666,-0.30251327,0.30823505,0.3834033,0.319454,0.2166955,-0.005186491,-0.0072586657,0.3592811,0.53381366,0.5790937,0.5725706,0.38553295,0.8332402,0.79223984,0.5387069,0.58509916,-0.5944812,0.5672234,-0.28369358,-0.2540139,-0.06921007,0.56535655,0.31284732,0.01192057,0.4131972,0.368706,-0.18165413,0.8171105,-0.42881262,0.07936793,0.10637805,-0.53983295,-0.37183544,0.08041266,0.011664422,-0.26198295,-0.7181658,-0.21397361,-0.5966468,-0.4820079,-0.29691854,0.088911414,0.29324952,-0.26090914,0.434848,-0.43348038,-0.40735254,-0.4900795,-0.4943527,-0.5437587
0.0030105137,-0.11671513,-0.11677651,-0.075688586,0.036026485,0.022825502,0.058822803,-0.15458773,-0.13808027,-0.043287326,-0.01047796,-0.12718168,0.17889984,0.030738499,0.17304906,-0.052514683,0.0029074019,-0.14519414,0.14803821,-0.25183785,-0.15643689,-0.1918049,-0.2223724,-0.28735515,-0.22117156,-0.36815596,0.3192714,-0.08514264,-0.13223708,-0.34372365,0.0,0.54276085,0.450272,-0.06964076,0.13523698,0.1244721,0.28203902,0.42481327,0.31598637,0.09778768,0.47844085,0.33367115,0.14383109,0.5076525,0.5602662,0.47044936,0.49132952,0.481101,0.27634862,0.33402708,0.14919406,-0.017015975,0.004840968,0.11210897,-0.060701754,-0.15382922,0.05129473,-0.24503385,-0.06393042,0.06938839,0.058444526,0.16164172,-0.18409231,-0.001856722,0.20479012,0.0885365,0.17475045,0.1743066,-0.11100572,0.008501317,-0.022407405,-0.37640634,-0.30322045,-0.2061358,-0.29805946,-0.4160034,-0.019874627,-0.42394242,0.49135,0.36117488,-0.363346,0.19575918,0.2425204,-0.13983892,-0.35558906,0.16582324,0.20259872,-0.14339101,-0.045037072,0.1168604,0.2875802,0.0695866,-0.12954967,0.3505774,-0.12146223,0.4874723,0.326058,0.20329545,0.21741912,0.2392013
0.41524655,0.118940935,0.06705669,0.3125061,0.2460815,0.18521975,0.33855146,0.07696899,-0.066582754,0.13024512,-0.033470687,-0.11634022,0.21674185,0.013879144,0.2518121,0.32708895,-0.07897703,0.06037926,0.048872467,-0.10654246,-0.07888281,-0.2539705,0.1678179,-0.37937933,-0.20236218,-0.4643942,0.4415224,0.09357848,-0.049040034,-0.19971702,0.54276085,0.0,0.6867904,0.09395758,0.21587501,0.22738385,0.37400594,0.64082515,0.5707908,0.3889838,0.6031038,0.3977555,0.09181626,0.560058,0.60335845,0.60015893,0.57734036,0.59337014,0.415284,0.47069016,0.32254857,0.24322486,0.38867903,0.429071,0.10720356,0.020866318,0.33447024,-0.19358169,0.12734938,0.24758072,0.052093443,0.112180516,-0.1153117,-0.008250173,0.28906125,0.15742378,0.3204273,0.10584421,0.14409788,0.23048222,0.055237383,-0.4698625,-0.24013719,0.04623978,-0.4113014,-0.5145708,-0.14349368,-0.3425232,0.25991333,0.58570266,-0.44090563,0.33646634,0.337427,-0.10470803,-0.27189678,0.36933273,0.25928116,0.15891592,0.0550094,0.29048726,0.48820573,0.42087278,0.2217863,0.4979127,-0.11701677,0.55775297,0.49261045,0.37084082,0.36198035,0.37762618
0.29144973,-0.17710708,-0.17629471,0.116272986,0.061409567,0.108172074,0.4211213,-0.13959348,-0.21956085,-0.09812513,-0.092908755,-0.2689261,0.11615396,-0.06705602,0.18910423,0.29700464,0.16542035,0.14256506,0.080909394,0.059942134,0.058680683,0.012432001,0.27448833,-0.20250043,-0.18810928,-0.25862244,0.7936549,0.42052272,0.24645963,-0.35474205,0.450272,0.6867904,0.0,0.19068718,0.54003155,0.3087419,0.56829834,0.53965265,0.4731492,0.389397,0.74787825,0.4700927,0.26389858,0.64162636,0.76772815,0.759105,0.8079372,0.8121485,0.4561772,0.5098258,0.13270026,-0.036734637,0.12799868,0.17103665,-0.058034565,-0.012231292,0.15271437,-0.39131367,-0.28900316,-0.03800534,-0.1928689,-0.043167066,-0.36314124,-0.14197671,0.11017957,0.0954967,0.39050466,0.014827099,0.28355086,0.14334194,0.3020901,-0.53058904,-0.12977353,-0.19453494,-0.37368175,-0.3799141,0.21630247,-0.330613,0.11612924,0.22023197,-0.26185477,0.33545914,0.34553668,0.10547752,0.0057876976,0.29401824,0.42386496,0.20382269,0.15015082,0.27941403,0.26534334,0.05938335,-0.03932438,0.35936278,-0.30189493,0.5430922,0.47207212,0.42907378,0.3740648,0.39297095
0.28962445,0.22950107,0.16318537,0.1104345,-0.009248117,0.008343663,0.28022164,0.37248123,0.14660038,-0.42047885,-0.42306635,-0.24979934,-0.2988076,-0.20902446,0.05361951,0.5956521,0.22419353,0.887784,0.0704979,0.4301362,0.2346965,0.23447503,0.43668658,0.03945353,0.09340589,-0.12896425,0.08759819,-0.24879166,0.12922145,-0.17012441,-0.06964076,0.09395758,0.19068718,0.0,0.37214315,0.38224098,0.10674722,-0.215751,-0.22046939,-0.10927016,0.03704288,-0.5516841,-0.2306226,-0.17761034,-0.030786406,-0.19532312,-0.029148491,0.08331752,0.047710147,-0.0055175726,0.34992626,0.21506135,0.30137303,-0.1764372,0.11078984,0.14161876,0.3276105,0.18126734,-0.23285933,-0.31402496,-0.5567316,-0.3527024,-0.18902525,-0.20884699,0.10139775,0.038686454,0.32411268,-0.27784956,0.5558488,0.7435354,0.324906,-0.011073218,0.51378477,0.120507754,-0.0139265135,0.0024390314,0.12945777,-0.18477923,0.23227477,-0.145597,0.25272325,0.12086953,0.034251522,0.29980016,0.1659683,0.17980051,0.13525021,-0.12902406,0.39040866,0.038841687,0.016463755,-0.015467834,-0.22802766,-0.28626367,-0.6796626,-0.22670467,-0.1859422,0.09444343,0.116540015,0.039300576
-0.1147423,-0.2684978,-0.28218555,-0.057374425,-0.2685934,-0.33890605,0.35824934,-0.1713604,-0.47198603,-0.100097485,-0.06107982,-0.04797622,-0.21142103,-0.036379043,-0.044368412,0.37807426,0.58544296,0.30939177,0.3030235,0.06808523,0.30103546,0.6678974,0.6228637,0.42964226,0.20900303,0.3805807,0.5964006,0.38473114,0.4896248,-0.13106212,0.13523698,0.21587501,0.54003155,0.37214315,0.0,-0.097524434,0.09783212,-0.19682051,-0.09132729,-0.120646596,0.11625695,0.21278995,0.57354456,0.00088599103,0.2306613,0.2102894,0.37423286,0.25631595,-0.2176986,-0.20101988,-0.3382844,-0.19373779,-0.0063599297,-0.06048226,-0.27278033,-0.40299526,-0.12715876,-0.3601342,-0.39647076,-0.19460855,-0.25948936,-0.3241921,-0.33365685,-0.07897766,-0.042941142,-0.008137969,-0.14923672,-0.0057143983,0.3324769,0.03758851,0.34176823,0.10193612,0.47146437,-0.47127715,0.2606213,0.2713325,0.50922734,0.14439057,-0.0398479,-0.32749325,0.4028969,-0.28628963,-0.02033983,0.5932921,0.53052783,-0.10441505,-0.020162506,-0.06473348,-0.16301206,-0.28534302,-0.3761864,-0.53650546,-0.4259107,-0.325945,-0.29821894,-0.18164933,-0.2572272,-0.20681079,-0.26925334,-0.28452992
