0,1,2,3,4,5,6,7,8,9,10,11,12,13,14,15,16,17,18,19,20,21,22,23,24,25,26,27,28,29,30,31,32,33,34,35,36,37,38,39,40,41,42,43,44,45,46,47,48,49,50,51,52,53,54,55,56,57,58,59,60,61,62,63,64,65,66,67,68,69,70,71,72,73,74,75,76,77,78,79,80,81,82,83,84,85,86,87,88,89,90,91,92,93,94,95,96,97,98,99
0.0,0.099171646,-0.2015177,0.2942574,-0.2438429,-0.049447995,0.17772193,-0.17908047,-0.4489529,0.66758454,-0.40091756,-0.5847359,-0.12177599,-0.09958122,-0.050056484,0.57401824,0.18182579,-0.18838663,-0.180344,-0.274652,-0.0034998544,0.3803217,0.31395686,-0.25798646,0.1264707,-0.6380154,0.058963325,-0.046822313,-0.3667127,0.10774048,-0.022021076,0.38678366,0.7587724,-0.24913056,-0.06491195,-0.06784441,-0.3478616,0.8241313,0.6045266,0.20171537,-0.13470776,-0.22484703,-0.5151152,-0.07829132,-0.124058135,0.29901373,0.10345378,0.22557226,-0.13859044,-0.095779024,-0.23320857,-0.31519133,-0.41440234,-0.29657534,-0.35295954,-0.36432245,-0.59582555,-0.4517743,-0.52973914,-0.09787452,-0.119526856,-0.27835304,0.06679539,0.34443188,0.18437904,-0.08478033,-0.5503947,0.04604973,-0.3482466,-0.36705476,-0.16622454,-0.28856486,-0.06531313,-0.15952629,-0.12287535,-0.23300701,-0.2681931,0.13218439,-0.12239751,-0.1514295,-0.24995705,-0.51160425,-0.43966106,-0.32587022,0.3842085,0.23479055,-0.21646544,0.19063136,0.09733847,-0.25242996,-0.46936336,-0.42973903,-0.4831935,-0.5603194,-0.6762689,-0.122544676,0.3953487,0.15992305,-0.0038227132,-0.18349107
0.099171646,0.0,0.46540403,0.8147133,0.82558465,0.54427093,0.63104886,0.7034729,0.27129322,0.072122596,-0.44892424,-0.2867138,0.06638415,0.2369902,0.04474337,0.6083256,0.09487681,0.32195586,0.36026883,0.28244406,0.15075375,0.022733422,-0.046529923,0.296526,0.30880633,0.006275399,0.2590031,-0.17072381,0.1407375,0.00050784566,0.3723324,0.5725895,0.04545254,0.15705961,0.45620558,-0.38335785,-0.11563034,0.0047208685,-0.003182702,-0.06176156,0.19080947,0.05623813,-0.0007723566,0.16027905,0.4658261,-0.009703752,0.40342745,-0.06488486,-0.44004083,-0.18083426,0.20950508,0.7843001,0.6378833,0.8003981,0.7253839,0.39358956,0.47898218,0.36715907,-0.20995334,-0.6120921,-0.6460581,-0.19636047,-0.010383683,0.21167685,-0.06133467,0.24557793,0.08086242,-0.010895852,0.27024648,0.28085157,0.26483682,0.15307489,0.15513362,-0.58504295,-0.37589422,-0.46694624,0.1957368,0.038401365,0.40148383,0.5753427,0.30650976,0.30005237,0.34599736,0.62491214,0.39451694,0.2583337,-0.010605207,-0.058556944,-0.22012986,0.22977252,0.4521262,0.27927646,0.35518706,-0.32950553,-0.05493692,0.1893216,-0.061819784,-0.06603695,-0.5070234,-0.13760515
-0.2015177,0.46540403,0.0,0.31919393,0.50784624,0.6245156,0.34023353,0.5582644,0.39799765,-0.19077232,0.10857029,0.22708945,-0.3840852,-0.2683098,-0.20233716,0.106908485,-0.3065315,0.09785257,-0.23572548,-0.00014649698,-0.1656281,-0.43921608,-0.2763448,0.17150532,0.1729582,0.40344697,-0.15649602,-0.31555828,-0.118463844,-0.19695294,-0.18615466,0.055616494,-0.23067576,-0.14535755,-0.096340574,0.2536583,-0.07049971,-0.23219854,-0.060147554,0.25492668,0.2873308,0.08842017,0.10550118,-0.2322557,0.063092954,-0.15828022,-0.06392648,-0.19748594,0.2888302,0.32779154,0.032146383,0.55785656,0.39032927,0.47405583,0.54215235,0.64392835,0.6831813,0.36388344,0.12004657,-0.0048350696,-0.047834963,-0.33516347,-0.43336946,-0.39223248,-0.36458108,-0.19230923,0.5527745,-0.3512634,-0.08523437,0.10590698,-0.13260816,-0.23322459,-0.16744532,-0.0011559194,-0.271099,0.1152916,-0.17190914,-0.18534338,-0.054526195,0.25885665,-0.14002074,0.1715667,0.18541288,0.19358978,-0.05476654,-0.19933623,-0.16982542,-0.3536523,-0.061629586,0.09962673,0.26194963,0.23247379,0.27164516,0.093451075,0.30015066,-0.113553986,-0.21420358,-0.19292234,0.21352878,0.32068685
0.2942574,0.8147133,0.31919393,0.0,0.70050454,0.3793541,0.509926,0.49036053,0.0690736,0.3186886,-0.48488817,-0.42233008,-0.030660536,0.24781215,0.19608226,0.70038426,0.23266684,0.36212817,0.25529197,0.25002143,0.33480304,0.15923414,0.14558004,0.23349941,0.19131662,-0.2301009,0.23307134,-0.13805737,0.079604834,0.09436278,0.119969964,0.4335118,0.322661,0.18541962,0.3151467,-0.32664824,-0.193572,0.26717445,0.22378543,-0.0083543,0.16238675,-0.2174522,-0.23463331,-0.0744392,0.20347637,0.11043717,0.30951548,0.04616578,-0.4493085,-0.25890133,-0.16761371,0.49233022,0.28637037,0.6069607,0.4381018,0.16548502,0.15818354,0.13280086,-0.42983907,-0.45958108,-0.5113873,-0.2707656,-0.0020386553,0.31672528,0.14936729,0.2849836,-0.24505872,-0.0025152445,0.08455458,0.22697617,0.31195337,-0.14059882,0.10918685,-0.5520312,-0.29828382,-0.38249275,0.13542749,0.116263084,0.15094589,0.2455671,0.12830567,0.08807134,0.09868303,0.5064556,0.50530005,0.3298651,-0.1402196,-0.0031384518,-0.08140415,0.096423805,0.07248018,-0.046780385,-0.061513253,-0.5042841,-0.15972981,-0.09001942,0.112451635,0.022798633,-0.43027157,-0.3073031
-0.2438429,0.82558465,0.50784624,0.70050454,0.0,0.51697004,0.48235336,0.7000815,0.404005,-0.19356342,-0.31147635,-0.09673488,0.075744145,0.33635268,0.17775604,0.34399608,0.03349566,0.44519195,0.41206163,0.43916148,0.26423618,-0.12341734,-0.084994234,0.3480408,0.11346532,0.16150253,0.27022102,-0.12556185,0.31344935,0.03697995,0.2466392,0.27641863,-0.21943507,0.28992218,0.449684,-0.27106237,0.053253327,-0.28808242,-0.17178275,-0.09688351,0.31006378,0.0016831558,0.11119003,0.0860475,0.39041132,-0.027121471,0.36177096,-0.07066455,-0.35656542,-0.07366509,0.14666547,0.84258026,0.6979319,0.93666065,0.7808435,0.5309923,0.66006756,0.49292427,-0.07386824,-0.5386996,-0.56879056,-0.061836977,-0.018630037,0.07572339,-0.011708863,0.32168415,0.21451907,-0.006960045,0.3481713,0.4610363,0.40230805,0.14032218,0.19843037,-0.47897556,-0.31263524,-0.37222436,0.30870193,0.04488378,0.31586623,0.48449877,0.31159553,0.46480972,0.4216403,0.73298144,0.28973547,0.21385677,0.06477944,-0.13479365,-0.17293096,0.28495592,0.5257197,0.3496541,0.41709456,-0.16421404,0.16353369,0.11642566,-0.12813766,-0.05265087,-0.44582012,-0.049466606
-0.049447995,0.54427093,0.6245156,0.3793541,0.51697004,0.0,0.67505676,0.743918,0.47167954,-0.10333937,-0.30635154,-0.09761114,-0.30543432,0.079029836,0.03278745,0.34542733,-0.1552551,0.3564598,0.18552114,0.3144553,0.09515356,-0.19160925,-0.11293555,0.28127962,0.0070183226,0.06561876,0.057878107,-0.3020507,0.12070367,-0.04476343,0.093832925,0.28388736,-0.094325185,0.04730529,0.09969432,0.21967867,-0.07570704,-0.082197934,0.1984623,0.45390308,0.55962455,0.010609923,0.03572815,-0.10044814,0.15777467,-0.009637238,0.23221113,-0.08993772,0.10957068,0.397787,0.19944288,0.58191615,0.45881405,0.50665206,0.5918927,0.7878414,0.6045562,0.4806861,-0.19143833,-0.44356662,-0.4853499,-0.38462523,-0.21791866,-0.09343354,-0.06593413,0.12895165,0.40864816,-0.08984854,0.11360611,0.33621493,0.20237151,-0.16516696,0.028794646,-0.14161472,-0.46165183,-0.36947414,0.11181437,-0.04939105,0.0659779,0.38607734,0.018299619,0.2521574,0.03368929,0.17922528,0.054802828,-0.019510811,0.0032389935,-0.28732774,0.076524004,0.13474073,0.33244896,0.17182727,0.4021293,-0.25361583,-0.11807915,-0.04396325,-0.10670465,-0.11954546,0.028543156,0.34130582
0.17772193,0.63104886,0.34023353,0.509926,0.48235336,0.67505676,0.0,0.7737872,0.5283623,0.3114142,-0.5246147,-0.3126855,0.03867444,0.31204414,0.22553326,0.7173757,0.3327172,0.598516,0.4720855,0.5224513,0.3275269,0.25966328,0.13313483,0.4970084,-0.0027285924,-0.23411119,0.22822954,-0.0138004925,0.3430562,0.10577549,0.29840443,0.47951928,0.28650355,0.39985618,0.32716203,0.052147087,0.12726626,0.19483483,0.4377803,0.42798555,0.607969,-0.10039519,-0.08197748,-0.009473154,0.20384371,0.0778807,0.3914263,0.00012718198,-0.16776438,0.16698195,0.14633678,0.4843749,0.36114484,0.4232839,0.60838395,0.49935624,0.34042978,0.56362444,-0.43853557,-0.5550149,-0.5767383,-0.16453068,0.16579105,0.38950527,0.16035876,0.4128927,0.1694478,0.260848,0.39742237,0.5158449,0.42638546,0.059801552,0.26795322,-0.15011963,-0.15362811,-0.54571533,0.4081751,0.16523542,0.22424422,0.36171144,0.3759461,0.42376298,-0.003967412,0.32714322,0.34329993,0.30013612,0.3045516,0.05598154,0.27280635,0.42578602,0.22418906,-0.06379139,0.3123115,-0.53622586,-0.29400158,-0.028320322,0.03992513,-0.005182024,-0.18187837,0.16192079
-0.17908047,0.7034729,0.5582644,0.49036053,0.7000815,0.743918,0.7737872,0.0,0.7446428,0.010556937,-0.2425061,0.025807755,0.034536213,0.20703623,0.10199245,0.44457647,0.080582,0.5248095,0.40013945,0.4865089,0.20102748,-0.09698765,-0.16643995,0.4894032,0.075475775,0.12784445,0.05897063,-0.18856579,0.3257354,-0.092853196,0.31835935,0.36291787,-0.085834846,0.31199646,0.2583209,0.049241453,0.10742475,-0.15315667,0.08759662,0.23180479,0.5014416,0.09996811,0.19509529,0.09469725,0.3661786,-0.15912342,0.20522295,-0.21784203,-0.064996,0.21372956,0.27626744,0.7234794,0.61505437,0.6645664,0.8490283,0.69897574,0.6913118,0.75053245,-0.0890451,-0.45925754,-0.47683766,-0.086563885,0.019309828,0.11533055,-0.07264488,0.30947825,0.4190062,0.09504756,0.37821695,0.5312102,0.35625696,0.12676147,0.13803783,-0.16727543,-0.15869962,-0.3506691,0.3430438,-0.027822372,0.34537145,0.5064611,0.33690795,0.5158884,0.31709647,0.47709286,0.097931735,0.07043812,0.20543027,-0.20863555,0.072494894,0.3598036,0.46256155,0.22408739,0.5341987,-0.17082413,0.05958711,0.10820403,-0.24321604,-0.20195238,-0.15361032,0.23833507
-0.4489529,0.27129322,0.39799765,0.0690736,0.404005,0.47167954,0.5283623,0.7446428,0.0,-0.08436456,-0.01815364,0.284485,0.21377254,0.27828524,0.28880718,0.13811488,0.20064963,0.58130777,0.42312232,0.59122926,0.2903328,-0.01334027,-0.041031048,0.6157129,-0.2673088,0.1887302,0.053154133,0.14037444,0.565968,0.07276048,0.12361288,-0.06804851,-0.1592897,0.49778134,0.16026075,0.29933134,0.4856588,-0.36385837,0.07937254,0.24241063,0.57365227,-0.023556404,0.17143016,-0.03654882,0.08067785,-0.08555959,0.09374192,-0.091452435,0.12730224,0.35456803,0.17449608,0.43779397,0.38107225,0.34761542,0.7110915,0.62546486,0.62529486,0.94481176,0.0070915353,-0.13285103,-0.12428396,0.2698227,0.2667993,0.14141455,0.08953593,0.42745692,0.543864,0.34674326,0.5458339,0.68018585,0.43342397,0.24536213,0.3014051,0.28275877,0.2807858,-0.11083195,0.52940434,0.15590918,0.13620172,0.17886938,0.478194,0.6977209,0.1899695,0.32698995,-0.016297976,0.10317006,0.49823543,-0.028032154,0.39211854,0.5647993,0.3050139,0.05350455,0.46230808,0.030905927,0.17031945,-0.045648854,-0.1527494,-0.02983975,0.111989185,0.38880026
0.66758454,0.072122596,-0.19077232,0.3186886,-0.19356342,-0.10333937,0.3114142,0.010556937,-0.08436456,0.0,-0.23593031,-0.31036767,0.1165918,0.0593261,0.19206621,0.6466824,0.5873169,0.17574802,0.061786868,0.002176453,0.2785524,0.5723283,0.38752416,0.21073318,0.015498744,-0.50821143,-0.0050569833,0.14571154,-0.032087423,0.1528242,-0.02786345,0.2833259,0.8572425,0.17459127,-0.041490376,-0.029168619,-0.08290241,0.78578687,0.65927464,0.16526847,-0.02233843,-0.2900695,-0.37585098,-0.14624262,-0.1733955,0.16765083,-0.034163795,0.14826344,-0.1822864,-0.20812996,-0.38291258,-0.3702421,-0.4815422,-0.32339597,-0.21117216,-0.3916002,-0.5574358,-0.122062124,-0.53749436,0.06851932,0.048767846,-0.09459966,0.2636673,0.57052165,0.3478207,0.21201338,-0.5719087,0.2631557,-0.0773286,-0.023816623,0.091200866,-0.19805337,0.0695472,0.014652537,0.30332193,-0.076430835,0.07321204,0.24246755,-0.09976227,-0.26314324,0.05885419,-0.25725335,-0.37153858,-0.13999178,0.3711075,0.27719066,-0.002202884,0.2886421,0.32315633,0.0054148156,-0.5810883,-0.63260466,-0.5231107,-0.5143973,-0.39718616,-0.25643277,0.30633995,0.113819316,-0.014141229,-0.29407454
-0.40091756,-0.44892424,0.10857029,-0.48488817,-0.31147635,-0.30635154,-0.5246147,-0.2425061,-0.01815364,-0.23593031,0.0,0.8492495,-0.16592929,-0.5901028,-0.49440435,-0.6817211,-0.4095663,-0.4027251,-0.55393285,-0.4879637,-0.49852133,-0.53241956,-0.53644353,-0.1464948,0.2677817,0.6617819,-0.6567678,-0.31232867,-0.39409295,-0.5223384,-0.1910973,-0.3129571,-0.42274296,-0.3743737,-0.5640343,0.25071797,-0.16945681,-0.26240367,-0.44999817,-0.19000599,-0.37539327,0.46969193,0.50077665,0.06932724,-0.04092579,-0.54920214,-0.73478675,-0.4803391,0.52849054,0.106044054,0.057539973,-0.22059084,-0.10996199,-0.27171087,-0.24888596,-0.11839552,0.08261854,-0.16016494,0.7497966,0.7229599,0.73020744,0.014866512,-0.4270742,-0.62647355,-0.5053661,-0.56388646,0.2789215,-0.48729837,-0.39574647,-0.3639721,-0.5332195,-0.13503796,-0.5578988,0.3299388,0.24053347,0.8134302,-0.45581597,-0.52307165,-0.036499318,-0.10719011,-0.36342168,-0.28748822,0.22683913,-0.32746157,-0.7146646,-0.73054785,-0.35201415,-0.465007,-0.26881254,-0.3556209,-0.019441565,0.24489231,-0.010688654,0.78295803,0.6389281,0.10432881,-0.5195764,-0.47235686,0.44617847,0.11929873
-0.5847359,-0.2867138,0.22708945,-0.42233008,-0.09673488,-0.09761114,-0.3126855,0.025807755,0.284485,-0.31036767,0.8492495,0.0,-0.020105373,-0.37954685,-0.31852517,-0.6055876,-0.3083816,-0.1476143,-0.29760447,-0.20768675,-0.33476412,-0.4805479,-0.49325296,0.12122512,0.14911874,0.75338507,-0.5265406,-0.21709375,-0.12399853,-0.41092137,-0.12455092,-0.33789304,-0.51368135,-0.13981234,-0.40950656,0.27935433,0.0023219294,-0.44697836,-0.43894026,-0.111011565,-0.15297996,0.41730395,0.51294553,0.05982961,-0.005282569,-0.5215871,-0.57291114,-0.45313644,0.49072114,0.16226296,0.13465886,-0.0016686762,0.08850375,-0.07197869,0.042078856,0.14417706,0.33470607,0.1646591,0.7107266,0.5675648,0.56714505,0.14216566,-0.27664158,-0.5161297,-0.4022047,-0.31657845,0.43642613,-0.3052244,-0.10561567,-0.067368574,-0.28911418,0.016612828,-0.34171283,0.3755658,0.28417012,0.672063,-0.18340084,-0.3918447,0.01042353,-0.011707193,-0.113471285,0.0018387596,0.2831515,-0.14883178,-0.6405808,-0.613068,-0.15199007,-0.42160025,-0.13721767,-0.09959518,0.15270016,0.28463876,0.21654432,0.71885085,0.6745496,0.0865735,-0.52918696,-0.4154195,0.3928444,0.19743651
-0.12177599,0.06638415,-0.3840852,-0.030660536,0.075744145,-0.30543432,0.03867444,0.034536213,0.21377254,0.1165918,-0.16592929,-0.020105373,0.0,0.55433506,0.37819,0.109980926,0.5415047,0.28760868,0.5811602,0.39488834,0.30575222,0.51408833,0.3587831,0.39306802,-0.14524405,-0.117292956,0.48587894,0.6125126,0.5545543,0.41302308,0.35477653,0.0073206704,0.019705059,0.5410937,0.57824045,-0.34138033,0.5224746,-0.17383511,-0.047997206,-0.33720982,0.009342763,-0.08003195,-0.009010182,0.3197987,0.17778473,0.24076281,0.3831832,0.29375005,-0.5095987,-0.29042634,0.14532363,0.061303496,0.14010398,0.05811407,0.22112769,-0.13836884,-0.06809281,0.3044361,-0.07331438,-0.20969059,-0.16411911,0.7083603,0.7047043,0.55180323,0.3214989,0.51449484,-0.1521414,0.6007306,0.61382955,0.35101712,0.38589802,0.67465234,0.5992222,0.0013055952,0.49706084,-0.27710184,0.58561444,0.47932836,0.3022554,0.06589528,0.6852259,0.41916984,0.11465513,0.3621853,0.34666532,0.4809642,0.5777836,0.5555661,0.15959927,0.4752646,0.16311556,-0.0393306,0.22336477,-0.10762126,-0.08314097,0.21176618,0.2373233,0.36864492,-0.41308218,-0.1873044
-0.09958122,0.2369902,-0.2683098,0.24781215,0.33635268,0.079029836,0.31204414,0.20703623,0.27828524,0.0593261,-0.5901028,-0.37954685,0.55433506,0.0,0.83200264,0.33658424,0.64943683,0.69884956,0.8738418,0.8137791,0.79099476,0.64888346,0.6411414,0.5660684,-0.50400925,-0.31981608,0.76784396,0.6115126,0.8488389,0.72141165,0.13143729,-0.07594711,0.13698058,0.7894229,0.6893951,-0.265451,0.5145716,-0.12701593,0.23428883,-0.013420133,0.4362307,-0.5144155,-0.29081917,-0.07409757,-0.051838394,0.53109175,0.7104195,0.54765683,-0.5851918,-0.23144633,-0.112985395,0.17604451,0.14191297,0.2680709,0.31517375,0.14411663,0.01345138,0.40663114,-0.51592064,-0.5361569,-0.5161405,0.39023852,0.6783559,0.7114754,0.7356591,0.9094916,-0.2445067,0.6963845,0.7357072,0.70992255,0.8701652,0.3779997,0.8257082,-0.086128466,0.1615801,-0.58913255,0.86024165,0.7162946,-0.0031006706,-0.031927574,0.6784513,0.5323293,-0.16163251,0.49549356,0.6161804,0.74695766,0.5932033,0.5922162,0.39331323,0.569251,0.07927142,-0.23602253,0.12228237,-0.50068504,-0.23534034,-0.17386293,0.47947344,0.5819536,-0.48497403,-0.24275821
-0.050056484,0.04474337,-0.20233716,0.19608226,0.17775604,0.03278745,0.22553326,0.10199245,0.28880718,0.19206621,-0.49440435,-0.31852517,0.37819,0.83200264,0.0,0.31264886,0.68991494,0.7576866,0.6384515,0.7955652,0.9345083,0.63733673,0.760514,0.55235827,-0.74239904,-0.41591665,0.61665004,0.64843935,0.8136399,0.7811884,-0.26304206,-0.3707269,0.322144,0.7980712,0.39867684,0.061407994,0.57520777,0.0071187755,0.4709704,0.17757767,0.53257537,-0.79864776,-0.50674963,-0.44477186,-0.42654476,0.60701126,0.49607328,0.6234272,-0.32497716,-0.061645813,-0.48703134,-0.06799641,-0.20020746,0.037916146,0.12545033,0.11311925,-0.1219965,0.35381514,-0.6566968,-0.22246085,-0.21791716,0.3506918,0.6505951,0.6815155,0.88088864,0.8855203,-0.2827693,0.70771337,0.5738729,0.7271546,0.86702025,0.05839103,0.74479204,0.20304519,0.34361452,-0.34865355,0.78421843,0.78026474,-0.37546656,-0.41814488,0.48467198,0.43345118,-0.43102708,0.2654955,0.59229785,0.71056527,0.55293167,0.58062303,0.67550135,0.5336811,-0.2936329,-0.57942355,-0.21895775,-0.53958654,-0.26194918,-0.5484982,0.59936655,0.6502731,-0.13028415,-0.14952053
0.57401824,0.6083256,0.106908485,0.70038426,0.34399608,0.34542733,0.7173757,0.44457647,0.13811488,0.6466824,-0.6817211,-0.6055876,0.109980926,0.33658424,0.31264886,0.0,0.5183648,0.43125603,0.3808094,0.33773518,0.4149725,0.5322182,0.39754376,0.34843493,0.008175972,-0.547591,0.3306613,0.1211234,0.20557144,0.27010223,0.17252006,0.5033042,0.6763132,0.31910172,0.3388698,-0.18054557,-0.009972556,0.56696016,0.6165796,0.25991493,0.29622588,-0.34660226,-0.46745268,-0.097211316,0.0634303,0.28896713,0.41263482,0.22073898,-0.4067217,-0.15131576,-0.1531285,0.21393727,0.0415367,0.24145012,0.2987606,0.07107761,-0.09838079,0.19965994,-0.71241796,-0.47415563,-0.4967551,-0.14638186,0.3244068,0.6529889,0.37103185,0.43220705,-0.30875504,0.3656411,0.25133598,0.2907388,0.37055123,-0.012523452,0.3147262,-0.2582118,-0.0448124,-0.5269415,0.31311464,0.3546457,0.08808333,0.12227952,0.32498246,0.1353809,-0.20781395,0.26907715,0.645868,0.53430885,0.15292318,0.28965512,0.27685702,0.30864495,-0.13090116,-0.3536543,-0.109015085,-0.76895636,-0.5326152,-0.16989271,0.34149015,0.20564821,-0.30009776,-0.20070922
0.18182579,0.09487681,-0.3065315,0.23266684,0.03349566,-0.1552551,0.3327172,0.080582,0.20064963,0.5873169,-0.4095663,-0.3083816,0.5415047,0.64943683,0.68991494,0.5183648,0.0,0.5971493,0.5928207,0.5495416,0.69103736,0.86226344,0.706824,0.61513984,-0.3469465,-0.4323646,0.49830982,0.67680234,0.63066906,0.6153623,0.012946823,0.0027509963,0.55226207,0.7573512,0.45759946,-0.18711445,0.48086232,0.29653493,0.49637935,0.045844868,0.26997262,-0.51998967,-0.38701564,-0.156165,-0.18175477,0.44726354,0.40765867,0.480097,-0.5237914,-0.31665975,-0.3833655,-0.18331844,-0.2521059,-0.11673509,0.07042111,-0.21215732,-0.35446098,0.23928854,-0.6000506,-0.1642431,-0.15840992,0.30814195,0.6623553,0.8306899,0.65434796,0.7338908,-0.46469554,0.6692772,0.53160465,0.4782287,0.60656583,0.2354995,0.6719236,0.08961928,0.49680072,-0.3091046,0.68774045,0.70480406,-0.07742665,-0.25123647,0.5857851,0.30214292,-0.29509163,0.28985304,0.61672175,0.6954084,0.52888596,0.70205927,0.51747924,0.513556,-0.3313348,-0.5928907,-0.24304062,-0.5491678,-0.2606174,-0.30225563,0.5137903,0.5043117,-0.29876798,-0.3337029
-0.18838663,0.32195586,0.09785257,0.36212817,0.44519195,0.3564598,0.598516,0.5248095,0.58130777,0.17574802,-0.4027251,-0.1476143,0.28760868,0.69884956,0.7576866,0.43125603,0.5971493,0.0,0.6917488,0.90264416,0.8162362,0.4292277,0.42385888,0.7451926,-0.53082114,-0.1927112,0.39345384,0.32680172,0.78914636,0.44339994,-0.06391527,-0.1380787,0.2102871,0.8571311,0.343747,0.116606325,0.43926892,-0.036379743,0.41324815,0.35150254,0.73457736,-0.505366,-0.21645328,-0.33090997,-0.18302868,0.2560898,0.38881576,0.24186319,-0.2205438,0.040492654,-0.2705218,0.24899228,0.12848404,0.32660526,0.44189683,0.38789594,0.23124616,0.6193505,-0.49623182,-0.3230017,-0.34268683,0.17651293,0.4592631,0.5541829,0.62503505,0.8061502,0.009133869,0.5553668,0.6437106,0.9039212,0.85885847,0.0379367,0.53450555,0.13488655,0.223627,-0.35213763,0.7738747,0.47081167,-0.13374755,-0.11411678,0.53799385,0.6011471,-0.19147804,0.40232563,0.40252325,0.4776822,0.48323286,0.24313144,0.5777779,0.5994566,-0.017427906,-0.34169096,0.07806553,-0.46673194,-0.100347996,-0.42616576,0.22164738,0.25681573,-0.14150971,-0.04587754
-0.180344,0.36026883,-0.23572548,0.25529197,0.41206163,0.18552114,0.4720855,0.40013945,0.42312232,0.061786868,-0.55393285,-0.29760447,0.5811602,0.8738418,0.6384515,0.3808094,0.5928207,0.6917488,0.0,0.81637806,0.6534757,0.52878624,0.37015808,0.5766991,-0.3219091,-0.24847029,0.58781385,0.43882608,0.81704926,0.44861168,0.43428773,0.15646753,0.048358515,0.76971656,0.67994225,-0.3422901,0.4386696,-0.15264493,0.121339224,-0.071838945,0.40190917,-0.2364357,-0.049815632,0.18094663,0.22491553,0.24294388,0.6072114,0.24209459,-0.59047925,-0.23380181,0.17013162,0.33735806,0.3687238,0.38462213,0.48240927,0.20692456,0.14323737,0.5380616,-0.3540706,-0.6523781,-0.61896867,0.37546903,0.6551765,0.68595165,0.5296108,0.84206915,-0.09972018,0.6615857,0.81975883,0.73141164,0.82186633,0.53489965,0.7038341,-0.18513411,0.12923402,-0.64766777,0.874496,0.49410713,0.31404835,0.25472373,0.78601646,0.64122504,0.08505168,0.57848465,0.43533596,0.5924725,0.5935588,0.41515204,0.25151044,0.58073807,0.31248394,-0.023517033,0.357234,-0.400456,-0.16750206,0.07970791,0.18301263,0.2916903,-0.575164,-0.18651058
-0.274652,0.28244406,-0.00014649698,0.25002143,0.43916148,0.3144553,0.5224513,0.4865089,0.59122926,0.002176453,-0.4879637,-0.20768675,0.39488834,0.8137791,0.7955652,0.33773518,0.5495416,0.90264416,0.81637806,0.0,0.80791664,0.4363117,0.43864506,0.66780454,-0.5903104,-0.21907982,0.5285868,0.44057846,0.9067736,0.5247782,0.07399616,-0.13228413,0.076053955,0.8658406,0.49786815,0.050139,0.5795081,-0.19210853,0.2852027,0.232649,0.71820706,-0.4650373,-0.17912754,-0.18602544,-0.08697519,0.33261415,0.5330781,0.32180652,-0.28886083,0.061725017,-0.09691669,0.30376217,0.23352468,0.35800436,0.48784193,0.40070322,0.26566714,0.67150515,-0.44888178,-0.46195364,-0.45443922,0.32280728,0.57134897,0.57207876,0.63682574,0.8767986,0.06994267,0.6525781,0.77100915,0.938206,0.928464,0.24333669,0.6694719,0.09070701,0.19141383,-0.4958882,0.8846115,0.53905535,-0.026923278,-0.014827088,0.64998984,0.72892886,-0.10076973,0.46859807,0.41171074,0.5640169,0.64939207,0.3427267,0.54299253,0.6607836,0.13840239,-0.21539089,0.2257884,-0.42562732,-0.1440712,-0.2585919,0.25789726,0.35704932,-0.23734467,0.041079897
-0.0034998544,0.15075375,-0.1656281,0.33480304,0.26423618,0.09515356,0.3275269,0.20102748,0.2903328,0.2785524,-0.49852133,-0.33476412,0.30575222,0.79099476,0.9345083,0.4149725,0.69103736,0.8162362,0.6534757,0.80791664,0.0,0.5927551,0.6525302,0.5678975,-0.63413167,-0.42365572,0.49583492,0.48168904,0.76296574,0.6380408,-0.19361451,-0.24051464,0.3853823,0.8032278,0.33741084,0.01895973,0.42708957,0.108319715,0.4872041,0.18664284,0.5242535,-0.7356638,-0.44006905,-0.41814286,-0.34664232,0.46103048,0.40961766,0.4604579,-0.35058644,-0.12234994,-0.4977287,-0.022548754,-0.16013412,0.12158478,0.15510124,0.099841446,-0.11794578,0.3464351,-0.6633554,-0.25628087,-0.2705233,0.22519949,0.5715592,0.69025123,0.8453798,0.88125455,-0.34519753,0.6321358,0.5274937,0.7439849,0.8964925,-0.032293525,0.61407954,0.09678254,0.2765878,-0.35205644,0.74807364,0.63951993,-0.2925693,-0.35080206,0.45475677,0.39423648,-0.363458,0.30897132,0.5448855,0.62403,0.43300992,0.43337926,0.60871947,0.4593464,-0.28843707,-0.5589609,-0.24959092,-0.56850487,-0.23976146,-0.53568614,0.46255466,0.4726331,-0.18874058,-0.23368247
0.3803217,0.022733422,-0.43921608,0.15923414,-0.12341734,-0.19160925,0.25966328,-0.09698765,-0.01334027,0.5723283,-0.53241956,-0.4805479,0.51408833,0.64888346,0.63733673,0.5322182,0.86226344,0.4292277,0.52878624,0.4363117,0.5927551,0.0,0.8207534,0.44618022,-0.34827888,-0.55548203,0.64431655,0.71310455,0.5122815,0.7202429,0.0007877048,0.035325,0.61411756,0.595272,0.50492436,-0.2159483,0.40037096,0.39501762,0.5729835,0.10563157,0.21664916,-0.5543044,-0.53248924,-0.16695794,-0.25222924,0.62161165,0.5471828,0.6482031,-0.524305,-0.3114443,-0.3170394,-0.2758282,-0.32483512,-0.24053788,-0.08228963,-0.29285666,-0.4925592,0.051245335,-0.6871681,-0.2363965,-0.2144917,0.3006557,0.6950536,0.85683775,0.7071521,0.6591093,-0.5143967,0.69343615,0.46980032,0.33623776,0.5009599,0.247392,0.71408737,0.098851256,0.38697708,-0.40642402,0.5906622,0.7791295,-0.1655291,-0.28557196,0.5204607,0.1671276,-0.48667043,0.12937884,0.7345954,0.78670925,0.5012415,0.81090254,0.50900096,0.48008093,-0.36523804,-0.60508114,-0.2654723,-0.6651418,-0.49404916,-0.2932263,0.69451565,0.65718555,-0.2869223,-0.34614426
0.31395686,-0.046529923,-0.2763448,0.14558004,-0.084994234,-0.11293555,0.13313483,-0.16643995,-0.041031048,0.38752416,-0.53644353,-0.49325296,0.3587831,0.6411414,0.760514,0.39754376,0.706824,0.42385888,0.37015808,0.43864506,0.6525302,0.8207534,0.0,0.36982527,-0.5513024,-0.5315869,0.7380155,0.7576618,0.5178969,0.9283801,-0.34879452,-0.24080403,0.5289777,0.5270105,0.43907243,-0.012678324,0.47565472,0.26784343,0.61251044,0.21225771,0.3313206,-0.8086812,-0.71511483,-0.44689244,-0.49993584,0.8819685,0.59568685,0.8996234,-0.37487903,-0.106801815,-0.5398547,-0.28325576,-0.4383061,-0.23746064,-0.119610384,-0.13208209,-0.41053522,0.031754058,-0.7779492,-0.14473465,-0.14303139,0.24029134,0.57707524,0.6766062,0.780075,0.63311076,-0.46961272,0.6019498,0.33081496,0.33199397,0.5077554,0.01506953,0.75001013,0.18626483,0.28477845,-0.35478568,0.50824946,0.91152596,-0.4879294,-0.49766263,0.30216,0.11001135,-0.6570695,0.04810414,0.79273283,0.8150154,0.46729356,0.81401676,0.6145755,0.41129422,-0.49578872,-0.716026,-0.40530872,-0.69340134,-0.49874014,-0.5286362,0.9177462,0.88976705,-0.09600603,-0.192531
-0.25798646,0.296526,0.17150532,0.23349941,0.3480408,0.28127962,0.4970084,0.4894032,0.6157129,0.21073318,-0.1464948,0.12122512,0.39306802,0.5660684,0.55235827,0.34843493,0.61513984,0.7451926,0.5766991,0.66780454,0.5678975,0.44618022,0.36982527,0.0,-0.27383438,0.0906913,0.33998406,0.39739078,0.6760438,0.41305697,-0.0055067344,-0.058138452,0.110473946,0.71936005,0.38464132,0.010248607,0.43743247,-0.106111206,0.2640973,0.18016411,0.4914207,-0.277175,-0.07026034,-0.1988104,-0.09419632,0.17984857,0.3163818,0.213141,-0.21816432,-0.08578122,-0.13020113,0.25011086,0.1677897,0.23207696,0.48614627,0.32305664,0.2501579,0.62561107,-0.2595463,-0.16267055,-0.16534439,0.22982119,0.41105378,0.4739053,0.40525496,0.6622664,0.07146718,0.4490146,0.6459861,0.6948289,0.6055065,0.23653325,0.55381536,0.20527507,0.35310405,-0.15017428,0.6940938,0.48214263,-0.048166513,-0.0063620815,0.607876,0.52287954,-0.0948723,0.40031856,0.35829213,0.39265049,0.44154394,0.31438223,0.42700252,0.62344795,0.04996759,-0.24256317,0.18504415,-0.27072132,0.10850676,-0.26308468,0.16453506,0.24180809,-0.14867324,-0.112634785
0.1264707,0.30880633,0.1729582,0.19131662,0.11346532,0.0070183226,-0.0027285924,0.075475775,-0.2673088,0.015498744,0.2677817,0.14911874,-0.14524405,-0.50400925,-0.74239904,0.008175972,-0.3469465,-0.53082114,-0.3219091,-0.5903104,-0.63413167,-0.34827888,-0.5513024,-0.27383438,0.0,0.34834102,-0.3429672,-0.52089727,-0.6178634,-0.5939019,0.45253304,0.64885145,-0.18975018,-0.5567426,-0.029795598,-0.44834018,-0.5731561,0.11215607,-0.43428236,-0.36685544,-0.5571316,0.7228463,0.50298274,0.5454709,0.6358653,-0.47924638,-0.22977929,-0.49157688,-0.12304452,-0.26466143,0.4328316,0.24895339,0.3357952,0.21957946,0.085076995,-0.1803774,0.103153616,-0.30050924,0.45338374,-0.045855917,-0.07259281,-0.39897966,-0.5357364,-0.38197458,-0.72514975,-0.58599776,0.0035184934,-0.65136266,-0.40314594,-0.5943592,-0.5887283,0.07491832,-0.4995823,-0.5514018,-0.3970927,0.10596471,-0.5270969,-0.569689,0.56744516,0.6184979,-0.24644259,-0.3790555,0.52667934,0.12121239,-0.25648376,-0.425305,-0.5008709,-0.38316318,-0.8002739,-0.4436367,0.35445908,0.55358297,0.21828733,0.29489288,0.29486287,0.603129,-0.46495977,-0.5230709,-0.29739067,-0.17334405
-0.6380154,0.006275399,0.40344697,-0.2301009,0.16150253,0.06561876,-0.23411119,0.12784445,0.1887302,-0.50821143,0.6617819,0.75338507,-0.117292956,-0.31981608,-0.41591665,-0.547591,-0.4323646,-0.1927112,-0.24847029,-0.21907982,-0.42365572,-0.55548203,-0.5315869,0.0906913,0.34834102,0.0,-0.3180272,-0.2796673,-0.1653029,-0.3934482,0.0057161655,-0.12662065,-0.7236666,-0.22003144,-0.13417701,0.01770776,-0.092805155,-0.5750586,-0.63251394,-0.21001038,-0.14946628,0.52405924,0.5973832,0.15992443,0.21177347,-0.4682357,-0.30095375,-0.4046967,0.27427134,0.04571867,0.30476314,0.31257284,0.39533645,0.22882123,0.2397053,0.2715029,0.5414823,0.12958531,0.7489641,0.26868004,0.26581964,-0.052156214,-0.45779714,-0.6340219,-0.56285566,-0.37164834,0.5322102,-0.50689214,-0.067129605,-0.11294644,-0.31362468,0.113901086,-0.2773966,0.06364912,-0.061899804,0.46981356,-0.21221912,-0.4036881,0.1552361,0.29610378,-0.08616954,0.056782577,0.44215903,0.117414266,-0.50072366,-0.527681,-0.23340458,-0.4290175,-0.42432952,-0.07535149,0.44055086,0.56769764,0.42266297,0.66944873,0.7531417,0.24099986,-0.5253834,-0.38390055,0.103560165,0.105915576
0.058963325,0.2590031,-0.15649602,0.23307134,0.27022102,0.057878107,0.22822954,0.05897063,0.053154133,-0.0050569833,-0.6567678,-0.5265406,0.48587894,0.76784396,0.61665004,0.3306613,0.49830982,0.39345384,0.58781385,0.5285868,0.49583492,0.64431655,0.7380155,0.33998406,-0.3429672,-0.3180272,0.0,0.6810003,0.6009829,0.8369565,0.055878643,0.0054123737,0.11209838,0.51793545,0.8354451,-0.31158146,0.506035,-0.0948209,0.2136275,0.0002433508,0.3510365,-0.48370737,-0.4183722,-0.07256372,-0.044705763,0.78990126,0.92236435,0.79286575,-0.60949683,-0.15452273,-0.06823857,0.2004017,0.1253999,0.21279971,0.27287504,0.09630236,-0.015478848,0.21002306,-0.535047,-0.5494308,-0.53140795,0.2837461,0.5265927,0.55552477,0.5372311,0.6295649,-0.18376864,0.5239304,0.555919,0.39927945,0.5483629,0.38606587,0.85169816,-0.15326574,-0.026804928,-0.6418045,0.5880451,0.80250174,-0.069470555,0.02141015,0.5058976,0.39568868,-0.22385897,0.4255131,0.80235034,0.8506479,0.57261205,0.7505864,0.26914302,0.52873516,0.0927148,-0.17433262,0.116209514,-0.56385195,-0.37045226,-0.089647986,0.7176972,0.8046101,-0.4693885,-0.12011983
-0.046822313,-0.17072381,-0.31555828,-0.13805737,-0.12556185,-0.3020507,-0.0138004925,-0.18856579,0.14037444,0.14571154,-0.31232867,-0.21709375,0.6125126,0.6115126,0.64843935,0.1211234,0.67680234,0.32680172,0.43882608,0.44057846,0.48168904,0.71310455,0.7576618,0.39739078,-0.52089727,-0.2796673,0.6810003,0.0,0.64963233,0.80686903,-0.13037966,-0.31314024,0.20966451,0.60199064,0.553556,-0.08017453,0.7746108,-0.07948922,0.2569111,-0.049124926,0.21900956,-0.52589786,-0.41248497,-0.17579632,-0.28723437,0.67345005,0.5316108,0.738497,-0.38540196,-0.11007407,-0.26700252,-0.19967863,-0.23345819,-0.22286199,0.027278183,-0.14286153,-0.23576574,0.2158859,-0.41360453,-0.060377117,-0.017284313,0.5612528,0.6960852,0.5945924,0.5739141,0.6063105,-0.18190147,0.6984596,0.5613257,0.37375766,0.4470989,0.4275245,0.8347265,0.29715085,0.5245451,-0.24425161,0.62935185,0.8641957,-0.21811105,-0.33292574,0.55586195,0.4075044,-0.29767317,0.20324959,0.59986866,0.7544963,0.72932947,0.9185724,0.52243185,0.6123294,-0.20699121,-0.43728408,-0.08776744,-0.3201551,-0.2216562,-0.2364802,0.6854773,0.7957133,-0.14146215,-0.061057348
-0.3667127,0.1407375,-0.118463844,0.079604834,0.31344935,0.12070367,0.3430562,0.3257354,0.565968,-0.032087423,-0.39409295,-0.12399853,0.5545543,0.8488389,0.8136399,0.20557144,0.63066906,0.78914636,0.81704926,0.9067736,0.76296574,0.5122815,0.5178969,0.6760438,-0.6178634,-0.1653029,0.6009829,0.64963233,0.0,0.6279297,0.067344576,-0.24146034,0.011919729,0.8895452,0.5689837,-0.020050026,0.73717356,-0.303209,0.18817256,0.067658864,0.5787132,-0.45794642,-0.1632805,-0.13569665,-0.10122735,0.4012823,0.54496074,0.42682913,-0.36173424,-0.014020191,-0.095393196,0.19980304,0.16882558,0.2304073,0.43530697,0.28955752,0.19342144,0.64563245,-0.36823875,-0.3541476,-0.3263041,0.4958173,0.6743142,0.5981391,0.6364321,0.8892278,0.05233553,0.7321563,0.83748955,0.86223954,0.8721706,0.41811803,0.8015998,0.17886485,0.36208835,-0.4154299,0.9467326,0.66779983,-0.03130522,-0.07264154,0.7416122,0.75184035,-0.07779419,0.4786536,0.43095714,0.6278094,0.76963097,0.53023523,0.54274845,0.7291681,0.11845908,-0.22875825,0.22699933,-0.31503692,-0.064171076,-0.2140258,0.33746764,0.49122384,-0.25591362,0.00963788
0.10774048,0.00050784566,-0.19695294,0.09436278,0.03697995,-0.04476343,0.10577549,-0.092853196,0.07276048,0.1528242,-0.5223384,-0.41092137,0.41302308,0.72141165,0.7811884,0.27010223,0.6153623,0.44339994,0.44861168,0.5247782,0.6380408,0.7202429,0.9283801,0.41305697,-0.5939019,-0.3934482,0.8369565,0.80686903,0.6279297,0.0,-0.30568185,-0.3125035,0.29738182,0.56151575,0.55928534,-0.023221547,0.589901,0.0117019415,0.45180264,0.15301166,0.39201003,-0.76041365,-0.62118435,-0.38975024,-0.42419115,0.89746565,0.6974567,0.9288137,-0.38176358,-0.050502904,-0.4027358,-0.113508046,-0.24840991,-0.093284205,0.044135638,0.032858077,-0.19371456,0.17152919,-0.6599083,-0.22583686,-0.20487867,0.34026623,0.5988202,0.5983057,0.7366247,0.67419755,-0.27423078,0.6256574,0.4530793,0.42371252,0.5620995,0.15950392,0.8571394,0.18346621,0.24313304,-0.39229253,0.5915527,0.95099574,-0.4282759,-0.38423178,0.3985951,0.2759136,-0.53144646,0.16336995,0.7718195,0.8300527,0.5698073,0.8200754,0.57190186,0.51609904,-0.2877188,-0.53625596,-0.1981251,-0.58285546,-0.3944791,-0.4402622,0.8827963,0.9402608,-0.14185113,-0.09886697
-0.022021076,0.3723324,-0.18615466,0.119969964,0.2466392,0.093832925,0.29840443,0.31835935,0.12361288,-0.02786345,-0.1910973,-0.12455092,0.35477653,0.13143729,-0.26304206,0.17252006,0.012946823,-0.06391527,0.43428773,0.07399616,-0.19361451,0.0007877048,-0.34879452,-0.0055067344,0.45253304,0.0057161655,0.055878643,-0.13037966,0.067344576,-0.30568185,0.0,0.7044483,-0.18775384,0.020965915,0.41499898,-0.54612476,-0.0758561,-0.09519444,-0.34940538,-0.37162992,-0.19762906,0.5876112,0.4840172,0.8608269,0.8498498,-0.33763963,0.19544494,-0.3591418,-0.43374735,-0.23186806,0.7562375,0.40240255,0.6058641,0.37346578,0.393132,-0.00392907,0.18282074,0.19571267,0.22704768,-0.5664051,-0.52642596,0.11265784,0.14054346,0.16212448,-0.29738227,0.0586102,0.06873098,0.07542299,0.31448275,0.009293293,0.03885591,0.6368927,0.042826474,-0.5402076,-0.17821707,-0.46217778,0.18054266,-0.22641343,0.92473483,0.7827165,0.41191453,0.24907176,0.6169845,0.4167731,-0.07565467,0.006332817,0.16685925,-0.047211416,-0.45315358,0.06177674,0.6611124,0.5610051,0.6175012,0.07101112,-0.006935467,0.8246479,-0.38119966,-0.32171255,-0.60067165,-0.045345798
0.38678366,0.5725895,0.055616494,0.4335118,0.27641863,0.28388736,0.47951928,0.36291787,-0.06804851,0.2833259,-0.3129571,-0.33789304,0.0073206704,-0.07594711,-0.3707269,0.5033042,0.0027509963,-0.1380787,0.15646753,-0.13228413,-0.24051464,0.035325,-0.24080403,-0.058138452,0.64885145,-0.12662065,0.0054123737,-0.31314024,-0.24146034,-0.3125035,0.7044483,0.0,0.13514054,-0.19493906,0.2850813,-0.4966482,-0.38327003,0.29687956,-0.035906605,-0.12820208,-0.17842054,0.4427955,0.24059322,0.57338387,0.7081,-0.22267845,0.1861785,-0.28485876,-0.39991152,-0.22444579,0.4989783,0.3732966,0.43275747,0.34447417,0.3021447,-0.01986501,0.06199381,-0.02231337,-0.041132662,-0.54749733,-0.55622464,-0.3446413,-0.14493975,0.12276559,-0.3395436,-0.11828819,-0.095852666,-0.1772539,-0.026559068,-0.21101636,-0.14047368,0.22410648,-0.11873268,-0.6632747,-0.44164032,-0.45317504,-0.0996452,-0.2461938,0.6798021,0.7196451,0.10217777,-0.07484406,0.36979565,0.2866304,0.10988225,0.01188716,-0.13394555,-0.109017506,-0.46386465,-0.11588973,0.39368185,0.35981855,0.3144022,-0.2126943,-0.18461809,0.5624984,-0.21633661,-0.30611902,-0.5086997,-0.124419436
0.7587724,0.04545254,-0.23067576,0.322661,-0.21943507,-0.094325185,0.28650355,-0.085834846,-0.1592897,0.8572425,-0.42274296,-0.51368135,0.019705059,0.13698058,0.322144,0.6763132,0.55226207,0.2102871,0.048358515,0.076053955,0.3853823,0.61411756,0.5289777,0.110473946,-0.18975018,-0.7236666,0.11209838,0.20966451,0.011919729,0.29738182,-0.18775384,0.13514054,0.0,0.1810472,-0.06462637,0.07062113,-0.039967872,0.8466153,0.81571776,0.30817756,0.100366905,-0.5277895,-0.6409495,-0.3307444,-0.3691976,0.3434136,0.07192839,0.30183735,-0.14502078,-0.11729891,-0.50814295,-0.41258875,-0.56958556,-0.3562966,-0.29720452,-0.34383124,-0.6184211,-0.17896831,-0.7255123,0.016219895,0.0036104503,-0.073321834,0.34815735,0.6252277,0.5162824,0.2742726,-0.5766011,0.37963971,-0.06370857,0.033911027,0.17942442,-0.29483947,0.1496801,0.10622659,0.25441355,-0.1603856,0.09254655,0.35884607,-0.2938369,-0.42429626,0.02642632,-0.22582792,-0.5769718,-0.22076677,0.48737344,0.41218698,0.03474743,0.3506672,0.4849998,0.07114544,-0.68875355,-0.75133926,-0.62684035,-0.66029465,-0.60374147,-0.44847798,0.47807464,0.2725627,0.0726613,-0.2401611
-0.24913056,0.15705961,-0.14535755,0.18541962,0.28992218,0.04730529,0.39985618,0.31199646,0.49778134,0.17459127,-0.3743737,-0.13981234,0.5410937,0.7894229,0.7980712,0.31910172,0.7573512,0.8571311,0.76971656,0.8658406,0.8032278,0.595272,0.5270105,0.71936005,-0.5567426,-0.22003144,0.51793545,0.60199064,0.8895452,0.56151575,0.020965915,-0.19493906,0.1810472,0.0,0.49926883,-0.039104696,0.64484674,-0.09991314,0.29044265,0.10530362,0.563142,-0.48129535,-0.192789,-0.1869422,-0.14050272,0.33464086,0.44136035,0.3543419,-0.37953666,-0.10748362,-0.24084483,0.10863848,0.06298955,0.17920622,0.34679818,0.14800093,0.0690335,0.5544191,-0.43212003,-0.2707437,-0.26049808,0.42443818,0.6472526,0.66550905,0.6568956,0.85648066,-0.08257971,0.6993156,0.7616237,0.8471634,0.8414436,0.29368412,0.69610965,0.16764309,0.43459594,-0.33501646,0.88764596,0.6158779,-0.04889946,-0.15887165,0.7017643,0.6606876,-0.12700604,0.46650422,0.45862052,0.60683995,0.6650301,0.5001474,0.56659997,0.6890508,-0.023764867,-0.3465036,0.06876245,-0.37087947,-0.054061763,-0.29573897,0.3125416,0.40113154,-0.26186478,-0.12909311
-0.06491195,0.45620558,-0.096340574,0.3151467,0.449684,0.09969432,0.32716203,0.2583209,0.16026075,-0.041490376,-0.5640343,-0.40950656,0.57824045,0.6893951,0.39867684,0.3388698,0.45759946,0.343747,0.67994225,0.49786815,0.33741084,0.50492436,0.43907243,0.38464132,-0.029795598,-0.13417701,0.8354451,0.553556,0.5689837,0.55928534,0.41499898,0.2850813,-0.06462637,0.49926883,0.0,-0.56136066,0.45242298,-0.21276528,-0.07075996,-0.21254301,0.20974736,-0.1240958,-0.06876016,0.28917912,0.36360657,0.47724158,0.8451392,0.47583407,-0.7817537,-0.27570993,0.21873161,0.4348694,0.4411717,0.4496628,0.49929154,0.12534216,0.17623569,0.31514853,-0.29199347,-0.6826822,-0.6670837,0.26963955,0.43458572,0.48174828,0.25019267,0.5473191,-0.082569085,0.3997725,0.6260729,0.3696401,0.48121765,0.6071176,0.7444727,-0.40723264,-0.08588773,-0.6879614,0.6031046,0.57356656,0.34842724,0.3887306,0.633167,0.50083673,0.18126316,0.68466127,0.6470359,0.7145319,0.562839,0.6150171,-0.024410332,0.5317302,0.41808486,0.15225148,0.39526582,-0.38044727,-0.14190626,0.26153377,0.39858103,0.5168247,-0.7226492,-0.14865421
