0,1,2,3,4,5,6,7,8,9,10,11,12,13,14,15,16,17,18,19,20,21,22,23,24,25,26,27,28,29,30,31,32,33,34,35,36,37,38,39,40,41,42,43,44,45,46,47,48,49,50,51,52,53,54,55,56,57,58,59,60,61,62,63,64,65,66,67,68,69,70,71,72,73,74,75,76,77,78,79,80,81,82,83,84,85,86,87,88,89,90,91,92,93,94,95,96,97,98,99
0.0,0.61221415,0.7098051,0.1618234,0.20883858,0.6131811,0.5658954,0.6041391,0.5606617,0.5113224,0.56844276,-0.10986715,-0.37432703,-0.29689786,-0.1998326,0.8329532,-0.4236259,-0.1511417,-0.4293535,-0.22180694,-0.31252825,-0.40836364,-0.23926249,-0.39805856,0.20872493,-0.507094,-0.26534203,-0.33850572,-0.41199592,-0.22724503,0.004001866,0.040630683,-0.095467426,-0.42498985,-0.38823265,0.21216485,-0.37841323,0.72985184,0.62832934,0.5857226,0.22301644,-0.37366274,-0.43059897,-0.3528735,-0.39059502,-0.18805121,-0.2860295,-0.2623895,0.4199896,-0.016030645,0.045376446,0.8049892,0.7264791,0.1931495,0.68888444,0.6273819,0.52876633,0.6184826,0.3721744,-0.027996786,-0.044133764,-0.46746415,-0.35893092,-0.20207173,-0.22940248,-0.17529249,0.49633884,-0.40897492,-0.47422093,-0.24189223,-0.2615601,-0.4015428,-0.20712014,0.36993176,-0.32930008,0.026487906,-0.3039576,-0.23519121,-9.469437e-05,0.044371933,-0.32087654,-0.24730338,-0.40698478,-0.40090686,-0.275389,-0.2856089,-0.3165119,-0.33292416,0.02800422,0.2133863,0.26790136,0.654923,0.5607034,-0.17073545,-0.46374518,-0.33229828,-0.20143032,-0.22906792,0.42184418,0.063706316
0.61221415,0.0,0.21033522,0.55040383,0.4741399,0.12275346,0.052114148,0.14352319,0.10879515,0.030364474,0.41818994,0.17208335,0.107359216,0.17272979,0.30423468,0.70058215,0.01921757,0.17393698,0.0438005,0.24479088,0.20296396,0.06598704,0.26551017,-0.29510176,0.021044819,-0.18764532,0.23609735,0.16222915,0.09555789,0.26616856,0.14218488,0.3673475,0.23483875,-0.11102061,0.073147886,-0.04326117,-0.03078673,0.33905506,0.14112015,0.08961221,-0.021263177,-0.0802982,-0.026284724,0.104673065,0.06042431,0.29882544,0.20251498,0.2201543,-0.0573644,-0.3454554,0.103340395,0.8231277,0.7219516,0.5619215,0.24347869,0.10493665,0.015708443,0.21110272,-0.09273176,-0.36394444,-0.1198462,-0.069730066,0.101258904,0.26075676,0.24802369,0.3117224,0.012433938,-0.03987704,-0.1433648,-0.058117043,0.228409,0.03759992,0.29055783,-0.14030199,-0.2156857,-0.19576669,0.21411504,0.26697585,0.1667721,0.19367842,0.1275251,-0.117593735,-0.009249987,0.02746972,0.214624,0.20332989,0.10531614,0.16394816,-0.09102123,-0.21041222,0.22888276,0.31563166,0.07926834,-0.12884255,-0.2823478,0.13467959,0.2861261,0.26306212,-0.06856852,-0.30532393
0.7098051,0.21033522,0.0,-0.21551113,0.08340828,0.96806604,0.9069598,0.9303099,0.898559,0.81679356,0.5473425,-0.08071816,-0.7177908,-0.7170026,-0.6373803,0.7270974,-0.70820206,-0.41535142,-0.79519653,-0.65557754,-0.70535886,-0.7795086,-0.68732005,-0.14727284,0.4039839,-0.48299742,-0.70178425,-0.7764968,-0.71350056,-0.6758319,-0.47374773,-0.48138773,-0.6384836,-0.63727915,-0.7629955,0.49831358,-0.57359904,0.77491605,0.8606464,0.8693432,0.32233202,-0.4846797,-0.7030132,-0.7332247,-0.6697327,-0.65360314,-0.7398911,-0.7245872,0.7750589,0.31432027,-0.36441913,0.5378796,0.44865638,-0.11719254,0.9752374,0.96765995,0.88384145,0.9020126,0.77732486,0.49106142,0.30590937,-0.68957293,-0.74468434,-0.64758784,-0.6494638,-0.61147213,0.8366285,-0.6917337,-0.65686166,-0.3405088,-0.66393405,-0.7434509,-0.6471365,0.78013515,-0.11232494,0.45661518,-0.68292737,-0.6733822,-0.4402106,-0.41929248,-0.6635457,-0.32000658,-0.63171476,-0.741622,-0.6984385,-0.71231866,-0.61663514,-0.7676786,0.28838986,0.615946,-0.1556806,0.801287,0.86928076,-0.10076385,-0.4008939,-0.7385897,-0.6677997,-0.6969586,0.7813153,0.4713254
0.1618234,0.55040383,-0.21551113,0.0,0.42180037,-0.2607187,-0.3234335,-0.25019935,-0.24226727,-0.37244964,0.14965186,0.2510752,0.49685124,0.5337243,0.60165125,0.2064085,0.41991517,0.40879285,0.45790225,0.5615902,0.5502971,0.4472011,0.5515845,-0.112984434,-0.20272255,0.15774168,0.5525801,0.5067061,0.50100714,0.5386069,0.46476424,0.63254493,0.53218687,0.24779876,0.4437439,-0.32641348,0.2440744,-0.03281099,-0.2754045,-0.29893434,-0.23860636,0.27368864,0.36294478,0.4395916,0.44484276,0.5408878,0.49884984,0.49341407,-0.505411,-0.5045649,0.36991012,0.35899833,0.5357583,0.9643848,-0.19572058,-0.30280676,-0.34585208,-0.14949691,-0.4374898,-0.5095086,-0.12296507,0.37163308,0.5032184,0.5777574,0.56807166,0.58594716,-0.3278393,0.41161373,0.3174391,0.27186018,0.56005067,0.47466382,0.5686611,-0.46469745,0.054408003,-0.33414245,0.59652007,0.55768377,0.51495486,0.48905915,0.51910555,0.15621276,0.3576898,0.4444319,0.5657676,0.52745837,0.45145318,0.50509024,-0.1729245,-0.4427502,0.3248196,-0.071935244,-0.32553464,0.0444186,0.08126067,0.4793883,0.5443861,0.5395095,-0.49905467,-0.5451152
0.20883858,0.4741399,0.08340828,0.42180037,0.0,0.066500805,-0.07961043,-0.013052235,0.018863203,-0.024385687,0.39323288,0.5241364,0.22307007,0.120351955,0.22592822,0.3453397,0.24116276,0.24129215,0.14209248,0.23370704,0.24724703,0.17560256,0.18603781,0.2585965,0.19911413,0.3556244,0.1722837,0.1437862,0.27629155,0.19051747,0.056172766,0.120282546,0.05583956,0.08596605,0.13405614,-0.04768611,0.14122698,0.014775081,-0.12159948,-0.08961282,-0.10710312,0.41198346,0.19457877,0.18764418,0.19260767,0.17425905,0.11249228,0.14522347,-0.19926026,-0.21904832,-0.05373054,0.317846,0.25365004,0.44443738,0.12574275,-0.019250982,-0.14058442,0.043262836,-0.07258536,-0.03594481,0.25695112,0.17414875,0.106333934,0.15039852,0.16683659,0.20505054,-0.16682689,0.08508411,0.056344878,0.047262467,0.20131435,0.13256192,0.20733276,-0.17759089,0.24515852,0.20155083,0.2972073,0.22116967,0.07450697,-0.061415486,0.1849012,-0.08872351,0.18473732,0.115516976,0.17461464,0.12237699,0.32207316,0.13247763,-0.0023409952,-0.20562999,-0.25311333,0.0877161,-0.13765475,0.38264155,0.17193012,0.18298595,0.1689746,0.15765801,-0.2040278,-0.212126
0.6131811,0.12275346,0.96806604,-0.2607187,0.066500805,0.0,0.92433923,0.9436548,0.9341823,0.8454463,0.52734166,-0.0035984719,-0.7214277,-0.76666266,-0.69910544,0.6735929,-0.68652004,-0.39944237,-0.8111291,-0.6889142,-0.7452511,-0.8005306,-0.75624347,-0.01965433,0.41201466,-0.39356512,-0.76031435,-0.82493407,-0.71107984,-0.7457351,-0.55196977,-0.5732594,-0.69351935,-0.601479,-0.77971584,0.5517004,-0.55891883,0.7287933,0.8553294,0.8825311,0.3586807,-0.4404408,-0.68684787,-0.75376546,-0.6861122,-0.7314781,-0.80379677,-0.79215205,0.7881582,0.39924797,-0.4311946,0.45211536,0.36194918,-0.172437,0.96584475,0.97070414,0.90596265,0.91937995,0.83654636,0.6050449,0.420287,-0.6517722,-0.77540696,-0.7138269,-0.7093976,-0.6821512,0.8597364,-0.67756134,-0.6199799,-0.2831238,-0.71335906,-0.7525291,-0.7144533,0.836528,0.0016201696,0.55680794,-0.70932233,-0.73611796,-0.5237351,-0.5024109,-0.67064136,-0.26728284,-0.62941825,-0.7492217,-0.75010437,-0.7713612,-0.6225091,-0.81823504,0.36832365,0.6961357,-0.2552953,0.76407003,0.8851385,-0.041092157,-0.31721997,-0.7683848,-0.74492353,-0.77078426,0.8022996,0.55186087
0.5658954,0.052114148,0.9069598,-0.3234335,-0.07961043,0.92433923,0.0,0.96576905,0.9258019,0.88345844,0.5208767,-0.12150378,-0.8278585,-0.81155425,-0.7481877,0.60954714,-0.79298717,-0.45111626,-0.87944835,-0.73702455,-0.80779195,-0.86135167,-0.7862694,-0.12528215,0.39885157,-0.5170097,-0.8163693,-0.88063073,-0.80749255,-0.78302675,-0.5540123,-0.5692278,-0.68929875,-0.67167264,-0.85380864,0.5600805,-0.6480987,0.760488,0.8987361,0.9322101,0.371438,-0.56986445,-0.780761,-0.8601777,-0.751123,-0.76352936,-0.8311049,-0.8206607,0.85766405,0.4156179,-0.38965607,0.42667338,0.35293296,-0.21509105,0.8916165,0.9618022,0.9775076,0.92280704,0.8892524,0.6170814,0.3650777,-0.7682972,-0.83988833,-0.750828,-0.75175864,-0.72214,0.9609288,-0.76404876,-0.7027258,-0.33212093,-0.75709313,-0.83598423,-0.74827003,0.9210099,-0.0831914,0.5111707,-0.7809488,-0.7866808,-0.5252543,-0.45492616,-0.75572866,-0.30149817,-0.7147279,-0.8438351,-0.8146191,-0.81535304,-0.7273587,-0.88351095,0.3495394,0.7385198,-0.18166931,0.769118,0.94868594,-0.13256513,-0.41920984,-0.8722377,-0.7797943,-0.80137444,0.873709,0.5835951
0.6041391,0.14352319,0.9303099,-0.25019935,-0.013052235,0.9436548,0.96576905,0.0,0.94687545,0.87287253,0.5622407,-0.052123975,-0.75874716,-0.7443909,-0.6669497,0.6851782,-0.74599874,-0.41659844,-0.8296066,-0.682872,-0.7380861,-0.8041682,-0.7105675,-0.12612917,0.39995012,-0.4977953,-0.7337154,-0.8121431,-0.760883,-0.7055704,-0.56769365,-0.55245465,-0.6946905,-0.668417,-0.79782426,0.5462339,-0.62690043,0.77854294,0.91562694,0.9448952,0.35219273,-0.55608785,-0.74981165,-0.79928744,-0.71139956,-0.68349123,-0.7636639,-0.75767756,0.82440233,0.36180815,-0.4017745,0.48876002,0.4067772,-0.14451258,0.9265346,0.9633883,0.9593497,0.9572795,0.85207623,0.5553801,0.35526082,-0.7439879,-0.77609146,-0.67654574,-0.67878866,-0.63938063,0.9282436,-0.7299603,-0.68203294,-0.31826872,-0.68534243,-0.7924918,-0.66921014,0.8699684,-0.09051598,0.5055472,-0.71797526,-0.7060203,-0.52621317,-0.47418588,-0.69353515,-0.30729628,-0.678163,-0.7986349,-0.7371879,-0.7408328,-0.6855626,-0.8116651,0.33736446,0.6962257,-0.20103489,0.82664347,0.9458335,-0.119905226,-0.43354738,-0.8098299,-0.70463544,-0.7279714,0.8423536,0.5308991
0.5606617,0.10879515,0.898559,-0.24226727,0.018863203,0.9341823,0.9258019,0.94687545,0.0,0.8461154,0.48933154,0.06135538,-0.6758453,-0.72196746,-0.6639762,0.6629158,-0.6275334,-0.27131668,-0.7623234,-0.6016284,-0.7081037,-0.754099,-0.7208878,0.038930733,0.31424415,-0.39034832,-0.7274835,-0.7888964,-0.6650603,-0.7190062,-0.598998,-0.5884673,-0.6608215,-0.5067571,-0.718094,0.65747535,-0.5019126,0.73004764,0.878414,0.9087346,0.47770557,-0.46789062,-0.6433159,-0.7290672,-0.66205126,-0.6986207,-0.7542033,-0.7575824,0.79635745,0.47635162,-0.46960962,0.41920725,0.35712457,-0.1473361,0.9094162,0.92587054,0.90467143,0.9674845,0.8367885,0.60788643,0.466209,-0.6207234,-0.7287589,-0.6745923,-0.6694493,-0.6515833,0.89557254,-0.62054485,-0.53887963,-0.15173396,-0.66538036,-0.7173128,-0.6793965,0.8557836,0.06628196,0.5325601,-0.66990083,-0.7152542,-0.5798467,-0.52053684,-0.59611326,-0.118509755,-0.63198304,-0.7038409,-0.7167522,-0.7286764,-0.5997871,-0.79352707,0.50330096,0.7735003,-0.21946898,0.73651826,0.9107143,-0.11549203,-0.3128332,-0.75435305,-0.7234867,-0.7411575,0.8174526,0.6135246
0.5113224,0.030364474,0.81679356,-0.37244964,-0.024385687,0.8454463,0.88345844,0.87287253,0.8461154,0.0,0.60631067,-0.0046153185,-0.74653935,-0.7491992,-0.6948237,0.5607351,-0.7012242,-0.42798713,-0.8082197,-0.6939595,-0.7363116,-0.7627532,-0.7183742,-0.041331854,0.5693201,-0.36467543,-0.7408406,-0.8044357,-0.76794976,-0.7076961,-0.53854895,-0.54608876,-0.66233027,-0.6438266,-0.7739737,0.51046324,-0.6399306,0.7313599,0.8487987,0.9096677,0.31170794,-0.46006596,-0.7318617,-0.76594245,-0.7694442,-0.7055059,-0.7689022,-0.75425607,0.8138366,0.37734646,-0.33778217,0.37121585,0.2673373,-0.28270695,0.80325675,0.87368846,0.8825164,0.82028085,0.9424241,0.6736343,0.41753885,-0.6984254,-0.7718409,-0.6992464,-0.70197064,-0.6697626,0.85996914,-0.7125781,-0.67189986,-0.3485217,-0.70398736,-0.76585263,-0.68402064,0.8703856,-0.010916947,0.64887565,-0.73046255,-0.7106228,-0.5356888,-0.46465832,-0.71645033,-0.36652622,-0.70874155,-0.7733428,-0.74852383,-0.75328857,-0.7020549,-0.8100109,0.28485715,0.64913195,-0.21851352,0.79785216,0.87809294,0.046747357,-0.34454414,-0.78599924,-0.72504145,-0.7400563,0.82608265,0.5483995
0.56844276,0.41818994,0.5473425,0.14965186,0.39323288,0.52734166,0.5208767,0.5622407,0.48933154,0.60631067,0.0,0.23831022,-0.331698,-0.26294705,-0.14042948,0.63366276,-0.34282187,-0.21601905,-0.40391266,-0.25245064,-0.20850272,-0.33235294,-0.18876757,-0.18473269,0.58805615,-0.15821277,-0.23654512,-0.35279492,-0.37757438,-0.17820296,-0.07668718,0.005812363,-0.23929526,-0.55094427,-0.40908757,-0.0073394524,-0.60436684,0.648427,0.50197,0.5732792,-0.14989986,-0.1699319,-0.47909442,-0.41467693,-0.44253582,-0.21673495,-0.32394135,-0.28634742,0.291355,-0.25487807,0.11674223,0.62476766,0.5856271,0.19042876,0.5361821,0.5466075,0.49116755,0.5284393,0.54889107,0.25244182,0.27484262,-0.4245378,-0.33579808,-0.15458925,-0.16946691,-0.108787395,0.47943744,-0.4071564,-0.50914824,-0.29343674,-0.17507438,-0.34874126,-0.13388996,0.4065171,0.009655684,0.4096834,-0.18745577,-0.15232766,-0.0534849,-0.061131887,-0.31604853,-0.4909007,-0.4511125,-0.41626468,-0.24379723,-0.27552438,-0.370886,-0.3538781,-0.14340006,0.07541997,-0.06625946,0.6636782,0.47278067,0.23837312,-0.32416102,-0.4096319,-0.22141142,-0.24174055,0.32770088,-0.08413026
-0.10986715,0.17208335,-0.08071816,0.2510752,0.5241364,-0.0035984719,-0.12150378,-0.052123975,0.06135538,-0.0046153185,0.23831022,0.0,0.44462532,0.2816867,0.3045981,0.12103967,0.5304498,0.5307148,0.33628345,0.38341478,0.3734546,0.3528066,0.23215893,0.62989277,0.018767487,0.6140145,0.24944061,0.2223064,0.39229742,0.22339122,-0.16315942,-0.04355197,0.019121418,0.38910475,0.34753272,0.053404376,0.1777953,-0.101360105,-0.16131979,-0.06454742,0.012966638,0.467885,0.3425539,0.2600811,0.21598317,0.1577198,0.172676,0.15648766,-0.2862678,-0.08215862,-0.08499727,-0.0013633575,0.026955584,0.26558438,-0.031763427,-0.1044423,-0.17714538,0.047353294,-0.0031407136,0.16398807,0.564065,0.4353518,0.30806854,0.26709718,0.2912942,0.27132353,-0.1470446,0.39530918,0.41087583,0.52081764,0.33782575,0.36675048,0.2674911,-0.116744295,0.7179523,0.33068803,0.41674936,0.26536515,-0.15793069,-0.2367351,0.4598873,0.32204372,0.20164686,0.35362604,0.26812267,0.2318759,0.28495544,0.19511107,0.26030383,-0.049537804,-0.397998,-0.10417674,-0.15149085,0.37764114,0.39975804,0.21835032,0.13412477,0.1570648,-0.2604485,-0.095606305
-0.37432703,0.107359216,-0.7177908,0.49685124,0.22307007,-0.7214277,-0.8278585,-0.75874716,-0.6758453,-0.74653935,-0.331698,0.44462532,0.0,0.91796297,0.86344326,-0.3555616,0.94823575,0.6946294,0.95369893,0.88160723,0.9050416,0.93811905,0.8358401,0.28120196,-0.46246305,0.6069769,0.88798696,0.9104073,0.89407164,0.8274396,0.53494763,0.60751927,0.69986063,0.78092813,0.9568157,-0.47700006,0.63497627,-0.5429124,-0.72236294,-0.73708993,-0.23296742,0.6260159,0.8347887,0.9065903,0.7344552,0.79156184,0.85296863,0.82147616,-0.88159937,-0.43535173,0.424498,-0.25774044,-0.0974247,0.42429847,-0.69352174,-0.78595924,-0.8488286,-0.6552026,-0.7845778,-0.6016692,-0.1626449,0.8819276,0.95721656,0.86864585,0.8723025,0.8203668,-0.8249972,0.9307219,0.85591197,0.6265173,0.87088245,0.9588401,0.8283775,-0.8578996,0.33619356,-0.4273936,0.9056991,0.8497304,0.5029721,0.4494043,0.95250154,0.49241486,0.6689364,0.9580343,0.90593076,0.8880056,0.7601118,0.902285,-0.1710837,-0.63757855,0.19273193,-0.6170845,-0.8068948,0.14507759,0.4851183,0.900264,0.79363513,0.81453043,-0.8813786,-0.5959133
-0.29689786,0.17272979,-0.7170026,0.5337243,0.120351955,-0.76666266,-0.81155425,-0.7443909,-0.72196746,-0.7491992,-0.26294705,0.2816867,0.91796297,0.0,0.96379083,-0.30949295,0.8333916,0.6019935,0.9298074,0.884517,0.95596117,0.9320166,0.9453237,0.006654638,-0.44306093,0.3795111,0.9670981,0.94902086,0.8129458,0.9377489,0.6381232,0.7309106,0.7379771,0.6156228,0.908436,-0.5938221,0.51134634,-0.44428027,-0.6526968,-0.69282526,-0.32279274,0.43818954,0.6997313,0.8425597,0.6687225,0.9088254,0.9389998,0.913141,-0.86096334,-0.58735263,0.57695025,-0.14280307,0.016710991,0.4536437,-0.7063574,-0.781182,-0.80648565,-0.6611504,-0.8129908,-0.7584853,-0.38521084,0.7141498,0.97498107,0.97967577,0.97856283,0.950223,-0.7795569,0.833067,0.7116304,0.47657397,0.95823956,0.90519446,0.9467474,-0.88011503,0.09616705,-0.57703966,0.9211472,0.9493514,0.62103343,0.6072482,0.8948482,0.32902303,0.5646189,0.8776233,0.9763611,0.97715807,0.6871932,0.9480251,-0.33401072,-0.7317169,0.33399767,-0.51228637,-0.7789865,0.024199752,0.23471539,0.85422796,0.9135087,0.92491454,-0.8498703,-0.7118514
-0.1998326,0.30423468,-0.6373803,0.60165125,0.22592822,-0.69910544,-0.7481877,-0.6669497,-0.6639762,-0.6948237,-0.14042948,0.3045981,0.86344326,0.96379083,0.0,-0.18284127,0.76823294,0.5766982,0.87495047,0.8716999,0.96207976,0.8808871,0.96064055,-0.058032457,-0.3747067,0.32220107,0.958237,0.9159752,0.7848168,0.95262045,0.6203169,0.7501026,0.7081381,0.5189063,0.84098226,-0.5757504,0.46439648,-0.36464533,-0.5905694,-0.6338416,-0.34278336,0.39594418,0.6254441,0.78862286,0.631531,0.9249138,0.9217715,0.9081365,-0.81696004,-0.6353208,0.57316834,-0.0059586624,0.12416634,0.5296442,-0.61663157,-0.7134288,-0.7459702,-0.57964575,-0.76907945,-0.7614189,-0.38151932,0.6229904,0.91508543,0.97951746,0.98516536,0.98814285,-0.71767974,0.73812574,0.6104949,0.40484017,0.9761986,0.8322593,0.9691398,-0.84398943,0.04437884,-0.55592275,0.93077856,0.96433216,0.61913246,0.6135117,0.8462232,0.24127309,0.5132563,0.7967493,0.95885694,0.95737576,0.6783469,0.9162481,-0.34299842,-0.7324739,0.31794563,-0.4135406,-0.71673805,0.025254468,0.14365657,0.80667835,0.9287283,0.93169636,-0.80198485,-0.72813284
0.8329532,0.70058215,0.7270974,0.2064085,0.3453397,0.6735929,0.60954714,0.6851782,0.6629158,0.5607351,0.63366276,0.12103967,-0.3555616,-0.30949295,-0.18284127,0.0,-0.39914542,-0.08298348,-0.44740766,-0.20781022,-0.2854578,-0.42341658,-0.2337898,-0.24475867,0.23911108,-0.43308568,-0.26807225,-0.3670314,-0.38787848,-0.23187746,-0.23796475,-0.09940874,-0.25895095,-0.43566376,-0.4031852,0.32593578,-0.39237306,0.71028745,0.66361535,0.6399989,0.24516585,-0.40092248,-0.45508066,-0.40052682,-0.4047051,-0.20123781,-0.30955383,-0.29916772,0.4627078,0.00021225543,-0.15294956,0.87371737,0.73397005,0.27736235,0.7479121,0.661978,0.57933414,0.73821294,0.44719303,0.08699959,0.13683017,-0.48181945,-0.37998843,-0.21354055,-0.22032951,-0.1576392,0.55525416,-0.4419802,-0.47621527,-0.1731926,-0.23525524,-0.43160886,-0.19320945,0.41716695,-0.17680444,0.15138237,-0.26758647,-0.2314813,-0.22444831,-0.16392317,-0.29581308,-0.22163597,-0.43690026,-0.43110368,-0.28416288,-0.29147634,-0.33361685,-0.371325,0.17813434,0.29016313,0.0399826,0.70412755,0.62233734,-0.17763335,-0.47316837,-0.39127532,-0.2255901,-0.25427988,0.4626415,0.120950565
-0.4236259,0.01921757,-0.70820206,0.41991517,0.24116276,-0.68652004,-0.79298717,-0.74599874,-0.6275334,-0.7012242,-0.34282187,0.5304498,0.94823575,0.8333916,0.76823294,-0.39914542,0.0,0.7758083,0.9309229,0.8691252,0.8542181,0.9022386,0.73861694,0.44212857,-0.45104268,0.6895062,0.78231853,0.8226416,0.8937726,0.7266218,0.4476047,0.4923789,0.63503957,0.8589742,0.9235921,-0.36799493,0.66774917,-0.5718002,-0.7374423,-0.7268384,-0.13214952,0.6938227,0.8573756,0.84765166,0.7285186,0.68396515,0.7632729,0.7332792,-0.8427919,-0.30896157,0.33812302,-0.34778693,-0.19050504,0.35443908,-0.68197423,-0.76427114,-0.83329636,-0.634875,-0.7250716,-0.4560005,-0.022693314,0.9022719,0.88428795,0.76555693,0.7838275,0.7187994,-0.78934926,0.93033487,0.90606034,0.73054403,0.8082837,0.9280795,0.7313586,-0.789814,0.46883628,-0.32423025,0.873492,0.75076556,0.41092256,0.3480186,0.94109714,0.58978444,0.6667504,0.93245846,0.8095869,0.7903322,0.7724554,0.80555797,-0.0405607,-0.5288686,0.08163126,-0.68646324,-0.805006,0.21106382,0.563341,0.8265143,0.6825968,0.7069446,-0.83810395,-0.47860157
-0.1511417,0.17393698,-0.41535142,0.40879285,0.24129215,-0.39944237,-0.45111626,-0.41659844,-0.27131668,-0.42798713,-0.21601905,0.5307148,0.6946294,0.6019935,0.5766982,-0.08298348,0.7758083,0.0,0.69519687,0.8366057,0.6474029,0.65407884,0.5379859,0.4249132,-0.5068418,0.41699517,0.5499383,0.5698521,0.69901115,0.52308714,0.24845335,0.33269203,0.52547175,0.7910554,0.69722587,0.038192704,0.587745,-0.25577337,-0.38519356,-0.39144993,0.2624524,0.41808438,0.6517312,0.5807737,0.5294692,0.51055,0.56930137,0.5360359,-0.5050785,-0.03769532,0.1962013,-0.10208059,0.02601744,0.39120376,-0.37808624,-0.46084633,-0.5074597,-0.26278922,-0.47527006,-0.33222848,0.07774107,0.6252137,0.6252932,0.56441945,0.5910574,0.53548026,-0.41401872,0.69782126,0.7434262,0.8248373,0.63815296,0.64488655,0.54549986,-0.47670835,0.42038432,-0.30712295,0.6799332,0.52510625,0.20661609,0.2401022,0.78559685,0.72977424,0.4281817,0.6695518,0.57534534,0.5754214,0.61856776,0.5406293,0.31306845,-0.15628783,0.15108003,-0.4752503,-0.4527469,-0.019651657,0.3341115,0.5430148,0.48776054,0.5057296,-0.4966929,-0.18424469
-0.4293535,0.0438005,-0.79519653,0.45790225,0.14209248,-0.8111291,-0.87944835,-0.8296066,-0.7623234,-0.8082197,-0.40391266,0.33628345,0.95369893,0.9298074,0.87495047,-0.44740766,0.9309229,0.69519687,0.0,0.9048862,0.93382823,0.9652682,0.8657426,0.22436874,-0.4755596,0.55465275,0.89788723,0.93311846,0.91516036,0.85230285,0.579253,0.61628354,0.7227123,0.79911166,0.96382475,-0.49591416,0.6848215,-0.60005915,-0.7761915,-0.80131173,-0.2239128,0.6141016,0.8549922,0.90523744,0.7852277,0.8299066,0.89635754,0.8702847,-0.88596594,-0.41844457,0.4449492,-0.329995,-0.16300288,0.38156158,-0.7742541,-0.85308397,-0.8878995,-0.7401932,-0.84635,-0.6382351,-0.2746446,0.84085965,0.95199215,0.87539256,0.88974154,0.8394247,-0.8537432,0.90912527,0.85541034,0.60080594,0.90066886,0.9472254,0.8517946,-0.8939663,0.24314144,-0.4900201,0.9231397,0.8659519,0.5540792,0.49557272,0.9378665,0.49232313,0.7061861,0.9409734,0.9088664,0.90842885,0.80588126,0.92324144,-0.1953667,-0.6529337,0.22588798,-0.6789651,-0.8672951,0.13387251,0.45141947,0.8992061,0.8319208,0.8523513,-0.88211024,-0.58267856
-0.22180694,0.24479088,-0.65557754,0.5615902,0.23370704,-0.6889142,-0.73702455,-0.682872,-0.6016284,-0.6939595,-0.25245064,0.38341478,0.88160723,0.884517,0.8716999,-0.20781022,0.8691252,0.8366057,0.9048862,0.0,0.91110504,0.8796188,0.8560037,0.16785717,-0.51233166,0.39678147,0.8605957,0.8633089,0.85723656,0.84198254,0.5482872,0.6475793,0.74260974,0.7558792,0.8821855,-0.33112958,0.64020693,-0.39171988,-0.6083176,-0.646476,-0.059929285,0.4792552,0.73827773,0.8033485,0.67629606,0.8315493,0.8684335,0.8503085,-0.7664924,-0.37761095,0.45920336,-0.094144195,0.039496597,0.49292246,-0.6233863,-0.7288367,-0.77139777,-0.5570526,-0.76496714,-0.6636658,-0.24974194,0.71434766,0.8736485,0.8596833,0.87619364,0.845903,-0.70044273,0.8067413,0.7589931,0.6469782,0.8985131,0.8402014,0.8577645,-0.8013727,0.19956371,-0.5463337,0.90792394,0.8449334,0.5176552,0.5269422,0.90900576,0.51984125,0.5636299,0.841477,0.8707809,0.87639564,0.7703487,0.84909415,-0.06667699,-0.5456144,0.30448827,-0.5473641,-0.7218345,-0.0064583872,0.2669815,0.8003592,0.8259072,0.8384881,-0.7630157,-0.5298969
-0.31252825,0.20296396,-0.70535886,0.5502971,0.24724703,-0.7452511,-0.80779195,-0.7380861,-0.7081037,-0.7363116,-0.20850272,0.3734546,0.9050416,0.95596117,0.96207976,-0.2854578,0.8542181,0.6474029,0.93382823,0.91110504,0.0,0.92766166,0.9393286,0.09497257,-0.37830907,0.45733437,0.93999624,0.9234519,0.8628645,0.92837876,0.59226286,0.68519896,0.68879163,0.63328105,0.8868552,-0.5341081,0.56260365,-0.4651658,-0.6822264,-0.70923835,-0.3057642,0.513516,0.71918297,0.8290569,0.6940983,0.8969863,0.91366696,0.8999476,-0.8528293,-0.5519355,0.5159393,-0.13635746,-0.008247391,0.4693142,-0.67660797,-0.7758293,-0.8169082,-0.64870197,-0.79094857,-0.68101615,-0.30380195,0.7075592,0.92625916,0.94364446,0.96074134,0.9459997,-0.77954173,0.800736,0.70471495,0.48453403,0.9826137,0.87512773,0.9416872,-0.86721134,0.15663914,-0.48739234,0.9684049,0.94166315,0.5818259,0.5455935,0.8933004,0.326317,0.5854212,0.84598255,0.94511086,0.9423629,0.76296103,0.9157477,-0.2713268,-0.7043168,0.22224465,-0.5198695,-0.7962689,0.11754003,0.26961648,0.83499604,0.8990491,0.90730387,-0.83952063,-0.6683636
-0.40836364,0.06598704,-0.7795086,0.4472011,0.17560256,-0.8005306,-0.86135167,-0.8041682,-0.754099,-0.7627532,-0.33235294,0.3528066,0.93811905,0.9320166,0.8808871,-0.42341658,0.9022386,0.65407884,0.9652682,0.8796188,0.92766166,0.0,0.8959805,0.19993229,-0.38238224,0.55728906,0.91893786,0.94848704,0.8639341,0.8870951,0.5820008,0.612668,0.7023885,0.7513166,0.9680391,-0.53402805,0.6304604,-0.5666295,-0.7526684,-0.7712738,-0.2505961,0.6144098,0.84163177,0.89813036,0.77832156,0.8588741,0.92227226,0.9025854,-0.8748766,-0.46120963,0.46724838,-0.30470747,-0.16345644,0.366698,-0.75804514,-0.83675396,-0.86999977,-0.73350716,-0.819873,-0.6362807,-0.2954431,0.79690814,0.9405967,0.88026,0.88415205,0.85355777,-0.8493561,0.8571285,0.7839265,0.52346504,0.89014125,0.9181387,0.8780793,-0.8911321,0.19715008,-0.45855048,0.892656,0.89348,0.5537691,0.46984857,0.8935548,0.405897,0.7007267,0.91159505,0.911467,0.9217953,0.75075704,0.93660814,-0.27006343,-0.69214064,0.18914866,-0.62563664,-0.85688657,0.17793192,0.42188424,0.8946401,0.85711783,0.8794924,-0.872542,-0.6172396
-0.23926249,0.26551017,-0.68732005,0.5515845,0.18603781,-0.75624347,-0.7862694,-0.7105675,-0.7208878,-0.7183742,-0.18876757,0.23215893,0.8358401,0.9453237,0.96064055,-0.2337898,0.73861694,0.5379859,0.8657426,0.8560037,0.9393286,0.8959805,0.0,-0.10066765,-0.3513848,0.2953416,0.97543424,0.9406814,0.7478432,0.98548025,0.64298093,0.7363233,0.7114039,0.50600815,0.845087,-0.5919405,0.46618143,-0.3952119,-0.61811024,-0.66857964,-0.33703935,0.38100478,0.6251812,0.79345673,0.6460646,0.9711981,0.9643916,0.9640186,-0.8053303,-0.6288137,0.57383144,-0.048512492,0.059095573,0.4732012,-0.6639723,-0.7592757,-0.77768517,-0.642274,-0.80097103,-0.7901657,-0.46849418,0.5808411,0.8993239,0.95549214,0.95034844,0.9677184,-0.7527276,0.6944987,0.5679109,0.33017144,0.94062126,0.8044598,0.9926139,-0.87170786,-0.045506883,-0.5903519,0.8859786,0.98379624,0.63349485,0.60361147,0.8003756,0.19359796,0.5303335,0.77281696,0.95536685,0.9745841,0.6582877,0.94054115,-0.39762565,-0.7610115,0.32455078,-0.43006063,-0.7534399,0.027610328,0.11706997,0.81171745,0.9686874,0.97699726,-0.7952614,-0.72562623
-0.39805856,-0.29510176,-0.14727284,-0.112984434,0.2585965,-0.01965433,-0.12528215,-0.12612917,0.038930733,-0.041331854,-0.18473269,0.62989277,0.28120196,0.006654638,-0.058032457,-0.24475867,0.44212857,0.4249132,0.22436874,0.16785717,0.09497257,0.19993229,-0.10066765,0.0,-0.04442814,0.7324189,-0.047655564,0.032088183,0.35131222,-0.11256464,-0.3052539,-0.34649444,-0.10611178,0.5391503,0.24075657,0.3361538,0.42829263,-0.3530004,-0.25047874,-0.15887158,0.28255323,0.5864989,0.43798548,0.21857634,0.24229321,-0.14959176,-0.05841351,-0.079968914,-0.114237264,0.42061105,-0.3759313,-0.4779618,-0.4380458,-0.09348606,-0.10588247,-0.12820303,-0.17095497,-0.05353028,0.045716655,0.45163542,0.6617381,0.48190343,0.106881045,-0.091228746,-0.049337223,-0.120388955,-0.13202183,0.3544195,0.5006942,0.5627595,0.021260628,0.24125999,-0.10347279,0.02630575,0.80403936,0.46353126,0.15624802,-0.07846459,-0.32912746,-0.4275004,0.29519427,0.5387693,0.28911105,0.27303097,-0.016612975,-0.04693094,0.31765604,0.0026588277,0.5384166,0.26786613,-0.4671956,-0.35361195,-0.15740342,0.45258704,0.6964502,0.14805296,-0.16576014,-0.13325879,-0.10580136,0.3274887
0.20872493,0.021044819,0.4039839,-0.20272255,0.19911413,0.41201466,0.39885157,0.39995012,0.31424415,0.5693201,0.58805615,0.018767487,-0.46246305,-0.44306093,-0.3747067,0.23911108,-0.45104268,-0.5068418,-0.4755596,-0.51233166,-0.37830907,-0.38238224,-0.3513848,-0.04442814,0.0,0.007001161,-0.38708398,-0.4185203,-0.4494953,-0.34358564,-0.1870913,-0.26718765,-0.42199108,-0.5463973,-0.47824588,0.01236319,-0.44150776,0.32731065,0.33940756,0.40064535,-0.16348508,-0.007146017,-0.40614507,-0.405335,-0.3789332,-0.35578218,-0.42016253,-0.36781594,0.38292578,0.00746683,-0.13586026,0.19351521,0.0663656,-0.18130732,0.3850133,0.41862306,0.40895835,0.2897799,0.57369167,0.46674165,0.22078235,-0.44091776,-0.4802282,-0.40461257,-0.41094217,-0.3516354,0.35666633,-0.52369153,-0.56101644,-0.5545905,-0.40818074,-0.46411297,-0.3429445,0.42759657,-0.08429448,0.6412464,-0.3972044,-0.3302618,-0.1440801,-0.27014878,-0.5502582,-0.6277847,-0.30167052,-0.51301664,-0.41625947,-0.43350562,-0.3645735,-0.41816166,-0.19627844,0.1189216,-0.30182838,0.53466994,0.36577046,0.5172488,-0.06874882,-0.39512113,-0.35024324,-0.3648024,0.38525882,0.1558209
-0.507094,-0.18764532,-0.48299742,0.15774168,0.3556244,-0.39356512,-0.5170097,-0.4977953,-0.39034832,-0.36467543,-0.15821277,0.6140145,0.6069769,0.3795111,0.32220107,-0.43308568,0.6895062,0.41699517,0.55465275,0.39678147,0.45733437,0.55728906,0.2953416,0.7324189,0.007001161,0.0,0.34860113,0.42193416,0.6202453,0.2825898,0.11754646,0.07672046,0.23890087,0.6149176,0.55870694,-0.23289125,0.48974285,-0.58131194,-0.6350601,-0.54374623,-0.20516244,0.8626919,0.70252496,0.55383503,0.5467751,0.22426666,0.30903867,0.29912934,-0.5750168,-0.07355027,-2.0067224e-05,-0.48374,-0.3851938,0.12430921,-0.45269704,-0.49696606,-0.5449896,-0.46044508,-0.30529347,0.09260242,0.39785996,0.7478562,0.4674687,0.30017027,0.32038754,0.2595656,-0.55360556,0.60998297,0.6455214,0.47397128,0.3609297,0.5960771,0.28213918,-0.41144916,0.6976071,0.24739765,0.49903482,0.3260952,0.119243704,-0.07591922,0.5418523,0.36454833,0.5886246,0.59103745,0.3687116,0.32302937,0.5394167,0.4055565,0.022794174,-0.28832188,-0.3365056,-0.5330078,-0.5770241,0.6555799,0.8128018,0.52091515,0.22870328,0.2577085,-0.57062405,-0.19126308
-0.26534203,0.23609735,-0.70178425,0.5525801,0.1722837,-0.76031435,-0.8163693,-0.7337154,-0.7274835,-0.7408406,-0.23654512,0.24944061,0.88798696,0.9670981,0.958237,-0.26807225,0.78231853,0.5499383,0.89788723,0.8605957,0.93999624,0.91893786,0.97543424,-0.047655564,-0.38708398,0.34860113,0.0,0.970206,0.78553665,0.9737873,0.64428395,0.7368991,0.7252088,0.5598493,0.88675636,-0.5930353,0.5168949,-0.4264493,-0.6399934,-0.693326,-0.33184344,0.42272577,0.67314094,0.85234326,0.6681692,0.9590236,0.9695805,0.9574335,-0.8308721,-0.6054057,0.5545876,-0.09031839,0.025197197,0.46921742,-0.6776456,-0.77600014,-0.80660915,-0.6593633,-0.8198243,-0.78815275,-0.44069666,0.65886754,0.944136,0.96027607,0.95413166,0.9561404,-0.788441,0.7589125,0.63019013,0.3693498,0.9344099,0.8562238,0.96781963,-0.89401466,0.00925593,-0.5815577,0.894506,0.97684675,0.62640285,0.5928168,0.84036905,0.24554501,0.56687397,0.83199567,0.9822077,0.9888732,0.68584675,0.97313625,-0.37453198,-0.7586092,0.33290175,-0.45703462,-0.7708513,0.034546822,0.19056588,0.8698503,0.96371067,0.97103804,-0.8271735,-0.7175067
-0.33850572,0.16222915,-0.7764968,0.5067061,0.1437862,-0.82493407,-0.88063073,-0.8121431,-0.7888964,-0.8044357,-0.35279492,0.2223064,0.9104073,0.94902086,0.9159752,-0.3670314,0.8226416,0.5698521,0.93311846,0.8633089,0.9234519,0.94848704,0.9406814,0.032088183,-0.4185203,0.42193416,0.970206,0.0,0.8400839,0.93567896,0.6389083,0.703546,0.7587839,0.654642,0.9370352,-0.57126534,0.6213925,-0.5363333,-0.7309619,-0.78607273,-0.29580167,0.5063093,0.77796835,0.91742563,0.75647587,0.9319003,0.97297233,0.9556429,-0.8614076,-0.5235748,0.50105083,-0.1955507,-0.072628625,0.42721626,-0.7526844,-0.84675837,-0.8720875,-0.73913515,-0.87270397,-0.76071036,-0.43260023,0.73255676,0.9456172,0.91642964,0.9131356,0.89980096,-0.8563728,0.80183697,0.70468307,0.41419163,0.8992346,0.88896966,0.92036545,-0.9247449,0.040491257,-0.5793996,0.88543075,0.9351067,0.6167928,0.555366,0.85454404,0.32782388,0.6759879,0.88151294,0.95322824,0.96523,0.74888194,0.99330974,-0.3355295,-0.7452195,0.3262679,-0.56754375,-0.83476174,0.07744343,0.3111763,0.93035984,0.93723327,0.9512366,-0.86418855,-0.6674484
-0.41199592,0.09555789,-0.71350056,0.50100714,0.27629155,-0.71107984,-0.80749255,-0.760883,-0.6650603,-0.76794976,-0.37757438,0.39229742,0.89407164,0.8129458,0.7848168,-0.38787848,0.8937726,0.69901115,0.91516036,0.85723656,0.8628645,0.8639341,0.7478432,0.35131222,-0.4494953,0.6202453,0.78553665,0.8400839,0.0,0.7337694,0.49507353,0.5493539,0.6724442,0.8115521,0.87690884,-0.3399744,0.8046661,-0.5968556,-0.76423055,-0.78775364,-0.14217135,0.68551767,0.866934,0.88043225,0.78782916,0.72192734,0.7802181,0.7595539,-0.8193154,-0.276674,0.32063675,-0.29305783,-0.14045633,0.44310644,-0.67744535,-0.78127074,-0.8276024,-0.64973766,-0.7795886,-0.50203866,-0.124352485,0.8546486,0.845215,0.7528927,0.78490263,0.7337225,-0.7839726,0.85763836,0.84732205,0.6358914,0.8188118,0.87256944,0.73563474,-0.79541874,0.34202367,-0.38018894,0.9079276,0.7547058,0.47932327,0.42448357,0.8989965,0.5616866,0.7268739,0.87988544,0.8080268,0.78556216,0.93379664,0.8318403,-0.03411713,-0.5183647,0.16321436,-0.6685943,-0.8002798,0.20529145,0.5489421,0.87229836,0.7328303,0.7446057,-0.82049567,-0.4498781
-0.22724503,0.26616856,-0.6758319,0.5386069,0.19051747,-0.7457351,-0.78302675,-0.7055704,-0.7190062,-0.7076961,-0.17820296,0.22339122,0.8274396,0.9377489,0.95262045,-0.23187746,0.7266218,0.52308714,0.85230285,0.84198254,0.92837876,0.8870951,0.98548025,-0.11256464,-0.34358564,0.2825898,0.9737873,0.93567896,0.7337694,0.0,0.6488807,0.7341081,0.69801354,0.4872478,0.83516395,-0.5971002,0.45143712,-0.38059506,-0.6037764,-0.65814936,-0.33822656,0.37770924,0.6066379,0.7898961,0.6244748,0.9687382,0.9586434,0.96218824,-0.7947091,-0.632852,0.5809325,-0.04868386,0.04210492,0.45580795,-0.65354633,-0.75172025,-0.7761626,-0.6423314,-0.7968797,-0.79524577,-0.47793147,0.5668227,0.88983244,0.94728845,0.94214326,0.96169597,-0.7530679,0.6819894,0.5484829,0.30221382,0.92522776,0.7955137,0.98164994,-0.8746993,-0.05736484,-0.59360003,0.8727986,0.99015665,0.6356149,0.595165,0.77996546,0.16312836,0.5129331,0.7622112,0.9530099,0.967466,0.64347136,0.9357652,-0.41252857,-0.7697299,0.32795525,-0.42038128,-0.75002015,0.028155161,0.10008384,0.8092442,0.96985173,0.9739958,-0.7867248,-0.728518
0.004001866,0.14218488,-0.47374773,0.46476424,0.056172766,-0.55196977,-0.5540123,-0.56769365,-0.598998,-0.53854895,-0.07668718,-0.16315942,0.53494763,0.6381232,0.6203169,-0.23796475,0.4476047,0.24845335,0.579253,0.5482872,0.59226286,0.5820008,0.64298093,-0.3052539,-0.1870913,0.11754646,0.64428395,0.6389083,0.49507353,0.6488807,0.0,0.85056484,0.7657226,0.29296458,0.5447629,-0.6086567,0.27303115,-0.1525702,-0.46409777,-0.52387756,-0.3565919,0.32607657,0.40094337,0.57694036,0.41881046,0.63700545,0.63874596,0.65568334,-0.6194984,-0.5417352,0.8035997,0.005767975,0.18198416,0.3752626,-0.5135187,-0.53135306,-0.5589686,-0.5576029,-0.594792,-0.65068585,-0.50625503,0.4381772,0.62745035,0.66316473,0.6329557,0.6259201,-0.55516154,0.5166103,0.3583532,0.12441356,0.5910531,0.5999116,0.6276695,-0.6583027,-0.1651889,-0.5517158,0.58733225,0.6475708,0.9247191,0.8607785,0.4910563,0.04862565,0.36264083,0.5562396,0.66264516,0.6426597,0.47984457,0.65594745,-0.51166385,-0.66807336,0.62327677,-0.3040955,-0.5939308,0.0711562,0.0943559,0.6134276,0.67130274,0.66123897,-0.63162154,-0.6561397
0.040630683,0.3673475,-0.48138773,0.63254493,0.120282546,-0.5732594,-0.5692278,-0.55245465,-0.5884673,-0.54608876,0.005812363,-0.04355197,0.60751927,0.7309106,0.7501026,-0.09940874,0.4923789,0.33269203,0.61628354,0.6475793,0.68519896,0.612668,0.7363233,-0.34649444,-0.26718765,0.07672046,0.7368991,0.703546,0.5493539,0.7341081,0.85056484,0.0,0.8435637,0.27964455,0.58504313,-0.60888827,0.26499504,-0.15322316,-0.4525205,-0.5095551,-0.40670288,0.24460626,0.3966373,0.6052377,0.40579346,0.7293791,0.70668644,0.7131866,-0.6663626,-0.65083575,0.7908287,0.17534676,0.35342208,0.5495463,-0.5176168,-0.5529342,-0.57686865,-0.50585973,-0.62282974,-0.7377449,-0.45937344,0.45858026,0.69697,0.77140766,0.74807686,0.75013757,-0.55664366,0.5466375,0.3735911,0.18231626,0.7055846,0.6392336,0.73504376,-0.6822113,-0.14829814,-0.6045741,0.6953088,0.7390476,0.82685363,0.8869201,0.5827521,0.080184855,0.320526,0.5950618,0.751267,0.72693354,0.5041552,0.71650773,-0.4845923,-0.71789145,0.67922086,-0.27585655,-0.56070477,-0.0070127356,0.0034607537,0.64919144,0.7503901,0.74582595,-0.6730028,-0.7483322
-0.095467426,0.23483875,-0.6384836,0.53218687,0.05583956,-0.69351935,-0.68929875,-0.6946905,-0.6608215,-0.66233027,-0.23929526,0.019121418,0.69986063,0.7379771,0.7081381,-0.25895095,0.63503957,0.52547175,0.7227123,0.74260974,0.68879163,0.7023885,0.7114039,-0.10611178,-0.42199108,0.23890087,0.7252088,0.7587839,0.6724442,0.69801354,0.7657226,0.8435637,0.0,0.5651275,0.7209642,-0.4442674,0.49988824,-0.32512745,-0.609893,-0.65307003,-0.17538144,0.38721043,0.6074444,0.7292114,0.57088614,0.7090881,0.7435925,0.73372567,-0.7025989,-0.41923937,0.6252919,-0.0155352205,0.150536,0.4665358,-0.6614865,-0.69177717,-0.71013975,-0.61652255,-0.7124525,-0.6791288,-0.3864128,0.6279378,0.7394507,0.7262088,0.71373004,0.68711144,-0.6509966,0.6755564,0.57631266,0.38581762,0.6852559,0.72707325,0.6895314,-0.73457426,0.0055706347,-0.62869555,0.7061177,0.69735646,0.71600664,0.76953584,0.68417114,0.36276257,0.4877376,0.72257334,0.7362962,0.7299965,0.6238995,0.75380796,-0.2612937,-0.5989013,0.64769477,-0.51925784,-0.67095965,-0.014984537,0.21980037,0.7570134,0.7229969,0.73123026,-0.726399,-0.5827834
-0.42498985,-0.11102061,-0.63727915,0.24779876,0.08596605,-0.601479,-0.67167264,-0.668417,-0.5067571,-0.6438266,-0.55094427,0.38910475,0.78092813,0.6156228,0.5189063,-0.43566376,0.8589742,0.7910554,0.79911166,0.7558792,0.63328105,0.7513166,0.50600815,0.5391503,-0.5463973,0.6149176,0.5598493,0.654642,0.8115521,0.4872478,0.29296458,0.27964455,0.5651275,0.0,0.81768817,-0.065855704,0.7997118,-0.5993623,-0.6612151,-0.6697076,0.16155785,0.6374809,0.8852382,0.75948805,0.73684776,0.4856402,0.6013244,0.5632661,-0.6387947,0.04474338,0.117567286,-0.46090165,-0.3076467,0.21113904,-0.6101554,-0.6754948,-0.71523887,-0.5492088,-0.65233713,-0.31120586,0.016381798,0.833277,0.6928781,0.51767,0.542294,0.45806316,-0.6547148,0.82828206,0.91317123,0.80697924,0.58209914,0.76911664,0.48338524,-0.6206256,0.4586986,-0.29610705,0.6638526,0.49360895,0.24510436,0.19592245,0.8090552,0.8061486,0.693764,0.8176277,0.5790033,0.5807512,0.7423177,0.6314389,0.23619244,-0.23391567,0.11253164,-0.76158714,-0.68042034,0.1273818,0.63992435,0.71995974,0.47625256,0.50574315,-0.64527214,-0.16068652
-0.38823265,0.073147886,-0.7629955,0.4437439,0.13405614,-0.77971584,-0.85380864,-0.79782426,-0.718094,-0.7739737,-0.40908757,0.34753272,0.9568157,0.908436,0.84098226,-0.4031852,0.9235921,0.69722587,0.96382475,0.8821855,0.8868552,0.9680391,0.845087,0.24075657,-0.47824588,0.55870694,0.88675636,0.9370352,0.87690884,0.83516395,0.5447629,0.58504313,0.7209642,0.81768817,0.0,-0.46099597,0.68835807,-0.5791674,-0.7426212,-0.7707948,-0.17277981,0.6053686,0.8816122,0.92672133,0.7948489,0.817699,0.8951188,0.865826,-0.85905397,-0.3851353,0.40261653,-0.30082726,-0.15723568,0.3665912,-0.7409153,-0.82493716,-0.8709038,-0.7058205,-0.83468425,-0.64412093,-0.27108127,0.84737736,0.94137585,0.84658056,0.84970045,0.8034475,-0.84573793,0.89716876,0.8432149,0.5959986,0.84893185,0.9356908,0.8245152,-0.8814736,0.23181881,-0.48980418,0.86830837,0.84201616,0.5083079,0.43801966,0.92074364,0.5149799,0.7286242,0.9478569,0.8860877,0.8933115,0.76414424,0.92335075,-0.18149732,-0.6318984,0.2341322,-0.6623993,-0.8321169,0.11880583,0.47026867,0.91903067,0.8147193,0.8380176,-0.8642172,-0.56536245
0.21216485,-0.04326117,0.49831358,-0.32641348,-0.04768611,0.5517004,0.5600805,0.5462339,0.65747535,0.51046324,-0.0073394524,0.053404376,-0.47700006,-0.5938221,-0.5757504,0.32593578,-0.36799493,0.038192704,-0.49591416,-0.33112958,-0.5341081,-0.53402805,-0.5919405,0.3361538,0.01236319,-0.23289125,-0.5930353,-0.57126534,-0.3399744,-0.5971002,-0.6086567,-0.60888827,-0.4442674,-0.065855704,-0.46099597,0.0,0.025522076,0.31931847,0.5317247,0.528895,0.8218874,-0.27724862,-0.30409822,-0.45229763,-0.38174853,-0.5422862,-0.53760403,-0.5447776,0.68019456,0.83857185,-0.6264763,0.08615395,-0.017121589,-0.22381113,0.5406448,0.53106266,0.55588305,0.6049645,0.528077,0.5466173,0.41079128,-0.37545836,-0.5725549,-0.620875,-0.57473034,-0.5862642,0.60427195,-0.4244698,-0.2170243,0.12563336,-0.5208539,-0.5601296,-0.58616537,0.6431258,0.15525742,0.34268257,-0.501394,-0.62132156,-0.6513536,-0.53906727,-0.38380998,0.26243958,-0.3611134,-0.4876719,-0.58926696,-0.57639414,-0.2201188,-0.5891029,0.862633,0.87707055,-0.19192225,0.26775125,0.5968135,-0.1876291,-0.08801452,-0.50362635,-0.571381,-0.57353014,0.68133646,0.862963
