0,1,2,3,4,5,6,7,8,9,10,11,12,13,14,15,16,17,18,19,20,21,22,23,24,25,26,27,28,29,30,31,32,33,34,35,36,37,38,39,40,41,42,43,44,45,46,47,48,49,50,51,52,53,54,55,56,57,58,59,60,61,62,63,64,65,66,67,68,69,70,71,72,73,74,75,76,77,78,79,80,81,82,83,84,85,86,87,88,89,90,91,92,93,94,95,96,97,98,99
0.0,0.15451074,-0.070273966,0.217963,0.13283134,-0.0051741446,-0.24743979,-0.06650584,-0.11445345,0.16956954,-0.030196534,-0.14727284,0.08902868,0.37914872,0.10413248,0.42854702,0.14166509,-0.08466022,0.4000944,-0.015732745,0.13484241,0.23675951,0.31518233,-0.2089084,0.117638506,0.32087943,0.34468687,0.24210238,0.035379704,0.14105502,0.12043678,-0.18682091,0.6609357,-0.024438597,0.16220102,-0.3393005,-0.13202453,0.35342914,-0.26517484,-0.29841197,-0.4166254,0.22381382,0.051547326,0.29625076,0.16455661,0.11040017,-0.23195504,0.09612583,-0.11729251,-0.04585904,0.061232746,0.13727093,0.123906605,0.1796663,0.027214594,-0.04203858,0.068059444,-0.11853942,-0.14281799,0.057800874,0.17676686,0.045716282,0.3852365,0.16442427,0.22711135,0.04061345,-0.43157268,0.20502299,-0.044592723,-0.10138038,0.12453857,-0.028951729,0.042872593,-0.34294933,0.04902672,0.23444706,0.024426173,0.24768041,0.02357185,-0.33186704,-0.24877124,-0.47651026,-0.12201043,-0.028947702,0.21135817,-0.021836294,-0.13213268,0.2944558,-0.11461257,-0.54444414,-0.37927324,-0.19576912,-0.33546942,0.25283748,-0.08104567,0.28791803,0.034157,-0.17461863,-0.0063576913,-0.19371206
0.15451074,0.0,0.5592122,0.5792703,0.80183613,0.58348733,0.3178174,0.44680107,0.352134,0.38878134,0.1669892,0.28078875,0.2542962,0.36258578,0.50021696,0.6184932,0.31203824,0.41225547,0.5534579,0.23904964,0.16588329,0.08232095,0.44458,0.15496917,0.28583378,-0.20705827,-0.025191998,0.2626578,0.5149728,0.5152842,-0.61472756,-0.07763816,0.29570955,0.4802354,0.20164752,0.32493111,0.54615766,0.14397055,0.38652053,0.24176714,0.06386261,-0.5784136,-0.16921169,-0.2912714,-0.20149653,-0.11247146,0.2833288,0.08478772,0.57071507,0.39758524,0.15527947,0.82457554,0.7791058,0.5803345,0.596268,0.5073341,0.6375101,0.39941007,0.42642358,0.14030632,0.34915712,0.29540882,0.40622243,0.51077867,0.63539135,0.47166654,0.25676483,0.6289044,0.5039799,0.5447105,0.17451996,0.20694976,0.62201,0.32571587,0.53194654,0.11200396,0.5348339,0.50057393,-0.49798083,-0.033168897,0.29979575,0.083811976,-0.22477674,0.1999652,0.29795405,0.23357143,0.56836545,0.19393235,0.42217335,0.2876156,0.11086275,0.19755456,0.2461613,-0.5899406,-0.11657255,-0.3144775,-0.14752151,0.12682801,0.62952375,0.4249828
-0.070273966,0.5592122,0.0,0.2399062,0.42875877,0.8658698,0.55194336,0.52631944,0.6646126,-0.014991931,0.020648774,0.053530272,-0.13972354,-0.12436259,0.25961196,0.20670092,-0.208498,0.2877688,0.06532566,0.1878405,0.11651395,-0.43764034,-0.05933483,0.08575916,0.01179861,-0.41267452,-0.3750262,0.060426638,0.45786947,0.030388933,-0.20943615,0.3377672,-0.067350745,-0.020704804,-0.31258264,0.43610764,0.4962461,-0.05493482,0.09868695,0.32908326,0.13939163,-0.36315936,-0.48605654,-0.43022734,-0.45991686,-0.35303897,-0.097838216,-0.28723738,0.78819066,0.43516025,-0.08553973,0.5434414,0.33948922,0.21034975,0.87036675,0.9139528,0.6045502,0.6007118,0.11495422,0.09348032,0.13416591,0.0597957,0.2634627,0.22206894,0.25097,0.27803808,0.45958394,0.1196988,0.12231696,0.26766694,0.19543815,-0.33415818,0.15114953,0.30692363,0.17860876,-0.027296549,0.39852414,0.095225945,-0.23817308,0.3521328,0.028490832,-0.02132596,-0.48485574,-0.31748757,-0.11575897,-0.11230737,0.4602646,-0.11684284,0.5393255,0.30118012,-0.10834394,-0.060902853,0.04249293,-0.38748968,-0.3685718,-0.47737736,-0.43508273,-0.26586127,0.78004885,0.56153333
0.217963,0.5792703,0.2399062,0.0,0.83419955,0.23286913,0.32443517,0.6434609,0.2943258,0.47836357,0.23400557,0.31574228,0.30812478,0.16892336,0.49800673,0.52409774,0.31305373,0.46232095,0.4581877,0.4100672,0.40892372,-0.07241373,0.27780288,0.38944605,0.32106277,-0.049432065,0.09552882,0.3501906,0.5250335,0.4978087,-0.5690164,-0.038808774,0.3259064,0.24274889,0.04784593,-0.17372507,0.31849024,0.22477299,0.23508975,0.2541709,0.07988235,-0.3887187,-0.12442544,-0.07638603,-0.107596934,0.045329068,0.14786965,0.034871385,0.33223915,0.23805885,0.16294958,0.49339592,0.6353556,0.9586341,0.2389366,0.18290621,0.6127876,0.49811247,0.5302264,0.20381407,0.49558628,0.41828755,0.41107148,0.32798097,0.6386112,0.4654515,0.2370348,0.51472026,0.23153467,0.30350235,0.40023285,0.09446819,0.45558238,0.3139954,0.72151136,0.32711717,0.41967663,0.46560642,-0.5953752,0.016112072,0.18395247,-0.22216499,-0.2404469,0.120146334,0.24148296,-0.06271193,0.29385924,0.29364738,0.09458359,0.12914683,0.002534912,0.438027,0.2877955,-0.39995784,0.09401382,-0.11044925,-0.010230634,-0.15974542,0.31251332,0.15304855
0.13283134,0.80183613,0.42875877,0.83419955,0.0,0.40462682,0.421561,0.64586693,0.40867093,0.44936758,0.21313922,0.3454841,0.25578472,0.2151371,0.45506227,0.61958086,0.33134416,0.56788623,0.47278696,0.4039328,0.33155945,0.0062211826,0.38087115,0.36875916,0.35148677,-0.18608998,-0.018471435,0.28573126,0.49600676,0.5006254,-0.6633176,-0.04315818,0.29414093,0.45290294,0.1471278,0.10365925,0.4157322,0.17053589,0.3505866,0.3557435,0.17232485,-0.5636921,-0.15294527,-0.21900047,-0.18228005,-0.060038082,0.27864972,0.054422315,0.4781277,0.33434394,0.18956721,0.6993203,0.7562079,0.8324792,0.43148595,0.3625896,0.66544193,0.53082645,0.5612394,0.17997327,0.39921883,0.32061702,0.36431193,0.39175874,0.62899125,0.4277748,0.31185818,0.5572399,0.39177406,0.5185936,0.31387553,0.15854254,0.5362887,0.43604288,0.6763337,0.21019852,0.44419953,0.46842417,-0.6201324,0.004657241,0.35026082,-0.0008809281,-0.23977254,0.184173,0.24796155,0.07209102,0.40526906,0.21759993,0.25665447,0.280765,0.11853935,0.3512401,0.30009162,-0.60963374,-0.050870765,-0.2670333,-0.12710509,0.005086264,0.4591076,0.29175892
-0.0051741446,0.58348733,0.8658698,0.23286913,0.40462682,0.0,0.37687975,0.46320674,0.5430748,-0.06882211,-0.1456159,-0.10078669,-0.27674535,-0.004835807,0.24325956,0.2624407,-0.29154104,0.23820989,0.0875309,0.084049575,0.0020258971,-0.33485416,0.14814495,-0.082477726,-0.0651679,-0.4364262,-0.122365475,0.26245376,0.31715593,0.17405684,-0.18452846,0.27009955,0.060930803,-0.0008169608,-0.14599492,0.49438733,0.5120527,-0.058459148,-0.040785175,0.095495395,0.08240794,-0.37776837,-0.39643353,-0.25659657,-0.2473493,-0.22811025,0.018523723,-0.12434754,0.8321959,0.41898358,0.0848063,0.625545,0.40848362,0.20349178,0.931259,0.94610375,0.62909144,0.52470446,0.027211707,-0.05940134,0.071765244,-0.063198715,0.29837084,0.3276264,0.30805495,0.250136,0.3662651,0.10836636,0.24024323,0.3573781,0.060205266,-0.23565392,0.2774903,0.13971023,0.17485288,-0.12558101,0.30583155,0.2445532,-0.1328739,0.26563114,0.040378775,0.070085175,-0.2827575,-0.17248543,0.060078956,0.047123726,0.47559088,0.08689468,0.6580727,0.21296597,-0.052452445,-0.021450344,0.04324017,-0.4076817,-0.2893331,-0.29173255,-0.313782,-0.08657354,0.8475927,0.5245153
-0.24743979,0.3178174,0.55194336,0.32443517,0.421561,0.37687975,0.0,0.6832506,0.7312955,0.096498966,0.20160905,0.2488717,0.03435859,-0.30794886,0.1456768,0.015573282,-0.013479071,0.522947,-0.08310455,0.4639426,0.34922656,-0.4725988,-0.29382744,0.4247474,0.1415531,-0.5250088,-0.55429304,-0.25406486,0.4140879,-0.13819548,-0.265847,0.37456384,-0.19142763,0.111510076,-0.4601492,0.3064977,0.2793559,0.12193424,0.3784497,0.7574838,0.5647507,-0.38329822,-0.41427118,-0.45000893,-0.4753653,-0.22104666,-0.019549323,-0.24141547,0.5294189,0.48420146,-0.17059907,0.23950453,0.13451546,0.30422723,0.39498255,0.4709211,0.43725413,0.7149399,0.3330656,0.21768618,0.11922409,0.11727942,0.047303084,-0.023366436,0.08251744,0.16606174,0.6173513,0.02893822,-0.0566257,0.20766114,0.3793833,-0.3868807,-0.13641305,0.5679107,0.22015913,0.010261058,0.29622507,-0.22610809,-0.32784235,0.4609698,0.13258523,0.09973721,-0.48908827,-0.35772994,-0.35241392,-0.31840008,0.24469288,-0.38582915,0.28918147,0.47772405,0.06774971,0.077564485,0.20141208,-0.42704108,-0.31446356,-0.5298766,-0.27835658,-0.3202032,0.40482017,0.5489758
-0.06650584,0.44680107,0.52631944,0.6434609,0.64586693,0.46320674,0.6832506,0.0,0.7279629,0.18836133,0.059286065,0.17387058,0.063581675,-0.15558892,0.32642573,0.36110553,0.01514742,0.64482903,0.1247884,0.56259984,0.48333082,-0.4703787,-0.044589233,0.4567485,0.08559865,-0.3065977,-0.27978337,0.1420194,0.54063624,0.12143956,-0.38846773,0.3877573,0.11527445,0.099278554,-0.32152617,0.12218565,0.3218989,0.22361399,0.15278207,0.48600942,0.23714858,-0.41734555,-0.45976207,-0.34114438,-0.41496322,-0.28593135,-0.09964596,-0.31801912,0.52709484,0.2675112,0.014848008,0.48692092,0.47512078,0.61136794,0.49366972,0.4991925,0.79428405,0.90850586,0.30791456,0.16351753,0.32794118,0.28925997,0.42963657,0.29678103,0.43575802,0.33787826,0.64346844,0.23364624,0.17907886,0.39928526,0.50451094,-0.21009313,0.19647215,0.4801536,0.5182689,0.16639704,0.37651497,0.21433419,-0.4757047,0.42781755,0.2206939,-0.057058986,-0.44019976,-0.17003487,0.037401482,-0.179752,0.2834251,0.028107235,0.37869048,0.35534358,-0.09911632,0.35208365,0.32130226,-0.45514536,-0.104622565,-0.37877986,-0.33418882,-0.38216826,0.45876917,0.3143399
-0.11445345,0.352134,0.6646126,0.2943258,0.40867093,0.5430748,0.7312955,0.7279629,0.0,-0.08857526,-0.12627919,0.0053555574,-0.098195314,-0.24593978,0.06477248,0.310361,-0.11588854,0.62822807,-0.06907426,0.53430367,0.4324737,-0.48061216,-0.15881936,0.3317376,-0.083061315,-0.38719112,-0.54920954,-0.08193439,0.3343411,-0.23187467,-0.14415082,0.64241666,0.043058485,0.08162435,-0.40561318,0.2691536,0.17322402,0.26782435,0.043245964,0.5458962,0.17175965,-0.3171773,-0.6703864,-0.5101291,-0.6334943,-0.5838702,-0.29468656,-0.5429244,0.47783735,0.14482252,-0.077386364,0.45285055,0.27931872,0.22434813,0.64129305,0.65183365,0.62180656,0.83400685,0.016098501,0.06806222,0.064898364,0.08874362,0.35026252,0.2537622,0.15923126,0.095705874,0.6739859,-0.007371799,0.1550344,0.4343323,0.4529477,-0.3330726,-0.023000743,0.5248162,0.19370139,-0.016378608,0.21646507,-0.01187886,-0.3015231,0.5734796,0.29358652,0.06728721,-0.5577279,-0.3100076,-0.09232174,-0.15502422,0.14413628,-0.207041,0.42907348,0.35864806,-0.19214801,0.04492542,0.1531502,-0.4031961,-0.42818373,-0.53777224,-0.6267359,-0.40463516,0.4153945,0.2705035
0.16956954,0.38878134,-0.014991931,0.47836357,0.44936758,-0.06882211,0.096498966,0.18836133,-0.08857526,0.0,0.7552783,0.7870268,0.64763325,0.17640233,0.55833524,0.28241467,0.7159471,0.23408183,0.5046228,0.33250314,0.3320262,0.059682198,0.09670332,0.5599622,0.8740339,0.042286273,0.11504647,-0.051385358,0.5125959,0.49637273,-0.7223206,-0.4026731,0.25062767,0.32711035,-0.0049871444,-0.11597089,0.3622124,0.20883052,0.574201,0.35093695,0.0790704,-0.5261014,0.078329444,-0.18014653,-0.065701455,0.20658219,0.070899926,0.2253681,0.12933813,0.23366414,-0.40557373,0.10729291,0.29790455,0.47941074,-0.083937116,-0.13653372,0.21565151,0.0896211,0.7593442,0.7356091,0.8382594,0.63318485,0.30032563,0.18877879,0.6048049,0.55646807,0.12844184,0.7401992,0.28513315,0.2416756,0.423441,0.24690403,0.49070162,0.3773909,0.7493953,0.7499402,0.5577219,0.3392918,-0.7116872,-0.34437227,0.2632248,-0.076784335,-0.17531644,0.21729966,0.21947332,0.059335645,0.41907406,-0.047265533,0.09547483,0.40553778,-0.18016912,0.41244107,0.28026718,-0.39171186,0.20962258,-0.20220903,0.28299502,0.027356591,0.14072815,0.16028091
-0.030196534,0.1669892,0.020648774,0.23400557,0.21313922,-0.1456159,0.20160905,0.059286065,-0.12627919,0.7552783,0.0,0.8521417,0.5629228,-0.06718569,0.3999268,-0.11951068,0.56384397,0.086940646,0.2490427,0.1934938,0.22700886,-0.06704872,-0.24939705,0.5812743,0.8711787,0.01424594,-0.058717534,-0.35985023,0.4838434,0.22716375,-0.49550748,-0.43594015,-0.11886303,0.1633526,-0.1774327,-0.08331772,0.27258506,-0.10420937,0.61944175,0.4646768,0.30506596,-0.3015309,0.21627319,-0.13791949,-0.022651708,0.2884706,0.07476664,0.20261478,0.10433904,0.34363234,-0.55850524,-0.17190462,-0.013210797,0.25493154,-0.21596062,-0.17302011,-0.054398175,-0.0053959694,0.7449241,0.81243783,0.6540547,0.48317632,-0.052259758,-0.23035546,0.2670528,0.40705362,0.07037837,0.49168542,-0.05251516,-0.08884754,0.3251962,0.025174346,0.121459514,0.3669709,0.47347397,0.67529756,0.4927614,-0.07481125,-0.52815884,-0.32745478,0.016649932,-0.11535913,-0.17415385,-0.025288368,-0.17037493,-0.23006956,0.31994247,-0.36907962,-0.08187486,0.41554734,-0.06942775,0.21960889,0.10776765,-0.15105833,0.1939931,-0.18188874,0.3163457,-0.09008325,0.056688577,0.28534082
-0.14727284,0.28078875,0.053530272,0.31574228,0.3454841,-0.10078669,0.2488717,0.17387058,0.0053555574,0.7870268,0.8521417,0.0,0.70430636,-0.026069004,0.41318682,0.056169614,0.706454,0.2637901,0.3008496,0.32509843,0.29812595,-0.03399347,-0.16363409,0.72527874,0.786619,0.054216117,-0.1376149,-0.3215044,0.5051075,0.2745009,-0.63472146,-0.2782694,-0.1279136,0.28756106,-0.12550184,-0.042853143,0.27933958,-0.005791377,0.7013406,0.5664471,0.24910526,-0.41584557,0.10988806,-0.2921989,-0.17429042,0.10464434,0.07570458,0.07658802,0.13382365,0.22918187,-0.43379933,0.016774658,0.18580979,0.3435825,-0.13227002,-0.13849115,0.12342936,0.11299812,0.76165223,0.73365605,0.70704573,0.6599841,0.0616229,-0.020732673,0.35206142,0.43867245,0.30921134,0.6121054,0.14652078,0.15316297,0.39760298,0.19728515,0.27172875,0.5844987,0.62882006,0.6472192,0.51544476,0.05329002,-0.6772186,-0.13847183,0.26219308,0.0049498603,-0.17946984,0.12406566,-0.032067094,-0.07858106,0.348614,-0.332635,-0.0027610727,0.57561123,0.004262744,0.41159317,0.37155715,-0.31233504,0.23657505,-0.31002405,0.20216614,-0.03947247,0.072488435,0.20780593
0.08902868,0.2542962,-0.13972354,0.30812478,0.25578472,-0.27674535,0.03435859,0.063581675,-0.098195314,0.64763325,0.5629228,0.70430636,0.0,0.2909284,0.38844708,0.21694867,0.8690939,0.1669751,0.48213947,0.29714718,0.33931443,0.1849313,0.01086987,0.49595204,0.542984,0.32524297,-0.019361706,-0.19436032,0.38630372,0.2555873,-0.48297003,-0.18442424,0.084822856,0.2851381,0.045807928,-0.25610685,0.053035107,0.27944583,0.5261722,0.33124158,-0.11973673,-0.18835618,0.07039544,-0.19410007,-0.16586937,0.046456363,-0.0574527,0.028124692,-0.14070848,-0.019100362,-0.30599925,0.06333348,0.21173313,0.31002262,-0.21306135,-0.2993132,0.09943684,-0.06004503,0.43141785,0.45757696,0.6737612,0.79327655,0.29820958,0.1994956,0.41270545,0.39145088,0.13024665,0.75297207,0.19141562,0.11443524,0.4126802,0.3384014,0.265807,0.42107582,0.5396166,0.5369766,0.42933354,0.1726491,-0.6068139,-0.17291848,0.19699986,-0.18311305,-0.1843903,0.19505793,0.15988372,0.036884468,0.12088846,-0.1534604,-0.15955314,0.26297483,-0.10195188,0.3330039,0.38191873,-0.13639368,0.22312807,-0.16236065,0.1689789,-0.07234482,-0.13443542,-0.08357396
0.37914872,0.36258578,-0.12436259,0.16892336,0.2151371,-0.004835807,-0.30794886,-0.15558892,-0.24593978,0.17640233,-0.06718569,-0.026069004,0.2909284,0.0,0.3815051,0.46580428,0.38691297,0.11171876,0.77071947,0.11594325,0.12568872,0.5845204,0.71325696,-0.19430757,0.061990835,0.25188366,0.49187297,0.415452,0.13255806,0.5427844,-0.16049245,-0.27629125,0.44697908,0.45764947,0.5669409,0.039894626,0.10023842,0.3137151,0.023762286,-0.2159313,-0.237773,-0.05613698,0.26893887,0.2036163,0.28635666,0.22303423,0.26495498,0.38571247,-0.069218576,0.05516453,0.28955024,0.3166689,0.35265973,0.16228491,0.039998345,-0.09535615,0.08476037,-0.25029388,-0.036504187,-0.18017417,0.11578234,0.112392694,0.28143167,0.4579009,0.48389286,0.32825437,-0.3334068,0.4542973,0.34292206,0.22766532,0.053085487,0.4050688,0.48850226,-0.2048659,0.14195402,-0.057584755,0.23003852,0.55451787,-0.053218026,-0.31310916,0.06469541,-0.0734777,0.16831322,0.36142048,0.42675593,0.36664975,0.111406595,0.4893294,0.13037129,-0.24669404,0.0041820984,-0.048178166,-0.051536765,-0.055976134,0.09815287,0.22085865,0.22578968,0.3398893,0.053275693,-0.049715742
0.10413248,0.50021696,0.25961196,0.49800673,0.45506227,0.24325956,0.1456768,0.32642573,0.06477248,0.55833524,0.3999268,0.41318682,0.38844708,0.3815051,0.0,0.27564394,0.3484446,0.31530464,0.6901363,0.42663682,0.47645733,-0.1097604,0.2624014,0.29928333,0.45033717,-0.10364413,0.264918,0.37770626,0.7807674,0.6657276,-0.58281237,-0.16840264,0.18118352,0.21530345,-0.02031998,0.031966973,0.65017134,0.13049093,0.31448007,0.20661342,0.08600926,-0.44603005,0.011260077,-0.07599349,-0.0038635214,0.23165645,0.13486294,0.19547357,0.40580902,0.43277305,-0.08954917,0.32050014,0.43363458,0.4944222,0.2240242,0.18597849,0.40929118,0.23386975,0.46832755,0.2937363,0.6340288,0.45526606,0.38745135,0.4153767,0.84780866,0.96702766,0.12905334,0.6286093,0.29087102,0.21504675,0.52937245,0.08915636,0.61671025,0.16889596,0.64486486,0.34407607,0.8429309,0.54735667,-0.49289653,-0.046678875,0.05315606,-0.20030475,-0.1718907,0.121184096,0.23634039,0.019096421,0.6452889,0.27407992,0.3421304,0.23484217,-0.104831725,0.3203457,0.15738556,-0.32438663,0.21172996,-0.07231375,0.25629345,-0.023944441,0.48145306,0.40745822
0.42854702,0.6184932,0.20670092,0.52409774,0.61958086,0.2624407,0.015573282,0.36110553,0.310361,0.28241467,-0.11951068,0.056169614,0.21694867,0.46580428,0.27564394,0.0,0.36088324,0.46941623,0.56004345,0.33869243,0.34343272,0.2657516,0.55728304,0.15506178,0.12629756,0.15814346,0.10128028,0.3961183,0.24086398,0.33299106,-0.3009101,0.12628798,0.6953765,0.48341277,0.34381995,-0.010243732,0.13936612,0.47825673,-0.0043072687,0.03638167,-0.34880015,-0.2727834,-0.20988548,-0.16272585,-0.19446287,-0.3375987,-0.030161723,-0.16202259,0.11256705,-0.14988796,0.26392612,0.69642687,0.70438784,0.47043866,0.3903082,0.23023607,0.5636583,0.3223574,0.097034134,0.022052033,0.2802927,0.2600712,0.64638966,0.66811824,0.5790127,0.23447084,0.12861656,0.49314487,0.6033647,0.6324292,0.28706256,0.35302493,0.57671314,0.2203098,0.4619487,0.21705109,0.25354686,0.6392752,-0.34787253,-0.020795112,0.48137075,0.009784546,-0.13863023,0.36043456,0.60523635,0.39467195,0.1756591,0.437853,0.27277792,0.03576451,-0.16255835,0.24254304,0.18523589,-0.32091904,-0.034915015,-0.12675117,-0.34010932,0.049705856,0.18204606,-0.14213823
0.14166509,0.31203824,-0.208498,0.31305373,0.33134416,-0.29154104,-0.013479071,0.01514742,-0.11588854,0.7159471,0.56384397,0.706454,0.8690939,0.38691297,0.3484446,0.36088324,0.0,0.27287033,0.54869807,0.34898615,0.34481266,0.3754288,0.18949169,0.5030966,0.6064035,0.3214658,0.03710601,-0.18855481,0.31112385,0.30412662,-0.5226769,-0.28705153,0.2539936,0.5115826,0.23893455,-0.17531717,0.025803166,0.3482755,0.5629305,0.33641613,-0.070804186,-0.25739747,0.16100311,-0.18557781,-0.095719166,0.049219005,0.060549714,0.114191264,-0.20897484,-0.047077965,-0.25725657,0.09717433,0.2597118,0.31020033,-0.2382097,-0.3569665,0.06412241,-0.08349796,0.46966368,0.4866587,0.60468847,0.67492145,0.29503694,0.26712108,0.4255045,0.33918548,0.06259441,0.7318503,0.34222838,0.28604153,0.36605874,0.46140727,0.35359412,0.4186025,0.5287241,0.5337544,0.3757769,0.24913457,-0.58639616,-0.29864058,0.3828959,-0.0059019406,-0.0875694,0.37142605,0.27956724,0.19297035,0.11081499,-0.08956775,-0.12360059,0.2811149,-0.07195211,0.30333465,0.32704455,-0.20803909,0.2160329,-0.16647507,0.16484798,0.11785172,-0.18993834,-0.111321256
-0.08466022,0.41225547,0.2877688,0.46232095,0.56788623,0.23820989,0.522947,0.64482903,0.62822807,0.23408183,0.086940646,0.2637901,0.1669751,0.11171876,0.31530464,0.46941623,0.27287033,0.0,0.32480335,0.82119334,0.67530084,-0.112645686,0.1782053,0.5818741,0.19216835,-0.1340672,-0.16992423,0.08938403,0.42549783,0.14154552,-0.38265505,0.28635484,0.22131819,0.48953494,-0.030640623,0.19231844,0.1832863,0.3698298,0.20258905,0.5482902,0.27188975,-0.42841822,-0.22199146,-0.26404008,-0.2661105,-0.25859588,0.033267304,-0.18334273,0.2710326,0.13197218,0.09682004,0.42952013,0.46459615,0.41953054,0.32393867,0.2622136,0.541938,0.6731179,0.30722705,0.14816517,0.22718517,0.20376705,0.35522518,0.359864,0.4730176,0.3119489,0.5107002,0.26127774,0.3871291,0.63295436,0.62399536,0.05413119,0.2964385,0.5399738,0.46897647,0.15800883,0.3590829,0.2689691,-0.41399544,0.29802498,0.5519091,0.1930072,-0.19214635,0.12991476,0.19185707,0.036227725,0.1955479,0.08232692,0.3606721,0.42301857,-0.030775387,0.2769871,0.22347482,-0.4561535,-0.032467283,-0.27486616,-0.26375163,-0.07570068,0.23134217,0.1639851
0.4000944,0.5534579,0.06532566,0.4581877,0.47278696,0.0875309,-0.08310455,0.1247884,-0.06907426,0.5046228,0.2490427,0.3008496,0.48213947,0.77071947,0.6901363,0.56004345,0.54869807,0.32480335,0.0,0.35765085,0.41210014,0.3544722,0.588858,0.1639845,0.36703086,0.23007698,0.4183749,0.4161255,0.507119,0.65094024,-0.43010807,-0.29536256,0.5010219,0.47156394,0.39394706,-0.027502514,0.31703344,0.2927078,0.2151229,0.030124027,-0.13091439,-0.24009062,0.20768659,0.07660506,0.1578367,0.20310135,0.19903745,0.28681904,0.10871296,0.18736944,0.11961193,0.42136824,0.5108983,0.4441758,0.12002652,-0.011661357,0.31565914,0.011055179,0.2882853,0.16299157,0.48133442,0.38077947,0.46180323,0.5133295,0.7669011,0.6417034,-0.16225234,0.6872317,0.41159925,0.30968857,0.39677134,0.3478782,0.63072866,0.027071642,0.5030467,0.28729448,0.59640473,0.6349988,-0.36997828,-0.30638197,0.14481182,-0.18561958,-0.0006875035,0.34775782,0.43312097,0.23814946,0.34397525,0.42370883,0.17699765,-0.03624981,-0.089692056,0.17519051,0.055735923,-0.17529468,0.21346839,0.10092153,0.21438144,0.1487048,0.2180802,0.094834775
-0.015732745,0.23904964,0.1878405,0.4100672,0.4039328,0.084049575,0.4639426,0.56259984,0.53430367,0.33250314,0.1934938,0.32509843,0.29714718,0.11594325,0.42663682,0.33869243,0.34898615,0.82119334,0.35765085,0.0,0.86214095,-0.2376361,0.024133148,0.62772,0.27902672,-0.08183492,-0.10984509,0.039010275,0.5030478,0.12790382,-0.35170752,0.26687098,0.19959463,0.30160978,-0.22802775,-0.02683229,0.13681726,0.41252995,0.17654033,0.5570319,0.20866756,-0.34352946,-0.24975823,-0.2019485,-0.26921558,-0.13605025,-0.16480564,-0.19053079,0.17067957,0.12289127,-0.06930112,0.21072917,0.28649685,0.364306,0.16047737,0.12893184,0.42695558,0.5755411,0.28702334,0.2529158,0.40125507,0.33359548,0.37087104,0.2593473,0.51001304,0.4340675,0.42964345,0.27995935,0.1800579,0.41547716,0.84399813,-0.08699254,0.19049092,0.49265224,0.50703144,0.2844868,0.4370925,0.21016191,-0.46169254,0.3127777,0.34220418,-0.05662115,-0.32544914,-0.04196434,0.07489674,-0.17008899,0.14129731,0.0068827495,0.2474986,0.32798597,-0.2056672,0.26332572,0.1500251,-0.31264225,-0.013450883,-0.20844087,-0.12428711,-0.2833527,0.13192794,0.10473692
0.13484241,0.16588329,0.11651395,0.40892372,0.33155945,0.0020258971,0.34922656,0.48333082,0.4324737,0.3320262,0.22700886,0.29812595,0.33931443,0.12568872,0.47645733,0.34343272,0.34481266,0.67530084,0.41210014,0.86214095,0.0,-0.2311456,-0.014188795,0.5828839,0.2630045,0.08707894,-0.041365784,0.075111434,0.56014305,0.099718966,-0.24899836,0.25311843,0.24448103,0.20556365,-0.22256507,-0.21175694,0.09589258,0.41888255,0.08964628,0.44850323,0.049506105,-0.15692203,-0.19845796,-0.11505003,-0.22583146,-0.13640265,-0.2815752,-0.23660755,0.043222614,0.038809605,-0.073109254,0.16078633,0.24100867,0.35770392,0.07577627,0.04843851,0.35299072,0.4762411,0.22427416,0.2733311,0.43172434,0.40601212,0.44308537,0.25973445,0.52595705,0.47295675,0.2934629,0.3092041,0.12330396,0.26561847,0.9288212,-0.07571652,0.16651572,0.3946262,0.4702536,0.37933218,0.47698268,0.22659212,-0.42607772,0.25224105,0.24352074,-0.24519251,-0.317418,-0.038195875,0.12087441,-0.20596904,0.08912271,0.0757165,0.09952832,0.17073819,-0.31077468,0.24868007,0.06266717,-0.11236598,0.06765239,-0.1063325,-0.111724555,-0.37069952,0.039416067,-0.0050267843
0.23675951,0.08232095,-0.43764034,-0.07241373,0.0062211826,-0.33485416,-0.4725988,-0.4703787,-0.48061216,0.059682198,-0.06704872,-0.03399347,0.1849313,0.5845204,-0.1097604,0.2657516,0.3754288,-0.112645686,0.3544722,-0.2376361,-0.2311456,0.0,0.605001,-0.24120356,0.018446522,0.40202284,0.4071497,0.13736637,-0.3267039,0.26634637,0.042077627,-0.43276522,0.34339347,0.5472498,0.8608652,-0.0053893933,-0.2349321,0.13830484,0.06946294,-0.29625854,-0.17505577,0.14109284,0.5680794,0.28494674,0.4430255,0.23355997,0.4520232,0.44844624,-0.4443043,-0.20791149,0.29032075,0.030161949,0.106687,-0.051918987,-0.31038275,-0.43705472,-0.29411528,-0.5465033,-0.074484125,-0.18038188,-0.17802072,-0.10647639,-0.041501403,0.19411337,0.0018085695,-0.16892715,-0.5011433,0.21357493,0.33509868,0.1722175,-0.34885272,0.65349144,0.27166227,-0.23804982,-0.14496396,-0.1015663,-0.20604387,0.26419944,0.17705576,-0.48947275,0.22621074,0.24961656,0.52732825,0.6236276,0.42529562,0.5555678,-0.16828494,0.34786516,-0.21822026,-0.26029623,0.25838822,-0.06066418,-0.0344451,0.13046771,0.22675353,0.31819218,0.27603137,0.6476581,-0.36114547,-0.29456675
0.31518233,0.44458,-0.05933483,0.27780288,0.38087115,0.14814495,-0.29382744,-0.044589233,-0.15881936,0.09670332,-0.24939705,-0.16363409,0.01086987,0.71325696,0.2624014,0.55728304,0.18949169,0.1782053,0.588858,0.024133148,-0.014188795,0.605001,0.0,-0.23480761,-0.025165595,0.10993527,0.5174817,0.61682075,-0.039962392,0.63325036,-0.20130967,-0.25316718,0.5153645,0.5157385,0.70610327,0.14724612,0.14623457,0.22452348,-0.05775872,-0.28028235,-0.14023802,-0.19025728,0.26284847,0.23065431,0.3431085,0.20310833,0.46135727,0.41755044,0.054611463,0.045478527,0.5290213,0.4412025,0.49582386,0.2898027,0.16702348,0.019539457,0.18849157,-0.11998468,0.028587688,-0.29537383,-0.040178165,-0.12685445,0.2056455,0.48713204,0.44175467,0.18754172,-0.2859592,0.2891193,0.46761993,0.40644267,-0.14099692,0.47223344,0.6160605,-0.20858435,0.1727783,-0.16488421,0.058535047,0.6833638,0.013996139,-0.27052847,0.24036905,0.15279898,0.317208,0.5100567,0.5359565,0.49985033,0.16008466,0.6697364,0.2283551,-0.1888927,0.19280635,0.056956682,0.014959,-0.2352053,0.080928616,0.24219434,0.16976652,0.508715,0.1432802,-0.037197758
-0.2089084,0.15496917,0.08575916,0.38944605,0.36875916,-0.082477726,0.4247474,0.4567485,0.3317376,0.5599622,0.5812743,0.72527874,0.49595204,-0.19430757,0.29928333,0.15506178,0.5030966,0.5818741,0.1639845,0.62772,0.5828839,-0.24120356,-0.23480761,0.0,0.5751299,0.06755422,-0.26727358,-0.23230244,0.47703373,0.06622943,-0.46227401,0.10537664,-0.06821085,0.249999,-0.2615856,-0.11127699,0.12693246,0.11288852,0.44345543,0.6639677,0.24250446,-0.32083115,-0.08362353,-0.30192167,-0.30106032,-0.1370915,-0.10239986,-0.22904733,0.089805774,0.056737345,-0.28485543,0.06852133,0.22021692,0.39744222,-0.04695634,-0.052740805,0.29037815,0.44026995,0.6028826,0.59244925,0.5794801,0.55312407,0.17864987,0.0060116188,0.32964006,0.32839766,0.51754016,0.36608127,0.13433006,0.29205468,0.60993177,0.08671273,0.1493268,0.72126186,0.616701,0.57419723,0.40163025,0.053220537,-0.6062921,0.19473039,0.39077738,0.0011737733,-0.24385668,0.046073664,-0.012181513,-0.19048022,0.1578708,-0.23006192,0.03872322,0.5596802,-0.0707266,0.49513352,0.382835,-0.27392894,0.22325453,-0.3066423,-0.078955725,-0.25227496,-0.009031806,0.058783818
0.117638506,0.28583378,0.01179861,0.32106277,0.35148677,-0.0651679,0.1415531,0.08559865,-0.083061315,0.8740339,0.8711787,0.786619,0.542984,0.061990835,0.45033717,0.12629756,0.6064035,0.19216835,0.36703086,0.27902672,0.2630045,0.018446522,-0.025165595,0.5751299,0.0,-0.0029909306,0.019832239,-0.22575735,0.4587106,0.36243567,-0.6003108,-0.47165167,0.12123842,0.30639538,-0.063603215,-0.052599538,0.32591698,0.06375209,0.58657825,0.41627416,0.23543128,-0.45946553,0.1543123,-0.15920909,-0.03874821,0.22593914,0.08629899,0.23800966,0.11699227,0.30621707,-0.48072246,-0.035882093,0.1210168,0.31876013,-0.13980916,-0.14860721,0.04032517,0.03822344,0.78183436,0.8250759,0.6857895,0.46244764,0.07593649,-0.035262164,0.41426873,0.44328052,0.0741105,0.5510852,0.14300944,0.13756037,0.360922,0.11740849,0.31842104,0.35001868,0.5744786,0.7424267,0.50238657,0.13522331,-0.5843117,-0.40376723,0.2022989,-0.02169776,-0.16928001,0.11946613,0.029722542,-0.048121076,0.39121082,-0.21330114,0.042922232,0.41265854,-0.153216,0.2464892,0.11270396,-0.3089137,0.13399956,-0.2083059,0.28979036,0.028219609,0.10484423,0.24178997
0.32087943,-0.20705827,-0.41267452,-0.049432065,-0.18608998,-0.4364262,-0.5250088,-0.3065977,-0.38719112,0.042286273,0.01424594,0.054216117,0.32524297,0.25188366,-0.10364413,0.15814346,0.3214658,-0.1340672,0.23007698,-0.08183492,0.08707894,0.40202284,0.10993527,0.06755422,-0.0029909306,0.0,0.34018484,0.102422625,-0.0940306,-0.019093499,0.26790223,-0.11814844,0.20909533,0.037790142,0.3674859,-0.50285006,-0.4368869,0.015920421,-0.2296992,-0.31923833,-0.49991938,0.532533,0.39863548,0.3639251,0.2876337,0.040016793,-0.13021411,-0.039776385,-0.6097505,-0.5782753,0.15877394,-0.10664512,0.040940188,-0.037555385,-0.37850887,-0.4638969,-0.20910093,-0.38636664,-0.19089757,-0.010146968,0.089048505,0.23903903,0.18660222,0.023479939,-0.011058072,-0.13027006,-0.34075147,0.16471577,0.032767378,-0.14121874,0.015761493,0.40592942,0.005510856,-0.11968055,-0.008244582,0.23999722,-0.12056272,0.13426109,0.099287175,-0.2292958,-0.009874857,-0.26044247,0.3221552,0.3367589,0.32840788,0.11698828,-0.41095868,0.25911415,-0.43848068,-0.34905872,-0.08127205,0.14565748,-0.030604964,0.5806844,0.4528856,0.45192304,0.08471765,-0.008888029,-0.5500225,-0.66097844
0.34468687,-0.025191998,-0.3750262,0.09552882,-0.018471435,-0.122365475,-0.55429304,-0.27978337,-0.54920954,0.11504647,-0.058717534,-0.1376149,-0.019361706,0.49187297,0.264918,0.10128028,0.03710601,-0.16992423,0.4183749,-0.10984509,-0.041365784,0.4071497,0.5174817,-0.26727358,0.019832239,0.34018484,0.0,0.5934928,-0.03893249,0.58180004,0.04865205,-0.4634577,0.3607431,0.072545916,0.49238467,-0.17819588,0.0442849,0.044983365,-0.20760657,-0.55908775,-0.1158432,0.19622767,0.5989883,0.74235624,0.7971519,0.66277266,0.36484858,0.64642483,-0.1342402,0.050686985,0.42213345,-0.0059655774,0.16071986,0.14061819,-0.22118568,-0.279318,-0.13050622,-0.38118425,0.009718872,-0.2220924,0.051764853,-0.076264724,0.07596986,0.1453196,0.3196878,0.18654963,-0.54010683,0.1649061,0.07690022,-0.09612132,-0.12612368,0.312902,0.35781094,-0.546723,0.105588436,-0.009946189,0.007731211,0.46036884,0.24513713,-0.41608933,-0.20666158,-0.10494682,0.5730682,0.4039329,0.41349873,0.21481907,0.021139447,0.66349065,-0.042173516,-0.42668158,0.15159461,0.13261236,-0.12665485,0.248685,0.4586764,0.7561706,0.66262925,0.3840619,-0.05304315,-0.13531052
0.24210238,0.2626578,0.060426638,0.3501906,0.28573126,0.26245376,-0.25406486,0.1420194,-0.08193439,-0.051385358,-0.35985023,-0.3215044,-0.19436032,0.415452,0.37770626,0.3961183,-0.18855481,0.08938403,0.4161255,0.039010275,0.075111434,0.13736637,0.61682075,-0.23230244,-0.22575735,0.102422625,0.5934928,0.0,0.16674985,0.6012857,-0.029448552,0.030492578,0.39155442,0.0578147,0.3699145,-0.048158642,0.28507215,0.09073062,-0.3270077,-0.41499022,-0.20203266,-0.0060366103,0.13628384,0.34808832,0.34986788,0.19345964,0.26164883,0.20909616,0.20235491,0.04628367,0.6161301,0.41253307,0.4892554,0.37220517,0.2485912,0.16798876,0.3301582,0.0690481,-0.07166686,-0.4026734,0.007410912,-0.069378994,0.3174076,0.46864077,0.4951288,0.33956087,-0.13794951,0.12065109,0.2802882,0.16391587,-0.017552547,0.24686664,0.5592041,-0.28576344,0.24078341,-0.15254803,0.14951964,0.73953074,0.11692062,0.07614662,-0.019682625,-0.10923736,0.2870622,0.32331246,0.5093688,0.268716,0.23413734,0.89161074,0.2383386,-0.27472475,0.13596806,0.28877392,0.06343912,-0.013779344,0.31236216,0.39426222,0.15534633,0.20079796,0.29611778,0.011186289
0.035379704,0.5149728,0.45786947,0.5250335,0.49600676,0.31715593,0.4140879,0.54063624,0.3343411,0.5125959,0.4838434,0.5051075,0.38630372,0.13255806,0.7807674,0.24086398,0.31112385,0.42549783,0.507119,0.5030478,0.56014305,-0.3267039,-0.039962392,0.47703373,0.4587106,-0.0940306,-0.03893249,0.16674985,0.0,0.38436612,-0.50742495,0.044742674,0.06004247,0.1657108,-0.22180358,0.073884554,0.62170345,0.094217926,0.40322176,0.4443295,0.1761905,-0.37074777,-0.14576352,-0.2396925,-0.21920626,0.0014352024,-0.022038575,-0.080894016,0.4684164,0.42762476,-0.22057813,0.38818756,0.42726678,0.5068527,0.3296328,0.31998402,0.5395076,0.47419003,0.48336205,0.41421118,0.63098055,0.5316735,0.42571664,0.32790568,0.69815373,0.7941558,0.3607698,0.56874645,0.23125726,0.23748258,0.64713264,-0.036814176,0.43482727,0.39724302,0.61969304,0.42679313,0.90194464,0.32825655,-0.5331702,0.13194817,0.11213326,-0.18135445,-0.32051864,0.001206466,0.1265316,-0.10270412,0.62122965,0.041060314,0.32724887,0.38158646,-0.12786835,0.35307008,0.24731351,-0.2860693,0.16988756,-0.2503139,0.023016779,-0.23152211,0.48727182,0.44553056
0.14105502,0.5152842,0.030388933,0.4978087,0.5006254,0.17405684,-0.13819548,0.12143956,-0.23187467,0.49637273,0.22716375,0.2745009,0.2555873,0.5427844,0.6657276,0.33299106,0.30412662,0.14154552,0.65094024,0.12790382,0.099718966,0.26634637,0.63325036,0.06622943,0.36243567,-0.019093499,0.58180004,0.6012857,0.38436612,0.0,-0.58557266,-0.4260778,0.25878224,0.32848653,0.40570217,0.09272007,0.52130735,0.051590715,0.26197657,-0.098534845,0.07633519,-0.44429344,0.29052594,0.1853427,0.3439549,0.45712942,0.5116187,0.5374236,0.3095953,0.36360672,0.26470697,0.36182588,0.5402277,0.5373555,0.114503615,0.029323038,0.27666953,-0.01654061,0.4861792,0.07043614,0.4214848,0.24961787,0.19759996,0.39933798,0.7179284,0.63874686,-0.09888877,0.5545357,0.36626485,0.2590676,0.082243405,0.38386697,0.7816483,-0.013159362,0.5817385,0.16250132,0.47490197,0.72990483,-0.31684217,-0.26336533,0.10467033,-0.009393652,0.21871705,0.4135815,0.42606792,0.27295962,0.52646506,0.56082493,0.27517584,0.09677305,0.22243755,0.3892707,0.22724165,-0.37257507,0.31661803,0.16932544,0.4733296,0.38071647,0.36595565,0.2622418
0.12043678,-0.61472756,-0.20943615,-0.5690164,-0.6633176,-0.18452846,-0.265847,-0.38846773,-0.14415082,-0.7223206,-0.49550748,-0.63472146,-0.48297003,-0.16049245,-0.58281237,-0.3009101,-0.5226769,-0.38265505,-0.43010807,-0.35170752,-0.24899836,0.042077627,-0.20130967,-0.46227401,-0.6003108,0.26790223,0.04865205,-0.029448552,-0.50742495,-0.58557266,0.0,0.24296436,-0.06927741,-0.39769968,0.017670885,-0.11354698,-0.504134,-0.08309789,-0.5959957,-0.41344568,-0.23040885,0.79090995,0.096708015,0.34903854,0.20655745,-0.07685771,-0.2400334,-0.16796279,-0.38326272,-0.3630224,0.2046332,-0.36661696,-0.47829178,-0.5742056,-0.18595938,-0.11833116,-0.4246092,-0.3042544,-0.74595463,-0.4375768,-0.63269705,-0.5025726,-0.20353891,-0.27732047,-0.62939686,-0.5877863,-0.32362428,-0.6850718,-0.36529478,-0.4268925,-0.32562906,-0.17264336,-0.58712745,-0.4717574,-0.76456016,-0.37971982,-0.57372457,-0.3776187,0.77286875,0.13759619,-0.35288104,-0.081064925,0.24284829,-0.16817191,-0.14128996,-0.06609698,-0.55500275,0.036299955,-0.28567708,-0.5404754,-0.03244641,-0.38964942,-0.37510765,0.7302277,-0.012643451,0.38957548,-0.12371085,-0.09801775,-0.36122346,-0.34138772
-0.18682091,-0.07763816,0.3377672,-0.038808774,-0.04315818,0.27009955,0.37456384,0.3877573,0.64241666,-0.4026731,-0.43594015,-0.2782694,-0.18442424,-0.27629125,-0.16840264,0.12628798,-0.28705153,0.28635484,-0.29536256,0.26687098,0.25311843,-0.43276522,-0.25316718,0.10537664,-0.47165167,-0.11814844,-0.4634577,0.030492578,0.044742674,-0.4260778,0.24296436,0.0,-0.0438076,-0.23063661,-0.37749037,0.07701337,-0.07463626,0.22377528,-0.2640023,0.23744938,-0.15663058,0.10671459,-0.6201388,-0.3657609,-0.569654,-0.6428809,-0.47646162,-0.721569,0.13698077,-0.24257705,0.0719068,0.15716948,0.03037585,-0.080383256,0.3806188,0.40168938,0.34436864,0.5032703,-0.39530757,-0.22072649,-0.13589098,0.03022315,0.29448006,0.22035293,-0.10720415,-0.10995358,0.5472542,-0.29132813,0.03305951,0.1708225,0.26024228,-0.2015439,-0.17944664,0.33451176,-0.08900453,-0.18933845,-0.06355105,-0.04501708,0.08078061,0.838953,0.16931106,-0.01626086,-0.33039746,-0.2400058,-0.022391612,-0.047121163,-0.10673497,-0.043125242,0.20572542,0.14422193,-0.17167489,0.10712248,0.23008199,-0.0018304357,-0.17350727,-0.3157414,-0.6352906,-0.40043712,0.12111878,-0.06692911
0.6609357,0.29570955,-0.067350745,0.3259064,0.29414093,0.060930803,-0.19142763,0.11527445,0.043058485,0.25062767,-0.11886303,-0.1279136,0.084822856,0.44697908,0.18118352,0.6953765,0.2539936,0.22131819,0.5010219,0.19959463,0.24448103,0.34339347,0.5153645,-0.06821085,0.12123842,0.20909533,0.3607431,0.39155442,0.06004247,0.25878224,-0.06927741,-0.0438076,0.0,0.31834978,0.34462273,-0.13136506,0.007208879,0.5645096,-0.17936656,-0.19374947,-0.39920586,-0.067465454,-0.055302493,0.098401,0.07208657,-0.08276875,-0.102735646,0.047579516,-0.10378307,-0.17458507,0.1448415,0.33071142,0.34661478,0.25600928,0.13103089,0.015008305,0.30238938,0.064261645,-0.062852755,0.039521087,0.21304506,0.06612747,0.5764987,0.53514475,0.45375386,0.13547459,-0.18294302,0.31475595,0.43409315,0.3989465,0.19404212,0.2548458,0.41150817,-0.15446843,0.2471831,0.26078758,0.10193123,0.5525315,-0.086858235,-0.25087947,0.25187215,-0.0859588,-0.003701092,0.3046526,0.5935994,0.37901238,0.041512344,0.49082524,0.17522278,-0.23103377,-0.38144225,0.045504417,-0.07404361,-0.057696845,-0.015326632,0.122381255,-0.07539732,0.08689712,0.019405391,-0.21696573
-0.024438597,0.4802354,-0.020704804,0.24274889,0.45290294,-0.0008169608,0.111510076,0.099278554,0.08162435,0.32711035,0.1633526,0.28756106,0.2851381,0.45764947,0.21530345,0.48341277,0.5115826,0.48953494,0.47156394,0.30160978,0.20556365,0.5472498,0.5157385,0.249999,0.30639538,0.037790142,0.072545916,0.0578147,0.1657108,0.32848653,-0.39769968,-0.23063661,0.31834978,0.0,0.56720936,0.33002153,0.18295343,0.2592299,0.4370058,0.28027576,0.18883146,-0.38991895,0.24719241,-0.14743927,0.057273354,-0.021053333,0.46811438,0.25962213,0.0021315503,0.09685969,0.12877774,0.3578668,0.42843062,0.24264368,0.057863753,-0.069522634,0.18237017,0.080353655,0.31379458,0.119154625,0.089816004,0.073202215,0.16687927,0.42429495,0.3670369,0.20549817,0.07130545,0.42994973,0.65053755,0.6696154,0.12247891,0.5645605,0.5048276,0.2859384,0.26896492,0.06382401,0.26050764,0.34193733,-0.22721465,-0.22066309,0.65136814,0.5069368,0.2360025,0.6050661,0.42814764,0.5477782,0.25905535,0.17671134,0.20422915,0.32540098,0.25710374,0.16447945,0.2019824,-0.3999866,0.12744333,-0.14732464,0.03127521,0.5411773,0.028678356,0.10768499
0.16220102,0.20164752,-0.31258264,0.04784593,0.1471278,-0.14599492,-0.4601492,-0.32152617,-0.40561318,-0.0049871444,-0.1774327,-0.12550184,0.045807928,0.5669409,-0.02031998,0.34381995,0.23893455,-0.030640623,0.39394706,-0.22802775,-0.22256507,0.8608652,0.70610327,-0.2615856,-0.063603215,0.3674859,0.49238467,0.3699145,-0.22180358,0.40570217,0.017670885,-0.37749037,0.34462273,0.56720936,0.0,0.06356375,-0.06391299,0.03727824,0.008162255,-0.35088187,-0.13819195,0.09638671,0.5837987,0.33587053,0.5069036,0.24507934,0.579967,0.46162152,-0.26452753,-0.1498022,0.5022688,0.21973711,0.3088206,0.09638792,-0.124217175,-0.2687987,-0.118828684,-0.40182766,-0.040145762,-0.30682775,-0.22345996,-0.17501526,0.018931052,0.31072104,0.12868264,-0.06801369,-0.4409018,0.19832034,0.44366354,0.2683336,-0.3838586,0.710114,0.42855614,-0.24578853,-0.054595377,-0.19569226,-0.12886679,0.42380044,0.22475259,-0.40591568,0.26513183,0.3163144,0.6355244,0.72407544,0.5489449,0.6344153,-0.023986286,0.54580826,-0.09253173,-0.23512572,0.40378872,0.071727745,0.03174688,0.057747703,0.3428859,0.37553182,0.25892156,0.7065535,-0.18342307,-0.21388529
