0,1,2,3,4,5,6,7,8,9,10,11,12,13,14,15,16,17,18,19,20,21,22,23,24,25,26,27,28,29,30,31,32,33,34,35,36,37,38,39,40,41,42,43,44,45,46,47,48,49,50,51,52,53,54,55,56,57,58,59,60,61,62,63,64,65,66,67,68,69,70,71,72,73,74,75,76,77,78,79,80,81,82,83,84,85,86,87,88,89,90,91,92,93,94,95,96,97,98,99
0.0,0.6409094,0.14478847,0.76250094,0.13275503,0.041682623,0.6478942,0.59628755,0.07938312,0.2895838,-0.26784423,-0.53138995,0.33220312,0.42846534,0.4800847,0.73649657,0.17139266,0.50820124,0.34707564,-0.058585078,0.55779755,0.36747974,0.32990587,-0.58406985,0.07961709,-0.5644736,-0.2179784,-0.7224515,-0.30080563,-0.08381425,-0.10927283,0.50794137,0.5647902,0.4654631,0.529783,-0.28818914,-0.5020722,0.63782775,0.48173502,0.417685,0.28895923,-0.20856395,0.44747975,-0.4338108,0.17122877,-0.08012915,0.20067944,0.29402584,-0.12086792,-0.24612129,0.28872657,0.50870097,0.23921406,0.6554347,0.049752045,0.07257649,0.6952734,0.4710769,-0.32484826,0.09176524,-0.07438469,0.3889143,0.32244492,0.449711,0.4685831,0.537758,-0.28945857,0.30106354,0.25664577,0.5275468,0.42746383,0.17217687,0.29930484,-0.4493533,-0.2630503,-0.10650327,-0.36503747,0.0001153223,-0.21300484,-0.37646428,-0.36757016,-0.23256251,-0.41480115,0.30752382,-0.764365,0.16721916,-0.5379832,-0.7373602,-0.45562333,-0.49612832,-0.24908228,-0.24420403,-0.3786843,-0.34218308,-0.38098752,-0.5584621,-0.5827594,-0.45507792,-0.27083704,-0.44582662
0.6409094,0.0,0.6559915,0.5264531,0.49430707,0.48129442,0.87454,0.7558856,0.4166487,-0.19663997,-0.38680497,-0.624075,0.14607428,0.27016997,0.18585168,0.5317183,-0.08430928,0.40419886,0.14140038,0.07974315,0.22164385,0.23954152,0.18038091,-0.55301833,-0.2794611,-0.49383587,-0.2650682,-0.69000554,-0.31659472,-0.21494848,-0.050065354,0.041333217,0.2720559,0.30274302,0.3598312,0.12507413,-0.28465945,0.32375765,0.28035888,0.41425884,0.39040384,-0.29986662,0.35885194,-0.4151603,0.21784127,-0.120976694,0.28551668,0.25039884,0.27430403,0.026606062,0.5004019,0.8717199,0.5073848,0.698125,0.5338702,0.50416887,0.7577767,0.70649177,-0.31616235,-0.32680753,-0.48618528,0.1949993,0.058574084,0.24298239,0.14198487,0.26883617,0.0014396104,0.06780068,0.03485998,0.41061133,0.15646233,-0.092631385,0.158321,-0.41192606,-0.54420906,-0.39159757,-0.52384335,-0.20561455,-0.10132665,-0.17304401,-0.54203147,0.0036844793,-0.17412542,-0.027580542,-0.6559785,0.20287591,-0.35518622,-0.57849354,-0.12076153,-0.46232453,0.03402166,0.024380127,-0.17904252,-0.27472526,-0.31407544,-0.38322568,-0.41297027,-0.13375024,0.062839344,-0.20441407
0.14478847,0.6559915,0.0,-0.12850389,0.77030677,0.8955251,0.47338238,0.3797924,0.73305094,-0.5411014,-0.28932363,-0.3525141,-0.27487096,-0.13304871,-0.34979635,-0.09505193,-0.42473912,-0.13628402,-0.27584293,0.051860966,-0.3508041,-0.283929,-0.28831628,-0.16092184,-0.4165699,-0.17229556,-0.3251216,-0.37552038,-0.10033902,-0.44483426,0.01754927,-0.43549675,-0.24572124,-0.22717646,-0.25282583,0.67213815,0.30283427,-0.24765775,-0.1721494,0.1517535,0.16863081,-0.41343647,-0.15252511,-0.0075589507,0.09643552,-0.2518489,0.014494747,-0.13788606,0.79099345,0.44036853,0.5965696,0.71642894,0.6671616,0.36464736,0.9492697,0.88984686,0.2115544,0.58492494,0.06917816,-0.4002353,-0.52603906,-0.22859089,-0.39494267,-0.15220542,-0.38402697,-0.24999338,0.49218956,-0.32637504,-0.36694807,-0.1343348,-0.35338715,-0.5706185,-0.22546992,0.048275936,-0.47738603,-0.49103364,-0.4854717,-0.48194215,0.017407153,0.3061724,-0.45047647,0.38961804,0.31086794,-0.40369847,-0.10849334,0.03919015,0.22824115,-0.044200666,0.45527008,-0.037127346,0.41939363,0.42854568,0.27700886,-0.22244506,-0.10444215,0.20715648,-0.037280202,0.384072,0.6308729,0.36036208
0.76250094,0.5264531,-0.12850389,0.0,-0.13616396,-0.26546896,0.634186,0.59942114,-0.25319174,0.4112363,-0.13085513,-0.36523283,0.4632166,0.44457638,0.6143755,0.8702811,0.4134374,0.7122191,0.46480379,0.003209763,0.71007514,0.63580287,0.58159935,-0.47727823,0.26566142,-0.37106794,-0.09826497,-0.46069467,-0.23933963,0.2259383,-0.16964032,0.53216404,0.66792583,0.66915613,0.7795435,-0.6763666,-0.7908205,0.76190656,0.5453414,0.33812118,0.24321353,0.08998687,0.6420594,-0.64177305,0.08160975,0.002218201,0.27657387,0.428749,-0.5355804,-0.58053046,-0.06773417,0.30071318,-0.117086865,0.56401664,-0.24691504,-0.27200964,0.78791416,0.27690017,-0.5041858,0.10062848,0.009632161,0.45548174,0.47548798,0.43936962,0.61433804,0.6009865,-0.57696784,0.42714092,0.43764874,0.70642835,0.5881746,0.54897344,0.41018075,-0.5571537,-0.079558484,0.16348357,-0.12226301,0.31119052,-0.28335965,-0.6738245,-0.15404867,-0.5689575,-0.73713535,0.44471264,-0.8509832,0.13288343,-0.79505056,-0.67986023,-0.75480723,-0.57197696,-0.5402281,-0.5377288,-0.64502186,-0.17128676,-0.26219007,-0.8593558,-0.70547825,-0.7565237,-0.648748,-0.76950514
0.13275503,0.49430707,0.77030677,-0.13616396,0.0,0.6073662,0.21003495,0.017374668,0.346654,-0.20767663,0.06312379,-0.020184899,-0.64679295,-0.4557454,-0.6050187,-0.27963668,-0.6959579,-0.434888,-0.6257236,-0.2910546,-0.5756115,-0.5710528,-0.6303922,0.14977948,-0.085636646,0.094131276,-0.6998046,-0.43660197,-0.21478817,-0.6932534,-0.46167043,-0.35731164,-0.564837,-0.541136,-0.48381573,0.5010681,0.5137902,-0.4704248,-0.52674586,-0.12609562,-0.22862141,-0.67248005,-0.42761397,-0.16387665,-0.32587576,-0.5842647,-0.3089746,-0.56163937,0.641737,0.31899652,0.7011737,0.67346805,0.8358196,0.566045,0.68789566,0.6151214,-0.058724094,0.17163956,0.4696071,-0.22116305,-0.2170623,-0.5683028,-0.7002214,-0.46297675,-0.63089734,-0.49996665,0.6918578,-0.6318676,-0.6129532,-0.40640938,-0.58804625,-0.64210343,-0.5731241,0.418235,-0.19997425,-0.24912639,-0.37039614,-0.6825439,-0.44101226,0.533929,-0.19658467,0.56084937,0.42921004,-0.049709134,0.035909925,0.32439333,0.47445267,0.18319717,0.5506253,0.30985704,0.5590133,0.42230132,0.49421504,-0.08877185,0.34217685,0.23901832,-0.12673531,0.49616274,0.6401013,0.5288712
0.041682623,0.48129442,0.8955251,-0.26546896,0.6073662,0.0,0.34771603,0.34748396,0.8616117,-0.6131476,-0.36023846,-0.35789266,-0.17002457,-0.056797534,-0.27632213,-0.16786653,-0.27964103,-0.13024569,-0.1533581,0.18567385,-0.29996228,-0.2879637,-0.20490502,-0.14716391,-0.45312485,-0.17116757,-0.1909035,-0.2076823,0.10812481,-0.3236395,0.16196609,-0.4911268,-0.17602979,-0.19694598,-0.3143928,0.7354297,0.2965933,-0.25206143,-0.12741768,0.11081319,0.1521229,-0.3172033,-0.21655014,0.1370242,0.14319187,-0.18515587,-0.013707428,-0.09993375,0.8123454,0.45452645,0.4494644,0.50744987,0.5025949,0.10487259,0.9637992,0.97500384,0.10962322,0.622545,-0.009058684,-0.32947484,-0.48882973,-0.125691,-0.28018573,-0.050341,-0.30200008,-0.18635859,0.40135413,-0.180917,-0.24502355,-0.13686317,-0.2745299,-0.5443598,-0.11234114,0.016842337,-0.422407,-0.47174168,-0.35353145,-0.32646355,0.18933316,0.26122934,-0.41085622,0.30398145,0.28520936,-0.55619895,-0.019134156,-0.1875401,0.22341053,0.02317387,0.46821752,-0.06604129,0.3225932,0.38475794,0.21720488,-0.32703802,-0.2271942,0.29178476,0.03837836,0.35449445,0.6348833,0.33786038
0.6478942,0.87454,0.47338238,0.634186,0.21003495,0.34771603,0.0,0.90252084,0.38091823,-0.14745744,-0.45878622,-0.66590047,0.38062668,0.41625944,0.39389652,0.6997469,0.1717748,0.61666304,0.35651687,0.24596995,0.4392888,0.48885834,0.43977955,-0.6359527,-0.2614504,-0.55037177,0.008730548,-0.58854014,-0.23301263,0.0075377016,0.1802809,0.19360761,0.5294772,0.5404168,0.58435047,-0.011913397,-0.49524346,0.5721185,0.537542,0.5490444,0.57609427,-0.0015752753,0.6006416,-0.354353,0.41497058,0.11716258,0.45106402,0.51096773,0.10568074,-0.04861452,0.27350336,0.6872793,0.20669135,0.51481515,0.38015932,0.35902196,0.9029431,0.75402516,-0.5340527,-0.31652033,-0.48643833,0.38875145,0.28928456,0.38655505,0.35773197,0.43400872,-0.21461219,0.26477754,0.22017242,0.5987469,0.3631694,0.12371445,0.34422013,-0.58736295,-0.5215785,-0.3288018,-0.43944815,0.010952366,0.09551252,-0.3942316,-0.5152041,-0.22011034,-0.34035426,-0.05711292,-0.7277361,0.060396403,-0.5672185,-0.70898634,-0.32022712,-0.59539753,-0.17304751,-0.1072463,-0.3726823,-0.23059635,-0.47201312,-0.49001566,-0.39715445,-0.34622434,-0.1406506,-0.41087595
0.59628755,0.7558856,0.3797924,0.59942114,0.017374668,0.34748396,0.90252084,0.0,0.4533435,-0.15245524,-0.53322893,-0.6787693,0.5638049,0.5487016,0.5541501,0.7547502,0.44231954,0.7640305,0.53957266,0.4711762,0.6063053,0.5511472,0.63707024,-0.6509739,-0.23528965,-0.5426676,0.119072,-0.39894432,0.02238594,0.20757726,0.28598034,0.13598059,0.6832585,0.69685274,0.62153465,-0.041152153,-0.6332351,0.62037486,0.6178291,0.48073873,0.54751676,0.06876016,0.58032846,-0.32074136,0.43818957,0.14405803,0.40617734,0.5963382,0.01889568,-0.18595964,0.07392641,0.48355255,0.013139265,0.3018376,0.3469904,0.35070336,0.90371084,0.8478561,-0.7165951,-0.20039111,-0.38753957,0.5601711,0.49272573,0.56328994,0.539361,0.58006215,-0.39302373,0.51557857,0.48176616,0.74980015,0.5718667,0.28425726,0.56289905,-0.71291625,-0.39901546,-0.2214603,-0.2456586,0.2948363,0.24894582,-0.5772199,-0.4113305,-0.3709155,-0.47368488,-0.10301148,-0.7147783,-0.12785524,-0.6839141,-0.6743688,-0.378137,-0.69947934,-0.39947066,-0.2883673,-0.57513064,-0.3767365,-0.6265983,-0.5434123,-0.4373655,-0.4732686,-0.22395056,-0.56444657
0.07938312,0.4166487,0.73305094,-0.25319174,0.346654,0.8616117,0.38091823,0.4533435,0.0,-0.5799279,-0.44800863,-0.46940958,0.10979254,0.2039315,-0.013518305,-0.056440078,-0.065272965,0.03072433,0.11856849,0.36081594,-0.06013218,-0.11320655,-0.0024697543,-0.32019043,-0.55947787,-0.36656305,0.09946747,-0.14752446,0.1873192,-0.13002747,0.44877934,-0.35129637,0.065884285,-0.011213648,-0.16368482,0.72574455,0.16006187,-0.055922907,0.1490592,0.2918894,0.37426406,-0.15950367,-0.05462241,0.32157907,0.41196197,0.07668481,0.15515882,0.15169166,0.73301053,0.4874624,0.3662749,0.3911338,0.35478345,-0.057693563,0.8197829,0.8932347,0.2053292,0.75931674,-0.16403164,-0.21849547,-0.44784522,0.16049457,0.010893744,0.23162633,-0.03388089,0.073017046,0.21560353,0.1047308,-0.0051974463,0.032596834,-0.01829851,-0.4339069,0.16810066,-0.18116407,-0.45229667,-0.5375826,-0.32526463,-0.14479735,0.47630635,0.14581516,-0.47594076,0.22267842,0.25354946,-0.64194745,-0.018759264,-0.3064345,0.0815031,-0.1305428,0.35699645,-0.23021951,0.2213336,0.34944218,0.116838545,-0.3626833,-0.49396765,0.31244823,0.17197965,0.28673816,0.50640565,0.22741094
0.2895838,-0.19663997,-0.5411014,0.4112363,-0.20767663,-0.6131476,-0.14745744,-0.15245524,-0.5799279,0.0,0.46876848,0.42580754,-0.003966381,-0.083580546,0.18592384,0.23050924,0.25783178,0.098485455,0.0030214607,-0.14014211,0.32173207,0.03322191,0.07500138,0.2673225,0.709902,0.24859823,-0.19490483,-0.018954251,0.102144726,0.037664063,-0.40315732,0.49756268,0.1788245,0.0984568,0.1631552,-0.624897,-0.23908305,0.2476167,0.037371114,-0.20771503,-0.31658587,-0.00871097,0.008826873,-0.2533052,-0.3242969,-0.23191336,-0.32625705,-0.20108552,-0.62813795,-0.5519765,-0.22860116,-0.30686846,-0.22680527,0.18613344,-0.5845503,-0.6213141,-0.013444948,-0.36026227,0.17261432,0.7066027,0.78694963,-0.004873468,0.13247633,0.0060275933,0.25401422,0.13862972,-0.22131416,0.13859,0.20169403,0.12595408,0.28130546,0.40504166,-0.010375632,0.14971086,0.65899384,0.6732244,0.41177157,0.26406282,-0.42961589,-0.23349229,0.49953347,-0.24169898,-0.28473663,0.69088066,-0.063196234,0.15365717,-0.16532926,0.0135901105,-0.33258632,0.17926732,-0.36945182,-0.4787436,-0.21776743,0.104080275,0.3161405,-0.30685723,-0.37000608,-0.39750513,-0.44354767,-0.30102152
-0.26784423,-0.38680497,-0.28932363,-0.13085513,0.06312379,-0.36023846,-0.45878622,-0.53322893,-0.44800863,0.46876848,0.0,0.78325284,-0.3384923,-0.37075987,-0.29189616,-0.35302868,-0.2086713,-0.3979195,-0.34080118,-0.3944441,-0.27906054,-0.2259017,-0.33567697,0.5332254,0.4081571,0.52257603,-0.14024213,0.35091522,-0.020367302,0.052221492,-0.3241199,-0.058319114,-0.4027209,-0.39095202,-0.22028035,-0.17087564,0.26588914,-0.27938873,-0.35839662,-0.25215292,-0.38903037,0.049627863,-0.2441346,0.09405951,-0.326144,-0.15565085,-0.25819454,-0.42501515,-0.20474407,-0.043899536,-0.035489414,-0.2912656,-0.02096247,0.021383662,-0.3337522,-0.38720775,-0.4330986,-0.5733497,0.6037854,0.54576313,0.5968204,-0.36342084,-0.2681199,-0.3708364,-0.27003768,-0.32282093,0.15160325,-0.27722606,-0.2497105,-0.37340847,-0.2782089,0.014751186,-0.3476805,0.51890355,0.52592593,0.42158943,0.24588457,-0.028832871,-0.3255957,0.20578447,0.37082654,0.09183696,0.16669357,0.29108006,0.36288053,0.16020004,0.31664053,0.46648115,0.11156152,0.4270179,0.15496083,0.075980164,0.29155082,0.48208943,0.57741606,0.1898337,0.09688853,0.12404633,0.0039028637,0.23298787
-0.53138995,-0.624075,-0.3525141,-0.36523283,-0.020184899,-0.35789266,-0.66590047,-0.6787693,-0.46940958,0.42580754,0.78325284,0.0,-0.4952091,-0.6329548,-0.48831207,-0.53970253,-0.1299655,-0.5022668,-0.5215636,-0.19099839,-0.43401226,-0.44584027,-0.40024602,0.84480697,0.52399033,0.82463896,-0.17540064,0.5534562,0.2650586,-0.030497158,-0.35824686,-0.19404544,-0.5421067,-0.478535,-0.4640797,-0.111053,0.3997724,-0.48994038,-0.57960457,-0.59404707,-0.6113622,0.053536117,-0.50254065,0.1282065,-0.5269267,-0.2942183,-0.53377193,-0.59921354,-0.1981859,-0.13955186,-0.26391736,-0.5528367,-0.20639771,-0.27480483,-0.32632577,-0.40999877,-0.67202723,-0.7134522,0.6165662,0.45625085,0.6677404,-0.5633007,-0.4108886,-0.59597355,-0.4351269,-0.55806583,0.27313486,-0.3810793,-0.2626807,-0.49693915,-0.36670837,0.029034508,-0.48657507,0.7000367,0.76403683,0.6332466,0.5530341,0.044674315,-0.300674,0.26466492,0.70888937,0.14093906,0.22591285,0.2796252,0.61418456,0.053528238,0.4903339,0.7621013,0.29762435,0.6906307,0.060035016,-0.042274244,0.28247264,0.45725164,0.74106103,0.29419133,0.13162862,0.18068638,0.10556868,0.30194035
0.33220312,0.14607428,-0.27487096,0.4632166,-0.64679295,-0.17002457,0.38062668,0.5638049,0.10979254,-0.003966381,-0.3384923,-0.4952091,0.0,0.9114071,0.9267127,0.6736632,0.72959536,0.79823154,0.9556826,0.41413084,0.8504075,0.8409573,0.88736534,-0.695996,-0.2551781,-0.60621804,0.63382167,0.05087032,0.05568988,0.7508566,0.5693759,0.35242417,0.8688209,0.83995676,0.7902932,-0.31967485,-0.7973131,0.75891054,0.85698754,0.5491847,0.58919054,0.47789928,0.72161263,-0.010280599,0.6276724,0.5997892,0.62189645,0.87624866,-0.3853589,-0.2379095,-0.30299112,-0.091754906,-0.47883624,-0.1578305,-0.2535624,-0.14603326,0.62638175,0.46496454,-0.78297555,0.099727675,-0.11118973,0.9686845,0.96479344,0.9089163,0.90466994,0.90437657,-0.82488054,0.90557635,0.804237,0.79746264,0.8324941,0.61090714,0.9418105,-0.8255681,-0.24591595,-0.14007513,-0.036223438,0.6778356,0.55201566,-0.7173638,-0.3188171,-0.59646165,-0.564759,-0.08398211,-0.5197031,-0.27365795,-0.8060298,-0.6587985,-0.6557059,-0.83250654,-0.5591276,-0.36813834,-0.6691706,-0.24428278,-0.77509063,-0.48257685,-0.0969648,-0.59006894,-0.5900186,-0.71897054
0.42846534,0.27016997,-0.13304871,0.44457638,-0.4557454,-0.056797534,0.41625944,0.5487016,0.2039315,-0.083580546,-0.37075987,-0.6329548,0.9114071,0.0,0.8964386,0.61132467,0.51006305,0.67374945,0.93387455,0.24288686,0.7700549,0.7621893,0.72554785,-0.8283991,-0.3874641,-0.7848263,0.5421251,-0.13001496,-0.110566884,0.5892672,0.5279676,0.3632648,0.7847219,0.7005882,0.7163896,-0.2028715,-0.6838603,0.7127848,0.8359403,0.65862316,0.6349921,0.32118094,0.68613726,0.028222615,0.6460849,0.5787704,0.67206806,0.81898385,-0.23006532,-0.06379926,-0.048967846,0.109927714,-0.22036305,0.023992216,-0.1354529,-0.0010114893,0.63519526,0.52380383,-0.675585,0.041184068,-0.22323419,0.9593222,0.8791655,0.95378023,0.8474474,0.92771184,-0.7088527,0.82335746,0.6578662,0.69258213,0.72602004,0.39732638,0.8853619,-0.80199635,-0.43784314,-0.3560743,-0.25743493,0.4547937,0.50396556,-0.5458681,-0.53491926,-0.44651595,-0.4472498,-0.15748575,-0.5510558,-0.18859476,-0.7275512,-0.7438171,-0.59399885,-0.8625648,-0.34109426,-0.16891949,-0.49426955,-0.31539068,-0.802391,-0.3907624,-0.036104318,-0.43900806,-0.48415774,-0.5785989
0.4800847,0.18585168,-0.34979635,0.6143755,-0.6050187,-0.27632213,0.39389652,0.5541501,-0.013518305,0.18592384,-0.29189616,-0.48831207,0.9267127,0.8964386,0.0,0.75010777,0.7152861,0.8037225,0.93265986,0.31705198,0.940484,0.8140106,0.846692,-0.6943968,-0.09189105,-0.6138538,0.4931971,-0.07621218,0.012913122,0.64364314,0.40365064,0.5010644,0.9048808,0.8275551,0.8160115,-0.4704472,-0.847424,0.8239416,0.85070276,0.51090574,0.5045642,0.3771201,0.70804423,-0.13141653,0.50589675,0.48389918,0.5317883,0.7895117,-0.50562245,-0.36254117,-0.27903748,-0.05789733,-0.4243089,0.00898549,-0.3530465,-0.2486309,0.66487455,0.40860584,-0.73071384,0.19765256,-3.2579304e-05,0.9408273,0.9510593,0.9198939,0.9759501,0.97775596,-0.8464898,0.9077581,0.81231093,0.81813973,0.8953267,0.63976026,0.89966506,-0.8041731,-0.16828215,-0.03725468,-0.01158925,0.6474242,0.37354094,-0.7334509,-0.26060757,-0.617948,-0.63495255,0.0873002,-0.59383017,-0.19538572,-0.85153985,-0.7144204,-0.74628514,-0.799882,-0.5993638,-0.4585747,-0.6984576,-0.27225044,-0.6949693,-0.5845532,-0.22695391,-0.67087245,-0.6954483,-0.7831956
0.73649657,0.5317183,-0.09505193,0.8702811,-0.27963668,-0.16786653,0.6997469,0.7547502,-0.056440078,0.23050924,-0.35302868,-0.53970253,0.6736632,0.61132467,0.75010777,0.0,0.58759165,0.9009031,0.6391146,0.28097013,0.8267541,0.7419749,0.7822581,-0.64360654,0.05048692,-0.50047684,0.108853705,-0.4248028,-0.13826977,0.34568632,0.10315756,0.48630968,0.83732,0.881345,0.86673886,-0.5173186,-0.86583114,0.82058483,0.6933865,0.40570587,0.4159001,0.16263464,0.72799313,-0.5336834,0.3090035,0.1626604,0.39102638,0.6481252,-0.42780802,-0.5093199,-0.11767354,0.25778258,-0.22356546,0.36110476,-0.16865996,-0.16008665,0.8678822,0.48507854,-0.73331124,-0.001840527,-0.11531528,0.6516556,0.65804714,0.6177113,0.7397788,0.73433465,-0.6590524,0.61467266,0.63454443,0.89041466,0.7488024,0.6344294,0.63011926,-0.7544094,-0.20192195,0.046519715,-0.117448,0.44598338,0.044717897,-0.780673,-0.22723809,-0.56313574,-0.7017573,0.31615713,-0.86201745,0.05289303,-0.8667178,-0.7921062,-0.70878506,-0.725331,-0.626715,-0.56495214,-0.76965934,-0.25473082,-0.5166395,-0.8406745,-0.6133654,-0.753347,-0.5725766,-0.8172897
0.17139266,-0.08430928,-0.42473912,0.4134374,-0.6959579,-0.27964103,0.1717748,0.44231954,-0.065272965,0.25783178,-0.2086713,-0.1299655,0.72959536,0.51006305,0.7152861,0.58759165,0.0,0.7629268,0.69417965,0.6160596,0.7922286,0.5870816,0.8702173,-0.2217439,0.2106497,-0.08918503,0.4028483,0.28822017,0.49915472,0.66899496,0.2987504,0.25175095,0.77775174,0.7967602,0.5790632,-0.48902342,-0.76375544,0.58362824,0.54630643,0.033624414,0.1435709,0.4392412,0.40304008,-0.17780806,0.20328042,0.22516455,0.11597984,0.54324055,-0.56549764,-0.6314123,-0.70104694,-0.44875395,-0.7694243,-0.36441132,-0.3466818,-0.31750345,0.4093811,0.25003994,-0.73297715,0.29047433,0.24785483,0.6509741,0.7831208,0.59180844,0.7708972,0.6296106,-0.77951497,0.819483,0.873751,0.74198014,0.8291989,0.81246436,0.7324181,-0.5745996,0.28008792,0.42397988,0.49605003,0.9098412,0.32854706,-0.8393324,0.24879517,-0.7214658,-0.696251,0.14719118,-0.34754315,-0.41875693,-0.70000106,-0.27054885,-0.5754761,-0.4888207,-0.9096848,-0.7791461,-0.8690602,-0.25624323,-0.4598029,-0.5612154,-0.35519618,-0.7595977,-0.6009414,-0.80400807
0.50820124,0.40419886,-0.13628402,0.7122191,-0.434888,-0.13024569,0.61666304,0.7640305,0.03072433,0.098485455,-0.3979195,-0.5022668,0.79823154,0.67374945,0.8037225,0.9009031,0.7629268,0.0,0.74441326,0.5136962,0.85723716,0.7882307,0.92539835,-0.6093682,-0.04223656,-0.43116483,0.28010413,-0.15381373,0.07770561,0.5494567,0.25753224,0.3288679,0.8679276,0.9679185,0.84919155,-0.44199488,-0.90859383,0.751439,0.7016802,0.3452638,0.4155029,0.2833146,0.6951904,-0.43530148,0.36790335,0.25526464,0.40366408,0.73677367,-0.4350291,-0.5291085,-0.29440635,0.08477484,-0.40365985,0.09475481,-0.1557123,-0.14048901,0.81739897,0.5299551,-0.8749655,-0.01900231,-0.11533149,0.74947387,0.78494006,0.69610584,0.7992261,0.7685092,-0.7509802,0.76840013,0.8110408,0.9788128,0.8487254,0.7482775,0.7923546,-0.8249705,-0.1520742,0.07422693,0.05270286,0.6635206,0.25786653,-0.863792,-0.14998195,-0.620195,-0.71366364,0.18884884,-0.7333688,-0.08978152,-0.88842326,-0.66893446,-0.6567901,-0.77372295,-0.7284003,-0.6256211,-0.86334884,-0.28079218,-0.59531826,-0.7893758,-0.4972582,-0.74489135,-0.5724466,-0.86131436
0.34707564,0.14140038,-0.27584293,0.46480379,-0.6257236,-0.1533581,0.35651687,0.53957266,0.11856849,0.0030214607,-0.34080118,-0.5215636,0.9556826,0.93387455,0.93265986,0.6391146,0.69417965,0.74441326,0.0,0.33300948,0.85068846,0.81445754,0.84072155,-0.7101013,-0.23860964,-0.6410346,0.61972547,0.037761763,0.03692652,0.71023315,0.5617021,0.3556409,0.86542803,0.7870487,0.75784975,-0.3411643,-0.7887369,0.7669506,0.86271864,0.56405175,0.5819997,0.47719425,0.7022119,0.025097065,0.61213976,0.5961786,0.61724347,0.84648,-0.38347334,-0.21960121,-0.3027972,-0.09310129,-0.46264356,-0.13145056,-0.24997912,-0.13201952,0.6074339,0.4493144,-0.7601461,0.120431885,-0.121417195,0.95836526,0.94159,0.9216767,0.9185695,0.92077136,-0.84600633,0.8981148,0.76524144,0.745765,0.81207085,0.5494829,0.9096905,-0.8298808,-0.26041678,-0.15537353,-0.07204031,0.64094424,0.5165381,-0.6980714,-0.356021,-0.6368613,-0.59428775,-0.14070366,-0.5295568,-0.3491096,-0.8118563,-0.6643734,-0.70117426,-0.8473915,-0.54605365,-0.34496057,-0.6530382,-0.28310347,-0.790467,-0.4608567,-0.0934374,-0.60441643,-0.61677754,-0.719649
-0.058585078,0.07974315,0.051860966,0.003209763,-0.2910546,0.18567385,0.24596995,0.4711762,0.36081594,-0.14014211,-0.3944441,-0.19099839,0.41413084,0.24288686,0.31705198,0.28097013,0.6160596,0.5136962,0.33300948,0.0,0.3832661,0.17752063,0.5250277,-0.11406016,-0.11516811,0.0047539817,0.2521135,0.22088705,0.63433766,0.30853987,0.33844885,-0.09791622,0.3970847,0.49494836,0.17762482,0.13001792,-0.3021369,0.14340189,0.22061856,-0.08950847,0.13245752,0.09324556,0.07225954,-0.041143004,0.19250377,0.066771485,-0.03779428,0.315118,-0.010497979,-0.24048273,-0.33536133,-0.17097336,-0.33707145,-0.39356044,0.15724608,0.16275771,0.27880472,0.49402714,-0.54927045,-0.06830099,-0.0026019025,0.35723642,0.4227087,0.34461397,0.3551984,0.28942952,-0.23271698,0.52345884,0.63753766,0.52315617,0.5317148,0.41128787,0.52216154,-0.34447175,0.11532975,0.14356306,0.43312752,0.5797625,0.50622624,-0.37719122,0.20953672,-0.13462842,-0.15322372,-0.059767358,-0.022268897,-0.2089028,-0.24942477,-0.041415185,0.03930927,-0.21756019,-0.4597971,-0.4075207,-0.46810493,-0.27061626,-0.36010814,-0.17512427,-0.08947667,-0.19081764,-0.023054427,-0.30129406
0.55779755,0.22164385,-0.3508041,0.71007514,-0.5756115,-0.29996228,0.4392888,0.6063053,-0.06013218,0.32173207,-0.27906054,-0.43401226,0.8504075,0.7700549,0.940484,0.8267541,0.7922286,0.85723716,0.85068846,0.3832661,0.0,0.7598169,0.8642292,-0.59732115,0.08760401,-0.5006856,0.37056714,-0.12080646,0.11739972,0.56207156,0.28566834,0.514777,0.9409457,0.8679833,0.80958915,-0.5619508,-0.89553005,0.8494824,0.8039328,0.38761884,0.39787215,0.33218816,0.66568476,-0.25370407,0.38494197,0.33473593,0.38059607,0.7009222,-0.57452136,-0.5241747,-0.34431326,-0.084057845,-0.4655944,0.046013266,-0.3557229,-0.28400594,0.6967905,0.4063761,-0.73833966,0.25979403,0.10121636,0.8454771,0.8962422,0.82259804,0.96556455,0.90723044,-0.8444349,0.8882883,0.84523356,0.865089,0.9430866,0.7117201,0.8294959,-0.7812918,-0.024526147,0.13937747,0.10956356,0.6901172,0.25412652,-0.8167048,-0.110783905,-0.6750681,-0.72009516,0.2153774,-0.63757837,-0.19888443,-0.8828213,-0.68584114,-0.77146584,-0.73318505,-0.7379424,-0.6212345,-0.8061322,-0.302923,-0.6252044,-0.6818026,-0.40130487,-0.7827943,-0.72438234,-0.8663191
0.36747974,0.23954152,-0.283929,0.63580287,-0.5710528,-0.2879637,0.48885834,0.5511472,-0.11320655,0.03322191,-0.2259017,-0.44584027,0.8409573,0.7621893,0.8140106,0.7419749,0.5870816,0.7882307,0.81445754,0.17752063,0.7598169,0.0,0.8379223,-0.652489,-0.15766567,-0.5300151,0.55630255,-0.031286415,-0.20172599,0.7210248,0.43085498,0.39743537,0.79380715,0.82564014,0.93858224,-0.50373274,-0.8418878,0.83086926,0.8334738,0.6191878,0.631959,0.59969676,0.9100822,-0.17934173,0.55994624,0.60928196,0.7506644,0.894,-0.4983168,-0.27406302,-0.2862839,0.02369579,-0.4670961,0.043603744,-0.33177337,-0.2858151,0.70713216,0.3109523,-0.740753,-0.058519796,-0.23163842,0.78544694,0.7913785,0.6819625,0.7770093,0.7652238,-0.808689,0.67059445,0.5961412,0.75465965,0.6804567,0.62561,0.732982,-0.80085313,-0.30768853,-0.119956195,-0.16936482,0.544347,0.329628,-0.74203885,-0.35532993,-0.68638027,-0.6755389,-0.0018765444,-0.66251993,-0.13403843,-0.8661849,-0.6988217,-0.79400486,-0.81304973,-0.5099981,-0.33077222,-0.64643055,-0.018715382,-0.59616596,-0.631704,-0.19461346,-0.67886883,-0.69906247,-0.75951076
0.32990587,0.18038091,-0.28831628,0.58159935,-0.6303922,-0.20490502,0.43977955,0.63707024,-0.0024697543,0.07500138,-0.33567697,-0.40024602,0.88736534,0.72554785,0.846692,0.7822581,0.8702173,0.92539835,0.84072155,0.5250277,0.8642292,0.8379223,0.0,-0.5353424,-0.040593028,-0.37724006,0.45604846,0.08639341,0.19153966,0.7405686,0.387777,0.301167,0.88278776,0.9507446,0.8255363,-0.4693069,-0.9067341,0.7475008,0.7393376,0.34118924,0.4138199,0.47004846,0.6854606,-0.27016184,0.40851328,0.39161384,0.44425204,0.7911959,-0.5062558,-0.50996405,-0.48239276,-0.14774083,-0.6108226,-0.14100896,-0.2651569,-0.22963974,0.67742,0.42540422,-0.8907984,0.054366473,-0.057272732,0.81686676,0.87559533,0.73699826,0.8512792,0.78916514,-0.8504626,0.85143846,0.86346066,0.9045383,0.8623511,0.79936373,0.8562825,-0.8027819,-0.068697,0.11389469,0.15915194,0.8072502,0.38406938,-0.88601184,-0.0902551,-0.72982407,-0.7513988,0.07958185,-0.60876036,-0.26075584,-0.87615144,-0.56302404,-0.69356924,-0.76708454,-0.7820454,-0.6260531,-0.87533957,-0.24472493,-0.62644035,-0.69726557,-0.361008,-0.77263933,-0.64344734,-0.871468
-0.58406985,-0.55301833,-0.16092184,-0.47727823,0.14977948,-0.14716391,-0.6359527,-0.6509739,-0.32019043,0.2673225,0.5332254,0.84480697,-0.695996,-0.8283991,-0.6943968,-0.64360654,-0.2217439,-0.6093682,-0.7101013,-0.11406016,-0.59732115,-0.652489,-0.5353424,0.0,0.52455896,0.9195394,-0.34325647,0.477243,0.38879216,-0.2623439,-0.45459074,-0.28642604,-0.66231376,-0.60612935,-0.6676113,0.036567237,0.5548843,-0.6457415,-0.75902903,-0.74326336,-0.7394865,-0.10362081,-0.69790244,0.06354597,-0.6819163,-0.48164356,-0.7171718,-0.7651138,-0.024958765,-0.109225824,-0.25757605,-0.47197247,-0.10257279,-0.28743,-0.107841216,-0.21157242,-0.7352517,-0.655755,0.61467814,0.22193176,0.5229987,-0.7626219,-0.6177802,-0.77200186,-0.6261397,-0.75816405,0.47998604,-0.55193245,-0.40190566,-0.62211674,-0.5173836,-0.13364986,-0.6641836,0.8163,0.72960144,0.6006107,0.5802168,-0.09596818,-0.38634345,0.38611186,0.76604176,0.24929291,0.30200976,0.19749212,0.6751713,0.017203834,0.63639385,0.8888427,0.46966884,0.8511629,0.117059946,-0.021541044,0.34783098,0.30243942,0.8026914,0.36719158,0.0858026,0.28343135,0.2793282,0.4245877
0.07961709,-0.2794611,-0.4165699,0.26566142,-0.085636646,-0.45312485,-0.2614504,-0.23528965,-0.55947787,0.709902,0.4081571,0.52399033,-0.2551781,-0.3874641,-0.09189105,0.05048692,0.2106497,-0.04223656,-0.23860964,-0.11516811,0.08760401,-0.15766567,-0.040593028,0.52455896,0.0,0.5330888,-0.38428602,0.12448486,0.26409838,-0.077226706,-0.54975057,0.2449632,-0.02500825,-0.046937723,-0.05511362,-0.58127177,-0.1077709,0.03215785,-0.24022873,-0.49737674,-0.5822819,-0.015501959,-0.21378818,-0.35503182,-0.60391265,-0.46481028,-0.5449197,-0.4217102,-0.520519,-0.6151735,-0.40377206,-0.3922807,-0.30399466,0.069560155,-0.43159813,-0.5139481,-0.1795606,-0.47746533,0.19653685,0.4651288,0.65247387,-0.30513528,-0.1351394,-0.30990383,-0.010437141,-0.16198118,-0.09898749,-0.08997193,0.03557845,-0.05384084,0.06339446,0.326582,-0.2761362,0.31267336,0.74279386,0.8212313,0.5560951,0.22478995,-0.5906128,-0.19387962,0.66777235,-0.30049896,-0.33992872,0.56593347,0.0052220207,-0.02825063,-0.027528578,0.2884028,-0.21455143,0.34272182,-0.41261947,-0.53609693,-0.23281991,0.08326475,0.4925372,-0.2843166,-0.48127955,-0.40679842,-0.307051,-0.24441147
-0.5644736,-0.49383587,-0.17229556,-0.37106794,0.094131276,-0.17116757,-0.55037177,-0.5426676,-0.36656305,0.24859823,0.52257603,0.82463896,-0.60621804,-0.7848263,-0.6138538,-0.50047684,-0.08918503,-0.43116483,-0.6410346,0.0047539817,-0.5006856,-0.5300151,-0.37724006,0.9195394,0.5330888,0.0,-0.35839486,0.5095173,0.41754854,-0.15212184,-0.47525528,-0.3346795,-0.5828385,-0.43482497,-0.53328884,-0.04621927,0.3970135,-0.6103453,-0.74150825,-0.79600847,-0.7436493,-0.06926344,-0.61454314,-0.08900913,-0.69490296,-0.50649387,-0.693239,-0.67575246,-0.108722754,-0.26224622,-0.34011707,-0.4690991,-0.19586122,-0.2806109,-0.12155792,-0.25963506,-0.6158134,-0.60814184,0.4540361,0.19134969,0.49656558,-0.6947982,-0.5295462,-0.73043567,-0.5484721,-0.6961061,0.35593525,-0.4555153,-0.25237146,-0.441067,-0.39593536,0.04022225,-0.55131704,0.6871069,0.73981625,0.6759248,0.6496771,0.042583074,-0.37757316,0.22007748,0.8094923,0.14865996,0.16672358,0.27204663,0.5506331,0.048906717,0.49945796,0.8469319,0.3940427,0.72832,-0.03516784,-0.16752982,0.17099628,0.3234893,0.7882585,0.19452931,-0.043445695,0.15936956,0.20253646,0.26766074
-0.2179784,-0.2650682,-0.3251216,-0.09826497,-0.6998046,-0.1909035,0.008730548,0.119072,0.09946747,-0.19490483,-0.14024213,-0.17540064,0.63382167,0.5421251,0.4931971,0.108853705,0.4028483,0.28010413,0.61972547,0.2521135,0.37056714,0.55630255,0.45604846,-0.34325647,-0.38428602,-0.35839486,0.0,0.36073086,0.04553853,0.61596245,0.83839196,0.11920414,0.44758886,0.36854237,0.39994562,-0.028514551,-0.28294772,0.4084297,0.64522755,0.5172794,0.6676289,0.7344731,0.54085535,0.55744517,0.74431837,0.917634,0.6675911,0.7189064,-0.17237328,0.24822296,-0.32885054,-0.3321333,-0.5199072,-0.55103016,-0.26151794,-0.16601326,0.13737641,0.13250585,-0.38041237,-0.0011085364,-0.17322129,0.5877248,0.58785415,0.4872649,0.47547266,0.44571388,-0.45676088,0.5067849,0.35601974,0.24507116,0.37301168,0.21433054,0.5379711,-0.46877298,-0.20839088,-0.26879478,-0.03362227,0.37338707,0.7710198,-0.26302966,-0.24515347,-0.30804482,-0.09317076,-0.45166788,0.065321,-0.36765772,-0.31374544,-0.27183872,-0.3159321,-0.39599112,-0.13137423,0.09125235,-0.15430899,0.19495241,-0.5531666,0.1336438,0.54857475,-0.13701597,-0.34277767,-0.20478979
-0.7224515,-0.69000554,-0.37552038,-0.46069467,-0.43660197,-0.2076823,-0.58854014,-0.39894432,-0.14752446,-0.018954251,0.35091522,0.5534562,0.05087032,-0.13001496,-0.07621218,-0.4248028,0.28822017,-0.15381373,0.037761763,0.22088705,-0.12080646,-0.031286415,0.08639341,0.477243,0.12448486,0.5095173,0.36073086,0.0,0.5161036,0.49377996,0.19451478,-0.34469235,-0.14757694,-0.09835537,-0.20987114,-0.030877272,0.093316406,-0.2731155,-0.17211202,-0.3270162,-0.24858187,0.45112655,-0.22700135,0.33694822,-0.11169364,0.1626164,-0.13497886,-0.054214608,-0.20433323,-0.08362482,-0.5923492,-0.74577826,-0.6042925,-0.7410495,-0.25568467,-0.26102257,-0.48641345,-0.3736774,0.052976552,0.26633894,0.31379303,-0.036872085,0.08538284,-0.11673111,-0.03767641,-0.16436781,-0.15265036,0.12889683,0.16078712,-0.17395699,-0.0023286093,0.2387908,0.06920092,0.19573967,0.46745566,0.3653131,0.5865819,0.47402152,0.26976985,-0.06576231,0.45361698,-0.19410758,-0.0063278205,-0.20046006,0.5125841,-0.38745743,0.1620075,0.585772,0.09984704,0.20728263,-0.1926047,-0.12006824,-0.043125723,0.20464951,0.16820432,0.25543714,0.32217664,0.013174927,-0.067330845,0.032794617
-0.30080563,-0.31659472,-0.10033902,-0.23933963,-0.21478817,0.10812481,-0.23301263,0.02238594,0.1873192,0.102144726,-0.020367302,0.2650586,0.05568988,-0.110566884,0.012913122,-0.13826977,0.49915472,0.07770561,0.03692652,0.63433766,0.11739972,-0.20172599,0.19153966,0.38879216,0.26409838,0.41754854,0.04553853,0.5161036,0.0,0.18886489,0.06320341,-0.23662154,0.09326561,0.06564314,-0.256219,0.060686164,-0.02137021,-0.16271372,-0.13908313,-0.46562847,-0.3426751,0.04547967,-0.38204098,0.08061359,-0.22577494,-0.22684167,-0.47230577,-0.16272238,-0.07131903,-0.3223433,-0.5147276,-0.52252775,-0.41536096,-0.53884447,0.044940047,0.046157252,-0.19665949,0.07606621,-0.13455705,0.3253381,0.37301698,0.012574718,0.1285489,0.03377785,0.10382358,-0.02758678,-0.09399553,0.29259548,0.3945268,0.0841439,0.26351368,0.23970333,0.16110323,0.090318196,0.5600846,0.5055183,0.7496299,0.5414201,0.17641763,-0.18568967,0.5747456,-0.16328612,-0.10661236,-0.04719219,0.31077543,-0.46285343,0.057568915,0.43017143,0.17516184,0.18357828,-0.4406658,-0.43039432,-0.28567356,-0.27017802,0.009790597,0.058303233,-0.0740995,-0.11925409,0.037224907,-0.11806292
-0.08381425,-0.21494848,-0.44483426,0.2259383,-0.6932534,-0.3236395,0.0075377016,0.20757726,-0.13002747,0.037664063,0.052221492,-0.030497158,0.7508566,0.5892672,0.64364314,0.34568632,0.66899496,0.5494567,0.71023315,0.30853987,0.56207156,0.7210248,0.7405686,-0.2623439,-0.077226706,-0.15212184,0.61596245,0.49377996,0.18886489,0.0,0.43553612,0.13854581,0.56141925,0.6100739,0.58955246,-0.36695692,-0.608267,0.4711253,0.54551804,0.28146085,0.3028067,0.6580835,0.51684123,0.053533014,0.36539218,0.52103865,0.4626538,0.6469869,-0.47792304,-0.280178,-0.51749283,-0.42262658,-0.6895393,-0.3884527,-0.3954191,-0.34698147,0.26909143,0.07768618,-0.5439645,0.1973867,0.08352611,0.6697693,0.7414519,0.55888486,0.63685906,0.5732798,-0.7369036,0.68846905,0.6529422,0.5349665,0.5933708,0.66973156,0.7066581,-0.49582663,0.049556855,0.12173931,0.23129527,0.7749643,0.4506085,-0.6140373,-0.0114516225,-0.6125708,-0.51538604,-0.06979711,-0.21617962,-0.31275317,-0.5702682,-0.2058402,-0.514062,-0.5445017,-0.52140546,-0.34762308,-0.5412322,0.027514005,-0.3944812,-0.34357622,0.0059273564,-0.51089907,-0.5332825,-0.5689217
-0.10927283,-0.050065354,0.01754927,-0.16964032,-0.46167043,0.16196609,0.1802809,0.28598034,0.44877934,-0.40315732,-0.3241199,-0.35824686,0.5693759,0.5279676,0.40365064,0.10315756,0.2987504,0.25753224,0.5617021,0.33844885,0.28566834,0.43085498,0.387777,-0.45459074,-0.54975057,-0.47525528,0.83839196,0.19451478,0.06320341,0.43553612,0.0,-0.029564446,0.42080337,0.33103096,0.30022562,0.27276874,-0.17307915,0.3566247,0.62492555,0.5814843,0.74692094,0.5796542,0.47360644,0.6198963,0.87133336,0.8077639,0.6424003,0.68091893,0.17451976,0.4344453,-0.09345107,-0.11468955,-0.2949347,-0.49371698,0.09496851,0.19775768,0.2071707,0.40734702,-0.3910917,-0.120990366,-0.35213068,0.5466554,0.48444045,0.48954564,0.37690708,0.3927386,-0.2875134,0.4412656,0.27688554,0.2226237,0.289378,0.0025181593,0.49782673,-0.47212198,-0.39349514,-0.46039805,-0.22640973,0.21740235,0.900232,-0.17210965,-0.4329706,-0.18370917,0.03543719,-0.6387254,0.015891451,-0.4440252,-0.24094084,-0.3325617,-0.13417023,-0.44075713,-0.028368872,0.2482717,-0.08738898,0.07902604,-0.7026988,0.23017335,0.50650823,-0.027417915,-0.053519707,-0.082590654
0.50794137,0.041333217,-0.43549675,0.53216404,-0.35731164,-0.4911268,0.19360761,0.13598059,-0.35129637,0.49756268,-0.058319114,-0.19404544,0.35242417,0.3632648,0.5010644,0.48630968,0.25175095,0.3288679,0.3556409,-0.09791622,0.514777,0.39743537,0.301167,-0.28642604,0.2449632,-0.3346795,0.11920414,-0.34469235,-0.23662154,0.13854581,-0.029564446,0.0,0.45936963,0.367765,0.4840352,-0.50029516,-0.4056021,0.6176932,0.4702222,0.3326439,0.2109814,0.10322469,0.4333716,-0.18368185,0.15145773,0.19796033,0.22683683,0.2982067,-0.48418114,-0.2567967,-0.06435518,-0.02849766,-0.13183755,0.24327153,-0.5015088,-0.44100803,0.32188627,-0.05141658,-0.16253872,0.21563277,0.18906328,0.38087347,0.3926683,0.37551308,0.49367622,0.48709926,-0.32198304,0.31485435,0.2761627,0.33493248,0.4093857,0.3352909,0.27731398,-0.22193679,0.035198722,0.10588945,-0.045528635,0.14916366,-0.0851681,-0.30688867,-0.0311866,-0.25482792,-0.2992687,0.42922714,-0.36187828,0.20177558,-0.39569739,-0.51401746,-0.49777198,-0.20926282,-0.22526374,-0.22531407,-0.2262149,0.027227717,-0.15365145,-0.38773263,-0.20777346,-0.3896891,-0.52307737,-0.37799692
0.5647902,0.2720559,-0.24572124,0.66792583,-0.564837,-0.17602979,0.5294772,0.6832585,0.065884285,0.1788245,-0.4027209,-0.5421067,0.8688209,0.7847219,0.9048808,0.83732,0.77775174,0.8679276,0.86542803,0.3970847,0.9409457,0.79380715,0.88278776,-0.66231376,-0.02500825,-0.5828385,0.44758886,-0.14757694,0.09326561,0.56141925,0.42080337,0.45936963,0.0,0.8928095,0.82403195,-0.46577471,-0.8719675,0.8941823,0.8751357,0.4865628,0.52874404,0.39603144,0.7294248,-0.17349601,0.5159898,0.42692044,0.48574498,0.78940266,-0.4488024,-0.4038174,-0.3336647,-0.03107052,-0.46698678,0.00334591,-0.23665655,-0.16521823,0.7350089,0.49409303,-0.81389123,0.13570027,-0.063513845,0.84866923,0.87046665,0.81231,0.9204304,0.870421,-0.8228024,0.8455277,0.7735739,0.84495395,0.86845773,0.6209348,0.80600476,-0.84159356,-0.15038057,0.011025544,-0.01439629,0.63067865,0.3458374,-0.8269729,-0.23043303,-0.69748193,-0.7177986,0.04733244,-0.6714958,-0.29646167,-0.8881183,-0.7398266,-0.7669791,-0.7918671,-0.70958626,-0.54186875,-0.8055696,-0.31722426,-0.7547607,-0.6298191,-0.36072466,-0.77216595,-0.6582517,-0.8353254
0.4654631,0.30274302,-0.22717646,0.66915613,-0.541136,-0.19694598,0.5404168,0.69685274,-0.011213648,0.0984568,-0.39095202,-0.478535,0.83995676,0.7005882,0.8275551,0.881345,0.7967602,0.9679185,0.7870487,0.49494836,0.8679833,0.82564014,0.9507446,-0.60612935,-0.046937723,-0.43482497,0.36854237,-0.09835537,0.06564314,0.6100739,0.33103096,0.367765,0.8928095,0.0,0.8641034,-0.46478936,-0.9048756,0.77823466,0.73767185,0.3594224,0.44276154,0.36284137,0.72310543,-0.36077207,0.41581535,0.34138572,0.44454202,0.7836516,-0.46224695,-0.5030107,-0.34985498,-0.008029948,-0.4885877,-0.00025469295,-0.2332399,-0.20552152,0.7613285,0.4666457,-0.8827183,-0.00013583977,-0.105101265,0.7819734,0.82555676,0.7149714,0.82369286,0.7823624,-0.7893653,0.79060847,0.81416094,0.94805866,0.8467907,0.76684856,0.8120309,-0.8238823,-0.14027806,0.07156224,0.059021417,0.6930712,0.31782904,-0.8717453,-0.14808804,-0.65279114,-0.7105705,0.1654473,-0.69596875,-0.13619018,-0.8814698,-0.6681086,-0.6865133,-0.77139884,-0.74282366,-0.6177053,-0.8615799,-0.24448457,-0.624148,-0.75383246,-0.43083787,-0.75906324,-0.5993062,-0.8565927
0.529783,0.3598312,-0.25282583,0.7795435,-0.48381573,-0.3143928,0.58435047,0.62153465,-0.16368482,0.1631552,-0.22028035,-0.4640797,0.7902932,0.7163896,0.8160115,0.86673886,0.5790632,0.84919155,0.75784975,0.17762482,0.80958915,0.93858224,0.8255363,-0.6676113,-0.05511362,-0.53328884,0.39994562,-0.20987114,-0.256219,0.58955246,0.30022562,0.4840352,0.82403195,0.8641034,0.0,-0.5639243,-0.88340855,0.8693697,0.8116288,0.5822252,0.58425957,0.4631478,0.91552377,-0.33580273,0.48446873,0.48007643,0.65869087,0.82606953,-0.52620965,-0.37251872,-0.2036336,0.13086848,-0.37385195,0.20356905,-0.33595693,-0.3074483,0.7994374,0.33962336,-0.7230767,-0.01896829,-0.16985752,0.7501785,0.75832003,0.66348696,0.78180903,0.77874994,-0.770527,0.6517483,0.61176616,0.8266586,0.72362983,0.66041565,0.6983605,-0.7893135,-0.272263,-0.050901726,-0.17266557,0.49640194,0.20785451,-0.7677535,-0.31445396,-0.637937,-0.68497604,0.16958214,-0.7560698,0.0022503138,-0.8983688,-0.7764668,-0.80368966,-0.7887756,-0.5436294,-0.41221872,-0.6824867,-0.038549863,-0.538059,-0.74077535,-0.33874157,-0.722823,-0.7026557,-0.80077046
