0,1,2,3,4,5,6,7,8,9,10,11,12,13,14,15,16,17,18,19,20,21,22,23,24,25,26,27,28,29,30,31,32,33,34,35,36,37,38,39,40,41,42,43,44,45,46,47,48,49,50,51,52,53,54,55,56,57,58,59,60,61,62,63,64,65,66,67,68,69,70,71,72,73,74,75,76,77,78,79,80,81,82,83,84,85,86,87,88,89,90,91,92,93,94,95,96,97,98,99
0.0,0.22257017,0.50417304,0.07069709,-0.2583895,0.5538842,0.54444265,0.39312366,0.13367932,0.3413606,0.18738133,0.20185615,0.15402195,0.3474947,0.2993486,0.6106124,-0.41665417,0.101399615,-0.36604524,-0.18484747,0.13859086,-0.34699467,0.43147975,-0.23833789,0.23029397,0.05075478,-0.007653571,0.12650992,0.061550636,0.5328996,0.54385036,0.76497036,0.21308447,-0.432563,-0.5014124,0.09814472,-0.43633085,0.5182035,0.12630682,0.21370853,0.028201966,0.4209284,-0.16732989,0.2817934,-0.35821602,0.25150296,-0.07216887,0.31388372,0.7575163,0.14175458,0.9018121,0.46743107,0.7282647,0.3350154,0.3577551,0.50727713,0.37135544,0.29495156,0.3491799,0.34239995,-0.0067685596,0.110065155,0.30278456,0.31669354,0.42567798,0.42487624,0.6106791,-0.15423413,-0.5795299,0.059521414,0.21584357,-0.40750128,0.35891938,0.42463738,-0.053969152,-0.09006899,-0.2852267,0.34733266,0.25780463,0.6270186,-0.6636941,-0.14729437,-0.3778618,-0.63684785,-0.49305567,-0.20311368,-0.31088385,-0.01055827,0.08115905,-0.012173396,0.14084244,0.6779146,0.36150587,0.31933242,-0.0264621,0.19117287,0.0010459437,0.16895518,0.7373263,0.21289907
0.22257017,0.0,0.6849219,0.8196497,0.6243233,0.6108912,0.6149563,0.80511683,0.42574787,0.31560755,-0.03188438,0.23621216,0.20535025,0.24928607,0.11772783,0.25413913,-0.11053458,0.738949,-0.08237142,0.20644176,0.17846192,-0.041862525,0.55091155,-0.005783682,0.23782001,0.04095236,-0.45753267,-0.27484033,-0.27692688,0.42603064,-0.32290164,0.025208123,-0.61350363,-0.48607615,-0.36015564,-0.2936908,-0.7242668,-0.2015311,-0.4478305,0.19831815,-0.73193496,-0.26107112,-0.7023151,-0.58074874,-0.83168983,-0.4860282,-0.6634762,-0.62070197,0.30237663,-0.71932405,0.4147294,0.8987696,0.6215337,0.9176525,0.7800566,0.4740181,0.9104813,0.59695673,0.18510883,0.35576832,0.22856443,0.024371922,0.2789956,0.26088986,0.14617918,0.19419998,0.5440734,0.19360428,-0.07300221,0.47828463,0.41116628,0.25886905,0.6721626,0.43098179,0.1898214,0.33178982,-0.21033017,0.5151116,-0.45570326,-0.26672697,-0.10877461,-0.6954452,-0.5225178,-0.21174008,-0.25481236,0.09090369,-0.62513,-0.50472975,-0.21308957,-0.10157066,-0.5902339,0.11463568,-0.25859538,-0.43245113,-0.6252416,-0.58757126,-0.6365516,-0.60702765,0.42572626,-0.6488697
0.50417304,0.6849219,0.0,0.3621598,0.06809551,0.95765746,0.9456662,0.8383281,0.7698638,0.7552514,0.48952326,0.6599809,0.54036456,0.54637796,0.44493875,0.47764966,0.039211847,0.60047895,0.08095363,0.28809622,0.49196336,0.018755872,0.571938,0.3275385,0.6797632,0.41171053,-0.36348623,-0.057676867,0.25437906,0.47984564,-0.014656989,0.29320425,-0.4114114,-0.52393436,-0.37809935,0.052138288,-0.66350424,0.17245077,-0.08328736,0.65079606,-0.34199628,0.18985736,-0.495621,-0.1604413,-0.7700719,-0.23774464,-0.65892696,-0.35820323,0.665345,-0.254039,0.6507316,0.7131935,0.6978843,0.6317133,0.90591556,0.91292006,0.77217805,0.8553902,0.682848,0.7819181,0.5542057,0.48096955,0.6180757,0.55185163,0.5388599,0.49572003,0.78988516,0.42703074,-0.2888119,0.26252547,0.63052636,0.14871605,0.5195392,0.7483162,0.52490056,0.52858996,0.016997492,0.65154874,-0.36539873,-0.07103763,-0.1476678,-0.581167,-0.64526916,-0.45282954,-0.54060847,-0.29179645,-0.55466825,-0.3953048,-0.016216535,0.17177044,-0.46115413,0.5720732,0.23429535,-0.19711784,-0.39982063,-0.347132,-0.5857721,-0.5266027,0.7239498,-0.2845472
0.07069709,0.8196497,0.3621598,0.0,0.8071244,0.31359586,0.3003535,0.6131909,0.15481345,0.076824754,-0.22449578,0.017944667,-0.007393579,0.11571453,0.014792718,-0.022565208,-0.2575517,0.4863023,-0.22110188,-0.009355361,0.022950783,-0.24645823,0.37713706,-0.24440086,0.004680194,-0.13560708,-0.36322275,-0.19383334,-0.43717107,0.34464008,-0.29724875,-0.03476131,-0.53738976,-0.47521228,-0.41041842,-0.31518865,-0.5344781,-0.28768378,-0.47144982,-0.12169063,-0.7752679,-0.3454352,-0.63730407,-0.5393763,-0.6316218,-0.40111712,-0.5389563,-0.5507255,0.06430265,-0.7089799,0.21731962,0.70855236,0.40364343,0.8440956,0.5353021,0.18586224,0.6696015,0.36793882,-0.030150443,0.11128744,0.05639008,-0.18924333,0.10631281,0.095701374,0.0007583279,0.08689983,0.22550738,-0.009618926,-0.0897476,0.31599945,0.24501011,0.12179494,0.51107305,0.13208733,-0.0017448433,0.16444078,-0.25676063,0.35741168,-0.32943836,-0.2065059,-0.1224234,-0.58006036,-0.3446057,-0.12090629,-0.10329927,0.13227126,-0.43833145,-0.33767757,-0.23303157,-0.23528913,-0.46035352,-0.08682588,-0.38598096,-0.38985413,-0.5139389,-0.46416196,-0.42142707,-0.49807653,0.1783087,-0.57474345
-0.2583895,0.6243233,0.06809551,0.8071244,0.0,0.0051265084,-0.0069135525,0.31323653,-0.00865887,-0.18637337,-0.3721441,-0.19632262,-0.14085962,-0.13528931,-0.20323074,-0.12982695,-0.09573055,0.40316948,-0.099694766,0.039293222,-0.13262574,-0.027968967,0.11613027,-0.17020404,-0.2063755,-0.2564383,-0.34490085,-0.32737112,-0.49728632,0.08416286,-0.4457702,-0.2833703,-0.45428118,-0.16648348,-0.09911232,-0.38508493,-0.29410443,-0.4284946,-0.46794987,-0.24074602,-0.6005337,-0.48588896,-0.40580145,-0.5827496,-0.3736386,-0.40284556,-0.344662,-0.5237806,-0.2363856,-0.6380612,-0.09594381,0.4545204,0.13803662,0.60903156,0.2570941,-0.12908131,0.4422706,0.091341525,-0.2830102,-0.15188648,-0.08783718,-0.29037982,-0.12825088,-0.11353731,-0.25474232,-0.17264734,-0.043991674,-0.032739352,0.18059035,0.31543586,0.01844081,0.25644466,0.2864353,-0.09116148,-0.1017405,0.048941683,-0.20984879,0.081896916,-0.32561293,-0.35437822,0.081783004,-0.4029157,-0.12424114,0.13266562,0.07446636,0.2790207,-0.27000713,-0.34753463,-0.2720043,-0.2538131,-0.39460158,-0.39560246,-0.5297136,-0.42841342,-0.4233163,-0.4993353,-0.33584267,-0.4185332,-0.12869808,-0.57412314
0.5538842,0.6108912,0.95765746,0.31359586,0.0051265084,0.0,0.89116853,0.8370117,0.76713425,0.75726265,0.4892008,0.6538976,0.5479952,0.5948004,0.5017932,0.46524185,-0.027305897,0.45911297,0.015635349,0.17034435,0.5120789,-0.046266224,0.5667419,0.3008567,0.66698706,0.41814014,-0.29369855,0.06264311,0.30741394,0.56239384,0.07906698,0.3965709,-0.307987,-0.580458,-0.4228603,0.09328552,-0.60968626,0.27010152,0.014745889,0.635933,-0.26901788,0.29210392,-0.402283,-0.039240915,-0.68906206,-0.07305439,-0.58892345,-0.22137406,0.6680506,-0.14980794,0.64962864,0.6601557,0.6551161,0.5904788,0.8929856,0.9423128,0.6996967,0.87875116,0.7025715,0.78762066,0.54537046,0.5029638,0.6540916,0.58681655,0.6047743,0.564468,0.7214254,0.38607767,-0.4118602,0.11090089,0.6315024,0.05913309,0.4572969,0.7015356,0.5060671,0.4763247,0.012087394,0.68073845,-0.29073805,0.032675236,-0.21044207,-0.5545972,-0.64041424,-0.5169348,-0.60132056,-0.38453764,-0.5152872,-0.31911808,-0.03225343,0.13019624,-0.37624237,0.63479847,0.30645406,-0.12477809,-0.29249343,-0.27396768,-0.47364467,-0.48545605,0.7012237,-0.19520457
0.54444265,0.6149563,0.9456662,0.3003535,-0.0069135525,0.89116853,0.0,0.7617713,0.7029395,0.7973882,0.5639705,0.7092365,0.5714276,0.592626,0.49853134,0.46953192,0.08041761,0.6082584,0.16562523,0.34684888,0.54913986,0.007280492,0.56129897,0.33588663,0.6826231,0.42836386,-0.37393057,-0.09277603,0.28100532,0.43789527,-0.0244236,0.29194742,-0.4090239,-0.50164026,-0.40659565,0.031467553,-0.6630773,0.17656384,-0.08163805,0.6443228,-0.31589162,0.1618375,-0.538626,-0.13954142,-0.77916807,-0.2536361,-0.6822148,-0.34134293,0.6924938,-0.22203568,0.6652905,0.67039245,0.70513827,0.5767119,0.8160008,0.88074183,0.74235815,0.7908962,0.7067214,0.8155144,0.57525015,0.51169926,0.65456563,0.61096156,0.59716487,0.54052144,0.8005253,0.47386122,-0.27014872,0.2783266,0.6836649,0.110435665,0.53031045,0.7330031,0.5542172,0.49873012,0.017833024,0.6253768,-0.3758042,-0.068902485,-0.17054947,-0.5607532,-0.6617986,-0.4839125,-0.5369741,-0.32397634,-0.5527092,-0.41452757,-0.009548518,0.1583226,-0.46681273,0.5995684,0.23658766,-0.21115628,-0.44354153,-0.31963202,-0.6092863,-0.49607766,0.7389532,-0.2542721
0.39312366,0.80511683,0.8383281,0.6131909,0.31323653,0.8370117,0.7617713,0.0,0.6725608,0.63105786,0.2549757,0.47968975,0.36826214,0.5194209,0.40680966,0.2380578,-0.226215,0.48734105,-0.10976674,-0.0014379023,0.38346225,-0.25500554,0.5227134,0.05713077,0.5514625,0.20512147,-0.43477225,-0.0540604,-0.025524998,0.5779928,-0.019099597,0.32688496,-0.43266922,-0.69314706,-0.58329344,-0.05981772,-0.6985156,0.1398634,-0.07809994,0.46256718,-0.5644812,0.13341826,-0.5604597,-0.22913672,-0.7705744,-0.20131531,-0.6645512,-0.42031273,0.43007737,-0.43761203,0.53459597,0.7963536,0.62271845,0.8014416,0.9344238,0.7796092,0.802117,0.8588332,0.55773586,0.6369662,0.40160707,0.24642868,0.55310696,0.4965687,0.48045456,0.48795176,0.565118,0.23563662,-0.3734338,0.15355393,0.56197745,0.027670976,0.5017042,0.5962071,0.33632928,0.42494106,-0.16174528,0.6322349,-0.31346762,-0.018677091,-0.24402331,-0.6618398,-0.57825583,-0.4429099,-0.4638093,-0.24258773,-0.5624354,-0.32573885,-0.12732884,0.017813982,-0.42452833,0.49461117,0.14429791,-0.19407448,-0.35020652,-0.34885493,-0.45719475,-0.5781607,0.5211726,-0.3859767
0.13367932,0.42574787,0.7698638,0.15481345,-0.00865887,0.76713425,0.7029395,0.6725608,0.0,0.7848216,0.65477735,0.6983552,0.5020312,0.43995428,0.38378236,0.20530397,0.17326793,0.32338125,0.21470855,0.20593032,0.44662237,0.10548979,0.15836401,0.5523991,0.85295236,0.50782716,-0.41193566,0.026625207,0.46306974,0.17302261,0.024356585,0.12992874,-0.27283716,-0.3326943,-0.19776773,0.31412405,-0.26977965,0.23870699,0.21291627,0.7764916,-0.107947335,0.38041154,-0.1540447,0.063695915,-0.40878013,-0.14146978,-0.54726624,-0.3730543,0.37566814,-0.007291482,0.28951803,0.33038887,0.28350878,0.32425427,0.8001893,0.8434575,0.4293026,0.8485107,0.793561,0.79019535,0.67379045,0.58152735,0.5687088,0.4408108,0.46333408,0.36030692,0.49557626,0.46947464,-0.15937425,0.009554021,0.4965022,0.24232985,0.08881344,0.7187018,0.6558828,0.7166432,0.28765965,0.41362047,-0.2611633,-0.17901605,0.118697666,-0.3389652,-0.35643604,-0.22726494,-0.41873345,-0.38268703,-0.19897044,-0.18269797,0.13539715,0.4062439,-0.29834998,0.5212611,0.4493478,-0.05714554,-0.05821456,-0.17073429,-0.38031048,-0.54329735,0.41634238,-0.08588392
0.3413606,0.31560755,0.7552514,0.076824754,-0.18637337,0.75726265,0.7973882,0.63105786,0.7848216,0.0,0.7959911,0.88877857,0.71498084,0.76734066,0.72053826,0.19119778,0.16009086,0.2721897,0.35421494,0.18082249,0.7447982,-0.04525,0.35728016,0.45208025,0.8738711,0.5316548,-0.381492,0.040560205,0.4519363,0.3747286,0.092999354,0.29897773,-0.26887435,-0.51443934,-0.42669314,0.11509879,-0.46728352,0.31934765,0.23049127,0.7922971,-0.13188083,0.37041804,-0.29040673,0.11088656,-0.54014987,-0.0031957973,-0.61190104,-0.1970409,0.46626604,0.024121063,0.38483346,0.33573365,0.41971546,0.33005396,0.68470764,0.8636953,0.4498914,0.8042637,0.95001626,0.9635118,0.7680933,0.72802967,0.84729517,0.75663793,0.7914504,0.70002985,0.470367,0.5996501,-0.38077694,-0.12966563,0.7523954,-0.06102858,0.15999904,0.5935974,0.7442225,0.5429077,0.09446784,0.555244,-0.3388904,-0.061605155,-0.112696804,-0.48907536,-0.6113785,-0.5244389,-0.62354964,-0.6569715,-0.42185277,-0.31785437,-0.08250072,0.14985824,-0.3614686,0.68283385,0.41917595,-0.14310268,-0.185751,-0.20903467,-0.45735607,-0.54356825,0.45473915,-0.11037443
0.18738133,-0.03188438,0.48952326,-0.22449578,-0.3721441,0.4892008,0.5639705,0.2549757,0.65477735,0.7959911,0.0,0.8485452,0.662923,0.5492147,0.5660485,0.10335815,0.37389734,0.11472406,0.5016771,0.30667537,0.6397809,0.108540274,0.04225203,0.5907674,0.77316,0.61324555,-0.2032763,0.1354233,0.704844,0.0077255056,0.12708664,0.10550881,-0.11488467,-0.20079009,-0.15950021,0.33035594,-0.05590486,0.2839458,0.28824657,0.66584086,0.19491774,0.41404557,-0.018575305,0.33857122,-0.19220467,0.053102452,-0.43303472,-0.051048785,0.4235656,0.34408337,0.22627488,-0.02325553,0.15593025,-0.048538357,0.3710628,0.6566251,0.11204612,0.5340483,0.7977315,0.8158043,0.74450505,0.78095025,0.65593606,0.55602556,0.61769646,0.4792016,0.3257916,0.61229706,-0.16195393,-0.1500539,0.5662252,0.0022058713,-0.12769525,0.43364567,0.7538211,0.5225131,0.39437583,0.28481746,-0.18788218,-0.10870378,0.081182465,-0.1203776,-0.33952162,-0.320543,-0.45140427,-0.6229244,-0.052277982,-0.10808373,0.14040172,0.3024985,-0.18926193,0.49274164,0.46822864,-0.01800944,0.0058083436,0.03697836,-0.26520473,-0.3160858,0.36304536,0.19584206
0.20185615,0.23621216,0.6599809,0.017944667,-0.19632262,0.6538976,0.7092365,0.47968975,0.6983552,0.88877857,0.8485452,0.0,0.845658,0.72519636,0.71016955,0.11097001,0.42310882,0.30645818,0.52645415,0.3974827,0.82375646,0.15044203,0.38237578,0.6274284,0.76818615,0.7231834,-0.22382979,0.1600429,0.59823835,0.32565632,-0.10980435,0.0688558,-0.41097715,-0.38820168,-0.23027183,0.05661852,-0.36397132,0.07602705,0.033370942,0.6508091,-0.15732647,0.1887626,-0.3203051,0.01558168,-0.4879857,-0.087048575,-0.6691222,-0.2482763,0.4049473,-0.0039365976,0.23041809,0.23192035,0.30126253,0.21972696,0.5583721,0.7550918,0.3797839,0.725248,0.8180209,0.9293422,0.91730434,0.86757594,0.85602397,0.73990494,0.7306313,0.65264183,0.35796088,0.79040015,-0.23057173,-0.121629596,0.8164453,0.11231896,0.16937481,0.41838658,0.90009695,0.6053893,0.26438776,0.636301,-0.49397013,-0.25769958,0.10698188,-0.51603305,-0.61665845,-0.37957582,-0.524561,-0.67197293,-0.38211486,-0.34146592,-0.1418542,0.059822954,-0.522328,0.43623668,0.20702434,-0.3287232,-0.2946868,-0.31205955,-0.55880713,-0.6268725,0.35610276,-0.18994485
0.15402195,0.20535025,0.54036456,-0.007393579,-0.14085962,0.5479952,0.5714276,0.36826214,0.5020312,0.71498084,0.662923,0.845658,0.0,0.7522515,0.7470516,0.16754729,0.5145128,0.3445854,0.6292106,0.4113143,0.8569097,0.26868838,0.47482595,0.58384156,0.5145003,0.59809273,-0.20051509,0.042100124,0.44345292,0.417466,-0.23672487,0.023304584,-0.39976412,-0.3186083,-0.13465162,-0.2222431,-0.42942113,-0.015385867,-0.07368474,0.5363577,-0.15641266,0.006827193,-0.3082947,-0.12340783,-0.49778834,-0.0215302,-0.53652525,-0.16043785,0.3134219,-0.056597583,0.16503957,0.24882784,0.34034467,0.22782138,0.43420768,0.6022451,0.39265397,0.61147404,0.59232646,0.76369596,0.7936709,0.9070123,0.8636817,0.7963848,0.7121292,0.6828088,0.21011029,0.8562614,-0.15669774,-0.113292105,0.8061786,0.08643411,0.16634838,0.15274784,0.77426463,0.3473889,0.05874188,0.6100004,-0.5982826,-0.2964209,0.06595298,-0.59485143,-0.6908395,-0.41025698,-0.5821221,-0.6077573,-0.5221024,-0.52727187,-0.40295163,-0.2528073,-0.58149666,0.25851682,-0.021395905,-0.46095988,-0.4057279,-0.49267355,-0.62439066,-0.63125134,0.23042098,-0.32315356
0.3474947,0.24928607,0.54637796,0.11571453,-0.13528931,0.5948004,0.592626,0.5194209,0.43995428,0.76734066,0.5492147,0.72519636,0.7522515,0.0,0.9763627,0.07174882,0.06394245,0.16365315,0.35981676,0.023949262,0.8961447,-0.20242292,0.51996124,0.19813554,0.5321728,0.2697827,-0.28977698,0.004198966,0.20187725,0.6296192,0.009945848,0.36334768,-0.26482,-0.69096535,-0.57793957,-0.28540865,-0.6172719,0.26512703,0.15020116,0.5382903,-0.20137168,0.19309714,-0.35857767,0.045818266,-0.5722202,0.23688026,-0.5145274,0.032053903,0.35796198,-0.036318082,0.3025064,0.37213594,0.4284242,0.39737767,0.50006133,0.65353775,0.45366722,0.66726285,0.6782996,0.7699084,0.5585806,0.6167779,0.9462873,0.9730812,0.9637523,0.97129357,0.19908822,0.5924081,-0.5306284,-0.3144118,0.8665315,-0.33941647,0.19700652,0.18910371,0.53309274,0.11194105,-0.2762751,0.5934381,-0.4523257,-0.010721339,-0.3503236,-0.66838515,-0.80454767,-0.7482635,-0.77954257,-0.77474046,-0.6469625,-0.50080806,-0.48842767,-0.33749077,-0.42091054,0.5234508,0.16541363,-0.3100952,-0.3050394,-0.35871217,-0.4173494,-0.53596914,0.29110736,-0.24262087
0.2993486,0.11772783,0.44493875,0.014792718,-0.20323074,0.5017932,0.49853134,0.40680966,0.38378236,0.72053826,0.5660485,0.71016955,0.7470516,0.9763627,0.0,-0.0002495419,0.10575418,0.057694003,0.401577,0.00833948,0.9068755,-0.19266714,0.44512996,0.21666935,0.49240503,0.27281785,-0.21676995,0.061013807,0.26101202,0.5675992,0.027492318,0.33772224,-0.20144285,-0.6366412,-0.52844334,-0.258322,-0.5016276,0.27085364,0.19861065,0.49798083,-0.10540631,0.21042126,-0.26913732,0.12488002,-0.4586722,0.31037238,-0.43958846,0.11912268,0.30435565,0.06392028,0.22079773,0.24262562,0.324703,0.28377277,0.38952604,0.5816324,0.3287729,0.5927329,0.6463773,0.7307305,0.5485105,0.63249785,0.9236905,0.95712537,0.963679,0.9636355,0.10254174,0.5921788,-0.5252369,-0.40313435,0.83825886,-0.37803778,0.09885733,0.09817833,0.5333291,0.064806126,-0.22112136,0.53003234,-0.42038602,0.002623584,-0.3160471,-0.57792395,-0.7463216,-0.7189333,-0.74799,-0.8198505,-0.55094856,-0.44360042,-0.47645894,-0.34294733,-0.3621987,0.48566574,0.18008853,-0.28523788,-0.23064925,-0.29000366,-0.3408205,-0.47642168,0.21506704,-0.15593976
0.6106124,0.25413913,0.47764966,-0.022565208,-0.12982695,0.46524185,0.46953192,0.2380578,0.20530397,0.19119778,0.10335815,0.11097001,0.16754729,0.07174882,-0.0002495419,0.0,0.003570402,0.3574904,-0.07832096,0.14673012,-0.017964583,0.25719678,0.27898487,0.1331251,0.15784752,0.092923716,-0.15335548,-0.22225513,0.07254396,0.21827982,0.28197044,0.42900017,0.18787904,0.04102494,0.06355189,-0.0036406629,-0.30847618,0.33556443,0.018481689,0.37042168,0.15263842,0.20206705,0.02265778,-0.002170837,-0.27639565,-0.023548514,0.07449795,0.09620104,0.5468094,0.079148844,0.71293443,0.39709735,0.6748138,0.22664952,0.30085343,0.37539008,0.3575131,0.18172805,0.17441131,0.1888077,0.003407754,0.1683635,0.10588331,0.12334521,0.10765436,0.076747686,0.6152488,0.04070054,-0.033199772,0.36406392,0.029512178,0.08808269,0.27523717,0.42793724,-0.00048781972,0.005430486,-0.15943578,0.15284461,0.1438493,0.3343423,-0.2388289,-0.050904166,-0.21147619,-0.25306657,-0.31,0.14491275,-0.27433383,-0.2301289,0.042021677,0.09407963,0.06418527,0.40512443,0.19638908,0.21429129,-0.088694364,-0.070257366,-0.20164436,0.10452547,0.5429193,0.031181732
-0.41665417,-0.11053458,0.039211847,-0.2575517,-0.09573055,-0.027305897,0.08041761,-0.226215,0.17326793,0.16009086,0.37389734,0.42310882,0.5145128,0.06394245,0.10575418,0.003570402,0.0,0.32060462,0.78593636,0.77751553,0.38710392,0.8029242,0.05848243,0.78983694,0.10761788,0.56269604,0.06212736,-0.03619279,0.48116452,-0.24818976,-0.58491987,-0.6267067,-0.39591384,0.41457623,0.6078584,-0.10921371,0.13105188,-0.48692903,-0.3052265,0.20008323,0.032420013,-0.38565236,-0.04168499,-0.326271,-0.017468845,-0.35925955,-0.21213633,-0.3175791,-0.115257055,-0.055690426,-0.36287293,-0.21575713,-0.17606331,-0.27026764,-0.0888083,0.010184091,-0.04187716,0.034395657,0.057103783,0.21040428,0.54454994,0.5692135,0.21307187,0.15851414,0.009731817,-0.029093878,-0.05517052,0.7603659,0.5435893,0.1670123,0.3078282,0.61913234,-0.00097515754,-0.10511,0.6149596,0.36219382,0.48122782,0.15728936,-0.5510647,-0.65809125,0.69797075,-0.1243708,-0.10145909,0.3491204,0.10812386,-0.055745274,-0.027896775,-0.30863893,-0.13319123,0.005613891,-0.485174,-0.37467268,-0.31587648,-0.5084695,-0.32363635,-0.4281529,-0.49079794,-0.37421456,-0.17393634,-0.28857398
0.101399615,0.738949,0.60047895,0.4863023,0.40316948,0.45911297,0.6082584,0.48734105,0.32338125,0.2721897,0.11472406,0.30645818,0.3445854,0.16365315,0.057694003,0.3574904,0.32060462,0.0,0.29443324,0.6471757,0.23227635,0.36225,0.5199609,0.24945684,0.17325182,0.18742777,-0.38202903,-0.4200941,-0.1092073,0.14008763,-0.53539103,-0.2796756,-0.6823623,-0.110376514,-0.0014250819,-0.33593968,-0.6111874,-0.4045631,-0.6148329,0.22899258,-0.5576216,-0.47504705,-0.680753,-0.67689973,-0.7624337,-0.70740557,-0.6096274,-0.6695998,0.33794188,-0.63624895,0.31662834,0.69952226,0.5738455,0.60399395,0.5363639,0.34983954,0.78686064,0.38242325,0.10370767,0.32668275,0.3078103,0.19648588,0.22937134,0.24215688,0.048335414,0.07514734,0.60360473,0.45145345,0.303077,0.75518394,0.42224646,0.49789315,0.6603634,0.37415013,0.320966,0.35816592,-0.030058483,0.40301988,-0.61090535,-0.5233337,0.13363229,-0.5632642,-0.48076573,-0.034452744,-0.12865643,0.20593473,-0.57807124,-0.63749063,-0.16010788,-0.048091386,-0.70582956,-0.069416,-0.40161762,-0.570792,-0.8040383,-0.66485363,-0.84447336,-0.54008394,0.43583465,-0.6596567
-0.36604524,-0.08237142,0.08095363,-0.22110188,-0.099694766,0.015635349,0.16562523,-0.10976674,0.21470855,0.35421494,0.5016771,0.52645415,0.6292106,0.35981676,0.401577,-0.07832096,0.78593636,0.29443324,0.0,0.57488316,0.5900062,0.52226,0.033446934,0.60919654,0.22596614,0.34696555,-0.24853751,-0.25757244,0.29444078,-0.18249866,-0.47483137,-0.45296595,-0.35658303,0.17073065,0.25877064,-0.28799972,-0.060669128,-0.26911414,-0.11847695,0.35556272,0.006166759,-0.27711344,-0.10103063,-0.22965725,-0.15594184,-0.23244262,-0.29232532,-0.2771211,-0.1281172,-0.028573193,-0.31411204,-0.13024202,-0.055786252,-0.14283067,-0.01192309,0.10204317,0.04744437,0.15155248,0.24844165,0.36305207,0.5390646,0.6195954,0.4504311,0.4655693,0.29848224,0.25939393,-0.11167466,0.825399,0.38541707,0.063634716,0.4835777,0.27797908,-0.1116802,-0.13579468,0.59238195,0.21131115,0.1763051,0.08906685,-0.5796204,-0.59209067,0.38477403,-0.24896495,-0.27088675,0.035117906,-0.16130269,-0.26931486,-0.20633502,-0.48217705,-0.3225268,-0.15512395,-0.4719903,-0.16725905,-0.20157497,-0.4924022,-0.34022307,-0.44547772,-0.5172189,-0.44618902,-0.19044441,-0.30601186
-0.18484747,0.20644176,0.28809622,-0.009355361,0.039293222,0.17034435,0.34684888,-0.0014379023,0.20593032,0.18082249,0.30667537,0.3974827,0.4113143,0.023949262,0.00833948,0.14673012,0.77751553,0.6471757,0.57488316,0.0,0.2964128,0.6955563,0.29139873,0.6392798,0.14076187,0.52361673,0.033734914,-0.11128982,0.36318874,-0.1797503,-0.65502113,-0.60629964,-0.6144255,0.2534034,0.43389544,-0.07577269,-0.11821637,-0.5815751,-0.5633692,0.15315773,-0.19692764,-0.49758586,-0.3869538,-0.48143756,-0.3141407,-0.6151972,-0.42942795,-0.49674875,0.1946423,-0.28937572,-0.08234558,0.124350086,0.08672898,0.0037338356,0.12966967,0.13619348,0.28132516,0.11669404,0.046789605,0.26462626,0.477705,0.4119176,0.14326823,0.10317555,-0.05394318,-0.06825905,0.34354022,0.6509868,0.5023166,0.5166096,0.35564277,0.6811406,0.38134012,0.16929898,0.5589681,0.4594573,0.47018135,0.28921193,-0.6298086,-0.7025555,0.5729281,-0.23441643,-0.23837334,0.2821403,0.12594551,0.09661133,-0.18075243,-0.3938837,0.013799712,0.11884348,-0.6418418,-0.3004668,-0.38146827,-0.6074536,-0.61142004,-0.47507432,-0.68135643,-0.40132165,0.1957938,-0.39475334
0.13859086,0.17846192,0.49196336,0.022950783,-0.13262574,0.5120789,0.54913986,0.38346225,0.44662237,0.7447982,0.6397809,0.82375646,0.8569097,0.8961447,0.9068755,-0.017964583,0.38710392,0.23227635,0.5900062,0.2964128,0.0,0.06884562,0.4980645,0.45507267,0.5204862,0.46848518,-0.1889828,0.04993921,0.37885433,0.47199532,-0.22657457,0.071514785,-0.42477447,-0.511121,-0.3270103,-0.28263158,-0.4860563,0.033166286,-0.0009674132,0.51271665,-0.19408481,0.021882538,-0.3735854,-0.06049335,-0.51604384,0.08706612,-0.582301,-0.08898796,0.27325618,-0.06075951,0.10846511,0.24551222,0.2692658,0.26085123,0.41375822,0.5819031,0.38218042,0.62319726,0.62215906,0.77627075,0.7256336,0.75120807,0.92033404,0.9143803,0.8570114,0.8514215,0.1400582,0.8177785,-0.32055146,-0.26302832,0.9345884,-0.08914282,0.1865501,0.1077938,0.73208845,0.25406858,-0.018102532,0.61522824,-0.63810724,-0.2712186,-0.04749428,-0.65743655,-0.7750779,-0.5399991,-0.63932914,-0.77133906,-0.5706219,-0.54821026,-0.48235446,-0.29925886,-0.5890479,0.314475,0.019028798,-0.51267326,-0.40851375,-0.46930555,-0.5489314,-0.6456595,0.1921665,-0.32293627
-0.34699467,-0.041862525,0.018755872,-0.24645823,-0.027968967,-0.046266224,0.007280492,-0.25500554,0.10548979,-0.04525,0.108540274,0.15044203,0.26868838,-0.20242292,-0.19266714,0.25719678,0.8029242,0.36225,0.52226,0.6955563,0.06884562,0.0,0.030377261,0.70569175,-0.009798902,0.3995477,0.08355675,-0.15362568,0.319343,-0.28679937,-0.44914404,-0.51886976,-0.21506004,0.5811884,0.8028533,-0.088673934,0.14923155,-0.40662324,-0.29486135,0.14940645,0.113994405,-0.33883324,0.09880671,-0.36424798,0.05649203,-0.36999097,0.014865946,-0.26908988,-0.09759287,-0.0658964,-0.2439958,-0.14534727,-0.09418168,-0.24902764,-0.09439357,-0.080284946,-0.02994543,-0.08133836,-0.12276362,-0.015274609,0.29474458,0.3379125,-0.055645958,-0.102187075,-0.24802732,-0.28284103,0.045678366,0.4961325,0.6209035,0.30709746,0.021992419,0.7254445,0.047110267,-0.011878271,0.3660581,0.28454286,0.3740212,0.029117294,-0.342716,-0.49429902,0.6639848,-0.006457976,0.05057183,0.45734957,0.20046301,0.23596103,0.005629404,-0.27282852,-0.06813216,0.10181902,-0.3136747,-0.38572505,-0.29177013,-0.321906,-0.22259268,-0.39445198,-0.39441058,-0.20301662,-0.13010024,-0.2682101
0.43147975,0.55091155,0.571938,0.37713706,0.11613027,0.5667419,0.56129897,0.5227134,0.15836401,0.35728016,0.04225203,0.38237578,0.47482595,0.51996124,0.44512996,0.27898487,0.05848243,0.5199609,0.033446934,0.29139873,0.4980645,0.030377261,0.0,0.0741214,0.15137444,0.2685814,0.038560327,0.07337686,-0.02477294,0.74559116,-0.27390295,0.1583951,-0.525379,-0.5260182,-0.29333025,-0.42901054,-0.78204644,-0.17460266,-0.43771526,0.12767777,-0.52391124,-0.2367605,-0.67543477,-0.42288443,-0.7259078,-0.14417134,-0.5095193,-0.17133084,0.46004453,-0.49196282,0.4001898,0.6704876,0.55392575,0.5749608,0.48634422,0.44080612,0.6972322,0.45926163,0.20244871,0.41812482,0.33414453,0.26252106,0.5132249,0.5251301,0.44599614,0.5306596,0.4471425,0.38281193,-0.34083882,0.15355547,0.6460079,0.06357641,0.7825073,0.20138997,0.30776253,0.122272335,-0.24975845,0.81339526,-0.55597734,-0.13183005,-0.21011397,-0.7647898,-0.7805094,-0.43414956,-0.38973686,-0.23903878,-0.80215985,-0.51719433,-0.4392548,-0.37243983,-0.6376096,0.17478687,-0.30624923,-0.52515996,-0.6715535,-0.57343656,-0.60273266,-0.47449002,0.45277908,-0.57470757
-0.23833789,-0.005783682,0.3275385,-0.24440086,-0.17020404,0.3008567,0.33588663,0.05713077,0.5523991,0.45208025,0.5907674,0.6274284,0.58384156,0.19813554,0.21666935,0.1331251,0.78983694,0.24945684,0.60919654,0.6392798,0.45507267,0.70569175,0.0741214,0.0,0.49087283,0.7241653,-0.014667497,0.09302974,0.70325637,-0.11988003,-0.32241878,-0.34656534,-0.2979021,0.20525748,0.45386437,0.16433942,0.08727264,-0.1699422,-0.0325152,0.5290677,0.11328207,-0.0025076468,0.05301157,-0.10028326,-0.06583335,-0.21470061,-0.2956664,-0.2837551,0.07846697,0.09600951,-0.16341493,-0.12531452,-0.08717571,-0.1812871,0.22476459,0.36859646,0.041477878,0.36600018,0.41302627,0.48731068,0.7285647,0.704711,0.3748159,0.24988407,0.19831991,0.106237076,0.16373591,0.7422657,0.26544428,0.008147724,0.39967075,0.5896596,-0.013230261,0.26634923,0.79855955,0.6135194,0.5997528,0.29631168,-0.42639074,-0.48073566,0.6334295,-0.14713614,-0.1745405,0.1983302,-0.08349757,-0.26192492,-0.018241368,-0.22589678,0.01653914,0.27878386,-0.39401722,0.0038634741,0.07177919,-0.31728342,-0.13811797,-0.31764194,-0.42571253,-0.44518462,0.033800967,-0.13984965
0.23029397,0.23782001,0.6797632,0.004680194,-0.2063755,0.66698706,0.6826231,0.5514625,0.85295236,0.8738711,0.77316,0.76818615,0.5145003,0.5321728,0.49240503,0.15784752,0.10761788,0.17325182,0.22596614,0.14076187,0.5204862,-0.009798902,0.15137444,0.49087283,0.0,0.53812027,-0.33672932,0.094916195,0.5178115,0.16984616,0.20393237,0.24598461,-0.14910743,-0.36793658,-0.30211046,0.3522536,-0.25982234,0.37753975,0.33066452,0.7910694,0.0029691781,0.52289987,-0.09912795,0.2483876,-0.33905303,-0.009789503,-0.5009641,-0.19937463,0.4266889,0.13555996,0.31507388,0.19191934,0.2395485,0.20066164,0.6431334,0.8026471,0.29521614,0.73018193,0.92140245,0.8689376,0.704455,0.6191853,0.64611685,0.50138533,0.5935286,0.46192256,0.47066242,0.44321838,-0.3117601,-0.12508763,0.5252896,0.046410583,0.02841325,0.71134996,0.6953933,0.67856413,0.2621753,0.3989676,-0.15422595,-0.048560273,-0.011914807,-0.28132898,-0.3846935,-0.3524744,-0.47503546,-0.5542786,-0.1901394,-0.112313926,0.15313612,0.42691752,-0.21376228,0.6617199,0.5646059,0.037969276,0.021645337,-0.02856955,-0.29908824,-0.43808344,0.43369058,0.042758264
0.05075478,0.04095236,0.41171053,-0.13560708,-0.2564383,0.41814014,0.42836386,0.20512147,0.50782716,0.5316548,0.61324555,0.7231834,0.59809273,0.2697827,0.27281785,0.092923716,0.56269604,0.18742777,0.34696555,0.52361673,0.46848518,0.3995477,0.2685814,0.7241653,0.53812027,0.0,0.21079813,0.48747382,0.7655799,0.14286219,-0.1674345,-0.1697492,-0.35959572,-0.0062177954,0.21689442,0.30446595,0.014456107,-0.18400198,-0.15640493,0.3367044,-0.07918367,0.07914009,-0.15487881,-0.029359607,-0.15481794,-0.21812432,-0.4427895,-0.25970465,0.2787371,0.010689246,0.03976283,-0.026862651,-0.00057109346,-0.091413535,0.3030721,0.48094144,0.09030053,0.45267445,0.49322248,0.5977848,0.8278636,0.7083086,0.45120293,0.27036282,0.28392714,0.21102236,0.26298064,0.5978337,0.002901464,-0.0544641,0.462507,0.44258556,0.17104582,0.31935966,0.7980696,0.7269488,0.6454378,0.5869495,-0.31955397,-0.29037684,0.4642626,-0.22107436,-0.22437313,0.102109596,-0.049138963,-0.334029,-0.024489466,0.034609377,0.14073443,0.2543075,-0.39903924,0.1285002,0.07696485,-0.21836458,-0.1450527,-0.1438783,-0.3713335,-0.39450476,0.24066453,-0.08221693
-0.007653571,-0.45753267,-0.36348623,-0.36322275,-0.34490085,-0.29369855,-0.37393057,-0.43477225,-0.41193566,-0.381492,-0.2032763,-0.22382979,-0.20051509,-0.28977698,-0.21676995,-0.15335548,0.06212736,-0.38202903,-0.24853751,0.033734914,-0.1889828,0.08355675,0.038560327,-0.014667497,-0.33672932,0.21079813,0.0,0.6577113,0.28676456,0.027328616,0.009214043,-0.08930655,0.14919636,0.2302836,0.31338575,0.23800021,0.40493423,-0.17561956,-0.0966509,-0.47423476,0.2383667,-0.02643351,0.20866443,0.19144827,0.44966128,0.23629563,0.33741105,0.39616394,-0.017764654,0.23875205,-0.23868811,-0.39599964,-0.42344752,-0.47884005,-0.44709116,-0.30967268,-0.43966407,-0.3627326,-0.3381529,-0.319958,-0.14349698,-0.12599769,-0.29897863,-0.33414882,-0.24126701,-0.19354762,-0.20507416,-0.19970475,-0.08773657,-0.24500059,-0.22543485,0.042728737,0.02170552,-0.2836937,-0.108513355,-0.11467997,0.34948856,0.07690478,0.16137892,0.10906642,0.18472621,0.3139465,0.25619847,0.27001992,0.36312136,0.030049594,0.34468696,0.4777486,0.213894,0.03668476,0.18490775,-0.2361842,-0.07363859,0.09873874,0.20958968,0.31382364,0.3633686,0.38223207,-0.08990839,0.28449786
0.12650992,-0.27484033,-0.057676867,-0.19383334,-0.32737112,0.06264311,-0.09277603,-0.0540604,0.026625207,0.040560205,0.1354233,0.1600429,0.042100124,0.004198966,0.061013807,-0.22225513,-0.03619279,-0.4200941,-0.25757244,-0.11128982,0.04993921,-0.15362568,0.07337686,0.09302974,0.094916195,0.48747382,0.6577113,0.0,0.5013043,0.21453212,0.1804678,0.09133302,0.052803144,-0.10192106,0.0061919577,0.4615118,0.30283153,-0.005152422,0.060985763,-0.22578314,0.096421756,0.27406588,0.1200355,0.33739993,0.27820525,0.26970375,0.013053464,0.2619949,0.12705876,0.24494995,-0.04862451,-0.2639238,-0.30518863,-0.26949158,-0.06342907,0.10030592,-0.28884992,0.079393685,0.095338665,0.093594216,0.21885113,0.16251856,0.055252496,-0.08593747,0.070467666,0.07942715,-0.11054106,-0.07635169,-0.35966593,-0.43806866,0.02077697,-0.03775879,-0.04130351,-0.043424472,0.18354434,0.22617918,0.4497043,0.32960415,0.17598054,0.1730246,0.1369606,0.13022333,0.11054207,0.061803877,0.13735935,-0.28181744,0.3279845,0.54625326,0.27791986,0.12599157,0.10485503,0.05896857,0.15665571,0.17031185,0.284678,0.3599652,0.3143444,0.118085526,0.07098268,0.32562968
0.061550636,-0.27692688,0.25437906,-0.43717107,-0.49728632,0.30741394,0.28100532,-0.025524998,0.46306974,0.4519363,0.704844,0.59823835,0.44345292,0.20187725,0.26101202,0.07254396,0.48116452,-0.1092073,0.29444078,0.36318874,0.37885433,0.319343,-0.02477294,0.70325637,0.5178115,0.7655799,0.28676456,0.5013043,0.0,-0.062655084,0.07783432,-0.04171236,-0.009017697,0.068969615,0.23492928,0.53270143,0.28913313,0.11649755,0.20331809,0.3956314,0.36162463,0.36626005,0.21269163,0.37951323,0.1663145,0.12900022,-0.15015616,0.106502555,0.31479338,0.46602067,0.015055034,-0.29565313,-0.15405339,-0.3750337,0.11098639,0.4154466,-0.19059113,0.30404475,0.49372715,0.49647337,0.62199193,0.6547132,0.33623493,0.18809992,0.29489088,0.18442768,0.1797124,0.4514679,-0.08763151,-0.24795341,0.2941501,0.23574091,-0.15460274,0.29143256,0.67343926,0.5251557,0.72746307,0.26218545,-0.05678973,-0.075785935,0.37726012,0.13087498,-0.049014173,0.030964728,-0.10598853,-0.45341235,0.26431665,0.20427804,0.32413682,0.41800287,-0.054453876,0.2444036,0.38804796,0.04473216,0.19366245,0.19237824,-0.020346958,-0.09197145,0.22347097,0.33951432
0.5328996,0.42603064,0.47984564,0.34464008,0.08416286,0.56239384,0.43789527,0.5779928,0.17302261,0.3747286,0.0077255056,0.32565632,0.417466,0.6296192,0.5675992,0.21827982,-0.24818976,0.14008763,-0.18249866,-0.1797503,0.47199532,-0.28679937,0.74559116,-0.11988003,0.16984616,0.14286219,0.027328616,0.21453212,-0.062655084,0.0,0.08350705,0.5001674,-0.20522785,-0.6977671,-0.5112233,-0.34506398,-0.6667034,0.16132751,-0.09830619,0.12015651,-0.39394274,0.07734918,-0.4065003,-0.12351148,-0.55085325,0.23065376,-0.32255372,0.10586719,0.362607,-0.267783,0.44476175,0.5742434,0.52179265,0.57848626,0.4944957,0.47599906,0.53488547,0.5220172,0.2841035,0.40551096,0.241786,0.23535176,0.5857612,0.5846905,0.5913316,0.6810336,0.2241065,0.18207435,-0.65161157,-0.23125996,0.5548814,-0.28513005,0.48240867,0.0839236,0.1633819,-0.04906539,-0.41547754,0.7540713,-0.2571926,0.22756465,-0.44584185,-0.68282527,-0.69325113,-0.6130108,-0.5520445,-0.42126074,-0.67254144,-0.30936825,-0.5004166,-0.490858,-0.3255301,0.37333736,-0.06338741,-0.22358069,-0.30429482,-0.34688976,-0.27250794,-0.35992944,0.32689407,-0.34324148
0.54385036,-0.32290164,-0.014656989,-0.29724875,-0.4457702,0.07906698,-0.0244236,-0.019099597,0.024356585,0.092999354,0.12708664,-0.10980435,-0.23672487,0.009945848,0.027492318,0.28197044,-0.58491987,-0.53539103,-0.47483137,-0.65502113,-0.22657457,-0.44914404,-0.27390295,-0.32241878,0.20393237,-0.1674345,0.009214043,0.1804678,0.07783432,0.08350705,0.0,0.7895692,0.78770745,-0.1050889,-0.2984199,0.4140662,0.1757826,0.8572666,0.7132868,0.18965672,0.53214264,0.83840704,0.5294868,0.7714655,0.32345977,0.61106443,0.4440188,0.61533904,0.26609313,0.6170706,0.44552502,-0.15630883,0.13436243,-0.18674624,-0.04647814,0.15996626,-0.27411237,-0.035319723,0.2642376,0.028475324,-0.25916934,-0.09935985,-0.033855993,-0.05005869,0.16935925,0.09392727,0.092815235,-0.5122982,-0.506239,-0.35767496,-0.31469706,-0.5807924,-0.35977542,0.24352658,-0.30946305,-0.21370418,-0.18080628,-0.24248545,0.8095639,0.85910535,-0.5801568,0.42725703,0.21654017,-0.37149578,-0.24546865,-0.16287187,0.27099782,0.46339726,0.3031107,0.24701312,0.749391,0.6545585,0.7312535,0.86203766,0.69856966,0.6936205,0.61655074,0.56014854,0.22791147,0.69518334
0.76497036,0.025208123,0.29320425,-0.03476131,-0.2833703,0.3965709,0.29194742,0.32688496,0.12992874,0.29897773,0.10550881,0.0688558,0.023304584,0.36334768,0.33772224,0.42900017,-0.6267067,-0.2796756,-0.45296595,-0.60629964,0.071514785,-0.51886976,0.1583951,-0.34656534,0.24598461,-0.1697492,-0.08930655,0.09133302,-0.04171236,0.5001674,0.7895692,0.0,0.5319475,-0.46418872,-0.56321657,0.1173403,-0.27657527,0.82911766,0.54715353,0.31383917,0.24185619,0.6796057,0.17895456,0.52045995,-0.09257156,0.58553904,0.19143125,0.53615993,0.43556663,0.35259056,0.6690528,0.24763717,0.48233077,0.21159793,0.25401032,0.40851325,0.12682633,0.25821716,0.3878217,0.24215958,-0.1393569,0.005912541,0.28100705,0.30587202,0.47209957,0.45354944,0.27659926,-0.31457585,-0.7295415,-0.31869364,0.05936232,-0.655952,-0.0068105333,0.29845294,-0.19720964,-0.25940296,-0.44540992,0.1228301,0.48275727,0.8444306,-0.7644827,-0.005783034,-0.21296626,-0.6815307,-0.54231954,-0.32270554,-0.1877544,0.10735656,-0.019424178,-0.029695153,0.44163057,0.78916377,0.6001243,0.5591099,0.34961823,0.34816146,0.31677482,0.28010204,0.39843518,0.37099
0.21308447,-0.61350363,-0.4114114,-0.53738976,-0.45428118,-0.307987,-0.4090239,-0.43266922,-0.27283716,-0.26887435,-0.11488467,-0.41097715,-0.39976412,-0.26482,-0.20144285,0.18787904,-0.39591384,-0.6823623,-0.35658303,-0.6144255,-0.42477447,-0.21506004,-0.525379,-0.2979021,-0.14910743,-0.35959572,0.14919636,0.052803144,-0.009017697,-0.20522785,0.78770745,0.5319475,0.0,0.27175733,0.07211853,0.32961625,0.47751963,0.70332056,0.72290725,0.0077075805,0.7719264,0.6239991,0.8158346,0.7176963,0.6715952,0.6569517,0.8223073,0.7446827,-0.06725383,0.74236745,0.10159269,-0.47072923,-0.15791248,-0.4965191,-0.44060817,-0.24312173,-0.5986859,-0.40940422,-0.081445605,-0.35484287,-0.509022,-0.2444062,-0.3307883,-0.28867227,-0.1190924,-0.17563419,-0.22868411,-0.5686856,-0.18050155,-0.3601936,-0.5978783,-0.4928365,-0.59489006,-0.10249366,-0.51056635,-0.48452675,-0.16779344,-0.58562833,0.84234995,0.7667997,-0.3558641,0.70463943,0.5052585,-0.07806742,0.008097798,0.05360488,0.48619178,0.49832246,0.2685903,0.18375807,0.92042017,0.3073618,0.57788783,0.8463011,0.8151029,0.7158502,0.7916423,0.77897996,-0.14040315,0.7604594
-0.432563,-0.48607615,-0.52393436,-0.47521228,-0.16648348,-0.580458,-0.50164026,-0.69314706,-0.3326943,-0.51443934,-0.20079009,-0.38820168,-0.3186083,-0.69096535,-0.6366412,0.04102494,0.41457623,-0.110376514,0.17073065,0.2534034,-0.511121,0.5811884,-0.5260182,0.20525748,-0.36793658,-0.0062177954,0.2302836,-0.10192106,0.068969615,-0.6977671,-0.1050889,-0.46418872,0.27175733,0.0,0.83819246,0.18340011,0.6406298,-0.24620259,-0.052728605,-0.22567236,0.40638748,-0.20052205,0.48082557,-0.040681455,0.5949352,-0.22387518,0.5308524,-0.0055035544,-0.3823345,0.20761019,-0.39872164,-0.5723939,-0.42004985,-0.66577417,-0.61018354,-0.566414,-0.5558916,-0.6280975,-0.4622714,-0.5465539,-0.25098923,-0.15930678,-0.61353064,-0.6192908,-0.68138254,-0.7253631,-0.25073168,-0.12496759,0.75207376,0.26953623,-0.6253239,0.43195936,-0.35460088,-0.24713452,-0.20695105,-0.053817432,0.3506646,-0.56454533,0.26060617,-0.1360375,0.5348132,0.63402295,0.691569,0.72677934,0.6417565,0.5915169,0.5590128,0.302489,0.3263093,0.26585355,0.31133112,-0.48198956,-0.12991011,0.20398167,0.26016945,0.21680969,0.22564702,0.43524233,-0.38460985,0.21842453
-0.5014124,-0.36015564,-0.37809935,-0.41041842,-0.09911232,-0.4228603,-0.40659565,-0.58329344,-0.19776773,-0.42669314,-0.15950021,-0.23027183,-0.13465162,-0.57793957,-0.52844334,0.06355189,0.6078584,-0.0014250819,0.25877064,0.43389544,-0.3270103,0.8028533,-0.29333025,0.45386437,-0.30211046,0.21689442,0.31338575,0.0061919577,0.23492928,-0.5112233,-0.2984199,-0.56321657,0.07211853,0.83819246,0.0,0.11200541,0.545091,-0.39482224,-0.18234421,-0.15920286,0.31174573,-0.28736007,0.38164076,-0.1715649,0.47665778,-0.24533063,0.37104607,-0.0738934,-0.33906502,0.09988233,-0.46154732,-0.4836321,-0.44339713,-0.5738859,-0.45776737,-0.43993402,-0.4319558,-0.4447913,-0.42125416,-0.41101542,-0.042719584,-0.0022767363,-0.4641454,-0.5081204,-0.5956531,-0.61745644,-0.21770366,0.099600084,0.6935593,0.21474664,-0.4164772,0.636604,-0.19236945,-0.21717602,0.030653082,0.104748026,0.46506655,-0.29619545,0.013027636,-0.3319793,0.7047733,0.40478227,0.48986846,0.72847724,0.55375344,0.44409814,0.4117197,0.14795585,0.18368995,0.21515544,0.056390025,-0.5586655,-0.23864391,-0.031400777,0.112605356,-0.019933565,0.04370692,0.18026468,-0.36413988,0.022410281
