0,1,2,3,4,5,6,7,8,9,10,11,12,13,14,15,16,17,18,19,20,21,22,23,24,25,26,27,28,29,30,31,32,33,34,35,36,37,38,39,40,41,42,43,44,45,46,47,48,49,50,51,52,53,54,55,56,57,58,59,60,61,62,63,64,65,66,67,68,69,70,71,72,73,74,75,76,77,78,79,80,81,82,83,84,85,86,87,88,89,90,91,92,93,94,95,96,97,98,99
0.0,0.52843463,0.6849581,0.446784,0.5702725,0.7921711,0.5736429,0.50077176,0.6433117,0.45500475,0.35700932,0.26131704,0.40526438,0.56699985,0.54617196,0.4830347,0.21326956,0.2358644,0.56416726,0.11985347,0.41794747,-0.035033375,0.13823843,-0.014020324,0.24911638,0.008849072,-0.371294,0.25269163,0.54758716,-0.26868805,0.17288893,0.5572459,0.13777505,-0.1394945,-0.54163307,0.30765486,0.27263802,0.2416855,-0.36792174,0.093919665,-0.503741,-0.06351411,-0.52172387,-0.087696984,-0.50562996,-0.3003095,-0.5895298,-0.28783098,0.67661226,-0.04419047,0.85149944,0.58295375,0.49701265,0.4306821,0.72419196,0.7606402,0.51568455,0.5534024,0.27181843,0.37276167,0.23035179,0.34207004,0.28069133,0.545243,0.50418746,0.5103375,0.45984656,0.41771632,0.26252717,0.2677142,0.3933479,0.18418565,0.34138948,0.12663698,0.23913257,0.20485757,0.5066488,0.38398072,0.3148979,0.2534411,-0.16009703,-0.6134114,-0.25524202,-0.2711709,-0.23990916,-0.46649635,0.38453823,-0.2839341,0.20645389,-0.4922045,-0.038408868,0.17160636,0.055435807,0.083260305,-0.24000518,-0.1506127,-0.5545225,-0.48040596,0.8659402,0.17857969
0.52843463,0.0,0.88240653,0.975186,0.9594308,0.7373128,0.8518834,0.8519519,0.8942289,0.3700264,-0.011152773,0.018838137,0.27551946,0.60074395,0.569383,0.92457366,0.3975179,0.6595515,0.68391126,0.5770804,0.7363013,0.15924658,0.44041583,-0.016700663,0.051876355,-0.28405374,-0.20583867,0.10807624,0.53502965,-0.49259168,0.14624818,0.28473723,0.3173718,0.29265487,-0.44086733,0.50735676,-0.0028818042,0.08962749,-0.53253126,0.019932121,-0.62800527,-0.36006495,-0.58156323,-0.50551564,-0.454437,-0.45814475,-0.5392591,-0.34897074,0.22311968,-0.4190775,0.62535816,0.9474276,0.9596001,0.9341108,0.8698855,0.7718488,0.83185977,0.93528426,-0.08120141,0.0032861542,-0.054254156,0.21260391,0.08722178,0.5515049,0.72578657,0.5724519,0.33299667,0.47540432,0.61727566,0.72307485,0.7826078,0.20449455,0.7220695,-0.044460792,0.04691611,-0.04312117,0.5316396,0.5803065,0.5526723,-0.074882984,0.008786859,-0.5831579,-0.07149782,-0.15025625,0.045166064,-0.29187384,0.24254389,-0.4718889,0.61168337,-0.6775237,-0.37899348,-0.19913173,-0.12768568,-0.19658273,-0.2969576,-0.5489788,-0.6507373,-0.24023859,0.62586343,-0.24170466
0.6849581,0.88240653,0.0,0.8234763,0.8768151,0.9208459,0.8259308,0.8277853,0.93911624,0.39061826,0.11671018,0.119378515,0.32883883,0.5923979,0.5875185,0.84392434,0.33458748,0.52859086,0.6293225,0.39165914,0.63360447,0.07104167,0.28536877,-0.0269057,0.1673868,-0.12961212,-0.3613506,0.11324284,0.60271126,-0.6172534,0.16712852,0.3139827,0.14668272,0.06884161,-0.56070507,0.3859977,0.01890513,0.045713414,-0.6154975,0.044194356,-0.7040481,-0.22343682,-0.60230607,-0.34159622,-0.55958116,-0.50804526,-0.6835629,-0.4322532,0.4221861,-0.33717152,0.78193027,0.93885964,0.8763591,0.7929464,0.94039947,0.9239645,0.81093585,0.9000565,0.01581622,0.1247446,0.07332453,0.27635923,0.1715795,0.55771464,0.66836363,0.57122403,0.45642978,0.48243636,0.49211937,0.61204916,0.66903234,0.26354533,0.60269433,0.0377377,0.15169111,0.08356571,0.57296216,0.52732885,0.49482292,-0.06696856,-0.0009806289,-0.66106415,-0.17926815,-0.17280564,-0.13800324,-0.427339,0.2649957,-0.49206126,0.4590402,-0.60563886,-0.3247923,-0.17549211,-0.17114693,-0.10811851,-0.24798362,-0.39543638,-0.69848615,-0.43492252,0.7810047,-0.086072445
0.446784,0.975186,0.8234763,0.0,0.94067603,0.6457067,0.8445388,0.84624696,0.8505492,0.33205986,-0.087857984,-0.048395917,0.24944669,0.5969745,0.5529948,0.9366896,0.43618396,0.72663,0.70332867,0.64730865,0.7897343,0.21811353,0.5274516,-0.020943912,-0.014391818,-0.35276118,-0.1298759,0.09876084,0.50794655,-0.4224596,0.112615556,0.2560795,0.38229656,0.40149605,-0.3691343,0.5316478,-0.054236468,0.08715133,-0.48806268,-0.0067619327,-0.59470886,-0.4139581,-0.56552094,-0.5923937,-0.4252527,-0.42750618,-0.46035302,-0.31173652,0.13076465,-0.46680602,0.54480046,0.91086507,0.95528346,0.9361884,0.81488204,0.7028109,0.83500946,0.9143332,-0.12560144,-0.056139965,-0.11064991,0.18653129,0.048519652,0.5410849,0.7509562,0.564445,0.27194467,0.48020706,0.6848116,0.7806105,0.8367307,0.1850073,0.785264,-0.08366147,0.009913066,-0.09554137,0.5163434,0.5919767,0.55430806,-0.08250977,0.023718026,-0.5223604,-0.033327308,-0.13415866,0.1429971,-0.20662771,0.20864525,-0.44685066,0.66244775,-0.6908445,-0.40163502,-0.20885657,-0.10254601,-0.24474186,-0.31241345,-0.624575,-0.6055499,-0.1385838,0.5590822,-0.3220655
0.5702725,0.9594308,0.8768151,0.94067603,0.0,0.7433329,0.82187515,0.83405006,0.88024217,0.39836425,0.014582568,0.032766666,0.27493384,0.60592926,0.5574504,0.8870738,0.41433537,0.65231323,0.70905966,0.60859174,0.7324872,0.13233809,0.4409295,-0.024599435,0.07252403,-0.27856356,-0.20228241,0.108320996,0.55605745,-0.49019176,0.14269319,0.2798103,0.29993233,0.29282442,-0.4653654,0.5609877,0.05241297,0.108604506,-0.528078,-0.016513696,-0.6109673,-0.3430066,-0.58521026,-0.48915744,-0.42775267,-0.44033447,-0.5393477,-0.31551063,0.26811653,-0.3794062,0.66291815,0.9249499,0.9179088,0.9368483,0.87742275,0.7675225,0.8088507,0.91278183,-0.06618304,0.016289126,-0.047444526,0.20951128,0.07328207,0.5443002,0.7138259,0.555607,0.3069932,0.48449865,0.6070093,0.7052906,0.77432543,0.17697658,0.70116156,-0.063371524,0.049243335,-0.036088623,0.53201973,0.54903084,0.5366223,-0.09490247,-0.008780722,-0.59835666,-0.09137489,-0.19605342,0.023049496,-0.33827543,0.27852005,-0.49089226,0.64035124,-0.6800989,-0.38139752,-0.16259025,-0.13440496,-0.19818792,-0.30824876,-0.54117066,-0.6764842,-0.25225574,0.6537776,-0.20458838
0.7921711,0.7373128,0.9208459,0.6457067,0.7433329,0.0,0.71325123,0.6600204,0.8340205,0.46018335,0.32447544,0.29359436,0.44621828,0.5956181,0.60878956,0.675589,0.26705346,0.30888832,0.5639734,0.16628464,0.4790191,0.042539492,0.09780587,0.039641805,0.30172965,0.053599063,-0.4845299,0.19433984,0.6485644,-0.57214844,0.25231183,0.34283486,0.05027017,-0.14357919,-0.5734964,0.2671988,0.1471486,0.0313053,-0.5544267,0.16156161,-0.66684574,-0.04976957,-0.5166142,-0.1654447,-0.5987084,-0.5422799,-0.72316384,-0.48496068,0.5966975,-0.2077229,0.844666,0.8261254,0.7073505,0.6393484,0.8864894,0.9523626,0.64777094,0.7455096,0.21304084,0.3301506,0.26903108,0.4133924,0.33042395,0.5788573,0.57718873,0.5769588,0.5651309,0.5118022,0.36139005,0.40075386,0.48433644,0.35992795,0.4071545,0.2094811,0.31053433,0.2582227,0.6180469,0.48482946,0.48302782,0.057589274,0.019343967,-0.6132159,-0.16210887,-0.11855745,-0.2747553,-0.46298304,0.34773773,-0.38665697,0.27660978,-0.4502448,-0.20520744,-0.019939683,-0.07471592,0.07728707,-0.10867644,-0.20868884,-0.70459306,-0.5572548,0.8496152,0.07851213
0.5736429,0.8518834,0.8259308,0.8445388,0.82187515,0.71325123,0.0,0.8170229,0.85848695,0.2390312,-0.06584698,-0.1015232,0.33200824,0.734654,0.6986134,0.8712596,0.3624524,0.64251596,0.7539376,0.4968334,0.8048449,0.17708385,0.53575003,-0.18988724,-0.10514987,-0.44037735,-0.2238426,0.056434713,0.48804274,-0.3373622,0.16314816,0.31356445,0.45551017,0.27723658,-0.3554041,0.3307203,-0.12668218,0.29955852,-0.31610763,0.13536082,-0.47238156,-0.49900088,-0.63677907,-0.45840177,-0.47635582,-0.32450485,-0.43381396,-0.23179525,0.35001788,-0.25084332,0.5952622,0.8206127,0.8791994,0.75436854,0.8142211,0.80642503,0.8393042,0.87539726,-0.088568375,0.015666252,-0.11086008,0.26489505,0.11234315,0.6873305,0.7995287,0.7084831,0.48927674,0.4735547,0.55054754,0.67603725,0.8038006,0.14868043,0.75597024,0.025761658,-0.023625754,-0.1649769,0.51029253,0.52384156,0.43293878,0.06943059,-0.18777102,-0.57965285,-0.18278009,-0.24343286,0.0008802343,-0.2669158,0.089505084,-0.4901,0.4583204,-0.64302796,-0.15887094,-0.12239845,0.08971579,-0.19019724,-0.45425683,-0.481917,-0.5010338,-0.16962552,0.73377866,-0.086733155
0.50077176,0.8519519,0.8277853,0.84624696,0.83405006,0.6600204,0.8170229,0.0,0.9170413,0.156822,-0.277298,-0.21643627,0.024222016,0.41851845,0.34915587,0.89845634,0.38809538,0.8204468,0.61408097,0.7034117,0.7571579,0.06544656,0.591689,-0.14536281,-0.19188893,-0.45628443,-0.032352723,-0.06416388,0.31323305,-0.5049892,-0.1770838,0.32856125,0.2562474,0.4240566,-0.5127646,0.56690705,-0.25407487,0.06696094,-0.576949,-0.17548141,-0.58747524,-0.5771615,-0.7458013,-0.63726735,-0.45592496,-0.29203206,-0.4572,-0.2099004,0.05889071,-0.4749781,0.54256225,0.84816146,0.8688928,0.75752276,0.86474514,0.68273664,0.9696611,0.94737417,-0.34994823,-0.25887218,-0.3185999,-0.05344117,-0.20443462,0.37171295,0.6398613,0.3662239,0.15883,0.26589566,0.5995777,0.85305315,0.8170786,-0.051744696,0.82273275,-0.31997138,-0.19452015,-0.27935314,0.3047649,0.42922193,0.27858758,-0.21838742,-0.09818306,-0.606031,-0.31490996,-0.3183526,0.14232092,-0.29529348,0.026717724,-0.5889812,0.70415604,-0.75768554,-0.54586554,-0.44114956,-0.2719225,-0.52223706,-0.5048337,-0.7049423,-0.4808382,-0.11698119,0.562223,-0.33829305
0.6433117,0.8942289,0.93911624,0.8505492,0.88024217,0.8340205,0.85848695,0.9170413,0.0,0.30765036,-0.033470664,-0.0023166249,0.21286578,0.5307597,0.50028497,0.87866783,0.32095796,0.6267043,0.6205283,0.4987809,0.67393076,0.025083361,0.3802813,-0.069925204,0.012629672,-0.26628295,-0.25351927,0.025665253,0.47433743,-0.6119334,0.028982388,0.3510676,0.1726319,0.17474386,-0.5913914,0.46413848,-0.07968653,0.055957634,-0.6155164,-0.011060253,-0.6768746,-0.39537108,-0.6994921,-0.45947152,-0.553888,-0.44276,-0.6265769,-0.36881816,0.2917911,-0.38768354,0.6935983,0.93397146,0.8889005,0.79208964,0.9489944,0.8402228,0.89240897,0.9645577,-0.13528657,-0.03232824,-0.09054367,0.14886548,0.02110051,0.4903549,0.6486512,0.49760374,0.37193504,0.36970562,0.5119354,0.69299674,0.720316,0.12378046,0.67865086,-0.08617944,-0.001984794,-0.07361944,0.45588186,0.48114043,0.40675843,-0.11181675,-0.054832384,-0.65230787,-0.24033447,-0.23270567,-0.044164795,-0.39819726,0.18445215,-0.5532051,0.5650985,-0.6787271,-0.42128155,-0.2887359,-0.1915982,-0.28334305,-0.3603037,-0.51583934,-0.62110174,-0.3298766,0.70564675,-0.16720702
0.45500475,0.3700264,0.39061826,0.33205986,0.39836425,0.46018335,0.2390312,0.156822,0.30765036,0.0,0.73041886,0.7944719,0.6692235,0.47615194,0.49552298,0.33440065,0.4839459,0.05502219,0.3990158,0.0046915268,0.24123189,0.3264503,-0.16733073,0.58302253,0.72265375,0.5037337,-0.4648748,0.5016159,0.7218391,-0.25754645,0.49380228,0.3713367,0.016107857,-0.08735716,-0.24148284,0.26837867,0.5830529,-0.14069161,-0.37264884,0.30657575,-0.5513502,0.43259814,0.026771978,-0.11683547,-0.437576,-0.6658964,-0.60625076,-0.6339497,0.33674392,-0.3206874,0.4876223,0.43673027,0.32719287,0.44189686,0.39071658,0.41345528,0.14824434,0.27899393,0.5963093,0.59495664,0.5830753,0.6294209,0.61278373,0.46440166,0.3891538,0.47253057,0.30243626,0.60850304,0.37222186,0.12575419,0.2299306,0.5381945,0.114673786,0.43127385,0.6304894,0.6146772,0.69076073,0.5582917,0.7363406,0.24611875,0.3990706,-0.25959882,0.23967679,0.16618043,-0.13553607,-0.24927571,0.7154943,0.07699479,0.17499283,-0.2296463,-0.14512262,0.40096802,0.107013166,0.3984491,0.35074192,-0.12854253,-0.7656308,-0.5553218,0.3504782,-0.16038123
0.35700932,-0.011152773,0.11671018,-0.087857984,0.014582568,0.32447544,-0.06584698,-0.277298,-0.033470664,0.73041886,0.0,0.8876711,0.72126323,0.34541538,0.43240172,-0.08950552,0.1492973,-0.4544758,0.09582086,-0.51483536,-0.16569129,0.18739735,-0.53379565,0.5017497,0.7942256,0.7200039,-0.5754719,0.5386609,0.6067748,-0.04584324,0.6222232,0.18355867,-0.13410601,-0.5196391,-0.09506647,-0.16407368,0.67324555,-0.11885764,-0.1047717,0.42535093,-0.27706155,0.72819316,0.2633413,0.35810947,-0.31315923,-0.49549544,-0.44934952,-0.5188858,0.5670442,0.07350793,0.38321862,0.090870686,-0.07215793,0.027940808,0.08284089,0.26947144,-0.2771125,-0.12856588,0.8840359,0.8905852,0.87033814,0.7476836,0.8157132,0.38057953,0.10407428,0.38381597,0.43137276,0.51448125,-0.03293227,-0.37387806,-0.21652998,0.6481762,-0.33692506,0.6854713,0.823082,0.8323,0.58556795,0.3280651,0.5288684,0.37272578,0.3357912,-0.04917219,0.28284174,0.3021507,-0.3803564,-0.18774454,0.6499132,0.30432346,-0.32979262,0.1934771,0.23283865,0.64218175,0.29129228,0.76547533,0.57025886,0.37039655,-0.5060419,-0.60515755,0.29378825,0.24492955
0.26131704,0.018838137,0.119378515,-0.048395917,0.032766666,0.29359436,-0.1015232,-0.21643627,-0.0023166249,0.7944719,0.8876711,0.0,0.65956175,0.22477622,0.30895314,-0.033816464,0.21428108,-0.37228927,0.013918442,-0.43705016,-0.18270917,0.25324813,-0.5755255,0.69221896,0.84590197,0.81038237,-0.5452634,0.5014629,0.58434963,-0.18485875,0.550567,0.2070647,-0.22520106,-0.41373008,-0.07763249,-0.071611315,0.618104,-0.33833036,-0.23468345,0.4318802,-0.38463068,0.74103403,0.32639322,0.20554163,-0.34544984,-0.636221,-0.47962096,-0.6696825,0.34933588,-0.14393672,0.2756644,0.14854518,-0.033545524,0.0854751,0.092377596,0.22141176,-0.23453361,-0.08269783,0.7670881,0.75112355,0.8119962,0.6934995,0.75920844,0.25200847,0.05183782,0.267776,0.3332745,0.46816236,0.079283,-0.26068917,-0.19720344,0.67365545,-0.30994874,0.6492717,0.8077002,0.84226054,0.5643885,0.37198013,0.6028233,0.24223094,0.550154,0.046898462,0.38478714,0.43325862,-0.25377956,-0.09693263,0.67744607,0.33099192,-0.18988074,0.18982965,0.025733994,0.4844385,0.1618284,0.6453012,0.68554074,0.2274578,-0.55697477,-0.58852965,0.14421834,0.01942763
0.40526438,0.27551946,0.32883883,0.24944669,0.27493384,0.44621828,0.33200824,0.024222016,0.21286578,0.6692235,0.72126323,0.65956175,0.0,0.74955297,0.72765243,0.26975337,0.46658382,-0.058728952,0.5264249,-0.24584137,0.29702944,0.5499717,-0.12598336,0.32003176,0.6008856,0.36369097,-0.6358201,0.40474552,0.672389,-0.06716108,0.70811945,0.24591084,0.27712417,-0.14088002,0.02502624,-0.11515289,0.35410058,0.10879998,0.014904775,0.6014686,-0.31808227,0.36664733,0.10339706,-0.028876878,-0.47786254,-0.629781,-0.4209329,-0.5883863,0.5351083,-0.086747274,0.35392815,0.315875,0.24402997,0.27757287,0.2857367,0.5005688,0.0682342,0.16578397,0.71373737,0.78497505,0.69865686,0.9622618,0.8756041,0.78223425,0.55843526,0.7287797,0.5864618,0.8072661,0.34793562,0.000532246,0.19488601,0.7400283,0.09867115,0.674901,0.73426604,0.60731727,0.72789073,0.518125,0.7121661,0.40361705,0.2455666,-0.14398378,0.24847423,0.25265437,-0.25342947,-0.09202246,0.4269372,0.072015025,-0.16766365,-0.061051447,0.17369123,0.5668651,0.49953222,0.601468,0.33191198,0.008683407,-0.6132635,-0.48275042,0.45652226,0.037909824
0.56699985,0.60074395,0.5923979,0.5969745,0.60592926,0.5956181,0.734654,0.41851845,0.5307597,0.47615194,0.34541538,0.22477622,0.74955297,0.0,0.8918397,0.60334903,0.52057755,0.34532243,0.8501323,0.17442548,0.7049313,0.45570493,0.3382532,-0.027762473,0.23704687,-0.13954842,-0.44364017,0.26473224,0.6520223,-0.0888745,0.52561015,0.3292676,0.5307932,0.13156605,-0.1297395,0.1037817,0.13509263,0.4182916,-0.024639072,0.39344904,-0.35425717,-0.11557187,-0.29994714,-0.27351826,-0.47181594,-0.43919805,-0.40786934,-0.34490374,0.5405598,-0.11002624,0.5480017,0.5632517,0.5971353,0.56194067,0.5640618,0.70401955,0.47570556,0.527359,0.37147292,0.46744603,0.29664496,0.68641347,0.5387319,0.96508133,0.87321615,0.920251,0.60888755,0.7903566,0.53620857,0.36011165,0.6065717,0.45745304,0.53033906,0.35881677,0.36830115,0.19599098,0.71258736,0.5814815,0.61899835,0.36010125,-0.08992487,-0.43260583,0.013447037,-0.10172873,-0.13424554,-0.20495218,0.24930592,-0.24276505,0.12620685,-0.43693364,0.13048247,0.36562625,0.44214854,0.25290683,-0.16592833,-0.2663478,-0.59957886,-0.30406708,0.7063112,0.019988008
0.54617196,0.569383,0.5875185,0.5529948,0.5574504,0.60878956,0.6986134,0.34915587,0.50028497,0.49552298,0.43240172,0.30895314,0.72765243,0.8918397,0.0,0.5561644,0.3650577,0.221812,0.6883075,0.06948386,0.6011073,0.37709498,0.22034436,0.0978847,0.29297197,-0.0028316998,-0.39864737,0.42667806,0.7588702,-0.06954817,0.53857535,0.25923482,0.471377,-0.013955917,-0.13354793,0.061364308,0.24348533,0.26564577,-0.10149887,0.39344186,-0.3977205,0.008952726,-0.24268918,-0.1563795,-0.43104416,-0.464996,-0.42563447,-0.37594792,0.56053174,-0.10727385,0.5663614,0.5548193,0.57907015,0.5420585,0.5319743,0.7120687,0.4058484,0.48461443,0.46297303,0.5281753,0.39866278,0.6877304,0.61563355,0.87553346,0.7694627,0.98287874,0.66266274,0.7257077,0.46499935,0.28470692,0.5312393,0.5413032,0.42974323,0.46426448,0.44696677,0.31580374,0.80986756,0.6668229,0.6461349,0.37773314,0.026983531,-0.3517316,0.14611514,0.05418063,-0.09457124,-0.14541966,0.37900284,-0.074438244,0.1020383,-0.31637353,0.17978345,0.36250946,0.3970428,0.3675617,-0.023173708,-0.13500531,-0.57611966,-0.29677972,0.70545316,0.071372315
0.4830347,0.92457366,0.84392434,0.9366896,0.8870738,0.675589,0.8712596,0.89845634,0.87866783,0.33440065,-0.08950552,-0.033816464,0.26975337,0.60334903,0.5561644,0.0,0.515206,0.79854673,0.71663773,0.6511137,0.84510696,0.2915328,0.56773543,0.013711793,-0.012669855,-0.33715633,-0.14216168,0.10933348,0.5255445,-0.45065463,0.07143313,0.30823287,0.39498717,0.44734585,-0.37202471,0.52061206,-0.11814099,0.053568892,-0.52659875,-0.00020106927,-0.65136415,-0.42748666,-0.598102,-0.6612396,-0.5142274,-0.47634977,-0.48883057,-0.3743626,0.1081606,-0.5422627,0.5520041,0.90576136,0.95644623,0.8704638,0.83300275,0.7371201,0.91107035,0.93108076,-0.12621346,-0.054440357,-0.10037354,0.20117518,0.060508236,0.5554268,0.7905671,0.57513887,0.28436878,0.5092153,0.7545339,0.8650668,0.88926214,0.21648815,0.8551045,-0.086329125,0.03626227,-0.077244624,0.5450573,0.6280749,0.55380124,-0.06511278,0.075186886,-0.51652,-0.07082332,-0.11982127,0.18514934,-0.18414035,0.18995027,-0.44465584,0.6754153,-0.7150353,-0.43923688,-0.24590014,-0.11000202,-0.27829596,-0.31969067,-0.69389874,-0.6186739,-0.14560446,0.58174753,-0.38986632
0.21326956,0.3975179,0.33458748,0.43618396,0.41433537,0.26705346,0.3624524,0.38809538,0.32095796,0.4839459,0.1492973,0.21428108,0.46658382,0.52057755,0.3650577,0.515206,0.0,0.5761547,0.66388315,0.4276114,0.61086416,0.67598945,0.4421194,0.14569607,0.2547735,-0.048181407,-0.20517923,0.08996104,0.39660013,-0.14559217,0.25940537,0.23434465,0.33395693,0.5285044,0.042762246,0.28061312,-0.06664191,0.11319883,-0.112840764,0.16307504,-0.32997128,-0.039541688,-0.09690397,-0.536697,-0.37434575,-0.40692046,-0.23856539,-0.34324914,0.0065077175,-0.40144497,0.21604474,0.38474438,0.40693545,0.41758382,0.34061587,0.31796837,0.4181659,0.37008247,0.128758,0.17489536,0.11389007,0.4008683,0.24148107,0.5184317,0.6322424,0.40343848,0.07034346,0.65793705,0.67493874,0.55418336,0.57404,0.29546294,0.5537251,0.060844813,0.26037386,0.11616332,0.432967,0.40653494,0.52071947,0.038764976,0.17620817,-0.25454196,-0.035107315,-0.08527513,0.07058152,-0.078875,0.10128299,-0.26338246,0.31358087,-0.43149936,-0.31930727,0.117611736,0.15711218,-0.06810306,-0.0785832,-0.5813372,-0.5256021,-0.1770752,0.21974486,-0.45278606
0.2358644,0.6595515,0.52859086,0.72663,0.65231323,0.30888832,0.64251596,0.8204468,0.6267043,0.05502219,-0.4544758,-0.37228927,-0.058728952,0.34532243,0.221812,0.79854673,0.5761547,0.0,0.6197872,0.87080413,0.82280695,0.3132962,0.829268,-0.15179005,-0.31556875,-0.595486,0.20728824,-0.10590144,0.16450928,-0.21797638,-0.23999536,0.21282783,0.46035048,0.76756775,-0.18049912,0.57638454,-0.37651286,0.12419889,-0.31158954,-0.22192816,-0.35692418,-0.63315797,-0.5574034,-0.80874467,-0.2641099,-0.13171853,-0.13685116,-0.02547714,-0.22433032,-0.5157128,0.23181044,0.5906614,0.70636714,0.626496,0.57020456,0.37789205,0.83921057,0.7250664,-0.44214624,-0.40332535,-0.4619023,-0.14373308,-0.31442153,0.29817736,0.63796014,0.27084884,-0.07594899,0.26707882,0.7378248,0.9473856,0.8761799,-0.13059749,0.91813344,-0.4269365,-0.28913218,-0.41485175,0.18964498,0.37556154,0.21717034,-0.21867733,-0.05937376,-0.3753861,-0.2174607,-0.29306734,0.3778206,-0.04168824,-0.12563112,-0.48089635,0.7518806,-0.7019689,-0.52941215,-0.4065016,-0.16313228,-0.6112769,-0.5333635,-0.8662207,-0.29196253,0.19070958,0.27833965,-0.5396378
0.56416726,0.68391126,0.6293225,0.70332867,0.70905966,0.5639734,0.7539376,0.61408097,0.6205283,0.3990158,0.09582086,0.013918442,0.5264249,0.8501323,0.6883075,0.71663773,0.66388315,0.6197872,0.0,0.48110294,0.8439631,0.42281523,0.58084095,-0.17337035,0.056783736,-0.37207246,-0.29426184,0.08012555,0.49147296,-0.15437257,0.29835823,0.37755498,0.5395327,0.3817811,-0.22054331,0.3156592,-0.03618604,0.47102848,-0.08862872,0.16552395,-0.36814824,-0.33658513,-0.47910255,-0.4886136,-0.46630186,-0.3186217,-0.3813534,-0.21662411,0.37142193,-0.20363674,0.52852654,0.6157004,0.67115355,0.64313257,0.6410288,0.6529972,0.6569113,0.6544964,0.10832164,0.2077935,0.027798988,0.43245173,0.23457465,0.8374761,0.906651,0.7310194,0.3751715,0.70370483,0.6414369,0.5902941,0.7766289,0.20305772,0.71721274,0.05738844,0.14108407,-0.04466422,0.5358268,0.48271692,0.48810527,0.19651686,-0.19889182,-0.566025,-0.20940253,-0.35116446,-0.06475417,-0.30390328,0.10072531,-0.47776526,0.35596433,-0.64782757,-0.097797945,0.1673397,0.29117626,-0.073459946,-0.41540134,-0.5359253,-0.5854539,-0.2304561,0.65294474,-0.14517345
0.11985347,0.5770804,0.39165914,0.64730865,0.60859174,0.16628464,0.4968334,0.7034117,0.4987809,0.0046915268,-0.51483536,-0.43705016,-0.24584137,0.17442548,0.06948386,0.6511137,0.4276114,0.87080413,0.48110294,0.0,0.6712463,0.14804474,0.782841,-0.17851907,-0.34640494,-0.6052939,0.3468913,-0.15075247,0.058504734,-0.1514342,-0.28771627,0.1319303,0.36974487,0.7580024,-0.1419953,0.69383645,-0.230737,0.14637503,-0.2518218,-0.35166728,-0.20877737,-0.59896684,-0.4587267,-0.68264717,-0.019777399,0.033858735,-0.006352947,0.1518394,-0.28086016,-0.38077626,0.15680784,0.47851396,0.59873194,0.6046903,0.45126772,0.19899698,0.68068963,0.61646795,-0.5243977,-0.5262266,-0.56442106,-0.33317372,-0.47319874,0.09891595,0.44835427,0.10091524,-0.21185187,0.08316115,0.5913773,0.81478703,0.7561613,-0.28551364,0.77459437,-0.50759345,-0.4237229,-0.50011724,0.051260367,0.24477462,0.1132905,-0.27776477,-0.10619308,-0.29823846,-0.15355946,-0.3202725,0.39340112,-0.03712501,-0.07797245,-0.43564305,0.80490947,-0.6115805,-0.45680472,-0.4071928,-0.22070177,-0.64012766,-0.5171451,-0.7464878,-0.17034468,0.28660822,0.12946148,-0.4505716
0.41794747,0.7363013,0.63360447,0.7897343,0.7324872,0.4790191,0.8048449,0.7571579,0.67393076,0.24123189,-0.16569129,-0.18270917,0.29702944,0.7049313,0.6011073,0.84510696,0.61086416,0.82280695,0.8439631,0.6712463,0.0,0.41147786,0.761307,-0.12923957,-0.14375885,-0.51003414,-0.043801248,0.09359882,0.43646812,-0.15920128,0.055496834,0.310774,0.5882716,0.5612502,-0.21063651,0.4128714,-0.20366667,0.28554922,-0.22698255,-0.00091932836,-0.43922994,-0.51581997,-0.5712518,-0.6944222,-0.43999308,-0.28447515,-0.30416927,-0.17974474,0.0916332,-0.4193062,0.40956888,0.66261005,0.77912307,0.6953033,0.6435388,0.5914757,0.8049398,0.74738204,-0.105273575,-0.04402881,-0.16998157,0.2137663,0.044179577,0.6775087,0.9056056,0.6457542,0.24084386,0.57028985,0.7822025,0.82092226,0.95898783,0.13149564,0.9284379,-0.10721133,-0.016967911,-0.18591942,0.49626708,0.58024573,0.43244445,0.075286,-0.08547964,-0.4763667,-0.14804938,-0.25032085,0.22831878,-0.12103875,0.033245794,-0.41913235,0.56687415,-0.69013417,-0.26305735,-0.0803346,0.12511426,-0.2867201,-0.46093366,-0.7208829,-0.47009417,0.006166263,0.53039134,-0.36413756
-0.035033375,0.15924658,0.07104167,0.21811353,0.13233809,0.042539492,0.17708385,0.06544656,0.025083361,0.3264503,0.18739735,0.25324813,0.5499717,0.45570493,0.37709498,0.2915328,0.67598945,0.3132962,0.42281523,0.14804474,0.41147786,0.0,0.2880843,0.30970144,0.25279343,0.10012832,-0.09079834,0.26707366,0.37845036,0.15467411,0.35344806,0.030775199,0.51404035,0.47642425,0.44762504,0.045140486,-0.024310952,-0.021281827,0.1334215,0.38353088,-0.09664247,0.12516801,0.25054318,-0.41300583,-0.17773522,-0.39312637,0.06311032,-0.31448904,-0.06626395,-0.34773737,-0.089180805,0.13588694,0.2001364,0.19959734,0.031908177,0.1462793,0.12494185,0.07543663,0.28881368,0.28940383,0.2885776,0.5506675,0.48001987,0.47408774,0.5090121,0.42757538,0.14075883,0.6519673,0.63850474,0.34442744,0.36381453,0.55641794,0.355686,0.30922234,0.42281595,0.27877364,0.47180972,0.47294903,0.54177654,0.15011457,0.4150081,0.22124656,0.37407255,0.37535283,0.28611466,0.40074387,0.13147052,0.18545373,0.12619254,-0.03635808,-0.061447043,0.22551149,0.33808532,0.18948695,0.24544622,-0.35432333,-0.2531104,0.120756984,0.023053072,-0.4147634
0.13823843,0.44041583,0.28536877,0.5274516,0.4409295,0.09780587,0.53575003,0.591689,0.3802813,-0.16733073,-0.53379565,-0.5755255,-0.12598336,0.3382532,0.22034436,0.56773543,0.4421194,0.829268,0.58084095,0.782841,0.761307,0.2880843,0.0,-0.33859468,-0.51550686,-0.7544892,0.40626156,-0.07592264,0.032901913,0.14130308,-0.27586335,0.1202552,0.64001715,0.77588296,0.040171485,0.44435674,-0.37244606,0.3643793,0.025648054,-0.24350888,-0.013260014,-0.69569623,-0.4643744,-0.62836045,0.012111916,0.20872563,0.17911528,0.31356168,-0.1778017,-0.23029555,0.09511491,0.30854234,0.49620366,0.40488622,0.33541793,0.19958495,0.6415733,0.48352727,-0.42868474,-0.41032708,-0.5384607,-0.21518095,-0.35576147,0.29457358,0.57035995,0.27513856,-0.1007435,0.16711289,0.5727831,0.7451981,0.76777464,-0.255149,0.83675057,-0.4511049,-0.40973857,-0.547403,0.07522648,0.26686418,-0.012830962,-0.14003971,-0.27855653,-0.24948458,-0.22243969,-0.3648139,0.4433456,0.098156035,-0.25813422,-0.31605658,0.5720654,-0.55236536,-0.2112452,-0.26186514,0.012434205,-0.54774714,-0.6535067,-0.670735,0.020189043,0.43870455,0.23556618,-0.3252979
-0.014020324,-0.016700663,-0.0269057,-0.020943912,-0.024599435,0.039641805,-0.18988724,-0.14536281,-0.069925204,0.58302253,0.5017497,0.69221896,0.32003176,-0.027762473,0.0978847,0.013711793,0.14569607,-0.15179005,-0.17337035,-0.17851907,-0.12923957,0.30970144,-0.33859468,0.0,0.5636045,0.68761075,-0.025067708,0.6244949,0.46123675,-0.032119483,0.1301394,0.16014479,-0.091182955,-0.078939036,0.0789005,0.17988989,0.50147283,-0.64359134,-0.37026232,0.17227577,-0.39848644,0.5232022,0.33741564,-0.10094784,-0.15410163,-0.5332993,-0.21170434,-0.5465547,-0.14875303,-0.4843157,0.016642507,0.08489323,-0.012189295,0.0924745,-0.01703951,-0.02554798,-0.1690961,-0.08762555,0.464505,0.3663287,0.5177071,0.34897774,0.49053535,-0.037984323,-0.042598847,0.07403077,-0.0125750145,0.22665192,0.28082082,-0.011028058,-0.06966716,0.54826134,-0.115786284,0.385055,0.5544044,0.64878327,0.45505193,0.5203008,0.4991659,0.10148087,0.8093536,0.32002956,0.5765043,0.6503452,0.32273343,0.3270187,0.6863493,0.5926794,0.16851072,0.1821194,-0.2477412,0.14315206,-0.046620477,0.30987144,0.68247706,-0.04313345,-0.3088298,-0.09381319,-0.16436042,-0.37573472
0.24911638,0.051876355,0.1673868,-0.014391818,0.07252403,0.30172965,-0.10514987,-0.19188893,0.012629672,0.72265375,0.7942256,0.84590197,0.6008856,0.23704687,0.29297197,-0.012669855,0.2547735,-0.31556875,0.056783736,-0.34640494,-0.14375885,0.25279343,-0.51550686,0.5636045,0.0,0.8064796,-0.547578,0.40046778,0.5725635,-0.26850098,0.60178304,0.107263654,-0.2647922,-0.3712343,-0.048631724,-0.06635149,0.5791368,-0.26248366,-0.253263,0.29696134,-0.4003124,0.8026227,0.3842912,0.24894291,-0.24966994,-0.61727214,-0.4735786,-0.63779825,0.33639038,-0.14263232,0.32601118,0.17007579,0.015055926,0.13792649,0.08464056,0.22491035,-0.22162692,-0.061103396,0.66515136,0.65121216,0.728067,0.6257601,0.6750996,0.2446952,0.061913025,0.25247934,0.21771148,0.49095815,0.06370447,-0.22849703,-0.16318509,0.626212,-0.2897534,0.5140794,0.7261743,0.77734256,0.5291392,0.27723986,0.5988104,0.21192698,0.48626924,-0.04532512,0.35273734,0.35910898,-0.31997126,-0.1627583,0.6219081,0.21255526,-0.18707372,0.094710216,0.024211159,0.40541145,0.012771342,0.60728925,0.6176551,0.2363716,-0.60322446,-0.6134871,0.13481389,0.0025988463
0.008849072,-0.28405374,-0.12961212,-0.35276118,-0.27856356,0.053599063,-0.44037735,-0.45628443,-0.26628295,0.5037337,0.7200039,0.81038237,0.36369097,-0.13954842,-0.0028316998,-0.33715633,-0.048181407,-0.595486,-0.37207246,-0.6052939,-0.51003414,0.10012832,-0.7544892,0.68761075,0.8064796,0.0,-0.34582597,0.43816245,0.3386841,-0.113223314,0.3602962,0.014464675,-0.4665911,-0.53418314,0.06315207,-0.2081528,0.5435656,-0.52813894,-0.20340231,0.256926,-0.22304699,0.88110906,0.52961385,0.3950253,-0.0878215,-0.44285065,-0.2673115,-0.51698273,0.15428561,-0.07428033,0.04805301,-0.12975931,-0.31384125,-0.20794888,-0.19394213,-0.041511007,-0.48819503,-0.36417076,0.63420206,0.57405704,0.7256365,0.43233353,0.5974466,-0.109495595,-0.3111531,-0.057443943,0.088502735,0.17292033,-0.17447849,-0.4732431,-0.5022872,0.56552744,-0.57585263,0.5215718,0.68892646,0.8140058,0.2966675,0.13334262,0.3278365,0.14548188,0.62331384,0.26608095,0.43968284,0.55519116,-0.1891759,0.056725737,0.54450655,0.5095453,-0.33120838,0.43745616,0.05282076,0.3309506,-0.057363942,0.62414485,0.80280244,0.4351729,-0.26416132,-0.4162174,-0.13955732,0.051615443
-0.371294,-0.20583867,-0.3613506,-0.1298759,-0.20228241,-0.4845299,-0.2238426,-0.032352723,-0.25351927,-0.4648748,-0.5754719,-0.5452634,-0.6358201,-0.44364017,-0.39864737,-0.14216168,-0.20517923,0.20728824,-0.29426184,0.3468913,-0.043801248,-0.09079834,0.40626156,-0.025067708,-0.547578,-0.34582597,0.0,0.06318987,-0.3734041,0.50535035,-0.6681255,-0.14694165,0.23291424,0.44554135,0.29939216,0.30060443,-0.16606914,-0.10723927,0.12674507,-0.46041822,0.34146693,-0.34542143,0.03563052,-0.19634542,0.5445999,0.56937754,0.61626625,0.60602474,-0.578232,-0.09481312,-0.38316792,-0.31390703,-0.16586931,-0.18112838,-0.29465556,-0.48306334,-0.034844942,-0.18198983,-0.47411793,-0.5942454,-0.5563049,-0.65642035,-0.5474352,-0.49391118,-0.277824,-0.3888762,-0.5759498,-0.51905775,0.011065858,0.15576215,0.027176404,-0.443186,0.15724702,-0.53835756,-0.5399822,-0.44986203,-0.37663087,-0.059992813,-0.48025745,-0.26019117,-0.028136121,0.31748626,0.100558855,0.005845879,0.7001735,0.49168032,-0.19115485,0.32998285,0.31904542,0.03249175,-0.117383145,-0.39912948,-0.2671893,-0.4764473,-0.21195734,-0.1806872,0.57621175,0.79947877,-0.4066738,-0.27362847
0.25269163,0.10807624,0.11324284,0.09876084,0.108320996,0.19433984,0.056434713,-0.06416388,0.025665253,0.5016159,0.5386609,0.5014629,0.40474552,0.26473224,0.42667806,0.10933348,0.08996104,-0.10590144,0.08012555,-0.15075247,0.09359882,0.26707366,-0.07592264,0.6244949,0.40046778,0.43816245,0.06318987,0.0,0.634205,0.2836711,0.15268207,0.22289918,0.22693127,-0.13123776,0.03594929,0.15613872,0.54712003,-0.28618035,-0.20970294,0.12192577,-0.32597283,0.37866768,0.12095936,-0.007721478,-0.11297128,-0.28324798,-0.16896452,-0.27879354,0.16428316,-0.27078733,0.28043422,0.13978091,0.10569629,0.1593501,0.11182413,0.18949662,-0.040238824,-0.004645791,0.6162947,0.52345955,0.54391545,0.41792622,0.56312054,0.2571005,0.20338832,0.39313897,0.15595827,0.35796052,0.29170015,0.011844931,0.10669755,0.5414573,0.06921415,0.37071097,0.5575426,0.60575616,0.64765507,0.69171643,0.4281126,0.28240722,0.4617965,0.10994405,0.5043477,0.43568718,0.34121618,0.24147044,0.6859305,0.6173751,0.10919307,0.05096746,0.05357271,0.31294268,0.12182658,0.4287694,0.42876202,0.048978414,-0.24981579,-0.0058218315,0.21276635,-0.12227742
0.54758716,0.53502965,0.60271126,0.50794655,0.55605745,0.6485644,0.48804274,0.31323305,0.47433743,0.7218391,0.6067748,0.58434963,0.672389,0.6520223,0.7588702,0.5255445,0.39660013,0.16450928,0.49147296,0.058504734,0.43646812,0.37845036,0.032901913,0.46123675,0.5725635,0.3386841,-0.3734041,0.634205,0.0,-0.20344357,0.4860766,0.26292804,0.22402476,-0.071792856,-0.20405923,0.23014441,0.47922388,-0.11738299,-0.39616314,0.29447553,-0.6112272,0.2911104,-0.1119948,-0.14361222,-0.44589874,-0.66749704,-0.56523603,-0.5722319,0.45553198,-0.30970046,0.6227338,0.5958302,0.53860855,0.5791333,0.5400408,0.67095286,0.32768354,0.44073978,0.5916388,0.5988269,0.58373576,0.6640342,0.68110913,0.6294125,0.5962967,0.7340972,0.5231288,0.7265137,0.52701163,0.28545848,0.44031677,0.70622724,0.32329658,0.508851,0.6600053,0.60402733,0.96001613,0.7820895,0.77334505,0.28727478,0.40397274,-0.24495174,0.33979225,0.28507704,-0.00459557,-0.09833443,0.67832106,0.113708965,0.23535408,-0.20620526,-0.022946786,0.32018232,0.16130158,0.43361723,0.29511085,-0.12928516,-0.73417586,-0.3794542,0.58345246,-0.08083777
-0.26868805,-0.49259168,-0.6172534,-0.4224596,-0.49019176,-0.57214844,-0.3373622,-0.5049892,-0.6119334,-0.25754645,-0.04584324,-0.18485875,-0.06716108,-0.0888745,-0.06954817,-0.45065463,-0.14559217,-0.21797638,-0.15437257,-0.1514342,-0.15920128,0.15467411,0.14130308,-0.032119483,-0.26850098,-0.113223314,0.50535035,0.2836711,-0.20344357,0.0,-0.103379525,-0.07326864,0.41666132,0.13460147,0.5632731,-0.1459004,0.11901741,0.2641435,0.6284906,0.028838135,0.60022557,-0.017036004,0.3066159,0.15760234,0.51660466,0.53390944,0.6729575,0.5557512,-0.12707596,0.29894093,-0.40139592,-0.6222263,-0.4832116,-0.46942383,-0.56471974,-0.50881714,-0.43395156,-0.57208574,0.14948782,0.04555872,-0.02445786,-0.06341159,0.025271198,-0.07404361,-0.17223673,-0.049246285,-0.1839638,-0.15778355,-0.14992721,-0.2957175,-0.22473474,-0.11259168,-0.14471823,0.025227727,-0.08508001,-0.0765587,-0.15224557,-0.040213596,-0.29615787,0.27073234,-0.13200851,0.42787448,0.24092293,0.09536809,0.36238554,0.49549124,-0.072387904,0.5673468,-0.2223794,0.32929334,0.46359548,0.3368187,0.3885951,0.16472596,0.010609829,0.20996301,0.5661786,0.5766352,-0.25913686,0.13161819
0.17288893,0.14624818,0.16712852,0.112615556,0.14269319,0.25231183,0.16314816,-0.1770838,0.028982388,0.49380228,0.6222232,0.550567,0.70811945,0.52561015,0.53857535,0.07143313,0.25940537,-0.23999536,0.29835823,-0.28771627,0.055496834,0.35344806,-0.27586335,0.1301394,0.60178304,0.3602962,-0.6681255,0.15268207,0.4860766,-0.103379525,0.0,-0.047634535,0.09614474,-0.21872646,0.17116863,-0.26327693,0.38459867,0.2237012,0.19204316,0.5663184,-0.069580294,0.46791968,0.33888343,0.28023598,-0.14536016,-0.43203208,-0.23540582,-0.38012722,0.5219556,0.19568792,0.22847597,0.16378191,0.13578811,0.21070038,0.054772675,0.3085025,-0.1591521,0.0007542842,0.57268494,0.6109972,0.576353,0.73050773,0.6804032,0.53191495,0.27918,0.5179291,0.5392111,0.5883401,0.063539155,-0.21233116,-0.02656462,0.56217015,-0.16187246,0.6460957,0.55767095,0.47273389,0.4972202,0.16386512,0.60236305,0.36712372,0.09548065,-0.046034772,0.32930404,0.22280927,-0.47893208,-0.13493107,0.32108977,0.0029469524,-0.340648,0.09047039,0.4244033,0.5976335,0.41596383,0.6903845,0.35238722,0.30199984,-0.43823853,-0.44838512,0.27008653,0.26832214
0.5572459,0.28473723,0.3139827,0.2560795,0.2798103,0.34283486,0.31356445,0.32856125,0.3510676,0.3713367,0.18355867,0.2070647,0.24591084,0.3292676,0.25923482,0.30823287,0.23434465,0.21282783,0.37755498,0.1319303,0.310774,0.030775199,0.1202552,0.16014479,0.107263654,0.014464675,-0.14694165,0.22289918,0.26292804,-0.07326864,-0.047634535,0.0,0.18054625,0.00054289063,-0.37606245,0.30468377,0.17326953,0.14346072,-0.21674258,0.10057854,-0.4085476,-0.1388524,-0.3687196,-0.2906663,-0.42221686,-0.19935751,-0.39437494,-0.273274,0.21545391,-0.2889795,0.43875736,0.30143616,0.25980958,0.20964915,0.40136084,0.30620348,0.34907788,0.31627324,0.13619404,0.15326838,0.06229269,0.169638,0.10147624,0.3148591,0.32473487,0.25318176,0.07644891,0.20178288,0.2409418,0.23430581,0.28753632,0.0115813045,0.28953645,-0.034570202,0.08143041,0.09486931,0.24585861,0.3046061,0.2002827,0.3275309,-0.06899833,-0.42279458,-0.15320691,-0.21413265,0.039461095,-0.24893488,0.3019742,-0.09343857,0.23736729,-0.5047495,-0.13156289,0.15587495,0.06642777,-0.08485121,-0.1902053,-0.31789187,-0.3608825,-0.25381377,0.40528256,-0.18069048
0.13777505,0.3173718,0.14668272,0.38229656,0.29993233,0.05027017,0.45551017,0.2562474,0.1726319,0.016107857,-0.13410601,-0.22520106,0.27712417,0.5307932,0.471377,0.39498717,0.33395693,0.46035048,0.5395327,0.36974487,0.5882716,0.51404035,0.64001715,-0.091182955,-0.2647922,-0.4665911,0.23291424,0.22693127,0.22402476,0.41666132,0.09614474,0.18054625,0.0,0.54822594,0.31424916,0.26332012,-0.028999183,0.37426877,0.24968468,0.14373016,0.052546423,-0.4270175,-0.14526442,-0.43211845,-0.01912293,0.032987278,0.26617265,0.15681866,0.056782763,-0.116269864,0.046580154,0.17959093,0.3622358,0.31469846,0.17329444,0.1883891,0.33074778,0.24484324,0.02428916,0.02996746,-0.09987096,0.22910635,0.14909698,0.5039247,0.58030933,0.5116222,0.17501515,0.37411293,0.5419044,0.4227451,0.52805567,0.15452673,0.5748173,0.018269952,-0.020829009,-0.16315909,0.3245281,0.4258839,0.26747215,0.2804144,-0.106722295,0.03505048,0.22189389,0.040100157,0.41596913,0.37668097,0.040177517,0.07315878,0.30162108,-0.28960183,0.15273975,0.17454489,0.37744394,-0.039543748,-0.26209646,-0.3861719,-0.012190341,0.4318804,0.27559617,-0.16873056
-0.1394945,0.29265487,0.06884161,0.40149605,0.29282442,-0.14357919,0.27723658,0.4240566,0.17474386,-0.08735716,-0.5196391,-0.41373008,-0.14088002,0.13156605,-0.013955917,0.44734585,0.5285044,0.76756775,0.3817811,0.7580024,0.5612502,0.47642425,0.77588296,-0.078939036,-0.3712343,-0.53418314,0.44554135,-0.13123776,-0.071792856,0.13460147,-0.21872646,0.00054289063,0.54822594,0.0,0.2832117,0.48289925,-0.33147362,0.120496824,0.058648434,-0.136476,0.026723778,-0.5175511,-0.1392486,-0.7233379,0.101548746,0.08133797,0.31069243,0.20362222,-0.45511895,-0.378861,-0.20409213,0.17203939,0.33339426,0.33533224,0.11842816,-0.064590596,0.43300748,0.3035458,-0.4534742,-0.47061116,-0.49928358,-0.19824047,-0.33701736,0.0830627,0.37740785,0.049087156,-0.28911835,0.124360666,0.6183959,0.70621264,0.5965245,-0.16580707,0.6643302,-0.39792836,-0.34303918,-0.4599405,-0.027661122,0.19345711,0.09474133,-0.21725534,0.029815318,0.051405355,0.035672635,-0.08187516,0.54831415,0.32838595,-0.20875855,-0.18336916,0.6109303,-0.37591702,-0.35119188,-0.30532905,-0.027854636,-0.54150516,-0.35721317,-0.73622036,0.036705654,0.5240871,-0.12815185,-0.55794793
-0.54163307,-0.44086733,-0.56070507,-0.3691343,-0.4653654,-0.5734964,-0.3554041,-0.5127646,-0.5913914,-0.24148284,-0.09506647,-0.07763249,0.02502624,-0.1297395,-0.13354793,-0.37202471,0.042762246,-0.18049912,-0.22054331,-0.1419953,-0.21063651,0.44762504,0.040171485,0.0789005,-0.048631724,0.06315207,0.29939216,0.03594929,-0.20405923,0.5632731,0.17116863,-0.37606245,0.31424916,0.2832117,0.0,-0.21999909,-0.027951773,0.06052369,0.6136266,0.26305953,0.57280743,0.17909692,0.6770722,0.113579065,0.54241157,0.2435643,0.72635233,0.30154166,-0.27070522,0.16447715,-0.582312,-0.5256238,-0.38596287,-0.3585412,-0.6198415,-0.492376,-0.47346765,-0.53882736,0.019048247,-0.045914195,-0.0050406554,0.06284214,0.111996256,-0.123277366,-0.2010651,-0.10203837,-0.14644478,-0.029126976,-0.03129064,-0.22544253,-0.25931454,0.12329152,-0.20848903,0.14348938,-0.0025491598,-0.03011551,-0.14679065,-0.14545211,-0.041872744,0.056393523,0.16405094,0.6691679,0.4734671,0.39874235,0.29728934,0.6794418,-0.14999989,0.44337973,-0.2432269,0.44666618,0.36987048,0.17711125,0.28778505,0.19812115,0.26844424,0.17882657,0.45178813,0.5338487,-0.48138207,-0.038043432
