0,1,2,3,4,5,6,7,8,9,10,11,12,13,14,15,16,17,18,19,20,21,22,23,24,25,26,27,28,29,30,31,32,33,34,35,36,37,38,39,40,41,42,43,44,45,46,47,48,49,50,51,52,53,54,55,56,57,58,59,60,61,62,63,64,65,66,67,68,69,70,71,72,73,74,75,76,77,78,79,80,81,82,83,84,85,86,87,88,89,90,91,92,93,94,95,96,97,98,99
0.0,-0.369434,-0.2426809,-0.15814348,-0.3041015,-0.24093492,-0.09177665,-0.0104091205,-0.15786041,0.5248426,-0.022341128,0.494242,-0.22544236,-0.7673601,-0.7594199,0.50477433,-0.3832234,-0.21975471,-0.52455664,-0.21872295,-0.64682347,0.0222273,-0.5914242,-0.03423045,-0.43473744,0.08916602,0.4797737,0.030942962,-0.07205365,-0.047146823,0.030504687,0.21079336,0.72851133,-0.24822748,0.25854963,-0.23378426,-0.37951928,0.64912534,0.6915884,0.5221123,-0.08803761,0.11887272,0.5418307,0.28784168,0.17945825,0.037636247,-0.3792937,-0.25624672,-0.2476661,-0.283545,0.075307906,-0.3054079,-0.41830125,-0.37785465,-0.26521015,-0.23198938,-0.3314624,-0.25411928,-0.4300947,0.030579945,-0.021203592,0.20034665,0.63335365,0.6804029,-0.6480085,-0.7027602,-0.28474277,-0.52358985,-0.5510685,-0.3032814,-0.55185354,0.01899126,-0.25401816,-0.35855117,-0.38339573,0.5200746,-0.6021366,0.12196932,0.24435268,-0.6772714,-0.05101146,-0.048246555,0.14193985,0.46971798,0.307565,0.19335648,-0.549709,0.11355341,-0.2863292,-0.52042896,-0.48173553,-0.11227896,-0.42503104,0.54455507,0.40784505,0.15400124,0.1319125,0.21288884,-0.22138824,-0.11416156
-0.369434,0.0,0.8170198,0.7584784,0.93459606,0.96282107,0.83357507,0.8491994,0.92965484,0.06473504,0.6089074,0.14033799,-0.113211036,0.62712413,0.673777,0.23397236,0.84032583,0.8650719,0.855666,0.883233,0.8559227,-0.48124486,-0.17793223,0.6811218,-0.2505452,-0.59721494,-0.73942184,-0.7274445,0.81244487,-0.75264347,-0.3465564,-0.65126,-0.55509615,0.80961996,-0.7363874,0.8985829,0.8562578,-0.6072727,-0.16446066,-0.18468075,0.78798795,-0.5987791,-0.8347201,0.14403187,-0.0062329215,-0.28437576,-0.44048086,-0.44354922,0.8857325,0.87870616,0.30270064,0.89804035,0.90495163,0.90126175,0.9329035,0.9232944,0.94821936,0.93348914,0.020186879,-0.52505416,-0.46966302,-0.40918186,-0.6033522,-0.57332134,0.80823976,0.50878537,0.8823894,0.57035625,0.7681899,0.92036146,0.8946121,-0.5924673,-0.37964442,0.6326483,0.15127268,-0.7636839,0.8075007,-0.82658595,0.05279138,0.5266506,0.36702535,0.802399,0.40978596,-0.4764775,-0.20440742,-0.619157,0.6706774,-0.7563404,0.8759269,0.83748376,0.4847407,-0.26439118,-0.13805303,-0.5625224,-0.34580132,0.30987322,-0.07815993,-0.75273967,0.74852294,0.6647345
-0.2426809,0.8170198,0.0,0.47620746,0.7124582,0.80953676,0.60816735,0.68579423,0.7626308,-0.054056194,0.43617514,0.10915937,0.13001345,0.56020343,0.62446564,0.17191659,0.7120178,0.5909912,0.6688437,0.64010864,0.66922086,-0.16810234,-0.06995155,0.46882603,-0.30542642,-0.35713327,-0.7526095,-0.7452189,0.64968204,-0.558584,-0.17945862,-0.6540856,-0.36986467,0.61520976,-0.7352567,0.7776218,0.5949969,-0.6486538,-0.16711149,-0.23567404,0.47680765,-0.5933835,-0.70566666,0.048680246,-0.10522582,-0.5422329,-0.3740995,-0.4020799,0.6193122,0.5907694,0.52378815,0.8568228,0.666258,0.65226656,0.87500453,0.7268869,0.79214305,0.6923556,0.33458242,-0.24615435,-0.080312975,-0.0054526683,-0.40194684,-0.4563675,0.5551026,0.45523363,0.6312529,0.69998544,0.68479514,0.67382604,0.668538,-0.34499997,-0.04744344,0.7729818,0.35499218,-0.44335437,0.6445687,-0.616924,-0.08220043,0.3751574,0.4347579,0.6633378,0.19062467,-0.37349737,-0.37258515,-0.47505233,0.3673748,-0.7806292,0.60246485,0.77352226,0.6290695,0.014532076,0.17213121,-0.39429116,-0.23368898,0.073479794,-0.34691662,-0.7366322,0.4393287,0.30598405
-0.15814348,0.7584784,0.47620746,0.0,0.9000476,0.7712461,0.898087,0.8526288,0.7831061,0.29806164,0.4979302,0.2281551,-0.40132236,0.28007224,0.33318102,0.4269044,0.58629715,0.7710209,0.69043654,0.8023584,0.57148737,-0.65708053,-0.37006375,0.58373713,-0.31314948,-0.6787651,-0.38835686,-0.60519385,0.7527164,-0.71816194,-0.5853633,-0.4702279,-0.30839458,0.68209493,-0.56192875,0.6323718,0.7191028,-0.18183224,0.14591569,0.15196621,0.79452,-0.3934363,-0.5978594,-0.0043693623,-0.1118968,0.09825424,-0.42499283,-0.49198252,0.86676395,0.8086308,0.15889774,0.6786618,0.7230807,0.8345337,0.7579309,0.7722552,0.67077184,0.7706858,-0.32021087,-0.55558527,-0.6055522,-0.4714716,-0.31759757,-0.2819923,0.69509685,0.21735913,0.7507974,0.2881067,0.5090325,0.76734173,0.65196586,-0.6306344,-0.63703144,0.3209816,0.0055532674,-0.654978,0.585286,-0.7455555,-0.050283834,0.22480194,0.23068906,0.7092158,0.32932246,-0.2428035,0.2248226,-0.3837493,0.62961364,-0.48383,0.7456569,0.4658346,0.030656861,-0.6138994,-0.41818956,-0.44387078,-0.21984985,0.2633992,0.35672873,-0.4506038,0.7813868,0.7608481
-0.3041015,0.93459606,0.7124582,0.9000476,0.0,0.9303408,0.8968876,0.89016837,0.91373354,0.13657105,0.6250384,0.19602953,-0.21806945,0.5260925,0.5738309,0.3020565,0.8018017,0.85371596,0.8289513,0.8882661,0.7848202,-0.5406699,-0.27159664,0.6672511,-0.25919026,-0.6125511,-0.6327272,-0.71571815,0.8261652,-0.7901794,-0.4929928,-0.6558131,-0.5076594,0.7712762,-0.6955738,0.82140213,0.8453914,-0.4849961,-0.075033,-0.09346444,0.81412053,-0.5676619,-0.8055712,0.093307726,-0.04718206,-0.13998607,-0.44048882,-0.47372374,0.9338522,0.88960654,0.26120004,0.8677179,0.8857835,0.951875,0.911293,0.9052808,0.87883526,0.9069086,-0.10128271,-0.5325012,-0.5640094,-0.4768215,-0.5334971,-0.5056285,0.8131748,0.39601618,0.8766149,0.48866135,0.6924694,0.89442235,0.8236498,-0.6572189,-0.51333016,0.5358057,0.07893325,-0.7598296,0.7567822,-0.8558733,-0.010504663,0.4377202,0.30098608,0.78900033,0.385569,-0.42791048,-0.05637263,-0.576808,0.6687115,-0.67976034,0.8558723,0.7100072,0.32865748,-0.39653414,-0.24991226,-0.554569,-0.32770005,0.2985102,0.09178981,-0.66498643,0.7876087,0.7169674
-0.24093492,0.96282107,0.80953676,0.7712461,0.9303408,0.0,0.8629483,0.88961613,0.9782145,0.18440694,0.6990949,0.31108767,-0.10992041,0.5393414,0.59614736,0.32413802,0.86446667,0.8867121,0.81909937,0.9173843,0.7981707,-0.48288667,-0.29239002,0.7645962,-0.30094427,-0.600035,-0.7150256,-0.7654857,0.8931637,-0.8239034,-0.36039716,-0.7407545,-0.46725747,0.8038916,-0.7400671,0.9338496,0.88566595,-0.52966034,-0.06353201,-0.11120113,0.8295175,-0.68364465,-0.82588387,0.2240513,0.082552396,-0.33700657,-0.55010855,-0.51853615,0.91242456,0.906418,0.3758705,0.9253467,0.9142516,0.8904418,0.9519042,0.9695732,0.9639947,0.95551217,-0.05114979,-0.58187586,-0.5326043,-0.41272897,-0.5347116,-0.49107048,0.76505566,0.4260184,0.9217226,0.5568109,0.74683553,0.9386041,0.8530736,-0.6837815,-0.46582904,0.6298086,0.11122984,-0.74448365,0.7908862,-0.89170897,0.123077236,0.4323344,0.40775678,0.87350667,0.49849182,-0.4733642,-0.20620006,-0.68520147,0.6494784,-0.8148288,0.9025421,0.8098999,0.46918347,-0.31711495,-0.2082412,-0.5674829,-0.34710893,0.38264668,-0.089530565,-0.7874461,0.7857787,0.70160466
-0.09177665,0.83357507,0.60816735,0.898087,0.8968876,0.8629483,0.0,0.9592154,0.8915489,0.44079512,0.5973876,0.4003644,-0.32266486,0.2666264,0.35329762,0.59743834,0.6737367,0.9027166,0.760967,0.9260529,0.60461825,-0.63817286,-0.4828267,0.762123,-0.48294345,-0.755745,-0.42104208,-0.77401143,0.88800967,-0.8524508,-0.433162,-0.5789137,-0.2251508,0.86218464,-0.57827204,0.81770587,0.79621375,-0.20385632,0.2526066,0.23699877,0.9111665,-0.584421,-0.63802147,0.21364151,0.03157985,-0.18599081,-0.632837,-0.70317954,0.86958605,0.8920012,0.2815131,0.75809693,0.74215674,0.7885521,0.82762784,0.867483,0.7830599,0.8795618,-0.34717515,-0.66014296,-0.5588249,-0.3756815,-0.2677814,-0.20907794,0.63234043,0.20280159,0.82866406,0.34235105,0.6056889,0.87230235,0.69842833,-0.693538,-0.6475099,0.50783867,0.089750275,-0.61210793,0.6465793,-0.87105256,0.16586284,0.14023401,0.4448232,0.8773361,0.5193458,-0.17214367,0.12616116,-0.47781473,0.6223812,-0.71278584,0.8653514,0.6336207,0.12057001,-0.6042612,-0.42367914,-0.3888203,-0.106398344,0.45475984,0.140937,-0.66859,0.825014,0.8164413
-0.0104091205,0.8491994,0.68579423,0.8526288,0.89016837,0.88961613,0.9592154,0.0,0.9130134,0.41976637,0.5758604,0.41124165,-0.2951175,0.2519639,0.33366656,0.60930943,0.67903954,0.86497253,0.71684563,0.89299494,0.5832322,-0.5744007,-0.5033542,0.72882164,-0.520463,-0.69513816,-0.4413397,-0.7945029,0.8763994,-0.84655136,-0.41544178,-0.5866344,-0.19197065,0.82902867,-0.5930085,0.8349032,0.74788314,-0.23172055,0.25827822,0.21247412,0.8707358,-0.58107036,-0.6166553,0.25074095,0.04979168,-0.23295745,-0.64976585,-0.68317086,0.8477194,0.8452061,0.31182945,0.78320104,0.72797215,0.77089214,0.8633033,0.86513066,0.8036451,0.8773668,-0.30063775,-0.6140867,-0.52037257,-0.32201502,-0.24834488,-0.19879779,0.5834345,0.18518493,0.80644876,0.34187612,0.5804455,0.8535329,0.6780694,-0.6496095,-0.5929612,0.5198304,0.05534328,-0.55417424,0.59479403,-0.84642684,0.16820373,0.13787472,0.4419571,0.8747529,0.51693135,-0.16382839,0.084477656,-0.48391742,0.52174884,-0.74077785,0.8266575,0.6331864,0.16758397,-0.5076791,-0.41201758,-0.32067224,-0.08517632,0.44618252,0.08235714,-0.6775327,0.74669236,0.73542655
-0.15786041,0.92965484,0.7626308,0.7831061,0.91373354,0.9782145,0.8915489,0.9130134,0.0,0.28890142,0.6862892,0.38271424,-0.18598193,0.4377086,0.49862272,0.40862867,0.8182856,0.9090032,0.76533854,0.92985415,0.7309907,-0.5437671,-0.3899162,0.783921,-0.37711573,-0.6399236,-0.64393955,-0.7751576,0.9259342,-0.8585297,-0.38482296,-0.73549116,-0.37811455,0.8114328,-0.7023673,0.9320389,0.87879026,-0.42864782,0.035642885,-0.0065586427,0.87063944,-0.6931927,-0.77217865,0.2681223,0.115230046,-0.3099014,-0.62167114,-0.5785578,0.9096654,0.92088395,0.39302427,0.9020532,0.889174,0.85969317,0.92464405,0.96759105,0.9473224,0.9595783,-0.15137969,-0.6164758,-0.5673514,-0.41450837,-0.4549157,-0.3962856,0.7194531,0.33738634,0.92892075,0.4871275,0.68948597,0.94718415,0.80821437,-0.6961869,-0.5383468,0.57693046,0.06346754,-0.70559734,0.73650795,-0.9013215,0.16847621,0.35190332,0.41392338,0.9054555,0.5522421,-0.4081819,-0.13850819,-0.66508055,0.62634635,-0.81192786,0.9166794,0.75898093,0.38562986,-0.38538226,-0.30475187,-0.51293635,-0.288896,0.43936336,-0.04056844,-0.7652904,0.81377375,0.7508977
0.5248426,0.06473504,-0.054056194,0.29806164,0.13657105,0.18440694,0.44079512,0.41976637,0.28890142,0.0,0.2307251,0.7404702,-0.33667943,-0.5141037,-0.40896285,0.8460405,-0.007985296,0.36913806,0.024019357,0.38048783,-0.204318,-0.4180311,-0.6585786,0.49865797,-0.56475544,-0.49580956,0.293179,-0.33545682,0.49530047,-0.4049529,-0.0886391,-0.11992214,0.53321505,0.3589541,0.044359546,0.2648281,0.21930435,0.5970943,0.854525,0.80902237,0.49638277,-0.25096703,0.12630935,0.39953348,0.35512862,-0.09227681,-0.64934844,-0.6255506,0.20744056,0.31896448,0.17462039,0.06495291,0.029514221,-0.018659215,0.10991327,0.2575089,0.10267677,0.24572614,-0.7237131,-0.52150977,-0.32008564,0.0035265656,0.4700712,0.63188404,-0.11385244,-0.3239088,0.25479743,-0.18890607,0.017703628,0.2670504,-0.004228189,-0.39965913,-0.53827536,0.008590998,-0.04028678,0.04818021,-0.013882639,-0.3244662,0.4902898,-0.61696553,0.47506443,0.52943015,0.5709449,0.39844394,0.4235188,-0.029667774,0.0957552,-0.3083194,0.3144505,0.010086399,-0.3837345,-0.6884758,-0.6017667,0.15543202,0.2948722,0.5426029,0.21765475,-0.17546819,0.37675655,0.4995505
-0.022341128,0.6089074,0.43617514,0.4979302,0.6250384,0.6990949,0.5973876,0.5758604,0.6862892,0.2307251,0.0,0.4999825,0.052553996,0.3725031,0.387945,0.216646,0.7509084,0.6436099,0.54335576,0.69122875,0.5769462,-0.21645723,-0.32469663,0.74735147,-0.051588766,-0.29163814,-0.46513078,-0.4591116,0.6893136,-0.68454176,-0.2242903,-0.667922,-0.38613153,0.5253759,-0.38186404,0.67606884,0.7121452,-0.36610165,-0.065137304,-0.12273597,0.66247547,-0.6329379,-0.6276536,0.43631625,0.38503742,-0.29381764,-0.4485521,-0.38995397,0.67674154,0.6834121,0.18247281,0.6063999,0.6954536,0.6473353,0.5961602,0.72228426,0.6905938,0.69890165,-0.16342598,-0.52746475,-0.60184634,-0.5131759,-0.47210518,-0.37365207,0.5309158,0.21637784,0.7315591,0.33516052,0.5163544,0.67956394,0.5699552,-0.75187665,-0.51590294,0.42427653,-0.1356398,-0.605322,0.5698642,-0.771994,0.29868102,0.30287665,0.2653471,0.63202965,0.60130036,-0.4504868,-0.27295804,-0.75447595,0.47969267,-0.601484,0.6790097,0.53651094,0.35327435,-0.20944484,-0.2503015,-0.46009955,-0.36110926,0.51680946,-0.15601104,-0.6558737,0.56151074,0.5091363
0.494242,0.14033799,0.10915937,0.2281551,0.19602953,0.31108767,0.4003644,0.41124165,0.38271424,0.7404702,0.4999825,0.0,-0.0014010983,-0.26648977,-0.20060219,0.6134241,0.29476747,0.36884025,0.103501946,0.40615335,-0.019046493,-0.13883254,-0.606296,0.62980723,-0.35409105,-0.2475162,0.016371142,-0.37810552,0.540607,-0.48560494,-0.04811884,-0.40195355,0.30139422,0.3038352,-0.053866968,0.38301367,0.34376556,0.2770424,0.5614863,0.45950758,0.47114176,-0.48514718,-0.10331462,0.59229887,0.5736178,-0.37460724,-0.6569189,-0.54002327,0.2822042,0.35584542,0.29877615,0.22878586,0.19617112,0.11040168,0.23527752,0.3752568,0.2544023,0.3370361,-0.47540566,-0.52893364,-0.42523623,-0.1421757,0.18186812,0.3701627,-0.027207652,-0.2362926,0.36237466,0.008810986,0.14383407,0.3285019,0.081381306,-0.62404394,-0.5087194,0.14315748,-0.13599296,-0.09328978,0.13165775,-0.47728097,0.5176599,-0.40717936,0.46012625,0.5533904,0.67826176,0.03531681,-0.036572035,-0.43235496,0.10779956,-0.48719472,0.35556147,0.1284645,-0.045677144,-0.39284688,-0.43946528,-0.03378209,-0.008251379,0.5965483,-0.1478654,-0.42044556,0.33769494,0.37104002
-0.22544236,-0.113211036,0.13001345,-0.40132236,-0.21806945,-0.10992041,-0.32266486,-0.2951175,-0.18598193,-0.33667943,0.052553996,-0.0014010983,0.0,0.40183043,0.3933594,-0.40413725,0.23710869,-0.2659134,0.07542323,-0.21782124,0.16471301,0.7275911,0.54478633,-0.030669989,0.5036543,0.47691852,-0.22635078,0.18591027,-0.21330681,0.34549582,0.5743285,-0.1220471,-0.18192446,-0.18620732,0.09321319,-0.036776207,-0.049693137,-0.38328144,-0.3918258,-0.40930748,-0.32640398,-0.12954347,-0.13768788,0.16881938,0.31997862,-0.51283646,0.3180549,0.37695006,-0.2215774,-0.22141078,0.058935538,-0.012858171,-0.064968355,-0.16940276,-0.047044598,-0.12087318,-0.04070203,-0.15834777,0.58888996,0.27170575,0.2972493,0.21102807,-0.22234547,-0.17024785,-0.009750915,0.40788373,-0.15962416,0.44734782,0.32324982,-0.17592719,0.047213238,0.043679036,0.5767039,0.30112597,0.3571974,0.0349386,0.20084777,0.1769267,0.08566667,0.15924062,0.31562322,-0.15947664,-0.012921591,-0.33052582,-0.6983858,-0.21726209,-0.024767369,-0.08889363,-0.19703661,0.20910695,0.61670494,0.55655015,0.71595734,-0.15395181,-0.3156671,-0.08065517,-0.71442145,-0.20549282,-0.33125374,-0.46174666
-0.7673601,0.62712413,0.56020343,0.28007224,0.5260925,0.5393414,0.2666264,0.2519639,0.4377086,-0.5141037,0.3725031,-0.26648977,0.40183043,0.0,0.974199,-0.45363018,0.7271999,0.4000362,0.7165948,0.4183972,0.88894475,0.043986954,0.4873844,0.29430097,0.42290184,-0.084273264,-0.7980056,-0.2303019,0.2783808,-0.17056134,0.022278184,-0.4388819,-0.8805411,0.38773116,-0.5136987,0.50611264,0.59398496,-0.9013242,-0.7508877,-0.71109074,0.25494552,-0.32133543,-0.7663048,-0.07082662,-0.032860424,-0.29081547,0.16640942,0.1779283,0.47425866,0.46605828,0.07952331,0.58681804,0.66500133,0.61514497,0.55418193,0.50503635,0.6181379,0.51361245,0.518908,-0.13621335,-0.1615544,-0.33757564,-0.8667189,-0.849249,0.7701214,0.82380754,0.49621823,0.71187276,0.7611108,0.5168093,0.7606826,-0.30252078,0.18532784,0.5274698,0.3050697,-0.6977836,0.80266017,-0.3708548,-0.13604626,0.8372728,0.1751974,0.27364472,0.045398362,-0.75205684,-0.6101863,-0.5504686,0.60747665,-0.40342155,0.4747885,0.7237506,0.75794303,0.23183325,0.4438432,-0.70380634,-0.63323224,-0.046917632,-0.36897406,-0.5300317,0.32210323,0.16381375
-0.7594199,0.673777,0.62446564,0.33318102,0.5738309,0.59614736,0.35329762,0.33366656,0.49862272,-0.40896285,0.387945,-0.20060219,0.3933594,0.974199,0.0,-0.3386883,0.75198734,0.4699043,0.7727836,0.49592683,0.9090559,-0.00046961254,0.45166817,0.36069223,0.31930277,-0.16491291,-0.80583876,-0.33453107,0.3700652,-0.22687341,0.009122765,-0.48780602,-0.83317375,0.47814217,-0.5519921,0.5811173,0.6456896,-0.87374985,-0.6527592,-0.60892904,0.3226483,-0.382822,-0.7879043,-0.057595283,-0.0344525,-0.3541176,0.10138783,0.07130184,0.5073199,0.5252241,0.14920454,0.64594895,0.68570775,0.6306538,0.61328316,0.55961794,0.66436356,0.5641276,0.48817277,-0.18880565,-0.14390415,-0.27089176,-0.79967314,-0.7765647,0.7919205,0.8456023,0.54747534,0.7755742,0.8334562,0.58135843,0.803518,-0.3426721,0.17421445,0.627427,0.40160707,-0.7006069,0.85794157,-0.42557877,-0.119247995,0.7649025,0.29855087,0.3774924,0.08782486,-0.69180906,-0.57515615,-0.5379584,0.6445089,-0.4983032,0.53903496,0.7944393,0.7528815,0.13501681,0.42627257,-0.703688,-0.58871275,-0.01131914,-0.38061824,-0.60979885,0.37534377,0.22081442
0.50477433,0.23397236,0.17191659,0.4269044,0.3020565,0.32413802,0.59743834,0.60930943,0.40862867,0.8460405,0.216646,0.6134241,-0.40413725,-0.45363018,-0.3386883,0.0,0.055774268,0.45627877,0.14945339,0.47297296,-0.115770355,-0.44630563,-0.7135048,0.4707205,-0.7737601,-0.56267196,0.22925775,-0.5167769,0.5425963,-0.5300021,-0.18071973,-0.14314544,0.51352924,0.5055644,-0.048793398,0.37677753,0.2120685,0.47344643,0.84778196,0.8015334,0.56041545,-0.29055774,0.06438769,0.35310152,0.16216914,-0.14174692,-0.69134307,-0.7759655,0.29175106,0.36324176,0.1929028,0.19321565,0.07182929,0.1072084,0.2830475,0.333072,0.20907764,0.34424746,-0.64375126,-0.4791528,-0.23123658,0.0846186,0.46118456,0.5421829,-0.09807003,-0.33762053,0.28792664,-0.1503393,0.0638171,0.34301037,0.056383997,-0.33114618,-0.5324404,0.17680304,0.00022631937,0.0783372,-0.0014586592,-0.40897223,0.37833083,-0.5838712,0.47094253,0.59120184,0.48721033,0.48850963,0.47662875,0.019358888,0.038464215,-0.4043173,0.36411572,0.11445554,-0.37562805,-0.6251361,-0.5850105,0.26860058,0.45484143,0.4974385,0.20576991,-0.2793473,0.3743707,0.48416188
-0.3832234,0.84032583,0.7120178,0.58629715,0.8018017,0.86446667,0.6737367,0.67903954,0.8182856,-0.007985296,0.7509084,0.29476747,0.23710869,0.7271999,0.75198734,0.055774268,0.0,0.74500257,0.82735217,0.7800467,0.8811918,-0.17928208,-0.05234535,0.7485081,0.043762643,-0.33608133,-0.7674958,-0.56530523,0.7247741,-0.64942086,-0.12788442,-0.7501268,-0.636889,0.66347265,-0.59196776,0.8311957,0.86342686,-0.6965924,-0.3154791,-0.35171217,0.678104,-0.6980146,-0.88928956,0.3402849,0.28062478,-0.45441958,-0.35615224,-0.27045086,0.79954904,0.7945959,0.27111095,0.823905,0.8793433,0.8189555,0.82574177,0.8615791,0.8805167,0.8540636,0.11721058,-0.4921697,-0.53240544,-0.50552016,-0.7320428,-0.6288816,0.7779941,0.56235045,0.82920647,0.6326899,0.8197202,0.8241276,0.843858,-0.7377467,-0.30153975,0.6172222,0.1063995,-0.79458576,0.85439664,-0.8076681,0.19735087,0.56696194,0.40469906,0.70914596,0.5230003,-0.69300556,-0.52012897,-0.85709685,0.6690506,-0.7492529,0.7933311,0.81447804,0.6663764,-0.071167395,0.022510184,-0.6729114,-0.5552878,0.39644554,-0.34430674,-0.82939625,0.6334231,0.5167046
-0.21975471,0.8650719,0.5909912,0.7710209,0.85371596,0.8867121,0.9027166,0.86497253,0.9090032,0.36913806,0.6436099,0.36884025,-0.2659134,0.4000362,0.4699043,0.45627877,0.74500257,0.0,0.7979987,0.9638522,0.72423375,-0.6307954,-0.39215034,0.82480305,-0.36407685,-0.7253991,-0.52284634,-0.7162903,0.88069814,-0.83436316,-0.3016903,-0.60302764,-0.38433233,0.920693,-0.5755929,0.9111605,0.8968866,-0.33405027,0.08186912,0.09965557,0.9540195,-0.6246844,-0.6970067,0.3083056,0.14914033,-0.26365337,-0.61521345,-0.6194564,0.85004354,0.9596732,0.24972244,0.7686866,0.8277865,0.77896756,0.7882481,0.90617996,0.8758304,0.9470611,-0.30753836,-0.73218936,-0.61460114,-0.4919316,-0.43840557,-0.34414715,0.7061782,0.32342556,0.90528655,0.36580878,0.6710708,0.96342796,0.80557764,-0.72220874,-0.6044723,0.51527584,0.050712448,-0.7267232,0.7466089,-0.88905895,0.287335,0.32512233,0.4238115,0.8836281,0.6188892,-0.31379056,-0.041599195,-0.6172562,0.71061116,-0.7601944,0.9765324,0.7483255,0.23924054,-0.51250833,-0.39594865,-0.48684406,-0.2070333,0.54941976,0.0074550905,-0.7530692,0.8644594,0.8523098
-0.52455664,0.855666,0.6688437,0.69043654,0.8289513,0.81909937,0.760967,0.71684563,0.76533854,0.024019357,0.54335576,0.103501946,0.07542323,0.7165948,0.7727836,0.14945339,0.82735217,0.7979987,0.0,0.81289303,0.89172053,-0.35523555,0.03225719,0.6776186,-0.049825527,-0.5524732,-0.690849,-0.5958041,0.68990415,-0.57904226,-0.15714008,-0.54946077,-0.6152972,0.81817657,-0.59958214,0.78778565,0.8359352,-0.5970556,-0.23075132,-0.1674371,0.7193566,-0.5240901,-0.8214767,0.10271624,0.024163652,-0.31644896,-0.25967562,-0.3291588,0.7811966,0.8130878,0.15831767,0.7492793,0.7987606,0.78539413,0.8037528,0.8029797,0.805875,0.826034,0.041816134,-0.5570383,-0.42037618,-0.40384874,-0.6490873,-0.56722164,0.8264258,0.6384698,0.76424617,0.61715937,0.8523852,0.8276289,0.8864204,-0.61801875,-0.25995523,0.63938975,0.29595953,-0.80445594,0.887789,-0.7247214,0.07211445,0.5108199,0.4608411,0.69935346,0.36591426,-0.49650118,-0.25410953,-0.5786803,0.80449843,-0.6845682,0.8064728,0.8371289,0.48025537,-0.2918397,0.010518688,-0.6603684,-0.42106804,0.27344117,-0.14923099,-0.74620587,0.68839335,0.60378104
-0.21872295,0.883233,0.64010864,0.8023584,0.8882661,0.9173843,0.9260529,0.89299494,0.92985415,0.38048783,0.69122875,0.40615335,-0.21782124,0.4183972,0.49592683,0.47297296,0.7800467,0.9638522,0.81289303,0.0,0.73424774,-0.5913363,-0.37866446,0.8333304,-0.37252662,-0.7099386,-0.53999335,-0.75785327,0.92585367,-0.843456,-0.35211557,-0.6796816,-0.37749416,0.8991122,-0.6018692,0.9204682,0.9083315,-0.35075623,0.100830995,0.10312516,0.9327994,-0.67518055,-0.73468864,0.29505512,0.14742607,-0.2802412,-0.6031257,-0.641206,0.86664736,0.95755833,0.2913527,0.82019776,0.8443381,0.8142509,0.8359485,0.92484194,0.8917931,0.9420639,-0.26607326,-0.71215373,-0.5902119,-0.44230908,-0.4167649,-0.32953814,0.7290028,0.34673393,0.92335725,0.4470037,0.71872437,0.9637545,0.8125539,-0.74518514,-0.57995135,0.58782995,0.11219533,-0.7197923,0.77499527,-0.91140586,0.24419339,0.29871207,0.48197427,0.91744965,0.609947,-0.31489852,-0.043135542,-0.61688346,0.69904786,-0.79394007,0.96287596,0.7728718,0.2761039,-0.5212399,-0.34812206,-0.5058485,-0.21916033,0.5251667,0.0061591812,-0.7819008,0.84775287,0.8198278
-0.64682347,0.8559227,0.66922086,0.57148737,0.7848202,0.7981707,0.60461825,0.5832322,0.7309907,-0.204318,0.5769462,-0.019046493,0.16471301,0.88894475,0.9090559,-0.115770355,0.8811918,0.72423375,0.89172053,0.73424774,0.0,-0.2456744,0.1668352,0.5889813,0.14695014,-0.378697,-0.81090295,-0.48423567,0.59681624,-0.50390184,-0.14484061,-0.5853841,-0.8298055,0.6796261,-0.622669,0.76814973,0.8374134,-0.7986098,-0.4992065,-0.4711724,0.61232966,-0.51024365,-0.8801637,0.09832591,0.054472324,-0.3033634,-0.14255802,-0.13586828,0.74216205,0.7649931,0.1358085,0.77051735,0.86749125,0.8245962,0.762753,0.77645874,0.84738445,0.8046753,0.21299446,-0.43257794,-0.43411437,-0.50332046,-0.8481578,-0.7784198,0.8894683,0.7404505,0.7715126,0.6590405,0.85023886,0.8045008,0.9258634,-0.5634282,-0.15607691,0.590892,0.20569035,-0.8644142,0.91641337,-0.6772314,0.03454712,0.7594322,0.2992771,0.5924922,0.32365716,-0.69499075,-0.44842365,-0.69184387,0.7627531,-0.6271844,0.7752013,0.8549398,0.6389269,-0.070696525,0.11370008,-0.7333639,-0.5619841,0.22457056,-0.23909608,-0.72049797,0.6146375,0.49605617
0.0222273,-0.48124486,-0.16810234,-0.65708053,-0.5406699,-0.48288667,-0.63817286,-0.5744007,-0.5437671,-0.4180311,-0.21645723,-0.13883254,0.7275911,0.043986954,-0.00046961254,-0.44630563,-0.17928208,-0.6307954,-0.35523555,-0.5913363,-0.2456744,0.0,0.48666608,-0.43751284,0.47613543,0.82453763,0.14401197,0.40778685,-0.59170604,0.5948257,0.47066635,0.17773388,0.040099937,-0.5426401,0.42980832,-0.42449304,-0.50649697,-0.11828553,-0.29638904,-0.35222167,-0.6762791,0.19635847,0.27635857,0.06899506,0.1897448,-0.25260746,0.5058435,0.49431643,-0.58797073,-0.64130825,-0.12207477,-0.37693876,-0.46547568,-0.47777548,-0.420857,-0.54198074,-0.42489436,-0.5409653,0.49054417,0.49975967,0.4586276,0.34164378,0.066829585,0.0690019,-0.40946403,0.041590974,-0.55434835,0.038244583,-0.16339621,-0.56171596,-0.3921185,0.34210524,0.64836943,-0.053733006,0.083345786,0.419849,-0.28584462,0.5018178,-0.02465442,-0.061503965,-0.05229682,-0.5193319,-0.25604355,-0.014297919,-0.46598613,0.09996356,-0.49488303,0.25261873,-0.5945791,-0.23603003,0.2442932,0.7008708,0.57116514,0.25579736,-0.021183515,-0.22986381,-0.53354836,0.15462637,-0.7687409,-0.82766026
-0.5914242,-0.17793223,-0.06995155,-0.37006375,-0.27159664,-0.29239002,-0.4828267,-0.5033542,-0.3899162,-0.6585786,-0.32469663,-0.606296,0.54478633,0.4873844,0.45166817,-0.7135048,-0.05234535,-0.39215034,0.03225719,-0.37866446,0.1668352,0.48666608,0.0,-0.43090957,0.7042212,0.39874685,-0.17263407,0.39743587,-0.48227552,0.67263883,0.31804088,0.22703737,-0.40377018,-0.30990914,0.09872817,-0.29576018,-0.18632452,-0.37194398,-0.6324207,-0.5340541,-0.5100937,0.34182143,-0.02288065,-0.40711892,-0.17041638,0.03516213,0.79652935,0.7162276,-0.32174,-0.33681977,-0.23085028,-0.18547161,-0.12685242,-0.17011838,-0.20913668,-0.32671782,-0.20214482,-0.32143787,0.6310441,0.389542,0.41347072,0.18340483,-0.29950985,-0.3182875,0.15321168,0.6115157,-0.30942017,0.35473856,0.20381953,-0.28305057,0.082189396,0.38314196,0.7810206,0.051207226,0.42837036,-0.029508512,0.1524311,0.4938604,-0.33390537,0.38649115,-0.016764488,-0.4340301,-0.4761976,-0.26891917,-0.34113023,0.18902873,0.07535932,0.29624596,-0.3178227,0.08400978,0.3886375,0.43240732,0.7285443,-0.22091557,-0.3450085,-0.4999027,-0.22841994,0.20838477,-0.37999737,-0.48026076
-0.03423045,0.6811218,0.46882603,0.58373713,0.6672511,0.7645962,0.762123,0.72882164,0.783921,0.49865797,0.74735147,0.62980723,-0.030669989,0.29430097,0.36069223,0.4707205,0.7485081,0.82480305,0.6776186,0.8333304,0.5889813,-0.43751284,-0.43090957,0.0,-0.26054308,-0.59903854,-0.447821,-0.5712413,0.8381639,-0.7752749,-0.081835635,-0.61481994,-0.22069326,0.7567871,-0.46150583,0.80190384,0.83467567,-0.21712735,0.17008409,0.15277213,0.85797155,-0.70294744,-0.6223051,0.5144804,0.44598666,-0.40201262,-0.69525206,-0.58208895,0.7420376,0.8363475,0.26315516,0.6386753,0.708298,0.6021663,0.66234845,0.8305078,0.74258184,0.8181683,-0.34314042,-0.74519306,-0.6228029,-0.46717528,-0.37193307,-0.21099833,0.53781873,0.23109365,0.7986953,0.32567477,0.62845284,0.80161744,0.6626826,-0.82316846,-0.59760314,0.4619118,0.014647545,-0.6482315,0.6631639,-0.83492184,0.48985377,0.1753004,0.5264252,0.82022315,0.76124305,-0.35321203,-0.19206282,-0.71937877,0.65024763,-0.7410062,0.8319846,0.6505274,0.29236886,-0.43503147,-0.34800798,-0.49336785,-0.2882452,0.6644843,-0.16312115,-0.75675255,0.7740089,0.7564336
-0.43473744,-0.2505452,-0.30542642,-0.31314948,-0.25919026,-0.30094427,-0.48294345,-0.520463,-0.37711573,-0.56475544,-0.051588766,-0.35409105,0.5036543,0.42290184,0.31930277,-0.7737601,0.043762643,-0.36407685,-0.049825527,-0.37252662,0.14695014,0.47613543,0.7042212,-0.26054308,0.0,0.5020184,-0.12235449,0.54986596,-0.4622931,0.52737045,0.2590411,0.17148417,-0.46702853,-0.4293697,0.20377001,-0.35382137,-0.10662746,-0.30183497,-0.648933,-0.5981686,-0.40642172,0.29845613,-0.029004088,-0.14805,0.105677605,0.15504189,0.6798549,0.77610934,-0.21753202,-0.2762543,-0.38747594,-0.2638625,-0.047903035,-0.08710841,-0.2991793,-0.28481212,-0.2178539,-0.2813019,0.36815298,0.21048276,-0.013489037,-0.2447698,-0.45262662,-0.3686682,0.15226243,0.42333663,-0.23334175,0.116935685,0.06872591,-0.27801093,0.037394416,0.069290094,0.42375836,-0.26499543,-0.02529178,-0.19409339,0.10816683,0.35459045,-0.14019245,0.435094,-0.25186476,-0.47376704,-0.23623246,-0.48526806,-0.41965622,-0.10256775,0.11543044,0.37520057,-0.28189102,-0.10709568,0.29312983,0.3958422,0.44091156,-0.32698005,-0.5537475,-0.2556429,-0.14670856,0.22953434,-0.29507777,-0.36242
0.08916602,-0.59721494,-0.35713327,-0.6787651,-0.6125511,-0.600035,-0.755745,-0.69513816,-0.6399236,-0.49580956,-0.29163814,-0.2475162,0.47691852,-0.084273264,-0.16491291,-0.56267196,-0.33608133,-0.7253991,-0.5524732,-0.7099386,-0.378697,0.82453763,0.39874685,-0.59903854,0.5020184,0.0,0.24444012,0.5322882,-0.7073159,0.62142646,0.29822302,0.2671838,0.031435054,-0.72425044,0.5060149,-0.5857895,-0.61684316,-0.031131426,-0.3307234,-0.410855,-0.7532509,0.3327938,0.39468503,-0.018909633,0.08088013,0.015956387,0.5661523,0.5898995,-0.64338756,-0.7185258,-0.23425198,-0.49526733,-0.5121232,-0.49346837,-0.56514746,-0.6498043,-0.53478986,-0.635963,0.40374026,0.5899294,0.37364823,0.21396282,0.0816179,0.029489877,-0.4727558,-0.14619628,-0.61766994,-0.18361817,-0.41678426,-0.6615862,-0.5361604,0.42504317,0.52068764,-0.31461018,-0.17067459,0.46185255,-0.47690314,0.57071954,-0.12958641,-0.027985293,-0.39386898,-0.6888372,-0.36125994,0.010232559,-0.312881,0.1726165,-0.6050184,0.46314773,-0.68848777,-0.46160272,0.050406408,0.7105743,0.41682106,0.3092704,0.01368716,-0.30765548,-0.29502326,0.36929464,-0.79124856,-0.8219255
0.4797737,-0.73942184,-0.7526095,-0.38835686,-0.6327272,-0.7150256,-0.42104208,-0.4413397,-0.64393955,0.293179,-0.46513078,0.016371142,-0.22635078,-0.7980056,-0.80583876,0.22925775,-0.7674958,-0.52284634,-0.690849,-0.53999335,-0.81090295,0.14401197,-0.17263407,-0.447821,-0.12235449,0.24444012,0.0,0.4854371,-0.5161506,0.4133884,0.13209571,0.6034868,0.68868655,-0.46680915,0.8186667,-0.6628066,-0.6922493,0.80240023,0.5189723,0.5547412,-0.38689247,0.47308192,0.80150753,0.08970619,0.092618495,0.40726322,0.16306868,0.07488277,-0.6121228,-0.5901537,-0.42533675,-0.78261524,-0.7578948,-0.6897672,-0.7461257,-0.6798684,-0.75242084,-0.64405036,-0.42732096,0.27362537,0.24731603,0.28690037,0.73296314,0.73834103,-0.7447364,-0.64311975,-0.6284905,-0.74391234,-0.70485055,-0.638067,-0.75145936,0.45054078,0.014371059,-0.5675268,-0.24312395,0.70916283,-0.7773889,0.55064535,0.18908507,-0.7091163,-0.2054207,-0.4826329,-0.09754067,0.78192186,0.5956434,0.6554817,-0.5925501,0.6133183,-0.5857342,-0.7181168,-0.7365936,-0.08454157,-0.2599871,0.76009667,0.664477,0.051590927,0.3577866,0.6410376,-0.47779906,-0.30386984
0.030942962,-0.7274445,-0.7452189,-0.60519385,-0.71571815,-0.7654857,-0.77401143,-0.7945029,-0.7751576,-0.33545682,-0.4591116,-0.37810552,0.18591027,-0.2303019,-0.33453107,-0.5167769,-0.56530523,-0.7162903,-0.5958041,-0.75785327,-0.48423567,0.40778685,0.39743587,-0.5712413,0.54986596,0.5322882,0.4854371,0.0,-0.78506243,0.7101416,0.38042408,0.6469624,0.15378034,-0.7471347,0.5970259,-0.7734007,-0.6178741,0.27686238,-0.20699406,-0.18003997,-0.6540715,0.6084249,0.5485179,-0.10227308,0.05493908,0.42374167,0.55456924,0.71704566,-0.6258309,-0.66953427,-0.5221888,-0.7669384,-0.5767377,-0.5908212,-0.77484053,-0.70399743,-0.7054902,-0.7060107,0.10027543,0.5399383,0.24970025,0.04931325,0.14437225,0.15089633,-0.4751146,-0.17391439,-0.66715837,-0.45136425,-0.5244465,-0.73037523,-0.54601604,0.50560635,0.38981345,-0.6406041,-0.2183241,0.39021608,-0.52860296,0.7304251,-0.012833924,-0.059618663,-0.46354455,-0.823737,-0.34405193,0.09745102,0.019964177,0.40060753,-0.37082693,0.83803207,-0.6835259,-0.6239746,-0.20108041,0.3889009,0.25543472,0.2743359,0.03290356,-0.24924847,0.10713121,0.72349787,-0.5573719,-0.5011448
-0.07205365,0.81244487,0.64968204,0.7527164,0.8261652,0.8931637,0.88800967,0.8763994,0.9259342,0.49530047,0.6893136,0.540607,-0.21330681,0.2783808,0.3700652,0.5425963,0.7247741,0.88069814,0.68990415,0.92585367,0.59681624,-0.59170604,-0.48227552,0.8381639,-0.4622931,-0.7073159,-0.5161506,-0.78506243,0.0,-0.86055315,-0.38602203,-0.7534932,-0.21284297,0.7954738,-0.65209115,0.8805136,0.86128956,-0.23796645,0.22279254,0.20510393,0.8792565,-0.7548134,-0.6945026,0.28293267,0.1753622,-0.32541558,-0.7096389,-0.6994685,0.8390512,0.90611905,0.46752456,0.8359912,0.80204487,0.74222076,0.8400951,0.92162335,0.8439482,0.88175416,-0.2600831,-0.6824739,-0.53924716,-0.31662574,-0.27198973,-0.2066099,0.63500607,0.23631997,0.9020323,0.4619716,0.6488388,0.8997411,0.7069905,-0.72889745,-0.59905005,0.5825891,0.14769644,-0.6199115,0.69178754,-0.894171,0.222035,0.14648028,0.5247933,0.952681,0.6089034,-0.27400732,-0.026941523,-0.59406644,0.61732465,-0.81480664,0.89316744,0.6967652,0.28322724,-0.5427309,-0.36017963,-0.48620796,-0.21219076,0.47831327,0.0022492586,-0.73883367,0.84925026,0.7994914
-0.047146823,-0.75264347,-0.558584,-0.71816194,-0.7901794,-0.8239034,-0.8524508,-0.84655136,-0.8585297,-0.4049529,-0.68454176,-0.48560494,0.34549582,-0.17056134,-0.22687341,-0.5300021,-0.64942086,-0.83436316,-0.57904226,-0.843456,-0.50390184,0.5948257,0.67263883,-0.7752749,0.52737045,0.62142646,0.4133884,0.7101416,-0.86055315,0.0,0.38569337,0.6462996,0.17543484,-0.74269736,0.55788654,-0.7945515,-0.7340238,0.2273521,-0.19867583,-0.15716323,-0.85778654,0.69339013,0.60409606,-0.36753684,-0.13320126,0.25932136,0.786091,0.7603524,-0.8095892,-0.8344011,-0.37362936,-0.72441274,-0.7092212,-0.71605587,-0.73915005,-0.8424439,-0.7651146,-0.8320445,0.3328228,0.59234375,0.5781775,0.42349955,0.27010676,0.24415682,-0.48243117,0.018491516,-0.81093407,-0.20537077,-0.41687647,-0.8005692,-0.5482419,0.6770542,0.7636882,-0.436334,0.1355294,0.5211973,-0.49213332,0.92732686,-0.24828672,-0.16009457,-0.25325593,-0.7959327,-0.5853844,0.21361518,-0.0022705272,0.60818803,-0.44629902,0.70363605,-0.80613774,-0.5337314,-0.13903874,0.4169138,0.47910237,0.30380362,0.06318128,-0.52959055,-0.034619853,0.6810765,-0.77432764,-0.7630198
0.030504687,-0.3465564,-0.17945862,-0.5853633,-0.4929928,-0.36039716,-0.433162,-0.41544178,-0.38482296,-0.0886391,-0.2242903,-0.04811884,0.5743285,0.022278184,0.009122765,-0.18071973,-0.12788442,-0.3016903,-0.15714008,-0.35211557,-0.14484061,0.47066635,0.31804088,-0.081835635,0.2590411,0.29822302,0.13209571,0.38042408,-0.38602203,0.38569337,0.0,0.30544037,0.14378998,-0.18251558,0.33187637,-0.18872285,-0.26584393,-0.0007170359,-0.09938664,-0.08469008,-0.30910566,0.122283384,0.22393632,0.2772977,0.3349162,-0.3838099,0.15082453,0.25759256,-0.4536693,-0.35094723,-0.12909015,-0.37410012,-0.3549114,-0.5079065,-0.36575878,-0.32296106,-0.27895692,-0.30493265,0.2360363,0.21915749,0.3433184,0.23222265,0.031632844,0.13315906,-0.37196293,0.078451045,-0.3789194,-0.044354778,-0.0300213,-0.33935398,-0.19746308,0.23828177,0.45164043,-0.009031732,0.13051362,0.26960495,-0.12806231,0.35044065,0.35270682,-0.073419265,0.18828918,-0.31559837,0.05619273,0.0362462,-0.42028737,0.036239173,-0.15650164,0.11881064,-0.29279393,-0.030147184,0.24193014,0.43261114,0.39936015,0.187121,0.049843606,0.09795043,-0.5847882,0.019790046,-0.36153856,-0.35620314
0.21079336,-0.65126,-0.6540856,-0.4702279,-0.6558131,-0.7407545,-0.5789137,-0.5866344,-0.73549116,-0.11992214,-0.667922,-0.40195355,-0.1220471,-0.4388819,-0.48780602,-0.14314544,-0.7501268,-0.60302764,-0.54946077,-0.6796816,-0.5853841,0.17773388,0.22703737,-0.61481994,0.17148417,0.2671838,0.6034868,0.6469624,-0.7534932,0.6462996,0.30544037,0.0,0.35634807,-0.4947532,0.5584624,-0.72358316,-0.713075,0.47294173,0.11788545,0.1659611,-0.5427086,0.8203703,0.7569421,-0.24410556,-0.21504885,0.46528828,0.42343757,0.4504329,-0.6381291,-0.6719022,-0.56809676,-0.8225733,-0.7284116,-0.66017526,-0.7229366,-0.7386668,-0.7455155,-0.67527527,-0.13402607,0.3435402,0.3548781,0.21817838,0.39283568,0.3799133,-0.5931114,-0.27877626,-0.7630104,-0.6213744,-0.604626,-0.69959795,-0.5733844,0.5828104,0.33211657,-0.6297835,-0.16495222,0.5193223,-0.63686305,0.75388926,-0.06734452,-0.30057397,-0.37761015,-0.7178569,-0.4495639,0.45477763,0.3759505,0.69033617,-0.41884652,0.74276197,-0.6649295,-0.64991033,-0.53565454,0.12689093,0.037604257,0.49488142,0.34069797,-0.2840184,0.2743697,0.7248022,-0.55885106,-0.425754
0.72851133,-0.55509615,-0.36986467,-0.30839458,-0.5076594,-0.46725747,-0.2251508,-0.19197065,-0.37811455,0.53321505,-0.38613153,0.30139422,-0.18192446,-0.8805411,-0.83317375,0.51352924,-0.636889,-0.38433233,-0.6152972,-0.37749416,-0.8298055,0.040099937,-0.40377018,-0.22069326,-0.46702853,0.031435054,0.68868655,0.15378034,-0.21284297,0.17543484,0.14378998,0.35634807,0.0,-0.30247524,0.42339325,-0.40170932,-0.55686605,0.7989603,0.768883,0.7310349,-0.25199974,0.20600054,0.6779026,0.09443171,0.0522718,0.056507595,-0.21203066,-0.24285664,-0.4592833,-0.4440183,0.0761007,-0.48280013,-0.64965516,-0.6445114,-0.43349963,-0.43233725,-0.5558263,-0.47873485,-0.34050032,0.18407984,0.34290925,0.5461997,0.89181226,0.8580514,-0.7687947,-0.69202,-0.47813752,-0.4876197,-0.5777552,-0.48541036,-0.6925665,0.32086158,-0.024764495,-0.2775099,-0.020639064,0.7365135,-0.6889512,0.356333,0.15988529,-0.8953656,0.084260575,-0.17900409,-0.038442772,0.75654286,0.4820436,0.5471131,-0.5700362,0.25550783,-0.4549426,-0.54961264,-0.5367313,-0.16964172,-0.21743232,0.666628,0.6269278,0.019067883,0.16164598,0.3813964,-0.31158334,-0.19629112
-0.24822748,0.80961996,0.61520976,0.68209493,0.7712762,0.8038916,0.86218464,0.82902867,0.8114328,0.3589541,0.5253759,0.3038352,-0.18620732,0.38773116,0.47814217,0.5055644,0.66347265,0.920693,0.81817657,0.8991122,0.6796261,-0.5426401,-0.30990914,0.7567871,-0.4293697,-0.72425044,-0.46680915,-0.7471347,0.7954738,-0.74269736,-0.18251558,-0.4947532,-0.30247524,0.0,-0.51386946,0.86604434,0.78672457,-0.31186435,0.12678643,0.17077275,0.86568964,-0.5844645,-0.6220477,0.26764297,0.07593155,-0.36712477,-0.56550324,-0.66322434,0.72439575,0.85242695,0.23302807,0.69262636,0.6853403,0.65264374,0.73650026,0.80185604,0.7836265,0.8512314,-0.24219823,-0.67485183,-0.41800743,-0.29629365,-0.3392479,-0.26536417,0.60372305,0.3386871,0.77061003,0.39062715,0.6841068,0.86895967,0.7461524,-0.5995714,-0.45523727,0.61856025,0.21168755,-0.60244036,0.7087017,-0.79381484,0.2751459,0.22607936,0.53164804,0.8352542,0.53711826,-0.17545567,-0.0274288,-0.47188324,0.6523139,-0.7715011,0.88158894,0.773927,0.2240416,-0.477412,-0.2772361,-0.37947103,-0.07077478,0.4891682,-0.08352158,-0.77742773,0.7510295,0.74121606
0.25854963,-0.7363874,-0.7352567,-0.56192875,-0.6955738,-0.7400671,-0.57827204,-0.5930085,-0.7023673,0.044359546,-0.38186404,-0.053866968,0.09321319,-0.5136987,-0.5519921,-0.048793398,-0.59196776,-0.5755929,-0.59958214,-0.6018692,-0.622669,0.42980832,0.09872817,-0.46150583,0.20377001,0.5060149,0.8186667,0.5970259,-0.65209115,0.55788654,0.33187637,0.5584624,0.42339325,-0.51386946,0.0,-0.63696015,-0.6604752,0.5258138,0.18976644,0.20609966,-0.4797917,0.42755616,0.6825904,0.21477358,0.28927475,0.24550919,0.3648559,0.29161188,-0.6881716,-0.64024466,-0.55970734,-0.7932391,-0.70593065,-0.69172937,-0.7996316,-0.72527134,-0.7018361,-0.64211005,-0.23153825,0.30394357,0.23196049,0.18331997,0.4603188,0.51394695,-0.66885996,-0.41126207,-0.637363,-0.6403413,-0.5635407,-0.6474018,-0.64532053,0.41605338,0.2128924,-0.5215804,-0.26491588,0.5934491,-0.6517771,0.58713263,0.29502964,-0.44577253,-0.19997486,-0.56618804,-0.0369162,0.52939695,0.2496513,0.44780877,-0.57209694,0.5863939,-0.59673893,-0.5892091,-0.47305208,0.18614195,-0.065207064,0.642141,0.46006867,0.1093498,0.05135275,0.5337309,-0.6289056,-0.4805019
-0.23378426,0.8985829,0.7776218,0.6323718,0.82140213,0.9338496,0.81770587,0.8349032,0.9320389,0.2648281,0.67606884,0.38301367,-0.036776207,0.50611264,0.5811173,0.37677753,0.8311957,0.9111605,0.78778565,0.9204682,0.76814973,-0.42449304,-0.29576018,0.80190384,-0.35382137,-0.5857895,-0.6628066,-0.7734007,0.8805136,-0.7945515,-0.18872285,-0.72358316,-0.40170932,0.86604434,-0.63696015,0.0,0.8711363,-0.50203985,-0.009841182,-0.046444673,0.8381342,-0.73622876,-0.7606013,0.36192262,0.20519617,-0.50044334,-0.60770077,-0.5854209,0.7922125,0.8863431,0.3982875,0.86718076,0.8374846,0.7567293,0.8600397,0.91794086,0.9496021,0.93495464,-0.07031385,-0.6087424,-0.4573134,-0.33370396,-0.47256666,-0.39456636,0.67449975,0.41825682,0.88930845,0.54746133,0.7617151,0.9402037,0.822696,-0.66021264,-0.40454203,0.68779135,0.16677023,-0.66230595,0.78262705,-0.8662808,0.2922274,0.36782464,0.52826416,0.89985657,0.6088856,-0.38499558,-0.27633926,-0.69282454,0.6101557,-0.8902186,0.9226363,0.8657962,0.4823032,-0.28074017,-0.18722278,-0.48123854,-0.24704708,0.501264,-0.24411008,-0.8836442,0.73911947,0.6773326
