0,1,2,3,4,5,6,7,8,9,10,11,12,13,14,15,16,17,18,19,20,21,22,23,24,25,26,27,28,29,30,31,32,33,34,35,36,37,38,39,40,41,42,43,44,45,46,47,48,49,50,51,52,53,54,55,56,57,58,59,60,61,62,63,64,65,66,67,68,69,70,71,72,73,74,75,76,77,78,79,80,81,82,83,84,85,86,87,88,89,90,91,92,93,94,95,96,97,98,99
0.0,0.46327758,0.6855115,0.26935622,-0.3851645,-0.08914008,-0.03108628,0.19191855,-0.32417548,-0.30398962,-0.47353393,-0.24204421,0.32965177,0.43742728,0.14040433,0.044014174,0.39929172,0.4349672,0.6262586,0.56731486,0.3886881,0.16809005,0.03850433,-0.20150359,-0.4184618,-0.49863225,0.27881804,0.5862709,0.63837475,-0.1772661,0.074275844,0.6100435,0.30341658,0.31944853,0.5630815,0.017578635,0.5698181,0.043330614,0.18985035,-0.47692612,-0.09914227,-0.5032608,-0.17159258,-0.14872496,0.02026227,0.13240543,0.42116022,0.27056694,-0.6291215,-0.020243771,0.049932584,0.40016258,-0.057438236,-0.0007349624,0.14299029,-0.5737178,0.09969569,0.030346943,-0.71507615,-0.37169874,-0.26356807,0.24871254,0.41460335,0.21992868,0.17497341,-0.026427524,-0.22745045,0.6377783,0.48424557,0.513133,0.40892398,0.40581277,0.18101917,-0.103191696,0.08905155,-0.5584857,0.48854485,0.1653292,-0.1586776,0.24109048,0.5842822,0.44594833,-0.20000152,0.12508076,0.27374044,0.3275117,0.5287663,0.48813713,0.20686959,-0.18456547,-0.15633252,-0.027984664,-0.14521638,-0.62942874,-0.40818176,0.13263735,-0.0152439345,0.16204801,-0.47094926,-0.01705169
0.46327758,0.0,0.5781545,0.32457018,0.0680522,0.2531615,0.5722243,0.54385257,-0.06889988,-0.07155416,-0.32820284,-0.004250992,0.52440417,0.5185959,0.46258804,0.550096,0.29833254,0.6016201,0.58844644,0.40136585,0.36479935,0.22103591,0.283332,0.004200951,-0.12739965,-0.2278503,0.14299361,0.4871264,0.5502896,0.21003766,0.21714641,0.51642233,0.029308988,0.2287653,0.3757513,-0.24920788,0.30575085,0.0651373,0.4243637,-0.03085896,-0.30877894,-0.52579707,-0.06779826,-0.3592163,-0.31182116,-0.097724766,-0.013508827,-0.15448287,-0.4336372,-0.3122693,0.34233618,0.801648,0.5474498,0.27807307,0.6267652,-0.052898806,0.5739524,0.33316633,-0.24725868,-0.36380768,0.0988469,0.5712542,0.51614726,0.37221858,0.3665804,0.30480713,0.28528363,0.6078735,0.59073275,0.56007135,0.44571972,0.45902917,0.31754625,0.5407677,0.057252828,-0.43679526,0.51566976,0.35835642,0.03568635,0.45705694,0.5324467,0.39543426,0.023575941,0.47754666,0.4634135,0.3002142,0.27147117,0.36485738,-0.07723428,-0.17999889,0.25251812,0.35065377,0.19339912,-0.20816629,-0.07353411,-0.065962695,0.17075449,-0.20763463,-0.47205976,-0.25821063
0.6855115,0.5781545,0.0,0.17773049,-0.36989963,-0.17966112,0.25663438,0.5652014,-0.022915915,-0.11840424,-0.23203197,0.14282192,0.6358118,0.6868628,0.38870457,0.27539474,0.7160912,0.8056364,0.84925836,0.48642576,0.7241941,0.48947415,0.29016498,0.14145175,-0.5332247,-0.3563963,0.084084444,0.523723,0.5497696,-0.11101779,0.25300896,0.38616064,0.2771586,0.5198027,0.66793925,-0.25568658,0.32151133,-0.15299472,0.23586105,-0.49758723,-0.14035279,-0.5419304,0.06507936,-0.08388078,-0.25620723,-0.20895359,0.11669532,0.0719211,-0.72488207,-0.30800712,-0.1057555,0.6743018,0.3195327,-0.029661136,0.33333623,-0.41429746,0.5179938,0.4709135,-0.47105685,-0.15440147,0.18830384,0.6031183,0.73582244,0.5181668,0.59388,0.24607867,-0.13602547,0.8279882,0.7574719,0.7908935,0.6669923,0.6630551,0.5153644,0.16342671,0.40111777,-0.36824965,0.65597564,0.2388945,-0.39650118,0.03826152,0.7108197,0.5683971,-0.11250446,0.3136473,0.35845393,0.19915941,0.33342043,0.37790868,-0.07024685,0.006938717,-0.095405236,-0.06125117,-0.16644123,-0.5589201,-0.15562752,0.3123362,-0.1651564,0.01742422,-0.592526,-0.2964688
0.26935622,0.32457018,0.17773049,0.0,0.124338984,0.31255755,0.24248771,0.24437383,-0.33553562,0.07047708,-0.38941315,-0.25453228,0.09557107,0.2428673,0.22945638,0.10008153,-0.14191847,0.16737819,0.01663841,0.009392499,-0.13316803,-0.1865097,0.22836614,-0.2597985,0.031130893,-0.34645236,0.03688286,0.084667325,0.050843634,0.31428257,-0.13022763,0.52722967,0.14021613,-0.19003448,0.061250236,-0.14136858,0.016411562,0.1267826,0.16163774,0.060841586,-0.26003963,-0.008414038,-0.25960878,-0.4340235,-0.010730666,0.15416244,-0.09323678,0.27433705,0.035974093,-0.20921384,0.19664885,0.35251117,0.2722226,0.44433632,0.43085414,-0.0944855,0.24596393,-0.11484849,-0.28419453,-0.47444603,-0.15133116,0.06398408,0.107804306,0.23462872,0.22174278,0.24515949,0.2668589,0.06477092,0.20785548,0.16706583,-0.1303511,0.030389143,0.30781105,0.11897047,-0.37010124,-0.4611861,0.09149742,0.19350873,0.37965563,0.4258662,0.1496105,-0.07919833,-0.041569863,0.124681115,0.22924182,0.2689931,0.018300822,0.009146746,-0.10341016,-0.3464869,0.2645879,0.35870284,0.2720911,0.03651778,-0.36951026,-0.41844997,0.25865763,0.23184304,-0.10789458,-0.17356054
-0.3851645,0.0680522,-0.36989963,0.124338984,0.0,0.091808684,0.24333672,0.03768504,0.18338323,-0.1970019,0.38951212,0.39894235,-0.39650786,-0.5128205,-0.35303804,0.0042582727,-0.21053337,-0.17615508,-0.43301436,-0.076846026,-0.46747667,-0.023091663,-0.2570962,0.44790524,0.40238717,0.6439274,0.3362736,-0.005116797,-0.022314264,0.108351596,-0.12426566,-0.2480045,-0.56255406,0.0342246,-0.12961075,0.38542658,0.124616064,-0.16552106,-0.31662408,0.14883304,0.26212245,0.22536227,-0.0006707494,0.21017326,0.40549135,0.26802024,-0.05941561,-0.24539222,0.3637189,0.29108948,0.44836378,-0.03977198,0.30278862,0.6414246,-0.08888337,0.29002872,0.06989201,-0.017763775,0.56320393,0.24783407,-0.1074987,-0.29197428,-0.50858843,-0.5139431,-0.39669758,-0.29331386,0.36127368,-0.26284292,-0.0030509469,-0.019835275,-0.26015788,0.040035147,-0.20060506,0.224195,0.09270249,0.4061602,0.024710525,-0.026570514,0.46740782,0.24342346,-0.056223262,0.18033987,0.71861523,0.40029666,0.1555459,-0.066380695,0.20626013,0.10652006,0.3291907,0.39718547,0.4148414,-0.006451969,-0.12943847,0.75577956,0.55741554,-0.055352043,0.14984053,-0.020624261,0.17038508,0.35357198
-0.08914008,0.2531615,-0.17966112,0.31255755,0.091808684,0.0,-0.037183084,-0.21478696,-0.488417,0.2274942,-0.5551668,-0.5071715,0.11318608,0.22242658,0.3981129,0.2702084,-0.52448714,-0.1638544,-0.13134584,-0.26170105,-0.3704113,-0.3861683,0.3814821,-0.4425479,0.5028088,-0.3098334,0.047764692,0.0692992,-0.024105463,0.76131606,-0.32056415,0.24438442,0.10183804,-0.49093193,-0.22813655,-0.2852807,-0.06776031,0.3640868,0.5678334,0.501785,-0.5647399,-0.028831635,-0.330219,-0.7593356,-0.17886665,0.2878842,-0.073135816,0.09583948,0.23615628,-0.29485947,0.3099304,0.087246336,0.036369596,0.051673666,0.6521805,0.24106707,-0.12536225,-0.40193516,-0.23894729,-0.67233205,-0.056221228,0.084795445,0.034850206,0.15875903,0.007210681,0.33960244,0.21917991,-0.1280579,-0.23809066,-0.2218977,-0.33624154,-0.13192798,0.20237571,0.22982195,-0.7173555,-0.41586414,-0.02308089,0.5690089,0.52285343,0.38159618,-0.10687261,-0.41586712,-0.36293912,0.13629617,0.43251508,0.56105375,-0.14276303,0.036430318,-0.29409584,-0.67684937,0.09738484,0.5942418,0.8087028,0.032937963,-0.43522614,-0.79582536,0.66514057,0.11637542,0.004119109,-0.28321373
-0.03108628,0.5722243,0.25663438,0.24248771,0.24333672,-0.037183084,0.0,0.7921283,0.44800535,0.20932439,0.22122654,0.27317125,0.314719,0.18831412,0.30030683,0.56893605,0.20242646,0.45985806,0.20189497,0.045185257,0.30098364,0.17778383,0.15471904,0.14830293,-0.0953004,0.056301724,-0.28812823,-0.16885665,-0.0711887,-0.012875594,0.56524646,0.16178517,-0.115292005,0.19337793,0.022301592,-0.26367518,-0.2516326,0.08666142,0.15274966,0.20165876,-0.007942587,-0.023479093,0.31834975,0.044578385,-0.3081513,-0.45317298,-0.3319656,-0.36589125,-0.012999774,-0.21265297,0.13516964,0.6843436,0.730168,0.32334563,0.3709874,0.25834805,0.8346444,0.61263835,0.30597115,0.1307044,0.3412109,0.44284233,0.25332215,0.3043889,0.3625331,0.3027319,0.43838528,0.115202226,0.3465818,0.35226524,0.31968567,0.067410715,0.12598912,0.6267896,0.20959178,0.0152468,0.0032948835,-0.15494895,-0.0037203934,0.18950072,0.027344462,0.17665419,0.27214292,0.16922039,-0.06180511,-0.21503702,-0.21538879,-0.25776947,-0.19594786,0.11686406,0.34333614,0.24117135,0.054553125,0.21971984,0.3050668,0.13176313,-0.21833967,-0.42676044,-0.06752839,-0.16495445
0.19191855,0.54385257,0.5652014,0.24437383,0.03768504,-0.21478696,0.7921283,0.0,0.43912593,0.22276844,0.17061442,0.37222254,0.5086811,0.43858153,0.39206818,0.5117623,0.52414495,0.7215147,0.4910315,0.18044898,0.569201,0.42202672,0.2961383,0.25999096,-0.3592427,-0.06487357,-0.2642953,-0.016617088,0.055202432,-0.102905154,0.53357476,0.19124345,0.101392046,0.4047579,0.30693746,-0.296333,-0.17273195,-0.041425444,0.12713233,-0.057406742,0.025346851,-0.1175111,0.37953207,0.07935384,-0.34519732,-0.4720181,-0.32538936,-0.17197014,-0.23969185,-0.28960264,-0.09457997,0.76092625,0.70663285,0.23195425,0.35817608,0.041792046,0.9071728,0.7546972,0.1176266,0.16743806,0.42976367,0.577893,0.50166243,0.4920178,0.61553174,0.3801455,0.2728047,0.38249967,0.5603886,0.6198523,0.51797235,0.32423478,0.38546133,0.5072415,0.41259062,-0.051745597,0.226235,-0.08049722,-0.24776335,0.018061176,0.28736064,0.37033865,0.21150187,0.23208185,0.035611603,-0.16117775,-0.11755757,-0.14050938,-0.19962068,0.18022533,0.17260343,0.05097489,-0.10261668,-0.030531399,0.20717292,0.3105771,-0.31963173,-0.22816658,-0.22165209,-0.26538673
-0.32417548,-0.06889988,-0.022915915,-0.33553562,0.18338323,-0.488417,0.44800535,0.43912593,0.0,0.33639717,0.7545723,0.58481085,0.17581451,-0.13354616,0.0007143028,0.35803133,0.4019504,0.17971727,0.008874356,0.15184093,0.3439798,0.46301168,0.025026506,0.52047396,-0.2023246,0.4385657,-0.2742647,-0.34137663,-0.24970774,-0.41831583,0.47994858,-0.43662894,0.013079672,0.46081322,0.008894362,0.18829197,-0.31001925,0.053465504,-0.15450808,0.17652696,0.60962397,0.3755411,0.7705738,0.6794641,-0.0060874224,-0.25909463,-0.1920596,-0.1620337,0.2547676,0.29567906,-0.3446895,0.056351807,0.33033037,-0.0709763,-0.22995411,0.38624063,0.41894987,0.72300684,0.61785585,0.7818798,0.562766,0.22062507,0.035368983,0.065136485,0.16452403,0.08620958,0.23976393,-0.11523542,0.020955257,0.1240286,0.3882166,-0.05357967,-0.09078472,0.31159973,0.62458843,0.6546518,-0.14049992,-0.48405984,-0.40961495,-0.47564915,-0.1562709,0.23285884,0.4458355,-0.018638011,-0.3633789,-0.4804894,-0.2330951,-0.28668004,0.16157573,0.66375506,0.0019489694,-0.2807299,-0.3261824,0.33675382,0.69487137,0.6702212,-0.3836836,-0.1599188,0.3701746,0.27478686
-0.30398962,-0.07155416,-0.11840424,0.07047708,-0.1970019,0.2274942,0.20932439,0.22276844,0.33639717,0.0,0.019130696,-0.14238514,0.38529792,0.29188877,0.5203225,0.5307209,-0.0036442012,0.057702027,-0.007812882,-0.2423592,0.19192772,0.16515301,0.58399695,-0.13944203,0.097677626,-0.24671979,-0.50853926,-0.45546326,-0.5188284,0.24471919,0.16078943,-0.08352628,0.5379805,-0.046199713,-0.123128586,-0.35247955,-0.59094244,0.5488382,0.4550292,0.64605737,-0.0035573875,0.5099135,0.5791327,-0.1369724,-0.3342718,-0.19458859,-0.25897533,0.16730167,0.35494283,-0.17175832,-0.56381077,0.021474972,0.08174038,-0.37093964,0.2539656,0.33269534,0.18889312,0.22673139,0.07861046,0.038101222,0.5068607,0.2771158,0.2190682,0.4529326,0.36138806,0.5606482,0.10324685,-0.285805,-0.3950932,-0.17701063,0.06392523,-0.29054263,0.2617585,0.17014243,-0.14823051,0.04102541,-0.29402474,0.05900848,-0.122399986,-0.35216066,-0.3979161,-0.3972289,-0.2173069,-0.12307038,-0.08781266,0.08913965,-0.61663264,-0.47734666,-0.40909055,-0.18870115,-0.20712268,0.15943787,0.40074068,0.015432702,-0.049544208,-0.09181497,0.15139954,0.083231054,0.3085184,-0.23703144
-0.47353393,-0.32820284,-0.23203197,-0.38941315,0.38951212,-0.5551668,0.22122654,0.17061442,0.7545723,0.019130696,0.0,0.7088855,-0.2750308,-0.5245165,-0.42120856,-0.07151596,0.18919827,-0.07464315,-0.2726488,-0.11130888,0.0017643524,0.26270044,-0.3172091,0.6461506,0.0038653107,0.7638409,-0.06870088,-0.35229343,-0.30866823,-0.4161874,0.32248297,-0.62083876,-0.34533772,0.29431581,-0.16130042,0.34417778,-0.21617934,-0.30873296,-0.59172165,-0.027422192,0.5863746,0.37695286,0.4695271,0.81778884,0.27519953,-0.17692937,-0.27521133,-0.30984938,0.31357366,0.34064773,-0.110634185,-0.16194846,0.18983595,0.09522284,-0.50666994,0.3364627,0.20289737,0.46047089,0.81475747,0.931891,0.35770565,-0.1911057,-0.34275934,-0.32676932,-0.15039057,-0.2765677,0.102149166,-0.29274556,-0.03926306,-0.013367366,0.033143036,-0.082422405,-0.27087304,0.06601788,0.6265699,0.8823357,-0.20232673,-0.53035885,-0.21565089,-0.42520145,-0.19128835,0.18171585,0.5936494,-0.05568352,-0.41114813,-0.67311525,-0.10321509,-0.23575751,0.23875916,0.80453455,0.07668136,-0.43961564,-0.5255103,0.52836865,0.81652457,0.5760963,-0.50412184,-0.18716197,0.3738135,0.33959693
-0.24204421,-0.004250992,0.14282192,-0.25453228,0.39894235,-0.5071715,0.27317125,0.37222254,0.58481085,-0.14238514,0.7088855,0.0,-0.0030792553,-0.1787242,-0.23189668,0.019966826,0.51665354,0.32434836,0.08333525,0.097757414,0.26190865,0.5772593,-0.14986803,0.893529,-0.14968184,0.67801005,0.12117258,0.056480035,0.03182469,-0.30284992,0.22591564,-0.50934094,-0.38761443,0.5290124,0.29049286,0.17312048,0.025072012,-0.513774,-0.43493178,-0.28255102,0.43588117,0.07969857,0.4132582,0.6073993,0.14666747,-0.18961176,-0.17801453,-0.34019807,-0.082070574,0.10439505,-0.06034107,0.10747552,0.40819487,0.24879745,-0.28597045,0.090100855,0.37719038,0.56398267,0.6062282,0.699471,0.32765475,0.08137421,-0.0035495225,-0.14538442,0.07789981,-0.17915958,0.05889903,0.17249781,0.37650385,0.39580855,0.29416525,0.4459447,0.082322784,0.17185962,0.76773936,0.64857215,0.25459442,-0.18914856,-0.236199,-0.2522616,0.2395153,0.5346328,0.68421847,0.36551538,0.03845121,-0.3684776,0.15018524,0.090929575,0.17509866,0.81967086,0.1559826,-0.40479758,-0.5588496,0.3953079,0.7842404,0.5848207,-0.38157547,-0.105299525,-0.071148954,0.1260466
0.32965177,0.52440417,0.6358118,0.09557107,-0.39650786,0.11318608,0.314719,0.5086811,0.17581451,0.38529792,-0.2750308,-0.0030792553,0.0,0.87163407,0.82332975,0.65966237,0.57211596,0.68354636,0.72242737,0.40489367,0.75375247,0.49132124,0.693372,0.029092807,-0.43232217,-0.46128824,-0.24179162,0.26560378,0.28700656,0.14251642,0.19618264,0.2732215,0.52003795,0.3421993,0.47426704,-0.40226108,-0.03871954,0.30522826,0.6659854,0.06438096,-0.11779134,-0.26285172,0.35703146,-0.24250263,-0.58984244,-0.19373642,0.0066833007,0.18466331,-0.3304962,-0.32509744,-0.3143725,0.5385166,0.38766056,-0.27113748,0.5859513,-0.026372474,0.47122434,0.5544518,-0.33409244,-0.20429808,0.48975095,0.8993343,0.87735873,0.81341505,0.77141994,0.7005057,0.112841405,0.626007,0.42692748,0.4930601,0.7533536,0.4137665,0.619183,0.44840437,0.17197783,-0.3426111,0.4332518,0.34203988,-0.39599866,-0.023804083,0.37531385,0.26501095,-0.27475464,0.24471866,0.323996,0.34992412,-0.08016944,0.11170651,-0.24727428,-0.15371016,-0.091978095,0.19310822,0.2783668,-0.42971197,-0.16304365,0.19369054,0.17760901,0.089577004,-0.24226223,-0.34435835
0.43742728,0.5185959,0.6868628,0.2428673,-0.5128205,0.22242658,0.18831412,0.43858153,-0.13354616,0.29188877,-0.5245165,-0.1787242,0.87163407,0.0,0.8396469,0.50561833,0.45692927,0.67499757,0.7256808,0.26886135,0.6864505,0.33514896,0.73276865,-0.17172691,-0.37863174,-0.6519563,-0.24894741,0.30064914,0.27722913,0.31463677,0.057326887,0.41989177,0.5454387,0.17737252,0.46543258,-0.584288,-0.029029906,0.22025481,0.65850174,-0.049884547,-0.37644204,-0.37940693,0.10562797,-0.49344504,-0.6290562,-0.22437021,-0.044424385,0.23711869,-0.46328107,-0.5372658,-0.2546568,0.5663352,0.30507782,-0.24120344,0.6438326,-0.22264157,0.41481096,0.333164,-0.5542448,-0.46157673,0.317516,0.7915765,0.9029036,0.86016214,0.814841,0.7290375,-0.007119778,0.6400272,0.44709656,0.48153886,0.5850185,0.43564793,0.7431375,0.28376454,-0.030072475,-0.5963567,0.4543714,0.48596638,-0.29486924,0.09183968,0.40654474,0.16247219,-0.45052943,0.22607431,0.41276214,0.45389846,-0.08421277,0.11347191,-0.42604738,-0.3952366,-0.101228036,0.27554548,0.33664826,-0.56964797,-0.43548173,-0.033118967,0.2260473,0.11892699,-0.4331156,-0.55119944
0.14040433,0.46258804,0.38870457,0.22945638,-0.35303804,0.3981129,0.30030683,0.39206818,0.0007143028,0.5203225,-0.42120856,-0.23189668,0.82332975,0.8396469,0.0,0.6551304,0.20642142,0.4689463,0.4564465,0.09148136,0.49162993,0.18170723,0.8183492,-0.23666622,-0.17291015,-0.548733,-0.40094325,0.055101875,0.037177026,0.47317672,0.05237719,0.34518287,0.50072557,-0.035927024,0.1693784,-0.5838697,-0.27771294,0.42305446,0.7477806,0.32294506,-0.3629113,-0.14155236,0.1899088,-0.5232746,-0.6971696,-0.18535723,-0.168753,0.19768162,-0.1048866,-0.49242172,-0.20184346,0.49021667,0.3856326,-0.2231761,0.75024784,0.11581616,0.40374893,0.32291946,-0.30238593,-0.41479355,0.45177937,0.7730422,0.7562143,0.86290604,0.7576572,0.9040634,0.23162585,0.35440594,0.20167291,0.22858936,0.43036553,0.16338044,0.6544243,0.47551712,-0.20867142,-0.46237352,0.22693719,0.43360534,-0.1250869,0.12095465,0.12599306,-0.09151403,-0.42354068,0.15133125,0.29892978,0.4001996,-0.3403771,-0.104629725,-0.48385704,-0.44046777,0.025508871,0.457592,0.5853135,-0.30321035,-0.32964733,-0.16197321,0.3778816,0.07034158,-0.1346934,-0.50115466
0.044014174,0.550096,0.27539474,0.10008153,0.0042582727,0.2702084,0.56893605,0.5117623,0.35803133,0.5307209,-0.07151596,0.019966826,0.65966237,0.50561833,0.6551304,0.0,0.25508586,0.44998196,0.39455393,0.19849333,0.42602977,0.37096503,0.60155255,0.036364783,0.040390614,-0.18316494,-0.19957507,0.05513553,0.07963465,0.2769856,0.30682513,0.16099603,0.34562638,0.2516213,0.16963822,-0.29240477,-0.1407074,0.4509211,0.63492393,0.4607017,-0.055781104,0.0237188,0.47531396,-0.17009534,-0.41543162,-0.15861966,-0.09240772,-0.028284831,0.01120958,-0.18340768,-0.102107204,0.50676554,0.4096351,-0.10266892,0.54984033,0.27085182,0.52128786,0.4546215,0.0034133932,-0.07662678,0.48092574,0.6240101,0.47388655,0.48055738,0.4427367,0.5448915,0.25851107,0.212339,0.10157039,0.2850448,0.46624222,0.14681445,0.3241824,0.5548368,0.07145727,-0.106150284,0.19667338,0.27989125,-0.12068633,0.016443586,0.061834358,0.13094392,-0.015257048,0.31006226,0.25151962,0.2662451,-0.17869443,-0.01811206,-0.20150095,-0.109874204,-0.018767858,0.24313079,0.3571977,-0.07319739,0.10168282,0.048641313,0.26371732,-0.09949721,-0.04716333,-0.1916764
0.39929172,0.29833254,0.7160912,-0.14191847,-0.21053337,-0.52448714,0.20242646,0.52414495,0.4019504,-0.0036442012,0.18919827,0.51665354,0.57211596,0.45692927,0.20642142,0.25508586,0.0,0.74183303,0.7389772,0.58908355,0.7974943,0.82722795,0.21927571,0.5226841,-0.6068921,-0.004014535,0.09140601,0.40602967,0.42608723,-0.37096396,0.26183784,-0.04385979,0.25320402,0.80461496,0.763344,-0.0115161,0.26457098,-0.20336676,0.038759165,-0.46762553,0.30122355,-0.25401026,0.47989896,0.3469198,-0.11386328,-0.1864226,0.15191838,0.050815504,-0.5497093,-0.02225127,-0.36730462,0.38388336,0.26491234,-0.12208055,-0.03454717,-0.315687,0.43300563,0.65496254,-0.115707844,0.3148379,0.34147167,0.53608745,0.5860633,0.3333075,0.48827872,0.101972535,-0.19498126,0.69792026,0.60977757,0.7446851,0.80656964,0.67852676,0.39021882,0.09522934,0.76784444,0.09179593,0.59200156,0.033322897,-0.6508922,-0.30066016,0.59910864,0.72440845,0.21717452,0.3380078,0.20844322,0.019915447,0.30662712,0.32279804,0.11313888,0.46390107,-0.19823477,-0.404722,-0.47491992,-0.3393666,0.26329154,0.69529057,-0.29628915,0.08206222,-0.37682348,-0.04481017
0.4349672,0.6016201,0.8056364,0.16737819,-0.17615508,-0.1638544,0.45985806,0.7215147,0.17971727,0.057702027,-0.07464315,0.32434836,0.68354636,0.67499757,0.4689463,0.44998196,0.74183303,0.0,0.78768873,0.39425436,0.7578407,0.6487404,0.43931878,0.30095384,-0.45740426,-0.22723694,-0.048215814,0.36923838,0.3791834,-0.0075739753,0.2685633,0.21144114,0.24985288,0.60542846,0.6594594,-0.3435317,0.14967418,-0.14133981,0.26411042,-0.33667335,-0.05573852,-0.40661606,0.27857152,-0.045849632,-0.362172,-0.33526805,-0.049753703,-0.017794976,-0.5798604,-0.34005868,-0.15921035,0.7120874,0.5012495,0.03470844,0.35877416,-0.29245898,0.67650765,0.6115134,-0.24577026,-0.041106082,0.31149405,0.68459874,0.72765607,0.54030925,0.6683499,0.35369462,-0.05123683,0.736148,0.7117641,0.8810503,0.7267341,0.7094169,0.6206954,0.2812947,0.4714334,-0.23842084,0.622997,0.28617555,-0.40324888,-0.031475198,0.58091617,0.62096816,0.07961821,0.46502614,0.3812409,0.20732862,0.18291083,0.23636423,-0.15490648,0.116289966,-0.05459833,-0.091357194,-0.15156181,-0.36197734,0.025513409,0.34207827,-0.11030092,0.024027832,-0.55495685,-0.3290731
0.6262586,0.58844644,0.84925836,0.01663841,-0.43301436,-0.13134584,0.20189497,0.4910315,0.008874356,-0.007812882,-0.2726488,0.08333525,0.72242737,0.7256808,0.4564465,0.39455393,0.7389772,0.78768873,0.0,0.5088675,0.7792126,0.5882682,0.3995434,0.13270736,-0.44172215,-0.3705333,0.12201486,0.5791126,0.5753963,-0.049303513,0.26166376,0.273505,0.37480602,0.57203406,0.693477,-0.32580805,0.34233382,-0.069095686,0.38019082,-0.39014962,-0.1754392,-0.55416584,0.15520294,-0.11618409,-0.32185194,-0.22182192,0.09922433,0.02492908,-0.75771886,-0.3390435,-0.1857162,0.587428,0.17878802,-0.23002699,0.30733004,-0.40887,0.41467875,0.41501248,-0.49964985,-0.15458319,0.25271857,0.64469856,0.7669169,0.49701828,0.5483496,0.25525364,-0.27873257,0.8294473,0.5984199,0.7340147,0.72573125,0.6677214,0.48076034,0.1140708,0.40520504,-0.34997514,0.66266173,0.34207472,-0.5145516,-0.07878333,0.6763784,0.55351555,-0.20307146,0.3464637,0.41720745,0.28317612,0.31672484,0.4297153,-0.12616567,-0.034306668,-0.30966383,-0.13331337,-0.1371417,-0.69579434,-0.13019896,0.30545318,-0.07169854,-0.022285013,-0.62409484,-0.33629033
0.56731486,0.40136585,0.48642576,0.009392499,-0.076846026,-0.26170105,0.045185257,0.18044898,0.15184093,-0.2423592,-0.11130888,0.097757414,0.40489367,0.26886135,0.09148136,0.19849333,0.58908355,0.39425436,0.5088675,0.0,0.4106464,0.43653703,0.026531208,0.18062773,-0.5310248,-0.1382756,0.31886977,0.5582252,0.6747859,-0.364326,-0.025187131,0.25048834,0.19733208,0.59245175,0.6271209,0.38435042,0.569062,0.092150435,0.14544116,-0.3270133,0.4031386,-0.2605256,0.18108824,0.19833606,0.12542054,0.28625053,0.57471687,0.31875327,-0.37124807,0.3508851,-0.03991241,0.22341788,0.066099584,0.03133518,0.03994324,-0.2599016,0.1094871,0.30896586,-0.30442995,0.01881404,-0.07306179,0.35669872,0.3369749,0.12167898,0.11930208,-0.04187819,0.034551915,0.60249406,0.44207084,0.47328588,0.6569297,0.42135122,0.07299913,0.14466108,0.38871014,-0.1492579,0.507872,-0.00844759,-0.2910626,0.09273255,0.511778,0.64047474,0.17942291,0.25073063,0.21698786,0.24611467,0.54663014,0.54234385,0.5400514,0.24600767,-0.038500335,-0.1437672,-0.2914102,-0.2725232,0.06453587,0.47756755,0.042437017,0.21480006,-0.14952233,0.38312986
0.3886881,0.36479935,0.7241941,-0.13316803,-0.46747667,-0.3704113,0.30098364,0.569201,0.3439798,0.19192772,0.0017643524,0.26190865,0.75375247,0.6864505,0.49162993,0.42602977,0.7974943,0.7578407,0.7792126,0.4106464,0.0,0.6637637,0.44096404,0.22021334,-0.6314827,-0.28473666,-0.27610064,0.2146027,0.26347828,-0.21709137,0.35922432,0.10930265,0.4232453,0.6007439,0.5653175,-0.32768893,0.0116966795,0.0025256532,0.28152165,-0.28563938,0.08057467,-0.3070764,0.46803346,0.10788455,-0.4912734,-0.4532336,-0.004331106,0.053128954,-0.55391437,-0.231093,-0.42545158,0.49271154,0.2927304,-0.32202289,0.17653558,-0.26417384,0.513644,0.6706954,-0.22847371,0.124873035,0.43706185,0.7318557,0.8140385,0.6235221,0.70048755,0.392138,-0.15831222,0.6585941,0.51548654,0.6231086,0.84714013,0.520935,0.49135214,0.19781157,0.5366723,-0.12438075,0.4627922,0.08908341,-0.70301884,-0.27071536,0.397186,0.4917275,-0.09945353,0.1802073,0.10107284,0.06414051,0.03290802,0.09558645,-0.15395647,0.14792986,-0.22493641,-0.18332714,-0.20025834,-0.5089677,0.027549474,0.5579534,-0.22328122,-0.01289272,-0.38331696,-0.25176805
0.16809005,0.22103591,0.48947415,-0.1865097,-0.023091663,-0.3861683,0.17778383,0.42202672,0.46301168,0.16515301,0.26270044,0.5772593,0.49132124,0.33514896,0.18170723,0.37096503,0.82722795,0.6487404,0.5882682,0.43653703,0.6637637,0.0,0.32461187,0.64679074,-0.30891818,0.1441784,0.13789159,0.33200783,0.28737682,-0.17679659,0.17703675,-0.2614826,0.28049347,0.836003,0.7202566,0.011795765,0.21398336,-0.120062456,0.09795403,-0.22622651,0.35564464,-0.025857784,0.64398885,0.35173976,-0.029440552,-0.13494898,0.091401465,0.024054885,-0.3575624,0.043108556,-0.42718345,0.22301832,0.18224694,-0.1785527,-0.103678405,-0.23591426,0.32002375,0.5503101,0.019351136,0.38830447,0.3665025,0.39175218,0.41480786,0.18636735,0.34085378,0.0730054,-0.28862092,0.46726787,0.35511097,0.6229671,0.65273976,0.64412344,0.3717406,0.030452333,0.72551936,0.26476428,0.546741,0.17618543,-0.5754991,-0.43109974,0.42650312,0.6620499,0.33837885,0.5131459,0.33211166,0.13593645,0.26393697,0.32012573,0.09127453,0.5036606,-0.3151573,-0.4778495,-0.42613488,-0.1663925,0.39300933,0.5997543,-0.09270561,0.13800958,-0.3012047,-0.005710839
0.03850433,0.283332,0.29016498,0.22836614,-0.2570962,0.3814821,0.15471904,0.2961383,0.025026506,0.58399695,-0.3172091,-0.14986803,0.693372,0.73276865,0.8183492,0.60155255,0.21927571,0.43931878,0.3995434,0.026531208,0.44096404,0.32461187,0.0,-0.0899432,-0.030449253,-0.43607205,-0.3105212,0.033570334,-0.04709421,0.5469078,-0.12220348,0.11903582,0.6094902,0.113641016,0.24893789,-0.48019603,-0.24550642,0.36253592,0.6415887,0.30556995,-0.21728314,0.023715049,0.30777332,-0.41064453,-0.49750152,-0.07817042,-0.15067239,0.3210854,-0.012614491,-0.38467923,-0.33489987,0.32273322,0.23694834,-0.27029112,0.5559641,0.009920431,0.26831663,0.24564129,-0.27668217,-0.29829025,0.46113396,0.5903097,0.61368155,0.6951779,0.64978033,0.77495253,0.019006312,0.23399222,0.04902682,0.25448745,0.3682851,0.23244357,0.7565026,0.21674298,-0.14629896,-0.2932945,0.28176183,0.56045616,-0.16328888,-0.11584098,0.06714913,-0.03141028,-0.29765952,0.26384345,0.41491684,0.51695704,-0.28340194,-0.05948215,-0.4282753,-0.3247448,-0.19229269,0.19981931,0.4451304,-0.24609052,-0.25556827,-0.13845386,0.47477868,0.3473334,-0.10598036,-0.43725625
-0.20150359,0.004200951,0.14145175,-0.2597985,0.44790524,-0.4425479,0.14830293,0.25999096,0.52047396,-0.13944203,0.6461506,0.893529,0.029092807,-0.17172691,-0.23666622,0.036364783,0.5226841,0.30095384,0.13270736,0.18062773,0.22021334,0.64679074,-0.0899432,0.0,-0.063143976,0.6928937,0.278542,0.18708175,0.1586694,-0.1973715,0.050003305,-0.5418839,-0.30197403,0.610705,0.3903131,0.27864912,0.18537475,-0.48757008,-0.38723108,-0.3107381,0.44456825,0.03766408,0.39503032,0.5701657,0.24942005,-0.027379796,-0.081894174,-0.2675495,-0.0878381,0.1792188,-0.05228466,0.03570065,0.29551703,0.22501852,-0.31096077,0.021951402,0.25346196,0.4505418,0.5060745,0.65416175,0.29229602,0.04520532,-0.023459133,-0.2328729,0.0039686095,-0.21515414,-0.03780955,0.2029993,0.3373645,0.42852667,0.29411012,0.54680973,0.107263,0.06758626,0.76916385,0.63637686,0.40377322,-0.021814968,-0.25768617,-0.27230126,0.32251567,0.6081574,0.7144371,0.5093101,0.21511303,-0.17703037,0.30319226,0.26803395,0.25471616,0.82656,0.042327814,-0.49364588,-0.5827193,0.36945102,0.78125393,0.5688384,-0.20220883,0.02849034,-0.103363946,0.19332552
-0.4184618,-0.12739965,-0.5332247,0.031130893,0.40238717,0.5028088,-0.0953004,-0.3592427,-0.2023246,0.097677626,0.0038653107,-0.14968184,-0.43232217,-0.37863174,-0.17291015,0.040390614,-0.6068921,-0.45740426,-0.44172215,-0.5310248,-0.6314827,-0.30891818,-0.030449253,-0.063143976,0.0,0.2734108,0.24715932,-0.10887451,-0.2364705,0.49297318,-0.19935493,-0.22868223,-0.23638043,-0.35599574,-0.41515523,0.006252629,-0.036352627,0.0629642,0.029766992,0.4420726,-0.28193313,0.2103095,-0.18572879,-0.19976501,0.2599742,0.24646804,-0.21139519,-0.2543596,0.38472378,-0.035024,0.27350378,-0.2334583,-0.19945946,0.04592331,0.030171717,0.29081634,-0.32351193,-0.49459818,0.20995474,-0.10452815,-0.064052165,-0.46442443,-0.5438824,-0.4438449,-0.49854365,-0.2124947,-0.06094234,-0.52620816,-0.5346316,-0.40154985,-0.66366154,-0.25815678,-0.23716745,-0.1102508,-0.3793367,0.18939175,-0.22979017,0.27798188,0.48281795,0.028965719,-0.30149117,-0.39665103,0.03929774,0.11397167,0.21675862,0.14635795,-0.06788496,-0.011155467,-0.12166747,-0.19696428,-0.104878865,0.08847264,0.29215834,0.3237116,0.056857854,-0.5561485,0.32355872,-0.0693105,0.13887429,-0.03805408
-0.49863225,-0.2278503,-0.3563963,-0.34645236,0.6439274,-0.3098334,0.056301724,-0.06487357,0.4385657,-0.24671979,0.7638409,0.67801005,-0.46128824,-0.6519563,-0.548733,-0.18316494,-0.004014535,-0.22723694,-0.3705333,-0.1382756,-0.28473666,0.1441784,-0.43607205,0.6928937,0.2734108,0.0,0.28655702,-0.056301884,-0.07667554,-0.17309695,0.05510962,-0.6034377,-0.62803966,0.17533547,-0.1430579,0.4264132,0.071548246,-0.45895082,-0.59394884,-0.07614003,0.39201286,0.17783545,0.14961115,0.6090746,0.42877933,0.07174928,-0.16623688,-0.43511897,0.27280104,0.32174236,0.23827602,-0.23033066,0.12696332,0.2922709,-0.4521256,0.28974754,-0.013860773,0.1404267,0.78086096,0.6977693,0.12194904,-0.35676086,-0.5101787,-0.5901709,-0.420649,-0.46242025,0.09493322,-0.25146884,-0.026232224,-0.069598764,-0.18424462,0.069333024,-0.34941906,0.03518561,0.4599084,0.8194908,-0.016584655,-0.24627092,0.06736912,-0.1464243,-0.03345127,0.20758472,0.69277,0.21293007,-0.066923365,-0.44521433,0.16826034,0.07959162,0.31498042,0.73531854,0.1862247,-0.33843368,-0.42941663,0.6409371,0.83458686,0.31261215,-0.22117676,-0.17891265,0.22547643,0.34763598
0.27881804,0.14299361,0.084084444,0.03688286,0.3362736,0.047764692,-0.28812823,-0.2642953,-0.2742647,-0.50853926,-0.06870088,0.12117258,-0.24179162,-0.24894741,-0.40094325,-0.19957507,0.09140601,-0.048215814,0.12201486,0.31886977,-0.27610064,0.13789159,-0.3105212,0.278542,0.24715932,0.28655702,0.0,0.6610027,0.5947243,-0.0020697706,-0.27902386,-0.047569506,-0.26660746,0.28872865,0.34975407,0.44898328,0.7741764,-0.2811421,-0.17790419,-0.3495776,0.048578177,-0.22148715,-0.28095904,0.091170035,0.63728076,0.5702021,0.38735658,-0.010611845,-0.2150011,0.26076645,0.352651,-0.08478334,-0.24590552,0.23199137,-0.18680209,-0.26576993,-0.31198758,-0.31485972,-0.15868697,-0.04296711,-0.34283593,-0.34549654,-0.30379125,-0.54690784,-0.4891623,-0.571034,-0.27425608,0.23358802,0.14590149,0.23444341,-0.11566022,0.39318663,-0.18582933,-0.22948517,0.1727141,0.07451553,0.45484918,0.2596043,0.1572713,0.11994391,0.5087116,0.41257572,0.29256168,0.4631995,0.49900177,0.2561428,0.76859885,0.7657084,0.47063202,0.20846748,-0.11706926,-0.27544573,-0.3207481,0.001078949,0.15808792,0.0053007477,0.16141956,0.14532878,-0.25494257,0.2728573
0.5862709,0.4871264,0.523723,0.084667325,-0.005116797,0.0692992,-0.16885665,-0.016617088,-0.34137663,-0.45546326,-0.35229343,0.056480035,0.26560378,0.30064914,0.055101875,0.05513553,0.40602967,0.36923838,0.5791126,0.5582252,0.2146027,0.33200783,0.033570334,0.18708175,-0.10887451,-0.056301884,0.6610027,0.0,0.89952403,0.07947079,-0.2439225,0.23012856,0.020323759,0.39940512,0.64062136,0.1376159,0.8349795,-0.25362355,0.14099593,-0.4831653,-0.14103323,-0.60101795,-0.2594982,-0.16352089,0.15515564,0.32543406,0.37131578,0.0596994,-0.6053814,-0.024735633,0.27804777,0.2729439,-0.023777109,0.10174608,0.16634308,-0.41543138,-0.05524066,-0.06449063,-0.45320556,-0.28209525,-0.1722092,0.18379524,0.2950825,-0.042922564,-0.013071036,-0.16011703,-0.23578534,0.72606105,0.5121908,0.534546,0.33779663,0.71126306,0.21237382,-0.052012693,0.21325925,-0.26875442,0.81115836,0.50502837,-0.101019084,0.2439064,0.80099237,0.58809984,0.056808278,0.5716828,0.70812005,0.46630678,0.80681705,0.9256679,0.28069285,0.027064053,-0.09326202,-0.09781312,-0.15861379,-0.3754968,-0.06959425,0.06559656,0.25394517,0.15717119,-0.5502747,0.0031105098
0.63837475,0.5502896,0.5497696,0.050843634,-0.022314264,-0.024105463,-0.0711887,0.055202432,-0.24970774,-0.5188284,-0.30866823,0.03182469,0.28700656,0.27722913,0.037177026,0.07963465,0.42608723,0.3791834,0.5753963,0.6747859,0.26347828,0.28737682,-0.04709421,0.1586694,-0.2364705,-0.07667554,0.5947243,0.89952403,0.0,-0.06086189,-0.1052322,0.3148792,-0.021445176,0.40657496,0.5955655,0.19208355,0.8250694,-0.19788516,0.12478413,-0.48814902,-0.06631799,-0.66684633,-0.22887127,-0.087101504,0.12159622,0.2820856,0.4195515,0.024628308,-0.620422,0.058843642,0.3067655,0.33721307,0.025626166,0.123514086,0.15833223,-0.37362003,0.008301466,0.022023827,-0.42070824,-0.23823407,-0.19221961,0.23045975,0.31350476,-0.017157862,-0.0054809977,-0.17689547,-0.12786256,0.7460697,0.55922574,0.5119453,0.42005298,0.6346515,0.0959375,0.055618055,0.24707823,-0.28125235,0.73881894,0.33901596,-0.121337324,0.29866248,0.77624243,0.6212984,0.06681272,0.4729084,0.54652625,0.35103014,0.78976154,0.8480035,0.3574271,0.06380647,-0.011190361,-0.051623978,-0.19608611,-0.3825958,-0.028788319,0.1679438,0.14133212,0.03533999,-0.5010711,0.096086085
-0.1772661,0.21003766,-0.11101779,0.31428257,0.108351596,0.76131606,-0.012875594,-0.102905154,-0.41831583,0.24471919,-0.4161874,-0.30284992,0.14251642,0.31463677,0.47317672,0.2769856,-0.37096396,-0.0075739753,-0.049303513,-0.364326,-0.21709137,-0.17679659,0.5469078,-0.1973715,0.49297318,-0.17309695,-0.0020697706,0.07947079,-0.06086189,0.0,-0.40984863,0.113868594,0.110740826,-0.37307432,-0.1624346,-0.40629855,-0.1234196,0.17659692,0.42329824,0.34875652,-0.55870974,-0.0650547,-0.26480216,-0.65157074,-0.2333,0.14997193,-0.26793337,0.07270196,0.16314894,-0.44375893,0.22366154,0.13984035,0.13171525,0.075165816,0.58069116,0.1609206,-0.024160955,-0.30217892,-0.15503849,-0.53783274,0.11456735,0.121367015,0.12883143,0.23204921,0.17248492,0.43655905,0.10321638,-0.062548526,-0.1316875,-0.07833058,-0.24265322,0.07532861,0.45434493,0.13528323,-0.5419873,-0.30197546,0.15462066,0.71840477,0.40644076,0.27088317,-0.035606273,-0.30121025,-0.26105043,0.31815785,0.5541255,0.5254826,-0.15634885,0.041679807,-0.43720323,-0.5184622,0.039199166,0.39873615,0.61595243,0.05329513,-0.28386545,-0.6812771,0.6821218,0.20409413,-0.107849754,-0.44225565
0.074275844,0.21714641,0.25300896,-0.13022763,-0.12426566,-0.32056415,0.56524646,0.53357476,0.47994858,0.16078943,0.32248297,0.22591564,0.19618264,0.057326887,0.05237719,0.30682513,0.26183784,0.2685633,0.26166376,-0.025187131,0.35922432,0.17703675,-0.12220348,0.050003305,-0.19935493,0.05510962,-0.27902386,-0.2439225,-0.1052322,-0.40984863,0.0,0.07059447,-0.0772244,0.20028046,-0.0520784,-0.20373125,-0.25452572,0.053832185,0.028292902,0.034556378,0.03542681,-0.04386087,0.321096,0.27439559,-0.23953158,-0.5788365,-0.25790918,-0.46781594,-0.18400271,-0.13725033,-0.075094126,0.41232693,0.2584877,-0.10267723,0.004586881,0.14632338,0.5506991,0.54112715,0.20474288,0.33537534,0.32150102,0.2730285,0.16936815,0.16974337,0.22475553,0.054564696,0.0903449,0.08439586,0.17332505,0.18915544,0.28627855,-0.087576315,-0.1907932,0.30995384,0.3718248,0.14881557,-0.15716234,-0.43312532,-0.3049167,-0.15301174,-0.039344605,0.09047687,0.038053226,-0.20244355,-0.402507,-0.51580626,-0.22130738,-0.3131492,-0.16119586,0.17837642,0.0009568723,-0.03280132,-0.16199414,-0.08854542,0.25774142,0.3495383,-0.6157459,-0.60462695,-0.061115205,-0.102766834
0.6100435,0.51642233,0.38616064,0.52722967,-0.2480045,0.24438442,0.16178517,0.19124345,-0.43662894,-0.08352628,-0.62083876,-0.50934094,0.2732215,0.41989177,0.34518287,0.16099603,-0.04385979,0.21144114,0.273505,0.25048834,0.10930265,-0.2614826,0.11903582,-0.5418839,-0.22868223,-0.6034377,-0.047569506,0.23012856,0.3148792,0.113868594,0.07059447,0.0,0.19088025,-0.18396908,0.13049462,-0.22297633,0.17436975,0.26008576,0.40111506,-0.041903254,-0.35536048,-0.34323162,-0.36064455,-0.48439625,-0.22775592,0.025968065,0.18395773,0.23495921,-0.28439233,-0.23161954,0.26439232,0.44475713,0.1541573,0.20658813,0.4647096,-0.22868651,0.16704704,-0.087362684,-0.5346502,-0.6346475,-0.26754028,0.28522706,0.33028188,0.37107024,0.26596335,0.27422598,0.19560908,0.34334087,0.31083328,0.14920665,0.12153585,0.015436639,0.17054254,0.19541356,-0.39268377,-0.7496568,0.118428655,0.10453049,0.2465776,0.57170224,0.21771966,-0.022678863,-0.35625553,-0.040436286,0.11032098,0.277779,0.08934967,0.08959123,-0.09741401,-0.55274254,0.25308713,0.49955732,0.29955974,-0.35111806,-0.56432325,-0.28188455,0.17664395,-0.021837326,-0.26056838,-0.19500683
0.30341658,0.029308988,0.2771586,0.14021613,-0.56255406,0.10183804,-0.115292005,0.101392046,0.013079672,0.5379805,-0.34533772,-0.38761443,0.52003795,0.5454387,0.50072557,0.34562638,0.25320402,0.24985288,0.37480602,0.19733208,0.4232453,0.28049347,0.6094902,-0.30197403,-0.23638043,-0.62803966,-0.26660746,0.020323759,-0.021445176,0.110740826,-0.0772244,0.19088025,0.0,0.19443071,0.26989353,-0.19754106,-0.0981725,0.50380474,0.50860476,0.17315492,0.020768767,0.1710441,0.3513312,-0.1902318,-0.22491303,0.045696303,0.13779108,0.5555661,-0.04111931,-0.04582356,-0.61851895,0.039861355,-0.22491077,-0.5140567,0.19081081,-0.15999648,-0.028380709,0.07437325,-0.521758,-0.22278148,0.23696913,0.31519848,0.44280553,0.5097032,0.3979753,0.4378271,-0.2509879,0.1324227,-0.1675934,0.11189119,0.3397066,-0.00074914383,0.41573036,-0.17188779,-0.101412475,-0.3050196,0.0941231,0.22281595,-0.3252439,-0.3401204,-0.017738797,-0.07974567,-0.44480702,-0.08707062,0.08865271,0.41284314,-0.14434846,-0.031378042,-0.13205001,-0.3193124,-0.5058174,-0.024304684,0.19466662,-0.5147667,-0.4342957,0.03302534,0.2236386,0.43992332,0.05072274,-0.12372051
0.31944853,0.2287653,0.5198027,-0.19003448,0.0342246,-0.49093193,0.19337793,0.4047579,0.46081322,-0.046199713,0.29431581,0.5290124,0.3421993,0.17737252,-0.035927024,0.2516213,0.80461496,0.60542846,0.57203406,0.59245175,0.6007439,0.836003,0.113641016,0.610705,-0.35599574,0.17533547,0.28872865,0.39940512,0.40657496,-0.37307432,0.20028046,-0.18396908,0.19443071,0.0,0.6952565,0.24787243,0.40997827,-0.17180933,-0.073384464,-0.38613495,0.49671254,-0.101989955,0.52268267,0.502513,0.1802265,-0.023032645,0.2478962,0.04475189,-0.38463512,0.25158414,-0.29855782,0.24357094,0.118406564,-0.07805373,-0.22359774,-0.30519378,0.27678776,0.5172934,-0.008308403,0.4347697,0.22699709,0.27398932,0.28059214,0.006493704,0.166036,-0.15038571,-0.28044894,0.49032804,0.39719355,0.68405247,0.6694775,0.61860585,0.19276169,-0.057112988,0.7913285,0.26248145,0.5547474,0.04200953,-0.5288157,-0.39063588,0.47780553,0.8063258,0.4207847,0.4468812,0.21177468,0.054345284,0.45676035,0.40724215,0.36052996,0.58154273,-0.34916207,-0.6140932,-0.61517406,-0.19054283,0.4071771,0.70142615,-0.20454088,0.17051457,-0.26367474,0.22489144
0.5630815,0.3757513,0.66793925,0.061250236,-0.12961075,-0.22813655,0.022301592,0.30693746,0.008894362,-0.123128586,-0.16130042,0.29049286,0.47426704,0.46543258,0.1693784,0.16963822,0.763344,0.6594594,0.693477,0.6271209,0.5653175,0.7202566,0.24893789,0.3903131,-0.41515523,-0.1430579,0.34975407,0.64062136,0.5955655,-0.1624346,-0.0520784,0.13049462,0.26989353,0.6952565,0.0,0.022890449,0.50387317,-0.13532384,0.1796351,-0.47056055,0.15854923,-0.30586004,0.22952552,0.049444593,0.02277639,0.08675563,0.37795267,0.22405899,-0.6080295,-0.015073886,-0.19406533,0.31256074,0.12175753,0.0051115793,0.055438176,-0.4742193,0.19898073,0.28446758,-0.3867885,-0.041767742,-0.013418264,0.3787426,0.4957924,0.19880383,0.3061777,0.0150398,-0.2795609,0.72196245,0.5649228,0.717074,0.6072148,0.78116125,0.43230507,-0.054238655,0.49018475,-0.17389038,0.7222677,0.32510957,-0.33704662,-0.05138066,0.6669201,0.7144658,0.17002217,0.5376898,0.49390182,0.4038316,0.5308697,0.58432806,0.17210245,0.22311254,-0.17011577,-0.26939154,-0.32086346,-0.36965072,0.019327426,0.3946566,0.049263477,0.2688435,-0.5312028,-0.027427372
