0,1,2,3,4,5,6,7,8,9,10,11,12,13,14,15,16,17,18,19,20,21,22,23,24,25,26,27,28,29,30,31,32,33,34,35,36,37,38,39,40,41,42,43,44,45,46,47,48,49,50,51,52,53,54,55,56,57,58,59,60,61,62,63,64,65,66,67,68,69,70,71,72,73,74,75,76,77,78,79,80,81,82,83,84,85,86,87,88,89,90,91,92,93,94,95,96,97,98,99
0.0,0.1812594,0.00899337,0.17430311,0.022275519,0.061262567,0.39898375,2.5550806e-05,0.22714607,0.39863825,-0.46539453,-0.62911123,-0.07609684,0.047325052,0.04965765,0.4036341,0.19057317,0.054349367,-0.11194892,0.13553256,0.29861805,-0.034676436,0.3024256,-0.41406757,-0.13708058,-0.636979,-0.10843901,-0.21990502,-0.09240494,-0.2751992,-0.39305896,0.534316,0.4840263,0.07931543,-0.20261636,0.031605862,-0.004798383,0.53347003,0.36007187,0.30481413,-0.118080005,-0.6619548,-0.36255264,-0.45213443,-0.5954649,-0.074830376,-0.10232249,0.047144126,0.31820303,0.27713162,-0.4630909,-0.008700083,-0.22969891,-0.13868998,0.05237433,0.07592682,-0.13436036,0.06885424,-0.4647473,-0.1236852,-0.24477643,-0.1530555,0.011636837,0.03748011,-0.05475465,0.1359624,-0.095723495,-0.13074243,-0.028013049,0.034445535,0.061458897,-0.3882646,0.10557052,-0.049778856,-0.32361084,-0.28757694,0.020333743,0.24257155,-0.44361722,-0.30608374,-0.02696027,-0.10785441,-0.58687586,-0.27481186,-0.05421809,0.0012815213,0.026324717,-0.25996548,0.32419378,-0.046319526,-0.5326638,-0.30958727,-0.20336878,-0.28942126,-0.35538182,-0.5242398,-0.02574029,0.18267353,0.30607668,0.21022816
0.1812594,0.0,0.7946173,0.746474,0.7625418,0.5176094,0.53100777,0.844675,0.68689865,-0.47059086,-0.42036587,-0.14250866,0.26518452,0.2426146,0.12842925,0.6266236,-0.04235241,0.60638094,0.51964694,-0.35629487,0.25847328,-0.34009042,-0.07999039,-0.59943587,-0.4646709,-0.48877048,-0.5206178,-0.48628566,-0.4260311,-0.4027698,0.14353016,0.52301055,-0.22753574,0.23245597,-0.51761746,-0.33295202,-0.4660939,-0.218653,0.016308228,-0.28848648,-0.5992443,-0.49014264,-0.6019931,-0.42530087,-0.5356301,-0.45148775,-0.4997972,-0.36541316,0.28836274,0.19194748,0.376016,0.89243895,0.65590584,0.6906797,0.6860216,0.6996147,0.77758557,0.8164619,-0.11511485,-0.0037882926,0.16314025,0.346001,0.2574091,0.515386,0.60006446,0.18850568,0.11348989,0.40656918,0.37304538,0.6894147,0.5301631,-0.30175146,0.33823425,-0.5395165,-0.30755636,-0.67731017,-0.069093816,-0.5074612,-0.05025939,0.51082087,-0.69362116,-0.34250748,-0.5284827,-0.49730724,-0.5072803,-0.5599197,-0.37658772,-0.5387686,0.11348713,-0.5601631,0.11767917,0.17892939,-0.44535688,-0.6862203,-0.6120828,-0.3167221,-0.45945427,-0.23640925,0.46283394,0.13371456
0.00899337,0.7946173,0.0,0.3639793,0.85474896,0.8316064,0.14547251,0.7799163,0.8551847,-0.5392775,0.027948257,0.15206566,-0.010510778,-0.08441926,-0.08491762,0.18081288,-0.4696858,0.3246578,0.3330797,-0.044751074,-0.04154033,-0.59939593,-0.5214687,-0.28636253,-0.16271155,-0.1818445,-0.35981676,-0.2665825,-0.05911123,-0.5706905,0.55490506,0.14558578,-0.46389195,-0.21369426,-0.61863893,0.03742436,-0.15834971,-0.44154593,-0.19356534,-0.32769114,-0.42776015,-0.18887196,-0.63314927,-0.052883852,-0.30848804,-0.34669217,-0.4506596,-0.36910766,0.5811592,0.32598892,0.6333015,0.89166194,0.6880477,0.714266,0.9123354,0.8903093,0.7646776,0.92927915,0.27713954,-0.007979381,0.13258807,0.16373408,0.01574975,0.2674048,0.48428106,-0.06180628,0.38020664,0.21721756,0.033693835,0.49648264,0.6064929,-0.51677233,-0.014632887,-0.30472216,-0.11502837,-0.41186142,0.09982734,-0.63110274,0.36811575,0.7203414,-0.5584088,-0.097069375,-0.30887532,-0.39304036,-0.27650034,-0.50934047,-0.03514579,-0.2762069,0.3591105,-0.26499683,0.43196186,0.5118962,-0.17390898,-0.43827975,-0.344962,0.06839021,-0.28454506,-0.13162372,0.7115028,0.36284536
0.17430311,0.746474,0.3639793,0.0,0.47698337,0.10140517,0.62874144,0.565712,0.24833089,-0.20742492,-0.55511546,-0.27745488,0.36942068,0.39156553,0.21229747,0.78305584,0.30844125,0.60361725,0.47351494,-0.50748307,0.37235412,0.041672718,0.28859264,-0.5574597,-0.44236115,-0.4755443,-0.45038626,-0.4411074,-0.5465237,-0.07985152,-0.18477537,0.6399787,0.038884666,0.5309933,-0.19027705,-0.5236715,-0.56174654,0.03145878,0.20059782,-0.12024953,-0.4858274,-0.47615588,-0.28181276,-0.5325769,-0.44071463,-0.39028886,-0.32191807,-0.2652192,-0.13114546,-0.09848624,0.05066881,0.5440375,0.39766067,0.4873836,0.29349,0.26554003,0.5004351,0.408641,-0.32732764,0.007107683,0.11491591,0.34175172,0.33047208,0.49391836,0.4494183,0.2540364,-0.17284058,0.3866478,0.53532964,0.5677986,0.22934853,0.0013299491,0.45780158,-0.49410266,-0.33900058,-0.5829209,-0.19238323,-0.2313776,-0.28429222,0.17603736,-0.5015732,-0.3948118,-0.39736918,-0.31160802,-0.5109782,-0.3851436,-0.53520995,-0.48863888,-0.20496628,-0.58497065,-0.15136234,-0.13158582,-0.46261626,-0.5722592,-0.5263808,-0.47700107,-0.45459512,-0.30674246,0.03323518,-0.17968522
0.022275519,0.7625418,0.85474896,0.47698337,0.0,0.8223037,0.099768676,0.6030127,0.690138,-0.38467532,0.0050075273,0.011381184,-0.1869838,-0.25408646,-0.23659107,0.23657987,-0.45714313,0.15358941,0.09856889,0.002513297,-0.20004493,-0.390395,-0.40957874,-0.14549296,-0.07355981,-0.11795399,-0.17278871,-0.060633145,-0.0223172,-0.34816495,0.52124137,0.20372762,-0.25040984,-0.21412356,-0.37637073,0.07973013,-0.11463008,-0.28638428,-0.06591216,-0.11616251,-0.2575758,-0.1729958,-0.44993427,-0.021416554,-0.18609366,-0.21881641,-0.24004287,-0.24042533,0.37591586,0.106961034,0.48902133,0.76139086,0.53460157,0.822261,0.88563186,0.7086003,0.59191823,0.7666255,0.2166538,-0.23412687,-0.11161016,-0.063339196,-0.18524696,0.052142423,0.23028192,-0.22387424,0.20887712,-0.028317235,-0.09929486,0.26787573,0.35389158,-0.5858034,-0.19529831,-0.19631915,-0.29039916,-0.32929578,-0.08846066,-0.3740128,0.33893785,0.573094,-0.36043307,-0.08837196,-0.18900676,-0.17450245,-0.17910509,-0.40669444,-0.061768424,-0.105578326,0.14664915,-0.20942679,0.32103488,0.39152437,-0.111546874,-0.3933294,-0.20479226,0.045313813,-0.21590498,-0.21397446,0.49592704,0.12932783
0.061262567,0.5176094,0.8316064,0.10140517,0.8223037,0.0,-0.1198993,0.45433652,0.7812471,-0.286193,0.26841897,0.13903964,-0.36172158,-0.4533742,-0.31877825,-0.070306174,-0.69498724,-0.077928856,-0.079297595,0.283303,-0.33647373,-0.56192887,-0.6599828,0.031166745,0.11710157,0.006572602,-0.0766866,0.06271383,0.2896976,-0.4802276,0.6692992,-0.044648245,-0.31862375,-0.5332085,-0.45421213,0.3620418,0.13211335,-0.33933136,-0.10329299,-0.009138802,-0.11872107,-0.056255374,-0.48972344,0.15155457,-0.11190057,-0.15911938,-0.2078633,-0.23069413,0.6387333,0.28411263,0.5417009,0.6262709,0.44772187,0.6677545,0.93150294,0.7914969,0.44311708,0.76041865,0.41678187,-0.21075465,-0.1369078,-0.19299065,-0.31243607,-0.12961897,0.10006073,-0.3176968,0.4081287,-0.18352571,-0.39795652,0.07159212,0.4063035,-0.7775248,-0.42602172,0.055543,-0.15689282,-0.14939341,0.06599528,-0.38612893,0.48533148,0.608382,-0.23922427,0.050350852,-0.11678337,-0.16811153,-0.019394033,-0.34505975,0.2043647,0.03379713,0.3981883,0.023180671,0.43797222,0.554537,0.13056816,-0.23690532,-0.04674001,0.21050955,-0.08131265,-0.097533405,0.7018315,0.34527776
0.39898375,0.53100777,0.14547251,0.62874144,0.099768676,-0.1198993,0.0,0.49843994,0.29782254,-0.08435695,-0.76811683,-0.39822164,0.52209926,0.5842136,0.36619118,0.83557224,0.4519115,0.7037698,0.54025334,-0.41630054,0.5510522,0.014104548,0.45352098,-0.74719495,-0.60067236,-0.7284256,-0.5801673,-0.61002946,-0.49826124,-0.124694034,-0.46233055,0.6980066,0.09645442,0.6409095,-0.28306645,-0.4990045,-0.5355451,0.14836504,0.38876775,0.016754627,-0.5032602,-0.6570689,-0.3505729,-0.74449444,-0.6489169,-0.41683325,-0.39458445,-0.2410122,0.054041438,0.23812628,-0.0450955,0.40333456,0.3414311,0.18216796,0.023459883,0.23268391,0.41891554,0.32677096,-0.46594068,0.08109758,0.18940724,0.47351146,0.52461374,0.634621,0.48296776,0.47095338,0.01727954,0.5214359,0.6445874,0.6617082,0.34190786,0.108094305,0.69895023,-0.3774169,-0.32454598,-0.7229217,-0.009117014,-0.20542765,-0.599396,0.09404317,-0.5620621,-0.3660828,-0.6160066,-0.5397096,-0.540887,-0.30647466,-0.4722831,-0.67503786,0.09065365,-0.5243367,-0.21780801,-0.14046973,-0.34023955,-0.6560671,-0.6275179,-0.658031,-0.41251343,-0.09334323,0.1746914,0.10271912
2.5550806e-05,0.844675,0.7799163,0.565712,0.6030127,0.45433652,0.49843994,0.0,0.71261406,-0.6380522,-0.24108535,0.15940791,0.3672583,0.3104275,0.20586507,0.44835997,-0.10534335,0.713782,0.6570503,-0.37207437,0.28530937,-0.50342274,-0.23415351,-0.5243132,-0.34681612,-0.3223456,-0.63433176,-0.5535096,-0.3524115,-0.4706294,0.2519567,0.33231306,-0.51462686,0.20236427,-0.6553733,-0.32109144,-0.459499,-0.47105864,-0.17984867,-0.44581452,-0.6551795,-0.27100042,-0.6389838,-0.32841164,-0.4796153,-0.5439152,-0.6382811,-0.50044864,0.36487287,0.2653112,0.5951873,0.92564785,0.83584934,0.628304,0.59774774,0.7659007,0.9574424,0.84733397,0.1171161,0.19401929,0.3892992,0.50628877,0.35698566,0.6081987,0.7143072,0.252133,0.36340958,0.585333,0.47894537,0.832395,0.71243304,-0.12547784,0.42282486,-0.47326785,-0.022507478,-0.5562818,0.1888444,-0.7126247,0.04994428,0.69832194,-0.76091355,-0.2651194,-0.45567152,-0.55784446,-0.5315098,-0.60204,-0.30912894,-0.5679181,0.23913473,-0.50312287,0.35833013,0.40012637,-0.37505606,-0.5817975,-0.5723327,-0.16318138,-0.5011313,-0.2240858,0.54129225,0.2630848
0.22714607,0.68689865,0.8551847,0.24833089,0.690138,0.7812471,0.29782254,0.71261406,0.0,-0.39610136,-0.05397645,0.023884354,-0.04912189,-0.106893614,-0.085970014,0.21967621,-0.47069216,0.28660145,0.24280302,0.110231705,-0.027079983,-0.6425226,-0.48018017,-0.3468582,-0.18037614,-0.32730067,-0.38460806,-0.27418604,0.07290796,-0.59557295,0.43218374,0.18882771,-0.3641887,-0.25707588,-0.6757937,0.1402769,-0.070378594,-0.32752377,-0.010981367,-0.0923761,-0.37385514,-0.31760395,-0.69564694,-0.16023412,-0.4341768,-0.34364578,-0.45142636,-0.33476576,0.76911503,0.53681207,0.56415313,0.80473894,0.63509744,0.60031116,0.80965173,0.91805494,0.6715812,0.9145164,0.22361182,-0.073660575,0.058124177,0.112064,0.004023508,0.23384078,0.3905767,-0.025123768,0.5403246,0.15408818,-0.052113514,0.4488865,0.64860654,-0.6282278,-0.01104528,-0.12070086,-0.19764036,-0.46480668,0.18930508,-0.5455771,0.19903806,0.67801905,-0.5376326,-0.056926947,-0.4397272,-0.4950645,-0.24583596,-0.4632401,0.07074123,-0.3179416,0.5806639,-0.17021413,0.38818982,0.546609,-0.026738143,-0.49442342,-0.361791,-0.032587826,-0.23185278,-0.017549792,0.86919254,0.547548
0.39863825,-0.47059086,-0.5392775,-0.20742492,-0.38467532,-0.286193,-0.08435695,-0.6380522,-0.39610136,0.0,-0.010073124,-0.41209483,-0.21789905,-0.12961228,-0.09176851,-0.023541957,0.21149504,-0.4917804,-0.47348723,0.24273095,-0.0048469375,0.40193924,0.32270962,0.10827429,0.23943725,-0.13275862,0.31498218,0.21872565,0.22342803,0.15703546,-0.37378496,0.13046825,0.7319619,-0.028133137,0.41316172,0.19560973,0.28034383,0.73608214,0.57519215,0.6941574,0.4067473,-0.1634419,0.354238,-0.041543636,0.06994342,0.28900543,0.4418407,0.3447505,-0.1320575,-0.011930392,-0.7452711,-0.6561701,-0.76596117,-0.48011017,-0.35941693,-0.5067897,-0.7370308,-0.55148214,-0.30643478,-0.06454688,-0.31841445,-0.38116804,-0.17995793,-0.36495113,-0.4845766,-0.1116096,-0.38720486,-0.47944006,-0.31146264,-0.54694664,-0.5455414,-0.1208891,-0.2604694,0.34625906,-0.21250637,0.19592693,-0.24696213,0.6080609,-0.20367013,-0.719884,0.47849718,0.14315028,0.14483596,0.33305976,0.29286924,0.44496414,0.19970483,0.26553828,-0.02959854,0.29131803,-0.57591146,-0.4711144,0.23973772,0.25722227,0.25887683,-0.1771225,0.3276648,0.21447921,-0.2481635,-0.0510844
-0.46539453,-0.42036587,0.027948257,-0.55511546,0.0050075273,0.26841897,-0.76811683,-0.24108535,-0.05397645,-0.010073124,0.0,0.69585204,-0.43633157,-0.5417093,-0.32704943,-0.8584149,-0.63047487,-0.5409647,-0.36915162,0.44366232,-0.5283322,-0.2906144,-0.720308,0.7642485,0.7583871,0.7881854,0.33757237,0.4889821,0.6936755,-0.054617696,0.6751022,-0.76965976,-0.39682692,-0.6843149,0.020520663,0.54361355,0.49992216,-0.42362037,-0.37520733,0.031150157,0.37361172,0.7589387,0.17831285,0.73560673,0.60127544,0.18044241,0.16487603,-0.042875297,0.17265745,-0.07574909,0.3728437,-0.19166398,-0.01575771,0.06497548,0.11032983,0.032044306,-0.12861557,-0.09500763,0.8217643,0.065128505,0.03942981,-0.30381048,-0.44832754,-0.511708,-0.28362018,-0.44787335,0.36146122,-0.3421461,-0.55232203,-0.4494585,-0.021804228,-0.10137897,-0.6728449,0.54395735,0.49845362,0.7079236,0.3152952,-0.103867605,0.73844993,0.24993522,0.38609353,0.41525677,0.6408912,0.42898855,0.4228807,0.16776864,0.5263277,0.5934501,0.14429943,0.52440614,0.5616118,0.5187658,0.54645,0.5859997,0.6570156,0.7402095,0.27962983,0.010056162,0.08339451,0.11151957
-0.62911123,-0.14250866,0.15206566,-0.27745488,0.011381184,0.13903964,-0.39822164,0.15940791,0.023884354,-0.41209483,0.69585204,0.0,0.09565806,-0.040969323,0.1474597,-0.5658579,-0.34608114,0.050747536,0.18813437,-0.07910364,-0.09474868,-0.46655962,-0.63667554,0.43011206,0.45363745,0.6635479,-0.19017488,0.0061066197,0.28400716,-0.17976475,0.49684423,-0.5531728,-0.81219083,-0.28843513,-0.3023865,0.012546423,-0.05163379,-0.81583047,-0.5978036,-0.3750021,-0.17374292,0.6223586,-0.11218972,0.34268185,0.2523269,-0.3128096,-0.34669268,-0.5029667,0.06591375,-0.21494599,0.58738357,0.1378472,0.4312143,0.20706883,0.10992603,0.24920942,0.2906921,0.120898396,0.7940856,0.44820747,0.551859,0.2702434,0.07840867,0.04556772,0.22919871,0.059374843,0.43785393,0.26945356,-0.043349333,0.08059862,0.41149247,0.19019748,-0.1409587,0.14132507,0.77616334,0.4483869,0.48989686,-0.5064447,0.4511393,0.53029954,-0.13047461,-0.044061616,0.3022094,-0.029453253,-0.12777995,-0.32292902,0.033218373,0.06306961,-0.036155835,0.0026491212,0.6632377,0.5836487,0.16362827,0.18625283,0.20178404,0.43849397,-0.25638583,-0.3843131,0.09393114,-0.051753648
-0.07609684,0.26518452,-0.010510778,0.36942068,-0.1869838,-0.36172158,0.52209926,0.3672583,-0.04912189,-0.21789905,-0.43633157,0.09565806,0.0,0.9490094,0.8243306,0.48819977,0.6387597,0.7487992,0.8701499,-0.8336892,0.80849063,0.006055441,0.33465135,-0.6475529,-0.541727,-0.4010273,-0.733663,-0.79897594,-0.6326204,-0.18608284,-0.46127826,0.42870942,-0.19215927,0.71609396,-0.2616273,-0.8432378,-0.74992615,-0.13317786,0.0243248,-0.42956096,-0.70097584,-0.38399136,-0.20336007,-0.63593847,-0.47721297,-0.58428746,-0.55437684,-0.45967343,-0.22279596,-0.06263709,-0.07250308,0.23191889,0.29110014,-0.10228494,-0.14851645,0.08661903,0.3288312,0.105610676,-0.33532774,0.7008743,0.77268976,0.9472895,0.95472944,0.9019623,0.76557297,0.82774913,-0.2180636,0.8935637,0.8030852,0.6956481,0.38490313,0.48336995,0.85196686,-0.6482969,0.21678677,-0.4798902,0.013684033,-0.43444157,-0.47499996,0.025231391,-0.69781876,-0.62263286,-0.4152007,-0.57808197,-0.74696416,-0.49369633,-0.6865182,-0.7706629,-0.28402796,-0.7640769,-0.2054188,-0.25099415,-0.58078265,-0.4986453,-0.6631957,-0.5177894,-0.6315587,-0.36024275,-0.093175866,-0.16878025
0.047325052,0.2426146,-0.08441926,0.39156553,-0.25408646,-0.4533742,0.5842136,0.3104275,-0.106893614,-0.12961228,-0.5417093,-0.040969323,0.9490094,0.0,0.8053213,0.5634598,0.735466,0.7467422,0.8329005,-0.7992085,0.86695564,0.08733444,0.4615915,-0.7047476,-0.5797407,-0.49514365,-0.6812059,-0.7990271,-0.6700809,-0.14132352,-0.5765439,0.48951638,-0.05472488,0.78200865,-0.20698258,-0.841291,-0.71412754,0.010290262,0.093745574,-0.3735665,-0.6559253,-0.45545766,-0.1701028,-0.6780344,-0.50860405,-0.5144087,-0.49543744,-0.36746922,-0.25903517,-0.034937814,-0.1990956,0.16167581,0.18700115,-0.19852318,-0.23680668,-0.007146648,0.25195363,0.030900933,-0.47546524,0.65248513,0.68578714,0.8749785,0.92677957,0.88763595,0.7295133,0.8302665,-0.29624048,0.8529236,0.8369097,0.68213505,0.31097746,0.50215584,0.90293705,-0.65137523,0.14676575,-0.5094378,-0.018902233,-0.32270578,-0.56543046,-0.10583557,-0.6301452,-0.5841337,-0.4623644,-0.54842895,-0.68580055,-0.39486176,-0.66177833,-0.762744,-0.26184747,-0.72673506,-0.3369597,-0.3819025,-0.61139387,-0.4841589,-0.6761595,-0.5796753,-0.5623025,-0.26314875,-0.13971797,-0.15018171
0.04965765,0.12842925,-0.08491762,0.21229747,-0.23659107,-0.31877825,0.36619118,0.20586507,-0.085970014,-0.09176851,-0.32704943,0.1474597,0.8243306,0.8053213,0.0,0.3579138,0.5984438,0.58956444,0.67595,-0.7484159,0.8382433,-0.102829404,0.24467567,-0.51005405,-0.373153,-0.3112249,-0.69969195,-0.7323084,-0.4954553,-0.25473827,-0.519316,0.37230998,-0.17818509,0.5362193,-0.335213,-0.77818173,-0.71942836,-0.1409043,-0.058451943,-0.36319137,-0.73623955,-0.41338336,-0.3136556,-0.6480353,-0.5416764,-0.6538659,-0.63228875,-0.5781589,-0.18567975,-0.21142285,-0.18702677,0.112345494,0.17382653,-0.13834314,-0.15511276,0.08265162,0.16770639,0.028518945,-0.275031,0.73209506,0.7555774,0.79430526,0.8855153,0.7542553,0.627794,0.9592758,-0.2357087,0.738016,0.56084764,0.48189053,0.4171276,0.29280478,0.66103244,-0.5446731,0.3463951,-0.27933252,0.11661185,-0.32613137,-0.5624791,-0.05730524,-0.62367153,-0.7915653,-0.50834215,-0.66828585,-0.7736818,-0.60724443,-0.6756968,-0.74415326,-0.32888192,-0.77097756,-0.30192578,-0.28033558,-0.57350814,-0.54238874,-0.6689429,-0.591549,-0.7097305,-0.5298758,-0.08274169,-0.3056903
0.4036341,0.6266236,0.18081288,0.78305584,0.23657987,-0.070306174,0.83557224,0.44835997,0.21967621,-0.023541957,-0.8584149,-0.5658579,0.48819977,0.5634598,0.3579138,0.0,0.54832274,0.64904165,0.48891056,-0.53903806,0.5539066,0.168157,0.56794804,-0.78903997,-0.66953,-0.78426284,-0.5038728,-0.58671606,-0.6584503,-0.07287849,-0.5101206,0.8720467,0.26784015,0.7002876,-0.15270446,-0.607349,-0.62163347,0.29910272,0.4222905,-0.009328975,-0.51148355,-0.78410417,-0.28353512,-0.79320383,-0.6538752,-0.37398368,-0.30541432,-0.17002292,-0.10926812,0.04450465,-0.22350892,0.39456952,0.210365,0.20845976,0.11782136,0.16938727,0.33683428,0.30248868,-0.6524566,0.011355103,0.08560853,0.39705566,0.48953825,0.59568095,0.43908784,0.44749516,-0.29008648,0.42857096,0.61416227,0.58253044,0.17536227,0.021875767,0.6488275,-0.55450696,-0.47066498,-0.7749327,-0.27048224,-0.08114184,-0.6093068,-0.049748037,-0.5331744,-0.49685138,-0.6302416,-0.46487606,-0.572674,-0.33700827,-0.6131034,-0.66438645,-0.14733395,-0.6492761,-0.43254423,-0.37154236,-0.53602326,-0.7087299,-0.69606894,-0.75375384,-0.45132223,-0.19028391,0.032154653,-0.114328735
0.19057317,-0.04235241,-0.4696858,0.30844125,-0.45714313,-0.69498724,0.4519115,-0.10534335,-0.47069216,0.21149504,-0.63047487,-0.34608114,0.6387597,0.735466,0.5984438,0.54832274,0.0,0.46127033,0.39832163,-0.63996685,0.6846162,0.554216,0.85462415,-0.463583,-0.46798933,-0.3924042,-0.25759166,-0.4285813,-0.66257274,0.30199072,-0.83358413,0.551329,0.3912085,0.86041826,0.26348218,-0.70957154,-0.5358903,0.40583083,0.22484304,-0.13993353,-0.29384667,-0.4188858,0.18760899,-0.58288664,-0.3061825,-0.16724011,-0.07080434,0.013591002,-0.5831856,-0.30255318,-0.61857855,-0.24093415,-0.26562563,-0.43456787,-0.53235507,-0.44468555,-0.17232145,-0.37142918,-0.7200723,0.31676444,0.27098206,0.45084095,0.6131823,0.48330024,0.22129409,0.63905954,-0.6314252,0.42648554,0.6476251,0.27239,-0.17944086,0.5530058,0.70180106,-0.50927484,-0.02999348,-0.2705641,-0.24131922,0.2444272,-0.7444172,-0.549949,-0.17596789,-0.49734405,-0.29971418,-0.20334508,-0.41448614,-0.06901776,-0.6034035,-0.46052703,-0.513334,-0.5214143,-0.7000615,-0.76880914,-0.5885898,-0.2679288,-0.46934083,-0.6345937,-0.31281045,-0.17958413,-0.5350327,-0.45680952
0.054349367,0.60638094,0.3246578,0.60361725,0.15358941,-0.077928856,0.7037698,0.713782,0.28660145,-0.4917804,-0.5409647,0.050747536,0.7487992,0.7467422,0.58956444,0.64904165,0.46127033,0.0,0.86107653,-0.70762324,0.6856193,-0.1894387,0.23667072,-0.68169427,-0.543527,-0.45444152,-0.78198224,-0.7931014,-0.6684114,-0.25838214,-0.26842672,0.5564163,-0.34042594,0.67541087,-0.47800612,-0.73232555,-0.7753139,-0.29611596,-0.11757202,-0.49864304,-0.7978746,-0.43072733,-0.47952652,-0.66144943,-0.6303315,-0.676126,-0.70685613,-0.5480344,-0.0314936,0.0053339736,0.20576163,0.59513086,0.62238985,0.2656162,0.12885107,0.38724044,0.69128025,0.4527022,-0.24576169,0.43063796,0.5839247,0.78135026,0.72113866,0.86116725,0.78549355,0.65577996,0.051753003,0.8630121,0.8571571,0.91640687,0.6120682,0.3091208,0.8377442,-0.6480624,0.12562351,-0.57863,0.18157174,-0.5474971,-0.41852337,0.34408712,-0.7618565,-0.55616313,-0.6173263,-0.65435296,-0.760421,-0.6122931,-0.6722516,-0.825568,-0.09488391,-0.749384,-0.010245489,-0.025130874,-0.63592225,-0.64637566,-0.7599123,-0.529352,-0.71755713,-0.38138092,0.15110394,-0.066426344
-0.11194892,0.51964694,0.3330797,0.47351494,0.09856889,-0.079297595,0.54025334,0.6570503,0.24280302,-0.47348723,-0.36915162,0.18813437,0.8701499,0.8329005,0.67595,0.48891056,0.39832163,0.86107653,0.0,-0.74870145,0.71682906,-0.22414559,0.111739166,-0.675185,-0.5434696,-0.394775,-0.7876956,-0.8226037,-0.60283697,-0.35604322,-0.18203524,0.3940023,-0.40514073,0.59241444,-0.47422937,-0.73605996,-0.71580964,-0.34212765,-0.122422494,-0.5765478,-0.7851998,-0.33764982,-0.40006793,-0.5420733,-0.5114872,-0.6359416,-0.67948145,-0.54364073,-0.0047942316,0.08816744,0.22544946,0.54388356,0.56504285,0.15073739,0.13638356,0.37811333,0.628787,0.41518065,-0.17117992,0.6373188,0.7673584,0.9228767,0.8417281,0.9388503,0.92097527,0.69788504,0.0025863445,0.9480161,0.81897926,0.89095855,0.60489607,0.35362995,0.82450265,-0.69213104,0.21630518,-0.56709534,0.12075626,-0.6714488,-0.25592947,0.32662863,-0.82169473,-0.5251928,-0.46341366,-0.6335038,-0.7287936,-0.58652925,-0.5978548,-0.7799301,-0.08345517,-0.74196565,0.03816379,-0.00857615,-0.5880746,-0.5453729,-0.69903386,-0.3737583,-0.6483664,-0.3228696,0.1625416,0.026421191
0.13553256,-0.35629487,-0.044751074,-0.50748307,0.002513297,0.283303,-0.41630054,-0.37207437,0.110231705,0.24273095,0.44366232,-0.07910364,-0.8336892,-0.7992085,-0.7484159,-0.53903806,-0.63996685,-0.70762324,-0.74870145,0.0,-0.70903105,-0.100782156,-0.36692,0.5608512,0.48703718,0.29659232,0.6520787,0.68970746,0.78081405,0.068184376,0.4335913,-0.50714123,0.15949978,-0.7321495,0.15889373,0.95150006,0.8752785,0.15241827,0.040496595,0.45574215,0.72017324,0.35408494,0.18608357,0.6203064,0.43351623,0.5928976,0.5104373,0.4647529,0.4292743,0.36156029,0.099846296,-0.28141364,-0.28436586,-0.0770242,0.053651724,-0.06303785,-0.3436267,-0.11918016,0.3477656,-0.5822902,-0.664574,-0.7854095,-0.8003189,-0.78148997,-0.6635573,-0.74070007,0.4052476,-0.7582353,-0.7375385,-0.6090719,-0.2601708,-0.4148161,-0.7205549,0.7525004,-0.12378838,0.42212522,0.19014502,0.3540655,0.45824072,-0.009927475,0.66408163,0.7612028,0.3819931,0.49296546,0.811741,0.5977189,0.86951816,0.72604954,0.5692284,0.8787153,0.2582627,0.33219615,0.71463776,0.5686368,0.6860326,0.5653383,0.72724605,0.55990285,0.25259218,0.4737873
0.29861805,0.25847328,-0.04154033,0.37235412,-0.20004493,-0.33647373,0.5510522,0.28530937,-0.027079983,-0.0048469375,-0.5283322,-0.09474868,0.80849063,0.86695564,0.8382433,0.5539066,0.6846162,0.6856193,0.71682906,-0.70903105,0.0,-0.058379382,0.39588448,-0.7017857,-0.457865,-0.5547153,-0.71201324,-0.8312178,-0.61046845,-0.32886115,-0.6144495,0.57368946,-0.0016223154,0.64641446,-0.36168072,-0.7783466,-0.6990379,0.062430907,0.06302426,-0.3244233,-0.74024516,-0.59415877,-0.38228253,-0.75697917,-0.69921905,-0.61876297,-0.61738324,-0.4709175,-0.12616286,-0.0654275,-0.314219,0.16035129,0.12083698,-0.17746793,-0.15442277,0.0791023,0.20029493,0.06111508,-0.4640774,0.6690299,0.6479547,0.7464042,0.8397157,0.7955027,0.6659744,0.87447435,-0.2885051,0.7378261,0.6777056,0.5998933,0.38579953,0.2850209,0.78150046,-0.6186873,0.20272146,-0.42114407,0.11346027,-0.28154567,-0.63738716,-0.1610096,-0.599932,-0.67491275,-0.6499507,-0.65519655,-0.7100407,-0.48979536,-0.6239984,-0.8087883,-0.18270303,-0.7326022,-0.46865317,-0.42199117,-0.67558527,-0.55071163,-0.7646469,-0.711048,-0.6386639,-0.33458108,-0.014976729,-0.1665853
-0.034676436,-0.34009042,-0.59939593,0.041672718,-0.390395,-0.56192887,0.014104548,-0.50342274,-0.6425226,0.40193924,-0.2906144,-0.46655962,0.006055441,0.08733444,-0.102829404,0.168157,0.554216,-0.1894387,-0.22414559,-0.100782156,-0.058379382,0.0,0.74360746,0.067110285,-0.18286145,-0.008243329,0.4644549,0.3011796,-0.2453173,0.7450928,-0.4608417,0.16402914,0.67785984,0.45049095,0.88563764,-0.10862854,0.08188972,0.64667165,0.3726566,0.23369606,0.46159434,0.016413957,0.7862167,0.03925444,0.38151708,0.5231081,0.6755419,0.63884264,-0.6674178,-0.26807678,-0.5998074,-0.54592526,-0.6132121,-0.45347682,-0.53377897,-0.7462442,-0.52282673,-0.6048373,-0.5587949,-0.2576971,-0.3627888,-0.21167813,-0.055907223,-0.19038332,-0.41165045,-0.10489506,-0.6811693,-0.24827014,0.13749053,-0.31336474,-0.81061745,0.42327827,0.09113226,-0.053927917,-0.35260707,0.03062229,-0.6032081,0.6939255,-0.25851923,-0.68512964,0.4426434,0.11014715,0.34745798,0.51580477,0.25897795,0.5312989,-0.09979828,0.27735862,-0.50308365,0.1042418,-0.5311111,-0.6863046,-0.060850877,0.26850355,0.22154248,-0.07988647,0.35123035,0.21799135,-0.73136777,-0.3851586
0.3024256,-0.07999039,-0.5214687,0.28859264,-0.40957874,-0.6599828,0.45352098,-0.23415351,-0.48018017,0.32270962,-0.720308,-0.63667554,0.33465135,0.4615915,0.24467567,0.56794804,0.85462415,0.23667072,0.111739166,-0.36692,0.39588448,0.74360746,0.0,-0.381862,-0.48532435,-0.4283967,0.036590423,-0.16010836,-0.5601509,0.48580718,-0.80374324,0.53131956,0.6500819,0.7579651,0.485581,-0.45440552,-0.2796723,0.6436811,0.39391482,0.09851134,0.020976141,-0.41343617,0.3547242,-0.44396195,-0.16029741,0.1477278,0.23731951,0.33730984,-0.56606084,-0.18768027,-0.68564886,-0.33679757,-0.42216626,-0.43754384,-0.54657376,-0.56989217,-0.30947167,-0.43582898,-0.826568,-0.06764171,-0.1230239,0.11656976,0.30777135,0.22011103,-0.07347091,0.31084672,-0.6365157,0.12077577,0.47627336,0.069424175,-0.43962488,0.44483116,0.5097353,-0.33244187,-0.34197813,-0.27011827,-0.40091354,0.5100792,-0.69852555,-0.662305,0.082544126,-0.22494254,-0.18904348,0.043178532,-0.1237204,0.21692628,-0.39702144,-0.21768998,-0.418743,-0.25661743,-0.7380026,-0.80148983,-0.40176377,-0.14327174,-0.26634213,-0.53971875,-0.006121633,0.084363595,-0.5622838,-0.36204582
-0.41406757,-0.59943587,-0.28636253,-0.5574597,-0.14549296,0.031166745,-0.74719495,-0.5243132,-0.3468582,0.10827429,0.7642485,0.43011206,-0.6475529,-0.7047476,-0.51005405,-0.78903997,-0.463583,-0.68169427,-0.675185,0.5608512,-0.7017857,0.067110285,-0.381862,0.0,0.73577636,0.89141434,0.6581267,0.80226207,0.668245,0.38911936,0.44977665,-0.73376054,-0.115685835,-0.57649493,0.38909668,0.60929656,0.60404617,-0.19305032,-0.315351,0.20394355,0.65355086,0.812083,0.45698532,0.77990246,0.76252943,0.4540489,0.47871363,0.2550585,-0.13560328,-0.32017207,0.16459942,-0.45262742,-0.24641287,-0.038396683,-0.16203699,-0.31426015,-0.3810404,-0.39522594,0.6122664,-0.29581177,-0.32846844,-0.6021172,-0.67624754,-0.79586405,-0.67902404,-0.59920096,0.19272637,-0.6092542,-0.62760353,-0.7220205,-0.36920354,0.011574455,-0.749752,0.67206,0.30689958,0.85409826,0.1761961,0.34545243,0.5293121,-0.002838016,0.7199999,0.48834732,0.7316309,0.6684567,0.6153013,0.41334382,0.5252182,0.8089319,-0.0792923,0.67131555,0.37963042,0.29997152,0.5984368,0.69862354,0.8243634,0.68369067,0.45398992,0.059722308,-0.2638923,-0.16142571
-0.13708058,-0.4646709,-0.16271155,-0.44236115,-0.07355981,0.11710157,-0.60067236,-0.34681612,-0.18037614,0.23943725,0.7583871,0.45363745,-0.541727,-0.5797407,-0.373153,-0.66953,-0.46798933,-0.543527,-0.5434696,0.48703718,-0.457865,-0.18286145,-0.48532435,0.73577636,0.0,0.6555663,0.3455273,0.48515046,0.614908,0.022083433,0.41883844,-0.54160994,-0.14395148,-0.57689786,0.055196244,0.51793903,0.4500487,-0.1879804,-0.23405828,0.24694929,0.39203766,0.5918673,0.11417181,0.5405812,0.41048086,0.13836567,0.18517436,-0.022958722,0.075935714,-0.21529174,0.107632846,-0.33340645,-0.17115319,0.018430786,-0.04096843,-0.11734199,-0.27193552,-0.24323624,0.66678905,-0.056973238,-0.1134524,-0.47590372,-0.5534611,-0.6311896,-0.47064245,-0.44874102,0.28789383,-0.4821142,-0.556648,-0.54044455,-0.13052994,-0.1290111,-0.6754442,0.6336367,0.4366249,0.78826433,0.33190006,0.14169717,0.4651307,0.037974097,0.5410551,0.36781228,0.48080042,0.46832794,0.41434553,0.22971633,0.46600074,0.55202216,0.12363357,0.5490664,0.3183651,0.3408658,0.49558434,0.5443378,0.6114708,0.46175316,0.24670856,-0.01619527,-0.009280844,-0.014245843
-0.636979,-0.48877048,-0.1818445,-0.4755443,-0.11795399,0.006572602,-0.7284256,-0.3223456,-0.32730067,-0.13275862,0.7881854,0.6635479,-0.4010273,-0.49514365,-0.3112249,-0.78426284,-0.3924042,-0.45444152,-0.394775,0.29659232,-0.5547153,-0.008243329,-0.4283967,0.89141434,0.6555663,0.0,0.4628075,0.62412345,0.48640078,0.35245037,0.49572456,-0.7636127,-0.36241397,-0.45119926,0.2709155,0.3902678,0.3939657,-0.43706122,-0.51135415,-0.07895386,0.43380767,0.894621,0.38862863,0.74301875,0.738783,0.2879412,0.28884646,0.0735184,-0.20071211,-0.40059748,0.3251058,-0.28850123,-0.0388154,0.037213355,-0.12953581,-0.21743004,-0.16501655,-0.28584576,0.6930036,-0.07376818,-0.049935937,-0.3217632,-0.45244777,-0.54941684,-0.4120371,-0.4140262,0.20498484,-0.32162356,-0.4071278,-0.4874896,-0.2029324,0.17978889,-0.5522999,0.45369017,0.5053598,0.80294096,0.21261403,0.10699033,0.55278367,0.15780136,0.48555312,0.3255823,0.71191716,0.54627126,0.4134804,0.21088777,0.34344384,0.6409298,-0.20245926,0.45510766,0.5026818,0.3685203,0.42246914,0.60308295,0.6722536,0.70048404,0.2636332,-0.09457506,-0.28304335,-0.23309278
-0.10843901,-0.5206178,-0.35981676,-0.45038626,-0.17278871,-0.0766866,-0.5801673,-0.63433176,-0.38460806,0.31498218,0.33757237,-0.19017488,-0.733663,-0.6812059,-0.69969195,-0.5038728,-0.25759166,-0.78198224,-0.7876956,0.6520787,-0.71201324,0.4644549,0.036590423,0.6581267,0.3455273,0.4628075,0.0,0.9019684,0.4550066,0.565578,0.1934281,-0.49734205,0.43726888,-0.41343257,0.6975413,0.67499614,0.79109514,0.3648327,0.03467523,0.32726473,0.9019276,0.4901015,0.6694443,0.7311808,0.757817,0.9126491,0.8821214,0.81481296,-0.17281099,-0.048015773,-0.20382553,-0.5505791,-0.60483205,-0.28943062,-0.24730226,-0.53605145,-0.5927459,-0.48735908,0.0634491,-0.6248472,-0.73623765,-0.81107235,-0.75820017,-0.8264514,-0.80570096,-0.72349787,-0.1583215,-0.8062293,-0.5917953,-0.78080136,-0.7540619,-0.042734366,-0.63947624,0.49844995,-0.22124676,0.5328153,-0.2584691,0.70525914,0.36187887,-0.3926598,0.86016333,0.6694116,0.6681964,0.81358075,0.88234746,0.7887809,0.64589554,0.896183,-0.01862003,0.7651817,-0.03032039,-0.11285898,0.48030403,0.7129807,0.7575851,0.5879471,0.8499777,0.53604877,-0.35596314,-0.011410394
-0.21990502,-0.48628566,-0.2665825,-0.4411074,-0.060633145,0.06271383,-0.61002946,-0.5535096,-0.27418604,0.21872565,0.4889821,0.0061066197,-0.79897594,-0.7990271,-0.7323084,-0.58671606,-0.4285813,-0.7931014,-0.8226037,0.68970746,-0.8312178,0.3011796,-0.16010836,0.80226207,0.48515046,0.62412345,0.9019684,0.0,0.59290695,0.5513818,0.35640624,-0.58473486,0.2335544,-0.53986335,0.5948175,0.73269856,0.772258,0.14764035,-0.0412704,0.3667781,0.8581406,0.61186105,0.5848355,0.7827811,0.7909329,0.77961946,0.7715369,0.6332798,-0.10418184,-0.10854329,0.014793509,-0.45322347,-0.41507566,-0.07958278,-0.1330514,-0.40034032,-0.46544102,-0.3730179,0.30730948,-0.6520569,-0.6877127,-0.81671995,-0.81846684,-0.8859835,-0.8255256,-0.7768476,0.04315189,-0.8201886,-0.68444556,-0.79885936,-0.6229845,-0.13087794,-0.76156336,0.62728024,-0.13654056,0.615995,-0.13395342,0.5936108,0.46573475,-0.17160432,0.8082623,0.63136476,0.7054136,0.7788566,0.81303126,0.6467767,0.64222986,0.928359,-0.009760881,0.76098514,0.1964915,0.13130204,0.6040973,0.66518426,0.8191208,0.6598177,0.7444631,0.37596896,-0.26403636,-0.030815052
-0.09240494,-0.4260311,-0.05911123,-0.5465237,-0.0223172,0.2896976,-0.49826124,-0.3524115,0.07290796,0.22342803,0.6936755,0.28400716,-0.6326204,-0.6700809,-0.4954553,-0.6584503,-0.66257274,-0.6684114,-0.60283697,0.78081405,-0.61046845,-0.2453173,-0.5601509,0.668245,0.614908,0.48640078,0.4550066,0.59290695,0.0,-0.027708586,0.5075854,-0.6410712,-0.0821262,-0.74885714,0.05674011,0.80215925,0.7263003,-0.10446703,-0.016090646,0.44921282,0.556308,0.49216804,0.15836135,0.6191835,0.47036886,0.33708134,0.32048422,0.1535104,0.38588345,0.21374288,0.22379611,-0.27542004,-0.15130582,0.021702437,0.066971116,0.007008652,-0.28938076,-0.11490759,0.5989711,-0.27395722,-0.32333452,-0.54354405,-0.5939039,-0.6615611,-0.5072398,-0.5499575,0.47170532,-0.57938576,-0.7114389,-0.57989144,-0.09256403,-0.33594668,-0.7313878,0.8217986,0.15729135,0.5345978,0.32099336,0.13406366,0.54006696,0.1200688,0.51454586,0.5691829,0.4774695,0.3881024,0.59319085,0.37257364,0.7460422,0.6566513,0.43667626,0.71782136,0.42105278,0.49568528,0.8064868,0.5207149,0.7091199,0.6022183,0.4856172,0.2661336,0.24206176,0.34574914
-0.2751992,-0.4027698,-0.5706905,-0.07985152,-0.34816495,-0.4802276,-0.124694034,-0.4706294,-0.59557295,0.15703546,-0.054617696,-0.17976475,-0.18608284,-0.14132352,-0.25473827,-0.07287849,0.30199072,-0.25838214,-0.35604322,0.068184376,-0.32886115,0.7450928,0.48580718,0.38911936,0.022083433,0.35245037,0.565578,0.5513818,-0.027708586,0.0,-0.22816846,-0.14443603,0.37445664,0.24013095,0.8075002,0.06725001,0.20908897,0.29701367,0.0896635,0.18734609,0.5553864,0.34810984,0.7573258,0.2929871,0.57246065,0.5637544,0.65897083,0.5718831,-0.63328624,-0.35936952,-0.24978533,-0.49078503,-0.38984844,-0.2672719,-0.53549147,-0.68550164,-0.39745915,-0.56770706,-0.17797863,-0.41875306,-0.39784336,-0.31669468,-0.2506565,-0.36713102,-0.54017425,-0.26696068,-0.33268154,-0.3145805,-0.008718225,-0.40680668,-0.7045889,0.44395545,-0.09062675,0.1802432,-0.17619807,0.28077424,-0.3592448,0.64366686,-0.10092058,-0.40342027,0.53036356,0.21258727,0.52056247,0.57676524,0.35171714,0.4939353,0.026556525,0.45679227,-0.48427615,0.2577887,-0.13599709,-0.3049776,0.1560766,0.3701255,0.4308718,0.18751918,0.3940146,0.14614685,-0.7133388,-0.41752207
-0.39305896,0.14353016,0.55490506,-0.18477537,0.52124137,0.6692992,-0.46233055,0.2519567,0.43218374,-0.37378496,0.6751022,0.49684423,-0.46127826,-0.5765439,-0.519316,-0.5101206,-0.83358413,-0.26842672,-0.18203524,0.4335913,-0.6144495,-0.4608417,-0.80374324,0.44977665,0.41883844,0.49572456,0.1934281,0.35640624,0.5075854,-0.22816846,0.0,-0.53660136,-0.52128965,-0.6489475,-0.20817661,0.54502285,0.39846236,-0.53781945,-0.35290718,-0.10902629,0.19915797,0.5367985,-0.1061985,0.6368549,0.3967613,0.10665555,0.03158432,-0.06588776,0.44604534,0.19058564,0.72393405,0.35328263,0.39051253,0.487645,0.5702373,0.46743125,0.33858746,0.42882437,0.74122393,-0.18092404,-0.100246705,-0.2689748,-0.48933434,-0.3369359,-0.056592617,-0.58299524,0.5453409,-0.24169253,-0.40911293,-0.08346245,0.21060582,-0.3395426,-0.55481285,0.31622013,0.14320798,0.24469201,0.22314504,-0.37673855,0.8974384,0.6356436,0.08857972,0.44385383,0.40552267,0.25112796,0.31831318,0.004835009,0.4708326,0.42285648,0.36356172,0.38642496,0.7669087,0.7311999,0.42023584,0.2987443,0.43032622,0.7215979,0.20935537,0.08106862,0.43491206,0.35571867
0.534316,0.52301055,0.14558578,0.6399787,0.20372762,-0.044648245,0.6980066,0.33231306,0.18882771,0.13046825,-0.76965976,-0.5531728,0.42870942,0.48951638,0.37230998,0.8720467,0.551329,0.5564163,0.3940023,-0.50714123,0.57368946,0.16402914,0.53131956,-0.73376054,-0.54160994,-0.7636127,-0.49734205,-0.58473486,-0.6410712,-0.14443603,-0.53660136,0.0,0.33710498,0.6364852,-0.15450726,-0.5657027,-0.6164371,0.36155432,0.41590926,0.04016665,-0.5035484,-0.8338719,-0.32673863,-0.8257588,-0.70730203,-0.42210773,-0.31393564,-0.22092131,-0.07887059,-0.018077398,-0.33798847,0.30021352,0.099647656,0.1353116,0.1255223,0.15766956,0.20853285,0.2511705,-0.64263505,0.09927734,0.08054388,0.3288753,0.4390239,0.51110816,0.3510355,0.46728182,-0.3617253,0.3338739,0.49887288,0.46889147,0.14816663,-0.08922441,0.5342886,-0.5253243,-0.38586977,-0.6536565,-0.2799008,-0.04770632,-0.6294205,-0.17807718,-0.46237507,-0.54644203,-0.674223,-0.4662969,-0.5831066,-0.3606553,-0.6161203,-0.6652185,-0.15815097,-0.6228338,-0.5443207,-0.44505137,-0.56752527,-0.68080324,-0.7205907,-0.84157443,-0.49639004,-0.26175112,0.03434939,-0.17227593
0.4840263,-0.22753574,-0.46389195,0.038884666,-0.25040984,-0.31862375,0.09645442,-0.51462686,-0.3641887,0.7319619,-0.39682692,-0.81219083,-0.19215927,-0.05472488,-0.17818509,0.26784015,0.3912085,-0.34042594,-0.40514073,0.15949978,-0.0016223154,0.67785984,0.6500819,-0.115685835,-0.14395148,-0.36241397,0.43726888,0.2335544,-0.0821262,0.37445664,-0.52128965,0.33710498,0.0,0.2122112,0.5994331,0.09006143,0.23164253,0.9685075,0.6228034,0.510751,0.42743897,-0.35715666,0.44033316,-0.1133537,0.05210573,0.49005598,0.5959996,0.62832135,-0.26506987,0.018755563,-0.8251181,-0.51615125,-0.779069,-0.4655561,-0.3295915,-0.5588302,-0.6387493,-0.46711668,-0.68565905,-0.34596586,-0.55351424,-0.4114254,-0.17996731,-0.28596866,-0.47013476,-0.140523,-0.63727814,-0.46332467,-0.12619464,-0.41079807,-0.70649326,-0.06429499,-0.06574809,0.0395915,-0.5798095,-0.09216805,-0.5366078,0.76209235,-0.3452263,-0.82089216,0.4336402,0.1345335,0.043370485,0.34317648,0.32186937,0.53321165,0.10612214,0.22446975,-0.12839925,0.1849638,-0.7856854,-0.7359755,-0.017937424,0.12540151,0.10078602,-0.26885852,0.41846967,0.38309893,-0.35602108,-0.10212685
0.07931543,0.23245597,-0.21369426,0.5309933,-0.21412356,-0.5332085,0.6409095,0.20236427,-0.25707588,-0.028133137,-0.6843149,-0.28843513,0.71609396,0.78200865,0.5362193,0.7002876,0.86041826,0.67541087,0.59241444,-0.7321495,0.64641446,0.45049095,0.7579651,-0.57649493,-0.57689786,-0.45119926,-0.41343257,-0.53986335,-0.74885714,0.24013095,-0.6489475,0.6364852,0.2122112,0.0,0.13894638,-0.77484506,-0.6616259,0.24132596,0.2311699,-0.20880596,-0.4093667,-0.42320552,0.09201963,-0.629248,-0.3522948,-0.28713396,-0.18971543,-0.10244327,-0.5050091,-0.20847404,-0.33278954,0.057541367,0.048881542,-0.15668017,-0.32650384,-0.22518384,0.14756002,-0.09893868,-0.634902,0.28269857,0.3223133,0.5737988,0.6559533,0.6412342,0.4129661,0.58409286,-0.462327,0.59153306,0.8410852,0.5368449,-0.015328305,0.572208,0.8152719,-0.5811069,-0.0973485,-0.4762619,-0.23159744,0.010123872,-0.622201,-0.25023293,-0.36426926,-0.47691593,-0.3296442,-0.26200664,-0.5310432,-0.18623193,-0.69334525,-0.56681514,-0.44402155,-0.61594313,-0.460942,-0.5544692,-0.58688635,-0.3827851,-0.53676385,-0.60339004,-0.41969046,-0.22061943,-0.39470425,-0.35176405
-0.20261636,-0.51761746,-0.61863893,-0.19027705,-0.37637073,-0.45421213,-0.28306645,-0.6553733,-0.6757937,0.41316172,0.020520663,-0.3023865,-0.2616273,-0.20698258,-0.335213,-0.15270446,0.26348218,-0.47800612,-0.47422937,0.15889373,-0.36168072,0.88563764,0.485581,0.38909668,0.055196244,0.2709155,0.6975413,0.5948175,0.05674011,0.8075002,-0.20817661,-0.15450726,0.5994331,0.13894638,0.0,0.18171376,0.35657826,0.5407419,0.27833292,0.31338882,0.7151131,0.29601455,0.9266893,0.36289936,0.653215,0.70840305,0.8571492,0.73100704,-0.603385,-0.27195534,-0.4746093,-0.6556953,-0.67004514,-0.4257355,-0.5040465,-0.78255755,-0.6317049,-0.6703197,-0.2882654,-0.38753778,-0.4930133,-0.44043088,-0.32437727,-0.48006085,-0.62821525,-0.36495867,-0.5389734,-0.48799798,-0.15471976,-0.5718444,-0.9038096,0.33232152,-0.22867206,0.21373852,-0.2795873,0.2795296,-0.5362026,0.7475879,0.018897232,-0.6172881,0.6676617,0.3316935,0.6226122,0.73729193,0.5140331,0.68084675,0.16840768,0.5884085,-0.43263894,0.38306257,-0.31843227,-0.48232225,0.21918274,0.5210039,0.52694166,0.23036022,0.56615096,0.29543817,-0.724412,-0.33296028
