0,1,2,3,4,5,6,7,8,9,10,11,12,13,14,15,16,17,18,19,20,21,22,23,24,25,26,27,28,29,30,31,32,33,34,35,36,37,38,39,40,41,42,43,44,45,46,47,48,49,50,51,52,53,54,55,56,57,58,59,60,61,62,63,64,65,66,67,68,69,70,71,72,73,74,75,76,77,78,79,80,81,82,83,84,85,86,87,88,89,90,91,92,93,94,95,96,97,98,99
0.0,-0.15752219,-0.18603861,-0.16617402,-0.23069431,0.031201603,0.22788104,-0.07810147,-0.111513495,-0.20228271,0.06169295,-0.5134182,-0.23543112,-0.25431356,-0.30858776,-0.23471946,-0.6925604,-0.16716725,-0.33456913,-0.15515621,-0.29337105,-0.6319599,-0.35692918,-0.6995654,0.4328623,-0.46592116,-0.44738355,-0.26124802,-0.48049316,-0.5538799,0.55569196,0.20494665,-0.11684789,-0.4133284,-0.5144023,-0.05650747,-0.032768242,0.096527,-0.36582834,-0.22925216,-0.011216362,-0.21807928,-0.47489858,0.13271768,-0.32817188,-0.26333144,-0.29232138,-0.18788767,0.44098693,0.029070709,0.34734857,0.003342575,0.014200044,0.022323182,-0.22227135,0.2306896,-0.046973124,-0.09475831,-0.15653655,-0.13531423,-0.46199444,-0.29921463,-0.45883647,-0.27894506,-0.36720073,-0.2830932,0.3177218,-0.4721281,-0.4168916,-0.084898666,-0.22446902,-0.46710268,-0.27935618,-0.18661468,-0.6793736,-0.6066409,-0.08097649,-0.45639703,0.47978368,0.00062969554,-0.5285913,0.031067615,-0.21003954,-0.5835488,-0.42868593,-0.17904569,0.10127163,-0.37825042,0.09027452,-0.10843002,0.40311092,0.09471518,-0.21291934,0.17338164,-0.6675925,0.31570452,-0.10219711,0.0123436395,0.37043545,0.08774068
-0.15752219,0.0,0.7993771,0.91780126,0.9388116,0.48614413,0.54491866,0.8717417,0.8216136,-0.26393062,-0.75455683,0.32209542,0.052879557,0.6351628,0.44505063,0.9718186,0.4686199,0.80126035,0.5171494,0.85573244,0.6815909,0.45086148,0.7572786,0.45299584,-0.64602166,-0.099827215,0.7914866,-0.45838863,-0.09045955,0.67291933,0.021928232,-0.6513697,0.037611235,0.49193987,0.43439895,0.39958513,-0.3925647,-0.20461923,0.430912,0.25160044,-0.10255168,-0.16842222,0.09115223,-0.42724884,0.05446116,0.27095392,0.33188653,0.36598563,-0.05860443,-0.055098623,0.7054539,0.9427844,0.8877986,0.8998674,0.9518249,0.39105767,0.88336056,0.8829147,-0.43674818,-0.6744638,0.082036406,0.0061281067,0.6143331,0.48138496,0.6934466,0.41397434,0.38507235,0.50359815,0.62683284,0.67498535,0.7042936,0.3124059,0.7465392,0.30140528,0.49764547,-0.110894285,-0.078531675,0.6641432,0.12887523,-0.25798512,0.35490027,0.13513784,0.31113222,0.2961555,0.7437382,0.3161242,-0.46159554,0.061028853,0.5972499,0.010309284,0.4043831,0.21827675,0.53592646,-0.3920972,0.31034213,-0.5156334,0.39393452,0.34306848,0.016414495,-0.025764743
-0.18603861,0.7993771,0.0,0.7820654,0.82411665,0.84791917,0.44131768,0.8900029,0.9344951,0.059838414,-0.5831143,0.4855112,0.29982144,0.54832715,0.44476482,0.7730132,0.48952878,0.58270514,0.34704572,0.72592527,0.5897942,0.3098221,0.5088552,0.5372029,-0.3408645,0.1759437,0.61774635,-0.37999833,0.14868474,0.6282338,-0.17453879,-0.33876082,-0.24316633,0.17988446,0.15574495,-0.017937455,-0.6514939,-0.14025706,0.591518,0.34677836,-0.4785839,0.06516068,-0.033914343,-0.5723387,-0.1439276,0.08283802,-0.0555021,-0.05238087,-0.16214883,-0.26988265,0.48742276,0.7825333,0.64956164,0.6403023,0.886234,0.70957476,0.7587368,0.8803202,-0.2552635,-0.43533882,0.29312348,0.22909385,0.6911821,0.43968186,0.5960404,0.39318928,0.07725216,0.43576986,0.34885982,0.33471966,0.5692316,0.049854394,0.59956074,0.3967585,0.44541663,0.039629035,-0.29259115,0.52098066,-0.043181766,-0.2166093,0.09143231,-0.2777925,0.057429314,0.06656879,0.4578973,-0.09720393,-0.6732594,-0.20707028,0.36240685,-0.33366555,0.043238204,0.3270342,0.57347673,-0.47266012,0.23543224,-0.6230144,0.11256771,-0.029887758,-0.18272342,-0.28011054
-0.16617402,0.91780126,0.7820654,0.0,0.9387922,0.50999975,0.4778005,0.84200215,0.78164953,-0.26460344,-0.75759244,0.22363529,0.08946014,0.5337458,0.36317113,0.9211744,0.43764684,0.6714004,0.39373896,0.7473728,0.5592359,0.37995303,0.6170191,0.436012,-0.5416979,-0.09345694,0.696252,-0.4643235,-0.07348018,0.6048787,0.032325868,-0.50650865,0.006519323,0.37238276,0.34066382,0.23405643,-0.48708317,-0.14767347,0.4658242,0.23413733,-0.24079156,-0.08936709,0.07654887,-0.48891696,-0.0031785783,0.20305847,0.19437835,0.18993178,-0.17225438,-0.1418814,0.61763936,0.8920641,0.83073276,0.8732386,0.906759,0.36138156,0.820918,0.8407022,-0.48571417,-0.68712175,0.028064968,0.037260994,0.5985284,0.38640755,0.60579145,0.33032453,0.26531723,0.417424,0.5045128,0.5241459,0.5803062,0.20614977,0.6190902,0.24172147,0.42694336,-0.15187812,-0.23820005,0.5468393,0.13110174,-0.14743456,0.25006264,-0.029464846,0.27921334,0.23068419,0.61911803,0.14943045,-0.54394007,-0.06462594,0.45681038,-0.14364131,0.3301459,0.25736845,0.5180627,-0.40221912,0.3140762,-0.5561286,0.30965385,0.16697612,-0.1268245,-0.12991174
-0.23069431,0.9388116,0.82411665,0.9387922,0.0,0.5130961,0.51788366,0.8618799,0.8245415,-0.19799556,-0.75441146,0.3623319,0.12970212,0.64246297,0.4855773,0.93036115,0.49013638,0.74624467,0.482812,0.82703656,0.68326205,0.4290344,0.71349716,0.4897557,-0.65009695,-0.061958473,0.7811632,-0.43728867,0.004540031,0.7081175,-0.0047317147,-0.6056706,-0.0069703264,0.41245925,0.40629467,0.30160746,-0.40423614,-0.14254485,0.46797672,0.26908544,-0.17815009,-0.1066639,0.09670963,-0.4178262,0.057495374,0.29969415,0.27532429,0.30152664,-0.08921486,-0.057243817,0.6105342,0.8973909,0.82761765,0.8568737,0.9598328,0.4024484,0.8314238,0.8734642,-0.41492906,-0.6444281,0.15126276,0.087593645,0.66151506,0.49330297,0.7015403,0.45551705,0.30034357,0.49205142,0.56111234,0.5812674,0.69400233,0.26512596,0.7180132,0.31009975,0.49677104,-0.0786436,-0.07879592,0.67342,0.10428769,-0.26895604,0.29194865,0.049520273,0.3175794,0.2994389,0.71606266,0.25693163,-0.45632523,0.05422097,0.5483569,-0.047439322,0.29276532,0.23134449,0.5385978,-0.3817918,0.3389947,-0.5088352,0.4048001,0.28035888,-0.034373596,-0.026404543
0.031201603,0.48614413,0.84791917,0.50999975,0.5130961,0.0,0.29064795,0.6893752,0.76849616,0.25680938,-0.31924596,0.38246796,0.33027756,0.29345572,0.25585988,0.45068467,0.27029115,0.2660917,0.060327414,0.43808645,0.31787282,0.038646124,0.1549926,0.36728022,0.02940366,0.2548168,0.29768473,-0.2721191,0.18288407,0.34950542,-0.14879726,-0.017622855,-0.39586887,-0.14025103,-0.15637283,-0.33514062,-0.7035552,-0.083176136,0.5077478,0.27526137,-0.6527607,0.16485353,-0.2136351,-0.5513324,-0.33972868,-0.15520215,-0.37677795,-0.38332635,-0.17486522,-0.40862763,0.33465645,0.51207685,0.35230273,0.3434265,0.6084481,0.83543795,0.4934236,0.6479931,-0.104964145,-0.22994101,0.27100074,0.24997668,0.49761254,0.23711953,0.31387478,0.2138705,-0.10900488,0.19233231,0.0070242947,0.011345679,0.28690198,-0.2350003,0.3073062,0.33064938,0.20756127,0.0344324,-0.4201629,0.20936188,-0.022870857,-0.13369492,-0.1975713,-0.5211883,-0.1937875,-0.1987952,0.095484,-0.43464017,-0.675949,-0.42954785,0.11512469,-0.5602172,-0.15109164,0.37087446,0.4419742,-0.39376608,0.0229609,-0.5280948,-0.16791129,-0.30938694,-0.23079976,-0.43841383
0.22788104,0.54491866,0.44131768,0.4778005,0.51788366,0.29064795,0.0,0.6307668,0.6005123,-0.12044221,-0.35000038,0.22569844,0.36552325,0.66970456,0.55082124,0.51148146,0.16642843,0.6690644,0.5766017,0.66141814,0.5767757,0.06240041,0.4321231,-0.06631566,-0.29801157,-0.33704543,0.27093315,-0.58018506,0.024728421,0.3709278,0.2966768,-0.2782072,0.040897742,0.2504107,0.05262301,0.3655443,-0.11256045,0.32097554,0.3837483,0.42919767,0.051028654,-0.12484633,0.016305195,0.03485161,0.18641257,0.28632963,0.11446553,0.26588565,0.4877399,0.2981022,0.6515898,0.6201859,0.67944586,0.6134605,0.5168978,0.47161275,0.6551572,0.6639572,-0.18531875,-0.351032,0.20854269,0.31044737,0.4835333,0.5771908,0.50903267,0.53612,0.6755849,0.40088755,0.3912886,0.57909256,0.64333475,0.25753704,0.6149411,0.487207,0.1071182,-0.21852456,0.22978942,0.4650263,0.34282547,0.025609547,0.07328589,0.29743826,0.4505413,0.066143565,0.28900582,0.3596842,-0.042958934,-0.08654914,0.7152856,0.2627727,0.6365856,0.40493932,0.5325051,0.05635733,0.040493447,0.08068117,0.54805315,0.4565853,0.46179423,0.39473775
-0.07810147,0.8717417,0.8900029,0.84200215,0.8618799,0.6893752,0.6307668,0.0,0.95642275,-0.14178291,-0.7402219,0.36762017,0.25765553,0.69115627,0.53213483,0.85723764,0.4071949,0.7706476,0.49589774,0.8604763,0.6973797,0.27061114,0.62897414,0.34783077,-0.48550794,-0.103991255,0.61492103,-0.6329526,-0.0041396893,0.58786917,-0.052581962,-0.5057638,-0.25526783,0.28062007,0.13330276,0.18410732,-0.61353743,-0.17802861,0.5140759,0.28987756,-0.37627965,-0.19888888,-0.1260784,-0.55959517,-0.12861967,0.0599461,0.008875647,0.11219763,0.017292129,-0.20734474,0.69297314,0.9170839,0.85224885,0.8222074,0.9020352,0.65317154,0.93312985,0.9821842,-0.41233164,-0.6358624,0.18101285,0.18363456,0.68375844,0.55672115,0.69098103,0.49842218,0.3959984,0.4889155,0.47748062,0.573146,0.7222665,0.1568724,0.7473529,0.44639504,0.3863848,-0.17547452,-0.14927208,0.57218593,0.08922442,-0.2979003,0.121825136,-0.048915252,0.16722393,0.045619465,0.51822066,0.10014169,-0.6022007,-0.24131343,0.5928105,-0.14859253,0.33329514,0.35409606,0.64200187,-0.49057043,0.13739687,-0.5509355,0.23219126,0.21183524,0.05405154,-0.120981626
-0.111513495,0.8216136,0.9344951,0.78164953,0.8245415,0.76849616,0.6005123,0.95642275,0.0,0.017820638,-0.6365207,0.49495307,0.34062728,0.6934409,0.56353384,0.7987371,0.45698857,0.73227835,0.48006582,0.8422188,0.70588315,0.2840141,0.59602165,0.4147889,-0.42962486,0.0316619,0.60811263,-0.5405674,0.11187781,0.618297,-0.10974731,-0.44798088,-0.28096408,0.2496178,0.12317189,0.1321005,-0.6009445,-0.14176576,0.56461394,0.34444538,-0.4019957,-0.105237864,-0.104372114,-0.5349433,-0.11345341,0.064624965,-0.027868815,0.067122705,0.022956671,-0.20159239,0.60886234,0.8477969,0.76236,0.7224199,0.8850765,0.7327724,0.8685664,0.9521255,-0.27200547,-0.4965619,0.30941823,0.26548383,0.7165657,0.57176834,0.6900407,0.53137374,0.31662083,0.49637634,0.4409877,0.5090324,0.71781754,0.14028558,0.7321758,0.50767785,0.4236843,-0.042294204,-0.11646673,0.58879364,0.042900685,-0.2826463,0.10888899,-0.097428024,0.13758555,0.05676339,0.49449754,0.059740465,-0.58895195,-0.22180796,0.56078374,-0.16487104,0.22274917,0.36998034,0.65595335,-0.45674497,0.16072662,-0.5391703,0.20527194,0.16878107,0.041980956,-0.12877375
-0.20228271,-0.26393062,0.059838414,-0.26460344,-0.19799556,0.25680938,-0.12044221,-0.14178291,0.017820638,0.0,0.3679782,0.5066393,0.5339971,0.0489586,0.26997006,-0.2511236,0.2588281,-0.21763971,-0.027953869,-0.1260737,0.034996644,0.09208954,-0.13308254,0.26175088,0.3349236,0.5295481,-0.090091474,0.32455984,0.61293995,0.16329008,-0.09456967,0.37164629,-0.110099554,-0.20613089,-0.11131453,-0.35988656,-0.05246756,0.2514245,0.4161954,0.3668603,-0.25856754,0.41540536,0.12346476,-0.0205806,0.039563876,-0.12131332,-0.2690338,-0.3115732,-0.025710505,-0.1528584,-0.33354262,-0.30836067,-0.3669255,-0.38002035,-0.1297895,0.22519574,-0.27774996,-0.12729241,0.7890454,0.56352395,0.6905519,0.5424161,0.2704832,0.19279885,0.035860065,0.24696164,-0.30722034,0.1594095,-0.17987736,-0.3374168,-0.026388768,-0.040563278,-0.044927787,0.48056465,0.1892433,0.5786032,0.08664904,0.095958985,-0.006137433,0.20720546,-0.09276632,-0.31786266,-0.003995102,0.017641824,-0.20508349,-0.29532287,-0.037669476,-0.047746673,-0.24611142,-0.1784818,-0.40472975,0.42509487,0.273364,0.25139523,0.18566774,0.001053838,-0.25478858,-0.2854088,-0.14021517,-0.21415739
0.06169295,-0.75455683,-0.5831143,-0.75759244,-0.75441146,-0.31924596,-0.35000038,-0.7402219,-0.6365207,0.3679782,0.0,0.0030513778,0.025599089,-0.5704494,-0.39877728,-0.770886,-0.26811126,-0.6622171,-0.39212343,-0.69652313,-0.61892486,-0.24797764,-0.6797914,-0.18952397,0.56746006,0.42299262,-0.6404055,0.62607205,0.21534568,-0.4466687,-0.009452447,0.6740866,0.23453388,-0.25886387,-0.19018659,-0.19741236,0.52853775,0.40744013,-0.2838253,0.04241922,0.301927,0.4747749,0.22345784,0.60994136,0.23515953,0.0030600817,-0.133843,-0.26830426,0.1579015,0.3059122,-0.6827246,-0.8012375,-0.78783184,-0.80165637,-0.69847757,-0.300907,-0.7892104,-0.7138052,0.61504936,0.8987829,0.17594999,0.081911705,-0.5036417,-0.467702,-0.6803208,-0.38432056,-0.3899633,-0.37657478,-0.43277445,-0.5372453,-0.6221989,-0.1064785,-0.64916676,-0.2834159,-0.273336,0.44871414,0.11455216,-0.49048305,-0.13388777,0.44288805,-0.13178328,-0.023696188,-0.06284398,-0.017020736,-0.58336926,-0.17376858,0.54890573,0.16436753,-0.46853805,0.1364703,-0.4053017,-0.27802804,-0.55921113,0.59121734,-0.040500876,0.6093536,-0.19838278,-0.3002967,-0.018086666,0.19452365
-0.5134182,0.32209542,0.4855112,0.22363529,0.3623319,0.38246796,0.22569844,0.36762017,0.49495307,0.5066393,0.0030513778,0.0,0.52986526,0.5643846,0.6235571,0.3369903,0.6608642,0.42632228,0.5079756,0.47991776,0.56851345,0.48964235,0.46342617,0.60519975,-0.36191067,0.5262639,0.4586959,0.06896711,0.5750656,0.6859312,-0.34462136,-0.21744408,-0.039114445,0.33955836,0.32952353,0.15560186,-0.06852713,0.08599591,0.54495496,0.5106394,-0.0493632,0.24261619,0.30983004,-0.07293889,0.30340502,0.25566763,0.15722197,0.18368112,0.064758025,0.081564926,-0.021343062,0.23698229,0.19329943,0.14827673,0.4363496,0.33171636,0.28458577,0.40356058,0.42636147,0.24131313,0.84859717,0.54026145,0.63311183,0.56619394,0.53411937,0.5872544,0.01360669,0.59251875,0.4262371,0.27983627,0.5351236,0.3894009,0.54544723,0.5776769,0.6344126,0.65982926,0.26755464,0.6562846,-0.22696488,-0.09696044,0.3482149,0.045565117,0.28762433,0.39978114,0.40801114,0.21724288,-0.117162265,0.21742105,0.29173917,0.16788262,-0.20628844,0.18770035,0.43880948,-0.073937304,0.45174015,-0.17478164,0.20944357,0.17224255,0.015414846,0.07735824
-0.23543112,0.052879557,0.29982144,0.08946014,0.12970212,0.33027756,0.36552325,0.25765553,0.34062728,0.5339971,0.025599089,0.52986526,0.0,0.49258724,0.612955,0.07652305,0.41172227,0.16096379,0.36341518,0.23514727,0.3875397,0.11754879,0.11414895,0.22546352,0.014648367,0.21066825,0.054805487,-0.1410222,0.71027017,0.38936707,-0.21548682,0.19710205,-0.23805024,-0.08399757,-0.12735662,-0.2713979,-0.24052928,0.41682637,0.64302146,0.5598272,-0.35870445,0.28551298,0.08439655,-0.081862316,0.07796643,0.08603278,-0.2929693,-0.21589133,0.08900224,-0.0016799602,-0.07731853,0.05662983,0.06468771,-0.015956422,0.15028366,0.39510942,0.14143497,0.2715797,0.34828243,0.23882365,0.7531663,0.9607965,0.6367049,0.5699185,0.39726436,0.59776425,0.005162499,0.4311525,0.06771837,-0.04459402,0.34649178,0.12525189,0.31622028,0.6699265,0.24154258,0.3414187,0.09430936,0.3310019,-0.09875224,0.17348967,-0.08293532,-0.25387287,0.1561471,0.013558352,-0.0671079,-0.1160716,-0.15144165,-0.20271191,0.102258086,-0.08082047,-0.14210656,0.54302084,0.5900058,0.101722345,0.20343491,-0.04034612,0.10670301,-0.08888723,-0.0011326256,0.020437166
-0.25431356,0.6351628,0.54832715,0.5337458,0.64246297,0.29345572,0.66970456,0.69115627,0.6934409,0.0489586,-0.5704494,0.5643846,0.49258724,0.0,0.90312666,0.65113866,0.5905691,0.8513819,0.8670865,0.82009935,0.9524906,0.44635645,0.8023072,0.3056191,-0.6737218,-0.16131721,0.62174684,-0.50075203,0.30312398,0.74476314,-0.11197049,-0.6048879,-0.1246738,0.46232244,0.3067176,0.35977966,-0.23041308,-0.002344077,0.56120497,0.39265954,-0.08034249,-0.24607643,0.08002511,-0.24420786,0.16354729,0.29339474,0.24573258,0.42670867,0.21403983,0.07304641,0.51041955,0.6339058,0.68742347,0.5967371,0.63920265,0.38973832,0.71626675,0.71769464,-0.098177366,-0.38330778,0.4889641,0.47701797,0.8101507,0.94027334,0.9203418,0.89783716,0.5451079,0.7951978,0.6631291,0.67613465,0.9467564,0.49414128,0.93566686,0.7412174,0.5501787,0.052339885,0.36288235,0.8478008,0.049640946,-0.28876776,0.33877426,0.25821066,0.40233567,0.2888742,0.60254055,0.46082386,-0.21953383,0.07924753,0.6862489,0.26629528,0.3788118,0.42615306,0.7548146,-0.21452092,0.27944848,-0.2632354,0.49226418,0.5339964,0.2940954,0.21140067
-0.30858776,0.44505063,0.44476482,0.36317113,0.4855773,0.25585988,0.55082124,0.53213483,0.56353384,0.26997006,-0.39877728,0.6235571,0.612955,0.90312666,0.0,0.46336088,0.556909,0.6687636,0.7551871,0.67601174,0.8739499,0.37887543,0.6714361,0.29500404,-0.54384714,-0.062044412,0.5154816,-0.35334778,0.46489784,0.6935462,-0.13015254,-0.4394356,-0.15684012,0.31977403,0.24009886,0.22614008,-0.15905689,0.09433893,0.5800273,0.4129802,-0.11064594,-0.13448761,0.0865607,-0.16147445,0.1593812,0.27307844,0.163728,0.34123588,0.21039057,0.084308036,0.3109539,0.43015748,0.47613347,0.39037207,0.4830244,0.35573852,0.5134031,0.5509635,0.10533926,-0.1758718,0.6364893,0.6010957,0.7760134,0.91211253,0.83583605,0.9878597,0.40020132,0.7183448,0.5066639,0.48834366,0.8550354,0.4050666,0.8016295,0.780815,0.4918784,0.16943656,0.42319325,0.7828616,0.030414972,-0.2477415,0.24178766,0.17355248,0.35489738,0.25748357,0.47574288,0.36725444,-0.12859383,0.10313547,0.55567396,0.2280988,0.20724553,0.46385536,0.71812433,-0.09435401,0.2667452,-0.1768113,0.43262702,0.4442666,0.26576254,0.20471093
-0.23471946,0.9718186,0.7730132,0.9211744,0.93036115,0.45068467,0.51148146,0.85723764,0.7987371,-0.2511236,-0.770886,0.3369903,0.07652305,0.65113866,0.46336088,0.0,0.5481876,0.8164595,0.5654289,0.83988017,0.6919895,0.53429294,0.7840853,0.5116585,-0.6687592,-0.06382411,0.81250733,-0.44301462,-0.044619545,0.70237184,-0.027888887,-0.66298306,0.04456095,0.55565625,0.48245004,0.4007154,-0.4167374,-0.22540285,0.4777629,0.24992634,-0.114908,-0.16244602,0.14285807,-0.47852775,0.0831647,0.25096768,0.35174504,0.36757815,-0.13285363,-0.10824317,0.6715737,0.9229893,0.88139516,0.89510906,0.9321897,0.33188546,0.8857916,0.86228037,-0.41429916,-0.6688218,0.10741081,0.045155782,0.66564345,0.5172133,0.7353443,0.43102157,0.36702666,0.5771184,0.6908755,0.69080496,0.71176934,0.39571795,0.7700931,0.34323934,0.57123744,-0.057697017,-0.09215287,0.6910199,0.09690014,-0.21635287,0.42844614,0.13062492,0.33825442,0.3465551,0.76556045,0.32424325,-0.50243217,0.056511026,0.5624839,0.019946873,0.39878964,0.25054976,0.58152896,-0.42083466,0.38405618,-0.5757834,0.35804966,0.32752505,-0.037287198,-0.07190022
-0.6925604,0.4686199,0.48952878,0.43764684,0.49013638,0.27029115,0.16642843,0.4071949,0.45698857,0.2588281,-0.26811126,0.6608642,0.41172227,0.5905691,0.556909,0.5481876,0.0,0.4875211,0.6725866,0.44576606,0.59297323,0.87437963,0.64158297,0.83514047,-0.5067628,0.4577032,0.66942084,0.13720201,0.61317617,0.852895,-0.4162716,-0.3373295,0.18998478,0.6357808,0.637313,0.15317246,-0.17429724,-0.018634098,0.6980463,0.46089882,-0.08459255,0.22919132,0.5627555,-0.29539233,0.39669824,0.32425135,0.34883976,0.2569715,-0.38370928,-0.09936475,0.007902823,0.30978352,0.2917059,0.26419023,0.5192781,0.06766885,0.38091615,0.4122259,0.1845208,-0.0336241,0.6056103,0.4791599,0.82116675,0.6166209,0.6896687,0.5247645,-0.07620935,0.85429466,0.70132595,0.34109893,0.51059383,0.6823645,0.62636805,0.5538431,0.93140185,0.6186093,0.06860906,0.75714517,-0.24938492,0.08187102,0.6883328,-0.007395112,0.41849566,0.6795481,0.6091059,0.25634074,-0.29615402,0.3014966,0.111441515,0.0980306,-0.09920642,0.32521442,0.60590434,-0.14986163,0.8135693,-0.4625768,0.19537295,0.09176176,-0.29988205,-0.14098002
-0.16716725,0.80126035,0.58270514,0.6714004,0.74624467,0.2660917,0.6690644,0.7706476,0.73227835,-0.21763971,-0.6622171,0.42632228,0.16096379,0.8513819,0.6687636,0.8164595,0.4875211,0.0,0.8002978,0.9211585,0.85527873,0.49071398,0.8769729,0.29346347,-0.76431495,-0.20969036,0.70812273,-0.5496352,-0.008686279,0.6620773,0.007123324,-0.78656226,-0.0074167848,0.64079905,0.4298086,0.6285163,-0.19341652,-0.2113869,0.35734016,0.23228933,0.08807221,-0.40440133,0.07252401,-0.2775853,0.17994519,0.24662857,0.41356498,0.57961076,0.23607214,0.07736783,0.70234466,0.8089722,0.8673307,0.8027849,0.75742733,0.32894045,0.8707024,0.79878765,-0.28482184,-0.5638657,0.22812174,0.14086804,0.63184536,0.73325753,0.8221887,0.6584556,0.67792475,0.69625497,0.80226785,0.90621823,0.9105521,0.55924577,0.9371422,0.5071817,0.5405332,-0.06619172,0.31068033,0.793066,0.14095834,-0.33747876,0.48105872,0.45100418,0.43303865,0.3441145,0.75285536,0.5910676,-0.22682327,0.14134675,0.8211682,0.3631129,0.5770518,0.23679726,0.6004471,-0.30535895,0.25627822,-0.3104746,0.47919142,0.66010654,0.36389694,0.22763357
-0.33456913,0.5171494,0.34704572,0.39373896,0.482812,0.060327414,0.5766017,0.49589774,0.48006582,-0.027953869,-0.39212343,0.5079756,0.36341518,0.8670865,0.7551871,0.5654289,0.6725866,0.8002978,0.0,0.6711581,0.81942934,0.63864475,0.79042876,0.35775697,-0.6983685,-0.06930989,0.58781207,-0.26220056,0.34239995,0.7195771,-0.15054336,-0.58462787,0.1316949,0.69409835,0.509781,0.51061344,0.01931044,0.017414827,0.46155986,0.3487705,0.17681134,-0.21986127,0.30754867,-0.06720823,0.40691537,0.3798804,0.44211054,0.56384355,0.16972208,0.19660236,0.3731625,0.46421176,0.5492761,0.46186978,0.4886206,0.14349163,0.57514936,0.5225723,-0.02257514,-0.24972387,0.44355765,0.40359968,0.71614426,0.8615628,0.8254208,0.75520474,0.5181783,0.8898818,0.8237091,0.72027016,0.81492615,0.7560317,0.8731991,0.62066364,0.67929393,0.22056635,0.46280837,0.829759,-0.005211856,-0.113035426,0.6143667,0.44223613,0.5312634,0.5272228,0.6502891,0.6222934,-0.015117893,0.29352322,0.5973447,0.48145333,0.40992385,0.28744826,0.6230704,-0.07483572,0.45789763,-0.13278884,0.5133657,0.59784615,0.29783425,0.3172288
-0.15515621,0.85573244,0.72592527,0.7473728,0.82703656,0.43808645,0.66141814,0.8604763,0.8422188,-0.1260737,-0.69652313,0.47991776,0.23514727,0.82009935,0.67601174,0.83988017,0.44576606,0.9211585,0.6711581,0.0,0.85099226,0.37994215,0.81604105,0.32912835,-0.706539,-0.14755312,0.73184437,-0.587135,0.01850358,0.6602912,-0.009867085,-0.7089826,-0.13471249,0.46662503,0.32768697,0.4807668,-0.33012226,-0.18280345,0.43773493,0.28299755,-0.07340645,-0.31174994,-0.040836968,-0.3519587,0.023979349,0.22348914,0.28397313,0.43877348,0.21168934,0.020703105,0.70544416,0.87492764,0.8803307,0.832953,0.84615713,0.49063414,0.89120746,0.88314223,-0.29172838,-0.5685289,0.27282125,0.19039556,0.6637439,0.6917258,0.8095204,0.6603574,0.59001034,0.59407425,0.6586308,0.78890145,0.8996301,0.36175576,0.88695383,0.51137286,0.47459522,-0.09176684,0.20334984,0.7485745,0.13769777,-0.3565176,0.31000128,0.28371876,0.31898314,0.21802004,0.7156603,0.43264464,-0.34062535,0.040887993,0.81127346,0.1946234,0.47844103,0.28733614,0.6326824,-0.3673263,0.18571077,-0.3810926,0.44445005,0.5398933,0.29427996,0.15449135
-0.29337105,0.6815909,0.5897942,0.5592359,0.68326205,0.31787282,0.5767757,0.6973797,0.70588315,0.034996644,-0.61892486,0.56851345,0.3875397,0.9524906,0.8739499,0.6919895,0.59297323,0.85527873,0.81942934,0.85099226,0.0,0.4778754,0.8681769,0.37329963,-0.71871865,-0.13262191,0.726211,-0.44585887,0.26685998,0.7765722,-0.13385561,-0.6946892,-0.12205389,0.46979186,0.38738024,0.3880052,-0.23345578,-0.10079907,0.5344487,0.3419351,-0.07073848,-0.27718598,0.062231284,-0.2839231,0.12005266,0.31290627,0.31785044,0.4918531,0.1567615,0.050495498,0.52165747,0.66185886,0.68794894,0.61347497,0.68750054,0.38508782,0.71961766,0.7183683,-0.117513165,-0.43353316,0.45908642,0.37326306,0.78227645,0.90689653,0.9432611,0.8635944,0.493946,0.77469355,0.66915303,0.6796166,0.95799226,0.4621363,0.94717413,0.6981155,0.58185846,0.054441854,0.35648993,0.8845934,0.029549502,-0.38868877,0.3619467,0.25533348,0.34448728,0.30843744,0.6964497,0.46995395,-0.25190353,0.15083317,0.67681885,0.24309288,0.3403569,0.36772916,0.7228936,-0.29064143,0.2768423,-0.34002054,0.4883932,0.55336607,0.25628558,0.1691546
-0.6319599,0.45086148,0.3098221,0.37995303,0.4290344,0.038646124,0.06240041,0.27061114,0.2840141,0.09208954,-0.24797764,0.48964235,0.11754879,0.44635645,0.37887543,0.53429294,0.87437963,0.49071398,0.63864475,0.37994215,0.4778754,0.0,0.66881037,0.770642,-0.5772369,0.37583673,0.70122313,0.24648744,0.4188427,0.7315674,-0.24337113,-0.45536372,0.40162125,0.84107006,0.81804734,0.3977565,0.049258906,-0.16295984,0.4583299,0.2481272,0.19578226,0.08569542,0.6366675,-0.18939373,0.5061297,0.33625898,0.58603466,0.47037563,-0.35652512,-0.026159134,0.044345662,0.26905686,0.28251207,0.28530455,0.44509158,-0.18337224,0.31991,0.28351584,0.13882989,-0.08439468,0.3731597,0.19979408,0.58998543,0.46270582,0.58703816,0.35432416,0.0060396963,0.78190076,0.8188382,0.46956608,0.42844504,0.82187027,0.55886704,0.33545187,0.9349434,0.57246023,0.18097785,0.70716435,-0.12443645,0.09858627,0.8928039,0.2411841,0.49044642,0.8241491,0.72967803,0.44836223,-0.12467383,0.50603276,0.13203661,0.29393592,0.053609665,0.16189295,0.4075876,-0.07672719,0.8478091,-0.3772442,0.22143388,0.25096634,-0.21506812,-0.05633067
-0.35692918,0.7572786,0.5088552,0.6170191,0.71349716,0.1549926,0.4321231,0.62897414,0.59602165,-0.13308254,-0.6797914,0.46342617,0.11414895,0.8023072,0.6714361,0.7840853,0.64158297,0.8769729,0.79042876,0.81604105,0.8681769,0.66881037,0.0,0.48187426,-0.8412486,-0.11469667,0.87364155,-0.30613616,0.109462894,0.78051776,-0.07876203,-0.85855734,0.11410608,0.7125889,0.6532573,0.60025644,-0.114976645,-0.26598987,0.40495592,0.20615749,0.14114918,-0.33170584,0.21853252,-0.2924548,0.23152113,0.36308593,0.5886364,0.69112694,0.020339783,0.044542447,0.55002236,0.68761253,0.72313154,0.69384474,0.7114073,0.13269067,0.7149247,0.64425427,-0.19487374,-0.5278579,0.26927426,0.12443086,0.6687549,0.74203753,0.88529974,0.6605532,0.48480278,0.76647764,0.83614653,0.7990686,0.8648471,0.62961644,0.90489316,0.5060111,0.7034176,0.07547112,0.35017812,0.8925836,0.053100727,-0.35399613,0.6187648,0.41836455,0.42952996,0.5182662,0.902861,0.63233846,-0.21225914,0.3508681,0.64420515,0.35227692,0.42186877,0.22771785,0.60053855,-0.31076792,0.43076938,-0.41393563,0.48931324,0.6399493,0.18773343,0.14157422
-0.6995654,0.45299584,0.5372029,0.436012,0.4897557,0.36728022,-0.06631566,0.34783077,0.4147889,0.26175088,-0.18952397,0.60519975,0.22546352,0.3056191,0.29500404,0.5116585,0.83514047,0.29346347,0.35775697,0.32912835,0.37329963,0.770642,0.48187426,0.0,-0.347836,0.63365763,0.6755772,0.3041353,0.4896548,0.7311965,-0.44408086,-0.22483957,0.20513506,0.4843105,0.6285752,0.025265498,-0.22986485,-0.09938841,0.61924416,0.3909245,-0.14179243,0.39777833,0.5237906,-0.3456215,0.24003157,0.29364038,0.30587944,0.106111474,-0.5864933,-0.16852158,-0.08786544,0.2736035,0.17698461,0.20117925,0.52326053,0.05877699,0.2600632,0.3412112,0.1547847,0.017920507,0.47675276,0.2769133,0.6294514,0.30974016,0.47433835,0.24788342,-0.3636665,0.5897226,0.502565,0.13301209,0.28649524,0.43315604,0.39014488,0.31188726,0.8361108,0.64879054,-0.17762609,0.571188,-0.3312425,0.10342846,0.5734856,-0.20206335,0.20701791,0.5869824,0.5620186,0.05076768,-0.3948848,0.2978041,-0.08204185,-0.11939303,-0.31104404,0.16520531,0.39814758,-0.22706395,0.7486855,-0.5760874,0.0524754,-0.1415656,-0.55042106,-0.3180356
0.4328623,-0.64602166,-0.3408645,-0.5416979,-0.65009695,0.02940366,-0.29801157,-0.48550794,-0.42962486,0.3349236,0.56746006,-0.36191067,0.014648367,-0.6737218,-0.54384714,-0.6687592,-0.5067628,-0.76431495,-0.6983685,-0.706539,-0.71871865,-0.5772369,-0.8412486,-0.347836,0.0,0.16503775,-0.74374574,0.29078618,0.0079461355,-0.64562875,0.14148237,0.82452315,-0.08387643,-0.66289145,-0.61206806,-0.63408905,-0.036466293,0.30696326,-0.1588672,-0.07663878,-0.23897034,0.35529903,-0.21527573,0.12222694,-0.30650195,-0.4111829,-0.6030179,-0.7044551,-0.037383553,-0.1877685,-0.3508154,-0.5667419,-0.63281435,-0.60989636,-0.5913141,0.07779788,-0.59199315,-0.51542354,0.30239412,0.47624108,-0.13023119,-0.0290956,-0.48013607,-0.55826133,-0.7188747,-0.5373074,-0.43233064,-0.5956438,-0.7664051,-0.73932534,-0.73795,-0.5964581,-0.7491425,-0.24190687,-0.57777214,-0.027789656,-0.38039425,-0.7682577,0.07382968,0.42750782,-0.5886689,-0.49071905,-0.45509106,-0.5371834,-0.8432956,-0.69721085,0.029663369,-0.4315828,-0.62877345,-0.44721648,-0.3119779,0.067293845,-0.33517855,0.29091635,-0.38412344,0.2522307,-0.5650044,-0.65176076,-0.20591469,-0.3082485
-0.46592116,-0.099827215,0.1759437,-0.09345694,-0.061958473,0.2548168,-0.33704543,-0.103991255,0.0316619,0.5295481,0.42299262,0.5262639,0.21066825,-0.16131721,-0.062044412,-0.06382411,0.4577032,-0.20969036,-0.06930989,-0.14755312,-0.13262191,0.37583673,-0.11469667,0.63365763,0.16503775,0.0,0.08520984,0.5611544,0.4962332,0.24177058,-0.41864997,0.29341045,0.12569672,0.12194619,0.22448792,-0.21902917,-0.026923755,0.068724826,0.3127162,0.3210012,-0.09588396,0.5901446,0.40493217,-0.05374196,0.20552017,0.016324697,-0.034645736,-0.26896864,-0.391881,-0.116494,-0.49798718,-0.23868594,-0.34616384,-0.32934427,0.032425035,0.028956527,-0.23103921,-0.10022304,0.5256517,0.5869453,0.520494,0.25753072,0.18633296,-0.11308601,-0.09257103,-0.10975947,-0.60134214,0.16302443,0.045991927,-0.27641863,-0.19795354,0.14949276,-0.12711877,0.058792118,0.45346597,0.8198702,-0.20537919,0.05933676,-0.40056023,0.3036818,0.25990173,-0.31475708,-0.023990095,0.30675665,-0.0049011405,-0.24783148,-0.13179769,0.15066797,-0.3928794,-0.15622002,-0.62210786,-0.03613323,-0.021697832,0.027059643,0.46987242,-0.18675207,-0.3015549,-0.4415256,-0.48530096,-0.2977226
-0.44738355,0.7914866,0.61774635,0.696252,0.7811632,0.29768473,0.27093315,0.61492103,0.60811263,-0.090091474,-0.6404055,0.4586959,0.054805487,0.62174684,0.5154816,0.81250733,0.66942084,0.70812273,0.58781207,0.73184437,0.726211,0.70122313,0.87364155,0.6755772,-0.74374574,0.08520984,0.0,-0.10779551,0.16805351,0.800099,-0.15217291,-0.72533214,0.15419789,0.61912704,0.7105318,0.42795387,-0.17973605,-0.2665235,0.44705513,0.23574723,0.032327045,-0.097691275,0.29115075,-0.34333766,0.15848775,0.40635073,0.566636,0.5474554,-0.21665142,-0.0050270543,0.43082803,0.66974676,0.6269673,0.6394342,0.7713566,0.14429037,0.6297243,0.61875606,-0.21455364,-0.48129383,0.23740768,0.06680454,0.6416426,0.54928213,0.7722611,0.4859395,0.18843006,0.64852834,0.7143513,0.5918033,0.69413644,0.49027964,0.7387735,0.35181132,0.73456895,0.15990713,0.11922913,0.7996613,-0.028350387,-0.26225334,0.581958,0.18278278,0.31898752,0.54132366,0.9258626,0.43091917,-0.32675046,0.38629812,0.43931758,0.13366412,0.19719803,0.17245367,0.5047155,-0.3357862,0.51549685,-0.52995896,0.41161713,0.39068985,-0.09542584,-0.023818467
-0.26124802,-0.45838863,-0.37999833,-0.4643235,-0.43728867,-0.2721191,-0.58018506,-0.6329526,-0.5405674,0.32455984,0.62607205,0.06896711,-0.1410222,-0.50075203,-0.35334778,-0.44301462,0.13720201,-0.5496352,-0.26220056,-0.587135,-0.44585887,0.24648744,-0.30613616,0.3041353,0.29078618,0.5611544,-0.10779551,0.0,0.3762661,-0.061792247,-0.119407274,0.3805428,0.48210043,0.06370238,0.34932482,-0.13945702,0.48862377,0.20172107,-0.08495198,0.021836087,0.31650412,0.5424834,0.5270516,0.4008171,0.34729865,0.23209834,0.24474004,-0.037499074,-0.32619956,0.20028293,-0.68735474,-0.64910895,-0.72091335,-0.6616798,-0.41428256,-0.45560896,-0.7083968,-0.63689166,0.493733,0.61896473,0.122544974,-0.034923073,-0.2587752,-0.37554273,-0.38634822,-0.3586283,-0.6545967,-0.09923016,-0.1340638,-0.48252133,-0.52414846,0.1305625,-0.48491997,-0.28257373,0.17709245,0.6021823,0.050556704,-0.16992295,-0.18288128,0.4390077,0.2620575,-0.08623671,0.030903168,0.39958572,-0.08989845,-0.08000794,0.3796602,0.514136,-0.6183387,0.061981726,-0.51480913,-0.19857697,-0.41160852,0.47547743,0.39627704,0.23492129,-0.11059431,-0.31692943,-0.38339606,-0.024877336
-0.48049316,-0.09045955,0.14868474,-0.07348018,0.004540031,0.18288407,0.024728421,-0.0041396893,0.11187781,0.61293995,0.21534568,0.5750656,0.71027017,0.30312398,0.46489784,-0.044619545,0.61317617,-0.008686279,0.34239995,0.01850358,0.26685998,0.4188427,0.109462894,0.4896548,0.0079461355,0.4962332,0.16805351,0.3762661,0.0,0.4517789,-0.31542495,0.21529207,0.010640729,0.11051228,0.20193222,-0.25714067,0.03126267,0.32188246,0.568305,0.4350999,-0.17785008,0.44345954,0.35820678,0.044018935,0.24438936,0.20167054,-0.048558023,-0.11519113,-0.1464127,0.024342364,-0.3927945,-0.21077245,-0.24431454,-0.29102075,0.022985104,0.10626666,-0.13837492,-0.002831776,0.51873165,0.43960932,0.72831935,0.7427812,0.5518184,0.44178063,0.33022806,0.45198876,-0.29741663,0.5076056,0.15357248,-0.1739763,0.17706482,0.30063957,0.18238704,0.523115,0.49779543,0.65107954,0.17739885,0.3502157,-0.21597023,0.2859547,0.23641151,-0.2265454,0.1812915,0.3448643,0.07341479,-0.06559383,0.0069713145,0.19979137,-0.16265368,0.0078203175,-0.4000645,0.39122084,0.39544,0.22390027,0.4994362,-0.021776874,0.06565623,-0.16617782,-0.20314874,-0.023547895
-0.5538799,0.67291933,0.6282338,0.6048787,0.7081175,0.34950542,0.3709278,0.58786917,0.618297,0.16329008,-0.4466687,0.6859312,0.38936707,0.74476314,0.6935462,0.70237184,0.852895,0.6620773,0.7195771,0.6602912,0.7765722,0.7315674,0.78051776,0.7311965,-0.64562875,0.24177058,0.800099,-0.061792247,0.4517789,0.0,-0.2518879,-0.5204345,0.19170143,0.5844292,0.6429613,0.27081954,-0.16916573,0.057069823,0.7067545,0.511331,-0.02438248,0.15367636,0.47971174,-0.22315013,0.39380234,0.5085761,0.44516814,0.40555483,-0.19078742,0.07773086,0.24853408,0.5341839,0.50371855,0.4801836,0.7217906,0.20569938,0.54590684,0.60645723,0.03874319,-0.21891415,0.56700253,0.41207832,0.84391546,0.7138281,0.81307316,0.65978634,0.09921845,0.7958394,0.68227017,0.467775,0.7107999,0.5571756,0.7643186,0.57223886,0.80737376,0.41721714,0.1552795,0.91334873,-0.12660703,-0.096741855,0.55585533,0.080792926,0.4914364,0.62225544,0.74088943,0.37588242,-0.26451218,0.35030204,0.35497737,0.12766422,0.05844036,0.30413488,0.6378269,-0.14788452,0.68207574,-0.40864706,0.46954215,0.28311527,-0.14543547,0.036892347
0.55569196,0.021928232,-0.17453879,0.032325868,-0.0047317147,-0.14879726,0.2966768,-0.052581962,-0.10974731,-0.09456967,-0.009452447,-0.34462136,-0.21548682,-0.11197049,-0.13015254,-0.027888887,-0.4162716,0.007123324,-0.15054336,-0.009867085,-0.13385561,-0.24337113,-0.07876203,-0.44408086,0.14148237,-0.41864997,-0.15217291,-0.119407274,-0.31542495,-0.2518879,0.0,0.03186965,0.27443928,-0.048332516,-0.06601724,0.24658495,0.25034896,0.18636766,-0.21468818,-0.12893867,0.2857413,-0.16571797,-0.06033984,0.26182786,0.08208251,0.017133133,0.11914962,0.17133322,0.4266088,0.22666052,0.3706334,0.07739078,0.13938057,0.18494692,-0.05273645,-0.031693477,0.0089693125,-0.03216841,-0.0030801261,-0.16845703,-0.32272056,-0.27319735,-0.2841953,-0.12726687,-0.176542,-0.093608685,0.39813864,-0.26726717,-0.10744519,0.14174767,-0.045183815,-0.09424625,-0.10577514,-0.080074824,-0.36234355,-0.38154146,0.22214869,-0.121400915,0.88656324,0.12379468,-0.14082062,0.31696343,0.27861592,-0.060985763,-0.04309959,0.17987633,0.30893087,0.0657541,0.23654976,0.1865988,0.53972316,0.16569635,-0.09832131,0.47208565,-0.19972333,0.3727753,0.20591141,0.27279726,0.40530205,0.26872748
0.20494665,-0.6513697,-0.33876082,-0.50650865,-0.6056706,-0.017622855,-0.2782072,-0.5057638,-0.44798088,0.37164629,0.6740866,-0.21744408,0.19710205,-0.6048879,-0.4394356,-0.66298306,-0.3373295,-0.78656226,-0.58462787,-0.7089826,-0.6946892,-0.45536372,-0.85855734,-0.22483957,0.82452315,0.29341045,-0.72533214,0.3805428,0.21529207,-0.5204345,0.03186965,0.0,-0.012521621,-0.607182,-0.52155197,-0.6613652,0.05143703,0.47350404,-0.029888544,0.11719941,-0.2010533,0.5677719,-0.008531409,0.25081733,-0.10819984,-0.22478895,-0.5621335,-0.73385525,-0.08818926,-0.016669426,-0.5189856,-0.6319419,-0.67285085,-0.6735717,-0.5891157,-0.009283587,-0.6476427,-0.5315437,0.3767891,0.60256505,0.03641141,0.19244635,-0.33935535,-0.4878244,-0.6707576,-0.44473776,-0.52158046,-0.483543,-0.7015319,-0.7889459,-0.71855813,-0.4547036,-0.74159956,-0.189098,-0.46489012,0.1708328,-0.3414708,-0.6868145,-0.039609134,0.5478697,-0.49134997,-0.50304425,-0.29297814,-0.3609739,-0.82630736,-0.6429318,0.119317405,-0.31817827,-0.6437282,-0.36916468,-0.411018,0.1055555,-0.28078085,0.4117463,-0.18197893,0.32287243,-0.40517387,-0.6988641,-0.2814167,-0.17139462
-0.11684789,0.037611235,-0.24316633,0.006519323,-0.0069703264,-0.39586887,0.040897742,-0.25526783,-0.28096408,-0.110099554,0.23453388,-0.039114445,-0.23805024,-0.1246738,-0.15684012,0.04456095,0.18998478,-0.0074167848,0.1316949,-0.13471249,-0.12205389,0.40162125,0.11410608,0.20513506,-0.08387643,0.12569672,0.15419789,0.48210043,0.010640729,0.19170143,0.27443928,-0.012521621,0.0,0.47383815,0.64586073,0.4252246,0.58297884,0.37001732,0.039526094,0.25823572,0.6917931,0.3784734,0.7992971,0.5082767,0.7113767,0.6075732,0.6950406,0.44558454,-0.03883337,0.5280978,-0.08378528,-0.113931194,-0.06803218,-0.025245108,-0.02592373,-0.5242213,-0.18570907,-0.21260163,0.19889143,0.18175119,-0.032218013,-0.16299433,-0.07417288,-0.12316978,-0.0933045,-0.15147401,-0.006816397,0.09836729,0.29640836,0.12725586,-0.12643023,0.46270636,-0.071346216,-0.15570459,0.224961,0.32532722,0.19201335,0.17388605,0.18779273,0.4585633,0.5103924,0.39761633,0.61526513,0.67119306,0.2836471,0.46399307,0.45643237,0.6588679,-0.050014596,0.41687566,0.18382233,-0.096510634,-0.15628448,0.57955664,0.5591163,0.32183236,0.43445757,0.19422063,-0.07102421,0.3444189
-0.4133284,0.49193987,0.17988446,0.37238276,0.41245925,-0.14025103,0.2504107,0.28062007,0.2496178,-0.20613089,-0.25886387,0.33955836,-0.08399757,0.46232244,0.31977403,0.55565625,0.6357808,0.64079905,0.69409835,0.46662503,0.46979186,0.84107006,0.7125889,0.4843105,-0.66289145,0.12194619,0.61912704,0.06370238,0.11051228,0.5844292,-0.048332516,-0.607182,0.47383815,0.0,0.80377936,0.7217891,0.222188,-0.18738395,0.19882631,0.13857122,0.46240258,-0.15530173,0.5582537,-0.013488098,0.5761234,0.36254653,0.72305167,0.6830834,-0.053845294,0.1751472,0.26145422,0.3645678,0.44404063,0.43003634,0.4175103,-0.2324804,0.42496508,0.31040412,-0.0067062625,-0.19658862,0.16741213,0.00043836204,0.40505633,0.4221411,0.5308383,0.3115113,0.35884073,0.7024931,0.9326342,0.73052675,0.4917576,0.92057765,0.6072218,0.21760352,0.76242846,0.3511337,0.34745252,0.66109806,0.029900353,0.033336975,0.9369723,0.586315,0.61609274,0.78567624,0.75656134,0.71519417,0.07522117,0.5478938,0.40513477,0.57615465,0.38252544,0.0026424464,0.28098828,-0.002979236,0.6656725,-0.15197966,0.37711415,0.5436357,0.11823587,0.22247557
-0.5144023,0.43439895,0.15574495,0.34066382,0.40629467,-0.15637283,0.05262301,0.13330276,0.12317189,-0.11131453,-0.19018659,0.32952353,-0.12735662,0.3067176,0.24009886,0.48245004,0.637313,0.4298086,0.509781,0.32768697,0.38738024,0.81804734,0.6532573,0.6285752,-0.61206806,0.22448792,0.7105318,0.34932482,0.20193222,0.6429613,-0.06601724,-0.52155197,0.64586073,0.80377936,0.0,0.5780068,0.3321709,-0.047714785,0.2403292,0.21871705,0.50806123,0.118721925,0.7019613,0.10761332,0.5944501,0.6159218,0.86025214,0.6954525,-0.22314739,0.30318823,0.07069839,0.24380195,0.25927857,0.28592032,0.39062396,-0.35698685,0.20965712,0.1631345,0.041791674,-0.1060271,0.1709157,-0.0398202,0.34853232,0.28391027,0.44500723,0.2187574,0.05626387,0.55155426,0.7230246,0.46762326,0.35244885,0.7296926,0.42935774,0.09527312,0.7344826,0.42203495,0.27829528,0.638801,-0.042980053,0.074195705,0.84346145,0.42516017,0.5458692,0.8623518,0.80754495,0.62314224,0.1388054,0.76723224,0.19211048,0.43864578,0.14679776,-0.06649277,0.16520375,0.099833,0.749322,-0.13868532,0.48504174,0.4002816,-0.12189319,0.19677658
-0.05650747,0.39958513,-0.017937455,0.23405643,0.30160746,-0.33514062,0.3655443,0.18410732,0.1321005,-0.35988656,-0.19741236,0.15560186,-0.2713979,0.35977966,0.22614008,0.4007154,0.15317246,0.6285163,0.51061344,0.4807668,0.3880052,0.3977565,0.60025644,0.025265498,-0.63408905,-0.21902917,0.42795387,-0.13945702,-0.25714067,0.27081954,0.24658495,-0.6613652,0.4252246,0.7217891,0.5780068,0.0,0.4447574,-0.14236537,-0.16798538,-0.011222122,0.72021496,-0.38537425,0.2759886,0.26976508,0.46524063,0.37859625,0.76155734,0.8528075,0.41970402,0.45595372,0.41471624,0.36360762,0.48851964,0.4704389,0.29604197,-0.22451606,0.37310642,0.23998754,-0.102745205,-0.24127673,-0.04318577,-0.23294029,0.04118794,0.265389,0.33311886,0.24072495,0.67230123,0.32611278,0.6894262,0.82061774,0.47946993,0.63606966,0.48878998,0.044715244,0.31672448,-0.00094491715,0.59060246,0.48439404,0.24896254,-0.14319682,0.6169239,0.8996465,0.56412554,0.5163169,0.64967597,0.89616925,0.38454875,0.5652303,0.68618464,0.79927444,0.6322517,-0.19898148,0.029456524,0.10519354,0.22694848,0.1990199,0.55376965,0.84336835,0.5546298,0.58361083
