0,1,2,3,4,5,6,7,8,9,10,11,12,13,14,15,16,17,18,19,20,21,22,23,24,25,26,27,28,29,30,31,32,33,34,35,36,37,38,39,40,41,42,43,44,45,46,47,48,49,50,51,52,53,54,55,56,57,58,59,60,61,62,63,64,65,66,67,68,69,70,71,72,73,74,75,76,77,78,79,80,81,82,83,84,85,86,87,88,89,90,91,92,93,94,95,96,97,98,99
0.0,0.38177618,0.29764235,-0.20560442,0.45520514,0.2961794,-0.41620854,-0.119778566,0.1750508,0.30733728,0.0023550857,-0.09786245,0.028814776,-0.27065405,-0.2981195,-0.074796535,-0.19935212,0.64338577,-0.0737931,-0.18433245,0.04849438,0.1474009,-0.251257,-0.33079207,-0.033033986,-0.19700387,0.70683795,-0.21269588,-0.38470098,-0.37893438,0.61276084,0.8984575,0.72333425,0.7192094,0.0324985,0.114735015,0.5871686,0.88233477,0.7134683,0.5583885,0.73916155,-0.06665613,0.6290047,0.6615365,0.6671742,0.6443295,0.7027938,0.30864683,0.30815786,0.6567133,-0.038241655,0.0587958,-0.49407127,-0.09735864,0.067449845,-0.05690685,-0.06831726,0.15223777,-0.63975286,-0.55680555,-0.5591385,-0.56011355,-0.418451,-0.50153273,-0.41816294,-0.4087056,-0.23567763,-0.6759935,-0.37460068,0.079670094,0.3111004,-0.36288804,-0.38410622,0.3407061,-0.4808386,-0.5483598,0.31886736,-0.44642192,0.0949611,-0.0062896246,0.4181876,0.07001204,-0.11723931,0.47285095,0.64672846,0.45475087,0.7466727,0.2203241,0.6015456,0.4625809,0.43723625,-0.32496613,0.17892802,-0.5089666,-0.58249646,-0.2832462,0.587296,0.24296793,0.35839438,0.67522764
0.38177618,0.0,0.21993403,0.36587343,0.8259481,0.14057325,-0.11064648,0.21916853,0.1804243,0.25319153,-0.09192095,-0.0834176,0.03451447,-0.02903409,-0.025465269,0.39304757,-0.054426264,0.4349753,0.06654571,-0.115612976,0.22053255,0.10830401,-0.08678774,-0.05141328,-0.2318187,-0.10299117,0.47896707,-0.32313386,-0.24013156,-0.33486417,0.3668015,0.26883548,0.44394815,0.38460058,0.09078321,0.21061467,-0.019357285,0.3214012,0.4207013,0.48850337,0.45061058,-0.14327832,0.46441284,0.25649747,0.34718916,0.3239924,0.425928,0.14250359,0.010714094,0.1980155,-0.41702577,-0.045655813,-0.32474267,0.39197934,0.12107961,-0.21330921,-0.108283326,0.042764463,-0.5785478,-0.78452533,-0.5942289,-0.6636767,-0.0861572,-0.41505435,-0.042470638,-0.011577997,-0.12473128,-0.525707,-0.39799815,-0.076138385,0.23205301,-0.50122005,-0.29293022,-0.10491043,-0.6147869,-0.6756776,-0.2515575,-0.25697812,-0.22734398,-0.4858944,-0.014022529,-0.079288594,0.072630264,-0.10551623,0.2599085,-0.02758208,0.19698644,-0.15670013,0.1531955,0.0034795497,0.025406621,-0.58446264,-0.31741786,-0.6521141,-0.6445882,-0.010768504,0.27398732,-0.015827343,-0.19537704,0.21438506
0.29764235,0.21993403,0.0,-0.041619238,0.10621084,0.7766928,-0.24508739,0.51672614,0.7796943,-0.15576895,-0.19262245,-0.26662973,-0.32635534,-0.54081595,-0.4379398,-0.18368392,-0.2606188,0.14909238,-0.28309342,-0.21189684,-0.22001937,-0.35970014,-0.40217194,-0.29194093,-0.0992033,-0.3566577,0.04446934,-0.3874634,-0.08411343,-0.31484893,0.24430637,0.27017936,0.37716934,0.088279784,-0.35593894,0.78484756,0.07656704,0.2851173,0.23100604,-0.16248214,0.2091928,-0.19897912,-0.053711504,0.38477227,0.34830916,0.30414426,0.057081856,-0.3450135,0.7469726,0.2835754,0.19625387,0.48550463,0.098547526,0.01348117,0.6752716,0.6364979,0.66355354,0.6738439,-0.12138373,-0.21545969,-0.112239845,-0.11134988,-0.6106597,-0.46584064,-0.24697472,-0.3060205,0.5729772,-0.24479264,0.269939,0.715734,0.14616458,-0.21792208,-0.39777502,0.3500247,0.0057958663,-0.09604886,0.14385425,-0.326026,-0.040326647,-0.002549871,0.21657814,0.6297011,-0.14813651,-0.017417599,0.1949393,0.36615962,0.2271971,-0.24119383,0.47136238,0.30974302,0.17101808,0.068524994,0.2552796,-0.13389988,-0.19006623,-0.21082175,0.25629342,-0.08418198,0.52147925,0.36886403
-0.20560442,0.36587343,-0.041619238,0.0,0.37113917,-0.29823485,0.22177011,0.12091219,-0.18294466,-0.006023684,-0.043416057,0.08700808,0.15132591,0.09131367,0.15986858,0.6606756,0.1395697,-0.23720495,0.09326732,0.019621706,0.0054261102,-0.11537639,0.06273596,0.18181442,-0.13845536,-0.0004580915,-0.31660876,-0.1601084,0.035956375,0.041841555,-0.1412934,-0.23718081,0.088528626,-0.27818462,-0.1224951,-0.04110545,-0.58315545,-0.26647222,-0.19200315,-0.20061547,-0.24307843,-0.14440797,-0.2641407,-0.2872184,-0.27903935,-0.27615628,-0.37297353,-0.3461114,-0.27099225,-0.33520806,-0.21735647,-0.0037841932,0.19135517,0.78409433,-0.088394605,-0.2273001,-0.18018281,-0.26737186,-0.031146655,-0.24221298,0.0042221695,-0.10665594,0.2810895,-0.04845763,0.38452157,0.34189874,0.008236905,-0.022663163,-0.035489947,-0.16546577,0.095239446,-0.022706863,0.18205008,-0.3675376,-0.25730652,-0.14150847,-0.76035726,0.05613536,-0.40202272,-0.26922467,-0.55722415,-0.14945713,-0.07708343,-0.68965673,-0.45137468,-0.541861,-0.494659,-0.27667606,-0.3824777,-0.37932786,-0.41723317,-0.3377082,-0.48295572,-0.20727144,-0.119510025,0.060072053,-0.24721965,-0.5556763,-0.4890707,-0.35424304
0.45520514,0.8259481,0.10621084,0.37113917,0.0,-0.020991895,-0.31524485,0.07642905,0.03838163,0.10424054,-0.24308132,-0.23752585,-0.059624035,-0.14467846,-0.16271868,0.32468012,-0.24307048,0.5119895,-0.10384378,-0.27122873,0.08132072,0.019301543,-0.22206777,-0.26247635,-0.43725786,-0.27236956,0.5223678,-0.42385578,-0.46205133,-0.44031206,0.5502509,0.3905271,0.59196293,0.52032137,-0.03860772,0.09235407,0.12131973,0.4238328,0.60245055,0.46732795,0.5900398,-0.26875362,0.53589684,0.4448933,0.5029967,0.5049241,0.519456,0.13393778,0.01991533,0.34657717,-0.24347438,0.06957838,-0.34886977,0.4430575,0.05290082,-0.23837878,-0.18753335,-0.0021695963,-0.7130163,-0.76958525,-0.6774767,-0.73957527,-0.06331998,-0.5086416,-0.17022388,-0.10588704,-0.18379542,-0.6507154,-0.42937425,-0.102153674,0.14016382,-0.527202,-0.34145206,0.086294934,-0.77058095,-0.7413035,-0.17357181,-0.42723456,-0.12169983,-0.29413402,0.09209489,-0.016775966,-0.09578675,0.020776019,0.3668884,0.06566786,0.32395443,-0.11763242,0.29855448,0.2018108,0.2224497,-0.6737252,-0.16369611,-0.7409167,-0.7629571,-0.15199837,0.4843684,-0.074022815,-0.08726917,0.37956867
0.2961794,0.14057325,0.7766928,-0.29823485,-0.020991895,0.0,-0.23672004,0.5965159,0.90334475,-0.04634406,-0.105056025,-0.20760931,-0.33895788,-0.3919465,-0.31643587,-0.36605585,-0.23385069,0.17388737,-0.1959197,-0.103662625,-0.10346962,-0.12675123,-0.23375164,-0.25195545,0.012451997,-0.15788686,0.2355484,-0.11882259,0.046858575,-0.12639977,0.18738538,0.23096694,0.15056665,0.058069006,-0.08394265,0.84046215,0.19834541,0.26363465,0.18014419,-0.05884295,0.14402188,0.014163974,0.12611072,0.36995462,0.38336697,0.30259088,0.17811765,-0.06357047,0.73388886,0.24565664,0.27219886,0.5177966,0.144895,-0.15721582,0.7430144,0.71003884,0.77604973,0.7947963,-0.012728381,-0.046737004,-0.0711702,-0.045400437,-0.58484274,-0.321679,-0.24148466,-0.30686784,0.60258573,-0.14039172,0.3458996,0.73958105,0.038998026,-0.13196762,-0.2742571,0.3391669,0.1010357,0.041970808,0.30127054,-0.14507581,0.23146516,0.1306767,0.28754187,0.5697194,0.093195535,0.21671082,0.2814057,0.49521706,0.30007863,0.025902383,0.4426691,0.2866054,0.27857113,0.31624442,0.35624388,0.04098321,-0.07426412,0.012083965,0.26413447,0.26237684,0.5886018,0.37699863
-0.41620854,-0.11064648,-0.24508739,0.22177011,-0.31524485,-0.23672004,0.0,0.12073567,-0.2602188,0.5479045,0.73550653,0.8107702,0.6480418,0.77330846,0.76988995,0.5222239,0.91070247,-0.40849388,0.8098634,0.82351494,0.5937008,0.4647699,0.83256173,0.9364974,0.73420995,0.78912205,-0.32027817,0.6330838,0.8589638,0.70920324,-0.64800364,-0.45946848,-0.5702226,-0.5662185,0.5598918,-0.23358534,-0.606662,-0.45774737,-0.7684083,-0.028744899,-0.6393454,0.54629034,-0.3271398,-0.8207653,-0.79981977,-0.8520811,-0.5810216,0.13819678,-0.567755,-0.8196057,-0.4070311,-0.5722467,0.3163565,0.009089019,-0.49703944,-0.38074163,-0.1948252,-0.4267937,0.6156948,0.31834543,0.6556693,0.5748278,0.48395517,0.64751214,0.85537845,0.61808026,-0.11364376,0.7115423,0.20186825,-0.269104,0.2916459,0.5231856,0.6915378,-0.8205924,0.50014,0.45162237,-0.38183594,0.761341,-0.23339269,-0.20621885,-0.6266502,-0.40427485,0.5302505,-0.4866155,-0.64984274,-0.7188876,-0.725145,0.25440684,-0.8430993,-0.87127167,-0.7548038,0.24449097,-0.6240493,0.49533972,0.6150025,0.54967254,-0.85603833,0.03213597,-0.71971464,-0.84340924
-0.119778566,0.21916853,0.51672614,0.12091219,0.07642905,0.5965159,0.12073567,0.0,0.7122187,-0.014470754,-0.04569573,-0.06952697,-0.25318927,-0.09566809,-0.02976799,-0.03925882,-0.0005949337,-0.066382654,0.020402053,0.14392032,0.08984674,-0.025304964,0.0719933,0.05430305,0.020484008,0.08420358,-0.0064722705,0.06624842,0.32576928,0.16066626,-0.0173844,-0.2269323,-0.14103164,-0.2779743,0.091980815,0.75656486,-0.23736434,-0.15068321,-0.15573753,-0.16788666,-0.19532046,0.15609764,-0.041206338,0.017385716,0.025311042,-0.013432897,-0.1374305,-0.08865668,0.36115533,-0.29677624,0.24361672,0.4630016,0.56941265,0.17414759,0.564692,0.55061656,0.7272491,0.66686,0.24665043,0.13241173,0.15231529,0.11719813,-0.19592266,-0.10472672,0.19375655,0.113090456,0.735758,0.17868657,0.58449143,0.652046,0.025208022,0.020616354,0.07870671,-0.00041054984,0.2192175,0.24920377,-0.049188413,0.15138249,0.25195935,0.16319773,-0.06350605,0.5260403,0.34136915,-0.15422459,-0.090316534,0.029503815,-0.17674714,0.069789834,-0.013933904,-0.09440661,0.06517588,0.3581582,0.09969178,0.24424468,0.13821965,0.35368246,-0.033129595,0.13015631,0.11293798,-0.07943902
0.1750508,0.1804243,0.7796943,-0.18294466,0.03838163,0.90334475,-0.2602188,0.7122187,0.0,-0.16970402,-0.23329762,-0.31167457,-0.45270205,-0.4384195,-0.3559322,-0.36086538,-0.313121,0.13390818,-0.28660312,-0.15760148,-0.16445754,-0.2195571,-0.28635773,-0.29505527,-0.12442637,-0.23503691,0.1360991,-0.19282801,0.0018709577,-0.1433482,0.21678685,0.09375348,0.13626628,-0.0015534725,-0.16476011,0.94279265,0.101717554,0.14478938,0.15940301,-0.15460019,0.11122995,-0.043325182,0.06824415,0.3721586,0.36831507,0.31188455,0.11441037,-0.17134993,0.7578826,0.17876345,0.32106647,0.6101284,0.2595609,-0.03312084,0.81421506,0.76795685,0.8486819,0.87337554,0.0019667188,-0.024345258,-0.08944508,-0.04910034,-0.543255,-0.3593434,-0.22436714,-0.24902762,0.7122526,-0.12807038,0.4170616,0.8008048,-0.02018333,-0.17369236,-0.2869295,0.3522722,0.07130926,0.049617514,0.20361365,-0.16277947,0.22212306,0.13590951,0.23720466,0.6713358,0.059219383,0.10880476,0.20816562,0.4314468,0.20971917,-0.05415706,0.42162576,0.2842489,0.28838915,0.27059492,0.35507405,0.02955803,-0.09619652,0.03474403,0.2646838,0.13519853,0.5517798,0.33881855
0.30733728,0.25319153,-0.15576895,-0.006023684,0.10424054,-0.04634406,0.5479045,-0.014470754,-0.16970402,0.0,0.82890403,0.8003726,0.7791793,0.6470952,0.61063373,0.45932755,0.72983485,0.13256179,0.75787956,0.59980845,0.5923506,0.74913615,0.66928416,0.67093134,0.7320719,0.73826915,0.33712736,0.5748339,0.50089556,0.47618914,-0.06815333,0.23959912,-0.09735433,0.05003685,0.6959445,-0.19916004,-0.035043716,0.2401611,-0.1357165,0.58124375,0.021217434,0.6262811,0.37251922,-0.25622475,-0.18236054,-0.28011423,0.10468191,0.52219677,-0.42702845,-0.22071244,-0.55320853,-0.6053438,-0.2068207,-0.07198834,-0.4993741,-0.5412613,-0.34841555,-0.36807552,0.07342265,-0.10839689,0.15676995,0.067739226,0.2578115,0.2736051,0.48039234,0.38586253,-0.45266467,0.10516826,-0.24098061,-0.35234386,0.3685542,0.28772908,0.43799275,-0.5798256,0.0047833393,-0.022282587,-0.1282229,0.4896385,-0.051638667,-0.2687024,-0.3390361,-0.5314412,0.48924387,-0.04344219,-0.13972296,-0.39533862,-0.06768933,0.5733138,-0.35640192,-0.50833416,-0.33009717,-0.005655765,-0.4881301,0.069536366,0.11435555,0.47413152,-0.35706836,0.3102593,-0.46397573,-0.26886296
0.0023550857,-0.09192095,-0.19262245,-0.043416057,-0.24308132,-0.105056025,0.73550653,-0.04569573,-0.23329762,0.82890403,0.0,0.94265634,0.83300257,0.7267316,0.7013551,0.38798797,0.8750507,-0.1390143,0.79351133,0.7483656,0.5619965,0.6840294,0.7701175,0.8131322,0.894196,0.8263409,0.046003524,0.72005236,0.72276556,0.6685171,-0.34775108,-0.011684643,-0.3636415,-0.2395843,0.67073107,-0.2523757,-0.1899067,-0.03003551,-0.44624394,0.30207396,-0.29094848,0.7067065,0.05824929,-0.49089044,-0.45306483,-0.54818356,-0.19373287,0.39047986,-0.46328333,-0.42065454,-0.44672728,-0.62245625,0.01058372,-0.19122036,-0.5085185,-0.45007935,-0.2633287,-0.39084378,0.4276061,0.21852638,0.507419,0.4556547,0.37093833,0.537715,0.6183702,0.49751705,-0.3366101,0.44805622,-0.0031499278,-0.30524895,0.3401806,0.5741787,0.6039067,-0.6434012,0.35992357,0.31211054,-0.11380253,0.68432087,-0.04031927,-0.16995402,-0.39248872,-0.4899555,0.55291116,-0.11298678,-0.33979312,-0.4433309,-0.29388818,0.5405946,-0.5424794,-0.6323581,-0.5012364,0.2358776,-0.4668493,0.38865548,0.47949964,0.5375943,-0.5887897,0.2726899,-0.45936465,-0.49192148
-0.09786245,-0.0834176,-0.26662973,0.08700808,-0.23752585,-0.20760931,0.8107702,-0.06952697,-0.31167457,0.8003726,0.94265634,0.0,0.87853295,0.78970826,0.7823529,0.48959017,0.9336038,-0.26502416,0.8270709,0.7503114,0.5534972,0.64783347,0.8203711,0.8906004,0.8727209,0.8513679,-0.07986,0.72179186,0.7554618,0.71812177,-0.44960177,-0.13336271,-0.42642623,-0.357586,0.6413767,-0.31588218,-0.34111524,-0.16146602,-0.56115943,0.21402878,-0.4220369,0.6713411,-0.061874818,-0.6294947,-0.5813959,-0.6855565,-0.33769453,0.30471203,-0.5654333,-0.5405826,-0.4957975,-0.6580757,0.06553392,-0.06265073,-0.5504508,-0.5081984,-0.34682164,-0.50453955,0.47455636,0.23635453,0.5519103,0.47560227,0.4731062,0.5992107,0.7157977,0.5944355,-0.3556158,0.50650376,-0.022015829,-0.39578906,0.3119985,0.5968908,0.69318503,-0.76108134,0.34511134,0.33108047,-0.27476954,0.75277835,-0.16149525,-0.23078662,-0.566998,-0.5772959,0.5092082,-0.28046328,-0.5174784,-0.6110661,-0.45193312,0.47566065,-0.68039525,-0.763551,-0.63872385,0.2024117,-0.5852773,0.38156843,0.49774674,0.54478556,-0.70469594,0.14456314,-0.5884106,-0.6213421
0.028814776,0.03451447,-0.32635534,0.15132591,-0.059624035,-0.33895788,0.6480418,-0.25318927,-0.45270205,0.7791793,0.83300257,0.87853295,0.0,0.6898116,0.648005,0.54448104,0.80908376,-0.16556339,0.6970028,0.55575657,0.43500912,0.57501596,0.6538002,0.7476627,0.7053025,0.68615454,0.030150754,0.5371766,0.49085262,0.5074631,-0.2670837,0.030542502,-0.25647873,-0.17131647,0.520671,-0.45864755,-0.24360345,-0.019585397,-0.33047155,0.336589,-0.21631967,0.5183379,0.07553835,-0.4804458,-0.42686376,-0.50869274,-0.18244852,0.29566413,-0.641191,-0.3558794,-0.5551663,-0.670822,-0.122005306,0.008718723,-0.61738575,-0.65775883,-0.5113499,-0.6327445,0.2587153,0.034215257,0.38162556,0.27469373,0.44525972,0.43093812,0.5455064,0.47845536,-0.52669555,0.2687585,-0.26755112,-0.5602008,0.24656051,0.48223758,0.5397133,-0.64973944,0.14359623,0.1295734,-0.27810508,0.5441499,-0.21797526,-0.2773814,-0.49033123,-0.6753029,0.3623203,-0.23720448,-0.38439748,-0.56315374,-0.3093419,0.3736271,-0.5602855,-0.61838675,-0.5205219,0.0052774493,-0.55227613,0.16907525,0.3081766,0.37639642,-0.5210917,0.05278336,-0.57950646,-0.464359
-0.27065405,-0.02903409,-0.54081595,0.09131367,-0.14467846,-0.3919465,0.77330846,-0.09566809,-0.4384195,0.6470952,0.7267316,0.78970826,0.6898116,0.0,0.938101,0.40452877,0.82646513,-0.22773743,0.8304805,0.73900694,0.65915483,0.68836266,0.91417015,0.8569341,0.64628416,0.8450881,-0.007609884,0.7509843,0.69783896,0.73897034,-0.48687676,-0.33027756,-0.55369294,-0.34430477,0.7514361,-0.43663368,-0.35243976,-0.34262988,-0.57824117,0.232067,-0.4370761,0.6356585,-0.017185563,-0.6695106,-0.5873017,-0.67117983,-0.26225847,0.41965246,-0.6964723,-0.60015935,-0.5003212,-0.6993471,0.07032333,-0.009138582,-0.6286145,-0.5886862,-0.4563982,-0.5787094,0.41502658,0.25869077,0.40623719,0.36877894,0.69544584,0.7530145,0.7786722,0.7106852,-0.41683444,0.54814583,-0.049637042,-0.5369673,0.26569676,0.42476147,0.75336,-0.8104241,0.23471457,0.25664642,-0.26484206,0.8002088,-0.12489405,-0.26183355,-0.55745953,-0.66787356,0.57824624,-0.24155039,-0.46768326,-0.60960054,-0.48742366,0.47165516,-0.74994475,-0.77954745,-0.6043553,0.10609292,-0.6347789,0.3256606,0.41863686,0.6090628,-0.67042756,0.21221997,-0.71664673,-0.65825474
-0.2981195,-0.025465269,-0.4379398,0.15986858,-0.16271868,-0.31643587,0.76988995,-0.02976799,-0.3559322,0.61063373,0.7013551,0.7823529,0.648005,0.938101,0.0,0.42726526,0.80761766,-0.25124148,0.8254839,0.7460681,0.6558768,0.6679667,0.9017785,0.8587099,0.6328544,0.8355838,-0.0713306,0.75043356,0.7272009,0.7733711,-0.5081487,-0.37735313,-0.53164256,-0.39862275,0.7214454,-0.33813804,-0.4000269,-0.38569698,-0.62596095,0.15023886,-0.49244684,0.6344371,-0.07917773,-0.6857797,-0.61369497,-0.71097726,-0.31746584,0.3493687,-0.6029144,-0.6221366,-0.5098729,-0.6468515,0.10769112,0.069483,-0.541219,-0.51656747,-0.3894842,-0.5149366,0.42768246,0.25924557,0.40651953,0.3900613,0.7309424,0.7784844,0.8419465,0.7476444,-0.3539245,0.5671761,0.015902584,-0.4499604,0.29499897,0.39637586,0.78169864,-0.8502428,0.20274092,0.24153009,-0.35300705,0.84636885,-0.17857407,-0.3157273,-0.6213027,-0.6174536,0.5364191,-0.30670306,-0.52642184,-0.6356317,-0.5274337,0.44125792,-0.76538193,-0.8196401,-0.6748985,0.091672756,-0.6923939,0.30170706,0.39273426,0.6264722,-0.70679,0.1556186,-0.6939434,-0.6783446
-0.074796535,0.39304757,-0.18368392,0.6606756,0.32468012,-0.36605585,0.5222239,-0.03925882,-0.36086538,0.45932755,0.38798797,0.48959017,0.54448104,0.40452877,0.42726526,0.0,0.5381081,-0.0805333,0.5117627,0.37377018,0.3744674,0.2809529,0.3930945,0.5514832,0.28198048,0.3705243,-0.15110141,0.105322905,0.2919541,0.21261057,-0.24072826,-0.10371114,0.04850228,-0.15913299,0.25594896,-0.25099546,-0.5253472,-0.10265201,-0.256011,0.18704575,-0.17565897,0.16481039,-0.07261829,-0.45839116,-0.43447793,-0.43156534,-0.2560868,0.011684142,-0.5277021,-0.42541978,-0.5856657,-0.46635905,-0.054149497,0.46305057,-0.46195713,-0.60047156,-0.45003638,-0.53394866,-0.022028955,-0.32908276,0.07590406,-0.048794188,0.31959996,0.12051317,0.5373942,0.39018658,-0.33504093,0.07265474,-0.23464367,-0.41848823,0.34101266,0.07048915,0.26283345,-0.66904604,-0.15878479,-0.16433287,-0.69800174,0.24508747,-0.47386461,-0.49487618,-0.5451014,-0.45170265,0.2158713,-0.55911005,-0.4097696,-0.68587196,-0.47514933,-0.033802837,-0.57048005,-0.6097199,-0.6092544,-0.37887278,-0.7441597,-0.15424462,-0.026869025,0.21535078,-0.45793563,-0.29178485,-0.75385565,-0.51150644
-0.19935212,-0.054426264,-0.2606188,0.1395697,-0.24307048,-0.23385069,0.91070247,-0.0005949337,-0.313121,0.72983485,0.8750507,0.9336038,0.80908376,0.82646513,0.80761766,0.5381081,0.0,-0.2620874,0.88113326,0.8283212,0.64016163,0.60872453,0.86528516,0.93595076,0.8109049,0.83854645,-0.13333522,0.6857752,0.8013996,0.69599015,-0.5225279,-0.24705839,-0.45577967,-0.3941727,0.6513176,-0.30459648,-0.45291522,-0.25789914,-0.6187852,0.16846791,-0.466575,0.6185429,-0.1387656,-0.6962933,-0.6607587,-0.74519,-0.39495814,0.28008014,-0.57674056,-0.64613885,-0.509555,-0.6841989,0.12252276,-0.051609863,-0.5826808,-0.5047835,-0.317227,-0.5040689,0.49167687,0.22362229,0.56679076,0.49554098,0.4830827,0.617983,0.7898823,0.61412776,-0.30475122,0.5854326,0.04122947,-0.35860398,0.36182076,0.5341521,0.6780831,-0.81120837,0.38938406,0.32590833,-0.32344812,0.7406119,-0.22690594,-0.27383792,-0.5720206,-0.5154345,0.5298738,-0.34966347,-0.53050286,-0.64732736,-0.5487861,0.3820975,-0.73842025,-0.81677836,-0.7004456,0.16420875,-0.6503848,0.38249868,0.52379256,0.555734,-0.7676492,0.12002653,-0.66515493,-0.7069801
0.64338577,0.4349753,0.14909238,-0.23720495,0.5119895,0.17388737,-0.40849388,-0.066382654,0.13390818,0.13256179,-0.1390143,-0.26502416,-0.16556339,-0.22773743,-0.25124148,-0.0805333,-0.2620874,0.0,-0.0042727985,-0.07532338,0.2882607,0.25778106,-0.18225653,-0.36331183,-0.22597359,-0.18460618,0.6624163,-0.23429087,-0.38352135,-0.4276107,0.53203714,0.5570882,0.61427623,0.8709469,0.18497495,0.12728342,0.5249367,0.6694482,0.6813523,0.6063654,0.778213,-0.074049495,0.68327785,0.575013,0.6028803,0.6452573,0.8307435,0.530378,0.29670206,0.5573855,-0.1875114,-0.08447295,-0.55192304,-0.12671673,0.0030018154,-0.12875159,-0.12289885,0.17602257,-0.76812226,-0.58582443,-0.71116847,-0.56168514,-0.3413158,-0.4010614,-0.4058338,-0.33420607,-0.27096108,-0.5164308,-0.27215445,0.08989367,0.3778516,-0.5761851,-0.5029161,0.25495026,-0.5416561,-0.6902297,0.275539,-0.45588988,0.13794741,-0.23156998,0.60004586,0.15437979,0.066215314,0.6015289,0.7715617,0.47509485,0.6438635,0.1455947,0.5498263,0.44548392,0.41377968,-0.5170335,0.037756,-0.5722076,-0.6352996,-0.18228553,0.5512702,0.44296157,0.1994842,0.546416
-0.0737931,0.06654571,-0.28309342,0.09326732,-0.10384378,-0.1959197,0.8098634,0.020402053,-0.28660312,0.75787956,0.79351133,0.8270709,0.6970028,0.8304805,0.8254839,0.5117627,0.88113326,-0.0042727985,0.0,0.8882446,0.8403289,0.7579643,0.90399057,0.8549338,0.7490947,0.8590109,0.044223588,0.69573843,0.745051,0.66599596,-0.48964265,-0.16530819,-0.33853313,-0.21042348,0.8140523,-0.25796825,-0.35372773,-0.15626706,-0.5178613,0.30620825,-0.32822743,0.6314292,0.04454208,-0.6217736,-0.55815005,-0.6231857,-0.17498843,0.49636465,-0.5120094,-0.5687667,-0.58480257,-0.7238519,0.0020823698,-0.048414428,-0.59189844,-0.54934984,-0.37255538,-0.45196483,0.29287508,0.08331279,0.34006518,0.3273875,0.44298047,0.5877538,0.75436527,0.5617378,-0.3806709,0.49799797,0.008527991,-0.34625784,0.51457876,0.32072458,0.5939463,-0.8303906,0.20717134,0.14015551,-0.30595285,0.7023719,-0.19404088,-0.36342523,-0.43594947,-0.5027467,0.63503075,-0.18630336,-0.34268206,-0.53297,-0.4324467,0.4737681,-0.66587853,-0.766939,-0.64400095,0.009388317,-0.7225732,0.2359133,0.33311498,0.5646863,-0.66228884,0.30624217,-0.6720907,-0.62978154
-0.18433245,-0.115612976,-0.21189684,0.019621706,-0.27122873,-0.103662625,0.82351494,0.14392032,-0.15760148,0.59980845,0.7483656,0.7503114,0.55575657,0.73900694,0.7460681,0.37377018,0.8283212,-0.07532338,0.8882446,0.0,0.8136297,0.68731177,0.8824138,0.8061181,0.7409929,0.83798414,-0.08626421,0.75282854,0.8498772,0.7218673,-0.53502876,-0.29085737,-0.44628042,-0.30677858,0.7708178,-0.13665983,-0.34307906,-0.2539226,-0.61892617,0.12731838,-0.44041488,0.6614996,-0.10420395,-0.63087595,-0.61251193,-0.6497121,-0.27574193,0.4498343,-0.36274657,-0.6471499,-0.34768704,-0.5733369,0.22865558,-0.11507006,-0.47716573,-0.3296839,-0.16453277,-0.25712296,0.46144718,0.3121851,0.48446497,0.51668125,0.39166754,0.64422524,0.7589139,0.5687105,-0.15672307,0.6794955,0.29395413,-0.12255193,0.5192677,0.40679944,0.64079875,-0.7140595,0.42215875,0.34974074,-0.18013857,0.7423633,-0.019942464,-0.15966402,-0.3472311,-0.26666692,0.6879662,-0.12157821,-0.34640405,-0.45015827,-0.47754076,0.50870895,-0.63296545,-0.69725114,-0.5608554,0.23475263,-0.54705036,0.4473083,0.5162077,0.616324,-0.6912309,0.37081474,-0.54552597,-0.67341006
0.04849438,0.22053255,-0.22001937,0.0054261102,0.08132072,-0.10346962,0.5937008,0.08984674,-0.16445754,0.5923506,0.5619965,0.5534972,0.43500912,0.65915483,0.6558768,0.3744674,0.64016163,0.2882607,0.8403289,0.8136297,0.0,0.73358214,0.76734114,0.60704637,0.48611158,0.6657766,0.24159038,0.5440589,0.56620336,0.44948974,-0.30432516,-0.09779546,-0.16149902,0.050778877,0.8272068,-0.1396865,-0.1871025,-0.02573988,-0.2776077,0.40633905,-0.099773124,0.495024,0.20874763,-0.38741863,-0.3240431,-0.34337175,0.10280718,0.6442634,-0.3172278,-0.396562,-0.48823893,-0.6028683,-0.054453216,-0.07343941,-0.47589156,-0.4443303,-0.28088742,-0.25289267,0.047978096,-0.055518158,0.058819383,0.12297615,0.31622782,0.42767107,0.57272875,0.4187506,-0.30398184,0.36679128,0.057641715,-0.1995937,0.6111039,0.038807686,0.37540695,-0.6208358,0.055974424,-0.059300203,-0.14495863,0.48022258,-0.07822608,-0.34174278,-0.13835387,-0.2730103,0.6473782,0.051632635,-0.019054538,-0.28066352,-0.22264434,0.46009728,-0.42132008,-0.5110301,-0.38862914,-0.11841955,-0.58570373,0.059991963,0.11746065,0.48550054,-0.38993126,0.48216993,-0.54727256,-0.42253757
0.1474009,0.10830401,-0.35970014,-0.11537639,0.019301543,-0.12675123,0.4647699,-0.025304964,-0.2195571,0.74913615,0.6840294,0.64783347,0.57501596,0.68836266,0.6679667,0.2809529,0.60872453,0.25778106,0.7579643,0.68731177,0.73358214,0.0,0.74536014,0.59067196,0.6003426,0.800475,0.3633588,0.73555243,0.518926,0.59184766,-0.14631337,0.045297183,-0.22488232,0.08986078,0.9030041,-0.22221717,0.02981626,0.07999772,-0.20698622,0.53584534,-0.034376916,0.73019433,0.4286041,-0.28478473,-0.19344573,-0.25554287,0.20944935,0.78728503,-0.41642842,-0.2710048,-0.47320223,-0.5754395,-0.13999613,-0.0790563,-0.4826114,-0.5118998,-0.3441493,-0.28593725,0.07928274,0.043303404,0.11113832,0.11592844,0.35420233,0.43058553,0.45772928,0.45311603,-0.46270058,0.26128477,-0.06572864,-0.33391213,0.34609184,0.24573816,0.47849226,-0.58651215,0.01609628,0.021224817,-0.08028842,0.58830905,0.17480534,-0.23161748,-0.16055179,-0.4680355,0.711078,0.2068891,-0.034206882,-0.27507737,-0.068834305,0.7492919,-0.38303196,-0.47642216,-0.2545631,0.023251118,-0.46417874,0.16671638,0.16595763,0.6206725,-0.31716457,0.5769863,-0.4618457,-0.30600816
-0.251257,-0.08678774,-0.40217194,0.06273596,-0.22206777,-0.23375164,0.83256173,0.0719933,-0.28635773,0.66928416,0.7701175,0.8203711,0.6538002,0.91417015,0.9017785,0.3930945,0.86528516,-0.18225653,0.90399057,0.8824138,0.76734114,0.74536014,0.0,0.8771656,0.7356112,0.9134428,-0.02687146,0.8362458,0.82349175,0.8185669,-0.51804304,-0.33629018,-0.5531471,-0.37253878,0.83153874,-0.27335358,-0.3717966,-0.32638258,-0.6373775,0.18355212,-0.48414245,0.7122097,-0.03813065,-0.6723754,-0.61322254,-0.6903516,-0.28633448,0.46539944,-0.5565719,-0.68174386,-0.4009311,-0.62127423,0.19681635,-0.040718976,-0.55918986,-0.45029864,-0.28480187,-0.40298146,0.48738393,0.33675197,0.48520726,0.4602321,0.5820921,0.7325706,0.8330313,0.68978333,-0.26887748,0.64758575,0.15733662,-0.31656036,0.36561856,0.4654145,0.7794877,-0.7992512,0.34853998,0.3486819,-0.2329602,0.8478246,-0.031157304,-0.18281707,-0.5070537,-0.479218,0.6612859,-0.1947614,-0.4569563,-0.5727991,-0.50679255,0.57128733,-0.73406243,-0.78467053,-0.5788592,0.21945086,-0.59531647,0.43440324,0.49407837,0.69421095,-0.6947303,0.31565997,-0.65282965,-0.6971138
-0.33079207,-0.05141328,-0.29194093,0.18181442,-0.26247635,-0.25195545,0.9364974,0.05430305,-0.29505527,0.67093134,0.8131322,0.8906004,0.7476627,0.8569341,0.8587099,0.5514832,0.93595076,-0.36331183,0.8549338,0.8061181,0.60704637,0.59067196,0.8771656,0.0,0.79006004,0.8662523,-0.20139548,0.70551974,0.8450032,0.7462235,-0.5983525,-0.3740334,-0.56817126,-0.5062579,0.644307,-0.28223288,-0.5155697,-0.3897788,-0.7133511,0.100449696,-0.572363,0.6450099,-0.19185477,-0.7922181,-0.7491693,-0.8273456,-0.48308933,0.23361678,-0.62407213,-0.7353361,-0.52512515,-0.65744877,0.18371297,0.007797815,-0.5334564,-0.48200548,-0.30098122,-0.49623874,0.5569634,0.27699167,0.58650815,0.4965816,0.54058766,0.6696131,0.84182554,0.6677885,-0.25604153,0.6249177,0.06363773,-0.38147312,0.26135004,0.5326246,0.72546643,-0.88902795,0.40269673,0.37747118,-0.3798628,0.8167838,-0.21311194,-0.2906134,-0.6763316,-0.5669103,0.56199443,-0.44308937,-0.63277763,-0.73937976,-0.6441566,0.34531114,-0.83700186,-0.9151275,-0.767299,0.20283617,-0.6811574,0.43493807,0.55387455,0.61969054,-0.856077,0.076928265,-0.73853123,-0.80046123
-0.033033986,-0.2318187,-0.0992033,-0.13845536,-0.43725786,0.012451997,0.73420995,0.020484008,-0.12442637,0.7320719,0.894196,0.8727209,0.7053025,0.64628416,0.6328544,0.28198048,0.8109049,-0.22597359,0.7490947,0.7409929,0.48611158,0.6003426,0.7356112,0.79006004,0.0,0.81164503,-0.056074128,0.75401235,0.79354304,0.6935025,-0.43409956,-0.07784334,-0.42555037,-0.34743544,0.61290616,-0.17205888,-0.18434703,-0.088944115,-0.54232126,0.16538152,-0.40299135,0.7160657,-0.07162203,-0.532087,-0.5137749,-0.6045809,-0.29581022,0.31421798,-0.34978583,-0.46603426,-0.3016694,-0.5179538,0.12587212,-0.25501972,-0.40462694,-0.27921936,-0.12855546,-0.27821198,0.5431795,0.33523723,0.59963834,0.526424,0.27061775,0.5341671,0.5784766,0.41924244,-0.20662941,0.53153384,0.122486696,-0.17917614,0.27957505,0.6006858,0.60453236,-0.5902834,0.50901055,0.45411825,-0.06359362,0.7073907,-0.0036395467,-0.059641328,-0.38622975,-0.3945255,0.5521921,-0.10231461,-0.3880265,-0.39938763,-0.32456586,0.5316223,-0.53691936,-0.6331326,-0.49938992,0.40713683,-0.35973883,0.5251198,0.59748656,0.54164207,-0.647533,0.28817162,-0.36624435,-0.5176351
-0.19700387,-0.10299117,-0.3566577,-0.0004580915,-0.27236956,-0.15788686,0.78912205,0.08420358,-0.23503691,0.73826915,0.8263409,0.8513679,0.68615454,0.8450881,0.8355838,0.3705243,0.83854645,-0.18460618,0.8590109,0.83798414,0.6657766,0.800475,0.9134428,0.8662523,0.81164503,0.0,0.0040650484,0.8860001,0.8339502,0.85098636,-0.4562214,-0.26200554,-0.5620201,-0.36746767,0.83722043,-0.23459744,-0.2744626,-0.26388645,-0.6057656,0.2434146,-0.4542825,0.8556661,0.03730061,-0.6268251,-0.57051694,-0.65405655,-0.25021398,0.49698478,-0.54773456,-0.64178383,-0.40805689,-0.586685,0.1814877,-0.056236293,-0.5078261,-0.43534806,-0.24477929,-0.35470885,0.50207394,0.35209686,0.51478034,0.45780015,0.49758527,0.65720856,0.74931645,0.65479046,-0.27655113,0.5835392,0.13063031,-0.30630174,0.25349227,0.5454478,0.7592171,-0.7838826,0.36921647,0.39814076,-0.21552965,0.8607456,0.08052858,-0.1439836,-0.5043309,-0.50858396,0.72995985,-0.13911593,-0.4552184,-0.5689835,-0.44878075,0.6579539,-0.7083108,-0.7816405,-0.5249822,0.3077686,-0.5284575,0.49909666,0.5389711,0.77675587,-0.6899091,0.3663622,-0.61656296,-0.66471314
0.70683795,0.47896707,0.04446934,-0.31660876,0.5223678,0.2355484,-0.32027817,-0.0064722705,0.1360991,0.33712736,0.046003524,-0.07986,0.030150754,-0.007609884,-0.0713306,-0.15110141,-0.13333522,0.6624163,0.044223588,-0.08626421,0.24159038,0.3633588,-0.02687146,-0.20139548,-0.056074128,0.0040650484,0.0,-0.023857879,-0.27370998,-0.23454948,0.60819095,0.59540325,0.38701597,0.69127613,0.30180225,0.06365063,0.59617364,0.66073745,0.64539236,0.734553,0.7181755,0.11096252,0.83178604,0.5932329,0.66934955,0.6183225,0.8317206,0.60232997,0.13823141,0.5128853,-0.11777982,-0.051409025,-0.4552045,-0.15233971,0.018324926,-0.14221562,-0.106102444,0.14154615,-0.55659646,-0.44845906,-0.5766674,-0.5473559,-0.15271975,-0.28625712,-0.32280043,-0.21925895,-0.27710736,-0.54052025,-0.40117607,-0.035778195,0.18003638,-0.3372917,-0.25310043,0.22229773,-0.44790068,-0.4965246,0.41517967,-0.23980278,0.32650512,-0.034407068,0.43161744,-0.04756201,0.16446479,0.57709235,0.66264194,0.42563286,0.6956341,0.3783986,0.4861326,0.36385998,0.5024214,-0.24899001,0.14295715,-0.40677774,-0.5208782,0.038722157,0.55535656,0.5319713,0.22293252,0.57192385
-0.21269588,-0.32313386,-0.3874634,-0.1601084,-0.42385578,-0.11882259,0.6330838,0.06624842,-0.19282801,0.5748339,0.72005236,0.72179186,0.5371766,0.7509843,0.75043356,0.105322905,0.6857752,-0.23429087,0.69573843,0.75282854,0.5440589,0.73555243,0.8362458,0.70551974,0.75401235,0.8860001,-0.023857879,0.0,0.7813617,0.90993625,-0.42691118,-0.266989,-0.6181148,-0.38914725,0.7638886,-0.20120282,-0.122836426,-0.2693802,-0.6062095,0.096701965,-0.49041992,0.82877624,0.0017516391,-0.52524024,-0.482077,-0.57160664,-0.24542686,0.48749012,-0.40911406,-0.56085366,-0.12780614,-0.40053248,0.3063678,-0.14021294,-0.4053268,-0.2385667,-0.118544586,-0.21976885,0.59062666,0.5791594,0.5726429,0.565571,0.5077176,0.7295269,0.6537615,0.6177035,-0.15652494,0.6367516,0.28360584,-0.1775476,0.16776842,0.6176415,0.8170862,-0.5755949,0.45880124,0.54260504,-0.035974212,0.87094826,0.28048182,0.12221506,-0.36697817,-0.35926557,0.6739781,0.02136858,-0.3911287,-0.37098378,-0.34978116,0.7795204,-0.5826755,-0.5960818,-0.34000027,0.49223948,-0.28034294,0.6363018,0.61967933,0.74421287,-0.57102555,0.44016847,-0.37937367,-0.5410654
-0.38470098,-0.24013156,-0.08411343,0.035956375,-0.46205133,0.046858575,0.8589638,0.32576928,0.0018709577,0.50089556,0.72276556,0.7554618,0.49085262,0.69783896,0.7272009,0.2919541,0.8013996,-0.38352135,0.745051,0.8498772,0.56620336,0.518926,0.82349175,0.8450032,0.79354304,0.8339502,-0.27370998,0.7813617,0.0,0.8510385,-0.6388278,-0.45641407,-0.6463244,-0.6274974,0.6281795,0.021139877,-0.4630285,-0.46016046,-0.8122417,-0.105342045,-0.69222057,0.7029457,-0.30934545,-0.7238515,-0.70831585,-0.7911848,-0.53771746,0.18605272,-0.31034774,-0.7755916,-0.20603077,-0.36239585,0.4718701,-0.06852676,-0.23936714,-0.09147215,0.07711176,-0.11970499,0.7323766,0.513015,0.7116432,0.6759517,0.3796671,0.68561876,0.80488104,0.62017304,0.09686831,0.7759177,0.4415853,0.011678566,0.2596795,0.5868003,0.7481344,-0.7022118,0.62184656,0.61238414,-0.21743263,0.86187786,0.019381212,-0.05136479,-0.52486503,-0.20285617,0.6725465,-0.29673812,-0.5842008,-0.5127935,-0.6310701,0.43020105,-0.71559596,-0.79035276,-0.6112647,0.5081472,-0.42597455,0.672483,0.71445566,0.70452553,-0.81926435,0.21831533,-0.46352452,-0.7571722
-0.37893438,-0.33486417,-0.31484893,0.041841555,-0.44031206,-0.12639977,0.70920324,0.16066626,-0.1433482,0.47618914,0.6685171,0.71812177,0.5074631,0.73897034,0.7733711,0.21261057,0.69599015,-0.4276107,0.66599596,0.7218673,0.44948974,0.59184766,0.8185669,0.7462235,0.6935025,0.85098636,-0.23454948,0.90993625,0.8510385,0.0,-0.54452014,-0.44133997,-0.6861029,-0.6105545,0.64592296,-0.12712033,-0.34782654,-0.46840817,-0.7613994,-0.10760512,-0.6853615,0.7565469,-0.2195812,-0.66469884,-0.6350169,-0.7261027,-0.47452447,0.2687186,-0.40412128,-0.69580394,-0.103245005,-0.31580147,0.45414436,0.021332595,-0.31126377,-0.16188341,-0.038506456,-0.20740408,0.70779604,0.625549,0.66734457,0.63029695,0.57751596,0.75626975,0.7741409,0.7257756,-0.020108439,0.71945006,0.3895054,-0.12806249,0.12688297,0.6604707,0.88740695,-0.6538609,0.4964847,0.62168103,-0.2378852,0.9406593,0.15152487,0.08417467,-0.5588291,-0.32819852,0.6111961,-0.2218797,-0.6194898,-0.52511007,-0.55203485,0.6277286,-0.7103878,-0.72136307,-0.49952227,0.5159853,-0.35580218,0.6660912,0.6724032,0.744874,-0.69508404,0.22874993,-0.45135823,-0.6881257
0.61276084,0.3668015,0.24430637,-0.1412934,0.5502509,0.18738538,-0.64800364,-0.0173844,0.21678685,-0.06815333,-0.34775108,-0.44960177,-0.2670837,-0.48687676,-0.5081487,-0.24072826,-0.5225279,0.53203714,-0.48964265,-0.53502876,-0.30432516,-0.14631337,-0.51804304,-0.5983525,-0.43409956,-0.4562214,0.60819095,-0.42691118,-0.6388278,-0.54452014,0.0,0.62187076,0.5831172,0.69570166,-0.26437864,0.19566874,0.639327,0.68680656,0.8534143,0.44502357,0.81966066,-0.21609119,0.6330073,0.8680732,0.8466457,0.8435144,0.67506784,0.076447435,0.33042848,0.71882963,0.16697836,0.30981764,-0.33665565,0.03201764,0.26768038,0.09563314,0.048502747,0.28509405,-0.6295673,-0.42185733,-0.58833945,-0.6050648,-0.33419308,-0.62721807,-0.5910928,-0.38144404,-0.04158907,-0.7762,-0.34763017,0.1703262,-0.07731119,-0.41133955,-0.47667006,0.5861934,-0.53308994,-0.49669167,0.3893412,-0.6087319,0.33483437,0.15167512,0.45097733,0.24296793,-0.2850263,0.40888935,0.59214383,0.47170672,0.7457432,0.017776899,0.75211924,0.66881424,0.71202725,-0.27982956,0.42110756,-0.48433545,-0.6088016,-0.24922034,0.7425783,0.07046362,0.4618456,0.78478754
0.8984575,0.26883548,0.27017936,-0.23718081,0.3905271,0.23096694,-0.45946848,-0.2269323,0.09375348,0.23959912,-0.011684643,-0.13336271,0.030542502,-0.33027756,-0.37735313,-0.10371114,-0.24705839,0.5570882,-0.16530819,-0.29085737,-0.09779546,0.045297183,-0.33629018,-0.3740334,-0.07784334,-0.26200554,0.59540325,-0.266989,-0.45641407,-0.44133997,0.62187076,0.0,0.70332104,0.6928854,-0.10038501,0.02056799,0.58591247,0.91303104,0.72073025,0.518635,0.7390045,-0.17117895,0.54884326,0.64773226,0.6519891,0.63585746,0.644329,0.19917274,0.27889797,0.69372606,0.0018652258,0.039196625,-0.5463039,-0.1703754,0.012612188,-0.07292376,-0.121014304,0.0794836,-0.6230694,-0.5397896,-0.5347514,-0.55030364,-0.43279088,-0.5557699,-0.5011333,-0.48923343,-0.2820758,-0.7120825,-0.4439294,0.014862053,0.21799375,-0.33711892,-0.44011942,0.4009315,-0.46394256,-0.5189154,0.3109435,-0.5125587,0.048263423,0.012552478,0.40055847,0.0352338,-0.27694023,0.41942003,0.58564717,0.41491008,0.74153125,0.13943937,0.60928345,0.5048242,0.44857538,-0.302601,0.22923186,-0.5012089,-0.5611985,-0.3832242,0.58312416,0.14584014,0.39178607,0.67891765
0.72333425,0.44394815,0.37716934,0.088528626,0.59196293,0.15056665,-0.5702226,-0.14103164,0.13626628,-0.09735433,-0.3636415,-0.42642623,-0.25647873,-0.55369294,-0.53164256,0.04850228,-0.45577967,0.61427623,-0.33853313,-0.44628042,-0.16149902,-0.22488232,-0.5531471,-0.56817126,-0.42555037,-0.5620201,0.38701597,-0.6181148,-0.6463244,-0.6861029,0.5831172,0.70332104,0.0,0.6884905,-0.3651956,0.16118787,0.3715477,0.7123521,0.74315906,0.2867059,0.7227133,-0.5043702,0.35410812,0.64666265,0.6296538,0.67066365,0.54851633,-0.059998933,0.39075255,0.68344015,-0.008812482,0.20027944,-0.46470413,0.15154324,0.17161319,0.0063890833,-0.07456662,0.14347965,-0.8062328,-0.71964586,-0.7147524,-0.6894722,-0.4550294,-0.6913129,-0.5113858,-0.47038275,-0.11749948,-0.7545758,-0.35275814,0.12944022,0.28100872,-0.61407256,-0.6240461,0.43761566,-0.6738774,-0.7293383,0.050000194,-0.7388809,-0.16707121,-0.1114038,0.3981246,0.24889304,-0.4413032,0.22359917,0.57092166,0.39059204,0.59570074,-0.21843916,0.63201636,0.5556357,0.38460103,-0.6055917,0.11756772,-0.75019056,-0.7692455,-0.60129446,0.6235256,-0.14784613,0.33568928,0.64302725
0.7192094,0.38460058,0.088279784,-0.27818462,0.52032137,0.058069006,-0.5662185,-0.2779743,-0.0015534725,0.05003685,-0.2395843,-0.357586,-0.17131647,-0.34430477,-0.39862275,-0.15913299,-0.3941727,0.8709469,-0.21042348,-0.30677858,0.050778877,0.08986078,-0.37253878,-0.5062579,-0.34743544,-0.36746767,0.69127613,-0.38914725,-0.6274974,-0.6105545,0.69570166,0.6928854,0.6884905,0.0,-0.021400519,-0.037242487,0.67209494,0.7799837,0.85685915,0.6397597,0.93148035,-0.24063402,0.7097084,0.71791095,0.73289514,0.7879245,0.88486785,0.4004657,0.24787854,0.76209825,-0.12232873,-0.060740113,-0.6974858,-0.18737413,-0.035770435,-0.1856491,-0.23823164,0.068315975,-0.84793085,-0.62301916,-0.7628707,-0.65176463,-0.3550023,-0.5133171,-0.6089382,-0.46553996,-0.38866726,-0.6946087,-0.4894602,-0.043614056,0.19932576,-0.5852519,-0.61598516,0.4385921,-0.61012787,-0.74080527,0.40189776,-0.64265186,0.12116958,-0.14291711,0.6497764,0.08224524,-0.17349622,0.6329583,0.83135724,0.533528,0.79454756,0.033291526,0.6897863,0.61668915,0.55802935,-0.5651679,0.19360799,-0.6596709,-0.7075468,-0.38106388,0.6944947,0.30001193,0.30586705,0.71047556
0.0324985,0.09078321,-0.35593894,-0.1224951,-0.03860772,-0.08394265,0.5598918,0.091980815,-0.16476011,0.6959445,0.67073107,0.6413767,0.520671,0.7514361,0.7214454,0.25594896,0.6513176,0.18497495,0.8140523,0.7708178,0.8272068,0.9030041,0.83153874,0.644307,0.61290616,0.83722043,0.30180225,0.7638886,0.6281795,0.64592296,-0.26437864,-0.10038501,-0.3651956,-0.021400519,0.0,-0.1682054,-0.05506146,-0.04963315,-0.32037044,0.46710983,-0.14565833,0.7398936,0.33578148,-0.37497124,-0.28656816,-0.34405696,0.12564331,0.79726285,-0.40994078,-0.41636646,-0.41798982,-0.54708445,-0.0066858465,-0.100237854,-0.44806218,-0.43356135,-0.2570478,-0.22870184,0.18806748,0.12935148,0.17872821,0.20528655,0.37924278,0.5119148,0.54675525,0.48454034,-0.33907247,0.39042625,0.041608647,-0.26221392,0.3602687,0.266741,0.5317888,-0.6253563,0.13478404,0.11846895,-0.06904054,0.6590639,0.19557822,-0.18099125,-0.1817076,-0.4044506,0.7935902,0.16151668,-0.08003835,-0.27376634,-0.17667298,0.7210074,-0.45731598,-0.54020035,-0.28699136,0.110889316,-0.46089908,0.26276872,0.2644596,0.69166136,-0.3873265,0.636796,-0.4885654,-0.40689772
