0,1,2,3,4,5,6,7,8,9,10,11,12,13,14,15,16,17,18,19,20,21,22,23,24,25,26,27,28,29,30,31,32,33,34,35,36,37,38,39,40,41,42,43,44,45,46,47,48,49,50,51,52,53,54,55,56,57,58,59,60,61,62,63,64,65,66,67,68,69,70,71,72,73,74,75,76,77,78,79,80,81,82,83,84,85,86,87,88,89,90,91,92,93,94,95,96,97,98,99
0.0,-0.052598424,0.14074859,-0.0910393,-0.032244798,0.4857409,0.34403476,0.077409595,0.27872652,0.35580498,0.21779154,0.059144747,-0.29054064,0.5136817,0.27782127,-0.30340183,-0.21576732,-0.452604,0.40451762,0.24628009,0.53160554,-0.29098758,0.19293085,0.0752689,0.4061902,0.2821136,0.5128017,0.3199283,0.64753836,0.369689,-0.3987916,0.3838261,-0.3693117,-0.6356843,-0.6228194,0.08549981,-0.07230671,0.35819614,0.2309814,0.5046956,-0.29428464,0.38293886,-0.40075868,0.4124632,0.043558482,-0.09636258,-0.63340795,-0.29304114,0.35690644,-0.020987699,0.56905526,0.038138594,-0.08054277,-0.15526633,0.282869,0.47135168,-0.031801697,0.037594754,0.38503408,0.08485699,0.21316202,-0.110444434,-0.039866555,0.083091214,0.35392258,0.3494557,0.45206136,-0.10878105,-0.31820354,-0.48808593,0.4990517,-0.22696407,-0.0024161187,0.41311324,0.3329766,0.3613464,0.5817796,0.55683655,-0.04029893,0.49280158,0.08915132,-0.4181601,0.18135478,-0.36250854,0.563616,-0.20917498,0.007922904,0.24443892,-0.18276083,0.056589644,0.48040786,0.49629423,0.4639112,0.23361364,0.3021552,0.51301503,0.27410713,-0.05389359,0.19272904,0.037402526
-0.052598424,0.0,0.5443911,0.8074703,0.91086173,0.3227088,0.5942151,0.7601862,0.7590632,-0.21249038,-0.33016205,-0.44022694,0.20758526,0.034139417,-0.24142048,0.38692412,-0.15010111,0.35283825,0.053967256,0.42010605,0.13030449,-0.055074476,0.043332227,-0.49121064,-0.42479676,-0.34693232,0.1776447,-0.30330917,0.059521142,0.3366239,0.26340747,-0.17677402,-0.2834532,-0.21903323,-0.17495148,0.14419162,-0.5285608,0.30453333,0.36551848,0.19162743,-0.13841583,-0.44368872,-0.044976197,-0.06431477,-0.07783151,0.19132438,-0.19764365,-0.11642514,-0.12385546,-0.08308165,-0.01787996,0.835059,0.7818339,0.7820366,0.58413833,0.37659785,0.8284988,0.86163247,-0.18776052,-0.3816244,-0.15424556,0.045056984,0.15863086,0.11632728,-0.0609686,0.031532362,0.0149039775,-0.087147094,-0.139864,0.345251,0.21555081,-0.28229925,0.18073004,-0.333548,-0.2798732,-0.40221107,-0.056778032,0.06967101,0.06690185,0.020166423,-0.40837047,-0.37903062,0.007336949,-0.29576886,-0.02423152,-0.46404466,-0.5451452,-0.44675323,-0.23963441,-0.3803078,-0.23662303,0.073050484,0.0100996075,-0.49800265,-0.314703,-0.22972205,0.13034537,-0.24835768,-0.23585132,-0.26972568
0.14074859,0.5443911,0.0,0.53849506,0.6562594,0.617612,0.6177178,0.67122257,0.60445327,0.13848737,-0.089252256,-0.3104632,-0.09679703,0.2901523,0.0020318974,-0.021256244,-0.31983492,0.1865527,0.15282992,0.3909763,0.362632,0.04109458,0.42032608,-0.068205364,-0.15078153,0.0558283,0.38906154,0.22858517,0.3812581,0.63167363,-0.21068312,-0.3579111,-0.44524992,-0.452313,-0.2578248,0.045614075,-0.51820725,0.47451347,0.6001091,0.56897116,-0.31647694,-0.010240868,0.19689366,-0.070235305,-0.27688098,-0.018156374,-0.28174195,-0.2935991,-0.1043062,-0.265217,-0.2495098,0.66483456,0.26210278,0.32716554,0.75625825,0.7248441,0.58508146,0.65101796,-0.16742714,-0.32418495,-0.19381687,-0.27996585,0.07573618,-0.09944976,0.07433741,0.16497251,0.23316178,-0.22668654,-0.190191,0.077261746,0.35743096,0.008209897,0.09667086,0.027287483,0.03464528,-0.042966243,0.3641116,0.46129024,-0.10578562,-0.12248885,-0.09523806,-0.6216683,-0.031419057,-0.22915441,0.38443568,-0.310735,-0.5899564,0.023399873,-0.35952666,0.007662478,-0.34063303,0.21557966,0.23698778,-0.2677358,0.22320189,-0.13900833,0.15091065,-0.27868655,-0.26184458,-0.37142444
-0.0910393,0.8074703,0.53849506,0.0,0.857135,0.21661447,0.6880995,0.7809986,0.66729414,-0.29666787,-0.35471457,-0.5267804,0.22347684,-0.06837899,-0.3866122,0.2952103,-0.21045461,0.2274907,-0.04333898,0.39030004,-0.045051858,-0.20199901,-0.16320868,-0.5028451,-0.520298,-0.3823016,0.07501707,-0.3662515,0.07726534,0.13003375,0.15788905,-0.29226524,-0.2227834,-0.25061715,-0.23710947,0.008311057,-0.5015095,0.12579787,0.15302292,0.101050965,-0.06268296,-0.40652886,-0.11392876,-0.23971769,-0.14533088,0.13779026,-0.1607592,-0.05475803,-0.13058831,-0.10454535,-0.17443527,0.768394,0.67612094,0.84753716,0.41914704,0.36665937,0.80497307,0.8000078,-0.3636543,-0.47547555,-0.33671764,0.070998326,0.23190582,-0.06719951,-0.2768761,-0.17074306,0.095668696,-0.24161471,-0.28395978,0.20739394,0.033528548,-0.2990836,-0.03695984,-0.37955484,-0.34035084,-0.49065095,-0.14066131,-0.12884784,-0.015765592,-0.13594219,-0.43034476,-0.34882823,-0.0064275856,-0.356753,-0.034067236,-0.3351161,-0.5794182,-0.4908485,-0.32316643,-0.29640087,-0.3434422,-0.096103586,-0.09966954,-0.5642034,-0.32537183,-0.32200745,0.16029982,-0.1842866,-0.26591742,-0.28724638
-0.032244798,0.91086173,0.6562594,0.857135,0.0,0.41788805,0.65983146,0.80103207,0.80010134,-0.2328234,-0.38289294,-0.5388976,0.08497283,0.031927794,-0.34140068,0.31353933,-0.24605912,0.3342756,0.059058562,0.49873057,0.09942845,-0.082762875,0.08477253,-0.5121013,-0.5012912,-0.35685512,0.24232206,-0.27883482,0.14713705,0.37581322,0.13833515,-0.29499438,-0.3848255,-0.28813848,-0.23215513,0.14350747,-0.57322294,0.2763951,0.37204728,0.19770925,-0.16904448,-0.4105859,-0.052574333,-0.1246849,-0.123006,0.16095431,-0.23518296,-0.14542758,-0.08148818,-0.10419005,-0.11397884,0.82579017,0.68515146,0.7957869,0.62719876,0.47627997,0.83521277,0.8722842,-0.28992218,-0.49692863,-0.30238566,-0.077654354,0.05768489,0.00025035092,-0.14349315,-0.06233018,0.037487477,-0.21121398,-0.24810259,0.28594702,0.15401629,-0.32554066,0.06902962,-0.3693809,-0.32226655,-0.4554712,-0.042063247,0.065825544,-0.057331566,-0.075470015,-0.47550833,-0.496107,-0.13072331,-0.38844147,0.027495362,-0.5449711,-0.61697906,-0.46854356,-0.3018773,-0.41042492,-0.348236,0.047239427,-0.0056287674,-0.5777725,-0.2670744,-0.28256783,0.14191632,-0.32333368,-0.2459352,-0.30917215
0.4857409,0.3227088,0.617612,0.21661447,0.41788805,0.0,0.5625612,0.3551554,0.67782325,0.39543146,0.0054785963,-0.159191,-0.43804172,0.38447002,0.01927644,-0.380771,-0.5460777,-0.18804498,0.24641632,0.63747936,0.38973233,-0.20389952,0.37899312,-0.15845938,0.075294815,0.0847043,0.7935019,0.2876308,0.6794862,0.710731,-0.25838447,-0.11967831,-0.6632233,-0.61316204,-0.48107952,0.4212758,-0.19310017,0.64915,0.6550581,0.53793734,-0.21681513,0.27184248,-0.102544956,0.4289274,0.11357407,0.13197652,-0.5487848,-0.27995357,0.38441044,0.10950715,0.2051048,0.37517282,-0.014375309,0.12223698,0.75932574,0.7679213,0.25919625,0.41195223,0.20190778,-0.25447342,0.029887943,-0.46744242,-0.21571177,-0.15415329,0.16497113,0.14614421,0.387873,-0.44270313,-0.4970048,-0.290677,0.32258722,-0.33642173,-0.15759903,0.19313604,-0.017851686,0.07252353,0.44526842,0.5420202,-0.21143484,0.17480388,-0.2834273,-0.66995966,-0.24273878,-0.59226114,0.5743882,-0.48486164,-0.16925803,0.04441783,-0.14758089,-0.066567324,-0.049110826,0.47137538,0.539799,0.0018554995,0.27824703,0.3406518,0.3666894,-0.3485544,0.1423867,0.029494293
0.34403476,0.5942151,0.6177178,0.6880995,0.65983146,0.5625612,0.0,0.64399725,0.7617989,0.02626786,-0.2404488,-0.45825464,-0.102717154,0.07265972,-0.21831343,-0.10840135,-0.5582695,-0.08279568,-0.010046347,0.65302634,0.16411646,-0.4788772,-0.0040129707,-0.48435527,-0.23696743,-0.2780376,0.49132603,-0.14564472,0.49661475,0.30446985,-0.06916558,-0.22417827,-0.52945936,-0.5511474,-0.5868189,0.26611072,-0.36020625,0.39142612,0.35963184,0.37536633,-0.08570806,-0.01413979,-0.3708584,0.051582884,-0.024365492,0.12428964,-0.43983963,-0.0820832,0.27228886,0.060485736,0.12179846,0.62921846,0.44605833,0.6060372,0.5323143,0.682985,0.6133346,0.6722386,-0.113013215,-0.51957923,-0.2157608,-0.1393229,0.14078757,-0.2598962,-0.20615664,-0.018089673,0.5566024,-0.47462204,-0.5129269,-0.0902178,0.26719135,-0.44890103,-0.1132648,0.023187393,-0.20914255,-0.2477864,0.18070461,0.18148266,-0.07597591,0.033912387,-0.39589572,-0.5033626,-0.002348051,-0.5661325,0.43419218,-0.39910904,-0.39038384,-0.355754,-0.1662331,-0.21091932,0.0039033347,0.23831093,0.27906868,-0.3282243,-0.08459007,0.061339747,0.41837913,-0.05938205,0.09835629,-0.043260604
0.077409595,0.7601862,0.67122257,0.7809986,0.80103207,0.3551554,0.64399725,0.0,0.69625765,-0.19643919,-0.2604051,-0.49670672,0.027257573,0.15199356,-0.12616482,0.36385024,-0.19030271,0.3420396,0.09763971,0.23798203,0.2773249,-0.063223556,0.1443555,-0.24588375,-0.2512211,-0.14371455,0.119098246,-0.02304248,0.17927824,0.37631634,-0.052364387,-0.18748212,-0.3221856,-0.4778762,-0.36605504,-0.13780937,-0.68538505,0.2960866,0.33466405,0.3863945,-0.43252504,-0.23184033,0.026286112,-0.16740708,-0.4025535,-0.019286934,-0.36351535,-0.4008931,-0.27625456,-0.4248352,-0.14741088,0.9054263,0.6467956,0.5849967,0.6577545,0.54024047,0.93488914,0.9272917,-0.29482895,-0.39930582,-0.33844233,-0.13288444,0.13208824,-0.020254185,-0.044366375,0.091070205,0.10492914,-0.13474168,-0.112442486,0.24361119,0.33684203,-0.0718863,0.23384057,-0.14030448,-0.0032807502,-0.17588332,0.2287143,0.2051853,0.05237534,-0.021111054,-0.18642649,-0.65076345,0.027929435,-0.22536926,0.05946045,-0.42271832,-0.7174817,-0.1903614,-0.5022676,-0.18132362,-0.2153582,0.12022656,-0.01265475,-0.375438,0.0001554617,-0.31567952,0.03340993,-0.36423534,-0.40497074,-0.5779338
0.27872652,0.7590632,0.60445327,0.66729414,0.80010134,0.67782325,0.7617989,0.69625765,0.0,0.024315227,-0.25142866,-0.4351859,-0.108862594,0.14075358,-0.2685599,0.04142137,-0.4581442,0.049091425,0.08462252,0.65736276,0.21095145,-0.3052493,0.097644754,-0.5370236,-0.22857186,-0.26914144,0.5031651,-0.17954123,0.42607644,0.45128042,-0.011466951,-0.13460217,-0.59024245,-0.52214265,-0.5120126,0.36593607,-0.43564594,0.4789251,0.4899187,0.34220058,-0.21112421,-0.1856099,-0.2894094,0.1430725,0.0042570187,0.111032635,-0.53285146,-0.22913355,0.2425342,0.039131884,0.17297192,0.7065226,0.51659316,0.62420744,0.71166426,0.66206145,0.68020844,0.7952102,-0.0172367,-0.4570446,-0.11238304,-0.16949722,-0.054078795,-0.089154646,-0.08121647,-0.017063478,0.27673757,-0.38162276,-0.45052698,0.01684353,0.23652242,-0.50513595,-0.056636684,-0.09481218,-0.25799173,-0.25532743,0.1541378,0.20710269,-0.13137808,0.12856658,-0.49603897,-0.6241708,-0.16935626,-0.5954783,0.25548497,-0.6407761,-0.40661132,-0.407742,-0.18739274,-0.36994693,-0.14141487,0.32912254,0.27664956,-0.37844968,-0.1365762,0.02314097,0.24888287,-0.3512463,0.03021439,-0.11461602
0.35580498,-0.21249038,0.13848737,-0.29666787,-0.2328234,0.39543146,0.02626786,-0.19643919,0.024315227,0.0,0.6417287,0.56864244,-0.028159313,0.32789588,0.3985599,-0.53931487,-0.24201581,-0.54888785,0.08753318,0.064627044,0.2891977,-0.0395802,0.16026565,0.39716855,0.6072145,0.6093206,0.32028967,0.58845514,0.3599379,0.43288663,-0.19558978,0.3404449,-0.37389424,-0.39907736,-0.28924966,0.17825097,0.1151457,0.6595527,0.49880746,0.59170485,-0.1577614,0.49721768,0.13807285,0.44222614,0.09315759,-0.07968633,-0.3456823,-0.3134377,0.1442604,0.06780001,0.3771962,-0.062302034,-0.300527,-0.3634981,0.2628686,0.39945,-0.26001543,-0.17305271,0.78147596,0.44522354,0.50390065,0.046311054,0.21090883,-0.23284355,0.23172714,0.19963068,0.44777644,-0.1466789,-0.27208444,-0.5337798,0.17516592,0.21001412,-0.1865008,0.6835722,0.39576393,0.63023937,0.44642788,0.51861584,0.024742348,0.5079065,0.2811333,-0.17802627,0.15580113,-0.16740936,0.47731033,0.21941805,0.20787308,0.4816509,0.0066901958,0.6229058,0.22313784,0.6320203,0.8283782,0.55100435,0.6325787,0.57052934,0.25708354,-0.15884514,0.05964496,0.1791064
0.21779154,-0.33016205,-0.089252256,-0.35471457,-0.38289294,0.0054785963,-0.2404488,-0.2604051,-0.25142866,0.6417287,0.0,0.8793796,0.21456361,0.48385265,0.57852864,-0.17726186,0.28974292,-0.47632122,0.31606412,-0.40377244,0.29302374,0.23444323,0.044526275,0.6714407,0.56454265,0.8428129,-0.09700293,0.50833106,0.046285465,0.18378364,-0.08849692,0.40676993,0.043480124,-0.2501172,-0.143955,-0.27742836,0.090394795,0.18470597,0.023572989,0.353953,-0.2704154,0.28042537,0.12984878,0.28926453,-0.012213533,-0.23658504,-0.2383482,-0.35941896,-0.18206441,-0.15352796,0.266605,-0.17035133,-0.28985548,-0.47621894,-0.03504477,0.05929563,-0.35568494,-0.28783798,0.65973717,0.8322306,0.7261536,0.31874323,0.4823249,0.18708512,0.43883345,0.3183535,0.08020801,0.30018282,-0.027058028,-0.51483953,0.13661423,0.36676553,-0.06661795,0.45040995,0.6444048,0.6565288,0.41707778,0.38851893,0.30483884,0.40350494,0.4427733,-0.050484773,0.34609696,0.041833118,0.12909913,0.34801334,0.14650527,0.5132212,-0.27930832,0.64351755,0.26934573,0.23246126,0.3762509,0.49583644,0.47726572,0.47421473,-0.006035319,-0.20860298,-0.23846239,-0.03012034
0.059144747,-0.44022694,-0.3104632,-0.5267804,-0.5388976,-0.159191,-0.45825464,-0.49670672,-0.4351859,0.56864244,0.8793796,0.0,0.24695088,0.33065632,0.54648596,-0.12836573,0.40280965,-0.40850127,0.23341307,-0.4579132,0.13982901,0.31402248,0.014967352,0.64951843,0.51837957,0.7248852,-0.20041189,0.39132503,-0.12789308,0.025219122,0.07425795,0.42315918,0.2115635,0.036093693,0.10906457,-0.20393199,0.27695966,0.047685087,-0.08313581,0.13126059,-0.07493299,0.20549294,0.16123359,0.2710708,0.12934934,-0.16619727,-0.019381985,-0.13909888,-0.1301467,-0.008424293,0.2536751,-0.377364,-0.3879289,-0.56974536,-0.2182253,-0.19270621,-0.54249597,-0.48383212,0.6423527,0.9038934,0.7788597,0.3694135,0.37223235,0.25333026,0.40073237,0.27685007,-0.049933605,0.38639304,0.11086568,-0.38463953,-0.001491335,0.35911193,-0.0735818,0.36045638,0.52721375,0.58683896,0.22237174,0.22650705,0.33441702,0.34666857,0.4369957,0.19852859,0.2920643,0.17975505,-0.008205342,0.43709892,0.32964215,0.46454963,-0.069714054,0.5613623,0.26696676,0.1277421,0.24813741,0.48819372,0.333876,0.45331234,-0.06424505,-0.068381175,-0.11435885,0.12737961
-0.29054064,0.20758526,-0.09679703,0.22347684,0.08497283,-0.43804172,-0.102717154,0.027257573,-0.108862594,-0.028159313,0.21456361,0.24695088,0.0,-0.109657645,-0.036824666,0.39860564,0.46140736,0.067647904,-0.0548638,-0.304969,-0.18624395,0.25401908,-0.3071671,0.079082295,-0.091020145,0.07953154,-0.53244495,-0.24091825,-0.47581944,-0.2025929,0.3556796,0.24981657,0.29806602,0.2563972,0.24635254,-0.28127342,-0.17592853,-0.081663,-0.1195991,-0.07065239,0.027298776,-0.5113184,0.1465269,-0.3514568,-0.12238947,-0.11355052,0.23417118,0.047544207,-0.4782572,-0.11974155,-0.00890564,0.17711549,0.34251428,0.22808729,-0.18509455,-0.26006603,0.11057348,0.060320333,0.11466066,0.3260953,0.2364125,0.8416165,0.6539335,0.26034608,-0.0336403,-0.07574613,-0.22224854,0.37153682,0.18320574,0.16719675,-0.1618752,0.24684249,0.08721388,-0.15051062,0.039831553,-0.050545152,-0.29566494,-0.20741808,0.27960154,0.13241437,0.15161039,0.3031179,0.38393843,0.2482053,-0.31399408,0.34758958,-0.19102591,-0.13607419,-0.119638905,0.17358333,-0.1374605,-0.11515713,-0.08434644,-0.21552692,-0.25069037,-0.22757335,-0.16205163,0.05693585,-0.40156737,-0.12643027
0.5136817,0.034139417,0.2901523,-0.06837899,0.031927794,0.38447002,0.07265972,0.15199356,0.14075358,0.32789588,0.48385265,0.33065632,-0.109657645,0.0,0.5900138,-0.04612082,0.21486926,-0.23791091,0.8246339,-0.046667077,0.73654836,0.1855247,0.37852287,0.44937685,0.36928985,0.54556054,0.3315932,0.55771524,0.46290934,0.5408923,-0.20248623,0.18232958,-0.08765213,-0.4672529,-0.23315924,-0.17867798,-0.08033723,0.24483232,0.17001988,0.52183187,-0.4114296,0.28643078,0.04043135,0.43407306,0.050283,-0.063225165,-0.41519815,-0.39827234,-0.09536065,-0.22414297,0.19867884,0.18486829,-0.17461576,-0.30954716,0.40294865,0.2905877,-0.0040386245,0.08625762,0.2911867,0.396119,0.45788616,-0.022764163,0.15849008,0.49613726,0.81458575,0.6292479,0.012027895,0.29885966,-0.026804665,-0.35501176,0.6128175,0.07129693,0.12103196,0.17173712,0.51587594,0.43831927,0.66764,0.6877456,0.22421749,0.2568858,0.25020355,-0.44996172,0.3197445,-0.14034094,0.42011058,-0.037033465,-0.118180245,0.52193004,-0.46691605,0.26073933,0.13034739,0.19808112,0.27939373,0.3068783,0.40491602,0.42981568,0.1478115,-0.2723063,-0.27415547,-0.21309353
0.27782127,-0.24142048,0.0020318974,-0.3866122,-0.34140068,0.01927644,-0.21831343,-0.12616482,-0.2685599,0.3985599,0.57852864,0.54648596,-0.036824666,0.5900138,0.0,-0.03123979,0.28717193,-0.11188375,0.4592145,-0.35306752,0.6895544,0.26204333,0.43270668,0.6432842,0.57305413,0.6085103,0.018763723,0.62644273,0.12877671,0.28879714,-0.02911735,0.2654257,0.11420712,-0.17053095,-0.002837476,-0.26710254,0.11118591,0.15497687,0.07068846,0.44964445,-0.2761565,0.43494788,0.18043022,0.34424537,-0.017129831,-0.11842754,-0.104786865,-0.23313312,-0.17457381,-0.23109466,0.19420694,-0.055418104,-0.20307785,-0.56456596,0.110328935,0.025252687,-0.19769064,-0.2007438,0.4110343,0.58643186,0.5321414,0.039145563,0.27297816,0.3524407,0.71742785,0.8366291,0.13042489,0.44963798,0.31099632,-0.14154874,0.6281221,0.40522692,0.395062,0.46528324,0.6899969,0.6637163,0.602226,0.640455,0.4173423,0.2807386,0.56099015,-0.035634547,0.53110635,0.28918383,0.289626,0.29162493,0.12669896,0.63847995,-0.14359474,0.45483539,0.44179428,0.18973641,0.20289432,0.5634538,0.49827236,0.43036276,0.057482146,0.07595561,-0.10083003,-0.08825623
-0.30340183,0.38692412,-0.021256244,0.2952103,0.31353933,-0.380771,-0.10840135,0.36385024,0.04142137,-0.53931487,-0.17726186,-0.12836573,0.39860564,-0.04612082,-0.03123979,0.0,0.58825946,0.6598901,0.06408565,-0.39985788,0.02176099,0.46174556,0.06343537,0.010815832,-0.23558342,-0.073108315,-0.557828,-0.26750278,-0.55582917,-0.108200304,0.26314133,0.079484746,0.33896303,0.24947664,0.2663965,-0.43161947,-0.4713512,-0.30126795,-0.19249094,-0.1765561,-0.29978323,-0.6490878,0.17521207,-0.45326453,-0.40451127,-0.17822737,0.1639726,-0.16072379,-0.5673532,-0.4762534,-0.16374156,0.3579471,0.56810117,0.27340117,0.024318641,-0.23741159,0.4518809,0.37115166,-0.30689493,0.07061677,-0.07007272,0.2823009,0.17206943,0.4870912,0.08730166,0.12415625,-0.53833866,0.5607503,0.5346679,0.6444705,0.07235849,0.24852854,0.5757274,-0.38134038,0.1202084,-0.15614681,-0.13657118,-0.13887016,0.2789269,-0.06863567,0.10595803,0.008985397,0.17181797,0.41378337,-0.5768922,-0.14901872,-0.4547197,-0.21164808,-0.27562657,-0.30002922,-0.08142543,-0.2691147,-0.5684601,-0.4147424,-0.33834484,-0.5711232,-0.48231995,-0.13100709,-0.4598287,-0.55906916
-0.21576732,-0.15010111,-0.31983492,-0.21045461,-0.24605912,-0.5460777,-0.5582695,-0.19030271,-0.4581442,-0.24201581,0.28974292,0.40280965,0.46140736,0.21486926,0.28717193,0.58825946,0.0,0.26423895,0.33890513,-0.6800611,0.06802353,0.6321698,0.04083923,0.47152954,0.06603494,0.32898223,-0.5884693,0.031878695,-0.5073521,-0.16968425,0.20126387,0.2749043,0.6201895,0.38682064,0.45973483,-0.5518841,-0.036602054,-0.45243242,-0.40523052,-0.20088805,-0.17222248,-0.36749244,0.25594357,-0.2108782,-0.15992038,-0.20290825,0.29820162,-0.06413281,-0.5722267,-0.3447089,-0.09492425,-0.1504776,0.035628308,-0.25970188,-0.31452897,-0.521364,-0.1732662,-0.22435,-0.013149602,0.5761329,0.33772615,0.45906737,0.2576872,0.7065463,0.4218576,0.23672707,-0.6450336,0.85487187,0.6137355,0.26469436,0.0358986,0.44239894,0.3878575,-0.221837,0.39247665,0.16995719,-0.027038474,-0.03296663,0.40678942,0.019584078,0.42194983,0.2835139,0.36238,0.5554849,-0.42530888,0.2623068,-0.068444476,0.21566904,-0.2361979,0.09434564,0.03731426,-0.34552953,-0.43263865,-0.0105415955,-0.09888288,-0.19822273,-0.4390187,-0.024711154,-0.47607484,-0.31618512
-0.452604,0.35283825,0.1865527,0.2274907,0.3342756,-0.18804498,-0.08279568,0.3420396,0.049091425,-0.54888785,-0.47632122,-0.40850127,0.067647904,-0.23791091,-0.11188375,0.6598901,0.26423895,0.0,-0.15728773,-0.1670234,-0.0069945995,0.46993724,0.36969623,-0.09438436,-0.3556301,-0.27123097,-0.3251829,-0.19816811,-0.45749646,0.02515545,0.105273224,-0.29283303,0.15522784,0.36455518,0.40594268,-0.1615452,-0.40348458,-0.20067202,0.08153891,-0.15657835,-0.18307652,-0.47407478,0.35354614,-0.5123192,-0.41730085,-0.11364768,0.31270194,-0.0195372,-0.3960761,-0.379246,-0.4799468,0.30049223,0.4192105,0.21761516,0.14124121,-0.13056067,0.43111822,0.36770564,-0.5176508,-0.27632582,-0.36064333,-0.14083236,-0.20708308,0.21433909,-0.05410762,0.0858599,-0.45707858,0.31594643,0.59428966,0.90852857,0.08718164,0.254419,0.6199315,-0.34109673,-0.091855794,-0.25099224,-0.16670643,-0.07789843,-0.03429402,-0.37029618,0.03786948,-0.006178241,-0.11928322,0.47328314,-0.38509214,-0.2495575,-0.42387938,-0.21164797,-0.0069312453,-0.3969867,-0.26807216,-0.23805293,-0.5368834,-0.44864467,-0.23307146,-0.7154467,-0.45120764,-0.031225588,-0.25031868,-0.47066474
0.40451762,0.053967256,0.15282992,-0.04333898,0.059058562,0.24641632,-0.010046347,0.09763971,0.08462252,0.08753318,0.31606412,0.23341307,-0.0548638,0.8246339,0.4592145,0.06408565,0.33890513,-0.15728773,0.0,-0.0367304,0.6295894,0.18619138,0.2944007,0.3330555,0.21142665,0.37167317,0.28937995,0.3847525,0.40858957,0.39762217,-0.06324024,0.14343609,0.086727865,-0.27354354,-0.08442088,-0.16474141,0.019468078,0.033546664,-0.019567924,0.30979106,-0.26238325,0.18924145,-0.007948522,0.44191357,0.19051227,0.047504373,-0.257794,-0.25010866,-0.08959697,-0.12966178,0.13880706,0.11809562,-0.11903865,-0.20544033,0.26350623,0.088890985,-0.03628605,0.041733757,0.15098812,0.3174551,0.39299244,0.02962409,0.07328376,0.65517586,0.80181664,0.54560494,-0.16355158,0.38036963,0.061037496,-0.23344517,0.51471543,-0.010250871,0.12903225,-0.031237282,0.36166057,0.25436637,0.5082809,0.49854213,0.23959385,0.14532045,0.16292001,-0.2866576,0.31297094,-0.10496531,0.32493594,-0.05403697,-0.02543003,0.4278639,-0.38378283,0.10181139,0.07993902,0.017758315,0.11852199,0.22403146,0.22496203,0.37595946,0.13475694,-0.2095055,-0.26003897,-0.14841388
0.24628009,0.42010605,0.3909763,0.39030004,0.49873057,0.63747936,0.65302634,0.23798203,0.65736276,0.064627044,-0.40377244,-0.4579132,-0.304969,-0.046667077,-0.35306752,-0.39985788,-0.6800611,-0.1670234,-0.0367304,0.0,-0.005348662,-0.52717054,0.015451991,-0.6894909,-0.33653012,-0.50542265,0.7635256,-0.2795148,0.55160755,0.2572565,0.03098364,-0.3619235,-0.5204527,-0.24447864,-0.31924012,0.7300324,0.07015984,0.3526267,0.37928852,0.09476067,0.31442356,0.066132225,-0.40011096,0.29443684,0.43278316,0.3738497,-0.22483502,0.26324227,0.6780895,0.55287725,0.13315499,0.25327402,0.14094819,0.48079753,0.38685593,0.45113614,0.22635956,0.3495197,-0.05733934,-0.61018366,-0.13905178,-0.30174595,-0.22164245,-0.25945666,-0.20819046,-0.13911772,0.43626785,-0.61182386,-0.58723426,-0.13004762,0.05355385,-0.733245,-0.33013397,-0.11467599,-0.58537704,-0.43561456,-0.07494691,0.046978347,-0.3567358,-0.08262276,-0.64872456,-0.22394186,-0.29147846,-0.6803514,0.47843897,-0.4393973,0.039873354,-0.4464679,0.26292592,-0.41377965,-0.114872485,0.17681278,0.3212116,-0.27030206,-0.255847,0.25807625,0.5427765,0.060571067,0.50375223,0.437342
0.53160554,0.13030449,0.362632,-0.045051858,0.09942845,0.38973233,0.16411646,0.2773249,0.21095145,0.2891977,0.29302374,0.13982901,-0.18624395,0.73654836,0.6895544,0.02176099,0.06802353,-0.0069945995,0.6295894,-0.005348662,0.0,0.10500254,0.5700033,0.36414346,0.47276524,0.42785296,0.3317134,0.5890902,0.47825912,0.5760347,-0.26811364,0.1887893,-0.23093943,-0.4821284,-0.3158929,-0.079883575,-0.16782443,0.3783901,0.35215378,0.6794721,-0.5355004,0.3524506,0.016295847,0.37052998,-0.12773076,-0.18983302,-0.46646306,-0.4716897,-0.06233334,-0.34412542,0.24327663,0.30830967,0.055553332,-0.25979012,0.48690495,0.40832865,0.17777969,0.22139724,0.2955661,0.20622268,0.32679787,-0.1576986,0.07146471,0.37145108,0.7530914,0.823752,0.19470342,0.2954604,0.17968075,-0.08279087,0.9161171,0.15202014,0.4746859,0.40162906,0.5707622,0.551496,0.80314857,0.81740403,0.17286363,0.31476924,0.3825244,-0.47661963,0.40221885,0.03491879,0.5045635,-0.1361736,-0.15070704,0.5067911,-0.26548457,0.18990499,0.33103728,0.4198562,0.33631665,0.34434137,0.47586936,0.328433,0.07517667,-0.11785187,-0.13435033,-0.29044107
-0.29098758,-0.055074476,0.04109458,-0.20199901,-0.082762875,-0.20389952,-0.4788772,-0.063223556,-0.3052493,-0.0395802,0.23444323,0.31402248,0.25401908,0.1855247,0.26204333,0.46174556,0.6321698,0.46993724,0.18619138,-0.52717054,0.10500254,0.0,0.45629698,0.5311261,-0.01339324,0.40941486,-0.3857597,0.24975878,-0.4922523,0.24078754,0.01971817,0.06645703,0.27500117,0.30139747,0.49128142,-0.42937386,-0.2834914,-0.109682485,0.08156025,0.031174019,-0.3097765,-0.34235352,0.62116605,-0.2857686,-0.35380024,-0.19787227,0.27956414,-0.22629233,-0.5987703,-0.45145857,-0.2882812,-0.0045075836,-0.023000067,-0.2878535,0.059938755,-0.19863261,-0.052607805,-0.06753746,-0.040269453,0.42811447,0.17433584,0.1040063,0.047076736,0.46414277,0.33956707,0.23384868,-0.6074281,0.61600983,0.5607507,0.3990827,0.041660808,0.6084612,0.44707882,-0.147847,0.3770609,0.18656947,0.055864345,0.21630625,0.16372605,-0.066517495,0.36321962,0.028708676,0.04124164,0.520721,-0.3345951,0.07600147,-0.2964107,0.26239127,-0.2662079,0.10822893,-0.19671313,-0.1654303,-0.26576698,-0.1031461,0.13315119,-0.35253903,-0.47506565,-0.23224276,-0.49512014,-0.45364335
0.19293085,0.043332227,0.42032608,-0.16320868,0.08477253,0.37899312,-0.0040129707,0.1443555,0.097644754,0.16026565,0.044526275,0.014967352,-0.3071671,0.37852287,0.43270668,0.06343537,0.04083923,0.36969623,0.2944007,0.015451991,0.5700033,0.45629698,0.0,0.30096442,0.1846295,0.2972644,0.2702714,0.46677276,0.16852285,0.60550123,-0.34765786,-0.14653574,-0.2594547,-0.12400306,0.020577436,0.024092652,-0.26339725,0.2968838,0.50238985,0.43771666,-0.42291752,0.10849867,0.3108209,0.026184112,-0.28331405,-0.21290724,-0.15551785,-0.30712467,-0.056161083,-0.3110998,-0.09839218,0.11868405,-0.063765086,-0.31228566,0.44901836,0.34499297,0.08393876,0.13962202,0.030167785,0.033717047,0.06161463,-0.44825342,-0.28213304,0.20067321,0.4656847,0.54710627,-0.04045879,0.21989937,0.31372935,0.2823323,0.5631207,0.2622513,0.5249155,0.19425388,0.34834796,0.30810717,0.5007378,0.6776574,-0.16323368,-0.035344627,0.248092,-0.3668909,-0.055618674,0.2069458,0.29541928,-0.30655497,-0.24442957,0.3060171,-0.076850615,-0.037177436,0.044657566,0.2532152,0.1021859,0.02595955,0.34870237,-0.048544236,-0.17580451,-0.13028343,-0.040064916,-0.30050972
0.0752689,-0.49121064,-0.068205364,-0.5028451,-0.5121013,-0.15845938,-0.48435527,-0.24588375,-0.5370236,0.39716855,0.6714407,0.64951843,0.079082295,0.44937685,0.6432842,0.010815832,0.47152954,-0.09438436,0.3330555,-0.6894909,0.36414346,0.5311261,0.30096442,0.0,0.57493013,0.8521439,-0.2714796,0.74975747,-0.07022404,0.2144281,-0.23096848,0.3046306,0.25085908,-0.07758128,0.13507551,-0.56252295,0.015485007,0.029927135,-0.004879958,0.35739636,-0.41967404,0.33098674,0.49164006,0.07024218,-0.3019737,-0.32070306,-0.008173725,-0.42329875,-0.48358235,-0.4877468,-0.052609187,-0.22949514,-0.40126646,-0.72192943,-0.05754202,-0.07067335,-0.3424726,-0.374436,0.33643168,0.7221155,0.37680444,0.085811704,0.22264059,0.23465376,0.5125164,0.39496532,-0.14563237,0.50037557,0.39732787,-0.18255949,0.23506802,0.7554395,0.23963377,0.43026164,0.8175905,0.72835165,0.5151196,0.4544103,0.307427,0.19336195,0.75572824,-0.039389722,0.34319806,0.47846988,0.059394624,0.45217422,0.022272116,0.8055424,-0.34064776,0.69528216,0.19303238,0.10349978,0.11344106,0.5246955,0.67423904,0.14724074,-0.25081533,-0.15126863,-0.44023335,-0.34064662
0.4061902,-0.42479676,-0.15078153,-0.520298,-0.5012912,0.075294815,-0.23696743,-0.2512211,-0.22857186,0.6072145,0.56454265,0.51837957,-0.091020145,0.36928985,0.57305413,-0.23558342,0.06603494,-0.3556301,0.21142665,-0.33653012,0.47276524,-0.01339324,0.1846295,0.57493013,0.0,0.6215373,0.014983641,0.63266724,0.25509742,0.15476532,-0.2717746,0.56613356,-0.071583815,-0.29789612,-0.24223259,-0.07764233,0.18313876,0.3273921,0.18294698,0.4970323,-0.39326775,0.5289327,0.047591798,0.36074755,-0.11166524,-0.36124703,-0.3397464,-0.43701845,-0.014207258,-0.23307638,0.39508665,-0.19212766,-0.28805646,-0.62320596,0.021231662,0.13604291,-0.30460984,-0.3037771,0.6982712,0.5174682,0.5020757,0.067107745,0.10758216,0.018557973,0.42511785,0.39326787,0.24302208,0.21679282,0.18813966,-0.35740718,0.3874686,0.39127854,0.17388377,0.81173533,0.6707679,0.9063486,0.6132512,0.48079345,0.18233395,0.55331516,0.6577154,-0.09127968,0.3725015,0.23418914,0.29809874,0.30077145,0.28691402,0.674344,0.018476274,0.585979,0.47230113,0.5841329,0.5142641,0.7350207,0.6785909,0.43852907,-0.08310419,-0.031799138,0.0024872767,-0.04262762
0.2821136,-0.34693232,0.0558283,-0.3823016,-0.35685512,0.0847043,-0.2780376,-0.14371455,-0.26914144,0.6093206,0.8428129,0.7248852,0.07953154,0.54556054,0.6085103,-0.073108315,0.32898223,-0.27123097,0.37167317,-0.50542265,0.42785296,0.40941486,0.2972644,0.8521439,0.6215373,0.0,-0.10646293,0.72261137,0.08547868,0.35401183,-0.32318187,0.4168783,-0.055149797,-0.33398288,-0.14987613,-0.4345962,-0.11177747,0.25783178,0.18009692,0.5292452,-0.5510179,0.2811996,0.3123798,0.1853862,-0.2997037,-0.38706782,-0.31831405,-0.5838389,-0.3497593,-0.4534816,0.17466673,-0.1036332,-0.3212579,-0.6012695,0.12865025,0.18337508,-0.25976795,-0.23290466,0.55083936,0.74951774,0.5312285,0.14666292,0.2896748,0.18807694,0.5127008,0.39798266,0.0035647317,0.38036516,0.14106989,-0.37056187,0.2890734,0.5785313,0.12811913,0.50892174,0.8211959,0.77207506,0.61272377,0.5735709,0.25415453,0.41063666,0.6125462,-0.2689471,0.28934172,0.21243681,0.16112682,0.24837807,-0.051590845,0.6925315,-0.42170128,0.6592111,0.23942159,0.3325277,0.36102408,0.47608128,0.682174,0.2897983,-0.18159059,-0.3436172,-0.39578858,-0.31236884
0.5128017,0.1776447,0.38906154,0.07501707,0.24232206,0.7935019,0.49132603,0.119098246,0.5031651,0.32028967,-0.09700293,-0.20041189,-0.53244495,0.3315932,0.018763723,-0.557828,-0.5884693,-0.3251829,0.28937995,0.7635256,0.3317134,-0.3857597,0.2702714,-0.2714796,0.014983641,-0.10646293,0.0,0.19206986,0.78821373,0.53736997,-0.19215341,-0.16570772,-0.55507255,-0.46289745,-0.39535367,0.57039696,0.12516567,0.49063626,0.46203244,0.37365335,0.09996737,0.4170842,-0.25912222,0.5875177,0.41199666,0.34088436,-0.39562705,0.023089029,0.63044375,0.4095453,0.26154357,0.12596932,-0.15706754,0.072920844,0.5143087,0.54291177,0.03153789,0.16771297,0.1570917,-0.32320967,0.01887038,-0.47951087,-0.33055228,-0.14972146,0.17247982,0.15656231,0.47660908,-0.47385076,-0.54014206,-0.36343455,0.30699193,-0.52995956,-0.26143816,0.1406193,-0.18340518,-0.052217975,0.32118118,0.43154195,-0.25791273,0.1236205,-0.37344748,-0.39871287,-0.19717436,-0.64963293,0.6963479,-0.36711916,0.11660306,0.018072305,0.09131692,-0.14108682,0.081782274,0.34781158,0.523026,0.113988124,0.16898437,0.53485274,0.60554093,-0.08140972,0.409194,0.35440534
0.3199283,-0.30330917,0.22858517,-0.3662515,-0.27883482,0.2876308,-0.14564472,-0.02304248,-0.17954123,0.58845514,0.50833106,0.39132503,-0.24091825,0.55771524,0.62644273,-0.26750278,0.031878695,-0.19816811,0.3847525,-0.2795148,0.5890902,0.24975878,0.46677276,0.74975747,0.63266724,0.72261137,0.19206986,0.0,0.35143018,0.54857594,-0.39043027,0.26043344,-0.1474095,-0.4199058,-0.13195676,-0.2638913,-0.03120038,0.43118754,0.38234407,0.6940854,-0.46128464,0.6156122,0.4505598,0.3575899,-0.21902135,-0.13219695,-0.25681302,-0.53829354,-0.24103595,-0.38630173,0.065630965,0.0023318771,-0.37828147,-0.5997116,0.34909612,0.3089864,-0.15797651,-0.1519187,0.40802774,0.4167811,0.21926399,-0.22480386,0.04074059,-0.00035683822,0.5332164,0.47934458,0.18852381,0.15542161,0.124488555,-0.31603178,0.4537284,0.54057,0.18346493,0.59855497,0.7042275,0.7341068,0.7314908,0.73706573,0.14645731,0.32317728,0.5874527,-0.34735763,0.24341872,0.16651264,0.4239341,0.2454926,-0.0075771147,0.8803803,-0.31928444,0.67939323,0.1984137,0.41839874,0.48587552,0.65108615,0.9069283,0.35299352,0.069826655,-0.25443125,-0.2820525,-0.26701513
0.64753836,0.059521142,0.3812581,0.07726534,0.14713705,0.6794862,0.49661475,0.17927824,0.42607644,0.3599379,0.046285465,-0.12789308,-0.47581944,0.46290934,0.12877671,-0.55582917,-0.5073521,-0.45749646,0.40858957,0.55160755,0.47825912,-0.4922523,0.16852285,-0.07022404,0.25509742,0.08547868,0.78821373,0.35143018,0.0,0.4293036,-0.3610511,-0.035565488,-0.47677758,-0.6333336,-0.56968695,0.35722503,0.11748159,0.4363673,0.33884493,0.5118711,-0.115643196,0.5569928,-0.3284659,0.55995494,0.24430056,0.09319396,-0.55517757,-0.18530504,0.47389627,0.17585775,0.26514122,0.15866247,-0.17979667,-0.029249405,0.43615252,0.59435827,0.047115557,0.1422431,0.21975853,-0.22890551,0.070143595,-0.34705713,-0.14714561,-0.12916104,0.25624177,0.21687022,0.53853065,-0.36988527,-0.45817178,-0.53059983,0.44764304,-0.36472997,-0.2354509,0.33995095,0.081363715,0.20457976,0.5587285,0.49451298,-0.17086862,0.1867602,-0.08928017,-0.4936421,0.03233868,-0.525841,0.79197484,-0.204286,0.1035602,0.25008714,-0.065534964,0.09540484,0.16149485,0.4026357,0.55609286,0.28472322,0.35575804,0.5514086,0.49539587,-0.075539626,0.2506975,0.17277509
0.369689,0.3366239,0.63167363,0.13003375,0.37581322,0.710731,0.30446985,0.37631634,0.45128042,0.43288663,0.18378364,0.025219122,-0.2025929,0.5408923,0.28879714,-0.108200304,-0.16968425,0.02515545,0.39762217,0.2572565,0.5760347,0.24078754,0.60550123,0.2144281,0.15476532,0.35401183,0.53736997,0.54857594,0.4293036,0.0,-0.23405185,0.043219946,-0.54274553,-0.52786344,-0.2625372,0.05959843,-0.40931717,0.6932713,0.73806936,0.7213484,-0.44602075,0.17248161,0.29763314,0.3348055,-0.14052226,0.05867034,-0.43009254,-0.48479965,-0.060735658,-0.22787926,0.1222622,0.44502634,0.07977561,-0.012488452,0.8217074,0.64782596,0.29457688,0.37913162,0.24734923,0.046235923,0.09659542,-0.31128716,-0.07342499,0.083046585,0.4315935,0.4077308,0.163138,-0.0319455,-0.16576993,-0.06984295,0.4902134,0.10867073,0.1862921,0.19229576,0.28769225,0.26266697,0.5515031,0.7914018,-0.04765369,0.3153712,0.01976099,-0.65523505,-0.019401394,-0.26051793,0.44756818,-0.3508533,-0.38836506,0.30754006,-0.37747884,0.11202814,-0.03935194,0.4692986,0.5056684,0.07238377,0.46122426,0.21524645,0.1932499,-0.46858624,-0.23332585,-0.28052998
-0.3987916,0.26340747,-0.21068312,0.15788905,0.13833515,-0.25838447,-0.06916558,-0.052364387,-0.011466951,-0.19558978,-0.08849692,0.07425795,0.3556796,-0.20248623,-0.02911735,0.26314133,0.20126387,0.105273224,-0.06324024,0.03098364,-0.26811364,0.01971817,-0.34765786,-0.23096848,-0.2717746,-0.32318187,-0.19215341,-0.39043027,-0.3610511,-0.23405185,0.0,-0.04385316,0.3876407,0.4203257,0.4305577,0.11704467,0.23286046,-0.15347888,-0.23446585,-0.36394757,0.5004195,-0.29240626,0.015180302,0.10647895,0.45256376,0.4728176,0.4473244,0.47613075,-0.022919824,0.38782334,0.029430876,0.0892387,0.27885848,0.30503744,-0.12842712,-0.4119429,0.05225425,0.06319331,-0.019422442,0.10420776,0.19047849,0.3290816,0.30523917,0.21374363,-0.029057076,-0.024540711,-0.14633952,0.17880756,0.079159886,0.21917087,-0.23142286,-0.16051024,-0.0060014483,-0.3261095,-0.2933859,-0.3580417,-0.4537164,-0.34437224,0.45093206,-0.038679473,-0.22494063,0.48389405,0.2365219,0.051778898,-0.31500328,0.20914817,0.17994064,-0.31771788,0.1782459,-0.12062501,0.0078478865,-0.3539876,-0.2338919,-0.07724972,-0.4736297,0.07720197,0.24127208,0.21659642,0.03256118,0.29900068
0.3838261,-0.17677402,-0.3579111,-0.29226524,-0.29499438,-0.11967831,-0.22417827,-0.18748212,-0.13460217,0.3404449,0.40676993,0.42315918,0.24981657,0.18232958,0.2654257,0.079484746,0.2749043,-0.29283303,0.14343609,-0.3619235,0.1887893,0.06645703,-0.14653574,0.3046306,0.56613356,0.4168783,-0.16570772,0.26043344,-0.035565488,0.043219946,-0.04385316,0.0,-0.021875102,-0.19535044,-0.20319514,-0.18597749,-0.04806024,0.24766003,0.043870777,0.2495955,-0.30865312,0.05483247,-0.04613864,0.23236732,-0.10876683,-0.21260247,-0.309763,-0.3759005,-0.112979464,-0.17657562,0.67514473,-0.107832305,0.07963812,-0.24041796,-0.06978893,-0.042498756,-0.15582041,-0.19175033,0.6278312,0.52658504,0.4060004,0.40298885,0.22194558,0.14173426,0.24788454,0.15272526,0.043762837,0.306906,0.07152763,-0.23065472,0.13672298,0.22782879,0.15345961,0.41145256,0.46327552,0.50818664,0.23085038,0.21078537,0.23346546,0.7980936,0.3680209,0.010969842,0.30722466,0.11768753,-0.053182114,0.1348025,0.09486893,0.26601282,-0.12126625,0.2842157,0.48794502,0.4829558,0.3427842,0.39525923,0.26669887,0.26764616,-0.11684394,-0.11124881,-0.121688694,-0.07843227
-0.3693117,-0.2834532,-0.44524992,-0.2227834,-0.3848255,-0.6632233,-0.52945936,-0.3221856,-0.59024245,-0.37389424,0.043480124,0.2115635,0.29806602,-0.08765213,0.11420712,0.33896303,0.6201895,0.15522784,0.086727865,-0.5204527,-0.23093943,0.27500117,-0.2594547,0.25085908,-0.071583815,-0.055149797,-0.55507255,-0.1474095,-0.47677758,-0.54274553,0.3876407,-0.021875102,0.0,0.61340445,0.64728004,-0.37348944,0.3439016,-0.640345,-0.66850245,-0.50350034,0.31655455,-0.15355569,0.2016245,-0.19966352,0.14797854,0.09956741,0.66119987,0.38679376,-0.32980564,0.01832079,-0.2822923,-0.31291768,-0.16524945,-0.21580507,-0.5661439,-0.7520311,-0.29317245,-0.37701088,-0.22571653,0.28590006,0.09202711,0.35401717,0.22087316,0.38496312,0.13291308,0.020078609,-0.46764222,0.48882425,0.46378565,0.19678684,-0.23848785,0.2739919,0.07730776,-0.29257575,0.030880315,-0.093994886,-0.3296701,-0.4027294,0.40397638,-0.29228556,0.2588774,0.63260615,0.32312715,0.5232209,-0.38377562,0.57632387,0.22538023,0.1054768,0.060591016,0.122096926,-0.05920676,-0.64384323,-0.5614417,0.08262131,-0.23830526,-0.15993808,-0.1408975,0.34157693,-0.16005094,0.047462597
-0.6356843,-0.21903323,-0.452313,-0.25061715,-0.28813848,-0.61316204,-0.5511474,-0.4778762,-0.52214265,-0.39907736,-0.2501172,0.036093693,0.2563972,-0.4672529,-0.17053095,0.24947664,0.38682064,0.36455518,-0.27354354,-0.24447864,-0.4821284,0.30139747,-0.12400306,-0.07758128,-0.29789612,-0.33398288,-0.46289745,-0.4199058,-0.6333336,-0.52786344,0.4203257,-0.19535044,0.61340445,0.0,0.81537664,0.052020337,0.37838665,-0.57026434,-0.40430313,-0.684024,0.5101236,-0.34030828,0.19588318,-0.34161198,0.1911527,0.10853825,0.8194065,0.6013984,-0.07851976,0.26752827,-0.355191,-0.43641222,-0.11036106,-0.078187644,-0.591427,-0.74797416,-0.35289675,-0.40246323,-0.27768853,0.038751703,-0.015073124,0.20704336,-0.096053496,0.20652942,-0.15328129,-0.19448045,-0.5012915,0.31034586,0.4863519,0.49254698,-0.42925653,0.113567814,0.10422969,-0.37209126,-0.33924618,-0.322632,-0.63779014,-0.5447671,0.006936381,-0.4314635,0.011053786,0.773743,-0.06071968,0.5083522,-0.47026727,0.30540726,0.3060917,-0.21773437,0.490213,-0.20231141,-0.1981646,-0.53713983,-0.5350807,-0.17879292,-0.4627862,-0.34651855,-0.27442428,0.41086313,0.14586139,0.27022067
-0.6228194,-0.17495148,-0.2578248,-0.23710947,-0.23215513,-0.48107952,-0.5868189,-0.36605504,-0.5120126,-0.28924966,-0.143955,0.10906457,0.24635254,-0.23315924,-0.002837476,0.2663965,0.45973483,0.40594268,-0.08442088,-0.31924012,-0.3158929,0.49128142,0.020577436,0.13507551,-0.24223259,-0.14987613,-0.39535367,-0.13195676,-0.56968695,-0.2625372,0.4305577,-0.20319514,0.64728004,0.81537664,0.0,-0.09805066,0.28806856,-0.41661003,-0.26802668,-0.46849555,0.3982614,-0.2446522,0.48151895,-0.22547251,0.1516695,0.21699677,0.8564628,0.45317316,-0.2832368,0.12146233,-0.44213152,-0.29079688,-0.15503348,-0.15302338,-0.3601519,-0.6611689,-0.2803005,-0.32599327,-0.25813463,0.1501535,-0.03540139,0.11447354,-0.033238932,0.2824172,0.05830228,-0.061083578,-0.57545334,0.37669715,0.5043786,0.46360976,-0.32125416,0.30563343,0.15042457,-0.36339232,-0.1868283,-0.21515314,-0.4784932,-0.31989446,0.12731987,-0.38731343,0.11635725,0.63055587,0.015511802,0.5367146,-0.403435,0.37158,0.17525987,0.031008152,0.26129875,-0.016555639,-0.30673194,-0.53725994,-0.4425872,-0.059254386,-0.23059168,-0.31027594,-0.20101428,0.25684828,-0.10318338,0.10095405
