0,1,2,3,4,5,6,7,8,9,10,11,12,13,14,15,16,17,18,19,20,21,22,23,24,25,26,27,28,29,30,31,32,33,34,35,36,37,38,39,40,41,42,43,44,45,46,47,48,49,50,51,52,53,54,55,56,57,58,59,60,61,62,63,64,65,66,67,68,69,70,71,72,73,74,75,76,77,78,79,80,81,82,83,84,85,86,87,88,89,90,91,92,93,94,95,96,97,98,99
0.0,0.07017982006072998,-0.03552159294486046,0.007500980515033007,-0.018059980124235157,-0.03215548023581505,-0.008729350753128529,-0.019496167078614235,-0.011158032342791556,-0.06404534727334976,-0.03295104205608368,0.05195655673742294,-0.010597733780741692,-0.010379014536738396,-0.06301294267177582,-0.02105529047548771,-0.001998024759814143,0.015650618821382523,0.01460364181548357,0.03650833666324616,0.0002688096428755671,-0.05139708146452904,-0.03230198845267296,-0.05232169106602669,0.018247462809085842,0.04728640243411064,-0.02150091901421547,0.06643800437450409,0.02408268675208092,-0.10860874503850936,-0.02091604843735695,0.027637192979454998,0.03676575422286987,0.031057216227054596,0.008406396955251692,-0.018741341307759285,0.09461860358715056,-0.016213495284318924,-0.020841406658291817,0.01594117097556591,-0.016528358682990074,0.03235796466469765,0.04304571822285652,0.01595034822821617,-0.022534828633069992,-0.012968058697879314,0.0204965453594923,-0.12245430797338484,-0.07500617206096649,-0.027612483128905296,-0.012481589801609516,-0.002149258507415652,0.028504913672804832,-0.08720467239618301,-0.02894109673798084,0.11103782802820204,-0.044969361275434494,-0.02976761758327484,0.01026285532861948,0.05266477540135384,-0.023640064522624012,-0.005325621459633112,-0.030027212575078007,-0.054784446954727166,-0.030323116108775135,0.03006012924015522,0.035459503531455994,-0.003490128787234425,-0.004877618048340081,-0.051399864256381995,0.016249489039182663,0.003153376281261444,-0.103482648730278,0.0258144736289978,-0.06393207609653473,-0.05152248591184616,-0.02472362108528614,0.09558972716331482,-0.03247837722301483,0.013982407748699188,-0.028057344257831573,-0.011447630822658539,-7.304792575268949e-07,0.04534902796149254,-0.014677305705845356,-0.03699525073170662,-0.09757130593061449,-0.014952276833355427,-0.025555208325386047,-0.02332582883536816,-0.08587218821048737,0.04012889415025711,1.769457412592601e-05,-0.02683909796178341,-0.04595310613512993,-0.010131426155567167,0.0012692644959315655,0.08031820505857468,0.009074829518795012,-0.01979959197342396
0.07017982006072998,0.0,-0.040445562452077866,-0.042270369827747345,0.07741127163171768,-0.09737970679998396,-0.11128750443458556,0.05475646629929543,0.078624427318573,0.025008797645568848,-0.051735546439886086,-0.0384962260723114,-0.00267042126506567,0.041093550622463226,-0.01561102271080017,0.0959332138299942,0.049585819244384766,-0.022850435227155685,-0.023859379813075066,-0.053584720939397805,-0.01843063347041607,-0.008554857224225998,-0.06749466061592102,-0.0345834419131279,-0.0033360845409333706,-0.05853429064154625,0.014502803795039652,-0.018124954774975777,-0.029151640832424164,-0.002828055527061224,-0.07253755629062653,-0.03471788763999939,-0.11185215413570404,-0.0702994167804718,-0.03014480695128441,0.019339626654982567,0.0371600054204464,0.0004059618804603815,0.019349772483110428,-0.03874979540705681,-0.03424493223428726,0.020545026287436485,-0.07027930021286011,0.002483434742316604,-0.029599277302622795,0.004925193730741739,0.05124269798398018,0.09174269437789918,0.06245951354503632,-0.016769511625170708,0.04406452178955078,0.19649310410022733,0.05441393330693245,3.829578054137528e-05,0.0245073065161705,-0.05738532543182373,-0.03222983703017235,-0.031442806124687195,0.009635232388973234,-9.60077522904612e-06,0.02833396941423416,-0.05858943238854408,-0.010778946802020071,-0.05960146337747574,0.0333380401134491,7.690338861721102e-06,0.013267569243907928,-0.03523700684309006,-8.967809662863145e-06,-0.02751859463751316,0.00011635689588729292,-0.050450459122657776,0.05458938330411911,-0.08179464936256409,0.025605589151382446,-0.04842230677604675,0.03723425790667534,0.014320562593638895,0.026745785027742382,-0.030972963199019432,0.04014971852302551,-0.01683969981968403,0.033489737659692764,-0.030267817899584767,-0.10257305949926376,-0.037473149597644806,-0.04054194316267967,0.00014604534953832626,-0.07684399187564851,-0.01331397145986557,0.0021989287342876196,-1.907556361402385e-05,0.061370093375444405,-0.03390884771943092,0.04187164828181266,0.044890131801366806,-0.11551231145858765,-0.020884009078145027,-0.03344130143523216,-0.022709773853421208
-0.03552159294486046,-0.040445562452077866,0.0,-0.016713446006178856,-0.003830989822745323,-0.030077742412686348,0.03219785913825035,0.0697731003165245,-0.08780091255903245,0.001109812525101006,0.05549720302224159,-0.05228500440716744,0.043881382793188095,-0.06155412644147873,-0.09609174728393553,-0.0227180328220129,-0.0571591816842556,-0.01655743643641472,-0.02045353874564171,-0.02445085719227791,0.017473438754677773,0.016628755256533623,-0.044710807502269745,0.0662228986620903,0.048175036907196045,-0.01774313487112522,-0.06436960399150848,0.0007035826565697789,0.02234889939427376,0.021617643535137177,0.04597747325897217,0.01806453987956047,-0.03502606600522995,0.06323256343603134,-0.028993012383580208,-0.037051036953926086,0.0853060707449913,-0.11850473284721375,-0.044104661792516715,0.009714115411043169,-0.0005021406104788184,-0.00875493697822094,-0.03650379553437233,0.03945588693022728,-0.051766663789749146,-0.020609691739082336,-0.005946002434939145,-0.06342338770627975,0.017171472311019897,0.012400059960782528,0.027307149022817608,0.0780652016401291,-0.005060649942606688,-0.0322834849357605,-0.0071229012683033935,0.06593659520149231,-0.004554362036287785,0.035281922668218606,-0.08457745611667633,-0.021205002442002296,-0.02156653441488743,-0.03123658150434494,-0.06053932756185532,0.013480273075401781,0.07656092941761018,0.02743852697312832,-0.004318102728575468,0.001158018596470356,-0.02350703068077564,-0.031151670962572094,0.010113384574651718,-0.01325533166527748,0.004538130480796099,0.028957465663552284,-0.036048028618097305,-0.03281398490071297,-0.02096722461283207,-0.03535771369934082,0.07024478167295456,-0.05096029117703438,-0.0161462165415287,-0.04218569025397301,0.026926143094897274,-0.0652690976858139,-0.002757948124781251,-0.03764214366674423,-0.01071579847484827,0.04264530166983605,0.00557475397363305,-0.013864449225366116,-0.04433658346533775,-0.04721181467175484,-0.005097236018627882,-0.03404688835144043,0.03348661586642265,-0.07868532091379164,0.049424082040786736,0.02571853250265121,-0.01987798511981964,-0.08655623346567155
0.007500980515033007,-0.042270369827747345,-0.016713446006178856,0.0,-0.041978318244218826,-0.014748699963092804,-0.03892907127737999,-0.007635117042809725,0.0014841896481812,0.02493576891720295,-0.0022804790642112494,0.015843722969293594,-0.03844314813613892,-0.02769343927502632,-0.08210462331771849,-0.00511800404638052,-0.020618386566638943,-0.013044090010225773,0.04954752698540688,0.05146743357181549,-0.04070071503520012,0.02270134538412094,-0.01025573443621397,-0.02623308077454567,-0.037257060408592224,0.006471988279372454,0.12683434784412384,-0.05076692998409271,-0.02182556502521038,-0.026284577324986454,-0.01367051713168621,-0.08043082058429718,0.010868013836443424,-0.011997115798294544,-0.0662841871380806,-0.026227496564388275,0.05655786395072937,-0.07128703594207764,-0.004785479512065649,0.008815609849989414,-0.018976209685206413,-0.05138896778225899,-0.0124391233548522,-0.009088276885449886,0.01847677119076252,-0.017958365380764008,-0.028354983776807785,-0.021377600729465485,-0.01758611388504505,-0.025727689266204837,0.002583431778475642,0.017724832519888874,0.013438329100608824,0.12588368356227875,0.04661469906568527,-0.0010118441423401237,0.044421911239624016,-0.04363183304667473,0.027248708531260487,0.058204397559165955,-0.020782861858606335,-0.02684849128127098,-0.034651197493076324,-0.046719931066036224,0.007774794939905405,-0.013288332149386404,-0.030209485441446304,-0.03436093404889107,0.050624992698431015,-0.061240855604410165,0.030520182102918625,0.044697739183902734,-0.0016967070987448096,-0.04785456508398056,-0.043282151222229,2.8864878913736906e-05,-0.02115785703063011,-0.03453714773058891,0.0280569177120924,-0.07926001399755478,-0.00665327301248908,0.059171389788389206,-0.04894810914993286,-0.02050534449517727,0.0162825807929039,-0.0365360714495182,0.02220909856259823,-0.038239765912294395,-0.054929982870817184,-0.020089965313673016,0.0054407077841460705,-0.023280566558241844,-0.00458616903051734,0.03197159245610237,-0.06328308582305908,0.04434693604707718,0.07892697304487228,-0.08956059068441392,0.003224602900445461,-0.03328077867627144
-0.018059980124235157,0.07741127163171768,-0.003830989822745323,-0.041978318244218826,0.0,0.00277279713191092,0.0068646776489913455,-0.020751655101776123,-0.0384833849966526,-0.020875615999102592,-0.002388526685535908,-0.01337140705436468,-0.02724822796881199,-0.04158106818795204,0.012371879070997238,-0.058533646166324615,-0.032193467020988464,0.017230693250894547,-0.006497875787317753,0.006297956686466932,-0.007479086983948947,0.04813274741172791,-0.003285844111815095,-0.008009062148630619,-0.006880541332066059,-0.00202547712251544,-0.00888640433549881,-0.03175151348114014,-0.02177607826888561,-0.01958049647510052,0.03151482343673706,-0.006579924840480089,0.01073582749813795,0.010331062600016592,-0.04316524043679237,-0.016569361090660095,-0.012309831567108631,-0.02112190052866936,-0.009391799569129946,-0.014657412655651568,-0.005096810404211283,-0.026165779680013657,0.02591882646083832,-0.016899531707167625,0.013321414589881895,0.0008588547352701426,-0.048036441206932075,-0.04095859453082085,-0.020758440718054768,-0.017232900485396385,-0.04119190573692322,-0.044220857322216034,-0.027049580588936806,0.015752362087368965,0.013856942765414715,-0.009884068742394447,-0.016404923051595688,-0.00016625475836917755,-0.01786167547106743,-0.009210728108882904,-0.01828103139996529,0.0004971754387952387,-0.019605230540037155,0.0049005700275301925,-0.0206118356436491,-0.022321021184325215,-0.0011323761427775023,0.011014859192073343,-0.03615665808320045,-0.00037305947626009583,-0.028541602194309235,0.02973072975873947,-0.04615980759263039,0.0013735508546233175,-0.02544722333550453,0.03794523701071739,0.002243623603135348,-0.03498980775475502,-0.003420744091272354,-0.04151937738060951,-0.03822607174515724,0.011464793235063553,-0.02253051847219467,-0.027595413848757744,0.03663217648863792,-0.0004018337931483984,-0.014920690096914768,0.016069334000349045,-0.012955520302057266,0.01044164691120386,0.002678127260878682,0.004588907118886709,-0.032737597823143005,-0.01725117303431034,-0.05714818090200424,-0.010560348629951475,0.021945511922240257,-0.016820713877677917,-0.01097993552684784,-0.0006121854530647397
-0.03215548023581505,-0.09737970679998396,-0.030077742412686348,-0.014748699963092804,0.00277279713191092,0.0,-0.03665919974446297,0.06460364907979965,0.1406129151582718,-0.0905015915632248,-0.03966272622346879,-0.005158560816198587,-0.1030852124094963,-0.05963512510061264,0.029745660722255703,0.026115143671631813,0.02394786477088928,-0.04183698445558548,0.00011464389535831288,0.032616447657346725,0.045380689203739166,0.028995433822274208,-0.06055153161287308,-0.030849760398268696,0.08124715834856033,-0.007258114404976368,-0.07078763097524643,0.03307704254984856,0.011970987543463705,-0.00034658872755244374,0.014658994041383266,-0.03181547671556473,-0.06610435247421265,-0.043516028672456734,-0.011903715319931509,0.004626657348126173,-0.03108455240726471,-0.021197473630309105,-0.0034337625838816166,0.004997655283659697,-0.018559414893388748,-0.0761483758687973,0.019770709797739983,-0.008989539928734303,-0.014594122767448424,-0.12139097601175308,0.0463855154812336,-0.029987480491399765,-0.025159481912851334,0.017581509426236153,0.0490344725549221,-0.09144683182239532,0.03312729299068451,0.058123938739299774,0.07518938928842545,0.12655659019947052,-0.03832453489303589,-0.027326151728630062,0.03201983496546745,-0.06463725864887238,0.028951594606041908,-0.019340479746460915,0.007835153490304947,-0.008609308861196041,-0.0005656840512529016,0.04399043694138527,0.04016275703907013,-0.052086576819419854,-0.03721132501959801,-0.059097234159708016,-0.03934793174266815,-0.025951718911528587,0.08129701763391495,-0.05019380524754524,-0.07687531411647795,0.05452290177345276,-0.013996248133480549,-0.08059878647327422,-2.9501805329346095e-05,0.036069352179765694,0.01369435340166092,-0.057984966784715646,-0.011347553692758083,0.027280913665890694,-0.07283856719732285,-0.03801535069942474,-0.019483424723148342,-0.016359519213438034,-0.04224608466029167,0.07349444925785063,-0.0116062480956316,1.671360405453015e-05,0.006492353044450283,-0.0017241666791960597,0.021984525024890896,0.07893692702054977,-0.013736225664615633,0.02977450005710125,0.021035192534327507,-0.06880705058574677
-0.008729350753128529,-0.11128750443458556,0.03219785913825035,-0.03892907127737999,0.0068646776489913455,-0.03665919974446297,0.0,0.02394362166523933,-0.042509306222200394,0.01896159164607525,-0.03551173955202103,-0.02602593600749969,-0.07570861279964447,0.06089963763952255,0.06941907107830048,-0.06920664757490158,-0.03820369020104408,-0.030248923227190968,0.009091520681977272,0.01086681429296732,-0.017831463366746902,0.011595217511057852,-0.07291650027036665,-0.03429015353322029,0.009420028887689112,-0.054294414818286896,-0.030293740332126617,-0.032383814454078674,-0.09187783300876616,0.031245423480868336,-0.013708164915442467,-0.006384335923939943,-0.04471079632639885,-0.009953038766980173,-0.031764283776283264,0.0024345496203750368,-0.008871699683368206,-0.014976428821682928,0.010228414088487623,-0.039956875145435326,0.013929872773587704,-0.029348198324441906,0.035883475095033646,-0.06468027085065842,-0.01127785537391901,0.08874696493148804,-0.0013744806637987494,0.04860163480043411,-0.028640946373343468,-0.0023965989239513874,0.014538620598614216,0.06506460160017014,0.014673037454485892,-0.01861538551747799,0.03023090027272701,0.0008123400621116161,0.026211654767394062,-0.03801042959094048,0.03769614920020104,0.03221183270215988,0.010333238169550896,-0.03344562277197838,-0.03474466875195503,-0.05003824457526207,-0.014739369973540306,-0.03755460307002068,0.019687147811055183,0.04993535578250885,0.054867222905159,-0.016360433772206306,0.030793091282248497,-0.026738181710243225,-0.09278471767902374,-0.04047681391239166,0.014393750578165054,0.007311206776648758,0.003494726726785302,0.0394006222486496,-0.08462271094322205,0.06537307053804398,0.0018682387890294196,-0.03584611788392067,-0.08157700300216675,0.0071154008619487286,-0.08661225438117982,-0.057436875998973846,-0.03560468181967735,-0.0012225589016452432,0.021583810448646545,-0.01594993472099304,0.079518623650074,0.03049648366868496,0.02614121325314045,-0.030412545427680012,-0.034836143255233765,0.05214988067746162,0.029623325914144516,-0.05761139839887619,0.05065211281180382,-0.05844086036086082
-0.019496167078614235,0.05475646629929543,0.0697731003165245,-0.007635117042809725,-0.020751655101776123,0.06460364907979965,0.02394362166523933,0.0,0.001010235515423119,-0.04274449869990349,-0.012250129133462904,0.05371972918510437,0.01269480027258396,0.02923808805644512,-0.02040061540901661,-0.08007489889860153,0.006786744110286236,-0.0007743098540231586,-0.020742330700159073,0.007405955344438554,-0.04327929392457008,-0.021487705409526825,0.003618737915530801,-0.03835190087556839,-0.032051991671323776,-0.05280621349811553,-0.02433125488460064,-0.047203946858644485,-0.029087793081998825,-0.01477605663239956,0.06572647392749785,-0.027216298505663872,-0.0006171861896291375,-0.011832373216748236,0.06438316404819489,-0.032973650842905045,-0.02829122543334961,0.08656106889247894,0.00896451622247696,-0.0692962035536766,-0.021507276222109795,0.006624030414968729,0.010548315942287443,-0.04198277369141579,-0.040746118873357766,0.04466119408607482,-0.06637044250965118,-0.01577841304242611,-0.01905521191656589,0.019722040742635727,0.05007345974445343,-0.04267771542072296,-0.02316833287477493,-0.03609537333250046,-0.014532232657074928,-0.03703364357352257,0.045109786093235016,-0.05011293664574623,0.03620756790041924,-0.027582654729485512,0.0027411726769059896,0.041682008653879166,0.007121006026864052,-0.056968070566654205,-0.06374730914831161,0.0875154584646225,-0.08112650364637376,-0.035036686807870865,-0.014514250680804253,0.0349048413336277,0.021072689443826675,-0.012844402343034744,-0.004969211295247078,0.04074373096227646,0.010818361304700375,-0.007298824843019246,-0.036675333976745605,-0.07446970790624617,-0.13087502121925354,-0.05018704757094383,0.00931747630238533,0.0010513467714190483,-0.06992807239294052,-0.04136861115694047,0.1112096831202507,0.03423527255654335,-0.04779639095067978,-0.021625390276312828,-0.0033157677389681335,-0.07290819287300108,-0.005077900364995003,-0.09526705741882323,-0.03182937204837799,0.01780417002737522,0.007612456101924181,0.02369637042284012,-0.020505715161561962,0.017985515296459198,-0.03799981251358986,0.06085024774074554
-0.011158032342791556,0.078624427318573,-0.08780091255903245,0.0014841896481812,-0.0384833849966526,0.1406129151582718,-0.042509306222200394,0.001010235515423119,0.0,0.05872718244791031,0.02509074658155441,-0.03606313839554787,0.07012694329023361,-0.03976224735379219,0.02821016311645508,-0.0323195718228817,-0.07339145243167877,-0.04199575260281562,-0.03294851630926132,0.015670165419578552,-0.03740653768181801,-0.005652029998600482,-0.00014751484559383243,-0.004931879695504904,-0.03240497037768364,-0.0580071248114109,-0.03565395995974541,-0.09371774643659592,-0.05575861036777496,0.012038509361445904,-0.12875983119010925,-0.05792795866727829,0.02790269069373608,0.08033009618520735,-0.017915336415171623,0.027088893577456474,0.04274407774209976,0.0005795944016426802,-0.03776445239782333,0.015715807676315308,0.014694103971123695,0.030715325847268105,-0.0969431698322296,-0.0014105425216257572,0.0347861722111702,-0.04554537683725357,0.015260732732713223,-0.014280947856605051,-0.03458082303404808,-0.047976315021514886,-0.09587762504816057,0.03641385957598686,-0.023963721469044685,-0.04994829371571541,-0.030705079436302185,0.017748834565281868,0.008983740583062172,-0.017901407554745674,-0.06115079671144485,0.042841825634241104,-0.00867850985378027,0.03068292699754238,-0.03174266591668129,0.02710268460214138,0.03886211663484573,-0.13237997889518735,-0.0423591285943985,0.0526440367102623,-0.01941985450685024,3.971855767304078e-05,-0.06823156774044037,0.03130649775266647,0.01972656510770321,0.011390917934477328,0.08740928769111633,0.02094815857708454,-0.0036317920312285423,0.015083842910826206,5.245800275588408e-05,0.08911683410406113,-0.06703399121761322,0.030189506709575653,-0.029797255992889404,-0.058445055037736886,-0.04532233253121376,-0.039623089134693146,0.0007435748702846467,0.023271128535270687,-0.01445274706929922,-0.06142756715416908,0.009061301127076149,0.01884995587170124,-0.026715146377682682,0.051915135234594345,-0.039436038583517075,-0.048976529389619834,0.12231487035751341,-3.181879583280533e-05,0.020689575001597404,-0.05023206770420074
-0.06404534727334976,0.025008797645568848,0.001109812525101006,0.02493576891720295,-0.020875615999102592,-0.0905015915632248,0.01896159164607525,-0.04274449869990349,0.05872718244791031,0.0,0.019521629437804226,0.0556199587881565,-0.06809594482183456,0.0028373429086059328,0.016361871734261513,-0.019654380157589912,0.02098927274346352,0.008583123795688152,-0.04970504716038704,-0.015423250384628773,-0.0039403741247951984,0.03367949649691582,0.015493812970817087,0.009300947189331055,0.06558450311422348,-0.016500459983944893,-0.06266622245311737,0.02442309819161892,-0.006186501123011112,-0.00848060380667448,0.00021186833328101784,-0.03608039021492004,-0.01693926937878132,-0.03813513368368149,0.010204329155385494,-0.0014101015403866768,-0.07085802406072617,-0.026375355198979374,-0.06725232303142548,-0.04342276602983475,-0.04075419530272484,0.01654631271958351,0.03292154148221016,0.025320926681160927,-0.012480685487389565,0.008783979341387747,0.05248070508241653,-0.0979667827486992,0.01974979229271412,0.028842112049460408,0.04005797579884529,-0.07699720561504365,-0.04477100446820259,-0.015563035383820532,0.01387212611734867,0.04970888793468475,-0.040599513798952096,-0.010463978163897991,0.000701358076184988,0.002453636145219207,-0.004964881576597691,0.05164898559451103,-0.04427605867385864,-0.05861439555883408,-0.0012341901892796159,-0.0730653405189514,0.0013472851132974029,0.044784538447856896,-0.030931381508708,0.010298279114067554,0.0008590559591539203,-0.025764539837837216,-0.021245837211608887,0.016736844554543495,-0.05831347405910492,-0.07794948667287825,0.03603121265769005,-0.05069056153297424,0.0015591717092320323,0.03440225496888161,0.01959603279829025,-0.01766754686832428,-0.038604967296123505,-0.038645241409540176,0.06861811876296997,0.010004748590290546,-0.06525946408510208,-0.04106811061501503,-0.10108865797519684,-0.0118642533197999,-0.06932114064693451,-0.01985643059015274,0.04124087467789649,0.011508834548294544,3.8280199078144506e-05,0.0009907715721055863,-0.04287980869412422,0.05058209598064423,-0.0331624411046505,0.042308658361434937
-0.03295104205608368,-0.051735546439886086,0.05549720302224159,-0.0022804790642112494,-0.002388526685535908,-0.03966272622346879,-0.03551173955202103,-0.012250129133462904,0.02509074658155441,0.019521629437804226,0.0,0.03171079233288765,0.07822845131158829,0.0026917243376374245,-0.012619316577911375,-0.021739616990089417,-0.012940233573317528,-0.04535289853811264,-0.04330066964030266,0.008788179606199265,0.10963289439678192,0.02472776919603348,-0.04934610798954964,-0.03832024335861206,-0.02492930367588997,-0.05039754137396813,0.01160281617194414,0.040973950177431114,-0.047764122486114495,0.010377722792327404,-0.01645420491695404,-0.0012275996850803494,0.0001722162851365283,-0.012630429118871689,-0.01135676447302103,-0.04441456496715546,-0.047972772270441055,0.023389805108308792,0.045316457748413086,-0.0062787337228655815,-0.0019447148079052567,-0.0022337287664413448,-0.017230786383152008,-0.03435454145073891,-0.022948458790779117,-0.10873561352491377,-0.03429590165615082,-0.0007091746665537357,-0.016318850219249725,0.009305483661592007,0.07762335240840912,-0.035772040486335754,0.09446650743484496,-0.029259691014885902,-0.002008107490837574,-0.1153607964515686,-0.06871526688337326,0.033078961074352264,-0.040745403617620475,0.007284123916178941,-0.018789554014801976,-0.024698168039321896,-0.014795743860304356,-0.08816610276699066,-0.023181552067399025,0.0404246561229229,-0.007543017156422137,0.002173259388655424,-0.05741088464856148,0.029589859768748283,-0.03982154279947281,-0.0631723403930664,-0.11816920340061188,0.012581720016896725,0.04556785523891449,0.04572966694831848,0.029658149927854534,-0.017041040584445,-0.07488776743412019,0.0029283890035003424,-0.029292104765772816,-0.02087525650858879,0.0429840162396431,0.04601204767823219,-0.047420550137758255,-0.031668562442064285,-0.06703547388315201,0.008494343608617783,0.06422481685876846,0.03402509540319443,-0.04246743395924568,0.04137036576867104,-0.04942205175757408,0.03413187712430953,-0.07791893184185027,0.04036016389727592,-0.002596852369606495,0.019370838999748227,-0.0057064895518124095,0.01744827814400196
0.05195655673742294,-0.0384962260723114,-0.05228500440716744,0.015843722969293594,-0.01337140705436468,-0.005158560816198587,-0.02602593600749969,0.05371972918510437,-0.03606313839554787,0.0556199587881565,0.03171079233288765,0.0,0.008252250030636787,0.009166935458779337,-0.08302845060825349,-0.020032955333590508,-0.039336495101451874,0.052007444202899926,-0.015041686594486237,-0.05029074847698212,-0.02358915284276009,0.02841508574783802,0.0020003956742584705,0.05463707447052001,-0.002404914703220129,0.07172170281410217,-0.03278237208724022,-0.007272908464074135,-0.03258858993649483,0.02974354103207588,-0.0132105378434062,-0.01986536383628845,-0.0372934304177761,-0.07123168557882309,-0.0005623023607768118,0.003456051927059889,0.03666295111179352,0.022970775142312046,-0.032026007771492004,0.038392499089241035,-0.006426576524972916,-0.06495604664087296,-0.02994914911687374,-0.04119135066866875,-0.04705609753727913,0.02174019441008568,-0.0458158440887928,0.025779366493225098,-0.06763280183076859,0.04037528857588768,-0.030959732830524445,0.05690792202949524,-0.1056404560804367,-0.053248122334480286,0.010001417249441147,-0.02188858203589916,-0.006303148344159126,-0.030336491763591766,0.009302336722612383,-0.09602317214012146,-0.022887868806719776,-0.03774451836943626,0.0047307428903877735,0.10280770808458328,2.340813443879597e-05,-0.0041959211230278015,-0.006608655210584401,-0.06057789921760559,-0.00327633717097342,0.05771144106984138,-0.038272030651569366,-0.056625355035066605,0.004106379114091396,-0.022197481244802475,0.01372042391449213,0.06966923177242279,-0.055677380412817,-0.0290517583489418,0.07235029339790344,-0.03740362450480461,-0.028318071737885475,-0.030167164281010628,0.012750196270644665,-0.029942193999886513,-0.09904370456933977,0.0005760772619396448,-0.01096600852906704,0.062473442405462265,0.004461826290935278,-0.014573230408132076,0.05088140070438385,0.032032083719968796,-0.0043440405279397964,-0.03152984008193016,-0.0282429289072752,-0.0022749542258679862,-0.0062196110375225535,-0.0577024482190609,0.018906695768237117,-0.05941390618681908
-0.010597733780741692,-0.00267042126506567,0.043881382793188095,-0.03844314813613892,-0.02724822796881199,-0.1030852124094963,-0.07570861279964447,0.01269480027258396,0.07012694329023361,-0.06809594482183456,0.07822845131158829,0.008252250030636787,0.0,0.011671570129692554,0.06566070020198822,-0.09863456338644029,-0.04891897737979889,2.00344202312408e-05,0.052710521966218955,0.041046902537345886,-0.022801503539085388,-0.015363210812211037,-0.044531326740980155,-0.009946863166987898,0.0010620226385071871,-0.0315074697136879,-0.06432478129863739,0.01651223376393318,0.0023044757544994354,-0.0290708988904953,0.07724288105964659,0.0011593486415222287,-0.034755583852529526,-0.07039984315633774,7.699609341216274e-06,0.023582397028803825,-0.09118454903364179,-0.055733196437358856,-0.028493717312812805,-0.029111685231328007,0.03302796185016632,-0.056434180587530136,0.07835177332162857,0.06204662099480629,-0.007636512164026498,0.051569931209087365,0.07155260443687439,0.026984965428709984,-0.041904684156179435,-0.09374814480543137,-0.033705275505781174,-0.06407741457223892,-0.024318329989910126,0.0588662326335907,0.045656681060791016,0.013873410411179064,-0.008305293507874012,-0.05083820968866348,0.005491359159350395,0.01583828218281269,-0.0009234288008883597,-0.010518977418541908,0.0003502837789710611,0.01520522590726614,-0.023804932832717892,-3.7457772123161697e-05,0.0775454044342041,0.0035302373580634594,0.02028212137520313,0.0011554780649021268,-0.08645293861627577,0.04165235906839371,0.007492162752896547,-0.0753255784511566,-0.0871480405330658,-0.023433029651641846,0.020076068118214607,0.08592371642589569,-0.0637379065155983,0.025309789925813675,0.02643362618982792,-0.0287993922829628,-0.023742029443383217,-0.04032740369439125,0.01402109768241644,0.0008863026159815489,0.09253713488578796,-0.14143243432044983,-0.06845829635858536,0.017990317195653915,0.058628614991903305,0.041387181729078286,0.014781678095459938,-0.023117471486330032,-0.004141546785831451,-0.12964811921119687,0.0047856676392257205,-0.0976160541176796,0.04570476710796356,-0.00309896026737988
-0.010379014536738396,0.041093550622463226,-0.06155412644147873,-0.02769343927502632,-0.04158106818795204,-0.05963512510061264,0.06089963763952255,0.02923808805644512,-0.03976224735379219,0.0028373429086059328,0.0026917243376374245,0.009166935458779337,0.011671570129692554,0.0,0.18001854419708252,-7.097909247022471e-07,0.026631351560354233,-0.004329957999289036,0.03776198998093605,-0.0005781130166724324,-0.0011434424668550491,0.03552106022834778,0.04435030370950698,-0.027208315208554268,-0.07416008412837982,-0.03530897572636604,1.3872873751097359e-05,-0.018182581290602684,0.06906826049089432,-0.06787293404340744,0.01410216838121414,1.592266016814392e-05,-0.026481289416551586,-5.2277991926530376e-05,-0.05793571472167969,0.004785898607224226,0.07051435858011246,0.004574659746140242,-0.004129078704863787,-0.027533888816833496,-0.02345419488847256,0.004589641932398081,-0.01740807108581066,-0.016454158350825306,-0.07122687995433807,-0.0219231341034174,0.000500087917316705,-0.028301250189542767,0.04966440796852112,-0.000754293636418879,-0.04100924730300903,0.0013716721441596746,0.018544180318713188,0.053475573658943176,-0.04236743226647377,0.06282612681388855,-0.06971926987171173,0.08623066544532774,-0.09399834275245665,-0.057468906044960015,-0.024520976468920708,0.03517559915781021,-0.05934204533696175,0.06805343180894852,-0.056524917483329766,0.05532681196928024,-0.027614669874310493,0.024460621178150177,-0.061061933636665344,-0.1084667518734932,-0.03993723168969154,0.05555176362395287,2.2619349692831747e-05,-0.02655631862580776,-0.03205591067671776,0.052102621644735336,0.011605291627347468,-0.05183441936969757,0.0689883753657341,-0.11322041600942612,-0.06582406908273697,0.02463734708726406,0.05833785608410835,-0.001135862898081541,0.05320794880390167,-0.040383584797382355,-0.1455957144498825,0.01549475360661745,-0.022336382418870922,0.05398865044116974,0.05930586531758309,-0.027770418673753735,-0.0655055120587349,-0.08232153207063675,0.06321263313293457,-0.01964450813829899,-0.06469649076461792,-0.016422495245933533,-0.03363152593374252,-0.09269701689481737
-0.06301294267177582,-0.01561102271080017,-0.09609174728393553,-0.08210462331771849,0.012371879070997238,0.029745660722255703,0.06941907107830048,-0.02040061540901661,0.02821016311645508,0.016361871734261513,-0.012619316577911375,-0.08302845060825349,0.06566070020198822,0.18001854419708252,0.0,0.14092446863651276,-0.017066996544599533,0.0011168573983013628,-0.06986798346042633,-0.034298095852136605,0.07019120454788208,-0.007952759973704817,-0.01644561067223549,0.005630700383335352,-0.04588377103209496,0.02918117120862007,-0.06681619584560394,0.02962389402091503,0.09104462713003159,-0.06910470128059387,-0.020489666610956192,-0.06453659385442734,-0.08234511315822601,0.055115800350904465,-0.026789130643010136,0.018290750682353973,-0.011232777498662472,0.05991264805197716,-0.034166086465120316,0.04584716632962226,-0.027518432587385178,-0.036683421581983566,0.004925789777189493,0.009011391550302504,0.004562994930893184,-0.01134819071739912,-0.017858467996120453,-0.02144896611571312,-0.034283582121133804,-0.08485620468854904,0.0648573487997055,-0.004333310760557652,-0.06411615014076233,0.0713299959897995,0.009384205564856528,0.03905005007982255,-0.034178059548139565,-0.08864997327327728,0.03617611527442932,0.04831229522824288,-0.04533468186855316,-0.021515129134058952,-0.01713591255247593,0.00576834985986352,0.08674701303243637,-0.002416217466816306,0.004101480357348919,-0.07233069837093353,0.03737300634384155,-0.01676121912896633,0.0518348440527916,0.05806217342615128,-0.10223040729761124,-0.01149134151637554,-0.01971044391393661,0.07644516974687576,-0.04171457514166832,0.013938034884631632,0.007192013319581747,-0.025775296613574028,-0.012274162843823431,0.0037606083787977695,0.02023382857441902,-0.026725798845291138,0.026512792333960533,-0.023411432281136513,0.10541146993637084,-0.06033073738217354,-0.024685150012373924,-0.08532612770795822,-0.006562262307852507,-0.03355865553021431,-0.04407371208071709,0.028879074379801754,-0.01947735622525215,-0.0407710075378418,0.008823669515550137,0.025771535933017727,-0.042237281799316406,0.01200788840651512
-0.02105529047548771,0.0959332138299942,-0.0227180328220129,-0.00511800404638052,-0.058533646166324615,0.026115143671631813,-0.06920664757490158,-0.08007489889860153,-0.0323195718228817,-0.019654380157589912,-0.021739616990089417,-0.020032955333590508,-0.09863456338644029,-7.097909247022471e-07,0.14092446863651276,0.0,-0.06592484563589096,0.030748957768082615,-0.059262782335281365,0.07154964655637741,-0.046677883714437485,-0.010000738315284252,0.04106435924768448,0.04874253273010254,-0.01057588867843151,-0.02896253392100334,-0.0549631230533123,-0.0637413039803505,-0.023677317425608635,0.05934577435255051,-0.029355406761169437,0.09960962086915968,0.07133862376213074,-0.044975772500038154,0.0643230676651001,-0.005096479784697294,-0.03894820436835289,0.004361551720649004,0.016477154567837715,-0.029537973925471302,-0.011177764274179935,-0.11044945567846298,0.03180854767560959,0.08096648007631302,0.03381497412919998,-0.016868965700268745,0.023518992587924004,-0.0638655424118042,-0.06495179980993271,-0.03320133313536644,6.14930031588301e-05,0.07998485118150711,-0.05817152559757233,-0.043740473687648766,-0.022780487313866612,-9.720278285385577e-06,0.028663635253906247,-0.04527613893151283,-0.050387151539325714,0.048378318548202515,0.030049961060285568,-0.03288259729743004,-0.04992825165390968,-0.022639943286776543,-0.03722202777862549,0.0875095948576927,0.03480666130781174,0.012105362489819527,0.05718505755066872,0.016782263293862343,0.009056124836206434,-0.028906473889946938,-0.06926166266202927,0.028715427964925763,-0.04443303868174553,-0.0023738762829452757,-0.03012795560061932,1.5678740965086035e-05,-0.001120119821280241,-0.13321331143379211,-0.05004991963505745,-0.0028937608003616333,-0.05239725485444069,-0.04063057526946068,0.0027339423540979624,-0.04779544472694397,0.010847995057702065,-0.028108898550271988,-0.03999946266412735,0.006798282731324433,0.025212958455085754,0.020245261490345,-0.016231995075941082,0.05585356429219246,-0.018822599202394485,0.01831578463315964,0.06918586790561676,0.016160694882273674,-0.0013864655047655103,-0.08987997472286224
-0.001998024759814143,0.049585819244384766,-0.0571591816842556,-0.020618386566638943,-0.032193467020988464,0.02394786477088928,-0.03820369020104408,0.006786744110286236,-0.07339145243167877,0.02098927274346352,-0.012940233573317528,-0.039336495101451874,-0.04891897737979889,0.026631351560354233,-0.017066996544599533,-0.06592484563589096,0.0,0.10605637729167938,0.0745856538414955,-0.027527587488293648,-0.03866437077522278,0.06866809725761414,-0.014233697205781937,0.00951275881379843,0.05416020750999451,-0.07112964987754822,5.1566559704951935e-05,0.07349108904600142,0.14590482413768768,-0.015422690659761429,0.07827503979206085,0.0334630012512207,0.006493741180747747,0.04254672676324844,0.014614704065024853,0.011426368728280067,-0.03297241032123566,-0.055438362061977386,-0.026961715891957283,-0.0023996918462216854,-0.018625391647219654,-0.0542854405939579,0.0334148034453392,0.03570039197802544,-0.07544847577810286,-0.01907423324882984,-0.023596931248903275,0.010850517079234123,-0.04001769796013832,-0.049108058214187615,-0.008693225681781769,0.04070556163787842,-0.000783677154686302,-0.008820796385407446,0.024682173505425453,-0.07544507086277008,-0.03971260040998458,0.002646666951477528,-0.09621667861938477,0.0001663475122768432,0.047240141779184334,-0.07162411510944366,0.09344089031219481,-0.014164347201585768,0.013028946705162523,-0.017783476039767265,-0.00637621758505702,-0.02645082399249077,0.02766015194356441,-0.034610778093338006,-0.010698640719056128,-0.03188438713550568,0.009484511800110338,0.01370435208082199,0.008832546882331371,3.5417688195593655e-05,-0.12556450068950653,-0.008374100551009178,-0.0652361512184143,0.07150741666555405,-0.06016188487410545,0.10110221058130264,-0.08865044265985488,-0.036564897745847695,-0.0850389078259468,-0.08665810525417328,0.005852289497852325,0.018865816295146946,-0.01023015659302473,0.01000533252954483,-0.07083602994680405,0.001120063941925764,-0.04349358752369881,0.03714528307318688,0.0038678124547004695,-0.041962716728448875,0.06274120509624481,-0.09315059334039688,0.021345224231481552,-0.0405341163277626
0.015650618821382523,-0.022850435227155685,-0.01655743643641472,-0.013044090010225773,0.017230693250894547,-0.04183698445558548,-0.030248923227190968,-0.0007743098540231586,-0.04199575260281562,0.008583123795688152,-0.04535289853811264,0.052007444202899926,2.00344202312408e-05,-0.004329957999289036,0.0011168573983013628,0.030748957768082615,0.10605637729167938,0.0,-0.02740752138197422,0.022583456709980965,-0.042593907564878464,-0.0854535773396492,0.08951202034950256,-0.09657710790634157,-0.04632271826267242,-0.05900662392377853,-0.04527818411588669,-0.05257676169276237,-0.13150276243686676,0.003792800242081285,-0.002160984091460705,-0.0010844282805919647,0.005014663562178612,0.09141541272401808,-0.013102308847010136,0.058411821722984314,-0.011304895393550396,-0.022012969478964806,-0.017401888966560364,6.118437158875167e-05,0.03848279267549514,-0.0015754670603200791,-0.006628293544054031,0.06015058234333992,-0.047365665435791016,-0.11974778026342392,-0.05033422261476517,0.060539063066244125,-0.01871009171009064,-0.034943632781505585,0.01843549869954586,-0.058820825070142746,-0.014174725860357285,0.048364583402872086,-0.06392437219619751,0.04193596914410591,0.06108559295535088,-0.008186519145965576,-0.0040432759560644635,-0.022823290899395943,-0.016654580831527706,-0.0018413580255582929,0.0008538937545381486,0.01371309533715248,0.005670004989951849,-0.06551157683134079,0.006267852615565062,-0.10497885197401045,0.04180135950446129,0.006614967249333858,0.1797115057706833,0.01068508718162775,0.0537581779062748,0.020226167514920235,-0.04489510133862496,-0.01219029352068901,0.1231558695435524,-0.004518626257777214,-0.04238167405128479,-0.04337554797530174,0.04272874817252159,-0.08177600800991057,0.07492437213659286,0.07056461274623871,-0.08127317577600478,-0.11120533943176268,-3.6230223486199975e-05,-0.0005080420523881912,-0.0256402175873518,0.04107031226158142,-0.034991513937711716,-0.04963766410946847,-0.06269616633653641,0.03026599064469337,0.002046746667474508,-0.06418602168560028,0.08172769099473953,-0.07103763520717621,0.02849769964814186,-0.03815630450844765
