0,1,2,3,4,5,6,7,8,9,10,11,12,13,14,15,16,17,18,19,20,21,22,23,24,25,26,27,28,29,30,31,32,33,34,35,36,37,38,39,40,41,42,43,44,45,46,47,48,49,50,51,52,53,54,55,56,57,58,59,60,61,62,63,64,65,66,67,68,69,70,71,72,73,74,75,76,77,78,79,80,81,82,83,84,85,86,87,88,89,90,91,92,93,94,95,96,97,98,99
0.0,0.01202818751335144,0.0204965565353632,-0.026351358741521835,0.04158098995685577,0.0412127897143364,-0.01574414223432541,-0.10098745673894882,-0.012174710631370544,-0.050023749470710754,-0.0491049438714981,-0.0024164137430489063,-0.0547172725200653,0.014777147211134432,-0.08060713857412338,0.10355086624622344,-0.023574406281113625,-0.0037924251519143586,0.009342769160866736,-0.036418676376342766,0.03350184112787247,0.04634805396199226,0.006179703399538994,-0.16028061509132385,0.02812828868627548,-0.03514203429222107,0.011514075100421904,-0.005483283661305904,0.0661105066537857,-0.04614902660250664,0.10968701541423796,0.07321371138095854,0.05573892220854759,0.020449003204703328,-0.026666086167097088,-0.13464106619358063,0.010212229564785956,-0.03704782947897911,0.13525961339473724,-0.028509093448519703,-0.04561179131269455,-0.025235584005713463,-0.03827977925539017,0.015717601403594017,0.04588771238923073,-0.013542681001126766,0.011162301525473595,0.026991471648216248,0.08070482313632965,0.005061198025941849,0.043848961591720574,0.04434739053249359,0.007875729352235794,7.404806092381477e-05,0.026254352182149887,0.025313196703791615,-0.012529226019978523,-0.0311109721660614,-0.03105589188635349,-0.053921543061733246,0.08086764812469481,-0.09390161931514741,-0.005044573917984962,0.00034852256067097187,-0.034978460520505905,0.015921615064144135,0.0007948582642711699,-0.04496275633573532,-0.06304975599050522,0.006370792631059885,0.015978822484612465,0.01965193822979927,0.010246000252664087,0.0201676432043314,-0.024516869336366653,-0.021348994225263596,-0.01717761904001236,-0.008863857015967369,-0.07028748840093613,0.0421106144785881,0.10365630686283112,-0.0054352646693587294,-0.07521311938762663,-0.03485889732837677,0.05642981082201004,-0.09390455484390257,0.0474487878382206,-0.04268582537770271,-0.021070886403322216,0.04317000135779381,0.010196485556662083,-0.05426982790231705,-0.006275512743741274,-0.051341023296117776,-0.006611586082726717,0.06981935352087021,-0.0716383308172226,-0.058351758867502206,0.0018993261037394404,-0.013153403997421265
0.01202818751335144,0.0,0.09906309843063353,0.10808078944683074,0.04284767061471939,0.014862753450870512,0.04011420905590057,-0.0645023062825203,0.01718401163816452,-0.02329341508448124,-0.08758337795734404,-0.07782323658466339,-0.023281702771782875,-0.021810155361890793,0.03382532298564911,0.0432014837861061,0.010165008716285229,0.08856876939535141,-0.000219016321352683,-0.06977565586566925,0.0018074437975883484,0.02841741032898426,-0.03307570144534111,-0.0036189733073115353,-0.07386834174394606,-0.04029612615704536,-0.0256551131606102,-0.042520783841609955,-0.02970491535961628,0.033328261226415634,0.004417860880494118,0.019815107807517048,-0.0013639116659760475,-0.033899381756782525,0.04847868159413338,-0.005451621487736702,0.04207992181181908,0.04727088287472725,-0.07912524044513702,-0.09279658645391464,-0.0011063346173614264,0.01324916910380125,-0.0028071864508092403,0.02032153308391571,0.014018452726304533,0.0459994487464428,-0.0507970005273819,-0.045687951147556305,-0.1397254168987274,-0.06321844458580017,0.03461570292711258,0.01519078016281128,0.08189648389816284,-0.09285563230514526,0.02159249596297741,0.028487315401434895,0.007918964140117168,0.002205037046223879,0.01595821976661682,-0.08340760320425034,0.05078157782554626,0.05018212646245957,0.03366502746939659,-0.056033656001091,0.047333668917417526,0.01499147992581129,-0.0038333153352141376,0.06133691966533661,-0.0533420667052269,0.031289633363485336,-0.032473430037498474,0.04797130078077316,-0.11838743835687636,-0.009822957217693329,0.04283645749092103,2.6848936613532715e-05,-0.02550035715103149,-0.10575538128614424,-0.006204315461218357,-0.05363640561699867,-0.038247842341661446,-0.03807838633656502,0.05193258821964264,-0.05736285448074341,-0.041728775948286057,0.012063220143318176,-0.023111842572689056,-0.07443041354417802,0.07813860476016998,0.034632287919521325,0.04697200283408165,-0.01061272993683815,-0.11954499781131744,-0.06264793872833252,-0.040343351662158966,0.02848188020288944,0.03284746780991554,-0.02579041197896004,-1.1194044418516569e-05,0.04084145277738571
0.0204965565353632,0.09906309843063353,0.0,0.04274228960275649,-0.07321389764547347,0.031643498688936234,-0.07936468720436096,-0.006154589354991913,0.030553173273801804,-0.04298112913966178,-0.043259430676698685,1.2979371604160404e-05,0.041033901274204254,-0.02474028430879116,0.04761411249637604,-3.523125997162424e-05,-0.09076151996850967,0.00700271176174283,0.02121876366436481,0.03184976801276207,0.01844649761915207,-0.08996842056512833,-0.04140115901827812,0.017830820754170414,0.08991412073373793,0.07002844661474228,0.052500229328870766,-0.02823109179735184,-0.06849011778831482,-0.13943466544151306,0.03310238942503929,0.02587173134088516,-0.09495887160301208,0.02320756204426289,0.01743146777153015,-0.013822429813444614,-0.03838738426566124,-0.030990654602646828,-0.05855394899845123,0.07434147596359253,0.004574012942612171,-0.02538224868476391,-0.022057281807065007,0.006974591873586178,0.03996534645557404,0.0488840788602829,-0.017743190750479698,-0.07428162544965744,-0.02337156608700752,-0.04764963313937187,0.014429076574742794,0.1961517482995987,0.06671834737062454,0.02130778133869171,0.04104005545377731,0.005462874192744493,-0.060795344412326806,0.03938357904553413,-0.03532393276691437,-0.007108168676495552,-0.004514025989919901,-0.03880240768194199,0.022929914295673367,-0.028308724984526638,-0.01862928457558155,0.0021838787943124767,-0.048167068511247635,-0.06403017789125443,0.00694573437795043,-0.01501792762428522,0.008441688492894173,-0.09724589437246321,-0.0440356470644474,-0.011769238859415054,-0.10752486437559128,0.031095413491129875,-0.00021862139692530036,-0.021322429180145264,-4.754012479679659e-06,0.005550900008529425,-0.03456628695130348,-0.0781065970659256,-0.04686899483203888,0.026997949928045273,-0.026123536750674248,0.02098104916512966,0.04645547643303871,0.0022651606705039735,-0.02648456208407879,-0.04810920730233192,0.0032276676502078767,0.0478450208902359,0.04389465600252152,-0.06940200924873352,-0.05675112083554268,0.048249103128910065,0.04184829816222191,0.07331079244613646,0.03330167010426521,-0.1143963262438774
-0.026351358741521835,0.10808078944683074,0.04274228960275649,0.0,0.054909594357013695,-0.04878275841474533,0.04956776276230812,-0.0782264396548271,-0.02066231146454811,0.008707107044756413,-0.0564141571521759,0.08406859636306761,-0.05544381216168404,-0.042049828916788094,-0.04305053874850273,0.03044561855494976,-0.01311612594872713,-0.021151430904865265,-0.04548266157507896,-0.06692000478506088,-0.1407927572727203,-0.09678135067224503,-0.007257916498929262,0.06846931576728821,-0.06244123354554176,-0.025357868522405624,0.023361461237072945,-0.05577228590846062,-0.06588064879179001,0.0130345756188035,-0.11301594227552413,-0.01291130483150482,0.0076297796331346035,-0.05877695605158806,-0.02343340963125229,-0.046423211693763726,0.031090131029486656,0.02312706410884857,-6.061103704269044e-06,0.0072380928322672835,-0.018781689926981922,0.013072320260107516,-0.014134763740003107,-0.032311614602804184,-0.029589192941784855,-0.03642135486006737,0.0469956211745739,0.035370122641325,-0.010739830322563648,6.779786781407893e-05,-0.04114992544054985,-0.05604518949985504,0.024298340082168576,0.15490368008613586,0.11130961030721664,0.007009166758507489,-0.04032910242676735,-0.12473776191473009,-0.01222165860235691,0.045224107801914215,-0.04021551087498665,-0.013020383194088936,-0.00802728347480297,-1.0102437045134138e-05,0.07675132900476454,0.03986948356032372,0.05021296069025993,0.0123133584856987,0.02746158465743065,-0.02508670836687088,0.003688232507556677,-0.008480512537062168,-0.018429167568683624,7.589747383462963e-06,-0.02944808080792427,0.005800184793770312,0.1177658438682556,0.02437514439225197,0.03852028772234917,-0.0283858235925436,0.03877173736691474,1.3908582332078367e-05,0.06323067098855972,-0.0783262699842453,0.006325367372483015,-0.10393426567316057,-0.003580894088372588,-0.002265105489641428,-0.02512665092945099,-0.038105640560388565,-0.0234160739928484,0.01162165030837059,0.08951017260551453,-0.035301972180604935,-0.0875115841627121,0.03891931101679802,0.049256142228841775,-0.006367016583681107,0.010590693913400171,0.03518950194120407
0.04158098995685577,0.04284767061471939,-0.07321389764547347,0.054909594357013695,0.0,0.08860027790069581,0.04480908811092377,0.04734742268919945,0.023783909156918526,-0.09512391686439514,0.0224131029099226,-0.06838436424732208,0.037531908601522446,-0.041389118880033486,-0.01822042651474476,-0.05632057785987855,-2.7907704861718227e-05,0.015073966234922407,-0.08065900206565857,-0.018333291634917256,-0.04404328390955925,-0.011442014947533607,-0.041454166173934937,-0.07859845459461212,0.05521561950445175,-0.04300239309668541,-0.04991087317466736,0.06585679203271866,0.028373226523399356,-0.07368164509534836,0.0051337084732949725,-0.05107404664158821,0.08342688530683517,-0.0032778405584394927,-0.0376732274889946,-0.026282658800482746,-0.06047305092215537,-0.0952964648604393,-0.05887172743678093,-0.015783296898007393,-0.037034694105386734,-0.05055857449769974,0.014746087603271008,-0.07619118690490721,0.037712689489126205,-0.054168961942195885,0.13109850883483887,0.04481280967593193,-0.09964831173419952,-0.011475192382931708,-0.012050766497850418,0.020979963243007656,-0.05387665703892708,0.04865802824497223,0.025771962478756905,-0.0700312927365303,0.09095716476440428,-0.01462328527122736,-0.015876227989792824,0.03983747586607933,0.00028772946097888047,-0.0037298856768757105,-0.017320716753602028,3.868385101668537e-05,-0.02070670388638973,0.007666669320315122,-0.06173022463917732,0.01650336943566799,-0.000497274042572826,0.057566221803426736,-0.046339143067598336,-0.02749056741595268,0.0252689179033041,-0.030630946159362793,-0.03295596316456795,-0.03968502208590508,-0.0221424400806427,0.009016592986881733,-0.07412045449018478,0.03879807516932488,-0.04030589014291763,-0.06518812477588654,0.07707280665636063,0.0014180843718349931,0.03811092674732208,-0.023411761969327927,0.002991026965901256,-0.0014149611815810204,0.0008610736113041638,0.03047403134405613,0.01806974969804287,0.0832800418138504,-0.034738317131996155,0.08116038888692854,-0.037199873477220535,-0.007100100629031657,0.006199333351105452,-0.022780263796448708,-0.01634366437792778,-9.767810297489634e-06
0.0412127897143364,0.014862753450870512,0.031643498688936234,-0.04878275841474533,0.08860027790069581,0.0,-0.04315989837050438,0.00641587981954217,0.02668423019349575,0.08300250023603438,0.010929865762591362,0.0956672430038452,0.04675593972206116,-0.06120433658361434,-0.07276292145252228,-0.0014190860092639923,0.0243119727820158,0.007246722001582384,-0.06954491138458252,0.026177676394581795,-0.050240572541952126,0.02495269849896431,0.022890083491802212,-0.01608133316040039,-0.015069884248077868,0.05734582990407944,0.023830106481909752,-0.01639939285814762,0.006895491387695073,0.13235676288604736,0.11748065054416656,0.0007758850115351379,-0.02996673807501793,-0.06138028204441071,-0.0013464781222864983,0.016027856618165966,-0.018835296854376793,-0.002970370696857572,0.09627029299736024,0.007035634946078062,-0.05754627659916878,0.0061499960720539084,0.03511044383049011,-0.03279978781938553,-0.11196968704462051,-0.046049930155277245,-0.0349501371383667,-0.0627351626753807,-0.000956679810769856,0.00207535270601511,-0.016487879678606987,0.005183326080441474,-0.07109447568655014,-0.04240130633115768,0.1243622675538063,-0.05501040071249008,0.03069668263196945,0.03590199351310729,0.05585198849439621,-0.09562583267688753,-0.003221824998036027,-0.08917886018753052,0.002286494243890047,0.017946364358067513,-0.01788116618990898,-0.017856210470199585,-0.04436298832297325,-0.025791984051465988,0.04717077314853668,0.09587477892637251,-0.019517768174409863,-0.09886979311704637,-0.022080458700656887,-0.059805978089571,-0.009313968941569328,0.08488509058952332,-0.08942709118127824,-0.0927059128880501,-0.003466229420155287,-0.014492866583168507,-0.06721975654363632,-0.02392958104610443,-0.004610679112374783,-0.01882430911064148,0.03256548196077347,0.05184050276875496,-0.009440232068300247,-0.01717256009578705,-0.07747112214565277,0.01080799289047718,-0.012404041364789007,-0.017139824107289314,-0.00975594948977232,0.021671930328011513,-0.090535506606102,0.044317256659269326,0.023705251514911648,0.006952127441763878,-0.049911201000213616,0.005270208232104777
-0.01574414223432541,0.04011420905590057,-0.07936468720436096,0.04956776276230812,0.04480908811092377,-0.04315989837050438,0.0,0.07509416341781616,0.04233917966485024,0.009067694656550883,-0.05479208752512932,-0.028496431186795235,0.01924687810242176,-0.0035995033103972678,-0.004566265270113945,0.0543055422604084,0.04374831542372704,0.023677507415413857,0.007600101176649331,-0.07422097027301788,0.09503161162137984,-0.02395293489098549,0.005209219641983509,-0.01621595025062561,0.031446438282728195,-0.06365156918764113,-0.03181428834795952,-0.05071458965539932,-0.000438217306509614,-0.015338764525949953,-0.04297379031777382,-0.02305615320801735,-0.07760755717754365,-0.08518781512975693,-0.13653989136219025,2.677833799680229e-05,-0.04339322820305824,0.044059436768293374,-0.004304432310163976,0.11701028794050217,-0.06576397269964218,0.13053688406944275,-0.021197818219661713,0.10065942257642745,0.01741200126707554,-0.018844451755285263,-0.03391176462173462,-0.03560158610343933,-0.015084758400917051,-0.007533322554081678,0.009829109534621239,1.5801673725945875e-05,-0.018455874174833298,-0.011362288147211075,-0.07941695302724838,0.003841794794425368,0.04971621185541153,0.01630975864827633,-0.03492236137390137,-0.07409873604774475,-0.034041088074445724,0.043401334434747696,-0.08184003829956055,-0.046213794499635696,-0.007130016107112168,0.016576342284679413,0.04372509196400642,0.03849102929234505,-0.017298728227615356,0.01324373297393322,0.025143688544631004,0.04709339886903762,0.05418963730335236,0.06307390332221985,-0.024414399638772007,0.055360786616802216,-0.0681721493601799,-0.016467485576868057,-0.014516091905534267,-0.02476135455071926,-0.012934189289808272,-0.06921941041946411,-0.0013554851757362485,-0.07122393697500229,0.02624756656587124,-0.05229460820555687,-0.03911425918340682,-0.051787730306386955,-0.008666517212986946,-0.035564590245485306,-0.12018927186727524,-0.019640645012259483,0.11875239759683608,0.10209883004426956,-0.03950111195445061,0.03943873569369316,-0.057889752089977264,0.024907639250159264,0.001079581561498344,0.062196996062994
-0.10098745673894882,-0.0645023062825203,-0.006154589354991913,-0.0782264396548271,0.04734742268919945,0.00641587981954217,0.07509416341781616,0.0,0.03397857025265694,0.0047523630782961845,0.061599187552928925,0.007546313107013702,-0.05841705203056336,0.10322033613920212,0.05585784837603569,0.04904143139719963,-0.021863527595996857,-0.08832648396492003,0.06414671242237091,1.068034271156648e-05,-0.01883864402770996,0.03896697983145714,-0.09942775219678879,-0.006005471106618643,-0.0013203438138589263,0.04303519800305367,-0.014277208596467972,0.046863991767168045,0.0011358038755133748,0.014387236908078192,-0.09710869193077087,-0.07356514036655426,0.00741223944351077,-5.262569175101817e-06,-0.03024449199438095,-0.09041117131710051,0.003997380379587412,0.08129711449146271,-0.0909612700343132,-0.03782360628247261,0.025140397250652317,-0.016846472397446632,0.03468654677271843,0.06441288441419601,0.02453181892633438,0.011663936078548431,-0.08986956626176834,-0.04698863625526428,-0.05333271995186806,0.04826119914650917,-0.04060302302241325,0.067044198513031,0.01027213968336582,-0.02466653287410736,0.12412545830011368,0.08029769361019135,0.08876320719718933,0.08137510716915129,-0.013264251872897148,0.027469052001833916,0.008475035429000854,-0.06803286820650101,-0.03299490734934807,-0.09354466944932936,-0.090696781873703,0.003794105490669608,-0.05790054798126221,-0.02686862275004387,0.008346423506736755,0.030854294076561928,-0.02862546779215336,0.04410965740680695,-0.006770745851099491,-0.035766154527664185,0.05034313350915909,-0.03664831817150116,-0.0009890866931527853,0.024974239990115166,-0.044889457523822784,-0.018538763746619225,0.006171715445816517,0.04498697072267532,-0.05238735675811768,0.04630155861377716,-0.055573556572198875,-0.002748403465375304,-0.04493257403373718,0.07691314071416855,-0.08591612428426743,-0.07608913630247117,-0.021954696625471115,0.05272997170686722,-0.002316349884495139,-0.01991105079650879,-0.0866008773446083,-0.012233025394380093,-0.03465798869729042,-0.0008844810072332621,0.018086666241288185,-0.027058616280555725
-0.012174710631370544,0.01718401163816452,0.030553173273801804,-0.02066231146454811,0.023783909156918526,0.02668423019349575,0.04233917966485024,0.03397857025265694,0.0,0.007576113101094961,-0.014856001362204552,0.07295590639114381,0.01808995753526688,0.013590672984719276,-0.021255111321806908,-0.06475958973169327,-0.07950759679079054,0.05988257378339768,-0.004370126873254776,0.00524444505572319,-0.03492683172225952,-0.0007633137283846736,0.08794963359832764,-0.0685105249285698,-0.15661408007144928,0.0005843660910613835,-0.08776848763227463,-0.034789133816957474,-0.02659682743251324,-0.04282357916235924,-0.022582327947020527,-0.05201347172260285,-0.07233120501041411,-0.05383630841970444,0.036840904504060745,0.03819265961647034,-0.04347344115376472,-0.06056000664830208,0.015247108414769173,-0.000846613256726414,0.034843917936086655,-0.0079305749386549,-0.017547830939292908,-0.026010271161794662,-0.01321987435221672,-0.04258376732468605,-0.0769525095820427,-0.0042198277078568935,0.012203255668282509,0.08633740991353987,-0.041171282529830926,0.00014363542140927163,-0.0101603539660573,0.015398856252431868,-0.00977297779172659,0.041086405515670776,-0.09537248313426973,0.10100920498371124,-0.1148347109556198,0.015171782113611698,0.04362992197275162,0.01612197607755661,0.11871851235628128,0.04383574426174164,-0.18586139380931851,0.02068628743290901,-0.010023648850619791,0.051618054509162896,-0.058571066707372665,-0.011057721450924872,-0.0257707703858614,0.047444708645343774,0.03100549057126045,0.0006798887043260038,-0.08100137114524841,0.08802133798599243,-0.05365414917469025,0.1041700765490532,-0.04098797217011452,0.028577124699950215,0.02354605309665203,-0.045856062322855,0.06229377537965775,-0.08604322373867035,0.013951290398836136,-0.0011356687173247335,0.011914257891476154,-0.020651159808039665,0.0027047160547226667,0.015440232120454311,-0.03547948971390724,0.008144102990627289,-0.030770424753427505,-0.01889951340854168,0.004958864767104387,-0.013102398253977299,0.03001422993838787,-0.04411971941590309,-0.003472809446975589,0.05162467807531357
-0.050023749470710754,-0.02329341508448124,-0.04298112913966178,0.008707107044756413,-0.09512391686439514,0.08300250023603438,0.009067694656550883,0.0047523630782961845,0.007576113101094961,0.0,0.11617948859930038,0.06280060857534409,0.03517786040902138,0.07396993041038513,-0.005014719907194376,0.013522793538868427,0.005412415135651826,-8.028927368286531e-06,-0.002274283906444907,0.08387516438961029,-0.06264883279800415,0.000350480928318575,0.04537559300661087,0.003609894076362252,4.03045078201103e-06,-0.1111619919538498,-0.059047490358352654,0.03289439156651497,-0.02966226451098919,-0.09751968830823897,0.03310742229223251,-0.015624158084392548,-0.05613476410508156,-0.04178410768508911,0.032000720500946045,-0.012371378950774668,-0.044180091470479965,0.10205261409282684,0.05309835821390152,0.04486588388681412,-0.01789218746125698,0.03654694184660912,-0.10780584812164307,-0.0022166522685438395,0.012269677594304085,-0.06284236162900925,-0.023420775309205052,0.00582675589248538,-0.12833023071289062,-0.05353896319866181,-0.006954511627554893,-0.026021260768175125,-0.02540659345686436,-0.011517238803207874,0.030025245621800423,-0.006128679029643536,-0.0062216208316385755,0.028675010427832603,0.11815618723630904,-0.08099892735481262,0.030911250039935112,0.05261106789112091,-0.03964180126786232,0.03531329706311226,-0.022771939635276794,0.06252750009298325,-1.43648521770956e-05,-0.10477481037378313,0.0018316120840609076,0.027518106624484066,-0.04908657446503639,-0.052775271236896515,-0.016436057165265083,0.01282945182174444,-0.00230795587413013,-0.06375974416732788,0.06865730881690979,-0.017037002369761467,0.08139444142580032,-0.04055426642298698,-0.03444160148501396,0.053300343453884125,0.09816942363977432,-0.07231128215789795,-0.035740267485380166,-0.09427545964717865,-0.016206685453653336,-0.0016832747496664524,-0.04343612492084503,0.06589623540639877,-0.00144617457408458,-0.023033348843455315,-0.02652251534163952,0.010938823223114012,0.03823378682136536,0.027002548798918724,-0.0006718168733641505,-0.03762732446193695,-0.02906016819179058,-0.072325699031353
-0.0491049438714981,-0.08758337795734404,-0.043259430676698685,-0.0564141571521759,0.0224131029099226,0.010929865762591362,-0.05479208752512932,0.061599187552928925,-0.014856001362204552,0.11617948859930038,0.0,0.10181913524866104,-0.005620879586786032,0.06192762777209282,0.05554701015353202,-0.03294610232114792,0.013897454366087912,-0.04223992675542832,-0.030793966725468636,-0.030926175415515896,-0.05164550617337226,-0.014171202667057514,0.02291114255785942,-0.00737126125022769,-0.03539907932281494,0.02462675049901009,-0.012992698699235916,-0.001818110002204776,-0.00419213343411684,-0.03575490787625313,-0.006558097433298825,-0.008163420483469963,0.006575807463377713,0.04619720205664635,0.05934873968362808,-0.09125365316867827,-0.03441213443875313,-0.035709165036678314,-0.05885563790798187,0.045173730701208115,0.016292491927742958,0.005810878705233336,-0.010060509666800497,-0.05434476211667061,-0.039009276777505875,-0.06166159361600876,-0.017039567232131958,0.08516260981559753,-0.015363182872533798,0.013038468547165392,0.08612678200006485,0.016398100182414055,-0.007007269654422998,0.05779697373509407,-0.07141806930303574,0.08308406174182893,0.012401983141899107,0.009559438563883305,-0.007496776059269906,0.005776549689471722,-0.019880754873156548,0.04288607463240624,-0.06818994134664536,0.0007281537400558592,0.06238887831568717,0.014309348538517952,-0.12003447860479353,-0.044947229325771325,-0.08885843306779861,-0.028624543920159336,-0.04438885673880577,-0.08259704709053038,-0.1376446038484573,0.09638209640979767,0.11620250344276428,0.01811237446963787,-0.031884301453828805,-0.017312997952103615,0.004446414764970541,0.014042326249182224,-0.10282867401838303,-0.03134121745824814,-0.045083612203598016,0.006119152531027794,0.06819401681423187,-0.0029187537729740143,0.01743699237704277,0.02208169735968113,0.059075828641653054,0.03429348021745682,-0.0042825182899832726,-0.004762957803905009,-0.025875328108668327,-0.011500902473926544,-0.03449447453022003,-0.007655400782823562,-0.011647000908851624,0.0254590567201376,0.029249373823404312,0.05759001523256302
-0.0024164137430489063,-0.07782323658466339,1.2979371604160404e-05,0.08406859636306761,-0.06838436424732208,0.0956672430038452,-0.028496431186795235,0.007546313107013702,0.07295590639114381,0.06280060857534409,0.10181913524866104,0.0,-0.005972103215754032,0.00714899692684412,-0.024490568786859512,-0.07979942113161087,-0.08745571225881577,0.00876189861446619,-0.0476340539753437,-0.1092373952269554,0.07343118637800217,-0.0712583065032959,0.08269582688808441,0.01694590412080288,-0.00330668268725276,0.045481178909540176,0.015859438106417656,-0.16029730439186096,0.02391823753714561,-0.02919327467679977,-0.0449187345802784,-0.04419506341218948,0.07191844284534454,0.015583870932459831,-0.020886752754449844,-0.04960452765226364,-0.023397073149681088,0.01802016608417034,0.04134189710021018,0.014807095751166344,-0.0047334013506770125,-0.06155340000987053,0.051262058317661285,-0.011550541967153547,-0.10467366129159927,-0.0133207431063056,-0.05041179433465004,-0.05331277847290039,0.03475884720683098,0.015758870169520378,-0.0002731559216044843,-0.0648450255393982,-0.06011749804019928,0.02089080400764942,0.08455805480480194,-0.10178995877504347,-0.07189056277275085,0.017760019749403,-0.04860991612076759,0.030384566634893417,0.08475072681903838,0.002185995224863291,-0.09822944551706314,0.015606401488184927,0.03676352649927139,0.0207511018961668,-0.03629070520401001,0.09910239279270172,-0.013386743143200874,0.07480327785015106,-0.037806503474712365,0.020791351795196533,-0.029799802228808403,0.05604219436645508,0.07276403158903123,-0.00644967844709754,0.045967251062393195,0.01622411422431469,2.2502059437101703e-05,0.02283998765051365,0.0016120621003210545,-0.05103076249361038,-0.007047843188047409,0.023077795282006264,0.010738156735897064,-0.03739897161722183,0.03704996779561042,-0.09684580564498899,-0.04164778813719749,-0.0043397522531449795,-0.05579277500510216,-0.00871739350259304,-0.02114313282072544,1.07902342278976e-05,-0.028862250968813896,0.04383278638124466,0.03594052046537399,0.011603198014199732,-0.03471603989601135,-0.023460157215595245
-0.0547172725200653,-0.023281702771782875,0.041033901274204254,-0.05544381216168404,0.037531908601522446,0.04675593972206116,0.01924687810242176,-0.05841705203056336,0.01808995753526688,0.03517786040902138,-0.005620879586786032,-0.005972103215754032,0.0,0.01524961180984974,-0.022938629612326625,-0.049426887184381485,0.06782129406929016,2.2887248633196577e-05,0.040214255452156074,-0.0630616769194603,-0.04419251158833504,0.027156582102179527,-0.05469509959220886,-0.05567750707268714,-0.00620381673797965,0.008261040784418585,0.06101270765066146,-0.05888549238443375,-0.03459077328443527,0.018703086301684376,0.08340084552764893,-0.0272591020911932,-0.048337504267692566,-0.014466727152466772,0.012916279956698416,0.05889365077018738,-0.018950385972857475,0.01694653369486332,-0.031303152441978455,0.041564952582120895,-0.042172178626060486,-0.07686398923397064,0.05015026032924652,0.05711175501346588,-0.05269651114940643,0.02065596356987953,0.035921387374401086,-0.04629034548997879,-8.567870827391742e-05,-0.04241075739264488,-0.06186571717262268,0.029936572536826134,0.008781256154179573,0.0009370316402055325,-0.018317485228180885,-0.057646382600069046,-0.040027257055044174,0.002711537759751081,-0.041113242506980896,0.04846363887190818,-0.06585219502449036,0.25877976417541504,0.09791006892919539,-1.5386936865979806e-05,0.035781946033239365,-0.03394104540348053,-0.02555186301469803,-0.011034646071493624,0.026877498254179955,0.004671691916882992,-0.06378152221441269,-0.03751781582832336,0.014810896478593348,-0.02281193621456623,-0.03866182640194893,-0.07840637117624281,-0.023832859471440315,0.014020802453160284,0.00013023411156609654,0.043150026351213455,0.03854343667626381,0.0033486674074083567,-0.052039746195077896,-0.0762241706252098,0.016746556386351585,-0.0866153910756111,0.0559116005897522,-0.04574785009026528,-0.10446307063102722,-0.023996815085411072,-0.02657231315970421,-0.07909167557954787,-0.0668407678604126,0.11019139736890791,-0.005595012102276087,0.00693030608817935,-0.04715026170015335,0.06779031455516815,0.05227620154619217,-0.0017545112641528249
0.014777147211134432,-0.021810155361890793,-0.02474028430879116,-0.042049828916788094,-0.041389118880033486,-0.06120433658361434,-0.0035995033103972678,0.10322033613920212,0.013590672984719276,0.07396993041038513,0.06192762777209282,0.00714899692684412,0.01524961180984974,0.0,0.11746355146169662,0.009270033799111843,0.01588706485927105,-0.047391343861818314,0.11397513747215272,-0.08669552206993103,0.0672534704208374,0.0045511131174862385,-0.02088266797363758,-0.1042853370308876,-0.022305386140942574,-0.04230906069278717,0.05083071440458298,0.010338327847421168,-0.04853133112192154,0.05988845229148865,0.016662873327732086,0.026870695874094963,-0.03982814773917198,0.034611716866493225,-0.06470826268196106,-0.0073481108993291855,-0.02389194257557392,0.04151498898863792,-0.019498342648148537,-0.14272190630435944,0.004328543785959481,-0.011231819167733192,-0.061976686120033264,-0.054388340562582016,0.022666012868285176,0.03919721022248268,0.042760755866765976,-0.0001617136731510982,0.0024167720694094896,0.012544034048914908,-0.0016951509751379488,0.07862030714750291,0.02844025194644928,0.002339629689231515,0.043061349540948875,-0.02401120960712433,0.012693422846496103,-0.048717867583036416,-0.04545009136199951,0.01069991011172533,0.0012818092945963144,0.013314448297023771,-0.04261082783341408,0.056387756019830704,-0.00421063182875514,0.16023389995098114,-0.12425746768712996,-0.05095135420560837,-0.06354497373104095,-0.05862005800008774,0.032086294144392014,-0.04630047827959061,-0.001165861147455871,0.006649705581367016,-0.04483398050069809,0.025071371346712112,0.0472446084022522,0.0101647712290287,-0.021477604284882545,-0.029618388041853905,0.051824435591697686,0.03586036339402199,0.004542302805930376,-0.005260246805846691,-0.021985169500112534,-0.03773128241300583,-0.052405327558517456,-0.021954229101538655,-0.01791323907673359,-0.017892001196742054,-0.04485408589243889,0.05719439685344696,-0.057963095605373376,-0.014964829199016094,0.07312873750925064,-0.03262698277831077,-0.007670576218515634,-0.04016340896487236,-0.0676732286810875,-0.003475073492154479
-0.08060713857412338,0.03382532298564911,0.04761411249637604,-0.04305053874850273,-0.01822042651474476,-0.07276292145252228,-0.004566265270113945,0.05585784837603569,-0.021255111321806908,-0.005014719907194376,0.05554701015353202,-0.024490568786859512,-0.022938629612326625,0.11746355146169662,0.0,-0.0016321655130013824,0.04737897962331772,-0.06984521448612213,-0.018339743837714195,0.009743960574269295,0.04076852649450302,-0.03426121920347214,0.035585835576057434,0.001377275795675814,0.008478847332298756,-0.015627892687916756,-0.08608219027519226,0.014617628417909144,-0.023015199229121208,0.07417183369398117,-0.014130586758255959,-0.016053684055805206,0.03266451135277748,0.02143923193216324,-0.015811210498213768,-0.021030787378549572,0.07356423884630203,-0.08756138384342194,-0.062257591634988785,0.025600833818316456,0.004226072691380978,-0.022255850955843925,-0.07479649782180786,0.00603594584390521,-0.013974199071526527,0.037871073931455605,-0.010536959394812584,-0.05098266154527664,-0.04876735806465149,0.022484436631202694,0.03010171465575695,0.11782905459403992,0.031104015186429024,-0.06460963934659958,-0.06765560805797577,-0.0420389398932457,-0.013879161328077316,-0.01500563696026802,-0.04178948327898979,0.017586600035429,-0.0060605304315686235,0.0032217123080044985,-0.02630140259861946,-0.08899199217557907,0.11051233112812042,0.1344272494316101,-0.033846143633127206,0.031648684293031686,-0.0788070037961006,-0.07473886758089066,0.003491806797683239,-0.06984470784664154,0.05868004634976387,-0.050016585737466805,-0.016350891441106796,0.08943993598222733,0.0352807454764843,0.038936477154493325,-0.02020176500082016,-0.03629995882511138,-0.04821018502116203,0.019815620034933087,-0.008446149528026579,0.007590102963149548,-0.08382377773523329,0.011126530356705189,0.021363040432333943,0.03852587193250656,0.004822507966309786,-0.0030634915456175804,0.05588923394680023,0.02866472862660885,-0.05034249275922775,0.02103321626782417,0.022898729890584946,-0.009218945167958736,0.034422170370817184,0.01105865743011236,-0.0108668003231287,-0.07824426144361496
0.10355086624622344,0.0432014837861061,-3.523125997162424e-05,0.03044561855494976,-0.05632057785987855,-0.0014190860092639923,0.0543055422604084,0.04904143139719963,-0.06475958973169327,0.013522793538868427,-0.03294610232114792,-0.07979942113161087,-0.049426887184381485,0.009270033799111843,-0.0016321655130013824,0.0,0.05931780859827995,0.00044199690455570817,0.056847997009754174,0.07978014647960663,-0.08682919293642045,-0.012471460737287998,-0.0528273731470108,-0.0183749683201313,-0.06080688536167145,0.005691138561815024,0.029024038463830948,-0.060086362063884735,0.08435187488794327,0.04112638160586357,-0.006306372117251158,-0.003028833540156484,0.08735650032758711,0.00459770206362009,0.013205784372985365,0.012261776253581049,0.007292261347174644,0.09284456074237823,0.03149116411805153,0.06398587673902512,-0.07415413856506348,-0.0442768819630146,-0.07623897492885588,-0.054745547473430634,-0.0077743218280375,-0.012549076229333876,-0.03889912739396095,0.0437372513115406,0.06387676298618317,0.00393391540274024,-0.020957808941602703,0.04877782240509986,0.06764005869626999,-0.07389641553163528,-0.01874919794499874,0.028913289308547974,0.05835038423538208,-0.04947870597243309,-0.11245136708021164,-0.08524711430072784,0.05847318470478058,-0.0019005825743079183,-0.04496692493557929,0.09153346717357635,-0.03989164158701897,-0.01599959097802639,0.02960516884922981,-0.00574992410838604,-0.025799598544836044,-0.08873211592435837,-0.025279812514781952,-0.03064725734293461,-0.0195724219083786,-0.009663474746048449,0.07312078028917313,-0.022378975525498394,-0.10730540752410889,0.037633705884218216,-0.06951718032360077,-0.0760548561811447,-0.048415251076221466,0.031515758484601974,0.007264109328389166,0.01624198444187641,0.008147523738443851,-0.06183412671089172,0.001974589191377163,-0.0013810542877763508,-0.07303889095783234,-0.029530026018619537,0.06575142592191696,0.07800588756799699,0.06908276677131653,-0.033461179584264755,-0.041106924414634705,-0.03278697654604912,-0.022832101210951805,0.009011497721076013,0.020083149895071983,-0.10675972700119019
-0.023574406281113625,0.010165008716285229,-0.09076151996850967,-0.01311612594872713,-2.7907704861718227e-05,0.0243119727820158,0.04374831542372704,-0.021863527595996857,-0.07950759679079054,0.005412415135651826,0.013897454366087912,-0.08745571225881577,0.06782129406929016,0.01588706485927105,0.04737897962331772,0.05931780859827995,0.0,-0.05179157853126526,0.1343669444322586,0.06459487229585648,-0.0706842914223671,0.0901871845126152,0.0038523306138813496,0.05809151753783225,-0.002210689475759864,-0.08059997856616972,-0.01405426487326622,-0.0051519195549190044,0.03711500763893128,-0.0740588828921318,0.02462422661483288,0.016186103224754333,-0.08692659437656401,0.06479977071285248,0.10722725838422777,-0.049266181886196136,0.08292303979396819,2.8879119781777263e-05,-0.012452859431505203,-0.050781380385160446,0.048102058470249176,0.05472034588456154,-0.08403041958808899,-0.06852304935455322,-0.12294787913560867,-0.043642375618219376,0.012831650674343107,-0.06628385186195374,0.04501942917704582,-0.029216513037681576,-0.03252756968140602,-0.0439080037176609,0.003889013547450304,0.002393292495980859,-0.0038596950471401215,-0.04217604920268058,0.0690310150384903,-0.027515025809407238,-0.0950062572956085,0.02610317058861256,0.01505180448293686,0.004128237720578909,-0.0014614638639613986,-0.10528673976659773,0.07464516162872313,0.02244124934077263,0.08820183575153351,-0.01854360848665237,0.05532314628362656,-0.06784991919994354,0.0231691375374794,-0.057972248643636703,-0.002899556420743465,0.01362602226436138,3.258135620853864e-05,0.09029674530029295,-0.04253774881362915,-0.02680439688265324,-0.04615290090441704,-0.011894067749381064,0.04704534262418746,-0.09735710918903351,0.007832470349967478,0.04106113314628601,-0.006629552226513624,0.050487346947193146,-0.028480082750320435,0.03190286457538605,-0.036194540560245514,-0.025458035990595818,-0.008558479137718678,-0.06276920437812805,-0.03800618276000023,0.04960497096180916,-0.0811459869146347,-0.0020419247448444366,0.026435401290655136,-0.03508840128779411,-0.04881514236330985,0.008655724115669726
-0.0037924251519143586,0.08856876939535141,0.00700271176174283,-0.021151430904865265,0.015073966234922407,0.007246722001582384,0.023677507415413857,-0.08832648396492003,0.05988257378339768,-8.028927368286531e-06,-0.04223992675542832,0.00876189861446619,2.2887248633196577e-05,-0.047391343861818314,-0.06984521448612213,0.00044199690455570817,-0.05179157853126526,0.0,0.056669756770133965,0.0430600419640541,-0.02566375583410263,0.004028878640383482,0.043858785182237625,0.06901615858078003,-0.009707781486213207,0.05814190208911896,0.04059410840272904,-0.048188775777816766,-0.033121298998594284,-0.04380612075328826,-0.03111318126320839,-0.0475461408495903,0.009784160181879997,0.1394195407629013,-0.006642353255301714,0.05552273616194725,-0.11761292815208436,-0.10439508408308028,-0.08124142885208131,-0.021687204018235207,0.044916629791259766,0.019974708557128903,-0.0017187690827995539,-0.06817405670881271,-0.03405353054404259,0.006709039676934481,-0.02534053288400173,0.08149357140064238,0.015791455283761024,0.013152679428458212,0.05863165110349655,-0.07070125639438629,-0.05953766405582428,-0.14425860345363617,-1.382720802212134e-05,0.011487365700304508,0.00758913066238165,0.0779593288898468,-0.02286277897655964,-0.08461537957191467,-0.057703062891960144,0.0219262819737196,0.014442204497754572,0.08814680576324464,0.09599369019269945,0.004283107817173004,0.010462699458003044,-0.03618452697992325,-0.029931452125310894,0.13772369921207428,-0.008550508879125118,0.04806707426905632,0.013510351069271564,0.001180509920231998,-0.011689863167703152,-0.023091208189725876,0.019794100895524025,-0.005620097741484642,0.041891910135746,-0.029936281964182854,0.03207271918654442,-0.0017571358475834131,-0.057585377246141434,-0.049652811139822006,-0.07777445763349533,-0.09476459771394728,-0.06650036573410034,-0.03828752413392066,0.0008466086001135408,-0.017046965658664703,-0.030551478266716003,0.0379641056060791,0.04878833889961243,0.06278689205646515,-0.029219014570117,0.005348495207726955,-0.07183761894702911,-0.05410461500287056,-0.03720969334244728,0.008904771879315376
0.009342769160866736,-0.000219016321352683,0.02121876366436481,-0.04548266157507896,-0.08065900206565857,-0.06954491138458252,0.007600101176649331,0.06414671242237091,-0.004370126873254776,-0.002274283906444907,-0.030793966725468636,-0.0476340539753437,0.040214255452156074,0.11397513747215272,-0.018339743837714195,0.056847997009754174,0.1343669444322586,0.056669756770133965,0.0,-0.007953525520861149,0.027576291933655735,-0.02254781499505043,-0.009229185990989208,0.07585841417312622,-0.0420776791870594,0.008464874699711798,0.09741662442684172,-0.06225988641381264,0.05808651447296143,-0.010225734673440456,-0.010344919748604296,-0.006687244400382042,-0.06576378643512726,0.11954002827405928,-0.0852283462882042,-0.07808544486761093,-0.017113082110881805,0.01563284546136856,-0.05454013869166374,-0.05289015173912048,0.009555881842970848,0.0040997895412147045,-0.07402242720127106,-0.0538974329829216,0.015973033383488655,-0.03194978088140488,0.018895883113145828,0.026190511882305145,-0.022940199822187424,-0.05653025209903717,-0.05714765191078185,-0.04680503159761429,0.06164401397109032,-0.04251154139637947,0.04729494452476501,0.0716182067990303,-0.005282083060592413,-0.006127196364104748,-0.0754663422703743,0.09058644622564317,0.07187150418758392,-0.0388757660984993,-0.0053772032260894775,-0.014491986483335497,-0.05674844607710838,0.021326372399926186,-0.04222120344638824,-0.0719776526093483,0.03892006725072861,-0.03436679020524025,-0.005474224220961332,-0.014389184303581715,0.03685753419995308,-0.01444936729967594,-0.08290815353393553,-0.049723058938980096,-0.06866363435983658,-0.02039998769760132,0.08889717608690262,0.0364588163793087,0.07759359478950499,-0.02984960190951824,-0.0050187064334750175,0.023285843431949612,-0.018095750361680984,0.04676107317209244,-0.02903922274708748,-0.05598786100745201,-0.01392954122275114,0.06644633412361145,0.025878753513097763,0.0016024577198550103,-0.03474271669983864,0.020295144990086555,-0.04104391112923622,-0.049568112939596176,-0.05192611366510391,0.05039450526237488,-0.0485411174595356,0.0014751466223970056
