0,1,2,3,4,5,6,7,8,9,10,11,12,13,14,15,16,17,18,19,20,21,22,23,24,25,26,27,28,29,30,31,32,33,34,35,36,37,38,39,40,41,42,43,44,45,46,47,48,49,50,51,52,53,54,55,56,57,58,59,60,61,62,63,64,65,66,67,68,69,70,71,72,73,74,75,76,77,78,79,80,81,82,83,84,85,86,87,88,89,90,91,92,93,94,95,96,97,98,99
0.0,-0.1342537552118301,-0.1073450893163681,-0.18616582453250885,-0.06680495291948318,-0.16191290318965912,0.07156217843294144,0.1096326783299446,0.07557830214500427,0.09656702727079391,-0.05667384341359138,-0.15811479091644287,0.049619968980550766,-0.12224822491407394,0.007483169436454773,0.1113828420639038,-0.041594762355089195,-0.11806292831897736,0.055361486971378326,-0.15044072270393372,0.04892733693122864,0.17999926209449768,-0.06885963678359985,0.07175277918577194,0.09097103029489517,-0.03246116265654564,-0.036888424307107925,-0.13204549252986908,-0.09434010088443757,0.025246175006031994,-0.008258931338787079,0.0912267193198204,-0.15843823552131653,0.09720407426357267,-0.10828793048858643,0.08700800687074661,0.033905696123838425,-0.023693636059761047,0.11489425599575041,0.08913558721542358,-0.02214529737830162,0.04416704922914505,-0.16117212176322937,-0.09255391359329224,0.032223816961050034,0.017513154074549675,0.029242476448416706,0.1461423486471176,0.09442830085754393,-0.17910213768482208,0.22146522998809812,0.055047385394573205,0.14223299920558927,-0.05667746067047119,-0.02024432830512524,0.3641820251941681,-0.061619918793439865,-0.1626453995704651,-0.08876821398735046,-0.16626642644405365,0.16795530915260315,-0.04446103796362877,-0.012054527178406715,0.15839216113090515,-0.2049356400966644,0.021932877600193024,-0.0007821256294846535,0.02899022586643696,-0.1887039393186569,-0.05281346663832664,0.19745637476444244,-0.03087148070335388,0.07429241389036177,0.10273551195859908,-0.1057281345129013,-0.00553488451987505,-0.0827536955475807,-0.011137226596474648,0.056374479085206985,-0.058278534561395645,0.04913413152098656,0.031549528241157525,0.0223532859236002,-0.02279063314199448,0.03608780354261398,-0.12233641743659972,0.10651945322751998,0.022998224943876263,0.018770914524793625,-0.13574913144111633,-0.05734547600150108,-0.017518701031804085,-0.1458993703126907,0.026321355253458023,0.03573494404554367,0.09412283450365065,0.025532495230436325,-0.21377266943454745,-0.023853838443756104,0.006025667302310467
-0.1342537552118301,0.0,0.04264089465141296,0.21283222734928128,-0.18535360693931577,-0.11417078971862792,0.07025527209043503,-0.04025990143418312,0.015592392534017563,0.08052163571119308,-0.19002811610698697,-0.10076195001602171,0.0628354400396347,-0.12285513430833817,-0.16773492097854614,-0.1061481237411499,-0.07135945558547974,0.1727214157581329,0.04404937848448753,-0.01692606508731842,0.003909423481673001,0.01040472276508808,-0.04303700104355812,0.011852347292006016,-0.02456716261804104,-0.09059366583824156,0.03559745103120804,0.08711357414722441,-0.1345340758562088,-0.11889689415693284,-0.13276818394660947,-0.12311075627803802,-0.09514690935611725,-0.016732102259993553,0.1493870913982391,0.06351986527442932,-0.12699413299560547,0.17279356718063354,-0.10023681074380875,-0.12276713550090788,0.17696247994899747,0.12365460395812988,-0.11957687884569168,0.02580943889915943,-0.053501661866903305,-0.3002292215824127,-0.1221480369567871,0.027590600773692128,0.05976501852273941,-0.10115780681371687,0.08092096447944641,0.09448813647031784,0.014121877029538155,0.01101743709295988,0.13382332026958463,0.003961654379963875,-0.09324166923761368,-0.08300931751728058,0.1741846352815628,0.00791007000952959,0.04622233286499977,-0.06883278489112854,0.028366850689053532,0.051806140691041946,0.12420853227376936,-0.011122271418571472,0.07793067395687102,0.10811460763216019,-0.06309366226196289,0.003660339862108231,-0.06529828161001205,0.09713058173656464,-0.254524827003479,-0.013655650429427624,-0.062288329005241394,-0.09890709072351456,0.016882458701729774,0.01164060179144144,0.18870785832405088,0.035980138927698135,0.09025556594133376,0.0015568527160212395,-0.06780439615249634,-0.09290973097085951,0.006897900719195604,0.14874953031539917,0.1723096668720245,0.017547421157360077,-0.06090302765369415,-0.18059082329273224,-0.1312170177698135,-0.01913070678710937,0.13436487317085266,-0.026220485568046566,-0.041690196841955185,-0.03136168047785759,0.2403690963983536,0.019083818420767784,-0.07104291021823883,-0.05976584553718567
-0.1073450893163681,0.04264089465141296,0.0,0.11516769975423811,-0.004668809473514557,0.04234184324741364,0.0369601659476757,-0.009267018176615238,-0.19900116324424744,-0.013445237651467323,-0.02317623235285282,0.2570790648460388,-0.012859932146966456,0.04591897502541542,-0.10785477608442307,-0.07633472979068755,-0.02406858280301094,0.02402709610760212,-0.12578678131103516,0.01296698860824108,-0.03571953997015953,-0.049594134092330926,0.135704904794693,-0.11483356356620789,-0.0020684816408902407,-0.04109255969524384,0.02009903639554977,0.016413889825344086,0.08690759539604187,-0.02528647519648075,-0.1392289698123932,-8.493553650623653e-06,-0.07269521057605742,-0.18036384880542755,0.10206895321607588,0.022950058802962303,-0.0729764774441719,0.06431621313095093,-0.08822117745876312,-0.04813378304243088,-0.0006791086052544415,-0.1105218231678009,0.13151755928993225,0.07089606672525406,0.07009438425302505,-0.1308136135339737,-0.05217890068888664,-0.25322225689888,0.014229587279260159,0.047662228345870965,-0.15937410295009613,0.14210718870162964,0.1452864706516266,-0.06913073360919952,-0.08164223283529282,-0.071757011115551,-0.1526627242565155,0.09496612846851347,0.15491870045661926,-0.07467550784349442,-0.07767980545759201,-0.06285347044467926,-0.005169433541595936,-0.018726449459791183,0.22293196618556976,-0.024663271382451057,-0.03072361834347248,-0.0472189225256443,-0.056298971176147454,0.16121087968349457,-0.16011300683021543,0.040496036410331726,-0.12392646819353104,-0.06810303777456284,0.097571462392807,-0.28953686356544495,0.005740293767303228,-0.050687644630670554,0.08427553623914719,0.27906298637390137,0.16929644346237183,0.039979852735996246,-0.00692263711243868,-0.1112534999847412,-0.06197011843323708,0.03794525563716888,-0.06489772349596024,0.15655313432216644,-0.26965272426605225,0.04440337419509888,-0.29639989137649536,-0.014272493310272692,0.07848276197910307,0.04684310033917427,0.01466434635221958,-0.04666770249605178,0.002634911332279444,0.1794280111789703,-0.03852818161249161,-0.02069660648703575
-0.18616582453250885,0.21283222734928128,0.11516769975423811,0.0,-0.09133296459913251,0.056580934673547745,0.02761676162481308,0.16678093373775482,-0.0651722401380539,0.09050042182207108,-0.3131451904773712,-0.10538671910762785,0.03951825574040413,0.09974345564842224,-0.09654492139816284,-0.12077035754919052,0.04218220338225365,-0.04926089197397232,0.119598850607872,0.0318673737347126,0.01254164520651102,0.12103377282619476,0.1375264823436737,-0.11166945844888689,0.1258128136396408,0.05429043620824814,0.22820700705051425,-0.14430181682109833,-0.06332270056009293,0.09358688443899153,0.33043146133422846,-0.14919902384281158,-0.37999179959297186,-0.08673032373189926,-0.22450485825538635,0.1734325885772705,0.04155254736542702,-0.019760943949222565,0.02479295991361141,0.06120432913303375,0.08587265759706497,0.05298032984137535,0.03527038171887398,0.1709202378988266,0.07321930676698685,-0.12549468874931335,-0.32097625732421875,-0.13500580191612244,-0.029494680464267727,-0.04580484330654144,0.01869157515466213,0.1579155474901199,0.12135412544012068,-0.08322848379611969,0.05818075314164162,0.10918296873569489,-0.2545699775218964,-0.2366359978914261,0.25097495317459106,-0.2462131232023239,0.20243270695209503,-0.09840764105319978,0.01285434141755104,0.026152556762099263,0.06790688633918762,0.03317759558558464,0.14360196888446808,0.07939047366380692,-0.19777166843414304,0.1898011863231659,-0.31506145000457764,0.049127969890832894,-0.17766912281513214,-0.07333458960056305,-0.020593868568539616,-0.33807229995727534,-0.05601154267787933,-0.07802217453718185,0.052106574177742,-0.06669247150421143,-0.04198411107063293,-0.020908517763018608,0.024746321141719815,-0.05047226324677467,-0.044094674289226525,-0.013380638323724268,0.06033308431506157,0.05923978611826897,-0.14158080518245697,-0.09762174636125565,0.05547299236059189,0.01387442462146282,-0.12972566485404968,-0.048552803695201874,0.14993275701999664,-0.2543081045150757,0.011367329396307468,0.10005322098731995,-0.211020827293396,-0.17547354102134705
-0.06680495291948318,-0.18535360693931577,-0.004668809473514557,-0.09133296459913251,0.0,0.020600488409399983,-0.007074269931763411,-0.2589905560016632,-0.11882794648408888,-0.3192909955978393,0.2350774109363556,0.21844078600406647,-0.05530639737844467,0.03909450024366378,0.02367563173174858,0.16534700989723203,-0.04687798023223877,-0.2595122456550598,-0.3706178367137909,-0.01712413877248764,-0.060022685676813126,-0.04563784599304199,-0.12234263122081757,0.010004173964262009,-0.11483152955770493,-0.01701618917286396,-0.03805980831384658,-0.040955670177936554,0.07377269119024275,-0.02703968994319439,-0.24414731562137604,0.19840747117996213,0.3270550072193146,-0.03390588238835335,0.0615498311817646,-0.11105560511350632,0.01297004334628582,0.03996666520833969,-0.008568278513848782,-0.050151053816080086,-0.20300856232643127,-0.23621924221515653,0.11964911222457884,-0.021858138963580128,0.016306979581713676,0.0876292958855629,0.28311800956726074,-0.10518062859773636,-0.02605763264000416,0.1531773954629898,-0.37092435359954834,-0.0003759137471206486,0.04200548678636551,0.0687931478023529,-0.07176199555397034,-0.16343696415424347,0.1779049187898636,0.13623584806919095,-0.04759077727794647,0.13304027915000916,-0.12649579346179962,0.16236446797847748,-0.1295127421617508,-0.014400775544345377,0.10173533856868744,-0.10581976175308228,-0.1222047135233879,-0.25427496433258057,0.1388239562511444,-0.017517374828457832,0.20868244767189023,0.11334992945194244,0.2857184410095215,-0.0038079153746366497,0.07332260906696318,0.02686857990920544,0.1031661257147789,-0.008710377849638462,-0.1427566111087799,0.08919568359851837,0.11089110374450684,-0.0775323286652565,0.20887932181358335,-0.17683105170726776,-0.07102243602275848,0.0025993227027356625,-0.13845615088939667,0.13207846879959106,-0.12056057900190352,0.2580120861530304,-0.024749964475631717,0.011882105842232704,-0.13339300453662872,0.17638608813285828,-0.11383706331253052,0.012323826551437376,-0.13712395727634427,-0.08398712426424025,0.28305932879447937,-0.021691242232918736
-0.16191290318965912,-0.11417078971862792,0.04234184324741364,0.056580934673547745,0.020600488409399983,0.0,0.03804653510451317,-0.041877612471580505,0.10669679939746857,-0.1778780221939087,-0.07714609801769257,0.11309261620044708,0.057348515838384635,0.08503814786672592,-0.004403804894536734,0.12643660604953763,0.02323145233094692,-0.002454169793054461,-0.18870349228382113,-0.0774652361869812,-0.04663578793406487,-0.06288940459489822,-0.05753690749406815,-0.029545433819293972,-0.02541608549654484,-0.010040098801255226,-0.07739830017089844,0.004351494833827019,0.002045145723968744,-0.025962695479393005,-0.011074988171458244,0.25108838081359863,-0.028406860306859016,-0.01043296605348587,0.08003606647253036,-0.05212964117527008,0.032689254730939865,-0.01625389978289604,-0.016104925423860546,0.01320146396756172,-0.14163717627525327,-0.05848913639783859,0.0059571582823991776,0.02904843166470528,-0.012669031508266924,0.05375447124242783,0.07006604969501495,-0.03614307194948197,0.05537503957748413,0.07398129254579544,-0.2029991447925568,0.01838163658976555,0.05008189007639885,0.06940218061208725,0.030209675431251522,-0.0004200921102892608,-0.028161846101284027,-0.08710736036300659,0.11855867505073547,0.07112552970647812,-0.1458398699760437,0.003737811930477619,0.06332581490278244,0.05779393762350082,0.16832448542118073,-0.07968124002218246,0.025705605745315552,-0.11704599857330322,0.12876150012016296,0.14198452234268188,-0.08873792737722397,-0.07553692162036894,0.07161187380552292,-0.036111563444137566,-0.009504582732915878,-0.03748758137226105,0.16126802563667297,-0.062048785388469696,-0.12235160171985626,0.052554912865161896,-0.053987357765436166,-0.042594872415065765,0.032712485641241074,0.02007718756794929,-0.14013437926769257,0.1359158158302307,-0.10606062412261962,0.07422836869955063,-0.0635356456041336,0.08163360506296156,0.0159648135304451,-0.05311774462461472,-0.11773738265037537,0.05224042385816574,0.00184545514639467,-0.00983311329036951,-0.04163841530680656,-0.05568245053291321,-0.030852185562253,0.04087946191430092
0.07156217843294144,0.07025527209043503,0.0369601659476757,0.02761676162481308,-0.007074269931763411,0.03804653510451317,0.0,-0.03026624955236912,-0.08763490617275238,-0.049705564975738525,0.14947445690631866,0.05773130804300308,-0.05999409779906273,-0.00790414959192276,-0.208529993891716,0.09187722206115721,0.010093005374073982,0.04997193068265914,-0.050552114844322205,-0.005819856654852629,0.010069329291582108,-0.05883203074336052,-0.008911637589335442,0.015746016055345535,-0.06372708827257156,-0.010678902268409727,0.15995167195796967,0.051272597163915634,-0.020994314923882484,-0.20474466681480408,-0.21940763294696808,-0.02603702247142792,-0.039454597979784005,-0.05166587233543396,0.002033073455095291,-0.08743556588888168,0.039350666105747216,0.051945306360721595,-0.00636472087353468,-0.023550011217594143,-0.035441894084215164,-0.09293045103549956,0.0406147725880146,-0.00956915598362684,-0.007334004621952771,-0.09605634212493896,-0.016040433198213577,-0.056415144354105,-0.03384476527571678,0.07088668644428253,-0.17765197157859802,0.04067759588360786,0.002224540337920189,0.0557093620300293,-0.08151729404926301,-0.059546973556280136,-0.021813321858644485,0.03387308865785599,0.04086320474743843,0.17935918271541595,-0.16806170344352722,-0.05310517176985741,0.1129809096455574,-0.06963639706373215,0.11404827237129211,-0.07182909548282623,-0.013589883223176003,-0.0787208303809166,-0.09218771010637283,0.038544200360774994,0.07127213478088379,0.02128261886537075,0.04141497611999512,0.09418834000825882,0.06761898100376129,-0.13775010406970975,-0.012244860641658306,-0.031401149928569794,0.003018301445990801,0.14123551547527313,0.10212914645671844,-0.08377062529325485,-0.03720557689666748,0.06851644814014435,-0.04155272990465164,0.09389142692089082,-0.15673865377902985,-0.005026012659072876,-0.08272635936737059,-0.060800764709711075,-0.012606958858668804,0.005719819571822882,-0.002764808014035225,0.07184506207704544,-0.010999348014593124,0.012243904173374176,0.1462659239768982,-0.0443461388349533,0.13475599884986875,-0.04422302544116974
0.1096326783299446,-0.04025990143418312,-0.009267018176615238,0.16678093373775482,-0.2589905560016632,-0.041877612471580505,-0.03026624955236912,0.0,0.22749307751655576,0.1736880838871002,-0.08558129519224167,0.0975090116262436,0.1221764162182808,-0.03254539147019386,-0.04837214574217796,0.1236068606376648,-0.17128019034862518,0.16339190304279327,-0.08601197600364685,0.1406364142894745,-0.0011447443393990395,-0.017935277894139286,-0.010366925038397312,-0.03338634967803955,-0.1189451515674591,0.01720205508172512,-0.06341226398944855,0.05453230440616608,0.008336971513926983,-0.24194608628749847,-0.1370077282190323,0.06580115854740143,0.06776290386915207,-0.07017050683498383,0.11016689240932465,-0.22044330835342407,-0.04937852919101715,0.03294659033417702,-0.2652430534362793,-0.0031694218050688505,0.12634281814098358,-0.0388563759624958,0.06655807793140411,-0.08574298769235611,-0.10843212157487868,-0.11176766455173492,0.05365712568163872,0.06009688973426818,-0.05681223049759865,0.005395572632551192,0.04504554346203804,-0.1290181130170822,-0.2577309012413025,0.13361012935638428,0.030240045860409737,-0.0855550765991211,0.13388778269290924,0.15737375617027283,0.009976036846637724,0.07775416970252991,-0.127675399184227,-0.030456731095910072,0.02712048962712288,-0.06575943529605865,0.028448397293686863,-0.08028201013803482,0.040223326534032815,0.1423281282186508,0.17823630571365356,-0.3404123783111572,-0.015834521502256393,-0.0009290028247050942,-0.19478283822536469,-0.16084390878677368,0.00611967733129859,0.19428932666778564,0.06633105874061584,0.08506456017494202,-0.00793053861707449,-0.16652902960777283,-0.002571975812315941,-0.03187943249940872,0.04353635013103485,-0.00029871918377466494,-0.06726434081792831,-0.02085842192173004,-0.01726820506155491,-0.10737953335046768,0.0831688567996025,0.008172835223376753,0.1476331651210785,-0.0670398473739624,0.11168395727872849,-0.06678405404090881,-0.040691379457712167,0.03243789076805115,0.0417863093316555,0.07203097641468048,0.012125060893595219,0.0192310381680727
0.07557830214500427,0.015592392534017563,-0.19900116324424744,-0.0651722401380539,-0.11882794648408888,0.10669679939746857,-0.08763490617275238,0.22749307751655576,0.0,0.08519891649484633,0.04253823682665825,-0.1643114387989044,0.025258844718337056,-0.07962630689144135,0.06390602886676788,-0.11620865762233734,-0.01688051037490368,0.015073389746248722,0.05132267996668816,-0.16630253195762634,0.007189970463514328,-0.05113738030195236,-0.17512498795986176,-0.2292112410068512,0.09656597673892976,-0.040544524788856506,-0.03103877417743206,-0.09691677987575532,0.049186702817678445,0.17204825580120087,0.2727624773979187,-0.24893830716609955,-0.00666467659175396,0.11150959134101868,-0.06273337453603745,0.11598362028598784,-0.04646436497569084,-0.14732056856155396,0.15504753589630127,0.1180746704339981,-0.023153411224484444,0.07630816847085951,-0.1370634287595749,-0.09026275575160979,-0.07062551379203796,0.061337653547525406,-0.05290562659502029,0.15088525414466855,-0.08554048091173173,-0.10316111892461775,0.29255557060241694,0.0009555002325214445,0.05539680644869804,-0.047408759593963616,0.060332898050546646,0.08359288424253462,-0.15121175348758695,0.015728643164038658,-0.12704993784427643,-0.07792123407125473,0.17212407290935516,-0.015292481519281864,-0.018938837572932243,-0.04610901698470116,-0.09849600493907928,0.023857565596699715,0.013202250935137272,0.08473486453294754,-0.043172724545001984,-0.09042706340551376,0.0016234872164204717,-0.04307302460074425,-0.04458848387002945,0.003421034198254347,0.03996642678976058,0.046866487711668015,-0.051185674965381615,-0.0242485236376524,-0.08483327925205231,-0.17116765677928925,-0.03369280695915222,-0.04944255203008652,0.047208596020936966,0.0671609565615654,0.008609425276517868,-0.07146675139665604,-0.00036054037627764046,-0.016213824972510334,0.13966038823127747,-0.004573632963001728,0.11924682557582857,-0.1052224263548851,-0.07926614582538605,-0.14419326186180115,0.08865818381309509,0.01909213699400425,0.015249254181981087,-0.053496383130550385,-0.06243271380662918,0.05880114063620567
0.09656702727079391,0.08052163571119308,-0.013445237651467323,0.09050042182207108,-0.3192909955978393,-0.1778780221939087,-0.049705564975738525,0.1736880838871002,0.08519891649484633,0.0,-0.14677363634109497,-0.05097014456987381,-0.02413987368345261,-0.004717395640909672,-0.06249107047915459,-0.15560515224933624,-0.0027538479771465063,0.22324024140834808,0.14958982169628143,-0.01228424161672592,0.14835913479328156,0.0010410312097519636,0.08084551990032195,-0.16621001064777374,0.1508417576551437,-0.08810298889875413,-0.11115753650665285,-0.06267109513282776,-0.16212528944015503,0.1020498126745224,0.364495187997818,-0.2693537175655365,-0.15984487533569336,0.06771598011255264,0.042599696666002274,0.013827646151185036,0.05045616254210472,0.13913434743881223,-0.1346111297607422,-0.0069968458265066156,0.16599084436893463,0.1730358749628067,-0.05718544870615005,-0.0416809469461441,-0.06571301817893982,-0.07017114013433456,-0.23496286571025848,0.08302149176597595,-0.12977051734924316,-0.05623171105980873,0.4196487367153168,-0.015520875342190264,-0.05131575092673302,-0.12511184811592102,0.17704828083515167,0.022300155833363533,-0.2086462378501892,0.047699827700853355,-0.026184618473052975,-0.10379377752542496,0.014709671959280968,0.04674551263451576,0.04869619384407997,0.01148476544767618,-0.23738676309585569,0.13671463727951047,0.16946248710155487,0.10391350835561752,-0.1702287644147873,-0.24400925636291504,-0.1234789416193962,0.032148342579603195,-0.24075300991535184,-0.014510808512568472,-0.01137473527342081,0.045825015753507614,-0.09065629541873933,0.051879432052373886,0.29062122106552124,-0.4520594477653504,0.029595324769616127,0.09248108416795729,-0.21463520824909207,-0.008175872266292572,0.05984944850206375,-0.10272613167762756,0.20098061859607697,-0.05571100488305092,0.28051844239234924,-0.20846886932849884,-0.1415963917970657,0.031496159732341766,0.197607547044754,-0.15286764502525327,0.07060763239860535,0.005826699081808329,0.02715742588043213,0.15157093107700348,-0.0981769487261772,-0.08917535096406937
-0.05667384341359138,-0.19002811610698697,-0.02317623235285282,-0.3131451904773712,0.2350774109363556,-0.07714609801769257,0.14947445690631866,-0.08558129519224167,0.04253823682665825,-0.14677363634109497,0.0,-0.05445559322834015,0.05422556400299072,-0.009028611704707144,0.07251590490341185,0.18562158942222595,0.02204843796789646,-0.2092459201812744,-0.05558097362518311,-0.1326247602701187,-0.06600318849086761,0.08947667479515076,0.0024382267147302628,0.1183866411447525,-0.05977404862642288,0.018732566386461254,0.07157520949840546,0.07162248343229294,0.036161798983812325,-0.1183438003063202,-0.015305590815842152,0.2267373651266098,0.07559823989868163,0.024555757641792297,-0.1683111786842346,0.00044734487892128527,0.06924867630004883,-0.06972711533308029,0.13636481761932373,-0.014452720060944555,-0.1410588175058365,-0.11507034301757812,-0.020119624212384224,-0.12334929406642912,0.007273835130035877,0.10443852841854095,0.14012373983860016,-0.004629564471542835,-0.008953230455517769,-0.04201022908091545,-0.23809634149074557,0.04713448509573936,0.038542717695236206,0.018073527142405506,-0.122800275683403,0.031251035630702965,0.17204798758029935,-0.013835404999554156,-0.14399369060993195,0.07764338701963425,-0.042237423360347755,-0.05729566887021065,-0.04735447466373444,0.036105606704950326,-0.014124510809779167,-0.03942810744047165,-0.1895500719547272,-0.1249869242310524,0.058190222829580314,-0.0363234244287014,0.18628010153770447,-0.10765562951564787,0.25456759333610535,0.026575701311230656,-0.134446918964386,0.08857247233390808,0.0005687796510756016,-0.0022185614798218008,-0.14870089292526245,0.025180106982588768,-0.03788457438349724,0.01010005921125412,-0.00280529516749084,0.010177996940910816,-0.12798357009887695,0.04223601520061493,-0.08264432102441788,-0.08794617652893065,-0.09558264911174774,0.051728785037994385,0.07063638418912888,-0.0015639483463019133,-0.16666866838932037,0.14301708340644836,-0.053585700690746314,0.121219165623188,-0.10131067782640456,-0.23305501043796537,0.10070113092660904,0.17762674391269684
-0.15811479091644287,-0.10076195001602171,0.2570790648460388,-0.10538671910762785,0.21844078600406647,0.11309261620044708,0.05773130804300308,0.0975090116262436,-0.1643114387989044,-0.05097014456987381,-0.05445559322834015,0.0,-0.06452666223049164,0.04008090496063232,0.05805838108062744,-0.1560646295547485,-0.0025162799283862114,-0.10248087346553802,-0.051925111562013626,0.08394069969654083,0.3059756457805633,-0.08748406171798706,0.01573612354695797,-0.1305340081453323,-0.040471859276294715,0.02116669714450836,-0.39098691940307617,-0.018715728074312207,0.3005872964859009,0.15620501339435575,-0.29573333263397217,0.15023131668567655,0.15806348621845245,-0.09238817542791367,0.19747717678546903,-0.06397202610969543,-0.0613616369664669,0.09645888954401016,-0.07120806723833084,-0.1198507472872734,-0.08036541938781738,-0.04447655752301216,-0.02018836699426174,0.05583685636520386,-0.028265357017517086,0.027472909539937973,0.057251956313848495,-0.21271777153015137,-0.036793433129787445,0.053914036601781845,0.15226133167743683,-0.09973375499248505,0.27690944075584406,-0.10576769709587096,-0.14524386823177335,-0.28410330414772034,-0.05687909200787544,0.2170652151107788,0.07101118564605713,0.031041720882058144,-0.016200687736272812,0.021861970424652096,0.06351877003908157,-0.102900892496109,-0.13257917761802673,0.07841822504997253,-0.30346593260765076,0.00930106360465288,-0.05062458291649818,0.09199522435665129,-0.16909833252429962,-0.05351277068257332,0.042652543634176254,-0.09749216586351393,-0.1357714682817459,0.02735072933137417,-0.2409149408340454,-0.10921062529087067,0.0004129008448217064,-0.1141696125268936,0.12879472970962524,-0.07614009827375413,0.13195206224918363,0.06066922843456268,-0.08681397140026093,-0.09732914716005325,0.00355664361268282,-0.002242490416392684,0.07861265540122986,0.1273648738861084,-0.06881007552146912,-0.08119230717420578,0.0987149178981781,-0.03895513340830802,-0.16924819350242615,0.04117266833782196,-0.10362590104341506,0.08353905379772186,-0.007938372902572155,0.010050483047962189
0.049619968980550766,0.0628354400396347,-0.012859932146966456,0.03951825574040413,-0.05530639737844467,0.057348515838384635,-0.05999409779906273,0.1221764162182808,0.025258844718337056,-0.02413987368345261,0.05422556400299072,-0.06452666223049164,0.0,-0.09968797862529753,0.00933651439845562,-0.17111819982528687,-0.004015758167952299,0.06054379791021347,0.03570770472288132,0.005105246789753437,-0.017381446436047554,0.032760266214609146,-0.05344344303011894,0.03973951935768128,0.08954765647649765,-0.022418059408664703,0.04816684499382973,-0.031519610434770584,-0.014327761717140675,0.05674159526824951,0.00669048260897398,-0.3352068364620209,-0.017562007531523705,-0.0664903074502945,-0.03218979388475418,0.06659625470638275,-0.03403391316533089,0.03707984834909439,0.11132322996854782,-0.006781552918255329,0.09297860413789748,0.01000694278627634,-0.032324519008398056,-0.006664230488240719,0.016227731481194496,-0.06613416224718094,-0.09461240470409392,-0.13840004801750183,0.052634596824646,-0.07519196718931198,0.06922336667776108,0.015611929818987846,0.10276094824075697,-0.04121655970811844,-0.1494287401437759,-0.015411675907671452,-0.11502600461244585,-0.14252591133117676,-0.013581017963588236,-0.051357712596654885,0.07824194431304932,-0.04105856642127037,-0.012578269466757774,0.02000119909644127,-0.039904091507196426,-0.03115944936871529,-0.0009137489832937715,0.09199401736259459,-0.09282889217138289,-0.07161464542150497,-0.10857401043176652,-0.07061214745044708,0.04950440675020218,-0.10573089122772215,-0.0006668218993581833,-0.11914443969726562,-0.12696142494678497,-0.13142551481723783,-0.08366350084543228,0.06233954057097434,0.011751957237720488,-0.08178675174713135,-0.030160389840602875,-0.06604290753602982,0.12343253195285796,0.0005989543278701603,0.06320243328809738,-0.06183893233537673,-0.006964363157749176,-0.07778307795524597,-0.08770733326673508,-0.005289632361382246,0.06736587733030319,0.014402063563466072,-0.02436813712120056,-0.07425138354301453,0.09562251716852188,0.01968509890139103,-0.029222497716546055,-0.17060202360153198
-0.12224822491407394,-0.12285513430833817,0.04591897502541542,0.09974345564842224,0.03909450024366378,0.08503814786672592,-0.00790414959192276,-0.03254539147019386,-0.07962630689144135,-0.004717395640909672,-0.009028611704707144,0.04008090496063232,-0.09968797862529753,0.0,-0.09548340737819672,4.657773024518974e-05,0.0431973934173584,-0.027027538046240807,-0.02680511213839054,-0.020802583545446396,-0.017114361748099327,0.05677468329668045,-0.07715225964784622,0.018686203286051754,-0.06591013073921204,-0.01876283437013626,-0.06840750575065613,0.0010572393657639623,0.006380985490977764,0.012994037009775639,-0.20770587027072904,0.23161694407463077,-0.2125120311975479,0.04225793853402138,0.030583897605538368,-0.04639855772256851,-0.015268584713339804,-0.0745718628168106,-0.012648692354559898,0.07963456213474274,-0.013393889181315897,-0.023808971047401428,-0.02533874288201332,0.10559258610010148,0.1052013710141182,-0.11368168145418169,-0.03129047155380249,-0.012443730607628822,0.060918722301721566,-0.014770908281207085,-0.02090577036142349,0.028310127556324005,0.18713732063770291,0.05906939879059792,-0.004595458041876554,-0.049561820924282074,-0.017091693356633186,-0.00921223685145378,0.168310210108757,-0.08879882842302321,-0.009042967110872269,0.024547383189201355,0.07439738512039185,0.10056570172309875,0.0875689908862114,-0.004119768273085356,0.0012564845383167267,-0.048822250217199326,-0.08686832338571548,0.011034625582396984,0.10579394549131392,-0.07721216231584549,-0.08557435125112532,0.10195406526327132,0.0583755187690258,-0.13691698014736176,0.024832267314195633,-0.024504469707608223,0.062051020562648766,0.05488991737365723,-0.03646057099103928,0.026171138510107998,-0.1518828123807907,-0.05837734788656235,-0.015872644260525703,0.1550806164741516,-0.03965684771537781,0.11564569175243376,-0.01811484061181545,-0.0668826699256897,-0.03928045555949211,-0.03138967975974083,-0.0839160606265068,0.0197051465511322,0.08477269858121872,0.030862323939800262,-0.010129658505320547,0.008630997501313686,-0.0341828279197216,-0.01654925011098385
0.007483169436454773,-0.16773492097854614,-0.10785477608442307,-0.09654492139816284,0.02367563173174858,-0.004403804894536734,-0.208529993891716,-0.04837214574217796,0.06390602886676788,-0.06249107047915459,0.07251590490341185,0.05805838108062744,0.00933651439845562,-0.09548340737819672,0.0,0.30826893448829645,-0.154801607131958,-0.0031068858224898577,-0.03093775548040867,-0.0840208977460861,0.10579103231430052,-0.14716079831123352,-0.17891162633895874,-0.026521237567067143,-0.06863555312156677,0.017603935673832893,-0.20793168246746063,-0.018382012844085693,0.14498102664947507,-0.07318731397390364,-0.1256355047225952,0.1343238055706024,0.2918884754180908,0.07896815985441206,0.05116507038474082,-0.18793560564517972,-0.02249588444828987,-0.22440160810947415,0.07252514362335205,0.017185261473059654,-0.15545292198657987,-0.049034520983695984,-0.023996818810701367,-0.033155638724565506,-0.2183968424797058,0.15608665347099304,0.21686820685863492,0.16905641555786133,-0.022290512919425964,0.11360601335763933,-0.043099846690893166,-0.22468431293964383,-0.14243672788143155,0.1455269753932953,0.009425499476492405,-0.06536873430013657,0.09606610238552092,0.012499332427978516,-0.0010759661672636867,0.09827163070440291,-0.1567533314228058,0.06954319030046463,0.0031886475626379247,-0.1295684427022934,-0.09818300604820253,0.2584434449672699,-0.14723503589630127,-0.00602178368717432,0.17868514358997345,-0.008721504360437393,0.294736385345459,0.0857773944735527,0.12690894305706024,1.7982954886974767e-05,0.0631081685423851,0.08859078586101533,0.02985812909901142,0.014291751198470592,-0.1033884584903717,-0.12325194478034972,-0.17993630468845367,-0.16860561072826383,0.08489467203617096,-0.07610782235860825,0.02531815133988857,0.023607950657606125,-0.05763089284300804,-0.03990271687507629,0.07945786416530609,0.1324225217103958,0.153951033949852,-0.09408924728631972,-0.04297276213765144,-0.011915484443306921,-0.03627503290772439,0.15008991956710815,-0.0885799154639244,-0.11456567049026488,0.18081182241439817,-0.0263100229203701
0.1113828420639038,-0.1061481237411499,-0.07633472979068755,-0.12077035754919052,0.16534700989723203,0.12643660604953763,0.09187722206115721,0.1236068606376648,-0.11620865762233734,-0.15560515224933624,0.18562158942222595,-0.1560646295547485,-0.17111819982528687,4.657773024518974e-05,0.30826893448829645,0.0,0.2013152837753296,-0.3538551330566406,-0.10488594323396681,-0.09813035279512403,-0.08730534464120863,-0.013400876894593239,-0.20459230244159696,0.09154391288757324,0.052677903324365616,0.00755753181874752,-0.0414348766207695,-0.05443330481648445,0.025774279609322548,0.3261398673057556,0.003839763812720776,-0.20632612705230713,0.38230144977569586,0.13035142421722412,-0.13538828492164612,0.17821624875068665,-0.07563129067420958,-0.1000346913933754,0.153558149933815,0.14594388008117676,-0.14629380404949188,-0.013914940878748892,-0.11179018020629881,-0.10474926978349684,0.12864704430103302,0.08250869065523148,-0.021468069404363632,-0.05243804678320885,0.14781771600246427,-0.052365422248840325,0.034037962555885315,0.074155256152153,0.08991959691047667,-0.20444323122501373,-0.1659456193447113,-0.004087730776518583,0.13658401370048523,-0.08923666179180145,-0.20045064389705655,-0.05588492751121521,0.17290277779102323,0.0017633925890550015,-0.10730469971895217,0.054138295352458954,-0.2238721549510956,0.09256336092948912,-0.09963547438383102,-0.018641887232661247,0.04756111651659012,0.07446117699146271,0.015920137986540794,-0.19778467714786527,0.2584750950336456,0.01072089932858944,-0.04874898120760918,-0.013111132197082043,-0.10943077504634856,-0.2596518397331238,-0.29567280411720276,0.06367987394332886,-0.1225082129240036,0.016511913388967514,0.07903794944286345,0.13676550984382627,-0.00742054544389248,-0.11315294355154036,-0.0020973710343241687,-0.06962047517299652,0.0017790111014619467,-0.009912542998790741,0.03576124086976051,0.00651794858276844,-0.07628345489501953,0.08850777894258499,-0.07655403763055801,0.047483813017606735,0.020701089873909954,-0.14825721085071564,-0.10876911878585815,-0.0385771170258522
-0.041594762355089195,-0.07135945558547974,-0.02406858280301094,0.04218220338225365,-0.04687798023223877,0.02323145233094692,0.010093005374073982,-0.17128019034862518,-0.01688051037490368,-0.0027538479771465063,0.02204843796789646,-0.0025162799283862114,-0.004015758167952299,0.0431973934173584,-0.154801607131958,0.2013152837753296,0.0,0.004480880219489336,-0.022209992632269856,0.02503279969096184,-0.20142523944377896,0.028104333207011223,0.014289542101323605,0.07486576586961746,-0.19862119853496552,0.0071784481406211844,0.24008058011531827,0.03904198482632637,-0.03589654341340065,-0.11739206314086914,-0.05829273909330368,0.22269462049007413,-0.2785645425319672,-0.002463688608258962,-0.09662630409002304,-0.03263140097260475,0.03230208158493041,0.1176643744111061,-0.11250630766153336,-0.02227446064352989,-0.011630288325250149,-0.06680672615766525,-0.06421209126710892,0.0632433220744133,0.06922079622745514,-0.2211564779281616,0.022483283653855324,0.0919683277606964,-0.04985278472304344,0.02943684533238411,-0.2906559705734253,0.1027490422129631,0.08642607927322388,-0.03280889242887497,-0.0019997153431177135,-0.01299644075334072,0.047885321080684655,-0.07465137541294099,0.1358846127986908,-0.02923872321844101,0.003088724799454212,-0.04571126773953438,-0.0814565494656563,0.10871123522520064,0.03288746997714043,0.014108463190495968,-0.07724473625421523,-0.05922745168209076,-0.11100777983665466,0.0037382144946604967,0.1858821213245392,0.1432991474866867,-0.0887877345085144,0.1629054099321365,0.001890522427856922,-0.009781526401638985,0.052190229296684265,-0.15758219361305237,0.15049466490745544,0.020296938717365265,-0.03415864333510399,0.0748036280274391,-0.07267866283655167,-0.05946412682533264,-0.027156833559274677,0.02758529596030712,-0.07731340825557709,0.1511811465024948,-0.07688745111227036,-0.1113462895154953,-0.04130174964666367,-0.02894940972328186,-0.11709123849868774,0.00981419160962105,0.08407685160636902,-0.030678043141961098,-0.07154285907745361,-0.01000908575952053,-0.005163334310054779,0.00572667270898819
-0.11806292831897736,0.1727214157581329,0.02402709610760212,-0.04926089197397232,-0.2595122456550598,-0.002454169793054461,0.04997193068265914,0.16339190304279327,0.015073389746248722,0.22324024140834808,-0.2092459201812744,-0.10248087346553802,0.06054379791021347,-0.027027538046240807,-0.0031068858224898577,-0.3538551330566406,0.004480880219489336,0.0,0.10476288199424744,0.05301450565457344,-0.008289008401334284,0.03805447369813919,-0.019151413813233372,-0.10887680947780608,0.11582811176776885,0.032578498125076294,-0.04203833639621735,-0.012509804219007492,0.00339111196808517,0.16501440107822418,0.10347355902194975,-0.24757759273052213,-0.1008804738521576,0.22413526475429532,-0.06278994679450989,0.12694202363491058,-0.03475899249315262,0.06536950170993805,-0.116827592253685,0.12640029191970825,0.16223455965518951,0.10508537292480467,-0.10970986634492874,-0.05854607000946999,-0.021617531776428223,-0.07301148027181625,-0.16711238026618955,0.04331466183066368,-0.10431691259145735,-0.11458432674407958,0.43423092365264887,-0.003970436751842499,0.1014103665947914,-0.026405643671751022,0.01657750830054283,0.1252087354660034,-0.040479905903339386,-0.14359034597873688,-0.04301931709051132,-0.16693484783172607,0.06783690303564072,-0.043652530759572976,-0.03979574516415596,0.08136921375989915,-0.09380381554365158,0.12274174392223358,0.026113476604223248,-0.019080491736531258,-0.14691627025604248,-0.010950174182653429,-0.18398825824260712,-0.04226189479231834,-0.11487918347120284,0.006039148662239313,0.05492048338055611,0.022466842085123066,-0.2729039192199707,-0.02825239300727844,0.07446756958961488,-0.2608228027820587,0.02301052026450634,-0.015177592635154724,-0.03936562314629554,0.12112145125865936,0.035199571400880814,-0.19162744283676147,0.09092214703559875,-0.06262625008821487,0.12065016478300095,-0.14627499878406525,0.07258571684360504,0.033958595246076584,-0.070144884288311,-0.08832398056983948,-0.013265681453049181,0.05443432182073593,0.04069514572620392,-0.03305438905954361,-0.0810442417860031,0.029000718146562576
0.055361486971378326,0.04404937848448753,-0.12578678131103516,0.119598850607872,-0.3706178367137909,-0.18870349228382113,-0.050552114844322205,-0.08601197600364685,0.05132267996668816,0.14958982169628143,-0.05558097362518311,-0.051925111562013626,0.03570770472288132,-0.02680511213839054,-0.03093775548040867,-0.10488594323396681,-0.022209992632269856,0.10476288199424744,0.0,0.08964060992002486,0.07380753755569458,-0.07567450404167174,-0.20658293366432187,-0.11623182147741316,0.008393416181206703,0.021056964993476868,-0.18337726593017575,-0.13219238817691803,-0.19805701076984403,-0.026842040941119198,-0.012319171801209448,-0.027120474725961685,0.07535316795110703,0.07487552613019942,0.11708709597587584,-0.1615792214870453,-0.08335620909929276,0.001833118381910026,-0.13840211927890775,-0.10537834465503693,0.045768510550260544,0.10009382665157318,-0.08614014089107513,-0.007205869536846877,-0.1726878136396408,0.0058017238043248645,0.04555981606245041,0.2685260474681854,0.027444990351796154,-0.00774010457098484,0.14300623536109924,-0.22954368591308597,-0.13264212012290955,0.10906019061803816,0.27524638175964355,0.1543246954679489,-0.03699766099452973,0.04915300011634827,-0.07205542922019958,0.09962093085050583,-0.08151354640722273,0.17052151262760162,-0.0922250896692276,-0.06787646561861038,0.04321561008691788,-0.17131689190864563,0.19440002739429477,-0.005935012362897396,0.03250596299767494,-0.04596840962767601,-0.11865365505218504,0.07530169934034348,0.0243803896009922,-0.049984723329544074,0.048434432595968246,0.046380162239074714,0.06402884423732758,0.2698833644390106,0.04606102779507637,-0.14206673204898834,0.018661130219697952,-0.12717245519161224,0.09657108783721924,0.0012806265149265528,0.2183561772108078,-0.2710283100605011,0.018285939469933506,-0.04801945760846137,0.22092711925506592,0.04132695868611336,0.03182871267199516,-0.09001334756612778,0.1784939467906952,-0.13875603675842285,-0.0002643915358930826,-0.1090324819087982,0.06332024931907654,0.052201326936483376,-0.026725711300969124,-0.07818432897329329
