0,1,2,3,4,5,6,7,8,9,10,11,12,13,14,15,16,17,18,19,20,21,22,23,24,25,26,27,28,29,30,31,32,33,34,35,36,37,38,39,40,41,42,43,44,45,46,47,48,49,50,51,52,53,54,55,56,57,58,59,60,61,62,63,64,65,66,67,68,69,70,71,72,73,74,75,76,77,78,79,80,81,82,83,84,85,86,87,88,89,90,91,92,93,94,95,96,97,98,99
0.0,-0.07950399816036224,0.03186853602528572,-0.005375658627599478,-0.027956776320934292,0.05356496945023537,-0.08832538127899171,0.023887166753411293,-0.04731756821274757,-0.011244489811360836,-0.025973066687583923,-0.0011404221877455711,-0.12952882051467896,-0.025078028440475464,-0.1032320037484169,-0.0801617130637169,0.02236976288259029,0.022533472627401352,-0.001012932742014527,-0.05517835170030594,0.02409176342189312,-0.02168305590748787,-0.08077257871627806,0.035003937780857086,0.08577543497085571,0.01208806037902832,4.187817467027344e-06,0.0255205612629652,0.02551530674099922,-0.04225348308682442,0.015500681474804878,-0.09576494246721268,3.3623335184529424e-05,-0.02628502063453197,-0.041781820356845856,0.0559476874768734,0.21210040152072904,-0.035037007182836526,-0.028808975592255592,0.06097865104675293,0.024868207052350044,0.016784396022558212,1.168741891888203e-05,-0.013646886684000492,-0.07297360152006149,-0.018131256103515625,-0.0332019105553627,-0.033217653632164,0.04267875105142593,-0.07708021253347395,0.0259847529232502,0.027112986892461777,0.09457427263259888,-0.0004382726037874818,-0.03672576323151589,0.06507156044244766,0.011134350672364233,-0.03091253712773323,-0.04962186515331268,0.04863887652754784,-0.08634422719478606,0.05763025581836701,0.05623586475849152,-0.007095866836607456,-0.07019215077161789,0.03247163072228432,3.382535942364484e-05,-0.03606398776173592,-0.05628310889005661,-0.03950876370072365,0.12204621732234953,0.06726401299238205,-0.014441448263823986,-0.04123877361416817,0.011981082148849964,-0.1282719522714615,0.07379510998725891,0.004108368884772062,0.04971155896782875,0.033114254474639886,-0.0272380355745554,-0.0001016375026665628,-0.005000066012144089,-0.045668669044971466,-0.05756663903594017,0.08073065429925919,-0.009556916542351244,-0.07935965061187744,-0.14847782254219055,-0.055550817400217056,-0.007369260303676128,-0.01611347310245037,-0.005290141794830561,0.07836230099201201,-0.013296848163008688,-0.003037970745936036,0.02445751614868641,9.359456271340605e-06,-0.016963664442300797,0.01605994813144207
-0.07950399816036224,0.0,0.06381572037935257,-0.0017697929870337248,0.014354466460645199,-0.04969955608248711,-0.04833613708615303,0.0695456936955452,-0.008741209283471107,0.017739564180374146,-0.05145535245537758,-0.009222365915775299,-0.07106167823076248,0.013012868352234364,0.02572346106171608,0.023997634649276733,0.004965804517269135,-0.08010713756084442,-0.044377274811267846,0.0126482667401433,-0.0019354402320459485,-0.020928636193275448,0.042612526565790176,0.019630303606390957,0.004112820141017437,0.07782064378261566,-0.0430649034678936,0.004468562081456184,0.014439127407968044,0.02277512848377228,0.0015568432863801716,-0.06004197522997856,-0.012433024123311043,-0.026342637836933133,-0.009030126966536045,-0.04277851432561874,0.03556286171078682,0.011717475950717926,0.04042211547493935,0.00947661604732275,-0.02567688748240471,0.007629206404089927,-0.06196935474872589,0.04582522064447402,0.08215758204460144,-0.1402017772197723,-0.006061785854399204,0.02712135575711727,0.029585503041744232,0.01346032414585352,-0.04101601615548134,0.09914524853229521,-0.05375902354717255,0.01703667640686035,-0.04604126885533333,0.0218308437615633,-0.017159052193164825,-0.02151418477296829,-0.052493102848529816,0.058414384722709656,0.017949912697076797,0.014000122435390948,-0.0177652258425951,-0.01082912180572748,-0.015707671642303467,-0.07544077187776564,-0.003439053427428007,-0.018232058733701702,-0.0062250569462776175,-0.027588518336415287,0.03881450742483139,0.04610082134604455,0.04352212697267532,-0.010494936257600784,-0.045786790549755096,-0.02977658621966839,-0.11364232003688812,-0.08859513700008392,0.00833118800073862,0.05375795066356658,0.008369306102395058,-0.024897336959838867,-0.038531485944986336,-0.04313580691814423,-0.010007373057305813,-0.002613780787214637,-0.006357390899211168,-0.0016010552644729614,-0.00684481393545866,-0.02984236180782318,-0.032917093485593796,-0.060792479664087296,-0.07566399872303009,-0.04162756353616714,0.011117863468825815,-0.08992077410221101,0.07796183228492735,0.011473610065877436,-0.09342142939567566,0.02309959754347801
0.03186853602528572,0.06381572037935257,0.0,-0.03419749438762665,-0.03366050496697426,0.10529305040836334,-0.015190403908491135,-0.037509735673666,0.017869416624307632,0.02703724056482315,-0.055076658725738525,0.0659826323390007,-0.03241228684782982,0.0306952316313982,-0.06013911589980125,0.03414784371852875,-0.04162147268652916,5.68501309317071e-05,-0.0545489639043808,0.04409687593579292,-0.0028455706778913736,0.04524097219109535,0.06025293469429016,-0.12433666735887527,0.08590851724147795,-0.03188629820942879,0.05306065082550049,-0.08289731293916702,0.023200053721666336,2.495608714525588e-05,0.01279717031866312,0.024412661790847775,0.037205692380666726,-0.01993584632873535,0.019771603867411613,-0.04492618143558502,-0.06621507555246353,-0.054784439504146576,-0.04636933654546738,-0.04003560170531273,-0.02085183560848236,0.11378445476293564,-6.338822277029976e-05,-2.1762742107966915e-05,-0.03874911367893218,0.03161904588341713,-3.51871203747578e-05,-0.10114949941635132,-0.06599254161119461,-0.03314421698451042,-1.5439516573678702e-05,0.11410395801067352,-0.021250758320093155,-0.06991536170244217,0.027228504419326786,-0.0755365714430809,0.036042470484972,0.00023519620299339292,-0.02341402508318424,-0.09818930178880692,-0.057208284735679626,0.02885078079998493,-0.03568105399608612,-0.011514271609485148,-5.228860118222656e-06,0.015675129368901253,-0.002585421083495021,0.05557936057448387,0.038022998720407486,-0.0846010148525238,0.0025551319122314453,-0.10227957367897032,-0.01638413593173027,0.04469046741724014,-0.017890397459268566,-0.002746347803622484,0.08218271285295486,-0.04405718669295311,-0.12675023078918457,-0.028692070394754406,0.01877900026738644,-0.0027133540716022253,0.039270371198654175,0.009821310639381409,-0.04876655712723732,-0.01178759429603815,0.009355087764561176,-0.08536836504936218,0.012308874167501926,0.007495822850614785,-0.016069719567894936,0.02646638266742229,-0.004397260025143623,-0.0955638438463211,-3.222939994884655e-06,-1.00940560514573e-05,-0.015983121469616886,-0.014572801999747751,0.11155196279287338,-0.05281425267457961
-0.005375658627599478,-0.0017697929870337248,-0.03419749438762665,0.0,0.0013490893179550767,-0.022547245025634766,0.0133006377145648,-0.0006041827728040516,0.05010252445936203,-0.0054823667742311954,0.004782326985150576,-0.014608899131417274,-0.0011167123448103666,0.01817646250128746,-0.019163833931088448,-0.01431536953896284,0.03642033413052559,0.009988928213715552,-0.02964635007083416,-0.0636652335524559,-0.05217462405562401,-0.026580808684229847,-0.034963224083185196,0.007253441959619521,-0.0027635502628982067,0.0009728992590680718,-0.024724114686250687,-0.02421579696238041,0.02971997670829296,-0.004120355006307364,0.039865460246801376,0.051491107791662216,-0.04765048623085021,-0.020005058497190475,-0.050018679350614555,-0.0474533885717392,-0.02300624549388885,-0.0633995532989502,0.012945585884153841,-0.0490935556590557,-0.026709673926234245,-0.0059036435559391975,-0.010249883867800236,0.008885917253792286,-0.010524244979023932,-0.01120129320770502,0.03736395761370658,-0.008443253114819527,-0.00011687381629599258,0.0024903591256588697,-0.020739367231726646,0.019736703485250476,0.004507959820330143,0.01170856412500143,-0.011617740616202354,-0.001164587796665728,-0.030291855335235596,-0.03660396113991737,-0.02364062517881393,-0.020370440557599068,0.026637068018317223,-0.028092386201024052,-0.03884732723236084,-0.003607630496844649,-0.001638121553696692,-0.0461837463080883,-0.019157692790031437,-0.03832748904824257,0.018287083134055138,0.008274026215076447,0.013056382536888123,-0.00117502233479172,0.004053262528032064,0.035067815333604806,-0.038882173597812646,-0.0037841508165001865,0.10064604878425598,0.013042833656072617,-0.052651036530733115,-0.028394486755132675,-0.05858549475669861,0.0174220222979784,0.010120129212737083,0.007470598444342613,0.02163780480623245,-0.003924167715013027,-0.08347753435373306,-0.08818228542804718,-0.052606295794248574,-0.017650214955210686,-0.0006201562937349081,-0.026886695995926857,-0.009772761724889278,-0.007221149280667306,-0.019613260403275486,-0.019102007150650024,-0.02177771367132664,-0.0006919449078850448,-0.016494905576109886,0.017038071528077126
-0.027956776320934292,0.014354466460645199,-0.03366050496697426,0.0013490893179550767,0.0,-0.012934587895870209,0.023449677973985672,-0.005242350976914168,0.025095628574490547,-0.010394463315606116,-0.030461924150586128,0.03880906105041504,0.004058258142322302,-0.011325213126838207,-0.031919777393341064,0.011473705060780048,-0.0030690196435898542,0.030959529802203175,-0.021186627447605133,0.0113555071875453,-0.018348187208175656,0.0047430964186787605,-0.03819168731570244,-0.04588387161493301,-0.01537700928747654,-0.04572024568915367,-0.020924149081110954,0.05931724235415459,0.000632588635198772,-0.02430552430450916,0.012575977481901644,-0.018751611933112144,-0.004877793602645397,-0.0385340042412281,0.001481948303990066,-0.004383173771202564,-0.029192278161644932,-0.0036988323554396634,-0.04798591881990433,-0.02451514266431332,0.0004004740039817989,-0.012989193201065063,-0.014857226982712744,-0.03259933367371559,-0.03543226048350334,-0.010652380064129828,-0.02126125246286392,-0.021705063059926036,0.03717631101608276,-0.0038665810134261847,0.021051032468676567,-0.07604740560054779,0.012526500038802624,-0.012294542044401169,0.08024215698242188,-0.03808219730854034,-0.014831703156232832,-0.05183256044983864,-0.010545313358306885,0.013490408658981323,-0.023106103762984276,-0.03407644107937813,0.0001981877867365256,-0.009933430701494217,-0.016851184889674187,-0.02194412611424923,-0.0880003422498703,-0.002848608884960413,-0.044768460094928735,0.00014444645785260943,0.009470974095165728,-0.050437647849321365,0.014521490782499312,0.007600676734000444,0.014889215119183064,-0.09717818349599838,-0.03947129100561141,0.007100571878254414,-0.02530044689774513,0.032978497445583344,0.04209950938820839,-0.03452042490243912,-0.02029097080230713,0.01835658960044384,-0.02929570525884628,0.019692394882440567,0.005736259277909993,-0.04804728552699089,-0.051955096423625946,-0.0004186566802673042,0.023697517812252045,-0.016658058390021324,0.03386881947517395,0.041432503610849374,-0.005022564437240361,0.0035446377005428076,0.03773363679647446,-0.027522707358002663,-0.020205250009894368,-0.05809011682868004
0.05356496945023537,-0.04969955608248711,0.10529305040836334,-0.022547245025634766,-0.012934587895870209,0.0,-0.01670856960117817,-0.0289617832750082,0.03982428088784218,-0.007377021014690398,0.027451764792203903,-0.10262281447649002,0.05890738219022751,-0.09145073592662813,0.026001261547207832,0.001933870487846434,-0.0008684403146617113,-0.016258422285318375,0.039859939366579056,-0.0441412441432476,0.05075576156377792,-0.08508481830358505,0.02000284381210804,0.08242473006248474,-0.03223617002367973,-0.10665074735879898,-0.0020162526052445173,-0.008816686458885668,0.023993400856852528,-0.04476577788591385,-0.04239737614989281,-0.02835570089519024,0.006552810315042734,0.013776074163615704,0.046162474900484085,-0.018186485394835472,0.022335065528750416,-0.06905290484428406,-0.02912190556526184,-0.017581235617399216,-0.04370266199111938,-3.3348649594699964e-05,0.040148288011550896,0.010716341435909271,-0.032646603882312775,0.0008996870601549744,0.002101621124893427,0.06833081692457199,-0.03217191994190216,-0.033461153507232666,-0.05386823788285256,0.059935234487056725,-0.13507796823978424,0.008900866843760014,0.03898292779922485,0.09450074285268784,-0.0006042059976607561,-0.04898300394415856,0.05308539047837257,0.0002541614812798798,0.016149470582604408,-0.06771083921194077,0.041015755385160446,-0.0566897876560688,0.08453918248414993,-0.0815543681383133,-0.012713818810880184,0.04122600704431534,-0.05647796019911767,0.0473843589425087,-0.15313215553760529,0.010658244602382185,0.01710972748696804,-0.012966749258339403,-0.02786002308130264,-0.1187695562839508,-0.04791012033820152,-0.06261559575796127,0.05506836622953415,-0.018801296129822728,0.012233534827828407,0.0028771187644451857,-0.0485316663980484,-0.06125115975737572,0.037909898906946175,-0.05367393419146538,0.00815149862319231,0.04575863853096961,-0.043007835745811455,0.030961936339735985,-0.015235722996294498,0.06435351818799973,-0.003770800773054361,0.0012250780127942562,-0.02166254073381424,-0.013895328156650066,-0.0875367596745491,0.05239459127187729,0.004869101103395224,0.001774124102666974
-0.08832538127899171,-0.04833613708615303,-0.015190403908491135,0.0133006377145648,0.023449677973985672,-0.01670856960117817,0.0,-0.05993101000785828,-0.012168741784989832,-0.048240523785352714,-0.04058244824409485,0.009732941165566444,-0.04745377600193024,-0.01796307787299156,-0.005256868898868561,-0.04101794958114624,-0.0039874049834907055,-0.028996679931879044,-0.021595507860183716,-0.04048845544457436,0.007048497907817364,0.013123223558068275,-0.044061988592147834,-0.033318571746349335,0.06693506240844727,-0.0019333640811964867,-0.024563321843743324,-0.05810590833425522,0.04283062741160393,0.05901310592889786,-0.0348084419965744,-0.1026361659169197,0.003990156576037407,0.0030019227415323257,0.013463755138218403,-0.014620030298829079,0.048461053520441055,0.0012094670673832295,-0.007198890205472708,0.03741412237286568,-0.009455936960875988,0.013080106116831303,-0.023528357967734337,0.010575342923402786,0.009253164753317833,-0.05710408091545105,-0.012773562222719193,0.039394982159137726,-0.003182912012562156,0.028832152485847477,-0.007086416706442833,-0.004718118812888861,-0.0240559745579958,-0.04764709249138832,-0.018197156488895416,0.017799779772758484,0.0876374915242195,-0.015476337634027004,-0.00446162698790431,0.03905985876917839,-0.05685083568096161,0.007564468309283256,0.0008532604551874101,-0.024649862200021744,0.013398406095802784,-0.002016297774389386,0.03252122178673744,-0.02764846198260784,0.029170140624046326,-0.004438453353941441,0.0034170905128121376,-0.05869386717677116,-0.06819651275873184,0.011217957362532616,-0.009793145582079887,-0.012084411457180975,-0.02757047675549984,-0.018213642761111256,0.011771183460950851,-0.03634752705693245,-0.006139747332781552,-0.0651349276304245,-0.01905713975429535,-0.01235129777342081,-0.009515996091067793,0.01547027751803398,-0.004766883794218302,-0.0002105231542373076,0.010544674471020699,-0.04326348006725311,0.05226320400834084,-0.011416000314056872,-0.07369713485240936,-0.02343275584280491,0.0314992256462574,-0.027886388823390007,-0.024494115263223648,0.049672383815050125,-0.02739151194691658,-0.013162479735910892
0.023887166753411293,0.0695456936955452,-0.037509735673666,-0.0006041827728040516,-0.005242350976914168,-0.0289617832750082,-0.05993101000785828,0.0,0.034412119537591934,-0.025155380368232727,-0.009127706289291378,-0.04127228632569313,-0.06389471143484116,-0.06778538972139359,0.02852024137973785,-0.019316604360938072,0.021253015846014023,0.026205165311694145,0.024537343531847,-0.10326279699802399,-0.03959205746650696,-0.004987817257642746,-0.022760851308703423,0.040816478431224816,0.079386867582798,-0.05595191195607185,0.014521924778819084,-0.10439309477806091,0.018220644444227215,-0.040619924664497375,-0.09678638726472855,-0.005187440663576126,-0.032953981310129166,0.10506261885166168,-0.02484039030969143,-0.0005289403488859534,-0.10707409679889678,0.02880958653986454,-0.06789693236351013,-0.06430725008249283,0.028777748346328732,-0.04011344537138938,0.09287235140800477,0.03815900906920433,-1.9241731934016567e-05,-0.07565649598836899,-0.07709407806396483,0.012854575179517267,-5.713515929528512e-05,-0.0044896891340613365,0.03899388760328293,-0.07720742374658585,-0.011736525222659113,-0.041540391743183136,0.033879924565553665,-0.08021538704633711,0.17502063512802124,0.03183632716536522,-0.005865966901183128,-0.054690100252628326,-0.008933660574257372,0.02313562482595444,0.08955395966768263,-0.03335835412144661,0.03810572624206543,0.019078778102993965,0.039036191999912255,-0.07055548578500748,0.04298269748687744,-0.07774370908737183,-0.008704940788447857,-0.031491611152887344,-0.04507169499993324,0.02208489552140236,-0.005552996415644884,-0.00416842894628644,0.034961480647325516,0.0173663180321455,-0.011678975075483322,-0.07952424138784409,-0.04747585952281952,-0.04595337808132172,0.01815427467226982,-0.006646153517067432,-0.04976038262248039,-0.038384545594453805,0.021595066413283348,0.052103526890277856,-0.005114963743835688,-0.06236216798424721,0.06485501676797867,-0.032144609838724136,0.035824839025735855,0.011455950327217577,-0.03191109746694565,-0.03985746577382088,0.01755646988749504,0.04770899936556816,0.022339344024658203,0.02810067869722843
-0.04731756821274757,-0.008741209283471107,0.017869416624307632,0.05010252445936203,0.025095628574490547,0.03982428088784218,-0.012168741784989832,0.034412119537591934,0.0,-0.012467678636312485,0.01370418258011341,-0.006334461737424135,-0.06857086718082428,0.017064101994037628,-0.0005370937287807465,-0.03927480801939964,-0.03996312990784645,-0.03077817149460316,-0.04696592316031456,-0.03372672945261001,0.004504052922129631,0.030346350744366642,-0.020782778039574623,-0.04400069639086723,-0.0818246975541115,0.0015171599807217715,0.0012407327303662896,-0.06509624421596527,-0.08079878985881805,0.11015497893095016,-0.04807635769248009,-0.010389786213636398,5.038610311203229e-07,-0.02148686721920967,-0.046864103525877,0.10325057804584505,-0.014562689699232578,0.044032912701368325,-0.059685781598091125,0.07607693970203398,0.013639777898788452,-0.048670828342437744,-0.026638930663466454,-0.01669658161699772,0.019961964339017868,-0.013802139088511465,0.0011190359946340322,0.0029707616195082664,-0.027957573533058167,-0.02827893942594528,0.10572849214076996,-0.10787368565797804,-0.059240974485874176,-0.06208224594593048,-0.04766720160841942,-0.0024752391036599874,-0.02653504349291325,0.04263059422373772,-0.019076475873589516,0.04084722325205802,-0.027998860925436016,0.040077105164527886,-0.09557198733091353,0.0330241322517395,-0.045161783695220954,-0.04912836477160454,-0.013555465266108511,0.027561215683817863,-0.0035541858524084087,0.0007271830108948053,0.013519097119569778,-0.023461164906620976,-0.03959888592362404,-0.017101150006055832,-0.011370367370545864,0.001052304171025753,0.030551468953490257,0.04349465668201447,0.05443739518523216,0.01056702807545662,0.007066850084811449,-0.013343390077352524,-0.08120705932378769,0.026406191289424896,-0.0449107363820076,-0.02863475866615772,-0.006333144381642342,0.015712466090917587,0.03563132509589195,-0.050577260553836816,-0.051093418151140206,3.3916057873284444e-05,-0.04077674075961113,-0.07043665647506714,0.0718899816274643,0.07201093435287476,-0.002810009988024831,0.004465032368898392,-0.05012166127562522,-0.060775261372327805
-0.011244489811360836,0.017739564180374146,0.02703724056482315,-0.0054823667742311954,-0.010394463315606116,-0.007377021014690398,-0.048240523785352714,-0.025155380368232727,-0.012467678636312485,0.0,-0.044501274824142456,-0.011148217134177685,0.06335921585559845,0.047816731035709374,-0.06348652392625809,-0.02773658186197281,-0.03637347370386124,0.003948764409869908,-0.02141276188194752,-0.03659040853381157,-0.030962377786636353,-0.004208477213978767,-0.07595525681972502,-0.016966437920928,0.03256594017148018,0.1238926127552986,0.02829542011022568,-0.015347356908023356,0.054604530334472656,-0.08471213281154633,0.06871804594993591,-0.044711530208587646,-0.029463985934853557,-0.04014696180820465,-0.027822766453027725,-0.018016736954450607,-0.02052059955894947,0.034426409751176834,0.0155625743791461,0.03412901237607002,0.0013306397013366222,-0.0607234388589859,-0.016618479043245316,-0.02507120370864868,-0.02789652347564697,-0.04612993448972703,2.872244067475549e-06,0.022223372012376785,-0.03829281032085419,0.006080037448555231,-0.06446649879217148,-0.06583495438098907,0.005024298094213009,-0.015149718150496483,-0.03430105373263359,0.004190531093627214,0.05128620564937592,-0.011084964498877524,0.08370277285575865,0.003036805661395192,0.016504406929016113,-0.08344002813100816,-0.03725867345929146,-0.028738150373101234,0.0853050798177719,0.019797708839178085,-0.030590280890464783,0.017374910414218903,0.0070366677828133115,-0.021629272028803825,0.0067094024270772925,-0.03181254863739014,-0.11690227687358856,0.031402405351400375,-0.02968336455523968,0.02234600856900215,-0.02088392712175846,-0.039822861552238464,0.02773735672235489,-0.08729180693626404,-0.06288906931877136,0.015367515385150908,-0.08005589246749878,-0.0009676688350737095,0.03304869309067726,0.041005775332450874,0.01079059112817049,0.031349051743745804,0.017629990354180336,0.001520666992291808,-0.0030951229855418205,-0.031125018373131752,-0.044278241693973534,-0.04393848776817322,0.002320159925147891,0.04756804555654526,-0.00953690335154533,-0.08557102829217911,-0.011927230283617972,0.0393671952188015
-0.025973066687583923,-0.05145535245537758,-0.055076658725738525,0.004782326985150576,-0.030461924150586128,0.027451764792203903,-0.04058244824409485,-0.009127706289291378,0.01370418258011341,-0.044501274824142456,0.0,0.06283164024353027,-0.010227997787296772,-0.03200326859951019,0.06458401679992676,-0.05224648863077164,-0.01967518962919712,0.053987517952919006,0.028887029737234116,0.006439266260713338,0.04540124908089638,-0.03269524872303009,-0.022463832050561905,0.06300123035907745,0.04338261485099792,0.028640877455472943,-0.02387213706970215,-0.008775372989475727,-0.023966269567608837,0.05963587388396263,-0.12624365091323853,0.030329624190926552,0.009773172438144686,-0.15959952771663663,0.05812640860676765,-0.03562658280134201,-0.02623551897704601,-0.009998396970331667,-0.07699185609817503,0.030286556109786037,0.0030956901609897614,-0.0023209324572235346,0.03155484050512314,0.0428684838116169,-0.0008520169649273157,0.036993242800235755,0.021163932979106903,-0.06892941147089005,0.003899205476045609,0.07195176929235457,-0.02165103703737259,-0.06384386122226715,0.06709139049053192,-0.009328163228929043,0.0005801658844575286,0.025128204375505447,0.012870095670223236,-0.01937439665198326,0.035926323384046555,0.15877901017665863,-0.06616008281707764,-0.04530330747365952,0.06210185959935188,-0.013753725215792656,-0.07649303972721101,-0.0430789552628994,-0.17961780726909635,-0.03829677402973175,0.104594886302948,0.013384217396378515,-0.04296072572469711,-0.05601402744650841,-0.010695955716073511,0.03382311388850212,-0.12244042754173277,-0.06302553415298462,0.03306697681546211,0.02414940111339092,0.06537102162837982,0.08020514249801636,-0.010710052214562891,-0.023889437317848206,0.017192553728818893,0.032398123294115067,-0.08017339557409286,-0.037932641804218285,-6.551539263455197e-05,-0.014610784128308296,0.016660014167428017,0.056438475847244256,-0.008534758351743221,-0.043547391891479485,-0.04060501605272293,-0.06710301339626312,0.024514025077223774,-0.09982383251190184,0.06878872960805893,-0.09292273968458176,0.014416992664337158,0.06282434612512589
-0.0011404221877455711,-0.009222365915775299,0.0659826323390007,-0.014608899131417274,0.03880906105041504,-0.10262281447649002,0.009732941165566444,-0.04127228632569313,-0.006334461737424135,-0.011148217134177685,0.06283164024353027,0.0,-0.0299536045640707,-0.04024473205208778,-0.01365579105913639,0.004245665855705737,0.08419664204120637,-0.007993035949766638,0.036899883300066,-0.030765719711780548,-0.08529054373502731,-0.1031484305858612,0.07933129370212555,-1.9798289940808896e-05,-0.09848830103874207,0.05028071254491807,-0.00134466215968132,-0.0023142052814364438,-0.021252222359180447,0.04529713466763496,-0.046819716691970825,0.06582648307085037,-0.012537580914795399,-0.0010872812708839774,-0.032188113778829575,-0.002107005333527922,-0.031294696033000946,-0.015041662380099297,-0.04328152164816856,0.05704919248819351,-0.003636663546785712,-0.037557981908321374,-0.0445203110575676,0.03084099292755127,0.010216010734438896,-0.07642740756273268,0.0002022194676101208,0.03641557320952416,-0.02194155938923359,-0.02166018821299076,0.003299089381471276,-0.014393064193427563,-0.09859009087085725,-0.027460284531116486,-0.02528587356209755,0.05560971051454544,0.046456634998321526,-0.025279086083173752,0.04020892083644866,-0.07333807647228241,0.029083363711833957,0.00048557689297012974,0.015585966408252716,0.0036492759827524415,0.005192113108932972,0.027379011735320088,0.0007343674660660326,-0.05604681000113487,-0.06323391944169998,0.0300552062690258,-0.03318244218826294,-0.10491275042295456,-0.012818487361073492,-0.0037437940482050176,0.02876305393874645,0.04857456311583519,-0.025578821077942848,-0.0038586647715419527,0.054912272840738297,-0.037360701709985726,0.00407228572294116,0.016408419236540794,-0.001941793248988688,0.00488978810608387,-0.09640721231698988,-0.0006660687504336238,0.035964976996183395,-0.09898149967193604,-0.06716696172952652,-0.0714941993355751,-0.04186254367232323,-0.011171283200383186,0.008920378051698208,-0.008392596617341042,0.008232253603637217,0.02792960777878761,0.012854335829615591,0.054778121411800385,-0.04801243171095848,-0.04780818521976471
-0.12952882051467896,-0.07106167823076248,-0.03241228684782982,-0.0011167123448103666,0.004058258142322302,0.05890738219022751,-0.04745377600193024,-0.06389471143484116,-0.06857086718082428,0.06335921585559845,-0.010227997787296772,-0.0299536045640707,0.0,0.023806482553482052,0.008902482688426971,-0.015316496603190897,0.011893979273736475,-0.06733450293540955,-0.015211716294288635,-0.05956102907657623,0.017428219318389893,-0.05789664015173912,0.003316286252811551,0.0060278428718447685,-0.0027521124575287104,0.03524089977145195,0.004108830355107784,0.04948941618204117,-0.0569930374622345,-0.07110380381345749,-0.02996186353266239,0.048371490091085434,0.012130161747336388,0.005310441832989454,0.038035038858652115,0.04345016926527023,0.006614072248339653,-0.08247660845518112,0.0004588389419950545,-0.013127661310136318,-0.06242462620139121,-0.04031498357653618,0.07206017524003983,-0.06449864059686661,-0.018174484372138977,-0.008550371043384075,0.05180038884282112,0.003304920392110944,-0.1353304237127304,0.0706697329878807,0.0529639795422554,0.03720920160412788,-0.04227333143353462,-0.039517197757959366,-0.07313449680805206,0.11333952099084854,0.07262076437473297,0.030820384621620175,-0.08569870144128798,-0.02023573964834213,-0.01518432516604662,0.21718759834766388,0.04494861885905266,-0.05610281229019165,-0.01062355190515518,0.02818515710532665,0.025424594059586525,-0.017402859404683113,-0.01874637231230736,0.046803731471300125,-0.00986537057906389,0.0013225531438365579,0.06321686506271361,-0.0072855656035244465,-0.03232012689113617,3.0134671760606576e-05,-0.05732046440243721,-0.033158428966999054,-0.08382500708103181,-0.022993251681327816,0.01717407815158367,0.0012382576242089272,-0.025000832974910736,-0.08840890973806381,-0.0017580600688233972,-0.09599226713180542,-0.01831647753715515,0.05793117731809616,-0.02003733441233635,-0.011139334179461002,0.05225890129804611,0.01687311939895153,-0.05470702797174454,-0.014226595871150492,0.006650460883975029,0.012441755272448061,0.003703579772263765,-0.04687869548797608,0.0031009982340037823,-0.002103946404531598
-0.025078028440475464,0.013012868352234364,0.0306952316313982,0.01817646250128746,-0.011325213126838207,-0.09145073592662813,-0.01796307787299156,-0.06778538972139359,0.017064101994037628,0.047816731035709374,-0.03200326859951019,-0.04024473205208778,0.023806482553482052,0.0,0.05623184517025948,-0.10016138851642609,0.032734647393226624,0.04745366051793098,0.07322366535663603,-0.0008040989050641656,0.003493137424811721,0.03138596564531326,-0.015296894125640392,-0.022754263132810593,0.04699049890041351,4.896852988167666e-05,-0.06961294263601303,-0.03313213586807251,-0.08728581666946411,0.07916513085365294,-0.035620298236608505,0.0007548278663307427,-0.004867082927376032,0.018320729956030846,-0.04937729984521866,-0.024264540523290638,0.1051088273525238,0.1346994787454605,-0.0691581442952156,-0.02780011668801308,0.031725138425827026,-0.025288572534918785,-0.003398249624297023,-0.010737242177128792,0.04536457732319832,0.061078254133462906,-0.04387647286057472,-0.0026979746762663126,-0.014758582226932049,-0.0449131652712822,0.011825448833405972,0.049068670719861984,-0.04170844703912735,-0.06002645567059517,0.022325241938233372,-0.011503067798912523,0.01238036435097456,-0.02004174701869488,-0.04940476268529892,-0.020404430106282238,-0.030981844291090965,-0.023125387728214264,0.056251905858516686,-0.014929484575986862,0.03654657304286957,0.011569793336093424,0.0008360614301636814,-0.09008824080228803,-0.01122693996876478,-0.009720845147967337,-0.07554779201745987,0.03924250975251198,-0.01981360837817192,0.004694788251072168,0.006134687922894955,-0.09198659658432007,-0.016959305852651596,0.0030179268214851618,-0.015201316215097904,-0.049836479127407074,0.0018207796383649113,-0.045159909874200814,-0.00018404425645712763,0.014495272189378738,-0.03854488953948021,-0.03439859300851822,-0.09232878684997559,0.0002793988096527755,-0.008745621889829636,0.04154174402356148,-0.07786230742931366,-0.04063670337200165,-0.0021854545921087265,0.05604376271367073,-0.0341637060046196,-0.04582205787301064,-0.08729463815689088,-0.002787867095321417,0.04605755209922791,-0.02550557628273964
-0.1032320037484169,0.02572346106171608,-0.06013911589980125,-0.019163833931088448,-0.031919777393341064,0.026001261547207832,-0.005256868898868561,0.02852024137973785,-0.0005370937287807465,-0.06348652392625809,0.06458401679992676,-0.01365579105913639,0.008902482688426971,0.05623184517025948,0.0,0.02307452447712421,-0.026468100026249886,-0.0501137375831604,-0.06698479503393173,5.024705387768336e-05,0.10547945648431777,-0.020741123706102368,0.06355991959571838,0.0004930805298499763,-0.04625183343887329,-0.017632540315389633,-0.0654076561331749,-0.016166063025593758,0.07579690217971802,0.027617814019322395,0.06501052528619766,-0.020070593804121017,-0.011144735850393772,-0.012702440842986105,-0.02395699918270111,-0.03089989721775055,-0.03466501086950302,-0.010965727269649504,-0.08737748116254807,0.02417037636041641,-0.031033016741275787,-0.0753045529127121,0.06452351063489914,-0.002689363900572061,-0.018861852586269375,-0.06277415156364441,0.027677085250616077,-0.07109573483467102,0.0646633729338646,-0.029244704172015194,-0.014788376167416573,-0.04417183995246887,-0.03416377678513527,-0.033958617597818375,-0.0066190785728394985,-0.0007939616334624588,-0.034126318991184235,-0.004843644332140684,-0.007884831167757511,-0.005449844989925623,0.046389788389205926,-0.06478226184844971,-0.012953949160873888,-0.03697539865970612,-0.020846303552389145,0.30543622374534607,-0.02228754200041294,0.03702631965279579,-0.05460197851061821,0.052320532500743866,-0.033323727548122406,0.003261166624724865,-0.02700846455991268,0.0018879640847444532,-0.05140236020088196,-0.08647824823856354,0.009891807101666927,0.018733931705355644,-0.009839163161814211,-0.037418071180582047,-0.008834396488964558,0.026313187554478645,-0.05445783957839012,-0.006870522163808346,0.005533150862902402,-0.03171922266483307,0.06955473870038986,-0.10011431574821472,-0.011584105901420116,-0.012263387441635132,0.05112619325518608,0.10808394104242323,-0.03519183397293091,0.008212165907025337,-0.027900846675038338,0.012592474929988384,0.03633608669042587,-0.0023605863098055124,-0.002704284619539976,-0.04759569093585014
-0.0801617130637169,0.023997634649276733,0.03414784371852875,-0.01431536953896284,0.011473705060780048,0.001933870487846434,-0.04101794958114624,-0.019316604360938072,-0.03927480801939964,-0.02773658186197281,-0.05224648863077164,0.004245665855705737,-0.015316496603190897,-0.10016138851642609,0.02307452447712421,0.0,0.02976931259036064,0.11338692158460616,0.03859036788344383,-0.0053885229863226405,-0.006524319294840097,-0.06621103733778,0.07326943427324295,0.03225952386856079,-0.010572647675871847,1.6633779523544945e-05,0.04978941380977631,-0.026371240615844727,0.16568319499492645,-0.027073536068201065,0.0250820554792881,0.004175399895757437,0.00538927735760808,0.026756165549159047,6.493683486041846e-06,0.001466849585995078,-0.04367689043283463,-0.0006678214995190501,0.04703287035226822,0.02002175524830818,-0.006353891454637051,-0.03557802736759186,0.015553112141788004,-0.056333143264055245,-0.03632930666208267,0.024525556713342663,-0.09971576184034349,-0.09019856899976729,0.023136455565690998,0.06684206426143646,0.08284063637256622,0.07055538892745972,0.19948311150074005,-0.01849573664367199,-0.05034999549388885,-0.03288008272647858,-0.08734822273254393,0.0006729186861775815,0.01682147942483425,-0.05780426412820816,-0.044187936931848526,0.02433057129383087,0.0059730857610702515,0.04345295578241348,-6.962309998925775e-05,0.018632113933563232,0.06928649544715881,-0.06845482438802719,-0.058664724230766296,0.011833583004772665,-0.17043063044548035,0.002557527506724,-0.10151176899671555,-0.07067660987377167,9.73645546764601e-06,0.02154995314776897,-0.02684733457863331,-0.06750017404556273,-0.057576544582843774,-0.024368321523070332,-0.047760915011167526,-0.03239329531788825,-0.0195708442479372,-0.0038531832396984096,-0.016845811158418655,0.07856212556362152,0.1339609920978546,0.05821000412106513,0.015358487144112585,0.023626042529940605,-0.18872140347957608,0.04852280393242836,-0.06449317932128906,0.026054916903376576,-0.008926021866500378,5.725210212403908e-05,-0.08014692366123198,0.037046130746603005,-0.08667567372322081,-0.07869987934827805
0.02236976288259029,0.004965804517269135,-0.04162147268652916,0.03642033413052559,-0.0030690196435898542,-0.0008684403146617113,-0.0039874049834907055,0.021253015846014023,-0.03996312990784645,-0.03637347370386124,-0.01967518962919712,0.08419664204120637,0.011893979273736475,0.032734647393226624,-0.026468100026249886,0.02976931259036064,0.0,0.04717818647623062,0.018694311380386353,0.02058269642293453,0.012366368435323238,0.03428320214152336,-0.06899503618478775,0.05618923157453537,0.03181665018200874,-0.06625518947839737,-0.058016672730445855,-0.06841863691806793,-0.06664980947971344,-0.06482908129692078,-0.08257637917995453,-0.03436781093478203,-0.05928833410143852,0.05934854969382286,0.09088680893182753,-0.033933211117982864,0.0010196963557973504,0.1323671042919159,0.030443474650382996,-0.03921530768275261,-0.03717564046382904,0.05604942515492439,-0.00855424255132675,-0.07194224745035172,0.010184583254158497,-0.04698513075709343,-0.0383182130753994,-0.005480121821165085,-0.025305636227130886,-0.03693733736872673,-0.09557330608367921,-0.07019198685884476,0.054086733609437936,-0.06278640031814575,0.0005568107008002697,0.1169506087899208,-0.08344145119190216,-0.010203893296420574,-0.01855206489562988,0.018313268199563023,0.04322430863976479,-0.024437528103590008,-0.07645308971405029,-0.04378046095371246,-0.03535621240735054,0.03466566652059555,-8.643776709504891e-06,0.08907971531152725,0.019050057977437973,-0.10106001794338226,0.05186763778328896,0.011720086447894571,-0.002239991445094347,-0.06670770049095154,-0.09327230602502823,-0.017682921141386032,-0.019873609766364098,-0.0076210121624171725,-0.03623925894498825,0.030908886343240734,0.07359077781438828,-0.023961298167705532,-0.008649611845612526,-0.03237493708729744,0.005256162956357001,0.01627659611403942,-0.03208094462752342,0.04950850829482079,0.034023795276880264,-0.048001836985349655,-0.04673739895224571,-0.007115928921848536,-0.07233331352472305,-0.1020958051085472,-0.008992895483970642,0.10975397378206252,0.021733943372964856,0.031061137095093727,0.0029291592072695494,0.013761671259999275
0.022533472627401352,-0.08010713756084442,5.68501309317071e-05,0.009988928213715552,0.030959529802203175,-0.016258422285318375,-0.028996679931879044,0.026205165311694145,-0.03077817149460316,0.003948764409869908,0.053987517952919006,-0.007993035949766638,-0.06733450293540955,0.04745366051793098,-0.0501137375831604,0.11338692158460616,0.04717818647623062,0.0,-0.08314750343561171,0.049130231142044074,0.02238890901207924,0.04912484809756279,0.0471491776406765,-0.07074472308158875,-0.05048150569200516,0.01036203932017088,-0.02471413090825081,0.015359187498688696,-0.005509300157427788,6.656247569480911e-05,-0.02772767283022404,-0.11382271349430084,0.01753035932779312,0.0222895797342062,-0.09719437360763548,0.01886560022830963,-3.6009262203151593e-06,-0.04789789393544197,0.021082594990730286,0.0731140747666359,-0.05410296842455864,8.638000508653931e-06,-0.021807385608553886,0.03462076187133789,0.0766872987151146,-0.04634271934628487,-0.0004962563398294151,-0.018381347879767414,0.026007566601037976,-0.09119028598070145,-0.04125527292490005,-0.08393263071775436,-0.05174697190523148,0.010172774083912373,-0.05710902810096741,-0.03202153369784355,-0.008600388653576374,0.029595220461487767,-0.015294274315237997,0.05812535807490349,-0.06878657639026642,0.03496354818344116,-0.04732787236571312,-0.03908014297485352,-0.013588746078312395,-0.04409456253051758,0.0018620677292346957,-0.0012159183388575912,0.04341011494398117,0.056237377226352685,-0.0129215307533741,-0.09316794574260712,0.10421378165483473,-0.06190172582864761,0.05026785284280777,5.216639328864403e-05,-0.0356016531586647,0.027414917945861816,0.023873265832662582,-0.004338825587183237,-0.06631921976804733,-0.0554291307926178,-0.03745634481310845,0.017697134986519814,-0.024815505370497704,-0.03149661794304848,0.008771955966949463,-0.031712528318166726,0.002614804543554783,0.018454495817422863,0.059475306421518326,0.0376083254814148,-0.06974488496780396,-0.06507561355829239,0.0247544776648283,-0.10593296587467192,-0.011845971457660198,0.04568201303482056,-0.07442628592252731,0.05449185520410538
