0,1,2,3,4,5,6,7,8,9,10,11,12,13,14,15,16,17,18,19,20,21,22,23,24,25,26,27,28,29,30,31,32,33,34,35,36,37,38,39,40,41,42,43,44,45,46,47,48,49,50,51,52,53,54,55,56,57,58,59,60,61,62,63,64,65,66,67,68,69,70,71,72,73,74,75,76,77,78,79,80,81,82,83,84,85,86,87,88,89,90,91,92,93,94,95,96,97,98,99
0.0,-0.011403516866266727,-0.02622867934405804,-0.10827252268791197,0.009319184347987177,0.058107085525989526,-0.09198475629091264,0.05757047981023789,-0.029891107231378555,-0.002776253269985318,0.03242678940296173,-0.10510727018117905,-0.11137401312589644,0.13341668248176575,-0.1377444565296173,0.004462807439267635,0.1927373260259628,-0.08603917062282562,-0.06067768484354019,0.08606580644845961,-0.03578595817089081,-0.09295841306447983,-0.021242067217826843,0.00577580789104104,-0.11295261234045029,0.006832699291408062,-0.08674021810293196,0.02501400001347065,0.017337433993816376,0.08876129239797592,0.19497452676296237,0.06706123799085617,-0.17171768844127655,0.00400848500430584,-0.017557401210069656,0.03646617010235786,0.03764308616518974,-0.14385001361370087,0.095853254199028,0.08046776056289674,-0.05109678953886032,-0.00882120244204998,-0.05963270738720894,0.11002030223608016,0.04241648688912392,0.014773198403418064,0.034847557544708245,-0.030371909961104396,0.0025178573559969664,-0.14699162542819977,-0.21375833451747892,-0.0009283185354433952,0.123986154794693,-0.03401564806699753,0.013167336583137512,-0.027450677007436752,-0.033710405230522156,-0.03231050819158554,0.0364610031247139,0.14195069670677185,0.019681470468640327,0.012692331336438656,-0.017403259873390194,-0.11364230513572691,0.06159534677863121,0.04125343635678291,0.011148271150887012,0.029509408399462696,0.0377274565398693,-0.09009438008069992,-0.12499064207077026,-0.06194236129522324,-0.025870254263281826,-0.23357941210269928,-0.1288830041885376,-0.04072698578238487,0.04771420732140541,-0.1079823225736618,-0.16418267786502838,0.07564041763544081,0.07025386393070221,0.01906251534819603,0.0718538761138916,-0.024160282686352726,0.010991360060870647,0.1141001358628273,-0.211240753531456,-0.10591400414705276,-0.017339065670967102,0.004924299661070108,-0.05001106113195419,0.02116251923143864,0.08251636475324631,0.07103629410266876,-0.13351111114025116,-0.12101983278989792,-0.06875783205032349,0.025525242090225216,-0.054380808025598526,0.16446585953235626
-0.011403516866266727,0.0,-0.06753535568714142,-0.022623898461461067,-0.01128634437918663,-0.012912952341139317,0.03235698863863945,-0.05921625345945358,-0.0055350586771965036,0.0423676036298275,-0.05970095470547676,0.0002776306064333766,-0.012472612783312796,-0.1512591391801834,0.06791109591722488,-0.10271506011486052,-0.06924840062856674,-0.011634333990514278,-0.04000600054860115,-0.031993549317121506,-0.11866383999586104,-0.01601988822221756,-0.08056116104125977,-0.08862500637769699,0.08170896023511887,-0.005331763997673988,0.006456653121858835,-0.03840438276529312,-0.013526162132620811,0.035018350929021835,-0.2282456010580063,-0.021759333088994023,0.08545831590890883,-0.01796458102762699,-0.03219347447156906,0.033004336059093475,-0.045831296592950814,0.16229656338691711,-0.13636392354965207,-0.08556579798460007,0.03135025501251221,-0.029885873198509216,0.029687585309147835,-0.040523584932088845,0.03254508599638939,-0.08792512863874435,0.008587618358433247,-0.05836320295929909,-0.08009061962366104,-0.00816038716584444,0.26065951585769653,-0.02292916364967823,0.003121996764093637,0.03093815222382545,-0.013621150515973568,-0.01562378741800785,-0.06973781436681747,-0.0348379872739315,-0.03149763494729996,-0.0888841226696968,-0.05143965035676956,-0.030525635927915573,-0.022579876706004143,0.07133617252111435,-0.01802908070385456,-0.0814996138215065,-0.05390822887420654,-0.09804146736860275,4.014336809632368e-05,0.060555223375558846,0.04132521152496338,-0.02541782334446907,0.17005057632923126,0.10328270494937895,0.06258667260408401,-0.07963535189628601,-0.008489907719194889,-0.012915112078189848,-0.14022283256053925,-0.048732858151197433,-0.14066967368125916,-0.05148136615753174,-0.06323561817407608,0.048761177808046334,-0.033697523176670074,-0.12662263214588165,0.07225672900676726,0.014117522165179253,-0.12408483773469924,-0.012581882067024708,0.0410538874566555,0.015944521874189377,-0.07548169791698454,0.0237185750156641,0.08615969866514206,-0.008820546790957449,0.054476696997880936,-0.06502173095941544,0.011657727882266045,-0.058303192257881165
-0.02622867934405804,-0.06753535568714142,0.0,-0.12282904237508772,-0.03078312240540981,0.03561488166451454,-0.03517843037843704,0.05153948441147804,-0.052084144204854965,-0.06907932460308075,-0.026573875918984413,0.08669441938400269,0.055198594927787774,0.09216388314962387,-0.11932293325662612,-0.02068990096449852,-0.0990150198340416,0.060971524566411965,-0.08815772831439973,-0.1071365252137184,0.12465662509202956,-0.0125671848654747,0.04667549952864647,-0.030100164934992794,-0.13676969707012177,-0.03121018409729004,-0.026609430089592934,-0.02353789657354355,-0.01410875841975212,-0.09525509178638458,0.23187470436096191,-0.09537781774997713,0.1811472773551941,-0.08684998750686644,-0.03416670858860016,-0.09772135317325592,-0.033989086747169495,-0.2689962089061737,0.028226064518094063,0.12618091702461243,0.08007770776748657,0.04618990421295167,-0.08172613382339476,0.098977729678154,-0.007594800554215907,0.0723433867096901,-0.02071147039532661,-0.05638076364994049,-0.008677695877850054,0.06947717815637589,-0.44234141707420344,0.027595967054367065,-0.03669776767492294,0.007706369273364544,-0.04744593426585197,0.008331858552992344,0.021632080897688866,-0.0650365799665451,0.08786433935165405,-0.03091039136052132,-0.03926500305533409,-0.009179302491247652,-0.06307758390903473,-0.06547807157039641,0.0464639849960804,0.16350913047790527,-0.0022418065927922726,-0.026810577139258385,-0.07357116043567657,0.1657903641462326,0.0007174494094215332,0.10443131625652312,-0.2378066033124924,-0.08607614785432814,-0.013532330282032488,-0.04266821220517159,0.05942880734801293,0.055065758526325226,0.22866667807102203,0.040839459747076035,0.0653698742389679,-0.15432582795619965,0.08242638409137724,-0.022312985733151436,0.03032819740474224,0.13822807371616364,0.01337696984410286,0.13371992111206055,-0.01046810019761324,0.09042413532733917,-0.2788710594177246,0.13311755657196045,0.04499715194106101,-0.07697977125644685,-0.006191962864249945,-0.19114907085895536,-0.17564156651496887,0.004743399564176798,0.04671233519911767,0.06637408584356308
-0.10827252268791197,-0.022623898461461067,-0.12282904237508772,0.0,0.09323015809059144,-0.09013424813747406,-0.08521998673677443,-0.04027058184146881,0.2903254628181457,0.10414931923151016,0.059761397540569305,0.0541587807238102,-0.014745146036148071,-0.3333297669887543,0.2534865736961365,-0.05969235673546791,0.09533152729272841,-0.018991099670529366,-0.02861666679382324,0.138181671500206,0.014339525252580643,-0.018367452546954155,0.21118468046188357,-0.06706910580396652,0.13679742813110352,0.18067726492881772,0.04218171909451485,0.0739956796169281,-0.04222187027335167,0.06250682473182678,-0.2626447379589081,0.1900566816329956,-0.3783567249774933,0.24708952009677887,-0.08381906151771545,-0.09419479221105576,-0.06492601335048676,0.3132292926311493,-0.05263486877083778,-0.009434777311980723,-0.2542542219161988,-0.12948423624038696,0.23705779016017917,-0.1001942902803421,-0.09686402231454848,0.0618537925183773,0.001278577488847077,0.10297675430774687,0.08080104738473891,0.14734423160552979,0.41933792829513544,-0.05522122234106064,-0.1600908637046814,0.09715273976325987,0.1046951487660408,0.047043900936841965,-0.08232292532920837,-0.05332793667912483,-0.20873664319515228,-0.10205457359552383,0.17500099539756775,0.05119461193680763,-0.11715327203273772,0.2735141217708588,0.030425699427723885,-0.33633583784103394,0.08736909180879594,0.0044923871755599976,-0.046097327023744576,0.0409465730190277,-0.049622293561697006,-0.15840861201286316,-0.06921486556529999,0.15433798730373383,0.07422855496406555,-0.1830979436635971,-0.010734159499406815,-0.0848810002207756,-0.19046123325824735,0.07261533290147781,-0.014617889188230036,0.2059352993965149,-0.029037564992904663,-0.03887210413813591,-0.08373652398586273,-0.22142432630062103,0.16819214820861816,-0.18142805993556976,0.013818011619150639,-0.2671630382537842,0.28632962703704834,-0.06498681753873825,-0.12012310326099396,0.029762614518404007,0.09759015589952467,0.06581926345825195,0.014575411565601824,0.2444545924663544,-0.16044755280017853,-0.1494132429361343
0.009319184347987177,-0.01128634437918663,-0.03078312240540981,0.09323015809059144,0.0,0.016788728535175323,0.0649314746260643,-0.030102655291557312,-0.06250875443220139,-0.06639847904443741,-0.0630030632019043,-0.01761315017938614,-0.06910068541765213,0.05310685932636261,-0.08822152018547058,-0.06792127341032028,-0.026204435154795647,0.0668616071343422,-0.002739246701821685,-0.00034076746669597924,0.10925806313753128,0.04507626965641976,-0.01949314959347248,0.06650767475366592,-0.05126311257481575,-0.12732787430286407,-0.16125762462615967,0.0321272611618042,-0.05598428100347519,-0.07584742456674576,0.10043651610612868,-0.106003537774086,0.12663644552230835,-0.005465396214276552,-0.0503552109003067,-0.057375598698854446,0.0132502568885684,-0.2970218956470489,0.168690487742424,-0.03402893245220184,-0.027352558448910717,-0.00969054736196995,-0.08553094416856764,0.0053601041436195365,0.10378296673297882,0.07493531703948975,-0.08373914659023285,0.03882378339767456,0.07756276428699493,-0.0017590019851922989,-0.1427546590566635,-0.06007182970643044,-0.003730190452188253,-0.13119888305664062,-0.07424594461917877,-0.0015987978549674151,0.1352177262306213,0.04863102734088898,-0.022233804687857628,0.04923449084162712,0.008389363065361977,0.14792588353157043,-0.032176725566387177,-0.08459879457950592,0.0017128745093941689,0.098968468606472,-0.17013607919216156,-0.1031256914138794,0.10448727011680604,-0.1123613864183426,-0.043477457016706474,-0.00027808602317236364,-0.1458839774131775,-0.04704012349247933,-0.01639769785106182,0.059785369783639915,0.08053147792816162,0.027108920738101006,0.15654073655605316,0.07701000571250916,0.047029010951519006,-0.09936585277318953,-0.02433420903980732,-0.07549236714839934,0.0529448501765728,0.08539897948503494,-0.1274159550666809,-0.0771038979291916,0.08499906957149506,0.10927995294332504,-0.06958097964525223,0.034323256462812424,0.02935168892145157,0.031222179532051086,-0.04244090244174004,-0.14746180176734924,0.015298628248274326,0.0003982481721322984,-0.04570913687348366,0.07347973436117171
0.058107085525989526,-0.012912952341139317,0.03561488166451454,-0.09013424813747406,0.016788728535175323,0.0,0.10315632075071333,0.03883938863873482,-0.10302163660526276,-0.0038476376794278626,-0.04664823785424232,-0.0005525056621991098,-0.03475066274404526,-0.005465629976242781,-0.1384246051311493,-0.07614009827375413,-0.1786375492811203,0.019170634448528286,0.05708422884345055,-0.007865479215979576,0.0007957675261422991,0.09688170254230499,-0.06467504054307938,-0.05020910501480103,0.04125270992517471,-0.0963403880596161,-0.08856891095638275,0.03726056218147278,0.11262250691652297,-0.13867789506912231,-0.08945626765489578,-0.12562856078147888,0.2465645968914032,-0.04578147456049919,-0.0758657306432724,-0.04852091893553734,-0.017993588000535965,0.02267354354262352,-0.05326450616121292,-0.07610800117254257,0.02284645102918148,0.05376774817705154,-0.026298897340893745,-0.24529728293418884,0.02399163506925106,-0.09081975370645523,-0.02939894422888756,0.030781982466578484,-0.03927675634622574,0.009625641629099842,-0.051945500075817115,0.05813286453485489,-0.003783170133829117,0.04299920052289962,-0.041870106011629105,-0.031704168766736984,-0.12858253717422485,0.003081496572121978,0.051907844841480255,-0.010245606303215027,-0.1633618026971817,0.052204612642526634,0.06470856070518494,0.03222212195396423,-0.024559540674090385,0.08397656679153441,-0.08158747851848601,-0.10731779038906096,-0.012621604837477207,-0.0055115888826549045,-0.22586233913898468,-0.06399659067392349,0.184202641248703,0.018513957038521767,0.09222006052732468,-0.007244251668453216,-0.038411810994148254,0.03189452737569809,0.09698922932147981,-0.14040544629096985,-0.05580774694681168,-0.06278350949287415,-0.12848348915576935,-0.06170014292001724,0.07909376919269562,-0.0994543880224228,-0.007863176055252552,-0.02126597613096237,0.12442585080862044,0.0043461224995553485,-0.06421543657779694,0.059162437915802,-0.05208420753479004,0.02346860617399216,0.1063775196671486,0.06786535680294037,0.09984594583511353,-0.16244567930698395,0.011549904011189936,-0.015394440852105616
-0.09198475629091264,0.03235698863863945,-0.03517843037843704,-0.08521998673677443,0.0649314746260643,0.10315632075071333,0.0,0.033248934894800186,-0.11474820226430892,0.0371546633541584,-0.0055844979360699645,0.0034148443955928087,-0.1359035074710846,-0.09382057934999466,-0.15075908601284027,0.03569934889674187,0.022846026346087452,-0.10171378403902052,0.04835259169340134,-0.06597346812486649,0.019906554371118546,0.009648079052567482,0.024564862251281735,0.05805816501379013,-0.002273927209898829,-0.04012563079595566,-0.06778649985790253,-0.01731174997985363,-0.0575852170586586,-0.0008791477303020656,-0.07029304653406143,-0.1129430904984474,0.1696237027645111,0.005612479988485576,-0.05620689317584038,0.08182734996080399,-0.0073566981591284275,-0.0881209596991539,0.03200117498636246,-0.07301419973373413,0.021804008632898327,-0.002330145565792918,-0.16910769045352936,0.1145661175251007,0.20457445085048676,-0.05952151119709015,-0.013592929579317568,-0.07821449637413026,-0.06956131011247635,-0.04435259476304054,-0.004395218100398778,-0.03883814439177513,-0.04674439877271652,0.03888744860887528,-0.13090622425079343,0.005438062362372875,-0.006283534225076437,-0.025222552940249443,-0.058805543929338455,-0.0026536912191659208,0.02460324950516224,0.14335875213146207,-0.07160352915525436,0.05452223494648933,0.06607291847467422,-0.0261049959808588,-0.0457145981490612,-0.12715841829776764,-0.015589870512485504,-0.01690502278506756,0.031229570508003235,-0.003095815423876047,0.013861870393157004,-0.039742179214954376,-0.031866010278463364,-0.01677090860903263,0.13009820878505707,0.031372349709272385,-0.2813648581504822,0.07731064409017561,-0.07648049294948579,-0.09919545799493788,0.06803123652935028,0.01262859348207712,-0.0371227078139782,-0.02133521623909473,-0.09086710214614867,-0.13718156516551971,-0.08035476505756378,0.050959598273038864,0.1250133514404297,0.04957902058959007,-0.029644500464200974,0.10060246288776396,0.07920007407665251,-0.22945560514926913,0.03896789997816086,-0.03947829082608223,-0.06721889227628708,0.06385286897420883
0.05757047981023789,-0.05921625345945358,0.05153948441147804,-0.04027058184146881,-0.030102655291557312,0.03883938863873482,0.033248934894800186,0.0,-0.09129614382982254,-0.04466791078448296,-0.041893512010574334,-0.006754692643880844,0.04801560938358306,0.3324923515319824,-0.19424699246883392,0.03020192123949528,-0.11310193687677383,0.03884200379252434,-0.020182048901915554,-0.0806967169046402,0.0295486394315958,0.010323990136384964,-0.03955395519733429,0.013293237425386904,-0.06368838250637054,-0.026375720277428627,-0.11818911135196684,-0.10325243324041367,0.10811959207057951,-0.1212778091430664,0.38564091920852656,-0.19941094517707825,0.10309196263551712,-0.0578366294503212,0.030487881973385807,-0.034300971776247025,0.03113254904747009,-0.19338458776474,0.03747838735580444,0.02383439615368843,0.09857326000928879,0.10525678843259811,-0.10786308348178864,-0.12984721362590787,-0.03706547245383263,0.0711890235543251,-0.02937140874564648,0.00642671762034297,0.0002969347115140408,-0.013990663923323154,-0.3853701651096344,0.0555325374007225,0.03374755755066872,-0.019982077181339264,-0.05397826060652733,-0.007610603701323271,-0.08158574253320694,0.0055983862839639196,0.0851457342505455,0.13371632993221283,-0.1440022885799408,-0.09063018858432768,0.10838153213262557,-0.1836005002260208,-0.04389842972159386,0.12270370125770567,0.01682349480688572,0.0661478042602539,-0.06915957480669022,-0.05788874253630638,-0.0328710600733757,0.044387124478816986,-0.05085539445281029,-0.1319768726825714,-0.04476435482501984,0.03666693717241287,0.005901280790567398,0.02107885293662548,0.24929405748844144,-0.07712715864181519,0.09823819249868393,-0.05812812969088554,0.024740131571888924,-0.04940994828939438,0.07414483278989792,0.17767471075057983,-0.14027801156044006,0.006618622690439224,0.07664333283901215,0.04020548611879349,-0.18831419944763184,0.07891995459794998,0.05782625451683998,-0.02574252896010876,-0.07999786734580994,0.031212085857987404,-0.08942952752113342,-0.0902680456638336,0.02340429276227951,0.07374147325754164
-0.029891107231378555,-0.0055350586771965036,-0.052084144204854965,0.2903254628181457,-0.06250875443220139,-0.10302163660526276,-0.11474820226430892,-0.09129614382982254,0.0,0.07833463698625565,0.08304935693740845,-0.22914516925811768,-0.056845590472221375,-0.15521980822086334,0.3238027691841125,0.00038254348328337073,0.28122034668922424,-0.06800927966833115,-0.1042349860072136,0.3123014271259308,-0.14847804605960843,-0.21896111965179443,0.02025696076452732,-0.0470232181251049,0.09811452776193617,0.30694359540939326,0.1734183430671692,0.027073690667748448,-0.07589092850685118,0.2771323323249817,-0.20126849412918088,0.2240334004163742,-0.6457635164260864,0.30789688229560846,0.022602196782827377,-0.019094832241535183,-0.0420997329056263,0.5027292370796204,-0.13917526602745056,0.0037373136729002,-0.25438842177391047,-0.18536122143268585,0.15165697038173676,-0.10137531906366348,-0.32362404465675354,-0.01926950179040432,0.14153355360031128,0.15231165289878845,0.056296952068805695,0.04347407817840576,0.6070963144302368,-0.15964011847972867,-0.0017608850030228496,-0.04140870273113251,0.24661327898502347,-0.07942736148834227,-0.1194840297102928,0.024664126336574554,-0.16708333790302277,0.026424588635563847,0.21338425576686856,-0.1058427169919014,0.05597386509180069,0.1679755449295044,-0.1448148488998413,-0.4838189482688904,0.25076743960380554,0.1593238264322281,-0.11127081513404846,-0.27886608242988586,0.1156005412340164,-0.0973099246621132,0.0381532497704029,0.03856457769870758,-0.0899154245853424,-0.0764906108379364,-0.1416086107492447,-0.22889213263988492,-0.2563674747943878,0.007559099700301885,0.052012573927640915,0.34537550806999207,0.008594908751547337,0.05708016455173493,-0.2518870234489441,-0.11792366206645964,0.09242725372314452,-0.07808759808540344,-0.003952981438487768,-0.4344779551029205,0.37681084871292114,-0.19385516643524167,-0.12184708565473557,-0.1272025853395462,-0.1348860263824463,0.3596932888031006,0.10127554088830948,0.17094607651233673,-0.1047537252306938,-0.26541420817375183
-0.002776253269985318,0.0423676036298275,-0.06907932460308075,0.10414931923151016,-0.06639847904443741,-0.0038476376794278626,0.0371546633541584,-0.04466791078448296,0.07833463698625565,0.0,0.013025929220020773,-0.00561065087094903,-0.05924009159207344,0.05119188129901885,0.019419819116592407,-0.004744464065879583,0.012498737312853336,0.021003162488341328,-0.018038006499409676,0.01617313362658024,0.08596125990152359,0.06349984556436539,0.0937422066926956,0.035200998187065125,0.021547988057136532,-0.031177941709756848,-0.1388331651687622,0.009339041076600552,-0.003248139750212431,-0.011450218968093395,0.24410130083560944,-0.0292348675429821,-0.21788275241851807,0.03284935653209686,0.07117736339569092,-0.07122548669576645,0.019771715626120567,-0.10824527591466904,0.1053946241736412,0.003930474631488323,-0.020347416400909424,-0.03366423025727272,-0.02349717170000076,-0.06997867673635483,-0.0016077631153166294,0.03098897822201252,-0.03680065274238586,0.07204216718673706,0.10278104990720748,-0.01717553660273552,0.05919398739933968,-0.1031748428940773,-0.05442675203084946,-0.05119631066918373,0.04264626652002335,0.012351054698228836,-0.00010402061161585152,0.007640028372406959,-0.06043378636240959,0.08485195785760878,0.008081672713160515,0.06069494038820267,0.01433622185140848,-0.056806720793247216,-0.029853666201233864,-0.11022965610027312,-0.004746424499899149,0.013232545927166939,0.05621623992919922,-0.1567369848489761,-0.021880285814404488,-0.10563863813877104,-0.1091368943452835,-0.01008837018162012,-0.07083474099636078,0.021845147013664246,-0.01645669899880886,0.02388252131640911,-0.019295869395136837,-0.02458350174129009,0.08352978527545929,0.06781098991632462,-0.005647125653922558,-0.018828950822353363,0.028954371809959408,0.0021074542310088873,-0.1049487367272377,-0.19663721323013303,0.11158907413482666,-0.1325547993183136,0.12361401319503784,-0.044016033411026,-0.000914485368411988,0.01353293750435114,-0.04018441215157509,0.04616055265069008,0.012265937402844427,0.05467886105179787,-0.1409311443567276,0.009752814657986162
0.03242678940296173,-0.05970095470547676,-0.026573875918984413,0.059761397540569305,-0.0630030632019043,-0.04664823785424232,-0.0055844979360699645,-0.041893512010574334,0.08304935693740845,0.013025929220020773,0.0,-0.009342937730252743,0.07955110073089598,-0.017340349033474922,0.049980692565441125,-0.025022638961672783,-0.09927695244550705,0.08013398945331573,-0.053413249552249915,-0.03237874433398247,-0.020943908020854,0.014590243808925152,-0.05411135032773018,-0.06365013122558594,-0.007324348203837871,0.05622497200965881,0.01524905487895012,-0.05742337554693223,0.040823895484209054,-0.05426948145031929,0.21724404394626615,-0.07962645590305328,-0.03387776762247085,0.006569464225322008,-0.07398016750812529,-0.09578949213027954,-0.06361174583435059,0.0684417113661766,-0.1340568959712982,0.0143075929954648,-0.053630735725164407,-0.022039564326405525,0.022951791062951088,-0.17450225353240967,-0.12585178017616272,0.07936098426580429,0.0442354790866375,0.04093524813652039,0.0034899511374533176,0.0802394226193428,-0.15307354927062988,0.004770024679601192,-0.04759332165122032,-0.007914996705949305,0.015419223345816135,-0.013817016966640948,-0.0337064266204834,-0.023047830909490585,0.007536410354077816,-0.015421191230416296,-0.08357878774404524,-0.07881174236536026,0.08030593395233153,0.001969295088201761,-0.07870633900165558,0.018526740372180935,-0.0052683926187455645,-0.0168673787266016,-0.08214292675256729,-0.009140471927821634,0.01807640679180622,0.007095698732882737,0.004700115416198969,0.055692240595817566,0.07909592241048813,-0.040616899728775024,-0.021287595853209492,-0.012204327620565891,0.21409346163272855,-0.14740626513957977,-0.000649623922072351,-0.01063142530620098,-0.10491881519556044,-0.0011545944726094604,-0.0066020628437399856,-0.0032139497343450785,0.07154782116413116,0.10450027137994766,0.06297983974218369,-0.05652160942554474,-0.10919547826051712,0.026311919093132016,-0.07340943813323975,-0.10337018221616744,0.044432416558265686,0.11783863604068756,-0.08701308816671371,-0.044215306639671326,0.03658128902316093,-0.07185301184654236
-0.10510727018117905,0.0002776306064333766,0.08669441938400269,0.0541587807238102,-0.01761315017938614,-0.0005525056621991098,0.0034148443955928087,-0.006754692643880844,-0.22914516925811768,-0.00561065087094903,-0.009342937730252743,0.0,0.019248390570282936,0.05723792687058449,-0.01427571289241314,0.1286817193031311,-0.057189229875802994,-0.04393355548381805,-0.01992625556886196,-0.22522276639938357,0.10660314559936523,0.1463506668806076,0.07551359385252,0.0045535205863416195,-0.05803583934903145,-0.20336487889289853,-0.03225534036755562,-0.2437812089920044,0.0006588163669221103,-0.16370542347431183,0.17978887259960175,-0.16262130439281464,0.15450486540794373,-0.031221169978380203,-0.036913324147462845,0.02566530182957649,0.008731985464692116,-0.4998819231987,0.09378965944051743,-0.04679453000426293,0.12383167445659636,0.03401847928762436,-0.10483887791633605,0.21710483729839325,0.19993107020854947,0.0939878597855568,-0.07383663207292557,-0.15992069244384763,0.031096441671252247,-0.0887235701084137,-0.3826188445091248,0.04547695070505142,-0.09967034310102463,-0.08662861585617065,-0.15554240345954895,-0.006983843166381121,0.12393060326576232,0.01612906344234943,-0.08879664540290833,-0.06111344322562218,0.08142720907926558,-0.05671625956892967,0.056002259254455566,-0.16854111850261688,0.09719412773847583,0.17565208673477173,-0.0862056165933609,-0.053132236003875725,-0.013994901441037653,-0.0013319015270099044,0.1547258496284485,0.14563344419002533,-0.162491574883461,-0.009769103489816189,-0.040945481508970254,0.09005513042211533,0.07663509994745255,0.10694648325443268,0.22859399020671844,0.12856535613536835,0.03585087135434151,-0.11687352508306505,0.036796156316995614,-0.2079943418502808,0.08856234699487686,0.11338187754154204,-0.15779617428779602,-0.004751121159642935,-0.0980771705508232,0.3101809620857239,-0.04357399046421051,0.04219212010502815,0.1233278512954712,0.04097802937030792,-0.07809261977672578,-0.29391592741012573,-0.112237349152565,-0.08262183517217635,0.006510910578072071,0.19696323573589325
-0.11137401312589644,-0.012472612783312796,0.055198594927787774,-0.014745146036148071,-0.06910068541765213,-0.03475066274404526,-0.1359035074710846,0.04801560938358306,-0.056845590472221375,-0.05924009159207344,0.07955110073089598,0.019248390570282936,0.0,-0.09306727349758147,-0.0035509171430021524,0.04465480893850327,0.0534343495965004,-0.13532695174217224,-0.05441542342305184,-0.0490083321928978,0.02005196362733841,-0.007752964273095131,0.09282016009092331,-0.09863980859518051,-0.0038612848147749905,-0.024512331932783127,0.11474139243364334,-0.10670332610607149,-0.057924199849367135,-0.08529523760080338,-0.13365192711353302,0.3383467495441437,-0.06424573063850403,-0.09872030466794968,0.0863446518778801,0.0002853072655852884,0.002785743912681937,-0.1391935497522354,-0.02667919918894768,0.0010638339444994926,-0.07778514176607133,0.011378453113138676,0.026486011222004887,0.06080592051148415,0.09847747534513472,0.06052613630890846,-0.0855703204870224,0.001674463041126728,0.03965486586093903,-0.05305999889969826,-0.19846463203430173,0.04206763952970505,0.027192823588848117,-0.07026753574609756,-0.009507250040769575,-0.1664026528596878,-0.0685919001698494,0.0017396642360836267,0.015215547755360603,-0.1262611299753189,0.08602085709571838,0.08326887339353561,-0.006446461193263531,-0.11620546877384184,0.11876122653484344,0.08163625001907347,0.0024419350083917375,0.03447868674993515,-0.1470322459936142,0.21570239961147308,-0.05026554316282272,0.013447467237710953,-0.029358431696891785,-0.03230942413210869,-0.07693799585103987,0.0010332801612094045,-0.025217555463314056,-0.03679732978343964,0.1364859640598297,-0.02229035645723343,0.032210975885391235,0.008847021497786045,-0.29165393114089966,-0.04127451404929161,-0.058817699551582336,-0.029410945251584053,0.046487778425216675,0.054523278027772897,-0.05920170620083809,0.1287664026021957,-0.05497574433684349,0.009448898956179619,0.019270120188593864,-0.05792234092950821,-0.10823161154985428,-0.05675769597291946,0.10810427367687224,-0.0102443415671587,0.09863662719726561,-0.019412966445088383
0.13341668248176575,-0.1512591391801834,0.09216388314962387,-0.3333297669887543,0.05310685932636261,-0.005465629976242781,-0.09382057934999466,0.3324923515319824,-0.15521980822086334,0.05119188129901885,-0.017340349033474922,0.05723792687058449,-0.09306727349758147,0.0,-0.30998632311820984,0.11303070932626724,0.011190596036612988,-0.11725949496030807,-0.13160347938537595,-0.04316346347332001,0.08055475354194641,-0.17277589440345764,0.13017459213733673,-0.13503725826740265,-0.12689144909381866,0.023741990327835083,0.01566418446600437,0.03922776132822037,0.11091141402721404,-0.05563628301024437,-0.033599194139242165,-0.5035313367843628,0.3485574424266815,-0.17334195971488953,0.01974525116384029,-0.05572694167494774,0.08375390619039534,-0.17075917124748227,-0.040888406336307526,0.11515528708696364,0.1524805724620819,0.1404137760400772,-0.07246489822864531,-0.07524435222148894,-0.19768470525741577,-0.07083689421415329,0.002647013869136572,-0.025934522971510887,-0.12887173891067505,-0.05875865370035172,-0.44992473721504206,-0.025191424414515492,0.1302506327629089,0.06439903378486633,0.10214057564735413,-0.07655686885118483,-0.3107412457466125,-0.035749584436416626,0.10159232467412949,0.08292342722415923,-0.2524183690547943,-0.06704651564359665,0.06774261593818665,-0.007707972079515458,-0.16985198855400083,0.06936591118574142,0.0962035059928894,-0.0127860140055418,-0.1402738243341446,-0.0063055274076759815,-0.21849727630615237,-0.0010178398806601763,-0.03194998949766159,-0.30758094787597656,-0.03511588275432587,0.06533927470445633,-0.12486568093299864,-0.12164361774921416,0.15008357167243955,-0.016330016776919365,0.21951594948768613,-0.24529339373111725,0.13054169714450836,-0.08828756213188171,-0.03822583705186844,0.238848015666008,-0.0803689807653427,-0.052715111523866647,0.09648283571004868,0.0475308746099472,-0.053946178406476974,0.1267886459827423,-0.08231457322835922,0.04054093733429909,-0.19292789697647092,0.044320471584796906,-0.07328908890485764,-0.10901986062526701,0.058207251131534576,0.05093729868531227
-0.1377444565296173,0.06791109591722488,-0.11932293325662612,0.2534865736961365,-0.08822152018547058,-0.1384246051311493,-0.15075908601284027,-0.19424699246883392,0.3238027691841125,0.019419819116592407,0.049980692565441125,-0.01427571289241314,-0.0035509171430021524,-0.30998632311820984,0.0,-0.07084739953279495,0.10936848074197768,-0.021621435880661007,-0.03907644003629685,0.14625404775142667,-0.05777987092733383,-0.0178145170211792,0.16605520248413083,-0.014406577683985232,0.14550475776195526,0.06007594242691994,0.15413804352283475,-0.06977784633636475,-0.16583141684532163,0.11787156015634535,0.04491616785526276,0.9013820886611937,-0.6148011088371277,0.21656490862369537,0.04790548607707024,-0.04532551765441895,-0.04858361929655075,0.23247161507606504,-0.07916594296693802,-0.039724003523588174,-0.190290242433548,-0.23965445160865784,0.24091781675815585,0.23207999765872955,-0.10504806786775588,0.07510836422443389,-0.047066237777471535,0.07127349823713303,0.1446574330329895,-0.03384684771299362,0.4226872026920319,0.041745427995920174,-0.036022987216711044,-0.01812737807631493,0.1829860210418701,-0.006963018327951431,0.02359423227608204,-0.01968694478273392,-0.2026793211698532,-0.17980438470840454,0.27690988779068,0.02154891565442085,-0.11044428497552872,0.10638443380594252,0.0062433648854494095,-0.3550677001476288,0.11118508875370024,0.05609849840402603,0.002312098629772663,0.016939863562583923,0.16628398001194,-0.09450484812259674,-0.056761790066957474,0.23904290795326233,0.07831155508756636,-0.07862527668476103,-0.054112963378429406,-0.13698220252990723,-0.3043001592159271,-0.1538846641778946,-0.0761302411556244,0.2822532653808594,-0.21133588254451752,0.047984831035137177,-0.09490630775690079,-0.1597619354724884,0.1887511909008026,0.036005642265081406,-0.12922407686710355,-0.17718112468719482,0.2019333690404892,-0.33844923973083496,0.03315116465091705,-0.06885164231061935,-0.07126232236623764,-0.025909846648573875,-0.007667046505957844,0.25037366151809687,-0.05125276744365692,-0.18128710985183716
0.004462807439267635,-0.10271506011486052,-0.02068990096449852,-0.05969235673546791,-0.06792127341032028,-0.07614009827375413,0.03569934889674187,0.03020192123949528,0.00038254348328337073,-0.004744464065879583,-0.025022638961672783,0.1286817193031311,0.04465480893850327,0.11303070932626724,-0.07084739953279495,0.0,-0.18777585029602048,0.04534623771905899,-0.06373827904462814,-0.036485154181718826,0.11057954281568529,0.1302517056465149,0.07249976694583891,-0.12217658013105392,0.01407434605062008,-0.14105519652366638,-0.15238453447818756,-0.012639817781746387,0.07833493500947952,-0.1910170465707779,0.13888797163963315,0.020201021805405617,-0.186872661113739,-0.11629991978406906,0.07946418225765228,-0.21445032954216003,0.04832148551940917,-0.2556134760379791,-0.059312593191862106,0.10609066486358643,0.031067878007888797,0.056894060224294656,0.12314242124557497,-0.09268662333488464,-0.0035299961455166336,0.12531189620494843,-0.08716151118278502,0.003108240431174636,0.1443074643611908,0.0838055908679962,-0.4741115272045136,0.08909589797258377,0.038902536034584045,-0.06224062293767929,0.00888804905116558,0.02065492793917656,0.005705181974917649,-0.0873575359582901,0.029207875952124596,-0.10028906166553496,-0.09792840480804445,-0.11097374558448792,0.008319414220750334,-0.0826229080557823,0.01836163364350796,0.1763671189546585,-0.13362157344818115,-0.03441841900348663,0.026586057618260384,0.2016988545656204,-0.20905637741088867,-0.11041942983865737,-0.16113984584808347,-0.03574622794985771,0.15197661519050598,-0.001270821550861001,-0.08832263946533203,0.029678033664822575,0.6451254487037659,0.06555982679128647,0.06700324267148972,-0.06662505120038986,-0.2814564108848572,-0.23181219398975367,0.162750244140625,0.03430857136845589,0.0013191865291446447,0.07987139374017715,0.14516252279281616,0.08195358514785767,-0.23188944160938263,0.060725640505552285,0.05153427645564079,-0.08258188515901564,-0.016212336719036102,0.009534284472465517,-0.10504069924354552,0.04901101067662239,0.02886304259300232,-0.005148888565599918
0.1927373260259628,-0.06924840062856674,-0.0990150198340416,0.09533152729272841,-0.026204435154795647,-0.1786375492811203,0.022846026346087452,-0.11310193687677383,0.28122034668922424,0.012498737312853336,-0.09927695244550705,-0.057189229875802994,0.0534343495965004,0.011190596036612988,0.10936848074197768,-0.18777585029602048,0.0,0.039953339844942086,-0.039629146456718445,0.18870244920253756,-0.20636580884456637,-0.18580634891986847,-0.13431882858276367,-0.02893636003136635,0.03893385827541351,0.05824807658791542,-0.032850127667188644,0.05696053430438042,-0.10577095299959181,0.1121840327978134,-0.16935789585113523,0.11585237085819244,-0.33200669288635254,0.2039530426263809,-0.05807017162442207,-0.0659056156873703,0.01736432872712612,0.17032870650291443,-0.05408304557204247,0.0387081503868103,-0.19175089895725247,-0.17217183113098145,0.10616470128297804,-0.03652593493461609,-0.3782773017883301,0.00754108652472496,0.060397908091545105,0.002277057617902756,0.025375258177518845,-0.014179292134940624,0.16659601032733917,-0.004581296350806952,0.055989813059568405,-0.050823021680116647,0.11910360306501389,0.1239701434969902,0.027790749445557594,-0.08118700236082077,-0.07546789199113846,-0.04833065718412399,0.037818603217601776,-0.1705006957054138,-0.11382652819156645,0.0832882672548294,-0.14643822610378265,-0.2026464492082596,-0.03280220925807953,-0.02679428458213806,0.16992026567459106,-0.08559655398130415,0.07507167011499406,-0.06897031515836716,0.0799611359834671,0.027143109589815136,0.05091072618961334,0.02495773136615753,-0.12025128304958344,-0.11175171285867692,-0.03203942999243736,0.1344975233078003,-0.0945449098944664,0.07142958790063858,-0.03572314232587814,0.01852179318666458,-0.013625021092593668,-0.05210079252719879,0.07724179327487946,-0.02621521428227425,-0.05225865542888641,-0.12123101204633711,0.004008361138403416,-0.14245900511741638,-0.09644680470228195,-0.007264925166964531,-0.10168099403381348,0.2799013555049896,-0.13520213961601257,0.1546139121055603,-0.05588500201702118,-0.1578613966703415
-0.08603917062282562,-0.011634333990514278,0.060971524566411965,-0.018991099670529366,0.0668616071343422,0.019170634448528286,-0.10171378403902052,0.03884200379252434,-0.06800927966833115,0.021003162488341328,0.08013398945331573,-0.04393355548381805,-0.13532695174217224,-0.11725949496030807,-0.021621435880661007,0.04534623771905899,0.039953339844942086,0.0,0.0005497434758581221,-0.017969980835914612,0.01582358591258526,0.06734748929738998,0.015618658624589443,-0.059214696288108826,0.006587548181414604,0.0038746627978980546,0.0369512103497982,-0.04722476750612258,0.018501022830605503,-0.04000173136591911,0.030761197209358212,0.31937918066978455,0.02929137274622917,-0.0187649205327034,0.03145814314484596,0.037808004766702645,0.020989974960684776,-0.22529646754264832,-0.018871996551752087,0.046850726008415215,0.029376212507486343,-0.011265610344707964,-0.05969517305493354,0.06820841878652573,0.21658895909786224,-0.02213065885007381,-0.030412184074521065,0.013624507002532482,0.005926894024014473,-0.10655996203422546,-0.22553765773773196,0.09918461740016936,-0.0016782806487753987,-0.05930313467979431,-0.0666508749127388,-0.14916686713695526,0.027978297322988514,-0.004711981862783432,-0.04620795696973801,-0.03564289212226868,0.06287869811058044,0.07108251750469208,0.03186323866248131,-0.024064717814326286,0.057972244918346405,0.06145770475268364,-0.08472489565610884,0.005960522685199976,-0.040157441049814224,0.04878540709614754,-0.009362454526126385,-0.02578510530292988,0.026486342772841454,-0.01876229792833328,0.004011739976704121,-0.019453095272183415,0.009210669435560703,0.02291717752814293,-0.09308215975761411,-0.07689680904150009,-0.05931785702705383,0.07827593386173248,-0.22450657188892365,0.017050115391612053,-0.04369492083787918,-0.08411819487810135,-0.03344851732254028,-0.04955323785543442,-0.08939531445503235,0.07637689262628555,-0.013696284033358095,-8.030464960029347e-05,-0.011024591512978075,0.005792229436337948,0.01747436635196209,-0.06265346705913544,0.03620746359229088,-0.010974179953336716,0.012109089642763136,0.06636765599250793
-0.06067768484354019,-0.04000600054860115,-0.08815772831439973,-0.02861666679382324,-0.002739246701821685,0.05708422884345055,0.04835259169340134,-0.020182048901915554,-0.1042349860072136,-0.018038006499409676,-0.053413249552249915,-0.01992625556886196,-0.05441542342305184,-0.13160347938537595,-0.03907644003629685,-0.06373827904462814,-0.039629146456718445,0.0005497434758581221,0.0,-0.044989079236984246,0.01576516591012478,-0.07107296586036682,-0.07212660461664198,0.04580267146229744,0.02314411662518978,-0.05804228410124778,-0.13756154477596283,0.006740429438650608,-0.16320550441741943,0.010113653726875782,-0.1285039782524109,-0.23512640595436096,0.2268770784139633,0.04292729869484901,-0.022447735071182248,0.05046029761433601,-0.09198245406150816,0.06186241284012794,-0.018179003149271008,-0.0762784481048584,-0.0004248945333529264,-0.07899712026119232,-0.022839274257421494,0.0492122694849968,0.03984122350811958,-0.10531500726938248,-0.030724266543984413,-0.06107013672590256,-0.04502540081739426,0.022100117057561874,0.09465370327234268,-0.08768332749605177,-0.020035602152347565,0.006448241882026196,-0.12300805747509003,0.04515988007187843,0.044433098286390305,0.0194905549287796,-0.06494097411632538,-0.07628601044416428,0.05221431702375412,0.0596228465437889,-0.0948820188641548,0.07713597267866135,0.014616561122238636,-0.07002083957195282,-0.025213969871401783,-0.1346653550863266,0.048539023846387856,-0.08084157109260559,0.06816987693309784,0.09186639636754988,-0.04838782176375389,0.0583820529282093,0.010217928327620028,-0.022944897413253784,0.1082976832985878,0.030054017901420597,-0.19940824806690216,0.05238557234406471,-0.14645037055015564,-0.07285164296627043,-0.017852406948804855,0.053476251661777496,-0.002112477319315076,-0.13692939281463623,-0.0042863055132329455,-0.018634764477610588,-0.1063305214047432,0.009744583629071712,0.08185699582099913,-0.012991855852305887,-0.10521534830331802,0.041140664368867874,0.06809422373771667,-0.11398369073867796,0.11601414531469344,-0.023720394819974896,-0.042261358350515366,-0.09591083973646165
