0,1,2,3,4,5,6,7,8,9,10,11,12,13,14,15,16,17,18,19,20,21,22,23,24,25,26,27,28,29,30,31,32,33,34,35,36,37,38,39,40,41,42,43,44,45,46,47,48,49,50,51,52,53,54,55,56,57,58,59,60,61,62,63,64,65,66,67,68,69,70,71,72,73,74,75,76,77,78,79,80,81,82,83,84,85,86,87,88,89,90,91,92,93,94,95,96,97,98,99
0.0,0.004560749512165785,0.012313131242990492,0.02120973728597164,0.018237680196762085,-0.041444730013608926,-0.006803250405937432,-0.06665228307247162,0.00020227914501447233,-0.02466521225869656,-0.06691372394561768,-0.07332223653793336,-0.0733681172132492,-0.04417169466614723,0.0383024550974369,0.05609438940882682,0.04409858584403992,0.05996610224246978,-0.028783800080418583,-0.0010835846187546847,-0.07863272726535797,4.5402528485283256e-05,0.04982598125934601,0.0011082659475505352,-5.2497700380627066e-05,0.03166113793849945,-0.08278653770685197,3.003778692800552e-05,-0.0019957751501351595,-0.0267987884581089,0.07577775418758392,0.07291556149721146,-0.07537497580051422,-0.01572892814874649,-0.10035911202430724,-0.05017953366041184,-0.07703176140785217,0.016227371990680695,-0.061229079961776726,0.057729277759790414,0.02137249521911144,0.04256570339202881,-0.10265561193227768,0.031305406242609024,0.009870038367807863,0.0005075260996818542,0.05057068541646004,0.05003505200147629,-0.05598188936710358,1.6561443771934137e-05,0.007732204627245664,-0.018556246533989903,0.01346505992114544,-0.01308245863765478,-0.04961846023797989,0.06151672825217247,-0.04425764083862305,0.025683818385005,-0.041170906275510795,0.10055024176836012,-0.042846981436014175,0.1118519902229309,-0.05930851027369499,-0.03497106209397316,-0.007342027034610509,-0.000345925975125283,0.0105572622269392,-0.05862671881914138,-0.01768798939883709,0.0003590667911339551,-0.05674104765057564,-0.0839656814932823,-0.01550136972218752,-0.009114578366279602,-0.028835048899054527,-0.007327394094318151,0.08661711215972899,0.08846665173768997,-0.06982801109552383,-0.0917624458670616,-0.06611640006303787,0.001403219299390912,0.004369211383163929,0.023737329989671707,-0.026749841868877407,-7.060504685796332e-06,0.05184321478009224,-0.04202929884195328,0.03906743973493576,-0.06936418265104294,0.042055968195199966,0.004433309659361839,0.04137888550758362,-0.0496286004781723,-0.029147008433938023,-0.026357430964708328,-0.004142706282436848,-2.1163208657526408e-05,-0.03346177190542221,-0.0290842168033123
0.004560749512165785,0.0,0.04388902336359024,0.03246528282761574,0.0486547090113163,-0.06454035639762878,-0.000513418926857412,-0.0310757365077734,-0.03319156914949417,-0.020168617367744442,0.016931913793087006,-0.023244066163897514,0.013009542599320412,-0.04001132771372795,0.014192611910402775,0.006754959002137184,0.028826069086790085,0.0024144600611180067,-0.0787646472454071,-0.023059669882059097,0.03966006264090537,-0.04861941561102867,-0.04936278238892555,0.00023225616314448416,0.035071615129709244,-0.01590070128440857,-0.027706956490874287,0.02541731297969818,0.07937479764223097,-0.05757684633135796,-0.05045648291707039,-0.0822686180472374,0.01998056657612324,-0.04358015954494476,-0.014942802488803864,-0.0002081254206132144,-0.052889369428157806,0.0042456393130123615,0.030426297336816788,-0.011599428951740263,-0.02309097908437252,-0.016581816598773003,-0.04981378093361855,0.014604081399738789,-0.029305722564458847,0.017325932160019875,0.08446599543094635,-0.03689387068152428,-0.002398422919213772,0.0015433416701853275,-0.022812187671661377,0.06174229085445404,-0.02668885700404644,-0.02087326906621456,-0.005755202379077673,-0.030845319852232933,-0.03022459708154201,-0.00843536201864481,-0.14310479164123535,0.04808705672621727,0.027396105229854584,-0.013442616909742355,0.01745864190161228,-0.04432346671819687,0.017863748595118523,-0.05472318455576897,-0.047661397606134415,-0.018246250227093697,0.07001985609531403,-0.001986416755244136,0.008387628942728041,0.05352579057216644,-0.06347038596868515,0.046475667506456375,0.04787001386284828,-0.05429807305335999,-0.06436886638402939,-0.0155648747459054,0.021271219477057457,0.017945274710655212,-0.045158103108406074,-0.014142517000436783,-0.026876032352447506,-0.027240963652729988,-0.0063996645621955395,-0.002798503264784813,0.017654702067375183,0.02581479214131832,0.014592276886105536,-0.009423097595572472,-0.003071621060371399,-0.03859777748584747,-0.014988993294537067,-0.0094858780503273,0.04472541064023972,0.0013011291157454252,-0.12235070765018465,-0.0029868269339203835,-0.010432477109134196,-0.0736464336514473
0.012313131242990492,0.04388902336359024,0.0,-0.024847954511642456,-0.012984548695385456,0.07107776403427124,0.002876647049561143,-0.0034925590734928846,0.05415502190589905,0.08816307783126831,0.05421515926718712,0.03198417276144028,0.004128904547542334,0.08963273465633392,-0.06916823983192444,0.01502892840653658,0.017519261687994003,0.03480614721775055,0.06872162967920303,0.030919643118977543,-0.02964816987514496,-9.618723197490908e-06,-0.07805360853672028,-0.05491701886057854,0.06226091086864472,-0.0015656067989766596,-0.027068790048360825,-0.02018845267593861,-0.18143923580646515,-0.02229057066142559,-0.06334822624921799,0.017003150656819344,0.0078663919121027,0.001784968189895153,-0.012045341543853281,-0.0468151830136776,0.045194756239652634,0.03343884646892548,-0.06073147058486938,-0.05432912707328796,-0.02149595692753792,-0.0076943752355873585,-0.0037190255243331194,-0.05187482759356499,0.01795283518731594,0.025150418281555172,-0.05808479711413384,-0.020311657339334488,-0.008731956593692303,0.026749294251203537,-0.056876737624406815,-0.05372090265154839,-0.0480973981320858,-0.017081305384635925,0.06846293807029724,-0.025126826018095016,0.02949473820626736,-0.050004392862319946,-0.0016608444275334475,-0.08720358461141585,-0.03469441458582878,-0.06678937375545502,-0.001834499998949468,-0.021157182753086087,0.008358035236597061,0.05220778658986092,-0.06187685951590537,-0.10136140882968903,0.057865463197231286,-0.047586020082235336,0.02840198017656803,-0.10160468518733978,0.028262119740247726,0.05945168435573578,-0.09889109432697296,0.025114381685853004,-0.003829343244433403,0.0522729717195034,0.02396277897059917,-0.011989167891442776,0.042604666203260415,-0.0032137699890881777,-0.019005645066499714,-0.04903855919837952,-0.03225299343466759,0.028007062152028084,0.008948964066803454,-0.03256158530712128,-0.04593620449304581,-0.05297884345054626,-0.04046326503157616,0.04192163050174713,0.007954407483339308,-0.0689343586564064,-0.000520377478096634,-0.003949281759560108,0.03590959310531616,-0.034090306609869,0.015858836472034454,-0.02541434019804001
0.02120973728597164,0.03246528282761574,-0.024847954511642456,0.0,0.002595616038888693,-0.01286796573549509,-0.01804184541106224,-0.05284416675567626,-0.02906100265681744,0.031801756471395486,-0.03331834077835083,0.024948142468929287,0.0007545150583609938,0.014563304372131824,0.004112521652132273,-0.009102638810873032,-0.05719825252890586,-0.08628030866384506,0.01830299943685532,-0.011051619425415993,0.015327187255024908,0.10606657713651656,-0.010385244153439999,-0.0030665739905089136,0.006658491678535937,-0.03174218162894249,0.06070631742477417,-0.05343163758516312,-0.06946391612291336,-0.053897034376859665,0.008813243359327315,-0.005595735274255276,-0.08565090596675871,-0.03477172926068305,0.01325419545173645,0.02971709333360195,-0.028669860213994976,0.0398981124162674,-0.007185835856944323,-0.018388021737337112,0.02712755277752876,-0.05621897801756858,0.02472764626145363,-0.052744060754776,-0.04504220560193062,0.05505849793553352,-0.11048189550638197,-0.050844091922044754,-0.02747022919356823,-0.0015311167808249593,0.0022405250929296017,-0.04134217277169228,-0.002387135289609432,0.010715045034885406,-0.035947803407907486,0.08454088866710663,0.03604470193386078,-0.001123004942201078,0.018980683758854863,-0.05443673580884933,0.004699692130088806,-0.04706826806068421,-0.025144981220364567,0.018468255177140236,-0.007599881850183009,-0.024444498121738437,-0.03721494972705841,0.008061892352998257,-0.04139798134565353,0.024016709998250008,-0.0490671768784523,0.026076871901750565,0.015167159028351305,-0.04356472194194794,-0.03020192123949528,-0.027415458112955093,-0.016820361837744713,-0.0026708098594099283,-0.01917209103703499,-0.007588722743093967,-0.0009614371228963136,-0.02436008863151073,0.024347594007849693,-0.029842527583241463,0.043056219816207886,0.005156094674021006,0.006598053965717553,-0.037297546863555915,-0.013752012513577938,-0.04267570003867149,0.0020520333200693126,-0.018746623769402504,-0.04899539053440093,0.04664380475878716,-0.026621753349900246,0.023386150598526,-0.0033839072566479445,-0.02281813137233257,-0.004262412432581185,0.02503268606960773
0.018237680196762085,0.0486547090113163,-0.012984548695385456,0.002595616038888693,0.0,0.04573123157024384,-0.0005505139706656337,0.09340782463550568,-0.04622308537364007,0.019826037809252735,-0.012155557982623575,-0.033908341079950326,-0.08846268802881242,-0.036470364779233926,0.030751192942261692,-0.022180389612913128,-0.08638402074575424,-0.04163635522127152,-0.003310570493340492,-0.0035450737923383713,-0.033036064356565475,0.026118917390704155,0.012416455894708632,0.005031330045312643,-0.06213757395744324,-0.044125717133283615,-0.05344951897859573,-0.011559915728867052,0.021635502576828,0.07617671042680739,0.008055494166910648,-2.867958028218709e-05,-0.029531395062804226,0.052618764340877526,-0.08028337359428404,0.023561812937259678,0.04402124509215354,0.00019929614791180936,-0.055929504334926605,-0.05095859244465828,-0.07316385209560394,0.017632542178034782,0.05525726452469826,-0.015180694870650768,0.01711469516158104,-0.01674610562622547,-0.0352984219789505,0.033893290907144547,0.05147146806120872,-0.05676525831222534,-0.023648465052247047,-0.009927960112690926,-0.03827157616615296,-0.007860567420721054,-0.012003050185739994,-0.020776553079485893,-0.03377252817153931,-0.007033467758446932,0.038317594677209854,0.015833193436264992,-0.02628292888402939,0.06268462538719177,-0.02934717573225498,0.032614316791296005,-0.06665265560150145,-0.010755819268524647,0.0058694570325315,-0.0052682701498270035,-0.028480086475610733,-0.05134452506899834,-0.016579866409301754,-0.012374215759336948,0.022489147260785103,-0.048228617757558816,0.03166789934039116,-0.03074885718524456,0.00046661289525218313,-0.06078874319791794,-0.0375872477889061,-0.0527430735528469,0.037378143519163125,0.024464469403028488,0.034479741007089615,-0.0510442890226841,-0.044479601085186,0.014409936033189297,0.010441604070365427,-0.00048254604917019606,-0.08818639069795609,0.021272605285048485,-0.026535240933299065,0.017729919403791428,0.013000507839024065,0.00046324319555424154,-0.0413927249610424,-0.06469070166349411,-0.02001870796084404,0.005278268828988075,-0.04838169738650321,0.04773855581879616
-0.041444730013608926,-0.06454035639762878,0.07107776403427124,-0.01286796573549509,0.04573123157024384,0.0,-0.00858356524258852,-0.0278904102742672,0.0019371971720829608,-0.017776846885681152,-0.022467996925115585,-0.04910748451948166,0.07367030531167984,-0.0592372864484787,-0.023758096620440483,-0.034970853477716446,0.016547178849577904,-0.018975114449858665,-0.00030112729291431606,-0.040882740169763565,-0.003679386107251048,0.05643928796052933,0.05858656018972397,0.014504137448966503,-0.04151883348822594,-0.030027292668819427,0.02124156802892685,0.04584243893623352,-0.03111907467246056,-0.04389183595776558,0.007185528054833412,-0.07592631876468657,0.007496301550418138,-0.03893891721963882,-0.03049980290234089,-0.02419981732964516,-0.03959045559167862,-0.02204341627657413,0.041275545954704285,0.03619024157524109,0.009005854837596416,0.018465232104063038,-0.08389588445425034,0.027851542457938194,-0.008786373771727085,-0.02779097855091095,-0.006682083476334809,0.011210041120648384,-0.02313193678855896,-0.033683501183986664,0.0740337148308754,0.006006050389260054,0.009339047595858574,0.004754350520670414,-0.05055616423487663,0.03406997025012969,0.012690777890384196,-0.026164405047893524,-0.09157106280326845,-0.00245411554351449,0.016521647572517395,-0.0676342323422432,0.0042267204262316236,0.008620437234640121,0.0051649417728185645,-0.0191496666520834,0.02866959013044834,0.005750264506787062,-0.029765315353870392,0.010799004696309566,-0.0814773365855217,-0.008711481466889381,-0.05999653413891792,-0.044038720428943634,0.07802575826644897,-0.038929615169763565,0.027966860681772232,-0.07047826051712036,-0.03896591812372208,0.024008262902498245,-0.035345517098903656,-0.032240670174360275,-0.024810204282402992,0.0065321545116603374,-0.015983590856194496,0.004525145050138235,-0.02228700928390026,-0.046775080263614655,0.07867204397916794,-0.05515574663877487,0.04756120964884757,-0.03600592911243439,-0.01007362361997366,-0.033814143389463425,0.015233717858791351,0.03472498059272766,0.0024395284708589315,-0.026667606085538864,-0.025472521781921383,-0.023031244054436684
-0.006803250405937432,-0.000513418926857412,0.002876647049561143,-0.01804184541106224,-0.0005505139706656337,-0.00858356524258852,0.0,0.07511931657791138,-0.025065384805202484,-0.033791445195674896,-0.09162562340497969,-0.0013893335126340387,0.04029268398880959,0.09236045926809312,0.04448409751057625,0.07651542872190475,-0.04659449681639671,-0.04310559481382369,-0.043104901909828186,0.02863949723541737,0.0005618082359433174,-0.11010268330574036,0.005109954159706831,-0.007533891126513482,0.015768269076943398,0.06405053287744522,-0.011613030917942524,-0.04083579033613205,-0.04375645518302917,0.020327311009168625,-0.007089319173246622,-0.03131613135337829,-0.06658270210027695,-0.006587302777916193,0.04017407074570656,-0.022115977481007573,-0.04201243072748184,-0.034196022897958755,0.00017369736451655626,0.030697377398610115,0.08895350992679597,-0.07981610298156738,0.009051048196852207,0.05359888449311256,-0.016407299786806107,-0.05004001408815384,-0.03287212550640106,-0.06708028167486191,0.009248089976608751,0.0010998189682140946,-0.010733279399573801,0.021932825446128845,-0.03676219284534454,0.0011349583510309456,-0.07257115840911865,-0.05289403349161148,-0.03673653304576874,-0.03395860269665718,-0.009677102789282799,0.001307233003899455,-0.01701907068490982,-0.04646657779812813,-0.0046994565054774284,-0.04146496579051018,-0.09468361735343933,0.04976041615009308,0.12987972795963287,0.018712118268013,-0.037286657840013504,-0.03726938739418984,0.03240438923239708,0.01409620139747858,0.09009859710931778,0.0007913611480034887,-0.0024718251079320908,0.04536222666501999,-0.013451403006911276,-0.0728832259774208,0.05931152030825615,-0.08619837462902069,-0.10290145128965376,-0.01823520474135876,-0.05738625302910805,-0.018013430759310722,0.04025755450129509,0.09505057334899902,0.0766385719180107,-0.04390242323279381,-0.012380879372358322,-0.030536094680428505,0.041831120848655694,0.005202357657253742,0.008943580090999603,-0.07886237651109694,-0.009102013893425465,-0.08005162328481674,0.012642432004213331,-0.02263887226581573,-0.023847876116633412,-0.012820105999708176
-0.06665228307247162,-0.0310757365077734,-0.0034925590734928846,-0.05284416675567626,0.09340782463550568,-0.0278904102742672,0.07511931657791138,0.0,0.043058253824710846,-0.01291348785161972,-0.023026213049888607,0.06875742226839066,-0.031509287655353546,-0.02239684388041496,-0.0706162080168724,-0.03351388126611709,0.06322814524173737,0.0774419829249382,-0.03930073603987694,-0.036215633153915405,-0.0005690075340680778,0.03404134139418601,-0.032416269183158875,-0.0022556518670171495,-0.0037710373289883137,0.0007451989222317934,-0.003041579620912671,-0.06155082955956459,0.02607887238264084,-0.06585335731506348,0.03721786290407181,0.02280721254646778,-0.01755640283226967,-0.08699409663677214,0.01882610283792019,-0.01848292909562588,-0.0532420389354229,0.0012203446822240949,0.001562336110509932,-0.003441121894866228,0.008824952878057955,0.0032207053154706955,-0.03654820099473,-0.0734393000602722,-0.0015045267064124344,0.0477437898516655,-0.0540362261235714,-0.01966963894665241,-0.10680460184812544,0.024050187319517132,-0.029728533700108528,-0.021850395947694775,0.05787418782711029,-0.021494500339031216,-0.02199506387114525,0.0035484442487359047,0.022735746577382088,0.051320042461156845,0.002675679512321949,-0.04500820487737656,-0.03492534160614014,-0.027546931058168408,0.032513827085494995,-0.030022405087947845,0.06876951456069946,-0.10949442535638808,-0.038588933646678925,-0.005857571959495544,-0.07474640011787415,0.06399857252836227,-0.0005099490517750382,-0.0510929711163044,-0.038637250661849976,0.000622445426415652,-0.03346657380461693,-0.052349120378494256,-0.011130811646580696,0.022946797311306,-0.025981575250625607,0.04169078171253204,-0.053097501397132874,-0.031607285141944885,-0.037289377301931374,0.07608562707901001,0.10455230623483656,-0.14758409559726715,-0.027683800086379048,0.0329461470246315,-0.02793367765843868,-0.028555443510413166,0.04358448460698128,-0.004948826506733894,-0.023184321820735928,-0.014161775819957256,0.026694133877754208,0.03625774756073952,0.018971625715494156,-0.026887081563472748,0.02176807634532452,0.014049724675714968
0.00020227914501447233,-0.03319156914949417,0.05415502190589905,-0.02906100265681744,-0.04622308537364007,0.0019371971720829608,-0.025065384805202484,0.043058253824710846,0.0,0.07206019759178162,-0.08376561850309373,-0.03744405508041382,-0.027812695130705837,-0.05543746426701546,0.09907203912734984,0.021953916177153587,0.04068950191140175,-0.04481429234147072,-0.006992257665842772,0.01737954281270504,-0.01766098663210869,-0.06375040858983994,-0.0842313840985298,-0.08117670565843582,-0.0193181186914444,-0.006748271640390158,-0.021145580336451527,0.014288493432104588,0.07235358655452728,0.01925117522478104,-0.07791373133659361,-0.005625294521450996,-0.04590846225619316,-0.05910516157746315,0.009559394791722296,0.12786312401294708,-0.017192954197525978,0.04196825996041298,-0.0123988576233387,0.0024097736459225416,0.02383730374276638,-0.014092381112277508,-0.009820089675486088,-0.0006366543238982558,-0.02751932106912136,-0.07259894162416458,0.00264380662702024,0.006674095522612332,0.002134741051122546,-0.06385496258735657,-0.08927648514509201,-0.010662206448614596,-0.06303735077381134,0.010711668990552424,-0.03819223493337631,0.08450210094451904,0.00719475606456399,0.040647085756063454,-0.03887702524662018,0.04690205305814743,-0.015880808234214783,0.06841474771499634,-0.005334435496479273,-0.09521812945604323,-0.0356634296476841,0.05855888500809669,-0.03366665542125702,0.07096885144710541,9.52014306676574e-05,-0.029186751693487167,-0.044208720326423645,0.019822746515274048,-0.016891825944185257,0.06632889807224274,0.024504305794835087,0.018085863441228863,0.012100632302463055,0.008736387826502323,-0.00656232750043273,0.009091748856008051,-0.01016703899949789,0.043643493205308914,0.021761097013950348,-0.051235012710094445,-0.0579892173409462,0.04224254190921784,-0.05615755170583725,-0.029687801375985146,-0.05901730805635452,-0.03138672932982445,0.029639815911650658,0.0009477101848460733,-0.16363655030727386,0.0511908121407032,-0.007407199591398238,-0.0653650313615799,0.03380433097481728,-0.04089510440826416,-0.016799451783299446,0.0001996034261537716
-0.02466521225869656,-0.020168617367744442,0.08816307783126831,0.031801756471395486,0.019826037809252735,-0.017776846885681152,-0.033791445195674896,-0.01291348785161972,0.07206019759178162,0.0,0.0750405564904213,0.09316914528608322,-0.056248854845762246,6.030792064848356e-05,0.00010855619620997457,-0.016024349257349968,-0.02425798401236534,0.07624092698097229,-0.05786650255322456,-0.026178337633609768,-0.05153373628854752,-0.07969242334365843,0.046955376863479614,-0.05996561422944069,-0.03041243366897106,-0.0680876150727272,0.08095522969961166,0.0972667783498764,0.04027127474546432,-0.030058359727263447,0.013232609257102013,-0.05284525454044343,-0.032659344375133514,-0.02992698550224304,-0.02143264375627041,-0.0766436904668808,-0.015643706545233727,-0.03337111324071884,0.022752879187464718,-0.0002230633108410984,0.03353734314441681,-0.04158307239413261,0.052491068840026855,0.01284635066986084,-0.0786195620894432,-0.09300114959478377,0.07163787633180618,-0.05387843400239944,-0.05381139367818832,-0.021661218255758286,9.899982978822663e-05,-0.056996189057827,0.04284469038248062,-0.010874404571950436,-0.002072148490697145,-0.05813808366656304,-0.04698765650391579,-0.021370358765125275,0.07857800275087357,0.005978408269584178,-0.024073112756013874,-0.014284636825323105,-0.0901835486292839,0.02410394325852394,-0.02840735763311386,-0.02106660231947899,0.026112763211131092,-0.007423612289130686,-0.0022907103411853318,-0.04842571169137955,-0.029139054939150807,0.023262042552232742,0.003263496793806553,-0.08227544277906419,3.092844053753652e-05,0.0243791788816452,-0.09243518114089964,0.05693572759628296,4.006871677120216e-05,4.78930669487454e-05,-0.03192257508635521,-0.038187123835086816,-0.0186565313488245,0.10641520470380784,-6.496957212220877e-05,0.03901349380612373,-0.02687881514430046,-0.033245161175727844,0.08050134778022766,-0.014618081972002985,-0.00023160250566434115,-0.0813930183649063,0.047822516411542886,0.058967772871255875,-0.083835169672966,0.025601530447602272,-0.07497874647378922,-0.026994626969099045,0.045217007398605354,0.014939100481569769
-0.06691372394561768,0.016931913793087006,0.05421515926718712,-0.03331834077835083,-0.012155557982623575,-0.022467996925115585,-0.09162562340497969,-0.023026213049888607,-0.08376561850309373,0.0750405564904213,0.0,0.07335106283426285,-0.02986958436667919,0.01953621208667755,-0.07260753959417342,0.025211967527866364,-0.018935076892375943,9.983310746974894e-07,-0.040311120450496674,5.396396591095254e-05,0.011000731028616428,-5.649699232890271e-05,0.022894717752933506,0.04494296386837959,-0.020835470408201218,0.03770318627357482,0.05074109882116318,-0.07230661064386366,0.07210228592157364,-0.002066107699647546,0.01526763942092657,-0.02628735452890396,0.011789744719862936,-0.09048368781805038,-0.010332433506846428,-0.012511025182902811,-0.03401679918169975,-0.061122994869947433,-0.025348680093884468,0.0414285883307457,0.0669531375169754,-0.07578141242265701,-0.04216436296701431,-0.031421300023794174,0.012442205101251602,0.08526282757520676,-0.07381603121757507,-0.07420933246612547,0.03363100439310074,-0.006409380119293928,0.030189387500286102,-0.044710982590913766,0.01335050631314516,-0.012803512625396252,-0.0621674694120884,0.014976089820265768,-0.02430270239710808,0.045272916555404656,0.01384255476295948,0.0704922154545784,-0.015998970717191696,-0.0007748286589048803,7.520525832660496e-05,-0.06545313447713852,-0.008183554746210575,0.08524741977453232,0.01799876242876053,0.08087126165628433,-0.08726765215396881,0.028774350881576535,-0.07054102420806885,-0.0172151867300272,-0.058973778039217,-0.006442095618695021,-0.04980708658695221,-0.02354169823229313,0.03691142052412033,-0.08227342367172241,-8.4601297203335e-06,0.027569718658924103,-0.04121093451976776,0.05905784294009209,-0.0061613721773028365,-0.003108520759269595,-0.061085958033800125,0.006501913070678711,-2.6149427867494524e-05,0.08262398093938828,0.01888218894600868,-0.004337019752711058,-0.14042478799819946,0.11975220590829848,-0.047809697687625885,0.00568871246650815,-0.027992296963930127,-0.051089126616716385,0.034960437566041946,0.02109804563224316,-0.0742444396018982,-0.038661554455757134
-0.07332223653793336,-0.023244066163897514,0.03198417276144028,0.024948142468929287,-0.033908341079950326,-0.04910748451948166,-0.0013893335126340387,0.06875742226839066,-0.03744405508041382,0.09316914528608322,0.07335106283426285,0.0,0.08460756391286851,-0.09932731837034224,0.03601904585957527,0.06483359634876251,-0.00945563521236181,-0.14447233080863953,0.03295993059873581,-0.03216531127691269,0.05260201171040535,0.0013989495346322656,4.122048630961217e-05,0.022229295223951336,-0.022124128416180607,0.10292547941207884,8.322088433487806e-06,-0.08803697675466537,-0.03891973569989205,0.013230984099209309,0.05790209397673607,0.020280502736568447,0.019250568002462387,0.04386802390217781,-0.12676748633384705,0.02831381559371948,-0.07629582285881041,0.0008615012047812343,0.013281710445880888,-0.031438034027814865,-0.06853553652763367,-0.011404767632484436,-0.02853943221271038,0.04988444223999977,-0.047876056283712394,-0.015131811611354353,0.07906652241945265,0.040159836411476135,-0.0444268174469471,0.06760366261005402,-0.015594767406582832,0.045411791652441025,-0.06683027744293213,-0.0057136123068630695,-0.01498574297875166,0.05198675021529198,-0.07198495417833328,-0.048951376229524605,-0.02773959934711456,-0.011371484957635403,0.11689303070306777,0.035364486277103424,-0.0009019336430355905,0.03496047854423523,-0.07869003713130952,-0.08560747653245926,2.7272669740341367e-06,-0.07806552946567534,-0.022187214344739917,0.0320294126868248,0.06430491805076599,-0.036179881542921066,0.08692092448472977,-0.03158928826451301,0.04866499826312065,0.01806608960032463,0.04709740355610848,0.013514487072825432,-0.07603093236684798,-0.051966749131679535,-0.0025495265144854784,-0.007436443120241165,-0.023078275844454765,0.025911133736371997,-0.06795986741781235,-0.0944794863462448,-0.012819588184356688,-0.05725689977407456,0.001682681730017066,0.025938192382454872,-0.05984169989824295,-0.07488115131855011,-0.010316230356693268,0.02860959433019161,-0.0027176029980182648,-0.020074598491191864,0.04686087369918823,-0.030325543135404583,-0.021036071702837944,-0.0679444819688797
-0.0733681172132492,0.013009542599320412,0.004128904547542334,0.0007545150583609938,-0.08846268802881242,0.07367030531167984,0.04029268398880959,-0.031509287655353546,-0.027812695130705837,-0.056248854845762246,-0.02986958436667919,0.08460756391286851,0.0,-0.004784687887877226,-0.02763432264328003,-0.0011965921148657799,-0.018830470740795132,0.01973232254385948,-0.06205528229475021,0.025095127522945404,-0.033180121332407,-0.04975338652729988,-0.009903828613460066,0.023670652881264687,0.006658167578279972,-0.08405574411153793,-0.05119103938341141,-0.02362076938152313,0.08692015707492828,0.07114716619253159,-0.0029024095274508,-0.04933317750692368,-0.02665279246866703,0.035538576543331146,-0.04764411225914955,-0.05214906856417656,-0.013095343485474586,-0.0374254435300827,-0.02878233790397644,0.01739516109228134,-0.04578954353928565,-0.006031021475791931,0.04063272476196289,-0.07390619069337843,0.03577779233455657,0.025429151952266693,-0.07112105935811996,0.009294236078858376,0.005705520510673522,0.011480986140668392,0.035722389817237854,-0.07054562121629715,-0.013171968981623648,-0.030999811366200447,0.02233627066016197,-0.05359414219856262,-0.0006713449256494641,0.05357089266180992,0.036194998770952225,-0.03439881280064583,-0.001567099941894412,0.15571926534175873,-0.018633686006069183,0.004674484021961689,-0.01707056164741516,-0.0006312038749456406,-0.10036053508520126,-0.05561581626534461,0.01790868118405342,-0.0298834964632988,0.003098305547609925,-0.033097364008426666,-0.027868099510669708,-0.03315027058124542,-0.07688868045806883,-0.05021779611706734,-0.018709221854805943,0.0856642499566078,-0.017841409891843796,-0.03549350053071976,-0.03999271616339684,0.009282419458031654,0.007407456636428834,0.02204621024429798,-0.00038572557969018817,-0.019966980442404747,0.06595747172832489,0.03652323782444,-0.016931382939219475,0.04491965472698212,0.06926175206899643,0.03817475587129593,-0.05291106551885605,0.05995838716626167,-0.003956913482397795,-0.06778886914253235,-0.08921308815479279,-0.061936233192682266,-0.004956246819347143,0.002048426074907184
-0.04417169466614723,-0.04001132771372795,0.08963273465633392,0.014563304372131824,-0.036470364779233926,-0.0592372864484787,0.09236045926809312,-0.02239684388041496,-0.05543746426701546,6.030792064848356e-05,0.01953621208667755,-0.09932731837034224,-0.004784687887877226,0.0,0.030125364661216732,-0.052637271583080285,0.05900058150291442,-0.007480172906070947,0.07134807854890823,-0.07779327780008317,-0.01900932379066944,-0.03236965090036392,-5.693439015885815e-05,0.022433143109083172,-0.06250140070915222,-0.03628319501876831,-0.0037961110938340425,0.0028497034218162294,0.015902649611234665,0.0018920823931694033,-0.03174933046102524,-0.00024773480254225433,0.011963555589318275,-0.0725526288151741,0.04609756544232368,0.007069780956953764,-0.06458178907632828,0.08276398479938507,-0.017316516488790512,-0.03910712897777557,0.00017377093899995089,0.12414367496967316,-0.021081451326608654,-0.0920061022043228,0.056728370487689965,-0.05626599490642548,-0.06913582235574722,0.09090485423803328,0.027099251747131348,-0.0685054212808609,0.0021980491001158953,-0.036655239760875695,-0.05251680314540863,-0.011943722143769264,0.007276199292391538,-0.1024479493498802,0.015619990415871143,0.017939012497663494,-0.012598862871527672,-0.06350048631429672,-0.024230174720287323,0.040167156606912606,0.0376930795609951,-0.02783770486712456,-0.025914646685123444,0.06570325791835785,0.0012947120703756807,0.0003745120775420218,-0.04939935728907585,0.003948314115405083,2.494381624273956e-05,0.033538129180669785,-6.209587445482612e-05,0.0009677763446234167,-8.486460865242407e-05,0.08811566978693008,-9.79911201284267e-05,-0.020892241969704628,-0.06420569121837616,0.05985410884022713,-0.03550419211387634,-0.002084516221657396,-0.023952467367053032,0.0074413097463548175,-0.12718740105628967,-0.08918765932321548,0.05486571416258812,0.028980998322367668,0.04402610659599304,0.07287929952144624,-0.0001599823299329728,-0.045805636793375015,-0.031039474532008168,-0.015580246224999428,-0.02557912841439247,0.06930175423622131,-0.032480042427778244,-0.08738156408071518,-0.009881109930574894,-0.09408352524042128
0.0383024550974369,0.014192611910402775,-0.06916823983192444,0.004112521652132273,0.030751192942261692,-0.023758096620440483,0.04448409751057625,-0.0706162080168724,0.09907203912734984,0.00010855619620997457,-0.07260753959417342,0.03601904585957527,-0.02763432264328003,0.030125364661216732,0.0,0.046045444905757904,-0.046473897993564606,0.036163203418254845,0.004157224204391241,-0.09427450597286224,0.1337658166885376,-0.08232550323009491,0.06663266569375992,1.422432342224056e-05,5.691879050573334e-05,-0.0013431673869490623,0.010207705199718475,-0.06261304020881653,0.0940455049276352,0.0445425808429718,0.0704302191734314,0.010932782664895056,-0.001037568668834865,0.040843233466148376,-0.014959617517888544,-0.042877838015556335,0.04869582876563072,-0.10956989973783492,0.0009958138689398766,-0.043805070221424096,-0.08454449474811555,-0.03406684100627899,-0.05509629845619202,-0.016495799645781517,0.03235718980431557,0.0767589882016182,-0.03847142308950424,-0.014523370191454887,0.040188975632190704,0.07921335846185683,-0.06774764508008957,-0.07044678926467896,-0.05634971708059311,-0.04501691833138466,0.05274977535009384,-5.5429703934350976e-05,0.016888471320271492,-0.028412215411663052,-0.03743573650717735,0.014928116463124752,0.0816137418150902,-0.07623652368783952,-0.014062980189919472,-0.031151019036769863,0.02140264399349689,-5.206545665714657e-06,-0.01713643409311771,0.015365338884294031,-0.0455322191119194,-0.003330647479742765,1.0814659617608411e-05,-0.0529322512447834,-0.08882758766412736,-0.015573756769299507,0.04785934463143349,2.8965314413653687e-05,-0.09140629321336746,-0.023075688630342484,-0.06250186264514923,0.051255714148283005,0.053497005254030235,-0.02737117931246757,0.0010910967830568552,-0.01221263874322176,-0.12832076847553253,0.05973169580101967,-0.019872961565852165,0.00032545701833441854,-0.022903103381395336,-0.10382349789142609,0.12289776653051376,-0.045980870723724365,0.07280276715755463,-0.007368572987616062,-0.02216002345085144,-0.09343291819095613,0.1232246607542038,0.017949238419532776,-0.038089517503976815,-0.04911811649799346
0.05609438940882682,0.006754959002137184,0.01502892840653658,-0.009102638810873032,-0.022180389612913128,-0.034970853477716446,0.07651542872190475,-0.03351388126611709,0.021953916177153587,-0.016024349257349968,0.025211967527866364,0.06483359634876251,-0.0011965921148657799,-0.052637271583080285,0.046045444905757904,0.0,-0.044242564588785165,-8.107635949272662e-06,0.0066790375858545295,0.012162376195192335,-0.002025947440415621,-0.00024886283790692687,0.010322242975234984,-0.012925723567605019,0.042821459472179406,-0.07746762782335281,-0.023141184821724888,0.03971038013696671,-0.11720949411392212,0.02119876258075237,3.1276297249860363e-06,0.004815087653696537,0.04070552438497543,0.038207150995731354,0.0422622486948967,0.016580855473876,0.06042778491973877,0.0457913801074028,-0.09276757389307022,-0.04132731258869171,-0.050283990800380714,0.014340828172862528,-0.061238355934619904,0.02313522063195705,0.008471065200865267,-0.07802728563547134,-0.017213081941008568,-0.004132324829697609,-0.02818362787365913,-0.023594988510012623,0.039832554757595055,0.029977397993206974,0.105701707303524,-0.008482402190566065,-0.022298652678728104,0.0526374913752079,-0.00394218135625124,-0.06463208049535751,-0.06961481273174286,-0.025402016937732697,0.031862065196037286,-0.03364703059196472,9.153892460744831e-05,-0.018978653475642204,0.04602687433362007,0.01491648145020008,-0.056029517203569405,0.07395325601100922,-0.08256360888481139,-0.04542093724012375,-0.0548524372279644,0.07151153683662415,-0.027076020836830136,-0.07013392448425293,-0.07941672205924988,-0.08190762996673584,0.025117533281445503,-0.060501039028167725,-0.09009529650211334,-0.0786873549222946,-0.018463974818587303,0.01411785650998354,-0.02494319714605808,0.03406868129968643,-0.00807139277458191,-0.02234966680407524,-0.13926976919174194,0.010612759739160536,-0.0783926323056221,0.08220797032117844,-0.03206171467900276,0.003679880639538169,0.009415031410753729,0.020937787368893623,-0.015709511935710907,0.015096021816134453,-0.06491920351982117,0.016695931553840637,0.0038054678589105606,-0.010519367642700672
0.04409858584403992,0.028826069086790085,0.017519261687994003,-0.05719825252890586,-0.08638402074575424,0.016547178849577904,-0.04659449681639671,0.06322814524173737,0.04068950191140175,-0.02425798401236534,-0.018935076892375943,-0.00945563521236181,-0.018830470740795132,0.05900058150291442,-0.046473897993564606,-0.044242564588785165,0.0,-0.006410960573703051,0.0491115041077137,-0.043270893394947045,0.05891920626163483,0.1110028252005577,0.03289315849542618,0.07662336528301239,-0.036255493760108955,-0.08657336235046385,-0.02247318997979164,-0.028053689748048782,-0.0291694849729538,0.04218822717666625,-5.093963773106225e-05,-0.02036252431571484,-0.05717822536826134,-0.06463825702667236,0.09204002469778062,-0.04747403413057327,-0.0029041895177215338,0.06411273032426834,-0.04469959065318108,-0.013170711696147919,-0.0463092252612114,0.009821109473705293,-0.005092482082545756,0.08684846013784409,-0.04605552181601524,-0.06085750088095665,0.0500093512237072,-0.07134521007537842,0.01153317466378212,0.031133152544498444,0.05788902938365936,0.015694402158260345,-0.014451494440436363,0.012663513422012327,-0.036985144019126885,-0.028382591903209686,-0.046825334429740906,-0.020371783524751663,0.08209162950515747,0.014946036972105505,0.006612825673073529,0.0023788674734532837,0.005475038196891545,0.0440225787460804,-0.037965286523103714,-0.07499970495700835,0.014976134523749352,0.04264970868825912,-0.0904329493641853,-0.03768067806959152,0.05814696848392487,-0.01975838467478752,-0.013954917900264263,-0.009567325003445148,-0.03199697658419609,-0.08478560298681259,-0.07268987596035004,-0.07150767743587494,-0.05858336016535759,-0.045442920178174966,0.02952554076910019,0.0014378644991666079,0.1394083201885223,-0.094695545732975,3.107991142314859e-05,0.008352188393473625,0.08090829104185104,-0.07954080402851103,-0.002864760579541325,-0.0520208217203617,-0.015352271497249603,-0.04924670979380608,0.0005251530092209578,0.05298900604248047,-0.009596444666385649,-0.13970640301704407,-0.013139714486896992,0.04335030913352966,-0.0322953425347805,0.02635486610233784
0.05996610224246978,0.0024144600611180067,0.03480614721775055,-0.08628030866384506,-0.04163635522127152,-0.018975114449858665,-0.04310559481382369,0.0774419829249382,-0.04481429234147072,0.07624092698097229,9.983310746974894e-07,-0.14447233080863953,0.01973232254385948,-0.007480172906070947,0.036163203418254845,-8.107635949272662e-06,-0.006410960573703051,0.0,0.024304311722517014,0.0018529653316363688,0.04640981927514076,-0.06011798232793808,0.10734978318214417,0.0727439895272255,-0.03201567381620407,-0.03417973220348358,0.04869191721081734,-0.03923539817333221,0.018346019089221954,-0.06504081189632416,0.042330652475357056,-0.04787808656692505,-0.05405490100383759,0.07344931364059448,0.07159989327192307,0.05824548378586769,0.04452689737081528,-0.12469455599784852,0.0342799574136734,-0.011172584258019924,0.016547538340091705,-0.07053590565919876,-0.006235379260033369,0.01447095349431038,-0.022959604859352112,0.05223369970917702,-0.047841574996709824,-0.07135814428329468,-0.00268230214715004,-0.09515646100044249,0.025943152606487278,-0.04793129116296768,-0.06871066987514496,0.03616851195693016,-0.008199067786335945,0.01878492720425129,0.021287068724632263,-0.0378367193043232,0.011814445257186888,-0.032505907118320465,0.023772498592734337,0.013479753397405148,-0.0860305204987526,0.0419943630695343,-0.053347241133451455,0.0022483994252979755,-0.04731742292642593,-0.06437242031097412,0.08778959512710571,0.08274483680725098,-0.0580439306795597,0.1045008823275566,0.06966491043567657,0.0025025377981364727,-0.06155815720558167,-0.04586982354521752,-0.0031097242608666416,-9.576140655553901e-06,-0.04074754938483238,0.0016085790703073144,0.022067641839385033,-0.05528129637241364,-0.0402124859392643,-0.08014506846666336,-0.03102189674973488,-0.08919712901115417,-0.04527261480689049,0.008783894591033457,-0.012150563299655914,0.00547767011448741,0.012478048913180828,-0.01619202457368374,-0.06863996386528015,-0.02735617570579052,0.05326131731271744,-0.004491756204515696,-0.033455271273851395,0.0012631563004106283,0.048106297850608826,0.0007980239461176097
-0.028783800080418583,-0.0787646472454071,0.06872162967920303,0.01830299943685532,-0.003310570493340492,-0.00030112729291431606,-0.043104901909828186,-0.03930073603987694,-0.006992257665842772,-0.05786650255322456,-0.040311120450496674,0.03295993059873581,-0.06205528229475021,0.07134807854890823,0.004157224204391241,0.0066790375858545295,0.0491115041077137,0.024304311722517014,0.0,0.07800500839948654,0.02147502452135086,-0.10373466461896896,-0.1289251744747162,-0.012508426792919636,-0.014545310288667679,0.01990408636629581,-0.06202878803014755,8.083212742349133e-05,0.0615566112101078,0.03915595635771752,0.046306155622005456,0.03391745314002037,-0.07304062694311142,0.07189340144395828,-0.008332066237926483,-0.07802933454513548,-0.06938815861940384,-0.019476769492030144,0.05077117681503296,0.040813256055116647,-0.02915235608816147,-0.13042616844177246,0.0732944831252098,-0.021062497049570084,0.00407366594299674,2.415744347672444e-05,-0.03897573053836823,0.031173620373010635,4.002880450570956e-05,0.01893129199743271,0.018728427588939663,0.02056138589978218,0.056398194283246994,-0.027735309675335884,-0.014725610613822935,0.02941214293241501,-0.058890450745821,0.04181555658578873,-0.042387668043375015,0.05565423890948296,-0.0006422126316465436,-0.022788939997553825,-0.0002747098624240607,0.029631411656737328,0.03634481877088546,-0.1540683954954147,-0.08474668860435484,0.00943859200924635,0.0667622834444046,0.020637527108192444,-0.0711435005068779,0.023946821689605713,0.022927662357687954,-0.04893067851662636,0.07839887589216232,-0.06300024688243866,0.0010128902504220605,-0.10030745714902876,-4.2668496462283656e-05,-0.026411814615130424,-0.005147014744579792,-0.02814085967838764,-0.08097275346517561,-0.022928293794393536,0.055196743458509445,3.275829658377916e-05,-0.024106068536639214,0.061163648962974555,-0.005499087739735842,-0.019301999360322952,-0.08070632815361024,-0.05101345106959343,0.02982510440051556,0.02954438142478466,-0.020797718316316605,0.02085929363965988,-0.018409520387649536,0.017795946449041367,-0.06696970015764236,0.028564834967255592
