0,1,2,3,4,5,6,7,8,9,10,11,12,13,14,15,16,17,18,19,20,21,22,23,24,25,26,27,28,29,30,31,32,33,34,35,36,37,38,39,40,41,42,43,44,45,46,47,48,49,50,51,52,53,54,55,56,57,58,59,60,61,62,63,64,65,66,67,68,69,70,71,72,73,74,75,76,77,78,79,80,81,82,83,84,85,86,87,88,89,90,91,92,93,94,95,96,97,98,99
0.0,-0.033295247703790665,0.14117036759853363,-0.051707301288843155,0.030455760657787323,-0.082789845764637,-0.007768376264721155,-0.02462979406118393,0.05200454220175743,-0.024504886940121647,0.1079617366194725,-0.10991431027650832,-0.09003697335720062,0.051886100322008126,-0.01472302246838808,0.024753963574767113,-0.06081881374120712,-0.036868557333946235,0.019858090206980705,-0.053863544017076485,0.059758260846138,0.014071381650865076,-0.000238595181144774,-0.005710018798708916,-0.03836679086089134,0.007391089573502541,-0.005953137297183275,-0.010635143145918846,-0.06930126994848251,-0.02646313793957233,-0.0028522477950900797,-0.06525732576847076,0.0026782904751598835,-0.09219131618738174,0.026882804930210117,-0.05744991451501846,0.06323786824941635,0.14306765794754028,-0.010739334858953953,-0.00032069432199932635,-0.0011850061127915978,0.010487801395356657,-0.020547516644001007,-0.016325825825333595,-0.003214458469301462,-0.0997503399848938,0.04727090522646904,-6.964048679947155e-06,0.05154600366950035,-0.04270729795098305,0.04284576326608658,-0.11986485868692398,0.04493831470608711,-0.002857915591448545,-0.027535540983080864,-0.04241146519780159,0.02261321991682053,-0.02531970106065273,0.01391679048538208,-0.021641461178660393,0.0471220463514328,0.012325474992394447,0.02838766388595104,-0.08743538707494734,0.01213416177779436,0.03757055476307869,0.028053222224116325,0.0010194130009040236,-0.003953569103032351,-0.0007157170330174267,-0.02796884812414646,0.02383715473115444,-0.09761018306016922,-0.03635039925575256,-0.04687008634209633,-0.015713129192590714,0.01932653784751892,0.015392796136438847,-0.0057228789664804935,0.015815816819667816,0.011897114105522633,0.002946609864011407,-0.0678173154592514,0.0037426697090268135,-0.003157545812427997,-0.002289618132635951,-0.07679830491542816,0.004191047046333552,0.11777913570404051,-0.08208058029413222,-0.03525621443986893,-0.04388473927974701,-0.008099141530692577,-0.029219375923275948,0.03308389335870743,0.01177128218114376,-0.017781931906938553,-0.00866528321057558,-0.02209499105811119,-0.05335779488086701
-0.033295247703790665,0.0,0.026701500639319416,-0.002108245622366667,-0.007035059854388237,-0.053533285856246955,-0.012673898600041866,-0.026741662994027134,-0.0026135079097002745,-0.038247548043727875,-0.034047454595565796,-0.04493863880634308,-0.023645445704460144,-0.006398556288331747,0.03605898469686508,0.08402670919895171,-0.049105312675237656,-0.016165228560566902,0.06587963551282883,-0.03305165097117424,-0.015834344550967216,-0.010032691992819307,0.056089650839567184,-0.014786841347813606,0.013927903957664967,0.07420980930328369,-0.04411017894744873,-0.036940738558769226,-0.05749596282839775,-0.027668414637446404,-0.029887728393077847,-0.013422508724033833,-0.052151866257190704,-0.07347223907709122,-0.031230149790644646,-0.0025234015192836523,0.014750068075954914,-0.03581642732024193,0.006094622425734997,-0.0007470436976291238,-0.03888455033302307,-0.03537586331367493,-0.003966293763369322,-0.0440521314740181,0.015621391125023363,0.03801672533154488,1.9154624169459566e-05,-0.05999724194407463,0.005447539035230875,0.034262679517269135,-0.07107819616794586,0.02452310547232628,-0.023984612897038456,0.003687715856358409,0.015019066631793976,0.01980444043874741,-0.03843337297439575,-0.002063071820884943,-0.0011424351250752807,-0.02830177731812,0.04369821026921272,0.013210847042500973,0.009962150827050207,-0.011162218637764452,-0.011754521168768404,-0.06779851019382477,-0.0008018679218366742,-0.016462251543998718,0.03691263124346733,-0.01495668478310108,-0.039558850228786475,0.03279967233538628,-0.06228109076619148,-0.0495317168533802,-0.019282644614577293,-0.06883363425731659,0.07543909549713135,-0.016862092539668083,0.04667215049266815,-0.02375832013785839,0.039200451225042336,0.020866854116320607,-0.08597290515899658,-0.0225591529160738,0.005137492902576923,-0.07637764513492584,-0.0381380058825016,-0.007397737819701433,0.016686486080288887,-0.035448722541332245,0.03326384723186493,0.008201890625059603,0.0020450230222195383,0.008649701252579689,0.04920489341020584,-0.013983178883790968,0.02706649899482727,0.00673777237534523,-0.012836618348956108,-0.05298750475049018
0.14117036759853363,0.026701500639319416,0.0,0.027126289904117584,-0.023346764966845512,0.05480540916323662,-0.01752173900604248,-0.0004883690271526575,0.001828892971388996,0.0501558780670166,-0.05702170729637145,-0.01822237484157085,0.009275206364691256,0.007779037114232778,-0.014361403882503508,-0.04222112521529198,-0.04968987032771111,-0.002520486712455749,-0.09706494957208632,-0.01870160177350044,0.02277015335857868,-0.03156296908855438,0.02726050280034542,0.008387661539018154,0.0809893012046814,-0.030001150444149968,-0.019421193748712536,-0.007039048708975315,-0.05958859995007514,-0.020720096305012703,-0.02159126102924347,0.02835366502404213,-0.0698649063706398,0.09457550197839737,0.06216255575418472,0.009220052510499954,0.003771541407331824,-0.12072709947824478,0.05739811435341835,-0.05873311311006545,-0.02390650659799576,-0.032898202538490295,-0.09574320167303085,-0.001360529102385044,-0.024808188900351524,0.0703824907541275,-0.08174071460962294,-0.04576672613620758,0.014327275566756724,0.05153119191527367,0.09754281491041183,0.05958373844623566,-0.08365050703287123,-0.036984417587518685,0.009960024617612362,0.04486500844359398,0.034160152077674866,-0.013891570270061491,-0.12758423388004303,0.0028369787614792585,-0.0349811315536499,-0.01424304861575365,0.02147703431546688,-0.02147497981786728,-0.004253065213561057,0.04028942808508873,-0.030994782224297523,-0.04555291309952736,-0.02952810749411583,-0.07940245419740675,0.0016104186652228236,-0.02578800730407238,0.031435560435056686,0.043169576674699776,0.09008266776800157,-0.023241182789206505,-0.015723455697298046,-0.06864216923713684,-0.023318978026509285,-0.0023296705912798643,0.012641740962862968,-0.05340300127863884,0.06652871519327164,-0.027310406789183617,0.024991335347294807,-0.024274554103612896,-0.07660970091819763,-7.518954225815833e-05,-0.05411864817142487,0.0074866823852062225,0.06711991876363754,-0.0012326581636443734,-0.023080796003341675,-0.04005822166800498,-0.002950613386929035,-0.04873618483543396,-0.029624398797750476,0.013785041868686676,-0.048441000282764435,0.001578120980411768
-0.051707301288843155,-0.002108245622366667,0.027126289904117584,0.0,0.004210725892335176,-0.04669322818517685,0.01049349084496498,0.014326288364827631,0.005238315090537071,0.006823667325079441,0.0418383814394474,-0.019455118104815483,0.00609251344576478,-0.04179471731185913,0.016466742381453514,-0.04131787642836571,0.0418536514043808,-0.01654210314154625,-0.055105637758970254,-0.0037906933575868607,0.002112635876983404,-0.01893031597137451,-0.05712169036269188,-0.02248808555305004,-0.031049195677042007,-0.016008691862225533,-0.007368766237050294,-0.013169126585125923,-0.019257087260484692,0.029067263007164,-0.005035055801272392,-0.03206220269203186,0.04482408985495567,-0.02995665557682514,0.03853170573711395,0.008882222697138786,-0.04386204108595848,0.027559055015444756,-0.032456424087285995,-0.007880435325205326,-0.005127265118062496,-0.006250862032175064,-0.03607802093029022,-0.02629573084414005,-0.00404034648090601,-0.0423724241554737,0.02160506695508957,0.013215065002441406,0.010579045861959456,-0.04743451252579689,0.007011426147073507,0.0024270054418593645,-0.019642088562250137,0.015156855806708336,-0.009858009405434132,-0.027889195829629895,-0.0400925986468792,-0.050473779439926154,-0.004356329329311848,-0.006634565070271492,0.018816854804754257,-0.05073769018054008,-0.029991483315825462,0.045013751834630966,-0.050103466957807534,0.008322547189891338,0.03497002273797989,-0.06313808262348175,0.06227236613631248,0.026552857831120488,-0.03522159159183502,0.0001828647655202076,0.019233236089348796,-0.0057764616794884205,-0.037019889801740646,-0.051757097244262695,-0.022603612393140793,-0.01966377161443233,-0.05145536363124848,0.030937865376472477,-0.006822181399911641,-0.03396088629961014,0.02647539973258972,-0.023850752040743828,-0.019535187631845478,-0.01825139671564102,-0.018387408927083012,-0.013533501885831356,-0.01857226528227329,-0.031161220744252205,-0.050131604075431824,-0.016635576263070107,-0.011666991747915745,0.01473945379257202,-0.020177263766527172,0.016550665721297264,-0.017856253311038017,-0.003562936559319496,-4.92932231281884e-05,0.0075392359867691985
0.030455760657787323,-0.007035059854388237,-0.023346764966845512,0.004210725892335176,0.0,0.0010659352410584688,-0.014802905730903149,-0.017481302842497826,-0.027699114754796028,0.00042503367876634,-0.08954789489507675,0.0374947264790535,-0.03081414476037025,-0.024547625333070755,-0.04713312909007072,0.008156332187354563,-0.029095876961946487,-0.04130541533231735,-0.002155732596293092,0.016835754737257957,-0.0016548684798181057,-0.03414162993431091,-0.009727360680699347,0.013668995350599287,0.003687047399580479,0.00023922549735289067,-0.060502979904413216,0.005088319070637225,0.03330964595079421,-0.02971116453409195,-0.020513877272605896,-0.012550482526421545,0.012060589157044888,0.029372435063123703,-0.028742628172039986,-0.012100747786462305,-0.027733745053410527,-0.056673839688301086,-0.028193986043334007,0.008209923282265663,-0.02359288744628429,-0.011324153281748295,0.022515999153256416,-0.04276210069656372,0.009878146462142467,0.029366400092840195,0.0032997066155076023,-0.0474773608148098,-0.023570703342556957,0.004916024394333363,-0.0038806628435850143,-0.017628438770771027,-0.0159462857991457,0.008384853601455688,0.0312948003411293,-0.03575610741972923,0.0046448828652501115,-0.0173401590436697,0.0018296303460374477,0.004483255092054605,-0.017688391730189323,-0.009573953226208689,0.024632010608911514,-0.006865079049021006,-0.02251232601702213,-0.02127055823802948,-0.015843858942389488,0.04383474588394165,-0.010636713355779648,-0.023262225091457367,-0.006074131466448307,-0.024200540035963055,-0.02269180491566658,-0.03645088151097298,-0.03541382774710655,0.0074091460555791855,-0.0436292290687561,0.04177787899971008,0.014822151511907576,-0.0364656038582325,-0.02581820636987686,-0.014282625168561935,0.0009369627805426717,-0.048757195472717285,-0.02752257324755192,-0.02578282728791237,0.015580135397613049,-0.001295354450121522,-0.04208286479115486,0.03469526395201683,-0.012598391622304916,-0.01110020000487566,-0.010691693983972073,-0.009826406836509705,-0.03111916035413742,0.01558633241802454,0.002538628177717328,0.018618836998939518,-0.006084038410335779,-0.003508348483592272
-0.082789845764637,-0.053533285856246955,0.05480540916323662,-0.04669322818517685,0.0010659352410584688,0.0,0.0568905770778656,-0.030745271593332287,-0.02937828563153744,-0.06423953920602798,0.09338715672492981,-0.0639248862862587,0.043975695967674255,-0.0009260050719603896,0.0396718755364418,0.048944015055894845,-0.04807757958769798,-0.15946431457996368,-0.01944465562701225,0.005782220512628555,0.021542493253946304,0.034650687128305435,0.007076367270201445,0.019866377115249637,-0.032871313393116,0.027854427695274356,-0.0513392761349678,-0.011069792322814465,-0.03497834876179695,-0.034317947924137115,0.017252042889595032,-0.018719468265771862,0.06929565221071243,-0.0065161576494574555,-0.04082753881812096,-0.01384510099887848,-0.01059570536017418,0.005668696481734513,-0.01695140264928341,-0.04099014401435852,-0.034777022898197174,-0.025634629651904103,0.013887268491089344,-0.025257963687181473,0.022410405799746517,0.014707259833812712,0.005141747184097767,-0.05601070076227188,-0.008124413900077345,0.026926318183541294,-0.006437881849706173,-0.036498278379440315,-0.04672690108418465,0.004044784232974052,0.10686545073986052,-1.0846812074305488e-05,-0.010996876284480093,0.04909002408385277,0.009369680657982826,0.03493405133485794,0.046171918511390686,-0.10516373813152312,-0.028211621567606922,-0.019981903955340385,0.02849937230348587,-0.08016439527273178,-0.023862214758992195,-0.020763250067830082,-0.032139264047145844,0.0015773589257150888,-0.008225227706134318,0.06447137892246246,0.07574706524610518,0.0030844546854496,-0.0680852010846138,-0.022390959784388546,0.046010851860046394,-0.056736554950475686,-0.026658857241272926,0.019255736842751503,2.442888398945797e-05,0.02839052490890026,-0.02194534242153168,-0.007414098363369702,-0.03575517609715462,-0.030674764886498448,-0.056216511875391006,-0.03906382992863655,0.03281526267528534,-0.022763721644878387,-0.08458245545625687,0.03320904076099396,-0.01840507239103317,-0.05011814087629318,-0.02496403269469738,-0.003631666768342257,0.04813770204782485,-0.0011670343810692427,0.040074773132801056,-0.06251922994852066
-0.007768376264721155,-0.012673898600041866,-0.01752173900604248,0.01049349084496498,-0.014802905730903149,0.0568905770778656,0.0,0.026156995445489883,-0.015768293291330338,0.007403469178825616,-0.04148222878575325,0.005352219566702843,-0.04234340041875839,0.006538526155054568,-0.08506197482347488,0.04625633358955383,-0.00911706779152155,-0.025177404284477237,0.01680038683116436,-0.004363394342362881,-0.01643029786646366,0.017976123839616776,0.015582902356982231,-0.039463452994823456,0.01081488374620676,-0.02472859248518944,-0.06302379816770554,0.016840361058712006,0.02445833384990692,-0.01013164035975933,-0.06641081720590591,0.008291589096188545,-0.10833420604467392,-0.05217384919524193,0.009227130562067034,0.006465751677751541,0.014904302544891834,-0.026181926950812336,0.017788546159863472,-0.02677102200686932,0.003542165970429778,0.029113331809639927,-0.03731875121593475,0.012239007279276848,-0.037602026015520096,-0.029341187328100204,0.01838016137480736,-0.0073060658760368815,-0.015869850292801857,-0.020980853587388992,-0.05584760010242462,-0.06980334222316742,0.04433909431099892,-0.01836253702640533,-0.03313237428665161,-0.0017513161292299628,0.033187385648489,-0.07645238935947418,-0.011910934932529926,-0.00856569968163967,-0.025734610855579376,0.004894981626421213,0.05916215851902962,-0.02509666047990322,0.04993695393204689,-0.036827195435762405,0.004508036188781261,-0.03128831088542938,-0.03300353139638901,0.0013555975165218115,-0.025094073265790936,-0.01153752114623785,-0.0728342980146408,0.0012083748588338494,0.022013168781995773,-0.05350277945399284,0.005583532620221376,0.0375622883439064,0.05921032279729843,0.035729710012674325,0.030256260186433792,-0.01758783869445324,-0.012609228491783142,-0.023821316659450528,-0.0013154165353626013,-0.01294124126434326,-0.02493579126894474,0.034105364233255386,-0.03525195270776749,0.0009255782351829112,-0.01101985853165388,-0.07615288347005843,-0.03954809159040451,-0.03459577262401581,0.04209496825933456,-0.012036234140396118,-0.033132366836071014,-0.016860701143741608,-0.045130915939807885,0.020547520369291306
-0.02462979406118393,-0.026741662994027134,-0.0004883690271526575,0.014326288364827631,-0.017481302842497826,-0.030745271593332287,0.026156995445489883,0.0,-0.0067993649281561375,-0.047635693103075034,0.05647815018892288,-0.035309746861457825,-0.0031074148137122393,0.003879608819261193,-0.042351517826318734,-0.016140976920723915,-0.07023893296718597,0.0618429109454155,0.02330317720770836,-0.020144160836935043,-0.0059995888732373714,-0.06812986731529236,-0.07370721548795699,-0.0010834558634087443,-0.03752314671874046,0.026949116960167885,0.05303517356514931,0.003183213761076331,-0.06062648445367813,-0.032280635088682175,-0.00998985394835472,-0.02362119406461716,0.060445584356784814,0.05625226721167564,-0.0541665032505989,-0.02774081937968731,-0.05343078821897507,0.0016240774421021342,-0.018298560753464695,0.018534647300839424,-0.01599692925810814,-0.052179604768753045,0.03627726808190346,0.011223139241337776,0.015010238625109196,-0.06541682034730911,-0.00971105881035328,-0.04009820148348808,-0.003754246514290571,-0.025384526699781414,-0.08912379294633865,0.03917660936713219,-0.0610702559351921,-0.012838639318943024,0.029096601530909535,-0.00592239387333393,0.07546234875917433,0.01637876220047474,0.01979197189211845,-0.034212887287139886,-0.04415319859981537,0.00010476379975443705,0.017528396099805832,-0.03259683772921562,-0.013378451578319073,0.014684640802443027,-0.05815532058477402,0.011598414741456509,-0.1191096305847168,-0.06649105995893478,0.05540158599615097,-0.015121524222195148,0.01859184540808201,-0.0021868245676159854,0.022664746269583706,0.050598885864019394,-0.0020422975067049265,0.008061803877353666,0.0195917971432209,-0.013367311097681522,0.0019104685634374616,0.011925858445465565,-0.05143365263938904,-0.0008388624410144984,-0.07486581802368163,-0.047607358545064926,0.0922376587986946,-0.01882501319050789,0.003625452052801848,-0.03170546516776085,-0.02742760255932808,0.010500241070985794,-0.0018803335260599847,-0.025999190285801888,-0.014955846592783928,-0.05516774952411652,0.05425061658024788,0.050146210938692086,-0.011268403381109236,-0.019672691822052
0.05200454220175743,-0.0026135079097002745,0.001828892971388996,0.005238315090537071,-0.027699114754796028,-0.02937828563153744,-0.015768293291330338,-0.0067993649281561375,0.0,-0.0005947335157543421,0.015846282243728638,0.0010326160117983818,-0.013821907341480257,0.024110296741127968,-0.11267217248678207,0.03527570143342018,-0.0018323386320844288,0.0435289703309536,-0.0492849089205265,0.008221501484513281,-0.007768152747303247,0.03637978434562683,0.00011238359729759396,-0.02903902903199196,-0.0489279180765152,-0.0013464627554640172,-0.061778590083122246,-0.05838838219642639,0.0452323593199253,-0.022757848724722866,0.04807942733168601,0.03337088227272034,-0.02375549077987671,-0.015026450157165527,-0.07357822358608246,0.020993569865822792,0.03343906253576279,-0.058518610894680016,-0.01849249005317688,-0.028012512251734734,-0.007429140154272317,-0.00027747172862291336,0.020818913355469704,-0.003259840188547969,0.03030397742986679,0.02008953131735325,-0.04042092338204384,-0.027255214750766758,-0.04296008870005608,-0.011992949061095715,-0.003363413969054818,-0.029134949669241905,0.02438894100487232,-0.011963333003222942,-0.0001128943040384911,0.01897744089365005,-0.061953704804182046,0.07250173389911652,-0.02949782647192478,0.009278119541704655,-0.009512880817055702,-0.01937418431043625,-0.018453050404787064,-0.0016355856787413359,-0.012151297181844711,-0.03702731430530548,-0.008752888068556786,-0.02355446293950081,-0.06869638711214066,-0.020496102049946785,0.009512290358543396,-0.009441203437745571,-0.012913201935589312,0.020277258008718487,-0.035530805587768555,0.015605689957737923,0.03420590981841087,0.022628424689173695,-0.05650574713945389,-0.03013927675783634,-0.0009042668389156461,0.04790462180972099,-0.003372614737600088,-0.015675673261284828,0.008634617552161217,0.0063538895919919005,-0.027635497972369198,0.011452479287981989,-0.1325976550579071,0.01405004970729351,-0.1198613941669464,0.012229331769049168,-0.00312364986166358,-0.004325217567384243,-0.06197613105177879,-0.03618533164262772,0.04309754818677902,0.004160150419920682,0.02330511249601841,-0.041958779096603394
-0.024504886940121647,-0.038247548043727875,0.0501558780670166,0.006823667325079441,0.00042503367876634,-0.06423953920602798,0.007403469178825616,-0.047635693103075034,-0.0005947335157543421,0.0,0.013301239348948,0.01625431329011917,0.005874903406947851,0.0028890345711261034,0.01699642650783062,0.04389284178614616,-0.022700985893607136,-0.032544948160648346,0.026998087763786316,-0.026298159733414646,-0.07120673358440399,-0.022146286442875866,0.011777915060520172,0.03425188362598419,-0.007964124903082846,-0.03302866965532303,-0.037739962339401245,0.011527794413268566,-0.0715024322271347,-0.008763433434069155,0.03086843714118004,0.032222848385572433,-0.06649113446474075,-0.0069574639201164246,0.0011260649189352987,-0.032208871096372604,-0.04716399312019348,0.0413985401391983,-0.0629880428314209,0.00889693945646286,-0.0268540233373642,-0.04990727826952934,0.026831643655896183,-0.007657597307115793,-0.01607590727508068,0.005363009870052338,-0.049601901322603226,-0.0004819421446882188,0.019058234989643097,0.1031987965106964,-0.061553198844194405,-0.005311812739819288,-0.042885400354862206,-0.02034393884241581,-0.0021278406493365765,0.00034983133082278073,0.016217593103647232,-0.01104116067290306,0.09060344099998474,-0.010945009067654608,-0.0003663617535494268,-0.04125555977225304,-0.03355449065566063,-0.03452950716018677,0.021596597507596012,-0.014541908167302608,-0.013284414075314999,-0.02523387409746647,-0.021314576268196102,0.011844647116959097,0.01869289204478264,-0.04877026006579399,0.06591201573610306,-0.047135934233665466,-0.04155849292874336,0.0020681121386587615,0.040737658739089966,-0.055883459746837616,-0.015124651603400707,-0.032650694251060486,-0.019446333870291706,-0.0026580907870084047,-0.02786390483379364,-0.02078976482152939,-0.005615868605673313,0.06342390179634094,0.02802000567317009,-0.0005593565292656422,0.045158587396144874,-0.027766661718487736,-0.008651495911180973,-0.06016108766198158,0.012745766900479792,-0.0034990624990314245,0.012072391808032988,-0.026530209928750992,0.02314560115337372,-0.099269762635231,-0.04487379640340805,-0.06849601864814758
0.1079617366194725,-0.034047454595565796,-0.05702170729637145,0.0418383814394474,-0.08954789489507675,0.09338715672492981,-0.04148222878575325,0.05647815018892288,0.015846282243728638,0.013301239348948,0.0,0.1626872271299362,-0.05333486571907997,-0.02724814042448997,0.03242442011833191,-0.02880537509918213,-0.07781423628330231,-0.0076902024447917956,0.0368681475520134,0.0014827135019004345,-0.010336032137274742,-0.008943299762904644,0.03807329013943672,0.08166328817605971,0.03379454463720322,0.018430011346936222,-7.906342943897472e-05,-0.015741592273116112,0.03071360103785992,-0.03962916508316994,-0.011025845073163508,-0.023066528141498566,0.0008001421811059117,0.0006804130971431732,-0.04445093497633935,-0.051367975771427155,0.03585225343704224,-0.05743185803294182,0.021052122116088867,-0.038880616426467896,-0.09865561872720718,-0.0261444877833128,0.02139976993203163,-0.032071784138679504,-0.007610675413161517,0.02197317965328693,-0.0049027916975319386,0.03746439144015312,-0.08074086904525757,0.06514916568994522,-0.05800309404730797,0.004654625430703163,0.0365394726395607,-0.004736838862299919,-0.00742422742769122,-0.00954002421349287,-0.039254534989595406,-0.06252536922693253,-0.02167262136936188,-0.020573392510414124,-0.03259708732366562,0.055851642042398446,-0.030223239213228226,0.036345597356557846,-0.000953762442804873,-0.1072213277220726,-0.050265401601791375,0.11747851967811584,0.0066642952151596555,-0.01832488738000393,-0.07032928615808487,0.033166345208883286,-0.12552209198474884,-0.08817266672849654,-0.02294133603572845,-0.021459408104419708,-0.03413781523704529,-0.007466373033821583,-0.006458763498812914,-0.03754189237952232,-0.06055737659335136,-0.043932441622018814,0.011959246359765528,-0.08340588212013245,-0.043189413845539086,0.0007512337178923189,-0.030603963881731037,0.04794005677103996,0.04439667239785194,0.11872953176498412,0.020748017355799675,-0.009971768595278265,0.036833599209785454,0.04500478133559226,-0.01848314143717289,-2.0096196749364023e-05,-0.02526337467133999,-0.04014845937490463,-0.00442384323105216,0.0010085564572364092
-0.10991431027650832,-0.04493863880634308,-0.01822237484157085,-0.019455118104815483,0.0374947264790535,-0.0639248862862587,0.005352219566702843,-0.035309746861457825,0.0010326160117983818,0.01625431329011917,0.1626872271299362,0.0,0.06119958311319351,0.02353927865624428,0.009463640861213207,0.006964788772165775,0.046387962996959686,-0.03482313081622124,-0.1078742891550064,0.008524710312485697,0.07816998660564423,-0.02364267595112324,0.04890529438853264,-0.09734108299016953,-0.0016803393373265862,0.05541132017970085,0.056181196123361594,-0.08514709770679475,-0.018082138150930405,0.019643684849143028,-6.860672147013247e-05,-0.05024849995970727,-0.0010686146561056376,0.0009735225467011331,0.005253637675195932,0.029586810618638992,-0.05719751864671707,-0.024481728672981266,0.057491082698106766,-0.031590528786182404,0.029112249612808228,0.03122294880449772,-0.027983577921986576,0.017419254407286644,-0.08186080306768417,0.017467914149165154,-0.05439628660678864,-0.062187168747186654,0.018042340874671936,-0.09196331351995468,0.09492214024066925,0.04459824040532112,-0.06952305138111115,-0.021349957212805748,0.0008431291789747775,-0.06394927948713303,-0.0034680813550949097,0.029656335711479187,-0.022337334230542183,0.007975732907652857,0.01400755438953638,-0.0173861812800169,-0.00959441903978586,-0.06619484722614288,0.01993604749441147,0.0004651222261600196,-0.011350990273058414,0.0022313601803034544,0.00193738448433578,-0.029955113306641575,-0.0701383426785469,-0.07172518968582153,-0.012485014274716376,0.009866409935057165,0.023298583924770355,-0.07059300690889359,0.0046078567393124095,0.01800825446844101,-0.025028584524989128,-0.03580240905284881,-0.0007682803552597761,-0.015815170481801033,-0.020259931683540344,0.07625532150268553,-0.07911949604749678,-0.04541076347231865,0.06674214452505112,-0.09020138531923294,-9.649907588027416e-05,-0.07356590032577513,0.05309581756591797,0.026599515229463577,-0.05579918250441551,-0.03468507155776024,0.0330159030854702,-0.04886223003268242,-0.00039312697481364006,0.015527701005339622,0.014606283977627754,0.007725483737885952
-0.09003697335720062,-0.023645445704460144,0.009275206364691256,0.00609251344576478,-0.03081414476037025,0.043975695967674255,-0.04234340041875839,-0.0031074148137122393,-0.013821907341480257,0.005874903406947851,-0.05333486571907997,0.06119958311319351,0.0,-0.01201297342777252,-0.04707111045718193,0.0045368578284978875,-0.06193776428699493,0.011424290016293524,-0.03409114852547645,0.007706365082412958,8.444410923402755e-05,0.09816988557577133,-0.08659243583679198,-0.026442939415574077,0.0001131191529566422,0.01221274957060814,-0.0220476184040308,0.023814907297492027,-0.0686408206820488,-0.023480217903852463,-0.029059579595923424,-0.018785709515213966,-0.027317294850945473,0.009682279080152512,-0.04299310967326164,-0.08314647525548936,0.02599872089922428,0.008635294623672962,-0.022302208468317986,0.03352878615260124,0.04122788831591606,0.001621938543394208,-0.015799367800354958,-0.04043218493461609,0.04878745973110199,-4.0676724893273786e-05,-0.03476019948720932,0.013651586137712,0.036446865648031235,-0.0003296425275038928,0.11112988740205763,-0.0686267763376236,0.0505647212266922,0.014648710377514362,-0.06699603796005249,-0.024394890293478962,-0.0022957075852900743,0.0016678243409842253,-0.061561305075883865,-0.020887162536382675,0.03544939309358597,0.12331786006689072,0.05584896355867386,0.00038957831566222007,-0.02813573926687241,-0.04557314515113831,0.03383663296699524,-0.002631832845509052,0.04199925065040588,-0.08069781959056854,0.07121903449296951,-0.033735793083906174,-0.05116908624768257,0.01709624193608761,-0.05547415837645531,-0.03890444338321686,-0.06369715183973312,0.043787658214569085,-0.01791776157915592,-0.03601082041859627,0.05236091464757919,-0.0673849955201149,0.00778617337346077,-0.1002356931567192,-0.0026546916924417015,-0.02613956294953823,0.10505779087543488,0.02174376882612705,0.03805164620280266,-0.08858497440814973,-0.035365693271160126,-0.03470468521118164,-0.016962751746177673,-0.004568069241940975,0.03904082253575325,-0.023387107998132706,0.019033297896385193,-0.022620026022195816,-0.06748993694782257,-0.023501919582486153
0.051886100322008126,-0.006398556288331747,0.007779037114232778,-0.04179471731185913,-0.024547625333070755,-0.0009260050719603896,0.006538526155054568,0.003879608819261193,0.024110296741127968,0.0028890345711261034,-0.02724814042448997,0.02353927865624428,-0.01201297342777252,0.0,0.035121336579322815,-0.047953110188245766,0.012017946690320969,-0.03614561632275581,0.03220742940902709,-0.027085879817605015,-0.08172141760587692,-0.014890563674271107,-0.0819627195596695,-0.0030640391632914543,-0.006738247815519571,0.04030336812138557,-0.05919034406542777,0.0291909109801054,-0.0019159107469022276,0.010036676190793514,-0.08581927418708801,0.0011242915643379092,0.046204455196857445,-0.002012845128774643,-0.03512496501207352,-0.0007032277062535286,0.006925694178789854,0.003881180658936501,-0.0137192253023386,-0.02933058887720108,-0.08410848677158356,-0.024411929771304127,-0.016028614714741707,-0.04814699292182922,0.07707179337739944,-0.034449610859155655,0.0661400780081749,-0.025107258930802345,-0.055850010365247726,0.02643362618982792,-0.010326532647013664,-0.03266209363937378,-0.013065983541309832,0.024579934775829315,0.018812334164977077,-0.0006393566727638245,-0.022077620029449463,-0.07670241594314574,-0.02573664113879204,0.004609439056366681,-0.01668686978518963,-0.07158414274454117,-0.025599323213100437,0.025506950914859768,-0.028839511796832085,0.05408932268619537,0.014059578999876976,0.017139703035354614,0.029379853978753086,0.02260979264974594,0.014851376414299011,-0.04460188001394272,0.008058547973632812,-0.0016866527730599044,0.04362940415740013,-0.06321341544389725,-0.017379876226186752,-0.027901599183678627,-0.03579417243599892,-0.002867915900424123,-0.04197060689330101,-0.025564732030034065,-0.010011380538344383,-0.015613969415426254,0.06137849763035774,-0.05359526723623276,-0.04756147041916847,-0.06417343765497208,-0.016377413645386696,-0.0249931700527668,-0.006782814394682646,-0.08201434463262558,0.01793566904962063,0.005257202312350273,-0.00238260836340487,0.04344312474131584,-0.023214498534798626,0.06503737717866898,-0.02256435342133045,-0.03403763473033905
-0.01472302246838808,0.03605898469686508,-0.014361403882503508,0.016466742381453514,-0.04713312909007072,0.0396718755364418,-0.08506197482347488,-0.042351517826318734,-0.11267217248678207,0.01699642650783062,0.03242442011833191,0.009463640861213207,-0.04707111045718193,0.035121336579322815,0.0,0.0936700329184532,-0.03654840588569641,0.06724599003791809,7.960557559272273e-05,0.021799730136990547,0.13693533837795255,-0.008374543860554695,-0.035892661660909646,-0.0024536687415093184,-0.06447209417819977,-0.03629021719098091,-0.06540060043334961,-0.05861581489443778,0.05634422227740288,-0.036697622388601296,-0.032818522304296494,-0.0021674109157174826,2.171128471673001e-05,-0.0498889721930027,0.027310937643051147,0.021237673237919807,-0.03949863463640213,-0.03961934894323349,-0.06309454143047333,0.03638772666454315,-0.031518105417490005,0.018946057185530663,0.027821073308587074,-0.021611141040921208,-0.03553415462374687,0.03997660055756569,-0.017499256879091263,3.590658161556348e-05,-0.03325200080871582,1.547592728456948e-05,-0.07164576649665833,0.015444171614944935,0.02857675217092037,-0.0467425100505352,-0.019368177279829975,0.03950473666191101,0.03042774647474289,-0.01870726048946381,-0.042437929660081856,0.07854714989662169,-0.0468531921505928,0.026682591065764427,0.037326350808143616,-0.04983051493763924,0.034474506974220276,0.2212067544460297,0.019365765154361725,-0.04108734428882599,-0.07028103619813919,-0.07771478593349455,-0.10574721544981001,-0.02327872440218925,-0.01365953218191862,0.04276643320918083,-0.05491529777646065,0.01841030828654766,-0.027105806395411488,0.07321675866842269,0.03050500713288784,0.04083941876888275,0.03270122408866882,0.025922218337655067,0.025808300822973248,-0.056846484541893005,0.013632266782224178,0.029830254614353176,0.02803883329033852,-0.053306616842746735,-0.05656129866838455,0.01719040237367153,-0.11973455548286437,-0.06268437206745148,-0.06564714759588242,0.04903259500861168,-0.02432230673730373,0.025182634592056274,0.041684288531541824,-0.06498230993747711,-0.027662469074130055,0.024416569620370865
0.024753963574767113,0.08402670919895171,-0.04222112521529198,-0.04131787642836571,0.008156332187354563,0.048944015055894845,0.04625633358955383,-0.016140976920723915,0.03527570143342018,0.04389284178614616,-0.02880537509918213,0.006964788772165775,0.0045368578284978875,-0.047953110188245766,0.0936700329184532,0.0,-0.006493373773992062,0.003254374023526907,-0.07115142047405243,-0.015443709678947924,-0.08385287970304489,-0.05743426829576492,0.08553068339824675,-0.05194154009222984,-0.017783792689442635,-0.034672271460294724,0.04770489037036896,0.012964009307324886,0.028501795604825016,0.008658915758132935,-0.0351172648370266,0.028804155066609383,0.18921035528182983,0.1081664115190506,-0.03072039596736431,-0.05195833742618561,-0.04813459143042564,0.05082906037569047,0.02496353164315224,-0.028790580108761787,-0.0004735210968647152,-0.0033727835398167367,-0.07178232073783875,-0.022987971082329754,-0.00126453279517591,-0.08850721269845961,0.00531357154250145,0.011845139786601067,-0.015117444097995758,-0.02244420908391476,0.0175914466381073,0.019058002158999443,0.04770999029278755,-0.0018735455814749,-0.05636708438396454,-0.08114500343799591,-0.009630038402974606,0.012031737715005875,-0.06137623265385628,-0.018290424719452855,-0.011933219619095324,-0.02080782502889633,-0.058990206569433205,-0.007449260447174311,-0.0800734907388687,0.10841228812932968,0.019117122516036037,0.04379579797387123,-0.0529959313571453,0.010341469198465347,4.635374807548942e-06,0.010139508172869682,-0.07445065677165985,-0.020954011008143425,0.03954028710722923,-4.687211003329139e-06,-0.07527127861976622,-0.09245989471673965,-0.04890873283147812,-0.07767006754875182,0.0036477122921496634,-0.03940149396657944,0.04315636679530144,0.014462648890912533,0.0296055655926466,0.008330641314387321,0.011150026693940163,0.04408593103289604,-0.04360726848244667,-0.09442789107561111,-0.08299963176250458,0.03058641031384468,0.0382905937731266,-0.06454074382781982,-0.02832180447876453,1.662544127611909e-05,-0.0004826326621696353,-0.09118855744600296,0.032916706055402756,0.030374933034181595
-0.06081881374120712,-0.049105312675237656,-0.04968987032771111,0.0418536514043808,-0.029095876961946487,-0.04807757958769798,-0.00911706779152155,-0.07023893296718597,-0.0018323386320844288,-0.022700985893607136,-0.07781423628330231,0.046387962996959686,-0.06193776428699493,0.012017946690320969,-0.03654840588569641,-0.006493373773992062,0.0,0.007176626939326525,0.08164838701486588,-0.0020061794202774763,0.01566266641020775,-0.01112041063606739,-0.03224114701151848,0.0003248155117034912,0.020587917417287823,-0.022147756069898605,0.009258626028895378,0.0012974734418094158,-0.06791831552982329,-0.01763446070253849,-0.00017395542818121612,-0.0631900355219841,0.06325940042734146,0.01180488709360361,0.00719620892778039,-0.12004951387643814,0.036529067903757095,-0.07468036562204361,0.008864817209541798,0.008478778414428234,0.006253541447222233,-0.03804851695895195,0.004194243811070919,-0.008037764579057693,-0.0010871737031266091,0.014238101430237292,-0.01975175738334656,-0.05525175482034683,0.02358482778072357,0.011446423828601835,0.003450724994763732,0.011727898381650448,-0.0055208816193044186,-0.0431736297905445,0.057067565619945526,-0.02446967549622059,-0.0022726189345121384,0.04870309680700302,-0.04658563062548637,-0.017659636214375496,-0.0288422591984272,0.05143272876739501,0.05492482334375381,-0.07817163318395615,0.004285238683223724,0.009750327095389366,0.00019004399655386803,0.02584557235240936,-0.049665551632642746,-0.08296959102153778,-0.01999632641673088,0.04176826402544975,0.03633773326873779,-0.03600232303142548,0.028462845832109448,0.045288313180208206,-0.021755918860435482,-0.06047723442316055,-0.025547971948981285,0.017885511741042137,0.024580817669630047,-0.01163908839225769,-0.000511525955516845,-0.07135961949825287,-0.0468575693666935,-0.04714293032884598,0.002594760386273265,0.025584513321518895,0.08231032639741898,-0.024783952161669728,-0.02759082242846489,0.03288429602980614,0.0042843143455684185,-0.0324229933321476,0.016367292031645775,-0.03837734460830688,0.035214658826589584,-0.06272383034229279,-0.002972146263346076,0.0217176117002964
-0.036868557333946235,-0.016165228560566902,-0.002520486712455749,-0.01654210314154625,-0.04130541533231735,-0.15946431457996368,-0.025177404284477237,0.0618429109454155,0.0435289703309536,-0.032544948160648346,-0.0076902024447917956,-0.03482313081622124,0.011424290016293524,-0.03614561632275581,0.06724599003791809,0.003254374023526907,0.007176626939326525,0.0,-0.056216076016426086,0.08974245190620422,0.028467256575822834,0.02378943562507629,0.04820078238844872,-0.00589318061247468,-0.014949044212698936,-0.004537408705800772,-0.08487126231193542,0.04517977312207221,0.07048570364713669,-0.0561332181096077,-0.06347501277923584,0.05203676968812943,-0.04000040516257286,0.06620686501264572,0.07990030199289322,-0.06523743271827698,-0.03332362696528435,-0.004747401457279921,-0.0241196658462286,0.02587137185037136,0.03765501454472542,0.03515387326478958,-0.011343554593622684,-0.0023437300696969032,-0.07527661323547363,0.06295733153820038,-0.009792972356081009,-0.015830636024475098,-0.00280722719617188,0.0009230420109815896,0.022332994267344475,-0.03620588034391403,0.006258444860577583,-0.0027685530949383974,0.07838243991136552,-0.028514541685581207,-0.023085273802280423,0.01790689490735531,-0.044955957680940635,0.06096713989973068,0.0013962293742224574,-0.10744585841894148,-0.019563267007470127,-0.020440446212887764,0.031271085143089294,-0.10592956840991972,0.04269547015428543,0.12009910494089127,0.11009448766708374,-0.04179568961262703,-0.000717335264198482,0.04249491170048714,0.05980611592531204,-0.00140216457657516,-0.02736510895192623,8.511823398293926e-05,-0.10075102746486664,-0.006881952751427889,0.09889493137598035,-3.148805626551621e-05,-0.08575130254030228,-0.03497062996029854,0.08014797419309616,-0.07692135870456694,-0.006872242316603661,0.04534350335597992,-0.009226537309587002,-0.11134255677461624,0.03417472541332245,-0.07529342174530029,0.010535072535276411,-0.07845092564821243,-0.04541615396738052,-0.12954656779766083,-0.0066729728132486335,0.0014924948336556552,-0.009672177024185656,-0.08814467489719392,0.02727597765624523,0.005688860081136227
