0,1,2,3,4,5,6,7,8,9,10,11,12,13,14,15,16,17,18,19,20,21,22,23,24,25,26,27,28,29,30,31,32,33,34,35,36,37,38,39,40,41,42,43,44,45,46,47,48,49,50,51,52,53,54,55,56,57,58,59,60,61,62,63,64,65,66,67,68,69,70,71,72,73,74,75,76,77,78,79,80,81,82,83,84,85,86,87,88,89,90,91,92,93,94,95,96,97,98,99
0.0,-0.008232083171606064,0.08605385571718216,0.05183705687522888,-0.04496279731392861,0.00543584069237113,-0.0039038266986608505,-0.09887345880270003,-0.0516764298081398,0.020009530708193776,-0.04004111886024475,-0.004943522624671459,-0.0005131521611474454,-0.0052735167555511,-0.007975976914167404,0.047357477247715,-0.0390007272362709,0.01861364766955376,-0.01050698570907116,-0.027437342330813408,0.05451737344264984,0.0008576975669711827,-0.04222987964749336,-0.06505268067121506,0.027319569140672684,-0.014969848096370695,0.03383534774184227,-0.04281536117196083,-0.009125138632953169,0.005901864729821682,0.02479140274226665,0.0637320876121521,-0.030799180269241333,-0.014984474517405031,-0.014834157191216944,0.008399059064686298,0.02467530034482479,-0.09791821241378784,-0.006736967246979475,-0.004302630200982094,-0.07723996043205261,0.009630241431295872,-0.05931505560874938,0.0029892888851463795,-0.005439827218651772,0.008645846508443356,0.05213335156440735,-0.04347062483429909,0.002097544027492404,-0.01339389756321907,-0.005714756436645985,-0.06984718143939972,-0.0453568510711193,-0.033715616911649704,0.014799289405345917,0.03148125484585762,-0.020175017416477203,0.03654986247420311,-0.06035473197698593,0.015097418799996376,-0.0027110683731734753,-0.026052411645650864,-0.020074728876352314,0.02565874718129635,0.003926512785255909,0.007042720913887024,0.015653323382139202,-0.04189465939998627,-0.03809922188520432,0.034347016364336014,-0.06737152487039566,-0.015743257477879524,-0.03403569012880325,-0.008422217331826689,0.02921893075108528,-0.07077988237142563,0.028454940766096115,-0.01179518923163414,0.02500133588910103,-0.028600716963410378,0.09157919138669968,0.006213165819644928,-0.031870998442173004,-0.031993478536605835,-0.03275895118713379,-0.07392748445272444,-0.02465930208563805,-0.037256862968206406,-0.018666423857212063,0.008947653695940971,0.02079572714865208,-0.07648973166942595,0.02731361612677574,0.02666793018579483,-0.011376439593732355,-0.012590893544256687,0.006590676959604025,-0.0072522540576756,-0.01812850683927536,-0.027658607810735703
-0.008232083171606064,0.0,-0.03294369578361511,-0.028260195627808567,0.007179013919085264,-0.011967751197516918,-0.015863969922065735,-0.017347536981105804,-0.0350666418671608,-0.09310356527566908,-0.03003125265240669,-0.029392784461379048,-0.012817484326660631,0.05146665126085281,0.03683268278837204,0.073842853307724,0.03659946843981743,0.061013855040073395,-0.061637874692678445,-0.038840625435113914,-0.015194056555628777,-0.1008707284927368,-0.04451282322406769,0.04084726050496101,-0.022942116484045982,0.038702193647623055,-0.07811673730611801,-0.05607586354017258,-0.010223274119198322,0.053626567125320435,-0.032677702605724335,0.021018460392951965,0.021692596375942234,-0.06903867423534393,-0.04717359691858292,0.02228273078799248,-0.031828660517930984,-0.011633024550974367,0.019110539928078648,-0.05063397437334061,-0.04268809780478477,-0.006731053348630667,0.0701509341597557,0.04506344348192215,0.00991674978286028,0.03378652408719063,0.013580180704593658,-0.014972365461289883,-0.01149160973727703,-0.0022414480336010456,-0.04445100203156471,0.08584403246641159,0.008353764191269873,0.04289082810282707,0.019573427736759182,-0.011093254201114176,-0.0006943387561477721,0.01579516939818859,0.027585498988628387,-0.016566896811127663,-0.027747983112931248,-0.02926609478890896,0.0006826179451309144,0.006831863429397345,0.009579950943589209,-0.07225247472524643,-0.041660744696855545,-0.06583968549966812,0.01352798379957676,0.06037107482552528,-0.013942514546215534,-0.05794791504740715,-0.0782971754670143,-0.0372905246913433,0.03797648847103119,-0.0061275558546185485,-0.10269202291965485,0.04214770346879959,-0.003658156143501401,0.0015781847760081291,-0.008435262367129324,0.039477262645959854,-0.05236178636550903,0.03501899540424347,0.047079287469387054,-0.0451742559671402,0.0056733605451881886,0.021164339035749435,-0.00509515730664134,-0.003490288741886616,-0.08047731220722198,-0.03017078898847103,0.0006678896024823189,-0.02274108864367008,-0.036553602665662766,-0.0725911408662796,0.012532278895378113,0.022108517587184903,0.032513197511434555,-0.061483364552259445
0.08605385571718216,-0.03294369578361511,0.0,0.03138117492198944,0.034586645662784576,-0.0004463793884497136,0.031679101288318634,0.00023951950424816457,0.05930257216095924,0.013541373424232006,0.006645094137638807,-0.05894103646278381,-0.06323261559009552,0.03320909291505813,-0.07566135376691818,0.011137044988572596,-0.03500755876302719,0.0075921681709587565,0.07044143229722977,0.03562063351273537,-0.08848433196544646,-0.08565960079431532,3.4184613468823954e-05,0.03876541554927826,-0.0552411787211895,0.006013815756887197,0.01527808140963316,-0.026761369779706,-0.04280644282698631,0.00702677620574832,-0.0011902282712981105,-0.0030207901727408166,0.0077833584509789935,0.027152627706527706,-0.06894000619649887,-0.012895983643829823,0.020565321668982502,-2.2150064978632145e-05,0.00948385614901781,-0.0642223060131073,0.02076358161866665,0.003504201071336865,0.10672739148139952,-0.011427853256464005,-0.019547997042536732,-0.04256457835435867,-0.05070879310369492,0.04722094535827637,-0.05558426678180695,-0.0939841940999031,0.051544640213251114,0.06340611726045609,0.0262919906526804,-0.00744661595672369,-0.02738791145384312,-0.012819048948585989,-0.01331877801567316,-0.0312543623149395,-0.01475027110427618,0.0005688281962648034,-0.04193028435111046,0.024279128760099408,0.029244894161820408,-0.10387591272592545,0.026283996179699894,0.017342809587717056,0.024748317897319797,0.005693682935088873,0.025320798158645626,-0.11720354855060576,-0.025568032637238503,0.029669472947716713,0.025087924674153328,-0.03241853043437004,-0.04597711935639381,0.0683198794722557,-0.05348293483257294,-0.00507357669994235,-0.11447302997112274,-0.00010278652916895224,-0.04293910413980484,-0.07272960245609283,0.05927257984876633,0.041393689811229706,0.0027725212275981903,-0.0373358465731144,0.03211500495672225,-0.10385164618492126,-0.01787637732923031,0.04227590188384056,-0.1606760323047638,0.05976729467511177,-0.0007091622683219612,0.02215101569890976,-0.019593209028244015,-0.025789663195610046,-0.05674296244978905,-0.039101328700780875,0.025662139058113095,0.047841209918260574
0.05183705687522888,-0.028260195627808567,0.03138117492198944,0.0,-0.013040213845670223,0.009345520287752151,-0.000205766293220222,0.08442185819149017,0.04728398099541664,0.10265686362981796,-0.04593940079212189,0.08134807646274567,0.03447331488132477,2.8465705327107568e-05,-0.04908544942736626,-0.05255958437919617,0.005470355972647666,-0.003371082479134202,-0.00017290482355747372,-0.0869646817445755,-0.012256752699613571,0.0007639336981810628,0.0005037899827584624,0.03599688783288002,-0.032894548028707504,0.01121336780488491,-0.046281665563583374,0.01873071491718292,0.058942217379808426,-0.04713733866810799,-0.040485553443431854,-0.008335604332387446,0.003975668456405401,5.3710486099589616e-05,-0.02809447795152664,0.006120575591921806,-0.08783093094825745,0.052110474556684494,0.003399238921701908,-0.14518551528453827,0.033353406935930245,-0.056502029299736016,-0.037828247994184494,-0.0015532675897702575,-0.007045444566756487,0.05977524816989899,-1.5238189916999543e-05,-0.14399830996990204,0.01324363239109516,0.007462074514478445,-0.06186790019273758,-0.040772907435894006,0.03068807162344456,0.123118557035923,-0.024324404075741768,-0.08446191251277924,0.0025805053301155567,-0.03848414868116378,-0.05615582317113876,-0.029068903997540477,-0.0337476059794426,-0.03695088252425194,-0.055965263396501534,0.07915204018354416,-0.05337217450141907,0.03868715092539787,0.01589742861688137,0.016323616728186607,-0.009048253297805786,0.05732366070151329,-0.005157239735126495,-0.06144455820322037,-0.015534535981714724,0.03694728761911392,-0.09085559844970705,-0.018449265509843823,-0.0747547298669815,0.04492825269699097,0.021314680576324463,0.05898701399564743,0.0006848970660939813,-0.011772827245295048,0.035549115389585495,0.11311223357915878,-0.03588123619556427,-0.025633158162236214,-0.03727485239505768,-0.025339437648653984,0.0004236680688336492,-0.001941569847986102,-0.007341448683291674,0.030631549656391144,-0.0844692438840866,-0.11834286898374556,-0.02441731467843056,-0.060294982045888894,0.06669091433286667,-0.022835880517959595,-0.04978376626968384,0.05615220591425896
-0.04496279731392861,0.007179013919085264,0.034586645662784576,-0.013040213845670223,0.0,-0.013203389011323452,0.027238527312874797,-0.01973352022469044,-0.10796640813350676,-0.01453372836112976,0.06429990381002426,-0.06175457313656807,-0.0012952391989529133,-0.05010862648487091,-0.0880623608827591,-0.00868469290435314,-0.02208272740244865,-0.0011748546967282891,-0.08016698062419891,-0.012772392481565475,0.047086406499147415,0.0037782068829983473,-0.002265590475872159,-0.042575448751449585,-0.07907994091510771,0.0016131352167576551,-8.176085975719616e-05,-0.017972946166992188,0.0331224761903286,-0.00013458849571179599,0.0008942421991378069,-0.0005166788469068706,-0.00312065496109426,0.05353261157870293,0.013945491053164004,-0.009182388894259928,-0.016343889757990837,0.03460288047790527,-0.010185920633375645,0.09308946132659912,-0.04395416751503944,-0.05752993375062943,-0.027022484689950943,-0.03811796009540558,-0.017280390486121178,0.02864162065088749,-0.0031022862531244755,-0.06519142538309097,0.044472165405750275,-0.11445358395576476,-0.04106712713837624,-0.0565711185336113,-0.023438334465026852,0.1074356660246849,0.09126388281583786,0.010314593091607092,0.022476902231574055,-0.007421791553497314,-0.04982252791523933,-0.005130585748702288,0.03014322370290756,0.01469126995652914,-0.007239198312163354,-0.040929030627012246,0.01781618408858776,0.009842039085924624,0.011898904107511044,0.005368990823626518,-0.02925284579396248,-0.05075041949748993,-0.052948355674743645,0.019543414935469627,-0.0029181162826716896,-0.03790952265262604,-0.04376593604683876,0.05349456146359444,0.06658986955881119,-0.019533906131982803,-0.0048280968330800525,-0.009844424203038216,0.02935796603560448,-0.0012005355674773455,0.030658915638923645,-0.111145481467247,-0.05236754193902016,-0.1065320000052452,-0.062110386788845055,0.08142457902431488,-0.03862611204385757,0.008203096687793732,0.02310090698301792,0.01866620033979416,0.001619703834876418,0.0041609895415604115,-0.039585966616868966,-0.04789302498102188,0.012413215823471546,0.020728500559926036,-0.007060645613819361,-0.001067539444193244
0.00543584069237113,-0.011967751197516918,-0.0004463793884497136,0.009345520287752151,-0.013203389011323452,0.0,0.059360340237617486,-0.04839714989066124,0.021774999797344208,-0.07266248762607574,-0.04619356617331505,0.08561775088310242,-0.02377694845199585,-0.08630666881799699,-0.03673942759633064,-0.06744885444641113,0.044312190264463425,-0.016042195260524746,-0.017128026112914085,0.014615199528634548,-0.0434723012149334,-0.027320543304085728,0.09510240703821182,-0.056715935468673706,0.02549665607511997,-0.038665886968374245,-0.022484190762043,-0.08870650082826614,-0.0007480019121430814,-0.033801931887865067,-0.07668735086917877,-0.0050376225262880325,-0.013009486719965935,0.04637327417731285,0.021628161892294884,-0.06482153385877609,-0.019334489479660988,0.07969848066568375,-0.010521021671593188,0.01258271001279354,-0.06891413778066635,-0.10897364467382432,0.023517303168773648,-0.0054284418001770965,-0.0355076938867569,0.011354072019457815,-0.0590798482298851,0.01065389346331358,0.018774114549160004,0.05185088887810707,-0.07351616024971008,0.028075534850358963,-0.005894388072192669,-0.06175447627902031,0.02475028485059738,0.04552647471427917,0.07693108171224594,0.008866475895047188,-0.04126833751797676,-0.08523923158645628,-0.0011257025180384517,-0.021667372435331345,-0.02907326631247997,0.07584575563669203,0.032972123473882675,-0.025433266535401344,-0.04673105478286743,0.003154692007228732,0.018266405910253525,-0.08123809844255446,0.04564358666539192,0.0008665024652145803,-0.05552880838513374,-0.020096726715564728,-0.03434872254729271,0.025284847244620323,-0.017404532060027122,0.08289884030818939,-0.020603563636541367,-1.9036589947063476e-05,0.0259812381118536,-0.022778987884521484,0.018705690279603004,-0.031239710748195648,-0.03188903257250786,0.004024147987365723,0.05718503892421722,0.022786999121308327,-0.045465860515832894,-0.006930358707904816,0.02870909124612808,-0.03291340172290802,-0.011980555020272732,0.07456304132938385,-0.008806013502180576,6.90001979819499e-05,-0.034443967044353485,-0.08113600313663481,0.033945102244615555,-0.05683794990181922
-0.0039038266986608505,-0.015863969922065735,0.031679101288318634,-0.000205766293220222,0.027238527312874797,0.059360340237617486,0.0,-0.0539703257381916,-0.04279635474085808,0.1001780778169632,0.09106260538101196,-0.08785671740770341,0.11027613282203674,-0.043217699974775314,-3.397998443688265e-05,0.027067193761467934,-0.017084211111068726,-0.0051799099892377845,-0.021331069990992543,-0.038323488086462014,0.006652861833572388,-0.06113608554005623,-0.04818201437592506,0.006742302794009447,-0.04221808165311813,-0.11342939734458923,-4.338553117122501e-05,0.09800316393375395,-0.04299135506153107,0.049689233303070075,0.027249904349446297,-0.018242493271827694,0.004382011480629444,0.0026157221291214228,0.06194781884551048,0.002102668397128582,-0.016063142567873,0.037001386284828186,0.04650474339723587,-0.0417863056063652,0.03890560567378998,-0.01964368298649788,-0.03185231238603592,-0.0635664090514183,0.026345832273364067,-0.12670885026454923,0.02839735336601734,-0.0003519170277286321,-0.01795439049601555,-0.007607524748891592,-0.024833643808960915,0.005693763494491577,-0.0010418043239042163,-0.04638742282986641,-4.663758954848162e-05,-0.024737408384680748,-0.02818683348596096,0.03307244926691055,0.03455936163663864,-0.021488914266228676,-0.013997130095958708,-0.044054705649614334,-0.024859786033630368,-0.031349796801805496,0.02663692831993103,-0.08121801167726515,-0.056250058114528656,0.02771484293043613,-0.008327274583280087,0.025056716054677963,9.252466043108145e-06,-0.0456988513469696,-0.110202819108963,0.016530698165297508,0.03044041618704796,-0.0037009669467806816,0.021636443212628365,-7.228066533571109e-05,-0.08949231356382371,-0.08906718343496321,-0.06568184494972229,-0.02291115373373032,-0.1113007515668869,-0.03912821039557457,-0.000224255069042556,0.025813778862357136,-0.06510298699140549,0.03762808442115784,-0.01785167306661606,-0.016496114432811737,0.0005483409040607512,-0.018622113391757008,-0.028580714017152783,-0.06512760370969772,0.06616946309804916,0.09749018400907516,0.12438099831342696,-0.03562277555465698,-0.022635668516159058,0.012641957961022852
-0.09887345880270003,-0.017347536981105804,0.00023951950424816457,0.08442185819149017,-0.01973352022469044,-0.04839714989066124,-0.0539703257381916,0.0,-0.0035629519261419773,0.009391088038682936,-0.01428413763642311,0.028900038450956345,0.0071951490826904765,-0.041799619793891914,-0.06169961765408516,0.15662814676761627,0.05653535574674606,0.03094447031617165,-0.06853462010622025,-0.009246390312910082,-0.07147645205259323,0.05205461755394936,0.046860162168741226,-0.07177691906690598,-0.014823386445641516,-0.029444957152009007,0.002599251922219992,-0.10233398526906969,0.003775222692638636,-0.025194082409143448,-0.0516207292675972,-0.012007195502519608,-0.07887341827154158,-0.057319585233926766,-0.012278345413506033,-0.042169082909822464,0.07060158997774124,-0.02316819317638874,0.007759194355458021,-0.09951464831829072,0.031418051570653915,0.06541375815868378,-0.03376338630914688,0.015335693024098871,-0.007173349615186453,-0.0954889804124832,0.045934394001960754,0.0261729396879673,-0.0210159569978714,-0.0926227793097496,0.03368808701634407,-0.04048043861985207,-0.0388324111700058,-0.062495239078998566,0.09541805833578108,0.061644896864891045,0.07113204896450043,0.2032370418310165,0.06188704073429108,0.01046832464635372,-0.043681129813194275,-0.04213016852736473,0.014500024728477,-0.016120875254273415,0.04361866042017937,-0.02689705789089203,-0.04120426625013352,0.029506027698516846,-0.002509104320779443,-0.05823768302798271,-0.07370654493570326,-0.021914588287472725,-0.021711256355047222,-0.0004952648305334151,-0.01598929800093174,-0.06788352131843567,0.028006086125969887,0.002137156669050455,3.8287620554910966e-05,-0.04172905907034873,0.03680029883980751,-0.02599954232573509,-0.042679160833358765,0.02046623267233372,0.02556897699832916,-0.025743097066879272,-0.026845430955290794,-0.009352265857160093,0.04676460847258568,0.016926603391766548,-0.008883539587259293,0.0003181352512910962,-0.002287702402099967,0.011915316805243492,-0.01627723127603531,-0.014535503461956976,0.043578710407018655,-0.022562120109796524,-0.03932637721300125,0.025376617908477783
-0.0516764298081398,-0.0350666418671608,0.05930257216095924,0.04728398099541664,-0.10796640813350676,0.021774999797344208,-0.04279635474085808,-0.0035629519261419773,0.0,0.00018695877224672583,0.026301877573132515,-0.03337536007165909,0.012794030830264091,0.009899512864649296,-0.006951458286494017,-0.04096906259655952,-0.030431503430008888,0.045259233564138406,-0.032618708908557885,-0.02403124608099461,0.0590556301176548,-0.004713947884738444,0.02228734456002712,-0.021003812551498413,-0.05938788503408432,-0.02763884514570236,-6.792804197175428e-05,0.033934451639652245,-0.06687786430120468,-0.02079944498836994,0.028317056596279144,-0.0799335166811943,-0.014235199429094791,-0.10361962020397186,-0.020839201286435127,0.03920005634427071,0.001380410511046648,0.04195721074938774,0.004113764967769384,0.08648331463336945,-0.04060254618525505,0.020524678751826286,-0.018115444108843803,-0.009669168852269648,0.017990536987781525,0.017917150631546974,-0.06420198082923889,0.024778442457318302,0.0013191921170800924,-0.08315369486808778,-0.08985707908868788,-0.000358603399945423,0.0217388067394495,0.07790574431419373,0.06701566278934479,0.02529899403452873,-0.09329931437969208,0.018852137029170987,-0.02710071951150894,0.005258537828922272,-0.008591849356889725,-0.028871903195977208,0.03375629708170891,-0.02741675451397896,0.011630148626863956,-0.01754990592598915,-0.013580936938524246,-0.04184596613049507,-0.032227158546447754,0.02931019477546215,0.0011482267873361707,0.014225564897060394,-0.06374035775661469,-0.08494381606578827,0.05597988143563271,0.07858707010746002,0.00840126723051071,-0.08405768126249313,0.07465191185474396,-0.04819246381521225,0.0009685514378361406,0.017052557319402695,-0.08717855811119078,-0.0455152839422226,-0.04686909914016724,0.03660183399915695,-0.014620404690504074,0.0035787457600235935,-0.011189057491719723,0.020839199423789975,0.006220629438757896,-0.0032111604232341047,-0.035266727209091187,-0.044618412852287286,-0.07525202631950377,-0.028283871710300446,0.01738639548420906,-0.01063897367566824,0.01952633634209633,-0.03965494781732559
0.020009530708193776,-0.09310356527566908,0.013541373424232006,0.10265686362981796,-0.01453372836112976,-0.07266248762607574,0.1001780778169632,0.009391088038682936,0.00018695877224672583,0.0,0.0023966431617736816,-0.03730762377381325,-0.0593547448515892,-0.052155297249555595,-0.01404024101793766,-0.00429553585126996,0.018821150064468384,0.08868405222892761,-0.10996529459953308,0.03950540348887444,-0.009190594777464865,0.031239327043294903,-0.000829794560559094,-0.03896007314324378,-0.02547904103994369,7.810063834767789e-05,-0.11935049295425416,-0.01728004217147827,0.027001727372407917,0.006940427236258984,-0.037118863314390176,0.014613269828259943,0.0025532192084938288,-0.06552530825138092,-0.008423632942140102,-0.08182441443204878,-0.01166392769664526,-8.768931002123281e-05,-0.06110164895653725,0.03267808258533478,-0.006969953887164593,-0.010473841801285744,0.05774432793259621,-0.05198856443166733,-0.04739082232117653,0.04848077893257141,0.0452401079237461,-0.04761208593845368,0.008102087303996086,-0.03911614045500755,-5.230359238339588e-05,0.006219681352376938,0.018907131627202037,-0.0639428049325943,-0.00022605255071539432,-0.0718306228518486,0.028951819986104965,-0.08858606964349745,0.05940964072942734,-0.0026152024511247878,0.054676011204719537,0.017164461314678192,0.0007631193147972225,-0.02799675427377224,0.012997479178011416,-0.06578339636325836,-0.032207321375608444,-0.11720390617847443,-0.013741708360612392,-0.00323616829700768,0.03849500417709351,-0.06618895381689072,-0.04908566549420357,-0.035453956574201584,0.028402479365468025,0.0011371274013072252,-0.0368388406932354,0.0389191098511219,-0.03310901299118996,-0.006622349377721548,-0.018733577802777287,0.0029440135695040226,-0.012883520685136318,-0.008242587558925152,0.0939556285738945,0.03359644487500191,-0.008580776862800121,0.10326843708753584,-4.580472887028009e-05,-0.08714566379785538,0.029704706743359562,-7.531618030043319e-05,0.022004250437021252,0.08928027004003523,-0.06146012991666794,-0.008708095178008078,-0.12532612681388855,0.015266823582351208,0.017777152359485626,0.04774778336286545
-0.04004111886024475,-0.03003125265240669,0.006645094137638807,-0.04593940079212189,0.06429990381002426,-0.04619356617331505,0.09106260538101196,-0.01428413763642311,0.026301877573132515,0.0023966431617736816,0.0,0.029124515131115917,-0.0831216499209404,-4.795295353687834e-06,0.012970277108252048,-0.0034848202485591173,-0.02387504279613495,0.04903290793299674,0.014108609408140182,-0.006575420498847961,-0.06476283073425293,-0.0044244728051126,0.0005094006191939116,0.06843147426843643,0.0849342867732048,0.01905977539718151,-0.004367831163108349,-0.029699413105845448,-0.04964444041252136,0.014943169429898262,0.07330887019634247,-0.023951454088091847,-0.0726914256811142,-0.09563383460044861,0.0038444206584244967,-0.021499957889318463,-0.014324549585580824,-0.03623637184500694,0.02593688666820526,-0.016539135947823524,-0.05029333010315895,-0.08780687302350998,-0.03672816604375839,0.014753617346286772,-0.0709759071469307,0.06610390543937683,0.0386631116271019,0.01661943830549717,-0.01326276920735836,0.03705213218927384,-0.0025090419221669436,-0.03580962494015694,-0.031575027853250504,-0.018921995535492897,-0.08482906222343443,0.020902249962091442,0.0667957216501236,-6.627152470173314e-05,-0.0559091717004776,-0.06375144422054291,0.015225019305944443,-0.04467469081282616,-0.036105267703533166,0.0971115306019783,0.04063770174980164,-0.08049815148115158,-0.057965129613876336,-0.007141586858779192,-0.014892716892063616,-0.01584285870194435,-0.06792003661394119,0.021149365231394768,-0.02599756419658661,-0.004463996738195419,0.0134428134188056,-0.041443292051553726,0.0016251791967079043,-0.07799754291772841,0.06285589188337326,-0.031132174655795097,0.02591048553586006,0.006349070463329554,0.05515298619866371,0.035283684730529785,-0.04499760270118713,-0.0477842316031456,0.02801418676972389,-0.0599859394133091,0.05795987695455551,-0.010833417065441608,-0.0019750974606722598,-0.030526429414749146,-0.04011555761098862,0.013400196097791193,-0.01777285896241665,-0.038716424256563194,-0.05308234691619873,8.279857866000384e-05,-0.04293632507324218,0.035780493170022964
-0.004943522624671459,-0.029392784461379048,-0.05894103646278381,0.08134807646274567,-0.06175457313656807,0.08561775088310242,-0.08785671740770341,0.028900038450956345,-0.03337536007165909,-0.03730762377381325,0.029124515131115917,0.0,-0.040781330317258835,0.07144499570131302,-0.09259572625160216,0.013982978649437428,-0.04680923372507095,-0.008283762261271475,0.07352085411548615,0.002149625215679407,0.0005201052408665419,0.04727859050035477,0.01637512445449829,0.05911795794963837,-0.030045222491025925,0.035263314843177795,-0.07444380223751068,0.020550526678562164,-0.04482167214155197,0.09884719550609587,-4.177326263743453e-05,0.07573022693395615,0.05530158430337906,0.009680277667939665,-0.08355601876974106,-0.015892311930656433,-0.015948204323649406,-0.009101501666009426,-0.10188326984643936,-8.134741074172781e-05,-0.038967959582805634,-0.0202840194106102,0.004697930999100208,-0.07289542257785797,0.019987113773822784,-0.0009555640281178056,0.00951680727303028,0.031404707580804825,0.04018271341919898,-0.015740621834993362,-0.04243256896734238,-0.06488057971000671,0.00280142854899168,-0.00688533391803503,0.012359164655208588,-0.0305034089833498,-0.060979213565588,-0.04410921409726143,0.025323109701275826,0.03880605474114417,0.0735354945063591,0.02363056875765324,0.05232713744044304,-0.105869360268116,-0.06065519899129868,-0.07517310231924057,-0.006384967360645533,-0.0806039944291115,0.029548969119787216,0.020905248820781708,-0.003852046560496092,-0.04859478771686553,-0.05247680097818375,-0.015030611306428908,0.08488940447568893,-0.0013870211550965903,0.043085683137178414,-0.05756247416138649,0.014271287247538567,-0.10908997803926468,-0.046687081456184394,-0.05782191827893257,0.040449243038892746,-0.03905903920531273,-0.00617096619680524,-0.040046129375696175,-0.008724542334675789,0.007754959166049956,-0.06902981549501419,0.07513845711946486,-0.04093825444579125,-0.0142152551561594,-0.0026558306999504566,-0.05935529246926308,-0.0012702931417152283,0.08627706766128541,0.03521294891834259,-9.118934394791721e-05,-0.02300422079861164,0.018218368291854855
-0.0005131521611474454,-0.012817484326660631,-0.06323261559009552,0.03447331488132477,-0.0012952391989529133,-0.02377694845199585,0.11027613282203674,0.0071951490826904765,0.012794030830264091,-0.0593547448515892,-0.0831216499209404,-0.040781330317258835,0.0,-0.038221854716539376,-0.005824272055178881,-0.07696198672056198,-0.005642005708068608,0.08918700367212294,-0.07146468758583069,-0.08450332283973692,-0.021672599017620087,0.051613088697195046,0.00307028042152524,0.08985087275505067,0.008784961886703968,0.020107707008719444,0.1466776132583618,-0.07668343186378479,-0.023131735622882843,0.048885926604270935,0.0748480185866356,-0.030985360965132717,-0.02243717201054096,-0.07265732437372206,-0.08211749792098999,-0.04014100506901741,-0.05629495531320572,-0.04327275604009628,-0.05662335082888603,-0.0057461722753942,0.04702715575695038,-0.03688394278287888,-0.00016755804244894534,0.02403791807591915,-0.0053580994717776775,-0.019049592316150665,-0.0383787378668785,-0.02802116610109806,0.0026182467117905617,0.06993075460195541,-0.001650236314162612,0.03331487998366356,-0.06368272006511688,-0.03198470920324325,-0.0003227845299988985,-0.01660829223692417,-0.000983153353445232,-0.03151777386665344,-0.01021158881485462,0.0074096331372857085,0.06112511083483696,0.025080982595682144,0.024898547679185867,-0.0315915048122406,-0.011059544049203396,-0.08480557799339294,-0.03437839820981026,0.012397150509059427,0.022200696170330048,-0.059179771691560745,-0.03865137696266174,-0.05304843559861183,-0.002935144118964672,-0.026500228792428967,-0.020144876092672348,0.01648649387061596,0.0716778039932251,-0.0637468695640564,0.016493186354637146,0.05951511487364769,0.007645299658179283,-0.005684236530214548,0.09189631044864655,-0.038300544023513794,-0.0364864245057106,-0.023865373805165287,0.002515585394576192,-0.0066623794846236714,0.03840902075171471,-0.001215512747876346,-0.0032244711183011527,-0.024913398548960686,0.02214932255446911,0.0001869935949798673,-0.05950741097331047,-0.02937962114810944,-0.06836311519145966,0.07545413076877595,-0.027882477268576625,-0.054232485592365265
-0.0052735167555511,0.05146665126085281,0.03320909291505813,2.8465705327107568e-05,-0.05010862648487091,-0.08630666881799699,-0.043217699974775314,-0.041799619793891914,0.009899512864649296,-0.052155297249555595,-4.795295353687834e-06,0.07144499570131302,-0.038221854716539376,0.0,-0.02235603891313076,-0.0006266828277148305,-0.021037647500634197,0.00523458793759346,-0.013676691800355911,-0.040834903717041016,0.039958465844392776,-0.03760439530014992,-0.00010524589742999524,-0.02036948688328266,-0.053578149527311325,-0.05049336701631545,2.901002335420344e-05,0.036094300448894494,0.027654286473989487,0.002760774688795209,0.05745593458414078,0.10346775501966476,-0.046662487089633935,0.03965995833277702,0.017242219299077988,-0.04459753632545471,-0.055001430213451385,7.407334487652406e-05,-0.1155206188559532,-0.05549513176083565,0.022891264408826828,-0.06509186327457428,-0.06123092398047447,-3.340061812195927e-05,0.05968398228287697,-5.1918857934651896e-05,0.03204506263136864,-0.0791913792490959,-0.009043313562870024,0.045667614787817,-0.04086312279105186,-0.033162545412778854,-0.031350720673799515,-3.255401679780334e-05,0.0971178337931633,-0.07925131916999818,-0.050359446555376046,0.009453201666474342,0.025538237765431404,-0.0005136143299750984,-0.002804290968924761,-0.002392842900007963,0.05543281883001328,0.046085629612207406,0.05467037111520767,0.034800611436367035,-0.09334584325551985,-0.04178819060325623,-0.05007147416472434,-0.12016548216342926,0.041121792048215866,0.0347919724881649,0.1612878441810608,-0.02510898560285568,-0.0529526136815548,0.013594451360404491,-0.007383128628134727,7.579258090117946e-05,-0.06846163421869278,-0.09303728491067886,-0.0520501583814621,-0.021858036518096924,-0.05112916976213455,0.11518675833940505,-0.08865138888359068,0.03820699453353882,0.033404234796762466,-0.002299573738127947,0.0884636342525482,0.006256637629121542,0.016282090917229652,-0.0071851364336907855,0.016009319573640823,0.05137085914611816,0.04131852835416794,0.0884469896554947,-0.03952552750706673,-0.05693145096302032,0.033610664308071136,-0.09093876183032988
-0.007975976914167404,0.03683268278837204,-0.07566135376691818,-0.04908544942736626,-0.0880623608827591,-0.03673942759633064,-3.397998443688265e-05,-0.06169961765408516,-0.006951458286494017,-0.01404024101793766,0.012970277108252048,-0.09259572625160216,-0.005824272055178881,-0.02235603891313076,0.0,0.0027978334110230207,0.04812085255980492,-0.07807043194770814,0.03888074308633804,0.02968066558241844,-0.053245928138494485,0.09738895297050477,0.014216543175280094,0.0911805182695389,-0.0014647745992988348,-0.02694441378116608,0.05755545198917389,-0.08854047954082489,0.02029728889465332,-1.7732338164933022e-05,-0.009959160350263119,-0.000515212130267173,0.0006471192464232445,0.0086158886551857,0.035353850573301315,-0.0006290051969699562,0.007512150797992944,0.025259584188461304,-0.03177084401249885,-0.14067906141281128,-0.046901192516088486,-0.006828450132161378,-0.05322878062725067,-0.08382530510425566,0.03896084427833557,0.13373591005802155,-0.000973500544205308,-0.0603620670735836,-0.0014146311441436408,-0.1027671992778778,-0.021608661860227585,-0.002105016261339188,-0.004493976011872292,-0.0075312270782887936,-0.010294537991285324,0.06097026914358139,0.08815798163414001,0.011914902366697788,-0.06541579961776733,0.024562655016779896,0.05193600431084633,-0.0043957955203950405,0.018891701474785805,-0.04185869172215462,0.07174091786146164,0.13132686913013458,-0.028796536847949028,0.04006395861506462,-0.020005473867058757,0.015561909414827824,-9.727403084980325e-05,-0.08357243984937668,-0.0956767126917839,-0.02014700137078762,-0.02396550588309765,0.05366843193769455,-0.020021384581923485,0.0010078306077048182,-0.044838767498731606,-0.005736391060054302,-0.02893300727009773,-0.0006054274854250252,0.006516006775200367,0.012598887085914612,-0.05227366089820862,-0.041048318147659295,-0.06523992121219635,-0.01707726903259754,-0.0413500890135765,-0.09417219460010529,-0.04564031586050987,-0.06899967789649963,0.08345357328653334,0.022585518658161163,-0.0011584486346691847,0.1303207278251648,-0.006422641221433878,0.10160348564386368,0.002290784614160657,0.02101653255522251
0.047357477247715,0.073842853307724,0.011137044988572596,-0.05255958437919617,-0.00868469290435314,-0.06744885444641113,0.027067193761467934,0.15662814676761627,-0.04096906259655952,-0.00429553585126996,-0.0034848202485591173,0.013982978649437428,-0.07696198672056198,-0.0006266828277148305,0.0027978334110230207,0.0,6.423597369575873e-05,0.03579787537455559,-0.032683569937944405,0.04627175256609917,-0.009419984184205532,0.050999123603105545,-0.02922213263809681,0.07327822595834733,0.051521480083465576,-0.08018097281455994,0.08165478706359862,3.1004597985884175e-05,-0.06005309894680977,-0.03511332347989082,-0.12246971577405928,-0.06518307328224182,0.0793248638510704,0.015062307007610796,-0.042948253452777856,0.009944822639226912,0.015354898758232592,0.06437962502241135,-0.0599348321557045,0.07167171686887741,-0.10824130475521088,0.013510996475815771,-0.03013669885694981,-0.001566335209645331,0.08050312846899033,2.3712036636425186e-05,0.03195435553789139,-0.08149444311857222,-0.0562574490904808,0.03741670772433281,0.04884395748376846,0.09208576381206512,-0.08477229624986649,-0.01069263368844986,-0.037258438766002655,-0.06253411620855331,-0.013636214658617972,-0.03754507377743721,-0.07837656885385513,7.995307532837614e-05,-0.024579092860221863,-0.0006603162619285284,0.03942758962512016,0.0070839524269104,-0.055423393845558167,-5.6576063798274845e-05,0.0017350779380649328,0.030507393181324005,0.07084193080663681,-0.1344369798898697,-0.03715069591999053,0.03803980723023415,-0.04986141249537468,-0.039587467908859246,-0.008496804162859917,-0.003854262642562389,0.06727656722068787,-0.032224692404270165,0.0997902974486351,0.01538476813584566,-0.0438820980489254,0.0009687594720162451,-0.01720159873366356,-0.044795818626880646,-0.0851956009864807,0.05470660328865051,-0.026851115748286247,-0.0005370132275857031,-0.0031909241806715727,-0.09630388766527177,0.038359478116035454,-0.03942132741212845,-0.04154463112354279,-0.04156757146120072,-2.86896920442814e-05,0.021098850294947624,0.03176869451999664,-0.08617515861988068,0.04579734802246094,-0.015470442362129688
-0.0390007272362709,0.03659946843981743,-0.03500755876302719,0.005470355972647666,-0.02208272740244865,0.044312190264463425,-0.017084211111068726,0.05653535574674606,-0.030431503430008888,0.018821150064468384,-0.02387504279613495,-0.04680923372507095,-0.005642005708068608,-0.021037647500634197,0.04812085255980492,6.423597369575873e-05,0.0,-3.676254709716886e-05,0.04098498821258545,-0.030518820509314537,0.0484633669257164,-0.1207311525940895,0.05823774263262749,-0.02455726638436317,-0.009446265175938606,0.012416811659932137,-0.04703410342335701,-0.002807399956509471,-0.010845450684428217,-0.015891123563051224,0.05560703203082085,-0.001914213760755956,-0.0476599782705307,0.013023802079260348,0.10755536705255508,-0.03930474072694778,0.06412594765424728,-0.08262983709573746,-0.0012765240389853716,0.05288656800985336,0.10345329344272612,0.0025931529235094786,-0.022930383682250977,-0.08955705910921098,-0.05110936239361763,8.415261254413053e-05,-0.04675892740488052,-0.057406991720199585,-0.05748174339532852,-0.0132494093850255,0.06370672583580017,-0.05408068001270294,0.016918489709496498,0.05856386572122574,-0.03685983270406723,-0.06626937538385391,-0.0009657510672695935,-0.05022255331277847,-0.023304680362343788,-0.02365516684949398,0.028282681480050087,0.01847528107464313,-0.01620723307132721,-0.00048501306446269155,-0.03282460197806358,0.0014805487589910626,0.10885662585496902,-0.039424080401659005,-0.0597233735024929,-0.02539452165365219,-0.06581853330135345,0.05607285723090172,-0.10156970471143723,-0.0017164647579193115,-0.030470028519630432,2.8460586690925996e-05,0.03928690776228905,-0.0491051971912384,0.04077385738492012,0.012142764404416084,-0.032310377806425095,-0.08076232671737671,-0.026907566934823986,-4.7475696192123e-05,-0.061279132962226875,0.026204049587249756,-0.019502848386764526,-0.052468881011009216,0.05086438357830048,0.013452881947159767,-0.0963241010904312,-0.007014796603471041,0.00023218369460664687,0.10306193679571152,-0.03268942236900329,9.712040082376916e-06,-0.016827454790472984,0.021676676347851757,0.019183997064828873,-0.07091102749109268
0.01861364766955376,0.061013855040073395,0.0075921681709587565,-0.003371082479134202,-0.0011748546967282891,-0.016042195260524746,-0.0051799099892377845,0.03094447031617165,0.045259233564138406,0.08868405222892761,0.04903290793299674,-0.008283762261271475,0.08918700367212294,0.00523458793759346,-0.07807043194770814,0.03579787537455559,-3.676254709716886e-05,0.0,0.06442883610725403,0.05188607424497604,-0.03332727402448654,-0.0229142252355814,0.0006780379335395992,-3.165215275657829e-06,0.0021502503659576178,-0.02270597033202648,-0.01988350786268711,-0.06921764463186264,-0.0226786769926548,-0.038410428911447525,-0.05046839639544487,0.00746408523991704,-0.046582356095314026,0.13981580734252927,5.4066099437477524e-06,0.004674364812672137,-0.021378327161073685,-0.028843430802226063,0.03773155808448792,-0.043546326458454125,-0.10166970640420912,-0.05794335901737213,0.015183866955339909,0.0030171445105224848,-0.04151134938001633,0.06078652292490005,-0.10187505185604095,0.023203484714031216,-0.0027559567242860794,-0.017253898084163662,0.019174389541149136,-0.07423457503318785,-0.05049983412027359,-0.028837792575359344,-0.08772427588701248,0.027272086590528488,-0.015522288158535956,-0.07091332972049713,0.02027202397584915,-0.010416796430945396,-0.008809596300125122,-0.0006178521434776485,-0.09521738439798355,0.02319733798503876,-0.05761799961328506,0.00039460076368413866,-0.04460192471742631,-0.02790562994778156,-0.0386633574962616,0.02326323091983795,0.06402520090341568,0.10541219264268877,0.06622735410928726,0.030827460810542103,-0.041967526078224175,-0.05158808454871178,-0.01668410934507847,-2.1995449060341343e-05,-0.02447999082505703,-0.121038056910038,-0.07230915129184723,-0.027038132771849632,-0.025613442063331604,-0.11645104736089706,0.01015591248869896,-0.030110232532024384,0.0015180137706920505,0.014719934202730656,-0.10951974242925644,0.003334979759529233,0.1170746088027954,-0.00322721223346889,-0.004802880343049765,-0.08459309488534926,0.003527534892782569,0.03816802427172661,-0.015190549194812775,0.06951446086168289,-0.06580289453268051,0.01548703759908676
