0,1,2,3,4,5,6,7,8,9,10,11,12,13,14,15,16,17,18,19,20,21,22,23,24,25,26,27,28,29,30,31,32,33,34,35,36,37,38,39,40,41,42,43,44,45,46,47,48,49,50,51,52,53,54,55,56,57,58,59,60,61,62,63,64,65,66,67,68,69,70,71,72,73,74,75,76,77,78,79,80,81,82,83,84,85,86,87,88,89,90,91,92,93,94,95,96,97,98,99
0.0,-0.043516289442777634,0.08216124027967453,0.008498479612171652,0.011655118316411972,0.04068878293037415,0.03117343969643116,0.03344906121492386,0.02984985150396824,-0.0026712215039879084,-0.05463365837931633,0.05285117030143738,-0.0005464943242259324,0.01337900012731552,-0.055739715695381165,-0.037134602665901184,-0.0008904322749003768,-0.05819885060191154,-0.011249776929616928,-0.023368977010250088,0.03156357258558273,-0.059285007417202,0.012301296927034853,0.03220926225185394,-0.07917921990156172,-0.026023034006357193,0.08168919384479521,0.029557397589087486,-0.02550059929490089,-0.0420280247926712,-0.015955770388245583,-0.006287694908678532,0.05483365431427956,0.04731990024447441,0.02875996381044388,0.03300601989030838,0.01466049626469612,-0.08533708751201628,0.016845032572746277,-0.04303144663572312,-0.08028538525104521,0.01383695751428604,-0.03302384540438652,0.03920267149806023,0.04576876014471054,0.045747864991426475,-0.03412608429789543,-0.05261752754449844,-0.036716632544994354,0.041323769837617874,0.01839100010693073,1.1970263585681096e-05,-0.1010465621948242,-0.032955825328826904,-0.13972818851470947,-0.03631454333662986,0.05385074391961098,-0.09294927865266801,5.154339760338189e-06,0.033830951899290085,-0.04121620953083038,-0.060553845018148415,-0.040399491786956794,-0.017779339104890823,-0.04596859216690064,0.01030200719833374,0.03704513609409332,-0.09741493314504623,-4.1092309402301914e-05,-0.0310945026576519,0.04431524872779846,0.02110867388546467,-0.01716333068907261,-0.0028173243626952167,0.0033819025848060846,-0.1222400739789009,-0.025188086554408077,-2.7010739358956926e-05,-0.03899724036455154,0.1325649619102478,0.06890621036291121,-0.003237763652577996,-0.01617879420518875,4.754380643134937e-05,-0.13615550100803375,-0.00356753496453166,0.055211249738931656,-0.0002277268940815702,0.02462521567940712,-0.08655872195959091,0.02800565585494041,-2.062944622593932e-05,0.018053920939564705,0.05361092835664749,-0.039802148938179016,-0.020479802042245865,-0.032699618488550186,0.036975275725126266,0.052275881171226495,-0.12621690332889557
-0.043516289442777634,0.0,0.09792237728834152,0.031477730721235275,0.005177650600671768,-0.10839614272117613,0.021708864718675613,0.008889482356607916,-0.02114114724099636,0.07350852340459822,-0.10433319956064224,-0.06464596837759018,-0.04285401478409767,-0.013365203514695168,0.0012911021476611495,-0.09525033086538313,-0.033943045884370804,-0.025717098265886303,0.0227305069565773,-0.05121605843305588,0.011740289628505707,0.00276982132345438,-0.02315961755812168,-0.06288809329271317,-0.04617894440889359,0.07220271229743956,-0.013052242808043957,-7.459915423169151e-07,-0.047395069152116776,-0.048158805817365646,-0.045105334371328354,0.08199497312307356,0.04134009033441544,-0.04198387265205383,-0.03899673372507095,0.04770472645759583,-0.05817241221666336,-0.0538143366575241,-0.03645453974604607,0.0011568982154130936,-0.008741430006921291,0.0929172933101654,0.031061667948961254,-0.028893833979964256,-1.296180471399566e-05,-0.01089512836188078,0.006034090649336576,0.02231115475296974,-0.03089488483965397,-0.046607013791799545,-0.045481380075216286,0.06613273173570633,-0.039860766381025314,0.06320079416036606,0.018362943083047863,0.08229506760835646,-0.03142022714018822,0.011253846809267996,-0.06024733185768128,0.02527135983109474,0.02493142895400524,0.019766207784414288,0.00010518338967813178,0.03087611496448517,-0.06192324310541153,-0.07882494479417802,0.07810873538255692,0.029819067567586895,-0.02307615242898464,0.024871645495295525,-0.04313641041517258,0.06605575233697891,0.027685353532433506,-0.0339018888771534,-0.009810873307287693,0.008034146390855312,0.037933990359306335,0.013568134047091007,-0.05290772393345833,-0.0019268323667347431,-0.009687380865216255,0.007164821960031985,0.06349539011716843,-0.06879560649394989,-0.03608005493879318,-0.08443593978881837,0.03535565361380577,-7.2360139711236116e-06,-0.06804582476615906,-0.0627899318933487,-0.07265323400497437,-0.10214967280626296,0.06946320086717606,0.005969925783574581,-0.03696510195732117,0.02008257992565632,-0.03606496006250381,0.04024556651711464,0.022391043603420258,-0.02271923795342445
0.08216124027967453,0.09792237728834152,0.0,0.04252059757709503,-0.009929393418133257,0.11138873547315596,-0.03002500720322132,-0.04929664358496665,0.01332294475287199,-0.03115370869636536,0.11441370099782944,0.000309926486806944,0.022259501740336415,-0.06560742110013962,0.02152824588119984,0.058531586080789566,-0.007883072830736637,-0.0016683910507708788,0.012916489504277706,-0.006377109326422215,-0.052378401160240166,-0.1088058426976204,-0.0410773791372776,0.022317998111248016,0.04181954637169837,-0.043884191662073135,-0.002697895048186183,-0.008636896498501299,-0.0032995946239680047,-0.04837748035788536,-0.0028769809287041426,-0.0519588366150856,0.06003379076719284,-0.017905406653881073,-0.0561484768986702,-0.04321477934718132,0.004731382708996534,-0.09114447981119156,-0.047463733702898026,0.034470949321985245,0.02561654709279537,0.0012741651153191924,-0.04728737846016884,-0.03969069197773933,-0.04538266733288765,-3.393128508832888e-06,0.022121835500001907,-0.04322922974824905,-0.0026574775110930204,0.007474668323993683,-0.08800949901342392,-0.07961747795343399,3.078150257351808e-05,-0.07237400114536285,0.0007780985324643552,-0.11453508585691452,0.03547682985663414,0.025407027453184128,3.825313615379855e-05,-0.08366116136312483,-0.012330004014074802,-0.006242851261049509,-0.0008592770900577306,0.04490933567285538,-0.007700508926063776,0.026457179337739944,-0.06276518851518631,0.053642246872186654,-0.015607193112373352,-0.06563133746385574,-0.062269069254398346,0.12727792561054227,0.023327287286520004,-0.05619310587644577,0.004320597741752863,-0.05010159686207771,-0.017914239317178726,0.004926771391183138,0.014676272869110107,0.032146062701940536,-0.08440448343753815,0.009017677977681162,-0.0052769104950129994,0.022521927952766415,0.10599264502525328,-0.08006023615598679,-0.027297608554363247,-0.02097029983997345,-0.04887298122048377,0.08640230447053909,-0.0051220767199993125,0.02472579479217529,-0.07001098990440369,-0.02895520254969597,0.02508684433996677,-0.08278196305036543,-0.024224746972322464,-0.03699491545557976,0.0006790626794099808,0.06711243093013763
0.008498479612171652,0.031477730721235275,0.04252059757709503,0.0,0.036702655255794525,-0.0010602185502648351,-0.02589373849332333,-0.010964362882077692,-0.008857321925461292,0.02369586564600468,0.027461320161819455,-0.05797179043292999,0.013470946811139584,0.02716529555618763,-0.000862788176164031,0.002752951579168439,0.02460106089711189,0.02084875851869583,-0.04890029132366181,-0.0362173430621624,-0.06885441392660141,0.038149651139974594,0.05294092372059822,-0.042386125773191445,1.0775084774650168e-05,-0.041847988963127136,-0.02611440420150757,-0.06309197098016739,-0.02301817573606968,0.048288021236658096,-0.045854486525058746,-0.05971464514732361,-0.05076157301664352,0.005259774159640074,-0.04337361454963684,-0.00628535682335496,0.001078084227629006,0.01954553835093975,0.01224180031567812,-0.023333406075835228,0.03045509196817875,-0.02732221223413944,0.024416618049144745,-0.012160589918494225,-0.0653754398226738,-0.018071411177515984,-0.029632324352860447,-0.030958063900470734,-0.01580703817307949,0.029186200350522995,-0.0013210524339228868,0.002276569837704301,0.019370248541235924,-0.029931360855698586,-0.04990924894809722,-0.022507626563310623,-0.030426109209656715,-0.04720026254653931,-0.046222835779190063,-0.07282029092311859,0.0107581689953804,-0.016487231478095055,-0.02920079603791237,-0.04225792363286018,0.032451339066028595,-0.026739804074168205,-0.04948899894952775,0.023002190515398976,-0.016885539516806602,0.011275408789515495,0.034067876636981964,-0.06119458004832268,-0.05212271213531494,0.0671079158782959,-0.0010907176183536649,-0.013943523168563843,0.023068834096193317,-0.05230526626110077,0.024458240717649456,-0.039096489548683167,-0.0449787825345993,-0.014252248220145702,0.05841715633869171,0.030744846910238263,-0.03144054487347603,0.034315597265958786,0.010842523537576199,-0.06092382594943047,-0.036445774137973785,-0.0275405365973711,0.02042817510664463,0.03905471786856651,-0.03577614575624466,0.007087467238306999,-0.0126615222543478,0.0061602480709552765,0.01661408692598343,-0.013215277343988419,0.0019119755597785115,-0.04355888068675994
0.011655118316411972,0.005177650600671768,-0.009929393418133257,0.036702655255794525,0.0,0.030376752838492397,-0.02900899574160576,-0.0189198050647974,-0.0539465919137001,-0.07368181645870207,0.01953602209687233,0.006685625296086073,-0.024977076798677444,-0.005170615389943122,-0.010502269491553307,0.019897637888789177,-0.1054203063249588,-0.042392291128635406,0.02471826039254665,0.060885068029165275,0.009889109991490841,-0.06897488981485367,-0.037870921194553375,0.0508907325565815,0.0186182614415884,-0.024129308760166168,-0.00216471147723496,0.05179619789123535,-0.046135623008012765,-0.015259500592947006,-0.03539784997701645,-0.0028870019596070047,-0.056660063564777374,0.017434390261769295,-0.0014156503602862358,-0.03697005659341812,-0.03005971945822239,-0.00279220356605947,0.0073683871887624255,-0.003037403337657452,-0.05267513170838356,-0.002647643210366368,-0.04748975113034248,-0.0427061952650547,-0.0037519417237490416,0.03326128050684929,-0.012889184989035128,0.03277024254202843,0.008975518867373465,-0.029293378815054893,-0.005969639867544174,-0.04925242066383362,-0.003862297860905528,0.00316614075563848,0.059298016130924225,-0.003427747869864106,-0.010344232432544231,0.0367215983569622,0.018064454197883602,0.0716533288359642,-0.048498060554265976,-0.03343997523188591,-0.00459364429116249,0.030672693625092503,-0.003956727217882872,0.02740548923611641,-0.04231523722410201,0.012556630186736584,-0.022932156920433044,0.006952107418328524,-0.0944902002811432,-0.00566617539152503,-0.07828327268362045,-0.012912099249660969,-0.006176169496029616,0.02685648202896118,0.004064634442329408,-0.02105475775897503,0.01001165248453617,-0.06409338116645813,0.00035361593472771347,-0.03880181163549423,-0.0432414785027504,-0.025807145982980728,0.003500905353575945,0.021831437945365902,0.031184745952486992,-0.009238629601895807,-0.0019758087582886215,0.009125526994466782,0.03532097116112709,-0.040494758635759354,-0.026825694367289543,-0.0545676127076149,-0.04335091263055801,0.0035266822669655085,-0.03429863601922989,0.0018404092406854036,-0.033437956124544144,0.0033440948463976383
0.04068878293037415,-0.10839614272117613,0.11138873547315596,-0.0010602185502648351,0.030376752838492397,0.0,0.010603584349155426,-0.06029590964317322,0.02978241629898548,-0.036137361079454415,0.005559296347200871,-0.041508138179779046,0.0013961060903966427,0.02477296069264412,-0.015917224809527397,-0.03913604840636253,0.027874078601598736,-0.024128731340169903,-0.0780116990208626,0.04114500060677528,0.041531100869178765,0.016392631456255913,-3.184202796546742e-05,-0.04918935522437096,-0.027597825974226,0.00011449630983406676,-0.08320396393537521,0.00021451160137075928,0.01436773594468832,0.013941537588834763,-0.012473155744373798,-0.03997190669178963,-0.0034004165790975094,-0.03705759346485138,-0.0007382462499663234,0.0046709966845810405,-0.036578219383955,0.038789261132478714,0.004205774050205946,-0.046215370297431946,0.026124268770217892,-0.015658551827073097,0.0172197837382555,-0.00027941056760028005,-0.05062063783407211,-0.06711103022098541,-0.10835196822881699,-0.016349993646144867,-0.010792020708322523,-0.06681357324123383,-0.10137512534856796,0.07481104135513306,-0.07676699757575987,0.06973626464605331,0.08143512159585951,0.07644858956336974,-0.026443276554346085,-0.03041745536029339,0.07560712844133377,0.01471369806677103,0.008528392761945724,-0.04200375452637672,-0.021080851554870605,-0.07539165765047073,-0.029048599302768707,0.01978868991136551,0.03738915920257568,0.006413243245333433,0.005452655255794525,-0.018725795671343803,-0.04023255780339241,-0.0038110988680273294,-0.09893115609884262,0.014446442946791649,-0.04092857986688614,-0.005895499605685472,-0.02908952720463276,0.1011904627084732,-0.0010824400233104825,0.008854458108544348,-0.048432093113660805,-0.03928559273481369,0.018781952559947968,-0.027302317321300503,0.005929338280111551,-0.0010063059162348509,-0.04686808213591576,0.09941568970680237,-0.03820554167032242,-0.06563840806484222,-0.08158825337886809,0.010403535328805447,-0.08107494562864302,-0.04183747246861458,0.06045239046216011,0.05029763281345368,0.014387286268174648,0.07788068056106566,-0.045474514365196235,0.056954585015773766
0.03117343969643116,0.021708864718675613,-0.03002500720322132,-0.02589373849332333,-0.02900899574160576,0.010603584349155426,0.0,0.05860629305243492,0.03495172783732414,-0.017068900167942047,0.028421394526958466,-0.04603721946477889,-0.0012693428434431553,-0.005207923706620932,0.004309744108468294,0.03639853373169898,-0.012726412154734135,-0.05212393030524254,0.05301572382450104,-0.0053177583031356335,-0.023127414286136627,0.04226056113839149,-0.04267629608511925,-0.04507170617580414,0.022816127166152,-0.01313379406929016,-0.00964557006955147,-0.05373468995094299,-0.08084557950496674,-0.01140558999031782,0.05867615714669228,0.007829430513083935,-0.11958901584148406,-0.0027294191531836982,0.006483704783022404,-0.025026416406035423,-0.018520809710025787,-0.0399753525853157,0.008231114596128462,0.010165326297283173,0.00957685336470604,0.03423681482672691,-0.03660352900624275,-0.04934150353074074,-0.02357768267393112,-0.054258011281490326,0.04386206716299057,0.053148236125707626,-0.009412157349288464,0.03336242213845253,-0.03711793944239616,-0.01187699008733034,0.0775342807173729,-0.011678575538098812,-0.038753170520067215,0.025892304256558415,-0.04582218825817108,-0.04528483375906944,-0.06152346357703209,0.006577925756573677,-0.045894000679254525,-0.00661561731249094,-0.05372671037912369,-0.04288425296545029,-0.012754227966070175,0.002639324637129903,-0.026054639369249344,-0.06433708220720291,-0.047703862190246575,-0.02942889742553234,0.0017069346504285932,-0.007039169780910015,0.04874674603343009,0.013630756177008152,0.012753636576235294,-0.011064271442592144,0.01112208142876625,0.01335898507386446,-0.013138395734131336,-0.008363121189177036,0.02338564209640026,-0.022066272795200348,-0.07200519740581512,0.009495252743363379,-0.01504835858941078,0.025474190711975098,0.006507805082947016,0.002691711997613311,-0.011409295722842216,0.005479773972183466,-0.0435246005654335,-0.025775840505957603,-0.03405863419175148,-0.03805128112435341,-0.034202251583337784,0.01147825177758932,-0.014865773729979992,-0.02790590189397335,-0.023733166977763172,0.01178877055644989
0.03344906121492386,0.008889482356607916,-0.04929664358496665,-0.010964362882077692,-0.0189198050647974,-0.06029590964317322,0.05860629305243492,0.0,0.032511524856090546,0.027135711163282394,-0.07045476883649826,0.02589123137295246,-0.12762916088104248,-0.034794509410858154,0.002556269522756338,-0.03493766859173775,0.045175809413194656,0.10312838852405548,-0.011600311845541,0.015965759754180908,-0.057461854070425034,-0.007486703805625439,0.04329453036189079,-0.03855844959616661,-0.03362054377794266,0.016406089067459106,-0.04671002924442291,-0.03858092799782753,0.13027141988277435,0.0022097728215157986,-0.01902064308524132,0.030738316476345066,0.06834478676319121,-0.04531766101717949,0.032680712640285485,-0.0064538028091192245,-0.009396203793585299,0.013845583423972128,-0.02399205416440964,-0.016193924471735954,-0.052426096051931374,-0.03374141454696655,-0.03195242956280708,0.05422893539071083,0.04757330939173698,-0.034909773617982864,0.03235745429992676,-0.07974299043416977,-0.010352531448006628,-0.06964467465877533,0.022189045324921608,-0.011116311885416508,-0.05751011520624161,-0.0179898738861084,-0.016199249774217606,-0.04192676022648811,0.07764396071434021,-0.017736749723553658,0.0676066130399704,0.04075081273913384,-0.06930192559957504,0.06412607431411743,-0.005431774538010359,-0.0439676009118557,0.01708754524588585,0.0011076440569013355,-0.014470767229795456,-0.03184947371482849,-0.0207156203687191,0.026860702782869336,-0.011494881473481657,-0.0999392196536064,-0.04717223718762398,-0.05552510917186737,0.0032110586762428284,0.01380469650030136,0.015662964433431625,0.003460584906861186,-0.08079541474580765,-0.07628212869167328,-0.049099937081336975,-0.017404308542609215,-0.004750266671180725,-0.0007927076658234,-0.03784772008657456,-0.030945345759391785,-0.031157005578279492,0.002342852298170328,0.04298209398984909,0.03318816423416138,-0.03245501592755318,-0.02741691283881664,-0.013482924550771712,-0.030697746202349663,0.01009918563067913,-0.06796194612979889,0.004230496473610401,0.0010413405252620576,-0.03591034933924675,0.035778678953647614
0.02984985150396824,-0.02114114724099636,0.01332294475287199,-0.008857321925461292,-0.0539465919137001,0.02978241629898548,0.03495172783732414,0.032511524856090546,0.0,-0.04459803923964501,-0.03465728089213371,-0.027873277664184567,-0.04570415988564491,0.03890744596719742,-0.005097296554595232,-0.029256751760840412,-0.004201913718134165,0.030215054750442505,-0.0775860622525215,0.00015690807776991275,-0.041314397007226944,0.10313130170106888,-0.05059576034545898,0.0622413232922554,0.023060653358697888,-0.07009339332580566,0.031488008797168725,-2.685886499875778e-07,-0.08973334729671478,-0.1010005474090576,-0.06591121107339859,-0.05982854589819908,-0.0011805442627519367,-0.04103708639740944,0.04101722687482834,-0.03141395002603531,0.0468648336827755,0.015729516744613647,-0.03965445980429649,0.0391119010746479,-0.047418378293514245,-0.04475646838545799,-0.03173809126019478,0.0487438403069973,-0.08514368534088135,0.06644760072231293,-0.05527503788471222,-0.0019855163991451263,0.0036589649971574545,-0.003842500038444996,-0.02181766927242279,0.05335552245378494,-0.09209188818931581,-0.026266148313879967,0.02233630046248436,-0.005838080309331417,-0.11094356328248976,0.12126614153385162,-0.012017435394227505,0.006341130938380957,0.02323783002793789,0.03521789237856865,-0.0026099425740540028,0.02843870967626572,-0.006684360094368458,0.01401184033602476,0.035667311400175095,0.040049001574516296,0.007804421242326498,0.02940099500119686,-0.038694847375154495,-0.03766275942325592,0.060116559267044074,-0.01182611845433712,-0.01553402841091156,0.08217663317918777,-0.05059356987476349,-0.06809725612401962,0.0016682952409610152,0.019698776304721832,0.023353582248091698,-0.0011899108067154884,-0.043019805103540414,-0.043335802853107445,-0.04141892492771149,0.00038480447256006306,-0.03994306176900864,-0.079349085688591,0.011165588162839413,0.006191655062139033,0.0705600306391716,-0.03483578935265541,0.09408754855394365,-0.015631752088665962,-0.06853421777486801,-0.058302171528339386,0.037507381290197365,-0.027867482975125313,-0.018966993317008015,-0.07902854681015015
-0.0026712215039879084,0.07350852340459822,-0.03115370869636536,0.02369586564600468,-0.07368181645870207,-0.036137361079454415,-0.017068900167942047,0.027135711163282394,-0.04459803923964501,0.0,-0.0064201983623206615,0.1642152965068817,-0.0052024549804627895,-0.05839013308286666,0.022246045991778374,-0.06609659641981125,-0.11086979508399963,-2.2894784706295468e-05,0.028197772800922397,0.015986349433660507,0.03972898796200752,-0.009103184565901756,0.032810140401124954,0.021341145038604736,0.05146205797791481,-0.06931344419717789,0.0718340277671814,0.07541020959615707,-0.04815896600484848,2.286489871039521e-05,0.02718818187713623,0.06098467111587525,0.019017782062292096,-0.040535833686590195,-0.03596392646431923,-0.057655181735754006,0.025212960317730904,-0.040216132998466485,0.012114515528082848,-0.031187839806079865,0.02343413047492504,-0.03551916405558586,-0.08626566827297209,0.041937757283449166,-0.023079184815287593,-0.07878082245588303,0.04893003404140472,-0.052230287343263626,0.02665572427213192,-0.000101080811873544,-0.07976207137107849,-0.02773987501859665,0.03027793765068054,0.019383102655410767,0.07946275174617766,0.03655443340539932,-0.09247250109910965,-0.02229982241988182,0.037379126995801926,-0.05172976478934288,-0.06128551065921784,-0.039723750203847885,0.018643489107489582,0.013940622098743916,0.003205503337085247,-0.03995537757873535,0.024997301399707798,3.770539478864521e-05,0.02299073152244091,0.0031630289740860462,0.09629607200622559,-7.716955224168487e-06,-0.1036594733595848,-0.0006809345213696361,-0.051029905676841736,0.0008033558842726051,-0.07234040647745132,-0.05706100910902023,0.021439064294099808,-0.07163415104150772,0.023739857599139214,-0.02077842131257057,-0.06508443504571915,0.00044560193782672286,0.08110164105892181,0.020679039880633358,-0.06423186510801315,0.0018948416691273449,1.1609380635491107e-05,-0.09182473272085187,-0.029980808496475216,0.05318016558885574,0.04801998659968376,0.019030697643756863,-0.041047800332307816,0.03507917746901512,-0.10293212532997131,0.018520843237638477,-0.10839616507291792,-0.018054846674203873
-0.05463365837931633,-0.10433319956064224,0.11441370099782944,0.027461320161819455,0.01953602209687233,0.005559296347200871,0.028421394526958466,-0.07045476883649826,-0.03465728089213371,-0.0064201983623206615,0.0,-0.02057360112667084,0.0459609255194664,0.06908855587244034,-0.015924111008644104,-0.07908524572849274,-0.01105662528425455,2.9399534469121132e-05,0.013010541908442974,0.009606386534869671,-0.11282172799110413,-0.02137342281639576,-0.0437777116894722,-0.05485977977514266,-0.04663665965199471,0.06475008279085159,0.09052438288927078,0.0455549955368042,-2.5975925836974056e-06,-0.0018959306180477145,-0.08604095131158829,-0.010132557712495329,-0.019970472902059555,-0.06341028958559036,0.02842897921800613,-0.03597763925790787,-0.0657503679394722,0.02228023298084736,-0.03077080473303795,-0.03743312880396842,0.01884193532168865,0.041880186647176736,-0.0008287627133540809,0.010164177976548672,0.019388124346733093,-0.06904466450214386,0.027362966910004612,0.01995430514216423,-0.0006704555707983673,-0.05362969264388085,0.07786378264427185,-0.09828717261552809,-0.0074386117048561564,0.035472042858600616,-0.01661221869289875,-0.03298475220799446,0.03728736937046051,0.02798114344477653,-0.03705577179789543,0.05057065933942794,0.015446537174284458,-0.03908764198422432,0.07323289662599564,-0.042478889226913445,-0.04732152819633484,-0.046872567385435104,-0.06474936753511429,0.0027893225196748968,0.04806508123874664,-0.00020300547475926575,0.02363346330821514,-0.039435748010873795,0.023790370672941208,-0.05554734542965889,0.019517913460731503,0.0014527930179610848,-0.055787380784749985,0.0008943752036429941,-0.035363595932722085,-0.054621785879135125,-0.012780605815351008,0.016352860257029533,0.026521146297454837,-0.10918276011943816,-0.058115508407354355,0.0022322344593703742,-0.03664501383900642,-0.020244788378477097,0.027343157678842545,-0.014636462554335594,0.03965672105550765,-0.015715256333351135,0.060456521809101105,0.07631850987672804,0.007887505926191807,0.010031565092504025,-0.14007090032100675,-0.006165479775518178,-0.05422189831733704,0.06536149233579636
0.05285117030143738,-0.06464596837759018,0.000309926486806944,-0.05797179043292999,0.006685625296086073,-0.041508138179779046,-0.04603721946477889,0.02589123137295246,-0.027873277664184567,0.1642152965068817,-0.02057360112667084,0.0,-0.021637972444295883,0.0385393500328064,-0.09780332446098328,0.053836699575185776,0.03773670643568039,0.00014757589087821543,-0.016792483627796173,0.017144951969385147,-0.04441192001104354,0.018834106624126434,0.04213377460837364,-0.062169648706912994,0.06788081675767899,0.0388830192387104,-0.09829506278038026,-0.004105923231691121,-0.11195073276758193,0.023099562153220177,-0.01997058279812336,-0.055939022451639175,-0.03739586099982262,-0.0023685679771006107,-0.03780494257807732,-0.03436797857284546,-0.02628223970532417,-0.00791108328849077,0.0016438359161838887,0.024881672114133835,0.06160499155521393,-0.009343891404569149,0.030472714453935623,-0.01702248677611351,-0.0012944735353812575,0.016303448006510735,-0.14371980726718903,-0.0388847142457962,-0.05229506641626359,0.07499329745769501,0.06797067821025848,-0.007821389473974705,0.0018683227244764569,-0.01606074534356594,0.01487218588590622,0.0297622699290514,-0.061161361634731286,0.01617942564189434,-0.07243115454912186,0.06220148131251335,0.036780674010515206,-0.007556885946542024,0.04012363404035568,-0.015338411554694176,-0.04371584951877593,-0.008867467753589153,-0.04879238829016685,-0.07690121978521347,-0.040369655936956406,-0.03724497929215431,-0.06633418053388596,0.07911152392625807,0.004524247720837593,0.000749982602428645,0.05611870437860489,-0.03746755421161652,0.0448748655617237,0.06214433908462525,-0.10033918172121048,-0.0971875861287117,0.007093543652445078,-0.032243501394987106,0.05024445801973343,-0.035320039838552475,-0.0028954145964235067,0.023337777704000476,-0.003073987085372209,-0.007173541933298111,-0.017404617741703987,0.006095978431403637,0.029181743040680885,-0.05198011919856072,-0.07152987271547318,0.00029294437263160944,-0.02074095606803894,-0.051845941692590714,0.03659027442336082,-0.038491442799568176,0.040613338351249695,0.006331488490104675
-0.0005464943242259324,-0.04285401478409767,0.022259501740336415,0.013470946811139584,-0.024977076798677444,0.0013961060903966427,-0.0012693428434431553,-0.12762916088104248,-0.04570415988564491,-0.0052024549804627895,0.0459609255194664,-0.021637972444295883,0.0,-0.027737027034163475,0.034588608890771866,-0.023357380181550976,0.08234950900077821,0.13105720281600952,-0.04097620397806168,0.019158275797963142,0.005585572216659784,0.018838662654161453,-0.04371099919080734,0.04324627295136452,0.08360376954078673,0.0463322214782238,-0.03112839907407761,-0.0035709589719772335,-0.032875195145606995,-0.06584781408309937,-0.012595634907484055,-0.002428303239867091,-0.012061811052262785,-0.03549429401755333,-0.008620954118669033,-0.015124772675335407,-0.05596837028861046,-0.028990453109145164,0.009233170188963412,-0.03789683431386948,-0.05962307751178741,-0.03431481122970581,-0.09707695245742796,0.02298804558813572,-0.02656279318034649,-0.008536396548151972,0.04894395917654037,0.04839949682354927,-0.027939608320593837,0.007394152693450451,-0.09083402901887891,0.01737094670534134,-0.08146463334560394,-0.024371854960918423,-0.00533957127481699,3.473458855296485e-05,0.060309357941150665,0.00888110976666212,-0.04473098739981651,0.10815145075321196,-0.05788926035165787,0.13569703698158264,-0.06710764020681381,-0.07449050247669221,0.03196769207715988,0.06238541007041931,-0.06478427350521088,0.0035036292392760515,-0.05029991641640663,0.019305150955915448,-0.01428543496876955,0.0152169493958354,-0.12712527811527252,0.04627775773406029,-0.05918975546956062,-0.06959700584411621,0.06657280772924423,-0.02318520098924637,-0.05223227292299271,0.03623707219958305,-7.986883247212972e-06,0.0013677027309313416,0.06487660109996796,0.04155278578400612,0.05820881202816963,-0.053992345929145806,0.06616414338350296,-0.10002776235342024,0.009301978163421154,-0.060146234929561615,0.0025762254372239113,-0.008984747342765331,0.041881080716848366,-0.08896607160568237,0.01529243029654026,-0.04084677994251251,-0.002017213031649589,-0.037622012197971344,-0.010698994621634483,0.009790521115064623
0.01337900012731552,-0.013365203514695168,-0.06560742110013962,0.02716529555618763,-0.005170615389943122,0.02477296069264412,-0.005207923706620932,-0.034794509410858154,0.03890744596719742,-0.05839013308286666,0.06908855587244034,0.0385393500328064,-0.027737027034163475,0.0,-0.02262637950479984,0.029018841683864597,0.0001841300108935684,-0.06837058812379837,0.037229590117931366,-0.03657457605004311,0.10424630343914032,-0.013878320343792439,0.05919791013002396,0.025123242288827896,-0.002646122593432665,-0.00743996724486351,-0.032786622643470764,-0.04124058037996292,0.03938156738877296,-0.0748886913061142,0.02480111643671989,0.040019672363996506,-0.003662523115053773,-0.0015444508753716943,-0.09885028004646301,-0.023808062076568604,-0.028780946508049965,-0.0006214625318534672,-0.021370047703385357,0.0005913124186918139,0.007598116528242826,-0.04924511164426804,-0.02252497710287571,-0.015433059073984621,0.042676687240600586,0.01267618965357542,0.030008265748620037,-0.06668748706579208,-0.016137434169650074,-0.03506457433104515,-0.025054849684238437,-0.0012503566686064005,-0.06407918781042099,-0.012295329011976717,0.012753981165587902,-0.06416185200214386,0.006760659627616405,-0.06935485452413559,-0.0227443128824234,-0.03819456696510314,-0.0474480614066124,0.05926948413252831,0.02828913554549217,0.03660845756530762,-0.010883000679314137,-0.061752837151288986,0.09299130737781523,-0.00018845753220375627,0.003120370442047715,-0.017819100990891457,-0.07459823787212372,0.005876748822629452,0.01512837130576372,-0.007704431656748056,-0.08387454599142073,0.034198097884655,-0.004648881964385509,0.040715161710977554,-0.022318918257951736,-0.012883756309747696,-0.027713291347026825,0.022208241745829586,-0.0010673311771824956,0.06499108672142029,0.06679225713014603,-0.06641507148742676,0.04559222236275673,-0.0457407645881176,0.008209625259041786,-0.030362052842974663,-0.08322076499462126,-0.004967361222952604,-0.02530847489833832,0.021616825833916664,-0.014624245464801788,-0.06767901778221129,-0.026570618152618408,-0.08298268914222717,-0.025604359805583957,-0.048979047685861594
-0.055739715695381165,0.0012911021476611495,0.02152824588119984,-0.000862788176164031,-0.010502269491553307,-0.015917224809527397,0.004309744108468294,0.002556269522756338,-0.005097296554595232,0.022246045991778374,-0.015924111008644104,-0.09780332446098328,0.034588608890771866,-0.02262637950479984,0.0,-0.029752401635050774,0.01310473121702671,-0.07584668695926666,0.006778397131711245,-0.08651652187108994,0.06085500121116638,-0.0392402857542038,0.032218534499406815,-0.035602323710918427,0.07436439394950865,-0.00016184864216484127,0.040514830499887466,-0.018779475241899487,0.03762098029255867,-0.0012601339258253574,-0.08024071156978606,0.03414993733167648,-0.019996061921119686,0.07241848856210707,-0.076221264898777,-0.04558216780424119,0.038540568202733994,-0.10421350598335266,0.02565375529229641,0.029220938682556152,-0.10952775180339812,0.00353237078525126,0.05337191000580788,-0.01766853779554367,0.013450698927044868,-0.015929022803902626,0.021044496446847916,0.05280756205320358,0.037201907485723495,-0.07263395935297011,0.0004071005678270012,0.02255740016698837,-0.05366422235965729,0.005298279691487552,-0.03989545628428459,-0.00395809905603528,-0.07467521727085114,0.02842242829501629,-0.05214301869273186,-0.06615577638149261,0.09587444365024567,0.01468602940440178,0.017768122255802155,-0.05146441608667374,0.07737314701080322,0.23152369260787964,0.043418493121862405,0.03655660897493362,-0.008675268851220606,0.02404543198645115,-0.012000819668173788,0.002226543612778187,-0.055020228028297424,-0.004249247256666422,-0.0588909275829792,-0.0008461447432637215,0.0033421465195715427,-0.022598627954721447,-0.023860545828938484,-0.006651326082646847,-0.025066040456295013,-0.033545639365911484,0.03601443022489548,-0.0584055483341217,0.0039870552718639365,0.007988031022250652,-0.12030553817749023,0.14305420219898224,0.06546110659837723,-0.01966687850654125,0.06875263899564743,-0.021242111921310425,-0.06586490571498871,0.09098508954048157,-0.05324387550354004,-0.02354365400969982,-0.037679750472307205,-0.1120029240846634,-0.07229089736938477,0.01673497073352337
-0.037134602665901184,-0.09525033086538313,0.058531586080789566,0.002752951579168439,0.019897637888789177,-0.03913604840636253,0.03639853373169898,-0.03493766859173775,-0.029256751760840412,-0.06609659641981125,-0.07908524572849274,0.053836699575185776,-0.023357380181550976,0.029018841683864597,-0.029752401635050774,0.0,-0.050455890595912926,0.08601272851228715,0.011466356925666332,-0.033373162150382996,-0.010939421132206917,-0.032980505377054214,-0.04179384186863899,-0.006776007823646069,0.0065386337228119365,0.0350210964679718,0.0317949652671814,0.08516839146614073,-0.034785281866788864,0.03445374220609665,-0.02031351067125797,-0.04256502538919449,0.12331033498048782,-0.07710975408554077,-0.059245385229587555,0.0058744666166603565,-0.03605851531028748,-9.764071000972761e-05,-0.04489585012197495,-0.019998762756586075,-4.069579517818056e-05,0.001349039957858622,0.06160280480980873,-0.07104861736297607,-0.10353983938694,0.02802476100623608,-0.0653405413031578,0.07449781894683837,-0.020717382431030277,0.0016801009187474847,-0.0220867320895195,0.0003867645573336631,-0.021487081423401833,0.0012523685581982136,0.03615545853972434,-0.02775407396256924,0.05339335650205612,-0.007702784147113562,-9.783877430891152e-06,-0.029332384467124935,-0.0002340438513783738,-0.05185399204492569,0.0031317376997321844,-0.03341002389788628,-0.047600965946912766,0.01461875718086958,0.03665800765156746,0.1052860990166664,-0.03124209865927696,-0.06462138146162033,-4.017151877633296e-05,-0.09184409677982329,-0.05692462995648384,0.0484464205801487,0.026572082191705704,-0.06187453866004944,-0.0598548986017704,-0.025478126481175423,0.03934691473841667,0.021089384332299232,-0.03905682638287544,0.10892287641763689,0.06790149211883545,0.020678650587797165,0.0336121991276741,-0.060239750891923904,-0.014643510803580284,-0.03489674627780914,-0.00027591263642534614,-0.0628197118639946,2.1513140382012352e-05,-0.007337672170251606,0.00014904691488482058,0.03890679031610489,0.04649003222584725,0.05695106461644173,-0.11300568282604216,-0.05901797488331795,-0.018631065264344212,-0.027962498366832733
-0.0008904322749003768,-0.033943045884370804,-0.007883072830736637,0.02460106089711189,-0.1054203063249588,0.027874078601598736,-0.012726412154734135,0.045175809413194656,-0.004201913718134165,-0.11086979508399963,-0.01105662528425455,0.03773670643568039,0.08234950900077821,0.0001841300108935684,0.01310473121702671,-0.050455890595912926,0.0,-0.02846761792898178,0.10678125172853468,0.029127325862646103,-0.016659537330269814,-0.0389738567173481,0.12419028580188753,0.05545443296432495,0.0389668345451355,-0.035896703600883484,0.03643876686692238,0.01358028408139944,-0.04520677775144577,-0.0200297087430954,-0.042844664305448525,-0.02674698829650879,0.05507168173789977,0.0015342411352321503,-0.050739482045173645,0.0305149219930172,-0.06257089227437973,-0.00962691567838192,-0.0034502362832427025,-0.008373345248401165,-0.08153293281793593,0.04990366473793984,-0.04329244419932365,-0.07086590677499771,0.039240855723619454,0.062404513359069824,-0.02980850078165531,0.038852505385875695,0.04640804976224899,-0.01773501932621002,-0.031512610614299774,-0.04554563388228416,0.07420866936445235,0.0144283976405859,0.048462588340044015,0.015445616096258163,-0.03373275697231293,-0.0070303124375641355,0.0008791583823040127,0.016458384692668915,-0.010538604110479355,-0.09262609481811523,-0.0902182161808014,0.03627602010965347,0.05661134421825409,-0.04572712630033493,0.03311195969581604,0.011120188981294632,0.06202887371182442,-0.07170518487691879,-0.10641688108444212,-0.08762306720018387,-0.002735136542469263,-0.028043733909726143,0.05038417503237724,-0.0015199617482721803,0.07796946913003922,-0.11337503045797348,0.006605442147701979,-0.01847189106047153,0.007555169053375722,-0.005474896635860205,-4.8580179281998426e-05,0.002832990372553468,-0.10641471296548843,-0.02292905189096928,0.0015270351432263851,-0.001480254577472806,-0.10052211582660676,-0.03419366478919983,0.0035408297553658485,-0.061168577522039407,0.016791149973869324,-0.04778764769434929,-0.07337174564599991,-0.003015752183273434,2.4257658878923397e-05,0.042628150433301926,-0.04536698386073112,0.0042627789080142975
-0.05819885060191154,-0.025717098265886303,-0.0016683910507708788,0.02084875851869583,-0.042392291128635406,-0.024128731340169903,-0.05212393030524254,0.10312838852405548,0.030215054750442505,-2.2894784706295468e-05,2.9399534469121132e-05,0.00014757589087821543,0.13105720281600952,-0.06837058812379837,-0.07584668695926666,0.08601272851228715,-0.02846761792898178,0.0,-0.0512159951031208,0.03941928967833519,0.07963769137859344,-0.03840982913970947,-0.023671705275774,-0.007761711254715919,-0.08143156766891478,0.04624730348587036,0.04346602410078049,-0.0032178498804569244,-0.0787564218044281,-0.02005203440785408,-0.0496094673871994,-0.061925802379846566,-0.06100158765912056,0.12313901633024216,-0.0005216586869210005,-0.020980561152100563,-0.09259898960590361,-0.042967040091753006,0.026147978380322456,-0.020286472514271736,0.032205164432525635,0.013293800875544548,-0.03473035991191864,0.0009901965968310833,0.010979487560689448,-0.06877943873405457,0.013369161635637283,-0.04995713755488396,0.02415672317147255,-0.020366463810205456,0.00803539901971817,-0.11751707643270493,-0.03723188489675522,0.022462761029601097,0.05669306218624114,0.01901363953948021,-0.012476309202611446,-0.04563562944531441,0.006565984804183245,-0.02753070928156376,-0.02344813570380211,-0.06142779067158699,0.007221612613648176,0.01943087764084339,0.03070310689508915,-0.06274525076150894,-0.06457611918449402,0.06635337322950363,-0.0604504831135273,0.11049478501081467,-0.1251153200864792,0.014024476520717144,0.10672745108604433,0.030910262838006016,-0.08361199498176575,0.027439996600151065,0.014693093486130236,0.05165231972932816,0.03560915216803551,0.04099128395318985,0.03638467937707901,0.010164552368223667,-0.06334742158651352,-0.0660698339343071,-0.041587982326745994,-0.0027780761010944843,0.046655900776386254,-0.0016457167221233249,-0.02447681315243244,-0.043169520795345306,-0.05110322684049606,0.04531232267618179,-0.08390967547893523,0.016406182199716568,0.051488637924194336,0.023289546370506287,0.021433435380458832,-0.03626960888504981,-0.013804048299789429,-0.0334007553756237
