0,1,2,3,4,5,6,7,8,9,10,11,12,13,14,15,16,17,18,19,20,21,22,23,24,25,26,27,28,29,30,31,32,33,34,35,36,37,38,39,40,41,42,43,44,45,46,47,48,49,50,51,52,53,54,55,56,57,58,59,60,61,62,63,64,65,66,67,68,69,70,71,72,73,74,75,76,77,78,79,80,81,82,83,84,85,86,87,88,89,90,91,92,93,94,95,96,97,98,99
0.0,-0.0636160671710968,0.09837110340595245,0.04285420849919319,0.013152947649359705,0.008123542182147505,-0.030140424147248268,-0.08137281984090805,0.08806364983320236,0.03315569832921028,-0.06151314452290535,0.013277131132781504,0.06851233541965485,0.013548765331506727,0.06949740648269653,0.15735751390457153,-0.05627425760030746,-0.013813930563628672,-0.006234204396605492,0.005981338676065207,-0.12939663231372833,0.002196501707658172,-0.07503005117177963,0.018975647166371346,-0.039582505822181695,0.03448866307735443,0.001517833094112575,-0.004902903456240892,-0.0003990689583588392,-0.013874677941203116,0.05072438344359398,-0.03284214809536934,-0.04333171248435974,-0.0075234686955809585,-0.020759548991918564,0.013206927105784416,-0.051509495824575424,0.02428663708269596,-0.06876584887504578,-0.010255430825054644,-0.1634653806686401,-0.04037587344646454,-0.003181193256750703,-0.029338534921407696,-0.012592862360179424,-0.018476873636245728,0.03497308865189552,0.04859746992588043,-0.0014859471702948213,0.02486887201666832,0.004966562148183584,0.0014013274339959023,3.3260508644161746e-05,-0.0738445520401001,-0.016123630106449127,-0.03007904253900051,-0.03894008696079254,-0.11010897904634476,0.026965850964188572,0.04628346115350723,-0.10560501366853713,-0.01010627020150423,-0.008165554143488407,-0.014864476397633553,-0.051417320966720574,0.04519332945346832,0.039887119084596634,0.011574392206966875,-0.02250800468027592,0.08366864919662476,0.020082315430045128,0.015512816607952116,0.0032371298875659704,-0.10707125812768936,-0.006287768483161926,-0.09819870442152023,-0.07920858263969421,-0.03441954776644707,-0.01144722755998373,-0.02233356051146984,0.0060989707708358765,0.016386035829782482,-0.00215550628490746,-0.05454714968800545,-0.008489264175295828,-0.012030563317239285,-0.017490969970822334,0.028057126328349117,0.007717538159340621,-0.016797412186861038,0.029808150604367256,0.023630909621715546,0.02971162460744381,-0.001728102914057672,-0.0004949062131345272,-0.004611052107065916,0.005776011850684881,-0.06442523747682571,0.051115751266479485,-0.03658954054117202
-0.0636160671710968,0.0,-0.020791200920939445,0.04503381624817848,-0.0054505886510014525,0.048135906457901,-0.0837787166237831,0.11034435778856276,-0.005197000224143267,0.02053087390959263,0.0054670097306370735,-0.0014926407020539043,-0.005678118206560612,-0.048696983605623245,-0.04826822131872177,0.07402320206165314,0.03533485531806946,-0.0796770304441452,-0.024067830294370648,-0.09267403930425647,0.020829353481531143,-0.03074118308722973,0.07855796813964844,-0.06049776822328568,-0.0702916830778122,0.04512406140565872,-0.07114307582378387,0.0009485891787335277,0.10903478413820265,-0.080353282392025,-0.013010293245315552,-0.0529254712164402,-0.004359588958323002,0.013191966339945791,-0.01783839985728264,7.500036736018956e-05,0.016637425869703293,-0.046321045607328415,0.11052283644676208,-0.04523890838027,-0.016237124800682068,-0.018427323549985886,-0.019804131239652637,0.008377209305763245,-0.01533899549394846,-0.015834705904126167,0.007032492198050022,0.015398707240819933,0.028374379500746727,-0.047437332570552826,-0.07149321585893631,0.10953639447689056,-0.03759559616446495,-0.048243783414363854,-0.01942651532590389,0.00019879787578247488,-0.06973104178905487,-0.08289532363414764,0.041574984788894646,-0.10907298326492308,0.029461264610290527,-0.0017285339999943972,-0.010873596183955668,-0.02307392470538616,0.013441764749586582,0.001148803508840501,0.025158632546663284,0.04883776232600212,-0.0073341941460967055,0.03512288257479668,-0.04426619783043861,-0.015767790377140045,0.0002754081506282091,0.014668943360447884,-0.06357436627149582,-1.2781140412698733e-06,-0.033292267471551895,-0.06671132892370224,-0.018630487844347957,-0.02491182647645473,-0.07800903916358948,-0.02678615227341652,-0.03807387128472328,8.27328403829597e-05,-0.002399864373728633,0.024126971140503883,-0.06018297001719474,-0.03871703892946243,0.0690019354224205,0.01438529510051012,0.016547938808798787,0.007078849244862794,0.05603764951229096,0.006408506073057652,-0.03439214825630188,0.04086913540959358,0.02041583135724068,-0.031472109258174896,0.0020637400448322296,-0.020957153290510178
0.09837110340595245,-0.020791200920939445,0.0,0.010113635100424288,0.04315974935889244,0.09663020074367523,-0.0017963576829060912,0.012862486764788628,-0.1342996209859848,-0.0669422298669815,-0.09796191751956941,0.054965414106845856,-0.01334982831031084,-0.04289170727133751,0.03250633180141449,-0.009087967686355114,0.011821744963526724,0.01852383837103844,-0.012039769440889359,-0.07830209285020828,-0.04371098056435585,2.2071439161663875e-05,-0.051217902451753616,-0.023543525487184525,0.04457661882042885,0.03306708112359047,0.033851489424705505,-0.015137123875319956,0.05600893497467041,-0.03182340040802956,-0.06227957457304001,2.5824199838098135e-05,0.016892502084374428,0.03306560218334197,-0.04855019599199295,-0.004475060384720564,-1.7477166693424806e-05,-5.787896589026786e-05,-0.011657903902232645,0.026277322322130203,0.029876152053475376,-0.04083627834916114,-0.029232637956738472,0.05379404127597809,0.001093508442863822,0.02407677285373211,-0.04405396059155464,-0.0034521324560046196,0.03963720425963402,-0.07360387593507767,0.03526027128100395,-0.013653133064508438,-0.09914550185203552,-0.018090935423970222,-0.0008780978969298302,0.1129430904984474,0.06728950142860413,0.022478897124528885,-0.023939937353134155,0.015549726784229279,-0.026211930438876152,0.005285496357828379,-0.024393538013100624,-0.012838054448366163,0.0543719157576561,-0.04151153936982154,-0.04719514772295952,-0.014756505377590656,-0.0475107841193676,-0.03489040210843086,0.020525965839624405,-0.03816800191998482,-0.001637487206608057,0.09673672169446944,-0.1393017619848251,0.08176470547914505,-0.03545454517006874,0.021167658269405365,0.012844221666455269,-0.0025315710809081793,0.08492080122232437,-0.06932098418474197,-0.0007609447347931565,0.034466106444597244,-0.00833155121654272,-0.04527672007679939,0.02936852164566517,0.01627148501574993,0.047068964689970016,-0.040078304708004,-0.0037520756013691434,-0.04985172301530839,-0.053095247596502304,-0.08115397393703459,0.017419757321476936,-0.090882770717144,-0.07677122205495833,0.0011068437015637755,-0.14016763865947723,0.010255444794893265
0.04285420849919319,0.04503381624817848,0.010113635100424288,0.0,0.04983997717499733,-0.008914322592318058,0.07322588562965393,-0.057160597294569016,0.04836562275886536,-0.013243748806416988,0.015232738107442856,0.007991015911102297,-0.033023398369550705,0.002432322362437844,0.006220886018127202,0.016854936257004734,-0.013014876283705235,-0.014675699174404144,-0.037045806646347046,0.01875891536474228,-0.006609794218093157,0.04178295657038689,-0.06070796772837639,-0.017696987837553024,-0.05571427568793297,-0.06031452864408493,-0.008247015997767448,0.019629586488008496,0.013728341087698936,0.003945918288081884,0.04865580424666405,-0.035684775561094284,-0.030092982575297356,-0.01575193554162979,0.006595726124942304,-0.10148203372955322,-0.030868154019117355,0.0001285235775867477,-0.03500010818243027,-0.057674407958984375,0.037231650203466415,0.014254927635192873,0.007662515621632338,-0.01291861105710268,-0.03504173085093498,0.005057659465819596,0.006571336183696984,-0.06480445712804793,-0.10582071542739868,0.06461477279663086,0.0006396409589797257,-0.06473831087350845,0.010618365369737148,0.04494531825184822,-0.05418616533279418,-0.002945280633866787,-0.017878808081150055,0.05006659403443336,-0.0026383248623460527,-0.011645808815956116,0.06526912748813629,-0.04586034268140793,-0.022125722840428352,-0.002617456950247288,-0.044765479862689965,-0.07305684685707091,-0.04645932093262672,0.01651192642748356,-0.016531899571418762,-0.03168836981058121,0.02665776573121548,-0.013177142478525639,0.0016255183145403862,0.00898980814963579,-0.04268822446465492,-0.017604127526283264,-0.004188313614577055,0.04624040052294731,-0.06798182427883148,0.026710672304034237,0.02454855106770992,-0.07636673003435136,-0.041073642671108246,-0.010650089010596275,0.01332518458366394,-0.026585394516587257,0.08905479311943054,-0.07356074452400206,-0.04041233658790588,-0.016739502549171448,0.006031063850969076,-0.050715696066617966,0.006761652417480946,-0.02184000052511692,-0.01037902384996414,-0.00874380674213171,-0.0031447643414139748,0.01839346997439861,-0.0007664666045457124,-0.04548660665750504
0.013152947649359705,-0.0054505886510014525,0.04315974935889244,0.04983997717499733,0.0,-0.04945949837565422,-0.03925217688083649,0.03715686872601509,-0.04695355519652367,-0.04193105921149254,-0.03577857092022896,-0.044747192412614815,0.00792739074677229,-0.00843071099370718,-0.038758810609579086,-0.06298048794269562,0.006138758268207312,0.08042961359024048,0.009463881142437458,0.004537110216915608,0.03139518201351166,-0.04231066256761551,-0.0006947012734599411,0.012399044819176195,0.03295343741774559,-0.039478249847888953,-0.07195624709129332,-0.011522538028657436,-0.07811430841684341,-0.007830250076949596,-0.0006469234940595925,-0.03144840896129608,0.012579934671521187,-0.05949947610497475,0.07295480370521545,0.06710243970155716,0.0026176632381975646,0.029318252578377724,0.0016930297715589404,-0.02937529981136322,-0.0960727334022522,-0.043475523591041565,-0.04007364436984062,-0.04488959163427353,-0.002440264448523521,-0.015168306417763231,-0.028741637244820595,0.04557289555668831,-0.02670345269143581,0.019356006756424904,-0.04496496170759201,0.009487172588706017,-0.028956538066267967,-0.032592613250017166,0.05351577699184418,-0.04253033176064491,0.014255235902965069,-0.05740045756101608,-0.017057625576853752,0.005816166754812001,-0.0071406192146241665,-0.03012857958674431,0.002671557944267988,-0.02706027776002884,0.007991739548742771,0.047857895493507385,0.0678526759147644,-0.04284724220633506,0.02242844551801681,-0.007472516968846322,-0.07869336009025572,0.011097353883087637,-0.040253106504678726,-0.05275380611419678,0.03044458106160164,0.0556342788040638,0.002108033979311585,-0.043773215264081955,0.006328441202640533,-0.02337008342146873,-0.0363495908677578,0.027037976309657097,-0.015439989976584911,-0.014802251942455769,-0.002949055517092347,0.005431301891803741,0.026009466499090195,0.008321632631123068,-0.08666463941335678,0.008928680792450905,0.011640622280538082,-0.023006444796919823,-0.04633564502000809,0.003400032175704837,-0.023758925497531887,0.009992998093366625,-0.02006887458264828,-0.030169326812028885,-0.05102898180484772,0.028170585632324215
0.008123542182147505,0.048135906457901,0.09663020074367523,-0.008914322592318058,-0.04945949837565422,0.0,-0.013363219797611237,-0.06545525789260864,0.05102594569325447,0.045352909713983536,-0.02337582036852837,0.006884514819830656,-0.13647310435771942,0.012830523774027824,-0.07235481590032578,-0.10945255309343338,0.02326332591474056,-0.0010650426847860215,-0.039028268307447433,0.030818613246083256,0.05696914345026016,0.0016728247283026576,0.008350825868546961,0.013865497894585133,-0.035824943333864205,0.021965041756629944,-0.028564130887389183,-0.1079009175300598,-0.04573634639382362,0.03334435075521469,-0.028522433713078495,-0.0006141670164652169,-0.011055445298552511,-0.10718533396720886,-0.041282787919044495,-0.006598117295652628,0.011554358527064323,-0.023044632747769356,0.022974859923124317,-0.017000507563352585,0.0352824404835701,0.1171913892030716,-0.007917376235127449,-0.01851317472755909,-0.001658670837059617,-0.01495563331991434,0.02427869103848934,-0.01473818812519312,-0.0033992251846939325,4.603556953952648e-05,-0.0528479665517807,-0.06001226976513863,0.06638220697641373,0.019094819203019146,0.04164481908082961,-0.03212585672736168,-0.05520493537187576,0.04200287535786629,-0.037105806171894073,-0.05786211043596268,-0.0613434836268425,0.04478107020258904,0.02423623576760292,0.00661972863599658,-0.001811700873076916,0.002779217902570963,-0.02148166298866272,-0.09859345108270644,-0.007270310074090957,-0.06871326267719269,-0.0009197075851261616,-0.06290483474731445,0.04290186241269112,0.03192966803908348,0.05151229351758957,0.034972552210092545,-0.013697458431124687,-0.03107297047972679,-0.0347289964556694,-0.019739236682653427,-0.10247052460908888,0.0490347258746624,0.0004956346820108593,0.009196416474878788,-0.0242583341896534,0.05575360730290413,-0.01112871803343296,0.0356786772608757,-0.0411476157605648,-0.07152457535266876,-0.029593398794531826,0.00946694891899824,0.02174852229654789,-0.03426891192793846,-0.013282910920679568,-0.035550493746995926,0.020088942721486088,-0.058256939053535454,0.10654402524232864,-0.019631829112768173
-0.030140424147248268,-0.0837787166237831,-0.0017963576829060912,0.07322588562965393,-0.03925217688083649,-0.013363219797611237,0.0,-0.022960321977734562,-0.03635592013597488,0.016997449100017548,-0.00884386245161295,-0.0492168702185154,-0.014076527208089828,-0.007097345776855946,0.01783442124724388,0.0402258038520813,-0.0021369950845837597,0.0015502225141972303,-0.0017008474096655843,-0.024698249995708466,0.020012402907013893,-0.007734562270343303,0.016569336876273155,0.018248338252305984,-0.015818201005458832,0.03511784598231316,-0.016712933778762817,-0.003854446578770876,-0.04005128145217896,-0.04316267743706703,-0.07798901945352553,0.029808925464749336,0.024774601683020592,-0.06904792785644531,-0.011523609980940819,0.044881362468004234,-0.03989779949188232,-0.055562566965818405,0.024293523281812668,0.024450160562992092,-0.021295046433806416,-0.06013384833931922,0.001324780867435038,0.0070617692545056334,0.011674572713673115,-0.0018951254896819592,-0.016447918489575386,0.003168634604662657,0.0610252171754837,-0.08185137808322905,-0.01577792875468731,-0.026043120771646496,-0.07333138585090637,-0.044237714260816574,0.02574610151350498,0.03210126981139183,0.01562061719596386,-0.03400926664471626,-0.013245504349470139,-0.06698410212993622,0.0008822422241792082,-0.008523281663656233,0.0205858051776886,-0.0003170828567817807,0.008146251551806927,0.03547987341880798,-0.007056805770844221,-0.05464363470673561,0.00035607288009487087,0.04185832664370537,-0.0589514896273613,0.013586333021521568,-0.004055529832839966,-0.02565904334187508,-0.010047191753983496,-0.011845986358821392,-0.07629179954528809,-0.05561148002743721,0.04341095313429832,-0.03244634345173836,-0.03651696071028709,-0.00047597597585991025,-0.024811752140522003,-0.015780474990606308,-0.01650777831673622,-0.02489001490175724,-0.02957172319293022,-0.004085948690772057,-0.014613421633839607,0.015769237652420998,-0.010175711475312708,0.0021776393987238407,0.04741089791059495,0.007142522372305393,-0.04447811841964722,0.012052450329065321,-0.015174072235822676,-0.004346393048763275,-0.0049491263926029205,0.03960457444190979
-0.08137281984090805,0.11034435778856276,0.012862486764788628,-0.057160597294569016,0.03715686872601509,-0.06545525789260864,-0.022960321977734562,0.0,0.021383104845881466,0.06924053281545639,0.02824339270591736,0.008101347833871841,-0.026783974841237068,0.004629568662494421,0.006752064451575279,0.025462931022048,-0.0964287519454956,0.0004123354738112539,-0.0016084170201793313,0.05458056181669235,0.02279825694859028,0.009637918323278429,-4.2918742110487074e-05,0.02719537541270256,-0.04488114640116692,0.006043586879968643,0.059485036879777915,0.002126638777554035,-0.04249333590269089,0.012011521495878696,-0.04062508791685104,0.08416151255369185,-0.0061478856950998315,-0.11303994059562684,-0.1283612549304962,-0.03992680832743645,-0.058658353984355927,-0.011776699684560297,0.0045149982906878,-0.0536443293094635,0.09140406548976898,0.04252221807837486,0.013883947394788263,0.01868303306400776,-0.009373102337121965,-0.05068616196513176,0.09019546210765839,-0.048154622316360474,0.05987653508782386,-0.04337089881300926,-0.012590560130774975,-0.06322726607322693,0.030982356518507004,0.005291004665195942,-0.08418585360050201,0.05693002790212631,0.06110979244112968,0.09126562625169754,0.010152405127882956,-0.07208063453435898,-0.04704610258340836,0.005104492418467999,0.013209207914769648,0.032537832856178284,-0.1382838934659958,0.02213183604180813,-0.0012909666402265427,-0.06508880853652954,0.016033770516514778,0.04063595831394196,0.0035113974008709192,0.03141700476408005,0.0026116876397281885,-0.04003863409161568,-0.08946405351161955,-0.08750239759683609,-0.013896345160901546,0.0074322186410427085,-0.01576586253941059,-0.041249580681324005,0.046070124953985214,-0.02617819420993328,0.02469545789062977,0.01405096799135208,-0.05510251596570015,-0.06728045642375946,-0.09450454264879225,0.06280609220266342,-0.04763481765985489,-0.0614042729139328,0.0430559366941452,-0.022344043478369713,-0.07937944680452345,-0.02621540054678917,-0.01075622532516718,-0.021962683647871017,-0.0007113760220818222,-0.021369274705648426,0.030283473432064056,-3.6378620279720046e-05
0.08806364983320236,-0.005197000224143267,-0.1342996209859848,0.04836562275886536,-0.04695355519652367,0.05102594569325447,-0.03635592013597488,0.021383104845881466,0.0,-0.0005141926230862737,-0.11184661090373992,-0.00040025057387538254,0.005280971992760897,-0.023692283779382706,-0.006181394681334496,-0.0794171169400215,0.03189171478152275,-0.058083444833755486,-0.004142222926020622,-0.009155758656561375,0.030197231099009517,-0.017774218693375587,0.06666434556245804,-0.05176271125674248,0.04453648254275321,-0.07777594029903412,-0.020409928634762764,0.028968941420316696,-0.032400790601968765,-0.029846547171473503,-0.005464611109346151,0.024216264486312863,0.04683886840939522,0.019566426053643223,-0.02680233493447304,0.12843580543994904,0.02359587512910366,0.010662121698260307,0.022387409582734108,0.0005429887096397579,-0.019288856536149975,-0.05718940123915672,-0.027992602437734604,-0.017466820776462555,0.0040201577357947835,-0.012752043083310127,-0.05401838198304176,0.004876975435763597,0.04674113541841506,-0.06730238348245621,-0.03828052431344985,0.025582058355212208,-0.04008112102746964,-0.0248233899474144,0.018735917285084724,0.03718751296401024,0.06798694282770157,0.017426636070013046,-0.009264787659049034,-0.025294786319136616,-0.0027595653664320707,-0.0309014730155468,0.008406426757574081,-0.03141752630472183,-0.007760797627270221,-0.031835734844207764,0.04426603764295577,-0.01061846874654293,-0.0065403226763010025,0.03327668830752373,-0.08150933682918547,-0.07945552468299866,-0.08996894210577011,-0.07052940875291824,-0.0211759265512228,0.02026844210922718,0.11757034063339232,0.026243446394801136,-0.020868200808763504,-0.01725798100233078,0.05211933329701424,-0.02084873616695404,0.04183578118681908,-0.027071399614214897,0.0012983161723241208,-0.033968281000852585,-0.07306710630655287,-0.006044535432010889,4.272542719263584e-05,-0.020332936197519302,-0.07943277060985565,-0.0412641391158104,-0.043456900864839554,-0.017552731558680534,0.0553605742752552,-0.03165880963206291,-0.04424064606428146,0.03972687944769859,-0.028183102607727047,-0.024580711498856544
0.03315569832921028,0.02053087390959263,-0.0669422298669815,-0.013243748806416988,-0.04193105921149254,0.045352909713983536,0.016997449100017548,0.06924053281545639,-0.0005141926230862737,0.0,0.008622463792562483,0.0007093666354194283,0.04816105216741562,-0.12321065366268157,0.025150787085294724,-0.08176185190677641,-0.028264582157135006,-0.031774409115314484,0.1323542147874832,0.0011856447672471404,-0.0017032724572345614,-0.08782958984375,-0.04228721931576729,-0.01418530847877264,0.10217010229825972,-0.011440375819802284,-0.018772073090076447,-0.053067907691001885,-0.015181157737970352,-0.010968542657792568,0.0027868333272635937,-0.08965514600276947,-0.009499246254563332,-0.03261886164546013,0.06111364439129829,-0.052699655294418335,-0.01454620249569416,0.025948856025934216,-0.027586782351136208,-0.0009439882705919443,-0.009953239932656288,-0.03386928886175156,-0.049099233001470566,0.01464464236050844,-0.037233393639326096,-0.006688897032290697,0.03610853478312492,0.022903610020875927,-0.0127584058791399,-0.006315227597951889,0.06596575677394867,-0.04434972628951073,-0.04418360441923141,-0.004822453018277884,-0.021371016278862957,-0.09737215191125868,0.00041585080907680094,0.011391393840312956,-0.026658933609724045,0.014640557579696178,0.0013679920230060816,-0.029751203954219815,-0.04973660781979561,-0.006711800117045641,0.016679253429174423,-0.02380281873047352,-0.0638657957315445,-0.002181734889745712,0.053756024688482285,-0.002151076216250658,0.00017569391638971865,0.07805289328098297,-0.04181619733572006,0.043643523007631295,0.03330341726541519,2.7965359549853016e-05,-0.02822788432240486,-0.014670103788375854,-0.018802164122462273,0.056905537843704224,-0.06574730575084686,-0.01709441840648651,0.002487664110958576,-0.007088692393153906,-0.05292973667383193,0.01922325789928436,-0.0027341132517904043,0.006615045480430126,-0.057466845959424966,0.02023132145404816,-0.005669151898473501,-0.043407097458839417,-0.011445035226643084,-0.003965988289564848,-0.017867179587483406,-0.03453996777534485,-0.014611457474529743,-0.02304754219949245,-0.06491272896528244,0.01577046513557434
-0.06151314452290535,0.0054670097306370735,-0.09796191751956941,0.015232738107442856,-0.03577857092022896,-0.02337582036852837,-0.00884386245161295,0.02824339270591736,-0.11184661090373992,0.008622463792562483,0.0,0.01908064447343349,-0.06700365990400313,0.005951232276856899,0.094136044383049,-0.014330064877867699,0.021890059113502502,-0.020477352663874623,-0.01816292479634285,-0.008108926936984062,-0.015352897346019743,-0.07933232933282851,-0.08299326151609421,-0.07050085812807083,0.04194431006908417,0.08956985920667648,-7.032755092950538e-05,-0.0644163265824318,0.007252663839608432,0.058340344578027725,0.012309879064559937,-0.04929590225219727,-0.00744879152625799,0.02861900068819523,0.004117349628359079,0.07046473026275635,-0.03925997018814087,0.09455285966396333,0.024648085236549377,-0.036566559225320816,-0.0690433531999588,0.01634839177131653,-0.007214905694127082,-0.08563487976789473,0.036923203617334366,-0.004085503984242678,0.05586753040552139,-0.015018505975604056,0.06129128485918045,-0.049876049160957336,-0.07377789914608002,0.08752722293138504,0.014368464238941668,-0.006024259608238936,-0.08701208978891373,0.08923514187335968,-0.05551838129758834,0.06975699961185455,0.00022089206322561947,0.057223312556743615,-0.017199350520968437,0.007443472743034362,0.001843484118580818,-0.0008184503531083464,0.0064631765708327285,-0.08998530358076094,0.002686911262571812,-0.07339412719011305,-0.00689974008128047,-0.03256525471806526,-0.012873615138232708,-0.03827318176627159,0.07469359040260315,-0.17730045318603516,-0.0026181717403233047,0.0082743801176548,-0.02402734011411667,-0.0012232516892254353,-0.02579266019165516,0.07462650537490845,0.047159597277641296,-0.0067673628218472,-0.010648180730640888,-0.029198041185736656,-0.026014454662799835,0.020402785390615463,0.13679920136928558,0.03752539306879044,-0.010548559948801994,-0.07298294454813004,-0.016389774158596992,-0.09328135102987288,0.030690087005496025,0.021105989813804623,0.028966059908270836,-0.001125280512496829,-0.015241459943354128,-0.05483410879969597,0.08763842284679411,0.02450405061244965
0.013277131132781504,-0.0014926407020539043,0.054965414106845856,0.007991015911102297,-0.044747192412614815,0.006884514819830656,-0.0492168702185154,0.008101347833871841,-0.00040025057387538254,0.0007093666354194283,0.01908064447343349,0.0,3.526950240484439e-05,0.03012097999453545,0.04409626126289368,9.301383397541939e-05,-0.03955034911632538,0.12443786859512328,-0.03103319928050041,-0.04153279960155487,0.021229404956102368,0.09942789375782014,-0.02327021025121212,-6.156948074931279e-06,-0.012918256223201752,0.08017703145742416,-0.023030482232570648,0.059361126273870475,-0.0815160870552063,-0.005405098665505648,-0.05913953110575676,-0.03284910321235657,-0.06750906258821487,-0.033490102738142014,-0.07604465633630753,-0.004209456965327263,-0.0868406593799591,-0.018334850668907166,0.024437885731458664,-0.05336832255125046,0.046727236360311515,-0.062030769884586334,0.024177953600883484,0.046387095004320145,0.01247205212712288,-0.06054527685046196,-0.011470497585833073,-0.041845228523015976,0.08478603512048721,-0.04967931658029556,-0.017330830916762352,0.04974564537405968,0.0406368225812912,-0.037018131464719765,-0.030606260523200035,-0.006601504515856504,-0.05210132524371147,-0.018866550177335736,-0.007020829245448112,-0.0321919359266758,0.04289522022008896,0.02610799111425877,-0.046767301857471466,0.011728618294000624,0.045633576810359955,-0.12849874794483185,-0.12261539697647093,0.004154434893280268,-0.013179349713027476,-0.13260912895202637,-0.04629656299948692,0.011909552849829195,0.04192075505852699,-0.03568747639656067,0.12605044245719907,-0.062492318451404565,0.11770935356616972,-0.011027046479284763,0.0154811292886734,-0.017640305683016777,-0.02274017222225666,0.021937543526291847,-0.005545266903936863,-0.0510830357670784,0.032925192266702645,-0.09894932061433792,-0.011496197432279587,-0.1273823231458664,-0.0020439757499843836,0.1242491230368614,-0.005923766177147626,0.027875855565071102,-0.033856622874736786,0.025163032114505768,-0.05046025663614273,-0.02010687254369259,0.04042428359389305,0.02484156936407089,-0.03963164985179901,0.0474013052880764
0.06851233541965485,-0.005678118206560612,-0.01334982831031084,-0.033023398369550705,0.00792739074677229,-0.13647310435771942,-0.014076527208089828,-0.026783974841237068,0.005280971992760897,0.04816105216741562,-0.06700365990400313,3.526950240484439e-05,0.0,0.00020185830362606796,-0.1050882413983345,-0.039554383605718606,0.08990510553121567,-0.060550745576620095,-0.0795900523662567,-0.02342441491782665,0.06139391660690308,0.06896250694990158,-0.09738234430551529,0.05604486539959908,-0.05717862769961357,0.05230582877993584,-0.023835986852645877,0.007577082607895136,0.036795664578676224,0.008700380101799967,-0.03686782717704773,-0.05494994670152664,-0.026477789506316185,-0.013341507874429224,-0.07287287712097168,0.05424708127975464,0.020194903016090397,0.10064399987459181,-0.010172244161367416,-0.027751248329877853,8.874834020389245e-05,-0.0011529034236446023,0.007567206397652625,-0.05741306394338608,-0.01410721242427826,-0.009176770225167273,-0.028524829074740406,0.061675600707530975,0.0016316943801939487,-0.06821268796920776,-8.44808982947143e-06,-0.0676736831665039,0.02940844744443893,-0.0013053164584562182,0.061039544641971595,-0.023805681616067886,-0.008114363998174667,0.02447757497429848,-0.032933522015810006,0.004228866659104824,-0.02045285515487194,0.02701613120734692,0.028629569336771965,-0.013717441819608212,-0.007752851117402315,0.05708413198590279,-0.0314536951482296,-0.07207278162240982,-0.11199914664030076,0.02068168856203556,-0.019641706719994545,2.621901876409538e-05,0.0076129622757434845,0.07101298123598099,-0.0316891185939312,0.01644154079258442,-0.02906360663473606,0.062107689678668976,0.011139689944684504,-0.07230483740568161,-0.024381540715694427,-0.04688891768455505,-0.0374644510447979,0.029744066298007965,0.03738714009523392,0.0011871317401528358,0.09144585579633711,-0.09236641228199005,-0.03377116471529007,-0.0472310408949852,-0.00011468223965493962,-0.018699051812291145,-2.56423772952985e-05,-0.038263637572526925,-0.014139235951006413,0.05743732303380966,-0.05418394505977631,-0.025024494156241417,0.0029919834341853857,0.03763223439455032
0.013548765331506727,-0.048696983605623245,-0.04289170727133751,0.002432322362437844,-0.00843071099370718,0.012830523774027824,-0.007097345776855946,0.004629568662494421,-0.023692283779382706,-0.12321065366268157,0.005951232276856899,0.03012097999453545,0.00020185830362606796,0.0,0.006106712389737368,-0.02339554391801357,0.03130423277616501,-0.044644813984632485,0.15728192031383514,-0.015208333730697632,-0.001839518779888749,-0.09360868483781815,0.02962588146328926,0.0035335177090018988,-0.0278742965310812,-0.033827222883701324,0.0004859972395934165,-0.09460423141717911,0.019188854843378067,-0.03712379187345505,-0.0040719560347497455,0.0028981065843254328,-0.0006119991885498166,-0.05110082030296326,-0.044190503656864166,-0.02023087441921234,-0.07460930198431015,0.021605674177408215,0.06142311170697212,0.02947141602635384,-0.03487935662269592,-0.011142621748149393,0.009370877407491209,0.028436189517378807,-0.06344618648290634,0.00346993189305067,0.0940197929739952,-0.00010633456258801743,0.02470785565674305,-0.015293581411242483,-0.04604668170213699,0.02669953554868698,0.006765177939087152,-0.04311581701040268,-0.015365290455520151,-0.04167454317212105,0.02867812290787697,0.031241301447153088,0.05074075236916542,-0.03562871366739273,-0.05191882699728012,-0.022936971858143806,0.004247409291565417,-0.027761859819293026,0.004901105538010597,-0.0900152400135994,-0.08033337444067001,0.07018368691205977,-0.019052755087614056,-0.03453410416841507,0.09027173370122908,0.02130452170968056,-0.03337133675813675,0.028002316132187843,0.0005195532576180995,0.02289409190416336,-0.06470940262079239,0.04171589016914368,-0.03775303065776825,-0.013521622866392136,-0.08983151614665985,-0.020792171359062195,-0.015989186242222782,0.008033230900764465,-0.03870372474193573,0.017015207558870316,0.029391758143901825,-0.016958244144916534,-0.054341185837984085,0.0173177570104599,-0.025171352550387383,-0.01176626794040203,-0.04088886454701424,-0.033153824508190155,0.004049698356539011,0.04075675085186958,-0.027201801538467407,0.02441995032131672,-0.0037589562125504017,-0.01086330320686102
0.06949740648269653,-0.04826822131872177,0.03250633180141449,0.006220886018127202,-0.038758810609579086,-0.07235481590032578,0.01783442124724388,0.006752064451575279,-0.006181394681334496,0.025150787085294724,0.094136044383049,0.04409626126289368,-0.1050882413983345,0.006106712389737368,0.0,-0.026713315397500992,-0.011904907412827013,-0.03211943805217743,-0.020184002816677094,-0.006024958100169897,0.014932364225387572,0.03296101838350296,0.027956655248999596,-0.004693045746535063,-0.07042942941188812,-0.034347955137491226,-0.026571098715066906,0.04462465643882752,0.06266876310110092,-0.014244303107261656,0.013346422463655472,-0.0572088360786438,0.007527828216552734,0.05265697464346886,-0.040924422442913055,0.0180532056838274,0.01765313185751438,0.012630768120288847,-0.030416855588555336,-0.06717662513256073,-0.03522469848394394,-0.03382423520088196,-0.00476445397362113,-0.127651184797287,-0.007417270913720131,-0.008877817541360855,-0.052064403891563416,0.028558649122715,-0.03918955475091934,0.0005863646510988474,-0.08124902844429016,-0.01899180002510548,0.00202627875842154,-0.009725228883326052,0.022921564057469368,-0.10838184505701064,0.004434902686625719,0.006546060554683208,-0.0201415978372097,0.003557114861905575,-0.03092617727816105,-0.011402959935367107,0.02114607393741608,-0.05650880932807922,-0.06838969141244888,0.1255316287279129,0.04959797114133834,0.047943733632564545,-0.037409387528896325,-0.05735673382878304,-0.008777761831879614,-0.011107245460152626,-0.03876395896077156,0.048948805779218674,-0.0293431393802166,0.07701044529676437,0.0021099015139043327,0.01467034313827753,-0.0005518479738384485,-0.023012185469269753,-0.026929061859846115,0.025052329525351524,-0.00843438133597374,-0.0026327301748096943,-0.010228455066680908,0.04404843971133232,-0.010358531028032303,-0.025088045746088028,-0.03106415271759033,-0.06815138459205627,-0.04238184913992882,0.030478719621896744,-0.03650910407304764,0.01356609258800745,-0.023805217817425728,0.03586534783244133,-0.01606500893831253,-0.06896523386240005,-0.08784392476081848,0.07447840273380278
0.15735751390457153,0.07402320206165314,-0.009087967686355114,0.016854936257004734,-0.06298048794269562,-0.10945255309343338,0.0402258038520813,0.025462931022048,-0.0794171169400215,-0.08176185190677641,-0.014330064877867699,9.301383397541939e-05,-0.039554383605718606,-0.02339554391801357,-0.026713315397500992,0.0,0.018366608768701557,0.027795366942882534,0.011964322067797184,-0.04101411625742912,-0.04610702395439148,0.0011264935601502657,0.01639961637556553,0.05203082412481308,-0.0017770129488781095,-0.04502655193209648,-0.055909283459186554,-0.05679704621434212,-0.049768149852752686,0.0420752577483654,0.009584667161107063,0.04744061082601547,-0.00547377485781908,0.0819396823644638,0.03252670913934708,-0.04891663417220116,0.1007595956325531,-2.1438056137412783e-05,0.020990701392292976,0.08367260545492172,0.008721737191081047,-0.024634221568703648,-0.01837940700352192,-0.047328665852546685,-0.002299574203789234,-0.05140846967697144,-0.02483769506216049,-0.010746780782938004,-0.011753209866583347,-0.0914679244160652,0.0016787563217803836,-0.022765809670090675,0.0864529013633728,-0.0007277599070221186,0.05183770135045052,-0.07281576842069626,-0.03918478637933731,0.09075970947742462,0.013349394313991068,0.140301376581192,0.00780958030372858,-0.012749304063618183,-0.06858896464109421,-0.010930167511105536,0.0682416781783104,-0.02875648997724056,-0.003801653161644936,-0.11318308860063551,0.06975478678941727,-0.009418374858796595,0.004921962972730398,-0.04721549525856972,-0.08558642119169235,-0.0506744459271431,0.022581854835152623,0.028463620692491528,-3.6460394767345854e-05,-0.007934261113405228,-0.026451831683516502,-0.09459644556045532,-0.02956543304026127,-0.07672067731618881,-0.05536264926195145,0.05663855001330376,0.03130834922194481,0.02293596044182777,-0.056741423904895776,0.02831701189279556,6.777905582566746e-06,0.01650332659482956,-0.013732458464801311,0.0119235310703516,-0.12947934865951538,0.020049257203936577,-0.06467650830745697,-0.011085045523941515,0.03737682104110718,-0.009011328220367432,-0.01726062037050724,-0.0273659098893404
-0.05627425760030746,0.03533485531806946,0.011821744963526724,-0.013014876283705235,0.006138758268207312,0.02326332591474056,-0.0021369950845837597,-0.0964287519454956,0.03189171478152275,-0.028264582157135006,0.021890059113502502,-0.03955034911632538,0.08990510553121567,0.03130423277616501,-0.011904907412827013,0.018366608768701557,0.0,0.07072624564170837,0.03727298229932785,-0.0003681886591948569,-0.02785857766866684,-0.05007827654480934,0.006773060653358698,-0.08535573631525038,0.06073286011815071,-0.0015522942412644625,0.07243028283119202,-0.01702154241502285,-0.04136167839169502,-0.024316309019923207,0.004806796554476024,-0.04142617806792259,-0.0014557186514139175,-0.036832068115472794,-0.011406365782022476,-0.03230264037847519,0.000216184082091786,-0.097075954079628,-0.015221962705254555,-0.002971179783344269,0.06672818213701248,-0.010537761263549328,-0.011975355446338652,-0.03530190885066986,0.02282336726784706,-0.02398083172738552,-0.021166304126381878,-0.08991472423076628,0.0014881255337968469,-0.0773783028125763,-0.03783685714006424,-0.0575653351843357,0.1147049069404602,0.003841596422716975,-0.03681396320462226,-0.07162076979875565,-0.02886734530329704,-0.056777313351631165,-0.04536377638578415,-1.819210228859447e-05,-0.05689371004700661,0.035250626504421234,-0.04942157864570618,-0.002394532784819603,-0.09248173981904984,0.060876388102769845,0.03977293148636818,0.048641908913850784,0.005001135170459747,0.022194497287273407,-0.08964661508798598,-0.0230215098708868,-0.013965165242552756,-0.034854337573051446,-0.03672670945525169,-0.002161243464797735,0.05130959302186966,0.032875172793865204,0.0332646481692791,0.04576185718178749,0.08738512545824051,-0.06435711681842804,0.03650813177227974,-0.050330471247434616,-0.07177761942148209,0.03059103153645992,-0.0270210113376379,0.05617937818169594,0.03673684597015381,0.031586430966854095,-0.029272830113768578,-0.020312128588557243,-0.02507120743393898,0.0026593555230647326,-0.021591171622276303,-0.05501009896397591,0.0044357459992170325,-0.04784903675317764,-0.06048225611448288,-2.6218778657494113e-05
-0.013813930563628672,-0.0796770304441452,0.01852383837103844,-0.014675699174404144,0.08042961359024048,-0.0010650426847860215,0.0015502225141972303,0.0004123354738112539,-0.058083444833755486,-0.031774409115314484,-0.020477352663874623,0.12443786859512328,-0.060550745576620095,-0.044644813984632485,-0.03211943805217743,0.027795366942882534,0.07072624564170837,0.0,-0.04493257775902748,-0.006623419001698494,0.0156268160790205,-0.03149760141968727,0.06682717055082321,0.04286762326955795,-0.027762683108448986,0.03751567006111145,-0.0005258893361315131,-0.006599587388336658,0.04982727766036987,-0.013142150826752184,0.14203977584838867,-0.03989726677536965,-0.0016832592664286494,0.1556066870689392,-0.03678533434867858,0.037162743508815765,-0.0573807992041111,-8.037932275328785e-06,0.02848894894123077,-0.03335734084248543,0.012725806795060635,-0.05780565366148949,-0.006758375093340874,-0.04319393634796143,-0.05320335552096367,0.04511817172169685,-0.03545696288347244,0.01117903646081686,-0.04322604089975357,-0.07452181726694107,0.037180114537477486,-0.11058572679758072,-0.060570109635591514,-0.021025346592068672,-0.06262067705392838,-0.04792675003409386,0.033285900950431824,0.0742657482624054,-0.06531824171543121,0.017161661759018898,-0.0005504626897163689,-0.03611701354384422,0.0011995743261650205,-0.02743527665734291,0.001894187065772712,-0.0119938338175416,-0.08184787631034851,0.006382915191352368,-0.06132392212748528,0.08851449191570283,0.010626551695168018,0.037255551666021354,-0.06644506752490997,0.048115313053131104,0.02696574293076992,-0.08900827169418336,0.04342330992221832,-0.061617251485586166,-0.08508969098329544,-0.035525865852832794,-0.04271258413791656,-0.040843266993761056,0.009400040842592716,-0.050730403512716286,9.389262413606048e-05,0.0003469081420917064,0.000213640058063902,0.0008045650320127606,0.018996156752109528,-0.03266408294439316,-0.09227190166711809,0.028265025466680527,0.06974316388368607,0.018505888059735295,0.012139612808823584,-0.001847851439379156,-0.02591110952198505,0.02244533598423004,0.12232564389705657,-0.04699506238102913
