0,1,2,3,4,5,6,7,8,9,10,11,12,13,14,15,16,17,18,19,20,21,22,23,24,25,26,27,28,29,30,31,32,33,34,35,36,37,38,39,40,41,42,43,44,45,46,47,48,49,50,51,52,53,54,55,56,57,58,59,60,61,62,63,64,65,66,67,68,69,70,71,72,73,74,75,76,77,78,79,80,81,82,83,84,85,86,87,88,89,90,91,92,93,94,95,96,97,98,99
0.0,0.014746977016329764,-0.004056183155626059,-0.03741733357310295,-0.01794934645295143,-0.016296880319714546,-0.02630583196878433,0.013679767027497292,-0.013176502659916876,-0.024150256067514416,-0.06189669296145439,-0.021992042660713196,0.008680274710059166,-0.0020019537769258022,-0.1398986279964447,0.04080669209361076,0.031341660767793655,-0.05520964413881302,-0.04544831067323685,0.01393799390643835,-0.06121602654457092,-0.027395268902182576,0.04267589375376701,-0.014794077724218369,-0.008134135976433756,-0.028120839968323708,0.00012531349784694612,0.037635426968336105,0.015427970327436924,-0.010422896593809128,-0.043911512941122055,-0.04205971583724022,-0.05174245685338973,0.08011133223772049,-0.031794194132089615,-0.014940922148525713,0.010813971050083636,0.028692414984107018,-0.009368216618895529,-0.01786990277469158,0.019104069098830223,-0.032076627016067505,-0.09993096441030502,0.022062266245484352,-0.03908401355147362,-0.016521282494068142,0.010840109549462795,-0.005425348877906799,0.022931560873985287,-0.04826807975769042,0.050909291952848434,-0.026331761851906776,-0.06529048085212708,0.0024070844519883394,-0.01967821642756462,0.08595820516347885,-0.0006293694605119526,-0.046073861420154565,-0.0231690164655447,0.10298208147287367,-0.00517705176025629,0.02300648763775825,-0.03399399295449257,0.0072028362192213535,0.01936419866979122,0.03551926463842392,-0.00119855219963938,-0.0450264997780323,0.0027731566224247217,0.07448659837245941,-0.04591025784611701,0.037887953221797936,0.06590019166469574,-0.018243422731757164,0.01629992388188839,0.009014193899929523,-0.07434841990470886,-0.10900911688804626,0.07106543332338333,-0.03230135142803192,-0.02683420665562153,-0.06389293074607849,-0.009826252236962318,-0.11937365680932999,0.08242806047201155,-0.026575710624456406,0.002293583704158664,-0.03303944692015648,0.02181081287562847,-0.06913778185844421,0.09968291968107224,0.009467028081417085,-0.06284618377685547,-0.0002953916264232248,0.03257221728563309,-0.020074203610420227,-0.05501021444797516,0.05876708775758743,-0.042884062975645065,0.018682664260268208
0.014746977016329764,0.0,0.017540816217660904,0.019538208842277527,-0.018161335960030556,-0.031623002141714096,-0.01528259925544262,-0.006362403277307749,-0.001021734206005931,0.04274530336260796,-0.02057741954922676,-0.029128406196832657,0.02367984130978584,-0.017331693321466442,-0.023233044892549515,-0.01933807134628296,-0.013985907658934591,-0.03255383297801018,0.00048515648813918233,-0.0329570397734642,0.018937278538942337,-0.013560249470174313,-0.0020898792427033186,-0.039062276482582085,-0.02974856458604336,0.02675655111670494,0.019885601475834846,-0.035896219313144684,-0.0395904928445816,-0.008013538084924221,0.016469256952404976,0.02118345163762569,0.04643483832478523,0.09879235923290253,-0.0014284664066508412,0.01873301714658737,0.03374813497066498,0.017830774188041687,-0.008040827699005604,-0.03561576083302498,-0.015577620826661587,-0.0590934194624424,-0.03592853993177414,0.002196775050833821,-0.05619413033127785,-0.05718446522951126,-0.012034034356474876,-0.03979622945189476,-0.01269732043147087,-0.015442486852407455,-0.04861992225050926,0.07777876406908035,-0.04725219681859016,-0.002731300657615065,-0.01592695340514183,-0.03163892403244972,-0.007444787304848432,-0.05351308733224869,-0.01717926561832428,-0.01157630980014801,0.016649983823299408,-0.0004772522370330989,-0.07763464003801347,0.02105073817074299,-0.02360566332936287,-0.011012724600732327,0.0027662997599691153,-0.021057430654764172,0.000799550034571439,-0.06819547712802887,0.02870249189436436,-0.0015277188504114747,0.031202074140310287,0.03129671886563301,-0.044831696897745126,-0.03515411168336868,0.03156398609280586,0.03360898420214653,-0.0367756076157093,-0.033171433955430984,0.02007942274212837,0.02317755110561848,-0.02045411430299282,-0.05854309350252152,0.005322933197021484,0.008443116210401058,-0.09414535760879517,-0.016529131680727005,-0.04608895629644394,-0.026117015630006794,-0.01990841329097748,-0.0036013710778206583,-0.05611854046583176,-0.01576972007751465,0.04338380694389343,0.031266823410987854,0.03076889179646969,-0.07602936029434205,0.02116525173187256,-0.03497662767767906
-0.004056183155626059,0.017540816217660904,0.0,-0.002291972516104579,-0.02711541578173637,0.07232987880706787,-0.057219751179218285,0.08790080994367598,-0.034408245235681534,-0.051327630877494805,0.026050565764307972,-0.05518655851483345,0.030029794201254845,0.028150085359811783,0.05011316388845444,-0.056184589862823486,0.023708308115601536,-0.02133603952825069,-0.0631961077451706,-0.027303645387291908,-0.0303677711635828,0.0678839236497879,-0.07951533049345016,-0.02908622473478317,0.05598785728216171,0.0026247850619256496,-0.06973648071289064,0.016708875074982643,0.03534901887178421,-0.07056275755167007,-0.031637147068977356,-0.034545134752988815,-0.03767199069261551,-0.06397620588541031,-0.0015789755852892995,0.014113633893430231,-0.0277060829102993,0.004590486641973257,-0.04081378504633904,0.032900620251894,0.052118223160505295,-0.04652734473347664,0.02465142495930195,-0.09679748862981795,0.0001771332317730412,-0.02696232683956623,-0.01986894942820072,0.02866868488490581,0.049415212124586105,-0.007742900867015123,0.053574588149786,0.14074984192848203,0.06429199129343033,-0.03714758157730103,-0.03046960011124611,-0.0313035286962986,-0.08787383139133453,0.00967557542026043,-0.04475990682840347,-0.0004401293117552996,-0.03025173395872116,-0.05787008628249168,0.020572688430547718,-0.009660191833972931,0.029205305501818657,-0.03750600665807724,-0.014364794827997684,-0.03430013731122017,0.06111863628029823,-0.028158545494079586,-0.02359524182975292,0.008056418038904667,-0.01105091068893671,-0.05190042033791542,0.016637651249766346,-0.010527381673455238,0.01738055795431137,-0.015229616314172745,-0.03625853732228279,0.04241298511624336,-0.03038468770682812,-0.02907097898423672,0.07085711508989334,0.001731686876155436,-0.012286851182579994,-0.08606578409671782,0.0030646668747067447,-0.06252122670412064,-0.06095268204808235,0.06568866223096848,-0.0445278100669384,-0.07017817348241806,0.018574183806777,0.04241800308227539,0.03639595210552216,-0.021085603162646294,-0.06670555472373961,0.05354902520775794,-0.0804738774895668,-0.001576265669427812
-0.03741733357310295,0.019538208842277527,-0.002291972516104579,0.0,-0.02007395774126053,0.0036943526938557616,-0.011074087582528591,0.01545453816652298,1.1433044164732564e-05,-0.028672924265265465,-0.008432616479694843,0.0045927744358778,-0.07819776982069014,-0.02714148908853531,0.06851359456777573,0.045807581394910805,-0.0035477427300065756,-0.03438038378953934,-0.07172916829586029,-0.02676156535744667,-0.004242851398885249,-0.041723787784576416,0.035638786852359765,0.002390883397310972,0.022649604827165604,0.0029592171777039766,-0.032986901700496674,-0.05799365416169167,0.024362813681364056,-0.0148548511788249,0.02199795097112656,-0.04260868206620216,-0.036570582538843155,0.008218563161790371,-0.00865202397108078,-0.026365449652075768,-0.020033016800880432,0.008040767163038252,-0.0271624606102705,0.010977334342896938,0.009898986667394638,0.017781183123588562,0.0076856743544340125,-0.04807988926768303,-0.0119453277438879,0.02966298907995224,0.015142171643674372,-0.05034790188074112,-0.03264768794178963,-0.015270142816007136,0.011257071048021317,-0.090760700404644,0.010671634227037428,0.05841865763068199,0.0008480077376589179,-0.014358390122652052,0.00638186652213335,-0.020326076075434685,-0.07320079207420349,0.010780038312077522,-0.006767441518604755,0.03373481705784798,0.03042888268828392,-0.011082103475928307,-0.0031370611395686865,-0.09396694600582121,-0.034874167293310165,0.030036563053727146,-0.031854141503572464,0.018413133919239044,-0.008209167048335075,-0.04057228937745094,-0.03570177033543587,-0.03553365170955657,-0.051807790994644165,-0.049026377499103546,-0.03054836578667164,-0.003463731845840812,-0.04856018349528313,0.03507357835769653,-0.03886738419532776,-0.06370729207992554,-0.01835810951888561,0.005622897762805224,0.025545325130224228,-0.013035347685217856,0.046284351497888565,0.03282931819558144,0.01415862701833248,0.03353555127978325,-0.03391900658607483,0.026649702340364456,0.013534557074308395,0.016060827299952507,-0.03496949374675751,-0.038850925862789154,-0.0425865612924099,0.023744428530335423,-0.014862352050840855,-0.003759786952286959
-0.01794934645295143,-0.018161335960030556,-0.02711541578173637,-0.02007395774126053,0.0,0.015957407653331757,-0.015670640394091606,0.022532436996698376,0.003360603470355272,-0.01289747841656208,-0.0005351172876544297,-0.00954306684434414,-0.005069965496659279,-0.016394225880503654,-0.03102273121476173,-0.043092172592878335,-0.020042899996042248,-0.024922236800193783,-0.019577987492084503,0.0013632969930768013,0.0001581550313858315,-0.021414708346128464,0.003829453140497208,-0.022659622132778168,-0.0048266444355249405,-0.021398127079010006,-0.004353251773864031,-0.00261828675866127,-0.01114304643124342,-0.015589977614581583,0.0008325138478539885,-0.020136892795562744,-0.011281711049377918,-0.009480669163167475,-0.012353952042758465,-0.014908958226442335,-0.008514124900102614,-0.022221580147743225,-0.002586788730695844,-0.003958665765821934,0.0022742408327758312,0.00273093837313354,0.016675308346748352,-0.03773393109440804,-0.012979802675545216,-0.02740561589598656,0.014589842408895493,-0.0474405325949192,-0.017777644097805023,0.0011606760090216994,-0.007609109859913588,0.0076876915991306305,0.025990858674049377,0.012214424088597296,-0.011022174730896948,-0.01852392964065075,-0.01839842647314072,-0.029701396822929382,-0.005066532175987959,-0.01266601774841547,-0.0033701532520353794,0.003517657052725553,-0.028126055374741558,-0.009979487396776674,-0.0012915119295939803,0.0072941011749207965,-0.02708905003964901,0.03347821533679962,-0.04090012982487679,0.007432507816702127,-0.01159902848303318,0.0005724263028241694,-0.0010860301554203031,-0.024637602269649506,-0.013547416776418684,-0.02304784208536148,-0.019813973456621167,-0.04423830285668373,-0.018252059817314148,-0.0014188620261847973,-0.01717100292444229,-0.03540142998099327,-0.003429978853091597,0.019439520314335823,-0.0001395385479554534,-0.01382591389119625,-0.0140833780169487,-0.015379191376268864,0.011800996959209442,0.005213302094489336,0.0005090601043775678,-0.04570574313402176,0.0013207357842475176,-0.00428464449942112,-0.014932830817997456,0.0018521451856940985,-0.03555172681808472,0.02398088760674,-0.01015688106417656,-0.035143785178661346
-0.016296880319714546,-0.031623002141714096,0.07232987880706787,0.0036943526938557616,0.015957407653331757,0.0,-0.0009556384757161139,-0.10981561243534088,-0.005563781131058931,0.02864346280694008,-0.04255842044949532,-0.00422637490555644,0.007230952847748995,0.009885565377771854,-0.06365304440259933,0.02606102265417576,-0.03981184586882591,0.018675444647669792,-0.027658710256218914,-0.031068090349435806,-0.022588623687624928,-0.03815310820937157,0.02837533876299858,0.04429853707551956,-0.0486789233982563,-0.07690849155187607,0.03311939164996147,-0.01702743209898472,0.03799779713153839,0.009488756768405437,0.0014108950272202492,-0.0613313801586628,0.018076106905937195,-0.04379049316048622,-0.0141123840585351,-0.03772533312439919,-0.042030338197946555,-0.04852382093667984,0.00744162406772375,-0.03366367518901825,-0.0782536342740059,-0.025319308042526245,-0.027589524164795876,0.11181982606649397,-0.00634766835719347,0.05486630648374557,-0.048756528645753854,0.01454981043934822,-0.015277775935828684,0.02573429048061371,0.0678672268986702,-0.08539582043886185,-0.10048205405473708,-0.019584652036428448,0.009527730755507946,0.02562178298830986,0.0266351830214262,0.032902542501688004,0.02299867570400238,0.02526805549860001,-0.037970200181007385,-0.010670875199139118,-0.030723353847861287,-0.05691031739115715,-0.020081715658307076,-0.03221945837140083,0.013471953570842741,0.05442428216338158,0.0011432248866185544,-0.022166134789586067,0.0576944462954998,-0.050173234194517136,0.023451333865523335,0.007859289646148682,-0.03359176218509674,-0.0033624316565692425,-0.05915411561727524,0.026169443503022197,0.034080162644386285,-0.01101901289075613,-0.020533366128802296,-0.028613211587071415,-0.01737680844962597,-0.024495502933859825,-0.029432693496346477,0.044585548341274255,-0.01549673918634653,-0.007228762377053499,-9.085596684599297e-05,-0.02231292612850666,-0.08440437167882918,0.0005873354966752231,0.019307222217321396,-0.05574669316411018,0.010197584517300127,-0.024090534076094627,-0.015498086810112,-0.044578898698091514,0.004358789883553982,0.027021799236536023
-0.02630583196878433,-0.01528259925544262,-0.057219751179218285,-0.011074087582528591,-0.015670640394091606,-0.0009556384757161139,0.0,0.037403635680675514,0.049340479075908654,0.013998388312757015,-0.022041166201233864,-0.03413185477256775,0.025542212650179863,-0.017053216695785522,0.033200912177562714,0.01646159403026104,-0.016911445185542107,0.015770362690091133,0.012727534398436546,-0.05531701445579529,-0.006400250364094973,-0.040941841900348656,-0.04328133538365364,0.03575794026255608,0.008200397714972496,0.06040327996015549,-0.021758336573839188,-0.02479287050664425,0.02255205437541008,-0.00910137128084898,0.020683236420154568,-0.0113134840503335,-0.06534764915704727,-0.02762344479560852,0.053092654794454575,-0.05096052959561348,0.030305715277791023,0.034780099987983704,-0.02929979935288429,-0.04547862708568573,0.026350338011980057,-0.020449928939342495,-0.01604599878191948,0.019600048661231995,-0.06788857281208038,-0.042531516402959824,-0.02471793256700039,-0.011700005270540714,0.0525144524872303,-0.015162142924964428,-0.030232669785618786,0.06648160517215729,0.04691838100552559,-0.02771894447505474,-0.029698725789785385,-0.035260822623968124,-0.04373588413000106,-0.05293042585253716,-0.03400951623916625,-0.019189270213246346,-0.010389181785285471,-0.05806045606732368,-0.039943285286426544,-0.023067122325301167,-0.007413610816001891,-0.0341167189180851,-0.0162910595536232,-0.017840461805462837,-0.022177414968609806,-0.005731955636292696,0.03116831742227077,-0.012763991951942444,0.056205660104751594,-0.03562577813863754,-0.038257069885730736,0.017344776540994644,0.0028653694316744804,-0.05535360798239708,0.04404329508543015,-0.055816277861595154,0.005656522698700428,0.002379786688834429,-0.02036771923303604,-0.018333137035369877,0.092753067612648,0.003086092416197061,-0.05446407198905945,-0.028200367465615273,0.004198467824608088,0.021598540246486664,0.04085831344127655,-0.02273024059832096,0.03150854632258415,-0.03754083439707756,-0.02012333646416664,-0.06465987116098404,-0.04898587241768837,-0.043709468096494675,-0.04821093380451202,-0.012785285711288452
0.013679767027497292,-0.006362403277307749,0.08790080994367598,0.01545453816652298,0.022532436996698376,-0.10981561243534088,0.037403635680675514,0.0,0.03129354119300842,0.005475786980241537,-0.0736650824546814,-0.05890418216586113,0.03317183256149292,-0.00398048060014844,-0.03953363001346588,0.1114911139011383,-0.010457364842295647,-0.04073288664221764,0.0733499825000763,0.015989962965250015,-0.08135177195072174,0.06786937266588211,-0.02163858525454998,-0.0007856775773689152,-0.015928948298096657,-0.024117162451148037,0.07381274551153184,-0.02544605359435081,-0.02775752730667591,0.04642348363995552,0.013378637842833996,-0.04460425674915314,0.0025643790140748024,-0.05224190279841423,-0.06915592402219772,-0.00593137089163065,-0.014166480861604212,-0.03066803142428398,0.01278172805905342,-0.049654554575681686,-0.1358167827129364,-0.03542424738407135,-0.03312506526708603,0.08617991954088211,0.055113021284341805,-0.08831971138715744,-0.03442821279168129,0.02850980125367641,0.011224348098039629,-0.05204591155052185,-0.04661115631461144,-0.07781166583299635,-0.1174635887145996,-0.06634171307086945,0.015131203457713127,0.000924937950912863,0.054870408028364175,0.031456589698791504,0.035008449107408524,0.01289120502769947,-0.02024628594517708,-0.05700713023543358,-0.0373406894505024,-0.02058698423206806,-0.007541330996900797,-0.0004380221653264016,-0.010723044164478779,-0.049713276326656335,0.02016429416835308,0.0038022566586732864,0.049670159816741936,-0.0785374566912651,-0.0298499409109354,-0.012519387528300284,0.04498942568898201,-0.01844624616205692,0.01341552287340164,0.02517911233007908,-0.02073253318667412,-0.054046794772148125,-0.008875530213117598,0.031149070709943768,-0.08603460341691971,0.04677082225680351,-0.03518900275230408,0.010315843857824802,0.0196270402520895,-0.04054002091288567,-0.022729417309165,0.01606564410030842,-0.04993179440498352,-0.02423233352601528,0.01591516099870205,0.013812823221087456,0.0472206249833107,0.023243408650159836,0.002558705862611532,-0.048525366932153695,0.02388426475226879,0.00010306418698746712
-0.013176502659916876,-0.001021734206005931,-0.034408245235681534,1.1433044164732564e-05,0.003360603470355272,-0.005563781131058931,0.049340479075908654,0.03129354119300842,0.0,0.003567125415429473,0.03912254050374031,0.03488600254058838,-0.04885363578796387,0.012770076282322407,-0.03486083820462227,-0.072014220058918,0.020192060619592663,0.023784659802913662,-0.0789666399359703,0.08092512935400009,-0.04698598384857178,0.018645452335476875,0.021469198167324063,-0.05204038694500923,-0.010912290774285792,-0.029407966881990433,0.0016633105697110295,-0.030526110902428627,-0.013306698761880396,-0.00594238517805934,-0.14129936695098877,-0.002762102521955967,-0.03813726454973221,0.02605015784502029,-0.04439501464366913,0.05782568082213402,-0.03992016240954399,0.06685572117567062,-0.048554740846157074,0.03085119090974331,-0.01986579969525337,-0.10034596174955368,-0.05771848186850548,0.0019417108269408343,-0.018481999635696408,0.08873437345027924,0.03456009179353713,-0.01911654882133007,-0.07300315797328949,0.03538668900728226,-0.03672401979565621,-0.029031628742814064,0.017007621005177494,-0.007034917362034321,0.0018536691786721349,0.07981334626674653,-0.05386955291032791,0.13802267611026764,-0.11507347226142885,-0.007516472600400448,0.05430225282907485,-0.008408914320170878,0.06725797802209854,-0.04473429545760155,0.023366248235106468,-0.02189376391470432,-0.019277147948741913,-0.005895638372749089,-0.024818945676088333,-0.10464268922805786,-0.05826757103204727,0.05257532000541687,-0.0031587721314281225,0.06042107194662094,-0.07954347133636473,0.04246492683887482,0.103424996137619,-0.012478599324822424,0.1027855947613716,0.0035434917081147432,0.004985642153769732,0.041424460709095,-0.017795734107494354,-0.04070105403661728,-0.06818094104528427,-0.015508324839174747,-0.032950956374406815,-0.0010667882161214948,-0.08488167077302931,-0.04988210648298264,0.0017777513712644577,0.05564818903803825,-0.07596485316753387,-0.03705309331417084,0.01750218495726585,-0.022124746814370155,-0.02829853445291519,-0.060504041612148285,0.04177346080541611,-0.03769339621067047
-0.024150256067514416,0.04274530336260796,-0.051327630877494805,-0.028672924265265465,-0.01289747841656208,0.02864346280694008,0.013998388312757015,0.005475786980241537,0.003567125415429473,0.0,-0.03103650733828545,0.05102274939417839,-0.018207941204309464,-0.05226857215166092,-0.06779424846172333,-0.018754769116640087,-0.023079639300704,0.025535080581903458,-0.04110793024301529,0.04715343192219734,0.04449206963181496,0.006789223290979862,-0.09152896702289581,7.652772910660131e-05,-0.020011903718113896,0.06581343710422516,-0.08725754171609879,-0.014196171425282955,0.029739020392298695,0.05856561288237572,-0.0032226634211838245,0.01820949278771877,-0.04875369369983673,0.018178272992372513,9.870978828985245e-05,-0.08289187401533127,-0.022274075075984,0.04538938030600548,-0.0394807606935501,0.07891053706407547,-0.03771107643842697,-0.04354660212993622,-0.0933420956134796,-0.03535020723938941,-0.0020266002975404263,0.006183022633194923,-0.02437138557434082,0.08114718645811081,-0.016653772443532944,-0.06632088869810104,-0.016159426420927048,-0.003001937409862876,-0.013825110159814356,0.00037791338399983937,-0.006125338841229677,-0.007602442987263202,-0.05685555562376976,-0.002574371639639139,0.0825786292552948,0.01333180908113718,-0.052387528121471405,0.02586467936635017,-0.017075708135962486,0.047861248254776,0.003478894243016839,0.026231963187456128,0.013683232478797436,-0.08445682376623154,0.03256095200777054,-0.06704598665237427,-0.0689925029873848,-0.04333077743649483,-0.0834798365831375,-0.03751925379037857,0.016089092940092087,-0.053844958543777466,-0.0536419115960598,-0.035569388419389725,-0.07611572742462158,-0.025045424699783325,-0.01211373135447502,-0.01782674714922905,-0.07442029565572737,0.1442473828792572,-0.03354328125715256,0.010965146124362944,0.11972247064113616,-0.028315890580415726,-4.107240602024831e-05,0.01208991277962923,0.08907561004161833,-0.03664199262857437,-0.054678328335285194,0.06786159425973892,-0.02590061724185944,0.01372622326016426,0.03635662794113159,-0.04697804525494576,-0.026923801749944687,0.0050382474437356
-0.06189669296145439,-0.02057741954922676,0.026050565764307972,-0.008432616479694843,-0.0005351172876544297,-0.04255842044949532,-0.022041166201233864,-0.0736650824546814,0.03912254050374031,-0.03103650733828545,0.0,0.06554508209228516,-0.00794717576354742,0.051177963614463806,-0.06610848009586334,0.059765659272670746,-0.07115158438682556,0.010360856540501116,-0.03670454025268555,0.03435589373111725,-0.03790776431560516,-0.004333189688622952,-0.06348706036806107,0.1015750616788864,-0.021426307037472725,-0.00999552942812443,-0.025616262108087536,-0.06169628351926804,-0.057808492332696915,-0.029195893555879593,0.012045124545693396,9.819772822083904e-05,0.0302928164601326,-0.026834024116396904,-0.07896592468023299,-0.01781780831515789,0.0810386836528778,-5.5777465604478487e-05,-0.04678596556186676,-0.005141072440892458,0.03008006140589714,-0.07040960341691971,0.028981776908040047,0.01161761488765478,-0.07801767438650131,0.031517315655946725,0.009898003190755842,-0.03498683124780655,0.025738496333360672,-0.07148095220327377,0.04246654361486434,-0.05843668058514595,-0.044828258454799645,-0.003992689773440361,0.001730219810269773,-3.583040233934298e-05,0.05872686579823493,-0.004404728766530752,0.0008378733764402568,0.031101783737540245,-0.07233987003564833,0.0026820108760148287,-0.01666221208870411,0.000361559126758948,-0.06127624586224556,0.0665535032749176,0.004987184889614582,0.11047497391700745,-0.032036662101745605,-0.056554444134235375,0.021714970469474792,-0.057103347033262246,0.0007293044473044574,0.01248219609260559,0.022847231477499008,0.007153647020459175,-0.10063441097736359,0.02842957153916359,0.13676506280899048,-0.08295264840126036,-0.045191146433353424,-0.04994002729654312,0.028372732922434807,-0.04231640323996544,-0.002134614624083042,-0.010691724717617033,0.004080627579241991,0.06166291609406471,-0.008394583128392696,-0.0716286301612854,-0.05723248794674873,-0.053346242755651474,-0.03093967027962208,-0.045023489743471146,0.04373011738061905,0.0006833989173173904,-0.017184529453516006,0.07464708387851715,-0.031839076429605484,0.0016617538640275595
-0.021992042660713196,-0.029128406196832657,-0.05518655851483345,0.0045927744358778,-0.00954306684434414,-0.00422637490555644,-0.03413185477256775,-0.05890418216586113,0.03488600254058838,0.05102274939417839,0.06554508209228516,0.0,0.02931336872279644,-0.008016716688871382,0.13155628740787506,0.021834580227732655,0.07571183890104294,-0.027873095124959946,0.06590494513511658,-0.005476131569594145,-0.07520496845245361,-0.0025541905779391527,-0.033808715641498566,-0.07200375944375992,0.018222350627183918,-0.0003247035492677241,0.05576477199792862,-0.02522829361259937,-0.024188481271266937,-0.03390004858374596,-0.029508128762245175,-0.1022842600941658,-0.10188376903533936,-0.0220478530973196,0.022457724437117577,0.06131299957633018,-0.02394324354827404,-0.09391295164823533,0.05773482471704483,0.037992298603057854,-0.05411670729517937,0.0038591213524341583,-0.019932713359594345,-0.07268161326646803,0.021342575550079346,-0.021298591047525402,0.011137688532471657,-0.10104875266551971,-0.009022882208228111,0.0012991083785891533,-0.06033969298005104,0.10599379241466522,-0.026322724297642708,-0.031959302723407745,-0.05817526951432228,0.005002336576581,0.024457037448883057,-0.053769998252391815,-0.03828722983598709,0.024344339966773983,0.04390610381960869,-0.011759116314351559,-0.047850918024778366,-0.02801791578531265,-0.043884683400392525,-0.06397662311792374,-0.03694336116313934,-0.05101827159523964,0.019320379942655563,0.03469681367278099,0.0029517421498894687,-0.035335443913936615,0.056478992104530334,-0.0197625569999218,-0.02021212875843048,-0.01714823767542839,-0.0005530551425181329,0.0005568063934333622,0.004282365553081036,0.06612668186426163,0.000487401761347428,-0.01385591086000204,-0.024482727050781247,-0.10959026962518692,0.09101901948451997,0.0010647283634170888,0.02433420903980732,0.02440860867500305,-0.107767216861248,0.0010040415218099952,0.014863002113997936,0.007458860520273446,-0.05507571995258331,0.006978332065045834,0.03653587400913239,-0.00046997409663163126,-0.04505861178040504,-0.05513247102499008,0.0018819510005414484,0.02872695028781891
0.008680274710059166,0.02367984130978584,0.030029794201254845,-0.07819776982069014,-0.005069965496659279,0.007230952847748995,0.025542212650179863,0.03317183256149292,-0.04885363578796387,-0.018207941204309464,-0.00794717576354742,0.02931336872279644,0.0,0.032545559108257294,0.02686289884150028,0.009741826914250849,-0.03754578158259392,0.0045518456026911736,-0.02315281331539154,-0.03346279636025429,0.005526086781173944,0.03724659979343414,-0.04378968104720116,0.05257519334554672,-0.0011030203895643351,0.010598312132060528,-0.026151690632104877,-0.0242885984480381,-0.1433326154947281,-0.05181613937020302,-0.04804205149412155,-0.013224854134023188,-0.01155464444309473,0.02575570717453957,-0.016309550032019615,-0.03488323464989662,0.007219424471259117,-0.004391251131892204,0.016175679862499237,-0.02932452782988548,0.06083719804883003,0.02354421280324459,-0.017089206725358963,-0.04734543338418007,-0.012886786833405495,0.010817836970090866,0.006288995966315269,0.03852013871073722,-0.011210492812097073,-0.017974816262722015,-0.07172062247991562,-0.14136087894439697,5.243348277872428e-05,0.06196892261505127,0.003381109097972512,0.05879306048154831,-0.021502936258912086,-0.08335400372743607,-0.04227621853351593,-0.03605442866683006,0.06183975562453269,0.16643893718719482,0.03880896419286728,-0.055451862514019006,0.005518321879208088,-0.06945892423391342,-0.008031689561903475,-0.06136580184102058,-0.003022784600034356,0.007190614007413387,0.015497989021241663,0.032762546092271805,0.016130100935697556,-0.009042163379490376,-0.08054656535387038,0.024133948609232903,0.03213629871606827,0.0363873653113842,0.04652775824069977,0.06061855703592301,-0.008877044543623923,-0.005649876315146685,-0.1417851448059082,0.01243641134351492,-0.029105210676789284,-0.02975333109498024,-0.011438573710620403,-0.0847533792257309,0.05918097123503685,-0.07656248658895491,-0.04761694371700287,-0.05659789592027664,0.05647315829992294,0.033016230911016464,-0.09035196155309677,0.05784298852086067,-0.0306526031345129,-0.033508121967315674,-0.06393830478191376,0.05786830559372902
-0.0020019537769258022,-0.017331693321466442,0.028150085359811783,-0.02714148908853531,-0.016394225880503654,0.009885565377771854,-0.017053216695785522,-0.00398048060014844,0.012770076282322407,-0.05226857215166092,0.051177963614463806,-0.008016716688871382,0.032545559108257294,0.0,-0.006406125612556934,0.030738014727830887,-0.00434328056871891,-0.03286971151828766,0.03697845712304115,-0.014015405438840388,0.01503393892198801,-0.005583358462899923,0.03010972216725349,-0.08899186551570892,0.021615175530314445,0.0001975151535589248,0.015112043358385561,-0.05032699927687645,0.0706927627325058,-0.013349778950214384,0.0663725957274437,0.03007777966558933,-0.07134565711021423,0.0013541425578296185,-0.012821012176573277,-0.020157689228653908,-0.002202817006036639,0.00031354077509604394,-0.005900634918361902,-0.01646612584590912,0.00022836093557998535,-0.008047469891607761,-0.04935339838266373,-0.06062565743923187,0.012923589907586575,0.030756955966353416,-0.012593783438205717,-0.04902460798621178,-0.02291368506848812,0.002024041954427957,-0.010102695785462856,-0.03609166294336319,-0.009963090531527996,0.006241853814572096,-0.035767219960689545,-0.08006107062101363,0.007884549908339977,0.01082019880414009,0.03178461641073227,-0.07896780222654343,0.053614214062690735,-0.0035752756521105766,-0.01986932381987572,0.0810309648513794,-0.03859492391347885,-0.00925123319029808,-0.03392409160733223,-0.07820235937833786,0.0024741683155298237,-0.04625174403190613,-0.03092207573354244,0.04853252694010735,0.011018265970051289,-0.03691024333238602,-0.045951139181852334,-0.004662884399294853,-0.07234610617160797,-0.054934855550527566,-0.08918151259422302,-0.03244003280997276,0.0064324066042900085,0.00231790472753346,-0.0021004020236432552,-0.0412425734102726,-0.05172450840473175,0.013253566808998585,-0.03673067316412926,0.04106563329696655,0.0322873480618,0.024431129917502403,0.02278311923146248,0.019948393106460568,-0.028060348704457283,-0.021169574931263924,-0.021564891561865807,-0.05285161733627319,-0.0002775861357804388,0.0015482676681131124,0.02020125277340412,-0.06500173360109329
-0.1398986279964447,-0.023233044892549515,0.05011316388845444,0.06851359456777573,-0.03102273121476173,-0.06365304440259933,0.033200912177562714,-0.03953363001346588,-0.03486083820462227,-0.06779424846172333,-0.06610848009586334,0.13155628740787506,0.02686289884150028,-0.006406125612556934,0.0,-0.0035435082390904422,-0.11877085268497468,0.0027066294569522142,0.06913097947835922,-0.08289951831102371,0.06905851513147354,-2.538482294767164e-05,0.002611533971503377,-0.09885281324386595,0.06965531408786774,-0.08581790328025818,-0.020254274830222126,-0.05918729677796364,0.03529888018965721,0.007618671748787165,-0.09338866919279097,-0.03492132946848869,-0.0005922876880504191,-0.025258317589759823,-0.05703477934002876,-0.03268101438879967,-0.02933474443852901,-0.0259951576590538,-0.037289608269929886,-0.002424605889245868,0.03398735448718071,-0.02418509311974049,0.01772306114435196,-7.181930641309009e-07,0.040648479014635086,-0.08691442012786865,0.1268976330757141,-0.0009815971134230494,-0.021283999085426327,0.024290362372994423,0.045400578528642654,0.025629855692386627,-0.03487396985292435,-0.0009403246222063901,0.015186039730906487,0.07542607188224792,-0.13618484139442444,0.02232898771762848,0.0765523388981819,-0.00908056739717722,-0.07174642384052277,0.011546588502824306,-0.05034652352333069,0.09688694775104521,0.04619566351175308,0.13053838908672333,-0.002172810258343816,-2.8693491458398057e-06,-0.06194746121764183,0.024638984352350235,0.0072369640693068496,0.08582672476768492,0.017996037378907204,0.004109029658138752,0.0016660564579069614,-0.07864743471145628,0.13746856153011322,-0.01645868830382824,-0.010519147850573061,-0.0028038695454597477,0.0014940641121938825,-0.039245814085006714,-0.02328338846564293,0.0037279468961060047,0.04427483677864075,-0.037137065082788474,-0.041045155376195915,0.03441623970866203,0.017129072919487953,-0.011413181200623512,-0.014532707631587982,-0.07376370579004286,0.001999014522880316,0.026526605710387226,-0.02982714213430881,-0.05693851783871651,-0.0797080025076866,-0.015324200503528118,0.01015141699463129,0.05383217334747314
0.04080669209361076,-0.01933807134628296,-0.056184589862823486,0.045807581394910805,-0.043092172592878335,0.02606102265417576,0.01646159403026104,0.1114911139011383,-0.072014220058918,-0.018754769116640087,0.059765659272670746,0.021834580227732655,0.009741826914250849,0.030738014727830887,-0.0035435082390904422,0.0,0.01694476045668125,-0.006026209332048893,-0.08030105382204054,0.05026115104556084,0.027857689186930656,-0.011680568568408487,-0.010943565517663956,-0.06334276497364044,-0.08852460980415344,-0.055180910974740975,-0.01260821521282196,0.028759336099028587,-0.049622617661952965,-0.022306816652417183,-0.10799487680196762,0.0411590188741684,0.08430530130863188,-0.022388255223631855,0.05515214055776596,0.008732287213206291,-0.022999051958322525,-0.08257152885198593,0.02552382089197636,0.023759949952363968,-0.05253330245614052,0.018866656348109245,0.042691688984632485,-0.02852731198072433,0.017581840977072716,-0.0007709728088229895,-0.04745492339134216,0.010084238834679127,-0.04883354157209396,0.07669796794652937,0.023539604619145397,0.08157397061586381,0.031375110149383545,-0.006436653435230255,-0.0159009862691164,0.02522669546306133,-0.09139347076416016,-0.031475700438022614,0.07169792801141739,-0.06941632181406021,-0.023954907432198524,-0.0018793855560943484,-0.057637885212898254,-0.12102830410003662,0.010341738350689411,0.0587267093360424,-0.0004002139903604984,0.08242355287075041,-0.03556055575609207,0.006281161215156317,-0.07388636469841003,0.045138996094465256,0.03950004279613495,-0.00794370658695698,-0.0017815158935263753,0.006568059790879488,-0.07117351144552231,-0.06150509417057037,-0.003207729198038578,0.018620479851961132,-0.003662905655801296,-0.0030689374543726444,0.02891158126294613,0.020194869488477703,-0.08022089302539825,-0.010855916887521744,-0.11131145805120468,-0.005477550905197859,-0.024480024352669716,-0.031047783792018887,-0.04501745477318764,-0.04379413276910782,-0.009396986104547976,-0.031617727130651474,-0.07185432314872742,0.07680243998765945,0.0067495424300432205,0.011710518039762972,-0.01800602488219738,-0.07121308147907257
0.031341660767793655,-0.013985907658934591,0.023708308115601536,-0.0035477427300065756,-0.020042899996042248,-0.03981184586882591,-0.016911445185542107,-0.010457364842295647,0.020192060619592663,-0.023079639300704,-0.07115158438682556,0.07571183890104294,-0.03754578158259392,-0.00434328056871891,-0.11877085268497468,0.01694476045668125,0.0,-0.01411655731499195,-0.014933899976313114,-0.03850337490439415,0.03907623887062073,0.04840901494026184,-0.025746960192918777,-0.03764141723513603,0.03909407183527946,-0.02605057507753372,-0.03399280831217766,-0.07313023507595062,-0.03660478442907333,0.007110027130693196,-0.016606818884611126,0.07228189706802368,0.017597034573554993,0.04427648335695267,0.08336199074983597,0.015098069794476032,-0.04695000499486923,0.027440156787633892,-0.07679579406976701,-0.07299474626779555,0.14417539536952972,-0.007609982509166001,0.020636320114135746,-0.024371635168790817,0.016473839059472084,-0.08493859320878983,-0.07691185176372528,-0.05579632520675659,-0.0070097302086651325,-0.08299557864665985,-0.0868169888854027,-0.02458361908793449,0.0014671068638563156,0.012021347880363464,0.02020253986120224,-0.07045185565948486,-0.027375411242246628,-0.008658435195684433,0.039078131318092346,-0.07397748529911041,-0.036294106394052505,-0.038398679345846176,0.019169943407177925,0.07416030019521713,-0.016790825873613358,0.0403030402958393,0.012704785913228989,0.01907498389482498,-0.0143261831253767,-0.08858341723680496,0.012875610031187534,-0.09066361188888547,0.06584290415048599,0.016814349219202995,-0.019961023703217503,0.023342492058873177,0.0036177493166178465,-0.007643486373126506,-0.022755397483706474,-0.005754894111305475,0.0034153251908719535,0.0052862660959362975,-0.06832034140825272,-0.0018447155598551035,0.031969815492630005,0.02162825688719749,0.03969395160675049,0.006425338797271252,-0.01298715639859438,-0.05850273370742798,-0.0003020259609911591,-0.10170856118202208,0.04852842539548874,-0.045104123651981354,-0.02019309811294079,0.04593351110816002,-0.017108775675296783,-0.0015898378333076835,0.022260732948780056,-0.0468684509396553
-0.05520964413881302,-0.03255383297801018,-0.02133603952825069,-0.03438038378953934,-0.024922236800193783,0.018675444647669792,0.015770362690091133,-0.04073288664221764,0.023784659802913662,0.025535080581903458,0.010360856540501116,-0.027873095124959946,0.0045518456026911736,-0.03286971151828766,0.0027066294569522142,-0.006026209332048893,-0.01411655731499195,0.0,-0.006207010708749294,0.07190721482038498,-0.04585764184594154,0.014383509755134583,0.19385953247547147,-0.08789189159870148,0.01610003039240837,-0.08722590655088425,-0.05871044471859932,0.008271127007901667,-0.005068169441074133,-0.12202966958284378,0.03751738741993904,-0.0035794363357126713,-0.031990546733140945,0.014745041728019714,-0.038260925561189645,0.016188325360417366,-0.060159698128700256,-0.019034136086702343,0.011586632579565048,0.0033387215808033943,-0.0032010811846703287,-0.06994834542274475,0.066157765686512,-0.03665098547935486,-0.008546748198568821,0.04817601665854455,0.04757162928581238,-0.10208436846733092,-0.018854551017284397,0.0010499495547264814,-0.03205946832895279,0.04527121782302856,-0.03668329492211342,0.014578845351934431,-0.017957307398319244,-0.01711723394691944,0.060983967036008835,-0.04959671571850777,-0.01917979680001736,0.000349813315551728,-0.02027992345392704,0.04823500290513039,-0.01551040168851614,0.015495595522224905,-0.044708285480737686,-0.03612291440367699,-0.028028324246406555,-0.02061697468161583,-0.03297676146030426,0.0892549455165863,-0.022042308002710342,-0.0484597310423851,-0.02489709295332432,-0.05600578710436821,-0.014857364818453789,-0.02520761266350746,-0.04717030003666878,-0.017629629001021385,0.01381971500813961,0.0022406922653317447,-0.03798016533255577,-0.06049743667244911,0.004482836462557316,0.06888249516487122,-0.011536767706274986,-0.08213298022747038,0.0005101704737171531,0.06777994334697723,0.013042072765529156,0.01302541233599186,-0.09516237676143646,-0.035538200289011,0.02354033850133419,0.01610778272151947,0.03859597817063332,-0.05543974414467812,0.028598461300134655,0.032368067651987076,-0.023254891857504845,0.01730380579829216
