0,1,2,3,4,5,6,7,8,9,10,11,12,13,14,15,16,17,18,19,20,21,22,23,24,25,26,27,28,29,30,31,32,33,34,35,36,37,38,39,40,41,42,43,44,45,46,47,48,49,50,51,52,53,54,55,56,57,58,59,60,61,62,63,64,65,66,67,68,69,70,71,72,73,74,75,76,77,78,79,80,81,82,83,84,85,86,87,88,89,90,91,92,93,94,95,96,97,98,99
0.0,-0.003392580896615982,-0.0059655895456671715,-0.0028629258740693326,-0.022359974682331085,-0.025336228311061856,-0.01090729609131813,-0.005210953764617443,-0.0030852104537189007,0.09241363406181335,-0.07737142592668533,-0.0003242676320951432,-0.04008873552083969,0.016207538545131683,0.04432135075330734,0.042355287820100784,-0.0560833252966404,0.029279816895723343,0.016622737050056458,-0.0479130633175373,-0.08403309434652328,0.07976538687944412,-0.009779575280845165,0.0017425415571779013,0.0039751995354890815,-0.033567164093256,-0.05918532982468605,-0.0578082799911499,0.045346088707447045,-0.053039483726024635,-0.0032516587525606155,0.012895753607153893,-0.08449851721525192,0.022291449829936028,-0.04636327922344208,-0.04840684309601784,-0.001972559606656432,-6.607061095564858e-06,-0.04061189666390419,0.009801138192415236,-0.014559892937541008,0.0102336797863245,-0.0066816965118050575,-0.05537714064121246,-0.004905619192868471,-0.002682710764929652,0.04278823360800743,-0.035063281655311584,-0.01239086128771305,0.03155837208032608,0.022710070013999935,-0.05738440155982971,0.015632232651114464,-0.02749073877930641,0.027356082573533055,0.010962952859699726,0.004516740329563618,-0.035495225340127945,-0.09318260103464127,0.013106699101626871,0.0250720027834177,-0.025951160117983815,0.04043208807706833,0.0033395676873624325,-0.029604310169816017,-0.1034879684448242,-0.04093591123819351,-0.02635527215898037,-0.0497245229780674,-0.006776745431125164,0.07420115917921066,-0.14058120548725128,-0.005279978737235068,0.0031651128083467484,0.0055894386023283005,-0.04166776314377785,-0.022850371897220608,0.07188860327005385,0.03243694454431534,-0.00953754223883152,0.012886813841760159,0.03224305436015129,-0.039666179567575455,-0.011401709169149399,0.001580585609190166,-0.03814588859677314,0.00027228909311816096,-0.003269136417657137,0.0249662809073925,-0.03561486303806305,-0.013710883446037768,0.0022132019512355328,-0.004549034405499697,-0.01518846582621336,0.0676720067858696,0.03279682621359825,-0.039925996214151376,-0.010022828355431557,-0.018317371606826786,-0.001644894597120583
-0.003392580896615982,0.0,0.09230485558509825,-0.03818126395344734,0.03632055968046188,-0.013748389668762684,-0.04339061304926872,0.05118745192885399,-0.0142701119184494,0.021780887618660927,0.006031141150742768,0.020950615406036377,-0.007320718839764595,0.005473600700497627,0.011231922544538975,-0.02539235912263393,-2.6705707568908114e-05,-0.003180098719894886,0.010130895301699638,0.01414684671908617,-0.0761406421661377,0.05003883317112923,-0.03718295320868492,0.05601642280817032,-0.014235349372029305,-0.06378749012947083,-0.08957137167453766,-0.02879281155765057,0.06806258857250214,-0.02783762477338314,0.016385283321142197,-0.008212481625378132,-0.0003776761295739561,-0.003162819193676114,0.038069743663072586,-0.0033566385973244905,-0.009908140636980532,0.004787848331034184,-0.035198457539081573,-0.08205221593379974,-0.08740246295928955,-0.013976369984447956,-0.033937904983758926,0.005882177967578173,-0.05060242116451264,-0.044800832867622375,0.030604077503085136,-0.04572955146431922,-0.01749253459274769,0.08841975778341293,-0.06349898129701614,0.13699205219745636,-0.008585439063608646,-0.05551733821630478,0.008765166625380516,-0.08069392293691635,0.0012364969588816164,-0.051650501787662506,0.05290835723280907,-0.042644280940294266,-0.021310679614543915,-0.035488639026880264,0.0048609147779643536,-0.11837593466043472,0.040953319519758224,0.05730536580085754,0.009402825497090816,0.037842296063899994,0.02788807451725006,-0.07909996807575226,0.0003676526248455048,0.014260613359510899,0.00682080676779151,-0.024798059836030006,-0.09048721194267273,-0.038514696061611176,-0.010504770092666147,0.08861147612333298,-0.07181025296449661,-0.001478650839999318,-0.04966200515627861,0.019282396882772446,0.02998840995132923,0.0041593783535063275,0.05012272298336029,-0.009738219901919365,-0.13494719564914703,-0.09103255718946457,0.03815995156764984,0.003246979787945748,0.0751752182841301,0.05862225964665413,-0.004023413173854351,-0.04945293813943863,-0.00961728859692812,-0.0015030307695269585,0.04838028177618981,-0.03952811285853386,-0.022994615137577057,-0.06165941804647446
-0.0059655895456671715,0.09230485558509825,0.0,-0.02886517532169819,-0.020980549976229668,-0.003584591904655099,0.0257539264857769,0.03250616043806076,-0.02181685157120228,-0.13043108582496643,-0.05399620160460472,0.043029706925153725,0.04328615218400955,-0.09333843737840652,-0.0034773724619299173,-0.016612274572253227,-0.044771820306777954,0.00020712787227239457,-0.05440793186426163,-0.021907614544034004,0.013873694464564323,-0.011569641530513763,-0.0462355799973011,-0.0908765122294426,-0.03616322576999664,0.013110658153891563,0.0017098844982683659,-0.03727223351597785,0.01340736635029316,0.06712961941957474,0.10852158069610596,-0.010245477780699728,-0.010976520366966724,0.0504765659570694,-0.06939023733139038,0.0028776333201676607,-0.04285737499594688,0.03040183894336224,-0.06055616214871407,0.026902087032794952,0.0005847071879543364,0.042546890676021576,-0.04227717593312264,-0.07358250766992569,0.015492071397602558,-0.06307066231966019,0.03098860196769237,0.02379019930958748,-0.0029235121328383684,-0.007838499732315539,-0.03436912223696709,-0.026217032223939892,-0.045805674046278,0.07366675138473511,0.01693226583302021,0.05781187489628792,-0.03819841891527176,0.005289786960929632,-0.0005723534850403665,0.025549517944455143,-0.005734152626246214,-0.040645763278007514,-0.016794642433524132,0.0429934486746788,-0.021280931308865547,-0.019606737419962883,-0.10926006734371184,-0.021828802302479744,-0.010152403265237808,-0.03598392754793167,-0.07094673067331314,-0.060345306992530816,0.00821879133582115,0.013453640975058079,0.06866541504859924,0.10398773849010468,0.012886226177215576,-0.041798908263444894,-0.021886670961976048,-0.0755384638905525,0.054263677448034286,-0.028780320659279823,-0.016414402052760124,0.06558038294315338,-0.08097796142101286,-0.05901964753866196,0.03786177933216095,-0.006769440602511168,-0.04961666464805603,-0.0326804593205452,-0.008506403304636478,0.0012710395967587829,-0.02055848017334938,-0.006955584045499563,-0.0807044431567192,0.020655386149883274,0.057189058512449265,-0.0005557847325690091,-0.01658952049911022,0.06254229694604874
-0.0028629258740693326,-0.03818126395344734,-0.02886517532169819,0.0,0.09772579371929167,-0.0086705032736063,-0.07005057483911514,0.00036595435813069344,-0.02224617078900337,0.0014064848655834794,-0.015363110229372978,-0.05791713297367096,-0.06920675933361053,0.019482493400573727,-0.015467480756342413,0.020276663824915882,-0.045244231820106506,-0.02277567610144615,0.005644751712679863,-0.018941905349493023,0.08314071595668791,0.12638770043849945,-0.04301784560084343,-0.03719950094819069,0.0656418427824974,-0.0011499517131596804,-0.011824362911283968,0.05709929019212722,-0.02920019999146461,-0.009767927229404448,0.07276453077793121,-0.019292818382382393,0.05090557038784027,-0.03196146339178085,-0.01414600759744644,0.04984863102436066,0.024513510987162593,0.08373676985502243,-0.03954467177391052,-0.005096365697681904,0.00738608231768012,0.05589000135660172,-0.05451277270913124,-0.12970367074012756,0.03280940651893616,0.026400135830044743,-0.07795556634664534,0.011053339578211308,-0.04834777116775513,-0.0013154760235920548,-0.05324293300509453,0.028596611693501472,0.0072285165078938,0.056663431227207184,-0.021484727039933205,0.039555255323648446,0.00208699144423008,0.006084388587623835,0.040856100618839264,-0.05563824996352196,0.005589624866843224,-0.017931638285517693,0.039464794099330895,0.021188016980886456,-0.041687965393066406,-0.05213810130953789,-0.028319666162133217,0.016446877270936962,-0.006993579212576151,-0.04186436161398888,-0.030616490170359608,-0.00808906089514494,-0.040561266243457794,-0.04588782414793968,-0.05149628967046738,-0.0007885261438786982,-0.05841412395238876,-0.11688721179962158,-0.06227606162428856,-0.026114402338862416,0.006376359611749649,0.037026889622211456,-0.02045927941799164,0.03403947874903679,-0.016551565378904343,0.059844724833965295,-0.06993752717971802,-0.07928259670734404,-0.0005935206427238882,-0.03149209916591644,-0.06611110270023346,-0.07545436918735504,0.04529242217540741,-0.01683863066136837,-0.006132122129201889,0.018815143033862117,-0.038907993584871285,-0.024891218170523643,0.0019532833248376846,-0.01583961583673954
-0.022359974682331085,0.03632055968046188,-0.020980549976229668,0.09772579371929167,0.0,0.09978037327528,0.05445282533764839,0.04030590504407883,0.015988530591130257,0.026579167693853375,-0.0459866039454937,0.021971879526972767,-0.03719993680715561,-0.0031911118421703577,-0.01486759539693594,0.022273613139986992,0.007080073468387127,-0.020162355154752728,-0.046646542847156525,-0.024242840707302094,-0.020416127517819405,-0.077858567237854,-0.07087337225675583,-0.08116929233074188,-0.06075548753142357,0.03999169915914536,0.003033587709069252,-0.04330816492438316,0.04576273635029793,-0.02196694910526276,-0.019281724467873573,-0.04490363225340843,-0.03836995735764504,0.020225485786795616,-0.01239568181335926,-0.0551820807158947,0.005901583004742861,-0.09566859155893324,-0.04130694642663001,-0.0032287058420479298,-0.0025826417841017246,-0.06592051684856415,0.005276372190564871,0.053095094859600074,0.014091080985963345,0.0011864884290844202,0.020410714671015736,-0.04382696002721786,-0.02561219595372677,-0.08805943280458449,-0.0151584567502141,-0.09792321175336835,-0.01923363655805588,0.06204769015312194,0.009697869420051575,-0.013216018676757812,-0.07088416814804077,-0.029804857447743412,-0.01829618588089943,-0.03953481093049049,-0.02353274077177048,-0.005055060610175133,-0.03375240042805672,-0.03346778824925423,0.09508089721202849,0.009045605547726154,0.011111907660961153,-0.042823538184165955,0.03559006750583649,0.050795067101717,-0.03131828084588051,-0.04190509766340256,-0.1145479828119278,-0.0090888449922204,0.04093801975250244,-0.011617476120591164,0.07707740366458893,0.019290661439299583,0.0030646934174001217,0.09815941005945203,-0.019953634589910507,0.003878565737977624,-0.07523611932992934,-0.05594383180141449,0.04471788182854653,-0.0029205710161477327,-0.009661800228059294,0.010676360689103603,-0.026463443413376808,-0.019087541848421097,0.07985004037618637,-0.04793945699930191,-0.022976925596594807,-0.030556283891201016,0.02740548923611641,-0.015696508809924126,0.0022024621721357107,-0.009365190751850605,0.0030148737132549286,0.017195336520671844
-0.025336228311061856,-0.013748389668762684,-0.003584591904655099,-0.0086705032736063,0.09978037327528,0.0,-0.05486501380801201,0.013544901274144648,-0.053302478045225136,0.04105620086193085,0.01577790640294552,-0.013313707895576952,-0.057746727019548416,0.007581498939543962,-0.001006286242045462,-0.02995648793876171,-0.08013828098773955,-0.06896120309829712,-0.018028177320957184,-0.002451602835208177,-0.012091988697648048,0.012487124651670456,0.030618993565440174,0.007512464188039303,-0.012651609256863594,0.049116600304842,-0.08281781524419785,0.026296276599168777,-0.035208847373723984,-0.03944089636206626,0.04008988663554192,-0.06041453033685684,0.024373980239033696,-0.06923661381006241,-0.01873016729950905,0.037170857191085815,-0.03980659693479537,0.022860866039991375,0.04256691411137581,-0.07219804078340529,0.07812502235174179,0.005458365194499493,0.029245296493172646,0.003987515810877085,0.02359078451991081,0.0012882244773209095,-0.05207613483071327,-0.03484002873301506,0.020124338567256927,-0.05206812918186188,0.01678503304719925,0.0290854275226593,-0.031242744997143745,-0.173788845539093,0.0999125838279724,0.014964842237532139,-0.005135898012667894,-0.02301195077598095,-0.03666135296225548,0.00620882585644722,0.01811839267611504,0.0010883198119699955,0.005325088277459145,0.06320587545633316,-0.10661610215902328,-0.01686922088265419,-0.01100417412817478,-0.017447439953684807,0.07108525931835175,-0.018319664523005486,-0.01983654126524925,-0.04502538219094277,0.1347588151693344,0.07268871366977692,-0.03167712315917015,-0.07344353199005128,0.029987726360559464,-0.025605348870158195,-0.02334916964173317,-0.07037065923213959,-0.025370612740516663,-0.10293511301279068,-0.04119335860013962,0.025393690913915638,-0.07950778305530547,0.010702339000999928,0.04141879826784134,0.0407707616686821,0.02807730622589588,-0.03694267198443413,-0.009219501167535778,-0.054936133325099945,0.0037178685888648033,0.03154638037085533,-0.04047726839780808,-0.02770460583269596,-0.03667283803224564,-0.011936926282942297,0.010382888838648796,0.0030788013245910406
-0.01090729609131813,-0.04339061304926872,0.0257539264857769,-0.07005057483911514,0.05445282533764839,-0.05486501380801201,0.0,0.008650639094412327,0.04804166406393051,0.022163962945342064,0.029907951131463047,0.00015476057888008654,-0.05748298019170761,0.002592376433312893,0.0045286817476153365,0.0069308276288211354,-0.07728731632232666,-0.019075972959399223,0.024602908641099926,0.0673060491681099,-0.05019748583436012,0.04888957366347313,0.019801290705800056,0.02980302833020687,0.005924232304096222,0.035991255193948746,-0.03343415632843971,0.013690188527107239,-0.029644684866070747,-0.05513621494174004,-0.021021462976932526,-0.025149619206786156,0.0408351719379425,-0.014687568880617619,0.03675021231174469,-0.02042259462177753,0.04238122329115868,0.08069659769535063,-0.048071525990962975,0.02932154014706612,0.0224468931555748,-0.010212225839495657,-0.02620074339210987,0.03188399598002434,-0.01490173302590847,-0.11343405395746232,-0.016564810648560524,0.017373692244291306,0.019213808700442318,-0.058930683881044395,-0.005911907181143761,0.02065880224108696,-0.05707981437444687,0.020337332040071487,-0.08697577565908432,0.004642271436750889,0.0037814131937921047,-0.006464102771133184,-0.04813112691044808,-0.034479118883609765,-0.014219489879906176,-0.01588621735572815,-0.01697400212287903,0.05004296824336052,0.03192577511072159,-0.08671929687261581,-0.013643711805343628,-0.005427681840956211,-0.004356012679636478,0.01970487460494041,-0.05308529362082481,0.04490936920046806,0.005499085411429405,-0.04648575186729431,-0.00882642064243555,-0.06929752230644226,-0.03794973343610764,-0.018377250060439106,-0.08084284514188766,-0.027752891182899475,-0.07864642888307571,-0.02890181168913841,0.03900361061096192,0.07206592708826065,-0.07094640284776688,0.032021064311265945,-0.046320728957653046,-0.015036248601973057,-0.03355167806148529,0.04757673665881157,-0.02124682068824768,0.020959002897143364,-0.010830610990524292,-0.033003564924001694,-0.015189195051789284,-0.04569447785615921,-0.008600952103734016,0.007536575198173523,-0.023928167298436165,-0.021353185176849365
-0.005210953764617443,0.05118745192885399,0.03250616043806076,0.00036595435813069344,0.04030590504407883,0.013544901274144648,0.008650639094412327,0.0,0.03029164858162403,-0.054137598723173135,-0.014894812367856503,-0.04391356185078621,0.019785813987255096,-0.02909447811543941,-0.12950037419795987,0.025946035981178284,0.057853478938341134,0.07356832176446913,0.027249677106738087,0.007289052009582519,-0.02196065708994865,0.006888554897159338,0.06384002417325974,-0.03495573624968529,0.041679777204990394,-0.07534728944301605,0.01419688668102026,-0.00018087425269186497,-0.06383178383111954,0.0087539991363883,-0.07062386721372604,0.02648279443383217,-0.1162109598517418,-0.01793980598449707,0.024275025352835652,-0.002983718644827604,-0.02600772678852081,0.026494756340980526,0.09477418661117552,0.033667754381895065,-0.07154173403978348,0.014091965742409228,-0.031802698969841,0.12494467198848724,-0.0779629573225975,-0.08388027548789978,0.0024781080428510904,-0.05592068657279015,-0.02053287625312805,0.0044666556641459465,0.03096914477646351,-0.006235409528017044,-0.0006641522631980479,-0.060956820845603936,-0.04869335144758224,0.07901453971862793,0.033396732062101364,-0.03083086386322975,-0.05393213778734207,0.05121072381734848,0.019029432907700535,0.008309153839945793,0.020341701805591583,-0.0158945694565773,-0.046187225729227066,0.07581011205911635,0.07812497019767761,-0.0815589800477028,0.011800714768469332,-0.039002176374197006,0.01346180122345686,-0.04148383438587189,-0.015904804691672325,-0.012349863536655903,0.0008163595921359955,0.012883359566330908,-0.05719369649887085,-0.12049905210733412,1.0157867109228391e-05,-0.0018834276124835012,-0.0380266010761261,-0.051231905817985535,-0.02004370465874672,-0.06534954905509949,0.021941104903817177,0.13664989173412323,1.1448301847849505e-05,0.020042903721332554,-0.04738495871424674,-0.07229088246822357,-0.11141414195299149,-0.040247101336717606,-0.03233863785862923,-0.04673106968402863,-0.0005524617736227809,0.04502813518047333,-0.03958301618695259,0.07728472352027893,-0.08824300765991211,-0.02670641615986824
-0.0030852104537189007,-0.0142701119184494,-0.02181685157120228,-0.02224617078900337,0.015988530591130257,-0.053302478045225136,0.04804166406393051,0.03029164858162403,0.0,-0.01786826178431511,-0.06969095766544342,0.009499458596110346,0.016038216650485992,-0.03496253490447998,-0.025919232517480847,-0.017041310667991638,-0.024628568440675732,-0.00201734178699553,-0.05107470974326134,-0.08605796098709105,0.05358745530247688,-0.009881647303700449,-0.1020161435008049,0.017191028222441673,-0.01721171103417873,-0.08320415019989012,0.04184463992714882,-0.03639023751020432,-0.011585971340537071,0.025016488507390022,-0.015486160293221472,-0.0170592088252306,-0.0016591714229434729,-0.027474306523799896,0.024817973375320435,0.0022652349434792995,-0.008471144363284111,-0.038942385464906686,-0.034630682319402695,-0.09580703079700469,0.01782071962952614,-0.012112261727452278,-0.011084136553108692,0.031598206609487534,0.015255318954586983,-0.07567747682332993,-0.04505939781665801,0.014515947550535202,0.002435965929180384,0.0030470392666757102,-0.06478502601385117,0.04043831303715706,0.06179964542388916,-0.06322380155324936,0.0071447365917265415,-0.008998899720609186,-0.05647651478648186,0.1395772397518158,-0.014220674522221088,0.02197032794356346,-0.019290633499622345,0.0477820411324501,-0.033626176416873925,-0.010813044384121895,-0.09281578660011293,-0.027043431997299194,-0.03787357360124588,0.06094266101717949,-0.0806373879313469,-0.033910322934389114,0.040289439260959625,0.028588693588972088,0.0939524546265602,-0.03877340629696847,-0.07464652508497238,0.07802486419677734,0.01819976605474949,0.04375595971941948,0.015725433826446533,0.03507109731435776,-0.0003927017096430063,0.016127774491906166,-0.04659510403871536,-0.08532844483852385,0.077390156686306,-0.003069970989599824,0.00796446017920971,-0.023014219477772713,-0.019803607836365696,0.015979021787643433,-0.04142409935593605,-0.050331730395555496,0.08563718199729918,-0.01086509507149458,0.002027790062129497,-0.05859378725290298,-0.021085325628519055,-0.05873795226216316,0.01655210740864277,0.03967864811420441
0.09241363406181335,0.021780887618660927,-0.13043108582496643,0.0014064848655834794,0.026579167693853375,0.04105620086193085,0.022163962945342064,-0.054137598723173135,-0.01786826178431511,0.0,-0.03420427814126015,0.1566151976585388,0.08667102456092833,0.09277950227260588,-0.01457198429852724,-0.014413130469620228,0.0014466410502791405,-0.02716069296002388,0.0006796161760576068,-0.020289091393351555,-0.0402994193136692,-0.1799425333738327,8.855100531945936e-06,-0.01113782450556755,-0.04541797935962677,-0.037830453366041183,-0.042836744338274,-0.0005983610171824694,-0.07491215318441392,0.04797198623418808,-0.01675957441329956,-0.05633421242237091,0.07948594540357588,-0.001465403358452022,0.03872495889663696,0.005940264090895653,-0.07330916821956633,-0.022427882999181747,0.021076811477541924,0.03504359722137451,-0.0929896757006645,0.050408754497766495,0.03431156277656555,0.00284704752266407,-0.05363246425986289,0.024536460638046265,-0.052491407841444016,0.007155719678848982,0.015703139826655388,-0.028879540041089054,-0.04371337592601776,-0.020074335858225822,-0.01364712044596672,0.07462609559297562,0.015100211836397648,-0.07307305186986923,0.0017706017242744565,-0.01731233298778534,0.05983548611402512,0.013263331726193428,0.021900096908211708,0.0014383113011717796,-0.060429319739341736,-0.02523883059620857,-0.054075110703706734,-0.02595561929047108,0.0067471787333488464,-0.01178536843508482,-0.025021975859999657,-0.0001104896728065796,0.022134102880954742,-7.10539552528644e-06,0.08229976147413252,-0.04768688231706619,-0.021833686158061028,-0.0007827564259059726,0.01139016170054674,-0.15402503311634064,-0.048129204660654075,-0.03982456028461456,0.0620148740708828,0.02757434174418449,0.0006937100552022457,0.1501425951719284,0.04630535840988159,-0.09526577591896056,-0.05802857875823975,-0.026269499212503437,2.8913177629874558e-06,-0.047975022345781326,-0.032481368631124496,-0.021948723122477528,0.009205587208271025,-0.002514644293114543,-0.02077865600585937,0.03537366166710853,-0.0613214448094368,0.04693952947854996,-0.05541745573282242,0.05787471309304237
-0.07737142592668533,0.006031141150742768,-0.05399620160460472,-0.015363110229372978,-0.0459866039454937,0.01577790640294552,0.029907951131463047,-0.014894812367856503,-0.06969095766544342,-0.03420427814126015,0.0,0.023799898102879524,0.019098659977316856,-0.07080531120300293,0.027314182370901108,0.04441879317164421,-0.05527839809656143,0.002455418230965733,-0.009873884730041027,-0.040465157479047775,-0.025560431182384487,0.042366273701190955,-0.0004816489527001977,0.0025304208975285287,0.0012756487121805549,-0.09842923283576963,0.015618971548974514,-0.02813980169594288,0.014019783586263657,-0.015848692506551743,0.027124386280775074,0.053346529603004456,-0.04067379608750343,0.02265158481895924,-0.020804101601243016,-0.013115816749632359,0.0015485200565308332,-0.026737518608570095,-0.05354278907179832,-0.07929427176713942,0.015472893603146076,-0.011858580633997915,-0.018031181767582893,0.029416052624583244,-0.07103557884693146,-0.022803267464041706,-0.034460026770830154,-0.031342763453722,-0.013488712720572948,-0.0025387750938534737,0.0002716657763812691,-0.08958911150693893,0.021983101963996887,0.002299937419593334,0.015863943845033646,0.05971366912126541,0.023152718320488926,0.055874116718769073,-0.07804777473211288,0.030636699870228767,-0.003909398335963488,-0.009961016476154327,0.013342401012778282,-0.005006194114685059,-0.01809417456388473,-0.03195496648550033,-0.07367175072431564,-0.022619929164648056,-0.015259250998497008,-0.02036690153181553,-0.0243011936545372,-0.02161849103868008,0.011534174904227257,-0.040979024022817605,0.006340907886624336,0.053883805871009834,0.055606767535209656,-0.040291860699653625,-0.06028589233756065,0.04146507009863853,0.003993683494627476,0.056901611387729645,-0.024526581168174744,-0.0549170970916748,0.04660066217184066,-0.0403955914080143,-0.03361172229051589,-0.02772133238613605,-0.033402975648641586,0.0008205631747841835,-0.01198459044098854,-0.02850265055894852,0.061366945505142205,-0.00204158085398376,0.018719060346484184,0.07726351916790009,0.019887180998921394,-0.01064679119735956,-0.02546270005404949,-0.02665535919368267
-0.0003242676320951432,0.020950615406036377,0.043029706925153725,-0.05791713297367096,0.021971879526972767,-0.013313707895576952,0.00015476057888008654,-0.04391356185078621,0.009499458596110346,0.1566151976585388,0.023799898102879524,0.0,0.00954812578856945,0.06038383394479752,-0.05654254928231239,0.0021150498650968075,-0.009021762758493423,-0.10426826030015944,-0.02130787633359432,-0.02724803984165192,0.15693810582160947,0.038281187415122986,0.08568324893712997,-0.04758914187550545,0.06398437917232513,-0.011312067508697508,0.05446372181177139,0.027028487995266914,-0.03308586031198501,-0.027991104871034626,-0.038947787135839455,-0.02510756812989712,0.03974687680602074,0.05026118829846382,-0.0524967648088932,0.050504911690950394,-0.030625587329268452,0.01881102286279201,-0.03996023163199425,-0.04642273485660553,-0.08713942766189574,-0.07015325129032135,-0.008300794288516045,-0.04194368049502373,0.037893909960985184,0.03738958016037941,0.022731225937604904,-0.06859385967254639,-0.03731154277920722,0.025660792365670204,0.013912742026150227,-0.034899190068244934,-0.0635785236954689,-0.04888651892542839,-0.06294558197259903,0.00722311343997717,0.06968799233436584,0.02024843916296959,0.043295275419950485,-0.005708277225494385,-0.012740119360387324,0.020366739481687542,-0.03786640241742134,-0.05149843543767929,-0.031860120594501495,-0.01852338574826717,-0.002294552279636264,-0.04070574417710304,6.65826300974004e-05,-0.017612474039196968,0.017864158377051353,-0.038207553327083595,-0.10067974030971528,-0.04221586138010025,0.03267452120780945,0.042090967297554016,-0.04869259148836136,0.03592496365308761,0.03943897038698197,-0.0365476831793785,0.003252769820392132,-0.034678857773542404,-0.01893044449388981,-0.08847487717866898,-0.09886009991168976,0.0209544375538826,0.06467815488576889,-0.04168194904923439,-0.1129947006702423,0.02871168404817581,-0.01156998798251152,-0.00017072053742595017,-0.032586079090833664,0.02046455442905426,-0.03734941035509109,-0.0888965427875519,0.016109148040413857,-0.025472478941082954,0.02307254821062088,-0.029296329244971275
-0.04008873552083969,-0.007320718839764595,0.04328615218400955,-0.06920675933361053,-0.03719993680715561,-0.057746727019548416,-0.05748298019170761,0.019785813987255096,0.016038216650485992,0.08667102456092833,0.019098659977316856,0.00954812578856945,0.0,0.08602062612771989,0.03959798440337181,0.013549511320888996,0.042875181883573525,-0.03127292916178703,-0.025939522311091423,-0.0015877648256719112,-0.02988888509571552,0.08807569742202759,-0.03622129559516907,-0.008763631805777548,-0.06543716043233871,0.04670007526874542,-0.051446262747049325,-0.03873312845826149,-0.00250378530472517,-0.00898969732224941,0.025557296350598332,-0.060141753405332565,-0.015387818217277527,-0.009711692109704016,-0.12148740142583848,-0.06438720971345901,0.08656361699104309,-0.05723260343074799,0.05189485847949982,0.01616799645125866,0.027451246976852417,-0.013149659149348736,-0.0026996720116585493,-0.015910450369119644,-0.026098053902387616,0.004137345124036074,0.03740930184721947,-0.0398038849234581,-0.007958388887345793,0.020877495408058167,0.012515252456068993,0.021409105509519577,-0.050330955535173416,0.0969477966427803,-0.01937480829656124,-0.01689371094107628,-0.07658316195011139,0.012808797881007195,-0.05667652189731598,-0.031132062897086143,-0.015905670821666718,-0.016113299876451492,0.04135003313422203,-0.0036214063875377174,0.012298613786697388,-0.0741187185049057,0.02237588167190552,0.045505359768867486,0.022423382848501205,-0.02003038674592972,-0.05658046901226044,0.005356727633625269,0.051605656743049615,0.04230637475848198,-0.013706429861485958,-0.019746696576476097,-0.0432484745979309,-0.06397440284490585,-0.04027450084686279,0.056153398007154465,-0.0812786966562271,-0.039430387318134315,-0.10779976099729537,0.022938964888453484,0.02138262428343296,0.12828455865383148,-0.0015847203321754932,0.020917389541864395,0.06748931109905243,-0.043985430151224136,-0.06319783627986908,-0.06911472231149673,-0.00016291708743665367,-0.03879505023360252,-0.03162189945578575,0.04347171634435654,-0.08075634390115739,-0.04591947421431541,0.0638856291770935,-0.05848232656717301
0.016207538545131683,0.005473600700497627,-0.09333843737840652,0.019482493400573727,-0.0031911118421703577,0.007581498939543962,0.002592376433312893,-0.02909447811543941,-0.03496253490447998,0.09277950227260588,-0.07080531120300293,0.06038383394479752,0.08602062612771989,0.0,0.08167207986116409,-0.030293367803096768,0.033471960574388504,0.011400014162063599,0.04416978731751441,0.023754380643367767,0.0327010452747345,0.011990466155111788,-0.07649222016334532,-0.09476039558649064,-0.11605285108089448,1.6290266557916766e-06,0.07513629645109177,-0.05487668886780738,-0.03101850673556328,0.03377482295036316,0.08288880437612532,0.037065453827381134,-0.015569718554615974,-0.022146476432681084,0.08137719333171843,-0.004309747833758593,-0.041074831038713455,0.018625805154442787,-0.0626143217086792,-0.020374007523059845,0.016845431178808212,0.03255277872085571,-0.0164191797375679,0.06513969600200653,-0.017721135169267654,0.02195136435329914,-0.04866058751940727,0.011177249252796171,-0.015570138581097126,-0.1259782761335373,-0.05155673623085021,-0.04779612645506858,-0.04983082413673401,-0.07052348554134369,0.018348759040236477,0.14234468340873718,0.005739023443311453,-0.05036913976073265,-0.04970266297459602,-0.03718456998467445,-0.025330975651741028,0.028663864359259605,0.1007046028971672,0.013217128813266754,0.038722213357687,0.06545368582010269,0.04462691023945808,0.03132203221321105,-0.06537043303251265,-0.053600363433361047,-0.01706733927130699,0.0022526620887219906,-0.0504065714776516,0.04746158793568611,-0.0014357476029545069,-0.03953618556261063,-0.14409659802913663,-1.2666397424254683e-06,-0.0487147532403469,-0.08292503654956818,0.030814798548817635,-0.07322312146425246,0.08345961570739746,-0.042753934860229485,-0.0010923000518232584,0.05119400843977928,-0.04658330231904984,0.025320228189229965,0.02727924659848213,-0.0452318862080574,0.016996445134282112,-0.01113205961883068,-0.03082912042737007,0.0258471705019474,0.01009046286344528,-0.07098037004470825,0.021243078634142876,-0.12214631587266922,-0.050871994346380234,0.07975775003433228
0.04432135075330734,0.011231922544538975,-0.0034773724619299173,-0.015467480756342413,-0.01486759539693594,-0.001006286242045462,0.0045286817476153365,-0.12950037419795987,-0.025919232517480847,-0.01457198429852724,0.027314182370901108,-0.05654254928231239,0.03959798440337181,0.08167207986116409,0.0,-1.6618483869024203e-06,-0.02734299749135971,0.015037749893963335,-0.012844230979681017,0.006207268685102463,-0.07935989648103715,0.05356645211577416,0.006363134831190108,-0.11420108377933502,-0.005950107239186764,0.023326484486460686,0.034893523901700974,-0.02479296922683716,0.08552872389554977,-0.0986127257347107,-0.0634484589099884,-0.04361112043261528,-0.08697596192359923,-0.061636585742235184,0.005835713818669319,0.04658094048500061,-0.0921943187713623,-0.02073966898024082,0.013453448191285132,0.01988133229315281,-0.03166478872299194,0.0006341770640574396,0.046849004924297326,-0.04279383644461632,-1.5387402527267113e-05,-0.06938928365707397,0.004624188877642155,0.08034199476242065,-0.018231466412544247,0.023712210357189175,-0.06940615922212601,0.03226812183856964,-0.012889613397419453,0.04296471923589706,-0.010869079269468784,-0.00042965248576365406,-0.0869179368019104,0.04526512324810028,0.08870575577020645,-0.07601284980773924,0.011065123602747915,-0.012830034829676151,-0.09800150245428083,0.07829277217388153,-0.027216386049985886,0.18419188261032104,-0.027538150548934937,-0.0366290882229805,0.05816864967346192,-0.02603282034397125,0.06250206381082535,-0.04034066200256348,0.01486517023295164,0.05095997452735901,-0.016637634485960007,-0.0025079622864723206,-0.0311748031526804,-0.0012504572514444587,0.0775497481226921,0.07153504341840744,-0.04348886385560036,0.026673881337046623,0.07937005907297134,-0.07353851199150085,-0.008609822951257229,-0.02117479406297207,0.001175475539639592,-0.04599182307720184,-0.04603970795869827,-0.01752467267215252,-0.08340229839086531,0.02893354929983616,-0.0004016485181637108,0.05403202772140503,-0.07380043715238571,-0.03128405287861824,-0.11863192170858385,0.027372481301426888,-0.034623708575963974,-0.009813899174332617
0.042355287820100784,-0.02539235912263393,-0.016612274572253227,0.020276663824915882,0.022273613139986992,-0.02995648793876171,0.0069308276288211354,0.025946035981178284,-0.017041310667991638,-0.014413130469620228,0.04441879317164421,0.0021150498650968075,0.013549511320888996,-0.030293367803096768,-1.6618483869024203e-06,0.0,-0.04606087133288384,0.0258660688996315,0.0006545871729031205,-0.016264017671346664,0.0001991173339774832,-0.03715704381465912,0.03264305368065834,-0.05131926015019417,-0.012379689142107964,0.019839847460389137,0.1011350080370903,0.022545777261257168,-0.05752420797944069,0.031556259840726845,0.02403999865055084,0.01570824347436428,0.09081143885850905,0.05837540328502655,-0.14194636046886444,-0.03862571716308594,0.0030878523830324407,-0.011832796968519688,0.03599708154797554,0.03397838771343231,0.11074354499578476,-0.02514052391052246,0.0017339817713946104,-0.07593265920877457,-0.031760334968566895,-0.028434269130229946,-0.14403508603572843,0.020082950592041012,0.008972599171102049,0.0007155588828027248,-0.09089791029691696,0.09379946440458296,0.055015504360198975,-0.07011081278324127,-0.007874099537730217,-0.06994994729757309,-0.047604817897081375,-0.005720100365579128,-0.07134301960468292,-0.002826554933562875,-0.020266301929950718,-0.014811314642429352,0.045354031026363366,-0.09961798787117004,-0.023056354373693463,0.07685491442680359,0.07959920167922972,0.07379501312971115,-0.020422203466296196,0.01207530964165926,-0.06898770481348038,-0.14655587077140808,-0.019959457218647003,0.02211992815136909,-0.02577667869627476,-0.028280127793550488,0.008131223730742931,-0.033231087028980255,-0.028750110417604446,0.07744104415178299,0.04163065180182457,-0.03131021186709404,0.02132614701986313,-2.864221642084885e-05,0.006407392676919699,-0.06354448944330215,0.05782948434352874,0.08007112145423889,-0.044463466852903366,-0.01216826494783163,-0.03535753861069679,0.01682943105697632,-0.06883660703897476,0.008360594511032104,-0.040960855782032006,-0.1321223676204681,0.044305708259344094,0.038541629910469055,-0.028692521154880524,-0.10651426762342452
-0.0560833252966404,-2.6705707568908114e-05,-0.044771820306777954,-0.045244231820106506,0.007080073468387127,-0.08013828098773955,-0.07728731632232666,0.057853478938341134,-0.024628568440675732,0.0014466410502791405,-0.05527839809656143,-0.009021762758493423,0.042875181883573525,0.033471960574388504,-0.02734299749135971,-0.04606087133288384,0.0,-0.027945904061198235,0.015891514718532562,-0.013457155786454676,-0.06824485212564468,0.029527140781283375,0.026234155520796772,0.09677115082740784,0.00585571164265275,0.03179324045777321,0.06634318083524704,0.006974779069423676,0.10560594499111176,0.02111388184130192,0.03298832103610039,0.05222425237298012,0.014365981332957745,0.03454677015542984,0.030126646161079407,0.028347784653306007,-0.05460805818438529,0.06976992636919022,-0.0665312185883522,-0.03224470838904381,0.05139622837305069,-0.04548439010977745,0.002895254408940673,0.031202182173728943,-0.06010953336954117,-0.09323984384536745,-0.05114643275737762,-0.041094571352005005,0.03386038541793823,-0.07561647891998291,-0.07113289088010788,-0.01292321551591158,-0.025285957381129265,-0.01245218701660633,0.003341973526403308,-0.0369371622800827,0.009765936993062496,0.009863119572401047,-0.05684390291571617,0.046770013868808746,-0.04115122556686401,-0.0040275445207953444,-0.02150402404367924,0.07056194543838501,-0.029876017943024635,-0.06773841381072998,-0.04789078235626221,-0.04326041042804719,0.04771224036812782,-0.005134020932018757,0.00893123634159565,-0.11077070236206055,-0.06374911963939667,-0.034208640456199646,0.0008695108699612318,-0.031218199059367176,0.09909175336360931,-0.015138853341341019,0.02988804318010807,-0.057035397738218314,-0.054539863020181656,0.07388077676296234,0.017761385068297386,0.015963980928063393,-0.06239224225282669,-0.031367119401693344,3.0114000765024684e-05,-3.137122985208407e-05,-0.04651806503534317,0.01129766646772623,0.03703084215521813,0.030441354960203167,0.06104201078414917,0.0043178373016417035,-0.003315567271783948,-0.03783386200666428,-0.11229552328586578,0.01604505628347397,-0.011908099986612797,-0.03142620250582695
0.029279816895723343,-0.003180098719894886,0.00020712787227239457,-0.02277567610144615,-0.020162355154752728,-0.06896120309829712,-0.019075972959399223,0.07356832176446913,-0.00201734178699553,-0.02716069296002388,0.002455418230965733,-0.10426826030015944,-0.03127292916178703,0.011400014162063599,0.015037749893963335,0.0258660688996315,-0.027945904061198235,0.0,0.01029226928949356,0.01190552394837141,0.09785977005958557,-0.00020787506946362555,0.03437827527523041,-0.13828806579113007,-0.09772328287363052,0.11357787996530531,-0.036858376115560525,-4.88948353449814e-06,0.005756006110459566,-0.020202716812491417,4.759918738272972e-06,-0.003555074334144592,0.02101349830627441,0.09043554961681365,0.061882451176643365,0.05787849426269531,0.000231219848501496,-3.2709990591683886e-06,-0.021035995334386826,-0.0522901639342308,-0.012019222602248192,-0.13485737144947052,0.05808341130614281,-0.06116423383355141,5.5837568652350456e-05,0.10574076324701308,-0.04211725294589996,-0.016517704352736473,-0.009059677831828594,-0.057645492255687714,0.03526284173130989,-0.016831576824188232,-0.03827284276485443,-0.01531447283923626,0.043034784495830536,-0.06870420277118683,-0.04193608090281487,0.010355361737310886,0.05308622121810913,-0.06465079635381699,0.017576975747942924,0.035258300602436066,-0.023768434301018715,-0.08642793446779251,-0.03425774350762367,-0.055759020149707794,0.013873429968953133,-0.03581936284899712,0.06460213661193848,0.08164797723293304,0.02818361110985279,-0.05184496194124222,0.1122380644083023,0.017513703554868698,0.04645587131381034,-0.04583163186907768,-0.043126627802848816,-0.06902873516082764,-0.08920773118734358,-0.06408578157424927,0.04936254024505615,-0.06589683890342712,0.036074023693799966,-0.06378604471683502,0.037891335785388953,-0.04123562574386597,-0.06936445832252502,-0.10067588090896606,-0.051550336182117455,0.0021515856496989727,0.0004311577067710459,0.01608588919043541,-0.004431992303580046,0.06588289141654968,0.030840635299682617,0.08782340586185454,-0.08718834072351454,-0.02820603922009468,0.031173164024949077,0.033779967576265335
0.016622737050056458,0.010130895301699638,-0.05440793186426163,0.005644751712679863,-0.046646542847156525,-0.018028177320957184,0.024602908641099926,0.027249677106738087,-0.05107470974326134,0.0006796161760576068,-0.009873884730041027,-0.02130787633359432,-0.025939522311091423,0.04416978731751441,-0.012844230979681017,0.0006545871729031205,0.015891514718532562,0.01029226928949356,0.0,-0.05802221223711968,0.03103910759091377,-0.023712800815701485,-0.111048124730587,-0.05723556876182556,0.022310446947813038,0.029888024553656575,-0.01046627014875412,-0.001419362029992044,-0.0005317803588695824,-0.003111704485490918,0.026478422805666924,-0.0159012321382761,-0.028786022216081616,-0.06348998844623566,-0.03762555122375488,-0.01721853017807007,0.013061163946986198,-0.06394974887371063,0.022618236020207405,-0.028429709374904633,0.011023180559277534,-0.046358585357666016,-0.07954955846071243,-0.01417465042322874,-0.07259175181388856,-0.03227464109659195,0.04504181444644928,3.3041138522094116e-05,0.00908843707293272,0.028686614707112312,-0.010723893530666828,0.01867629587650299,-0.0031211064197123046,-0.013442318886518478,0.020906521007418633,-0.02648054249584675,-0.04729247838258743,0.024468107149004936,0.00888904556632042,0.004997015465050936,-0.042264878749847405,-0.036474298685789115,-0.05633668974041938,-0.012858337722718716,-0.00712317880243063,0.026179639622569084,-0.04921479523181915,0.00776658160611987,-0.010112019255757332,0.009872940368950369,-0.06664320081472397,0.06637123972177505,0.024793975055217743,0.010639061219990252,0.026786999776959416,0.06355805695056915,0.032997049391269684,0.011592894792556763,0.009900863282382488,-0.03302226960659027,-0.011077170260250568,-0.0524657517671585,-0.03515423834323883,-0.04979292675852776,-0.03200525417923927,-0.04659928381443024,0.07092361152172089,-0.00936486665159464,-0.033937759697437286,0.02140003815293312,-0.0029106682632118464,-0.028293576091527935,0.0010993886971846223,-0.03770101815462112,-0.0654757171869278,0.044620025902986526,0.004194048698991537,0.018950412049889565,-0.003932678140699864,-0.033208347856998444
