0,1,2,3,4,5,6,7,8,9,10,11,12,13,14,15,16,17,18,19,20,21,22,23,24,25,26,27,28,29,30,31,32,33,34,35,36,37,38,39,40,41,42,43,44,45,46,47,48,49,50,51,52,53,54,55,56,57,58,59,60,61,62,63,64,65,66,67,68,69,70,71,72,73,74,75,76,77,78,79,80,81,82,83,84,85,86,87,88,89,90,91,92,93,94,95,96,97,98,99
0.0,0.015682334080338478,-0.08544654399156569,-0.0471126027405262,0.007112570106983185,-0.03484369441866875,0.02117591351270676,0.002132707508280873,-0.07541258633136749,-0.05516376718878745,-0.09139996767044067,0.030920421704649925,-0.028962451964616772,0.034030891954898834,-0.007263509090989827,-0.01881289668381214,-0.05843960866332054,-0.01983746327459812,-0.02310996688902378,0.0030712487641721964,-0.03385479003190994,-0.051230378448963165,-0.010434400290250778,0.0950373038649559,-0.018319208174943924,0.03846730291843414,0.0739568844437599,0.00632875319570303,-0.013358943164348602,-0.09235723316669464,-0.00015420099953189492,-0.005091745872050524,0.0282385628670454,0.021405471488833427,-0.04044853895902634,-0.0028090495616197586,-0.002068402711302042,0.05248557776212692,0.04308561608195305,0.01179845817387104,-0.06979337334632874,0.06459607928991318,-0.04901561513543129,0.07664048671722412,-0.02222929708659649,-0.14159122109413147,0.0034357914701104164,-0.013585122302174568,0.010606099851429462,0.03662250190973282,0.07629016786813736,-0.030039489269256592,0.003002628916874528,-0.01234031654894352,0.05829524621367455,0.01960581727325916,0.02833019196987152,-0.0370711013674736,0.01620158925652504,-0.02415035106241703,-0.024111641570925713,0.008676017634570599,0.060700219124555595,-0.08481328189373016,-0.024275343865156174,0.0692695751786232,0.0366072952747345,-0.0268816202878952,0.006596089340746403,0.008764573372900486,0.009857186116278173,0.004147174768149853,0.02971166931092739,-0.022387057542800903,-0.005839173216372728,-0.02467395551502705,-0.06589363515377045,-6.294254853855819e-05,0.023005886003375053,-0.01811877451837063,-0.03915514424443245,-0.013837464153766632,-0.007105313241481781,0.014297802001237868,-0.02028161473572254,-0.10132914781570435,-0.07410429418087004,0.019577842205762863,-0.0012037456035614012,-0.04309955984354019,0.030874168500304226,-0.07030671089887619,-0.079105444252491,-0.030539395287632946,-0.01039243396371603,-0.027574295178055763,0.06346908211708069,0.005890022963285446,-0.06388704478740692,0.009626572951674461
0.015682334080338478,0.0,0.009171443991363049,0.008946733549237251,-0.005541190039366484,-0.026394108310341835,0.009389366954565048,-0.04124574735760689,-0.013307089917361736,0.015106362290680408,-0.036386650055646896,-0.03950271755456925,-0.005507799331098794,0.021089378744363785,-0.007376243360340595,0.02693704143166542,-0.041931215673685074,-0.00908716768026352,-0.022582886740565297,-0.005301228258758783,-0.010761694982647896,0.0507417768239975,0.00669371522963047,-0.045678164809942245,-0.0007208322058431805,0.014397110790014265,-0.031957898288965225,-0.024805450811982155,-0.00013312356895767152,0.003097732318565249,-0.0009014301467686893,0.01850271597504616,-0.05306831747293472,-0.01351667195558548,-0.033189307898283005,-0.010191328823566437,-0.01370890997350216,-0.0143939396366477,-0.01290147379040718,-0.0394323505461216,0.0015280416700989008,-0.01557401567697525,-0.011618472635746002,-0.031904950737953186,-0.0017644735053181648,0.0009496950660832225,0.01013927347958088,-0.04350815713405609,0.011186368763446808,0.00222419947385788,-0.028824176639318463,-0.03377252444624901,0.007136826869100332,-0.0338214635848999,0.0102876927703619,-0.0009055291884578764,0.022280730307102203,-0.0010678222170099616,0.04099685698747634,0.010204356163740158,-0.05318312346935272,-0.0044851191341876975,-0.03279513493180275,-0.018307520076632496,0.022874932736158368,-0.07898159325122833,-0.03556278720498085,-0.020007284358143806,-0.0051828455179929725,-0.013265134766697884,-0.025092408061027527,-0.042014896869659424,-0.03745789080858231,-0.005087197292596102,0.021136194467544556,-0.030741509050130844,0.031229523941874504,0.041689306497573846,-0.027308806777000427,-0.019635118544101715,-0.030745916068553925,0.03384580835700035,-0.005507745314389467,-0.011046861298382282,0.042081426829099655,-0.023707548156380653,-0.01516658253967762,-0.02117490768432617,-0.03675302118062973,-0.019841112196445465,-0.0344562791287899,-0.021883655339479446,0.02523799613118172,-0.011113437823951244,-0.03095450811088085,-0.02277558669447899,0.03146859630942345,-0.022880714386701584,-0.016278555616736412,0.007324041333049534
-0.08544654399156569,0.009171443991363049,0.0,-0.030006021261215206,0.01014034543186426,-0.021809903904795647,-0.04011552035808563,0.05897770076990128,-0.02429657056927681,-0.03929941356182098,-0.0003373886866029352,-0.04216245561838151,0.022234490141272545,0.003002951154485345,0.015086268074810503,-0.004569976590573788,-0.04015665873885155,-0.03335624188184738,-0.036170873790979385,0.0007905593374744058,-0.009894994087517262,-0.05796229839324951,0.029718630015850067,0.018151342868804928,0.11372354626655579,-0.04665454849600792,0.08558291941881181,-0.09830471128225327,-0.052444592118263245,-0.04070870950818062,0.017255188897252083,-0.022356051951646805,0.015608740970492361,-0.011076431721448898,-0.013189714401960371,0.011201665736734869,0.023659188300371167,-0.0199838113039732,-0.012058913707733154,0.018417326733469963,-0.0285924319177866,0.0036372076719999313,-0.01871448196470737,-0.030916158109903332,-0.024082837626338005,-0.04411536455154418,-0.03662492334842682,0.017012745141983032,-0.011602669954299927,0.0062681762501597404,0.019497405737638477,0.004237717483192681,-0.016426946967840195,0.0061090406961739055,0.03024791553616524,0.024586131796240807,-0.05077141523361206,-0.04502418637275696,-0.08785139769315718,-0.003920301329344511,-0.00021466135513037443,-0.0011295042932033539,-0.006606947630643845,-0.005129572469741106,-0.007084723096340896,-0.0033225514926016326,0.010703113861382008,0.029699489474296566,-0.02040353417396545,0.004597087390720844,-0.02712930552661419,-0.010559705086052416,0.09626455605030061,0.0008413033210672438,-0.02755816653370857,-0.016649475321173668,-0.007594517432153226,-0.010290454141795635,-0.0584329180419445,-0.028021983802318573,-0.01648307591676712,-0.05701879039406776,-0.052092064172029495,0.03575902432203293,-0.08855298161506653,-0.008425733074545859,0.032006196677684784,0.01715976372361183,-0.015630539506673813,-0.02007894031703472,0.036193132400512695,-0.039680279791355126,-0.04100576788187026,0.0066607436165213585,0.05442187935113906,0.003360426751896739,-0.06290083378553392,0.026641396805644035,-0.06142125651240349,-0.0004999570664949715
-0.0471126027405262,0.008946733549237251,-0.030006021261215206,0.0,0.004744383040815592,-0.002216499764472246,0.0022114161401987076,-0.02547936141490936,-0.0165414959192276,0.003751579206436872,-0.012924011796712875,-0.005891274195164441,-0.03937962278723717,-0.03636261448264121,0.01836242899298668,-0.00409812293946743,-0.010896768420934675,-0.02659500017762184,0.01634310744702816,0.010121637023985384,-0.0550045371055603,-0.04255925863981247,0.014989706687629221,0.016830824315547943,0.013624163344502447,0.006984311155974865,0.002210621256381273,-0.020998306572437286,0.01655127853155136,-0.03940189629793167,0.007723857183009385,-0.04973709210753441,0.020872922614216805,0.00287138856947422,-0.0037959283217787743,-0.02040775679051876,0.019637836143374443,0.00908531155437231,-0.011233274824917316,0.012609167955815792,-0.048376604914665215,-0.007818711921572685,-0.00035879676579497755,0.00022114634339232,-0.0035615989472717047,-0.01627679355442524,-0.023912040516734123,0.02045120671391487,-0.020096395164728165,-0.010607844218611715,-0.049656130373477936,-0.008376223966479301,0.007462466601282358,-0.009795208461582659,-0.02658713422715664,0.009469478391110895,0.011308683082461355,-0.030577329918742176,-0.01381954737007618,-0.020715260878205296,-0.0026808944530785084,0.018231840804219242,-0.005684264469891787,-0.008021024987101555,-0.002330516232177615,0.03543141484260559,0.030141618102788925,-0.019887579604983326,-0.023963222280144688,4.374186573841143e-06,-0.023147363215684887,0.016726691275835037,0.005127323791384697,-0.0029824611265212297,-0.026052404195070263,0.008066166192293167,-0.07080966234207153,-0.010108608752489088,-0.014901719987392424,0.011516117490828036,-0.0007450990378856659,-0.016053443774580956,-0.021500533446669575,-0.047129515558481216,-0.025778254494071007,-0.0031622759997844696,-0.017457347363233566,0.010552622377872469,0.009550855495035648,-0.0270749107003212,0.008250775747001171,-0.03136897832155228,-0.07314057648181915,-0.05002372711896896,0.015332914888858795,0.00721670314669609,-0.041717901825904846,-0.019147623330354687,-0.025036901235580444,-0.021202662959694862
0.007112570106983185,-0.005541190039366484,0.01014034543186426,0.004744383040815592,0.0,-0.01853589713573456,0.005243297200649977,0.023626394569873806,0.04211265221238136,-0.03212394192814827,0.026544099673628807,0.0007916424656286836,0.025556471198797222,0.020361436530947685,-0.05130045861005783,-0.04056684672832489,0.022662429139018055,-0.007186015136539936,0.0026110175531357527,-0.03335864469408989,0.019701572135090828,-0.001875621499493718,-0.05241667106747627,-0.033917155116796494,-0.04718167707324028,-0.033834781497716904,0.005589745473116636,-0.01949486695230007,0.026866575703024864,0.02094726264476776,-0.004216788802295923,-0.006504562683403492,0.001548278727568686,-0.08408141881227493,-0.026514174416661263,-0.012899396009743212,-0.007614844478666782,-0.011528239585459232,-0.012711293064057829,-0.020341573283076286,-0.00899718701839447,-0.03566931560635567,0.003460492240265012,0.035704486072063446,-0.01653764583170414,-0.02432232350111008,0.011630689725279808,-0.005119663663208485,-0.006082945037633181,0.008820867165923119,-0.008444780483841896,0.022305240854620934,-0.04730280488729477,0.02710495889186859,-0.017323149368166924,-0.11977288126945496,-0.06079171970486641,0.0007106776465661824,-0.028991026803851128,0.03046002611517906,-0.013272017240524292,-0.02270342782139778,-0.019430726766586304,-0.013790699653327463,-0.012241359800100327,-0.016170982271432877,0.005538698751479387,-0.02824120596051216,0.024131368845701218,0.008485426194965838,-0.005401709582656622,-0.021332882344722748,0.006683332845568657,-0.01901618763804436,-0.015289001166820526,0.00010518362978473304,-0.05979710072278976,-0.02776768058538437,0.00706708338111639,-0.0403989851474762,-0.004219229333102703,-0.010855629108846188,-0.016553828492760658,0.01421448402106762,-0.022061871364712715,-0.043095506727695465,0.011040743440389631,0.02844691090285778,-0.006422718521207571,-0.0190100260078907,0.003018708433955908,0.0011639060685411096,0.011863372288644312,-0.01418038923293352,0.013274811208248138,-0.06475198268890381,0.015233406797051428,-0.007264952640980481,0.02672414481639862,-0.06403511762619019
-0.03484369441866875,-0.026394108310341835,-0.021809903904795647,-0.002216499764472246,-0.01853589713573456,0.0,-0.02705586515367031,0.06133139878511429,-0.0008845692500472068,-0.03142276406288147,0.03873378038406372,-0.05204980447888374,-0.010657438077032566,0.01396565232425928,-0.013357672840356827,-0.00870531518012285,-0.03789437934756279,0.023216675966978077,-0.008584672585129738,-0.004280306864529848,-0.03179903328418732,0.0347127802670002,0.04993478581309319,0.014580472372472286,0.03474287688732147,-0.0666971504688263,0.023062914609909058,-0.01643124409019947,0.03534490987658501,0.02273138985037804,-0.02216543443500996,-0.003080190857872367,-0.018818898126482964,-0.022312942892313004,-0.06811589747667313,-0.022839557379484177,0.02445372380316257,0.05536417290568352,-0.03337117284536362,-0.04481209442019463,-0.06542672216892241,0.01321254763752222,-0.004366024397313595,0.03398874402046204,-0.021918384358286858,-0.051964011043310165,0.016088351607322693,-0.039079904556274414,0.03217720985412598,0.016236906871199608,0.0145823722705245,-0.02362803928554058,0.005259605124592781,-0.0027477755211293697,0.038136739283800125,0.010219229385256767,-0.032602667808532715,-0.03393465653061867,0.02708427421748638,-0.06232652813196182,-0.05056491866707802,0.03263029083609581,-0.008052928373217583,-0.047794535756111145,0.012686170637607574,-0.04939797520637512,0.011122535914182661,-0.002411486813798547,0.010681895539164543,-0.027117252349853516,-0.0029875840991735454,-0.09592781215906145,-0.04870190471410751,-0.027490718290209767,-0.00433535547927022,0.04998598992824554,-0.017924673855304718,-0.025603462010622025,-0.02129588648676872,-0.02744074910879135,-0.05676073580980301,0.004411382135003805,-0.011222659610211847,0.033644888550043106,-0.005021622404456139,-0.03993744775652885,-0.01557286363095045,-0.04002785310149193,-0.0026596775278449054,-0.002676679054275155,0.006695664022117853,-0.09958823770284653,0.017533238977193832,0.0014888241421431303,0.00202337559312582,-0.011574684642255306,0.01146912295371294,0.017422635108232498,-0.013799618929624556,-0.0379476435482502
0.02117591351270676,0.009389366954565048,-0.04011552035808563,0.0022114161401987076,0.005243297200649977,-0.02705586515367031,0.0,-0.029068483039736748,-0.0256339143961668,-0.036139458417892456,-0.004077181220054626,-0.009198760613799095,0.0371391698718071,-0.10518168658018112,0.01039620954543352,0.0018671454163268209,0.06119031831622124,0.038113173097372055,-0.02565843239426613,-0.01872670277953148,0.024298109114170074,-0.06278122216463089,-0.038092494010925286,-0.031822320073843,-0.0327213779091835,0.0064943996258080006,-0.04563695937395096,0.01991809532046318,-0.05773061513900757,0.0011348489206284285,-0.0034937066957354546,-0.007081938907504082,-0.01142230350524187,0.004654752090573311,0.032201845198869705,-0.0009972912957891822,-0.03024321794509888,0.002340385224670172,-0.01367245614528656,-0.013864312320947649,0.028335582464933395,-0.008360550738871098,-0.05524292588233948,-0.05815059319138527,-0.010804483667016028,-0.002801286056637764,-0.001356828026473522,-0.037448283284902566,0.019740954041481015,-0.01771692745387554,-0.0021967601496726274,0.011081296019256113,-0.04829743131995201,-0.006879767868667841,-0.024179402738809586,0.07514065504074097,-0.015609126538038252,0.02073382399976253,-0.030122676864266396,-0.0467759408056736,-0.011017884127795696,-0.05853508040308952,0.016041874885559082,-0.004278614651411772,-0.031295549124479294,-0.046944305300712585,-0.06941226124763489,0.0453348346054554,-0.06546557694673538,-0.022553445771336555,0.005655687768012285,-0.05448228865861893,-0.03072102181613445,-0.020293572917580605,-0.03836558759212494,0.051853574812412255,0.055389154702425,-0.004788587801158428,-0.010758358053863049,-0.0022877571173012257,0.013976461254060268,-0.07421637326478958,0.019959582015872,0.04118795320391655,-0.08329781144857407,0.037081200629472726,-0.07095777243375778,-0.009174385108053682,-0.007721782196313143,0.056695878505706794,0.02712344378232956,-0.01273777801543474,0.014112025499343872,0.026867752894759175,-0.030828751623630524,0.01964077353477478,0.0067072282545268536,-0.0008731670095585287,-0.025286111980676648,-0.006670261733233929
0.002132707508280873,-0.04124574735760689,0.05897770076990128,-0.02547936141490936,0.023626394569873806,0.06133139878511429,-0.029068483039736748,0.0,-0.022192412987351418,0.0850250869989395,-0.03183243051171303,-0.016559666022658348,-0.09693018347024915,-0.01423322781920433,0.05401767045259476,0.06070659682154656,0.02762575075030327,0.011027222499251364,0.01569546014070511,-0.0028150295838713646,-0.07845734804868698,-0.02513591945171356,0.01744165830314159,-0.007325292099267245,-0.0750945135951042,0.10703799128532408,-0.010661848820745943,0.0324401818215847,0.0010505507234483955,-0.029607193544507023,0.006174898240715264,-0.03616880625486374,-0.02402909286320209,-0.02694729715585709,-0.023873813450336456,-0.0015402560820803046,-0.08165565878152846,-0.04056758061051369,-0.0003712911566253752,0.018522782251238823,0.022258495911955837,-0.047810565680265434,0.012268189340829848,-0.08395709097385406,0.04644227027893066,-0.056791391223669045,-0.05215931683778762,0.06035352870821953,-0.010341288521885872,-0.055652908980846405,-0.10113654285669325,-0.021565992385149,-0.0002863637637346983,-0.012558781541883944,-0.09358094632625581,-0.01676187291741371,0.04381762817502022,0.00797388982027769,0.03711099922657013,0.007934706285595894,-0.023214586079120636,0.030838174745440483,-0.00952322408556938,-0.038420695811510086,0.03156357258558273,-0.008894252590835094,0.006607342977076769,-0.0075594414956867695,0.0378182828426361,-0.03386082127690315,-0.041810117661952965,-0.00262601301074028,0.017775746062397957,0.02326033264398575,-0.09828963130712509,-0.03970659151673317,-0.01856064423918724,-0.0025023340713232756,-0.0067671630531549445,-0.020133646205067635,-0.007851552218198776,0.043543808162212365,-0.015303372405469416,-0.04659463465213776,-0.028877874836325645,-0.0159895196557045,-0.015422931872308254,0.009346798062324526,-0.011414164677262306,-0.05557440593838692,-0.002038228325545788,-0.021282097324728962,-0.0296491663902998,0.02546375431120396,-0.030038349330425262,0.03465892747044563,0.09919576346874237,-0.11456334590911864,0.008099381811916828,0.02023913897573948
-0.07541258633136749,-0.013307089917361736,-0.02429657056927681,-0.0165414959192276,0.04211265221238136,-0.0008845692500472068,-0.0256339143961668,-0.022192412987351418,0.0,-0.007836072705686092,-0.04230109974741936,-0.029653640463948246,-0.05505142733454704,0.004798078909516335,-0.019943362101912495,0.010033288970589636,-0.029835600405931473,-0.017620859667658802,0.0010876156156882644,0.004315812606364489,0.03578094393014908,-0.05592085421085358,-0.02510855160653591,0.00940025132149458,0.04154937714338303,0.055875767022371285,0.014923453330993652,0.010882687754929064,-0.0755155310034752,-0.06644479185342789,0.0005335753667168319,-0.009954258799552916,-0.02343948185443878,0.02370315231382847,0.00294507946819067,-0.01061268988996744,-0.017184365540742874,-0.0068162125535309315,-0.028864828869700432,0.032098069787025445,0.000909733062144369,-0.0023254919797182083,-0.03677135333418846,-0.05043566599488258,0.029177086427807808,-0.02149280905723572,-0.00041115732165053487,-0.03545917943120003,-0.023231266066432,-0.013779801316559315,0.027174169197678563,-0.0463501513004303,0.011248455382883549,-0.0081406868994236,-0.004974451847374439,0.06807684898376465,-0.027741391211748123,0.01479788403958082,-0.06279463320970535,-0.032744958996772766,0.02849558368325233,0.016533948481082916,0.10718520730733871,-0.06364154815673828,-0.0045386776328086844,0.024200793355703357,0.027277233079075813,-0.06148034334182739,-0.0016917943721637128,0.01144491322338581,-0.040124967694282525,-0.02414814941585064,0.017502110451459885,0.03552825748920441,-0.04622342810034752,-0.03524944558739662,-0.031847983598709106,0.024361431598663327,-0.05336509272456169,-0.016404418274760246,-0.004984157159924507,-0.03409760072827339,-0.050016697496175766,-0.03886545076966286,0.023887228220701218,-0.01627407968044281,0.02967801503837109,-0.09035930782556531,-0.02066119574010372,-0.02411539480090141,-0.029993724077939987,-0.01507717277854681,-0.03563424199819565,0.05975823849439621,0.019490212202072144,0.0025619124062359333,-0.03592965379357337,0.03667858615517616,-0.04371561110019684,0.03580230474472046
-0.05516376718878745,0.015106362290680408,-0.03929941356182098,0.003751579206436872,-0.03212394192814827,-0.03142276406288147,-0.036139458417892456,0.0850250869989395,-0.007836072705686092,0.0,0.02712192200124264,-0.02310618571937084,0.04685745760798454,0.03172356262803078,-0.05704887956380844,-0.07180270552635193,0.011513479985296726,-0.029774170368909836,-0.03050154261291027,-0.031199676916003227,0.0031249087769538164,0.0018246525432914491,-0.07084870338439941,-0.013325546868145464,0.07454142719507217,0.0017619136488065124,-0.043864406645298,-0.030870011076331135,0.01727401651442051,0.047580696642398834,0.01720593497157097,-0.036226127296686166,0.027448853477835652,-0.027501517906785008,0.022301651537418365,-0.0306207537651062,0.0985836386680603,0.10500732809305192,-0.05910218507051468,-0.011506956070661545,0.006639752071350813,-0.03601406514644623,-0.12433996796607973,-0.01247506309300661,0.03801064193248749,2.484943797753658e-05,0.009048211388289928,-0.03053878992795944,-0.004089951980859041,-0.004733147099614143,0.04711971431970596,0.03166118636727333,0.013223168440163136,-0.003974603489041328,0.020768506452441212,-0.009018350392580032,-0.0753592923283577,-0.05408865585923194,-0.05412909388542175,-0.022643478587269783,0.021944450214505196,-0.04070701822638512,0.053524259477853775,-0.06683564186096191,-0.037109967321157455,0.00910404697060585,0.046903114765882485,-0.010710502974689007,-0.01799005456268787,0.051451683044433594,0.0435374453663826,0.014909163117408752,0.002448677783831954,-0.012764512561261652,0.012634147889912128,-0.00902441330254078,-0.08431760966777802,-0.06337539106607437,-0.08519389480352402,-0.06024559587240219,-0.04169254004955292,-0.05958698689937592,-0.0039052823558449754,0.042264312505722046,0.0013105127727612853,-0.0241891760379076,-0.0642184168100357,0.021484078839421272,0.00331509904935956,-0.019610797986388206,-0.04136372357606888,-0.00889881607145071,0.0011420859955251217,0.05940353497862816,0.008900577202439308,-0.05652284249663353,-0.039644412696361535,-0.026408396661281586,-0.021637415513396263,-0.0008668709197081625
-0.09139996767044067,-0.036386650055646896,-0.0003373886866029352,-0.012924011796712875,0.026544099673628807,0.03873378038406372,-0.004077181220054626,-0.03183243051171303,-0.04230109974741936,0.02712192200124264,0.0,-0.03321465849876404,-0.06905949115753174,0.027442365884780884,0.02932344749569893,0.05013274028897285,-0.08969416469335555,-0.022287294268608093,-0.04024390131235123,-0.03087149932980537,-0.015669241547584534,-0.04845920205116272,-0.031019672751426697,0.05190827324986458,0.008479774929583073,0.08178224414587021,-0.04557949677109718,-0.05544313415884972,-0.02150517888367176,-0.045568421483039856,0.04604888334870338,-0.004682587925344706,-0.09283270686864853,0.041953131556510925,-8.315950253745541e-06,-0.03699704259634018,0.019401511177420616,-0.033292256295681,0.05308528244495392,0.02293894812464714,-0.034133609384298325,-0.04267062991857529,0.02694888412952423,-0.03315376490354537,0.015424370765686035,-0.06363435834646225,0.03687969967722893,0.0502249002456665,-0.02896433137357235,-0.0019478744361549612,0.035242978483438485,-0.021125687286257744,-0.0649755522608757,-0.004602544475346804,-0.02436613105237484,0.02598567120730877,-0.04051553457975388,-0.03634757176041603,-0.02417457848787308,0.08555801212787628,0.003450905904173851,0.0028098798356950283,0.05176321417093277,0.00014812247536610812,0.012992488220334051,-0.01722455956041813,0.0859469398856163,-0.05594448372721672,-0.02838974818587303,0.022940665483474728,-0.005809374153614044,0.03336521238088608,0.02528358064591885,0.03125078231096268,-1.754613549564965e-06,-0.10041670501232149,-0.049563255161046975,-0.02780959196388721,-0.028982710093259808,7.799488230375573e-05,-0.0011321380734443665,-0.0006577533786185086,-0.08334017544984818,0.021278159692883488,-2.0077914086868983e-05,-0.13485735654830933,-0.0013874983415007591,0.02512260712683201,0.010548707097768784,-0.11178986728191376,-0.015392727218568323,-0.0029210622888058424,-0.03723260760307312,-0.027451762929558757,-0.030937721952795982,0.05304913222789765,0.04363389313220978,0.02839256264269352,-0.050262611359357834,0.026185093447566032
0.030920421704649925,-0.03950271755456925,-0.04216245561838151,-0.005891274195164441,0.0007916424656286836,-0.05204980447888374,-0.009198760613799095,-0.016559666022658348,-0.029653640463948246,-0.02310618571937084,-0.03321465849876404,0.0,0.04005952551960945,-0.04551095888018608,-0.023776711896061897,0.01947872526943684,-0.037684015929698944,0.020411988720297813,-0.03168072924017906,0.01201325748115778,0.001987363211810589,0.026156602427363396,0.07101123034954071,-0.045269276946783066,8.149561949721828e-07,0.009299593977630138,0.001229876885190606,-0.04298797994852065,5.064220385975205e-05,-0.02619449235498905,-0.022726204246282578,0.038866590708494186,-0.05824082344770432,-0.05727569758892059,-0.016522498801350594,0.025678100064396855,-0.0422259196639061,-0.03785543888807297,0.04688999056816101,-0.06129603460431098,0.0003596901660785079,-0.011558971367776392,0.042021606117486954,-0.010512247681617737,-0.07884215563535689,-0.01642308384180069,-0.029051879420876503,-0.036435596644878394,0.032679568976163864,0.031369954347610474,0.011276839300990105,-0.04900641366839409,-0.010242394171655178,-0.036183092743158334,0.046266324818134315,0.042886368930339806,0.021448850631713867,0.02111294493079185,0.03251658007502556,0.00010189721069764345,-0.07928049564361571,-0.02218718454241753,-0.0765002816915512,0.02470133267343044,0.013231894001364708,-0.002275497419759631,-0.12272971868515015,0.03144386410713196,0.0001772426621755585,-0.02483818680047989,-0.06755003333091736,-0.10213030129671095,-0.10393868386745451,-7.063225348247215e-05,0.046053174883127206,-0.029170485213398933,0.1008450612425804,0.05985822156071663,-0.0188372116535902,-0.00546979857608676,-0.0029032875318080183,-0.002915260149165988,0.005971096456050873,-0.03721610084176064,-0.03781178593635559,0.08936655521392822,-0.04602077603340149,-0.034440115094184875,-0.06859052181243896,0.015682663768529892,0.0008684726781211793,-0.042058579623699195,0.024365054443478584,-0.017960291355848312,-0.021224133670330048,0.04170997813344002,-0.010280173271894453,0.03174097463488579,-0.04411523416638374,-0.0008023741538636385
-0.028962451964616772,-0.005507799331098794,0.022234490141272545,-0.03937962278723717,0.025556471198797222,-0.010657438077032566,0.0371391698718071,-0.09693018347024915,-0.05505142733454704,0.04685745760798454,-0.06905949115753174,0.04005952551960945,0.0,-0.022829804569482803,0.06865522265434265,0.002584628062322736,-0.011117078363895416,0.007757131941616534,0.03414655849337578,0.0025463758502155542,-0.0011565075255930424,-0.012416036799550056,-0.014410722069442272,-0.010845926590263844,-0.04891381785273552,0.004405832849442959,-0.013402475975453852,0.04636881873011589,-0.06774414330720901,0.022893648594617844,-0.07111205160617828,-0.050717514008283615,-0.01734326221048832,0.06294852495193481,-0.01954728178679943,-0.0336277112364769,-0.020732734352350235,-0.022276390343904492,0.007092616055160761,-0.02057652361690998,0.02577407844364643,0.04976547136902809,-0.016381530091166496,0.01821178942918777,-0.027191197499632835,0.025307742878794674,-0.07139867544174193,-0.002795923966914416,-0.029367052018642426,-0.0823558047413826,0.0027227043174207206,-0.05790637806057929,0.0664764791727066,-0.01565512828528881,-0.03170086443424225,0.025730712339282036,-0.013652626425027847,0.048941683024168015,0.06136922538280487,-0.051718443632125854,-0.019783442839980125,0.049588460475206375,0.02367590554058552,0.03901106864213944,-0.045895140618085854,-0.03494696691632271,0.03352806344628334,-0.06704161316156387,0.007921764627099037,-0.04878826439380646,-0.028864955529570576,0.004710614215582609,0.00262562558054924,0.02283237874507904,-0.06883247196674347,0.017741912975907322,0.0023826907854527235,-0.07944722473621368,0.05409735813736916,0.051232859492301934,-0.022835528478026394,-0.004840854555368424,0.01822139136493206,-0.09420571476221085,0.03971901535987855,-0.031315460801124566,0.051028229296207435,-0.08177828043699265,0.003568826708942652,0.005933394189924002,-0.04001757502555847,0.010342923924326897,-0.1191444918513298,-0.04456884413957596,-0.035726502537727356,0.028266090899705887,-0.04171885922551155,-0.015014389529824255,-0.01109231635928154,0.005474063567817211
0.034030891954898834,0.021089378744363785,0.003002951154485345,-0.03636261448264121,0.020361436530947685,0.01396565232425928,-0.10518168658018112,-0.01423322781920433,0.004798078909516335,0.03172356262803078,0.027442365884780884,-0.04551095888018608,-0.022829804569482803,0.0,0.1365295052528381,-0.018019743263721463,0.02844837866723537,0.03573140874505043,0.06399235874414444,0.01911480352282524,-0.06656979024410248,-0.04532480984926224,-0.01838231459259987,0.04318160191178322,5.820146270707482e-06,-6.678397039650008e-05,-0.04975447803735733,0.10262640565633772,0.023556064814329147,-0.029336346313357357,0.07727675139904022,-0.02031208947300911,-0.003157838713377714,-0.045496329665184014,0.04689820855855942,-0.025899203494191166,-0.004900267347693443,-0.04385941475629807,-0.039622586220502846,0.0298906359821558,-0.08079680800437926,-0.05311496555805206,0.034119058400392525,-0.08643563091754913,0.005857676733285189,-0.05060888826847077,0.02560422755777836,0.030188726261258125,-0.0036815998610109086,0.09970735013484953,0.0044918726198375225,0.015431089326739311,-0.06053374335169792,0.004083564970642328,-0.07191667705774307,0.024118177592754364,-0.005021623335778713,-0.023129751905798912,-0.12248840928077696,-0.06494984030723572,0.04161126911640167,0.0345282107591629,-0.07208251953125,0.044800858944654465,0.0350462980568409,-0.0156708974391222,0.017236625775694847,-0.051521826535463326,-0.0023198078852146864,-0.03005191497504711,0.017165657132864,-0.024397503584623337,-0.05836815014481544,-0.031830571591854095,-0.02584224566817284,0.05919810384511948,-0.08171356469392776,-0.04887427017092705,-0.06756199151277542,-0.02278289757668972,0.02667522244155407,-0.09459954500198364,-0.04107249900698662,-0.013343133032321928,-0.13158385455608368,0.022275758907198902,-0.028033901005983353,3.3653560649327124e-07,0.0014130421914160252,0.00376509060151875,0.00883409846574068,-0.02848660573363304,0.04036611318588257,-0.0439230352640152,-0.004112439230084419,0.06717872619628906,-0.0011250434909015892,0.06632554531097412,-0.018888661637902256,-0.0416312851011753
-0.007263509090989827,-0.007376243360340595,0.015086268074810503,0.01836242899298668,-0.05130045861005783,-0.013357672840356827,0.01039620954543352,0.05401767045259476,-0.019943362101912495,-0.05704887956380844,0.02932344749569893,-0.023776711896061897,0.06865522265434265,0.1365295052528381,0.0,-0.06053880974650383,-0.07451460510492323,0.007835738360881805,-0.057239629328250885,-0.04483424499630928,0.06117623299360275,-0.05214835330843925,-0.01035764254629612,0.03585069999098778,0.0009668461279943584,-0.06993472576141357,-0.01809559017419815,-0.1109907329082489,0.09613712877035141,0.03056945651769638,-0.07299499958753587,0.010260461829602718,0.021016875281929966,-0.006320968270301818,-0.08807424455881119,-0.027404800057411197,-0.07003285735845566,0.032009422779083245,0.012135218828916548,-0.04990094527602196,-0.03693756088614464,-0.08105701208114624,0.0914570465683937,0.005001428071409464,-0.009810795076191424,3.826335159828886e-06,0.02096379175782204,0.006249928381294012,-0.039370030164718635,-0.09792243689298627,-0.003599706804379821,-0.02162794768810272,-0.007022993639111519,0.008266041986644268,-0.018576605245471,-0.012232078239321709,-0.04696093127131462,-0.017128290608525276,0.00745598552748561,-0.03796038031578064,0.022779555991292,-0.08143135160207747,0.10527033358812332,-0.09798906743526457,-0.020914979279041287,0.13826540112495422,-0.08725010603666306,0.05392741039395332,-0.0529424212872982,0.01579831913113594,-0.0634169951081276,-5.271292684483342e-05,-0.038849283009767525,-0.0007786057540215552,-0.051441431045532234,0.01809617690742016,-0.014831765554845331,0.09227002412080765,0.021675473079085354,-0.10634641349315643,-0.0024644325021654367,0.08071710169315338,-0.057612452656030655,0.020199244841933247,0.0221096184104681,0.009595193900167942,0.007967425510287283,-0.06371769309043884,0.01271052099764347,-0.004893275909125805,-0.05357078462839127,0.07598527520895004,0.045988842844963074,0.06708188354969025,-0.0162434671074152,5.033230627304874e-05,0.010978244245052336,-0.055033698678016656,0.04775089398026466,0.006480033975094557
-0.01881289668381214,0.02693704143166542,-0.004569976590573788,-0.00409812293946743,-0.04056684672832489,-0.00870531518012285,0.0018671454163268209,0.06070659682154656,0.010033288970589636,-0.07180270552635193,0.05013274028897285,0.01947872526943684,0.002584628062322736,-0.018019743263721463,-0.06053880974650383,0.0,-0.02335404045879841,-0.023969659581780437,0.009364362806081774,-0.02883243933320045,-0.026121333241462708,-0.0011127113830298183,0.01889377273619175,0.03958733007311821,-0.0021981210447847843,-0.09176075458526611,0.017879897728562355,0.05498262122273445,0.011676088906824589,0.043978706002235406,-0.04035290330648422,-0.004531451966613531,0.053691044449806206,-0.04716890677809715,-0.012538038194179533,-0.004870506934821606,0.00012293733016122133,-0.01486433297395706,-0.021665615960955616,-0.009978032670915127,-0.004870330449193716,-0.015246537514030932,0.005800698418170214,0.002468347083777189,-0.04204278066754341,-0.04206777736544609,-0.05786579102277756,-0.006723737344145775,-0.058845214545726776,-0.010898444801568983,0.06375880539417267,0.015177393332123756,0.015997469425201416,-0.014641267247498035,0.009513325057923792,-0.06413143873214722,-0.033448074012994766,-0.06704632192850113,-0.06394161283969879,-0.06256505846977234,0.05643076449632645,-0.017014551907777786,-0.03472203761339188,-0.002553090685978532,-0.04335251823067665,0.07963062077760696,-0.010057509876787663,-0.03473129123449325,0.060082197189331055,-0.006776390131562948,0.04084559902548789,0.061184145510196686,-0.032573796808719635,-0.05047072470188141,-0.009598902426660061,-0.027445796877145767,-0.03930367901921272,-0.12532775104045868,0.005199664272367953,-0.057963360100984566,-0.029735159128904343,-0.03623088821768761,-0.005504698492586613,-0.05114705488085746,0.003564878366887569,-0.001175089506432414,-0.0017559825209900737,-0.004616338759660721,-0.009468050673604013,0.009332843124866484,-0.041389614343643195,0.04281557723879814,0.019014822319149968,0.019699417054653168,-0.01600723527371883,-0.007513202726840975,-0.03253413736820221,0.010698971338570116,0.017784046009182927,0.003707267111167312
-0.05843960866332054,-0.041931215673685074,-0.04015665873885155,-0.010896768420934675,0.022662429139018055,-0.03789437934756279,0.06119031831622124,0.02762575075030327,-0.029835600405931473,0.011513479985296726,-0.08969416469335555,-0.037684015929698944,-0.011117078363895416,0.02844837866723537,-0.07451460510492323,-0.02335404045879841,0.0,-0.012972524389624596,-0.03555034101009369,-0.007803603541105986,-0.011507963761687279,0.07603160291910172,-0.052570998668670654,0.06160763651132584,0.01276795007288456,-6.782619311707094e-05,-0.03688284009695053,-0.048897068947553635,0.04928053542971611,0.0005271948757581413,-0.028273960575461388,0.032281294465065,-0.04674802720546722,0.05778314545750617,-0.03014770522713661,-0.012637645006179808,-0.06631463021039963,-0.02212289161980152,0.05226990580558777,-0.04713715612888336,-0.07843057811260222,0.028039526194334034,6.663059366474046e-07,-0.03422299399971961,-0.05902121588587761,-0.035586923360824585,-0.017324483022093773,0.041102416813373566,-0.03465571627020836,0.04856877028942108,0.05760302394628525,-0.034307368099689484,0.03345935419201851,-0.055527213960886,0.06958326697349548,0.06896541267633438,-0.006529019679874182,-0.0544704794883728,0.017170771956443787,-0.015399998053908348,-0.03706731274724007,0.0017867899732664227,-0.05638767406344414,0.050211381167173386,-0.03156568109989166,2.0627207049983557e-05,-0.051084376871585846,-0.01948236115276813,0.023705160245299336,-0.05613290891051293,-0.0050489846616983405,0.02084650844335556,0.003462188877165317,-0.021380525082349777,0.021472061052918438,-0.045938659459352486,0.02601615339517593,0.06894367188215256,-0.03541354089975357,-0.004107627086341381,-0.05549239739775658,0.05381849408149719,1.8339816961088214e-05,-0.025333840399980545,-0.0006010295473970473,-0.058294512331485755,0.049537856131792075,-0.00429433910176158,-0.04086252674460411,-0.02808181755244732,-0.03640109300613403,0.07168979942798616,-0.000748776423279196,-0.05767248943448067,-0.0800621286034584,0.0657612606883049,-5.002828038414009e-05,0.005155608523637056,-0.03455670177936553,0.02726264856755733
-0.01983746327459812,-0.00908716768026352,-0.03335624188184738,-0.02659500017762184,-0.007186015136539936,0.023216675966978077,0.038113173097372055,0.011027222499251364,-0.017620859667658802,-0.029774170368909836,-0.022287294268608093,0.020411988720297813,0.007757131941616534,0.03573140874505043,0.007835738360881805,-0.023969659581780437,-0.012972524389624596,0.0,-0.05247233435511589,-0.004192620050162077,-0.0042166770435869685,0.01017576176673174,0.025185763835906982,-0.06217898428440093,0.04212634265422821,-0.05292224138975144,0.010987155139446259,-0.05105800554156304,-0.013025711290538313,-0.0757107138633728,-0.055694580078125,-0.047670673578977585,0.02756026946008205,0.009487535804510115,0.04116961732506752,-0.002023622626438737,0.014072524383664131,-0.019739011302590367,-0.01497016940265894,0.022697154432535168,0.015930423513054848,0.0078800143674016,-0.0440378338098526,-0.01290460769087076,-0.017628150060772896,-0.02704332768917084,-0.04442742094397545,-0.01656952314078808,-0.039979271590709686,-4.6238317736424506e-05,-0.04629138112068176,0.0035364842042326927,-0.010572019964456558,-0.040834080427885056,0.012193916365504265,-0.04910997673869133,0.05334194004535675,-0.04729503020644188,-0.02853790856897831,0.0007684252341277897,0.05238937214016914,-0.05211903899908066,-0.036526214331388474,0.004069487564265728,-0.03007018007338047,-0.0030409274622797966,-0.057684000581502914,-0.024710893630981445,-0.0255869310349226,0.03514644503593445,-0.002946692751720548,0.0921822115778923,0.020535020157694817,-0.026373831555247303,0.08265817165374756,-0.06338196992874146,-0.034985560923814774,0.03594490885734558,0.017111657187342644,0.06982454657554625,-0.006946426350623369,0.0034669984597712755,0.003696469124406576,-0.08995107561349869,0.07743300497531891,-0.02531585656106472,-0.021324893459677696,-0.00468970974907279,-0.0015730948653072119,-0.019944045692682263,-0.007813428528606892,-0.008491467684507372,-0.04278591647744178,-0.02509040758013725,0.0052024563774466515,-0.05129409953951836,-0.035102181136608124,0.0014066194416955111,-0.021156609058380127,-0.03111692704260349
