0,1,2,3,4,5,6,7,8,9,10,11,12,13,14,15,16,17,18,19,20,21,22,23,24,25,26,27,28,29,30,31,32,33,34,35,36,37,38,39,40,41,42,43,44,45,46,47,48,49,50,51,52,53,54,55,56,57,58,59,60,61,62,63,64,65,66,67,68,69,70,71,72,73,74,75,76,77,78,79,80,81,82,83,84,85,86,87,88,89,90,91,92,93,94,95,96,97,98,99
0.0,-0.755560576915741,-0.042012013494968414,0.06971462815999985,0.17206868529319763,-0.06855278462171555,0.047560717910528176,-0.02071218192577362,-0.2807481288909912,-0.14760269224643707,-0.04030413553118706,-0.016528883948922157,-0.22837564349174497,-0.05366323888301849,0.1915642023086548,0.26280781626701355,-0.13490629196166992,0.08005231618881226,0.14804857969284055,-0.056543618440628045,0.0749201849102974,-0.004035572055727243,0.229966014623642,-0.023280296474695206,0.07679911702871321,-0.2549288868904114,0.2725894749164581,0.012717113830149172,-0.005357841495424509,-0.10496436059474944,-0.25589105486869806,-0.02863476611673832,0.034886717796325684,-0.42268458008766174,0.08572045713663101,0.17121121287345886,-0.2864771783351898,0.0779339149594307,0.27889400720596313,0.22450412809848783,-0.011376513168215752,-0.17767879366874695,0.11961207538843154,0.032165080308914185,0.16048398613929749,-0.16596403717994687,-0.1099315732717514,0.036874398589134216,0.2059935033321381,-0.11845892667770384,-0.07150281965732574,0.09800481051206589,0.05067537724971771,0.14844900369644165,-0.21731795370578763,0.0584537498652935,0.11230871826410292,0.019204284995794296,-0.0160781592130661,0.0870104506611824,0.02818840183317661,0.023461073637008664,0.07826023548841475,0.018998539075255397,-0.26256707310676575,-0.07858447730541229,0.02852873131632805,0.0354476124048233,0.1012345775961876,0.0011627139756456015,-0.08418277651071548,0.1405283361673355,0.044121041893959045,0.12818856537342072,-0.0354607068002224,-0.22922545671463007,-0.22216285765171048,-0.08074700832366942,0.011307930573821068,-0.19305439293384552,0.1368926763534546,0.21869058907032007,-0.22899112105369568,-0.15847401320934296,-0.204972505569458,-0.24699893593788144,0.17148488759994507,-0.20414674282073972,-0.1564437299966812,-0.2711825370788574,-0.1251416057348251,-0.09007096290588379,0.03214523196220397,0.1311512142419815,0.07391895353794099,0.029215542599558834,0.004634219687432051,0.29468807578086853,-0.21895216405391693,0.0019978722557425495
-0.755560576915741,0.0,0.09110969305038451,0.11554013937711716,-0.6641455888748169,0.23459039628505704,-0.3318784534931183,-0.399326205253601,0.02493904158473015,0.5347868800163269,-0.30368685722351074,0.13112926483154297,-0.16029323637485504,0.37952062487602234,-0.18141701817512512,-0.07743415236473083,-0.005258395336568356,-0.021500978618860245,-0.28389954566955566,0.5967873930931091,0.0691482424736023,-0.07803906500339507,-0.5055409669876099,-0.06838228553533554,0.17934194207191467,0.7764298915863037,-0.8249047994613646,-0.17277052998542783,-0.07098660618066788,-0.32677218317985535,0.1727931052446365,-0.6685501933097839,0.5203624367713928,0.4341382384300232,-0.5297729372978209,-0.23843903839588165,0.48045390844345087,0.11519896239042282,-0.1737758070230484,-0.03560024872422218,0.2170856595039368,-0.04328601062297821,-0.44754329323768616,0.03666648268699645,0.2695015072822571,0.1890075504779816,0.46934729814529413,-0.3922761082649231,-0.4237476289272308,0.40111750364303594,-0.11253362149000168,0.2233596742153168,-0.47555822134017933,-1.115556716918945,0.4001471996307373,0.437823623418808,-0.1309704631567001,0.06305613368749619,-0.25431036949157715,0.004638403188437224,-0.23179547488689425,0.17418120801448822,-0.4563919007778168,-0.01307777315378189,-0.00996432267129421,-0.13955670595169067,-0.04495709761977196,-0.1734008938074112,-0.02430858463048935,-0.28229963779449463,0.015249924734234808,-0.3608714938163757,-0.2588394582271576,-0.22647516429424283,-0.2158451676368713,0.14730924367904663,0.5258731245994568,0.059577573090791695,0.006149289663881064,0.36133331060409546,-0.7396398782730103,-0.2727906107902527,-0.1491022557020187,0.6137266159057617,0.11901245266199112,0.6458770632743835,-0.5823549628257751,0.5552129745483398,0.04841519519686698,0.19548344612121585,0.3052538335323334,0.12988798320293427,0.31460830569267273,-0.052274446934461594,0.08854129910469054,0.10222525149583817,0.03633949160575867,0.021380072459578518,-0.20438863337039948,-0.3643489480018616
-0.042012013494968414,0.09110969305038451,0.0,-0.04130616784095764,-0.1244855597615242,0.1347375512123108,0.07121900469064713,0.05514627322554588,-0.1002962440252304,0.13273754715919495,-0.06524758785963057,-0.038627739995718,-0.02584339305758476,0.02594669163227081,0.053923383355140686,0.24246118962764737,-0.014290341176092625,0.11019202321767808,0.27002227306365967,0.05681023746728897,-0.16271860897541046,0.06295189261436462,0.04871360212564468,0.06091403216123581,0.040854066610336304,0.03117353841662407,0.19704684615135193,0.03147202357649803,-0.12131209671497344,-0.13557544350624084,0.11133497953414916,-0.2207260429859161,0.056705724447965615,-0.20054925978183744,0.08227280527353287,0.027446415275335312,-0.134599432349205,-0.07571198791265486,-0.06640993058681488,-0.013684410601854324,0.04098447784781456,0.063820481300354,-0.17017389833927155,-0.09747036546468735,0.028672806918621063,-0.13487213850021362,-0.033895593136548996,-0.07122734934091568,-0.14840684831142423,0.07267662137746811,-0.20771379768848416,0.18854518234729767,0.025800472125411037,-0.0518302284181118,0.07372014224529265,-0.028762198984622955,-0.10758570581674576,-0.1308867186307907,0.010047549381852148,-0.04258880764245986,-0.11051788181066512,-0.0867861807346344,0.11323370784521102,-0.033337630331516266,-0.15407463908195496,-0.1119617223739624,0.002793951891362667,0.05314254388213158,-0.060914114117622375,-0.1430923044681549,0.20945540070533752,0.09184590727090836,-0.3358793258666992,-0.1052427589893341,-0.03496889024972916,-0.007580936886370182,-0.27884414792060846,-0.04390856996178627,0.009867631830275057,-0.1046689972281456,-0.06980215013027191,-0.030151743441820145,0.02920437976717949,-0.02622436359524727,0.006864303257316351,-0.07178637385368347,0.12126871943473816,-0.08396264910697937,-0.11501324921846388,0.020295599475502968,-0.1147005185484886,-0.02226639352738857,0.11836087703704833,-0.12149999290704729,0.028532493859529492,0.07879602909088135,0.011498570442199709,0.20590776205062863,-0.09171713888645171,0.03562963381409645
0.06971462815999985,0.11554013937711716,-0.04130616784095764,0.0,0.19344778358936307,0.058801628649234765,-0.320446640253067,-0.02736007608473301,0.2702933251857757,-0.025019286200404167,-0.07444724440574646,0.17714504897594452,0.05411666631698608,-0.037020087242126465,-0.16853050887584686,0.10011007636785509,0.03222126513719559,-0.03542251139879227,-0.13134260475635529,-0.044124476611614234,0.04571026936173439,-0.007309358566999435,-0.24124495685100555,-0.19196881353855133,-0.003978883381932974,0.027126492932438847,-0.21502885222435,0.08543290197849274,0.17694741487503052,0.11120446771383284,0.07007864117622375,0.06686653941869736,-0.20348842442035675,0.22552347183227536,-0.13372763991355896,-0.26092529296875,0.10822994261980055,0.17296360433101654,0.060061626136302955,-0.08052445203065872,-0.03305143117904663,0.03993943706154823,-0.15593159198760986,-0.04173409193754196,-0.1280769556760788,0.04905984550714493,-0.03310342878103256,0.0802420526742935,0.05664040520787239,0.02290857955813408,0.13183113932609558,-0.3155704438686371,-0.11156099289655684,0.009665334597229956,-0.10653562098741531,-0.08589369058609007,0.029009014368057248,0.03825041279196739,-0.06624247133731842,-0.10302776843309402,0.052253298461437225,-0.13571174442768097,0.09343186020851137,0.04486624151468277,0.26470422744750977,-0.35493659973144526,-0.13897863030433655,-0.10680720210075378,-0.22640098631381989,0.29450228810310364,-0.19557137787342072,-0.17470136284828186,0.10240936279296876,0.1433158367872238,0.2484433948993683,0.04138436168432236,0.1589406132698059,0.09932973235845564,0.08316475898027421,-0.04514290764927864,0.1301838457584381,-0.15152224898338315,0.13845357298851013,-0.0219798106700182,0.18003375828266144,0.21069310605525968,-0.20055457949638367,0.2717711925506592,0.12054113298654556,0.021486198529601097,0.0746205598115921,0.07899367064237593,-0.3398643136024475,-0.047369062900543206,-0.1045660451054573,-0.23628319799900052,0.16418293118476868,-0.1062050312757492,0.2242935448884964,-0.13663046061992645
0.17206868529319763,-0.6641455888748169,-0.1244855597615242,0.19344778358936307,0.0,-0.049527332186698914,0.27576500177383423,0.1593959927558899,-0.09983431547880173,-0.3101429641246796,0.07601550966501237,0.0042493543587625035,-0.10570842772722244,-0.12907792627811432,0.0563185028731823,0.07174436748027802,0.05090371146798134,-0.13705186545848846,0.018907567486166958,-0.23067621886730197,0.20887172222137448,-0.14172406494617462,-0.024918362498283383,0.15963318943977356,-0.15537604689598083,-0.44633120298385615,0.1694573611021042,0.07934004068374634,-0.1154615804553032,0.08113771677017213,-0.14063720405101776,0.041503824293613434,-0.2925856411457062,-0.04927930608391762,0.13388890027999875,-0.030174376443028447,-0.17392000555992126,-0.12465063482522964,0.18210977315902707,-0.09533734619617462,-0.16804513335227966,-0.18981966376304624,0.20839416980743408,0.111625075340271,-0.16078761219978333,0.09691590815782547,-0.127167209982872,0.13711333274841309,0.28852933645248413,-0.15102936327457428,-0.0740610361099243,0.19724196195602417,0.15313299000263214,0.5691738724708557,0.02519703097641468,-0.21052236855030057,0.08766675740480424,-0.13465376198291779,0.03885253146290779,-0.04911557212471961,0.20386086404323575,-0.12825410068035123,-0.0642094612121582,0.02244651131331921,-0.1071677803993225,0.173738494515419,0.04836638644337654,-0.09828596562147139,0.122538261115551,-0.09247124940156937,-0.20796747505664823,0.059494342654943466,0.22402648627758023,0.15792851150035858,-0.12957727909088135,0.036492910236120224,0.21126061677932736,0.07310007512569427,-0.006255658343434334,-0.13876672089099884,0.3563237190246582,0.1646336019039154,0.02114405296742916,-0.5047609210014343,-0.030127342790365216,-0.46292874217033386,0.15155112743377683,-0.3081424832344055,0.12360920011997222,-0.32519888877868647,-0.06523571908473969,-0.035726409405469894,-0.08638960868120193,0.13184113800525665,0.08378899842500687,-0.1547747403383255,-0.01945311762392521,-0.06964646279811859,0.06569831073284149,0.061337437480688095
-0.06855278462171555,0.23459039628505704,0.1347375512123108,0.058801628649234765,-0.049527332186698914,0.0,-0.183369442820549,-0.16136156022548676,0.18746048212051392,0.15049947798252103,-0.11873326450586318,-0.027375428006052967,0.040882110595703125,0.11933190375566483,-0.07007433474063873,0.006845610681921244,0.0925581008195877,-0.08331312984228134,-0.13186819851398468,0.11335489153862,0.07187774032354355,0.09442970901727676,-0.24020546674728396,-0.08460678160190582,0.021872986108064648,0.06319781392812729,-0.13562844693660736,0.12359850853681564,-0.08957003057003021,-0.09587472677230835,0.0400603860616684,-0.20753154158592224,0.09333090484142303,0.05975429713726044,-0.18473266065120697,-0.0670807883143425,0.029956324025988575,0.01920745149254799,0.012662727385759352,-0.16722317039966583,-0.010762409307062624,-0.06708527356386185,-0.143012598156929,-0.161550834774971,0.02145225554704666,0.00021587694936897603,0.2102106809616089,-0.22165618836879727,-0.08452770113945006,0.07248323410749435,-0.06507169455289841,-0.11052218824625017,-0.20119582116603849,-0.195268988609314,-0.033792685717344284,0.11927473545074462,-0.019768062978982925,0.005028387997299433,-0.1183471903204918,-0.06524564325809479,0.08978880196809769,-0.11816823482513428,0.0343681275844574,-0.10752112418413162,0.05055008828639984,-0.15863797068595886,-0.1866977512836456,-0.01760461926460266,-0.03722839429974556,-0.09316404908895491,-0.15060438215732574,0.030359243974089622,0.03923969715833664,0.05856652185320854,0.00350632588379085,-0.08413830399513245,0.08835139870643614,0.15761928260326383,-0.002958205994218588,0.020206548273563385,0.013216684572398663,-0.06605096906423569,-0.05419082939624786,0.0835920199751854,-0.04748984798789024,0.04148945212364197,-0.15652215480804443,0.030611569061875343,0.07450784742832182,0.012452914379537104,0.03870296478271484,0.09662768244743347,-0.08912145346403123,0.035487789660692215,-0.011753171682357788,-0.018359627574682236,-0.004967066925019026,-0.1307455003261566,0.0579613484442234,-0.19838346540927887
0.047560717910528176,-0.3318784534931183,0.07121900469064713,-0.320446640253067,0.27576500177383423,-0.183369442820549,0.0,0.23910231888294217,-0.005796413403004408,-0.13040383160114288,0.2847249209880829,-0.08820240944623947,0.023364201188087463,-0.016642307862639427,-0.13067196309566495,-0.04595570266246796,-0.06984933465719223,0.2980971932411194,0.05561887100338936,-0.15929922461509705,-0.137763574719429,-0.009126991033554077,0.1170717105269432,0.09335055947303775,-0.024366240948438644,-0.15182898938655853,0.3050779700279236,-0.029914265498518944,-0.040416091680526726,-0.083915114402771,0.1758996844291687,0.26203137636184687,-0.04027347266674042,-0.39263612031936646,0.1416925936937332,-0.03601667284965515,0.048392344266176224,-0.1574593037366867,-0.15992961823940277,-0.031224211677908897,-0.0034759226255118847,0.11720719188451766,0.11985763907432556,0.1178881898522377,-0.19012604653835297,-0.025184381753206253,-0.05654452368617058,0.13316786289215088,-0.074723981320858,-0.1589771807193756,-0.05591854453086853,-0.05334791541099548,0.13979491591453552,0.20251189172267917,-0.012089645490050316,-0.06667695939540863,-0.15138305723667145,-0.07853756844997406,0.031009210273623463,-0.05204441025853157,0.02622985653579235,-0.04932598024606705,-0.04628676548600197,-0.10382987558841704,-0.007855595089495182,0.3433997333049774,0.1779273152351379,0.14450466632843015,-0.032673344016075134,-0.00976866390556097,0.2985113263130188,0.007687229663133621,-0.0823206976056099,-0.13622640073299408,-0.22300672531127927,0.08467358350753784,-0.23933474719524384,0.09061624854803085,-0.17544880509376523,-0.007840383797883987,-0.054111458361148834,0.14827431738376615,0.1342463046312332,-0.1679266393184662,0.10802435129880904,-0.198652446269989,0.10454180836677553,-0.030948499217629433,-0.20100677013397217,7.747271592961624e-05,-0.2432703375816345,-0.056803952902555466,0.1757201999425888,-0.13256128132343292,0.14103129506111145,-0.18649429082870483,-0.14351898431777954,-0.09981970489025119,-0.11764163523912428,0.3394589126110077
-0.02071218192577362,-0.399326205253601,0.05514627322554588,-0.02736007608473301,0.1593959927558899,-0.16136156022548676,0.23910231888294217,0.0,0.015155205503106116,-0.06378499418497086,0.16878840327262878,0.02613695152103901,-0.08859007060527802,-0.15137283504009247,0.1417255848646164,-0.01093393750488758,0.1420338004827499,0.033182140439748764,0.030962828546762463,-0.2472083270549774,-0.19480000436306,0.01902040094137192,-0.029465071856975555,0.08993618935346603,-0.048583101481199265,-0.2130977362394333,0.21509934961795807,-0.13316163420677185,-0.033178988844156265,-0.14212219417095184,0.04661816731095313,0.14862175285816193,-0.06933482736349106,-0.17873159050941467,0.02548980340361595,0.09983549267053603,-0.01564863696694374,-0.15332210063934326,0.00302356225438416,-0.24148571491241452,-0.06704892218112946,0.018606955185532566,0.09882207214832306,-0.0396830216050148,-0.06084630265831947,0.02885669283568859,0.03737421706318855,0.09791740775108336,-0.039297644048929214,-0.19109602272510529,0.0037620789371430874,0.19750119745731357,0.23597773909568784,0.060884080827236176,0.04066503047943115,-0.21110475063323972,0.04432732611894608,0.022710625082254406,0.007831313647329806,-0.045491766184568405,0.08081963658332823,-0.108016736805439,-0.047117140144109726,-0.03618742898106575,-0.10710816085338593,0.11275988817214964,0.13932596147060394,0.0002223028714070097,0.03347185254096985,-0.2939600348472595,0.42435461282730097,0.056128878146409995,0.12909220159053802,0.04498669505119324,-0.26804494857788086,0.05557863786816597,-0.10287052392959593,0.030556879937648773,-0.22620771825313568,-0.08627710491418839,-0.024726971983909607,0.12372907251119612,0.0052555957809090606,-0.09425120800733566,0.016139745712280273,-0.12109161913394928,0.15283651649951935,0.0012122122570872307,-0.16471916437149048,-0.1349751055240631,-0.1018146276473999,-0.05712239816784859,-0.0771902948617935,-0.009367773309350012,0.12067299336194992,0.03364594653248787,-0.07845979183912277,-0.1690358966588974,0.17008492350578308,0.07369638234376907
-0.2807481288909912,0.02493904158473015,-0.1002962440252304,0.2702933251857757,-0.09983431547880173,0.18746048212051392,-0.005796413403004408,0.015155205503106116,0.0,-0.2032344490289688,-0.03773684427142143,0.02102747932076454,-0.058704864233732224,0.32951343059539795,-0.25892016291618347,-0.08618754148483276,-0.152965247631073,-0.2283345311880112,-0.10125550627708436,0.05518911778926849,0.09162480384111404,0.06929769366979599,-0.1479339450597763,-0.005894709378480911,0.004350003786385059,0.0404977947473526,-0.2375335544347763,0.017215661704540253,-0.1608838140964508,-0.12997761368751523,0.04755650833249092,-0.14925140142440796,-0.02027202397584915,0.21925097703933716,-0.23257932066917417,-0.19331705570220947,-0.17203928530216217,0.1900879144668579,-0.04757041111588478,0.06566276401281357,-0.02511047385632992,-0.021978231146931648,0.0568900927901268,0.004682142287492752,-0.0449315682053566,0.08695164322853088,-0.007723369635641574,0.05317649990320206,0.0012503861216828227,0.18713589012622836,-0.07731582969427107,0.02636738307774067,-0.05744753777980805,0.10451151430606842,-0.02445709891617298,0.14429083466529846,-0.12231042981147766,0.0993305817246437,-0.10694719851016998,-0.04704618081450462,0.1106678396463394,-0.15838487446308136,0.03376351669430733,-0.1299777626991272,-0.028328873217105865,0.012620944529771805,0.10487706959247588,-0.2942225933074951,0.29671087861061096,-0.1270722448825836,-0.1311047226190567,-0.12465392053127287,-0.17377355694770813,-0.004629062488675117,-0.05333160981535912,-0.08767057210206985,0.29340416193008423,0.07422152906656265,-0.15534979104995728,0.05029794201254845,-0.010840474627912045,-0.1157904788851738,-0.10349763184785842,-0.038388654589653015,0.028933968394994732,-0.05543721467256545,0.0014281705953180788,-0.032284919172525406,0.10573092103004456,0.0008728415123187004,-0.022429343312978745,0.03033817559480667,-0.04138534888625145,-0.04459114745259285,0.05925659090280533,-0.24165862798690796,-0.06046944111585617,-0.062494702637195594,0.04047513008117676,-0.2182331383228302
-0.14760269224643707,0.5347868800163269,0.13273754715919495,-0.025019286200404167,-0.3101429641246796,0.15049947798252103,-0.13040383160114288,-0.06378499418497086,-0.2032344490289688,0.0,-0.16598160564899445,0.017880909144878387,-0.014567801728844643,0.13053974509239197,0.15170490741729736,0.10022025555372238,-0.029728716239333153,0.029751602560281757,0.020752968266606327,0.18092402815818784,-0.005925382953137159,0.10069411993026732,-0.36693987250328064,0.04134256020188332,0.03665406256914138,0.2774181663990021,-0.11497364193201064,-0.12816739082336423,-0.12867632508277893,-0.2661561071872711,0.13022109866142273,-0.39871236681938166,0.3416469991207123,0.10729178041219713,-0.314069539308548,0.002479859394952655,0.1817650943994522,0.06046679243445397,-0.037795230746269226,-0.08604473620653152,0.04573902487754822,-0.06961460411548616,-0.07452651113271713,-0.12232263386249542,0.09284327924251555,-0.0804038494825363,0.12328529357910156,-0.17366167902946472,-0.15389591455459595,0.08610743284225462,-0.20822401344776156,0.1190165728330612,-0.3393583595752716,-0.5285252928733826,0.08026832342147827,0.07318715751171112,0.025111334398388863,0.09405344724655151,0.014284315519034863,0.04564056172966957,-0.13400438427925107,0.0638171136379242,-0.28160494565963745,-0.01699100248515606,-0.009215952828526495,-0.14813585579395294,-0.03083786368370056,-0.060127392411232,0.0025374037213623524,-0.3481600880622864,0.046453174203634255,0.1658681035041809,-0.024230660870671272,0.020245756953954697,-0.08787302672863007,0.0304544884711504,0.056722827255725854,0.00037549738772213454,0.02506314590573311,0.009809096343815327,-0.30732691287994385,-0.05567866936326026,-0.11582477390766144,0.19438381493091583,-0.0628988966345787,0.08256032317876814,-0.1635114848613739,0.12534265220165253,-0.0009381716372445224,0.11234126240015029,0.04928505793213844,0.03026127815246582,0.1709008663892746,-0.03298744559288025,-0.153173565864563,0.3364540636539459,0.014111778698861597,0.17303787171840668,-0.14899542927742004,-0.14168803393840787
-0.04030413553118706,-0.30368685722351074,-0.06524758785963057,-0.07444724440574646,0.07601550966501237,-0.11873326450586318,0.2847249209880829,0.16878840327262878,-0.03773684427142143,-0.16598160564899445,0.0,0.030424915254116055,-0.05189891532063484,0.08883024007081985,-0.1563733071088791,-0.3280907273292541,0.041090548038482666,0.15030077099800107,0.08641639351844788,-0.09827208518981932,0.1257799118757248,-0.11299320310354231,-0.12813733518123627,-0.007845898158848284,0.0009164006332866848,-0.27600082755088806,0.17753586173057556,-0.16126759350299835,-0.13438956439495087,0.029070740565657612,-0.046570755541324615,0.1637560278177261,-0.16244587302207947,-0.0915936604142189,0.08199458569288252,-0.031862501055002206,-0.15100699663162231,-0.13751420378684995,0.008783213794231415,0.06668689101934433,-0.06797614693641663,0.007034383714199065,0.2230825275182724,0.11192233115434647,-0.1615959256887436,0.09638527035713197,-0.020754553377628326,0.2234565764665604,-0.038407765328884125,-0.11965174973011015,0.065470390021801,0.1269814521074295,0.09165136516094208,0.4096726179122925,0.04749878495931625,-0.04032688587903976,-0.06166685000061989,-0.226002037525177,0.00539768161252141,0.010256757959723473,0.0017405493417754767,-0.07955051958560942,0.0019534726161509752,-0.010507084429264069,-0.17523573338985443,0.2690906822681427,0.12511873245239255,0.0569055862724781,0.012486767023801804,-0.049099795520305634,0.1196472942829132,-0.014569842256605623,-0.03889647498726845,-0.012276221066713331,-0.14003963768482208,0.07936470955610275,0.017505230382084846,0.042506955564022064,-0.037094593048095696,0.03693663328886032,-0.08663973957300186,0.16703073680400848,0.06571516394615173,-0.17124761641025543,0.08016112446784973,-0.1438847184181213,0.28814399242401123,-0.028179457411170002,-0.07759229093790054,-0.09507402777671813,-0.06859563291072845,-0.05150685459375381,-0.012385981157422064,-0.05004922300577164,0.01607821322977543,-0.097467802464962,-0.13190822303295135,-0.13054807484149933,0.029330506920814518,0.09216324985027312
-0.016528883948922157,0.13112926483154297,-0.038627739995718,0.17714504897594452,0.0042493543587625035,-0.027375428006052967,-0.08820240944623947,0.02613695152103901,0.02102747932076454,0.017880909144878387,0.030424915254116055,0.0,0.0014574406668543816,-0.042388450354337685,-0.0640927329659462,-0.12921789288520813,0.13072960078716278,-0.14021745324134827,-0.05677609518170357,0.029922910034656525,0.04863603785634041,-0.116533026099205,-0.048859305679798126,0.02872904203832149,-0.07841125130653381,0.07487954944372177,-0.07161446660757065,-0.08023298531770706,-0.0123168108984828,0.04529660195112228,0.0844675824046135,0.004074802156537771,-0.2181503772735596,0.08485419303178787,0.02578647248446941,-0.11322568356990814,0.0764825865626335,0.014448083005845547,-0.03594203665852547,-0.014330976642668247,0.13398258388042447,-0.054374668747186654,-0.05811830610036849,-0.10791954398155212,-0.1187724471092224,-0.004804043099284172,-0.018927689641714096,-0.13410551846027374,-0.06379393488168716,0.010167322121560572,0.08541007339954376,-0.055110611021518714,0.051393069326877594,-0.1617820709943771,0.05919931083917618,-0.03712176159024239,-0.032660696655511856,-0.04170329496264458,-0.01984415389597416,0.05827169492840767,0.0946945548057556,0.00803323369473219,0.014887326397001743,-0.006393243093043566,0.0032886404078453775,-0.0458044707775116,-0.03245500475168228,-0.07142532616853714,-0.046259738504886634,0.034657783806324005,-0.04029277339577674,-0.2125965654850006,0.011155924759805202,0.09876369684934616,-0.0030048075132071968,0.1109740361571312,0.1355905681848526,0.04849555343389511,0.019294094294309616,0.07319194823503494,-0.0354640819132328,-0.13814550638198853,0.09114403277635574,0.034329209476709366,0.04129109904170036,0.10684288293123244,-0.1703202873468399,0.12850475311279297,0.16968701779842377,-0.0702153667807579,0.05001534894108772,-0.03681381046772003,-0.10399834066629408,0.05424458160996437,-0.134083554148674,0.047169409692287445,0.061943352222442634,-0.056945543736219406,0.0817769467830658,0.009494764730334282
-0.22837564349174497,-0.16029323637485504,-0.02584339305758476,0.05411666631698608,-0.10570842772722244,0.040882110595703125,0.023364201188087463,-0.08859007060527802,-0.058704864233732224,-0.014567801728844643,-0.05189891532063484,0.0014574406668543816,0.0,0.08922543376684189,0.12596562504768372,0.09047270566225053,-0.05729801952838898,0.1280200034379959,0.2574501633644104,0.10474691540002821,-0.05403827503323554,0.0737452358007431,0.057141147553920746,-0.0294781606644392,0.0656234622001648,0.023902246728539463,0.18299902975559235,0.1553231179714203,-0.112711600959301,-0.07410608232021332,0.03188098594546318,-0.25010260939598083,0.07986858487129211,-0.2392064332962036,0.11112358421087264,-0.030653296038508412,-0.21684572100639343,0.2519241571426392,-0.011419245973229408,0.1419592946767807,0.018104283139109608,-0.12226857244968414,0.166668564081192,-0.07388735562562943,-0.05728718265891075,-0.1850701868534088,0.07197536528110504,-0.12071408331394196,-0.10981550812721252,0.15005949139595032,-0.020580939948558807,0.07451209425926208,0.1310880184173584,0.22795002162456512,-0.10574078559875488,-0.022218890488147732,-0.06356864422559738,0.05160219594836235,0.0539780966937542,0.047946840524673455,-0.004838999826461077,0.14101414382457733,0.009798208251595495,0.01669469103217125,-0.30227217078208923,-0.11837996542453764,0.0069369031116366395,-0.09071043878793715,0.06728152930736542,-0.10026317834854125,0.046882476657629006,0.07136335968971252,-0.10747430473566057,-0.0325801782310009,-0.006972565315663815,-0.1426418125629425,-0.0651700422167778,-0.034733690321445465,0.1325985491275787,-0.3068934679031372,0.06208334490656853,0.04278573393821716,-0.17292751371860504,-0.04676654189825057,-0.045931700617074966,-0.15738187730312347,0.0622749961912632,-0.07411842793226242,-0.06655855476856232,-0.11638886481523512,-0.03721880167722703,-0.025159215554594997,0.007108340971171856,-0.09123045951128005,0.05093187838792801,0.038071777671575546,0.06620918959379196,0.17222477495670319,0.018872642889618877,-0.08437739312648773
-0.05366323888301849,0.37952062487602234,0.02594669163227081,-0.037020087242126465,-0.12907792627811432,0.11933190375566483,-0.016642307862639427,-0.15137283504009247,0.32951343059539795,0.13053974509239197,0.08883024007081985,-0.042388450354337685,0.08922543376684189,0.0,-0.09142263233661652,-0.09629257023334505,0.0778396800160408,0.15470477938652039,-0.06368747353553772,-0.005733642261475325,-0.013704365119338036,0.11227497458457945,-0.04834172502160072,-0.05939852818846703,-0.05026712641119957,0.1912418156862259,-0.18598672747612,0.01889330893754959,-0.024467745795845985,-0.04421485960483551,0.1709112673997879,0.010176457464694977,0.06666557490825653,0.12086202949285509,-0.25394952297210693,-0.1668282002210617,0.240676149725914,-0.06311958283185959,-0.28911614418029785,-0.16898140311241147,-0.08409039676189423,0.2053549885749817,-0.2574152946472168,0.2017381191253662,0.08310061693191528,-0.04611920192837715,0.036203552037477486,-0.04352499544620514,-0.06087455153465271,0.04035714268684387,0.058859918266534805,-0.08683753013610838,-0.1893450915813446,-0.3436935544013977,-0.027407657355070118,0.18597817420959473,-0.227589413523674,0.05110778287053108,0.11534412205219267,-0.1480017602443695,-0.029565928503870964,0.03538430482149124,-0.06560868769884108,0.06866145133972168,0.264095664024353,0.08180784434080125,-0.003311942331492901,0.059721969068050385,-0.08913639187812805,0.17507505416870117,-0.05018117278814316,-0.061227913945913315,-0.05711065977811813,-0.15859484672546387,-0.05853722617030144,0.1345037817955017,-0.12188252806663512,0.11529484391212463,-0.10743398219347,0.28588706254959106,-0.1769462674856186,-0.11802741140127182,0.044247601181268685,0.11337540298700333,0.02042415365576744,0.2529144287109375,-0.10794752836227416,0.13805726170539856,-0.02295113168656826,0.33926892280578613,0.044505763798952096,0.05222001671791077,-0.018404556438326836,-0.08359437435865402,0.07230901718139648,-0.11121094226837158,-0.16548240184783936,-0.0572126992046833,-0.13531287014484403,-0.009744306094944477
0.1915642023086548,-0.18141701817512512,0.053923383355140686,-0.16853050887584686,0.0563185028731823,-0.07007433474063873,-0.13067196309566495,0.1417255848646164,-0.25892016291618347,0.15170490741729736,-0.1563733071088791,-0.0640927329659462,0.12596562504768372,-0.09142263233661652,0.0,0.2892802953720093,0.13397498428821564,-0.6371455788612366,-0.15355205535888672,0.067545585334301,0.05143919214606285,-0.10708851367235184,0.30145758390426636,-0.16508740186691284,-0.12122505903244019,-0.017863309010863304,0.030512927100062367,-0.041290301829576485,0.2012495994567871,0.19216398894786835,-0.2645351588726044,-0.069908007979393,0.05287475883960724,0.2531730532646179,0.12399563938379288,0.23859253525733948,-0.2611304521560669,-0.03695475682616234,0.18446317315101624,0.10366799682378768,0.03664380684494972,-0.11043795943260191,0.009268728084862232,-0.13321202993392944,0.2666057050228119,-0.056253883987665176,0.12197960913181304,-0.2705398797988892,0.15178917348384857,-0.0042514498345553875,0.03161906823515892,0.028914151713252068,-0.11075563728809357,0.02188436686992645,-0.1656718552112579,-0.2718554437160492,0.16948027908802032,0.1975930482149124,0.14008505642414093,0.0969243049621582,-0.10823005437850952,-0.051913149654865265,0.009639766067266464,0.08045011758804321,-0.05256633460521697,0.22371691465377808,-0.08479629456996916,-0.06031189486384392,-0.04075101763010025,0.09298601001501085,-0.24655383825302124,0.32886776328086853,0.13779450953006744,0.19771771132946012,0.47747957706451416,-0.2394774556159973,-0.014339135959744452,-0.06092169880867004,0.2633921504020691,-0.24771082401275635,0.12789446115493774,-0.07381851226091386,-0.1850973814725876,-0.04030712693929672,-0.42993965744972235,0.027572451159358025,0.024446016177535057,-0.16214673221111295,0.13920563459396362,-0.1783870905637741,-0.010014324449002743,-0.13642500340938568,-0.038700200617313385,0.2261890023946762,-0.1797578930854797,0.08085373044013977,0.13540320098400116,-0.19148555397987363,0.11623667180538176,-0.19388692080974576
0.26280781626701355,-0.07743415236473083,0.24246118962764737,0.10011007636785509,0.07174436748027802,0.006845610681921244,-0.04595570266246796,-0.01093393750488758,-0.08618754148483276,0.10022025555372238,-0.3280907273292541,-0.12921789288520813,0.09047270566225053,-0.09629257023334505,0.2892802953720093,0.0,0.11265550553798676,-0.20977216958999637,-0.025746760889887806,0.15497010946273804,-0.03949052840471268,-0.0791318342089653,0.022245939821004868,0.04173118621110916,-0.09202546626329422,0.11030678451061247,-0.20209975540637967,0.18590866029262543,-0.06133256480097771,0.02060112729668617,-0.024274801835417747,-0.14739149808883667,0.24781666696071625,0.10300544649362564,-0.1412373185157776,0.23907670378685,-0.3863472640514374,0.10442183166742323,0.12460065633058548,0.030009815469384197,-0.003336275229230523,-0.07467570155858994,0.07945719361305235,-0.06350399553775787,0.27512356638908386,-0.1059209406375885,0.049008581787347794,-0.3594592809677124,0.07883703708648682,0.13637617230415344,-0.043056607246398926,-0.126664400100708,-0.2186550498008728,0.07676973938941956,-0.21601592004299164,0.0003302078403066844,0.08063211292028427,0.10281203687191008,0.015647301450371742,0.21080653369426727,-0.1438141167163849,0.10631020367145538,0.08185093849897385,0.038511984050273895,-0.15444086492061615,0.03134046867489815,-0.18742959201335904,-0.13127252459526062,0.07463880628347395,-0.025774894282221798,-0.2125682234764099,0.3549950122833252,0.14646296203136444,0.16253437101840973,0.14438502490520477,-0.2414878606796265,-0.045218739658594125,0.04318336769938469,0.2312873303890228,-0.17732775211334229,0.4373392462730408,-0.12784375250339508,-0.41940024495124817,0.09807781130075455,-0.489643543958664,-0.1041656658053398,0.032179802656173706,-0.32812026143074036,0.026402367278933525,-0.08313516527414323,-0.05938873067498207,0.0053093438036739835,-0.0887751430273056,0.10105268657207488,8.868025906849651e-05,-0.1255151331424713,0.14816401898860931,0.119008831679821,-0.021817967295646667,-0.29651015996932983
-0.13490629196166992,-0.005258395336568356,-0.014290341176092625,0.03222126513719559,0.05090371146798134,0.0925581008195877,-0.06984933465719223,0.1420338004827499,-0.152965247631073,-0.029728716239333153,0.041090548038482666,0.13072960078716278,-0.05729801952838898,0.0778396800160408,0.13397498428821564,0.11265550553798676,0.0,-0.0009115790599025786,0.1380101442337036,0.027789456769824028,0.006193691398948431,0.1681219786405563,-0.23779073357582087,0.15105687081813812,0.04826727509498596,-0.006731318309903145,-0.17684048414230347,-0.04038608074188232,-0.11171238869428635,-0.1417349278926849,0.02047152630984783,-0.13906656205654144,-0.020400986075401303,-0.14657579362392423,-0.1226920410990715,-0.05827677249908447,0.01743347942829132,0.02878955565392971,-0.006107666064053774,-0.1291355341672897,0.0886077880859375,-0.10694418847560883,0.014920733869075775,-0.14505352079868317,-0.06996823102235794,0.009860401973128319,0.12619270384311676,0.13752979040145874,-0.10856229811906815,-0.00508281122893095,-0.10865380614995956,0.09449282288551329,0.13159453868865967,-0.09219487756490707,0.09190426021814345,-0.017369458451867104,-0.06703301519155502,-0.12678147852420807,-0.09974266588687895,-0.07596118748188017,-0.013889994472265244,0.040328335016965866,-0.2039138823747635,-0.11596878618001936,-0.182464599609375,-0.053372416645288474,0.06870076060295105,-0.0391927845776081,0.10924260318279266,-0.24903826415538788,0.07653860747814177,-0.09340602904558179,-0.010937154293060303,0.04872982203960419,-0.12735313177108765,-0.01542063057422638,0.31511998176574707,-0.008285424672067165,-0.12111830711364746,0.044682733714580536,-0.011699378490447998,0.04150887951254845,-0.030818844214081764,-0.10849256068468092,0.22975111007690427,-0.1828422099351883,0.03821949660778046,-0.07749040424823761,-0.06040402129292488,-0.09220850467681885,-0.0609670914709568,0.052801799029111855,-0.060948330909013755,0.019361592829227448,0.07362838089466096,0.03606117516756058,0.00611451268196106,-0.040797043591737754,0.08537336438894272,-0.05153237655758858
0.08005231618881226,-0.021500978618860245,0.11019202321767808,-0.03542251139879227,-0.13705186545848846,-0.08331312984228134,0.2980971932411194,0.033182140439748764,-0.2283345311880112,0.029751602560281757,0.15030077099800107,-0.14021745324134827,0.1280200034379959,0.15470477938652039,-0.6371455788612366,-0.20977216958999637,-0.0009115790599025786,0.0,-0.019726019352674484,-0.10986925661563872,0.016184821724891663,-0.032876674085855484,0.12949395179748535,-0.12538287043571472,-0.21487726271152496,-0.09236224740743636,0.014743848703801632,0.043492212891578674,-0.03054029121994972,0.14601442217826843,-0.0607825294137001,0.3016085624694824,-0.27315545082092285,0.28920173645019526,0.11806996166706084,-0.15459842979907987,0.09775184094905853,-0.09859027713537216,-0.1383962035179138,-0.010250446386635303,0.009902905672788622,-0.002865579444915056,0.10232368111610413,0.1655762791633606,0.05720592662692071,-0.1547775566577911,-0.31472024321556086,-0.014049487188458443,0.22010222077369687,-0.1375603973865509,-0.07388662546873091,-0.0287203136831522,-0.14699527621269226,0.27583804726600647,-0.016198821365833282,-0.01706708036363125,-0.06442280113697052,-0.11320579051971436,0.006173964124172926,-0.20416097342967987,0.03196228668093681,-0.040155839174985886,-0.18068188428878784,-0.05429822579026222,0.20981578528881076,0.28763321042060846,0.04240557178854942,-0.017188137397170067,-0.21032957732677457,0.1849195510149002,0.04911574721336365,0.02174127288162708,-0.056963905692100525,-0.2092566192150116,-0.017363134771585464,0.1726463288068771,-0.1655932515859604,0.015643002465367317,-0.04032241925597191,0.15344873070716855,-0.21200652420520785,-0.016079731285572052,-0.06281190365552902,0.13902482390403748,-0.21014069020748136,0.1977714151144028,-0.0529472790658474,-0.0962781086564064,0.2148081213235855,0.18814677000045776,-0.255301296710968,0.02164869010448456,0.35668686032295227,-0.15126904845237732,-0.06333768367767334,-0.05186009034514427,-0.18351267278194427,0.0329531766474247,-0.28592443466186523,0.09098057448863985
0.14804857969284055,-0.28389954566955566,0.27002227306365967,-0.13134260475635529,0.018907567486166958,-0.13186819851398468,0.05561887100338936,0.030962828546762463,-0.10125550627708436,0.020752968266606327,0.08641639351844788,-0.05677609518170357,0.2574501633644104,-0.06368747353553772,-0.15355205535888672,-0.025746760889887806,0.1380101442337036,-0.019726019352674484,0.0,-0.18330942094326017,0.021736847236752514,-0.09071609377861024,0.204856351017952,-0.1855229288339615,-0.1347144246101379,-0.11458165943622588,0.0832572802901268,0.025229828432202336,0.3905667662620544,0.16865959763526917,-0.04439576342701912,0.22551274299621585,0.016484579071402546,0.14711540937423706,0.09460724145174025,0.144400417804718,0.016395840793848038,-0.14151468873023987,0.034814056009054184,-0.08039071410894395,-0.07282740622758865,0.05697063356637955,0.06503517180681229,0.043755929917097085,-0.008136602118611334,0.03439907357096672,-0.3607383072376251,0.1010615974664688,0.19507957994937897,-0.1060551032423973,0.07265172898769377,-0.06435348093509674,-0.029007745906710625,-0.05722035467624664,-0.07694073021411894,-0.10685916244983672,0.2073586732149124,0.009446150623261929,0.045954447239637375,-0.07062382251024246,0.04766317084431648,-0.011743257753551006,0.07964178174734116,0.0028730481863021846,0.3017790615558624,0.11887045204639433,0.01380893774330616,0.08489073067903519,-0.17474082112312317,0.1787293255329132,-0.023505084216594696,0.05484484136104584,0.26651641726493835,-0.012389765121042728,0.16299864649772644,0.05626069009304047,-0.35856080055236816,0.043851569294929504,0.04563261568546295,0.0167434960603714,0.024325607344508168,0.06593944877386093,0.1415804773569107,-0.007163008209317923,-0.11594171077013016,0.1263684332370758,-0.06722749769687653,-0.057090427726507194,0.08750657737255096,0.036650873720645905,-0.06754209846258163,-0.0458211824297905,0.16450780630111694,-0.033005256205797195,-0.14423759281635284,-0.001224508392624557,-0.03390287235379219,-0.06722619384527206,-0.17817264795303345,0.08278891444206236
