0,1,2,3,4,5,6,7,8,9,10,11,12,13,14,15,16,17,18,19,20,21,22,23,24,25,26,27,28,29,30,31,32,33,34,35,36,37,38,39,40,41,42,43,44,45,46,47,48,49,50,51,52,53,54,55,56,57,58,59,60,61,62,63,64,65,66,67,68,69,70,71,72,73,74,75,76,77,78,79,80,81,82,83,84,85,86,87,88,89,90,91,92,93,94,95,96,97,98,99
0.0,0.07505929470062256,-0.029672106727957726,0.18024942278862,-0.03577042371034622,-0.1166272610425949,-0.029897941276431084,0.08653891831636429,0.01448415033519268,-0.030057111755013462,0.02528702467679977,0.04678952321410179,-0.04368608072400093,0.09391441196203232,-0.06303410232067108,-0.271224707365036,-0.08544641733169556,-0.2821955382823944,0.13933527469635007,0.04090357944369316,0.084088534116745,-1.5542007531621493e-05,-0.1548195481300354,-0.041113436222076416,-0.03345542773604393,0.05305447056889533,-0.3153820037841797,0.033989597111940384,0.03689893707633018,0.08525191992521286,0.053701434284448624,0.05002255737781525,0.2103994786739349,0.03727512061595917,-0.164634570479393,-0.03848712891340256,0.030275529250502583,-0.04437658563256264,-0.03028581105172634,0.11778675764799118,-0.056316182017326355,0.05949383974075317,-0.10327452421188354,0.1640261709690094,0.09296374022960663,0.12452126294374465,-0.05769109725952149,0.13748285174369812,0.020428407937288284,-0.019358249381184574,0.1337517946958542,-0.13894435763359067,-0.13980840146541595,-0.11715450137853622,0.06873201578855515,0.06254081428050995,-0.004181836266070604,0.03049571998417377,-0.06922216713428497,-0.1371999979019165,0.0005326392129063606,-0.07262790948152542,-0.0034786942414939404,-0.04115652665495872,0.00968554988503456,0.1370568573474884,0.0209098756313324,0.08580436557531357,-0.04250127822160721,0.037598684430122375,-0.06619442999362946,-0.08312904089689255,0.07701945304870605,-0.004101197235286236,-0.09428601711988448,0.06469989567995071,0.07929187268018721,-0.17296461760997772,-0.06862194836139679,0.005626699887216091,0.045593325048685074,-0.014496990479528904,-0.02757556363940239,0.06503468006849289,0.10302416980266572,0.051136504858732224,0.05726229399442673,-0.07723645120859146,0.1139482408761978,-0.02468822151422501,-0.21517144143581393,-0.060698021203279495,0.0010475105373188851,-0.0655909925699234,0.02385925315320492,-0.1553574651479721,-0.026191074401140213,-0.00021224301599431783,0.013769138604402542,-0.09719093143939973
0.07505929470062256,0.0,0.03222369775176048,0.10913749784231185,-0.16056399047374725,-0.017763055860996246,-0.13789412379264832,0.04133613780140877,-0.04536280781030655,-0.0014955599326640368,0.07686533778905869,-0.03880191966891289,-0.10195577144622801,0.22937066853046417,-0.14667871594429016,-0.08253191411495207,-0.21127766370773315,-0.28302133083343506,0.16300052404403687,-0.0280758049339056,0.057108670473098755,-0.13335882127285004,-0.09764453768730164,-0.1601419448852539,-0.2517167627811432,0.06323327869176865,-0.4347661435604096,-0.05169854685664177,0.17550444602966309,0.05244474112987518,-0.0027382338885217905,-0.0630311369895935,0.13461565971374512,0.04693286493420601,-0.11468548327684402,-0.22632275521755216,-0.0006901026936247945,-0.17542056739330292,-0.03390365093946457,0.11522154510021208,0.1220789849758148,0.058775193989276886,0.04194756597280502,0.1679038405418396,0.13818320631980896,0.16963373124599457,-0.14745531976222992,0.05037591606378555,0.05894491448998451,-0.0692511573433876,0.10066939145326614,-0.03616797178983688,-0.1846457272768021,-0.16795434057712555,-0.01244634948670864,0.01574772223830223,0.044211708009243005,0.1175919398665428,0.07609222829341888,-0.1723620444536209,-0.15868420898914337,0.07209914922714233,-0.0060839690268039695,-0.05476454645395279,0.06912819296121597,0.09960030764341353,0.10037403553724288,0.0994405522942543,-0.06280362606048584,0.025461301207542416,-0.21052509546279907,-0.20377281308174133,-0.04638735577464104,0.05760637670755386,0.1308732032775879,0.19920167326927185,0.028463296592235565,-0.1272786557674408,0.07365048676729202,0.20699907839298248,0.009942938573658466,0.013675260357558727,-0.060017168521881104,0.00566771999001503,0.09994207322597504,0.09994629025459288,-0.00011640898446785286,-0.0847446098923683,0.256773442029953,-0.06066539883613586,-0.19641196727752683,-0.11435282975435256,-0.0734829381108284,0.023113716393709183,0.11309190094470976,-0.3744789958000183,0.033849820494651794,0.13939376175403595,-0.06256156414747238,0.031122053042054176
-0.029672106727957726,0.03222369775176048,0.0,-0.10692512989044188,0.06848244369029999,-0.04439524561166763,0.004014774691313505,0.0881778821349144,-0.050454244017601006,-0.05354456230998039,-0.06530532985925673,-0.054232008755207055,-0.009003971703350544,-0.05063259229063988,-0.23719851672649384,-0.06574427336454391,0.004941802006214857,0.03676900640130043,-0.0136109609156847,-0.023497646674513817,-0.032348264008760445,-0.006196446251124144,-0.01228750217705965,-0.06501027196645737,-0.0748937353491783,-0.01587316021323204,-0.12642154097557068,0.035710912197828286,0.012869815342128277,0.02043577656149864,0.1082669198513031,0.14089554548263547,-0.11869724094867706,0.02005661465227604,0.0017808774719014764,0.007260184269398451,-0.011984737589955328,-0.1357675343751907,0.042733266949653625,0.06144441291689873,-0.0381777361035347,0.04246459901332855,-0.02215146273374557,-0.004947728011757135,0.03183111548423767,0.005055661778897047,-0.12803785502910614,0.07739627361297606,0.089887335896492,0.014170876704156399,0.01292998157441616,0.12442483752965929,-0.02009447105228901,-0.16470244526863098,0.019149662926793095,0.013196003623306751,0.006397934164851904,0.005524198990315199,0.13589651882648468,0.046081315726041794,-0.05845615267753601,-0.09345949441194534,-0.06108758971095085,-0.01715008169412613,0.2500919699668884,-0.01972349919378757,0.040529847145080566,0.1467786282300949,0.038671184331178665,-0.03991704806685448,-0.03654568269848824,-0.016301441937685013,-0.0277935303747654,0.022146133705973625,-0.1352938562631607,-0.05942799523472785,0.152123361825943,0.07139241695404053,-0.10539936274290083,0.05861821398139,0.0020178800914436574,0.016090774908661842,-0.004925411660224199,-0.0457618311047554,0.13262540102005005,-0.034347452223300934,-0.0016953988233581183,0.011104612611234188,-0.05461157485842705,-0.02670196071267128,0.11403100192546844,-0.019270846620202065,-0.006332921329885721,-0.1695592850446701,-0.033795833587646484,0.0642688050866127,-0.03177054226398468,-0.05806665122509003,-0.004754649940878153,-0.06766816973686218
0.18024942278862,0.10913749784231185,-0.10692512989044188,0.0,-0.027710400521755215,-0.12786744534969327,-0.18728044629096985,0.12991459667682648,0.00738050229847431,-0.0638674944639206,-0.10512840002775192,-0.10533159226179122,0.117695651948452,-0.03447769209742546,0.06391093134880066,-0.3094806969165802,-0.13028930127620697,-0.14351314306259155,0.08605333417654037,0.04006284102797508,0.16242006421089172,-0.02063566632568836,-0.09275105595588685,0.03237845003604889,0.02950863167643547,0.035181231796741486,-0.009757683612406252,0.13116633892059326,0.06044914573431015,-0.0851975753903389,-0.05888236314058304,-0.05869188532233238,0.13739128410816193,0.11817658692598342,-0.2872335910797119,0.11113687604665756,-0.1212308034300804,0.030265185981988903,0.2313120812177658,0.02771047130227089,-0.0985170006752014,-0.12064924836158752,-0.014164608903229237,0.06788144260644913,0.09966418147087096,0.006380785256624222,0.07916463166475296,-0.12470854818820952,0.032195430248975754,-0.022295922040939328,0.007204571738839149,-0.011832410469651222,0.05874672159552574,-0.03224964439868927,0.14022400975227356,0.004833769518882036,-0.1186562031507492,-0.14964701235294342,-0.03475792706012726,-0.03582626208662987,-0.04612903296947479,-0.06877827644348145,-0.22238062322139737,-0.06169614195823669,0.13905203342437744,0.09679449349641801,-0.016239972785115242,-0.01428112294524908,-0.09836915880441664,0.027398446574807167,0.03269681707024574,-0.1087459921836853,-0.029535334557294846,-0.18691064417362213,0.062381405383348465,0.05311079695820808,0.06869710981845856,0.1055196151137352,-0.2398786097764969,-0.018559949472546577,-0.07310129702091217,-0.07975062727928162,0.049983114004135125,0.1417013704776764,0.08013425022363663,0.09880516678094864,0.045956239104270935,-0.11527004837989809,-0.053927671164274216,0.07432231307029724,0.11625760793685912,0.08992634713649748,0.1139269322156906,0.01753174141049385,0.0876646116375923,-0.09574040025472641,-0.0720999464392662,-0.11960604041814804,-0.014380494132637976,-0.09675917029380798
-0.03577042371034622,-0.16056399047374725,0.06848244369029999,-0.027710400521755215,0.0,0.023940272629261017,0.11609666794538497,0.04915015771985055,0.010326805524528027,-0.006339688785374165,-0.04844685271382332,-0.03669502213597298,0.010425138287246227,0.06471212953329086,0.11787406355142592,0.14009320735931396,0.015217812731862068,0.05264675989747048,-0.11226291209459303,0.01901311986148357,-0.06426398456096649,-0.02009629271924496,-0.028164980933070183,0.0885355696082115,0.08126799762248993,-0.12321052700281145,0.07269999384880067,-0.08117814362049103,0.00615129992365837,-0.040313087403774255,-0.002853649435564876,-0.1334465593099594,0.024198429659008976,-0.018592383712530136,0.017073756083846092,-0.085585318505764,-0.004343163222074509,-0.038249868899583817,-0.13261802494525907,-0.032437488436698914,0.027618316933512688,0.048248592764139175,-0.01500381715595722,-0.12398704886436462,-0.0236982274800539,-0.05344506725668907,0.08773010224103926,-0.09200464189052579,0.02414667420089245,0.012599384412169456,-0.08162522315979005,-0.05515620484948158,0.11849075555801392,-0.001138931605964899,-0.006141050718724728,0.011941085569560528,-0.1117800772190094,0.02367367595434189,-0.05668136104941368,0.02541757747530937,0.05784899368882179,-0.06773547828197479,-0.0001738988794386387,0.054741337895393365,-0.1090935468673706,-0.1501828134059906,-0.06784239411354065,-0.030995069071650505,-0.0705651119351387,0.024199403822422028,0.03438686951994896,0.11212801188230515,0.05823962390422821,0.00835433229804039,-0.057444702833890915,0.015473204664885996,-0.0922710672020912,-0.04045670107007027,0.13245391845703125,-0.003757402068004012,0.0607919655740261,0.03725814446806908,0.03159032389521599,-0.023807069286704063,-0.09600171446800233,-0.08895155787467955,-0.12331130355596542,0.15046772360801697,-0.061024244874715805,-0.08877519518136978,-0.050343576818704605,-0.05190223082900047,-0.03606625646352768,0.007843786850571632,-0.09088484942913055,0.008242011070251465,0.0867111012339592,-0.020294483751058575,-0.08915992826223373,0.08967377990484236
-0.1166272610425949,-0.017763055860996246,-0.04439524561166763,-0.12786744534969327,0.023940272629261017,0.0,0.04585772752761841,-0.01838747970759869,0.13941065967082977,-0.013794144615530968,0.031804297119379044,-0.021635914221405983,-0.03465844318270683,-0.05750953033566474,0.030294133350253105,0.04941495507955551,-0.013155304826796055,0.07243533432483673,0.05306281521916389,-0.05526716262102127,-0.15891122817993164,-0.041770175099372864,0.035456884652376175,-0.0360025130212307,-0.029235171154141423,0.03073331154882908,0.09209514409303664,-0.0629495307803154,-0.040922407060861594,0.02288841083645821,-0.004195115994662046,0.01842152141034603,-0.14650402963161469,-0.07887826114892958,0.010500084608793259,0.06245193630456925,-0.013133148662745953,0.03658975288271904,0.03062625043094158,-0.010336264967918396,0.02751488424837589,0.10453515499830245,-0.020251739770174023,-0.11273828893899916,-0.07782632112503052,-0.07865110039710999,-0.06927186250686646,0.08534662425518036,-0.052322469651699066,-0.005751845426857472,0.07925160229206085,-0.008530940860509872,-0.09941854327917099,0.09654053300619123,0.03742247074842453,-0.054624125361442566,-0.05096348747611046,-0.06970492005348206,-0.011519459076225756,-0.1289200484752655,0.10647953301668169,0.0005504654836840928,0.06834768503904343,0.002195765497162938,-0.09082698076963425,-0.07567831873893738,-0.05708954483270645,-0.022078942507505417,-0.0937998667359352,0.03570615500211716,0.015191815793514252,0.057382937520742416,-0.08246265351772307,0.04167213663458824,-0.01433329377323389,-0.028154848143458366,0.027940409258008003,-0.09274549037218092,0.02923654019832611,0.034222524613142014,0.006531485356390476,0.09451432526111601,-0.02464441768825054,-0.11744286864995956,0.00037037706351839006,-0.014287902042269707,-0.033457670360803604,0.12330901622772215,-0.00772930821403861,-0.0728858709335327,0.017776846885681152,-0.06085757911205292,-0.0007371309911832212,0.11694889515638351,-0.063491091132164,0.05216597020626068,0.019614979624748227,-0.026914257556200027,0.0557112954556942,0.005346299149096012
-0.029897941276431084,-0.13789412379264832,0.004014774691313505,-0.18728044629096985,0.11609666794538497,0.04585772752761841,0.0,-0.14909008145332336,0.0016942886868491769,0.044098272919654846,0.14856857061386108,-0.028924053534865376,-0.10208591073751448,-0.2165754735469818,-0.06480567157268524,0.35541242361068726,0.06282857805490494,0.11334438621997832,-0.06772152334451675,0.04261537641286849,-0.13887841999530792,-0.03855511173605919,0.2744427025318146,0.06007184833288193,0.0699748694896698,-0.06766851991415024,0.03725624084472656,0.05710830166935921,-0.0026530921459198,-0.1435829997062683,0.0003872938978020102,0.0117232883349061,-0.12700612843036652,-0.08663634955883026,0.20380787551403043,0.15725985169410703,0.02112948708236217,0.010162878781557085,-0.024917442351579663,-0.1117115095257759,-0.0012790671316906808,0.007570974063128234,-0.009453042410314083,-0.13441170752048492,-0.07512053102254868,-0.039115194231271744,-0.08072493970394135,0.08879003673791885,-0.12700922787189484,0.05760635435581207,0.038980193436145776,-0.026650071144104004,-0.05028706043958664,0.33376845717430115,-0.08477743715047836,-0.05975570157170296,0.007165085058659315,0.11236932873725893,0.0021047801710665226,-0.04541999101638794,0.12536743283271787,-0.01763792708516121,-0.009378055110573769,-0.014834793284535408,-0.10730453580617905,0.12218345701694489,-0.06532654166221619,-0.11442390084266663,0.1637890785932541,0.006995127536356449,-0.09976895898580553,0.06811384111642838,-0.04623233899474144,-0.00023308256641030312,0.008764784783124924,-0.07781033217906952,-0.07703382521867752,0.012162314727902412,0.005001487676054239,-0.177571639418602,-0.026172289624810215,0.02979546971619129,-0.0717596709728241,-0.1648537665605545,0.07586181163787842,-0.09621820598840712,-0.10545586794614792,0.06342926621437073,-0.010392592288553715,-0.1485629379749298,-0.0872500091791153,0.005968258250504732,0.024858150631189343,-0.013619507662951946,0.00601848540827632,0.045913927257061005,-0.07587472349405287,0.04474830627441406,-0.015563168562948704,0.0196110624819994
0.08653891831636429,0.04133613780140877,0.0881778821349144,0.12991459667682648,0.04915015771985055,-0.01838747970759869,-0.14909008145332336,0.0,0.106988288462162,-0.010389413684606552,-0.03573748469352722,-0.014811542816460133,0.0916285440325737,-0.14902111887931824,0.05837102234363556,-0.21114549040794367,-0.001318920636549592,0.06536977738142014,0.006286855321377516,0.007535441312938928,-0.05575776845216751,0.12126604467630386,0.01986537873744965,-0.050918098539114,-0.12504202127456665,0.04795576632022858,0.04337453469634056,-0.05184932053089142,-0.004216454923152924,0.08913458138704301,0.029386183246970177,0.07700531929731369,-0.06562086194753647,-0.008746205829083918,-0.15609867870807648,0.08239012956619263,-0.07928820699453354,-0.02354716323316097,0.038508351892232895,0.02923397719860077,0.030579259619116783,-0.0009855844546109438,0.02463991753757,0.08440144360065459,-0.03147771954536437,0.01805327646434307,0.04942712187767029,-0.08374615013599396,-0.13578353822231293,-0.025935791432857517,-0.10015895217657088,0.025484370067715645,-0.10278929024934769,-0.057975951582193375,-0.005709914956241846,-0.056394610553979874,-0.028269845992326736,0.005194387398660183,0.05119262263178825,-0.13966132700443268,-0.08187537640333174,-0.10018500685691832,0.0014135855017229915,-0.01776994951069355,0.05348345637321472,0.02164721116423607,-0.027623606845736504,0.014965221285820007,-0.10861927270889282,-0.009873767383396624,-0.021900707855820652,0.05852007865905762,0.0168418250977993,-0.03755868226289749,-0.10944563895463943,0.02603527344763279,0.0878937691450119,-0.1500513255596161,-0.03752796351909637,0.045700352638959885,0.006195364519953728,-0.060114815831184394,0.018911190330982208,0.07010335475206375,-0.026770707219839096,-0.010519432835280895,0.026749534532427788,-0.1575835794210434,-0.0125593151897192,0.021315339952707287,0.025253254920244217,0.004408995620906353,-0.03921128436923027,0.1004808023571968,-0.02854865789413452,-0.08871421962976454,0.10450182110071182,-0.04090676084160805,0.086008220911026,-0.07988041639328003
0.01448415033519268,-0.04536280781030655,-0.050454244017601006,0.00738050229847431,0.010326805524528027,0.13941065967082977,0.0016942886868491769,0.106988288462162,0.0,-0.035870324820280075,-0.019197430461645126,0.0431068018078804,-0.05524856969714165,0.013234151527285576,0.17716626822948456,0.05453559383749962,0.031701404601335526,0.0521927885711193,-0.06095610931515694,-0.03699610382318497,0.00984859000891447,0.13257884979248047,-0.10020261257886887,0.1390075832605362,0.05619107186794281,-0.11432235687971117,0.08780317008495331,0.011951157823204994,0.034139662981033325,-0.02824354916810989,-0.0914216861128807,-0.07172413915395737,0.05239301547408104,0.06201677024364472,-0.03388156741857529,0.04432693123817444,-0.04505221918225288,0.08112069964408873,-0.16474047303199768,-0.006487117148935795,-0.06834141910076141,-0.0790013149380684,0.016428081318736076,-0.02395997010171413,-0.050638530403375626,0.027417294681072235,-0.004448308143764734,-0.13968239724636075,-0.048105426132678986,-0.07002351433038712,-0.08492814004421234,0.05033355578780174,0.114499032497406,-0.10329982638359068,0.019368506968021393,-0.030467692762613297,-0.15921235084533691,0.09710770100355148,-0.08165859431028366,0.03474719077348709,-0.01710931956768036,0.0012372178025543688,-0.03056921996176243,-0.05987408757209778,0.030931923538446423,0.0240509957075119,-0.134260892868042,-0.02720817923545837,-0.03667004778981209,0.1293988972902298,0.03292122483253479,-0.07792288810014723,0.07270240783691406,-0.01371739897876978,-0.06438697874546051,-0.07770666480064392,-0.13898803293704987,0.010590425692498684,-0.005921739153563976,-0.06539327651262283,0.0019663989078253508,-0.04797706753015518,-0.0014690284151583908,0.035927914083004,-0.07013695687055588,-0.017917636781930923,0.007573135197162627,0.01429418846964836,-0.12820231914520264,-0.08729080110788345,0.07422667741775511,0.10921056568622588,0.16227522492408752,-0.039860635995864875,-0.0986749455332756,0.019778504967689518,-0.0017314463621005416,-0.07159817963838577,0.04087898880243301,0.0846175104379654
-0.030057111755013462,-0.0014955599326640368,-0.05354456230998039,-0.0638674944639206,-0.006339688785374165,-0.013794144615530968,0.044098272919654846,-0.010389413684606552,-0.035870324820280075,0.0,-0.04940720647573471,-0.017846839502453804,0.029751069843769077,-0.02305971272289753,0.14035803079605103,-0.07772857695817947,0.06083574891090393,0.0332556813955307,-0.08049146831035614,-0.006680279038846493,0.06368011236190796,0.06237192451953888,0.1282571107149124,-0.06766938418149948,0.127932608127594,-0.05862688273191452,0.13511900603771207,-0.05527624487876892,-0.0005027596489526331,-0.020507004112005237,-0.1203991249203682,-0.04308583587408066,-0.02573889121413231,0.004526367411017418,-0.009750758297741411,-0.0002578561252448708,-0.10942442715168,0.13944560289382935,-0.010119021870195864,-0.032862801104784005,-0.1119985431432724,-0.07204004377126694,-0.036263078451156616,-0.07344396412372589,0.003646961180493236,-0.12048276513814926,0.09837493300437929,-0.10416487604379653,-0.007564268074929713,-0.01831204816699028,-0.038580931723117835,0.03186797723174095,0.14267230033874512,-0.07659492641687393,0.07918336987495422,-0.05285770446062088,-0.007155415136367083,-0.07039086520671844,0.06598032265901566,0.02180551178753376,-0.009550167247653008,0.04026457294821739,-0.06830880790948868,0.0515165776014328,-0.0388275682926178,-0.09968271851539613,0.07121368497610092,-0.03210478276014328,-0.1177971065044403,-0.05314115807414055,-0.04809052124619484,-0.08596447110176086,-0.04348747432231903,0.053047075867652886,0.0015522993635386229,0.001806331682018936,-0.09248527139425276,0.06986485421657562,-0.09269615262746811,0.026224803179502487,-0.03468324989080429,0.021665340289473534,0.06030203774571418,-0.09766202419996259,-0.1407196074724197,-0.03879860043525696,0.1251249760389328,0.021071868017315865,-0.12756487727165222,0.03740529716014862,0.20819452404975888,-0.0031854831613600254,0.05105580762028694,0.050075776875019073,-0.01199091412127018,0.07715169340372084,0.16496762633323667,-0.04087352380156517,0.10839587450027464,-0.002868445822969079
0.02528702467679977,0.07686533778905869,-0.06530532985925673,-0.10512840002775192,-0.04844685271382332,0.031804297119379044,0.14856857061386108,-0.03573748469352722,-0.019197430461645126,-0.04940720647573471,0.0,0.08743653446435928,-0.14702582359313965,0.08949330449104309,-0.07670892775058745,-0.035527486354112625,-0.08089587092399597,0.08732496947050095,-0.07194536924362183,-0.08963319659233093,-0.012462955899536608,-0.15137918293476105,-0.012983090244233608,-0.10268305987119675,-0.040589172393083565,-0.08753199130296707,-0.1166556179523468,-0.028020994737744328,0.018591156229376793,0.013334845192730427,0.019603498280048367,-0.02822837978601456,-0.03983498737215996,0.03397703543305397,0.008411752060055731,-0.12896424531936643,-0.014349095523357391,0.06275533884763718,-0.08828670531511305,0.06550537794828415,0.15802152454853055,0.07923153042793275,0.10952740162611008,0.02593515813350677,-0.07472269237041473,0.019006168469786644,-0.10919470340013504,0.08494008332490921,0.008094174787402153,-0.024620307609438896,0.054113149642944336,-0.008176832459867,-0.22221639752388,0.056798897683620446,-0.14504703879356384,0.004894668702036142,0.03113421238958836,0.06760331243276596,0.10353435575962067,0.07184326648712158,-0.022330356761813164,0.13278357684612274,0.03368789702653885,-0.05850688740611076,0.003892019623890519,-0.08714225888252257,-0.07315561920404434,0.03930126875638962,0.011764738708734512,-0.03498620167374611,-0.12735122442245483,-0.035369500517845154,-0.07258085906505583,0.18225517868995664,0.023261284455657005,0.0188486073166132,0.03319556638598442,-0.06160377711057663,0.1928638070821762,0.003968700766563416,0.021627197042107586,0.054717674851417535,-0.09643787890672685,-0.05299326404929161,0.09488953649997713,-0.061800405383110046,-0.09384014457464218,0.020987283438444138,0.04110528156161308,-0.11615309864282608,-0.14421148598194122,-0.1342298984527588,-0.05097557231783866,0.06254629045724869,-0.09382322430610655,-0.10919795930385588,-0.09246384352445601,0.13922064006328583,-0.04956929013133049,0.15552248060703275
0.04678952321410179,-0.03880191966891289,-0.054232008755207055,-0.10533159226179122,-0.03669502213597298,-0.021635914221405983,-0.028924053534865376,-0.014811542816460133,0.0431068018078804,-0.017846839502453804,0.08743653446435928,0.0,0.058193571865558624,0.06454365700483322,-0.011559855192899704,0.16794143617153168,-0.03912258893251419,0.004121448379009961,0.005729108117520809,-0.021471498534083366,-0.033251695334911346,0.008632545359432697,-0.13199763000011444,0.04405650869011879,-0.0425993986427784,-0.0003796092059928924,-0.121240995824337,-0.17156323790550232,-0.10092296451330184,0.0030812220647931095,0.0319000780582428,-0.024592583999037743,-0.1486394703388214,-0.015217840671539307,-0.023271068930625916,-0.028683815151453015,0.023966386914253235,-0.005598125047981739,-0.09178905189037323,0.13071729242801666,0.018864903599023816,0.1465100347995758,-0.020319402217864994,-0.007435300853103398,0.03327329456806183,-0.01770671270787716,-0.05848444625735282,0.04846266284584999,-0.03695119544863701,-0.01862155273556709,-0.004831977654248476,0.05805481970310211,-0.11475293338298796,0.026343367993831635,-0.04002128541469573,0.03267866000533104,-0.10034633427858353,0.041574645787477486,-0.07525976002216339,-0.019987652078270912,0.039675172418355935,-0.08774548768997192,-0.007955064997076988,0.09134145081043245,-0.007627157028764486,-0.058849703520536416,-0.07924231886863708,0.09087199717760086,-0.13462132215499875,0.0019517282489687204,-0.16408078372478485,0.042695902287960046,-0.02383828721940517,-0.034225430339574814,-0.07967706024646759,0.06731183826923369,0.14582639932632446,-0.02855665236711502,0.11377795785665512,0.08790689706802368,-0.07406330108642578,0.13610439002513883,-0.06610964983701706,-0.022626191377639767,0.12307433038949966,-0.029028026387095448,-0.05476002767682076,0.21144586801528928,0.10511356592178343,-0.19204594194889069,-0.09625232964754105,0.030179860070347782,0.012368158437311648,0.10508148372173308,0.02399503998458385,-0.11249185353517532,0.103464737534523,0.031335342675447464,-0.08494210243225098,0.011035201139748096
-0.04368608072400093,-0.10195577144622801,-0.009003971703350544,0.117695651948452,0.010425138287246227,-0.03465844318270683,-0.10208591073751448,0.0916285440325737,-0.05524856969714165,0.029751069843769077,-0.14702582359313965,0.058193571865558624,0.0,-0.031044151633977887,0.0334085077047348,-0.006938522681593895,-0.06279779225587845,0.016327397897839546,0.1129423901438713,0.01731470599770546,-0.07252120971679686,0.06541355699300766,0.024872615933418277,0.14159367978572843,0.02125660143792629,-0.012958662584424019,0.15567684173583984,0.09335831552743912,-0.009701428934931757,-0.07029696553945541,-0.08459834009408951,0.03383801504969597,0.06547639518976212,-0.030904626473784447,-0.034721724689006805,0.013479635119438171,-0.09185279905796051,0.01912706531584263,0.05573216825723648,-0.07052785903215408,-0.06357917934656143,-0.09749320894479752,-0.02760138362646103,0.056342806667089455,-0.02278309129178524,-0.10601310431957243,0.019365165382623672,-0.08849290758371353,0.006586133502423763,0.01057148166000843,-0.071190245449543,-0.005614294670522213,0.058228589594364166,-0.07128453999757767,0.01125803031027317,0.039584476500749595,-0.11280933022499084,0.048306915909051895,0.014227407984435558,-0.0024018564727157354,0.08496476709842682,0.0867595300078392,-0.08094552904367447,0.027030928060412407,-0.0005919969407841563,0.03314345702528953,-0.010538632050156592,0.034583814442157745,0.04922959581017494,0.016659656539559364,0.05519045516848564,0.10509686172008514,0.11794273555278778,0.001974398735910654,-0.10058055073022842,-0.12280303984880447,-0.11002435535192488,0.06927453726530075,-0.10218597948551177,-0.09966173022985457,-0.0018483590101823209,0.049875862896442406,0.02126986533403397,-0.16388601064682007,-0.03796983137726784,-0.05134994164109231,-0.02035277336835861,-0.06587225198745728,-0.07721781730651854,0.02817820943892002,0.10658702999353407,-0.07361258566379547,0.024140167981386185,0.03299017623066902,-0.07672813534736633,0.0436142235994339,0.04177165403962135,-0.09641982614994048,0.07175265997648239,-0.0534881129860878
0.09391441196203232,0.22937066853046417,-0.05063259229063988,-0.03447769209742546,0.06471212953329086,-0.05750953033566474,-0.2165754735469818,-0.14902111887931824,0.013234151527285576,-0.02305971272289753,0.08949330449104309,0.06454365700483322,-0.031044151633977887,0.0,-0.07131835073232651,-0.21339188516139984,-0.05048706382513046,-0.1959434598684311,0.1376383006572723,-0.01826307736337185,0.039878495037555695,-0.08526591211557388,0.19389671087265012,-0.07808743417263031,-0.03785350173711777,0.03661135956645012,-0.3047056496143341,0.0728379487991333,-0.04344994202256203,-0.041199494153261185,0.07669495046138763,0.028434276580810543,0.02532573603093624,-0.0031613162718713284,-0.2262477278709412,0.15371279418468475,0.09989210963249207,0.0025705022271722555,-0.004046487156301737,0.26857051253318787,0.09581303596496582,0.1391316056251526,-0.026743438094854355,0.0791845992207527,0.034446198493242264,0.14413090050220487,-0.07789677381515504,0.25541752576828,-0.1334366798400879,-0.0570862554013729,0.08010025322437286,-0.07270050793886185,-0.21592001616954803,0.13448737561702728,0.03819696977734566,-0.07391567528247833,0.013828207738697529,0.028757276013493534,-0.00011805146641563624,0.03167187049984932,-0.08335316181182861,0.00529714347794652,-0.07456888258457184,-0.05418018251657485,0.014463900588452816,0.14410480856895447,-0.07527728378772734,0.04317498579621315,0.1239439621567726,0.02641417644917965,-0.10696282982826232,-0.10261468589305876,-0.08476294577121735,-0.10376805812120436,-0.1189642772078514,0.07614843547344206,0.1601402759552002,-0.10986902564764021,-0.10099547356367113,-0.062198322266340256,-0.11923647671937943,-0.06780406832695007,-0.1411246955394745,-0.05220431461930274,0.2877592146396637,0.14781959354877472,0.030859701335430145,-0.06098108366131783,0.15286600589752197,0.03832311928272247,-0.1183367297053337,0.01969241537153721,0.05666826665401459,0.000686918618157506,0.08375561982393263,-0.23137149214744568,-0.22740705311298368,0.13687261939048767,0.01836733892560005,-0.04738876223564148
-0.06303410232067108,-0.14667871594429016,-0.23719851672649384,0.06391093134880066,0.11787406355142592,0.030294133350253105,-0.06480567157268524,0.05837102234363556,0.17716626822948456,0.14035803079605103,-0.07670892775058745,-0.011559855192899704,0.0334085077047348,-0.07131835073232651,0.0,-0.07174809277057648,0.025463495403528214,0.1892497688531876,-0.00011820258805528284,0.08477185666561127,-0.0820581316947937,0.11571505665779112,0.26416003704071045,0.04849814251065254,0.060000933706760406,0.0907742604613304,0.47465348243713373,-0.05429781973361969,-0.015528966672718523,0.01730627380311489,-0.13378462195396423,0.05983120948076248,0.027149006724357605,-0.03767086192965508,0.02867552638053894,0.05150067806243896,-0.06217889860272408,0.2010613679885864,0.028204405680298805,-0.21178455650806427,-0.15673480927944183,-0.13087521493434906,-0.03327258676290512,0.014355984516441822,-0.14291410148143768,-0.2014616280794144,0.16718925535678864,-0.16623732447624207,-0.05069913342595101,-0.047781314700841904,-0.020066699013113972,0.0031207480933517218,0.26087525486946106,-0.013706124387681484,0.17190495133399963,0.07650983333587646,-0.0696491003036499,-0.17057499289512634,-0.023129738867282867,0.05529714748263359,0.14383578300476074,-0.06897030770778656,-0.009633502922952175,0.05648515745997429,0.013085550628602505,0.12925302982330322,0.021810259670019146,-0.1826385408639908,-0.01840854808688164,0.05728790909051895,0.18786321580410004,0.0181535929441452,0.0972023829817772,-0.06530634313821793,0.04563833400607109,-0.10570299625396729,-0.09287385642528533,0.15640975534915924,-0.10875200480222702,0.00480114808306098,-0.044958610087633126,0.0408346988260746,0.0930921733379364,0.12808559834957123,-0.42937427759170527,-0.10056324303150176,0.04909003898501396,-0.014822643250226974,-0.4485309720039368,0.1273929625749588,0.013410888612270355,-0.010156245902180672,-0.06035331264138222,-0.06100497767329216,-0.24901990592479703,0.18526478111743927,0.12995439767837524,-0.17471563816070557,0.06863000243902206,0.02853823639452457
-0.271224707365036,-0.08253191411495207,-0.06574427336454391,-0.3094806969165802,0.14009320735931396,0.04941495507955551,0.35541242361068726,-0.21114549040794367,0.05453559383749962,-0.07772857695817947,-0.035527486354112625,0.16794143617153168,-0.006938522681593895,-0.21339188516139984,-0.07174809277057648,0.0,0.09601029008626938,0.24591141939163208,-0.2871434986591339,0.0194985494017601,-0.20313842594623563,-0.1260525733232498,0.3652534186840057,0.036770232021808624,0.15779387950897217,-0.10308849811553956,0.15186187624931335,0.05765156447887421,-0.2848150134086609,-0.231938436627388,-0.03501057252287865,0.1873092353343964,-0.12921468913555145,-0.03788835182785988,0.27328801155090326,0.13924309611320496,0.16185052692890167,0.23780719935894007,-0.07125972211360931,-0.08184445649385452,0.09024689346551897,-0.008658247999846934,0.09755769371986388,-0.12454088777303696,-0.1680793464183807,-0.3674344718456268,-0.1910606026649475,0.2572685480117798,-0.10679180175065994,0.015568370930850504,0.2203393280506134,0.16883443295955655,0.06562893092632294,0.3649512231349945,-0.013381951488554476,-0.16339290142059326,0.07953430712223054,-0.02965923398733139,-0.06462215632200241,0.12467243522405624,0.16320064663887024,-0.06209053844213486,0.09882898628711699,-0.10977719724178314,-0.29136425256729126,-0.09338697791099548,-0.17917554080486295,-0.04128273949027061,0.1929393708705902,-0.07405944168567657,0.0070113628171384335,0.18625186383724207,-0.09171753376722336,0.08959632366895676,-0.08514540642499924,-0.1632455438375473,0.040192920714616776,0.007836351171135902,-0.04420109465718269,-0.13993223011493683,-0.1293357014656067,-0.07811383157968521,-0.07498592883348465,-0.14840520918369293,-0.05799403786659241,-0.09573592990636824,-0.034970499575138085,0.18432943522930145,-0.09773029386997224,0.015445842407643797,-0.11999956518411636,0.009057347662746906,-0.03969753533601761,-0.1170164868235588,-0.01290222816169262,0.14048568904399872,0.03474971279501915,-0.015763483941555023,-0.013843605294823647,-0.07553531229496002
-0.08544641733169556,-0.21127766370773315,0.004941802006214857,-0.13028930127620697,0.015217812731862068,-0.013155304826796055,0.06282857805490494,-0.001318920636549592,0.031701404601335526,0.06083574891090393,-0.08089587092399597,-0.03912258893251419,-0.06279779225587845,-0.05048706382513046,0.025463495403528214,0.09601029008626938,0.0,0.054278627038002014,0.05436398088932037,0.04021806269884109,-0.18180745840072632,0.0470837689936161,0.0003440051805227995,0.04838589206337929,0.08366929739713667,0.0449196845293045,0.37922257184982294,0.07245897501707077,0.01096064131706953,-0.053576063364744186,-0.16832798719406128,0.004742052406072617,0.07758401334285736,-0.01955190859735012,0.04845436289906502,-0.13426831364631653,-0.053923476487398155,0.0088299298658967,-0.120619036257267,-0.089927576482296,-0.05147138610482216,-0.2607938349246979,0.0369454137980938,-0.04511343687772751,-0.03986166045069695,-0.12054700404405592,0.06913994252681732,-0.17725111544132233,0.05034688860177994,0.006446877494454384,0.018452053889632225,-0.07217992097139359,0.20769500732421875,-0.021028148010373116,-0.04678909480571746,0.18722443282604215,0.19118432700634,-0.06346415728330612,0.1054992899298668,0.19187691807746887,-0.14616882801055908,0.09506943821907043,-0.08157914131879807,0.039987094700336456,-0.030945109203457832,-0.07376065850257874,0.1621863543987274,-0.15950019657611847,-0.11671806126832962,0.06297192722558975,0.07324742525815964,0.08744137734174728,0.09943255782127379,-0.016017615795135498,0.022005410864949223,0.0007228106842376291,-0.09992512315511703,0.1169910728931427,-0.16842123866081235,-0.20110143721103668,0.028676263988018036,0.08067977428436278,-0.08133146911859512,0.10175175219774246,-0.17541432380676267,-0.0894121453166008,-0.05825075879693031,0.025203952565789223,-0.15712212026119232,0.041525848209857934,0.22408147156238556,0.006694869603961705,-0.07361463457345961,-0.11546475440263748,-0.13361568748950958,0.17866520583629608,0.049928657710552216,-0.04075309261679649,-0.1413159966468811,-0.09885324537754057
-0.2821955382823944,-0.28302133083343506,0.03676900640130043,-0.14351314306259155,0.05264675989747048,0.07243533432483673,0.11334438621997832,0.06536977738142014,0.0521927885711193,0.0332556813955307,0.08732496947050095,0.004121448379009961,0.016327397897839546,-0.1959434598684311,0.1892497688531876,0.24591141939163208,0.054278627038002014,0.0,-0.03960688039660454,0.09836632758378983,-0.11384433507919312,0.11274543404579163,0.047674976289272315,0.095265194773674,0.21108421683311465,0.014673803001642227,0.4382401704788208,-0.040947355329990394,-0.039925165474414825,-0.10710906237363815,-0.23833414912223813,0.026634206995368004,0.06913897395133972,-0.081017404794693,0.11812586337327956,0.125126913189888,-0.12222495675086976,0.14360074698925018,-0.19680966436862943,-0.21559771895408633,-0.016861341893672943,-0.16407917439937592,-0.20645055174827573,-0.15628522634506223,-0.09428015351295473,-0.2291966378688812,0.10251525789499281,-0.15496383607387543,-0.017729828134179115,-0.006133308168500662,-0.03315024822950363,0.14578868448734283,0.23222549259662628,0.019911304116249084,0.04343733564019203,-0.0973781570792198,-0.07260268181562422,-0.08645481616258621,-0.04348791390657425,0.07863066345453262,-0.035071734338998795,-0.0443018414080143,-0.02245663851499557,0.20305366814136505,-0.21357785165309903,-0.1987614333629608,-0.04362731426954269,-0.22623352706432345,0.11529652029275894,0.17456652224063873,0.09931568056344986,0.012126113288104534,0.05652928724884986,0.01694130338728428,0.10383364558219908,-0.2169945538043976,-0.21522828936576843,0.17279405891895294,-0.08013763278722763,-0.1489330232143402,-0.04718724638223648,0.0406826101243496,0.18197341263294217,-0.043329183012247086,-0.29740774631500244,-0.07370682060718536,-0.0794614553451538,0.08884567022323608,-0.34287488460540766,0.07332741469144821,0.2207975387573242,-0.05511152744293213,0.04456616565585136,-0.010974872857332228,-0.21963910758495328,0.20791649818420407,0.033641476184129715,-0.0998549684882164,0.04100406914949417,0.026986591517925262
0.13933527469635007,0.16300052404403687,-0.0136109609156847,0.08605333417654037,-0.11226291209459303,0.05306281521916389,-0.06772152334451675,0.006286855321377516,-0.06095610931515694,-0.08049146831035614,-0.07194536924362183,0.005729108117520809,0.1129423901438713,0.1376383006572723,-0.00011820258805528284,-0.2871434986591339,0.05436398088932037,-0.03960688039660454,0.0,-0.12079230695962904,0.24282366037368772,-0.04014259576797485,-0.1949785202741623,-0.08515643328428268,-0.09296212345361708,-0.12506544589996335,-0.15935921669006348,-0.092325821518898,0.1890885233879089,0.034995052963495255,0.13237886130809784,-0.09360168129205704,0.0763212963938713,0.13088175654411316,-0.07343158125877379,-0.08566350489854813,-0.0624564066529274,-0.032870400696992874,0.009535050019621847,0.0837501585483551,-0.009847984649240969,0.11766682565212248,0.029427094385027885,0.05805279314517975,0.012068456038832664,0.05072561651468277,-0.009444436989724636,-0.13426434993743896,0.04277843236923218,-0.0009361489210277795,-0.08764853328466414,-0.06470518559217453,-0.00571676017716527,-0.2534051835536957,-0.00803797785192728,-0.08083903044462205,-0.13424915075302124,-0.0034409835934638977,0.032512325793504715,-0.10747876763343812,-0.05112978070974349,-0.12222051620483398,-0.03898942470550537,0.060647770762443536,0.09117961674928664,0.09003204852342604,-0.07095520198345184,0.2366804927587509,-0.16523081064224243,-0.06560831516981125,-0.045683540403842926,-0.10230115801095963,0.0017712973058223724,0.05009358748793601,0.06885391473770142,-0.07549172639846802,0.03112752735614777,-0.04121217504143714,0.13595137000083923,0.1422293335199356,-0.020313438028097153,-0.004729381296783686,0.11157481372356413,0.1567980200052261,-0.0510476678609848,0.10796484351158142,-0.05496195703744888,-0.20909552276134488,-0.02535262703895569,-0.019317254424095157,-0.11265482008457184,-0.15273591876029968,-0.09431245177984236,0.09792304039001466,-0.00816755834966898,-0.03809124231338501,-0.04528379067778587,-0.006842019036412239,0.004014439415186644,0.03280777484178543
