0,1,2,3,4,5,6,7,8,9,10,11,12,13,14,15,16,17,18,19,20,21,22,23,24,25,26,27,28,29,30,31,32,33,34,35,36,37,38,39,40,41,42,43,44,45,46,47,48,49,50,51,52,53,54,55,56,57,58,59,60,61,62,63,64,65,66,67,68,69,70,71,72,73,74,75,76,77,78,79,80,81,82,83,84,85,86,87,88,89,90,91,92,93,94,95,96,97,98,99
0.0,0.0634167417883873,0.010698591358959675,-0.029068306088447567,-0.04645734280347824,0.011801081709563732,0.0016886346274986863,0.022900510579347607,-0.07400850206613539,-0.051332663744688034,0.014069657772779465,-0.05073579400777817,0.028526443988084797,-0.02729526534676552,-0.016104796901345253,-0.00961066409945488,-0.02124277874827385,-0.037868034094572074,0.06199448928236961,0.042042288929224014,-0.02907714620232582,0.04005389660596848,-0.08412240445613861,-0.010487274266779423,0.03229411691427231,0.10279630869626998,-0.014701678417623045,-0.05194786936044693,0.05753999948501586,0.05607938393950462,0.06062316894531249,0.08041471987962721,-0.018019823357462883,-0.021511178463697437,0.027367016300559044,-0.03430431708693504,0.06328248977661133,-0.03190667927265167,-0.006266426760703324,0.0012320255627855659,-0.015579628758132456,-0.025114336982369423,-0.030901942402124405,-0.05389348417520523,0.009283152408897875,-0.10840898752212524,-0.13806164264678955,0.02029729634523392,0.03172595053911209,-0.003600994823500514,-0.05882323160767555,-0.04724254831671714,-0.06144420430064201,0.039644788950681686,-0.02976615540683269,0.01880119182169437,0.031181342899799343,-0.0035448751877993345,0.0064772856421768665,-0.02415545843541622,0.003965832758694887,-0.0729009136557579,-0.032829329371452325,0.008504533208906649,-0.009950757026672365,-0.040428351610898965,-0.0613020546734333,-0.022386893630027768,-0.00416169548407197,-0.03142538294196129,-0.009528898634016512,-0.08062911778688431,-0.009750847704708576,0.03906938433647156,0.05575559288263321,-0.0019411306129768489,0.009408907033503056,-0.02399660646915436,-0.0798235684633255,0.026469359174370766,-0.0972420647740364,-0.0384388342499733,-0.03295835852622986,0.10548744350671768,0.016333056613802906,-0.02117646671831608,-0.03810451179742813,-0.00010329177166568115,0.04152556508779526,-0.02115320414304733,0.040617313235998154,-0.038311075419187546,-0.029000626876950264,-0.01991307362914085,0.0033233065623790026,0.028806528076529503,0.0035681428853422403,-0.01928146369755268,-0.06125001609325409,0.016148099675774574
0.0634167417883873,0.0,0.052607286721467965,0.02365114353597164,-0.03158998489379883,0.02649153396487236,0.03187728300690651,0.009425573982298374,-0.024219848215579983,0.03243166953325272,0.009701237082481384,-0.03147125989198685,-0.017112787812948227,0.023209737613797188,0.03400934860110283,0.039885330945253365,-0.03291536495089531,-0.01910286024212837,-0.011659780517220495,-0.0030033222865313287,-0.07416387647390364,-0.031152717769145966,-0.003193070413544774,-0.058079160749912255,-0.04980884119868279,-0.06590762734413147,0.004516842309385537,-0.05530578643083572,0.01444653794169426,-0.05134893581271172,-0.0893583819270134,0.019529558718204495,-0.1232859119772911,-0.031389735639095306,-0.036958202719688416,0.004803320858627558,-0.02002490684390068,-0.01596803404390812,0.027394196018576625,-0.016327446326613426,0.01617911271750927,0.03305799886584282,0.03638619557023048,0.01954411342740059,-0.04519900307059288,-0.020555539056658745,0.03359152749180794,-0.016707636415958405,-0.017948681488633156,-0.024730952456593517,0.03562856465578079,0.09992357343435287,-0.017309872433543205,0.00548481335863471,0.0034394471440464254,-0.05620470643043518,-0.005938367918133736,0.026304716244339943,-0.03236949443817139,-0.0019034213619306684,-0.009191344492137432,0.008159461431205273,0.0003730925964191556,-0.07674624770879745,-0.0011019579833373427,0.056695587933063514,-0.10810580104589462,-0.008801976218819618,0.0016210901085287333,0.029227534309029576,-0.03738931193947792,0.008326500654220581,0.07774686068296432,-0.033543214201927185,-0.015788618475198746,-0.061563465744256966,-0.030774060636758804,0.020175574347376823,0.0069457259960472575,-0.03243127092719078,0.07936546951532365,0.004093660973012447,0.007372482679784299,-0.06242451816797256,-0.06989794224500656,-0.010485083796083927,-0.008008040487766266,0.004249885678291321,0.0021510133519768715,-0.09377270191907881,-0.0068306396715343,-0.07269584387540817,-0.047079402953386314,-0.002385338069871068,0.024003436788916588,0.0017899132799357176,0.015879647806286812,-0.00806672219187021,-0.01987946778535843,0.026865996420383453
0.010698591358959675,0.052607286721467965,0.0,-0.03883887082338333,-0.011060093529522417,0.003062754636630416,-0.05613917112350464,-0.01916806027293205,-0.006749825552105904,-0.04896526038646697,-0.002349236281588673,0.010104271583259104,-0.02866058051586151,-0.003969121724367142,-0.01021568849682808,0.12002117931842804,0.0015976881841197608,0.0493427999317646,-0.06713401526212692,-0.06004345789551735,0.061527322977781296,-0.06292974948883057,0.013808990828692911,0.016011208295822144,0.0008422963437624276,-0.053819458931684494,-0.05789446458220482,0.016406765207648277,-0.014858409762382507,0.057228479534387595,0.04728506878018379,-0.007682045456022024,-0.03135530278086662,-0.006721305660903454,-0.04228847473859786,0.004364021588116884,0.0044730198569595805,0.03473464772105217,-0.06792861968278885,0.038089025765657425,-0.0019641548860818148,0.030703961849212646,-0.09199602901935576,-0.06581389904022217,0.0028308508917689323,-0.10575383901596068,0.03497523441910744,-0.08309778571128845,-0.05321409553289413,-0.0298606101423502,-0.031201714649796482,-0.035834334790706635,-0.02243261784315109,-0.038799241185188287,0.02294020168483257,0.011854618787765501,-0.006241073366254568,-0.026852551847696304,-0.013152516447007656,-0.024677805602550503,-0.059957239776849754,-0.01798856630921364,0.06009339913725853,6.869500793982297e-05,0.0046106819063425055,-0.06698211282491684,-0.005174187943339348,-0.033759333193302155,-0.12330104410648345,-0.0679868832230568,0.03574896976351737,0.1042378768324852,-0.04252336919307709,0.004808792844414711,0.06898581236600876,-0.0230085663497448,0.031134918332099915,0.015033279545605183,0.012381897307932377,-0.021418360993266106,-0.03938071057200432,-0.004067236091941595,0.006105498876422644,-0.10229156166315077,0.08051148056983948,0.07536142319440842,-0.012246882542967796,0.004583259578794241,0.034349776804447174,0.08126949518918991,-0.07846585661172867,0.046871379017829895,0.02154988422989845,-0.03346378356218338,0.004886420909315348,-0.018164588138461113,-0.08392356336116791,0.0737019032239914,-0.02291550114750862,-0.026594161987304688
-0.029068306088447567,0.02365114353597164,-0.03883887082338333,0.0,0.0066018374636769295,-0.06877551972866057,0.10366201400756836,0.12144499272108078,0.022973034530878067,-0.024807173758745197,0.026542002335190773,-0.07851817458868025,0.0045000603422522545,0.04860662296414375,0.021619096398353577,0.07044098526239395,0.010832174681127071,-0.019828474149107933,0.005881964694708586,-0.02832285314798355,0.0039258189499378204,-0.03953832760453224,-0.026863161474466324,-0.0018147099763154984,-0.04823275655508041,-0.0361815020442009,-0.08548806607723235,0.08308421820402145,5.856839561602101e-05,-0.11132920533418655,0.0063893948681652555,0.025140786543488503,0.03065820410847664,0.08919557929039001,0.016687093302607536,-0.05114557594060898,-0.02866591513156891,0.014503249898552895,0.06153450161218643,-0.03284731134772301,-0.034830350428819656,-0.03586871922016144,-0.05897864326834679,0.07984469830989836,-0.057527363300323486,-0.056550655514001846,-0.058316420763731,0.07257596403360368,-0.03761133551597595,0.011699040420353413,-0.026277964934706688,-0.02733808383345604,-0.03971197456121445,0.1483180820941925,-0.010182293131947516,0.007050135638564825,0.030416412279009816,-0.0686625987291336,0.011637258343398573,-0.023563722148537636,0.027135971933603287,0.046232670545578,-0.0556848980486393,-0.024409428238868717,0.038088541477918625,0.008420309983193874,-0.031264591962099075,-0.021051380783319477,0.001927371136844158,-0.04755166172981262,-0.02093101292848587,0.0014216471463441849,-0.012990892864763737,-0.040246021002531045,0.011907463893294334,0.03292708843946457,-0.055949829518795006,-0.0011148113990202546,-0.027538064867258072,0.06645973026752472,-0.04759110510349274,-0.03551864996552467,0.06547050923109055,-0.07557680457830429,-0.0019949765410274267,0.09796133637428285,-0.0036134272813797,0.07536806911230086,0.0382460467517376,-0.016271108761429787,-0.0954931303858757,-0.006730692461133003,0.064515620470047,-0.09332481771707535,-0.08194661140441895,0.014905307441949844,-0.036891024559736245,-0.066062793135643,0.022009486332535744,-0.052985139191150665
-0.04645734280347824,-0.03158998489379883,-0.011060093529522417,0.0066018374636769295,0.0,-0.020294059067964557,-0.02800733409821987,0.06270945072174072,-0.01001014094799757,0.014108657836914062,-0.047829389572143555,-0.0401511937379837,0.052674975246191025,-0.07648070901632309,0.010571775026619434,-0.05299577116966248,0.022118870168924328,-0.04791925847530365,0.009535176679491997,-0.06425464153289795,-0.02416345849633217,0.022535752505064007,-0.024342188611626625,0.016738837584853172,-0.007304751314222813,-0.00245754886418581,-0.07394561916589737,-0.003242219798266888,0.01857446506619453,-0.01790955290198326,0.0014554420486092567,0.06508594751358032,-0.024191789329051968,-0.07347257435321808,0.03708885610103607,0.04374947026371956,-0.029477940872311592,-0.021421847864985463,-0.011888705193996428,0.03686188161373138,-0.00032583094434812665,-0.005477888975292444,-0.016842398792505264,0.014414835721254349,-0.05912484601140022,0.014276237227022648,0.002621340099722147,-0.0075413952581584445,-0.01725361868739128,0.01935184374451637,-0.017461612820625305,0.08315595239400862,-0.002413159469142556,0.1155942678451538,0.052083298563957214,0.049232907593250275,-0.07225791364908217,-0.04285334423184394,-0.006722627207636833,-0.017242850735783577,-0.01495855301618576,-0.02340715005993843,-0.12405969947576521,0.0491841733455658,-0.038989104330539696,-0.015555230900645256,0.002213958417996764,-0.006467823870480061,-0.06477305293083191,0.07520999759435652,-0.07013858109712601,-0.015566496178507803,0.004464725032448769,-0.03808914870023728,0.0888734459877014,-0.09130571037530899,0.01808398589491844,0.018806813284754757,0.004619149025529623,-0.040828712284564965,-0.01867100223898888,-0.010460669174790382,-0.056794535368680954,0.030626542866230008,-0.0005524094449356198,-0.04411160573363304,0.0432555079460144,-0.017301015555858612,-0.02571842446923256,0.029518941417336464,0.004943948239088058,0.05092436820268631,-0.09851589798927309,0.05349921062588692,-0.05638185143470764,-0.03635602816939354,0.05550326779484749,0.002051668707281351,-0.037862010300159454,-0.04958236590027809
0.011801081709563732,0.02649153396487236,0.003062754636630416,-0.06877551972866057,-0.020294059067964557,0.0,-0.012849456630647182,-0.07892657071352005,0.1096266433596611,-0.02647886611521244,-0.011348615400493143,-0.06031486019492149,0.01137937232851982,0.010058877058327198,-0.009295227006077766,-0.010963888838887215,0.03971056267619133,-0.000226323856622912,-0.06313160806894302,0.0042445273138582715,0.031683705747127526,-0.06420096755027771,-0.06084324046969414,-0.006164489313960075,-0.02516808547079563,0.06749951094388962,-0.09366899728775024,0.05264922231435776,-0.05881011486053466,-0.02694232575595379,0.0012057407293468712,-0.0810665711760521,-0.0623156875371933,-0.005125998985022306,0.035002198070287704,-0.03803345561027527,-0.0027319828514009714,0.01718376949429512,0.03963840380311012,0.02190353348851204,-0.04032962024211884,-0.029112111777067184,-0.0819486677646637,-0.0026250099763274193,-0.07411080598831175,0.09358119964599608,0.013397992588579655,0.0034359628334641457,0.07081689685583115,-0.02131559140980244,0.0178952906280756,-0.028978738933801648,0.02286102809011936,-0.027518151327967644,0.038082059472799294,-0.04747092351317406,-0.08197344839572905,0.06353429704904556,0.003927433863282204,0.02513694390654564,-0.018016425892710686,0.0045786737464368335,-0.04932964593172073,0.0042380718514323235,-0.02655074745416641,-0.046021569520235055,0.07818416506052017,0.03253839910030365,0.004566487390547991,-0.03610456362366676,0.0025175618939101696,0.020871667191386223,-0.06487421691417694,-0.06140512600541114,-0.01724259927868843,0.04505839943885803,-0.008695483207702637,-0.047720611095428474,0.031604159623384476,-0.013308470137417316,-0.01917456649243832,0.037164665758609765,-0.02547610178589821,0.039455980062484734,-0.04887482151389121,0.02097446657717228,0.00012711940507870167,0.023504372686147686,-0.1370953619480133,-0.039122018963098526,0.0010312253143638372,-0.00923746172338724,0.0573737621307373,0.015031260438263416,-0.13707073032855988,0.02828704193234444,-0.00394928827881813,-0.011374162510037422,-0.003742264118045568,0.0011403325479477644
0.0016886346274986863,0.03187728300690651,-0.05613917112350464,0.10366201400756836,-0.02800733409821987,-0.012849456630647182,0.0,0.011484219692647455,-0.003099278314039111,0.01618383638560772,-0.030788982287049294,0.03305398300290108,-0.008488920517265795,-0.04648078605532646,-0.03203851357102394,0.010225828737020493,0.03987881168723106,-0.06075628474354744,-0.002604622161015868,0.045037910342216485,-0.043974388390779495,-0.05229596048593521,-0.002227741060778498,-0.022213326767086983,-0.013000540435314178,0.01908911019563675,-0.010703951120376585,-0.01774017885327339,-0.0144801652058959,-0.08355482667684555,0.03221804276108742,0.02298436313867569,-0.04368983954191208,0.002366156550124288,-0.02853528223931789,0.006805587559938431,-0.017971348017454147,0.011163684539496899,-0.07985962927341461,0.0807097852230072,0.01628483459353447,-0.05825332179665565,-0.040220636874437325,-0.1220019683241844,0.055485285818576806,-0.04805431514978409,-0.040812898427248,-0.0002135617542080581,-0.029788600280880928,-0.005917117465287447,0.01975054666399956,-0.025220507755875587,-0.047700848430395126,-0.04333141446113586,-0.012873752042651176,-0.023714197799563408,-0.03859283030033112,0.027473200112581253,-0.05250132083892822,-0.0018120950553566215,-0.01758171245455742,-0.009577690623700617,-0.002926370594650507,0.009158483706414701,-0.005725677125155926,-0.030296163633465767,0.1042015478014946,0.05385987088084221,-0.05487700179219246,-0.027509666979312897,0.060862768441438675,-0.003069396829232573,-0.03783323243260384,0.01918460614979267,-0.06757831573486328,0.04810110107064247,-0.014895505271852016,0.02970791049301624,-0.08105114102363585,-0.07910917699337004,-0.05100475624203682,-0.062107909470796585,-0.007922696880996227,-0.016382509842514992,-0.02309883013367653,0.0041391486302018166,0.015759706497192383,0.02426978573203087,-0.030973192304372787,0.03741670772433281,-0.002186970086768269,-0.0002335439348826185,-0.034767333418130875,0.01355699636042118,0.06147558614611626,0.037181317806243896,0.04336773604154586,0.005221216008067131,-0.012697618454694748,-0.013931130059063435
0.022900510579347607,0.009425573982298374,-0.01916806027293205,0.12144499272108078,0.06270945072174072,-0.07892657071352005,0.011484219692647455,0.0,0.04488610103726387,-0.05432568117976189,0.12163395434617996,0.05234529450535774,-0.07818540185689926,-0.05260211229324341,0.002017794176936149,-0.004261855501681566,0.033059973269701004,0.008336331695318222,0.0013578804209828377,0.03843597322702408,0.0404532216489315,0.029573371633887287,-0.05046480521559715,-0.008174950256943703,-0.023401120677590367,-0.04076007381081581,-0.03002827055752277,-0.09599889069795609,-0.06178923696279526,0.03342476114630699,-0.050296466797590256,-0.05244403332471848,0.0999499335885048,-0.057677637785673135,0.08267851918935774,-0.006229187361896038,-0.029347950592637066,-0.0833912193775177,-0.011657895520329475,0.004712697584182024,0.0053078029304742804,0.0431605651974678,-0.13107739388942719,-0.04544921964406967,-0.022319471463561055,-0.0032380884513258934,-0.06675641238689423,-0.001895338878966868,0.03641998395323753,-0.097114197909832,-0.00979096069931984,-0.06113971024751663,-0.06177175045013428,-0.01057610847055912,-0.005042694509029388,-0.021486999467015263,0.11013135313987732,0.06338431686162949,0.022184928879141808,-0.07903790473937987,-0.023285388946533203,0.003891502972692251,0.057597294449806206,-0.10968117415904997,0.0677395835518837,0.01058522704988718,-0.02526017278432846,0.014142833650112152,-0.0008390949224121869,-0.04635710269212722,-0.005064033437520266,0.018047552555799484,0.004130828194320202,-0.04183163121342658,0.10454943776130676,-0.06008550524711609,-0.000970635621342808,-0.06209395080804825,0.10866816341876984,0.01654464192688465,-0.03137464821338653,-0.044201113283634186,-0.018194047734141346,0.01121639274060726,-0.031899094581604004,-0.11012709140777588,0.04188173264265061,0.03939209505915642,-0.05149209126830101,0.006042561028152704,0.02632380463182926,-0.011210838332772253,0.032844427973032,-0.03098688833415508,0.002982658799737692,0.022268781438469887,0.04691658169031143,-0.025972940027713772,-0.01960229128599167,0.0038618531543761487
-0.07400850206613539,-0.024219848215579983,-0.006749825552105904,0.022973034530878067,-0.01001014094799757,0.1096266433596611,-0.003099278314039111,0.04488610103726387,0.0,0.0027223690412938595,0.01232804637402296,-0.05895894020795822,-0.005077493842691183,0.04658811911940575,-0.07328061014413834,0.0203683078289032,-0.019262919202446938,-0.06821149587631226,0.002077282639220357,-0.05002479255199432,-0.08578577637672424,-0.02462427504360676,0.004031704738736153,0.05605768412351608,-0.034931816160678864,0.013320650905370712,0.0672987699508667,-0.041017401963472366,0.06733709573745728,-0.03139353543519974,0.10268301516771317,0.016615331172943115,0.040191587060689926,0.003219798440113664,-0.036494683474302285,-0.028488375246524807,-0.025887954980134964,0.049250513315200806,-0.05747247487306594,-0.1263325661420822,0.05730658769607544,-0.00354522978886962,0.09400866180658339,-0.03199603781104088,-0.0008686029468663037,-0.030442362651228905,-0.07184562087059021,-0.02889632247388363,0.02581392228603363,-0.012808727100491524,0.008963502943515778,-0.027258940041065216,-0.01789305917918682,-0.0701129361987114,0.04496879875659943,0.019380252808332443,0.015220284461975096,0.03517415374517441,0.0024088690988719463,-0.029681811109185215,-0.04461739957332611,0.00873347744345665,-0.020802311599254608,-0.01782589592039585,0.03272591531276703,0.0007899403572082518,0.0497870147228241,-0.01381904724985361,-0.06002078577876091,0.0270298570394516,-0.037084735929965966,0.026691121980547905,-0.029364345595240593,0.005745982751250267,0.08491265028715132,-0.043766174465417855,0.02136377617716789,0.053730104118585593,-0.07089527696371078,-0.05616232380270958,-0.05575733631849289,-0.050630707293748856,0.012894820421934128,-0.03678734973073006,-0.007102907169610262,0.04759212583303452,0.028224302455782887,-0.17251023650169373,0.057981476187705994,-0.07054106891155243,-0.009964002296328545,-0.023470388725399968,-0.0007865350344218314,-0.01212923228740692,-0.0026157330721616745,-0.020875923335552212,0.01468951255083084,-0.053032837808132165,-0.0792427584528923,0.03192344680428505
-0.051332663744688034,0.03243166953325272,-0.04896526038646697,-0.024807173758745197,0.014108657836914062,-0.02647886611521244,0.01618383638560772,-0.05432568117976189,0.0027223690412938595,0.0,0.007624163292348384,0.0020863127429038286,0.04176555946469306,-0.08736781775951385,0.05165327712893487,-0.042451802641153336,-0.04884808510541916,-0.02324732020497322,0.01049327291548252,0.022488988935947415,-0.04756635054945946,0.010567097924649715,-0.016900822520256042,0.03572781756520271,0.02906492538750172,0.0031226053833961487,-0.012673123739659786,-0.048766043037176125,-0.04255088791251183,0.0984288975596428,-0.03970716893672943,0.02572419866919517,0.010793088003993034,0.04805812984704971,0.043411530554294586,-0.040137730538845055,-0.04198886826634407,0.03428268805146217,-0.03992842882871628,-0.07407909631729126,-0.02680415473878384,0.014634479768574236,0.016388513147830963,-0.020445870235562325,0.008627613075077532,-0.07645079493522643,-0.045377396047115326,-0.014700151048600672,0.04043417423963546,-0.018312828615307808,-0.09298391640186307,0.009189581498503685,-0.05148056522011757,0.02778168022632599,-0.03299112990498543,0.08555646240711212,0.016652481630444527,-0.012677814811468124,0.01595902629196644,-0.07026191800832748,-0.012746860273182392,-0.03146832436323166,-0.06880871206521988,0.033026427030563354,-0.04249722510576248,-0.011588267050683498,-0.013440251350402832,0.019991658627986908,-0.012477804906666279,-0.08005207777023315,0.001137347426265478,0.07781874388456345,-0.0060834321193397045,0.048913612961769104,-0.025735339149832726,0.05632670596241951,0.03342520818114281,0.033973317593336105,0.05253291875123978,-0.019283879548311237,-0.002802859060466289,0.006721829064190388,-0.008793439716100691,-0.013364871032536028,-0.0449654646217823,-0.05033088847994804,-0.059581875801086426,0.01572893187403679,-0.01477928552776575,-0.002688240958377719,-0.03312813863158226,-0.055055972188711166,0.01132499612867832,-0.05937454849481583,-0.033911239355802536,0.02150359936058521,-0.03427894413471222,-0.06526947021484375,-0.04825067147612572,0.04921115562319756
0.014069657772779465,0.009701237082481384,-0.002349236281588673,0.026542002335190773,-0.047829389572143555,-0.011348615400493143,-0.030788982287049294,0.12163395434617996,0.01232804637402296,0.007624163292348384,0.0,0.07527022808790208,0.03617198392748833,-0.06850429624319077,0.007388586644083261,-0.034320831298828125,-0.053049784153699875,-0.02487954869866371,-0.07605060935020447,-0.05846613645553589,-0.0008756676106713712,0.025046190246939656,-0.07585107535123825,0.003793928539380431,0.06981778144836426,0.024771669879555706,-0.018137916922569275,0.04689748212695122,-0.07613018155097961,-0.06700960546731949,0.04397178441286087,-0.048161011189222336,-0.005389737896621227,0.034925173968076706,-0.06461027264595032,-0.006527833640575409,-0.06613041460514069,-0.058668963611125946,0.0723331645131111,-0.036292772740125656,0.11006858199834824,0.016606843098998066,-0.03805072233080864,-0.0860050395131111,0.007483874447643757,0.06956151872873306,0.0491928830742836,0.011045607738196848,-0.0034280898980796337,-0.05411209538578987,-0.08419798314571379,-0.034669600427150726,-0.03822731226682663,0.0007552123279310762,0.012409601360559464,-0.03615308180451393,-0.04893911257386208,-0.05540858954191208,-0.024601433426141735,0.05570026114583016,-0.0876791700720787,-0.04878003150224686,0.042725451290607445,0.06204959005117416,-0.010293090716004372,0.01276272628456354,0.019581856206059452,-0.044694967567920685,-0.0070232804864645,0.0438607633113861,-0.056798133999109275,-0.05500999838113785,-0.0049130143597722045,-0.0017932391492649913,-0.05348185822367668,-0.008592195808887482,0.04851487651467323,-0.010690287686884403,-0.0411907434463501,-0.001440809341147542,0.03572762385010719,-0.013024060055613516,-0.07575390487909317,-0.0026460320223122835,-0.016995787620544434,0.03842791169881821,-0.04723216220736504,-0.003416321473196149,0.02170824445784092,0.003014330519363284,0.010312321595847607,0.013115985319018364,-0.04606932774186134,0.08622036874294281,-0.039090566337108605,-0.027533661574125286,-0.016459720209240913,-0.02560858242213726,0.015806984156370163,0.01875803992152214
-0.05073579400777817,-0.03147125989198685,0.010104271583259104,-0.07851817458868025,-0.0401511937379837,-0.06031486019492149,0.03305398300290108,0.05234529450535774,-0.05895894020795822,0.0020863127429038286,0.07527022808790208,0.0,0.006535809952765703,0.011227758601307867,-0.025666050612926483,0.02805369347333908,0.054983001202344894,-0.04170580208301544,0.03694573789834976,-0.00308326561935246,-0.018520794808864597,0.05324245244264603,0.0356302447617054,0.012061725370585918,-0.01630333438515663,0.08328118175268173,-0.0472673587501049,-0.05171449109911919,0.07308959960937501,0.06207629293203354,0.0403243713080883,0.0003590621636249125,0.015584131702780724,-0.10755062103271484,-0.028310852125287052,0.037731483578681946,0.0037836823612451553,-0.03030361607670784,-0.008339416235685347,-0.024503950029611588,0.006285309325903654,-0.020526289939880368,-0.023204274475574493,0.08873365819454193,-0.05661854147911072,-0.04726528748869896,0.046383555978536606,-0.09191820770502089,-0.004501586779952048,0.0115669472143054,0.0015737656503915787,0.043319404125213616,0.07445263117551804,-0.03037486784160137,0.012041006237268448,-0.018810482695698735,-0.002141413278877735,-0.06329859048128128,0.07952854037284851,-0.017251405864953995,0.03839980438351631,-0.041199423372745514,-0.0002996980329044163,-0.008672453463077545,0.0063263545744121075,-0.016229921951889992,-0.043691031634807594,0.03494806215167045,-0.021295165643095967,-0.07258680462837219,-0.004442521836608648,-0.005520028062164784,-0.02468797937035561,-0.0864434614777565,0.05034934729337692,-0.14556989073753357,-0.022017138078808784,-0.02238890156149864,0.03498836234211922,-0.14831809699535367,-0.09006720781326294,0.05814801529049873,-0.028318995609879494,0.01751585863530636,-0.03962813317775726,0.03321586549282073,-0.07029066234827042,-0.022474942728877068,-0.034048523753881454,-0.0061914073303341866,-0.043576352298259735,-0.0021588210947811604,0.09119863063097,0.05094323307275772,0.008401355706155298,-0.0509425550699234,-0.06068440899252892,-0.03290966898202896,-0.011330889537930489,-0.061317738145589835
0.028526443988084797,-0.017112787812948227,-0.02866058051586151,0.0045000603422522545,0.052674975246191025,0.01137937232851982,-0.008488920517265795,-0.07818540185689926,-0.005077493842691183,0.04176555946469306,0.03617198392748833,0.006535809952765703,0.0,0.0542527437210083,-0.01686104945838451,0.04916827380657196,0.000518532353453338,-0.009498605504631996,0.060019683092832565,-0.02564637921750545,0.09093273431062697,-0.06379344314336777,-0.0754217728972435,-0.005148115567862988,-0.040550775825977325,-0.02002905122935772,0.0287843719124794,-0.05398322641849518,-0.04017060622572898,-0.08137813955545425,-0.015197536908090115,0.04342663288116455,0.04153667390346527,0.00813657883554697,0.016198214143514633,0.04704282060265541,0.04203978180885314,-0.027610221877694126,-0.022664956748485565,7.628482853760944e-05,-0.0510253943502903,-0.003799841972067952,0.06269186735153198,-0.015921546146273613,-0.09465493261814115,-0.08343718200922012,0.08352773636579514,0.05544788017868996,-0.025149043649435043,-0.03346068039536476,-0.032720819115638726,-0.07829432189464569,-0.0022645776625722647,0.013854721561074255,-0.0319388285279274,-0.02874233573675156,-0.0302905086427927,-0.009865937754511831,-0.032957404851913445,-0.020203471183776852,0.06144664436578751,0.1470707207918167,0.18576522171497345,-0.0048909867182374,-0.06987392902374268,-0.0213790126144886,-0.007592116016894579,-0.10154542326927184,0.0028446142096072435,0.03839772194623947,-0.06408092379570007,0.001373239210806787,-0.06706248968839645,0.009730592370033264,-0.03493032231926918,-0.09459871798753737,-0.003653816180303693,0.07798262685537338,-0.003957259468734264,-0.07859428226947784,-0.048131369054317474,-0.005224676802754401,-0.041438966989517205,0.024859629571437836,-0.0006353023345582187,-0.11763470619916916,-0.07024101912975311,-0.022166360169649124,0.02556084096431732,0.010044449940323828,-0.0065585142001509675,-0.03623945266008377,0.0008003870025277138,0.009442853741347788,0.003501608036458492,0.018640143796801567,0.03232388198375702,0.009928415529429913,0.004748726263642311,-0.047607336193323135
-0.02729526534676552,0.023209737613797188,-0.003969121724367142,0.04860662296414375,-0.07648070901632309,0.010058877058327198,-0.04648078605532646,-0.05260211229324341,0.04658811911940575,-0.08736781775951385,-0.06850429624319077,0.011227758601307867,0.0542527437210083,0.0,0.0872581899166107,-0.011247643269598484,-0.07726074010133742,-0.00047057252959348256,0.17608536779880524,0.06403364986181259,0.022002531215548515,0.02765687555074692,-0.010286815464496613,0.02164518274366856,0.054257750511169434,-0.034796208143234246,0.03913905844092369,0.06259780377149582,0.05822502821683884,0.0052117654122412205,0.0666341707110405,-0.01005442440509796,-0.0939819887280464,-0.011594398878514767,-0.020100066438317295,-0.028978705406188965,-0.12559941411018372,-0.013748572207987309,-0.013469655066728592,0.03243125230073929,0.07124783098697662,0.022234398871660233,-0.025178933516144753,-0.08546861261129379,-0.05183505639433861,0.008407572284340858,0.011923532932996748,-0.03353434056043625,0.052887581288814545,-0.021864019334316254,0.029491595923900604,-0.038599058985710144,-0.03385143727064133,0.07123775780200958,-0.03859416767954826,0.0019722301512956615,-0.010434618219733238,-3.1709994800621644e-05,0.028009824454784397,-0.0010153813054785132,0.008430548943579199,0.016659919172525402,-0.03318614512681961,0.009537245146930216,0.04846888035535812,0.015904724597930908,-0.061583440750837326,-0.02047247439622879,0.055703148245811455,-0.03675774484872817,-0.029967807233333588,-0.018734006211161613,-0.063285231590271,-0.08842245489358902,-0.08309236168861389,0.003400529501959681,-0.06908883154392241,0.13251090049743652,-0.03205672279000282,0.053499288856983185,-0.003762515261769295,-0.052660565823316574,-0.0057930853217840195,-0.024242591112852097,-0.023565249517560005,-0.1088688150048256,0.09501411020755769,-0.0001276602124562487,-0.02911105006933212,0.06989782303571701,-0.06503152847290039,-0.05128065496683121,0.02895927242934704,-0.05559783428907394,0.05193692073225975,-0.07936348766088484,-0.014252344146370888,0.039927031844854355,-0.005455153528600931,-0.04957947507500648
-0.016104796901345253,0.03400934860110283,-0.01021568849682808,0.021619096398353577,0.010571775026619434,-0.009295227006077766,-0.03203851357102394,0.002017794176936149,-0.07328061014413834,0.05165327712893487,0.007388586644083261,-0.025666050612926483,-0.01686104945838451,0.0872581899166107,0.0,-0.04131270572543144,-0.05787606909871101,-0.01499283406883478,0.00574297271668911,-0.02752949111163616,0.18574714660644528,0.006860996130853891,-0.06063305214047432,-0.06418300420045853,-0.04375508055090904,0.00641563069075346,-0.032814931124448776,-0.1077105924487114,0.100033201277256,0.05264516919851303,-0.03519577160477638,-0.01375935785472393,0.009914313443005087,0.00213313102722168,0.031798988580703735,-0.03987312689423561,-0.08055367320775986,0.015434879809617996,-0.02546144835650921,-0.059166260063648224,0.04054915532469749,-0.08114998042583466,-0.11438538134098052,0.02845916338264942,0.05517225340008736,0.02468058466911316,-0.0026084657292813063,-0.041478414088487625,0.01187322288751602,0.0224626325070858,0.007241328246891498,-0.07005025446414948,-0.06170029193162918,0.015250944532454012,-0.005379438400268555,0.0764566883444786,-0.04820206016302109,0.034511525183916085,-0.03576955571770668,-0.05296122655272484,0.07737123966217041,-0.03155916929244995,7.094842294463888e-05,0.026894958689808846,-0.020327726379036903,0.1956593096256256,0.0032759644091129303,-0.026089513674378395,-0.05427313968539237,0.03215053677558899,-0.010914763435721396,-0.02499394118785858,0.005815984681248665,0.009275680407881737,-0.031963806599378586,-0.015847042202949524,0.028368739411234852,-0.03774125501513481,-0.07476234436035155,-0.0058987601660192,-0.02948339097201824,0.012130695395171642,0.03731109946966171,-0.03700003772974014,-9.055998816620559e-06,0.0028937736060470343,0.05666445195674896,0.09099885821342467,-0.034772489219903946,-0.04640313610434532,0.04469053074717522,0.047725841403007514,0.0062669129110872746,0.06038101390004159,0.056617438793182366,-0.06985579431056976,-0.047091607004404075,-0.007452453952282667,-0.04159759357571602,-0.06306801736354828
-0.00961066409945488,0.039885330945253365,0.12002117931842804,0.07044098526239395,-0.05299577116966248,-0.010963888838887215,0.010225828737020493,-0.004261855501681566,0.0203683078289032,-0.042451802641153336,-0.034320831298828125,0.02805369347333908,0.04916827380657196,-0.011247643269598484,-0.04131270572543144,0.0,0.04563542827963829,0.005679066758602858,-0.05787010118365288,-0.06175760552287102,-0.022667057812213898,-0.0035210882779210806,0.018960116431117054,0.0669999048113823,0.03438510373234749,-0.03303266689181328,0.02424858883023262,0.01491876784712076,-0.008370834402740002,-0.0705232173204422,-0.047667257487773895,-0.020912980660796165,0.1722392737865448,0.006690590642392635,0.06843861937522888,0.0003530770482029766,-0.1370294690132141,0.018369311466813087,-0.09525086730718611,0.0809112936258316,0.044759295880794525,0.01853829808533192,-0.02795631997287273,0.0411439947783947,0.025840286165475845,-0.01610714942216873,0.02064836211502552,-0.072902150452137,0.0030435374937951565,0.03417491540312767,-0.026034556329250332,-0.02616320177912712,0.09386345744132996,-0.014302258379757404,-0.05104796960949898,-0.07040255516767502,-0.008138425648212433,-0.018212052062153816,-0.13702121376991272,0.004278441891074181,0.017018806189298626,0.010766741819679735,-0.1164509579539299,0.05093276500701904,-0.06291857361793518,-0.05374349281191826,-0.09737360477447507,0.013253740966320036,0.01976623758673668,0.06138916686177254,-0.007152033969759941,0.034614767879247665,-0.008718321099877357,0.010253770276904106,0.02700573951005936,-0.02256483770906925,-0.05350777134299278,0.010642855428159235,0.0380605049431324,0.012900047935545444,-0.0330563522875309,0.028203532099723812,0.007162355352193117,0.057888180017471313,0.05647824332118034,-0.05958785861730576,-0.08310133963823318,0.0327904038131237,-0.034326646476984024,-0.022447112947702408,0.02332417666912079,-0.008917978964745998,-0.0003338199167046696,0.026077499613165852,-0.01167938020080328,-0.057779353111982346,-0.0674036368727684,-0.08397110551595686,0.041084084659814835,-0.047038253396749496
-0.02124277874827385,-0.03291536495089531,0.0015976881841197608,0.010832174681127071,0.022118870168924328,0.03971056267619133,0.03987881168723106,0.033059973269701004,-0.019262919202446938,-0.04884808510541916,-0.053049784153699875,0.054983001202344894,0.000518532353453338,-0.07726074010133742,-0.05787606909871101,0.04563542827963829,0.0,0.0041759852319955834,0.035757485777139664,-0.05511165410280228,0.015518083237111568,0.03672965988516808,-0.026583673432469368,0.050220441073179245,-0.008509287610650063,-0.0626736432313919,0.04487790539860725,0.0019053188152611251,-0.01738837920129299,0.058677438646554954,0.022969407960772514,-0.012530533596873283,-0.017064180225133896,0.08379161357879639,-0.01376006193459034,-0.061849676072597504,0.01154268067330122,-0.01152155827730894,0.07094213366508484,-0.07976926863193512,-0.06279579550027847,0.02292685769498348,0.02931864745914936,-0.017508432269096375,0.05800468474626541,0.03231342509388924,-0.0129951573908329,0.0036495695821940895,-0.04921097308397293,0.013990719802677631,-0.04776246100664138,-0.07011891156435013,-0.051449719816446304,0.01675119623541832,0.01026932429522276,-0.011687995865941048,-0.0010256936075165868,-0.004361575935035944,-0.01426747627556324,-0.012724527157843111,-0.07525789737701416,-0.04370697215199471,0.015216670930385588,-0.07630620151758195,-0.010530034080147743,0.06077524647116661,-0.02585466392338276,0.02787310443818569,-0.091067798435688,-0.016468381509184837,-0.010656104423105717,-0.00934821367263794,0.030222877860069275,0.030756860971450806,0.005739852786064148,0.05211668834090233,0.07635167986154556,0.003870588494464755,-0.05089835450053215,-0.0570894218981266,0.06885548681020737,0.1046202927827835,-0.0527665689587593,8.04721057647839e-05,0.0011084078578278422,-0.05039184913039208,-0.04616885632276535,-0.05802150443196297,-0.07122555375099182,-0.0774122104048729,0.014484733343124388,-0.08033007383346556,0.01899948343634605,-0.06154993921518326,-0.035386309027671814,-0.07597461342811584,-0.027939900755882263,-0.06721358001232147,0.07262986898422241,-0.006496348418295384
-0.037868034094572074,-0.01910286024212837,0.0493427999317646,-0.019828474149107933,-0.04791925847530365,-0.000226323856622912,-0.06075628474354744,0.008336331695318222,-0.06821149587631226,-0.02324732020497322,-0.02487954869866371,-0.04170580208301544,-0.009498605504631996,-0.00047057252959348256,-0.01499283406883478,0.005679066758602858,0.0041759852319955834,0.0,0.04248888790607452,0.020190468057990078,-0.03040611185133457,0.06444890052080153,0.09966217726469041,-0.033852823078632355,-0.04791760817170143,0.017562277615070343,-0.008792723529040813,-0.08110525459051132,-0.06888118386268616,0.004870445001870394,-0.007099699694663286,0.03506213426589966,-0.10145897418260574,0.23058961331844327,0.012288101017475128,0.03153613209724426,-0.06199647486209869,0.009230475872755049,0.006566199939697981,0.011413800530135632,0.02126392535865307,0.04698128998279572,-0.045693673193454735,0.01369357854127884,-0.056137751787900925,-0.006221904885023832,-0.0746449902653694,-0.06612931936979294,-0.0009085799683816731,-0.0522489808499813,0.017988985404372215,-0.011385027319192886,0.011464628390967844,0.03332998976111412,-0.015516478568315504,-0.066206194460392,-0.0023271322716027494,0.06588971614837646,0.0072367959655821315,-0.017874334007501602,0.009880862198770046,0.04823678359389305,-0.0007853166316635906,0.0026440334040671583,-0.03912324830889702,-0.07998958975076675,0.0894738733768463,0.002221370115876198,-0.057947017252445214,0.1167251169681549,0.0048906360752880565,-0.1218716651201248,0.024244070053100582,-0.031608592718839645,0.002080166712403297,-0.07654901593923567,0.12755434215068817,-0.05690569803118706,-0.013614566996693611,-0.021323421970009804,-0.0728679671883583,-0.09351154416799544,0.04168647527694702,0.002207601210102439,-0.04954409971833229,0.017976032570004463,0.02449011616408825,-0.027623111382126808,-0.06788549572229385,0.01707868091762066,-0.07014794647693634,-0.02134001068770885,-0.02320761792361736,0.018301023170351986,0.016644999384880062,0.04343434423208237,-0.05216420814394951,0.06972888857126236,-0.00951758585870266,0.025880606845021248
0.06199448928236961,-0.011659780517220495,-0.06713401526212692,0.005881964694708586,0.009535176679491997,-0.06313160806894302,-0.002604622161015868,0.0013578804209828377,0.002077282639220357,0.01049327291548252,-0.07605060935020447,0.03694573789834976,0.060019683092832565,0.17608536779880524,0.00574297271668911,-0.05787010118365288,0.035757485777139664,0.04248888790607452,0.0,-0.09369491785764694,-0.003164655761793256,-0.01992971822619438,0.010645662434399128,-0.02760978043079376,0.017878126353025436,-0.08269022405147552,0.032265499234199524,-0.12344533205032349,0.0015795443905517459,-0.017327211797237396,-0.008434438146650791,-0.08551870286464691,0.0021562553010880947,0.018221257254481316,-0.04918025806546211,-3.8697475247317925e-05,0.020047996193170547,0.04207154363393784,0.03654317185282707,-0.010910937562584875,0.03951097279787064,0.007401925511658191,-0.0724586248397827,-0.03021770343184471,-0.04146469756960869,-0.06308486312627792,-0.02094889059662819,0.001520648249424994,0.04379925131797791,-0.08890736848115921,-0.07728794962167741,0.04004724696278572,-0.05196765437722206,-0.06125390529632568,0.009374854154884815,-0.01676706224679947,-0.05961639061570168,0.0035030303988605738,0.010305987671017647,-0.049687575548887246,-0.04582703113555908,-0.09779768437147139,0.007922063581645489,-0.033821430057287216,0.002266195369884372,-0.013042719103395937,0.05945977941155434,0.049670547246932976,0.12101779133081436,0.006435795221477746,-0.08025304228067398,-0.08430205285549165,0.0036811663303524256,-0.018538914620876312,0.07516943663358688,0.05522704124450684,-0.0628449097275734,0.07062365859746933,0.036111604422330856,-0.02943909913301468,-0.009094381704926489,-0.07097454369068146,0.05707978829741477,-0.0216309055685997,0.006523570977151394,0.061947133392095566,-0.05287429690361023,0.08402828127145766,-0.004925651941448449,0.08634909987449646,0.026559026911854744,0.036159224808216095,-0.09994100034236911,-0.03130396828055382,-0.01700262352824211,-0.043121468275785446,0.00318946223706007,0.04870887845754624,-0.043855644762516015,0.01323386188596487
