0,1,2,3,4,5,6,7,8,9,10,11,12,13,14,15,16,17,18,19,20,21,22,23,24,25,26,27,28,29,30,31,32,33,34,35,36,37,38,39,40,41,42,43,44,45,46,47,48,49,50,51,52,53,54,55,56,57,58,59,60,61,62,63,64,65,66,67,68,69,70,71,72,73,74,75,76,77,78,79,80,81,82,83,84,85,86,87,88,89,90,91,92,93,94,95,96,97,98,99
0.0,0.08350893855094908,-0.03391760215163231,0.0037059623282402754,0.0903969332575798,0.07972781360149382,-0.1163126602768898,-0.13187246024608612,0.11853204667568205,0.220619797706604,0.004456639289855957,-0.0846528187394142,-0.10273299366235732,-0.020767617970705032,-0.006281639914959669,-0.14372199773788452,0.030614946037530896,0.00698983110487461,-0.015546242706477642,0.03105543367564678,-0.04964860901236534,-0.010218175128102303,0.01376925315707922,-0.15333960950374603,0.08386787772178651,-0.1059345006942749,0.1199459359049797,-0.10070545971393584,0.0405823215842247,0.2122057676315308,-0.055921413004398346,-0.18123207986354828,0.019194843247532845,0.2267338335514069,-0.07392281293869017,0.05152535811066628,-0.20975588262081143,0.07793200761079788,-0.07031425833702087,0.0022358864080160856,-0.03429889678955078,-0.036227788776159286,0.20931631326675412,0.03792694583535194,-0.02411389537155628,-0.05763471871614456,-0.3191988468170166,0.09514164924621582,-0.07321534305810928,-0.04842450842261314,0.24375262856483457,-0.2384314090013504,0.12360141426324844,0.12452887743711472,-0.048533134162426,-0.06787107139825821,0.15373678505420685,-0.18494939804077148,-0.08468983322381973,0.15210923552513123,-0.050288718193769455,0.13904131948947906,0.2450512498617172,-0.12156052142381668,0.038545116782188416,-0.04453938454389572,-0.03290177881717682,-0.08461362868547438,-0.11543164402246477,-0.052114274352788925,-0.053464166820049286,-0.011285317130386828,-0.028152599930763245,-0.15859001874923706,-0.034331616014242165,-0.15592268109321594,0.012663866393268108,-0.012295514345169067,-0.12952661514282227,0.015088235028088093,-0.14895270764827728,-0.04869938641786575,0.03556991368532181,-0.02856665290892124,-0.046187765896320336,0.17153336107730863,0.08497773110866545,0.13191722333431244,0.003226231085136533,0.21649502217769623,-0.002454242436215281,-0.08360803127288817,0.010936337523162363,0.010214766487479208,0.10107883065938948,0.03821706399321556,-0.3072839975357056,-0.08873878419399261,0.1447198987007141,0.12656383216381073
0.08350893855094908,0.0,0.10227271169424056,0.04532621428370476,0.17940889298915863,-0.013012830168008804,0.025843545794487,-0.09097500145435332,0.12860357761383057,-0.001505175605416298,0.018216898664832115,-0.06190801411867142,-0.21312461793422696,-0.04506627097725868,0.10871178656816483,-0.2180195897817612,0.12709879875183103,0.0758572518825531,-0.07167314738035202,-0.400961548089981,-0.11158644407987595,0.02859499119222164,0.14780637621879575,-0.1845554411411285,0.18280288577079767,-0.142706960439682,0.10275725275278091,-0.03759217634797096,-0.0747465267777443,-0.06425751745700836,-0.15495920181274414,-0.0869077518582344,0.16709370911121368,0.25509256124496454,0.025867268443107605,-0.0005767631228081882,-0.15821483731269836,-0.04179979115724564,0.030636990442872047,-0.1420822441577911,-0.040609851479530334,0.04025807604193688,0.09022347629070282,0.09739182889461517,-0.010576250962913036,-0.19546809792518613,-0.14214776456356049,-0.05101700872182846,0.003767683869227767,0.04650413990020752,-0.007679684087634087,-0.10421004891395567,0.1749003529548645,-0.12015913426876068,-0.008762127719819546,-0.17301586270332336,-0.06301543116569519,-0.016420623287558556,0.02302723936736584,0.03282298147678375,0.046730432659387595,0.19150288403034207,0.33990922570228577,-0.08455148339271545,-0.02408323623239994,-0.06773810088634491,0.06199447810649872,-0.1589723527431488,-0.23134580254554749,0.049624063074588776,0.11172113567590712,0.0665978416800499,0.0647134780883789,-0.043618831783533096,0.032740164548158646,-0.299395889043808,-0.0002378096542088315,-0.176282599568367,-0.15177781879901883,-0.05924863368272781,-0.012106366455554962,0.009756634011864662,0.11261093616485596,-0.06166579946875572,-0.09570394456386566,0.018813002854585648,-0.026832766830921173,0.04503978043794632,0.04498592764139176,0.15883861482143402,0.21331000328063965,-0.1586361974477768,-0.11461162567138672,0.023994091898202896,0.023977138102054596,0.09954489022493361,-0.10789438337087633,0.08270525932312012,0.13760267198085785,0.09506182372570035
-0.03391760215163231,0.10227271169424056,0.0,-0.07116912305355072,-0.09424339234828949,0.0031068990938365455,-0.10660220682621002,0.0170596856623888,-0.04787414148449898,0.026064625009894368,-0.04202787205576897,0.0345979817211628,0.05936979874968529,0.033121466636657715,0.034046243876218796,0.13195902109146118,-0.038637805730104446,-0.020214747637510296,0.015712251886725426,0.20393449068069455,0.1402206718921661,-0.05563073232769966,-0.0352594368159771,0.10587338358163832,-0.09181047976016998,0.04290372133255005,-0.002947978675365448,-0.0013062299694865942,-0.005512652453035116,-0.014871187508106232,0.03800642117857933,0.03398149460554123,-0.12113821506500244,-0.020994117483496662,-0.0917280986905098,0.020360125228762623,0.1322794109582901,0.0024097233545035124,-0.01639716327190399,0.035106878727674484,-0.018842317163944244,-0.03035794757306576,-0.0866362825036049,-0.09297084063291548,-0.03876759484410285,0.17655207216739655,-0.04897353425621986,0.03216293454170227,-0.03130723536014557,-0.07230295240879059,0.08409614115953445,0.03803583234548569,-0.14739885926246643,0.20088471472263336,-0.0019046504748985167,0.19148355722427368,0.020958490669727325,-0.0683826357126236,0.014838913455605505,0.036327287554740906,-0.05169988051056862,-0.1383996307849884,-0.10314293950796127,0.06147893518209457,0.08712620288133621,-0.0674283504486084,-0.042303241789340966,-0.03694591298699378,0.1123938262462616,-0.06670688092708588,-0.27856707572937006,-0.015739204362034798,-0.10346587002277374,0.0603952445089817,-0.0902467295527458,0.13399966061115265,0.007247433997690677,0.07412371784448622,0.038138903677463525,0.08192405849695204,0.004146011546254158,-0.04079348966479301,-0.06065290793776512,-0.000565739581361413,0.049165789037942886,-0.02436808682978153,-0.023136205971241,-0.03084133192896843,-0.1213349997997284,-0.0789852887392044,-0.16854684054851532,0.001508734421804547,0.07761431485414505,-0.009488774463534355,0.009530349634587763,-0.04830373823642731,-0.09158703684806824,-0.009012285619974136,-0.03657779097557068,-0.06393767148256302
0.0037059623282402754,0.04532621428370476,-0.07116912305355072,0.0,-0.04443614929914474,0.068058080971241,0.12812268733978271,-0.040683429688215256,0.06722817569971085,-0.05668830126523972,0.0842592641711235,-0.011185592040419579,-0.0001708522904664278,-0.03603941202163696,0.09266720712184906,-0.13100971281528473,-0.031130010262131688,-0.050587620586156845,-0.08468043804168701,-0.12418204545974731,-0.20872609317302704,0.18498277664184568,-0.09488291293382643,-0.13426758348941803,-0.16228748857975006,0.11033162474632265,-0.01150776259601116,0.20795990526676175,-0.10897351056337357,-0.20157375931739807,-0.01691858470439911,-0.20540997385978696,0.2874825596809387,-0.06615913659334183,0.08408630639314651,0.03962522372603416,0.005425894167274237,-0.06420499086380005,-0.06067785620689392,0.04469276592135429,0.01938963122665882,-0.045562982559204095,0.01136111468076706,-0.19745855033397677,0.01677478849887848,-0.13689686357975006,0.07330380380153656,-0.07074357569217682,0.159073606133461,0.139886736869812,-0.128998264670372,0.02123551070690155,0.15266160666942596,-0.21322216093540192,-0.045220095664262765,-0.025351269170641896,-0.033793818205595016,-0.08910959213972092,0.042486540973186486,-0.035607542842626565,-0.15330497920513153,-0.019144661724567413,-0.002740053460001945,-0.023137895390391346,0.058910876512527466,0.018070554360747337,0.03529593348503113,-0.007067625410854816,0.0090863686054945,0.02739605866372585,0.08141308277845383,-0.09497222304344176,0.10131389647722244,-0.0306821558624506,-0.041330158710479736,0.24122314155101776,0.028197892010211945,0.0013290413189679384,0.019677322357892994,0.025530029088258743,0.125387042760849,-0.10328821837902068,0.08513396233320236,-0.06384316831827164,-0.12936632335186005,0.1603080928325653,-0.071620874106884,0.033323489129543304,-0.05888283625245094,-0.05574792250990868,-0.006716286763548851,-0.08085395395755766,0.049249190837144845,-0.20180605351924896,-0.08425431698560713,-0.028175283223390576,0.0831252485513687,0.09186543524265288,-0.1616414487361908,-0.07338540256023408
0.0903969332575798,0.17940889298915863,-0.09424339234828949,-0.04443614929914474,0.0,0.002309224335476756,-0.14735616743564603,-0.03537480905652046,-0.04165596887469292,0.1090383157134056,-0.018789516761898994,0.11548904329538344,-0.020717162638902664,-0.06499572843313217,-0.05060691386461258,-0.019506279379129406,0.07936666905879974,-0.06565837562084198,-0.008258042857050894,0.1890779733657837,0.1421804279088974,-0.03702317550778389,0.03198622912168503,-0.024278659373521805,-0.0187991913408041,0.1269797384738922,-0.01683870702981949,0.008789933286607265,-0.02213757298886776,0.030567752197384834,0.017267553135752674,0.031097184866666797,-0.15923097729682922,-0.009277607314288616,-0.10269920527935028,-0.006785179954022169,-0.1037394031882286,0.03278326243162155,-0.11682764440774916,0.05921560525894165,-0.005813222378492355,-0.0859607681632042,0.008715824224054813,-0.029047867283225056,-0.002195644425228238,0.27477437257766724,0.001911776256747544,-0.00201592012308538,-0.07807544618844987,-0.07510569691658019,0.11016549170017242,-0.0669998899102211,-0.06500685214996338,0.2954198122024536,0.1888137459754944,-0.007987317629158497,0.1341177523136139,-0.09976658970117569,-0.10177525132894516,0.1065998002886772,0.011536880396306515,-0.035757072269916534,0.014458125457167624,-0.01608673669397831,0.13930293917655945,-0.05394338071346282,0.030393777415156364,0.0030538111459463835,0.03230678662657738,-0.045494694262743,-0.09629348665475843,-0.07676201313734055,-0.05632681027054787,0.014424653723835943,-0.030343968421220776,-0.024780265986919403,0.04094937443733215,-0.12122726440429688,-0.02345057763159275,0.011609435081481932,-0.054505381733179085,-0.04767301678657532,-0.027910733595490452,-0.07211109995841981,0.09256337583065033,0.15805138647556305,0.1725125014781952,0.07085496187210083,-0.08124143630266188,0.034708600491285324,-0.009604377672076224,-0.05784185230731964,0.04317041486501694,0.03267964348196983,0.07749844342470169,-0.055955424904823296,-0.2921264171600342,-0.106268011033535,0.11821960657835005,-0.0691881775856018
0.07972781360149382,-0.013012830168008804,0.0031068990938365455,0.068058080971241,0.002309224335476756,0.0,-0.06255762279033661,-0.07247499376535414,0.13455696403980255,0.05821472033858299,0.053927674889564514,0.025363028049468998,-0.05107913911342621,0.04489666223526001,0.06254755705595016,-0.10194131731987,-0.04806944727897644,0.03408283367753029,-0.10864090174436568,-0.015851212665438652,-0.04317473620176315,0.018468264490365986,-0.09395596385002136,-0.10776306688785552,-0.005536715034395456,0.112761951982975,0.014457829296588896,-0.02545830048620701,-0.1253402680158615,0.04057731106877327,-0.22307915985584256,-0.08185309916734694,0.0893685072660446,-0.04054137691855431,-0.004664540756493807,0.10697194188833235,-0.17717950046062467,0.058970101177692406,0.026029156520962715,-0.04675537720322609,0.1192893236875534,-0.09451412409543992,0.023112639784812927,0.008372615091502665,0.016958504915237427,0.028674613684415817,-0.03925982117652893,-0.07349324971437454,-0.01645832508802414,-0.0216068048030138,0.08529277890920639,-0.14286525547504425,0.12656986713409424,-0.006346662994474173,0.1791270226240158,-0.024625446647405624,-0.0020721445325762038,-0.02124994061887264,0.03427420556545257,0.005415291991084814,-0.06853345781564713,0.06429284811019897,0.11724765598773956,-0.11964686959981918,0.043204352259635925,-0.07267990708351134,0.1063440293073654,-0.04758751392364501,-0.014591376297175884,0.013491157442331314,0.022811513394117355,0.11938114464282988,0.07927662134170531,-0.08648397028446196,-0.01826012320816517,-0.05416944995522499,0.024192854762077328,-0.0007353225373663008,-0.052997954189777374,0.08751104027032851,-0.04580078274011612,-0.11966760456562042,0.09636738896369934,-0.0734284445643425,0.004060393199324608,0.13740286231040955,0.1257483810186386,0.07633735984563828,-0.10215283185243607,0.049743331968784325,-0.08675193786621092,-0.14305905997753143,0.023736644536256794,0.0942768082022667,0.013740860857069492,0.034198567271232605,-0.2497549653053284,0.02136323228478432,0.09881341457366943,0.0818689689040184
-0.1163126602768898,0.025843545794487,-0.10660220682621002,0.12812268733978271,-0.14735616743564603,-0.06255762279033661,0.0,0.25613003969192505,-0.12948052585124967,-0.13276603817939758,-0.09950738400220872,-0.0002981694415211677,0.11805345118045805,-0.009151364676654339,-0.03266999125480652,0.3506871163845062,-0.2475331872701645,0.07229521870613098,0.18801870942115784,-0.10399848967790604,-0.14860008656978607,-0.02009529434144497,0.0031710150651633735,0.17499160766601562,-0.06414239853620529,-0.02746814489364624,-0.09872036427259444,0.02317355200648308,0.14863039553165436,-0.06524026393890381,0.08968575298786163,0.12813597917556763,-0.008690123446285725,-0.000374052848201245,0.08689029514789581,-0.0574713870882988,0.17825190722942352,-0.12249665707349776,-0.025692738592624664,0.06440918892621994,-0.03491336852312088,0.17482125759124756,-0.13999260962009427,-0.049855053424835205,-0.003649589605629444,-0.09862834215164185,0.16363713145256042,-0.07554283738136292,0.10754851996898653,0.09623893350362776,-0.1912189424037933,0.12483749538660048,-0.05828249454498291,-0.27266255021095276,0.03024589456617832,0.09023728221654895,-0.22492098808288571,0.05074797943234444,0.06952990591526031,-0.20619848370552063,0.033929795026779175,-0.044204749166965485,-0.22046625614166257,0.08770736306905745,-0.08780549466609955,0.20644947886466977,-0.04098742827773094,0.08391215652227402,0.05295345559716225,0.07731872797012329,0.03971659764647484,-0.028627488762140278,-0.04282911494374275,0.061269208788871765,0.02383430488407612,0.22821518778800964,-0.18840754032135007,0.028200268745422363,0.10753694921731947,-0.08934848755598067,0.051875907927751534,0.040291205048561096,-0.06559861451387405,0.05122891813516617,-0.008532430976629257,-0.21071398258209229,-0.24560017883777616,-0.24333402514457703,0.11315835267305374,-0.04841791093349457,-0.07975774258375168,0.1198962703347206,-0.03528318926692009,-0.02993873693048954,-0.00796773377805948,-0.053599152714014046,0.48516097664833063,0.053467374294996255,-0.19971317052841184,-0.11702685058116911
-0.13187246024608612,-0.09097500145435332,0.0170596856623888,-0.040683429688215256,-0.03537480905652046,-0.07247499376535414,0.25613003969192505,0.0,-0.13422471284866333,-0.2031167596578598,0.04704803228378296,0.011144542135298252,0.10618571937084198,-0.14652028679847717,-0.026149898767471317,0.3189690113067627,-0.025738276541233063,0.12493231892585754,0.12680234014987943,-0.10780082643032073,0.1912415027618408,-0.13693730533123016,-0.043294645845890045,0.10514682531356812,-0.043495602905750275,-0.0845908597111702,-0.10262134671211243,0.0605487935245037,-0.10775808990001678,0.10577257722616196,0.3400127589702606,0.08313576877117157,-0.22310277819633484,-0.07618535310029982,0.09412552416324615,-0.068491630256176,0.1870303899049759,-0.12833842635154724,0.27161839604377747,-0.06216328218579292,-0.23584549129009247,0.013852749951183796,-0.04807409644126892,0.003641543677076697,-0.036185793578624725,-0.08436147123575209,0.09742256999015808,-0.051457539200782776,0.08869703114032745,-0.012951050885021687,-0.16337727010250092,0.31346175074577326,-0.33641988039016724,-0.10360188782215118,-0.1061950996518135,-0.031008392572402958,-0.25850436091423035,0.06956030428409576,-0.14160598814487457,-0.1563805639743805,0.06478124111890793,-0.11572946608066557,-0.226462721824646,0.20518404245376584,-0.3229358494281769,0.09779294580221176,-0.06553661823272705,0.18511761724948883,-0.04531246051192284,0.08000953495502472,0.08842924982309341,0.028184304013848305,-0.028168044984340668,0.19483020901679993,0.12399559468030928,0.08477584272623062,-0.10544663667678832,-0.08907583355903625,-0.2215077131986618,0.028030619025230408,-0.00396538432687521,0.1364356428384781,-0.08824577927589417,0.07910996675491333,0.016435543075203896,-0.35097557306289673,-0.0121164433658123,-0.25044962763786316,0.19661210477352145,-0.04097866639494896,0.16546770930290222,0.07608450949192046,-0.13148866593837738,0.12286286056041716,-0.10348878055810928,0.1310882717370987,0.3223729431629181,-0.021428911015391346,-0.1885324716567993,-0.14108948409557343
0.11853204667568205,0.12860357761383057,-0.04787414148449898,0.06722817569971085,-0.04165596887469292,0.13455696403980255,-0.12948052585124967,-0.13422471284866333,0.0,0.0616181418299675,-0.06482690572738647,0.03707051649689674,-0.18361833691596985,-0.0061742691323161125,0.02460169605910778,-0.06434076279401779,0.07592829316854478,0.05374814197421074,-0.06616321206092833,-0.11442872881889345,0.08892644196748732,0.004395793657749891,0.12230174988508224,-0.1384742259979248,0.12025941908359528,-0.07611037790775299,0.058619309216737754,0.012100986205041409,-0.040991373360157006,0.05357951298356056,-0.031412962824106216,-0.07623306661844252,-0.058804500848054886,0.15301865339279175,-0.10925076901912688,0.031485360115766525,-0.13809745013713837,-0.04861453175544738,-0.10780410468578339,0.04480157047510147,0.0011555878445506096,0.06055311486124992,-0.01963544264435768,0.012092577293515204,0.014459224417805672,0.23942425847053528,-0.14350582659244537,0.0034913013223558664,-0.10936246067285536,-0.0209734421223402,0.11571337282657625,-0.17996850609779355,0.009705308824777603,0.13495506346225739,0.07868625223636627,-0.05269907042384148,0.15377141535282135,-0.07404524832963942,-0.07613246887922288,0.187407061457634,0.060172691941261285,0.12653210759162903,0.1848047077655792,-0.09950064867734909,0.14720600843429563,-0.03376424312591553,-0.0207776352763176,-0.09405758976936339,-0.05289728194475173,-0.08147049695253372,-0.12492382526397704,-0.029455756768584248,-0.10300627350807189,-0.0487215593457222,0.04433174431324005,-0.2656753659248352,0.08211763948202133,-0.12429840862751008,-0.07109392434358597,-0.08224329352378845,-0.010295988060534,-0.11821599304676056,0.005333730950951576,-0.01373887062072754,-0.02551049366593361,0.13308216631412506,0.09221418201923369,0.08618106693029404,-0.01745152659714222,0.16755191981792447,0.20963291823863983,-0.10532781481742857,-0.02454781159758568,-0.027198178693652156,0.03305547311902046,0.002256948035210371,-0.33310133218765253,-0.0482773631811142,0.1130431517958641,0.007695835083723069
0.220619797706604,-0.001505175605416298,0.026064625009894368,-0.05668830126523972,0.1090383157134056,0.05821472033858299,-0.13276603817939758,-0.2031167596578598,0.0616181418299675,0.0,0.06842832267284393,-0.0517580509185791,-0.3165973126888275,-0.02184700965881348,-0.07384134083986281,-0.38900724053382874,0.109322190284729,-0.057280197739601135,-0.2604506015777588,-0.07127141952514648,0.08710047602653502,0.03774627670645714,0.042261116206645966,-0.0860201045870781,0.09913887828588483,-0.014400266110897064,0.012066817842423916,-0.14209333062171936,-0.062408119440078735,0.00010508085688343272,-0.2739625573158264,-0.14891712367534635,0.08499538153409958,-0.035958386957645416,-0.02848588116466999,0.018557578325271606,-0.2666877806186676,0.06605193763971329,-0.09095195680856703,0.07989653199911116,-0.03392975777387619,-0.1381523460149765,0.15646518766880035,0.1883638948202133,-0.010936315171420574,-0.017211750149726868,0.03752119466662407,-0.18500597774982447,-0.07397070527076721,0.14819231629371643,0.07331005483865739,-0.12832388281822205,0.22247372567653656,-0.01670767366886139,0.008061015047132969,-0.2348930984735489,0.17443776130676267,0.20437879860401156,-0.144160196185112,0.16887898743152618,-0.14227624237537384,0.10435174405574799,0.3494393825531006,-0.07478157430887222,0.061163946986198425,-0.12626934051513672,-0.00012906345364172012,-0.14120036363601685,-0.20058421790599823,-0.14404182136058807,0.07534880936145782,0.01704352535307407,0.08715581148862839,-0.1536201238632202,-0.07791940867900848,-0.24881215393543243,0.12249189615249632,-0.18484619259834287,0.02623031474649906,-0.01811622269451618,-0.09307500720024109,-0.047626014798879616,0.06396803259849548,-0.02292470633983612,0.013313017785549164,0.2114287465810776,0.1011226624250412,0.20655517280101776,-0.06228911876678466,0.2274576276540756,-0.007189571391791104,-0.06487321853637695,-0.11444518715143204,-0.024495460093021393,0.04870428517460823,0.010383042506873608,-0.4536305367946625,-0.00880945287644863,0.08157142996788026,0.0780785232782364
0.004456639289855957,0.018216898664832115,-0.04202787205576897,0.0842592641711235,-0.018789516761898994,0.053927674889564514,-0.09950738400220872,0.04704803228378296,-0.06482690572738647,0.06842832267284393,0.0,0.08954086899757385,-0.1192779466509819,-0.0006048197974450886,-0.07870255410671234,-0.13112646341323853,0.09590824693441392,-0.04863796383142471,-0.15572489798069,0.09773853421211241,0.04544363170862198,-0.007935261353850365,-0.02776196599006653,-0.006779973860830069,-0.011982299387454987,0.02614947408437729,-0.0736771821975708,-0.027811627835035324,0.001143730245530605,-0.020544862374663353,-0.044037796556949615,-0.11673643440008163,-0.05740322917699814,-0.1430407017469406,0.01898013427853584,0.04686830937862396,-0.06550975143909454,0.028084177523851395,-0.03173477202653885,0.056058283895254135,0.014715658500790596,-0.06824338436126709,-0.0624343566596508,0.03068153746426105,-0.022356512024998665,0.10540594905614852,0.05563711747527122,-0.05800267681479455,-0.036164622753858566,0.03087243624031544,-0.0036034532822668552,-0.019357640296220776,0.01627921313047409,-0.05168672278523445,-0.012692468240857124,0.031187623739242557,0.04747438803315163,0.01517811883240938,-0.09115053713321683,0.03727655857801437,-0.015117235481739044,0.09538319706916808,-0.03830970823764801,-0.012305676005780695,-0.018712829798460007,-0.03856796398758888,-0.026830682530999184,-0.13119870424270627,0.197967991232872,-0.1258203238248825,0.013436770997941492,0.008458413183689117,-0.03361532837152481,-0.04631425812840462,0.05556374415755272,-0.028429772704839703,0.035275641828775406,-0.020804939791560173,0.01113931555300951,0.09728585183620451,-0.12921030819416046,0.0050155241042375565,-0.015272870659828186,0.030088240280747414,0.010695851407945156,0.03436966612935066,-0.040176142007112496,0.0997842028737068,-0.14917175471782684,0.03457307443022728,-0.053395092487335205,0.04130743816494942,-0.09087634831666945,-0.012431719340384007,0.045612588524818413,-0.034240394830703735,-0.1612880378961563,0.002550805220380425,-0.03639984130859375,-0.03143243119120598
-0.0846528187394142,-0.06190801411867142,0.0345979817211628,-0.011185592040419579,0.11548904329538344,0.025363028049468998,-0.0002981694415211677,0.011144542135298252,0.03707051649689674,-0.0517580509185791,0.08954086899757385,0.0,-0.020841794088482857,-0.06201295554637909,-0.05278199166059495,-0.1023453027009964,-0.08081252127885817,0.21242134273052213,0.03302308171987533,-0.2042478322982788,0.03386596217751503,-0.002732235472649336,0.044158626347780235,0.009805846028029919,0.03647756576538086,-0.04078758135437965,-0.03509912267327309,0.05333878472447395,-0.008848782628774643,0.007865633815526962,-0.10160572081804276,-0.02829103358089924,0.007612790912389755,-0.012339703738689423,-0.03686577081680298,-0.016192084178328514,-0.036033447831869125,-0.1196123883128166,0.14556972682476044,-0.014660383574664593,-0.057496726512908936,0.038485437631607056,-0.02788589522242546,-0.018389951437711716,-0.043795965611934655,-0.15652871131896973,0.003975117113441229,-0.08731316775083542,0.04068474844098091,0.1976483464241028,-0.04501410201191902,-0.007424542214721441,0.09651051461696623,-0.14448882639408112,-0.102978378534317,-0.06572458893060684,-0.11242137104272842,-0.04590566083788872,-0.014515111222863196,-0.03870100900530815,-0.03125252574682236,0.07342296093702316,0.04350525140762329,0.012575958855450152,-0.09510798007249832,0.10773098468780516,0.0018569410312920809,-0.014721694402396677,-0.2923305928707123,-0.1527707427740097,-0.036080047488212585,0.06269589066505432,0.06268611550331116,-0.014119247905910017,-0.061895761638879776,-0.04691854491829872,0.052450165152549744,-0.06683282554149628,0.09475839138031004,-0.14461003243923187,-0.0009400839917361736,0.0403602346777916,-0.028746439144015312,0.04195503517985344,-0.007729904260486365,-0.03191356360912323,-0.1896438300609589,0.05081627145409584,0.08269236981868743,-0.054596684873104095,0.11891170591115952,-0.0173172764480114,-0.08955501765012741,-0.029331933706998825,-0.028495512902736664,0.11607454717159273,-0.07888226956129074,0.09804987162351608,-0.08718001097440718,-0.026373444125056263
-0.10273299366235732,-0.21312461793422696,0.05936979874968529,-0.0001708522904664278,-0.020717162638902664,-0.05107913911342621,0.11805345118045805,0.10618571937084198,-0.18361833691596985,-0.3165973126888275,-0.1192779466509819,-0.020841794088482857,0.0,0.13261458277702332,-0.0026370624545961614,0.21679809689521787,-0.10478781163692474,-0.15082974731922147,0.19120450317859647,0.13655833899974823,-0.08705278486013411,-0.04699034616351128,-0.2887900173664093,0.1906663030385971,-0.21823479235172272,0.175552099943161,-0.10175148397684096,0.0027272510342299934,0.029469044879078865,-0.11747197806835175,0.16622640192508695,0.33558574318885803,-0.02212226949632168,-0.2536238133907318,0.06715068221092224,-0.06913121044635773,0.45061174035072327,0.0661548525094986,0.12142393738031387,-0.09812745451927184,0.19846008718013763,0.022745043039321896,-0.26516157388687134,-0.15725837647914886,0.00650111399590969,-0.09862182289361952,0.20159068703651428,-0.004035025369375944,0.07124245166778564,-0.03284142538905144,-0.35796019434928894,0.2029142677783966,-0.09659086912870408,-0.2920870780944824,-0.1190398260951042,0.16986845433712003,-0.2667732536792755,0.3009551167488098,0.22043417394161224,-0.3738483190536499,0.02693126164376736,-0.16412296891212463,-0.5054329633712769,-0.031046239659190174,-0.17599675059318542,0.00035780848702415824,0.014533114619553087,0.26383435726165766,0.2884232699871063,0.16583611071109772,-0.02736159972846508,-0.0320361889898777,0.0821610987186432,0.22543841600418088,0.0723680704832077,0.4145782589912415,-0.12811723351478577,0.34627464413642883,0.11703097075223921,0.10634995996952055,-0.06184348091483116,0.05425005406141281,-0.07611466199159622,0.016379414126276966,0.04210884124040604,-0.24896061420440677,-0.33215671777725214,-0.2398497462272644,-0.0292397141456604,-0.3986305892467498,-0.3714070618152618,0.1930383592844009,-0.025884764268994328,-0.06038226932287216,-0.10774337500333786,-0.017448648810386658,0.6296183466911316,0.04187493398785591,-0.17781545221805573,-0.15987528860569
-0.020767617970705032,-0.04506627097725868,0.033121466636657715,-0.03603941202163696,-0.06499572843313217,0.04489666223526001,-0.009151364676654339,-0.14652028679847717,-0.0061742691323161125,-0.02184700965881348,-0.0006048197974450886,-0.06201295554637909,0.13261458277702332,0.0,-0.03791537135839462,-0.10882623493671416,0.010449313558638096,-0.039722874760627754,0.06884705275297165,0.23993252217769623,0.030640164390206337,-0.15753591060638428,0.03983062133193016,0.19730766117572784,-0.0134154437109828,0.007115720771253109,0.02926536649465561,-0.05969944223761559,0.05322544276714325,0.051906768232584,-0.11233793199062347,0.08043033629655838,0.00027562081231735647,-0.04432216286659241,-0.06237386912107468,-0.06772710382938385,0.1176830679178238,0.07967560738325119,-0.07663436979055405,0.04925458878278732,0.020570654422044757,-0.11456067860126495,0.0269649475812912,-0.0015059846919029951,0.01416779588907957,0.07335279136896133,-0.04541076347231865,0.017792433500289917,-0.10485091060400008,-0.12532494962215424,-0.007224092260003091,0.014957099221646784,-0.10901287943124773,0.19692516326904297,0.06450707465410233,0.000924240390304476,0.10509692877531052,0.0591064989566803,0.06487291306257248,-0.03685012832283974,-0.03485794737935066,-0.10032115131616592,-0.05890486016869545,0.033098187297582626,0.08257317543029785,-0.15995769202709198,-0.0070572979748249045,0.0026612028013914824,-0.07840095460414886,-0.08841336518526077,-0.10640347748994829,-0.030171236023306847,0.07612506300210951,-0.014952493831515312,-0.04003852605819702,0.0030939301941543818,-0.06855421513319016,0.09699804335832596,0.1609978973865509,-0.06038231030106544,-0.0988207161426544,0.07275227457284926,-0.033079490065574646,-0.02517475187778473,-0.005877597723156214,0.05826631933450698,-0.017743991687893867,0.0750066488981247,-0.012819730676710604,-0.1671699434518814,-0.05458826944231987,0.046595808118581765,0.030454475432634357,-0.04021738842129707,0.06539056450128555,-0.16958411037921903,-0.07299963384866713,-0.03751811385154724,0.034077905118465424,0.056083105504512794
-0.006281639914959669,0.10871178656816483,0.034046243876218796,0.09266720712184906,-0.05060691386461258,0.06254755705595016,-0.03266999125480652,-0.026149898767471317,0.02460169605910778,-0.07384134083986281,-0.07870255410671234,-0.05278199166059495,-0.0026370624545961614,-0.03791537135839462,0.0,-0.1589663326740265,-0.0022456180304288864,-0.024307824671268463,0.007115055341273545,-0.05994903296232224,0.015907811000943184,0.08956456929445265,-0.06552659720182419,-0.1443384885787964,0.06774069368839264,-0.004025235306471585,-0.05774543061852455,0.18262118101119995,-0.0223962627351284,0.061687082052230835,-0.1389167308807373,-0.07227429747581483,0.1169491857290268,0.1432153284549713,0.06312288343906403,0.012158618308603764,-0.07326023280620576,-0.04158879816532135,-0.07517503947019577,-0.07516419142484665,-0.06452322751283646,0.12445861846208572,0.08560381084680557,-0.08642359077930449,-0.009501822292804718,-0.00528588006272912,-0.198992058634758,0.07252681255340576,-0.0019315812969580288,-0.12369715422391891,-0.01265654619783163,-0.23663790524005887,0.013955723494291304,0.09532808512449265,0.012393103912472723,-0.08575846254825592,-0.04146008938550949,-0.1450589895248413,0.04403604939579964,0.042864788323640816,0.01823449693620205,0.035107288509607315,0.20708948373794556,-0.1532108187675476,0.0862845629453659,0.13700474798679352,0.0517742782831192,-0.21304713189601895,-0.11563464254140852,-0.09702331572771072,0.054572150111198425,0.007120603229850531,-0.016816485673189163,-0.04153056442737579,0.14346976578235626,-0.09926135092973709,-0.006869236938655376,-0.09418008476495743,-0.09263306111097337,-0.06105290353298187,0.012722057290375233,-0.06861791014671326,0.10949409753084181,-0.08035559952259062,-0.11573652178049088,0.04396503418684006,0.01489325240254402,0.01219878252595663,0.03820626810193062,0.02759910561144352,0.11063326895236968,-0.08625447750091551,0.10390615463256836,-0.004152256995439529,-0.2581687867641449,0.01696399599313736,-0.05116096884012222,-0.026618255302309986,0.014991985633969305,0.07846786826848982
-0.14372199773788452,-0.2180195897817612,0.13195902109146118,-0.13100971281528473,-0.019506279379129406,-0.10194131731987,0.3506871163845062,0.3189690113067627,-0.06434076279401779,-0.38900724053382874,-0.13112646341323853,-0.1023453027009964,0.21679809689521787,-0.10882623493671416,-0.1589663326740265,0.0,-0.10146158933639526,0.07852637767791747,0.0935458019375801,-0.17383243143558502,-0.06122518703341484,-0.23613281548023224,-0.016454467549920082,0.3047120273113251,-0.10871899127960204,-0.10084045678377151,-0.1578999012708664,0.2609777748584748,0.008193764835596083,-0.13743919134140015,0.1496295779943466,0.2151129245758057,0.20536173880100247,-0.05064660310745239,0.1232512816786766,-0.11115334182977676,0.2902420163154602,-0.058836821466684334,0.19256331026554108,-0.043377824127674096,-0.030769929289817807,0.039179254323244095,-0.22029444575309756,-0.025276219472289085,-0.024031976237893105,-0.2062542140483856,0.0730535164475441,0.08987035602331161,0.2748800814151764,-0.0768282562494278,-0.41832879185676575,0.40623411536216736,-0.11291643977165222,-0.1512949764728546,-0.2143723964691162,0.06915523111820221,-0.31934237480163574,0.020586207509040833,0.27039480209350586,-0.28513562679290766,0.03846973180770873,-0.10459744930267333,-0.46398219466209406,0.27469685673713684,-0.34874075651168823,0.2814235985279083,-0.18292708694934845,0.06133010238409042,0.058110952377319336,0.1060245856642723,0.10292187333106995,0.07853437960147858,-0.010445240885019302,0.09784957021474838,-0.0378866083920002,0.15489336848258972,-0.18332687020301816,0.018435528501868248,0.030782410874962807,-0.17035596072673795,0.08694985508918762,0.13763269782066345,-0.04946419224143028,0.1065746322274208,-0.10350587964057922,-0.2740926742553711,-0.23312674462795255,-0.2584384083747864,0.10041464120149612,-0.3255632221698761,-0.13755856454372406,0.14892306923866272,-0.04600057378411293,-0.03959427401423454,-0.2562401294708252,-0.012474889867007732,0.5036001205444336,0.16117089986801147,-0.3803623914718628,-0.0822528526186943
0.030614946037530896,0.12709879875183103,-0.038637805730104446,-0.031130010262131688,0.07936666905879974,-0.04806944727897644,-0.2475331872701645,-0.025738276541233063,0.07592829316854478,0.109322190284729,0.09590824693441392,-0.08081252127885817,-0.10478781163692474,0.010449313558638096,-0.0022456180304288864,-0.10146158933639526,0.0,0.07046418637037277,-0.07176586985588074,-0.04761594533920288,-0.03210807964205742,0.08932049572467805,0.20320077240467072,-0.13097508251667023,0.04151090234518051,-0.04395637661218643,0.0292622484266758,-0.1603177934885025,-0.06073106825351715,0.006118050310760736,-0.16350765526294708,-0.1969219595193863,0.057696275413036346,0.1547037363052368,-0.10581674426794052,-0.0295152235776186,-0.25737026333808893,0.028347808867692947,0.010058376006782053,0.06867289543151855,-0.10541179031133652,0.07075776904821396,0.06555777043104172,0.1268588155508041,0.053223911672830575,-0.060227498412132256,-0.18931157886981964,0.06607923656702042,-0.0683026909828186,0.026875877752900124,0.05718391761183739,-0.11123407632112504,0.08257093280553818,0.059998594224452965,0.06412550061941147,-0.09684714674949646,0.06101903319358826,0.009032653644680975,9.626349492464215e-05,0.10632385313510893,-0.10646495223045348,0.1348707228899002,0.31278401613235474,-0.14837868511676788,0.10090404748916625,0.07899880409240721,-0.04959293082356453,0.016216140240430832,-0.280426025390625,-0.08666388690471649,-0.003872912377119064,0.0710960105061531,0.00757634500041604,-0.1695246398448944,-0.09939974546432497,-0.2916679084300995,0.12198560684919356,-0.09248323738574979,-0.1205737367272377,-0.022746689617633816,0.07540380209684373,-0.10062597692012785,0.05365118384361267,0.01632293313741684,-0.0022905515506863594,0.05247347801923752,0.16335169970989227,0.02814089506864548,0.057330287992954254,0.11873340606689452,0.0545646995306015,-0.04954827576875687,0.02635919116437435,-0.014298095367848871,0.017527086660265923,0.031723976135253906,-0.23904213309288025,-0.10729261487722395,0.12148816138505936,0.10504478961229324
0.00698983110487461,0.0758572518825531,-0.020214747637510296,-0.050587620586156845,-0.06565837562084198,0.03408283367753029,0.07229521870613098,0.12493231892585754,0.05374814197421074,-0.057280197739601135,-0.04863796383142471,0.21242134273052213,-0.15082974731922147,-0.039722874760627754,-0.024307824671268463,0.07852637767791747,0.07046418637037277,0.0,-0.008168729953467846,-0.059152238070964806,0.1585128158330917,0.04832462593913078,0.16219113767147064,-0.1030709519982338,0.059812601655721664,-0.19073128700256348,0.09136442095041276,0.048443645238876336,-0.11309943348169325,0.14474451541900635,-0.07926616072654723,-0.124265119433403,-0.03893664479255676,0.1466737538576126,0.0009305595303885639,0.031044656410813328,0.02412400208413601,-0.00026380523922853166,0.12181278318166731,-0.13272936642169952,-0.20069976150989527,0.013035430572926998,0.16515831649303436,-0.010181707330048084,-0.05101103335618973,0.09648451209068297,-0.07637201994657516,-0.008108772337436676,-0.04193788021802902,0.029767651110887527,0.04774373024702072,-0.04344264045357704,-0.010120443999767303,0.1657234877347946,0.004404394421726465,-0.14988434314727783,-0.1259087026119232,-0.1318051666021347,-0.10068285465240479,0.03798481076955795,0.07399651408195494,0.14941991865634918,0.06493901461362839,0.10439261049032213,-0.0921102985739708,-0.0646263137459755,0.015878891572356224,-0.00787395518273115,-0.18491363525390625,0.19205164909362793,-0.12154748290777206,0.11235743016004562,0.044888123869895935,-0.09208167344331741,0.06482826173305511,-0.08253210037946701,-0.027624707669019696,-0.2026059329509735,-0.0014209940563887356,-0.07254922389984131,0.061610907316207886,0.00910503789782524,-0.008018660359084606,-0.04679398611187935,-0.04944473132491112,-0.03332895040512085,-0.07857178896665573,-0.10209500044584274,0.07224263995885849,0.1486406177282333,0.187563419342041,-0.014206092804670332,-0.03881405293941498,0.030314238741993904,-0.07207846641540526,-0.05562087893486023,-0.15132206678390503,0.0170784592628479,0.0505334660410881,-0.046253442764282234
-0.015546242706477642,-0.07167314738035202,0.015712251886725426,-0.08468043804168701,-0.008258042857050894,-0.10864090174436568,0.18801870942115784,0.12680234014987943,-0.06616321206092833,-0.2604506015777588,-0.15572489798069,0.03302308171987533,0.19120450317859647,0.06884705275297165,0.007115055341273545,0.0935458019375801,-0.07176586985588074,-0.008168729953467846,0.0,0.028394650667905807,-0.15016791224479675,-0.13700169324874875,-0.11684478819370268,0.2987040877342224,-0.07280150800943375,-0.05048918351531029,-0.04201808199286461,0.03102132678031921,-0.023738952353596687,-0.04251321032643318,-0.022392110899090767,0.24087508022785184,-0.02016082964837551,-0.031170863658189774,0.12156692147254944,-0.12338380515575408,0.2868568301200866,0.05976298078894615,0.07850477844476701,-0.06008300930261612,-0.01343242172151804,0.04118409380316734,-0.06501949578523636,-0.16603395342826843,-0.05196523293852806,-0.07060892879962921,0.09658963233232498,0.09380307793617249,0.0032591205090284348,-0.08607836812734605,-0.19335325062274927,0.26460379362106323,-0.2237240970134735,-0.19859272241592407,-0.09575501829385757,0.009708506055176258,-0.12574854493141174,0.15048880875110626,0.09942182153463364,-0.17145714163780212,-0.012974231503903864,-0.1852658689022064,-0.29223701357841486,0.04676810279488564,-0.0730094239115715,0.08825556188821793,-0.04854092746973038,0.2550506889820099,0.13401177525520325,0.17460818588733673,0.008997035212814806,-0.0031610834412276745,-0.038609914481639855,0.015152206644415855,0.021708253771066666,0.17517466843128204,-0.05310995876789093,0.13035568594932556,0.15776872634887695,-0.0668029934167862,0.10466527193784712,0.0783480405807495,-0.08546821027994157,0.05555381998419762,-0.04167924448847771,-0.295781672000885,-0.2831294536590576,-0.13993971049785614,-0.009806813672184944,-0.1946479380130768,-0.08933229744434355,0.04635793715715408,0.07660996168851852,0.1221727505326271,-0.1922540217638016,0.07452261447906494,0.3384477496147156,0.06315705925226212,-0.06167740374803543,0.0389886349439621
