0,1,2,3,4,5,6,7,8,9,10,11,12,13,14,15,16,17,18,19,20,21,22,23,24,25,26,27,28,29,30,31,32,33,34,35,36,37,38,39,40,41,42,43,44,45,46,47,48,49,50,51,52,53,54,55,56,57,58,59,60,61,62,63,64,65,66,67,68,69,70,71,72,73,74,75,76,77,78,79,80,81,82,83,84,85,86,87,88,89,90,91,92,93,94,95,96,97,98,99
0.0,0.02857019565999508,-0.11360083520412444,-0.023324925452470776,0.02154477126896381,-0.0663127675652504,-0.18845152854919436,-0.1918409615755081,0.08711700886487962,0.008560150861740112,0.12805014848709106,-0.19609069824218753,-0.015164235606789587,0.4125175476074218,0.13727006316184995,0.040818799287080765,0.03918418660759926,0.04821358993649483,-0.43151333928108215,-0.30173975229263306,-0.4190778136253357,-0.187507763504982,-0.014546980150043964,0.1448531299829483,0.05939071625471115,0.17726083099842072,-0.016201812773942947,-0.035432279109954834,0.28092601895332336,0.16406916081905365,0.4303910434246063,0.11442408710718154,0.2223381400108337,-0.0445125289261341,-0.03749489039182663,-0.15622679889202115,0.08418310433626176,-0.20518994331359863,-0.06817736476659775,-0.12308745831251144,0.21830108761787412,0.17240595817565915,-0.03909212350845337,-0.049064680933952325,0.1418783068656921,-0.06445368379354477,0.042883731424808495,-0.3523979187011719,0.0069926162250339985,-0.0924478992819786,-0.19265782833099365,-0.1926938742399216,0.18391300737857816,-0.09602385014295578,0.024571910500526428,-0.11842549592256546,0.16232064366340637,0.18201766908168793,-0.2969595789909363,0.26742449402809143,-0.026044601574540135,-0.08892114460468291,-0.12225572764873505,-0.052151873707771294,0.17950016260147095,0.006711561698466539,-0.25934913754463196,0.17163166403770447,-0.1796494722366333,0.18819136917591092,-0.12689435482025146,0.1721373349428177,0.12984322011470795,-0.010468550957739351,-0.16670997440814972,-0.4767321050167084,-0.016561847180128098,-0.23128338158130643,-0.38622006773948664,-0.4394426643848419,-0.11626353114843369,-0.15789204835891724,-0.1102057546377182,0.029614141210913655,0.07500384002923965,0.08414709568023682,-0.0546378567814827,-0.017997438088059425,0.25363531708717346,0.08790498971939088,-0.16801415383815765,0.34116604924201965,-0.15447677671909332,-0.07504668831825256,0.00013512407895177603,-0.006473323795944452,-0.12685084342956543,0.07379570603370665,0.1301015466451645,-0.1411313563585281
0.02857019565999508,0.0,0.2090545743703842,0.07853802293539046,-0.022234892472624775,0.12441588938236237,-0.19197851419448847,0.057912278920412064,-0.24188153445720673,0.2233627289533615,-0.018912049010396004,-0.2438810020685196,-0.07374788075685501,0.10772871971130372,0.041459042578935616,-0.12003143876791,-0.1799643188714981,-0.3163990974426269,0.056107286363840096,0.053967569023370736,-0.07025665789842606,0.07865021377801894,-0.18563394248485565,0.169767826795578,-0.06402639299631119,0.13499715924263,-0.2664059102535248,0.11195307970046996,-0.1458412408828735,0.17772211134433746,-0.04592688009142876,-0.03580327704548836,-0.11558093875646593,0.21954788267612457,-0.21701399981975555,0.2803773581981659,0.13269451260566711,0.21301242709159848,-0.11062350869178772,0.23239721357822415,-0.0045481836423277855,-0.17394575476646423,0.025620341300964355,-0.05931752547621727,0.08487720042467117,0.0035960820969194174,-0.2955283224582672,0.2183999717235565,-0.12231287360191344,-0.04204446449875832,0.06223409995436668,0.06907608360052109,0.18043512105941767,-0.2362369894981384,-0.17380061745643616,-0.08413872122764587,-0.08178479969501494,0.08904072642326355,-0.16118600964546204,0.07515377551317216,0.10613811761140823,-0.11448388546705245,0.1006651371717453,-0.07798761874437331,-0.02298732660710812,-0.023261411115527156,-0.10797235369682312,-0.04163627326488495,-0.15101441740989685,0.15050449967384338,0.11377020925283432,-0.08375449478626251,0.24366365373134613,-0.08448787033557892,-0.0760747343301773,-0.07749236375093459,0.07327960431575774,0.005886917468160391,0.008962108753621578,-0.055484753102064126,-0.14704948663711548,0.04915400221943855,-0.04679342731833458,-0.047636479139328,-0.12166154384613036,-0.010023608803749084,-0.18518634140491483,-0.023978795856237408,-0.2627912759780884,0.1290479600429535,0.006598277017474175,0.04340866953134537,-0.07348249107599257,0.07435141503810881,-0.05270365253090858,0.029827225953340527,-0.0014560300623998044,0.06723985821008682,-0.015603159554302692,-0.11202438175678252
-0.11360083520412444,0.2090545743703842,0.0,0.01220112107694149,-0.13982340693473816,-0.025520995259284973,-0.2832273840904236,0.0718381479382515,-0.136037215590477,0.16926392912864685,0.060401376336812966,-0.6000018119812012,0.10316705703735352,-0.2036316394805908,-0.13438399136066437,-0.35433608293533325,-0.09488342702388765,0.00878289807587862,0.3103446662425995,-0.14627443253993988,0.007564465980976821,-0.07636167854070662,0.07136885076761246,0.22120830416679385,-0.20074523985385892,0.11155300587415697,-0.21145315468311307,0.1082409769296646,-0.04342128708958626,0.31186825037002563,-0.08815606683492659,-0.08774694800376893,-0.033730052411556244,0.02731872349977493,0.013790732249617577,0.08801016211509705,0.07542634755373001,0.1856039762496948,-0.18807759881019592,0.4343405961990357,-0.3821305930614472,-0.21398384869098663,0.2087449282407761,0.3402516841888428,-0.1858573406934738,0.061039824038743966,-0.200394868850708,0.16091832518577576,-0.006783437449485064,0.2702212631702423,0.32179009914398193,-0.19883114099502563,-0.018838046118617054,-0.041241593658924096,0.06637363880872726,-0.15957491099834442,-0.05332373455166817,-0.15014466643333435,0.05938994139432907,0.02870657294988632,0.17220190167427063,-0.1663621962070465,0.09908168017864227,-0.13387736678123474,-0.008463446982204914,0.06940663605928421,-0.08141447603702545,0.17462921142578125,-0.19531860947608948,0.2579019367694855,0.18383353948593137,-0.222672700881958,-0.1598294973373413,0.0887811630964279,-0.02950095385313034,0.13401570916175842,-0.04433608800172806,-0.03125704824924469,-0.10459044575691225,0.294969379901886,0.1520189493894577,0.4546488523483276,0.13792884349822998,-0.23402477800846097,-0.058171454817056656,-0.10336954891681673,-0.2192960828542709,-0.1558420956134796,-0.39794585108757013,-0.0748656243085861,-0.10630713403224944,0.11953196674585342,-0.08376231789588928,-0.08450976759195326,0.03957473859190941,-0.30286532640457153,-0.024469388648867607,-0.02844449318945408,-0.08922194689512253,0.042927525937557214
-0.023324925452470776,0.07853802293539046,0.01220112107694149,0.0,-0.00994486641138792,-0.10307617485523224,-0.20262177288532257,-0.07023031264543533,0.11718035489320756,-0.09106159210205078,-0.0039684628136456,-0.17446637153625488,0.10337732732295989,0.09126491099596024,-0.35581240057945246,0.10026852786540984,0.16758054494857788,0.0920991376042366,-0.10330700874328612,-0.06268560886383057,-0.09679667651653288,-0.1595068871974945,0.10121622681617735,0.1743844449520111,0.05850693583488464,0.032103106379508965,-0.06904275715351105,-0.1847867965698242,0.06339605152606964,-0.06931024044752121,0.18260386586189273,-0.06235845386981964,0.11147905886173248,-0.04076691344380379,0.07311899960041046,-0.2623811960220337,0.19441889226436612,-0.20230761170387268,0.00022083742078393695,-0.12299581617116928,-0.05690032616257668,0.09409939497709274,0.180461660027504,0.13310977816581726,-0.21799364686012268,-0.031204646453261372,0.09331879764795303,-0.03202854096889496,0.15533341467380524,-0.15078535676002502,0.12404947727918623,-0.22304934263229367,0.05759546533226967,0.006484790239483118,0.10133986175060272,-0.018833540380001068,0.11074592918157576,-0.024696452543139458,0.03765636682510376,0.0058914306573569775,0.15106207132339475,-0.09295309334993361,0.01067227404564619,-0.10445831716060638,0.10154297202825546,0.18183621764183044,-0.03187805414199829,0.12227510660886765,-0.10395950824022292,-0.06898767501115799,-0.06608346104621887,0.04031713679432869,-0.1407422572374344,0.04568348824977874,-0.13063879311084747,-0.13784050941467285,-0.05815185233950615,0.011142119765281676,-0.17465326189994812,0.0863632932305336,0.029658973217010495,0.10271944105625153,0.08235404640436172,-0.08130081743001939,0.04410289600491524,-0.0005324059166014193,-0.18870283663272855,-0.06075025722384453,0.02601542696356773,0.03366069495677948,-0.3505726456642151,0.058433473110198975,0.07912519574165344,-0.11492747813463212,-0.006943186745047568,-0.08562948554754257,-0.01261244062334299,-0.10062740743160248,-0.06258953362703323,0.24604663252830505
0.02154477126896381,-0.022234892472624775,-0.13982340693473816,-0.00994486641138792,0.0,0.060618728399276726,-0.03574848920106888,0.14384648203849792,-0.02227785438299179,-0.12471193820238112,-0.039793454110622406,0.12405353039503096,-0.02227465808391571,-0.07134470343589783,-0.05525922402739525,0.05211056768894196,0.10088184475898743,0.2224121689796448,-0.141569584608078,-0.06634814292192459,0.1226559728384018,-0.03102760203182697,0.08871582895517349,-0.1144387274980545,0.021500710397958755,-0.038758262991905205,-0.044283978641033166,-0.06651709228754044,0.0054589142091572285,-0.15860366821289062,0.051280543208122246,0.12214188277721404,0.07675962150096893,-0.29526254534721375,0.20025007426738736,-0.14927269518375397,-0.02018246427178383,-0.2488257884979248,0.023588279262185097,-0.12857936322689056,0.15197621285915375,0.12095443904399872,0.08243761211633682,0.20024989545345304,-0.10768885910511015,-0.07941659539937973,0.10192028433084488,-0.08316588401794434,0.023613359779119488,-0.0637550801038742,0.09407327324151991,-0.06082037463784218,-0.08185704797506332,0.08033616840839387,-0.017868325114250183,0.0411318764090538,-0.12824243307113647,0.00617370568215847,0.09073004126548768,-0.08157353103160858,0.07287582010030745,-0.07827856391668318,0.1161593422293663,0.04972796887159348,-0.13383853435516355,0.06165660172700881,-0.008751427754759789,0.14818058907985687,0.017495566979050636,-0.10673561692237854,-0.12195885181427,-0.1821095794439316,-0.03596938028931618,0.1469137817621231,-0.002990586217492819,-0.21280862390995023,0.06554385274648665,-0.05272149294614792,-0.03606805205345154,-0.08254665881395341,0.019705722108483315,0.02718866430222988,-0.11185778677463531,0.06564097106456757,-0.027935151010751724,0.06121975556015968,-0.04416799917817116,-0.09813977032899857,0.28343549370765686,-0.0760268047451973,-0.11193782091140748,-0.001201245468109846,-0.010049968026578426,-0.1646846979856491,-0.02711593173444271,-0.04663146659731865,0.17388969659805295,-0.2181686758995056,-0.057695113122463226,0.02241787500679493
-0.0663127675652504,0.12441588938236237,-0.025520995259284973,-0.10307617485523224,0.060618728399276726,0.0,-0.18647086620330808,0.2430807203054428,-0.2782016694545746,-0.1303320825099945,0.1395445615053177,-0.3530550003051758,-0.08952286839485168,0.10135354846715929,-0.25536197423934937,0.09979822486639024,0.27134770154953,0.32445502281188965,-0.12613803148269653,0.11112792789936064,0.17940649390220642,-0.07430297136306761,-0.003323743119835853,-0.20471826195716855,0.06204269453883171,-0.024804672226309776,-0.2721411883831024,-0.19392831623554227,0.1525339037179947,0.2176811844110489,0.0911695286631584,0.34983739256858826,-0.23583026230335236,-0.26255136728286743,0.033375583589076996,-0.024263426661491398,-0.020721709355711937,-0.4864025115966797,0.17313030362129211,-0.0265214666724205,0.10437865555286407,-0.20499016344547272,0.1726791113615036,0.18534886837005612,-0.016925333067774773,0.0055040442384779445,-0.3431664109230041,-0.04095657169818878,-0.013767088763415812,0.02479475364089012,0.11854100227355956,0.039802446961402886,-0.22827497124671936,0.03605570644140244,-0.271708220243454,0.11461112648248672,-0.2118975520133972,0.08471924066543579,0.230966791510582,-0.007119372487068176,-0.03331490233540535,-0.03180648386478424,0.24489766359329224,-0.08603500574827194,-0.21210703253746033,0.39710703492164606,0.08189570158720016,0.15329934656620023,0.06569188833236694,-0.0912017747759819,-0.29203906655311584,-0.4568553566932678,0.12981709837913513,0.29450276494026184,0.20210830867290497,0.035882290452718735,-0.40751057863235474,-0.0505557470023632,0.024185646325349808,-0.35899296402931213,0.23631669580936432,0.2034515738487244,-0.01183551736176014,-0.05348445102572441,0.019640592858195305,0.05604381859302521,-0.026250481605529785,0.008579397574067116,-0.06886669248342514,-0.1763983964920044,0.2485680729150772,-0.15268172323703763,-0.09952057152986526,-0.2808724641799927,-0.016152115538716316,-0.1106763482093811,0.32118383049964905,-0.050296712666749954,-0.23630081117153168,-0.008767464198172092
-0.18845152854919436,-0.19197851419448847,-0.2832273840904236,-0.20262177288532257,-0.03574848920106888,-0.18647086620330808,0.0,-0.12220416963100432,0.26553073525428766,-0.10507776588201521,0.00489093828946352,0.658477783203125,-0.20966872572898865,-0.26496660709381104,0.690190315246582,0.026004105806350708,-0.1557786464691162,0.18792450428009036,0.1112716794013977,0.28945598006248474,0.2573777735233307,0.2629793882369995,-0.1590501070022583,-0.381104439496994,0.09738297015428544,-0.46573841571807856,0.27442508935928345,-0.07734861224889755,-0.19477324187755585,-0.1489340215921402,-0.4103179275989533,0.04847778379917145,-0.2025695294141769,-0.18413099646568296,0.0926562249660492,0.17557238042354584,-0.4879320561885834,0.39319607615470886,-0.024853751063346863,-0.01021143700927496,-0.04834937676787376,-0.08403773605823517,-0.39736956357955927,-0.4756151139736176,0.06065042316913605,-0.024924272671341896,0.0905156210064888,-0.019444722682237625,-0.06483533978462219,0.04252332076430321,-0.3858687877655029,0.5202587246894836,-0.09479291737079619,0.24790138006210327,0.05885836482048035,0.10246318578720091,0.0039446125738322735,-0.28320562839508057,-0.0015259942738339305,-0.3021589815616608,-0.08255331218242645,0.2118376195430756,-0.25252020359039307,0.49818587303161616,-0.2996167242527008,-0.48075148463249207,0.07094208896160126,-0.4102708995342255,0.14072580635547635,-0.3815297782421112,-0.09029313921928403,0.08557632565498352,0.1513538360595703,-0.3399864435195923,0.1465504914522171,0.24484868347644803,0.03951044008135796,0.10704362392425536,0.3997155725955963,-0.18237273395061487,-0.10886997729539873,-0.5730199813842772,-0.11349202692508696,0.3679789900779724,-0.31328141689300537,0.19744029641151428,0.4592730700969696,0.11403621733188628,0.297125905752182,0.127411350607872,0.5957151651382446,-0.5407245755195618,0.14580705761909485,0.040272869169712074,-0.010153600014746187,0.56859028339386,-0.15141688287258148,-0.00010198089148616418,-0.09892477840185165,-0.22037231922149655
-0.1918409615755081,0.057912278920412064,0.0718381479382515,-0.07023031264543533,0.14384648203849792,0.2430807203054428,-0.12220416963100432,0.0,-0.5844166874885559,0.09234549850225449,-0.2381223887205124,-0.07241331040859222,0.01852510869503021,-0.36181399226188654,-0.18571169674396515,0.09874502569437027,0.03726409748196602,-0.1531589925289154,0.1278456300497055,0.09520913660526276,0.238347202539444,-0.0280932541936636,-0.11563843488693236,-0.06699488312005997,-0.1698770970106125,0.08432366698980331,-0.3738451302051544,-0.07355021685361862,-0.10659632831811904,0.1384442299604416,0.17811419069766998,0.35202929377555847,-0.12396685779094696,-0.16396296024322507,0.13517619669437408,0.18403992056846616,-0.14967413246631622,-0.3171313405036926,0.02852574549615383,0.19643566012382507,-0.30312076210975647,-0.4311143457889557,0.22914950549602509,0.49532496929168707,-0.07055334001779556,0.3400660455226898,-0.08366694301366806,0.1860644370317459,0.01807953044772148,0.19331425428390503,0.416595995426178,-0.05101240426301956,-0.442290723323822,-0.04691710323095322,-0.21073862910270688,0.2200530171394348,-0.393065482378006,-0.06670167297124863,0.30516186356544495,-0.047765899449586875,0.011333086527884007,-0.26779040694236755,0.4749335050582886,-0.2367398887872696,-0.2506466209888458,0.2969149947166443,-0.09970210492610931,0.5093739032745361,-0.10063976049423216,0.29119187593460083,-0.08494174480438232,-0.6879149675369263,0.23290370404720304,0.6059005856513977,0.10426777601242064,0.003247425891458988,0.13033698499202728,0.16884662210941315,-0.28428965806961054,-0.10688971728086472,0.17046716809272766,0.6723869442939758,0.034951381385326385,-0.26381638646125793,-0.10736427456140518,-0.11784694343805312,-0.1718449294567108,-0.03094497136771679,-0.20866911113262177,-0.09518361836671828,0.19319552183151245,-0.056334547698497765,-0.269458532333374,-0.046914491802454,-0.026755316182971,-0.2892604470252991,0.34356629848480225,-0.5243334174156189,-0.1494189351797104,-0.1329437345266342
0.08711700886487962,-0.24188153445720673,-0.136037215590477,0.11718035489320756,-0.02227785438299179,-0.2782016694545746,0.26553073525428766,-0.5844166874885559,0.0,-0.08532054722309113,0.0744364708662033,0.25055497884750366,-0.023711575195193287,-0.08044797927141188,0.17901943624019623,-0.19022792577743527,-0.08608824014663696,-0.263081818819046,0.044829145073890686,-0.09804373234510419,-0.20678633451461792,0.3997018933296204,0.16047103703022003,0.15639223158359528,-0.004950960632413626,0.07084386795759201,0.6811279058456421,0.03097541444003582,0.14932148158550262,-0.35778024792671204,-0.15486212074756622,-0.4984960854053497,0.07047440111637115,0.2072935104370117,-0.3594140410423279,-0.15514519810676575,0.022804129868745804,0.6287151575088501,-0.059890303760766976,-0.14633499085903168,-0.014811942353844643,0.26780357956886286,-0.26468679308891296,-0.668729841709137,-0.02375735715031624,-0.213236927986145,0.15265966951847076,0.007276560645550489,-0.028563225641846657,-0.21016025543212888,-0.31191444396972656,0.11887360364198685,0.3640881776809692,0.05410167574882507,0.10859714448451996,-0.03391304612159729,0.20888869464397433,-0.32470881938934326,-0.32287871837615967,0.0344325415790081,-0.056422129273414605,0.3157581090927124,-0.544573962688446,0.20603999495506287,0.3100456893444061,-0.3772370517253876,0.18281258642673487,-0.49418947100639343,0.03782993927598,-0.3151005506515503,0.07148870080709457,0.8309754133224486,-0.16713175177574155,-0.46672651171684265,-0.15905103087425232,-0.019927749410271645,0.03804055228829384,-0.1597556620836258,0.31346118450164795,0.31438580155372614,-0.4168424308300018,-0.30412644147872925,0.05328470841050148,0.15953809022903442,0.06889673322439194,-0.1453295797109604,0.27259957790374756,0.07063271105289459,0.2163293808698654,-0.03502430394291878,-0.456804633140564,0.024698277935385704,0.07266372442245483,0.3854800462722778,-0.03710455819964409,0.2654784619808197,-0.5263328552246094,0.2808164954185486,0.057060606777668,0.11789893358945847
0.008560150861740112,0.2233627289533615,0.16926392912864685,-0.09106159210205078,-0.12471193820238112,-0.1303320825099945,-0.10507776588201521,0.09234549850225449,-0.08532054722309113,0.0,-0.19073052704334256,-0.28638291358947754,0.2097234278917313,-0.2099274694919586,0.1267838031053543,-0.12030516564846037,-0.03520464152097702,0.02603163011372089,0.2507711052894592,-0.04926349967718124,0.023648057132959362,-0.009508728981018066,-0.0769183486700058,0.1463482528924942,-0.07033839076757431,0.2350378930568695,-0.22438418865203855,0.12242127209901808,0.11448502540588378,0.2041817605495453,-0.010197523981332777,-0.07797303795814514,0.22738347947597504,-0.14426638185977936,0.1832415610551834,-0.0035181534476578236,0.003681458067148924,0.039925914257764816,-0.22750601172447205,0.2649485468864441,-0.3998299241065979,-0.11130180209875105,0.06753766536712646,0.29712235927581787,-0.16326722502708435,0.2242664247751236,0.14119111001491547,0.10063746571540833,-0.022581225261092183,0.13202735781669617,0.10344553738832472,-0.20755015313625333,-0.1418738216161728,0.07973320037126541,0.2605759799480438,-0.170734703540802,0.15184780955314636,-0.11135782301425932,0.05740707367658615,0.03305390104651451,0.08148527890443802,-0.13855150341987607,0.00930028688162565,-0.08451863378286362,-0.10132402181625366,-0.19708205759525296,-0.15461531281471252,0.26856300234794617,-0.10212735831737518,0.02756970375776291,0.1920911967754364,-0.026622246950864792,0.013315839692950249,0.061184562742710114,0.17475181818008423,-0.09428510814905167,-0.007324269972741603,0.054035525768995285,-0.1413643509149551,0.1050613597035408,0.022903595119714737,0.35883188247680664,0.13549377024173737,-0.1806378364562988,0.03603792190551758,-0.11803413182497025,-0.2458198368549347,-0.2247624844312668,-0.029937300831079483,0.004618504084646702,-0.07044438272714615,0.2066309750080109,-0.01743537373840809,-0.022050131112337112,0.04652068763971329,-0.24731534719467163,-0.08054073899984358,-0.2813511788845062,0.06990418583154678,0.14575475454330444
0.12805014848709106,-0.018912049010396004,0.060401376336812966,-0.0039684628136456,-0.039793454110622406,0.1395445615053177,0.00489093828946352,-0.2381223887205124,0.0744364708662033,-0.19073052704334256,0.0,-0.2065100073814392,-0.009269953705370426,0.28824329376220703,-0.29684510827064514,-0.09522469341754912,0.17587314546108243,0.27040302753448486,-0.29165539145469666,-0.1276623010635376,-0.19067560136318207,-0.2741493582725525,0.20087112486362457,0.029800873249769207,-0.0197502002120018,-0.019874168559908863,0.21203921735286713,-0.03747370466589928,0.3898405730724335,-0.042935971170663834,-0.17378956079483032,-0.23994047939777371,-0.014355591498315334,0.15935051441192627,-0.14222632348537445,-0.31754446029663086,0.03913955017924309,-0.1936969757080078,0.32058602571487427,-0.12944355607032776,0.13072055578231812,0.2067224234342575,0.011974238790571688,-0.07586196064949036,-0.1703219711780548,-0.0402136892080307,-0.08453582972288132,-0.24574734270572665,-0.2101643234491348,-0.1259451061487198,0.3688822388648986,-0.1639517843723297,-0.019441870972514153,0.027480864897370335,-0.18044431507587433,-0.03537914529442787,0.13632647693157196,0.1218862384557724,-0.14314313232898712,0.11946264654397964,0.04037471115589142,0.010291323997080326,-0.2002769112586975,0.12470293045043944,0.09164132922887802,0.08994477987289427,0.08394574373960496,-0.25730761885643005,0.09660166501998899,-0.3012888431549072,0.05243143066763878,0.06465661525726318,-0.13368694484233856,-0.1666920036077499,0.24831786751747129,-0.17600469291210175,-0.32651519775390625,-0.3144163191318512,0.21617700159549716,0.1823245584964752,0.05362945050001144,0.06430754065513611,0.212985560297966,-0.07335603982210158,0.025871388614177704,0.11479409039020538,0.25716134905815125,-0.06723595410585403,-0.14227637648582458,-0.24131788313388824,-0.29149794578552246,0.09140592813491821,-0.06872127950191498,0.20999696850776672,-0.07405038923025131,-0.14482851326465607,-0.15442466735839844,0.02162620238959789,0.1343810260295868,0.13941216468811035
-0.19609069824218753,-0.2438810020685196,-0.6000018119812012,-0.17446637153625488,0.12405353039503096,-0.3530550003051758,0.658477783203125,-0.07241331040859222,0.25055497884750366,-0.28638291358947754,-0.2065100073814392,0.0,-0.28031298518180847,-0.4097144305706024,0.3304240703582764,0.4340074062347412,-0.11219815164804459,-0.2597644329071045,0.06913355737924576,0.3114331066608429,0.5005009174346924,0.28136855363845825,-0.3088100254535675,-0.40009677410125727,0.11203426867723464,-0.5498426556587219,0.4531939029693604,-0.2295358330011368,-0.6566274762153625,-0.5663608312606812,0.16800294816493988,0.33430960774421686,-0.12665119767189023,-0.08117671310901642,0.3834298253059387,0.09254567325115204,-0.4853536188602448,0.1887082010507584,0.032122138887643814,-0.7106028199195862,0.25555649399757385,0.1300182342529297,-0.45242273807525635,-0.48391541838645935,0.12959438562393188,-0.05981775373220444,0.35837534070014954,-0.21639831364154813,0.5578514337539673,-0.13856357336044312,-0.8221861124038696,0.547804057598114,-0.05314265564084053,0.14630158245563507,0.07630857080221176,0.4153788685798645,-0.014835433103144169,-0.2850510776042938,0.27482330799102783,-0.41099083423614496,-0.4299274384975433,0.435841828584671,-0.04294184222817421,-0.01286688819527626,0.347918838262558,-0.14902158081531525,0.008007695898413658,-0.3212195932865143,0.28178712725639343,-0.039852093905210495,-0.6157453656196593,0.25111520290374756,-0.22950312495231628,0.08195726573467255,-0.4295113682746887,0.28727152943611145,0.4174591302871704,0.379655659198761,0.08591491729021072,-0.1455787569284439,-0.2342871129512787,-1.0203436613082884,-0.35039952397346497,0.4563218951225281,-0.29163074493408203,0.10916297137737274,0.2345154136419296,0.24198812246322632,0.5234825015068054,0.423890084028244,0.309400349855423,-0.47508201003074646,0.3361336290836334,-0.07941629737615585,0.031397148966789246,0.5772695541381836,-0.08486370742321014,0.2170942723751068,-0.26820218563079834,-0.2184157073497772
-0.015164235606789587,-0.07374788075685501,0.10316705703735352,0.10337732732295989,-0.02227465808391571,-0.08952286839485168,-0.20966872572898865,0.01852510869503021,-0.023711575195193287,0.2097234278917313,-0.009269953705370426,-0.28031298518180847,0.0,0.10223536938428877,-0.021807754412293438,0.0676492378115654,-0.09381435811519623,-0.26414611935615534,-0.006126736290752888,-0.04103642702102661,-0.41742509603500366,-0.16512069106101987,0.11472292989492416,0.26525434851646423,-0.05005082115530968,0.14056624472141263,0.005723816342651844,-0.04809942469000816,0.12660162150859833,0.009415939450263975,-0.1380244344472885,-0.2284798324108124,0.29415440559387207,0.18398749828338623,-0.17939789593219757,-0.028211951255798336,0.11725737154483797,0.03370339795947075,-0.09361623972654343,0.1184547170996666,-0.217368945479393,-0.03797214850783348,0.0013423231430351734,0.015610241331160069,0.09309052675962448,0.04175756871700287,0.20935419201850888,-0.13457748293876648,-0.012344078160822392,-0.07272965461015701,0.020612902939319607,-0.24690434336662287,0.0783999115228653,-0.14997133612632751,0.11911822855472563,0.0369354709982872,0.04975669085979462,0.006131161004304886,-0.1862615793943405,0.10109096765518188,-0.013081056997179983,-0.10210281610488892,0.006952311377972364,-0.1380566954612732,0.03968227282166481,-0.018640631809830666,0.036865834146738045,0.2226880043745041,-0.08264380693435669,0.19931896030902865,0.18882964551448825,0.09503708779811859,0.007464314345270395,-0.03659555315971375,-0.041969820857048035,-0.0018168450333178043,-0.09952056407928465,0.10947299748659133,0.00016754305397626013,0.23265478014945984,-0.11273799091577529,0.2771667242050171,0.05693287774920464,-0.2130213528871536,0.12746857106685638,-0.2113865315914154,-0.07694784551858902,0.04860140755772591,-0.22827015817165372,0.038438569754362106,-0.1742778122425079,0.1309065818786621,-0.157225102186203,0.08059274405241011,-0.002759193303063512,-0.102026529610157,-0.03608750179409981,-0.03370491787791252,0.09394726902246477,0.01895883306860924
0.4125175476074218,0.10772871971130372,-0.2036316394805908,0.09126491099596024,-0.07134470343589783,0.10135354846715929,-0.26496660709381104,-0.36181399226188654,-0.08044797927141188,-0.2099274694919586,0.28824329376220703,-0.4097144305706024,0.10223536938428877,0.0,-0.26037776470184326,0.16929106414318085,0.14563973248004913,0.2902427315711975,-0.2800327241420746,0.01093151979148388,-0.322836309671402,-0.4813681244850159,0.13442786037921903,-0.16818906366825104,0.25770804286003113,0.08353935927152634,-0.11160578578710556,-0.06823311746120453,0.15877532958984375,0.2098170667886734,0.13598619401454923,0.02573778666555881,0.3857578635215759,-0.13897454738616943,-0.014947110787034035,-0.3044013381004333,0.19315005838871,-0.5478763580322266,0.049200456589460366,-0.3139504790306092,0.5848587155342102,0.20374853909015653,0.04354532063007355,0.22006845474243164,0.165871262550354,-0.439471572637558,0.0024721359368413687,-0.49148261547088623,0.05649152770638466,-0.37009808421134954,-0.5936328768730164,-0.33841997385025024,0.13357147574424744,-0.1561097800731659,0.10973402857780457,-0.15409202873706815,0.20779237151145932,0.4603551626205444,0.0937938243150711,0.1535886377096176,-0.4417020380496978,0.15129490196704865,-0.00625392934307456,-0.2982070446014404,0.13032065331935883,0.29442572593688965,0.138491690158844,-0.05173143371939659,0.5024768114089966,-0.010211294516921043,-0.19886404275894165,0.1841110736131668,-0.22556914389133453,-0.028989529237151142,0.18044617772102356,-0.165309339761734,-0.5289204120635985,-0.13917946815490723,-0.1342131346464157,-0.23138581216335297,-0.06258214265108109,-0.47354921698570246,-0.004937522113323212,-0.015790248289704323,0.614576518535614,-0.052359335124492645,-0.1911211311817169,-0.08016287535429002,0.041971690952777856,0.008769792504608631,-0.0779792070388794,0.25980392098426813,0.11238890141248704,-0.3872703909873962,-0.009726331569254398,-0.15277279913425443,0.14696966111660004,0.5610203146934509,0.07414140552282333,0.1710548996925354
0.13727006316184995,0.041459042578935616,-0.13438399136066437,-0.35581240057945246,-0.05525922402739525,-0.25536197423934937,0.690190315246582,-0.18571169674396515,0.17901943624019623,0.1267838031053543,-0.29684510827064514,0.3304240703582764,-0.021807754412293438,-0.26037776470184326,0.0,-0.5340188145637512,-0.39982452988624567,-0.03293201327323913,0.14337289333343503,0.03603999316692352,0.2832658588886261,0.030639471486210823,-0.16900674998760223,0.005293524358421564,-0.03869379684329033,-0.004165584687143564,-0.215645045042038,0.15440206229686737,-0.23562307655811307,0.0962703600525856,0.30347108840942383,0.12672768533229828,-0.09559673815965651,-0.11977491527795792,0.18411682546138763,0.18438205122947687,-0.19893334805965424,0.3180615305900574,-0.2634672522544861,0.13482140004634857,-0.35008302330970764,-0.08085454255342484,-0.250370055437088,-0.2058773338794708,0.0446353517472744,0.11626802384853364,0.10259215533733368,0.10040061920881271,-0.34482458233833313,0.24527002871036527,-0.2700131833553314,0.3615543842315674,-0.20267435908317563,0.22056052088737488,0.27043405175209045,-0.3266202509403229,0.1461350917816162,-0.1840520799160004,-0.14922098815441132,0.01217882428318262,-0.0349850095808506,0.10227715969085692,-0.32717418670654297,0.4010677933692932,-0.42487871646881104,-0.42356529831886286,-0.3331856429576874,-0.061561666429042816,0.05358418077230453,-0.11531340330839156,0.3987138271331787,0.321509063243866,0.16033287346363068,-0.5088657140731812,-0.08589866757392883,-0.10207968950271606,0.3425300419330597,0.12460093945264816,-0.012281288392841816,-0.855617880821228,0.039954304695129395,-0.26106905937194824,0.07965140044689177,0.2461290657520294,-0.13766369223594663,-0.030046369880437847,0.2028043270111084,-0.10403333604335784,0.038599099963903434,0.011151116341352463,0.45215567946434015,-0.11335168778896332,0.33107274770736694,0.1463823169469833,-0.06321143358945847,-0.03354480862617493,-0.10577083379030228,-0.20899678766727448,0.4039290547370911,-0.2148415893316269
0.040818799287080765,-0.12003143876791,-0.35433608293533325,0.10026852786540984,0.05211056768894196,0.09979822486639024,0.026004105806350708,0.09874502569437027,-0.19022792577743527,-0.12030516564846037,-0.09522469341754912,0.4340074062347412,0.0676492378115654,0.16929106414318085,-0.5340188145637512,0.0,0.08753428608179091,0.1255499571561813,-0.20728352665901184,-0.12078754603862762,0.11724677681922913,-0.12285196781158449,-0.01851622201502323,-0.5296444296836853,0.06545790284872055,-0.102810300886631,-0.08471536636352539,-0.08848550915718079,-0.14917027950286865,-0.30565136671066284,0.2418147325515747,0.26862674951553345,0.05758308619260788,-0.149581640958786,0.2519075274467468,-0.1393812745809555,-0.09295682609081267,-0.5363355278968811,-0.06399223953485489,-0.5268821716308594,0.4359908103942871,0.2035202980041504,-0.06141160801053047,0.1562788039445877,0.162911519408226,-0.3464289605617523,0.2795012295246124,-0.33448725938797,0.31673750281333923,-0.13418839871883392,-0.4933830797672272,-0.1015872061252594,-0.010882985778152943,-0.056940846145153046,0.014338858425617218,-0.03525723144412041,-0.13734661042690277,0.2394884079694748,0.18811935186386108,-0.04782239347696304,-0.5267915725708008,0.0017352602444589138,0.33210670948028564,-0.5149468183517456,0.266240268945694,0.42716434597969055,0.05549341440200806,0.1985108107328415,0.30678069591522217,0.09099204093217848,-0.26836299896240234,-0.09419654309749603,-0.37796700000762934,0.3327833116054535,-0.11676713079214096,0.08911474049091339,0.017616624012589455,0.016731446608901024,-0.20231257379055023,-0.027321189641952515,0.036599300801754,-0.483687162399292,-0.24255090951919556,0.05507003143429756,0.5235177874565125,-0.22251954674720764,-0.046237394213676446,0.10622687637805937,0.031005848199129105,-0.018063420429825783,0.012879150919616222,0.018840264528989792,0.18814118206501007,-0.31719744205474854,0.016561400145292282,-0.045263882726430886,0.17174729704856873,0.3806666135787964,-0.02532699517905712,0.11668188124895096
0.03918418660759926,-0.1799643188714981,-0.09488342702388765,0.16758054494857788,0.10088184475898743,0.27134770154953,-0.1557786464691162,0.03726409748196602,-0.08608824014663696,-0.03520464152097702,0.17587314546108243,-0.11219815164804459,-0.09381435811519623,0.14563973248004913,-0.39982452988624567,0.08753428608179091,0.0,0.018841106444597244,-0.17920143902301788,-0.0878744050860405,-0.18930287659168243,-0.031093940138816837,0.056612994521856315,-0.05181330069899559,-0.0484008602797985,-0.016353469341993332,0.15666833519935608,0.05091776698827744,0.1871396005153656,-0.034234751015901566,0.03543998673558235,-0.06407784670591353,-0.02465506643056869,0.09111705422401427,-0.3007144331932068,-0.08458135277032851,0.10487134009599684,-0.1118318662047386,0.1263066679239273,-0.11152084171772005,0.2391611486673355,0.18894271552562716,0.10434824228286745,-0.19591355323791504,0.012910685501992702,-0.09487161040306093,-0.03700929135084152,-0.2018501311540604,-0.08818013966083527,-0.13705599308013916,0.06477359682321548,-0.15854841470718384,0.10416938364505768,-0.1422683745622635,-0.2655743956565857,0.07756227999925613,-0.16013775765895844,0.14643752574920654,-0.10180544108152388,0.1052568033337593,0.005387438461184502,-0.024832287803292274,0.06720893830060959,-0.10373660176992416,0.05695309117436409,0.3758726418018341,0.2017989158630371,0.08156108856201172,-0.012212712317705154,0.027675461024045944,-0.1510380655527115,-0.21212151646614075,0.06960195302963257,0.11466404050588608,-0.12063591927289961,0.0019665099680423737,-0.15848737955093384,-0.28384068608284,0.015216771513223648,0.09391879290342331,0.042317453771829605,0.04529871791601181,0.0033507680054754014,-0.06204226613044738,0.1849162578582764,0.05939047411084175,0.20203734934329984,-0.06306178122758865,-0.18096101284027097,-0.3299272358417511,-0.22449254989624023,-0.013569505885243416,-0.24940505623817444,0.04412185773253441,-0.114841990172863,0.014260178431868551,-0.0270957313477993,0.13531099259853363,-0.11210773140192032,0.03651640936732292
0.04821358993649483,-0.3163990974426269,0.00878289807587862,0.0920991376042366,0.2224121689796448,0.32445502281188965,0.18792450428009036,-0.1531589925289154,-0.263081818819046,0.02603163011372089,0.27040302753448486,-0.2597644329071045,-0.26414611935615534,0.2902427315711975,-0.03293201327323913,0.1255499571561813,0.018841106444597244,0.0,-0.10840612649917603,0.25977307558059687,-0.06740763783454895,-0.1252061426639557,-0.24617388844490048,-0.4054560959339142,0.12889285385608673,-0.05905260145664215,0.03152010962367058,0.08593526482582092,0.35439369082450867,0.1693379431962967,-0.1234770193696022,0.13335254788398743,-0.02477111481130123,-0.023596683517098423,-0.39677163958549494,-0.024560345336794853,0.009252510964870451,-0.3354206383228302,0.03560831397771835,-0.31745052337646484,0.1502559185028076,0.41207411885261536,-0.05455051735043526,-0.2759301960468292,0.3548015356063843,0.03837208077311516,0.015663819387555122,-0.498420923948288,-0.2786027193069458,-0.020465407520532608,-0.6829076409339905,0.07015419751405716,-0.033494267612695694,-0.16869410872459412,-0.29368171095848083,-0.05671469867229462,0.05115069821476936,0.2970620691776276,-0.07478953897953033,-0.12875975668430328,-0.1530703604221344,0.22130203247070312,-0.07008771598339081,0.09353399276733398,-0.3880311548709869,0.1333966851234436,0.3578227758407593,-0.005353752989321947,0.4296125769615173,-0.4849560856819153,-0.32009661197662354,-0.29623544216156006,0.0944707691669464,-0.2020698040723801,0.38497811555862427,0.1918225139379501,-0.5604249238967896,-0.17056038975715637,0.3823371231555938,-0.010508827865123749,0.0694095641374588,-0.187539204955101,-0.1919313967227936,-0.10208023339509964,0.10577478259801865,0.5335599184036255,0.14139452576637268,-0.18404267728328705,-0.2560437321662903,-0.327322393655777,0.2548699080944061,-0.12361256033182144,0.17581242322921753,-0.3483677804470062,-0.11012641340494156,0.04540937393903732,0.1399121731519699,0.10692254453897476,0.12063716351985931,-0.003741148626431823
-0.43151333928108215,0.056107286363840096,0.3103446662425995,-0.10330700874328612,-0.141569584608078,-0.12613803148269653,0.1112716794013977,0.1278456300497055,0.044829145073890686,0.2507711052894592,-0.29165539145469666,0.06913355737924576,-0.006126736290752888,-0.2800327241420746,0.14337289333343503,-0.20728352665901184,-0.17920143902301788,-0.10840612649917603,0.0,-0.2098379284143448,0.25650045275688166,0.19952704012393951,-0.2424519658088684,0.17247632145881653,-0.2195066511631012,-0.0964116156101227,-0.03406975418329239,0.12149462848901749,-0.06805171817541121,-0.15606147050857544,-0.1408229023218155,-0.13656693696975708,-0.26976028084754944,0.29113340377807617,0.11206614971160889,0.2084362506866455,-0.09407474845647812,0.3485747277736664,-0.09062616527080537,0.27821797132492065,-0.5757277607917786,-0.11493773013353348,-0.05396106094121933,0.010689864866435528,-0.1432030349969864,0.20771285891532895,0.062254663556814194,0.42319998145103455,-0.005633470602333546,0.3545049726963043,0.6762392520904541,0.11647960543632507,-0.12826906144618988,0.16164621710777283,-0.0383492223918438,-0.03710838034749031,-0.06302208453416824,-0.21960726380348203,-0.2231435924768448,-0.13064076006412506,0.3393256366252899,-0.2122311294078827,0.004290645010769367,0.09159570932388304,0.11080842465162276,-0.1478407382965088,-0.23056587576866147,0.010118329897522926,-0.49170249700546254,0.07696148008108139,0.18074885010719297,-0.19327272474765775,0.062213607132434845,0.02047303505241871,-0.060573529452085495,0.23611412942409515,0.35358726978302,0.1315842568874359,0.1256759613752365,0.3385460078716278,0.1800654828548431,0.33802577853202814,-0.0900869369506836,-0.012879971414804459,-0.44513300061225886,-0.07606613636016844,-0.024095011875033375,0.13406257331371307,-0.23673850297927856,0.06745292246341705,-0.014364402741193771,-0.13405144214630127,-0.04372674599289894,0.26928994059562683,0.13840489089488983,-0.1492210030555725,-0.1418957561254501,-0.2947002351284027,-0.014799436554312704,-0.03508564829826355
