0,1,2,3,4,5,6,7,8,9,10,11,12,13,14,15,16,17,18,19,20,21,22,23,24,25,26,27,28,29,30,31,32,33,34,35,36,37,38,39,40,41,42,43,44,45,46,47,48,49,50,51,52,53,54,55,56,57,58,59,60,61,62,63,64,65,66,67,68,69,70,71,72,73,74,75,76,77,78,79,80,81,82,83,84,85,86,87,88,89,90,91,92,93,94,95,96,97,98,99
0.0,-0.05423636361956596,-0.03243159502744675,-0.0069501716643571845,-0.10761477798223495,0.12390702962875366,0.06424994766712189,0.0121002197265625,-0.1373133361339569,0.09895519912242888,0.14242517948150635,-0.11484932154417037,-0.014983992092311382,-0.09685352444648743,0.34308028221130366,-0.16034477949142456,0.11262363940477373,0.10252966731786728,-0.22796513140201569,0.06814952939748764,-0.045993812382221215,0.15806077420711517,-0.04252403974533081,-0.03974806889891624,0.08747603744268417,0.03782417625188828,0.10704802721738815,-0.04641342535614967,0.03968608379364014,-0.0756099596619606,-0.045961149036884315,-0.1412627398967743,-0.18862944841384888,-0.0754869133234024,-0.330981969833374,0.19685763120651245,-0.18267314136028287,-0.1125459372997284,-0.18023140728473663,-0.033085621893405914,0.012125848792493343,0.047968629747629166,-0.018437828868627548,-0.14665572345256803,-0.019350618124008175,-0.16665764153003693,0.215644896030426,-0.001751415547914803,-0.08893453329801558,-0.18263117969036105,-0.06278295814990997,0.030836200341582295,-0.20674513280391693,0.19289878010749817,-0.07396865636110306,0.19291527569293973,0.031420737504959106,-0.08021306246519087,-0.17069102823734283,-0.08695916831493378,-0.09438084065914154,0.17122837901115415,-0.33797717094421387,0.3122985064983368,0.18690162897109985,-0.33092731237411493,-0.156595841050148,-0.02117135562002659,-0.36523410677909846,-0.054922718554735184,-0.24854576587677,0.35639187693595886,0.11085867136716843,0.2057330310344696,0.03155982866883278,-0.15597641468048096,-0.2738614678382873,-0.15734501183032987,0.0568712092936039,-0.029925558716058728,-0.14356328547000885,0.32303303480148315,-0.3046751022338867,0.18445752561092377,-0.059404611587524414,-0.039324555546045296,0.1497969776391983,-0.32367974519729614,-0.3655397593975067,0.13685035705566406,0.16420769691467285,0.29141819477081293,-0.1163600981235504,0.0525868721306324,0.00994862988591194,0.01865493319928646,0.08048778772354126,-0.052913960069417953,0.015572753734886646,0.12557734549045563
-0.05423636361956596,0.0,0.003839481389150024,0.055332258343696594,0.09169224649667741,-0.09804706275463104,0.24170485138893127,-0.09096083045005798,-0.09837327152490617,-0.09250431507825853,0.019526006653904915,0.1359053999185562,0.0904960036277771,-0.15239785611629486,0.2509446144104004,0.07425089925527571,-0.00640000868588686,0.1673336625099182,0.08914954960346222,-0.06200302019715309,-0.10747206211090088,-0.03947168216109276,0.007950655184686184,-0.27825096249580383,-0.02215317264199257,0.0032835020683705807,0.03205356374382973,-0.03597995638847351,0.040065579116344445,-0.07226345688104628,0.2311350107192993,-0.046161800622940063,-0.2585279047489166,-0.15548965334892273,-0.13229148089885712,-0.0015219646738842128,-0.2271413505077362,-0.1573401540517807,0.04036133363842964,-0.16854213178157806,0.07021594047546387,-0.02150081098079681,0.18361847102642057,-0.09573737531900403,0.09193874150514601,-0.05061094462871552,-0.004610548727214336,-0.2604416310787201,0.029928358271718025,-0.05591931566596031,0.06461193412542343,0.16891643404960632,0.04601013660430908,0.01022268272936344,0.05774172022938728,0.1122053489089012,-0.2251228541135788,-0.06735633313655853,-0.040532730519771576,0.04403534159064293,0.04175757244229317,-0.03840328380465508,-0.1695101261138916,0.09423790872097015,-0.13003608584403992,-0.3268778920173645,-0.0313512347638607,-0.015750853344798088,-0.13287654519081116,-0.18638283014297485,-0.13219821453094482,0.12991848587989807,0.06887896358966827,-0.0607493333518505,-0.06168382987380028,-0.07643926888704301,-0.05293756723403931,0.00634688138961792,-0.19038331508636477,0.042055726051330566,-0.06546156108379364,0.06913624703884125,-0.08499947190284729,0.008095124736428259,-0.20013579726219177,0.05455530062317848,0.030805140733718872,0.020776616409420967,0.039397001266479485,0.15266112983226776,-0.42782118916511536,0.14811281859874725,-0.033511031419038766,-0.11335115879774092,-0.1330031454563141,0.12714217603206635,0.009648825041949749,0.02614196203649044,-0.09662415087223054,-0.15636353194713593
-0.03243159502744675,0.003839481389150024,0.0,-0.3246566951274872,0.043152175843715675,-0.09826921671628952,-0.08996806293725966,0.0382666252553463,0.07307886332273483,0.049133222550153725,0.0898645743727684,-0.020126063376665115,-0.2746807932853699,0.031188679859042168,-0.21979396045207977,0.1394283026456833,-0.011201614513993263,-0.34260186553001404,-0.23274271190166476,0.022069795057177544,0.2126775085926056,0.13087524473667145,-0.15431949496269226,0.049503352493047714,-0.17245812714099884,-0.13370488584041595,-0.006845134310424328,-0.10489296913146973,-0.17100030183792114,-0.11786733567714693,-0.2466351687908173,-0.21554383635520932,0.30604931712150574,0.15687139332294464,0.0866122394800186,0.02411081455647945,0.001217047916725278,0.05122668668627738,0.05219261720776558,0.15443523228168488,-0.2160126119852066,-0.0983203575015068,-0.11651781946420668,0.014688768424093723,-0.006506818346679211,-0.1916348189115524,-0.016665156930685043,0.3266376852989197,-0.04972902312874793,0.08251366019248961,0.18744222819805145,-0.1772601306438446,-0.23647484183311465,0.18163844943046567,-0.1009325087070465,0.010996811091899872,0.32980623841285706,-0.1205328032374382,-0.008163173682987692,-0.12274927645921709,-0.035736095160245895,0.12252846360206604,0.36443924903869623,0.02293266169726849,-0.04573468118906021,0.16996650397777557,-0.15128828585147855,-0.08619060367345811,0.3243093192577362,0.0007321243756450712,-0.08989080041646957,-0.2407161444425583,0.021189291030168533,-0.04093491658568382,0.09124028682708739,-0.08204784244298936,0.00356267555616796,-0.04207725077867508,0.03641306608915329,-0.16530513763427734,-0.030517328530550003,-0.007140094880014658,-0.12395824491977692,0.12186129391193389,0.113766610622406,-0.1183389499783516,0.02840530686080456,0.04313141852617264,-0.16985730826854703,0.06421520560979843,0.08095364272594453,-0.03325578942894936,0.025060106068849564,0.44832897186279297,0.0034871154930442567,-0.1229436621069908,0.19719575345516205,-0.03250870853662491,0.040960077196359634,0.22698938846588132
-0.0069501716643571845,0.055332258343696594,-0.3246566951274872,0.0,-0.09015494585037231,0.002093475079163909,-0.04324362426996231,0.15936245024204254,0.0388035960495472,-0.189700111746788,0.246961310505867,0.07864960283041,0.13288520276546478,-0.10976751893758772,-0.16824673116207123,0.012900685891509056,-0.12177108228206635,-0.02377249300479889,-0.1446208208799362,-0.10017120838165285,0.10623973608016968,-0.1526164710521698,0.045498918741941445,-0.04035594314336777,0.15972989797592163,-0.0946991816163063,-0.005352830979973078,0.0503961406648159,0.3211703300476074,-0.03124550357460976,-0.2719806134700775,-0.2359328866004944,0.271686851978302,0.11274993419647215,-0.0005701215704903008,-0.07044824957847595,-0.1779835075139999,0.08289381861686705,0.23773920536041257,-0.1384861320257187,-0.09523761272430421,-0.002110314555466175,-0.19584085047245023,0.05453440546989441,-0.14771611988544464,0.006371018942445517,-0.13162855803966522,-0.13361595571041107,-0.11155313998460768,0.2718834578990936,0.12513034045696259,0.24308864772319796,0.0419926792383194,0.031464509665966034,-0.11846163123846054,0.08109133690595625,0.07031165808439255,-0.018431110307574272,0.000729557010345161,-0.19958539307117465,0.03915199264883995,-0.34029170870780945,0.1796291172504425,0.06595304608345032,0.1709354817867279,0.1575622111558914,-0.18632622063159943,-0.05656086653470993,0.22245201468467712,-0.4960190355777741,-0.3613984882831573,0.2377895563840866,-0.020353524014353752,-0.01415251474827528,-0.08004768192768097,-0.2099522650241852,-0.12614206969738007,-0.07123549282550812,-0.23690970242023468,-0.008037561550736427,-0.033352889120578766,-0.02358772605657577,-0.1474183201789856,0.004226166754961014,0.2895140051841736,-0.010020321235060692,0.11560533195734024,-0.15162983536720276,-0.011476182378828524,0.06885579228401184,0.015729164704680443,-0.09763704985380173,-0.07592630386352539,0.14027032256126404,0.17898017168045044,0.1397668421268463,-0.17974449694156647,-0.028898386284708977,0.15418435633182523,-0.13903863728046417
-0.10761477798223495,0.09169224649667741,0.043152175843715675,-0.09015494585037231,0.0,-0.053643722087144845,-0.05080504342913628,-0.0909925028681755,-0.06461908668279648,0.1855957806110382,-0.30921709537506104,-0.050077907741069794,-0.1359100043773651,0.15393930673599243,-0.07558745890855789,0.1273490935564041,0.022145742550492287,-0.07272668927907942,0.215393990278244,-0.031204262748360637,0.02136428654193878,-0.003677305998280645,-0.05965227261185646,0.07501236349344252,-0.1982034295797348,0.08120887726545334,-0.16346697509288788,-0.031036853790283203,-0.21069830656051636,0.11491679400205612,0.04919631034135818,-0.0019403387559577825,0.004511565435677767,-0.17858511209487915,0.2513599693775177,-0.051264479756355286,0.17666757106781003,0.07762335240840912,-0.09149356186389923,0.1477317363023758,-0.08997980505228041,-0.2352197915315628,0.04910453408956528,-0.046586286276578896,0.008901904337108135,-0.03691373765468597,0.017645323649048805,0.09732560813426973,0.04205016791820526,-0.011570677161216736,-0.12594488263130188,-0.21602725982666013,-0.06361157447099686,-0.10447539389133452,0.055183544754982,-0.18870556354522705,-0.015876302495598793,0.02650788240134716,0.10120924562215804,0.1374651789665222,-0.09791959077119827,0.17774318158626556,0.06625325977802277,-0.1703372746706009,-0.166734516620636,-0.031918879598379135,0.12629467248916623,-0.06336375325918198,0.07475442439317702,0.18650059401988983,0.18287862837314603,-0.44173258543014526,-0.004018847364932299,-0.08730167150497437,-0.06966428458690643,0.09999202936887741,0.3336386978626251,0.08315393328666687,0.07122145593166351,0.0798114612698555,0.05415519326925278,-0.08481639623641966,0.15443755686283112,0.022685086354613304,-0.1394754648208618,-0.029643621295690536,-0.234437957406044,0.3045555055141449,0.06280900537967682,-0.08669576048851013,-0.05037891492247581,-0.11703914403915404,0.10311057418584824,0.0870097056031227,-0.18229709565639493,-0.028801100328564644,-0.1851002126932144,-0.1359872967004776,-0.03382831811904907,0.14725536108016968
0.12390702962875366,-0.09804706275463104,-0.09826921671628952,0.002093475079163909,-0.053643722087144845,0.0,0.08029466122388838,0.07929816842079161,0.02678784169256687,-0.04415250197052956,0.1665012091398239,-0.05110712721943855,-0.017641719430685043,0.007217461708933115,0.10682243108749388,-0.18353788554668424,0.11581309884786604,-0.005728007294237614,-0.21374815702438357,-0.035958342254161835,-0.07711223512887953,0.04943986982107162,-0.005724772810935974,-0.06572821736335753,0.09037986397743224,0.039522461593151086,0.1305943876504898,-0.04821506515145302,0.07410769909620285,-0.05931411311030388,-0.04557091370224953,0.04995223134756088,-0.07995662093162537,0.07248169928789137,-0.17484457790851593,-0.013966083526611328,-0.21989956498146057,-0.11542128026485445,0.0507107712328434,-0.07742179930210114,-0.07017828524112701,0.05320254340767861,-0.029734695330262184,0.05404892936348915,0.039700791239738464,-0.11626462638378143,0.008347935043275356,-0.03544623404741287,-0.06520193070173264,0.06998157501220703,0.1815199851989746,0.08016147464513777,-0.00016946962568908927,0.03935539349913597,0.0073877028189599505,0.09307119995355606,-0.07704272121191023,-0.04776306077837944,-0.12422127276659012,-0.09761089086532591,-0.08754947781562805,0.015210828743875027,-0.15554741024971008,0.07781572639942169,0.05198230594396591,-0.02507125586271286,0.00964598637074232,-0.03850390017032623,0.015093155205249786,-0.17254231870174408,-0.1830797642469406,0.037532683461904526,-0.11978742480278017,0.078983373939991,0.03358001261949539,0.01052731554955244,-0.13583745062351227,0.021872062236070633,-0.18332765996456143,-0.09751584380865096,-0.08595148473978041,-0.027578320354223248,0.01943053491413593,0.0011247619986534119,-0.04435714706778526,0.1288432627916336,0.18674291670322415,-0.15970563888549805,-0.11335367709398268,0.10945826023817062,0.0999789834022522,0.041277099400758736,-0.180515930056572,-0.079083651304245,-0.008723709732294081,-0.07141055911779404,0.1748160421848297,-0.18062099814414975,-0.0406639501452446,-0.10495923459529875
0.06424994766712189,0.24170485138893127,-0.08996806293725966,-0.04324362426996231,-0.05080504342913628,0.08029466122388838,0.0,-0.1823750287294388,-0.10919301956892012,0.021020498126745224,-0.023528670892119408,0.06711676716804504,-0.07934142649173737,0.03779879957437515,-0.1490482985973358,-0.1062953844666481,-0.03958016261458397,0.3774763643741608,0.12787841260433197,-0.23241250216960904,-0.02336451411247253,0.10071220248937605,-0.10697117447853088,-0.11827614903450012,-0.03932286798954009,0.06659329682588577,-0.1079823076725006,0.01042058039456606,0.17504817247390747,-0.005679524969309568,0.10205591470003128,0.25220251083374023,0.01873251423239708,-0.1364341527223587,-0.11938875168561935,0.09902377426624298,-0.07103823870420456,-0.22915102541446683,-0.019732173532247543,-0.1692315936088562,0.2743705213069916,0.06088683009147644,-0.07503265142440797,-0.03382353112101555,0.012788467109203339,0.019617201760411263,-0.042731031775474555,-0.19876067340373993,-0.04625687375664711,-0.2021399289369583,-0.31798145174980164,0.12596194446086884,0.1601799577474594,0.010442093014717102,-0.09375952184200288,0.07745127379894257,-0.19117623567581177,0.043430835008621216,0.025458782911300656,0.043369110673666,0.19478315114974973,0.07359191030263901,-0.23640768229961395,0.15639273822307587,0.014064017683267592,0.08942385762929916,-0.1627204269170761,-0.12105561792850494,-0.430937260389328,0.017639178782701492,0.006848932709544897,-0.015601222403347492,0.18103885650634763,-0.01065007410943508,0.021917331963777546,-0.10958507657051086,-0.1653471738100052,-0.006259554531425238,0.0063767628744244576,0.08949997276067732,-0.051390957087278366,0.10756272822618484,-0.19071657955646515,0.20708173513412476,-0.00642436882480979,-0.011680995114147665,-0.06375455111265182,0.09364220499992369,-0.030056266114115715,0.14291800558567047,-0.10866302251815796,0.09628448635339737,0.04615818709135056,-0.20919241011142728,-0.052653342485427856,0.12620918452739716,0.0827709212899208,0.15706869959831235,0.13682959973812103,-0.06879828870296478
0.0121002197265625,-0.09096083045005798,0.0382666252553463,0.15936245024204254,-0.0909925028681755,0.07929816842079161,-0.1823750287294388,0.0,0.03749075531959534,0.0304180271923542,-0.017264060676097866,-0.17440932989120483,-0.09140416234731674,0.01919788308441639,-0.1038706973195076,-0.25549745559692383,0.0034802088048309088,-0.013715200126171112,0.0006655496545135975,0.1396683156490326,-0.00246886583045125,0.023832673206925392,-0.034119348973035805,0.186161145567894,0.09994635730981825,0.016143297776579857,-0.11784939467906952,-0.07063842564821243,-0.0849470868706703,0.12270509451627731,-0.1295958012342453,0.14325331151485443,-0.19791492819786072,0.0710684061050415,0.047301653772592545,-0.020004212856292725,0.18520432710647583,0.1570632755756378,-0.11203964799642561,0.04626850038766861,0.02242959290742874,0.08409010618925095,-0.057211726903915405,0.11351729184389114,-0.04196760058403015,-0.042388934642076485,0.05587409436702728,0.09792917221784592,-0.04664990678429604,-0.027017531916499134,-0.14980098605155945,0.011499620974063872,0.090348981320858,-0.14234668016433716,0.027835337445139885,-0.08015885204076768,0.05277229472994804,-0.044804062694311135,-0.016057316213846207,-0.007991170510649681,0.029149096459150314,-0.012135795317590237,0.0223224014043808,-0.12972226738929749,0.01209208369255066,0.21745415031909943,0.08945893496274947,-0.0182845126837492,0.10455518960952757,0.04215961322188377,0.20021165907382965,0.014354953542351723,-0.09296441823244096,0.0363544262945652,0.012427360750734806,0.026112236082553864,-0.03998902067542076,0.054464370012283325,0.2507972717285156,-0.01408051885664463,-0.05875189229846001,0.024211168289184567,0.07280930876731873,-0.15749084949493408,0.12786599993705747,-0.0737239271402359,0.09739989787340163,-0.04319773614406586,-0.09256065636873245,-0.20114837586879727,0.1966671198606491,-0.1400986909866333,-0.08498832583427429,0.02536109462380409,0.10872826725244522,-0.23212242126464844,-0.08899831026792526,-0.12643660604953763,0.02651938423514366,-0.014521063305437565
-0.1373133361339569,-0.09837327152490617,0.07307886332273483,0.0388035960495472,-0.06461908668279648,0.02678784169256687,-0.10919301956892012,0.03749075531959534,0.0,-0.12267174571752548,-0.01651720516383648,0.0339229479432106,-0.08815718442201614,0.007695609703660011,-0.0937218740582466,0.06671915203332901,0.030372329056262967,-0.12612085044384003,-0.033564090728759766,0.002304140711203217,-0.10616619139909744,-0.026269517838954926,-0.024645809084177017,-0.07450260967016221,-0.019343869760632515,-0.0011765462113544345,-0.0657847449183464,0.1016467809677124,-0.08140185475349426,-0.03590432181954384,0.019584864377975464,0.041900936514139175,0.061713583767414086,-0.06636251509189606,0.036121226847171777,-0.1047683209180832,0.07670814543962479,-0.03468745946884155,0.05219593644142151,0.017025742679834362,-0.12615379691123962,0.06861669570207596,-0.03804205730557442,0.055179234594106674,-0.0057196556590497485,-0.06603158265352249,0.029300130903720852,0.06640341132879257,-0.07188880443572998,0.1933420151472092,0.017928218469023705,-0.04305867850780487,0.016154227778315544,-0.0746791735291481,-0.07440637052059172,-0.15497279167175293,-0.07066867500543593,0.01596631109714508,-0.00741316145285964,-0.09241903573274611,-0.14089137315750122,-0.019127352163195607,0.003908874932676554,-0.0763813406229019,0.08899778127670288,0.06698869168758392,0.08650859445333482,-0.027514670044183728,0.057651981711387634,0.16883830726146698,0.03821913152933121,-0.10064427554607391,-0.22786036133766172,-0.06690612435340881,0.16138856112957,0.02581088989973068,0.04103919118642807,0.015660716220736504,-0.10428614169359209,-0.04557117074728012,-0.02462078630924225,-0.1958591341972351,0.13581079244613647,-0.09398490190505981,0.08018074929714201,0.08942764997482301,-0.07781848311424254,-0.12983927130699155,0.0998850241303444,-0.05212279036641121,-0.057772208005189896,-0.00014616675616707653,-0.0577830746769905,0.12861445546150208,-0.11896050721406937,-0.12314138561487196,0.2466789484024048,0.04450792446732521,0.0057087610475718975,-0.1929960697889328
0.09895519912242888,-0.09250431507825853,0.049133222550153725,-0.189700111746788,0.1855957806110382,-0.04415250197052956,0.021020498126745224,0.0304180271923542,-0.12267174571752548,0.0,-0.2097301483154297,-0.007688096258789301,0.04280241578817368,-0.05000466108322144,0.07239299267530441,-0.07034216821193695,0.010314688086509705,0.17214694619178772,-0.04493539035320281,-0.16477370262145996,-0.014905344694852827,-0.07477331161499022,-0.13856534659862518,0.03868487849831581,-0.1460403949022293,0.03542790561914444,0.1753416210412979,-0.03145074471831322,-0.1079653576016426,-0.08448410034179686,-0.14524194598197937,-0.10040270537137984,-0.021707007661461834,-0.05773080512881279,0.05737289041280746,0.06625878065824509,-0.07994663715362547,0.03401023894548416,-0.12586981058120728,0.1133834794163704,0.048010006546974175,-0.3258444666862488,0.06984560936689377,-0.11959299445152281,0.038866426795721054,0.029571525752544403,0.1209457442164421,-0.09758857637643814,0.04539475589990616,-0.02423437498509884,-0.09962130337953568,-0.0851244106888771,-0.038502428680658334,0.056186754256486886,0.06283903121948242,0.0302487313747406,-0.10774145275354384,-0.05925091728568077,0.030865265056490895,0.104800283908844,-0.1655636876821518,0.17821605503559113,-0.21981270611286163,0.11895065009593964,-0.1916357129812241,-0.16148947179317474,0.05137980729341506,0.18895430862903595,-0.3445126414299011,0.20588889718055725,0.14043815433979034,-0.08486966788768768,0.08365900814533234,-0.054635025560855865,-0.24417665600776672,0.030646925792098045,0.057003509253263474,0.07655210793018341,0.16308113932609558,0.1781870424747467,0.16854695975780487,-0.1375756561756134,-0.03043701685965061,0.03296541050076485,-0.18511629104614255,0.05600765347480774,-0.006939162965863943,0.010913931764662264,-0.12571974098682404,0.03840190917253494,-0.07865214347839355,-0.01131449081003666,-0.01774483360350132,0.05031285434961319,0.041386708617210395,0.1627347022294998,-0.37034144997596735,0.09800857305526733,-0.14161814749240875,0.16205009818077087
0.14242517948150635,0.019526006653904915,0.0898645743727684,0.246961310505867,-0.30921709537506104,0.1665012091398239,-0.023528670892119408,-0.017264060676097866,-0.01651720516383648,-0.2097301483154297,0.0,-0.06285098940134048,-0.05941549316048622,0.07156579941511154,0.07535579800605774,0.046870749443769455,-0.04143228754401207,-0.14206477999687195,-0.02781012468039989,0.31943395733833313,-0.013616935350000858,0.21700690686702728,-0.13028499484062195,-0.04380544647574425,-0.002852307166904211,-0.09528309106826782,-0.2092626839876175,-0.02131779119372368,0.056706760078668594,0.13786852359771729,0.21980421245098117,-0.03420421481132507,-0.035821087658405304,-0.31243547797203064,0.019325016066432,0.08572823554277421,0.03667665645480156,-0.0475815087556839,-0.05891663208603858,0.0702328160405159,-0.07461807876825331,0.3294440805912018,0.00043173451558686793,-0.03459431231021881,-0.03391706198453903,-0.24957793951034543,0.0036188794765621424,0.1180991753935814,-0.18974363803863523,0.018663119524717327,0.0903108790516853,-0.0059504066593945035,-0.06573895364999771,-0.0441283993422985,-0.24422505497932437,-0.10862894356250762,0.1611635982990265,0.054596953094005585,-0.07241945713758467,-0.1766943782567978,0.03360286727547645,-0.08106429874897003,0.04916190728545189,-0.02089209295809269,0.17422090470790863,-0.18821844458580017,-0.32037314772605896,-0.15765255689620972,0.12097670137882233,-0.05536956712603569,-0.1478606015443802,0.2116226702928543,0.12099966406822205,0.1308041363954544,0.13894379138946533,-0.2027435004711151,-0.041389837861061096,-0.16058066487312317,-0.2549095153808594,-0.24025735259056089,-0.25169706344604487,0.5035049319267273,-0.2432425022125244,0.06050543487071991,-0.034702692180871964,-0.1337514966726303,0.002910093870013952,-0.07827741652727127,-0.29539960622787476,-0.022673754021525383,-0.06763537973165512,0.27266198396682734,-0.015374167822301388,0.104782834649086,-0.13816730678081512,-0.3179232180118561,0.6076882481575012,-0.0021709648426622152,0.18147388100624084,-0.07071533799171448
-0.11484932154417037,0.1359053999185562,-0.020126063376665115,0.07864960283041,-0.050077907741069794,-0.05110712721943855,0.06711676716804504,-0.17440932989120483,0.0339229479432106,-0.007688096258789301,-0.06285098940134048,0.0,-0.12524017691612244,0.06143774464726448,-0.25441306829452515,-0.05241035297513008,0.013044379651546478,0.1457979530096054,0.1255922168493271,-0.1864519715309143,0.0434761755168438,0.06755948066711426,0.07964565604925156,-0.07039231806993484,-0.06483760476112366,-0.02210605703294277,-0.1375824362039566,0.015022381208837032,0.1254430115222931,-0.10304366052150726,0.08794394135475159,0.0371851772069931,0.23917102813720703,0.004641499370336533,-0.004954850766807795,-0.048555567860603326,-0.1400917023420334,-0.2844120264053345,0.17008537054061887,-0.05311016738414765,-0.038447178900241845,-0.05405812337994576,-0.05366393923759461,-0.10418880730867384,0.09449035674333571,0.23877470195293424,-0.21811889111995697,0.014063073322176932,0.09238290786743165,-0.013505898416042328,0.04058890417218208,0.04396190121769905,0.016712255775928497,-0.04236875101923943,-0.03704450652003288,-0.058956503868103034,-0.18830835819244385,0.1339319348335266,0.022501979023218155,0.063420370221138,-0.02579732984304428,0.06112518534064293,0.011824508197605608,-0.01136694848537445,-0.11800914257764816,0.09997420012950896,-0.017770197242498394,-0.06373841315507889,-0.08713577687740326,0.17606550455093384,-0.03427574783563614,-0.14858949184417725,-0.055855341255664825,-0.12770166993141174,0.020498974248766896,0.023871559649705887,0.10478098690509796,0.04558523744344711,-0.18041725456714633,0.04340029135346413,0.2063552290201187,-0.14938761293888092,0.03861628845334053,0.009652890264987944,-0.007607142440974712,0.04180283471941948,-0.08214322477579117,0.05113310366868973,0.2156361937522888,0.0840780958533287,0.005747199058532714,-0.0921020731329918,0.15222486853599548,-0.07619343698024748,-0.09317085146903992,0.19857658445835116,-0.0731542631983757,0.0968869999051094,-0.04676854237914085,0.0001360520691378042
-0.014983992092311382,0.0904960036277771,-0.2746807932853699,0.13288520276546478,-0.1359100043773651,-0.017641719430685043,-0.07934142649173737,-0.09140416234731674,-0.08815718442201614,0.04280241578817368,-0.05941549316048622,-0.12524017691612244,0.0,-0.02524273470044136,0.31343719363212585,0.0999535396695137,-0.024607479572296143,0.35904622077941895,0.12457116693258284,0.0051763905212283134,-0.1009070798754692,-0.2207749038934708,0.007979824207723139,0.03604662045836449,0.03969738632440567,0.11889931559562684,0.21514071524143216,0.16030600666999817,0.06474043428897858,0.2616219520568848,-0.25692638754844666,0.25579652190208435,0.07538343966007233,-0.2777490019798279,0.015713144093751907,-0.088886059820652,0.06718912720680237,0.3563191294670105,-0.13294169306755063,-0.06459448486566544,0.03202921152114868,-0.11922870576381683,0.06392194330692291,0.029209678992629048,-0.2816468477249145,-0.1654675453901291,-0.09819776564836502,-0.2683682441711426,-0.0929083377122879,0.02935526706278324,0.08485983312129974,0.1525130271911621,0.08261801302433014,-0.07398914545774461,0.1331273764371872,0.037616055458784096,-0.12343610823154448,0.022570585831999775,0.24897536635398865,0.05153137072920799,0.06550518423318863,-0.24298429489135745,-0.05213332176208496,-0.05006738752126694,-0.08361823111772537,-0.022436033934354786,0.11950137466192244,-0.06928876787424088,0.14726410806179047,-0.2854374945163727,-0.028856800869107246,-0.018190884962677956,0.09376902878284454,0.09678820520639421,-0.21242003142833707,-0.06328566372394562,0.04947153851389885,-0.16493548452854156,-0.3526730537414551,-0.09313689917325971,-0.1469779461622238,0.16652712225914,0.01693960092961788,-0.01577460579574108,-0.27549856901168823,-0.0019661411643028255,-0.20889349281787872,0.11381850391626358,-0.17118579149246216,-0.028715964406728745,0.02756449952721596,-0.25767573714256287,-0.142179936170578,-0.14984895288944244,0.05823984369635581,0.057776372879743576,-0.11467543244361876,-0.15060684084892273,0.11337191611528397,-0.11507527530193327
-0.09685352444648743,-0.15239785611629486,0.031188679859042168,-0.10976751893758772,0.15393930673599243,0.007217461708933115,0.03779879957437515,0.01919788308441639,0.007695609703660011,-0.05000466108322144,0.07156579941511154,0.06143774464726448,-0.02524273470044136,0.0,-0.165341317653656,-0.18820251524448395,-0.12240927666425704,0.062195662409067154,-0.242128387093544,-0.1596137434244156,0.25828468799591064,0.09719821065664291,0.1085834875702858,0.1569436490535736,-0.24250489473342893,-0.15847143530845642,-0.015564298257231712,-0.01234283298254013,0.04887955263257027,-0.1257994174957275,-0.04916990548372269,-0.17602622509002683,-0.11937981098890305,0.4817171096801758,-0.15486672520637512,-0.06271873414516449,-0.059211976826190955,-0.07431379705667494,0.012882683426141737,-0.033890627324581146,-0.1326422095298767,0.020862432196736332,-0.07306952029466629,-0.21164248883724207,0.20982600748538968,-0.1854299157857895,-0.020387915894389153,0.13073475658893585,0.03177737444639206,0.256882905960083,0.5029833316802979,0.060543835163116455,-0.30370041728019714,0.015842411667108536,-0.09896655380725859,-0.09517516195774078,0.2076435834169388,-0.023550393059849736,0.013282615691423416,0.0681210607290268,0.1444582641124725,0.0002159932482754812,0.363126665353775,-0.134604811668396,-0.2096334248781204,0.011011396534740925,-0.13858287036418915,0.13998852670192719,0.005271174479275942,-0.26767101883888245,-0.29401448369026184,-0.2142330706119537,0.03412272408604622,-0.09105915576219559,-0.205378532409668,-0.24211804568767548,0.1212802678346634,-0.07081934809684753,0.35850957036018366,0.030835773795843124,0.1323869675397873,-0.1745443046092987,-0.026656733825802803,0.12831391394138336,0.10848315060138702,-0.02211903966963291,-0.06925226002931595,0.011200292967259884,0.0656745657324791,0.124175563454628,-0.24598737061023712,-0.023732762783765793,0.1861930042505264,0.04462255537509918,0.051945660263299935,-0.11331357806921004,-0.13372565805912015,0.005828701891005039,-0.032377809286117554,0.107829250395298
0.34308028221130366,0.2509446144104004,-0.21979396045207977,-0.16824673116207123,-0.07558745890855789,0.10682243108749388,-0.1490482985973358,-0.1038706973195076,-0.0937218740582466,0.07239299267530441,0.07535579800605774,-0.25441306829452515,0.31343719363212585,-0.165341317653656,0.0,0.3038024604320526,-0.14618685841560364,0.3881875872612,0.08236631006002426,0.33495450019836426,-0.27350419759750366,-0.1658547669649124,-0.017054827883839607,-0.050962526351213455,-0.03592519089579582,0.034723710268735886,0.2573135495185852,0.03506258875131607,-0.16916970908641815,0.07389874756336211,-0.2942798137664795,-0.05735074728727341,0.2061878889799118,-0.23536682128906247,-0.09707517176866531,0.14517948031425476,-0.11674105376005171,0.367173045873642,-0.1819985955953598,-0.2023095190525055,-0.015203136950731276,0.25250118970870966,0.12651535868644714,0.04817713424563408,-0.45001363754272466,0.1050395593047142,-0.20901009440422055,-0.22965505719184875,-0.10683239251375198,-0.18900673091411593,-0.3891816139221192,-0.0587378703057766,0.13632899522781372,0.19206437468528748,-0.01365301851183176,0.34593504667282104,-0.06630000472068787,0.0069280113093554965,0.06876174360513687,0.09379793703556061,-0.1928178071975708,-0.4268370270729065,-0.18583026528358457,0.10558069497346878,0.07264223694801329,-0.37503987550735474,-0.0955519825220108,-0.14646412432193756,0.06787630915641785,-0.580162763595581,-0.09808171540498732,0.5924646258354187,0.2565515339374542,0.21770223975181577,0.38019412755966187,-0.08224185556173325,-0.06709203124046326,-0.07211550325155258,-0.33528709411621094,-0.0017538248794153333,-0.33531150221824646,0.5630595088005066,-0.013107850216329096,0.08638151735067366,-0.29434043169021606,0.004090056754648685,-0.043723613023757935,-0.17059330642223358,-0.27875974774360657,-0.09962564706802368,0.20424377918243408,-0.01042355503886938,-0.022552115842700005,-0.2817351818084717,-0.025024602189660072,0.3318594098091125,0.07553813606500626,-0.012533756904304028,0.06107303872704506,0.06087500974535942
-0.16034477949142456,0.07425089925527571,0.1394283026456833,0.012900685891509056,0.1273490935564041,-0.18353788554668424,-0.1062953844666481,-0.25549745559692383,0.06671915203332901,-0.07034216821193695,0.046870749443769455,-0.05241035297513008,0.0999535396695137,-0.18820251524448395,0.3038024604320526,0.0,-0.21148996055126193,-0.035595282912254333,0.17068700492382047,0.12511759996414185,-0.17463332414627075,-0.19317489862442017,0.05354532971978188,-0.04424407705664635,-0.09039798378944398,-0.05860197171568871,-0.025758132338523865,0.04436451941728592,-0.18587937951087952,0.011551398783922195,0.3411753177642822,-0.302837610244751,0.28120610117912287,0.05907714739441872,-0.046754926443099976,-0.022637536749243736,0.09697979688644408,0.08706345409154893,-0.22028024494647977,-0.09931839257478714,0.1594427227973938,0.2070467323064804,0.0950728878378868,0.12426109611988068,-0.24246606230735776,0.06361515074968338,-0.3903248608112335,-0.07005255669355392,0.09413877129554749,-0.22705715894699097,-0.25219231843948364,-0.15006163716316223,-0.03746169805526733,0.11582335829734802,-0.1037001684308052,0.006203987170010805,0.022924320772290226,0.0640113577246666,-0.02394752576947212,-0.0604378804564476,0.09374192357063293,-0.2275196760892868,0.2167782485485077,-0.11285573989152908,-0.04258145019412041,-0.24539057910442352,0.0071779657155275345,-0.2625418603420257,0.4124315679073334,0.0011491270270198584,0.3149385154247284,0.2758538126945496,0.2191043049097061,0.0092636588960886,0.228741317987442,0.0777285099029541,-0.17410908639431,-0.24054518342018127,-0.10955993831157684,-0.07601301372051239,-0.030271122232079502,0.21478115022182465,-0.09294874221086502,-0.22734272480010984,-0.15931376814842224,-0.14445902407169342,-0.22337549924850464,0.16395573318004608,0.06363791227340698,-0.29031488299369806,0.01291132066398859,0.11119770258665083,0.24702751636505127,-0.11001193523406982,-0.14081445336341855,0.008786719292402267,0.4701147079467773,0.304495632648468,0.08593039959669113,-0.05208051949739456
0.11262363940477373,-0.00640000868588686,-0.011201614513993263,-0.12177108228206635,0.022145742550492287,0.11581309884786604,-0.03958016261458397,0.0034802088048309088,0.030372329056262967,0.010314688086509705,-0.04143228754401207,0.013044379651546478,-0.024607479572296143,-0.12240927666425704,-0.14618685841560364,-0.21148996055126193,0.0,-0.030735062435269356,-0.10751853883266448,-0.09282782673835753,0.07162914425134659,0.14000481367111206,0.04085128754377365,0.06860882043838501,0.011612581089138985,-0.20300431549549103,0.1196676641702652,0.011657577008008955,-0.05905379354953766,-0.17521792650222778,-0.17846511304378507,-0.021463662385940552,0.10217749327421188,-0.1166604459285736,0.09215673804283142,-0.018961861729621887,-0.17480285465717316,-0.12371457368135452,0.2548157274723053,0.13536204397678375,-0.19071894884109497,0.005819994490593672,-0.06396600604057312,0.08826664090156555,0.048045385628938675,-0.09620422124862672,0.06654195487499237,0.06161431595683098,-0.03283778950572014,0.20779167115688324,-2.839124499587342e-05,0.007990885525941849,0.036621015518903725,-0.015022782608866692,-0.131023570895195,-0.09213356673717497,-0.04959077388048172,-0.0281794797629118,-0.10033649951219557,-0.102949820458889,-0.3289752304553985,0.030327457934618,0.0017160911811515689,-0.0027384995482861996,0.10890737920999526,-0.07025168836116791,0.055670872330665595,0.12012872099876404,-0.06536728888750076,0.08098927140235901,-0.107595294713974,-0.04325316473841667,-0.15434184670448303,-0.016783539205789566,0.010527596808969975,0.1024038940668106,0.061099890619516366,0.15877823531627655,-0.17091545462608335,0.03709535300731658,0.026246966794133183,-0.1741793304681778,0.02313634380698204,0.05488244071602821,0.10462134331464767,0.05256100744009018,0.05757429823279381,-0.12697042524814603,-0.02514256164431572,0.08627205342054367,0.1743827760219574,-0.07741294056177139,-0.1847476214170456,0.1532623320817947,-0.06870216131210327,-0.011563836596906183,-0.04050616174936295,-0.0645708441734314,-0.08658526837825774,-0.007443635258823633
0.10252966731786728,0.1673336625099182,-0.34260186553001404,-0.02377249300479889,-0.07272668927907942,-0.005728007294237614,0.3774763643741608,-0.013715200126171112,-0.12612085044384003,0.17214694619178772,-0.14206477999687195,0.1457979530096054,0.35904622077941895,0.062195662409067154,0.3881875872612,-0.035595282912254333,-0.030735062435269356,0.0,0.19948555529117584,-0.09642349183559416,-0.2936036288738251,-0.30649930238723755,-0.05353153869509697,-0.02746556326746941,-0.21241706609725952,0.2111200839281082,0.0730811208486557,0.018463768064975735,0.25850149989128113,0.08784767985343933,-0.14385327696800232,0.07567355781793593,-0.06566685438156128,-0.43389940261840815,0.005747287068516016,-0.11216981709003448,-0.12108445167541504,0.08901947736740112,0.11205466836690901,-0.16520865261554718,0.12324675917625429,-0.10871870070695876,0.24856653809547424,-0.10976257920265196,-0.11652654409408568,-0.014451189897954464,0.09100831300020218,-0.6057126522064209,-0.07982915639877318,0.1117231547832489,-0.21437664330005643,0.19249463081359863,0.2658747732639313,0.07093749195337296,0.06248630583286285,0.030630335211753845,-0.4901627898216248,0.09655559062957764,0.04088414087891579,0.2733655869960785,-0.281177818775177,-0.1551311761140823,-0.38013988733291626,0.24829745292663571,-0.23451372981071472,-0.5833376049995422,-0.018974296748638157,-0.1407487541437149,-0.1594458967447281,0.044962719082832336,0.07532861083745955,0.18083833158016205,0.031960491091012955,-0.006486371625214815,-0.4547925591468811,0.04160569235682488,0.16126392781734467,0.16260969638824463,-0.3211895525455475,0.09392991662025453,0.209932342171669,-0.08054576814174653,0.11252063512802124,-0.025650065392255783,-0.9075916409492493,0.3788174688816071,-0.05551737546920776,0.0631810799241066,-0.236951008439064,0.16901439428329468,-0.2907370626926422,0.09825659543275832,-0.08754441142082214,-0.07726604491472243,-0.23210644721984863,0.5405309796333313,-0.21509748697280884,0.4117624759674072,0.03065333515405655,-0.13469509780406952
-0.22796513140201569,0.08914954960346222,-0.23274271190166476,-0.1446208208799362,0.215393990278244,-0.21374815702438357,0.12787841260433197,0.0006655496545135975,-0.033564090728759766,-0.04493539035320281,-0.02781012468039989,0.1255922168493271,0.12457116693258284,-0.242128387093544,0.08236631006002426,0.17068700492382047,-0.10751853883266448,0.19948555529117584,0.0,-0.1066235452890396,-0.325319766998291,-0.3929096758365631,0.18021410703659055,-0.09929416328668593,0.01714877225458622,0.16338017582893372,0.046441718935966485,0.00973320845514536,0.05952027812600136,0.14691227674484253,0.03951160982251167,0.06164881587028504,0.1082511991262436,0.0699615627527237,-0.0302931759506464,-0.12221686542034148,0.034569896757602685,0.11297441273927689,0.06982439011335373,-0.24753804504871368,0.08273563534021378,-0.27878880500793457,0.0003825984604191035,0.13858623802661896,-0.09886832535266876,0.19942434132099152,-0.09589345753192899,-0.4324588179588318,0.08247575908899307,-0.0008758400799706577,-0.0694834440946579,-0.09986027330160142,0.35777226090431213,-0.07020699232816696,0.13959714770317075,0.17912960052490234,-0.22068893909454343,0.03418276831507683,0.1481890082359314,0.09553951770067216,0.039657291024923325,-0.13064584136009216,-0.13883645832538605,0.11867664009332655,-0.22185777127742767,0.12702512741088867,0.06435173004865646,-0.01699485443532467,0.04696175828576088,7.097276829881594e-05,0.09704715758562088,0.045487847179174416,-0.05067870393395424,-0.10733057558536528,-0.1062067300081253,0.03402789682149887,0.003935972228646278,-0.029850300401449203,-0.1787678301334381,0.054540768265724175,0.044304728507995605,-0.17927798628807068,0.2606856822967529,-0.22566877305507657,-0.07942479848861694,0.1531318873167038,-0.21772721409797668,0.07744640856981277,0.2964722514152527,-0.02876978740096092,-0.42863607406616205,0.006280854810029268,0.029565921053290367,-0.2962688207626343,-0.016007080674171448,0.16244879364967346,-0.07223696261644363,0.12157779186964036,-0.03834300488233566,-0.20241418480873108
