0,1,2,3,4,5,6,7,8,9,10,11,12,13,14,15,16,17,18,19,20,21,22,23,24,25,26,27,28,29,30,31,32,33,34,35,36,37,38,39,40,41,42,43,44,45,46,47,48,49,50,51,52,53,54,55,56,57,58,59,60,61,62,63,64,65,66,67,68,69,70,71,72,73,74,75,76,77,78,79,80,81,82,83,84,85,86,87,88,89,90,91,92,93,94,95,96,97,98,99
0.0,0.04834700375795364,0.05618998408317566,-0.22933593392372129,0.06374066323041916,-0.05317366495728493,-0.07851070910692216,-0.0020297023002058268,0.08670198917388915,0.1434655487537384,0.04107913002371788,-0.05840708687901497,-0.11521116644144058,0.09717510640621184,-0.0063917129300534725,0.10180535912513732,0.1561848670244217,0.15857787430286407,-0.01547571923583746,-0.03746267035603523,-0.02934013120830059,-0.16289323568344116,0.011555295437574387,-0.054683227092027664,-0.0001719267020234838,-0.07260622829198837,-0.064507395029068,-0.12385711073875429,0.23189137876033783,-0.0107042184099555,0.11897473782300948,-0.1904650330543518,0.011501716449856758,0.178868368268013,0.16367049515247345,0.11997217684984209,0.08918879926204681,-0.20553654432296753,-0.02146211825311184,0.006727329920977353,0.08025184273719788,0.15951360762119293,-0.03419061377644539,-0.09555684775114061,0.0593276284635067,0.12722641229629517,-0.03502762317657471,0.02747037447988987,0.07225459814071654,-0.019642401486635208,-0.0661463737487793,0.006370404735207558,0.042597472667694085,-0.006222159136086702,0.027954626828432083,-0.006505504250526428,0.1663564294576645,-0.1698046773672104,0.10775858908891676,-0.1254751682281494,0.02958093397319317,0.02093817666172981,0.018065866082906723,0.1742461621761322,-0.17322897911071777,-0.0767294242978096,0.00046969286631792784,-0.10294478386640547,-0.0766958072781563,-0.003391664708033204,0.137411430478096,0.08881397545337677,-0.27550050616264343,-0.1931818574666977,0.06790812313556671,0.052809644490480416,-0.009938272647559641,0.02234232425689697,0.12060780823230743,-0.1339241713285446,0.26798442006111145,-0.14101256430149078,-0.007727907970547677,0.007627072744071484,-0.016741355881094933,-0.031914860010147095,0.005744777154177427,0.03518185764551163,-0.020969413220882412,-0.09586930274963379,0.3537108302116394,-0.00039383250987157226,0.1456375867128372,-0.04485784098505974,0.020191626623272892,0.01600862480700016,0.06812240928411484,0.10361607372760771,0.08627475053071974,-0.16733871400356293
0.04834700375795364,0.0,-0.028280388563871384,0.0884125828742981,-0.0015414233785122633,-0.11452093720436096,0.1315260678529739,-0.0171310156583786,-0.12627117335796356,0.04194757342338561,-0.08992527425289154,-0.09054801613092422,0.05908913537859917,-0.06494361162185669,-0.16702117025852203,-0.44651430845260626,0.03871596604585648,0.1539883017539978,0.0628950372338295,0.0786820277571678,-0.030371522530913353,0.0014064528513699768,-0.2500213086605072,0.06193144246935845,0.05707250908017159,-0.0607215017080307,0.012587829492986202,0.03398243710398674,-0.0914076417684555,0.1508091390132904,-0.11446357518434525,0.09978742897510529,-0.08318290114402771,0.18411450088024137,-0.08292888104915619,-0.10861340165138245,-0.07846292853355406,-0.2683487832546234,0.2700701057910919,-0.14146575331687927,-0.00010421445040265098,0.016257924959063526,-0.018911216408014297,0.09963813424110413,-0.02275107242166996,-0.04453263804316521,-0.06881867349147797,-0.026001352816820145,0.21048636734485623,-0.09481143951416016,-0.18842937052249908,0.08265765011310577,0.13656795024871826,-0.1469622403383255,0.09047435969114304,-0.14065735042095184,-0.03419153392314911,-0.03803127259016037,-0.06331054121255875,-0.01011011842638254,0.008527503348886967,-0.004404549021273851,-0.012831608764827251,0.01672680675983429,-0.10641738027334212,-0.023311764001846317,0.0007176363724283874,0.0292194876819849,-0.10218376666307448,-0.04331160709261894,0.014253843575716019,-0.09556767344474792,0.08507202565670013,-0.04101241007447243,-0.14056991040706635,0.10153769701719284,0.02943756990134716,-0.025436826050281525,-0.0754789263010025,0.13545097410678864,-0.10849670320749281,0.008545570075511932,-0.04549587145447731,-0.052394196391105645,0.1346946358680725,-0.08830604702234268,0.08359576016664505,-0.0585513561964035,-0.014821315184235573,0.056078922003507614,0.3894885778427124,-0.18508024513721463,-0.059862934052944176,-0.057901397347450256,0.07045799493789673,-0.0758567750453949,-0.00656985631212592,-0.004460611380636692,-0.055961038917303085,-0.07880283892154692
0.05618998408317566,-0.028280388563871384,0.0,-0.07918345928192137,-0.11898759007453918,0.0670439824461937,-0.0640130415558815,0.18801520764827728,0.037832487374544144,-0.11981551349163055,-0.10839353501796722,0.11882229149341585,-0.23579764366149905,-0.14114658534526825,0.007088742218911648,0.15757906436920166,-0.008418344892561436,-0.3705814480781555,0.11150647699832916,-0.0846813917160034,0.3255593776702881,-0.24625641107559204,-0.07938930392265318,-0.1495702564716339,0.0011704122880473733,-0.009147884324193,-0.05457131937146186,0.02092311903834343,0.26983731985092163,0.09200241416692732,0.1711265444755554,-0.22230991721153257,0.14253914356231687,-0.2661820650100708,0.2244194746017456,0.18783554434776303,-0.1097256690263748,0.16006001830101013,-0.43686008453369135,0.18892486393451688,0.13643617928028107,0.14025402069091797,0.008633527904748915,-0.3236638009548187,-0.07469165325164795,-0.15413391590118408,-0.0020947528537362814,0.05890355259180069,-0.08548527210950851,-0.26950579881668085,-0.30804333090782166,-0.055414970964193344,-0.02985397540032864,0.19665168225765228,0.028573991730809208,0.18933421373367307,-0.011162747628986835,-0.27294895052909846,0.07509170472621916,-0.10102814435958862,-0.20678672194480896,0.11974934488534927,0.043646011501550674,-0.07587947696447372,-0.11149800568819046,-0.007868126966059208,-0.10916674137115479,-0.04510939493775368,0.3799700736999512,0.24730989336967468,-0.37606906890869135,-0.023833950981497765,0.10381308943033218,0.11656660586595537,0.3181545734405517,-0.16995744407176971,-0.008143094368278979,0.01280427910387516,0.4872776865959168,-0.24528951942920685,-0.03471362590789795,-0.02463581226766109,-0.05266224592924119,0.17112840712070465,0.013564232736825941,-0.0164876040071249,-0.10057654231786728,-0.16330519318580627,-0.16845615208148956,-0.20647145807743073,-0.4814599454402924,0.054623644798994064,0.111311174929142,0.00512577872723341,-0.13207565248012543,-0.08580965548753737,0.27000871300697327,-0.20612137019634247,0.020034000277519223,0.2677488625049591
-0.22933593392372129,0.0884125828742981,-0.07918345928192137,0.0,-0.10072175413370132,0.14232146739959717,-0.2075464427471161,-0.04810856655240058,-0.014662479981780052,-0.0747002512216568,0.14658150076866147,0.056361239403486245,0.21451185643672943,-0.0006726353312842548,0.11011385172605515,0.10565786063671112,-0.16954506933689115,-0.03835474327206612,-0.21093152463436127,-0.19010029733181,-0.14348809421062467,0.09029320627450944,0.02547180838882923,0.14503213763237,-0.17951466143131256,0.06235964968800545,-0.03907620534300804,-0.04903316870331764,0.010703909210860727,-0.11939508467912673,-0.035066764801740646,0.24568358063697812,0.11763417720794676,-0.2110506296157837,-0.10361690074205399,-0.013456360436975956,0.12514200806617737,0.19602571427822116,-0.16702520847320557,0.03154725581407547,-0.08406785130500793,-0.09690638631582259,0.08627188205718994,-0.1306314468383789,-0.09584843367338179,0.035188287496566766,0.004131986293941736,-0.06513606011867523,-0.09903804212808608,0.10612717270851137,0.21574991941452024,0.026525715366005898,-0.07460777461528778,0.009780599735677242,-0.161519855260849,0.08385083079338074,-0.2824000418186188,0.3378886282444,-0.16352805495262146,-0.09293058514595032,0.04395529255270958,-0.1262585073709488,-0.09386480599641801,-0.1058421954512596,0.13523928821086884,0.055112626403570175,0.2561114728450775,-0.018314260989427567,-0.0741971656680107,0.3701713681221008,0.224519282579422,-0.00946867000311613,-0.08333371579647064,0.01555089559406042,0.07537437975406647,-0.03225759044289589,-0.11611659079790115,-0.0480596087872982,0.02672191709280014,-0.07599220424890518,-0.1178612932562828,-0.05769138783216477,0.0482989139854908,-0.09994979202747345,-0.009431418031454086,0.02505035325884819,-0.03566386178135872,-0.01841568015515804,-0.051162488758564,0.05824286490678787,-0.608588933944702,0.19996933639049527,-0.027635421603918076,0.04857242107391357,-0.08669151365756989,0.11294477432966232,-0.09541321545839308,0.07165621221065521,-0.11741398274898528,-0.02673337049782276
0.06374066323041916,-0.0015414233785122633,-0.11898759007453918,-0.10072175413370132,0.0,-0.10370049625635148,-0.007921390235424042,0.1071724221110344,-0.07492855191230774,-0.09526722878217696,0.030523870140314106,0.032593317329883575,0.11219386011362076,0.002572821918874979,0.09199558198451997,0.294698029756546,-0.04256591200828552,-0.1632358282804489,0.05447700247168541,0.08369629085063934,-0.029674790799617767,0.18924556672573087,0.1388743817806244,-0.09178584069013597,0.06364642083644867,-0.05158107355237007,0.16887085139751434,0.07773303240537643,-0.07180311530828476,-0.036388862878084176,-0.0006975617143325508,-0.1631709337234497,-0.31363710761070246,0.0486796349287033,-0.1242385283112526,-0.03490987420082092,-0.02921702899038792,0.2841312289237976,-0.006747839972376824,-0.04832143709063529,-0.14636270701885223,-0.2233156859874725,0.0014535571681335568,0.07805837690830231,0.023982563987374306,0.13402442634105682,0.049287118017673485,-0.0985349267721176,-0.01579890586435795,-0.06912849843502045,-0.10368674248456954,-0.16846966743469238,-0.10162177681922913,-0.19082555174827573,-0.08522345870733261,-0.09282317757606505,0.18131813406944275,0.1155320331454277,0.07613153010606764,0.21484696865081787,-0.03202255442738533,-0.1354287415742874,0.07381507009267807,0.07345806807279585,-0.012338848784565924,-0.07979534566402435,-0.16005446016788483,-0.02989832311868668,-0.050943970680236816,-0.33588847517967224,0.16843517124652863,0.16415630280971527,0.029140071943402287,0.020952848717570305,-0.21658168733119965,0.05389018356800079,-0.024730525910854336,-0.092169389128685,-0.1420288383960724,0.38825684785842896,-0.07236221432685853,0.14404432475566864,-0.037250272929668427,0.014183709397912024,0.051714789122343056,0.054238319396972656,-0.05346319079399109,-0.139278382062912,0.15679791569709775,-0.06534653156995773,0.2848087251186371,-0.07882533222436905,-0.07851049304008484,0.011084938421845436,0.03425362706184387,-0.06706301867961884,-0.1659621149301529,-0.06226526945829392,0.04138439521193504,0.1688745468854904
-0.05317366495728493,-0.11452093720436096,0.0670439824461937,0.14232146739959717,-0.10370049625635148,0.0,-0.022144792601466175,0.022656500339508057,-0.11714889854192732,0.009633222594857216,0.13060157001018524,-0.011606769636273384,-0.03162265196442604,-0.07402943819761276,0.04393057525157928,-0.0008851609309203922,-0.16132000088691711,0.17743182182312012,-0.015011335723102093,-0.2029467523097992,-0.024426221847534176,-0.042329352349042886,-0.04142367094755173,0.14536289870738983,-0.040487416088581085,-0.013805558905005457,-0.030604651197791096,-0.2300522178411484,-0.040567439049482346,0.02320642210543156,0.14628872275352478,0.23351098597049716,-0.023697372525930405,0.09085096418857574,-0.012465255334973335,0.041262347251176834,0.06749899685382843,-0.05534765124320984,-0.05351323261857033,-0.026314785704016685,-0.11779338121414185,-0.03169514983892441,0.04158123955130577,0.02395910955965519,-0.028448946774005886,0.029503397643566128,0.1506597101688385,-0.008297224529087542,-0.14878126978874207,0.07185674458742142,-0.1278073936700821,0.13728459179401395,-0.020384481176733967,0.09224426746368408,0.015106541104614735,0.16148482263088226,-0.22273012995719907,-0.00816011056303978,0.005726452451199293,0.0013536097249016164,-0.026913797482848167,0.08781833201646803,-0.050742954015731805,-0.20764973759651184,0.0056700040586292735,0.08505883067846298,0.19689197838306427,0.16855649650096893,-0.021647628396749496,-0.07590174674987793,0.18557317554950717,-0.008526516146957874,-0.020745243877172474,0.030699374154210087,-0.07034525275230408,-0.06265295296907425,0.15057094395160675,-0.07505302876234055,-0.09586666524410249,-0.012320438399910927,-0.12698855996131897,0.1238718256354332,0.052241947501897805,-0.02002265863120556,-0.04828443378210068,-0.06547563523054123,-0.0074011972174048415,0.1558985412120819,-0.2008073925971985,0.035375896841287606,-0.058955151587724686,0.07635474950075148,-0.0822714790701866,-0.012278739362955092,-0.02220254950225353,0.051797132939100266,-0.04571492597460746,0.01631017029285431,-0.001737520331516862,-0.035343054682016366
-0.07851070910692216,0.1315260678529739,-0.0640130415558815,-0.2075464427471161,-0.007921390235424042,-0.022144792601466175,0.0,-0.013197395019233227,0.11482776701450348,-0.03515909984707832,-0.08490166068077086,0.07524170726537704,-0.008706551045179367,0.014313540421426296,0.24484026432037356,0.3442147970199585,0.014111728407442568,-0.23187999427318573,-0.021654341369867325,0.17498567700386047,-0.14822663366794586,-0.05664434283971786,0.15805566310882568,-0.05948130786418914,-0.0824141874909401,-0.031181881204247475,-0.16228815913200378,0.0249106977134943,0.05854249745607376,-0.11043687909841536,-0.014490371569991112,-0.17282617092132568,0.01970147341489792,-0.1197044849395752,0.14191968739032745,0.1012999415397644,0.0386047437787056,0.14845527708530426,-0.2025482654571533,0.08496981859207153,0.08987447619438171,0.07044198364019394,-0.07512276619672774,-0.23530851304531095,0.05790725350379944,0.2032566964626312,-0.09065636247396468,-0.06153149902820587,-0.08110841363668442,-0.013484526425600052,0.2951333522796631,-0.13893471658229828,-0.2362118065357208,0.1759102493524551,-0.1253732144832611,0.054257359355688095,0.09242714196443555,0.05527938157320023,-0.05314158648252487,0.011898810043931007,0.01910828799009323,-0.049985188990831375,-0.015376719646155834,0.18275722861289975,-0.09742628782987593,-0.1553972214460373,-0.05609572306275368,-0.1031649112701416,0.13744181394577026,0.12576979398727417,-0.09532339125871657,0.0915794000029564,-0.20103712379932404,-0.04176505655050278,0.11385369300842284,-0.03133126348257065,-0.09527825564146042,0.05866815522313117,0.1385871022939682,-0.12257849425077438,0.13068565726280212,-0.18294321000576017,-0.02778741531074047,0.021636946126818657,-0.06354658305644989,0.06933502107858658,-0.04569362103939056,-0.058556340634822845,0.0559883788228035,-0.1424298584461212,-0.2802893817424774,0.05292193591594696,0.16522344946861267,0.05191998928785324,-0.04014081135392189,0.1006578654050827,-0.009648278355598448,-0.00997203215956688,-0.056891091167926795,0.07226066291332243
-0.0020297023002058268,-0.0171310156583786,0.18801520764827728,-0.04810856655240058,0.1071724221110344,0.022656500339508057,-0.013197395019233227,0.0,0.023905202746391296,0.09368166327476499,0.18987220525741577,-0.020049480721354485,-0.09037377685308456,-0.22192905843257904,-0.4342067837715149,-0.1601221263408661,0.2096306085586548,0.26003777980804443,0.19969898462295527,-0.41316303610801697,0.15279945731163025,-0.2180176675319672,-0.013772910460829735,-0.1429075449705124,0.02359318733215332,-0.3329493701457977,0.07851056754589082,0.0010147502180188894,0.14295338094234467,0.17138180136680603,0.11946656554937363,-0.19557124376297,-0.25118666887283325,0.09279096126556396,0.09913622587919235,-0.05279828980565071,-0.30944699048995966,-0.2273990511894226,0.17698033154010773,-0.17738571763038635,0.15832071006298065,-0.07423273473978041,-0.051514361053705215,-0.008639856241643427,0.022107645869255062,-0.025328151881694797,0.05661894381046295,-0.04847309365868568,-0.04538602754473686,-0.00176125462166965,-0.06417137384414673,0.08185285329818724,0.1062932088971138,-0.27962675690650934,-0.05706192180514336,0.02216450683772564,0.09916474670171736,-0.3337962031364441,-0.0678325667977333,-0.17664305865764615,0.03708630800247192,-0.0006795962690375745,0.21920031309127808,-0.17936931550502777,0.05240469053387642,0.05308949202299119,0.25222018361091614,-0.12392456829547882,0.06797759234905243,-0.3990159928798676,0.05853754281997681,-0.13871511816978455,-0.015171612612903118,-0.11685194075107574,-0.25088584423065186,0.28696197271347046,0.07177555561065674,0.005984996911138296,-0.309756338596344,0.3094802796840668,0.03144136443734169,0.016400646418333054,-0.12944550812244415,0.14915558695793152,0.0750344693660736,-0.06020861864089966,0.15853433310985565,-0.09384775906801224,0.01257975958287716,0.09611103683710098,0.3410925269126892,-0.136760413646698,-0.03894999250769615,-0.09139403700828552,-0.11280338466167449,0.15172645449638367,0.022725557908415794,0.019771061837673187,-0.11236408352851868,-0.2593294084072113
0.08670198917388915,-0.12627117335796356,0.037832487374544144,-0.014662479981780052,-0.07492855191230774,-0.11714889854192732,0.11482776701450348,0.023905202746391296,0.0,-0.09309687465429306,-0.016992760822176933,-0.125887393951416,0.12573730945587158,-0.09371829777956009,-0.04827532917261124,-0.0481903962790966,-0.09145232290029523,-0.053656034171581275,0.0768515467643738,0.06887789815664291,0.1876257210969925,-0.07489389181137086,-0.17701293528079987,0.007235278375446796,0.11178561300039291,0.0239625945687294,0.06772339344024658,0.05005282163619995,0.012515125796198843,-0.09589093178510666,0.01333114132285118,-0.08439220488071442,-0.07221441715955734,0.05934680998325348,-0.012430743314325808,0.035035118460655205,-0.02258971147239208,0.10396091639995574,0.03344934061169624,-0.05069747194647789,0.014806759543716908,0.09497543424367905,0.05088943243026733,-0.07864194363355635,-0.11926515400409698,-0.05107031390070915,-0.13503634929656982,0.04262830317020416,0.13160072267055511,-0.16594405472278595,-0.11960848420858385,-0.03557870909571648,0.006814044434577227,0.02994729019701481,0.08898080885410307,-0.11230735480785368,-0.06485087424516678,-0.07595718652009965,0.10873808711767197,-0.10827722400426865,-0.037320267409086234,-0.08947687596082686,0.013178844936192036,-0.16570010781288147,-0.021870618686079975,0.17313432693481445,-0.19149063527584076,0.10409609228372572,0.030991386622190475,0.10909604281187056,-0.1622251719236374,-0.002905241912230849,0.16066713631153107,0.08686247467994691,-0.011379280127584934,-0.10359878093004227,-0.0032697163987904787,-0.018294928595423695,0.2184779793024063,-0.09341688454151152,-0.11923577636480331,0.03794250264763832,0.0016066060634329915,0.03014265187084675,0.03034244477748871,-0.007440533023327589,-0.16344881057739255,-0.08723744750022888,-0.016505861654877663,-0.050589803606271744,0.16985073685646057,-0.1568574756383896,-0.01073087565600872,-0.05170268937945366,-0.03130563721060753,-0.1509464979171753,0.06524156779050827,-0.16459906101226807,0.04587989300489426,0.17298081517219543
0.1434655487537384,0.04194757342338561,-0.11981551349163055,-0.0747002512216568,-0.09526722878217696,0.009633222594857216,-0.03515909984707832,0.09368166327476499,-0.09309687465429306,0.0,0.03387885540723801,-0.047380905598402016,-0.020062290132045742,0.006909598596394062,0.10102920234203339,-0.160602867603302,-0.06421833485364914,-0.22978878021240237,-0.019849747419357296,-0.0773787871003151,0.2476065158843994,-0.08179495483636856,-0.1695196032524109,-0.025429263710975647,-0.048085615038871765,-0.19535526633262637,0.05955127254128456,0.11247259378433228,0.15249723196029663,0.009655706584453583,0.12411613017320632,-0.19112449884414673,0.053793054074049,-0.2391863316297531,0.16361612081527707,0.08760600537061691,-0.0707341879606247,0.08696530759334563,-0.043186258524656296,0.12253850698471068,0.04647383838891983,0.20328503847122192,0.03401163965463638,-0.1319616287946701,-0.14308445155620575,-0.2711764872074127,-0.03491772711277008,0.14375637471675873,-0.06473139673471451,0.03883969038724899,-0.09826619178056718,-0.050970658659935,0.04877884313464165,0.022743148729205128,0.0625283420085907,0.1325475424528122,0.04297319799661636,-0.013237026520073412,-0.03718660399317741,-0.15714895725250244,0.024701131507754322,0.016447030007839203,-0.13236850500106812,0.05884971842169762,-0.08792506158351898,-0.2044551819562912,-0.1344223916530609,-0.022204548120498657,0.018116118386387825,0.027765290811657906,0.03803256154060364,0.024512592703104016,-0.06704876571893692,0.058292564004659646,0.14044389128684995,0.01969384402036667,-0.05210087448358536,0.00391740957275033,0.17862190306186676,-0.0967232659459114,0.009923521429300306,0.07708623260259628,-0.029543807730078697,0.0937475562095642,-0.05002543702721596,-0.10770664364099503,-0.13874010741710663,-0.0869448184967041,-0.1682721376419067,-0.12069721519947052,-0.22071528434753415,-0.05111603066325188,-0.058222100138664246,-0.014582636766135693,-0.1823776066303253,-0.01597842015326023,0.13005653023719788,-0.11240825802087784,-0.031104855239391327,-0.09350549429655075
0.04107913002371788,-0.08992527425289154,-0.10839353501796722,0.14658150076866147,0.030523870140314106,0.13060157001018524,-0.08490166068077086,0.18987220525741577,-0.016992760822176933,0.03387885540723801,0.0,0.012791095301508904,0.03675897046923637,-0.21630580723285675,-0.2798871397972107,-0.008707210421562195,-0.07718380540609358,-0.29140526056289673,-0.02594437636435032,0.01285434141755104,0.09311051666736601,0.07599791139364241,0.09040851145982742,0.27655985951423645,-0.07297961413860321,-0.3284396827220917,0.0672001838684082,0.042769312858581536,-0.30519384145736694,0.022435273975133892,-0.2968912124633789,0.34163233637809753,-0.19333787262439728,0.028497640043497086,-0.08179382979869841,-0.09853188693523408,-0.1346997022628784,-0.03888619691133499,0.4127690494060516,-0.20066936314105988,-0.2998702526092529,-0.3210187256336212,0.01898772455751896,0.12453906238079072,-0.07149259001016617,0.0236058309674263,0.1371716409921646,-0.2756116986274719,-0.37122964859008795,0.0683821514248848,0.05730995163321495,-0.04174816980957985,-0.10127712041139603,-0.09263145178556442,-0.2970409691333771,-0.02145620249211788,-0.0021576143335551023,0.08930139243602753,-0.3735486268997192,0.1432780772447586,0.12465688586235046,0.026885805651545525,-0.14507770538330078,-0.11303795874118804,0.0298950020223856,0.12680864334106445,0.06001721695065498,0.20837469398975367,-0.1316002905368805,-0.2770116627216339,0.23785921931266785,-0.053347788751125336,0.32654380798339844,0.20268832147121427,-0.3363267779350281,0.15295472741127014,0.08816474676132202,-0.17300844192504883,-0.2626112699508667,0.06179439276456833,-0.1172528639435768,0.16466863453388214,-0.020917221903800964,-0.16618959605693817,-0.06958012282848358,-0.173211932182312,0.16361187398433685,0.17172522842884064,-0.11490855365991592,0.04197859391570091,0.15706218779087067,0.010926026850938795,-0.3436899483203888,0.05042562261223793,-0.017346005886793137,0.18210749328136444,-0.2969440817832947,0.13621005415916443,-0.01505815889686346,-0.03520394489169121
-0.05840708687901497,-0.09054801613092422,0.11882229149341585,0.056361239403486245,0.032593317329883575,-0.011606769636273384,0.07524170726537704,-0.020049480721354485,-0.125887393951416,-0.047380905598402016,0.012791095301508904,0.0,0.05059797689318657,0.010618903674185276,-0.2454538196325302,0.04681599885225296,-0.26036521792411804,0.1656137853860855,-0.03285073861479759,-0.26946938037872314,-0.1548805981874466,0.04585233330726624,-0.01717095449566841,0.01818566024303436,-0.013033444993197916,-0.061925247311592095,-0.042015556246042245,-0.328275203704834,0.10345540195703506,-0.1395251452922821,0.1526498645544052,0.22326719760894773,0.18592602014541623,0.3215788304805756,0.027258001267910004,-0.04214749112725258,0.1410415768623352,0.06454911828041077,-0.08348998427391052,-0.18756030499935153,-0.3352740406990051,-0.1852369159460068,-0.05197856947779656,0.12006092071533205,0.07306791841983795,0.22294901311397552,0.05237957462668418,-0.08708764612674713,-0.01744609698653221,0.056082878261804574,-0.20927293598651883,0.1488124132156372,-0.07892920076847075,-0.09147404134273528,-0.01632230542600155,-0.07165017724037169,-0.09458021819591522,-0.052500858902931206,0.16101568937301636,-0.04075099527835845,-0.004878641571849585,-0.1616867184638977,0.2758145928382873,-0.3271194696426392,0.11513751745224,0.46475240588188166,0.306632936000824,0.0029183647129684687,-0.015156025998294352,0.012227640487253664,0.04556764289736748,0.11524701118469238,-0.18205024302005768,-0.15343570709228516,-0.1097048744559288,-0.06264585256576538,-0.19950714707374567,-0.008828148245811462,-0.4732866287231445,-0.10704940557479858,-0.006970997899770737,-0.06438882648944855,0.07742924243211746,-0.17386223375797272,0.05360972136259079,-0.07440716028213502,0.01928502321243286,0.1705782562494278,0.11345650255680084,0.057491485029459,0.06415222585201263,-0.004980789963155985,0.0669456496834755,0.016656694933772087,0.12073650956153868,0.0691102147102356,-0.30340465903282166,0.031678456813097,-0.03144388273358345,0.030737658962607384
-0.11521116644144058,0.05908913537859917,-0.23579764366149905,0.21451185643672943,0.11219386011362076,-0.03162265196442604,-0.008706551045179367,-0.09037377685308456,0.12573730945587158,-0.020062290132045742,0.03675897046923637,0.05059797689318657,0.0,0.20851294696331024,-0.05098501592874527,-0.20591008663177487,-0.20868898928165436,0.06489652395248413,-0.29862627387046814,-0.04837808385491371,-0.26823559403419495,0.37318277359008795,0.0062475441955029964,0.24924263358116147,0.020748076960444447,-0.08203719556331633,0.027563540264964104,0.21875035762786865,-0.25995329022407526,-0.07031694799661636,-0.30605050921440125,0.460706502199173,0.035092297941446304,0.15589947998523712,-0.31250450015068054,-0.38824781775474554,0.2606782615184784,-0.04390217363834381,0.5075324773788452,-0.19349996745586395,-0.24717777967453,-0.34855183959007263,0.031107598915696144,0.3548906743526459,0.03787747025489807,0.010176734998822212,0.018090231344103813,-0.15960615873336792,0.07700660824775696,0.15774698555469513,0.15392671525478363,0.022056378424167637,0.11868037283420561,-0.28648984432220453,-0.11689558625221252,-0.2758081555366516,-0.11368470638990402,0.4609294235706329,-0.18641534447669983,0.09344497323036192,0.2799537777900696,-0.16682469844818115,-0.0525600016117096,0.07628872990608214,0.04606208950281143,-0.03176859766244888,0.0702056735754013,-0.023391438648104668,-0.5046803951263428,0.24073198437690732,0.37115243077278137,0.14403885602951047,0.08801667392253876,-0.039770476520061486,-0.1324557662010193,-0.010673132725059986,-0.1570572555065155,-0.14845529198646543,-0.4160711467266082,0.15869472920894623,-0.02415074408054352,0.014492886140942572,0.08526478707790375,-0.2977170646190644,-0.03576130047440529,0.020002882927656174,0.05028729140758514,0.09520430117845537,0.36485025286674494,0.24819231033325195,0.05166161432862282,-0.016580922529101372,-0.1810927540063858,0.07064202427864075,0.050927601754665375,-0.02458825707435608,-0.18261788785457608,0.09219213575124739,0.00502023845911026,-0.2611369490623474
0.09717510640621184,-0.06494361162185669,-0.14114658534526825,-0.0006726353312842548,0.002572821918874979,-0.07402943819761276,0.014313540421426296,-0.22192905843257904,-0.09371829777956009,0.006909598596394062,-0.21630580723285675,0.010618903674185276,0.20851294696331024,0.0,0.04020337015390396,-0.06371002644300461,-0.14320477843284607,-0.03596939519047737,-0.09505297243595123,0.24632564187049863,-0.17327092587947843,0.04447528719902039,-0.002255357103422284,0.04722637683153152,-0.020914422348141674,-0.05822303146123886,-0.02853129804134369,-0.03150256350636482,-0.15396572649478912,-0.12475696951150894,-0.27198925614356995,0.109247088432312,-0.11248459666967392,0.15659984946250916,0.006243439856916666,-0.16173520684242249,0.07857111841440202,-0.0030176769942045207,0.19498813152313232,-0.0915590450167656,-0.2672606110572815,-0.024439629167318344,-0.058318570256233215,0.07452140003442764,-0.006791193038225174,0.04549769312143326,-0.008396439254283905,-0.1725422888994217,0.09503206610679625,0.08159439265727997,-0.005594754591584206,0.019340433180332184,-0.03640400618314743,-0.11040708422660828,0.007195628248155117,-0.27675536274909973,0.06793341040611267,0.20064415037631989,-0.06071223318576813,0.08364012092351913,0.04596365243196488,-0.1318846046924591,-0.14529331028461456,0.1423833817243576,-0.11807794868946075,-0.07748305797576904,-0.1519106477499008,0.06574422866106033,-0.3214626908302307,0.0430888868868351,0.1327095925807953,0.03013229928910732,-0.1014033555984497,-0.07111690938472748,-0.12950128316879272,0.058855779469013214,-0.17836691439151764,-0.04435418918728829,-0.18050821125507355,0.051619838923215866,-0.010364831425249577,-0.10155881941318512,0.004656538367271423,-0.1632290482521057,-0.011400084011256695,-0.17896385490894315,0.005552450194954872,0.09999311715364456,0.03653157129883766,-0.007029582746326923,0.2703780233860016,-0.16803286969661713,-0.03532634302973747,0.005050205159932375,0.08953359723091125,0.02757676318287849,-0.2664453983306885,0.1762593239545822,0.0133603373542428,-0.00794604979455471
-0.0063917129300534725,-0.16702117025852203,0.007088742218911648,0.11011385172605515,0.09199558198451997,0.04393057525157928,0.24484026432037356,-0.4342067837715149,-0.04827532917261124,0.10102920234203339,-0.2798871397972107,-0.2454538196325302,-0.05098501592874527,0.04020337015390396,0.0,-0.1236308142542839,-0.22111913561820984,0.293181449174881,0.16364632546901703,-0.03391784802079201,-0.18159095942974088,0.04016220197081566,-0.050209619104862206,0.045143797993659966,0.06679139286279678,0.29552692174911493,-0.03522603586316109,0.11009423434734344,-0.3126972615718841,-0.10122840851545332,-0.15573810040950775,0.19487629830837247,0.4389824271202088,0.0293000191450119,0.008180970326066017,0.053864941000938416,0.005244901403784752,-0.016640620306134224,-0.0426819585263729,-0.04562191292643547,-0.192112609744072,0.15951454639434814,0.0009094271808862686,-0.07244716584682465,0.01736406981945038,-0.17832930386066437,0.11335410922765732,-0.1420000046491623,0.16836626827716827,0.11010963469743729,-0.37958040833473206,0.11038973182439804,-0.13651123642921448,0.18521152436733243,-0.1698676496744156,-0.03965672105550765,-0.14613977074623108,0.12650835514068604,0.28948733210563654,0.07973425090312956,-0.06977403163909912,0.1616421490907669,-0.15257824957370758,-0.1494055688381195,-0.08958756178617477,0.24753682315349576,-0.0671188086271286,0.03091984614729881,-0.003128279000520706,0.3864021301269531,-0.08364494144916534,0.020125737413764,0.18761375546455383,0.0737580731511116,0.09095406532287596,-0.40249538421630854,0.06974038481712341,-0.03264936059713364,-0.02843727730214596,-0.18275704979896543,0.06919804215431213,-0.06852822005748749,0.04506362602114677,-0.004972777329385281,-0.21995899081230164,0.07968874275684355,-0.12727580964565277,0.021099505946040157,0.05394944176077843,-0.06619693338871002,0.0642172247171402,0.04680179059505463,-0.07706847041845322,-0.046989645808935165,0.07811088114976883,0.13164642453193665,-0.05052157491445541,0.17522795498371124,0.06000463292002678,0.0204133465886116
0.10180535912513732,-0.44651430845260626,0.15757906436920166,0.10565786063671112,0.294698029756546,-0.0008851609309203922,0.3442147970199585,-0.1601221263408661,-0.0481903962790966,-0.160602867603302,-0.008707210421562195,0.04681599885225296,-0.20591008663177487,-0.06371002644300461,-0.1236308142542839,0.0,-0.13806627690792084,-0.10026881843805312,0.08865922689437866,-0.1129092425107956,0.03836047649383545,0.22566008567810056,-0.1210128590464592,0.277922123670578,0.10004715621471404,-0.11094950884580612,0.17710746824741364,0.081958569586277,-0.4351773262023926,-0.272080510854721,0.07734486460685731,-0.02028302475810051,0.3235629200935364,0.3475325107574463,-0.16967038810253143,-0.06985438615083694,0.25934746861457825,0.08149811625480653,0.163421168923378,-0.3543534576892853,-0.6351920366287231,-0.2711695730686188,-0.036164797842502594,0.15446510910987854,0.011758603155612944,-0.1228664144873619,0.053349871188402176,-0.08253746479749678,-0.18798483908176425,0.14244593679904935,-0.5519682168960571,-0.010798162780702114,-0.25878822803497314,0.027397932484745976,-0.35564643144607544,-0.14756174385547635,-0.005555300507694483,-0.15595869719982147,0.4764420390129089,-0.01298209186643362,-0.1011785939335823,0.03197908401489258,0.10461438447237013,-0.24441212415695193,0.027817273512482643,0.4321035146713257,-0.1107458844780922,0.07166534662246704,-0.05211685970425606,-0.06497224420309067,-0.21939201653003687,-0.04434504359960556,0.3681873083114624,0.15751756727695465,-0.33010900020599365,-0.2539341151714325,0.10957754403352736,-0.18186914920806885,-0.4591433107852936,-0.21747174859046936,0.13758732378482819,-0.01618322916328907,0.06558670848608017,-0.08127604424953459,-0.285072922706604,0.13158823549747467,-0.3024088740348816,0.31712618470191956,-0.05786079913377762,-0.035645034164190285,0.4189216196537018,0.058082938194274895,-0.21298612654209137,-0.03874867781996727,0.17351245880126953,-0.0834299400448799,-0.3640658855438232,0.12298791110515594,0.3243834376335144,0.04469710960984231
0.1561848670244217,0.03871596604585648,-0.008418344892561436,-0.16954506933689115,-0.04256591200828552,-0.16132000088691711,0.014111728407442568,0.2096306085586548,-0.09145232290029523,-0.06421833485364914,-0.07718380540609358,-0.26036521792411804,-0.20868898928165436,-0.14320477843284607,-0.22111913561820984,-0.13806627690792084,0.0,0.0068289078772068015,0.1787414103746414,0.3957040309906006,0.12338529527187347,-0.027940865606069565,-0.0367804616689682,-0.14283667504787445,0.11157021671533585,-0.17335642874240875,-0.007104541640728712,-0.09133984893560408,-0.15606117248535156,0.17138852179050443,-0.19285930693149567,-0.06899454444646835,-0.1976057440042496,-0.20142336189746857,0.054697055369615555,0.04111970961093903,-0.43312251567840576,-0.05417862161993981,0.2476836442947388,0.02774159982800484,0.06043221801519394,0.040584232658147805,-0.14513835310935974,0.1773813962936401,0.011929580941796303,-0.0962553024291992,-0.08256036788225174,0.08046431839466096,-0.1396110951900482,-0.0702851340174675,0.13204900920391083,-0.13988979160785675,-0.06849846988916397,0.17594453692436218,0.022130601108074188,0.11133410781621932,0.08250781148672102,-0.29090195894241333,-0.1357055902481079,0.1802317500114441,0.04309167340397834,0.2504458725452423,-0.021664077416062355,-0.0594826377928257,0.05467817559838295,-0.21950034797191617,-0.22793108224868772,0.1531485021114349,0.02804096788167953,-0.6223706007003784,-0.3872655928134918,-0.1752573549747467,0.2201910763978958,0.19046498835086825,-0.0849199667572975,0.009504121728241444,0.20659510791301727,0.04490160569548607,-0.11320913583040236,-0.1343259960412979,0.12417390197515488,0.28498929738998413,-0.0950937122106552,0.02869889698922634,-0.1826868951320648,0.11368115991353989,0.0889877900481224,0.19121751189231873,-0.07183133065700531,-0.19606781005859372,0.43717476725578314,-0.27449825406074524,-0.19989164173603055,-0.028009533882141117,0.025524571537971497,0.08574967831373215,0.06502959132194519,-0.33642494678497314,-0.1252559870481491,-0.009555945172905922
0.15857787430286407,0.1539883017539978,-0.3705814480781555,-0.03835474327206612,-0.1632358282804489,0.17743182182312012,-0.23187999427318573,0.26003777980804443,-0.053656034171581275,-0.22978878021240237,-0.29140526056289673,0.1656137853860855,0.06489652395248413,-0.03596939519047737,0.293181449174881,-0.10026881843805312,0.0068289078772068015,0.0,-0.06699255108833313,0.3540804982185364,0.34070706367492676,-0.1306992620229721,-0.07173657417297363,-0.024306047707796097,-0.13943947851657867,-0.07075946778059006,0.10238657891750336,0.1279916912317276,-0.048541609197855,0.2267731875181198,0.007219611667096614,0.32380345463752747,-0.155648872256279,-0.5149760842323303,0.09166423976421356,0.036405835300683975,-0.26310563087463373,0.4260729849338531,-0.21003237366676328,0.4991638958454132,0.03780431672930717,0.04978546872735024,0.15317589044570923,-0.23382303118705747,-0.23935942351818085,-0.16305574774742126,0.228845477104187,-0.2415410131216049,0.020256329327821728,-0.1667131930589676,0.14635339379310608,-0.12526729702949524,0.042272958904504776,0.0900801569223404,0.1283033788204193,0.30048641562461853,0.11929068714380264,0.20161668956279755,-0.528617799282074,0.31014013290405273,-0.12421856820583344,0.2630078792572021,-0.42326995730400085,0.17350980639457703,0.1608642041683197,-0.4731430113315582,-0.42124554514884954,-0.036951303482055664,0.06156669184565544,0.5623959302902222,-0.12376940250396729,-0.09673400968313216,0.01045585423707962,0.26988640427589417,0.2341716438531876,-0.014936394058167934,0.09499229490756989,0.1710304170846939,0.31226611137390137,0.18349225819110873,-0.14047887921333313,0.2209919095039368,-0.0799693688750267,0.22621405124664304,-0.004370342940092087,-0.25066494941711426,0.011386397294700144,-0.16280135512351987,-0.3596525192260742,-0.21333901584148407,-0.7401823997497559,-0.010398223996162415,-0.02949431724846363,0.16091646254062653,-0.33729758858680725,0.11499486863613129,0.23564675450325007,-0.1147702857851982,-0.35267552733421326,0.30111685395240784
-0.01547571923583746,0.0628950372338295,0.11150647699832916,-0.21093152463436127,0.05447700247168541,-0.015011335723102093,-0.021654341369867325,0.19969898462295527,0.0768515467643738,-0.019849747419357296,-0.02594437636435032,-0.03285073861479759,-0.29862627387046814,-0.09505297243595123,0.16364632546901703,0.08865922689437866,0.1787414103746414,-0.06699255108833313,0.0,-0.2395591139793396,0.09286727011203763,-0.06698647886514664,-0.06256330013275145,-0.20014098286628723,0.07720117270946503,0.1337328255176544,0.07983871549367905,0.05046299472451209,0.21221898496150968,0.09518429636955261,0.3454053401947021,-0.2675520479679108,-0.06701496243476868,-0.09968660771846771,0.004585354123264551,0.0932360365986824,-0.123629629611969,0.0605488196015358,-0.4032718241214752,0.14859716594219208,0.3118305504322052,0.05363864451646805,0.04455029964447021,-0.15882396697998047,-0.04438589885830879,-0.17724965512752533,0.05289706587791442,0.04935261234641075,0.045097395777702325,-0.2304380089044571,-0.1714692860841751,-0.02862369269132614,0.042168870568275445,0.06449438631534576,0.08521606773138046,0.1689448207616806,-0.09323988854885101,-0.31012108922004694,0.08707844465970993,0.007335389498621225,-0.22048762440681455,0.14616777002811432,0.17431087791919708,-0.19609549641609192,0.19680562615394592,-0.05439386516809464,0.1975233554840088,-0.05565795302391052,0.23352414369583127,-0.042018115520477295,-0.11936116218566895,-0.2028111815452576,0.04152154177427292,-0.0039944788441061965,0.03400351479649544,-0.09674835950136185,0.044011984020471566,0.01187305711209774,0.2310248017311096,0.0733797401189804,0.010597044602036476,-0.05866883322596549,-0.05489427596330643,0.23667550086975095,0.027925282716751095,0.245215967297554,-0.14070527255535123,-0.19984284043312073,0.021933408454060555,-0.11436420679092409,-0.16320529580116272,0.05872402712702751,0.14420613646507263,-0.08197662234306334,-0.08138315379619598,-0.1402846723794937,0.2815162241458893,-0.15097026526927948,-0.040738992393016815,0.1654796600341797
