0,1,2,3,4,5,6,7,8,9,10,11,12,13,14,15,16,17,18,19,20,21,22,23,24,25,26,27,28,29,30,31,32,33,34,35,36,37,38,39,40,41,42,43,44,45,46,47,48,49,50,51,52,53,54,55,56,57,58,59,60,61,62,63,64,65,66,67,68,69,70,71,72,73,74,75,76,77,78,79,80,81,82,83,84,85,86,87,88,89,90,91,92,93,94,95,96,97,98,99
0.0,-0.1148003712296486,0.050159845501184464,-0.35218846797943115,-0.08433397859334946,0.21308219432830808,-0.017454180866479874,0.0074467072263360015,-0.0010292638326063752,0.08279583603143693,-0.06789302825927734,-0.12268921732902525,-0.16926245391368863,-0.11789549887180328,0.10339698195457458,-0.07853426784276962,-0.2451655566692352,0.14307060837745667,0.4023158550262451,-0.056789498776197433,0.08945348858833313,0.24320726096630096,-0.44548067450523376,-0.09708604216575623,-0.34645444154739374,-0.06933214515447617,-0.07326040416955949,-0.03545840084552765,0.19359625875949857,-0.11847779154777525,-0.36959236860275274,0.24162785708904264,-0.27626022696495056,-0.18543460965156555,0.07620897144079208,-0.15552203357219696,0.09398719668388367,-0.41448232531547546,0.16817517578601837,-0.10735269635915756,-0.020274441689252853,-0.22080282866954803,0.15710909664630887,0.053768116980791085,-0.054231055080890656,-0.1559343785047531,-0.022943357005715367,-0.10492942482233047,-0.03863109275698662,-0.01996111124753952,-0.32231765985488886,0.026900403201580048,0.09200714528560638,0.5519994497299193,-0.09819959104061127,0.0008029196178540587,0.03139404207468033,-0.0435670018196106,0.2718501687049866,0.018751580268144608,0.13260842859745023,0.08777506649494171,0.07006892561912537,0.06229969859123229,-0.25677061080932617,0.005320128984749317,0.2275795340538025,-0.14653237164020538,0.0765143632888794,0.023242970928549767,-0.21195936203002927,-0.23928481340408325,0.1777745634317398,0.1962212026119232,0.1782018393278122,-0.13897760212421417,-0.23920598626136777,-0.21842692792415616,-0.06614451855421066,0.15415889024734497,0.006093946285545826,-0.1741841584444046,0.3544192910194397,0.05110018700361252,-0.08235271275043486,0.091633103787899,0.13391870260238647,-0.3106381893157959,0.01733921468257904,-0.26437562704086304,0.06824851781129837,-0.43582823872566223,0.2571534514427185,-0.05706441029906273,0.1449788212776184,0.03181873634457588,0.026874300092458725,0.24586001038551328,-0.21325021982192996,0.16864024102687836
-0.1148003712296486,0.0,-0.04430072754621506,-0.09633148461580275,-0.012017171829938889,-0.044646184891462326,0.13700337707996368,0.007223555352538824,0.0059977127239108086,-0.0019108615815639492,-0.055353384464979165,-0.18085744976997373,-0.041200894862413406,-0.04605112969875336,0.014831021428108215,-0.003191573778167367,0.06555511802434921,-0.062425676733255386,0.09261183440685272,0.005357961170375347,-0.02488950453698635,0.00858835130929947,0.028151672333478928,0.07158342003822327,0.08092670142650604,0.18733097612857816,0.07485511898994444,-0.1047019585967064,-0.034150011837482445,-0.08732835948467255,0.06714501231908798,0.07570145279169081,0.06000767275691032,-0.04269082471728325,-0.007496844511479139,-0.039980046451091766,0.04974165558815002,-0.35134702920913696,0.0661744549870491,-0.17636892199516296,0.10737482458353043,-0.1341438591480255,-0.062478993088006966,-0.03568824380636215,0.12174152582883833,0.02957106940448284,-0.14477886259555817,0.00018706465198192743,-0.04243061691522598,0.04292203113436698,0.3362216651439667,-0.33090329170227045,0.07976911962032318,-0.11661411821842192,0.20522840321063995,-0.13911116123199463,0.03758548200130463,-0.0162330474704504,-0.15772435069084167,0.10907281935214996,-0.017199687659740448,0.00025985363754443824,-0.015033560805022717,-0.18027956783771515,0.02807638421654701,-0.0033062074799090624,-0.07858530431985854,0.03789423033595085,0.032509636133909225,-0.03149748593568802,-0.03955277055501938,-0.266966849565506,-0.10937389731407164,0.11675084382295609,0.10987231135368349,0.0692148208618164,-0.06734947115182877,0.21993517875671384,-0.07993771135807037,-0.15284675359725952,-0.07873561233282089,0.04564082249999046,-0.1917201280593872,0.02225998975336552,-0.08884967118501662,0.07810825109481812,-0.07849706709384918,-0.01657966710627079,-0.009083610028028488,0.022721298038959503,0.06722137331962585,-0.08890886604785918,0.09647613018751144,0.007962742820382118,0.0764557272195816,0.005573627073317766,0.2154206484556198,-0.2184792160987854,0.13252937793731687,-0.14116379618644714
0.050159845501184464,-0.04430072754621506,0.0,0.09157218039035796,-0.07011553645133972,0.06184606626629829,-0.11957516521215437,-0.0116330673918128,0.05418606847524642,-0.012310543097555636,0.02773166447877884,0.07660068571567534,-0.01936782523989677,-0.21701174974441528,0.05077975243330002,0.019569795578718185,-0.09424159675836563,0.05913858488202095,0.18435947597026825,-0.12876754999160767,0.023748049512505528,0.08783581107854843,-0.19816420972347257,-0.04707276076078415,-0.05923103913664818,-0.09350201487541199,0.009419557638466358,-0.15516917407512665,0.1863994300365448,-0.006092205177992582,-0.05674860998988152,-0.12289199978113174,-0.1998921185731888,-0.09424865245819092,0.1050916388630867,0.030621318146586415,0.002708176616579294,0.08456428349018097,-0.102490596473217,0.0688345804810524,0.020083002746105198,-0.06578890234231949,0.06255657225847244,0.15814779698848724,-0.07477981597185136,-0.04945644736289977,-0.08094223588705063,-0.03965655714273453,-0.0670323520898819,-0.07128296047449112,-0.08822014927864073,0.047645732760429375,-0.053619205951690674,0.148407444357872,-0.11438918113708496,0.11402199417352676,-0.11979767680168152,0.07805974036455153,0.14826154708862305,-0.06982696801424025,0.08536047488451005,-0.10002844035625456,-0.062284547835588455,0.14511868357658386,-0.16382183134555817,0.057484161108732224,-0.036457449197769165,-0.12116079032421112,0.08650729805231094,0.061831895262002945,0.1420563757419586,-0.02823830023407936,0.20945507287979123,0.00885045900940895,-0.06123217940330505,0.04690707474946976,-0.21814362704753876,0.050989799201488495,0.037635806947946555,-0.1242065504193306,-0.093936525285244,-0.035530369728803635,0.2566884756088257,-0.10483933985233305,-0.07665664702653885,0.12892016768455505,0.03444232791662216,-0.038006868213415146,0.06380749493837357,0.004306014161556959,0.22699865698814392,0.019172362983226776,0.07613523304462431,-0.10816770792007446,-0.08859148621559143,-0.11075986176729202,-0.2591797113418579,0.015628961846232414,-0.10804495960474014,0.0618325024843216
-0.35218846797943115,-0.09633148461580275,0.09157218039035796,0.0,0.2105529755353928,-0.031112294644117355,0.17580214142799375,0.006440447177737951,-0.04084174707531929,0.07810124009847641,-0.16135230660438535,0.039269797503948205,0.08980616182088853,0.18575158715248108,-0.0784633606672287,-0.01100357249379158,0.029147574678063393,-0.23129431903362277,-0.21672494709491727,0.21205078065395355,0.17275957763195035,-0.17159342765808103,0.2150362581014633,0.04276356101036072,-0.14753848314285278,0.027311211451888084,-0.12883728742599487,0.20189134776592252,-0.503525972366333,-0.1860927790403366,-0.08583047986030577,0.1395135521888733,0.21861352026462555,0.10666199028491972,0.07230208069086073,-0.16772496700286865,-0.024025933817029,0.11827147006988524,-0.02395254746079445,-0.12810267508029935,0.19573459029197687,0.16534267365932465,-0.27668192982673645,-0.29231518507003784,0.03616590052843094,0.04326899349689484,-0.03594139218330383,-0.1279374063014984,0.19781035184860227,0.1085650324821472,-0.04234227165579796,0.1395358443260193,-0.08051065355539322,-0.01095634140074253,-0.17971554398536682,0.06717822700738907,0.33099862933158875,-0.2733059525489807,-0.3368210196495056,0.025162244215607643,-0.09894043952226639,0.05610693246126175,0.06963121891021729,-0.348641574382782,0.006234022788703442,0.06803004443645477,0.010552085936069489,0.16013328731060028,-0.23586048185825348,-0.07364936172962189,-0.09448609501123427,0.15749679505825043,-0.20375141501426697,0.02847553975880146,-0.20274969935417173,0.14311003684997559,0.3237951993942261,-0.14761941134929657,-0.22142338752746585,0.27175581455230713,0.17101657390594482,-0.09165596961975096,-0.3728114664554596,-0.03420225530862808,0.11396890878677368,-0.09293678402900697,-0.13905400037765503,0.2165190875530243,-0.08088409155607222,-0.10869240760803223,-0.24179369211196897,0.16071978211402893,-0.31307950615882874,0.11677520722150803,0.09235328435897827,0.057947300374507904,0.3160895109176636,-0.21884785592556,-0.019123068079352375,-0.08541272580623625
-0.08433397859334946,-0.012017171829938889,-0.07011553645133972,0.2105529755353928,0.0,0.07710347324609756,0.11382690817117692,-0.053029898554086685,-0.013725419528782368,0.05006550997495651,-0.1648590117692947,0.15342414379119873,0.16190971434116364,0.003800657112151384,0.09733101725578307,-0.1692693382501602,-0.1799405068159103,0.12450043112039566,-0.006716081872582436,0.09115226566791534,0.149488165974617,0.0830034464597702,-0.1358301341533661,-0.2439077794551849,-0.14500412344932556,-0.09078792482614516,-0.1838697046041489,-0.19753761589527127,-0.06709123402833939,-0.1565697342157364,-0.3352647125720978,-0.09294799715280531,-0.047564689069986336,0.034020289778709405,0.1663043349981308,-0.1777258962392807,-0.1772134155035019,0.09112824499607086,0.05988458544015884,0.30715811252593994,-0.13695786893367767,-0.007348287384957075,-0.01648877002298832,-0.08180990815162657,0.12819750607013702,0.03551837056875229,-0.069318488240242,-0.055142391473054886,-0.03676385432481766,-0.1070413738489151,0.0008851415477693082,0.231516107916832,-0.10156357288360596,-0.01937534101307392,-0.17916028201580048,-0.12620149552822113,-0.06631523370742798,-0.09977300465106963,-0.10528399050235748,-0.08949972689151765,0.09253266453742981,-0.10438958555459976,0.11864177137613297,-0.14312727749347687,-0.11563406884670256,0.04939586296677589,0.08715672791004181,-0.09762515872716904,0.1305483430624008,-0.02033980377018452,-0.06447920203208923,0.09677232056856157,-0.0694744884967804,-0.07327333092689514,-0.10536243766546248,0.0990871414542198,0.0628810003399849,-0.022719640284776688,0.008600009605288506,-0.19289542734622955,-0.052937325090169914,-0.2125614434480667,0.05074456334114075,-0.12707658112049103,0.003897236194461584,0.06309016048908234,0.10076307505369186,0.031084345653653145,0.16050437092781067,0.025616392493247982,0.2820301949977875,0.27315089106559753,-0.20401957631111145,0.0559014268219471,-0.008836454711854458,0.09246796369552611,0.041875701397657394,-0.019898034632205963,0.026157340034842488,0.059458378702402115
0.21308219432830808,-0.044646184891462326,0.06184606626629829,-0.031112294644117355,0.07710347324609756,0.0,0.09869802743196487,-0.05413668230175972,-0.03262148052453995,0.11716742068529128,-0.14090523123741147,-0.15059155225753784,-0.05635704472661018,-0.006223355885595083,0.10704005509614944,-0.12012669444084167,-0.14665023982524872,0.12024669349193572,0.20467910170555115,0.04971257597208023,0.1225683018565178,0.14637969434261322,-0.2356470376253128,-0.041897699236869805,-0.177732452750206,0.05977412313222885,-0.0745902732014656,-0.034681372344493866,0.035300105810165405,-0.10895946621894836,-0.08964253216981888,0.24330957233905792,-0.22628708183765409,-0.08780162036418913,0.1301962286233902,0.017152074724435806,-0.05468568578362465,-0.3940817713737488,0.12418337911367416,-0.06497945636510849,-0.1124240905046463,-0.1527002602815628,0.15579017996788025,-0.01729939877986908,-0.007983525283634663,0.05814868956804276,-0.018014663830399517,-0.0036210136022418737,-0.09878938645124435,0.004939946811646223,0.050602175295352936,-0.0556257851421833,-0.034729305654764175,-0.0025253836065530777,-0.06885747611522675,-0.09815575927495955,-0.10376235842704772,-0.00945525337010622,0.14152143895626068,-0.019926598295569416,0.006686100270599127,0.20821157097816467,-0.011883089318871498,-0.0375327505171299,-0.16964370012283325,0.010922012850642204,0.11805427074432372,0.022850181907415393,0.07792606204748154,-0.12530963122844696,-0.19784870743751523,-0.14540313184261322,0.024591499939560887,0.10827840864658356,0.14563392102718353,-0.02621796168386936,-0.03861430287361145,-0.10296818614006042,-0.020508022978901863,0.06436347216367722,-0.014295914210379124,-0.07058347016572952,0.19621671736240384,-0.0030431700870394702,-0.12452467530965804,0.15305568277835843,0.0854809507727623,-0.3610948324203491,-0.07474079728126524,0.010598961263895035,0.16199485957622528,-0.38624969124794006,0.125453844666481,-0.005263373255729675,0.002620789920911193,0.03472311794757843,0.008953249081969261,0.16209876537322998,0.00828843005001545,0.05076974257826805
-0.017454180866479874,0.13700337707996368,-0.11957516521215437,0.17580214142799375,0.11382690817117692,0.09869802743196487,0.0,-0.05012628808617592,-0.02484550140798092,0.0202398169785738,-0.19497038424015045,0.01677839457988739,0.22476801276206967,0.1675724685192108,0.09418228268623352,-0.15789981186389923,0.056933924555778496,-0.017084889113903046,-0.1924593597650528,0.10817507654428482,0.11684411019086836,-0.07343088835477829,0.07375901192426682,-0.11670701205730438,-0.10048095881938934,0.019333494827151295,-0.10759777575731276,0.06520263105630875,-0.09996221214532851,-0.16413815319538116,0.1273571103811264,0.14692622423171997,-0.04084856808185577,0.1172373592853546,0.11377908289432524,0.01245283242315054,-0.026635680347681046,0.028874266892671585,0.08269928395748137,0.1269276738166809,-0.1815059185028076,-0.010795422829687595,-0.12200415879487991,-0.2105722427368164,0.11694718152284622,0.04415574669837952,-0.009613411501049997,0.161915585398674,-0.006093020550906657,-0.28019848465919495,0.03125101700425148,0.009517785161733629,0.12437885254621504,-0.2706133723258972,-0.12271183729171752,-0.0749092698097229,0.1253284513950348,-0.137362539768219,-0.12531723082065582,0.08996000140905379,-0.05948835611343384,-0.056386590003967285,0.003010711865499616,-0.17202156782150269,-0.007116973400115967,-0.00956219993531704,0.03619919717311859,0.09310953319072723,-0.029987791553139687,-0.03190871700644493,-0.1165529042482376,0.10100134462118147,-0.2495523393154144,0.01717444695532322,-0.03478475660085678,0.01133937481790781,0.005563490558415651,-0.034963566809892654,0.05418331176042557,-0.1800169199705124,-0.03770854696631432,-0.10190802067518234,-0.14338617026805875,-0.05086663365364075,0.04375946894288063,0.011429429054260252,0.06435315310955048,0.027042804285883904,-0.049105659127235406,0.2164317071437836,-0.1810915321111679,0.09035505354404448,-0.30950480699539185,0.2133283764123917,-0.027364159002900124,-0.0799890086054802,0.1591522991657257,-0.04998720437288284,0.15247932076454163,0.10744407773017885
0.0074467072263360015,0.007223555352538824,-0.0116330673918128,0.006440447177737951,-0.053029898554086685,-0.05413668230175972,-0.05012628808617592,0.0,0.033520445227622986,-0.0483878068625927,0.02074954286217689,0.07154110819101334,-0.13247109949588776,-0.15140971541404724,0.02762799710035324,0.12111033499240877,0.0004971103626303375,0.005066501442342997,0.045811690390110016,-0.12292989343404769,-0.07676193118095398,0.0492161326110363,0.0024189783725887537,-0.019631069153547287,0.07006806880235672,-0.0394195131957531,0.07157701998949051,0.08576053380966185,0.01924543268978596,0.08550458401441574,0.026272516697645187,0.008200571872293949,0.009643916971981524,-0.17022818326950073,-0.05292203649878502,0.07883263379335403,0.012784650549292564,-0.02339952625334263,-0.057459630072116845,-0.1843068599700928,-0.00545614305883646,-0.030701907351613045,-0.0006946887588128448,0.005947360303252936,-0.04436932131648064,-0.038948796689510345,-0.017169009894132614,-0.03179214149713516,0.0466141439974308,0.17561632394790647,0.01364419050514698,-0.06997393816709518,-0.01549459621310234,0.10815535485744476,-0.04336769506335258,0.06948059797286987,0.04234086722135544,0.1366550475358963,0.04445290565490723,0.12404727935791016,-0.15456363558769226,-0.015266289934515951,-0.00936997588723898,0.06470737606287003,0.09604284912347792,-0.13735514879226685,-0.02878284268081188,0.02575695887207985,-0.09097719937562943,0.08371279388666153,0.046013228595256805,0.001472274656407535,0.03508693352341652,0.0746109262108803,-0.04847164079546928,-0.11407987028360365,0.11759836226701736,0.009183626621961592,0.04589543864130974,0.032663751393556595,0.035533297806978226,0.03678280860185623,0.07657939195632935,-0.03518880903720856,-0.1312197595834732,-0.11692901700735092,-0.024425474926829335,0.07521721720695494,-0.09636522084474564,-0.006040208041667937,-0.21696309745311737,-0.14484083652496335,0.1779610365629196,-0.06403794884681702,-0.0535636842250824,-0.088642381131649,-0.06116916611790657,0.10180626064538956,-0.20185133814811704,-0.09623514115810394
-0.0010292638326063752,0.0059977127239108086,0.05418606847524642,-0.04084174707531929,-0.013725419528782368,-0.03262148052453995,-0.02484550140798092,0.033520445227622986,0.0,0.02637907303869724,0.09643395990133283,-0.07126915454864502,-0.18801455199718475,0.14425553381443024,0.005949821788817644,0.01883766241371632,-0.1284026801586151,0.10238528996706008,0.08852510154247285,-0.20678168535232544,-0.18008506298065183,-0.053162582218647,0.010199119336903095,-0.20375609397888184,-0.045873451977968216,-0.014939235523343086,0.09422843903303145,-0.09988000988960266,0.11109311878681181,0.06203000992536545,-0.17124101519584656,-0.18993911147117612,0.16057457029819489,0.04575386270880699,-0.15161488950252533,-0.04123596474528313,-0.1525515913963318,-0.09913291782140733,0.030810557305812836,-0.09362193942070007,0.07312612235546112,0.006759476847946644,0.08473103493452072,-0.005172420758754015,-0.025704162195324894,-0.04582123458385468,-0.008397052064538002,-0.04453587904572487,0.02390695922076702,-0.06294028460979462,-0.1172555461525917,-0.020039256662130356,-0.09092029929161072,0.09091234952211379,-0.03305254876613617,-0.04057244583964348,-0.006940918974578381,0.022042453289031982,0.02074434608221054,-0.171440988779068,0.07161592692136765,-0.043555188924074166,-0.00699275778606534,0.06296362727880478,-0.10909396409988403,0.0231996551156044,0.015237844549119473,-0.18351162970066073,-0.03113971836864948,0.06076683104038239,-0.007079709321260452,0.12339670956134796,-0.09294557571411133,-0.02497011609375477,0.008597541600465775,0.045657750219106674,-0.05911241099238396,0.060056820511817925,-0.07166099548339844,-0.032180678099393845,0.035846784710884094,-0.020701352506875992,0.1656942069530487,-0.062211770564317696,-0.02728869207203388,-0.051819656044244766,-0.009695230051875114,-0.018185894936323162,0.03933660686016082,-0.13765788078308103,0.03093158267438412,0.048733606934547424,0.027052016928792,-0.07757802307605742,-0.020735615864396092,-0.10734671354293825,0.03547179326415061,0.05806144699454308,0.02860947884619236,0.0009599373443052173
0.08279583603143693,-0.0019108615815639492,-0.012310543097555636,0.07810124009847641,0.05006550997495651,0.11716742068529128,0.0202398169785738,-0.0483878068625927,0.02637907303869724,0.0,-0.005618062801659107,-0.05332517623901367,0.018251173198223117,0.029513660818338398,0.06601431220769882,-0.16201236844062805,-0.019903700798749924,0.02967923693358898,0.039240889251232154,0.1928465962409973,0.14125749468803403,0.04422270879149437,-0.17373822629451752,-0.022328389808535572,-0.1244959533214569,-0.09842860698699953,-0.19589042663574216,-0.02928480878472328,-0.0925578624010086,-0.102652370929718,-0.15769797563552856,0.1384821981191635,-0.13988453149795532,-0.03268354758620262,0.13521718978881836,0.026204839348793026,-0.08670803159475327,0.11918194591999053,-0.012898691929876804,0.17159081995487213,0.03520028665661812,0.02847873233258724,0.11627886444330215,-0.03860075771808624,0.04502130672335625,0.035681646317243576,-0.19440804421901703,0.06356924027204514,-0.06345794349908829,-0.17855133116245267,0.03820930421352386,0.016232920810580254,-0.025089839473366737,-0.18926656246185303,-0.12700143456459043,0.02230425179004669,-0.06835457682609558,-0.08780431002378462,0.0917760655283928,-0.09508749097585678,0.12525789439678192,0.0916859060525894,-0.00975656695663929,-0.07275590300559996,-0.19954727590084076,-0.04058024659752846,-0.013661997392773628,0.13728678226470947,-0.020713170990347866,-0.11835744976997375,0.04620786011219025,0.028561046347022057,0.04769144579768181,0.03858509659767151,-0.03485863655805588,0.01265832781791687,0.03083990328013897,-0.032979365438222885,0.09539493918418883,-0.1864616572856903,-0.07455195486545561,-0.031053794547915455,0.03894764930009842,0.0288102962076664,-0.07889235019683837,0.14439737796783447,0.0242250207811594,-0.07095061987638474,0.017627159133553505,-0.07715474814176558,0.3654002547264099,-0.057984653860330575,-0.161995068192482,0.1125977486371994,-0.12126704305410384,0.01893688552081585,-0.08995664864778519,0.0005555954412557185,-0.04549674689769745,0.05550007522106171
-0.06789302825927734,-0.055353384464979165,0.02773166447877884,-0.16135230660438535,-0.1648590117692947,-0.14090523123741147,-0.19497038424015045,0.02074954286217689,0.09643395990133283,-0.005618062801659107,0.0,0.03364001587033272,-0.038564566522836685,0.007771752774715423,-0.09242906421422958,0.06406056880950928,0.2085031419992447,-0.007673833053559066,-0.16560816764831543,-0.20018677413463593,-0.26539686322212214,0.04944510757923126,0.17017938196659088,0.009989007376134397,0.1353631317615509,-0.15787947177886963,0.09758751839399336,0.06682200729846953,-0.09003524482250212,0.14358457922935483,0.07894807308912277,-0.19833895564079285,0.43137866258621216,-0.14163535833358765,-0.27207067608833313,0.08802054822444916,0.06787698715925217,0.20549418032169345,-0.10473845899105072,-0.2648578882217407,0.24438256025314328,0.2529723048210144,-0.029587987810373303,0.05282839760184288,-0.1973126083612442,-0.01639695093035698,0.07685046643018721,-0.12783989310264587,0.08140480518341064,0.06802245229482651,-0.3601142466068268,-0.22779402136802676,-0.018152903765439987,0.12085228413343428,0.22960278391838077,0.021693797782063484,0.29666420817375183,-0.13541579246520996,-0.00993373990058899,-0.17786626517772675,-0.05159182846546173,-0.19074012339115143,-0.15476694703102112,0.14544808864593503,0.24348816275596616,-0.051512282341718674,-0.18774010241031647,-0.17490515112876892,-0.061099674552679055,-0.00625382736325264,0.31549403071403503,-0.05961765721440315,0.17254552245140076,-0.11030024290084837,-0.12379663437604904,0.2409241050481796,-0.003412774298340082,0.013118143193423748,-0.03685661777853966,0.12333521991968154,0.1624118536710739,0.1487671583890915,-0.020887441933155056,-0.04645606502890586,0.06665322184562683,-0.3430910110473633,-0.1722809374332428,0.2274586111307144,0.17248761653900146,-0.19930770993232727,-0.0911688208580017,0.16335329413414,0.05140287801623344,-0.11643050611019135,-0.02531333453953266,-0.05600578710436821,-0.14100584387779236,0.026407966390252117,-0.10981051623821259,-0.06137341633439064
-0.12268921732902525,-0.18085744976997373,0.07660068571567534,0.039269797503948205,0.15342414379119873,-0.15059155225753784,0.01677839457988739,0.07154110819101334,-0.07126915454864502,-0.05332517623901367,0.03364001587033272,0.0,0.14119401574134827,-0.04789183661341667,-0.0438195988535881,0.23035788536071777,-0.2315848171710968,-0.3558018207550049,-0.01530489232391119,0.09447432309389113,-0.12032757699489592,-0.10480524599552155,0.13698455691337583,0.0410350114107132,0.1253138929605484,0.14201273024082184,-0.050904545933008194,-0.04116954281926155,0.057806599885225296,0.09747727215290067,0.10993950814008711,-0.10174274444580078,-0.0004237487155478448,0.1762339025735855,0.008481299504637718,0.04438923671841621,-0.1353178173303604,0.20926864445209503,-0.10839422047138214,-0.010982856154441832,0.07543950527906419,0.028631890192627903,-0.12822414934635162,-0.13686174154281616,0.02174554951488972,0.12099231779575348,-0.008810968138277529,-0.0333731584250927,0.14920423924922943,-0.22181472182273865,-0.09611584246158601,0.22944928705692288,-0.12731584906578064,-0.1080026403069496,-0.10936245322227478,0.1318034529685974,-0.015757864341139793,0.012626245617866516,-0.10868221521377563,-0.09423573315143584,-0.026800144463777546,-0.18065704405307767,0.06152058020234108,-0.07669585943222045,-0.04496182501316071,0.04334727674722672,-0.18725134432315824,0.040489304810762405,-0.00435763830319047,0.037638451904058456,0.2418368607759476,0.132144495844841,-0.015302110463380812,0.03748928755521774,-0.06357260793447495,-0.11423323303461073,-0.07351597398519517,-0.09913215786218643,0.19105118513107297,-0.32386988401412964,-0.039611931890249245,-0.030504697933793068,-0.09626005589962003,-0.04552587121725082,0.1062879040837288,-0.13580191135406494,0.16026367247104645,0.07517809420824051,-0.23596513271331787,0.2101130187511444,0.012801488861441612,0.07523355633020401,-0.0719226747751236,0.20477859675884247,-0.24494718015193936,-0.06196445599198341,-0.0640900731086731,-0.035192694514989846,-0.06785973906517029,0.1003245934844017
-0.16926245391368863,-0.041200894862413406,-0.01936782523989677,0.08980616182088853,0.16190971434116364,-0.05635704472661018,0.22476801276206967,-0.13247109949588776,-0.18801455199718475,0.018251173198223117,-0.038564566522836685,0.14119401574134827,0.0,0.03012082725763321,-0.2024436444044113,-0.09938096255064009,0.1913827806711197,0.005835874937474728,-0.18114061653614044,0.09735772758722304,0.08280040323734283,-0.2395464926958084,0.09371932595968246,0.0391949824988842,0.013037489727139471,0.12517111003398895,-0.1951516717672348,-0.07483347505331038,-0.09535589069128035,-0.033317554742097855,-0.04673178121447563,-0.14321336150169373,-0.1778661459684372,-0.05168632417917252,0.13968202471733093,-0.27711865305900574,-0.035220663994550705,0.318945825099945,-0.1361655443906784,0.18672193586826324,-0.06818901002407074,0.0732240080833435,-0.19102151691913605,-0.045571576803922646,0.07391570508480072,-0.017058515921235085,0.041229214519262314,0.08022836595773696,0.040068399161100395,-0.0410873293876648,-0.12172745913267136,0.2617838382720947,-0.026922598481178284,-0.21139611303806305,-0.14615799486637115,0.1295143961906433,-0.01302705705165863,0.060262758284807205,-0.046883147209882736,-0.0956154316663742,0.022475652396678925,0.122957244515419,0.16413292288780212,-0.03164228796958923,-0.13256879150867462,0.10411155968904497,0.02128144539892673,-0.13279485702514648,0.050101626664400094,0.0455041378736496,0.013770414516329764,-0.0013796336716040969,-0.30294412374496454,-0.15030844509601593,-0.220962792634964,-0.024518849328160282,0.17399509251117706,0.160354882478714,0.10706667602062224,-0.06373149901628494,-0.07410535216331483,-0.08503812551498413,-0.2989654541015625,0.10498327016830444,0.2536381185054779,0.1810092180967331,-0.01738799177110195,0.14063982665538788,0.25645375251770014,-0.05277642607688904,0.280690461397171,0.42262810468673706,-0.39057111740112305,-0.0443856492638588,0.03776677697896957,-0.026016339659690857,-0.06831374764442444,-0.29406324028968805,-0.023855747655034065,0.013004417531192303
-0.11789549887180328,-0.04605112969875336,-0.21701174974441528,0.18575158715248108,0.003800657112151384,-0.006223355885595083,0.1675724685192108,-0.15140971541404724,0.14425553381443024,0.029513660818338398,0.007771752774715423,-0.04789183661341667,0.03012082725763321,0.0,-0.002664486411958933,-0.22382117807865143,0.2936902046203613,-0.019606756046414372,-0.23324772715568545,0.2710428237915039,0.0425468236207962,-0.04231513664126396,0.0406438335776329,-0.06202547997236252,0.0813426524400711,0.03848499804735184,-0.1204906329512596,0.036768872290849686,-0.2524549067020416,-0.2034003585577011,-0.014323676005005836,0.021015264093875885,0.14132864773273468,0.013896939344704151,-0.1454569101333618,-0.10861727595329285,-0.024137739092111588,-0.12539122998714447,0.13125109672546387,0.18206921219825745,-0.18244847655296323,0.014071780256927012,-0.06961924582719803,-0.1358504742383957,0.07163086533546448,0.08592013269662857,0.06757955253124237,0.14427751302719116,-0.0445980578660965,0.09048537164926529,0.2129419893026352,-0.02046984806656837,-0.09804823994636536,-0.31768396496772766,0.11028695106506348,-0.037226591259241104,0.07740255445241928,-0.19904103875160217,-0.2875821888446808,0.1269364356994629,-0.018145520240068436,0.12028697878122328,0.18483436107635495,-0.06621938198804855,0.0777827277779579,-0.18387211859226224,0.0999034270644188,0.055019203573465354,-0.05347917601466178,-0.04686255380511284,-0.304330050945282,0.10664266347885132,-0.22083221375942233,-0.09730605781078337,-0.10127687454223631,0.00017836541519500315,0.02830345183610916,0.038446549326181405,-0.13663847744464874,0.09200458228588104,0.17987680435180664,-0.17363184690475464,-0.2119324058294296,0.060463711619377136,0.10455334186553956,-0.06224618852138519,-0.10652562230825424,-0.07781439274549484,0.06344094127416611,-0.027496198192238808,-0.08822201937437057,0.1661068499088287,-0.34976670145988464,-0.05666648223996162,0.07945626229047774,0.22042872011661527,0.2875596582889557,-0.012153143994510172,0.07108058035373688,-0.08397061377763747
0.10339698195457458,0.014831021428108215,0.05077975243330002,-0.0784633606672287,0.09733101725578307,0.10704005509614944,0.09418228268623352,0.02762799710035324,0.005949821788817644,0.06601431220769882,-0.09242906421422958,-0.0438195988535881,-0.2024436444044113,-0.002664486411958933,0.0,-0.3585810363292694,-0.004783668089658022,0.03505093976855278,-0.013190766796469688,0.05765986070036888,0.14527364075183868,0.20667703449726105,-0.11420828849077223,-0.09899885207414627,-0.05369758605957031,-0.13345259428024292,0.07582231611013411,0.1083620637655258,-0.0835375264286995,-0.09755260497331619,-0.19934000074863437,0.21584589779376984,0.2984527051448822,0.0023922892287373543,0.016450412571430206,0.12919238209724426,0.00756524596363306,-0.2854510843753814,0.12763769924640656,-0.115953728556633,0.027600955218076702,-0.07764585316181184,0.012076054699718952,0.020324736833572388,0.214984267950058,0.041652873158454895,-0.13314540684223175,-0.2003639191389084,-0.028880987316370007,0.12578974664211273,0.32221654057502747,0.0007927431142888963,0.09864442050457,-0.13832372426986694,-0.13866783678531647,-0.08255112171173094,-0.011349902488291264,-0.10898883640766144,-0.036953844130039215,0.06849979609251022,-0.10090165585279463,0.13713447749614716,-0.049006979912519455,-0.2152857929468155,0.19101905822753903,0.06773518770933151,-0.017035160213708878,0.13146209716796875,-0.1368732899427414,-0.04295945912599564,-0.07609350979328156,-0.013757920823991299,-0.028491796925663948,0.031929418444633484,0.15022403001785278,-0.01487014815211296,0.13948872685432434,-0.02474354952573776,-0.20152273774147036,0.20087328553199768,0.030076216906309128,0.05875037983059883,-0.08283457905054092,0.0705643892288208,-0.26438599824905396,-0.1851941645145416,0.05129901319742202,-0.1280771642923355,-0.31681814789772034,0.12701541185379028,-0.2542760968208313,-0.5115196704864502,0.19862236082553864,0.02929951064288616,-0.06106537580490112,0.09509098529815674,0.20302101969718933,0.07369465380907057,-0.10691797733306883,-0.051238562911748886
-0.07853426784276962,-0.003191573778167367,0.019569795578718185,-0.01100357249379158,-0.1692693382501602,-0.12012669444084167,-0.15789981186389923,0.12111033499240877,0.01883766241371632,-0.16201236844062805,0.06406056880950928,0.23035788536071777,-0.09938096255064009,-0.22382117807865143,-0.3585810363292694,0.0,0.1405578255653381,-0.005032310727983713,-0.03203318268060684,-0.39532250165939326,-0.17861829698085785,-0.07941407710313797,0.11526356637477873,0.008423284627497196,0.32694199681282043,-0.03126931190490723,0.06077195703983306,-0.08333811908960342,0.09188925474882124,0.24425028264522552,0.13874483108520508,-0.471458375453949,0.1570357084274292,0.07502409815788269,-0.16485083103179932,-0.030713461339473724,0.1239483654499054,0.1144782081246376,-0.2311912029981613,-0.05203559622168541,0.10900764167308807,0.027943607419729233,-0.13712333142757416,0.06096702441573143,0.03731922805309296,-0.08418483287096022,0.01682431437075138,-0.020380593836307526,-0.00011697705485858025,0.02791791036725044,-0.11795713007450104,-0.03443416953086853,0.05619173869490624,0.05846080183982849,0.18643292784690857,-0.06386778503656387,-0.11350583285093307,0.09252693504095075,-0.03398083895444869,-0.00973930023610592,-0.09499078989028929,-0.2608266770839691,-0.1586882770061493,0.22461165487766263,0.2346946597099304,0.13219225406646729,-0.1312323808670044,-0.32258641719818115,0.08374644815921782,0.017999738454818726,0.3347991108894348,-0.10724714398384094,-0.15758755803108215,-0.050452899187803275,-0.04778601974248886,0.002474633976817131,-0.2556274533271789,0.28060466051101685,0.22569090127944944,-0.10238414257764816,-0.08528504520654678,0.18321232497692108,-0.08856721967458725,-0.050620350986719125,0.11794628202915192,-0.04015558958053589,-0.10685530304908752,0.12289585918188096,0.13830135762691495,-0.053375113755464554,-0.1185699701309204,0.3503072261810303,0.10779672861099245,-0.24671901762485504,-0.042458675801754,-0.0796816349029541,-0.16849274933338165,-0.20852944254875183,0.03969805687665939,-0.08730833977460861
-0.2451655566692352,0.06555511802434921,-0.09424159675836563,0.029147574678063393,-0.1799405068159103,-0.14665023982524872,0.056933924555778496,0.0004971103626303375,-0.1284026801586151,-0.019903700798749924,0.2085031419992447,-0.2315848171710968,0.1913827806711197,0.2936902046203613,-0.004783668089658022,0.1405578255653381,0.0,-0.16688185930252075,0.002568686380982399,-0.34821346402168274,-0.15184921026229858,-0.054985247552394874,0.2757380604743957,0.2651098668575287,0.12120350450277328,-0.036336347460746765,0.18712496757507324,-0.06423124670982361,0.06952490657567978,0.101224884390831,0.1067970097064972,-0.127965971827507,0.0712057426571846,0.019221076741814613,-0.3296479880809784,0.13582785427570343,-0.07649639248847961,0.16477319598197937,-0.08772386610507965,-0.16727957129478455,0.05304685980081558,0.17322199046611783,-0.02297378703951836,-0.05039399489760399,0.08145806193351746,0.0716247633099556,0.07208959013223648,0.09988971799612045,0.022671906277537342,-0.08446276187896729,0.13510967791080475,-0.3055431544780731,-0.09727200865745544,0.08475272357463837,0.2894432246685028,-0.09734775125980376,0.07864031195640565,0.013551107607781889,-0.004142239224165678,-0.11930542439222336,-0.03198441863059997,-0.3582918047904968,-0.13220323622226715,0.06690055876970291,0.14850589632987976,-0.03159472718834877,-0.0648207813501358,0.04149409383535385,-0.10132282227277756,0.22482515871524808,0.055256083607673645,-0.000526785443071276,0.06586752831935883,-0.11027920246124268,-0.12421701848506927,0.04728485271334648,-0.14340436458587646,0.021907323971390724,0.04140983521938324,-0.15428607165813446,0.01250779628753662,0.15228666365146637,-0.0256833229213953,-0.034387663006782525,0.0998573899269104,-0.13480523228645325,-0.07466262578964233,0.0993819385766983,-0.10499687492847443,-0.07395765930414198,-0.0508032999932766,0.03983495756983757,0.09966685622930527,-0.043623320758342736,0.02210567705333233,-0.013022354803979397,-0.1003468707203865,-0.1008537709712982,0.2202420234680176,0.03281047567725181
0.14307060837745667,-0.062425676733255386,0.05913858488202095,-0.23129431903362277,0.12450043112039566,0.12024669349193572,-0.017084889113903046,0.005066501442342997,0.10238528996706008,0.02967923693358898,-0.007673833053559066,-0.3558018207550049,0.005835874937474728,-0.019606756046414372,0.03505093976855278,-0.005032310727983713,-0.16688185930252075,0.0,0.4145153164863586,0.2604338824748993,0.19124022126197812,0.15131753683090207,-0.0788462907075882,0.12113553285598753,-0.24387916922569275,0.0268626157194376,-0.05228465050458908,-0.05684360861778259,0.05858338996767998,-0.03286122530698776,-0.07628468424081801,0.16561174392700195,-0.1325012445449829,0.04401839151978493,0.08316808938980103,0.21593715250492093,0.20282182097435,-0.21711632609367368,-0.10405448079109192,-0.1855167746543884,0.018485680222511288,-0.02556442655622959,0.2519059479236603,0.03152550384402275,0.0002497607783880085,0.031172968447208405,-0.059171754866838455,-0.05992687866091728,0.039456870406866074,-0.09439517557621002,-0.11668816208839417,0.14402610063552856,0.18147546052932736,0.07496712356805801,-0.3021138906478882,0.10605092346668243,0.06733821332454681,-0.15552549064159393,0.04697248712182045,0.003100465983152389,0.122965969145298,0.24405266344547272,-0.2598475515842438,0.03623970225453377,-0.31072577834129333,-0.14139960706233978,0.0085147088393569,0.20599620044231412,-0.06862004101276398,-0.03981900215148926,0.05386504903435707,-0.08978609740734099,0.08987306058406828,0.25271403789520264,0.10534947365522385,-0.05923569202423096,-0.16408370435237885,-0.1628069430589676,0.058716226369142525,0.06221296638250351,-0.023309137672185894,-0.0975572168827057,0.02549342066049576,0.028612438589334488,-0.1560131460428238,0.08248988538980483,0.18270951509475708,-0.19958272576332087,-0.3322455585002899,0.027399638667702675,0.02041744627058506,-0.3040861487388611,0.009105757810175417,0.07450978457927702,-0.07020462304353714,-0.1377354711294174,0.1027093082666397,0.1522611379623413,-0.1651143580675125,0.013314882293343544
0.4023158550262451,0.09261183440685272,0.18435947597026825,-0.21672494709491727,-0.006716081872582436,0.20467910170555115,-0.1924593597650528,0.045811690390110016,0.08852510154247285,0.039240889251232154,-0.16560816764831543,-0.01530489232391119,-0.18114061653614044,-0.23324772715568545,-0.013190766796469688,-0.03203318268060684,0.002568686380982399,0.4145153164863586,0.0,-0.008294304832816124,0.24300168454647064,0.14729955792427063,-0.43238353729248047,-0.24111060798168185,-0.18206028640270236,0.011061622761189936,-0.02825644612312317,-0.17943572998046875,0.08322361856698988,-0.026146089658141136,-0.19972436130046844,0.16420650482177734,-0.28312644362449646,-0.2538256049156189,0.1896708309650421,-0.1120406687259674,0.1905844062566757,-0.45714321732521057,0.10439879447221756,-0.04533207416534424,-0.06766486167907715,-0.38951596617698664,0.17295902967453003,0.1890462785959244,-0.12099914252758026,-0.02145178243517876,-0.10505364090204238,-0.10917851328849792,-0.18011578917503357,-0.005153144244104624,-0.23462195694446564,-0.19434161484241483,0.21057389676570887,0.26924207806587214,-0.10768520087003708,-0.236888125538826,-0.13372424244880676,0.15744251012802124,0.3530386090278625,0.050891388207674026,0.09388644993305206,0.16244590282440183,-0.03211615979671478,0.11465338617563248,-0.27467110753059387,0.10494214296340942,0.07618815451860429,-0.2854765653610229,0.42464902997016907,-0.17817875742912292,-0.1753700226545334,-0.2088530659675598,0.0883697122335434,0.20775386691093445,0.34031546115875244,-0.06395099312067032,-0.05197075009346008,0.07440415024757385,0.09462878853082655,-0.004080791492015123,-0.2964982092380524,-0.035869844257831573,0.31069523096084595,0.053855136036872864,-0.3254072964191437,0.41105660796165466,-0.0054668402299284935,-0.4461381137371063,0.23775310814380643,-0.04895904287695885,0.3233557343482971,-0.21282234787940976,0.38148605823516846,-0.1769375056028366,0.10479181259870528,-0.06424492597579956,-0.04477250576019287,0.0016629452584311366,-0.05418521538376808,0.05165376886725426
