0,1,2,3,4,5,6,7,8,9,10,11,12,13,14,15,16,17,18,19,20,21,22,23,24,25,26,27,28,29,30,31,32,33,34,35,36,37,38,39,40,41,42,43,44,45,46,47,48,49,50,51,52,53,54,55,56,57,58,59,60,61,62,63,64,65,66,67,68,69,70,71,72,73,74,75,76,77,78,79,80,81,82,83,84,85,86,87,88,89,90,91,92,93,94,95,96,97,98,99
0.0,0.013046107254922388,-0.013750202022492884,-0.06904996931552887,0.06753991544246674,0.003147878451272845,-0.0033973301760852337,0.11181841790676116,-0.08776551485061644,-0.03073528967797756,0.015150408260524271,-0.03583083301782608,-0.09215123951435088,0.030351057648658752,-0.012203610502183436,3.1344192393589765e-05,7.842913873901125e-06,-0.002050257986411452,0.012722553685307503,-0.10415099561214448,-0.035217516124248505,-4.1599276300985366e-05,0.08403513580560684,0.09580668061971664,0.09862933307886125,-0.029996637254953384,-0.04253359884023666,-0.07706521451473235,0.06312943994998932,-0.0010301615111529827,-0.006601517088711262,2.0693143596872687e-05,-0.04233023151755333,-0.06438880413770676,0.034122955054044724,0.046416819095611565,-0.05554843693971634,0.014260818250477314,-0.053870093077421195,0.06262528151273727,-0.04483601078391075,-0.06891896575689316,0.027056779712438583,-5.277174932416528e-05,0.03306906297802925,0.048539310693740845,3.067100351472618e-06,-0.017562536522746086,0.020206401124596596,-0.10341019928455351,0.11506599932909012,0.05248357355594635,-0.043270360678434365,-0.020303292199969288,-0.06226801499724388,-0.00687645236030221,-0.03834670782089233,-0.02390572428703308,-0.05056354776024818,0.03679482266306877,-0.06606204807758331,0.029501993209123608,-0.06101344525814056,0.022743312641978264,-0.03793951496481896,-0.049897950142622,-3.823957740678452e-05,-0.012210557237267494,-0.08613891154527664,0.04734933748841286,-0.019124079495668408,-0.015788652002811432,-0.03574131801724434,0.037174537777900696,-1.0869398465729319e-05,0.08675011992454527,0.058613356202840805,-0.05173713341355324,0.052182599902153015,-0.008179121650755405,-0.012573685497045515,-0.023510571569204327,-0.04646477475762367,-0.053707800805568695,0.07711242884397505,-0.004484566394239664,-0.0011865729466080663,0.03178328648209572,-0.018097907304763797,0.01475483365356922,-0.04542331025004386,-0.08553792536258698,0.019808603450655937,-0.001903163269162178,0.02763361483812332,-0.049303174018859856,-0.04263269156217575,-0.06481278687715529,0.06735524535179138,0.020738527178764343
0.013046107254922388,0.0,0.08098672330379486,-0.0006357984966598451,0.09281714260578157,-0.009905640967190264,-0.027624148875474926,-0.03280118107795715,-0.020394664257764816,0.04664935916662216,-0.07783072441816331,-0.029859486967325207,-0.019109232351183888,0.011125151999294756,-0.07352972775697708,0.030955974012613297,0.04373382776975632,0.0005904115969315171,-0.049714315682649605,0.00033905377495102584,0.052339360117912286,-0.029051328077912327,-0.03325825557112694,-0.004781866911798716,-0.014955285005271435,0.11989013105630875,-0.04160001501441002,-0.011237068101763724,0.026881398633122444,-0.06910481303930283,-0.03721245378255844,-0.05349672958254814,0.026644133031368252,0.0018043114105239513,-0.06550583988428116,-0.01966775767505169,-0.02300258167088032,0.004874879028648137,0.05839362367987633,-0.060170043259859085,0.047155387699604034,0.019197333604097366,-0.07813105732202531,0.06624149531126022,-0.036471683531999595,0.016269631683826447,0.007975820451974867,-0.017255593091249462,0.023089250549674038,-0.03373124822974205,-0.07930483669042587,0.1419929563999176,0.07716696709394456,-0.008371094241738318,-0.015828385949134827,-0.10870912671089172,-0.03580337017774582,0.07331281155347824,-0.0037662337999790903,-0.07356368750333786,-0.03027592971920967,0.022888394072651863,-0.021580863744020466,0.04659878090023994,-0.09275253862142563,-0.0061888862401247025,-0.014200682751834393,-0.02550114132463932,-0.014294059015810488,-0.08238122612237929,0.03954444825649261,0.08074226230382918,0.03848174586892128,-0.008700806647539137,-0.039985291659832,-0.0188771802932024,-0.051207330077886574,-0.014499315991997719,0.05326743423938751,-0.03542202711105347,0.019559666514396667,0.025289345532655716,-0.031086545437574383,-0.040979910641908646,0.04534097760915756,-0.07818444818258284,-0.008119266480207443,0.006708291359245777,0.009385388344526291,0.001291498658247292,-0.040197450667619705,-0.028641549870371815,-0.04519104212522507,0.017927929759025574,0.03829538822174072,-0.04206603392958641,-0.04843980073928833,-0.008322916924953459,0.013070624321699142,-0.04680339992046356
-0.013750202022492884,0.08098672330379486,0.0,0.010930803604424,-0.054115209728479385,0.053038321435451515,0.010556928813457487,0.07251469790935516,-0.01569364033639431,-0.031994499266147614,-0.013452544808387756,0.06346099078655243,0.01875905692577362,-0.012016518972814085,-0.02609315887093544,-0.09691035747528076,-0.07017824798822403,-0.019027555361390117,-0.027998302131891247,-0.059352122247219086,-0.002046269597485661,-0.10825789719820023,-0.041237976402044296,-0.010458421893417835,-0.009710111655294895,-0.05338789895176888,0.09860832244157793,0.06792070716619492,-0.00693580461665988,-0.009073681198060513,-0.019209183752536774,0.02127393893897533,-0.003684933995828032,0.016547391191124916,0.031989239156246185,-0.024236552417278286,-0.013653963804244997,0.022931214421987534,-0.021538358181715008,0.022318493574857712,-0.061156824231147766,-0.10137902945280076,-0.0045591508969664565,-0.06343036890029907,0.05366487056016921,-0.0434369333088398,-0.021124413236975666,-0.04850010946393013,-0.015193722210824488,0.02076664008200169,-0.05539202317595482,0.040131080895662315,-0.013772214762866495,-0.049341145902872086,0.02193834073841572,0.03474067896604537,-0.04741479456424713,-0.05987728014588356,-0.010692842304706572,0.020779674872756004,0.03733492642641068,-0.027090759947896004,-0.016169825568795204,-0.005856080912053585,0.013988041318953036,-0.010682681575417519,0.02943113073706627,-0.008017763495445251,-0.022444583475589752,0.03804047778248786,-0.02658946998417377,-0.02693043276667595,0.027656748890876767,-0.02474023588001728,0.014516379684209824,-0.012560317292809486,0.008495007641613483,-0.026865351945161816,0.054086677730083466,0.014968825504183767,0.06321568787097931,-0.023815426975488663,-0.03968184068799018,-0.007462442386895417,-0.09667404741048813,-0.051677636802196496,0.003883806290104985,-0.008492945693433283,0.013500706292688847,6.638593913521618e-05,0.005477958358824253,-0.0016950266435742378,-0.02718196250498295,-0.02445635572075844,-0.0099006537348032,-0.04142354428768157,0.051792223006486886,-0.043512515723705285,-0.04128264263272285,-0.010996655561029913
-0.06904996931552887,-0.0006357984966598451,0.010930803604424,0.0,0.029685003682971,-0.008458606898784637,0.03936091065406799,0.08937842398881912,-0.02181488275527954,0.009019649587571621,0.04359584674239159,-0.09129108488559723,0.016919605433940887,0.07815990597009657,-0.030199533328413963,0.05760762095451354,0.045911066234111786,0.02772370167076588,-0.04118353500962257,-0.012888124212622643,-0.09776883572340013,0.0022384580224752426,0.026138298213481903,-0.04383552446961402,0.009270411916077137,-0.02744155749678612,-0.04110076278448105,-0.03891401365399361,-0.007897810079157352,0.018003543838858604,0.012519002892076967,0.007136397995054722,0.004593066871166228,-0.09759509563446046,0.017407750710844994,-0.0025829931255429983,-0.06294455379247665,-0.016842572018504143,0.013346606865525244,-0.028861336410045624,0.007525092456489801,-0.00960652809590101,-0.0413915030658245,-0.06525053828954697,-0.04350361973047256,-0.0005122250877320766,0.06734229624271393,-0.033959295600652695,-0.027245599776506424,-0.051021672785282135,-0.15887507796287537,-0.04402205720543861,0.10011455416679382,0.13623355329036713,-0.06854906678199768,0.002321423031389713,-0.043335724622011185,-0.05514294281601906,0.02148090861737728,-0.006971835624426603,-0.03353261947631836,-0.05094074085354805,0.001713488483801484,-0.006739948876202106,-0.0530727133154869,-0.03621651977300644,-0.009026505984365938,0.0024781643878668542,-0.02034117840230465,0.032360564917325974,-0.013471444137394428,-0.03655986860394478,-0.036296721547842026,-0.08755202591419221,0.037504233419895165,0.06738965958356857,0.05936608836054802,-0.08153850585222243,-0.056396190077066415,0.05498240888118744,0.0223656352609396,-0.04607298970222473,0.0373566709458828,-0.00306247198022902,-0.04027402028441429,0.00016459854668937624,0.003684642259031534,-0.013957579620182514,0.027474977076053616,-0.010407588444650171,-0.03803011775016785,-0.02640092745423317,-0.008195612579584122,0.01546622347086668,0.0010691788047552109,0.04473651945590973,0.032950595021247864,0.006920826621353625,0.02016974240541458,0.004336340352892876
0.06753991544246674,0.09281714260578157,-0.054115209728479385,0.029685003682971,0.0,0.054558735340833664,-0.07315301895141602,-0.0252866055816412,0.032163672149181366,-0.006136377807706594,-0.02618067152798176,0.009544409811496735,0.026975778862833977,-0.025358008220791817,0.018181582912802696,-0.020501999184489247,-0.048305436968803406,-0.03548379987478256,0.01117220427840948,0.030155586078763008,-0.08946666866540909,-0.02397690899670124,-0.05723143741488457,0.0005751898279413581,-0.018761690706014637,-0.019862486049532887,0.014490884728729723,-0.009278069250285624,-0.004916164092719554,0.055481664836406715,-0.07014063745737076,0.04929304867982864,-0.07239189743995665,0.017392396926879883,-0.015105074271559715,-0.013921315781772137,-0.019343992695212364,-0.015834538266062737,-0.03308560699224472,-0.03751933947205544,0.024338658899068832,0.010402162559330463,-0.05382682383060455,-0.026059227064251896,0.016884056851267815,-0.022902339696884155,-0.012750426307320595,0.047993287444114685,-0.059363819658756256,-0.05761866271495819,0.08368886262178421,0.0007623612764291465,-0.10176275670528412,0.12798891961574554,0.01365178357809782,-0.006092704366892576,-0.022329196333885193,-0.049998220056295395,0.013229776173830032,-0.018873436376452443,0.01735316589474678,-0.05885850638151169,0.03884786739945412,-0.062231846153736115,0.012956353835761549,0.02571633458137512,0.02097672037780285,0.004581480287015438,0.04766860231757164,-0.00985073670744896,-0.012368785217404364,-0.05003171414136887,0.02099868468940258,-0.010273175314068794,-0.0362260527908802,-0.06430083513259888,-0.06890024244785309,-0.0005592154921032488,1.3778213542536832e-05,0.07701417058706284,0.06491515785455704,-0.013968588784337044,-0.035990841686725616,0.02162756770849228,-0.03830692917108536,0.0017143035074695945,0.005329316481947898,-0.07621050626039505,-0.038031775504350655,-0.0940905287861824,-0.04939105361700057,-0.06465102732181549,0.07040850818157196,0.000871184398420155,-0.006208878476172686,-0.016514547169208527,-0.013414174318313599,-0.016756033524870872,-0.05056342110037804,0.09944216907024384
0.003147878451272845,-0.009905640967190264,0.053038321435451515,-0.008458606898784637,0.054558735340833664,0.0,0.0465758815407753,-0.0009926388738676903,0.012494554743170738,0.011492548510432243,-0.007932243868708609,-0.07148799300193787,0.022621646523475647,-0.02209398522973061,-0.011058645322918892,-0.029965924099087715,-0.06447622179985046,-0.01729545369744301,0.02185521088540554,-0.03573213517665863,0.02008862793445587,0.05240245535969734,0.0043532601557672015,-0.01984074339270592,-0.029771573841571808,0.02728023752570152,-0.0961512103676796,-0.06613123416900635,0.006904254201799631,-0.0330282561480999,0.057420268654823296,-0.01995432749390602,-0.07261176407337187,-0.0005780368228442967,-0.008277447894215584,0.005111354868859053,0.06316320598125458,-0.043942905962467194,-0.01527062989771366,0.015998831018805504,0.006089263129979372,0.018830075860023495,-0.044733721762895584,-0.02420932985842228,-0.01950945518910885,0.015393495559692383,0.00864739716053009,-0.018117208033800125,0.004859466571360826,0.001647097640670836,-0.0011010778835043311,-0.07068996131420135,0.06014120578765869,-0.06092045456171036,-0.010349649935960768,0.055715497583150864,0.05178260803222656,-0.058166828006505966,-0.006319934502243996,0.011201906949281693,-0.0016962443478405476,-0.02906700037419796,-0.009408555924892424,-0.05546490848064423,0.031836871057748795,-0.022315630689263344,-0.05583276227116585,-0.04721521213650704,-0.056298285722732544,-0.07236994802951811,0.012064761482179163,0.006162229925394057,0.009436585009098053,-0.025786796584725376,0.005796926561743021,-0.008436571806669235,-0.014368249103426932,0.015011528506875038,-0.04335106164216995,-0.03206656128168106,-0.102409265935421,0.04042055085301399,0.024334875866770744,-0.02817779593169689,0.022750047966837883,-0.02684674598276615,-0.021146932616829872,0.031293001025915146,-0.03600606694817543,-0.02798555977642536,-0.014866392128169537,0.012902353890240192,-0.012236390262842178,-0.03734001889824867,0.005413790699094534,-0.010805122554302216,-0.023032512515783306,0.06119916960597038,-0.027547176927328106,-0.04070409387350082
-0.0033973301760852337,-0.027624148875474926,0.010556928813457487,0.03936091065406799,-0.07315301895141602,0.0465758815407753,0.0,-0.019545532763004303,0.008324590511620045,0.044153787195682526,-0.03175349906086922,0.08586410433053969,-0.04343876615166664,-0.054402813315391534,-0.041630569845438,0.06936189532279968,-0.022781109437346455,0.002546627772971988,0.012604229152202606,0.07198680937290192,0.013326913118362427,0.010777668096125124,0.035147763788700104,-0.003037040587514639,0.03707607090473175,-0.05397691950201988,-0.05458385497331619,0.07431399822235107,-0.007819964550435543,-0.14103439450263977,-0.049253031611442566,0.03428998589515686,-0.02043398469686508,-0.000948208151385188,0.03783108294010162,-0.018071115016937252,-0.08288288116455078,-0.10011745989322662,0.039740394800901406,0.016442591324448586,-0.009948581457138062,-0.0030448311008512974,0.0038385193329304457,0.04973136633634567,-0.06922856718301773,-0.010313441045582294,-0.0589909628033638,0.1014999896287918,-0.052454039454460144,-0.011185313574969769,0.025097260251641277,0.00856569968163967,-0.040285635739564896,-0.018649404868483543,-0.004850214812904596,-0.023017942905426025,-0.01790235750377178,-0.06843457370996475,-0.09821394085884094,-0.011047400534152985,-0.058457668870687485,0.02695442177355289,0.048317667096853256,0.08264330774545668,-0.06900402158498764,0.037837062031030655,0.01403744239360094,-0.01758521981537342,0.03628891333937645,-0.017317088320851323,-0.01504808384925127,-0.01475501712411642,-0.028642840683460236,-0.056111931800842285,0.010670696385204792,-0.05949557200074196,-0.019393958151340485,0.02972253039479256,0.00019844512280542403,0.009093973785638807,0.01906474120914936,-0.019121609628200528,-0.007787695154547691,-0.05880626291036606,0.00032757915323600173,-0.024101592600345608,0.0028001104947179556,-0.06424083560705185,0.006383763160556555,-0.0117657370865345,0.04195708408951759,-0.08836848288774489,0.06414724141359329,-0.03420298919081688,-0.0452616922557354,0.016956211999058723,-0.01896794885396957,-0.02302428521215916,0.012035315856337547,0.018667202442884445
0.11181841790676116,-0.03280118107795715,0.07251469790935516,0.08937842398881912,-0.0252866055816412,-0.0009926388738676903,-0.019545532763004303,0.0,0.05337204784154892,-0.0410442054271698,-0.06283724308013916,0.038295123726129525,-0.09347794950008392,-0.05718539655208588,0.047205690294504166,0.07159266620874405,-0.03320731967687607,0.017022836953401566,-0.027664123103022572,0.08887539803981781,-0.058188751339912415,0.044091831892728806,0.0019144000252708793,-0.01753639616072178,-0.014374683611094952,-0.04752577096223831,-0.02036149241030216,2.216039320046548e-05,-0.03687883913516998,-0.022774904966354367,0.010682910680770874,-0.04186762124300003,-0.02976483851671219,0.08381268382072447,-0.05230666697025299,-0.01874610967934132,0.03139210864901543,0.03926100581884384,-0.05659107491374016,-0.06658604741096497,-0.012796771712601185,0.03509685397148132,-0.027219392359256744,0.007405032403767109,-0.03526397421956062,0.025672130286693573,0.003070099512115121,-0.02436411753296852,-0.04385074600577354,0.0059958859346807,-0.03787931427359581,0.03035765700042248,-0.11137858033180235,0.023531924933195118,-0.09247828274965286,-0.028386183083057404,0.05529754236340522,0.1081988289952278,-0.01661604642868042,-0.07523861527442931,0.01115440670400858,0.07725776731967926,-0.07848060876131058,-0.011890308000147343,0.07615403831005096,0.027981262654066082,-0.058561913669109344,0.04667267575860024,-0.014681587927043436,0.04482695460319519,-0.08944512903690338,0.024500707164406776,-0.0247153714299202,-0.046438757330179214,-0.06722227483987808,0.009479526430368423,-0.044834256172180176,-0.008640680462121964,-0.03728001192212105,-0.00891207531094551,-0.0490478165447712,-0.06888680160045624,0.059141501784324646,-0.001522321137599647,0.009428258053958418,0.0016652754275128243,-0.10160353779792784,0.03950797766447067,0.015402046032249928,0.05984136462211609,-0.05902669206261634,0.07681357115507126,0.021568860858678814,7.34729619580321e-05,-0.00677496986463666,-0.0376080684363842,-0.031089624390006065,-0.027237094938755035,-0.02142592705786228,0.022031741216778755
-0.08776551485061644,-0.020394664257764816,-0.01569364033639431,-0.02181488275527954,0.032163672149181366,0.012494554743170738,0.008324590511620045,0.05337204784154892,0.0,-0.003921099938452244,0.004839453380554914,0.0273036640137434,0.014293068088591099,-0.031707387417554855,0.029003674164414402,0.00046049006050452585,0.018385997042059895,0.005643509328365326,-0.02237082831561565,-0.04636307805776596,-0.01549498736858368,0.008214836940169334,0.026511415839195248,0.007300079334527254,2.8669546736637127e-05,0.003895075060427189,-0.0014757751487195492,-0.0516350157558918,0.04215761274099349,0.026117393746972084,-0.010617640800774096,-0.028348425403237343,-0.035915181040763855,0.03166504576802254,-0.03200048208236694,0.040131647139787674,-0.05624142661690712,-0.045426979660987854,0.008343308232724665,0.002635391429066658,-0.016467267647385597,-0.008978180587291718,0.0511692687869072,-0.03460858017206192,0.011431443504989147,-0.03303974121809006,-0.013948991894721985,-0.045799795538187034,0.05031857267022133,-0.00925794243812561,-0.03791029751300812,0.011091761291027067,0.01015798095613718,-0.09674037247896193,0.029728623107075688,-0.0608573853969574,-0.09908305108547209,0.12725454568862915,-0.010762643069028854,-0.023542620241642,-0.05767643824219704,-0.04718834534287453,-0.05878611281514168,-0.008737345226109028,-0.02179144136607647,0.021496605128049847,0.007404541131108998,-0.05397626757621765,0.018927663564682007,0.009170975536108017,-0.0354541689157486,-0.10900703072547913,-0.003879252355545759,0.017623277381062508,0.011608489789068697,-0.07176389545202255,0.05061024427413941,-0.05074639990925789,0.022100191563367844,0.07181298732757568,-0.01728939078748226,-0.01571027748286724,-0.039570339024066925,-0.008373172022402287,-0.0003262982645537704,0.04286608472466469,-0.049194708466529846,-0.01061615254729986,-0.0995245948433876,-0.010084432549774647,-0.014374727383255959,-0.03321307152509689,0.025129329413175583,0.030441367998719212,-0.02321486175060272,0.05234917253255844,0.005614617373794316,-0.020666608586907383,0.037228051573038094,-0.060619086027145386
-0.03073528967797756,0.04664935916662216,-0.031994499266147614,0.009019649587571621,-0.006136377807706594,0.011492548510432243,0.044153787195682526,-0.0410442054271698,-0.003921099938452244,0.0,0.026998519897460938,-0.08736711740493774,-0.02935945615172386,-0.032626744359731674,-0.08800958096981049,-0.03726007416844368,-0.09843210875988007,0.014236239716410635,0.033012192696332925,-0.028457233682274815,-3.7573336157947774e-06,-0.026793269440531727,-0.06799668818712233,0.1112273707985878,0.07638613879680634,-0.026476994156837463,0.009265435859560966,0.03528189659118652,-0.1016738787293434,0.0025578406639397144,-0.06177471950650215,-0.014416645281016827,0.04386674612760544,0.027457311749458313,-0.04598269984126091,-0.02121117152273655,0.02702357247471809,0.055053729563951485,0.040795691311359406,-0.06125004589557648,-0.10149655491113661,0.00016982370289042592,0.0677478089928627,-0.02664530649781227,-0.05660597234964371,0.007245698478072882,0.02377570234239101,-0.07506006211042403,-0.017664052546024323,0.04210686311125755,0.00626093940809369,-6.347910675685853e-05,-0.025517487898468968,-0.009280841797590256,9.751890320330858e-05,-0.04897383600473404,-0.0568380132317543,0.026916900649666783,0.06763751804828644,0.06454522907733917,-0.02209380641579628,0.022662682458758358,-0.008450930938124657,-0.029137207195162773,0.05003441870212554,0.0439642146229744,0.016924647614359856,0.05250968411564826,-0.10104352980852128,-0.02005166932940483,-0.025220930576324463,-0.012095187790691853,0.011342285200953484,-0.00882828887552023,5.069760845799465e-06,0.008936653845012188,0.017367536202073097,-0.006049165967851877,-0.04537064209580421,-0.010250794701278208,-0.04573925957083702,-0.012763886712491512,0.08699395507574081,-0.011356005445122719,0.024285754188895226,0.1114216074347496,0.021564140915870663,-0.061589766293764114,6.768121966160834e-05,-0.06857408583164215,0.01473591849207878,-0.014233794994652271,-0.06268942356109619,0.032684143632650375,-0.0729304775595665,-0.028098464012146,-0.06772195547819138,-0.05414877086877823,-0.029157275334000587,0.001994949532672763
0.015150408260524271,-0.07783072441816331,-0.013452544808387756,0.04359584674239159,-0.02618067152798176,-0.007932243868708609,-0.03175349906086922,-0.06283724308013916,0.004839453380554914,0.026998519897460938,0.0,0.02685968950390816,-0.00679576164111495,-0.061491996049880975,0.06955216825008392,-0.04018256068229675,-0.03890245780348778,-0.007768595125526189,-0.03651175647974014,-0.008000420406460762,-0.024426443502306935,-0.015163199976086617,0.07160881161689758,0.011062752455472946,0.05510583892464638,0.15388761460781095,0.016296489164233208,-0.022609384730458256,-0.03078341297805309,-0.04778880998492241,-0.028602896258234978,-0.04496259242296218,-0.03831499069929122,-0.04246036708354949,-0.0022438853047788143,-0.017807310447096825,0.013524929992854595,-0.07073812186717987,0.05751391127705575,-0.004410386551171541,-0.02818375639617443,-0.035442549735307693,-0.13732315599918363,0.016032366082072258,-0.05048392340540886,-0.05542103573679924,0.0395931638777256,-0.05606499686837196,-0.022604564204812046,0.05825957283377648,0.1050521284341812,6.495673733297735e-05,0.018894247710704803,-0.0012221989454701543,0.006334897596389055,-0.013006859458982944,0.017855223268270493,0.006778344046324492,0.0030268016271293163,-0.04447499290108681,0.030753595754504204,0.004455010872334242,-0.008217309601604937,0.04890633374452591,-0.01498325541615486,-0.07129961997270584,-0.010834451764822006,-0.0009380305418744684,0.05469275265932083,-0.016582757234573364,-0.06602299213409424,-0.03579532355070114,0.055007103830575936,-0.04069511219859123,0.05320833250880241,-0.054370712488889694,-0.029405822977423668,0.021732572466135025,0.10751781612634657,-0.0978485718369484,-0.010597041808068752,-0.022276645526289936,0.056718647480010986,-0.018971849232912064,-0.09829688817262648,0.02863350324332714,0.00892038643360138,0.0014124909648671746,0.016970107331871986,-0.0363762192428112,-0.08915530890226364,-0.0009734319173730909,-0.04163552448153496,-0.02659955807030201,0.01119041722267866,-0.031215736642479897,0.035476282238960266,-0.05951833724975586,-0.0029059327207505703,0.011416841298341753
-0.03583083301782608,-0.029859486967325207,0.06346099078655243,-0.09129108488559723,0.009544409811496735,-0.07148799300193787,0.08586410433053969,0.038295123726129525,0.0273036640137434,-0.08736711740493774,0.02685968950390816,0.0,-0.006227472331374884,0.05829762294888496,-0.023979049175977703,0.02629046700894833,-0.0013354363618418574,-0.037693258374929435,0.09144211560487747,-0.013403857126832008,-0.010526873171329498,-0.03665049001574516,-0.06675837188959122,0.0238529983907938,0.04055436700582504,0.07724269479513168,0.016207661479711533,-0.029571343213319775,-0.060560692101717,0.01709354668855667,-0.014334559440612791,0.0009941342286765575,-0.06148681044578552,-0.061205219477415085,-0.1144365295767784,0.07211268693208694,-0.02543631382286549,-0.12426285445690156,0.03312738239765167,-0.0037645178381353617,-0.013215547427535055,0.12211834639310835,-0.0505266711115837,6.68316999963281e-07,0.017211394384503365,-0.06751661747694016,-0.001980382250621915,-0.023994043469429016,-0.00741612073034048,-0.04175398126244545,-0.02482922375202179,-0.007447871845215558,-0.05624501779675484,0.07431408762931822,-0.016057148575782776,-0.06036015972495079,0.014896880835294724,-0.055085934698581696,0.0019042633939534424,0.07890354841947556,0.058508504182100296,0.01265424396842718,-0.07938683778047562,-0.03351849317550659,-0.000388214917620644,0.01139033306390047,-0.0005459056119434536,0.031993214040994644,-0.10743343085050581,-0.07576040923595427,0.006495121866464615,0.07981366664171219,-0.04653611406683922,0.03203675523400307,0.04933115839958191,0.03752148151397705,-0.03281985968351364,0.020515527576208115,-0.06165933236479759,-0.016191082075238228,-0.010975599288940428,0.018005117774009705,-0.03416317701339722,0.04990821704268456,-0.016561802476644516,0.03176042810082436,-0.05190163478255272,-0.03967324271798134,0.00077780126594007,-0.03128287196159363,0.028956739231944084,0.02130231261253357,-0.0521974228322506,-0.09853247553110121,0.03577664494514465,0.01808025874197483,0.017944732680916786,0.025598393753170967,0.02828284725546837,-0.02307520806789398
-0.09215123951435088,-0.019109232351183888,0.01875905692577362,0.016919605433940887,0.026975778862833977,0.022621646523475647,-0.04343876615166664,-0.09347794950008392,0.014293068088591099,-0.02935945615172386,-0.00679576164111495,-0.006227472331374884,0.0,-0.024157850071787838,0.02102360874414444,0.016190603375434875,0.06041732430458069,0.01440929900854826,-0.031947679817676544,-0.011981070972979069,-0.037996914237737656,-0.034153081476688385,0.0002266380179207772,0.011550884693861008,0.010787086561322212,-0.03937585651874542,0.0061821099370718,-0.010144170373678207,-0.03889799490571023,-0.028838409110903736,-0.017307588830590248,0.0354808084666729,0.07189823687076569,0.012799454852938652,0.03210856020450592,0.004242104943841696,-0.08602883666753769,0.01781558431684971,-0.05480179563164711,-0.03765606880187988,0.03408227488398552,0.021940363571047783,0.015846258029341698,-0.015598141588270664,-0.029212445020675656,-0.02814609184861183,-0.0784696266055107,-0.03185076639056206,-0.04194238781929016,0.032895393669605255,0.04121227934956551,-0.01292668469250202,-0.03092083521187305,-0.024765469133853912,-0.060975182801485055,-0.03580824285745621,0.04202193021774292,-0.01698463223874569,-0.05688933283090592,0.051127392798662186,-0.07633424550294877,0.19106654822826383,-0.009038195945322512,-0.02349451743066311,0.06225104257464409,-0.028799042105674744,-0.038419146090745926,-0.018955079838633537,-0.09257247298955917,-0.03890057280659676,0.0002613469259813428,0.014648421667516232,0.03643960878252983,0.028716905042529103,-0.10088162869215012,0.045751996338367455,0.0004627279413398355,-0.035278819501399994,-0.02612205035984516,-0.04540717601776123,0.07040742039680481,-0.02379750646650791,-0.014407422393560408,-0.0731278955936432,0.002454155357554555,0.03218253701925278,-0.029040701687335968,0.04545308649539948,0.027519192546606064,-0.025582443922758102,-0.08016105741262437,-0.02962253428995609,0.03489236161112785,-0.038063809275627136,0.028990712016820908,0.015380906872451304,0.03222634643316269,-0.0423918105661869,0.05740337446331978,-0.048095494508743286
0.030351057648658752,0.011125151999294756,-0.012016518972814085,0.07815990597009657,-0.025358008220791817,-0.02209398522973061,-0.054402813315391534,-0.05718539655208588,-0.031707387417554855,-0.032626744359731674,-0.061491996049880975,0.05829762294888496,-0.024157850071787838,0.0,0.06540261209011078,-0.08139928430318832,0.05275558307766914,-0.04144778475165367,0.05152669176459312,-0.0588328093290329,-0.017183691263198853,0.042979948222637177,0.016685189679265022,0.02341585047543049,0.01633632369339466,-0.000888436974491924,-0.07393685728311537,0.01446532178670168,0.010068605653941631,-0.01362128648906946,0.009165798313915728,0.00842628628015518,0.0005043462733738124,-0.07996325194835664,0.0180212426930666,0.04466097056865692,-0.04510369524359703,-0.03805786371231079,0.08086955547332764,-0.0027561888564378023,0.002582833170890808,0.03534209728240967,-0.029981460422277447,-0.001482667401432991,0.0192498117685318,0.06681143492460251,-0.06364386528730392,-0.07356026023626326,-0.029065940529108047,0.06045418232679367,-0.017414981499314308,0.030774565413594242,-0.05064141377806664,-0.0732278823852539,-0.010320993140339851,0.0167082529515028,-0.008235270157456398,0.023626515641808506,-0.024156946688890457,-0.0006487285136245191,-0.042867742478847504,-0.009553490206599236,-0.044582545757293694,-0.0035016548354178667,0.05684134736657143,0.08076844364404678,0.024600310251116753,-0.08447049558162689,-0.032805513590574265,0.10203447937965392,-0.00990600138902664,-0.016145894303917885,-0.004099168814718723,-0.06926579773426056,-0.050210587680339806,-0.11118106544017792,-0.008097238838672638,0.059542357921600335,-0.09922771900892256,0.03849520161747933,0.012101243250072002,0.011532866396009922,0.022001000121235847,-0.02507485449314117,0.007043737452477217,-0.0012429032940417528,-0.029988294467329975,0.01020647305995226,-0.015652069821953773,-0.0516413152217865,0.009280233643949034,-0.014467731118202208,-0.01548939011991024,0.029506590217351917,-0.0026599632110446687,-0.13992071151733398,-0.022324873134493828,-0.010753076523542404,-0.048410866409540176,-0.008019194938242435
-0.012203610502183436,-0.07352972775697708,-0.02609315887093544,-0.030199533328413963,0.018181582912802696,-0.011058645322918892,-0.041630569845438,0.047205690294504166,0.029003674164414402,-0.08800958096981049,0.06955216825008392,-0.023979049175977703,0.02102360874414444,0.06540261209011078,0.0,-0.04060544818639755,-0.01978136599063873,-0.049811478704214096,-0.00938378181308508,0.07052737474441528,0.08870446681976318,-0.0703173577785492,-0.03276945278048515,-0.04244200512766838,0.0017699790187180042,0.013922998681664467,-0.05811922624707221,-0.0076133934780955315,0.03867289796471596,0.02430929988622665,0.05275453627109528,-0.008726005442440508,0.003751753829419613,0.016989760100841522,0.07438818365335464,-0.05601624771952629,-0.010721114464104176,0.06786199659109116,-0.07837217301130295,0.009626426734030247,0.013713693246245384,-0.06533858180046082,0.006263465154916048,-0.0015007847687229514,-0.07887717336416243,0.008233623579144476,-0.06540364772081375,-6.717187352478504e-05,0.00457322271540761,-0.07664259523153305,-0.021832579746842384,0.043887924402952194,0.05109796673059464,0.006111323367804289,-0.023733172565698624,-0.021449891850352287,0.0085409851744771,-0.02478001080453396,0.04743671417236328,0.016024421900510788,-0.07681766152381897,-0.044965513050556176,0.04353631660342216,0.006354901008307934,-0.033972810953855515,0.2634170055389404,-0.01546935923397541,0.05019166320562363,-0.07040660828351974,-0.05733188986778259,-0.08702991902828217,0.05778094381093978,-0.013432571664452553,-0.024475933983922005,0.06258491426706314,-0.02372807823121548,-0.002869605552405119,-0.02037474513053894,0.04527225717902184,-0.09328764677047728,0.004878327716141939,-0.0012339152162894607,0.034132327884435654,-0.010348793119192123,-0.013101711869239809,-0.04299577698111534,-0.019591448828577995,-0.019256450235843655,0.01725088059902191,-0.0744860991835594,-0.013822734355926512,-0.02319549024105072,0.011630553752183914,-0.0166129469871521,-0.044771462678909295,0.0465245209634304,-0.019434815272688866,-0.04393605887889862,-0.04840635880827904,0.03026482835412025
3.1344192393589765e-05,0.030955974012613297,-0.09691035747528076,0.05760762095451354,-0.020501999184489247,-0.029965924099087715,0.06936189532279968,0.07159266620874405,0.00046049006050452585,-0.03726007416844368,-0.04018256068229675,0.02629046700894833,0.016190603375434875,-0.08139928430318832,-0.04060544818639755,0.0,0.04428384453058242,0.04311226308345795,-0.055170677602291114,-0.07341056317090988,0.01934602111577988,-0.10716089606285097,0.04499596357345581,-0.01818262413144112,-0.033883679658174515,0.008846228942275046,0.036735814064741135,0.010106299072504044,-0.02445058524608612,0.03591495379805565,0.06409042328596115,-3.1595127438777126e-06,-0.041355889290571206,-0.032063670456409454,-0.015458501875400543,-0.0006767854210920632,0.034604966640472405,0.06494902074337006,0.04426303505897521,-0.05823227018117905,-0.001262303441762924,-0.020703395828604695,-7.031775021459907e-05,0.007977357134222984,0.011220840737223623,-0.03032049350440502,-0.06717058271169662,-0.03756433725357056,0.007220604456961155,0.035254642367362976,0.08723592013120651,-0.03316272422671318,0.052029293030500405,-0.03766506537795066,-0.003855118295177817,0.05201052129268646,0.017480997368693352,-0.019597362726926804,-0.058927066624164574,-0.000260364031419158,0.04916658252477646,-0.08819326013326644,-0.03847463428974152,-0.0008005568524822592,-0.033853016793727875,0.06303039938211441,-0.04005875438451767,-0.020148994401097298,-0.08302535861730574,0.0015969224041327834,0.07559301704168318,-0.02053387463092804,-0.02016391232609749,0.07309674471616745,-0.011309823021292686,-0.000816701620351523,-0.0839022621512413,0.031250759959220886,-0.040461387485265725,-0.08308233320713043,0.03348826244473457,0.037141669541597366,0.07626278698444366,0.012127491645514963,-0.05100618675351143,0.0007508806302212178,0.026254281401634216,-0.0535430945456028,-0.12146030366420744,-0.007338297087699174,-0.04732343181967735,-0.004125251434743404,0.019150547683238983,0.04217996820807457,-0.012436181306838988,-0.14877310395240784,0.0637923926115036,-0.02835335582494736,-0.046198014169931405,-0.023624280467629433
7.842913873901125e-06,0.04373382776975632,-0.07017824798822403,0.045911066234111786,-0.048305436968803406,-0.06447622179985046,-0.022781109437346455,-0.03320731967687607,0.018385997042059895,-0.09843210875988007,-0.03890245780348778,-0.0013354363618418574,0.06041732430458069,0.05275558307766914,-0.01978136599063873,0.04428384453058242,0.0,0.033729515969753265,0.06849229335784912,-0.044453613460063934,0.04566673561930656,-0.005219001322984696,0.06475066393613815,0.015723610296845436,0.06761863082647324,-0.047261424362659454,-0.10801706463098526,0.02479374222457409,0.04879367724061012,-0.07932028919458389,-0.09353017061948776,2.8604797989828512e-05,-0.04377937316894531,0.11786111444234848,0.07714139670133591,0.006968129426240921,0.0617733970284462,-0.0033832218032330275,-0.024288741871714592,-0.039259161800146096,0.025701357051730156,-0.060388203710317605,-0.03285061568021774,-0.06709527969360352,0.005092139355838299,-0.01303789298981428,0.06868910044431686,0.0504174754023552,-0.04064203426241875,-0.02604945935308933,0.010639539919793604,0.03681040182709694,-0.021484775468707085,-0.024440130218863487,0.01346359308809042,-0.009711332619190216,-0.08114945143461227,-0.035745732486248016,0.048372939229011536,-0.008814534172415733,0.11711309105157852,-0.008845399133861065,-0.06399532407522202,-0.04434046894311905,0.06932883709669113,-0.02731494605541229,0.030252791941165924,0.001837871386669576,0.007093513850122689,-0.14372088015079498,-0.016327770426869392,-0.003379839239642024,0.05385414138436317,-0.04414470121264458,0.04934730753302574,0.04083029925823212,-0.02602744661271572,-0.06972861289978027,-0.015731731429696083,0.03030692785978317,-0.04889800772070885,-0.04299098998308182,0.021114086732268333,-0.08444604277610777,-0.057017970830202096,-0.039295922964811325,0.014364776201546192,0.07357281446456909,-0.0643116682767868,-0.014897193759679794,0.07466068863868713,0.02860216237604618,-0.05000193417072296,-0.017914820462465286,-0.03711618110537529,-0.020959168672561646,0.0006927111535333097,-0.01378332544118166,0.01632695272564888,0.005695650819689035
-0.002050257986411452,0.0005904115969315171,-0.019027555361390117,0.02772370167076588,-0.03548379987478256,-0.01729545369744301,0.002546627772971988,0.017022836953401566,0.005643509328365326,0.014236239716410635,-0.007768595125526189,-0.037693258374929435,0.01440929900854826,-0.04144778475165367,-0.049811478704214096,0.04311226308345795,0.033729515969753265,0.0,0.011421303264796732,-0.04631973803043365,0.13155671954154968,0.01289499830454588,0.003651881590485573,0.07785908877849577,-0.04598145931959152,-0.02048288658261299,0.011675184592604635,-0.06243107095360756,-0.06430017203092575,0.03973640874028206,0.047759007662534714,0.03947482630610465,-0.02310999669134617,0.009145515970885752,-0.010424026288092136,-0.03720895200967789,0.00890773069113493,-0.0009784635622054338,-0.04118512570858002,-0.01716253161430359,0.041440967470407486,0.07932692021131516,-0.1047087237238884,0.07242357730865479,-0.025087034329771996,-0.11113391816616058,0.01960544846951961,-0.01063053123652935,0.024515189230442047,-0.0157634224742651,0.02273832820355892,-0.014215110801160336,-0.002246846444904804,-0.05884727835655213,0.05283852294087409,-0.03195417299866676,0.04967697337269783,-0.02799075655639172,0.01422418002039194,-0.08872278034687042,0.0570254921913147,-0.03536492958664894,0.08011272549629211,-0.008297364227473734,0.03160053864121437,-0.06222354993224144,0.04714646935462952,-0.018968291580677032,-0.03167838975787163,0.10236620903015135,-0.10175811499357224,-0.04081077128648758,-0.01384157221764326,-0.03092337027192116,0.0067102285102009765,-0.043516721576452255,0.10492932796478271,-0.0112519608810544,0.02998976781964302,-0.09818248450756073,-0.001494633499532938,-0.04434015974402428,-0.12622782588005063,-0.007777248043566942,0.022083461284637448,-0.010712353512644768,0.022470522671937943,-6.74434268148616e-05,0.06774619966745377,-0.10961035639047623,0.03441866114735603,-0.028569348156452175,2.5473729692748748e-05,-0.14137324690818787,-0.040766362100839615,0.004212061408907175,-0.011512556113302708,-0.0018465328030288215,-0.09496889263391495,0.01671655662357807
