0,1,2,3,4,5,6,7,8,9,10,11,12,13,14,15,16,17,18,19,20,21,22,23,24,25,26,27,28,29,30,31,32,33,34,35,36,37,38,39,40,41,42,43,44,45,46,47,48,49,50,51,52,53,54,55,56,57,58,59,60,61,62,63,64,65,66,67,68,69,70,71,72,73,74,75,76,77,78,79,80,81,82,83,84,85,86,87,88,89,90,91,92,93,94,95,96,97,98,99
0.0,0.03024585172533989,-0.1190662607550621,0.03539029881358147,-0.09125225991010666,-0.0020938646048307414,-0.026332909241318703,-0.07745768129825592,0.009026525542140009,0.06011618301272392,-0.0102316839620471,0.00406148098409176,-0.04981303215026856,0.028239119797945023,-0.0807557925581932,0.18412132561206815,0.004082517232745886,0.015064277686178684,-0.04397866874933242,0.06674887239933014,-0.053725466132164,-0.04085447266697884,0.005594509653747082,-0.03259412944316864,-0.07260263711214066,0.052490171045064926,-0.01843380369246006,-0.029552524909377095,-0.10724905878305437,-0.06563089787960052,0.14878594875335693,0.038740623742342,-0.007925567217171192,-0.01715787686407566,0.03990541025996208,0.0031309823971241713,0.09108491241931917,-0.020772131159901615,-0.01858992129564285,-0.1025264635682106,-0.042138691991567605,-0.07590492814779282,0.08365675806999207,0.05831192433834076,0.01387227140367031,0.01710100658237934,0.056182146072387695,-0.12452272325754164,0.040987353771924966,-0.07376757264137267,0.010907900519669056,0.07531802356243132,-0.04436849802732468,-0.018879545852541924,0.027121044695377346,0.12013421207666396,0.02225514128804207,-0.13110220432281494,-0.19158010184764865,0.04946617782115936,0.06366223096847534,0.02750692330300808,-0.03239773213863373,0.09053869545459747,0.1598600596189499,-0.03151159733533859,0.03951095789670944,-0.3758057951927185,0.07688289880752563,-0.04896669089794159,-0.06992634385824203,-0.04179619997739792,0.0572243258357048,0.05719618126749992,-0.09202097356319427,0.1168624460697174,-0.023706870153546333,0.03757371008396149,-0.11164063215255736,-0.014886456541717052,-0.047568317502737045,0.19509974122047424,-0.10495663434267044,0.140064999461174,-0.05299309268593788,-0.17709439992904663,-0.014897318556904793,-0.016125816851854324,-0.05143000558018684,-0.07540826499462126,-0.0729299932718277,0.1129174828529358,0.008029614575207233,-0.07360552251338959,0.028118316084146496,-0.002035390119999647,-0.031136641278862957,0.013614436611533163,-0.035284969955682755,-0.0606876015663147
0.03024585172533989,0.0,0.20787858963012693,-0.18289639055728912,-0.11258989572525024,-0.24199505150318143,-0.03510877862572669,0.024627666920423508,-0.17982779443264008,0.06590301543474197,0.029170922935009,0.05367342382669449,-0.15683889389038083,0.0716356635093689,-0.007689716294407843,-0.08972279727458954,-0.006582428701221943,0.1396407186985016,-0.05559258535504341,-0.035495590418577194,-0.06991814076900482,0.2280094027519226,-0.08607949316501617,-0.2484925091266632,-0.03598960116505623,-0.11967789381742476,0.10270943492650984,0.08794607967138289,0.06071963161230087,-0.11500304192304613,0.1585846096277237,-0.04092605039477348,-0.023879935964941975,0.011734974570572376,-0.033630196005105965,0.14476652443408966,0.1325986534357071,-0.03983152657747269,-0.15425580739974976,0.06008009612560272,0.03813743591308594,-0.12370884418487547,0.020326154306530952,0.058198440819978714,-0.10244452953338624,0.03609997406601906,0.03439724072813988,-0.2267044186592102,-0.04430347681045532,-0.03742292150855064,-0.05465066060423851,0.06832882761955261,0.15479493141174316,0.1457478106021881,0.043982677161693566,-0.0065739057026803485,-0.11027469485998152,-0.013777089305222034,0.05014875158667564,-0.05432123318314552,-0.024893997237086296,-0.1826210021972656,0.0970361828804016,-0.04216022416949272,-0.18800042569637296,0.11934205144643784,-0.14020341634750366,0.23823659121990204,-0.11763957142829896,-0.02699947729706764,0.1017906367778778,-0.17085987329483032,0.08795085549354553,-0.02227524295449257,0.13208842277526855,0.0032524841371923685,-0.13592171669006348,-0.03394616022706032,-0.0030437607783824205,-0.005445345304906368,-0.024503188207745552,-0.12509728968143463,-0.09839921444654463,-0.010983716696500778,0.034487493336200714,0.15801554918289185,-0.1574508100748062,0.0719916895031929,-0.06899069994688034,-0.06389257311820984,-0.02821231633424759,-0.004285003058612347,0.0016843939665704963,0.017552779987454414,0.11914823949337004,-0.30660778284072876,0.032094862312078476,0.04911739006638527,0.1518370807170868,-0.04854604974389076
-0.1190662607550621,0.20787858963012693,0.0,-0.05969342589378357,-0.1095808818936348,0.08543235063552856,-0.1115131303668022,0.04483672231435776,-0.07762501388788222,0.02168809063732624,0.059387516230344765,0.02685721963644028,0.04173948988318443,-0.015010283328592776,-0.056690920144319534,0.22772975265979767,-0.05204683542251586,-0.023669155314564705,0.10014234483242034,-0.07234399765729904,0.05724043399095535,-0.08299442380666733,-0.006049875169992447,0.07013846933841705,-0.02829740568995476,0.038699325174093246,0.033351778984069824,-0.07239334285259248,-0.03547442704439163,-0.06119804456830025,0.1913866549730301,0.14022716879844663,-0.3125181794166565,0.051084071397781365,-0.007235102821141481,0.0009774925420060752,0.00014402487431652844,-0.028558591380715367,-0.06656526029109955,0.0107533847913146,0.02785340696573257,-0.10309310257434844,-0.07764879614114761,-0.0224768090993166,0.08711199462413789,-0.08706321567296982,-0.007060331292450428,-0.021354602649807927,-0.06743042171001433,0.09900674968957901,-0.006325391121208668,-0.005510484334081411,0.032999321818351746,-0.05270710587501526,0.11247461289167404,-0.0007025132072158158,-0.013046838343143463,-0.014729020185768604,0.03998459130525589,-0.1661561131477356,0.06555909663438797,0.029118707403540608,0.039859987795352936,-0.03982133790850639,-0.009850251488387585,0.00866160914301872,0.03300550580024719,-0.1745777428150177,0.009800736792385578,-0.07166735827922821,-0.14742445945739746,0.012863945215940475,-0.07149124890565872,-0.07485756278038026,0.08682767301797865,0.05360096320509911,0.07935538142919539,0.09195575863122941,-0.08409200608730316,-0.043762411922216415,-0.05007122084498405,0.10232118517160416,0.07730838656425475,-0.12898845970630643,0.04494011029601097,0.05835137888789177,-0.09241671860218048,0.0730486363172531,-0.040376927703619,-0.22856298089027405,-0.1475316286087036,0.08704671263694763,0.03786798194050789,-0.13582831621170044,0.18793168663978577,-0.015821946784853935,-0.08937215059995651,0.0199686735868454,0.1436389535665512,-0.011359539814293385
0.03539029881358147,-0.18289639055728912,-0.05969342589378357,0.0,0.12847207486629486,-0.04188170656561852,-0.030688395723700523,0.0605933703482151,0.08413762599229811,-0.10648625344038008,-0.10478361696004868,-0.04958657547831535,-0.11499810963869093,-0.21488013863563535,0.027198970317840576,-0.07272866368293762,-0.1038302332162857,0.07878957688808441,0.24502274394035337,-0.050748247653245926,0.102497398853302,-0.08737032115459442,0.15046115219593048,0.11464913189411163,0.02237935177981853,0.09507471323013304,0.02167574875056744,-0.18516044318675995,-0.048440705984830856,-0.03459559753537178,0.10236629843711852,-0.26781928539276123,-0.0026500746607780457,0.008420345373451708,-0.12481866031885148,-0.09661702811717987,-0.051181938499212265,-0.03625880926847458,0.2665656805038452,0.04723172634840012,-0.1777736395597458,0.02672550454735756,-0.14231885969638824,0.0312642827630043,-0.05584050714969635,0.038704879581928246,0.05851862952113152,0.13777098059654236,-0.06818545609712601,-0.1999717354774475,-0.0032227826304733758,-0.05860057473182678,-0.13582324981689453,0.03368799760937691,-0.08653461188077927,0.05534793436527252,-0.02118396386504173,0.12296946346759796,-0.04069732129573823,0.08485504984855652,0.06393347680568695,0.1662392020225525,0.05263643711805344,-0.07319965213537216,0.03356853872537613,0.0969669595360756,0.12928493320941925,-0.24294285476207733,-0.03559340164065361,0.033648762851953506,-0.27867648005485535,0.009789241477847101,-0.1879115849733353,-0.2717233002185821,-0.047364477068185806,-0.16572223603725433,0.08828967809677123,-0.04863220080733299,0.05809422582387924,-0.05729578435420989,0.10329305380582808,-0.119645856320858,-0.02233297936618328,-0.004883505403995514,0.13234193623065948,-0.06314793229103088,0.09525740891695023,-0.06063930690288544,0.1861553341150284,0.14118574559688568,0.1611117720603943,-0.0516413189470768,0.1198432520031929,0.14954455196857452,-0.12352696806192398,0.19527797400951383,0.0121245589107275,-0.02038170211017132,-0.13057972490787506,-0.0006615621387027204
-0.09125225991010666,-0.11258989572525024,-0.1095808818936348,0.12847207486629486,0.0,0.1058192104101181,0.09449873864650726,0.0808173343539238,0.07219672948122025,0.09306206554174425,0.02101370133459568,-0.10288111865520476,0.11880752444267272,0.06151052936911583,-0.038289643824100494,0.0538797564804554,-0.08741710335016249,-0.1959537863731384,-0.13773900270462036,0.01526062935590744,-0.1282343566417694,-0.1356438100337982,-0.028400683775544167,0.08326269686222076,0.054567161947488785,0.04017380625009537,-0.045390285551548,0.02321358397603035,-0.013741357252001762,0.04516099393367767,-0.14960335195064545,0.16677650809288025,-0.050669994205236435,0.05257439240813255,0.1344187557697296,-0.07682417333126067,-0.14242850244045255,0.0987093597650528,-0.1747636646032333,-0.051854316145181656,0.0383032076060772,-0.05438828468322754,0.0658055767416954,-0.07167372852563858,0.052422437816858285,-0.012165352702140808,-0.07945609837770462,0.17806918919086456,0.0852668061852455,0.10688791424036026,-0.0582893081009388,-0.08481452614068985,0.09605732560157776,-0.13654319941997528,0.015087758190929888,-0.015092013403773308,0.029068773612380028,-0.05391875654459,0.03442804887890816,-0.03449469432234764,-0.15604679286479947,-0.005386666394770145,-0.18517220020294187,0.06561215966939926,0.005698271095752716,-0.086875818669796,0.0933632031083107,-0.01659129373729229,0.07468445599079133,0.05457441881299018,0.045832350850105286,-0.06005903705954552,-0.058038495481014245,0.13815195858478546,-0.09808987379074097,0.07403744757175444,0.055419180542230606,0.07634432613849639,0.013179230503737926,-0.08776824921369553,0.1193867176771164,-0.004267618991434574,0.07803216576576233,-0.13857653737068176,-0.07859862595796585,-0.08225063234567642,0.02059668116271496,0.003058474510908127,-0.0008773829322308302,-0.07988952100276947,0.03352609649300575,-0.06732441484928131,0.00812405813485384,-0.15273280441761017,-0.04288187250494957,0.033870898187160485,-0.02662362903356552,-0.08084198087453842,-0.08335893601179123,0.01216558553278446
-0.0020938646048307414,-0.24199505150318143,0.08543235063552856,-0.04188170656561852,0.1058192104101181,0.0,0.1696273386478424,-0.015661766752600666,0.1441573202610016,0.035002827644348145,-0.06379036605358124,-0.02603429369628429,-0.05454171821475029,-0.05248455703258514,-0.13226883113384247,-0.2699614465236664,0.031091526150703434,-0.02858256921172142,0.04601475968956947,-0.01614169217646122,-0.03280032426118851,-0.02064772881567478,0.061672680079936974,-0.03796030580997467,0.0555887334048748,0.02458835020661354,-0.01755901239812374,0.0041280356235802165,0.04728566855192184,0.03797498345375061,-0.17654153704643247,-0.2950607240200043,0.33078548312187195,-0.007380560506135225,-0.08888623118400572,-0.04356512799859047,-0.03964456170797348,0.11213653534650803,-0.06171878799796104,0.014997552148997784,0.1170319765806198,-0.02754514105618,-0.03221958875656128,-0.06506110727787018,-0.05936349928379058,0.0077069224789738655,0.06888062506914139,0.04474666714668274,0.07952718436717987,-0.225498840212822,0.01704842783510685,-0.07890444993972777,-0.10618863999843596,0.061741851270198815,-0.005280230194330216,-0.0010751372901722789,-0.0005435094935819507,0.05211653187870979,-0.05609169602394104,0.03710826858878136,-0.1733328104019165,-0.029704654589295387,-0.028998009860515594,0.018100596964359283,-0.038547635078430176,0.0008764353697188199,0.02067151851952076,-0.06246791034936905,-0.14832256734371185,0.16577714681625366,0.14965103566646576,-0.008332695811986923,0.025054769590497017,0.054319575428962714,-0.0942561700940132,-0.06691054254770279,-0.078907810151577,-0.08669457584619522,0.10583291202783585,-0.11121917515993118,0.22736726701259613,-0.22668294608592987,0.01467390451580286,0.03259699791669845,-0.12036094814538956,-0.14332294464111328,0.16504909098148343,0.0572170615196228,0.13049103319644928,0.1448010951280594,0.12297303974628448,-0.15615160763263702,0.01056439895182848,0.030989233404397964,-0.0212024599313736,0.05896450579166412,0.12999100983142853,-0.05887569487094879,-0.16887350380420685,-0.004972413182258606
-0.026332909241318703,-0.03510877862572669,-0.1115131303668022,-0.030688395723700523,0.09449873864650726,0.1696273386478424,0.0,0.08695300668478013,0.022935999557375908,0.13000603020191193,-0.03195001929998398,-0.05712015554308891,0.062440350651741035,0.05562167614698409,-0.14236322045326233,0.08963415771722794,0.11385689675807951,-0.1666771024465561,-0.11855948716402052,-0.017154451459646225,-0.15172186493873596,-0.16752387583255768,-0.03308378905057907,-0.005505187436938286,0.039123211055994034,0.12981747090816495,-0.031288426369428635,0.09916962683200835,0.029360100626945492,0.11678718775510788,0.021328426897525787,-0.12829211354255676,0.05861618369817734,-0.05443944409489632,0.06575531512498856,-0.019419254735112194,-0.11547771841287612,0.2318769097328186,0.0299307145178318,0.1379232406616211,0.14803065359592435,-0.0023782174102962017,0.045375969260931015,-0.12329398840665816,0.09891709685325623,-0.06787732988595963,-0.15392902493476868,0.02481434680521488,0.01094054151326418,0.07743392884731293,-0.003499794751405716,-0.17723913490772247,0.028361022472381592,-0.004830822814255953,0.007799474522471429,-0.03342176601290703,0.08507105708122253,-0.08846081048250198,-0.06732545047998428,-0.09193223714828493,-0.24506567418575287,0.03346506133675575,-0.21670167148113248,0.07636609673500061,0.08262734115123747,-0.11102687567472456,-0.06256522238254547,-0.018060320988297462,-0.07812462002038956,0.13349966704845428,0.2609088718891144,0.0009652337175793944,-0.018794851377606392,0.14568342268466947,-0.1871190369129181,0.08816166967153549,0.04901052638888359,0.039856359362602234,0.11773912608623505,-0.15897634625434875,0.11727039515972136,0.09784628450870514,0.08419858664274214,-0.08882527053356169,-0.197366327047348,-0.17675694823265076,0.05552034452557564,0.0013035065494477749,-0.0022982952650636435,-0.011455251835286616,0.01582074910402298,-0.22346737980842593,-0.04568178579211235,-0.2824157476425171,0.03506042808294296,-0.04048643261194229,0.05265651643276215,-0.087166927754879,-0.14110945165157318,-0.13273410499095917
-0.07745768129825592,0.024627666920423508,0.04483672231435776,0.0605933703482151,0.0808173343539238,-0.015661766752600666,0.08695300668478013,0.0,0.08497525751590727,-0.05400882288813591,-0.02577362023293972,-0.029646161943674088,-0.0009044176549650728,-0.0050440095365047455,-0.17549361288547516,-0.07482654601335524,-0.09225746989250184,0.06145718693733215,0.10551849007606506,-0.10031431913375854,0.16061937808990479,-0.051154356449842446,0.07193166017532349,0.13114845752716064,0.028137786313891407,0.104127399623394,-0.02512422762811184,-0.09783211350440979,-0.037263173609972,0.07547203451395033,0.07270763069391249,-0.16539163887500763,0.052402816712856286,-0.006986588705331087,0.0005069706821814179,-0.06788641214370728,-0.029603900387883183,0.026232115924358368,0.0312025249004364,-0.016021408140659332,-0.045728404074907296,0.009927354753017424,-0.0974762886762619,-0.01559305004775524,-0.035203661769628525,-0.10137863457202911,-0.05187578126788139,0.08229067176580429,-0.019203729927539825,-0.09048671275377272,-0.0226358063519001,-0.0025484452489763494,-0.21539911627769473,0.047033507376909256,-0.1361207813024521,-0.16027280688285828,0.07299035787582397,0.1267336457967758,-0.11939170956611632,-0.02281359955668449,-0.003128963755443692,0.02581510320305824,0.10757175087928772,0.0031755962409079075,-0.03292110562324524,-0.02463476359844208,0.00012713400064967573,-0.07752560079097748,-0.06931353360414505,-0.1194569021463394,-0.0925830528140068,-0.0999183803796768,-0.01467905193567276,-0.1434447467327118,0.14692591130733487,-0.05903785675764084,0.1105484664440155,-0.004357959143817425,0.05816403403878212,-0.020608086138963696,-0.08983004838228226,0.10351930558681488,0.031630031764507294,0.062307294458150864,-0.052763521671295166,-0.08971897512674332,0.02337738499045372,0.09175178408622739,0.15444514155387878,0.06414056569337845,0.06493537127971649,0.08182287216186523,0.1018475517630577,0.10604152828454971,-0.006843873299658298,0.029393136501312252,-0.010819398798048496,-0.09404318779706955,-0.08323318511247635,0.12018342316150664
0.009026525542140009,-0.17982779443264008,-0.07762501388788222,0.08413762599229811,0.07219672948122025,0.1441573202610016,0.022935999557375908,0.08497525751590727,0.0,-0.0040418561547994605,-0.053895004093647,-0.07560330629348755,-0.04764053225517273,-0.1417810022830963,-0.006954008713364601,-0.044028665870428085,0.007781627122312784,-0.1323223114013672,-0.04787357524037361,0.10769522190093994,-0.10651201754808425,-0.08714134991168976,0.04886123165488243,0.03700349852442741,-0.068403460085392,0.029076566919684407,0.018323551863431927,-0.042325571179389954,-0.037666063755750656,-0.09171023219823837,-0.07883836328983305,0.07028781622648239,0.40235662460327143,-0.05986306071281433,-0.08716879040002823,0.013602251186966896,-0.17832474410533905,-0.10067376494407652,0.03155780211091041,-0.15359394252300262,-0.06485945731401443,0.006006248760968448,-0.04238390922546387,-0.02184385620057583,-0.0316414088010788,0.09890429675579072,-0.025792837142944332,0.22614526748657224,0.007779307197779418,-0.12062137573957445,0.007163696456700563,-0.011674001812934875,-0.10590884834527968,-0.19583287835121155,-0.13840961456298828,0.10791032761335372,0.11620432883501051,0.03727047890424728,-0.034652672708034515,0.11376691609621048,0.09002111852169037,0.02683321200311184,0.03991767764091492,-0.00910799019038677,0.16131405532360077,0.012265815399587154,0.06636204570531845,-0.06295085698366165,0.022536510601639748,-0.08681131154298782,-0.11585990339517592,0.07718469947576521,0.05606798827648162,0.07787621021270752,-0.07301045209169389,-0.06777983158826828,-0.10063125938177107,-0.2261310368776321,-0.2600495219230652,-0.001810749643482268,-0.01590922847390175,0.004987932275980711,-0.008470434695482254,0.027166105806827545,0.08816110342741011,-0.08599746227264403,0.18314434587955475,-0.019872933626174927,0.04672807827591896,-0.014771209098398684,0.009380314499139784,-0.008466735482215881,-0.08427200466394424,0.14751301705837247,-0.007387722842395306,0.1182842031121254,-0.023647537454962727,-0.03090561553835869,-0.031222399324178692,0.009258472360670567
0.06011618301272392,0.06590301543474197,0.02168809063732624,-0.10648625344038008,0.09306206554174425,0.035002827644348145,0.13000603020191193,-0.05400882288813591,-0.0040418561547994605,0.0,0.07732190936803818,0.1070093810558319,0.02051239088177681,0.05561512708663941,-0.006175612565129995,0.005824529565870762,0.06761378049850464,-0.0783977061510086,-0.0030137249268591404,-0.06703293323516846,-0.05341117456555367,-0.026356358081102368,-0.022235915064811703,-0.15127088129520416,0.11289328336715698,0.00718031357973814,-0.05082176625728607,0.14100384712219238,-0.009439997375011442,0.06409850716590881,-0.05304151400923729,-0.1427040249109268,0.29459360241889954,0.08411722630262375,-0.032156407833099365,0.011602019891142843,-0.04929902404546738,0.1923518776893616,-0.18693360686302185,0.11000248789787292,0.07940246164798737,-0.021123621612787247,0.05948431789875031,-0.03389999642968178,-0.14423969388008115,-0.049865137785673135,-0.12073039263486862,-0.014409194700419903,0.03165386617183685,0.0034962338395416737,0.04024019464850426,-0.06613241136074066,-0.12047780305147172,0.15657952427864075,-0.0885826274752617,-0.07324243336915971,-0.07244160026311873,0.027139311656355854,-0.05958424508571625,0.013894221745431423,-0.17951293289661407,0.007227316033095121,-0.030003491789102554,0.017926208674907684,-0.08238045871257782,0.003333256114274264,-0.028010889887809757,0.1712893694639206,0.04645795747637749,0.03032608889043331,0.11317408829927444,-0.010973681695759296,0.058784600347280495,-0.03517160192131996,-0.06205404549837112,-0.006570577155798674,0.013635803014039992,-0.034339696168899536,0.1301041543483734,-0.11476334184408188,0.03291117027401924,-0.0020211820956319566,0.03756716474890709,-0.11530585587024687,-0.11944089084863661,-0.035636529326438904,0.04261033236980438,-0.08350759744644165,0.08426689356565475,0.208101823925972,0.10084722936153412,-0.185782328248024,-0.008291255682706831,-0.09450583159923552,0.027887409552931786,0.06166677922010422,-0.023831231519579887,-0.10749182105064392,-0.1379701942205429,-0.03649133816361427
-0.0102316839620471,0.029170922935009,0.059387516230344765,-0.10478361696004868,0.02101370133459568,-0.06379036605358124,-0.03195001929998398,-0.02577362023293972,-0.053895004093647,0.07732190936803818,0.0,0.09585367143154144,-0.06884761154651642,-0.035139478743076324,0.06127198413014412,0.02250665985047817,-0.05251425132155418,-0.0328979417681694,-0.01984331011772156,0.01664467714726925,-0.0522945262491703,0.07854484021663666,-0.029152320697903637,-0.09423762559890748,0.0005722260102629662,0.05149560049176216,-0.012318029999732971,-0.10960371792316435,0.040098901838064194,-0.04109629616141319,-0.02485276572406292,0.0318925604224205,-0.01565692201256752,0.03904651477932929,0.06407291442155838,-0.02475161664187908,-0.002390203066170216,-0.018633764237165448,-0.0023487526923418045,-0.05257360264658928,-0.018318001180887222,0.02825046330690384,0.03464379906654358,-0.032648373395204544,-0.010181019082665443,-0.02881715632975101,-0.10315494984388351,0.02119927853345871,-0.0070668598636984825,0.014962833374738692,0.13381358981132507,-0.07587118446826935,-0.007183784618973732,0.002537333173677325,0.05600261315703392,-0.09479648619890212,0.06087075918912888,0.006184575613588096,0.018104027956724167,-0.04631567373871803,0.04805617406964302,-0.005457479041069746,-0.06705179810523987,0.11053020507097244,-0.12144624441862106,0.014444834552705288,-0.08981247991323471,-0.05333627760410309,0.0732971653342247,-0.07268435508012772,0.051722388714551926,-0.018922993913292885,0.07424472272396086,0.025389080867171288,0.04387820139527321,-0.06753518432378769,0.005678877700120211,-0.15670794248580933,-0.05174164474010468,-0.035200539976358414,-0.03502668812870979,0.011716769076883791,-0.0674959272146225,-0.014523158781230448,-0.017441818490624428,0.013603275641798971,-0.06256320327520369,0.01902789995074272,-0.02671520598232746,0.06321963667869568,0.010534915141761301,0.05712457373738289,-0.08281784504652022,0.02994932420551777,-0.0015281075611710548,-0.0878545492887497,0.009752758778631687,0.05075964704155922,0.02597636729478836,-0.046772740781307214
0.00406148098409176,0.05367342382669449,0.02685721963644028,-0.04958657547831535,-0.10288111865520476,-0.02603429369628429,-0.05712015554308891,-0.029646161943674088,-0.07560330629348755,0.1070093810558319,0.09585367143154144,0.0,-0.1227077916264534,0.10460466891527176,0.05994463711977005,-0.0919635072350502,0.01786092296242714,0.11203771829605103,0.048239126801490784,-0.1374581009149551,0.1489545106887817,0.02144538424909115,-0.16822549700737,0.08358951658010481,0.012851816602051258,0.07675271481275558,0.06994304805994034,-0.03202994540333748,0.074611596763134,0.0025237672962248325,0.0841493159532547,0.05149640142917633,-0.17067925631999967,0.005453523714095353,-0.030262934044003487,0.0977422818541527,0.0043060495518147945,-0.060584086924791336,-0.0766002982854843,-0.021909536793828007,0.002500365022569895,-0.1480172723531723,-0.02743403986096382,0.03935522213578224,-0.06532317399978638,-0.04368365556001663,0.03098618984222412,-0.0788862556219101,-0.15313805639743805,0.09854065626859665,-0.1150183156132698,0.030794182792305943,0.05568890646100044,0.0451030470430851,-0.07018221914768219,0.01883627846837044,-0.01765827275812626,-0.016082752496004105,0.055279873311519616,-0.0529567152261734,0.04048154130578041,-0.002068694680929184,0.08966382592916489,-0.08688661456108093,-0.21435138583183289,-0.0029485425911843777,0.030036037787795063,0.07262841612100601,-0.01601875200867653,-0.11792831867933272,-0.012576143257319927,-0.1234929859638214,-0.06603953242301941,-0.11493386328220367,0.05048277974128723,-0.12007709592580797,-0.049590308219194405,0.08852166682481764,0.029695646837353703,0.009221231564879416,-0.010328032076358795,-0.02347070351243019,0.003978422377258539,-0.03731367737054825,0.09798932075500488,0.01952891796827316,-0.08373845368623732,0.10671031475067139,-0.0556810274720192,-0.11311186105012892,-0.05675636231899261,0.1022559031844139,0.11423141509294508,-0.0030888314358890057,0.03350406140089035,-0.18017590045928955,-0.04011891037225723,-0.04041606932878494,0.11516080796718596,0.024206165224313732
-0.04981303215026856,-0.15683889389038083,0.04173948988318443,-0.11499810963869093,0.11880752444267272,-0.05454171821475029,0.062440350651741035,-0.0009044176549650728,-0.04764053225517273,0.02051239088177681,-0.06884761154651642,-0.1227077916264534,0.0,0.1646525263786316,-0.0035026869736611843,0.04082040861248969,0.17497789859771729,0.0846187323331833,-0.08990593254566193,0.020969733595848083,-0.18805499374866483,-0.05497498437762261,-0.009715978056192398,-0.24653297662734985,0.034765273332595825,0.0357692576944828,-0.11890850961208344,0.035255514085292816,0.10867566615343092,0.07499565929174422,0.05437145382165909,-0.3103628754615784,0.06792750954627991,-0.10022257268428802,0.146028533577919,0.08796256780624388,-0.054617583751678474,-0.028003856539726257,0.113730788230896,-0.015288814902305605,-0.09240682423114777,0.15721219778060913,0.05610501021146774,-0.033820170909166336,-0.05544406175613403,-0.12570416927337646,-0.0797884091734886,-0.04848813638091087,-0.033497437834739685,-0.0034169473219662905,0.056554347276687615,0.04428315907716751,-0.012249337509274483,0.09383221715688704,0.07819193601608275,-0.04429399967193604,0.017422741279006004,-0.04793788492679596,-0.04803922399878502,0.016525784507393837,-0.1447770595550537,0.2024127095937729,-0.10553140938282012,0.02862445078790188,0.11852028965950012,0.016896381974220276,-0.08447732031345366,-0.07092329114675522,-0.2767573595046997,0.2185562551021576,-0.04297631978988648,-0.08845935761928558,-0.13188114762306213,0.05464847758412361,-0.01637444645166397,-0.0566377118229866,0.13009753823280334,0.08563891053199768,0.1036754697561264,0.09442607313394545,0.238891676068306,0.05519244074821472,-0.035802632570266724,-0.12037082016468048,-0.04106934368610382,-0.0445648469030857,0.014162969775497912,-0.12410890311002731,-0.10941734164953232,0.271934449672699,0.004491263534873724,-0.07316895574331284,-0.04533671587705612,-0.16124898195266724,-0.06312528252601624,8.29059790703468e-05,0.04964742809534073,0.04108608141541481,-0.13816912472248075,-0.09813014417886734
0.028239119797945023,0.0716356635093689,-0.015010283328592776,-0.21488013863563535,0.06151052936911583,-0.05248455703258514,0.05562167614698409,-0.0050440095365047455,-0.1417810022830963,0.05561512708663941,-0.035139478743076324,0.10460466891527176,0.1646525263786316,0.0,0.11665894091129302,-0.044061291962862015,0.02746857702732086,0.049675129354000085,0.053421974182128906,-0.001801552716642618,-0.03031434677541256,-0.007481736131012438,-0.0517926886677742,-0.18505990505218503,0.01633337326347828,-0.08096419274806976,0.06050494685769081,-0.056470107287168496,0.0186880137771368,-0.03589620068669319,0.14361953735351562,-0.14877794682979584,0.11625201255083084,0.015596814453601835,0.19249270856380463,0.020406248047947884,0.06642609089612961,-0.08504748344421385,0.06013350933790207,-0.028502415865659717,0.0345686599612236,-0.048155974596738815,-0.10236766934394836,0.012966492213308811,0.020926877856254578,-0.006852261256426573,-0.03705549985170364,-0.15010865032672882,-0.014368739910423756,-0.057718686759471886,-0.02223229594528675,0.016508832573890686,0.0029103695414960384,0.01488884538412094,0.1015178933739662,0.02082369104027748,0.07326887547969818,-0.03559507057070732,-0.09767214953899384,0.08144387602806091,-0.10420703887939452,-0.0635124146938324,-0.10716808587312698,0.05274374783039093,-0.045163799077272415,0.09502368420362473,-0.06360653042793274,0.017300084233283997,-0.22521948814392087,0.10466859489679337,-0.05021682009100913,-0.01210698951035738,-0.0022606689017266035,-0.007594503927975893,0.06841087341308594,-0.1201135367155075,0.14636370539665222,0.1832508742809296,0.03301700949668884,0.015606144443154337,0.04477762058377266,0.020627589896321297,-0.06949489563703537,-0.07567501068115233,-0.07219189405441283,0.04264427721500397,-0.08118424564599991,-0.11988204717636108,-0.052709843963384635,0.0692499577999115,-0.01603936031460762,-0.03316178545355797,-0.02517634630203247,0.058777593076229095,0.03622274845838546,-0.20598641037940976,-0.04563001543283463,0.15111848711967468,0.058405868709087365,-0.0789148211479187
-0.0807557925581932,-0.007689716294407843,-0.056690920144319534,0.027198970317840576,-0.038289643824100494,-0.13226883113384247,-0.14236322045326233,-0.17549361288547516,-0.006954008713364601,-0.006175612565129995,0.06127198413014412,0.05994463711977005,-0.0035026869736611843,0.11665894091129302,0.0,0.10635167360305786,-0.05025102943181992,0.06759751588106155,-0.03210464492440224,0.07284075021743774,0.025466695427894592,-0.0292892437428236,-0.06683865934610367,-0.09985365718603134,-0.11727479845285416,-0.04853381961584091,0.061754509806633,-0.08033722639083862,0.08663341403007507,-0.02896838821470737,-0.12517885863780975,0.14273466169834137,0.0034971134737133975,0.01466426718980074,0.07967443019151686,-0.0010157779324799776,-0.0911584123969078,-0.24048742651939392,-0.0011206723283976316,0.04621334746479988,-0.20027080178260803,0.12344972044229507,0.007594201248139144,0.015763621777296066,0.032610684633255005,0.07290787249803543,0.10627765208482742,-0.17440682649612427,0.04257984459400177,0.043418649584054954,0.06200919300317764,0.043542347848415375,-0.06428220868110657,-0.09281273931264877,0.0474095456302166,-0.05459962412714958,0.08159689605236053,0.05101227015256882,0.015313289128243923,-0.01018606498837471,0.07028621435165405,-0.06228797882795334,0.010683702304959295,0.043112277984619134,0.03174158185720444,0.14503560960292816,-0.06016509607434273,0.0020391284488141537,-0.11741988360881804,0.04100007563829421,-0.14944511651992795,0.10599273443222045,0.015720820054411888,0.06996911764144897,0.06541750580072403,0.022449448704719543,0.005971047095954417,0.02830111421644688,-0.003947017248719931,0.14849506318569183,-0.008510343730449677,0.11521823704242706,-0.00021869031479582193,-0.0463494099676609,0.04130173847079277,-0.06577136367559433,0.051797933876514435,-0.18385411798954007,-0.019229937344789505,-0.09471582621335985,-0.09551525861024857,0.08433425426483153,-0.009802461601793766,-0.043387953191995614,-0.009857325814664366,0.03256853669881821,-0.03953792527318001,0.09092175960540771,0.09889536350965501,-0.04997426271438599
0.18412132561206815,-0.08972279727458954,0.22772975265979767,-0.07272866368293762,0.0538797564804554,-0.2699614465236664,0.08963415771722794,-0.07482654601335524,-0.044028665870428085,0.005824529565870762,0.02250665985047817,-0.0919635072350502,0.04082040861248969,-0.044061291962862015,0.10635167360305786,0.0,0.07385685294866563,0.20548073947429657,0.02163979411125183,-0.07024601101875305,0.02099164575338364,0.03892846778035164,-0.1283685714006424,-0.06889238208532333,0.07828325778245926,-0.2174086421728134,0.04285711422562599,-0.08918435126543045,0.17167431116104123,-0.00941505841910839,-0.2242393642663956,-0.07395526021718979,0.3928579986095429,0.0013002455234527588,0.009345956146717072,0.07843292504549025,-0.04532711952924728,-0.18472459912300107,-0.040254980325698846,-0.16460321843624115,-0.16087007522583008,0.05742299929261208,-0.10825030505657196,-0.0885324776172638,-0.01578977145254612,0.12032939493656158,0.11597224324941637,-0.061013560742139816,0.04257233813405037,-0.05504745990037918,-0.034283190965652466,0.06252685934305191,0.026049518957734108,-0.009489099495112898,0.040312409400939934,-0.14846259355545044,0.032229453325271606,0.020047010853886604,0.015928898006677628,0.18148700892925265,-6.837135151727125e-05,-0.01962779276072979,-0.08590627461671829,0.008541148155927658,-0.14891326427459717,0.04336385428905487,0.057547077536582954,0.22501204907894132,-0.1651415079832077,0.0741092711687088,-0.09778203070163728,-0.12492957711219788,0.11672951281070708,0.014170695096254349,0.04302556067705154,-0.09531027078628541,0.04313182458281517,-0.005946113727986813,0.0684257373213768,0.0634610503911972,0.15074500441551208,-0.056952644139528275,-0.07190056890249252,-0.15079280734062195,0.041232623159885406,0.022584248334169388,0.02303572744131088,-0.07949527353048323,-0.0718306303024292,-0.023362834006547928,-0.0038662264123559,-0.05859078466892242,-0.033055637031793594,0.06517545878887177,-0.07558227330446243,-0.06511258333921432,0.0644717589020729,0.07751862704753876,0.09848242253065108,-0.06413866579532623
0.004082517232745886,-0.006582428701221943,-0.05204683542251586,-0.1038302332162857,-0.08741710335016249,0.031091526150703434,0.11385689675807951,-0.09225746989250184,0.007781627122312784,0.06761378049850464,-0.05251425132155418,0.01786092296242714,0.17497789859771729,0.02746857702732086,-0.05025102943181992,0.07385685294866563,0.0,-0.0649990513920784,-0.09509479999542236,0.11213813722133636,-0.29306918382644653,0.07200272381305695,-0.005057903006672859,-0.04784165695309639,-0.12962064146995544,0.04806863889098168,-0.05560656636953354,0.2054628133773804,0.01594356819987297,-0.01895904913544655,-0.189707025885582,0.21603596210479736,0.23297639191150665,-0.023252777755260468,0.09101011604070663,0.060566872358322144,-0.02392152138054371,-0.05200842395424842,-0.17478081583976743,-0.2263416647911072,0.05360404402017593,-0.09528823941946028,0.0003164410591125488,-0.05343199521303177,0.058170977979898446,0.13870550692081451,-0.1354764848947525,-0.027068963274359703,0.15141409635543823,-0.11315101385116576,0.007201459724456072,0.09000537544488905,0.024885030463337895,0.030496226623654366,0.0472138449549675,0.03474396467208862,0.05221519246697426,-0.06678090244531631,-0.02797494456171989,0.0547620952129364,-0.094351127743721,-0.1662873774766922,-0.16809850931167603,0.20888081192970276,0.006477929186075926,0.03152740001678467,-0.014544917270541193,-0.00017738297174219042,0.018506592139601707,-0.04799652844667435,0.10063783824443816,0.05968363955616951,0.0751027837395668,0.12316443026065826,-0.04310514405369759,0.1440506726503372,-0.2040669471025467,-0.19620315730571744,-0.14061608910560608,0.10659035295248032,0.0157387126237154,0.11735067516565321,0.06645183265209198,0.0032095531933009624,-0.27873316407203674,-0.010653470642864704,0.09623880684375763,-0.11189762502908707,-0.04362795874476433,0.02442717365920544,-0.08009562641382217,-0.0656425878405571,-0.0565725602209568,-0.0592188872396946,0.007394526619464158,-0.07528944313526154,-0.0006329379975795746,0.02184908464550972,-0.03491073474287987,-0.1713332086801529
0.015064277686178684,0.1396407186985016,-0.023669155314564705,0.07878957688808441,-0.1959537863731384,-0.02858256921172142,-0.1666771024465561,0.06145718693733215,-0.1323223114013672,-0.0783977061510086,-0.0328979417681694,0.11203771829605103,0.0846187323331833,0.049675129354000085,0.06759751588106155,0.20548073947429657,-0.0649990513920784,0.0,-0.1825135946273804,0.11076446622610092,0.14447933435440063,0.09267637133598328,-0.03119892068207264,-0.026809608563780785,-0.13352563977241516,-0.21001626551151276,-0.06828657537698746,-0.15134863555431363,-0.01011932734400034,-0.01502542570233345,-0.06114511564373969,0.19817744195461276,-0.22722694277763367,0.21440501511096957,0.026284605264663696,-0.030766163021326065,-0.01189958956092596,-0.0024330692831426855,-0.05489339679479599,-0.05333143472671509,-0.006788277067244053,0.04933513328433037,-0.010817578062415121,0.1615879386663437,0.00531463697552681,-0.1609726846218109,0.023322850465774536,-0.07209618389606477,0.048423536121845245,0.061797164380550385,-0.18357865512371063,-0.006825444754213096,0.14144642651081085,-0.06695108860731125,0.06851979345083237,0.13925251364707947,-0.007376953028142451,-0.14989514648914337,0.1302962750196457,-0.11072148382663725,0.1040303036570549,-0.12535446882247925,-0.051607001572847366,0.05087395384907722,-0.14586685597896576,-0.146455779671669,0.002097957767546177,0.037364568561315536,0.16593526303768155,-0.0547725073993206,0.016968470066785812,0.11002079397439957,-0.06530412286520004,0.026538211852312088,0.015083136968314648,-0.012053188867866991,-0.0286104753613472,0.02822387963533401,-0.16802608966827393,0.07845866680145262,-0.009230085648596287,-0.10097214579582214,-0.028287261724472042,-0.027291007339954376,-0.12821362912654877,0.11992275714874268,-0.0684870183467865,-0.1756008416414261,-0.17836587131023407,0.025027109310030937,-0.1280379742383957,0.10150767862796783,-0.0713866651058197,-0.052418772131204605,-0.12419147789478302,0.03241921216249466,-0.20734432339668277,0.12800870835781095,-0.0047996435314416885,-0.013876262120902538
-0.04397866874933242,-0.05559258535504341,0.10014234483242034,0.24502274394035337,-0.13773900270462036,0.04601475968956947,-0.11855948716402052,0.10551849007606506,-0.04787357524037361,-0.0030137249268591404,-0.01984331011772156,0.048239126801490784,-0.08990593254566193,0.053421974182128906,-0.03210464492440224,0.02163979411125183,-0.09509479999542236,-0.1825135946273804,0.0,0.026155469939112663,0.06995591521263123,0.07774187624454498,-0.006574256345629692,0.09885670244693757,-0.037929922342300415,0.04431359842419624,0.07012675702571869,-0.03889025747776032,-0.050173982977867126,-0.07936699688434602,0.00923228170722723,0.19777013361454007,-0.07103347778320312,-0.02032008394598961,-0.1457013487815857,-0.050897881388664246,0.09393835812807085,0.026431374251842495,-0.06976816803216934,0.003448261646553874,0.08284838497638702,-0.1025415062904358,0.07561265677213667,-0.03244060277938843,0.028603253886103634,-0.0400250256061554,-0.039456754922866814,0.1461089551448822,-0.00989389419555664,0.08121607452630995,-0.021308753639459607,-0.17568379640579224,0.003259743331000209,-0.20671133697032928,-0.055101413279771805,0.055565327405929565,-0.022490533068776127,0.03566820174455643,0.10214946419000624,-0.15133142471313477,0.03374714404344559,-0.02805652655661106,-0.06619400531053543,-0.1552716493606567,0.03224160522222519,0.06468300521373749,0.02216090261936188,0.23642483353614807,0.0243998933583498,-0.006848274264484644,-0.02143601514399052,-0.1292330026626587,-0.020026264712214466,0.05539057403802872,-0.06965221464633942,0.005880977027118206,-0.08305834233760834,0.0069954716600477695,-0.18650269508361816,-0.17055863142013547,-0.120556503534317,-0.0602986253798008,-0.09203799813985825,0.06245584785938263,0.05684744566679001,0.1086953654885292,-0.14689938724040985,0.07711665332317352,-0.06505035609006882,-0.22915038466453552,-0.14474183320999143,0.1550714671611786,-0.014032439328730106,-0.003544754814356565,0.008518974296748638,-0.0570165291428566,-0.02561577595770359,-0.06854575127363205,0.035565085709095,0.11732667684555052
