0,1,2,3,4,5,6,7,8,9,10,11,12,13,14,15,16,17,18,19,20,21,22,23,24,25,26,27,28,29,30,31,32,33,34,35,36,37,38,39,40,41,42,43,44,45,46,47,48,49,50,51,52,53,54,55,56,57,58,59,60,61,62,63,64,65,66,67,68,69,70,71,72,73,74,75,76,77,78,79,80,81,82,83,84,85,86,87,88,89,90,91,92,93,94,95,96,97,98,99
0.0,0.015270467847585678,0.0037464576307684174,-0.013641026802361012,-0.011905028484761713,-0.03498604893684387,-0.001124685863032937,-0.01050952821969986,-0.029131172224879265,0.00988130271434784,-0.009308936074376106,-0.003549061482772231,-0.027687011286616325,-0.021737618371844288,0.03071855753660202,0.07523492723703384,-0.007006852887570858,-0.022131921723484993,-0.06189676746726036,0.004161414690315723,0.04377628117799759,-0.011025173589587212,-0.05413303151726723,-0.006740814540535212,0.015838684514164925,-0.030835915356874462,0.005201298743486404,-0.020000282675027847,-0.039646904915571206,-0.036017756909132004,-0.015041693113744257,0.004103123676031828,-0.014871670864522455,-0.07227532565593718,0.004906295798718928,-0.00023841569782234728,0.07219789922237395,0.009276657365262508,-0.011744284071028233,-0.0038721342571079727,-0.05604604259133338,0.013065546751022339,-0.008653507567942142,-0.01704859174787998,-0.0346856564283371,0.005406233482062817,0.013790410943329334,0.01392028760164976,0.0019750886131078005,-0.00635474594309926,0.03382605314254761,-0.020995188504457477,-0.03329494595527649,-0.023005748167634007,-0.016242103651165962,0.003526600077748298,0.023656504228711128,-0.04624226316809654,-0.03436718136072159,-0.017452217638492584,-0.003556281793862581,-0.0036797882057726383,-0.006917141377925873,0.006615130696445704,-0.07645619660615921,-0.028646996244788166,-0.009863421320915222,0.006026234477758408,-0.025098443031311035,0.07107686251401901,-0.004170111380517483,-0.08635691553354262,0.01637927256524563,0.05769701674580575,-0.04636907577514648,0.02810456976294517,-0.01589464396238327,0.034857552498579025,-0.053530577570199966,0.02901988476514816,0.04283541068434715,-0.010374750941991806,-0.017092294991016388,-0.020882777869701385,0.0067121428437530994,-0.023190747946500775,-0.002609221264719963,-0.03047424927353859,-0.06239638850092888,-0.02608559653162956,-0.02833672985434532,0.00043931827531196177,-0.05565432459115982,-0.017339618876576424,-0.013058500364422798,-0.031303733587265015,-0.033886708319187164,0.021820539608597755,-0.03246328607201576,0.017383133992552757
0.015270467847585678,0.0,0.02847609855234623,0.0335683636367321,-0.015359899960458279,0.024356883019208908,-0.007922056131064894,0.036746185272932046,-0.04959351569414138,-0.07846780866384506,0.008675551973283289,-0.03634229302406311,0.0022115595638751984,0.004516095854341984,-0.012158333323895931,0.08844371140003203,0.03147748485207558,0.010325056500732899,0.013281527906656264,-0.04243435710668564,0.048273306339979165,-0.0017101740231737494,-0.027967851608991623,-0.026353307068347927,-0.047169025987386703,0.029297847300767895,0.017472896724939346,0.005696795880794525,0.03298493102192879,-0.00244143302552402,-0.1126381903886795,-0.0666850283741951,-0.02677343599498272,0.005702677182853222,-0.07682582736015318,0.01264993753284216,-0.09427578747272493,0.03814022988080978,-0.08499695360660553,0.010035705752670763,-0.012798350304365158,-0.0409955009818077,-0.010237764567136765,-0.019184201955795288,-0.03552331402897835,-0.06047697365283966,0.008317523635923862,0.004399279598146677,0.008909854106605055,-0.03972945734858513,-0.06902280449867249,0.19836677610874176,0.018870867788791656,0.019619112834334373,0.025342199951410294,-0.06110073626041412,-0.01858292892575264,0.0035389531403779984,0.017172258347272873,-0.08017577230930328,-0.013353151269257069,0.03516484424471855,-0.05650647357106209,0.0040819868445396415,-0.0410599447786808,-0.0612952597439289,-0.07047028839588165,0.052554301917552955,-0.05398230627179146,-0.06936608999967575,0.04183794930577278,-0.03480836749076843,-0.05058637261390687,0.027752723544836044,-0.08725915104150771,0.01866759732365608,0.016590001061558723,-0.06719083338975905,0.05332760512828826,0.07653231173753737,-0.04159566015005112,-0.041910387575626366,-0.0034743682481348515,-0.003470725379884243,-0.0616479329764843,0.058641746640205376,0.008107275702059269,-0.026573626324534416,0.03757947683334351,0.037098426371812813,-0.00012250592408236116,-0.011946733109652996,0.0766240507364273,-0.001308813109062612,0.005833889357745648,0.009072631597518921,0.016286766156554222,0.017127482220530506,0.03655967116355896,-0.06360037624835968
0.0037464576307684174,0.02847609855234623,0.0,-0.027037858963012692,-0.02842416800558567,-0.04366370290517807,0.03442591428756714,0.042767278850078576,-0.056117158383131034,0.004150454886257648,-0.019791167229413983,0.04544074833393097,-0.0420255996286869,0.013133485801517963,-0.010302229784429072,-0.054834548383951194,-0.036171995103359215,-0.014551742002367972,-0.06225144118070602,-0.009829665534198284,-0.05558178201317787,-0.02533288300037384,-0.0008614312391728162,-0.01574421115219593,0.015421699732542036,0.028513476252555847,-0.006964711472392081,0.04838862270116807,0.004302739631384611,-0.03395729139447212,0.005086567252874374,0.015509170480072498,-0.05738184601068497,0.0169391967356205,-0.05589712038636208,0.023710353299975395,-0.016742361709475517,0.06853067874908447,-0.026823153719305992,-0.014677119441330431,0.0012976741418242455,-0.05243737995624542,0.021489357575774193,-0.032325588166713715,0.06963883340358734,0.001590051339007914,-0.03576474264264107,0.0008687496883794665,-0.01864173263311386,-0.010930470190942287,-0.027236744761466977,0.003872220171615481,-0.01661442220211029,-0.03803805634379386,0.0029345101211220026,0.03808173909783363,0.024319207295775414,0.045654132962226875,-0.05494038760662079,-0.04345459118485451,-0.017563985660672188,0.036801885813474655,-0.009084874764084818,0.018846841529011726,0.022207099944353104,0.08055578917264937,-0.06670915335416794,-0.05186301842331886,0.018828393891453743,0.044275373220443726,-0.01664532534778118,-0.04792569950222969,0.019013425335288048,-0.00411365134641528,0.08352650701999664,-0.02852216176688671,-0.03245982155203819,-0.0664573535323143,-0.024654651060700417,-0.05330433323979378,-0.0604000985622406,0.027552803978323936,0.00014278462913352996,-0.009138001129031181,-0.023892128840088844,0.005799757316708565,-0.05917241051793098,0.06517201662063599,-0.023654554039239883,-0.030718401074409485,0.06411431729793549,-0.030304402112960812,-0.05622651800513268,-0.011619345284998415,-0.02633883990347385,0.019616724923253056,-0.013318931683897972,-0.061942148953676224,-0.06315048038959503,-0.04799691215157509
-0.013641026802361012,0.0335683636367321,-0.027037858963012692,0.0,0.09577570110559464,-0.02448098734021187,-0.033298052847385406,-0.029733844101428986,0.012091496028006077,0.04619656875729561,-0.030182374641299248,-0.03112689219415188,-0.02872324734926224,0.00892776809632778,-0.03744541481137276,0.018546333536505696,-0.02230604737997055,0.03768201917409897,0.014083683490753172,-0.009720693342387676,0.0035754579585045576,0.014683797955513,0.0022477610036730766,0.00347667234018445,-0.021340392529964447,-0.018530040979385373,-0.034109801054000854,-0.036019500344991684,-0.02972947619855404,0.011037757620215416,0.0344228520989418,-0.00854580383747816,-0.0034445940982550383,-0.023534895852208138,0.015672272071242332,-0.007805999368429184,-0.061209533363580704,0.007082087453454733,-0.027296494692564007,0.0029417059849947687,-0.011653550900518894,0.026301072910428047,-0.0011465823045000432,-0.0895596444606781,0.041782457381486886,0.0436750203371048,-0.04236249998211861,-0.008368318900465965,-0.0329560711979866,-0.000774168933276087,-0.03549623861908913,-0.016310863196849823,0.03851895406842232,-0.04697863757610321,-0.09014475345611571,-0.002097634132951498,0.013300764374434948,0.015182666480541228,-0.010521482676267624,0.01749436743557453,-0.03608671948313713,-0.02229517325758934,0.029450559988617897,0.0007065398967824876,-0.03570430725812912,-0.003666406264528632,-0.013587521389126776,-0.08489693701267241,-0.019808711484074593,0.06139484420418739,-0.02817286550998688,-0.006795532535761595,-0.010369978845119476,-0.036193929612636566,-0.03471101075410843,0.11402783542871477,0.035661451518535614,-0.11879976838827132,-0.06311941146850586,-0.0004162297118455172,-0.0242698285728693,-0.017004190012812614,0.001433331286534667,0.003526626620441675,-0.0017298853490501642,-0.06719218939542769,-0.04205457121133804,0.06061873212456703,-0.0018208008259534836,-0.019638650119304657,-0.013729562982916832,-0.04631220921874046,-0.040898464620113366,-0.02812238223850727,-0.02669323608279228,-0.032568227499723434,0.04029807448387145,-0.0024221164640039206,0.0005024326965212822,0.039359994232654565
-0.011905028484761713,-0.015359899960458279,-0.02842416800558567,0.09577570110559464,0.0,-0.023782998323440552,0.05619383230805397,-0.04161069914698601,-0.019888984039425846,0.024150151759386063,-0.0009893561946228147,0.008923731744289398,0.03192749246954918,-0.022892670705914497,-0.003621791722252965,-0.009924255311489103,-0.005493103060871363,-0.09632274508476256,-0.04713124781847,-0.022635867819190025,-0.01704156957566738,-0.08851776272058488,-0.05170837417244911,0.002351301722228527,-0.016325144097208977,0.03659244254231453,0.017365634441375732,0.0434623658657074,-0.013546328991651537,-0.004527862183749676,-0.060213234275579446,-0.0013358325231820345,-0.015110207721590996,0.013353154063224792,-0.028873549774289128,0.004019543528556824,0.03226875513792037,-0.014861352741718292,0.01912389509379864,-0.11000153422355652,0.0008186646155081689,-0.04500336945056915,-0.008750170469284058,0.057644978165626526,-0.03707068786025047,-0.04769015684723854,0.040858663618564606,0.0055017033591866485,-0.009280471131205559,-0.017217420041561127,0.01556434016674757,-0.04620696231722832,-0.06995771825313568,0.016305992379784584,0.08061961829662323,-0.055788874626159675,0.032651904970407486,0.013624511659145355,-0.02924225479364395,-0.0319296196103096,-0.013431673869490623,-0.005381593480706215,-0.03445735573768616,-0.0053670802153646955,-0.011910649947822092,0.046623107045888894,0.03639823570847511,0.05002296715974808,0.030798371881246567,-0.018533367663621902,0.03152284398674965,-0.022401081398129463,-0.006725394632667303,-0.017827119678258896,0.012150513008236883,-0.10469257831573486,-0.045586790889501565,-0.0011760686757043004,0.053055915981531136,0.016008200123906136,0.010071407072246075,0.044919181615114205,-0.037483207881450646,-0.022777510806918144,-0.02091589383780956,0.0007188337040133774,-0.027773313224315643,-0.07944363355636595,0.0016794897383078933,-0.03462965786457062,0.006816033273935318,-0.01924775540828705,0.05376261472702026,0.01659541204571724,-0.00807668175548315,-0.01030973345041275,-0.04844272509217262,-0.06294235587120056,-0.05055523291230202,-0.016970200464129448
-0.03498604893684387,0.024356883019208908,-0.04366370290517807,-0.02448098734021187,-0.023782998323440552,0.0,-0.041476652026176446,0.00039652150007896125,-0.01798037253320217,0.03768457472324371,-0.023242706432938572,0.07305941730737686,0.0010460586054250596,-0.017218265682458878,0.040221910923719406,0.012280868366360664,-0.008182193152606486,0.09577221423387527,-0.04721225053071976,0.015153784304857254,-0.01760638877749443,-0.10156548768281937,0.022272875532507896,-0.029370669275522232,0.01942633092403412,-0.0804644525051117,0.008051035925745964,0.020733878016471863,-0.05446881800889969,0.011236337013542652,-0.0008874299237504601,-0.05493105947971344,0.009656007401645184,0.008722169324755667,0.04912860319018364,-0.02316491492092609,0.01517688576132059,0.09226741641759872,-0.05759122967720032,0.039398662745952606,-0.014254191890358925,0.0012605931842699647,-0.02985538356006145,-0.03703556209802628,-0.019583355635404583,0.046933837234973914,-0.015112669207155704,-0.003749949624761939,-0.01923837512731552,-0.03511575981974602,-0.02977738529443741,-0.03693375363945961,-0.04438136145472527,-0.021698340773582455,0.13504162430763245,0.006008503027260304,0.0398661084473133,0.002521076006814837,-0.008106425404548645,-0.016430841758847237,-0.11093047261238098,0.00547903822734952,-0.01915893144905567,-0.002293731784448028,-0.018521761521697044,-0.021061841398477554,0.012274728156626225,0.012939258478581904,-0.011494324542582037,0.01702127978205681,-0.06454803049564362,-0.011121266521513462,0.003934607841074467,-0.08910239487886429,0.02900447137653828,0.07148387283086777,0.027986040338873863,0.0030061749275773764,0.03216954320669174,0.015569654293358324,-0.11342163383960724,0.09359803795814514,-0.014280193485319614,-0.07228224724531172,-0.0045753857120871535,0.01114235073328018,-0.03363678604364395,-0.04103614389896393,-0.07876904308795929,0.003130552126094699,-0.03895004838705063,0.008728614076972006,0.0015048503410071135,-0.021571913734078407,-0.0003737254010047764,-0.03602880984544753,-0.036976393312215805,-0.029392451047897335,-0.0637877956032753,0.02349073998630047
-0.001124685863032937,-0.007922056131064894,0.03442591428756714,-0.033298052847385406,0.05619383230805397,-0.041476652026176446,0.0,0.03237125650048256,0.055303100496530526,-0.0491739884018898,0.009902520105242727,-0.0164130087941885,0.011235564947128296,-0.018529977649450306,-0.10545987635850906,0.0505349226295948,-0.0013071878347545862,0.09871552139520644,0.10878816246986388,0.003871068824082613,0.02950558625161648,0.02112996019423008,-0.020905321463942528,-0.07849214971065521,0.03252394497394562,-0.04515869170427322,-0.03541850671172142,0.01752617210149765,-0.0061678728088736525,0.03600716590881348,-0.011878647841513155,0.010842673480510712,0.01016150414943695,-0.05554979667067528,0.015148064121603964,-0.05371741577982903,-0.06420565396547318,-0.003545091953128576,-0.0404951237142086,0.050876788794994354,0.009600861929357054,-0.003605484031140804,-0.05491307377815247,-0.003389576217159629,-0.029905294999480247,-0.006187434308230877,-0.039644770324230194,-0.017094982787966728,-0.05460016429424286,0.042311403900384896,-0.0337190181016922,-0.056693363934755325,-0.014145650900900364,-0.011691202409565449,0.023060277104377743,-0.0440397746860981,-0.02939557656645775,-0.07468540221452713,0.05193600058555603,-0.012364723719656467,-0.0576702244579792,-0.021233102306723595,-0.0503658838570118,-0.021785292774438855,-0.025516137480735775,0.01608217321336269,-0.04203759878873825,-0.10032413899898528,-0.0021055340766906734,0.003118039108812809,-0.09545994549989699,-0.0034436499699950214,0.028936956077814106,0.06450090557336807,0.05239605903625488,-0.02886819466948509,0.05552665516734123,0.058251723647117615,-0.018337516114115715,-0.05386042594909668,-0.060012273490428925,-0.030466293916106224,-0.013295304030179976,0.047172166407108314,0.015852490440011024,0.021335026249289513,-0.010613009333610535,-0.0711917132139206,-0.03765319287776947,0.001526708947494626,-0.02512158453464508,-0.01140768639743328,0.02913828380405903,-0.006040317006409168,-0.001212176284752786,-0.03207594156265259,0.006014768499881029,-0.018337199464440342,0.055913202464580536,0.01092803943902254
-0.01050952821969986,0.036746185272932046,0.042767278850078576,-0.029733844101428986,-0.04161069914698601,0.00039652150007896125,0.03237125650048256,0.0,0.04064200818538666,0.08061075955629347,-0.02460720017552376,-0.0059844255447387695,-0.02757437713444233,-0.05141251906752586,0.021166486665606495,-0.017780164256691933,0.005783111322671175,-0.06648071110248566,-0.012581104412674904,-0.03325085714459419,0.05987684428691864,-0.026299050077795982,0.04066884890198708,-0.03439861536026001,-0.02896539121866226,0.017423171550035477,-0.0015012900112196803,-0.03119029104709625,-0.05731172859668732,-0.02983966469764709,-0.08058831095695494,-0.02009393461048603,0.017215920612215996,0.04227585345506668,0.02580379880964756,-0.05184590071439743,0.003433475038036704,-0.0324690043926239,0.01729736290872097,-0.08254491537809373,0.006397545803338288,0.04400067776441574,0.0043344078585505486,0.015582823194563389,-0.023309914395213127,-0.020775077864527702,0.02018321678042412,-0.06342480331659317,0.011782731860876083,0.023996517062187195,0.01454752217978239,-0.040590476244688034,-0.023983558639883995,0.005810145754367113,-0.07761438190937042,-0.03011878952383995,-0.016200872138142582,0.06792464107275009,0.0113740311935544,0.045563772320747375,-0.03041277825832367,-0.015531289391219616,-0.003194462973624468,-0.02049453742802143,-0.00429959874600172,-0.09710001200437544,0.07162532210350037,-0.001803021994419396,-0.04053735360503197,0.009497405961155891,-0.055470507591962814,0.02117005363106728,0.030164044350385662,-0.10030481219291688,-0.06233387440443039,-0.0020673370454460382,-0.01959429495036602,-0.003537738462910056,0.03993063420057297,-0.007023731246590614,0.04002919048070908,-0.010921530425548552,-0.02150753326714039,-0.012406283058226109,0.0009400655981153248,-0.08467934280633926,-0.05491268634796143,-0.03174794837832451,0.05029236897826194,-0.029916569590568542,-0.019700372591614723,-0.052916012704372406,0.06895062327384949,-0.006277185399085283,-0.009916428476572035,-0.04901577532291412,0.012106580659747124,-0.013828122057020664,-0.02565116994082928,0.04177171736955643
-0.029131172224879265,-0.04959351569414138,-0.056117158383131034,0.012091496028006077,-0.019888984039425846,-0.01798037253320217,0.055303100496530526,0.04064200818538666,0.0,0.004798365291208029,-0.02490422874689102,-0.050271671265363686,-0.03591003268957138,0.0007610151078552007,-0.02740497514605522,-0.029306210577487946,-0.023479552939534187,0.02649415098130703,-0.0036015878431499004,0.02957028150558472,-0.006488258950412273,-0.05652030557394028,-0.03472137823700905,0.029139647260308266,-0.01718507707118988,0.05136360973119736,0.04594624787569047,-0.07965913414955139,0.06551074236631393,-0.03557904809713364,0.09853649884462355,-0.04574137181043625,-0.024126863107085228,-0.008356929756700993,-0.07340086996555328,-0.0006471372325904667,0.07807566225528717,0.02076400257647037,-0.07778713107109068,0.03589503839612007,-0.007209464441984893,-0.04548679292201996,0.01515333354473114,0.0011353525333106516,-0.028031565248966217,0.04125816747546196,-0.010456530377268791,-0.02853894606232643,-0.0365448035299778,-0.07153165340423584,-0.01510402001440525,0.008901015855371952,0.023702975362539288,-0.05162033438682556,0.011980362236499786,-0.012291046790778635,0.037269465625286095,0.10368568450212479,-0.06364613771438599,-0.07413264364004134,0.024652425199747086,0.03285364806652069,-0.01374030765146017,0.025200134143233296,-0.004883931949734688,-1.9073946532444097e-05,-0.002418086398392916,0.01690821349620819,-0.048924628645181656,-0.036677379161119454,0.009046311490237713,-0.05070551112294197,0.010667494498193264,-0.002904212800785899,-0.06067906320095062,0.013389269821345806,-0.12543585896492004,0.03186715766787529,-0.10544010996818542,-0.0005736345774494112,-0.022787446156144146,-0.024241518229246136,0.014006975106894968,-0.0005876784562133253,-0.02740955725312233,0.04870787635445594,-0.04159059375524521,-0.0023998152464628215,-0.0015210051788017152,0.04786047711968422,0.04671859368681908,0.05976539477705956,-0.0007396037108264862,-0.013512300327420235,-0.025559604167938232,-0.029293030500411987,-0.0952619910240173,0.021497007459402084,-0.008501663804054259,-0.004786130040884018
0.00988130271434784,-0.07846780866384506,0.004150454886257648,0.04619656875729561,0.024150151759386063,0.03768457472324371,-0.0491739884018898,0.08061075955629347,0.004798365291208029,0.0,0.021894464269280437,0.0013037194730713964,0.03986751288175583,0.012535053305327892,-0.0016001383773982525,-0.042869508266448975,-0.014682579785585403,0.030323969200253487,-0.04293728619813919,-0.013998348265886307,-0.059014152735471725,0.038000352680683136,-0.047430098056793206,-0.010507924482226372,0.00090361840557307,-0.05592106655240058,-0.001975403167307377,-0.015694675967097282,0.01756180450320244,-0.029558008536696437,-0.036574836820364,0.005930841900408268,-0.02986828424036503,-0.022181255742907524,-0.03393544629216194,-0.034638505429029465,-0.049553118646144874,-0.025316812098026276,0.01838599517941475,0.07229822874069212,-0.03494919091463089,-0.02378776855766773,-0.018990658223629,-0.012061274610459805,-0.0247615110129118,-0.060507189482450485,-0.031812187284231186,0.04137364029884338,0.013666512444615364,-0.03489752858877182,-0.04443421587347984,0.024688467383384705,0.016971977427601814,0.0018784245476126673,-0.0063264258205890656,0.006557736545801163,-0.059297151863574975,-0.07784803211688995,-0.007468761876225471,-0.032213665544986725,0.0248471274971962,-0.028869099915027615,-0.04898491501808167,-0.014800180681049824,0.020876158028841015,-0.033010803163051605,-0.12235578149557112,0.02512623928487301,-0.050852686166763306,-0.042411211878061295,-0.0014289362588897347,0.019232008606195446,-0.03817208111286163,0.02987232990562916,0.028139371424913406,-0.04251996800303459,-0.004182249307632446,0.07063383609056473,0.004836555570363998,-0.06247220188379288,0.0002998780691996217,-0.043784067034721375,0.003179453779011965,-0.021144369617104527,-0.026191044598817825,0.03803423047065735,0.07916604727506636,-0.026941930875182152,0.004105123225599527,-0.015302330255508423,-0.008868646807968616,0.030868668109178543,-0.03661148250102997,-0.022688087075948715,0.01101707573980093,0.029006993398070332,-0.0022121453657746315,0.002224849304184317,0.0275813527405262,-0.05255047231912613
-0.009308936074376106,0.008675551973283289,-0.019791167229413983,-0.030182374641299248,-0.0009893561946228147,-0.023242706432938572,0.009902520105242727,-0.02460720017552376,-0.02490422874689102,0.021894464269280437,0.0,-0.0018533843103796244,-0.042181704193353646,-0.027435194700956345,-0.007119580637663603,0.002437211340293288,0.00028995398315601045,0.00379355950281024,0.007218310609459877,-0.02949611470103264,-0.016467060893774033,-0.05016995593905449,0.034487370401620865,-0.007835131138563154,-0.015921421349048615,-0.006367879454046488,-0.011325452476739883,-0.0001690648350631818,-0.005478908307850361,-0.007540680468082429,-0.005893617868423462,-0.01971409842371941,0.0019371799426153304,-0.02363119833171368,-0.003185820998623967,-0.013006486929953098,0.009740094654262064,-0.01104186475276947,-0.03752642497420311,-0.0005484086577780545,-0.008466331288218498,-0.002707259729504585,-0.006322621833533049,-0.025833986699581143,0.002526871627196669,0.010880084708333015,-0.00014139832637738436,-0.04728111624717712,-0.013147026300430296,-0.009247896261513231,-0.008184674195945265,-0.01582854427397251,-0.019355470314621925,-0.011198855936527252,-0.032763686031103134,-0.0006270698504522443,0.0007656713714823127,0.010673083364963531,-0.0210801400244236,0.014857081696391104,-0.012776073068380356,-0.0024604909121990204,0.014844891615211964,-0.01398392766714096,-0.0029939955566078424,-0.0014751316048204899,0.006309334188699721,-0.031060282140970234,-0.0015547419898211956,-0.03933238983154297,0.016422830522060394,0.012142456136643887,0.011195579543709753,-0.023711366578936577,-0.025359030812978745,0.00015479049761779606,-0.02728041261434555,-0.05018679425120354,-0.014364548958837984,-0.013005723245441912,-0.008657777681946754,0.009354084730148317,-0.004816159140318632,-0.03425527364015579,-0.01645839400589466,-0.024294348433613777,-0.02564956061542034,0.017530811950564384,-0.006831806153059006,-0.006912352982908487,-0.019678547978401184,-0.004127788823097944,-0.02775135450065136,-0.015543265268206596,-0.01290762796998024,-0.011556290090084076,-0.017672235146164894,0.00865145120769739,-0.02726698666810989,-0.017862403765320774
-0.003549061482772231,-0.03634229302406311,0.04544074833393097,-0.03112689219415188,0.008923731744289398,0.07305941730737686,-0.0164130087941885,-0.0059844255447387695,-0.050271671265363686,0.0013037194730713964,-0.0018533843103796244,0.0,-0.020039742812514305,0.012365801259875296,-0.05236290022730827,-0.042749490588903434,0.0035814354196190834,-1.109062668547267e-05,0.07064808160066605,-0.04401225596666336,-0.017459813505411148,0.06745964288711548,-0.061899345368146896,0.04573822021484375,-0.07161019742488861,0.02659760229289532,-0.04982457682490349,0.04892493039369583,0.011792333796620367,-0.03877215459942818,0.08062081784009933,-0.08397906273603438,0.033633552491664886,-0.040794368833303445,-0.06153078749775887,-0.0201001837849617,0.015408468432724476,-0.0634303092956543,-0.05876168981194496,-0.04343368858098984,-0.05170123279094696,-0.005589200649410486,-0.011049610562622547,-0.04225369542837143,-0.03102322109043598,0.028890427201986313,0.00024507695343345404,0.048546861857175834,-0.018521560356020927,-0.031833045184612274,-0.046088870614767075,-0.024200601503252983,0.04216106981039047,-0.031889189034700394,-0.0266674030572176,0.0147471958771348,-0.018667088821530346,-0.0069590024650096885,0.03918713703751564,0.019763357937335968,0.04080652073025704,-0.001083601382561028,-0.00580585328862071,0.009001963771879673,-0.0250901747494936,-0.049648236483335495,0.035790517926216125,-0.054851382970809937,-0.0023349986877292395,0.013456917367875576,0.02901167050004005,-0.005475905723869801,-0.08579591661691666,0.018631409853696823,-0.06620937585830688,-0.05350841209292412,0.04534607753157616,8.707719825906679e-05,-0.048242636024951935,0.07429204881191252,0.0528988428413868,-0.049173563718795776,-0.01474638283252716,0.013975770212709904,0.02490425668656826,0.0006101395119912921,-0.1333652138710022,-0.07254732400178909,0.07453159987926483,-0.001831713831052184,-0.032610975205898285,0.051694463938474655,-0.013087925501167774,-0.012350641191005707,-0.013080781325697899,0.0274343267083168,-0.02377697825431824,-0.035846494138240814,0.0004314524121582508,0.06582286208868027
-0.027687011286616325,0.0022115595638751984,-0.0420255996286869,-0.02872324734926224,0.03192749246954918,0.0010460586054250596,0.011235564947128296,-0.02757437713444233,-0.03591003268957138,0.03986751288175583,-0.042181704193353646,-0.020039742812514305,0.0,-0.04459986835718154,0.08030888438224792,0.03684717789292336,-0.0473567508161068,-0.014065949246287344,0.03029615432024002,-0.04248564317822456,0.057009059935808175,0.026441210880875587,0.015251115895807745,-0.04743427783250809,0.010058073326945303,0.039507947862148285,-0.013362399302423,0.0337696336209774,-0.052401959896087646,-0.04399967938661575,0.04822001606225968,-0.03167221695184708,-0.0238267220556736,-0.041121706366539,-0.030294639989733693,0.007332758046686649,0.03423111513257027,0.010382420383393764,-0.09369684010744096,0.010521141812205315,0.054623335599899285,-0.03756193816661835,-0.012524307705461977,-0.018070891499519348,0.03540542721748352,0.010902542620897291,-0.0103326179087162,-0.09331747889518736,-0.005444536451250315,0.05620052292943001,0.0016514490125700831,0.09341842681169507,-0.012060599401593208,-0.007773869670927523,-0.03945381939411163,0.06590503454208374,-0.11177168041467667,0.0319364108145237,-0.003322154050692916,0.016487503424286842,0.022874075919389725,0.10885635763406752,0.025575798004865646,-0.008803727105259894,-0.0005706672091037034,-0.044258788228034966,0.06971604377031326,-0.040678169578313834,0.021447438746690754,-0.02636554092168808,-0.10757379233837128,-0.01982169598340988,0.037435133010149,0.041623715311288834,-0.027642950415611267,-0.06370304524898529,-0.014863321557641028,-0.00019603542750701308,-0.05120321735739708,-0.007313997484743595,-0.0007345356862060725,0.001927426317706704,-0.0062225693836808205,-0.024144068360328674,-0.0041680452413856975,-0.04399797320365906,-0.02338958717882633,0.036354824900627136,-0.019370347261428836,-0.0070857577957212925,-0.07427042722702025,-0.0005299834883771837,-0.05449829623103142,0.0015327810542657971,-0.02683115564286709,0.014843271113932133,-0.044008061289787286,0.025417933240532875,-0.08611445873975754,-0.1016305387020111
-0.021737618371844288,0.004516095854341984,0.013133485801517963,0.00892776809632778,-0.022892670705914497,-0.017218265682458878,-0.018529977649450306,-0.05141251906752586,0.0007610151078552007,0.012535053305327892,-0.027435194700956345,0.012365801259875296,-0.04459986835718154,0.0,-0.014428970403969288,0.027315078303217888,0.010927707888185976,-0.026324529200792313,0.025694372132420536,-0.034284692257642746,-0.002064373577013612,-0.05826685205101967,0.058836910873651505,-0.04539711028337479,-0.003686196869239211,-0.002731065033003688,-0.009188985452055933,0.005422633141279221,-0.012201777659356594,-0.014589167200028896,-0.03223639354109764,-0.01088076364248991,-0.01068185269832611,-0.02611338905990124,0.010550691746175287,-0.03643086180090904,0.027428755536675453,-0.018887558951973915,-0.03712562471628189,0.004798644687980413,0.01655365154147148,0.004230229184031487,-0.02077499032020569,0.0018629017286002636,-0.02143086865544319,-0.02037915587425232,0.013728383928537369,-0.06285288184881209,0.004154426977038384,0.019941164180636402,0.00901268236339092,-0.024506624788045883,-0.03469214215874672,0.003066755598410964,-0.022056667134165764,-0.019221866503357887,-0.01971428468823433,-0.017292745411396027,-0.009292106144130228,0.02321248687803745,-0.012101058848202229,-0.0029656663537025447,-0.005815146490931511,-0.025318417698144913,-0.01068038772791624,-0.02493187785148621,0.01856926642358303,-0.011444225907325745,-0.043000701814889915,-0.015535994432866572,0.013185128569602966,0.0014273469569161534,0.05097643658518791,-0.009827389381825926,-0.024096623063087463,-0.028855100274086,-0.030524063855409626,0.010802017524838448,0.006860738154500722,-0.027745256200432777,0.014969960786402224,-0.004749142099171877,-0.012155721895396708,-0.026233028620481488,-0.0032633894588798285,-0.010164672508835793,-0.011501035653054714,-0.0328921414911747,-0.01673751510679722,-0.01076736394315958,-0.029942855238914486,-0.0011084162397310136,-0.0024483785964548588,-0.009333557449281216,-0.0033919508568942543,-0.02081063389778137,-0.02425192669034004,0.0017527658492326736,-0.027181090787053108,-0.016374392434954643
0.03071855753660202,-0.012158333323895931,-0.010302229784429072,-0.03744541481137276,-0.003621791722252965,0.040221910923719406,-0.10545987635850906,0.021166486665606495,-0.02740497514605522,-0.0016001383773982525,-0.007119580637663603,-0.05236290022730827,0.08030888438224792,-0.014428970403969288,0.0,-0.02337687648832798,0.01917828992009163,0.02181921526789665,0.09989883005619048,0.010791627690196036,-0.03183727338910103,-0.04334863647818565,0.04928888380527496,-0.03169559687376022,0.00263517489656806,0.07456418126821518,-0.04842641204595566,-0.0397532656788826,0.03013820573687553,0.06126482412219048,0.011798839084804058,0.012337131425738335,-0.0003704718546941877,-0.010805650614202023,-0.026780985295772552,-0.03657745942473412,-1.803370105335489e-05,-0.02285797707736492,0.0001084796167560853,-0.032672345638275146,0.02132573351264,-0.02440386451780796,-0.01807204447686672,-0.014380603097379208,-0.00786159373819828,-0.02453228086233139,-0.012804375030100344,-0.03808365762233734,-0.05030486360192298,0.026171736419200897,-0.01657325029373169,-0.07373339682817459,-0.009091394953429699,-0.051151402294635766,-0.0008723886567167938,-0.09831741452217102,0.03606100380420685,-0.010431640781462193,0.007896055467426777,-0.012856131419539452,-0.07672801613807678,-0.051114361733198166,-0.04485733062028885,-0.006204128265380859,-0.020730260759592056,0.06429167836904526,-0.060117609798908234,-0.04820207133889198,-0.06009110063314438,0.0212126187980175,0.08655422180891038,0.015111316926777363,-0.028361544013023376,0.0783618614077568,0.010081028565764427,-0.045421000570058816,0.002129847649484873,-0.059565383940935135,-0.05434398353099823,-0.0444846749305725,-0.02786263078451157,-0.0841911733150482,-0.009229157119989395,0.09914646297693251,-0.0013322465820237994,0.026666846126317974,-0.08146297931671143,-0.03998558223247528,-0.004694170318543911,0.00973584409803152,0.053194832056760795,-0.005022729281336069,0.02417420223355293,-0.004251793958246708,-0.011142443865537643,-0.035690031945705414,0.02524371072649956,-0.02973741851747036,0.038962889462709434,0.033003922551870346
0.07523492723703384,0.08844371140003203,-0.054834548383951194,0.018546333536505696,-0.009924255311489103,0.012280868366360664,0.0505349226295948,-0.017780164256691933,-0.029306210577487946,-0.042869508266448975,0.002437211340293288,-0.042749490588903434,0.03684717789292336,0.027315078303217888,-0.02337687648832798,0.0,-0.015668487176299095,-0.05027301609516144,-0.04213422164320946,0.06516419351100922,-0.11292290687561037,0.08055870980024338,0.07890157401561737,-0.002815517131239176,-0.04277759790420532,0.000630549096968025,-0.04971743747591972,-0.02873939462006092,0.029125418514013287,-0.06045955792069435,0.06931660324335098,-0.0621255561709404,0.03341618925333023,0.10020748525857924,-0.006194064859300852,-0.010642467997968195,-0.028161065652966496,-0.06396817415952681,0.07355309277772902,-0.017357468605041504,-8.076550147961825e-05,-0.024941831827163696,0.0047136968933045855,0.0013075313763692975,0.0015719856601208448,-0.00167894980404526,-0.09152056276798248,-0.017025593668222427,0.02394380234181881,-0.047141492366790765,0.000993317342363298,-0.029914410784840584,-0.019661907106637955,-0.031034711748361588,-0.00017534333164803684,0.0465618334710598,-0.02749568782746792,0.0028515979647636414,0.01807269267737865,-0.023372123017907143,-0.02805338986217976,-0.041891857981681824,-0.005985119380056857,-0.033405568450689316,0.08565323799848557,-0.04317004978656769,-0.02647598460316658,0.030407728627324104,-0.03619036078453064,-0.04640570282936096,-0.0022129616700112815,0.028757890686392784,-0.08346839994192123,-0.11341063678264617,0.0653122141957283,-0.024762891232967377,-0.03377607837319374,0.0374823696911335,0.013421973213553429,-0.09195242822170256,-0.06890099495649338,-0.06004839390516281,0.001207535620778799,0.013392504304647444,-0.002077433979138732,0.036190621554851525,-0.06649058312177658,0.040223345160484314,0.011370778083801268,0.04381834343075752,0.06135423481464385,0.013451519422233105,-0.06677576899528503,-0.01876751519739628,-0.005141939036548138,0.04459580779075623,-0.01071759033948183,-0.05868775025010109,-0.029447330161929127,0.009657013230025768
-0.007006852887570858,0.03147748485207558,-0.036171995103359215,-0.02230604737997055,-0.005493103060871363,-0.008182193152606486,-0.0013071878347545862,0.005783111322671175,-0.023479552939534187,-0.014682579785585403,0.00028995398315601045,0.0035814354196190834,-0.0473567508161068,0.010927707888185976,0.01917828992009163,-0.015668487176299095,0.0,-0.025083100423216816,-0.0176955908536911,0.015150152146816252,-0.01879885606467724,0.010755188763141632,-0.08035935461521149,0.023192485794425007,-0.024546295404434204,-0.010364653542637823,0.019866144284605976,0.012178615666925907,-0.02567107044160366,-0.005999534856528044,0.09737227857112883,0.011664973571896551,-0.05630572885274887,-0.009303106926381588,-0.007355012465268373,0.001783943618647754,-0.06922167539596558,-0.01133587397634983,0.01977168954908848,-0.010201357305049896,0.08076846599578857,-0.04946741834282875,-0.02411724627017975,-0.0013857987942174077,0.006000444293022156,-0.010009043850004671,-0.04743293672800064,0.009911641478538511,-0.026651013642549515,0.0041732764802873135,-0.041685864329338074,-0.0015322010731324551,0.0297501627355814,-0.01328736450523138,0.0019950149580836296,-0.016744736582040787,-0.03825577720999718,-0.014416972175240517,-0.040955424308776855,-0.0445919893682003,0.03304458409547806,-0.005870508030056953,0.019864303991198536,-0.003745059482753277,-0.031927596777677536,0.0176779143512249,0.05487914383411408,-0.002432966837659478,-0.00676344521343708,0.03313298895955086,-0.0685577392578125,0.022645501419901848,-0.023477569222450256,-0.02793124131858349,-0.003016678150743246,0.017929669469594955,-0.03783527016639709,-0.0031980832573026414,-0.030708396807312965,-0.04902287945151329,-0.006850762758404016,0.0011284311767667532,-0.013398116454482079,-0.003135968931019306,-0.0032385368831455708,-0.0416775681078434,0.07508029788732529,-0.013210910372436047,-0.007446813397109507,-0.029385374858975407,-0.022806717082858086,-0.02079518884420395,-0.01847122237086296,0.004561756271868944,-0.02507887408137321,-0.03505813702940941,-0.0325004905462265,-0.05580136179924011,-0.039577104151248925,-0.02851625718176365
-0.022131921723484993,0.010325056500732899,-0.014551742002367972,0.03768201917409897,-0.09632274508476256,0.09577221423387527,0.09871552139520644,-0.06648071110248566,0.02649415098130703,0.030323969200253487,0.00379355950281024,-1.109062668547267e-05,-0.014065949246287344,-0.026324529200792313,0.02181921526789665,-0.05027301609516144,-0.025083100423216816,0.0,-0.010010087862610815,-0.023641552776098248,-0.04702294245362282,0.055647578090429306,-0.0026891797315329318,-0.03634024783968925,-0.04043742641806602,0.047957882285118096,-0.06267528980970383,-0.02454923652112484,-0.0025243146810680628,-0.042199242860078805,-0.005225995555520058,0.025802437216043472,-0.045492939651012414,0.0382620170712471,-0.01999528892338276,0.08378041535615921,1.277446062886156e-05,-0.08246933668851852,-0.021636271849274635,-0.09757351875305176,0.04343987628817558,-0.02709614858031273,-0.004902170039713384,0.057313945144414895,0.004869981203228235,-0.07726406306028366,0.0019342122832313176,0.0033553557004779577,0.027440877631306648,0.0064922189339995376,0.07048165053129196,0.0032447932753711935,-0.027086196467280388,0.02181963250041008,-0.08019043505191803,-0.012270757928490639,-0.03070984221994877,-0.06205595657229424,0.007216477766633034,-0.028814345598220825,0.05768156051635742,-0.025958504527807236,-0.0012970920652151108,-0.04283839836716652,-0.001221110695041716,0.005959406029433012,0.05876955017447472,0.06800393760204315,-0.0007918677292764186,0.07720312476158142,0.0741068422794342,-0.1493525505065918,0.05064496025443077,-0.08739482611417769,-0.006996344309300184,-0.04837862774729729,-0.0018367201555520296,-0.02278978191316128,0.020504890009760857,0.02428009547293186,0.02853308990597725,-0.0356442891061306,-0.035411641001701355,0.004917168524116278,0.004787723533809185,0.007933472283184528,-0.005350620020180941,-0.008599177002906798,-0.09521261602640153,-0.008468244224786758,-0.016325023025274277,-0.09385875612497328,0.024148166179656982,0.012057533487677574,-0.024395741522312164,0.020893657580018044,0.01055457815527916,-0.06067035719752312,-0.026577008888125416,-0.024284169077873227
