0,1,2,3,4,5,6,7,8,9,10,11,12,13,14,15,16,17,18,19,20,21,22,23,24,25,26,27,28,29,30,31,32,33,34,35,36,37,38,39,40,41,42,43,44,45,46,47,48,49,50,51,52,53,54,55,56,57,58,59,60,61,62,63,64,65,66,67,68,69,70,71,72,73,74,75,76,77,78,79,80,81,82,83,84,85,86,87,88,89,90,91,92,93,94,95,96,97,98,99
0.0,0.0052375574596226215,-0.011836777441203594,0.028544990345835686,0.03369993343949318,0.05098009854555129,0.008638468571007252,-0.0019331037765368817,-0.026967745274305344,-0.10829818993806838,0.03345011547207832,-0.07971537858247758,-0.00017178518464788795,0.1937759816646576,0.014105122536420822,0.07520387321710585,0.03252874314785004,-0.03982188552618027,-0.03594076633453369,0.044958319514989846,-0.09098655730485916,-0.07995215803384781,-0.12284480780363081,0.06171620637178421,0.0902426093816757,-0.05247018113732337,0.015880050137639046,-0.1657506376504898,-0.11670748889446259,-0.06076633557677269,0.0069926283322274685,0.03091279044747353,0.04498957097530365,0.14837779104709625,-0.09832964837551118,-0.03167862445116043,-0.0020571285858750343,0.028921907767653465,-0.10749520361423492,-0.030411241576075557,0.047513578087091446,0.00014257819566410035,-0.07417900115251541,0.03287465125322342,-0.027372764423489567,0.023458395153284073,-0.08967112004756926,-0.032654810696840286,-0.06548579782247543,-0.006479798350483179,-0.021434366703033447,0.0836060345172882,-0.03411492332816124,-0.14130237698554993,0.03573783114552498,0.018621973693370816,-0.04215789958834648,-0.07521425932645796,-0.09999933838844301,0.01408048253506422,-0.04809335246682167,-0.09712684899568556,0.07061721384525299,0.018064748495817184,-0.07892438024282454,-0.03141915425658226,0.07894689589738844,0.10429329425096512,0.028447551652789116,-0.12115988135337828,-0.10277968645095824,-0.01961812563240528,0.06921114027500153,-0.002725032391026616,-0.12428626418113708,0.0008115757955238222,-0.00538640609011054,-0.04393219202756882,-0.12502160668373108,-0.013576813973486423,-0.08549964427947998,0.02650056220591068,0.09040212631225586,-0.014988070353865623,-0.013260910287499428,0.0019202226540073752,0.0483735240995884,-0.01734086498618126,-0.11103075742721556,0.005723889451473951,0.06343062967061996,-0.05045987293124199,-0.019352545961737633,0.10086746513843536,0.16371239721775055,-0.0430927574634552,0.002624849788844585,0.05912142619490624,-0.019210558384656903,-0.035430412739515305
0.0052375574596226215,0.0,0.04742030426859856,0.08456522226333618,0.08512860536575317,-0.008630158379673958,-0.01108242105692625,-0.1010437235236168,0.04295842349529266,-0.06595373898744583,-0.044270217418670654,0.01365854125469923,0.006465815007686615,-0.011617853306233881,0.011756661348044872,0.005825961474329233,-0.08928750455379486,-0.06050277873873711,0.15184897184371948,0.09163480252027512,-0.03425214812159538,0.06402565538883209,-0.05398863926529884,-0.061823468655347824,-0.015293590724468231,0.008703254163265228,0.008470627479255198,-0.03817207738757133,-0.11571808159351347,-0.04229934141039848,-0.10756340622901917,-0.021217510104179382,-0.011144311167299747,0.04749051108956337,-0.012775596231222153,-0.055548742413520806,0.051178887486457825,-0.23410943150520325,0.049670353531837456,-0.014113011769950388,-0.04765220358967781,0.018345002084970478,-0.030701495707035065,-0.04910227656364441,0.014369938522577284,-0.11894948780536652,-0.03162781521677971,-0.0015469036297872663,0.006826593540608882,-0.08157835155725478,0.02892826870083809,0.06769609451293945,-0.053594328463077545,0.02546519599854946,0.02999423444271088,-0.12314479798078536,0.02219012938439846,0.024531686678528786,-0.09760115295648576,0.04098064079880714,-0.03888481110334396,0.03218869119882584,-0.009837477467954159,0.0642857477068901,0.006478818133473396,-0.024397267028689384,-0.003337682457640767,-0.09897148609161377,-0.10216660797595976,-0.028983596712350845,-0.0567784495651722,-0.044068347662687295,0.030821021646261212,0.05421250313520432,0.09220253676176073,-0.09679779410362244,-0.045039169490337365,0.0006829473422840238,0.01210105698555708,0.06034516543149948,0.0061675338074564925,-0.01357576809823513,0.0013061141362413764,-0.015493126586079596,0.03227969631552696,0.014140838757157324,-0.027693618088960648,0.0043903253972530365,-0.002790631027892232,-0.03816472738981247,-0.02759444713592529,-0.0056520081125199795,-0.04369543865323067,0.0653245747089386,0.09418369084596634,0.08862493932247162,0.09279104322195053,-0.0013858198653906584,0.019448496401309967,-0.02215728908777237
-0.011836777441203594,0.04742030426859856,0.0,-0.09812100976705553,-0.045503616333007806,-0.042867448180913925,0.040082935243844986,-0.039667222648859024,-0.022148950025439262,0.052947916090488434,-0.027048699557781216,-0.02325143665075302,-0.016301237046718597,-0.1342421919107437,0.040438257157802575,-0.13172240555286407,0.1052563190460205,0.1020909994840622,-0.01590847596526146,-0.10868079215288162,-0.005518083926290274,-0.00962743815034628,0.03301072493195534,0.03678982704877853,-0.009915270842611788,0.04999702796339989,-0.024083010852336884,0.012722373008728027,-0.0024639444891363382,-0.00993025302886963,0.059799861162900925,0.01328067947179079,-0.05160269513726234,-0.1311478316783905,-0.029166230931878086,0.0033591280225664377,0.026896480470895767,0.10052650421857832,-0.12576523423194885,-0.04150696471333504,-0.055752679705619805,0.006546549499034882,0.07233699411153793,-0.0755256339907646,0.0035041254013776775,0.07387668639421463,0.05197889730334282,0.02117431908845901,0.011080569587647913,0.012504663318395615,0.0899648144841194,0.014074827544391155,0.028144951909780502,0.04859732836484909,-0.00381912337616086,0.13155169785022736,-0.06539780646562576,-0.038939204066991806,0.03927052021026611,-0.03577147424221039,-0.013458984903991222,-0.0042767967097461215,-0.03812534734606743,-0.058079257607460015,0.02650474198162556,-0.011473280377686024,-0.059968899935483926,0.08565425872802734,0.04232038930058479,0.03939422219991684,0.06322219222784041,-0.026670029386878014,-0.050713200122118,-0.019778359681367878,-0.03831546381115913,0.024006051942706108,0.04758800938725472,0.007456559222191571,-0.001332832151092589,-0.08327075093984605,-0.09220953285694121,-0.06673580408096313,-0.011980900540947914,-0.05516725033521652,-0.009879405610263348,-0.03843313083052635,-0.03918030858039856,-0.01429629512131214,0.053352028131484985,-0.012638661079108717,-0.006249923259019852,-0.05561835318803787,0.04787895455956459,-0.058069467544555664,-0.06609548628330231,-0.04264366626739501,-0.10639727115631104,-0.02139526419341564,-0.02286274172365665,-0.01982301101088524
0.028544990345835686,0.08456522226333618,-0.09812100976705553,0.0,-0.1347893476486206,-0.043812382966279984,-0.11282646656036376,0.15029169619083405,0.050455600023269646,-0.029703162610530853,-0.11816637217998505,0.025171054527163506,0.03941446915268897,0.15380026400089264,-0.041862066835165024,-0.02821453288197517,-0.1457178294658661,-0.11696871370077132,-0.003263121470808983,0.0647403672337532,-0.014104430563747883,-0.07732491195201874,-0.1914888173341751,0.20225995779037476,0.03322217985987663,-0.11389040946960448,0.0284139271825552,0.002573052886873484,-0.10510608553886412,0.0002654277777764946,-0.04225192219018936,-0.014059053733944891,-0.06907400488853455,0.023313652724027637,-0.07474063336849213,-0.10815063863992692,-0.028004050254821777,0.16218425333499908,-0.044922716915607445,0.00034356300602667034,0.2270431071519852,-0.023486346006393433,-0.09109381586313248,0.15975573658943176,-0.15304148197174072,-0.2285854518413544,-0.013278936967253683,-0.016598355025053024,-0.0028836498968303204,-0.12467537820339201,-0.12046820670366289,0.01490163430571556,-0.274542897939682,0.13562490046024323,0.10738100111484528,0.08927296847105026,0.12743535637855527,-0.1625860184431076,-0.074381522834301,0.06742743402719498,-0.028336450457572937,0.07579826563596725,0.011405839584767818,-0.04578872397542,-0.007093403022736311,0.061681363731622696,0.016614146530628204,-0.005210459232330321,-0.23433291912078855,0.004419767763465642,-0.057895295321941376,-0.023561760783195492,0.1704038381576538,-0.0008393717580474913,0.018758196383714676,-0.09485670924186705,-0.022843090817332268,-0.2033198177814484,0.039368711411952965,0.1204765737056732,0.06530860811471939,0.14922291040420532,0.09877093881368637,0.010271349921822548,-0.013800169341266155,0.02216327376663685,0.0797024816274643,-0.054767701774835593,-0.1298140436410904,-0.06179412454366684,-0.037169307470321655,-0.06094178929924965,-0.040347304195165634,-0.11071877926588058,0.2794487178325653,-0.04183781147003174,0.07539181411266328,0.05034449324011803,0.01581922359764576,0.06354935467243195
0.03369993343949318,0.08512860536575317,-0.045503616333007806,-0.1347893476486206,0.0,-0.07301340997219084,0.010601107962429523,0.12797397375106812,-0.0520220622420311,0.03835655748844147,0.053502563387155526,-0.03297962620854378,-0.03659738972783089,-0.106726735830307,0.0027524647302925582,-0.07145322114229202,0.06713466346263884,0.02360004372894764,-0.10507778078317642,-0.06281037628650665,0.0017914812779054044,-0.07095571607351303,-0.08198223263025284,0.09709981083869934,0.002561654429882765,-0.0537107028067112,-0.004484390839934349,0.016433050855994225,0.07827614247798918,0.0470188781619072,0.06928065419197083,0.02062664553523064,0.0309994462877512,-0.0018003677250817418,0.03294309228658676,-0.056969307363033295,-0.0993630588054657,0.19863994419574735,-0.044646162539720535,-0.031975384801626205,0.1036546230316162,-0.13493062555789948,-0.011398710310459135,0.02275417931377888,0.05543872714042664,0.059892527759075165,0.0008503786521032451,0.014798516407608984,0.02087820880115032,-0.07172061502933502,-0.006743977311998606,-0.06685014814138412,0.01646912842988968,0.08012918382883072,0.09599560499191283,0.03853718936443329,-0.04215438663959503,-0.045875392854213715,0.008138425648212433,-0.09167063236236572,0.06966506689786911,-0.05181477963924408,-0.022339241579174995,-0.06563850492238998,-0.03548614680767059,-0.0008577699190936983,0.012553286738693714,0.028997186571359634,0.06920301169157028,0.015514643862843512,0.04335692152380943,-0.0032912655733525757,-0.010018592700362204,-0.1445583552122116,-0.0682646632194519,0.1018030047416687,-0.019942436367273327,-0.008211058564484118,-0.04263755306601524,-0.025812732055783272,-0.03257995843887329,0.00915828812867403,0.026942947879433632,-0.05721212178468704,-0.036549530923366554,0.01812304183840752,0.02884580008685589,-0.014821019023656843,-0.040450461208820336,0.0034263462293893094,-0.1123390793800354,-0.03323248773813248,0.04798180982470512,-0.11410204321146011,-0.11731168627738953,-0.014140413142740726,-0.05917270854115486,-0.11231936514377593,0.08280452340841293,-0.01388054061681032
0.05098009854555129,-0.008630158379673958,-0.042867448180913925,-0.043812382966279984,-0.07301340997219084,0.0,-0.06226437538862228,-0.0339643657207489,0.08644777536392213,0.000346022512530908,-0.06332510709762573,-0.00416906550526619,-0.022043839097023007,0.03333689272403717,-0.06038274243474007,0.13957549631595612,-0.039237890392541885,-0.008425126783549786,0.0006031534285284579,0.07228024303913116,-0.02341843210160732,-0.017213070765137672,-0.14645807445049283,0.11349203437566756,-0.042060289531946175,-0.06820423901081085,-0.06462248414754868,0.015839869156479836,-0.03862738981842995,0.058923665434122086,-0.0014868193538859487,0.037510603666305535,-0.06233298406004906,-0.03541395440697669,0.004103096667677164,-0.05788575857877731,-0.024057213217020035,0.01669778861105442,0.08730854094028474,-0.006820639595389366,0.06762529909610748,-0.09742529690265656,-0.01977554336190224,0.09850987046957017,-0.1533207893371582,-0.11039581149816512,-0.06515278667211533,-0.008633640594780445,-0.04353766515851021,-0.022197240963578224,-0.10459805279970168,0.0513467974960804,-0.1594942212104797,0.05617750063538551,0.10858172178268433,0.102579727768898,0.023083215579390522,-0.0336267426609993,-0.013464241288602352,0.0015489369397982955,-0.026093265041708943,0.06524293124675751,-0.04867466539144516,0.03557351231575012,-0.053350504487752914,0.04248740151524544,-0.011929561384022236,-0.08052649348974229,-0.10971441864967346,0.05600055307149887,-0.05476342514157295,-0.09053415805101393,-0.004127786960452795,-0.011043863371014597,0.04357432946562767,-0.052517633885145194,-0.05689440295100212,-0.1398970931768417,0.026765385642647743,0.022055812180042263,0.1255682408809662,-0.05391480401158333,0.02082696370780468,-0.02520554140210152,-0.02115544304251671,0.09540207684040067,0.0567910261452198,0.004062283784151076,-0.08344577252864836,-0.0628030002117157,-0.14428427815437317,0.0004115415795240551,-0.0376683846116066,-0.01873907819390297,0.12421017885208128,0.030137794092297557,0.0787007138133049,-0.023329347372055054,0.01052007172256708,0.025413706898689273
0.008638468571007252,-0.01108242105692625,0.040082935243844986,-0.11282646656036376,0.010601107962429523,-0.06226437538862228,0.0,-0.022112764418125153,-0.020705521106719967,0.021384185180068016,0.07697904109954835,-0.05219704657793045,-0.0406915470957756,-0.16279740631580353,0.011533302254974842,0.010261944495141506,0.06474229693412781,0.062192108482122414,0.01246191281825304,-0.15883669257164,-0.012165446765720844,-0.03211303427815437,0.05925837904214859,-0.09813931584358215,0.05643188580870628,0.053456429392099374,0.010005691088736056,-0.011991518549621103,0.10117761045694353,0.03936482593417168,0.04374309629201889,-0.04141109436750412,0.06803033500909805,0.03612350672483444,0.0708216205239296,0.0645008459687233,-0.05064418911933898,0.05341403931379318,-0.03570454195141792,0.02912626415491104,-0.03781391680240631,0.021972460672259327,-0.11327393352985382,-0.044036589562892914,-0.03057480975985527,0.047951973974704735,-0.05970259755849838,0.04259504750370979,0.009069519117474558,0.015292164869606493,-0.014389888383448124,-0.15067791938781738,0.1772785186767578,0.12633733451366425,0.0100899925455451,0.002333337208256125,-0.02899496257305145,0.026330843567848206,-0.0327945239841938,-0.027746202424168583,-0.029078105464577675,-0.0794302448630333,-0.052590329200029366,0.020928684622049328,-0.012175209820270538,-0.02083699405193329,0.004413526970893145,0.062102902680635445,0.06838978826999664,-0.08154037594795227,0.10387413203716278,-0.028643175959587097,-0.11755931377410889,0.012537700124084948,-0.005232146941125393,-0.013365761376917362,-0.05052360519766808,0.04012970253825188,-0.11208129674196245,-0.060244180262088776,-0.07899173349142073,-0.19594833254814148,0.006415173877030611,0.020210526883602142,-0.06538897752761841,-0.02577224187552929,-0.011728513054549694,0.04455618932843208,0.12575301527976987,0.0976344719529152,-0.013635982759296894,0.004599967505782843,0.0545617863535881,0.049346018582582474,-0.0726717710494995,0.07581253349781036,-0.06235888972878456,0.06766670197248459,-0.040627434849739075,-0.05895868316292762
-0.0019331037765368817,-0.1010437235236168,-0.039667222648859024,0.15029169619083405,0.12797397375106812,-0.0339643657207489,-0.022112764418125153,0.0,0.04712570831179618,-0.06125964969396591,-0.012195333838462828,-0.07800059020519257,0.049994245171546936,0.09414872527122496,-0.11992624402046204,0.09543698281049728,-0.005214902572333813,0.01391320489346981,0.0019071297720074651,0.10383187234401701,0.01909599266946316,-0.07561860233545302,-0.003331099636852741,0.04964387789368629,-0.12929789721965787,-0.027970347553491592,-0.16042400896549225,-0.02061447687447071,-0.03818029165267944,-0.09648767858743668,-0.01053030788898468,0.0927768275141716,-0.0213432926684618,-0.010529526509344576,-0.017138075083494186,-0.06875689327716827,-0.03222065791487694,-0.19861967861652371,0.062280487269163125,0.015092005021870136,-0.010723930783569813,0.0006389790796674788,0.04673657938838005,0.026357922703027725,-0.08338945358991624,-0.08054359257221222,-0.005230622831732035,-0.06799086183309555,-0.1097629964351654,0.013428816571831703,-0.09359735250473022,0.11081460118293762,-0.14227549731731415,-0.10603001713752747,0.054433077573776245,0.05712398141622543,0.13480587303638458,0.09074488282203673,-0.0648886188864708,0.026375519111752514,-0.05806360766291618,0.014852146618068218,0.044672049582004554,0.10695449262857436,-0.05083251744508743,-0.0809042379260063,-0.0006588036776520312,-0.14635680615901947,-0.02431165426969528,-0.021200567483901978,-0.07630561292171478,0.003780667437240481,0.002213004976511001,0.03662090003490448,-0.01381268072873354,0.006974881049245596,-0.02601000666618347,-0.06306124478578568,-0.03179510310292244,0.043443288654088974,-0.03068183921277523,-0.05906400084495544,-0.01877782493829727,0.05344972759485245,0.10055568069219588,0.02533411607146263,-0.061624884605407715,0.009742113761603832,-0.11548195779323576,0.0060003576800227165,-0.03908367827534676,0.060334619134664536,-0.0393480621278286,0.03042576275765896,0.05623836442828178,-0.044718053191900246,0.01306888461112976,0.08018965274095534,-0.04326098784804344,0.10105016082525252
-0.026967745274305344,0.04295842349529266,-0.022148950025439262,0.050455600023269646,-0.0520220622420311,0.08644777536392213,-0.020705521106719967,0.04712570831179618,0.0,-0.054234527051448815,-0.08409669995307921,-0.03934839740395545,-0.09609173238277437,-0.02509433403611183,0.009504532441496847,-0.1174805462360382,0.011576227843761444,-0.029349792748689648,0.06202229857444763,0.035986781120300286,0.03044578805565834,0.11153927445411682,-0.03370048478245735,0.043174352496862405,0.05172319337725639,-0.04404345899820328,-0.006825639866292477,0.04406032711267471,0.05266169086098671,0.014693828299641607,-0.051610272377729416,-0.034628573805093765,-0.02013387344777584,0.002778168534860015,-0.06411342322826385,-0.02718665450811386,-0.03503724187612533,0.09523829817771912,-0.09128306061029434,-0.011315559968352316,0.009681522846221924,-0.004604259505867958,-0.0027996450662612915,-0.007974623702466486,0.04408025369048119,0.06437106430530548,-0.0027443722356110807,-0.024973710998892784,0.1216212883591652,0.03772346302866936,0.013011828996241093,0.002656164579093456,0.011919123120605944,-0.040041804313659675,-0.041320409625768655,0.017039326950907707,0.017306026071310043,0.15509136021137235,-0.0015438267728313804,0.0535174272954464,-0.0742192417383194,0.02700372412800789,0.04649645090103149,0.015248327516019344,-0.0763358026742935,-0.005400705616921186,0.00017172527441289276,0.03587881475687027,-0.1014127731323242,0.002598488237708807,-0.03476659208536148,-0.01659497246146202,0.05299179628491402,0.0195754524320364,-0.01528929639607668,0.03725215792655945,-0.02312115952372551,0.0207488127052784,0.0525142066180706,-0.10618993639945984,-0.07707504183053969,0.02096487209200859,-0.007335904520004987,-0.09729882329702376,0.00115786527749151,-0.05317782610654831,-0.06159355863928794,0.036721229553222656,-0.026077292859554287,0.02370921522378921,0.10903722792863844,-0.030122742056846615,0.10932331532239913,-0.0032465104013681407,-0.0066104670986533165,0.010226873680949213,-0.08878010511398315,6.334808131214231e-05,-0.10169969499111176,0.010654475539922714
-0.10829818993806838,-0.06595373898744583,0.052947916090488434,-0.029703162610530853,0.03835655748844147,0.000346022512530908,0.021384185180068016,-0.06125964969396591,-0.054234527051448815,0.0,0.09283683449029921,0.11037061363458632,-0.06856293231248856,-0.1303378790616989,0.06442020833492279,-0.027557604014873505,0.15933476388454437,0.06475474685430527,-0.05302383005619049,-0.0024156442377716303,-0.08721379935741425,0.0018385660368949173,0.08627127856016159,0.01816574297845364,0.0101588387042284,0.11793727427721024,-0.05452127754688263,-0.052040457725524895,-0.042923692613840096,-0.02246479131281376,-0.06333513557910919,0.08198160678148268,0.0704096183180809,0.018311871215701103,0.052711497992277145,0.02801758237183094,0.07734578102827072,0.06669928133487701,0.017433438450098038,-0.008337779901921749,-0.17793583869934082,-0.012296454049646854,0.0775860622525215,-0.037819240242242806,0.04896574467420577,0.0286225751042366,-0.06301780045032501,0.10023045539855956,0.0064473170787096015,-0.021214749664068226,0.10445430129766464,-0.10759825259447096,0.10816386342048644,0.0418158620595932,-0.02697170525789261,0.004816627129912376,-0.06886004656553268,0.09671296179294586,0.06567708402872086,0.0005140264984220265,-0.08556309342384337,-0.04823895916342735,0.08084460347890854,-0.0019432822009548545,-0.05636480450630188,-0.027847222983837128,-0.002652664901688695,0.0991298109292984,-0.004677893128246069,-0.08558829128742218,0.0048913913778960705,-0.07381930947303773,-0.0765654668211937,-0.01748913526535034,-0.04499419778585433,0.04618800431489944,-0.04269714280962944,0.09616760909557343,-0.18721462786197665,-0.04130342975258827,-0.1312902420759201,0.02405239455401897,-0.02096226066350937,-0.032454051077365875,-0.022454107180237767,0.028042249381542202,-0.11794870346784592,-0.023616036400198936,0.011914413422346117,0.04371632635593414,0.054577823728322976,0.009759403765201569,0.0019015454454347487,0.07179199904203415,-0.20261807739734647,0.09221180528402328,-0.1499279737472534,0.005490688141435385,0.0025998810306191444,0.015157687477767467
0.03345011547207832,-0.044270217418670654,-0.027048699557781216,-0.11816637217998505,0.053502563387155526,-0.06332510709762573,0.07697904109954835,-0.012195333838462828,-0.08409669995307921,0.09283683449029921,0.0,0.1368713527917862,-0.019420327618718147,-0.11478795111179352,0.00976000726222992,-0.06145159900188447,-0.01844795048236847,0.05920131877064705,-0.05601652339100838,-0.0605647936463356,-0.0046308813616633415,0.15606680512428284,0.09103348851203918,-0.21548922359943387,0.029602007940411568,0.02914160117506981,-0.017869357019662857,-0.08937045186758041,0.08909659087657928,0.02124118804931641,-0.01124308630824089,-0.06398508697748184,0.08628207445144653,-0.09570797532796861,-0.06353829056024551,0.1111101359128952,0.060585401952266686,-0.07805712521076201,-0.0008958211401477456,-0.1390916407108307,-0.1214350089430809,-0.026586441323161125,0.060277845710515976,-0.08326321840286256,0.15993234515190125,0.11967759579420088,-0.04743040353059769,0.05598941445350647,0.05776102468371391,-0.004775589797645807,0.09265334904193878,-0.051639094948768616,0.0011049698805436492,0.06945086270570755,0.0147574907168746,0.01771385222673416,-0.038547083735466,0.026221308857202526,0.06029615178704262,-0.07483046501874924,-0.0808841586112976,0.007835643365979193,-0.143182173371315,-0.0667792409658432,0.17624393105506897,0.010170625522732735,-0.03539746627211571,0.05089110508561134,0.08850234746932982,-0.041345588862895966,0.010644284076988695,0.05454547703266144,-0.181659996509552,0.022419054061174393,0.04191529005765914,-0.005729872733354568,0.05335422232747078,0.00023926635913085192,-0.06532610952854156,-0.08370233327150346,-0.05614389479160309,-0.07625143975019456,-0.10425475984811781,-0.052647944539785385,-0.03553835675120354,-0.07738474011421204,-0.007226928602904081,0.11882640421390532,0.10074909776449203,0.013067264109849928,0.012880231253802776,-0.04180942103266716,-0.022293582558631897,0.04632902517914772,-0.05779536068439484,0.012362051755189896,-0.120525561273098,-0.02158348821103573,-0.06985215842723846,-0.14704398810863495
-0.07971537858247758,0.01365854125469923,-0.02325143665075302,0.025171054527163506,-0.03297962620854378,-0.00416906550526619,-0.05219704657793045,-0.07800059020519257,-0.03934839740395545,0.11037061363458632,0.1368713527917862,0.0,-0.07889725267887115,0.04026753455400466,0.04693154245615005,0.025608982890844345,0.009824774228036404,0.0889979749917984,-0.016685333102941513,-0.0997083559632301,-0.006361388135701418,-0.0531972162425518,0.04264094308018684,0.0378410704433918,0.007205633446574211,0.008339579217135906,0.00605632783845067,0.07881487905979155,0.07715191692113875,-0.02066320925951004,0.11962972581386566,-0.014484974555671217,-0.012887196615338324,0.004414213355630636,-0.06073305755853653,-0.04702985659241676,-0.012286094948649406,-0.03657258301973343,-0.09045287966728209,0.1320154368877411,-0.06075839698314666,-0.07239194214344025,-0.009904406033456324,-0.0363532230257988,-0.03791717067360877,0.10074907541275024,0.006368374917656183,-0.05861561372876167,-0.04573686048388481,0.05405435711145401,-0.035364579409360886,-0.02767067216336727,0.09962043911218643,-0.025782177224755287,0.012023515067994595,-0.01046136301010847,-0.06163123250007629,-0.018139149993658062,-0.11061212420463562,0.04231353849172592,0.03861209750175476,0.029555952176451683,-0.013653683476150036,0.005020801909267902,-0.06408987939357758,-0.12869447469711304,0.049472015351057046,-0.01925399713218212,0.020849805325269696,-0.0021063487511128187,0.06826722621917725,0.008527273312211037,0.0258309468626976,-0.06275246292352676,-0.0465879961848259,0.010451538488268852,0.0127203818410635,-0.04008720442652702,-0.021733786910772324,-0.1036822497844696,-0.06989177316427231,-0.04895705729722977,-0.03130166977643967,-0.08067581057548523,0.033601243048906326,-0.0592087060213089,-0.04141581431031227,-0.029604960232973095,-0.06895525008440018,-0.0053035211749374875,0.0006573285791091621,-0.008345101960003376,0.07303093373775482,0.0032454929314553738,0.0007025499362498522,-0.013146350160241129,-0.025542257353663445,-0.07438548654317856,-0.03723929077386856,0.05867504701018333
-0.00017178518464788795,0.006465815007686615,-0.016301237046718597,0.03941446915268897,-0.03659738972783089,-0.022043839097023007,-0.0406915470957756,0.049994245171546936,-0.09609173238277437,-0.06856293231248856,-0.019420327618718147,-0.07889725267887115,0.0,0.1727427244186401,-0.0015645857201889155,0.00021739322983194145,0.08914229273796082,-0.117230623960495,-0.04463857039809226,0.09937272220849991,-0.036742359399795525,0.06498116254806519,-0.10717512667179108,0.013654623180627821,0.016688773408532143,-0.006101148668676616,-0.0717335194349289,0.056042030453681946,0.0003302403201814741,-0.013117617927491663,-0.03072999231517315,-0.12080983072519302,0.07932032644748686,-0.048671610653400414,-0.01312724594026804,-0.04313261434435845,0.06563179939985275,-0.06083446741104125,-0.01199053693562746,0.05174120515584946,0.07864396274089813,-0.09229060262441635,-0.015425087884068487,0.02375238575041294,-0.03847811743617058,-0.06971674412488937,0.0262498389929533,-0.10124476999044418,0.003778179408982396,-0.003964500967413187,-0.045686785131692886,-0.04742977395653725,0.0152300838381052,-0.056054152548313134,0.042093567550182336,0.0012629092670977116,0.056634243577718735,-0.0058961627073586,0.01849810779094696,-0.011558805592358112,0.012319844216108322,0.19762943685054776,0.004744440317153931,-0.006778939161449671,-0.06807022541761398,0.045331530272960656,-0.0065177218057215205,-0.008982384577393532,0.009168764576315882,-0.1348884552717209,-0.056522846221923835,0.07245347648859024,0.03195175528526306,-0.03865518048405647,0.015668649226427078,-0.08329447358846664,-0.1031574010848999,-0.04728896915912628,0.03406646102666855,0.07234665006399153,0.025197692215442657,0.020327568054199215,-0.12975084781646729,-0.06629057228565216,-0.052115496248006814,-0.03765491396188736,0.010004514828324316,-0.0061277891509234905,0.01914127357304096,-0.04319131001830101,-0.04770840704441071,0.02238253876566887,-0.03205206245183945,0.03191365301609039,0.0024339149240404367,-0.06432217359542847,0.08864548057317732,0.034370601177215576,-0.005570729263126849,-0.02331540361046791
0.1937759816646576,-0.011617853306233881,-0.1342421919107437,0.15380026400089264,-0.106726735830307,0.03333689272403717,-0.16279740631580353,0.09414872527122496,-0.02509433403611183,-0.1303378790616989,-0.11478795111179352,0.04026753455400466,0.1727427244186401,0.0,0.03677091374993324,-0.028752997517585754,0.019041499122977257,-0.015313214622437952,0.08245208114385603,0.12649591267108917,0.11158405989408492,-0.0819094181060791,-0.02723167650401592,0.1821177452802658,-0.14233486354351044,-0.12584038078784943,0.02527322433888912,0.020415622740983963,-0.011100312694907188,0.004596041981130838,-0.034184813499450684,0.06803423166275024,-0.01471551228314638,0.0398702435195446,0.08476819097995758,-0.20496238768100736,-0.09628129750490189,0.02895447611808777,-0.04484754428267479,-0.010620088316500185,0.07515305280685423,-0.02220962941646576,-0.058402497321367264,0.11356908828020096,-0.08245186507701874,-0.1339094042778015,-0.08708075433969498,-0.08041299879550934,-0.047575756907463074,-0.043235499411821365,-0.21403412520885468,0.11737418919801712,-0.10835549980401991,-0.22106435894966123,0.06358295679092407,0.12881211936473846,0.09449852257966995,-0.0021363673731684685,-0.08276963233947755,0.02640198729932308,0.06408840417861937,-0.07089772820472717,0.12403466552495956,0.026777831837534904,-0.06140778213739395,0.0038271213416010146,-0.01776784099638462,-0.16658255457878113,-0.2989238500595093,0.10769152641296385,-0.14396369457244873,0.002472147345542908,0.11081022024154664,0.12894718348979947,0.11353088915348052,-0.12119767069816588,-0.14440250396728516,-0.1108029931783676,0.06888154149055481,0.05115318298339844,0.024477995932102203,0.059846822172403336,0.04623783752322197,-0.018201790750026703,0.1272744983434677,0.04557638615369797,0.004660753067582846,-0.11468979716300964,-0.12559877336025238,-0.0580364502966404,-0.11244243383407591,-0.011229097843170166,0.004461614415049553,-0.13806644082069397,0.1392505168914795,-0.12983264029026031,0.19156233966350555,-0.013937363401055336,0.04525060206651688,0.1103220134973526
0.014105122536420822,0.011756661348044872,0.040438257157802575,-0.041862066835165024,0.0027524647302925582,-0.06038274243474007,0.011533302254974842,-0.11992624402046204,0.009504532441496847,0.06442020833492279,0.00976000726222992,0.04693154245615005,-0.0015645857201889155,0.03677091374993324,0.0,-0.010777117684483528,0.013388317078351974,-0.02900812029838562,-0.013712604530155659,-0.061289381235837936,0.0235715601593256,-0.0599566213786602,-0.06776195764541626,-0.07556361705064772,0.08600661903619766,-0.06981603801250458,0.006432105787098408,-0.03686889633536338,-0.009559185244143007,0.08409243822097777,-0.012871889397501944,0.06041422113776207,-0.08471234887838364,-0.02335266023874283,-0.001311802421696484,-0.02243915759027004,-0.062222447246313095,0.013785159215331076,-0.035410769283771515,-0.062480319291353226,-0.00025031689438037574,0.01850706525146961,0.021076317876577377,-0.1730811595916748,-0.058257777243852615,-0.020908555015921593,0.02540943399071693,0.0745459273457527,0.08343786746263504,0.0012448105262592435,-0.10784317553043364,-0.0945647358894348,0.04356806725263596,-0.02133573032915592,0.044319268316030495,-0.03626028448343277,0.03878220170736313,0.07786550372838974,-0.0517747774720192,-0.024510495364665985,-0.037087004631757736,-0.032022759318351746,-0.0012538357404991984,-0.007369268219918013,0.06518057733774185,0.23775646090507507,-0.014850531704723833,-0.03748603537678719,0.12213993817567824,-0.07066737115383148,-0.010719434358179568,-0.020428040996193882,-0.01128977444022894,-0.0909244790673256,-0.123784139752388,-0.045686893165111535,-0.035673826932907104,0.014418617822229862,0.12392790615558624,-0.02406628243625164,-0.008126411586999893,-0.07948140799999237,0.04063745215535164,-0.03910066932439804,-0.05696717277169228,0.04884066060185432,0.0498214103281498,0.02715755254030228,-0.01130762044340372,0.12460105866193771,-0.018098052591085437,0.02228775061666965,-0.05979197472333908,0.022749939933419228,-0.021287161856889725,-0.09143367409706116,-0.09717097878456116,-0.00818823464214802,-0.019622849300503727,-0.06464194506406784
0.07520387321710585,0.005825961474329233,-0.13172240555286407,-0.02821453288197517,-0.07145322114229202,0.13957549631595612,0.010261944495141506,0.09543698281049728,-0.1174805462360382,-0.027557604014873505,-0.06145159900188447,0.025608982890844345,0.00021739322983194145,-0.028752997517585754,-0.010777117684483528,0.0,0.052391476929187775,0.13465695083141327,-0.02101867087185383,0.09710220992565155,0.04987212270498276,-0.04601208493113518,-0.027732104063034058,0.04071015119552612,-0.038227759301662445,-0.05952138453722,-0.03778037801384926,0.1911921352148056,-0.10409653931856155,-0.0799763575196266,0.1338728815317154,0.060010824352502816,0.039868682622909546,-0.17679013311862943,0.07606565207242964,-0.13582581281661987,-0.02754559740424156,0.17134582996368408,-0.273139089345932,-0.0014940265100449324,0.08798126876354218,0.02740667574107647,-0.058466870337724686,-0.03862521797418594,0.057118766009807594,-0.02065381407737732,0.08972239494323729,-0.08261045068502426,0.015555975027382372,-0.0469219833612442,0.25077167153358454,-0.02184357494115829,0.021333185955882072,-0.06486929208040237,-0.06886202096939087,0.06955716758966446,0.023174837231636047,0.007574019487947226,0.02151051349937916,-0.13698397576808927,0.14564500749111176,-0.020478159189224243,0.09736502170562744,-0.06587307155132294,-0.01944029703736305,0.11050862073898315,0.16788622736930847,0.04130349680781365,-0.1310439109802246,0.0003646446857601404,0.04005569592118263,0.04707722365856171,0.02460261061787605,0.04373916983604431,-0.03269622102379799,0.08285298943519592,0.018567191436886787,0.08926676958799362,-0.10727708786725997,-0.1660609096288681,-0.15062636137008667,0.09873242676258089,-0.08926340192556381,0.08517349511384965,0.09393152594566344,-0.18498174846172327,-0.021119309589266777,-0.034037042409181595,-0.03443104401230812,-0.016982268542051315,0.11362357437610626,-0.09243956208229065,-0.04776808246970177,-0.2350693494081497,-0.0064328317530453205,-0.10797526687383652,0.011509355157613754,-0.04547084495425224,-0.03480978310108185,0.029185365885496136
0.03252874314785004,-0.08928750455379486,0.1052563190460205,-0.1457178294658661,0.06713466346263884,-0.039237890392541885,0.06474229693412781,-0.005214902572333813,0.011576227843761444,0.15933476388454437,-0.01844795048236847,0.009824774228036404,0.08914229273796082,0.019041499122977257,0.013388317078351974,0.052391476929187775,0.0,0.0180735532194376,0.026795163750648495,-0.13885869085788727,-0.0439845398068428,0.017478618770837784,0.076717808842659,-0.04325354471802712,-0.027448754757642743,0.10692600905895232,0.08177182823419571,-0.09935841709375379,0.09969409555196762,-0.0216131154447794,0.0053166588768363,-0.05634625628590584,0.002795368200168013,0.026030363515019417,-0.12986204028129575,0.03751036897301674,0.07910233736038208,-0.13192307949066162,0.02417566440999508,-0.05040134862065315,-0.13179966807365415,-0.061039704829454415,-0.028803581371903416,-0.009377255104482174,0.10928404331207275,0.08881010115146638,-0.0510537326335907,0.02321168407797813,0.01085738930851221,-0.002435269067063928,0.14382895827293396,-0.1329067051410675,0.060962047427892685,0.13201244175434113,-0.0684177577495575,-0.19426539540290833,-0.07918854802846909,0.060088951140642166,0.013598202727735043,-0.07063169032335281,0.0258242841809988,-0.026466071605682373,-0.2146345227956772,-0.1604936271905899,0.20603950321674344,-0.025340495631098747,0.022773252800107,0.03751111403107643,0.03822006657719612,-0.1963662356138229,0.11570051312446594,0.02554977312684059,-0.13545504212379456,-0.09756594151258467,-0.15171612799167633,0.008434644900262356,-0.0015050038928166032,0.07876704633235931,-0.16532354056835175,-0.008612441830337046,0.0967782512307167,0.013261758722364902,-0.019172459840774536,0.13380086421966553,-0.08260727673768997,-0.0025126305408775806,-0.14130930602550507,0.11694496870040892,0.05333141982555389,0.0012868416961282492,-0.01752382703125477,-0.06109041720628738,-0.020223146304488186,0.042611971497535706,-0.13927534222602844,-0.036778248846530914,-0.10407662391662596,-0.04072922468185425,-0.01686381734907627,-0.05784076452255249
-0.03982188552618027,-0.06050277873873711,0.1020909994840622,-0.11696871370077132,0.02360004372894764,-0.008425126783549786,0.062192108482122414,0.01391320489346981,-0.029349792748689648,0.06475474685430527,0.05920131877064705,0.0889979749917984,-0.117230623960495,-0.015313214622437952,-0.02900812029838562,0.13465695083141327,0.0180735532194376,0.0,-0.03129080682992935,-0.058479264378547675,0.05873532220721245,0.0021685396786779165,0.11680803447961809,-0.042090993374586105,-0.1153012216091156,0.05187645182013512,0.014481478370726109,-0.0015383963473141191,0.013902807608246803,-0.054236821830272675,0.05742666497826576,0.17633260786533356,-0.02119838073849678,0.2519638538360596,-0.05580668896436691,0.08972764760255812,0.03142494335770607,0.0034276270307600494,-0.00115179899148643,-0.08572420477867126,-0.021329063922166824,-0.1412432491779327,-0.12618285417556763,0.024833001196384426,0.06867846846580505,0.025103911757469177,-0.0019384942715987563,0.010702152736485004,0.06001610681414604,-0.04510433971881866,0.032055068761110306,-0.029931763187050816,-0.035673387348651886,0.06456565856933594,-0.06749605387449265,-0.08656560629606248,-0.01685282588005066,-0.07151380181312561,0.07854389399290083,0.021249210461974144,-0.09188084304332733,-0.002245433395728469,-0.00933754350990057,-0.10452135652303696,0.03642123937606812,-0.10195707529783248,-0.04919806495308876,0.1490718573331833,0.09167701005935669,-0.03782717138528824,0.012657132931053638,-0.019862258806824684,0.009645129553973673,-0.1358102709054947,-0.04704141989350319,-0.052186928689479835,-0.0624377503991127,-0.2088484019041061,-0.11741654574871065,-0.16575314104557037,-0.03724725916981697,-0.0672331154346466,0.03198932483792305,-0.08972986042499542,-0.10668288916349412,-0.03609610721468925,-0.05948101356625557,0.05304341018199921,-0.02894412912428379,0.10534606873989104,-0.09711471945047377,0.0642181932926178,-0.04502670466899872,0.18074883520603177,-0.04520772770047188,-0.04949255287647247,-0.07053039968013763,-0.03400829806923866,-0.018910322338342663,0.0008260008180513978
-0.03594076633453369,0.15184897184371948,-0.01590847596526146,-0.003263121470808983,-0.10507778078317642,0.0006031534285284579,0.01246191281825304,0.0019071297720074651,0.06202229857444763,-0.05302383005619049,-0.05601652339100838,-0.016685333102941513,-0.04463857039809226,0.08245208114385603,-0.013712604530155659,-0.02101867087185383,0.026795163750648495,-0.03129080682992935,0.0,-0.03877357393503189,-0.047917943447828286,0.07151663303375244,-0.06620475649833679,-0.02118494361639023,0.06058185175061226,-0.12233617156744005,-0.12777520716190338,0.01827912777662277,0.0373687669634819,0.11505406349897385,0.0017322022467851639,-0.22446772456169128,0.08819397538900374,-0.11133123934268951,0.007981504313647747,0.14517043530941007,-0.01024841982871294,0.1517724096775055,0.03922626748681069,0.006622013170272112,0.02474421449005604,0.0865676924586296,-0.015624483115971088,-0.05195101723074913,-0.03354167565703392,-0.11177699267864229,0.017885828390717506,0.11753539741039276,-0.02470824122428894,0.014098964631557465,-0.06713453680276871,-0.07427442818880081,-0.0495084784924984,0.04119161143898964,-0.1127691864967346,-0.031081916764378548,0.032083187252283096,-0.05178601294755936,0.02745884284377098,0.020089140161871914,-0.0601089783012867,0.0068098376505076885,0.009574768133461475,0.020326647907495495,-0.013400595635175703,-0.03909457474946976,-0.06807031482458115,-0.03694672510027885,0.10122664272785185,0.035892758518457406,-0.09630804508924483,-0.00530583830550313,-0.03229966014623641,-0.04575648158788681,-0.03161459043622017,0.10502279549837112,0.1626573950052261,0.021268555894494057,0.11328000575304031,-0.09860074520111087,-0.0015491590602323413,-0.021492175757884976,-0.029129890725016597,0.020439352840185165,-0.078261099755764,-0.04377445951104164,0.016134383156895638,-0.1583902537822723,-0.010800776071846483,-0.008056805469095707,0.016264667734503746,-0.010459250770509245,0.0642283707857132,-0.0847037062048912,0.020277990028262135,0.08836703002452849,0.0231704693287611,-0.029898475855588913,0.010433659888803957,-0.034112319350242615
