0,1,2,3,4,5,6,7,8,9,10,11,12,13,14,15,16,17,18,19,20,21,22,23,24,25,26,27,28,29,30,31,32,33,34,35,36,37,38,39,40,41,42,43,44,45,46,47,48,49,50,51,52,53,54,55,56,57,58,59,60,61,62,63,64,65,66,67,68,69,70,71,72,73,74,75,76,77,78,79,80,81,82,83,84,85,86,87,88,89,90,91,92,93,94,95,96,97,98,99
0.0,0.1914943903684616,-0.16214540600776672,0.049801815301179886,-0.16351453959941864,0.004869144875556231,0.0044734966941177845,-0.19240158796310425,0.050352159887552254,0.12372313439846037,0.04256803914904594,0.09455074369907379,0.013486037030816078,0.02693027071654797,0.09986413270235059,0.011155988089740276,-0.060030091553926475,-0.113038070499897,0.14675365388393402,-0.07554160058498383,0.06569421291351318,-0.1334567815065384,-0.04169933497905731,-0.002624567598104477,-0.007365348283201456,-0.21229122579097748,-0.07926895469427107,-0.27217581868171686,0.20052510499954224,0.2421369105577469,0.03610210493206978,0.049885280430316925,-0.14866434037685394,-0.1931767165660858,0.0679139718413353,-0.05893467366695404,0.12818516790866852,-0.2492263615131378,0.034541379660367966,-0.1719670295715332,0.04814118891954421,0.009387209080159664,-0.089922733604908,-0.2409499883651733,0.048643659800291054,0.35263514518737793,0.1158948540687561,-0.10000747442245483,-0.3330382704734802,-0.20346276462078092,0.10128276795148848,0.29900068044662476,-0.06087163835763931,-0.034865282475948334,0.012833369895815848,0.15977996587753296,-0.02752169966697693,-0.14165884256362915,-0.021671494469046593,0.011805417016148567,0.05562879145145416,0.05859030410647392,0.0458390973508358,-0.11564206331968307,0.02284274622797966,-0.1546792834997177,-0.009085868485271929,-0.1144733428955078,-0.0392565093934536,0.09371504187583923,0.02827606163918972,-0.03670674189925194,-0.13399186730384827,0.04840303212404251,0.007833321578800678,0.04210495948791504,0.13199792802333832,-0.06912387162446976,0.06955158710479736,0.14004501700401306,0.10251925140619277,-0.28306931257247925,0.052303090691566474,-0.013128546066582201,-0.24934776127338407,-0.11442945897579192,-0.07722730934619902,-0.1636281460523605,0.19993886351585388,0.1779320240020752,-0.04809875413775444,-0.18207520246505737,-0.18821416795253756,-0.0011726310476660728,-0.03726945444941521,-0.1750752478837967,-0.03379633277654648,0.2553929388523102,0.1365889012813568,0.09393787384033203
0.1914943903684616,0.0,-0.04042309895157815,0.2244325578212738,-0.17898166179656982,-0.28655391931533813,-0.20103348791599276,0.13721616566181183,-0.07047458738088608,0.06764087080955505,-0.02649110555648804,0.12493473291397093,0.11574367433786392,0.14688269793987274,0.2994208335876465,0.06134464964270592,0.11342015862464903,-0.023641856387257573,0.039072398096323006,-0.3179560899734497,0.06429601460695267,0.022538287565112117,0.07657848298549651,-0.07763548940420151,0.0884622186422348,0.06404069811105728,-0.06974605470895767,-0.4191248416900634,0.09548565745353697,0.28372931480407715,0.13114838302135468,-0.07272013276815414,-0.050702568143606186,-0.5049514770507812,-0.09886536002159119,0.2670522630214691,0.3257129192352295,-0.2872000634670257,0.03247959911823273,-0.001579668023623526,-0.22950415313243863,-0.004324201028794049,-0.16570748388767242,-0.16959381103515625,0.0022113064769655466,0.29399716854095453,0.1499725878238678,0.005682102404534817,-0.040957655757665634,-0.02085687778890133,-0.2560419738292694,0.22562359273433685,0.10801314562559128,-0.0369003564119339,-0.12975196540355682,0.04208208248019218,-0.2109854370355606,0.2072231620550156,0.016006721183657646,-0.19929295778274536,-0.09217444807291031,-0.09829090535640717,0.09511137753725053,-0.14465481042861938,0.016134813427925106,0.10445202142000198,0.10880227386951447,-0.22807244956493375,-0.03260066360235214,0.2791983187198639,-0.1545686572790146,-0.07132912427186966,-0.04445583745837212,0.04918680340051651,0.2108474224805832,-0.14410340785980225,0.10617569833993912,-0.16644713282585144,0.023490464314818386,0.01623169519007206,0.03233606368303299,-0.09180615097284317,0.012865787371993063,0.17880620062351227,-0.03979441151022911,-0.13785776495933533,-0.0880686417222023,-0.35875922441482544,0.31897789239883423,0.06828837096691132,-0.021947016939520836,-0.11930111050605773,-0.3781534433364868,0.010883617214858532,0.14037026464939115,0.10315188020467758,-0.16894841194152832,0.047673504799604416,0.14853231608867645,-0.15047946572303772
-0.16214540600776672,-0.04042309895157815,0.0,-0.0026186048053205013,0.0749864876270294,0.17176246643066406,0.03824062272906304,-0.08484534174203873,0.1852659583091736,-0.114313006401062,0.04355184361338616,-0.08004565536975859,0.07192664593458176,-0.29360947012901306,-0.08090558648109437,0.22023165225982663,-0.16904081404209137,0.1636426746845245,-0.023031640797853466,0.20147790014743805,-0.2699694335460663,-0.037129588425159454,0.01259501837193966,-0.18191607296466827,-0.06323203444480896,0.11816005408763884,-0.024169249460101128,0.12597490847110748,-0.24950291216373444,0.024345794692635536,0.06948716938495636,-0.04253324493765831,-0.0880812034010887,0.3481353223323822,-0.025282448157668117,-0.05613034218549728,-0.11824321001768112,0.15388481318950653,0.03091697208583355,-0.06086207926273345,0.0618925578892231,-0.005252150353044272,0.1287484914064407,0.4744242429733276,-0.07934278994798659,-0.1396460235118866,-0.0519552044570446,0.033188045024871826,-0.0815325379371643,-0.032835058867931366,0.1825473606586456,-0.20760452747344968,0.015416775830090044,-0.14343643188476562,0.09268354624509811,-0.08286722749471664,0.17098340392112732,-0.26029431819915766,-0.14140436053276062,0.0036654095165431495,-0.15787740051746368,-0.15170301496982574,0.1017659306526184,-0.024968601763248444,0.06282572448253632,0.06595044583082199,-0.19876305758953092,0.3028516471385956,0.14083644747734067,-0.2905563712120056,-0.05438806116580963,-0.09327536821365356,0.06490423530340195,-0.10378416627645493,0.058494590222835534,0.052828330546617515,-0.03877103701233864,-0.16283901035785675,-0.24000942707061768,-0.08160319179296492,-0.15271297097206116,-0.15064573287963867,-0.0816003680229187,-0.07349605858325958,-0.016892727464437485,0.08606122434139252,0.04859595373272896,0.07780779898166656,-0.2348448932170868,-2.1641193598043174e-05,-0.0030242721550166607,0.11909010261297225,0.09456350654363632,-0.16258415579795835,-0.017586812376976013,-0.039700113236904144,0.026981847360730168,-0.1641656309366226,-0.005376418121159077,0.1711423099040985
0.049801815301179886,0.2244325578212738,-0.0026186048053205013,0.0,0.1902429759502411,-0.16037863492965698,-0.19052475690841675,0.1095316931605339,0.1088666096329689,-0.09284345060586928,0.010841429233551024,-0.06179235875606537,0.21478307247161865,0.09081704169511795,0.16148614883422852,0.16080068051815033,-0.05876268073916435,0.03431357815861701,-0.1616327315568924,0.1187239959836006,-0.289362907409668,0.04651091247797012,0.03622865304350853,-0.31246772408485407,0.04232469201087952,0.2372172176837921,-0.33508720993995667,-0.2501967549324036,0.13503174483776093,0.16654744744300842,0.23365595936775208,-0.1593281775712967,-0.2753012478351593,-0.13070708513259888,-0.03213423863053322,-0.09890041500329971,0.16288694739341736,0.10022979229688644,0.30192816257476807,-0.06148232147097588,-0.16265815496444702,-0.06150070205330849,0.17212854325771332,0.1373550444841385,-0.26496514678001404,0.13240930438041687,0.17562370002269745,-0.02274759672582149,-0.2300156056880951,0.00938576739281416,-0.10523808002471924,-0.0317610576748848,0.13280001282691956,-0.1933706700801849,-0.2518896460533142,-0.035243172198534005,0.06430700421333313,-0.08139328658580781,-0.00974446441978216,-0.14811089634895325,-0.15175490081310272,-0.09732420742511748,0.04958218336105347,-0.040625695139169686,-0.1272691786289215,-0.1568075269460678,0.11149029433727264,0.16390258073806763,-0.011251685209572315,0.057836279273033135,-0.02297549322247505,-0.10756586492061614,-0.08375316858291627,-0.14386121928691864,0.2275463193655014,-0.19265852868556976,0.2566949725151062,-0.269292026758194,0.014094752259552479,-0.005741207860410213,0.17601709067821503,-0.1418028175830841,-0.03542814031243324,0.040098227560520165,0.1618857979774475,0.08804233372211456,-0.22548723220825195,-0.2272111028432846,0.15158934891223907,-0.20206297934055328,-0.1462935358285904,0.15163791179656982,-0.35226938128471375,-0.1729093641042709,0.16048477590084076,-0.03028886765241623,-0.10729911923408508,-0.15275138616561887,0.21380349993705747,0.09480461478233336
-0.16351453959941864,-0.17898166179656982,0.0749864876270294,0.1902429759502411,0.0,0.022582437843084332,0.04705355688929558,0.08989317715167998,-0.14825408160686493,0.05332491919398308,-0.06727289408445358,0.09211353212594986,-0.22024323046207428,-0.03202369064092636,-0.17123627662658691,-0.13404741883277893,0.08120744675397873,0.02195255644619465,0.01988215558230877,-0.29407843947410583,0.23442068696022036,0.14396987855434415,0.21250468492507932,-0.00475182617083192,-0.054901715368032455,-0.061059638857841485,0.27053800225257874,0.006519909482449293,-0.09069395065307616,-0.28098928928375244,-0.051340997219085686,-0.11911776661872864,0.1954253315925598,0.0044173505157232285,-0.09640981256961823,0.21703943610191345,-0.119607575237751,0.1293945610523224,-0.40765231847763056,0.179898664355278,0.048572540283203125,0.04850372299551964,-0.1501380056142807,-0.0831703394651413,0.22683709859848025,-0.4272611439228058,-0.0027955928817391396,0.07468615472316742,0.21531227231025693,0.09114737808704376,-0.16781070828437805,-0.1588301062583923,-0.011913218535482883,0.1781207174062729,0.28632041811943054,-0.09105751663446425,-0.3261786699295044,0.23537796735763547,0.05552836135029793,0.0014686284121125937,0.016302490606904026,0.0013421152252703903,-0.1985497623682022,0.08317084610462189,-0.05516208708286285,0.32938510179519653,-0.06516256928443909,0.015202358365058897,0.010762031190097332,0.04883352667093277,-0.30207595229148865,0.01498314831405878,0.15398424863815308,0.09096741676330566,-0.0644446611404419,0.11224906146526337,-0.0743013322353363,-0.013459897600114344,-0.12410496920347212,-0.1611616313457489,-0.27140736579895014,0.06637238711118698,-0.004393786657601594,-0.06138937920331954,0.08711939305067062,-0.10169579088687895,0.02325635030865669,0.24719275534152985,-0.1584290713071823,0.05490104854106903,0.0982099547982216,0.016553137451410294,0.06535629183053969,-0.08216868340969084,0.08217373490333557,0.24653190374374387,-0.04932811111211777,0.04585329070687295,-0.11994723230600356,-0.1155801936984062
0.004869144875556231,-0.28655391931533813,0.17176246643066406,-0.16037863492965698,0.022582437843084332,0.0,0.02136528119444847,-0.10663481801748276,-0.1525129675865173,0.06418142467737198,0.0519174225628376,-0.12106584757566452,-0.03989756852388381,-0.09318680316209792,-0.01620708219707012,-0.016526464372873306,-0.10804211348295212,-0.0789116695523262,0.10435158014297484,0.08166933059692384,0.06796987354755402,-0.0822141095995903,-0.0299619659781456,0.3034454584121704,-0.03785382583737373,-0.2212922275066376,0.09900154173374176,0.430697113275528,-0.13869613409042358,-0.12457592785358428,-0.22126182913780207,0.09189591556787491,0.10353562980890274,0.1042146161198616,-0.026661794632673264,0.011312448419630527,-0.2733500897884369,-0.04878365993499756,0.01159671600908041,-0.04557008296251297,0.2065294235944748,-0.08976760506629942,-0.06752928346395493,0.003126575378701091,0.0799439400434494,-0.06114275753498077,-0.006700759753584862,-0.22339315712451932,0.21461337804794312,0.008223908953368662,0.24515458941459653,-0.05290449038147926,-0.14580599963665009,0.29201531410217285,-0.07880644500255583,-0.12098897248506546,0.23852844536304477,0.04991473257541656,-0.14452068507671356,0.1899307668209076,0.10121960192918776,-0.03516123443841934,-0.1857425272464752,-0.09430874884128569,0.20551754534244537,-0.21262061595916748,-0.16862598061561584,0.0018045000033453105,0.013761097565293312,-0.08866416662931442,-0.04014604911208153,0.08511357754468918,0.06122586131095886,0.07463699579238892,-0.19303694367408752,0.08402961492538451,-0.07512961328029633,0.23812305927276609,0.02685841359198093,-0.2414721846580505,-0.07069806009531021,-0.021609501913189888,0.019777650013566017,0.09507860988378525,-0.026503209024667736,-0.011301664635539053,0.17391835153102875,0.11623742431402206,-0.2518835663795471,0.08912374079227446,0.12959754467010498,-0.06686344742774963,0.23256844282150269,0.20242516696453092,-0.19829699397087097,-0.0643673986196518,0.04631708189845085,0.009843935258686543,-0.15745046734809875,0.07834871858358382
0.0044734966941177845,-0.20103348791599276,0.03824062272906304,-0.19052475690841675,0.04705355688929558,0.02136528119444847,0.0,-0.04674648866057396,-0.07744649797677994,0.08222916722297667,-0.02261818200349808,0.10833454132080078,0.026172557845711708,0.09502445161342621,-0.08970420807600021,0.09270892292261124,-0.10131459683179855,-0.2554340660572052,0.254228949546814,0.06893668323755264,-0.03122303634881973,-0.20460838079452515,-0.044895153492689126,0.38662695884704584,-0.045989777892827995,-0.1945481300354004,-0.08391803503036499,0.1199669763445854,0.13282665610313416,-0.15047021210193634,-0.5047168135643004,0.28141850233078,0.17027413845062256,0.061190791428089135,0.010759714990854263,-0.011724323965609072,-0.19404160976409912,-0.05771195888519287,-0.21522037684917447,-0.17416739463806152,0.07543633133172989,-0.09503477066755296,-0.05594517663121224,0.048318669199943536,0.09310197830200195,0.06712044030427933,0.01231279782950878,-0.27104035019874567,0.07275553047657013,-0.04571135342121124,0.04027917608618736,-0.1311977654695511,-0.03530531004071236,0.1837077885866165,-0.026791429147124287,-0.00014415748592000455,0.025787120684981343,0.17890115082263947,-0.11777722090482712,-0.007156583480536938,0.209395632147789,0.0308892335742712,-0.06855116039514542,0.037601500749588006,-0.14276878535747528,-0.25187999010086054,-0.082879438996315,0.016856292262673375,-0.1844866573810577,0.05442800372838973,-0.05363281443715096,0.14087799191474915,0.04513894021511078,0.1648649126291275,-0.1413002759218216,0.04994094371795654,0.02168537862598896,0.09594198316335678,-0.07301444560289384,-0.10223101824522018,0.07374133914709091,-0.15590113401412964,-0.03287281841039657,-0.016199208796024323,-0.1675126701593399,-0.09449678659439088,-0.07995322346687316,0.08133944123983382,-0.06731904298067093,0.11400166898965836,0.04352344572544098,-0.00932418182492256,0.09778348356485367,0.1755179613828659,-0.12629885971546173,-0.06074985861778259,-0.07937913388013838,0.11282336711883544,-0.20253944396972656,0.27580609917640686
-0.19240158796310425,0.13721616566181183,-0.08484534174203873,0.1095316931605339,0.08989317715167998,-0.10663481801748276,-0.04674648866057396,0.0,0.16802778840065002,-0.02619599364697933,-0.09845398366451263,-0.012511899694800375,-0.26029592752456665,-0.010062661953270435,-0.21842283010482788,-0.028647707775235176,0.29695188999176025,0.29002922773361206,-0.29288390278816223,-0.027411269024014473,0.17813849449157715,0.14629037678241727,0.16477231681346893,-0.27181071043014526,-0.06595839560031891,0.06224551051855087,-0.033912308514118195,-0.06940914690494537,-0.035951465368270874,-0.20965810120105743,0.04147022217512131,-0.11744756251573563,0.0027148935478180647,0.03484455868601799,0.0855953171849251,-0.16054129600524902,0.07629933953285217,0.17548738420009613,0.03581563010811806,0.021398082375526428,0.06327583640813828,0.1314646154642105,0.028966745361685753,0.045754320919513695,-0.045616064220666885,-0.22600381076335904,-0.20784246921539304,0.1490536481142044,0.020827122032642365,-0.08743162453174591,-0.13826726377010343,0.02101779170334339,-0.02263808250427246,-0.21431399881839752,0.21119672060012817,0.10976019501686096,-0.20580780506134036,-0.009376158937811853,0.10689052194356918,0.017490314319729805,-0.14474546909332275,0.15956686437129974,0.09684834629297256,0.20312437415122983,-0.24498985707759857,0.1876866966485977,0.25203534960746765,-0.028688659891486168,0.09509489685297011,-0.06040734052658081,-0.05126766487956047,-0.2043940722942352,-0.12594836950302124,-0.18062996864318848,0.0065994784235954285,-0.03973877429962158,-0.07915045320987701,-0.049933340400457375,0.1148625910282135,0.06383594870567322,-0.11763407289981842,0.310383141040802,-0.037756122648715966,-0.10790535062551498,0.06559538841247559,0.07096701115369797,-0.05585247278213501,0.08266349136829376,-0.014037755317986012,-0.16565383970737457,-0.08850206434726715,0.17242850363254547,-0.1526196002960205,-0.23206162452697757,0.07128563523292542,0.11692378669977188,0.11840365827083588,-0.046386003494262695,-0.03665265440940857,-0.24833510816097257
0.050352159887552254,-0.07047458738088608,0.1852659583091736,0.1088666096329689,-0.14825408160686493,-0.1525129675865173,-0.07744649797677994,0.16802778840065002,0.0,0.13093139231204987,0.06905946135520935,0.05623714253306389,0.03853006288409233,-0.012071267701685429,0.2087409198284149,-0.055216029286384576,0.0123200761154294,-0.16106775403022766,0.1471313238143921,-0.23093719780445096,0.1494257152080536,0.11970110982656477,0.03852616250514984,-0.03363294154405594,0.010937241837382317,-0.1223485991358757,0.1480782181024551,-0.19071231782436368,-0.04791977256536484,0.17009468376636505,0.1775577962398529,-0.08877258002758026,0.03945550695061684,-0.2092248648405075,-0.29680588841438293,0.3751127123832703,0.11701561510562895,-0.2055757641792297,-0.03806370124220848,0.07480999827384947,-0.060541365295648575,-0.01087624579668045,-0.24063847959041595,-0.147493377327919,0.15829108655452728,0.06989293545484543,0.12690687179565427,0.05513952672481537,0.09527897834777832,-0.010173057205975056,-0.07161609828472137,-0.041387028992176056,-0.026062048971652985,0.08551692217588425,-0.05415279418230057,-0.05432252213358879,-0.12444006651639938,0.3376104235649109,-0.07109871506690979,-0.02636075764894485,-0.06388393044471741,-0.1296546906232834,-0.07414035499095917,-0.260936975479126,0.012040209025144575,0.20905935764312744,-0.20754021406173703,-0.10716473311185835,0.04212893545627593,0.13423436880111694,-0.12149989604949953,-0.082816481590271,0.06230975314974785,0.0810568332672119,0.16342060267925262,0.07291290909051894,0.013169532641768456,-0.18012903630733487,-0.05813494324684143,-0.07579468190670013,-0.09286617487668992,-0.1056252345442772,0.0516260489821434,0.16424483060836792,0.1213451698422432,-0.17881792783737183,-0.01447506621479988,-0.17654195427894592,0.04353180527687073,0.16505761444568634,0.116058848798275,-0.16075679659843445,-0.14218318462371826,0.03107452020049095,0.030570395290851596,0.026861324906349186,-0.10079708695411682,0.13309338688850403,0.08043040335178374,-0.12072304636240004
0.12372313439846037,0.06764087080955505,-0.114313006401062,-0.09284345060586928,0.05332491919398308,0.06418142467737198,0.08222916722297667,-0.02619599364697933,0.13093139231204987,0.0,0.04761391505599022,0.12555424869060516,0.03755256906151772,0.004301636014133692,0.11524171382188796,0.0956454500555992,-0.07944761961698531,-0.08649769425392151,0.09328001737594604,0.1469201147556305,-0.04099749028682709,-0.04448853433132172,0.07735305279493333,-0.0677853599190712,0.029138093814253807,-0.163369283080101,-0.08452590554952621,-0.05648103728890419,0.02528364397585392,0.10960552841424942,-0.08547398447990417,0.023866923525929448,0.07618665695190428,-0.05589432269334793,0.039059784263372414,0.0923088639974594,-0.026574596762657166,-0.10331030935049056,-0.11410784721374512,-0.13857094943523407,0.006195263471454382,0.04011819511651993,-0.0711296796798706,0.16030913591384888,0.010273950174450874,0.0692426785826683,0.19499216973781583,-0.12185114622116087,-0.258949339389801,-0.18273012340068817,-0.12610340118408203,0.0999995917081833,-0.010249015875160694,-0.09067073464393616,-0.0984768271446228,0.2225797027349472,-0.02801045775413513,-0.09276638925075532,-0.05192685127258301,-0.1115775480866432,-0.017766093835234642,0.04908999800682068,0.10181066393852232,0.07170692831277847,-0.07289750874042512,-0.04982304945588112,-0.12193673849105834,0.13087160885334015,0.019000077620148655,-0.18745188415050504,-0.27536365389823914,0.014466810040175915,-0.0408230498433113,0.14799360930919647,0.011579827405512331,0.052514709532260895,0.120583638548851,-0.07588617503643037,-0.030668530613183972,-0.065730519592762,-0.011455975472927092,-0.19216035306453705,0.00353168766014278,0.00962922815233469,-0.22330392897129056,-0.19552093744277957,-0.15873479843139648,-0.04124728962779045,0.007143548224121332,0.16172198951244354,0.15759478509426117,-0.02588697336614132,-0.16465954482555387,-0.07400738447904585,0.04068947210907936,-0.14599642157554626,0.12635278701782227,0.00011546984023880212,-0.019232498481869698,0.23968936502933505
0.04256803914904594,-0.02649110555648804,0.04355184361338616,0.010841429233551024,-0.06727289408445358,0.0519174225628376,-0.02261818200349808,-0.09845398366451263,0.06905946135520935,0.04761391505599022,0.0,0.098076693713665,0.06885802000761032,0.004867405630648136,0.07893081009387971,-0.07545635849237442,-0.09169551730155946,-0.09439051151275633,0.038051880896091454,-0.026737095788121223,-0.15472948551177979,-0.11932405829429626,0.016557620838284492,-0.06337016820907593,0.03314023092389107,0.14072030782699585,-0.09723924100399016,-0.13774502277374268,-0.057803519070148475,0.12312573194503784,-0.13844233751296997,0.08157576620578764,-0.12884925305843353,-0.04709313437342644,-0.05221043527126312,-0.06340477615594864,0.0578581690788269,-0.10923670232295989,0.03329775109887123,-0.013140484690666199,-0.12789514660835266,-0.10831212997436523,0.02292600087821484,0.0406070239841938,-0.0386117734014988,0.09392766654491425,0.11820686608552931,0.014066427946090698,-0.06631971895694733,0.009327647276222704,0.025174411013722416,-0.042176563292741776,0.06142076477408409,0.04776410013437271,-0.16057726740837097,-0.16919228434562683,0.08270028233528137,-0.05266475677490234,-0.20480507612228396,-0.07355836033821107,-0.000361524143954739,-0.012128775008022783,0.06885804235935211,-0.10063818097114562,-0.07442955672740936,-0.14037249982357025,-0.02271412499248981,0.051540736109018326,-0.12434974312782288,0.025509087368845936,0.023651516065001488,0.04323863610625267,0.032515790313482285,-0.10575249046087264,0.06518205255270004,-0.002620912156999111,0.0911954864859581,-0.016607288271188736,-0.04915201663970947,-0.09880533069372176,0.06826071441173553,-0.13159792125225067,-0.036802861839532845,0.027367427945137024,-0.12322329729795456,-0.11016801744699478,0.009448634460568428,-0.13833297789096832,0.012788484804332256,0.036128927022218704,0.05004230514168739,0.037441808730363846,0.003922776784747839,0.07582107186317444,-0.03568514436483383,-0.004451564978808165,-0.1634986698627472,0.0480940081179142,0.04266003146767616,0.09351662546396255
0.09455074369907379,0.12493473291397093,-0.08004565536975859,-0.06179235875606537,0.09211353212594986,-0.12106584757566452,0.10833454132080078,-0.012511899694800375,0.05623714253306389,0.12555424869060516,0.098076693713665,0.0,0.07879228889942169,0.05284421890974045,0.13319072127342224,-0.1028176099061966,0.02098161913454533,-0.053427349776029594,0.043614521622657776,-0.043238334357738495,0.002367055742070079,-0.023820236325263977,-0.0827924758195877,0.1837650090456009,-0.044479362666606896,0.1316918581724167,-0.09019021689891817,-0.29870110750198364,0.1897190362215042,0.0389336533844471,-0.10237189382314682,0.14477792382240295,0.1212637349963188,-0.27961352467536926,0.013931621797382832,-0.06174552440643311,0.021878642961382862,-0.14240188896656036,-0.10168330371379852,-0.20600597560405728,0.008063951507210732,0.03300965204834938,-0.08373548090457916,-0.04838872700929642,0.05001923814415932,0.1329157054424286,0.019257886335253716,-0.08887476474046707,-0.07733900845050812,-0.10638099908828735,-0.17787069082260132,0.09601899236440657,0.05395754054188728,-0.11784040927886962,0.011113869026303291,0.13826411962509155,-0.23699164390563965,0.006480634212493896,0.0860254317522049,-0.11449602246284483,0.06875943392515182,0.11182377487421036,0.06037741526961327,0.04828091338276863,-0.043900158256292336,-0.09886428713798523,-0.03753199428319931,-0.13771437108516693,-0.07679181545972824,0.0701560378074646,-0.0077034891583025455,0.1046941801905632,0.001690818346105516,0.10788804292678832,0.016679683700203896,-0.16717655956745148,0.19499684870243073,-0.1327679604291916,0.04198066890239716,0.14544270932674408,0.022531468421220776,0.03261091932654381,-0.04329573735594749,-0.13085393607616425,-0.06915917992591858,-0.05959279835224152,-0.2545303404331207,-0.13152045011520383,0.21699300408363345,0.010491380468010902,-0.0838245004415512,-0.003633615327998996,-0.22741559147834775,-0.013116330839693546,0.06154095008969306,-0.14922556281089783,0.05918456614017487,0.07467428594827653,-0.08813466876745224,0.0022827249485999346
0.013486037030816078,0.11574367433786392,0.07192664593458176,0.21478307247161865,-0.22024323046207428,-0.03989756852388381,0.026172557845711708,-0.26029592752456665,0.03853006288409233,0.03755256906151772,0.06885802000761032,0.07879228889942169,0.0,0.03112851828336716,0.3075423538684845,0.04418665170669556,-0.21902246773242953,-0.24700702726840967,0.06130623444914818,0.017956841737031937,-0.43143269419670094,-0.08919348567724229,-0.277616024017334,0.09918482601642609,0.13524074852466583,-0.005140250083059072,-0.11868581175804138,-0.24022626876831052,0.00022056297166273,0.1606961190700531,0.056483853608369834,-0.08040856570005418,-0.12737518548965454,0.09690786898136139,-0.24969516694545743,0.06927361339330673,0.14399030804634094,-0.2510971426963806,0.09063516557216643,-0.03590861335396767,-0.023893918842077252,-0.1868955194950104,0.018713381141424176,0.16784627735614777,-0.00029922398971393704,0.492071270942688,0.2604430913925171,-0.16899316012859344,-0.09128998219966888,-0.07597147673368454,-0.04686995595693588,-0.018052266910672188,-0.11827903985977171,0.08492445945739746,-0.1130666211247444,-0.09150984883308409,0.07958877831697464,0.02526403032243252,-0.2714334726333618,-0.04328697919845581,0.17395545542240143,-0.05251530185341835,0.04243617132306098,-0.18980246782302856,0.06602440029382706,-0.17736798524856567,-0.0697861760854721,0.24634540081024167,-0.10104357451200484,0.2332199662923813,0.04952644184231758,0.1958967596292496,0.05649958178400993,0.027072397992014885,0.029673982411623,-0.02115699835121632,0.24535118043422696,0.017454160377383232,0.04828289896249771,-0.0264526829123497,0.047629669308662415,-0.3847169876098633,-0.014961889944970608,0.15542671084403992,-0.1664321720600128,-0.11111559718847273,-0.04481976106762887,-0.32558298110961914,-0.09168999642133711,0.11894039809703826,0.003937994595617056,-0.02860793098807335,-0.03847115859389305,0.03724513575434685,-0.07974877208471298,-0.16622033715248108,-0.20046819746494293,0.1873805522918701,0.05858152359724045,0.11020869761705399
0.02693027071654797,0.14688269793987274,-0.29360947012901306,0.09081704169511795,-0.03202369064092636,-0.09318680316209792,0.09502445161342621,-0.010062661953270435,-0.012071267701685429,0.004301636014133692,0.004867405630648136,0.05284421890974045,0.03112851828336716,0.0,0.1279432624578476,0.06133181601762772,0.002377819502726197,-0.0683806836605072,0.11736789345741272,-0.07725193351507187,-0.004427297972142696,-0.07624996453523636,-0.052640438079833984,0.028312435373663902,-0.09711923450231552,0.018674293532967567,-0.18156464397907257,-0.2055915892124176,0.3020562827587128,0.06406686455011368,0.013060109689831732,0.03361757472157478,-0.07649523764848709,-0.16832080483436584,0.14413666725158691,-0.08806353062391281,0.007724108640104531,-0.15738604962825775,-0.04582690820097923,0.10526657104492188,-0.2723946869373321,0.10484849661588667,-0.030370844528079033,-0.25286227464675903,-0.029099658131599423,0.07399572432041168,0.09388506412506104,0.09280970692634583,-0.14182662963867188,-0.08838778734207153,0.02428867109119892,0.16509361565113068,-0.2126241773366928,-0.20557792484760284,0.11039918661117552,0.19588366150856015,-0.1302084922790527,0.019512455910444256,0.14469875395298004,-0.06208528205752373,0.00893465243279934,0.07132405787706375,0.025682151317596436,0.1240611970424652,0.06182291358709335,-0.13612130284309387,0.11811929941177368,-0.14821486175060272,-0.10709378868341445,0.06261267513036728,0.22518731653690335,-0.14056913554668427,-0.28104349970817566,0.05961407348513603,-0.04651391133666039,-0.046900562942028046,-0.04160885140299797,0.14617896080017087,0.110133595764637,0.04784439504146576,0.058073189109563834,0.1745399385690689,0.05875904485583305,-0.01394926942884922,-0.11247118562459944,0.003816567594185472,-0.06599723547697067,-0.17416433990001678,0.14846633374691007,-0.10898348689079285,0.06605945527553558,-0.01844467595219612,-0.25171518325805664,-0.03349962830543518,-0.044153742492198944,-0.06639266759157181,0.1028422564268112,0.005853411741554737,0.04265686869621277,-0.0868915244936943
0.09986413270235059,0.2994208335876465,-0.08090558648109437,0.16148614883422852,-0.17123627662658691,-0.01620708219707012,-0.08970420807600021,-0.21842283010482788,0.2087409198284149,0.11524171382188796,0.07893081009387971,0.13319072127342224,0.3075423538684845,0.1279432624578476,0.0,0.07762698829174042,-0.25353944301605225,-0.136221244931221,0.129559725522995,0.05039140582084656,-0.15927979350090027,-0.15172336995601654,-0.2270653545856476,-0.03339052200317383,0.046773411333560944,0.11358693987131117,-0.267920434474945,-0.29675865173339844,0.1621895730495453,0.27820438146591187,0.2067672163248062,-0.051995787769556046,-0.25501933693885803,-0.16304391622543335,-0.17202430963516235,-0.053231120109558105,0.3625374436378479,-0.17008085548877716,0.08272331207990646,-0.1369131505489349,-0.04277508705854416,-0.10763053596019743,0.11167743057012557,-0.058421213179826736,-0.11684931069612504,0.5720731019973755,0.08597674220800398,-0.0422556810081005,-0.33377203345298767,-0.10556979477405548,-0.05286693200469017,0.14929687976837158,-0.04925107583403587,-0.15046600997447968,-0.1395585983991623,-0.08062493801116942,0.042662732303142555,-0.0759626254439354,0.05299013108015061,-0.26906591653823847,0.019734319299459457,0.01956063322722912,0.18066135048866272,-0.215104341506958,0.06352587789297104,-0.05318889394402504,0.12425336241722106,-0.015300260856747627,-0.06634849309921265,0.05021544173359871,0.21301010251045227,0.005726668518036604,-0.07615220546722412,-0.05984476953744888,0.1149815171957016,-0.009347490034997463,0.07689830660820006,-0.006597446743398905,0.06234441697597504,0.12176838517189024,0.09160169959068297,-0.3387087285518646,-0.019981442019343376,0.17052322626113892,-0.15584881603717804,0.01771621964871883,-0.08189919590950012,-0.3314587473869324,0.25779807567596436,-0.03591131046414375,-0.01428181305527687,-0.08411712199449539,-0.3437507152557373,0.009756953455507757,0.017231138423085213,-0.15285469591617584,-0.1506311595439911,0.14942137897014615,0.14992834627628326,0.078494593501091
0.011155988089740276,0.06134464964270592,0.22023165225982663,0.16080068051815033,-0.13404741883277893,-0.016526464372873306,0.09270892292261124,-0.028647707775235176,-0.055216029286384576,0.0956454500555992,-0.07545635849237442,-0.1028176099061966,0.04418665170669556,0.06133181601762772,0.07762698829174042,0.0,-0.1522599458694458,-0.14056578278541565,0.11030615866184235,0.039230380207300186,-0.11280395835638046,0.07234072685241699,0.194126158952713,-0.10613279044628143,0.012183133512735367,0.020108232274651527,0.021690158173441887,-0.026912188157439232,-0.005427548196166754,0.08174428343772888,0.05199325829744338,-0.18155282735824585,-0.055566936731338494,-0.19048818945884705,-0.16868044435977936,0.29000294208526606,0.028537310659885406,-0.11130151152610777,-0.01383828930556774,-0.05389393866062164,0.10241875052452087,-0.12253927439451216,-0.04693618416786194,0.021843643859028816,-0.01010365691035986,-0.036491747945547104,0.2914954721927643,-0.05193115398287773,-0.03525571897625923,0.02336106263101101,-0.13550831377506256,-0.07019466161727905,0.1823967546224594,0.03738748654723168,-0.21573361754417417,-0.16657240688800812,0.10049984604120255,0.0580032654106617,-0.11665312200784685,0.038785789161920554,-0.1248529702425003,0.11378383636474608,-0.09279736131429672,-0.0574137307703495,-0.08794434368610382,-0.01518524531275034,-0.03060219809412956,0.17760708928108215,0.12449616938829422,0.04545672982931137,-0.4265187084674835,0.1015682965517044,-0.021237168461084362,0.04496779292821884,-0.14182880520820615,0.14884625375270844,-0.018380137160420414,0.04113926738500595,0.1149463877081871,-0.11739473044872284,-0.08710735291242598,-0.2691177725791931,0.010600509122014044,0.19010791182518005,0.13674646615982056,-0.1874234080314636,-0.09427773952484131,-0.17235384881496427,-0.1304868310689926,-0.07927998900413513,-0.011096938513219357,-0.03455913066864014,-0.22987644374370572,0.014261948876082895,0.08603676408529282,0.07936666160821913,0.01298243086785078,-0.07951749861240387,0.18328608572483063,0.036839161068201065
-0.060030091553926475,0.11342015862464903,-0.16904081404209137,-0.05876268073916435,0.08120744675397873,-0.10804211348295212,-0.10131459683179855,0.29695188999176025,0.0123200761154294,-0.07944761961698531,-0.09169551730155946,0.02098161913454533,-0.21902246773242953,0.002377819502726197,-0.25353944301605225,-0.1522599458694458,0.0,0.09322500973939896,-0.031161066144704815,-0.12665987014770508,0.2595774233341217,0.15053491294384003,0.3059341609477997,-0.05934787914156914,-0.10785412788391112,-0.05528280884027481,0.09823662787675856,-0.0396386943757534,0.08933230489492416,-0.16233143210411072,0.15262745320796967,0.12630167603492737,0.08800284564495087,-0.035348255187273026,0.18663755059242249,0.026446506381034848,0.022314993664622303,0.3087251484394073,-0.15801206231117249,-0.010009833611547945,0.13043242692947388,0.24237014353275296,-0.21077995002269745,-0.28200098872184753,0.06278089433908463,-0.38458201289176946,-0.205648809671402,0.19365426898002625,0.021233327686786648,-0.0231079775840044,-0.2861267924308777,0.13331396877765656,0.13828341662883759,-0.13132324814796448,0.19314381480216977,0.273179829120636,-0.30491489171981806,-0.09687973558902739,0.33185657858848566,-0.04942866414785385,-0.23768797516822812,0.32030636072158813,-0.05221986398100853,0.27910876274108887,-0.20406207442283633,0.3600206971168518,0.1261247992515564,-0.16358554363250732,0.1694051623344421,-0.11465618014335632,-0.20311716198921204,-0.34202906489372253,-0.12423616647720336,-0.1724257916212082,0.06215555965900421,0.040732197463512414,-0.1673455536365509,-0.07637922465801239,-0.01897050440311432,0.01599263586103916,-0.2340814769268036,0.37649470567703247,0.03682186082005501,-0.1628173291683197,0.18973387777805328,-0.08695945888757706,-0.24868901073932648,0.20040376484394076,0.11566428840160368,-0.10715252161026,-0.1510830670595169,0.017695577815175056,-0.27100569009780884,-0.1979660093784332,0.20239387452602384,0.24866479635238647,0.08715267479419708,0.046371061354875565,-0.017149029299616814,-0.19670370221138
-0.113038070499897,-0.023641856387257573,0.1636426746845245,0.03431357815861701,0.02195255644619465,-0.0789116695523262,-0.2554340660572052,0.29002922773361206,-0.16106775403022766,-0.08649769425392151,-0.09439051151275633,-0.053427349776029594,-0.24700702726840967,-0.0683806836605072,-0.136221244931221,-0.14056578278541565,0.09322500973939896,0.0,-0.21766218543052676,-0.008811506442725658,-0.0035812801215797663,0.08799532800912857,0.006449125707149506,-0.13600008189678192,0.1502469778060913,0.14164727926254272,0.08158691227436066,0.030007511377334595,-0.08812085539102553,-0.0301103126257658,0.28191521763801575,-0.17749901115894315,-0.07491007447242735,0.3359154164791107,-0.1782228797674179,0.10241112858057022,-0.09126182645559312,0.16342344880104065,-0.0024155243299901485,0.3858419060707092,-0.05826984345912933,-0.09037036448717117,0.08879828453063965,-0.1287689507007599,-0.06518179178237915,-0.06312914192676544,-0.11210273951292037,0.05958077311515808,0.22803930938243863,0.08561397343873978,0.05799596756696701,-0.07447129487991333,0.01923798583447933,0.011568612419068812,-0.007008909247815609,-0.2783227860927582,0.0024947167839854956,0.06543243676424025,0.04920251294970512,-0.029190393164753917,-0.13774310052394867,-0.12024154514074324,-0.048929382115602486,-0.0019600342493504286,-0.0548100583255291,0.09124926477670668,0.13201239705085754,0.04728002473711968,-0.08629024773836134,0.36411094665527344,0.05045123025774956,-0.09880004078149796,-0.03840235248208045,-0.13972927629947662,-0.02775054983794689,-0.179469957947731,-0.07428518682718277,0.03414464741945267,-0.08583488315343855,0.21952486038208008,0.033372581005096436,-0.02691362425684929,-0.03181310370564461,0.11246904730796813,0.30104196071624756,0.10831683129072188,0.24415647983551023,0.20125754177570343,-0.12451232224702836,-0.3002794682979584,-0.21587930619716644,0.11998439580202103,0.15812401473522186,0.08063235878944398,-0.060989946126937866,0.10997039079666136,-0.06520400196313858,-0.06664054095745087,0.12772734463214874,-0.28265994787216187
0.14675365388393402,0.039072398096323006,-0.023031640797853466,-0.1616327315568924,0.01988215558230877,0.10435158014297484,0.254228949546814,-0.29288390278816223,0.1471313238143921,0.09328001737594604,0.038051880896091454,0.043614521622657776,0.06130623444914818,0.11736789345741272,0.129559725522995,0.11030615866184235,-0.031161066144704815,-0.21766218543052676,0.0,0.15471139550209043,0.025330116972327232,-0.17557756602764127,-0.06860587745904921,0.24308006465435028,-0.15204183757305145,-0.233808696269989,-0.1520928293466568,-0.14180913567543027,-0.03440874442458153,0.10417795926332472,-0.35610285401344294,0.3463580012321472,0.01842474937438965,0.010523566044867039,0.027056515216827393,0.014974682591855524,-0.12390787154436111,-0.2160119116306305,-0.029955219477415085,-0.4787243008613586,-0.01605801470577717,-0.010281449183821678,-0.07065308839082718,-0.09518022090196608,0.1809759736061096,0.2786100506782532,0.2615475654602051,-0.35837653279304504,-0.250047504901886,-0.13888201117515564,0.09182028472423552,0.2678889334201813,-0.05536022037267685,-0.023067487403750416,-0.08540223538875581,0.09792201220989229,-0.15013618767261505,-0.03262024745345116,-0.03145522624254227,0.005585069768130779,0.15744371712207794,0.16167232394218445,-0.006961898412555456,0.0686601847410202,-0.050788968801498406,-0.21565806865692136,-0.2759985029697418,-0.09057353436946868,-0.10202541947364809,-0.14583683013916016,-0.03157749027013779,0.10733245313167572,0.041998617351055145,0.25857836008071894,0.01523694209754467,0.23308408260345456,0.2682032585144043,0.052319813519716256,0.08820260316133499,-0.27352374792099,0.018796406686306,-0.17205175757408142,-0.03181123360991477,-0.1704486906528473,-0.3404313325881958,-0.16728362441062927,-0.3430908322334289,-0.06738530844449997,-0.07793760299682617,0.3224450945854187,0.4674233496189117,-0.0977933406829834,-0.2676420509815216,0.09453636407852173,-0.04901890829205513,-0.25153103470802307,0.22440759837627408,0.3108442723751068,-0.06321548670530319,0.16525278985500336
