0,1,2,3,4,5,6,7,8,9,10,11,12,13,14,15,16,17,18,19,20,21,22,23,24,25,26,27,28,29,30,31,32,33,34,35,36,37,38,39,40,41,42,43,44,45,46,47,48,49,50,51,52,53,54,55,56,57,58,59,60,61,62,63,64,65,66,67,68,69,70,71,72,73,74,75,76,77,78,79,80,81,82,83,84,85,86,87,88,89,90,91,92,93,94,95,96,97,98,99
0.0,0.0028105289675295353,0.019803039729595184,-0.03945540264248848,-0.024116620421409607,-0.029444837942719456,0.022282930091023445,0.052162624895572655,-0.05241284146904945,-0.06156178563833237,0.007120758295059204,-0.06924748420715332,-0.017565226182341576,-0.050503652542829514,0.010365417227149008,-0.028972208499908447,-0.006610713433474302,-0.023388154804706573,0.023830546066164967,0.036594208329916,0.023284796625375748,-0.06608416140079498,-0.01858522370457649,-0.07453087717294693,0.046206742525100715,0.05943986773490906,-0.012580149807035925,0.04261920228600503,-0.08312792330980302,0.11948373913764952,0.0590064525604248,-0.0800454244017601,-0.06598811596632004,-0.034673649817705154,0.0007805093191564083,-0.0932999476790428,0.04482123255729675,-0.011210440658032894,-0.015454089269042017,-0.000589646864682436,-0.05840858817100525,0.022930648177862167,0.005889774300158024,-0.00047793926205486054,-0.009615522809326649,-0.04972921311855316,0.03883296251296997,0.0038979642558842897,-0.03618427366018295,0.05763271450996399,0.002354130847379565,-0.09877709299325944,-0.03556622564792633,-0.026536401361227036,0.08064315468072891,-0.05455442517995834,-0.054749198257923126,0.09929409623146056,0.02611752785742283,-0.09745977073907852,0.07729718834161758,0.06396966427564621,-0.07450147718191145,0.04389292746782303,0.017676854506134987,-0.06963832676410675,0.038723204284906394,-0.07151595503091812,-0.011066446080803871,-0.0010935418540611863,0.012819287367165089,-0.03699680045247078,-0.07995492964982985,-0.004371609538793564,-0.15080341696739197,-0.04709971323609352,0.07711948454380035,-0.005183693487197161,-0.01752624474465847,-0.0372539721429348,0.07371991872787476,-0.036059319972991936,0.014761097729206083,0.0663350373506546,-0.08199281990528105,0.07174669951200485,0.03735155612230301,-0.05594613030552864,0.01986631564795971,-0.132674902677536,0.047057170420885086,0.0012358399108052252,-0.003253801492974162,0.0605330802500248,0.02331571653485298,-0.1027693971991539,0.07858293503522873,-0.03116991557180881,0.0929018259048462,-0.07387498766183853
0.0028105289675295353,0.0,-0.013733655214309692,0.07427642494440079,-0.08681435883045197,-0.22889818251132965,0.002169990446418524,-0.182637482881546,0.011455904692411423,0.12913644313812256,-0.09845596551895139,-0.1103588193655014,-0.11192380636930464,0.048987183719873435,-0.06237911805510521,-0.22984549403190607,0.05015365034341812,0.06774634867906569,-0.03851265832781792,-0.22635726630687716,-0.1502673178911209,0.07635017484426497,0.05669692903757095,0.013233598321676254,0.010909996926784515,0.02893941663205624,-0.016978414729237556,0.0745796263217926,0.06351723521947861,-0.00598957808688283,0.08280908316373825,-0.024139635264873505,0.005898298230022192,-0.30315938591957087,0.019340237602591515,0.10891702771186829,0.051035914570093155,-0.045340206474065774,0.09339968115091325,0.03535354882478713,-0.02989785932004452,-0.013998327776789663,0.07515456527471542,0.005428907927125692,-0.24667708575725555,-0.01187222171574831,0.02866601757705212,-0.00905731413513422,-0.02922387421131134,-0.026893664151430127,0.05256352573633193,0.06204827874898911,-0.0503876507282257,-0.019352270290255543,-0.09141071140766144,0.06989279389381409,0.04793812707066536,-0.016414398327469822,-0.1323669999837875,-0.17681676149368286,-0.07345840334892273,-0.07024665921926497,0.07080255448818207,-0.3209238946437836,0.0617174357175827,0.025565966963768005,-0.043555669486522675,-0.0035163029097020626,0.09360337257385253,-0.06821207702159882,0.09669206291437149,0.07183749973773956,-0.040273517370224,0.15942053496837616,0.04353636130690575,0.14154706895351407,-0.025843197479844093,-0.10558261722326279,-0.07559072226285934,0.07553733885288239,-0.08821923285722733,0.029393592849373817,0.02675548195838928,0.06393561512231827,-0.1599777787923813,-0.02889389917254448,-0.0007335910340771078,-0.0724957063794136,0.015244205482304096,-0.041292138397693634,-0.26109784841537476,-0.15759892761707303,0.06857964396476746,0.11391450464725494,-0.0972464382648468,-0.1505076289176941,0.022200249135494232,0.004262953530997038,-0.037934936583042145,0.03891107439994812
0.019803039729595184,-0.013733655214309692,0.0,-0.002443061443045736,-0.1573524922132492,-0.2547346651554108,0.0862877368927002,-0.10489768534898757,-0.01258058287203312,0.17371824383735657,-0.12067602574825285,-0.29198959469795227,-0.07047498971223831,-0.02203867956995964,-0.028172723948955532,-0.09354518353939056,-0.032039035111665726,0.15170828998088837,-0.009215001948177814,-0.22998230159282684,-0.024680478498339653,-0.03135954216122627,-0.08118917793035507,0.08843570202589035,-0.11785326153039932,0.049950636923313134,-0.00708873476833105,0.04573563113808632,0.16657789051532745,-0.04664798453450202,0.0930820032954216,-0.1472874879837036,-0.019403140991926197,-0.09853240102529523,-0.01925604417920113,0.06317205727100372,0.0929025337100029,0.2179827243089676,-0.23623159527778623,-0.01768846996128559,-0.1084521636366844,-0.03791318461298943,0.1193896234035492,-0.03295816481113434,-0.06013302132487297,-0.0016228462336584923,-0.011965581215918064,-0.03252427652478218,0.07515610754489897,-0.02343928813934326,0.15050995349884033,-0.06805849820375443,0.06132332608103752,0.020523278042674065,0.028860023245215412,-0.14392453432083127,-0.08322064578533171,0.040900856256484985,-0.04369470849633217,-0.10539650171995162,0.022958576679229736,-0.13900263607501984,0.02468627691268921,-0.15671446919441223,0.02007044479250908,0.0017060607206076384,0.04308418929576874,0.09397397190332413,-0.13916027545928955,-0.07740400731563568,-0.017600391060113907,-0.0913040041923523,0.10191897302865982,-0.0020010769367218018,-0.012163602747023104,0.06404725462198257,-0.14740979671478271,0.14432209730148315,-0.18148593604564664,-0.1557398736476898,0.07493866980075836,0.18083603680133817,0.14216098189353943,-0.15205024182796478,-0.08425764739513397,-0.031369391828775406,0.048858679831027985,-0.1487750858068466,0.1030026450753212,-0.14472424983978271,0.0771312564611435,-0.09755478799343108,0.08935421705245972,0.06623580306768417,0.0459308996796608,7.367989746853709e-05,0.015420109964907168,-0.15455952286720276,0.17851701378822327,-0.07986217737197877
-0.03945540264248848,0.07427642494440079,-0.002443061443045736,0.0,-0.07963094115257262,-0.09202097356319427,-0.0172597449272871,0.02810288965702057,-0.06684966385364532,0.12755946815013883,-0.14815394580364227,0.05449776351451874,-0.08413439989089964,-0.013647764921188354,-0.1480853259563446,0.05906962230801582,-0.055892739444971085,0.06785877048969269,0.05645337700843811,-0.04450168833136559,-0.06328784674406052,0.044164080172777176,-0.04179806262254714,0.12781207263469696,-0.23859778046607968,0.002328412141650915,-0.045040156692266464,0.020764917135238647,0.05872097983956337,-0.10033129900693892,-0.0017369101988151667,-0.1449553668498993,-0.2404211461544037,-0.15048626065254211,0.014541322365403175,0.030474698171019558,-0.09958757460117341,0.03691791743040085,-0.04368587583303452,-0.08680688589811325,-0.05362972244620323,0.19106823205947876,0.0439724288880825,-0.015842927619814873,0.034517191350460046,0.008221140131354332,0.08300838619470595,-0.1383589655160904,-0.0910610556602478,0.03591049090027809,0.03394228219985962,0.09149777144193648,-0.12133168429136276,-0.02367432042956352,0.09322245419025421,0.11464762687683104,-0.06378020346164703,-0.22676199674606323,-0.14154028892517087,0.005821922793984413,-0.12388708442449568,-0.02323128655552864,0.2896035611629486,0.06980091333389282,0.036888726055622094,0.05253005772829056,0.0503845103085041,-0.1490889936685562,-0.06461642682552338,-0.10831721872091292,0.056845471262931824,-0.07075133174657822,-0.07270830869674681,0.11312838643789291,0.13979850709438324,-0.04705880954861641,-0.06527640670537949,0.13177192211151123,-0.18698774278163907,0.2830578982830048,-0.13658925890922546,0.13464213907718658,-0.0354185588657856,0.13596493005752563,-0.18827638030052185,-0.05478435754776001,0.09085709601640701,-0.08953577280044556,0.10167396068572998,-0.0497763529419899,0.009070482105016707,-0.1469159871339798,-0.03646243363618851,-0.08660200238227843,0.02084309794008732,0.09048618376255037,-0.09377142786979677,0.02631949819624424,0.1072712242603302,0.08568366616964339
-0.024116620421409607,-0.08681435883045197,-0.1573524922132492,-0.07963094115257262,0.0,0.1442049890756607,-0.04146895557641983,0.13600881397724152,-0.04873917996883392,-0.1599109172821045,0.10928212106227873,0.23660244047641757,0.01891709864139557,-0.04679466411471367,0.008281651884317398,0.06051822006702423,0.03492135927081108,-0.17831003665924072,-0.02874467521905899,0.15384812653064728,0.06893550604581833,-0.02652536705136299,0.03588331118226051,-0.14164605736732483,0.07043451070785521,-0.06888512521982193,-0.10439103096723557,0.012700146995484827,-0.1573159098625183,0.10670848935842514,-0.15920931100845337,0.08680867403745651,-0.03772273659706116,0.07491976022720337,0.018202979117631912,-0.10962788760662077,-0.06929777562618256,-0.22623108327388763,0.1266336441040039,-0.02301901020109653,0.056963205337524414,0.08190850913524628,-0.13528618216514587,0.01915447786450386,0.10413581877946852,0.001939720241352916,-0.022465202957391735,0.03009294345974922,-0.07557418942451477,0.022395936772227287,-0.19369629025459287,0.01489864196628332,0.008657662197947502,-0.0681028887629509,0.030810242518782612,0.016520369797945023,-0.044454269111156464,0.05153459683060646,0.017735721543431282,0.027282824739813805,-0.024909932166337967,0.1526142805814743,-0.1486411839723587,0.18640753626823425,-0.06219302490353584,-0.07166843116283417,-0.07134697586297989,-0.1425405591726303,0.09895528107881546,0.09588027000427246,-0.0008227342623285949,0.12852077186107635,-0.135528102517128,-0.14008662104606628,-0.07301679253578186,-0.09965614229440688,0.11254476010799408,-0.13534440100193024,0.12121898680925368,0.1057041734457016,-0.0056344359181821355,-0.23263719677925107,-0.08908499777317046,0.10283394902944563,0.0596250519156456,-0.03247961774468422,-0.04242983087897301,-0.01155262254178524,-0.04101587459445,0.07558564096689224,-0.009781616739928722,0.105419784784317,-0.15692360699176788,-0.08408597856760025,-0.13164436817169187,-0.061650849878788,-0.019645463675260544,0.13033194839954376,-0.11069577932357788,-0.061340101063251495
-0.029444837942719456,-0.22889818251132965,-0.2547346651554108,-0.09202097356319427,0.1442049890756607,0.0,0.031733088195323944,0.11299473047256468,-0.0016162482788786292,-0.12806248664855957,0.10972358286380768,0.28157681226730347,0.01911197602748871,-0.09150281548500061,0.031169604510068893,0.057773660868406296,-0.007379470858722925,-0.22738678753376007,-0.06113923713564873,-0.016653377562761307,0.12202920019626616,0.16200588643550873,0.017242813482880592,-0.24134908616542816,0.04028080776333809,-0.07870177179574966,-0.06215200200676919,-0.054117701947689056,-0.09796585142612456,0.06843540817499161,-0.0625845417380333,0.08202049136161804,0.1367751657962799,0.04565099626779556,0.038402095437049866,0.0007470440468750894,-0.002685248153284192,-0.423713356256485,0.26065489649772644,-0.07431074976921082,0.07765676081180573,0.04975731298327445,-0.2602286636829376,-0.036536302417516715,0.021265337243676186,0.08033467084169389,-0.0589621439576149,0.03561678528785705,-0.08450120687484741,0.07831256836652756,-0.22498472034931183,0.06228132918477058,-0.09886102378368376,0.018231159076094627,0.06720834970474243,0.07091901451349257,-0.0598972961306572,-0.08893000334501265,0.07166372984647751,0.06267603486776352,-0.06339628249406815,0.08004721999168397,-0.1441420614719391,0.06435737758874893,-0.08493687212467194,-0.07697314769029617,-0.01083972118794918,-0.15455089509487152,0.173779159784317,0.20491066575050357,-0.06496575474739075,0.1484512984752655,-0.07171837985515593,-0.15389247238636017,-0.1576513797044754,-0.01326411496847868,0.18573349714279172,-0.24748633801937103,0.11641153693199156,0.2886773347854614,-0.04024963825941086,-0.3381032645702362,-0.11727385222911833,0.032106172293424606,0.1735980063676834,-0.08401734381914137,-0.18706816434860227,0.11328157782554626,0.021119488403201103,0.17963410913944244,-0.1419421136379242,0.08024734258651733,-0.14968538284301755,-0.07471532374620436,-0.17149250209331512,-0.06146271526813507,-0.05406113341450691,0.2382758855819702,-0.3188321888446808,-0.16051839292049408
0.022282930091023445,0.002169990446418524,0.0862877368927002,-0.0172597449272871,-0.04146895557641983,0.031733088195323944,0.0,0.04524726048111916,-0.10513681918382645,0.016920316964387894,0.0486215278506279,0.027902204543352127,0.06224792450666428,-0.04243216663599014,0.007629347499459983,-0.11023808270692824,0.015483993105590343,-0.22088439762592316,0.022271728143095967,0.1281159371137619,0.02092248387634754,0.08229713886976242,-0.09866175800561905,-0.17214533686637878,-0.13145156204700467,0.0694948211312294,-0.06063508614897728,0.022664465010166168,-0.09587778896093369,0.0381784476339817,-0.08516100049018861,-0.15316307544708252,0.2778644263744354,0.01895644329488277,0.03440732881426811,0.03723551332950592,0.030646733939647675,-0.1383146196603775,-0.011433197185397148,0.08558082580566406,-0.2531686127185821,0.0526663102209568,-0.0897391140460968,0.032599832862615585,-0.019358379766345024,0.06689122319221497,0.093632310628891,-0.07911465317010878,0.07237238436937331,0.06723863631486893,-0.05733368173241615,0.07356907427310942,-0.166268453001976,0.08849170058965683,0.00952658895403147,-0.0443045049905777,-0.04850166663527489,-0.021683240309357643,0.059368398040533066,-0.02785669080913067,0.0033705937676131725,0.015795445069670677,-0.0888293907046318,0.018431937322020527,-0.012602461501955986,-0.024499682709574696,0.14009208977222443,-0.007304980419576168,-0.04975965246558189,0.0607384517788887,-0.14154908061027527,-0.0022249415051192045,0.009381357580423357,0.025012757629156113,-0.12988466024398804,-0.06479077786207199,0.017074840143322945,-0.09909410029649734,0.0707346722483635,0.2611696124076843,0.021380014717578888,0.1472768187522888,0.13120527565479279,-0.05783556401729584,-0.12072629481554031,0.15464061498641968,0.027416177093982697,-0.0460069365799427,0.026814892888069153,-0.1582903414964676,-0.11935049295425416,0.05904553085565567,-0.04215262457728386,-0.09840040653944016,-0.11590126901865004,0.020517783239483837,-0.08690018206834793,0.029050221666693687,-0.04939793422818184,-0.032040376216173165
0.052162624895572655,-0.182637482881546,-0.10489768534898757,0.02810288965702057,0.13600881397724152,0.11299473047256468,0.04524726048111916,0.0,-0.02342526987195015,-0.04830433800816536,0.07677099853754044,0.16323587298393247,-0.09755002707242963,-0.09314124286174774,0.013248789124190807,-0.03899639472365379,-0.03190939500927925,-0.08543462306261063,0.04372767359018326,-0.05010116100311279,0.03457317873835564,-0.03446194529533386,-0.03443925827741623,-0.02037159726023674,0.023691318929195404,-0.06658824533224106,-0.052004344761371606,-0.06014443561434746,-0.1377730518579483,-0.007270536385476589,0.10406079143285751,0.11793165653944016,0.039291996508836746,0.03361372649669647,-0.0026703309267759323,0.04586642608046532,0.017666779458522797,-0.26499107480049133,0.06409494578838348,-0.060826268047094345,0.03006535582244396,0.04817273840308189,-0.125870019197464,-0.022419197484850883,0.06750428676605225,0.027306031435728077,-0.0711323469877243,0.03861222043633461,-0.14087392389774323,0.1459321528673172,-0.10188246518373488,0.09175048023462296,0.055426180362701416,-0.05906885489821433,-0.047157231718301766,0.014172306284308432,-0.021492460742592808,0.06042274460196495,-0.0189270693808794,-0.05250581726431847,0.09313040971755981,0.03116755187511444,-0.0582461953163147,0.02436402253806591,-0.1443823277950287,0.07641434669494629,0.0032738547306507826,-0.06478441506624222,0.0853244811296463,0.05624687299132347,0.036023832857608795,0.05154278874397278,-0.06757703423500061,-0.09480257332324979,-0.09750907868146896,-0.004096177872270346,-0.06170608475804329,-0.03665094077587128,-0.04887611046433449,0.1678408235311508,0.002624895889312029,-0.10669852048158644,-0.027295038104057312,-0.027675753459334373,0.14620815217494965,-0.09100795537233353,0.002629911294206977,0.0581931546330452,-0.09100293368101121,0.09998763352632521,-0.14485451579093933,0.06372576951980591,-0.10938991606235504,-0.04974380508065224,-0.0966685637831688,-0.0367465689778328,-0.06601215898990631,-0.007225665729492903,-0.06420164555311203,-0.18227958679199216
-0.05241284146904945,0.011455904692411423,-0.01258058287203312,-0.06684966385364532,-0.04873917996883392,-0.0016162482788786292,-0.10513681918382645,-0.02342526987195015,0.0,-0.020917214453220367,-0.09283597022294998,-0.1350753903388977,0.04221481829881668,0.02042879350483417,-0.023650886490941048,0.06051279604434967,-0.0016981131630018351,0.0670437142252922,-0.08057836443185806,-0.08958856761455536,0.0002631813404150307,0.058202173560857766,0.014905429445207117,0.019409742206335068,0.014228810556232927,-0.059936024248600006,0.09084539860486984,-0.11171041429042816,0.027662446722388268,-0.12424632906913756,-0.011384826153516768,0.09988482296466829,-0.10111322999000548,0.05287059023976325,-0.111906036734581,0.01134431455284357,-0.02280057966709137,0.05123253911733627,-0.022853659465909004,-0.09494501352310179,0.1412258893251419,-0.12446484714746477,0.038745734840631485,-0.03803452104330063,-0.03860971704125404,-0.06032779440283775,-0.02421343885362148,-0.08894605934619902,-0.03848215565085411,-0.07726814597845076,0.03356684371829033,-0.07489817589521408,-0.0625552162528038,0.06278107315301895,-0.03425925597548485,0.05827349424362183,0.03646991774439812,-0.10028635710477828,-0.004411776550114155,0.0848088189959526,-0.13299037516117096,-0.0462525337934494,0.07054184377193451,-0.05366411060094833,0.021728983148932457,-0.010395505465567112,-0.07548195868730545,0.029655035585165024,0.034344904124736786,-0.02195093967020512,-0.04210130870342255,-0.12689208984375,0.03929431363940239,0.029430532827973362,0.0888022631406784,0.030018260702490807,0.020624559372663494,0.054240360856056206,-0.05417930707335472,-0.2632059454917908,-0.10950305312871932,-0.09654489159584045,-0.1557214707136154,-0.05228065699338913,0.06907419860363007,-0.03009422682225704,-0.1036710888147354,0.13320191204547882,0.020562760531902317,0.07898654043674469,0.17766794562339783,-0.0704759731888771,0.15455640852451324,0.09793978184461592,0.15962274372577667,0.004059168975800276,0.005505574867129326,0.0059401318430900565,-0.04464884102344513,0.031779590994119644
-0.06156178563833237,0.12913644313812256,0.17371824383735657,0.12755946815013883,-0.1599109172821045,-0.12806248664855957,0.016920316964387894,-0.04830433800816536,-0.020917214453220367,0.0,-0.0663704127073288,0.042204052209854126,-0.1720161139965057,0.04673246294260025,-0.02931408584117889,-0.12401936948299408,0.036346565932035446,0.10952876508235931,0.056294806301593774,0.07725076377391814,-0.12481279671192168,0.061612531542778015,0.005578157491981983,0.061085719615221024,-0.04324457049369812,-0.03889472782611847,0.03124101273715496,0.020027069374918938,0.08694716542959213,-0.01216760277748108,0.1918486654758453,0.0025415460113435984,0.0036116659175604577,-0.2665303945541382,-0.010162386111915112,0.008724790066480637,-0.0018544475315138695,0.044269178062677376,-0.04225161671638489,0.11140137165784836,-0.10589876770973204,0.06203505769371986,0.09023714065551756,-0.014182287268340588,-0.10739301890134811,-0.04289135336875916,0.06771409511566162,-0.012635115534067152,-0.018088204786181446,0.029968081042170525,0.14026790857315063,-0.03261297568678856,-0.007903526537120342,-0.06388857960700989,0.009989818558096884,-0.054322026669979095,0.06186915561556816,-0.01583649031817913,-0.07285330444574355,-0.08503115177154541,0.10126616060733797,-0.021183960139751434,0.07217846810817719,-0.050997760146856315,0.084243580698967,0.030663771554827687,0.09837263077497481,-0.016440613195300102,-0.09814222157001495,-0.11182231456041336,0.010902274399995804,-0.010877338238060474,-0.010161752812564371,0.05267221480607986,0.028924357146024704,-0.08519374579191206,-0.10657934844493865,0.03866736963391304,-0.13328392803668976,0.05049224942922592,-0.08259420841932295,0.17261122167110443,0.0423528216779232,0.08522544056177139,-0.020690662786364555,0.015287817455828188,0.15410320460796356,-0.16987836360931396,-0.004021079279482365,-0.17044292390346527,-0.1264229416847229,-0.14127628505229947,-0.0043758563697338096,-0.04096915200352669,0.021748581901192665,0.049061119556427,-0.03262901306152344,-0.1810980290174484,0.16844090819358823,-0.0033370356541126966
0.007120758295059204,-0.09845596551895139,-0.12067602574825285,-0.14815394580364227,0.10928212106227873,0.10972358286380768,0.0486215278506279,0.07677099853754044,-0.09283597022294998,-0.0663704127073288,0.0,-0.022220976650714874,0.1196245104074478,-0.032808933407068246,-0.09031152725219727,-0.009864969179034231,0.010067308321595192,-0.11508066952228546,-0.04930073767900466,-0.10342136025428772,0.11303168535232544,-0.03250693157315254,0.018086016178131104,-0.0843367949128151,0.007773020304739475,-0.01899517513811588,-0.05888918042182922,-0.06921415776014328,-0.11372076719999312,-0.019561953842639923,-0.1931989938020706,0.02556331641972065,-0.0031699524261057377,0.13503003120422363,-0.03291952982544899,-0.012647021561861038,-0.0728413388133049,-0.06296373903751373,-0.026852188631892204,-0.04662206396460533,0.062428127974271774,-0.03328128904104233,-0.07753633707761763,0.0597371943295002,0.13965463638305664,0.003617029869928956,-0.060832854360342026,-0.01577813550829887,0.0011193311074748635,-0.005072979722172022,-0.10397600382566452,-0.07801607251167297,-0.016067299991846085,0.02564055845141411,0.0123620992526412,-0.035909540951251984,-0.06615684181451797,0.028590034693479534,0.015974514186382294,0.08048120141029358,-0.17170068621635437,0.04479490593075752,-0.15432438254356384,0.051178928464651115,-0.058263946324586875,-0.008366715162992477,-0.12038968503475188,0.00239087943919003,-0.012324764393270016,0.12951542437076569,-0.10896738618612288,-0.02157417684793472,0.07070145756006241,-0.047598306089639664,-0.07595872133970259,0.03369514271616936,0.004011268261820078,-0.007767979055643082,0.08946482837200163,-0.08382420241832733,0.07227892428636552,-0.10426914691925047,-0.0777040496468544,-0.09808745235204697,0.03155457228422165,0.016329998150467873,0.017885882407426834,0.08755925297737122,0.018207360059022903,0.0015523826004937291,0.1675250232219696,0.06624229997396469,-0.038075603544712074,0.006582987960428,0.0052467803470790395,-0.03957989811897278,-0.025377068668603897,0.03715583309531212,-0.028658023104071617,-0.049788162112236016
-0.06924748420715332,-0.1103588193655014,-0.29198959469795227,0.05449776351451874,0.23660244047641757,0.28157681226730347,0.027902204543352127,0.16323587298393247,-0.1350753903388977,0.042204052209854126,-0.022220976650714874,0.0,-0.0004315081750974059,-0.04200782999396324,-0.10364162176847456,0.14882278442382812,-0.1569879055023193,-0.2622653245925904,0.13718999922275543,0.012771503999829292,-0.009791409596800802,0.005923155695199966,-0.0048572830855846405,0.01118872221559286,-0.10843770951032639,-0.0478634387254715,-0.23048047721385956,-0.010078031569719315,-0.14163427054882047,-0.07307854294776915,-0.21488891541957852,0.04945123568177223,-0.2048484981060028,0.144145205616951,0.009414536878466606,0.0699702650308609,-0.23042449355125427,-0.4256419241428375,0.014606556855142117,-0.1951575130224228,0.07561039924621582,0.2631177008152008,-0.1500108689069748,0.08332537859678268,0.29764053225517273,0.1618658751249313,-0.027926966547966003,-0.05800985917448997,-0.1848296225070953,0.08332671970129013,-0.203889399766922,0.09170962125062943,0.03861232846975327,-0.13497675955295563,0.07108394056558609,0.11068779230117796,-0.125244140625,-0.0961851254105568,0.03959121927618981,0.02763730101287365,-0.2453972399234772,0.2536967694759369,0.04848809540271759,0.24185562133789065,-0.1829731911420822,0.09715409576892851,-0.09153462201356889,-0.1666021943092346,-0.031273823231458664,0.23324649035930636,0.06432054191827774,0.05721495300531387,-0.0706000104546547,-0.020673334598541256,0.09139208495616911,-0.15781056880950928,0.03975865617394447,-0.08065783977508545,-0.04707033559679985,0.6915451884269713,-0.07213082164525986,-0.06282467395067215,-0.13036289811134338,0.0957457274198532,-0.01679215393960476,-0.20013253390789032,0.03394555300474167,0.11499477177858353,-0.07006277143955231,0.15541863441467285,0.004539244808256625,0.08542780578136445,-0.3505178689956665,-0.29332390427589417,-0.19794826209545133,-0.055657077580690384,-0.2107341289520264,0.21976010501384732,-0.06709977984428406,0.017238186672329903
-0.017565226182341576,-0.11192380636930464,-0.07047498971223831,-0.08413439989089964,0.01891709864139557,0.01911197602748871,0.06224792450666428,-0.09755002707242963,0.04221481829881668,-0.1720161139965057,0.1196245104074478,-0.0004315081750974059,0.0,-0.05534508079290391,0.044917281717062,-0.03665050119161606,0.0185701921582222,0.041537180542945855,-0.035103000700473785,-0.027122158557176586,0.05186555534601212,0.06452476233243942,0.03240897133946419,-0.19167116284370425,0.05513076111674309,-0.046242378652095795,-0.036678444594144814,0.016562292352318764,0.07785131037235261,0.015190831385552883,-0.23271191120147705,0.03317439928650856,0.17659586668014526,-0.09280576556921005,0.0067121945321559915,-0.03369280323386192,0.08780982345342636,0.04939111322164536,0.04129798710346222,0.04734174534678459,0.01621496118605137,-0.08050385862588881,-0.07762350887060165,-0.011797744780778883,-0.03031684458255768,-0.028449635952711105,-0.08849042654037476,0.06820258498191833,0.0506666898727417,-0.12995760142803192,-0.03763943538069725,-0.015213502570986748,0.01575661450624466,0.07839690893888474,-0.05864864960312843,-0.1275462955236435,-0.0553210936486721,0.039941743016242974,-0.018895013257861137,0.06235238537192345,-0.011040705256164072,-0.07895199209451675,-0.12036588042974472,-0.06493931263685225,-0.019600119441747665,-0.07367002964019774,-0.07140897959470749,-0.06227767094969749,0.05040724575519562,-0.028010394424200055,-0.10434123873710632,0.03492081165313721,0.09934547543525696,-0.0380379930138588,-0.10411317646503448,0.05182884633541107,-0.07296317070722581,-0.009325644001364708,0.23187345266342163,-0.20811124145984647,0.09587702155113219,-0.04903430119156837,0.04191853106021881,-0.09786877781152724,0.07555755227804184,0.01751580834388733,-0.04987851157784461,-0.05247476324439049,-0.07283741235733032,-0.01774091087281704,-0.05716001242399216,0.06294555217027664,0.02864859811961651,-0.018274893984198567,-0.07452022284269331,0.03692065924406052,-0.005613017827272415,0.008845214731991291,-0.13226741552352905,0.0547032356262207
-0.050503652542829514,0.048987183719873435,-0.02203867956995964,-0.013647764921188354,-0.04679466411471367,-0.09150281548500061,-0.04243216663599014,-0.09314124286174774,0.02042879350483417,0.04673246294260025,-0.032808933407068246,-0.04200782999396324,-0.05534508079290391,0.0,-0.15280966460704803,-0.09858054667711258,0.10134370625019072,0.07237093150615692,0.02535572089254856,-0.12191517651081084,-0.1737716048955917,0.06854940205812454,0.08029841631650925,-0.0015208442928269503,-0.016309387981891632,-0.07559037953615187,-0.06925826519727707,-0.07329047471284865,0.15129682421684265,0.001747801201418042,-0.08297201246023178,0.026786770671606064,0.022685199975967407,-0.3011605739593506,0.021043328568339348,-0.008996418677270412,-0.08879299461841582,0.021325191482901573,0.05470167100429535,0.12984851002693176,-0.05977171286940575,-0.03109754249453545,0.1655144840478897,-0.04211850836873055,-0.06086522340774536,0.026518007740378376,-0.014656144194304945,0.01708978600800037,0.061642516404390335,-0.010711836628615856,0.0808626338839531,0.01245687622576952,0.13981463015079498,0.07602217793464659,-0.1405898779630661,-0.06318837404251099,0.03750632330775261,-0.03623171895742416,-0.0087595758959651,-0.09597885608673096,-0.15743356943130493,-0.1259387582540512,0.07069028913974762,-0.26655247807502747,0.06667233258485794,0.045307457447052,-0.0513288602232933,0.08878789097070694,-0.19001777470111847,0.10569630563259123,0.08555644005537033,0.08661439269781113,0.08568695187568665,0.05313827097415924,0.02473726123571396,0.07795888185501097,0.02042866498231888,-0.07980028539896011,-0.04621901735663415,0.07315178215503693,0.0030448813922703266,0.04853608086705208,0.07588543742895126,-0.0114609207957983,-0.11575397849082945,-0.017938341945409775,0.029678350314497948,-0.039581511169672005,0.009787403047084808,-0.05092696100473404,-0.19237874448299408,-0.1157742440700531,-0.030143970623612404,-0.08160249143838881,-0.0689244344830513,-0.0745658203959465,-0.020730635151267048,-0.12009309232234953,0.022159166634082798,0.15159720182418823
0.010365417227149008,-0.06237911805510521,-0.028172723948955532,-0.1480853259563446,0.008281651884317398,0.031169604510068893,0.007629347499459983,0.013248789124190807,-0.023650886490941048,-0.02931408584117889,-0.09031152725219727,-0.10364162176847456,0.044917281717062,-0.15280966460704803,0.0,-0.042114727199077606,-0.058001384139060974,-0.08873343467712401,-0.0508105494081974,-0.09612813591957091,0.1794939637184143,-0.04399262368679047,-0.023032939061522484,-0.052287600934505456,-0.008049455471336842,0.01833553984761238,0.014103955589234827,0.12339968234300612,-0.10939209908246994,-0.005203136708587408,0.052185315638780594,0.05209998041391373,-0.27028888463974,0.20010843873023984,-0.07656819373369217,-0.05107969045639038,0.2419579476118088,0.0048403474502265445,-0.049137655645608895,-0.1452401727437973,0.05257055908441544,-0.09558148682117462,-0.04012003540992737,0.013765158131718636,0.00993585865944624,-0.045993424952030175,0.03230718523263931,-0.09821530431509018,-0.11867935955524445,-0.026820553466677666,-0.03982732072472572,0.01022192183881998,-0.05177247151732445,-0.03081119619309902,0.012112301774322987,0.04178544506430626,0.08476561307907104,0.009044437669217585,0.003039604751393199,-0.03703939914703369,-0.1557770073413849,0.10285916179418564,0.0020135377999395128,0.14436694979667664,-0.11272439360618591,-0.0011727825039997697,-0.07938113063573837,-0.08832694590091705,0.3337184190750122,-0.023303879424929615,-0.000774684245698154,-0.09969963878393172,-0.23858559131622317,0.08716686069965361,-0.07224301993846893,0.04359201714396477,0.0449691116809845,0.017496909946203232,-0.06305186450481415,-0.06753642857074738,-0.09687596559524536,-0.1209706962108612,-0.21720433235168457,0.029425045475363728,-0.06693760305643082,0.07822676748037338,-0.16444751620292664,0.0030145952478051186,0.10571245849132536,0.003211683128029108,0.149789959192276,0.10211925208568572,0.08862091600894928,0.2032042890787125,-0.013443718664348124,-0.008109096437692642,0.036130677908658974,0.12843482196331024,0.07533644139766693,-0.1349361687898636
-0.028972208499908447,-0.22984549403190607,-0.09354518353939056,0.05906962230801582,0.06051822006702423,0.057773660868406296,-0.11023808270692824,-0.03899639472365379,0.06051279604434967,-0.12401936948299408,-0.009864969179034231,0.14882278442382812,-0.03665050119161606,-0.09858054667711258,-0.042114727199077606,0.0,0.0074687013402581215,0.155038520693779,-0.0961688831448555,-0.03307947888970375,0.17351670563220975,-0.11210483312606812,0.2091504782438278,-0.05258537083864212,0.04671378806233406,-0.09225404262542723,0.0438426099717617,0.062065072357654565,0.02799195982515812,-0.1660512089729309,0.03510460630059242,0.1727093607187271,-0.23144176602363584,0.1285824179649353,-0.1046188473701477,-0.07832438498735428,-0.03802763670682907,0.07596945017576218,-0.1722666174173355,-0.09370791912078856,0.20033183693885803,-0.01579080894589424,-0.16360542178153992,-0.010976490564644337,0.15269365906715393,-0.07374250888824464,-0.18535369634628293,0.08051387965679167,0.0066437898203730575,-0.16762346029281616,-0.08755458146333694,0.0023821815848350525,0.13102270662784576,-0.09503097087144852,0.020008957013487812,-0.048314310610294335,-0.07689494639635086,0.020868400111794472,0.01444189716130495,0.2737832963466644,0.004906998947262764,0.12461662292480467,0.02025900036096573,0.21140310168266296,-0.15527348220348358,-0.001055657397955656,-0.0575551651418209,-0.20051041245460513,0.14287546277046204,-0.09923874586820601,0.058482304215431206,-0.03517012298107147,-0.01304923929274082,-0.3162494897842407,0.011657175607979296,-0.18275722861289975,-0.09020328521728516,0.10690365731716156,-0.13473109900951383,-0.2144084274768829,-0.07476259768009186,-0.23556151986122129,-0.2825061082839966,0.042926307767629616,0.38246777653694153,-0.20957551896572116,-0.06633352488279343,-0.1099262535572052,-0.21050807833671567,0.21340849995613095,0.1917618960142136,0.03767485544085503,-0.061137381941080086,0.016502568498253822,0.1834355443716049,0.20275658369064328,-0.028287364169955254,-0.05578065663576126,-0.05692770704627037,-0.052049465477466576
-0.006610713433474302,0.05015365034341812,-0.032039035111665726,-0.055892739444971085,0.03492135927081108,-0.007379470858722925,0.015483993105590343,-0.03190939500927925,-0.0016981131630018351,0.036346565932035446,0.010067308321595192,-0.1569879055023193,0.0185701921582222,0.10134370625019072,-0.058001384139060974,0.0074687013402581215,0.0,0.06011377274990082,-0.029862930998206135,0.010049561969935894,-0.06005989760160446,-0.03634658828377724,0.01966011896729469,-0.09843100607395171,0.07535713165998457,-0.018350124359130856,-0.08151456713676451,-0.07753707468509674,0.005547263193875551,0.03797607496380805,-0.18836547434329984,0.08771088719367982,-0.0779152438044548,-0.055381733924150474,-0.047996189445257194,0.002717980882152915,-0.08113310486078262,-0.03444752097129822,-0.056406915187835686,-0.02612178400158882,0.036022067070007324,-0.02405622042715549,0.05755176767706871,0.06598611921072006,0.005428930278867483,-0.05249936878681183,-0.020911289379000664,0.055265765637159354,0.027432896196842197,-0.1354926973581314,0.08771675825119017,-0.3168920874595642,0.07080228626728058,0.0731053277850151,0.034008026123046875,-0.04717431217432022,-0.06950459629297256,0.06959045678377151,0.08270248770713806,-0.10345429927110672,-0.02627245895564556,0.12475251406431198,-0.0798327699303627,-0.08078053593635559,0.037168987095355994,0.0052254232577979565,-0.10520033538341522,0.003531258553266525,-0.12948057055473328,-0.023246875032782555,-0.030084965750575066,-0.2075932174921036,0.20398199558258057,0.005909696221351624,-0.049602463841438287,-0.010835145600140095,-0.0765320360660553,-0.002793674822896719,0.11317409574985504,-0.23324102163314817,0.10618901252746582,0.02906525321304798,0.03498499467968941,-0.0021163453347980976,-0.09345494955778122,0.029811037704348564,0.10829340666532516,0.06673938035964966,-2.4446755560347807e-05,-0.03365092724561691,0.05696496367454529,0.04274488613009453,-0.07427345216274261,0.01347603928297758,0.04729124158620834,-0.13648080825805664,0.09369794279336928,-0.0411330945789814,0.023738866671919823,0.0796930342912674
-0.023388154804706573,0.06774634867906569,0.15170828998088837,0.06785877048969269,-0.17831003665924072,-0.22738678753376007,-0.22088439762592316,-0.08543462306261063,0.0670437142252922,0.10952876508235931,-0.11508066952228546,-0.2622653245925904,0.041537180542945855,0.07237093150615692,-0.08873343467712401,0.155038520693779,0.06011377274990082,0.0,-0.058171413838863366,0.06375385820865631,-0.07062186300754547,-0.09733758866786957,0.015345680527389048,0.19543328881263727,-0.1101124957203865,-0.0347757451236248,-0.019843513146042824,0.11484305560588837,0.14035217463970184,-0.06143932789564133,0.050995789468288415,-0.15593279898166656,-0.15920181572437286,-0.03481985628604889,-0.08097222447395325,-0.05332120507955551,0.005073045380413532,0.3746438026428223,-0.3214161992073059,0.02168893441557884,-0.006634635850787163,-0.1338747888803482,0.1253865361213684,0.02974138595163822,-0.09107485413551329,-0.0740046352148056,0.007968581281602383,0.023018475621938705,0.10834890604019164,-0.2068121433258057,0.13929663598537445,-0.06487804651260376,-0.027481434866786003,-0.01281956024467945,-0.061371754854917526,-0.025574462488293648,-0.011245621368288992,-0.03963223844766617,-0.012663382105529308,0.0045012449845671645,-0.00918780732899904,-0.12182465940713882,0.06877388805150986,0.09317985177040099,0.13520000874996185,-0.046678952872753136,-0.07084944099187851,0.08520137518644333,-0.1385727226734161,-0.2507641613483429,-0.08601370453834532,-0.10230935364961624,-0.002204046119004488,0.011189312674105167,0.2747994661331177,-0.05400587245821953,-0.09978395700454713,0.1307189017534256,-0.1694520264863968,-0.4636469483375549,-0.12348586320877077,0.20971669256687164,0.037811879068613045,-0.039523538202047355,-0.13505569100379944,-0.013687393628060816,-0.10313663631677628,-0.10855623334646224,-0.09529120475053789,-0.05277026817202568,0.1712818294763565,-0.045438945293426514,0.16936826705932617,0.009770277887582779,0.16473740339279175,0.052641596645116806,0.04664323851466178,-0.10252868384122849,0.03445629402995109,0.2255650907754898
0.023830546066164967,-0.03851265832781792,-0.009215001948177814,0.05645337700843811,-0.02874467521905899,-0.06113923713564873,0.022271728143095967,0.04372767359018326,-0.08057836443185806,0.056294806301593774,-0.04930073767900466,0.13718999922275543,-0.035103000700473785,0.02535572089254856,-0.0508105494081974,-0.0961688831448555,-0.029862930998206135,-0.058171413838863366,0.0,-0.037344634532928474,0.07342311739921571,0.09556635469198227,-0.0036935375537723294,0.04548981413245201,-0.11970806121826172,-0.02178491279482841,0.02088676765561104,0.017198828980326653,0.017455309629440308,-0.09706029295921324,0.06864704936742783,0.0490124300122261,0.02269874140620232,0.008668255060911177,0.02061189897358417,0.09713093936443327,-0.09594982862472534,-0.14667464792728424,0.06276664137840271,-0.008611525408923628,-0.0050154104828834525,0.025408456102013588,-0.08458536118268967,-0.03977668285369873,-0.055001944303512566,-0.013114149682223797,-0.01809551194310188,-0.001117817242629826,-0.02231875993311405,0.02376443892717361,-0.016318023204803467,0.050109848380088806,-0.1784473955631256,-0.0632949247956276,-0.00010291457874700428,0.027221141383051872,0.03250263631343841,-0.16495099663734436,-0.021522149443626404,0.02638060413300991,-0.1079959198832512,0.04044782370328903,0.008290148340165615,-0.005006366409361362,0.06930534541606903,-0.005738434381783009,-0.013328987173736095,-0.07406190037727357,0.06844965368509293,-0.010148216970264912,-0.06715346872806549,0.07649602741003036,-0.06451811641454697,-0.11909222602844238,0.107514888048172,0.04209886118769646,-0.059941377490758896,-0.09748739004135133,-0.08311187475919724,0.09708161652088163,-0.15424975752830505,-0.0689772367477417,-0.12240206450223921,0.06728830933570862,0.08070661872625352,-0.07558917999267578,-0.01373786013573408,-0.08687484264373779,0.043964479118585593,0.05596522614359856,-0.01716775819659233,-0.08482863008975983,-0.006820898503065108,-0.03567246347665787,-0.015198154374957085,0.07409936189651489,-0.05049450695514679,0.056373976171016686,-0.08317232877016068,-0.06255109608173369
