0,1,2,3,4,5,6,7,8,9,10,11,12,13,14,15,16,17,18,19,20,21,22,23,24,25,26,27,28,29,30,31,32,33,34,35,36,37,38,39,40,41,42,43,44,45,46,47,48,49,50,51,52,53,54,55,56,57,58,59,60,61,62,63,64,65,66,67,68,69,70,71,72,73,74,75,76,77,78,79,80,81,82,83,84,85,86,87,88,89,90,91,92,93,94,95,96,97,98,99
0.0,-0.005696086212992668,4.001731576863676e-05,0.0011168200289830563,0.036682531237602234,-0.04753711447119713,0.06470324844121933,-0.0026761507615447044,0.019467914476990696,-0.047687411308288574,-0.09398520737886429,-0.07150425761938095,-0.02171398513019085,0.07759375125169754,0.00024646395468153054,-0.02746651694178581,-0.05668151006102561,0.00893685966730118,0.004218921530991793,-0.027558226138353348,-0.02815345861017704,-0.03082020580768585,-0.017500009387731552,-0.01891212351620197,0.1918620318174362,0.09232982248067856,-0.004861817695200443,0.04025527834892273,-0.0873587429523468,-0.06785225868225098,0.09747097641229628,0.0298533458262682,4.694104063673876e-05,-0.043418556451797485,0.002092765411362052,0.0011805029353126884,0.020518559962511063,-0.030437953770160675,-0.05402303114533424,0.020068582147359848,0.08049162477254868,-0.0213475339114666,-0.02287275157868862,-0.034757137298583984,-0.07129675894975662,-0.06021026149392128,0.050128430128097534,-0.03779562190175056,0.0452626533806324,-0.05971543118357658,0.0713929608464241,0.045164678245782845,0.001241092919372022,0.07294201850891113,-0.037124909460544586,0.0171158816665411,-0.18968798220157623,0.03148394078016281,0.02431891858577728,4.106866617803462e-05,-0.021625014021992683,0.02048483118414879,-0.12203317880630492,0.07318244874477385,0.020341217517852783,-0.12293419986963272,-0.024489352479577065,-0.014336475171148775,0.019095759838819504,-0.050235480070114136,-0.03358827903866768,0.0968177318572998,0.04934024065732956,-0.031831469386816025,0.003930617123842239,0.05182921513915061,0.1516123265028,-0.1463167518377304,0.01986406557261944,0.0804668739438057,-0.0014698035083711147,-0.047468151897192,-0.01551014930009842,0.018134206533432007,-0.027193091809749603,0.011929021216928957,0.06763080507516861,-0.1357324868440628,-0.029643401503562927,0.04491001740098,-0.11128801852464676,0.049020394682884216,-0.03527446091175079,-0.03896593302488327,-0.10366797447204588,-0.03142381086945534,-0.011861666105687618,0.08654049038887024,0.027540702372789383,-0.08866978436708449
-0.005696086212992668,0.0,-0.04936590045690536,0.007982694543898106,0.10059189051389694,0.062183678150177,-0.0028317540418356657,0.12106408178806304,-0.02591191790997982,-0.07094619423151016,-0.0971839651465416,0.01221467275172472,-0.13310138881206512,-0.008209262974560259,-0.003608351806178689,-0.055948782712221146,0.017609961330890656,0.15486590564250946,-0.09939890354871747,8.408366738876794e-06,0.014121835120022295,0.010254928842186928,-0.15676967799663544,-0.022581376135349277,0.09568623453378675,0.020821411162614822,0.04136304184794425,0.04463866725564002,3.140568151138723e-05,-0.06165448948740959,-0.035584598779678345,-0.05782002583146095,-0.007219480350613593,0.03785456717014313,-0.09486337006092072,-0.06745859235525131,-0.0388619527220726,0.04370393604040146,-0.050938855856657035,-0.02792970463633537,0.04545781016349792,-0.000699336698744446,-0.0859556645154953,-0.017242884263396263,-0.046087156981229775,-0.04952529817819595,0.017367267981171608,-0.047657497227191925,-0.0218694806098938,0.09308576583862305,0.041740864515304565,-0.0012754763010889292,-0.02096124365925789,-0.12795975804328918,-0.02835805155336857,0.12275771051645278,-0.05632611364126205,-0.12613165378570557,0.027191627770662308,-0.03748984262347221,-0.01819674484431744,0.11041922122240067,0.02300569415092468,0.07874200493097305,-4.337466089054942e-05,0.0006070142262615263,-0.09510073065757751,-0.07812197506427764,0.00013735043467022479,0.0016904037911444902,-0.05000649765133858,-0.016115764155983925,0.014373636804521084,0.0530327782034874,0.05531391128897666,-0.013035359792411327,-0.06614706665277481,0.050021767616271966,0.06935553252696991,-0.0010804773773998022,-0.024182980880141255,-0.013410370796918867,-0.0005283199716359377,-0.020871639251708984,0.013447370380163193,0.0054807947017252445,0.028218269348144528,-0.0004969901056028904,-0.09490215033292769,0.003963081166148186,-0.03770960122346879,0.01541435159742832,-0.0451570302248001,-0.036456234753131866,0.03987819328904152,0.0013823623303323984,0.002220914466306567,-0.08046390861272813,-0.027081105858087536,0.10171473026275633
4.001731576863676e-05,-0.04936590045690536,0.0,0.12366662174463272,-0.045247092843055725,0.10362807661294936,0.03201070427894592,-0.08707831799983978,-0.01921720243990421,0.0015598684549331665,0.05643789097666741,0.0019960000645369287,0.0429498702287674,1.2494327847889508e-06,-0.05576776340603829,-0.03670843690633774,-0.002113636815920472,-0.07624137401580809,0.034752003848552704,0.029126860201358795,-0.05643749982118607,0.052025265991687775,-0.04518395662307739,-0.023443793877959248,-0.0811685249209404,0.019150983542203903,-0.13617545366287231,4.803632691618986e-07,0.019885454326868057,0.031921356916427605,0.021293021738529205,-0.023989463225007057,0.015594475902616976,-0.020516304299235344,-0.03449409455060959,0.062321797013282776,-0.08682046085596083,-0.0034759696573019028,-0.02474692650139332,-0.0019407931249588728,-0.002045630943030119,-0.058923844248056405,0.11931361258029936,-0.10354189574718475,0.08325131982564926,0.003809649962931872,-0.08716025203466414,-0.05674967542290688,0.02348961867392063,-0.07970000803470612,0.02886546403169632,0.17194503545761108,-0.07716800272464752,-0.07872957736253737,0.09256977587938307,0.10452648252248764,0.06641937792301178,-0.048938002437353134,-0.11111874878406525,0.03940331190824509,-0.06340575218200684,-0.06512685120105743,-0.020400818437337875,-0.0018977278377860785,0.049711354076862335,-0.049475368112325675,-0.007242308463901281,-0.025842009112238884,-0.08956921845674513,0.059874627739191055,0.024295348674058918,0.019204698503017426,0.009851157665252686,-0.06416810303926468,0.04313991218805313,0.03777119517326354,0.06101498007774353,-0.0013243308058008552,3.4276228689122945e-05,-0.1593085676431656,-0.04884576424956322,-0.07089798897504807,-1.4381312212208284e-06,-0.04419998824596405,-9.549808055453468e-06,0.10867691785097122,-0.09344309568405151,0.01200451236218214,-0.02232218161225319,0.023332115262746807,0.04290084540843964,-3.791323615587317e-05,0.03512197732925415,0.030700350180268288,-0.07515468448400497,2.3255131964106113e-05,-0.02285220474004745,-0.023161660879850388,0.05893790349364281,-0.006842408329248428
0.0011168200289830563,0.007982694543898106,0.12366662174463272,0.0,0.04908515140414237,0.03281232714653015,-0.06225144863128662,0.0750982016324997,-0.06223410740494728,-0.0012093096738681195,-0.0043969815596938125,-0.058238327503204346,-0.02806887030601501,0.016414962708950043,-0.034049082547426224,-0.006097273901104927,-0.0040146447718143454,-0.06243155896663666,-0.009257436729967594,-0.011044731363654137,-0.06852079927921295,-0.0011062409030273557,-0.07558389008045197,0.03812023997306824,-0.07752125710248947,-0.09883949905633926,0.04499905183911324,0.06613004207611084,0.04209516942501068,0.022502638399600983,-0.05318447574973106,-0.003450644435361028,0.015460351482033728,-0.044942863285541534,-0.002334672724828124,0.027414916083216667,-0.006296138744801282,-0.007247458212077618,-0.07029733806848526,0.05763857066631317,0.01728423312306404,0.07469459623098373,-0.06721027195453644,0.017925120890140533,-0.02608303725719452,-0.01344449259340763,0.0011481636902317405,-0.101027674973011,0.07899554818868637,-0.0508209615945816,-0.0501483753323555,-0.05448232963681221,-0.08352679759263992,0.1069115400314331,-0.03188298270106316,0.009567046537995338,0.03458771854639053,-0.008481808006763458,0.024704821407794952,0.04099680110812187,-0.005894307978451252,0.007376497145742179,-0.06212069094181061,0.009382768534123896,-0.028110433369874958,-0.08847366273403166,-0.02259876579046249,-0.004620755556970835,-0.06557876616716385,0.18492135405540464,0.01997421681880951,0.0539851114153862,0.04711572453379631,-0.0005888230516575277,-0.13650865852832794,0.026663487777113914,-0.09431852400302888,0.05023814737796784,-0.06633055210113525,0.0171944759786129,0.03601741045713425,-0.011989692226052284,0.01823814772069454,-0.11292846500873564,0.02917516976594925,-0.003168572206050157,-0.06771884113550186,-0.07034678757190704,-0.12289454042911528,-0.062473829835653305,0.04065750539302826,0.004885971080511808,0.014279495924711227,0.0007841031183488667,0.015676071867346764,-0.02594994753599167,-0.045528344810009,0.12792950868606567,-0.046912215650081635,0.031584374606609344
0.036682531237602234,0.10059189051389694,-0.045247092843055725,0.04908515140414237,0.0,-0.006214277353137732,-0.07752928137779236,-0.014650853350758553,0.025353388860821724,-0.03887738659977913,0.00384833849966526,0.05351381003856658,-0.0182365607470274,0.042635072022676475,-0.03512394055724144,-0.04526223987340927,0.04361414909362793,-0.015753142535686493,-0.05367721244692802,0.04324372485280037,0.04365359246730805,0.06485158205032349,-0.0001328437210759148,0.06780828535556793,-0.039384692907333374,-0.06855297833681107,-0.06281627714633942,0.038530513644218445,-0.0605785846710205,-0.0875774696469307,-0.03063572570681572,-0.0004749539657495916,0.04264682158827782,-0.01288351509720087,0.01181126944720745,0.00476986076682806,-0.000963808794040233,0.0330151729285717,0.020022805780172348,-0.028462328016757965,-0.0877557247877121,0.003735102247446776,0.022535767406225204,0.04352504387497902,0.02155221253633499,0.0022083281073719263,-0.04424359276890755,0.05574372410774231,-0.10486505925655364,0.05416646972298622,0.025147004052996635,0.011129074729979038,0.013161828741431236,0.11760462820529936,0.07351698726415634,-0.09393331408500671,-0.018726971000432968,-0.01838103123009205,-0.05137877911329269,-0.046543490141630166,-0.00035822379868477583,-0.01879577711224556,-0.03706628084182739,-0.04105059057474136,0.006176623050123453,0.02731190249323845,-0.0294434018433094,-0.05587965250015258,0.027813829481601715,-0.13488945364952087,-0.0004626776790246368,-0.09288983047008513,-0.01167724933475256,0.11152596026659012,0.011870128102600574,-0.052868161350488656,-0.007915763184428215,-0.08757435530424118,-0.025443853810429573,-0.04747486859560013,0.000254265614785254,0.014003030024468899,0.00466508511453867,-0.05241252481937408,-0.054937995970249176,-0.06092053279280663,-0.018587732687592503,0.0112632866948843,-0.012908948585391045,-0.049527432769536965,-0.026805169880390167,-0.07759359478950499,0.045559126883745193,-0.04450000450015068,0.0009166650124825536,0.019750434905290604,-0.004436231218278408,0.06424527615308762,-0.002050186274573207,-0.09184932708740233
-0.04753711447119713,0.062183678150177,0.10362807661294936,0.03281232714653015,-0.006214277353137732,0.0,0.040092583745718,-0.05194990336894989,0.012480031698942184,1.9581410015234724e-05,-0.06967011839151382,0.05787914991378784,0.06577083468437195,-0.11202919483184814,0.015147171914577484,-0.06450370699167252,-0.048829864710569375,-0.05550907552242279,-0.0020732423290610318,8.793450660959934e-07,0.12163993716239928,-0.04528544470667839,0.03551287204027176,-0.025159699842333797,-0.016245834529399872,-0.019243013113737103,0.0590798519551754,0.07096931338310242,-0.10137612372636796,-0.05476398020982742,-0.028987733647227287,-0.014037244953215122,0.06530771404504776,0.08514204621315001,0.041350699961185455,-0.05923708155751228,0.0019459795439615844,-0.06278296560049057,0.011236663907766342,0.038500916212797165,-0.10670016705989836,-0.0859318971633911,-0.0349455326795578,-0.01000466663390398,-0.017849348485469818,-0.035510025918483734,0.012279459275305271,0.02235495299100876,0.058936987072229385,0.027167126536369324,0.03920629993081093,-0.07067569345235825,0.05536328628659248,-0.03761440142989159,-4.249716948834248e-05,0.0855143740773201,-0.024144466966390606,0.01504467986524105,0.09796427935361862,-0.005405886564403772,-0.0647079348564148,-0.07004950940608978,-5.9755657275673e-05,-0.07665091007947922,-0.09235411882400511,0.022105058655142784,0.0498182475566864,3.390780420886585e-06,0.06942883878946304,-0.05004919320344925,-0.034479863941669464,-0.07229603081941603,-0.017351005226373672,0.0032037689816206694,-0.01707003265619278,0.15150460600852966,-0.09578045457601549,-0.0594826377928257,0.00028502522036433214,-0.028288012370467183,-0.01627347245812416,-0.0918879061937332,-2.1436415408970788e-05,-0.03164226561784744,0.022779736667871475,0.04308559373021126,0.03174172341823578,-0.10272829979658125,0.028499629348516464,0.019130324944853783,0.0036975082475692034,-0.04736501723527908,-0.06631699949502945,0.017387622967362404,0.021793849766254425,-0.03041782043874264,-0.038446549326181405,-0.006324531976133585,-0.09094665944576263,-0.005340188276022673
0.06470324844121933,-0.0028317540418356657,0.03201070427894592,-0.06225144863128662,-0.07752928137779236,0.040092583745718,0.0,0.15366524457931519,0.06593694537878036,0.02046600729227066,0.09734317660331726,-0.06861279159784317,-1.3809619304083752e-05,0.0937950536608696,0.03965932130813599,0.07598071545362473,-0.0003312196349725127,-0.04012757167220116,-0.032958514988422394,0.03924690559506416,-0.019981635734438896,-0.0011339280754327774,-0.052936460822820657,-0.017061583697795868,-0.01257834117859602,-0.02290009707212448,-0.014406405389308928,-0.02691039443016052,0.0001697944535408169,0.013646837323904036,-0.017454566434025764,-0.12059121578931808,0.01854307577013969,-0.03623420000076294,0.00025672445190139115,-0.09004194289445877,-0.05051963403820992,-0.046655602753162384,0.01554877869784832,0.07842538505792618,0.0582427904009819,0.02415379323065281,-0.026921860873699188,0.03007638081908226,0.0630914643406868,-0.04093171656131744,0.07192391902208328,-0.05292308703064919,-0.12856042385101318,0.01775798201560974,-0.08925771713256837,-0.00119686231482774,0.027658628299832344,0.046111885458230965,0.01521720178425312,-0.06523973494768143,0.014532333239912987,-0.0558849461376667,0.02189646847546101,0.0003542960621416569,-0.07551446557044984,-0.05735465884208679,-0.04082819819450378,0.11342208832502364,0.02001813426613808,0.025940673425793648,0.07138713449239731,-0.08437751233577728,0.053555134683847434,-0.07956697791814803,-0.1110297441482544,-0.06112401932477951,0.002671275986358524,-0.0725739151239395,0.08296252787113188,0.07482847571372986,-0.04080350324511528,-0.12266601622104643,-0.02687343582510948,0.03786350041627884,0.002284941729158163,-0.03431946039199829,-0.10505330562591551,0.04241719841957092,0.006689297966659069,-0.03153381869196892,0.0048885405994951725,-0.002516782144084573,0.05275091528892517,-0.03733870014548302,0.02707196772098541,-0.0649789497256279,0.0480089895427227,8.538944530300797e-05,-0.08185480535030366,-0.12198521196842192,-0.0009546488290652632,-0.032589733600616455,0.017956987023353577,0.024270588532090187
-0.0026761507615447044,0.12106408178806304,-0.08707831799983978,0.0750982016324997,-0.014650853350758553,-0.05194990336894989,0.15366524457931519,0.0,-0.016543567180633545,-0.03549659624695778,0.08422677218914032,-0.04004695266485214,0.01738164946436882,0.019539831206202507,0.03655007481575012,-0.10229983925819396,-0.01379456091672182,0.191944882273674,-0.06354575604200363,0.011883036233484743,-0.03842293843626976,0.0020669533405452967,0.025660865008831024,0.008038915693759918,0.009328437037765982,-0.07008597254753113,3.0160119422362183e-05,-0.06888627260923386,0.03882807493209839,-3.98834454244934e-05,-0.002632976742461324,0.03730955719947815,-0.12910228967666623,-0.040147997438907616,0.03658215329051018,0.033027175813913345,-0.013469149358570576,0.05300448834896088,-0.07158604264259337,-0.036321457475423806,0.021357035264372826,-0.004230751655995846,-0.0014325358206406236,-0.013378474861383438,-0.05165847018361092,-0.03250022605061531,0.0035081619862467046,-0.0027785736601799726,0.03171353787183761,-0.09487129002809523,-0.11559311300516129,0.0031620156951248646,0.023666713386774063,0.03718240559101105,0.014175815507769585,0.03206547722220421,0.022252053022384644,0.06458580493927002,-0.07309694588184355,0.07339247316122055,-0.04463037475943565,-0.037511613219976425,0.09801121056079865,-0.07521271705627441,-0.03184095025062561,0.09709954261779784,0.03346691280603409,-0.0064714793115854255,-0.002270272001624108,-0.06011258065700531,-0.1237139254808426,-0.12440001964569092,0.00045291896094568074,0.10554135590791702,0.008176039904356003,-0.022755371406674385,-0.041136931627988815,-0.04902588948607445,0.06759955734014511,0.10190722346305849,-0.044832274317741394,0.010983582586050032,-0.009604647755622864,-1.884173252619803e-05,-0.009070950560271742,-0.0772167891263962,0.00774324219673872,-0.008887283504009249,-0.08253282308578491,0.03743684664368629,-0.0592544861137867,0.01221313700079918,-0.04235544428229332,-0.094218410551548,-0.010244220495224,-0.04698546975851058,-0.012267399579286575,0.0011298845056444407,-0.06792319566011429,-0.03639856725931168
0.019467914476990696,-0.02591191790997982,-0.01921720243990421,-0.06223410740494728,0.025353388860821724,0.012480031698942184,0.06593694537878036,-0.016543567180633545,0.0,0.10397178679704666,-0.043912310153245926,-0.07793782651424408,0.08352281898260115,-0.006738704163581133,0.04382840916514397,-0.010064451955258846,0.019439904019236565,0.041680704802274704,-0.019716287031769753,-0.07351789623498915,-0.007565957028418779,1.7520258097647456e-06,-0.029999444261193275,-0.08838338404893875,-0.07246673852205276,0.08677775412797926,0.01266617141664028,-0.04374566674232482,-0.06574985384941101,0.0007010793196968734,-0.09979984909296036,-0.11286067217588425,0.03136168420314789,-0.0001843454519985244,-0.024752477183938023,0.093685045838356,-0.023788258433341977,-0.011834544129669666,-0.034843675792217255,-0.001617650967091322,-0.036741390824317925,-0.014906208962202072,-0.05008994415402413,-0.007558093406260013,0.004808329045772552,0.02014189399778843,-0.0009169403929263352,0.00011717950837919489,-0.03783222660422325,-0.034554872661828995,0.04021534323692322,0.018503081053495407,-0.029956402257084846,-0.005464642308652401,-0.07812823355197905,-0.04521013051271439,-0.03725171089172363,0.08664725720882414,0.045502178370952606,-0.005558042321354151,-0.018466562032699585,-0.062318164855241776,-0.019288409501314163,-0.03804533928632736,-0.054959416389465325,0.013872618786990643,-0.04934024810791016,-0.0006845993921160698,4.6676610509166494e-05,-0.04274367541074753,0.035754166543483734,-0.015164962969720364,0.061084792017936713,-0.08393103629350662,-0.05276567116379738,0.08385025709867477,0.04948215186595917,0.013454822823405264,0.005371938459575176,0.03822409734129906,0.0017225791234523056,0.011972883716225624,-0.08059839904308319,-0.07361198216676712,-0.004749936982989311,0.029777534306049343,-0.1226680725812912,0.0354604534804821,-0.0632743239402771,0.08144189417362213,0.0346333421766758,0.10864565521478652,-0.06159791722893714,0.0500832125544548,-0.05455498769879341,0.02999084442853928,-0.05873948708176613,-0.05729353055357933,0.11988817155361176,-0.06961020827293396
-0.047687411308288574,-0.07094619423151016,0.0015598684549331665,-0.0012093096738681195,-0.03887738659977913,1.9581410015234724e-05,0.02046600729227066,-0.03549659624695778,0.10397178679704666,0.0,0.01113477535545826,0.17614376544952393,0.07982874661684035,-0.01757117360830307,-0.0059799132868647575,0.0016434103017672896,0.018964171409606934,0.026449671015143394,-0.006663006264716387,-0.0007016819436103106,0.03575608506798744,-0.08589421212673187,-0.0253693163394928,0.06401937454938889,-0.009567697532474993,-0.14981499314308167,0.032528627663850784,-0.000757972477003932,0.027016645297408104,-0.00898022297769785,0.007200497202575208,0.004107730928808451,0.10781114548444748,-0.004450312815606593,0.038330040872097015,0.0005843338440172374,1.869359402917325e-05,-0.057590022683143616,0.048075463622808456,-0.0522327497601509,-0.03721362352371216,0.027576079592108727,-0.03284532204270363,0.005226880311965942,0.025590905919671055,-0.014672028832137585,-0.01950331777334213,-0.12270361930131912,-0.04387800768017769,-0.009659306146204472,-0.039270345121622086,0.06123489513993263,0.029972024261951447,-0.03312922269105911,-0.06720039248466492,0.08263635635375977,-0.06587107479572296,-0.052434150129556656,0.053381714969873435,-0.051056213676929474,-0.04419998452067375,-0.02763279899954796,0.06778012961149216,-0.02014375664293766,-0.052617214620113366,-0.08725285530090333,-0.02255064249038696,0.0021888758055865765,-0.10325656086206436,-0.07769589871168137,0.08462271839380264,0.001618367270566523,0.026976438239216805,-0.12826420366764069,-0.05909368023276329,-0.024027217179536816,-0.023594895377755165,-0.08133047074079514,0.02631267160177231,-0.00846379715949297,0.049987807869911194,0.06800339370965958,-0.08909808844327927,-0.001548404456116259,-0.049146857112646096,0.08649493008852005,-0.07705516368150711,0.0130018824711442,-0.001497130491770804,-0.04353338852524757,-0.0232643224298954,0.05051834508776665,0.11533492803573608,-0.02300402708351612,-0.023060187697410583,0.011539041064679623,-0.03286704048514366,-0.0520990788936615,-0.025748191401362416,-0.018870443105697632
-0.09398520737886429,-0.0971839651465416,0.05643789097666741,-0.0043969815596938125,0.00384833849966526,-0.06967011839151382,0.09734317660331726,0.08422677218914032,-0.043912310153245926,0.01113477535545826,0.0,0.09349708259105681,-0.12838563323020935,4.629477189155296e-05,-0.034106578677892685,-0.056434601545333855,0.02456343360245228,-7.254554657265544e-05,-0.07290831953287123,0.024801766499876976,-0.04615508019924164,0.006784239783883095,0.0011231862008571625,-0.034511622041463845,-0.014530458487570284,0.06597109884023665,-0.01364512275904417,0.04382622614502906,0.0013162755640223622,-0.08265061676502228,0.06564989686012268,0.06918811798095703,-0.08656881749629974,0.005118967965245247,-0.05278564244508743,-3.2130421459442005e-05,0.04085640236735344,-0.03190699219703674,0.015562995336949824,0.013321745209395884,0.05262689292430878,-0.06615746766328812,-0.029389718547463417,-0.03560800850391388,-0.025319628417491913,0.014063558541238308,-0.09359234571456909,0.041129257529973984,-0.018129605799913406,0.06835610419511795,0.09591315686702728,-0.005446595139801502,-0.08925817161798477,0.07153899222612381,0.05585678666830063,-0.03572458028793335,-0.06853422522544861,-0.028222093358635902,3.334509892738424e-05,0.048061564564704895,-0.015829889103770256,0.02056565135717392,0.0063638836145401,-0.04128448665142059,-0.0938064381480217,0.11703264713287352,-0.023744048550724983,-0.0018560261232778428,-0.034257106482982635,0.08918152004480363,-0.06117193400859833,-0.032101087272167206,-0.07003089040517807,0.03643382713198662,-0.011018121615052223,0.013256629928946497,-0.03707459196448326,-0.026864543557167053,0.03518536314368248,0.046627078205347054,0.00038218582631088793,0.029090680181980133,5.1814255130011595e-05,0.03662990033626556,0.0007905508391559125,-0.052515167742967606,-0.1124190092086792,0.05652499943971634,-0.08112965524196623,-0.04114809259772301,-0.12544316053390503,-0.11766181141138075,0.021687252447009087,-0.03623507171869277,0.024339959025382996,0.03226667270064354,-0.024356283247470852,-0.01622331514954567,-0.02518058195710182,0.012980183586478232
-0.07150425761938095,0.01221467275172472,0.0019960000645369287,-0.058238327503204346,0.05351381003856658,0.05787914991378784,-0.06861279159784317,-0.04004695266485214,-0.07793782651424408,0.17614376544952393,0.09349708259105681,0.0,0.07327667623758317,0.08174888789653778,-0.0005678737070411444,-0.03740773350000381,-0.11855220049619675,-0.10449056327342988,-0.052338827401399605,0.01669252477586269,-0.010360653512179852,-1.1958275536017027e-05,-0.058269239962100976,0.012899753637611866,0.03308075666427612,0.08379162847995758,-0.0426250696182251,-0.0354606993496418,-0.04762406647205353,-0.09304051846265791,-0.13288500905036926,-0.006772520020604134,-0.06196935847401618,-0.000767021207138896,0.012037365697324276,-0.018173253163695332,0.03755944594740868,0.06118786334991455,-0.07046961784362793,-0.01055767573416233,0.04343783855438232,0.03474455326795578,-0.03884994238615036,-0.0024492372758686543,-0.028393449261784557,-0.006405103020370007,-0.0002559998829383403,1.9666855223476887e-05,-0.06430814415216446,-0.06923411786556244,-0.05807031318545341,0.08624854683876036,-0.03960484266281128,-0.017234085127711296,-0.08765213936567305,0.019757093861699104,0.006791715044528246,0.011878148652613161,-0.03406611084938049,-0.010752111673355103,-0.02355854958295822,-0.03754664212465286,0.011099991388618946,0.013820882886648178,0.04386170580983162,0.016194790601730347,0.10418952256441116,0.03785007447004318,0.033408261835575104,-3.45555272360798e-05,-0.09923479706048963,-0.05552560091018677,0.02610772289335728,0.006026851944625378,-0.025671906769275665,-0.05397278442978858,-0.04124806076288223,0.11454331874847412,-0.0500154085457325,-0.032197099179029465,0.023610854521393772,-0.056930627673864365,-0.003915361594408751,-0.02584543451666832,0.012487192638218403,-0.018009496852755547,-0.004433557856827974,0.02656415663659573,0.05710481852293015,-0.03678266704082489,0.06120850518345833,-0.036775115877389915,-0.1071895807981491,0.0759684145450592,0.04059191048145294,-0.06320811808109283,-0.02831719070672989,-0.034548353403806686,0.03323394060134888,-0.001698347274214029
-0.02171398513019085,-0.13310138881206512,0.0429498702287674,-0.02806887030601501,-0.0182365607470274,0.06577083468437195,-1.3809619304083752e-05,0.01738164946436882,0.08352281898260115,0.07982874661684035,-0.12838563323020935,0.07327667623758317,0.0,-0.003922129515558481,0.030135564506053925,-0.0020948499441146846,0.03538421541452408,-0.004771089181303978,-0.007071143016219139,-0.04542973265051842,-0.05645015090703964,0.019745973870158195,-2.9263079341035336e-05,-0.0463859811425209,-0.08709261566400528,-0.046401187777519226,-0.030297290533781048,0.01879053935408592,0.044740110635757446,0.10240896791219713,-0.014037668704986572,0.06382637470960617,-3.042930075025652e-05,9.852844414126592e-06,0.024443311616778374,-0.038844294846057885,-0.031653527170419686,-0.008413509465754032,0.023466214537620544,0.013548635877668856,-0.017664484679698944,-0.0850072130560875,0.043310459703207016,-0.028635043650865555,0.0010209297761321068,0.0933462753891945,-0.12157434970140456,0.0006310565513558686,-0.014853584580123425,-0.031565114855766296,-0.02698427811264992,0.030582433566451073,0.07604625821113585,-0.06450225412845612,-0.11184963583946228,-0.051671702414751046,-0.04812486842274666,0.0008914572536014019,-0.12042494118213652,0.004537925589829683,0.05735880881547928,0.16098482906818387,-0.07812124490737915,-0.00183716812171042,0.05179358646273613,-0.06908238679170609,0.07547411322593689,0.0603233240544796,-0.03701496496796608,-0.0038593027275055647,-0.0548519678413868,-0.019023578613996502,-0.015900716185569763,-0.022385533899068832,-0.026996325701475143,-0.037809062749147415,0.05861116200685501,-0.08495371788740158,-0.06554173678159714,-0.07165949791669846,-0.058143213391304016,-0.03331484645605087,-0.051325172185897834,-0.0009697921341285107,0.05354168266057968,-0.0215168260037899,-0.03446348384022713,-0.03326401486992836,0.0019337907433509824,-0.032484620809555054,-0.012561137787997723,-0.03906376659870148,-0.015454239211976528,0.04673558473587036,0.07402922213077545,0.030796803534030914,-0.0948328748345375,0.006672450341284275,-0.013037175871431828,0.13697972893714905
0.07759375125169754,-0.008209262974560259,1.2494327847889508e-06,0.016414962708950043,0.042635072022676475,-0.11202919483184814,0.0937950536608696,0.019539831206202507,-0.006738704163581133,-0.01757117360830307,4.629477189155296e-05,0.08174888789653778,-0.003922129515558481,0.0,0.049336113035678864,-0.061521563678979874,0.08167630434036256,-0.06346409022808075,0.15763774514198303,0.03433792293071747,0.007698612753301859,-0.003731299424543977,0.0043186405673623085,-0.07115276157855988,-0.03794824704527855,0.0038756397552788258,-0.020084789022803303,0.044787731021642685,-0.11147019267082214,-0.012144015170633791,0.0567513182759285,-0.05072203651070594,-0.01711881533265114,-0.013839957304298876,-0.00305881560780108,-0.08340881019830702,-0.025983018800616264,-0.05229992419481277,-0.0029822436627000566,-0.060312651097774506,0.12411090731620789,-0.008556661196053026,-0.0009594691800884902,-0.05352337658405304,-0.02176833152770996,0.04169220104813576,-0.003463217755779624,-0.020140493288636208,-0.02891906909644604,-0.06795895099639893,-0.04100280255079269,0.016181956976652145,-0.1870891749858856,-0.02209314703941345,-0.026107428595423695,-0.06406079977750778,0.05723934993147849,-0.024964787065982815,0.06339552253484726,-0.034585051238536835,0.0012243671808391807,-0.054799679666757584,-0.020132962614297863,-0.0026767998933792114,-0.019128877669572834,0.0440332368016243,-0.12223952263593672,-0.0855982229113579,-0.002756191184744239,0.056698836386203766,-0.024383682757616043,0.002123777056112885,0.05585910007357597,0.03887606039643288,-0.0017989049665629864,-0.10424405336380003,-0.0653175413608551,0.04003174975514412,0.05140127241611481,-0.049467217177152634,-0.0499117486178875,-0.06488610059022903,-0.0030992748215794563,0.08767426013946533,-0.0035736421123147006,-0.12276525050401688,0.1221710816025734,-0.05357601493597031,0.10071756690740584,-0.038458213210105896,0.03389190882444382,0.10523653030395508,-0.04343279451131821,-0.031393423676490784,-0.016110438853502274,0.08750610053539276,-0.053504880517721176,0.011340531520545483,-0.07962030917406082,0.03588756546378136
0.00024646395468153054,-0.003608351806178689,-0.05576776340603829,-0.034049082547426224,-0.03512394055724144,0.015147171914577484,0.03965932130813599,0.03655007481575012,0.04382840916514397,-0.0059799132868647575,-0.034106578677892685,-0.0005678737070411444,0.030135564506053925,0.049336113035678864,0.0,-0.0017019744263961911,-0.04069153219461441,-0.03798942267894745,-0.03390280157327652,-0.06950698792934418,0.11058582365512848,-0.03272722661495209,-0.005273220129311085,-0.05987488105893135,-0.07538015395402908,-0.007430941332131624,0.021471468731760975,0.0774371400475502,0.035070858895778656,0.12520642578601837,0.02211259678006172,-0.0039812345057725915,-0.04241976141929626,-0.10217421501874924,0.053360465914011,-0.02980800159275532,0.04475312680006027,-0.007268018089234831,0.062480151653289795,-0.022152094170451164,-0.014018029905855656,0.03995839878916741,-0.010628518648445606,-0.0056739412248134604,-0.04138745367527008,0.005853299051523209,-0.08833608031272888,-0.0479392446577549,0.045518483966588974,-0.08048452436923981,0.06793177872896193,-0.00255527812987566,-0.007076989393681288,-0.01509920973330736,-0.038066022098064416,-0.10492802411317824,-0.06244833767414093,0.007546083070337772,0.05787635967135429,-0.0808778628706932,0.04271664097905159,0.002914588199928403,-0.05313748121261597,0.023600339889526367,0.11811513453722,0.07395862787961958,0.06744444370269775,-0.12420491129159927,0.018309159204363823,0.03176611661911011,0.046510614454746246,-0.1239444389939308,-0.029151216149330136,-0.05017043650150299,-0.015861239284276962,0.02087795361876488,0.006065526511520147,0.06594956666231155,-0.04780281707644463,-0.04809826985001564,0.053070276975631714,-0.0032494536135345697,-0.0512198880314827,0.025098437443375587,-0.02734151855111122,0.07968469709157942,0.12994718551635742,-0.000909666530787945,-0.022027563303709034,-0.00041726673953235144,0.00260206637904048,0.0013054501032456756,-0.043304488062858575,-0.011275654658675192,-0.031201642006635662,0.017372801899909973,-0.012344217859208584,-0.036682914942502975,0.011512131430208685,-0.07190125435590744
-0.02746651694178581,-0.055948782712221146,-0.03670843690633774,-0.006097273901104927,-0.04526223987340927,-0.06450370699167252,0.07598071545362473,-0.10229983925819396,-0.010064451955258846,0.0016434103017672896,-0.056434601545333855,-0.03740773350000381,-0.0020948499441146846,-0.061521563678979874,-0.0017019744263961911,0.0,-0.005478675477206707,-0.04395009204745293,0.06424080580472946,-0.0972331464290619,0.069261334836483,0.1225905492901802,0.09280092269182205,1.0237851711281108e-05,-0.06797997653484344,0.07868199050426483,-3.177130201947875e-05,-0.07211620360612869,-0.0026935311034321785,-0.0014285544166341424,-0.12900392711162567,0.1334487944841385,0.1279277503490448,-0.1150880604982376,0.017278943210840225,0.04142531752586365,-0.045723076909780495,-0.052787583321332925,0.002282647183164954,0.023207349702715877,0.049925580620765686,-0.08157936483621597,-0.030856557190418243,-0.02351520210504532,0.028063105419278145,-0.08250635117292403,-0.1337967813014984,4.6137956815073273e-05,-0.0948554128408432,0.010720620863139628,0.04021944850683212,0.099429190158844,0.06024714559316635,9.620888158679008e-05,-0.05491175502538681,0.08795077353715897,0.05900048092007637,0.008810822851955889,0.06538953632116318,-0.024585366249084473,0.04325952008366585,-0.09449826925992963,-0.01781485788524151,0.027333635836839676,-0.00024301515077240765,0.00924859941005707,0.03116150572896004,6.47564374958165e-05,-0.14210747182369232,0.04188399016857147,-0.005686731543391943,-3.2445859687868506e-05,-0.006065453868359327,-0.04583469033241272,0.045563876628875725,-0.1731394529342651,-0.030835099518299103,0.0020516845397651196,-0.0833800435066223,0.008365524001419544,-0.02503356710076332,-0.04597247391939163,0.0018399830441921947,0.03741630166769028,6.057637165213238e-07,0.05002341791987419,0.0372699610888958,-0.029767531901597977,-0.04467198252677917,0.02185995690524578,9.20835154829547e-05,-0.07792777568101883,-0.08684384077787398,0.08248185366392134,0.0014213992981240151,4.3688305595424026e-05,-0.04808339104056358,-2.0544843209791e-05,0.031294215470552444,0.13087990880012512
-0.05668151006102561,0.017609961330890656,-0.002113636815920472,-0.0040146447718143454,0.04361414909362793,-0.048829864710569375,-0.0003312196349725127,-0.01379456091672182,0.019439904019236565,0.018964171409606934,0.02456343360245228,-0.11855220049619675,0.03538421541452408,0.08167630434036256,-0.04069153219461441,-0.005478675477206707,0.0,-0.12879279255867004,0.06053521484136581,0.0186199638992548,-0.023110231384634968,0.00992261152714491,-0.09142220765352248,0.08696293085813521,0.097190760076046,-0.04441528767347336,0.028685821220278736,-0.050593879073858254,0.03470052778720856,-0.07080342620611191,-0.017081227153539658,-0.015039630234241484,-0.01719745062291622,0.04666315019130706,-0.06060042604804039,0.01919049210846424,0.031486306339502335,-0.13419847190380096,-0.03784522414207458,0.009531117044389248,0.014701394364237784,-0.0070893592201173306,0.007098573260009289,-0.005537296645343304,-0.04681640863418579,0.03292987495660782,-0.032528478652238846,-0.11174456775188446,0.020062826573848724,-0.02189195342361927,-0.04078612476587296,0.00746841775253415,0.001576184993609786,-0.14682239294052124,0.05356289446353912,-0.018515504896640778,-0.027268705889582637,-0.00861805398017168,-0.04897628724575043,-0.01566391810774803,0.0016296816756948829,0.022832570597529408,-0.008321960456669329,0.0008803866803646087,-0.023733951151371,0.019500978291034695,0.05358497425913811,0.031514640897512436,0.0026804429944604635,-0.019419556483626366,0.034226562827825546,-0.005461304448544979,-0.021661335602402687,-0.0008010998135432602,-0.017508726567029953,0.000917866942472756,-0.06312735378742218,0.059600163251161575,0.060137033462524414,0.07370019704103468,0.005970258731395006,-0.017259491607546806,0.027906740084290504,-0.051878295838832855,0.03692648932337761,0.032407063990831375,-0.0316426046192646,-0.007652246858924627,0.001720490981824696,-0.023161593824625012,-0.02796211466193199,-0.027856186032295227,-0.11798887699842452,-0.01173111330717802,0.06123117730021477,-0.09403064101934433,0.009199596941471102,-0.03332237899303436,0.006716078147292137,-0.0721537172794342
0.00893685966730118,0.15486590564250946,-0.07624137401580809,-0.06243155896663666,-0.015753142535686493,-0.05550907552242279,-0.04012757167220116,0.191944882273674,0.041680704802274704,0.026449671015143394,-7.254554657265544e-05,-0.10449056327342988,-0.004771089181303978,-0.06346409022808075,-0.03798942267894745,-0.04395009204745293,-0.12879279255867004,0.0,0.09556125849485395,0.034568194299936295,-0.005572719499468803,0.05309147387742996,0.12538258731365204,0.06683272123336792,0.0863775759935379,-0.0006496798014268279,-0.05706372112035751,-0.008057970553636553,-0.0235358402132988,-0.01747901923954487,0.034480638802051544,-0.018318297341465953,-0.09123767912387849,0.11183231323957445,0.03030572645366192,0.02499639429152012,-0.024718189612030983,-8.798571070656179e-05,0.005065019708126783,0.0060399011708796016,-0.07054059207439423,-0.04347261413931847,0.03060002811253071,-0.013817072845995426,0.01985189877450466,-0.004597545601427555,-0.044529907405376434,-0.06495451927185059,0.0011325222440063951,-0.01739172451198101,0.047962974756956094,-0.06013577431440353,0.05351173877716064,0.05308524519205093,-0.032070502638816833,0.06665299087762833,-0.08377943933010101,-0.04879198223352432,-0.03595065325498581,-0.07623755931854248,0.017267443239688873,-0.013816151767969131,0.05090520158410072,0.015878114849328995,-0.08490677922964096,-0.07935541123151779,-0.08826863765716551,-0.0005249526584520936,0.030565598979592323,0.126264750957489,-0.025277895852923397,-0.056559134274721146,-0.029068006202578545,2.1424877559184097e-05,-0.017852643504738808,-0.0116802966222167,3.269423541496508e-05,-0.021240705624222755,-0.0452921949326992,0.021398443728685376,-0.016150299459695816,0.007534398231655358,-0.0005730948760174215,-0.056432001292705536,-0.08485737442970276,0.08666033297777176,-0.06170666217803955,-0.04316011071205139,0.09295494854450224,-0.017304863780736923,-0.011735038831830025,-0.13380706310272217,-2.3017097191768695e-05,0.012399869970977306,0.01170705072581768,0.05165822803974152,0.032229050993919366,-0.009394139051437378,-0.06802427768707275,-0.05761852487921714
0.004218921530991793,-0.09939890354871747,0.034752003848552704,-0.009257436729967594,-0.05367721244692802,-0.0020732423290610318,-0.032958514988422394,-0.06354575604200363,-0.019716287031769753,-0.006663006264716387,-0.07290831953287123,-0.052338827401399605,-0.007071143016219139,0.15763774514198303,-0.03390280157327652,0.06424080580472946,0.06053521484136581,0.09556125849485395,0.0,-0.08521103113889694,0.06522034853696823,-0.003682003356516361,0.06725671142339705,-0.04260820895433426,0.003894391935318709,0.03859050199389458,-0.01407120656222105,0.009567919187247751,-0.0929027646780014,-0.012795236892998219,-0.1177285760641098,0.06292556971311569,-0.06599751114845276,0.04359255731105805,-0.13988874852657318,-0.08194562792778014,-0.04888179153203964,-0.0016113092424347997,-0.010155997239053248,-0.0008484047139063476,-0.060483310371637344,0.004568134434521198,0.04457029700279236,-0.049161165952682495,0.013752096332609652,0.0061695268377661705,-0.04628770053386688,-0.06120290979743004,0.06493598967790604,0.01990029029548168,0.03465909883379936,-0.05678865686058998,-0.011457878164947031,0.04783511906862258,0.002287793438881636,0.06786441057920456,-0.012353258207440376,-0.03416604548692703,0.0293047409504652,0.06328251957893372,-0.015942921862006187,-0.04877019301056862,-0.017117276787757874,-0.1026855930685997,0.06539163738489151,0.06721056997776031,-0.029121022671461105,0.09438057988882063,-0.005883147940039635,0.0035384627990424637,-0.0022291834466159344,-0.011784680187702177,0.010240456089377403,-0.024597035720944405,-0.0313958153128624,-0.020336829125881195,0.06963132321834564,-0.05765479803085327,-0.18717870116233823,0.00025104248197749257,0.030814705416560173,0.02116197161376476,-0.025168064981698986,-0.09383630752563475,0.07094480842351913,0.02214036695659161,0.014882880263030527,0.09271381050348282,0.03754285350441933,-0.01631300337612629,0.01014154963195324,0.028315022587776184,0.08697764575481415,-0.060091551393270486,-0.08636826276779175,0.00016278903058264405,0.03938677906990051,-0.05189292132854462,-0.025097323581576347,0.020998794585466385
