0,1,2,3,4,5,6,7,8,9,10,11,12,13,14,15,16,17,18,19,20,21,22,23,24,25,26,27,28,29,30,31,32,33,34,35,36,37,38,39,40,41,42,43,44,45,46,47,48,49,50,51,52,53,54,55,56,57,58,59,60,61,62,63,64,65,66,67,68,69,70,71,72,73,74,75,76,77,78,79,80,81,82,83,84,85,86,87,88,89,90,91,92,93,94,95,96,97,98,99
0.0,0.07718119770288467,-0.06434028595685959,0.0012321934336796403,0.0001871643180493265,-0.015721995383501053,0.024357002228498455,-0.019586835056543354,0.05421416461467743,0.0020368662662804127,0.050838444381952286,-0.15119996666908264,0.024567998945713043,-0.04708438739180565,0.00871437508612871,-0.010350543074309824,0.019868116825819012,0.004773296415805817,0.060482144355773926,-0.041114520281553275,0.06586422771215439,0.06266015022993088,-0.009059823118150234,-0.02415628172457218,0.05539937689900398,0.07423865795135498,0.01330236718058586,-0.11059239506721497,0.1037936359643936,-0.085192009806633,-0.0656304806470871,0.0006604889640584588,-0.07544828951358795,-0.022358350455760956,-0.021490778774023056,0.021784383803606037,-0.0004629603354260325,0.058985285460948944,0.0016058689216151831,-0.02185428515076637,-0.0247888807207346,-0.07043363153934479,-0.010181768797338007,0.02543436922132969,-0.029871929436922077,-0.035877399146556854,0.04963077232241631,-0.0017118053510785103,-0.10158262401819228,-0.08111070096492766,0.07748371362686157,0.1192370057106018,-0.05121089145541191,-0.10119082778692244,-0.0129505293443799,-0.04035070911049842,0.0008171605295501649,-0.05110867694020271,0.07442406564950944,0.07251308858394624,-0.05657470226287842,0.030926790088415142,-0.022253254428505898,0.0024938187561929226,-0.10262008011341094,-0.003124438226222992,-0.0085908193141222,-0.0028600268997251987,-0.03642982617020607,-0.1293254196643829,0.0039394781924784175,0.04425494372844696,-0.005532751325517893,0.004798183683305979,-0.04538613185286522,-0.023965585976839066,-0.10690604895353316,-0.0311421062797308,-0.03086013905704021,0.060151733458042145,-0.0028205234557390213,-0.02582438290119171,-0.07127869874238968,0.02535859122872353,-0.09201595187187193,0.0033776690252125263,0.03803158923983574,0.11679638922214508,0.00047455207095481455,-0.010182848200201988,-0.05714810639619827,-0.10342957079410552,0.041419435292482376,0.07872600108385086,-0.09233190864324568,0.09758976846933363,-0.02816885709762573,0.11883790791034698,0.02537723258137703,-0.032385773956775665
0.07718119770288467,0.0,0.023454580456018448,0.0524362176656723,0.0462118275463581,-1.2706511370197404e-05,-0.04509261250495911,0.003404879244044423,-0.02427946031093597,0.12022094428539276,-0.0629032701253891,0.039174675941467285,-0.0001827846135711297,-0.03317603841423988,-0.08506561815738678,0.09107336401939392,0.002833268139511347,-0.07845909893512726,-0.024107880890369412,0.04419850930571556,0.02333754859864712,-0.029846126213669777,0.041863851249217994,-0.028171725571155548,-0.05180054903030396,-0.0971841886639595,-0.014766667038202284,-0.01221671886742115,-0.08411362022161484,-0.0678023248910904,-0.08504602313041687,0.07202132791280745,0.0025806929916143417,-0.06639184802770615,-0.0040817828848958015,0.016956204548478127,-0.06169627979397774,-0.039151571691036224,-0.03746344149112701,-0.05579039454460144,-0.005849424283951521,-0.004804788623005152,0.03698069229722023,0.042145859450101845,-0.04287408664822578,-0.00822421070188284,0.02005210891366005,-0.0005228968220762908,-0.07456901669502257,0.0028795069083571434,-0.05808399245142937,0.15198296308517456,-0.014938559383153915,0.002426903694868088,0.017299216240644455,0.033328309655189514,-0.03926629573106766,-0.10128407925367355,0.023653270676732063,-0.034664452075958245,0.0033181621693074703,-0.03468995913863182,-0.02202298119664192,0.0302372258156538,0.05785982683300972,-0.04180102050304413,-0.02917733043432236,0.006487059872597456,0.02191462367773056,0.09405147284269331,0.02228435128927231,-0.04914082959294319,0.0008988211047835648,0.025725187733769417,-0.04434341937303543,-0.002458523260429501,0.014998111873865128,-0.05222651734948158,0.06799133121967316,0.004569388460367918,-0.07016481459140778,0.01401005871593952,-0.0562039241194725,-0.004916816018521786,0.06053156033158302,-0.01886776462197304,-0.06426983326673508,0.03435716778039932,0.01657877489924431,0.030656592920422557,-0.021774556487798687,-0.01815696246922016,0.001199359423480928,-0.016853053122758865,0.01192596275359392,-0.057125523686409,0.014669681899249552,-0.12013683468103407,0.01012119185179472,-0.0651669129729271
-0.06434028595685959,0.023454580456018448,0.0,0.003558423370122909,-0.02683320827782154,0.04119629040360451,-0.03152630478143692,-0.03911971673369408,0.024017782881855965,-0.04591725394129753,0.03430585563182831,0.0036085366737097506,-5.8769128372659914e-05,0.10416041314601898,0.036073938012123115,0.01631174609065056,-0.06150658801198006,0.021133624017238617,-0.0524916909635067,0.03277084603905678,-0.09024897962808608,0.06045101955533028,-0.10780652612447739,0.07985258847475053,-0.00024549473891966045,-0.05363378301262856,0.01030241884291172,-0.05935627594590187,-0.036282867193222046,0.013949647545814514,-0.00012956013961229473,-0.034771014004945755,-0.07781271636486053,-0.03819180652499199,0.034074876457452774,-0.03371447324752808,-0.018003903329372406,0.002217541448771953,-0.06040191277861595,-0.003268161090090871,-0.03024178557097912,0.0005668122903443873,-0.08087828010320662,0.044924959540367126,0.0017005281988531351,0.04803622141480446,-9.80927416094346e-06,-0.006453291978687048,0.008371526375412943,-0.05360051617026329,0.13653740286827087,-0.030132610350847244,0.01888830959796905,-0.06750436127185822,-0.0007451245910488069,-0.0961168259382248,0.04256077855825424,0.009149837307631968,-0.08240458369255067,0.0497867614030838,-0.005535346921533345,0.004895562306046486,-0.005723717156797648,-0.08203751593828201,-0.0203669685870409,-0.03537270799279213,-0.024293506518006325,-0.0495542585849762,0.1355169266462326,-0.05068320780992508,0.01018807664513588,-0.013712045736610888,-0.12064206600189208,-0.07719927281141281,0.03661603108048439,-0.01155258808284998,0.10940462350845336,-0.023552481085062024,-0.124386727809906,0.027829091995954517,-0.09103275090456009,0.004659988917410374,-0.04125865921378136,0.0003831513749901205,-0.03617560863494873,-0.007736085448414086,0.07437897473573683,-0.04837648943066597,0.020242907106876373,0.030428459867835045,0.026845935732126236,0.000865859561599791,0.02372727356851101,-1.5428516917381785e-06,-0.04261144250631332,-0.03345306217670441,0.027417922392487522,0.006127916742116213,-0.008813203312456608,-0.022756246849894524
0.0012321934336796403,0.0524362176656723,0.003558423370122909,0.0,0.02497374266386032,-0.034995634108781815,0.011347974650561808,-0.029560418799519535,-0.07460230588912964,-0.04264283552765846,-0.022078862413764,-0.016183579340577126,0.035050079226493835,-0.001783352461643517,0.07401180267333984,0.041478231549263,-0.023398589342832565,-0.023166069760918617,-0.027722276747226715,-0.02423980087041855,0.0026462930254638195,0.0062410105019807816,-0.0687125027179718,-0.04962607100605965,0.01980924047529697,-0.0006845927564427257,-0.03752078860998154,0.0005185457412153481,-0.05104932188987732,0.028059232980012894,-0.024199798703193665,-0.04615916684269905,-0.0562559962272644,-0.02009115926921368,0.014464947395026684,-0.0001157437072834,0.01428319327533245,-0.011898876167833803,0.0158223919570446,-0.035312484949827194,0.020937589928507805,-0.029736889526247975,-0.02361787296831608,0.0007352106040343641,0.008999913930892944,-0.0005289008258841932,0.024862051010131836,-0.053110752254724496,-0.000645807187538594,-0.006184325087815523,-0.003858045674860477,-0.10121123492717742,-0.04278162121772766,0.014189092442393301,-0.06810881942510605,0.04875496029853821,0.03886695951223373,0.05106966942548752,0.004206986166536808,-0.009876674972474577,-0.044828906655311584,-0.006582934409379959,-0.02954676002264023,0.032782137393951416,-0.08581682294607161,-0.004892759956419468,-0.024605210870504376,0.008985851891338825,-0.04018132761120796,-0.002037656726315617,-0.007380914874374866,-0.002204584889113903,-0.022762602195143696,0.021523412317037582,-0.002084376057609916,0.0013963510282337663,0.004671455826610327,0.03501208499073982,-0.022582119330763817,0.0023919816594570875,0.03945344686508179,-0.019597856327891346,-0.00048439548118039966,-0.027117040008306503,0.035968322306871414,-0.062221020460128784,0.035167694091796875,-0.04311690852046013,-0.052579771727323525,-0.021869054064154625,0.03507891297340393,-0.05566546320915222,-0.05712192505598068,-0.02053685672581196,-0.009957371279597282,-0.045085377991199486,-0.026405762881040573,-0.019692204892635345,-0.00029825951787643135,0.07007113844156265
0.0001871643180493265,0.0462118275463581,-0.02683320827782154,0.02497374266386032,0.0,0.011703502386808395,-0.007058987393975258,0.007951528765261173,0.02591969259083271,0.02885591983795166,0.00972932018339634,-0.05030414834618568,-0.07437237352132797,-0.04721566662192345,-0.03873712196946144,-0.08261319994926451,0.007732749450951815,0.006706728599965572,-0.037701595574617386,0.03626851364970207,-0.03522457182407379,0.006276431959122419,-0.04446770250797272,0.03035838156938553,0.006263720337301493,0.026001619175076485,0.008096144534647465,-0.02772804349660873,0.03591618314385414,0.003518698737025261,0.006960076745599508,-0.019719550386071205,-0.008273537270724773,-0.032146234065294266,-0.0006969257374294102,0.0008920580730773507,0.010071615688502789,-0.060728345066308975,0.0362233854830265,-0.007824179716408253,-0.030875850468873978,-0.04645221307873726,0.03251964598894119,-0.019406581297516823,-0.036747947335243225,0.03682177513837814,-0.030882107093930244,-0.03243932127952576,-0.013140236958861353,-0.016898954287171364,-0.0008542726864106953,-0.034863099455833435,0.003366513177752495,0.009744212962687016,0.03724068030714989,-0.08356431126594542,-0.049493718892335885,-0.02783625200390816,-0.01801643334329128,-0.056548073887825005,0.06659583002328873,-0.010180392302572727,-0.025513241067528725,-0.014078089036047459,0.0305983517318964,0.023747116327285767,-0.0353400819003582,0.022485440596938133,-0.06905088573694229,0.0411699153482914,-0.058497905731201165,-0.031760841608047485,0.025436896830797195,0.010105438530445097,-0.03361041843891144,-0.06441935151815414,-0.03315291181206703,-0.025424113497138023,0.008301987312734127,-0.022038064897060394,0.045257974416017525,-0.020974483340978622,-0.004852892830967903,-0.031737640500068665,-0.06531154364347458,0.041830770671367645,0.028242381289601323,-0.06333450227975845,-0.06581572443246841,-0.027586016803979877,-0.04886789619922638,0.04633967578411102,-0.050334013998508446,0.016670987010002136,0.013929305598139761,0.04193582758307457,-0.03126785159111023,0.034963641315698624,-0.01254402846097946,0.010310311801731586
-0.015721995383501053,-1.2706511370197404e-05,0.04119629040360451,-0.034995634108781815,0.011703502386808395,0.0,0.004945917520672082,0.007896963506937027,0.04047005996108055,-0.010161536745727062,-0.09095820039510728,-0.05043075233697891,0.09921623766422272,-0.028155915439128876,0.016098828986287117,0.004345631692558527,0.010277707129716871,0.018161939457058903,0.022822454571723935,0.03126993775367737,-0.05214835330843925,-0.0565280020236969,0.036643650382757194,0.028875637799501416,-0.04303136095404625,0.0032449606806039806,-3.0208690077415667e-05,-0.025870779529213905,-0.0058267032727599135,0.13742482662200928,-0.04555657505989075,-0.05456310510635376,-0.01063290238380432,0.011892893351614475,-0.0843026265501976,-0.07376921921968461,0.0019923816435039043,0.1222034841775894,-0.012089260853827,-0.01399266067892313,0.004252104088664055,0.05011584237217903,-0.0052947248332202435,-0.03739219903945922,-0.053399048745632165,-0.08209075033664702,0.13829433917999268,-0.14224661886692047,0.014764399267733095,-0.05323991551995277,-0.09037429094314577,0.010211057960987093,-0.09466597437858579,0.04303460195660591,0.17168618738651276,0.15503303706645963,-0.032690905034542084,-0.07269927114248276,-0.05097772181034088,-0.05487552657723426,-0.08811020106077194,0.01148015819489956,0.020649589598178864,0.018191719427704808,-0.0964401513338089,-0.02249106951057911,0.016273023560643196,-0.023865744471549988,-3.7569010601146153e-05,-0.03986582905054093,-0.023543342947959896,0.004342192318290472,0.06609657406806946,-0.012800266966223717,-0.011474443599581718,-0.012800535187125204,0.05194832757115364,-0.00027670126291923225,-0.05554374307394028,-0.06015016883611679,-0.04374888539314271,-0.03271601349115372,0.094265416264534,-0.026758065447211266,-0.03261716291308403,-0.008936813101172447,0.08614162355661392,-0.0019733747467398643,-0.05439360067248344,0.011362294666469095,-0.04097680747509003,-0.03528877720236778,-0.003556218696758151,0.02703676000237465,-0.0372902937233448,-0.003283642465248704,-0.012753737159073353,-0.07371433824300766,0.05223048850893974,0.024319007992744442
0.024357002228498455,-0.04509261250495911,-0.03152630478143692,0.011347974650561808,-0.007058987393975258,0.004945917520672082,0.0,-0.018795097246766087,0.021335935220122337,0.015385353937745094,-0.013311672024428844,0.023427681997418404,-0.01593766175210476,-0.09119503200054167,0.020532727241516117,0.0436493381857872,0.03009645454585552,-0.020489390939474102,-0.07397035509347916,-0.054597273468971246,0.06295289099216461,-0.00012580266047734767,0.01342189684510231,-0.009867308661341667,0.02813979983329773,0.04520378261804581,-0.04944998398423194,-0.09119115769863129,0.0005038621602579951,-0.06558672338724136,-0.004008699208498001,-0.04596789181232452,0.009088588878512383,-0.04535850882530213,-0.02811912633478641,-0.05264843255281448,-0.0732825919985771,0.05738532170653343,-0.027032293379306797,-0.010883080773055552,0.03784424066543579,-0.026353077962994572,-0.006980126723647118,-0.07416904717683792,0.015935413539409637,0.09190926700830461,-0.04333911463618279,0.08116216957569121,0.058877527713775635,-0.05627913773059845,-0.03980801999568939,0.04541167989373207,-0.043354809284210205,-0.014208302833139896,0.0015637236647307873,-0.09169062972068785,-0.04541539028286934,-0.02133247256278992,-0.043909937143325806,-0.011691302992403507,-0.03980590030550957,0.008636808022856712,-0.011554747819900513,-0.09254469722509384,0.047842059284448624,-0.01579941436648369,0.013423552736639977,0.015773911029100418,0.0046636732295155525,0.04296451434493065,-0.037070270627737045,-0.08580738306045532,0.0012388128088787198,0.030762022361159325,0.002781252609565854,0.04297885671257973,-0.01768665201961994,0.05698797106742858,-0.04647054523229599,-0.00792695488780737,-0.022445835173130035,-0.036010872572660446,-0.0005536124808713794,-0.02058965899050236,-0.05442072451114655,0.12005819380283356,-0.021638549864292145,0.0024571153335273266,0.016328174620866776,-0.007942406460642815,0.035022079944610596,-0.002059149788692593,0.024442447349429127,-0.06624823063611984,-0.030196454375982285,0.029346350580453873,-0.051489420235157006,-0.07626110315322877,0.007990207523107529,-0.004805566277354956
-0.019586835056543354,0.003404879244044423,-0.03911971673369408,-0.029560418799519535,0.007951528765261173,0.007896963506937027,-0.018795097246766087,0.0,0.00833498127758503,-0.018172316253185272,-0.00037613738095387816,-0.014277098700404167,-0.0944606065750122,0.07356329262256622,-0.02646155655384064,0.057314209640026086,0.0036052325740456577,0.08829353004693985,0.050363119691610336,-0.010708282701671124,0.07968990504741667,-0.05748655274510384,0.019894074648618695,-0.04273495450615882,0.020830411463975903,0.09882047027349472,-0.08905453234910965,0.1060371994972229,-0.0756145641207695,-0.022495297715067863,-0.024517677724361416,0.004101975355297327,0.005318822339177132,-0.043999392539262765,-0.036014392971992486,-0.019993357360363007,0.009800842031836508,-0.08719691634178162,0.019074616953730583,0.04256817698478699,0.032955661416053765,-0.06114814430475234,-0.09261723607778548,-0.02087012864649296,-0.03870515152812004,-0.0446256659924984,-0.06435760855674744,0.08057368546724318,0.031200507655739784,-0.11791569739580154,0.012093140743672848,-0.0007705730968154967,-0.07690240442752838,-0.010200566612184048,0.029474465176463127,-0.03278898075222969,0.033274974673986435,0.023079264909029007,-0.04049726948142052,0.004034035839140415,-0.01841007731854916,0.06439943611621857,0.03143913671374321,-0.07623526453971863,3.404842209420167e-05,-0.002599950646981597,0.034706976264715195,0.011821926571428776,-0.03971765935420989,-0.10423588752746582,-0.05647488683462143,-0.02105502039194107,7.004832150414586e-05,-0.030537612736225128,-0.040104709565639496,-0.024331118911504745,-0.060762397944927216,-0.00024849854526109993,0.032528795301914215,0.05997717007994652,-0.0617593489587307,-0.030622778460383412,0.056423049420118325,0.024396788328886032,3.242073034925852e-06,0.02239278331398964,-0.006453663110733032,-0.009995203465223312,0.0007704144227318466,0.052304625511169434,-0.019545497372746468,-0.05207844451069832,-0.07847646623849869,-2.947121720353607e-05,-0.01290523074567318,-0.05010415241122246,0.0761355385184288,-0.06408792734146118,-0.005928124766796827,-0.09389397501945496
0.05421416461467743,-0.02427946031093597,0.024017782881855965,-0.07460230588912964,0.02591969259083271,0.04047005996108055,0.021335935220122337,0.00833498127758503,0.0,0.04044706746935845,-0.023267023265361782,-0.0354345366358757,-0.013269506394863129,-0.027987603098154068,-0.03984859585762024,-0.014619745314121246,-0.0249873548746109,-0.1148359477519989,-3.0180701742210654e-06,-0.05021284893155097,0.01272438745945692,0.10630062967538832,-0.03201970458030701,-0.03762383759021759,-0.051796067506074905,-0.060184955596923835,0.027261957526206967,0.05611467361450195,-0.055510200560092926,-0.06319665163755417,-0.03627938404679298,0.0346909835934639,-0.014339735731482504,0.03405393660068512,5.166021583136171e-05,0.10817247629165648,-0.04680892080068588,0.029231907799839973,-0.08331499248743057,0.02640153840184212,-0.03782666102051735,0.05278678238391876,-0.0023629828356206417,0.00012779106327798215,-0.05040379613637924,0.0001981685345526785,-0.04338018223643303,-0.07631077617406845,0.07415774464607239,-0.019260793924331665,-0.010058480314910412,-0.04166973754763603,-0.03211461007595062,0.009994510561227798,-0.04394622519612312,0.1217374801635742,-0.02149745263159275,0.1564698964357376,-0.0005656706052832305,-0.009436236694455145,0.02428380027413368,0.021108077839016914,0.05026887357234954,-0.04779486358165741,-0.01970224641263485,-0.05763448774814606,-0.03331036865711212,-0.016156358644366264,0.07005886733531952,0.03017185069620609,-0.008408606983721256,-0.047638457268476486,0.0515601709485054,-0.004038889426738024,-0.05756983533501625,0.046051353216171265,-0.040591102093458176,0.030760718509554863,-0.1393425166606903,0.02928956411778927,0.055393531918525696,-0.020389433950185772,-0.12252281606197356,-0.05579467862844467,-0.02368325926363468,-0.03705940395593643,-0.1345067322254181,0.015445691533386707,-0.09063351154327393,0.050013318657875054,0.115191750228405,0.04056968912482262,-0.053016413003206246,-0.03332960605621338,0.028147587552666664,0.02183576487004757,0.011602822691202164,0.012008026242256165,-0.026883667334914207,0.03780796006321907
0.0020368662662804127,0.12022094428539276,-0.04591725394129753,-0.04264283552765846,0.02885591983795166,-0.010161536745727062,0.015385353937745094,-0.018172316253185272,0.04044706746935845,0.0,0.10580997914075851,0.11093905568122864,-0.0578191801905632,-0.057124447077512734,0.006870517507195473,-0.00961521826684475,-0.07841718941926956,-0.009963927790522575,0.043334465473890305,0.08379273116588593,0.00026735212304629385,-0.03094170428812504,0.042938992381095886,-0.04325221851468086,0.045310534536838525,0.03742187097668648,-0.02370606735348701,0.02920643799006939,0.014082463458180428,-0.01672857441008091,-0.041330166161060326,-1.1452030776126776e-05,-0.06458207219839096,0.00015559332678094506,0.030613794922828674,-0.0267996396869421,-0.07740560919046403,0.07823141664266585,0.0032974653877317905,-0.00384711055085063,-0.06425348669290543,-0.0673585757613182,0.07155413180589676,-0.02559665217995644,0.05829399824142456,0.0007644055876880883,8.720919868210329e-05,-0.028866933658719063,-0.005691489670425653,-0.009636329486966131,-0.0991908311843872,-0.09685370326042177,0.057612743228673935,-0.08851006627082823,-0.1228012666106224,0.08132538944482803,0.0244179368019104,0.00477069802582264,0.1279774308204651,-0.005514636170119047,-0.05424022674560546,0.029201151803135872,-0.011203031055629252,-0.01875738613307476,0.058805674314498894,-0.00048711296403780574,0.00994320213794708,-0.1709246039390564,0.019440744072198868,0.003267226042225957,-0.1416705846786499,-0.08832736313343048,0.10102849453687668,0.03818520531058312,0.0068485443480312816,-0.0011848177528008819,0.07904130965471268,-0.06236789375543594,0.02455277368426323,-0.00017655501142144203,-0.03583448752760887,0.004964131396263838,0.045854486525058746,0.05250401794910431,-0.06065626069903374,-0.060491874814033515,-0.010708835907280443,0.050057899206876755,-0.03766748309135437,0.004573160782456398,-0.08579859882593155,-0.0073606958612799644,-0.06985379755496979,-0.04477313533425331,-0.005296339746564627,-0.028850363567471504,-0.03232768177986145,0.0005730565171688795,-0.08992430567741394,0.07932663708925246
0.050838444381952286,-0.0629032701253891,0.03430585563182831,-0.022078862413764,0.00972932018339634,-0.09095820039510728,-0.013311672024428844,-0.00037613738095387816,-0.023267023265361782,0.10580997914075851,0.0,0.05473566055297852,0.03213431313633919,-0.014313946478068829,-0.014801218174397944,0.010122264735400677,0.014916004613041876,-0.04331720620393753,-0.056013073772192,-0.03450058773159981,-0.039613384753465646,-0.004198316019028425,-0.05777205154299736,0.006113691255450249,-0.025657363235950467,-0.002470842795446515,0.0013890311820432544,-0.08763422816991806,-0.02737059816718101,-0.03470206260681152,0.0018638549372553823,0.07300159335136412,-0.07672800868749617,0.007644828408956526,-0.07214649021625519,-0.018482102081179615,0.025461323559284207,-0.02604631520807743,0.01335008256137371,-0.06662842631340027,0.0468653067946434,-0.00027351413154974574,-0.058200489729642875,1.6389349184464663e-05,-0.001258078613318503,-0.055034101009368896,0.07916616648435593,-0.04572036117315292,0.07792423665523529,-0.06245160475373268,-0.028867533430457115,-0.015375284478068352,-0.04536428675055504,0.006449641659855843,0.012165180407464504,0.0504666045308113,0.04482707008719444,-0.0118569852784276,-0.02554510161280632,0.038146745413541794,-0.0408543199300766,-0.006462855730205774,-0.03799978271126747,-0.026865269988775253,0.08612680435180664,-0.042446915060281754,-0.014903956092894076,0.020012103021144863,0.013404179364442824,-0.0057562747970223435,0.06307482719421387,0.02235192432999611,-0.021133843809366223,-0.045666538178920746,-0.012671608477830887,0.04370497539639473,-0.04127033054828644,-0.0349615104496479,0.03266313672065735,-0.10865865647792816,-0.024725254625082013,-0.04601334035396576,-0.00856652483344078,-0.0038963651750236745,0.035426050424575806,0.0008631684468127787,0.052883733063936234,-0.09657102078199385,-0.050060544162988656,-0.0008704015053808689,0.02263962849974632,-0.07210205495357513,0.02363239787518978,0.00925962906330824,-0.030225936323404312,0.04393545165657997,0.03970478102564812,-0.0570589117705822,-0.08856102079153061,0.043209876865148544
-0.15119996666908264,0.039174675941467285,0.0036085366737097506,-0.016183579340577126,-0.05030414834618568,-0.05043075233697891,0.023427681997418404,-0.014277098700404167,-0.0354345366358757,0.11093905568122864,0.05473566055297852,0.0,0.03349284082651138,-0.033895205706357956,-0.04179080948233605,-0.106022909283638,0.09880033135414125,0.017847344279289246,0.0016641017282381652,0.0016311004292219875,0.02492312714457512,0.04300423711538314,0.09789820015430449,0.04804883897304535,-0.0017789765261113644,0.08845153450965881,-0.04669924452900887,0.0246152114123106,-0.0025049545802176,-0.06678716093301773,0.05320541560649872,-0.09028758853673936,-0.07266975939273834,-0.0858263447880745,0.004121732898056507,-0.009409203194081783,0.02129450999200344,-0.09761546552181245,-0.0885242223739624,0.12945708632469177,-0.03222496807575226,-0.02703428454697132,0.057185191661119454,0.02283867634832859,-0.1110653206706047,-0.0016615174245089293,-0.12068157643079756,-0.03560701385140419,0.0020419044885784388,0.005838530603796244,0.013693544082343578,0.03245462849736214,-0.02099761366844177,0.009803976863622664,-0.04488290473818778,0.0355314277112484,-0.03358743339776993,0.009695041924715042,-0.0650070309638977,0.0227722842246294,-0.013909878209233284,-0.04747335985302925,0.02788766287267208,0.04505803063511848,-0.03955364227294922,-0.07686487585306166,-1.1086955055361612e-05,2.873431412808713e-06,-0.036357007920742035,-0.035504210740327835,-0.07661034911870956,-0.0019352445378899572,0.046103961765766144,-0.07229097932577133,-0.011247373186051844,0.003721513785421848,0.0056242202408611774,0.10008107125759123,0.006135743111371994,0.016902659088373184,-0.0007368914084509014,0.046488113701343536,0.01397494412958622,-0.08436856418848036,-0.011953715234994888,-0.02574942260980606,0.03481120616197586,0.062284167855978005,-0.030333459377288815,-0.06701445579528809,0.019804775714874268,-0.07203556597232819,0.11026033759117126,0.035490475594997406,-0.002243983093649149,-0.038367193192243576,-0.07760813832283021,-0.03962266817688941,0.04214071482419968,-0.00484168715775013
0.024567998945713043,-0.0001827846135711297,-5.8769128372659914e-05,0.035050079226493835,-0.07437237352132797,0.09921623766422272,-0.01593766175210476,-0.0944606065750122,-0.013269506394863129,-0.0578191801905632,0.03213431313633919,0.03349284082651138,0.0,0.0986274927854538,-0.05376286059617996,-0.06388363987207413,0.05665310099720954,0.09765491634607315,-6.305407441686839e-05,0.01954535581171513,-0.16510519385337827,0.06100640445947647,0.03476318344473839,-0.0796404778957367,-0.06217369809746742,0.019723037257790565,8.083880675258115e-05,-0.0688278079032898,0.03558907657861709,-0.014534106478095055,-0.01827970892190933,0.013154353946447372,-0.00699866795912385,-0.09386043995618819,0.022121788933873177,-0.028948796913027763,-0.04776983335614205,0.001381524372845888,-0.020371142774820328,0.02160622179508209,0.05514242872595787,0.010476221330463886,-0.0575871579349041,0.020406823605298996,-0.02197700552642345,-0.025374572724103928,-0.026682544499635696,-0.025809768587350845,-0.09319059550762177,-0.007602501194924115,0.020734127610921856,0.020863190293312073,-0.11718899756669998,-0.012709333561360836,-0.074896439909935,0.04425833374261856,0.005919876974076033,0.003906979225575924,-0.038380276411771774,0.049782093614339835,0.02698114141821861,0.17546427249908447,0.05559760332107544,-0.041321497410535805,0.046850211918354034,0.05511682480573654,-0.02384243533015251,-0.08719988167285918,-0.041627202183008194,0.10676191002130508,0.054450441151857376,-0.04791701212525368,-0.05180349946022034,0.05198851227760314,-0.11626514047384262,-0.04294697940349578,0.029110742732882496,-0.013998897746205328,0.003949664533138275,-0.02798584848642349,0.0703008770942688,-0.032909590750932693,-0.03240358084440231,0.02852359972894192,-0.05689645186066628,0.03915951400995255,-0.03659457340836525,0.0009583946084603667,-0.0386858657002449,-0.03709582984447479,-0.03687888383865357,0.024257875978946682,0.03203422948718071,0.04867982491850853,-0.04693935438990593,0.025239812210202217,0.07528962194919586,-0.05700594559311866,-4.238791370880791e-05,-0.02027933299541473
-0.04708438739180565,-0.03317603841423988,0.10416041314601898,-0.001783352461643517,-0.04721566662192345,-0.028155915439128876,-0.09119503200054167,0.07356329262256622,-0.027987603098154068,-0.057124447077512734,-0.014313946478068829,-0.033895205706357956,0.0986274927854538,0.0,0.02456836402416229,-0.02894047647714615,0.06291959434747696,-0.057585876435041435,0.255952924489975,-0.021871693432331085,-0.002196961548179388,-0.015872428193688393,-0.013315016403794289,-0.002866255585104227,0.09937106817960739,-0.008467202074825764,-0.0028833996038883924,-0.07141870260238647,-0.060140710324049,0.0340944342315197,-0.09387012571096419,0.03515997901558876,-0.001446537091396749,-0.05408952385187149,0.03952992707490921,0.028603680431842804,-0.0041951690800488,0.05601058900356293,-0.03157242760062218,0.024846198037266728,0.020998738706111908,0.062284763902425766,-0.039089787751436234,0.008832163177430628,-0.08301659673452377,-0.0468326173722744,-0.1015801578760147,0.061851125210523605,0.03218191862106323,-0.015081017278134823,-0.0539931021630764,-4.501270814216696e-05,-0.0015582804335281253,-0.0038006880786269903,0.007549074478447436,-0.08040902018547058,-0.02087053656578064,-0.02830530516803265,-0.05587777867913246,-0.021089205518364903,-0.002845482900738716,-0.021317726001143452,-0.0862649381160736,0.04899602010846137,0.1198255866765976,0.04301888495683671,-0.02415913343429565,-0.06990645825862885,-0.035982999950647354,0.008679471909999846,-0.08441629260778427,-0.04576299339532852,-0.020308569073677063,-0.0124878054484725,0.036653205752372735,0.035224247723817825,0.03757194057106972,-0.09255791455507278,-0.021378211677074432,0.032903920859098434,0.027139263227581974,-0.029766943305730816,-0.033587705343961716,-0.002173730870708823,-0.03538145869970322,0.09862267971038817,-0.04264654591679573,-0.06488611549139023,-0.06166848167777061,-0.042599868029356,0.0699044018983841,0.021607492119073868,0.027662567794322968,-0.06547103077173233,-0.00045597617281600833,0.09803836047649384,0.0025655541103333235,0.013542905449867249,-0.03040219843387604,-0.0013934484450146556
0.00871437508612871,-0.08506561815738678,0.036073938012123115,0.07401180267333984,-0.03873712196946144,0.016098828986287117,0.020532727241516117,-0.02646155655384064,-0.03984859585762024,0.006870517507195473,-0.014801218174397944,-0.04179080948233605,-0.05376286059617996,0.02456836402416229,0.0,-0.06991240382194519,-0.01479495596140623,-0.011696256697177885,-0.004911881871521473,-0.03734436631202698,0.08069729804992676,-0.09013476222753523,-0.019544793292880055,-0.013432665728032587,-0.06399554014205933,0.013955742120742796,-0.0556812658905983,0.07829383760690689,0.03494231775403023,-0.10105016827583312,-0.004231769125908613,-0.02203546091914177,-0.03960371762514114,0.0629003569483757,-0.054525852203369134,0.06467429548501968,-0.06101503968238831,-0.0085340216755867,-0.037470579147338874,-0.0189544465392828,-0.05264835059642792,-0.02281595207750797,0.11022419482469557,0.016797875985503197,-9.950240382750053e-06,-0.028027046471834183,0.03428277000784873,-0.040276259183883674,-0.02728225663304329,-0.0027934520039707422,0.10986672341823576,-0.07588614523410797,0.02589618228375912,-0.00820958614349365,0.04846703261137009,0.008197040297091007,0.02831295318901539,-0.05666147172451019,-0.0689142569899559,0.03712897747755051,0.07961057871580125,-0.015938779339194294,-0.06176703795790672,0.050045020878314965,0.06727150827646255,0.23487251996994016,-0.028271978721022602,-0.05760984122753143,-0.02175753191113472,-0.060101941227912896,0.07398404181003569,0.00590036204084754,0.07051542401313782,0.013638132251799107,-0.016086630523204803,0.07536374032497406,-0.004201623611152172,-0.12170279026031494,-0.06618686020374298,0.027720604091882706,-0.06110306829214096,-0.024115344509482384,0.026336152106523517,-0.037410952150821686,0.046984706073999405,-0.0008850833983160555,-0.00867641344666481,-0.030437622219324112,-0.09775909781455992,-0.013913036324083803,-0.07286103069782257,-0.0032357445452362295,0.020934700965881348,0.04872458428144455,-0.015574621967971323,-0.06380657851696014,0.02969593554735184,-0.02967481315135956,-0.003988682758063078,0.05754143744707108
-0.010350543074309824,0.09107336401939392,0.01631174609065056,0.041478231549263,-0.08261319994926451,0.004345631692558527,0.0436493381857872,0.057314209640026086,-0.014619745314121246,-0.00961521826684475,0.010122264735400677,-0.106022909283638,-0.06388363987207413,-0.02894047647714615,-0.06991240382194519,0.0,0.09334235638380049,0.03063881769776344,-0.036169353872537606,-0.04037358984351158,-0.09355567395687105,-0.01224254909902811,-0.044990044087171555,0.08927945792675017,-0.10572831332683565,0.018914412707090374,0.0001694936363492161,-0.017876654863357544,-0.04385044053196907,0.031161872670054436,0.04723542556166649,0.0695204958319664,0.05521912127733231,0.06352642178535461,0.12994687259197235,-0.040803324431180954,-0.02452097460627556,0.004711445886641741,0.07652354985475539,-0.011078206822276115,-0.01455572247505188,0.05078961327672005,-0.016965754330158234,-0.040963705629110336,-0.05720548331737518,-0.0781930536031723,-0.013706428930163383,-0.07659088075160979,0.06205856800079346,-0.005369637627154589,-0.0742013230919838,-2.500249320291914e-05,0.17207257449626923,-0.029959809035062786,-0.04505454376339912,-0.01187282893806696,-0.08198223263025284,-0.040991321206092834,-0.03514556586742401,-1.8114758859155696e-05,0.0023734089918434616,-0.06144077330827713,0.11138078570365904,-1.770488961483352e-05,-0.04634710401296616,-0.013127088546752928,-0.04237188398838043,-0.06120745465159416,-0.062445968389511115,-0.027779523283243176,0.05837668105959892,0.00046492717228829855,0.03829958289861679,-0.018627475947141647,0.029036417603492737,-0.0016289266059175132,-0.005183485802263021,0.000498729117680341,-0.031172029674053192,-0.05128627642989159,-0.017385518178343773,0.0508154071867466,-0.04971830174326897,-0.05696380138397217,-0.0712427943944931,0.002387923654168844,-0.03663955256342888,0.015279788523912428,0.03489931672811508,-0.07318701595067979,-0.13047015666961667,0.04397951811552048,-0.029988870024681088,-0.00048700068145990366,0.0692390650510788,0.051234446465969086,0.0534660629928112,0.03003280609846115,-0.05724551528692245,0.04693332687020302
0.019868116825819012,0.002833268139511347,-0.06150658801198006,-0.023398589342832565,0.007732749450951815,0.010277707129716871,0.03009645454585552,0.0036052325740456577,-0.0249873548746109,-0.07841718941926956,0.014916004613041876,0.09880033135414125,0.05665310099720954,0.06291959434747696,-0.01479495596140623,0.09334235638380049,0.0,-0.02736283838748932,0.08454123139381409,0.01198723167181015,-0.056193388998508446,-0.02307136543095112,0.004326662514358759,0.019094882532954216,0.003804871579632163,-0.12162844836711884,-0.033681225031614304,-0.01600811816751957,-0.06411970406770706,-0.047195613384246826,-0.020444968715310097,0.0017905374988913536,-0.009793790988624098,0.018495772033929825,0.013006660155951977,0.010038993321359156,0.042079366743564606,-0.1312045305967331,-0.03832403942942619,0.010093378834426405,-0.11570781469345091,-0.05974631384015083,-0.02485937438905239,0.011487516574561596,0.07283147424459457,0.003760017454624176,0.018874714151024815,0.08733454346656798,-0.12563864886760712,0.03553396463394165,0.0014097148086875675,-0.11989317834377287,-0.05740633234381676,0.0015503637259826064,0.0631193146109581,0.0134623646736145,0.01975351385772228,-0.03325185179710388,-0.08790619671344757,0.11198461055755617,0.003159661777317524,0.0012080268934369087,-0.047400332987308495,-0.012663564644753931,-0.07742293179035185,-0.04861035197973251,-0.03114329464733601,0.012927450239658356,0.06599638611078262,-0.017239868640899658,0.02603457309305668,0.058281805366277695,0.03843836113810539,-0.03370391204953194,-0.004480324219912291,-0.013229641132056711,-0.08620793372392654,0.014690987765789032,-0.011582332663238049,0.004635837860405445,0.003427867777645588,-0.0219324491918087,0.06788469851016998,-0.06345409899950027,-0.0832476019859314,-0.0005780612700618804,-0.018471952527761456,-0.004987651016563177,-0.02068660035729408,0.013468991033732893,-0.04281728342175484,0.06746360659599304,-0.01604606583714485,-0.09634912014007568,-0.011246849782764912,-0.017629316076636314,0.00640637008473277,0.01004018634557724,0.01162868645042181,0.023552944883704185
0.004773296415805817,-0.07845909893512726,0.021133624017238617,-0.023166069760918617,0.006706728599965572,0.018161939457058903,-0.020489390939474102,0.08829353004693985,-0.1148359477519989,-0.009963927790522575,-0.04331720620393753,0.017847344279289246,0.09765491634607315,-0.057585876435041435,-0.011696256697177885,0.03063881769776344,-0.02736283838748932,0.0,0.008061333559453486,-0.015886686742305756,-0.04176858067512512,0.10608969628810883,-0.037904981523752206,0.01997986063361168,-0.017189525067806244,0.060138989239931114,0.0003046936180908233,-0.10538806766271593,0.008220570161938667,-0.04197839647531509,0.02536488138139248,-0.08702176809310913,-0.0026534039061516523,0.09408467262983322,-0.039802830666303635,0.03493668511509895,-0.1353345513343811,0.04276939108967781,-0.05476289242506027,-0.08299136161804198,-0.00431462936103344,-0.05507006123661994,0.041104674339294434,0.10820582509040833,-0.1041957214474678,-0.019959377124905583,0.0012886516051366923,-0.058373767882585526,-0.01255686953663826,0.054962333291769035,0.0038868382107466455,-0.01058032177388668,-0.03032313659787178,-0.03779248148202896,-0.03828073665499687,0.006252782419323921,-0.0002799935464281589,0.028913877904415127,0.07823266834020615,0.01705610565841198,0.00020563365251291543,-0.08132498711347581,-0.033777594566345215,0.07579495757818222,-0.0166938453912735,0.00048525183228775853,-0.03942284733057022,-0.0500081144273281,0.022877532988786697,0.07636427879333496,0.011158724315464497,0.051596544682979584,-0.1605619639158249,-0.05132993683218956,0.03960330784320831,-0.0181947723031044,-0.0015808724565431476,-0.05361111089587212,0.01202983409166336,-0.03653411939740181,-0.024556515738368034,-0.03791865333914757,-0.006086873821914196,-0.057626649737358086,0.015532718040049076,-0.019398141652345657,-0.024250587448477745,0.005806089378893375,-0.009208244271576403,0.004292775876820088,0.04261152446269989,0.07576488703489302,0.01153615303337574,-0.029917003586888317,-0.061006303876638406,-0.03891837596893311,0.022382376715540882,0.06038499251008034,-0.015644371509552,-0.02952668070793152
0.060482144355773926,-0.024107880890369412,-0.0524916909635067,-0.027722276747226715,-0.037701595574617386,0.022822454571723935,-0.07397035509347916,0.050363119691610336,-3.0180701742210654e-06,0.043334465473890305,-0.056013073772192,0.0016641017282381652,-6.305407441686839e-05,0.255952924489975,-0.004911881871521473,-0.036169353872537606,0.08454123139381409,0.008061333559453486,0.0,-0.049103107303380966,0.09363602101802826,0.044848453253507614,0.033901866525411606,0.015430564060807228,-0.02609385922551155,-0.05901368707418442,0.045639652758836746,-0.09191783517599104,0.09354934841394424,-0.07457142323255539,0.011310656554996967,0.020375618711113926,-0.13909471035003662,-0.018350496888160706,-0.10999582707881927,-0.031111979857087132,-0.04450961947441101,0.026164706796407696,0.04161661863327026,-0.0025125613901764154,0.02908559888601303,-0.029685998335480687,0.03450373187661171,-0.0353986956179142,0.01313312631100416,0.01867910660803318,0.05419771373271942,-0.09172918647527695,0.0698922723531723,-0.007980882190167904,0.0005670231184922159,0.02090562507510185,0.09360332041978835,0.025366446003317833,-0.050966262817382806,-0.09059556573629379,-0.0632546991109848,-0.012773921713232994,0.011694938875734806,-0.06587400287389755,0.011570217087864876,-0.050877530127763755,-0.02800699509680271,-0.06239751353859901,-0.004375631920993328,-0.05758847668766976,-0.0230344831943512,0.030903872102499008,-2.101944801324862e-06,0.016479196026921272,-0.020035313442349437,-0.06256789714097977,-0.07176505029201508,0.03030245564877987,-0.04068587720394135,-0.014991254545748232,0.10372106730937956,0.04514769464731216,-0.0028198719955980778,0.011141432449221613,0.007219191174954176,-0.002355523407459259,0.006085827015340328,-0.032934270799160004,-0.03324855864048004,0.0033848201856017113,-0.008400320075452326,0.0353105403482914,-0.018902860581874847,0.01175764948129654,-0.047661017626523965,-0.09167332947254181,-0.10056273639202117,9.398940892424433e-05,0.01631513610482216,-0.07143929600715637,-0.03224402666091919,-0.03540940582752228,-0.07122839242219925,0.15021833777427673
