0,1,2,3,4,5,6,7,8,9,10,11,12,13,14,15,16,17,18,19,20,21,22,23,24,25,26,27,28,29,30,31,32,33,34,35,36,37,38,39,40,41,42,43,44,45,46,47,48,49,50,51,52,53,54,55,56,57,58,59,60,61,62,63,64,65,66,67,68,69,70,71,72,73,74,75,76,77,78,79,80,81,82,83,84,85,86,87,88,89,90,91,92,93,94,95,96,97,98,99
0.0,-0.01862308941781521,0.04454103112220764,-0.0310694370418787,0.037624865770339966,-0.029878215864300728,-0.03864847123622894,0.07384517043828963,-0.020938916131854057,0.013120935298502443,-0.07579472661018372,-0.03182537481188774,-0.02143004722893238,-0.03749144449830055,-0.02097873575985432,-0.016759486868977547,-0.028570909053087234,-0.07265612483024597,-0.08576661348342894,-0.005358537193387747,0.039531681686639786,-0.08223406225442886,0.021705064922571186,-0.055206440389156335,0.022485410794615746,-0.025249596685171127,0.028121873736381527,0.011486907489597796,0.05548226460814476,0.058768220245838165,-0.03284858167171478,0.05645878240466118,4.004517904832028e-05,-0.04258013516664505,0.0328189954161644,-0.03711509704589844,0.0014851281885057688,0.028700117021799088,0.00840982608497143,0.020777797326445576,-0.04497141018509865,0.0067581492476165295,0.05388038977980614,-0.033539678901433945,-0.06616009026765823,-0.051974765956401825,0.016464952379465103,0.09447480738162993,0.020911067724227905,-0.06502286344766617,0.013277471996843815,-0.09098942577838896,0.07955829799175262,-0.0865267664194107,-0.012426516972482204,-0.08536744862794877,0.04872790351510048,0.06097900867462158,-0.05935172364115715,-0.01583600789308548,0.04273702576756477,0.00845269300043583,-0.001075272331945598,-0.021716848015785217,0.030700115486979485,-0.030439915135502812,-0.052150994539260864,-0.029118336737155914,0.024362625554203987,-0.06941094249486923,0.007588046137243508,-2.1210038539720696e-05,-0.03010524995625019,0.0033533337991684675,0.04976565018296242,-0.002024040557444096,-0.05998620018362999,-0.0814385935664177,0.004520779009908438,-0.0013872215058654547,-0.04255582019686698,8.788728155195713e-05,-0.04523187130689621,0.013394606299698353,0.07531561702489854,-0.006664586253464222,0.0022464634384959936,-0.054374303668737405,-0.01721970923244953,0.024908680468797684,-0.025569532066583637,0.05060549080371857,-0.04762060940265656,-0.020537689328193665,-2.5137154807453044e-05,0.02702498622238636,-0.04279422387480736,-0.07151483744382858,-0.042421769350767136,0.05875344201922417
-0.01862308941781521,0.0,0.03703850880265236,0.12477941811084747,0.07611245661973953,-0.017241066321730614,-0.0023619194980710745,0.022761207073926926,-0.09816130250692368,0.02577335201203823,-0.03975246101617813,0.0024043894372880454,-0.03816935420036316,0.050008200109004974,-0.029422139748930928,-0.0664159506559372,0.02265607379376888,0.032856062054634094,-0.013740901835262775,0.0424424447119236,0.05173103883862496,-0.0837411656975746,-0.07167628407478333,-0.0327972024679184,-0.004520258400589228,-0.037268511950969696,-0.051335956901311874,0.00788235105574131,-0.04924024641513824,0.01954389177262783,0.0936424881219864,0.013243377208709717,-0.02364860661327839,-0.04806717112660408,-0.0014505879953503609,0.08271950483322142,-0.03217492625117302,0.0657963976264,-0.04923960939049721,-0.020490547642111775,0.0023312298581004143,-0.04556022211909294,-0.017893319949507713,-0.0376720242202282,-0.022195143625140194,-0.0295034684240818,0.02287568524479866,0.03140837699174881,-0.03398546203970909,0.038812190294265754,0.024583954364061356,-0.00175547634717077,-0.0008966794121079146,-0.0979505255818367,0.02614009566605091,-0.022581772878766056,-0.028172438964247704,-0.02675774320960045,-0.054602891206741326,0.05793248489499092,-0.035168394446372986,0.010347300209105015,0.038569502532482154,0.009593301452696323,-0.014341209083795547,-0.027185188606381416,-0.04456812143325806,-0.02054263651371002,0.016907762736082077,0.000390909583074972,-0.049320019781589515,0.01480739749968052,-0.07644148916006088,0.057332534343004234,-0.017423512414097782,-0.002260116161778569,-1.1206964700249957e-05,0.003729290561750531,-0.0700949877500534,-0.06987133622169495,-0.08936362713575363,-0.062137503176927567,0.03269224613904953,-0.022120174020528797,-0.057662758976221085,0.02128301002085209,0.016916628926992416,0.02245774865150452,-0.03896337002515793,-3.406223186175339e-05,0.024445794522762295,0.005605477374047041,-0.10477183014154434,0.07789374887943268,0.02517182193696499,-0.02964758314192295,0.016233811154961586,-0.035580363124608994,-6.304997077677399e-05,-0.06294619292020798
0.04454103112220764,0.03703850880265236,0.0,-0.05304659530520439,-0.0282732043415308,0.05673718079924584,-0.049444694072008126,-0.08630307763814926,0.07078678905963898,-0.04322231560945511,0.01373619306832552,-0.001179767190478742,0.06731253862380981,0.01579277403652668,0.008442356251180172,0.01218932308256626,-0.006624699104577303,0.04381066560745239,-0.05363861471414567,0.07930868864059448,-0.03348034620285034,-0.010738103650510313,0.019406843930482864,-0.005140167661011219,0.0445675440132618,0.006788976956158876,-0.04514211416244506,-0.02588212862610817,-0.05051182210445404,0.01869134791195393,-0.020008668303489685,-0.04178578779101372,-0.011514238081872463,-0.020971061661839485,-0.04977276548743248,-0.03271906077861786,-0.011576157063245772,-0.02708915993571281,-0.05065406858921051,-0.010432178154587744,0.02629510127007961,-0.026978807523846623,0.005875139497220516,0.005393095314502716,-0.03748123720288277,-0.0115679781883955,0.053354714065790176,-0.05994373559951782,-0.055030088871717446,-0.03158557042479515,-0.034635823220014565,0.0772935450077057,-0.023635383695364,0.0032587815076112747,-0.05711316317319869,0.029999548569321632,-0.0712687224149704,-0.04380681738257408,0.01390500459820032,-0.027520826086401936,-0.034378282725811005,0.00610479898750782,-0.056032728403806686,-0.002022781642153859,-0.03780552372336388,0.02840951085090637,0.032012376934289925,-0.024711174890398976,0.05016748607158661,-0.007137884851545096,-0.051668789237737656,-0.02798589877784252,0.015188349410891531,-0.01066296175122261,0.010333090089261532,-0.001941677532158792,0.01928461343050003,-0.06926364451646805,0.02745133079588413,-0.009291683323681353,0.015934564173221588,-0.0017498595407232642,-0.0389239639043808,-0.007130363956093788,0.01666455529630184,-0.02505732700228691,-0.024381486698985096,-0.029522927477955815,0.005608590319752693,-0.05382731929421425,0.027344653382897377,-0.0428708977997303,0.016586611047387123,-0.04284249246120453,-0.021793680265545845,-0.006773087661713362,0.009824578650295734,0.005806558765470982,0.0060141952708363524,-0.05451616644859313
-0.0310694370418787,0.12477941811084747,-0.05304659530520439,0.0,0.013024074956774712,-0.06725641340017319,-0.014491514302790163,-0.032702263444662094,0.11113364994525908,-0.03955711051821709,0.013820097781717776,-0.015289163216948507,-0.045676793903112405,-0.04283010959625244,-0.0746118351817131,-0.023817529901862144,-0.02718789502978325,0.010316072963178156,-0.03551863506436348,-0.010750213637948036,-0.012259662151336668,0.05965427681803703,0.037126317620277405,-0.040612097829580314,-0.03945348039269447,-0.08199222385883331,-0.045572247356176376,-0.051721744239330285,5.132186743139754e-06,0.030661769211292263,-0.03110797517001629,0.10323637723922728,-0.06488307565450668,-0.06251587718725204,0.04228825122117996,-0.050396811217069626,-0.06250372529029846,-0.013707929290831087,0.044253576546907425,0.036461610347032554,-3.0754767067264766e-05,0.002531943609938025,0.04105338454246521,-0.060568057000637054,-0.00999710336327553,-0.03046537935733795,0.025412542745471,-0.026802293956279755,-0.030265035107731816,-0.05028272792696953,-0.03807327896356583,0.005773213226348162,0.006363065913319588,0.11436161398887634,-0.03300468251109123,0.009138697758316992,0.04605896398425102,-0.03274885937571525,0.05640608072280884,-0.04160809144377709,0.034701216965913766,-0.0225118026137352,-0.03157220780849457,-0.009880369529128073,-0.06605824083089828,0.0866337940096855,-0.01477669645100832,-0.02710434608161449,-0.00451173260807991,-0.07116202265024185,0.04544893279671669,0.05624866858124733,4.066192195750773e-05,-0.09180667251348495,0.006331341341137886,0.0305146649479866,0.029252521693706512,-0.04117440432310104,0.0028685524594038725,-0.014622463844716547,-0.0006338100065477192,0.01963883638381958,-0.055712446570396416,-0.029381090775132176,0.09942411631345749,0.022040577605366703,0.06037038937211037,-0.05021229013800621,-0.0012427142355591059,0.02233535423874855,-3.5393910366110504e-05,-0.08289840817451477,0.00026926881400868297,-0.001269117696210742,-0.08620593696832655,0.025768039748072624,-0.09084758907556531,-0.036683544516563416,0.017184341326355934,0.033016789704561234
0.037624865770339966,0.07611245661973953,-0.0282732043415308,0.013024074956774712,0.0,0.02347288280725479,-0.001767741749063134,-0.06067303940653801,-0.0007250189082697034,-0.037842374294996255,-0.0034658529330044985,-0.004895954392850399,0.06491178274154663,-0.04701350629329681,0.025403974577784535,0.05247144028544425,-0.05172591283917427,-0.049130748957395554,0.03846710547804832,0.0006102595361880958,-0.03737896308302879,-0.02290966548025608,0.019115885719656944,0.0043968334794044495,-0.0036150503437966104,0.030324850231409073,-0.017037788406014442,0.003878201823681593,-0.0242287740111351,-0.009949072264134884,-0.08595161139965057,-0.07349389046430588,0.002441727090626955,0.03980886191129685,-0.02988653816282749,-0.050166752189397805,0.01349316257983446,-0.08633792400360107,-0.006263477262109518,-0.08039882034063339,0.02352859452366829,0.021056853234767917,-0.05384038388729096,-0.00411088764667511,0.011604039929807186,0.035885974764823914,-0.07280181348323822,0.016491340473294258,0.02050523832440376,-0.033383067697286606,-0.029789024963974953,-0.0370967872440815,-0.06380759179592133,0.0069730719551444045,0.03175530210137367,-0.03838622942566872,0.01765611581504345,-0.013063321821391582,-0.00937884394079447,-0.060510192066431046,-0.04832527786493301,-0.055592756718397134,0.01463068276643753,-0.0035371165722608566,-0.046550143510103226,-0.05864191055297852,-0.009899926371872423,0.020117171108722687,-0.04318993538618088,0.016967587172985077,-0.003877921961247921,0.005349573213607073,0.029247321188449856,0.00030274095479398966,0.011373447254300116,-0.01031662430614233,-0.003708384465426207,0.004201265051960945,0.06907853484153748,0.04260028898715973,-0.005206872709095478,-0.01743748039007187,0.01103156805038452,-0.031965311616659164,-0.04484429955482482,-0.01712130196392536,-0.045674800872802734,-0.04404911771416664,-0.027277356013655663,-0.013891582377254961,-0.03242558240890503,-0.021462200209498405,0.02753365784883499,-0.031116940081119537,0.027228549122810364,0.01978106424212456,-0.008331178687512873,0.010717387311160564,-0.016276290640234947,0.03083055652678013
-0.029878215864300728,-0.017241066321730614,0.05673718079924584,-0.06725641340017319,0.02347288280725479,0.0,0.07416423410177232,0.05410437285900116,0.07832788676023483,0.014726670458912848,-0.003629009937867522,0.018015041947364807,-0.06265854090452194,-0.018627051264047623,-0.0035184917505830526,-0.09765883535146712,0.01597670093178749,-0.04916989803314209,0.07012420147657393,-0.0596039853990078,-0.09473844617605208,-0.028309063985943798,-0.06994709372520447,-0.024537377059459686,-0.03988296538591385,-0.03095641918480396,-0.03911365941166878,0.03210948407649994,0.03169850632548332,-0.0003677704371511936,0.0789564400911331,0.04739357903599739,-0.041961196810007095,-0.0015187072567641735,0.004872200079262257,-0.04352276772260666,-0.00014040397945791483,-0.04891325160861015,0.0186170507222414,-0.002059264574199915,-0.05434677377343178,-0.02708730846643448,0.008698629215359686,-0.08675151318311691,-0.01412530429661274,-0.037816692143678665,-0.006458231247961521,0.022359810769557953,0.0868622809648514,-0.01869192905724049,0.016328543424606323,-0.03658382594585419,0.019938213750720024,0.036008138209581375,0.07008716464042664,0.0308135598897934,-0.04927179217338561,-0.014550711028277872,-0.006246442906558514,0.0030318491626530886,0.04377425089478493,-0.04176617786288261,-0.0066663227044045925,-0.012598180212080479,-0.005703904666006565,-0.05738609284162521,-0.04594205692410469,-0.059609591960906975,-0.004611510317772626,0.024164773523807526,0.06264995038509369,0.04835816472768784,-0.07759948074817657,-0.048720967024564736,4.358572550700046e-05,-0.09095682948827744,-0.023319939151406288,0.020016690716147423,-0.1003461554646492,-0.02623744308948517,-0.04426254704594612,-0.04125264659523964,0.06145384162664413,-0.006565084680914879,0.020954854786396023,-0.00753433909267187,-0.046231094747781754,-0.014445853419601916,0.015185823664069176,0.05445442348718643,-0.009523886255919933,-0.08978436142206192,0.005728465039283037,0.03599674999713898,0.04861560836434364,0.10417798906564713,-0.0369301363825798,0.0017689033411443231,-0.06834803521633148,-0.021449534222483635
-0.03864847123622894,-0.0023619194980710745,-0.049444694072008126,-0.014491514302790163,-0.001767741749063134,0.07416423410177232,0.0,-0.01278318092226982,0.023968873545527455,-0.053952354937791824,-0.0005856395582668483,-0.07186150550842285,0.046845335513353355,-0.0041418010368943214,0.0720229521393776,0.08477158099412918,-0.007409690413624048,0.04811722412705421,-0.06298071146011353,0.05983087420463561,0.03853956237435341,-0.05258649960160256,-0.06011239066720009,-0.002647663932293653,0.040885414928197854,-0.029785124585032463,0.06804487109184265,-0.0615835040807724,-0.047511298209428794,0.0050515569746494285,0.010580753907561302,0.01606176607310772,0.01559848990291357,-0.022109506651759148,0.0013110402505844831,-0.05040738731622696,-0.00585227133706212,0.005690805613994598,-0.024773435667157173,0.02018694020807743,-0.028397602960467335,-0.03169151023030281,0.06612221896648407,-0.043467018753290176,0.0017557868268340826,-0.026112813502550125,0.002811812562867999,-0.01737481728196144,-0.05697288736701012,-0.03828622028231621,-0.008171268738806246,-0.0297639723867178,0.01032731868326664,-0.04581613466143608,-0.019598666578531265,-0.07158579677343369,-0.032275840640068054,0.004901880864053965,-0.005078926216810942,-0.005927919410169125,0.025605633854866028,0.003813074203208089,-0.056851498782634735,0.02325691282749176,-0.046056032180786126,-0.013428907841444016,-0.009374137967824938,0.005122741684317589,-0.014426424168050287,-0.007889376021921633,-0.0825027897953987,-0.02146666310727596,0.012951192446053028,0.032759688794612885,0.0005173863028176129,0.011960349977016447,0.07646305859088898,0.05879141762852669,-0.03925590589642525,-0.03351568058133125,-0.0025115094613283873,0.04345420375466347,-0.027307329699397087,-0.04734042286872864,-0.047475364059209824,0.01909125782549381,-0.04693152382969856,-0.041751302778720856,0.021219694986939434,-0.04578372836112976,0.00886216014623642,0.0020511033944785595,-0.05174410715699196,-0.012378833256661892,-0.07368830591440202,-0.00561662996187806,-0.025814808905124664,-0.0644209012389183,0.011711630038917065,0.008640190586447716
0.07384517043828963,0.022761207073926926,-0.08630307763814926,-0.032702263444662094,-0.06067303940653801,0.05410437285900116,-0.01278318092226982,0.0,-0.021435847505927082,-0.06532831490039825,0.048744335770606995,0.04631979763507843,0.07208061963319777,0.027005037292838097,-0.021089820191264153,0.122145377099514,-0.02399955131113529,0.022177906706929207,-0.010724144987761974,-0.023767961189150807,-0.016180161386728287,0.013252386823296545,0.03666435554623604,-0.06543055176734924,-0.05041569471359253,-0.05594296008348465,-0.09403852373361588,-0.02829011157155037,0.0002514371881261468,0.000333433214109391,-0.052799448370933526,-0.011228995397686958,0.005734378937631845,0.03878382593393326,-0.06899295002222061,0.04868700355291367,-0.03447683155536652,0.002252253470942378,-0.056122373789548874,-0.02499641105532646,0.0007706113974563777,-0.025728821754455566,0.0166176725178957,0.019426295533776283,0.04991220682859421,-0.01086626574397087,-0.010722768492996693,-0.026019226759672165,-0.05036422610282897,-0.049775633960962296,2.4836850570864044e-05,0.032387372106313705,-0.06735964119434357,0.06526608020067215,0.02453587576746941,0.04142996296286583,0.011791541241109371,0.002762168413028121,-0.0003625983954407274,-0.0022908623795956373,0.0010069035924971104,-0.05677143856883049,0.031736943870782845,-0.062231414020061486,-0.05747591331601143,0.06084803864359856,0.04988104850053787,0.000412921974202618,-0.03413192555308341,-0.0018093467224389317,-0.07049111276865005,0.022648785263299945,0.002974139992147684,-0.035654474049806595,-0.025671325623989105,-0.023111233487725254,0.0006427809712477028,-0.05449392646551132,-0.013883855193853378,-0.07756279408931731,-0.0622037909924984,0.06402373313903809,0.040638793259859085,-0.008306690491735935,0.02420438267290592,-0.12971389293670654,-0.08263492584228516,-0.024673394858837128,0.0012993118725717068,1.2211821740493178e-05,-0.08989932388067245,0.03041723184287548,-0.000815445207990706,-0.047803405672311776,0.0782507285475731,0.008592509664595127,0.07460454851388931,-5.304129899741383e-06,0.0010487620020285249,-0.07026467472314835
-0.020938916131854057,-0.09816130250692368,0.07078678905963898,0.11113364994525908,-0.0007250189082697034,0.07832788676023483,0.023968873545527455,-0.021435847505927082,0.0,-0.004536566324532032,-0.0566914938390255,-0.03371971845626831,-0.06177391856908798,-0.04886170849204064,-0.04637483134865761,-0.02711636945605278,-0.05005655065178871,-0.01379793044179678,0.006551820784807205,-0.04375577345490456,0.12408327311277388,0.11645723134279252,-0.03133631497621536,-0.023643022403120995,-0.05172751098871231,-0.014770114794373512,-0.021126298233866688,0.0477047897875309,0.04706743359565735,-0.03934375196695328,-0.048131536692380905,1.7147394828498363e-05,0.041202906519174576,-0.002062699291855097,-0.060414619743824005,0.0625552237033844,-0.011009123176336288,0.011110996827483175,-0.033179838210344315,0.05973602831363677,-0.03047864511609077,0.036712594330310815,-0.11370737105607986,0.011075015179812908,0.02848823182284832,0.02512427605688572,-0.042025648057460785,-0.03242303431034088,0.03286721557378769,0.052587904036045074,-0.00316262966953218,-0.02305116504430771,-0.07552605122327805,-0.030657023191452023,-0.010121400468051432,-0.02566187083721161,0.038577571511268616,0.1582539826631546,0.003522277111187577,-0.012735752388834952,-0.06265131384134293,0.013354209251701832,0.04419749230146408,-0.005012562498450279,0.07385282963514328,-0.02507039904594421,-0.03126639127731323,-0.03644871339201927,-0.0619942918419838,-0.06807392090559006,-0.04512403532862663,0.0517316609621048,0.08698217570781708,0.016423692926764488,-0.03615473210811615,-0.0056837438605725765,-2.9482729587471113e-05,-0.01419671345502138,0.03054264187812805,-0.0668163076043129,-0.006491419393569231,0.018581140786409375,-0.07816705107688902,-0.007284303195774555,-0.08675839006900787,-0.07161005586385727,0.05536063015460968,0.05146989971399307,-0.04559193179011345,-0.051106464117765434,-6.337901868391782e-05,-0.0021698921918869014,-0.03487904742360115,0.013911883346736433,-0.03343635052442551,-0.05458031222224236,0.03889736905694008,-0.040266290307044976,0.019380349665880203,-0.051427748054265976
0.013120935298502443,0.02577335201203823,-0.04322231560945511,-0.03955711051821709,-0.037842374294996255,0.014726670458912848,-0.053952354937791824,-0.06532831490039825,-0.004536566324532032,0.0,-0.059201501309871674,-0.01606081612408161,0.04354266822338104,0.034586720168590546,-0.08438672125339507,0.026976326480507847,-0.07310321182012558,0.06682060658931732,0.015684019774198532,0.03851598501205444,-0.000306389294564724,0.00859757326543331,-0.06082501262426376,-0.06156395375728607,0.07320679724216461,0.02272671088576317,0.002089674351736903,-0.10077655315399169,-0.024002345278859135,-0.029160115867853165,0.022495819255709648,0.0026317653246223927,-0.005945221055299044,-0.0017548848409205675,0.02086840569972992,-0.04831587895751,-0.05036238953471184,-0.026530830189585686,-0.025141557678580284,0.029886689037084576,-0.022256761789321896,-0.07685737311840057,0.023993149399757385,0.03053088299930096,0.03855627030134201,-0.0003294663911219686,0.014211926609277723,-0.02264183387160301,0.013129868544638155,-0.050235453993082047,-0.009237320162355902,0.005525557789951562,-0.051203448325395584,0.05460544303059578,0.0031950005795806646,-0.03664461150765419,-0.04643429443240166,0.02361994609236717,-0.0050607151351869115,-0.02027207426726818,0.004728777334094048,-0.06288135796785355,0.03946443647146225,-0.0010748672066256404,-0.026482077315449715,0.02916396781802177,-0.026847984641790393,-0.051368847489356995,-0.03168945759534836,0.025671605020761486,-0.04132554680109024,0.0015810864279046655,-0.001802199753001332,0.01524759829044342,0.10652482509613036,-0.05420932546257973,0.06363201141357422,0.07560472935438156,-0.03865798190236092,0.05223538354039192,-0.035133812576532364,0.038475871086120605,-0.014498932287096975,-0.05478890612721443,-0.040407583117485046,-0.06676141172647476,-0.0013201709371060133,0.08174911141395567,-0.008910556323826313,0.02657478302717209,-0.005274739116430283,-0.06020093336701393,-0.0002683543134480715,-0.03471268713474274,-0.004218360874801873,-0.0700639635324478,-0.022641735151410103,-0.06144877523183823,-0.008302041329443455,0.0014220954617485404
-0.07579472661018372,-0.03975246101617813,0.01373619306832552,0.013820097781717776,-0.0034658529330044985,-0.003629009937867522,-0.0005856395582668483,0.048744335770606995,-0.0566914938390255,-0.059201501309871674,0.0,-0.033769335597753525,0.0460151731967926,-0.000342549872584641,-0.027593178674578663,-0.06991942226886749,-0.01631263643503189,0.0011078353272750972,0.0021449278574436903,-0.021425517275929448,0.007212231867015362,-0.010919354856014252,0.1234067603945732,-0.04541952535510063,0.05777541548013687,0.04227449372410774,0.014952725730836391,-0.039390716701745994,-0.007453104015439747,-0.057803209871053696,-0.11631787568330763,0.0003783009306062013,0.017921283841133118,-0.05163566768169403,0.004072667099535464,-0.04672503098845482,0.005491975229233503,0.05855288356542587,-0.031878333538770676,0.021186053752899166,0.03370220586657524,-0.057314518839120865,0.011031406931579111,-0.053647026419639594,-0.005001075100153685,-0.02839771658182144,-0.0507056750357151,0.01986093260347843,0.05253022164106369,-0.04472959414124489,-0.006555248983204365,-0.01576346531510353,0.0009013193193823101,-0.0428190641105175,-0.021337823942303658,-0.03095637820661068,-0.021233798936009407,0.017667485401034355,0.05727272853255272,-0.0011776890605688095,-0.01974184066057205,-0.024144064635038372,0.005735080689191817,-0.01580868847668171,0.042872972786426544,-0.009669403545558451,-0.02735068276524544,-0.026923544704914093,-0.013310866430401802,-0.005749022122472525,-0.00299949012696743,0.004255522508174181,-0.07176636159420013,0.003267897060140968,0.06800586730241776,-0.12319300323724745,-0.04427998140454292,0.030108319595456123,0.1130443513393402,-0.034057967364788055,-0.03755027055740357,-0.04888340085744858,0.0005942758871242404,-0.08320014178752899,-0.023439716547727585,0.004289576318114996,0.023321896791458126,0.06864877790212631,-0.0268208421766758,0.05537736788392066,0.011269986629486084,0.001402749097906053,-0.05838849395513535,0.0063618384301662445,-0.019595228135585785,0.02358732745051384,0.01339531783014536,-0.0651162639260292,-0.015192270278930664,-0.015319307334721088
-0.03182537481188774,0.0024043894372880454,-0.001179767190478742,-0.015289163216948507,-0.004895954392850399,0.018015041947364807,-0.07186150550842285,0.04631979763507843,-0.03371971845626831,-0.01606081612408161,-0.033769335597753525,0.0,0.02179596573114395,-0.014489703811705112,-0.005693821702152491,0.08952762186527251,-0.06552276760339737,-0.032452598214149475,0.006534043699502945,-0.005146094597876072,0.01343092042952776,-0.006153341848403216,-0.06138770282268524,0.07201149314641953,0.09879378974437712,0.027221349999308583,-0.0003523219784256071,-0.01860914751887321,0.08005823940038681,0.005792617332190275,0.02093130722641945,0.014009756036102772,-0.032687444239854806,-0.07317438721656798,-0.016029193997383118,0.009594224393367767,-0.03366346657276153,0.0024818922393023968,0.020009683445096012,0.001873346511274576,-0.04639882966876029,-0.031847916543483734,-0.05033664032816887,0.04028533771634102,-0.07291941344738007,-0.04879521578550339,0.031822022050619125,0.016324223950505257,-0.010721027851104736,-0.04092264175415039,-0.057931140065193176,-0.028920754790306088,0.10583510994911192,-0.06474140286445618,-0.02262600697577,-0.03679180890321732,-0.035826735198497765,0.04304716363549232,0.06345131248235703,-0.04061618447303772,0.03823646903038025,-0.007870045490562916,-0.05208501219749451,-0.0031611188314855094,-0.019894735887646675,-0.0707438662648201,-0.05548086017370224,0.10446860641241072,-0.08219299465417862,-0.040369279682636254,0.016967711970210075,-0.0011252864496782422,-0.010693390853703022,-0.028186693787574768,-0.05240805819630623,0.0005513136275112629,-0.07815763354301453,0.03593846783041954,-0.027431247755885124,-0.03663307055830956,0.05036770924925804,0.022961411625146862,-0.04485315456986427,-0.012845749966800213,-0.011364889331161976,-0.03647613525390625,0.06035897880792618,-0.055581536144018166,-0.04707325622439384,-0.011141978204250336,-0.01912305504083633,-0.0382697582244873,-1.864119985839352e-05,0.02574637159705162,-0.04865868017077445,-0.07010810077190399,-0.009274922311306,0.10946904867887496,-0.052041254937648766,0.02504728175699711
-0.02143004722893238,-0.03816935420036316,0.06731253862380981,-0.045676793903112405,0.06491178274154663,-0.06265854090452194,0.046845335513353355,0.07208061963319777,-0.06177391856908798,0.04354266822338104,0.0460151731967926,0.02179596573114395,0.0,-0.04662533104419708,-0.0004532074090093374,-0.11659440398216248,0.04385828599333763,-0.08817313611507414,-0.06667474657297134,-0.009855443611741066,-0.0859224647283554,0.018677875399589535,-0.042720142751932144,-0.0014624089235439897,-0.10191454738378523,-0.028958402574062347,0.04118539020419121,-0.028128379955887794,-0.02957171760499477,-0.051299825310707085,-0.0020515797659754757,-0.025410601869225505,2.924041291407775e-05,0.076642245054245,0.035789307206869125,6.451274202845525e-06,-0.04098831117153168,0.028120258823037148,0.03290792554616928,0.023061087355017666,-0.08336109668016434,0.007567873690277338,-0.03670414164662361,-0.04278569668531418,0.02235225774347782,-0.005959643051028252,0.02501842007040977,-0.1039157137274742,-0.06074695661664009,0.02809272147715092,-0.0072889793664216995,-0.03713738173246384,-0.028687529265880585,0.021692195907235146,0.008192287757992744,0.01191088743507862,0.06307093799114227,-0.04535938799381256,-0.03536160662770271,0.009910466149449347,-0.011985726654529572,0.008597682230174541,0.05305899679660797,-0.035024870187044144,0.055450182408094406,0.05712603777647018,-0.07395743578672409,0.013104873709380627,-3.2599695259705186e-05,-0.08649001270532608,0.03572586923837662,-0.03032574616372585,-0.006446271203458309,-0.035584580153226845,-0.042947791516780846,0.02733982913196087,-0.00043919272138737137,-0.03236372768878937,-0.013104235753417017,-0.06508471816778183,-0.05509719252586365,-0.046549811959266656,-0.04930522665381432,0.06332430243492126,-0.01067544799298048,-0.020660242065787315,0.05812881141901016,0.0010614688508212566,0.03348271921277046,0.022035175934433937,4.572802208713256e-05,-0.00010818032751558349,0.009887597523629664,0.0713057890534401,-0.04721301048994064,0.0032479590736329556,-0.042026139795780175,-0.028255896642804142,0.007684995885938406,0.01256497111171484
-0.03749144449830055,0.050008200109004974,0.01579277403652668,-0.04283010959625244,-0.04701350629329681,-0.018627051264047623,-0.0041418010368943214,0.027005037292838097,-0.04886170849204064,0.034586720168590546,-0.000342549872584641,-0.014489703811705112,-0.04662533104419708,0.0,4.6289791498566046e-05,-0.048026561737060554,0.04605208709836006,0.060721550136804574,0.04779266566038132,-0.03673084825277328,-0.015856020152568817,-0.010456888005137444,0.0956612154841423,-0.023541707545518875,-0.0028836398851126432,-0.09201130270957945,-0.03919880092144013,0.06499196588993073,-0.12383132427930832,0.05773022398352623,0.034947603940963745,0.05370331183075905,0.0414893701672554,-0.023638054728507996,-0.015998078510165215,-0.018706897273659703,0.07130023837089539,-0.07096643000841141,-0.036809042096138,-0.005557900294661522,3.964666393585503e-05,0.08718398958444595,-0.043914664536714554,-0.03369562327861786,-0.012976085767149923,0.05335956066846848,-0.015961186960339546,0.021425517275929448,0.0030962133314460516,-0.09398535639047623,-0.06302835047245026,-0.08122910559177399,0.04930871352553368,-0.035719845443964005,0.0011729054385796187,-0.04458125680685043,-0.010613244026899336,0.09473613649606703,-0.034916263073682785,-0.11715060472488403,0.0011979679111391304,-0.025744469836354252,0.05182754993438721,-0.0014556865207850933,-0.008152472786605358,0.02550359256565571,-0.05186886340379714,0.007007445674389601,-0.050655592232942574,-0.09304597228765488,0.0090960506349802,-0.0393422432243824,0.07492658495903014,0.0034724858123809095,-0.04009228944778442,0.03570594638586044,-0.009450478479266167,-0.02596408687531948,-0.06450853496789932,0.015697697177529335,0.06650410592556,-0.021134372800588608,0.0006198883056640625,0.028386296704411503,-0.06554444879293442,-0.03588293492794037,0.020605774596333504,-0.0670669749379158,-0.013545963913202284,0.0013855574652552605,-0.029968364164233208,-0.04231826215982437,0.02967006713151932,-0.009809809736907482,-0.038141537457704544,-9.293428593082352e-05,-0.053286753594875336,-0.04252783209085464,0.03355420008301735,0.10764381289482115
-0.02097873575985432,-0.029422139748930928,0.008442356251180172,-0.0746118351817131,0.025403974577784535,-0.0035184917505830526,0.0720229521393776,-0.021089820191264153,-0.04637483134865761,-0.08438672125339507,-0.027593178674578663,-0.005693821702152491,-0.0004532074090093374,4.6289791498566046e-05,0.0,-0.03425285965204239,-0.1241953894495964,-0.017386529594659805,0.04408969730138779,-0.0689244344830513,0.09185492992401123,-0.026134181767702103,4.846098818234168e-05,0.06494173407554625,-0.004822531249374151,0.0506610982120037,0.04771024733781815,-0.014359681867063044,0.03440464660525321,-0.003670938080176711,0.04164283350110055,0.036371901631355286,-0.08480215072631837,-0.02690066583454609,0.020960925146937367,0.05061664804816247,-0.028536839410662648,0.00796154048293829,-0.010470432229340076,-0.028033893555402756,0.048961296677589417,-0.04261504486203194,0.02385403774678707,0.056831542402505875,0.0005075215012766421,-0.042320698499679565,-0.08312001824378966,0.020882558077573776,0.09563103318214417,-0.0007711866637691854,-0.04700833931565285,0.06592903286218643,-0.004774863831698895,0.016858108341693878,-0.07366861402988435,-0.01756574586033821,0.06671471148729324,-0.06928861886262894,0.006171432323753834,-0.03826456144452095,-0.06118728965520858,-0.00921105220913887,0.13252697885036469,-0.07468438893556595,0.0075235399417579165,0.1875963509082794,-0.09705927222967149,-0.08660904318094252,0.061679907143116,-0.010571291670203207,-0.028656838461756703,-0.0008330694981850684,0.018859202042222023,-0.03745795041322708,-6.627587572438641e-05,-0.03386623039841652,-0.027983354404568672,-0.01587933860719204,-0.09695594012737274,0.10563410073518752,-0.012006483040750027,-0.047616302967071526,-0.028046580031514168,-0.002512670122087002,-3.197780824848451e-05,-0.029410086572170258,-0.015205498784780502,-0.08181851357221603,-0.023823896422982212,4.41456722910516e-05,0.06452985852956772,-7.044023368507624e-05,0.002028515562415123,-0.018952885642647743,-0.060380756855010986,-0.04467539116740227,0.08524610847234726,0.08629928529262543,-0.019213175401091572,-0.04283209517598152
-0.016759486868977547,-0.0664159506559372,0.01218932308256626,-0.023817529901862144,0.05247144028544425,-0.09765883535146712,0.08477158099412918,0.122145377099514,-0.02711636945605278,0.026976326480507847,-0.06991942226886749,0.08952762186527251,-0.11659440398216248,-0.048026561737060554,-0.03425285965204239,0.0,0.035242736339569085,-0.010096783749759196,0.02918868511915207,-0.0343276783823967,-0.13140413165092468,0.0007452277932316064,0.0711047574877739,-0.0102324103936553,-0.04695397987961769,-0.005781493149697781,-0.04959484189748764,-0.02112443000078201,-0.028701724484562877,0.0010247465688735247,-0.05484415963292122,-0.014399295672774313,0.02588741667568684,0.025754816830158237,0.037115428596735,0.018368186429142952,0.03604741021990776,0.0421481654047966,-0.04856951534748077,-0.012671704404056072,-0.0070770904421806335,-0.022996610030531883,0.016459519043564796,-0.01431539561599493,-0.015429778024554253,0.03782124817371368,-0.029763456434011456,-0.08014225214719772,0.010227682068943976,0.03303174674510956,-0.01374751143157482,0.028806909918785092,-0.012063883244991302,0.027328617870807648,-0.04664116725325584,0.03587939962744713,-0.0893828347325325,-0.01888817176222801,-0.049070995301008224,-0.007436422631144524,-0.02897572889924049,0.04838202148675919,-0.024912508204579357,0.024060625582933422,0.04230621084570885,0.010030444711446762,-0.05543418973684311,-0.06927892565727234,-0.005763727240264416,-0.003486847039312124,0.09578406065702438,0.02390670031309128,-0.057229191064834595,0.01892480067908764,0.03764244541525841,-0.08271419256925584,-0.016444997861981392,-0.0981666222214699,-1.8402804926154204e-05,0.015584359876811504,-0.005154693499207497,-0.08751407265663147,-0.02761712670326233,-0.005378922913223505,-0.03241092711687088,0.010750498622655869,0.01483676303178072,0.1236833781003952,-0.049215979874134064,0.01990547403693199,0.09017346799373625,-0.022236373275518417,-0.005321712698787451,0.0003230229194741696,-0.06828425079584122,-0.0237070731818676,-0.010215952061116695,-0.06141923740506172,0.018164636567234993,-0.010006983764469624
-0.028570909053087234,0.02265607379376888,-0.006624699104577303,-0.02718789502978325,-0.05172591283917427,0.01597670093178749,-0.007409690413624048,-0.02399955131113529,-0.05005655065178871,-0.07310321182012558,-0.01631263643503189,-0.06552276760339737,0.04385828599333763,0.04605208709836006,-0.1241953894495964,0.035242736339569085,0.0,-0.01110822893679142,0.012014776468276976,0.013691777363419533,0.04802009090781212,-0.026019137352705,-0.03511941060423851,0.049657639116048806,0.027247386053204536,0.023759786039590836,-0.043565940111875534,-0.08225698024034499,0.058505501598119736,0.037842754274606705,-0.06102759391069412,-0.06449712067842484,0.05153104290366173,0.03724485635757446,0.03673089295625687,-0.07449571788311005,-0.018121741712093357,-0.013261794112622736,0.009803688153624535,-0.05670098960399628,-0.03295232355594635,-0.023623673245310783,0.0031188542488962408,0.07660772651433943,0.00411290442571044,-0.02548101171851158,-0.073879174888134,0.038230352103710175,0.036748237907886505,0.020264677703380585,0.02159927226603031,0.009278775192797186,-0.11550833284854888,0.061063334345817566,-0.03869293630123138,-0.011794053949415684,0.04691791161894798,0.00310895754955709,0.025003736838698387,-0.03245016187429428,-0.01888112723827362,-0.013374428264796732,0.035073790699243546,-0.041382189840078354,0.0021073075477033854,-0.08447040617465973,-0.006345272529870272,-0.013886243104934692,-0.020739864557981488,-0.05495123192667961,0.04512989148497581,0.03870755061507225,-0.03142616152763367,-0.006880094297230244,0.03367645666003227,-0.020445613190531727,0.00773972412571311,0.005513183772563934,-0.02368194982409477,0.01835617236793041,-0.0010165406856685877,0.042660001665353775,-0.10890731960535048,-0.03508225828409195,0.0012265931582078336,-0.020022375509142876,-0.03391897305846214,-0.004834654275327921,0.028333172202110287,-0.06890186667442322,0.05548820644617081,-0.02457608096301556,-0.03327528387308121,0.0065267872996628284,-0.009943360462784767,-0.01616935431957245,-0.01017342321574688,0.002915063640102744,-0.048521291464567184,-0.03922523558139801
-0.07265612483024597,0.032856062054634094,0.04381066560745239,0.010316072963178156,-0.049130748957395554,-0.04916989803314209,0.04811722412705421,0.022177906706929207,-0.01379793044179678,0.06682060658931732,0.0011078353272750972,-0.032452598214149475,-0.08817313611507414,0.060721550136804574,-0.017386529594659805,-0.010096783749759196,-0.01110822893679142,0.0,-0.07248350232839584,0.0632581040263176,-0.017353177070617676,-0.0970080867409706,-2.0174202290945686e-05,0.0020534794311970472,-0.10389027744531631,0.0430772677063942,0.07984156161546707,-0.021899424493312836,0.03299429267644882,-0.0004551552119664848,-0.039858777076005936,-0.02417168952524662,-0.016453366726636887,0.06100292131304741,0.03901943936944008,-0.04243675246834754,0.007441416382789613,-0.009037530981004238,0.03619138523936272,-0.05015430971980095,-0.02936740964651108,-0.003756990656256676,-0.026267884299159047,-0.016222652047872543,-0.0902496725320816,-0.06431714445352553,0.025349313393235207,-0.061919629573822015,0.06124312803149223,1.2799870091839692e-05,-0.05236804112792015,-0.07813611626625061,-0.05802824348211288,-0.015052452683448792,0.09049470722675325,-0.07019095867872238,0.0751795247197151,-0.030105430632829663,-0.007859578356146812,-0.0259129386395216,-0.014055044390261172,0.034448858350515366,-0.0015805584844201803,0.001592729240655899,0.01606706716120243,-0.05057570338249207,0.004401715472340584,-0.02371324971318245,0.014664411544799805,0.10661512613296507,-0.052577205002307885,0.10136063396930695,-0.011547662317752838,-0.11352069675922392,1.6371793662983691e-06,0.07365915179252625,-0.03071228601038456,-0.0002600038715172559,0.09792935848236085,-0.0001094223916879855,-0.06815386563539505,-0.018738919869065285,-0.06936977803707123,0.07868338376283644,-0.02543073892593384,-0.02917646989226341,-0.022778930142521855,-0.04459888115525246,-0.020491348579525948,0.032104216516017914,-0.021868487820029255,-0.018499117344617844,0.06747308373451233,-0.04939499869942665,4.190215258859097e-05,7.675552478758618e-05,0.04424678161740303,0.02295897714793682,-0.05802682414650917,-0.01910234987735748
