0,1,2,3,4,5,6,7,8,9,10,11,12,13,14,15,16,17,18,19,20,21,22,23,24,25,26,27,28,29,30,31,32,33,34,35,36,37,38,39,40,41,42,43,44,45,46,47,48,49,50,51,52,53,54,55,56,57,58,59,60,61,62,63,64,65,66,67,68,69,70,71,72,73,74,75,76,77,78,79,80,81,82,83,84,85,86,87,88,89,90,91,92,93,94,95,96,97,98,99
0.0,-0.044592812657356255,-0.005029311869293451,-0.0068249604664742955,-0.024526420980691906,-0.018830712884664532,0.007763870060443878,-0.061070982366800315,-0.02279521152377129,-0.018336275592446327,0.028762035071849823,-0.022506022825837132,0.0035100122913718224,0.040978118777275085,0.00320243276655674,0.09946805983781815,-0.0323493592441082,0.010825254954397678,-0.018287641927599903,-0.0007957931375131011,-0.05566190928220749,0.04872878268361092,0.03577578812837601,0.004514772444963455,-0.012840409763157368,-0.0019358748104423285,0.045283369719982154,-0.11943006515502928,0.04934142902493477,-0.10468038916587828,0.09376028180122375,0.06658245623111725,0.016884775832295414,-0.019514357671141624,0.0005301468190737069,-0.03559042140841484,-0.03347763046622276,-0.023978160694241524,-0.01576528139412403,-0.015606618486344814,0.05049670115113258,-0.012342706322669981,-0.07886697351932524,0.004980697762221098,-0.09987077116966248,0.05022565275430679,-0.01477691251784563,-0.1030261218547821,-0.03239288553595543,0.03796326369047165,0.03818469494581223,0.02306017838418484,-0.05872669070959091,0.038438696414232254,-0.01545758731663227,0.039149351418018334,0.01645994931459427,0.028728872537612915,-0.00652951980009675,0.019894447177648544,-0.011949117295444012,0.021099811419844627,-0.07501353323459625,6.168353593238862e-06,0.03544007986783981,0.009996573440730573,0.0388723723590374,0.029404938220977783,-0.04566030576825142,-0.09634362906217576,-0.06776122003793716,-0.051181696355342865,0.029916808009147644,-0.022352309897542,-0.06013746187090874,-0.005082535091787577,0.02493198029696941,0.014080453664064407,-0.12251917272806168,-0.12125232815742493,0.03117870911955833,-0.03349069505929947,-0.043758392333984375,-0.01670946180820465,0.017639048397541046,0.0699387937784195,-0.054683078080415726,-0.029489826411008835,0.0509873665869236,-0.05137225240468978,0.021965784952044487,0.018141614273190495,-0.03365333378314972,0.025755057111382484,0.03187941014766693,-0.01092029083520174,0.01585831120610237,-0.08183481544256209,-0.0005372219020500779,-0.03598758950829506
-0.044592812657356255,0.0,0.02216477692127228,0.026377119123935696,0.02260517328977585,0.025097236037254333,-0.0525309294462204,0.027043469250202175,-0.0555180199444294,-0.0034026592038571835,-0.07140135020017624,0.07450269162654877,-0.12530362606048584,0.06414284557104111,0.018407236784696576,-0.0015550031093880534,0.01477187592536211,-0.002958337077870965,-0.04584223031997681,0.023539274930953976,0.04753398150205612,0.039208326488733285,-0.01903696358203888,-0.0389377735555172,-0.04753649979829788,0.0013709432678297162,-0.03178989142179489,-0.03544105216860771,-0.002087152795866132,0.02820189855992794,0.08444511890411377,0.029111372306942936,-0.049800124019384384,-0.01740371435880661,-0.008812183514237406,-0.038534656167030334,-0.08488034456968307,0.034761056303977966,-0.002886428730562329,0.011612721718847752,0.0029633468948304653,0.009732922539114952,-0.041274674236774445,-0.0017025851411744952,-0.004385733045637608,0.07663375884294508,-0.022736359387636185,0.014340704306960104,0.043675273656845086,-0.06843508034944534,-0.05486281216144562,0.025842713192105293,0.006560827605426312,-0.02583708427846432,0.006033705081790686,-0.043493814766407006,0.04321885481476784,-0.05133941024541855,-0.06908527761697769,-0.03280670940876007,0.016643501818180084,0.041657023131847375,-0.015794619917869568,0.00826381705701351,-0.02652635239064693,-0.15488992631435394,-0.019633684307336807,-0.03666843846440315,-0.016368107870221138,-0.030286032706499096,-0.08027757704257965,-0.04428761824965477,0.047880955040454865,-0.018905365839600563,0.0132434768602252,-0.03488856554031372,0.0028679496608674526,0.07039488106966019,0.0069284606724977485,-0.010921871289610863,-0.0987621620297432,-0.008406379260122776,-0.002479631220921874,0.014503677375614645,0.017982857301831245,-0.028895804658532143,0.041141502559185035,0.007800674997270107,0.08450749516487122,0.06349973380565643,-0.032669246196746826,-0.04950353875756264,-0.02358202822506428,-0.052525486797094345,0.06330452859401703,-0.04975498467683792,-0.1288296729326248,-0.0017349165864288807,-0.0539054349064827,0.046270720660686486
-0.005029311869293451,0.02216477692127228,0.0,0.00385775906033814,-0.03094572015106678,-0.04459517076611519,0.02526823803782463,-0.027689270675182343,0.08982202410697937,-0.0015836163656786084,0.10418511182069778,0.04412447288632393,-0.09665854275226592,-0.11763345450162888,0.013276713900268076,0.00031041121110320086,0.0320243313908577,-0.04126757010817528,0.04742008075118065,0.054411306977272034,-0.003914554603397846,-0.018284488469362255,-0.08228193968534468,-0.020164970308542248,-0.018522709608078,-0.012336270883679388,-0.010967211797833443,0.03169838711619377,-0.06853917241096497,0.08035299926996231,-0.021014802157878876,-0.04275793209671974,0.03422444686293601,-0.035094138234853745,0.04517902806401253,-0.020158160477876663,-0.012892224825918674,0.04265418648719788,-0.03759701550006866,-0.022683173418045044,-0.071329265832901,-0.0411473624408245,-0.04541574791073799,0.01306912675499916,-0.03061217255890369,-0.0017566180322319267,-0.046252090483903885,0.033947329968214035,-5.246655928203836e-05,0.006134325638413428,-0.05719022452831268,-0.0156345684081316,-0.0631018728017807,-0.0052631269209086895,-0.01120188646018505,0.020052464678883553,0.03138478845357895,-0.06575017422437668,-0.04215187579393386,-0.02189991809427738,-0.004519701469689608,0.02978343144059181,0.01735963299870491,0.015453636646270752,0.026922602206468586,0.07983811944723129,-0.006837179884314537,-0.1390674114227295,0.018381740897893906,0.006586822215467691,-0.11592467874288558,0.011337218806147575,-0.004561646841466426,0.029953224584460255,-0.016609128564596176,-0.04158950224518776,-0.05535881221294403,-0.03157780691981316,-0.004299905616790056,0.0437789224088192,0.08352398872375488,-0.012342618778347967,0.04493885487318039,0.005969271529465914,-0.03872228413820267,0.012440443970263004,-0.034102436155080795,-0.002620502607896924,-0.09213118255138397,-0.015548564493656158,0.0009489317890256643,0.0024470482021570206,-0.010588789358735085,-0.02818017266690731,-0.030880331993103027,-0.03430148959159851,0.008457492105662823,-0.0503837987780571,-0.026981798931956288,0.02478672005236149
-0.0068249604664742955,0.026377119123935696,0.00385775906033814,0.0,0.04858262836933136,0.0052223741076886645,0.0022163321264088154,0.06890258193016052,-0.09122467041015624,-0.02270114794373512,-0.04562105610966682,-0.03736059367656708,-0.00035416817991063,-0.07986389845609665,-0.031174907460808757,0.0008390790899284184,-0.11990778893232344,-0.17538799345493317,0.01009158045053482,-0.04334928840398789,0.08308225125074385,0.051188357174396515,0.05456669628620148,0.01984109543263912,-0.04776100814342498,-0.045643929392099374,0.0015623830258846283,0.03023007698357105,-0.0005225309869274497,-0.05512793362140656,0.0005734828882850707,0.002427805680781603,0.013699788600206377,0.03571178764104843,-0.06916285306215286,-0.02392437867820263,-0.03648815304040909,0.030259666964411732,-0.017633313313126564,0.018541861325502396,-0.030465660616755486,0.05454901978373528,-0.021185358986258503,-0.033373329788446426,0.030117476359009743,-0.005345417186617851,0.035034749656915665,-0.03783927112817764,-0.06399159133434296,0.016187645494937897,-0.019002769142389297,-0.039541769772768014,0.0290752537548542,0.1294117271900177,-0.038369759917259216,0.021710796281695362,0.07818780839443207,-0.02712784335017204,-0.05318158492445946,-0.0059721022844314575,0.04568018764257431,-0.016430161893367767,0.006700979080051184,-0.027514908462762833,-0.006956485565751791,0.008137132041156292,0.014219189994037151,0.040012892335653305,-0.08344762772321701,-0.02575376443564892,0.1112498864531517,-0.025406107306480408,-0.000597724923864007,-0.026879047974944115,-0.0771089717745781,0.030430415645241737,0.014188586734235287,-0.01776961050927639,0.017066240310668945,-0.05329566821455956,0.05079280212521553,0.04435717687010765,-0.023189431056380272,-0.09295942634344101,-0.0121980719268322,-0.052161242812871926,-0.07567644119262694,0.04271065816283225,0.031161980703473088,-0.0776219144463539,-0.11242357641458511,-0.01087979320436716,-0.02862377092242241,0.003324106801301241,-0.0008566671749576926,0.024452878162264824,0.0015613619470968843,-0.03517380356788635,0.041696857661008835,0.04868829250335693
-0.024526420980691906,0.02260517328977585,-0.03094572015106678,0.04858262836933136,0.0,-0.02235567569732666,-0.06837687641382217,-0.032989859580993645,-0.00218765577301383,-0.0168596301227808,0.0015117326984182,0.0203460194170475,0.04491429775953293,-0.052334975451231,0.02515736222267151,-0.013666835613548756,0.06258904188871384,0.01253130380064249,-0.011058445088565348,0.002464724238961935,-0.08151822537183762,-0.03261075168848038,0.0013681674608960748,-0.08710741996765135,0.04249287024140357,0.021918639540672306,-0.002801123773679137,-0.05360317602753639,-0.05448675155639648,-0.0587635301053524,-0.010774319060146809,-0.10633926838636398,0.0277379397302866,-0.03752287477254868,-0.02765687555074692,-0.038983389735221856,0.010314589366316795,0.007992567494511603,0.015187591314315796,0.018395813181996346,-0.0033353539183735847,-0.023156093433499336,-0.03383331745862961,-0.014305985532701015,-0.01991334557533264,0.013676544651389122,-0.0417696051299572,0.0021715604234486814,-0.011408617720007896,-0.003204049775376916,-0.02524819783866405,-0.007221985142678022,-0.019743410870432854,-0.01272127777338028,0.0516631118953228,0.034752778708934784,-0.02907075732946396,0.04513829573988914,-0.016914576292037964,0.01811281219124794,-0.02185327187180519,-0.017008526250720024,-0.004907417111098766,-0.06120600923895836,0.013570423237979412,-0.022701406851410862,0.01308354828506708,0.024725882336497303,0.04853374511003494,0.012560470029711723,-0.02845962904393673,-0.052794355899095535,-0.044156771153211594,-0.01886824145913124,0.013490746729075909,-0.03560279682278633,-0.04627928137779236,-0.0030473058577626944,-0.03679395094513893,0.02262326516211033,0.044310156255960464,-0.024111689999699593,-0.03960194066166878,-0.011243315413594244,-0.01596996560692787,0.005321592092514038,0.0449325107038021,-0.006797716021537781,-0.05170854181051254,-0.03474728390574455,-0.04393482953310013,0.019635209813714027,-0.010098098777234554,0.02340968511998653,0.011992130428552628,-0.03822360187768936,0.023977631703019146,0.035720858722925186,0.010540562681853771,-0.02479667216539383
-0.018830712884664532,0.025097236037254333,-0.04459517076611519,0.0052223741076886645,-0.02235567569732666,0.0,-0.010311104357242584,-0.11498979479074478,-0.005915261805057526,0.0034133880399167538,-0.12365882098674774,-0.0172744020819664,-0.00512097030878067,-0.037134245038032525,0.023748740553855896,-0.023531710729002953,-0.04755721241235733,-0.06919422000646591,0.0357060581445694,-0.05164875090122223,-0.01870906911790371,-0.017231818288564682,0.029962321743369102,-0.03841068595647812,-0.02242870256304741,-0.05229181423783302,-0.03712595999240875,-0.012351371347904204,0.008830017410218716,-0.03304228186607361,-0.051735103130340576,-0.036560561507940285,-0.01936262287199497,0.017333464697003365,-0.013921241275966167,0.0065476493909955025,-0.06581902503967285,0.07091403007507324,-0.03108484111726284,0.006766936741769314,0.012738018296658993,-0.0035666320472955704,0.024441920220851895,-0.04834551364183426,-0.10167296975851058,-0.032193657010793686,0.034489747136831284,-0.04834596067667008,0.045476451516151435,0.007341986056417226,0.06918640434741974,-0.09718720614910124,0.05418798699975014,0.00757193611934781,-0.008978394791483879,0.05491476133465767,0.010459407232701778,0.01704111322760582,-0.03289133682847023,0.015605476684868336,0.002946196822449565,0.007838494144380093,0.009654631838202477,0.04259072244167328,-0.04367683827877045,-0.07350750267505644,0.02899792231619358,-0.005469633731991053,-0.017925245687365532,-0.009850927628576756,0.033147796988487244,-0.031878527253866196,0.0012269668513908982,-0.05426068231463432,-0.03976036235690117,-0.06496589630842209,-0.008286539465188978,0.055511519312858575,-0.01939600519835949,-0.06164833158254624,0.059000857174396515,-0.08155096322298051,0.039661746472120285,0.02704118937253952,0.001860657474026084,-0.04496661573648453,0.07929136604070662,-0.029959674924612045,0.009174541570246221,-0.02930583991110325,-0.03833927214145661,-0.04688573628664017,0.04976017773151398,0.028614891692996025,0.04063067212700844,0.053493939340114594,0.0446813702583313,-0.00023070715542417017,0.03716378659009933,-0.07400139421224594
0.007763870060443878,-0.0525309294462204,0.02526823803782463,0.0022163321264088154,-0.06837687641382217,-0.010311104357242584,0.0,0.09446723759174347,-0.03370337188243865,0.06380721181631088,0.005824033636599779,0.005813552066683769,0.011604403145611286,-0.015189360827207564,-0.05326999351382256,0.03880047425627709,0.034218426793813705,-0.013893955387175083,-0.05008436739444733,-0.008431339636445045,-0.04771476611495017,-0.05839788168668746,0.004543594550341368,-0.06277485936880112,0.06535732001066208,0.031228354200720787,0.02820836193859577,-0.04802144691348076,-0.002821418223902583,0.009262620471417906,-0.02400251105427742,-0.09652147442102432,0.013034439645707607,-0.05042620375752449,0.007687051314860582,0.0225849412381649,0.014926187694072723,0.012196267955005167,-0.004264257848262786,0.005871194414794445,0.01837399415671825,-0.0502474419772625,-0.020295174792408943,-0.06755851209163666,-0.05204933509230614,0.032976433634757996,-0.04080062359571457,-0.011941410601139069,0.026608893647789955,-0.07885314524173737,-0.08906059712171553,-0.01083012856543064,0.003722220659255981,0.021663054823875427,0.016294879838824272,-0.01599163748323917,-0.03762216866016388,0.005283611360937357,-0.044777005910873406,0.01328769139945507,-0.12029163539409636,-0.0021304127294570208,0.06865726411342621,-0.05321013554930687,0.00017191513325087726,-0.05937347188591957,-0.020659079775214195,0.0013550923904404044,0.004302541259676218,0.0043000117875635615,-0.028441639617085457,0.0008105987217277288,-0.02001386135816574,0.00487909559160471,0.08999193459749222,-0.011941813863813875,-0.000822751608211547,-0.0016140590887516737,0.0188265647739172,-0.023987287655472755,-0.037061065435409546,0.009751657955348493,-0.07616297900676726,0.01734895072877407,-0.05177197605371475,-0.04230228438973426,-0.03381221368908882,0.08210047334432603,-0.05712652206420898,0.013386480510234833,-0.0023462718818336725,0.01420760154724121,-0.07134354114532471,0.045377667993307114,0.016529344022274017,-0.0221922155469656,-0.051720824092626565,0.05711534246802329,-0.01413175743073225,0.04371068999171257
-0.061070982366800315,0.027043469250202175,-0.027689270675182343,0.06890258193016052,-0.032989859580993645,-0.11498979479074478,0.09446723759174347,0.0,0.08693420141935347,0.004196731373667717,-0.09080041944980621,-0.028050946071743965,0.01094001904129982,0.032628219574689865,0.02316550724208355,-0.0020534705836325884,-0.014826178550720215,0.0806475430727005,0.027199735864996914,-0.01513640023767948,-0.04018296301364899,-0.04005870223045349,-0.07281117886304854,0.02142820321023464,0.013869626447558405,-0.024478491395711895,0.008391934446990492,-0.009491708129644394,0.02058261446654797,-0.039950981736183167,-0.1133858785033226,0.0051651145331561565,0.03287558630108833,0.0338418148458004,0.006160800345242024,0.0028806787449866533,-0.015968209132552147,0.0007568168803118169,-0.05876556038856506,-0.08509936183691023,0.00768373580649495,-0.024714363738894463,-0.008151979185640814,0.04291151463985443,-0.06605435907840729,-0.03349730372428894,-0.012426627799868584,-0.06454290449619293,-0.05183801054954529,-0.01613103039562702,0.12489087134599684,-0.022910369560122486,-0.044248949736356735,-0.02373361028730869,0.01358124241232872,0.016642186790704727,0.003370014252141118,0.04068572074174881,0.04114073514938354,0.002246845979243517,-0.020796498283743855,0.00010835500143002717,-0.04430590569972992,0.019494757056236267,-0.04054513201117516,0.057155244052410126,0.06451469659805298,0.0018007687758654356,0.08583392947912216,-0.05047626793384552,-0.15115901827812195,-0.0680377334356308,0.04819898679852486,-0.0030157139990478754,-0.01040489412844181,0.00014990520139690489,-0.07969741523265839,-0.04421846196055412,0.026457997038960457,0.012720178812742232,-0.012159609235823154,-0.04032373428344727,0.05805246159434319,-0.035282328724861145,-0.01845931634306908,-0.01117995288223028,-0.004371256567537785,-0.02126038447022438,0.003363550174981356,-0.04431705176830292,-0.011405907571315764,-0.010654703713953497,0.05563881620764732,-0.12129434943199156,0.0163875725120306,0.01785716786980629,0.021028483286499977,0.024702390655875203,0.00876711681485176,-0.08360822498798369
-0.02279521152377129,-0.0555180199444294,0.08982202410697937,-0.09122467041015624,-0.00218765577301383,-0.005915261805057526,-0.03370337188243865,0.08693420141935347,0.0,0.00980130396783352,0.006160800345242024,-0.03764937072992325,0.01639646664261818,0.008247049525380135,-0.017794424667954445,0.027962323278188705,0.002905098954215646,-0.017912406474351883,-0.0445186123251915,-0.027884190902113914,0.009746776893734932,0.005824348423629999,-0.05613785609602928,-0.04822925478219985,0.01474066637456417,0.03140084818005562,-0.03154805302619934,-0.004229826852679253,-0.0006314137717708945,-0.025609005242586132,0.0022908877581357956,-0.009079053066670895,-0.025916665792465206,-0.030032889917492863,-0.04793161526322365,-0.03136196732521057,0.025403298437595367,-0.0679060071706772,0.013562253676354883,-0.011762768030166624,0.018781153485178947,0.021287379786372185,0.021935695782303807,-0.03150353580713272,0.01749313808977604,0.030026303604245182,-0.03463071957230568,0.06675951927900313,-0.0008528546895831822,-0.04463017731904984,-0.0333096906542778,-0.0036581954918801776,0.0021853554062545295,-0.007640117313712835,0.06079822406172752,-0.02999097667634487,-0.0049174721352756015,0.004050300922244787,0.0069397310726344585,-0.013647535815835,-0.00320303812623024,-0.012786878272891045,-0.01115070842206478,-0.06890638917684555,-0.01416015625,-0.0720037966966629,-0.015069472603499888,0.030736951157450676,0.0314197801053524,-0.024842726066708565,0.09836727380752563,-0.0824863314628601,0.03640114143490791,-0.022477462887763977,-0.03393121808767319,-0.04490791261196136,-0.013566267676651476,-0.012379473075270653,-0.03125188499689102,0.0003777975798584521,-0.02310914359986782,0.00717255612835288,-0.005662813782691956,-0.051462486386299126,0.026249701157212257,-0.02827189676463604,-0.09115503728389743,0.05350447818636894,0.06170010939240456,-0.0028820317238569255,0.008989132009446623,-0.021455299109220505,-0.023720417171716687,0.0015770341269671917,-0.030500436201691628,-0.060151468962430954,-0.07817793637514113,-0.04724821820855141,-0.043970078229904175,0.0681273564696312
-0.018336275592446327,-0.0034026592038571835,-0.0015836163656786084,-0.02270114794373512,-0.0168596301227808,0.0034133880399167538,0.06380721181631088,0.004196731373667717,0.00980130396783352,0.0,0.0867779403924942,0.05654594674706459,-0.045708715915679925,-0.019539259374141693,0.098236046731472,-0.008976321667432785,-0.011004190891981123,-0.012487784028053284,-0.05253853648900986,-0.026944903656840324,-0.006324100773781538,0.05941949039697647,0.024846311658620834,0.026306506246328357,0.009185802191495895,-0.013402516022324562,-0.005718315951526165,-0.06632113456726074,0.07967053353786467,-0.048430666327476495,0.012391498312354088,-0.00012006510951323433,-0.07235298305749893,-0.06430728733539581,-0.013578272424638271,0.006764734629541636,-0.021413885056972504,0.025835363194346428,0.05404935032129288,-0.02282581478357315,-0.03743918612599373,0.09528504312038419,-0.011631879955530167,-0.03289781138300896,0.01818894036114216,-0.07167654484510422,0.0014745278749614952,-0.014069186523556708,-0.14551885426044464,0.034063979983329766,-0.03399832174181938,0.0450584888458252,0.03331039845943451,0.018112560734152797,-0.03451340273022652,-0.04572701454162598,-0.02560334838926792,-0.008585136383771896,0.04770758748054504,-0.05174545571208,0.09936442226171491,-0.04457062110304832,-0.048704814165830605,0.01268123649060726,0.002745236502960324,-0.05592819303274155,-0.11680569499731064,-0.0013519048225134611,-0.0018621529452502728,0.01952121779322624,-0.04247365519404411,-0.0310042817145586,-0.051430173218250275,0.02995702251791954,-0.04464515671133995,-0.08878649771213531,-0.08395464718341827,-0.04483429342508316,-0.0628005787730217,0.009831963106989859,-0.026402588933706284,-0.03501966968178749,0.0007127715507522224,-0.06005187332630157,0.07676476240158081,-0.0022861624602228403,0.0775555968284607,-0.039833392947912216,-0.08085022866725922,-0.035512011498212814,-0.05128797516226768,-0.03439238294959068,0.025012820959091183,-0.015091883949935436,-0.01904292032122612,0.03289185091853142,-0.008512305095791817,0.09597617387771606,0.05326376110315322,0.02409372292459011
0.028762035071849823,-0.07140135020017624,0.10418511182069778,-0.04562105610966682,0.0015117326984182,-0.12365882098674774,0.005824033636599779,-0.09080041944980621,0.006160800345242024,0.0867779403924942,0.0,-0.06886187195777893,-2.580410000518896e-05,0.09202221781015395,-0.09401339292526244,-0.13021007180213928,-0.07558678835630415,-6.919002771610394e-05,0.004476402420550585,-0.03609537705779076,1.0909615411947016e-05,-0.028174821287393566,0.017745062708854675,0.010907646268606184,-0.004430097993463278,-0.02623826079070568,-3.547922824509442e-05,-0.03742676973342896,0.026719404384493828,-0.032820116728544235,-0.06734131276607513,-0.05882681161165237,0.0255576204508543,0.022811325266957283,0.021886674687266346,-0.08049323409795761,-0.03290241211652756,-0.10074503719806673,-0.06558039039373398,-0.01975894160568714,0.05582080781459808,-0.07438529282808304,0.0312446802854538,0.015390804037451744,-0.0003089959209319204,0.042266666889190674,-0.04867714270949364,-0.0064388480968773365,0.0145788062363863,-0.07832913100719453,0.010814890265464783,0.027279993519186974,-0.0015304766129702327,0.024693528190255165,0.03593912720680237,0.05956338718533516,0.0058707520365715036,-0.03126347064971924,0.007837831974029541,0.014151046052575111,0.04881813004612923,0.015815729275345802,-0.033677708357572556,-0.037690047174692154,-0.014480860903859138,-0.0693039521574974,-0.052577894181013114,0.024744579568505287,0.00518764415755868,0.0674310252070427,-0.06339560449123383,-0.06230973452329636,-3.542224658303894e-05,-0.04001832753419876,0.027336740866303444,0.06988583505153656,0.014418297447264194,0.013861751183867455,0.07728996127843855,0.13336384296417236,6.0822396335424855e-05,-0.017722314223647118,0.056893784552812576,-0.03310050442814827,-0.09651559591293336,-0.1176956370472908,8.621255256002768e-05,0.000736130285076797,0.09338005632162094,0.0019240782130509613,-0.0293903723359108,-0.037149645388126366,0.05015677586197853,-0.04923996329307556,0.025427334010601044,-0.0242585763335228,0.020068075507879257,0.08538641035556793,-0.02876478619873524,0.01881064288318157
-0.022506022825837132,0.07450269162654877,0.04412447288632393,-0.03736059367656708,0.0203460194170475,-0.0172744020819664,0.005813552066683769,-0.028050946071743965,-0.03764937072992325,0.05654594674706459,-0.06886187195777893,0.0,0.018710857257246968,0.04681577906012535,-0.012780467979609966,-0.1379900574684143,-0.009704843163490295,0.019664540886878967,-0.003455091267824173,-0.07051143795251846,0.05655988678336144,-0.05391987040638924,-0.0820423737168312,-0.08291617780923843,-0.07275634258985518,2.2364101823768575e-05,-0.00923040509223938,0.08011169731616972,-9.256020712200552e-05,-0.041185397654771805,0.08367247134447098,-0.015535051003098488,0.034338563680648804,0.12255510687828064,-0.04133839160203934,0.0035123236011713743,5.466878792503849e-05,0.003436688333749771,-0.010725563392043112,-0.03545498847961426,0.019937682896852493,0.035309650003910065,-0.0477522350847721,-0.10562360286712646,-0.04775068536400794,-0.03840514644980431,-0.019951865077018734,-0.06255016475915909,0.04561123624444008,-0.010802819393575191,0.03678921237587929,-0.10805226862430573,-0.09165209531784056,-0.05112522840499878,-0.011169313453137875,-0.010429276153445244,0.0044954707846045485,-0.03660890832543373,0.013682212680578232,0.004929081536829472,0.06439685821533203,-0.04967080429196358,0.01431791577488184,-0.0563550628721714,-0.046457167714834206,-0.0515742041170597,0.013079298660159113,0.05675302445888519,-0.09209026396274567,-0.06425147503614426,0.10667035728693008,0.08351855725049971,0.0431402362883091,0.016761602833867073,0.0018901024013757704,0.00012980654719285667,0.02558532916009426,0.061988871544599526,0.010422739200294016,-0.02277211844921112,-0.04061641916632652,-0.01764856092631817,6.327104529191274e-07,0.03935593366622925,-0.00036634149728342885,0.027402542531490322,-0.03763295710086823,-0.10464834421873093,0.04104039445519447,-0.04173368215560913,0.00464670080691576,0.017804522067308422,-0.03928918391466141,0.05080557242035866,-0.06398963183164597,-0.0018224912928417325,0.08201242983341217,-0.017153190448880196,0.003259055782109499,-0.047525953501462936
0.0035100122913718224,-0.12530362606048584,-0.09665854275226592,-0.00035416817991063,0.04491429775953293,-0.00512097030878067,0.011604403145611286,0.01094001904129982,0.01639646664261818,-0.045708715915679925,-2.580410000518896e-05,0.018710857257246968,0.0,0.004343752283602953,-0.052963968366384506,0.03216911479830742,0.07685016840696336,-0.03641015663743019,-0.06306684017181396,-0.016098320484161377,0.01194083597511053,-0.004667996428906918,-0.014523846097290516,0.01717323809862137,-0.028872806578874588,-0.08911443501710892,0.01889161206781864,-0.05603308230638504,0.0397089459002018,0.05523362010717392,-9.202004730468617e-05,0.10453354567289352,0.021234361454844475,0.0461638830602169,-0.033252522349357605,0.03612134233117104,-0.0009303501574322579,-0.0017032939940690994,0.007127261720597744,0.0528249479830265,0.00787719339132309,-0.07883142679929733,0.03255864977836609,-0.005601099692285061,0.01095154508948326,-0.07900631427764893,0.0168764628469944,-0.028328636661171917,0.04220053181052208,-0.13051412999629974,-0.08933232724666595,0.05040900036692619,-0.08660038560628891,0.001478370977565646,-0.03705629706382752,0.05088908970355988,0.04600558429956436,-0.05698809027671813,-0.07367633283138275,-0.05023102089762688,0.13457943499088287,0.1519155502319336,-0.01275634765625,-0.027048593387007717,-0.041758760809898376,0.02671634219586849,-0.03582066297531128,-0.04407750070095062,0.0026679986622184515,-0.06829958409070969,0.0029516913928091526,-0.02218982204794884,-0.001803595223464072,0.01614857092499733,-0.05631686747074127,-0.049964889883995056,-0.07419205456972122,0.1217399314045906,0.02215500734746456,-0.0400138720870018,-0.015218445099890232,-0.05333126336336136,0.03610070049762726,-0.0017520168330520391,-0.038150008767843246,0.0025157649070024486,0.06942533701658249,0.0003083362535107881,-0.07956529408693314,0.0018600701587274673,-0.03197937458753586,0.038751695305109024,-0.061492398381233215,-0.054164361208677285,0.0018894120585173368,-9.857916302280499e-05,0.0367235504090786,0.01218436099588871,-0.04279268905520439,0.03354272246360779
0.040978118777275085,0.06414284557104111,-0.11763345450162888,-0.07986389845609665,-0.052334975451231,-0.037134245038032525,-0.015189360827207564,0.032628219574689865,0.008247049525380135,-0.019539259374141693,0.09202221781015395,0.04681577906012535,0.004343752283602953,0.0,0.06671332567930222,0.04949277639389038,0.0014108289033174515,-0.0782088190317154,0.10929226130247116,-0.09183271974325181,-9.151937774731776e-06,-0.03197367861866951,0.018746305257081985,-0.06681737303733826,0.02427692711353302,-0.06913714855909348,-0.03554418310523033,0.03994785621762276,-0.0299429465085268,0.042650382965803146,-0.02923772484064102,-0.022418040782213208,-0.049846161156892776,-0.14550137519836423,0.05188533291220665,0.003935848362743855,-0.02832483500242233,0.025301838293671608,-0.04207253083586693,0.053347330540418625,0.03683820366859436,-0.050450611859560006,-0.03006131574511528,0.05449658632278442,0.0020762726198881865,-0.031067343428730965,0.017238305881619453,-0.04317266494035721,-0.025996167212724686,-0.06686751544475555,-0.05639952421188354,0.05234238505363464,-2.623430009407457e-05,0.018552517518401142,0.009560810402035711,0.001753352815285325,0.0018917161505669355,-0.022777851670980453,0.03920022398233414,-0.05539274960756302,-0.07334864139556883,-0.036156084388494485,0.0725078284740448,0.006962763145565987,-0.0173041932284832,0.030612422153353688,0.04226519912481308,-0.019675530493259426,0.026281438767910004,-0.08695706725120544,0.10044751316308977,0.02633485570549965,-0.049643788486719125,-0.060646358877420425,0.026947611942887303,-0.0033241042401641607,-0.09803037345409392,0.00803359504789114,-0.013154557906091211,0.029433473944664,0.12370220571756362,0.039351247251033776,-0.024946752935647964,-0.0714033767580986,-0.05024809762835503,-0.02072230353951454,0.007799822371453047,-0.04134907945990562,0.03560314327478409,-0.06343884021043777,-0.029218683019280437,0.0021373813506215806,-0.023533282801508904,0.0054597328417003155,-0.030313435941934586,-0.08781322091817856,0.07182540744543076,0.01718834973871708,0.03689312934875488,-0.047668639570474625
0.00320243276655674,0.018407236784696576,0.013276713900268076,-0.031174907460808757,0.02515736222267151,0.023748740553855896,-0.05326999351382256,0.02316550724208355,-0.017794424667954445,0.098236046731472,-0.09401339292526244,-0.012780467979609966,-0.052963968366384506,0.06671332567930222,0.0,-0.04227366670966148,0.0016256229719147086,0.04859483242034912,-0.07901929318904877,0.01621975377202034,0.07006305456161499,-0.10311459004878996,0.004723691381514072,0.006694240029901265,-0.0754057466983795,0.01441038865596056,0.0664350762963295,0.011538508348166943,0.0941833257675171,0.01920229569077492,0.07985227555036543,-0.06052790582180023,-0.11823677271604537,9.25210588320624e-06,0.004643989261239767,-0.07894659787416458,0.0488467812538147,0.014147182926535606,-0.04718680307269096,-0.04755208641290665,-0.0022494453005492687,0.006328512448817492,0.05290173739194869,-0.05899389833211898,-0.02864304929971695,0.06869607418775558,-0.06783334910869598,0.004197582602500916,0.0016826239880174398,0.018684823065996167,0.013330248184502125,-0.028192725032567974,0.06127121299505234,-0.056665666401386254,-0.07659405469894409,0.0065133459866046906,0.008907300420105457,-0.014971662312746048,-0.06368092447519302,0.10350527614355089,-0.04073451831936836,0.05391473695635796,0.0011580032296478748,-0.007664431352168322,0.06705342233181,0.18012961745262146,-0.07219519466161728,-0.11319753527641296,0.06341135501861572,-0.050510026514530175,0.07473386824131013,-0.045343764126300805,-0.048331595957279205,0.0009725670679472387,-0.04910387471318245,0.00013566171401180327,-0.01947740279138088,-0.051183197647333145,-0.01605461537837982,0.015330426394939423,0.015304598025977612,0.05339045077562332,0.03474011644721031,0.05856993794441223,-0.04661599174141884,-0.0940350592136383,0.03313415125012398,0.005768444389104843,-0.039826929569244385,-0.05887150764465332,-0.051903363317251205,-0.04057376831769943,-0.021632788702845573,0.00017005554400384426,0.01885838247835636,-0.030237944796681404,-0.1108326017856598,-0.0014073456404730675,-0.01260609459131956,0.02477284334599972
0.09946805983781815,-0.0015550031093880534,0.00031041121110320086,0.0008390790899284184,-0.013666835613548756,-0.023531710729002953,0.03880047425627709,-0.0020534705836325884,0.027962323278188705,-0.008976321667432785,-0.13021007180213928,-0.1379900574684143,0.03216911479830742,0.04949277639389038,-0.04227366670966148,0.0,-0.05730530619621277,0.034899916499853134,0.06330018490552902,-0.03414998948574066,-0.010317877866327763,0.06996341794729233,-0.09102088958024977,-0.011467324569821356,0.006353500299155712,-0.042177636176347726,0.05592510849237441,-0.05733561143279076,-0.08311858028173447,0.0504235103726387,-0.0786135196685791,-0.053050361573696136,0.08046072721481323,-0.04127727076411247,-0.034248098731040955,-0.05482031032443047,-0.05251239612698554,-0.050657834857702255,0.012270376086235046,0.01991921290755272,-0.08644242584705351,-0.06191784515976906,-0.005878294352442025,0.04325496032834053,-0.05192231014370918,-0.02809922397136688,-0.0009255633340217171,0.020100509747862812,-0.004201136995106936,0.029356058686971664,0.06743020564317703,0.015201522037386894,-5.409625828178832e-06,0.0036752359010279174,-0.011308742687106133,0.0010322207817807791,-0.035125184804201126,-0.05647633969783783,2.5584806735423622e-06,0.005028332583606243,0.08555781096220016,-0.06912066787481308,-0.0045225415378808975,-0.08894857019186019,0.041613422334194176,0.0011278336169198155,-0.08469008654356003,0.028200468048453328,-0.057956088334321976,0.04978963732719421,0.0465887114405632,0.12389680743217468,-0.0636209100484848,0.024350320920348167,-0.026676375418901443,0.024978499859571457,-0.07748652994632721,2.5713825380080376e-05,0.059472315013408654,-0.0397668220102787,-0.03326592966914177,0.014635318890213966,0.0003494993725325912,0.0012528750812634824,0.003539882833138108,-0.02109473943710327,0.102125346660614,-0.14051653444766998,-0.0760306864976883,0.006412313785403967,-0.024633944034576416,0.05229077860713005,-0.0050805057398974895,0.0958624556660652,-0.024490950629115105,-0.06921983510255814,-0.0003538190212566405,0.03389197215437889,0.04990912973880768,0.05838717520236969
-0.0323493592441082,0.01477187592536211,0.0320243313908577,-0.11990778893232344,0.06258904188871384,-0.04755721241235733,0.034218426793813705,-0.014826178550720215,0.002905098954215646,-0.011004190891981123,-0.07558678835630415,-0.009704843163490295,0.07685016840696336,0.0014108289033174515,0.0016256229719147086,-0.05730530619621277,0.0,-0.043120123445987694,-0.038939714431762695,-0.03924820199608802,0.041094280779361725,0.06195322796702385,-0.01694449968636036,0.07122671604156494,-0.029227379709482193,-0.010206460952758787,-0.017493074759840965,-0.1080162078142166,0.03426763415336609,0.03172946348786354,-0.09438948333263396,-0.012359101325273512,0.0010596596403047442,0.027600688859820362,0.0515495091676712,-0.036563169211149216,-0.02174476720392704,-0.06735507398843765,-0.05073830857872962,0.0001648877077968791,-0.0553690567612648,0.02180385030806065,0.018560387194156647,0.053000833839178085,-0.08316700905561446,0.0038089666049927473,-0.005124851129949093,0.009251794777810574,-0.05258095636963844,0.07051834464073181,-0.014754108153283596,-0.012080025859177113,0.024849891662597656,0.05157716572284698,-0.0915827751159668,-0.01554215233772993,0.047583438456058495,-0.04437587782740593,0.0059320484288036815,-0.05218002200126648,-0.05580703541636466,-0.05293745920062065,-0.014004979282617567,0.12953858077526093,-0.07709175348281859,-0.05845113471150398,-0.025064630433917046,-0.03478563949465752,-0.007015187293291092,-0.04927188158035278,-0.003143075853586197,0.03624023497104645,0.01180843450129032,-0.04088157415390015,-0.03425576165318489,0.05058246105909348,0.055117163807153695,-0.03129647299647331,0.015664538368582726,0.043711457401514046,0.025135112926363945,-0.003797772107645869,-0.03295145556330681,-0.046817421913146966,0.0012681286316365004,-0.08206917345523834,-0.07599076628684996,0.00018901290604844687,0.004841163754463196,0.020139873027801517,0.025078479200601574,-0.029739402234554287,-0.015936842188239098,0.030080294236540794,-0.006379417143762112,-0.021828230470418927,-0.023509513586759567,-0.0016228870954364538,0.04491228610277176,0.025713341310620308
0.010825254954397678,-0.002958337077870965,-0.04126757010817528,-0.17538799345493317,0.01253130380064249,-0.06919422000646591,-0.013893955387175083,0.0806475430727005,-0.017912406474351883,-0.012487784028053284,-6.919002771610394e-05,0.019664540886878967,-0.03641015663743019,-0.0782088190317154,0.04859483242034912,0.034899916499853134,-0.043120123445987694,0.0,0.02119408547878265,0.03645467385649681,-0.012758165597915648,-0.025793077424168583,0.01561000570654869,0.043340008705854416,0.0018084251787513492,0.10821295529603958,0.018307674676179882,0.08120987564325331,0.02325294353067875,-0.05976682901382446,-0.04280272126197815,-0.006180205382406712,0.05790581926703453,0.003457460319623351,0.04050291329622269,-0.013300881721079348,-0.05196112021803856,0.034274812787771225,-0.06282073259353638,-0.016574563458561897,-0.0004522886301856488,-0.07587742805480957,0.04035920649766921,0.04728146642446518,-0.0233184564858675,-0.0135345458984375,-0.027964893728494644,0.019734026864171028,-0.00705157034099102,-0.06381803005933762,-0.01789582148194313,0.0056738900020718575,-0.02100726030766964,0.09804876893758771,0.012667476199567316,0.08692728728055955,0.03260939568281174,-0.06465155631303787,0.02529398910701275,-0.09620425105094908,-0.04121294617652893,0.03521494194865227,0.03692197054624557,-0.003198295598849654,-0.008345387876033785,0.04912141710519791,-0.041839275509119034,0.023058528080582615,-0.12091800570487976,0.18194861710071564,-0.030038211494684216,-0.04204149544239044,-1.143877216236433e-05,-0.007863659411668777,-0.018116412684321404,-0.0690845400094986,0.02821631357073784,-0.04679642245173454,-0.07857734709978102,-0.06516465544700623,-0.002070370363071561,0.0004268726916052401,0.0050469739362597466,-0.04048798605799674,-0.09583767503499983,-0.029656896367669106,-0.02523215487599373,0.03559788689017296,0.0007928496343083679,-0.004303883761167526,-0.04907898977398872,-0.03924775123596192,0.03867710754275321,0.04006164520978928,-0.05387527123093605,-0.017600541934370995,0.003917519934475422,-0.03373239189386368,-0.09210312366485597,0.05179857462644577
-0.018287641927599903,-0.04584223031997681,0.04742008075118065,0.01009158045053482,-0.011058445088565348,0.0357060581445694,-0.05008436739444733,0.027199735864996914,-0.0445186123251915,-0.05253853648900986,0.004476402420550585,-0.003455091267824173,-0.06306684017181396,0.10929226130247116,-0.07901929318904877,0.06330018490552902,-0.038939714431762695,0.02119408547878265,0.0,-0.003949559293687344,0.03493424877524376,-0.04368208721280097,-0.01319227647036314,0.058647297322750085,0.002052344148978591,0.10281280428171156,0.007177599240094423,-0.04419618472456932,-0.005117299966514111,-0.04123606532812119,0.025231352075934407,-0.050815362483263016,-0.06148143857717513,0.08394020050764084,-0.04139845818281174,0.031382206827402115,0.05532998219132424,0.03923739492893218,0.030124031007289886,0.021113192662596703,-0.029930837452411648,0.004082786850631237,-0.008718705736100674,-0.0236094631254673,-0.01357317715883255,-0.04854022338986397,-0.04157150164246559,0.04634947329759598,-0.024960970506072044,-0.020466992631554604,-0.02137057669460773,-0.07914362847805022,0.0066699753515422336,0.01296002697199583,-0.05507522448897362,-0.047996710985898965,-0.0007717102416791021,0.05375622957944869,-0.011251449584960936,-0.04260365292429924,-0.03200240433216095,0.07121477276086807,-0.04944533109664917,0.027160832658410072,-0.07926326245069502,-0.04462544247508049,-0.04228094965219498,0.02873152308166027,0.03611455112695693,-0.0007032284629531205,-0.012900465168058872,-0.06757096946239471,-0.03887416794896126,-0.004671771544963121,-0.03189489990472793,-0.02181890234351158,0.08067003637552261,-0.05440067872405052,-0.06251122802495956,0.023773621767759323,-0.0451824963092804,-0.015839964151382446,-0.04237076640129089,0.036571118980646126,0.002308916999027133,-0.009617973119020462,0.030706193298101425,0.0022589692380279303,-0.12009176611900328,0.007055210880935192,-0.05312099680304527,-0.015290007926523684,-0.11326485872268675,0.00135693431366235,0.0013087535044178367,-0.0052204430103302,0.019905028864741325,0.007589770946651698,0.02443106286227703,-0.004511735867708921
-0.0007957931375131011,0.023539274930953976,0.054411306977272034,-0.04334928840398789,0.002464724238961935,-0.05164875090122223,-0.008431339636445045,-0.01513640023767948,-0.027884190902113914,-0.026944903656840324,-0.03609537705779076,-0.07051143795251846,-0.016098320484161377,-0.09183271974325181,0.01621975377202034,-0.03414998948574066,-0.03924820199608802,0.03645467385649681,-0.003949559293687344,0.0,0.07406289130449295,-0.03291936591267586,0.011142629198729992,-0.03498130664229393,-0.0025673392228782177,-0.057848673313856125,-0.002377016469836235,-0.04393745958805084,0.047648347914218896,0.003045533085241914,-0.020717481151223183,-0.007683821488171814,-0.08867193013429642,-0.049130260944366455,0.027330663055181503,0.04265492036938667,-0.053374875336885445,0.029177047312259678,0.006815178785473108,0.007316701114177702,0.027870453894138336,0.007114720065146685,-0.009676209650933743,-0.06861340254545212,-0.043602291494607925,-0.05467419698834419,0.02063657157123089,-0.02825352549552917,0.013799930922687052,-0.01613122597336769,0.007679055444896221,-0.014929129742085932,-0.003058159491047263,-0.028571706265211105,0.01170672569423914,-0.06123599037528039,-0.05521266907453537,-0.02750696428120136,0.03139783442020416,-0.0033003429416567087,0.007029851898550987,-0.015030788257718086,0.030264912173151966,-0.005416159518063068,-0.08992280066013336,-0.023496143519878387,0.05020403116941452,0.02924320660531521,0.0013833221746608615,-0.06254217773675919,0.11105937510728836,-0.022813133895397183,0.036295685917139046,-0.016331998631358147,-0.05604363232851029,0.006176271475851536,0.05620985105633736,-0.035324420779943466,0.05433514341711997,0.001340269693173468,-0.0030820239335298534,-0.036952074617147446,-0.006077785976231097,-0.04241805896162986,0.00777935516089201,-0.004953959956765175,0.06823764741420746,-0.04206089675426483,0.04968682304024696,-0.024742746725678444,-0.03260340169072151,-0.014027905650436878,-0.0666857659816742,0.014458104036748408,0.005909787956625223,-0.006243238225579262,0.030104622244834896,0.013770340010523796,0.004704613704234362,-0.06457915902137756
-0.05566190928220749,0.04753398150205612,-0.003914554603397846,0.08308225125074385,-0.08151822537183762,-0.01870906911790371,-0.04771476611495017,-0.04018296301364899,0.009746776893734932,-0.006324100773781538,1.0909615411947016e-05,0.05655988678336144,0.01194083597511053,-9.151937774731776e-06,0.07006305456161499,-0.010317877866327763,0.041094280779361725,-0.012758165597915648,0.03493424877524376,0.07406289130449295,0.0,-0.008959108032286167,-0.0015618809266015887,0.010382774285972118,0.07837286591529846,-0.031209668144583706,0.002648948226124048,-0.09002110362052917,-0.07280240207910538,-0.09053657203912736,3.7925422020634873e-06,-0.004022618755698204,0.007577755954116582,-0.0287113469094038,-0.07127007097005844,-0.0503009557723999,0.04082725197076797,-0.09909826517105103,-0.021963806822896004,0.06720101833343506,-0.009284261614084244,-0.058616459369659424,0.0262188408523798,-0.1060209348797798,-0.0007757729617878794,0.04081106185913086,0.07270003110170364,-0.04684990271925926,-0.002099798992276192,0.030986251309514046,-0.0308911856263876,0.0384177565574646,0.012494364753365517,-0.0012710783630609512,-0.028841191902756688,0.07040715217590332,-0.09931937605142592,0.06863424181938171,-0.11694205552339552,0.014886215329170229,-0.005164955276995896,-0.03557303547859192,-0.04321710765361786,0.02157158963382244,7.11292086634785e-05,-0.002688939683139324,-0.05407961457967758,0.008002026006579399,-0.10660430788993835,0.057309553027153015,7.811850082362071e-05,0.057960037142038345,0.0422460287809372,-0.06420104950666428,0.03478515148162842,0.009187704883515833,-0.04195510596036911,-0.03872138261795044,-0.08173707127571107,-0.1003660410642624,-0.03372139483690262,-0.004339851904660463,0.030315347015857697,-0.002647350775077939,-0.04270432516932488,0.0077631515450775615,0.038809917867183685,0.044649366289377206,-0.045295126736164086,-0.04112951084971428,0.040243949741125114,0.030191496014595032,0.04900067299604416,-0.057634387165308,-0.006682443898171186,0.08058979362249374,0.024906884878873825,-0.08601372689008711,-0.0008106378954835235,-0.08614864945411682
0.04872878268361092,0.039208326488733285,-0.018284488469362255,0.051188357174396515,-0.03261075168848038,-0.017231818288564682,-0.05839788168668746,-0.04005870223045349,0.005824348423629999,0.05941949039697647,-0.028174821287393566,-0.05391987040638924,-0.004667996428906918,-0.03197367861866951,-0.10311459004878996,0.06996341794729233,0.06195322796702385,-0.025793077424168583,-0.04368208721280097,-0.03291936591267586,-0.008959108032286167,0.0,0.027730567380785946,0.03319971635937691,0.0011497142259031534,0.019487762823700905,-0.04987731203436852,0.03011462278664112,0.06336593627929688,-0.05833368748426437,-0.0353924036026001,-0.009826920926570892,0.0038142169360071425,-0.0034004398621618748,0.016451146453619003,0.033595070242881775,0.03909527510404586,-0.03759482130408287,-0.05712432041764259,-0.06319303810596466,0.022070314735174176,-0.09932489693164824,0.055837091058492654,-0.008146833628416061,0.04602449387311936,-0.06991466879844666,0.0018191429553553464,0.0002570690412539989,0.012119428254663944,-0.058073386549949646,-0.05847335234284401,0.019905351102352142,-0.03798762708902359,-0.04572657495737076,-0.02293325960636139,0.02875377796590328,-0.09961422532796861,0.0251229889690876,0.04742259532213211,0.019692283123731613,-0.043209727853536606,-0.018891289830207825,0.014656677842140196,-0.0637863352894783,-0.014472514390945435,0.06749704480171204,0.05608269199728966,0.058533266186714165,0.06082944199442864,0.010442028753459452,-0.00045366256381385034,0.0003169250558130443,-0.06009182706475258,0.023792138323187828,0.0031551166903227568,-0.02739732339978218,3.1678970117354766e-05,-0.023639615625143048,-0.00680369371548295,-0.0064603108912706375,-0.056094620376825326,-0.014007718302309511,-0.07643786072731018,-0.011533618904650211,-0.09395159780979155,-0.021333049982786175,-0.031101763248443604,0.0017927427543327212,0.006538758520036936,-0.0335797443985939,-0.03912246227264404,0.04389502853155136,-3.444907270022668e-05,-0.004104290623217821,-0.010958563536405563,-0.0253802053630352,0.10165533423423768,0.002334199845790863,-0.0760054737329483,-0.12673495709896088
0.03577578812837601,-0.01903696358203888,-0.08228193968534468,0.05456669628620148,0.0013681674608960748,0.029962321743369102,0.004543594550341368,-0.07281117886304854,-0.05613785609602928,0.024846311658620834,0.017745062708854675,-0.0820423737168312,-0.014523846097290516,0.018746305257081985,0.004723691381514072,-0.09102088958024977,-0.01694449968636036,0.01561000570654869,-0.01319227647036314,0.011142629198729992,-0.0015618809266015887,0.027730567380785946,0.0,-0.02758965268731117,-0.02305083535611629,0.04026507958769798,-0.12012455612421036,0.04453901946544647,-0.016578907147049904,0.061093546450138085,0.03007437847554684,-0.026378238573670387,0.03840555995702744,0.04240102693438529,0.04571375623345375,-0.021628800779581066,-0.007647718768566848,-0.029950775206089016,-0.03258778154850006,-0.013526164926588535,0.053127944469451904,-0.037620589137077325,-0.07360097020864487,-0.07869364321231842,-0.007418348453938962,-0.03751714155077934,-0.007881431840360163,0.1078064814209938,-0.05472886934876441,-0.0590490959584713,0.021286536008119583,-0.010960827581584452,-0.05994737893342972,-0.02189345471560955,-0.05172351375222206,0.02828773856163025,0.01289280503988266,0.05020853504538536,-0.049337271600961685,-0.07622586190700531,0.04134275391697884,-0.05659142881631851,-0.003820567391812801,0.06783301383256912,-0.0233252365142107,0.04263174906373024,0.03832443803548813,0.06147393211722373,-0.009575799107551575,-0.043397542089223855,6.953936826903373e-05,0.06770864874124527,0.2257290333509445,0.07338131964206694,1.9419436284806576e-05,-0.04605541750788689,-0.19367682933807373,-0.03380507230758667,-0.09251223504543304,0.03784216567873954,-0.047918129712343216,0.02365821413695812,-0.0066567216999828815,-0.028020171448588368,0.06666400283575058,-0.05536690726876258,-4.6558448048017445e-06,0.05042070895433426,0.004863966722041368,0.01707075908780098,-0.002515228232368827,-0.022581441327929497,-0.02974747121334076,0.06028258427977561,-0.008187736384570599,-0.08007381856441498,-0.02516185492277145,-0.09685802459716797,0.036963198333978646,0.010642124339938164
0.004514772444963455,-0.0389377735555172,-0.020164970308542248,0.01984109543263912,-0.08710741996765135,-0.03841068595647812,-0.06277485936880112,0.02142820321023464,-0.04822925478219985,0.026306506246328357,0.010907646268606184,-0.08291617780923843,0.01717323809862137,-0.06681737303733826,0.006694240029901265,-0.011467324569821356,0.07122671604156494,0.043340008705854416,0.058647297322750085,-0.03498130664229393,0.010382774285972118,0.03319971635937691,-0.02758965268731117,0.0,0.002715902402997017,-0.0025469877291470766,-0.013037431053817272,0.002924086293205619,-0.11281780153512953,-0.035148877650499344,0.04020342230796813,-0.02651991695165634,0.0024307467974722385,-0.04095454141497612,-0.03265895321965217,-0.017766499891877174,-0.018764985725283623,-0.001770124421454966,0.0515526570379734,-0.008686521090567112,0.06043628975749016,0.014638328924775124,-0.0037729393225163217,-0.05329462140798569,-0.09784097224473952,0.0128758130595088,-0.0507342591881752,-0.024215703830122948,-0.0009481276501901448,0.0024797560181468725,-0.015071434900164604,0.006663056090474129,-0.15654686093330383,-0.04759173467755318,0.12352339923381804,0.018519470468163487,-0.005075128749012947,-0.017042549327015877,0.019022583961486816,-0.03719216585159302,-0.014671259559690952,-0.03381451964378357,0.07604467123746872,-0.1151525229215622,0.0029188499320298438,0.07192754000425339,0.055092282593250275,-0.040246143937110894,0.022823909297585487,-0.008495025336742401,-0.006926334463059902,-0.09193567931652068,-0.03322431817650795,-0.034516561776399605,0.05244784802198409,-0.004994952119886875,0.011684322729706764,0.0018016641261056063,0.0020544833969324827,-0.008164596743881702,0.06918729841709137,-0.07079125940799713,0.013198302127420902,-0.03227090835571289,0.07234176993370056,-0.03174670785665512,-0.0039522373117506495,0.05678768828511238,-0.00036861753324046726,0.04440586268901825,0.024771573022007946,-0.03526686131954193,-0.006877824198454618,0.03631924837827682,-0.07323624193668365,-0.01009983941912651,-0.12678904831409454,0.07805554568767548,-0.02508636936545372,-0.013236599043011664
-0.012840409763157368,-0.04753649979829788,-0.018522709608078,-0.04776100814342498,0.04249287024140357,-0.02242870256304741,0.06535732001066208,0.013869626447558405,0.01474066637456417,0.009185802191495895,-0.004430097993463278,-0.07275634258985518,-0.028872806578874588,0.02427692711353302,-0.0754057466983795,0.006353500299155712,-0.029227379709482193,0.0018084251787513492,0.002052344148978591,-0.0025673392228782177,0.07837286591529846,0.0011497142259031534,-0.02305083535611629,0.002715902402997017,0.0,-0.03479955345392227,-0.035985317081213,0.0019411847461014984,0.024297563359141346,0.0785326287150383,0.028549235314130783,0.05445883050560951,0.07247185707092285,0.007198122330009936,0.03647982329130173,-0.029326047748327252,-0.017064226791262627,-0.01038406789302826,-0.031636692583560944,-0.10180927067995071,-0.00640783179551363,-0.0031218146905303,-0.02132539637386799,0.044420361518859856,0.04258730635046959,-0.04146156832575799,-0.11150422692298888,0.044290799647569656,-0.02444663271307945,0.05714129656553269,-0.027606524527072903,-0.03672433272004128,-0.050850190222263336,-0.023861534893512722,0.007535352371633053,-0.024029184132814407,0.005713806487619877,-0.07913697510957718,0.08307688683271408,-0.003817089134827256,-0.0029376319143921137,-0.004451029468327761,-0.012089774943888187,-0.026610029861330983,0.048080187290906906,0.0028598024509847164,-0.03868045657873154,-0.04790025949478149,-0.05976636707782745,-0.0094737708568573,-0.06990417093038559,-0.03761204332113265,-0.051588650792837136,0.008558843284845352,-0.024710712954401966,0.06382825970649719,-0.05878022313117981,-0.02184296026825905,-0.016536954790353775,0.006748935207724571,0.06173792108893394,-0.0468796007335186,-0.036561287939548485,0.03862415999174119,-0.02911793626844883,-0.0005517941899597645,-0.07180526107549667,0.015671392902731895,0.004369107540696859,0.042545344680547714,0.024685893207788467,-0.02705134637653828,-0.028982859104871746,-0.030276086181402206,-0.053498513996601105,-0.05543556064367294,-0.003063664771616459,0.025236379355192184,-0.060788702219724655,-0.05761285126209259
-0.0019358748104423285,0.0013709432678297162,-0.012336270883679388,-0.045643929392099374,0.021918639540672306,-0.05229181423783302,0.031228354200720787,-0.024478491395711895,0.03140084818005562,-0.013402516022324562,-0.02623826079070568,2.2364101823768575e-05,-0.08911443501710892,-0.06913714855909348,0.01441038865596056,-0.042177636176347726,-0.010206460952758787,0.10821295529603958,0.10281280428171156,-0.057848673313856125,-0.031209668144583706,0.019487762823700905,0.04026507958769798,-0.0025469877291470766,-0.03479955345392227,0.0,-0.004553015343844891,-0.012260104529559612,-0.0903850868344307,0.035342376679182046,-0.03450195491313934,-0.012995041906833649,-0.06769771873950958,-0.06276724487543106,-0.04063474014401436,-0.018741672858595848,-0.1209338530898094,-0.05366722121834754,0.0033800492528826,0.0190786961466074,0.018065420910716057,-0.004636656958609819,0.09192361682653427,-0.10342033207416534,0.15206724405288696,-0.070504330098629,0.0582377165555954,-0.11140979826450348,0.03947367146611214,0.05377453938126564,0.025817079469561577,-0.08149185031652449,0.08971232920885086,0.01376467663794756,-0.0016729607013985515,-0.05139542743563652,-0.04119973629713058,-0.043795093894004815,-0.06970010697841644,0.03327511250972748,0.07862022519111633,0.0009467145428061485,-0.041115324944257736,0.020268879830837246,-0.0006107162917032838,0.05650332570075989,-0.03303857520222664,-0.09140453487634659,-0.025119662284851078,-0.07174712419509888,-0.04931134730577469,-0.01552294474095106,-7.146137704694411e-06,0.022648736834526065,-0.06279069185256958,0.01804250292479992,0.032898079603910446,0.0773763507604599,0.010098986327648163,0.027039462700486183,0.0687282457947731,-0.054505519568920135,-0.05098574236035346,-0.024735262617468837,-0.04021572694182396,0.017265506088733673,-0.00124570878688246,0.1009983867406845,0.02918650023639202,-0.02778792195022106,0.030063208192586895,-0.007597904186695814,-0.056085046380758286,6.634700548602268e-05,0.01786931604146957,0.028745686635375023,-0.04972710087895393,0.006952519994229078,-0.003009143518283963,-0.00040655990596860647
0.045283369719982154,-0.03178989142179489,-0.010967211797833443,0.0015623830258846283,-0.002801123773679137,-0.03712595999240875,0.02820836193859577,0.008391934446990492,-0.03154805302619934,-0.005718315951526165,-3.547922824509442e-05,-0.00923040509223938,0.01889161206781864,-0.03554418310523033,0.0664350762963295,0.05592510849237441,-0.017493074759840965,0.018307674676179882,0.007177599240094423,-0.002377016469836235,0.002648948226124048,-0.04987731203436852,-0.12012455612421036,-0.013037431053817272,-0.035985317081213,-0.004553015343844891,0.0,0.04222722351551056,-0.007358085364103316,0.04765918478369713,-0.015968890860676765,-0.06867492198944092,-0.0738784447312355,0.02963322587311268,-0.019661908969283104,-0.055291738361120224,0.029035214334726334,0.026070810854434967,-0.008488981053233145,-0.0492263063788414,0.0004370291135273874,0.01572873443365097,0.0048070019111037246,-0.0531020313501358,0.04698614031076431,-0.022866057232022285,0.02038629725575447,0.0865044966340065,0.04418476670980453,-0.01740095019340515,-0.08497135341167451,-0.08966441452503203,0.08348905295133591,0.017795853316783905,0.015696024522185326,0.0041596293449401855,-0.0700354129076004,-1.7601036233827472e-05,-0.010891583748161793,-0.05027646571397781,0.0499773547053337,-0.029872983694076535,-0.04469228163361549,0.0634460523724556,-0.030677897855639458,-0.06800848990678787,-0.016334576532244682,-0.08261557668447495,-0.01089881919324398,0.03716925159096718,-0.04541648551821709,-0.024368194863200188,-0.09642992913722993,-0.018485471606254578,0.017822541296482086,-0.07897702604532243,-0.043878074735403054,-0.013317756354808807,-0.0007351495441980661,0.12740454077720642,0.0257493294775486,-0.0502621904015541,0.0007423222414217889,0.05067206546664237,0.08761458098888397,-0.07007256150245667,-0.07278400659561157,0.035828106105327606,0.08504910767078398,0.010483542457222939,-0.021886719390749928,-0.06366880238056183,2.144132122339215e-05,-0.05267583951354026,0.006333617493510246,-0.033075641840696335,-0.007771786767989397,-0.03683581203222274,-0.04458430036902428,-0.06884127110242844
-0.11943006515502928,-0.03544105216860771,0.03169838711619377,0.03023007698357105,-0.05360317602753639,-0.012351371347904204,-0.04802144691348076,-0.009491708129644394,-0.004229826852679253,-0.06632113456726074,-0.03742676973342896,0.08011169731616972,-0.05603308230638504,0.03994785621762276,0.011538508348166943,-0.05733561143279076,-0.1080162078142166,0.08120987564325331,-0.04419618472456932,-0.04393745958805084,-0.09002110362052917,0.03011462278664112,0.04453901946544647,0.002924086293205619,0.0019411847461014984,-0.012260104529559612,0.04222722351551056,0.0,0.11157650500535964,0.04588005691766738,-0.04813835769891738,0.028523730114102364,0.08405497670173645,-0.050151240080595016,0.05889154598116875,-0.06217721477150917,0.03357566148042679,-0.1089266687631607,0.021188462153077126,0.08114717155694962,0.0004038321785628796,-0.028473300859332085,-0.02599803358316421,0.003208198118954897,-0.1031571626663208,0.0131053039804101,-0.029360897839069366,0.0299117099493742,-0.020918387919664383,0.06035551056265831,-0.1114966720342636,0.058864984661340714,-0.02576008252799511,0.029436679556965828,-0.005945037584751844,0.018168365582823757,-0.05700790137052536,0.004163958597928286,-0.046804662793874734,0.03343027085065842,0.010296531952917576,0.014160739257931708,-0.0181416105479002,0.013685951940715311,-0.04316577315330505,-0.054877933114767075,0.0001597503287484869,0.022672066465020176,8.348544042746654e-07,-0.043518416583538055,0.03557159751653671,-0.041350189596414566,-0.02471158653497696,-0.06503921747207642,-0.057932261377573006,0.06190020963549613,-0.03110480308532715,-0.03277945891022682,0.015623487532138824,-0.013823402114212511,0.03913147747516632,-0.09437237679958344,-0.06913895905017853,-0.024726830422878265,0.05007440224289894,0.014784102328121662,0.04342317208647728,0.004616809077560902,-0.028161494061350822,0.02338438853621483,-2.674534698599018e-05,0.04322032630443573,-0.0599912665784359,0.035154204815626144,0.07095132023096085,-0.01784958504140377,-0.00025451704277656967,0.012522198259830475,0.024515807628631592,-0.02511776052415371
0.04934142902493477,-0.002087152795866132,-0.06853917241096497,-0.0005225309869274497,-0.05448675155639648,0.008830017410218716,-0.002821418223902583,0.02058261446654797,-0.0006314137717708945,0.07967053353786467,0.026719404384493828,-9.256020712200552e-05,0.0397089459002018,-0.0299429465085268,0.0941833257675171,-0.08311858028173447,0.03426763415336609,0.02325294353067875,-0.005117299966514111,0.047648347914218896,-0.07280240207910538,0.06336593627929688,-0.016578907147049904,-0.11281780153512953,0.024297563359141346,-0.0903850868344307,-0.007358085364103316,0.11157650500535964,0.0,-0.035816144198179245,0.036266155540943146,-0.10192363709211348,-0.10400741547346117,0.042395029217004776,-0.12226291000843048,-0.04594520479440689,0.03613977134227753,0.017048629000782967,-0.01716996729373932,0.06541164219379425,-0.05044574290513992,0.003620115807279944,0.05074477568268776,0.0470496192574501,9.427295481145848e-06,-0.01936698332428932,-0.03077761083841324,0.04468346387147904,0.01515339594334364,0.020424060523509976,0.04436222091317177,-0.05346863716840744,0.026984235271811485,-0.0009570325491949917,0.0027819667011499405,-0.008690278977155685,0.03189530596137047,0.0008476200746372342,-0.12607938051223755,-0.1109815090894699,0.0349426344037056,-0.016216527670621872,-0.07344856858253479,-0.02346725016832352,-0.017604010179638863,0.011963033117353916,-0.0005380833172239363,0.01903143897652626,-0.005497299134731293,-0.013928056694567204,-0.09299685806035997,-0.005977983586490153,-0.04010902345180512,-0.04935944452881813,0.01767413131892681,0.05804745852947235,0.10357014089822768,-2.3818744011805393e-05,0.046843551099300385,-0.012788360938429832,0.0405704602599144,-0.02419723570346832,0.0697086751461029,-0.025487465783953663,-0.05065137520432472,0.056246496737003326,-0.027729595080018044,0.02987268567085266,-0.05226088315248489,0.047390002757310874,-0.007285249885171651,0.017719842493534088,-0.04313061013817787,-0.07524366676807404,-0.05900181829929352,-0.1587103009223938,-0.03987438604235649,6.061422936909366e-06,0.019109565764665604,0.03221375495195389
-0.10468038916587828,0.02820189855992794,0.08035299926996231,-0.05512793362140656,-0.0587635301053524,-0.03304228186607361,0.009262620471417906,-0.039950981736183167,-0.025609005242586132,-0.048430666327476495,-0.032820116728544235,-0.041185397654771805,0.05523362010717392,0.042650382965803146,0.01920229569077492,0.0504235103726387,0.03172946348786354,-0.05976682901382446,-0.04123606532812119,0.003045533085241914,-0.09053657203912736,-0.05833368748426437,0.061093546450138085,-0.035148877650499344,0.0785326287150383,0.035342376679182046,0.04765918478369713,0.04588005691766738,-0.035816144198179245,0.0,0.07348576933145523,-0.06307689845561981,-0.0681440606713295,0.037078097462654114,-0.06940356642007828,-0.04330776259303093,1.0745230611064471e-05,-0.026444574818015095,-0.0018597437301650643,-0.025235900655388832,0.011491701938211916,0.01329078897833824,0.03604576736688614,-0.04050561413168907,-0.04457398504018784,0.029886405915021896,0.02271685376763344,-0.09124982357025145,-0.0716867670416832,-3.4005835914285854e-05,-0.000268869916908443,0.03874424472451209,-0.034286465495824814,0.02749647945165634,0.007184099406003952,-0.00034500128822401166,-0.006561241112649441,0.05460832267999649,0.03736784309148789,-0.01932523027062416,0.027594519779086113,-0.016513625159859657,-0.05660495162010193,-0.06662910431623459,-0.011260073632001877,0.03729761764407158,-0.015055381692945955,0.0708288848400116,0.01866559125483036,0.03873048350214958,-0.05560792610049248,-0.030944326892495155,-0.024796362966299057,-0.009540315717458725,-0.02162429131567478,-0.0555766075849533,0.06446656584739685,-0.0050587765872478485,-0.0891278237104416,0.04153287783265114,-0.06765966862440109,-0.010943283326923847,0.03961347788572312,-0.07133493572473526,-0.041255585849285126,-0.0017531788907945156,-0.020019659772515297,-0.01885640434920788,0.029928062111139297,-0.06916066259145737,-0.04780621826648712,-0.030023273080587387,0.038689445704221725,-0.01251234207302332,-0.029391037300229073,0.0014257235452532768,0.008134638890624046,0.033464983105659485,0.010477465577423573,0.00044771863031201054
0.09376028180122375,0.08444511890411377,-0.021014802157878876,0.0005734828882850707,-0.010774319060146809,-0.051735103130340576,-0.02400251105427742,-0.1133858785033226,0.0022908877581357956,0.012391498312354088,-0.06734131276607513,0.08367247134447098,-9.202004730468617e-05,-0.02923772484064102,0.07985227555036543,-0.0786135196685791,-0.09438948333263396,-0.04280272126197815,0.025231352075934407,-0.020717481151223183,3.7925422020634873e-06,-0.0353924036026001,0.03007437847554684,0.04020342230796813,0.028549235314130783,-0.03450195491313934,-0.015968890860676765,-0.04813835769891738,0.036266155540943146,0.07348576933145523,0.0,-0.011019992642104624,0.04518346861004829,-0.03913938999176025,0.009976814500987528,0.05903637409210205,0.016529804095625877,-0.09252078086137773,-0.004062427207827568,0.016796143725514412,-0.027425022795796394,-0.01878734678030014,0.027798835188150402,0.029973061755299568,0.03098403103649616,-0.08912952989339827,0.048114921897649765,0.013957859948277472,0.0014775103190913796,-0.13045671582221985,0.06054249033331871,-0.08378058671951294,0.03617392107844353,-0.01826248876750469,0.009283001534640787,-0.021447952836751934,-0.0457800067961216,0.025151865556836128,-0.08035281300544737,0.05155032500624657,-0.04574733227491378,-0.018621144816279408,0.012728464789688587,0.0160569678992033,-0.09924619644880295,-0.0320609025657177,0.05112634226679802,-0.02799256891012192,0.04251489415764809,0.09121345728635791,-0.0012039311695843935,-0.10364861041307448,-0.020898884162306786,0.01697094924747944,-0.05843382328748703,-0.04966834187507629,-0.0009486112394370138,-0.06920246034860611,0.11967377364635468,-0.02789192274212837,-7.273541541508166e-06,-0.006158833391964436,1.6799091326902271e-06,-0.04826328158378601,0.05279335752129554,-0.04948547855019569,-0.04142759740352631,1.2674992831307463e-05,-0.08118018507957457,-0.04936715587973595,-0.008160294033586979,-0.000744942226447165,0.02622241899371147,-0.0194659810513258,0.02414523623883724,0.06475169956684113,-0.054965663701295846,-0.08809527009725569,0.005240978207439184,0.08676756173372269
0.06658245623111725,0.029111372306942936,-0.04275793209671974,0.002427805680781603,-0.10633926838636398,-0.036560561507940285,-0.09652147442102432,0.0051651145331561565,-0.009079053066670895,-0.00012006510951323433,-0.05882681161165237,-0.015535051003098488,0.10453354567289352,-0.022418040782213208,-0.06052790582180023,-0.053050361573696136,-0.012359101325273512,-0.006180205382406712,-0.050815362483263016,-0.007683821488171814,-0.004022618755698204,-0.009826920926570892,-0.026378238573670387,-0.02651991695165634,0.05445883050560951,-0.012995041906833649,-0.06867492198944092,0.028523730114102364,-0.10192363709211348,-0.06307689845561981,-0.011019992642104624,0.0,-0.03128921613097191,-0.007395985070616006,-0.029699644073843956,0.008793368004262446,-0.04789531603455544,0.0424690619111061,0.013371665962040424,-0.0006860551657155156,-0.029884308576583862,-0.028287533670663837,-0.08393277227878569,-0.08529678732156754,-0.026510847732424736,0.032302819192409515,0.007841952145099638,0.00475600641220808,-0.0010058967163786292,-0.005393508356064558,-0.03463113680481911,-0.05431181564927101,0.07399311661720276,0.06892786920070648,-0.004285585600882769,0.03553437441587448,-0.044744502753019326,0.04472837969660759,-0.06798230111598969,0.03419887647032738,-0.020009592175483704,-0.04057405516505241,-0.006350751034915447,-0.051294468343257904,0.03970371186733246,-0.038248255848884576,0.0026695786509662862,0.01030530408024788,0.04192152991890907,0.01551932282745838,-0.043324220925569534,0.03895116969943047,-0.01756454072892666,0.026705026626586918,0.00963854696601629,-0.046122957020998,0.048575941473245614,-0.03501178324222565,-0.03380449116230011,0.08723254501819609,0.05305635556578636,-0.0028785737231373783,-0.024127980694174767,-0.02533308416604996,-0.025654079392552372,-0.05322053283452988,0.03346403315663338,-0.03358888998627663,-0.09490221738815309,-0.032734911888837814,-0.07272597402334213,0.0007440391345880925,-0.014934276230633259,0.08976917713880539,0.054470822215080254,0.008887892588973045,0.08390723168849945,0.0034727740567177534,0.07319051027297972,0.007446283940225839
0.016884775832295414,-0.049800124019384384,0.03422444686293601,0.013699788600206377,0.0277379397302866,-0.01936262287199497,0.013034439645707607,0.03287558630108833,-0.025916665792465206,-0.07235298305749893,0.0255576204508543,0.034338563680648804,0.021234361454844475,-0.049846161156892776,-0.11823677271604537,0.08046072721481323,0.0010596596403047442,0.05790581926703453,-0.06148143857717513,-0.08867193013429642,0.007577755954116582,0.0038142169360071425,0.03840555995702744,0.0024307467974722385,0.07247185707092285,-0.06769771873950958,-0.0738784447312355,0.08405497670173645,-0.10400741547346117,-0.0681440606713295,0.04518346861004829,-0.03128921613097191,0.0,-0.10636655241250992,0.04035655036568642,0.02458783239126205,0.03329795226454735,0.05431189760565758,-0.01814190857112408,0.01784697361290455,0.0789823979139328,-0.013121847063302992,0.024008924141526226,-0.036894168704748154,-0.037663571536540985,-0.025739023461937904,0.03397084400057793,0.00191148032899946,-0.04502148926258087,-0.04692482203245162,0.08186939358711241,0.09783778339624405,0.013481128960847855,-0.04572267830371857,-0.08505931496620178,-0.07820288836956024,-0.06232186779379845,0.0024532368406653404,-0.002461528405547142,-0.07853981852531433,0.0007768775685690342,-0.010391971096396446,-0.025071242824196812,0.07437916100025177,0.024211231619119644,0.0005821274244226515,-0.07864617556333542,-0.06034915521740913,-4.527433338807896e-05,-0.03630991652607918,0.02608204074203968,-0.019022103399038315,-0.0030145284254103895,0.0022226462606340647,0.0016153182368725538,-0.0630275309085846,0.12350321561098097,-0.06919325143098831,-3.4917229640996084e-05,0.016462793573737144,-0.04755953699350357,-0.00209485157392919,0.09044643491506577,-0.025675974786281586,0.002425177954137325,-0.05716370791196823,0.05282113328576088,-0.035127192735672,0.07907885313034058,0.0025150913279503584,0.056639064103364944,-0.08636266738176346,-0.057398997247219086,-0.04138427972793579,-0.01560255978256464,-0.07002963870763779,-1.082668859453406e-05,0.024853199720382687,-0.0034269767347723246,-0.030698614194989204
-0.019514357671141624,-0.01740371435880661,-0.035094138234853745,0.03571178764104843,-0.03752287477254868,0.017333464697003365,-0.05042620375752449,0.0338418148458004,-0.030032889917492863,-0.06430728733539581,0.022811325266957283,0.12255510687828064,0.0461638830602169,-0.14550137519836423,9.25210588320624e-06,-0.04127727076411247,0.027600688859820362,0.003457460319623351,0.08394020050764084,-0.049130260944366455,-0.0287113469094038,-0.0034004398621618748,0.04240102693438529,-0.04095454141497612,0.007198122330009936,-0.06276724487543106,0.02963322587311268,-0.050151240080595016,0.042395029217004776,0.037078097462654114,-0.03913938999176025,-0.007395985070616006,-0.10636655241250992,0.0,0.0465976819396019,-0.01670231483876705,-0.0489463247358799,-0.01773645728826523,-0.010762781836092472,0.000903119391296059,-2.4985885829664767e-05,-0.013113622553646564,-0.03595215827226639,0.004431127570569515,0.006867938209325075,0.01678972691297531,-0.01907432824373245,-0.00016862132179085165,-0.009104720316827295,0.009454898536205293,0.03964633122086525,0.09929499030113219,0.035822562873363495,-0.07277701050043106,0.003775893012061715,-0.053250111639499664,-0.06813602149486542,-0.034108586609363556,-0.013019923120737076,0.04940999671816826,-0.04097208008170128,-0.07151242345571518,0.042047541588544846,-0.02984832972288132,0.11084342747926712,-0.10951612889766692,-0.027952678501605988,-0.06548698991537094,0.018919283524155617,-0.04322222247719765,0.03615044057369232,0.0002785708929877728,0.04805494472384453,0.01573026552796364,-0.0017017822246998549,-0.06371698528528214,-0.04834085330367088,-0.046836897730827325,0.03851541504263878,-0.08982926607131958,-0.0009355893125757576,0.0030441521666944023,-0.012209384702146052,-0.052340183407068246,-0.06099779158830643,0.023498954251408577,0.042229834944009774,-0.031167598441243168,0.05244089663028717,-0.05137067288160324,0.03739551827311516,-0.0134604899212718,0.015742545947432518,0.03812550380825996,0.03948432952165604,-0.06455565243959427,-0.014955228194594383,-0.027293194085359573,-0.027439916506409645,0.021131448447704315
0.0005301468190737069,-0.008812183514237406,0.04517902806401253,-0.06916285306215286,-0.02765687555074692,-0.013921241275966167,0.007687051314860582,0.006160800345242024,-0.04793161526322365,-0.013578272424638271,0.021886674687266346,-0.04133839160203934,-0.033252522349357605,0.05188533291220665,0.004643989261239767,-0.034248098731040955,0.0515495091676712,0.04050291329622269,-0.04139845818281174,0.027330663055181503,-0.07127007097005844,0.016451146453619003,0.04571375623345375,-0.03265895321965217,0.03647982329130173,-0.04063474014401436,-0.019661908969283104,0.05889154598116875,-0.12226291000843048,-0.06940356642007828,0.009976814500987528,-0.029699644073843956,0.04035655036568642,0.0465976819396019,0.0,-0.02518964000046253,0.02351713180541992,-0.0012743513798341155,0.05024872347712517,-0.0017873236211016774,-0.08952859789133072,0.023454338312149048,0.0010944623500108719,-0.013271785341203213,0.023106314241886135,0.04342815652489662,0.014493047259747982,-0.04473181813955307,0.017426693812012672,-0.024256233125925064,0.00014506829029414803,-0.08474414050579071,0.03892609849572182,0.007996279746294022,0.06384522467851639,-0.02999752014875412,0.037563662976026535,0.018637973815202716,-0.020933609455823895,0.011962858028709888,-5.116797183291055e-05,0.031094199046492577,-0.07560288906097411,-0.10242411494255065,-0.03747226670384407,-0.0378735326230526,-0.02447636425495148,0.029868250712752346,0.027538180351257324,-0.05557708814740181,0.07510438561439514,-0.034641169011592865,-0.05048575252294541,-0.06611203402280807,-0.03041959181427956,-0.007185437716543674,-0.0742783173918724,0.08696959167718886,-0.05863426625728607,-0.01236309390515089,-0.046150628477334976,0.04170216992497444,0.04937639832496643,-0.014298899099230766,0.032330192625522614,0.005015382077544928,-0.05417659878730774,-0.026475969702005383,-0.03718264773488045,-0.012378388084471224,-0.032246675342321396,0.015682388097047802,-0.00014293650747276843,-0.11520229279994965,-0.051400620490312576,0.013784517534077168,-0.06916505098342896,-0.038024932146072395,-0.00918870232999325,0.042839210480451584
-0.03559042140841484,-0.038534656167030334,-0.020158160477876663,-0.02392437867820263,-0.038983389735221856,0.0065476493909955025,0.0225849412381649,0.0028806787449866533,-0.03136196732521057,0.006764734629541636,-0.08049323409795761,0.0035123236011713743,0.03612134233117104,0.003935848362743855,-0.07894659787416458,-0.05482031032443047,-0.036563169211149216,-0.013300881721079348,0.031382206827402115,0.04265492036938667,-0.0503009557723999,0.033595070242881775,-0.021628800779581066,-0.017766499891877174,-0.029326047748327252,-0.018741672858595848,-0.055291738361120224,-0.06217721477150917,-0.04594520479440689,-0.04330776259303093,0.05903637409210205,0.008793368004262446,0.02458783239126205,-0.01670231483876705,-0.02518964000046253,0.0,-0.001859653741121292,-0.05624009296298027,-0.021266812458634377,0.02272229455411434,-0.01420781761407852,-0.03454233705997467,-0.019889468327164646,0.06458412110805511,0.005576424766331911,0.0722881406545639,0.0009715172927826643,0.017201360315084457,-0.0427493080496788,0.05850677192211151,0.020015563815832135,0.06673034280538559,-0.07454244792461395,0.05478665977716446,-0.016741441562771797,0.05312549322843552,-0.004626615438610315,0.02264999039471149,-0.014865589328110218,0.016729101538658142,0.04127533733844757,-0.028373906388878822,-0.059799131006002426,-0.024565210565924644,0.054911844432353966,0.021522659808397293,-0.02496389672160149,-0.006574885919690132,-0.03278907388448715,0.0055482336319983006,-0.004714459180831909,0.0019651830662041903,-0.10048283636569975,-0.03823047876358032,-0.0011279676109552383,-0.0018505339976400137,-0.0819980502128601,0.036809835582971566,-0.0737244263291359,-0.011848576366901396,0.037018783390522,0.025870138779282566,-0.022348018363118168,0.0012703411048278213,0.028981000185012817,-0.06792586296796799,0.0009442958398722112,-0.0002520008711144328,0.06745746731758118,-0.018133088946342468,-0.008251847699284554,-0.010081049986183643,0.005060448776930571,0.011505080386996267,0.0006034489488229156,-0.09453172236680984,-0.015035904943943024,-0.03401195630431175,0.004380514845252037,-0.06333205848932266
-0.03347763046622276,-0.08488034456968307,-0.012892224825918674,-0.03648815304040909,0.010314589366316795,-0.06581902503967285,0.014926187694072723,-0.015968209132552147,0.025403298437595367,-0.021413885056972504,-0.03290241211652756,5.466878792503849e-05,-0.0009303501574322579,-0.02832483500242233,0.0488467812538147,-0.05251239612698554,-0.02174476720392704,-0.05196112021803856,0.05532998219132424,-0.053374875336885445,0.04082725197076797,0.03909527510404586,-0.007647718768566848,-0.018764985725283623,-0.017064226791262627,-0.1209338530898094,0.029035214334726334,0.03357566148042679,0.03613977134227753,1.0745230611064471e-05,0.016529804095625877,-0.04789531603455544,0.03329795226454735,-0.0489463247358799,0.02351713180541992,-0.001859653741121292,0.0,0.07414261251688004,0.046933289617300034,-0.05752300843596458,-0.11009804904460906,-0.048134338110685355,-0.036723192781209946,0.010948417708277702,0.01839981973171234,0.03597552701830864,0.019216068089008328,-0.07559366524219513,0.0470600351691246,0.055248111486434937,0.010464103892445564,-0.02449353598058224,4.7743575123604394e-05,-0.0148219158872962,0.05640621483325958,-0.06823954731225967,0.023593859747052193,-0.07872250676155089,0.05045890063047409,0.0015230934368446467,-0.06876996904611588,0.0066325506195426,0.01779373362660408,-0.03169519454240799,-0.00578762823715806,-0.028077786788344383,0.05593929439783096,-0.01600934937596321,-0.03356131911277771,-0.009268857538700104,-0.09117552638053894,0.0003935651038773358,0.12992776930332184,0.0017727726371958852,-0.04040740802884102,-0.01159987226128578,0.011485506780445576,0.07840929925441742,-0.08812246471643446,0.06885325908660889,-0.05555764213204384,0.015055852010846138,-0.03793499618768692,-0.031053686514496803,-0.08600907027721405,-0.029142724350094795,0.14370977878570557,0.00839739665389061,0.034206733107566833,0.05302309989929199,-0.0464467890560627,-0.07862287759780884,-0.026982732117176052,0.06435082852840424,0.02303951419889927,0.017154309898614883,-0.10271155089139938,-0.013276072219014168,-0.06514008343219757,-0.010503392666578293
-0.023978160694241524,0.034761056303977966,0.04265418648719788,0.030259666964411732,0.007992567494511603,0.07091403007507324,0.012196267955005167,0.0007568168803118169,-0.0679060071706772,0.025835363194346428,-0.10074503719806673,0.003436688333749771,-0.0017032939940690994,0.025301838293671608,0.014147182926535606,-0.050657834857702255,-0.06735507398843765,0.034274812787771225,0.03923739492893218,0.029177047312259678,-0.09909826517105103,-0.03759482130408287,-0.029950775206089016,-0.001770124421454966,-0.01038406789302826,-0.05366722121834754,0.026070810854434967,-0.1089266687631607,0.017048629000782967,-0.026444574818015095,-0.09252078086137773,0.0424690619111061,0.05431189760565758,-0.01773645728826523,-0.0012743513798341155,-0.05624009296298027,0.07414261251688004,0.0,-0.01283151376992464,0.0507548525929451,-0.005819317884743214,-0.031065957620739937,0.1614907681941986,0.028834573924541477,0.0578291080892086,1.289222291234182e-05,-0.010965622030198574,-0.02188166975975037,-0.0269946213811636,-0.024795513600111008,-0.0761253610253334,0.028356140479445457,-0.09042853116989136,-0.09586870670318605,-0.04773443192243576,-0.04156644642353058,-0.014708807691931725,0.03797018900513649,0.039763741195201874,0.010921238921582699,0.006119173020124435,-0.07254358381032942,-0.012445428408682346,0.0016867995727807283,-0.04607763513922691,0.009638162329792976,-0.04904493689537048,-0.019298648461699482,0.03517193719744682,-0.023473875597119328,0.031606968492269516,-0.015615558251738548,0.0231894925236702,-0.06432516127824783,-0.0042649046517908564,-0.0063181943260133275,0.0006660895887762308,0.035704031586647034,-0.061886180192232125,0.092201329767704,-3.753277997020632e-05,-0.03278480842709541,-0.053321938961744315,-0.030950499698519703,-0.05239773541688919,0.02828160673379898,-0.09979470819234848,0.029545148834586143,-0.008482680656015873,-0.027299514040350917,0.13092483580112457,-0.056261859834194176,0.037715133279562,0.046268492937088006,-0.07607458531856538,-0.01760166324675083,-0.08833229541778563,-0.0350983627140522,-0.021527526900172237,0.11045186221599577
-0.01576528139412403,-0.002886428730562329,-0.03759701550006866,-0.017633313313126564,0.015187591314315796,-0.03108484111726284,-0.004264257848262786,-0.05876556038856506,0.013562253676354883,0.05404935032129288,-0.06558039039373398,-0.010725563392043112,0.007127261720597744,-0.04207253083586693,-0.04718680307269096,0.012270376086235046,-0.05073830857872962,-0.06282073259353638,0.030124031007289886,0.006815178785473108,-0.021963806822896004,-0.05712432041764259,-0.03258778154850006,0.0515526570379734,-0.031636692583560944,0.0033800492528826,-0.008488981053233145,0.021188462153077126,-0.01716996729373932,-0.0018597437301650643,-0.004062427207827568,0.013371665962040424,-0.01814190857112408,-0.010762781836092472,0.05024872347712517,-0.021266812458634377,0.046933289617300034,-0.01283151376992464,0.0,-0.04078945517539977,0.06260428577661514,-0.06080981343984604,0.009126394055783747,0.03282981738448143,-0.04302381724119186,-0.01652578078210354,-0.04282762110233306,-0.019958252087235447,0.001312921871431172,-0.036445088684558875,-0.0016015892615541816,-0.0009065896738320589,0.06278985738754272,0.0067102364264428616,-0.058655094355344765,0.0382993184030056,0.014253536239266396,-0.017790714278817177,-0.011669219471514223,-0.03680191189050674,-0.02416421473026276,-0.014948057942092419,-0.003990063909441233,0.04532868042588233,0.029423369094729424,-0.00041676865657791495,-0.025913096964359283,0.026554832234978676,-0.02734699100255966,-0.033557213842868805,-0.05222038552165032,0.026787796989083287,-0.0018918246496468785,-0.0089640524238348,0.01035636942833662,0.01652496866881847,-0.04667666181921959,-0.020362686365842816,0.01820620894432068,-0.07251309603452681,-0.005498280283063649,-0.028133152052760124,-0.0018309897277504204,0.017924053594470024,-0.10004609078168868,0.007341591641306877,-0.09117868542671204,-0.01501444075256586,0.0539507269859314,-0.02058219537138939,-0.0011480322573333979,0.021049445495009422,0.02050511911511421,-0.04296472668647766,0.014467881992459295,-0.09144825488328931,0.06529906392097473,0.03466108813881874,-0.02478599548339844,-0.03687734529376029
-0.015606618486344814,0.011612721718847752,-0.022683173418045044,0.018541861325502396,0.018395813181996346,0.006766936741769314,0.005871194414794445,-0.08509936183691023,-0.011762768030166624,-0.02282581478357315,-0.01975894160568714,-0.03545498847961426,0.0528249479830265,0.053347330540418625,-0.04755208641290665,0.01991921290755272,0.0001648877077968791,-0.016574563458561897,0.021113192662596703,0.007316701114177702,0.06720101833343506,-0.06319303810596466,-0.013526164926588535,-0.008686521090567112,-0.10180927067995071,0.0190786961466074,-0.0492263063788414,0.08114717155694962,0.06541164219379425,-0.025235900655388832,0.016796143725514412,-0.0006860551657155156,0.01784697361290455,0.000903119391296059,-0.0017873236211016774,0.02272229455411434,-0.05752300843596458,0.0507548525929451,-0.04078945517539977,0.0,-0.05772204697132111,0.05468074604868889,0.007180425338447094,-0.05133777856826782,-0.02204330079257488,-0.027939323335886,-0.03260721638798714,-0.0023489696905016895,0.004801816307008266,0.06188989803195,-0.015303265303373337,-0.09137423336505889,0.048981241881847375,-0.055939797312021255,-0.01694427616894245,-0.028402840718626976,-0.0017994907684624195,-0.03594241663813591,0.026965051889419556,0.0376749075949192,-0.010860723443329334,-0.06469552963972092,-0.002355795120820403,-0.0462045818567276,0.05863204970955849,-0.03540434688329697,0.024920042604207993,-0.044288091361522675,0.01434812881052494,-0.027763741090893745,-0.07553128153085709,0.0201141107827425,0.028257297351956367,0.034605059772729874,-0.03639511764049529,-0.06906867027282715,-0.013715671375393867,-0.020294087007641792,-0.006974616087973118,-0.05236301198601723,-0.05783449485898018,-0.04823170602321625,-0.01846997067332268,0.004884576424956322,0.0005492709460668266,0.007431285455822944,-0.06752434372901917,-0.03928355500102043,0.008689003996551037,-0.014222456142306328,-0.04786323383450508,-0.03620603308081626,0.08204641193151475,-0.012250185012817383,0.013575087301433086,0.042914241552352905,-0.026532763615250587,-0.017465392127633095,-0.03973664715886116,-0.04400535672903061
0.05049670115113258,0.0029633468948304653,-0.071329265832901,-0.030465660616755486,-0.0033353539183735847,0.012738018296658993,0.01837399415671825,0.00768373580649495,0.018781153485178947,-0.03743918612599373,0.05582080781459808,0.019937682896852493,0.00787719339132309,0.03683820366859436,-0.0022494453005492687,-0.08644242584705351,-0.0553690567612648,-0.0004522886301856488,-0.029930837452411648,0.027870453894138336,-0.009284261614084244,0.022070314735174176,0.053127944469451904,0.06043628975749016,-0.00640783179551363,0.018065420910716057,0.0004370291135273874,0.0004038321785628796,-0.05044574290513992,0.011491701938211916,-0.027425022795796394,-0.029884308576583862,0.0789823979139328,-2.4985885829664767e-05,-0.08952859789133072,-0.01420781761407852,-0.11009804904460906,-0.005819317884743214,0.06260428577661514,-0.05772204697132111,0.0,-0.020870437845587727,-4.676443131756969e-05,0.07794932276010513,-0.013376841321587563,-0.03384603932499885,0.07212233543395997,0.048972997814416885,0.009110141545534132,0.15221281349658966,-0.05768450722098351,0.025992853567004204,-0.03713482990860939,0.009098477661609648,-0.03083379752933979,-0.0464518629014492,-0.009451109915971758,-0.02852993831038475,-0.004419601522386073,0.0024262350052595134,-0.05139535665512085,-0.002006437396630645,-0.04833384603261948,-0.08588127791881561,0.004971524700522423,-0.054046787321567535,0.06425164639949799,-0.050250720232725136,0.10169677436351776,-0.014478725381195543,0.018365407362580296,0.07799598574638367,-0.05547237396240234,-0.0006585524533875288,-0.07839330285787582,-0.00426394259557128,0.03813742101192474,-0.0035560710821300745,-0.02421744354069233,0.0012550510000437498,-0.06927845627069473,0.06106063723564148,0.043892022222280495,-0.04489506036043167,-0.02350267581641674,-0.08215726166963577,0.02343108505010605,-0.015041301026940344,-0.10399352014064787,0.006219460628926754,-0.08751891553401947,0.02828349359333515,0.02249420620501041,-0.0467301569879055,-0.04006067663431168,0.02119774930179119,0.0020258415024727583,-0.14075537025928497,-0.03226142376661301,-0.04281044378876686
-0.012342706322669981,0.009732922539114952,-0.0411473624408245,0.05454901978373528,-0.023156093433499336,-0.0035666320472955704,-0.0502474419772625,-0.024714363738894463,0.021287379786372185,0.09528504312038419,-0.07438529282808304,0.035309650003910065,-0.07883142679929733,-0.050450611859560006,0.006328512448817492,-0.06191784515976906,0.02180385030806065,-0.07587742805480957,0.004082786850631237,0.007114720065146685,-0.058616459369659424,-0.09932489693164824,-0.037620589137077325,0.014638328924775124,-0.0031218146905303,-0.004636656958609819,0.01572873443365097,-0.028473300859332085,0.003620115807279944,0.01329078897833824,-0.01878734678030014,-0.028287533670663837,-0.013121847063302992,-0.013113622553646564,0.023454338312149048,-0.03454233705997467,-0.048134338110685355,-0.031065957620739937,-0.06080981343984604,0.05468074604868889,-0.020870437845587727,0.0,0.032882239669561386,0.012190152890980244,-0.0017346958629786968,0.030068419873714447,0.03121361881494522,-0.002795833395794034,0.08396067470312119,-0.07543949037790297,-0.02504187263548374,0.01503409631550312,0.016606103628873825,-0.05234456434845924,-0.04461470991373062,0.0007371535757556557,-0.03339006379246712,-0.006723926868289709,-0.08598502725362778,0.01570352539420128,-0.019725115969777107,0.03472540155053139,-0.012927907519042492,0.03852616995573044,-0.07893768697977066,-0.021101325750350952,0.011941727250814436,0.00128125655464828,-0.013596548698842524,0.017343008890748024,0.016346866264939308,0.04016906395554543,0.017670683562755585,-0.027795737609267235,-0.030828332528471943,-0.04617290571331978,0.006027595605701208,0.05609886348247528,-0.025096658617258072,-0.010179501958191395,-0.05156401917338371,0.01231763418763876,-0.021774910390377045,0.03783032670617104,-0.0834968164563179,0.0008419643854722381,0.0806238129734993,-0.035578835755586624,0.018147708848118786,-0.020012611523270607,-0.016904786229133602,0.0130007266998291,-0.012362579815089703,0.02155395597219467,0.036020226776599884,-0.0643373653292656,0.0009616189636290072,-0.08598489314317702,-0.02712441235780716,-0.03128032386302948
-0.07886697351932524,-0.041274674236774445,-0.04541574791073799,-0.021185358986258503,-0.03383331745862961,0.024441920220851895,-0.020295174792408943,-0.008151979185640814,0.021935695782303807,-0.011631879955530167,0.0312446802854538,-0.0477522350847721,0.03255864977836609,-0.03006131574511528,0.05290173739194869,-0.005878294352442025,0.018560387194156647,0.04035920649766921,-0.008718705736100674,-0.009676209650933743,0.0262188408523798,0.055837091058492654,-0.07360097020864487,-0.0037729393225163217,-0.02132539637386799,0.09192361682653427,0.0048070019111037246,-0.02599803358316421,0.05074477568268776,0.03604576736688614,0.027798835188150402,-0.08393277227878569,0.024008924141526226,-0.03595215827226639,0.0010944623500108719,-0.019889468327164646,-0.036723192781209946,0.1614907681941986,0.009126394055783747,0.007180425338447094,-4.676443131756969e-05,0.032882239669561386,0.0,-0.05483591556549072,0.00012127852824050932,0.091525562107563,-0.05537224188446999,-0.027101067826151848,-0.035165950655937195,-0.08821985870599745,0.013976274989545344,-1.578272167535033e-05,-0.08186681568622589,0.02157985232770443,0.006154396571218968,-0.045720174908638,0.013141452334821224,-0.035857688635587685,-0.07523812353610992,0.03431209921836853,-0.04539468884468079,0.0024880224373191595,-0.01170114055275917,0.00029137262026779354,0.031402237713336945,-0.0831102803349495,0.012810741551220415,-0.06947125494480133,-0.1257900893688202,-0.014232182875275612,-0.058760330080986016,-0.009423086419701576,0.002298352075740695,0.006637852638959885,0.050393790006637566,0.06310189515352249,-0.033291902393102646,-0.08685439079999924,0.04271133616566657,0.07566720247268675,0.02534968592226505,0.0958813652396202,-0.07019110023975372,0.015864809975028038,0.06693478673696518,0.04051672667264938,4.433831054484472e-05,-0.11657687276601791,0.0017766737146303056,-0.08783470839262009,-0.07053855806589127,-0.02820617146790028,-0.10852961242198944,-0.06168998032808304,0.06269504129886627,0.0632501095533371,0.015219372697174547,-0.0867880806326866,0.029132278636097908,0.011352106928825378
0.004980697762221098,-0.0017025851411744952,0.01306912675499916,-0.033373329788446426,-0.014305985532701015,-0.04834551364183426,-0.06755851209163666,0.04291151463985443,-0.03150353580713272,-0.03289781138300896,0.015390804037451744,-0.10562360286712646,-0.005601099692285061,0.05449658632278442,-0.05899389833211898,0.04325496032834053,0.053000833839178085,0.04728146642446518,-0.0236094631254673,-0.06861340254545212,-0.1060209348797798,-0.008146833628416061,-0.07869364321231842,-0.05329462140798569,0.044420361518859856,-0.10342033207416534,-0.0531020313501358,0.003208198118954897,0.0470496192574501,-0.04050561413168907,0.029973061755299568,-0.08529678732156754,-0.036894168704748154,0.004431127570569515,-0.013271785341203213,0.06458412110805511,0.010948417708277702,0.028834573924541477,0.03282981738448143,-0.05133777856826782,0.07794932276010513,0.012190152890980244,-0.05483591556549072,0.0,-0.0455830991268158,-0.05945572257041931,0.024232544004917145,-0.0541558675467968,-0.006435334216803312,-0.0079275444149971,-0.08778759092092514,-0.03581030294299126,0.035964421927928925,0.02525706961750984,-0.010310902260243893,0.0385134145617485,-0.09718997776508333,-0.003712452482432127,-0.08753934502601622,0.02135602943599224,0.06194009259343147,-0.03382262587547302,0.02301330678164959,-0.057647593319416046,0.07463038712739944,-0.01893949322402477,-0.03683312237262726,-0.001685821800492704,-0.09820501506328583,-0.03498568758368492,0.055851880460977554,0.05912245064973831,0.09533102065324783,0.04792678728699684,0.01846389472484589,-0.0046380506828427315,-0.01808047853410244,-0.014574750326573849,-0.00027569790836423635,-0.001001104130409658,-0.01195512618869543,-0.07857508212327957,0.03255201876163483,-0.02698600478470325,0.0012330187018960714,-0.03356824442744255,-0.03636313229799271,0.08050025999546051,-0.035347744822502136,-0.01509306952357292,0.01552081387490034,-0.0069037312641739845,-0.027388654649257656,0.029451742768287655,-0.0007361067691817879,0.13630537688732147,0.05703924596309662,0.046306420117616647,0.0007967815618030728,-0.04893039539456368
-0.09987077116966248,-0.004385733045637608,-0.03061217255890369,0.030117476359009743,-0.01991334557533264,-0.10167296975851058,-0.05204933509230614,-0.06605435907840729,0.01749313808977604,0.01818894036114216,-0.0003089959209319204,-0.04775068536400794,0.01095154508948326,0.0020762726198881865,-0.02864304929971695,-0.05192231014370918,-0.08316700905561446,-0.0233184564858675,-0.01357317715883255,-0.043602291494607925,-0.0007757729617878794,0.04602449387311936,-0.007418348453938962,-0.09784097224473952,0.04258730635046959,0.15206724405288696,0.04698614031076431,-0.1031571626663208,9.427295481145848e-06,-0.04457398504018784,0.03098403103649616,-0.026510847732424736,-0.037663571536540985,0.006867938209325075,0.023106314241886135,0.005576424766331911,0.01839981973171234,0.0578291080892086,-0.04302381724119186,-0.02204330079257488,-0.013376841321587563,-0.0017346958629786968,0.00012127852824050932,-0.0455830991268158,0.0,0.03314313292503357,0.01159016601741314,-0.020449107512831688,0.04541151598095894,0.03659619018435478,-0.0385916605591774,0.02682214230298996,-0.009809848852455618,-0.00921572931110859,-0.03365452587604523,0.10166528075933456,0.038585416972637177,-0.05125506222248077,-0.05548952519893646,-0.09922482818365096,-0.04636349156498909,-0.0075815231539309025,0.07836353033781052,0.04237692058086395,-0.03926456719636917,0.005762408021837473,0.04699859768152237,-0.035535719245672226,0.05139487609267234,-0.08045733720064163,-4.486497800826328e-06,0.07007740437984467,0.014450485818088055,-0.04635943844914436,-0.006644205190241337,-0.0714557021856308,0.09576053917407987,-0.028057329356670376,0.0471610464155674,-0.13505162298679352,-6.635119643760845e-05,-0.1018465906381607,0.11827917397022247,-0.00887456815689802,0.07783269137144087,-0.03940989077091217,-0.007382398471236229,-0.0989876538515091,-0.02974060550332069,0.026760095730423927,-0.016328897327184677,0.030247466638684273,0.053135666996240616,0.04640204831957817,0.016848893836140633,0.015254245139658453,-0.025531789287924767,0.0016227493761107323,0.024434965103864666,0.01850419119000435
0.05022565275430679,0.07663375884294508,-0.0017566180322319267,-0.005345417186617851,0.013676544651389122,-0.032193657010793686,0.032976433634757996,-0.03349730372428894,0.030026303604245182,-0.07167654484510422,0.042266666889190674,-0.03840514644980431,-0.07900631427764893,-0.031067343428730965,0.06869607418775558,-0.02809922397136688,0.0038089666049927473,-0.0135345458984375,-0.04854022338986397,-0.05467419698834419,0.04081106185913086,-0.06991466879844666,-0.03751714155077934,0.0128758130595088,-0.04146156832575799,-0.070504330098629,-0.022866057232022285,0.0131053039804101,-0.01936698332428932,0.029886405915021896,-0.08912952989339827,0.032302819192409515,-0.025739023461937904,0.01678972691297531,0.04342815652489662,0.0722881406545639,0.03597552701830864,1.289222291234182e-05,-0.01652578078210354,-0.027939323335886,-0.03384603932499885,0.030068419873714447,0.091525562107563,-0.05945572257041931,0.03314313292503357,0.0,-0.021492784842848774,0.012960636056959627,-0.03499887138605118,0.02470368333160877,0.04963937774300575,-0.0647069662809372,-0.0923723056912422,-0.02884845808148384,-0.051350004971027374,-0.06839266419410706,-0.04722827672958375,-0.02438271418213844,0.02696193754673004,-0.02813298627734184,0.019416388124227524,-0.010338721796870232,0.02212507277727127,0.023715844377875328,-0.07948615401983261,-0.023946473374962807,-0.014494789764285088,-0.014286516234278677,0.019223738461732864,0.019798338413238525,6.252037564991042e-05,-0.03251456841826439,0.019837426021695137,0.08360212296247481,-0.027188589796423912,-0.021102063357830048,0.015601512044668196,-0.037324391305446625,0.04967596009373665,-0.07948260009288788,-0.04824863746762276,-0.06280156970024109,-0.023444781079888344,-0.016979364678263664,-0.03340151160955429,-0.0016510033747181296,-0.0026887014973908663,0.08524593710899353,-0.07716976106166838,0.009830676950514317,0.030243385583162308,0.012421789579093456,-0.054664041846990585,-0.01132873259484768,-0.0763421133160591,-0.010534561239182947,0.02092599682509899,0.059334054589271545,-0.01278088241815567,-0.06055271998047829
-0.01477691251784563,-0.022736359387636185,-0.046252090483903885,0.035034749656915665,-0.0417696051299572,0.034489747136831284,-0.04080062359571457,-0.012426627799868584,-0.03463071957230568,0.0014745278749614952,-0.04867714270949364,-0.019951865077018734,0.0168764628469944,0.017238305881619453,-0.06783334910869598,-0.0009255633340217171,-0.005124851129949093,-0.027964893728494644,-0.04157150164246559,0.02063657157123089,0.07270003110170364,0.0018191429553553464,-0.007881431840360163,-0.0507342591881752,-0.11150422692298888,0.0582377165555954,0.02038629725575447,-0.029360897839069366,-0.03077761083841324,0.02271685376763344,0.048114921897649765,0.007841952145099638,0.03397084400057793,-0.01907432824373245,0.014493047259747982,0.0009715172927826643,0.019216068089008328,-0.010965622030198574,-0.04282762110233306,-0.03260721638798714,0.07212233543395997,0.03121361881494522,-0.05537224188446999,0.024232544004917145,0.01159016601741314,-0.021492784842848774,0.0,0.04529960080981255,-0.046267163008451455,-0.013284447602927685,-0.0022326170001178976,-0.05265943706035615,0.0012884252937510607,-0.06526823341846466,0.016015784814953804,0.0007009094697423279,0.033948540687561035,-0.005556753370910882,0.026296392083168026,0.002147073857486248,-0.022892283275723457,-0.014657274819910526,0.004741487558931112,-0.050510842353105545,0.06771170347929001,-0.07896764576435089,-0.056145172566175454,0.02569688856601715,-0.046178393065929406,-0.0005542210419662297,-0.05546295270323753,-0.1005694270133972,0.026071514934301376,-0.02136018127202988,0.0025957159232348204,0.07303889095783234,-0.025857996195554733,-0.08820634335279463,-0.01921661011874676,-0.05729872733354568,0.10794700682163239,-0.0641055628657341,-0.03713453933596611,0.03207315132021904,-0.07242816686630249,0.06297242641448975,0.0070704715326428405,-0.01688726805150509,-0.09230122715234755,0.0034564179368317127,-0.00637135561555624,-0.023188015446066856,0.0005011310568079352,0.014803030528128149,-0.023104339838027958,-0.07072980701923369,0.0323919914662838,0.060261692851781845,0.019633546471595764,0.015654630959033966
-0.1030261218547821,0.014340704306960104,0.033947329968214035,-0.03783927112817764,0.0021715604234486814,-0.04834596067667008,-0.011941410601139069,-0.06454290449619293,0.06675951927900313,-0.014069186523556708,-0.0064388480968773365,-0.06255016475915909,-0.028328636661171917,-0.04317266494035721,0.004197582602500916,0.020100509747862812,0.009251794777810574,0.019734026864171028,0.04634947329759598,-0.02825352549552917,-0.04684990271925926,0.0002570690412539989,0.1078064814209938,-0.024215703830122948,0.044290799647569656,-0.11140979826450348,0.0865044966340065,0.0299117099493742,0.04468346387147904,-0.09124982357025145,0.013957859948277472,0.00475600641220808,0.00191148032899946,-0.00016862132179085165,-0.04473181813955307,0.017201360315084457,-0.07559366524219513,-0.02188166975975037,-0.019958252087235447,-0.0023489696905016895,0.048972997814416885,-0.002795833395794034,-0.027101067826151848,-0.0541558675467968,-0.020449107512831688,0.012960636056959627,0.04529960080981255,0.0,-0.04875349998474121,-0.06705024093389511,0.03682040423154831,-0.009144501760601997,-0.06402235478162766,0.002686338732019067,-0.033411625772714615,-0.03529948741197586,0.05018845573067665,-0.032274533063173294,0.009444198571145535,0.012505855411291122,-0.051705796271562576,-0.027516273781657215,0.026446878910064697,0.002656881231814623,-0.04849136620759964,0.08578164875507353,-0.04467274993658066,-0.034199200570583344,-0.030618084594607357,-0.08113361895084381,-0.09202152490615843,0.054908625781536095,-0.05221007019281387,0.004954390227794647,0.060548845678567886,3.2693049433873966e-05,-0.006180231925100088,0.11899229884147644,-0.035399384796619415,-0.001163091859780252,-0.04445168748497962,0.042322106659412384,-0.0530647300183773,-0.024260930716991425,-0.04758540913462639,-0.0019024490611627696,-0.04643658548593521,-0.04677768796682358,-0.013355446979403496,-0.07000954449176788,0.02259361185133457,0.0026518735103309155,-0.009931028820574285,0.0024664707016199827,-0.026050407439470288,0.12104365974664688,-0.05739407613873482,0.08923443406820297,0.031868647783994675,0.0403614267706871
-0.03239288553595543,0.043675273656845086,-5.246655928203836e-05,-0.06399159133434296,-0.011408617720007896,0.045476451516151435,0.026608893647789955,-0.05183801054954529,-0.0008528546895831822,-0.14551885426044464,0.0145788062363863,0.04561123624444008,0.04220053181052208,-0.025996167212724686,0.0016826239880174398,-0.004201136995106936,-0.05258095636963844,-0.00705157034099102,-0.024960970506072044,0.013799930922687052,-0.002099798992276192,0.012119428254663944,-0.05472886934876441,-0.0009481276501901448,-0.02444663271307945,0.03947367146611214,0.04418476670980453,-0.020918387919664383,0.01515339594334364,-0.0716867670416832,0.0014775103190913796,-0.0010058967163786292,-0.04502148926258087,-0.009104720316827295,0.017426693812012672,-0.0427493080496788,0.0470600351691246,-0.0269946213811636,0.001312921871431172,0.004801816307008266,0.009110141545534132,0.08396067470312119,-0.035165950655937195,-0.006435334216803312,0.04541151598095894,-0.03499887138605118,-0.046267163008451455,-0.04875349998474121,0.0,0.02119351364672184,0.006481876131147145,0.04521146789193153,-0.06531621515750885,0.014054575003683569,-0.05677690729498863,-0.04502200335264206,0.03795623779296875,0.016947004944086075,0.001510053756646812,-0.03003901056945324,0.017515772953629494,-0.0603935644030571,-0.025778310373425484,0.019547706469893452,0.005002525635063648,0.05666913092136383,-0.04720884934067726,-0.0015041881706565619,-0.009282035753130913,0.012768968939781187,-0.03674795106053352,-0.0701599195599556,0.022032747045159336,0.01307916920632124,0.012110869400203228,0.031096288934350014,-0.05065424367785454,-0.10741711407899857,0.004577169194817543,0.01985674537718296,-0.03711354732513428,0.04653779789805412,-0.034698206931352615,-0.07406915724277496,0.011504461057484148,-0.027409723028540608,-0.009677696973085405,0.03277208283543587,-0.03831544890999793,-0.07563361525535582,-0.05332837998867034,-0.04027204588055611,0.002725328551605344,-0.04404404014348984,-0.04270892590284348,-0.003491929033771157,-0.04007524624466896,0.082645483314991,0.04605631902813912,0.014936963096261024
0.03796326369047165,-0.06843508034944534,0.006134325638413428,0.016187645494937897,-0.003204049775376916,0.007341986056417226,-0.07885314524173737,-0.01613103039562702,-0.04463017731904984,0.034063979983329766,-0.07832913100719453,-0.010802819393575191,-0.13051412999629974,-0.06686751544475555,0.018684823065996167,0.029356058686971664,0.07051834464073181,-0.06381803005933762,-0.020466992631554604,-0.01613122597336769,0.030986251309514046,-0.058073386549949646,-0.0590490959584713,0.0024797560181468725,0.05714129656553269,0.05377453938126564,-0.01740095019340515,0.06035551056265831,0.020424060523509976,-3.4005835914285854e-05,-0.13045671582221985,-0.005393508356064558,-0.04692482203245162,0.009454898536205293,-0.024256233125925064,0.05850677192211151,0.055248111486434937,-0.024795513600111008,-0.036445088684558875,0.06188989803195,0.15221281349658966,-0.07543949037790297,-0.08821985870599745,-0.0079275444149971,0.03659619018435478,0.02470368333160877,-0.013284447602927685,-0.06705024093389511,0.02119351364672184,0.0,0.014736310578882694,-0.024604432284832,0.03323335200548172,-0.05546586215496063,0.03861545398831368,-0.014044307172298431,0.008677191101014614,0.004939153324812651,-0.028681049123406407,-0.02947204001247883,0.0015251149889081717,0.04790366441011429,0.01870783418416977,0.009609741158783438,-0.1158703863620758,0.025874998420476917,-0.04547746479511261,0.005262094549834728,-0.04274563491344452,0.027567343786358837,-0.003746266011148691,-0.058310259133577354,0.011842628940939903,-0.03477079048752785,0.03762038424611092,-0.0823449194431305,-0.03943336382508278,0.0021023948211222887,0.060701046139001846,0.0587056577205658,-0.03298032656311989,0.015558586455881596,-0.03365851938724518,-0.002369493246078491,-0.0004724865138996392,0.06317052990198135,-0.04008172079920769,-0.1547977030277252,-1.2430567949195392e-05,-0.05323491990566254,0.012716754339635372,-0.022682162001729008,-0.02144787274301052,-0.043519195169210434,0.0280193705111742,0.0371829830110073,-0.0009640048374421895,-0.0006328238523565233,-0.019154343754053116,0.12404486536979677
0.03818469494581223,-0.05486281216144562,-0.05719022452831268,-0.019002769142389297,-0.02524819783866405,0.06918640434741974,-0.08906059712171553,0.12489087134599684,-0.0333096906542778,-0.03399832174181938,0.010814890265464783,0.03678921237587929,-0.08933232724666595,-0.05639952421188354,0.013330248184502125,0.06743020564317703,-0.014754108153283596,-0.01789582148194313,-0.02137057669460773,0.007679055444896221,-0.0308911856263876,-0.05847335234284401,0.021286536008119583,-0.015071434900164604,-0.027606524527072903,0.025817079469561577,-0.08497135341167451,-0.1114966720342636,0.04436222091317177,-0.000268869916908443,0.06054249033331871,-0.03463113680481911,0.08186939358711241,0.03964633122086525,0.00014506829029414803,0.020015563815832135,0.010464103892445564,-0.0761253610253334,-0.0016015892615541816,-0.015303265303373337,-0.05768450722098351,-0.02504187263548374,0.013976274989545344,-0.08778759092092514,-0.0385916605591774,0.04963937774300575,-0.0022326170001178976,0.03682040423154831,0.006481876131147145,0.014736310578882694,0.0,0.08202012628316878,0.007932666689157486,0.0022395201958715916,-0.016117116436362267,0.02329312637448311,-0.056177083402872086,-0.06345193088054657,0.02221361175179481,-0.056430961936712265,0.01465882919728756,-0.04495052620768547,0.05232152715325356,-0.0669899433851242,-0.024078743532299995,0.047795690596103675,0.04877564311027527,0.0027208579704165454,0.008704648353159428,-0.07223344594240189,-0.02873683534562588,0.14335030317306519,-0.003088472643867135,-0.08639254420995712,0.03168935701251029,0.038517676293849945,0.010608052834868433,-0.01962422765791416,2.393112254139851e-06,0.18525032699108124,-0.02270394191145897,-0.0979143977165222,-0.03792871162295341,-0.07959555834531784,-0.036252811551094055,0.028882311657071117,-0.09909793734550477,0.028914013877511024,-0.03853005915880203,0.07114677876234055,-0.05039043352007866,0.002220211084932089,0.04554242268204689,-0.0589277409017086,0.0017026426503434775,0.02684333361685276,0.003172186203300953,0.03408728539943695,-0.06987229734659195,-0.011338939890265465
0.02306017838418484,0.025842713192105293,-0.0156345684081316,-0.039541769772768014,-0.007221985142678022,-0.09718720614910124,-0.01083012856543064,-0.022910369560122486,-0.0036581954918801776,0.0450584888458252,0.027279993519186974,-0.10805226862430573,0.05040900036692619,0.05234238505363464,-0.028192725032567974,0.015201522037386894,-0.012080025859177113,0.0056738900020718575,-0.07914362847805022,-0.014929129742085932,0.0384177565574646,0.019905351102352142,-0.010960827581584452,0.006663056090474129,-0.03672433272004128,-0.08149185031652449,-0.08966441452503203,0.058864984661340714,-0.05346863716840744,0.03874424472451209,-0.08378058671951294,-0.05431181564927101,0.09783778339624405,0.09929499030113219,-0.08474414050579071,0.06673034280538559,-0.02449353598058224,0.028356140479445457,-0.0009065896738320589,-0.09137423336505889,0.025992853567004204,0.01503409631550312,-1.578272167535033e-05,-0.03581030294299126,0.02682214230298996,-0.0647069662809372,-0.05265943706035615,-0.009144501760601997,0.04521146789193153,-0.024604432284832,0.08202012628316878,0.0,0.09680228680372238,0.004357877653092146,0.05461073666810989,-0.0035122623667120934,-0.015841977670788765,0.011100073345005512,0.029944527894258496,-0.005097453482449056,-0.10014084726572035,0.0012298148358240724,-0.003361337585374713,-0.0009776261867955327,-0.06825219094753265,-0.026713602244853973,-0.0018248382257297635,0.016597868874669075,-0.013638892211019993,-0.04946715757250786,-0.002094975672662258,-0.050139930099248886,-0.032787732779979706,0.0003144152869936079,-0.04135044291615486,0.0001038205373333767,-0.033105723559856415,0.03131883218884468,-0.08079540729522705,-0.030390476807951927,0.09395661205053328,-0.048067979514598846,-0.06152405962347984,0.05647696554660797,0.028859369456768036,-0.020698523148894313,-0.0767621099948883,0.025562787428498268,-0.10864515602588652,0.042451970279216766,0.02245602570474148,0.0019269977929070592,-0.042424894869327545,0.00685916980728507,-0.03360325470566749,0.05185821652412415,-0.010290883481502531,-0.0055233207531273365,0.0005084601580165328,-0.03864697739481925
-0.05872669070959091,0.006560827605426312,-0.0631018728017807,0.0290752537548542,-0.019743410870432854,0.05418798699975014,0.003722220659255981,-0.044248949736356735,0.0021853554062545295,0.03331039845943451,-0.0015304766129702327,-0.09165209531784056,-0.08660038560628891,-2.623430009407457e-05,0.06127121299505234,-5.409625828178832e-06,0.024849891662597656,-0.02100726030766964,0.0066699753515422336,-0.003058159491047263,0.012494364753365517,-0.03798762708902359,-0.05994737893342972,-0.15654686093330383,-0.050850190222263336,0.08971232920885086,0.08348905295133591,-0.02576008252799511,0.026984235271811485,-0.034286465495824814,0.03617392107844353,0.07399311661720276,0.013481128960847855,0.035822562873363495,0.03892609849572182,-0.07454244792461395,4.7743575123604394e-05,-0.09042853116989136,0.06278985738754272,0.048981241881847375,-0.03713482990860939,0.016606103628873825,-0.08186681568622589,0.035964421927928925,-0.009809848852455618,-0.0923723056912422,0.0012884252937510607,-0.06402235478162766,-0.06531621515750885,0.03323335200548172,0.007932666689157486,0.09680228680372238,0.0,-0.052691034972667694,-0.04761305451393128,-0.0070103458128869525,0.05156370624899864,-0.003757065627723932,-0.03187659755349159,0.003995446022599936,0.06665260344743729,0.017362074926495552,0.007770229130983352,-0.06142656877636909,-0.04403730854392052,-0.0322558730840683,0.06056884303689002,-0.10235040634870528,-2.489009602868464e-05,0.07811527699232101,-1.1618117241596336e-05,-0.098396897315979,-0.03570207208395004,0.0351564921438694,0.0696559026837349,0.0007025567465461792,0.09336672723293304,0.03189168870449066,0.0689755454659462,0.02521655708551407,-0.011499471962451935,0.05979803949594498,0.003412287915125489,-0.006230542901903391,-1.5023688320070503e-05,-0.09388016164302826,0.017372671514749527,0.0453420989215374,-0.000746893638279289,-0.08213457465171814,0.0252265390008688,-0.02667373791337013,-0.06281255185604095,0.045230526477098465,-0.13357403874397275,0.00018533499678596851,0.07337143272161484,-0.06390759348869324,0.004623995628207922,-0.08047923445701598
0.038438696414232254,-0.02583708427846432,-0.0052631269209086895,0.1294117271900177,-0.01272127777338028,0.00757193611934781,0.021663054823875427,-0.02373361028730869,-0.007640117313712835,0.018112560734152797,0.024693528190255165,-0.05112522840499878,0.001478370977565646,0.018552517518401142,-0.056665666401386254,0.0036752359010279174,0.05157716572284698,0.09804876893758771,0.01296002697199583,-0.028571706265211105,-0.0012710783630609512,-0.04572657495737076,-0.02189345471560955,-0.04759173467755318,-0.023861534893512722,0.01376467663794756,0.017795853316783905,0.029436679556965828,-0.0009570325491949917,0.02749647945165634,-0.01826248876750469,0.06892786920070648,-0.04572267830371857,-0.07277701050043106,0.007996279746294022,0.05478665977716446,-0.0148219158872962,-0.09586870670318605,0.0067102364264428616,-0.055939797312021255,0.009098477661609648,-0.05234456434845924,0.02157985232770443,0.02525706961750984,-0.00921572931110859,-0.02884845808148384,-0.06526823341846466,0.002686338732019067,0.014054575003683569,-0.05546586215496063,0.0022395201958715916,0.004357877653092146,-0.052691034972667694,0.0,0.032580163329839706,-0.07367219030857086,-0.08146845549345016,-0.0217419657856226,0.10835082083940505,-0.014055922627449036,-0.08209453523159027,-0.037378434091806405,0.0038283271715044975,-0.07171625643968582,0.0058543444611132145,0.03425462543964385,-0.03156377002596855,-0.032840829342603683,-0.01321391388773918,-0.0243669617921114,0.0035682467278093095,-0.0016303099691867828,0.04014352709054946,-0.05399634689092636,0.028517069295048717,0.02503553219139576,-0.0009339574025943875,-0.08131539076566696,-0.030436770990490917,-0.00014714841381646693,-0.03212198242545128,-0.02889423817396164,0.04346821457147598,0.01231061853468418,-0.04102487862110138,0.06716480106115341,0.03203143924474716,-0.09737481176853183,-0.04742635041475296,0.0368906706571579,0.09936166554689407,-0.0541258417069912,0.030792471021413803,-0.04075123742222785,-0.09735972434282304,-0.0010290450882166624,-0.03721307218074799,-0.0522637777030468,-0.061225544661283486,-0.02406052686274052
-0.01545758731663227,0.006033705081790686,-0.01120188646018505,-0.038369759917259216,0.0516631118953228,-0.008978394791483879,0.016294879838824272,0.01358124241232872,0.06079822406172752,-0.03451340273022652,0.03593912720680237,-0.011169313453137875,-0.03705629706382752,0.009560810402035711,-0.07659405469894409,-0.011308742687106133,-0.0915827751159668,0.012667476199567316,-0.05507522448897362,0.01170672569423914,-0.028841191902756688,-0.02293325960636139,-0.05172351375222206,0.12352339923381804,0.007535352371633053,-0.0016729607013985515,0.015696024522185326,-0.005945037584751844,0.0027819667011499405,0.007184099406003952,0.009283001534640787,-0.004285585600882769,-0.08505931496620178,0.003775893012061715,0.06384522467851639,-0.016741441562771797,0.05640621483325958,-0.04773443192243576,-0.058655094355344765,-0.01694427616894245,-0.03083379752933979,-0.04461470991373062,0.006154396571218968,-0.010310902260243893,-0.03365452587604523,-0.051350004971027374,0.016015784814953804,-0.033411625772714615,-0.05677690729498863,0.03861545398831368,-0.016117116436362267,0.05461073666810989,-0.04761305451393128,0.032580163329839706,0.0,-0.030129164457321167,-0.008769381791353226,-0.04137298464775085,-0.031952019780874245,-0.06614668667316437,-0.016112670302391052,-0.0008425245760008692,-0.031295258551836014,0.10132821649312972,-0.002974845934659242,0.03746747598052025,-0.08354068547487259,-0.07863069325685501,0.008560942485928534,-0.024051884189248085,-0.06234119087457657,0.09383798390626909,-0.02101828344166279,0.061104685068130486,0.02177940122783184,0.01406857743859291,0.052518296986818314,-0.04415076598525047,0.00022099667694419625,0.012860246002674103,-0.0675458237528801,0.032800644636154175,0.0004336957645136863,-0.00961924809962511,-0.06800137460231781,-0.05534132197499275,-0.09370598196983336,0.019404927268624306,-0.0354887917637825,-0.025086786597967148,0.0418875589966774,0.017976129427552223,-0.04981970414519309,-0.012120748870074747,-0.043188784271478646,-0.02678192965686321,0.05789540335536003,0.0025871123652905226,-0.00463224807754159,-0.013393581844866276
0.039149351418018334,-0.043493814766407006,0.020052464678883553,0.021710796281695362,0.034752778708934784,0.05491476133465767,-0.01599163748323917,0.016642186790704727,-0.02999097667634487,-0.04572701454162598,0.05956338718533516,-0.010429276153445244,0.05088908970355988,0.001753352815285325,0.0065133459866046906,0.0010322207817807791,-0.01554215233772993,0.08692728728055955,-0.047996710985898965,-0.06123599037528039,0.07040715217590332,0.02875377796590328,0.02828773856163025,0.018519470468163487,-0.024029184132814407,-0.05139542743563652,0.0041596293449401855,0.018168365582823757,-0.008690278977155685,-0.00034500128822401166,-0.021447952836751934,0.03553437441587448,-0.07820288836956024,-0.053250111639499664,-0.02999752014875412,0.05312549322843552,-0.06823954731225967,-0.04156644642353058,0.0382993184030056,-0.028402840718626976,-0.0464518629014492,0.0007371535757556557,-0.045720174908638,0.0385134145617485,0.10166528075933456,-0.06839266419410706,0.0007009094697423279,-0.03529948741197586,-0.04502200335264206,-0.014044307172298431,0.02329312637448311,-0.0035122623667120934,-0.0070103458128869525,-0.07367219030857086,-0.030129164457321167,0.0,-0.032035533338785165,-0.02747564204037189,0.030260806903243065,-0.023821379989385605,-0.058848176151514046,-0.06663917750120163,-0.03831072896718978,-0.024590702727437016,-0.023648643866181374,-0.03479931503534317,0.005170032847672701,0.01728975400328636,0.007260915357619523,-0.07799597084522246,-0.01932261697947979,0.013736830092966557,0.020612467080354687,0.018773116171360012,0.0008725874940864743,0.04151364043354988,0.04719602689146996,-0.038124125450849526,0.03263479843735695,-0.01310939621180296,-0.09544876217842102,0.056575056165456765,-0.0925370305776596,-0.05460802838206291,-0.013500147499144076,0.02369886822998524,0.003034938359633088,-0.0513111799955368,-0.024595718830823895,0.008132203482091427,-0.001211267546750605,0.001980801811441779,-0.0684676542878151,-0.02642880007624626,-0.03030436113476753,-0.013398864306509495,-0.04102592542767525,-0.02745853364467621,-0.023095568642020226,0.0059207985177636155
0.01645994931459427,0.04321885481476784,0.03138478845357895,0.07818780839443207,-0.02907075732946396,0.010459407232701778,-0.03762216866016388,0.003370014252141118,-0.0049174721352756015,-0.02560334838926792,0.0058707520365715036,0.0044954707846045485,0.04600558429956436,0.0018917161505669355,0.008907300420105457,-0.035125184804201126,0.047583438456058495,0.03260939568281174,-0.0007717102416791021,-0.05521266907453537,-0.09931937605142592,-0.09961422532796861,0.01289280503988266,-0.005075128749012947,0.005713806487619877,-0.04119973629713058,-0.0700354129076004,-0.05700790137052536,0.03189530596137047,-0.006561241112649441,-0.0457800067961216,-0.044744502753019326,-0.06232186779379845,-0.06813602149486542,0.037563662976026535,-0.004626615438610315,0.023593859747052193,-0.014708807691931725,0.014253536239266396,-0.0017994907684624195,-0.009451109915971758,-0.03339006379246712,0.013141452334821224,-0.09718997776508333,0.038585416972637177,-0.04722827672958375,0.033948540687561035,0.05018845573067665,0.03795623779296875,0.008677191101014614,-0.056177083402872086,-0.015841977670788765,0.05156370624899864,-0.08146845549345016,-0.008769381791353226,-0.032035533338785165,0.0,-0.0053712516091763965,-0.036830123513937,0.05380228534340858,0.02183602564036846,-0.05301155894994736,-0.035746894776821136,-0.013622748665511608,0.005047535989433527,0.009524969384074211,0.0009762278059497476,0.008109266869723795,-0.07891350984573363,0.08754385262727737,0.04750224575400352,0.023674188181757927,-0.0641610398888588,0.008964130654931068,-0.06447166949510574,-0.03941489011049271,0.0177121814340353,-0.04939888417720795,0.0056589082814753056,-0.000630342576187104,-0.0629250630736351,-0.07360199838876723,-0.061851643025875085,0.018225397914648056,0.04214883968234062,0.03420208394527435,0.03867708891630173,-0.03852289170026779,0.02623707987368107,-4.135042036068626e-05,0.0005254796124063432,-0.008950747549533844,-0.023290507495403286,0.03476252034306526,0.02776148170232773,0.011398638598620892,0.0012808357132598756,-0.05100101605057716,-0.06393615156412125,-0.09288060665130617
0.028728872537612915,-0.05133941024541855,-0.06575017422437668,-0.02712784335017204,0.04513829573988914,0.01704111322760582,0.005283611360937357,0.04068572074174881,0.004050300922244787,-0.008585136383771896,-0.03126347064971924,-0.03660890832543373,-0.05698809027671813,-0.022777851670980453,-0.014971662312746048,-0.05647633969783783,-0.04437587782740593,-0.06465155631303787,0.05375622957944869,-0.02750696428120136,0.06863424181938171,0.0251229889690876,0.05020853504538536,-0.017042549327015877,-0.07913697510957718,-0.043795093894004815,-1.7601036233827472e-05,0.004163958597928286,0.0008476200746372342,0.05460832267999649,0.025151865556836128,0.04472837969660759,0.0024532368406653404,-0.034108586609363556,0.018637973815202716,0.02264999039471149,-0.07872250676155089,0.03797018900513649,-0.017790714278817177,-0.03594241663813591,-0.02852993831038475,-0.006723926868289709,-0.035857688635587685,-0.003712452482432127,-0.05125506222248077,-0.02438271418213844,-0.005556753370910882,-0.032274533063173294,0.016947004944086075,0.004939153324812651,-0.06345193088054657,0.011100073345005512,-0.003757065627723932,-0.0217419657856226,-0.04137298464775085,-0.02747564204037189,-0.0053712516091763965,0.0,-0.003152178833261132,-0.023984925821423527,0.01810202933847904,-0.022945610806345936,0.03572896122932434,-0.025709813460707664,0.030555199831724167,-0.023959336802363396,-0.020499965175986287,-0.056003469973802567,-0.11587496101856232,0.0012647559633478522,-0.030086833983659744,0.06509558856487274,-0.03380442783236504,-0.009569846093654633,-0.012259927578270435,0.020379541441798207,0.030937502160668373,0.001981807639822364,0.057096228003501885,-0.0567222498357296,0.0002447493898216635,-0.04500358924269676,0.002776053734123707,0.018615873530507088,-0.01878202334046364,0.010613389313220976,0.00423515634611249,-0.06916075199842453,-0.00877371709793806,0.03084927424788475,-0.014159852638840675,-0.02816295810043812,0.0047990395687520495,0.005490971263498068,-0.010396830737590788,0.014319724403321745,-0.0191040001809597,0.0016063838265836239,-0.025047836825251576,-0.003830569563433528
-0.00652951980009675,-0.06908527761697769,-0.04215187579393386,-0.05318158492445946,-0.016914576292037964,-0.03289133682847023,-0.044777005910873406,0.04114073514938354,0.0069397310726344585,0.04770758748054504,0.007837831974029541,0.013682212680578232,-0.07367633283138275,0.03920022398233414,-0.06368092447519302,2.5584806735423622e-06,0.0059320484288036815,0.02529398910701275,-0.011251449584960936,0.03139783442020416,-0.11694205552339552,0.04742259532213211,-0.049337271600961685,0.019022583961486816,0.08307688683271408,-0.06970010697841644,-0.010891583748161793,-0.046804662793874734,-0.12607938051223755,0.03736784309148789,-0.08035281300544737,-0.06798230111598969,-0.002461528405547142,-0.013019923120737076,-0.020933609455823895,-0.014865589328110218,0.05045890063047409,0.039763741195201874,-0.011669219471514223,0.026965051889419556,-0.004419601522386073,-0.08598502725362778,-0.07523812353610992,-0.08753934502601622,-0.05548952519893646,0.02696193754673004,0.026296392083168026,0.009444198571145535,0.001510053756646812,-0.028681049123406407,0.02221361175179481,0.029944527894258496,-0.03187659755349159,0.10835082083940505,-0.031952019780874245,0.030260806903243065,-0.036830123513937,-0.003152178833261132,0.0,0.014079969376325607,-0.011152447201311588,0.05137641727924346,0.0004970364389009774,-0.012077880091965199,0.06303197145462036,0.04845312610268593,-0.00750469323247671,-0.08220417797565459,-0.06571197509765625,0.0110895037651062,-0.05814618989825249,0.013718977570533752,2.145128200936597e-05,0.03681270778179169,0.0034927623346447945,0.023959267884492878,0.003088082652539015,-0.0624651126563549,0.06927886605262756,-0.048516448587179184,-0.001165408524684608,0.0024301907978951927,0.030363162979483604,-0.022083425894379612,0.000478035828564316,-0.03341922536492348,-0.09313923120498656,0.104945607483387,-0.03356340900063515,0.0018290939042344687,0.022295566275715828,0.02740268222987652,-0.10185177624225616,-0.04674205556511879,0.03789179399609566,0.020159311592578888,-0.029648764058947563,-0.07251159101724625,-0.01913437806069851,0.04898728430271149
0.019894447177648544,-0.03280670940876007,-0.02189991809427738,-0.0059721022844314575,0.01811281219124794,0.015605476684868336,0.01328769139945507,0.002246845979243517,-0.013647535815835,-0.05174545571208,0.014151046052575111,0.004929081536829472,-0.05023102089762688,-0.05539274960756302,0.10350527614355089,0.005028332583606243,-0.05218002200126648,-0.09620425105094908,-0.04260365292429924,-0.0033003429416567087,0.014886215329170229,0.019692283123731613,-0.07622586190700531,-0.03719216585159302,-0.003817089134827256,0.03327511250972748,-0.05027646571397781,0.03343027085065842,-0.1109815090894699,-0.01932523027062416,0.05155032500624657,0.03419887647032738,-0.07853981852531433,0.04940999671816826,0.011962858028709888,0.016729101538658142,0.0015230934368446467,0.010921238921582699,-0.03680191189050674,0.0376749075949192,0.0024262350052595134,0.01570352539420128,0.03431209921836853,0.02135602943599224,-0.09922482818365096,-0.02813298627734184,0.002147073857486248,0.012505855411291122,-0.03003901056945324,-0.02947204001247883,-0.056430961936712265,-0.005097453482449056,0.003995446022599936,-0.014055922627449036,-0.06614668667316437,-0.023821379989385605,0.05380228534340858,-0.023984925821423527,0.014079969376325607,0.0,0.001229899120517075,-0.018950169906020164,-0.0033634353894740343,0.08039084821939468,-0.11106541007757186,-0.018393710255622864,-0.027501603588461876,0.04570406302809715,-0.04329985752701759,-0.02685545384883881,-0.0005992926890030503,0.059230394661426544,0.02955925278365612,-0.05585915595293045,-0.006536830216646194,-0.04238386824727058,-0.016746886074543,0.017589004710316658,-0.03949375823140144,-0.03191876411437988,-0.046190258115530014,-0.03651676699519157,0.03601892292499542,-0.004302948247641325,0.028561659157276157,-0.008322428911924362,0.022433487698435783,-0.04888429865241051,-0.026829352602362633,0.06083860993385314,-0.004476906731724739,-0.03420134633779526,0.010029337368905544,-0.022484732791781425,-0.05168427899479865,-0.08178053051233292,-0.02225647494196892,0.038269717246294015,0.033384650945663445,-0.0012136595323681831
-0.011949117295444012,0.016643501818180084,-0.004519701469689608,0.04568018764257431,-0.02185327187180519,0.002946196822449565,-0.12029163539409636,-0.020796498283743855,-0.00320303812623024,0.09936442226171491,0.04881813004612923,0.06439685821533203,0.13457943499088287,-0.07334864139556883,-0.04073451831936836,0.08555781096220016,-0.05580703541636466,-0.04121294617652893,-0.03200240433216095,0.007029851898550987,-0.005164955276995896,-0.043209727853536606,0.04134275391697884,-0.014671259559690952,-0.0029376319143921137,0.07862022519111633,0.0499773547053337,0.010296531952917576,0.0349426344037056,0.027594519779086113,-0.04574733227491378,-0.020009592175483704,0.0007768775685690342,-0.04097208008170128,-5.116797183291055e-05,0.04127533733844757,-0.06876996904611588,0.006119173020124435,-0.02416421473026276,-0.010860723443329334,-0.05139535665512085,-0.019725115969777107,-0.04539468884468079,0.06194009259343147,-0.04636349156498909,0.019416388124227524,-0.022892283275723457,-0.051705796271562576,0.017515772953629494,0.0015251149889081717,0.01465882919728756,-0.10014084726572035,0.06665260344743729,-0.08209453523159027,-0.016112670302391052,-0.058848176151514046,0.02183602564036846,0.01810202933847904,-0.011152447201311588,0.001229899120517075,0.0,-0.03849035874009132,0.045410655438899994,0.0708761140704155,-0.07924056053161621,-0.0384460911154747,0.0437399297952652,-0.019138211384415623,0.00169511663261801,-0.032080288976430886,5.443082409328781e-05,-1.4771764654142316e-05,0.01846221461892128,-0.10067325085401536,0.0767437443137169,0.05459169298410416,0.009586466476321219,-0.027927499264478683,-0.05643550306558609,-0.08529836684465408,-0.024273868650197983,0.08440641313791275,-0.06472554057836533,0.04472761228680611,-0.07707574963569641,-0.0556061714887619,0.025052331387996677,2.454836794640869e-05,-0.08592622727155685,0.020954882726073265,0.001798699842765927,-0.02880166471004486,-0.01429397240281105,-0.005684543866664171,-0.01945226825773716,0.041540127247571945,-0.08882436901330948,-0.036713402718305595,-0.006824323907494545,-0.059781331568956375
0.021099811419844627,0.041657023131847375,0.02978343144059181,-0.016430161893367767,-0.017008526250720024,0.007838494144380093,-0.0021304127294570208,0.00010835500143002717,-0.012786878272891045,-0.04457062110304832,0.015815729275345802,-0.04967080429196358,0.1519155502319336,-0.036156084388494485,0.05391473695635796,-0.06912066787481308,-0.05293745920062065,0.03521494194865227,0.07121477276086807,-0.015030788257718086,-0.03557303547859192,-0.018891289830207825,-0.05659142881631851,-0.03381451964378357,-0.004451029468327761,0.0009467145428061485,-0.029872983694076535,0.014160739257931708,-0.016216527670621872,-0.016513625159859657,-0.018621144816279408,-0.04057405516505241,-0.010391971096396446,-0.07151242345571518,0.031094199046492577,-0.028373906388878822,0.0066325506195426,-0.07254358381032942,-0.014948057942092419,-0.06469552963972092,-0.002006437396630645,0.03472540155053139,0.0024880224373191595,-0.03382262587547302,-0.0075815231539309025,-0.010338721796870232,-0.014657274819910526,-0.027516273781657215,-0.0603935644030571,0.04790366441011429,-0.04495052620768547,0.0012298148358240724,0.017362074926495552,-0.037378434091806405,-0.0008425245760008692,-0.06663917750120163,-0.05301155894994736,-0.022945610806345936,0.05137641727924346,-0.018950169906020164,-0.03849035874009132,0.0,0.0011306526139378548,-0.015306072309613228,0.02271655574440956,0.00015445920871570706,-0.028194138780236244,-0.008736715652048588,-0.011297946795821188,0.013881274498999119,-0.029315097257494926,0.04756046459078789,-0.025253793224692345,0.016250938177108765,0.0362141951918602,-0.001140135107561946,-0.028146112337708477,-0.05193253979086876,0.016439514234662056,0.02932344935834408,-0.04525896534323692,-0.00533043686300516,-0.05360002815723419,-0.030450720340013504,0.036061327904462814,-0.018273307010531425,-0.11800607293844224,-0.0036401872057467695,0.03023409657180309,-0.010278817266225815,0.027124579995870594,-0.019127048552036285,0.04954433441162109,0.013169718906283379,-0.05278033018112183,-0.019639423117041588,-0.07211308926343916,0.05324107781052589,-0.008272404782474041,6.028669304214418e-05
-0.07501353323459625,-0.015794619917869568,0.01735963299870491,0.006700979080051184,-0.004907417111098766,0.009654631838202477,0.06865726411342621,-0.04430590569972992,-0.01115070842206478,-0.048704814165830605,-0.033677708357572556,0.01431791577488184,-0.01275634765625,0.0725078284740448,0.0011580032296478748,-0.0045225415378808975,-0.014004979282617567,0.03692197054624557,-0.04944533109664917,0.030264912173151966,-0.04321710765361786,0.014656677842140196,-0.003820567391812801,0.07604467123746872,-0.012089774943888187,-0.041115324944257736,-0.04469228163361549,-0.0181416105479002,-0.07344856858253479,-0.05660495162010193,0.012728464789688587,-0.006350751034915447,-0.025071242824196812,0.042047541588544846,-0.07560288906097411,-0.059799131006002426,0.01779373362660408,-0.012445428408682346,-0.003990063909441233,-0.002355795120820403,-0.04833384603261948,-0.012927907519042492,-0.01170114055275917,0.02301330678164959,0.07836353033781052,0.02212507277727127,0.004741487558931112,0.026446878910064697,-0.025778310373425484,0.01870783418416977,0.05232152715325356,-0.003361337585374713,0.007770229130983352,0.0038283271715044975,-0.031295258551836014,-0.03831072896718978,-0.035746894776821136,0.03572896122932434,0.0004970364389009774,-0.0033634353894740343,0.045410655438899994,0.0011306526139378548,0.0,0.0038438197225332256,0.001572671462781727,-0.02794048376381397,-0.032743796706199646,0.00825734715908766,-0.032166562974452965,-0.012589688412845135,-0.04139412194490433,-0.02376409620046616,-0.021811077371239666,-0.021940419450402256,-0.07717850804328918,0.007306922692805528,0.0015603192150592804,-0.03895759582519531,-0.07777755707502365,0.03519764542579651,-0.026968998834490776,-0.013430780731141567,-0.009619058109819887,-0.003363061929121613,-0.018136557191610336,0.05057701468467712,-0.0002775076718535274,-0.04471362009644508,0.028789838775992397,-0.01715307869017124,-0.010111677460372448,-0.02130119502544403,-0.04151592031121253,-0.06858683377504349,0.016505476087331772,-0.0304862167686224,0.02827210165560245,-0.08621367067098618,-0.012930468656122684,-0.0375470295548439
6.168353593238862e-06,0.00826381705701351,0.015453636646270752,-0.027514908462762833,-0.06120600923895836,0.04259072244167328,-0.05321013554930687,0.019494757056236267,-0.06890638917684555,0.01268123649060726,-0.037690047174692154,-0.0563550628721714,-0.027048593387007717,0.006962763145565987,-0.007664431352168322,-0.08894857019186019,0.12953858077526093,-0.003198295598849654,0.027160832658410072,-0.005416159518063068,0.02157158963382244,-0.0637863352894783,0.06783301383256912,-0.1151525229215622,-0.026610029861330983,0.020268879830837246,0.0634460523724556,0.013685951940715311,-0.02346725016832352,-0.06662910431623459,0.0160569678992033,-0.051294468343257904,0.07437916100025177,-0.02984832972288132,-0.10242411494255065,-0.024565210565924644,-0.03169519454240799,0.0016867995727807283,0.04532868042588233,-0.0462045818567276,-0.08588127791881561,0.03852616995573044,0.00029137262026779354,-0.057647593319416046,0.04237692058086395,0.023715844377875328,-0.050510842353105545,0.002656881231814623,0.019547706469893452,0.009609741158783438,-0.0669899433851242,-0.0009776261867955327,-0.06142656877636909,-0.07171625643968582,0.10132821649312972,-0.024590702727437016,-0.013622748665511608,-0.025709813460707664,-0.012077880091965199,0.08039084821939468,0.0708761140704155,-0.015306072309613228,0.0038438197225332256,0.0,0.053038354963064194,-0.04183250665664673,0.03977692127227783,0.01192235667258501,0.03859903290867805,0.015740441158413887,0.014719557948410513,-0.0626908540725708,0.012952758930623531,0.021803749725222588,-0.03540565446019173,-0.028495805338025093,5.143943053553812e-05,-0.008282420225441456,0.07529355585575102,-0.015693364664912224,-0.04701067507266998,-0.0062983077950775615,-0.011069520376622677,-0.04912346228957176,-0.04346439614892006,0.05809271335601807,-0.0019901124760508537,-0.008194847963750362,-0.010855138301849363,-0.0697847381234169,-0.08262734115123747,0.029256943613290783,0.021189358085393906,-0.040525320917367935,-0.017265576869249344,-0.010987539775669575,-0.04566047340631485,-0.012515447102487087,-0.0723128616809845,0.05915758386254311
0.03544007986783981,-0.02652635239064693,0.026922602206468586,-0.006956485565751791,0.013570423237979412,-0.04367683827877045,0.00017191513325087726,-0.04054513201117516,-0.01416015625,0.002745236502960324,-0.014480860903859138,-0.046457167714834206,-0.041758760809898376,-0.0173041932284832,0.06705342233181,0.041613422334194176,-0.07709175348281859,-0.008345387876033785,-0.07926326245069502,-0.08992280066013336,7.11292086634785e-05,-0.014472514390945435,-0.0233252365142107,0.0029188499320298438,0.048080187290906906,-0.0006107162917032838,-0.030677897855639458,-0.04316577315330505,-0.017604010179638863,-0.011260073632001877,-0.09924619644880295,0.03970371186733246,0.024211231619119644,0.11084342747926712,-0.03747226670384407,0.054911844432353966,-0.00578762823715806,-0.04607763513922691,0.029423369094729424,0.05863204970955849,0.004971524700522423,-0.07893768697977066,0.031402237713336945,0.07463038712739944,-0.03926456719636917,-0.07948615401983261,0.06771170347929001,-0.04849136620759964,0.005002525635063648,-0.1158703863620758,-0.024078743532299995,-0.06825219094753265,-0.04403730854392052,0.0058543444611132145,-0.002974845934659242,-0.023648643866181374,0.005047535989433527,0.030555199831724167,0.06303197145462036,-0.11106541007757186,-0.07924056053161621,0.02271655574440956,0.001572671462781727,0.053038354963064194,0.0,0.043790347874164574,0.06076799333095551,0.08215839415788649,-0.01981179043650627,-0.03733985871076584,0.03967231884598732,0.0032318115700036287,-0.060793239623308175,-0.08120031654834747,0.001989408861845732,0.01801709085702896,-5.986565156490542e-06,0.04680453240871429,-0.04148785769939423,0.031734250485897064,-0.05255264788866043,-0.020582169294357296,-0.059753436595201485,-0.00921101029962301,0.053498558700084686,-0.0512460395693779,0.020269285887479786,-0.04058133438229561,-0.029906833544373512,0.0678953230381012,-0.003340980736538768,0.0021234280429780483,-0.1005486622452736,-0.0016511549474671483,-0.04177894070744514,-0.00273443921469152,-0.02135921642184257,0.028482960537076,0.014257150702178478,-0.037176087498664856
0.009996573440730573,-0.15488992631435394,0.07983811944723129,0.008137132041156292,-0.022701406851410862,-0.07350750267505644,-0.05937347188591957,0.057155244052410126,-0.0720037966966629,-0.05592819303274155,-0.0693039521574974,-0.0515742041170597,0.02671634219586849,0.030612422153353688,0.18012961745262146,0.0011278336169198155,-0.05845113471150398,0.04912141710519791,-0.04462544247508049,-0.023496143519878387,-0.002688939683139324,0.06749704480171204,0.04263174906373024,0.07192754000425339,0.0028598024509847164,0.05650332570075989,-0.06800848990678787,-0.054877933114767075,0.011963033117353916,0.03729761764407158,-0.0320609025657177,-0.038248255848884576,0.0005821274244226515,-0.10951612889766692,-0.0378735326230526,0.021522659808397293,-0.028077786788344383,0.009638162329792976,-0.00041676865657791495,-0.03540434688329697,-0.054046787321567535,-0.021101325750350952,-0.0831102803349495,-0.01893949322402477,0.005762408021837473,-0.023946473374962807,-0.07896764576435089,0.08578164875507353,0.05666913092136383,0.025874998420476917,0.047795690596103675,-0.026713602244853973,-0.0322558730840683,0.03425462543964385,0.03746747598052025,-0.03479931503534317,0.009524969384074211,-0.023959336802363396,0.04845312610268593,-0.018393710255622864,-0.0384460911154747,0.00015445920871570706,-0.02794048376381397,-0.04183250665664673,0.043790347874164574,0.0,-0.12528082728385925,-0.032666660845279694,0.08031588047742844,-0.02909904159605503,0.008587267249822617,-0.03933742269873619,0.009669641964137554,0.0016012097476050256,0.11407102644443512,-0.04012374579906464,0.003800065256655216,0.05525700002908707,0.0009587262175045907,-0.04251927509903908,-0.00014530996850226074,-0.0044090324081480494,0.032844673842191696,0.03411911800503731,-0.09579963237047197,-0.06012098863720894,-0.06814995408058168,0.04169387742877007,0.00889530126005411,0.005132050253450871,0.07101153582334518,-0.0021268397103995085,-3.66938766092062e-05,-0.05401076748967171,-0.022573631256818768,0.009000100195407867,0.17127098143100739,-0.007080575916916132,-0.043382372707128525,0.007135970983654261
0.0388723723590374,-0.019633684307336807,-0.006837179884314537,0.014219189994037151,0.01308354828506708,0.02899792231619358,-0.020659079775214195,0.06451469659805298,-0.015069472603499888,-0.11680569499731064,-0.052577894181013114,0.013079298660159113,-0.03582066297531128,0.04226519912481308,-0.07219519466161728,-0.08469008654356003,-0.025064630433917046,-0.041839275509119034,-0.04228094965219498,0.05020403116941452,-0.05407961457967758,0.05608269199728966,0.03832443803548813,0.055092282593250275,-0.03868045657873154,-0.03303857520222664,-0.016334576532244682,0.0001597503287484869,-0.0005380833172239363,-0.015055381692945955,0.05112634226679802,0.0026695786509662862,-0.07864617556333542,-0.027952678501605988,-0.02447636425495148,-0.02496389672160149,0.05593929439783096,-0.04904493689537048,-0.025913096964359283,0.024920042604207993,0.06425164639949799,0.011941727250814436,0.012810741551220415,-0.03683312237262726,0.04699859768152237,-0.014494789764285088,-0.056145172566175454,-0.04467274993658066,-0.04720884934067726,-0.04547746479511261,0.04877564311027527,-0.0018248382257297635,0.06056884303689002,-0.03156377002596855,-0.08354068547487259,0.005170032847672701,0.0009762278059497476,-0.020499965175986287,-0.00750469323247671,-0.027501603588461876,0.0437399297952652,-0.028194138780236244,-0.032743796706199646,0.03977692127227783,0.06076799333095551,-0.12528082728385925,0.0,-0.030260618776082993,-0.103364959359169,0.026151256635785103,0.03725692257285118,0.021197635680437088,-0.046810440719127655,-0.010098042897880076,0.04727902635931969,-0.02878158539533615,-0.0845939666032791,0.038963817059993744,-0.09269428998231888,-0.052458763122558594,0.0018656147876754403,0.0006342324195429683,0.009490187279880049,0.057475604116916656,-0.03307411074638367,-0.006864143535494804,0.03838801383972168,-0.06137379631400108,-0.08874797821044922,-0.02432897873222828,0.06163395196199417,-0.034747205674648285,0.04322728142142296,0.015235692262649536,-0.05365963280200958,0.002153493696823716,0.024449242278933525,0.07201772928237915,0.02270963042974472,0.05769580230116844
0.029404938220977783,-0.03666843846440315,-0.1390674114227295,0.040012892335653305,0.024725882336497303,-0.005469633731991053,0.0013550923904404044,0.0018007687758654356,0.030736951157450676,-0.0013519048225134611,0.024744579568505287,0.05675302445888519,-0.04407750070095062,-0.019675530493259426,-0.11319753527641296,0.028200468048453328,-0.03478563949465752,0.023058528080582615,0.02873152308166027,0.02924320660531521,0.008002026006579399,0.058533266186714165,0.06147393211722373,-0.040246143937110894,-0.04790025949478149,-0.09140453487634659,-0.08261557668447495,0.022672066465020176,0.01903143897652626,0.0708288848400116,-0.02799256891012192,0.01030530408024788,-0.06034915521740913,-0.06548698991537094,0.029868250712752346,-0.006574885919690132,-0.01600934937596321,-0.019298648461699482,0.026554832234978676,-0.044288091361522675,-0.050250720232725136,0.00128125655464828,-0.06947125494480133,-0.001685821800492704,-0.035535719245672226,-0.014286516234278677,0.02569688856601715,-0.034199200570583344,-0.0015041881706565619,0.005262094549834728,0.0027208579704165454,0.016597868874669075,-0.10235040634870528,-0.032840829342603683,-0.07863069325685501,0.01728975400328636,0.008109266869723795,-0.056003469973802567,-0.08220417797565459,0.04570406302809715,-0.019138211384415623,-0.008736715652048588,0.00825734715908766,0.01192235667258501,0.08215839415788649,-0.032666660845279694,-0.030260618776082993,0.0,0.006105322390794754,-0.02703624963760376,-0.03629574179649353,-0.014202803373336792,-0.09768316894769667,0.012213985435664652,0.02541755512356758,-0.04460571706295013,-0.008472898043692112,0.05171272158622742,0.0026312030386179686,0.0302615649998188,0.07710939645767213,0.0010466609383001924,0.06658581644296646,0.04653205722570419,0.05179273709654808,-0.10056047886610033,-0.0468185693025589,-0.02120562084019184,-0.050712015479803085,-0.012132903560996056,0.07986614853143693,-0.07890810817480086,0.04413601756095886,0.003669770900160074,-0.03329058736562729,0.0930093377828598,-0.013970067724585531,-0.09673715382814407,-0.007136230356991291,-7.614307378389638e-06
-0.04566030576825142,-0.016368107870221138,0.018381740897893906,-0.08344762772321701,0.04853374511003494,-0.017925245687365532,0.004302541259676218,0.08583392947912216,0.0314197801053524,-0.0018621529452502728,0.00518764415755868,-0.09209026396274567,0.0026679986622184515,0.026281438767910004,0.06341135501861572,-0.057956088334321976,-0.007015187293291092,-0.12091800570487976,0.03611455112695693,0.0013833221746608615,-0.10660430788993835,0.06082944199442864,-0.009575799107551575,0.022823909297585487,-0.05976636707782745,-0.025119662284851078,-0.01089881919324398,8.348544042746654e-07,-0.005497299134731293,0.01866559125483036,0.04251489415764809,0.04192152991890907,-4.527433338807896e-05,0.018919283524155617,0.027538180351257324,-0.03278907388448715,-0.03356131911277771,0.03517193719744682,-0.02734699100255966,0.01434812881052494,0.10169677436351776,-0.013596548698842524,-0.1257900893688202,-0.09820501506328583,0.05139487609267234,0.019223738461732864,-0.046178393065929406,-0.030618084594607357,-0.009282035753130913,-0.04274563491344452,0.008704648353159428,-0.013638892211019993,-2.489009602868464e-05,-0.01321391388773918,0.008560942485928534,0.007260915357619523,-0.07891350984573363,-0.11587496101856232,-0.06571197509765625,-0.04329985752701759,0.00169511663261801,-0.011297946795821188,-0.032166562974452965,0.03859903290867805,-0.01981179043650627,0.08031588047742844,-0.103364959359169,0.006105322390794754,0.0,0.16630268096923828,0.013976301066577435,0.013951716013252735,-0.03638444468379021,-0.05698259919881821,-0.0073287482373416415,0.13941000401973724,0.03198233246803284,-0.06634725630283356,-4.314817851991393e-05,-0.04039304330945015,-0.004738628398627043,-0.04107899218797684,-0.029571114107966423,0.02301259711384773,0.0015926077030599115,0.06692662090063095,0.011533871293067932,-0.0231328159570694,0.03914308547973633,0.05262845382094383,0.016323678195476532,-0.06037763506174088,-0.022475412115454677,-0.025160254910588264,-0.042230043560266495,0.10246554762125017,-0.05168344080448151,-0.01678290218114853,-0.0774065852165222,-0.05830083787441254
-0.09634362906217576,-0.030286032706499096,0.006586822215467691,-0.02575376443564892,0.012560470029711723,-0.009850927628576756,0.0043000117875635615,-0.05047626793384552,-0.024842726066708565,0.01952121779322624,0.0674310252070427,-0.06425147503614426,-0.06829958409070969,-0.08695706725120544,-0.050510026514530175,0.04978963732719421,-0.04927188158035278,0.18194861710071564,-0.0007032284629531205,-0.06254217773675919,0.057309553027153015,0.010442028753459452,-0.043397542089223855,-0.008495025336742401,-0.0094737708568573,-0.07174712419509888,0.03716925159096718,-0.043518416583538055,-0.013928056694567204,0.03873048350214958,0.09121345728635791,0.01551932282745838,-0.03630991652607918,-0.04322222247719765,-0.05557708814740181,0.0055482336319983006,-0.009268857538700104,-0.023473875597119328,-0.033557213842868805,-0.027763741090893745,-0.014478725381195543,0.017343008890748024,-0.014232182875275612,-0.03498568758368492,-0.08045733720064163,0.019798338413238525,-0.0005542210419662297,-0.08113361895084381,0.012768968939781187,0.027567343786358837,-0.07223344594240189,-0.04946715757250786,0.07811527699232101,-0.0243669617921114,-0.024051884189248085,-0.07799597084522246,0.08754385262727737,0.0012647559633478522,0.0110895037651062,-0.02685545384883881,-0.032080288976430886,0.013881274498999119,-0.012589688412845135,0.015740441158413887,-0.03733985871076584,-0.02909904159605503,0.026151256635785103,-0.02703624963760376,0.16630268096923828,0.0,0.031773805618286126,0.03246460482478142,0.052585020661354065,-0.035749442875385284,-0.02540264092385769,0.031926438212394714,-0.06308921426534653,0.06016448140144348,-0.02400922402739525,0.006378685124218464,0.0332881323993206,0.0006837405380792916,0.02199782431125641,-0.016941620036959648,-0.035448480397462845,0.03523027151823044,-0.10896047949790955,-0.02535617724061012,0.008065902628004553,-0.040016919374465935,-0.007181691937148571,0.05049636587500572,-0.048469044268131256,-0.07198785990476608,0.00927566923201084,-0.045750074088573456,-0.0026673213578760624,0.0022911417763680215,0.05120380595326424,0.03690656647086144
-0.06776122003793716,-0.08027757704257965,-0.11592467874288558,0.1112498864531517,-0.02845962904393673,0.033147796988487244,-0.028441639617085457,-0.15115901827812195,0.09836727380752563,-0.04247365519404411,-0.06339560449123383,0.10667035728693008,0.0029516913928091526,0.10044751316308977,0.07473386824131013,0.0465887114405632,-0.003143075853586197,-0.030038211494684216,-0.012900465168058872,0.11105937510728836,7.811850082362071e-05,-0.00045366256381385034,6.953936826903373e-05,-0.006926334463059902,-0.06990417093038559,-0.04931134730577469,-0.04541648551821709,0.03557159751653671,-0.09299685806035997,-0.05560792610049248,-0.0012039311695843935,-0.043324220925569534,0.02608204074203968,0.03615044057369232,0.07510438561439514,-0.004714459180831909,-0.09117552638053894,0.031606968492269516,-0.05222038552165032,-0.07553128153085709,0.018365407362580296,0.016346866264939308,-0.058760330080986016,0.055851880460977554,-4.486497800826328e-06,6.252037564991042e-05,-0.05546295270323753,-0.09202152490615843,-0.03674795106053352,-0.003746266011148691,-0.02873683534562588,-0.002094975672662258,-1.1618117241596336e-05,0.0035682467278093095,-0.06234119087457657,-0.01932261697947979,0.04750224575400352,-0.030086833983659744,-0.05814618989825249,-0.0005992926890030503,5.443082409328781e-05,-0.029315097257494926,-0.04139412194490433,0.014719557948410513,0.03967231884598732,0.008587267249822617,0.03725692257285118,-0.03629574179649353,0.013976301066577435,0.031773805618286126,0.0,-0.013636361807584763,-0.017159050330519676,0.08176266402006149,-0.00024493766250088805,-0.041356757283210754,0.07618962228298187,0.04232604801654816,0.017266234382987022,0.04396599158644676,-0.05240249633789063,-0.08303598314523696,-0.11061688512563704,0.001786682871170342,-0.02863280847668648,0.04626847058534622,-0.057858433574438095,-0.020936379209160805,-0.02970454655587673,0.034946516156196594,-0.04638038575649261,-0.03770348802208901,0.05925029516220093,0.025994475930929184,0.0890320986509323,-0.02633317559957504,-0.04161771759390831,0.08831391483545302,0.0015671869041398168,0.0060758357867598525
-0.051181696355342865,-0.04428761824965477,0.011337218806147575,-0.025406107306480408,-0.052794355899095535,-0.031878527253866196,0.0008105987217277288,-0.0680377334356308,-0.0824863314628601,-0.0310042817145586,-0.06230973452329636,0.08351855725049971,-0.02218982204794884,0.02633485570549965,-0.045343764126300805,0.12389680743217468,0.03624023497104645,-0.04204149544239044,-0.06757096946239471,-0.022813133895397183,0.057960037142038345,0.0003169250558130443,0.06770864874124527,-0.09193567931652068,-0.03761204332113265,-0.01552294474095106,-0.024368194863200188,-0.041350189596414566,-0.005977983586490153,-0.030944326892495155,-0.10364861041307448,0.03895116969943047,-0.019022103399038315,0.0002785708929877728,-0.034641169011592865,0.0019651830662041903,0.0003935651038773358,-0.015615558251738548,0.026787796989083287,0.0201141107827425,0.07799598574638367,0.04016906395554543,-0.009423086419701576,0.05912245064973831,0.07007740437984467,-0.03251456841826439,-0.1005694270133972,0.054908625781536095,-0.0701599195599556,-0.058310259133577354,0.14335030317306519,-0.050139930099248886,-0.098396897315979,-0.0016303099691867828,0.09383798390626909,0.013736830092966557,0.023674188181757927,0.06509558856487274,0.013718977570533752,0.059230394661426544,-1.4771764654142316e-05,0.04756046459078789,-0.02376409620046616,-0.0626908540725708,0.0032318115700036287,-0.03933742269873619,0.021197635680437088,-0.014202803373336792,0.013951716013252735,0.03246460482478142,-0.013636361807584763,0.0,0.007535592652857303,-0.027622118592262268,-0.0732920914888382,-0.035808902233839035,-1.6988869901979342e-05,-0.06956934183835983,-0.010640625841915607,-0.04370966926217079,0.12114825099706648,-0.0491320863366127,0.00029814301524311304,-0.05469970405101776,0.03885395079851151,-0.025534832850098606,0.037382837384939194,0.054893843829631805,-0.018237277865409848,-0.024374090135097504,0.0037782152649015193,-0.07633958756923676,-0.04022379592061042,-0.010443811304867268,0.00452435901388526,-0.019837960600852966,-0.03329913318157196,-0.013945109210908411,0.015841204673051834,3.6782919778488576e-05
0.029916808009147644,0.047880955040454865,-0.004561646841466426,-0.000597724923864007,-0.044156771153211594,0.0012269668513908982,-0.02001386135816574,0.04819898679852486,0.03640114143490791,-0.051430173218250275,-3.542224658303894e-05,0.0431402362883091,-0.001803595223464072,-0.049643788486719125,-0.048331595957279205,-0.0636209100484848,0.01180843450129032,-1.143877216236433e-05,-0.03887416794896126,0.036295685917139046,0.0422460287809372,-0.06009182706475258,0.2257290333509445,-0.03322431817650795,-0.051588650792837136,-7.146137704694411e-06,-0.09642992913722993,-0.02471158653497696,-0.04010902345180512,-0.024796362966299057,-0.020898884162306786,-0.01756454072892666,-0.0030145284254103895,0.04805494472384453,-0.05048575252294541,-0.10048283636569975,0.12992776930332184,0.0231894925236702,-0.0018918246496468785,0.028257297351956367,-0.05547237396240234,0.017670683562755585,0.002298352075740695,0.09533102065324783,0.014450485818088055,0.019837426021695137,0.026071514934301376,-0.05221007019281387,0.022032747045159336,0.011842628940939903,-0.003088472643867135,-0.032787732779979706,-0.03570207208395004,0.04014352709054946,-0.02101828344166279,0.020612467080354687,-0.0641610398888588,-0.03380442783236504,2.145128200936597e-05,0.02955925278365612,0.01846221461892128,-0.025253793224692345,-0.021811077371239666,0.012952758930623531,-0.060793239623308175,0.009669641964137554,-0.046810440719127655,-0.09768316894769667,-0.03638444468379021,0.052585020661354065,-0.017159050330519676,0.007535592652857303,0.0,-0.024164991453289986,0.041572008281946175,-0.07941751927137376,-0.0070093004032969475,0.07370126992464066,0.04405064135789871,-0.035002630203962326,0.015684885904192924,0.018985668197274208,-0.1297839879989624,0.09393230080604552,0.15816673636436462,-0.05008840933442116,-0.0526922382414341,-0.13411833345890045,0.012849432416260242,-0.03323523327708244,-0.02900884859263897,0.05069047585129738,-0.028593547642230988,-0.012851462699472904,-0.009964876808226109,-0.0609171949326992,-1.4109677977103274e-05,0.03676966577768326,-0.02738727070391178,-0.1162051409482956
-0.022352309897542,-0.018905365839600563,0.029953224584460255,-0.026879047974944115,-0.01886824145913124,-0.05426068231463432,0.00487909559160471,-0.0030157139990478754,-0.022477462887763977,0.02995702251791954,-0.04001832753419876,0.016761602833867073,0.01614857092499733,-0.060646358877420425,0.0009725670679472387,0.024350320920348167,-0.04088157415390015,-0.007863659411668777,-0.004671771544963121,-0.016331998631358147,-0.06420104950666428,0.023792138323187828,0.07338131964206694,-0.034516561776399605,0.008558843284845352,0.022648736834526065,-0.018485471606254578,-0.06503921747207642,-0.04935944452881813,-0.009540315717458725,0.01697094924747944,0.026705026626586918,0.0022226462606340647,0.01573026552796364,-0.06611203402280807,-0.03823047876358032,0.0017727726371958852,-0.06432516127824783,-0.0089640524238348,0.034605059772729874,-0.0006585524533875288,-0.027795737609267235,0.006637852638959885,0.04792678728699684,-0.04635943844914436,0.08360212296247481,-0.02136018127202988,0.004954390227794647,0.01307916920632124,-0.03477079048752785,-0.08639254420995712,0.0003144152869936079,0.0351564921438694,-0.05399634689092636,0.061104685068130486,0.018773116171360012,0.008964130654931068,-0.009569846093654633,0.03681270778179169,-0.05585915595293045,-0.10067325085401536,0.016250938177108765,-0.021940419450402256,0.021803749725222588,-0.08120031654834747,0.0016012097476050256,-0.010098042897880076,0.012213985435664652,-0.05698259919881821,-0.035749442875385284,0.08176266402006149,-0.027622118592262268,-0.024164991453289986,0.0,0.006804351694881916,0.11029496043920516,-0.03789210319519042,-0.019920986145734784,-0.062434591352939606,0.06319042295217514,0.0688786655664444,-0.009874615818262098,0.07675357908010481,-0.0051031881012022495,-0.001387489610351622,-0.023868940770626068,0.03322078660130501,-0.0471748486161232,-0.0011959595140069723,0.03871208056807519,0.012189774774014948,-0.0455038696527481,0.024939311668276783,-0.14100180566310883,-0.05535196885466576,0.009776173159480097,-0.06261098384857178,-0.026791809126734734,-0.027478154748678207,-0.03610043227672577
-0.06013746187090874,0.0132434768602252,-0.016609128564596176,-0.0771089717745781,0.013490746729075909,-0.03976036235690117,0.08999193459749222,-0.01040489412844181,-0.03393121808767319,-0.04464515671133995,0.027336740866303444,0.0018901024013757704,-0.05631686747074127,0.026947611942887303,-0.04910387471318245,-0.026676375418901443,-0.03425576165318489,-0.018116412684321404,-0.03189489990472793,-0.05604363232851029,0.03478515148162842,0.0031551166903227568,1.9419436284806576e-05,0.05244784802198409,-0.024710712954401966,-0.06279069185256958,0.017822541296482086,-0.057932261377573006,0.01767413131892681,-0.02162429131567478,-0.05843382328748703,0.00963854696601629,0.0016153182368725538,-0.0017017822246998549,-0.03041959181427956,-0.0011279676109552383,-0.04040740802884102,-0.0042649046517908564,0.01035636942833662,-0.03639511764049529,-0.07839330285787582,-0.030828332528471943,0.050393790006637566,0.01846389472484589,-0.006644205190241337,-0.027188589796423912,0.0025957159232348204,0.060548845678567886,0.012110869400203228,0.03762038424611092,0.03168935701251029,-0.04135044291615486,0.0696559026837349,0.028517069295048717,0.02177940122783184,0.0008725874940864743,-0.06447166949510574,-0.012259927578270435,0.0034927623346447945,-0.006536830216646194,0.0767437443137169,0.0362141951918602,-0.07717850804328918,-0.03540565446019173,0.001989408861845732,0.11407102644443512,0.04727902635931969,0.02541755512356758,-0.0073287482373416415,-0.02540264092385769,-0.00024493766250088805,-0.0732920914888382,0.041572008281946175,0.006804351694881916,0.0,-0.0451221689581871,0.053131282329559326,-0.10094688832759856,-0.05611597001552582,-0.027026163414120678,0.03448503464460373,-0.07952792942523955,-0.0010969655122607946,-0.06546712666749954,0.0020526135340332985,0.11026540398597716,0.02000715583562851,-0.04652060568332672,0.00725129060447216,-0.029487054795026776,-0.031616464257240295,-0.0032007060945034027,-0.042866621166467674,0.035356905311346054,0.030228622257709503,-0.04873958230018616,0.0019423695048317315,-0.1496410369873047,-0.04720439016819,0.009637078270316126
-0.005082535091787577,-0.03488856554031372,-0.04158950224518776,0.030430415645241737,-0.03560279682278633,-0.06496589630842209,-0.011941813863813875,0.00014990520139690489,-0.04490791261196136,-0.08878649771213531,0.06988583505153656,0.00012980654719285667,-0.049964889883995056,-0.0033241042401641607,0.00013566171401180327,0.024978499859571457,0.05058246105909348,-0.0690845400094986,-0.02181890234351158,0.006176271475851536,0.009187704883515833,-0.02739732339978218,-0.04605541750788689,-0.004994952119886875,0.06382825970649719,0.01804250292479992,-0.07897702604532243,0.06190020963549613,0.05804745852947235,-0.0555766075849533,-0.04966834187507629,-0.046122957020998,-0.0630275309085846,-0.06371698528528214,-0.007185437716543674,-0.0018505339976400137,-0.01159987226128578,-0.0063181943260133275,0.01652496866881847,-0.06906867027282715,-0.00426394259557128,-0.04617290571331978,0.06310189515352249,-0.0046380506828427315,-0.0714557021856308,-0.021102063357830048,0.07303889095783234,3.2693049433873966e-05,0.031096288934350014,-0.0823449194431305,0.038517676293849945,0.0001038205373333767,0.0007025567465461792,0.02503553219139576,0.01406857743859291,0.04151364043354988,-0.03941489011049271,0.020379541441798207,0.023959267884492878,-0.04238386824727058,0.05459169298410416,-0.001140135107561946,0.007306922692805528,-0.028495805338025093,0.01801709085702896,-0.04012374579906464,-0.02878158539533615,-0.04460571706295013,0.13941000401973724,0.031926438212394714,-0.041356757283210754,-0.035808902233839035,-0.07941751927137376,0.11029496043920516,-0.0451221689581871,0.0,-0.023506825789809224,0.07611272484064102,-0.09524776041507721,-0.030950311571359634,-0.06594592332839966,-0.03885723650455474,0.011164423078298569,-0.004838864784687757,0.0790276601910591,-0.05377470701932907,-0.04697955772280693,-0.039831716567277915,0.026406999677419662,-0.03728120401501656,0.00047270287177525455,0.0013839897001162171,0.0540262646973133,0.1250533014535904,0.007949247024953365,-0.04246538504958153,-0.014469756744801998,-0.05912449210882186,-0.03783918917179108,0.07256952673196793
0.02493198029696941,0.0028679496608674526,-0.05535881221294403,0.014188586734235287,-0.04627928137779236,-0.008286539465188978,-0.000822751608211547,-0.07969741523265839,-0.013566267676651476,-0.08395464718341827,0.014418297447264194,0.02558532916009426,-0.07419205456972122,-0.09803037345409392,-0.01947740279138088,-0.07748652994632721,0.055117163807153695,0.02821631357073784,0.08067003637552261,0.05620985105633736,-0.04195510596036911,3.1678970117354766e-05,-0.19367682933807373,0.011684322729706764,-0.05878022313117981,0.032898079603910446,-0.043878074735403054,-0.03110480308532715,0.10357014089822768,0.06446656584739685,-0.0009486112394370138,0.048575941473245614,0.12350321561098097,-0.04834085330367088,-0.0742783173918724,-0.0819980502128601,0.011485506780445576,0.0006660895887762308,-0.04667666181921959,-0.013715671375393867,0.03813742101192474,0.006027595605701208,-0.033291902393102646,-0.01808047853410244,0.09576053917407987,0.015601512044668196,-0.025857996195554733,-0.006180231925100088,-0.05065424367785454,-0.03943336382508278,0.010608052834868433,-0.033105723559856415,0.09336672723293304,-0.0009339574025943875,0.052518296986818314,0.04719602689146996,0.0177121814340353,0.030937502160668373,0.003088082652539015,-0.016746886074543,0.009586466476321219,-0.028146112337708477,0.0015603192150592804,5.143943053553812e-05,-5.986565156490542e-06,0.003800065256655216,-0.0845939666032791,-0.008472898043692112,0.03198233246803284,-0.06308921426534653,0.07618962228298187,-1.6988869901979342e-05,-0.0070093004032969475,-0.03789210319519042,0.053131282329559326,-0.023506825789809224,0.0,0.015018965117633343,-0.05989308282732964,-0.10618291795253752,-0.002526099793612957,0.06936957687139511,-0.04456844180822373,0.008550737053155899,0.05158825218677521,-0.052247639745473855,0.038624607026577,0.020800121128559113,-0.0043632863089442244,-0.05848925933241844,-0.09214308857917784,0.05169455707073212,0.07034748047590256,-0.11800745874643324,0.006474743131548166,-2.5058136088773608e-05,-0.0558505393564701,0.059658482670784,0.0179344080388546,-0.059077974408864975
0.014080453664064407,0.07039488106966019,-0.03157780691981316,-0.01776961050927639,-0.0030473058577626944,0.055511519312858575,-0.0016140590887516737,-0.04421846196055412,-0.012379473075270653,-0.04483429342508316,0.013861751183867455,0.061988871544599526,0.1217399314045906,0.00803359504789114,-0.051183197647333145,2.5713825380080376e-05,-0.03129647299647331,-0.04679642245173454,-0.05440067872405052,-0.035324420779943466,-0.03872138261795044,-0.023639615625143048,-0.03380507230758667,0.0018016641261056063,-0.02184296026825905,0.0773763507604599,-0.013317756354808807,-0.03277945891022682,-2.3818744011805393e-05,-0.0050587765872478485,-0.06920246034860611,-0.03501178324222565,-0.06919325143098831,-0.046836897730827325,0.08696959167718886,0.036809835582971566,0.07840929925441742,0.035704031586647034,-0.020362686365842816,-0.020294087007641792,-0.0035560710821300745,0.05609886348247528,-0.08685439079999924,-0.014574750326573849,-0.028057329356670376,-0.037324391305446625,-0.08820634335279463,0.11899229884147644,-0.10741711407899857,0.0021023948211222887,-0.01962422765791416,0.03131883218884468,0.03189168870449066,-0.08131539076566696,-0.04415076598525047,-0.038124125450849526,-0.04939888417720795,0.001981807639822364,-0.0624651126563549,0.017589004710316658,-0.027927499264478683,-0.05193253979086876,-0.03895759582519531,-0.008282420225441456,0.04680453240871429,0.05525700002908707,0.038963817059993744,0.05171272158622742,-0.06634725630283356,0.06016448140144348,0.04232604801654816,-0.06956934183835983,0.07370126992464066,-0.019920986145734784,-0.10094688832759856,0.07611272484064102,0.015018965117633343,0.0,0.0872635617852211,-4.4484651880338795e-05,-1.3104463505442254e-05,-0.039650820195674896,0.04508243128657341,-0.0755823403596878,-0.0004112425085622817,0.043485838919878006,6.781433330615982e-05,-0.0305924229323864,-0.06413060426712036,-0.009982592426240444,-0.0446610189974308,-0.0590839497745037,0.004276743158698082,-0.05818609148263931,0.009815462864935398,-0.01010262593626976,-0.022668784484267235,-0.02576994709670544,0.003047472797334194,-0.012790394946932793
-0.12251917272806168,0.0069284606724977485,-0.004299905616790056,0.017066240310668945,-0.03679395094513893,-0.01939600519835949,0.0188265647739172,0.026457997038960457,-0.03125188499689102,-0.0628005787730217,0.07728996127843855,0.010422739200294016,0.02215500734746456,-0.013154557906091211,-0.01605461537837982,0.059472315013408654,0.015664538368582726,-0.07857734709978102,-0.06251122802495956,0.05433514341711997,-0.08173707127571107,-0.00680369371548295,-0.09251223504543304,0.0020544833969324827,-0.016536954790353775,0.010098986327648163,-0.0007351495441980661,0.015623487532138824,0.046843551099300385,-0.0891278237104416,0.11967377364635468,-0.03380449116230011,-3.4917229640996084e-05,0.03851541504263878,-0.05863426625728607,-0.0737244263291359,-0.08812246471643446,-0.061886180192232125,0.01820620894432068,-0.006974616087973118,-0.02421744354069233,-0.025096658617258072,0.04271133616566657,-0.00027569790836423635,0.0471610464155674,0.04967596009373665,-0.01921661011874676,-0.035399384796619415,0.004577169194817543,0.060701046139001846,2.393112254139851e-06,-0.08079540729522705,0.0689755454659462,-0.030436770990490917,0.00022099667694419625,0.03263479843735695,0.0056589082814753056,0.057096228003501885,0.06927886605262756,-0.03949375823140144,-0.05643550306558609,0.016439514234662056,-0.07777755707502365,0.07529355585575102,-0.04148785769939423,0.0009587262175045907,-0.09269428998231888,0.0026312030386179686,-4.314817851991393e-05,-0.02400922402739525,0.017266234382987022,-0.010640625841915607,0.04405064135789871,-0.062434591352939606,-0.05611597001552582,-0.09524776041507721,-0.05989308282732964,0.0872635617852211,0.0,0.04862786084413528,0.06812980026006699,0.006886863615363836,-0.06178265064954758,0.058538880199193954,-0.05778497830033302,0.0034090748522430654,0.07245290279388428,-0.03212268650531769,-0.05340448021888733,-0.029521644115448,0.02721931412816048,-0.0573335625231266,0.023674504831433296,0.1230834349989891,-0.051606550812721246,0.002586686983704567,0.011686496436595917,-0.07638952136039734,0.0007188587333075702,-0.03947761282324791
-0.12125232815742493,-0.010921871289610863,0.0437789224088192,-0.05329566821455956,0.02262326516211033,-0.06164833158254624,-0.023987287655472755,0.012720178812742232,0.0003777975798584521,0.009831963106989859,0.13336384296417236,-0.02277211844921112,-0.0400138720870018,0.029433473944664,0.015330426394939423,-0.0397668220102787,0.043711457401514046,-0.06516465544700623,0.023773621767759323,0.001340269693173468,-0.1003660410642624,-0.0064603108912706375,0.03784216567873954,-0.008164596743881702,0.006748935207724571,0.027039462700486183,0.12740454077720642,-0.013823402114212511,-0.012788360938429832,0.04153287783265114,-0.02789192274212837,0.08723254501819609,0.016462793573737144,-0.08982926607131958,-0.01236309390515089,-0.011848576366901396,0.06885325908660889,0.092201329767704,-0.07251309603452681,-0.05236301198601723,0.0012550510000437498,-0.010179501958191395,0.07566720247268675,-0.001001104130409658,-0.13505162298679352,-0.07948260009288788,-0.05729872733354568,-0.001163091859780252,0.01985674537718296,0.0587056577205658,0.18525032699108124,-0.030390476807951927,0.02521655708551407,-0.00014714841381646693,0.012860246002674103,-0.01310939621180296,-0.000630342576187104,-0.0567222498357296,-0.048516448587179184,-0.03191876411437988,-0.08529836684465408,0.02932344935834408,0.03519764542579651,-0.015693364664912224,0.031734250485897064,-0.04251927509903908,-0.052458763122558594,0.0302615649998188,-0.04039304330945015,0.006378685124218464,0.04396599158644676,-0.04370966926217079,-0.035002630203962326,0.06319042295217514,-0.027026163414120678,-0.030950311571359634,-0.10618291795253752,-4.4484651880338795e-05,0.04862786084413528,0.0,-0.1054055318236351,-0.018667047843337056,0.00663741072639823,0.03080199100077152,-0.019019130617380146,0.03025327064096928,-0.07760994136333466,0.09303556382656096,0.01321548782289028,0.003527195658534765,0.01660373993217945,0.09359904378652573,-0.03419051319360733,-0.02943822741508484,-0.031118856742978096,-0.06820907443761826,-0.1090412139892578,0.030336780473589897,-0.07713300734758377,-0.017501477152109146
0.03117870911955833,-0.0987621620297432,0.08352398872375488,0.05079280212521553,0.044310156255960464,0.059000857174396515,-0.037061065435409546,-0.012159609235823154,-0.02310914359986782,-0.026402588933706284,6.0822396335424855e-05,-0.04061641916632652,-0.015218445099890232,0.12370220571756362,0.015304598025977612,-0.03326592966914177,0.025135112926363945,-0.002070370363071561,-0.0451824963092804,-0.0030820239335298534,-0.03372139483690262,-0.056094620376825326,-0.047918129712343216,0.06918729841709137,0.06173792108893394,0.0687282457947731,0.0257493294775486,0.03913147747516632,0.0405704602599144,-0.06765966862440109,-7.273541541508166e-06,0.05305635556578636,-0.04755953699350357,-0.0009355893125757576,-0.046150628477334976,0.037018783390522,-0.05555764213204384,-3.753277997020632e-05,-0.005498280283063649,-0.05783449485898018,-0.06927845627069473,-0.05156401917338371,0.02534968592226505,-0.01195512618869543,-6.635119643760845e-05,-0.04824863746762276,0.10794700682163239,-0.04445168748497962,-0.03711354732513428,-0.03298032656311989,-0.02270394191145897,0.09395661205053328,-0.011499471962451935,-0.03212198242545128,-0.0675458237528801,-0.09544876217842102,-0.0629250630736351,0.0002447493898216635,-0.001165408524684608,-0.046190258115530014,-0.024273868650197983,-0.04525896534323692,-0.026968998834490776,-0.04701067507266998,-0.05255264788866043,-0.00014530996850226074,0.0018656147876754403,0.07710939645767213,-0.004738628398627043,0.0332881323993206,-0.05240249633789063,0.12114825099706648,0.015684885904192924,0.0688786655664444,0.03448503464460373,-0.06594592332839966,-0.002526099793612957,-1.3104463505442254e-05,0.06812980026006699,-0.1054055318236351,0.0,0.07501192390918732,-0.04254109784960746,-0.0491679161787033,-0.00031272086198441684,-0.060919836163520806,0.0004760848241858184,9.774240606930106e-05,0.02418481931090355,0.013806297443807123,-0.0739918053150177,0.03741312026977539,-0.0026921178214251995,-0.0730903223156929,0.008086805231869219,-9.59233602770837e-06,-0.08758438378572464,0.005854680668562651,-0.05320632085204125,-0.012298360466957092
-0.03349069505929947,-0.008406379260122776,-0.012342618778347967,0.04435717687010765,-0.024111689999699593,-0.08155096322298051,0.009751657955348493,-0.04032373428344727,0.00717255612835288,-0.03501966968178749,-0.017722314223647118,-0.01764856092631817,-0.05333126336336136,0.039351247251033776,0.05339045077562332,0.014635318890213966,-0.003797772107645869,0.0004268726916052401,-0.015839964151382446,-0.036952074617147446,-0.004339851904660463,-0.014007718302309511,0.02365821413695812,-0.07079125940799713,-0.0468796007335186,-0.054505519568920135,-0.0502621904015541,-0.09437237679958344,-0.02419723570346832,-0.010943283326923847,-0.006158833391964436,-0.0028785737231373783,-0.00209485157392919,0.0030441521666944023,0.04170216992497444,0.025870138779282566,0.015055852010846138,-0.03278480842709541,-0.028133152052760124,-0.04823170602321625,0.06106063723564148,0.01231763418763876,0.0958813652396202,-0.07857508212327957,-0.1018465906381607,-0.06280156970024109,-0.0641055628657341,0.042322106659412384,0.04653779789805412,0.015558586455881596,-0.0979143977165222,-0.048067979514598846,0.05979803949594498,-0.02889423817396164,0.032800644636154175,0.056575056165456765,-0.07360199838876723,-0.04500358924269676,0.0024301907978951927,-0.03651676699519157,0.08440641313791275,-0.00533043686300516,-0.013430780731141567,-0.0062983077950775615,-0.020582169294357296,-0.0044090324081480494,0.0006342324195429683,0.0010466609383001924,-0.04107899218797684,0.0006837405380792916,-0.08303598314523696,-0.0491320863366127,0.018985668197274208,-0.009874615818262098,-0.07952792942523955,-0.03885723650455474,0.06936957687139511,-0.039650820195674896,0.006886863615363836,-0.018667047843337056,0.07501192390918732,0.0,0.012329070828855036,-0.0026069344021379948,0.04294426366686821,0.06562266498804092,-0.02396131493151188,-0.0007360449526458978,-0.022440776228904724,0.049336399883031845,0.022112138569355008,-0.005781836342066526,0.03278576210141182,0.0210166797041893,0.002909555332735181,-0.030631234869360924,0.007000740617513657,0.03146747872233391,-0.04349346458911896,-0.031554482877254486
-0.043758392333984375,-0.002479631220921874,0.04493885487318039,-0.023189431056380272,-0.03960194066166878,0.039661746472120285,-0.07616297900676726,0.05805246159434319,-0.005662813782691956,0.0007127715507522224,0.056893784552812576,6.327104529191274e-07,0.03610070049762726,-0.024946752935647964,0.03474011644721031,0.0003494993725325912,-0.03295145556330681,0.0050469739362597466,-0.04237076640129089,-0.006077785976231097,0.030315347015857697,-0.07643786072731018,-0.0066567216999828815,0.013198302127420902,-0.036561287939548485,-0.05098574236035346,0.0007423222414217889,-0.06913895905017853,0.0697086751461029,0.03961347788572312,1.6799091326902271e-06,-0.024127980694174767,0.09044643491506577,-0.012209384702146052,0.04937639832496643,-0.022348018363118168,-0.03793499618768692,-0.053321938961744315,-0.0018309897277504204,-0.01846997067332268,0.043892022222280495,-0.021774910390377045,-0.07019110023975372,0.03255201876163483,0.11827917397022247,-0.023444781079888344,-0.03713453933596611,-0.0530647300183773,-0.034698206931352615,-0.03365851938724518,-0.03792871162295341,-0.06152405962347984,0.003412287915125489,0.04346821457147598,0.0004336957645136863,-0.0925370305776596,-0.061851643025875085,0.002776053734123707,0.030363162979483604,0.03601892292499542,-0.06472554057836533,-0.05360002815723419,-0.009619058109819887,-0.011069520376622677,-0.059753436595201485,0.032844673842191696,0.009490187279880049,0.06658581644296646,-0.029571114107966423,0.02199782431125641,-0.11061688512563704,0.00029814301524311304,-0.1297839879989624,0.07675357908010481,-0.0010969655122607946,0.011164423078298569,-0.04456844180822373,0.04508243128657341,-0.06178265064954758,0.00663741072639823,-0.04254109784960746,0.012329070828855036,0.0,0.01612718217074871,-0.009033409878611565,0.031203594058752056,-0.07833436131477357,0.021855330094695088,0.009187984280288221,0.008386925794184208,-0.025557089596986767,0.044405240565538406,-0.12863041460514069,0.11276005953550337,0.028788771480321884,-0.08764494955539702,-0.05794140323996544,0.05242370069026947,-0.016650769859552383,-0.006638053338974713
-0.01670946180820465,0.014503677375614645,0.005969271529465914,-0.09295942634344101,-0.011243315413594244,0.02704118937253952,0.01734895072877407,-0.035282328724861145,-0.051462486386299126,-0.06005187332630157,-0.03310050442814827,0.03935593366622925,-0.0017520168330520391,-0.0714033767580986,0.05856993794441223,0.0012528750812634824,-0.046817421913146966,-0.04048798605799674,0.036571118980646126,-0.04241805896162986,-0.002647350775077939,-0.011533618904650211,-0.028020171448588368,-0.03227090835571289,0.03862415999174119,-0.024735262617468837,0.05067206546664237,-0.024726830422878265,-0.025487465783953663,-0.07133493572473526,-0.04826328158378601,-0.02533308416604996,-0.025675974786281586,-0.052340183407068246,-0.014298899099230766,0.0012703411048278213,-0.031053686514496803,-0.030950499698519703,0.017924053594470024,0.004884576424956322,-0.04489506036043167,0.03783032670617104,0.015864809975028038,-0.02698600478470325,-0.00887456815689802,-0.016979364678263664,0.03207315132021904,-0.024260930716991425,-0.07406915724277496,-0.002369493246078491,-0.07959555834531784,0.05647696554660797,-0.006230542901903391,0.01231061853468418,-0.00961924809962511,-0.05460802838206291,0.018225397914648056,0.018615873530507088,-0.022083425894379612,-0.004302948247641325,0.04472761228680611,-0.030450720340013504,-0.003363061929121613,-0.04912346228957176,-0.00921101029962301,0.03411911800503731,0.057475604116916656,0.04653205722570419,0.02301259711384773,-0.016941620036959648,0.001786682871170342,-0.05469970405101776,0.09393230080604552,-0.0051031881012022495,-0.06546712666749954,-0.004838864784687757,0.008550737053155899,-0.0755823403596878,0.058538880199193954,0.03080199100077152,-0.0491679161787033,-0.0026069344021379948,0.01612718217074871,0.0,-0.031166115775704384,-0.0010074886959046123,-0.005374551750719547,0.04453012347221375,0.016256416216492653,-0.07090223580598831,-0.06851664930582047,-0.02924353070557117,0.009420047514140606,-0.043030530214309685,0.003290085587650537,-0.019534638151526448,-0.043310411274433136,0.004473102279007434,0.015593566931784151,0.05644780024886131
0.017639048397541046,0.017982857301831245,-0.03872228413820267,-0.0121980719268322,-0.01596996560692787,0.001860657474026084,-0.05177197605371475,-0.01845931634306908,0.026249701157212257,0.07676476240158081,-0.09651559591293336,-0.00036634149728342885,-0.038150008767843246,-0.05024809762835503,-0.04661599174141884,0.003539882833138108,0.0012681286316365004,-0.09583767503499983,0.002308916999027133,0.00777935516089201,-0.04270432516932488,-0.09395159780979155,0.06666400283575058,0.07234176993370056,-0.02911793626844883,-0.04021572694182396,0.08761458098888397,0.05007440224289894,-0.05065137520432472,-0.041255585849285126,0.05279335752129554,-0.025654079392552372,0.002425177954137325,-0.06099779158830643,0.032330192625522614,0.028981000185012817,-0.08600907027721405,-0.05239773541688919,-0.10004609078168868,0.0005492709460668266,-0.02350267581641674,-0.0834968164563179,0.06693478673696518,0.0012330187018960714,0.07783269137144087,-0.03340151160955429,-0.07242816686630249,-0.04758540913462639,0.011504461057484148,-0.0004724865138996392,-0.036252811551094055,0.028859369456768036,-1.5023688320070503e-05,-0.04102487862110138,-0.06800137460231781,-0.013500147499144076,0.04214883968234062,-0.01878202334046364,0.000478035828564316,0.028561659157276157,-0.07707574963569641,0.036061327904462814,-0.018136557191610336,-0.04346439614892006,0.053498558700084686,-0.09579963237047197,-0.03307411074638367,0.05179273709654808,0.0015926077030599115,-0.035448480397462845,-0.02863280847668648,0.03885395079851151,0.15816673636436462,-0.001387489610351622,0.0020526135340332985,0.0790276601910591,0.05158825218677521,-0.0004112425085622817,-0.05778497830033302,-0.019019130617380146,-0.00031272086198441684,0.04294426366686821,-0.009033409878611565,-0.031166115775704384,0.0,0.026135439053177837,0.03532668948173523,0.04355456680059433,-0.0761493369936943,-0.06089359521865845,-0.010427075438201427,0.014729296788573263,0.00947409961372614,-0.022623829543590546,-0.031979408115148544,-0.058011319488286965,0.12945738434791565,-5.36847765033599e-05,-0.017130756750702855,0.0024473434314131737
0.0699387937784195,-0.028895804658532143,0.012440443970263004,-0.052161242812871926,0.005321592092514038,-0.04496661573648453,-0.04230228438973426,-0.01117995288223028,-0.02827189676463604,-0.0022861624602228403,-0.1176956370472908,0.027402542531490322,0.0025157649070024486,-0.02072230353951454,-0.0940350592136383,-0.02109473943710327,-0.08206917345523834,-0.029656896367669106,-0.009617973119020462,-0.004953959956765175,0.0077631515450775615,-0.021333049982786175,-0.05536690726876258,-0.03174670785665512,-0.0005517941899597645,0.017265506088733673,-0.07007256150245667,0.014784102328121662,0.056246496737003326,-0.0017531788907945156,-0.04948547855019569,-0.05322053283452988,-0.05716370791196823,0.023498954251408577,0.005015382077544928,-0.06792586296796799,-0.029142724350094795,0.02828160673379898,0.007341591641306877,0.007431285455822944,-0.08215726166963577,0.0008419643854722381,0.04051672667264938,-0.03356824442744255,-0.03940989077091217,-0.0016510033747181296,0.06297242641448975,-0.0019024490611627696,-0.027409723028540608,0.06317052990198135,0.028882311657071117,-0.020698523148894313,-0.09388016164302826,0.06716480106115341,-0.05534132197499275,0.02369886822998524,0.03420208394527435,0.010613389313220976,-0.03341922536492348,-0.008322428911924362,-0.0556061714887619,-0.018273307010531425,0.05057701468467712,0.05809271335601807,-0.0512460395693779,-0.06012098863720894,-0.006864143535494804,-0.10056047886610033,0.06692662090063095,0.03523027151823044,0.04626847058534622,-0.025534832850098606,-0.05008840933442116,-0.023868940770626068,0.11026540398597716,-0.05377470701932907,-0.052247639745473855,0.043485838919878006,0.0034090748522430654,0.03025327064096928,-0.060919836163520806,0.06562266498804092,0.031203594058752056,-0.0010074886959046123,0.026135439053177837,0.0,0.05027243122458458,0.14008870720863342,0.032310482114553445,0.0008382118539884686,-0.03478219732642174,-0.08127036690711974,0.012177009135484695,-0.0036618206650018688,-0.02377237193286419,0.05283215641975402,-0.06450515240430832,0.028273146599531174,0.007711183745414018,-0.07559309154748915
-0.054683078080415726,0.041141502559185035,-0.034102436155080795,-0.07567644119262694,0.0449325107038021,0.07929136604070662,-0.03381221368908882,-0.004371256567537785,-0.09115503728389743,0.0775555968284607,8.621255256002768e-05,-0.03763295710086823,0.06942533701658249,0.007799822371453047,0.03313415125012398,0.102125346660614,-0.07599076628684996,-0.02523215487599373,0.030706193298101425,0.06823764741420746,0.038809917867183685,-0.031101763248443604,-4.6558448048017445e-06,-0.0039522373117506495,-0.07180526107549667,-0.00124570878688246,-0.07278400659561157,0.04342317208647728,-0.027729595080018044,-0.020019659772515297,-0.04142759740352631,0.03346403315663338,0.05282113328576088,0.042229834944009774,-0.05417659878730774,0.0009442958398722112,0.14370977878570557,-0.09979470819234848,-0.09117868542671204,-0.06752434372901917,0.02343108505010605,0.0806238129734993,4.433831054484472e-05,-0.03636313229799271,-0.007382398471236229,-0.0026887014973908663,0.0070704715326428405,-0.04643658548593521,-0.009677696973085405,-0.04008172079920769,-0.09909793734550477,-0.0767621099948883,0.017372671514749527,0.03203143924474716,-0.09370598196983336,0.003034938359633088,0.03867708891630173,0.00423515634611249,-0.09313923120498656,0.022433487698435783,0.025052331387996677,-0.11800607293844224,-0.0002775076718535274,-0.0019901124760508537,0.020269285887479786,-0.06814995408058168,0.03838801383972168,-0.0468185693025589,0.011533871293067932,-0.10896047949790955,-0.057858433574438095,0.037382837384939194,-0.0526922382414341,0.03322078660130501,0.02000715583562851,-0.04697955772280693,0.038624607026577,6.781433330615982e-05,0.07245290279388428,-0.07760994136333466,0.0004760848241858184,-0.02396131493151188,-0.07833436131477357,-0.005374551750719547,0.03532668948173523,0.05027243122458458,0.0,-0.0016013851854950187,0.05316600576043129,-0.09255561232566832,0.044953297823667526,0.028377359732985497,0.05338257178664208,-0.016073530539870262,0.0044014654122293,0.0059653096832335,0.0006158085307106376,-0.09626030176877975,0.00459430692717433,0.07040325552225113
-0.029489826411008835,0.007800674997270107,-0.002620502607896924,0.04271065816283225,-0.006797716021537781,-0.029959674924612045,0.08210047334432603,-0.02126038447022438,0.05350447818636894,-0.039833392947912216,0.000736130285076797,-0.10464834421873093,0.0003083362535107881,-0.04134907945990562,0.005768444389104843,-0.14051653444766998,0.00018901290604844687,0.03559788689017296,0.0022589692380279303,-0.04206089675426483,0.044649366289377206,0.0017927427543327212,0.05042070895433426,0.05678768828511238,0.015671392902731895,0.1009983867406845,0.035828106105327606,0.004616809077560902,0.02987268567085266,-0.01885640434920788,1.2674992831307463e-05,-0.03358888998627663,-0.035127192735672,-0.031167598441243168,-0.026475969702005383,-0.0002520008711144328,0.00839739665389061,0.029545148834586143,-0.01501444075256586,-0.03928355500102043,-0.015041301026940344,-0.035578835755586624,-0.11657687276601791,0.08050025999546051,-0.0989876538515091,0.08524593710899353,-0.01688726805150509,-0.04677768796682358,0.03277208283543587,-0.1547977030277252,0.028914013877511024,0.025562787428498268,0.0453420989215374,-0.09737481176853183,0.019404927268624306,-0.0513111799955368,-0.03852289170026779,-0.06916075199842453,0.104945607483387,-0.04888429865241051,2.454836794640869e-05,-0.0036401872057467695,-0.04471362009644508,-0.008194847963750362,-0.04058133438229561,0.04169387742877007,-0.06137379631400108,-0.02120562084019184,-0.0231328159570694,-0.02535617724061012,-0.020936379209160805,0.054893843829631805,-0.13411833345890045,-0.0471748486161232,-0.04652060568332672,-0.039831716567277915,0.020800121128559113,-0.0305924229323864,-0.03212268650531769,0.09303556382656096,9.774240606930106e-05,-0.0007360449526458978,0.021855330094695088,0.04453012347221375,0.04355456680059433,0.14008870720863342,-0.0016013851854950187,0.0,-0.005645645782351494,-0.05387202650308609,0.0011409684084355831,-0.0005471881595440209,0.018293481320142743,-0.027705742046236992,-0.013489086180925368,-0.024547431617975235,0.0171215757727623,-0.07306174933910371,-0.027152763679623604,0.10108083486557005
0.0509873665869236,0.08450749516487122,-0.09213118255138397,0.031161980703473088,-0.05170854181051254,0.009174541570246221,-0.05712652206420898,0.003363550174981356,0.06170010939240456,-0.08085022866725922,0.09338005632162094,0.04104039445519447,-0.07956529408693314,0.03560314327478409,-0.039826929569244385,-0.0760306864976883,0.004841163754463196,0.0007928496343083679,-0.12009176611900328,0.04968682304024696,-0.045295126736164086,0.006538758520036936,0.004863966722041368,-0.00036861753324046726,0.004369107540696859,0.02918650023639202,0.08504910767078398,-0.028161494061350822,-0.05226088315248489,0.029928062111139297,-0.08118018507957457,-0.09490221738815309,0.07907885313034058,0.05244089663028717,-0.03718264773488045,0.06745746731758118,0.034206733107566833,-0.008482680656015873,0.0539507269859314,0.008689003996551037,-0.10399352014064787,0.018147708848118786,0.0017766737146303056,-0.035347744822502136,-0.02974060550332069,-0.07716976106166838,-0.09230122715234755,-0.013355446979403496,-0.03831544890999793,-1.2430567949195392e-05,-0.03853005915880203,-0.10864515602588652,-0.000746893638279289,-0.04742635041475296,-0.0354887917637825,-0.024595718830823895,0.02623707987368107,-0.00877371709793806,-0.03356340900063515,-0.026829352602362633,-0.08592622727155685,0.03023409657180309,0.028789838775992397,-0.010855138301849363,-0.029906833544373512,0.00889530126005411,-0.08874797821044922,-0.050712015479803085,0.03914308547973633,0.008065902628004553,-0.02970454655587673,-0.018237277865409848,0.012849432416260242,-0.0011959595140069723,0.00725129060447216,0.026406999677419662,-0.0043632863089442244,-0.06413060426712036,-0.05340448021888733,0.01321548782289028,0.02418481931090355,-0.022440776228904724,0.009187984280288221,0.016256416216492653,-0.0761493369936943,0.032310482114553445,0.05316600576043129,-0.005645645782351494,0.0,0.007248138543218374,0.0035220703575760126,0.009471948258578776,-0.023312298581004143,0.014236031100153925,-0.08562587201595305,0.092062808573246,0.0016839983873069286,0.052338369190692895,0.04253145679831505,0.08621381968259811
-0.05137225240468978,0.06349973380565643,-0.015548564493656158,-0.0776219144463539,-0.03474728390574455,-0.02930583991110325,0.013386480510234833,-0.04431705176830292,-0.0028820317238569255,-0.035512011498212814,0.0019240782130509613,-0.04173368215560913,0.0018600701587274673,-0.06343884021043777,-0.05887150764465332,0.006412313785403967,0.020139873027801517,-0.004303883761167526,0.007055210880935192,-0.024742746725678444,-0.04112951084971428,-0.0335797443985939,0.01707075908780098,0.04440586268901825,0.042545344680547714,-0.02778792195022106,0.010483542457222939,0.02338438853621483,0.047390002757310874,-0.06916066259145737,-0.04936715587973595,-0.032734911888837814,0.0025150913279503584,-0.05137067288160324,-0.012378388084471224,-0.018133088946342468,0.05302309989929199,-0.027299514040350917,-0.02058219537138939,-0.014222456142306328,0.006219460628926754,-0.020012611523270607,-0.08783470839262009,-0.01509306952357292,0.026760095730423927,0.009830676950514317,0.0034564179368317127,-0.07000954449176788,-0.07563361525535582,-0.05323491990566254,0.07114677876234055,0.042451970279216766,-0.08213457465171814,0.0368906706571579,-0.025086786597967148,0.008132203482091427,-4.135042036068626e-05,0.03084927424788475,0.0018290939042344687,0.06083860993385314,0.020954882726073265,-0.010278817266225815,-0.01715307869017124,-0.0697847381234169,0.0678953230381012,0.005132050253450871,-0.02432897873222828,-0.012132903560996056,0.05262845382094383,-0.040016919374465935,0.034946516156196594,-0.024374090135097504,-0.03323523327708244,0.03871208056807519,-0.029487054795026776,-0.03728120401501656,-0.05848925933241844,-0.009982592426240444,-0.029521644115448,0.003527195658534765,0.013806297443807123,0.049336399883031845,0.008386925794184208,-0.07090223580598831,-0.06089359521865845,0.0008382118539884686,-0.09255561232566832,-0.05387202650308609,0.007248138543218374,0.0,-0.0012982902117073536,0.023104697465896606,-0.013942685909569263,-0.0007121047237887979,-0.008110836148262024,0.027964673936367035,0.10044231265783309,-0.03620840236544609,0.023747075349092484,0.02475865371525288
0.021965784952044487,-0.032669246196746826,0.0009489317890256643,-0.11242357641458511,-0.04393482953310013,-0.03833927214145661,-0.0023462718818336725,-0.011405907571315764,0.008989132009446623,-0.05128797516226768,-0.0293903723359108,0.00464670080691576,-0.03197937458753586,-0.029218683019280437,-0.051903363317251205,-0.024633944034576416,0.025078479200601574,-0.04907898977398872,-0.05312099680304527,-0.03260340169072151,0.040243949741125114,-0.03912246227264404,-0.002515228232368827,0.024771573022007946,0.024685893207788467,0.030063208192586895,-0.021886719390749928,-2.674534698599018e-05,-0.007285249885171651,-0.04780621826648712,-0.008160294033586979,-0.07272597402334213,0.056639064103364944,0.03739551827311516,-0.032246675342321396,-0.008251847699284554,-0.0464467890560627,0.13092483580112457,-0.0011480322573333979,-0.04786323383450508,-0.08751891553401947,-0.016904786229133602,-0.07053855806589127,0.01552081387490034,-0.016328897327184677,0.030243385583162308,-0.00637135561555624,0.02259361185133457,-0.05332837998867034,0.012716754339635372,-0.05039043352007866,0.02245602570474148,0.0252265390008688,0.09936166554689407,0.0418875589966774,-0.001211267546750605,0.0005254796124063432,-0.014159852638840675,0.022295566275715828,-0.004476906731724739,0.001798699842765927,0.027124579995870594,-0.010111677460372448,-0.08262734115123747,-0.003340980736538768,0.07101153582334518,0.06163395196199417,0.07986614853143693,0.016323678195476532,-0.007181691937148571,-0.04638038575649261,0.0037782152649015193,-0.02900884859263897,0.012189774774014948,-0.031616464257240295,0.00047270287177525455,-0.09214308857917784,-0.0446610189974308,0.02721931412816048,0.01660373993217945,-0.0739918053150177,0.022112138569355008,-0.025557089596986767,-0.06851664930582047,-0.010427075438201427,-0.03478219732642174,0.044953297823667526,0.0011409684084355831,0.0035220703575760126,-0.0012982902117073536,0.0,0.0329061858355999,-0.05186908319592476,-0.09051465988159181,0.051167305558919914,-0.05437905341386795,-0.0015297929057851432,0.06975874304771423,-0.01901876553893089,-0.06290356069803238
0.018141614273190495,-0.04950353875756264,0.0024470482021570206,-0.01087979320436716,0.019635209813714027,-0.04688573628664017,0.01420760154724121,-0.010654703713953497,-0.021455299109220505,-0.03439238294959068,-0.037149645388126366,0.017804522067308422,0.038751695305109024,0.0021373813506215806,-0.04057376831769943,0.05229077860713005,-0.029739402234554287,-0.03924775123596192,-0.015290007926523684,-0.014027905650436878,0.030191496014595032,0.04389502853155136,-0.022581441327929497,-0.03526686131954193,-0.02705134637653828,-0.007597904186695814,-0.06366880238056183,0.04322032630443573,0.017719842493534088,-0.030023273080587387,-0.000744942226447165,0.0007440391345880925,-0.08636266738176346,-0.0134604899212718,0.015682388097047802,-0.010081049986183643,-0.07862287759780884,-0.056261859834194176,0.021049445495009422,-0.03620603308081626,0.02828349359333515,0.0130007266998291,-0.02820617146790028,-0.0069037312641739845,0.030247466638684273,0.012421789579093456,-0.023188015446066856,0.0026518735103309155,-0.04027204588055611,-0.022682162001729008,0.002220211084932089,0.0019269977929070592,-0.02667373791337013,-0.0541258417069912,0.017976129427552223,0.001980801811441779,-0.008950747549533844,-0.02816295810043812,0.02740268222987652,-0.03420134633779526,-0.02880166471004486,-0.019127048552036285,-0.02130119502544403,0.029256943613290783,0.0021234280429780483,-0.0021268397103995085,-0.034747205674648285,-0.07890810817480086,-0.06037763506174088,0.05049636587500572,-0.03770348802208901,-0.07633958756923676,0.05069047585129738,-0.0455038696527481,-0.0032007060945034027,0.0013839897001162171,0.05169455707073212,-0.0590839497745037,-0.0573335625231266,0.09359904378652573,0.03741312026977539,-0.005781836342066526,0.044405240565538406,-0.02924353070557117,0.014729296788573263,-0.08127036690711974,0.028377359732985497,-0.0005471881595440209,0.009471948258578776,0.023104697465896606,0.0329061858355999,0.0,0.03225581720471382,-0.015190574340522288,-0.05200118571519852,0.048213932663202286,-0.05626075342297553,-0.03370995074510574,-0.0386037714779377,-0.0038193024229258295
-0.03365333378314972,-0.02358202822506428,-0.010588789358735085,-0.02862377092242241,-0.010098098777234554,0.04976017773151398,-0.07134354114532471,0.05563881620764732,-0.023720417171716687,0.025012820959091183,0.05015677586197853,-0.03928918391466141,-0.061492398381233215,-0.023533282801508904,-0.021632788702845573,-0.0050805057398974895,-0.015936842188239098,0.03867710754275321,-0.11326485872268675,-0.0666857659816742,0.04900067299604416,-3.444907270022668e-05,-0.02974747121334076,-0.006877824198454618,-0.028982859104871746,-0.056085046380758286,2.144132122339215e-05,-0.0599912665784359,-0.04313061013817787,0.038689445704221725,0.02622241899371147,-0.014934276230633259,-0.057398997247219086,0.015742545947432518,-0.00014293650747276843,0.005060448776930571,-0.026982732117176052,0.037715133279562,0.02050511911511421,0.08204641193151475,0.02249420620501041,-0.012362579815089703,-0.10852961242198944,-0.027388654649257656,0.053135666996240616,-0.054664041846990585,0.0005011310568079352,-0.009931028820574285,0.002725328551605344,-0.02144787274301052,0.04554242268204689,-0.042424894869327545,-0.06281255185604095,0.030792471021413803,-0.04981970414519309,-0.0684676542878151,-0.023290507495403286,0.0047990395687520495,-0.10185177624225616,0.010029337368905544,-0.01429397240281105,0.04954433441162109,-0.04151592031121253,0.021189358085393906,-0.1005486622452736,-3.66938766092062e-05,0.04322728142142296,0.04413601756095886,-0.022475412115454677,-0.048469044268131256,0.05925029516220093,-0.04022379592061042,-0.028593547642230988,0.024939311668276783,-0.042866621166467674,0.0540262646973133,0.07034748047590256,0.004276743158698082,0.023674504831433296,-0.03419051319360733,-0.0026921178214251995,0.03278576210141182,-0.12863041460514069,0.009420047514140606,0.00947409961372614,0.012177009135484695,0.05338257178664208,0.018293481320142743,-0.023312298581004143,-0.013942685909569263,-0.05186908319592476,0.03225581720471382,0.0,0.06552477926015854,0.03086302988231182,-0.05589685216546059,0.04464352875947952,-0.05012010410428047,0.04580419883131981,-0.0740007609128952
0.025755057111382484,-0.052525486797094345,-0.02818017266690731,0.003324106801301241,0.02340968511998653,0.028614891692996025,0.045377667993307114,-0.12129434943199156,0.0015770341269671917,-0.015091883949935436,-0.04923996329307556,0.05080557242035866,-0.054164361208677285,0.0054597328417003155,0.00017005554400384426,0.0958624556660652,0.030080294236540794,0.04006164520978928,0.00135693431366235,0.014458104036748408,-0.057634387165308,-0.004104290623217821,0.06028258427977561,0.03631924837827682,-0.030276086181402206,6.634700548602268e-05,-0.05267583951354026,0.035154204815626144,-0.07524366676807404,-0.01251234207302332,-0.0194659810513258,0.08976917713880539,-0.04138427972793579,0.03812550380825996,-0.11520229279994965,0.011505080386996267,0.06435082852840424,0.046268492937088006,-0.04296472668647766,-0.012250185012817383,-0.0467301569879055,0.02155395597219467,-0.06168998032808304,0.029451742768287655,0.04640204831957817,-0.01132873259484768,0.014803030528128149,0.0024664707016199827,-0.04404404014348984,-0.043519195169210434,-0.0589277409017086,0.00685916980728507,0.045230526477098465,-0.04075123742222785,-0.012120748870074747,-0.02642880007624626,0.03476252034306526,0.005490971263498068,-0.04674205556511879,-0.022484732791781425,-0.005684543866664171,0.013169718906283379,-0.06858683377504349,-0.040525320917367935,-0.0016511549474671483,-0.05401076748967171,0.015235692262649536,0.003669770900160074,-0.025160254910588264,-0.07198785990476608,0.025994475930929184,-0.010443811304867268,-0.012851462699472904,-0.14100180566310883,0.035356905311346054,0.1250533014535904,-0.11800745874643324,-0.05818609148263931,0.1230834349989891,-0.02943822741508484,-0.0730903223156929,0.0210166797041893,0.11276005953550337,-0.043030530214309685,-0.022623829543590546,-0.0036618206650018688,-0.016073530539870262,-0.027705742046236992,0.014236031100153925,-0.0007121047237887979,-0.09051465988159181,-0.015190574340522288,0.06552477926015854,0.0,0.000828313990496099,0.055761929601430886,0.030694374814629555,-0.001383406575769186,-0.010162379592657087,-0.11628269404172896
0.03187941014766693,0.06330452859401703,-0.030880331993103027,-0.0008566671749576926,0.011992130428552628,0.04063067212700844,0.016529344022274017,0.0163875725120306,-0.030500436201691628,-0.01904292032122612,0.025427334010601044,-0.06398963183164597,0.0018894120585173368,-0.030313435941934586,0.01885838247835636,-0.024490950629115105,-0.006379417143762112,-0.05387527123093605,0.0013087535044178367,0.005909787956625223,-0.006682443898171186,-0.010958563536405563,-0.008187736384570599,-0.07323624193668365,-0.053498513996601105,0.01786931604146957,0.006333617493510246,0.07095132023096085,-0.05900181829929352,-0.029391037300229073,0.02414523623883724,0.054470822215080254,-0.01560255978256464,0.03948432952165604,-0.051400620490312576,0.0006034489488229156,0.02303951419889927,-0.07607458531856538,0.014467881992459295,0.013575087301433086,-0.04006067663431168,0.036020226776599884,0.06269504129886627,-0.0007361067691817879,0.016848893836140633,-0.0763421133160591,-0.023104339838027958,-0.026050407439470288,-0.04270892590284348,0.0280193705111742,0.0017026426503434775,-0.03360325470566749,-0.13357403874397275,-0.09735972434282304,-0.043188784271478646,-0.03030436113476753,0.02776148170232773,-0.010396830737590788,0.03789179399609566,-0.05168427899479865,-0.01945226825773716,-0.05278033018112183,0.016505476087331772,-0.017265576869249344,-0.04177894070744514,-0.022573631256818768,-0.05365963280200958,-0.03329058736562729,-0.042230043560266495,0.00927566923201084,0.0890320986509323,0.00452435901388526,-0.009964876808226109,-0.05535196885466576,0.030228622257709503,0.007949247024953365,0.006474743131548166,0.009815462864935398,-0.051606550812721246,-0.031118856742978096,0.008086805231869219,0.002909555332735181,0.028788771480321884,0.003290085587650537,-0.031979408115148544,-0.02377237193286419,0.0044014654122293,-0.013489086180925368,-0.08562587201595305,-0.008110836148262024,0.051167305558919914,-0.05200118571519852,0.03086302988231182,0.000828313990496099,0.0,0.03328755497932434,-0.0008675524150021374,-0.003495591226965189,0.011217194609344004,-0.023985596373677254
-0.01092029083520174,-0.04975498467683792,-0.03430148959159851,0.024452878162264824,-0.03822360187768936,0.053493939340114594,-0.0221922155469656,0.01785716786980629,-0.060151468962430954,0.03289185091853142,-0.0242585763335228,-0.0018224912928417325,-9.857916302280499e-05,-0.08781322091817856,-0.030237944796681404,-0.06921983510255814,-0.021828230470418927,-0.017600541934370995,-0.0052204430103302,-0.006243238225579262,0.08058979362249374,-0.0253802053630352,-0.08007381856441498,-0.01009983941912651,-0.05543556064367294,0.028745686635375023,-0.033075641840696335,-0.01784958504140377,-0.1587103009223938,0.0014257235452532768,0.06475169956684113,0.008887892588973045,-0.07002963870763779,-0.06455565243959427,0.013784517534077168,-0.09453172236680984,0.017154309898614883,-0.01760166324675083,-0.09144825488328931,0.042914241552352905,0.02119774930179119,-0.0643373653292656,0.0632501095533371,0.13630537688732147,0.015254245139658453,-0.010534561239182947,-0.07072980701923369,0.12104365974664688,-0.003491929033771157,0.0371829830110073,0.02684333361685276,0.05185821652412415,0.00018533499678596851,-0.0010290450882166624,-0.02678192965686321,-0.013398864306509495,0.011398638598620892,0.014319724403321745,0.020159311592578888,-0.08178053051233292,0.041540127247571945,-0.019639423117041588,-0.0304862167686224,-0.010987539775669575,-0.00273443921469152,0.009000100195407867,0.002153493696823716,0.0930093377828598,0.10246554762125017,-0.045750074088573456,-0.02633317559957504,-0.019837960600852966,-0.0609171949326992,0.009776173159480097,-0.04873958230018616,-0.04246538504958153,-2.5058136088773608e-05,-0.01010262593626976,0.002586686983704567,-0.06820907443761826,-9.59233602770837e-06,-0.030631234869360924,-0.08764494955539702,-0.019534638151526448,-0.058011319488286965,0.05283215641975402,0.0059653096832335,-0.024547431617975235,0.092062808573246,0.027964673936367035,-0.05437905341386795,0.048213932663202286,-0.05589685216546059,0.055761929601430886,0.03328755497932434,0.0,0.02138032205402851,0.026077130809426308,-0.00011971608910243958,-0.03428548201918601
0.01585831120610237,-0.1288296729326248,0.008457492105662823,0.0015613619470968843,0.023977631703019146,0.0446813702583313,-0.051720824092626565,0.021028483286499977,-0.07817793637514113,-0.008512305095791817,0.020068075507879257,0.08201242983341217,0.0367235504090786,0.07182540744543076,-0.1108326017856598,-0.0003538190212566405,-0.023509513586759567,0.003917519934475422,0.019905028864741325,0.030104622244834896,0.024906884878873825,0.10165533423423768,-0.02516185492277145,-0.12678904831409454,-0.003063664771616459,-0.04972710087895393,-0.007771786767989397,-0.00025451704277656967,-0.03987438604235649,0.008134638890624046,-0.054965663701295846,0.08390723168849945,-1.082668859453406e-05,-0.014955228194594383,-0.06916505098342896,-0.015035904943943024,-0.10271155089139938,-0.08833229541778563,0.06529906392097473,-0.026532763615250587,0.0020258415024727583,0.0009616189636290072,0.015219372697174547,0.05703924596309662,-0.025531789287924767,0.02092599682509899,0.0323919914662838,-0.05739407613873482,-0.04007524624466896,-0.0009640048374421895,0.003172186203300953,-0.010290883481502531,0.07337143272161484,-0.03721307218074799,0.05789540335536003,-0.04102592542767525,0.0012808357132598756,-0.0191040001809597,-0.029648764058947563,-0.02225647494196892,-0.08882436901330948,-0.07211308926343916,0.02827210165560245,-0.04566047340631485,-0.02135921642184257,0.17127098143100739,0.024449242278933525,-0.013970067724585531,-0.05168344080448151,-0.0026673213578760624,-0.04161771759390831,-0.03329913318157196,-1.4109677977103274e-05,-0.06261098384857178,0.0019423695048317315,-0.014469756744801998,-0.0558505393564701,-0.022668784484267235,0.011686496436595917,-0.1090412139892578,-0.08758438378572464,0.007000740617513657,-0.05794140323996544,-0.043310411274433136,0.12945738434791565,-0.06450515240430832,0.0006158085307106376,0.0171215757727623,0.0016839983873069286,0.10044231265783309,-0.0015297929057851432,-0.05626075342297553,0.04464352875947952,0.030694374814629555,-0.0008675524150021374,0.02138032205402851,0.0,0.006396342534571886,-0.019190924242138863,0.035792529582977295
-0.08183481544256209,-0.0017349165864288807,-0.0503837987780571,-0.03517380356788635,0.035720858722925186,-0.00023070715542417017,0.05711534246802329,0.024702390655875203,-0.04724821820855141,0.09597617387771606,0.08538641035556793,-0.017153190448880196,0.01218436099588871,0.01718834973871708,-0.0014073456404730675,0.03389197215437889,-0.0016228870954364538,-0.03373239189386368,0.007589770946651698,0.013770340010523796,-0.08601372689008711,0.002334199845790863,-0.09685802459716797,0.07805554568767548,0.025236379355192184,0.006952519994229078,-0.03683581203222274,0.012522198259830475,6.061422936909366e-06,0.033464983105659485,-0.08809527009725569,0.0034727740567177534,0.024853199720382687,-0.027293194085359573,-0.038024932146072395,-0.03401195630431175,-0.013276072219014168,-0.0350983627140522,0.03466108813881874,-0.017465392127633095,-0.14075537025928497,-0.08598489314317702,-0.0867880806326866,0.046306420117616647,0.0016227493761107323,0.059334054589271545,0.060261692851781845,0.08923443406820297,0.082645483314991,-0.0006328238523565233,0.03408728539943695,-0.0055233207531273365,-0.06390759348869324,-0.0522637777030468,0.0025871123652905226,-0.02745853364467621,-0.05100101605057716,0.0016063838265836239,-0.07251159101724625,0.038269717246294015,-0.036713402718305595,0.05324107781052589,-0.08621367067098618,-0.012515447102487087,0.028482960537076,-0.007080575916916132,0.07201772928237915,-0.09673715382814407,-0.01678290218114853,0.0022911417763680215,0.08831391483545302,-0.013945109210908411,0.03676966577768326,-0.026791809126734734,-0.1496410369873047,-0.05912449210882186,0.059658482670784,-0.02576994709670544,-0.07638952136039734,0.030336780473589897,0.005854680668562651,0.03146747872233391,0.05242370069026947,0.004473102279007434,-5.36847765033599e-05,0.028273146599531174,-0.09626030176877975,-0.07306174933910371,0.052338369190692895,-0.03620840236544609,0.06975874304771423,-0.03370995074510574,-0.05012010410428047,-0.001383406575769186,-0.003495591226965189,0.026077130809426308,0.006396342534571886,0.0,-0.10148671269416808,-0.0024903868325054646
-0.0005372219020500779,-0.0539054349064827,-0.026981798931956288,0.041696857661008835,0.010540562681853771,0.03716378659009933,-0.01413175743073225,0.00876711681485176,-0.043970078229904175,0.05326376110315322,-0.02876478619873524,0.003259055782109499,-0.04279268905520439,0.03689312934875488,-0.01260609459131956,0.04990912973880768,0.04491228610277176,-0.09210312366485597,0.02443106286227703,0.004704613704234362,-0.0008106378954835235,-0.0760054737329483,0.036963198333978646,-0.02508636936545372,-0.060788702219724655,-0.003009143518283963,-0.04458430036902428,0.024515807628631592,0.019109565764665604,0.010477465577423573,0.005240978207439184,0.07319051027297972,-0.0034269767347723246,-0.027439916506409645,-0.00918870232999325,0.004380514845252037,-0.06514008343219757,-0.021527526900172237,-0.02478599548339844,-0.03973664715886116,-0.03226142376661301,-0.02712441235780716,0.029132278636097908,0.0007967815618030728,0.024434965103864666,-0.01278088241815567,0.019633546471595764,0.031868647783994675,0.04605631902813912,-0.019154343754053116,-0.06987229734659195,0.0005084601580165328,0.004623995628207922,-0.061225544661283486,-0.00463224807754159,-0.023095568642020226,-0.06393615156412125,-0.025047836825251576,-0.01913437806069851,0.033384650945663445,-0.006824323907494545,-0.008272404782474041,-0.012930468656122684,-0.0723128616809845,0.014257150702178478,-0.043382372707128525,0.02270963042974472,-0.007136230356991291,-0.0774065852165222,0.05120380595326424,0.0015671869041398168,0.015841204673051834,-0.02738727070391178,-0.027478154748678207,-0.04720439016819,-0.03783918917179108,0.0179344080388546,0.003047472797334194,0.0007188587333075702,-0.07713300734758377,-0.05320632085204125,-0.04349346458911896,-0.016650769859552383,0.015593566931784151,-0.017130756750702855,0.007711183745414018,0.00459430692717433,-0.027152763679623604,0.04253145679831505,0.023747075349092484,-0.01901876553893089,-0.0386037714779377,0.04580419883131981,-0.010162379592657087,0.011217194609344004,-0.00011971608910243958,-0.019190924242138863,-0.10148671269416808,0.0,-0.07119642198085785
-0.03598758950829506,0.046270720660686486,0.02478672005236149,0.04868829250335693,-0.02479667216539383,-0.07400139421224594,0.04371068999171257,-0.08360822498798369,0.0681273564696312,0.02409372292459011,0.01881064288318157,-0.047525953501462936,0.03354272246360779,-0.047668639570474625,0.02477284334599972,0.05838717520236969,0.025713341310620308,0.05179857462644577,-0.004511735867708921,-0.06457915902137756,-0.08614864945411682,-0.12673495709896088,0.010642124339938164,-0.013236599043011664,-0.05761285126209259,-0.00040655990596860647,-0.06884127110242844,-0.02511776052415371,0.03221375495195389,0.00044771863031201054,0.08676756173372269,0.007446283940225839,-0.030698614194989204,0.021131448447704315,0.042839210480451584,-0.06333205848932266,-0.010503392666578293,0.11045186221599577,-0.03687734529376029,-0.04400535672903061,-0.04281044378876686,-0.03128032386302948,0.011352106928825378,-0.04893039539456368,0.01850419119000435,-0.06055271998047829,0.015654630959033966,0.0403614267706871,0.014936963096261024,0.12404486536979677,-0.011338939890265465,-0.03864697739481925,-0.08047923445701598,-0.02406052686274052,-0.013393581844866276,0.0059207985177636155,-0.09288060665130617,-0.003830569563433528,0.04898728430271149,-0.0012136595323681831,-0.059781331568956375,6.028669304214418e-05,-0.0375470295548439,0.05915758386254311,-0.037176087498664856,0.007135970983654261,0.05769580230116844,-7.614307378389638e-06,-0.05830083787441254,0.03690656647086144,0.0060758357867598525,3.6782919778488576e-05,-0.1162051409482956,-0.03610043227672577,0.009637078270316126,0.07256952673196793,-0.059077974408864975,-0.012790394946932793,-0.03947761282324791,-0.017501477152109146,-0.012298360466957092,-0.031554482877254486,-0.006638053338974713,0.05644780024886131,0.0024473434314131737,-0.07559309154748915,0.07040325552225113,0.10108083486557005,0.08621381968259811,0.02475865371525288,-0.06290356069803238,-0.0038193024229258295,-0.0740007609128952,-0.11628269404172896,-0.023985596373677254,-0.03428548201918601,0.035792529582977295,-0.0024903868325054646,-0.07119642198085785,0.0
