0,1,2,3,4,5,6,7,8,9,10,11,12,13,14,15,16,17,18,19,20,21,22,23,24,25,26,27,28,29,30,31,32,33,34,35,36,37,38,39,40,41,42,43,44,45,46,47,48,49,50,51,52,53,54,55,56,57,58,59,60,61,62,63,64,65,66,67,68,69,70,71,72,73,74,75,76,77,78,79,80,81,82,83,84,85,86,87,88,89,90,91,92,93,94,95,96,97,98,99
0.0,-0.025569627061486244,0.005523439031094313,-0.02627301588654518,-0.023264821618795395,0.05758385360240936,0.03732920438051224,0.003960774280130863,-0.043739710003137595,-0.038877226412296295,-0.03900742903351784,-0.09227362275123596,-0.005118726752698421,0.0049952673725783825,0.09730015695095062,0.0006127019878476858,-0.07707238197326659,-0.014971586875617504,0.03587319701910019,-0.02640542574226856,-0.0067439512349665165,-0.0396675318479538,0.040564168244600296,-0.019407425075769424,0.07664137333631516,0.05610686168074608,-0.04118449613451958,-0.040581878274679184,0.07541729509830473,-0.039516564458608634,-0.0031148663256317377,-0.0038945903070271015,0.11478174477815628,-0.02842791937291622,-0.037025492638349526,-0.04129725322127342,-0.0523204542696476,0.13724476099014282,-0.09480324387550354,-0.04502986744046211,0.011849947273731232,-0.010649130679666996,0.027761008590459824,-0.0011809514835476875,-0.05451731756329536,-0.011735417880117891,0.030641347169876095,-0.004439563490450382,0.06228272616863251,-0.011651841923594475,0.10187695175409316,-0.07826659828424452,-0.020575881004333496,-0.06504222005605698,-0.0018061198061332104,0.005222593434154987,0.11232673376798628,-0.13456124067306519,-0.03107605315744877,-0.005746209993958473,0.009287974797189236,-0.009759665466845037,-0.0026736389845609665,-0.01995148509740829,-0.04051040485501289,-0.010395361110568047,-0.02293785847723484,0.0069422926753759375,-0.07060512155294417,0.11507270485162734,-0.027204893529415127,0.023706967011094093,-3.5958251828560606e-05,0.030818980187177655,-0.026174087077379223,-0.021656181663274765,-0.007895526476204395,-0.028474211692810055,0.021803475916385647,-0.10633410513401031,-0.020471232011914253,-0.014767185784876347,0.040881678462028496,-0.06606671959161758,0.06799861788749695,0.047006115317344666,0.05932032689452171,-0.1043090969324112,-0.055177945643663406,-0.06817838549613953,0.04726114869117737,-0.0953186675906181,0.011360354721546171,0.021052526310086247,0.0006534511921927333,-0.010897058062255383,-0.009761874563992023,0.00794999860227108,-0.013867978006601332,-0.0022316647227853537
-0.025569627061486244,0.0,0.12612402439117432,0.051139649003744125,0.050511255860328674,-0.023511838167905807,-0.015998970717191696,-0.025904266163706776,0.0012883889721706507,-0.0026630435604602094,0.059607528150081635,0.07816531509160995,-0.06789246946573257,-0.008061499334871769,-0.07472304999828337,0.02702942118048668,0.03756318241357803,-0.010737409815192223,-0.05113182216882706,-0.08241736143827438,0.03603757917881012,-0.02572162821888924,-0.00021754504996351895,-0.11704045534133913,-0.018601439893245697,-0.035614483058452606,-0.01594844087958336,-0.019334830343723297,0.008390846662223339,-0.014470301568508148,-0.005001134239137173,0.0016071522841230035,0.08749227225780487,0.022731309756636616,0.007839384488761425,-0.010107919573783875,-0.013845973648130892,-0.06071965396404266,-0.04103429615497589,-0.0007451631245203315,0.09343717247247697,-0.047142956405878074,-0.0066491286270320415,-0.014291388913989069,0.07439620047807693,-0.008659109473228455,-0.04675084352493286,-0.04296840727329254,-0.04119151458144188,-0.030184917151927948,0.053330816328525536,0.16098912060260773,-0.03519297391176224,-0.0658949464559555,-0.09874887019395827,-0.05745885893702507,0.01910565793514252,-0.03768906369805336,-0.027517627924680706,-0.004477526526898146,-0.01304306834936142,0.0140872523188591,-0.002741056028753519,-0.0059320805594325066,0.041041526943445206,0.001005355385132134,-0.03298744559288025,-0.02478599548339844,-0.09690506756305695,0.0899350494146347,-0.09132725745439528,0.08801305294036865,-0.01670394279062748,-0.01593698374927044,-0.04608882963657379,-0.086203396320343,-0.0021843626163899894,0.028086857870221135,-0.07529787719249725,-0.011987851001322268,0.048636287450790405,-0.01533692143857479,0.001136733335442841,-0.015428755432367325,-0.03951037302613258,-0.0086743189021945,-0.034967854619026184,0.004513949621468782,0.012704023160040379,0.04672760888934136,-0.06430011242628098,0.01712869293987751,-0.0648438036441803,0.03769853711128234,-0.008672703057527542,0.03650183603167534,-0.050291258841753006,0.030287146568298336,0.002004809910431504,0.04296009242534637
0.005523439031094313,0.12612402439117432,0.0,-0.033099208027124405,-0.03804102912545204,0.06573271751403809,0.0011117426911368966,0.0798012688755989,-0.038968447595834725,-0.04598358646035194,-0.008498264476656914,-0.03526591509580612,0.03425392135977745,-0.047699425369501114,0.015260467305779455,0.012619970366358755,0.09003578871488571,-0.052266478538513184,0.037296365946531296,0.04920769482851029,-0.021467527374625203,-0.019130023196339607,-0.0874752625823021,-0.027798002585768696,0.014983471482992172,-0.03944964334368706,-0.08318708837032318,0.005307615268975496,-0.014948357827961445,-0.014991459436714647,0.00806396920233965,-0.002065770560875535,-0.09806054830551149,-0.05479328706860542,0.0408242866396904,-0.026609929278492928,-0.002406808780506253,-0.0010782955214381216,0.00573578430339694,-0.02423517219722271,-0.04397929459810257,0.0021911512594670057,-0.037030499428510666,-0.03365271165966988,0.00011561748397070915,-0.04301940277218819,-0.0012524842750281096,-0.015993673354387283,0.010269386693835258,0.051831379532814026,-0.045779112726449966,-0.06583463400602341,-0.02533393912017345,-0.016466520726680756,0.04491136595606804,-0.03052021563053131,-0.037023000419139855,-0.005220436956733465,-0.006565185729414225,0.0247249323874712,-0.019639592617750168,-0.018245564773678776,-0.05184752121567726,-0.0016622482798993587,-0.03765013441443443,0.0007613568450324236,-0.013393133878707884,-0.053135085850954056,0.08476270735263824,-0.014467285946011543,-0.0016654161736369133,-0.11537201702594756,0.009220527485013008,0.050923809409141534,-0.04106415435671806,-0.007666643243283033,-0.04659641161561012,0.0570399984717369,0.03008377179503441,-0.02665477618575096,-0.0033264521043747663,-0.026230622082948685,0.02628991939127445,0.05205428600311279,0.04419525340199471,-0.05460768565535545,-0.024425052106380463,-0.07957763969898224,0.022620793431997296,-0.06511132419109344,0.06283902376890182,0.034270234405994415,0.012297057546675203,-0.05986005440354347,0.022671310231089592,0.01142788678407669,-0.012171926908195019,0.020480085164308548,-0.05064968019723892,-0.10443756729364397
-0.02627301588654518,0.051139649003744125,-0.033099208027124405,0.0,0.05600828304886818,-0.02530103549361229,-0.022118667140603065,-0.010278966277837752,-0.07764904946088791,0.028063900768756863,-0.005833625793457031,-0.07816215604543686,-0.021148940548300743,-0.02371610701084137,0.00039776691119186575,0.009160429239273071,0.004382250364869833,-0.058373715728521354,-0.01948270015418529,0.0376703254878521,0.012821918353438376,0.06058381497859954,0.006024062167853117,0.004260033369064331,-0.023560795933008197,-0.04146196320652962,-0.05395961552858353,0.0644979402422905,0.004379280842840672,-0.04121163487434387,-0.030955310910940167,-0.03804860636591911,-0.04569566249847412,-0.008587852120399475,-0.02498180605471134,0.02661389671266079,-0.08363990485668182,0.07356223464012147,0.031283166259527206,-0.05579680949449539,-0.026369070634245872,0.004383126739412545,-0.05332961305975913,-0.04530040547251701,-0.041199859231710434,-0.07112521678209305,0.05104827135801315,0.06070108339190483,-0.001975575927644968,0.006330959498882294,-0.036372855305671685,-0.0053271702490746975,-0.048542264848947525,-0.010310667566955088,0.02003590203821659,-0.042757131159305566,0.05518966168165207,0.04484463110566139,-0.04793154075741768,-0.0009265834814868867,-0.04234043136239052,0.04863380268216133,-0.04066524282097816,-0.00975627638399601,-0.0023262568283826113,0.03486448526382446,0.024447452276945118,0.043639227747917175,-0.05666039884090424,-0.029716307297348976,-0.05077817291021347,-0.049700044095516205,-0.103854238986969,0.0006258388166315854,0.018076714128255844,0.04355594515800476,-0.02017872966825962,0.013739422895014286,0.07187094539403915,0.01858752034604549,-0.01812415011227131,0.02061152271926403,0.007210116833448409,-0.04298259317874909,0.014361269772052763,-0.019846275448799133,-0.008746221661567688,-0.029065087437629696,-0.059296756982803345,-0.01701153814792633,0.0202975757420063,-0.04288795217871665,0.0011486938456073403,-0.021048966795206066,0.006947108078747988,-0.05647347867488861,-0.002303592162206769,0.002611480187624693,-0.002546836622059345,0.0009162725764326752
-0.023264821618795395,0.050511255860328674,-0.03804102912545204,0.05600828304886818,0.0,-0.00423613702878356,-0.010565544478595257,0.013193977996706963,0.0458763763308525,-0.07561073452234268,-0.02342422865331173,-0.01946856081485748,0.030704841017723083,-0.02429165318608284,-0.006258484907448292,-0.009402704425156115,-0.0775814577937126,0.016244003549218174,0.02925481088459492,0.004505126271396875,-0.021161094307899475,-0.028949813917279243,-0.015387541614472866,0.04105958715081215,0.0011725843651220202,0.02710065431892872,0.05488026887178421,-0.030817711725831032,-0.033765584230422974,0.023234166204929352,-0.0041058859787881374,0.0018037450499832632,-0.01983899250626564,-0.03980946913361549,-0.005745997652411461,-0.06546522676944733,0.012399443425238132,-0.0010034519946202636,-0.008111728355288506,-0.01646412722766399,0.0012442955048754811,-0.0001196167359012179,-0.006612860132008791,0.009822092950344084,-0.05291127413511276,0.02061288245022297,-0.0534697063267231,-0.03467826545238495,-0.0030372811015695333,-0.012903805822134016,-0.01888401620090008,-0.07163895666599274,0.033810246735811234,0.009590044617652893,0.0031327330507338047,0.013778558000922205,-0.07071110606193542,-0.046813443303108215,0.020295975729823112,-0.004420678596943617,0.00807533971965313,-0.056222356855869286,-0.0035018837079405785,-0.02063862793147564,-0.08091766387224197,-0.009619073942303656,-0.03355542942881584,0.013246101327240469,0.0160082820802927,-0.0308346189558506,0.04653379321098328,0.016256753355264664,0.045622289180755615,0.018161894753575325,-0.016038712114095688,-0.064155712723732,-0.007224056404083966,0.008137067779898643,-0.009040473029017448,-0.06715931743383408,-0.03732089325785637,-0.035705924034118645,-0.022926483303308487,0.0046911551617085925,-0.032006226480007165,-0.008884279988706112,0.035860884934663766,-0.04505061358213425,0.05067482590675353,-0.02268547751009464,-0.0017714061541482806,-0.00042950146598741407,-0.04689037799835205,0.011233910918235779,-0.010342254303395748,0.02473721094429493,-0.03504057601094246,0.013865107670426369,-0.0021120072342455387,-0.07060594856739044
0.05758385360240936,-0.023511838167905807,0.06573271751403809,-0.02530103549361229,-0.00423613702878356,0.0,-0.039907585829496384,-0.06559908390045166,0.05554906278848648,-0.026343584060668945,0.020434925332665443,-0.008128697983920574,-0.04029903933405876,-0.020094940438866612,-0.01821965724229813,-0.011372072622179983,-0.04712725058197975,-0.03897689282894135,-0.05156132578849792,-0.007918138056993484,-0.011034741997718813,0.07817808538675308,-0.010903868824243544,-0.019592799246311188,-0.009176601655781267,-0.0022661108523607254,0.020032428205013275,-0.05917914211750031,-0.037419714033603675,-0.023472391068935394,0.0035567323211580515,-0.10015309602022172,-0.001382016809657216,-0.039354775100946426,0.037422619760036475,-0.015901679173111916,-0.007449371740221977,0.024963527917861935,-0.03257310017943382,0.06519410759210587,0.030735932290554047,0.026994951069355008,-0.108227401971817,0.05674228817224503,-0.046352073550224304,0.03699861094355583,0.016031792387366295,0.05711681768298149,-0.015997180715203285,-0.05281475931406021,-0.028405236080288887,-0.02462267689406872,0.0018294225446879864,0.024928009137511253,0.011118373833596706,0.009399783797562122,-0.03727772459387779,0.01641763001680374,-0.029926782473921772,-7.362478208960965e-05,-0.01288356352597475,-0.021454049274325367,0.018627993762493134,-0.009247364476323128,0.02661367133259773,-0.046084605157375336,0.007342572789639234,0.02030338160693645,-0.06919702142477036,0.007416742853820325,-0.02224847674369812,0.024896837770938877,-0.0026347830425947905,-0.06893434375524521,0.06683899462223053,-1.6283382137771696e-05,0.0153988441452384,0.0009188308031298221,-0.03138095140457153,0.02341586537659168,-0.01986735314130783,-0.0025828988291323185,-0.020109005272388455,-0.03312436863780022,-0.11817307025194168,-0.0693146139383316,-0.01975610665977001,0.046717818826437,-2.0202171072014607e-05,0.015534327365458012,-0.020620012655854225,-0.013602057471871376,-0.033022087067365646,-0.033886611461639404,0.02140771970152855,-0.12728114426136017,0.004359215963631868,-0.04841315373778343,0.027936294674873352,0.02449081838130951
0.03732920438051224,-0.015998970717191696,0.0011117426911368966,-0.022118667140603065,-0.010565544478595257,-0.039907585829496384,0.0,-0.024856003001332283,-0.027444792911410328,-0.03277535364031792,-0.005217351019382477,-0.027273807674646378,-0.05871153995394707,-0.007257532328367233,-0.00148153118789196,0.04272165521979332,-0.02695992775261402,0.024134038016200066,-0.006357238162308931,0.0317511223256588,-0.0023546072188764806,0.014998942613601685,-0.0361257940530777,0.010739705525338648,0.013002275489270689,-0.0005807629786431788,0.008271859958767891,0.09020336717367171,0.05150454863905907,0.004659290425479412,-0.06417196244001389,-0.045418214052915566,0.009088375605642797,-0.07552161812782286,-0.04718667268753052,0.018755551427602768,-0.0493444912135601,-0.09706731885671616,0.04316497594118118,-0.04048217460513114,0.0016335844993591309,0.01142541691660881,0.027666835114359852,-0.020568422973155972,-0.0311094019562006,0.018321465700864792,-0.06594089418649673,0.0005397070781327784,-0.042755939066410065,0.03837528824806213,-0.02018979750573635,-0.0037130531854927535,0.013198882341384888,0.01861420087516308,-0.013562440872192383,0.0495574064552784,-0.04371991381049156,0.019935693591833115,0.008066901005804537,-0.03492309898138046,-0.03700365871191025,0.029185775667428967,0.007964309304952621,-0.02419341169297695,-0.04960181564092636,-0.0075907139107584945,0.0009950660169124605,0.01004953682422638,-0.05109881237149239,-0.030266115441918373,-0.03880527988076209,-0.019037840887904167,0.0192596185952425,-0.02969106286764145,0.016407597810029984,-0.035911526530981064,0.010077056474983692,-0.004271142650395632,-0.012307376600801945,0.03061578422784805,-0.03757662326097488,-0.0011330483248457313,-0.0016976973274722695,-0.035740315914154046,-0.016385458409786224,-0.016378527507185936,0.06710300594568253,-0.002849727403372526,-0.04871413856744766,0.014430136419832706,-0.036104872822761536,0.0002210756210843101,-0.039925727993249886,-0.0026720622554421425,-0.023446569219231606,-0.03249361738562584,-0.03548374027013779,-0.007432896178215742,0.002920817583799362,-0.030371772125363346
0.003960774280130863,-0.025904266163706776,0.0798012688755989,-0.010278966277837752,0.013193977996706963,-0.06559908390045166,-0.024856003001332283,0.0,0.043558482080698006,0.015245595015585423,-0.021248035132884976,0.029257304966449738,-0.07334419339895248,-0.0036651350092142816,0.04863066971302032,-0.0014076650841161609,-0.012098449282348156,0.054404787719249725,-0.05808614194393157,-0.020559953525662426,-0.02489199116826057,0.012553664855659008,0.03024875931441784,-0.028619108721613884,0.022882791236042976,-0.012447434477508068,0.05001996457576752,-0.14436210691928864,-0.053011246025562286,0.047015346586704254,-0.0070013427175581455,-0.05491498485207558,0.05478323996067047,-0.032685503363609314,0.03005724959075451,-0.0012408476322889328,-0.043182101100683205,0.005507410503923893,-0.05205295979976655,0.06371377408504486,-0.0628402978181839,-0.028013695031404492,-0.020371083170175552,0.0004677840042859316,-0.05155709013342857,0.01619754172861576,-0.005943345837295055,0.05273251608014106,-0.0012458801502361891,0.011970226652920246,-0.01364413183182478,0.05123051255941391,-0.01707906275987625,-0.0377570204436779,-0.04003167897462845,-0.03524148464202881,0.009351836517453192,0.041057519614696496,-0.034674186259508126,-0.0392787866294384,0.028591761365532875,-0.0015685863327234983,0.02300212904810905,0.021739378571510315,0.01596182771027088,-0.09018387645483017,0.001291721942834556,-0.06239702925086021,0.06780971586704254,-0.03031467832624912,-0.010041969828307629,-0.003618910443037748,-0.07247526198625565,-0.04769827425479889,0.07088317722082138,0.01584668643772602,0.06563734263181686,-0.05467788130044937,-0.05302327498793601,-0.05336097255349159,-0.11525645852088928,-0.009579590521752834,0.013208882883191109,-0.017746364697813988,-0.03858005255460739,-0.008353819139301775,0.033489469438791275,0.01681571453809738,-0.10310449451208115,0.02364654093980789,-0.047455675899982445,-0.03617527708411217,0.022437008097767826,-0.024072928354144096,-0.03560430929064751,-0.009332747198641298,0.0013491342542693019,-0.06474611163139343,0.018406456336379048,0.03294043242931365
-0.043739710003137595,0.0012883889721706507,-0.038968447595834725,-0.07764904946088791,0.0458763763308525,0.05554906278848648,-0.027444792911410328,0.043558482080698006,0.0,-0.023873999714851376,0.04507439211010933,-0.0823000892996788,0.001759107457473874,-0.052518654614686966,0.007820377126336098,-0.04021409153938293,0.0006298755179159343,0.022929882630705837,0.034115713089704514,0.0004085125692654401,0.015711992979049683,0.005322795826941729,-0.038492009043693536,-0.0021648374386131763,0.011383607983589172,-0.054860834032297134,-0.04808029904961585,0.06769657880067825,0.03049573674798012,-0.08986035734415054,-0.019620297476649284,-0.0034944217186421156,-0.010236338712275028,-0.009971006773412228,-0.07342393696308136,0.0369185209274292,-0.04050489142537117,-0.00583631731569767,0.027813851833343502,-0.06638164818286896,-0.030601968988776207,-0.05128290876746178,0.10302138328552246,-0.023140216246247288,-0.013542518950998785,-0.053228821605443954,-0.028289472684264183,-0.05303673446178436,0.021324975416064262,-0.007497685495764018,0.0011614530812948942,0.011445005424320696,-0.051017146557569504,-0.035598669201135635,-0.01735282689332962,0.031061571091413494,0.04420155286788941,0.024607030674815174,-0.016165370121598244,-0.015216032974421978,-0.032417476177215576,0.011683059856295584,-0.0007032279390841721,-0.022015519440174103,-0.005410479847341776,0.0370168536901474,0.01636374555528164,-0.014126444235444067,-0.049768377095460885,-0.04793878644704819,-0.02899967692792416,-0.05291145294904709,-0.06146646291017532,-0.01881725899875164,-0.0260477215051651,0.029191011562943455,-0.055801916867494576,0.04191731661558151,0.020503984764218327,0.03666188195347785,0.02062680572271347,0.007674231659621,0.01329731661826372,-0.007478666491806507,0.06272035092115402,-0.011432299390435219,-0.004031842574477196,-0.014318413101136684,-0.06688374280929565,-0.005495925433933735,0.007346062455326319,-0.028130171820521355,0.030864356085658077,-0.008171694353222849,-0.04151884093880653,-0.037406057119369514,-0.029170462861657143,0.08383188396692275,-0.08553136885166168,0.03685763105750084
-0.038877226412296295,-0.0026630435604602094,-0.04598358646035194,0.028063900768756863,-0.07561073452234268,-0.026343584060668945,-0.03277535364031792,0.015245595015585423,-0.023873999714851376,0.0,0.042604591697454446,-0.04726128280162811,-0.04540169611573219,-0.04261293634772301,0.02246591635048389,-0.10747918486595152,0.0015286338748410344,-0.0730530247092247,0.041680905967950814,0.048122793436050415,-0.09737862646579742,0.046166263520717614,-0.10633712261915206,0.058565214276313775,0.09439506381750105,-2.1711848603445105e-05,0.024897055700421333,0.024578433483839035,0.0004226833116263151,0.034126825630664825,0.06351583451032639,0.0261604767292738,0.06397632509469986,-0.014876937493681908,-0.0017724797362461686,-0.026864098384976387,-0.01729026809334755,-0.03632581233978272,-0.008535138331353664,0.02788790501654148,0.07518982887268065,-0.047738924622535706,-0.008212916553020477,0.08617684245109558,-0.055205181241035454,0.003672403516247869,-0.048898186534643166,-0.00937158055603504,-0.020575791597366333,-0.05261671170592308,-0.004028203897178173,0.0626525729894638,0.052768349647521966,-0.04045092314481735,-0.00677551468834281,-0.017482956871390343,-0.015102035365998743,-0.0165309589356184,0.0247785784304142,-0.001993923680856824,-0.03612419217824936,-0.013571873307228088,-0.03865372017025948,-0.03411390259861946,-0.06455792486667633,0.07306814193725587,-0.027237161993980408,0.024058647453784943,-0.07042575627565384,-5.217612851993181e-05,0.03197664022445679,-0.06287693232297897,0.07839037477970123,-0.02590906247496605,0.06623805314302444,-0.10206378251314165,0.013636396266520023,-0.02863647229969501,-0.06494618952274323,-0.06161075830459595,0.028256798163056374,-0.037045545876026154,0.06959899514913559,0.02451426535844803,-0.028336193412542343,-0.024005115032196045,0.027197394520044327,-0.042549755424261086,0.0006955164717510344,-0.0611809715628624,-0.010426917113363743,0.04208555445075035,0.0035411731805652376,-0.003062629839405417,-0.027719898149371147,-0.09627927839756015,-0.08197058737277985,0.03555131331086159,0.013025476597249508,0.020185295492410656
-0.03900742903351784,0.059607528150081635,-0.008498264476656914,-0.005833625793457031,-0.02342422865331173,0.020434925332665443,-0.005217351019382477,-0.021248035132884976,0.04507439211010933,0.042604591697454446,0.0,0.0481061115860939,-0.06460819393396378,0.020645424723625183,0.02957780286669731,-0.0846235305070877,0.1289902627468109,-0.02381427399814129,-0.013496674597263336,-0.04346831887960433,-0.0713174119591713,-0.1140219271183014,0.05568054690957069,0.0533732995390892,-0.021267205476760864,0.04033999890089035,8.733335562283173e-05,0.017838234081864357,0.08471506088972092,0.012240209616720676,-0.03714406490325928,-0.013843207620084284,-0.022947557270526883,-0.03221080079674721,0.045497387647628784,-0.003949987236410379,-0.03175240755081177,-0.004052054136991501,-0.03372763469815254,0.04877586290240288,-0.06751954555511475,0.029161930084228516,-0.05692055076360703,-0.05196947604417801,0.015613826923072338,0.023991463705897328,0.009231671690940857,0.041102476418018334,-0.029194818809628487,0.009756788611412048,0.014553957618772984,-0.049876760691404336,0.05430785566568375,-0.029597029089927677,-0.01358981803059578,-0.059608880430459976,0.034119054675102234,-0.05225824937224388,0.05518762394785881,-0.010198176838457584,-0.013288922607898712,0.05630463361740112,-0.08931957185268402,0.01979079097509384,-0.002317164791747928,-0.04244164749979973,-0.0012351026525720952,-0.027844320982694622,0.0021813292987644672,-0.05042918771505356,0.04494907706975937,-0.03177744522690773,-0.012772021815180779,-0.02695135958492756,-0.0688309296965599,-0.006619121879339217,-0.018550997599959373,-0.1251109093427658,0.06381820142269135,-0.004744269885122776,-0.0026110829785466194,0.031062597408890724,-0.13616475462913513,-0.028548050671815872,-0.039673462510108955,0.11096592247486115,-0.0017287693917751312,-0.005669448990374804,4.6240333176683635e-05,-0.04735171422362328,-0.004546058364212513,-0.04973429441452026,-0.015231932513415812,-0.01233178935945034,-0.023734966292977333,0.003418894950300455,-0.00992937758564949,-0.0626809224486351,-0.010912896133959292,-0.03373130410909653
-0.09227362275123596,0.07816531509160995,-0.03526591509580612,-0.07816215604543686,-0.01946856081485748,-0.008128697983920574,-0.027273807674646378,0.029257304966449738,-0.0823000892996788,-0.04726128280162811,0.0481061115860939,0.0,-0.03531179577112198,0.013186960481107233,-0.05097198113799095,0.06946856528520584,-0.006409864872694016,-0.027391888201236725,0.0173582024872303,0.022135833278298375,-0.014965767972171307,0.0679108276963234,0.029933961108326912,0.0042337197810411445,0.03429631143808365,0.1488172709941864,-0.09573661535978317,-0.039029378443956375,-0.03779347240924835,-0.062247030436992645,-0.01913230493664741,0.00436891196295619,-0.04428217187523842,-0.06761265546083449,-0.10748356580734252,0.027316195890307423,0.005663303192704916,0.039948541671037674,-0.041531465947628014,0.0029649592470377684,-0.012725471518933771,-0.10126483440399169,0.08825994282960892,0.003423580434173345,-0.05247851833701134,-0.06306296586990356,0.04990598186850548,0.06035670265555382,0.025152338668704033,-0.03996875509619713,-0.0018168328097090125,-0.0368066020309925,-0.007091302890330553,0.012347426265478134,-0.01109688263386488,0.07074369490146637,-0.03828595951199532,0.03144920989871025,0.03621464967727661,0.013383896090090275,-0.07175134122371674,-0.013603780418634415,0.03737471252679825,-0.06627021729946136,-0.0239246878772974,0.07172221690416336,-0.04092444851994514,0.05276114493608475,-0.0624779388308525,0.010052141733467577,-0.014149568974971771,-0.06132857501506805,-0.07383640855550766,2.8788079362129793e-05,0.03831680119037628,-0.04650406539440155,-0.024849675595760345,-0.013343011960387228,0.038983292877674096,-0.06578487157821655,0.002798916772007942,-0.03016373701393604,-0.027037594467401505,-0.03882923349738121,0.04213888198137283,-0.0397818349301815,0.033060185611248016,0.09519927203655243,0.0012202156940475106,0.004551345948129892,0.01287413202226162,0.01816626451909542,-0.034634321928024285,0.01513723749667406,-0.02017173171043396,-0.03341343626379967,0.0020646171178668737,0.01808318123221397,0.0016557313501834867,-0.04351972043514252
-0.005118726752698421,-0.06789246946573257,0.03425392135977745,-0.021148940548300743,0.030704841017723083,-0.04029903933405876,-0.05871153995394707,-0.07334419339895248,0.001759107457473874,-0.04540169611573219,-0.06460819393396378,-0.03531179577112198,0.0,0.0606243871152401,-0.01857370138168335,0.004146513994783163,0.0540752187371254,0.05080211162567139,-0.0010720532154664395,-0.031364824622869485,-0.08322049677371977,0.02531779557466507,0.0821271762251854,0.009901950135827065,0.09597499668598176,0.048943836241960526,-0.008027156814932823,0.004437666852027178,0.1764681041240692,0.06430895626544952,0.0273970440030098,-0.01661025360226631,-0.05487314984202385,-0.04643908888101578,4.722539597423747e-05,-0.015333623625338076,0.04406963661313057,-0.02332494407892227,0.05041354522109032,-0.0026593294460326438,0.008738979697227478,-0.021625347435474396,-0.059376291930675514,-0.009937395341694355,-0.06200794130563736,-0.02535662800073624,0.020972160622477528,-0.03284212201833725,-0.06891334801912308,-0.01401761919260025,-0.035183653235435486,0.02449989691376686,0.02769159711897373,-0.010864333249628544,-0.02209086343646049,0.03518287464976311,-0.0344168059527874,-0.027018830180168152,-0.08706381171941757,0.002499327296391129,-0.001841679681092501,0.18127688765525815,0.005278990603983401,-0.02590770833194256,0.008355005644261837,-0.013678831979632376,-0.03455998748540878,-0.10875801742076872,-0.014060720801353455,0.004360996652394533,-0.011050921864807604,-0.04565296322107315,-0.009842961095273495,-0.0015119961462914944,0.013158944435417652,-0.04272819682955742,-0.009648681618273258,-0.0981949046254158,-0.04251484572887421,-0.007430632598698139,-0.10036379843950272,0.04097099229693413,0.015005656518042088,-0.03128054738044739,0.058150749653577805,-0.16014792025089264,-0.06506646424531937,0.05896533280611038,-0.04555748775601387,-0.03723837807774544,0.011079927906394005,0.0013429771643131971,-0.03132569044828415,0.05694068968296051,0.0014593226369470356,-0.00012550871178973466,-0.03455357253551483,0.08701761811971664,0.05554071068763733,0.03679550439119338
0.0049952673725783825,-0.008061499334871769,-0.047699425369501114,-0.02371610701084137,-0.02429165318608284,-0.020094940438866612,-0.007257532328367233,-0.0036651350092142816,-0.052518654614686966,-0.04261293634772301,0.020645424723625183,0.013186960481107233,0.0606243871152401,0.0,0.18269236385822296,-0.01690194383263588,0.09104803204536437,0.06300408393144608,0.0420907698571682,0.0005174820544198155,0.029078297317028046,-0.06330817937850952,0.02868752554059029,-0.010348455049097536,-0.09290914237499236,0.016691947355866432,-0.0011429163860157132,-0.0001071009610313922,-0.05589032918214797,-0.037390783429145806,-0.04365336522459984,0.02020000107586384,-0.03466351702809334,-0.04777606204152107,-0.054765190929174416,-0.06382645666599274,-0.026327611878514286,-0.0092987772077322,0.026850080117583275,-0.011718766763806345,0.10845258086919785,0.022566143423318863,-0.08083234727382661,-0.017393862828612328,-0.0017861323431134224,0.037768010050058365,0.009893320500850676,-0.0876205191016197,0.02246670052409172,-0.061127133667469025,0.0012002178700640795,0.016166960820555687,0.07009287923574448,-0.014956405386328695,0.06467713415622711,-0.014596530236303806,-0.1366608887910843,0.05245804414153099,0.00016904028598219156,-0.10867216438055038,0.02683796547353268,-0.018231360241770744,-0.04344294592738152,0.0801854357123375,0.04309516400098801,-0.013466023840010166,-0.008626271970570086,-0.028395134955644608,-0.0952574834227562,-0.028956169262528416,-0.03443583846092224,0.011609221808612347,-0.1097504049539566,-0.0324893556535244,0.04250655695796013,-0.029733719304203987,-0.004081299062818289,0.08861035108566284,-0.0715758204460144,-0.008087361231446266,0.02745041064918041,-0.005273468792438507,0.0549342930316925,0.024445107206702232,-0.0024209616240113974,0.018808458000421524,0.007161725778132677,-0.05886618793010712,0.0016547281993553042,-0.020354976877570152,-0.007424026727676391,-0.009812323376536368,0.023501304909586903,0.11750490963459014,-0.12789706885814667,-0.0478798933327198,-0.03005082719027996,-0.028901342302560806,-0.013572593219578266,0.029800336807966232
0.09730015695095062,-0.07472304999828337,0.015260467305779455,0.00039776691119186575,-0.006258484907448292,-0.01821965724229813,-0.00148153118789196,0.04863066971302032,0.007820377126336098,0.02246591635048389,0.02957780286669731,-0.05097198113799095,-0.01857370138168335,0.18269236385822296,0.0,-0.08517823368310928,-0.08786462992429733,-0.07087912410497665,-0.02567119896411896,0.0021621990017592903,0.037432439625263214,-0.09469419717788696,0.04156822711229324,0.06396450847387314,-0.03798346593976021,0.007566410582512618,-0.03498294577002525,0.0012672132579609752,-0.012468665838241575,-0.02929087728261948,-0.02896508201956749,-0.0007249062764458358,0.0002285245427628979,0.0009932820685207844,0.03617847338318825,-0.0027361519169062376,0.02993208542466164,-0.060878869146108634,0.049927808344364166,-0.054888322949409485,-0.1226675882935524,-0.02435619756579399,0.0029941636603325605,0.011131348088383675,-0.02126536890864372,0.04634234309196472,0.08066900819540022,0.045505572110414505,-0.03642125055193901,0.00481865368783474,-0.022977910935878757,0.006462290417402984,-0.02031341753900051,0.040363792330026634,-0.037424467504024506,0.03797454759478569,-0.04530131816864014,-0.030524689704179764,-0.011201782152056694,0.01671896129846573,-0.059882428497076035,-0.001033689477480948,-0.030820207670331,-0.09477100521326064,0.010923485271632671,0.25467681884765625,-0.004727141931653024,-0.006526052951812744,-0.02197917364537716,0.016846997663378716,-0.03399151936173439,0.0017730126855894923,-0.017058473080396652,0.006843475624918938,0.0002616738493088633,0.017618883401155472,-0.011638633906841278,0.11330560594797134,-0.0009425816242583096,-0.06218105927109718,-0.03852042183279991,-0.019352544099092484,-0.025345532223582268,-0.016211573034524918,-0.0247582383453846,0.004321705549955368,-0.04759182780981064,-0.060850512236356735,0.005657387897372246,0.017954617738723755,-0.04309448227286338,0.05510127544403076,-0.019646331667900085,-0.05433691665530205,0.01120210438966751,0.028557347133755684,-0.1162232682108879,-0.03164292499423027,-0.004627547226846217,0.018819872289896008
0.0006127019878476858,0.02702942118048668,0.012619970366358755,0.009160429239273071,-0.009402704425156115,-0.011372072622179983,0.04272165521979332,-0.0014076650841161609,-0.04021409153938293,-0.10747918486595152,-0.0846235305070877,0.06946856528520584,0.004146513994783163,-0.01690194383263588,-0.08517823368310928,0.0,-0.04140255972743034,-0.005946008954197168,0.01857086457312107,-0.08129236102104187,0.023714954033493996,-0.010621131397783756,-0.02727511897683144,0.11458244174718855,-0.014850964769721031,-0.019534355029463768,0.07943690568208694,-0.04880673810839653,-0.008711026981472969,0.0028807029593735933,0.07522577047348022,-0.004403296392410994,0.08312650769948958,0.02592322789132595,0.021046347916126248,0.025248819962143895,0.012723655439913273,0.07088891416788101,-0.017472004517912865,0.04090271145105362,-0.053921982645988464,-0.051511142402887344,-0.053400132805109024,0.013336277566850184,-0.0033947739284485574,0.0039813038893044,0.0010988290887326002,-0.052926070988178246,-0.001742872642353177,-0.05866852402687073,-0.09446263313293456,-3.820502570306417e-06,0.042334552854299545,-0.06420785188674927,1.1919321877940092e-05,-0.005231163930147886,0.07052002102136612,-0.05718722194433212,0.03200239688158035,0.03742055594921112,-0.002945727203041315,-0.015013187192380428,0.01780662313103676,0.001427437993697822,0.03703472390770912,0.012928316369652748,0.06700937449932097,-0.07087922096252441,0.033669598400592804,-0.09091496467590333,0.03454851359128952,-0.08124517649412155,1.3380155905906577e-05,-0.16261352598667145,-0.015834512189030647,-0.024365320801734924,-0.10764338821172714,0.033650416880846024,0.009363780729472637,0.004658113233745097,0.02759093791246414,-0.0007367607904598115,-0.058462947607040405,0.08064518123865126,-0.046458952128887177,0.002001590561121702,-0.09806860983371735,-0.027634326368570328,-5.934990622336045e-05,-0.048715751618146896,-0.02071729116141796,-0.03417619690299034,0.09782958775758745,0.013986555859446524,-0.00542127201333642,-0.08435293287038803,-0.07398662716150285,0.06499585509300232,-0.07000713050365448,0.054545093327760696
-0.07707238197326659,0.03756318241357803,0.09003578871488571,0.004382250364869833,-0.0775814577937126,-0.04712725058197975,-0.02695992775261402,-0.012098449282348156,0.0006298755179159343,0.0015286338748410344,0.1289902627468109,-0.006409864872694016,0.0540752187371254,0.09104803204536437,-0.08786462992429733,-0.04140255972743034,0.0,0.051131073385477066,-0.0007541429949924349,0.07328274846076965,0.008991285227239134,0.031678978353738785,-1.9460967450868335e-05,0.08125649392604829,0.032379619777202606,-7.210003968793897e-05,0.06248254328966141,-0.023355739191174507,-0.09328850358724594,-0.034597281366586685,-0.0369081161916256,-0.021813496947288517,0.10562607645988464,0.04644688218832016,-0.048676565289497375,-0.07105033844709396,0.007995330728590488,-0.0022201950196176767,0.024018784984946247,-0.11243923753499983,-0.015025341883301733,0.004540143534541129,0.024646908044815063,0.07292379438877106,-0.005533238872885704,-0.06952349096536636,0.011060094460844992,-0.07472296804189682,0.04447726160287857,-0.04277594015002251,-0.123305082321167,-0.07191043347120285,-0.0019651316106319427,0.036276765167713165,-0.0017880734521895647,0.003292832290753722,-1.553315632918384e-05,-0.05794509872794151,-0.09989475458860397,-0.02212826535105705,-0.007228619884699582,-0.043786507099866874,0.0423220619559288,-0.03488390892744064,0.006708318367600441,-0.04817713424563408,0.0003915748093277216,0.032455552369356155,-0.03133715316653252,-0.02867341600358486,-0.0326976515352726,0.11194223165512084,0.052107498049736016,0.041203010827302926,0.02379241771996021,0.04075468704104424,-0.01902146637439728,-0.013421876356005669,-0.013056048192083836,0.042343519628047936,-0.06943701207637787,0.004127544350922108,-0.07320389151573181,-0.10624340176582336,7.419269968522713e-05,2.243660856038332e-05,0.02000838331878185,-0.10716688632965088,-0.011820211075246334,-0.02264438383281231,-0.05058122798800469,-0.05095936357975006,0.007489783223718403,-0.05723001435399056,0.04097073525190353,-0.0002783347154036164,0.06654379516839981,2.0281402157706907e-06,0.02559881657361984,-0.03292548656463623
-0.014971586875617504,-0.010737409815192223,-0.052266478538513184,-0.058373715728521354,0.016244003549218174,-0.03897689282894135,0.024134038016200066,0.054404787719249725,0.022929882630705837,-0.0730530247092247,-0.02381427399814129,-0.027391888201236725,0.05080211162567139,0.06300408393144608,-0.07087912410497665,-0.005946008954197168,0.051131073385477066,0.0,-0.02741906978189945,-0.0053982664830982685,-0.1242336258292198,0.038349032402038574,0.025536293163895607,0.006382412277162075,-0.019245574250817295,-0.08395121246576309,-0.022741906344890594,0.04183695837855339,-0.0314793661236763,-0.04923010990023613,-0.021349629387259483,-0.029988501220941544,-0.01868627406656742,0.10378218442201614,0.001016752328723669,0.07561273127794266,-0.011310881935060024,-0.01701395213603973,-0.015543135814368725,-0.0066359229385852805,0.06217635422945023,-0.016660241410136223,-0.06702949851751328,-0.00416432972997427,-0.04381182789802551,-0.026484040543437004,-1.2399778825056272e-05,0.06654353439807892,-0.09346579015254974,0.000791900383774191,0.036611806601285934,-0.023820627480745316,-0.05387912318110465,0.027275066822767258,0.04090766236186028,-0.09426373243331908,0.018124183639883995,-0.04930199310183525,0.017352668568491936,-0.018934074789285656,-0.053343743085861206,-0.032186370342969894,-0.08235980570316313,0.011694404296576977,0.02746137604117393,-0.021143000572919846,0.000427726685302332,0.055762924253940575,-0.07092254608869553,0.13626432418823242,0.039516132324934006,-0.02887514978647232,0.027599334716796875,-0.04874931648373604,0.01088250894099474,-0.054379142820835114,-0.01836275868117809,0.006898324470967054,0.0692148357629776,-0.0012793600326403975,0.07429158687591551,-0.040608771145343774,-0.0375230610370636,0.01141519285738468,0.03817696496844292,5.5413755035260685e-05,-0.04225645586848258,-0.018962435424327847,-0.002791093196719885,-0.07475937157869339,0.0007931068539619447,0.086241714656353,0.004334170371294022,3.4707303711911663e-05,0.052251875400543206,-0.02587287873029709,-0.051989953964948654,-0.106680266559124,0.05473122373223305,-0.034905169159173965
0.03587319701910019,-0.05113182216882706,0.037296365946531296,-0.01948270015418529,0.02925481088459492,-0.05156132578849792,-0.006357238162308931,-0.05808614194393157,0.034115713089704514,0.041680905967950814,-0.013496674597263336,0.0173582024872303,-0.0010720532154664395,0.0420907698571682,-0.02567119896411896,0.01857086457312107,-0.0007541429949924349,-0.02741906978189945,0.0,-0.011475980281829832,0.026677349582314488,0.07382214814424513,0.034813955426216125,-0.017671987414360046,-0.06836201995611191,-4.023153906018705e-06,0.024629130959510803,0.010455327108502388,-0.0537881888449192,0.03487740457057953,-0.008811213076114655,-0.017100865021348,-0.07585608214139937,0.08225947618484497,-0.05731777101755142,0.03944550082087517,-0.0548153892159462,0.002589503303170204,0.003998747561126947,-0.008232632651925089,-0.06389747560024261,-0.0006814887747168541,-0.11008494347333908,-0.00712544983252883,0.046698156744241714,0.030785232782363888,-0.002108515705913305,-0.08111666887998581,-0.030007209628820416,0.07716377824544905,2.7611389668891206e-05,-0.036353550851345055,-0.07904893904924391,0.0032231709919869895,-0.03670663014054298,0.026983570307493206,0.04495271295309066,-0.05558618158102036,0.005924017168581486,0.009809576906263827,-0.01003629807382822,-0.016210326924920082,0.01464617159217596,-0.02505114674568176,-0.08195425570011139,0.008786809630692005,0.04330890625715256,0.024940380826592445,0.07290957868099213,0.04680132120847703,-0.061505846679210656,-0.026085997000336647,-0.03316141664981842,-0.06288490444421768,-0.07427826523780823,-0.04452822357416153,0.0757925733923912,-0.026392303407192234,-0.05397052317857742,-0.02412929385900497,0.014646222814917564,-0.07990529388189316,0.028179023414850235,-0.057035300880670554,-0.08418533951044081,-0.00017132036737166345,-0.011119572445750237,0.06038748100399971,-0.10602974146604537,0.01085757091641426,0.045459121465682976,-0.018178792670369148,-0.006852177903056145,0.0676308199763298,0.005807671695947647,-0.08824170380830765,0.012238862924277782,0.018419889733195305,0.0041290572844445705,-0.0647396519780159
-0.02640542574226856,-0.08241736143827438,0.04920769482851029,0.0376703254878521,0.004505126271396875,-0.007918138056993484,0.0317511223256588,-0.020559953525662426,0.0004085125692654401,0.048122793436050415,-0.04346831887960433,0.022135833278298375,-0.031364824622869485,0.0005174820544198155,0.0021621990017592903,-0.08129236102104187,0.07328274846076965,-0.0053982664830982685,-0.011475980281829832,0.0,-0.01307186298072338,-0.09983967244625092,0.04243718460202217,-0.04781167209148407,-0.039968062192201614,0.001257175812497735,-0.0403849333524704,-0.05452482774853706,0.025142362341284752,-0.06951341032981873,0.025901807472109795,0.003709939308464527,0.007390681654214859,0.000428442406700924,-0.001801275764591992,-0.013489549048244951,-0.001952666440047324,0.0167696513235569,0.003081145463511348,-0.022115418687462807,-0.03767465800046921,-0.016380108892917633,0.03971729800105095,-0.020210960879921917,0.01910026744008064,-0.004837760236114264,-0.011020774021744728,0.03249401226639748,0.010575996711850166,-0.071778304874897,0.022380560636520382,-0.0462806448340416,-0.0026725088246166706,-0.028182443231344223,-0.009434872306883337,-0.013851550407707691,0.022257639095187187,-0.04734799265861511,-0.045933619141578674,0.04798271134495735,-0.03478270024061203,-0.027201257646083832,0.034261275082826614,-0.006219875533133745,0.001190708833746612,-0.0972575917840004,-0.03098776936531067,-0.05680060014128685,-0.0026144166477024555,-0.0017113795038312671,0.025924650952219963,0.03354540839791298,-0.02699274756014347,-0.012876839376986027,-0.05508248135447502,-0.006990087684243917,-0.012071598321199415,0.014200304634869099,-0.0021057825069874525,-0.06609079241752625,0.025143941864371296,0.002460142597556114,-0.058717552572488785,-0.026040354743599888,-0.045628689229488366,0.029183227568864822,-0.05499141663312912,0.053454533219337456,0.003642481053248048,0.007118894252926111,-0.02664720080792904,0.02704004570841789,0.000999725074507296,-0.02228726260364056,0.0003380222187843174,-0.005956863053143024,-0.05358359217643738,0.016073133796453476,-0.05067786201834679,0.06909986585378647
-0.0067439512349665165,0.03603757917881012,-0.021467527374625203,0.012821918353438376,-0.021161094307899475,-0.011034741997718813,-0.0023546072188764806,-0.02489199116826057,0.015711992979049683,-0.09737862646579742,-0.0713174119591713,-0.014965767972171307,-0.08322049677371977,0.029078297317028046,0.037432439625263214,0.023714954033493996,0.008991285227239134,-0.1242336258292198,0.026677349582314488,-0.01307186298072338,0.0,0.02011412568390369,-0.0028320816345512863,0.018612777814269062,0.04197462648153305,-0.03599650785326958,0.06862733513116837,-0.015039940364658833,0.02507881447672844,0.0010043081128969789,-0.0076347137801349154,-0.009109537117183208,-0.08604492247104643,0.09930102527141571,-0.01239219307899475,0.0002924561267718673,0.057043425738811486,-0.0020530924666672945,-0.023359436541795727,-0.003310362808406353,-0.01446012407541275,-0.062412768602371216,0.047186478972435,0.007287134416401385,-0.14636074006557465,0.005951286293566226,-0.027123788371682167,-0.035080473870038986,-0.0785464346408844,0.01350273098796606,0.09324409067630768,-0.036704685539007194,-0.07844166457653044,0.027773382142186165,-0.021974140778183937,-0.014842853881418703,-0.030471710488200188,-0.010982534848153591,0.000864243833348155,-0.07699908316135406,0.006978826131671667,0.00964499730616808,-0.04375337436795235,0.0028240210376679897,0.01191938016563654,-0.06669607758522034,0.0019496267195791008,-0.01758882962167263,-0.04274080693721771,0.0007989632431417703,0.12302327901124954,-0.05056259781122208,0.06079462170600891,-0.04605809971690178,0.025162914767861366,-0.005574369337409736,-0.031093331053853035,-0.05713031068444252,0.004742991644889116,-0.03432287648320198,-0.020528255030512806,-0.03797905519604682,0.052623163908720016,0.02880517393350601,0.0014170201029628515,-0.07349521666765213,-0.03039725869894028,-0.0010568756842985747,0.010389478877186775,-0.00841596908867359,-0.010125678963959215,0.0069942716509103775,-0.006278670858591794,9.063615289051084e-05,-0.024685071781277657,0.03203097730875015,0.0026989644393324848,-0.04179451614618301,0.023736024275422096,-0.012396659702062607
-0.0396675318479538,-0.02572162821888924,-0.019130023196339607,0.06058381497859954,-0.028949813917279243,0.07817808538675308,0.014998942613601685,0.012553664855659008,0.005322795826941729,0.046166263520717614,-0.1140219271183014,0.0679108276963234,0.02531779557466507,-0.06330817937850952,-0.09469419717788696,-0.010621131397783756,0.031678978353738785,0.038349032402038574,0.07382214814424513,-0.09983967244625092,0.02011412568390369,0.0,0.03993234410881996,-0.013905859552323818,-0.0439758189022541,-0.04586607590317726,0.00814333651214838,-0.006137424614280462,0.0838363394141197,-0.03342032432556152,-0.010106533765792847,-0.032529689371585846,0.0010824839118868113,-0.07155732810497284,0.05318404361605644,-0.03822308778762817,0.020716821774840355,-0.04635049030184746,-0.007925138808786869,-0.012416440062224863,-0.08055610209703445,0.03542112186551094,0.04900608956813812,-0.04576551169157028,0.017641544342041016,-0.0001674712693784386,0.00301858177408576,0.004279217217117548,-0.01732916571199894,0.014038692228496075,0.1090600937604904,-0.07984146475791931,0.07266850024461746,-0.03123008646070957,0.0026678540743887424,-0.009697217494249344,-0.1020502820611,-0.03003939799964428,0.009441289119422436,0.01149972341954708,-0.002636899007484317,-0.041905827820301056,-0.026040222495794296,-0.010458692908287048,0.0012469396460801363,0.05311256274580956,-0.03211423009634018,-0.11901257932186125,-0.002477101981639862,0.0417010374367237,0.012250459752976894,0.057468071579933167,-0.03678822889924049,0.012710768729448318,-0.015205604955554008,0.015888096764683723,0.015735363587737083,-0.016951965168118477,-0.07180389016866684,-0.058492396026849754,-0.016006004065275192,0.008007618598639965,-0.059959143400192254,-0.010971634648740292,-0.0311275701969862,0.09905517846345901,-0.029391350224614143,-0.06835921108722687,-0.03038903884589672,-0.05895981937646866,-0.01313368696719408,-0.00035288147046230733,0.025238467380404472,-0.02072990126907825,-0.05848144367337226,0.0510527603328228,-0.03338933736085892,-0.0030945001635700464,-0.0516674779355526,0.02466330863535404
0.040564168244600296,-0.00021754504996351895,-0.0874752625823021,0.006024062167853117,-0.015387541614472866,-0.010903868824243544,-0.0361257940530777,0.03024875931441784,-0.038492009043693536,-0.10633712261915206,0.05568054690957069,0.029933961108326912,0.0821271762251854,0.02868752554059029,0.04156822711229324,-0.02727511897683144,-1.9460967450868335e-05,0.025536293163895607,0.034813955426216125,0.04243718460202217,-0.0028320816345512863,0.03993234410881996,0.0,0.0017236155690625308,0.07536055147647858,2.1228772311587815e-05,-0.13027600944042203,0.05580552294850349,0.06578756868839264,-0.003430231474339962,-0.032020021229982376,0.019904850050807,0.008131341077387333,-0.07340270280838013,0.09775084257125854,0.004832975100725889,-0.00600471580401063,0.009955998510122301,0.039489272981882095,-0.068352110683918,-0.028297780081629757,-0.0011566437315195799,-0.002336848294362426,-0.022876197472214695,0.002349978080019355,-4.539752808341291e-06,-0.05962544679641724,4.500032446230762e-06,-0.02134000696241856,-0.035385612398386,0.05885858461260796,0.12478640675544737,-0.07404193282127379,-0.0323486253619194,-0.023817071691155437,-0.03402577340602875,-0.03976429998874664,0.017073098570108414,0.04352954775094985,0.026161540299654007,-0.0129953371360898,-0.05471323058009148,-0.07645578682422638,-0.007195932324975729,-0.07235053181648254,-0.016128873452544212,0.07746878266334532,-0.02322551980614662,0.08196578919887543,-0.04859630391001701,-0.059299767017364495,0.06497372686862946,0.15326842665672302,-0.05724642425775528,0.031745780259370804,-0.09015983343124387,0.013372222892940044,0.056871864944696426,2.2731410354026597e-05,-0.022865425795316696,-0.0362936370074749,-0.019356539472937584,0.004550948739051818,-0.03382187709212303,-0.06297640502452849,-0.044235803186893456,-0.0722871795296669,0.017846278846263885,-0.01936737447977066,-0.04488234966993332,-0.016718940809369087,-0.08411265164613724,0.042368296533823006,-0.09449817240238188,-0.03157150000333786,-0.055933862924575806,0.13720634579658508,-0.023441949859261513,-0.06009908020496368,-0.009342823177576063
-0.019407425075769424,-0.11704045534133913,-0.027798002585768696,0.004260033369064331,0.04105958715081215,-0.019592799246311188,0.010739705525338648,-0.028619108721613884,-0.0021648374386131763,0.058565214276313775,0.0533732995390892,0.0042337197810411445,0.009901950135827065,-0.010348455049097536,0.06396450847387314,0.11458244174718855,0.08125649392604829,0.006382412277162075,-0.017671987414360046,-0.04781167209148407,0.018612777814269062,-0.013905859552323818,0.0017236155690625308,0.0,-0.03771403431892395,-0.12965884804725647,-0.07765370607376097,-0.03390580415725708,-0.032816603779792786,-0.07842869311571121,0.020752793177962303,-0.02570203505456448,-0.03726606443524361,-0.0655246302485466,0.08522571623325349,-0.04893317073583602,0.016726141795516014,0.0027947216294705868,-0.06229867786169052,0.028495071455836296,-0.0010107657872140408,0.022365789860486984,-0.0045236749574542046,-0.025628728792071342,0.0106932632625103,-0.05290120467543601,-0.04124682769179344,-0.005826207343488932,0.029322195798158646,0.04620658978819847,0.04631721973419189,-0.0287274532020092,-0.11308906972408295,-0.030687278136610985,-0.016670716926455494,-0.009937968105077744,0.03953749686479568,0.009370730258524416,-0.0671558603644371,0.00659422529861331,-0.001519382931292057,-0.04227253794670105,0.02067531459033489,-0.028636805713176727,0.020068803802132607,-0.09528101235628128,-0.05404224991798401,-0.015256701037287712,-0.018124917522072792,0.05595538765192032,-0.04953654110431671,-0.026465166360139847,-0.039053488522768014,0.039241723716259,-0.060325004160404205,0.04737970232963561,-0.051141660660505295,0.03213317692279816,-0.01680053025484085,-0.04736197367310524,0.039642013609409325,-0.018078668043017387,0.03782753646373749,-2.894735735026188e-05,-0.012924213893711565,-0.07054363936185837,-0.013330194167792795,9.369083272758873e-05,0.04238956794142723,0.057521149516105645,0.024274658411741257,0.036841847002506256,-0.062463246285915375,-0.06717672199010849,0.044737718999385834,-0.009817930869758127,0.04144511371850968,0.03737669438123703,-0.04777275398373604,-0.05624010786414146
0.07664137333631516,-0.018601439893245697,0.014983471482992172,-0.023560795933008197,0.0011725843651220202,-0.009176601655781267,0.013002275489270689,0.022882791236042976,0.011383607983589172,0.09439506381750105,-0.021267205476760864,0.03429631143808365,0.09597499668598176,-0.09290914237499236,-0.03798346593976021,-0.014850964769721031,0.032379619777202606,-0.019245574250817295,-0.06836201995611191,-0.039968062192201614,0.04197462648153305,-0.0439758189022541,0.07536055147647858,-0.03771403431892395,0.0,0.0010733031667768955,0.03761089220643044,0.07207929342985153,-0.06623053550720215,-0.07872983813285828,-0.052422914654016495,0.0422012023627758,-0.014877269975841044,1.4555421330442186e-05,-0.05632426589727402,-0.005932754371315241,-0.052005663514137275,-0.0006164567312225699,0.012380009517073631,0.029551006853580475,-0.07047077268362045,0.04908935725688934,-0.04907570034265518,-0.049045391380786896,0.012313481420278547,-0.0848725810647011,0.041451431810855865,0.026160744950175285,-0.05526820570230484,-0.0014229400549083948,-0.07223358005285263,-0.06869235634803772,0.009883978404104708,0.009433778002858162,-0.021785570308566093,-0.025321587920188904,-0.01926898956298828,-0.02304380014538765,-0.033589690923690796,0.05941293388605118,0.019717210903763768,-0.0426466278731823,0.011028737761080263,0.008962820284068584,-0.01491185277700424,-0.01914763264358044,0.007829825393855572,-0.01980842277407646,-0.039014287292957306,-0.04580391198396683,0.02374807558953762,0.025942422449588772,-0.03442514687776565,0.03698599338531494,-0.0910813808441162,-0.01865493319928646,-0.015752816572785378,0.07503993064165115,-0.014280288480222223,-0.07819510251283644,0.06318186223506927,0.028049876913428303,0.009031305089592932,0.009440374560654163,-0.08223307132720947,-0.0269611869007349,-0.05529027432203293,0.02039661444723606,-0.03443647548556328,0.003843307495117188,-0.013649122789502144,0.008333949372172356,-0.041084211319684975,0.04020227864384651,-0.05856622382998466,-0.034167852252721786,0.03668810799717903,-0.09135454148054123,-0.003571585053578019,0.035920340567827225
0.05610686168074608,-0.035614483058452606,-0.03944964334368706,-0.04146196320652962,0.02710065431892872,-0.0022661108523607254,-0.0005807629786431788,-0.012447434477508068,-0.054860834032297134,-2.1711848603445105e-05,0.04033999890089035,0.1488172709941864,0.048943836241960526,0.016691947355866432,0.007566410582512618,-0.019534355029463768,-7.210003968793897e-05,-0.08395121246576309,-4.023153906018705e-06,0.001257175812497735,-0.03599650785326958,-0.04586607590317726,2.1228772311587815e-05,-0.12965884804725647,0.0010733031667768955,0.0,0.08497770130634308,0.025073755532503128,-0.01339720655232668,-0.022925555706024166,0.05411284044384956,-0.05709662288427353,-0.020146150141954425,0.03872206434607506,0.13989710807800293,-0.00016146080452017486,-0.05178548023104668,-0.04215949028730392,0.0568644143640995,-0.0577121302485466,-0.017956817522644997,0.06018391251564026,0.03470182791352272,0.03967338427901268,-0.05985414609313011,-0.08237845450639725,-0.1537695676088333,0.011264960281550884,-0.03828964754939079,0.05118679627776146,-0.011210428550839424,-0.02492331154644489,-0.0619235448539257,-0.02308274619281292,0.02298719435930252,-0.057793982326984406,0.06632500886917114,0.044039204716682434,-0.10932232439517973,-0.010982437990605831,0.0021496654953807592,-0.0373530238866806,-0.024600524455308918,-0.012566644698381424,-0.027367839589715004,-0.03884361311793327,-0.0459187924861908,-0.0006000225548632442,-0.013830185867846012,-0.015447908081114292,0.03985186666250229,-0.011445099487900732,-0.06377921253442764,0.05262531340122223,0.015040723606944084,0.0758450999855995,0.009849621914327145,0.019288651645183563,2.438747969790711e-06,0.011532614938914776,-0.02671329118311405,0.00741951446980238,0.04441396147012711,2.4052265871432606e-05,0.01574087142944336,1.9286082533653826e-05,-1.1825355841210694e-06,-0.10546334087848663,-0.08418720215559004,-0.0013285554014146328,0.0031487906817346807,0.0468440018594265,-0.0005161823937669396,-0.10483599454164504,0.0461556538939476,-0.07212022691965102,-0.10421038419008256,0.13335631787776947,-0.0341058112680912,0.04526842385530472
-0.04118449613451958,-0.01594844087958336,-0.08318708837032318,-0.05395961552858353,0.05488026887178421,0.020032428205013275,0.008271859958767891,0.05001996457576752,-0.04808029904961585,0.024897055700421333,8.733335562283173e-05,-0.09573661535978317,-0.008027156814932823,-0.0011429163860157132,-0.03498294577002525,0.07943690568208694,0.06248254328966141,-0.022741906344890594,0.024629130959510803,-0.0403849333524704,0.06862733513116837,0.00814333651214838,-0.13027600944042203,-0.07765370607376097,0.03761089220643044,0.08497770130634308,0.0,-0.0001988875155802816,0.046967197209596634,-0.04928639903664589,-0.005544072948396206,-0.012575246393680573,-5.022740151616745e-05,-0.043862439692020416,0.07659918069839476,0.040645334869623184,0.0110683748498559,-0.0015296307392418385,-0.07452336698770523,-0.05518250539898872,-0.021977689117193226,0.013113870285451412,-0.04945560544729233,-0.09927566349506378,0.00402908818796277,0.13600954413414,0.01665044203400612,0.014929724857211111,0.01992849074304104,-0.05999777466058731,-0.003961191978305577,0.004161606077104807,-0.010093159973621368,-0.03575480729341507,0.03675871342420577,-0.0019100457429885864,-0.03135582432150841,-0.06190323084592819,-0.00862454529851675,0.04100347682833672,-0.07077901810407639,-0.0070514511317014686,0.04949170351028442,-0.008450655266642569,-0.009451494552195072,0.011285120621323584,0.0026939348317682743,-0.01684430055320263,0.02395693585276604,0.021229678764939308,-0.09234792739152908,-0.026358405128121376,-0.05772472545504569,-0.048526853322982795,-0.08289042860269545,-0.012143350206315516,-0.05244513228535652,0.04658627882599831,0.009035214781761168,-7.5756770456791855e-06,-0.004015037789940833,0.01391979306936264,0.08909889310598373,-0.11870278418064116,0.0844810977578163,-0.08635540306568146,-0.052068926393985755,0.07379448413848878,0.046946797519922256,0.002885066904127598,-0.02635483257472515,0.015628712251782417,0.043767951428890235,-0.06929849088191986,0.04505092650651932,-7.757377170491964e-05,7.397069566650317e-05,-0.059258181601762765,-0.03740474581718445,-0.03009292110800743
-0.040581878274679184,-0.019334830343723297,0.005307615268975496,0.0644979402422905,-0.030817711725831032,-0.05917914211750031,0.09020336717367171,-0.14436210691928864,0.06769657880067825,0.024578433483839035,0.017838234081864357,-0.039029378443956375,0.004437666852027178,-0.0001071009610313922,0.0012672132579609752,-0.04880673810839653,-0.023355739191174507,0.04183695837855339,0.010455327108502388,-0.05452482774853706,-0.015039940364658833,-0.006137424614280462,0.05580552294850349,-0.03390580415725708,0.07207929342985153,0.025073755532503128,-0.0001988875155802816,0.0,-0.09413006901741028,0.004528214689344168,0.05770014226436615,-0.03621761500835419,-0.06201516091823578,-0.0006237658089958131,-5.095249434816651e-05,-0.050789058208465576,0.04929989203810692,-0.02280077524483204,-0.04632657766342163,0.03274185582995415,0.0014435650082305072,-0.12664932012557983,0.02366269566118717,0.10244837403297424,-0.058110084384679794,0.05269427597522736,-0.04652201756834984,0.02484268881380558,0.09623802453279497,-0.09368180483579636,1.4808588275627699e-05,0.036703392863273614,-0.030252521857619286,-0.058260943740606315,0.027409087866544724,-0.03733403608202934,-0.036867059767246246,0.001933756400831044,0.005583192221820354,-0.0676022320985794,-0.004863903857767582,-0.07671076804399489,-0.0226682648062706,0.010008611716330051,0.011127409525215624,-0.014541106298565865,-0.0544075109064579,-0.03388475626707077,0.1540785580873489,0.05117952451109886,-0.048970483243465424,0.016077950596809387,-0.11323305964469908,-0.02626111172139645,0.013537018559873104,0.022046923637390137,0.033955298364162445,0.046386729925870895,0.02180194668471813,-0.03784801810979843,-0.05985958874225616,-0.04888900369405746,-0.07724151015281677,-0.0012174624716863036,0.10444643348455428,0.02643023245036602,-0.053733550012111664,0.00010781341552501544,0.03395827487111092,-0.03330869972705841,0.03695693239569664,-0.002201831666752696,-0.005722363013774157,0.013965526595711708,0.024836771190166477,-0.019243402406573292,0.0017218530410900712,-0.08753060549497603,-0.02291062474250793,-0.0019386489875614643
0.07541729509830473,0.008390846662223339,-0.014948357827961445,0.004379280842840672,-0.033765584230422974,-0.037419714033603675,0.05150454863905907,-0.053011246025562286,0.03049573674798012,0.0004226833116263151,0.08471506088972092,-0.03779347240924835,0.1764681041240692,-0.05589032918214797,-0.012468665838241575,-0.008711026981472969,-0.09328850358724594,-0.0314793661236763,-0.0537881888449192,0.025142362341284752,0.02507881447672844,0.0838363394141197,0.06578756868839264,-0.032816603779792786,-0.06623053550720215,-0.01339720655232668,0.046967197209596634,-0.09413006901741028,0.0,-0.008521069772541523,-0.011803215369582176,0.043063994497060776,-0.016688646748661995,0.02448824234306812,-0.09416855126619339,-0.01473250798881054,-0.037627074867486954,-0.03177730739116669,-0.08143916726112364,0.037728551775217056,-0.0006577401654794812,-0.04523816704750061,-0.03190134838223457,0.024732422083616257,0.0017901089740917087,-0.05150352418422698,0.05092816427350044,-0.052872076630592346,0.01518354658037424,-0.01373220793902874,-0.08691994845867157,0.03593173623085021,-0.03443862125277519,-0.01641954481601715,-0.00744273792952299,-0.08070960640907286,-0.024464596062898636,0.05207021161913872,-0.011447757482528687,-0.012921102344989777,-0.002362712053582072,-0.10556501895189284,-0.004113461822271347,-0.029066458344459534,-0.009527703747153282,0.049223314970731735,-0.032690346240997314,0.057374335825443275,0.05848783999681473,-0.034745603799819946,-0.012140422128140926,-0.02510461397469044,-0.04173032566905022,-0.00014973932411521673,-0.0007204124704003334,-0.021037802100181576,-0.05519503355026245,-0.007111162878572941,0.030440719798207283,-0.07762420922517776,0.002915394026786089,-0.04567538574337959,-0.0018894654931500556,0.0024098632857203484,-0.00860755704343319,-0.027203146368265152,0.03447631001472473,-0.0006408647168427706,-0.013490037992596626,0.045649327337741845,-0.01665768213570118,0.043532438576221466,-0.010869312100112438,-0.035914577543735504,0.03493906557559967,2.328227310499642e-05,-0.026268286630511284,-0.02001729607582092,0.00608209939673543,-0.06124654784798622
-0.039516564458608634,-0.014470301568508148,-0.014991459436714647,-0.04121163487434387,0.023234166204929352,-0.023472391068935394,0.004659290425479412,0.047015346586704254,-0.08986035734415054,0.034126825630664825,0.012240209616720676,-0.062247030436992645,0.06430895626544952,-0.037390783429145806,-0.02929087728261948,0.0028807029593735933,-0.034597281366586685,-0.04923010990023613,0.03487740457057953,-0.06951341032981873,0.0010043081128969789,-0.03342032432556152,-0.003430231474339962,-0.07842869311571121,-0.07872983813285828,-0.022925555706024166,-0.04928639903664589,0.004528214689344168,-0.008521069772541523,0.0,-0.0609668642282486,-0.007635658141225576,-0.022699009627103806,-0.003657355206087232,-0.04319238290190697,0.04268035292625427,0.03775311633944512,0.0394945703446865,-0.04024878516793251,0.005415016319602728,0.01209769956767559,0.002082222374156117,0.06966613978147507,-0.008786012418568134,-0.02386326715350151,0.01781138591468334,-0.002736278809607029,-0.02111225575208664,-0.040624000132083886,-0.05878634005784989,0.06725002825260161,-0.06998087465763092,-0.0679747462272644,0.03973088786005974,-0.010281073860824108,0.09216167777776718,-0.01834564283490181,0.013643735088407992,-7.680353155592456e-05,-0.03844704106450081,0.042959969490766525,-0.06978874653577805,0.03161315619945526,-0.005470398813486099,0.0611783042550087,-0.04530778527259827,-0.005032026208937168,-0.0351172611117363,-0.1137060523033142,0.023688528686761856,0.01492101326584816,0.02446383610367775,0.0060333614237606525,-0.05186063051223754,0.015544777736067772,0.0029533631168305874,-0.03216453641653061,0.06892979890108109,-0.005571467336267233,0.030464792624115944,0.019318027421832085,0.005566089879721403,-0.02507874369621277,0.06149092689156532,0.010478069074451923,-0.07169919461011887,-0.053310949355363846,0.032979823648929596,-0.05039266124367714,0.018615677952766415,-0.0076554957777261725,-0.05544052645564079,-0.012400909326970576,-0.023496869951486588,-0.04499928653240204,-0.026354771107435223,-0.035213716328144073,-0.02661106362938881,-0.034191783517599106,0.08085064589977264
-0.0031148663256317377,-0.005001134239137173,0.00806396920233965,-0.030955310910940167,-0.0041058859787881374,0.0035567323211580515,-0.06417196244001389,-0.0070013427175581455,-0.019620297476649284,0.06351583451032639,-0.03714406490325928,-0.01913230493664741,0.0273970440030098,-0.04365336522459984,-0.02896508201956749,0.07522577047348022,-0.0369081161916256,-0.021349629387259483,-0.008811213076114655,0.025901807472109795,-0.0076347137801349154,-0.010106533765792847,-0.032020021229982376,0.020752793177962303,-0.052422914654016495,0.05411284044384956,-0.005544072948396206,0.05770014226436615,-0.011803215369582176,-0.0609668642282486,0.0,0.038704052567482,-0.0012443140149116516,-0.035861819982528687,-0.06533075869083405,0.04820290952920914,-0.05058545991778374,-0.07526680082082748,-0.0159471295773983,-0.01412956230342388,0.0055230772122740746,0.05815451219677925,-0.018673647195100784,-0.06654434651136398,-0.013112827204167843,0.0593668594956398,0.007372207008302211,-0.07480465620756149,-0.06355789303779602,0.00839027017354965,0.011851056478917599,-0.0017330896807834506,-0.04966186359524727,0.03597872704267502,-0.029206058010458943,0.006421589758247137,-0.034919798374176025,0.017591528594493862,0.006379096768796444,-0.08002073317766188,0.07021208852529526,0.018103256821632385,-0.0465899333357811,0.011981056071817873,0.05855786055326462,0.0003900642041116953,0.0294002927839756,-0.03624602034687996,-0.031188946217298508,-0.004510154481977224,-0.017294650897383686,0.05926257744431496,0.039167989045381546,-0.03201393410563469,-0.003548190928995609,-0.04784189909696578,-0.04140954464673996,0.0248554702848196,0.100917287170887,-0.04004233703017234,-0.08966271579265593,-0.002505320589989424,-0.092183455824852,0.007298720534890889,0.021253617480397224,-0.0420292466878891,0.07757890224456787,-0.01843792013823986,-0.10174033790826796,0.035218495875597,-0.009602759964764118,-0.048085812479257584,-0.028623478487133976,-0.05298464000225067,-0.029164981096982956,0.035570062696933746,-0.00020187512564007193,-0.059021562337875366,0.007382330019026994,-0.020333584398031235
-0.0038945903070271015,0.0016071522841230035,-0.002065770560875535,-0.03804860636591911,0.0018037450499832632,-0.10015309602022172,-0.045418214052915566,-0.05491498485207558,-0.0034944217186421156,0.0261604767292738,-0.013843207620084284,0.00436891196295619,-0.01661025360226631,0.02020000107586384,-0.0007249062764458358,-0.004403296392410994,-0.021813496947288517,-0.029988501220941544,-0.017100865021348,0.003709939308464527,-0.009109537117183208,-0.032529689371585846,0.019904850050807,-0.02570203505456448,0.0422012023627758,-0.05709662288427353,-0.012575246393680573,-0.03621761500835419,0.043063994497060776,-0.007635658141225576,0.038704052567482,0.0,-0.037998229265213006,-0.04210515320301056,-0.0060562011785805225,-0.02886239066720009,-0.007958962582051756,0.06082446500658989,-0.01721264235675335,6.233093881746754e-05,-0.004684265237301588,-0.08150357753038406,-0.008621752262115479,0.011929173953831196,0.03614623472094536,0.050568945705890656,-0.0644417256116867,0.11190884560346603,0.01335738692432642,0.0859631597995758,0.005033195018768311,-0.035781022161245346,-0.012388781644403934,0.02439776994287968,0.03222305700182915,0.04768107831478119,-0.02817975543439388,0.045283179730176926,-0.021561963483691212,-0.035132646560668945,-0.05116816610097885,-0.03880958631634712,-0.0323333814740181,0.020401595160365105,-0.035838913172483444,-0.016055144369602203,0.008524561300873756,0.0008148985216394067,-0.07030978053808212,0.02933472953736782,-0.08378899842500687,0.04903591051697731,-0.005437138490378857,-0.03175162523984909,0.08573489636182785,-0.0035703517496585846,0.014121274463832378,-0.0262034609913826,-0.10291428864002228,0.25512921810150146,-0.0025656581856310368,0.013476716354489326,-0.12691952288150787,0.04647392779588699,-0.02413586899638176,-0.002068229950964451,-0.012542744167149065,-0.033525753766298294,0.010757586918771265,-0.025343019515275955,-0.03138241916894913,-0.06469931453466415,-0.005732846446335316,0.02688649855554104,0.02125897817313671,-0.002417420968413353,-0.11160072684288024,-0.034989628940820694,-0.02303725853562355,-0.08404475450515747
0.11478174477815628,0.08749227225780487,-0.09806054830551149,-0.04569566249847412,-0.01983899250626564,-0.001382016809657216,0.009088375605642797,0.05478323996067047,-0.010236338712275028,0.06397632509469986,-0.022947557270526883,-0.04428217187523842,-0.05487314984202385,-0.03466351702809334,0.0002285245427628979,0.08312650769948958,0.10562607645988464,-0.01868627406656742,-0.07585608214139937,0.007390681654214859,-0.08604492247104643,0.0010824839118868113,0.008131341077387333,-0.03726606443524361,-0.014877269975841044,-0.020146150141954425,-5.022740151616745e-05,-0.06201516091823578,-0.016688646748661995,-0.022699009627103806,-0.0012443140149116516,-0.037998229265213006,0.0,0.0787646472454071,-0.05968838930130005,-0.04379436001181602,0.03850605338811874,-0.005931326188147068,0.05245327949523926,-0.035088736563920975,-3.4659729863051325e-05,-0.03153069689869881,-0.03863177448511124,0.03580648824572563,-0.002903902903199196,0.010395018383860588,-1.2805175174435133e-05,-0.0461340956389904,-0.0013503592927008867,-0.05924781411886215,0.06351412832736969,-0.04438932240009308,-0.07321387529373169,0.057556599378585815,0.008314463309943676,-0.009293527342379091,-0.1193769797682762,0.04462439566850662,-0.002037674654275179,-0.03773057833313941,-0.012180016376078129,0.0076544079929590225,-0.10975588113069534,0.0012324051931500435,-0.0454309843480587,0.042576204985380166,-0.05146158114075661,0.014198627322912216,0.05569839477539063,-0.03945492580533028,0.044829875230789185,-0.001149368821643293,-0.062009122222661965,0.0656990185379982,-0.04490570724010468,0.0399429127573967,0.05147935450077057,-0.03476881980895996,-2.7429239707998928e-05,0.0792500227689743,-0.006618442479521036,-0.03839060664176941,-0.057101257145404816,-0.03216518461704254,-0.04745456948876381,-0.007402635645121336,-0.08744606375694275,0.0964929461479187,0.05022445321083069,-0.029145561158657077,0.09041456133127213,-0.024781065061688423,-0.06118457391858101,0.012656896375119686,-0.0193601343780756,-0.00728871813043952,0.007475664839148521,0.033167824149131775,-0.037390828132629395,-0.015291988849639893
-0.02842791937291622,0.022731309756636616,-0.05479328706860542,-0.008587852120399475,-0.03980946913361549,-0.039354775100946426,-0.07552161812782286,-0.032685503363609314,-0.009971006773412228,-0.014876937493681908,-0.03221080079674721,-0.06761265546083449,-0.04643908888101578,-0.04777606204152107,0.0009932820685207844,0.02592322789132595,0.04644688218832016,0.10378218442201614,0.08225947618484497,0.000428442406700924,0.09930102527141571,-0.07155732810497284,-0.07340270280838013,-0.0655246302485466,1.4555421330442186e-05,0.03872206434607506,-0.043862439692020416,-0.0006237658089958131,0.02448824234306812,-0.003657355206087232,-0.035861819982528687,-0.04210515320301056,0.0787646472454071,0.0,0.002433899091556668,-0.0338527113199234,-0.03641861304640769,-0.02546251565217972,-0.04682986810803413,0.10025245696306229,0.020566878840327263,0.060765676200389855,-0.0007492491276934744,-0.024142980575561523,0.04523808509111405,-0.03747351095080376,0.00012167373643023892,0.12574526667594907,0.029854228720068928,-0.010700316168367863,-0.05100323632359505,-0.018798325210809708,0.09421856701374053,-0.018148256465792652,0.002318702172487974,0.05086512491106987,-0.06952134519815445,0.07909185439348221,0.009639364667236805,0.03526339679956436,0.0014464084524661303,-0.009483296424150467,0.03567749634385109,-0.04821829497814178,-0.0009139414760284125,8.185773913282901e-05,-0.07888568937778474,-0.06196696683764458,-0.03426411747932434,-0.002114187926054001,-0.1179577186703682,-0.06627031415700912,0.026352398097515103,0.026838038116693497,0.07214204221963881,-0.01832642965018749,-0.002063063206151128,0.01573161594569683,-7.572337199235336e-05,-0.03503338247537613,-0.03871116787195206,0.02467307075858116,-0.08392020314931868,0.07784128189086914,-0.05580660328269005,-0.021429825574159626,0.0664716586470604,-0.016069423407316208,0.002729015424847603,0.003168019000440836,0.0026550625916570425,-0.013452943414449692,-0.07127874344587326,-0.10738099366426468,-0.009441683068871498,-0.027241315692663193,-0.034504879266023636,-0.01447345595806837,-0.02034432627260685,-0.02103283442556858
-0.037025492638349526,0.007839384488761425,0.0408242866396904,-0.02498180605471134,-0.005745997652411461,0.037422619760036475,-0.04718667268753052,0.03005724959075451,-0.07342393696308136,-0.0017724797362461686,0.045497387647628784,-0.10748356580734252,4.722539597423747e-05,-0.054765190929174416,0.03617847338318825,0.021046347916126248,-0.048676565289497375,0.001016752328723669,-0.05731777101755142,-0.001801275764591992,-0.01239219307899475,0.05318404361605644,0.09775084257125854,0.08522571623325349,-0.05632426589727402,0.13989710807800293,0.07659918069839476,-5.095249434816651e-05,-0.09416855126619339,-0.04319238290190697,-0.06533075869083405,-0.0060562011785805225,-0.05968838930130005,0.002433899091556668,0.0,0.04800038784742355,-0.11324193328619005,-0.020972160622477528,-0.0027461363933980465,-0.026115847751498222,0.09281721711158752,-0.09777528047561644,0.03070906735956669,-0.03476078435778618,0.08078014105558395,-0.053922388702631,0.05916545167565346,-0.018965492025017735,0.014704153873026373,-0.09345537424087523,4.645962326321751e-05,-0.04285227507352829,-0.0459679551422596,0.00945738423615694,-0.04383130744099617,-0.004907060880213976,0.0030852712225168943,-0.004918611142784357,-0.013831695541739464,0.00528720673173666,-0.01702006720006466,0.013594050891697407,0.002576094353571534,2.250834040751215e-05,-0.023194219917058945,-0.05518317595124245,0.0011308947578072548,-0.068677619099617,0.03847372159361839,7.393944542855024e-05,0.04029202088713646,-0.04875056818127632,0.10172060132026672,0.022442985326051712,-0.04991796985268593,0.0005709593533538282,0.04814356938004494,-0.039572659879922874,-0.06977050751447678,0.08820842206478119,-0.0017975792288780212,-0.06184747815132141,0.029743198305368423,0.041497793048620224,-0.058744080364704125,-0.02180689387023449,0.05461641028523445,4.209303733659908e-05,-0.09635263681411745,-0.03341001644730568,0.007333541288971903,-0.005510339979082346,-0.010545069351792336,-2.0946339645888656e-05,-0.007648467551916837,0.09086167812347411,-0.07749075442552567,-0.04555792361497879,-0.10068121552467346,0.1329888105392456
-0.04129725322127342,-0.010107919573783875,-0.026609929278492928,0.02661389671266079,-0.06546522676944733,-0.015901679173111916,0.018755551427602768,-0.0012408476322889328,0.0369185209274292,-0.026864098384976387,-0.003949987236410379,0.027316195890307423,-0.015333623625338076,-0.06382645666599274,-0.0027361519169062376,0.025248819962143895,-0.07105033844709396,0.07561273127794266,0.03944550082087517,-0.013489549048244951,0.0002924561267718673,-0.03822308778762817,0.004832975100725889,-0.04893317073583602,-0.005932754371315241,-0.00016146080452017486,0.040645334869623184,-0.050789058208465576,-0.01473250798881054,0.04268035292625427,0.04820290952920914,-0.02886239066720009,-0.04379436001181602,-0.0338527113199234,0.04800038784742355,0.0,0.0588299036026001,0.06445345282554625,-0.058967720717191696,0.011585867963731287,0.0072188121266663074,-0.011150023899972439,-0.058924354612827294,0.009865907020866871,-0.027964724227786064,-0.0269080251455307,0.019384827464818954,-0.05553178861737251,0.013550692237913609,-0.007423294242471456,0.0008002074318937957,-0.020447151735424995,0.016062425449490547,-0.012919121421873568,-0.019208874553442,-0.015348173677921295,-0.07311984896659851,-0.02673269994556904,-0.039730176329612725,-0.023169292137026783,0.02688713930547237,-0.019865045323967934,-0.02813882753252983,-0.009922987781465054,-0.016320040449500084,0.03633240610361099,-0.05017445608973503,-0.017848646268248558,-0.04617596045136452,-0.0406656488776207,0.00010436831507831812,0.026351230219006535,0.001692334422841668,0.052366342395544045,0.0016152034513652325,0.009802911430597304,-0.03648548200726509,-0.03599172085523605,-0.0993550568819046,0.003059623064473272,-0.021096523851156235,0.008263825438916683,0.05216494575142861,0.006253493949770928,-0.05939073115587234,-0.056081801652908325,-0.050907842814922326,-0.07799461483955382,0.09444616734981535,-0.014454012736678123,-0.0036061257123947135,-0.07074268162250519,-0.047827225178480155,0.021588396281003952,-0.024950090795755383,0.0312582403421402,0.03031610138714313,0.009700607508420944,0.01018920075148344,-0.04871168732643128
-0.0523204542696476,-0.013845973648130892,-0.002406808780506253,-0.08363990485668182,0.012399443425238132,-0.007449371740221977,-0.0493444912135601,-0.043182101100683205,-0.04050489142537117,-0.01729026809334755,-0.03175240755081177,0.005663303192704916,0.04406963661313057,-0.026327611878514286,0.02993208542466164,0.012723655439913273,0.007995330728590488,-0.011310881935060024,-0.0548153892159462,-0.001952666440047324,0.057043425738811486,0.020716821774840355,-0.00600471580401063,0.016726141795516014,-0.052005663514137275,-0.05178548023104668,0.0110683748498559,0.04929989203810692,-0.037627074867486954,0.03775311633944512,-0.05058545991778374,-0.007958962582051756,0.03850605338811874,-0.03641861304640769,-0.11324193328619005,0.0588299036026001,0.0,0.0140362661331892,0.01701488345861435,-0.02216844074428081,0.04499492421746253,0.014931407757103443,-0.05047561600804329,-0.061948936432600014,0.01882496103644371,0.007252112496644258,-0.06428752094507217,0.07903619855642319,-0.025472057983279228,-0.023578807711601257,-0.02705108933150768,0.030277207493782043,0.012462453916668892,-0.02881437726318836,-0.022029934450984,-0.06129124388098717,0.06369069963693619,0.025650888681411743,0.03621914237737656,-0.01796218380331993,-0.006174225825816393,0.006545848213136196,-0.025031467899680138,0.010897713713347912,-0.10142487287521362,-0.003764656838029623,-0.007618582341820002,0.04401527345180512,0.004247734788805246,-0.016611481085419655,-0.0499434806406498,-0.03690727800130844,-0.030946020036935806,-0.006049168296158314,-0.0273034293204546,-0.013475868850946426,0.09125715494155885,-0.011180141940712929,0.009235738776624201,0.019834430888295174,-0.03976919129490852,-0.00593533692881465,0.0009889145148918033,0.011678393930196762,-0.010915876366198061,0.06717058271169662,0.06196147575974464,-0.037192158401012414,-0.07933510094881058,-0.020641434937715527,-0.020064566284418103,-0.052206613123416894,-0.0476796105504036,0.0019487581448629496,-0.03170665726065636,0.00228562275879085,-0.08980581164360046,-0.05904899165034294,-0.007682951167225837,0.025035498663783077
0.13724476099014282,-0.06071965396404266,-0.0010782955214381216,0.07356223464012147,-0.0010034519946202636,0.024963527917861935,-0.09706731885671616,0.005507410503923893,-0.00583631731569767,-0.03632581233978272,-0.004052054136991501,0.039948541671037674,-0.02332494407892227,-0.0092987772077322,-0.060878869146108634,0.07088891416788101,-0.0022201950196176767,-0.01701395213603973,0.002589503303170204,0.0167696513235569,-0.0020530924666672945,-0.04635049030184746,0.009955998510122301,0.0027947216294705868,-0.0006164567312225699,-0.04215949028730392,-0.0015296307392418385,-0.02280077524483204,-0.03177730739116669,0.0394945703446865,-0.07526680082082748,0.06082446500658989,-0.005931326188147068,-0.02546251565217972,-0.020972160622477528,0.06445345282554625,0.0140362661331892,0.0,0.014877954497933388,0.02774574793875217,0.06102417781949043,0.03648945689201354,0.09651923179626463,0.05620387941598892,0.02748381532728672,0.0025785162579268217,-0.11377669870853424,-0.11918412894010544,-0.06562741100788116,-0.019015438854694366,-0.07237406820058823,0.0031744828447699542,0.06991192698478699,-0.011700309813022612,-0.041443545371294015,0.026843653991818428,-0.09867823123931885,-0.003048783168196678,0.090371273458004,-0.08454791456460951,-0.02351589128375053,0.014771252870559692,0.0012454355601221323,-0.02911140397191048,0.08529245108366013,-0.011604968458414076,-0.043222419917583466,-0.05689777433872223,0.005097166169434786,0.025670072063803673,-0.06420546770095825,-0.09115687757730483,0.02592881396412849,-0.035389725118875504,-0.07049625366926193,0.031727567315101624,0.00909501500427723,-0.0942910388112068,-0.015501924790441988,0.05496857687830925,0.0372987799346447,-0.03653551265597344,3.548274617060088e-05,-0.036357369273900986,0.10775815695524216,0.05572881922125816,0.032892875373363495,-0.014493139460682867,-0.036216311156749725,-0.023690547794103622,-0.03695802390575409,0.08727345615625381,-0.06191590800881386,-0.08513994514942169,-0.007485291920602322,-0.04755738750100136,0.0478050373494625,-0.10413238406181335,9.368442988488825e-05,0.004133662208914757
-0.09480324387550354,-0.04103429615497589,0.00573578430339694,0.031283166259527206,-0.008111728355288506,-0.03257310017943382,0.04316497594118118,-0.05205295979976655,0.027813851833343502,-0.008535138331353664,-0.03372763469815254,-0.041531465947628014,0.05041354522109032,0.026850080117583275,0.049927808344364166,-0.017472004517912865,0.024018784984946247,-0.015543135814368725,0.003998747561126947,0.003081145463511348,-0.023359436541795727,-0.007925138808786869,0.039489272981882095,-0.06229867786169052,0.012380009517073631,0.0568644143640995,-0.07452336698770523,-0.04632657766342163,-0.08143916726112364,-0.04024878516793251,-0.0159471295773983,-0.01721264235675335,0.05245327949523926,-0.04682986810803413,-0.0027461363933980465,-0.058967720717191696,0.01701488345861435,0.014877954497933388,0.0,0.10818540304899216,-0.02197732776403427,-0.030720584094524384,-0.010883273556828499,0.009624293074011801,0.01444245409220457,0.06752714514732361,0.03932419791817665,-0.02080471813678741,0.04862220212817192,0.030043350532650948,0.025442197918891903,-0.008778709918260574,-0.0740484744310379,-0.03114357031881809,-0.0573805496096611,-0.011967561207711697,0.08147197961807251,-0.02420726791024208,0.012594914995133877,-0.05213182419538498,0.02135897055268288,-0.039622005075216286,-0.022436138242483136,-0.023163169622421265,0.01750139333307743,0.0037265950813889503,-0.04472541064023972,0.0041944137774407855,-0.0503334179520607,-0.007093739695847034,-0.04026594758033752,-0.04469803720712662,0.035748910158872604,-0.01823395863175392,-0.05015416815876961,0.011176029220223427,-0.08695995062589645,-0.08172592520713806,0.01075144112110138,-0.008779588155448435,0.03740254044532776,-0.005635352339595556,-0.007092154119163752,0.030233114957809448,-0.0018840667326003315,-0.030073529109358788,0.037879496812820435,-0.02790309116244316,0.07376759499311446,0.06112450733780861,-0.012221021577715872,-0.04410223662853241,-0.03328384831547737,-0.08684752881526947,0.028969239443540573,0.022035159170627597,-0.016105132177472115,-0.06863865256309509,-0.029651962220668793,-0.0852103680372238
-0.04502986744046211,-0.0007451631245203315,-0.02423517219722271,-0.05579680949449539,-0.01646412722766399,0.06519410759210587,-0.04048217460513114,0.06371377408504486,-0.06638164818286896,0.02788790501654148,0.04877586290240288,0.0029649592470377684,-0.0026593294460326438,-0.011718766763806345,-0.054888322949409485,0.04090271145105362,-0.11243923753499983,-0.0066359229385852805,-0.008232632651925089,-0.022115418687462807,-0.003310362808406353,-0.012416440062224863,-0.068352110683918,0.028495071455836296,0.029551006853580475,-0.0577121302485466,-0.05518250539898872,0.03274185582995415,0.037728551775217056,0.005415016319602728,-0.01412956230342388,6.233093881746754e-05,-0.035088736563920975,0.10025245696306229,-0.026115847751498222,0.011585867963731287,-0.02216844074428081,0.02774574793875217,0.10818540304899216,0.0,0.02415899373590946,-0.02534807100892067,-0.00506472447887063,-0.11086735129356384,0.0069092935882508755,-0.020891979336738583,-0.016987623646855354,-0.06069716811180115,-0.013189950957894324,-0.05716222524642944,0.017604433000087738,-0.004102339502424002,0.015113097615540028,0.003296125214546919,0.05576205998659134,-0.07026304304599762,-0.0766332745552063,-0.044277779757976525,-0.07357634603977203,-0.0014559612609446049,-0.09628558158874512,0.005844069644808769,0.003765702480450273,0.013894911855459212,-0.03020351752638817,-0.06905685365200043,0.029285470023751255,0.029416872188448902,0.018808502703905106,-0.007958706468343735,0.015985822305083275,0.06667162477970123,-0.0604366846382618,-0.01470369379967451,0.008831332437694073,0.010173963382840157,0.017533456906676292,0.01711970567703247,-0.026487411931157112,0.018347982317209244,-0.06717204302549362,-0.03208407387137413,0.005792091600596905,-0.14357587695121765,0.005242994986474514,0.062206022441387177,-0.022665120661258698,-0.03583221510052681,-0.015384161844849586,-0.04350060224533081,-0.06192876771092415,0.014120759442448616,0.07040746510028839,0.02558968216180801,-0.014238519594073296,0.0859668180346489,-0.0043793576769530764,0.054862756282091134,-0.005219243932515383,-0.010350724682211876
0.011849947273731232,0.09343717247247697,-0.04397929459810257,-0.026369070634245872,0.0012442955048754811,0.030735932290554047,0.0016335844993591309,-0.0628402978181839,-0.030601968988776207,0.07518982887268065,-0.06751954555511475,-0.012725471518933771,0.008738979697227478,0.10845258086919785,-0.1226675882935524,-0.053921982645988464,-0.015025341883301733,0.06217635422945023,-0.06389747560024261,-0.03767465800046921,-0.01446012407541275,-0.08055610209703445,-0.028297780081629757,-0.0010107657872140408,-0.07047077268362045,-0.017956817522644997,-0.021977689117193226,0.0014435650082305072,-0.0006577401654794812,0.01209769956767559,0.0055230772122740746,-0.004684265237301588,-3.4659729863051325e-05,0.020566878840327263,0.09281721711158752,0.0072188121266663074,0.04499492421746253,0.06102417781949043,-0.02197732776403427,0.02415899373590946,0.0,-0.04124165326356888,0.05602988600730896,-0.05003411322832108,-0.04329526796936989,0.003579521318897605,-0.03048519790172577,0.0009015841642394661,-0.04372632130980492,0.11532530933618544,-0.002141039120033384,-0.05245998501777649,-0.044693809002637856,0.01001556310802698,-0.059292633086442954,0.08490676432847977,0.02230987884104252,0.008766451850533485,0.008553188294172289,-0.02047175355255604,0.03544221073389053,-0.049220055341720574,0.039184056222438805,-0.03532163426280022,-0.03017856925725937,0.03870488703250885,0.027878617867827412,-0.04304337501525879,0.041685007512569434,-0.08557718992233276,0.018213508650660515,-0.04834644496440888,-0.05295638367533684,-0.027799470350146294,-2.806739212246612e-05,0.03527441248297691,0.00616971030831337,-0.037200070917606354,-0.08438732475042342,-0.035208601504564285,-0.029714904725551605,-0.0015259708743542433,3.3894841180881485e-05,0.02910987474024296,0.003915952052921057,-0.0013929589185863731,-0.0483129732310772,0.03128083050251007,-0.06697912514209747,0.013612478971481323,-0.04137659817934036,-0.0740649551153183,0.0388474315404892,0.04744218662381172,-0.11205407232046127,-0.0017687033396214247,0.0740087330341339,-0.05177778750658035,0.003329094965010881,-0.0604279451072216
-0.010649130679666996,-0.047142956405878074,0.0021911512594670057,0.004383126739412545,-0.0001196167359012179,0.026994951069355008,0.01142541691660881,-0.028013695031404492,-0.05128290876746178,-0.047738924622535706,0.029161930084228516,-0.10126483440399169,-0.021625347435474396,0.022566143423318863,-0.02435619756579399,-0.051511142402887344,0.004540143534541129,-0.016660241410136223,-0.0006814887747168541,-0.016380108892917633,-0.062412768602371216,0.03542112186551094,-0.0011566437315195799,0.022365789860486984,0.04908935725688934,0.06018391251564026,0.013113870285451412,-0.12664932012557983,-0.04523816704750061,0.002082222374156117,0.05815451219677925,-0.08150357753038406,-0.03153069689869881,0.060765676200389855,-0.09777528047561644,-0.011150023899972439,0.014931407757103443,0.03648945689201354,-0.030720584094524384,-0.02534807100892067,-0.04124165326356888,0.0,0.11086507141590118,-0.016250791028141975,-0.009055517613887785,-0.04050709679722785,-0.030277714133262634,0.02719889767467976,0.021232904866337776,0.02603529766201973,0.004899719264358281,0.11275689303874968,-0.07416292279958725,-0.04155024513602257,-0.06452103704214096,-0.011813338845968246,-0.005863724742084742,0.02136101573705673,0.018053820356726646,-0.022302672266960144,-0.07200242578983307,-0.03233790770173073,-0.017522864043712616,0.006947712041437626,-0.014956479892134666,-0.0004916947800666094,0.017363591119647026,-0.017149504274129868,0.033457040786743164,-0.03307957574725151,0.0111180217936635,-0.04072688519954681,-0.043265704065561295,-0.03517848998308182,0.03397020325064659,-0.05230022966861725,-0.03678182512521744,-0.004860852379351854,-0.0663587898015976,0.07320544868707658,0.024182137101888657,-0.05572036653757095,-0.030414476990699768,0.04933009296655655,0.019178356975317,0.019406497478485107,-0.03056860901415348,0.023596152663230896,0.05043156817555428,-0.004214891698211432,-0.05961409211158752,-0.0014988090842962265,0.03575669229030609,0.08639725297689436,-0.04789291322231293,0.0982845276594162,-0.04136506840586662,-0.020775128155946728,-0.04450672492384911,-0.05090882256627082
0.027761008590459824,-0.0066491286270320415,-0.037030499428510666,-0.05332961305975913,-0.006612860132008791,-0.108227401971817,0.027666835114359852,-0.020371083170175552,0.10302138328552246,-0.008212916553020477,-0.05692055076360703,0.08825994282960892,-0.059376291930675514,-0.08083234727382661,0.0029941636603325605,-0.053400132805109024,0.024646908044815063,-0.06702949851751328,-0.11008494347333908,0.03971729800105095,0.047186478972435,0.04900608956813812,-0.002336848294362426,-0.0045236749574542046,-0.04907570034265518,0.03470182791352272,-0.04945560544729233,0.02366269566118717,-0.03190134838223457,0.06966613978147507,-0.018673647195100784,-0.008621752262115479,-0.03863177448511124,-0.0007492491276934744,0.03070906735956669,-0.058924354612827294,-0.05047561600804329,0.09651923179626463,-0.010883273556828499,-0.00506472447887063,0.05602988600730896,0.11086507141590118,0.0,-0.03703531250357628,0.045531533658504486,0.0745341032743454,0.12522053718566895,-0.033496107906103134,-0.0023993479553610086,-0.02091468684375286,-0.08286102116107939,-0.01786472275853157,0.012898460030555723,0.009814674966037272,0.06405653059482574,-0.0807981640100479,0.0007509634597226977,-0.05965065956115723,-0.06469202786684036,-0.0017413722816854715,0.017958728596568108,0.04696133732795715,-0.061031978577375405,0.019202450290322304,-0.015286657027900217,0.04670420289039612,0.003485966008156538,0.027202457189559937,0.024603815749287605,0.02590400166809559,-0.08954267203807831,-0.021818192675709724,-6.002802365401294e-06,-0.025999577715992928,-0.004545742180198431,-0.04798625409603119,-0.0028193381149321795,0.009208176285028456,0.026660516858100888,-0.03055271506309509,-0.05688873678445816,-0.015365741215646265,0.025914344936609268,-0.0001873513392638415,-0.09004673361778259,-0.06267011910676956,-0.04551730677485465,-0.06260102242231369,0.0064166695810854435,-0.016775093972682953,0.04359152913093567,-0.01974867284297943,-0.009808877483010292,0.0027346338611096144,0.07022804021835327,-0.060822151601314545,-0.06706539541482925,2.8847776775364764e-05,0.05371503904461861,-0.049221720546483994
-0.0011809514835476875,-0.014291388913989069,-0.03365271165966988,-0.04530040547251701,0.009822092950344084,0.05674228817224503,-0.020568422973155972,0.0004677840042859316,-0.023140216246247288,0.08617684245109558,-0.05196947604417801,0.003423580434173345,-0.009937395341694355,-0.017393862828612328,0.011131348088383675,0.013336277566850184,0.07292379438877106,-0.00416432972997427,-0.00712544983252883,-0.020210960879921917,0.007287134416401385,-0.04576551169157028,-0.022876197472214695,-0.025628728792071342,-0.049045391380786896,0.03967338427901268,-0.09927566349506378,0.10244837403297424,0.024732422083616257,-0.008786012418568134,-0.06654434651136398,0.011929173953831196,0.03580648824572563,-0.024142980575561523,-0.03476078435778618,0.009865907020866871,-0.061948936432600014,0.05620387941598892,0.009624293074011801,-0.11086735129356384,-0.05003411322832108,-0.016250791028141975,-0.03703531250357628,0.0,0.04847000911831856,-0.029266798868775368,0.06257322430610657,0.041467789560556405,-0.04143686965107918,0.04088972508907318,-0.025800034403800964,0.013512173667550085,0.011943509802222252,-0.01811339519917965,0.006498861126601696,-0.0852242112159729,-0.009888499975204468,0.0008738036849536002,-0.06893652677536011,0.04411541670560837,-0.06587647646665573,0.031196087598800656,0.01089754793792963,0.020269079133868217,-0.019864199683070183,-0.10411033034324646,0.013843619264662264,-0.02493602782487869,0.013182834722101688,-0.05613769218325615,-0.0006213816232047975,-0.023633141070604324,-0.02548914216458797,0.007864387705922127,-0.026799511164426804,-0.04583434760570526,-0.04959192872047424,0.002502468414604664,0.0265730582177639,-0.05245313420891762,-0.02484385296702385,0.012381112203001976,-0.008252937346696854,-0.04881938546895981,-0.044741440564394,0.022761294618248936,0.019272176548838612,-0.00716098491102457,-0.004903924185782671,0.03311792016029358,-0.09549911320209505,0.02411499433219433,0.03286019712686539,-0.008316116407513617,-0.011765876784920692,0.12769901752471924,-0.04712794348597527,-0.02541513741016388,-0.002148228697478771,-0.06280198693275452
-0.05451731756329536,0.07439620047807693,0.00011561748397070915,-0.041199859231710434,-0.05291127413511276,-0.046352073550224304,-0.0311094019562006,-0.05155709013342857,-0.013542518950998785,-0.055205181241035454,0.015613826923072338,-0.05247851833701134,-0.06200794130563736,-0.0017861323431134224,-0.02126536890864372,-0.0033947739284485574,-0.005533238872885704,-0.04381182789802551,0.046698156744241714,0.01910026744008064,-0.14636074006557465,0.017641544342041016,0.002349978080019355,0.0106932632625103,0.012313481420278547,-0.05985414609313011,0.00402908818796277,-0.058110084384679794,0.0017901089740917087,-0.02386326715350151,-0.013112827204167843,0.03614623472094536,-0.002903902903199196,0.04523808509111405,0.08078014105558395,-0.027964724227786064,0.01882496103644371,0.02748381532728672,0.01444245409220457,0.0069092935882508755,-0.04329526796936989,-0.009055517613887785,0.045531533658504486,0.04847000911831856,0.0,0.041442014276981354,-0.08070906996726988,0.0593549944460392,-0.03880536556243896,-0.045586369931697845,-0.010949723422527311,-0.010916844941675661,-0.013622635044157503,0.01912536285817623,-0.005281653255224228,-0.005153995472937822,0.009292024187743664,0.019905792549252514,-0.017562899738550186,-0.07628276199102402,0.03208472952246665,-0.007036719005554914,-0.018019163981080052,0.006216902751475573,-0.0009829141199588776,-0.011151242069900036,-0.017710601910948753,0.03882011771202088,-0.09222287684679031,-0.08427727967500687,0.10924239456653594,0.016319599002599716,-0.06835021823644638,0.010172292590141296,0.06303384900093079,0.0070300200022757045,0.03399517759680748,0.018582846969366077,0.005096819251775742,-0.06885821372270584,-0.0843963176012039,0.03505057096481323,0.009242621250450611,0.0007402905030176044,0.05171100422739983,-0.017344828695058823,-0.006388319656252861,-0.011385642923414707,0.0034538202453404665,0.0017518809763714671,-0.052912075072526925,-0.01724310033023357,-0.03660154715180397,0.010160189121961592,-0.09750773012638093,-0.04066642746329308,-0.006068359594792128,-0.09327775985002515,0.0712490975856781,0.01892453245818615
-0.011735417880117891,-0.008659109473228455,-0.04301940277218819,-0.07112521678209305,0.02061288245022297,0.03699861094355583,0.018321465700864792,0.01619754172861576,-0.053228821605443954,0.003672403516247869,0.023991463705897328,-0.06306296586990356,-0.02535662800073624,0.037768010050058365,0.04634234309196472,0.0039813038893044,-0.06952349096536636,-0.026484040543437004,0.030785232782363888,-0.004837760236114264,0.005951286293566226,-0.0001674712693784386,-4.539752808341291e-06,-0.05290120467543601,-0.0848725810647011,-0.08237845450639725,0.13600954413414,0.05269427597522736,-0.05150352418422698,0.01781138591468334,0.0593668594956398,0.050568945705890656,0.010395018383860588,-0.03747351095080376,-0.053922388702631,-0.0269080251455307,0.007252112496644258,0.0025785162579268217,0.06752714514732361,-0.020891979336738583,0.003579521318897605,-0.04050709679722785,0.0745341032743454,-0.029266798868775368,0.041442014276981354,0.0,0.03498603776097298,0.06794993579387665,-0.04634401574730873,0.00011459903907962143,-0.08559656888246536,0.04594263806939125,0.0005834452458657324,-0.02811010740697384,-0.06601259112358093,-0.05961931496858597,-0.018931157886981964,0.052921805530786514,-0.06355388462543488,0.07826486974954605,-0.03087085671722889,-0.010765585117042065,-0.03201114758849144,-0.0598171167075634,0.034884776920080185,-0.054357413202524185,-0.07559811323881149,-0.024591341614723206,-0.029567776247859,0.037969425320625305,-0.06332534551620483,-0.02969370782375336,-0.008773872628808022,0.09254907071590424,0.10008333623409273,-0.026911083608865734,-0.04015177488327026,-0.08291514217853546,-0.03203786537051201,-0.05887145176529884,0.07918263226747514,-0.0010330381337553263,-0.1028706207871437,0.05683235451579094,-0.019758891314268112,0.03758826851844788,-0.09724956750869752,-0.021483721211552616,-0.034657109528779984,-0.11384540796279909,0.02321199141442776,-0.002954369643703103,-0.02231526561081409,0.03914801403880119,-0.034477077424526215,0.008587378077208996,0.1689455211162567,0.01858595758676529,0.050905492156744,0.01597538590431213
0.030641347169876095,-0.04675084352493286,-0.0012524842750281096,0.05104827135801315,-0.0534697063267231,0.016031792387366295,-0.06594089418649673,-0.005943345837295055,-0.028289472684264183,-0.048898186534643166,0.009231671690940857,0.04990598186850548,0.020972160622477528,0.009893320500850676,0.08066900819540022,0.0010988290887326002,0.011060094460844992,-1.2399778825056272e-05,-0.002108515705913305,-0.011020774021744728,-0.027123788371682167,0.00301858177408576,-0.05962544679641724,-0.04124682769179344,0.041451431810855865,-0.1537695676088333,0.01665044203400612,-0.04652201756834984,0.05092816427350044,-0.002736278809607029,0.007372207008302211,-0.0644417256116867,-1.2805175174435133e-05,0.00012167373643023892,0.05916545167565346,0.019384827464818954,-0.06428752094507217,-0.11377669870853424,0.03932419791817665,-0.016987623646855354,-0.03048519790172577,-0.030277714133262634,0.12522053718566895,0.06257322430610657,-0.08070906996726988,0.03498603776097298,0.0,0.01690722070634365,-0.03566750138998032,0.016556469723582268,-0.03710533306002617,-0.0023041071835905318,0.027411954477429386,-0.04963759332895279,-0.026126634329557415,0.0022190054878592487,0.016583764925599098,-0.020831149071455,0.05196681618690491,0.020175399258732796,-0.012848859652876852,-0.05804166942834854,0.01810581423342228,0.009609385393559933,-0.1346762478351593,-0.10438000410795212,-0.011335209943354128,0.04403511807322502,-3.4035318094538525e-05,-0.05891833454370499,0.02284347638487816,0.04424184933304787,-0.0291507076472044,0.03388788923621178,-0.11252535134553908,-0.06721571087837219,0.04630670323967934,0.05022628232836723,0.023609157651662823,0.02505243383347988,0.014220119453966616,0.017633814364671707,-0.029571248218417168,-0.04266587272286415,0.08583585172891615,0.017741430550813675,0.04362563043832778,0.015269047580659388,-0.01909337192773819,-0.011493876576423643,-0.023315293714404103,-0.004092904273420572,-0.09813398122787476,0.029022974893450737,-0.024820389226078987,-0.06527525931596756,-0.07236598432064056,0.00016192141629289836,-0.020713467150926586,-0.0378686897456646
-0.004439563490450382,-0.04296840727329254,-0.015993673354387283,0.06070108339190483,-0.03467826545238495,0.05711681768298149,0.0005397070781327784,0.05273251608014106,-0.05303673446178436,-0.00937158055603504,0.041102476418018334,0.06035670265555382,-0.03284212201833725,-0.0876205191016197,0.045505572110414505,-0.052926070988178246,-0.07472296804189682,0.06654353439807892,-0.08111666887998581,0.03249401226639748,-0.035080473870038986,0.004279217217117548,4.500032446230762e-06,-0.005826207343488932,0.026160744950175285,0.011264960281550884,0.014929724857211111,0.02484268881380558,-0.052872076630592346,-0.02111225575208664,-0.07480465620756149,0.11190884560346603,-0.0461340956389904,0.12574526667594907,-0.018965492025017735,-0.05553178861737251,0.07903619855642319,-0.11918412894010544,-0.02080471813678741,-0.06069716811180115,0.0009015841642394661,0.02719889767467976,-0.033496107906103134,0.041467789560556405,0.0593549944460392,0.06794993579387665,0.01690722070634365,0.0,0.018899934366345406,0.007796139456331732,-0.01343438308686018,-0.018968861550092697,-0.05650738254189491,-0.003890552325174213,-0.024388013407588005,0.0555620975792408,-0.022633468732237812,-0.07654312252998352,-0.033354811370372765,-0.10716985166072844,0.055461719632148736,0.021488841623067852,-0.01839819736778736,-0.01774488389492035,0.06711648404598236,0.006850171834230423,0.004549972247332335,-0.021669961512088772,0.000733360939193517,-0.034664276987314224,-0.013183530420064926,-0.010298392735421656,0.0016718991100788116,-0.046725738793611526,-0.0875774696469307,-0.026031753048300743,-0.10267926007509232,-0.06042349711060524,0.001560071832500398,-0.015848200768232346,0.0008727021049708128,-0.0639096051454544,-4.670473208534531e-05,-0.052560314536094666,0.0213603638112545,-0.02723686583340168,1.2674679965130052e-05,-0.04830881580710411,-0.02352892793715,0.036732207983732224,0.035350196063518524,-0.010301498696208,0.04071446880698204,0.0012816594680771232,-0.009667885489761828,-0.020809605717659,0.02191809192299843,0.18189041316509247,-0.04192999377846718,-0.07326287031173706
0.06228272616863251,-0.04119151458144188,0.010269386693835258,-0.001975575927644968,-0.0030372811015695333,-0.015997180715203285,-0.042755939066410065,-0.0012458801502361891,0.021324975416064262,-0.020575791597366333,-0.029194818809628487,0.025152338668704033,-0.06891334801912308,0.02246670052409172,-0.03642125055193901,-0.001742872642353177,0.04447726160287857,-0.09346579015254974,-0.030007209628820416,0.010575996711850166,-0.0785464346408844,-0.01732916571199894,-0.02134000696241856,0.029322195798158646,-0.05526820570230484,-0.03828964754939079,0.01992849074304104,0.09623802453279497,0.01518354658037424,-0.040624000132083886,-0.06355789303779602,0.01335738692432642,-0.0013503592927008867,0.029854228720068928,0.014704153873026373,0.013550692237913609,-0.025472057983279228,-0.06562741100788116,0.04862220212817192,-0.013189950957894324,-0.04372632130980492,0.021232904866337776,-0.0023993479553610086,-0.04143686965107918,-0.03880536556243896,-0.04634401574730873,-0.03566750138998032,0.018899934366345406,0.0,0.03597969561815262,-0.025719745084643364,0.0004581157409120351,-0.030129237100481987,0.02019760012626648,-0.031637560576200485,-0.03202737495303153,-0.010247004218399525,-0.01908380351960659,-0.01599363423883915,-0.003393930848687887,-0.002086502267047763,0.021139414981007573,-0.03674473986029625,-0.00465916283428669,-0.007855072617530823,-0.03112613409757614,0.011459127068519592,-0.006366847082972527,-0.042348936200141914,-0.0018435131059959529,0.03144952654838562,0.023568581789731976,0.034208402037620544,-0.00026225802139379084,-0.02500995621085167,-0.06923405081033707,-0.015000274404883385,0.010390624403953552,0.02648717723786831,-0.05167116597294808,-0.0064330752938985825,0.0007332094246521592,-0.04438096284866333,-0.0017048149602487683,-0.003180023282766342,-0.03460797294974327,-0.00795913767069578,0.005116473417729139,-0.03383040428161621,-0.004643900785595179,-0.03178602457046509,0.0486384890973568,-0.030964089557528492,0.009645082056522368,-0.021821901202201843,0.01052932720631361,0.0012529512168839572,-0.04485591500997543,0.02740082144737244,-0.02192116156220436
-0.011651841923594475,-0.030184917151927948,0.051831379532814026,0.006330959498882294,-0.012903805822134016,-0.05281475931406021,0.03837528824806213,0.011970226652920246,-0.007497685495764018,-0.05261671170592308,0.009756788611412048,-0.03996875509619713,-0.01401761919260025,-0.061127133667469025,0.00481865368783474,-0.05866852402687073,-0.04277594015002251,0.000791900383774191,0.07716377824544905,-0.071778304874897,0.01350273098796606,0.014038692228496075,-0.035385612398386,0.04620658978819847,-0.0014229400549083948,0.05118679627776146,-0.05999777466058731,-0.09368180483579636,-0.01373220793902874,-0.05878634005784989,0.00839027017354965,0.0859631597995758,-0.05924781411886215,-0.010700316168367863,-0.09345537424087523,-0.007423294242471456,-0.023578807711601257,-0.019015438854694366,0.030043350532650948,-0.05716222524642944,0.11532530933618544,0.02603529766201973,-0.02091468684375286,0.04088972508907318,-0.045586369931697845,0.00011459903907962143,0.016556469723582268,0.007796139456331732,0.03597969561815262,0.0,-0.023996708914637566,-0.009273944422602654,0.027818188071250916,-0.029127227142453197,0.026230219751596447,-0.09046512097120285,-0.016426701098680496,-0.03246119245886803,-0.013973217457532883,0.042421437799930566,-0.03119567595422268,0.0023734462447464466,-0.015196110121905804,-0.011079190298914908,-0.013217625208199024,-0.007374225649982691,-0.046667587012052536,0.0013077444164082408,0.004118218552321196,-0.05138769000768661,0.04842321574687958,0.0676458477973938,-0.0025231156032532454,-0.006319260224699974,-0.07293527573347092,0.025140561163425446,0.0024761445820331573,0.013632363639771938,0.09237384796142578,-0.046959757804870605,-0.03623973950743675,0.021768033504486084,-0.011342289857566357,-0.0979677215218544,-0.016021769493818283,-0.032724834978580475,-0.08792845904827118,0.06806541979312897,0.0522136390209198,-0.04090949147939681,0.007530561648309232,-0.0012988076778128743,-0.042288836091756814,-0.11109860241413116,0.05249201506376266,-0.05906175449490547,-0.013326735235750675,0.01329228188842535,-0.064140684902668,0.1930173337459564
0.10187695175409316,0.053330816328525536,-0.045779112726449966,-0.036372855305671685,-0.01888401620090008,-0.028405236080288887,-0.02018979750573635,-0.01364413183182478,0.0011614530812948942,-0.004028203897178173,0.014553957618772984,-0.0018168328097090125,-0.035183653235435486,0.0012002178700640795,-0.022977910935878757,-0.09446263313293456,-0.123305082321167,0.036611806601285934,2.7611389668891206e-05,0.022380560636520382,0.09324409067630768,0.1090600937604904,0.05885858461260796,0.04631721973419189,-0.07223358005285263,-0.011210428550839424,-0.003961191978305577,1.4808588275627699e-05,-0.08691994845867157,0.06725002825260161,0.011851056478917599,0.005033195018768311,0.06351412832736969,-0.05100323632359505,4.645962326321751e-05,0.0008002074318937957,-0.02705108933150768,-0.07237406820058823,0.025442197918891903,0.017604433000087738,-0.002141039120033384,0.004899719264358281,-0.08286102116107939,-0.025800034403800964,-0.010949723422527311,-0.08559656888246536,-0.03710533306002617,-0.01343438308686018,-0.025719745084643364,-0.023996708914637566,0.0,-0.0016960466746240854,0.09875230491161345,-0.028632845729589462,0.013909686356782911,-0.01722530648112297,-0.003906029043719173,-0.0226411335170269,-0.02245382964611053,0.053802113980054855,0.0009953422704711554,0.009037804789841177,0.06998294591903687,-0.010157107375562193,-0.02834134921431541,-0.04917430877685546,-0.003046096069738269,0.01753137074410915,0.04732857644557953,-0.10666356980800629,-0.06836148351430893,-0.07555736601352692,-0.05116789415478706,0.002259166212752461,-0.07662639021873474,-0.031874869018793106,-0.07590818405151366,0.030327966436743736,0.01930530555546284,0.04051228612661362,-0.0020495469216257334,0.06018099188804626,-0.013462115079164503,0.02350694872438908,0.12328255176544188,-0.10948213189840315,-0.04434532672166824,-0.03473638743162155,0.010234056040644644,-0.04441600665450096,-0.033758826553821564,0.01620687171816826,-0.04398429021239281,0.05938037112355232,0.03429839387536049,-0.03329344466328621,0.0105314115062356,-0.06448829174041748,0.04870706051588058,-0.041039206087589264
-0.07826659828424452,0.16098912060260773,-0.06583463400602341,-0.0053271702490746975,-0.07163895666599274,-0.02462267689406872,-0.0037130531854927535,0.05123051255941391,0.011445005424320696,0.0626525729894638,-0.049876760691404336,-0.0368066020309925,0.02449989691376686,0.016166960820555687,0.006462290417402984,-3.820502570306417e-06,-0.07191043347120285,-0.023820627480745316,-0.036353550851345055,-0.0462806448340416,-0.036704685539007194,-0.07984146475791931,0.12478640675544737,-0.0287274532020092,-0.06869235634803772,-0.02492331154644489,0.004161606077104807,0.036703392863273614,0.03593173623085021,-0.06998087465763092,-0.0017330896807834506,-0.035781022161245346,-0.04438932240009308,-0.018798325210809708,-0.04285227507352829,-0.020447151735424995,0.030277207493782043,0.0031744828447699542,-0.008778709918260574,-0.004102339502424002,-0.05245998501777649,0.11275689303874968,-0.01786472275853157,0.013512173667550085,-0.010916844941675661,0.04594263806939125,-0.0023041071835905318,-0.018968861550092697,0.0004581157409120351,-0.009273944422602654,-0.0016960466746240854,0.0,0.04309883713722229,0.06966236233711243,0.08088212460279463,0.1269655078649521,-0.04400376975536346,-0.10133376717567444,-0.04097599536180496,0.010890492238104343,-0.002337489277124405,-0.07174266874790192,0.06462232768535614,-0.027658896520733837,-0.04551905766129494,-0.10073586553335188,-0.03733743727207184,-0.015915866941213608,-0.033622544258832925,0.040782205760478966,0.0649866983294487,-0.02010497450828552,0.03851499781012535,0.00386221706867218,-0.03048330172896385,0.05309667438268661,0.019567402079701424,-0.02334760129451752,-0.053218703716993325,-0.0028567996341735125,0.004001254681497812,0.001013070810586214,-0.033789467066526406,-0.03268799930810928,-0.019695298746228215,-0.009699146263301373,0.010434988886117935,-0.0004293167730793357,-0.03668691590428352,-0.05929512903094292,0.04126131907105446,0.004990796092897654,0.006382919382303953,-0.030584653839468956,0.006941327359527349,-0.08673392236232756,-0.025134092196822166,-0.04269896820187569,-0.006221604067832232,-0.016855930909514427
-0.020575881004333496,-0.03519297391176224,-0.02533393912017345,-0.048542264848947525,0.033810246735811234,0.0018294225446879864,0.013198882341384888,-0.01707906275987625,-0.051017146557569504,0.052768349647521966,0.05430785566568375,-0.007091302890330553,0.02769159711897373,0.07009287923574448,-0.02031341753900051,0.042334552854299545,-0.0019651316106319427,-0.05387912318110465,-0.07904893904924391,-0.0026725088246166706,-0.07844166457653044,0.07266850024461746,-0.07404193282127379,-0.11308906972408295,0.009883978404104708,-0.0619235448539257,-0.010093159973621368,-0.030252521857619286,-0.03443862125277519,-0.0679747462272644,-0.04966186359524727,-0.012388781644403934,-0.07321387529373169,0.09421856701374053,-0.0459679551422596,0.016062425449490547,0.012462453916668892,0.06991192698478699,-0.0740484744310379,0.015113097615540028,-0.044693809002637856,-0.07416292279958725,0.012898460030555723,0.011943509802222252,-0.013622635044157503,0.0005834452458657324,0.027411954477429386,-0.05650738254189491,-0.030129237100481987,0.027818188071250916,0.09875230491161345,0.04309883713722229,0.0,0.003532593371346593,-0.06204279512166977,-0.013566704466938972,0.03730260580778121,0.033857908099889755,-0.04840648174285889,-0.0526781864464283,0.048093218356370926,-0.03545256331562996,-0.05459817871451378,-0.0141444718465209,0.017753614112734795,0.0065055107697844505,0.010865632444620132,-0.00830224808305502,0.010048598051071165,0.01890954561531544,-0.0018606086960062385,-0.00426464295014739,0.03270014002919197,-0.006928349379450083,0.0009644326637499033,0.009733767248690128,-0.014646204188466072,0.026565779000520703,-0.0003330052422825247,0.001388929202221334,-0.017201315611600876,-0.027208078652620316,0.005174364428967237,0.03874009475111961,-0.015536458231508732,-0.08809219300746916,-0.049372196197509766,0.01639900915324688,-0.07035895437002182,0.042368579655885696,0.01914334110915661,-0.07190241664648056,-0.006595979444682598,-0.031749602407217026,-0.020934466272592545,0.014942196197807789,0.017814036458730698,-0.02110418863594532,-0.02159823849797249,-0.00869232602417469
-0.06504222005605698,-0.0658949464559555,-0.016466520726680756,-0.010310667566955088,0.009590044617652893,0.024928009137511253,0.01861420087516308,-0.0377570204436779,-0.035598669201135635,-0.04045092314481735,-0.029597029089927677,0.012347426265478134,-0.010864333249628544,-0.014956405386328695,0.040363792330026634,-0.06420785188674927,0.036276765167713165,0.027275066822767258,0.0032231709919869895,-0.028182443231344223,0.027773382142186165,-0.03123008646070957,-0.0323486253619194,-0.030687278136610985,0.009433778002858162,-0.02308274619281292,-0.03575480729341507,-0.058260943740606315,-0.01641954481601715,0.03973088786005974,0.03597872704267502,0.02439776994287968,0.057556599378585815,-0.018148256465792652,0.00945738423615694,-0.012919121421873568,-0.02881437726318836,-0.011700309813022612,-0.03114357031881809,0.003296125214546919,0.01001556310802698,-0.04155024513602257,0.009814674966037272,-0.01811339519917965,0.01912536285817623,-0.02811010740697384,-0.04963759332895279,-0.003890552325174213,0.02019760012626648,-0.029127227142453197,-0.028632845729589462,0.06966236233711243,0.003532593371346593,0.0,-0.0404263474047184,-0.049528159201145165,0.054109912365674966,-0.014886943623423576,0.01576452888548374,-0.016949588432908058,-0.005778018850833178,-0.0056533459573984155,-0.015557650476694109,-0.005368453916162252,-0.02099403738975525,0.0006374549120664597,-0.036868460476398475,-0.019752198830246925,0.017353907227516174,-0.019168848171830177,-0.05945338308811188,-0.044083356857299805,-0.039181210100650794,-0.00784995872527361,-0.032765310257673264,-0.012805922888219357,-0.005176383536309004,-0.04643061012029648,-0.02382224611938,-0.016480807214975357,0.008071962743997574,-0.007488462142646312,0.007841675542294979,0.01858622394502163,0.04101697355508804,0.04609092324972153,-0.022225782275199887,-0.025749390944838524,0.0011388034326955676,-0.025538254529237747,-0.015087938867509363,-0.03399041295051575,-0.006128810346126556,0.011216621845960615,-0.028390163555741314,-0.0024479711428284645,-0.015738470479846,-0.006953817792236805,-0.02032633312046528,0.006232983432710171
-0.0018061198061332104,-0.09874887019395827,0.04491136595606804,0.02003590203821659,0.0031327330507338047,0.011118373833596706,-0.013562440872192383,-0.04003167897462845,-0.01735282689332962,-0.00677551468834281,-0.01358981803059578,-0.01109688263386488,-0.02209086343646049,0.06467713415622711,-0.037424467504024506,1.1919321877940092e-05,-0.0017880734521895647,0.04090766236186028,-0.03670663014054298,-0.009434872306883337,-0.021974140778183937,0.0026678540743887424,-0.023817071691155437,-0.016670716926455494,-0.021785570308566093,0.02298719435930252,0.03675871342420577,0.027409087866544724,-0.00744273792952299,-0.010281073860824108,-0.029206058010458943,0.03222305700182915,0.008314463309943676,0.002318702172487974,-0.04383130744099617,-0.019208874553442,-0.022029934450984,-0.041443545371294015,-0.0573805496096611,0.05576205998659134,-0.059292633086442954,-0.06452103704214096,0.06405653059482574,0.006498861126601696,-0.005281653255224228,-0.06601259112358093,-0.026126634329557415,-0.024388013407588005,-0.031637560576200485,0.026230219751596447,0.013909686356782911,0.08088212460279463,-0.06204279512166977,-0.0404263474047184,0.0,-0.019024118781089783,0.05400051176548004,0.0020215038675814867,0.02279690094292164,-0.00838341750204563,0.022486742585897446,0.008314238861203194,-0.041554514318704605,-0.04976797476410866,-0.03344889357686043,0.08574569970369339,-0.013798333704471588,0.005428560543805361,-0.047238390892744064,-0.06093836948275566,-0.012883352115750313,0.010415528900921345,0.023763433098793026,0.0245934184640646,-0.07126395404338837,-0.034961506724357605,-0.027671588584780693,-0.07341059297323227,-0.020181685686111447,-0.021017951890826225,0.02385801076889038,0.0070013804361224174,-0.005874870344996452,0.000822393863927573,-0.03270939365029335,-0.02505655214190483,-0.012347410432994364,0.0235127117484808,-0.01661989651620388,0.03693149238824844,-0.02012072131037712,-0.06058892980217934,-0.07333663105964659,0.001964709954336285,-0.05006590858101845,0.009552215225994587,0.050011564046144485,-0.002103438600897789,-0.02237678505480289,-0.0020747797098010774
0.005222593434154987,-0.05745885893702507,-0.03052021563053131,-0.042757131159305566,0.013778558000922205,0.009399783797562122,0.0495574064552784,-0.03524148464202881,0.031061571091413494,-0.017482956871390343,-0.059608880430459976,0.07074369490146637,0.03518287464976311,-0.014596530236303806,0.03797454759478569,-0.005231163930147886,0.003292832290753722,-0.09426373243331908,0.026983570307493206,-0.013851550407707691,-0.014842853881418703,-0.009697217494249344,-0.03402577340602875,-0.009937968105077744,-0.025321587920188904,-0.057793982326984406,-0.0019100457429885864,-0.03733403608202934,-0.08070960640907286,0.09216167777776718,0.006421589758247137,0.04768107831478119,-0.009293527342379091,0.05086512491106987,-0.004907060880213976,-0.015348173677921295,-0.06129124388098717,0.026843653991818428,-0.011967561207711697,-0.07026304304599762,0.08490676432847977,-0.011813338845968246,-0.0807981640100479,-0.0852242112159729,-0.005153995472937822,-0.05961931496858597,0.0022190054878592487,0.0555620975792408,-0.03202737495303153,-0.09046512097120285,-0.01722530648112297,0.1269655078649521,-0.013566704466938972,-0.049528159201145165,-0.019024118781089783,0.0,0.020938586443662643,0.0134125966578722,-0.021810026839375492,-0.032224737107753754,-0.020831236615777012,0.008427429012954235,-0.10514753311872482,0.031175365671515465,-0.012200774624943731,-0.014905977062880991,-0.050052665174007416,0.03693725913763046,0.03811546415090561,-0.028092099353671077,-0.0006180740310810505,0.009214679710566996,-0.035309575498104095,0.01677829585969448,0.01541357673704624,-0.00816595833748579,0.008288493379950523,-0.08153758198022841,0.043656125664711,-0.030848802998661995,-0.048643261194229126,-0.016889693215489388,0.014269886538386343,-0.008908359333872795,-0.01585611328482628,0.0722903460264206,-0.035103291273117065,-0.06150489300489426,0.0453224778175354,-0.028772059828042984,-0.056088469922542565,-0.012403621338307856,-0.007807619404047727,-0.047496262937784195,0.020512126386165615,0.11340592056512833,-0.03736915066838264,-0.058145344257354736,0.023712785914540287,0.03438374027609825
0.11232673376798628,0.01910565793514252,-0.037023000419139855,0.05518966168165207,-0.07071110606193542,-0.03727772459387779,-0.04371991381049156,0.009351836517453192,0.04420155286788941,-0.015102035365998743,0.034119054675102234,-0.03828595951199532,-0.0344168059527874,-0.1366608887910843,-0.04530131816864014,0.07052002102136612,-1.553315632918384e-05,0.018124183639883995,0.04495271295309066,0.022257639095187187,-0.030471710488200188,-0.1020502820611,-0.03976429998874664,0.03953749686479568,-0.01926898956298828,0.06632500886917114,-0.03135582432150841,-0.036867059767246246,-0.024464596062898636,-0.01834564283490181,-0.034919798374176025,-0.02817975543439388,-0.1193769797682762,-0.06952134519815445,0.0030852712225168943,-0.07311984896659851,0.06369069963693619,-0.09867823123931885,0.08147197961807251,-0.0766332745552063,0.02230987884104252,-0.005863724742084742,0.0007509634597226977,-0.009888499975204468,0.009292024187743664,-0.018931157886981964,0.016583764925599098,-0.022633468732237812,-0.010247004218399525,-0.016426701098680496,-0.003906029043719173,-0.04400376975536346,0.03730260580778121,0.054109912365674966,0.05400051176548004,0.020938586443662643,0.0,0.03221767023205757,-0.014076891355216503,-0.03530385345220566,-0.05403066426515579,-0.03130389004945755,-0.022843508049845692,0.0008256584987975658,0.03294183686375617,-0.002073382725939154,-0.027589734643697735,-0.05451812222599983,0.002032608725130558,0.019102187827229496,-0.006764223799109458,0.06853771954774857,-0.011662459000945091,0.008778704330325127,0.08090754598379134,-0.04807877168059349,0.0067785894498229035,0.008083674125373363,-0.06200733780860901,-0.0020381323993206024,-0.04107056558132172,-0.057857695966959,-0.0633588582277298,-0.04037570208311081,-0.0497279204428196,0.01477052178233862,-0.013673978857696056,0.007136068306863308,0.051459137350320816,-0.025573614984750748,-0.035016871988773346,0.08760907500982285,0.005457076709717512,0.004342572763562202,-0.03321904316544533,0.03601440042257309,0.02086486294865608,-2.0142671928624623e-05,0.000289480754872784,-0.060638729482889175
-0.13456124067306519,-0.03768906369805336,-0.005220436956733465,0.04484463110566139,-0.046813443303108215,0.01641763001680374,0.019935693591833115,0.041057519614696496,0.024607030674815174,-0.0165309589356184,-0.05225824937224388,0.03144920989871025,-0.027018830180168152,0.05245804414153099,-0.030524689704179764,-0.05718722194433212,-0.05794509872794151,-0.04930199310183525,-0.05558618158102036,-0.04734799265861511,-0.010982534848153591,-0.03003939799964428,0.017073098570108414,0.009370730258524416,-0.02304380014538765,0.044039204716682434,-0.06190323084592819,0.001933756400831044,0.05207021161913872,0.013643735088407992,0.017591528594493862,0.045283179730176926,0.04462439566850662,0.07909185439348221,-0.004918611142784357,-0.02673269994556904,0.025650888681411743,-0.003048783168196678,-0.02420726791024208,-0.044277779757976525,0.008766451850533485,0.02136101573705673,-0.05965065956115723,0.0008738036849536002,0.019905792549252514,0.052921805530786514,-0.020831149071455,-0.07654312252998352,-0.01908380351960659,-0.03246119245886803,-0.0226411335170269,-0.10133376717567444,0.033857908099889755,-0.014886943623423576,0.0020215038675814867,0.0134125966578722,0.03221767023205757,0.0,-6.758180461474694e-06,0.01563594676554203,-0.007679942995309829,-0.012362703680992126,0.018388185650110245,-0.015024662017822264,-0.04448286443948746,-0.02754033915698528,-0.0002773636661004275,0.008116647601127625,-0.029681285843253132,0.05642037093639374,-0.010881210677325724,0.003292543347924948,0.0611855573952198,-0.009606683626770973,-0.1223706007003784,-0.05245345085859299,-0.014585191383957863,-0.029371835291385647,-0.04296628385782242,-0.0124037591740489,0.04460006579756737,-0.009010640904307364,0.01926319673657417,-0.04387519136071205,0.06284099817276001,-0.004227245692163706,-0.05993783473968506,-0.04364265501499176,0.030317062512040135,-0.06798350811004639,-0.0008083596476353706,-0.02541382238268852,-0.022710179910063744,0.05704409256577492,0.014223621226847172,-0.02280717901885509,-0.0005650415550917387,-0.06225736811757088,0.02546071633696556,-0.0419369712471962
-0.03107605315744877,-0.027517627924680706,-0.006565185729414225,-0.04793154075741768,0.020295975729823112,-0.029926782473921772,0.008066901005804537,-0.034674186259508126,-0.016165370121598244,0.0247785784304142,0.05518762394785881,0.03621464967727661,-0.08706381171941757,0.00016904028598219156,-0.011201782152056694,0.03200239688158035,-0.09989475458860397,0.017352668568491936,0.005924017168581486,-0.045933619141578674,0.000864243833348155,0.009441289119422436,0.04352954775094985,-0.0671558603644371,-0.033589690923690796,-0.10932232439517973,-0.00862454529851675,0.005583192221820354,-0.011447757482528687,-7.680353155592456e-05,0.006379096768796444,-0.021561963483691212,-0.002037674654275179,0.009639364667236805,-0.013831695541739464,-0.039730176329612725,0.03621914237737656,0.090371273458004,0.012594914995133877,-0.07357634603977203,0.008553188294172289,0.018053820356726646,-0.06469202786684036,-0.06893652677536011,-0.017562899738550186,-0.06355388462543488,0.05196681618690491,-0.033354811370372765,-0.01599363423883915,-0.013973217457532883,-0.02245382964611053,-0.04097599536180496,-0.04840648174285889,0.01576452888548374,0.02279690094292164,-0.021810026839375492,-0.014076891355216503,-6.758180461474694e-06,0.0,-0.023732945322990417,0.009202438406646253,0.011773524805903435,0.036892808973789215,-0.0029390917625278234,0.021650400012731552,-0.09489299356937408,-0.020509028807282448,-0.044591456651687615,0.0014286319492384791,0.01525404956191778,-0.0045239487662911415,-0.0047812750563025475,-0.001118059386499226,0.0010216175578534603,0.02663076668977737,0.055267591029405594,-0.027381671592593197,0.018203597515821457,-0.07480961829423904,0.012286663986742496,-0.08532031625509262,0.012229693122208118,0.06645653396844864,0.00997469574213028,0.01784772239625454,-0.11684046685695648,-0.06059342995285988,-0.059061266481876366,-0.009145841933786867,-0.0005864190752618015,-0.035450972616672516,-0.011176603846251965,0.02152052894234657,-0.017423957586288452,0.020905664190649983,0.07734336704015732,-0.015520517714321612,0.007481580134481191,0.01577688939869404,0.0074556190520525
-0.005746209993958473,-0.004477526526898146,0.0247249323874712,-0.0009265834814868867,-0.004420678596943617,-7.362478208960965e-05,-0.03492309898138046,-0.0392787866294384,-0.015216032974421978,-0.001993923680856824,-0.010198176838457584,0.013383896090090275,0.002499327296391129,-0.10867216438055038,0.01671896129846573,0.03742055594921112,-0.02212826535105705,-0.018934074789285656,0.009809576906263827,0.04798271134495735,-0.07699908316135406,0.01149972341954708,0.026161540299654007,0.00659422529861331,0.05941293388605118,-0.010982437990605831,0.04100347682833672,-0.0676022320985794,-0.012921102344989777,-0.03844704106450081,-0.08002073317766188,-0.035132646560668945,-0.03773057833313941,0.03526339679956436,0.00528720673173666,-0.023169292137026783,-0.01796218380331993,-0.08454791456460951,-0.05213182419538498,-0.0014559612609446049,-0.02047175355255604,-0.022302672266960144,-0.0017413722816854715,0.04411541670560837,-0.07628276199102402,0.07826486974954605,0.020175399258732796,-0.10716985166072844,-0.003393930848687887,0.042421437799930566,0.053802113980054855,0.010890492238104343,-0.0526781864464283,-0.016949588432908058,-0.00838341750204563,-0.032224737107753754,-0.03530385345220566,0.01563594676554203,-0.023732945322990417,0.0,0.021140852943062782,0.027188507840037342,-0.07029325515031815,0.0319146141409874,0.08666818588972092,0.01887592300772667,0.04072731733322144,-0.041374664753675454,-0.04363088682293892,-0.019104644656181332,0.009001239202916622,-0.0025104631204158068,-0.051600255072116845,-0.04071636125445366,0.016476869583129883,0.031029717996716496,-0.04090748727321625,-0.0040079751051962376,0.029200494289398197,0.003811996430158615,-0.04789943993091583,-0.018502557650208477,0.033252157270908356,-0.046632040292024605,0.0027699165511876345,-0.002080571372061968,0.04654861241579056,-0.08586626499891281,-0.054693210870027535,0.021232115104794506,0.0007444721995852887,-0.036681123077869415,0.02118401974439621,-0.04692409560084343,-0.027285533025860783,-0.012771597132086752,0.0001224876323249191,-0.03302138298749924,-0.016863390803337097,-0.02682922035455704
0.009287974797189236,-0.01304306834936142,-0.019639592617750168,-0.04234043136239052,0.00807533971965313,-0.01288356352597475,-0.03700365871191025,0.028591761365532875,-0.032417476177215576,-0.03612419217824936,-0.013288922607898712,-0.07175134122371674,-0.001841679681092501,0.02683796547353268,-0.059882428497076035,-0.002945727203041315,-0.007228619884699582,-0.053343743085861206,-0.01003629807382822,-0.03478270024061203,0.006978826131671667,-0.002636899007484317,-0.0129953371360898,-0.001519382931292057,0.019717210903763768,0.0021496654953807592,-0.07077901810407639,-0.004863903857767582,-0.002362712053582072,0.042959969490766525,0.07021208852529526,-0.05116816610097885,-0.012180016376078129,0.0014464084524661303,-0.01702006720006466,0.02688713930547237,-0.006174225825816393,-0.02351589128375053,0.02135897055268288,-0.09628558158874512,0.03544221073389053,-0.07200242578983307,0.017958728596568108,-0.06587647646665573,0.03208472952246665,-0.03087085671722889,-0.012848859652876852,0.055461719632148736,-0.002086502267047763,-0.03119567595422268,0.0009953422704711554,-0.002337489277124405,0.048093218356370926,-0.005778018850833178,0.022486742585897446,-0.020831236615777012,-0.05403066426515579,-0.007679942995309829,0.009202438406646253,0.021140852943062782,0.0,-0.013967430219054222,0.03865320608019829,-0.026837430894374847,-0.0007792445831000805,-0.055480681359767914,-0.016274672001600266,0.038048125803470605,-0.039453014731407166,0.008503416553139687,-0.021391719579696652,-0.07604507356882094,-0.06071333214640617,-0.07304058969020844,0.04972052201628685,0.028795003890991207,0.00537906913086772,-0.07635840773582457,-0.07467836886644363,0.05242341384291649,0.051293011754751205,-0.05507415533065796,0.019450170919299126,-0.07831767201423645,-0.0737452059984207,0.09750539064407347,-0.01164411474019289,0.023727837949991223,0.059379372745752335,-0.020392876118421555,-0.07709824293851852,0.05452689900994301,0.0362590067088604,-0.00719144381582737,-0.0003475123958196491,0.001071746926754713,-0.013341746293008327,-0.005626971833407879,-0.012129651382565498,-0.02073456719517708
-0.009759665466845037,0.0140872523188591,-0.018245564773678776,0.04863380268216133,-0.056222356855869286,-0.021454049274325367,0.029185775667428967,-0.0015685863327234983,0.011683059856295584,-0.013571873307228088,0.05630463361740112,-0.013603780418634415,0.18127688765525815,-0.018231360241770744,-0.001033689477480948,-0.015013187192380428,-0.043786507099866874,-0.032186370342969894,-0.016210326924920082,-0.027201257646083832,0.00964499730616808,-0.041905827820301056,-0.05471323058009148,-0.04227253794670105,-0.0426466278731823,-0.0373530238866806,-0.0070514511317014686,-0.07671076804399489,-0.10556501895189284,-0.06978874653577805,0.018103256821632385,-0.03880958631634712,0.0076544079929590225,-0.009483296424150467,0.013594050891697407,-0.019865045323967934,0.006545848213136196,0.014771252870559692,-0.039622005075216286,0.005844069644808769,-0.049220055341720574,-0.03233790770173073,0.04696133732795715,0.031196087598800656,-0.007036719005554914,-0.010765585117042065,-0.05804166942834854,0.021488841623067852,0.021139414981007573,0.0023734462447464466,0.009037804789841177,-0.07174266874790192,-0.03545256331562996,-0.0056533459573984155,0.008314238861203194,0.008427429012954235,-0.03130389004945755,-0.012362703680992126,0.011773524805903435,0.027188507840037342,-0.013967430219054222,0.0,0.030740320682525635,-0.011220317333936691,-0.05280495807528496,-0.05855522304773331,-0.007373560220003128,-0.002713583875447512,0.033816352486610406,0.018770162016153332,0.016677549108862877,0.04250158742070198,0.01646537333726883,-0.004620037507265806,-0.01740160956978798,-0.03594417870044708,0.0032271849922835823,0.07554832845926285,-0.0360327772796154,-0.049585040658712394,0.035033147782087326,-0.04744276776909828,-0.02670929208397865,0.001774706644937396,-0.031857702881097794,-0.003922632429748774,-0.0011728480458259583,2.8276621378608976e-05,0.005901871714740992,-0.004389512352645397,-0.011489680036902428,0.022870611399412155,0.003722768742591143,-0.029340989887714383,0.0041648312471807,-0.03101608343422413,-0.0035281439777463675,-0.02806386537849903,-0.05030428618192673,-0.04505246132612228
-0.0026736389845609665,-0.002741056028753519,-0.05184752121567726,-0.04066524282097816,-0.0035018837079405785,0.018627993762493134,0.007964309304952621,0.02300212904810905,-0.0007032279390841721,-0.03865372017025948,-0.08931957185268402,0.03737471252679825,0.005278990603983401,-0.04344294592738152,-0.030820207670331,0.01780662313103676,0.0423220619559288,-0.08235980570316313,0.01464617159217596,0.034261275082826614,-0.04375337436795235,-0.026040222495794296,-0.07645578682422638,0.02067531459033489,0.011028737761080263,-0.024600524455308918,0.04949170351028442,-0.0226682648062706,-0.004113461822271347,0.03161315619945526,-0.0465899333357811,-0.0323333814740181,-0.10975588113069534,0.03567749634385109,0.002576094353571534,-0.02813882753252983,-0.025031467899680138,0.0012454355601221323,-0.022436138242483136,0.003765702480450273,0.039184056222438805,-0.017522864043712616,-0.061031978577375405,0.01089754793792963,-0.018019163981080052,-0.03201114758849144,0.01810581423342228,-0.01839819736778736,-0.03674473986029625,-0.015196110121905804,0.06998294591903687,0.06462232768535614,-0.05459817871451378,-0.015557650476694109,-0.041554514318704605,-0.10514753311872482,-0.022843508049845692,0.018388185650110245,0.036892808973789215,-0.07029325515031815,0.03865320608019829,0.030740320682525635,0.0,0.01735353283584118,0.035427778959274285,0.10247481614351273,-0.012800944037735462,-0.019246865063905716,-0.02439378388226032,0.006758079864084721,-0.027965679764747616,0.006611805874854326,0.0028361515142023563,0.028208814561367035,0.0004629912727978081,-0.001653701183386147,0.004818528424948454,-0.05314170196652413,0.056386109441518784,0.04840822890400887,-0.01565084233880043,-0.02128223143517971,-0.046412818133831024,0.0389002338051796,-0.03340870141983032,0.039995647966861725,-0.050807841122150414,-0.08503780514001846,0.005154875572770834,-0.0587557964026928,0.05248131603002548,-0.09749331325292589,-0.05070592463016511,-0.020947016775608063,-0.02121986821293831,0.022312918677926064,0.015860728919506073,-0.035290565341711044,-0.004059741273522377,-0.002804002957418561
-0.01995148509740829,-0.0059320805594325066,-0.0016622482798993587,-0.00975627638399601,-0.02063862793147564,-0.009247364476323128,-0.02419341169297695,0.021739378571510315,-0.022015519440174103,-0.03411390259861946,0.01979079097509384,-0.06627021729946136,-0.02590770833194256,0.0801854357123375,-0.09477100521326064,0.001427437993697822,-0.03488390892744064,0.011694404296576977,-0.02505114674568176,-0.006219875533133745,0.0028240210376679897,-0.010458692908287048,-0.007195932324975729,-0.028636805713176727,0.008962820284068584,-0.012566644698381424,-0.008450655266642569,0.010008611716330051,-0.029066458344459534,-0.005470398813486099,0.011981056071817873,0.020401595160365105,0.0012324051931500435,-0.04821829497814178,2.250834040751215e-05,-0.009922987781465054,0.010897713713347912,-0.02911140397191048,-0.023163169622421265,0.013894911855459212,-0.03532163426280022,0.006947712041437626,0.019202450290322304,0.020269079133868217,0.006216902751475573,-0.0598171167075634,0.009609385393559933,-0.01774488389492035,-0.00465916283428669,-0.011079190298914908,-0.010157107375562193,-0.027658896520733837,-0.0141444718465209,-0.005368453916162252,-0.04976797476410866,0.031175365671515465,0.0008256584987975658,-0.015024662017822264,-0.0029390917625278234,0.0319146141409874,-0.026837430894374847,-0.011220317333936691,0.01735353283584118,0.0,-0.03146996349096298,0.017894595861434937,-0.04887181147933006,-0.010108636692166328,-0.012045176699757576,-0.00858425721526146,-0.005615883972495793,-0.04565205052495003,-0.0008450222085230051,0.015977973118424416,-0.01128504704684019,0.007309107109904289,0.008775385096669197,-0.03571140766143799,-0.020579565316438675,-0.06668137013912201,-0.00020630913786590097,-0.027332877740263935,-0.004669530782848597,-0.031907059252262115,-0.05158407986164093,-0.011634615249931812,0.012530747801065443,0.01477941870689392,-0.010295672342181204,-0.0019448553211987016,0.007864651270210745,0.005571374204009771,-0.03218233957886696,-0.07664738595485686,0.006125669460743666,-0.03459271416068077,0.00010059023043140768,0.06299524754285812,-0.02033804915845394,-0.005587077233940362
-0.04051040485501289,0.041041526943445206,-0.03765013441443443,-0.0023262568283826113,-0.08091766387224197,0.02661367133259773,-0.04960181564092636,0.01596182771027088,-0.005410479847341776,-0.06455792486667633,-0.002317164791747928,-0.0239246878772974,0.008355005644261837,0.04309516400098801,0.010923485271632671,0.03703472390770912,0.006708318367600441,0.02746137604117393,-0.08195425570011139,0.001190708833746612,0.01191938016563654,0.0012469396460801363,-0.07235053181648254,0.020068803802132607,-0.01491185277700424,-0.027367839589715004,-0.009451494552195072,0.011127409525215624,-0.009527703747153282,0.0611783042550087,0.05855786055326462,-0.035838913172483444,-0.0454309843480587,-0.0009139414760284125,-0.023194219917058945,-0.016320040449500084,-0.10142487287521362,0.08529245108366013,0.01750139333307743,-0.03020351752638817,-0.03017856925725937,-0.014956479892134666,-0.015286657027900217,-0.019864199683070183,-0.0009829141199588776,0.034884776920080185,-0.1346762478351593,0.06711648404598236,-0.007855072617530823,-0.013217625208199024,-0.02834134921431541,-0.04551905766129494,0.017753614112734795,-0.02099403738975525,-0.03344889357686043,-0.012200774624943731,0.03294183686375617,-0.04448286443948746,0.021650400012731552,0.08666818588972092,-0.0007792445831000805,-0.05280495807528496,0.035427778959274285,-0.03146996349096298,0.0,0.00036525612813420594,-0.04162810742855072,0.03396167233586311,0.049326092004776,-0.06732772290706635,0.028724076226353645,0.024989573284983635,0.016703804954886436,0.09351197630167007,-0.09830469638109209,-0.06952900439500809,0.12165210396051405,-0.029042635113000866,-0.09159058332443235,0.002794646192342043,-0.03149153292179108,-0.014858520589768887,0.05078743770718575,-0.02576296776533127,-0.061752352863550186,-0.019532086327672005,0.03620684146881104,0.01886940933763981,-0.011888978071510792,-0.030544122681021687,0.0011300361948087811,-0.046160738915205,-0.08315306901931761,0.024685295298695564,-0.023127054795622826,0.009421928785741327,-0.08195313066244125,0.0364384762942791,-0.026223111897706985,-0.022347114980220795
-0.010395361110568047,0.001005355385132134,0.0007613568450324236,0.03486448526382446,-0.009619073942303656,-0.046084605157375336,-0.0075907139107584945,-0.09018387645483017,0.0370168536901474,0.07306814193725587,-0.04244164749979973,0.07172221690416336,-0.013678831979632376,-0.013466023840010166,0.25467681884765625,0.012928316369652748,-0.04817713424563408,-0.021143000572919846,0.008786809630692005,-0.0972575917840004,-0.06669607758522034,0.05311256274580956,-0.016128873452544212,-0.09528101235628128,-0.01914763264358044,-0.03884361311793327,0.011285120621323584,-0.014541106298565865,0.049223314970731735,-0.04530778527259827,0.0003900642041116953,-0.016055144369602203,0.042576204985380166,8.185773913282901e-05,-0.05518317595124245,0.03633240610361099,-0.003764656838029623,-0.011604968458414076,0.0037265950813889503,-0.06905685365200043,0.03870488703250885,-0.0004916947800666094,0.04670420289039612,-0.10411033034324646,-0.011151242069900036,-0.054357413202524185,-0.10438000410795212,0.006850171834230423,-0.03112613409757614,-0.007374225649982691,-0.04917430877685546,-0.10073586553335188,0.0065055107697844505,0.0006374549120664597,0.08574569970369339,-0.014905977062880991,-0.002073382725939154,-0.02754033915698528,-0.09489299356937408,0.01887592300772667,-0.055480681359767914,-0.05855522304773331,0.10247481614351273,0.017894595861434937,0.00036525612813420594,0.0,0.019876897335052487,-0.002435414353385568,0.0453546904027462,-0.0009487677016295492,0.06541313976049423,2.1506031771423292e-05,0.07896459847688675,-0.11762453615665436,0.023413125425577164,-0.04858502373099327,-0.10665016621351242,-0.054227083921432495,0.024091370403766632,-0.0008040346438065171,-0.02694227173924446,-0.004700502846390009,-0.07469376921653748,-9.237707854481413e-05,7.054614252410829e-05,-0.05885471776127815,-0.009817416779696941,0.09724263846874237,-0.015424516052007675,0.03184119984507561,-0.08033640682697296,0.08864691108465193,0.04786015674471855,-0.005610327236354351,0.05949752777814865,2.9602468202938322e-05,0.03875317424535751,-0.016853446140885353,0.0012267922284081578,-0.05071030557155609
-0.02293785847723484,-0.03298744559288025,-0.013393133878707884,0.024447452276945118,-0.03355542942881584,0.007342572789639234,0.0009950660169124605,0.001291721942834556,0.01636374555528164,-0.027237161993980408,-0.0012351026525720952,-0.04092444851994514,-0.03455998748540878,-0.008626271970570086,-0.004727141931653024,0.06700937449932097,0.0003915748093277216,0.000427726685302332,0.04330890625715256,-0.03098776936531067,0.0019496267195791008,-0.03211423009634018,0.07746878266334532,-0.05404224991798401,0.007829825393855572,-0.0459187924861908,0.0026939348317682743,-0.0544075109064579,-0.032690346240997314,-0.005032026208937168,0.0294002927839756,0.008524561300873756,-0.05146158114075661,-0.07888568937778474,0.0011308947578072548,-0.05017445608973503,-0.007618582341820002,-0.043222419917583466,-0.04472541064023972,0.029285470023751255,0.027878617867827412,0.017363591119647026,0.003485966008156538,0.013843619264662264,-0.017710601910948753,-0.07559811323881149,-0.011335209943354128,0.004549972247332335,0.011459127068519592,-0.046667587012052536,-0.003046096069738269,-0.03733743727207184,0.010865632444620132,-0.036868460476398475,-0.013798333704471588,-0.050052665174007416,-0.027589734643697735,-0.0002773636661004275,-0.020509028807282448,0.04072731733322144,-0.016274672001600266,-0.007373560220003128,-0.012800944037735462,-0.04887181147933006,-0.04162810742855072,0.019876897335052487,0.0,-0.012472365982830524,0.0024483008310198784,0.005247639957815409,0.018556870520114895,-0.025289943441748616,-0.025830810889601707,0.07095469534397125,-0.04960357025265694,0.011975342407822607,-0.014746834523975847,-0.05648697540163994,0.004363297484815121,-0.07067975401878357,-0.017591159790754318,-0.006286259274929762,0.0015628025867044924,-0.022085558623075485,-0.005116598214954138,-0.04196205735206604,0.01408193539828062,-0.013648457825183868,0.03650587797164917,-0.010710123926401138,0.0298957284539938,0.03981824591755867,-0.08010951429605485,-0.08573534339666367,0.05144406482577324,0.01393821369856596,-0.03502243384718895,0.0745071992278099,-0.030936600640416145,-0.0005371267907321453
0.0069422926753759375,-0.02478599548339844,-0.053135085850954056,0.043639227747917175,0.013246101327240469,0.02030338160693645,0.01004953682422638,-0.06239702925086021,-0.014126444235444067,0.024058647453784943,-0.027844320982694622,0.05276114493608475,-0.10875801742076872,-0.028395134955644608,-0.006526052951812744,-0.07087922096252441,0.032455552369356155,0.055762924253940575,0.024940380826592445,-0.05680060014128685,-0.01758882962167263,-0.11901257932186125,-0.02322551980614662,-0.015256701037287712,-0.01980842277407646,-0.0006000225548632442,-0.01684430055320263,-0.03388475626707077,0.057374335825443275,-0.0351172611117363,-0.03624602034687996,0.0008148985216394067,0.014198627322912216,-0.06196696683764458,-0.068677619099617,-0.017848646268248558,0.04401527345180512,-0.05689777433872223,0.0041944137774407855,0.029416872188448902,-0.04304337501525879,-0.017149504274129868,0.027202457189559937,-0.02493602782487869,0.03882011771202088,-0.024591341614723206,0.04403511807322502,-0.021669961512088772,-0.006366847082972527,0.0013077444164082408,0.01753137074410915,-0.015915866941213608,-0.00830224808305502,-0.019752198830246925,0.005428560543805361,0.03693725913763046,-0.05451812222599983,0.008116647601127625,-0.044591456651687615,-0.041374664753675454,0.038048125803470605,-0.002713583875447512,-0.019246865063905716,-0.010108636692166328,0.03396167233586311,-0.002435414353385568,-0.012472365982830524,0.0,0.07268419116735457,0.056419998407363885,-0.04728603735566139,-0.038760744035243995,0.07117263972759247,-0.02414616011083126,0.026419153437018394,-0.0002538314729463309,-0.01669124700129032,9.165947267320008e-05,-0.08109304308891296,-0.003392874728888273,-0.053066886961460114,-0.008432451635599136,-0.031096529215574265,0.0990542620420456,0.05871497094631195,-0.04890390485525131,-0.0689527690410614,-0.019933169707655903,-0.09173401445150375,-0.046762675046920776,0.002348667709156871,0.013192064128816128,0.05450067296624184,-0.009311859495937824,-0.03964158147573471,0.033210452646017075,-0.022266685962677,-0.04893585667014121,-0.04864552617073059,0.054384175688028336
-0.07060512155294417,-0.09690506756305695,0.08476270735263824,-0.05666039884090424,0.0160082820802927,-0.06919702142477036,-0.05109881237149239,0.06780971586704254,-0.049768377095460885,-0.07042575627565384,0.0021813292987644672,-0.0624779388308525,-0.014060720801353455,-0.0952574834227562,-0.02197917364537716,0.033669598400592804,-0.03133715316653252,-0.07092254608869553,0.07290957868099213,-0.0026144166477024555,-0.04274080693721771,-0.002477101981639862,0.08196578919887543,-0.018124917522072792,-0.039014287292957306,-0.013830185867846012,0.02395693585276604,0.1540785580873489,0.05848783999681473,-0.1137060523033142,-0.031188946217298508,-0.07030978053808212,0.05569839477539063,-0.03426411747932434,0.03847372159361839,-0.04617596045136452,0.004247734788805246,0.005097166169434786,-0.0503334179520607,0.018808502703905106,0.041685007512569434,0.033457040786743164,0.024603815749287605,0.013182834722101688,-0.09222287684679031,-0.029567776247859,-3.4035318094538525e-05,0.000733360939193517,-0.042348936200141914,0.004118218552321196,0.04732857644557953,-0.033622544258832925,0.010048598051071165,0.017353907227516174,-0.047238390892744064,0.03811546415090561,0.002032608725130558,-0.029681285843253132,0.0014286319492384791,-0.04363088682293892,-0.039453014731407166,0.033816352486610406,-0.02439378388226032,-0.012045176699757576,0.049326092004776,0.0453546904027462,0.0024483008310198784,0.07268419116735457,0.0,-0.018570588901638985,0.02947616204619408,0.041880354285240166,-0.039735648781061166,-0.0268940944224596,0.01431508921086788,0.002207920653745532,-0.10420630127191544,-0.0017712716944515703,-0.0030981237068772316,0.033239521086215966,0.09319478273391725,0.0600748173892498,0.004501587711274624,-0.05898419767618179,-0.06181950122117996,-0.020841959863901135,0.024437610059976574,-0.04734957218170167,0.08376602828502655,0.01952901855111122,-0.057145949453115456,-0.03797311708331108,-0.07111699134111404,0.030022418126463887,-0.04148899763822556,-0.08124373853206633,0.015455961227416992,-0.004674196243286133,0.02369479462504387,-0.0012197617907077074
0.11507270485162734,0.0899350494146347,-0.014467285946011543,-0.029716307297348976,-0.0308346189558506,0.007416742853820325,-0.030266115441918373,-0.03031467832624912,-0.04793878644704819,-5.217612851993181e-05,-0.05042918771505356,0.010052141733467577,0.004360996652394533,-0.028956169262528416,0.016846997663378716,-0.09091496467590333,-0.02867341600358486,0.13626432418823242,0.04680132120847703,-0.0017113795038312671,0.0007989632431417703,0.0417010374367237,-0.04859630391001701,0.05595538765192032,-0.04580391198396683,-0.015447908081114292,0.021229678764939308,0.05117952451109886,-0.034745603799819946,0.023688528686761856,-0.004510154481977224,0.02933472953736782,-0.03945492580533028,-0.002114187926054001,7.393944542855024e-05,-0.0406656488776207,-0.016611481085419655,0.025670072063803673,-0.007093739695847034,-0.007958706468343735,-0.08557718992233276,-0.03307957574725151,0.02590400166809559,-0.05613769218325615,-0.08427727967500687,0.037969425320625305,-0.05891833454370499,-0.034664276987314224,-0.0018435131059959529,-0.05138769000768661,-0.10666356980800629,0.040782205760478966,0.01890954561531544,-0.019168848171830177,-0.06093836948275566,-0.028092099353671077,0.019102187827229496,0.05642037093639374,0.01525404956191778,-0.019104644656181332,0.008503416553139687,0.018770162016153332,0.006758079864084721,-0.00858425721526146,-0.06732772290706635,-0.0009487677016295492,0.005247639957815409,0.056419998407363885,-0.018570588901638985,0.0,0.08452077209949493,-0.045579448342323296,-0.05333961546421051,-0.0104183005169034,-0.07765591144561766,0.058747269213199615,-0.07600559294223785,-0.032358475029468536,0.026915982365608212,0.030858488753437996,-0.0440930500626564,0.06516272574663162,0.021290069445967678,-0.010221583768725395,-0.05361916869878769,-0.028676226735115048,-0.004776208661496639,0.023304019123315808,0.08467382192611694,0.08723587542772293,-0.08766498416662216,-0.0869857594370842,-0.048645533621311195,-0.024476001039147377,-0.07423204928636552,0.03285345435142517,-0.0017886997666209936,0.00707344664260745,-0.04864819720387458,0.003846745705232024
-0.027204893529415127,-0.09132725745439528,-0.0016654161736369133,-0.05077817291021347,0.04653379321098328,-0.02224847674369812,-0.03880527988076209,-0.010041969828307629,-0.02899967692792416,0.03197664022445679,0.04494907706975937,-0.014149568974971771,-0.011050921864807604,-0.03443583846092224,-0.03399151936173439,0.03454851359128952,-0.0326976515352726,0.039516132324934006,-0.061505846679210656,0.025924650952219963,0.12302327901124954,0.012250459752976894,-0.059299767017364495,-0.04953654110431671,0.02374807558953762,0.03985186666250229,-0.09234792739152908,-0.048970483243465424,-0.012140422128140926,0.01492101326584816,-0.017294650897383686,-0.08378899842500687,0.044829875230789185,-0.1179577186703682,0.04029202088713646,0.00010436831507831812,-0.0499434806406498,-0.06420546770095825,-0.04026594758033752,0.015985822305083275,0.018213508650660515,0.0111180217936635,-0.08954267203807831,-0.0006213816232047975,0.10924239456653594,-0.06332534551620483,0.02284347638487816,-0.013183530420064926,0.03144952654838562,0.04842321574687958,-0.06836148351430893,0.0649866983294487,-0.0018606086960062385,-0.05945338308811188,-0.012883352115750313,-0.0006180740310810505,-0.006764223799109458,-0.010881210677325724,-0.0045239487662911415,0.009001239202916622,-0.021391719579696652,0.016677549108862877,-0.027965679764747616,-0.005615883972495793,0.028724076226353645,0.06541313976049423,0.018556870520114895,-0.04728603735566139,0.02947616204619408,0.08452077209949493,0.0,0.003681273199617863,-0.05849813297390938,-0.0030699642375111576,0.0022335767280310392,-0.035796120762825005,-0.0006911460077390075,-0.026042919605970383,-0.039160165935754776,0.07872895896434784,-0.012567773461341856,-0.02224982902407646,-0.037693675607442856,-0.04661434888839722,0.04057236388325691,0.007644913624972106,0.0020798873156309128,-0.0485505536198616,-0.07954872399568556,-0.05565056949853897,0.02575347386300564,-0.04361611604690552,0.010766486637294292,-0.009669567458331585,0.032237958163022995,-0.07322631031274796,0.05665219575166702,0.012618333101272585,-0.025418149307370182,-0.05367687717080116
0.023706967011094093,0.08801305294036865,-0.11537201702594756,-0.049700044095516205,0.016256753355264664,0.024896837770938877,-0.019037840887904167,-0.003618910443037748,-0.05291145294904709,-0.06287693232297897,-0.03177744522690773,-0.06132857501506805,-0.04565296322107315,0.011609221808612347,0.0017730126855894923,-0.08124517649412155,0.11194223165512084,-0.02887514978647232,-0.026085997000336647,0.03354540839791298,-0.05056259781122208,0.057468071579933167,0.06497372686862946,-0.026465166360139847,0.025942422449588772,-0.011445099487900732,-0.026358405128121376,0.016077950596809387,-0.02510461397469044,0.02446383610367775,0.05926257744431496,0.04903591051697731,-0.001149368821643293,-0.06627031415700912,-0.04875056818127632,0.026351230219006535,-0.03690727800130844,-0.09115687757730483,-0.04469803720712662,0.06667162477970123,-0.04834644496440888,-0.04072688519954681,-0.021818192675709724,-0.023633141070604324,0.016319599002599716,-0.02969370782375336,0.04424184933304787,-0.010298392735421656,0.023568581789731976,0.0676458477973938,-0.07555736601352692,-0.02010497450828552,-0.00426464295014739,-0.044083356857299805,0.010415528900921345,0.009214679710566996,0.06853771954774857,0.003292543347924948,-0.0047812750563025475,-0.0025104631204158068,-0.07604507356882094,0.04250158742070198,0.006611805874854326,-0.04565205052495003,0.024989573284983635,2.1506031771423292e-05,-0.025289943441748616,-0.038760744035243995,0.041880354285240166,-0.045579448342323296,0.003681273199617863,0.0,-0.011298605240881445,-0.05588048696517944,0.00013890472473576665,0.07240239530801773,-0.06493940204381943,-0.09091045707464218,-0.029280951246619225,-0.03996169939637184,0.04200397431850433,-0.040029857307672494,0.12486859411001204,0.04806115850806236,-0.019679622724652287,0.0024894762318581343,0.039424072951078415,-0.03816170245409012,-0.03073045983910561,3.089122765231877e-05,0.01574249565601349,0.08257878571748732,0.057792864739894874,-0.08332356065511702,0.0042190286330878735,-0.0540267676115036,-0.04100578650832176,-0.0007630795589648187,-0.04617173969745636,-0.03541402891278267
-3.5958251828560606e-05,-0.01670394279062748,0.009220527485013008,-0.103854238986969,0.045622289180755615,-0.0026347830425947905,0.0192596185952425,-0.07247526198625565,-0.06146646291017532,0.07839037477970123,-0.012772021815180779,-0.07383640855550766,-0.009842961095273495,-0.1097504049539566,-0.017058473080396652,1.3380155905906577e-05,0.052107498049736016,0.027599334716796875,-0.03316141664981842,-0.02699274756014347,0.06079462170600891,-0.03678822889924049,0.15326842665672302,-0.039053488522768014,-0.03442514687776565,-0.06377921253442764,-0.05772472545504569,-0.11323305964469908,-0.04173032566905022,0.0060333614237606525,0.039167989045381546,-0.005437138490378857,-0.062009122222661965,0.026352398097515103,0.10172060132026672,0.001692334422841668,-0.030946020036935806,0.02592881396412849,0.035748910158872604,-0.0604366846382618,-0.05295638367533684,-0.043265704065561295,-6.002802365401294e-06,-0.02548914216458797,-0.06835021823644638,-0.008773872628808022,-0.0291507076472044,0.0016718991100788116,0.034208402037620544,-0.0025231156032532454,-0.05116789415478706,0.03851499781012535,0.03270014002919197,-0.039181210100650794,0.023763433098793026,-0.035309575498104095,-0.011662459000945091,0.0611855573952198,-0.001118059386499226,-0.051600255072116845,-0.06071333214640617,0.01646537333726883,0.0028361515142023563,-0.0008450222085230051,0.016703804954886436,0.07896459847688675,-0.025830810889601707,0.07117263972759247,-0.039735648781061166,-0.05333961546421051,-0.05849813297390938,-0.011298605240881445,0.0,-0.021039854735136032,0.007920651696622372,0.04377403855323792,-0.02259541302919388,-0.001043969066813588,0.04823340848088264,-0.06009623408317566,-0.015499891713261604,0.008912664838135242,-0.02549098245799541,-0.10235743969678877,0.08497441560029982,0.08340678364038467,8.547935067326762e-06,0.041642382740974426,-0.0026830541901290417,0.03434958681464195,-0.008822427131235598,3.3794920454965904e-05,0.00151718535926193,0.10377106815576552,-0.057707175612449646,-0.07596874237060547,-0.02068398520350456,0.051004577428102486,0.03205234184861183,-0.04851168021559715
0.030818980187177655,-0.01593698374927044,0.050923809409141534,0.0006258388166315854,0.018161894753575325,-0.06893434375524521,-0.02969106286764145,-0.04769827425479889,-0.01881725899875164,-0.02590906247496605,-0.02695135958492756,2.8788079362129793e-05,-0.0015119961462914944,-0.0324893556535244,0.006843475624918938,-0.16261352598667145,0.041203010827302926,-0.04874931648373604,-0.06288490444421768,-0.012876839376986027,-0.04605809971690178,0.012710768729448318,-0.05724642425775528,0.039241723716259,0.03698599338531494,0.05262531340122223,-0.048526853322982795,-0.02626111172139645,-0.00014973932411521673,-0.05186063051223754,-0.03201393410563469,-0.03175162523984909,0.0656990185379982,0.026838038116693497,0.022442985326051712,0.052366342395544045,-0.006049168296158314,-0.035389725118875504,-0.01823395863175392,-0.01470369379967451,-0.027799470350146294,-0.03517848998308182,-0.025999577715992928,0.007864387705922127,0.010172292590141296,0.09254907071590424,0.03388788923621178,-0.046725738793611526,-0.00026225802139379084,-0.006319260224699974,0.002259166212752461,0.00386221706867218,-0.006928349379450083,-0.00784995872527361,0.0245934184640646,0.01677829585969448,0.008778704330325127,-0.009606683626770973,0.0010216175578534603,-0.04071636125445366,-0.07304058969020844,-0.004620037507265806,0.028208814561367035,0.015977973118424416,0.09351197630167007,-0.11762453615665436,0.07095469534397125,-0.02414616011083126,-0.0268940944224596,-0.0104183005169034,-0.0030699642375111576,-0.05588048696517944,-0.021039854735136032,0.0,0.052817098796367645,-0.009865378960967066,-0.04923296719789505,-0.017300918698310852,0.035216283053159714,-0.016078731045126915,0.026864280924201008,-0.05666953697800636,-0.058738440275192254,-0.06427762657403946,-0.08299737423658371,0.07209681719541548,0.024089477956295013,0.042655181139707565,-0.05205423757433891,0.03277574107050896,-0.06422184407711029,0.030937364324927327,0.09757854044437408,-0.02583040483295917,-0.009938197210431099,-0.10543356835842133,-0.031765058636665344,0.010002063587307928,-0.03174475580453873,-0.0010678436374291775
-0.026174087077379223,-0.04608882963657379,-0.04106415435671806,0.018076714128255844,-0.016038712114095688,0.06683899462223053,0.016407597810029984,0.07088317722082138,-0.0260477215051651,0.06623805314302444,-0.0688309296965599,0.03831680119037628,0.013158944435417652,0.04250655695796013,0.0002616738493088633,-0.015834512189030647,0.02379241771996021,0.01088250894099474,-0.07427826523780823,-0.05508248135447502,0.025162914767861366,-0.015205604955554008,0.031745780259370804,-0.060325004160404205,-0.0910813808441162,0.015040723606944084,-0.08289042860269545,0.013537018559873104,-0.0007204124704003334,0.015544777736067772,-0.003548190928995609,0.08573489636182785,-0.04490570724010468,0.07214204221963881,-0.04991796985268593,0.0016152034513652325,-0.0273034293204546,-0.07049625366926193,-0.05015416815876961,0.008831332437694073,-2.806739212246612e-05,0.03397020325064659,-0.004545742180198431,-0.026799511164426804,0.06303384900093079,0.10008333623409273,-0.11252535134553908,-0.0875774696469307,-0.02500995621085167,-0.07293527573347092,-0.07662639021873474,-0.03048330172896385,0.0009644326637499033,-0.032765310257673264,-0.07126395404338837,0.01541357673704624,0.08090754598379134,-0.1223706007003784,0.02663076668977737,0.016476869583129883,0.04972052201628685,-0.01740160956978798,0.0004629912727978081,-0.01128504704684019,-0.09830469638109209,0.023413125425577164,-0.04960357025265694,0.026419153437018394,0.01431508921086788,-0.07765591144561766,0.0022335767280310392,0.00013890472473576665,0.007920651696622372,0.052817098796367645,0.0,-0.033713072538375854,0.0028554969467222686,-0.04885779321193695,-0.0144477691501379,0.05763837322592735,0.03627045825123786,0.030400542542338368,0.001613591331988573,0.009167977608740328,0.08089520782232285,-0.00878860242664814,-0.05275794491171837,0.03162730112671852,0.032877955585718155,-0.009403667412698269,-0.00010012184065999465,-0.06127750873565674,-0.09463649243116377,0.018223533406853676,-0.022229649126529694,0.010503224097192287,-0.04869575425982475,-0.051206834614276886,-0.03025124035775661,0.020747086033225056
-0.021656181663274765,-0.086203396320343,-0.007666643243283033,0.04355594515800476,-0.064155712723732,-1.6283382137771696e-05,-0.035911526530981064,0.01584668643772602,0.029191011562943455,-0.10206378251314165,-0.006619121879339217,-0.04650406539440155,-0.04272819682955742,-0.029733719304203987,0.017618883401155472,-0.024365320801734924,0.04075468704104424,-0.054379142820835114,-0.04452822357416153,-0.006990087684243917,-0.005574369337409736,0.015888096764683723,-0.09015983343124387,0.04737970232963561,-0.01865493319928646,0.0758450999855995,-0.012143350206315516,0.022046923637390137,-0.021037802100181576,0.0029533631168305874,-0.04784189909696578,-0.0035703517496585846,0.0399429127573967,-0.01832642965018749,0.0005709593533538282,0.009802911430597304,-0.013475868850946426,0.031727567315101624,0.011176029220223427,0.010173963382840157,0.03527441248297691,-0.05230022966861725,-0.04798625409603119,-0.04583434760570526,0.0070300200022757045,-0.026911083608865734,-0.06721571087837219,-0.026031753048300743,-0.06923405081033707,0.025140561163425446,-0.031874869018793106,0.05309667438268661,0.009733767248690128,-0.012805922888219357,-0.034961506724357605,-0.00816595833748579,-0.04807877168059349,-0.05245345085859299,0.055267591029405594,0.031029717996716496,0.028795003890991207,-0.03594417870044708,-0.001653701183386147,0.007309107109904289,-0.06952900439500809,-0.04858502373099327,0.011975342407822607,-0.0002538314729463309,0.002207920653745532,0.058747269213199615,-0.035796120762825005,0.07240239530801773,0.04377403855323792,-0.009865378960967066,-0.033713072538375854,0.0,-0.005635335110127926,0.07137087732553482,0.02877523005008697,-0.09135669469833374,0.01513890828937292,-0.05215133726596832,-0.12443603575229643,0.051597133278846734,0.029195440933108326,-0.05924608930945397,0.013446885161101818,0.0431930236518383,-0.008744541555643082,-0.03423269093036652,-0.0005577040719799696,0.01891344785690308,-0.057555250823497765,0.1480329781770706,-0.03839428350329399,0.03569573536515236,-0.028452374041080475,0.03220151737332344,0.04052182286977768,-0.10844328999519348
-0.007895526476204395,-0.0021843626163899894,-0.04659641161561012,-0.02017872966825962,-0.007224056404083966,0.0153988441452384,0.010077056474983692,0.06563734263181686,-0.055801916867494576,0.013636396266520023,-0.018550997599959373,-0.024849675595760345,-0.009648681618273258,-0.004081299062818289,-0.011638633906841278,-0.10764338821172714,-0.01902146637439728,-0.01836275868117809,0.0757925733923912,-0.012071598321199415,-0.031093331053853035,0.015735363587737083,0.013372222892940044,-0.051141660660505295,-0.015752816572785378,0.009849621914327145,-0.05244513228535652,0.033955298364162445,-0.05519503355026245,-0.03216453641653061,-0.04140954464673996,0.014121274463832378,0.05147935450077057,-0.002063063206151128,0.04814356938004494,-0.03648548200726509,0.09125715494155885,0.00909501500427723,-0.08695995062589645,0.017533456906676292,0.00616971030831337,-0.03678182512521744,-0.0028193381149321795,-0.04959192872047424,0.03399517759680748,-0.04015177488327026,0.04630670323967934,-0.10267926007509232,-0.015000274404883385,0.0024761445820331573,-0.07590818405151366,0.019567402079701424,-0.014646204188466072,-0.005176383536309004,-0.027671588584780693,0.008288493379950523,0.0067785894498229035,-0.014585191383957863,-0.027381671592593197,-0.04090748727321625,0.00537906913086772,0.0032271849922835823,0.004818528424948454,0.008775385096669197,0.12165210396051405,-0.10665016621351242,-0.014746834523975847,-0.01669124700129032,-0.10420630127191544,-0.07600559294223785,-0.0006911460077390075,-0.06493940204381943,-0.02259541302919388,-0.04923296719789505,0.0028554969467222686,-0.005635335110127926,0.0,-0.002789878286421299,0.051924433559179306,0.044013287872076035,0.05500782653689384,0.020079925656318665,-0.10107166320085524,0.06518539786338806,0.016012895852327347,-0.022048955783247948,-0.0470539815723896,-0.04891484603285789,0.10123670101165771,0.034842588007450104,-0.06314431130886078,-0.020668921992182728,0.011193175800144672,-0.019630756229162216,-0.01485830545425415,0.06630371510982513,-0.002820123452693224,0.015978097915649414,0.0005915493820793927,-0.07585999369621277
-0.028474211692810055,0.028086857870221135,0.0570399984717369,0.013739422895014286,0.008137067779898643,0.0009188308031298221,-0.004271142650395632,-0.05467788130044937,0.04191731661558151,-0.02863647229969501,-0.1251109093427658,-0.013343011960387228,-0.0981949046254158,0.08861035108566284,0.11330560594797134,0.033650416880846024,-0.013421876356005669,0.006898324470967054,-0.026392303407192234,0.014200304634869099,-0.05713031068444252,-0.016951965168118477,0.056871864944696426,0.03213317692279816,0.07503993064165115,0.019288651645183563,0.04658627882599831,0.046386729925870895,-0.007111162878572941,0.06892979890108109,0.0248554702848196,-0.0262034609913826,-0.03476881980895996,0.01573161594569683,-0.039572659879922874,-0.03599172085523605,-0.011180141940712929,-0.0942910388112068,-0.08172592520713806,0.01711970567703247,-0.037200070917606354,-0.004860852379351854,0.009208176285028456,0.002502468414604664,0.018582846969366077,-0.08291514217853546,0.05022628232836723,-0.06042349711060524,0.010390624403953552,0.013632363639771938,0.030327966436743736,-0.02334760129451752,0.026565779000520703,-0.04643061012029648,-0.07341059297323227,-0.08153758198022841,0.008083674125373363,-0.029371835291385647,0.018203597515821457,-0.0040079751051962376,-0.07635840773582457,0.07554832845926285,-0.05314170196652413,-0.03571140766143799,-0.029042635113000866,-0.054227083921432495,-0.05648697540163994,9.165947267320008e-05,-0.0017712716944515703,-0.032358475029468536,-0.026042919605970383,-0.09091045707464218,-0.001043969066813588,-0.017300918698310852,-0.04885779321193695,0.07137087732553482,-0.002789878286421299,0.0,-0.0023214584216475487,0.010060144588351248,0.03575451672077179,-0.007411215454339981,-0.008729356341063976,-0.13435789942741394,-0.08685345947742462,0.06376785039901733,0.025971809402108192,-8.911590703064574e-05,0.03577966243028641,-0.028553398326039314,0.002839295659214258,-0.03709240257740021,-0.006806836929172277,-0.1271250545978546,0.05368323624134064,0.008201115764677523,0.09382157772779463,0.00817245803773403,-0.012088198214769363,-0.05169400572776794
0.021803475916385647,-0.07529787719249725,0.03008377179503441,0.07187094539403915,-0.009040473029017448,-0.03138095140457153,-0.012307376600801945,-0.05302327498793601,0.020503984764218327,-0.06494618952274323,0.06381820142269135,0.038983292877674096,-0.04251484572887421,-0.0715758204460144,-0.0009425816242583096,0.009363780729472637,-0.013056048192083836,0.0692148357629776,-0.05397052317857742,-0.0021057825069874525,0.004742991644889116,-0.07180389016866684,2.2731410354026597e-05,-0.01680053025484085,-0.014280288480222223,2.438747969790711e-06,0.009035214781761168,0.02180194668471813,0.030440719798207283,-0.005571467336267233,0.100917287170887,-0.10291428864002228,-2.7429239707998928e-05,-7.572337199235336e-05,-0.06977050751447678,-0.0993550568819046,0.009235738776624201,-0.015501924790441988,0.01075144112110138,-0.026487411931157112,-0.08438732475042342,-0.0663587898015976,0.026660516858100888,0.0265730582177639,0.005096819251775742,-0.03203786537051201,0.023609157651662823,0.001560071832500398,0.02648717723786831,0.09237384796142578,0.01930530555546284,-0.053218703716993325,-0.0003330052422825247,-0.02382224611938,-0.020181685686111447,0.043656125664711,-0.06200733780860901,-0.04296628385782242,-0.07480961829423904,0.029200494289398197,-0.07467836886644363,-0.0360327772796154,0.056386109441518784,-0.020579565316438675,-0.09159058332443235,0.024091370403766632,0.004363297484815121,-0.08109304308891296,-0.0030981237068772316,0.026915982365608212,-0.039160165935754776,-0.029280951246619225,0.04823340848088264,0.035216283053159714,-0.0144477691501379,0.02877523005008697,0.051924433559179306,-0.0023214584216475487,0.0,0.030511360615491867,0.05103741958737373,-0.03124268166720867,0.21133513748645785,-0.03825965523719788,-0.08694372326135635,-0.05455382168292999,-0.04400801658630371,-0.05051816999912261,7.297890988411382e-05,-0.02479414828121662,-0.041709065437316895,0.035528115928173065,0.03347628191113472,0.04142492637038231,-0.03175406530499458,-0.02398192137479782,0.010111701674759388,-0.04472252726554871,-0.04540938511490822,-0.014334210194647312
-0.10633410513401031,-0.011987851001322268,-0.02665477618575096,0.01858752034604549,-0.06715931743383408,0.02341586537659168,0.03061578422784805,-0.05336097255349159,0.03666188195347785,-0.06161075830459595,-0.004744269885122776,-0.06578487157821655,-0.007430632598698139,-0.008087361231446266,-0.06218105927109718,0.004658113233745097,0.042343519628047936,-0.0012793600326403975,-0.02412929385900497,-0.06609079241752625,-0.03432287648320198,-0.058492396026849754,-0.022865425795316696,-0.04736197367310524,-0.07819510251283644,0.011532614938914776,-7.5756770456791855e-06,-0.03784801810979843,-0.07762420922517776,0.030464792624115944,-0.04004233703017234,0.25512921810150146,0.0792500227689743,-0.03503338247537613,0.08820842206478119,0.003059623064473272,0.019834430888295174,0.05496857687830925,-0.008779588155448435,0.018347982317209244,-0.035208601504564285,0.07320544868707658,-0.03055271506309509,-0.05245313420891762,-0.06885821372270584,-0.05887145176529884,0.02505243383347988,-0.015848200768232346,-0.05167116597294808,-0.046959757804870605,0.04051228612661362,-0.0028567996341735125,0.001388929202221334,-0.016480807214975357,-0.021017951890826225,-0.030848802998661995,-0.0020381323993206024,-0.0124037591740489,0.012286663986742496,0.003811996430158615,0.05242341384291649,-0.049585040658712394,0.04840822890400887,-0.06668137013912201,0.002794646192342043,-0.0008040346438065171,-0.07067975401878357,-0.003392874728888273,0.033239521086215966,0.030858488753437996,0.07872895896434784,-0.03996169939637184,-0.06009623408317566,-0.016078731045126915,0.05763837322592735,-0.09135669469833374,0.044013287872076035,0.010060144588351248,0.030511360615491867,0.0,-0.08595555275678633,-0.07671450823545456,0.03567338362336159,0.006194255314767361,-0.051662325859069824,0.02388738095760345,0.03746508806943893,0.03697488456964493,-0.06558793038129807,0.03237263858318329,-0.01269590575248003,0.08094535768032075,-0.0053977654315531245,-0.004941780120134354,-0.09332850575447081,-0.0052701919339597225,0.036492649465799325,0.060643520206213,0.0763041153550148,0.0005387077108025551
-0.020471232011914253,0.048636287450790405,-0.0033264521043747663,-0.01812415011227131,-0.03732089325785637,-0.01986735314130783,-0.03757662326097488,-0.11525645852088928,0.02062680572271347,0.028256798163056374,-0.0026110829785466194,0.002798916772007942,-0.10036379843950272,0.02745041064918041,-0.03852042183279991,0.02759093791246414,-0.06943701207637787,0.07429158687591551,0.014646222814917564,0.025143941864371296,-0.020528255030512806,-0.016006004065275192,-0.0362936370074749,0.039642013609409325,0.06318186223506927,-0.02671329118311405,-0.004015037789940833,-0.05985958874225616,0.002915394026786089,0.019318027421832085,-0.08966271579265593,-0.0025656581856310368,-0.006618442479521036,-0.03871116787195206,-0.0017975792288780212,-0.021096523851156235,-0.03976919129490852,0.0372987799346447,0.03740254044532776,-0.06717204302549362,-0.029714904725551605,0.024182137101888657,-0.05688873678445816,-0.02484385296702385,-0.0843963176012039,0.07918263226747514,0.014220119453966616,0.0008727021049708128,-0.0064330752938985825,-0.03623973950743675,-0.0020495469216257334,0.004001254681497812,-0.017201315611600876,0.008071962743997574,0.02385801076889038,-0.048643261194229126,-0.04107056558132172,0.04460006579756737,-0.08532031625509262,-0.04789943993091583,0.051293011754751205,0.035033147782087326,-0.01565084233880043,-0.00020630913786590097,-0.03149153292179108,-0.02694227173924446,-0.017591159790754318,-0.053066886961460114,0.09319478273391725,-0.0440930500626564,-0.012567773461341856,0.04200397431850433,-0.015499891713261604,0.026864280924201008,0.03627045825123786,0.01513890828937292,0.05500782653689384,0.03575451672077179,0.05103741958737373,-0.08595555275678633,0.0,0.008173927664756777,-0.015326868742704391,-0.04822538048028946,0.025093255564570423,-0.06404908001422882,0.04733935743570328,-0.0406198687851429,-0.08582859486341475,0.010860380716621876,-0.01103108748793602,-0.04281747341156006,-0.004244896583259106,-0.06437184661626816,-0.0012550053652375937,0.07294259220361708,-0.060957692563533776,-0.004353173077106476,0.021538745611906048,0.011824964545667171
-0.014767185784876347,-0.01533692143857479,-0.026230622082948685,0.02061152271926403,-0.035705924034118645,-0.0025828988291323185,-0.0011330483248457313,-0.009579590521752834,0.007674231659621,-0.037045545876026154,0.031062597408890724,-0.03016373701393604,0.04097099229693413,-0.005273468792438507,-0.019352544099092484,-0.0007367607904598115,0.004127544350922108,-0.040608771145343774,-0.07990529388189316,0.002460142597556114,-0.03797905519604682,0.008007618598639965,-0.019356539472937584,-0.018078668043017387,0.028049876913428303,0.00741951446980238,0.01391979306936264,-0.04888900369405746,-0.04567538574337959,0.005566089879721403,-0.002505320589989424,0.013476716354489326,-0.03839060664176941,0.02467307075858116,-0.06184747815132141,0.008263825438916683,-0.00593533692881465,-0.03653551265597344,-0.005635352339595556,-0.03208407387137413,-0.0015259708743542433,-0.05572036653757095,-0.015365741215646265,0.012381112203001976,0.03505057096481323,-0.0010330381337553263,0.017633814364671707,-0.0639096051454544,0.0007332094246521592,0.021768033504486084,0.06018099188804626,0.001013070810586214,-0.027208078652620316,-0.007488462142646312,0.0070013804361224174,-0.016889693215489388,-0.057857695966959,-0.009010640904307364,0.012229693122208118,-0.018502557650208477,-0.05507415533065796,-0.04744276776909828,-0.02128223143517971,-0.027332877740263935,-0.014858520589768887,-0.004700502846390009,-0.006286259274929762,-0.008432451635599136,0.0600748173892498,0.06516272574663162,-0.02224982902407646,-0.040029857307672494,0.008912664838135242,-0.05666953697800636,0.030400542542338368,-0.05215133726596832,0.020079925656318665,-0.007411215454339981,-0.03124268166720867,-0.07671450823545456,0.008173927664756777,0.0,-0.0147792249917984,-0.02983808144927025,-0.05957122519612312,0.03962559625506401,0.02006181702017784,0.0013692433713003993,-0.04455605894327164,-0.014966554939746857,0.016148803755640984,0.048147533088922494,0.033456895500421524,0.0001318646973231807,0.00012972978584002703,-0.019933836534619328,-0.020165327936410904,0.021293897181749344,-0.010594083927571772,-0.07030042260885239
0.040881678462028496,0.001136733335442841,0.02628991939127445,0.007210116833448409,-0.022926483303308487,-0.020109005272388455,-0.0016976973274722695,0.013208882883191109,0.01329731661826372,0.06959899514913559,-0.13616475462913513,-0.027037594467401505,0.015005656518042088,0.0549342930316925,-0.025345532223582268,-0.058462947607040405,-0.07320389151573181,-0.0375230610370636,0.028179023414850235,-0.058717552572488785,0.052623163908720016,-0.059959143400192254,0.004550948739051818,0.03782753646373749,0.009031305089592932,0.04441396147012711,0.08909889310598373,-0.07724151015281677,-0.0018894654931500556,-0.02507874369621277,-0.092183455824852,-0.12691952288150787,-0.057101257145404816,-0.08392020314931868,0.029743198305368423,0.05216494575142861,0.0009889145148918033,3.548274617060088e-05,-0.007092154119163752,0.005792091600596905,3.3894841180881485e-05,-0.030414476990699768,0.025914344936609268,-0.008252937346696854,0.009242621250450611,-0.1028706207871437,-0.029571248218417168,-4.670473208534531e-05,-0.04438096284866333,-0.011342289857566357,-0.013462115079164503,-0.033789467066526406,0.005174364428967237,0.007841675542294979,-0.005874870344996452,0.014269886538386343,-0.0633588582277298,0.01926319673657417,0.06645653396844864,0.033252157270908356,0.019450170919299126,-0.02670929208397865,-0.046412818133831024,-0.004669530782848597,0.05078743770718575,-0.07469376921653748,0.0015628025867044924,-0.031096529215574265,0.004501587711274624,0.021290069445967678,-0.037693675607442856,0.12486859411001204,-0.02549098245799541,-0.058738440275192254,0.001613591331988573,-0.12443603575229643,-0.10107166320085524,-0.008729356341063976,0.21133513748645785,0.03567338362336159,-0.015326868742704391,-0.0147792249917984,0.0,0.01033319253474474,-0.006226981990039349,0.007509338669478892,-0.0011480537941679358,0.06296137720346451,-0.056582335382699966,-0.028187848627567288,0.05300426483154297,-0.07287661731243132,-0.05049104616045952,-0.0019266208400949836,0.07579836249351501,3.7870104279136285e-05,-0.029429128393530846,0.1489497870206833,-0.04171887785196304,-0.04108956083655357
-0.06606671959161758,-0.015428755432367325,0.05205428600311279,-0.04298259317874909,0.0046911551617085925,-0.03312436863780022,-0.035740315914154046,-0.017746364697813988,-0.007478666491806507,0.02451426535844803,-0.028548050671815872,-0.03882923349738121,-0.03128054738044739,0.024445107206702232,-0.016211573034524918,0.08064518123865126,-0.10624340176582336,0.01141519285738468,-0.057035300880670554,-0.026040354743599888,0.02880517393350601,-0.010971634648740292,-0.03382187709212303,-2.894735735026188e-05,0.009440374560654163,2.4052265871432606e-05,-0.11870278418064116,-0.0012174624716863036,0.0024098632857203484,0.06149092689156532,0.007298720534890889,0.04647392779588699,-0.03216518461704254,0.07784128189086914,0.041497793048620224,0.006253493949770928,0.011678393930196762,-0.036357369273900986,0.030233114957809448,-0.14357587695121765,0.02910987474024296,0.04933009296655655,-0.0001873513392638415,-0.04881938546895981,0.0007402905030176044,0.05683235451579094,-0.04266587272286415,-0.052560314536094666,-0.0017048149602487683,-0.0979677215218544,0.02350694872438908,-0.03268799930810928,0.03874009475111961,0.01858622394502163,0.000822393863927573,-0.008908359333872795,-0.04037570208311081,-0.04387519136071205,0.00997469574213028,-0.046632040292024605,-0.07831767201423645,0.001774706644937396,0.0389002338051796,-0.031907059252262115,-0.02576296776533127,-9.237707854481413e-05,-0.022085558623075485,0.0990542620420456,-0.05898419767618179,-0.010221583768725395,-0.04661434888839722,0.04806115850806236,-0.10235743969678877,-0.06427762657403946,0.009167977608740328,0.051597133278846734,0.06518539786338806,-0.13435789942741394,-0.03825965523719788,0.006194255314767361,-0.04822538048028946,-0.02983808144927025,0.01033319253474474,0.0,-0.00015488843200728297,0.1039176508784294,-0.010528099723160265,0.055775199085474014,0.03076377883553505,0.005082028452306986,-0.057134825736284256,-0.033240150660276406,-0.0018902153242379425,-0.03007788397371769,-0.025925835594534877,-0.04499241709709168,0.0718047246336937,-0.01410446036607027,0.048458281904459,-0.008494515903294086
0.06799861788749695,-0.03951037302613258,0.04419525340199471,0.014361269772052763,-0.032006226480007165,-0.11817307025194168,-0.016385458409786224,-0.03858005255460739,0.06272035092115402,-0.028336193412542343,-0.039673462510108955,0.04213888198137283,0.058150749653577805,-0.0024209616240113974,-0.0247582383453846,-0.046458952128887177,7.419269968522713e-05,0.03817696496844292,-0.08418533951044081,-0.045628689229488366,0.0014170201029628515,-0.0311275701969862,-0.06297640502452849,-0.012924213893711565,-0.08223307132720947,0.01574087142944336,0.0844810977578163,0.10444643348455428,-0.00860755704343319,0.010478069074451923,0.021253617480397224,-0.02413586899638176,-0.04745456948876381,-0.05580660328269005,-0.058744080364704125,-0.05939073115587234,-0.010915876366198061,0.10775815695524216,-0.0018840667326003315,0.005242994986474514,0.003915952052921057,0.019178356975317,-0.09004673361778259,-0.044741440564394,0.05171100422739983,-0.019758891314268112,0.08583585172891615,0.0213603638112545,-0.003180023282766342,-0.016021769493818283,0.12328255176544188,-0.019695298746228215,-0.015536458231508732,0.04101697355508804,-0.03270939365029335,-0.01585611328482628,-0.0497279204428196,0.06284099817276001,0.01784772239625454,0.0027699165511876345,-0.0737452059984207,-0.031857702881097794,-0.03340870141983032,-0.05158407986164093,-0.061752352863550186,7.054614252410829e-05,-0.005116598214954138,0.05871497094631195,-0.06181950122117996,-0.05361916869878769,0.04057236388325691,-0.019679622724652287,0.08497441560029982,-0.08299737423658371,0.08089520782232285,0.029195440933108326,0.016012895852327347,-0.08685345947742462,-0.08694372326135635,-0.051662325859069824,0.025093255564570423,-0.05957122519612312,-0.006226981990039349,-0.00015488843200728297,0.0,0.04852066561579704,0.01223050057888031,0.03380926325917244,0.0569743774831295,0.07112221419811249,-0.039442989975214,-0.032608695328235626,-0.02625600062310696,-0.054683752357959754,-0.01925532892346382,-0.034153856337070465,-0.00011284318316029383,0.07859109342098237,-0.04676332324743271,0.0009079140145331619
0.047006115317344666,-0.0086743189021945,-0.05460768565535545,-0.019846275448799133,-0.008884279988706112,-0.0693146139383316,-0.016378527507185936,-0.008353819139301775,-0.011432299390435219,-0.024005115032196045,0.11096592247486115,-0.0397818349301815,-0.16014792025089264,0.018808458000421524,0.004321705549955368,0.002001590561121702,2.243660856038332e-05,5.5413755035260685e-05,-0.00017132036737166345,0.029183227568864822,-0.07349521666765213,0.09905517846345901,-0.044235803186893456,-0.07054363936185837,-0.0269611869007349,1.9286082533653826e-05,-0.08635540306568146,0.02643023245036602,-0.027203146368265152,-0.07169919461011887,-0.0420292466878891,-0.002068229950964451,-0.007402635645121336,-0.021429825574159626,-0.02180689387023449,-0.056081801652908325,0.06717058271169662,0.05572881922125816,-0.030073529109358788,0.062206022441387177,-0.0013929589185863731,0.019406497478485107,-0.06267011910676956,0.022761294618248936,-0.017344828695058823,0.03758826851844788,0.017741430550813675,-0.02723686583340168,-0.03460797294974327,-0.032724834978580475,-0.10948213189840315,-0.009699146263301373,-0.08809219300746916,0.04609092324972153,-0.02505655214190483,0.0722903460264206,0.01477052178233862,-0.004227245692163706,-0.11684046685695648,-0.002080571372061968,0.09750539064407347,-0.003922632429748774,0.039995647966861725,-0.011634615249931812,-0.019532086327672005,-0.05885471776127815,-0.04196205735206604,-0.04890390485525131,-0.020841959863901135,-0.028676226735115048,0.007644913624972106,0.0024894762318581343,0.08340678364038467,0.07209681719541548,-0.00878860242664814,-0.05924608930945397,-0.022048955783247948,0.06376785039901733,-0.05455382168292999,0.02388738095760345,-0.06404908001422882,0.03962559625506401,0.007509338669478892,0.1039176508784294,0.04852066561579704,0.0,-0.07539052516222,0.03733135387301445,0.00010890995326917619,0.02084786631166935,-0.01922046393156052,0.006062997039407492,-0.05066390335559845,-0.0016215795185416937,-0.004604320507496595,0.019982930272817608,-0.0643514096736908,-7.021786586847156e-05,0.02942362241446972,0.013827810995280743
0.05932032689452171,-0.034967854619026184,-0.024425052106380463,-0.008746221661567688,0.035860884934663766,-0.01975610665977001,0.06710300594568253,0.033489469438791275,-0.004031842574477196,0.027197394520044327,-0.0017287693917751312,0.033060185611248016,-0.06506646424531937,0.007161725778132677,-0.04759182780981064,-0.09806860983371735,0.02000838331878185,-0.04225645586848258,-0.011119572445750237,-0.05499141663312912,-0.03039725869894028,-0.029391350224614143,-0.0722871795296669,-0.013330194167792795,-0.05529027432203293,-1.1825355841210694e-06,-0.052068926393985755,-0.053733550012111664,0.03447631001472473,-0.053310949355363846,0.07757890224456787,-0.012542744167149065,-0.08744606375694275,0.0664716586470604,0.05461641028523445,-0.050907842814922326,0.06196147575974464,0.032892875373363495,0.037879496812820435,-0.022665120661258698,-0.0483129732310772,-0.03056860901415348,-0.04551730677485465,0.019272176548838612,-0.006388319656252861,-0.09724956750869752,0.04362563043832778,1.2674679965130052e-05,-0.00795913767069578,-0.08792845904827118,-0.04434532672166824,0.010434988886117935,-0.049372196197509766,-0.022225782275199887,-0.012347410432994364,-0.035103291273117065,-0.013673978857696056,-0.05993783473968506,-0.06059342995285988,0.04654861241579056,-0.01164411474019289,-0.0011728480458259583,-0.050807841122150414,0.012530747801065443,0.03620684146881104,-0.009817416779696941,0.01408193539828062,-0.0689527690410614,0.024437610059976574,-0.004776208661496639,0.0020798873156309128,0.039424072951078415,8.547935067326762e-06,0.024089477956295013,-0.05275794491171837,0.013446885161101818,-0.0470539815723896,0.025971809402108192,-0.04400801658630371,0.03746508806943893,0.04733935743570328,0.02006181702017784,-0.0011480537941679358,-0.010528099723160265,0.01223050057888031,-0.07539052516222,0.0,0.029069866985082623,0.04282611235976219,-0.08983436971902846,0.018080588430166245,-0.030553823336958885,0.02377068251371384,0.0282205231487751,-0.0005583054153248668,-0.0513002723455429,0.10975752025842667,-0.050999540835618966,-0.0317278690636158,0.08020265400409697
-0.1043090969324112,0.004513949621468782,-0.07957763969898224,-0.029065087437629696,-0.04505061358213425,0.046717818826437,-0.002849727403372526,0.01681571453809738,-0.014318413101136684,-0.042549755424261086,-0.005669448990374804,0.09519927203655243,0.05896533280611038,-0.05886618793010712,-0.060850512236356735,-0.027634326368570328,-0.10716688632965088,-0.018962435424327847,0.06038748100399971,0.053454533219337456,-0.0010568756842985747,-0.06835921108722687,0.017846278846263885,9.369083272758873e-05,0.02039661444723606,-0.10546334087848663,0.07379448413848878,0.00010781341552501544,-0.0006408647168427706,0.032979823648929596,-0.01843792013823986,-0.033525753766298294,0.0964929461479187,-0.016069423407316208,4.209303733659908e-05,-0.07799461483955382,-0.037192158401012414,-0.014493139460682867,-0.02790309116244316,-0.03583221510052681,0.03128083050251007,0.023596152663230896,-0.06260102242231369,-0.00716098491102457,-0.011385642923414707,-0.021483721211552616,0.015269047580659388,-0.04830881580710411,0.005116473417729139,0.06806541979312897,-0.03473638743162155,-0.0004293167730793357,0.01639900915324688,-0.025749390944838524,0.0235127117484808,-0.06150489300489426,0.007136068306863308,-0.04364265501499176,-0.059061266481876366,-0.08586626499891281,0.023727837949991223,2.8276621378608976e-05,-0.08503780514001846,0.01477941870689392,0.01886940933763981,0.09724263846874237,-0.013648457825183868,-0.019933169707655903,-0.04734957218170167,0.023304019123315808,-0.0485505536198616,-0.03816170245409012,0.041642382740974426,0.042655181139707565,0.03162730112671852,0.0431930236518383,-0.04891484603285789,-8.911590703064574e-05,-0.05051816999912261,0.03697488456964493,-0.0406198687851429,0.0013692433713003993,0.06296137720346451,0.055775199085474014,0.03380926325917244,0.03733135387301445,0.029069866985082623,0.0,-0.008363718166947363,-0.0632273480296135,-0.0036925643216818567,-0.03931088745594025,0.022243374958634377,-0.010400268249213696,-0.014160478487610815,0.03935794532299042,-0.05799994990229607,-0.0622386746108532,0.022954339161515236,-0.059465810656547546
-0.055177945643663406,0.012704023160040379,0.022620793431997296,-0.059296756982803345,0.05067482590675353,-2.0202171072014607e-05,-0.04871413856744766,-0.10310449451208115,-0.06688374280929565,0.0006955164717510344,4.6240333176683635e-05,0.0012202156940475106,-0.04555748775601387,0.0016547281993553042,0.005657387897372246,-5.934990622336045e-05,-0.011820211075246334,-0.002791093196719885,-0.10602974146604537,0.003642481053248048,0.010389478877186775,-0.03038903884589672,-0.01936737447977066,0.04238956794142723,-0.03443647548556328,-0.08418720215559004,0.046946797519922256,0.03395827487111092,-0.013490037992596626,-0.05039266124367714,-0.10174033790826796,0.010757586918771265,0.05022445321083069,0.002729015424847603,-0.09635263681411745,0.09444616734981535,-0.07933510094881058,-0.036216311156749725,0.07376759499311446,-0.015384161844849586,-0.06697912514209747,0.05043156817555428,0.0064166695810854435,-0.004903924185782671,0.0034538202453404665,-0.034657109528779984,-0.01909337192773819,-0.02352892793715,-0.03383040428161621,0.0522136390209198,0.010234056040644644,-0.03668691590428352,-0.07035895437002182,0.0011388034326955676,-0.01661989651620388,0.0453224778175354,0.051459137350320816,0.030317062512040135,-0.009145841933786867,-0.054693210870027535,0.059379372745752335,0.005901871714740992,0.005154875572770834,-0.010295672342181204,-0.011888978071510792,-0.015424516052007675,0.03650587797164917,-0.09173401445150375,0.08376602828502655,0.08467382192611694,-0.07954872399568556,-0.03073045983910561,-0.0026830541901290417,-0.05205423757433891,0.032877955585718155,-0.008744541555643082,0.10123670101165771,0.03577966243028641,7.297890988411382e-05,-0.06558793038129807,-0.08582859486341475,-0.04455605894327164,-0.056582335382699966,0.03076377883553505,0.0569743774831295,0.00010890995326917619,0.04282611235976219,-0.008363718166947363,0.0,-0.05104059725999832,0.04919956997036934,-0.0205156933516264,0.05422632023692131,-0.0033591876272112127,-0.0492241270840168,-0.0653209462761879,0.003141189692541957,-0.006104143336415291,-0.010224295780062675,0.03287522867321968
-0.06817838549613953,0.04672760888934136,-0.06511132419109344,-0.01701153814792633,-0.02268547751009464,0.015534327365458012,0.014430136419832706,0.02364654093980789,-0.005495925433933735,-0.0611809715628624,-0.04735171422362328,0.004551345948129892,-0.03723837807774544,-0.020354976877570152,0.017954617738723755,-0.048715751618146896,-0.02264438383281231,-0.07475937157869339,0.01085757091641426,0.007118894252926111,-0.00841596908867359,-0.05895981937646866,-0.04488234966993332,0.057521149516105645,0.003843307495117188,-0.0013285554014146328,0.002885066904127598,-0.03330869972705841,0.045649327337741845,0.018615677952766415,0.035218495875597,-0.025343019515275955,-0.029145561158657077,0.003168019000440836,-0.03341001644730568,-0.014454012736678123,-0.020641434937715527,-0.023690547794103622,0.06112450733780861,-0.04350060224533081,0.013612478971481323,-0.004214891698211432,-0.016775093972682953,0.03311792016029358,0.0017518809763714671,-0.11384540796279909,-0.011493876576423643,0.036732207983732224,-0.004643900785595179,-0.04090949147939681,-0.04441600665450096,-0.05929512903094292,0.042368579655885696,-0.025538254529237747,0.03693149238824844,-0.028772059828042984,-0.025573614984750748,-0.06798350811004639,-0.0005864190752618015,0.021232115104794506,-0.020392876118421555,-0.004389512352645397,-0.0587557964026928,-0.0019448553211987016,-0.030544122681021687,0.03184119984507561,-0.010710123926401138,-0.046762675046920776,0.01952901855111122,0.08723587542772293,-0.05565056949853897,3.089122765231877e-05,0.03434958681464195,0.03277574107050896,-0.009403667412698269,-0.03423269093036652,0.034842588007450104,-0.028553398326039314,-0.02479414828121662,0.03237263858318329,0.010860380716621876,-0.014966554939746857,-0.028187848627567288,0.005082028452306986,0.07112221419811249,0.02084786631166935,-0.08983436971902846,-0.0632273480296135,-0.05104059725999832,0.0,0.06158681213855744,-0.017933327704668045,0.0064470949582755566,0.03557975962758064,0.004335436504334211,-0.07019118219614029,0.03146637603640556,-0.05382518470287322,0.0021370602771639824,0.025037892162799835
0.04726114869117737,-0.06430011242628098,0.06283902376890182,0.0202975757420063,-0.0017714061541482806,-0.020620012655854225,-0.036104872822761536,-0.047455675899982445,0.007346062455326319,-0.010426917113363743,-0.004546058364212513,0.01287413202226162,0.011079927906394005,-0.007424026727676391,-0.04309448227286338,-0.02071729116141796,-0.05058122798800469,0.0007931068539619447,0.045459121465682976,-0.02664720080792904,-0.010125678963959215,-0.01313368696719408,-0.016718940809369087,0.024274658411741257,-0.013649122789502144,0.0031487906817346807,-0.02635483257472515,0.03695693239569664,-0.01665768213570118,-0.0076554957777261725,-0.009602759964764118,-0.03138241916894913,0.09041456133127213,0.0026550625916570425,0.007333541288971903,-0.0036061257123947135,-0.020064566284418103,-0.03695802390575409,-0.012221021577715872,-0.06192876771092415,-0.04137659817934036,-0.05961409211158752,0.04359152913093567,-0.09549911320209505,-0.052912075072526925,0.02321199141442776,-0.023315293714404103,0.035350196063518524,-0.03178602457046509,0.007530561648309232,-0.033758826553821564,0.04126131907105446,0.01914334110915661,-0.015087938867509363,-0.02012072131037712,-0.056088469922542565,-0.035016871988773346,-0.0008083596476353706,-0.035450972616672516,0.0007444721995852887,-0.07709824293851852,-0.011489680036902428,0.05248131603002548,0.007864651270210745,0.0011300361948087811,-0.08033640682697296,0.0298957284539938,0.002348667709156871,-0.057145949453115456,-0.08766498416662216,0.02575347386300564,0.01574249565601349,-0.008822427131235598,-0.06422184407711029,-0.00010012184065999465,-0.0005577040719799696,-0.06314431130886078,0.002839295659214258,-0.041709065437316895,-0.01269590575248003,-0.01103108748793602,0.016148803755640984,0.05300426483154297,-0.057134825736284256,-0.039442989975214,-0.01922046393156052,0.018080588430166245,-0.0036925643216818567,0.04919956997036934,0.06158681213855744,0.0,0.036280691623687744,0.024730015546083447,-0.021858932450413704,-0.02089907974004745,0.0762634426355362,-0.019713865593075752,-0.08609969168901443,0.0008808429120108485,-0.01740010268986225
-0.0953186675906181,0.01712869293987751,0.034270234405994415,-0.04288795217871665,-0.00042950146598741407,-0.013602057471871376,0.0002210756210843101,-0.03617527708411217,-0.028130171820521355,0.04208555445075035,-0.04973429441452026,0.01816626451909542,0.0013429771643131971,-0.009812323376536368,0.05510127544403076,-0.03417619690299034,-0.05095936357975006,0.086241714656353,-0.018178792670369148,0.02704004570841789,0.0069942716509103775,-0.00035288147046230733,-0.08411265164613724,0.036841847002506256,0.008333949372172356,0.0468440018594265,0.015628712251782417,-0.002201831666752696,0.043532438576221466,-0.05544052645564079,-0.048085812479257584,-0.06469931453466415,-0.024781065061688423,-0.013452943414449692,-0.005510339979082346,-0.07074268162250519,-0.052206613123416894,0.08727345615625381,-0.04410223662853241,0.014120759442448616,-0.0740649551153183,-0.0014988090842962265,-0.01974867284297943,0.02411499433219433,-0.01724310033023357,-0.002954369643703103,-0.004092904273420572,-0.010301498696208,0.0486384890973568,-0.0012988076778128743,0.01620687171816826,0.004990796092897654,-0.07190241664648056,-0.03399041295051575,-0.06058892980217934,-0.012403621338307856,0.08760907500982285,-0.02541382238268852,-0.011176603846251965,-0.036681123077869415,0.05452689900994301,0.022870611399412155,-0.09749331325292589,0.005571374204009771,-0.046160738915205,0.08864691108465193,0.03981824591755867,0.013192064128816128,-0.03797311708331108,-0.0869857594370842,-0.04361611604690552,0.08257878571748732,3.3794920454965904e-05,0.030937364324927327,-0.06127750873565674,0.01891344785690308,-0.020668921992182728,-0.03709240257740021,0.035528115928173065,0.08094535768032075,-0.04281747341156006,0.048147533088922494,-0.07287661731243132,-0.033240150660276406,-0.032608695328235626,0.006062997039407492,-0.030553823336958885,-0.03931088745594025,-0.0205156933516264,-0.017933327704668045,0.036280691623687744,0.0,-0.036608222872018814,-0.009832602925598621,-0.03146905824542045,-0.05375553295016289,0.07855149358510971,-0.007839630357921124,-0.057935144752264016,-0.0002126613544533029
0.011360354721546171,-0.0648438036441803,0.012297057546675203,0.0011486938456073403,-0.04689037799835205,-0.033022087067365646,-0.039925727993249886,0.022437008097767826,0.030864356085658077,0.0035411731805652376,-0.015231932513415812,-0.034634321928024285,-0.03132569044828415,0.023501304909586903,-0.019646331667900085,0.09782958775758745,0.007489783223718403,0.004334170371294022,-0.006852177903056145,0.000999725074507296,-0.006278670858591794,0.025238467380404472,0.042368296533823006,-0.062463246285915375,-0.041084211319684975,-0.0005161823937669396,0.043767951428890235,-0.005722363013774157,-0.010869312100112438,-0.012400909326970576,-0.028623478487133976,-0.005732846446335316,-0.06118457391858101,-0.07127874344587326,-0.010545069351792336,-0.047827225178480155,-0.0476796105504036,-0.06191590800881386,-0.03328384831547737,0.07040746510028839,0.0388474315404892,0.03575669229030609,-0.009808877483010292,0.03286019712686539,-0.03660154715180397,-0.02231526561081409,-0.09813398122787476,0.04071446880698204,-0.030964089557528492,-0.042288836091756814,-0.04398429021239281,0.006382919382303953,-0.006595979444682598,-0.006128810346126556,-0.07333663105964659,-0.007807619404047727,0.005457076709717512,-0.022710179910063744,0.02152052894234657,0.02118401974439621,0.0362590067088604,0.003722768742591143,-0.05070592463016511,-0.03218233957886696,-0.08315306901931761,0.04786015674471855,-0.08010951429605485,0.05450067296624184,-0.07111699134111404,-0.048645533621311195,0.010766486637294292,0.057792864739894874,0.00151718535926193,0.09757854044437408,-0.09463649243116377,-0.057555250823497765,0.011193175800144672,-0.006806836929172277,0.03347628191113472,-0.0053977654315531245,-0.004244896583259106,0.033456895500421524,-0.05049104616045952,-0.0018902153242379425,-0.02625600062310696,-0.05066390335559845,0.02377068251371384,0.022243374958634377,0.05422632023692131,0.0064470949582755566,0.024730015546083447,-0.036608222872018814,0.0,-0.01860708184540272,-0.0005265508661977947,-0.017178669571876522,-0.013906404376029968,-0.014756632968783379,0.007839338853955267,-0.007759965490549802
0.021052526310086247,0.03769853711128234,-0.05986005440354347,-0.021048966795206066,0.011233910918235779,-0.033886611461639404,-0.0026720622554421425,-0.024072928354144096,-0.008171694353222849,-0.003062629839405417,-0.01233178935945034,0.01513723749667406,0.05694068968296051,0.11750490963459014,-0.05433691665530205,0.013986555859446524,-0.05723001435399056,3.4707303711911663e-05,0.0676308199763298,-0.02228726260364056,9.063615289051084e-05,-0.02072990126907825,-0.09449817240238188,-0.06717672199010849,0.04020227864384651,-0.10483599454164504,-0.06929849088191986,0.013965526595711708,-0.035914577543735504,-0.023496869951486588,-0.05298464000225067,0.02688649855554104,0.012656896375119686,-0.10738099366426468,-2.0946339645888656e-05,0.021588396281003952,0.0019487581448629496,-0.08513994514942169,-0.08684752881526947,0.02558968216180801,0.04744218662381172,0.08639725297689436,0.0027346338611096144,-0.008316116407513617,0.010160189121961592,0.03914801403880119,0.029022974893450737,0.0012816594680771232,0.009645082056522368,-0.11109860241413116,0.05938037112355232,-0.030584653839468956,-0.031749602407217026,0.011216621845960615,0.001964709954336285,-0.047496262937784195,0.004342572763562202,0.05704409256577492,-0.017423957586288452,-0.04692409560084343,-0.00719144381582737,-0.029340989887714383,-0.020947016775608063,-0.07664738595485686,0.024685295298695564,-0.005610327236354351,-0.08573534339666367,-0.009311859495937824,0.030022418126463887,-0.024476001039147377,-0.009669567458331585,-0.08332356065511702,0.10377106815576552,-0.02583040483295917,0.018223533406853676,0.1480329781770706,-0.019630756229162216,-0.1271250545978546,0.04142492637038231,-0.004941780120134354,-0.06437184661626816,0.0001318646973231807,-0.0019266208400949836,-0.03007788397371769,-0.054683752357959754,-0.0016215795185416937,0.0282205231487751,-0.010400268249213696,-0.0033591876272112127,0.03557975962758064,-0.021858932450413704,-0.009832602925598621,-0.01860708184540272,0.0,0.07542788982391357,-4.094572796020657e-05,-0.02485704608261585,-0.014824781566858292,-0.055236004292964935,0.0728779137134552
0.0006534511921927333,-0.008672703057527542,0.022671310231089592,0.006947108078747988,-0.010342254303395748,0.02140771970152855,-0.023446569219231606,-0.03560430929064751,-0.04151884093880653,-0.027719898149371147,-0.023734966292977333,-0.02017173171043396,0.0014593226369470356,-0.12789706885814667,0.01120210438966751,-0.00542127201333642,0.04097073525190353,0.052251875400543206,0.005807671695947647,0.0003380222187843174,-0.024685071781277657,-0.05848144367337226,-0.03157150000333786,0.044737718999385834,-0.05856622382998466,0.0461556538939476,0.04505092650651932,0.024836771190166477,0.03493906557559967,-0.04499928653240204,-0.029164981096982956,0.02125897817313671,-0.0193601343780756,-0.009441683068871498,-0.007648467551916837,-0.024950090795755383,-0.03170665726065636,-0.007485291920602322,0.028969239443540573,-0.014238519594073296,-0.11205407232046127,-0.04789291322231293,0.07022804021835327,-0.011765876784920692,-0.09750773012638093,-0.034477077424526215,-0.024820389226078987,-0.009667885489761828,-0.021821901202201843,0.05249201506376266,0.03429839387536049,0.006941327359527349,-0.020934466272592545,-0.028390163555741314,-0.05006590858101845,0.020512126386165615,-0.03321904316544533,0.014223621226847172,0.020905664190649983,-0.027285533025860783,-0.0003475123958196491,0.0041648312471807,-0.02121986821293831,0.006125669460743666,-0.023127054795622826,0.05949752777814865,0.05144406482577324,-0.03964158147573471,-0.04148899763822556,-0.07423204928636552,0.032237958163022995,0.0042190286330878735,-0.057707175612449646,-0.009938197210431099,-0.022229649126529694,-0.03839428350329399,-0.01485830545425415,0.05368323624134064,-0.03175406530499458,-0.09332850575447081,-0.0012550053652375937,0.00012972978584002703,0.07579836249351501,-0.025925835594534877,-0.01925532892346382,-0.004604320507496595,-0.0005583054153248668,-0.014160478487610815,-0.0492241270840168,0.004335436504334211,-0.02089907974004745,-0.03146905824542045,-0.0005265508661977947,0.07542788982391357,0.0,-0.03831535205245017,0.05281710252165794,-0.039338044822216034,-0.02868140861392021,-0.001955366926267743
-0.010897058062255383,0.03650183603167534,0.01142788678407669,-0.05647347867488861,0.02473721094429493,-0.12728114426136017,-0.03249361738562584,-0.009332747198641298,-0.037406057119369514,-0.09627927839756015,0.003418894950300455,-0.03341343626379967,-0.00012550871178973466,-0.0478798933327198,0.028557347133755684,-0.08435293287038803,-0.0002783347154036164,-0.02587287873029709,-0.08824170380830765,-0.005956863053143024,0.03203097730875015,0.0510527603328228,-0.055933862924575806,-0.009817930869758127,-0.034167852252721786,-0.07212022691965102,-7.757377170491964e-05,-0.019243402406573292,2.328227310499642e-05,-0.026354771107435223,0.035570062696933746,-0.002417420968413353,-0.00728871813043952,-0.027241315692663193,0.09086167812347411,0.0312582403421402,0.00228562275879085,-0.04755738750100136,0.022035159170627597,0.0859668180346489,-0.0017687033396214247,0.0982845276594162,-0.060822151601314545,0.12769901752471924,-0.04066642746329308,0.008587378077208996,-0.06527525931596756,-0.020809605717659,0.01052932720631361,-0.05906175449490547,-0.03329344466328621,-0.08673392236232756,0.014942196197807789,-0.0024479711428284645,0.009552215225994587,0.11340592056512833,0.03601440042257309,-0.02280717901885509,0.07734336704015732,-0.012771597132086752,0.001071746926754713,-0.03101608343422413,0.022312918677926064,-0.03459271416068077,0.009421928785741327,2.9602468202938322e-05,0.01393821369856596,0.033210452646017075,-0.08124373853206633,0.03285345435142517,-0.07322631031274796,-0.0540267676115036,-0.07596874237060547,-0.10543356835842133,0.010503224097192287,0.03569573536515236,0.06630371510982513,0.008201115764677523,-0.02398192137479782,-0.0052701919339597225,0.07294259220361708,-0.019933836534619328,3.7870104279136285e-05,-0.04499241709709168,-0.034153856337070465,0.019982930272817608,-0.0513002723455429,0.03935794532299042,-0.0653209462761879,-0.07019118219614029,0.0762634426355362,-0.05375553295016289,-0.017178669571876522,-4.094572796020657e-05,-0.03831535205245017,0.0,0.08574370294809341,0.013713425025343893,-0.005661490838974713,0.05363223701715469
-0.009761874563992023,-0.050291258841753006,-0.012171926908195019,-0.002303592162206769,-0.03504057601094246,0.004359215963631868,-0.03548374027013779,0.0013491342542693019,-0.029170462861657143,-0.08197058737277985,-0.00992937758564949,0.0020646171178668737,-0.03455357253551483,-0.03005082719027996,-0.1162232682108879,-0.07398662716150285,0.06654379516839981,-0.051989953964948654,0.012238862924277782,-0.05358359217643738,0.0026989644393324848,-0.03338933736085892,0.13720634579658508,0.04144511371850968,0.03668810799717903,-0.10421038419008256,7.397069566650317e-05,0.0017218530410900712,-0.026268286630511284,-0.035213716328144073,-0.00020187512564007193,-0.11160072684288024,0.007475664839148521,-0.034504879266023636,-0.07749075442552567,0.03031610138714313,-0.08980581164360046,0.0478050373494625,-0.016105132177472115,-0.0043793576769530764,0.0740087330341339,-0.04136506840586662,-0.06706539541482925,-0.04712794348597527,-0.006068359594792128,0.1689455211162567,-0.07236598432064056,0.02191809192299843,0.0012529512168839572,-0.013326735235750675,0.0105314115062356,-0.025134092196822166,0.017814036458730698,-0.015738470479846,0.050011564046144485,-0.03736915066838264,0.02086486294865608,-0.0005650415550917387,-0.015520517714321612,0.0001224876323249191,-0.013341746293008327,-0.0035281439777463675,0.015860728919506073,0.00010059023043140768,-0.08195313066244125,0.03875317424535751,-0.03502243384718895,-0.022266685962677,0.015455961227416992,-0.0017886997666209936,0.05665219575166702,-0.04100578650832176,-0.02068398520350456,-0.031765058636665344,-0.04869575425982475,-0.028452374041080475,-0.002820123452693224,0.09382157772779463,0.010111701674759388,0.036492649465799325,-0.060957692563533776,-0.020165327936410904,-0.029429128393530846,0.0718047246336937,-0.00011284318316029383,-0.0643514096736908,0.10975752025842667,-0.05799994990229607,0.003141189692541957,0.03146637603640556,-0.019713865593075752,0.07855149358510971,-0.013906404376029968,-0.02485704608261585,0.05281710252165794,0.08574370294809341,0.0,0.11324358731508256,-0.08401200920343399,0.006308362353593111
0.00794999860227108,0.030287146568298336,0.020480085164308548,0.002611480187624693,0.013865107670426369,-0.04841315373778343,-0.007432896178215742,-0.06474611163139343,0.08383188396692275,0.03555131331086159,-0.0626809224486351,0.01808318123221397,0.08701761811971664,-0.028901342302560806,-0.03164292499423027,0.06499585509300232,2.0281402157706907e-06,-0.106680266559124,0.018419889733195305,0.016073133796453476,-0.04179451614618301,-0.0030945001635700464,-0.023441949859261513,0.03737669438123703,-0.09135454148054123,0.13335631787776947,-0.059258181601762765,-0.08753060549497603,-0.02001729607582092,-0.02661106362938881,-0.059021562337875366,-0.034989628940820694,0.033167824149131775,-0.01447345595806837,-0.04555792361497879,0.009700607508420944,-0.05904899165034294,-0.10413238406181335,-0.06863865256309509,0.054862756282091134,-0.05177778750658035,-0.020775128155946728,2.8847776775364764e-05,-0.02541513741016388,-0.09327775985002515,0.01858595758676529,0.00016192141629289836,0.18189041316509247,-0.04485591500997543,0.01329228188842535,-0.06448829174041748,-0.04269896820187569,-0.02110418863594532,-0.006953817792236805,-0.002103438600897789,-0.058145344257354736,-2.0142671928624623e-05,-0.06225736811757088,0.007481580134481191,-0.03302138298749924,-0.005626971833407879,-0.02806386537849903,-0.035290565341711044,0.06299524754285812,0.0364384762942791,-0.016853446140885353,0.0745071992278099,-0.04893585667014121,-0.004674196243286133,0.00707344664260745,0.012618333101272585,-0.0007630795589648187,0.051004577428102486,0.010002063587307928,-0.051206834614276886,0.03220151737332344,0.015978097915649414,0.00817245803773403,-0.04472252726554871,0.060643520206213,-0.004353173077106476,0.021293897181749344,0.1489497870206833,-0.01410446036607027,0.07859109342098237,-7.021786586847156e-05,-0.050999540835618966,-0.0622386746108532,-0.006104143336415291,-0.05382518470287322,-0.08609969168901443,-0.007839630357921124,-0.014756632968783379,-0.014824781566858292,-0.039338044822216034,0.013713425025343893,0.11324358731508256,0.0,0.024582013487815857,0.03132929652929306
-0.013867978006601332,0.002004809910431504,-0.05064968019723892,-0.002546836622059345,-0.0021120072342455387,0.027936294674873352,0.002920817583799362,0.018406456336379048,-0.08553136885166168,0.013025476597249508,-0.010912896133959292,0.0016557313501834867,0.05554071068763733,-0.013572593219578266,-0.004627547226846217,-0.07000713050365448,0.02559881657361984,0.05473122373223305,0.0041290572844445705,-0.05067786201834679,0.023736024275422096,-0.0516674779355526,-0.06009908020496368,-0.04777275398373604,-0.003571585053578019,-0.0341058112680912,-0.03740474581718445,-0.02291062474250793,0.00608209939673543,-0.034191783517599106,0.007382330019026994,-0.02303725853562355,-0.037390828132629395,-0.02034432627260685,-0.10068121552467346,0.01018920075148344,-0.007682951167225837,9.368442988488825e-05,-0.029651962220668793,-0.005219243932515383,0.003329094965010881,-0.04450672492384911,0.05371503904461861,-0.002148228697478771,0.0712490975856781,0.050905492156744,-0.020713467150926586,-0.04192999377846718,0.02740082144737244,-0.064140684902668,0.04870706051588058,-0.006221604067832232,-0.02159823849797249,-0.02032633312046528,-0.02237678505480289,0.023712785914540287,0.000289480754872784,0.02546071633696556,0.01577688939869404,-0.016863390803337097,-0.012129651382565498,-0.05030428618192673,-0.004059741273522377,-0.02033804915845394,-0.026223111897706985,0.0012267922284081578,-0.030936600640416145,-0.04864552617073059,0.02369479462504387,-0.04864819720387458,-0.025418149307370182,-0.04617173969745636,0.03205234184861183,-0.03174475580453873,-0.03025124035775661,0.04052182286977768,0.0005915493820793927,-0.012088198214769363,-0.04540938511490822,0.0763041153550148,0.021538745611906048,-0.010594083927571772,-0.04171887785196304,0.048458281904459,-0.04676332324743271,0.02942362241446972,-0.0317278690636158,0.022954339161515236,-0.010224295780062675,0.0021370602771639824,0.0008808429120108485,-0.057935144752264016,0.007839338853955267,-0.055236004292964935,-0.02868140861392021,-0.005661490838974713,-0.08401200920343399,0.024582013487815857,0.0,0.047548778355121606
-0.0022316647227853537,0.04296009242534637,-0.10443756729364397,0.0009162725764326752,-0.07060594856739044,0.02449081838130951,-0.030371772125363346,0.03294043242931365,0.03685763105750084,0.020185295492410656,-0.03373130410909653,-0.04351972043514252,0.03679550439119338,0.029800336807966232,0.018819872289896008,0.054545093327760696,-0.03292548656463623,-0.034905169159173965,-0.0647396519780159,0.06909986585378647,-0.012396659702062607,0.02466330863535404,-0.009342823177576063,-0.05624010786414146,0.035920340567827225,0.04526842385530472,-0.03009292110800743,-0.0019386489875614643,-0.06124654784798622,0.08085064589977264,-0.020333584398031235,-0.08404475450515747,-0.015291988849639893,-0.02103283442556858,0.1329888105392456,-0.04871168732643128,0.025035498663783077,0.004133662208914757,-0.0852103680372238,-0.010350724682211876,-0.0604279451072216,-0.05090882256627082,-0.049221720546483994,-0.06280198693275452,0.01892453245818615,0.01597538590431213,-0.0378686897456646,-0.07326287031173706,-0.02192116156220436,0.1930173337459564,-0.041039206087589264,-0.016855930909514427,-0.00869232602417469,0.006232983432710171,-0.0020747797098010774,0.03438374027609825,-0.060638729482889175,-0.0419369712471962,0.0074556190520525,-0.02682922035455704,-0.02073456719517708,-0.04505246132612228,-0.002804002957418561,-0.005587077233940362,-0.022347114980220795,-0.05071030557155609,-0.0005371267907321453,0.054384175688028336,-0.0012197617907077074,0.003846745705232024,-0.05367687717080116,-0.03541402891278267,-0.04851168021559715,-0.0010678436374291775,0.020747086033225056,-0.10844328999519348,-0.07585999369621277,-0.05169400572776794,-0.014334210194647312,0.0005387077108025551,0.011824964545667171,-0.07030042260885239,-0.04108956083655357,-0.008494515903294086,0.0009079140145331619,0.013827810995280743,0.08020265400409697,-0.059465810656547546,0.03287522867321968,0.025037892162799835,-0.01740010268986225,-0.0002126613544533029,-0.007759965490549802,0.0728779137134552,-0.001955366926267743,0.05363223701715469,0.006308362353593111,0.03132929652929306,0.047548778355121606,0.0
