0,1,2,3,4,5,6,7,8,9,10,11,12,13,14,15,16,17,18,19,20,21,22,23,24,25,26,27,28,29,30,31,32,33,34,35,36,37,38,39,40,41,42,43,44,45,46,47,48,49,50,51,52,53,54,55,56,57,58,59,60,61,62,63,64,65,66,67,68,69,70,71,72,73,74,75,76,77,78,79,80,81,82,83,84,85,86,87,88,89,90,91,92,93,94,95,96,97,98,99
0.0,0.017267350107431412,-0.0824565440416336,-0.001951257698237896,-0.04509057477116585,0.06958241760730743,0.03858046606183052,0.017643798142671585,-0.055115532130002975,-0.009919513948261738,-0.0009384070872329175,-0.05113620311021805,0.08826196938753128,0.012481165118515491,-0.10835028439760208,0.1534292697906494,0.026864003390073776,0.00030228932155296206,-0.044158559292554855,-0.05412690714001656,0.005329652223736048,-0.04464321956038475,0.044585615396499634,-0.0955347865819931,-0.11870809644460678,2.9537197406170886e-05,0.10799036175012589,1.3102679986332076e-05,0.009223522618412973,-0.021457623690366745,-0.08613738417625427,0.032906580716371536,0.03512673079967499,-0.09715228527784349,-8.15664607216604e-05,-0.04674066975712776,0.015307649970054626,0.02872106805443764,-0.030864274129271507,-0.056998111307621,0.027511758729815483,-0.03740377724170685,0.0626540556550026,0.03549561649560928,-0.020543742924928665,-0.05433148145675659,0.0817207545042038,-0.05282403901219368,-0.026750897988677025,-0.021402861922979355,0.06609955430030823,-0.01229690294712782,-0.03720835223793984,0.008288330398499964,0.032993007451295846,-0.0761767253279686,-0.04676636680960655,0.029859717935323715,0.007373451720923185,0.04753756523132324,0.013125743716955183,-0.002721701515838504,-0.16790756583213806,0.05975939705967903,-0.13896651566028595,0.030211389064788815,-0.03584463149309158,0.03192739188671112,-0.005923813674598932,-0.051794931292533875,0.04986993968486786,0.08873216807842255,2.7972831958322782e-05,-0.0019646831788122654,0.0052169570699334145,-0.032673560082912445,7.350413943640886e-05,0.002210179809480905,-0.019417792558670044,-0.0564342588186264,-0.0028232999611645937,0.003939230926334858,0.02106311544775963,-0.05827330052852631,8.09430275694467e-06,-0.0051857843063771725,0.02529991418123245,-0.0483899749815464,0.03747788444161415,-0.06046679988503456,0.01995828188955784,-0.02665594033896923,0.0013536211336031556,-0.0595325268805027,-0.02916923724114895,0.01386203058063984,0.00012052983947796748,-0.05480159446597099,0.0997696965932846,-0.013534944504499435
0.017267350107431412,0.0,0.03471384570002556,0.025643862783908844,0.08307774364948271,0.009677523747086527,-0.03576221689581871,0.012567291036248209,-0.07934147864580153,-0.07883174717426301,-0.009078074246644972,-0.01940174959599972,0.012390567921102045,-0.0643884614109993,0.07122177630662918,0.01924425922334194,-0.0180928036570549,0.018930163234472275,0.024736542254686356,0.031812883913517,0.006932016462087631,-0.10780233144760132,0.012658007442951202,3.424188253120519e-05,-0.02910219505429268,0.02178232930600643,-0.0015807959716767073,0.015718450769782066,-0.06421657651662827,0.01705729030072689,-0.015647951513528824,-0.0742984339594841,-0.011378024704754353,-0.021479913964867592,0.05541253462433815,0.011565994471311567,-0.06617936491966248,-0.01192137226462364,-0.012121517211198807,0.04806099832057953,-0.05214427784085274,-0.054007973521947854,0.11419104784727097,-0.05735473707318305,-0.024207996204495427,0.09381794929504393,-0.12789277732372284,-0.11776403337717056,0.1097927838563919,0.04103768244385719,0.00018545673810876903,0.015901844948530197,0.003539548721164465,0.020069731399416924,-0.04520527273416519,-0.03154362738132477,0.035460811108350754,0.018428219482302666,0.0675160214304924,0.024494580924510956,-0.011645895428955553,-0.0336189903318882,-0.03709661588072777,-7.80418558861129e-05,-0.03745647147297859,0.0953679084777832,-0.1071791648864746,-0.010786023922264576,-0.018893832340836525,-0.04084407538175583,-0.02898938208818436,-0.0042341058142483234,0.029943831264972687,-0.02623453177511692,-0.02910294383764267,-0.02440469525754452,-0.03817515447735786,-0.021702852100133892,0.05008426308631897,0.02364163100719452,0.0013128642458468676,0.02502351440489292,0.008520291186869144,-0.005428528878837824,-0.05676685273647308,-0.02421746589243412,-0.06136048212647439,0.028925737366080284,0.04245274886488914,0.03188785910606384,-0.022381488233804703,0.055552415549755096,-0.07794760167598723,-0.0013092128792777655,-0.031776063144207,-0.05537496507167816,-0.07526133209466934,0.02436348609626293,-0.11369480937719344,-0.06204141303896904
-0.0824565440416336,0.03471384570002556,0.0,-0.05867656320333481,0.029395561665296555,0.055338066071271896,0.06815493851900101,0.082505464553833,-0.03460258990526199,0.019638631492853165,0.03387795761227608,0.056916333734989166,-0.051418595016002655,-0.009856437332928179,-0.002005416201427579,-0.04299452900886536,-0.0688159167766571,-0.009030847810208797,-0.04125671833753586,-0.05034834519028664,0.026676278561353683,-0.01601431332528591,0.11627007275819778,-0.037676773965358734,-0.08568624407052994,-0.017975887283682823,0.061948228627443314,-0.04834942519664765,0.011950820684432983,-0.08630625903606415,-0.004313674755394459,0.08177006244659424,0.0389905758202076,-0.04290958121418953,0.062656931579113,-0.0248126108199358,0.0042832172475755215,-0.033073559403419495,-0.03334493935108185,-0.02076517418026924,-0.06329666078090668,0.01975764520466328,0.006557642482221127,-0.03130762651562691,-0.007746546529233455,0.045079462230205536,0.04621779918670654,-0.0022106466349214315,0.016614621505141258,-0.06881393492221832,-0.01760708913207054,0.12758778035640717,-0.04420981183648109,-0.030835775658488277,-0.02288689464330673,0.022281087934970852,-0.12793484330177307,-0.04618218168616295,-0.015962030738592148,-0.02269955910742283,-0.0751294121146202,0.07609207183122633,-0.0256472360342741,-0.01829102262854576,-0.0052079311572015285,-0.05568329244852065,0.023962683975696564,0.06979981809854507,-0.024692298844456673,0.02600395865738392,-0.04552052915096282,-0.023238206282258037,-0.0814700499176979,-0.029348449781537052,0.0015701907686889172,0.0007646438316442072,-0.05708441510796546,-0.04840899258852005,-0.05489875376224518,-0.019707242026925087,0.03334019333124161,-0.024687746539711952,-0.09256768971681593,0.021172454580664635,-0.007017645984888077,-0.038773924112319946,0.004824945703148842,0.03185652941465378,0.014278188347816467,-0.02567547746002674,0.03477519005537033,-1.495036940468708e-05,-0.004322435706853867,-0.019256150349974632,0.03356429561972618,-0.045263554900884635,0.0057532754726707935,-0.04309719055891037,0.02271800674498081,0.023336682468652725
-0.001951257698237896,0.025643862783908844,-0.05867656320333481,0.0,-0.00648909667506814,-0.02630936726927757,-5.0709288188954815e-05,0.009328141808509825,0.016453849151730537,-0.007018757052719593,0.020202437415719032,0.010276002809405327,-0.04650072380900383,-0.011775865219533443,-0.05251118913292885,0.029599348083138462,-0.006346407346427441,0.04149816930294037,-0.034083470702171326,-0.03403664752840996,0.021683713421225548,0.03650079295039177,-0.034755248576402664,-0.058534931391477585,-0.08752807974815369,-0.08210758864879608,-0.03200697898864746,-0.029883991926908493,-0.0007463439251296222,-0.04345235973596573,0.014940139837563036,0.10920894145965576,-0.07832549512386322,-0.051021222025156014,-0.04292358085513114,0.01998677849769592,-0.04430314898490906,0.017421171069145203,0.0070886784233152875,0.00750292744487524,0.023697709664702412,-0.043354474008083344,0.026424081996083256,-0.07913002371788026,-0.005092190112918615,0.0316322036087513,0.031209729611873623,0.0005671204999089241,-0.05198427289724349,-0.012595660053193567,-0.004329662770032883,0.006046159192919731,-0.02670656330883503,0.00864661205559969,0.028589611873030663,0.024552062153816223,-0.011343371123075483,-0.08014601469039918,-0.06300617009401321,0.06418175250291824,-0.059119202196598046,0.0035662583541125055,0.005736149847507477,0.014114710502326488,-0.012637784704566,-0.01643267460167408,-0.002755566965788603,-0.010234246030449867,-0.010283992625772951,0.005717826075851916,-0.06111001595854759,-0.07089309394359589,0.00048075345694087446,0.018286673352122303,0.0078058666549623,0.023195959627628326,-0.015108452178537844,0.007693666033446787,-0.035827863961458206,-0.034287624061107635,0.021319039165973663,-0.038935896009206765,-0.05408633872866631,-0.03352200984954833,0.06872779130935669,0.024615002796053886,-0.011113871820271015,0.08430517464876176,-0.014584370888769627,-0.022957446053624157,-0.0031470546964555974,-0.09379640966653824,-0.030139371752738953,0.03844670206308365,0.01887584291398525,0.06578274816274643,-0.057408031076192856,-0.011264346539974213,-0.019391527399420735,0.01192745380103588
-0.04509057477116585,0.08307774364948271,0.029395561665296555,-0.00648909667506814,0.0,-0.028169792145490646,-0.022304359823465347,0.04057666286826134,-0.0011815468315035105,0.013903435319662094,0.014949887990951538,-0.02263554558157921,-0.0008921484113670884,-0.0288410559296608,-0.015588869340717793,-0.026045119389891624,0.004495857283473015,-0.05684845894575119,0.05553575977683067,-0.01645275577902794,-0.07677792757749556,0.05672009289264679,-0.026301970705389977,-0.07003192603588104,-0.001497384626418352,-0.021579181775450703,-0.08487838506698608,-0.02083851397037506,0.005826086737215519,-0.0004486975667532533,-0.04728211835026741,-0.0010860756738111377,-0.05645045638084412,0.013064639642834663,-0.0008826638804748654,-0.020283026620745655,0.02775293029844761,-0.009136597625911236,-0.009058764204382896,-0.003310771426185965,0.03169335052371025,0.004058681428432465,-0.08771499991416931,0.04988457635045052,0.020729452371597287,-0.07298637926578522,0.03902461752295494,0.019415071234107018,-0.0652395710349083,-0.01576311886310577,0.002312517957761884,-0.05982674658298493,-0.02011935599148273,-0.017516516149044037,0.04882542043924332,-0.04456210881471634,-0.035047564655542374,-0.02525200881063938,0.005717912223190069,-0.049031034111976624,-0.025398680940270424,-0.03589949011802673,0.000365768268238753,0.02092825062572956,-0.02227625995874405,-0.013112645596265793,0.050376333296298974,-0.07328525930643082,0.03281456232070923,-0.032568544149398804,0.05738938599824905,0.0059028808027505875,-0.03518589958548546,-0.010461432859301569,0.008709801360964775,0.0021271370351314545,0.03021636977791786,0.046568561345338814,-0.01923336647450924,-0.002623026724904776,-0.01017936784774065,-0.04732255265116692,-0.006303191650658846,-0.04979727044701576,0.009487248957157137,-0.01294997241348028,-0.03981921821832657,-0.08481181412935257,-0.007992670871317385,-0.05056242644786835,0.03134492412209511,-0.032502464950084686,0.0014417225029319525,0.041195787489414215,-0.03339460864663124,-0.013933791778981684,0.03275797516107559,-0.012097379192709923,0.06188519299030304,-0.03615798056125641
0.06958241760730743,0.009677523747086527,0.055338066071271896,-0.02630936726927757,-0.028169792145490646,0.0,-0.02588683553040028,-0.010918665677309036,0.07837967574596405,-0.042345747351646416,0.024045446887612343,0.008204460144042969,-0.04060714319348335,0.003762206993997097,-0.05258561670780182,-0.05343221500515938,0.0018963657785207035,0.015347016975283623,-0.01818063296377659,-0.01921628229320049,-0.06377942115068436,-0.014801566489040852,-0.0007305839098989964,0.0020328138489276166,0.03859297186136246,-0.019567981362342834,-0.01717219687998295,0.007987193763256073,-0.05463988706469536,0.01562984101474285,0.03336619585752487,0.028606902807950974,-0.023360708728432652,0.0126929497346282,0.003704794449731708,0.005810528993606567,-0.01736046001315117,0.06384162604808807,0.018218714743852612,-0.01846983656287193,-0.01605132780969143,-0.1197954937815666,0.003571377834305167,-0.015581516548991203,0.0545961819589138,-0.06681162118911743,-0.05010596290230751,-0.03903352469205856,-0.0009211314609274269,-0.011759325861930847,-0.1327955424785614,-0.07191097736358643,0.009060349315404894,0.0008772356086410582,0.0244088601320982,0.020704109221696854,0.004064157139509916,-0.032548435032367706,-0.0736335441470146,-0.03117007575929165,-0.01520524639636278,-0.002325318055227399,-0.013638830743730068,0.01072515081614256,-0.08474604040384291,0.07990837097167967,-0.00922490656375885,-0.019953150302171707,-0.02362450398504734,-0.0016429586103186011,0.0003205467946827412,0.025294099003076557,-0.043597862124443054,-0.012417815625667572,0.04137755185365677,0.02069445513188839,0.09103643149137497,0.025470338761806488,-0.017510347068309784,-0.05126570165157318,-0.035990580916404724,-0.003191737458109856,-0.04751915112137794,-0.10984177887439728,-0.016225265339016914,0.0034922841005027294,-0.014488072134554386,0.045626718550920486,-0.0899721011519432,0.023609636351466175,-0.01445077545940876,-0.13436399400234222,0.04435812681913376,0.028437273576855656,-0.008463467471301556,-0.026145754382014275,0.03454093635082245,0.020629096776247025,-0.016740748658776283,0.015660487115383148
0.03858046606183052,-0.03576221689581871,0.06815493851900101,-5.0709288188954815e-05,-0.022304359823465347,-0.02588683553040028,0.0,0.0013933756854385135,-0.00027114665135741234,-0.0026878025382757183,-0.02290559746325016,0.02533816173672676,-0.0014389087446033955,-0.016902541741728783,-0.028156798332929608,0.004579774104058743,-0.019958848133683205,-0.020531566813588142,0.031077416613698006,0.011476296931505203,-0.014703435823321342,0.009726128540933132,-0.012347730807960032,0.003513908945024013,0.00043983737123198807,0.0589154064655304,-0.10239993780851364,-0.06013140454888344,0.01603231020271778,-0.005118276923894881,0.03639048337936401,-0.011185488663613796,-0.006066613364964724,-0.04532289132475853,-0.06377062201499939,-0.005925411358475685,0.041770849376916885,-0.0641791820526123,0.010721098631620409,0.008286470547318457,0.022511199116706848,-0.028044844046235085,-0.002902591601014137,0.010501747019588947,-0.0024146656505763526,0.02275718189775944,-0.00567954545840621,-0.0031344008166342974,0.012731991708278656,-0.014717547222971916,-0.027480391785502437,-0.059802964329719537,0.0401759184896946,0.009624482132494448,-0.010988296009600163,-0.007270805072039365,0.006874177604913712,-0.01478753052651882,0.02661537565290928,-0.0776393786072731,0.004058969207108021,-0.04910535737872124,0.050525400787591934,-0.014688351191580296,0.01078522764146328,0.013043444603681564,0.028503421694040295,-0.0798124447464943,0.0312073715031147,0.004451024811714888,-0.019723542034626007,-0.025818144902586937,0.08736350387334822,-0.027504602447152134,0.0017067304579541087,-0.007649500388652086,-0.10432647168636322,-0.036325544118881226,0.008798564784228802,-0.024921974167227745,0.0228663831949234,0.005233531352132559,0.045155834406614304,-0.06870550662279129,0.015465705655515192,-0.05533023178577423,-0.05449651554226875,-0.0018064751056954265,-0.019350985065102577,-0.033270716667175286,-0.09617426991462708,0.02005133405327797,-0.031224813312292096,-0.05189845338463783,-0.03874322772026063,-0.034867484122514725,0.04560855403542519,-0.03320321813225746,-0.06313186883926392,-0.013805649243295193
0.017643798142671585,0.012567291036248209,0.082505464553833,0.009328141808509825,0.04057666286826134,-0.010918665677309036,0.0013933756854385135,0.0,0.04224378615617752,-0.015711206942796707,-0.07845233380794525,-0.1152285411953926,0.0008032083860598503,0.03866645693778992,0.018020156770944595,-0.009958797134459017,0.04288621246814728,0.0442693829536438,-0.04366229474544525,0.031165648251771927,-0.020673679187893867,-0.05669688060879707,-0.07728274911642073,0.09993824362754819,-0.06445008516311646,-0.0018281827215105293,0.07801494002342224,0.07174763083457947,-0.047084830701351166,-0.01206610072404146,-0.03153921663761139,-0.002422953024506569,2.734020563366357e-05,0.01269255205988884,-0.05984228104352951,-0.019350601360201836,3.150600241497159e-05,0.03369840607047081,0.002908895490691066,-0.0550638809800148,-0.052763570100069046,-0.005667125340551138,-0.07632646709680557,-0.04381375759840012,0.025533335283398628,-0.04748516157269478,-0.03301025927066803,-0.01685631088912487,-0.1026364266872406,0.01576290838420391,-6.701381062157452e-05,-0.06514543294906616,-0.005398264620453119,-0.021315274760127068,-0.08018860965967177,-0.06612718850374222,0.07869262248277664,0.08694096654653549,-0.11076359450817108,0.11035723239183425,0.03104900754988193,-0.015551197342574596,-0.09563742578029633,0.009668037295341492,-0.020766282454133037,-0.11833203583955763,-0.053918816149234765,-0.007210582494735717,-0.07342697679996489,0.0005250661633908749,-0.05772897228598595,0.005813739262521266,1.990953569475096e-05,0.03342510014772415,-0.013815523125231266,0.050831638276577,0.08477532118558884,-0.006742183119058609,-0.017369216307997704,-0.024689536541700363,-0.0536128506064415,0.05242174863815308,-0.038054920732975006,-0.03288201615214348,-0.06495054066181183,-0.0009979474125429988,0.023301152512431145,0.012940449640154839,-0.07591573148965836,0.0004064438689965754,-0.08209348469972609,0.048366427421569824,0.01050092466175556,-0.026250872761011124,0.015538585372269152,0.011435499414801596,0.04934694617986679,0.062179792672395706,0.00509099755436182,0.0741271525621414
-0.055115532130002975,-0.07934147864580153,-0.03460258990526199,0.016453849151730537,-0.0011815468315035105,0.07837967574596405,-0.00027114665135741234,0.04224378615617752,0.0,-0.025657895952463153,-0.02306823804974556,-0.0137369018048048,0.03666011989116669,-0.039417654275894165,0.004163570702075958,0.018103117123246193,-0.031612325459718704,-0.02088433876633644,-0.003272264264523983,-0.0220163818448782,0.028071891516447067,0.0015568807721138,-0.028115902096033096,-0.03343673422932625,0.013511726632714272,-0.04258819296956062,-0.0002037621597992256,-0.028620772063732147,-0.005176769569516182,-0.010870797559618948,-0.06177828088402748,-0.08112765848636627,0.013630264438688757,-0.03056346625089645,-0.010809853672981262,0.006638996303081512,-0.0110657075420022,-0.06899742037057877,-0.0412118174135685,0.020069941878318783,0.013302099891006947,0.047709062695503235,0.015575261786580084,-0.013598614372313023,-0.04966474696993828,0.01147885899990797,0.003381486050784588,-0.008249344304203987,-0.003093593055382371,0.005811545066535473,0.06267224252223969,0.03779320418834686,-0.04036809504032135,-0.013021977618336676,-0.02523577213287353,-0.04057080671191216,-0.02227140218019485,0.007864552550017834,0.07801276445388795,0.0006681816303171217,-0.015383009798824787,-0.022038877010345456,-0.01551525667309761,-0.021915547549724575,0.022831426933407784,0.007485560607165097,-0.021308818832039837,0.002275287639349699,0.016650492325425148,-0.04250350221991539,-0.005191944539546967,-0.022984012961387634,0.03936988487839698,-0.01773032173514366,-0.05077462270855904,-0.07049205154180527,-0.07291801273822784,-0.026254501193761826,0.02544892765581608,0.0264721754938364,-0.020644206553697583,-0.02568557672202587,0.02428855374455452,0.06442762166261673,-0.0007915518945083022,-0.0029428135603666306,-0.021705228835344315,-0.050270382314920425,0.03515087068080902,-0.01767795905470848,0.031866952776908875,0.050986148416996,-0.05223510041832924,-0.011864562518894672,-0.016983112320303917,0.01076513435691595,-0.07540253549814224,-0.04347231611609458,-0.005763811524957418,-0.052921608090400696
-0.009919513948261738,-0.07883174717426301,0.019638631492853165,-0.007018757052719593,0.013903435319662094,-0.042345747351646416,-0.0026878025382757183,-0.015711206942796707,-0.025657895952463153,0.0,0.0770021602511406,0.039884958416223526,-0.03513096645474434,-0.05325610563158989,-0.005467811133712529,-0.04169445857405663,-0.01138109154999256,0.09918423742055893,-0.03020673245191574,-0.03291580453515053,-0.008068324998021124,-0.007026871666312218,0.0007976926281116903,-0.005125677678734064,0.11976674944162367,-0.0028003293555229902,0.07973676919937132,-0.01728980429470539,-0.0012597221648320556,0.0036082139704376455,-0.013896169140934944,0.0016676114173606038,0.012316402047872543,-0.08676756918430328,0.03109817765653133,0.01829609461128712,-0.13392871618270874,-0.05825437605381012,0.10819952189922331,0.001259361277334392,0.025549426674842834,0.006265657022595406,-0.08341562002897263,-0.05520502850413322,-0.029131120070815086,-0.016263339668512344,-0.07665685564279555,-0.10547136515378952,0.04290888458490372,-0.008831125684082508,0.07082904130220413,-0.04252798855304719,0.04865262657403946,0.013846972957253456,0.01095493510365486,-0.009035735391080381,0.006449245382100344,-0.0299419816583395,0.04867539182305336,0.0022946908138692375,-0.008285541087388992,-0.053578823804855354,0.04551980271935463,-0.06071330979466438,0.0743744894862175,0.050990186631679535,-0.07026005536317825,0.0045257918536663055,-0.017430678009986877,-0.08535482734441757,0.007010355591773987,0.023114759474992752,-0.011667297221720219,0.013925626873970032,-0.10078237950801848,-0.04356519505381584,-0.06010812148451805,0.0785401463508606,-0.05076796934008598,-0.0820271298289299,0.01991254650056362,0.023175258189439774,0.030632015317678448,0.01318109594285488,-0.015016092918813229,-0.016803709790110588,0.06102533265948296,-0.06662866473197937,0.028252312913537025,-0.07899129390716551,-0.040492147207260125,0.0008617637213319539,0.0008243733318522573,-0.0049394527450203896,-0.0011206204071640968,0.06388338655233383,-0.07656238228082655,-0.0292131882160902,-0.08103121817111969,0.019322935491800308
-0.0009384070872329175,-0.009078074246644972,0.03387795761227608,0.020202437415719032,0.014949887990951538,0.024045446887612343,-0.02290559746325016,-0.07845233380794525,-0.02306823804974556,0.0770021602511406,0.0,0.03016115538775921,-0.004985646810382605,0.025995248928666115,-0.09181516617536543,0.005976472981274128,-0.004428102634847164,-0.1291699260473251,-0.0032871454022824764,-0.019271641969680783,-0.10341303050518036,0.0281995739787817,0.040387295186519616,0.030928809195756912,0.008785347454249859,-0.02605052664875984,-0.09336977452039719,0.03967704996466637,0.0423734225332737,-0.02863680757582188,-0.039066877216100686,-0.0012665344402194023,-0.008825013414025305,0.07137377560138702,-0.02326684258878231,0.036382541060447686,0.08638382703065872,-0.07559158653020857,-0.02359526045620441,-0.04056999459862709,0.0015624990919604895,-0.02052823640406132,-0.01568548195064068,0.04134697094559669,-0.09067832678556442,0.02843199856579304,-0.09345437586307523,0.03914517164230347,-0.1061718538403511,0.014691704884171484,0.0046384697780013084,-0.02051875926554203,-0.020070685073733326,-0.03229529783129692,-0.06419283896684647,-0.014040972106158732,0.02768866717815399,0.01628618873655796,0.0041516972705721855,0.07260676473379134,1.3253970791993195e-05,-0.023512061685323715,-0.05416704714298248,0.01414082944393158,0.0077458182349801055,-0.007664751261472702,-0.04377223178744316,-0.01100928708910942,-0.07472047209739685,0.0529564544558525,0.11614107340574265,0.003949692938476801,0.09703613072633745,0.021228419616818428,-0.0552871972322464,-0.04231036454439163,-0.11201416701078414,-0.034562692046165466,-0.033870916813611984,0.07776011526584625,-0.03094891645014286,-0.00018221345089841637,0.02953437529504299,0.007753716781735421,-0.0405450202524662,-0.05133727192878723,-0.01018577255308628,0.0370427593588829,-0.08486033231019972,0.0724102333188057,-0.004620107356458902,-0.011138404719531536,-0.04374846816062927,-0.08289436250925064,0.036131475120782845,0.0014438065700232983,-0.020177531987428665,0.004026424139738082,0.08214837312698364,-0.05638225004076958
-0.05113620311021805,-0.01940174959599972,0.056916333734989166,0.010276002809405327,-0.02263554558157921,0.008204460144042969,0.02533816173672676,-0.1152285411953926,-0.0137369018048048,0.039884958416223526,0.03016115538775921,0.0,0.02275894023478031,-0.058588821440935135,0.07990692555904387,0.005226681940257548,0.010224216617643831,-0.030594948679208755,0.06029223650693893,0.04645022377371788,0.016157008707523342,-0.01915375329554081,-0.09804947674274445,0.005990269593894482,-0.10600675642490386,0.025099696591496468,-0.012257303111255167,0.023778101429343224,-0.07723068445920944,-0.0293189100921154,-0.1278347671031952,-0.00041633585351519287,-0.048178136348724365,0.020638369023799896,-0.05025886744260788,-0.052118103951215744,-0.01074922364205122,-0.07682083547115326,-0.0013621154939755795,-0.024165915325284004,-0.03605779632925987,0.002863937290385365,0.05871862918138504,-0.06054563820362091,0.023241199553012848,-0.07651568949222563,0.07699663192033766,0.04243432357907295,-0.030376587063074112,-0.02116521447896957,0.042481429874897,-0.0284050926566124,-0.03643996641039848,-0.002076344797387719,-0.03053854964673519,-0.05418415740132332,0.00510107958689332,0.04728446900844573,-0.06309163570404053,0.002951824339106679,0.044942364096641534,-0.054637473076581955,-0.025951392948627472,-0.01904231309890747,-9.1588961367961e-05,-0.017147675156593323,-0.0038101926911622286,-0.040947310626506805,-0.06307490170001984,0.03904001414775848,-0.028413934633135796,-0.06333734095096588,-0.11740794777870178,-0.005272321403026581,0.017458945512771606,0.04394436627626419,0.003286352148279548,0.08730421960353851,-0.0035237784031778574,0.10989309102296828,-0.01955312676727772,-0.025422358885407448,0.012211806140840052,-0.0031612506136298175,0.0423288382589817,0.005284226033836603,0.0008319280459545552,-0.12485837191343307,0.019521925598382946,-0.030399870127439495,-0.0019994678441435094,0.05996493622660637,0.008961501531302929,0.0629083514213562,-0.09925825893878935,0.0661671832203865,-0.060106310993433,0.024373039603233337,-0.01328169647604227,0.037679459899663925
0.08826196938753128,0.012390567921102045,-0.051418595016002655,-0.04650072380900383,-0.0008921484113670884,-0.04060714319348335,-0.0014389087446033955,0.0008032083860598503,0.03666011989116669,-0.03513096645474434,-0.004985646810382605,0.02275894023478031,0.0,-0.06437867879867554,0.03711686655879021,-0.07507370412349701,-0.038354247808456414,0.0025344383902847767,0.0356328971683979,-0.09180877357721327,-0.016048502177000042,0.01895584724843502,-0.03651181608438492,0.0398753099143505,-0.03410632163286209,0.06169922277331352,0.0477905310690403,0.003315028036013245,0.08016961812973022,0.04512974247336388,-2.022004446189385e-05,0.07168883085250854,-0.0589592382311821,0.030532587319612503,-0.0637882724404335,0.005769676528871059,-0.006703575141727924,-0.11412929743528366,0.03336404263973236,-0.03462660685181618,-0.012907929718494415,-0.051002204418182366,-0.024991774931550022,0.10807117819786072,-0.02531783282756805,0.0770125165581703,-0.03908198699355125,-0.09052171558141708,-0.05312292277812958,0.024965273216366768,-0.06968414038419724,-0.01083395816385746,0.033974189311265945,-0.02653937041759491,0.019124578684568405,0.02081204205751419,-0.05430685356259345,-0.08558893948793411,-0.05125031247735024,0.020490478724241257,-0.04784321412444115,0.13883917033672333,0.005711046047508717,0.0009153343271464108,-0.012481573969125748,-0.07986874133348465,-0.021668599918484688,0.02905361354351044,-0.08407291024923325,0.020667485892772675,0.0066248904913663855,-0.028339715674519535,-5.683783092536032e-05,0.04651891812682152,-0.15350401401519775,0.02894194610416889,0.05515140667557716,0.053632311522960656,-0.02505545504391193,0.014466568827629088,-0.003435951191931963,-0.00681143207475543,-0.03817472234368324,-0.006069166585803032,0.0022067625541239977,0.025616882368922237,-0.1178859770298004,-4.15058275393676e-05,0.033156681805849075,-0.0256770309060812,0.0645894929766655,0.06794209033250809,-0.027111846953630447,-0.024809712544083595,0.03291143849492073,-0.03823003172874451,-0.06644657254219055,-0.03978092595934868,-0.024466127157211304,-0.041667260229587555
0.012481165118515491,-0.0643884614109993,-0.009856437332928179,-0.011775865219533443,-0.0288410559296608,0.003762206993997097,-0.016902541741728783,0.03866645693778992,-0.039417654275894165,-0.05325610563158989,0.025995248928666115,-0.058588821440935135,-0.06437867879867554,0.0,0.09359745681285858,-0.006423070561140776,-0.030820414423942562,-0.03940703719854354,0.0821669325232506,-0.028961922973394397,-0.040320094674825675,0.029088301584124565,0.051272887736558914,-0.02656484954059124,0.001956252846866846,-0.0011788251576945183,0.005998561158776283,0.015026980079710484,0.011930815875530241,-0.0016212973278015852,-0.031461797654628754,-0.05704433470964432,-0.02038673497736454,-0.046217363327741616,-0.010526985861361027,0.045013558119535446,-0.07423361390829086,-0.012708169408142567,0.006505494471639395,0.006515548098832369,0.032469190657138824,-0.05983291938900948,0.008568991906940937,0.027278838679194447,0.0539727546274662,-0.03743816539645195,0.015610859729349611,-0.052468106150627136,0.004071161616593599,-0.027979979291558266,-0.004890033509582281,-0.008289042860269545,-0.05091913044452667,0.006226050667464733,0.015659958124160767,-0.02608089707791805,0.025612533092498776,-0.012371151708066463,0.01958298124372959,0.0069034965708851806,0.013825022615492344,0.0681597962975502,-0.018363185226917263,-0.022888671606779095,-0.006006425712257624,0.001164151239208877,0.002520866459235549,-0.034250058233737946,0.0131180128082633,-0.018172649666666985,-0.04935359209775925,-0.006077718455344439,-0.025221364572644237,0.0367911122739315,-0.012673950754106045,-0.10533775389194489,0.0012504829792305827,-0.057321954518556595,-0.017172330990433693,0.12489622086286543,-0.02196694351732731,0.01474232506006956,-0.0440608374774456,-0.02833257056772709,0.012895187363028526,0.028968159109354016,-0.030300013720989227,-0.05613769590854645,-0.016944920644164085,-0.05469176918268204,-0.027455523610115048,-0.006433404982089996,-0.06618813425302505,0.02869252860546112,-0.01617569476366043,-0.044727370142936713,-0.011282314546406267,-0.034270916134119034,-0.03413256257772446,0.005707345437258482
-0.10835028439760208,0.07122177630662918,-0.002005416201427579,-0.05251118913292885,-0.015588869340717793,-0.05258561670780182,-0.028156798332929608,0.018020156770944595,0.004163570702075958,-0.005467811133712529,-0.09181516617536543,0.07990692555904387,0.03711686655879021,0.09359745681285858,0.0,-9.080881682166364e-06,0.03876608610153198,-0.025632550939917564,-0.07153107970952988,-0.0435170903801918,0.04029802978038788,0.0020645204931497574,-0.033233191817998886,0.024053225293755528,-0.05064045637845993,0.005935085937380792,-0.03503239527344704,-0.09183970093727113,0.14122745394706726,0.06707620620727539,-0.002323852153494954,-1.1860374797834083e-05,-0.01901334710419178,0.024840909987688065,0.02016884833574295,0.006916362792253494,-0.014438383281230927,-0.09359043091535568,-0.010759425349533556,-0.01773102954030037,-0.049499314278364175,0.05385683104395866,-0.012330329976975916,-0.059841562062501914,0.11908755451440813,-0.05271661654114723,-0.0024026110768318176,-0.07114508002996445,-0.10213241726160048,0.051178086549043655,0.07468756288290022,-0.07032199949026108,0.05787602066993713,0.023775408044457436,-0.03089485131204128,0.04192355275154114,-0.04104102402925491,-0.015562408603727816,0.005506596527993679,-0.06494945287704468,0.004546812735497952,-0.08071324229240417,-0.006097036879509688,0.019074121490120888,-6.306672003120184e-05,0.18966460227966309,0.0018013776279985905,-0.0006981293554417789,-0.0853934735059738,0.01980481296777725,0.04185869544744492,-0.17226333916187286,0.02499213255941868,-0.04566694796085358,-0.038198512047529214,-0.009111261926591395,-0.04431174322962761,-0.00557571416720748,-0.02518809214234352,-0.04919668287038803,-0.005887297447770834,-0.009466432966291904,-0.01927828788757324,-0.009289099834859373,-0.034280434250831604,-0.037632059305906296,0.0029115837533026934,0.058036800473928445,-0.07482334971427917,0.008303570561110973,0.025324732065200806,0.03506745770573616,0.06695349514484406,0.017503591254353523,-0.03470156714320183,-0.01583748497068882,-0.00190837774425745,0.026634396985173225,0.07657173275947571,-0.012300442904233932
0.1534292697906494,0.01924425922334194,-0.04299452900886536,0.029599348083138462,-0.026045119389891624,-0.05343221500515938,0.004579774104058743,-0.009958797134459017,0.018103117123246193,-0.04169445857405663,0.005976472981274128,0.005226681940257548,-0.07507370412349701,-0.006423070561140776,-9.080881682166364e-06,0.0,-0.07958157360553741,-0.03773077577352524,-0.0018660578643903136,-0.00023683866311330348,0.025319349020719528,0.09921040385961533,-0.008210187777876854,0.02638200856745243,0.09150047600269315,-0.10569553077220915,0.09160515666007997,-0.0008151759393513202,-0.016449367627501488,-0.09813196957111359,0.12440823018550871,-0.04248996824026108,-1.0584190931695048e-05,0.1441582143306732,0.01182468794286251,-0.01970477774739265,-0.08385358005762099,0.0021395713556557894,-0.047559306025505066,-0.017377451062202454,-0.0218976940959692,-0.05637945607304573,-0.02955637499690056,-0.01920715905725956,-0.00926665123552084,-0.04922188073396683,-0.035728082060813904,-0.08079998195171356,0.022299734875559807,-0.025129552930593487,-0.05928255990147591,0.04598602280020714,-0.02173740789294243,-0.07581442594528198,0.016741085797548294,-0.06555814296007156,-0.04720121994614601,-0.0064367977902293205,0.004636551719158888,-0.05566459149122238,-0.0002319121558684856,-0.0025338761042803526,0.03798479214310646,-0.018869623541831967,0.0017894307384267447,0.0025519896298646927,0.07966185361146928,-0.04440920427441597,-0.03752281516790391,0.0011934783542528749,-0.04280281066894531,-0.010921382345259188,-0.008856293745338915,-0.004520902410149574,-0.012340027838945389,0.05144086480140687,-0.0575312189757824,0.12356654554605484,-0.06109024584293365,0.02744359150528908,-0.06306949257850647,-0.03007565252482891,-0.03619561716914177,0.03847574815154076,-0.03083259239792824,-0.0929841175675392,0.05709011107683182,-0.02672084979712963,-0.0677478238940239,0.04888656735420227,0.01833481341600418,0.06223408505320549,-0.024909554049372677,0.03026404418051243,-0.043208260089159005,-0.04137817770242691,0.09266989678144456,1.2464684914448299e-05,0.0688471719622612,-0.07471334934234619
0.026864003390073776,-0.0180928036570549,-0.0688159167766571,-0.006346407346427441,0.004495857283473015,0.0018963657785207035,-0.019958848133683205,0.04288621246814728,-0.031612325459718704,-0.01138109154999256,-0.004428102634847164,0.010224216617643831,-0.038354247808456414,-0.030820414423942562,0.03876608610153198,-0.07958157360553741,0.0,-0.04429600015282631,-0.004579033702611923,-0.0610414445400238,0.058837886899709695,0.05037184059619904,0.0016680971020832656,0.018926424905657768,-0.05267442762851715,-0.025416238233447075,0.05961092934012413,-0.009248324669897555,-0.05261645093560218,-0.052035201340913766,0.002346707275137305,0.02443663030862808,0.005911469925194979,-0.013126743026077747,0.016437940299510956,0.06956925988197327,-0.03449472784996033,0.05702226608991623,-0.09521380811929703,-0.020332401618361477,0.020446723327040672,-0.10604733973741531,-0.007982408627867697,-0.03180726617574692,0.016184788197278976,-0.02673758193850517,-0.06586785614490509,-0.006622149609029293,-0.022658448666334152,-0.044572651386260986,-0.030833644792437557,0.005346534308046103,-0.035304270684719086,-0.02202283963561058,0.004554007668048143,-0.016420330852270126,0.017870595678687096,-0.017773142084479332,-0.00389691861346364,0.0016965819522738457,0.029094558209180832,0.03306371346116065,0.013612609356641768,-0.05122821405529976,-0.03550204262137413,-0.016734305769205093,0.0199085995554924,0.029245100915431976,0.008461765013635159,-0.07846513390541075,0.03904354572296143,0.06713115423917769,-0.04151880741119385,-0.010767988860607147,-0.07393118739128111,0.06493891775608063,-0.10553206503391264,-0.06043688952922821,0.06691968441009521,-0.03908595815300941,-0.05911705270409584,-0.021904027089476585,-0.031038684770464897,-0.020245864987373352,0.01730523630976677,0.01015613693743944,-0.01951743848621845,-0.04094965383410454,-0.039560921490192406,0.053986825048923485,0.01835903711616993,0.018470795825123783,-0.026978179812431332,0.003437847597524524,-0.017047736793756485,-0.020420040935277935,0.008282892405986788,-0.0009064550395123661,0.004194463137537241,0.02794465981423855
0.00030228932155296206,0.018930163234472275,-0.009030847810208797,0.04149816930294037,-0.05684845894575119,0.015347016975283623,-0.020531566813588142,0.0442693829536438,-0.02088433876633644,0.09918423742055893,-0.1291699260473251,-0.030594948679208755,0.0025344383902847767,-0.03940703719854354,-0.025632550939917564,-0.03773077577352524,-0.04429600015282631,0.0,0.02680668607354164,0.030988372862339016,0.05545693263411522,0.010563066229224203,0.1334734708070755,-0.002873056801036,0.011866374872624874,0.11611339449882507,-0.11024042963981628,-0.0036287915427237753,-0.0376574881374836,0.02394291199743748,0.01418247539550066,-0.0129809258505702,-0.04932704567909241,0.1345890760421753,-0.018023164942860603,-0.021464988589286804,0.011499774642288685,-0.009152785874903202,-0.028919888660311695,-0.06500712782144547,0.0017102659912779927,-0.0036382062826305623,0.05388271808624268,0.08542419224977493,-0.02226584404706955,-0.07992660999298094,-0.04698407649993896,0.010274573229253292,0.010410543531179428,-0.058323953300714486,0.05731037259101868,-0.014811952598392963,-0.00811066571623087,-0.00954024028033018,-0.02611987665295601,0.0037843878380954266,-0.011625138111412523,-0.021107099950313568,-0.01337687112390995,0.043710876256227486,0.029463145881891247,-0.01762312278151512,0.03832478821277618,-0.05159060657024384,0.012748111970722675,-0.0011892322218045592,0.03242044895887375,-0.03413946181535721,-0.02130664512515068,0.0358256958425045,0.041845303028821945,-0.0361865870654583,-0.07893802225589752,-0.004799299873411656,-0.019683487713336945,-0.13490498065948486,-0.04866307601332664,-0.13239938020706177,-0.05128592997789383,0.04652309417724609,-0.019884878769516945,-0.008351130411028862,0.013785633258521557,0.054659612476825714,0.025103328749537468,-0.050416313111782074,-0.032376457005739205,-0.07756663113832474,-0.0045841680839657775,-0.010526582598686218,-0.011677754111588,-0.00923347007483244,-0.014209977351129057,0.0019427367951720953,-0.05061523988842964,-0.03899046778678895,-0.018435178324580193,-0.021578382700681686,0.009531844407320023,-0.051389917731285095
