0,1,2,3,4,5,6,7,8,9,10,11,12,13,14,15,16,17,18,19,20,21,22,23,24,25,26,27,28,29,30,31,32,33,34,35,36,37,38,39,40,41,42,43,44,45,46,47,48,49,50,51,52,53,54,55,56,57,58,59,60,61,62,63,64,65,66,67,68,69,70,71,72,73,74,75,76,77,78,79,80,81,82,83,84,85,86,87,88,89,90,91,92,93,94,95,96,97,98,99
0.0,-0.05082383379340172,-0.08665341883897781,0.008261083625257015,-0.02304362878203392,-0.019402300938963887,0.004685922060161829,0.04404586926102638,-0.019789736717939377,-0.0218109842389822,-0.03835807368159294,-0.05096934735774994,0.024676552042365078,-0.03165953978896141,-0.007417286746203899,-0.04840913787484169,-0.05568622425198554,-0.11747026443481444,0.04710645973682404,0.014654144644737244,0.026157137006521225,0.009296518750488758,0.02669397741556168,-0.004948665387928486,0.006330821663141251,-0.05327972769737244,0.008939798921346664,-0.07303029298782349,0.002390792593359947,-0.009533746168017389,-0.003215076168999076,0.011318964883685112,0.09035145491361618,0.016083355993032455,-0.06746532768011093,0.016264215111732483,-0.04591571912169456,0.040213968604803085,-0.0021768754813820124,-0.0016923457151278851,-0.07864875346422195,-0.05065130069851875,0.06331820785999298,-0.05723804980516434,0.09961558878421783,-0.026404600590467453,-0.002978335600346327,0.03739782422780991,-0.018728453665971756,0.036394909024238586,0.017062678933143616,0.05857206881046295,-0.016504205763339996,-0.032456740736961365,0.014169363304972649,0.020954931154847145,-0.012701276689767836,-0.04766714572906494,0.016680527478456497,-0.01443265751004219,0.026012979447841644,-0.0226176381111145,-0.032911866903305054,0.03331565111875534,0.028917476534843445,-0.030329333618283272,-0.012584750540554523,-0.10929574072360992,-0.037594228982925415,0.059787079691886895,-0.07561080157756805,0.014624657109379768,-0.00020149917691014707,-0.022150205448269844,0.02858391962945461,-0.0026072040200233455,0.02277044951915741,0.03723326697945594,-0.0416518934071064,-0.029754485934972763,0.0015119733288884163,-0.00010555078188190235,-0.04747496545314789,-0.0003761841508094221,0.007794741541147232,0.011369802057743073,-0.010628346353769302,-0.06164461746811866,-0.018251586705446243,-0.007909607142210007,-0.03392155468463898,-0.12251745909452438,0.00020854429749306289,0.032527536153793335,-0.0217368695884943,0.020352834835648537,-0.002320494968444109,-0.012100744061172009,0.04209662973880768,-0.04270622134208679
-0.05082383379340172,0.0,-0.08351193368434906,0.013790927827358244,0.005662580486387014,0.011652009561657904,0.036690618842840195,0.008308447897434233,-0.012406125664710999,0.014033752493560314,-0.09607885777950288,-0.015591496601700783,0.057712431997060776,0.03703612461686134,-0.06686685979366302,0.10157422721385956,-0.05306297168135643,-0.018960263580083847,-0.015077854506671429,0.05121593549847602,-0.004081729333847761,-0.009219391271471975,-0.06560566276311873,0.0025364840403199196,-0.02971681952476501,0.09151472151279448,0.009719379246234892,-0.04188529402017593,0.0008616661070846021,-0.0719200149178505,-0.01997239515185356,-0.005948652047663927,0.11300548166036604,-0.11727654933929443,-0.010702577419579027,0.012090386822819708,0.006926523055881262,-0.014725532382726668,-0.02567155472934246,0.022172527387738228,-0.04214790090918541,-0.07210461050271989,-0.0017494630301371217,-0.05578356608748436,0.013335095718502998,0.05743794143199921,-0.03686586767435074,0.03942335024476051,-0.01401566620916128,0.023554425686597824,-0.06631488353013992,-0.016241563484072685,0.050529003143310554,-0.05049151927232742,-0.031506966799497604,0.07317525148391724,0.028710097074508664,-0.0351799800992012,-0.0003975849831476808,0.004651268944144249,0.032410170882940285,-0.06736902892589569,0.018577829003334045,-0.023900941014289852,-0.029431782662868496,0.04135086387395858,0.022598307579755783,0.05076000839471817,-0.007566284388303757,-0.04114204272627831,0.0055091753602027884,0.07166781276464462,-0.006341633386909962,-0.0010979772778227923,-0.01844864711165428,0.007286287844181059,-0.06483042240142822,0.07030414789915085,0.017131764441728592,-0.04844164848327637,-0.02214776538312435,-0.0003649292630143464,0.018767111003398892,-0.008773976936936377,-0.10096356272697447,0.029532946646213528,0.008915607817471027,-0.03557630628347397,-0.0007469767006114125,-0.06804167479276657,-0.07925320416688919,-0.027722928673028942,-0.06730299443006516,-0.022560395300388336,0.015988660976290703,-0.026379473507404327,0.006016215775161982,0.027254696935415268,-0.024524442851543423,-0.0528641939163208
-0.08665341883897781,-0.08351193368434906,0.0,0.012529552914202212,0.005397300701588392,-0.0011965736048296092,-0.03530198335647583,-0.03163371980190277,0.023388009518384933,0.01012599840760231,-0.04861706122756004,0.009773372672498226,-0.03385449945926666,-0.07484818249940872,-0.0008529297192580998,0.0670221745967865,0.003818197641521692,-0.03716293349862099,0.04380780830979347,0.008446795865893364,-0.0004980963421985507,-0.0012772325426340103,-0.03293365612626076,-0.03566208854317665,-0.025666825473308563,-0.08402567356824873,0.06305555254220963,-0.10643236339092255,-0.01713891513645649,-0.04554056003689766,-0.10667596012353896,-0.003543744329363108,0.01932429149746895,0.002373406197875738,0.07563430815935136,-0.019225060939788815,-0.081601545214653,-0.04848342761397362,0.020262271165847775,0.002149805426597595,-0.0408860445022583,-0.03400755301117897,-0.027014233171939846,0.0057099866680800915,0.018873535096645355,-0.006600693799555302,0.03386026993393898,0.05743858963251114,-0.02604513801634312,0.022453537210822105,0.12207727134227753,-0.0055694542825222015,0.02818564884364605,-0.041685935109853745,0.04879697039723396,0.0696214884519577,0.03202235698699951,-0.03649904578924179,0.012484887614846228,0.008637437596917152,0.061008911579847336,-0.007226152811199426,0.005818971432745457,-0.019836649298667908,-0.04064411297440529,0.0035188551992177963,0.04148615524172783,-0.034239433705806725,-0.023758340626955032,-0.02929172106087208,-0.046535469591617584,-0.03958505019545555,0.005213031545281409,0.04657290130853653,-0.04542509838938713,0.10485245287418364,-0.005359991453588009,-0.0469820648431778,-0.02123287506401539,0.008872728794813154,0.007724741939455271,-0.03803546354174613,0.05650443211197853,-0.033203110098838806,-0.02136646956205368,0.049439430236816406,-0.004075619392096996,0.01650322787463665,0.024958221241831776,-0.030070729553699493,-0.030839156359434128,-0.06903727352619171,-0.06209757924079895,0.020815068855881688,-0.05848224461078644,-0.0456293299794197,0.04696311429142952,-0.07428441941738129,-0.0679502785205841,0.04822653159499168
0.008261083625257015,0.013790927827358244,0.012529552914202212,0.0,0.06547259539365768,-0.032843004912137985,0.02487465925514698,-0.0016258114483207464,-0.024779340252280235,0.04576719179749489,-0.0019402316538617013,-0.05409115925431252,0.007845995016396044,0.035484980791807175,-0.008240784518420696,-0.03853495046496391,-0.030277032405138012,-0.024900130927562717,-0.044406969100236886,-0.011199208907783031,-0.050663340836763375,-0.03400954231619835,-0.03982514888048172,0.008420356549322605,0.00410289829596877,-0.022623546421527863,0.003132752375677228,-0.05865439027547836,0.013087606988847256,0.04637734219431877,0.014576091431081297,-0.0147970849648118,-0.07020699232816696,-0.031417760998010635,0.08299442380666733,-0.01484075654298067,0.017431875690817833,-0.009288685396313667,0.06268735229969025,-0.06051118299365044,0.015806129202246662,-0.025200031697750088,-0.08304978907108307,0.06181897968053818,-0.020748788490891457,0.019826434552669525,0.001812681439332664,-0.049043022096157074,-0.03147782385349274,-0.03855273500084877,0.05452089384198189,0.0012765283463522792,-0.03195936232805252,-0.01938410475850105,-0.061479352414608,-0.023413939401507378,0.00016427767695859075,0.017777152359485626,-0.034259725362062454,0.00022594643814954904,0.017442520707845688,-0.009447615593671799,-0.05496565252542496,-0.024848947301507,0.014428204856812952,-0.04808226600289345,-0.01168927177786827,0.006341373547911644,-0.0013141524977982044,-0.022320665419101715,0.023489164188504216,-0.07173310965299606,0.06875061988830566,-0.04325361922383309,-0.018206404522061348,-0.040009573101997375,-0.03165123239159584,-0.0020368609111756086,0.007625502534210683,-0.0025947552639991045,0.014119676314294338,-0.021067295223474503,0.03777016699314117,-0.07559482753276825,0.022716829553246495,0.059117760509252555,-0.08708859980106354,-0.006247977260500193,-0.020594904199242592,0.023977922275662426,-0.02869411744177341,0.019808992743492126,-0.010283108800649641,0.005782142281532288,-0.03202627971768379,-0.0330701619386673,-0.05237412452697754,-0.07377339154481888,0.009333642199635504,0.021785376593470573
-0.02304362878203392,0.005662580486387014,0.005397300701588392,0.06547259539365768,0.0,-0.046599127352237694,0.010926295071840286,-0.027896443381905556,0.036161236464977264,-0.033520761877298355,-0.0008455244824290276,0.0029158834367990494,-0.0014150483766570687,-0.013632869347929955,-0.023522721603512764,0.016063624992966652,0.010200410149991512,-0.002536364831030369,0.01882418245077133,-0.0010296939872205255,-0.002616765443235636,-0.01757556013762951,-0.014011329039931296,-0.05388174951076508,-0.020040370523929596,-0.04254082590341568,-0.0051283081993460655,-0.044799353927373886,0.0011302933562546968,0.035709962248802185,-0.0004481985233724117,0.017714614048600197,-0.044402819126844406,0.05125527828931808,-0.05049926042556763,-0.052844952791929245,-0.01461200788617134,0.0035994723439216614,-0.07559489458799362,-0.03831322118639945,-0.03782644122838973,0.00997596513479948,0.09127502888441084,-0.011588801629841328,-0.0253683403134346,-0.03577258065342903,-0.0521356612443924,0.02321608737111092,0.02294322475790977,-0.0401192344725132,-0.05328834429383278,-0.002038287930190563,0.005519720260053873,0.02588143199682236,0.07598703354597092,-0.004299822263419628,-0.05579922720789909,-0.04916614666581154,0.04591371864080429,-0.029319813475012776,-0.008008549921214579,-0.0334225632250309,0.030606718733906742,-0.07737085968255997,0.011255574412643908,-0.04701003432273865,-0.0080077163875103,-0.03785653412342072,-0.051475279033184045,0.04680290073156357,-0.030045557767152783,0.0030177708249539137,-0.056781962513923645,0.05885544791817665,0.0022909669205546375,-0.05457788705825806,0.03909462317824364,-0.03363179787993431,-0.019645182415843006,-0.03331907093524933,-0.05671364441514015,0.011536736041307448,-0.09715408086776733,0.08569165319204329,-0.028963735327124596,-0.06227383017539977,0.051216449588537216,0.005607357248663902,-0.012109233066439629,-0.0009823405416682363,0.04987023025751114,-0.02914412133395672,0.034668292850255966,-0.06857013702392578,-0.006518728099763393,0.004251457285135984,0.04793810844421387,-0.0012991230469197035,-0.02553614415228367,-0.01000088546425104
-0.019402300938963887,0.011652009561657904,-0.0011965736048296092,-0.032843004912137985,-0.046599127352237694,0.0,0.04253289848566055,-0.014322060160338879,0.07249675691127777,0.0445173867046833,0.0466965027153492,-0.004860676359385252,-0.032266054302453995,-0.03046766296029091,-0.026570318266749385,-0.07205581665039064,-0.046356700360774994,-0.0006571999401785433,-0.028585676103830338,0.04615890979766846,-0.060016192495822906,0.03141579404473305,-0.001883608754724264,0.028942212462425232,0.050813686102628715,-0.04594279080629349,0.031116632744669918,-0.04160886630415917,-0.026120949536561962,0.021163914352655407,-0.005016094073653221,-0.007707514800131322,0.01938296854496002,0.05384385585784912,-0.03895675018429756,-0.00967450812458992,-0.03125482052564621,0.023237397894263268,0.014529651962220669,-0.03746208548545837,-0.0743955448269844,0.03622923046350479,-0.0006959035526961088,0.007999435998499393,-0.011509527452290058,-0.03465936705470085,-0.013257778249680996,-0.049080107361078255,0.0025334204547107215,0.027693070471286774,-0.1040542647242546,0.01723802462220192,-0.1435717940330505,0.018203403800725937,0.07371418923139571,0.05048863962292671,0.0277823768556118,-0.01905278116464615,-0.04741770401597023,0.023103827610611916,-0.017963120713829994,-0.0032882126979529858,-5.536090975510888e-05,-0.017028704285621643,-0.001993069658055901,-0.04270360618829727,-0.06272560358047485,0.05029325187206268,-0.052969247102737434,-0.03502541780471802,0.025211943313479424,0.021932171657681465,0.0356205590069294,-0.011396802030503748,0.013538196682929993,-0.10202495753765106,-0.0009102314361371102,-0.017664501443505287,0.04704602807760239,0.03585699945688248,-0.002339825965464115,0.000739009876269847,-0.014343762770295145,-0.05494854971766472,-0.12496499717235564,0.09115158021450041,0.00119885616004467,-0.04504518210887909,-0.05201738327741623,0.012210655026137829,0.04826324433088303,-0.02211719937622547,-0.09356284141540527,-0.10450649261474608,0.011260520666837692,-0.006801316980272532,0.047645732760429375,-0.0041201068088412285,-0.015606313943862917,-0.02232944406569004
0.004685922060161829,0.036690618842840195,-0.03530198335647583,0.02487465925514698,0.010926295071840286,0.04253289848566055,0.0,0.03714894130825996,-0.05453135445713997,0.04335176199674606,0.030546845868229863,-0.0671686977148056,-0.05344866216182709,-0.06845144182443619,0.04414788261055946,-0.036521773785352714,-0.010079296305775642,-0.02590534836053848,-0.05850467458367348,-0.03595340996980667,-0.003810481866821647,-0.06342587620019913,0.03623181581497192,0.06820259988307953,-0.04075772315263748,-0.007399524562060834,-0.0467953272163868,0.016557376831769943,-0.08010607212781906,-0.12187010794878005,-0.026500215753912926,-0.008643371984362602,-8.433421498921234e-06,0.04930538684129714,0.02575606852769852,0.001363042159937322,-0.006584498099982738,-0.019521426409482956,-0.07339378446340561,0.024741157889366146,-0.00391485821455717,0.04378243163228034,-0.027924314141273495,-0.016292646527290344,-0.09129121899604797,-0.02681336738169193,0.06412114202976227,-0.000992141547612846,-0.036470524966716766,0.06721015274524689,-0.039927519857883446,-0.005328934174031019,0.03155387192964554,0.027390040457248688,0.0034588726703077555,-0.05095496401190758,-0.018404748290777206,-0.025498703122138977,-0.04862656444311141,-0.0814608410000801,-0.043986011296510696,0.06162692606449127,0.0022360028233379126,0.036925073713064194,0.0016102746594697237,-0.039492331445217126,0.057843446731567376,-0.006934836972504854,-0.025347257032990452,0.028190830722451207,0.00015105355123523623,0.026137037202715877,0.047992896288633353,0.029896074905991558,-0.05166302248835564,0.16403701901435852,0.058654867112636566,0.010287054814398289,-0.06780906766653061,0.09678792953491211,-0.06842826306819916,0.0500972755253315,-0.011695325374603271,-0.049898017197847366,0.0337277427315712,-0.121804840862751,-1.2726388831652002e-06,-0.03140272572636604,-0.013264785520732403,-0.04221949353814125,-0.049775496125221246,0.02795763686299324,-0.024038540199398994,-0.10479390621185301,0.01729144901037216,0.00032619285047985613,0.06559279561042786,-0.020419804379343983,-0.005403962451964617,-0.056765373796224594
0.04404586926102638,0.008308447897434233,-0.03163371980190277,-0.0016258114483207464,-0.027896443381905556,-0.014322060160338879,0.03714894130825996,0.0,0.021759668365120888,-0.08875023573637009,0.007731427904218435,0.019216151908040047,-0.06766839325428009,-0.0005297453026287258,-0.007441767491400244,0.06106320396065712,0.012312972918152807,0.07804886996746062,-0.010569078847765923,-0.04158215969800949,-0.02010824717581272,0.009566500782966612,-0.021626371890306473,0.0225639883428812,0.01962826587259769,-0.0018853651126846671,-0.002874560886994004,0.03316231444478035,-0.04191501811146736,0.018776023760437965,-0.022698156535625454,-0.010286387987434864,-0.04314866662025452,0.008985907770693302,-0.05684386193752289,-0.03856532648205757,-0.05379310995340347,-0.06751102954149246,-0.014540804550051687,-0.024465139955282208,-0.007423438131809234,-0.03813748434185982,-0.02888118289411068,-0.06518036872148514,0.03160303086042404,-0.01814578287303448,-0.005753104109317064,-0.05307073518633842,-0.03143765404820442,0.030955156311392784,0.011580746620893478,-0.0749310404062271,-0.07451172173023222,0.0007585934363305568,0.043145883828401566,0.027450939640402797,0.033568836748600006,0.004767794162034988,-0.012196145951747894,0.021657599136233326,-0.04556718468666077,0.005688763223588467,0.0681767389178276,0.0022318067494779825,-0.03977871313691139,0.038751889020204544,0.01689830608665943,-0.019363371655344963,-0.035303398966789246,-0.08412419259548187,-0.003023924538865685,0.01830913871526718,-0.04442960023880005,-0.012666997499763964,-0.0007436221349053085,-0.08085157722234726,0.023120377212762833,-0.15944278240203855,-0.020419880747795105,-0.000569886004086584,-0.008395684882998465,-0.03055102936923504,0.03782387450337409,-0.02087540365755558,-0.0068831327371299275,-0.041626576334238045,0.07718054205179214,0.029910983517766,0.02325037494301796,-0.08176629990339278,0.002965107327327132,-0.023018194362521168,-0.020937036722898483,0.069670669734478,0.03025827370584011,-0.035043973475694656,-0.006215871777385472,0.05273262411355972,-0.034028489142656326,-0.039009474217891686
-0.019789736717939377,-0.012406125664710999,0.023388009518384933,-0.024779340252280235,0.036161236464977264,0.07249675691127777,-0.05453135445713997,0.021759668365120888,0.0,-0.02230195887386799,-0.07787169516086577,-0.06420480459928513,-0.0007578001241199672,0.008745932020246983,0.012634721584618092,-0.004542299080640078,-0.0068262601271271706,-0.03309894725680351,-0.027868516743183133,-0.05081227421760559,-0.00684714550152421,-0.016262827441096302,0.07195722311735153,-0.0009643190423958004,-0.01805836334824562,0.0553298257291317,-0.052987735718488686,-0.026998303830623623,0.0028644369449466463,-0.03128104284405708,-0.05525324121117592,0.024588948115706444,0.022707626223564148,-0.06455207616090775,-0.04118670895695686,0.0008943761349655687,0.07604015618562697,-0.014142869971692562,-0.019594499841332436,-0.024727044627070423,0.06787630915641785,-0.026883212849497795,0.0072208563797175876,-0.026098983362317085,0.027643922716379166,-0.00010128199210157617,-0.03779923543334007,-0.059818968176841736,-0.011703468859195707,-0.03841148316860199,-0.0045870947651565075,0.013147471472620964,-0.004556257743388414,-0.0228162445127964,-0.09662204980850221,-0.03796037286520004,-0.026558848097920414,0.03153415024280548,0.004950220696628094,-0.020484233275055885,-0.011173421517014503,0.009506507776677608,0.002217662986367941,0.03193077817559242,0.021538322791457176,-0.037234127521514886,-0.03784310072660446,-0.06849239766597748,-0.014866167679429054,0.026823971420526505,0.009268036112189295,0.04279160872101784,-0.012558799237012863,-0.05161648988723754,-0.033476512879133224,0.07370969653129578,-0.0028953694272786375,0.04875115677714348,0.00459744269028306,-0.033063724637031555,0.00023750503896735609,-0.00235674437135458,0.00017725740326568484,-0.03501281887292862,0.016609661281108856,-0.042997561395168304,-0.11507735401391984,-0.009068794548511503,0.007079940754920244,-0.04076563194394112,-0.0630933865904808,0.021831147372722626,0.03038034774363041,-0.00020089707686565816,-0.06446637213230133,-0.04149691015481949,-0.007524486631155014,0.04465695843100548,0.04018240422010422,0.0030015071388334036
-0.0218109842389822,0.014033752493560314,0.01012599840760231,0.04576719179749489,-0.033520761877298355,0.0445173867046833,0.04335176199674606,-0.08875023573637009,-0.02230195887386799,0.0,-0.0256445687264204,0.050658583641052246,0.07133549451828003,-1.2948925359523857e-05,0.04217727854847908,-0.051197096705436713,0.033288255333900445,0.04452056810259819,0.029274636879563328,-0.09893175214529037,0.0384538359940052,-0.06984365731477737,0.028194120153784752,-0.01805092953145504,0.0645875632762909,-0.01440729573369026,0.02812562324106693,0.035732436925172806,-0.018324434757232663,0.004678227938711643,0.024053014814853668,-0.04219288006424904,-0.10296420753002165,-0.08105107396841049,-0.04566196352243424,-0.0191191490739584,0.010956195183098316,-0.02305600233376026,-0.019133612513542172,0.026670856401324272,0.029831834137439728,-0.07016139477491379,0.00617688987404108,-0.051931705325841904,0.006458103191107512,-0.07145301252603531,-0.03199949860572815,-0.03305456414818764,0.022731205448508263,0.0027167920488864183,-0.03933996334671974,-0.01638708263635635,0.04440513625741005,-0.04519267380237579,-0.0164897870272398,-0.08666598796844481,0.02030873112380505,-0.01288906205445528,0.1380581557750702,-0.013529482297599316,-0.00653747795149684,-0.08701469004154205,-0.03868718817830086,0.010792496614158152,-0.016396405175328255,-0.0540572926402092,-0.03237884119153023,-0.08403699845075606,-0.018458321690559387,-0.012385678477585316,-0.03394782915711403,0.1389882117509842,-0.014117628335952759,0.04240918532013893,-0.03328879550099373,-0.04341309890151024,0.042857207357883446,-0.06356576830148697,-0.020474640652537342,0.12920305132865903,-0.014738306403160095,-0.0039715804159641275,-0.00842738151550293,-0.00011035348143195732,-0.02883262373507023,-0.02743694931268692,0.023585280403494835,-0.007811584044247866,-0.012856103479862211,0.007330257911235094,0.01483187824487686,-0.13538967072963715,0.02655991166830063,0.10227971524000168,-0.0117129972204566,-0.050537195056676865,-0.023822968825697895,0.01897596940398216,-0.00365530769340694,-0.03773573786020279
-0.03835807368159294,-0.09607885777950288,-0.04861706122756004,-0.0019402316538617013,-0.0008455244824290276,0.0466965027153492,0.030546845868229863,0.007731427904218435,-0.07787169516086577,-0.0256445687264204,0.0,-0.0006881117587909102,0.018531525507569317,-0.03624602779746056,0.05676570534706116,0.048342939466238015,0.007889045402407646,0.002495316555723548,-0.0021612981799989934,-0.01331337820738554,-0.07383298873901366,0.006270854733884335,0.06478612124919891,-0.04330356046557426,-0.015956148505210876,0.07235130667686462,-0.007256258744746447,-0.02807263657450676,0.023331517353653908,-0.039504464715719216,-0.01711910031735897,0.04069720953702927,-0.04690724983811378,-0.07934454083442688,-0.05899922177195549,-0.023902416229248047,0.016496963798999786,0.04237370938062668,-0.0047317459248006335,-0.09686507284641264,-0.024649556726217266,-0.09810136258602142,0.053808096796274185,0.0025482326745986934,-0.03293173387646675,0.03361247852444649,0.004676398355513811,-0.039560526609420776,0.013327552936971188,0.033813633024692535,-0.0007460413035005331,-0.00039979093708097935,0.0017162146978080273,-0.06755613535642624,-0.04296683892607689,0.01927962899208069,-0.01849464885890484,0.0015791368205100296,0.08950066566467285,-0.015704883262515068,0.027531659230589863,-0.05929172411561012,0.06171433627605438,0.011083713732659817,-0.033545538783073425,-0.0035964769776910543,0.015160368755459784,0.005838190205395222,0.013395131565630436,0.030986974015831947,-0.007619814481586218,-0.0705360621213913,-0.03863008320331573,0.01153618935495615,-0.031628675758838654,0.05034147948026657,-0.027215955778956413,0.00950677879154682,0.023886570706963536,-0.08584624528884886,-0.028505850583314892,-0.007173351012170315,0.0199655182659626,0.03456227481365204,0.005162453278899193,0.05586295947432519,-0.01889936812222004,-0.04176323488354682,-0.022721245884895325,-0.040499847382307046,-0.030567914247512817,-0.01058014016598463,-0.029738979414105412,0.011395614594221117,-0.03217393159866333,-0.08791348338127136,-0.00016422057524323463,-0.02502959594130516,0.006003904156386852,-0.008392410352826118
-0.05096934735774994,-0.015591496601700783,0.009773372672498226,-0.05409115925431252,0.0029158834367990494,-0.004860676359385252,-0.0671686977148056,0.019216151908040047,-0.06420480459928513,0.050658583641052246,-0.0006881117587909102,0.0,0.028258144855499268,0.04464875534176826,-0.03831341117620468,0.03494029492139816,-0.06092436611652374,-0.08646125346422195,-9.919248259393497e-05,0.02742265351116657,-0.0010262980358675122,-0.05159871280193329,-0.03785023838281632,0.11776545643806456,-0.0013088785344734788,-0.023460499942302704,-0.09353215992450714,-0.0729140043258667,-0.019707351922988888,0.0454302616417408,-0.08054886758327484,-0.06451983004808426,0.02809297852218151,0.06648291647434235,-0.009206362068653105,-3.789069887716323e-05,0.04936224222183228,-0.04057252407073975,0.02064320258796215,-0.06460641324520111,-0.07827982306480406,-0.04483619704842568,9.290914931625592e-06,0.010308967903256416,0.017277903854846954,0.06395604461431503,0.012662482447922228,-0.008524338714778422,-0.05037237331271172,-0.013528247363865376,0.04990609362721443,-0.018983881920576092,-0.025840912014245983,0.038738254457712167,-0.010494883172214031,0.015453606843948364,-0.013221219182014464,0.007524572778493166,-0.07037103176116943,-0.015052083879709244,0.0077009452506899825,0.0022284958977252245,0.055614355951547616,-0.042063742876052856,0.04725857079029083,-0.013533522374927996,-0.04879235476255417,-0.04051098972558975,-0.0932035446166992,0.04663831740617752,-0.030849216505885124,0.014407244510948656,-0.022553618997335437,-0.07034451514482498,0.04356295242905617,-0.020890757441520687,0.033972956240177155,0.07760483026504515,-0.042750343680381775,0.055001839995384216,-0.05408555641770362,0.04521303623914719,0.0649832934141159,0.01459471881389618,-0.0011302419006824491,-0.1207372397184372,-0.10362561792135239,-0.054509691894054406,-0.003089789766818285,-0.021550113335251808,-0.055140167474746704,0.03825298324227333,0.00877629779279232,-0.0034039162565022703,0.037230350077152245,-0.0495995543897152,1.145846545114182e-05,0.0609189011156559,0.08596357703208923,0.00025746150640770793
0.024676552042365078,0.057712431997060776,-0.03385449945926666,0.007845995016396044,-0.0014150483766570687,-0.032266054302453995,-0.05344866216182709,-0.06766839325428009,-0.0007578001241199672,0.07133549451828003,0.018531525507569317,0.028258144855499268,0.0,-0.03363214060664177,-0.034235414117574685,-0.077097088098526,0.03875326365232468,0.06868165731430054,-0.036399766802787774,-0.03159758821129799,-0.040067777037620544,-0.013627619482576849,0.03177494928240776,-0.05698857083916664,-0.028131119906902317,0.011778644286096096,0.04554608464241028,-0.04156934097409248,-0.06402948498725891,-0.008130203932523726,-0.01011623628437519,-0.01193094439804554,0.09344023466110227,0.04518377035856247,-0.05411511659622192,-0.03710478916764259,-0.05611385777592658,-0.029689649119973183,-0.03141465410590172,-0.013596987351775168,0.05733342096209526,0.025397373363375664,0.04615525528788567,0.022522389888763428,0.038797061890363686,-0.08866113424301147,-0.00613429257646203,-0.058014724403619766,-0.00413498654961586,-0.001912221312522888,0.0776195228099823,-0.048245642334222794,-0.0735599547624588,-0.02350093610584736,0.014733683317899704,-0.02237650938332081,0.008924351073801517,0.015678053721785545,-0.10976148396730422,-0.016691135242581367,-0.010455355048179626,0.13715368509292603,0.06329355388879776,-0.01681009866297245,-0.10759400576353072,0.08414386212825774,-0.018678845837712288,-0.020976390689611435,0.008013605140149593,-0.04044667631387711,-0.00731455348432064,0.001344199408777058,-0.053471442312002175,0.010283478535711764,-0.025802785530686375,-0.005056491587311029,0.0539865605533123,-0.020407516509294506,-0.060522865504026406,-0.08984541893005371,-0.025468118488788605,-0.021377023309469223,0.017356861382722855,-0.0009528268128633501,0.047435764223337167,0.02005235105752945,0.02148186787962913,0.007457873318344354,-0.05189082771539688,-0.03147241100668907,-0.06217474490404129,0.07658652961254118,0.007736304309219123,-0.01517774723470211,-0.07585638016462326,-0.0002630962408147752,-0.009615407325327395,-0.044258952140808105,-0.01686766929924488,0.02013447508215904
-0.03165953978896141,0.03703612461686134,-0.07484818249940872,0.035484980791807175,-0.013632869347929955,-0.03046766296029091,-0.06845144182443619,-0.0005297453026287258,0.008745932020246983,-1.2948925359523857e-05,-0.03624602779746056,0.04464875534176826,-0.03363214060664177,0.0,0.008448139764368534,-0.06167169287800789,0.05933055654168129,-0.025675738230347637,0.02548497729003429,0.01929453946650028,0.026740219444036484,-0.020617684349417686,0.0948582887649536,-0.07435236126184462,-0.033488065004348755,-0.022337632253766056,-0.03761539980769157,0.04673999920487404,-0.04181576520204544,-0.05222437530755997,-0.05717675387859344,-0.07251589745283127,-0.046692121773958206,0.08358485251665115,0.03682296350598335,-0.020055208355188366,-0.08828716725111006,0.004750785883516073,0.025946464389562607,-0.02648810297250748,-0.03570162132382393,-0.013180706650018692,0.022650787606835365,-0.07324686646461488,-0.04557479545474053,0.03807372227311134,0.06743340939283371,-0.10881753265857697,0.02869988046586513,0.020315697416663166,0.07112862169742584,0.07236380875110626,-0.10666540265083312,-0.032372113317251205,0.018698707222938538,-0.010696124285459518,-0.01804821752011776,0.003993786405771971,0.014853944070637226,-0.03430771827697754,-0.010915192775428295,-0.031472280621528625,-0.03202400729060173,-0.011367554776370524,0.0012846944155171511,0.0029013182502239943,-0.016568677499890327,0.03820125013589859,2.840515662683174e-05,-0.006234265863895416,-0.06662146002054214,-0.050738848745822906,-0.09078484028577805,0.028308859094977375,-0.04734986275434495,0.12631855905056,-0.04825235530734062,0.02912349440157413,0.0639774352312088,0.0549970343708992,0.02111201547086239,-0.025641873478889465,-0.05901028588414192,-0.01097873318940401,-0.06001034379005432,0.01651192456483841,0.02889667078852653,-0.024766506627202037,0.016613204032182693,-0.011229601688683031,-0.00825536996126175,-0.0021118910517543554,-0.019288938492536545,0.019249582663178444,-0.08241531997919081,0.05393020808696746,0.041569005697965615,-0.01786759681999683,-0.052426651120185845,0.022252732887864113
-0.007417286746203899,-0.06686685979366302,-0.0008529297192580998,-0.008240784518420696,-0.023522721603512764,-0.026570318266749385,0.04414788261055946,-0.007441767491400244,0.012634721584618092,0.04217727854847908,0.05676570534706116,-0.03831341117620468,-0.034235414117574685,0.008448139764368534,0.0,0.017521027475595474,-0.07250493764877318,0.06568808108568192,-0.012844775803387163,-0.023694990202784535,0.06582576036453247,0.024672571569681168,-0.08906030654907225,-0.01524983625859022,-0.05193823203444481,0.011545177549123764,-0.054555926471948624,-0.02707014791667461,-0.007391773629933595,0.07979080826044081,-0.05014913529157639,-0.03941698372364044,0.09828827530145645,-0.025752415880560875,0.03117462620139122,-0.005125677678734064,0.002705285791307688,-0.02868267521262169,0.010484806261956692,-0.005807004403322935,-0.0435883067548275,0.028820864856243134,-0.07905451208353041,0.04903467744588852,0.0004171254404354841,0.0001248405169462785,-0.10173508524894714,0.0063430145382881165,-4.093441384611651e-05,0.016794927418231964,-0.04425285756587982,0.0007476952159777284,-0.0013132909080013633,0.0031132022850215435,-0.02304050140082836,-0.017956826835870743,-0.0180879607796669,-0.004957853816449641,-0.12952890992164612,-0.03299135342240333,0.0008596886182203888,0.0047515472397208205,-0.013067748397588728,-0.12066460400819778,0.0966842919588089,0.10413005203008652,0.004838934633880854,0.02982480637729168,-0.0067611299455165854,-0.12322296947240828,0.04823112860321999,0.022388214245438572,-0.11334882676601409,0.06811527907848358,-0.011034251190721989,0.0008075477671809494,-0.046335171908140176,0.00038806811789982015,0.05009680613875389,-0.018706917762756348,0.0045664445497095585,0.004900339059531689,-0.08144709467887878,-0.04861904680728912,0.0134066604077816,0.015192639082670212,-0.02895406261086464,-0.03793894499540329,0.04292471706867217,-0.025301069021224972,0.04753825441002846,-0.08100660890340805,0.04737958312034607,0.02423379011452198,-0.03706279024481773,-0.01672668568789959,0.050250619649887085,-0.016613123938441277,0.003909435123205185,-0.1089811995625496
-0.04840913787484169,0.10157422721385956,0.0670221745967865,-0.03853495046496391,0.016063624992966652,-0.07205581665039064,-0.036521773785352714,0.06106320396065712,-0.004542299080640078,-0.051197096705436713,0.048342939466238015,0.03494029492139816,-0.077097088098526,-0.06167169287800789,0.017521027475595474,0.0,0.01987195201218128,-0.01992303878068924,-0.022207166999578476,-0.02408784814178944,0.002376120537519455,-0.02543482929468155,0.0016340755391865969,-0.03697588294744492,0.0076735811308026305,-0.07130886614322662,-0.01424551010131836,0.08218198269605635,-0.0348212793469429,-0.04321668297052384,-0.04172670841217041,0.04754239693284035,0.07560878992080688,0.05619211867451668,0.02086524851620197,0.055777605623006814,-0.021402694284915924,0.023963870480656624,-0.002052152995020151,0.053675621747970574,-0.02309850603342056,0.04143817350268364,0.030758226290345192,-0.0006827983888797462,-0.03475355729460716,-0.10407522320747375,0.0006453756359405816,-0.08506406098604202,0.043572697788476944,-0.0002743378863669932,-0.014211960136890411,0.06207143515348434,-0.06504286080598831,-0.04586562514305115,-0.04901481792330742,-0.12804357707500455,-0.0030199727043509483,0.020369593054056168,-0.03086947090923786,0.03761858120560646,-0.0030336428899317975,-0.008073089644312857,-0.062227144837379456,0.033475492149591446,-0.005280478857457638,-0.021746570244431492,-0.024237165227532383,0.019525965675711632,-0.08176752924919128,0.019126860424876213,-0.07555372267961502,0.046701908111572266,0.013942622579634188,-0.013780046254396439,0.05000605434179305,-0.07804077118635178,0.022716462612152096,0.09835349023342131,0.047182995826005936,-0.04913732409477234,-0.023272467777132988,0.04101146012544632,-0.0036895803641527887,-0.06571740657091141,0.08159647136926651,0.04301632940769196,-0.04091893509030342,-0.037663433700799935,-0.13486510515213013,0.057011544704437256,0.03775649145245552,-0.068393774330616,0.01034693606197834,0.059434924274683,-0.0322825163602829,-0.03209060803055763,-0.07193826138973236,-0.06132975220680237,0.00026652260567061603,-0.03075687773525715
-0.05568622425198554,-0.05306297168135643,0.003818197641521692,-0.030277032405138012,0.010200410149991512,-0.046356700360774994,-0.010079296305775642,0.012312972918152807,-0.0068262601271271706,0.033288255333900445,0.007889045402407646,-0.06092436611652374,0.03875326365232468,0.05933055654168129,-0.07250493764877318,0.01987195201218128,0.0,-0.02344205230474472,-0.03617509827017784,-0.008511984720826149,0.020146025344729424,-0.031204029917716977,0.02855142392218113,0.04781157150864601,0.03906276449561119,-0.027385273948311806,-0.01752333715558052,-0.06826060265302658,0.04975958168506622,0.05180956423282623,0.043918363749980927,0.03705759346485138,-0.009340359829366209,-0.03537338599562645,-0.014901970513164995,-0.005552195478230715,-0.015558945015072823,0.05728980153799057,0.002832756144925952,-0.036875754594802856,-0.06308892369270325,-0.03394179791212082,-0.06459727138280869,0.0016416131984442472,0.019363759085536003,-0.024684689939022064,0.019007904455065727,0.00484763877466321,-0.05201049149036408,0.08063237369060515,-0.05885795131325722,-0.018376385793089863,0.05082162097096443,-0.02746341004967689,0.012343626469373705,-0.010926239192485808,-0.03387616202235222,-0.01896480657160282,-0.055321861058473594,-0.04109228029847145,-0.024112192913889885,0.007940142415463923,-0.04723577946424484,-0.009679926559329033,0.019876878708601,0.02314748428761959,-0.009928059764206408,-0.010017062537372112,0.03581753000617027,-0.016598064452409744,-0.0184172336012125,-0.06612861901521683,0.03949141502380371,-0.004366445355117321,0.004161735996603966,-0.022557245567440983,-0.013602999038994312,-0.07712292671203613,-0.006018043495714664,-0.06337792426347733,0.006358841434121132,-0.012457731179893017,-0.05636148527264595,-0.059769157320261,0.01894405111670494,-0.003670095931738615,-0.03336765617132187,-0.03818459436297417,-0.02156182751059532,0.02247406914830208,0.01761641539633274,-0.09813057631254195,-0.028622133657336235,-0.006667483132332563,0.038088668137788766,0.020565377548336983,0.04997003450989723,-0.024953141808509823,0.05806780606508255,-0.08531909435987473
-0.11747026443481444,-0.018960263580083847,-0.03716293349862099,-0.024900130927562717,-0.002536364831030369,-0.0006571999401785433,-0.02590534836053848,0.07804886996746062,-0.03309894725680351,0.04452056810259819,0.002495316555723548,-0.08646125346422195,0.06868165731430054,-0.025675738230347637,0.06568808108568192,-0.01992303878068924,-0.02344205230474472,0.0,0.05944441258907318,0.036863427609205246,-0.02543964050710201,-0.0023671602830290794,-0.040596339851617806,-0.00256809126585722,-0.011947885155677795,-0.03635704889893532,-0.05873168259859085,-0.02306612581014633,-0.016941117122769356,-0.059256028383970254,0.03408695384860039,0.0010076897451654077,-0.007303268648684026,0.013223279267549515,-0.03245504945516586,0.038424164056777954,-0.014754099771380424,0.0011400282382965088,0.02849036455154419,-0.008546948432922363,-0.049831543117761605,-0.011501908302307127,-8.137124677887185e-05,-0.05316174030303955,0.019461419433355328,0.026044130325317383,0.05497188121080399,0.09576965123414992,-0.006806781981140375,-0.11366857588291168,0.017574165016412735,-0.003282197518274188,0.0695095807313919,0.019477132707834244,-0.015423798002302647,0.004149426706135273,-0.02292364835739136,-0.04858628287911415,-0.026392703875899315,-0.03462578356266022,0.04155186191201209,-0.044810470193624496,-0.05300424620509148,-0.010484621860086916,0.011209217831492424,-0.09202362596988677,-0.09268879890441895,-0.07456979155540465,0.006966874934732914,0.03914863988757133,-0.008027344942092894,0.006549110636115073,0.08352357149124146,-0.04091081023216248,-0.004902301356196404,0.0008449038141407071,-0.02025747299194336,0.054834742099046714,-0.05629198998212814,-0.032263822853565216,0.03286999836564064,-0.035706650465726845,-0.03995221480727196,-0.053842443972826,-0.046004518866539,0.011593370698392391,-0.05502912774682045,-0.06966554373502731,0.0098738307133317,0.031112222000956532,-0.004883646965026856,-0.0509948693215847,-0.012190079316496847,0.001652812003158033,-0.03313998505473137,0.06379663944244385,-0.013593824580311775,-0.03578346222639084,0.0061808768659830085,0.09369871020317075
