0,1,2,3,4,5,6,7,8,9,10,11,12,13,14,15,16,17,18,19,20,21,22,23,24,25,26,27,28,29,30,31,32,33,34,35,36,37,38,39,40,41,42,43,44,45,46,47,48,49,50,51,52,53,54,55,56,57,58,59,60,61,62,63,64,65,66,67,68,69,70,71,72,73,74,75,76,77,78,79,80,81,82,83,84,85,86,87,88,89,90,91,92,93,94,95,96,97,98,99
0.0,-0.016539720818400383,0.0053220526315271854,0.04331964626908302,-0.06173773482441902,-0.044448371976614,-0.0022583208046853542,-0.09763480722904205,0.003184780478477478,0.029246617108583447,0.02830156870186329,0.0002288131072418764,-5.013732334191444e-06,0.0009649270796217024,-0.03366600349545479,0.032288797199726105,-0.012617832981050014,0.017108669504523277,0.10610299557447432,-0.023370482027530674,-0.05216363072395325,-0.043920941650867455,-0.011435099877417088,0.026855377480387688,-0.036537207663059235,0.08379573374986649,0.07403215020895004,0.10842015594244005,-0.02237522415816784,-0.09027527272701263,0.021886371076107025,0.03913259878754616,0.028869448229670525,-0.07609941810369492,-0.002942446852102876,-0.027725096791982647,-0.09858068078756332,0.0009191328426823022,-0.05780800059437752,-0.07745344191789627,-0.0017606447217985988,0.04786159470677376,-0.03786592930555344,-0.00849298294633627,0.05543029308319092,0.009274677373468878,0.06642492115497589,-0.030813569203019146,-0.008042273111641407,-0.019306275993585583,0.048163805156946175,2.0890658561256718e-05,-0.05848179757595062,-0.014295733533799648,0.05918696150183678,-0.045766279101371765,0.04096147045493126,-0.018459374085068703,-0.04113725200295448,-0.0824708640575409,0.0701064020395279,0.014761244878172874,0.0048192921094596395,-0.0563616119325161,-0.026687880977988243,-0.01009778957813978,8.130251080729067e-05,-0.04602443426847458,0.00012812104250770062,-0.02272480726242065,0.06381000578403473,-0.052584480494260795,0.06756973266601562,0.01447100192308426,-0.11337100714445114,-0.00740514462813735,-0.10994718223810196,0.06668101996183395,-0.02822305634617805,-0.005605635233223438,0.07069261372089386,0.019815513864159584,4.7970002924557775e-05,-0.06739869713783264,-2.877736733353231e-05,-0.10113662481307983,0.05073142424225807,-0.01969717629253864,-0.009000281803309917,0.019374161958694455,-0.0037096897140145297,-0.07647709548473358,0.03552917763590813,0.036860141903162,-0.01424030028283596,-0.1183093413710594,-0.0605204813182354,-0.06937608122825623,0.05024952441453934,0.02486802078783512
-0.016539720818400383,0.0,-0.012692541815340517,0.01606467179954052,-0.00359110301360488,-0.006994711700826883,-0.07168898731470108,-0.05819165334105492,0.033094000071287155,-0.004148573614656925,0.00293152523227036,-0.027606811374425888,-0.04892249032855034,-0.02414239756762981,-0.0009615579620003699,0.04032781347632408,-0.0015565181383863091,0.009557023644447327,0.0062650428153574475,-0.00975507404655218,0.03873200342059136,0.01359915267676115,0.01380003523081541,0.026902781799435612,-0.038685280829668045,-0.05143185332417488,-0.05801005661487579,-0.080030657351017,0.06816725432872772,-0.017878562211990356,0.018059229478240013,0.01738235168159008,0.03856674209237099,0.02175646834075451,-0.11084520071744917,-0.02722862735390663,-0.15009188652038574,-0.0063476087525486955,-0.04802512004971504,-0.04744882881641388,-0.02291538752615452,0.07276614755392073,0.019059618934988972,-0.060339413583278656,-0.026602899655699726,0.019694965332746502,0.03343875706195831,-0.0264815166592598,0.042208686470985406,0.06238104403018952,-0.03290507197380066,0.03392020985484123,0.03348681330680847,-0.006770813837647438,-0.008526596240699291,-0.004614536184817553,0.021685222163796425,-0.033409107476472855,-0.11782679706811904,0.06037699431180953,0.007949131540954113,-0.00920660514384508,0.057264145463705056,0.007311690133064985,-0.020007394254207608,-0.015572178177535532,-0.05595396459102631,-0.06655333936214447,-0.02622675336897373,-0.0027431361377239227,-0.057192362844944,-0.018950616940855976,-0.0291260089725256,0.05105382949113846,-0.01671469956636429,0.01887804828584194,-0.03189896047115326,-0.057951278984546654,-0.07355100661516188,-0.034870609641075134,-0.019684111699461937,-0.04742591083049774,-0.0458606444299221,0.08538684248924254,0.08239420503377913,-0.03724370896816254,0.10211294889450072,0.021697303280234337,-0.0751347690820694,0.011485342867672443,-0.010028648190200329,0.01502269972115755,0.013096236623823643,-0.05314482375979424,-0.08618123829364777,0.027065580710768696,0.05434337258338928,0.0034298324026167393,-0.007468571886420251,-0.041351769119501114
0.0053220526315271854,-0.012692541815340517,0.0,-0.024827325716614723,-0.05073712021112441,0.06572037190198897,0.019984977319836617,-0.01955291628837585,0.02560576796531677,-0.025329619646072388,0.029218923300504684,-0.05214813724160194,-0.008586617186665537,0.03300728648900986,0.03669795021414757,0.02752285450696945,0.03602627292275429,0.006430770270526409,-0.042259857058525085,-0.07431079447269438,-0.01548177096992731,-0.07567952573299408,0.029647946357727047,-0.07673541456460951,0.01204949989914894,-0.0166074950248003,-0.01812430471181869,-0.07050299644470215,0.029267318546772003,0.0015216252068057656,-0.010849486105144024,-0.05026836693286896,-0.09129863977432251,-0.03573358803987503,0.04925116151571274,-0.05778823420405388,0.03321515768766403,0.08370686322450636,0.022505143657326695,-0.007447216659784317,0.005514103919267654,0.03697791695594788,-0.017165185883641243,-0.06675991415977478,0.009045533835887909,0.02577977813780308,-0.05035502091050148,0.027719054371118546,-0.061695646494627,-0.06544467806816101,0.046958401799201965,0.11461664736270905,-0.002125109080225229,0.020221931859850883,-0.03324216976761818,0.005810887087136507,-0.042700402438640594,-0.029156565666198727,-0.02942194789648056,-0.07541755586862563,0.0032138421665877104,-0.0072056022472679615,-0.039734940975904465,0.007775375619530677,-0.011972617357969284,-0.042198128998279565,-0.06290492415428162,0.004059264902025461,-0.05622108280658722,0.03450940176844597,-0.01198427565395832,0.0045320503413677216,-0.048669986426830285,0.003344913711771369,-0.012670527212321758,0.12045799195766448,0.04652934893965721,-0.04132847487926483,-0.02066412568092346,-0.0210679080337286,-0.0032786279916763306,-0.0354624018073082,0.004427107982337475,0.010131335817277431,-0.061252858489751816,-0.014792961068451405,-0.054440133273601525,-0.026665193960070607,0.09393397718667984,0.059944286942482,-0.04613510146737099,-0.12910737097263336,0.016875416040420532,0.058743596076965325,-0.04386740177869797,0.026551906019449237,-0.03484345227479935,0.019201405346393585,0.008776215836405754,-0.02377825230360031
0.04331964626908302,0.01606467179954052,-0.024827325716614723,0.0,0.02337080612778664,0.0026014389004558325,0.02704154886305332,0.009948070161044596,-0.05518864467740058,0.0006632452132180333,-0.06474965810775757,0.0019315020181238647,-0.009548832662403584,-0.010192357003688812,0.02036716789007187,-0.046080108731985085,0.04015028849244118,0.07541240006685257,0.0237077958881855,-0.0032084186095744367,0.0033870015759021044,-0.024410106241703037,-0.04947364702820778,-0.04038099199533463,-0.005735882557928561,-0.004170013591647148,-0.07555739581584929,0.005186629015952349,-0.06672079861164093,-0.021285120397806168,-0.04277392104268073,-0.040979243814945214,0.04114432260394096,-0.070510134100914,-0.0036484375596046448,0.03550604358315468,-0.0002548708871472627,-0.008518398739397524,-0.003312098328024149,0.00643967418000102,0.056298714131116874,-0.05941351130604744,-0.01346240658313036,0.026628322899341583,0.0001950451114680618,-0.002426156075671315,-0.05810970813035965,-0.004887575283646584,-0.05229852348566055,-0.05363750457763672,0.08764869719743729,-0.03567909076809883,0.003714049700647593,0.016670551151037216,-0.0477120466530323,0.03931920230388641,-0.05097460374236106,0.018877532333135605,0.020927783101797104,0.016550270840525627,-0.0447753444314003,0.012157485820353031,-0.01776757836341858,-0.005011408124119043,-0.051508761942386634,-0.04045207798480988,-0.05315007269382477,-0.0217756200581789,-0.006861965171992779,-0.0204328466206789,-0.012384390458464622,-0.02367253042757511,0.0004079006030224264,-0.013316997326910496,-0.018422815948724743,-0.027711234986782077,0.10222489386796953,-0.023019839078187943,-0.03417882323265076,-0.02519880421459675,-0.02548805624246597,-0.02316123992204666,0.02762218192219734,-0.012452972121536732,-0.006200025323778391,0.04124389216303825,-0.04360775649547577,-0.012437383644282816,-0.00705680949613452,-0.020887896418571472,-0.008361083455383778,-0.015790710225701332,-0.04135126993060112,-0.0329342819750309,0.02154891937971115,-0.029041094705462452,0.04411014169454575,-0.03652988374233246,-0.03843626007437705,0.015489814803004265
-0.06173773482441902,-0.00359110301360488,-0.05073712021112441,0.02337080612778664,0.0,0.00485597038641572,-0.014748390763998032,-0.01998523250222206,0.024268999695777893,-0.04608996212482452,0.03047751076519489,-0.010747363790869713,0.03053579479455948,-0.017096286639571186,0.022328333929181095,0.02920657768845558,-0.04392630234360695,-0.09057342261075971,0.008616634644567966,-0.04728031530976296,-0.055420145392417915,-0.005920706782490015,0.016275014728307724,-0.04619540274143218,-0.00597536563873291,-0.0205310732126236,0.007131753955036402,-0.06514131277799606,-0.002481749514117837,0.03562694415450096,0.10882724076509476,-0.024148026481270794,-0.045681685209274285,-0.03210405632853508,0.014290492981672285,-0.02605644427239895,0.00599227799102664,0.0037693264894187446,0.037317730486392975,-0.028557367622852325,-0.01297284010797739,0.02359568141400814,-0.03939511626958847,-0.0500912219285965,-0.013280266895890236,0.00936385244131088,-0.027592044323682785,0.025540195405483242,-0.04916459321975708,0.0017024442786350846,-0.06867077946662903,0.020715352147817608,-0.017556555569171906,0.004603285808116198,0.039080798625946045,-0.07505662739276886,0.02984314784407616,-0.03246551752090454,-0.009231576696038246,0.039609875530004494,-0.029460083693265915,-0.05288996919989586,-0.0008450577734038234,-0.04959140345454216,0.002126335864886641,-0.0075181378051638595,0.024802612140774727,0.028768984600901604,-0.02378020249307156,0.013152464292943476,0.0106029836460948,-0.01206500455737114,0.011930924840271471,0.002464655321091413,-0.01754254661500454,0.007718341890722513,-0.03764044120907784,0.02348114363849163,-0.07543887197971344,0.012270977720618248,0.06155644729733467,-0.009535368531942368,0.0178679209202528,-0.046810351312160485,-0.0398765467107296,-0.105644591152668,0.011090033687651156,-0.0139184333384037,0.034297507256269455,0.006420995108783245,-0.03714095056056976,-0.09652686864137648,0.02605360560119152,0.04561414569616318,-0.03101512975990772,-0.029851319268345833,-0.02970368415117264,0.035733118653297424,0.05334300547838211,-0.03857606276869774
-0.044448371976614,-0.006994711700826883,0.06572037190198897,0.0026014389004558325,0.00485597038641572,0.0,-0.0142752006649971,0.06534262746572495,0.03026987239718437,0.026378329843282696,0.06952434778213501,-0.07429656386375427,-0.03198958933353424,-0.0240254420787096,0.01692955754697323,-0.07238530367612839,-0.013952179811894892,-0.00503488490357995,0.02366264723241329,-0.02382558025419712,-0.027077108621597287,-0.01909630000591278,-0.034334927797317505,-0.0004498989437706769,-0.02953162230551243,0.03093310445547104,-0.03188394010066986,0.01805919036269188,-0.029356148093938828,-0.01531295385211706,-0.03519132733345032,-0.013000627979636192,-0.020384805276989937,0.017076734453439713,-0.056345243006944656,0.011712916195392609,-0.0010216811206191778,-0.05506204813718796,-0.019607190042734143,0.03205806761980057,-0.011463059112429619,0.003944156691431999,-0.006326919887214899,0.022015266120433807,-0.004785796161741017,-0.043443407863378525,-0.00012461851292755455,-0.03256019949913025,0.013794535771012306,0.029019879177212715,0.04343951493501663,-0.06103174388408661,-0.004770444240421057,-0.02657271921634674,0.05799809470772743,0.031184623017907143,-0.07060790807008743,-0.06037612259387969,0.019120750948786732,-0.03255284205079079,-0.0049339644610881805,0.017265688627958298,0.05151820555329322,-0.028918074443936348,-0.0502355732023716,-0.07076025754213333,0.015349006280303,-0.044277988374233246,0.06061524525284767,-0.031212395057082176,0.013507350347936152,-0.0561843179166317,0.013191123493015766,-0.040717635303735726,-0.004343544133007526,-0.03700604289770126,-0.0387953408062458,0.11552139371633528,-0.014818333089351654,0.03536713868379593,0.0011701096082106233,-0.0034549054689705368,-0.04595439881086349,-0.008320954628288746,-0.002757776528596878,-0.02708938159048557,0.0014289672253653407,-0.08850923180580139,-0.061701536178588874,-0.02633834071457386,0.0438418947160244,0.033411238342523575,-0.06083673983812332,-0.09323365241289137,-0.00506942393258214,-0.04560806602239609,0.0242181196808815,0.022742310538887978,-0.026955764740705487,-0.005394968669861555
-0.0022583208046853542,-0.07168898731470108,0.019984977319836617,0.02704154886305332,-0.014748390763998032,-0.0142752006649971,0.0,-0.025676609948277477,0.009423832409083843,0.08447501063346863,-0.05199435353279114,-0.03603660687804222,0.04017163440585136,0.011333875358104704,-0.020167725160717964,0.0043905433267354965,-0.033425427973270416,0.02727847546339035,-0.08204200118780136,-0.02806539461016655,-0.049026627093553536,-0.05431390926241875,0.10666943341493607,-0.030719051137566566,-0.05729405581951141,0.011907882057130337,0.0025008092634379864,-0.03402129560709,0.01240314170718193,0.03433166816830635,0.004853418562561274,0.04216653481125832,0.02498909831047058,0.024554315954446793,-0.0009672454325482248,-0.06918863207101822,-0.016449591144919395,-0.04684113338589668,-0.028912179172039032,0.021258611232042313,0.09080338478088379,-0.007833345793187618,-0.053534187376499176,-0.04270673915743828,0.052185047417879105,-0.0012072816025465727,-0.08893382549285889,-0.06870897114276886,-0.0312797948718071,-0.03452037274837494,-0.0026926712598651648,-0.03656107932329178,0.029956204816699028,-0.02119710482656956,0.02685840241611004,-0.0032232657540589567,0.05821893736720085,-0.020307103171944615,0.017894266173243523,0.052032336592674255,0.0037264470010995856,-0.05698609724640846,-0.025177909061312675,-0.02903451584279537,-0.005068301688879728,-0.03738261014223098,0.04335084930062295,0.015659721568226814,0.033805698156356805,-0.06574416905641556,0.019987903535366055,0.02650252543389797,-0.0329875685274601,-0.007631750777363778,0.03774317353963852,-0.12423600256443024,-0.042791448533535,-0.019667532294988632,0.024217478930950165,-0.03169405087828636,0.023738211020827293,-0.04225645959377289,-0.10431505739688872,-0.007254799827933311,0.06896388530731201,0.019231241196393967,-0.0240903664380312,0.0018877439433708785,-0.016342364251613617,-0.013689284212887287,-0.08744652569293974,0.012122427113354206,0.01936192251741886,-0.008093398064374924,-0.11074514687061308,-0.0005570331704802811,0.052376989275217056,-0.060521461069583886,-0.03130460157990456,0.06741838902235031
-0.09763480722904205,-0.05819165334105492,-0.01955291628837585,0.009948070161044596,-0.01998523250222206,0.06534262746572495,-0.025676609948277477,0.0,-0.014483039267361164,-0.031492896378040314,-0.05411211401224136,0.08577132225036621,-0.04423250257968903,-0.01900626346468925,0.004297307692468166,0.0137576162815094,0.03138198330998421,0.0364314429461956,0.011205819435417652,0.0432722307741642,-0.005037111230194569,-0.00014705232752021402,-0.009182115085422993,0.040386050939559937,-0.07546427845954895,-0.04319340735673904,0.004157978110015392,-5.212276300881057e-05,-0.013105810619890688,-0.06758219748735428,0.004619854036718607,-0.02579213865101337,0.015774669125676155,0.02794653922319412,-0.011682940647006035,-0.08213640749454498,-0.04752500355243682,0.0025294311344623566,-0.06287001818418503,-0.017459243535995483,-0.044730458408594125,0.006820497568696736,-0.04192740097641945,0.015229075215756891,0.019111895933747288,0.03021445497870445,0.015105044469237328,-0.0027921074070036407,-0.0036284232046455136,0.02810048498213291,0.02023961581289768,-0.005573708564043045,-0.06578836590051651,-0.010542708449065684,-0.01901560090482235,-0.0356813408434391,0.13037715852260587,0.01839803904294968,-0.048094086349010474,-0.008817395195364952,0.02385738492012024,0.01048546191304922,-0.07450257241725922,0.011813739314675333,0.025633310899138447,0.004779472481459379,-0.025429813191294674,-0.017702070996165276,-0.07564586400985716,-0.035730767995119095,-0.043509636074304574,-0.011680513620376585,0.046906407922506325,0.003140674438327551,-0.06906243413686752,-0.005017482675611973,-0.03348269686102867,-0.07590067386627197,-0.016830598935484886,0.04047975689172745,-0.003464827314019203,0.02117539383471012,-0.005985180381685495,0.040806226432323456,0.01955556124448776,-0.04810771346092224,-0.04442158341407776,0.09526257216930387,-0.006548573262989521,-0.013739912770688532,-0.03867089003324509,-0.04864996299147606,0.03263348340988159,0.043905820697546005,-0.02363617904484272,-0.0394250750541687,-0.003721546148881316,-0.03893204033374786,0.014784255996346472,-0.01694086752831936
0.003184780478477478,0.033094000071287155,0.02560576796531677,-0.05518864467740058,0.024268999695777893,0.03026987239718437,0.009423832409083843,-0.014483039267361164,0.0,0.007612930610775948,-0.10180869698524476,-0.009156312793493271,-0.0008804420940577984,-0.026607831940054893,-0.0026556209195405245,-0.011354899033904076,-0.0004648657632060349,0.022020164877176285,0.0026887415442615747,0.032667599618434906,-0.043190110474824905,0.017051925882697105,-0.04426469653844833,0.02585757710039616,0.05327441170811653,0.013392973691225052,0.061232540756464,0.0301126129925251,-0.029160931706428528,-0.0433000847697258,0.002235350664705038,0.007042987737804651,0.06979534775018692,-0.04564692825078964,-0.0435398556292057,0.0062788124196231365,0.020973462611436844,-0.03376045078039169,0.011203968897461891,-0.03494378551840782,0.017421837896108627,-0.1120638996362686,-0.02758943103253841,-0.028458185493946075,0.03412444889545441,-0.03316391631960869,-0.01233671884983778,-0.013459821231663229,-0.03386363759636879,-0.04243236780166625,-0.0553547590970993,-0.05354784056544304,-0.021296201273798943,-0.012714400887489319,-0.0588265135884285,-0.020389813929796215,-0.000968637876212597,0.042388975620269775,0.007973636500537395,0.0001037477486534044,-0.04191035032272338,0.009482938796281815,-0.06749235838651657,0.019121846184134483,0.05812039598822594,0.019746702164411545,-0.05211576819419861,-0.034466780722141266,-0.05834009498357773,0.027178481221199036,0.008527797646820545,0.06559499353170395,-0.07407095283269882,-0.011394891887903212,-0.033543437719345086,-0.03238460049033165,-0.050961684435606,-0.04579676687717438,0.010332699865102768,-0.05475173518061638,-0.06363376975059509,-0.0010332359233871102,0.051965281367301934,-0.07520045340061188,-0.0021379946265369654,0.015902305021882057,0.002434366615489125,0.005986840929836035,-0.001175033045001328,-0.03411879763007164,-0.03957666456699371,-0.021890271455049515,0.030425071716308597,-0.010701456107199192,0.056236229836940765,0.0039678169414401054,-0.042975887656211846,-0.037127871066331856,-0.008740062825381758,0.04205966740846634
0.029246617108583447,-0.004148573614656925,-0.025329619646072388,0.0006632452132180333,-0.04608996212482452,0.026378329843282696,0.08447501063346863,-0.031492896378040314,0.007612930610775948,0.0,0.0007630730979144573,0.09738507121801376,0.07730042189359665,-0.05541031062602997,0.0206025205552578,0.006339888088405132,-0.013297248631715775,-0.011719092726707458,0.04548601061105728,0.0012119129532948136,-0.05800718441605568,0.06051044911146164,-0.04580635949969292,0.0005032884073443711,0.07181400060653687,-0.14173053205013275,-0.009773415513336657,0.05685507878661156,-0.05034302547574043,-0.08808000385761262,0.00025111125432886183,-0.07963181287050246,-0.012583350762724876,-0.007480242289602756,-0.03563834726810455,-0.07311470806598662,0.048967890441417694,-0.008475717157125473,0.03563353419303894,0.002530533820390701,0.01712845452129841,-0.0741024911403656,-0.031709879636764526,-0.02140425145626068,-0.02757461182773113,0.02504757791757584,-0.061031829565763474,-0.05689669772982597,-0.039550121873617165,-0.014307497069239616,-0.04848084971308708,0.06349759548902512,-0.07989324629306793,-0.02079359069466591,-0.0249367319047451,-0.05122327059507369,-0.04744977131485939,0.01410506386309862,0.06336301565170288,-0.0005452347104437649,-0.0022406852804124355,-0.09558111429214476,-0.03068586438894272,-0.05113453418016434,0.020003125071525574,0.012030012905597687,-0.061748117208480835,0.0251108780503273,-0.01943008787930012,9.937781214830464e-06,-0.01758195087313652,-0.05567944794893265,0.06988715380430222,0.014026775024831297,-0.037137165665626526,-0.09243667125701904,-0.03618663921952248,0.02940629608929157,0.08771631866693495,0.004716300405561924,-0.014397228136658669,-0.03997217491269112,0.011670028790831564,0.08812146633863449,-0.06751600652933121,0.040072325617074966,-0.025967713445425037,-0.03819824010133743,0.07895439118146896,-0.014356539584696291,-0.08735189586877824,0.042815405875444405,-0.04740852117538452,0.04688207805156708,-0.01707407459616661,0.04267790913581848,0.004387217573821545,0.02646564692258835,0.02795466221868992,-0.05306068807840347
0.02830156870186329,0.00293152523227036,0.029218923300504684,-0.06474965810775757,0.03047751076519489,0.06952434778213501,-0.05199435353279114,-0.05411211401224136,-0.10180869698524476,0.0007630730979144573,0.0,0.07227274775505067,-0.06382095813751221,-0.01747240126132965,-0.060222137719392776,-0.015637720003724098,-0.06399822235107422,0.04585281014442444,0.00015854448429308832,0.0021829456090927124,0.03331386670470238,-0.003378997091203928,0.0015178113244473934,-0.012313523329794405,-0.07290020585060118,0.05948727577924728,0.027055390179157257,-0.07585620135068893,-0.0024596170987933874,0.01438005454838276,0.01747804507613182,-0.019699312746524807,0.011173298582434654,0.003655950305983424,-0.018237726762890812,0.00498568220064044,-0.01796227879822254,0.025903949514031407,0.008003964088857174,-0.0337245911359787,0.022924160584807396,-0.054911311715841286,0.012866792269051073,0.02413733303546905,-0.026613736525177956,-0.02640617080032825,-0.09107057005167007,0.04499242827296257,-0.025070955976843837,-0.0047622136771678925,-1.5536837963736616e-05,-0.0270092748105526,0.03968823328614234,0.023115344345569607,-0.0884520784020424,-0.09006915241479874,0.05793619155883789,0.07931187748908995,-0.0272165946662426,0.10043274611234664,-0.05776862055063248,0.04474148154258728,-0.004639018326997757,-0.02097761631011963,0.02344559319317341,-0.006480660755187273,-0.012530871666967869,0.011533609591424463,-0.07594801485538481,-0.08891105651855469,0.02626305446028709,-0.05179108306765556,3.237792770960368e-05,-0.016933059319853783,0.013419600203633308,0.0011896472424268723,0.0325276255607605,-0.0012717870995402336,-0.0019565843977034088,-0.06393692642450333,-0.04680581018328667,-0.041288413107395165,0.031134936958551407,-0.0455031543970108,-0.014893232844769955,0.10310513526201248,-0.02642836980521679,0.06872299313545227,0.035478413105010986,0.003147848881781101,0.038919325917959206,-0.015172680839896202,0.026231320574879646,-0.07035491615533829,-0.017302101477980614,-0.07617145776748657,0.020258294418454167,-0.1638972759246826,-0.017290540039539337,-0.02924278751015663
0.0002288131072418764,-0.027606811374425888,-0.05214813724160194,0.0019315020181238647,-0.010747363790869713,-0.07429656386375427,-0.03603660687804222,0.08577132225036621,-0.009156312793493271,0.09738507121801376,0.07227274775505067,0.0,-0.02864714339375496,0.049728624522686,-0.03273565694689751,-0.03477541357278824,0.08886176347732544,0.041020389646291726,-0.09859194606542589,-0.09319188445806505,0.038823749870061874,-0.0009036195697262883,-0.043712276965379715,-0.06718369573354721,0.07466489076614381,0.024071564897894856,-0.022413223981857296,-0.08470096439123154,0.004931334871798754,0.07896056026220322,-0.062449105083942406,0.06432531774044037,-0.08376038819551469,-0.019075307995080948,-0.07266657054424285,0.002009290736168623,-0.016173439100384712,-0.03513791039586067,0.0315026231110096,-0.02364744991064072,0.007331797853112221,0.010471466928720474,0.03879465162754058,-0.01210601069033146,0.03446555510163307,-0.14178314805030823,0.061281882226467126,0.024421729147434235,0.011412836611270905,0.02186177857220173,-0.02865930646657944,-0.07742653787136076,0.057979267090559006,-0.027409626170992848,0.013928500935435297,0.050228659063577645,-0.0818069949746132,-0.011316794902086256,-0.05613574758172035,-0.030356548726558685,0.059292182326316833,0.01578162796795368,0.0015075203264132142,-0.022032035514712334,0.027859399095177647,0.0071696205995976925,-0.03591546416282654,-0.0009756690706126394,-0.04693366587162018,-0.022618461400270466,-0.010176471434533596,0.0190332792699337,-0.06653162837028503,-0.014246737584471703,-0.011905779130756857,0.028016667813062668,-0.04432293027639389,-0.0027079784777015448,-0.10314025729894638,-0.0008084239088930189,0.02095320634543896,-0.08903251588344574,-0.02468373998999596,-0.004195914603769779,0.058737460523843765,-0.05675124004483223,0.056711409240961075,-0.04884798452258111,-0.0037736198864877215,-0.0034897690638899803,0.054132174700498574,-0.038776859641075134,0.0047269752249121675,-0.03296069055795669,-0.028011614456772804,-0.02577891945838928,-0.04915744811296463,0.045113425701856606,0.02920677699148655,0.016874074935913082
-5.013732334191444e-06,-0.04892249032855034,-0.008586617186665537,-0.009548832662403584,0.03053579479455948,-0.03198958933353424,0.04017163440585136,-0.04423250257968903,-0.0008804420940577984,0.07730042189359665,-0.06382095813751221,-0.02864714339375496,0.0,-0.0725317671895027,0.04533413425087929,-0.008630011230707169,-0.004798092879354954,-0.014027771539986132,0.06773465871810913,0.031690359115600586,-0.019085474312305447,-0.09214044362306595,-0.012459492310881615,-0.005199058912694454,-0.08689267188310622,0.024557385593652725,0.0008988576009869574,-0.08017130941152573,0.05531582608819008,0.017346927896142002,0.06760194152593613,-0.055355675518512726,-0.0014442020328715444,0.011649784632027147,-0.034985631704330444,0.004653790965676308,-0.01415406260639429,0.008588137105107307,-0.037938162684440606,-0.01191960833966732,-0.10132576525211334,0.04670152813196182,0.02011985704302788,-0.007751601748168468,-0.01835479773581028,-0.03409066051244736,0.041254565119743354,-0.015598639845848083,0.06808633357286453,0.0586760975420475,-0.009492793120443823,0.00807004701346159,-0.033268440514802926,-0.013675707392394543,-0.02343115210533142,-0.009200855158269405,-0.020385509356856343,-0.006860931869596242,-0.05095819383859634,-0.0035625083837658167,-0.019434483721852303,0.11347035318613052,-0.007640685420483351,0.06168613582849503,0.017193946987390518,-0.05036667361855506,0.010116273537278175,-0.05399920418858528,-0.07016011327505112,0.029296545311808583,-0.04140351712703705,0.04352127760648728,-0.03911611437797546,-0.0558791384100914,0.03259849548339844,0.069122314453125,-0.04091434180736542,-0.024912364780902863,-0.0386967770755291,0.01055855955928564,-0.02881516143679619,0.0032111441250890493,-0.026055997237563133,-0.011962298303842545,-0.05126224458217621,0.011081277392804623,-0.03002956695854664,0.08276158571243286,-0.0060999090783298016,0.013357536867260931,0.05805303901433945,-0.07942462712526321,-0.015620460733771324,-0.11019259691238403,0.012221644632518291,0.017790650948882103,-0.014900047332048416,-0.01806824840605259,-0.07972976565361024,-0.07883029431104659
0.0009649270796217024,-0.02414239756762981,0.03300728648900986,-0.010192357003688812,-0.017096286639571186,-0.0240254420787096,0.011333875358104704,-0.01900626346468925,-0.026607831940054893,-0.05541031062602997,-0.01747240126132965,0.049728624522686,-0.0725317671895027,0.0,-0.030605804175138477,-0.03254054859280586,-0.03131811320781708,-0.032600633800029755,0.06494585424661636,0.028337759897112846,-0.03080490604043007,-0.022410426288843155,0.020988037809729576,0.03466496616601944,0.0031667340081185102,-0.013878533616662024,-0.06160075962543488,-0.032459910959005356,-0.008350832387804985,-0.030001303181052208,-0.0034599369391798973,-0.01919354312121868,-0.00021213314903434363,0.0007734944811090827,-0.01962210237979889,-0.011854282580316067,0.010556626133620737,-0.012744300998747349,0.016428939998149872,-0.03691499307751656,-0.035904090851545334,-0.0627143606543541,-0.041112355887889855,-0.03702973201870918,-0.0259249284863472,0.005290718749165535,0.03218265622854233,-0.03973567485809326,0.05892879515886306,0.035818230360746384,-0.03754514455795288,-0.012673953548073769,0.007562916725873947,-0.028786141425371167,0.025444641709327694,-0.03550613671541213,-0.008665962144732475,-0.0113393347710371,0.0393269918859005,0.03924126923084259,-0.024454504251480103,0.028975810855627056,0.0492117777466774,-0.012762675061821936,0.033009130507707596,0.008516744710505009,-0.046952497214078896,-0.02593529969453812,-0.019305743277072903,-0.009672734886407852,-0.03246714919805527,0.03663145750761032,-0.017729517072439194,-0.0051064761355519295,-0.002392925787717104,-0.06234431639313698,-0.042950909584760666,0.010522236116230488,0.03573976457118988,-0.030833233147859573,-0.05915062874555588,0.007837792858481407,6.805836892453954e-05,0.034388985484838486,-0.07535983622074126,-0.06970136612653732,-0.019186832010746,-0.027019953355193135,0.03573903441429138,-0.024340083822607998,0.032645899802446365,-0.03588835895061493,-0.050706896930933,-0.04760047420859337,0.03803154453635216,-0.002333418233320117,0.06875678151845932,0.05622608587145805,-0.06842909008264542,-0.04666321724653244
-0.03366600349545479,-0.0009615579620003699,0.03669795021414757,0.02036716789007187,0.022328333929181095,0.01692955754697323,-0.020167725160717964,0.004297307692468166,-0.0026556209195405245,0.0206025205552578,-0.060222137719392776,-0.03273565694689751,0.04533413425087929,-0.030605804175138477,0.0,0.02971906401216984,-0.09003669768571852,-0.1229499727487564,-0.029018511995673176,0.005064003635197878,0.10688471794128417,0.025893885642290115,0.0631556436419487,-0.0056893317960202685,0.019525751471519474,0.10772419720888136,0.01831339485943317,-0.007102102506905793,-0.007636548019945621,-0.01851521246135235,-0.10899219661951064,0.009351277723908424,-0.04380593076348305,-0.05539405345916748,-0.002267554169520736,-0.01706998609006405,-0.03174931928515434,0.012747797183692455,0.016564780846238136,-0.11195672303438187,-0.0058490573428571216,0.035300113260746,0.020445501431822777,-0.06965914368629456,-0.05370251461863518,-0.06702416390180588,0.033920079469680786,0.0859089344739914,-0.061512283980846405,0.04888332262635231,-0.026392914354801175,-0.00857531651854515,-0.07515163719654083,-0.06427480280399323,0.00032519374508410687,-0.11642415821552277,0.05492709204554558,-0.031198434531688687,-0.032691169530153275,-0.052528902888298035,-0.00492676068097353,-0.022188253700733185,-0.014285560697317123,-0.005636267829686403,-0.0274221021682024,0.21681027114391327,0.05795922875404358,-0.022269403561949726,0.02942211553454399,-0.04706502705812454,0.005473652388900518,-0.046324510127305984,-0.03776297345757485,0.056671306490898125,0.00798169244080782,0.07983186841011046,0.0009024306200444697,-0.056630637496709824,0.028293274343013763,0.024605888873338696,-0.07057482749223709,-0.019592339172959328,0.03143307939171791,0.01307967584580183,-0.0018680519424378872,-0.03487539663910866,-0.006680649239569902,0.009516475722193716,-0.041990894824266434,-0.05914795398712158,0.059110548347234726,0.002711915411055088,-0.031042298302054405,-0.08439282327890396,-0.01184519100934267,-0.0061171757988631725,0.008689782582223414,-0.08196792006492615,-0.009307525120675566,0.01909835636615753
0.032288797199726105,0.04032781347632408,0.02752285450696945,-0.046080108731985085,0.02920657768845558,-0.07238530367612839,0.0043905433267354965,0.0137576162815094,-0.011354899033904076,0.006339888088405132,-0.015637720003724098,-0.03477541357278824,-0.008630011230707169,-0.03254054859280586,0.02971906401216984,0.0,-0.0374130979180336,-0.01431824453175068,-0.051685284823179245,-0.0921742171049118,-0.024312349036335945,0.044132161885499954,0.0024322073440998793,0.1357814520597458,0.003069252474233508,0.041532855480909354,-0.005516592878848313,0.05983615666627884,-0.0573991946876049,-0.01129782758653164,0.001515943673439324,-0.029293114319443703,0.03959961235523224,0.048678778111934655,-0.012723291292786598,-0.04540048912167549,0.0099192401394248,-0.050810746848583214,-0.08118152618408203,0.06950370967388153,-0.06210556998848915,-0.008940045721828938,-0.07143324613571167,-0.04372495040297508,-0.05691295489668846,0.04211791977286338,-0.02528510428965092,0.06714802980422974,-0.01894546113908291,0.13629330694675443,0.09254717081785202,-0.09367366880178452,0.03449896350502968,-0.011779162101447582,0.0006043390021659434,0.00664681289345026,0.015805844217538834,-0.023838339373469353,0.018545946106314656,-0.06892232596874237,0.0074452455155551425,-0.02570630982518196,0.008832485415041447,0.022028494626283646,0.032776184380054474,-0.004553521517664193,0.00011461425310699268,0.014019802212715147,-0.05152013525366783,0.02018889971077442,0.03363509103655815,0.016129212453961372,-0.13483890891075134,-0.09754694253206253,-3.0435574444709342e-05,-0.0315270721912384,0.03810712322592735,-0.011901798658072948,-0.11788826435804368,-0.007296935189515352,-0.013848611153662205,-0.03758212178945541,0.07097227871417999,0.00033044611336663365,-0.08659027516841888,-0.021514832973480225,-0.06361213326454163,-0.06965236365795135,0.03638775646686553,0.0018557604635134335,0.03448976203799248,-0.017261527478694916,-0.03478073701262474,-0.021113160997629166,0.047666773200035095,-0.008626106195151804,-0.08618020266294478,-0.0011567850597202776,-0.0043812706135213375,-0.03323933854699135
-0.012617832981050014,-0.0015565181383863091,0.03602627292275429,0.04015028849244118,-0.04392630234360695,-0.013952179811894892,-0.033425427973270416,0.03138198330998421,-0.0004648657632060349,-0.013297248631715775,-0.06399822235107422,0.08886176347732544,-0.004798092879354954,-0.03131811320781708,-0.09003669768571852,-0.0374130979180336,0.0,-0.08467203378677368,0.0938107892870903,-0.05503667145967484,0.03116943873465061,0.0009910151129588483,-0.000838597014080733,0.07679130882024765,-0.13564313948154447,0.03398294374346733,0.047578919678926475,-0.008721374906599522,-0.004118979908525944,-0.03861038386821746,0.023187303915619847,0.04491420462727547,-0.053493693470954895,0.03629527240991592,-0.006616432219743729,0.04960387572646141,0.036526158452034,-0.04436176270246506,0.037395190447568886,0.00455225957557559,-0.004440509248524904,-0.007695610634982587,-0.014829376712441444,-0.021282173693180084,-0.05002431944012642,-0.01793365739285946,-0.09790521115064622,0.030817246064543724,-0.04512445256114007,0.021086052060127255,-0.02847684547305107,0.04644203186035156,-0.06956186890602112,0.0006488934741355479,-0.0007315748953260481,-0.059526391327381134,-0.021162454038858414,-0.033662348985672,-0.06019675731658936,0.02051922306418419,-0.016516270115971565,-0.039178501814603806,0.057503174990415566,-0.011124053038656712,-0.08891791105270386,-0.005977666936814785,0.027252878993749615,-0.021018723025918007,-0.023572752252221107,0.02613879926502705,0.07481062412261962,-0.03213069960474968,-0.0390416607260704,0.022838469594717022,0.07107751816511154,0.034298837184906006,0.017215274274349213,0.05329249426722527,0.12162455916404724,-0.055392973124980927,-0.03613096475601196,-0.015917716547846794,2.1637117242789827e-05,-0.06949695944786072,-0.03697627037763596,0.04369660094380379,-0.068402498960495,-0.01152817066758871,-0.07866722345352173,-0.0444544330239296,-0.05365435034036636,0.06889385730028152,0.044454846531152725,-0.04420156031847,-0.09418256580829619,-0.044580403715372086,0.02734871581196785,0.0001136161299655214,-0.024127913638949398,0.0020333295688033104
0.017108669504523277,0.009557023644447327,0.006430770270526409,0.07541240006685257,-0.09057342261075971,-0.00503488490357995,0.02727847546339035,0.0364314429461956,0.022020164877176285,-0.011719092726707458,0.04585281014442444,0.041020389646291726,-0.014027771539986132,-0.032600633800029755,-0.1229499727487564,-0.01431824453175068,-0.08467203378677368,0.0,0.059595830738544464,0.04585232958197594,0.0004943262320011854,0.11704823374748229,0.08942148834466934,-0.09627541899681091,-0.0017210831865668297,-0.012301363050937653,-0.018077174201607704,-0.04347149282693863,-0.06727957725524902,-0.02798334509134293,-0.05120519548654556,0.031721681356430054,-0.05253734067082405,0.06958357989788055,0.022930243983864784,0.0862320140004158,-0.02998863719403744,-0.01567571982741356,-0.0021161427721381187,-0.030385050922632217,-0.08706753700971603,0.016428258270025253,-0.010424057021737099,0.04715863987803459,-0.012084167450666428,0.06371080130338669,0.03159673139452934,0.03217592462897301,0.04526530206203461,-0.17056185007095337,-0.061547968536615365,-0.026991253718733788,-0.05165989696979523,-0.03950256109237671,0.02363591641187668,-0.02857086434960365,-0.008600650355219841,-0.036103926599025726,0.046285171061754234,-0.00039876950904726977,-0.018637781962752346,-0.008450593799352646,0.0033475128002464767,-0.021462958306074142,-0.002382186241447925,-0.006607979070395231,0.11488498747348784,0.0024491241201758385,-0.01590234600007534,0.14944380521774292,0.018382254987955093,-0.035738252103328705,-0.09912688285112382,-0.10920042544603348,0.05516244098544121,-0.09031209349632265,0.05045973137021065,-0.030192581936717037,8.251418535110133e-07,0.01989909820258617,0.03183320537209511,-0.030202267691493034,-0.0785152390599251,-0.0019636298529803753,-0.061886277049779885,-0.04381293430924416,7.234634540509433e-05,-0.08115004748106003,2.7879899789695628e-05,-0.0005032234475947917,0.03411050885915756,-0.044619277119636536,-0.02286798320710659,0.05127863958477974,-0.004968080669641496,0.04520517587661743,0.04909848049283028,-0.01651255413889885,-0.03248687833547592,-0.0445995070040226
