0,1,2,3,4,5,6,7,8,9,10,11,12,13,14,15,16,17,18,19,20,21,22,23,24,25,26,27,28,29,30,31,32,33,34,35,36,37,38,39,40,41,42,43,44,45,46,47,48,49,50,51,52,53,54,55,56,57,58,59,60,61,62,63,64,65,66,67,68,69,70,71,72,73,74,75,76,77,78,79,80,81,82,83,84,85,86,87,88,89,90,91,92,93,94,95,96,97,98,99
0.0,-0.02264378033578396,0.0462326817214489,0.0072145638987422,0.010099838487803936,-0.009911255910992622,-0.03442241996526718,-0.006617789156734943,-0.02728179655969143,0.06447922438383102,-0.04837093874812126,0.03349389135837555,-0.08977676182985306,-0.03064204566180706,0.08731533586978912,0.0463673397898674,-0.01617235504090786,-0.026786411181092262,-0.019697237759828568,-0.031418364495038986,-0.003800927894189954,0.02675577439367771,0.0031511692795902486,-0.04623151570558548,0.04711009934544563,-0.04259834066033363,-0.06772234290838242,0.0946318507194519,0.06893444061279297,-0.10116360336542128,0.04279457032680512,-0.009128610603511332,0.0026015881448984146,-0.008502318523824217,-0.01499671209603548,-0.011721696704626083,-0.047508683055639274,0.03169349208474159,-0.006298064719885588,-0.04643775895237923,-0.03912197798490524,-0.03284019976854324,0.07714956253767012,-0.07965770363807678,-0.01920861378312111,0.02876276336610317,-0.036827389150857925,0.0002721522469073534,-0.02332674339413643,0.01315048336982727,0.004137813579291104,0.03928827866911888,-0.018995430320501328,-0.020860353484749797,-0.05132473632693291,0.015242387540638447,-0.031633906066417694,-0.01961534656584263,-0.05876080319285393,-0.05326370522379875,0.0007584801060147582,-0.06754393875598907,-0.02155589126050472,-0.011405863799154758,-0.03912971168756485,-0.02746644057333469,0.06120722368359566,0.08230873942375182,0.0198625922203064,0.005227712914347649,-0.01319904252886772,-0.051124930381774895,-0.019877098500728607,-0.059936150908470154,0.0318320132791996,-0.043485108762979514,-0.049014590680599206,-0.0411008708178997,0.04676790535449982,-6.566656793438597e-06,-0.02905033342540264,0.020739708095788956,-0.07332951575517654,-0.050422463566064835,-0.03643342852592468,-0.03175157308578491,0.03407292813062668,0.005592397414147854,0.02112304605543613,0.006156462244689465,-0.06367655843496323,0.030972905457019802,0.013407358899712563,0.003882573917508125,-0.02800124883651733,0.020348353311419487,0.004345410503447056,0.0529937632381916,-0.038755450397729874,-0.043232154101133353
-0.02264378033578396,0.0,0.026563536375761032,0.00254330481402576,0.0001253474038094282,0.004761134274303913,0.07103914022445679,-0.04554164409637451,0.006447830703109503,0.01145393680781126,0.016935940831899643,0.021613590419292446,-0.0247802808880806,0.007124418392777442,-0.0023067572619766,0.059651095420122154,-0.04361306503415108,-0.0011920301476493476,-0.0008466013241559267,-0.018585700541734692,-0.012326589785516262,-0.03831619396805763,-0.0559895597398281,-0.004791636485606432,-0.02968602627515793,0.022950170561671257,0.055146630853414536,-0.03851746022701264,0.03183385357260704,-0.09528453648090361,-0.07548947632312775,-0.01108484249562025,-0.011565272696316242,0.04290196299552917,0.0007265308522619307,-0.08692515641450883,-0.04987039789557457,-0.023719571530818936,-0.05679986253380776,-0.0011446793796494603,-0.1310193836688995,0.010033718310296535,0.014382388442754744,0.004767086822539568,0.03903940692543984,-0.013776933774352072,0.05565239861607552,-0.08230479806661606,0.00848173163831234,0.04400908574461937,-0.03877800330519676,0.08081705868244171,-0.013663619756698608,-0.010688079521059988,-0.05478667840361595,-0.03408053889870644,-0.01968513615429401,-0.02101112529635429,-0.0014976270031183958,-0.003975495696067809,-0.0659884437918663,0.04079178348183632,0.027692465111613277,-0.04161741584539413,-0.018371688202023503,0.0104879355058074,-0.048310264945030205,-0.03228270262479782,0.040464147925376885,0.07330964505672455,-0.03749973699450493,-0.04485981166362762,0.09762670099735261,0.042043287307024,0.022941395640373227,0.0166766457259655,-0.08286921679973601,-0.054430488497018814,-0.00972005445510149,0.04222242161631584,0.01683759316802025,-0.016019251197576523,0.022186649963259697,-0.01708764024078846,-0.018409797921776768,0.0021541425958275795,0.021279696375131607,-0.05689281970262528,-0.03804264962673187,-0.0008896294748410583,-0.023918990045785904,-0.09148086607456209,0.005888617131859064,0.02309988997876644,-0.02054774761199951,-0.02358276955783367,-0.048573050647974014,0.012526368722319601,-0.06602462381124496,0.022515444085001945
0.0462326817214489,0.026563536375761032,0.0,-0.013005382381379604,-0.006970650050789118,0.0690324530005455,-0.0471414290368557,0.03386964276432991,0.014463302679359911,-0.04475156962871552,-0.009840767830610275,0.04203710705041885,-0.024155789986252785,0.005085570737719536,-0.06647008657455444,-0.028542911633849144,-0.027358509600162503,0.054623477160930634,-0.011312406510114668,0.07321882247924803,-0.06401599943637848,0.018909499049186703,0.0023674042895436287,0.018083663657307625,-0.11349999159574509,0.014967783354222775,0.006726893596351147,-0.013525783084332941,-0.07007358223199844,-0.010598689317703249,0.027796870097517967,-0.015146726742386816,0.06916116923093796,0.023063350468873978,0.05981210246682167,0.01523344125598669,0.025631049647927284,-0.05939744785428047,-0.01373493392020464,0.013029344379901884,-0.04819997400045394,0.010600777342915533,-0.11447737365961073,-0.06095598265528679,-0.013987555168569088,-0.0006751901819370687,-0.009894741699099539,0.08319518715143204,-0.022285357117652893,-0.0503247044980526,-0.015447177924215792,-0.005519961472600698,-0.03536588326096535,-0.023039763793349263,0.04392874613404273,0.08369202166795729,0.022283336147665977,-0.07244866341352463,0.06021437793970108,0.02915854379534721,-0.0014083967544138432,0.008624795824289322,-0.1088796928524971,-0.003423208137974143,-0.0137491337954998,0.016804290935397148,-0.03150017186999321,-0.02063854224979877,0.020031545311212536,-0.07492058724164961,0.03573467582464218,0.03396587446331978,-0.11084576696157455,-0.0342300646007061,-0.024267004802823063,0.01718243770301342,-0.009319218806922436,-0.012203310616314411,-0.012955669313669205,-0.03805527463555336,-0.022165056318044662,0.02752290479838848,-0.022124722599983212,0.012049290351569653,-0.05376064404845238,0.01461472362279892,-0.030145516619086266,-0.005667558405548334,-0.04777395352721214,-0.07644210010766983,-0.026909662410616875,0.010289614088833332,-0.029004547744989395,0.041840344667434685,0.0226918775588274,-0.020298799499869343,0.020781593397259712,-0.11462504416704176,-0.08003024756908415,0.039131611585617065
0.0072145638987422,0.00254330481402576,-0.013005382381379604,0.0,0.04299094155430794,-0.002065459033474326,0.010269947350025175,-0.011320024728775024,-0.06319096684455872,-0.040443070232868195,-0.009788068011403086,0.015388389118015766,-0.044889144599437714,-0.030091794207692143,-0.03753135725855827,0.04125513136386871,-0.015301299281418324,-0.027261702343821526,-0.0005354294553399086,-0.001637448789551854,-0.02600112371146679,-0.005877336487174033,-0.06572533398866653,-0.06931402534246445,-0.054311536252498634,-0.008995934389531612,-0.04758507013320922,0.02572890557348728,-0.04084193706512451,-0.007838870398700237,0.02132874727249145,0.04505768790841103,-0.013504346832633018,0.017042607069015503,0.006955828052014112,0.05506255850195885,-0.055262342095375054,-0.002014236757531762,0.06203119829297066,-0.029823357239365578,0.06265833228826523,-0.018234217539429665,-0.007297765929251908,-0.012178260833024979,-0.011620785109698772,-0.0012147057568654416,-0.040014319121837616,0.04258885979652405,-0.025376707315444943,-0.06415540724992752,-0.0009126224904321134,-0.01888584904372692,0.05156255513429642,-0.037790119647979736,-0.023077443242073056,-0.055328380316495895,0.0836269333958626,0.018693022429943085,-0.026779327541589737,-0.025716977193951607,-0.038931313902139664,-0.08433828502893446,0.055881254374980927,0.03567987307906151,-0.0412743091583252,0.09444253891706465,-0.0010524020763114095,-0.03773140162229537,-0.015616108663380146,-0.04534944891929626,-0.06120230630040169,-0.0012385264271870255,0.053735703229904175,-0.06356817483901978,0.002854814054444432,0.07467148452997206,0.029508177191019055,0.055350687354803085,-0.02212355099618435,-0.07076651602983475,0.028852086514234543,-0.03086470067501068,0.03014745190739632,-0.012991740368306637,-0.02593494951725006,-0.003979776054620743,-0.04649141058325768,-0.05000108107924461,0.004962506238371134,-0.06727209687232971,0.019551994279026985,-0.08621872216463089,0.04860251396894455,-0.03392363712191582,-0.00870839785784483,-0.08442299067974089,0.0485253781080246,-0.07071032375097275,0.02925565093755722,0.008170262910425665
0.010099838487803936,0.0001253474038094282,-0.006970650050789118,0.04299094155430794,0.0,-0.012882543727755547,-0.05979771167039871,-0.025483714416623116,0.055450841784477234,0.01175005454570055,-0.02769335545599461,-0.04252196848392487,0.04679822176694869,-0.010813182219862936,-0.06725360453128815,0.03578600659966469,-0.056790519505739205,-0.03238840028643608,-0.010161670856177807,-0.05355477333068848,-0.024184009060263637,0.008490614593029022,-0.0007705705938860774,-0.002953704679384828,0.011181795969605444,-0.01788251660764217,-0.03443267196416855,-0.024258874356746677,0.02406691387295723,0.06031534075737,0.005302506033331156,-0.0195422787219286,-0.057529866695404046,-0.01020447164773941,0.0031352865044027567,-0.0468534417450428,0.02405639551579952,0.009676092304289343,-0.020935166627168652,0.00347669655457139,-0.012839399278163908,-0.02632869035005569,-0.036220181733369834,-0.0062617091462016106,0.01944064162671566,-0.00814682338386774,0.006780094001442194,-0.003639607224613428,-0.013878332450985909,-0.020169174298644062,0.01174432598054409,0.0002622142783366144,-0.007709865923970938,0.00138367956969887,0.007778862491250038,0.0014701432082802055,-0.02526138164103031,-0.01190768089145422,0.060858797281980515,-0.007558599580079317,0.010283353738486767,0.03994107246398926,0.0010497700423002243,0.04687513411045074,0.017054110765457153,-0.020055821165442463,-0.051697373390197754,-0.033476099371910095,-0.0018096794374287128,-0.009695794433355331,0.005196683108806609,-0.017114663496613503,-0.01056436076760292,0.009967204183340073,-0.02959924377501011,-0.11552991718053816,-0.03590036928653717,-0.027447383850812912,-0.019628755748271946,-0.017160240560770035,-0.05635154619812965,-0.0008554395753890277,-0.007498851977288723,0.005559735465794802,-0.013895303010940552,-0.09727690368890761,-0.01120860781520605,0.07517833262681961,0.044975947588682175,0.021556157618761063,-0.041692018508911126,-0.04627007618546486,-0.016718830913305283,-0.03416162729263306,0.008305256254971027,0.008337521925568579,-0.07612186670303343,-0.027060674503445625,-0.013018280267715454,-0.010778266005218027
-0.009911255910992622,0.004761134274303913,0.0690324530005455,-0.002065459033474326,-0.012882543727755547,0.0,-0.00437502097338438,0.011678402312099932,0.007197151891887188,-0.08846133947372435,-0.007988495752215385,2.1656003809766844e-05,3.68536238966044e-05,-0.02592732943594456,0.04184633865952492,0.06169816851615906,0.05028847977519035,-0.006438933778554201,0.023132480680942532,0.03172391653060913,-0.03045158088207245,-0.019950982183218,-0.09620198607444765,-0.043686140328645706,0.059544038027524955,-0.0147430133074522,-0.039466507732868195,-0.00489227706566453,-0.05653693154454231,0.026907058432698246,-0.026875153183937073,-0.10666781663894652,-0.05073559656739234,-0.010486197657883167,0.03927590325474739,-0.0276182908564806,-0.004907123278826475,0.008234849199652672,-0.02899030223488808,-0.007117337081581353,-0.019999992102384567,-0.02684500813484192,-0.002837135456502437,0.011266599409282207,-0.02541525475680828,0.02084612287580967,0.003577236551791429,-0.01829231157898903,-0.04534249752759933,0.04341376572847366,-0.08151885122060774,-0.02204938977956772,-0.038877766579389565,0.00030792137840762734,0.05561858788132668,-0.04197286441922188,-0.037301789969205856,-0.02067173086106777,-0.05026525259017944,-0.004490003455430268,-0.0032478123903274536,-0.09414458274841309,0.03088372573256493,-0.07847648859024048,0.06665707379579544,0.06698159873485565,0.012794014066457748,-0.015597638674080372,-0.04203950986266136,-0.05464306846261024,-0.06424593925476074,0.03603222593665122,-0.020980658009648323,-0.002923029009252786,-0.013991056941449642,0.010228161700069904,0.03155043721199036,-0.028309829533100128,-0.06067512184381485,0.06172514334321023,-0.02825832925736904,0.0029595468658953905,0.05124049261212349,0.02460227534174919,-0.03076301701366901,-0.08137888461351393,0.025039657950401303,-0.017358656972646713,0.045832447707653046,0.04392041265964508,0.1029416173696518,-0.004444098565727472,-0.07280936092138289,-0.05226390436291695,-0.0029290339443832636,-0.014703166671097279,-0.06128687784075737,0.06932269036769867,0.11792698502540588,-0.09653937816619872
-0.03442241996526718,0.07103914022445679,-0.0471414290368557,0.010269947350025175,-0.05979771167039871,-0.00437502097338438,0.0,0.035559389740228646,0.056574620306491845,0.052850957959890366,-0.014629076234996319,-0.052435427904129035,0.04370233416557312,-0.0174369178712368,-0.05727829411625862,-0.024271808564662933,-0.02912476845085621,-0.04281466826796532,-0.09113558381795885,0.03025132231414318,-0.009908050298690798,-0.00898342952132225,0.03896927461028099,-0.03378918766975403,0.027001043781638145,-0.07954674959182739,-0.024317661300301552,0.03710184618830681,-0.017921654507517815,0.004010796081274748,0.028190899640321728,0.00954233668744564,-0.0027078948915004726,0.00258083688095212,0.006319535430520773,-0.015623384155333042,-0.04262541979551315,-0.030253238976001736,0.02630747854709625,0.07035868614912033,0.03880069404840469,-0.028550628572702408,-0.05292666703462601,-0.03666163980960845,0.02423202991485596,-0.060367517173290246,0.02687625214457512,0.02193356305360794,-0.03086225129663944,-0.0458044670522213,0.005760323256254196,-0.005270988680422305,-0.008613130077719688,-0.04073669761419296,0.0723416581749916,-0.045466560870409005,-0.03462783992290497,-0.03633115440607071,-0.01262673083692789,-0.02839086018502712,0.017476800829172134,-0.03927404060959816,-0.007734053768217564,-0.006038007792085409,0.011442097835242748,-0.029369305819272995,0.04236499220132828,0.03907717019319534,0.004851633682847023,-0.07641669362783432,0.020648909732699398,-0.04023188725113869,-0.10486327856779099,-0.014850812964141369,-0.02882860042154789,-0.06757602095603943,0.0451299287378788,0.018878499045968052,0.01848177798092365,-0.04772200807929039,-0.047514863312244415,0.017694251611828804,-0.09040012955665587,0.03673067316412926,-0.018199637532234192,-0.08700963854789734,0.030298577621579167,0.015229455195367336,-0.042912263423204415,0.004800464026629925,-0.047054491937160485,0.0012624348746612668,0.019179463386535645,0.015025903470814228,-0.02529353089630604,0.026735097169876095,-0.02738513983786106,0.0476299412548542,-0.011531908065080643,0.021766008809208866
-0.006617789156734943,-0.04554164409637451,0.03386964276432991,-0.011320024728775024,-0.025483714416623116,0.011678402312099932,0.035559389740228646,0.0,0.0062924535013735294,-0.04365147277712821,-0.028074113652110096,-0.05118837580084801,-0.06293996423482895,-0.0016736745601519942,-0.03130928799510002,0.004916200414299965,-0.02548529580235481,0.0602455772459507,-0.0005115167587064208,-0.08573734015226364,0.010594981722533703,0.0342421792447567,-0.01188852358609438,-0.02210965566337109,-0.008886436000466345,0.03796626627445221,-0.00013759912690147755,0.0248985942453146,0.027587840333580967,-0.02150486782193184,0.02428603731095791,-0.07994069904088974,-0.07329945266246796,-0.09369064867496489,-0.06747507303953171,-0.036310311406850815,-0.043797567486763,0.02738618291914463,0.038752272725105286,-0.0019463934004306795,-0.02916702814400196,-0.007383383344858883,-0.028355544432997704,0.007948070764541628,-0.0024556536227464676,0.007575587835162878,-0.016670258715748787,-0.01837950572371483,0.029824260622262955,0.023171689361333847,-0.03325612470507622,-0.002804383635520935,-0.006026528310030699,0.005236329976469278,-0.09472022950649261,-0.002545681083574891,0.05275789648294449,0.02472047321498394,-0.02110092341899872,-0.025195959955453873,-0.029524872079491612,-0.016554882749915123,0.009243404492735863,0.03849039971828461,-0.07443872839212418,-0.005406194832175969,-0.06495841592550278,-0.0214352123439312,-0.01657663844525814,0.0013099366333335638,0.008695975877344608,-0.018592245876789093,0.0737362802028656,-0.002888715825974941,0.006661925930529833,-0.01037176139652729,-7.009622640907764e-05,0.06909995526075363,-0.07219003140926361,0.02143049798905849,-0.0015628052642568944,-0.02069683372974396,0.029414622113108635,0.052733562886714935,-0.03782714903354645,0.017000894993543625,-0.016613515093922615,-0.013462593778967856,0.07558156549930573,-0.047362569719552994,-0.031078618019819256,0.022367741912603375,0.02211923338472843,-0.04554575681686401,-0.015433366410434246,-0.04611563310027122,-0.08470834791660307,0.00742477411404252,-0.032572511583566666,-0.01195039227604866
-0.02728179655969143,0.006447830703109503,0.014463302679359911,-0.06319096684455872,0.055450841784477234,0.007197151891887188,0.056574620306491845,0.0062924535013735294,0.0,0.0002815888437908143,0.006057609338313341,-0.02744599245488644,-0.08191555738449097,-0.025018421933054924,0.03283792734146118,-0.05194633081555367,-0.025565410032868385,-0.01850570179522037,0.05110297352075577,-0.018502313643693924,0.028873452916741368,0.0006762961274944246,-0.012344898656010628,0.02694901451468468,-0.006674535106867552,-0.004510240629315376,-0.021127168089151382,-0.018255751579999924,-0.01561256218701601,-0.0370105504989624,-0.0315292589366436,0.04673203825950623,0.02930585481226444,-0.001052478328347206,-0.042681872844696045,0.036705132573843,-0.04224644973874092,-0.03887055814266205,-0.023608744144439697,-0.07500796765089035,0.023523906245827675,-0.0062740789726376525,0.03982672467827797,-0.023199182003736493,-0.04427187889814377,-0.020599998533725735,-0.026764258742332455,-0.006247108336538076,-0.02173098735511303,-0.014008773490786552,-0.039089739322662354,-0.025703657418489456,0.008892360143363476,-0.01088160928338766,-0.03329748660326004,-0.002168307779356837,-0.009358166716992857,0.04906531423330307,-0.00697470735758543,-0.004996296484023333,-0.01295524463057518,0.008383250795304775,0.015377280302345753,-0.02931891940534115,0.02281939424574375,-0.00829292181879282,0.0041463300585746765,-0.05826246365904808,-0.022641869261860847,0.02949601039290428,-0.08129394799470901,0.08896748721599577,-0.049799468368291855,-0.06026444584131241,0.014316455461084843,-0.006999294273555279,-0.03275119513273239,-0.02068096213042736,0.05254430323839188,-0.03346113860607147,0.018769098445773125,-0.06368667632341385,-0.023538105189800262,-0.10025972127914427,0.0401047058403492,0.06594405323266983,-0.0105817299336195,-0.017364157363772392,-0.061007581651210785,-0.02086367085576057,0.06409052014350891,-0.031140312552452087,0.0015884132590144873,-0.04805159568786621,-0.04078052192926407,0.02075783535838127,0.059998027980327606,-0.06432749330997467,0.00212169298902154,-0.03739526122808456
0.06447922438383102,0.01145393680781126,-0.04475156962871552,-0.040443070232868195,0.01175005454570055,-0.08846133947372435,0.052850957959890366,-0.04365147277712821,0.0002815888437908143,0.0,0.01975744031369686,0.040163151919841766,-0.0010025405790656805,0.00020828495325986293,0.07213535159826279,-0.04689205810427666,0.047770459204912186,0.03450306877493858,0.024103369563817974,-0.01330566219985485,-0.05348103493452072,-0.0018344742711633444,-0.036995068192482,-0.052592236548662186,-0.031590186059474945,0.0065813157707452765,0.02277636155486107,-0.09853991866111757,-0.06720666587352753,0.012199616059660912,0.006373868323862553,-0.02773758396506309,-0.019746562466025352,-0.033082734793424606,-0.0046512349508702755,0.008483825251460075,0.01655971258878708,0.04005545377731323,0.018641842529177666,-0.003985177259892224,-0.003352155676111579,-0.0009336199145764112,-0.04584884643554688,0.013669055886566637,-0.02618451416492462,0.04755432903766632,-0.05763908475637436,0.023889968171715736,-0.008756407536566257,0.047676756978034966,0.0047769988887012,-0.017978569492697716,-0.07919957488775253,-0.01316987071186304,-0.021171024069190025,-0.006133848801255225,-5.538601544685662e-05,0.009917682968080046,-0.006277212873101234,0.022513646632432938,0.00014295063738245517,-0.020549267530441284,-0.04897114261984825,0.010711383074522018,-0.04750841110944748,-0.05820824205875397,0.01412371639162302,-0.03835101798176765,0.014224603772163393,-0.06752181053161621,-0.014357578940689564,0.049293890595436096,0.10146763175725936,0.01874486356973648,-0.032548412680625916,-0.015992550179362297,0.07577628642320633,0.02694175392389297,-0.060924746096134186,-0.04462379589676857,-0.007574031595140695,0.01421383675187826,0.03985442966222763,0.0098712844774127,0.0077267615124583236,-0.0328444205224514,-0.024790961295366287,-0.0573701336979866,-0.005725143942981958,-0.07720585912466049,0.03910321369767189,-0.010851788334548472,-0.07519448548555374,-0.03040578030049801,-0.002671338152140379,-0.060432001948356635,-0.010422122664749622,-0.06660223007202148,0.03947029635310173,-0.08899491280317305
-0.04837093874812126,0.016935940831899643,-0.009840767830610275,-0.009788068011403086,-0.02769335545599461,-0.007988495752215385,-0.014629076234996319,-0.028074113652110096,0.006057609338313341,0.01975744031369686,0.0,0.025201980024576187,0.011796336621046066,0.03402559086680412,-0.09262908250093459,0.014199323020875452,-0.0185762420296669,-0.027582006528973576,0.011750341393053532,0.0527963601052761,0.00405057892203331,0.055490612983703606,-0.07393936812877655,0.0046981265768408775,-0.06300459802150726,-0.027734018862247467,-0.07242683321237565,0.04257075861096382,0.012008272111415865,-0.03379153460264206,0.0037792092189192768,-0.039468280971050256,-0.004045333713293076,-0.08421819657087326,-0.10178454220294952,-0.007605777122080326,-0.010677657090127468,0.027907609939575195,-0.009570938535034657,-0.02598300389945507,-0.02306072413921356,0.013876724056899548,0.05272149667143822,-0.0560217723250389,-0.04164087027311325,0.053641945123672485,0.02486841566860676,-0.0009934023255482316,0.0055667469277977935,-0.08285927027463913,-0.02384988963603973,-0.03367859497666359,-0.01930344291031361,0.010356810875236988,-0.01477909181267023,0.005571623798459768,-0.06096263602375984,0.04365057870745658,0.024031387642025948,-0.02499719709157944,0.01191568188369274,0.01684407889842987,-0.04295817390084267,-0.10220406949520112,0.048772234469652176,-0.04293222725391388,0.061619020998477936,0.04859663546085358,-0.01960890181362629,-0.011475386098027228,-0.0038652510847896338,-0.0628337487578392,-0.0012905844487249851,-0.04387092962861061,-0.018126413226127625,0.0010559374932199717,0.03792386502027512,0.06708570569753647,-0.009819075465202333,0.1311970055103302,-0.0068713128566741935,-0.03098643943667412,0.004029537551105022,0.011752734892070292,0.001802151324227452,-0.06269467622041702,-0.050171926617622375,0.026854820549488068,0.06178561970591545,-0.04346965625882149,-0.07583579421043397,-0.005997365340590477,-0.009224994108080866,-0.0496840626001358,-0.010515538044273852,0.004224870353937149,0.01787649467587471,-0.028124375268816948,-0.05511317774653434,0.024600563570857048
0.03349389135837555,0.021613590419292446,0.04203710705041885,0.015388389118015766,-0.04252196848392487,2.1656003809766844e-05,-0.052435427904129035,-0.05118837580084801,-0.02744599245488644,0.040163151919841766,0.025201980024576187,0.0,-0.03497982397675514,0.024034105241298676,-2.7130554371979088e-05,-0.10750050842761992,-0.05308251455426216,0.013164442032575607,-0.010801252909004688,-0.07068590074777603,-0.02186308801174164,0.033956315368413925,-0.04722286015748978,0.06949448585510254,0.07340163737535475,0.019047088921070095,0.05531822144985199,0.06530638784170151,-0.007276895921677352,0.07646162062883377,-0.008770513348281382,0.06668934226036072,-0.03783760592341423,-0.08442059159278868,-0.023573916405439377,-0.016629397869110107,-0.021412985399365425,-0.011902839876711369,0.005409053526818752,0.03101186454296112,0.051375657320022576,-0.04433298856019974,-0.032763369381427765,0.03190110623836517,0.03249848634004593,-0.13243992626667023,-0.04370667040348053,-0.04713519290089607,0.013463188894093037,-0.02734246477484703,-0.09997236728668212,-0.07606944441795349,0.033027056604623795,0.004055843688547611,0.00942474789917469,0.003678855253383517,-0.007948833517730236,0.0007242400315590202,-0.036592304706573486,-0.0034171692095696926,-0.023902047425508496,0.09104690700769424,0.01924845017492771,0.08954149484634398,-0.0660320445895195,0.0758792906999588,0.024823013693094254,-0.08109120279550552,-0.05446058511734009,0.04639103263616562,-0.010638524778187273,0.02775560691952705,-0.05523588880896568,0.0006353860371746123,-0.00892776809632778,-0.11474106460809708,0.024434391409158703,-0.049918126314878464,-0.07754654437303543,0.013679757714271544,0.013545696623623373,-0.035531044006347656,-0.053075503557920456,-0.016530597582459446,-0.0027876258827745914,-0.06110808998346329,-0.008459070697426796,-0.017390182241797447,-0.036647941917181015,-0.0541742853820324,0.013214043341577051,-0.006625558249652386,0.05883587896823883,-0.05553692951798439,-0.04065980762243271,0.033264677971601486,-0.0455133393406868,0.07817795127630234,-0.004341165069490671,0.05499967560172081
-0.08977676182985306,-0.0247802808880806,-0.024155789986252785,-0.044889144599437714,0.04679822176694869,3.68536238966044e-05,0.04370233416557312,-0.06293996423482895,-0.08191555738449097,-0.0010025405790656805,0.011796336621046066,-0.03497982397675514,0.0,0.02626820281147957,0.03154271841049194,-0.018769768998026848,0.053219348192214966,0.08006110042333603,-0.04567556455731392,-0.0016850135289132595,-0.039580337703228,0.06049632281064987,0.002545575611293316,0.03663008660078049,-0.00165656057652086,0.021104440093040463,-0.018130769953131676,0.1207018718123436,0.02248227968811989,-0.0740164816379547,0.05274901539087296,5.711898484150879e-05,0.03386335074901581,-0.021842164918780327,-0.043186895549297326,-0.00418638251721859,-0.1561126857995987,-0.041631624102592475,0.065487802028656,-0.07966570556163789,-0.0748011991381645,0.05101392418146133,-0.0035355030559003357,-0.05428531393408775,-0.04237486794590951,-0.02886228822171688,2.20167676161509e-05,0.04069056734442711,0.021950069814920425,0.017827168107032776,0.053140662610530846,0.010917373932898045,0.020138312131166455,0.0049423822201788425,-0.020945169031620026,-3.4203600080218166e-05,0.09842991828918456,7.02669785823673e-05,-0.036040853708982475,-0.010839124210178852,-0.06818075478076935,-0.050510574132204056,-0.0007413842249661683,-9.607680112821981e-05,0.040797606110572815,0.03814244642853737,-0.05204769223928452,-0.008933696895837782,-0.10122396796941756,0.011688067577779291,-0.09946466237306595,0.16068121790885925,-0.052100110799074166,-0.036345291882753365,0.045540526509284966,-0.026138875633478165,-0.07145284116268158,-0.064243845641613,-0.014299479313194752,-0.03904160112142562,-0.0006288821459747851,0.036955378949642174,-0.02146878093481064,-0.05316643789410591,0.0004977913340553641,-0.002020659390836954,0.027058225125074383,0.037262558937072754,0.010810663923621176,-0.026726778596639637,-0.004401644226163626,0.06559783965349197,-0.052811577916145325,-0.0437849797308445,-0.03764139860868453,-0.03160060569643974,-0.007997335866093636,-0.0018552015535533428,-0.03977658972144127,0.05693439021706581
-0.03064204566180706,0.007124418392777442,0.005085570737719536,-0.030091794207692143,-0.010813182219862936,-0.02592732943594456,-0.0174369178712368,-0.0016736745601519942,-0.025018421933054924,0.00020828495325986293,0.03402559086680412,0.024034105241298676,0.02626820281147957,0.0,0.037984445691108704,0.0344017893075943,0.012977223843336104,0.07795268297195433,-0.05493976920843124,-0.0940418392419815,0.06616133451461792,-0.03753652796149254,-0.01789572276175022,-0.0010710915084928274,0.07413353770971298,-0.13862286508083344,-0.16843372583389282,0.005092195235192776,-0.02439703606069088,0.08799388259649277,-0.004879011772572993,-0.07043050974607468,-0.028143083676695824,-0.04151954874396324,0.06348314136266708,0.01681118831038475,0.008190086111426353,0.005465947091579436,-0.06478733569383621,0.01688670925796032,0.0043734186328947535,-0.0884803906083107,0.06724631041288376,-0.04045169055461884,-0.02501622959971428,-0.03169542923569679,0.1023341715335846,0.0002932055795099586,0.04047555103898048,0.019310047850012776,0.021835500374436375,0.014980442821979523,-0.01787063106894493,-0.035464122891426086,0.055946536362171166,-0.05996900051832199,-0.06765268743038177,0.04815910756587982,0.00750692142173648,-0.017824500799179077,0.025538254529237747,-0.03193696215748787,-0.08181323111057281,0.0838850289583206,-0.014676544815301895,0.10429368168115616,-0.042520202696323395,0.004712596070021391,0.04534762352705002,0.009835975244641304,0.013942942954599856,-0.08401923626661299,0.010158110409975052,0.02035931125283241,-0.03441528603434563,0.0007563350372947752,-0.03496197983622551,0.03747323900461197,-0.010289465077221392,-0.03119063936173916,0.028853226453065872,-0.003594848094508052,0.013171127997338772,-0.0862654373049736,-0.022418433800339695,0.06438077986240387,-0.060876995325088494,0.016187451779842377,-0.1418144404888153,-0.06305887550115585,0.02509397268295288,0.04179875552654266,0.01876266486942768,-0.06119432300329208,-0.029661724343895912,0.05245058238506317,0.04713476821780205,-0.12828397750854492,-0.01817447878420353,-0.019967790693044662
0.08731533586978912,-0.0023067572619766,-0.06647008657455444,-0.03753135725855827,-0.06725360453128815,0.04184633865952492,-0.05727829411625862,-0.03130928799510002,0.03283792734146118,0.07213535159826279,-0.09262908250093459,-2.7130554371979088e-05,0.03154271841049194,0.037984445691108704,0.0,0.02548280358314514,0.05083267018198967,-0.056236520409584045,-0.066789411008358,9.971884719561784e-05,0.07663507759571075,-0.10194414854049683,0.006249807775020599,-0.03221714869141579,-0.0823366940021515,-0.033730167895555496,0.028770318254828453,-0.08000257611274718,0.008509587496519089,0.047607891261577606,0.0004194316279608756,-0.04946829006075859,-0.08284997195005418,-0.042601373046636574,-0.06307866424322128,-0.0039873700588941565,-0.03388599678874016,-0.03228657692670822,0.028800470754504204,-0.0008907197043299675,0.02159817516803741,-0.0008954004151746631,-0.01201608870178461,-0.03835666552186012,0.05699320882558823,0.04678159579634666,0.05959044024348258,-0.03358617052435875,-0.011829780414700508,-0.08503949642181395,8.195373811759055e-05,-0.026248736307024956,0.01689617894589901,0.004199579358100891,-0.017749713733792305,-0.050810359418392174,0.02002834528684616,0.05393150821328163,0.04896808788180351,-0.002080401638522744,-0.06460078060626984,8.709626854397357e-06,-0.01993554085493088,-0.08097774535417555,0.093476302921772,0.09776397794485091,-0.01272027101367712,-0.06356097757816315,0.031195003539323807,-0.06786222755908966,0.0036630525719374414,0.06519510596990585,-0.023140588775277134,-0.026124630123376846,-0.025689909234642982,0.00029747607186436653,-0.08500612527132033,-0.0030282787047326565,0.001313925487920642,-0.033371467143297195,0.050071097910404205,-0.08676464855670929,-0.014194305986166,0.0970061868429184,-0.01805834658443928,0.008131398819386959,-0.01829144917428493,0.09617090225219727,0.12450627237558363,-0.03661905974149704,-0.011327029205858707,2.7015654268325303e-05,0.09691911935806273,0.059471283107995994,-0.01826195791363716,-0.0915343314409256,-0.07363594323396681,-0.004889558535069227,-0.06534240394830704,0.09544309228658675
0.0463673397898674,0.059651095420122154,-0.028542911633849144,0.04125513136386871,0.03578600659966469,0.06169816851615906,-0.024271808564662933,0.004916200414299965,-0.05194633081555367,-0.04689205810427666,0.014199323020875452,-0.10750050842761992,-0.018769768998026848,0.0344017893075943,0.02548280358314514,0.0,0.061709929257631295,0.036292046308517456,-0.04939261078834534,-0.019283669069409367,0.01172124408185482,-0.07004954665899277,0.07150716334581375,0.10196558386087416,-0.002916102530434728,-0.013068712316453455,0.06871596723794937,-0.08736272156238557,-0.04041171073913574,0.021676894277334213,-0.009722450748085976,0.0745905265212059,0.04166072979569435,-0.08514369279146193,-0.05912010371685028,0.01942598260939121,-0.031210511922836304,-0.039486292749643326,-7.644344441359863e-05,0.005986776202917098,0.026631979271769524,-0.006601467728614807,-0.007307319436222314,0.07899841666221617,-0.06399597227573395,-0.0037336105015128847,-0.057376272976398475,-0.06244967132806777,0.03274273872375488,-0.015259506180882452,-3.453229874139652e-05,-0.1206798180937767,-0.040799520909786224,-0.0005117816617712379,0.02599656954407692,-0.03610982745885849,-0.05081422999501228,-0.04650243744254112,-0.07926184684038162,0.002845572540536523,0.007430840749293565,0.04612511023879051,-0.05115511640906334,-0.04753652587532997,-0.015300114639103413,-0.12497960031032562,0.06533221900463104,0.02690729685127735,-0.08099079132080078,-2.453703200444579e-05,0.01164073497056961,0.06431671977043152,-0.03297830745577812,0.0007334338151849806,-0.0471549890935421,-0.0025014174170792103,-0.008147252723574638,0.0360150970518589,-0.08248635381460188,0.010735793970525265,0.017393093556165695,-0.011820179410278795,-0.045939330011606216,-0.02119261212646961,0.0016194256022572515,0.06619788706302643,-0.024676144123077393,-1.939435242093168e-05,-0.0826704129576683,-0.031390231102705,-0.0013016973389312625,0.017080558463931084,-0.0012977886945009232,0.01692507229745388,-0.03459719568490982,-0.0064706639386713505,-0.009797646664083006,-0.007159081753343344,-0.012053844518959522,0.008144249208271502
-0.01617235504090786,-0.04361306503415108,-0.027358509600162503,-0.015301299281418324,-0.056790519505739205,0.05028847977519035,-0.02912476845085621,-0.02548529580235481,-0.025565410032868385,0.047770459204912186,-0.0185762420296669,-0.05308251455426216,0.053219348192214966,0.012977223843336104,0.05083267018198967,0.061709929257631295,0.0,-0.040972020477056496,0.03228440135717392,0.007180421147495508,-0.05416594073176384,0.019406162202358242,-0.025775760412216183,0.02402396872639656,-0.004956942517310381,-0.019102342426776883,-0.05327405408024788,0.051547929644584656,0.05797453969717026,-0.034819792956113815,-0.0006375470547936857,0.03516434133052826,0.02818617969751358,0.0931151881814003,-0.0202864408493042,-1.35750024128356e-05,0.013205043040215967,-0.05755075067281723,-0.04333680123090744,-0.002399361692368984,-4.250661004334688e-05,-0.03366499021649361,-0.028080491349101063,-0.05393263697624207,-0.004250809084624052,0.028982900083065033,-0.023840345442295074,0.016265276819467545,-0.014166883192956448,-0.10922711342573165,-0.08080510795116425,0.06950556486845016,0.03210786357522011,-0.05749034509062767,-0.013278539292514324,0.02673306129872799,0.019805356860160828,0.03124944120645523,0.059073396027088165,0.018784554675221443,0.017466405406594276,0.0718819871544838,0.04979050531983376,0.039657779037952416,-0.08314643055200575,-0.08548378199338913,-0.07882015407085417,-0.050494082272052765,0.001548534375615418,-0.03198334202170372,0.024902263656258583,-0.050903335213661194,-0.02797344885766506,0.0203938651829958,-0.015457656234502792,-0.06356766819953918,-0.024297112599015236,0.10096845775842667,0.017423953860998154,-0.05295795574784279,-0.04195421934127808,-0.042572565376758575,-0.023354658856987957,-0.04068363457918167,-0.0011601566802710295,-0.0024163448251783848,-0.004529073368757963,-0.030764380469918248,-0.00781414844095707,0.0004987653228454292,0.028272662311792374,-0.09060080349445344,0.007186485454440117,-0.06194928288459778,-0.03606976568698883,0.08537082374095917,-0.1270839124917984,-0.008763322606682777,-0.025513185188174248,0.0068548438139259815
-0.026786411181092262,-0.0011920301476493476,0.054623477160930634,-0.027261702343821526,-0.03238840028643608,-0.006438933778554201,-0.04281466826796532,0.0602455772459507,-0.01850570179522037,0.03450306877493858,-0.027582006528973576,0.013164442032575607,0.08006110042333603,0.07795268297195433,-0.056236520409584045,0.036292046308517456,-0.040972020477056496,0.0,-0.0011371464934200048,0.012630142271518707,-0.0004546683339867741,-0.051709849387407296,0.07778094708919525,-0.0561470240354538,-0.022257134318351746,-0.0042062783613801,0.039818935096263885,-0.006315228994935751,-0.027821866795420647,-0.0252973847091198,-0.10470809787511824,-1.608405364095233e-05,-0.03715914487838745,0.07980645447969437,-0.010682413354516028,-0.0015372396446764467,0.06950937211513519,0.017863422632217407,-0.017062898725271225,-0.0590096078813076,0.035250987857580185,0.03325643390417099,0.0825028195977211,-0.03270009160041809,-0.01589935831725597,5.7480719988234334e-05,-0.09676169604063034,0.03734133392572402,-0.07848355919122696,-0.06782805919647217,0.11004838347434996,-0.09868111461400984,0.08115238696336746,0.0070157465524971485,-0.002231601858511567,-0.05452722683548927,-0.08966670930385588,0.02305114082992077,0.00962137896567583,-0.03138243034482002,-0.04024216905236244,0.029267335310578343,0.0179469995200634,0.06839195638895035,-0.035268496721982956,0.07780271023511887,0.07325778901576996,-0.009151543490588663,-0.05396652221679688,0.012384149245917795,-0.02282712236046791,-0.061738088726997375,-0.06373731046915054,-0.0263863168656826,-0.032272279262542725,-0.010895918123424051,-0.04349591210484505,-0.10121290385723114,0.04302296042442322,-0.0455549843609333,-0.0366719625890255,0.0555560179054737,-0.0002969017077703029,-0.05351319164037704,0.03301025927066803,-0.10535958409309389,6.460003351094201e-05,-0.04667632654309273,0.03310251981019974,-0.01750658079981804,-0.04719438403844833,-0.0747852548956871,0.020768560469150543,-0.004336089361459017,0.0027512540109455585,0.005154412705451249,-0.03495655581355095,-0.01992446929216385,0.05978311970829964,-0.02954081818461418
