0,1,2,3,4,5,6,7,8,9,10,11,12,13,14,15,16,17,18,19,20,21,22,23,24,25,26,27,28,29,30,31,32,33,34,35,36,37,38,39,40,41,42,43,44,45,46,47,48,49,50,51,52,53,54,55,56,57,58,59,60,61,62,63,64,65,66,67,68,69,70,71,72,73,74,75,76,77,78,79,80,81,82,83,84,85,86,87,88,89,90,91,92,93,94,95,96,97,98,99
1.9999999999999996,2.0221194201123946,1.6669089376847521,2.4342459975635347,1.9757650645638452,1.822578715313989,1.9012865007301727,2.3289409569932134,2.0080289807252436,0.36441992116402167,-0.9109741744332538,-0.8010945090110758,1.5294309815779399,0.7602995762561389,-0.8574739324942402,2.7358632966872434,0.10209903399132339,1.8194599671146197,1.3641311702146406,0.8616906055718353,-0.3955564980042975,-0.11281067893471614,-0.5283426308922158,-1.2118138768045212,0.5456780077570931,-1.3478579822810977,-1.4800260888889036,-1.716166876295242,-0.4797058547501551,-2.2374819392106784,2.1562829953295157,1.5468716576085835,2.0407787836131703,1.3749332005888941,-1.074850507434718,1.4477872385468646,-0.012750972695168696,1.6285967408951576,0.3092672998065314,0.056652041772662615,0.2459259006161193,-0.7141634981316324,-0.5193810896477925,0.0856893499752569,-0.3848372908510995,-0.7704941042433866,-0.4020691805171318,0.878915902832502,2.068883381398123,1.270158646546558,3.0252917897686986,2.109720432527686,2.4838775238758077,2.5174071719279283,1.5790528043597178,2.874356996383365,2.3822905784986688,2.319327242106404,1.7793120801563247,0.4609622393260016,0.9219835894838906,1.5868314110309392,-0.1994649093312099,0.24272673110617524,-0.7207100145250402,-1.3477142532827031,2.29665569315159,1.1607744575619665,0.2764476294223571,1.9303938949273252,0.1926532236604405,-0.6432013252641011,-1.2887918505006346,1.8416724815452687,0.3727823127327041,-0.6519407510428332,-0.5625967629205109,-1.785152436612141,2.0130347532013255,2.3200695429067517,-0.8889315743966442,0.1709378665282007,-0.875362724521968,-1.654708125427628,-1.6871815918900066,-1.2272658797508367,0.2813429202916217,-1.2611213250234594,2.0618630807870337,0.5023838539566128,2.642921156553249,2.0696185052075586,1.4472347512235229,0.5444592364082415,-0.5655831395607995,0.8915606897767782,-0.9997499706659234,-0.5261166190745503,2.0714410380277455,1.7591787288179999
2.0221194201123946,1.9999999999999996,2.763308162069316,3.1633679826850325,2.7475227496000416,2.9403176493482936,2.4837678767440075,3.1498652485590997,2.548675297411652,-0.29520284756263376,-1.8948840486217318,-1.0483388239945959,1.6666863171447202,2.264050641086959,0.17314597229885692,3.0186251384439506,0.4244006617689085,2.8541091325435386,2.057578936171313,1.928346550618695,1.1563365499577847,0.29664818536333065,1.057430591461375,0.0957373502373925,-1.1743427776087447,-0.2835447542547048,-0.16642038289974131,-0.3490051002436409,0.48209246077106244,-0.8277523451716731,0.6819230327718611,0.9200735633145507,1.5893795953497851,1.736682171410581,0.04522174003616333,1.1056337189376872,-0.1400902262372836,0.7439139866187086,0.053395839956387386,-0.0998171409433378,-0.3734152327535536,-1.605486800266315,-0.7242248360166696,-0.3302101889605021,-0.25800626473213534,-0.7849412372447577,-0.6249689041650031,0.5819846430607014,1.118964441011674,0.3606754559880853,2.531035144543617,3.287098971954081,3.0209824002153107,3.1239916462842694,3.1507532651813426,2.7242737942068334,2.942432379191742,3.0263866854874837,1.627602546163021,-0.33324926847478187,0.8107589971969207,0.9225407943591741,1.8084703359521486,1.5734829757193656,-0.010529271899988382,0.04298362270964398,2.113411137182723,0.5075133334342112,1.6635065876841262,2.8892948067236697,0.9383894356208035,0.49548821325019227,0.6422865302772472,1.9152820871562781,0.7056382949053739,-0.3920756326186719,0.96379886904203,-0.08401247301115251,0.781868070978268,1.6655801226532514,0.7845664016155486,0.1105601942172626,0.1381783967249634,0.07156970756385964,0.08009456170857368,-0.43417647510405344,0.14587307892472917,-0.1581365424626711,2.0966313870297695,0.24319375655677586,1.6598843954636646,1.3981554350045509,1.2046294151296588,-0.7407693591209795,-0.8532727934642435,0.23232712282314652,-0.6346566134556302,0.281815829592335,1.575713164369459,0.8564428719998339
1.6669089376847521,2.763308162069316,1.9999999999999998,2.2334752758432965,2.9416402410848095,2.7278199696216068,2.2786099411694236,2.9452055970148665,2.07797899781131,1.345223591216377,0.18081279640521372,0.9425192329301082,1.8484323438238088,1.6538559379980886,-0.5272639402003334,2.6567546281107948,0.7037548788526278,2.597685282003643,1.470589424307136,1.1567000683472168,0.4653434086797907,0.1607052539812074,-0.12414596294691049,1.387301672224854,0.6822656120117818,0.4426430330090144,-0.9421442596161347,-0.4978197104490976,-0.37284140226744855,-0.7169132384672089,0.427580643297299,0.7093808408994738,-0.007931658275136394,1.625227954444597,-0.7043975936839371,-0.06962784690079271,-1.3054681457062094,0.028973231988399795,-0.833832885202946,-0.3360009022465534,-1.4356236405780447,-1.6060699088977737,-1.217135425910604,-2.0096535239000843,-1.6222773084676105,-2.142082060507471,-1.8730004774281879,-0.9226844173423288,-0.2531173934863441,-0.9999608802809463,2.417393548880992,3.4225737041508415,2.1212576165896033,2.7471919100888615,3.480746574730772,2.80408316067757,3.1179356546917116,3.1668267486696653,2.186307117407797,1.2487150408664243,2.100644762522607,1.5946678346011836,2.015860839202464,1.6783761096713348,0.6185331504833246,0.24038545642204603,1.3348939047617145,0.9156135087198893,1.827293652037956,2.5311810971626967,1.1415443235160736,0.3680269265007281,0.6711415850438965,1.5530482338333822,2.2316683780429236,1.042741888187215,1.5675787073801701,0.4491726753053922,0.3674089222686466,1.1134216908166805,1.7900292358184857,-1.2977756724110878,-1.4610728201643353,-0.1237147192703523,-0.4871093925401872,-1.807277788537606,-0.8793168363500321,-1.2999050742556468,1.1303551286003897,-0.5134959186815828,0.39545554676468964,1.4381767585209588,0.25876532116943957,-1.0104786246018107,-1.1695831140586401,-1.4420848991610005,-2.0214080708585227,-1.257829116190577,0.4074838759220135,-0.4452684365785661
2.4342459975635347,3.1633679826850325,2.2334752758432965,2.0,2.8464956586749635,2.1786974298626305,2.051168927764467,2.5137674046533314,2.0790363548336273,-0.41027386825886863,-1.6951833587685319,-0.9737311814307952,1.8280906613287506,1.9112757599617403,0.109753175001508,2.9596760310457415,0.33734969974243906,2.590182801250323,2.0082555107387563,1.278775018826036,0.8722367610139609,0.4087133209550101,0.7942770477551229,-0.5589871909754871,-0.9250980496570567,-0.8189793863791213,-0.579491547338806,-1.0350743258868587,0.18216625145382412,-1.3619448478971377,1.8813286639485642,1.3912779244136877,2.1784557744176394,1.6899528051687307,-0.1268880034550256,1.1257035302738672,0.1315367676777478,1.1646946980403368,0.15909397525812552,0.1363072734984333,0.019120520947454103,-0.6385087684797635,-0.3882514064013702,-0.179807903124056,-0.0988611246011385,-0.6049183626388444,-0.23755295825374548,0.8083033198893481,1.2948446809966296,0.6520200000202632,2.593210155874611,2.9009055204431538,3.0508442212813547,3.3813877576302125,2.2563293687094514,2.4426659735374545,2.51535576337362,2.309092449186839,1.226028456419978,-0.40958915007718355,0.45275400169441193,1.4581332885413967,1.2106747065680596,1.292098773660607,-0.05466052686914441,-0.3207837981697794,1.6126018924460022,1.0450098431107748,1.3639574879860237,2.4753246157687845,0.8049386663544055,0.20137804154558445,-0.06009724661080207,1.451876534583833,0.3254925589496332,-0.9593894759841887,0.24952074600612498,-0.9047462078731909,1.8404255892009322,2.1880126377757767,0.24779084074605567,0.3131134137993114,0.11059702863692664,-0.6535614299337412,-0.6775689181017256,-0.6504803975079319,0.27259759099385433,-0.7021516401694372,1.7545903463817876,0.33731346142575813,2.1578685328138247,1.312586665739832,1.0782317573756972,-0.2272595187369469,-0.6626582367506069,0.2429999536325238,-0.6248045133309927,-0.2455720878622152,1.288034723102741,0.9212146816409805
1.9757650645638452,2.7475227496000416,2.9416402410848095,2.8464956586749635,2.0,1.8859165136936673,1.473699727243289,2.171868205477342,1.9189198615985106,0.4346851207599925,-0.4124278045882046,0.13293587867477819,1.3438605412082159,1.5656414843577218,-0.06997486078967802,2.3595463516527837,0.3624148028068004,2.0818453562272596,1.417894296163261,1.0298384363238053,0.4880656862461107,-0.13234217913206892,0.3480991619777087,0.12929997873723428,-0.0551494311179344,-0.373477249739482,-0.6575398752090664,-0.8027844805646778,0.0029897965545416794,-0.760655259247778,1.146553139326358,0.7240295329586222,1.0441926682950204,1.1596413440154707,-0.7388889124192397,0.4317354206219679,-0.41570313385062296,0.5094448222743491,-0.304057802494489,-0.190143981410949,-0.5696160737070256,-0.61900902914565,-0.8609369857758198,-1.044155959751438,-1.0111096921875258,-0.917161147119929,-0.5354979908210153,0.2473580858644244,0.38069509239917043,-0.06040078843839099,2.1015706184326106,2.9691411657753717,2.4638010378768858,3.0368467885666695,2.4548367051177085,2.386622207053221,2.416741695654868,2.241977694515866,1.0860787319548653,0.2003535234242937,0.8160422227090318,0.9326995374122005,1.5052507715278232,1.556144166463913,-0.020600351991352794,-0.22709632720634748,0.9984743442259489,0.7080196163278176,1.31784898780999,2.0907701152551725,0.6823229231073207,0.3212145197563968,0.15733647530167205,1.2688219674169314,0.8093853230491479,-0.3883301632841204,1.0373636326757043,-0.06578197666631058,0.9150857152320271,1.1387813191278324,0.8338112061541127,-0.2420299068574005,-0.6639166348443926,-0.4730442800487088,-0.41511329961683674,-0.7051178877130482,-0.08399949743489843,-0.6991928957068567,1.1520359996318454,0.044661236052585956,1.2666574823047214,0.7889865127099037,0.619923358772406,-0.6627123320685665,-0.7210512179615993,-0.5497604395204612,-0.8355214743957806,-0.562324213109217,0.7617912048680568,0.36106635710920876
1.822578715313989,2.9403176493482936,2.7278199696216068,2.1786974298626305,1.8859165136936673,2.0,2.74966731996455,2.8554430864344624,2.77111209520284,0.504177489094626,-1.1830970987909926,-0.644810205806381,1.1545525403396222,1.498987552412455,-0.2849620168720774,2.3943111777788317,-0.2173779452986432,2.2467896293174894,1.303959461843697,2.045358377897479,0.5307528464697915,-0.335486961824493,0.6330332824427464,0.6022982702402263,-0.35554554383489256,-0.2872594751046881,-0.09609433657867333,-0.08552998295183484,0.5465175886300098,-1.1748547889505931,0.24737271588741822,0.4976167414714901,0.9718621954236857,1.4301307748038483,-0.34451403979173434,1.1397907432082397,-0.0384762258177993,0.6971255606262908,0.1525937419266496,0.10667720685427108,-0.3262103740970064,-1.8902663625452174,-0.8028809176266709,-0.3736966895060324,-0.31552550090759957,-1.0826569558019536,-0.8464729314519233,0.2141109147778462,1.3864750147664124,0.38348989447295184,2.268079449553044,2.455211801771262,2.3508526033688373,2.1022866889767293,3.060276446137463,3.084562575602141,2.466999286611952,2.99689936960437,1.80255330953534,0.48249608736289,1.291703733371275,1.002083000739631,1.3878648684522217,1.0115549271769504,0.020117254564847725,-0.22215445917844745,2.626383421874336,-0.009582282080975502,1.1888722765429507,2.420644855617286,0.7424603192363828,0.3314311728362237,0.5269408140004066,2.2685046172841976,1.0682891161734829,0.1965790273940628,0.6852092865868651,0.06058150706223167,0.4935624230069201,1.1746157767238645,0.7150465060488661,0.0805246175739837,-0.1546858809891084,-0.026531710142546683,-0.03651115589475801,-0.5656423896001502,0.35275387921095314,-0.19226897529149417,2.148170111026586,0.6060583670863234,1.3098768395734381,1.3076915731705196,1.050775862828694,-0.841541857400282,-0.48649762146211617,0.16307344942174112,-0.8883725714394861,0.2541992397395989,1.9072610957808778,1.0107282085913412
1.9012865007301727,2.4837678767440075,2.2786099411694236,2.051168927764467,1.473699727243289,2.74966731996455,2.0,2.86919735268273,2.5306112211233978,1.30290716625838,-0.8839863147473837,-0.38474088577721394,1.3236816854401021,1.2192086875127204,-0.3249151071032958,2.914551873043827,0.4070506112513466,2.851964931418197,1.4063376494340596,2.1222154725058475,1.0287361013826568,0.5197951444473099,0.9629637917095297,1.2440961726212125,0.2194787794132575,-0.5097721254008037,-0.009053708380161785,0.18556969706482573,0.48452999120075757,-0.9802242684642128,0.1451650230120497,1.2096853990573442,1.309611586995641,2.290327920210535,0.011124915623987985,1.4145304719293974,0.13469392068167746,1.0052783503981795,0.3608358676904902,0.9212839802101858,0.23772720409802,-2.0751771971555866,-0.5689188540255348,-0.3230415929083273,-0.1935399246065996,-0.8142364064245098,-0.7734939945199287,0.42706296148118006,1.1408602729471218,0.5606644035482392,2.0973257939946195,2.083107091735324,2.8004825565208766,2.146701188099268,2.491394800299163,2.463912546536318,2.250274109601166,2.6206399995537297,2.402555522565276,1.1642875802921941,1.680181046059945,1.1228106269321567,1.1183181576398395,0.5547479475292988,-0.10110311741997001,-0.388483706183208,2.886168187393248,0.28140530377202067,1.0870600793770067,2.4381836316687395,1.1086447186465558,0.2650145977742739,0.4532532025076414,2.720744703224791,1.9129179533889111,0.8655129293607875,0.3496615651592298,-0.279895180269757,0.37282628631331793,1.8131407238534472,1.1600572067795534,0.20039188033662636,-0.11344416062589444,0.19677767836072227,-0.24064840826727496,-1.0250140002567543,0.1369941707630915,-0.17353166876692633,2.0807240541161507,0.9035769005054016,1.3857804783870815,2.165086964445648,1.331286772083812,-0.17880874095259608,-0.1693496727135059,-0.1930333211292528,-0.9678945894687468,-0.1662573482192715,1.5074748035764691,0.9654636579067077
2.3289409569932134,3.1498652485590997,2.9452055970148665,2.5137674046533314,2.171868205477342,2.8554430864344624,2.86919735268273,1.9999999999999998,2.7918690982106886,0.9617550597070246,-0.8187501459817066,-0.2931954331487805,2.0517538790681003,1.964452653591205,-0.2730840977633534,3.1791533881485408,0.6510954521591433,3.0338921564086996,2.1645290579953924,1.3473520147190023,0.1446120365550776,-0.14690300730008057,0.037578799739766466,0.3645215158790575,0.10804331432453261,-0.6962466771997802,-1.2640987680698363,-1.1621994952055639,-0.410685909622862,-1.5991338179973003,0.7925882267265296,0.6961945336522541,0.914958447947003,1.9285356922009365,-1.0381588584867765,1.20284928314197,-0.535753047348045,0.937738417523281,0.023806925001861115,0.1902670593090918,-0.43636844164609867,-2.1300708053848867,-1.1145968566184121,-0.7264856346075785,-1.0322123289079124,-1.498410258252554,-1.2804153505096467,-0.1616238821190834,1.2246184735448975,0.34162568317418096,2.701228323428809,3.164235819309241,2.928448536034785,2.8914718936380153,3.063153927996335,2.9353008377597054,3.5232497558347573,3.606356823643888,2.5721255696469756,1.1613000879964646,1.9168069840310142,1.7084080375887571,1.4511074193216777,1.7493346960718132,0.08322140380115992,-0.10592747470240343,2.6222106799695535,1.1719388540737004,1.4651313140378615,3.029286940097862,0.6369187907757117,-0.12148220222090281,-0.027637428571915257,2.4410940979892315,1.6202577376662388,0.46293607922516405,0.5214172175728331,-0.8492872329911407,1.138138237700233,1.7039052563737234,0.6470334452719951,-0.3446707516670624,-0.7005157108402298,-0.692436010634969,-1.1399580267850178,-1.5887722745467294,-0.10902462416496511,-1.2819348303193085,2.2720887069329327,0.27261590141425246,1.6472792607286042,2.238920194593159,1.4779110114281158,-0.2894051464610148,-0.8070534485473471,-0.1156953252097299,-1.6901779886662316,-0.8068172831342459,1.7221798083968318,0.9741418999200158
2.0080289807252436,2.548675297411652,2.07797899781131,2.0790363548336273,1.9189198615985106,2.77111209520284,2.5306112211233978,2.7918690982106886,2.0000000000000004,0.9749767066724813,-1.1346342989487346,-1.0097567898885214,0.35965478397608586,0.7696884255631236,-0.35449286706596617,2.035657216465124,-1.1559100133560216,2.276527119583196,0.5639760039624087,2.3549183896772914,0.4818300571527062,-1.0584246074049064,0.34428054350265735,0.002395353021376112,-0.0588204626008263,-1.4044835034732293,0.046103953674941855,-0.4515508478877151,1.0002941322519043,-1.6556843717282494,0.4202515463527696,0.4324342033334256,1.7697550345004824,1.5264334332529572,-0.7564591409497515,2.9800515153990492,1.4074436005668163,1.8587370687108997,1.8721517911575134,1.552391282455078,1.6506059965608983,-1.6272510839125522,0.3374557390660026,0.3652156775750576,0.589633436485685,-0.07138612897025981,0.4525173301641267,1.0637774843240315,2.17602615657828,1.9172485127466992,2.2398157181398712,2.197289879728716,2.4110824255091785,1.9550026572881434,2.347241427448394,2.9102600747811316,2.085282939095812,3.0040450685200426,1.600195001527776,0.8617415675729709,1.386640028935165,0.9254558352837758,0.2805899555508906,0.4628169734045915,-0.5269570530130984,-1.2825810424473754,2.8758607090483035,0.34508588479283997,0.8982467255719201,2.6276126688201096,0.8313274079136376,-0.5898880225899727,-0.6316769833233145,2.740398367523809,0.7519123868613119,0.021694384103999292,-0.3024025633979442,-1.134937875218974,0.6098879254467895,1.4595986736570898,0.026402767866183036,1.6904873350529512,0.5309588762928735,-0.7129967895583544,-0.5499136778460679,0.077620036247107,1.5376178124455195,-0.005762780200467721,3.181937229366249,2.228200714741589,2.0639094417505217,1.8316622035660015,2.2132109908651723,0.09308270467524646,0.8607952780501111,0.6565267840315953,-0.1821627801520173,0.32341675852210866,2.6576771376275663,2.358918840867087
0.36441992116402167,-0.29520284756263376,1.345223591216377,-0.41027386825886863,0.4346851207599925,0.504177489094626,1.30290716625838,0.9617550597070246,0.9749767066724813,2.0,2.2906111425797233,2.275597034654197,0.6447778649549647,-0.49464731573375553,-0.6219279402629281,0.5963339935257654,0.3036993163440181,0.9724063180696432,-0.15950080266134048,0.14340220075482432,-0.023558323013174204,-0.2559050704553747,-0.840060002317367,1.9339113285902911,2.4386227169284225,-0.07669912923985212,-0.35546109503622464,0.21649452196066302,-0.26301592356898984,-0.15178540252638,-0.6260256788931962,0.5950758068234567,-0.7096906560758165,0.798984314402055,-0.985967281358294,0.225809633373544,-0.3226811651558372,0.4905446967920549,0.2644292876766391,1.1735790735352982,0.23608425059272092,-0.9197648786296849,0.1530951317078611,-1.352392310790314,-0.8080208118446829,-0.8560628784240546,-0.9633048358522709,-1.010498193654915,-0.5338845566179893,-0.4059307549108107,0.4019235177939914,0.3955818417112612,0.2518934477185942,0.077678612900108,0.759633198924296,0.8453073330107181,0.7233693931488602,1.0847754479963179,1.9585095825236585,2.9481912820760092,2.5886533145841617,1.4756300408881002,0.2970486038554383,0.07168788679057601,0.8883771586203199,0.03908021159917083,0.7050833119969055,0.9207913411419693,0.8366465025539125,0.8359792566075261,1.1466778229283974,-0.140358556247005,-0.014561856200327405,1.0327014048897405,2.3649310314621967,2.4290216359829655,0.4299847438118941,0.22742097946894418,-0.587434607558421,0.6760862919081393,1.3123251034554866,-0.31113426781738596,-1.139874441227029,-0.033307129644965794,-0.6646466188911724,-1.1592553043422957,-0.49974496233542964,-0.5932576733694513,0.24467459080136608,0.5855617364925394,-0.3615363407840796,1.3677025967946999,0.2183757918570595,0.7599220594687252,0.8510034461513446,-1.6452706700611617,-1.0688915219940394,-1.2485530462843841,-0.4064711323202659,-0.17831054532648588
-0.9109741744332538,-1.8948840486217318,0.18081279640521372,-1.6951833587685319,-0.4124278045882046,-1.1830970987909926,-0.8839863147473837,-0.8187501459817066,-1.1346342989487346,2.2906111425797233,1.9999999999999998,2.3527649842139806,-0.33238606843902296,-0.8780494432210995,-0.10053511034451228,-1.0719664113410732,-0.068917852770703,-1.1912436853816133,-0.991336297900048,-1.7457853406446429,-1.502028032681146,-0.4919667631557481,-1.295742288587662,1.0616788122740397,2.612536758901012,0.09146157396891669,-1.0046553992265652,-0.3961910520625613,-1.545942526546248,0.4014152148734142,-0.3503279558335005,-0.3930981240588315,-1.7266487225671283,-0.8179704520512696,-1.3358466767466883,-1.1609831767192949,-0.8065814424411029,-0.5215793270158335,-0.411235693350661,0.15031499663688658,-0.4450604944582157,0.2415225785476805,-0.319486293554705,-1.2469637038398764,-1.0489448189809192,-0.6029662386920981,-0.5264903436819542,-0.9699911566600088,-1.0136612030828294,-0.8042496923981075,-0.7940979275386781,-0.6115027547602827,-1.5978258646239334,-1.0140020403070509,-0.6840892636938962,-0.6583197141088006,-0.5398001875722505,-0.7022046886468921,0.31140932891220174,2.137753483530764,0.9715657045294512,0.2299161764697874,-0.6612848498107605,0.09133197108606389,-0.033209926834132694,0.3313746794444103,-1.077147648247967,-0.05360995058327442,-0.8971090012774546,-1.2276672730518767,-0.8126580523972995,-0.9947980462549708,-0.3995637040869263,-0.6697785977181957,0.8298535133415339,1.3911596041127634,-0.21368668753529668,0.1301245478213933,-0.3639601740530941,-0.8233246590652179,0.1597113323729456,-1.035754624458715,-1.4464917162071964,-0.7736095382027198,-1.093537856885626,-1.1484877612169386,-0.5686186181355659,-1.2759190961603124,-1.533070676155081,-0.5244231209058022,-1.3763942884647649,-0.44144995436984674,-0.6801017372619117,0.21344448701022448,-0.139732562204955,-1.343192173818387,-0.8158892900804422,-1.6153109362377291,-1.1123211559241581,-1.0314329612610906
-0.8010945090110758,-1.0483388239945959,0.9425192329301082,-0.9737311814307952,0.13293587867477819,-0.644810205806381,-0.38474088577721394,-0.2931954331487805,-1.0097567898885214,2.275597034654197,2.3527649842139806,2.0,0.7298551484331642,-0.6230867434576928,-0.5532364137370893,-0.4145843672478245,1.577112906483181,0.0654322031465289,-0.14622535538220907,-0.8459755179388885,-0.3098332404270603,0.39141552431060744,-1.3559544918906905,2.4893542295451843,2.64560410666946,1.61444613131706,-0.5682731753717255,0.5786838175437136,-0.9427171952102262,0.8802986981376015,-0.7864496218441027,-0.42751976983880857,-2.4352991134772872,0.1709489443827251,-0.49020045286536634,-1.8427346382442198,-1.7035362460910441,-1.6073305394301194,-1.6088931636813308,-0.5772242645346207,-1.6214517655018161,0.1508152868954366,-0.5350455860107257,-2.328530150028395,-1.8429898365708324,-1.6451479791403025,-1.9683357422928167,-2.2426949987505727,-2.2478521728192016,-2.1306793171469844,-1.0484732242553079,-0.1847018895705221,-1.2849583693973377,-0.5239076383531197,0.2335626474830792,-0.5622358906344898,-0.0763744812163534,-0.1191004911849946,0.4260329195877488,2.3893375126114944,1.9545253439142185,0.9528063689897541,0.950339348549453,0.4801265176668813,1.3925345991004885,0.9737223262221713,-1.5320483876917543,0.5121904650302918,0.9735116105424049,-0.3961953776918068,0.712976306003857,0.6202295574964636,0.5661295621269242,-1.0680427602050295,2.302986915363651,2.4555435870425617,1.4016831349289869,1.3366572385896807,-1.0915240935791575,-0.8974114697137375,1.9742228551188186,-2.000983764922313,-1.5603415119748543,0.7429172927136318,-0.2414442581935727,-1.5746727503886584,-1.898282940216654,-0.8463001893647903,-1.4986201771986694,-1.2616791992856846,-2.2034082058739863,-0.2124318672147395,-1.7856377029838,0.004399121034159403,-0.0792427271833065,-2.5297704194056028,-1.6031587849498372,-1.7878744880518451,-2.09616122489489,-2.1632243863561653
1.5294309815779399,1.6666863171447202,1.8484323438238088,1.8280906613287509,1.3438605412082159,1.1545525403396222,1.3236816854401021,2.0517538790681003,0.35965478397608586,0.6447778649549647,-0.33238606843902296,0.7298551484331642,1.9999999999999996,2.7250281298875807,0.9504050955703517,2.3142778872680894,2.298367031519012,1.9092497523131795,3.046496582980863,-0.1820456615819054,0.9065912395016215,2.0756321987122215,0.5502268294280508,0.3351789708487262,-0.084646973676867,0.9630018913362051,-0.90213091822105,-0.2467103398070447,-0.055437980753743454,-0.3439310992330177,1.3920178442186983,1.53507840473862,0.6110230905033988,1.8592652304771793,0.23013135225118359,-0.671269095595345,-0.9532621874100493,0.5940419623021943,-1.4184992335695208,-0.7630598852860064,-1.3313815704999366,-0.15145867365669316,-0.49215035237403454,-0.5145262817588605,-0.7181442531810731,-1.17125323017338,-1.4709486329291954,-0.4442869878882061,-0.1595935543956977,-0.7342183838449192,1.7913342712939668,1.7413137860129326,1.5833458815801433,1.9952802394299916,1.4542741623357645,1.249540731156032,2.071968611016243,1.500351721668634,1.481116338792862,0.46929954212690994,1.1043475669468332,2.7125494847475617,2.377647980142191,2.563036371795433,1.7524621694228775,1.7453628821048843,0.6286038438318929,2.475059743890509,1.6858829371667925,1.5237262549857151,1.096379576610764,1.1191043021824265,0.9036154281544605,0.4708563104206308,1.209636354780145,0.49752098510473164,1.6328662960106002,0.5374234738978377,1.5414744408225107,1.9138240399528559,1.0377843274978287,-1.3980479874771279,-0.7696031773757908,0.1479445898347863,-0.6476431722158701,-1.4000560748581496,-0.7235279563411293,-0.8465448755432208,0.05751582051983441,-1.359380902930255,0.7241033834843333,1.4664931999910225,-0.5303238344756822,0.38200794869725613,-1.2646050505102284,-0.40838104031533284,-1.37665979165721,-0.7378550462125826,-0.11817173503341272,-0.38218939899349746
0.7602995762561389,2.264050641086959,1.6538559379980886,1.9112757599617403,1.5656414843577218,1.498987552412455,1.2192086875127204,1.964452653591205,0.7696884255631236,-0.49464731573375553,-0.8780494432210995,-0.6230867434576928,2.7250281298875807,1.9999999999999996,2.3949994473020837,1.834718574146132,1.101929576345341,1.3458452401599625,2.6725116417245505,0.024091375296483794,1.2954002951547379,1.508419127608315,2.157738599165074,-0.1705568291625015,-1.4535957379256113,0.1557197720356585,0.2687215358157687,0.3449923217111731,0.3894787191073539,0.5737540433688383,0.9708608338701357,1.3520881656046917,1.014782029444781,0.9159838854920415,0.7724525849568323,-0.23337416495799418,-0.3954157191347738,1.0030476780087862,-0.591896241085221,-0.5267672358456086,-0.6793758692002068,-0.4858858402658809,-0.661925920451228,0.34436043700339347,0.23158139145760406,0.23065375339151378,0.06168679786577222,0.9426815142534132,0.5400556051159217,0.026383924785607166,1.3752139113857156,1.8034027647336175,1.5098230615172525,1.8393897878190109,1.4678682439822437,1.0506659493502257,1.6444723371939929,1.2229668528243,0.6548036890872266,-0.6437017135314047,-0.1543933776138797,1.2439206778075729,2.3157146680457115,3.1144732829144606,1.1074590926047578,2.1617238565418124,0.5938141186426701,1.2331151806647882,0.7196003247481153,1.1317062113742218,0.2538836664960867,0.4917753276768029,1.6490007012213932,0.47767684977453534,-0.041116019283883594,-0.972681252027423,1.168857092987853,0.8935123429939997,1.073590969273746,1.313568766928322,0.264170580980777,-0.533329914489043,-0.08117748817080751,-0.017073808213994505,0.33733096940042917,0.111266734858262,-0.04692726941667455,0.127408144660888,0.10367763577776518,-0.8355643228612595,0.7443007928562587,0.45934629760620477,0.013222263071305237,-0.8653340508862666,-1.6027033435679943,0.45774985129892626,0.027437703498293664,0.6231342187175261,0.48062503989070304,0.2389669030675985
-0.8574739324942402,0.17314597229885692,-0.5272639402003334,0.109753175001508,-0.06997486078967802,-0.2849620168720774,-0.3249151071032958,-0.2730840977633534,-0.35449286706596617,-0.6219279402629281,-0.10053511034451228,-0.5532364137370893,0.9504050955703517,2.3949994473020833,1.9999999999999998,-0.09205336580415263,0.5934407053826032,-0.3143867143296384,1.124272892759651,-0.6393876577100321,1.3951285485368838,1.3826289957398896,2.290882523993373,-0.17593656549455017,-1.2500219581307634,0.1182844248763915,1.1326825161533063,1.3428123922844626,1.1187785478694126,1.7959237550152318,0.41777834481001985,0.5581638146006199,0.6751838652930402,-0.4523614021310489,1.0676554541625416,-0.242718825123652,0.761364918387837,0.7141330325333559,0.2400675450450906,0.1812615254896322,0.577232684332971,0.8582570050164339,0.43688143993088496,1.4868498700539596,1.3150723231089088,1.9115736207151195,1.469147321668062,1.4950297256077039,0.3394808665136113,0.5999223820034134,-0.4111398752878188,-0.2047957772641263,0.1843120647235708,0.1828807704685803,-0.388535133895491,-0.5172485607027253,-0.3944007458322897,-0.6891384028210357,-0.7566597005465832,-0.7162926230392243,-0.817166072284528,-0.05017368264379801,1.1631486593106604,2.0082538400858154,1.013080777607798,2.726903229004597,-0.5683430785600689,0.7240208793814626,-0.3998871631725994,-0.6222236662832773,-0.10687841028533793,0.5332012503807706,1.7109155331506203,-0.42070775228595586,-0.7966520435534188,-0.9007027391369478,0.6776679390705526,1.0169526191230442,0.5488378024075525,0.0830431998815683,-0.34839048332508993,0.5016785282919172,1.0836585699334544,0.4005712196388017,0.7769427057316616,1.4325150331183722,0.8226900545270907,1.0979040333874397,-0.6978657966197522,0.14835533424022143,0.22669212456899568,-0.7878386546620717,0.26498946444609595,0.3785268900893547,0.2618465669219804,0.941621049711584,1.703579059277878,1.1078001495097787,-0.12435993403946442,0.48081338852447375
2.7358632966872434,3.0186251384439506,2.6567546281107948,2.9596760310457415,2.3595463516527837,2.3943111777788317,2.914551873043827,3.1791533881485408,2.035657216465124,0.5963339935257654,-1.0719664113410732,-0.4145843672478245,2.3142778872680894,1.834718574146132,-0.09205336580415263,2.0,0.9775821310587426,3.2139547927998304,2.38165205576286,1.4034001968884497,0.9494571922018475,1.1959331365332877,0.8275224512978845,0.28390026188603207,-0.20702255212319198,-0.25088353340042746,-0.7246135130950695,-0.5605734322138776,0.002031600079957563,-1.2480273242284101,1.3518180672405715,1.907441833601916,1.8799677752607309,2.557825244436367,0.07851787355197315,0.7333588832543213,-0.5876932774839829,0.9966796136593261,-0.4531468287896142,0.023904450447255116,-0.5415688221345314,-1.2456339903006217,-0.6346327361505384,-0.5227724089203326,-0.748636275424301,-1.137277374147665,-1.078268101277622,0.4995003216057353,1.0505318566938098,0.2637830562598943,2.935730113015172,2.9965829676383007,3.3781783420930673,3.1785633293871136,2.6819927630694593,2.7949080304558223,3.060895531891753,2.8471964632134794,2.2601316774519713,0.558415583424101,1.3250152160130164,1.9560180348268263,1.5362262803200475,1.3374765672658664,0.24960333247193642,-0.09837736289982668,2.278038622793988,1.1283750994354644,1.600576624330077,2.8434455849810463,1.1259010698077603,0.542515640211792,0.3171852402040596,1.968609543260909,1.4091017574027003,0.0850500026149838,0.6971141402691583,-0.442083650048414,1.2946373652631467,2.439166457531077,1.0131586105869992,-0.4838854321236991,-0.6070531064606215,-0.27525235276451687,-0.739376228547105,-1.3867644622942397,-0.4475109632272535,-0.7275102508268669,1.7086313942107836,-0.207481802271962,1.7862232570369505,2.0590937603378303,0.8454530237631914,-0.16589077747841463,-1.0482973878762483,-0.0903425153053457,-1.359733564071564,-0.5456205310639894,1.2295400008766104,0.5955545690347719
0.10209903399132339,0.4244006617689085,0.7037548788526278,0.33734969974243906,0.3624148028068004,-0.2173779452986432,0.4070506112513466,0.6510954521591433,-1.1559100133560216,0.3036993163440181,-0.068917852770703,1.577112906483181,2.298367031519012,1.101929576345341,0.5934407053826032,0.9775821310587426,2.0,1.0968973740569594,2.320289935895258,-0.39228027732986925,0.9711396697434284,2.4965063255245914,0.37842170566882743,1.3830902112553356,0.20680577149690998,2.1628156265467973,-0.2592796610216998,0.8006216234546697,-0.01609923174958766,1.0894622706428343,0.1860835949532252,0.4014374108370089,-0.8108032326118251,1.2565584674085828,0.9094580474394921,-1.7436928918207686,-1.5081575392244218,-1.397644059435585,-2.1974516130982527,-1.6955517831026352,-2.029311296648171,0.5693973044841707,-1.1299732913719462,-0.9660956970270749,-1.1729826875720046,-1.1241793884595026,-1.8188492978915338,-1.55719684047348,-1.7701028999827428,-1.9729842393978936,-0.31220588639673086,0.1878061434697381,0.18143912672126625,0.5320584241233529,0.5125293274578426,-0.5075021582651672,0.5116774351316332,-0.0005595316079995,0.3776570581316992,0.0668354916351208,0.6419222108234597,1.0000890056009184,2.1694529541054703,1.2546168444317758,1.3536838945906169,1.896319001708469,-0.8499994896882287,1.2565434967275473,1.4775297494950026,0.0925625327854482,0.8586736613219406,1.848838243128157,1.5131276598735082,-0.9648155154309063,1.2054633973866395,1.3685791317151332,2.274800447159739,1.4135991139530137,0.02400857791023947,0.2951997224366425,1.6278118960444596,-1.9886925429140392,-0.5310473968361156,1.626733340523006,0.2125751997017098,-1.2087671096556,-1.5739276094959944,-0.30263722698181694,-1.0978058943076396,-2.017870121443833,-0.9376308092548659,0.22635497965965456,-1.7277969121234182,0.5586724965186265,-0.9440699148619114,-1.3039282105931924,-0.9934668634304505,-0.7969029444245408,-1.5652865121478063,-1.6629311490369947
1.8194599671146197,2.8541091325435386,2.597685282003643,2.590182801250323,2.0818453562272596,2.2467896293174894,2.851964931418197,3.0338921564086996,2.276527119583196,0.9724063180696432,-1.1912436853816133,0.0654322031465289,1.9092497523131795,1.3458452401599625,-0.3143867143296384,3.2139547927998304,1.0968973740569594,2.0,2.011953214098396,2.1621698663690587,1.7894881624094106,0.9856816888732234,0.6719414878953497,1.1859982539963412,-0.1231592803020464,0.30801713077282844,-0.18379848577462662,0.00967957845671974,0.4947002495137055,-0.7306878018266689,0.4035469159794882,1.0258658946354309,1.1901340221455698,3.135356085602632,0.610200952657681,1.1679483005096851,-0.4423827584300397,0.3522073255588652,-0.08461237527224663,0.38219629126741206,-0.23953842987305543,-1.359660098008471,0.11706951206941812,-0.9936653856707891,-0.6871853272204799,-1.4119615477581604,-1.2382440941193815,-0.20985942154707402,0.38293199126458655,-0.10330730586606293,2.09199866599685,2.599181188556429,2.898465508191385,2.6008735927643807,2.7175344173210796,2.3117537329900104,2.6010626903980882,2.7564717416945115,2.081002714301908,0.9511351023365129,1.8495815762394021,1.7186392465066103,1.8211203146526975,1.168590657697786,1.0943866915076306,-0.0822795403562237,2.021972708154476,1.1802863639374703,2.6802196490907235,3.382207597637791,2.171549871313553,1.4234109290475336,0.9072205390896657,2.0114151866461727,2.0195247708687645,1.2401327265798123,1.150535520125721,0.0467690107302847,0.5009259635637652,1.5777430237623955,1.9059436558045375,-0.047139383616699004,-0.09190698342558562,0.7993098150037896,-0.02604279048303587,-0.8347513474238815,-0.3716544746316248,-0.22245753302190244,2.2014717012733667,0.36814297791311923,1.0517873530587665,2.2496266616060643,0.9102378894677947,0.10540143453375633,0.17771497564263272,-0.7460474579960956,-1.3561823695802135,-0.2798402438696864,0.9716285787683485,0.35531451345312814
1.3641311702146406,2.057578936171313,1.470589424307136,2.0082555107387563,1.417894296163261,1.303959461843697,1.4063376494340596,2.1645290579953924,0.5639760039624087,-0.15950080266134048,-0.991336297900048,-0.14622535538220907,3.046496582980863,2.6725116417245505,1.124272892759651,2.38165205576286,2.320289935895258,2.011953214098396,1.9999999999999996,-0.1293836186205099,0.8963454357401829,1.6158776343016557,0.9630668670493795,0.050274555936679295,-0.8647755118309874,0.4180881928538199,-0.6541203826950797,-0.4054329445394141,0.23340163502839362,-0.46158063075366784,1.0783400567511345,1.039958115668541,0.9565498067096972,1.9586794113571884,0.15553530438273241,-0.2618299811954552,-0.5165467595010492,0.5586263426747101,-1.0149544150803171,-0.8607976623896716,-0.9250931889343751,-0.3236767681401937,-0.9639369719215797,-0.06889597386565269,-0.5179309352604191,-0.7786447588281913,-0.7719256139649022,-0.017645104505459114,0.07095037798498441,-0.4177968016838256,1.3694985969141173,1.5720694793589685,1.6802981282238985,1.848171254393999,1.3015330155275366,0.9215785748295933,1.7972994386556707,1.3842101133788625,1.2183459754982593,-0.05574730684065289,0.519277287669587,1.7933811317617128,2.058263805923074,2.538722035872696,1.008494090075898,1.4888801503388955,0.707381832318468,1.832683045680997,1.531466100110428,1.526667132157383,0.37555799934007505,0.8903574095569917,0.6987781351526969,0.5191720439497473,0.49003203258007844,-0.1055620037923177,1.2938098616953027,0.1624171702913252,1.275204809764793,1.5192065680853335,0.48248532690901325,-0.6540037868551611,-0.3949493397580678,0.1185622871703031,-0.2934245826156323,-0.7290376967612747,-0.2584113936543466,-0.4672969795628322,0.3566329326821021,-1.0818099324882513,1.0369644113667178,0.9398879123360575,-0.0879680607986027,0.017848396231059327,-1.3831339805962952,-0.08939049635710289,-0.9277930349191634,-0.2667174676444418,0.3153943253152773,-0.03036092261111281
0.8616906055718353,1.928346550618695,1.1567000683472166,1.278775018826036,1.0298384363238053,2.0453583778974793,2.1222154725058475,1.3473520147190023,2.3549183896772914,0.14340220075482432,-1.7457853406446429,-0.8459755179388885,-0.1820456615819054,0.024091375296483794,-0.6393876577100321,1.4034001968884497,-0.39228027732986925,2.1621698663690587,-0.1293836186205099,1.9999999999999991,2.122839783856358,-0.1460607548763344,0.8784767619734918,0.95111646322808,-0.2822765766357489,0.3862754356921769,1.8303796298162782,1.3609123478992995,1.8643560829162062,0.2178499363201111,-0.3331073081937819,-0.09367645260324427,0.8456462591510039,1.2294514387250541,0.927181473627476,1.835745555401188,0.8218332271577519,0.1374612023711811,0.5053104244305786,0.0362040226244712,0.5666634760136867,-0.6925420677227343,0.5141802743725277,0.2962289878785828,0.9971958394547562,-0.028442343250265803,-0.147364139448951,0.746560679990413,0.9578647117728185,0.7213260407380678,1.0180813911660986,1.0786560126441658,1.4877958609640656,0.7530817990754042,1.8569215905356025,1.626673024925124,0.6387760599093384,1.6160767702378913,0.3416842148337559,-0.3827035388407302,0.6875214161193806,-0.1875848935071859,0.6669816970326352,-0.48731786086958473,0.48398876956132414,-0.859680884761497,2.078892449245719,-0.758106412985481,1.547155870085294,2.0865640087210635,2.3956482476288476,1.2865070203420368,1.0921058903107908,1.3794994094005595,0.8304434740556412,0.5433708163270767,1.113270476643536,0.6665452798369533,-0.2978952332985832,0.2652744663924272,1.3276749080426598,1.3230043915570873,1.2716480663721104,1.515127620825667,1.6622659856761524,1.1116589576950608,0.7021532679766502,1.652698158663549,2.6805637302222474,1.5131244236648103,0.558573010407531,0.6940933918066834,0.41931009152183196,0.18826294023143608,1.042012208917168,0.6044976736622,0.5719377114697575,1.787049700167704,1.5543587192736417,1.1771819575675804
