0,1,2,3,4,5,6,7,8,9,10,11,12,13,14,15,16,17,18,19,20,21,22,23,24,25,26,27,28,29,30,31,32,33,34,35,36,37,38,39,40,41,42,43,44,45,46,47,48,49,50,51,52,53,54,55,56,57,58,59,60,61,62,63,64,65,66,67,68,69,70,71,72,73,74,75,76,77,78,79,80,81,82,83,84,85,86,87,88,89,90,91,92,93,94,95,96,97,98,99
2.0,0.8154879442195828,0.8111811730564538,0.1982417189517155,0.5660691165014579,0.3869140258231512,2.1697550251477904,-0.17435790125075767,-1.0555312046156615,0.5964502006746706,0.13605120324383319,0.09495922404484325,-0.6788873198027797,-0.8941871033830673,-0.8169347043647381,2.057717125872752,-1.207306795500342,0.8657947853989318,-1.8135171202124347,0.028322785229095315,-1.2567814164330944,-0.9060314617611751,-1.122010831006371,-0.9051605303686225,1.6954160034693158,-0.06310976919106093,-1.574372409888936,0.5146591328800595,-0.1272210186197955,-1.3204790782833624,0.304092102707215,2.347300025363668,1.1309961083906186,-0.8727237625282847,-0.5679526586806104,2.017561624146513,1.4344849285549874,2.26300855110968,0.9573552176468773,1.0874981292472117,0.7623922102580335,2.1726437496496533,1.4989233167750027,1.3676563539305184,-1.6062101711305716,0.5785977101485675,-0.5537302205099907,0.20652897845296408,2.216870383882792,1.5474945860270588,2.681561216064106,1.3754523566169876,1.436071139203956,-0.5927460603627064,1.0083427944434997,1.5989372366926267,0.9000767619128629,-1.0097778182163561,1.4355671139663568,0.1289387681594354,0.08049570894126945,-0.7202941450579288,-1.078691032457958,-0.5476830025785469,-0.6656677581693208,-1.1348920592084544,2.140559897948066,-1.0275735409819697,-1.8318743584010646,0.1728796695551807,-0.8230166754815167,-0.856970567234683,-0.6362191650061502,0.8956752218004962,-0.4487131427998612,0.9502151674000959,0.21877751650814153,-0.7313516283305495,-0.0641032349529381,1.830630362110186,-0.6827135864327819,-0.2245562623120489,-2.032667989627528,-1.6864881049466713,-1.2533091549011335,0.435217927965761,0.7036677200063334,-0.8001182850089634,1.9520222957628595,1.4831289725491277,1.0652740409144905,1.6165245419160454,0.5693554617527185,1.7415487526561741,1.4334445252241443,1.6020070765106196,0.2647604022216284,0.9067161958149313,2.4028104288026886,1.6063632523326286
0.8154879442195828,2.0,2.505308483427083,2.825747939321456,3.3692885936141512,1.9545557713726043,1.7193504305926017,2.781812008645904,0.9903886742278087,-0.5614577985456002,-0.08226805179986996,-0.03873152906945121,-1.4350481951162855,-0.7619234227240055,-0.8335927575206266,1.8519309179360475,-1.5113368631652306,1.9394833381385324,-0.8492848359027805,0.8196756910282739,-0.1498661609124276,0.16297179831958059,-0.13782892339711184,-0.0757358024283825,-0.5276328989538116,1.1426599161167446,0.25447253174397666,1.4585871782920983,-0.22555061779759777,-0.12349716239138506,-1.0947774675463777,0.4762889412257717,0.4662325243865342,-0.05360876788163711,0.33427147550096753,1.6888737912645604,1.607780651730414,1.1101812927088976,0.18017433644427172,0.5627239046564856,0.627898951454447,0.5854446270697473,1.1609603902838292,1.3137984936143168,-0.5261478305850162,1.1996827739860154,0.11414096246485317,-0.15712663160721826,1.6966544438620146,1.4495579386473916,1.0511769733412744,3.3999519191831578,1.1370850949966136,2.2500285897682,3.0617796225841687,1.6682264761755772,2.78962533913189,1.023628384650563,0.5746519463707476,0.468570746327021,0.06933991189381,-1.2543415157376754,-0.5558701276094136,-1.0481299092669263,-0.2425533689103797,-0.8882386257207037,0.9375579008902786,-0.6792290955213386,-0.45636727402140675,1.9352539562773452,-0.10107176120035474,1.1699790921222628,-0.4112980415996649,0.37185379217720244,0.6286250260886517,0.9807325360077271,0.5328062070920319,0.6456668198242915,-1.0671894443160799,0.5795480378482806,0.5105420374981005,0.4514354952905231,-0.853068615621237,0.5505865388667276,0.9877418957596401,0.3897518659312983,1.189618230388156,0.8239897479140742,1.61756237382175,0.9215799539616106,0.6272626249841822,0.08146340822143983,-0.22986539769600797,0.06814621618622614,1.0397401019520656,1.3740625926344943,0.7876210642562947,-0.2540660836820504,1.4360788650639145,1.4195025527710563
0.8111811730564538,2.5053084834270836,2.0,0.7601747813906808,2.3522283085022315,3.3254536860607615,1.1298108742310753,2.991803028921272,2.325444011358605,-1.0893124139698476,-0.9602906707468,0.2042001472171242,-1.5449750968412261,-1.4380436574655933,-1.3562505582235105,0.7710480980099151,-1.605359461685927,2.3358770218662133,-0.5832325591325028,1.9324222732879437,0.15258632364160932,-1.0670394668155536,0.3762678034064435,0.891398690418914,-0.0819252497656866,1.1899396503094877,-0.2189857030511441,2.509770693041342,-0.1387582053408385,0.5295460231285651,-1.3627629223965405,0.6514331875733944,-0.6654548943156016,-0.42392868636600434,-1.1113318858371803,2.0329559091041425,0.8978456285047743,0.508338074435719,-0.3812782670956055,-0.6450668737134567,-0.6961853896241015,0.1242686363871487,-0.03194163449349631,0.6875117857506154,-0.8297930686782706,-0.3216282713699145,-1.7784547073180588,-1.9263551016768545,1.7139651594796406,0.48111001427429256,0.9806257286347757,2.912405040395654,-0.5362935347043323,0.07943676843671718,3.0293720885363933,3.2894328519200005,2.697774361199939,2.2571529429088617,-0.20988631269840397,-0.6965170015152651,-0.24444041246319595,-1.7055651912737209,-0.1849942920011876,-1.5379907460151192,-0.7279685078193739,-1.45535449292832,0.07466394903499761,-1.2596379856906281,-0.5249465975582331,1.5378718187579912,0.016821068116723514,1.1080494280179862,0.3448446878992548,-0.5605801566017252,1.4972612078660066,0.2758712364727716,1.2875855906125107,1.9159644264964173,-1.9788251018147713,0.2294012754066364,1.5939352166777896,-1.1708098115466645,-1.1028746922889119,0.0817182854152854,1.089191467315622,-0.9350867399154656,0.43626034861570995,1.0556757473477192,1.507350913208103,0.1942863327664524,-0.8471419986888281,-0.451784861129685,-1.476709160478716,-0.9810597886190842,-0.5682669300397765,0.5150696947674474,-0.6926711801429435,-1.1536553079825285,1.2942620775972526,0.49356826111070695
0.1982417189517155,2.825747939321456,0.7601747813906808,1.9999999999999996,2.7923515828035237,0.0527865050606751,1.791466225856125,1.8295489495549093,-0.2674158980266759,-0.7221550628774474,0.08917189293974356,-0.6433839939673227,-0.33964215583271595,-0.0010276884503275796,-0.3041698412046421,1.8646415337474398,-0.7915247560764749,0.9105689419034617,-0.7671757298406093,-0.2623803564921615,-0.4827645701953075,-0.107397426927759,-0.5220790759542734,-1.4479054272531806,-1.232468320076566,-0.19990404235374032,0.07686766009026509,-0.3961357399293849,-0.7146949748983291,-0.6040028472452125,-0.5675177452033555,-0.2039116155642769,0.8090642503849805,-0.1800817681658093,0.41028769312550933,0.7676297088930869,0.8040552187202326,0.8119895007377244,-0.1695297555446052,0.8327292454694231,1.2615478315607405,-0.03592102065532601,0.4317488826063226,1.0727848883374138,-0.28387278502944746,1.7686023408687301,0.9146765700763302,0.85732449201952,1.117166298811967,1.4889278768453602,0.07247466177237383,2.158039112035588,1.7420752598399527,3.1786183623407793,1.5616994570767657,0.09626399121674409,1.9991697300379,-0.0758282006471358,0.027907424868520214,0.8175437104676482,0.15384633536255526,0.1776678955738802,-0.05128208413182511,0.08635847839669808,0.3879092131348743,-0.22449270466332152,1.5062579069132038,0.24598778228962237,-0.6527140886349563,1.3939917714886934,-0.1280669959092036,0.39618093340318306,-0.6417100077279771,0.7694565071753279,-0.315746956372587,0.3319738532284362,-0.6115263442044001,-0.2852900582263896,0.08754226656405839,0.6852876289430392,-0.841762066024083,1.1950762556004428,-0.15908047326426078,0.019389405586495267,0.02326321075680849,0.955970231738445,0.47676471266570497,0.199354724912044,0.9351886755490132,0.8769305559233006,1.5218976648256701,0.04425410984588819,0.3910415387790651,0.3326998773073429,1.2286209085650786,1.244814169029616,1.6643671090108325,0.5672761098416911,0.986017883401746,1.463249249648106
0.5660691165014579,3.3692885936141512,2.3522283085022315,2.7923515828035237,2.0,1.8088347483495009,1.5772683950531623,2.6354589901598304,0.8015745983367315,-1.4736955339392779,-1.1048673676002745,-0.9430613297466709,-1.6208430248761379,-1.4463637715645175,-1.5314766578752887,1.5207281316958472,-2.05983517528865,1.5770971164812382,-1.4664337038241306,0.6864733132287278,-0.9453137919290033,-0.4381119640636051,-0.802513556083505,-0.5258580176080115,-0.7071154727314146,0.22463212757424167,-0.5345289697030877,0.9945815119242295,-1.1417453826017723,-0.6720314618977117,-1.3307763032001283,0.25810279594157887,0.012111502099418997,-0.0984175570405902,-0.1600241309152216,1.8051925969134284,1.4136941757493287,0.6487537948770927,-0.24802610883000048,0.16193397268631088,0.7312796243565045,0.5992648575977645,0.8049834516130776,1.2691854935443847,-1.2290996421717217,0.8942096316434531,-0.4033302928192246,-0.576774901063914,1.7807294483044902,1.3718721875367021,1.083153302156699,3.089086706929302,0.7937751071446316,2.0513473661176227,2.8414138862450287,1.6326872830922448,2.4984705766667297,0.7572005971186679,-0.12346357496684429,-0.40636611347709367,-0.7209759795134869,-1.2746826631700603,-1.005660659655161,-1.5424860220946353,-0.8333183159244405,-1.4663859328761206,0.9474606830553052,-1.1275224779512214,-0.7446011648525321,1.4645946886487202,-0.8524064308073347,0.8206026936126363,-0.8409642780838424,0.022449374148285503,0.08573111511856611,0.29867250923787125,-0.2874318910657178,0.22904230931025318,-1.2229776742647325,0.6058558741820492,0.1438412409977726,0.585814713815902,-1.2792861931962332,-0.13259922311789712,0.4733617983114058,0.610754588631309,0.9165655923124032,0.7093603153091076,1.555932622143489,1.123951257785307,0.8302676355592853,0.05209690230990789,-0.6260610189688653,-0.04474553325958229,1.016413930415124,1.2686946063441729,0.5368030262670234,-0.017248737459233103,1.6287377170267208,1.3065621221675678
0.3869140258231512,1.9545557713726043,3.3254536860607615,0.0527865050606751,1.8088347483495009,2.000000000000001,0.5690249769175014,2.5648508645068135,3.2123141942526714,-0.6813406395556859,-0.8650439258012567,0.45749705995161655,-1.5500695151985067,-1.5007959609097614,-1.3426680368386306,0.35795253277786176,-1.373574647364165,1.9579848705580307,-0.15128626865387518,2.3028657532272945,0.45668052715749885,-0.47667618655223476,0.2394707177028299,1.7318928301219554,-0.375279086496494,1.6750207444282958,0.6125647874396377,3.181748994176678,0.3916930225489913,0.5175034291527885,-1.0546374425617981,0.1486051352970497,-0.8381300331350072,0.2147140875220102,-0.28440721704550276,2.0365664094676768,1.3977036791319857,0.06355224100434628,-0.30169799978702977,-0.4910333388215375,-0.5588619658293904,0.03959074444623449,0.009721816225798582,0.7827484331244455,-0.02595879579071364,-0.323852543262948,-1.3320230172103655,-1.8372420325247192,1.739049667836462,0.6247606462264291,0.46568539674035336,2.2867650004410054,-0.7338090447780292,0.09230409704178648,3.011150062299467,3.326654897591353,2.173454998865298,2.8626670864134596,0.10893705132707776,-0.8115138094606433,-0.3270118601861429,-1.809836998133033,-0.46210838044208247,-1.768591354377647,-0.7434173365248755,-1.1704552849702639,-0.136340425345327,-1.5128206544444889,0.0017304624859396933,1.242095144633696,0.4422897445527847,1.2576830086719761,0.28105016272869887,-0.37404676352234567,1.6578638065212026,0.15197671095856338,1.6673675070280698,2.059810346428672,-1.2971900442311965,-0.24729379777358731,2.192835854991715,-0.6290666617314447,-0.4243607319008793,0.9180211185715932,1.9083370513026858,-0.7547783396541643,1.1786588238068327,2.0015098542426353,1.6469635969125473,0.4035478428027964,-1.0256255492653483,-0.37035373734658883,-1.3954415016543698,-1.0942411666310305,-0.38064998561002567,0.5615356531419913,-0.4370554391205988,-0.8715363714726256,1.1725783219334884,0.5799837599630321
2.1697550251477904,1.7193504305926017,1.1298108742310753,1.791466225856125,1.5772683950531623,0.5690249769175014,2.0,1.289599093578904,-0.3834898618774733,-0.20229758857290198,-0.2709443137923376,-0.7213274843804092,-1.256669808434423,-1.1360874841087578,-1.2902444488080071,3.385208053980872,-1.6836102014926126,1.9633636826756349,-1.6883971413550138,0.46130896086667017,-1.4462784839212013,-0.5459886294201559,-0.652200089953428,-1.1455701537546858,-0.2489751611937832,-0.4168198720335248,-0.6011598765723252,0.6260185015594666,-0.5803265205063046,-0.771715513311948,-0.4942378984691137,1.8038769222698061,2.151706876723591,0.1227087407027097,0.010681969510849106,2.437846424490799,1.929921489549816,2.74619944434074,1.6450728914246109,2.445087397240375,2.0843626722651156,0.6014844911265853,1.1529564430030586,2.0065171691103263,-1.1586657221472323,1.9119647020791195,0.3699591766465543,0.9562745303862681,2.519588579432796,2.4433703176968704,1.5812819268974232,2.1262791357187183,2.5906215525049756,1.2581997708572659,1.5781128150917545,1.4926913372842292,2.2036758630764326,-0.0414321797632618,0.4118688019896791,0.1098281764835774,-0.3252007704770479,-1.1089506319962688,-1.1216672086128132,-0.9857374172408908,-0.7370548261851281,-1.4569042759130721,3.1140565900802866,-0.9787126938715787,-1.6442404432714701,1.488221103426168,-0.6788190316522722,0.14183249490518354,-0.8341537854091692,2.273595790040224,-0.6297563320573139,0.2445702209821939,-0.17837879290053127,-0.5251090698251077,-0.243556665421452,2.14159897683781,-0.6152094945034084,0.7245015306271001,-1.4191341690206674,-0.7311811930482793,-0.26100120109819236,1.4733776126429226,1.2917290331094677,0.28913814631484863,2.6468319927194983,2.220091928847943,2.025547316095866,1.1853470949060343,1.3397873152707045,0.6232552112780025,2.131244350528131,2.1562362324158775,1.5396154082790623,1.3336086523228359,2.561232146836667,2.459824216683692
-0.17435790125075767,2.781812008645904,2.991803028921272,1.8295489495549093,2.6354589901598304,2.5648508645068135,1.289599093578904,2.000000000000001,2.379201904501071,-1.39156841870706,-0.8859203310384962,-0.2457467041320651,-0.8077401853144934,-0.39652788567874386,-0.25941485505961737,0.7232984998274233,-1.150211894423094,2.4517888799876415,0.037299713148219206,2.1423180787960194,0.929893097758557,-0.7476450128557898,0.7365762144150839,0.2318125198839292,-0.5209016789767691,0.5250641475788788,0.37082467242077854,1.4920350103026818,0.38933541373849195,0.8537808127619593,-1.4768296409141128,0.1017364438641811,-0.7670925869995175,-0.4960588217590367,-0.8300097403570921,1.0733663876372626,0.3314480221834227,-0.1605788560387587,-0.6444716224981789,-0.4949189001871609,-0.5956087199967977,-0.36091641629633076,-0.7265695323451318,0.2589151981442214,-0.09377099845554088,0.1650193731300101,-0.9289846024150201,-1.2753424740450234,0.9695444308361222,0.2306609988586489,0.5431989296323699,2.874142831002235,0.20473995893385183,1.1798911948294548,2.5866492805557075,2.198055402368187,3.3245518798427547,2.684019836703591,-0.5624092433985151,-0.502523567308901,-0.1932833995525462,-0.8860310335278891,0.5775861267872774,-0.5105624606446654,0.25967757532159597,-0.12543246126645238,0.0753053254661806,-0.010339718715654117,0.009930886585598209,2.419522102429346,1.0593190491350803,0.9463701439261998,1.0367734756622724,-0.39505097318707627,1.1083535000732263,-0.09316578307402171,1.4568897435897217,1.8545459222785294,-1.298950474135561,0.3347168943186981,1.2330457216976936,-0.6738530590279697,-0.15212303419812928,0.47638431260052766,0.9262659586531268,-0.8501717763583133,0.11237468584053976,0.5115581262790537,0.6997120637260552,-0.11033199084081881,-0.4862711825208217,-0.3152533883609548,-0.9959426475834391,-1.0602972197217497,-0.42237891227711477,0.3691251484452879,-0.09902109650426877,-0.8548738089184357,0.5324274630221373,0.2247726491125559
-1.0555312046156615,0.9903886742278087,2.325444011358605,-0.2674158980266759,0.8015745983367315,3.2123141942526714,-0.3834898618774733,2.379201904501071,2.000000000000001,-0.576797622163078,-0.5359900035542557,0.6217865374069154,-0.4968566662580318,-0.36788866325110825,-0.1925354769034854,-0.7362256358652222,-0.28303536428824716,1.2443825368958916,0.9455461929686465,2.2913027448055794,1.465597792141971,-0.18990808578085333,0.841497697984982,1.7965803945767767,-0.8466878782685161,1.4891977768030547,1.55527615414721,2.711102478169157,1.1637211799255471,1.1880349982907243,-0.5324958357735263,-0.882719575221166,-1.434750769787871,0.2845618159572016,-0.025111276792753517,0.916437435048457,0.6188000341761588,-0.9800321677189363,-0.8860452907748158,-0.8987499690215901,-0.8834162058240114,-0.8030621687164106,-1.1262691296134397,0.13108420568223475,1.2467890273545068,-0.3849869252024255,-0.634164298340159,-1.5287756689370173,0.5624799813132397,-0.0975472161469298,-0.9158894684838896,1.000590698882588,-1.3102047924635556,0.3157597167659183,1.7766478756248076,2.087428380694467,1.429531978333432,3.5743856972813797,-0.15104492814194823,-0.49180521335440053,0.10786078739686171,-0.7371337193675119,0.6771316090867716,-0.5653713406531535,0.1781039435306723,0.2564301117484723,-0.9682087305041901,-0.43399558106815034,0.6975330713881297,0.8654479908380864,1.436715913591203,1.0290945654749883,1.0563315106131923,-0.76450277552965,1.4925783885287702,-0.33372498822572516,1.983042104095065,2.3876758549694186,-0.3572808640949934,-0.7329550735090709,2.005435933313281,-0.5492649891167494,1.080311333879452,1.606071915709966,2.1847490907599343,-1.1981154080668492,0.7717123801403121,2.1349728131258665,0.4944583225737976,-0.5518978870309833,-1.2146428195803178,-0.6385480889683469,-1.1748806091100632,-1.4806963886133127,-1.0941399446582605,0.0957121218385219,-0.1759916022038549,-0.9981898570667307,-0.1624465063987503,-0.1631910615350012
0.5964502006746706,-0.5614577985456002,-1.0893124139698476,-0.7221550628774474,-1.4736955339392779,-0.6813406395556859,-0.20229758857290198,-1.39156841870706,-0.576797622163078,2.000000000000001,2.2190261817329753,2.2692127409925167,1.1510837995838528,1.594579037135875,1.4722196079511187,0.44207761043736277,1.8084384640018258,-0.44890859316577725,1.202265364799866,-0.15846079832758644,1.1581790945800547,1.4380510473224244,1.0697234644268152,1.5195317365775298,1.6354987872709361,1.54617895114968,0.6755513015057135,0.3310725527484073,1.7230256781022288,0.8477549008536909,1.3124854140501885,1.0504044365401548,1.1693675383412496,0.3901175503811424,1.0708764130129413,-0.5116995194919384,0.6839522144607696,1.1308043883233956,1.3694914943770742,1.388933188856394,-0.1343160480152008,1.3628573843630154,1.0689591357480155,-0.027383284803261493,0.7580326351614274,-0.009038580680576114,0.7514723986294425,1.2745872450262008,-0.509788200535739,0.14305072493036786,-0.3886330537513411,-0.8847801175337997,0.3472519277407702,-0.14655437602859311,-0.38323258729087195,-0.7422333990143737,-1.3393514580562211,-0.6268429333346717,2.61039488673839,1.8932317509263505,2.0296589177647473,0.6623222464605806,0.7905705669709222,1.4592961765583032,1.1392151855468409,1.0849590216788119,0.07647675696549663,1.1226879824849316,0.918089855180453,-0.28883394456222555,0.8236972951712874,0.505990785087395,0.7288592227738084,1.0063533629025705,0.8064041293123076,2.098086799132016,0.9818284483960409,0.16009494544911582,0.1998603026203388,-0.08490517119850932,0.423880175541379,-0.12949293011129762,-0.0508511797372021,0.9867042982554904,0.1664475165963311,0.173139254865074,0.8317070983523169,0.11683444864022774,-0.11589108401769602,-0.149314448081145,-0.2658010602347966,1.3518051201416301,1.3655270266969404,1.640494324620264,0.7173386709377905,0.042754998569940666,-0.007290513641244112,0.40469418509803434,-0.2924892493921609,0.2574227983304679
0.13605120324383319,-0.08226805179986996,-0.9602906707468,0.08917189293974356,-1.1048673676002745,-0.8650439258012567,-0.2709443137923376,-0.8859203310384962,-0.5359900035542557,2.2190261817329753,2.0,3.018974507584101,2.1006192482943717,1.8426233144506792,1.5194740367500232,0.2060562301660902,2.196059355231097,-0.6380119219364615,1.1488781385412845,-0.7986812416629256,1.0880783741051343,1.7757426643528194,0.7684941279998516,1.0058235507611566,-0.40036177856569266,2.217480997627539,1.416376758386686,0.11733023267290182,1.3602353298257328,0.6709428830224721,1.3342062365437597,-0.8411626217479367,0.5127154326744634,0.20687843198043201,1.443794050498577,-0.8088663501347172,-0.08876626584965228,0.21935347522012819,0.39376032676338707,0.9753982871192238,0.4006445952666968,0.056265630210452666,0.6734327474545924,0.4846654130954271,1.1766734152402543,0.8538612504687759,1.4932426019515113,1.272087569187079,-0.2322561279619817,0.12268486108127022,-0.3313847267338378,-0.36536906655229734,0.6009621893049188,1.0358746344418464,-0.7311983780805021,-0.7142941054207779,-0.5958892706197331,-0.373673780799285,2.290081199078884,3.327645168761909,3.0821745468307618,1.8810365312424988,1.6452489430220403,1.5670323743822292,1.7584269010775884,1.4033126590937217,0.5556016443368957,1.6841571094011334,0.6535871560873021,-0.19489583179120518,1.2887945562025511,0.6543394190661888,0.272123937443209,1.1681845241801752,1.4114768232833255,2.289297098095381,0.7843301479554277,0.21391138730630554,1.0713325812593593,-0.39280306403025045,0.051719840302930684,0.7034672203466124,1.1880693285355919,1.1554347262375213,0.8757164705399398,0.6259229913350244,0.1930256821007395,0.3364818625564226,0.06113313873354226,0.39463793415826576,0.49876995104438715,-0.1183604006599348,1.5963434850479108,0.9226950191371542,0.9749521532259184,0.3844936936665652,1.126701945073765,0.30386655182913797,-0.2036012149932384,0.2795378484464225
0.09495922404484325,-0.03873152906945121,0.2042001472171242,-0.6433839939673227,-0.9430613297466709,0.45749705995161655,-0.7213274843804092,-0.2457467041320651,0.6217865374069154,2.2692127409925167,3.018974507584101,2.0,1.9719680573543732,1.6931586647826378,1.4262286877309618,-0.4274573101797517,2.039447239763532,-0.2130644684398639,1.2610333168078778,0.3170069613571941,1.7448686712131272,1.018644736090675,1.0327003135276693,1.964865066366332,0.456983766459765,2.6567817736800037,0.9854603286504187,1.0062456948769665,1.6415186896491432,1.1230085228962945,0.8148445662496332,-0.6053433847428642,-0.43694114717750765,-0.19639157155149736,0.39116200530538575,-0.5218397119377072,-0.16309227044467078,-0.409606388431794,-0.1538681881282076,0.1484790424344406,-0.728364082716137,0.5526199540871224,0.05394660848971666,0.07212988104887341,1.0106957456388819,-0.19666596190833513,0.07051841129799839,-0.072182595146878,-0.3068347024371453,-0.4317642163546198,-0.22248982373210408,-0.11609659653694704,-0.3813013889321816,0.1649852319947803,-0.017293951244152783,0.2981512686620298,-0.524416762868193,0.6551291151345126,2.4921454095314606,2.7029822403131742,3.2826569670196135,1.5729326656237168,1.9689315384513508,1.4478127982007714,1.7649987885807787,1.2306531441709085,-0.23305748552687955,1.4653673469419912,0.7753258985149006,-0.1627267908511077,1.5369798578179608,0.9049845506035767,1.0014744792028816,0.2086422299170776,2.3387393133415,2.635229850426821,1.5101382540156332,1.2024750146270973,0.0474147983425351,-0.5804690109595291,0.9411839465286618,-0.5146746799478428,0.8627485697890042,1.1094776439821117,0.8991771887376692,-0.32387365515528954,-0.0466271734291368,0.3917782295695724,-0.11243120742476376,-0.3377412474835216,-0.6384293619237704,0.012058033835356363,0.5828550784987141,0.8979175727378215,0.1430344576654195,-0.1350666750481584,-0.003123382507807304,-0.19104520762802132,-0.36253788083604,-0.2549958944405795
-0.6788873198027797,-1.4350481951162855,-1.5449750968412261,-0.33964215583271595,-1.6208430248761379,-1.5500695151985067,-1.256669808434423,-0.8077401853144934,-0.4968566662580318,1.1510837995838528,2.1006192482943717,1.9719680573543732,1.9999999999999996,2.7477082818602048,2.448987715124078,-1.3532348630579816,3.152412256529787,-1.4909436886353118,1.4607449845173237,-0.7452132627763046,1.5761811007626705,0.4278267994765067,0.5714047281493667,-0.04748266283149459,0.059979454471644295,-0.0618169699628192,0.5692949084333077,-1.2677850009308347,1.2754114446817204,0.8662179637559275,0.9677225831622811,-0.8902192123251184,-0.5306511700926142,-0.560028850490967,-0.018245225288680493,-2.108452453955663,-1.8823573530323312,-1.106369854901282,-0.9409203317164363,-0.5678208741882133,-0.409682170795407,-0.3846517163166062,-1.122957596240778,-0.82153471879549,1.4752870626061974,0.017027433644816126,0.657483482749629,0.6522895975351198,-1.2650786717928768,-1.158733042570974,-1.1797469461588916,-1.7037588686532836,-0.22803899812062892,0.1944295907538332,-2.0716542812099616,-1.3492831391633264,-1.168432140549221,-0.24840042292188597,0.6868275587017009,1.91535982764856,2.6546501661982838,3.634974263114252,2.9476517481643585,2.9945665339800995,2.598236796518899,2.6275961040507307,-0.32162051892074284,2.63185631659745,0.8058742730362909,-0.8669298921925026,1.7299994605515585,-0.7510771588121286,1.3198538556932151,-0.12566818426715481,0.7220884929703623,0.4881308523908977,0.5465288909560647,0.2372048112549068,1.4070068385408918,-0.2846152802571491,-0.5549324252723139,0.04784174034485389,1.867108192466851,0.1594687681385826,-0.4277385267865526,-0.26234168308359374,-1.5563609942256478,-0.7596412716310943,-1.646978512855712,-0.8547107666087259,-0.22450232539675383,-0.3059428488302016,0.6914461624551003,0.4085955449493265,-0.6900146520945001,-0.7792176253973068,0.4053144263187835,0.5240379681833203,-1.2295445991402238,-1.0354101093340335
-0.8941871033830673,-0.7619234227240055,-1.4380436574655933,-0.0010276884503275796,-1.4463637715645175,-1.5007959609097614,-1.1360874841087578,-0.39652788567874386,-0.36788866325110825,1.5945790371358748,1.8426233144506792,1.6931586647826378,2.7477082818602043,2.0,3.5774204696288394,-1.2739214242497106,3.148171465361642,-1.092864781235924,2.487992803157822,0.0028446613899499873,2.83149015488764,0.5567703150131601,1.6913889295734663,0.06936727927100009,0.4862979616313913,0.1487953983324621,0.9861728011188965,-1.264041028400631,2.4420233411447367,1.9278110012008158,0.806212326406671,-0.537486401450458,-0.3964646325274246,-0.7826541056474149,-0.0279709166556268,-2.4017817857475845,-1.4511251540685428,-1.127641156768381,-0.7062491496118041,-0.4138200431224436,-1.0317429280587764,-0.3127056452297598,-1.3065976263337968,-1.2631128898038029,1.7795728867580354,0.012329458206593147,0.8324918490896307,0.8690961427086668,-1.848164424046212,-1.1477905897959741,-1.1086013211997867,-1.2728125262249383,0.06859151042280331,0.49996717177384253,-1.4959444942541549,-1.6203164985575662,-0.8275549779827499,-0.04241314444593709,0.9223500340805335,1.7675491690825667,2.325055073041077,2.6090854323985706,3.0053126802718464,3.57364511508154,3.3574346738788434,3.4311563783863,-0.8662885185608942,3.0842520598321665,1.3793629531824099,-0.010854949763623556,2.6326765314576726,-0.2900998643575838,2.3967459316760134,-0.3820382771246016,0.8433116033064514,0.6533972647698782,1.567345392465154,0.7961212557610999,0.8050269937108003,-0.2751708597212289,-0.0608367179819864,-0.4761185316573173,1.7341873517300659,0.8108350262906356,-0.5204656399886848,-0.8320763799090619,-1.093574080271079,-1.1749581142782168,-2.1525316590453776,-1.7100886124158667,-0.5596394402749886,0.40431499115749625,0.6683148139041394,0.5661409529677839,-1.0599966971302675,-1.1081129850680753,0.10267005031539272,0.18968072105311856,-1.8596013448192448,-1.0442108085666226
-0.8169347043647381,-0.8335927575206266,-1.3562505582235105,-0.3041698412046421,-1.5314766578752887,-1.3426680368386306,-1.2902444488080071,-0.25941485505961737,-0.1925354769034854,1.4722196079511187,1.5194740367500232,1.4262286877309618,2.448987715124078,3.5774204696288394,2.0,-1.3933223005233901,2.8188498143279044,-0.9452545231380023,2.280512266311388,0.4374795565004133,3.0474871557845353,0.39200096193479544,1.6197220447764407,0.04109947497371001,0.8055873212478528,-0.029779539445853397,0.66206294115917,-1.2259110411051746,2.865808328013383,1.8376742637064738,0.5575183036842284,-0.1867188833405043,-0.43238759475414923,-0.9648610289327431,-0.2245529586659053,-2.2830839787351938,-1.274073043238432,-1.0870474589514996,-0.5103589262057492,-0.586853453917245,-1.237971449039653,-0.099184370430484,-1.3368845282619815,-1.5014651656088196,1.4495019721278837,-0.23537339044394848,0.5726423762463115,0.5766233600621696,-1.8461913828831196,-1.1098961319214178,-0.5044571540970992,-1.2135216963011386,0.08898214269932092,0.08899399796427476,-1.3441666934512118,-1.468750366884791,-0.682076337463235,0.10784146365628251,0.8428444387248029,1.3533417354244384,1.8599378887124403,2.2710418873614455,2.7537972757042817,3.371416104396565,3.3623641601646375,3.620212239546408,-1.1160987388704413,2.9849295476248354,1.4238486096563485,0.3001404857233624,2.9367320731074757,-0.3744346622097971,2.581327047601499,-0.5026076589676651,0.8384938339822474,0.4790967102026935,2.048224934583311,1.0030273178358755,0.6201599706386969,-0.03958609510057276,0.0847652207907853,-0.5564592587637864,1.4448164840099462,0.646268501647891,-0.7162883795016664,-1.177520688456834,-0.8796945979693386,-1.5082309141936032,-2.1223653899436514,-1.839628005679071,-0.6456296973834399,0.663992612209258,0.6602442690075979,0.49178779320198074,-1.1185147091110264,-1.1912770631097238,-0.212006039454697,-0.0852099757408546,-1.9106007071340922,-1.0274240093036535
2.057717125872752,1.8519309179360475,0.7710480980099151,1.8646415337474398,1.5207281316958472,0.35795253277786176,3.385208053980872,0.7232984998274233,-0.7362256358652222,0.44207761043736277,0.20605623016608998,-0.4274573101797517,-1.3532348630579816,-1.2739214242497106,-1.3933223005233901,2.0,-1.5385895400050118,1.9745525092316594,-1.4171685971038106,0.06584740469756037,-1.5080737866965996,0.6298095766221997,-0.491502437228343,-0.6974773991865388,-0.09562287783106889,0.08964448552604698,-0.060507792976774,0.8051032899549436,-0.6733186552458608,-0.8400847764665382,-0.1412616221815039,1.8010229580032049,2.654202560727046,1.0240260936625192,1.1641503306744703,2.2582617303058803,2.1706947649181014,3.0784254386495604,2.357255143687495,2.7897218901955347,2.1728695109744267,0.7716338603597483,2.1475550141763655,1.996086071527476,-0.9377729926292497,1.7973684801373853,0.934711837481223,1.5083335231194894,2.273223319024356,2.4062214581572894,1.3148978291773,2.1267830143296163,2.761487769564119,1.4278406511667416,1.6788597231161453,0.9517707401113911,1.7668809246071142,-0.6315325946310171,0.6570750333161683,0.36539139535514265,-0.36736067519654025,-1.2202373841185872,-1.5360984432777602,-1.1402838602832488,-0.9342898776635449,-1.5919062158577746,2.747105047839631,-0.9391120779523042,-1.0157454721565071,1.6879453639235615,-0.909766764322695,0.8130450252067256,-1.1569564290105727,2.383246919325628,-0.3489856261557546,0.515744999545831,-0.2900031372350659,-0.47974998530528545,-0.1430790603919334,1.7907375194849549,-0.23099092923709458,1.1959113316197227,-1.325318371492853,-0.1055670528075491,0.20915763996861753,1.8306662683494554,1.6522355973060705,0.5927846233762625,2.6206465864559707,2.3577693207311166,2.0561358574359487,1.153647138642294,1.326919048831782,0.7932251124457464,2.3134842636430513,2.0227049118163603,1.5523083539307412,1.1673932597198928,2.2943606260386975,2.3708627707373693
-1.207306795500342,-1.5113368631652306,-1.605359461685927,-0.7915247560764749,-2.05983517528865,-1.373574647364165,-1.6836102014926126,-1.150211894423094,-0.28303536428824716,1.8084384640018258,2.196059355231097,2.039447239763532,3.152412256529787,3.148171465361642,2.818849814327904,-1.5385895400050118,1.9999999999999996,-1.4027929470567968,2.6404585809724015,-0.2757760119808964,2.36520693619014,1.2417311552438313,1.564353535488343,0.9805281967717091,-0.07364396025221599,0.5472530395520809,1.542693204563585,-0.8679044792462103,1.922734359993822,1.6298547269999624,1.2878519790850125,-0.9229600713274367,-0.2910010723766323,0.19849995459888126,0.8252296498223717,-2.4534037872297274,-1.6812217733449244,-1.10878933478735,-0.4342807211650306,-0.3185419849272974,-0.5650650271134516,-0.7542569617599402,-0.8821249755193272,-1.092236351059679,2.156232349577973,-0.1035761266957817,1.1228827046760408,1.1980339879832003,-1.7780390941061484,-1.2931715617386483,-1.6758575133304419,-2.0938631200126103,-0.509482112266639,0.04940856186131229,-1.983994803198069,-1.6443261013704333,-1.692632353062682,-0.2413862040656135,0.7860990305517208,1.9016025255535682,2.3699101738530057,2.8777815931269197,2.7933706738122357,3.012055065964316,2.7699345867785863,2.8813199634672757,-0.9239395761784309,2.6972183989270406,1.6202338918242023,-0.746662745430346,2.212661370869867,-0.1696670332401802,1.7269465251850047,0.040301805857787976,1.0627468733588326,0.43888952659836783,0.9892266807523055,0.5876217031213897,1.300452842979112,-0.878183634250132,0.10030319621493808,0.14951953080296826,2.213823309829544,1.2667965510486372,0.34869683274708446,-0.3506050081818236,-1.132269301745144,-0.3167956056544845,-1.8526496803533297,-1.1724262613587737,-0.547430070973872,-0.18952495137806422,0.9490890049562634,0.04575986366125501,-0.9507686751175928,-1.2224629228361437,0.17502796419782765,0.19613060471849111,-1.6435596678512914,-1.2127624462047404
0.8657947853989318,1.9394833381385324,2.3358770218662133,0.9105689419034617,1.5770971164812382,1.9579848705580307,1.9633636826756349,2.4517888799876415,1.2443825368958916,-0.44890859316577725,-0.6380119219364615,-0.2130644684398639,-1.4909436886353118,-1.092864781235924,-0.9452545231380023,1.9745525092316594,-1.4027929470567968,1.9999999999999998,0.5921203286596985,2.5520576181958154,0.3755240387283069,0.40355501952146694,1.7972556317883674,0.7912708566665114,0.1470422597923112,0.5568377452928194,0.5497909718002236,1.5565238965686135,0.049796722894926204,1.1108338522257035,-1.0668516423510848,1.2465126728051596,0.7224283506768773,1.4946539495736921,0.14265303830903908,1.7620469256092741,0.6837939200949791,1.165880937523528,1.6637476521286187,0.9615256796588159,0.026429358305650005,-0.13336255303095063,0.5006704454219544,0.2147456562287603,-0.855951893478611,-0.3208256243632132,-0.738183840800748,-0.31596955898539236,1.1331822539253027,0.33487626995983594,1.0474241949348952,2.236456252519286,0.9717806337651683,0.06643024981697307,2.188235656342564,2.0134222489060445,2.606684148487038,1.5448557835507157,-0.6842650631576124,-0.7441780900866901,-0.8282741120699573,-1.6127567705755033,-0.2782403884307078,-1.060219032036554,-0.14827226766046317,-1.07605602976043,0.48335500749109916,0.15250913536585664,0.9536523730656664,3.3119059587929414,0.4760142679276475,2.033220085485104,1.2613718447847404,0.712224366953033,1.433132003264854,-0.0914281035513359,1.1660920392067111,1.8838628492432743,-1.7897759837946206,0.4935552913457061,1.7229841192313762,-0.28063145498286,-0.9872391713197599,0.7019397063438926,1.1441958710131324,0.5531031370272881,0.5349784685145214,0.504781959592729,1.4886100519643093,0.993726855085191,-0.3270305023644095,0.07287693525464545,-0.2009356153606542,-0.9153115206665309,-0.018772371396349394,0.0769804678295462,-0.5534100945872379,-0.04668796919544302,1.2897015886620653,0.2693191992818837
-1.8135171202124347,-0.8492848359027805,-0.5832325591325028,-0.7671757298406093,-1.4664337038241306,-0.15128626865387518,-1.6883971413550138,0.037299713148219206,0.9455461929686464,1.202265364799866,1.1488781385412845,1.2610333168078778,1.4607449845173237,2.487992803157822,2.280512266311388,-1.4171685971038106,2.6404585809724015,0.5921203286596985,2.0,1.368870186544012,2.9295010375681403,1.7355284066898502,3.030964339318807,1.953691481912532,-0.16793735334439883,1.098359629950127,2.271588696585812,0.009516963580722015,1.9599541111747945,2.6446935508247336,0.5879784861034734,-1.0743047621687247,-0.5702151867885146,1.3389261989338643,1.0297995769147483,-2.0230920079665635,-1.6331035595734384,-1.4464903220603589,0.37350278051230135,-0.3361988447462243,-1.5182973889594276,-1.5703021163514674,-1.167501531655745,-1.7098257741463878,1.8923827228822807,-1.2905561537246495,0.34990313012803637,0.22857997691691215,-2.192021361482855,-2.044173344138035,-1.7244452716972107,-1.255299184808447,-0.8082677856134177,-0.24819684220039237,-0.8694919066748743,-0.9044535527977293,-0.5337483418220312,1.1340574372402406,-0.1932712886617287,0.7883584063684957,1.0212853238096762,1.0269693609896677,2.132448868904044,1.912731019612028,2.280553214130302,2.1970187305033817,-2.026690282641427,2.5783690340045333,2.9951173705670007,1.0522919661082917,2.5007928397808374,1.462217928304111,2.728300474287874,-0.27426227064333486,1.8951420388789766,0.022882405142466297,1.8106778589950316,2.0424555313156323,0.0145332957725305,-1.7982536553337813,1.967814683912966,-0.5145703415721111,1.862721730713747,2.3014131706307808,1.4681297000116222,-0.6795149162193006,-0.9338117734990965,0.1097611955562007,-1.874147049531334,-1.3302191751558134,-1.766583039417549,-0.879311000852067,0.14970498303524998,-1.3215211710193544,-1.8779184091612802,-2.1247234089866183,-0.9705152943659049,-0.7571189224630226,-2.0886743574882107,-2.032567850011512
0.028322785229095315,0.8196756910282739,1.9324222732879437,-0.2623803564921615,0.6864733132287278,2.3028657532272945,0.46130896086667017,2.1423180787960194,2.2913027448055794,-0.15846079832758644,-0.7986812416629256,0.3170069613571941,-0.7452132627763046,0.0028446613899499873,0.4374795565004133,0.06584740469756037,-0.2757760119808964,2.5520576181958154,1.368870186544012,2.0,1.9272374966178059,-0.25466854252984117,2.0261700949997548,1.6435270413337646,0.5503487159621666,0.3658245259776992,0.5979631312883668,1.6597925169288512,1.6420477787605738,1.8476893017691676,-0.849858208579779,0.8078517306020342,-0.8279962252602344,0.5647204987936179,-0.48289977094775377,1.0291706060648764,0.4488003702340787,-0.26688574984223873,0.47728528151252964,-0.1425176879134728,-1.0411803734825098,-0.03457867042675822,-0.8657006676270884,-0.3540201548050863,-0.009646678567110378,-0.9202876236223491,-1.3026544142347136,-1.228653926239117,0.5436173939955457,-0.2121345391730372,0.6736499004545673,1.1820195883734175,-0.07372184726710074,-0.5538461439287973,1.730262485777308,2.085591148864711,1.7186598632408963,2.3680888169254737,-0.4261412197549133,-1.2554480249074005,-0.6024904665801183,-1.0180859047906934,0.5775819536996353,-0.09094824087024472,1.0511834020422381,0.35119648909535417,-0.4227115274705754,0.4914344276431375,1.4573318538897646,2.5268372948222613,2.037673397818372,1.315841273658824,2.4426005519900738,-0.053837470665223874,2.1045440827469646,-0.4741349614384804,2.6756660130301917,2.605624559653794,-1.4107284989875053,0.2727700791291031,2.60468318928956,-0.9197029468091188,-0.18789662531501639,1.0729627554082506,1.097309366819251,-0.6103910297937345,0.40920446173187464,0.5281724542231545,0.6610522321042633,0.19117490840265144,-1.342743956579754,0.5617279893219183,-0.5646047802122338,-0.8314360684873987,-0.8704520014101794,-0.5231903111316614,-1.0128658920222284,-0.10179127800116661,0.4168939506510175,-0.35338691916627696
