0,1,2,3,4,5,6,7,8,9,10,11,12,13,14,15,16,17,18,19,20,21,22,23,24,25,26,27,28,29,30,31,32,33,34,35,36,37,38,39,40,41,42,43,44,45,46,47,48,49,50,51,52,53,54,55,56,57,58,59,60,61,62,63,64,65,66,67,68,69,70,71,72,73,74,75,76,77,78,79,80,81,82,83,84,85,86,87,88,89,90,91,92,93,94,95,96,97,98,99
1.9999999999999991,1.7171623169916432,1.6315844726910678,-0.009234199923181006,0.7529438668433297,2.1349146677071875,1.427460734288107,0.3934416531993967,1.7628396157088715,1.6215392401581166,-1.1899151346074732,-1.0566047746204963,0.017791391774225604,0.7167758785647302,1.02723060049929,2.1522744913426046,0.8419733034696034,1.572556317207722,0.25641490579013193,0.9691034073836897,0.4720624555452598,0.6024343779207696,1.440840665375549,0.1825543498693993,0.8312342867368951,-0.5482538713848559,0.39938270659487984,1.107649468732543,0.9449721474937749,0.8511576559925799,1.1624874641180947,1.3105128417529948,2.416554146854347,0.7771226414205056,0.535352298011324,1.932265414576676,0.9338067018427365,1.452778146286457,1.0476494479331526,0.7314807030513057,1.593540140619617,-0.4625161034071837,-0.2734714331370845,1.0674306791737957,0.6585715236775995,1.0244067961126333,1.0503694765591418,0.4991210618480079,1.9346035812654037,0.3988389109174651,1.5645086518087636,1.9594387849480073,1.3479603185801032,-0.43275628799754245,1.6481796406624725,1.9633180869379285,0.8159884086512756,0.9965364888145092,0.19007536870764807,0.18683870421945767,-0.4748170055965326,-0.13796501717756893,0.4378297181871266,-0.5136735775631971,0.1741031425499427,1.060526199073278,0.8735410082306531,0.029367021495154508,0.4075341823951184,1.7850776448168868,0.7787575455984925,-0.1449301845211278,1.4581713351406518,0.629171506568623,0.41388541847075133,0.223969399293009,1.048049754800643,1.146864950181996,2.5187523707161157,0.26158167781651054,0.3197595348006848,0.498661831120427,2.0036200677890177,0.7707293380886082,0.3460672313288662,0.5941047012691865,0.8373458589923404,0.9672517471338566,1.8546731225307407,0.2712726588282073,0.9939758070880793,-0.30247023109534477,-0.12605880124201138,1.3708418954005879,-0.17481254828931891,0.4248095456701997,0.0712957623107355,0.9798555586452589,2.023928488700641,0.5842597048337965
1.7171623169916432,1.9999999999999996,2.6825690289538535,1.8856502702237363,1.2570717025406082,1.9869178514429802,2.866295666791031,2.091792928214477,2.3036422639517777,1.8044048421897152,-2.158952929512587,-0.290236595203336,1.2222143546386164,2.3417801189850698,2.3200309596419078,3.308010898036226,2.3076156770353573,2.556860879546274,2.388653303533877,2.230192588430644,2.3529763502529297,2.1141462127042976,3.104407565017408,1.5441152597865515,-0.1330658238006811,0.964373088658659,2.4058687419542903,1.2895446128102241,2.5762260282434566,2.04781844507666,0.22106917982477223,0.5656352889444161,1.7139707018130637,1.3010331750786888,1.437971468164469,1.6366910622989688,1.1500114711885008,1.405229157914242,1.551264935758649,1.9458014883946901,1.9306985540163466,-1.4705339817692766,0.1990345955463898,-0.06855632410726659,0.1576118763095816,1.013063126459285,2.0394846077376987,0.5987448601307569,0.7844578313745675,-0.26891335216577106,0.8079287064752896,3.2388561101764144,2.6208525889646204,0.4318452287046424,2.5046696071587484,2.3118386739968555,2.3042539080283744,2.567733866967597,0.20838054125208882,-0.7811159401618222,-0.270376218766827,0.3885431728842497,2.2482459782897006,0.9985161102847013,1.35339509280876,2.4026256530140926,1.3639941081022997,1.1244627640649638,2.1279354079476063,2.1238648962464137,2.0921254143618278,2.0162737438492218,2.809010749013133,1.494117054896462,1.043570927400645,1.6306803098389766,2.3044854879140604,2.5193501076674427,1.4363891648054814,-0.4228455154813835,1.3913740749238181,0.1351751662625003,2.2615466045564707,1.980117656450007,2.072272175699146,2.2515029957028956,1.2230454090355165,1.1795517746328372,1.510484334635264,0.6641309744911346,0.323719934533319,-1.046512846359533,0.44715497524759307,1.3206486130253177,0.48414419551943255,-0.5583196731883597,0.5352367806846888,1.499793847091789,1.0030127223891852,-0.2502931340794147
1.6315844726910678,2.6825690289538535,2.0,1.2769597567882836,1.402346533866137,3.0694781495853722,2.649842078181451,2.9453756877869033,3.5581769596931303,2.010356543131523,-1.698496192985488,0.22326473056845358,0.5052189163251243,1.9953033289910231,2.1721306250216252,2.3314216120783104,1.6035927083816501,2.690284952490127,2.315359414265813,1.4114277923445282,2.231136757836948,1.0820678359059344,2.0900741308983743,0.9919058714783998,0.31617369641950654,1.3878910738535855,2.3012688961897294,1.1598161264605618,2.1234442335972847,1.669852251433206,1.108219384109931,-0.4124892914050372,0.9362136250323292,1.020372504190981,1.302154000161107,2.1949758769711734,0.9086479539117307,0.3740961682542959,0.042560502130311095,1.3233034424656438,1.062574316742217,-1.965165492337671,0.6634271541607364,0.45363266244112316,0.5129605398080663,0.6715559114926125,0.5507828921537219,0.4578814537153299,1.668930367246413,-0.4679106366867022,-0.1771659158753594,3.3511065748180924,1.654277056422897,0.3013912483147203,3.2608436927363416,3.450804053619252,2.9566478029140244,3.517440265823864,0.438295760486279,-0.1462712644389399,0.22114081528457882,-0.0097543308185047,2.2581912672098623,1.5483458945539452,1.8193140499632987,2.0479955289383027,1.039528657099362,1.9414460114633647,2.253058723554598,2.284374988280048,2.020139105448382,0.7885380988328301,2.534550598604706,1.3215607895296562,0.9255761823694864,1.5207667689141675,2.353448961742384,2.496576269684687,2.0743094676431992,-1.1202528663260232,0.6687468499288665,-0.0691402658665739,2.378561180152028,1.7544622797047102,2.007448873173353,1.7134927324689353,1.4509932564679953,1.1965294788134566,1.6349141169900658,-0.003802834053897499,-0.9022478003415746,-1.5470320461994134,0.09776684493820169,0.6777937656081847,0.07596882441016989,0.02673118128389354,0.236951518185484,1.4918325977905726,1.3705895983433627,-0.16772764475450372
-0.009234199923181006,1.8856502702237363,1.2769597567882836,2.0,2.8413854367678804,0.9934210730564321,0.5361692687904054,2.74420392130492,1.2586031798545576,-0.10914950771497589,-0.1112594609352763,-0.3654601390477803,-0.6155346022712492,-0.06992717819145329,-0.0796731516705399,1.2248526879305,1.93128870045508,0.5290379701791532,1.4764043463116328,-0.12746392949906132,0.4213537959626362,1.8287500524944003,0.4991769198011684,-0.5172416433822655,-1.8179726409705932,0.6479845014054377,0.47543988395250697,1.6862428552320936,0.5166035645844123,-0.4751680984484285,0.18576982070435796,-1.9511558952274848,0.2530357534917106,2.263135838206465,2.551767024211649,-0.6296415814952874,0.46188160129445033,-1.1938661548966478,-1.0783981405289433,-0.8228721375249364,-0.3170153036615315,-0.959735114284434,2.5359290384577373,-1.0300334644663263,2.081350691862744,-0.6659895636290244,0.1643928723551186,2.0101575132082923,0.4314188294505662,0.15179198521238602,-1.854888677826358,1.1125192093241094,0.7554634058659605,3.247303701667062,1.7634536803928769,1.168608203500123,1.0088537282465662,2.238371984396802,-0.03344927112032431,0.567629111989513,0.16061785482262309,0.5607788478476627,-0.005510383680793096,1.9666711976056797,1.0262915635174479,-0.3210109791845024,-1.4315399525528179,1.255800286804754,0.3720265008263632,-0.1733191155361803,-0.21029727934303452,0.2706821527673703,0.08509971978691569,-0.8721609745698908,-1.054352856224111,0.1092938235547502,-0.004419742306665905,-9.81558650303832e-05,-0.2516096610429499,-2.139013846196955,-0.8649070459648096,0.5803917006099172,1.1811945357621019,2.3546061659885664,-0.0376261002926641,0.6046929443956691,0.8098692485367212,1.959946586961245,0.3331373289964302,-1.4539474610946974,-1.529958613302337,-1.5760815450748766,-1.371896031634734,-0.9141274436738208,-0.9639863413897993,-0.9988683406376233,-0.4196148786932219,1.8642109475821267,-0.5646376954512965,-0.1429596816343047
0.7529438668433297,1.2570717025406082,1.402346533866137,2.8413854367678804,2.0,2.1189124293568655,-0.10912939415395002,1.8939649696757415,1.4145114742907292,0.012517096638567399,0.6422275214515267,-0.446146677646292,-0.5905744045034028,-0.19615326607703787,-0.40505891110966674,1.0779225320165788,1.451544989890955,0.02742969710049599,0.8146976085654136,-0.9948222698860483,-0.766360482508043,1.7083262000800998,0.026527082879212294,-1.0837618504328037,-1.8130499101098616,-0.37886482853238324,0.04073541544645409,2.4681279826174385,-0.3903678311348473,-0.041034382487888044,1.226415297536654,-1.3660589562936183,1.1167251944370196,2.654009783134863,2.580965871298774,-0.4756511498569035,0.2986521822629675,-0.724552332693492,-0.8194035148089136,-1.2499208197267748,0.18468544233829648,0.1438397438421028,2.562539483051595,0.0769699233452042,2.5376570210801335,0.0891284942997698,0.6082603825461326,2.607905919127688,1.373136447825878,0.780878516716768,-1.165798767908099,1.2207172369939745,0.3859122627344369,2.8661052179640434,2.503764369570555,1.5804658729182015,0.11405921347816178,1.934566836248785,0.46148533167853323,1.6345614905503072,0.8150784994490372,0.7744589713067067,-0.2972450688487961,1.7891567185826287,-0.1556532419647046,-0.7806340244373504,-1.651857432694922,0.6769430275909742,-0.5276557944369551,-0.6067313822893363,-1.152542036888718,-0.5848241176954029,-0.11127190011503371,-1.6258704085357754,-1.7966316600522747,-0.4518034501482143,-0.7647297572149876,-0.12397142044545201,0.4223457630054144,-1.5793844907359653,-1.8685130096109568,0.9519448781069179,1.5251749811737239,1.953542123276522,-0.8135891119118202,0.05328846101041018,0.2940409193953296,2.35720039363037,0.15513974636684746,-1.8002547738853307,-0.7720898135605758,-1.206325402341625,-1.7195752493442953,-0.175110697588569,-1.4985160305068552,-0.284698856838494,-0.39161192119238186,2.322209138899688,-0.1663678791364841,0.1515498829724468
2.1349146677071875,1.9869178514429802,3.0694781495853722,0.9934210730564321,2.1189124293568655,1.9999999999999996,1.7092397300888533,1.7708430895092406,3.000165291213997,1.4874845138585,-0.957151481482037,-0.9377343492742506,-0.5250075624185664,0.9321403121217453,1.1213728444545592,1.8837557427135054,1.0051317082604887,1.8846340755109194,1.395868256884826,0.7565708929295129,0.912235379341332,0.4245778769807823,1.0151363689738824,-0.3849551620378044,0.0809350823524696,-0.5166906632819226,1.2591907834769682,1.588098989748862,1.0817198345919028,0.9809497362767459,1.464744263835655,0.0047193361815691115,1.875024434235216,1.562210294592607,1.2808043363093398,2.2401944589598752,1.0213270729915036,0.691860061774252,0.17933271209752166,0.4636819005957857,1.5940051792240504,-0.9192229211340267,1.0015023803696357,1.346287089904229,1.2512963371665606,1.3489700963482176,0.7996255253036774,1.153637276125508,2.889173154665473,0.9166371365442447,-0.1356002455697769,2.5244238240843533,1.2294194157226808,0.44890989042827645,3.3930328087341164,3.533021086853382,1.6877437976192415,2.811622166709741,-0.2059179107636629,0.2042220694236137,-0.369195911350484,-0.6664233604285839,0.9395879612974516,1.2431435393556867,1.0618870801645461,1.096948942156538,0.714527741332535,1.392161692175859,1.4233365311557526,1.9873883480051033,1.1833356079800925,-0.6015706902653611,1.8504175622406318,0.2522487945460473,-0.1827762052245603,0.05347773847421351,1.175871113276949,1.4539181089384041,2.3256636260240837,-0.9077171823512586,-0.2513068128340976,1.3032685859061044,2.5129222369123134,1.7415224749886016,0.9442424162983216,0.8083933221951937,1.3876598962130897,1.5974428618542957,2.095563059308798,-0.0436273512259243,-0.11135852577636729,-1.6384303095075619,-0.5548533372870187,1.0305937823786548,-0.8842341254119253,0.8200352478189267,0.7320737956011583,2.2271628400726926,2.280500487807441,1.0916354846051053
1.427460734288107,2.866295666791031,2.649842078181451,0.5361692687904054,-0.10912939415395002,1.7092397300888533,1.9999999999999996,1.821072595312056,2.710151230820877,2.0597573891309926,-2.707205012319573,-0.261241026295792,1.1452979096059284,2.3268900304295106,2.838984961980476,3.223064205872986,1.8707977957326503,3.522335400502647,2.8906543577807766,2.9837409039407192,3.298245573022072,1.1682003694536127,3.0444561849210574,2.084591077495982,0.6289732861568522,1.1441226351105236,2.3320843763915144,-0.2462104705200968,3.30374762233354,1.8517399204843188,-0.09612275261982067,0.9987783819654521,1.0031707475316902,0.6254950802461233,0.4042583550680557,2.7181273358163454,1.433175673383898,1.2881554240768736,1.3735932706419838,2.69910878071897,2.089756552038833,-2.0976991736460917,-0.7692122953314772,-0.3900493431434363,-1.0639578368515088,0.4178006339389332,1.4122467980439959,-0.6609483065943018,0.7791506546242897,-0.6370976732621021,1.1623346055668242,2.9611204368414,2.8503851237847786,-0.9942969114578413,2.006326173612946,2.418805723474714,2.9313297653566126,2.3946025643267985,0.34234866518669993,-1.0383598983854725,-0.5476001038060959,-0.0713108025360254,2.5345078115164617,0.6614873633417306,1.745142830010383,3.0047511655288552,2.4371829466782935,2.124947670165596,3.1444787017665816,3.003142827638633,3.1158372794277858,1.8336516964259961,3.4233985206456605,2.3927231947900367,2.4426256887220936,1.8700228304178443,3.3241059399517146,2.681704740005693,1.5307782811121635,0.18465601330370668,2.2835092135030277,-0.4578947069763564,1.7784155085727327,1.276043810729358,2.5649601498488748,2.0007039107149893,1.8339530629841159,-0.3238827409001034,1.9801195207236792,1.20138570782697,0.18187052407321191,-0.8424034383463576,1.5293168942076576,1.4891475059357788,0.9456626080562683,-0.7618751015177261,0.46071856149452306,0.47634369063773047,1.448938140759218,-0.3245596169353351
0.3934416531993967,2.091792928214477,2.9453756877869033,2.74420392130492,1.8939649696757415,1.7708430895092406,1.821072595312056,2.0000000000000004,2.916953696190004,0.7703426105086926,-1.1744715456336705,0.2656810050778706,-0.2419681370289108,0.6739584997450555,1.0106963668332607,1.3315358972702653,1.6936655121992714,1.9319467484054167,2.076492588046775,0.6780309993431587,1.7361471146715848,1.2996388723051897,1.2123212197912934,0.32001253350641023,-0.7352017873830289,1.744900840956649,1.6146154298687092,0.9417767654954734,1.5010968779290437,0.3002093725957636,0.4680209264110339,-2.054833339150717,-0.2301680608505659,1.4324838307161551,1.967609222381122,0.8354881816162902,0.4550578578533358,-1.1939972661261542,-1.2920421819973569,0.136188615839311,-0.2205117303212103,-2.2305712294977917,2.038888187579169,-0.8374429411733112,1.3308797815081201,-0.5437860995780874,-0.4136785804214981,0.9365876222220106,0.7555124416890526,-0.7938381892559608,-1.7249888090772234,2.189813130453594,0.9295790310357372,1.9427839757646606,2.438091359902569,2.4829680888597014,2.721340866688678,3.415203014180843,0.0377993942468854,0.029817289091279675,0.1167153311174094,0.08063515757262711,1.3065174716425987,1.879320266982206,1.9280468778644642,0.8537776023339716,-0.28946184630794514,2.08209530693717,1.5908964867139694,1.1440563266019046,1.0904687709344791,0.6624538251930392,1.1702700885202817,0.4977408044760565,0.16441213415297148,1.0578239160566392,1.502892591586705,1.3244707934321687,0.8616906714529037,-2.396709323871948,0.09479887026481729,-0.23457008945465718,1.6135021202304625,2.19825561659187,1.3996788428942024,1.3596448710284375,1.1196528337897886,1.275510912572891,0.778293301847933,-0.9533382266397482,-2.309766066216716,-1.8661603364403092,-0.8310057760174281,-0.6626898836313959,-0.1577823744563127,-0.7558116656915506,-0.26226316598294996,1.3182770799334398,0.011956544014579101,-0.6331581608142522
1.7628396157088715,2.3036422639517777,3.5581769596931307,1.2586031798545576,1.4145114742907292,3.000165291213997,2.710151230820877,2.9169536961900038,1.9999999999999998,1.5935971769273798,-1.705707442109532,-0.4209003561161787,-0.06783293493644259,1.2222378470741038,1.8688768128566906,2.251621518273515,1.2753225487409288,2.7026623099828346,2.173605103092261,1.4381415448514705,2.01439633497414,0.5148131650573885,1.6458897398254648,0.702637209051634,0.2635622844012494,0.9791966601463284,1.8135085792948007,0.5784934547636598,2.0098467576043415,1.1454615399028358,0.6451145176718188,-0.46080754564926085,0.6107958928452932,1.1284151458726435,0.9940257897426782,2.3961863439707454,1.0874855022469863,0.20090968994588101,0.060874300080868485,1.16464524579302,1.180532452117753,-1.8403445003929164,0.915902027862238,-0.00524257909935541,0.6274013654562508,0.2954787341293247,0.3300091775900688,0.2599917955127491,1.9528253096799324,-0.1653737179666957,-0.31267765610781617,3.1054045872843767,1.9215437938837794,0.4712668085284486,3.0519460268446172,3.4925407711652827,2.9510935665640545,3.3241205889983445,0.24681463312807217,-0.02271551539444927,-0.12986178687271777,-0.2754539376254214,1.5381120427507606,1.2057202529147206,1.5957065991135009,1.724295992330627,1.1238478684522986,2.1165357211578746,1.996078748655791,2.1661802548415343,1.9560760254152498,0.0987737616181801,2.116868425168027,1.3353114003552267,1.0066065197194112,1.1120249472872388,2.135288262065931,1.9004138480147685,1.9472774381647922,-1.3337680306564434,0.5159902112336058,-0.07640254975320719,1.9619486751445545,1.339262535861441,1.552996542972738,1.3321755424133765,1.609824127361835,0.6700718162124167,1.8448888706554796,0.0313866441410296,-0.8785857203816823,-1.631680652146457,0.3731463174888316,0.5742605940629086,-0.1010150612473059,-0.3092934567551876,0.1812029552325311,1.2114750768471596,1.551621740648128,0.18008286627237266
1.6215392401581166,1.8044048421897152,2.010356543131523,-0.10914950771497589,0.012517096638567399,1.4874845138585,2.0597573891309926,0.7703426105086926,1.5935971769273798,1.9999999999999996,-0.5493464275545716,1.4323350280429463,1.4735224120122292,2.088416766960841,1.7180467891477678,1.9942242731712665,1.0640555395671145,1.3909088593311523,1.1076533006736706,0.718070709052105,1.3823464115049044,0.9374390631997044,1.7417686383832165,1.4223298215686295,1.955852539473443,1.3616794590760848,0.9508962556796947,0.6677204871362018,1.293532199310441,1.779543744718257,1.5169036331729957,0.8544525487714476,1.4760275268243908,0.03352372559235818,0.44375479477575974,1.1948093708315113,-0.2031858605907648,1.4432624653649089,0.6713951390077474,1.5962902891397615,0.5240558971139565,-1.360908789571268,-0.9133412381116413,0.5424391414444711,-0.1987158097738366,-0.2449475405811262,0.021235593933650695,-0.2652166643054785,0.45370073858795096,-1.3905635952614328,1.2199393091618402,2.000057730317159,0.9664756794741354,-0.8204843181670227,1.4261440713590305,1.4359005068380872,0.9826827188422624,1.0621975878247787,1.8360577693394762,0.3087631436138726,1.4405462244700424,0.6988350291411576,2.061409353841436,-0.022548747083993397,0.3977333138948841,1.4453987256681402,0.936923403760932,0.36190856017685014,1.0402629994988288,1.5824102533574178,1.589064725424635,0.9649993367940721,2.079386913989693,1.6924095766967704,1.1846741539002288,2.0916237046311537,1.5356159727811056,2.1461210925320255,1.6034905689355947,-0.033513300052383205,0.6087824773855208,-0.9132301812821483,1.775050629062149,0.1696244863032999,1.007676033441959,0.9720329255689704,0.20967137219993,0.2692614993883551,0.5184952440845383,0.1408396215661819,0.28335015895636745,0.1958525611536095,0.39323734062555094,0.7658819283572597,0.1791928127027993,-0.11549410047649061,-0.9209052954990932,0.0711771259797474,0.666376264155525,-1.1562699712767053
-1.1899151346074732,-2.158952929512587,-1.698496192985488,-0.1112594609352763,0.6422275214515267,-0.957151481482037,-2.707205012319573,-1.1744715456336705,-1.705707442109532,-0.5493464275545716,2.0,1.4796802064490118,-1.0505154731281816,-1.5977534687727,-2.1580558903554934,-2.0855160864365465,-0.963242028621976,-2.5091759689122837,-1.793523623505494,-2.833084813199231,-2.7348115711413445,-0.659183641290653,-2.6071471980337693,-1.8018446490531081,-0.24072848543863545,-0.9934062394250768,-2.1885871260612744,0.6939593089019327,-2.9873700652596056,-1.340844574588732,1.093496719498662,-0.5962568894893165,-0.47625348391094136,0.3824749205756462,0.1854603997798449,-2.157878799248561,-1.2780686852519396,-1.2797821381045371,-1.4436497579877208,-2.486816834005494,-1.3697326637443004,1.7235218348204968,1.1359925243553928,0.2010436825523164,1.248081141231812,-0.7401668633170838,-1.5345802834864484,1.1198251958939869,-0.06070895572368079,0.6155567822977704,-1.1130557535633825,-1.864436282603572,-1.6766001374974842,1.2569753909188657,-1.0946455183189991,-1.6554251092264947,-2.18711460419734,-1.6661709162556664,1.3104157919441233,1.9767536005095068,1.853389515553611,0.3743049254692793,-2.198364018909596,0.0688943827008628,-1.422532836249967,-2.3058114063507817,-2.1226472449929483,-1.3777973523069273,-2.3115055121150854,-2.365068946377272,-2.368947125386909,-1.9233238832512325,-2.559712586391418,-2.054305737188925,-1.8581221024090255,-1.517715636020861,-2.8329799193714518,-2.194682928592813,-1.3457514473970251,-0.25450681519528073,-2.5575799725854518,0.5284982382182439,-1.127347036410531,-1.0652374100245796,-2.651544498280697,-2.4653905234023625,-1.4874485332369336,0.6323398991704392,-1.765590315656893,-1.6739468108975615,-0.1649909536170281,0.7869804525889479,-1.2269089755014615,-0.9524456894899238,-1.4451889395991635,0.405708584011399,-1.1966179710161298,-0.050619423505851774,-1.1729392403986776,0.1000503566514848
-1.0566047746204963,-0.290236595203336,0.22326473056845358,-0.3654601390477803,-0.446146677646292,-0.9377343492742506,-0.261241026295792,0.2656810050778706,-0.4209003561161787,1.4323350280429463,1.4796802064490118,2.0,1.7763913721349127,1.2004625950575802,0.2780207413822111,-0.44124506957812315,-0.3230267661626275,-0.6479437344724303,-0.46167017158759893,-0.8963047470226496,-0.0304305112096189,0.3216224647069111,0.028376804202579396,1.2740840489194818,0.9807681066748697,1.8307865493238502,0.3808161931688276,0.10087123960024588,-0.6090890427688715,1.180675413895695,0.9696925326040102,-0.08827619494409239,-0.7140768149508037,-1.036289617329844,-0.2653780212248979,-1.0589391920630755,-1.4875101001474893,0.100786626721862,-0.4237110373313579,0.38171233110189084,-1.0394657497413031,0.0388732915523765,-0.4098441029450182,-0.22206622238117887,-0.7861145063614474,-0.692885866335514,-1.0473800897568908,-0.5915573044673954,-1.6628279000141695,-1.8215089539713034,0.4125671414162058,0.027545751782129313,-0.5663057105976776,-0.3435919479112618,-0.5220322561777939,-0.831992885495114,0.015469144621465591,-0.1974078082037779,2.480508422757892,0.9278914670119868,2.8147678975448156,1.1593991104453893,1.1597043475670772,0.26618338580654555,-0.4452018622682631,0.1400134838365613,-0.2324508665432279,-0.5963335331308848,-0.48069601543700524,-0.7352577262894815,-0.12648397345687729,0.6842325154731695,-0.14619415427938381,1.051889975210106,0.5633295438872298,1.5326006243751973,-0.16172325115336122,0.8181250339490895,-0.8698769954145703,0.47735631919398097,-0.1837872301580546,-1.6860720688626434,-0.5169891800509532,-1.0459784215407777,0.25057959315890027,-0.4238143859353337,-1.4542426557485877,-0.1647064099356809,-1.9556286651932702,-0.382083115624214,-0.41886917074442,1.6062234632741488,0.3491505236773374,-0.0033694820320072927,0.8541430085535504,-0.2018246510995794,-1.1339548341342933,-1.1861655298354705,-1.8600518529499903,-1.9706799573246523
0.017791391774225604,1.2222143546386164,0.5052189163251243,-0.6155346022712492,-0.5905744045034028,-0.5250075624185664,1.1452979096059284,-0.2419681370289108,-0.06783293493644259,1.4735224120122292,-1.0505154731281816,1.7763913721349127,1.9999999999999996,2.7834158548045584,1.665432672712701,1.2780263672617402,0.5624538081223757,0.4022841218948482,0.6079300140164502,1.1017226706189018,1.2361937732959238,1.144524591894781,2.1288465023825887,2.9496654841002163,0.7293262479048725,1.8230023350182951,1.6036159653062614,-0.09844284189725439,1.1659305295091587,2.903484589784691,-0.8070769662003108,1.2147032724976112,0.1384928556215343,-1.237798141834575,-0.7361435061664703,-0.17820792475404168,-0.3609481401462559,1.7423995909835446,2.041816614301553,2.4769216395922795,0.7086012297095323,0.0488500131110113,-1.8370189998470081,-0.3530919311541975,-2.0303350224933605,0.3975949621890333,1.3793242002319266,-1.3585727454357235,-1.9453612934941629,-1.5663661892325433,2.2108713813432463,0.9830009588085125,0.8881196670029885,-1.5740699559789877,-0.2976489711918987,-0.3863666912124446,0.3341815858997401,-0.23968858070504628,1.4798985403085059,-0.2620219804725102,1.3615251717282786,2.054940764140511,2.760397061007499,-0.008218449039951226,-0.4565887732901447,1.5551584583673324,1.3990203824079346,-0.3019324637823604,0.39807054498752337,0.1151212230899494,0.9005200509963689,2.4536213371478235,1.6268135803219446,2.1756737142044154,1.2435996873847128,2.412409633525774,1.3658317463758625,2.417527070013093,-0.5741554859768327,1.4463598101079538,1.5894843578243796,-1.8834602139043772,-0.11461403072914511,-0.8597369292752122,1.6612211763919442,1.6067676176364292,-0.7749754114614664,-0.7149567583706864,-1.05573425215327,1.4563264798411477,1.032753105828061,1.7529973811034543,1.924900888424714,1.5352479230845102,1.9408289567367893,-0.6213281693462587,-0.0349623256147414,-1.1924272035582217,-1.0370132967043122,-1.7294554272949876
0.7167758785647302,2.3417801189850698,1.9953033289910231,-0.06992717819145329,-0.19615326607703787,0.9321403121217453,2.3268900304295106,0.6739584997450555,1.2222378470741038,2.088416766960841,-1.5977534687727,1.2004625950575802,2.7834158548045584,1.9999999999999998,2.7580780493682453,2.3239074257654466,1.4479015280306222,1.7801378665674314,2.1029772433195175,1.8797075523525408,2.250640303202426,1.365894662978169,2.75333984132067,2.4969865925920827,0.6550984263259603,1.7180797642813341,2.5397572979361276,0.8785192150831675,2.1046328211495515,3.08137428549448,-0.0916816476053458,1.0421572855113455,0.8599888570284752,-0.4037955955402407,0.030007852329269308,1.3858625818933603,0.770862164402741,1.8446216994708546,1.740924150238949,2.5816583695055497,1.1520398954326474,-0.8895217795497417,-1.293615212992131,0.3967470560706613,-1.315531803753722,0.9180498303391335,1.4416210674860637,-0.7046559114443793,-0.354033576957041,-0.9460301769469199,1.7987702519471251,2.5021373709633377,1.7826008996241876,-1.2790550097633433,1.2947726704424785,1.2004236063125169,1.7442248378628378,1.295851855921929,1.0511195575069974,-0.6530502679314287,0.8620617541150563,1.2195662315019533,3.1196517178238965,1.0231909974802453,1.2328863753032708,2.5937192965249767,1.8443859141462968,0.9421710111948569,2.0544715213934763,1.7677773847654306,2.2130014067178303,2.334745684534881,2.9178512361944193,2.138023882080901,1.6238534412664325,2.3850905876122717,2.329025191167417,3.2672614049946453,0.6084626474260324,0.831830622627704,1.7599356422051808,-0.6790255736730686,1.2452107405588408,0.4895442463571905,2.400614768127381,2.1303920253994746,0.721292312700956,0.4391375721399206,0.6841108619885368,1.4556977235991322,0.7529524769456074,0.2534460981778946,1.612155752238418,1.672605065855072,1.2371588616686793,-0.012773330171167663,0.5497031213811256,0.1565540626268841,0.479365533942317,-0.6629449988556502
1.02723060049929,2.3200309596419078,2.1721306250216252,-0.0796731516705399,-0.40505891110966674,1.1213728444545592,2.838984961980476,1.0106963668332607,1.8688768128566906,1.7180467891477678,-2.1580558903554934,0.2780207413822111,1.665432672712701,2.7580780493682453,2.0,2.3860203141160596,1.8780599981087456,2.7581011119779077,2.53654645586814,2.312004378735147,2.759587912691429,1.590684831099694,2.5210848393187817,2.1167428500524124,0.2341723566280736,1.2105585839208453,2.706602800220599,0.5658138547531515,3.0120687359596774,2.0527148486053512,0.3161673187998387,0.9434993134074041,1.0771332007635321,0.5362896366888401,0.6163278947638003,2.5806554199357277,2.277737257503502,1.3137483015996234,1.5166839982097262,2.379320716369254,2.0284263871206574,-1.665856124452375,-1.2085250832023091,1.1292235040638732,-0.8712354928511565,1.2884063964154848,1.5412057359362727,-0.10942845080762609,0.5872059312113148,0.17022357131590193,1.2994748834848293,2.5537981135850654,1.6192918573952328,-1.336887288063864,1.6640362869979408,1.4800498411227578,2.0188404125270765,1.7184984667571515,0.9354935905256958,-0.049861568118974464,0.5772532408467121,1.133504992666811,2.945120139397841,1.4205255792424278,1.9247615135446448,3.365914619067849,1.7635309303269702,2.012414352776288,2.4343846497830315,2.1474298224079598,2.5351137483871176,1.8326075562336674,3.0353983927662704,1.9626477824503616,2.6730299610859363,1.8672736822713114,3.1438782152637255,2.5915457411436833,1.5029269137911987,0.3847095222074997,1.7795772573122897,-0.2731457436593772,1.3284335234685711,0.9005999210945865,2.451579279492532,1.7353269263964104,2.152135978083727,0.14346245038291944,1.7788502389351417,0.7603545391023518,-0.05671482425412119,-0.48277137692445626,1.5054999877475768,1.050389447705074,0.6151426986328539,0.5209410387175548,0.763682837353012,0.5692410458786921,1.331771800124021,0.21863725628309416
2.1522744913426046,3.308010898036226,2.3314216120783104,1.2248526879305,1.0779225320165788,1.8837557427135054,3.223064205872986,1.3315358972702653,2.251621518273515,1.9942242731712665,-2.0855160864365465,-0.44124506957812315,1.2780263672617402,2.3239074257654466,2.3860203141160596,1.9999999999999998,2.0967839648501903,2.6433136423715227,2.274052912909614,2.1866008063490465,2.02486669596395,1.8769087681936445,2.7709340811787064,1.663205755910835,0.2031760927134892,0.4501671496375734,1.8474184772153324,0.8983241603271924,2.3502055434164624,1.8852251392170993,0.30517393469641224,1.4874536551031339,2.0812435978652655,1.430244252181179,1.1513887128820677,1.8906728249409257,1.235088618615671,1.7051448978634858,1.8175861432900324,1.9924957790188818,2.352520819792465,-1.0332071713445397,-0.3197176673467501,-0.20983662234176992,-0.2789582203622699,0.7736753830874473,2.114930311226217,0.39462551877505836,0.8682076056635999,-0.2736126341117166,1.4970228618222197,3.125871636881617,3.03023802486761,-0.09187246335474313,2.1608786789504593,2.048785449710279,1.838359440754932,1.8768844365212212,0.7907173922413442,-0.15590324799569963,0.07951848433190684,0.30761055438700347,1.8121204764370713,0.5621762644263211,0.8142838431327839,2.241737142600224,1.643242368279188,0.9987619908800937,1.887201870741129,2.174273500740452,1.9676381555924056,1.6567249200543899,2.7394846880565833,1.5285930257101803,1.2987081253801924,1.4988159128543517,2.0928536161756686,2.1476972544371655,1.376603461587563,0.3218868508202395,1.2789705150979804,0.10109461239888719,1.794440041640241,1.3983517877147391,1.5262509713819221,1.7248991788159924,1.1338010237356513,0.603800462315494,1.5097548536969077,0.6821634464491159,1.0026819598861656,-0.5507944491381638,0.9580050914595137,1.700492142997132,0.30220079277891687,-0.6936338380308541,0.1856549613680919,1.1008743411211976,1.081293319652738,-0.2684660168856091
0.8419733034696034,2.3076156770353573,1.6035927083816501,1.93128870045508,1.451544989890955,1.0051317082604887,1.8707977957326503,1.6936655121992714,1.2753225487409288,1.0640555395671145,-0.963242028621976,-0.3230267661626275,0.5624538081223757,1.4479015280306222,1.8780599981087456,2.0967839648501903,2.0,2.0683045272967804,2.8417449614428003,0.9350780911102929,1.6979105707529918,3.0507753913890863,2.087320546087274,0.49397340707487497,-1.3717995719933194,1.1250232298525145,0.8820202426578164,1.996412050062079,1.947960125283803,0.3598431513084268,0.8890735161924468,-0.8036090031405989,1.780441478006642,2.3340953202157673,2.6292294411064,0.7599769502597571,1.6621679121764352,-0.4824969701585898,0.14336474809553237,0.161951417624778,0.4990064038105211,-1.9427413946458572,0.40213135699516245,0.2604010104344491,1.1475821301677072,-0.2411271857961678,0.35563995159893264,1.7669806800242986,0.6996222471269962,0.11834831538130079,-0.2643597319333283,1.8174570557995162,1.0866743352258146,0.9639701548496845,1.900650911251783,1.2314608049734352,0.8571326941496489,1.7011342872397892,0.13219230773559706,0.41662448633974214,0.30622831473612383,1.6742818698894497,1.5253379047870632,2.0200550072117025,1.8403193366184047,1.552054603546696,-0.5212926044474154,2.0702893814465897,1.6283049494609687,1.2218527121223715,0.777261734711636,1.4551379772734796,1.985836028842013,-0.1274582760122113,0.3115334452787983,0.2516336773351546,1.6623556859274864,1.5822871598962502,1.5877831204380406,-1.4826022858211931,0.21609410640167623,0.7710352545203336,2.3121219946842917,2.6307035319387198,0.7444478376932518,0.8491165226319188,1.915839983220343,2.130491526834742,1.2828658134383193,-1.1440943024597343,-0.8891879040640568,-1.8721296271912227,-0.639121093273884,-0.23942057118001542,-1.2570914339698942,-0.169839378841167,-0.6772507407277067,2.1199302437038874,0.5235242182185259,-0.085392655130091
1.572556317207722,2.556860879546274,2.690284952490127,0.5290379701791532,0.02742969710049599,1.8846340755109194,3.522335400502647,1.9319467484054167,2.7026623099828346,1.3909088593311523,-2.5091759689122837,-0.6479437344724303,0.4022841218948482,1.7801378665674314,2.7581011119779077,2.6433136423715227,2.0683045272967804,1.9999999999999998,2.935524861790968,2.9637907764949554,3.2676930342253985,1.3328957208345906,2.830917735358586,1.3551939217967444,0.48167276213058896,1.0440962264207436,2.4632148845438864,0.3303809337226556,3.268966294643256,1.2516362600900068,0.1929413131977389,0.5642021778437675,1.1140915508950973,1.208228705974152,1.0303925531225238,3.2195146978619387,2.145997857612323,0.6783570507743453,0.7049355569105394,1.8843305861691113,2.0521104132721675,-2.278283516307276,-0.054684196932483775,0.0992978786569667,-0.3426618035256534,0.6461440782758039,1.1999382008535033,0.07793891098055819,1.5245980375931336,0.0699407179648211,0.6200295718370524,2.806287410870876,2.367335085878472,-0.7502030368331853,2.2239003882535497,2.571509219577023,2.9276760415799234,2.602218479315295,0.01884978371900825,-0.8610271442198522,-0.8414380425313959,-0.428291113792697,2.1590367450380454,1.1776390542064292,2.4322416245715184,2.9716180669148997,1.8821957191223075,2.4864594331198795,3.069563429122639,3.2073250516088523,2.8996965182778403,1.2185089452018225,3.275130267428705,1.6875352609274064,2.281528362246772,1.1542725844613753,3.308119570446826,2.34270703743352,1.8287599080333654,-0.4453025877999626,1.8103749064326444,-0.024190924669754303,1.830516181187818,1.7206395315712997,2.4506584451667983,1.6909630557199602,2.4664807447482278,0.3373942468298764,2.745270053126932,0.6434455890671489,-0.46112287146220965,-1.4805731682615098,0.7043598318343074,0.8459548787954911,0.2350551182495188,-0.35506193558062116,0.45679737788146413,1.0640168095547113,2.016306800467892,0.26221646061568493
0.25641490579013193,2.388653303533877,2.3153594142658127,1.4764043463116328,0.8146976085654136,1.395868256884826,2.8906543577807766,2.076492588046775,2.173605103092261,1.1076533006736706,-1.793523623505494,-0.46167017158759893,0.6079300140164502,2.1029772433195175,2.53654645586814,2.274052912909614,2.8417449614427994,2.935524861790968,2.0,2.022182887265949,2.827127469055762,1.8995475533383868,2.3486155551484345,1.292077384939211,-0.8191051346068111,1.4341538552025475,2.0431909373868096,0.6391899555735645,2.812495709965666,0.9251572031334536,-0.2132514059592407,-0.7809360903474,0.4017333791333161,1.6787631245039303,1.5917998772414417,1.8483288099562525,1.8328225123558903,-0.2693946769318627,0.36887237056024647,1.4069411253251682,1.0635448384010062,-2.3098253547294947,0.28076123031944,-0.4521867598551189,0.0611244302144475,-0.3046195370071765,0.7152371167421442,0.5063428230322621,0.7710715046412598,-0.11335851340302501,-0.2166194042946969,2.4651768236015053,2.084624456238494,0.3491026744134651,2.2507575575064394,1.9407839396066995,2.282202655650656,2.4724726308984932,0.10261861029918051,-0.3403776223469669,-0.2721160013146954,0.6794517884781062,2.046694264718661,2.10517993113638,2.371324288362979,2.3728927802261803,0.9207475563608831,2.9065699793719912,2.8252172019262694,2.1052878814764924,2.2660317046507026,1.4953304916649601,2.7727484494299057,1.0145212781195005,1.5002122343353566,1.155716967870594,2.6197093115234242,2.2454093619041045,0.8823012627958611,-1.0784937927422367,1.0886560607780225,0.16348968442716552,1.6126503670525847,1.9445357766843347,1.8332014094820042,1.5310863915723831,2.2992480875895405,0.7848129736214254,1.7575710765978996,-0.0022644402117686993,-1.0228108729207208,-1.921008565357927,0.7998238101566254,-0.07014204321083368,-0.375903859683971,-0.7762894141166099,0.0560686832848909,1.413218651049786,0.9874999238281883,-0.0217805923157868
0.9691034073836897,2.230192588430644,1.4114277923445282,-0.12746392949906132,-0.9948222698860483,0.7565708929295129,2.9837409039407192,0.6780309993431587,1.4381415448514705,0.718070709052105,-2.833084813199231,-0.8963047470226496,1.1017226706189018,1.8797075523525408,2.312004378735147,2.1866008063490465,0.9350780911102929,2.9637907764949554,2.022182887265949,2.0,3.2026483960975907,0.2823554565317329,2.8575712083477764,2.235878636590583,1.015550594241051,0.8938083566609156,2.7245076744520755,-0.88179442572818,3.3017196849324453,1.5261031333439035,-1.5927449482734217,1.4937918518232385,0.3538733925081544,-0.4920900897540227,-0.7075891714520481,2.864853788528447,1.7862698969460846,1.851320665940869,1.928277731091829,2.935981709345692,2.2631019690035297,-1.0106763914128036,-1.0882027927708084,-0.1458923046627482,-1.576796334301813,1.2789295109777408,2.0013458608489905,-1.453707079381664,0.4189636721217772,0.0847748232578574,1.676180530358078,1.9364478447977291,2.5165524228126412,-1.6074554334797688,0.8550890199577463,1.4863698774414629,2.4726216734371405,1.363772536723017,-1.0719032964982533,-2.3514248133404623,-1.8899965100816107,-0.9532975932333291,2.1497364566992108,-0.1351262282784937,1.664914349053034,3.047978940823242,3.0390429110780657,1.3382562676578897,2.9345721601436834,3.0009615931049582,3.192248253981621,2.060545625499186,3.016969078317746,2.4897229563081114,2.507341492886504,1.688336353174161,3.172774679201335,2.284379243669373,0.6804519084508981,0.9923684716060834,3.2796260055751207,-0.1909034520539885,0.55352166330239,0.8317808569548969,3.0701257776516386,2.681839026330323,1.8312176317604185,-0.9928391650747698,2.5376335026059404,2.6296454547138155,0.8296241925713188,-0.40422162377297194,1.8215257189024046,1.4919915546130096,1.9596952261394684,-0.3080996282597017,1.8296483467766125,-0.2733599805917721,1.8341446097455492,0.45517705702730815
0.4720624555452598,2.3529763502529297,2.231136757836948,0.4213537959626362,-0.766360482508043,0.912235379341332,3.298245573022072,1.7361471146715848,2.01439633497414,1.3823464115049044,-2.7348115711413445,-0.0304305112096189,1.2361937732959238,2.250640303202426,2.759587912691429,2.02486669596395,1.6979105707529918,3.2676930342253985,2.827127469055762,3.2026483960975907,2.0,1.038446366627408,2.993940215305407,2.2947185682423052,0.6722881057367174,2.0727000464680967,2.708684687969194,-0.4630447748825206,3.5374905612169796,1.6436704955776869,-0.7780778704146605,0.2966211206660441,0.03900602661432298,-0.023244647901042192,0.23379973960367417,2.5413025017799287,1.5000427872847286,0.7355838052917822,0.8962907247695029,2.6485673714902047,1.1594905628583214,-2.5559877833537743,-0.9137846826193134,-0.5375340995390621,-1.3643028872764518,0.009917609764147114,0.897362056762663,-1.0638793507212347,0.09014992520480053,-0.8789363535832959,0.6749256974063997,2.208969675433718,2.103896528621757,-1.0995216082669195,1.4520230130877778,1.8451155926909255,2.9842683103121455,2.245775477711218,-0.12710980618245232,-1.5746898530636892,-0.8230672459932713,-0.16036756671969798,2.8727005010566558,1.1100179356601865,2.6094237938579337,3.1792392021900335,2.0939838879022465,2.449290298702329,3.4118041453315175,2.9711491181929275,3.4487817529002975,2.022270261509384,3.244012039751775,2.4099975759904417,2.815082242236837,2.1508999963273956,3.5389596091021454,2.7658712968686547,0.7985386996996153,-0.12065751300504382,2.68778740691395,-0.808753871516231,1.1930447884849116,1.205758160210879,2.958692449039049,2.0907575690407922,2.0605980266458452,-0.452016883615463,2.0653812400734664,1.2563361475379335,-0.6512775747413699,-1.0852695346517105,1.4398238453585774,0.4347061625159782,1.1049027658018806,-0.8466110088331327,0.3848094222124723,0.00914857985441353,1.210076757828471,-0.4828427757395254
0.6024343779207696,2.1141462127042976,1.0820678359059341,1.8287500524944003,1.7083262000800998,0.4245778769807823,1.1682003694536127,1.2996388723051897,0.5148131650573885,0.9374390631997044,-0.659183641290653,0.3216224647069111,1.144524591894781,1.365894662978169,1.590684831099694,1.8769087681936445,3.0507753913890863,1.3328957208345906,1.8995475533383868,0.2823554565317329,1.038446366627408,2.0,2.0845105163993485,0.7198678283156014,-1.2878667409392899,0.9678052300641744,1.169302282227909,2.4096270716423778,1.3003096325560421,1.0733343150846586,1.1011076576929875,-0.2674778897905741,2.0169165888994947,2.2142269387448037,2.854973731250351,-0.0324446465133272,1.002159542972806,0.2951339715129294,0.509648327802561,0.14834026644875808,0.4379874250959865,-1.251542546333841,0.470600587703759,0.1402109860008225,0.9626404149454377,0.1888270580177793,1.2414378204502972,1.84927079723227,-0.3176984271026723,-0.29549968466404686,0.07718212130674112,1.3947617724084571,0.5198173401728222,0.7978871723795948,1.3812838193875523,0.37396533974689405,-0.017354009336957785,1.0380727393966054,0.7874011286548919,1.1186755244881639,1.2473061794564042,1.9683227921451498,1.6116860420794235,1.7048343002280741,0.8030217674663045,1.16610562750394,-1.0471367502450009,0.85744226128074,0.5516139973282264,0.1108263014176234,-0.15446221857259818,1.869351982024313,1.4284279859272235,-0.39120628281422665,0.026380315945715285,0.5719295402700163,1.0190540220121682,1.2223830653787293,0.8181242192200366,-0.8794421558055865,-0.1728393664684987,-0.0466748315562841,1.4878918457222399,2.028443560922358,0.6041877849810484,0.8124660815329857,0.7337128836304796,1.8927411460387746,0.1268404417812394,-1.3881933751662663,-0.6090733168761833,-1.0643238435459341,-0.9440456482613698,-0.17335413873090497,-0.812478157332521,-0.4205208981996481,-0.8509246241828368,1.4941771940727437,-0.6861703372509276,-0.9747967506273796
1.440840665375549,3.104407565017408,2.0900741308983743,0.4991769198011684,0.026527082879212294,1.0151363689738824,3.0444561849210574,1.2123212197912934,1.6458897398254648,1.7417686383832165,-2.6071471980337693,0.028376804202579396,2.1288465023825887,2.75333984132067,2.5210848393187817,2.7709340811787064,2.087320546087274,2.830917735358586,2.3486155551484345,2.8575712083477764,2.993940215305407,2.0845105163993485,2.0,2.423760416473043,0.6772063258598622,1.7749738323081528,2.6641797589051057,0.815356399259643,3.0519733178067945,2.6503314012398853,-0.2952848919691349,1.0203631964839062,1.208853321936523,0.4194890058413169,0.7661797452701857,1.8469537175456678,1.137119110019561,1.6879175518300573,1.7550743503924668,2.5814288924205187,1.5490925975661265,-1.5151320569553894,-0.7333579787299143,-0.46001281062107907,-0.8148918053576865,0.541971394315915,2.0076465112315507,-0.2980582082378237,-0.1253341724795981,-1.0295252734842248,1.6486410343368587,2.676372464733015,2.4080346865857547,-0.9298402375410517,1.5831015770014196,1.576383783848467,2.0115079386668686,1.6878318856484003,0.1903014634914682,-1.2149875037604745,-0.2928097238372042,0.7096679374282531,2.9607155965936527,0.623944949382913,1.3877531701243537,2.83822752093885,1.7994947197809,1.1431638138582232,2.2537412547681512,2.278972783343642,2.417774331790828,2.5768533069934496,3.3080122926141415,2.1498636130081494,1.873824079540269,2.111322859658788,2.870307797929401,3.128088004695572,1.0948883011804484,0.24215880467335998,2.17963474756552,-1.027031261540161,1.6995753175616715,1.2163954351707347,2.5750438865014984,2.3968807468284927,1.1349052201651473,0.504295943889959,1.431640088898169,1.2162885524419331,0.4480798932838301,-0.5226528520395395,0.9186177591995535,1.3243241695386792,1.1292199752516747,-1.0021065028143048,0.1742019093923532,0.4635431982996448,0.6877644558891534,-1.016710817372066
0.1825543498693993,1.5441152597865515,0.9919058714783998,-0.5172416433822655,-1.0837618504328037,-0.3849551620378044,2.0845910774959826,0.32001253350641023,0.702637209051634,1.4223298215686295,-1.8018446490531081,1.2740840489194818,2.9496654841002163,2.4969865925920827,2.1167428500524124,1.663205755910835,0.49397340707487497,1.3551939217967444,1.292077384939211,2.235878636590583,2.2947185682423052,0.7198678283156014,2.423760416473043,2.0000000000000004,1.3495153287276884,2.0914355721691313,2.2752448667294627,-1.1333964343435867,2.2260271134115817,2.6386974289424434,-1.4889819496492502,1.3280334946472547,-0.4902267647508787,-1.4436860487701768,-1.1095136738448852,0.878201000176674,-0.17364274864834747,1.7910296722962424,1.9664118234557366,3.293805080976894,1.0408856888360087,-0.4926392847795392,-2.0208462851011992,-1.0175957740981614,-2.5040893660237695,0.015746357776879216,1.3784011819063673,-2.172352935339801,-1.9377191344652922,-2.0276468085524963,2.358549231627448,1.4693884916246351,1.871728599092119,-1.8113502164765496,-0.175230607085364,0.055756812299492704,1.4610503513960398,0.32569021673450615,1.0976685528843082,-0.9395756759186333,0.6073893526786889,0.8098554954889351,2.8035051128046886,-0.35360895588285707,0.18464763128710932,2.3396678850613255,2.320522087467754,0.26746165370941866,1.488120472346336,1.1313904483216581,2.1756235394112786,2.719633608053606,2.1170552206141577,3.168711901162815,2.6800881059635495,3.204984691583208,2.250035678249213,2.7358217645206846,-0.4654236813840808,1.6105812511164148,2.720833794226376,-2.215421681163832,-0.39223968265034104,-0.7755909854577072,2.4263488988044997,2.0893627854572348,-0.2479587139425505,-1.5494000749629275,-0.3527575779315395,2.034907094580913,0.633052366971027,1.3536426874504102,2.5334172121789242,1.289835762133777,2.752569679536794,-1.3164297197858468,0.1764906884280039,-1.8535127607889892,-0.657815509323157,-1.924200147672002
0.8312342867368951,-0.1330658238006811,0.31617369641950654,-1.8179726409705932,-1.8130499101098616,0.0809350823524696,0.6289732861568522,-0.7352017873830289,0.2635622844012494,1.955852539473443,-0.24072848543863545,0.9807681066748697,0.7293262479048725,0.6550984263259603,0.2341723566280736,0.2031760927134892,-1.3717995719933194,0.48167276213058896,-0.8191051346068111,1.015550594241051,0.6722881057367174,-1.2878667409392899,0.6772063258598622,1.3495153287276884,2.0,0.9151506945602725,0.5446829160526048,-1.0582064636250852,0.43885784837846986,0.8547860913649408,0.1539663672733641,1.3011747453387579,-0.4235468872747153,-1.9573878386551042,-1.5532514078434743,1.0893879492709722,-1.041449522248859,1.4255146883833196,0.23045959189606316,1.305299514581028,-0.12636008314280828,0.2968954167779797,-0.9096069181970542,-0.04886460650127791,-1.1508147824469466,-0.1644886976894311,-0.3987777766108799,-1.8131928490781442,-0.16545564297986606,-1.4514008567763963,1.5429773583993844,0.3978487278711711,0.5106314037858919,-1.7650627093753775,-0.5186763631144242,0.2797002397251819,0.6239537139543235,-0.4583745793284332,0.6074268581137027,-1.3921856504685668,0.01958067847086771,-1.460713594319509,0.5741824857342016,-1.834819138558124,-0.5017030779562367,0.5348367380438926,1.6520816658798445,-1.0988084789225732,0.3073986080665418,1.2259323062986283,1.3197055267973115,0.2106606196984666,0.756953381172363,1.955636888327186,1.309056345213605,1.613795875645766,0.6487382454539867,1.008656068103736,0.24455031417422407,0.9667811305898306,1.216661729206853,-1.4642143506207024,-0.4278965912839879,-1.3625615989421127,0.9079233594493368,0.804129141262772,-0.8676894979197143,-1.2170317411072906,0.3378506149177765,1.5441779865161283,0.9841520076278123,1.3572958008763192,0.6773201645196525,0.7219517687663632,1.4733712960484158,-0.06768775601762281,-0.12555070724741338,-1.5467160410584542,0.3825341308400832,-0.9302467965516902
-0.5482538713848559,0.964373088658659,1.3878910738535855,0.6479845014054377,-0.37886482853238324,-0.5166906632819226,1.1441226351105236,1.744900840956649,0.9791966601463282,1.3616794590760848,-0.9934062394250768,1.8307865493238502,1.8230023350182951,1.7180797642813341,1.2105585839208453,0.4501671496375734,1.1250232298525145,1.0440962264207436,1.4341538552025475,0.8938083566609156,2.0727000464680967,0.9678052300641744,1.7749738323081528,2.0914355721691313,0.9151506945602725,1.9999999999999996,1.44322271352081,0.0385322127354191,1.608362796105992,0.9858237230470742,-0.5462742667603722,-1.270084144965089,-1.3754415462236798,-0.9359212971089704,0.2648728508326037,-0.06111914351081822,-0.3019872792478979,-0.47514005117783625,-0.6564436279644965,1.1552109845750853,-1.512534282911938,-1.633129049242827,-0.37363152207045947,-1.1581942043702518,-0.6115556063659674,-1.4896389547060642,-1.1305411212343015,-0.939237503516623,-1.5938315119829305,-2.3457992900993814,-0.1423508930088713,1.0067662145575034,0.19540600116975446,-0.06478657700901119,0.3453113798894178,0.3003195882949035,1.40087465297354,1.1479407231735625,0.7211252749984709,-0.5794485822014814,0.9737714936295023,1.0047508742079465,2.173337537690051,0.628383256514506,1.161569255891792,1.1011145446160144,0.14405716285250197,0.9251013701331079,0.9791733902950046,0.5166711522370822,1.1519077842224792,1.6784134102163177,1.060236254489611,1.6450707121164356,1.2169500294431888,2.485631248916171,1.6213025089393205,1.8592438770839643,-0.3355701894110181,-0.8997001947923118,1.207344674320588,-2.215513392039562,0.2412774641323972,0.2531195210366735,1.5928396428032723,1.3457262410624056,0.1758902530663871,0.004029773438014028,-0.46707727063283755,0.011215510938726608,-1.5723367906830095,-0.27525600669671585,0.26065462386184546,-0.8552512008642158,1.0951716335757513,-1.1100696967294772,-1.0154434549652827,-0.8326794037476448,-1.258545251012581,-2.122389785413519
0.39938270659487984,2.4058687419542903,2.3012688961897294,0.47543988395250697,0.04073541544645409,1.2591907834769682,2.3320843763915144,1.6146154298687092,1.8135085792948007,0.9508962556796947,-2.1885871260612744,0.3808161931688276,1.6036159653062614,2.5397572979361276,2.706602800220599,1.8474184772153324,0.8820202426578164,2.4632148845438864,2.0431909373868096,2.7245076744520755,2.708684687969194,1.169302282227909,2.6641797589051057,2.2752448667294627,0.5446829160526048,1.44322271352081,2.0,0.5861977680500454,2.611128009806347,2.3126675424119956,-0.5730579704550204,0.5737090006022402,0.2913731112153402,0.03166197992186287,0.4788642353345599,2.155128074391432,1.3493970161531874,1.2703915297409751,1.0346836327844011,2.2334314635845063,1.7332458193795481,-1.0492992308508318,0.02918304691996565,0.4207918216342409,-0.8343842249716464,1.7327373442663614,1.9732316861856245,-0.36076364305681285,0.16880794827738446,-0.29014870102106893,0.8794163114799952,2.4385732137834326,1.6711274047175522,-0.8355446632385769,1.7228869240082982,1.7417202056869259,2.3438833786527287,2.1541200647114978,-0.02932292756395999,-1.135937137609698,-0.1975218647550115,-0.2073947381221718,2.83624666967385,1.2134327681342285,1.710796237996477,2.817456918425374,1.8235022892539772,1.283453700765019,2.2721147511215154,2.0418020414394187,2.2988344132377803,2.076058958540054,2.7092349396553126,1.9175928061399863,1.8840295756618477,2.16958709987705,2.6415038655150758,2.716010913303851,0.40978166108436304,0.2271652030104196,2.0145059301067603,-0.6416741027372748,0.6333954653114215,1.1100387973746029,3.3070857764116863,2.601378190743584,1.1500816869153518,0.2427942174143331,1.5314922777086122,1.4156999827499197,-0.3826508649915932,-0.44923466904938514,0.8384230678253832,0.8610661328053728,1.5666158658906455,0.08319697048776689,1.5080084806349212,0.36987629668132016,0.8355461252752909,-0.3390842410945554
1.107649468732543,1.2895446128102241,1.1598161264605618,1.6862428552320936,2.4681279826174385,1.588098989748862,-0.2462104705200968,0.9417767654954734,0.5784934547636598,0.6677204871362018,0.6939593089019327,0.10087123960024588,-0.09844284189725439,0.8785192150831675,0.5658138547531515,0.8983241603271924,1.996412050062079,0.3303809337226556,0.6391899555735645,-0.88179442572818,-0.4630447748825206,2.4096270716423778,0.815356399259643,-1.1333964343435867,-1.0582064636250852,0.0385322127354191,0.5861977680500454,2.0,-0.06168783030695532,0.7202391568388293,2.136706837671615,-0.6757487628552145,2.3353798974973747,2.259852561084596,2.861237099107311,0.07156264115719993,1.0593631049005559,0.019939486930689088,-0.4680084438656946,-1.1960705174780257,0.0585138549552279,-0.17185512931539818,1.5944101294718744,1.5867028254485671,2.3781717606013446,1.0095494795436621,0.5761331612866959,2.856169855127369,1.3678145405168587,0.962575639198739,-0.6856111962176322,1.209901494442532,-0.3836900332900947,1.5008950982582494,2.05184712923284,1.1461456486433759,-0.4050120816010572,1.2580829378099794,0.416963975450685,1.3770441999533545,1.2985789509626373,1.305892730832649,0.6623131650519014,2.0541503679409105,0.7716330546251764,0.15944010053684454,-1.6479587488762069,0.4309877517401022,-0.2421587508067856,-0.07980362192446482,-0.86358506095675,-0.03637152099029259,0.7391391884665899,-1.4610101091632446,-1.3821168751605766,-0.4649681840827543,-0.14246574117108363,0.7278274232421521,1.306482720627223,-1.5341073044402136,-1.46690832703699,1.1508235638794266,2.0702118627451433,2.0943631458803846,-0.1438709722851827,0.1116703868056747,0.8354509404819561,3.358490132610024,0.7053543061422143,-1.6255980454565377,-0.6003120286506801,-1.512454479640673,-2.215230211159091,-0.09616327960992654,-1.833819291705947,0.9750156081192384,-0.3171941948275468,2.6537666254145282,0.3776548338239317,0.4426002184837141
0.9449721474937749,2.5762260282434566,2.1234442335972847,0.5166035645844123,-0.3903678311348473,1.0817198345919028,3.30374762233354,1.5010968779290437,2.0098467576043415,1.293532199310441,-2.9873700652596056,-0.6090890427688715,1.1659305295091587,2.104632821149552,3.0120687359596774,2.3502055434164624,1.947960125283803,3.268966294643256,2.812495709965666,3.3017196849324453,3.5374905612169796,1.3003096325560421,3.0519733178067945,2.2260271134115817,0.43885784837846986,1.608362796105992,2.611128009806347,-0.06168783030695532,1.9999999999999996,1.3721501663465472,-0.7560704519778887,0.3932574474770074,0.4743524721943487,0.4028825889841605,0.5588420387434077,2.6819043265654154,2.274072499442748,0.9332040807928581,1.20913286227951,2.668815868132907,1.7630941042782324,-2.0687126432830145,-0.7814454771239385,0.0964780038682663,-0.7893693868462551,0.6952434517876565,1.4018956241508949,-0.514786149320402,0.5373968434643408,-0.19549167257515718,0.9039799422639649,2.4071070784507675,2.1698616088514857,-0.9735182110208567,1.6740041006453679,1.8655893692313097,2.5635907033816,2.126940144928085,-0.3895069304361777,-1.441758475682811,-0.9484274548157952,0.2962119794718273,2.7984792296318943,1.0498480089262683,2.1969830118959326,3.2544873573021507,2.1678362253127417,2.4508059501453476,3.044556800819475,2.6933062050394594,2.9740797774362395,2.195712645809446,3.2676333007698695,2.209060141717671,2.5829640102022084,1.9015417628181002,3.6240690648084195,2.5477089403494872,1.2544078687578937,-0.0642522965387877,2.6199006180923496,-0.3947330036819755,1.4754403716982882,1.5919728625337377,2.929860305792659,2.4512456291442914,2.5545193386932903,-0.196909651558196,2.3753465543002306,1.341358131048711,-0.21289458066595668,-1.1456544674561806,1.314303884701801,0.8467284028507983,1.099298734079177,-0.2578274922182629,1.0534390063749715,0.5824521538798642,1.5138821877732205,0.09646681874521859
0.8511576559925799,2.04781844507666,1.669852251433206,-0.4751680984484285,-0.041034382487888044,0.9809497362767459,1.8517399204843188,0.3002093725957636,1.1454615399028358,1.779543744718257,-1.340844574588732,1.180675413895695,2.903484589784691,3.08137428549448,2.0527148486053512,1.8852251392170993,0.3598431513084268,1.2516362600900068,0.9251572031334536,1.5261031333439035,1.6436704955776869,1.0733343150846586,2.6503314012398853,2.6386974289424434,0.8547860913649408,0.9858237230470742,2.3126675424119956,0.7202391568388293,1.3721501663465472,2.0,-0.10628602511062882,1.5599441372060956,0.8387065406191591,-0.5462842909243163,-0.43613549167983756,1.0025237483335399,-0.1530647100702003,2.4343491306972664,2.1491150204039626,2.522892089044216,1.4413027975177797,-0.2077079453228427,-1.1135868342924837,-0.02808691298880517,-1.4467624289710894,1.0857117583739169,2.144098862016248,-0.8967615879931843,-0.554642076185726,-1.0445353576343575,2.023775049284973,2.0687254123412444,1.7044269151565556,-1.3874298332697426,1.0322087590914624,1.0750541777734433,1.2786782611517526,0.8955317622509239,1.358253197053126,-0.3118873834506913,1.18066962766417,0.9144709015753052,2.694953601569387,0.3230720063556885,0.013001324779058196,1.9645410685146238,1.7525185836082682,-0.013558628700223303,1.1183775724689708,1.0230781626922627,1.6154834515854022,1.6606383158071847,2.331663953876201,2.124445450724326,1.430093536281544,2.1930388860569208,1.6038930294823097,2.83347710730155,0.2780109915853412,1.1222754875899363,1.3565512284604742,-1.4270079654277488,0.7379297710626708,-0.5701337700223172,1.953839144895427,1.7778740093109224,-0.4488663300354936,-0.06396600637708122,-0.0372584206581972,1.4788054912114819,1.137528788841192,0.9554846675074236,1.5360065360142832,2.003694328397489,1.5019327871077475,-0.7531129832365179,0.19667259283173824,-0.4429234265548528,0.06713330376890221,-1.1625256633811512
1.1624874641180947,0.22106917982477223,1.108219384109931,0.18576982070435796,1.226415297536654,1.464744263835655,-0.09612275261982067,0.4680209264110339,0.6451145176718188,1.5169036331729957,1.093496719498662,0.9696925326040102,-0.8070769662003108,-0.0916816476053458,0.3161673187998387,0.30517393469641224,0.8890735161924468,0.1929413131977389,-0.2132514059592407,-1.5927449482734217,-0.7780778704146605,1.1011076576929875,-0.2952848919691349,-1.4889819496492502,0.1539663672733641,-0.5462742667603722,-0.5730579704550204,2.136706837671615,-0.7560704519778887,-0.10628602511062882,2.0,0.020606174622836204,1.985210073384673,1.2642181882091152,1.6700244940067757,0.3282168387197978,-0.0950456801664935,-0.04376216551855505,-1.0112802268767676,-1.2116191390723032,-0.3313614854232973,-0.43566566357936787,0.6517195978832537,1.7683545737135562,1.4966644214023768,0.1758047755360923,-0.8196757063589499,1.7130010058209926,1.2776431375785775,0.1253212211634065,-0.5025795983692483,0.7335582468361008,-0.9737477585008307,0.331758768997532,1.4195871236839765,0.9010111059998813,-0.3059859574571749,0.7601682936550962,1.3671325110122186,1.5174808636252444,1.7464318057859063,0.4074222798537866,0.1311990874198673,0.6868038511676363,0.012883933289630098,-0.1482812929334892,-1.2394099755097132,0.0316239833033369,-0.3464032826843402,0.2508818033549945,-0.6751340019759173,-0.8221376858637399,0.33606220146559285,-0.9756791306133463,-0.5596606710427522,-0.5530015796448218,-0.258577634912312,0.08098150905845941,2.083870245108659,-0.7852044844700952,-1.5662771874234491,0.5319345109238716,1.708987035540229,0.9187571008698987,-0.7757567847900337,-0.9410680815647191,0.09405159316566108,1.735429526806742,0.16341335175898059,-1.9869594976263816,-0.5777691786720558,-0.5556525283547903,-1.6524003087088608,-0.22061458341582763,-1.7701686012201105,1.2693768646466594,-1.1924023566350972,1.435895904345599,0.3104201611093772,-0.0851005807517166
1.3105128417529945,0.5656352889444161,-0.4124892914050372,-1.9511558952274848,-1.3660589562936183,0.0047193361815691115,0.9987783819654521,-2.054833339150717,-0.46080754564926085,0.8544525487714476,-0.5962568894893165,-0.08827619494409239,1.2147032724976112,1.0421572855113455,0.943499313407404,1.4874536551031339,-0.8036090031405989,0.5642021778437675,-0.7809360903474,1.4937918518232385,0.2966211206660441,-0.26747788979057396,1.0203631964839062,1.3280334946472547,1.3011747453387579,-1.270084144965089,0.5737090006022402,-0.6757487628552145,0.3932574474770074,1.5599441372060956,0.020606174622836204,1.9999999999999996,1.6005557842847224,-0.9672633802247544,-1.541059217477042,1.199511827321837,0.21474166565330066,2.8329234544550763,2.4987481163122736,1.742521523339464,2.2020790989070727,1.2942731396793643,-2.09922420624415,0.5900845038061877,-2.014416530735651,1.5957776580882896,2.0385888071877214,-1.3125046395936346,-0.10224988856482303,0.30464203177025573,2.8217393235325963,0.5074538475747761,1.3251416327301324,-2.4022753695632937,-0.6631617429613947,-0.2556298012114727,-0.32900289846781705,-1.2199944791161246,0.6070200231790697,-0.30966253156507906,-0.1896185189595826,-0.6183208960806484,0.5358922446632837,-1.658152442071117,-0.8939163640220258,1.4082192815447039,2.0452777638646094,-1.4567388145274927,0.32481129051003627,1.0848388468428918,1.0028649366383449,0.7784472724040583,1.0442359282028322,1.3038228195077608,1.3075806242548822,0.5948748046714585,0.6279173628175059,0.6543479065382403,0.25183311183914436,2.9577716127784344,1.4990327940280572,-0.0952022600552483,-0.5619384636444402,-1.2194718996924103,0.6856789841044876,0.33098234783988373,-0.4503576420535059,-1.304437501848717,0.4874268743103195,1.820491078923998,2.6989370641464223,1.7461259438495131,1.5921616751104648,2.3664496455361346,1.354872915741949,0.4148213217446931,0.7725146101814089,-1.0771629223066184,0.9449714044214812,0.2150856566318826
2.416554146854347,1.7139707018130637,0.9362136250323292,0.2530357534917106,1.1167251944370196,1.875024434235216,1.0031707475316902,-0.2301680608505659,0.6107958928452935,1.4760275268243908,-0.47625348391094136,-0.7140768149508037,0.1384928556215343,0.8599888570284752,1.0771332007635324,2.0812435978652655,1.780441478006642,1.1140915508950973,0.4017333791333161,0.3538733925081544,0.03900602661432298,2.0169165888994947,1.2088533219365232,-0.4902267647508787,-0.4235468872747153,-1.3754415462236798,0.2913731112153402,2.3353798974973747,0.4743524721943487,0.8387065406191591,1.985210073384673,1.6005557842847224,2.0,1.6293792789685937,1.6046237078567835,1.122911818047491,1.1150747622273869,1.6660458811871237,1.3301090003493528,0.1244593844728901,1.7605143706436488,-0.4390420364111541,-0.4126704068064959,1.8832377835001017,0.7829530114920884,1.7051371783254743,1.381511565790178,1.4537307025759683,1.5179715537157428,0.9184620035925234,1.0865893717856712,1.3321768966874523,0.4778159386012836,-0.43600704973776505,1.5038370938608034,1.217935284377451,-0.5337318250489217,0.4539765785202966,0.02719469423030199,0.7487851067287467,0.24969236133234543,0.5045431599900814,0.7389644052010237,0.329144464589463,0.2604911835809192,0.9157428174456831,-0.03623797184186089,-0.16074607666852558,0.3054148098116854,1.1746554300923333,0.0012957760494882037,0.4665834825183714,1.3997239092651597,-0.47702683074124375,-0.45091207739369477,-0.46383565668513127,0.5317066311682604,0.818599821987646,2.295843747995093,0.1337206362645342,-0.1936340021719756,1.6244358087953559,1.9834683233204689,1.5890909113679608,0.24953401016717253,0.2488058410274911,0.7510393616805554,1.761847227632452,1.3041983234295107,-0.3933386893680051,1.008667129296739,-0.8666977925056791,-0.8694885539554741,1.101662753520501,-1.147865768124975,1.356969516742631,0.2561053541327014,1.7218710066094949,1.4873503371239907,0.6975097570391735
0.7771226414205056,1.3010331750786888,1.020372504190981,2.263135838206465,2.654009783134863,1.562210294592607,0.6254950802461233,1.4324838307161551,1.1284151458726435,0.03352372559235818,0.3824749205756462,-1.036289617329844,-1.237798141834575,-0.4037955955402407,0.5362896366888401,1.430244252181179,2.3340953202157673,1.208228705974152,1.6787631245039303,-0.4920900897540227,-0.023244647901042192,2.2142269387448037,0.4194890058413169,-1.4436860487701768,-1.9573878386551042,-0.9359212971089704,0.03166197992186287,2.259852561084596,0.4028825889841605,-0.5462842909243163,1.2642181882091152,-0.9672633802247544,1.629379278968594,2.0,3.310806941373665,0.37869439315365805,1.5464092686092232,-1.211236968832909,-0.59679056187256,-1.424922124346372,1.1106141620064405,-1.06835690217926,2.1272287897618694,0.2738984187379404,2.4806004036915876,0.149320429803381,0.8584747060881991,3.2719890541694494,1.9173378701813402,1.4840720190155972,-1.4168378278424054,1.1633608483981173,0.7253697655242215,2.2849010860388717,2.242666993275334,1.270145809404754,-0.008847233192650093,1.620837652395317,0.4876569258371878,1.951919662030461,0.5270481984141355,0.8213759858538034,-0.4413465837717565,2.2532940672698274,0.8537230700818608,-0.023848762196862716,-1.6490753951889467,1.5492924600238203,0.28427058094817625,0.1194891939957644,-0.6265303175988333,-0.5431361498142665,0.4847465733801788,-1.8631057233656279,-0.9593333671640542,-1.3082119953004987,-0.0790051413290875,-0.4030760477298853,1.0175193543542136,-1.8982965021157576,-1.9077301608921133,1.7007062004985385,1.879795747815364,2.3865218443323206,-0.8988981379029203,-0.7149001498872604,1.4745789653293038,2.400487016342495,1.0468645239214212,-2.3851883473631412,-1.0363911586906693,-2.035481795710127,-1.6493800868037458,-0.5944012391946766,-2.651551315192519,-0.2225375834816313,-0.8021530481940106,2.9735177150185192,0.6480645443175509,0.7161025339446664
0.5353522980113241,1.437971468164469,1.302154000161107,2.551767024211649,2.580965871298774,1.2808043363093398,0.4042583550680557,1.967609222381122,0.9940257897426782,0.44375479477575974,0.1854603997798449,-0.2653780212248979,-0.7361435061664703,0.030007852329269308,0.6163278947638003,1.1513887128820677,2.6292294411064,1.0303925531225235,1.5917998772414417,-0.7075891714520481,0.23379973960367417,2.854973731250351,0.7661797452701856,-1.1095136738448852,-1.5532514078434743,0.2648728508326037,0.4788642353345599,2.861237099107311,0.5588420387434077,-0.43613549167983756,1.6700244940067757,-1.541059217477042,1.6046237078567835,3.310806941373665,1.9999999999999996,-0.04564618892637079,1.1806576300786629,-1.3113849014250092,-1.2323894116357552,-1.517783259407576,-0.07206778735670849,-1.4948381536667172,2.24347357841834,0.4187900652611498,2.6330422663890602,-0.1629712235533731,0.15167111898487623,3.3023722181179274,1.1658736978045443,0.4975424869008108,-1.6795257297493618,1.2177599620608848,-0.07048419514530138,2.366963808602808,2.2431449664981584,1.1871936318693836,0.0595949660808872,1.9000197705967565,0.41164089903761036,1.6534983821651732,0.9357316601803686,1.134447276184276,0.38444090280428594,2.5413513226804048,1.3433475974528268,0.1026220466807996,-2.2183629937090115,1.4643011047255514,0.24113099922699263,0.013938455894215482,-0.7433604038957929,0.20954166701044924,0.5990595050082382,-1.7268687830261673,-1.100252256400021,-0.5871910618577744,0.14610462551063388,0.15037202128896457,1.0269794117405018,-2.4088518150722846,-1.6847078716446924,1.064936602837067,1.9185985991654653,2.893522861837952,-0.3307865007897974,-0.1752107383222312,1.2481282984493576,2.982580719933809,0.6872689282182984,-2.6888271683062017,-1.77154634839414,-2.2337972048123937,-2.3890209885987326,-1.2459161029692214,-2.393504074870724,0.07841406709019151,-1.0493104358052854,2.8783263576284233,-0.0893787753028866,-0.09509466738474731
1.932265414576676,1.6366910622989688,2.1949758769711734,-0.6296415814952874,-0.4756511498569035,2.2401944589598752,2.7181273358163454,0.8354881816162902,2.3961863439707454,1.1948093708315113,-2.157878799248561,-1.0589391920630755,-0.17820792475404168,1.3858625818933605,2.5806554199357277,1.8906728249409257,0.7599769502597571,3.2195146978619387,1.8483288099562525,2.864853788528447,2.5413025017799287,-0.0324446465133272,1.8469537175456678,0.878201000176674,1.0893879492709722,-0.06111914351081822,2.155128074391432,0.07156264115719993,2.6819043265654154,1.0025237483335399,0.3282168387197978,1.199511827321837,1.122911818047491,0.37869439315365805,-0.04564618892637079,2.0,2.4479354960587454,1.3136527161451683,0.8441416192747941,1.778832516576435,2.3728949813922413,-1.2996002037945453,-0.4532207485034705,1.3686621952486853,-0.369737714744662,1.6036726367886682,1.1526141741071039,-0.3706200034840404,2.3214408287966566,1.1046684404408518,1.0685259190883545,2.181977409103575,1.6835303286368628,-1.5072751057615563,1.968591981591481,2.5418618699910684,2.363641788970238,1.9406674649794087,-0.4658253898690141,-0.9798975791599145,-1.2700406822652504,-1.2072874855677584,1.5625828300378608,0.6372874297590906,2.1360715391553287,2.8111990645910683,2.3760362464220703,1.8710920336340782,2.5487315543251055,3.221098601702964,2.831619386948011,0.2710504096291068,2.807529761675717,1.6590719922241408,2.226408526412425,0.641640209050288,2.9072739493362922,1.8966939447032436,2.1334692514594793,0.2894433150191938,1.7362432057033084,0.692537975070453,1.3747869463869449,1.0292608509565995,2.29392000776624,1.3964450689055647,2.5159233790409523,-0.042512612786953605,3.262124550152098,1.4148696408972465,0.1830675448491833,-0.9631807806381831,0.8800254733143194,1.327404783447716,0.396446641696638,1.0020121256426158,1.5352003227363646,0.7874731235565421,2.9762686289246534,1.4982229273340142
0.9338067018427365,1.1500114711885008,0.9086479539117307,0.46188160129445033,0.2986521822629675,1.0213270729915036,1.433175673383898,0.4550578578533358,1.0874855022469863,-0.2031858605907648,-1.2780686852519396,-1.4875101001474893,-0.3609481401462559,0.770862164402741,2.277737257503502,1.235088618615671,1.6621679121764352,2.145997857612323,1.8328225123558903,1.7862698969460846,1.5000427872847286,1.002159542972806,1.137119110019561,-0.17364274864834747,-1.041449522248859,-0.3019872792478979,1.3493970161531874,1.0593631049005559,2.274072499442748,-0.1530647100702003,-0.0950456801664935,0.21474166565330066,1.1150747622273869,1.5464092686092232,1.1806576300786629,2.4479354960587454,2.0,0.08728857271066402,0.6066311003527851,0.4806507102189136,2.059371086683348,-0.6666252389814409,0.18228508936300908,1.7289115470141758,0.7529299874619526,1.7573164437252506,1.2518903462936979,1.1264442175357008,1.9322881335276074,2.5753505126281744,-0.0807331742059378,1.106145756314589,0.6706035108946511,-0.10841619752043619,1.2346419605863388,1.0566302655198625,0.8712820670462157,1.1294301600713768,-0.61621170048728,0.15820763757318418,-0.8188323049362198,0.7927574459377159,0.9621747767835906,1.9654245936075838,2.2322906864956527,2.1068604402573503,0.7132402641965468,2.168766037280608,1.3758934994333623,1.28543746517499,1.1472761426224345,0.3501487798481012,1.6404700578478537,-0.02593417989240411,0.9953125501374601,-0.6218373484027099,2.0691874592328747,0.557789226840189,1.2564328777782088,-0.29192976167417906,0.541381499073209,1.6059643687258378,0.9969952232996011,1.602370933573843,1.1509021787033133,0.5920083324425668,3.4017207358389414,0.8961683216501812,2.6578604271661486,0.3134792384884354,-0.06874593034323312,-1.3230602403289202,0.38658818891830415,0.6953458071203374,-0.6482879353254042,1.6436340442245316,1.7314183717114207,1.7328116710032113,2.260147940231827,2.502216833162002
1.452778146286457,1.405229157914242,0.3740961682542959,-1.1938661548966478,-0.724552332693492,0.691860061774252,1.2881554240768736,-1.1939972661261542,0.20090968994588101,1.4432624653649089,-1.2797821381045371,0.100786626721862,1.7423995909835446,1.8446216994708546,1.3137483015996234,1.7051448978634858,-0.4824969701585898,0.6783570507743453,-0.2693946769318627,1.851320665940869,0.7355838052917822,0.2951339715129294,1.6879175518300573,1.7910296722962424,1.4255146883833196,-0.47514005117783625,1.2703915297409751,0.019939486930689088,0.9332040807928581,2.4343491306972664,-0.04376216551855505,2.8329234544550763,1.6660458811871237,-1.211236968832909,-1.3113849014250092,1.3136527161451683,0.08728857271066402,2.0,2.8998642314521246,2.436332139689763,1.9337445485126472,0.8467464812654103,-1.7421228908753412,0.8570372448055242,-1.4984885239250276,1.8575018893157536,2.250570748920198,-1.434444510341085,-0.03264529576435268,-0.044043164820995934,2.692454493415735,1.157199692736016,1.3071195624506031,-2.027273840158709,0.18357227536941945,0.5441482366553733,0.2237240955130842,-0.3123821239897946,0.1385485985027898,-0.9360612706572633,0.0414973428586739,-0.3836117653853444,1.4162505454538423,-1.3593444671383956,-0.8414478986389387,1.574853033717773,2.1906469011186256,-1.1703965343480385,0.5742379326437457,1.2061128453880576,1.2522696985708215,1.2112240972361568,1.6684269551308895,1.9070404080793517,1.0603223199593772,1.307227511973607,1.060775319278139,1.4643491176746968,0.6625523284866847,2.2317834205458285,1.7965455256927396,-0.3577632161485704,0.116311184092116,-0.8079870908843345,1.3973797797367242,1.714520319644302,-0.33777216410843247,-0.8327226891659122,0.721790967249316,2.3039751498934278,2.6005350535829437,1.2300517686263674,1.5207503960668773,2.404188879106904,1.7261982625224752,0.3980949761158856,1.2817695856123452,-0.86785568587047,1.012240338109757,0.13861343139521287
1.0476494479331526,1.551264935758649,0.042560502130311095,-1.0783981405289433,-0.8194035148089136,0.17933271209752166,1.3735932706419838,-1.2920421819973569,0.060874300080868485,0.6713951390077474,-1.4436497579877208,-0.4237110373313579,2.041816614301553,1.740924150238949,1.5166839982097262,1.8175861432900324,0.14336474809553237,0.7049355569105394,0.36887237056024647,1.928277731091829,0.8962907247695029,0.509648327802561,1.7550743503924668,1.9664118234557366,0.23045959189606316,-0.6564436279644965,1.0346836327844011,-0.4680084438656946,1.20913286227951,2.1491150204039626,-1.0112802268767676,2.4987481163122736,1.3301090003493528,-0.59679056187256,-1.2323894116357552,0.8441416192747941,0.6066311003527851,2.8998642314521246,1.9999999999999998,2.486921332643731,2.386505718921054,0.5998759030400135,-2.0435621232041026,0.2433014071381149,-1.8006050440926078,1.6510058585387193,2.7051171068871884,-1.2618291370311767,-0.2580388311621068,0.4213951188383174,2.440560524906375,1.1124012188762076,2.034356757537107,-1.7260685712258756,-0.03466161083625219,0.07574053291446252,0.2107107281848658,-0.5865446211851211,0.17956043348717912,-0.6320520735350813,-0.2236682997120013,0.6583012674723414,1.2036626542673576,-0.9134146505723457,-0.7836025683888904,1.719259606736015,2.076791507926621,-0.564111585468267,0.8356337406202095,0.8814664156878936,1.1819698213734047,1.5769477319306853,1.5004613870155112,1.6875597795951909,1.2044000714762726,0.9396327877975728,0.9750456266065712,1.2497017934267565,0.1893382286550741,1.976366631512559,1.6848396037532143,0.03687356692561028,-0.06823302804697298,-0.8882459261655256,0.8385605747284799,1.3207380587970423,0.03464159668459789,-1.1101566680786883,0.4025511187269357,2.065135673683895,2.6588230897429157,0.9709838184048839,2.4211108509905843,2.2219453335826667,1.3612979559447735,-0.2201758639188227,1.0694045894672537,-0.6213327781236068,0.8772329830441232,0.3872409984257849
0.7314807030513057,1.9458014883946901,1.3233034424656438,-0.8228721375249364,-1.2499208197267748,0.4636819005957857,2.6991087807189698,0.136188615839311,1.16464524579302,1.5962902891397615,-2.486816834005494,0.38171233110189084,2.4769216395922795,2.5816583695055497,2.379320716369254,1.9924957790188818,0.161951417624778,1.8843305861691113,1.4069411253251682,2.935981709345692,2.6485673714902047,0.14834026644875808,2.5814288924205187,3.293805080976894,1.305299514581028,1.1552109845750853,2.2334314635845063,-1.1960705174780257,2.668815868132907,2.522892089044216,-1.2116191390723032,1.742521523339464,0.1244593844728901,-1.424922124346372,-1.517783259407576,1.778832516576435,0.4806507102189136,2.436332139689763,2.486921332643731,1.9999999999999998,1.906357676732888,-0.7236036233307532,-2.2233827872622456,-0.42011585454026346,-2.662035492573176,0.8040694906421922,1.914495888131761,-2.4196133129717903,-0.7677183886601046,-1.1511891558299903,2.5838606777702364,1.9225578434568151,2.365190728853032,-2.338359727424976,0.406785334070693,0.9089165259082236,2.005113975928831,0.7129141980393878,0.4347923369572959,-1.6274612880747494,-0.3333679076680618,0.1061705625275634,2.787175925755434,-0.5843801479950534,0.41450726562477247,2.8487556913344108,3.289613821245344,0.6146076588232392,2.2211011435657957,2.0741607665229322,2.9174902987932674,2.345475620451263,2.7628512323637002,3.4060712708719696,2.776619815165422,2.763002649085931,2.8034252793306464,2.713330327671461,0.1624680805818831,1.8966524125823985,3.1197703534369796,-1.4387370713341734,0.17950621677560707,-0.6393446331537394,2.748766518567126,2.459518175558255,0.5042678843809528,-1.8264373837810592,0.829572867202814,2.8168064979747736,1.4642117704533328,1.074338611268851,2.922646769401043,1.9956749507077682,2.6832845547945827,-0.7073720787397635,1.1317548192788642,-1.399453619258069,0.7726050099573369,-0.7203149383215366
1.593540140619617,1.9306985540163466,1.062574316742217,-0.3170153036615315,0.18468544233829648,1.5940051792240504,2.089756552038833,-0.2205117303212103,1.1805324521177532,0.5240558971139565,-1.3697326637443004,-1.0394657497413031,0.7086012297095323,1.1520398954326474,2.0284263871206574,2.352520819792465,0.4990064038105211,2.0521104132721675,1.0635448384010062,2.2631019690035297,1.1594905628583214,0.4379874250959865,1.5490925975661265,1.0408856888360087,-0.12636008314280828,-1.512534282911938,1.7332458193795481,0.0585138549552279,1.7630941042782324,1.4413027975177797,-0.3313614854232973,2.2020790989070727,1.7605143706436488,1.1106141620064405,-0.07206778735670849,2.3728949813922413,2.059371086683348,1.9337445485126472,2.386505718921054,1.906357676732888,1.9999999999999998,0.16654458228302088,-0.4832242898462164,1.1474518934134812,-0.5060959798952128,2.5591441808252458,2.9231697074086647,0.34322139728594575,1.6427202351189627,1.7902151818209533,1.5010138594856173,1.7357581481094444,2.0605632881500355,-0.9185940645570752,1.2657927397512752,1.2810367186721061,0.8771799350046156,0.8173481119443342,0.2739234649432931,-0.018166527653232234,-0.5428525602209706,-0.214417511262618,0.9196878409162872,0.3047809879452119,0.2630672034894867,2.006398601144118,2.048899407755384,0.5083811442759756,1.143565020838202,1.4761023477420774,1.346415749947226,0.594566998699144,1.86525703347731,0.95994099333173,1.1769377791208766,0.0993256827554008,1.5611837461865719,0.8824136237685328,0.9839383764354769,1.1954243168467227,0.9636117029900522,1.1110195208956144,0.7919318276821733,0.46183781003188495,1.3008129017143528,0.914895554721429,1.3222357385490588,-0.2433794017422734,1.707534997471483,1.3810077809599857,1.527862468383149,0.14887016186431998,1.3540536528339682,2.2450777619259568,0.4673896411724698,0.6832460884030527,1.8045859942025027,0.9816779435795854,2.085723704392034,1.4442133761901608
-0.4625161034071837,-1.4705339817692764,-1.965165492337671,-0.959735114284434,0.1438397438421028,-0.9192229211340267,-2.0976991736460917,-2.2305712294977917,-1.8403445003929164,-1.360908789571268,1.7235218348204968,0.0388732915523765,0.0488500131110113,-0.8895217795497417,-1.665856124452375,-1.0332071713445397,-1.9427413946458572,-2.278283516307276,-2.3098253547294947,-1.0106763914128036,-2.5559877833537743,-1.251542546333841,-1.5151320569553894,-0.4926392847795392,0.2968954167779797,-1.633129049242827,-1.0492992308508318,-0.17185512931539818,-2.0687126432830145,-0.2077079453228427,-0.43566566357936787,1.2942731396793643,-0.4390420364111541,-1.06835690217926,-1.4948381536667172,-1.2996002037945453,-0.6666252389814409,0.8467464812654103,0.5998759030400135,-0.7236036233307532,0.16654458228302088,2.0,0.04646391553718107,0.43870532084505015,-0.105726035361873,1.1678750666452329,0.782364601220799,-0.23339171869965458,-0.5603342473702535,1.1010581465934066,0.8634189055805473,-1.3752903065747328,-0.5277056842712946,-0.1175288857160412,-1.550911786099061,-1.6442254135674688,-1.8054021022761964,-2.0955728190895133,-0.0890553256377871,0.0121122798528462,0.0956497025608196,-0.37633379852561455,-1.5929243781134588,-1.4402033678575856,-2.3269080255955785,-1.4207631260649194,0.08704673483668376,-2.342835798134958,-2.0050579517616995,-1.8165552380604435,-1.6931803347876255,-0.5617566451317441,-1.7476260742584433,-0.653656341401666,-1.234653429933635,-0.8806433902416543,-2.013055115577431,-1.4839325672392822,-1.2365566064773428,1.7370438236135788,-0.5065433443604705,0.3225244259128486,-1.6012187571910221,-1.4659725329583164,-1.2281149067345698,-0.4440013511393563,-1.5824180822447942,-0.48397288099870106,-1.2355060644671743,1.0164735279360904,2.1166490357184933,2.0214480173818608,0.1437823175865779,1.4654919854905024,0.9635210212962856,0.7057844415992167,1.1546131390707746,-0.7973220705352926,-0.8717790056602789,0.7489267390102092
-0.2734714331370845,0.1990345955463898,0.6634271541607364,2.5359290384577373,2.562539483051595,1.0015023803696357,-0.7692122953314772,2.038888187579169,0.915902027862238,-0.9133412381116411,1.1359925243553928,-0.4098441029450182,-1.8370189998470081,-1.293615212992131,-1.2085250832023091,-0.3197176673467502,0.40213135699516245,-0.054684196932483775,0.28076123031944,-1.0882027927708084,-0.9137846826193134,0.470600587703759,-0.7333579787299143,-2.0208462851011992,-0.9096069181970542,-0.37363152207045947,0.02918304691996565,1.5944101294718744,-0.7814454771239385,-1.1135868342924837,0.6517195978832537,-2.09922420624415,-0.4126704068064959,2.1272287897618694,2.24347357841834,-0.4532207485034705,0.18228508936300908,-1.7421228908753412,-2.0435621232041026,-2.2233827872622456,-0.4832242898462164,0.04646391553718107,2.0000000000000004,-0.592317473312781,2.73089444171812,-0.4169070094793609,-0.4383383896876336,2.295718351119428,1.3049249288014504,0.8068372850703112,-2.3952042473292376,0.2741150340366754,-0.16176867787995408,3.0373704958540926,1.352889661925069,1.0002611291699726,0.5150667501423167,1.6311987486163115,-0.2666816983512186,0.6497366085663857,0.0356657454084872,-0.5142622492740846,-1.300034971541781,1.5398062785108313,0.49232399617244726,-1.3717554208548597,-1.796642865375298,0.7322315473204086,-0.6054631712952734,-0.6506933648290487,-1.1423097613846491,-1.305514184398011,-0.9032839284529338,-1.7585358511734515,-1.825041633987192,-1.2000067703904838,-1.1339377186594097,-1.0316302069472811,-0.4775657928330022,-2.4191255801377496,-1.9783459747352028,0.7336046880795115,0.427283422477796,1.5924461556597653,-0.811550920627035,-0.3663201331759997,0.31319716686755183,1.9667307972499986,0.3647932021719515,-1.7042567231318664,-1.5828139322248334,-1.3535906046501536,-2.209948078131814,-1.1661966483468162,-1.4590670340571628,-0.3119640624304605,-0.285542042239284,1.9160743285826425,-0.2413820809780319,0.47677163004752565
1.0674306791737955,-0.0685563241072667,0.45363266244112316,-1.0300334644663263,0.0769699233452042,1.3462870899042287,-0.3900493431434363,-0.8374429411733112,-0.00524257909935541,0.5424391414444711,0.2010436825523164,-0.22206622238117887,-0.3530919311541975,0.3967470560706614,1.1292235040638732,-0.20983662234176992,0.2604010104344491,0.0992978786569667,-0.4521867598551189,-0.1458923046627482,-0.5375340995390621,0.1402109860008225,-0.46001281062107907,-1.0175957740981614,-0.04886460650127791,-1.1581942043702518,0.4207918216342409,1.5867028254485671,0.0964780038682663,-0.02808691298880517,1.7683545737135562,0.5900845038061877,1.8832377835001017,0.2738984187379404,0.4187900652611498,1.3686621952486853,1.7289115470141758,0.8570372448055242,0.2433014071381149,-0.42011585454026346,1.1474518934134812,0.43870532084505015,-0.592317473312781,2.0,0.9777835373784076,2.7495607341784285,0.38402904332821,1.0765001782297765,1.9166602056256696,2.0659726771946207,0.32331655831070555,0.3209194602039485,-1.3454179961838961,-0.9228043618621332,0.9409955661400649,0.6910756010496449,-0.5748846838100277,0.1608128827888565,-0.3616092098676686,0.3687232563538648,0.274522517426927,0.34922894305744745,0.5984977981264262,0.5028843561425513,0.46806231815848365,0.8808344588875641,0.19516402457946713,0.19510714823353542,0.03942193856774388,0.465979320117678,-0.2033718819892684,-0.2959356795172994,0.6765633179072852,-0.5603670841942912,-0.23953089433695532,-0.7893375240044789,0.60901547505759,0.2297214897885211,2.296286118963613,0.1929203767296909,-0.2076610182571497,1.878393374305059,1.3674538719919753,0.8714363266771525,0.5655377988602,0.24895161509909255,1.3512040749027279,1.1711397401294579,1.406591722130555,0.1328371337601273,0.5111105199946095,-0.4141931489754419,-0.6614593035743515,0.7983194045353649,-0.6065630917156019,3.3171120920742734,1.8826144829581324,1.5262682310418143,1.95218213871725,2.096802407633582
0.6585715236775995,0.1576118763095816,0.5129605398080663,2.081350691862744,2.5376570210801335,1.2512963371665606,-1.0639578368515088,1.3308797815081201,0.6274013654562508,-0.1987158097738366,1.248081141231812,-0.7861145063614474,-2.0303350224933605,-1.315531803753722,-0.8712354928511565,-0.2789582203622699,1.1475821301677072,-0.3426618035256534,0.0611244302144475,-1.576796334301813,-1.3643028872764518,0.9626404149454377,-0.8148918053576865,-2.5040893660237695,-1.1508147824469466,-0.6115556063659674,-0.8343842249716464,2.3781717606013446,-0.7893693868462551,-1.4467624289710894,1.4966644214023768,-2.014416530735651,0.7829530114920884,2.4806004036915876,2.6330422663890602,-0.369737714744662,0.7529299874619526,-1.4984885239250278,-1.8006050440926078,-2.662035492573176,-0.5060959798952128,-0.105726035361873,2.73089444171812,0.9777835373784076,1.9999999999999998,0.07223235081796389,-0.800370645503381,3.1865144053477,2.134795709947386,1.6154880217018786,-2.2775840095905573,0.16544097090248155,-1.081862605762883,2.9514523836303788,1.7392043791409213,1.032434892999964,-0.6010677779192726,1.2262087494593406,-0.48254299879641227,1.3277593526370537,0.2506119479314315,0.507834882122076,-1.3340753639013374,1.4314035689577367,0.4284684822222889,-1.442748546526713,-2.459352767260474,0.5989176185864529,-1.128544720565786,-0.9043184529787978,-1.714300465956145,-1.4678901693931445,-0.9501994237120461,-2.4790873789912404,-2.3538136751775367,-1.851233513176923,-1.1305277920187364,-1.2172980176511214,1.3485932357101296,-2.709233089889014,-2.5384180773063534,1.8002603270553157,1.8461408175101242,2.13037199473875,-1.4562209355118276,-0.7345567508149572,1.0486320147485335,2.790260578070665,0.7597210796178262,-2.3720296741041986,-1.335204316188611,-1.983368898159707,-2.87365067314591,-1.2015356439221287,-2.529865074519486,0.9525455604497954,-0.272760713323817,2.7560129346037123,0.5205537246445728,1.2840222900518607
1.0244067961126333,1.013063126459285,0.6715559114926125,-0.6659895636290244,0.0891284942997698,1.3489700963482176,0.4178006339389332,-0.5437860995780874,0.2954787341293247,-0.2449475405811262,-0.7401668633170838,-0.692885866335514,0.3975949621890333,0.9180498303391333,1.2884063964154848,0.7736753830874473,-0.2411271857961678,0.6461440782758039,-0.3046195370071765,1.2789295109777408,0.009917609764147114,0.1888270580177793,0.541971394315915,0.015746357776879216,-0.1644886976894311,-1.489638954706064,1.7327373442663614,1.0095494795436621,0.6952434517876565,1.0857117583739169,0.1758047755360923,1.5957776580882896,1.7051371783254743,0.149320429803381,-0.1629712235533731,1.6036726367886682,1.7573164437252506,1.8575018893157536,1.6510058585387193,0.8040694906421922,2.5591441808252458,1.1678750666452329,-0.4169070094793609,2.7495607341784285,0.07223235081796389,2.0000000000000004,2.368629840671172,0.5694348424115894,1.4598644582055025,2.1627153272903215,0.8936065018933729,0.981515221847499,0.2016134218563895,-0.9850898597220996,0.8864149668528207,0.9068987138593116,0.18212509431293197,0.48300333307695886,-0.8761664590483036,-0.4896827184059286,-0.5561646631451598,-0.3379735579255527,0.8289018529339147,0.24437999599435165,0.18058313437642742,1.3874746167411216,1.351312275936602,-0.3369013044122722,0.5319921809616812,0.7409634750736643,0.3191346977524885,0.696605892922586,1.0709611434389208,0.19710598444677063,-0.0670706608445298,-0.4030677606278416,0.9006715183460515,0.5478776538937733,1.3341120351181615,1.0007249008282182,0.7247894002292962,1.7855778530284354,0.7313125271535571,0.84416187868144,1.5329067382432089,1.380974277371943,0.862143124321608,0.6176633314887001,1.4062954181935974,1.485289302231624,1.4199940654637757,0.0629849050757994,0.2344206103763417,2.019901035012711,0.6957204358634077,2.483915113614147,2.99787147865129,1.2360791979303447,1.6984369397557346,2.007950480066152
1.0503694765591418,2.0394846077376987,0.5507828921537219,0.1643928723551186,0.6082603825461326,0.7996255253036774,1.4122467980439959,-0.4136785804214981,0.3300091775900688,0.021235593933650695,-1.5345802834864484,-1.0473800897568908,1.3793242002319266,1.4416210674860637,1.5412057359362727,2.114930311226217,0.35563995159893264,1.1999382008535033,0.7152371167421443,2.0013458608489905,0.897362056762663,1.2414378204502972,2.0076465112315507,1.3784011819063673,-0.3987777766108799,-1.1305411212343015,1.9732316861856245,0.5761331612866959,1.4018956241508949,2.144098862016248,-0.8196757063589499,2.0385888071877214,1.381511565790178,0.8584747060881991,0.15167111898487623,1.1526141741071039,1.2518903462936979,2.250570748920198,2.7051171068871884,1.914495888131761,2.9231697074086647,0.782364601220799,-0.4383383896876336,0.38402904332821,-0.800370645503381,2.368629840671172,2.0,0.4151773810359326,0.39434994857283895,1.1470258227709123,1.555049024341419,1.3330183937808493,1.9352758875846312,-0.4589049066060917,0.805601442413654,0.4988215028347205,0.44126148608722876,0.4288920476524908,0.023637237721544385,-0.30355916309532915,-0.39481919772354634,0.05017818314083321,1.0653579299632845,0.25332815131886455,-0.29611383140504083,1.5630306174560085,1.424510788891672,-0.23346199820191488,0.823506126886679,0.6613644499789708,0.8373061313869425,1.3941450152448898,1.5765334396861541,0.6665577081465617,0.6737326401502151,0.5155207883961236,0.9804539518393947,0.9294842073886557,-0.0001304915877754914,1.3562368489255348,0.9672023445147142,0.4257467450957433,0.30974468990764337,0.3619472068910919,1.161845126591639,1.579706706839064,0.3445878040800897,-0.08174710134113558,0.8982166370658776,1.3628434739548343,1.8617670729852538,0.5876941214981275,1.110588653356969,1.9848379929658382,0.9445466084554466,-0.2604773314957492,1.541313668811604,0.655992692326429,0.838318398330222,0.5897056039627541
0.4991210618480079,0.598744860130757,0.4578814537153299,2.0101575132082923,2.607905919127688,1.153637276125508,-0.6609483065943018,0.9365876222220106,0.2599917955127491,-0.2652166643054785,1.1198251958939869,-0.5915573044673954,-1.3585727454357235,-0.7046559114443793,-0.10942845080762609,0.39462551877505836,1.7669806800242986,0.07793891098055819,0.5063428230322621,-1.453707079381664,-1.0638793507212347,1.84927079723227,-0.2980582082378237,-2.172352935339801,-1.8131928490781442,-0.939237503516623,-0.36076364305681285,2.856169855127369,-0.514786149320402,-0.8967615879931843,1.7130010058209926,-1.3125046395936346,1.4537307025759683,3.2719890541694494,3.3023722181179274,-0.3706200034840404,1.1264442175357008,-1.434444510341085,-1.2618291370311767,-2.4196133129717903,0.34322139728594575,-0.23339171869965458,2.295718351119428,1.0765001782297765,3.1865144053477,0.5694348424115894,0.4151773810359326,1.9999999999999996,1.8767099881410843,1.7483366070205042,-1.8268684072112698,0.424292452438521,-0.6819467531331014,2.547546484160839,1.771336694825485,0.6293058040766188,-0.8642381777416221,1.0538710494738095,0.2593453515914178,1.9603909891770295,0.8217719983545997,0.9566293050993395,-0.782115523566806,2.179780726151014,0.5704325562658003,-0.7586465739687689,-2.456947522584316,0.7845141229031423,-0.7582792009540793,-0.814880705257252,-1.6674805708387,-0.9748761646350199,-0.3360559168400533,-2.6849726384389454,-1.9389207014514482,-1.8247624272462812,-0.9226458874989611,-0.9785349841470622,0.9731130930703553,-2.130903260685806,-2.5791723790524284,1.9166239903294047,1.7853871264104813,2.343005429245771,-1.3387686595045314,-1.0274355038173146,1.0307156812590967,3.093847884753273,0.578647862818786,-2.6984742098901533,-1.099053011793469,-1.7938506527480573,-2.6589321815047255,-0.9263770592450047,-2.902459636569194,0.8491889994033233,-0.46987880132677257,3.2885256881380918,0.33970800547941826,1.0155991031778617
1.9346035812654037,0.7844578313745675,1.668930367246413,0.4314188294505662,1.3731364478258783,2.889173154665473,0.7791506546242897,0.7555124416890526,1.9528253096799322,0.45370073858795096,-0.06070895572368079,-1.6628279000141695,-1.9453612934941629,-0.354033576957041,0.5872059312113148,0.8682076056635999,0.6996222471269962,1.5245980375931336,0.7710715046412598,0.4189636721217772,0.09014992520480053,-0.3176984271026723,-0.1253341724795981,-1.9377191344652922,-0.16545564297986606,-1.5938315119829305,0.16880794827738446,1.3678145405168587,0.5373968434643408,-0.554642076185726,1.2776431375785775,-0.10224988856482303,1.5179715537157428,1.9173378701813402,1.1658736978045443,2.3214408287966566,1.9322881335276074,-0.03264529576435268,-0.2580388311621068,-0.7677183886601046,1.6427202351189627,-0.5603342473702535,1.3049249288014504,1.9166602056256696,2.134795709947386,1.4598644582055025,0.39434994857283895,1.8767099881410843,1.9999999999999991,2.536158818271906,-0.7401367630946336,1.4263860620878321,0.5421612874439707,0.6575993265369144,2.479255647984073,2.655291774203068,0.9255478539676997,1.8207612161260665,-0.690825259950361,0.42722835165055856,-0.9313280548330206,-0.927710618442259,-0.5371368777215584,1.0793446129974562,1.263009748269174,0.6753876247913376,0.31778512846722995,1.4587597879012244,0.8111829816930702,1.570203690127043,0.5835066254167872,-1.8088696485397215,0.9758448126906548,-0.8357877492669543,-0.4906093809634071,-1.5719136507734022,0.6351879326631491,-0.09736341195277412,2.2839974498882682,-1.1071187686433765,-0.8822791039232254,2.3490489829977586,1.9867540998824518,1.4584494853314713,-0.1260779585212812,-0.2187604247091498,2.238602958899851,1.5227658477489157,2.8188432602869034,-0.3244629433813806,0.09613007839804938,-1.810113425241627,-0.8657530974499398,0.512456790090076,-1.776911247271618,1.6689355594053548,1.124717503252096,2.627622912737401,3.29721329944946,2.7483138320131597
0.3988389109174651,-0.26891335216577106,-0.4679106366867022,0.15179198521238602,0.780878516716768,0.9166371365442447,-0.6370976732621021,-0.7938381892559608,-0.1653737179666957,-1.3905635952614328,0.6155567822977704,-1.8215089539713034,-1.5663661892325433,-0.9460301769469199,0.17022357131590193,-0.2736126341117166,0.11834831538130079,0.0699407179648211,-0.11335851340302501,0.0847748232578574,-0.8789363535832959,-0.29549968466404686,-1.0295252734842248,-2.0276468085524963,-1.4514008567763963,-2.3457992900993814,-0.29014870102106893,0.962575639198739,-0.19549167257515718,-1.0445353576343575,0.1253212211634065,0.30464203177025573,0.9184620035925234,1.4840720190155972,0.4975424869008108,1.1046684404408518,2.5753505126281744,-0.044043164820995934,0.4213951188383174,-1.1511891558299903,1.7902151818209533,1.1010581465934066,0.8068372850703112,2.0659726771946207,1.6154880217018786,2.1627153272903215,1.1470258227709123,1.7483366070205042,2.536158818271906,2.0,-0.69623243839632,-0.3448353616620778,-0.3427131786081667,0.5477135791568983,0.630205013680925,0.4030910813601757,-0.6040566154448344,0.04748668242221909,-1.0460852799477913,0.5520105423689271,-1.0295358883710048,-0.06354531715990308,-1.1711860651802026,1.1332510675110965,0.6474697960424848,0.20510138468470565,-0.09189801483524579,0.6571347739867713,-0.12380105108432772,-0.1094717445096784,-0.46926411429448794,-1.3673604060191462,-0.2629791970871389,-1.518717230966637,-0.8122583688336897,-2.410867302423149,-0.15388233829715295,-1.3891617605889262,0.7414082455643236,0.00011499431151629214,-0.9039236668314587,2.786225709837696,0.4162925394898286,0.807491838442721,-0.5934570771374743,-0.6646489032394391,2.15643565972711,0.8919813722598631,1.910589513833787,0.07959757033231943,0.7671518524186595,-0.7836239768072191,-0.2570524809563805,0.7239696613481131,-1.2989183557003414,2.1587047442491567,2.0881493811329768,1.9352352921928082,2.276023883514043,3.574466355577066
1.5645086518087636,0.8079287064752896,-0.1771659158753594,-1.854888677826358,-1.165798767908099,-0.1356002455697769,1.1623346055668242,-1.7249888090772234,-0.31267765610781617,1.2199393091618402,-1.1130557535633823,0.4125671414162058,2.2108713813432463,1.7987702519471251,1.2994748834848293,1.4970228618222197,-0.2643597319333283,0.6200295718370524,-0.2166194042946969,1.676180530358078,0.6749256974063997,0.07718212130674112,1.6486410343368587,2.358549231627448,1.5429773583993844,-0.1423508930088713,0.8794163114799952,-0.6856111962176322,0.9039799422639649,2.023775049284973,-0.5025795983692483,2.8217393235325963,1.0865893717856712,-1.4168378278424054,-1.6795257297493618,1.0685259190883545,-0.0807331742059378,2.692454493415735,2.440560524906375,2.5838606777702364,1.5010138594856173,0.8634189055805473,-2.3952042473292376,0.32331655831070555,-2.2775840095905573,0.8936065018933729,1.555049024341419,-1.8268684072112698,-0.7401367630946336,-0.69623243839632,1.9999999999999996,0.8691189922313476,1.5890749494183192,-2.584440444683424,-0.5550805206918765,-0.3619510231192065,-0.005654968725569615,-1.157066443506431,0.8556616294304937,-0.8197950663500606,-0.05617789589630759,0.18027780157142678,1.2776205843625776,-1.7967185364421518,-1.1128035775217522,1.4879808624475224,2.294909383204203,-1.2852158140777359,0.3618329804803563,1.1511284419563867,1.253446300990826,1.562731786501769,1.475793456380878,2.116228630656691,1.7180426426441442,1.5101718506799588,1.061092876865879,1.744398987539849,0.4121508401885298,2.9622249204151982,1.9133829365049988,-0.9038332895345258,-0.11146390385506821,-1.2057965487517341,1.1947751904043031,1.036794767322709,-0.7353863670753329,-1.2116084768393192,0.19886370734875958,2.1557862091986078,2.591256045544151,2.3337186619414094,1.9833457866409656,2.350798168613186,2.018065546682517,-0.06588329057242238,0.549979971421056,-1.5214424526273618,0.33961659360923413,-0.7137652282478311
1.9594387849480073,3.2388561101764144,3.3511065748180924,1.1125192093241092,1.2207172369939745,2.5244238240843533,2.9611204368414,2.189813130453594,3.1054045872843767,2.000057730317159,-1.864436282603572,0.027545751782129313,0.9830009588085125,2.5021373709633377,2.5537981135850654,3.125871636881617,1.8174570557995162,2.806287410870876,2.4651768236015053,1.9364478447977291,2.208969675433718,1.3947617724084571,2.676372464733015,1.4693884916246351,0.3978487278711711,1.0067662145575034,2.4385732137834326,1.209901494442532,2.4071070784507675,2.0687254123412444,0.7335582468361008,0.5074538475747761,1.3321768966874523,1.1633608483981173,1.2177599620608848,2.181977409103575,1.106145756314589,1.157199692736016,1.1124012188762076,1.9225578434568151,1.7357581481094444,-1.3752903065747328,0.2741150340366754,0.3209194602039485,0.16544097090248155,0.981515221847499,1.3330183937808493,0.424292452438521,1.4263860620878321,-0.3448353616620778,0.8691189922313476,2.0,2.6509943936445874,0.0838816356763308,2.941669504439217,2.8938157481133273,2.697213183658077,2.8244546131373798,0.7685818989678082,-0.3440610764511923,0.24209948103371917,0.2575967531823419,2.157038351545054,0.9614491364713773,1.3181009868686178,2.3686326403960507,1.5541925128692529,1.3157487767047114,2.0106665736846865,2.1978889004657947,2.1022317700245443,1.3714808415085171,2.7265186377374295,1.5869889676365876,1.1283903537271314,1.61474620482114,2.274477619104074,2.5574984501460163,1.8550893034781457,-0.45879270215364854,0.922294389981708,-0.0507927301269859,2.183931137850105,1.426003982595712,1.880297821197701,1.9133310813151116,1.2474729975665948,1.0062744273161734,1.560149706783567,0.5064500309729771,0.35307470333584745,-0.932438822893882,0.6848815650366625,1.3715764621570825,0.2802498559042879,-0.14300527909180483,0.40915770856779454,1.3949761347226017,1.2542894333715364,-0.0829621752003349
1.3479603185801032,2.6208525889646204,1.654277056422897,0.7554634058659605,0.3859122627344369,1.2294194157226808,2.8503851237847786,0.9295790310357372,1.9215437938837794,0.9664756794741354,-1.6766001374974842,-0.5663057105976776,0.8881196670029885,1.7826008996241876,1.6192918573952328,3.03023802486761,1.0866743352258146,2.367335085878472,2.084624456238494,2.5165524228126412,2.103896528621757,0.5198173401728222,2.4080346865857547,1.871728599092119,0.5106314037858919,0.19540600116975446,1.6711274047175522,-0.3836900332900947,2.1698616088514857,1.7044269151565556,-0.9737477585008307,1.3251416327301324,0.4778159386012836,0.7253697655242215,-0.07048419514530138,1.6835303286368628,0.6706035108946511,1.3071195624506031,2.034356757537107,2.365190728853032,2.0605632881500355,-0.5277056842712946,-0.16176867787995408,-1.3454179961838961,-1.081862605762883,0.2016134218563895,1.9352758875846312,-0.6819467531331014,0.5421612874439707,-0.3427131786081667,1.5890749494183192,2.6509943936445874,1.9999999999999998,-0.02721420640645561,1.4477711047509925,1.6229017055918291,2.261441498184175,1.4295729926815288,0.5708330040580364,-0.9426461098425611,-0.614776794746325,-0.4826578908437289,0.9760124921030204,0.07928047795120209,0.49982522373365923,1.8865222711258915,2.118983376001025,0.8835447427635197,2.046937013763737,2.00336799823791,2.307516710596208,1.218574372513932,2.140092711971633,1.9013082779280182,1.6184187230281282,1.305325019933854,1.5847962499018582,1.7229626704944023,0.1069336902179578,0.6498086099949064,1.4717804112459973,-0.2500962889400493,0.7737732969450024,0.3519719740262601,1.1511031454525678,1.357245173231013,0.659268575976545,-0.4188843358038534,1.2287804894157996,1.3515956796252178,1.405073263680365,0.0839615925204111,1.8433053962310857,1.7087287871077506,0.8902416910556255,-1.7230476174333489,0.1806857604214327,0.2506174107243481,0.878904581367516,-0.1894046441508195
-0.43275628799754245,0.4318452287046424,0.3013912483147203,3.247303701667062,2.8661052179640434,0.44890989042827645,-0.9942969114578413,1.9427839757646606,0.4712668085284486,-0.8204843181670227,1.2569753909188657,-0.3435919479112618,-1.5740699559789877,-1.2790550097633433,-1.336887288063864,-0.09187246335474313,0.9639701548496845,-0.7502030368331853,0.3491026744134651,-1.6074554334797688,-1.0995216082669195,0.7978871723795948,-0.9298402375410517,-1.8113502164765496,-1.7650627093753775,-0.06478657700901119,-0.8355446632385769,1.5008950982582494,-0.9735182110208567,-1.3874298332697426,0.331758768997532,-2.4022753695632937,-0.43600704973776516,2.2849010860388717,2.366963808602808,-1.5072751057615563,-0.10841619752043619,-2.027273840158709,-1.7260685712258756,-2.338359727424976,-0.9185940645570752,-0.1175288857160412,3.0373704958540926,-0.9228043618621332,2.9514523836303788,-0.9850898597220996,-0.4589049066060917,2.547546484160839,0.6575993265369144,0.5477135791568983,-2.584440444683424,0.0838816356763308,-0.02721420640645561,2.0,1.1812535505071509,0.45363296451795243,-0.04518350987744882,1.3660439565064904,0.06951242313643201,1.226264993916792,0.4500860053978759,0.43927452123095234,-1.5146047187404372,1.6180087174135487,0.18388910166179762,-1.730034013473737,-2.4893544415766966,0.5851354152439894,-0.9822847210232715,-1.459355560836131,-1.519181526971836,-1.0901006538907994,-1.464664017900852,-2.0259038308494404,-2.066400910616312,-1.0401308251734083,-1.5697945116114476,-1.3757797455499587,-0.6737883857862275,-2.4886047722209974,-2.2676224504927047,0.7950957381755877,0.5590115918350107,1.506644849301415,-1.6743652711710024,-0.7521649178176856,0.15003140843978852,1.9323629542122522,-0.43196740065481987,-2.275190355568803,-1.5060434761613604,-1.3723879565010537,-1.9437314387425852,-1.575353215765213,-1.7960694799248702,-0.9140361854978966,-0.9736191848540969,1.8614326147722853,-0.8516443939901261,0.19056254379818288
1.6481796406624725,2.5046696071587484,3.2608436927363416,1.7634536803928773,2.503764369570555,3.3930328087341164,2.006326173612946,2.438091359902569,3.0519460268446172,1.4261440713590305,-1.0946455183189991,-0.5220322561777939,-0.2976489711918988,1.2947726704424785,1.6640362869979408,2.1608786789504593,1.900650911251783,2.2239003882535497,2.2507575575064394,0.8550890199577463,1.4520230130877778,1.3812838193875523,1.5831015770014196,-0.175230607085364,-0.5186763631144242,0.3453113798894178,1.7228869240082982,2.05184712923284,1.674004100645368,1.0322087590914624,1.4195871236839765,-0.6631617429613947,1.5038370938608034,2.242666993275334,2.2431449664981584,1.968591981591481,1.2346419605863388,0.18357227536941945,-0.03466161083625219,0.406785334070693,1.2657927397512752,-1.550911786099061,1.352889661925069,0.9409955661400649,1.7392043791409213,0.8864149668528207,0.805601442413654,1.771336694825485,2.479255647984073,0.630205013680925,-0.5550805206918765,2.941669504439217,1.4477711047509925,1.1812535505071509,2.0,3.448516667680029,1.9877504027949564,3.332095829439268,0.14185481659482474,0.37987094803196486,0.08956345482157607,0.0545553651384606,1.461499235238426,1.9843595219526058,1.5500501781959377,1.5008311266193946,0.2548951980803792,1.9013219667131773,1.667530127079523,1.8243830588177592,1.3141780821325684,0.08552550950986659,2.111785862064122,0.217709126176825,0.03994944619919271,0.4833866828139234,1.543603922177711,1.7365159749641943,2.10767576999809,-1.4427261863985446,-0.2887023739723905,0.9674463598579381,2.7188897286125617,2.284260098568665,1.1448871322621756,1.0517040511820535,1.7031027223403714,1.9723605132022364,1.9554332274574295,-0.6583257704436919,-0.7067898482716599,-2.0050184295320563,-0.6887723205729399,0.39212659900463787,-1.1147694615180537,0.36701065114717335,0.2884947711918142,2.5492816689933253,1.7057042372331395,0.6058148601337232
1.963318086937928,2.3118386739968555,3.450804053619252,1.168608203500123,1.5804658729182015,3.533021086853382,2.418805723474714,2.4829680888597014,3.4925407711652827,1.4359005068380872,-1.6554251092264947,-0.831992885495114,-0.3863666912124446,1.2004236063125169,1.4800498411227578,2.048785449710279,1.2314608049734352,2.571509219577023,1.9407839396066995,1.4863698774414629,1.8451155926909255,0.37396533974689405,1.576383783848467,0.055756812299492704,0.2797002397251819,0.3003195882949035,1.7417202056869259,1.1461456486433759,1.8655893692313097,1.0750541777734433,0.9010111059998813,-0.2556298012114727,1.217935284377451,1.270145809404754,1.1871936318693836,2.5418618699910684,1.0566302655198625,0.5441482366553733,0.07574053291446252,0.9089165259082236,1.2810367186721061,-1.6442254135674688,1.0002611291699726,0.6910756010496449,1.032434892999964,0.9068987138593116,0.4988215028347205,0.6293058040766188,2.655291774203068,0.4030910813601757,-0.3619510231192065,2.8938157481133273,1.6229017055918291,0.45363296451795243,3.448516667680029,2.0000000000000004,2.5531859450939023,3.342254275308088,-0.463943107611384,-0.4298909146046066,-0.6751145763217833,-0.7227166782712484,1.3950950926537615,1.2397362574182842,1.6491654097598119,1.5885176596807402,1.0974934353389068,1.8785508707468606,2.033215063413873,2.40600405409394,1.8590393449301286,-0.13408540678071382,2.2092440430095275,0.9042959849786323,0.3454015441247983,0.574547143207825,1.889320246807751,1.8975774304170905,2.215107534603157,-1.2310439123985326,0.46688597134091947,0.7689291830870238,2.395790444935662,1.7940868974856627,1.5890672221577593,1.339964651726317,1.6994210361977362,1.2067512758725754,2.3389627905923085,0.2750078243984041,-0.4579174912877816,-1.9238361231488397,-0.18790752662782562,0.8092161977583424,-0.4011189656429619,0.35162467101840766,0.6660844985524249,1.8958292302332844,2.257149526460947,0.8166445359745691
0.8159884086512756,2.3042539080283744,2.9566478029140244,1.0088537282465662,0.11405921347816178,1.6877437976192415,2.9313297653566126,2.721340866688678,2.9510935665640545,0.9826827188422624,-2.18711460419734,0.015469144621465591,0.3341815858997401,1.7442248378628378,2.0188404125270765,1.838359440754932,0.8571326941496489,2.9276760415799234,2.282202655650656,2.4726216734371405,2.9842683103121455,-0.017354009336957785,2.0115079386668686,1.4610503513960398,0.6239537139543235,1.40087465297354,2.3438833786527287,-0.4050120816010572,2.5635907033816,1.2786782611517526,-0.3059859574571749,-0.32900289846781705,-0.5337318250489217,-0.008847233192650093,0.0595949660808872,2.363641788970238,0.8712820670462157,0.2237240955130842,0.2107107281848658,2.005113975928831,0.8771799350046156,-1.8054021022761964,0.5150667501423165,-0.5748846838100277,-0.6010677779192726,0.18212509431293197,0.44126148608722876,-0.8642381777416221,0.9255478539676997,-0.6040566154448344,-0.005654968725569615,2.6972131836580773,2.261441498184175,-0.04518350987744882,1.9877504027949564,2.5531859450939023,2.0,3.0168971168132197,0.05182936168727559,-1.4900549276235548,-0.818842074865369,-0.911352781583368,1.83296434514501,0.9290937097023974,2.2205743178429174,2.298118018235497,1.9915791472323205,2.160979056143555,2.8852357462645886,2.6393604247009073,2.9624156989063186,0.9659992695499475,2.396924895953267,2.0995057146667246,1.9963519277614843,1.627789560250286,2.6948036105224604,2.196270034639587,0.9277170388316813,-0.684821850082733,1.791159312226513,-0.6232345683934397,1.2230452050269551,1.0386713328543795,2.3234288309848083,1.9859732073287988,1.553053334089686,-0.234946215505173,1.8002944951468,1.0612187796190227,-0.6527428368187276,-0.8280506223359493,1.13324750044842,0.7789746563350808,1.1413438559531768,-0.8055395907721212,0.6014027447787743,0.2760587763795063,1.218842582040704,0.0069570476890147
0.9965364888145092,2.567733866967597,3.517440265823864,2.238371984396802,1.934566836248785,2.811622166709741,2.3946025643267985,3.415203014180843,3.3241205889983445,1.0621975878247787,-1.6661709162556664,-0.1974078082037779,-0.23968858070504628,1.295851855921929,1.7184984667571515,1.8768844365212212,1.7011342872397892,2.602218479315295,2.4724726308984932,1.363772536723017,2.245775477711218,1.0380727393966054,1.6878318856484003,0.32569021673450615,-0.4583745793284332,1.1479407231735625,2.1541200647114978,1.2580829378099794,2.126940144928085,0.8955317622509239,0.7601682936550962,-1.2199944791161246,0.4539765785202966,1.620837652395317,1.9000197705967565,1.9406674649794087,1.1294301600713768,-0.3123821239897946,-0.5865446211851211,0.7129141980393878,0.8173481119443342,-2.0955728190895133,1.6311987486163115,0.1608128827888565,1.2262087494593406,0.48300333307695886,0.4288920476524908,1.0538710494738095,1.8207612161260665,0.0474866824222192,-1.157066443506431,2.8244546131373798,1.4295729926815288,1.3660439565064901,3.332095829439268,3.342254275308088,3.0168971168132197,2.0,-0.055853514062205706,-0.2556005555632355,-0.2305305365665456,-0.3104058625382512,1.7065179812078273,2.120545303795969,2.242464277354186,1.6856231802970838,0.4916682354746119,2.3786334084999092,2.2349302756411435,2.009232913601188,1.833681520309286,0.4260517377857881,2.0886573807095075,0.793440443803826,0.5615568801141342,0.9419864480758586,2.110487395766626,1.8684592369764945,1.5461213032378502,-1.7949064609601222,0.3631831322238448,0.3277506794488042,2.1836291408034936,2.3066244968322036,1.84428845409677,1.5156427323889072,1.8519432377253051,1.454652487786996,1.8558489121633501,-0.3772216611906245,-1.5091964282418044,-2.0217595054845594,-0.4026792790217095,0.07192152064217722,-0.3113134902161924,-0.1566556161169554,0.38726487980178015,1.9777237293861623,1.296415974899373,0.2657953817886265
0.19007536870764807,0.20838054125208882,0.438295760486279,-0.03344927112032431,0.46148533167853323,-0.2059179107636629,0.34234866518669993,0.0377993942468854,0.24681463312807217,1.8360577693394762,1.3104157919441233,2.4805084227578917,1.4798985403085059,1.0511195575069974,0.9354935905256957,0.7907173922413442,0.13219230773559706,0.01884978371900825,0.10261861029918051,-1.0719032964982533,-0.12710980618245232,0.7874011286548919,0.1903014634914682,1.0976685528843082,0.6074268581137027,0.7211252749984709,-0.02932292756395999,0.416963975450685,-0.3895069304361777,1.3582531970531262,1.3671325110122183,0.6070200231790698,0.02719469423030199,0.4876569258371878,0.41164089903761036,-0.4658253898690141,-0.61621170048728,0.1385485985027898,0.17956043348717912,0.4347923369572959,0.2739234649432931,-0.0890553256377871,-0.2666816983512186,-0.3616092098676686,-0.48254299879641227,-0.8761664590483036,0.023637237721544385,0.2593453515914179,-0.690825259950361,-1.0460852799477913,0.8556616294304937,0.7685818989678082,0.5708330040580364,0.06951242313643201,0.14185481659482474,-0.463943107611384,0.0518293616872757,-0.055853514062205706,1.9999999999999996,2.2348314428632547,3.0409015234662027,1.5537578048805325,0.5865552131440038,0.5235286335024787,-0.6759267387669204,0.33859536460040635,-0.2742112187083721,-0.062291090844873304,-0.48976359657044577,-0.566297319548079,0.04434379958837581,-0.161807426341117,0.1893953060246752,0.6722463766126164,1.184135382437859,1.2603415076978584,-0.0117506506422618,0.51529735955455,-0.4497339717022351,0.4556877692982276,-0.947032041072195,-1.6015877468158084,-0.0910781309279029,-1.3019036816161673,-0.700683094505119,-1.1002400168647888,-0.7522484218989552,-0.1999834757855215,-1.3357402476438445,-1.1429126988925058,0.02803377203885571,1.6590002258607048,0.7608569807796861,0.371252123966707,-0.1264841418523527,-1.067157221216821,-2.018360859078436,-0.515741146269349,-1.024471427665833,-1.4683997811678458
0.18683870421945767,-0.7811159401618224,-0.1462712644389399,0.567629111989513,1.6345614905503072,0.2042220694236137,-1.0383598983854725,0.029817289091279675,-0.02271551539444927,0.3087631436138726,1.9767536005095068,0.9278914670119868,-0.2620219804725102,-0.6530502679314287,-0.049861568118974464,-0.15590324799569963,0.41662448633974214,-0.8610271442198522,-0.3403776223469669,-2.3514248133404623,-1.5746898530636892,1.1186755244881639,-1.2149875037604745,-0.9395756759186333,-1.3921856504685668,-0.5794485822014814,-1.135937137609698,1.3770441999533545,-1.441758475682811,-0.3118873834506913,1.5174808636252444,-0.30966253156507906,0.7487851067287465,1.951919662030461,1.6534983821651732,-0.9798975791599145,0.15820763757318418,-0.9360612706572633,-0.6320520735350813,-1.6274612880747494,-0.018166527653232234,0.0121122798528462,0.6497366085663857,0.3687232563538648,1.3277593526370537,-0.4896827184059286,-0.30355916309532915,1.9603909891770295,0.42722835165055856,0.5520105423689271,-0.8197950663500606,-0.3440610764511923,-0.9426461098425611,1.226264993916792,0.37987094803196486,-0.4298909146046066,-1.4900549276235548,-0.2556005555632355,2.2348314428632547,1.9999999999999996,2.6485778058631158,1.9143235722043648,-0.6907010834663403,1.3006735639197777,-0.5646335908187254,-0.7329437661895628,-2.0011239657553963,0.24187670430539754,-1.5887812679373647,-1.6763784388301155,-1.7435261231986998,-1.3501118522299855,-1.167065784720786,-1.4732689865955164,-0.5677368613995196,-0.6187584521371738,-1.2151298248285596,-1.0682966737325992,-0.1130166217329525,-0.4528443933448634,-2.340136831497542,0.038547108031066785,-0.0985444570683335,-0.3906062658352246,-1.9412157087648647,-2.141737216605616,-0.1683933837050936,0.8540007553873046,-1.1550895261391165,-2.5031652094103567,-0.8713662182927444,0.08398085680845169,-0.7150369850241332,-0.7405816701297421,-1.7208192540023215,-0.0974559098218682,-1.7378427594768906,0.6467713072364272,-0.6461493982558071,-0.2439027555243432
-0.4748170055965326,-0.270376218766827,0.22114081528457882,0.16061785482262309,0.8150784994490372,-0.369195911350484,-0.5476001038060959,0.11671533111740928,-0.12986178687271777,1.4405462244700424,1.853389515553611,2.8147678975448156,1.3615251717282786,0.8620617541150563,0.5772532408467121,0.07951848433190684,0.30622831473612383,-0.8414380425313959,-0.2721160013146954,-1.8899965100816107,-0.8230672459932712,1.2473061794564042,-0.2928097238372042,0.6073893526786889,0.01958067847086771,0.9737714936295023,-0.1975218647550115,1.2985789509626373,-0.9484274548157952,1.18066962766417,1.7464318057859063,-0.1896185189595826,0.24969236133234543,0.5270481984141355,0.9357316601803686,-1.2700406822652504,-0.8188323049362198,0.0414973428586739,-0.2236682997120013,-0.3333679076680618,-0.5428525602209706,0.0956497025608196,0.0356657454084872,0.274522517426927,0.2506119479314315,-0.5561646631451598,-0.39481919772354634,0.8217719983545997,-0.9313280548330206,-1.0295358883710048,-0.05617789589630759,0.24209948103371917,-0.614776794746325,0.4500860053978759,0.08956345482157607,-0.6751145763217833,-0.818842074865369,-0.2305305365665456,3.0409015234662027,2.6485778058631158,2.0000000000000004,2.0674239774967345,0.7562485993936673,0.8816957627110278,-0.960287877508149,-0.15803083154419909,-1.1051259507700122,-0.19100308268272131,-1.0090452343606227,-1.4480950195352613,-0.9627601580208113,-0.031776042723105996,-0.3104022383451578,0.025784361435523456,0.2090750935740829,1.0958771497038875,-0.6154958835365689,0.2567341876718964,-0.4258352493917561,-0.23991115557331189,-1.2830073187358535,-1.2588966941074933,-0.1405414050000447,-0.9442638540588137,-0.8311475616500872,-0.8582643425975163,-1.0475884941465727,0.42536323686131094,-1.9020994211358024,-1.5396002871015166,-0.3870408110808128,0.9501750003774423,-0.07007719363908801,-0.13491964820437488,-0.424128292294847,-0.31284745513518963,-1.7532168518659141,-0.19635652201062848,-1.5480938068030068,-1.5041618631696738
-0.13796501717756893,0.3885431728842497,-0.0097543308185047,0.5607788478476627,0.7744589713067067,-0.6664233604285839,-0.0713108025360254,0.08063515757262711,-0.2754539376254214,0.6988350291411576,0.3743049254692793,1.1593991104453893,2.054940764140511,1.2195662315019533,1.133504992666811,0.30761055438700347,1.6742818698894497,-0.428291113792697,0.6794517884781062,-0.9532975932333291,-0.16036756671969798,1.9683227921451498,0.7096679374282531,0.8098554954889351,-1.460713594319509,1.0047508742079465,-0.2073947381221718,1.305892730832649,0.2962119794718273,0.9144709015753053,0.4074222798537866,-0.6183208960806484,0.5045431599900814,0.8213759858538034,1.134447276184276,-1.2072874855677584,0.7927574459377159,-0.3836117653853444,0.6583012674723414,0.1061705625275634,-0.214417511262618,-0.37633379852561455,-0.5142622492740846,0.34922894305744745,0.507834882122076,-0.3379735579255527,0.05017818314083321,0.9566293050993395,-0.927710618442259,-0.06354531715990308,0.18027780157142678,0.2575967531823419,-0.4826578908437289,0.43927452123095234,0.0545553651384606,-0.7227166782712484,-0.911352781583368,-0.3104058625382512,1.5537578048805325,1.9143235722043648,2.0674239774967345,1.9999999999999996,1.3096256849529997,1.2629717695462892,-0.1492860680122176,0.3366983186197493,-0.9060173433854258,0.7873831008879393,-0.6191195887321048,-1.2625418559362023,-0.7612912089467537,0.9878928917417964,0.28337481041491036,-0.1380723405474096,-0.0544013355947294,0.4919087383141957,0.3123697260843037,0.7428861607528482,0.12263255665701578,-0.36740620762010934,-0.5874266373135294,-0.5195929027680736,0.7017259600235363,0.018546815678684797,-0.3445861196850517,-0.2004101568245102,0.6032098886755463,0.7123046493182602,-0.9231352696439743,-0.9562952039792278,-0.17561130517993317,0.1868981075495413,0.45956898257477424,0.053644682976932256,-0.4735698126347063,0.0349348835978385,-0.8427909625005108,0.37307419016521903,-0.9148199634170572,-0.4411379311861161
0.4378297181871266,2.2482459782897006,2.2581912672098623,-0.005510383680793096,-0.2972450688487961,0.9395879612974516,2.5345078115164617,1.3065174716425987,1.5381120427507606,2.061409353841436,-2.198364018909596,1.1597043475670772,2.760397061007499,3.1196517178238965,2.945120139397841,1.8121204764370717,1.5253379047870632,2.1590367450380454,2.046694264718661,2.1497364566992108,2.8727005010566558,1.6116860420794232,2.9607155965936527,2.8035051128046886,0.5741824857342016,2.173337537690051,2.83624666967385,0.6623131650519014,2.7984792296318943,2.694953601569387,0.1311990874198673,0.5358922446632837,0.7389644052010237,-0.4413465837717565,0.38444090280428594,1.5625828300378608,0.9621747767835908,1.4162505454538423,1.2036626542673576,2.787175925755434,0.9196878409162872,-1.5929243781134588,-1.300034971541781,0.5984977981264262,-1.3340753639013374,0.8289018529339147,1.0653579299632845,-0.782115523566806,-0.5371368777215584,-1.1711860651802026,1.2776205843625776,2.157038351545054,0.9760124921030205,-1.5146047187404372,1.461499235238426,1.3950950926537615,1.83296434514501,1.7065179812078273,0.5865552131440038,-0.6907010834663403,0.7562485993936673,1.3096256849529997,1.9999999999999996,1.245316757353642,1.5220310834755904,2.892366262616172,1.6017145721928416,1.4681609511236626,2.1762563921709908,1.7479948500470925,2.2658118577513213,2.6730958102637654,3.0801107763324937,2.2393494355675374,1.9622977842461649,2.695879636315136,2.973454295561968,3.306963972911132,0.9399470606982063,0.236213294886692,2.1458761959163763,-1.2135716729904646,1.3562454469515617,0.8803539712121495,2.9890308658299674,2.4222649883169978,1.0883900254641954,0.11665873971532759,0.756887071869164,1.0929602656531612,-0.3002805366267481,-0.24055823623166459,1.0736361358852904,1.0550784499419452,1.376525669937661,0.1073198005819685,0.5270148379738303,0.008672044331408918,0.3349261570126062,-1.0893940252673935
-0.5136735775631971,0.9985161102847013,1.5483458945539452,1.9666711976056797,1.7891567185826287,1.2431435393556867,0.6614873633417306,1.879320266982206,1.2057202529147206,-0.022548747083993397,0.0688943827008628,0.26618338580654555,-0.008218449039951226,1.0231909974802453,1.4205255792424278,0.5621762644263211,2.0200550072117025,1.1776390542064292,2.10517993113638,-0.1351262282784937,1.1100179356601865,1.7048343002280741,0.623944949382913,-0.35360895588285707,-1.834819138558124,0.628383256514506,1.2134327681342285,2.0541503679409105,1.0498480089262683,0.3230720063556885,0.6868038511676363,-1.658152442071117,0.329144464589463,2.2532940672698274,2.5413513226804048,0.6372874297590906,1.9654245936075838,-1.3593444671383956,-0.9134146505723457,-0.5843801479950534,0.3047809879452119,-1.4402033678575856,1.5398062785108313,0.5028843561425513,1.4314035689577367,0.24437999599435165,0.25332815131886455,2.179780726151014,1.0793446129974562,1.1332510675110965,-1.7967185364421518,0.9614491364713773,0.07928047795120209,1.6180087174135487,1.9843595219526058,1.2397362574182842,0.9290937097023974,2.120545303795969,0.5235286335024787,1.3006735639197777,0.8816957627110278,1.2629717695462892,1.245316757353642,2.0,2.442147150865108,1.0475911075664741,-1.0249532794587282,2.65145488100741,1.133176673442077,0.29169217106382883,0.4379536080995958,0.002678734281790787,1.0514613513032334,-0.6918551042070474,0.012492027950194495,-0.30156541472155163,0.9800093114619803,0.7838212227869127,0.033549917169340526,-1.5010755761647374,-0.9349851278486203,0.9155280395560951,1.1093417365352196,1.9574159236832338,0.5324648115043668,-0.1465705009072898,2.1421399648793944,2.065935734313071,1.0083696267701814,-1.3989880120739249,-1.8261303891017628,-1.629993058290967,-0.5844370751799192,-0.6987586743183095,-1.5712218408764633,0.3819266132906069,-0.0653900011665437,2.1495993881025353,0.5067887319858435,0.8443492634015006
0.1741031425499427,1.35339509280876,1.8193140499632983,1.0262915635174479,-0.1556532419647046,1.0618870801645461,1.745142830010383,1.9280468778644642,1.5957065991135009,0.3977333138948841,-1.422532836249967,-0.4452018622682631,-0.4565887732901447,1.2328863753032708,1.9247615135446448,0.8142838431327839,1.8403193366184047,2.4322416245715184,2.371324288362979,1.664914349053034,2.6094237938579337,0.8030217674663045,1.3877531701243537,0.18464763128710932,-0.5017030779562367,1.161569255891792,1.7107962379964765,0.7716330546251764,2.196983011895932,0.013001324779058196,0.012883933289630098,-0.8939163640220258,0.2604911835809192,0.8537230700818608,1.3433475974528268,2.1360715391553287,2.2322906864956527,-0.8414478986389387,-0.7836025683888904,0.41450726562477247,0.2630672034894867,-2.3269080255955785,0.4923239961724472,0.46806231815848365,0.4284684822222889,0.18058313437642742,-0.29611383140504094,0.5704325562658004,1.263009748269174,0.6474697960424848,-1.1128035775217522,1.3181009868686178,0.49982522373365923,0.18388910166179762,1.5500501781959377,1.6491654097598119,2.2205743178429174,2.242464277354186,-0.6759267387669204,-0.5646335908187254,-0.960287877508149,-0.1492860680122176,1.5220310834755904,2.442147150865108,2.0,2.1687835388398127,0.3917873926405999,2.7035433113954883,2.3725281750683074,2.1634590296085072,2.170833382042157,0.46009986934935976,1.8398188236481865,0.5127184669249444,1.258443997839323,0.0933466131699803,2.297479567484347,1.3702049369351506,0.9855027306342118,-1.3114960140631782,0.8635551391475229,0.795372107645079,1.2386412795385073,2.025565796888177,1.7397897933779325,0.5999400531347594,2.7873102414186,1.2201710793476415,2.392714470706034,-0.0714470106504107,-1.658007447622042,-1.9212281923309749,-0.2257205192434174,-0.6385627638712129,-0.6130977670731559,0.5941484839937349,0.5597842125046688,1.3302272013764784,1.6171250546482039,1.1478116959379738
1.060526199073278,2.4026256530140926,2.0479955289383027,-0.3210109791845024,-0.7806340244373504,1.096948942156538,3.0047511655288552,0.8537776023339716,1.724295992330627,1.4453987256681402,-2.3058114063507817,0.1400134838365613,1.5551584583673324,2.5937192965249767,3.365914619067849,2.241737142600224,1.552054603546696,2.9716180669148997,2.3728927802261803,3.047978940823242,3.1792392021900335,1.16610562750394,2.83822752093885,2.3396678850613255,0.5348367380438926,1.1011145446160144,2.817456918425374,0.15944010053684454,3.2544873573021507,1.9645410685146238,-0.1482812929334892,1.4082192815447039,0.9157428174456831,-0.023848762196862716,0.1026220466807996,2.8111990645910683,2.1068604402573503,1.574853033717773,1.719259606736015,2.8487556913344108,2.006398601144118,-1.4207631260649194,-1.3717554208548597,0.8808344588875641,-1.442748546526713,1.3874746167411216,1.5630306174560085,-0.7586465739687689,0.6753876247913376,0.20510138468470565,1.4879808624475224,2.3686326403960507,1.8865222711258915,-1.730034013473737,1.5008311266193946,1.5885176596807402,2.298118018235497,1.6856231802970838,0.33859536460040635,-0.7329437661895628,-0.15803083154419909,0.3366983186197493,2.892366262616172,1.0475911075664741,2.1687835388398127,1.9999999999999998,2.428167869509189,1.9375724317780207,2.8874612816692746,2.673631803903337,3.0445179166041005,2.0682991311129015,3.2807004615701394,2.3444699791469676,2.861791507794509,1.8524399617047016,3.418528167455416,2.6986619540573944,1.2281419280890755,0.7707795906472099,2.568513375027004,-0.24645003412655792,1.0276147628003827,0.9010401779246757,2.8432485004201657,1.9887914716409876,2.13484346380375,-0.2646619406456175,2.1656751027835695,1.5759411321487082,0.3776151238584159,-0.4205349827199701,1.6759315414329141,1.4281167193875985,1.2993244570931703,0.40658425771247103,1.3080328246400843,0.3452216629875283,1.7734886708542297,0.4270010748667048
0.8735410082306531,1.3639941081022997,1.039528657099362,-1.4315399525528179,-1.651857432694922,0.714527741332535,2.4371829466782935,-0.28946184630794514,1.1238478684522986,0.936923403760932,-2.1226472449929483,-0.2324508665432279,1.3990203824079346,1.8443859141462968,1.7635309303269702,1.643242368279188,-0.5212926044474154,1.8821957191223075,0.9207475563608831,3.0390429110780657,2.0939838879022465,-1.0471367502450009,1.7994947197809,2.320522087467754,1.6520816658798445,0.14405716285250197,1.8235022892539772,-1.6479587488762069,2.1678362253127417,1.7525185836082682,-1.2394099755097132,2.0452777638646094,-0.03623797184186089,-1.6490753951889467,-2.2183629937090115,2.3760362464220703,0.7132402641965468,2.1906469011186256,2.076791507926621,3.289613821245344,2.048899407755384,0.08704673483668376,-1.796642865375298,0.19516402457946713,-2.459352767260474,1.351312275936602,1.424510788891672,-2.456947522584316,0.31778512846722995,-0.09189801483524579,2.294909383204203,1.5541925128692529,2.118983376001025,-2.4893544415766966,0.2548951980803792,1.0974934353389068,1.9915791472323205,0.491668235474612,-0.2742112187083721,-2.0011239657553963,-1.1051259507700122,-0.9060173433854258,1.6017145721928416,-1.0249532794587282,0.3917873926405999,2.428167869509189,2.0,0.2788964255699382,2.1428468201735846,2.400442789152322,2.92441200019582,1.4500340219427952,2.3936904081014525,3.081295326119397,2.392611912135256,1.6321502927611289,2.485591884455091,2.045502111857534,0.5550911226168922,1.9972071074916937,3.097704274269055,-0.42057359771938196,0.0402794317029562,-0.7096282893602435,2.5812133357319245,2.2279612458016445,0.6334074906607446,-2.0069427791664585,1.447234892075062,3.471871016331178,1.961332047565246,1.0041699423074204,2.7613272072692654,2.553761929627795,2.5916929714266534,0.14146494782155403,2.1337288883516603,-1.0861479581207916,1.628537797272256,0.5282616540940677
0.029367021495154508,1.1244627640649638,1.9414460114633647,1.255800286804754,0.6769430275909742,1.392161692175859,2.124947670165596,2.08209530693717,2.1165357211578746,0.36190856017685014,-1.3777973523069273,-0.5963335331308848,-0.3019324637823604,0.9421710111948569,2.012414352776288,0.9987619908800937,2.0702893814465897,2.4864594331198795,2.9065699793719912,1.3382562676578897,2.449290298702329,0.85744226128074,1.1431638138582232,0.26746165370941866,-1.0988084789225732,0.9251013701331079,1.283453700765019,0.4309877517401022,2.4508059501453476,-0.013558628700223303,0.0316239833033369,-1.4567388145274927,-0.16074607666852558,1.5492924600238203,1.4643011047255514,1.8710920336340782,2.168766037280608,-1.1703965343480385,-0.564111585468267,0.6146076588232392,0.5083811442759756,-2.342835798134958,0.7322315473204086,0.19510714823353542,0.5989176185864529,-0.3369013044122722,-0.23346199820191488,0.7845141229031423,1.4587597879012244,0.6571347739867713,-1.2852158140777359,1.3157487767047114,0.8835447427635197,0.5851354152439894,1.9013219667131773,1.8785508707468606,2.160979056143555,2.3786334084999092,-0.062291090844873304,0.24187670430539754,-0.19100308268272131,0.7873831008879393,1.4681609511236626,2.65145488100741,2.7035433113954883,1.9375724317780207,0.2788964255699382,2.0,2.43216719645192,1.6290819803077357,1.6786658428054553,0.1050513432649282,1.8932196641804704,0.3169319619273311,1.3723803802065757,0.1833803377554504,2.2122585928196283,1.141550615790051,0.799848562464643,-1.530332286202412,0.5027362582084358,0.4435435025752799,1.3510622355344646,1.7363556375043274,1.1129500867083149,0.45887158174681564,2.9756394456013116,0.6509464130652469,2.071087734066375,-0.6078983982741215,-1.7102882070635983,-2.0006782070494378,0.2873439834766044,-0.5313359293506257,-0.8411931106059701,-0.0964341690987522,0.12068929079561551,1.4785804377081946,1.4888268823393052,0.9114452383905568
0.4075341823951184,2.1279354079476063,2.253058723554598,0.3720265008263632,-0.5276557944369551,1.4233365311557526,3.1444787017665816,1.5908964867139694,1.996078748655791,1.0402629994988288,-2.3115055121150854,-0.48069601543700524,0.39807054498752337,2.0544715213934763,2.4343846497830315,1.887201870741129,1.6283049494609687,3.069563429122639,2.8252172019262694,2.9345721601436834,3.4118041453315175,0.5516139973282264,2.2537412547681512,1.488120472346336,0.3073986080665418,0.9791733902950046,2.2721147511215154,-0.2421587508067856,3.044556800819475,1.1183775724689708,-0.3464032826843402,0.32481129051003627,0.3054148098116854,0.28427058094817625,0.24113099922699263,2.5487315543251055,1.3758934994333623,0.5742379326437457,0.8356337406202095,2.2211011435657957,1.143565020838202,-2.0050579517616995,-0.6054631712952734,0.03942193856774388,-1.128544720565786,0.5319921809616812,0.823506126886679,-0.7582792009540793,0.8111829816930702,-0.12380105108432772,0.3618329804803563,2.0106665736846865,2.046937013763737,-0.9822847210232715,1.667530127079523,2.033215063413873,2.8852357462645886,2.2349302756411435,-0.48976359657044577,-1.5887812679373647,-1.0090452343606227,-0.6191195887321048,2.1762563921709908,1.133176673442077,2.3725281750683074,2.8874612816692746,2.1428468201735846,2.43216719645192,2.0,3.210220968501255,3.265889109537394,1.7123230563453928,3.0608195915791567,1.813792496519168,2.2606552614182327,1.4619618635610447,3.0025226010718815,2.318127271887014,1.0313100205670596,-0.10690248061897228,2.409033540367514,0.4324563035551353,1.423734017996345,1.6599230565702705,2.5735363218726466,1.9460297184929696,2.09889800003634,-0.1238390844748309,2.3617235929828593,1.2309506549130342,-0.31367984764301915,-1.312889962820639,1.1570137893868588,0.8448726501952879,0.803342642038734,-0.211741078087434,0.9378616914707092,0.6422574816636718,1.6716360181601373,0.34784140490278215
1.7850776448168868,2.1238648962464137,2.284374988280048,-0.1733191155361803,-0.6067313822893363,1.9873883480051033,3.003142827638633,1.1440563266019046,2.1661802548415343,1.5824102533574178,-2.365068946377272,-0.7352577262894815,0.1151212230899494,1.7677773847654306,2.1474298224079598,2.174273500740452,1.2218527121223715,3.2073250516088523,2.1052878814764924,3.0009615931049582,2.9711491181929275,0.1108263014176234,2.2789727833436424,1.1313904483216581,1.2259323062986283,0.5166711522370822,2.0418020414394187,-0.07980362192446482,2.6933062050394594,1.0230781626922627,0.2508818033549944,1.0848388468428916,1.1746554300923333,0.1194891939957644,0.013938455894215482,3.221098601702964,1.28543746517499,1.2061128453880576,0.8814664156878936,2.0741607665229322,1.4761023477420774,-1.8165552380604435,-0.6506933648290487,0.465979320117678,-0.9043184529787978,0.7409634750736642,0.6613644499789709,-0.814880705257252,1.570203690127043,-0.1094717445096784,1.1511284419563867,2.1978889004657947,2.00336799823791,-1.459355560836131,1.8243830588177592,2.40600405409394,2.6393604247009073,2.009232913601188,-0.566297319548079,-1.6763784388301155,-1.4480950195352613,-1.2625418559362023,1.7479948500470925,0.29169217106382883,2.1634590296085072,2.673631803903337,2.400442789152322,1.6290819803077357,3.210220968501255,2.000000000000001,3.216900876937604,0.9490000243944116,3.063482745554489,1.9041219505844054,2.069202547411022,1.1767953610578836,2.7601822787940966,2.35273528839003,1.8520914652502785,0.22575780490106198,2.2010372614472287,0.535770454435699,1.7025821885616121,1.462417735501636,2.391135920916431,1.6409571079312215,1.8669107647808705,0.2308828990058066,3.007519731142989,1.3811782960029593,0.0679713452917302,-1.0984936768257785,0.6927208458940259,1.0134893386862949,0.5312839287788516,0.2473700792886016,0.8147575919013947,0.6678576211136902,2.465801559104873,0.5117184981101145
0.7787575455984924,2.0921254143618278,2.020139105448382,-0.21029727934303452,-1.152542036888718,1.1833356079800925,3.1158372794277858,1.0904687709344791,1.9560760254152498,1.589064725424635,-2.368947125386909,-0.12648397345687729,0.9005200509963689,2.2130014067178303,2.5351137483871176,1.9676381555924056,0.777261734711636,2.8996965182778403,2.2660317046507026,3.192248253981621,3.4487817529002975,-0.15446221857259818,2.417774331790828,2.1756235394112786,1.3197055267973115,1.1519077842224792,2.2988344132377803,-0.86358506095675,2.9740797774362395,1.6154834515854022,-0.6751340019759173,1.0028649366383449,0.0012957760494882037,-0.6265303175988333,-0.7433604038957929,2.831619386948011,1.1472761426224345,1.2522696985708215,1.1819698213734047,2.9174902987932674,1.346415749947226,-1.6931803347876255,-1.1423097613846491,-0.2033718819892684,-1.714300465956145,0.3191346977524885,0.8373061313869425,-1.6674805708387,0.5835066254167872,-0.46926411429448794,1.253446300990826,2.1022317700245443,2.307516710596208,-1.519181526971836,1.3141780821325684,1.8590393449301286,2.9624156989063186,1.833681520309286,0.04434379958837581,-1.7435261231986998,-0.9627601580208113,-0.7612912089467537,2.2658118577513213,0.4379536080995958,2.170833382042157,3.0445179166041005,2.92441200019582,1.6786658428054553,3.265889109537394,3.216900876937604,2.0,1.4910154667186746,3.1089540655371186,2.883733386015429,2.986428585127554,2.08696540010002,3.1796314338549156,2.6672307884457465,0.8169263779732034,0.5630320819086188,2.787616463551611,-0.4851294511590935,0.9884013583836745,0.48327544131928857,2.744156046156485,1.8867358256949425,1.7143862038928566,-0.9032685069789268,2.257603014054214,2.0368302707758197,0.2148603987080715,-0.3469760525285638,1.9340432900338556,1.1743948783021525,1.4000873546238595,-0.5372813328831942,0.8093025884184455,-0.32114760253160607,1.742127177914091,0.1061921774063665
-0.1449301845211278,2.0162737438492218,0.7885380988328301,0.2706821527673703,-0.5848241176954029,-0.6015706902653611,1.8336516964259961,0.6624538251930392,0.0987737616181801,0.9649993367940721,-1.9233238832512325,0.6842325154731695,2.4536213371478235,2.334745684534881,1.8326075562336674,1.6567249200543899,1.4551379772734796,1.2185089452018225,1.4953304916649601,2.060545625499186,2.022270261509384,1.869351982024313,2.5768533069934496,2.719633608053606,0.2106606196984666,1.6784134102163177,2.076058958540054,-0.03637152099029259,2.195712645809446,1.6606383158071847,-0.8221376858637399,0.7784472724040583,0.4665834825183714,-0.5431361498142665,0.20954166701044924,0.2710504096291068,0.3501487798481012,1.2112240972361568,1.5769477319306853,2.345475620451263,0.594566998699144,-0.5617566451317441,-1.305514184398011,-0.2959356795172994,-1.4678901693931445,0.696605892922586,1.3941450152448898,-0.9748761646350199,-1.8088696485397215,-1.3673604060191462,1.562731786501769,1.3714808415085171,1.218574372513932,-1.0901006538907994,0.08552550950986659,-0.13408540678071382,0.9659992695499475,0.4260517377857881,-0.161807426341117,-1.3501118522299855,-0.031776042723105996,0.9878928917417964,2.6730958102637654,0.002678734281790787,0.46009986934935976,2.0682991311129015,1.4500340219427952,0.1050513432649282,1.712323056345393,0.9490000243944116,1.4910154667186746,1.9999999999999996,1.934193421502055,1.6838544384053589,1.1710971995761283,2.205190005988273,1.907828915039921,2.2032013262891867,0.11823679311906972,0.7595942651537654,2.350577961112813,-0.6167909031320027,0.5145057021431685,1.1296077740743777,2.317101376345562,2.570270196888781,0.044439404702125804,-0.32788634881529066,-0.19923728246413316,1.32647576842923,0.5687848118972592,0.3618298662580276,0.9464301289345984,1.1991219750084072,1.9671034594266146,-0.21154550138123593,0.8526268702914568,-0.4698710903222224,-0.9584945363031869,-1.3577889220846577
1.4581713351406518,2.809010749013133,2.534550598604706,0.08509971978691569,-0.11127190011503371,1.8504175622406318,3.4233985206456605,1.1702700885202817,2.116868425168027,2.079386913989693,-2.559712586391418,-0.14619415427938381,1.6268135803219446,2.9178512361944193,3.0353983927662704,2.7394846880565833,1.985836028842013,3.275130267428705,2.7727484494299057,3.016969078317746,3.244012039751775,1.4284279859272235,3.3080122926141415,2.1170552206141577,0.756953381172363,1.060236254489611,2.7092349396553126,0.7391391884665899,3.2676333007698695,2.331663953876201,0.33606220146559285,1.0442359282028322,1.3997239092651597,0.4847465733801788,0.5990595050082382,2.807529761675717,1.6404700578478537,1.6684269551308895,1.5004613870155112,2.7628512323637002,1.86525703347731,-1.7476260742584433,-0.9032839284529339,0.6765633179072852,-0.9501994237120461,1.0709611434389208,1.5765334396861541,-0.3360559168400533,0.9758448126906548,-0.2629791970871389,1.475793456380878,2.7265186377374295,2.140092711971633,-1.464664017900852,2.111785862064122,2.2092440430095275,2.396924895953267,2.0886573807095075,0.1893953060246752,-1.167065784720786,-0.3104022383451578,0.28337481041491036,3.0801107763324937,1.0514613513032334,1.8398188236481865,3.2807004615701394,2.3936904081014525,1.8932196641804704,3.0608195915791567,3.063482745554488,3.1089540655371186,1.934193421502055,2.0,2.1540445022189973,2.222701696754812,1.9147987539398361,3.33369607708079,3.2516626306535756,1.7186364012552633,0.2252305140419243,2.240428092691422,-0.2063773637408862,2.023188367141554,1.4358198854457074,2.866038847181216,2.364460994811557,1.9351579090713305,0.41413838184294527,2.354255105977096,1.4044316986574976,0.338846910595912,-0.8983515089560024,1.1726783446466373,1.4968946271303145,0.7242973859731779,0.003815999317196006,0.8414815664517785,0.9356339046567395,1.813450934327848,-0.035893835016650694
0.629171506568623,1.494117054896462,1.3215607895296562,-0.8721609745698908,-1.6258704085357754,0.2522487945460473,2.3927231947900367,0.4977408044760565,1.3353114003552267,1.6924095766967704,-2.054305737188925,1.051889975210106,2.1756737142044154,2.138023882080901,1.9626477824503619,1.5285930257101803,-0.1274582760122113,1.6875352609274068,1.0145212781195005,2.4897229563081114,2.4099975759904417,-0.39120628281422665,2.1498636130081494,3.168711901162815,1.955636888327186,1.6450707121164356,1.9175928061399863,-1.4610101091632446,2.209060141717671,2.124445450724326,-0.9756791306133463,1.3038228195077608,-0.47702683074124375,-1.8631057233656279,-1.7268687830261673,1.6590719922241408,-0.02593417989240411,1.9070404080793517,1.6875597795951909,3.4060712708719696,0.95994099333173,-0.653656341401666,-1.7585358511734515,-0.5603670841942912,-2.47908737899124,0.19710598444677063,0.6665577081465617,-2.6849726384389454,-0.8357877492669543,-1.518717230966637,2.116228630656691,1.5869889676365876,1.9013082779280182,-2.0259038308494404,0.217709126176825,0.9042959849786323,2.0995057146667246,0.793440443803826,0.6722463766126164,-1.4732689865955164,0.025784361435523456,-0.1380723405474096,2.2393494355675374,-0.6918551042070474,0.5127184669249444,2.3444699791469676,3.081295326119397,0.3169319619273311,1.8137924965191679,1.9041219505844054,2.883733386015429,1.6838544384053589,2.1540445022189973,2.0,2.8715299851290865,2.79590325033187,2.506147827137894,2.6091861642044725,0.21723046681897662,1.4383028095710664,2.9107096909866756,-1.9204875012780012,-0.02596874846831912,-1.0386745193061486,2.5750592367732943,1.9966776769452497,0.06724712923882181,-1.800779141827377,0.49884512401482717,2.6352899889818655,0.972702771681005,1.3705786660117283,2.652223576550231,1.6896141877682624,2.773967598085333,-0.8945961944363419,0.5910469141681057,-1.7598337636903183,0.2887283789063993,-1.0836609424544272
0.41388541847075133,1.043570927400645,0.9255761823694864,-1.054352856224111,-1.7966316600522747,-0.1827762052245603,2.4426256887220936,0.16441213415297148,1.0066065197194112,1.1846741539002288,-1.8581221024090255,0.5633295438872298,1.2435996873847128,1.6238534412664325,2.6730299610859363,1.2987081253801924,0.3115334452787983,2.281528362246772,1.5002122343353566,2.507341492886504,2.815082242236837,0.026380315945715285,1.873824079540269,2.6800881059635495,1.309056345213605,1.2169500294431888,1.8840295756618477,-1.3821168751605766,2.5829640102022084,1.430093536281544,-0.5596606710427522,1.3075806242548822,-0.45091207739369477,-0.9593333671640542,-1.100252256400021,2.226408526412425,0.9953125501374601,1.0603223199593772,1.2044000714762726,2.776619815165422,1.1769377791208764,-1.234653429933635,-1.825041633987192,-0.23953089433695532,-2.3538136751775367,-0.0670706608445298,0.6737326401502151,-1.9389207014514482,-0.4906093809634071,-0.8122583688336897,1.7180426426441442,1.1283903537271314,1.6184187230281282,-2.066400910616312,0.03994944619919271,0.3454015441247983,1.9963519277614843,0.5615568801141342,1.184135382437859,-0.5677368613995196,0.2090750935740829,-0.0544013355947294,1.9622977842461649,0.012492027950194495,1.258443997839323,2.861791507794509,2.392611912135256,1.372380380206576,2.2606552614182327,2.069202547411022,2.986428585127554,1.1710971995761283,2.222701696754812,2.8715299851290865,2.0,2.2982956926510894,2.7383782126342293,1.9649139404927054,0.1931116567075902,1.225826750528817,2.520985628755512,-1.7190002428008833,-0.3349510274115234,-0.8197647701720445,2.0458879040316544,0.9762762359416697,1.102306175676887,-1.7931132185556238,1.0910390456458499,1.354208262158795,-0.03529493079994661,0.7851766931724746,2.2514644239650954,0.7483396020874761,1.77384544496537,-0.9659825024118904,-0.029067736056021504,-1.5141198966049338,0.6705577136108323,-0.7394868158189997
0.223969399293009,1.6306803098389766,1.5207667689141675,0.1092938235547502,-0.4518034501482143,0.05347773847421351,1.8700228304178443,1.0578239160566392,1.1120249472872388,2.0916237046311537,-1.517715636020861,1.5326006243751973,2.412409633525774,2.3850905876122717,1.8672736822713114,1.4988159128543517,0.2516336773351546,1.1542725844613753,1.155716967870594,1.688336353174161,2.1508999963273956,0.5719295402700163,2.111322859658788,3.204984691583208,1.613795875645766,2.485631248916171,2.16958709987705,-0.4649681840827543,1.9015417628181002,2.1930388860569208,-0.5530015796448218,0.5948748046714585,-0.46383565668513127,-1.3082119953004987,-0.5871910618577744,0.641640209050288,-0.6218373484027099,1.307227511973607,0.9396327877975728,2.763002649085931,0.0993256827554008,-0.8806433902416543,-1.2000067703904838,-0.7893375240044789,-1.851233513176923,-0.4030677606278416,0.5155207883961236,-1.8247624272462812,-1.5719136507734022,-2.410867302423149,1.5101718506799588,1.61474620482114,1.305325019933854,-1.0401308251734083,0.4833866828139234,0.574547143207825,1.627789560250286,0.9419864480758586,1.2603415076978584,-0.6187584521371738,1.0958771497038875,0.4919087383141957,2.695879636315136,-0.30156541472155163,0.0933466131699803,1.8524399617047016,1.6321502927611289,0.1833803377554504,1.4619618635610447,1.1767953610578836,2.08696540010002,2.205190005988273,1.9147987539398361,2.79590325033187,2.2982956926510894,1.9999999999999996,1.8807894685127189,2.6956935592740003,-0.4465783040818816,0.5407278595882861,2.2416901095640647,-2.4721349549253024,-0.0924945736271789,-0.5151358786639098,2.236013445509831,2.2083516029499326,-0.5777683126971783,-1.1062840188231973,-0.4210441063776822,1.2140832112170337,-0.25160051598804867,0.7711179304711122,1.4401965567041086,0.5255146243866117,2.3333940638022868,-1.4254441924420038,-0.4430973422751296,-1.5699754967003168,-0.8537220894860978,-2.4615379327325355
1.048049754800643,2.3044854879140604,2.353448961742384,-0.004419742306665905,-0.7647297572149876,1.175871113276949,3.3241059399517146,1.502892591586705,2.1352882620659304,1.5356159727811056,-2.8329799193714518,-0.16172325115336122,1.3658317463758625,2.329025191167417,3.1438782152637255,2.0928536161756686,1.6623556859274864,3.308119570446826,2.6197093115234242,3.172774679201335,3.5389596091021454,1.0190540220121682,2.870307797929401,2.250035678249213,0.6487382454539867,1.6213025089393205,2.6415038655150758,-0.14246574117108363,3.6240690648084195,1.6038930294823097,-0.258577634912312,0.6279173628175059,0.5317066311682604,-0.0790051413290875,0.14610462551063388,2.9072739493362922,2.0691874592328747,1.060775319278139,0.9750456266065712,2.8034252793306464,1.5611837461865719,-2.013055115577431,-1.1339377186594097,0.60901547505759,-1.1305277920187364,0.9006715183460515,0.9804539518393947,-0.9226458874989611,0.6351879326631491,-0.15388233829715295,1.061092876865879,2.274477619104074,1.5847962499018582,-1.5697945116114476,1.543603922177711,1.889320246807751,2.6948036105224604,2.110487395766626,-0.0117506506422618,-1.2151298248285596,-0.6154958835365689,0.3123697260843036,2.973454295561968,0.9800093114619803,2.297479567484347,3.418528167455416,2.485591884455091,2.2122585928196283,3.0025226010718815,2.7601822787940966,3.1796314338549156,1.907828915039921,3.33369607708079,2.506147827137894,2.7383782126342293,1.8807894685127189,2.0000000000000004,2.807490568061276,1.6481605248855142,0.16434388303061,2.6587300263169777,-0.5309735617203416,1.491578513610778,1.2824637532517222,3.197742996831085,2.3691759940833323,2.4929263157944876,-0.36139679637379424,2.321733414128735,1.4962745463173417,-0.31304814175576373,-0.7951198019571026,1.4659764154276114,1.1648297785625097,1.3112031299911957,0.2175982907762974,1.1662196159220117,0.26052470221331636,1.6998533640788933,0.19420352544262642
1.146864950181996,2.5193501076674427,2.496576269684687,-9.81558650303832e-05,-0.12397142044545201,1.4539181089384041,2.681704740005693,1.3244707934321687,1.9004138480147685,2.1461210925320255,-2.194682928592813,0.8181250339490895,2.417527070013093,3.2672614049946453,2.5915457411436833,2.1476972544371655,1.5822871598962502,2.34270703743352,2.2454093619041045,2.284379243669373,2.7658712968686547,1.2223830653787293,3.128088004695572,2.7358217645206846,1.008656068103736,1.8592438770839643,2.716010913303851,0.7278274232421521,2.5477089403494872,2.83347710730155,0.08098150905845941,0.6543479065382403,0.818599821987646,-0.4030760477298853,0.15037202128896457,1.8966939447032436,0.557789226840189,1.4643491176746968,1.2497017934267565,2.713330327671461,0.8824136237685328,-1.4839325672392822,-1.0316302069472811,0.2297214897885211,-1.2172980176511214,0.5478776538937733,0.9294842073886557,-0.9785349841470622,-0.09736341195277412,-1.3891617605889262,1.744398987539849,2.5574984501460163,1.7229626704944023,-1.3757797455499587,1.7365159749641943,1.8975774304170905,2.196270034639587,1.8684592369764945,0.51529735955455,-1.0682966737325992,0.2567341876718964,0.7428861607528482,3.306963972911132,0.7838212227869127,1.3702049369351508,2.6986619540573944,2.045502111857534,1.1415506157900508,2.318127271887014,2.35273528839003,2.6672307884457465,2.2032013262891867,3.2516626306535756,2.6091861642044725,1.9649139404927054,2.6956935592740003,2.807490568061276,1.9999999999999996,1.2446565019742457,0.21253216269474717,2.1138075425343414,-1.0612487817662035,1.6204735606268508,0.8254021958168748,2.932293664324746,2.4036145915716216,0.8042835496270102,0.46504845299125114,1.0677839537505205,1.3965324534659804,-0.011128753670743806,-0.2640323529740073,1.1586942034457026,1.3308404162579963,1.3640116049426365,-0.3538131508254588,0.2775730031010992,0.1409031081660152,0.6927781529605266,-1.1544385300546298
2.5187523707161157,1.4363891648054814,2.0743094676431992,-0.2516096610429499,0.4223457630054144,2.3256636260240837,1.5307782811121635,0.8616906714529037,1.9472774381647922,1.6034905689355947,-1.3457514473970251,-0.8698769954145703,-0.5741554859768327,0.6084626474260324,1.5029269137911987,1.376603461587563,1.5877831204380406,1.8287599080333654,0.8823012627958611,0.6804519084508981,0.7985386996996153,0.8181242192200366,1.0948883011804484,-0.4654236813840808,0.24455031417422407,-0.3355701894110181,0.40978166108436304,1.306482720627223,1.2544078687578937,0.2780109915853412,2.083870245108659,0.25183311183914436,2.295843747995093,1.0175193543542136,1.0269794117405018,2.1334692514594793,1.2564328777782088,0.6625523284866847,0.1893382286550741,0.1624680805818831,0.9839383764354769,-1.2365566064773428,-0.4775657928330022,2.296286118963613,1.3485932357101296,1.3341120351181615,-0.0001304915877754914,0.9731130930703553,2.2839974498882682,0.7414082455643236,0.4121508401885298,1.8550893034781457,0.1069336902179578,-0.6737883857862275,2.10767576999809,2.215107534603157,0.9277170388316813,1.5461213032378502,-0.4497339717022351,-0.1130166217329525,-0.4258352493917561,0.12263255665701578,0.9399470606982063,0.033549917169340526,0.9855027306342118,1.2281419280890755,0.5550911226168922,0.799848562464643,1.0313100205670596,1.8520914652502785,0.8169263779732034,0.11823679311906972,1.7186364012552633,0.21723046681897662,0.1931116567075902,-0.4465783040818816,1.6481605248855142,1.2446565019742457,2.0,-0.7094438075380891,0.1880472550506603,1.2038827451446976,2.880601553637951,1.5810336114360004,0.7681251326855325,0.7392144778288292,1.4703387807060924,1.275268301712619,1.7949186725945099,-0.22192105072821888,0.1262211019734628,-1.2073960074641934,-0.7111665909754674,0.9087149670230134,-0.7284115919385261,1.6767640459789714,0.5386671523058003,1.5373495918895204,1.9242075141346766,0.9892837491992571
0.26158167781651054,-0.4228455154813835,-1.1202528663260232,-2.139013846196955,-1.5793844907359653,-0.9077171823512586,0.18465601330370668,-2.396709323871948,-1.3337680306564434,-0.033513300052383205,-0.25450681519528073,0.47735631919398097,1.4463598101079538,0.831830622627704,0.3847095222074997,0.3218868508202395,-1.4826022858211931,-0.4453025877999626,-1.0784937927422367,0.9923684716060834,-0.12065751300504382,-0.8794421558055865,0.24215880467335998,1.6105812511164148,0.9667811305898306,-0.8997001947923118,0.2271652030104196,-1.5341073044402136,-0.0642522965387877,1.1222754875899363,-0.7852044844700952,2.9577716127784344,0.1337206362645342,-1.8982965021157576,-2.4088518150722846,0.2894433150191938,-0.29192976167417906,2.2317834205458285,1.976366631512559,1.8966524125823985,1.1954243168467227,1.7370438236135788,-2.4191255801377496,0.19292037672969098,-2.709233089889014,1.0007249008282182,1.3562368489255348,-2.130903260685806,-1.1071187686433765,0.00011499431151629214,2.9622249204151982,-0.45879270215364854,0.6498086099949064,-2.4886047722209974,-1.4427261863985446,-1.2310439123985326,-0.684821850082733,-1.7949064609601222,0.4556877692982276,-0.4528443933448634,-0.23991115557331189,-0.36740620762010934,0.236213294886692,-1.5010755761647374,-1.3114960140631782,0.7707795906472099,1.9972071074916937,-1.530332286202412,-0.10690248061897228,0.22575780490106198,0.5630320819086188,0.7595942651537654,0.2252305140419243,1.4383028095710664,1.225826750528817,0.5407278595882861,0.16434388303061,0.21253216269474717,-0.7094438075380891,2.0,1.501409675101832,-0.5230917114533149,-1.4425238144804362,-1.839921925312931,0.49088884152254275,0.10306625060044172,-0.9690698465907039,-1.9598878122315635,-0.4106629021542051,2.1034454054252367,2.5640588665225654,2.723931557839499,2.1810697766144385,2.032133762793828,2.0529218380534813,0.2523301636566242,1.0173019905448974,-2.02254347720407,-0.0212639514965784,-0.042729776904092506
0.3197595348006848,1.3913740749238181,0.6687468499288665,-0.8649070459648096,-1.8685130096109568,-0.2513068128340976,2.2835092135030277,0.09479887026481729,0.5159902112336058,0.6087824773855208,-2.5575799725854518,-0.1837872301580546,1.5894843578243796,1.7599356422051808,1.7795772573122897,1.2789705150979804,0.21609410640167623,1.8103749064326444,1.0886560607780225,3.2796260055751207,2.68778740691395,-0.1728393664684987,2.17963474756552,2.720833794226376,1.216661729206853,1.207344674320588,2.0145059301067603,-1.46690832703699,2.6199006180923496,1.3565512284604742,-1.5662771874234491,1.4990327940280572,-0.1936340021719756,-1.9077301608921133,-1.6847078716446924,1.7362432057033084,0.541381499073209,1.7965455256927396,1.6848396037532143,3.1197703534369796,0.9636117029900522,-0.5065433443604705,-1.9783459747352028,-0.2076610182571497,-2.5384180773063534,0.7247894002292962,0.9672023445147142,-2.5791723790524284,-0.8822791039232254,-0.9039236668314587,1.9133829365049988,0.922294389981708,1.4717804112459973,-2.2676224504927047,-0.2887023739723905,0.46688597134091947,1.791159312226513,0.3631831322238448,-0.947032041072195,-2.340136831497542,-1.2830073187358535,-0.5874266373135294,2.1458761959163763,-0.9349851278486203,0.8635551391475229,2.568513375027004,3.097704274269055,0.5027362582084358,2.409033540367514,2.2010372614472287,2.787616463551611,2.350577961112813,2.240428092691422,2.9107096909866756,2.520985628755512,2.2416901095640647,2.6587300263169777,2.1138075425343414,0.1880472550506603,1.501409675101832,1.9999999999999991,-0.9299309012476374,-0.20272516138763913,0.01228971358084896,3.0076631894988965,2.71701139645874,0.6602807612169865,-1.8508208291030468,1.213816349559416,3.0323570910211934,0.9024811259857766,0.4432621768409659,2.0188829563707005,1.5420598567446429,2.9809579854429358,-0.2848773939464316,1.666902053598818,-1.5252470713418296,0.7498712164526208,-0.4186245853752174
0.498661831120427,0.1351751662625003,-0.0691402658665739,0.5803917006099172,0.9519448781069179,1.3032685859061044,-0.4578947069763564,-0.23457008945465718,-0.07640254975320719,-0.9132301812821483,0.5284982382182439,-1.6860720688626434,-1.8834602139043772,-0.6790255736730686,-0.2731457436593772,0.10109461239888719,0.7710352545203336,-0.024190924669754303,0.16348968442716552,-0.1909034520539885,-0.808753871516231,-0.0466748315562841,-1.027031261540161,-2.215421681163832,-1.4642143506207024,-2.215513392039562,-0.6416741027372748,1.1508235638794266,-0.3947330036819755,-1.4270079654277488,0.5319345109238716,-0.0952022600552483,1.6244358087953559,1.7007062004985385,1.064936602837067,0.692537975070453,1.6059643687258378,-0.3577632161485704,0.03687356692561028,-1.4387370713341734,1.1110195208956144,0.3225244259128486,0.7336046880795115,1.878393374305059,1.8002603270553157,1.7855778530284354,0.4257467450957433,1.9166239903294047,2.3490489829977586,2.786225709837696,-0.9038332895345258,-0.0507927301269859,-0.2500962889400493,0.7950957381755877,0.9674463598579381,0.7689291830870238,-0.6232345683934397,0.3277506794488042,-1.6015877468158084,0.038547108031066785,-1.2588966941074933,-0.5195929027680736,-1.2135716729904646,0.9155280395560951,0.795372107645079,-0.24645003412655792,-0.42057359771938196,0.4435435025752799,0.4324563035551353,0.535770454435699,-0.4851294511590935,-0.6167909031320027,-0.2063773637408862,-1.9204875012780012,-1.7190002428008833,-2.472134954925302,-0.5309735617203416,-1.0612487817662035,1.2038827451446976,-0.5230917114533149,-0.9299309012476374,2.0,1.327751986308053,2.0862453735028055,-0.5432888669731053,-0.4443433702777183,1.5354819381198455,1.6687126207633884,1.6919395679071736,-0.1812312348650541,0.554494212597227,-1.5586047362204651,-1.018230693229274,0.5207838099253262,-1.7112702508612618,2.5023601427758724,1.875366486118831,2.506616264377209,1.9715113142988316,2.973683167299361
2.0036200677890177,2.2615466045564707,2.378561180152028,1.1811945357621019,1.5251749811737239,2.5129222369123134,1.7784155085727327,1.6135021202304625,1.9619486751445545,1.775050629062149,-1.127347036410531,-0.5169891800509532,-0.11461403072914511,1.2452107405588408,1.3284335234685711,1.794440041640241,2.3121219946842917,1.830516181187818,1.6126503670525847,0.55352166330239,1.1930447884849116,1.4878918457222399,1.6995753175616715,-0.39223968265034104,-0.4278965912839879,0.2412774641323972,0.6333954653114215,2.0702118627451433,1.4754403716982882,0.7379297710626708,1.708987035540229,-0.5619384636444402,1.9834683233204689,1.879795747815364,1.9185985991654653,1.3747869463869449,0.9969952232996011,0.116311184092116,-0.06823302804697298,0.17950621677560707,0.7919318276821733,-1.6012187571910221,0.427283422477796,1.3674538719919753,1.8461408175101242,0.7313125271535571,0.30974468990764337,1.7853871264104813,1.9867540998824518,0.4162925394898286,-0.11146390385506821,2.183931137850105,0.7737732969450024,0.5590115918350107,2.7188897286125617,2.395790444935662,1.2230452050269551,2.1836291408034936,-0.0910781309279029,-0.0985444570683335,-0.1405414050000447,0.7017259600235363,1.3562454469515617,1.1093417365352196,1.2386412795385073,1.0276147628003827,0.0402794317029562,1.3510622355344646,1.423734017996345,1.7025821885616121,0.9884013583836745,0.5145057021431685,2.023188367141554,-0.02596874846831912,-0.3349510274115234,-0.0924945736271789,1.491578513610778,1.6204735606268508,2.880601553637951,-1.4425238144804362,-0.20272516138763913,1.327751986308053,2.0,2.3832517743931625,0.7374685781268695,0.7781714795496268,1.5741722064509491,2.152296691816642,1.6204456413710504,-0.5964634084398404,-0.16836125656908466,-1.5265818880525783,-1.072722031269391,0.9263101181323823,-1.1479176491348324,0.7675642160641916,0.0037525230738021977,2.389578689770098,1.4942584337198714,0.5498829720929295
0.7707293380886082,1.980117656450007,1.7544622797047102,2.3546061659885664,1.953542123276522,1.7415224749886016,1.2760438107293577,2.19825561659187,1.339262535861441,0.1696244863032999,-1.0652374100245796,-1.0459784215407777,-0.8597369292752122,0.4895442463571905,0.9005999210945865,1.3983517877147391,2.6307035319387198,1.7206395315712997,1.9445357766843347,0.8317808569548969,1.205758160210879,2.028443560922358,1.2163954351707347,-0.7755909854577072,-1.3625615989421127,0.2531195210366735,1.1100387973746029,2.0943631458803846,1.5919728625337377,-0.5701337700223172,0.9187571008698987,-1.2194718996924103,1.5890909113679608,2.3865218443323206,2.8935228618379525,1.0292608509565995,1.602370933573843,-0.8079870908843345,-0.8882459261655256,-0.6393446331537394,0.46183781003188495,-1.4659725329583164,1.5924461556597653,0.8714363266771525,2.1303719947387494,0.84416187868144,0.3619472068910919,2.343005429245771,1.4584494853314713,0.807491838442721,-1.2057965487517341,1.426003982595712,0.3519719740262601,1.506644849301415,2.284260098568665,1.7940868974856627,1.0386713328543795,2.3066244968322036,-1.3019036816161673,-0.3906062658352246,-0.9442638540588137,0.018546815678684797,0.8803539712121495,1.9574159236832338,2.025565796888177,0.9010401779246757,-0.7096282893602435,1.7363556375043274,1.6599230565702705,1.462417735501636,0.48327544131928857,1.1296077740743777,1.4358198854457074,-1.0386745193061486,-0.8197647701720445,-0.5151358786639098,1.2824637532517222,0.8254021958168748,1.5810336114360004,-1.839921925312931,0.01228971358084896,2.0862453735028055,2.3832517743931625,2.0,1.1705676259657345,1.1857696861548477,2.0109738640817647,2.5862159043579345,1.9195673845749222,-0.9313636538299681,-1.2974628810273554,-2.451999795573892,-1.8872451427108936,-0.14993079601838488,-1.1753099360311992,1.1289282581029811,0.8468686171507044,2.826413234960319,0.957982645448507,0.847878978393868
0.3460672313288662,2.072272175699146,2.007448873173353,-0.0376261002926641,-0.8135891119118202,0.9442424162983216,2.5649601498488748,1.3996788428942024,1.552996542972738,1.007676033441959,-2.651544498280697,0.25057959315890027,1.6612211763919442,2.400614768127381,2.451579279492532,1.5262509713819221,0.7444478376932518,2.4506584451667983,1.8332014094820042,3.0701257776516386,2.958692449039049,0.6041877849810484,2.5750438865014984,2.4263488988044997,0.9079233594493368,1.5928396428032723,3.3070857764116863,-0.1438709722851827,2.929860305792659,1.953839144895427,-0.7757567847900337,0.6856789841044876,0.24953401016717253,-0.8988981379029203,-0.3307865007897974,2.29392000776624,1.1509021787033133,1.3973797797367242,0.8385605747284799,2.748766518567126,1.3008129017143528,-1.2281149067345698,-0.811550920627035,0.5655377988602,-1.4562209355118276,1.5329067382432089,1.161845126591639,-1.3387686595045314,-0.1260779585212812,-0.5934570771374743,1.1947751904043031,1.880297821197701,1.1511031454525678,-1.6743652711710026,1.1448871322621756,1.5890672221577593,2.3234288309848083,1.84428845409677,-0.700683094505119,-1.9412157087648647,-0.8311475616500872,-0.3445861196850517,2.9890308658299674,0.5324648115043668,1.7397897933779325,2.8432485004201657,2.581213335731924,1.1129500867083149,2.5735363218726466,2.391135920916431,2.744156046156485,2.317101376345562,2.866038847181216,2.5750592367732943,2.0458879040316544,2.236013445509831,3.197742996831085,2.932293664324746,0.7681251326855325,0.49088884152254275,3.0076631894988965,-0.5432888669731053,0.7374685781268695,1.1705676259657343,2.0,2.9704709616749554,1.2618952857155303,-0.3017979991769146,1.6391882184928628,2.2090012795731777,-0.2962134597083344,-0.3941895509256615,1.0685341521220708,1.192069181407618,2.164827086570502,0.5308141700481026,1.9957343654924156,-0.15037802536741768,0.9387694449197397,-0.2907728570214629
0.5941047012691865,2.2515029957028956,1.7134927324689353,0.6046929443956691,0.05328846101041018,0.8083933221951936,2.0007039107149893,1.3596448710284375,1.3321755424133765,0.9720329255689704,-2.4653905234023625,-0.4238143859353337,1.6067676176364292,2.1303920253994746,1.7353269263964104,1.7248991788159924,0.8491165226319188,1.6909630557199602,1.5310863915723831,2.681839026330323,2.0907575690407922,0.8124660815329857,2.3968807468284927,2.0893627854572348,0.804129141262772,1.3457262410624056,2.601378190743584,0.1116703868056747,2.4512456291442914,1.7778740093109224,-0.9410680815647191,0.33098234783988373,0.2488058410274911,-0.7149001498872604,-0.1752107383222312,1.3964450689055647,0.5920083324425668,1.714520319644302,1.3207380587970423,2.459518175558255,0.914895554721429,-0.4440013511393563,-0.3663201331759997,0.24895161509909244,-0.7345567508149572,1.380974277371943,1.579706706839064,-1.0274355038173146,-0.2187604247091498,-0.6646489032394391,1.036794767322709,1.9133310813151116,1.357245173231013,-0.7521649178176856,1.0517040511820532,1.339964651726317,1.9859732073287988,1.5156427323889072,-1.1002400168647888,-2.141737216605616,-0.8582643425975163,-0.2004101568245102,2.4222649883169978,-0.1465705009072898,0.5999400531347594,1.9887914716409876,2.2279612458016445,0.45887158174681564,1.9460297184929696,1.6409571079312215,1.8867358256949425,2.570270196888781,2.364460994811557,1.9966776769452497,0.9762762359416697,2.2083516029499326,2.3691759940833323,2.4036145915716216,0.7392144778288292,0.10306625060044172,2.71701139645874,-0.4443433702777183,0.7781714795496268,1.1857696861548477,2.9704709616749554,1.9999999999999996,0.5945556549045115,-0.2923658844774436,1.1390032398694379,2.147543203847242,0.5444359478440693,-0.35175589634603355,0.831862583793407,1.2981254362374837,2.138371881509109,0.05541831723954499,1.9822801730673079,-0.02729816076683389,0.5649312808538359,-0.2635399339271291
0.8373458589923404,1.2230454090355165,1.4509932564679953,0.8098692485367212,0.2940409193953296,1.3876598962130897,1.8339530629841159,1.1196528337897886,1.609824127361835,0.20967137219993,-1.4874485332369336,-1.4542426557485877,-0.7749754114614664,0.721292312700956,2.152135978083727,1.1338010237356513,1.915839983220343,2.4664807447482278,2.2992480875895405,1.8312176317604185,2.0605980266458452,0.7337128836304796,1.1349052201651473,-0.2479587139425505,-0.8676894979197143,0.1758902530663871,1.1500816869153518,0.8354509404819561,2.5545193386932903,-0.4488663300354936,0.09405159316566108,-0.4503576420535059,0.7510393616805554,1.4745789653293038,1.2481282984493576,2.5159233790409523,3.4017207358389414,-0.33777216410843247,0.03464159668459789,0.5042678843809528,1.3222357385490588,-1.5824180822447942,0.31319716686755183,1.3512040749027279,1.0486320147485335,0.862143124321608,0.3445878040800897,1.0307156812590967,2.238602958899851,2.15643565972711,-0.7353863670753329,1.2474729975665948,0.659268575976545,0.15003140843978852,1.7031027223403714,1.6994210361977362,1.553053334089686,1.8519432377253051,-0.7522484218989552,-0.1683933837050936,-1.0475884941465727,0.6032098886755463,1.0883900254641954,2.1421399648793944,2.7873102414186,2.13484346380375,0.6334074906607446,2.9756394456013116,2.09889800003634,1.8669107647808705,1.7143862038928566,0.044439404702125804,1.9351579090713305,0.06724712923882181,1.102306175676887,-0.5777683126971783,2.4929263157944876,0.8042835496270102,1.4703387807060924,-0.9690698465907039,0.6602807612169865,1.5354819381198455,1.5741722064509491,2.0109738640817647,1.2618952857155303,0.5945556549045115,1.9999999999999991,0.9381637585556601,3.01102700437061,0.033017541954093295,-0.6876525483878216,-2.0234003822661712,0.2268734666059837,0.10043493718306898,-0.9277656300934823,1.2642932100853557,1.246211614190513,1.8250278743567199,2.5689306890094135,2.3969012450362817
0.9672517471338566,1.1795517746328372,1.1965294788134566,1.959946586961245,2.35720039363037,1.5974428618542957,-0.3238827409001034,1.275510912572891,0.6700718162124167,0.2692614993883551,0.6323398991704392,-0.1647064099356809,-0.7149567583706864,0.4391375721399206,0.14346245038291955,0.603800462315494,2.130491526834742,0.3373942468298764,0.7848129736214254,-0.9928391650747698,-0.452016883615463,1.8927411460387749,0.504295943889959,-1.5494000749629275,-1.2170317411072906,0.004029773438014028,0.2427942174143331,3.358490132610024,-0.196909651558196,-0.06396600637708122,1.735429526806742,-1.304437501848717,1.761847227632452,2.400487016342495,2.982580719933809,-0.042512612786953605,0.8961683216501812,-0.8327226891659122,-1.1101566680786883,-1.8264373837810592,-0.2433794017422734,-0.48397288099870106,1.9667307972499986,1.1711397401294579,2.790260578070665,0.6176633314887001,-0.08174710134113558,3.093847884753273,1.5227658477489157,0.8919813722598631,-1.2116084768393192,1.0062744273161734,-0.4188843358038534,1.9323629542122522,1.9723605132022364,1.2067512758725754,-0.234946215505173,1.454652487786996,-0.1999834757855215,0.8540007553873046,0.42536323686131094,0.7123046493182602,0.11665873971532759,2.065935734313071,1.2201710793476415,-0.2646619406456175,-2.0069427791664585,0.6509464130652469,-0.1238390844748309,0.2308828990058066,-0.9032685069789268,-0.32788634881529066,0.41413838184294527,-1.800779141827377,-1.7931132185556238,-1.1062840188231973,-0.36139679637379424,0.46504845299125114,1.275268301712619,-1.9598878122315635,-1.8508208291030468,1.6687126207633884,2.152296691816642,2.586215904357934,-0.3017979991769146,-0.2923658844774436,0.9381637585556601,2.0,0.9718371457072036,-1.8908686283259484,-1.1100458864193454,-1.9021454301164558,-2.593486298755326,-0.5525285090550132,-2.248467046096941,1.129814411936665,-0.35850307416186317,3.0694460868828912,0.46324528698506595,0.6800057716341685
1.8546731225307407,1.510484334635264,1.6349141169900658,0.3331373289964302,0.15513974636684746,2.095563059308798,1.9801195207236792,0.778293301847933,1.8448888706554796,0.5184952440845383,-1.765590315656893,-1.9556286651932702,-1.05573425215327,0.6841108619885368,1.7788502389351417,1.5097548536969077,1.2828658134383193,2.745270053126932,1.7575710765978996,2.5376335026059404,2.0653812400734664,0.1268404417812394,1.431640088898169,-0.3527575779315395,0.3378506149177765,-0.46707727063283755,1.5314922777086122,0.7053543061422143,2.3753465543002306,-0.0372584206581972,0.16341335175898059,0.4874268743103195,1.3041983234295107,1.0468645239214212,0.6872689282182984,3.262124550152098,2.6578604271661486,0.721790967249316,0.4025511187269357,0.829572867202814,1.707534997471483,-1.2355060644671743,0.3647932021719515,1.406591722130555,0.7597210796178262,1.4062954181935974,0.8982166370658776,0.578647862818786,2.8188432602869034,1.910589513833787,0.19886370734875958,1.560149706783567,1.2287804894157996,-0.43196740065481987,1.9554332274574295,2.3389627905923085,1.8002944951468,1.8558489121633501,-1.3357402476438445,-1.1550895261391165,-1.9020994211358027,-0.9231352696439743,0.756887071869164,1.0083696267701814,2.392714470706034,2.1656751027835695,1.447234892075062,2.071087734066375,2.3617235929828593,3.0075197311429895,2.257603014054214,-0.19923728246413316,2.354255105977096,0.49884512401482717,1.0910390456458499,-0.4210441063776822,2.321733414128735,1.0677839537505205,1.7949186725945099,-0.4106629021542051,1.213816349559416,1.6919395679071736,1.6204456413710504,1.9195673845749222,1.6391882184928628,1.1390032398694379,3.01102700437061,0.9718371457072036,2.0,0.8970122739629603,0.08089758652295669,-1.7466835215232488,-0.008910784814184104,0.4920185046898588,-0.5217173585837741,1.206119472523868,1.6340401059297767,1.7237176042841447,3.3259577589843685,2.3406409183950307
0.2712726588282073,0.6641309744911346,-0.003802834053897499,-1.4539474610946976,-1.8002547738853307,-0.0436273512259243,1.20138570782697,-0.9533382266397482,0.0313866441410296,0.1408396215661819,-1.6739468108975615,-0.382083115624214,1.4563264798411477,1.4556977235991322,0.7603545391023518,0.6821634464491159,-1.1440943024597343,0.6434455890671489,-0.0022644402117686993,2.6296454547138155,1.2563361475379335,-1.3881933751662663,1.2162885524419331,2.034907094580913,1.5441779865161283,0.011215510938726608,1.4156999827499197,-1.6255980454565377,1.341358131048711,1.4788054912114819,-1.9869594976263816,1.820491078923998,-0.3933386893680051,-2.3851883473631412,-2.688827168306202,1.4148696408972465,0.3134792384884354,2.3039751498934278,2.065135673683895,2.8168064979747736,1.3810077809599854,1.0164735279360904,-1.7042567231318664,0.1328371337601273,-2.3720296741041986,1.485289302231624,1.3628434739548343,-2.6984742098901533,-0.3244629433813806,0.07959757033231943,2.1557862091986078,0.5064500309729771,1.3515956796252178,-2.275190355568803,-0.6583257704436919,0.2750078243984041,1.0612187796190227,-0.3772216611906245,-1.1429126988925058,-2.5031652094103567,-1.5396002871015166,-0.9562952039792278,1.0929602656531612,-1.3989880120739249,-0.0714470106504107,1.5759411321487082,3.471871016331178,-0.6078983982741215,1.2309506549130342,1.3811782960029593,2.0368302707758197,1.32647576842923,1.4044316986574976,2.6352899889818655,1.354208262158795,1.2140832112170337,1.4962745463173417,1.3965324534659804,-0.22192105072821888,2.1034454054252367,3.0323570910211934,-0.1812312348650541,-0.5964634084398404,-0.9313636538299681,2.2090012795731777,2.147543203847242,0.033017541954093295,-1.8908686283259484,0.8970122739629603,1.9999999999999996,2.2809256969882856,1.2864221485985137,2.4510697885385446,2.3180304102389147,2.918414582249654,0.36918431374482086,2.638513846680468,-1.4796491012859128,1.0880364823652013,0.7313670756529103
0.9939758070880793,0.323719934533319,-0.9022478003415746,-1.529958613302337,-0.7720898135605758,-0.11135852577636729,0.18187052407321191,-2.309766066216716,-0.8785857203816823,0.28335015895636745,-0.1649909536170281,-0.41886917074442,1.032753105828061,0.7529524769456074,-0.05671482425412119,1.0026819598861656,-0.8891879040640568,-0.46112287146220965,-1.0228108729207208,0.8296241925713188,-0.6512775747413699,-0.6090733168761833,0.4480798932838301,0.633052366971027,0.9841520076278123,-1.5723367906830095,-0.3826508649915932,-0.6003120286506801,-0.21289458066595668,1.137528788841192,-0.5777691786720558,2.6989370641464223,1.008667129296739,-1.0363911586906693,-1.77154634839414,0.1830675448491833,-0.06874593034323312,2.6005350535829437,2.6588230897429157,1.4642117704533328,1.527862468383149,2.1166490357184933,-1.5828139322248334,0.5111105199946095,-1.335204316188611,1.4199940654637757,1.8617670729852538,-1.099053011793469,0.09613007839804938,0.7671518524186595,2.591256045544151,0.35307470333584745,1.405073263680365,-1.5060434761613604,-0.7067898482716599,-0.4579174912877816,-0.6527428368187276,-1.5091964282418044,0.02803377203885571,-0.8713662182927444,-0.3870408110808128,-0.17561130517993317,-0.3002805366267481,-1.8261303891017628,-1.658007447622042,0.3776151238584159,1.961332047565246,-1.7102882070635983,-0.31367984764301915,0.0679713452917302,0.2148603987080715,0.5687848118972592,0.338846910595912,0.972702771681005,-0.03529493079994661,-0.25160051598804867,-0.31304814175576373,-0.011128753670743806,0.1262211019734628,2.5640588665225654,0.9024811259857766,0.554494212597227,-0.16836125656908466,-1.2974628810273554,-0.2962134597083344,0.5444359478440693,-0.6876525483878216,-1.1100458864193454,0.08089758652295669,2.2809256969882856,2.0,1.9226936341316458,1.6726898481349353,2.629475302163362,1.184296267860142,0.427252182886994,1.3136744242577572,-0.5249112683692579,0.7017271643463278,0.9749816513404514
-0.30247023109534477,-1.046512846359533,-1.5470320461994134,-1.5760815450748766,-1.206325402341625,-1.6384303095075619,-0.8424034383463576,-1.8661603364403092,-1.631680652146457,0.1958525611536095,0.786980452588948,1.6062234632741488,1.7529973811034543,0.2534460981778946,-0.48277137692445626,-0.5507944491381638,-1.8721296271912227,-1.4805731682615098,-1.921008565357927,-0.40422162377297194,-1.0852695346517105,-1.0643238435459341,-0.5226528520395395,1.3536426874504102,1.3572958008763192,-0.27525600669671585,-0.44923466904938514,-1.512454479640673,-1.1456544674561806,0.9554846675074236,-0.5556525283547903,1.7461259438495131,-0.8666977925056791,-2.035481795710127,-2.2337972048123937,-0.9631807806381831,-1.3230602403289202,1.2300517686263674,0.9709838184048839,1.074338611268851,0.14887016186431998,2.0214480173818608,-1.3535906046501536,-0.4141931489754419,-1.983368898159707,0.0629849050757994,0.5876941214981275,-1.7938506527480573,-1.810113425241627,-0.7836239768072191,2.3337186619414094,-0.932438822893882,0.0839615925204111,-1.3723879565010537,-2.0050184295320563,-1.9238361231488397,-0.8280506223359493,-2.0217595054845594,1.6590002258607048,0.08398085680845169,0.9501750003774423,0.1868981075495413,-0.24055823623166459,-1.629993058290967,-1.9212281923309749,-0.4205349827199701,1.0041699423074204,-2.0006782070494378,-1.312889962820639,-1.0984936768257785,-0.3469760525285638,0.3618298662580276,-0.8983515089560024,1.3705786660117283,0.7851766931724746,0.7711179304711122,-0.7951198019571026,-0.2640323529740073,-1.2073960074641934,2.723931557839499,0.4432621768409659,-1.5586047362204651,-1.5265818880525783,-2.451999795573892,-0.3941895509256615,-0.35175589634603355,-2.0234003822661712,-1.9021454301164558,-1.7466835215232488,1.2864221485985134,1.9226936341316458,1.9999999999999996,1.584595124511532,1.5869269036960971,2.1035784907558006,-0.4798449892936933,-0.1413132152895901,-2.4123910578364027,-1.4580260599131323,-1.0306217215109648
-0.12605880124201138,0.44715497524759307,0.09776684493820169,-1.371896031634734,-1.7195752493442953,-0.5548533372870187,1.5293168942076576,-0.8310057760174281,0.3731463174888316,0.39323734062555094,-1.2269089755014615,0.3491505236773374,1.924900888424714,1.612155752238418,1.5054999877475768,0.9580050914595137,-0.639121093273884,0.7043598318343074,0.7998238101566254,1.8215257189024046,1.4398238453585774,-0.9440456482613698,0.9186177591995535,2.5334172121789242,0.6773201645196525,0.26065462386184546,0.8384230678253832,-2.215230211159091,1.314303884701801,1.5360065360142832,-1.6524003087088608,1.5921616751104648,-0.8694885539554741,-1.6493800868037458,-2.3890209885987326,0.8800254733143194,0.38658818891830415,1.5207503960668773,2.4211108509905843,2.922646769401043,1.3540536528339677,0.1437823175865779,-2.209948078131814,-0.6614593035743515,-2.87365067314591,0.2344206103763417,1.110588653356969,-2.6589321815047255,-0.8657530974499398,-0.25705248095638056,1.9833457866409656,0.6848815650366625,1.8433053962310857,-1.9437314387425852,-0.6887723205729399,-0.18790752662782562,1.13324750044842,-0.4026792790217095,0.7608569807796861,-0.7150369850241332,-0.07007719363908801,0.45956898257477424,1.0736361358852904,-0.5844370751799193,-0.2257205192434174,1.6759315414329141,2.7613272072692654,0.2873439834766044,1.1570137893868588,0.6927208458940259,1.9340432900338556,0.9464301289345984,1.1726783446466373,2.652223576550231,2.2514644239650954,1.4401965567041086,1.4659764154276114,1.1586942034457026,-0.7111665909754674,2.1810697766144385,2.0188829563707005,-1.018230693229274,-1.072722031269391,-1.8872451427108936,1.0685341521220708,0.831862583793407,0.2268734666059837,-2.593486298755326,-0.008910784814184104,2.4510697885385446,1.6726898481349353,1.5845951245115324,2.0000000000000004,1.5305688259453687,1.9994746090769229,-0.8453610632626414,0.78578059500655,-1.8973393442219653,0.3605676721799441,0.0477112254452946
1.3708418954005877,1.3206486130253177,0.6777937656081847,-0.9141274436738208,-0.175110697588569,1.0305937823786548,1.4891475059357788,-0.6626898836313959,0.5742605940629086,0.7658819283572597,-0.9524456894899238,-0.0033694820320072927,1.5352479230845102,1.672605065855072,1.050389447705074,1.700492142997132,-0.23942057118001542,0.8459548787954911,-0.07014204321083368,1.4919915546130096,0.4347061625159782,-0.17335413873090497,1.3243241695386792,1.289835762133777,0.7219517687663632,-0.8552512008642158,0.8610661328053728,-0.09616327960992654,0.8467284028507983,2.003694328397489,-0.22061458341582763,2.3664496455361346,1.101662753520501,-0.5944012391946766,-1.2459161029692214,1.327404783447716,0.6953458071203374,2.404188879106904,2.2219453335826667,1.9956749507077682,2.2450777619259568,1.4654919854905024,-1.1661966483468162,0.7983194045353649,-1.2015356439221287,2.019901035012711,1.9848379929658382,-0.9263770592450047,0.512456790090076,0.7239696613481131,2.350798168613186,1.3715764621570825,1.7087287871077506,-1.575353215765213,0.39212659900463787,0.8092161977583424,0.7789746563350808,0.0719215206421771,0.371252123966707,-0.7405816701297421,-0.13491964820437488,0.053644682976932256,1.0550784499419452,-0.6987586743183095,-0.6385627638712129,1.4281167193875985,2.553761929627795,-0.5313359293506257,0.8448726501952879,1.0134893386862949,1.1743948783021525,1.1991219750084072,1.4968946271303145,1.6896141877682624,0.7483396020874761,0.5255146243866117,1.1648297785625097,1.3308404162579963,0.9087149670230134,2.032133762793828,1.5420598567446429,0.5207838099253262,0.9263101181323823,-0.14993079601838488,1.192069181407618,1.2981254362374837,0.10043493718306898,-0.5525285090550132,0.4920185046898588,2.3180304102389147,2.629475302163362,1.5869269036960971,1.5305688259453687,2.0,1.6291015377213196,0.7785410703653416,1.7051424252832164,0.06259245019103771,0.9287249883020979,0.8412583667258223
-0.17481254828931891,0.48414419551943255,0.07596882441016989,-0.9639863413897993,-1.4985160305068552,-0.8842341254119253,0.9456626080562683,-0.1577823744563127,-0.1010150612473059,0.1791928127027993,-1.4451889395991635,0.8541430085535504,1.9408289567367893,1.2371588616686793,0.6151426986328539,0.30220079277891687,-1.2570914339698942,0.2350551182495188,-0.375903859683971,1.9596952261394684,1.1049027658018806,-0.812478157332521,1.1292199752516747,2.752569679536794,1.4733712960484158,1.0951716335757513,1.5666158658906455,-1.833819291705947,1.099298734079177,1.5019327871077475,-1.7701686012201105,1.354872915741949,-1.147865768124975,-2.651551315192519,-2.393504074870724,0.396446641696638,-0.6482879353254042,1.7261982625224752,1.3612979559447735,2.6832845547945827,0.4673896411724698,0.9635210212962856,-1.4590670340571628,-0.6065630917156019,-2.529865074519486,0.6957204358634077,0.9445466084554466,-2.902459636569194,-1.776911247271618,-1.2989183557003414,2.018065546682517,0.2802498559042879,0.8902416910556255,-1.7960694799248702,-1.1147694615180537,-0.4011189656429619,1.1413438559531768,-0.3113134902161924,-0.1264841418523527,-1.7208192540023215,-0.424128292294847,-0.4735698126347063,1.376525669937661,-1.5712218408764633,-0.6130977670731559,1.2993244570931703,2.5916929714266534,-0.8411931106059702,0.803342642038734,0.5312839287788516,1.4000873546238595,1.9671034594266146,0.7242973859731779,2.773967598085333,1.77384544496537,2.3333940638022868,1.3112031299911957,1.3640116049426365,-0.7284115919385261,2.0529218380534813,2.9809579854429358,-1.7112702508612623,-1.1479176491348324,-1.1753099360311992,2.164827086570502,2.138371881509109,-0.9277656300934823,-2.248467046096941,-0.5217173585837741,2.918414582249654,1.184296267860142,2.1035784907558006,1.9994746090769229,1.6291015377213196,2.0,-0.6133438651150551,1.5239716950626105,-2.5421138856537357,-0.6832535119674128,-1.112455242509383
0.4248095456701997,-0.5583196731883597,0.02673118128389354,-0.9988683406376233,-0.284698856838494,0.8200352478189267,-0.7618751015177261,-0.7558116656915506,-0.3092934567551876,-0.11549410047649061,0.405708584011399,-0.2018246510995795,-0.6213281693462587,-0.012773330171167663,0.5209410387175548,-0.6936338380308541,-0.169839378841167,-0.35506193558062116,-0.7762894141166099,-0.3080996282597017,-0.8466110088331327,-0.4205208981996481,-1.0021065028143048,-1.3164297197858468,-0.06768775601762281,-1.1100696967294772,0.08319697048776689,0.9750156081192384,-0.2578274922182629,-0.753112983236518,1.2693768646466594,0.4148213217446931,1.356969516742631,-0.2225375834816313,0.07841406709019151,1.0020121256426158,1.6436340442245316,0.3980949761158855,-0.2201758639188227,-0.7073720787397635,0.6832460884030527,0.7057844415992167,-0.3119640624304605,3.3171120920742734,0.9525455604497954,2.483915113614147,-0.2604773314957492,0.8491889994033233,1.6689355594053548,2.1587047442491567,-0.06588329057242238,-0.14300527909180483,-1.7230476174333489,-0.9140361854978966,0.36701065114717335,0.35162467101840766,-0.8055395907721212,-0.1566556161169554,-1.067157221216821,-0.0974559098218682,-0.31284745513518963,0.0349348835978385,0.1073198005819685,0.3819266132906069,0.5941484839937349,0.40658425771247103,0.14146494782155414,-0.0964341690987522,-0.211741078087434,0.2473700792886016,-0.5372813328831942,-0.21154550138123593,0.003815999317196006,-0.8945961944363419,-0.9659825024118904,-1.4254441924420038,0.2175982907762974,-0.3538131508254588,1.6767640459789714,0.2523301636566242,-0.2848773939464316,2.5023601427758724,0.7675642160641916,1.1289282581029811,0.5308141700481026,0.05541831723954499,1.2642932100853557,1.129814411936665,1.206119472523868,0.36918431374482086,0.427252182886994,-0.4798449892936933,-0.8453610632626414,0.7785410703653416,-0.6133438651150551,2.0,2.295331010815973,1.2812819576453771,1.5155133757658403,2.2838900581533363
0.0712957623107355,0.5352367806846888,0.236951518185484,-0.4196148786932219,-0.39161192119238186,0.7320737956011583,0.46071856149452306,-0.26226316598294996,0.1812029552325311,-0.9209052954990932,-1.1966179710161298,-1.1339548341342933,-0.0349623256147414,0.5497031213811256,0.763682837353012,0.1856549613680919,-0.6772507407277067,0.45679737788146413,0.0560686832848909,1.8296483467766125,0.3848094222124723,-0.8509246241828368,0.1742019093923532,0.1764906884280039,-0.12555070724741338,-1.0154434549652829,1.5080084806349212,-0.3171941948275468,1.0534390063749715,0.19667259283173824,-1.1924023566350972,0.7725146101814089,0.2561053541327014,-0.8021530481940106,-1.0493104358052854,1.5352003227363646,1.7314183717114207,1.2817695856123452,1.0694045894672537,1.1317548192788642,1.8045859942025027,1.1546131390707746,-0.285542042239284,1.8826144829581324,-0.272760713323817,2.99787147865129,1.541313668811604,-0.46987880132677257,1.124717503252096,2.0881493811329768,0.549979971421056,0.40915770856779443,0.1806857604214327,-0.9736191848540969,0.2884947711918141,0.6660844985524249,0.6014027447787743,0.38726487980178015,-2.018360859078436,-1.7378427594768906,-1.7532168518659141,-0.8427909625005108,0.5270148379738303,-0.0653900011665437,0.5597842125046688,1.3080328246400843,2.1337288883516603,0.12068929079561551,0.9378616914707092,0.8147575919013947,0.8093025884184455,0.8526268702914568,0.8414815664517785,0.5910469141681057,-0.029067736056021504,-0.4430973422751296,1.1662196159220117,0.2775730031010992,0.5386671523058003,1.0173019905448974,1.666902053598818,1.875366486118831,0.0037525230738021977,0.8468686171507044,1.9957343654924156,1.9822801730673079,1.246211614190513,-0.35850307416186317,1.6340401059297767,2.638513846680468,1.3136744242577572,-0.1413132152895901,0.78578059500655,1.7051424252832164,1.5239716950626105,2.2953310108159726,2.0,0.6100385937984072,1.5841769854520495,2.3636189014680076
0.9798555586452589,1.499793847091789,1.4918325977905726,1.8642109475821267,2.322209138899688,2.2271628400726926,0.47634369063773047,1.3182770799334398,1.2114750768471596,0.0711771259797474,-0.050619423505851774,-1.1861655298354705,-1.1924272035582217,0.1565540626268841,0.5692410458786921,1.1008743411211976,2.1199302437038874,1.0640168095547113,1.413218651049786,-0.2733599805917721,0.00914857985441353,1.4941771940727437,0.4635431982996448,-1.8535127607889892,-1.5467160410584542,-0.8326794037476448,0.36987629668132016,2.6537666254145282,0.5824521538798642,-0.4429234265548528,1.435895904345599,-1.0771629223066184,1.7218710066094949,2.9735177150185192,2.878326357628423,0.7874731235565421,1.7328116710032113,-0.86785568587047,-0.6213327781236068,-1.399453619258069,0.9816779435795854,-0.7973220705352926,1.9160743285826425,1.5262682310418143,2.7560129346037123,1.2360791979303447,0.655992692326429,3.2885256881380918,2.627622912737401,1.9352352921928082,-1.5214424526273618,1.3949761347226017,0.2506174107243481,1.8614326147722853,2.5492816689933253,1.8958292302332844,0.2760587763795063,1.9777237293861623,-0.515741146269349,0.6467713072364272,-0.19635652201062848,0.37307419016521903,0.008672044331408918,2.1495993881025353,1.3302272013764784,0.3452216629875283,-1.0861479581207916,1.4785804377081946,0.6422574816636718,0.6678576211136902,-0.32114760253160607,-0.4698710903222224,0.9356339046567395,-1.7598337636903183,-1.5141198966049338,-1.5699754967003168,0.26052470221331636,0.1409031081660152,1.5373495918895204,-2.02254347720407,-1.5252470713418296,2.506616264377209,2.389578689770098,2.826413234960319,-0.15037802536741768,-0.02729816076683389,1.8250278743567199,3.0694460868828912,1.7237176042841447,-1.4796491012859128,-0.5249112683692579,-2.4123910578364027,-1.8973393442219653,0.06259245019103771,-2.5421138856537357,1.2812819576453771,0.6100385937984072,2.0,1.698896610302574,1.8800455864876569
2.023928488700641,1.0030127223891852,1.3705895983433627,-0.5646376954512965,-0.1663678791364841,2.2805004878074415,1.448938140759218,0.011956544014579101,1.551621740648128,0.666376264155525,-1.1729392403986776,-1.8600518529499903,-1.0370132967043122,0.479365533942317,1.331771800124021,1.081293319652738,0.5235242182185259,2.016306800467892,0.9874999238281883,1.8341446097455492,1.210076757828471,-0.6861703372509276,0.6877644558891534,-0.657815509323157,0.3825341308400832,-1.258545251012581,0.8355461252752909,0.3776548338239317,1.5138821877732205,0.06713330376890221,0.3104201611093772,0.9449714044214812,1.4873503371239907,0.6480645443175509,-0.0893787753028866,2.9762686289246534,2.260147940231827,1.012240338109757,0.8772329830441232,0.7726050099573369,2.085723704392034,-0.8717790056602789,-0.2413820809780319,1.95218213871725,0.5205537246445728,1.6984369397557346,0.838318398330222,0.33970800547941826,3.29721329944946,2.276023883514043,0.33961659360923413,1.2542894333715364,0.878904581367516,-0.8516443939901261,1.7057042372331395,2.257149526460947,1.218842582040704,1.296415974899373,-1.024471427665833,-0.6461493982558071,-1.5480938068030068,-0.9148199634170572,0.3349261570126062,0.5067887319858435,1.6171250546482039,1.7734886708542297,1.628537797272256,1.4888268823393054,1.6716360181601373,2.465801559104873,1.742127177914091,-0.9584945363031869,1.813450934327848,0.2887283789063993,0.6705577136108323,-0.8537220894860978,1.6998533640788933,0.6927781529605266,1.9242075141346766,-0.0212639514965784,0.7498712164526208,1.9715113142988316,1.4942584337198714,0.957982645448507,0.9387694449197397,0.5649312808538359,2.5689306890094135,0.46324528698506595,3.3259577589843685,1.0880364823652013,0.7017271643463278,-1.4580260599131323,0.3605676721799441,0.9287249883020979,-0.6832535119674128,1.5155133757658403,1.5841769854520495,1.698896610302574,1.9999999999999996,2.7396860530359026
0.5842597048337965,-0.2502931340794147,-0.16772764475450372,-0.1429596816343047,0.1515498829724468,1.0916354846051053,-0.3245596169353351,-0.6331581608142522,0.18008286627237266,-1.1562699712767053,0.1000503566514848,-1.9706799573246523,-1.7294554272949876,-0.6629449988556502,0.21863725628309416,-0.2684660168856091,-0.085392655130091,0.26221646061568493,-0.0217805923157868,0.45517705702730815,-0.4828427757395254,-0.9747967506273796,-1.016710817372066,-1.924200147672002,-0.9302467965516902,-2.122389785413519,-0.3390842410945554,0.4426002184837141,0.09646681874521859,-1.1625256633811512,-0.0851005807517166,0.2150856566318826,0.6975097570391735,0.7161025339446664,-0.09509466738474731,1.4982229273340144,2.5022168331620014,0.13861343139521287,0.3872409984257848,-0.7203149383215366,1.4442133761901608,0.7489267390102092,0.47677163004752565,2.096802407633582,1.2840222900518607,2.007950480066152,0.5897056039627541,1.0155991031778617,2.7483138320131597,3.574466355577066,-0.7137652282478311,-0.0829621752003349,-0.1894046441508195,0.19056254379818288,0.6058148601337232,0.8166445359745691,0.0069570476890147,0.2657953817886265,-1.4683997811678458,-0.2439027555243432,-1.5041618631696738,-0.4411379311861161,-1.0893940252673935,0.8443492634015006,1.1478116959379738,0.4270010748667048,0.5282616540940677,0.9114452383905568,0.34784140490278215,0.5117184981101145,0.1061921774063665,-1.3577889220846577,-0.035893835016650694,-1.0836609424544272,-0.7394868158189997,-2.4615379327325355,0.19420352544262642,-1.1544385300546298,0.9892837491992571,-0.042729776904092506,-0.4186245853752174,2.973683167299361,0.5498829720929295,0.847878978393868,-0.2907728570214629,-0.2635399339271291,2.3969012450362817,0.6800057716341685,2.3406409183950307,0.7313670756529103,0.9749816513404514,-1.0306217215109648,0.047711225445294714,0.8412583667258223,-1.112455242509383,2.2838900581533363,2.3636189014680076,1.8800455864876569,2.7396860530359026,1.9999999999999991
