0,1,2,3,4,5,6,7,8,9,10,11,12,13,14,15,16,17,18,19,20,21,22,23,24,25,26,27,28,29,30,31,32,33,34,35,36,37,38,39,40,41,42,43,44,45,46,47,48,49,50,51,52,53,54,55,56,57,58,59,60,61,62,63,64,65,66,67,68,69,70,71,72,73,74,75,76,77,78,79,80,81,82,83,84,85,86,87,88,89,90,91,92,93,94,95,96,97,98,99
2.0,1.923011602595243,1.7843138114175146,2.6837960886827226,1.9798589428534576,0.9747846705939519,2.4879356669253325,1.7783045139229812,1.878121815340978,2.6949685190103345,-0.9246581362680892,-1.9304977188637764,-1.0437807203304195,-1.030785381059347,-0.04007545248778829,3.0873220860322745,-1.5184088854800406,0.9145181220021572,-0.5217900850354895,0.8143058513199637,0.33489674782662865,0.6538195592591596,0.36262471307135713,-1.3766568358242262,-0.3179443076935321,-1.8624314201623726,0.33911255879623786,0.9546900421885594,0.2032076202652931,1.392184854251249,0.39450249192702236,2.4578677920218013,3.171710743187058,1.0668173186150296,0.8817618865460226,1.0103679192454855,0.6374799865835273,2.8833072425937782,0.9626014034003963,1.2521394361776057,1.6831886134200436,0.8675991964712721,1.6619725832056829,-0.4511860285513084,1.44669079338989,1.6916240711762582,0.6420724011451149,0.7089654027121652,-0.4188488536505812,1.0428174976282554,-1.8396062197295242,0.8580858721556548,0.3225201326867609,2.0160700643674616,1.148351969704318,0.8533806971886144,1.7375267201756732,1.631294353954061,-2.1303650211320315,-0.6936722814452441,-0.9662599803095857,-1.20598793291362,-0.06483559749935301,0.12366829981843039,0.1333334852226084,-0.34264702895810617,1.3806470549036913,-0.6819863296874157,-0.3838718954791099,0.7473330596245079,0.4191963855370326,-0.3584233533102583,-0.27467351782805194,-0.5269564429518663,0.46324988987684484,0.38832290537025077,0.9051555015919102,0.4514983634435442,0.123537401492801,0.35436910714108727,0.6321619970968602,1.5216495039216098,2.2902522103480125,2.570507225155648,2.8732805751317314,2.043244197961842,1.4243797409532943,0.7644378066060968,1.101609855488039,1.0145978246336618,-2.44070285722284,-2.66875798169255,-1.8655134453668514,-0.0723971592438722,0.4941723447628185,-0.179886148818988,1.9178232081626345,0.8885384662122555,0.48789448140726377,1.0165316134530056
1.923011602595243,1.9999999999999996,3.158151014472902,2.9638008813088836,3.483861834030282,2.8298930283191535,3.092682051809592,3.0674093811742758,3.2685154099992735,1.9535654081644154,-0.40860829004379,-1.0647291011077507,0.45564225573278166,1.6146878563513278,1.7173114692090103,3.032262945537818,-0.01626199997971861,2.595097830019957,1.510057876387261,2.87863610214594,1.737767245592088,1.2731219150062696,2.129202275032148,-1.6530488077913423,-1.9848543999765336,-2.355095471344029,1.537384675474705,1.2167430581495067,1.6981583389734074,2.2367213553922856,-0.9906494399966068,1.9032771682983296,2.5263122398136777,2.511493840800088,2.2639148263568747,3.1807459884029425,1.5695879964166073,2.532740185122021,2.1382754709332112,1.7101512754953319,2.7292720006885265,0.41769993735424205,2.291594691312389,-0.31438609679499663,2.595374865045706,2.735135392015751,2.4144512216731497,2.5572765344407884,1.6581456208253509,2.7735439427931814,-1.2530784914949362,3.4071799143049706,2.4849052617102494,3.348790647124753,3.2583776155366273,2.691796674308963,2.813687380025817,3.25879320272152,-1.000161214323707,-1.6240513229233893,-0.2085892624421933,0.1541214130624454,1.417394568101984,2.273349664076884,2.390757448906835,1.5298358282627655,2.3571458986623526,0.5875720226516192,0.7708711276808085,2.4497526667090685,2.7952909249854554,-0.40788055202394446,0.6645829472828209,0.5669788522814174,-0.1641267852420793,-2.328304897730492,1.9987228307779032,0.43652487251202876,-0.6295925401653296,1.4633388105053353,-1.197275804614602,1.81536507801097,1.776642212543274,1.474635215807816,1.617657228566836,1.711170689664076,1.9002318681125698,-0.0737400092356029,3.0326548454251787,1.2600123711920808,-0.8750173758480377,-1.1847509431343441,-0.0965176533088721,-1.4443647213877826,-0.3712535508891316,-0.2080731652521916,2.4481587949655617,1.2388365301100241,2.367571560584735,2.1514552085708565
1.7843138114175146,3.158151014472902,2.0,2.263954947673025,2.9168264409995603,3.188298568049559,2.9005667295833146,2.7142805433693287,3.040223865634875,1.5103755690297245,-0.2505924046414011,-0.6194072759793654,0.49980315403025755,1.4478113159083446,1.2335467606667139,2.109241908259337,0.0230766606841505,1.5080891752548415,0.9795360335846742,1.9379222383314094,1.0979726653092712,0.2826352647058527,1.2515733446555184,-1.382442610034305,-2.0326163894733136,-1.3934908514185977,1.393911342437161,1.0535868952965464,1.7071918769762102,1.5605990534901157,-1.114362724722736,1.0523637122789664,1.7550819537829592,1.5899490791122353,1.7981497951165601,2.725088298222364,1.4424221838077338,1.8991393137875148,2.1551862759666607,0.7680855895177071,2.564661705076105,0.2788458103257919,1.9059108115454388,-0.4054712351247288,2.6234539144017397,2.2632633727541633,1.8628372220111564,2.027993149990637,1.8128598643370335,2.5831429464869604,-0.9513095701654253,2.9157573473625074,2.1976668187133153,2.755396932398465,3.2110237301532356,3.280446216325492,2.5376620690155054,3.006538448522494,-0.368705413056999,-0.15198513743674122,0.1609770959148342,0.5309713079422135,1.3938147079229752,1.9174034162339895,2.176186076809402,0.9911748150381423,2.4132704427403255,0.6699595972646673,0.1399445697017589,1.5745509788705956,2.245913769849087,-1.0199498198674743,-0.174538669514048,0.8669894788505665,-0.13405483914959668,-1.8343666847719766,1.5218895498154148,-0.5355160986774938,-1.5286098148058782,0.907278360803486,-1.3268009243302372,1.5662706507768815,1.1800855358795082,1.1726778054952145,1.1596374694755023,0.7115183157651828,1.5157662116306323,-0.220565013851211,2.578732296906748,0.9254959338425,-0.749692368854842,-0.6197227163817232,0.6141993966981178,-1.4289097639607204,-0.0074954011148688215,-0.11948975397923779,1.8173570067582967,0.780112261373751,2.5285406745218335,2.158691803796555
2.6837960886827226,2.9638008813088836,2.263954947673025,2.0,3.033377169735858,1.492643728879571,2.6790705515404722,3.180964028304271,2.9745465968559164,2.7345589204734115,-0.3731217262529798,-1.46661888694681,-0.4798326219827926,-0.0221990626706908,0.34913129139206744,2.949762181526715,-0.9704646562566324,2.033177637342117,0.3770686288908876,1.4764385308602461,0.7270921383012003,1.0112566385576192,1.0953225968241806,-1.6531098361371859,-0.8575641976798378,-2.1002276145851875,0.5115537189008006,0.27374028208336787,0.4541240842648572,0.9250596073504097,-0.7190408756630352,2.6248270533102946,2.5893991900438555,2.140498120002893,1.7570122426507295,1.6901591014103645,0.3637956628525101,2.569314659207348,0.6967648060909164,1.67511584365815,1.7169850240309483,-0.0009677545855646952,1.382839808555047,-1.5128682371878317,1.8648336481148673,1.6856410478894888,1.069032162787316,1.004204380549939,-0.059858685158345,1.160055852078429,-1.972670005009916,2.0708848157167665,1.6203510118093272,3.410758897241699,1.8559817976646618,1.8851467035236895,3.1943518239451607,2.9362981380155686,-1.0778906415572336,-1.8337874381416577,-0.6237020911417669,-0.5636318796341353,0.7058187096254163,0.8819221849708515,1.0547686330089863,0.2939056422926084,2.0564059046578294,-0.1628311807725208,0.2554621200974805,1.869394337140752,1.4512616914177456,-0.1284857186240969,0.0317352705761545,0.06348788180947854,-0.0706670277152743,-1.0919465650326896,1.0969677340168607,0.16543148715742578,-0.4845687480197596,1.6926542208095638,-0.0895519367140721,1.5771839106698322,2.1650335040355992,2.4175961234218932,2.251592977878642,1.6098670341709842,1.1257096900799552,-0.3128085131896381,1.7635044763619374,0.8618374794879768,-1.7944830395041151,-2.084705243165338,-1.6068502263779672,-1.4520251564424653,-0.6640201248993846,-1.1949458912778503,1.7354935229109332,0.18110672948689033,1.081147791166989,0.954433072755732
1.9798589428534576,3.483861834030282,2.9168264409995603,3.033377169735858,1.9999999999999991,2.6056086122390485,2.9183847993325296,3.255069123519365,3.388904495589668,2.007710907632158,-0.38746585186067894,-1.1469072874960267,0.333289391951045,0.9998997926395876,1.0021996110770197,2.7110029614921487,-0.5357526164314812,2.279410806182344,0.8302060087618608,2.6174914074933944,1.0374184415363248,0.9370118958800262,1.7411532635419107,-1.521573705721448,-1.2787266768578858,-1.955635197083911,1.4183943000227675,1.1767672473045827,1.2923599596436637,1.7785832203686704,-0.996686098846753,2.1735685098638036,2.317879159391992,2.35765078980827,2.400816532281488,2.8426888291673307,1.5525081448121807,2.2764321918801076,1.75516205623059,1.6247285402206018,2.748449269663945,0.6790074375103581,2.1641926054223117,-0.8282784571577091,2.5605762532147134,2.607751401554065,2.32201317852326,2.3545945136502713,1.622952816417052,2.521464690675799,-1.2227300753515662,2.9510936697771597,2.3203630191880893,3.6435797732551682,3.049109716643569,2.562735763890847,3.1470082317709975,3.2873506358772207,-0.507671881329537,-1.42831734022537,-0.1964009553587277,0.09385093615363674,1.0422181910362975,1.405649338051935,1.6263037252989467,0.8444604646344084,2.6203655798776104,-0.17124244181325748,0.16145082167364008,2.1180013871906365,2.329405256557702,-0.5781409880292604,0.1390311214493638,0.25380758252039404,-0.5254524929676095,-1.822925337619669,1.4175928048722337,0.2361492022490577,-0.6286257828552759,1.921715592715957,-0.882962084670735,1.9268699031531118,1.8123285526663295,1.6074169566957743,1.3593786089800446,1.3330826742253188,1.733247405857833,-0.1526136955167392,2.6287337566795603,1.3845601571674941,-0.8434501731889608,-1.2964944460827819,-0.5478474759308881,-1.1227477491416427,-0.1405379576948128,-0.6707606050881172,2.2402058388938,0.8107227648760023,2.2661881758142117,1.9915287998908333
0.9747846705939519,2.8298930283191535,3.188298568049559,1.492643728879571,2.6056086122390485,1.9999999999999998,2.264326583801328,2.0771140561640964,2.855332554678113,0.8886650126823197,-0.04602068360831901,-0.4646908157755274,1.0416975667671284,2.1351101483106607,1.9362672292246401,1.6208423449369147,0.3699870574281775,1.7545119868664822,1.3665362704786022,2.487145153333848,1.5084204131105876,0.9170070116559748,1.7485001082540281,-1.6349646457942748,-1.7612028567545255,-1.5885173322725181,1.0876826627444607,1.1610671153125334,1.7517563949393926,1.838491802423234,-1.160782820378346,0.9018023138574107,1.2934378993065396,1.765613931214347,1.5319701754480777,3.114117755257161,1.2469379316640452,1.6747188969240594,2.0060921414404196,0.6493042608871156,2.4393192212744244,0.4317280121204014,1.5232538574051153,0.08792695391104052,1.9354196574896696,2.2563941261940115,2.0233460598380466,2.5809574678334113,2.5947307441435576,2.895121258490747,-0.523976209784541,2.7126028123686026,1.7823505470682663,2.12795195859441,3.5716410813832056,3.4832190947774757,1.943782292856671,2.5030130768429593,-0.3124627706824033,-0.5143265864810931,0.3480202460563299,0.8278597393114405,1.9016361072796908,2.233720769102105,2.4160232673710826,1.636937779543973,2.0156096586902437,0.9296531907637611,0.5016323727647756,1.89969540741066,2.4528104722946504,-0.6579150584972153,0.598104587827908,0.5036328381502999,-0.09860236888704144,-2.296368293546439,1.7131104723372195,0.15687299385080722,-0.865822792289013,1.0383050263276519,-1.8348291626825544,1.3247864109297018,0.6552308912517357,0.3500883798940714,0.6432979434632825,0.9767532279697442,1.2016229110068197,-0.17834240499752912,2.8596517347307735,0.8681719983607284,-0.4546697849738857,-0.30013257694846895,0.8232266450383201,-1.0467713176388331,-0.4800034293744441,0.2430844328771296,1.7911006258792668,1.2695379039281212,3.3054100634013954,2.3581430237209706
2.4879356669253325,3.092682051809592,2.9005667295833146,2.6790705515404722,2.9183847993325296,2.264326583801328,2.0,2.462926533605541,2.911784956553868,2.3397726257160465,-0.9651268099907488,-1.6219395533846166,-0.747651748341335,0.357861945601178,0.7391741614050785,3.097645489048946,-0.7722357054864413,1.3118270730681902,0.32314480083790226,1.9473980273398195,0.9867691080065206,0.2199210337619836,0.9450624370599251,-1.3486574341654611,-1.3148271888742709,-2.297068601310495,1.5331142820592243,1.41109639131703,1.8506870494570362,1.9918337563640964,-0.1898447178195023,2.1964568398804465,3.0225766769431566,1.5631885533722025,1.6776352683273252,2.7697209545602335,2.1516840399177477,2.929896629607601,2.4950098996817758,2.2061206453708437,3.266403650588362,0.9749491862209854,2.624579216872407,0.017310114520380396,2.740792900342814,2.9178333438594555,2.1325973525085726,2.4054404848453093,1.5714337210301332,2.9542127305653074,-0.9615653393099424,2.5195964504701664,2.320549017179842,2.8551161563703324,2.5167746369611224,2.192131079992892,2.2500828305081355,2.72919936261312,-1.3491594441700046,-0.8642652792964591,-0.7253785615137496,-0.5930403116358833,0.4979165693197338,1.2735654626522899,1.4044026273508543,0.37727487228069945,2.7896606292311503,0.07917944764898291,-0.05817809271777531,1.227799286030138,1.8246869980392137,-1.0866492514781143,-0.5020755807550336,1.058984308235975,0.031236315526418312,-1.4771050187031314,1.7028788562262451,-0.217136304286685,-0.3949526999527395,0.9955030644640561,-0.522731919070497,2.110814198118223,2.3373428764008928,2.020962947803766,2.123813557634537,1.6745005555102064,2.4366462790557977,0.3966777922789099,2.5586054713145647,1.7568647475972892,-1.0086053759272322,-1.3868409224147178,-0.04012492124375597,-0.614478413918456,0.5674614515607024,0.2677148564603269,2.628035783503342,1.5134324646097252,1.88066055906786,2.6562064415350637
1.7783045139229812,3.0674093811742758,2.7142805433693287,3.180964028304271,3.255069123519365,2.0771140561640964,2.462926533605541,2.0,3.3939037242352543,1.7847111769520596,-0.1214457883496568,-0.9837942123193317,0.27206115085828303,0.8796615968137138,0.6404442859467081,2.3467992409342973,-0.1096711478219741,2.6484014937582723,1.2740251450795914,2.1002263726398964,1.1011178303691886,1.0958229256816452,1.6619246907398941,-1.6402346197098148,-1.562398393916342,-1.7846472924115653,0.1877906740020946,-0.0451399617196285,0.7535940202761433,0.5853544419177843,-1.496361043823089,1.637396778556844,1.625841327232607,2.284849009336833,1.9102098979291813,2.060270290354721,0.5128788090654556,1.9670893673392453,0.804185281324743,0.7979476337712716,1.6675111088746688,-0.5001712223525456,1.1253798059672013,-1.5422106266431688,1.97939413206741,1.4387738248003021,1.2075481660155898,1.2162436090632762,0.6105418879757545,1.4634253734982414,-1.897596375118307,2.583411070974603,1.7316234849049443,3.3692575279387684,2.4753721273383236,2.4787514547119773,3.556870087262019,3.644480090660652,-0.4062530599710538,-1.1446112721186195,0.36004976540529493,0.2596184269484544,1.5262166337813408,1.5998251570688442,1.9688885477955154,0.8226653281822724,1.987461527113855,0.6084339673697104,0.6938672912745679,2.3307590944660483,2.2702613762810113,-0.37133507246758113,0.4406805525069115,-0.1238250188747828,-0.0996542313219305,-1.7996339776524144,1.3187810937399558,-0.3570761684100506,-0.9989594133787716,1.7342061896106236,-1.0269431276106593,1.1882478597178046,1.2570899891908485,1.2299535054631827,0.8934938791160667,0.7852494199317189,0.9200812179256876,-1.079610797374527,2.1692769595286476,0.47243772446716437,-1.2836073291902441,-0.934310255860163,-0.6214210809574546,-1.6852407504928062,-1.005804430235044,-1.483333494647285,1.2295572389356764,-0.3040123365986758,1.6929926672484519,1.0118830065387954
1.878121815340978,3.2685154099992735,3.040223865634875,2.9745465968559164,3.388904495589668,2.855332554678113,2.911784956553868,3.3939037242352543,1.9999999999999996,2.1316503216405307,-0.2061063178660601,-1.3571942985967789,0.22657997139204994,1.1540581075333667,1.0674162828330092,2.585643605227073,-0.4962627772644568,2.388173240831105,1.1129221407750718,2.4666919463461503,1.2198086407716997,0.9954394383661473,1.58572036609814,-1.9353448812059209,-1.599162444353139,-2.158695733717723,0.780253873061338,0.6359076557296884,1.2880874129289188,1.2590579411456309,-1.2240248861269802,2.0302992206145687,2.0733369604227803,2.414789776061543,1.9233718428719673,2.8560870954964472,1.0623984057981302,2.30764312423159,1.3715710116841924,1.4192000785372363,2.508994964765773,0.0037141650586473077,1.6412231226759886,-0.8537623519943875,2.387922702437086,2.227195111217376,1.8142204880393051,2.0482247564164098,1.418364916315776,2.3185879156758826,-1.453778940457225,2.782995079421341,2.1594760228358316,3.451167368033752,2.9402841554307164,3.0647655591875216,3.3563810927687263,3.6150206668264864,-0.5140333131519654,-1.3201258761196453,-0.1976447657028186,-0.019581385355917004,1.4700985124972883,1.6114510132973099,1.9541055417962605,1.0593256836001952,2.6060471601070496,0.21993353050407488,0.455785464321145,2.243249965018975,2.3886943020296814,-0.580977213155063,0.21223160221146017,0.2887032524849852,-0.3130897655490862,-2.145319977290568,1.6108123784317567,-0.1374861821120168,-0.706216173567404,2.066790901834012,-1.0091580765512553,1.872168205735372,1.8197135309537018,1.5081214746755818,1.3341016509676997,1.2490165054174258,1.357153825444914,-0.48307779771240467,2.726885559049081,1.1344489945161789,-0.9983944468786732,-1.1904007311237983,-0.46593807161673795,-1.435638059927205,-0.7812436327586201,-0.7772160917049494,1.9682535775372896,0.5023888090933308,2.341843752285506,1.8640096150363727
2.6949685190103345,1.9535654081644154,1.5103755690297245,2.7345589204734115,2.007710907632158,0.8886650126823197,2.3397726257160465,1.7847111769520596,2.1316503216405307,1.9999999999999996,0.6892643714061688,-1.068773055792853,-0.4201751381175639,-0.2945158566237203,0.6427816873474708,2.6587134723608106,-1.2135490765193482,1.1041232327160262,-0.0607134281046048,1.1256766650839016,1.0829175107241407,0.6316099364574861,0.31652053895513965,-0.8522123391739601,-0.0674393935559909,-1.8432949460407455,0.42916470289333897,0.6530270680085574,0.659874111216185,1.0111445656928562,0.3282817728431289,2.339222401624763,2.492403605152527,1.3243821061783798,0.28861992176292517,1.212239229198666,0.3991459351205668,2.2332668510842013,0.6049580274080439,1.7822100080650656,1.3472712767165704,0.385784833166592,1.048995427823936,-0.39549379843593435,0.9274519295932877,1.1277008137620967,0.24774549250859948,0.5596097987504021,-0.1765637298083663,0.9551023974570061,-1.5580253220244928,0.6597280879957677,0.8113048842028301,1.936587466590995,0.9227368396687429,1.0604337931266583,1.5851337967292012,1.6286496059972868,-1.0013962776093908,-0.7653411345682124,-0.3964803225674552,-0.6422260888297782,0.33913891207661184,0.6057529919603816,0.3854119751467333,0.5122407512086151,1.3111986042764814,-0.3620900568803843,0.1439191219501405,0.9859718238838201,0.8392114742427857,-0.1279197880717048,0.10971822575466254,0.38106888592215477,1.1518302899361064,0.08566159893531167,1.6924941181092383,0.7978004321011984,0.8081872417216993,1.100482594890682,0.8177282974745037,1.4775194130062324,2.47673601967647,2.2896685423820533,2.6363546755153324,1.9297343115750207,1.5069156167126234,0.392194850166373,1.461322157765954,0.9937294885264092,-1.8039711051134621,-2.0629212896561513,-1.658341374537304,-0.3488656932054729,-0.0859467938530746,-0.026864722977503794,1.705349005918153,0.8551756513316229,0.6985778636851375,1.1350554432209985
-0.9246581362680892,-0.40860829004379,-0.2505924046414011,-0.3731217262529798,-0.38746585186067894,-0.04602068360831901,-0.965126809990749,-0.1214457883496568,-0.2061063178660601,0.6892643714061688,2.0,2.3364285322640708,1.6338490071387235,1.178651235352781,1.3416288096898186,-0.49673815877607863,1.3267233686211193,0.39377063600091233,1.0357561515417875,0.2197023045441333,1.564092281849017,0.22691599180671002,0.4302904929085048,1.413986735636861,0.06253495137157761,1.0195780497602565,0.13442694678843684,-0.2073891726878152,0.7445772274737715,-0.3926676619812429,-0.811764618188844,-0.5400248431638215,-0.9958838050654264,-0.035237126029840596,-0.4048301435443993,-0.09239392330198459,-0.7776914360226825,-0.7960361958915791,-0.7340351458401264,-0.23205693358216273,-0.8860012693454371,-1.1981432845890536,-1.1988996717705225,-0.4705135572690047,-1.100739960403824,-0.9904332630391937,-0.6394597864380619,-0.5154922505013252,-0.09846570655891462,-0.5690842329285573,0.1927938329835311,0.0649464618238178,-0.01168616648474946,-0.3164282323108728,-0.057368214208930804,0.274322849658125,-0.0790173291590457,-0.12407479176288048,1.6100080035151,0.5589312400028964,1.7029635887664005,1.8334570690921623,1.2497359000493347,0.8265627271857596,0.6996376866168126,1.6488869118420824,-0.6784317253872586,1.2312982023160015,0.9247409451922728,0.23027122014277562,0.6842282281291563,0.6952772974972767,1.2219023286728572,0.8141043747819579,2.018643266969909,0.33475395393023477,1.4294225428409548,0.998453608269908,-0.10206263652659432,-0.05089323355294173,0.04954931405281371,-0.8613142094451427,-0.9563602722048736,-0.6850061771919647,-0.7066493184776829,-0.5462759239486144,-0.3671750577144801,-0.9893681418876537,0.08953255396272439,-0.6605701191457732,0.2975072628030554,0.5825609116335531,0.2448108661132598,-0.8898537490010474,-0.7531922990220361,-0.7782597803382089,-0.8856662953329424,-0.559559960888593,0.1828026605602875,-0.6931598981085165
-1.9304977188637764,-1.0647291011077507,-0.6194072759793654,-1.46661888694681,-1.1469072874960267,-0.4646908157755274,-1.6219395533846166,-0.9837942123193317,-1.3571942985967789,-1.068773055792853,2.3364285322640708,2.000000000000001,1.720426459776259,1.490217703714206,1.2609136580943552,-1.6330708902880506,2.357273672671015,-0.3794272414663965,1.109617788858592,-0.2585016457986056,1.2168612590576218,-0.4507443170111015,0.503532820564057,2.30697082554635,0.34013547761619056,2.67952287473878,0.3753362223829171,-0.33445900897194225,0.35014916988189326,-0.5007788804587594,-1.232733975618054,-1.989219642096647,-1.9183644583893829,-0.8918494301123289,-0.12089803396016996,-0.7811364442950357,-0.9690016977150371,-2.1720074747397984,-0.5322278229255779,-1.1178408853211206,-1.4829573008313406,-1.2044701578309154,-1.4380269241143804,-0.4099389452677518,-1.1114747224708053,-1.4901169459155512,-0.749295580369802,-0.8770144548469881,0.09469387641552013,-1.0085388335407965,1.1189744482739998,-0.11122852178381809,-0.441728331306541,-1.313319250522084,-0.5580908600715263,-0.2797570654236981,-1.1731185522788876,-1.0000402944892852,2.272249167503985,1.3981612822888203,2.3188727254445145,2.323209197045094,1.1841048636840257,0.7517607425510884,0.7054680812362814,1.5381324455002303,-1.49101130101548,1.619050326447439,0.7631538683418316,-0.5425976009294659,0.4783307477520734,0.6060116263554007,1.2059793626129467,1.150950710053793,1.60788059415216,0.7693532007033373,0.48885400963370373,0.5177033471345548,-1.018653868511749,-1.5450916481871726,-0.5877586463402547,-1.9085613790918443,-2.2413716752660635,-1.694593973833976,-2.067128396737627,-1.7789079270549668,-1.2405470581427553,-1.2968119002294782,-0.730029639639731,-1.361294159072677,1.115301147004529,1.9257736806697976,1.5243603205877172,-0.7720678095968834,-0.3336470475424027,-0.6247380015448194,-1.7817177561191047,-1.0038888301034186,-0.15362542443339938,-1.2003650189151367
-1.0437807203304197,0.45564225573278166,0.49980315403025755,-0.4798326219827926,0.333289391951045,1.0416975667671284,-0.7476517483413349,0.27206115085828303,0.22657997139204994,-0.4201751381175639,1.6338490071387235,1.720426459776259,2.0,2.432952868447149,1.9929814090496967,-0.3455506565409936,1.7654096437372109,1.1713532902214188,1.5543149451149498,1.3483546353641187,1.518103911186214,0.927438848732811,1.6421472700680964,0.0382638227243056,-0.8926290943468119,0.3979950293264801,0.11256037554620199,0.12224916503204508,0.4767897892222094,0.382110916321904,-1.2525872997136394,-1.186766607713027,-1.0566341805460935,0.5325046465252009,0.0767240727638511,0.7798439849898641,-0.318393219773414,-0.7555857729236195,0.1258224602908343,-1.0500455710380845,-0.5429287047392989,-0.9002644006579303,-1.0437399254015196,-0.13796364583252518,-0.467474812053735,-0.323501558085028,0.240026918749985,0.6047707868839255,1.1025241411690683,0.31057609387254537,0.059763145948875405,0.5848764299754495,-0.2664337892102332,-0.016209309686043102,1.0385009766841728,0.8120956801912311,0.1177477642126181,0.3501543084978983,0.7423594494123462,0.5873844731875453,1.610810306159657,3.084704876901998,2.5201645975825255,1.8339309717903585,1.4955714391094284,2.1160979182724384,-0.6369383176378888,1.2620299450964345,1.0299256041109182,1.032037427057395,1.2804026775273911,0.7303683555356474,1.6332038262086623,-0.13089339421703416,0.5076960547633537,-0.8544411685066395,1.181532658151822,0.768313183391848,-0.682217783709991,-0.5351811193482809,-1.3822741847821542,-0.7555336911764345,-1.5873454170916916,-1.2589331270111126,-0.9871847348344633,-0.24493454926070696,-0.2898131379240321,-0.8010797218581887,0.7574626505126731,-1.0702914776546049,-0.31299818963173276,0.6038310633555873,1.020848282932924,-1.2123811915095088,-1.0251020787680039,-0.3456187066559406,-0.5832316869580567,0.09173175380105503,1.1962288332952717,-0.002072773344185208
-1.030785381059347,1.6146878563513278,1.4478113159083446,-0.0221990626706908,0.9998997926395876,2.1351101483106607,0.357861945601178,0.8796615968137138,1.1540581075333667,-0.2945158566237203,1.178651235352781,1.490217703714206,2.432952868447149,2.0,3.1543877871022774,0.27223388818014294,2.3344823298335813,2.1574254059523637,2.999090200638021,2.484327528463482,2.615254834056275,1.447403380447447,2.7058262533038873,-0.3049305752303197,-1.7590281082159431,-0.3067300694658989,0.5250047810931985,0.058486187464711265,1.2530124044674558,1.5324945327959962,-1.0712502033639268,-0.8401083640658804,-0.5025101885194957,1.6207911426815729,1.0090844534073962,1.9354843027560926,0.027050638729731513,-0.060477477715003794,1.2938204461508278,-0.3190806732528343,0.5957510169979336,-0.273608086461325,0.06533404953224538,-0.058872996233660796,0.23423765696469187,0.7984088904848591,1.6624974603419789,1.634901793336492,1.7508723255609384,1.348305159122452,0.4493615426299016,1.9177689400769058,1.226473090455448,0.6753154811525681,2.0624577284045698,2.0346496857429752,0.6869481681337911,1.3174855627749118,0.8981856548379417,-0.3032882183741195,1.262697249492445,2.469994185629538,3.015843799248163,3.111842317394288,2.9797594809646655,3.138974701828619,0.2371150252639352,2.1614388228040973,2.058729640789266,2.227541734021119,2.8251205175019307,1.082236648828312,2.48038433996795,1.1183689741750282,0.43132454448154456,-2.0844214893086237,1.6433512204737377,1.145698531456449,-0.5486773298412428,0.1819062370555769,-1.9736059388940255,-0.2170851959320969,-1.0746369266426654,-1.0978145675828372,-1.0146664550614393,0.3120232804507154,0.06907641886507393,-0.9837016913053718,1.9068786813294634,-0.47582319079646124,0.5255022006013927,1.1962252413738763,1.6786953170848617,-1.151921257426721,-0.8203400692401323,-0.015293992274136137,0.348965077145431,0.6053775398995973,2.191150549954183,0.8344153551200358
-0.04007545248778829,1.7173114692090103,1.2335467606667139,0.34913129139206744,1.0021996110770197,1.9362672292246401,0.7391741614050785,0.6404442859467081,1.0674162828330092,0.6427816873474708,1.3416288096898186,1.2609136580943552,1.9929814090496967,3.1543877871022774,2.0000000000000004,1.2021542760462087,1.8104804608150664,2.0282492012383626,2.435161847982734,2.5931806204228525,3.191460203071691,1.9473885845511911,2.688261484920059,0.1245703510195976,-1.2640669405806904,-0.5260687755899003,0.8736222824620664,0.9538754365204736,1.5751759936969316,2.2624169141057355,-0.09586983472527039,0.009409347290975506,0.5871344701315606,1.7692217012342975,1.126450778946747,2.0428271685953945,0.247326439856711,0.5546408082099873,1.1992195058781099,0.3971213881249015,0.9228860335640467,0.2925931024930013,0.5382842150736434,0.27554290322132347,0.10806948087160859,1.1545940728301702,1.5780752749783944,1.8686927979761079,1.779252065320126,1.4702749502671633,-0.09301498718591389,1.5804267160347787,0.8792947886050676,0.6147763007046652,1.8011461812641116,1.5091392365353082,0.3759179485203741,0.9789370823562581,0.2434321808308774,-0.38069692015509793,1.2068019364405118,1.7376221121565383,2.7238819276266772,2.8060381067143636,2.605482864130904,3.542229822494906,0.1495261101704743,1.8877328152194703,2.0764525505740874,2.0804615754559657,2.6702529731075937,1.3775538911946832,2.735165096024588,1.1361743971277196,1.5307590121949872,-1.1067161216175805,2.369620235987269,2.367378254401663,0.5046077250406603,-0.2452748142511484,-0.9409113931759947,0.2714339012484838,-0.1403479201164832,-0.1395642996277116,0.07303313581706418,1.3591220572404015,0.7278048725801477,-0.050850962897848934,2.068681730370931,-0.05647839402070577,-0.2376140858420473,0.2394143600477856,0.8409775296888036,-0.5061861679210213,-0.3626888798175249,0.34938286970203025,0.9325700150190409,1.3733904815120281,2.0841533029225046,1.0310798312297145
3.0873220860322745,3.032262945537818,2.109241908259337,2.949762181526715,2.7110029614921487,1.6208423449369147,3.097645489048946,2.3467992409342973,2.585643605227073,2.6587134723608106,-0.49673815877607863,-1.6330708902880506,-0.3455506565409936,0.27223388818014294,1.2021542760462087,2.0,-0.6473955888122174,2.08717097201246,0.7868213557223949,2.271668442074082,1.652964873293277,1.4962988110131832,1.5552327641736605,-1.1327443045575505,-1.0321240301146228,-2.2843722135127824,0.9518068923686486,1.2383262523559118,0.921351244905448,2.2292000799290035,0.19298821781513828,2.6751114757413763,3.422380540870714,2.2161025587461634,1.7853512697937246,2.1799550922178996,1.0238274250394415,3.0719740895405696,1.492283709238995,2.175586095368512,2.2413192240190556,0.7317809605862216,2.0255887003726123,-0.480276935240173,1.7505962256834278,2.218083859100142,1.6306468020952418,1.7480024923812296,0.5335689524252899,1.877795422417397,-1.71531794352234,1.9465629551570647,1.3735426836021922,2.6404850463934304,1.9245188684018557,1.4015486173170046,2.11257138017203,2.337755087100519,-2.107934655109612,-1.5048556706074587,-0.6535852116213985,-0.7323058035206309,0.7370954158042093,1.2907664807536616,1.2612635557393588,0.9103412497808833,1.7469233922815572,0.054340677131028595,0.7301180401102907,1.9300486403936827,1.8656156748263892,0.20703765671218466,0.6920401869396017,0.33553148134653976,0.9041729361090012,-0.8093052421856287,1.8311453695355848,1.158837148227346,0.40842537164748544,0.8131484809094915,0.3002925758520567,1.809209423533956,2.377960158730114,2.506776393618029,2.67364236838875,2.5992645766499916,1.874195894022308,0.6575467197574821,2.2482910703731473,1.3183721558910302,-1.9861447663987422,-2.344816356947443,-1.4615745209184121,-0.6669477332958441,0.12170911699691761,-0.3161940188482045,2.3146127465636126,1.4598508298349449,1.4369416916062954,1.612385723973972
-1.5184088854800406,-0.01626199997971861,0.0230766606841505,-0.9704646562566324,-0.5357526164314812,0.3699870574281775,-0.7722357054864413,-0.1096711478219741,-0.4962627772644568,-1.2135490765193482,1.3267233686211193,2.357273672671015,1.7654096437372109,2.3344823298335813,1.8104804608150664,-0.6473955888122174,1.9999999999999996,1.3949643805667276,3.075309344514631,1.0814199256891734,2.4309781494728737,1.2650873091013324,2.021070551714073,1.6157742874258443,-1.2962686960449985,1.084569128932408,-0.1681858219674366,-0.8704095344337875,0.1369118528777872,-0.06595621891941769,-0.7493132412061512,-1.7022115590425506,-1.3449575282080928,0.8179974079997281,0.5749223672287678,0.1876391172625938,-1.0974284452144891,-1.0596719425314787,0.0719923161972909,-0.7917415626513864,-0.7836625146291165,-1.3083819289177012,-1.154323710538377,-0.8882300847699783,-1.247995187177624,-0.8621269593990065,0.43421031425627005,0.31230162841831066,0.25807391017390413,-0.3010291144014028,0.5886728109010578,0.5990622782286891,0.6031936140742438,-0.528734415155503,0.3350231079912725,0.4342714002401731,-0.053116545636504,0.13840429932658987,1.5345156329950473,0.38788735744194813,2.035335995480808,2.3636436894871418,2.1048190134858036,1.889327609577175,2.261264452599335,2.23461464025222,-0.8265748696340603,3.1571374266871404,2.716824827393875,1.263244327720472,1.8460135134936433,1.662547454157688,2.601151460243397,1.386575558631793,1.8095459624494268,-0.867603974727159,0.5451904625841741,0.8141876039619327,-0.8308886525841956,-0.5977627233598386,-1.0165416085318235,-1.2998219224804712,-2.2848423893930967,-1.6296145194942264,-2.1351045921615412,-0.5886619849620937,-1.1864721323491745,-1.6019046614797496,0.25045642680461877,-1.1635229148343003,0.9874431380319254,2.196275015196595,1.8909463334532606,-1.5253536704502464,-1.1903232572294815,-1.192976096705424,-1.2649890933780759,-0.3319772724072624,0.6913506450368769,-0.8448165629332524
0.9145181220021574,2.595097830019957,1.5080891752548415,2.033177637342117,2.279410806182344,1.7545119868664822,1.3118270730681902,2.6484014937582723,2.388173240831105,1.1041232327160262,0.39377063600091233,-0.3794272414663965,1.1713532902214188,2.1574254059523637,2.0282492012383626,2.08717097201246,1.3949643805667276,2.0,2.885056073185467,3.140332320522411,2.391550039819793,2.9831325963771254,3.1371809857547603,-1.0989603773776724,-2.0056132637801363,-1.8154510913188668,-0.38288768504102144,-0.11903092759424419,0.2738071117530049,1.1415851697372963,-0.5540160251816169,1.2419945582231646,1.1211885442697975,3.4716745000866904,2.2313409624278266,2.223772927068358,-0.1903818834400806,1.555335670419513,0.5194377597776219,0.8069239935339605,1.040603712960133,-0.3821088874392715,0.44935769647542867,-1.572296589069703,0.6263662348298398,0.8028084777947617,1.7791546463712589,1.6654351844045554,0.6524153993476807,1.2275489593034392,-1.500913610687971,1.9298677984582642,1.296466248815003,2.301370901492689,2.038768853628307,1.6326182356720946,2.62240248671836,2.6351930352988795,-0.2607787687248056,-1.4303235733005426,0.6351119830239627,0.790061721316017,2.2518201752630493,2.170793936684441,2.452186222971889,2.1094902451328097,1.1160212561317213,1.3380563637349498,2.430466715872317,3.616676819144773,2.9235234317372143,1.7772730470678293,2.567172356456273,0.23905717745962674,0.6439622143179048,-1.9727440615798915,1.437110252044738,1.3815621976695813,-0.13406316615722258,1.7137453248365286,-0.7195319402989568,1.0635941495268255,0.4352898949990039,0.7854355418061749,0.2222427998824168,1.7838034309024176,0.607229749398099,-0.6015705232325246,2.466257049278222,0.3067166859944392,-0.9548296711894024,-0.3873132911688292,-0.3715547229107425,-1.6370932110765102,-1.4717901798686854,-1.39732616584587,0.8261663653966342,0.5313700666891922,2.0180036387589717,0.7690895227003706
-0.5217900850354895,1.5100578763872614,0.9795360335846742,0.3770686288908876,0.8302060087618609,1.3665362704786022,0.32314480083790226,1.2740251450795914,1.1129221407750718,-0.0607134281046048,1.0357561515417875,1.109617788858592,1.5543149451149498,2.999090200638021,2.435161847982734,0.7868213557223949,3.075309344514631,2.885056073185467,2.0000000000000004,2.4280059799618487,3.0893060054236,2.0561066964626553,2.834067869730908,0.1823264944996308,-2.0902150048888086,-0.5955490491468991,-0.3473457372030176,-0.9084194047935426,0.5389280521231063,0.6536968345223659,-0.9305530373466011,-0.59041673518954,-0.2104891815994743,2.269567494230764,1.2426902398237116,1.3611409063447035,-0.8178485888081222,0.1923587778305425,0.4878449721352981,-0.03731736977534805,0.09094809521240602,-1.1457323508705677,-0.46939573517881983,-1.0507717236438663,-0.24750716317069144,0.014396851803176694,1.1952480141097377,0.9740218799331124,0.4562695797340941,0.5345249728676265,-0.29489837958934423,1.594261116124389,1.3162137844722115,0.8131672378274646,1.392948074658838,1.4435553611186795,1.2139403704150855,1.5901991606930548,0.6498160986510835,-0.6272125091425502,1.3916250895416449,1.8654035108170228,2.611042766971148,2.7358176244957466,3.151018384903426,2.796172213060416,0.0473499541957369,2.87480769857467,3.2252830339831666,2.8033928484695134,3.054938831050505,1.8580806347324397,3.013682524870608,1.2681566324838607,1.3778715827961645,-1.8718953601558668,1.3663776566928645,1.1180230692897717,-0.5809798775075237,0.4707857051242219,-1.0876687943063175,-0.2293218827030679,-0.9712629881145722,-0.569034897360316,-1.0658093553350767,0.6549655043386509,-0.4315183414840922,-1.375065526264143,1.6243578157819953,-0.5763908837005177,0.23581694981371132,1.1852127491680464,1.1093447392731106,-1.7186880701135454,-1.525402401040834,-1.1648816817127718,-0.1833992905694328,0.040172923067852806,1.500747025117693,-0.0849445179289631
0.8143058513199637,2.87863610214594,1.9379222383314094,1.4764385308602461,2.6174914074933944,2.487145153333848,1.9473980273398195,2.1002263726398964,2.4666919463461503,1.1256766650839016,0.2197023045441333,-0.2585016457986056,1.3483546353641187,2.484327528463482,2.5931806204228525,2.271668442074082,1.0814199256891734,3.140332320522411,2.4280059799618487,2.000000000000001,2.6558821021401173,2.257578329970346,3.100688075857454,-0.8494513723492837,-1.6519786141895638,-1.760738935303412,0.8676532296517359,1.0272434860220967,1.3758620511200501,2.2146024178192762,-0.45190443179862866,1.394941695388707,1.4926897394739216,2.8285246075276635,2.0506067218529718,3.0745444540342968,1.0373486454481604,1.725805763094106,1.5964017131649164,1.3772474682489266,2.0071200316999147,0.4387174732859101,1.0769068109373243,-0.30505541680201587,1.1455289341524644,1.8713582453278916,2.4702721649624757,2.789988878524831,2.2491548176767027,2.4695199432424935,-0.48491098473808036,2.3603261414461763,1.729292621389272,2.1366638122768,2.706219157772238,1.9767877558469311,1.843482083900787,2.3745494046764564,-0.3156339839923737,-1.016067217260379,0.4948629104829366,0.9201816335506096,2.1149825699908797,2.4017388032740357,2.436398115111456,2.4625580263196385,1.5883252173101845,0.9389606249132436,1.8577810041127973,2.991338482129846,3.2171207678707217,0.9173998606555591,2.1843922550333055,0.7976133587728674,0.5278386815296479,-1.9953663811786346,2.1175714512924464,1.569532005622034,0.4243499308413371,1.4196928656197523,-0.9031568422921812,1.4603894668195365,0.8080551258568633,0.6769242752822933,0.5028409770644967,1.9397009961104983,1.5714553745494628,0.0721193133964852,3.1290754910178293,1.0676158480454054,-0.38109644573719076,-0.2503005808054261,0.5056497131125106,-0.8913590089502251,-0.6750144647810319,-0.15906683277936579,1.7749709727670115,1.7345059865218428,2.8275264994491667,2.0364619278093485
