0,1,2,3,4,5,6,7,8,9,10,11,12,13,14,15,16,17,18,19,20,21,22,23,24,25,26,27,28,29,30,31,32,33,34,35,36,37,38,39,40,41,42,43,44,45,46,47,48,49,50,51,52,53,54,55,56,57,58,59,60,61,62,63,64,65,66,67,68,69,70,71,72,73,74,75,76,77,78,79,80,81,82,83,84,85,86,87,88,89,90,91,92,93,94,95,96,97,98,99
1.9999999999999998,1.5015815159308883,0.7826273570072514,0.5476578970503295,0.5751648794749229,0.5646422252340298,0.9054237218865937,-0.11818612547614926,0.4737074940671238,0.03173192698567151,-0.5509645960490224,-0.26109275417828165,-0.2890582505521802,0.06142550947161385,0.09976914797104453,1.4177597688885497,0.22895970496148088,0.6709119182344735,0.12548059563204977,1.2802576793098936,0.4833297140677123,0.2915116393232895,0.33416718402346457,-0.0704782128254301,0.5936481898977998,-0.36706655646355013,-0.15521692163099352,-0.08988397993035399,-0.36843214450298223,0.5199512188745393,-0.24225146725924818,2.3263640927241527,2.1423326718838824,0.7992067519110417,0.8427332016880887,0.48429327962781066,0.16553415898993107,1.8299329529203638,0.29411196935631334,0.4686080242417378,0.7649167055512283,1.7416676553576582,0.9029349277419129,-0.9998032034012293,-0.6824830282640533,0.37636343452628485,0.7125376579150537,0.8350121352329398,1.3358798083120385,0.7188326929300115,2.0580170785472434,0.8971054302534183,1.024781760995465,0.2216017694094456,0.43155857787900054,0.8682290261359276,0.08976076319048287,0.09828130207508984,-0.5231237103135964,-0.024711904508369492,-0.3012218676610814,-0.30875661502349333,-0.07505011765296371,0.2741488712215946,-0.09051270016816793,-0.055885326124973655,0.880246293469326,0.07619312617440493,0.682920939679601,1.0268287314168032,0.7623242975451234,0.19280514636317492,0.44951200812226233,-0.7522577113114473,-0.3965308575810098,-0.3997568999471192,-0.08014644999697879,-0.17576789013736577,-0.35881608894901096,2.170164367997849,0.2283820123491751,1.1300325986898865,0.06332631779561294,0.6787892544594845,0.07466459604451231,0.9642901983991358,0.04651062695875166,-0.019493102722418776,0.8355448891176475,0.18520275228407396,1.1355789997463854,1.2928507563991254,-0.014802466407555226,0.17747748705648309,-0.11340268302861178,-0.4378023366470415,0.5584914185070945,1.015402545134855,1.4183476545146003,0.7727365466986167
1.5015815159308883,1.9999999999999993,3.0212902184855444,3.2223744098348464,3.3531483580111727,2.651198141056652,2.4449702243509828,2.5739865937131174,2.740043777043148,1.4089300585439912,0.4060248474192163,0.4795633572339204,1.7538962180391346,2.1058023834005217,2.3738158498384214,3.4582383512214068,2.183891144523104,3.021228592775514,1.835937285284064,2.1954331214028513,2.2340533200113866,2.3962076402870243,2.9143093798745574,2.4391051801180894,-0.3792706627420672,1.4568565507332085,2.389611547011908,1.7957201907458482,2.3138411027638304,2.7588944559289756,1.5611290386271117,1.1304427669999146,2.9973201376776424,2.55433902536459,2.1202651998639657,2.5015669166240504,2.0362271318456604,0.5774117362370959,2.110389789129596,1.651710911267077,1.6394124377012325,0.4446896025552405,1.8376101157188094,1.6822487111955955,1.755736179809085,1.951852067298625,2.344296215863598,2.1371832928934467,1.402099539441851,1.7024317731350262,1.8732566885630948,3.6285850125370605,3.339783405031355,3.0837793634971304,3.0011689017338425,2.103886684380713,3.0487642086867535,2.9867442185511863,1.6024972054127251,-0.2817764295336493,1.059947371491197,1.7492559317241763,2.6438365166117688,2.4179692881269266,2.381386045100055,2.3905158211102755,2.2868951692308555,2.264124487538943,3.080596483433242,3.111037833141366,3.154058856306116,2.745836933940203,2.892955142056061,1.816864474053754,1.9812797737101129,1.2781352815146816,2.1658472779038793,2.6280552425341703,1.7697261364840988,1.0522945434039732,2.844616797894016,2.3000752071106545,1.757833130422609,2.6775802624414897,2.7523545698561613,2.952354471748916,2.242269375852611,2.4128910648451454,2.6405585019753577,2.4861968650397825,2.1948403874551112,1.0778165194353306,2.713229643266294,1.5222582293827844,2.046394142530794,1.9714549782097874,2.2332257320165465,2.597191227170848,1.2541147248052005,1.7259214748590825
0.7826273570072514,3.0212902184855444,1.9999999999999991,2.882536031909949,3.132797464154722,3.4772723281661286,3.1582592327626116,3.211081920030375,3.0903124699097853,2.54695066489586,1.8533859922321454,1.9912097090782175,2.762100011360345,2.695713746965114,2.7144302666440865,3.0270344448136166,2.8142546398855495,2.8720794122338815,2.5486992823614996,2.0623788595738834,2.5377332177676593,2.6821706402716794,3.0152044349664275,2.9123132361429924,-0.03674513996168602,2.1659100076920685,2.701564838315557,2.4958322164028277,2.7913804502213306,2.5587840251785514,0.9463081795004403,0.10498202792789774,2.3747951312668025,2.480081590030775,2.2282188085025205,2.528318915280044,2.3732165159213023,-0.521635895020289,2.4362301126922987,2.415732789226685,2.075878086989584,0.10133342460601613,2.0943237569698345,1.6606101747583693,1.3294883115112948,2.073208794721717,2.194187034681862,2.088337693233261,1.5852815221490504,1.8479049651927497,0.9803803152363104,3.060597394538737,2.3724449781048196,2.666350649077013,3.419197287781567,2.9745932256127547,3.125800930072626,3.1953748924267904,2.4748211983601585,1.1531169986503977,2.3378162873947863,2.753554043980002,2.8398996806961043,2.5978565947497736,2.7171146844511016,2.601946760708591,2.3447665114625766,2.6896162341701944,2.5042207552275677,2.5246524329056275,2.625672176034013,2.877382237077409,2.7794379664127975,2.678588551641254,2.5671921704232368,1.8716362884048048,2.7070720436957547,2.7913046936189674,0.9352747716707179,0.15498414736691357,2.430738871785204,1.5336984467628552,1.0925277038775891,2.285948285601391,2.642540047712873,2.2878181161409596,2.331752384602071,2.734858657242899,2.2383160821630192,2.4986885870970297,1.2013067345940123,0.01339700723294801,2.9661475301801388,1.6794543604427874,2.3607278797845863,1.6556057942928137,1.9182304304978435,2.1945299323904583,1.1961347640153062,1.7361262674284264
0.5476578970503295,3.2223744098348464,2.882536031909949,1.9999999999999998,3.612587787698741,2.8190099469409926,2.71251158911354,2.9461903906783578,3.382519059232273,2.2818822749698437,1.4353730996270226,1.4296884508873258,2.0846381173815294,2.194757654678994,2.7882918875815528,3.348434379526344,2.600787285651384,3.40805213695476,1.9725154481402583,2.678203304574523,2.9157540906811366,2.961239890774947,3.099744509624312,3.12902307407976,-0.20420974523590127,2.40679069413822,3.3423982400994623,2.6890053650494616,2.809213144660177,3.4355503557267504,1.2367251059450526,0.9570825895479076,2.554623079462021,3.0361501653421725,2.9008871961786995,3.3570323862922336,3.1348393464018516,0.15299506100812638,2.7906766284387152,2.384337926001425,2.4880615436625235,0.364729855484877,2.6864561240813387,2.5426128756659576,2.4815986216709565,2.834878679299913,3.073855646298243,2.8370365098745256,1.8923616386615874,2.420401501987002,1.144778009006596,3.371945353028489,2.947150806608126,3.696320125817078,3.294312452021265,2.4412415773638827,3.308022098721403,3.310597126098358,2.5261853811514405,0.4920528245327601,1.8774741184546957,2.0787899817731903,2.9247524685543613,2.329892353832387,2.709759647351329,2.723074009116107,2.67259186059821,2.584212263378681,3.276187592068116,3.2433164455524883,3.195386721082704,3.3850534015623133,2.998484418399994,2.438808972680465,2.5841708407423445,2.152237806615234,2.456296358332417,3.0971850378434502,1.5840563488351884,0.960893249361263,3.3672640912149125,2.7728489427110383,2.5855694015922546,3.31872527226907,3.4140401064849,3.3098154180900554,3.288163041585541,3.1431230168889184,3.3030226507798215,3.165185010102085,2.038972087389395,0.37006900590732583,3.2870483525810172,2.492357199888004,2.9013754023360923,2.7664033962622487,3.0050146073309962,3.0272727812912845,1.613422189324544,2.519201948897603
0.5751648794749229,3.3531483580111727,3.132797464154722,3.612587787698741,2.0,3.126308157737542,2.8952085791291475,3.1137756649820223,3.379579644263316,2.2717913586001064,1.469850164820362,1.4570023919285804,2.334326757377336,2.610965278033886,3.028048423169732,3.416004439082476,2.8267636250027843,3.4656458641479047,2.392175632051213,2.5261231208617545,2.820842182908982,3.0933815215785527,3.3813852350595375,3.1605912567627237,-0.3557292990484918,2.369632774422193,3.120520254624754,2.6632911719288748,2.9633714789256844,3.359657614158822,1.4400198761904366,0.5754479101371464,2.6541541252840473,3.081738244026847,2.8223716759080877,3.151195003913601,2.896064580241939,0.1160356256136385,2.749447864083118,2.2852235359684876,2.3872370089907315,0.21057014288841314,2.4659569151063088,2.5487354391213057,2.4350215211001554,2.7565949285298603,3.0023345130387695,2.735513652784763,1.902748971880511,2.353748082826826,1.0653637023930973,3.5033053654401387,3.131861042011411,3.531597880023591,3.532626630127116,2.613281405300186,3.411410094786717,3.436575090779111,2.470675403793952,0.6386622320837108,1.9873200852589734,2.341010335213203,3.2026660399370597,2.795987749616924,2.946867253845384,2.99857338949051,2.716537957355766,2.964063859811322,3.3456372048115615,3.2924741408583547,3.2705152141593277,3.39253044048523,3.2888705543601415,2.5200138002518857,2.773347097874038,2.07087469721335,2.7174076826800295,3.197693299473818,1.7281776758496101,0.6325269741236866,3.248775043707565,2.5456398308735544,2.261011061280904,3.172532712312968,3.277788388317276,3.23328199269106,3.009227748448694,3.1938608800326844,3.068713343621773,2.98258776363218,2.000307478129437,0.5744369030615328,3.2767830802797375,2.1148999732053104,2.6697847403892094,2.6867755444751906,2.7639089703227695,2.9608223733644423,1.6367149718498606,2.3236920222338386
0.5646422252340298,2.651198141056652,3.4772723281661286,2.8190099469409926,3.126308157737542,2.0,3.255318880471834,3.2354812609413224,3.2472838946426297,2.8027351812751293,2.0482566568332334,2.275660836531232,2.6743589523252105,2.7963662046329985,2.779084403896213,2.768908857556458,2.9890871250882745,2.8144994944667,2.699592895789729,2.281110033202446,2.6746812091071424,2.7493794081302143,2.9593738849820808,3.0013661792294863,0.27960962248382765,2.3665037953966026,2.738903858662198,2.6981623687733918,2.7376283963691046,2.690588474571612,0.7110434343937396,0.09471748981366496,2.1209883751146767,2.478154419301945,2.2682037695077435,2.546941494080169,2.436092763550832,-0.6518094278038533,2.475705306496136,2.563866267488203,2.1176531917559642,0.34596180317044134,2.182563996506209,1.7429982955203345,1.3504780069961169,2.1330862062082443,2.175599067879804,2.048955789568641,1.5692247378845947,1.875319187329056,0.7654575371161393,2.706163091695439,1.9880053176804673,2.5212692373189576,3.564021102261945,3.2329630671792846,2.939774334709556,3.1277656591639866,2.7132398857678997,1.460892117174204,2.617563694478628,2.655315912550879,2.8704535151252912,2.627208512493237,2.6366123467167837,2.5918679817380914,2.2683622864127573,2.8090168363601817,2.3466395628593304,2.369257472139823,2.5619299096161847,2.8477270537605484,2.768708959309008,2.791345923606113,2.691922158841569,2.2442190679980314,2.681846949183175,2.832696746503918,0.7368793768056624,0.09628687702379385,2.3415618897538426,1.4458556775779214,1.1217846019947169,2.2503653113423923,2.6789624586569234,2.1444943156703653,2.4052998236071166,2.7782792664354004,2.192514251183295,2.4162135693039737,0.9675321472736003,-0.03112408466549571,2.944831887095279,1.8472959363816832,2.410072534860366,1.6215135004013574,1.82194759844276,2.1482521188432826,1.2091808205767018,1.6926558207165128
0.9054237218865939,2.4449702243509828,3.1582592327626116,2.71251158911354,2.8952085791291475,3.255318880471834,2.0,3.1395234968644736,3.286864607147531,2.9555834089974464,2.375692766023967,2.4435054010501522,2.666788247033116,2.6734115604519313,2.8208073669490954,2.90654497189625,3.068490007842176,3.04387139602188,2.7177926870054328,2.839595948703284,3.1005371038529352,3.073858995624207,3.035110158884982,2.936329408646859,0.4590241262381832,2.4764736755800856,2.8466963256133466,3.037529449610851,2.7861143648811044,2.808519591225553,0.34953871515930773,0.335372307925839,2.1450868785976125,2.821020469673776,2.835277605689125,2.855351774889997,2.847605072434932,0.03100039526414955,2.9411127909591426,2.968788289862361,2.8522495299215977,0.7841256514064321,2.7592691356872403,1.663666002008589,1.2457026595325735,2.769352622182611,2.715469699300791,2.6873565060083027,2.260663084587806,2.580585370638219,0.6736323676390588,2.3186784621699665,1.6655749018042334,2.2024905692404966,3.1123433854035096,3.34648475857987,2.8453356162786596,2.8902103266740924,2.3630251564537548,1.8097760845850948,2.5102476539136336,2.5376122283463105,2.608249031518424,2.363052074617921,2.67798993466935,2.5468611518744018,2.8908312107679768,2.796497210514955,2.492892483014643,2.60426453911724,2.533994789583149,3.0255181880297677,2.8314002110342567,2.5646769647432115,2.634965481293633,2.1930300840246413,2.723507758123231,2.760093225157827,0.2502956553576155,0.3342030086945656,2.4020573743506155,1.958213180720728,1.5586126284275803,2.7295505757077496,2.7521729740694507,2.5018275698415278,2.7648454191064107,2.9596305337233817,2.61435467764693,2.682399461830294,0.936695145908067,-0.4279249583180118,2.9488665094312414,2.228464587299027,2.5088709082936282,1.6820504076823994,2.502287064374708,2.7151994549524083,1.9069337441804266,2.4060714724585752
-0.11818612547614926,2.5739865937131174,3.211081920030375,2.9461903906783578,3.1137756649820223,3.2354812609413224,3.1395234968644736,2.000000000000001,3.4235840508005304,2.8232123446493107,2.236568135232129,2.2193458507451536,2.9004618534202615,3.048968416411402,3.186308318618527,2.776740912838734,3.1789674713363256,3.0690677728046887,2.873006956082138,2.3502785034828033,3.097967236191705,3.033793747585459,3.370360458451985,3.3925139102669237,0.3045905218534242,2.7702565245965824,3.2136660817869593,3.063582635541874,3.356982728701703,2.84621942954173,1.3378591735485348,-0.3595983975614936,1.640368956279833,2.433309714008651,2.227153405022601,2.7371758198746496,2.684444772653244,-0.673135538709247,2.913117755138371,2.709887326932919,2.163279153382544,0.20060187929497036,2.221680793398672,2.7142852878659958,2.1371924648183214,2.5176909287404645,2.2949916975928746,2.038517005611844,1.102608498710298,1.8461286088472066,0.20639370490424208,2.749621035321107,1.9363429661578855,2.778790110221916,3.4854303078154016,2.727419440681343,3.463261566694775,3.6772372686914077,2.759279160908693,1.3018170993180453,2.6196244431163134,2.7766666124278125,3.2549353193582853,2.724374186125667,3.0653005367803203,3.04191117550115,2.2680924663733983,3.050699791932631,2.690466483970898,2.5618612720061424,3.0386145415765107,3.315108577479123,3.16894632067017,3.1529030972356837,3.3323876859000245,2.6749766342907515,3.237990436681146,3.362105302515917,1.339845323687966,-0.2664789471116923,2.8705925759945137,1.5412552661091947,1.6519559449893917,2.5542736614649377,3.2767340963219334,2.35106517100879,2.6983939644122894,3.2522053433448486,2.329247815792396,2.908388353148014,0.7220710128864877,-0.31447760012425563,3.270388890780663,2.3514442750513473,2.987528866196066,2.427001582225044,2.3521703903182427,2.2907217239700683,0.624955546553118,1.5802210970990076
0.4737074940671238,2.740043777043148,3.0903124699097853,3.382519059232273,3.379579644263316,3.2472838946426297,3.286864607147531,3.42358405080053,2.0,2.9027474132448425,2.107944815970779,2.130465430493742,2.4238858646434727,2.6040114413230597,3.0935762025164983,2.9952027522086104,3.035763273575688,3.361729096988197,2.512776087269339,3.227669835920585,3.386801984479081,3.1487596204667723,3.2118536826017685,3.2371967714332373,0.3812098101784287,2.7938638769204154,3.337553322192356,3.105232699471627,2.972654243203862,3.3825131635058048,0.8977123150654824,0.7082418577332645,2.1354551552525147,2.9458633354991903,2.901311242303259,3.4212003722579007,3.170540749333856,0.27814140436910195,3.0088201111131094,2.900025214658617,2.786982515108033,0.8549438130545037,2.921915628519667,2.3898551508550727,2.0656255068721934,2.9323108405311262,2.9558458144393267,2.7707257350529133,1.998085001052253,2.5575804268151097,0.6895034651919438,2.8146566464100022,2.1152859320911146,3.032350973831091,3.4285410198647823,2.955776998976738,3.094107164132188,3.4108652586557033,2.7062166663659566,1.2025176993190834,2.2501979025707817,2.292448325623539,2.9163486170907498,2.4870429849218403,2.9259139582631692,2.8653851948145777,2.7643676349834174,2.8157909545011846,2.9608882779808243,2.9754503886426984,3.0789132667917842,3.348961187823081,2.9983187300968064,2.765538832208849,2.851249516593774,2.4994452497460364,2.751997120991054,3.1324864681872606,0.9925519724439091,0.7595172969303068,3.120775591899837,2.4832741389269137,2.2916618558538455,3.139154652940326,3.3109687725834327,2.926258910612875,3.1895250791264287,3.2597221355012826,3.193580359056632,3.1647293641831418,1.4070435359667035,-0.01651720266021567,3.1662863631692892,2.804647596163358,3.0230028771131012,2.5073784720450583,2.8227301370115523,2.912386348489565,1.621094732243041,2.51691973028371
0.03173192698567151,1.4089300585439912,2.54695066489586,2.2818822749698437,2.2717913586001064,2.8027351812751293,2.9555834089974464,2.8232123446493107,2.9027474132448425,2.0,3.1786921288454075,3.3805960996408064,2.6438783872639573,2.3016124658493724,2.537946332170455,1.8066267787943697,2.8504392536994834,2.2247171211513916,2.3853845411286514,2.609777234688256,2.995955944872881,2.704746388285858,2.4054106253413603,3.054055435003187,1.5447899607908813,3.246003667477582,2.9702527949923985,2.998932959919642,2.5457708512178367,2.550762877802077,-0.11622344287672423,0.32867913580296926,0.8375538258545091,1.9778783056824962,2.246934960707027,2.597943051028339,2.707784093651817,-0.31223710291865575,2.764463681368511,3.1744530600786662,2.499967052319317,1.1290795693716706,2.695682725766935,1.8124942106635487,1.1806735584332477,2.4438504237060474,2.0833064263112706,1.9742540297261315,1.3920532007410253,1.9921156394033983,-0.2135322099974259,1.4648345798353206,0.6433407987268063,1.883432801770007,2.7798924623114156,2.6102622456929634,2.190358634389406,2.475757718996044,3.268973534890255,2.2462158158248506,3.0867777995623147,2.453990835290555,2.4469236793658244,1.8079539955033779,2.28722585826202,2.180625092792333,1.8096903414364562,2.4463234604323656,1.6364070270714257,1.4298208218252686,1.9132983915383734,2.747805180100112,2.1680783072266165,3.0029590923279734,2.8002349635948227,3.1214190960944084,2.450262116901262,2.628632452298266,0.05218581584813117,0.23178681555991737,2.0718055782354594,1.2332683834910516,1.3133105653621324,2.039808978834886,2.6898151191776707,1.5563328798697822,2.6409676537508835,2.7140170061911304,2.103725662903189,2.6266393667742167,0.3083381734083794,-0.7282141004457585,2.86737953373352,2.609607345954591,2.8780445484221144,1.5179823499231122,2.0305473142102057,1.7069415822517424,0.8509242629565812,1.8535185867841637
-0.5509645960490224,0.4060248474192163,1.8533859922321454,1.4353730996270226,1.469850164820362,2.0482566568332334,2.375692766023967,2.236568135232129,2.107944815970779,3.1786921288454075,2.0,3.619751023676641,2.677882231727983,2.4062162292474008,2.4301913544202396,0.9971890039279163,2.7199291010438387,1.7861265662607266,2.577337838621449,1.8986647703630037,2.5662920923137174,2.5811323456990745,2.0121354157941127,2.551928156011924,1.1161802736950055,3.072877072159307,2.406485823050338,2.828072813718153,2.2445208328480217,2.0035827956300967,-0.758652139751867,-0.38579807552179446,0.04301080679716862,1.835799474181237,2.2062154862121437,2.1176134739608417,2.3614242022904497,-0.7113582283738735,2.352314197581238,2.819496206927719,2.4658329345480343,0.8673121552245077,2.327932364281324,1.285590154592325,0.5804719009643338,2.3469887190098833,1.9130809781321154,1.9141098373420715,1.5616815803032575,2.083189197824015,-1.0910728086045736,0.40889323214265977,-0.34704326310806993,1.065830610093776,2.1672304011560515,2.381506876804192,1.4396188723283851,1.8779871186793637,2.765520153688218,2.870393745361685,3.141589879300767,2.5562961757469296,2.19314616064228,1.8073927988423772,2.169607942803671,2.0433816375115663,1.499715236107885,2.5364204275717213,1.1179452651762056,0.9070724495589473,1.2481472547142958,2.2902840433275684,1.6493186202151489,2.5741371057651143,2.57168956759911,2.773940663317171,2.2717046893855826,2.2378756101539192,-0.9037729168726425,-0.3044737999697805,1.31844731994344,0.7227145961613596,0.6914481668063689,1.60644332349616,1.9489287822184838,0.9413959758214084,2.2477791982386317,2.4790230213212183,1.4725967130358553,1.8818389970898544,-0.3594818439647637,-1.2244293184983734,2.1158314795218773,2.010711398042117,2.2319026692941577,0.9226064246977088,1.5985219609224015,1.3719829290215375,0.9173107892744122,1.775405695192216
-0.26109275417828165,0.4795633572339204,1.9912097090782175,1.4296884508873258,1.4570023919285804,2.275660836531232,2.4435054010501522,2.2193458507451536,2.130465430493742,3.3805960996408064,3.619751023676641,2.0,2.6222780493347626,2.2586419204173094,2.21464704591964,0.9147445546102044,2.670453048206698,1.552820728002391,2.4010327495553323,1.9426878963888312,2.4709550132228917,2.4644868432109,1.877296919963818,2.554963992812646,1.6274752376817028,3.112140699939397,2.3479451410779753,2.8065583495049475,2.0650280774817382,1.921715158230748,-0.9252999262346646,-0.17372340714246626,0.1102391063165753,1.5575587226919272,1.9548745215055063,1.9391134061770865,2.283362184504273,-0.6453433599747483,2.174098932992569,2.720284461633026,2.209558647178518,1.048821458000295,2.227844541210664,1.0572398398241665,0.3519061865417863,2.0328533629127277,1.5765839529465644,1.6825227543874772,1.3156831953051316,1.6700037048720693,-0.8768719898836341,0.4588738546536645,-0.4054995396372089,1.0252901275562096,2.238096317547433,2.452650434335702,1.4238918384935226,1.7246805808103391,2.904211570575426,2.962454990316316,3.2760995564919977,2.488139486265073,2.0978342710702504,1.6425681519034783,1.904086467861838,1.7951597671419437,1.2439581886505175,2.338358587035625,0.8255044976627233,0.6525984808721698,1.1058432435950225,2.145889433685449,1.5679429728093912,2.509210991792377,2.467924296903692,2.8447040068086302,2.0987713868034987,2.156298995058978,-0.9173298993358965,-0.24953324381598213,1.1273560349817604,0.36256062789377796,0.415948806552025,1.317328648302512,1.8682688243326866,0.7086646520184338,2.053576819332011,2.2258129308765477,1.2310681333666609,1.7029767564958544,-0.4900424061375758,-1.035745057251557,2.1290019993044176,2.084844566227195,2.1654321043849336,0.6763672149786097,1.34006505413197,1.1241611423147102,0.7893386202571406,1.441348216003858
-0.2890582505521802,1.7538962180391346,2.762100011360345,2.0846381173815294,2.334326757377336,2.6743589523252105,2.666788247033116,2.9004618534202615,2.4238858646434727,2.6438783872639573,2.677882231727983,2.6222780493347626,2.0000000000000004,2.939611157695099,2.734692369472749,2.072828224003099,2.9778423923165036,2.4702612854764974,2.762730537395684,1.482922346572269,2.2686466128413185,2.8194058207571713,2.8110137954774577,2.9613217915190493,0.1363902423044713,2.339856505505376,2.7209806557943224,2.879868693239804,3.0444009685987696,2.2934079182313867,0.4643924152973721,-1.002259752477999,1.2799038780637366,2.366400316202296,2.277274826843279,2.3595846300089964,2.4847404105608994,-1.319279049263171,2.6471504721621106,2.5300479947890118,2.2995524406398373,-0.2613063449584197,2.1057326158662155,1.7873380935081467,1.2497089842968478,2.3209679551870828,2.176849015667354,1.9682630568340875,1.5032258630007302,2.0330005836816607,-0.36126745360883167,1.9130591241711108,1.1786675364105925,1.9356348889362998,2.7993577724470593,2.7072397880824766,2.744701083687578,2.7025395116823963,2.5288449126849297,1.9965897408824276,3.17662183370945,3.701629860085127,2.9521954598612465,2.4152311949642313,2.7595734346001746,2.6552261379154336,2.214188306632078,2.9040456578908027,2.0948155639126753,1.8952155938734043,1.9271764317733662,2.857265281873384,2.384261210406275,2.7529635909719863,2.755240035218778,2.119347364806961,2.9605830891578284,2.8232622436666093,0.30123759125414973,-0.7908804478250118,2.0298081977373394,1.0957474100867128,0.9083149615791088,1.9790938973985994,2.328965026718949,1.7804405849196479,2.3872903418186158,2.8303220840752594,1.810057886579026,2.4111919021788975,0.13524457530707584,-1.0966874056461149,2.8808363194804447,1.7851315561566259,2.29531405263588,1.4227255203417073,1.8507268816331972,1.830630491952267,1.043817872862749,1.7499058939820198
0.06142550947161385,2.1058023834005217,2.695713746965114,2.194757654678994,2.610965278033886,2.7963662046329985,2.6734115604519313,3.048968416411402,2.6040114413230597,2.3016124658493724,2.4062162292474008,2.2586419204173094,2.939611157695099,2.0,3.505621675085102,2.246634379686674,3.261624191209832,2.635432762942217,3.666693859870454,2.089521110380644,2.8117739384023928,3.030103864696986,3.3469579411776746,2.9944214429548337,0.4421639497945999,2.484417374919083,2.5794697081575957,2.9123720232612555,3.1299117301076103,2.5461149557071083,0.4999425220710772,-0.7275517119286437,1.329181449582863,2.3755559153262555,2.2673570485293424,2.1870080168133956,2.1214963555836635,-0.3388340166546403,2.498074166300907,2.4221085647850424,2.2477816339547703,0.2767803964450571,1.7860410213167355,2.036583211580197,1.4871480246389006,2.643565364763038,2.330536541761228,2.2508565721060947,1.3705581364286752,2.078023588289715,-0.5676644214367552,2.112718366356398,1.3806083740188688,2.030357450420612,3.1185319751656353,2.4077808968202463,2.65644818582273,3.030385461274174,2.120882054388026,1.9224084021117687,2.692697983708667,2.975649619439955,3.5443341112010267,3.638258624413701,3.4919664550783804,3.4129278605376343,2.206265745440434,3.545694242514783,2.5368222323055485,2.2725917545660312,2.915774454873552,2.898881311956577,3.243820692796932,2.6261113403257035,3.11837552947693,2.3356968064308163,3.3061525502123446,3.1523144485392613,0.39324715955648526,-0.5851744622974386,2.21360160697916,1.2744309739757813,1.0289108212915326,2.1261800366655796,2.639826099247582,1.9784450634979194,2.098120772599037,2.9539132959902,1.7778135575229888,2.2002324450106396,0.29470245479931845,-0.051177697929643884,2.7755993888371897,1.6679816599883823,2.0919032354348275,1.6855531543042213,2.111289966832504,2.2196556811829113,0.8364346147749746,1.5040673771192226
0.09976914797104453,2.3738158498384214,2.7144302666440865,2.7882918875815528,3.028048423169732,2.779084403896213,2.8208073669490954,3.186308318618527,3.0935762025164983,2.537946332170455,2.4301913544202396,2.21464704591964,2.734692369472749,3.505621675085102,1.9999999999999998,2.503894290772803,3.092999108980049,3.0929097709773785,3.2340091793092687,2.801141517285366,3.2927255721114186,3.2333126113583512,3.565780396915322,3.2598212289059463,0.6166720114033046,2.9169276860768463,3.150366810856092,3.135073148376133,3.302139675852497,3.1475479154885386,0.5773415940701184,-0.14825088355770477,1.4809974433675601,2.727602454520999,2.723967142800741,2.844169215304656,2.7149129185856773,0.1761686482112585,2.902124557970745,2.759099115734475,2.7316746190117076,0.7178122840833314,2.2980814974193584,2.5336160681219186,1.9517271845044237,3.2282451448506135,2.9601828916609496,2.81456889943739,1.7384170892676996,2.573179206826095,-0.28620042397509954,2.415187777941452,1.7599804954603457,2.6343156766689697,3.286535409991269,2.451600176799361,2.900846572846744,3.27392151182435,2.4126244798736995,1.6820533986884094,2.5026735537963196,2.7045366683306624,3.5642571318857876,3.3322160052152006,3.5814707756435014,3.7428179523163987,2.5646045119463956,3.4297349802249895,2.9397227549196936,2.7173545057028687,3.267921949812184,3.3044719206535405,3.444969632829409,2.766781996398034,3.219489967581906,2.694808420086888,3.350717802944157,3.4297156830084714,0.633982077162551,0.025571296308985136,2.7998760284823776,1.965745721759959,1.824321966697903,2.7799395116667824,3.164199325278611,2.6247802932318423,2.767989565621631,3.3177287978507684,2.5245088250230796,2.7832504720786497,0.8963021056613754,0.12986590907580914,3.1028639236230466,2.291413585885948,2.654723613610846,2.374694494949837,2.8569463128838226,2.8377276722459577,1.222432106192724,2.156730053728477
1.4177597688885497,3.4582383512214068,3.0270344448136166,3.348434379526344,3.416004439082476,2.768908857556458,2.90654497189625,2.776740912838734,2.9952027522086104,1.8066267787943697,0.9971890039279163,0.9147445546102044,2.072828224003099,2.246634379686674,2.503894290772803,1.9999999999999991,2.5672681445693923,3.3947742870373614,2.080009253264417,2.3097977544304564,2.5061548305561505,2.7926007082960216,2.9812050953611475,2.569147894574324,-0.6197203341928974,1.5551200021041123,2.679194627943257,2.1760170850630303,2.5362645603033034,2.96856751326765,1.6642856936371966,1.0707738151162065,3.321774355637075,3.1868990132460153,2.896890489971037,2.970395495936103,2.639633840725605,0.4787013430175062,2.7490580862208387,2.2145248039747023,2.3590620494596,0.3402711620304314,2.6962017401592844,1.8842346783143324,2.06702748684869,2.489030180019004,2.932088735400913,2.739161542431232,2.250788771958089,2.4589168667646475,1.9261962608670349,3.415324017846168,3.185105904860274,3.101563905008318,3.0196383790011803,2.6698817725106765,3.0883999226021355,3.0255908667596714,1.8501222111895632,0.2613273060435015,1.5306549277819022,2.1026878099715542,2.6537688412425577,2.498404498304324,2.639667282609693,2.399111526867219,2.8248114898472387,2.5944737993845552,3.250882617917876,3.378418010765781,3.0049150384469625,3.0000050094219137,2.815716427630055,1.8008737366113143,2.0877825421791427,1.2605841592666849,2.2690386935439393,2.5681736321988655,1.644390490052728,1.1242078145635988,2.897279945040605,2.7885129977862837,2.270254918604034,3.1736943028341544,2.8595217950782583,3.298162096414419,2.7496679511216473,2.7250328966397164,3.0751091079847463,2.7468892051441145,2.328523895915916,0.46310635993022603,2.895344978895715,1.9664977011663662,2.398607535679303,2.2766272007601858,2.661537712134346,2.9877760293038054,2.0713636821273838,2.4567966113895254
0.22895970496148088,2.183891144523104,2.8142546398855495,2.600787285651384,2.8267636250027843,2.9890871250882745,3.068490007842176,3.1789674713363256,3.035763273575688,2.8504392536994834,2.7199291010438387,2.670453048206698,2.9778423923165036,3.261624191209832,3.092999108980049,2.5672681445693923,1.9999999999999996,3.0647222288871028,3.4524760964531405,2.606757108639134,3.2283856005402707,3.4633751423745647,3.225871102647832,3.305066543596215,0.6339019247139721,2.8298862377513236,2.8832035273832024,3.2501783964782955,3.1118421004572236,2.9256764492847616,0.6054226061115737,-0.14727331568569518,1.719473634033481,2.934562430536963,2.8172927165059236,2.721178315176829,2.8713098477620846,-0.3353314832064055,2.8010159882117343,2.634649958152661,2.5467876830363343,0.7477867586893192,2.662689124308139,1.9607874578862383,1.5420045446392652,2.675022769299929,2.530183346343027,2.3407772788348122,1.6525037648682017,2.2463086278838076,-0.11214590983903766,2.131773729379176,1.3522760169973231,2.2426022262078367,3.2626326382947286,2.9849453011020497,2.7879552464628685,3.0851233193002425,2.5666809330463547,1.8738579834935882,2.825620699407071,2.8164433173805006,3.174781034760478,3.0329534523897874,3.01240832061801,2.864382809930391,2.2692354143992346,3.487373881807109,2.736977499397876,2.4969030947913415,2.8243457562838983,3.1357663785685475,3.024395600076999,2.6395461665111153,3.156502576368926,2.478225085337938,3.074961805012679,3.1322132131983222,0.5050226509357449,-0.16866948377668367,2.457340090163427,1.6850471915718737,1.378257703899494,2.566586527547622,2.8975844708275984,2.2182528676006172,2.660015631362829,3.092644337248027,2.332972092112502,2.6108448677425504,0.5051444061444623,-0.5359204733824685,2.8975855110601447,2.370608120596204,2.6557365184116484,1.7423524328929565,2.203381412900953,2.3430131137687864,1.169514232904133,1.9223189533254725
0.6709119182344735,3.021228592775514,2.8720794122338815,3.40805213695476,3.4656458641479047,2.8144994944667,3.04387139602188,3.0690677728046887,3.361729096988197,2.2247171211513916,1.7861265662607266,1.552820728002391,2.4702612854764974,2.635432762942217,3.0929097709773785,3.3947742870373614,3.0647222288871028,2.0,2.5002774393690155,2.795760038225725,3.117013305990649,3.3407131391366818,3.393575207871586,3.052272686185746,-0.4331781815842486,2.2335803345184337,3.08772735589579,2.783850862919486,3.063831362273215,3.394002883462505,1.2009170607028699,0.5456067525992052,2.73619111960727,3.652481872750557,3.380589680633261,3.5347309475983204,3.227190435568135,0.22045492568209607,2.9988908975829838,2.5774906787607987,2.9678181630675935,0.3406402893427706,2.9312615497102894,2.29669946489155,2.3339162226592465,3.0904997646391186,3.4356109253302454,3.138490187139787,2.4979953983090186,2.975548161300613,0.9842545261007674,3.0914900547122217,2.718576134371793,3.162333291764994,3.2784010373140777,2.9110115381287627,3.2755803532077636,3.3189264280786097,2.1695752713161838,0.8379060062889095,1.9551593466588555,2.359709914470215,3.005056701778103,2.6562831758153327,3.056491071188217,2.8854192519469484,3.1964029369824005,3.0239435056516712,3.5818344595945275,3.67805729322025,3.113411440002285,3.4736106210278317,3.137247048101466,2.2592272356191248,2.6122995952741386,1.8484272855342805,2.7253580199466665,3.040843196144076,1.215052283793069,0.7238575782581425,3.2766238849260634,3.054969696801577,2.641026461563418,3.6124272627121776,3.1994508894402593,3.5349369924630687,3.3681703616264214,3.2813913887683626,3.4730777848104166,3.105179366092074,1.9684637450362006,-0.07567250226893577,3.1046610549037696,2.316619569606864,2.717874304581647,2.6190504134982473,3.063843662798905,3.365138054770758,2.170396715504094,2.9284581872175903
0.12548059563204955,1.8359372852840645,2.5486992823614996,1.9725154481402583,2.392175632051213,2.699592895789729,2.7177926870054328,2.873006956082138,2.512776087269339,2.3853845411286514,2.577337838621449,2.4010327495553323,2.762730537395684,3.666693859870454,3.2340091793092687,2.080009253264417,3.4524760964531405,2.5002774393690155,1.9999999999999998,2.1515013425376655,2.852515362716444,2.9634588326417046,3.0647334134943205,2.833103138049905,0.6596655741440235,2.411613669928187,2.338495973618274,2.82267209592953,2.9405921978967884,2.300217504152002,0.3518213860062956,-0.5805834534960971,1.1732474948080986,2.349076941608528,2.2057231034036087,2.023003363495964,2.0993042881547117,-0.26858345748794316,2.338747811095266,2.3401920291171843,2.199194596674563,0.5109559948621547,1.8782592202523591,1.6509773838476418,1.1379794632218525,2.4036702560110603,2.0642116904354095,1.982003704058415,1.3824644043670204,2.043434585486703,-0.5709669930590467,1.7089576492939371,1.0106307327607909,1.6822796202245685,2.9007715647078207,2.5421817964530224,2.373344477953047,2.729952306556489,2.029705097760642,2.0970946760390876,2.643212224031461,2.754806045552484,3.1681021241766376,3.427861945053791,3.2242759491549924,3.0620467322483687,1.9781646844459913,3.529179264139018,2.3149600996150776,2.043025154731673,2.708754565704322,2.620955985176078,2.951653639968221,2.401403747799612,3.0178987803240256,2.229802735898949,3.122697194777397,2.8999141477032624,0.16503572844452896,-0.5537244130942529,1.860194366322784,1.0658263062218223,0.7826117462036367,1.8950295948010085,2.351255934010177,1.6805256223985074,1.92942589943581,2.6831138896599853,1.6163672930903419,1.9720977091418703,0.06316123083372127,-0.2350332289781374,2.453361934526843,1.7410392735871008,1.9394034215404656,1.3747664669971948,1.8353167258001872,1.939708459738856,0.87862204983351,1.4790099880752143
1.2802576793098936,2.1954331214028513,2.0623788595738834,2.678203304574523,2.5261231208617545,2.281110033202446,2.839595948703284,2.3502785034828033,3.227669835920585,2.609777234688256,1.8986647703630037,1.9426878963888312,1.482922346572269,2.089521110380644,2.801141517285366,2.3097977544304564,2.606757108639134,2.795760038225725,2.1515013425376655,2.0,3.362804654294635,2.6316572355986088,2.512645414054987,2.495363821215892,1.3710898696329141,2.555546099940655,2.5946022186306505,2.5949112990271113,2.013893882599294,3.0365111465787287,-0.08349757427151094,1.6932298905170746,1.5381664056532733,2.3251040746861262,2.5178216343671016,2.780179536599817,2.4758803815079613,1.587841918370718,2.4946081711825836,2.589730345062698,2.517836657930145,2.1972736609635293,2.727934879652831,1.3864391175276891,1.0006789352339513,2.699985388302078,2.5598645661069193,2.4956854866676688,1.720101435291503,2.2253313293927515,0.5797533369646246,1.7734639030247084,1.1684615062027792,1.980924053754169,2.392119840908772,2.182376239762724,1.9433153188478784,2.2701489534522605,1.743101885976352,0.9316779303892969,1.3799688112005781,1.1479849664562065,2.137502321457527,1.8985393249544391,2.253398476037427,2.2499209620266463,2.2174784992787897,2.107874803545367,2.3624997436056048,2.371192402586834,2.7881964956333714,2.5780434171072564,2.525134515721066,1.8676195500588366,2.0480274165384236,2.3263312166860244,2.0241195205320173,2.417073940657974,0.10397460052109418,1.523358207177104,2.4291970577368343,2.2489731892799623,1.9044542192283054,2.63291853825946,2.6669187665624343,2.379344836605205,2.5193235807977317,2.4357957401457937,2.759958165721293,2.5232021699809053,1.1847404161335113,0.5652899545672537,2.2559615277398546,2.7214006677553826,2.404487610283227,1.528257988206675,2.607301510534016,2.718226073295475,1.4227324006289583,2.165038377072592
0.4833297140677123,2.2340533200113866,2.5377332177676593,2.9157540906811366,2.820842182908982,2.674681209107142,3.1005371038529352,3.097967236191705,3.386801984479081,2.995955944872881,2.5662920923137174,2.4709550132228917,2.2686466128413185,2.8117739384023928,3.2927255721114186,2.5061548305561505,3.2283856005402707,3.117013305990649,2.852515362716444,3.362804654294635,1.9999999999999998,3.2206988818042164,3.1253289009238485,3.103159124734058,1.155810546885361,3.010093203370814,3.084237415401462,3.1832155112835263,2.804063810951596,3.188887021866776,0.27914133882348074,0.770866993220376,1.4460532014129344,2.7273584190001947,2.8552699453586383,3.0672689306169882,2.9044199061166514,0.6145264152823884,2.8729966769914994,2.879078999935577,2.729420481389908,1.5139201682488894,2.87664571497787,2.1091329934207037,1.6423902250464344,2.996614106006924,2.78345578969911,2.6507739661140017,1.7241288789129965,2.369697889259317,0.07573935441214424,2.021785253888401,1.2356534250949223,2.384557258105029,2.9426155892907455,2.5613837982005254,2.6647833526354208,2.950166956724832,2.4001175392473435,1.449602874959801,2.2212516272032983,1.9980158180469787,2.870565472669718,2.5586823118197377,2.990299218517362,2.9123515353515526,2.349913944474664,2.8509153307883004,2.6758712236158466,2.5839192291838833,3.13089287847176,3.1448435597923963,3.038514059188467,2.5134805807564815,2.9168937972920013,2.8015338123213405,2.712185888436979,3.014757798110414,0.39400159595032797,0.6677295010585753,2.692720470561696,2.125081277961644,2.0054496295908177,2.9168063045582047,3.1696842577393927,2.4988042365471115,2.8792147240307187,3.0183596665600905,2.786034248238747,2.836732871030015,0.7582269607708355,-0.2615559293244272,2.8129470543596145,2.8336519971673924,2.854150117802759,1.9973125036408543,2.7155096179273386,2.7239169378541597,1.2255227328026845,2.1908496856170485
