0,1,2,3,4,5,6,7,8,9,10,11,12,13,14,15,16,17,18,19,20,21,22,23,24,25,26,27,28,29,30,31,32,33,34,35,36,37,38,39,40,41,42,43,44,45,46,47,48,49,50,51,52,53,54,55,56,57,58,59,60,61,62,63,64,65,66,67,68,69,70,71,72,73,74,75,76,77,78,79,80,81,82,83,84,85,86,87,88,89,90,91,92,93,94,95,96,97,98,99
1.9999999999999998,0.287227741237334,-0.051008459437213494,-1.1194641467598594,0.06510403433377901,0.7666732970097316,-0.190052077006,-0.523782825758861,-0.054892221046810796,1.0751656843025672,0.20684140005107585,0.3808175027607303,-0.2238806897141629,-1.4908508943435472,-1.2775281686992448,2.0309356061997392,-0.9769682823386412,-0.5593768638657846,-1.320952271890532,-0.9060023412371521,-1.8657801388546236,1.258186232955517,1.517479017953961,0.6732715718170975,1.27032716294999,1.0877407111353168,0.8181344729389219,1.9540451888921668,-0.7138467092282808,1.108670277648352,1.983726306169002,2.665775440374783,1.923719582986072,0.5602396851348767,1.7167617565558289,1.1071720544739823,0.5976012505840469,2.3710872421970643,1.2888352110707193,0.6674748640179274,1.635492116950306,2.5336232322998073,1.8069928024551065,2.402209734521391,1.4973547089101196,1.4190120946010316,1.7276243308968253,1.2959378056676218,0.966446132011966,0.4537317926919784,2.4610298016333196,-0.3999995765279499,-0.5594971807568002,0.0087192378628769,0.8893098517739846,-0.14904393267457722,-1.069495728395923,-0.983260714575739,1.7404596511793888,0.08991151115624779,0.3851198163012838,-0.7180491411255425,-1.2270776260468332,-1.669660107040531,-1.5450631991740376,-1.4212230310802745,1.455430974792265,-1.1996308876858832,-1.1081037368800504,-1.255402355679884,-1.5136874409498935,0.15322326139019987,-1.1569248299467119,0.2462046370525717,-0.32830885258198106,0.7040384009578267,-0.7739855711275541,-0.1901659575817385,2.121528368997752,2.115582517014042,0.3758482339135197,1.0185547199949723,1.3271060129199688,1.1047547635537582,0.6303571215291014,0.804649255399339,0.5066054198393343,1.62090134565056,0.024283444765128392,1.1186581546503502,1.1997594452599785,0.6941357777937747,0.47827515923062636,2.309679173384405,1.4727615987782066,1.9774585015327373,0.7281456102167976,0.8717419381357742,0.35293364642095293,0.1737641236246339
0.28722774123733413,2.0,2.3490393288219407,2.502220482135761,2.4238676050097956,1.6552151880066348,1.2237334691737174,2.8131339966454485,2.3611798407775573,-1.0881542337100731,-1.288110089652705,-1.4416176662701763,-1.6835656225407432,-0.6561417495457935,-1.6428239783428082,1.9065902522874796,-0.3942093140732774,0.9039272017435648,0.20202502853257484,-0.101031946371605,-0.5926091943028374,-0.8473420196402474,-0.3273316417241111,-1.0204044664147407,-1.236673270779561,-1.5247575408763816,0.644417663726312,-0.6624358726004345,-1.1664845765772334,-1.2407451444334268,0.8416346884059458,0.9575844811069044,1.1270135874300364,-1.3121615981157575,-0.4831243787891619,-0.9103654126585365,-2.0044733969394573,1.7287003535570495,0.4807458116692863,-0.965912337105487,-0.2190692889858138,-0.4441650655394709,-0.2768824411107354,-0.3550484809651557,0.309425832228057,0.3693554890581923,-0.2072262287671673,0.1400283359081376,-1.2897809003335716,-0.7986196038869326,1.9437383001190862,3.2957732793331758,2.062035460603366,1.6971218736505453,2.2071815069733516,1.1113784700833234,2.75743897740876,2.7811059627609405,-1.4501525246675562,-1.4258019177646812,-1.3918613864645373,-1.486760638440551,-1.0510503524124553,-0.3623036776750369,-0.5147987802681504,-1.5552526866440208,-0.01747757567425521,-0.25897564884943214,-0.47989704793153753,0.4903222353101752,-0.7014042051168852,-1.1093712805153464,-0.787574020589852,-0.9371558066787866,-0.8827224421034063,-1.4382407656223002,-1.5262611864870246,-1.7706278165847045,0.3282774779834951,2.03448615210337,-1.0395795065225042,-0.05553990410092121,-0.2899675554417954,-0.7822174451838948,-0.2937129519013784,-1.0728929625582664,-1.9428772408090005,-1.201974904370361,-0.9951910870315392,-0.4149435557539466,0.8048443857189108,0.5722173449223869,-0.13398645819545163,-0.1888007754282899,-0.40728585257059247,-0.5478501222231063,-0.11746384178105851,-0.0435634084236744,-1.5291441495703484,-1.2718925501319762
-0.051008459437213494,2.3490393288219407,2.0,1.2827935399776167,2.071682652591835,2.521339223639302,1.803276024998682,2.477967066245794,2.5614047311196706,-0.1653962495574677,0.05303793224991463,-0.2249716061511294,-0.4910162248948954,0.84825810390288,-0.3346836810920322,0.9060125763396709,0.6262379788326151,1.8689731094672428,1.380760949707954,1.2729135151963333,0.7522934412440304,-0.5259841307408192,-0.73068024634793,0.6153717931255089,-0.5763065413119243,-0.06165502501425277,-0.014993968497298726,-0.7341907714339561,0.5877369755895105,-1.483629274232738,-0.022041635465910092,-0.3688125379260672,-0.3902464916051672,-0.40675087723928033,-0.6541145649428983,0.2534881823383616,-1.3500030733024522,0.6268297688829563,-0.4730818835686299,0.1764438056017706,-0.806413047356531,-0.9366184494256735,-1.1823010051366927,0.12050960110423425,-0.6987295394371048,-0.8520369272213957,-1.219203318178478,-0.5827135745058788,-0.044543422766390506,-0.5818950143603154,1.0402855651053988,2.759151306009297,1.7672014321914846,0.1702732839788331,2.308217666446614,2.3807881643879254,2.1675719831386697,2.595915215040278,-1.139412817518209,-0.0721174628736971,-0.24997009943384918,-0.220787505662177,0.18135431082595488,0.5919686506235845,0.7747991726048882,-0.2871285379303005,-0.8372712178672891,0.9059986966500428,0.1325803566644282,1.4360598523820858,0.8894218472313384,-0.7868112365690081,0.3380387612299258,-0.3890888160322968,0.5208784503023409,-0.2005814840057432,0.3729137683943767,-1.071024408414158,-0.5105715846907277,0.6847187436845354,0.2571100483002309,-0.9650240237855361,-1.0010725302115486,-0.7352304906082071,0.012868760825972714,-1.2422859598855363,-0.9024978054779432,-1.35316150929051,0.02682755744760229,-1.1174596232750944,-0.34477613433364607,-0.18987942469261979,0.062331034880788005,-1.0110886872199538,-1.1905683408709993,-0.5142166910686614,-1.2458267840665387,-1.1770215402886566,0.0033505185383239933,-0.7225958128899674
-1.1194641467598594,2.502220482135761,1.2827935399776167,2.0000000000000004,2.356727783660633,0.3378538063318045,1.05985048595019,2.6560429107974235,0.8657933751103346,-0.9949216559734263,-0.8903108405482956,-0.9684261890306125,-0.9916922329065874,0.1541032028060332,-0.33345373649198895,0.90102895584114,0.2263610579526248,0.906966261558837,0.5542666516462352,-0.19790551094837278,0.27299383692802703,-0.881101600687381,-0.6446463815513265,-0.7121367563514109,-1.0254550056076763,-1.1850515996368052,-0.2147807772287123,-0.6466815351268652,-0.8063289670005277,-0.7919935275116323,-0.5077914001948143,-0.4173938042802501,0.0714791786419844,-1.4198585650481774,-1.1363060954123476,-2.1170969599463043,-1.9938891568794068,-0.0379619899391761,-0.3243746074217258,-1.1199026565245411,-1.0709374174794548,-1.2026764532227034,-1.1972223929641814,-1.283573542481201,-0.7997939742503397,-0.2165344802450837,-0.8367470859956915,-0.4166703610382352,-1.9506567467553353,-1.3827868894504696,0.7051257024315893,2.4834286420952494,1.4858665513733023,2.4693618891776525,0.9121798035429795,-0.16101395440544547,2.889276371728071,2.4936419329632744,-1.4864125146858471,-0.8595548356763605,-0.8838605226222191,-0.7906015934620538,-0.4421274831683633,0.3674717702460592,0.44626176045085275,-0.0105787067201185,-1.1755212199437448,0.4258210735143413,-0.3032615598075958,0.48023638000777247,0.18841981482753883,-0.27286420016123664,0.6077862469007981,-1.7095761703652814,-0.2847342059895738,-0.9143580989998163,-0.8429355051883258,-0.3178354552177871,-1.3487806656531518,0.3740354920462025,-0.9149969935464727,-1.1073309522326757,-1.5296006835842575,-1.2234808621477322,-0.512073053470961,-1.1474653092961806,-2.3184336908751426,-1.2841989842985075,-2.1002367601507324,-1.4713436942335478,-0.6126020191035528,-0.6286784068424245,-1.0766661429323818,-1.4821281001715472,-1.352382829456646,-1.2484199223541679,-0.7785142022506594,-0.5804646422505598,-1.7940431518586255,-2.070045865005137
0.06510403433377901,2.4238676050097956,2.071682652591835,2.356727783660633,2.0,2.3365625024174936,0.5598372412300568,2.174681971497039,1.612755553066732,-1.1318526154363924,-1.0390846655093124,-1.0512508887782375,-1.4876449127922164,-0.7006741538735619,-1.0769030451033041,1.1087928317010918,-0.5745196666529209,0.49070183255336297,-0.2092106414446544,0.17248243991699053,-0.43432262191973964,-0.5450058692042687,-0.007268410727253399,-0.51238867394331,-0.9291740300675221,-0.5426517027012362,0.713350791860858,0.23787380686836945,-0.8123434552848511,-0.5442588445213494,0.8409714804451602,0.1585558439558766,0.31961635345017114,-1.3604941623903262,-0.1194538737612003,-1.028581659567556,-1.2189909343368939,0.41362887908138735,-0.8414323039527314,-1.195946253621205,-0.993781026594903,-0.6315221798966154,-0.7790903890885416,-0.1481559751713415,-0.3155287688816819,-0.0709446565397864,-0.577874647687657,0.6058499063383631,-0.732959540958648,-0.9118073299211508,1.2622502276995773,2.427456097855258,1.405883553573692,1.9980037189468094,2.6829689377108283,0.5357097444800082,1.8746956502545378,2.435409363011455,-0.9049878461291976,-1.265669754161701,-1.243940146646826,-1.3577748166118668,-0.9304589789925672,-0.5753931718160877,-0.38056888779014153,-1.0163126615306621,-0.8898068547549867,-0.4266733336786247,-0.7488904014165298,0.10624691491016369,-0.056974861902428,-1.0110155841468407,-0.004641576204056197,-1.9481095610107528,-0.5725065031902559,-0.9482024456973726,-0.6728350675383521,-0.6701488470441641,-0.0670090735710866,0.9936599432094247,-0.7363475229316472,-0.8678108792170998,-0.9149898414289135,-1.0691365905260537,-0.057934465667585894,-1.1282151472222772,-1.375124383328483,-0.4698223768879367,-1.8431629064215254,-1.3149279592788559,-0.1105023204662035,-1.2706426906792796,-1.6179239876358704,-0.6507455293636002,-1.1189846423920666,-0.10791248500744796,-0.6396088529534498,-0.1867526654325986,-0.7363894065715022,-1.3585477672979915
0.7666732970097316,1.6552151880066348,2.521339223639302,0.3378538063318045,2.3365625024174936,2.0000000000000004,0.5549191434286875,1.8192383451040368,2.689979505959424,-0.5821159859198328,-0.5424873057632268,-0.5546657336773565,-1.0667739462214727,-0.4077609587836364,-1.0021353018351356,1.012233359468811,-0.1334240571580637,1.281071630643747,0.33067847553576574,0.9346587193336395,-0.2432389614400168,-0.17857230204553048,-0.1898868092613609,0.1800934761037262,-0.5725610756004463,0.15597965557698648,0.6734417456638842,-0.047300150525127704,0.32495530871606026,-0.863094213902786,0.8995186446881734,0.2514213656617454,0.49025406283817885,0.11848791927262142,0.20814560755265904,0.9271727664737035,-0.2995929905261136,0.5761912694841711,-0.7977434918680335,-0.6926598230063632,-0.5172458427316116,-0.4561017228855314,-0.5296961260622908,0.2469537909373745,0.0171216974527756,-0.35932793512892486,-0.6134420129039051,0.2577130955636275,1.0878339064812743,-0.2257176204077132,1.3467222087933086,1.5556315161523555,0.6390581755389346,-0.3026905781527487,3.1159142073603907,2.1612870652483993,1.1244363560001496,1.769683923019477,-0.7965185321129148,-0.528096522802531,-0.7934995092117678,-0.8652088011394613,-0.5577428933035388,-0.652322631021301,-0.21314662965423298,-1.0327012881475006,-0.5202861947615098,-0.10816168369998211,0.1340072426041602,1.0944479404032446,0.23775655802280732,-0.7413773266455668,-0.4431139155394796,-1.1658732705603234,-0.1756144508998974,-0.41420316486068764,0.0642999953462349,-1.2540536669963263,0.3514584783917189,0.9196632313745168,0.23392688817273471,-0.4507675487844433,-0.23843800184978647,-0.2087244559049427,0.1871499484121516,-1.1312216550122487,-0.1706623689993823,-0.4940705200064236,-0.4213439576160129,-1.0273546853425974,-0.1752934238401297,-1.0210635286268304,-0.8576996187099357,-0.33106634667060486,-0.8710561420554932,-0.16446867248706562,-1.050013128277828,-0.41346399643111786,0.805753837449805,-0.35196819053602185
-0.190052077006,1.2237334691737174,1.803276024998682,1.05985048595019,0.5598372412300568,0.5549191434286875,1.9999999999999996,1.125335135462208,0.140595568779946,0.6816165281643818,0.8634333937445395,0.21636404359989903,-0.660399234355012,0.5326307219139127,0.854682018019121,1.7646492498942152,0.5456351776293811,1.4588562048512526,1.2104447281165056,2.249775954562273,1.3084342117911918,0.03634233745277099,0.23037246924744192,0.8441300087656027,0.2330809691325495,0.263960464976939,-0.7621869861668515,-0.12133934067974611,0.9053253313941071,-0.3444897605795648,-0.688709395773142,0.20649591791297495,0.2813186398724449,0.23602550501516478,0.2040602727985852,0.24178594308667659,-0.8214037056776288,0.7598221532612596,-0.05895589587023209,1.8299658417654472,-0.40440976214692337,-0.2457045097591637,-0.7744655529148513,-0.016200573608148916,-0.3037132638794845,-0.740628294161734,-0.2946636312308633,-0.4695798977196114,0.01995230156069641,-0.4067929569513978,0.6588579606021251,1.0471571286279562,0.592366652599505,0.1392246217833287,0.6429930633089538,1.0753465684701036,1.323398089076584,0.9945353614774246,-0.2551060066679254,0.62343096320961,0.12730316949756348,-0.5302866026303079,-0.6271799236824745,0.441333288046304,0.9582536162655874,0.7249875396620861,1.0601747664744072,0.7827590010265361,0.168035078820125,1.1212755738729057,1.3244734054364382,-0.6381778370393496,1.2943438283357995,0.3875716695897477,0.7871221160350237,0.25000112374986483,1.125308145235449,0.5846645753094598,-1.0099500872108322,0.856519146809984,0.6016609651827112,-0.2470945394045641,-0.848938627405913,0.010650274060012926,0.048780629557339084,-0.27152101535940154,-0.4779764160688639,-1.016493194332857,0.5524900763606723,-0.3876967204228176,-0.2592838318852435,0.6025392277625735,-0.2553867159312969,-0.6616208564080074,-1.1133857852351379,-0.5998109130425213,-0.9311648859575301,-0.18534978801691782,0.2538625379564219,-0.3392669325064168
-0.523782825758861,2.8131339966454485,2.477967066245794,2.6560429107974235,2.174681971497039,1.8192383451040368,1.125335135462208,2.0,2.508839783234282,-0.932557610390386,-0.9707107185395758,-0.9053944252343717,-1.082095985956891,0.3899289425397684,-0.6945634757075712,1.3899418255995535,0.7435140913295664,2.3417827243636555,1.1034147098068896,0.7874940210034191,0.47870010684762576,-0.26110025408070653,-0.4882368824115376,-0.2820662171801088,-0.9995552435858537,-0.5420933531252696,0.2108545349058928,-0.8592656430687573,-0.014079535068727708,-1.19592665143445,-0.3992689965286772,-0.077053697274279,0.0610091541132709,-0.5146070389390867,-0.6778918558724697,-0.7814694695336274,-2.0011609155024463,0.2504185738798108,-0.9071461210854463,-1.1367898459202128,-1.4879546659490224,-1.3823986115743208,-1.5202917466530748,-1.465352183128384,-0.9350597283113975,-0.7440621334641582,-1.0685635005846152,-0.6647158833855729,-1.3203128581858707,-1.8430555887744937,1.1346034987725282,3.0930869061611683,1.467364528597157,1.12085467282856,2.081295133564229,1.339393961347275,3.5430749564353814,3.1938010936254293,-1.7923898653558223,-0.9242876191565282,-0.934316421404467,-0.9604741753507331,-0.1614316100293086,0.4905251378593118,0.7023411978116056,-0.4256875061795976,-1.2470761168725535,0.8166719218850629,0.5810265525707187,1.9717386520562592,0.693501708697134,-0.3056660394589271,0.5879564677199236,-1.7797431849971623,0.10582271712503771,-0.7230192207073715,-0.4252002974120579,-0.9835892181160734,-1.1017357113601824,0.9077412370369933,0.09072803039652261,-0.9975835546732537,-1.2676537243316681,-0.807311363763034,0.049910746176395404,-1.476318403317312,-1.8909171742693522,-1.5832756340052832,-1.6783361753138495,-1.8557406635510962,-0.7454163590642642,-0.8191959706364478,-0.9532672388322116,-1.4394304933293116,-1.5430419546571812,-1.7203642824426528,-1.4854231154064093,-1.046485417125765,-1.3183364537864892,-2.2639547874230925
-0.054892221046810796,2.3611798407775573,2.5614047311196706,0.8657933751103346,1.612755553066732,2.689979505959424,0.140595568779946,2.508839783234282,1.9999999999999991,-1.2157463977566423,-1.1412297348231015,-1.1917162313356173,-1.171898095476338,-0.21799231714179362,-1.5387041368882144,0.458719870136017,-0.18985974500322073,1.0263916469482828,0.4501166931502908,0.17863347688968112,-0.5035233493974363,-0.9254270524374306,-0.8718570427250565,-0.5335630603424084,-1.35296886304949,-1.0635603683995414,0.9656354323660614,-0.8932926011809539,-0.3984979438315099,-1.6103914362640332,0.6444439906574433,0.1529473399458805,0.5562318541713491,-0.320638478028146,-0.4766408398255082,0.377255561712994,-1.189001762700426,0.8860468908592556,0.04912723573584547,-1.1259322197377952,-0.026592525681158802,-0.6539399202309932,-0.4302763544591036,-0.17018075375242103,-0.1133859847744498,0.157745722720221,-0.40531585492523964,0.012561913538256704,-0.16208284545289153,-0.2228052077780519,1.000939241987811,2.4691216718512083,1.632174701309086,0.18203299899161385,2.6503769477908907,2.209000406976575,1.8902471039078392,2.4826120687582787,-1.850761645177235,-1.1946366857385822,-1.3542232723099006,-0.843341539107983,-0.2938598412894792,-0.21361049645267932,-0.2416347785180954,-1.499561786457328,-0.5871610256970643,-0.18404489528320128,0.1473511691672572,1.1593283498186968,-0.16747570587186159,-1.0327336421123465,-1.0856325778499722,-0.8847818384511354,-0.7902168486381753,-1.2983016607196918,-0.9494330868501415,-2.3636745650398105,0.2094931331562795,0.9204224646150798,-0.32336370696144157,0.06449431978277238,-0.11065813228548879,-0.544892996133607,-0.12524305578859318,-0.9710394421634465,-0.9597228669623703,-1.1089214446409381,-0.35085553310933226,-0.3640483430480945,0.3440529814795592,-0.2982748019646513,-0.06992382912424663,-0.41593691671725797,-0.5018209434417419,-0.5772725645477796,-0.3126776071028515,-0.5450696352468247,-0.6269181107669275,-0.6646749809644035
1.0751656843025672,-1.0881542337100731,-0.1653962495574677,-0.9949216559734263,-1.1318526154363924,-0.5821159859198328,0.6816165281643818,-0.932557610390386,-1.2157463977566423,2.0,3.2667096084858147,3.2647898087774516,2.4040383947224067,1.429639902421999,1.8005844148520582,0.189701533110547,1.548456334196513,0.7142704125596193,1.1664999093632453,0.40405722707923186,1.2634153738766518,1.8528209389702033,0.3538338133074199,2.6113663376261114,3.3713398281084133,2.5803486338840997,-1.6585075376231404,1.4965558948605258,0.9614703315788211,1.4558595531311047,-0.6696257546420223,0.44491522892473384,-0.6354030904227745,0.7676206026345849,0.0007195936568821226,0.3129660325053678,0.9207621712858894,0.4693089042587501,0.4925461333623315,2.5481309968636188,-0.20479902346236822,0.9360019504883478,0.06861326727807887,0.9987580151157638,-0.7274515285827069,-1.1410504167215905,-0.3064800215405374,-1.4718549985975589,1.050651304597511,-0.662467539182751,0.4427350541335714,-0.9976437737237795,-1.1529554390527181,-1.5863743812661015,-1.2236192713349698,0.7680099832778993,-0.9777978836942376,-1.2812773379494384,2.942648840861623,2.7962059086396294,3.1706711830891776,2.008190028718684,1.6500232483773498,1.0747980674380897,0.9417543269977986,1.7568773307298164,0.048712999616250335,1.3989645158386066,0.1367481183689418,0.2500727980295899,1.0444060473802623,1.9108094518036665,1.348184076919412,1.9495245828362393,2.54997674184921,3.226256493241685,1.728684472848143,2.441584398052899,-0.266587718669051,-0.09698588948224823,1.647544974841168,-0.8477868682127094,-0.4764727315652838,0.7814978782276167,0.17935539113027738,0.3164679819416937,1.1281839963051379,0.8094708075200329,1.1577392778308875,0.06730307132708781,-0.9251361877502209,0.40462756501653363,1.5899889370884461,0.8223512735306093,0.8779290672639951,0.7095336659009484,-0.8873448569136436,-1.2086332892270792,1.8053197203675682,-0.014273883080895496
0.20684140005107585,-1.288110089652705,0.05303793224991463,-0.8903108405482956,-1.0390846655093124,-0.5424873057632268,0.8634333937445395,-0.9707107185395758,-1.1412297348231015,3.2667096084858147,2.0000000000000004,3.4564632281347825,2.5456282325667487,1.9268065305873976,2.368113849312829,-0.5162232437908149,1.8684734420692932,0.7185841150414668,1.5693147708991768,0.7593841073852363,1.8580522118475673,1.303719173092456,-0.18388113582433957,2.5601348234481986,2.831178806910315,2.3118672966687916,-1.7829498718712573,1.106172987665035,1.2880233305298827,1.3536068522079299,-1.5698301503236542,-0.3816516177554007,-1.1699314390676818,0.7344374148646037,-0.42500506857740467,0.5362622858919448,0.9962851421015007,-0.2135395141858237,0.014679341116982936,2.37933263041498,-0.013545487951673207,0.40412557643376507,-0.2137098864978274,0.8482841257478917,-1.0942146606840846,-1.1105854811883789,-0.5761206586046901,-1.679849410733981,1.3704364367304755,-0.1307604580724126,-0.5377547759248061,-1.0248921850073116,-1.4649674798933923,-1.3984269533255267,-1.1743761357063358,0.937615368379633,-0.8132613261048232,-1.0173457389521514,2.5671258096281777,3.323875227243937,3.2801150296608506,2.336382137277943,2.013502227183997,1.5177560116729074,1.5978506203922591,2.297871046801178,-0.061197054536706874,1.8179987045113126,0.4082274817179425,0.4815540993527565,1.4628047971882774,1.6166523101676713,1.5264700912790181,1.8558700477841543,2.772847433691539,2.969342787536251,1.9240985925002647,2.4980274794044917,-1.2334906858487047,-0.8152267016019064,1.3462123688561936,-0.8582155674661711,-0.8700760524990493,0.17007913786707318,-0.1832280699294249,0.0397346562005407,1.1479045105270216,0.451955512023759,1.6085249326837332,0.1462967264010612,-1.2291530961152062,0.2566330506281697,1.1392063581648428,0.18237494419958242,0.44863343932090693,0.37995316542564855,-0.9030481390158002,-1.3947706095363892,2.1189385397104172,0.4241054986330842
0.3808175027607303,-1.4416176662701763,-0.2249716061511294,-0.9684261890306125,-1.0512508887782375,-0.5546657336773565,0.21636404359989903,-0.9053944252343717,-1.1917162313356173,3.2647898087774516,3.4564632281347825,2.0,2.901138276632783,1.8403517833590253,2.1422786402155385,-0.3035267534363527,2.193104489974388,0.7737353725935281,1.4421499509552922,0.4762113540534302,1.6735231873010075,1.8073623604308862,-0.1406344457229995,2.6654325759659203,2.9814910491852,2.6963169135933587,-1.5730326773936913,1.030738975232658,0.9878993696083012,1.4756817558448445,-1.5145665446295993,-0.2304667001413095,-1.2224960043104316,0.603392816602407,-0.4391832261515817,0.31200617575021716,0.6330864750230908,-0.3808489038922159,-0.1732800914980242,2.115401131896781,-0.5240203234799371,0.3979656408616029,-0.18650620751368147,0.3647746763148011,-1.223934499831643,-1.1885031528566077,-0.687716215471029,-1.83157355773014,1.0345157283398492,-0.7533707581141051,-0.2875142676155352,-1.2771299585521527,-1.6961561997222034,-1.67196692472534,-1.2312382563651156,0.7615999248550576,-0.9209842335469383,-0.9720397532914091,2.726312054159992,3.1198899604625394,3.552792296706718,2.702677704573741,2.285430199861467,1.4873788652373714,1.5201654358585543,2.2554890576834863,-0.6178038237266799,1.9641625986632314,0.353301913923844,0.3730998468519555,1.4391336470709615,2.2490894374231813,1.6941150574970818,1.6103646509711647,3.088635456020925,3.2479637104847505,1.7816188543556684,2.7396670542057704,-1.0999798152454152,-0.7575714540154642,1.637337512348886,-1.247817108604163,-0.8451792426509234,0.39254039398458884,0.15804397390811958,-0.0355687750214249,0.7589185579039996,0.5487751696142371,1.0204701900411146,-0.07884247711734732,-1.5079713877458194,-0.1871254879361786,1.0889768354359763,0.13321683479572693,0.7545898888983984,0.04973168155552671,-1.0129497996664407,-1.7125494874594565,1.7279048958353072,-0.1599513574871681
-0.2238806897141629,-1.6835656225407432,-0.4910162248948954,-0.9916922329065874,-1.4876449127922164,-1.0667739462214727,-0.660399234355012,-1.082095985956891,-1.171898095476338,2.4040383947224067,2.5456282325667487,2.901138276632783,1.9999999999999993,2.5248765533087134,2.1539318801296368,-1.491751760967273,2.3318479273620065,0.8273927181754559,1.7324732183327851,0.10975678656302981,1.4052865935310457,1.083138336480562,-0.5061026113136472,2.0547138013393234,1.9252709515205486,1.7076610824511618,-1.8945447465621545,-0.0799408842786514,1.191239026771043,1.0384028927827775,-1.9355542519015454,-1.3062570178846333,-1.9308902438708748,0.9255774208037884,-1.1789730307891733,0.1689374151796659,0.790102692515553,-1.1571735999804473,0.0802630757685095,1.4931516360661605,-0.3336121564070066,-0.459169428178908,-0.5121375454087465,-0.08962182405651423,-1.694404756035329,-1.281612764478155,-0.9095802814199123,-1.8563308997146437,0.941079977875668,-0.3455599490621597,-1.2413766337176533,-1.2512008105848023,-1.4357248748472147,-1.6329689802016443,-1.985820626193715,0.4948751356083211,-1.0476945697851772,-1.2159042395942978,1.6762434448367634,2.5462118148812762,3.090947273753993,3.5532813228551037,2.9974651143511544,2.1078986187953985,1.9063602790106597,2.2986634269743345,-1.2182228039905683,2.2197243320904327,0.6726863095921061,0.4547284095170373,1.1975018368623669,2.226401265741581,1.2008143339339594,1.684042896527709,2.528407063337556,2.4160645245824925,1.6462654385845883,2.020963546886028,-1.1818774453521053,-1.8755894728829112,1.207336959369539,-1.301750911864822,-0.8983545974664691,0.1126653879411012,0.0729028931432859,0.2428100705267876,0.9887838857663724,-0.016087670539024684,1.1781740983642404,-0.3832892560933888,-1.9329193704150054,-0.3534508085011177,1.6780163708476419,-0.6453853771575564,0.30739081699139537,-0.4216021027706116,-0.8728071639095283,-1.6860635923990495,1.5354035907073071,0.17376950378854727
-1.4908508943435472,-0.6561417495457935,0.84825810390288,0.1541032028060332,-0.7006741538735619,-0.4077609587836363,0.5326307219139127,0.3899289425397684,-0.21799231714179362,1.429639902421999,1.9268065305873976,1.8403517833590253,2.5248765533087134,2.0000000000000004,2.685238826452978,-1.5246149652754883,2.9217931918899835,2.268609606732209,3.314477987679,1.6451781351976762,2.988820174370028,0.35879038457405404,-1.0026705253192731,1.6571975906760326,0.6664636662119043,0.9416853820101929,-1.9209031955657534,-1.4729054082795157,2.130836866839738,-0.7283490562273042,-2.423022503846467,-2.528917379417471,-2.680270309268113,0.9057901864706732,-1.597017991836056,-0.012745846110759088,0.23911170301734042,-1.6399523382105667,-0.613457346997296,1.112278520615706,-1.3625929415077214,-1.8885069584452512,-1.9173322143725866,-1.0671939938292572,-2.107636691195048,-2.265390553572095,-2.007562615758218,-2.1875803828071057,0.5084272256139628,-0.4260160476656726,-1.5114964436209437,-0.029092340249532396,0.05415154851932269,-1.4861719978093408,-1.6222059303476202,1.0068072671125248,0.5773302764445088,0.13033339564036173,0.1435115610633726,2.1052814720285467,2.1628145167935546,2.8101593851550386,3.2974130633251826,3.1898024801333458,2.9417452047189903,2.985563889425178,-1.8679092569072693,3.2138290986300153,1.7149285649130293,1.9739774902619756,2.6133796046890923,1.6676049646474314,2.0862107593036034,0.9764028762272284,2.569892326441288,1.645899509209119,2.397745582984305,1.3309682018762774,-2.2229877493915517,-2.0880839666691107,1.1821553699033178,-1.986662223519899,-1.8885828518015177,-0.4631301502449516,0.11082865994953453,-0.44029877859110733,0.4874876910939952,-1.3781393651405933,1.0200475805858238,-1.4485753610146475,-2.1204667247545044,-0.43718486766606574,1.3838162873379245,-1.9499514437003067,-1.1070300284202188,-1.301427948535878,-1.5438410471884958,-1.949012371484668,1.2117888011438136,0.0711993496703765
-1.2775281686992448,-1.6428239783428082,-0.3346836810920322,-0.33345373649198895,-1.0769030451033041,-1.0021353018351356,0.854682018019121,-0.6945634757075712,-1.5387041368882144,1.8005844148520582,2.368113849312829,2.1422786402155385,2.1539318801296368,2.685238826452978,2.0,-1.2948116099760236,1.826147220172639,0.9510020561940478,1.8201132190880687,1.8596849024729334,2.897478990995053,0.0961305397134265,-0.547272794807911,1.4496089071342906,1.368227815287967,1.1980717632763316,-2.037251775064081,-0.7668317702380489,1.9749638649422967,0.7991805398662359,-2.2140720876086117,-1.6389136328601976,-1.989264501917224,0.1358865182130673,-1.3393440880668863,-0.21788549940063728,0.7105065102000864,-1.5661887745544416,-0.9588390501220506,1.5512182509543486,-1.16509084863142,-0.9395559509406974,-1.6630022715132302,-0.5190883129402039,-1.6819613687609603,-1.7569216053747254,-1.4688293332914717,-1.7624268141650843,0.9986503707758168,0.0005672716934538857,-1.6074705714035855,-1.1218102560768706,-1.1548750760489614,-1.1012076379491331,-2.0565862523078784,0.142956576887653,-0.4185624881975387,-0.7201461150192058,1.2660855091219347,2.426939976824033,2.2174127956141234,2.283111367953131,2.074573293574817,2.440810101476413,2.6645846145548306,3.591975070936033,-0.6604445222119479,2.126661552869093,0.5727753917766228,0.8868159638817248,2.826471003042706,0.924253020164213,2.3757302125067077,0.7276058259116394,2.41381191158041,1.9560682206328246,2.3450705371726395,2.5480057706931842,-2.008284119698965,-1.8056121359589428,0.493323547583709,-1.6280777501880355,-1.8164314143052556,-0.8812052521239304,-0.8407106383429165,-0.6935557618601813,0.6494215566368782,-1.070435113252489,1.0829261910263122,-1.1957824333246356,-1.8511094961038543,-0.376896145347576,0.2834794465461117,-1.3558362912079729,-1.1418365131196784,-0.8871647140135867,-1.452555930058625,-1.5229430415520557,1.645958786481248,0.34300423817785775
2.0309356061997392,1.9065902522874796,0.9060125763396709,0.90102895584114,1.1087928317010918,1.012233359468811,1.7646492498942152,1.3899418255995535,0.458719870136017,0.189701533110547,-0.5162232437908149,-0.30352675343635277,-1.491751760967273,-1.5246149652754883,-1.2948116099760236,2.0,-0.29686191583068156,0.8613174508591336,-0.2599902269229565,0.5289861490364831,-0.6890820495971982,1.1634455001200488,1.5529418136675432,0.5232207519825105,0.42296311669705633,0.515827340431093,0.684300807003937,1.021744194420814,-0.7817159187484077,0.4916067077516868,1.0433047126658146,2.2352101958966353,2.131612220353415,0.47316035992357075,1.5434008439150475,0.2926141671991776,-0.9356314145437342,2.160116565722996,1.0244622617429675,1.0687642230051555,0.2381210901452355,1.344305084077734,0.8633423651903589,0.5024143119783895,1.1238969410566426,0.6612829159134248,1.2530686920628156,0.8231082890708843,-0.38706653263662183,-0.8719511655869322,2.434550585831215,1.0564967052587957,0.4055765245299655,0.6735960313553864,1.4182162484125553,0.21731111864873884,1.0218748349032796,0.6821069188206585,0.0997490552697071,-0.5358536494204987,-0.4646373805260521,-1.3492818394911685,-1.732392325758161,-1.240891767552898,-0.8633204757314004,-1.0013726690905982,1.3287355731712933,-0.42109575074599837,-0.44343359706999164,0.1190805508218877,-0.5408770896984822,0.14087218144074626,0.20966419865398292,-0.25384476216203355,-0.10905571986199164,-0.029278204561874716,-0.6554805602450118,0.11650170241154695,0.9429848568688992,2.616815190807012,0.49858660963151596,0.6266618193724742,0.4956767530618298,1.0759725162190292,0.7399285490337721,0.48575141870061955,-1.0206054695899633,0.22501098884526488,-0.6810669025741432,0.2550765789809528,0.7351355194601767,0.6485646445995474,-0.3631146430665063,1.018987515541684,0.4044975907812259,0.042448425948392696,0.0719197263741117,0.8737054285311555,-0.8834082139178845,-1.0883872352284825
-0.9769682823386412,-0.3942093140732774,0.6262379788326151,0.2263610579526248,-0.5745196666529209,-0.1334240571580637,0.5456351776293811,0.7435140913295664,-0.18985974500322073,1.548456334196513,1.8684734420692932,2.193104489974388,2.3318479273620065,2.9217931918899835,1.826147220172639,-0.29686191583068156,2.0000000000000004,2.6856960716679206,3.0100570287471013,1.6816082137970925,2.534725712133708,1.7341138708279078,-0.4421244886514093,2.480263569380779,0.9000777249135229,1.876893815037504,-1.2926203090268369,-0.5905639527049391,2.0975945514248964,0.044461200425658196,-2.127953318893063,-1.788844923862586,-2.130208161682055,1.6981922030125982,-0.7859731674119872,0.6202965226788786,0.22294394377309182,-1.656383114128843,-0.6000719940218435,1.1185984138212786,-1.4900937983726013,-1.310778384533294,-1.4000611612559168,-1.6270643783169878,-2.099441319848726,-2.158181567592365,-1.6216831060555865,-2.271507508847679,0.22438729452281508,-1.2371775685580877,-0.8357684778142873,-0.1042304628097283,-0.8476066145005866,-1.59276992644052,-0.8463928234019538,0.9050357074667617,0.7136713843179553,0.22841424965299348,0.3986301628766681,1.9815925872477607,2.0741850595381033,2.3085795269444764,2.7102026470783334,2.1941021808635623,2.1453858630806026,2.198245892891923,-1.7899340440597453,3.029579960109699,2.223475229036071,2.3157787214161627,2.09661063628013,2.652340242008479,2.2134970824494777,0.8981408790635961,2.8095507313999977,2.009121447262833,2.3454077774021513,1.5756520248720343,-1.9261372326147346,-1.4915519484811024,2.278771868329141,-1.5637980803862077,-1.4491877449033967,0.6907834720697752,1.3518412813690786,-0.14581600639184616,0.5628871568103244,-0.6338289683877716,0.7984623216789564,-1.0272689051393282,-2.3080202705652795,-0.4862461992534255,1.136555101756557,-1.4734541416584759,-0.49869785303822683,-1.516241907691221,-1.8134134585604846,-1.9390191834310306,0.9127426248190388,-0.3103970591796531
-0.5593768638657846,0.9039272017435648,1.8689731094672428,0.906966261558837,0.49070183255336297,1.281071630643747,1.4588562048512526,2.3417827243636555,1.0263916469482828,0.7142704125596193,0.7185841150414668,0.7737353725935281,0.8273927181754559,2.268609606732209,0.9510020561940478,0.8613174508591336,2.6856960716679206,2.0,2.7436563376711893,2.416029271034845,2.1046755300869333,1.19595817863002,0.012257821590635765,1.5135901407455956,0.1488265651997709,1.1397470451790652,-1.1033366843446784,-1.0707637935532637,1.841988871910029,-0.8538210380501158,-1.5283467209428636,-1.2957319438692019,-1.300642100825344,1.755426509833504,-0.27533136380129225,0.8305814990505812,-0.4192165732515356,-0.9685692756052806,-1.0545872097326812,0.505266153207833,-1.6599625702609861,-1.731885589882049,-1.9157880247002663,-1.7437426790392299,-1.528546964762842,-2.3631889983476926,-1.5463490113571283,-1.5652271132531963,0.3191588526832239,-1.4024258639906286,0.1652196977702518,1.2542112282570814,0.29594628032795467,-1.0618364093684343,0.5241137859789988,1.8268900720556664,2.0726221396119278,1.114015535424707,-0.7743255782512592,0.7986830903659317,0.7239149169880335,0.8483367772197601,1.4821808923834143,1.5552186018233782,1.8058534023664663,1.1091597050244064,-1.4619723626522416,2.5738821120899438,2.0157797131033424,3.1487107865131545,2.0560677253534765,1.261042714818453,1.8395034173776015,-0.2189670502391407,2.0249080989978094,0.9377400745140446,1.791047825970594,0.4284702400570517,-1.5946209592734146,-0.4421597559106173,1.7477867731227374,-1.6195929127298803,-1.599592945023449,0.3376805404000772,0.9261523540300686,-0.7599612384908863,-0.025048720934389007,-1.6580661752231256,0.05948631059720319,-1.862390662704623,-1.9919856493634973,-0.8519808791350102,0.2608222203301276,-1.832499191545077,-1.7260743714415794,-1.978751350660773,-2.4029124395183987,-1.7108628541671806,0.6552224837136374,-0.9883113129814148
-1.320952271890532,0.20202502853257484,1.380760949707954,0.5542666516462352,-0.2092106414446544,0.33067847553576574,1.2104447281165056,1.1034147098068896,0.4501166931502908,1.1664999093632453,1.5693147708991768,1.4421499509552922,1.7324732183327851,3.314477987679,1.8201132190880687,-0.2599902269229565,3.0100570287471013,2.7436563376711898,1.9999999999999998,2.1225968589073485,2.90216722390282,0.283086058579752,-1.4461624675159204,1.6565378420304093,0.4751392600523926,0.8380021749974035,-1.8907739062284536,-1.3449374871986712,2.044534114946577,-1.5552230990825013,-2.0866300173506387,-2.3284665190755325,-1.9804594014639783,1.164858730617965,-1.4323790327759065,0.10117426734422041,-0.3703118044099153,-1.0013242709200962,-0.3971850521199376,1.324051752093926,-1.5010869606783621,-1.8355468347293864,-1.9705940457312479,-1.1341908247265575,-1.8366539899710448,-2.516748256003968,-2.2934621570351803,-2.5132545811340474,0.4454238007878561,-0.7512713465106138,-0.7245059461997201,0.7594945295967899,0.5766507124914475,-1.4139820231896436,-0.7367631238662273,1.7923177445088285,1.3401833253407576,0.768326152933725,-0.4235007751071199,1.8567047390269011,1.6329527804213062,2.16523583222805,2.589708487745251,2.8004830174245137,2.7658333089255005,2.247972730880055,-1.433490099395407,3.4104218274223648,2.0105952517090913,2.4718166948811375,2.5579923599751755,1.499890646614838,1.5975273671348842,1.105825476992052,2.511691690073394,1.374083804950581,2.270736811869279,0.6592986754577317,-1.9677516137014033,-1.5038979649637612,1.3479988025052025,-1.9631111181694274,-1.6492243771901829,-0.12764069827095753,0.5201395058314091,-0.7578985655892899,0.0816775390959916,-1.6587217655215634,1.0727864483819545,-1.3344468673169343,-1.8127656219747483,0.01814646936531933,1.496101143118537,-1.8868828182493234,-1.0966247201191084,-1.4381716836184837,-1.8482496784856874,-2.005802843336155,1.1472469700468981,-0.099259070369555
-0.9060023412371521,-0.101031946371605,1.2729135151963333,-0.19790551094837278,0.17248243991699053,0.9346587193336395,2.249775954562273,0.7874940210034191,0.17863347688968112,0.40405722707923186,0.7593841073852363,0.4762113540534302,0.10975678656302981,1.6451781351976762,1.8596849024729334,0.5289861490364831,1.6816082137970925,2.416029271034845,2.1225968589073485,2.0,2.3848733240222013,0.35065921512951836,0.20542699317789004,1.2281431576412967,-0.1439386730130866,0.8511454664891202,-0.8531861868165744,-0.7394017907751068,2.4859608389162178,-0.5984015753865077,-1.1554202750111169,-1.1152376472540908,-1.061576452805345,1.3769351524847986,0.0003322412191469337,1.3352754602892913,0.3306609813588882,-0.8748106132276668,-1.1756510683159491,1.3383146630514033,-1.421549635488312,-1.2104927368800031,-1.6920231347744994,-1.0900908834068073,-1.200743917287812,-2.0579606018998975,-1.1872760469405974,-0.9773860417588959,0.8175127245016208,-0.18020017081652318,-0.34091252007918404,0.24278098391034508,0.0281651695897858,-1.342245309230684,0.3121931200070037,1.4512342901893174,0.6159462599102323,0.5480247473994202,-0.534152888765598,0.8242660660441035,0.0866077108965782,0.2616703061220318,0.48304432953701104,0.9973203827473214,1.6443323614941177,1.5097275758766184,-0.058638185812822374,1.5897406462471713,1.5288431509423197,2.4082079293426837,2.678575220030304,-0.1700174256959663,1.9095891231396322,0.0429871967924935,1.3742734243222627,0.41643213524636835,2.3810524432204607,0.8273826213085284,-1.4499462384770403,-0.29681358461448315,1.225137714262566,-0.905206320353902,-1.2788877241973966,0.06744794626324732,0.5816604021837164,-0.5716130843513224,0.9109495452316252,-1.509708156316592,1.2469231680343453,-1.0001770764752467,-1.1110461640642817,-0.20210783220145756,-0.1362588663561101,-1.5264508046944614,-1.7385440137185753,-1.392048680883426,-1.8119929402024626,-0.6194765177758678,1.3540930311595913,0.5059603492145395
