0,1,2,3,4,5,6,7,8,9,10,11,12,13,14,15,16,17,18,19,20,21,22,23,24,25,26,27,28,29,30,31,32,33,34,35,36,37,38,39,40,41,42,43,44,45,46,47,48,49,50,51,52,53,54,55,56,57,58,59,60,61,62,63,64,65,66,67,68,69,70,71,72,73,74,75,76,77,78,79,80,81,82,83,84,85,86,87,88,89,90,91,92,93,94,95,96,97,98,99
1.9999999999999996,1.1714603618612656,0.9737083835497422,1.9325794032013925,0.7543694953249978,1.5939318098988478,2.1181232232115073,1.8316141884746873,1.4423722715160403,1.5316193584796283,0.8483295935783293,0.6495618060318493,1.0887859414848449,0.9725376088508049,0.9491382512442572,2.71511125379999,0.7514012869444662,0.6866804807317706,0.7487445417879481,0.24224878045505338,1.6043807171516233,-0.2599969700393978,0.3074481187217821,-0.2465332058680539,1.8395165099387356,-0.0834966523789154,-0.5501345601731247,-1.059867937337934,-0.12344722471451079,0.16025129641593658,1.294780298579234,1.1650770420103769,0.9142499826864149,-0.476245093429346,-0.6905765463032622,0.451170987715566,-0.7407378976044727,1.5078263953916204,0.5004694962013692,1.6346159526746717,1.4711471602474164,0.21427337723646744,0.12066083874917058,0.6578272240833375,0.4246617885832378,-1.063541547803336,-0.004106275815730906,-0.5838007005363618,1.560263525321898,0.7929987910360873,1.1669688073187465,0.970671155140628,0.6168800689982432,0.7857423525762737,0.8377867620166504,1.155363039040224,0.8474219130083054,0.8352921810730147,1.10134509754982,0.4007745957427663,0.10937859691731491,0.5966393319618751,0.5721885069886623,1.3971165137860782,1.0708680838194482,0.6834923925207975,0.6146618988540927,0.034178046596232296,-1.3613190547663059,0.3970751437597438,0.7432921501083187,-0.7785684722883865,-0.4699307274128758,0.054541161592523923,-1.1103041739728292,0.926513027930408,0.050558802502721205,-0.23314986230130763,1.2408363173943342,0.4291602116301908,-1.598699533877947,0.1082710045738899,-0.33034226620854445,-1.0560291262374228,-1.5632518314508088,0.4093918288657572,-0.009500972090086504,-1.0597843960174287,0.6911798480161129,0.423844075782463,0.4807776318164563,0.9250935800733743,0.06727417202350468,1.44850663189085,-1.1622897553738083,1.107948743237234,-0.5813321228718002,-1.5573604665633278,1.4214523999495303,1.3030601486766638
1.1714603618612656,2.0,3.3100693762970206,3.2269132265767455,3.273925248373623,2.511515416049724,2.15099667413864,2.825707081987799,2.6827358207851835,-1.5988327442665393,0.6941225690015786,-0.1003842331469569,1.4632303046806208,2.6054986267468676,0.7888279286950235,1.6723144809352986,1.1292480211964688,3.0276836667819715,-0.041865470254758896,2.0067569778943284,2.316359828097945,-1.6079202469169402,-2.079854478335422,-1.8284692026178813,-1.2629567708983123,-1.374654418475491,-2.302106315915224,-0.47325868702875357,1.9793045517296095,-2.06013276947548,1.4583228992954795,-1.8937812878045293,-1.969844298678185,0.791342299141706,-1.3283951890825354,1.698865401528241,0.5614718504942211,-1.724223420328177,-1.4869007172789497,-0.22800632143563537,1.0862291861274724,-1.8428103494988899,-2.5863306284151815,1.5319622053915116,0.0003327127937022001,-1.9793388721675287,-2.5057932005221146,-2.013278790652993,1.4354124867120535,2.2111093269097326,2.5713235782533164,3.6940887638759063,3.3588500121165104,3.4688812805248195,3.0562654787528154,2.9557196846655263,3.3710630674356383,3.0697572904332384,2.3438467423456117,0.0697138490227441,1.5087299421549278,2.3625068736653625,-0.16444630618569062,0.6880812353884308,2.756760242056572,0.7580890874475104,2.827940235092326,2.7378124394361314,0.9863576914998986,3.065411802994502,3.2422424285185354,0.7695519588513311,0.16902093166753365,2.249792682925858,0.31240375236587653,-0.1713675313699401,2.87438555554546,-1.1517272803168543,2.179524190986834,2.187384102966262,0.6707823771559134,2.327279349282251,1.4426947839358664,-1.2002720288085496,-0.5634456230964956,-1.2134933241080357,0.4536186316248257,-1.3008896568367208,2.327222528566614,1.837802515435301,2.5006630321031356,2.5572483890285382,-0.5675614937588488,1.198056403226364,0.018075612493011196,1.7707422199777427,0.170654082120089,0.45475774886696196,2.026878854403579,2.0337381850822283
0.9737083835497422,3.3100693762970206,2.0000000000000004,2.564045809503563,2.9986527635719638,3.088949119001169,1.5206607732518975,2.6912502661166813,2.888053238983158,-1.859008004147641,1.0477316151597187,-0.142318025466353,2.0146994179290276,2.911346709979074,1.2219618696554613,0.6683332477275108,1.2941021323263233,3.0821801567168317,0.2065299354551814,1.6604096581660122,2.1169856204189808,-1.6750402425357525,-1.9750602477639922,-2.210934143186736,-1.2630777433994202,-1.5237799613490464,-2.330879041926564,-0.1530964023824292,2.001920420514316,-1.6264872218106414,1.3360073304985076,-2.2818111535586176,-2.448603837174316,1.2436482545665504,-1.4758940608232,2.148108344735022,1.0116572988043504,-1.8611198790506989,-1.1509188261047436,-0.544189512769508,1.6682260704074028,-1.9001686131832156,-2.282711275121202,1.7012014467122516,-0.014462130472217796,-1.4138088554945303,-2.1252064266936888,-1.9768401842244274,2.1638266490894322,2.851106185126855,2.4398345204149217,3.4689552006482085,2.8590101502819705,3.033770670708285,3.2984799543364796,3.47173926550995,3.1737218964678093,3.1442553727302336,2.1893646345072177,0.038868937702157796,1.2687110460073447,2.689445396737492,0.3267963001732218,0.7849322398577268,2.9119250136122297,1.0773010240019791,2.519093406911116,3.0753669046689316,0.9718376448102843,3.086252982507008,3.3055269502034963,0.5661354482673482,0.004674751756336221,2.2840100310902134,-0.011928030490334501,-0.7182477362359344,2.883347966375392,-1.2677878985026911,2.0684075410018066,2.0232883014040906,0.8574679997532972,2.607092791065337,1.4303867309451,-1.2069787433020776,-0.8897892209792737,-0.9942733521004712,0.9690297038921476,-0.969764200786198,2.84683719419062,1.9657227719813362,2.396290150530347,2.3887644211894803,-0.1568009331985638,1.1029401304378963,0.2302139163959957,2.076234864862927,0.4436825942939409,0.3440042138366799,2.519734731166743,2.5255651479254246
1.9325794032013925,3.2269132265767455,2.564045809503563,2.0,2.637712852436666,2.368313098697479,3.0697789932302038,3.2869807123824173,2.6567218855801196,-0.2210515814191725,0.5234272931708542,0.081274847473495,1.080022770399859,1.7021791895207636,0.9500697552166002,2.5776109035988206,0.4038720339675055,2.2924016460347754,-0.09418016266527009,1.5895714859185635,2.612675459042011,-1.6962247959593646,-1.134148766264407,-1.156145510760128,-0.04679325586412458,-1.344346139109223,-2.2917768802325913,-1.4242009302471714,1.3778343653026126,-1.8130654709521867,1.0611109329331447,-0.7180851631850629,-0.6049916173822105,-0.0024976041011248035,-1.3742225392840501,1.204507603561695,-0.09848510986529851,-0.27506388752172484,-0.8413056548134843,0.9194329966986027,1.509532291518009,-1.762347744486962,-1.706935348221351,1.4623122878515886,0.5359466281275119,-2.6104693409220068,-2.2414279124244074,-1.4850489311895223,1.3716637448422293,1.4603230126194322,1.6645265954552437,2.8149347481295774,2.244117298118593,3.096652718307586,2.455420461246531,2.3574611993896526,2.83135536583665,2.7155977027372065,1.7695125946520749,0.4347966572361859,0.9946999443970828,1.591094889298363,-0.34727570254544393,1.0144716718039557,2.339479447106209,0.7116524787727613,2.5248027121441705,1.624680765804254,0.19010371621446348,2.333047908462748,2.5274557512290152,-0.7145960958611898,-0.4652436052452414,1.7042762105304252,0.33801554939830847,0.4542434661750785,2.018611128434981,-1.310564588189473,1.805627428964546,0.8656289791849756,-0.30877640214171287,1.4344552531472599,0.5975453285477892,-1.5470014083277024,-1.2902198055052303,-0.39453600773463243,0.4083542225346728,-1.7295995724076567,1.9209267627070028,1.7510210142380298,1.1125926841504845,1.4701086931708298,-0.80394411683467,1.121519354721668,-1.211069124173025,1.4828916509078347,-0.9653563526063129,-0.7773964071733679,1.9544585507067707,1.8112223012578768
0.7543694953249978,3.273925248373623,2.9986527635719633,2.637712852436666,2.0,2.7109957164478025,1.4288683104758344,2.5614887170870326,2.9894623612448386,-1.762436342459103,1.132614828439147,0.3792264695895047,1.317244454946572,1.8321998474026007,-0.0169231545512993,0.6946647823701274,0.7099924193215424,3.0487227918625814,-0.5530253122438944,1.4098859608209398,1.5239674188107397,-1.6797387963284938,-2.645758236358545,-1.529392105051944,-1.4789901298312542,-1.0619380556632243,-2.539418625657791,0.06629610403687809,2.7969112263299287,-2.133953881252088,2.1313428344763086,-2.0247491707881693,-2.4447584679746965,1.0595765367601406,-1.6033944860082066,2.1544552654257565,1.3425558306033083,-1.8399875666723278,-1.8881938157629001,-0.6702650656593359,1.51849478595444,-1.03924760400939,-2.5721126480399423,2.17251079650785,0.256187537834941,-1.8831447775298198,-2.9138086388685664,-2.765711651702559,1.954729390187853,2.490518578330783,2.685586947556003,3.2778751542911433,2.9637095899082695,3.23102747672472,3.5390938565096106,2.9593836852050424,2.982103584809669,3.455715290939507,2.6860807025142694,0.6129973126789271,1.8352577337899112,2.7016426708444343,-0.7854248624603747,0.08713087476957591,2.249176202495118,-0.2617176660182773,2.9711898473815754,2.8771022915310733,1.4370325936041133,2.9127263023642773,2.827632399258209,1.152155377657774,-0.5217570934959728,2.0676371934591535,1.1736227472373324,0.35238361578862554,3.111783502226177,-1.65620588997235,2.6108136701239104,2.37362238605908,0.7465848321867641,2.8461668409286642,1.9285412643560114,-1.0767153815372228,-0.2153281420130942,-1.5370519438195962,1.1228016215189376,-1.1426470261002466,2.8979825182918004,2.1558138668112643,2.6209087549942245,2.58321505242135,-1.2028680495369253,2.046683137395817,0.299019613868463,1.8733233751538645,0.07667113285629532,0.11014182306252451,2.330369259933624,2.3539710347998875
1.5939318098988478,2.511515416049724,3.088949119001169,2.368313098697479,2.7109957164478025,2.000000000000001,1.5005634983382765,3.028977778230638,3.5099103884820035,-0.6845569819570609,1.7922191576962463,0.6717635536275319,2.282844487221312,2.34420594241689,1.4410982615110903,0.8437779896833992,0.7002260395967823,2.685041257515863,-0.1525751443407783,0.9548025864123546,2.0706861880006784,-1.7184457735404197,-1.4334327158709006,-1.754543687947109,0.04492639237057633,-1.3037832027720435,-2.3747387434738703,-0.7975156105116017,1.64637246508543,-1.0650891351440546,1.6655522613319047,-0.8589591080036412,-1.72777255505541,0.6408287469981038,-2.028706176364169,2.3378384221621777,0.6774236621617087,-0.8292393477407382,-0.8066494948783667,0.366829072020241,2.2484353231348737,-1.3721081259247265,-1.7535000385483968,1.8073355886813256,-0.057595228331444995,-1.7429177534401,-1.872716497126508,-2.2089429833921916,3.179368513998821,2.895217780975412,2.299092669678581,2.807089689396741,1.963960942491695,2.2059381393159367,3.268565969920526,3.5750609403998834,2.780777128548719,3.1857116059330792,2.381503015769508,0.4122654843134126,1.259729931560353,2.6755958468255785,0.4871744336854813,1.023847146759261,2.8992381601203103,1.1287587932237935,2.0745740385533913,2.3880483863988022,0.2397463079372952,2.724123005599545,2.8586815508352297,0.2312986529301133,-0.9119681365369622,2.1161199432073783,0.0762568672812515,0.2562385298555014,2.2960649479732465,-1.733892025916334,2.2039093924758077,1.7806311962905907,0.022429524114093893,2.3900877911422485,0.6949348196841378,-1.8692488427194558,-1.8168227972752975,-0.9288191259739237,1.330824921992857,-1.5484191460130856,3.100798945451836,2.0810862772295664,1.9534545113465793,1.9867009999663177,-0.3353494625201719,1.7000338929325178,-0.1387591204000741,2.3277049779027243,-0.369024268571,-0.7892083583952597,3.294303853891937,3.0079820309277046
2.1181232232115073,2.15099667413864,1.5206607732518975,3.0697789932302038,1.4288683104758344,1.5005634983382765,2.0,2.740995128279681,1.5322759242779291,0.9681771559685637,0.3655301067004244,0.1252961296923901,1.490558568032518,1.530014265991443,1.9738298017539448,3.1490909387125616,0.750375049348131,1.2310514336756755,1.059834490673482,1.0868119558267448,2.995328002556781,-0.42785481981403495,0.8448982972124002,-0.2448340202677733,0.9530955726914057,-1.16405225331843,-0.6356583923158869,-1.9897919257852084,-0.0878228651586104,-0.4155830461549171,0.6418127567014397,0.09278628641536041,0.7488449159641422,-0.6465307140152083,-0.2498182416545712,-0.6676891948917645,-1.7341501987452554,1.240047078621466,0.7359114810041583,2.4276182345777735,1.0505151623718878,-1.0105207090662467,-0.2982246620698421,0.526451491532981,0.8393171697966976,-1.4662799972549123,-0.8769359372218922,-0.22233130175590132,0.3751976405560629,0.37214996710764925,0.6277510010160139,1.5783586196921646,1.6055215521143784,1.7874503067690433,0.9329293031612025,1.139158195152583,1.8033211367199937,1.2495894530967457,0.7077092452583262,0.5186607740501569,0.5041860863451801,1.267245333101931,0.9540009609440152,2.240832620060248,2.027604063484287,1.7719870022069137,1.9852532087563923,0.3960868203562029,-0.4518803460878382,1.5865466587303527,1.53217614817086,-0.6353164970583485,0.6093547444277888,1.8510223617090449,-0.3993685545383162,0.31344382678944616,0.6570856891504352,-0.06074397098178361,1.1145044286410777,-0.39823502714746983,-0.5555937733306372,0.4601155680625679,-0.0834398891407132,-0.6752797527684351,-1.267042803591198,1.0760899048450647,-0.9095897491809414,-1.8718710037909314,0.5280286781800895,1.4640349558297527,0.08400242561648968,0.9257244804759107,0.5933925632952026,0.9304893103648741,-1.1309335020978297,0.9726736754646654,-0.5650199602832889,-0.4762222058711205,1.028204669307734,1.0973589306705507
1.8316141884746873,2.825707081987799,2.6912502661166813,3.2869807123824173,2.5614887170870326,3.028977778230638,2.740995128279681,2.0,3.3001088909032807,-0.013357221965232702,1.3594790978129216,0.5415515330558076,2.1254528977289695,2.306400070924044,2.061761081053959,2.2678900834177687,0.7159847683070357,2.60137774128282,0.48249147983193513,1.1578102722698416,3.0905219154268804,-1.4764056429208334,-0.6095617687203243,-1.077427325437146,0.25149399100724235,-1.5328218399131606,-1.8937847133722348,-1.5592662069695105,1.2726377049537723,-1.2265298016902797,1.488796683101841,-0.5949479027743235,-0.7066572459097937,-0.1759901490301977,-1.4691950045587086,1.0648050151416517,-0.5377455731760094,0.08081315032783248,-0.37897017434063296,1.4554624808510213,1.8799527240068348,-1.6533896453280645,-1.3478244126496548,1.7828879755626663,0.8618714970478942,-2.003636389310611,-2.008631659120128,-1.4878218118132553,1.9364326546604733,1.8059220770413047,1.8269379048473828,2.7107600025790477,2.1796312282579526,2.4609553374441733,2.5112359037153404,2.881302782427224,3.106385742709741,3.0174349604140542,1.991035591122429,0.9577061877985114,1.2703050851181081,2.468844916303903,0.5791326608841063,1.7973572149726607,2.989596895736635,1.6741407662335348,2.4322806591747983,1.9527102159098269,-0.08504465051179103,2.7089181185519995,2.8931099977684265,-0.30637999768676033,-0.01663791155326469,2.319096481260673,0.381683963691495,0.2355344071804415,2.0773428993961325,-1.2386763559428282,2.176924300338796,0.9568449904404366,-0.11697066065938388,1.6490972194075453,0.808372250602442,-1.4748682666325654,-1.6176301983942523,-0.04777664614879318,0.1431473014068875,-2.035313574242517,2.0021046457515497,2.1006081432183588,1.26618254040862,1.6423157469513479,-0.19589241690430326,1.607296034275667,-0.7487509805746322,2.0755492795382917,-0.7632468376123887,-0.6487084238426255,2.450857941442454,2.1457025903459854
1.4423722715160403,2.6827358207851835,2.888053238983158,2.6567218855801196,2.9894623612448386,3.5099103884820035,1.5322759242779291,3.3001088909032807,2.0000000000000004,-0.6152286893536588,1.9033259318369204,0.9413355994340218,2.21676010891239,2.288236612134608,1.4694087674952392,1.282919548544841,0.6811174722420658,2.9747188983494857,-0.07773064946327429,0.832402150465598,2.120800917794732,-1.608041863107343,-1.5208654306560245,-1.4049332708386701,-0.12004300006452817,-1.124101169542778,-2.4313631870163017,-1.0353133182315255,1.8634952076816327,-1.1384108933762813,1.887672165851475,-0.8455226125181137,-1.6260345545758401,0.5767531374943781,-2.048187687742515,2.3359867254447213,0.5868488109925148,-0.5052747151362322,-0.8254530981958876,0.6566552457286055,2.403029381671595,-1.4289343890865052,-1.862252945540117,2.0628947318135005,0.125737895713503,-1.826478782320217,-2.1366081892499835,-2.3007498914756863,2.8112226143310197,2.832770415897223,2.3708003776026296,2.8456993609312016,2.196869365196292,2.4041895604653813,3.156808482604018,3.3145392514595953,2.958710144427333,3.4913735990477686,2.578294326889093,1.072843721145475,1.7979772320038645,2.8752247065041683,0.2751445242691053,1.140799831119505,3.0066124871311004,1.0962339567190735,2.1216857427808935,2.6610376736742234,0.1736835040768616,2.788531579205709,2.8450893144094547,0.5689325517815274,-0.8982310590753689,2.1858459534949377,0.7665998246110874,0.7441027062151745,2.4386873292714073,-1.732020657883579,2.4175601852271207,1.9093195093720894,0.0117075056134332,2.558303905779892,1.0104243983568835,-1.7527642483149144,-1.634416480056354,-1.0207985042229155,0.9680341786434418,-1.9035167956595491,2.974770021738143,2.230727564818296,1.992793229245172,2.2025317186189928,-0.6070631559289261,1.9889325991215845,-0.2845974296451147,2.1992245329197884,-0.4537026314662844,-0.8025813689621345,3.029452173889085,3.009888098106317
1.5316193584796283,-1.5988327442665393,-1.859008004147641,-0.2210515814191725,-1.762436342459103,-0.6845569819570609,0.9681771559685637,-0.013357221965232702,-0.6152286893536588,1.9999999999999998,1.2538957435560818,2.0821491196674087,0.4869496794220492,-1.003085347379232,0.2973969296066654,1.7164971406134428,0.018345590917781623,-1.2434625731232887,0.5894389812130504,-1.2681843501783159,0.09035742080011569,1.2989374270191567,2.078183200804499,2.6550641066181337,2.7270976046682636,1.692029123187091,1.2405991068892486,-1.5458302386965483,-1.8687236973283237,1.0662445320605536,-0.1379087918135275,2.5336255511512675,2.6429806283856276,-1.4330528874922848,1.3947194911337175,-1.2983706489038571,-1.5122125059756617,3.009281127317017,2.5326998598985067,2.8546775152437407,0.8100002635141144,1.3759484615369049,2.7642149773685056,-0.3398543684495143,0.15241286491822048,-0.24844270213745995,1.734972336021567,1.100146526824952,-0.08438383722033702,-1.0755681266201211,-0.8968549090114408,-1.7252466303495164,-1.8941396608720176,-1.9755206769104459,-1.8057096549936786,-1.2122249051976601,-1.705146936198001,-1.5350254807046317,-0.30908344372816654,1.6949833909881362,0.2730873555134989,-0.6965356764570814,0.5118400225196578,0.8132294428969458,-0.9815943178220583,0.1041322376622407,-1.7072220912734983,-2.107632748669001,-2.1521231918112167,-1.7108831159640214,-1.7470512201108495,-0.7840381361516954,-0.7075348401132442,-1.3515197411228677,-0.6397633971655854,1.9224320763299265,-1.882768871737729,0.012721373571276201,-0.4894191099306257,-1.4092467046824728,-2.4468511622344717,-2.0705509676398988,-1.9095489981552758,-0.8363585871758803,-1.6436749645157795,0.6992351959358984,-0.5643314480868857,-1.173912275727967,-1.4904894097426662,-0.9407111750199251,-1.858729421620565,-1.0938814384627231,0.7236762120808382,0.23622285595728482,-1.5850423805230867,-0.41247751070474487,-1.7494585580857405,-2.1141821711323834,-0.3156676273211223,-0.5487103484149227
0.8483295935783293,0.6941225690015786,1.0477316151597187,0.5234272931708542,1.132614828439147,1.7922191576962463,0.3655301067004244,1.3594790978129216,1.9033259318369204,1.2538957435560818,1.9999999999999998,3.0577609732724804,2.5522737988066093,1.1459149008571008,0.4360416878849493,0.1848490785528717,0.5321474041727863,1.4520786492812068,-0.19871691860030583,-0.81153728269613,0.4218483867404493,-0.2796092819340379,-1.0263020796486182,0.9385829771240639,0.6491100275688878,0.9919439581999625,-0.9711341582899278,-1.0246521638111863,0.4173601704458405,-0.7566239105088512,1.4599002702334283,0.20161698901275052,-0.9240804428650937,-0.0677429281348096,-0.194695763431015,0.9875127988509078,0.12787201218455188,0.24862815128454405,1.0630203339577782,1.26293029802084,2.378106408745836,0.7915777232305223,0.41463505601314343,1.101204188790701,-0.8310784040803244,-1.081488028651664,-0.22469978151542308,-1.961321112307282,2.0470923944733452,1.9100978662239694,1.8913741697986697,0.5571438823986266,0.5656676787350169,-0.37954623818096367,0.7626166560368695,1.4294069780398302,0.4778675429001234,0.84012581231386,2.1453832711870353,2.2530587939268463,2.2771643390579257,2.290464826696306,0.6389010265644499,0.2735546026650697,1.1274163927439007,0.0592014116815546,-0.0720603929520111,1.0958284226066164,-0.805582434308328,0.6169168622978316,0.6399195500770007,1.394552013691335,-1.593494655626698,0.740281406528727,-0.46618012952768384,1.669503617420492,0.9537327801405756,-1.9943002270686474,1.1112024163942142,1.7199108783392172,-1.2940549677756972,1.0291283293374325,-0.1257504273610103,-2.275542829245839,-2.02034229482857,-1.3191664274092831,0.9869204192304997,-2.0887861861869776,1.147293257526155,1.146145393536567,1.3415505104203853,1.424733580916635,0.007164269285210273,1.8619135791463668,-0.18835104698944516,1.6667625545969869,-0.8996860453463,-1.4580495609577357,1.7350649795487767,1.982355632355789
0.6495618060318493,-0.1003842331469569,-0.142318025466353,0.081274847473495,0.3792264695895047,0.6717635536275319,0.1252961296923901,0.5415515330558076,0.9413355994340218,2.0821491196674087,3.0577609732724804,2.0,1.605487505208485,-0.0813860024292263,-0.5637992398742289,0.3645335718045196,0.5960267637475355,0.8292775737172855,-0.3193447693337996,-1.0991076708677283,-0.4663181283367416,1.035451853377156,-0.42441159398090766,2.294891333052214,0.930973907914055,2.5258787031781282,-0.5088556205754776,-1.2818461923815327,-0.41157594870709646,-0.619149876474226,0.6926221805206718,0.5867051564486304,-0.2467369873720026,-0.5536987409122918,0.7600425376211735,0.3308491156988288,-0.4057512869750361,0.7447499370171289,0.8067836413782304,1.667687940892474,1.5403439010229576,0.9550602269387971,0.7651598137066823,0.6922260620521045,-1.0028117227374904,-1.5141926688395504,0.1567656358244859,-1.162388534413192,1.129939120448483,0.6208175235035355,1.200581090247741,-0.1090518857760353,-0.31387870058674866,-0.8467121177646663,-0.1064116801313536,0.3396327226161367,-0.4910046577407918,-0.0175685177083085,1.3595158454272487,2.6708303414158876,2.2147524323178676,1.1613088014925,-0.2894525733654838,-0.5773670461302411,-0.039979148702778106,-0.9107137837746766,-0.9811005070068403,0.1874087726837785,-0.8742791070658156,-0.2422728429414647,-0.4091859445585662,1.2851989364019736,-1.498253146142951,-0.5858189965948846,0.3680887246645112,2.1600521187879695,0.051405036432438704,-1.5842594903883105,0.543464657890286,0.9434825696358192,-2.0538797936685875,-0.3930382243000182,-1.1454275346824998,-2.3448890169972607,-2.067902547560088,-1.5584051966785584,0.1032523266552273,-2.2571004506752903,0.1493542754384504,-0.4703708178750215,0.18535778191772218,0.3968043878051503,-0.9490835954439163,1.3472279004760135,-1.549762401039833,0.2935674409447399,-2.2614784998767177,-2.21721693378767,0.9454973052867515,0.645331258362379
1.0887859414848449,1.4632303046806208,2.0146994179290276,1.080022770399859,1.317244454946572,2.282844487221312,1.490558568032518,2.1254528977289695,2.21676010891239,0.4869496794220492,2.5522737988066093,1.605487505208485,2.0,2.7115024919350965,2.5020925775784058,1.0270648704253875,2.3213724390918618,1.7668886627843974,1.8748597812296177,0.4369510928336576,2.1747990668614086,0.6135421532462086,0.14527108874501582,-0.15189213480937291,0.2604579088177774,-0.3356847257461346,-0.5153103341836953,-1.3638280274709729,0.6410444765025392,0.408988222801289,1.0697282105647667,-0.3785182769582231,-0.5730393595777683,0.9205052382676113,0.2289210485871166,0.2698507257174015,-0.32959755597855545,0.5668236869452428,1.398518571298944,1.752675023194361,1.9613973507146487,-0.6096198974608746,0.2174813041931788,0.5092415165049826,-0.22786783372120678,-0.39744180569114096,-0.0064473731459757655,-0.7465727013289161,1.5106897394085397,1.8725956703227808,1.5806569831324233,1.4469749220233339,1.4787029805251029,0.644807583848173,1.229119930257707,2.0760394464455265,1.3589217416720534,1.2623776190811022,1.1737436958044778,0.8227130588158976,1.2103910427214042,2.8663095338171085,2.326106566617978,2.2717584547865854,2.408632270914514,2.2292542128313935,0.7923352680188278,1.8807513628011092,0.003645033333530003,1.6960050352191536,1.4878121605261219,0.8921432337304422,0.22902978627497972,1.9694916970555079,-0.6549959260989998,-0.1779696854759783,1.4015525799204613,-0.5421613524102029,1.227776108221185,0.9611276465607339,0.2141967673337733,1.2596000804044463,-0.2923389264795388,-1.088311018990106,-1.9710192105077935,0.4076736788044618,0.0704524997152078,-1.8051798523361642,1.2728397970205516,1.471100615566481,1.2446581747804661,1.4300215742762143,1.3389246605984275,1.0568960354264187,0.0005617813036760955,1.3330905452426975,0.0990929620782735,-0.5055039248555833,1.7640588426814805,2.0416980634790005
0.9725376088508049,2.6054986267468676,2.911346709979074,1.7021791895207636,1.8321998474026007,2.34420594241689,1.530014265991443,2.306400070924044,2.288236612134608,-1.003085347379232,1.1459149008571008,-0.0813860024292263,2.7115024919350965,2.0,2.6704511664545194,1.066762409991133,2.643199203129424,2.2305084658985463,2.0303382435902213,1.575485183103291,2.7376935421069963,-0.09650305797254333,-0.5210045500088876,-1.5667222196453339,-0.7220743040443554,-1.0537589464946155,-0.9735289202416701,-0.8864369513147106,0.9268439300090022,-0.1842722828400128,0.6844954674793984,-1.3146973560269428,-1.1083543590131484,1.6263273983110458,-0.24388809510554318,0.9129577972855607,-0.044259554126667905,-0.7230024672745974,0.357085777788715,0.510288524649154,1.1782005267074407,-1.7477815031272599,-1.1705494651685577,0.5558116303312618,-0.20160219918239058,-0.5855296716193192,-0.6283956513377709,-0.5476619859490427,1.1973131420234702,2.0615108404802216,2.0235361964242,2.565352339075444,2.5932690381304297,1.8066776885437816,1.9382323856071468,2.752489697336513,2.532722152672226,1.9559355808311447,1.3098835385509886,-0.4985978915155582,0.8135808419389066,2.2445584716758287,1.7942809325076463,2.1639062766446164,3.1120251685581835,2.6501693342249024,1.6030648066011106,2.608956732451361,0.7638240838954703,2.541852852342368,2.6369720797766174,0.7974134087153537,0.9731937353678846,2.3429836507281614,-0.9542947970945272,-1.1702099494749463,2.0127241153041293,-0.3024647408424099,1.6386749400868328,1.6219892413685697,1.0880545726737418,1.836815264666489,0.6220851964667116,-0.500598994716705,-0.9951620961070354,0.331302489472979,-0.09193673499204649,-1.074935608495245,1.6980085744532225,1.3627048196495766,2.018782848698693,2.181211386561537,1.3923086324266605,0.6493910296940326,0.3325556614714938,1.412925402167999,0.9920942781234356,0.820111659883769,1.769960408066701,2.0116992400678906
0.9491382512442572,0.7888279286950236,1.2219618696554613,0.9500697552166002,-0.0169231545512993,1.4410982615110903,1.9738298017539448,2.061761081053959,1.4694087674952394,0.2973969296066654,0.4360416878849493,-0.5637992398742289,2.5020925775784058,2.6704511664545194,2.0,1.3736060864014823,1.3621238711523755,0.5530687391326542,2.0833290204441135,0.8240378969587037,2.806105801691428,0.2081554260937356,1.6779255523941272,-0.9028349747954002,0.612509900687384,-1.697212660199151,0.4710633216540744,-1.0186776932149386,-0.1205621747119071,1.5671719459059923,-0.19390012316184863,0.2882039448355882,0.7367387028628765,0.06423036914993033,-0.4537499446796315,-0.4298440317114678,-1.0795925359140766,1.1911763527038455,1.2840081968473565,1.7258414609102275,0.6649250162261421,-1.4980967451288625,0.15974005965303228,-0.38156157091735354,0.5138315600322055,0.5547450440958881,0.40195354226940877,0.862382861240755,0.35265703939462756,0.5788710501704303,-0.10302108951966199,0.8640427314674953,0.8364029497384706,0.4971951868217772,0.4168722382463836,1.319890193743509,1.4050564650091584,0.8474838981601791,-0.1377093951624104,-0.1733115358055522,-0.09628461002521581,1.4757457706714985,2.939749540255885,3.1958294157866023,2.618590759746359,3.7481121895475855,0.9232543183587313,1.034180942096731,-0.1910457636534679,1.4025906807808421,1.4797266121293668,-0.31746591261814483,1.6535274888288551,2.100213695613627,-0.3209146024720415,-0.8762453845880696,0.49150656377266777,1.0977125348142451,0.3149833475656882,-0.5826486119990626,1.1711643855450493,0.515996756750118,-0.5302221883473857,0.4167346315030003,-0.9150081597375805,1.8310666484997569,-0.7145468315404361,-0.6168427402866083,0.5791867459202644,1.4473676246035077,0.0005479817835796984,0.3339289579716681,1.8818180852097717,-0.19270744502244652,0.0632978918383012,0.5173912992735202,0.7723881757157163,0.874751365258435,0.7969958078035084,0.9960266311596438
2.71511125379999,1.6723144809352986,0.6683332477275108,2.5776109035988206,0.6946647823701274,0.8437779896833992,3.149090938712561,2.2678900834177687,1.282919548544841,1.7164971406134428,0.1848490785528717,0.3645335718045196,1.0270648704253875,1.066762409991133,1.3736060864014823,2.0,1.0252913265091763,0.8891635415249277,1.1786757645968964,0.6215489901027199,2.0531424216140906,0.3454045080046701,1.065439026433066,0.3401489622062747,1.4145024665421284,-0.2830494572755388,-0.1258910752022716,-1.7749116964591904,-0.489960045435329,0.17737490482785728,0.7041040091792345,0.9829738006440535,1.4296838706825912,-0.3677539978489088,0.2809830786213946,-0.6241959769518274,-1.5031726459478256,1.7403417057636046,1.0628259029608211,2.304782211004191,1.0528157525801207,-0.34254218190219843,0.3894331654389978,0.07313069631761471,0.2079173962912032,-0.8467309372144105,0.095907948752473,0.3874491930576911,0.17538061954824,0.21434876307148704,0.7201829899775454,0.9873191275582293,1.101376942232928,1.185232922118827,0.2261527529293596,0.4270011239604865,0.9878491801713469,0.5556007127465716,0.41371686025465226,0.1951537336828418,0.0928987988152794,0.2937990296606367,0.6036541280117744,1.7536008822888114,1.124255041447387,1.2908908993869799,0.8116591169758771,-0.2530847954860298,-1.1693959778774445,0.647277255053214,0.6242593331302919,-0.5833208330614899,0.382933636211899,0.5041136422725727,-0.6654573329713578,0.6479599207267435,-0.2137927871469688,0.20572461626566618,0.6757764973216327,-0.16029724645944832,-1.1904453932087447,-0.004318816746947396,-0.6592833711889441,-0.5165337187606969,-1.0674012400956263,0.837802556628799,-1.1874745384949807,-1.4589880170997045,-0.2148167207313458,0.3884265392410924,0.0795195667758579,0.7156320167945013,0.54764177873431,0.5053822291574872,-1.1453992066774727,0.44845519184820914,-0.3556029934502467,-0.8998545854762103,0.42817740679505417,0.7506477276629548
0.7514012869444662,1.1292480211964688,1.2941021323263233,0.4038720339675055,0.7099924193215424,0.7002260395967823,0.750375049348131,0.7159847683070357,0.6811174722420658,0.018345590917781623,0.5321474041727863,0.5960267637475355,2.3213724390918618,2.643199203129424,1.3621238711523755,1.0252913265091763,2.0000000000000004,1.3420686775946538,3.13313525636197,0.8796868389778116,1.3369103263617321,2.0366566977154013,0.4356212791057762,0.3279999025172659,0.0374180048083569,0.9784356750540897,0.40985209349720664,-0.612913295928277,0.15581350648306908,0.6828957959759299,0.1857330248711705,-0.810248757875231,-0.0876125088536154,2.1079443870409644,1.8895156977841583,-0.19423791439039878,-0.254744241915414,0.12039681261955651,1.020923545316145,0.8267331988920417,0.6543711728821039,-0.4536699540153992,0.44843460201003,-0.010510875124484384,-0.4748622305783471,0.35479796010653886,0.7931861388791819,0.6630079106591692,-0.1456307605406259,0.8509728653102651,1.311695139856952,1.1452732677559374,1.289257229261403,0.5654212797506095,0.6470613960904292,1.0559020723065564,0.661637707168474,0.41046337985714515,0.1671309490482752,-0.5868273719636411,0.2056697481041503,1.022774647533438,1.2616151899997947,1.2433460268631396,1.075011055821714,1.349139057081167,0.0808703027167207,1.5760579829345631,0.9475569010243914,1.0237547157264442,0.7687499625343978,0.9435378268582634,0.9596450470842959,0.432108121326221,-0.8797023828685802,-1.1592790330434788,0.7082712799377122,0.5935496798868779,0.7205183301921039,0.9531728711283048,0.38929570492408677,0.38576238934998963,-0.3069250119534183,0.2806008225381221,-0.266348363785547,0.8318761368085044,-1.1269379802537536,-0.5346042702872909,0.1974718012376816,-0.5528153572860341,0.9580083791536386,1.3146837735487469,1.560752220100091,0.10470288006338699,-0.12741856153085362,0.10890903745138801,0.6278122871639131,-0.14442722949970577,0.2626484400392392,0.5563165753803591
0.6866804807317706,3.0276836667819715,3.082180156716831,2.2924016460347754,3.0487227918625814,2.685041257515863,1.2310514336756755,2.60137774128282,2.9747188983494857,-1.2434625731232887,1.4520786492812068,0.8292775737172855,1.7668886627843974,2.2305084658985463,0.5530687391326542,0.8891635415249277,1.3420686775946538,2.0,0.3636059488741354,1.7574314985321862,1.7117808103514627,-1.0532717598432937,-1.8720069362297154,-0.9530101742778356,-1.2575630921093564,-0.4560018590703902,-2.142491882362255,-0.7330384877342133,1.7879279002995343,-1.7704224698848203,1.4190092790928883,-1.7807745831942108,-2.0812275827891598,1.8383235748336224,-0.6805535883777647,2.1960583065200425,0.826860127877513,-1.4585081033230978,-0.9995887172040756,-0.22367469906028198,2.2227738429257604,-1.461220570647433,-1.8179430927089992,1.8003584954807073,-0.3327070631817815,-1.5668756709017928,-1.741971027785375,-1.9455691287249004,1.6680980971734498,2.9891346582429863,2.7293839810073797,3.0588444200227167,2.575879174499663,2.6626479735281157,3.0071772417615223,2.8387627895155094,2.84715694634548,2.953101718948763,2.205820807876495,0.49405724009300633,1.946803191211416,2.634283153833022,-0.27197013000697057,0.2976781675574909,2.3471179500292583,0.4238759522510792,2.0729743702595465,2.885898917102421,1.0005884261672398,3.1660985957609316,2.9045357832867302,1.1731165751063963,-0.5109912415030942,1.8406742898158854,0.45540310733203254,-0.319745325646953,2.5392697075442774,-1.7244221551243584,1.9952292845159447,2.539467629754409,0.593634424910835,2.6914619228476644,1.2827426044083916,-1.5317822344337437,-0.8251711886584683,-1.45210330403075,0.6031707673342404,-1.7370373158265706,2.692409485130174,1.6905879961583379,2.4137421267127053,2.425599794364093,-0.3940680218160528,1.0405011045640098,-0.1166184212420455,1.8120187978914581,-0.04008948148434931,-0.46895140078524294,2.0385820296845036,2.600878517375371
0.7487445417879481,-0.041865470254758896,0.2065299354551814,-0.09418016266527009,-0.5530253122438944,-0.1525751443407783,1.059834490673482,0.48249147983193513,-0.07773064946327429,0.5894389812130504,-0.19871691860030583,-0.3193447693337996,1.8748597812296177,2.0303382435902213,2.0833290204441135,1.1786757645968964,3.13313525636197,0.3636059488741354,2.0,0.6581482918174886,1.7845104146826245,2.0879646707848902,1.6092577706581843,0.31724689805642126,0.6778439448184993,0.20619065156212257,1.2275533803237306,-0.73665332620661,-0.46466452986002393,1.7974066885609252,-0.2746207822978044,-0.04172123724835111,1.0683075613037691,1.6968483186358205,1.7573447202577879,-1.0001256753584016,-0.8785256013357601,1.2115413015169643,1.7178520520047216,1.411151910280703,0.3993753585696765,-0.25708261279530364,1.1724989319284398,-0.4814476693471966,0.30422793843189094,1.2915543830954848,1.327170737539951,1.4179086737551767,-0.676458055668397,0.15986641104629282,0.12548466369997907,0.3100298043424856,0.5834808952216897,-0.02475144336886731,-0.1824620775492745,0.3193479613909219,0.24954311156964532,-0.2440257750062081,-0.7670226419981658,-0.9236760055187117,-0.7105118093121903,0.48106462142247525,2.042686706435797,2.1405241218975437,0.9353361121940553,2.1201202486749953,-0.05346237895051002,0.8466655670042986,0.6888122777717504,0.5854631593580154,0.2552946440238776,0.07556675474751552,1.4502402915088997,0.5810530955307811,-1.0849852486039513,-1.5294983669591882,-0.06678963058282983,1.5346888318566443,0.19617647105623962,-0.3150549915375218,0.7518181003602118,-0.02951465102914219,-0.3901225645460125,1.1149243701551834,-0.0335838696759615,2.2444216109145896,-1.4695122179141267,-0.1058867087244667,-0.3565679623531063,-0.1823524117469662,0.011902612624569542,0.6128233650907131,2.353152902141975,-0.3213366452326736,0.1527201036681381,-0.1317444728443931,1.1251300681291612,0.0125805157850295,-0.2255310022920892,0.19423116826753967
0.24224878045505338,2.0067569778943284,1.6604096581660122,1.5895714859185635,1.4098859608209398,0.9548025864123546,1.0868119558267448,1.1578102722698416,0.832402150465598,-1.2681843501783159,-0.81153728269613,-1.0991076708677283,0.4369510928336576,1.575485183103291,0.8240378969587037,0.6215489901027199,0.8796868389778116,1.7574314985321862,0.6581482918174886,2.0,1.7250594589677137,-0.9646388951010398,-0.24964236842744186,-1.2551349486476324,-1.0481421997776545,-1.1438299606841351,-0.5140310874976032,0.2882643610754132,1.2215228720792743,-0.6312100294188989,-0.3434355487691221,-0.24518094444545213,-0.4096841243817459,1.1461150000305917,-0.30156998979494787,1.1568024520667248,0.908027629347113,-0.9835017803891954,-1.2915664673578615,-0.7296266925451884,-0.36228672024917985,-1.755959720335892,-1.2250846052599105,-0.08711753966084088,0.2729381496312341,-0.396597482392285,-0.912767254261607,0.2884405564931377,-0.3810288872756691,0.7294030837010114,0.7105201478097989,1.6983015540183017,1.3985881731771241,2.0032917248834643,1.293443749966602,1.0897289157876966,1.590251878518968,1.1217637396908537,0.09908474296242471,-1.3258761949776043,-0.06567198291828549,0.5716967628292121,0.32221096088617424,0.5448629899479374,1.1001227084961365,0.7834806022741735,1.7320708193329897,1.0885779304006027,1.5852215722357048,2.0989780682704553,2.04683730871659,-0.4207230071094294,1.2644045621968125,1.2002745137481474,0.3245920505146387,-1.4153372218244111,1.7108908638246387,0.6854390137651468,0.47864908656528227,1.0215534257434258,1.8019083273889887,0.8389485319004131,0.3992356582372385,0.2244350689424553,0.39130892490821667,0.0673429980641442,0.8738975195113274,0.37190876041555626,1.5356662032886572,0.7972545861275413,0.5192013591355005,0.4797298578182808,-0.012679652524420992,-0.8110365129362894,-0.14797019000283523,-0.3626373808041933,0.4197272807684017,0.9289409311139017,0.2906651940817938,0.39118493384963315
