0,1,2,3,4,5,6,7,8,9,10,11,12,13,14,15,16,17,18,19,20,21,22,23,24,25,26,27,28,29,30,31,32,33,34,35,36,37,38,39,40,41,42,43,44,45,46,47,48,49,50,51,52,53,54,55,56,57,58,59,60,61,62,63,64,65,66,67,68,69,70,71,72,73,74,75,76,77,78,79,80,81,82,83,84,85,86,87,88,89,90,91,92,93,94,95,96,97,98,99
2.0,1.8315986976365386,2.191348147835475,1.1606479122042934,0.9471983311681269,0.5465196175731483,1.93699025486885,1.0608680665372026,-1.479959527312384,-0.2646448944031661,0.5590907427829891,-0.3616271290785562,-1.5401568082528228,-1.288115642693199,-0.8065875188535868,1.3918814301516043,-1.1498354582204386,0.7811358359023772,-0.8554443348411921,0.7659595183847364,0.6655868084597468,-1.404726635529123,-0.9053797423310511,-1.2856395720506637,0.9899720634024713,-0.6591782063825018,-2.0323792286162483,-1.9389535034444596,-0.868364108778871,-1.712723703412196,0.6620634505873656,1.5428653301034505,0.3353469525982184,-0.5335960180946803,-2.0176315611387023,-1.0738838169641889,-1.975727093973641,0.4322283523413938,-0.7257387332639407,-0.779222640919762,-1.9252154790404925,-1.257590978861432,-1.7811434156946604,-1.5802646571953805,-2.1978937597873354,-1.9739466805040156,-2.5296762035508547,-1.4555735457448358,1.9546894594397473,-0.6952779071612081,2.9470690941498168,2.136293257763971,0.7493053585172105,0.8037161844164245,0.9482531272383983,1.4144819703101383,1.3315250454770609,-0.6619157687979509,-0.7746893217838309,0.7131354602043967,-0.0959591350359997,-1.5379897087529772,-0.9665878343965986,-0.09523984974542268,-0.7572492597468041,-0.9311772659863891,1.2718569581229622,-0.818834187616456,-0.2534860662646763,1.4323486975913808,1.0543115671622971,-0.7992125072613903,-0.3516951965323551,0.32989439054409175,-0.510673780229235,-0.1698154789745002,-0.045806243398682556,-1.7229784072960026,0.19859128768670103,1.9129691826419175,-0.24889150000050642,-0.7535458406927351,-1.3697417514169,-1.5546810044911563,-0.7838311166729333,-0.975725757572209,-1.4329973819882924,-1.54168144313333,1.5675551287959029,-1.066841931488093,-1.0590756011962474,0.56315416956671,-1.0435022597181132,1.1346664098773793,-0.4215977747115734,-1.1124733397057622,-1.1339657813374284,-0.7030848119466373,2.254872930093894,0.2605806870153361
1.8315986976365386,2.0,1.7217705623776594,2.8177362968006183,3.016133486247703,0.2778410455328863,2.467239663872164,2.1247252300866597,-1.303570661371844,-1.4442468162891513,-1.781599484123311,-1.6794335912216494,-1.940675431907722,-1.6339032185571156,-1.365713441219464,2.979015633381137,-1.6949862435521696,1.244752706621279,-1.0239387933046395,2.520422635491708,0.44348088155803067,-2.010016036632577,-0.6602856299526314,-1.416836094955697,-1.429628264034641,-1.8015171814930873,-1.0818788690580976,-2.0906159183837034,-1.000664757668674,-1.768841894122739,-0.058943128337740194,0.8887893938045843,1.0601304018642577,-0.3305813120103283,-2.0108992064913807,-0.27076785241379453,-2.1382584854043962,-0.01409134750159731,-0.22863071165347748,-0.0203486092519177,-0.0319425137013315,-1.8937851946638244,-1.5197113990438336,-1.7226313832310687,-2.1711498229681894,-0.9249906917624047,-1.7394522444621945,-1.0277741239076117,1.2781422001573275,0.5113589727038013,2.3280050203106213,3.4072656367033853,2.8432097872303315,2.93319483547996,1.5396083296924719,0.5060513447580387,2.213123996527703,0.323523602774826,-1.8446382340265166,-1.8503195971521582,-1.5546930964327683,-1.9283566393791918,-2.0114041002862146,-1.3305793168132263,-1.3341785661694225,-1.7276273018460415,2.0329244393284065,-0.9622311549453615,-0.16272777549468131,1.9233514786803088,1.1014059779779575,-0.6709445083628969,0.08903372908742652,1.3080505640361617,-1.0255465431864297,-2.062236998128685,-0.5655729311365352,-1.6343893148901107,-0.049091320821541794,1.1834234088977422,-1.1194654563732627,-0.3884159250730709,-1.7024372733636972,-1.9892907622696478,-0.7564682178615482,-0.5185662797088448,-1.6992945881120125,-2.2556796123219685,2.0288913016611634,-0.3573945971679507,0.5883319516472746,-0.0919206242123348,-0.5507235555139314,-0.2906595265497204,-0.8819980484235144,-1.9222448863371682,-0.3814874832481943,-0.050976400832848504,1.0536346342440917,0.4665419195101401
2.191348147835475,1.7217705623776594,2.0,-0.06777102383008554,0.599645366346533,2.6124371889996825,1.4222946040976028,1.789883284865447,0.6976633760088337,-0.7526764467196684,-0.32545469068084265,-0.3198063334040062,-0.5721128486735191,-0.1804666996998186,0.3404934434753993,0.5965063263179835,-0.7354733314714823,1.0057639708885164,0.0917640767851626,0.7213488121489848,1.4492032019838714,-0.8087620395301233,-0.1197645291069874,-1.194705924295277,0.2334820235136426,-0.43215706253599306,-0.9099805849010306,-1.0105948841795964,-0.0468073038336454,-0.8310057857225193,-0.2940904985706238,0.7049390507973023,-0.3339331187512177,-0.1904007306473556,-0.9192158361930284,-0.6569603286489833,-1.8281926029922269,-0.0479085343620651,-0.9440538323755128,-0.9661568238956433,-1.848900700611326,-1.0996464197926286,-1.567491057277761,-0.9999133088961061,-0.7025352200545891,-1.317453485363535,-1.8120430839206239,-1.1975869509424457,1.2937266312762477,-0.8502140297146739,1.728602099813854,2.0340571950633923,0.2379545903782051,0.2151602025094843,2.109668864262315,2.9292345228277217,1.2145352708326675,1.6019591350196403,-0.8003154655308955,0.2560954732153853,0.16160045160615122,-0.2706402087616723,0.18492019927430062,0.6460945234689827,-0.0360370873486743,0.3092552677297261,0.1406234824791261,-0.09311622558328231,-0.5056602395361794,0.9543688187437485,1.5373814603996285,-1.3599965744570812,0.2073870613566193,-0.3125771665406274,-0.6546579935812015,-0.5863145896089434,0.5144582444244317,-0.5290798775163189,-0.5172156621452801,0.7945539186106612,-0.7125951306840544,-1.4506860237469876,-0.9171568879716407,-1.2001556430602407,-0.5749567340527089,-1.6462852692222425,-1.5521191401944545,-0.8491275958751504,0.5736755123311654,-1.8460142245626607,-1.426039091158398,0.023781803643058493,-0.9267200808518307,-0.2621962112836593,-1.2708125043351248,-0.9272563825166252,-1.2323350546790284,-0.6660907468728618,1.0599633687497103,-0.4473381201558043
1.1606479122042934,2.8177362968006188,-0.06777102383008554,1.9999999999999991,3.144777445380042,-1.5373759735307695,1.2946668506301353,1.809527149464326,-2.4334187375717455,-0.8035481740567916,-1.062252552587657,-1.3782884059999176,-0.8392768073545325,-0.9736705566097783,-1.0709356631549185,2.7324139481321676,-0.7504409347111964,1.4904920491206286,-0.45966660303760976,1.3849515777730352,0.2404092391794133,-1.0997429682208124,-0.17979469007810223,-0.7214944563638033,-1.1167626137401687,-1.8069520485464827,-1.5629327693521082,-1.6255390454053629,-1.1928053576241093,-1.0782644719829737,1.011275062067544,0.504870346419936,1.6518480288132567,0.43992354241930964,-1.6564410025321794,-0.40856735399334176,-1.538596102577824,-0.0733467192202513,0.07187568884929109,0.14544009766778979,0.6919466451077665,-1.5508518913897684,-0.129462119701425,-2.1688470259050496,-2.784365689399604,-1.198663935694839,-1.0623117440070007,-0.6275279397323459,-0.34462400395132897,0.0207404330272071,1.3237803301135662,2.1416679429823007,2.834778993663754,3.5833834864264236,1.0714885428662608,-1.3382232484367116,2.295576000728193,-0.7788638967167973,-1.1146048258699817,-1.2257492966193695,-0.8554277580046107,-1.0382398544367417,-1.688305067451752,-1.3298542038811394,-0.5245313061898348,-1.471114831742082,1.429304357863045,-0.38753214594545055,0.5968400495009449,2.33380079609171,0.6111699821632792,0.5992994859962317,0.36122982986372126,0.8694377074808837,-0.11285403917000492,-1.2759344489567552,-0.8441049869832193,-1.2312678393097862,1.2027310890925924,0.619812207346589,-0.2345572341405096,-0.45032094824414004,-2.259877908871979,-0.9774654046499305,-1.3828577230982178,0.39708200590962617,-1.3477935070868723,-1.9546665956133735,1.210867501648233,-0.0740159775223297,0.7070650862038133,-0.6422915849183797,-0.4856618080001345,0.1645393902521066,0.2455656088253278,-2.4621353473643723,-0.6962897704803561,-0.1646030824216719,0.1570314393063629,-0.09165412917157621
0.9471983311681269,3.0161334862477034,0.599645366346533,3.144777445380042,1.9999999999999991,-0.38612744388567877,0.8826468764250912,2.2741313246905563,-1.58941451167127,-1.583560667862835,-1.5978418315174965,-1.263650894354348,-0.3847162759735239,-0.5229550337104854,-0.6098540728301696,1.7991018439844138,-0.5563360625677316,1.818372675477723,-0.3055466998492065,1.8031950219810986,0.5446979573593742,-0.5794386293041893,0.38466954501893014,-0.16686193901860832,-1.7656565069678463,-1.4004404560597383,-0.6571780430507319,-0.7718761190380827,-0.691513392808205,-0.3599537823992257,0.40111893807608723,0.0681660347908628,1.0022640191042982,0.9617186315543811,-0.7891568556201074,0.9401320447959051,-0.8632482140339751,-0.8517851734268485,-0.7625840837183145,-0.39312304493532213,1.2140738791517478,-1.1966992098957605,0.0499926102313451,-1.5966858919039995,-1.9567061452531722,-0.5392452738421667,-0.3133297354337339,0.4606671822107075,-0.0925536213242232,0.1617826820802853,1.3326779562005115,2.664178025403179,2.092456113487894,3.5699941614367674,2.2222136496228178,-0.7318641281188814,2.535032671716006,0.14580725148303308,-1.3659283046588109,-1.6496908467005733,-0.8500890045479805,-0.6117274295028481,-1.285688082420341,-1.2154919328902591,-0.2427885624839799,-0.8577104759687264,1.0623425613608306,-0.1162111786702609,0.9685702668345411,2.445283724287809,0.9707017820958461,0.4269430826537719,0.8845756113038651,0.2634281252069438,-0.012682280863383813,-1.2776841944282549,-0.1630800966202098,-0.35798828048092624,0.7664896315920111,0.10054115159055342,0.20143017882113226,-0.0033702264538836013,-1.679371747414661,-0.6887681573830535,-0.38710085203468914,0.598856010947509,-0.6616459982955466,-1.2057143589726949,1.6087563805405924,0.18686535531560367,0.6535515581625101,-1.419563779496831,-1.0522714060355245,-0.7937919092226674,-0.3258543123420656,-1.972769951368476,-0.3042508205431534,0.8672597274121052,0.1448865341009203,-0.1312559778261819
0.5465196175731483,0.2778410455328863,2.6124371889996825,-1.5373759735307695,-0.38612744388567877,1.9999999999999996,0.8686181273432882,0.659986218751574,2.1550479984089397,-0.6008410250911664,-0.4778440303430323,-0.2960625282580954,-0.38601277840886206,-0.14224385524340988,0.33747453129809757,-0.33120133522739764,-0.8032044297004262,-0.13816700582772729,-0.407314226898674,0.8750925502376226,0.4855592938407264,-0.5867251715966944,-0.14876511035908652,-0.5716513714923668,-0.0617847979326567,-0.1535379186146995,0.7021271463781589,0.2232922391223867,0.7128874716275982,-0.263734846047431,-1.4171410273732221,-0.2704362246984485,-1.6141466350176696,-0.6906657198866953,-0.1730099146996228,0.2864571296668363,-0.18283773968984282,-0.28254747740978003,-0.6722101780991495,-0.2338479654371137,-0.8761317060271424,0.023433791437170608,-1.4711687805180973,0.6898402129348042,0.7215846922617304,0.5523726342605818,-0.2500617802602333,-0.12139460458767079,1.5907167744321935,0.2461667404178752,0.38703070840106124,0.5338097306787576,-0.8123944644303971,-0.9773545645171794,1.4541918671110852,3.1626100210627337,-0.1130061914834732,1.9424747077604252,-0.5192576708292275,-0.2901696154228915,-0.3804750986384305,-0.2775435162204407,0.017216505173341695,0.0261729973980777,-0.2949435461977647,0.49995262426063225,0.1168698228001107,-0.8795488215333578,-1.339870569880375,-0.5657720780006128,0.454589806530451,-1.7535978282089024,-0.4699253631534998,-0.031579903407234,-0.8583633913483459,-0.7439959950569822,0.5851789983379349,-0.026084146247601497,-1.384589123600202,0.010982333144622894,-0.7269205121909947,-0.09385259551155681,0.8902684581684607,-0.726262724050429,0.9375787681952726,-0.9764129232734394,-0.028243736112921802,0.7241925239328096,0.5267180052767799,-0.3882898597623441,-1.0595974628561757,-0.16781343477879232,-0.3860846302472302,-0.7190731775833975,-1.8363033917651435,0.7815654223872556,0.5072953491730893,0.2888978879132972,0.915093877966956,0.4652176398305513
1.93699025486885,2.467239663872164,1.4222946040976028,1.2946668506301353,0.8826468764250912,0.8686181273432882,1.9999999999999996,0.7139507914900057,-0.7749184182079231,-0.5024740751795107,-1.6880572293874678,-1.9431032840613938,-2.6283036600820013,-2.60748796022664,-2.0553611949118347,2.9929067827270366,-2.589025272163006,-0.486347525084096,-1.9580585993034099,2.7184700183156782,-0.6776749293852887,-2.7551975297445006,-1.5889744852821084,-2.4131614713400564,-0.9903114106404982,-2.517109038253839,-0.6779998740604715,-2.404408578354155,-0.7673523450629463,-2.523180399540243,-0.8283076317384838,1.8902702574845214,0.4338066726654012,-1.8745029731195428,-2.4737843355059415,-0.8582489484297458,-1.8685429791756736,1.5453850665775073,1.0909849238913252,1.4018983334471224,-0.75409470325597,-1.6630967159958185,-2.240007673109387,-1.0459628073320013,-1.8299168651915254,-0.2503498596139835,-1.7447227906652996,-1.4500117844888347,2.0536972333320405,1.6260259437353688,2.492097244051032,2.072641376403837,2.274600269983004,1.0625846749756684,0.0271661073885335,1.682670977076167,0.5317495590318375,-0.04790482858463835,-1.6568526928439935,-1.3164034037001637,-1.8758341327703296,-2.586189673253428,-1.9893044745979396,-1.2868823859008605,-2.268637870508967,-2.25034384918836,2.9992502914616495,-2.0115840881440707,-1.8661712747112023,0.23938157277151248,-0.09403926270836216,-1.4754431527738703,-1.0762628043118065,2.8653344742978932,-1.8974802480002515,-2.465630214374004,-1.0479888711672616,-2.270539658299763,-0.6339541119496771,2.539887331220897,-2.2133728613167345,-0.14214553655922105,-0.8536477271694796,-2.7150720172188447,-0.3202819042012269,-0.8300972730555478,-1.4230155550580008,-1.9297328847771804,2.3106034247756915,0.1343463695079214,0.791533906474051,1.6550431528593634,0.9614178561265557,0.8441385692007229,-0.9164038066382885,-0.8340938606579769,0.6517978254417087,-0.5345647351101135,2.039933596750694,2.0203753339867
1.0608680665372026,2.1247252300866597,1.789883284865447,1.809527149464326,2.2741313246905563,0.659986218751574,0.7139507914900057,2.0,0.34343082063325014,-1.491827518673818,-0.8789147722904262,-0.4772419742759101,0.6230878995751191,1.0687836178367442,1.6046110965068756,1.207295693908058,0.761852247452293,3.387663868847846,1.5708342318234092,1.7091805873190071,2.7440018592707696,0.6590095830614648,2.0178889845015693,0.6374633168220345,-0.8917661848544567,-0.5479491894443441,-0.8465357900293164,0.06330230824207829,0.9759587447023893,0.8667694193877495,0.9480203531610758,0.029745845918092817,1.0003194670330173,2.094855114405239,0.18047167503045258,0.7485579590987047,-1.1234051577376216,-1.502980222720653,-1.737529260370509,-1.2388026335518059,0.2936225519841484,-0.678174077695695,0.3479681960433702,-1.4429867957119638,-1.4624628422370796,-0.6808162436293085,-0.26428587835396944,0.8608608601476477,-0.551975579391051,-1.080910678599436,0.9707346374976007,2.605171336247274,1.4674751479756498,2.2813175623799227,2.91287287301378,0.7995842136776052,3.454075501135322,2.5522588821462633,-0.3760235994297746,-0.9789079052399108,0.42415865480574283,0.5491933873007535,0.43304053885783567,0.9342247375016477,1.461118570258516,1.08149936260243,0.0465352301485745,1.5155351430747395,1.5611604757550699,3.0891922748299776,3.1011583211974934,1.0609794619558959,2.522480577103802,-0.7298091081188701,1.0308332121939094,-0.0885408844676494,1.6412362186125637,0.9464985628301273,1.5490727805684863,-0.13034509295691482,0.8128592555638124,-1.4343853274227822,-1.9829870702296168,-0.029850127886379516,-0.023127014778345334,0.6497488587963209,-1.017033461461522,-0.22627870427540608,1.01365625024143,-1.226500784262949,0.00786173573137719,-1.6614743501163445,-1.7178324065641553,-1.1140921391963168,-0.5242114363672069,-2.2338353584355244,-1.0200801605275034,0.7567803782365323,-0.6000600868920871,-1.351425249952998
-1.479959527312384,-1.303570661371844,0.6976633760088337,-2.4334187375717455,-1.58941451167127,2.1550479984089397,-0.7749184182079231,0.34343082063325014,2.0000000000000004,0.7644117452424382,0.6276074358774337,1.3600781323685336,0.8170945095804321,1.2298899327169743,1.4893819091609697,-0.978261649111546,0.9827632895303549,0.1210941740710245,1.089178630278359,-0.0667260477279347,0.7234741024105815,1.1137207197662182,1.042693196095047,1.2386785003610579,0.5668774989285973,1.2787420087793169,1.2783784002508314,1.2057831287858338,1.9459695464502869,1.3301448474589246,-0.6853019957353881,-0.3787421435351045,-1.5393541940266116,0.3777044012269567,1.4710905494266129,0.7633559352105421,0.865531740837987,-0.041407876899917095,0.19764093009089712,0.3696129023568805,-0.18720828337840978,1.4753088930341889,0.15986296135320682,1.15299931193844,1.5373286492770153,1.2109749379213453,1.1756126409024483,0.7610811534964586,-0.03879172401127928,0.09083734544568872,-1.3904970140043327,-1.0819235241669378,-1.3653116555325273,-1.9817498831176197,0.5210674320350834,1.6660098234072755,-0.8637490312935288,2.7545372939392214,1.32268278805088,0.3019580536962782,0.892254934127066,1.0123326051193815,1.238773168501766,1.31806221282344,0.9062232722242729,1.436670772812382,-0.9570214137545827,0.7041347650202302,-0.34097981405271294,-1.1800639957692396,0.5036196742864297,-0.01172430305371229,0.655237434757824,-0.1773474309107211,0.7283152325314246,0.7466726036228657,1.3941606226347711,1.5307910001285865,-0.45979455073589126,-0.4041496231774673,0.3673582344345552,-0.23810663530547532,0.9854061438855279,0.7291544582722472,1.1249770545713806,0.022686075170087406,0.5440736539321398,1.5297231252485886,-0.7420065121202741,-0.13610057351419452,-0.06057879934163779,0.3909397537555675,0.8485709422669719,-0.53625001020736,-0.3242496878154602,1.0650637031756807,0.6566838522466106,0.37456743723429065,-1.071771684727039,-0.280161429780995
-0.2646448944031661,-1.4442468162891513,-0.7526764467196684,-0.8035481740567916,-1.583560667862835,-0.6008410250911664,-0.5024740751795107,-1.491827518673818,0.7644117452424382,2.0000000000000004,2.4370100947619977,2.0331544833129227,0.5858197976359731,0.45577448701475415,0.3458195555412401,-0.0038095705840517913,0.6825185500831084,-1.097588852433625,0.16821395249862392,-1.349030488570496,-0.7204917161381906,0.07714572410834031,-0.5846230019492692,0.4157228910589234,2.3594271568198057,0.7081746507834993,-0.7709911132403582,-0.3417597835895182,0.6455083540792502,0.182945151279574,1.1695676406787858,1.1342839417793307,-0.34840283795498184,-0.6453548900025657,-0.3439107556817277,-1.037429222405111,0.4566209476405084,2.062425875002479,2.1204567555749545,1.2770110652273123,-1.0047375849069977,1.1699180837558931,0.6201096734706218,0.22513886269142042,-0.3228689852448588,-0.3613279614953257,-0.2059438205345171,-1.2167100465509193,-0.3732507891909391,0.23923476691068118,-0.5554356464710701,-1.8757575754601885,-0.9103019242122012,-1.4204043547122678,-1.3482426870414457,-0.4992119331810299,-1.7959108311890364,-0.7269572223732286,2.8824965881658713,2.3531341264530536,1.9961320095167776,0.8368746515666388,0.9509268131694555,0.9541037120145879,0.43536888699351883,0.4548748433300526,-0.5236965131971367,-0.005657590672460397,-0.7772501412479678,-1.605038752483058,-1.0757906436471165,0.6514345175521629,-0.6050599193212866,0.710546602054708,0.8430478714139623,1.3752392886376918,0.1208124732827677,0.4775927868088017,0.5212478079158175,0.9546197807845511,0.0182721333198494,-0.3766887253974673,0.028359133143216905,-0.015143660726167713,-0.8154312041127307,-0.22475030409138042,-0.1422326490432227,-0.1159418013719153,-1.2755317558879726,-0.0786342424557719,-0.010030835329196894,2.2206332146844914,2.2943971508077734,2.3170525074387367,1.815206450421886,0.43911042746803863,-0.29830934953416055,-1.712353101501901,-0.5006046324545047,0.185283556427174
0.5590907427829891,-1.781599484123311,-0.32545469068084265,-1.062252552587657,-1.5978418315174965,-0.4778440303430323,-1.6880572293874678,-0.8789147722904262,0.6276074358774337,2.4370100947619977,2.0,3.1152534266104066,0.9972370821611497,1.2298530993030852,1.2974396367821615,-1.1796761172454682,1.5153291197768253,0.0532838519462464,0.8435002555100368,-1.8586730423589386,0.5024671884978499,0.9706835547179647,-0.06277281036601517,1.0718477164385751,3.289789430187146,2.411673986567068,-1.1979470523009066,-0.01995067297426109,0.7940719980192869,0.3096534905703927,1.2872861511535874,-0.2381598848907312,-0.9508030920286739,0.3849111966691175,0.1209268141661338,-0.5386726538770085,0.6133711758064824,0.0610601755172471,-0.1650017497375272,-0.957348210563393,-1.474564826096282,1.5459606148342064,0.2502700728927223,0.06908952004493649,-0.022501937394182325,-1.291233034246333,-0.7628165092533401,-0.749488642585557,-0.03182698236147019,-1.1542268768555932,-0.21793423365995218,-1.5917047116008025,-1.604032692340155,-1.6413514242943883,-0.7166340391710085,-0.3610551917663003,-0.8516447078966436,-0.5667313041019664,2.7267803648462423,3.239248929386582,2.554596343476302,0.9944693418442594,1.01343497632796,1.2589317599987802,1.3608396193234822,1.3871638206261512,-1.2836329306626333,0.6088505297080438,0.45609081326779133,-0.33016169463990463,0.26349892337430647,0.7008565813564529,-0.1200757158649062,-1.0226369347636735,1.7366111780226479,2.5966595808977706,1.0909946031122506,0.4328062254023627,0.7315502715756853,0.08067233939054438,1.6587931650240386,-0.1938412809985325,0.06781340606577779,0.6941227058681076,-0.5634431739223105,-0.2956360933886276,0.434872165910702,0.3024062507654867,-0.9515964603265672,-0.6071263506008697,-1.0838146477378685,0.667278009105948,0.010913993216476498,1.7083069145926708,1.0125741356102798,0.5366995544036781,-1.0844902261016802,-1.0863198244116206,-0.13828224969805902,-0.6302140657957116
-0.3616271290785562,-1.6794335912216494,-0.3198063334040062,-1.3782884059999176,-1.2636508943543479,-0.2960625282580954,-1.9431032840613938,-0.4772419742759101,1.3600781323685336,2.0331544833129227,3.1152534266104066,1.9999999999999996,1.6378372661840028,1.8050843496401816,1.9160201696973218,-1.4449161975850866,2.2646475618441717,0.417550442802632,1.419804768318059,-1.7250500823519541,0.9354670186527057,1.6772772636048918,0.4330805459729238,2.067766526426943,2.7261907502201437,2.8958832970818853,-0.659236198609933,0.511199694875476,1.4362031032708078,0.922090646120473,1.1128839252981932,-0.6679400368762676,-0.8907520293976878,1.0123716666899383,1.1852828444110075,0.16607930400041182,0.9053538937029826,-0.5247257965480119,-0.36077450161731794,-1.2287757240860395,-0.992990006844314,1.9364323229189369,0.8833667182165394,0.1823689455422528,0.7207922693998161,-1.0293567068948422,-0.22451424387963023,-0.17493131227049508,-0.9361070184020999,-1.4760407303106589,-0.8655725550440305,-1.653677106705179,-1.6855947813702028,-1.6120010013086352,-0.4352009175619237,-0.6571456434770877,-0.7684082162783764,0.1959982259880611,2.9643242330099,2.93562768207514,2.852669024885153,1.5793142847464208,1.3425414430847442,1.6252086884660417,1.9592665587810436,1.9174503141885064,-1.5892156083570286,1.275614175227902,0.9304225316929874,-0.48565181175759725,0.6323552090912014,1.371719751565508,0.5087659933105938,-1.202225595193371,2.5028044123857542,2.866457090968419,1.7474052063483856,1.428805421358339,0.8909941101602439,-0.4671288160972029,1.9537407876971151,-0.25841140726089495,0.4484135403863221,1.3834489093041844,-0.010228831055730893,0.0291323852909966,0.7068383932536626,0.7671001759389291,-1.3063416240228425,-0.5296676085811894,-0.5058908293284142,0.3123474665321221,0.21777028817351102,1.1364778203708719,1.3550535420578487,0.6466532962620368,-0.9095121394625425,-0.5757209854769343,-1.2721283229227789,-1.1752677108182865
-1.5401568082528228,-1.940675431907722,-0.5721128486735191,-0.8392768073545325,-0.3847162759735239,-0.38601277840886206,-2.6283036600820013,0.6230878995751191,0.8170945095804321,0.5858197976359731,0.9972370821611497,1.6378372661840028,2.0,3.1340302311217534,2.775380260093158,-2.0267051165901777,3.2087924892747655,1.615340141929753,2.7045689908121204,-1.799145634480098,1.7785436752805301,3.0014297054242784,2.67656771368522,2.3961474075522267,0.6494963850979982,1.5865667193520467,0.07178656715393669,2.3271714736200693,1.558109042489698,3.057048127911227,1.6717321796019864,-0.6659880378723803,0.46341705162495994,2.712931036511698,2.6300727979365313,1.2360038169105492,1.6138316529562946,-1.0687876372172145,-0.7336318448408361,-0.8965671967431074,1.1131898821468962,1.3260969431942677,3.039647452062248,0.3172711898100874,1.033802304304241,0.0409275508467,1.7802132725734725,1.7553419242385304,-2.3878122510836945,-1.7052046110460592,-1.6234547508334471,-1.2362675080104306,-1.5823831790761482,-0.5116705425898944,0.7282111382728789,-0.9946433392608094,0.4976066276928464,0.8980464375609911,2.0216601147365347,1.2262751220427632,2.726346872445353,3.7241122969836624,2.823583036204007,2.297762467359161,2.953735687860629,2.7953558632253377,-2.516973289176875,2.8347446817832105,2.2367333608022477,0.754097195745348,1.1531749356373489,2.3851314317542114,2.4223836088582256,-2.379371725456391,2.0978920241974834,2.2102332752657645,1.5612058438806686,2.833123857545621,1.9002028269292133,-1.714191165772346,2.125589498438153,-0.6509999958998892,0.056762197838745296,2.424199557994549,0.20122842470546098,1.5629612786163243,1.0873892840881836,1.8041317242769621,-1.7294404414739875,-0.676157154128848,-0.314567495067413,-1.2551385307065284,-0.4795592984009151,-0.3824027364877757,1.5902714931508348,-0.3773274185842429,-0.8957977084655595,0.7520005462255287,-2.0149821186525085,-2.2371424903629995
-1.288115642693199,-1.6339032185571156,-0.1804666996998186,-0.9736705566097783,-0.5229550337104854,-0.14224385524340988,-2.60748796022664,1.0687836178367442,1.2298899327169743,0.45577448701475415,1.2298530993030852,1.8050843496401816,3.1340302311217534,2.0,3.5829656404393995,-2.0294312358585387,3.1824856418905836,2.0419244928243634,3.2999654985651024,-1.414813873993456,2.5161493322588004,2.9861753398297535,2.8932721593501225,2.529397079018539,0.6468126617786283,2.066216887888415,0.2928508088460905,2.203793381404959,1.992105794834882,3.093915149847952,1.5466311157072965,-0.9085779193055146,0.13562482113295998,2.670656465592126,2.69100533255036,0.9429161607237048,1.2782912186155746,-1.2269659130454689,-1.1094862382906694,-1.147049100266257,0.8157100885387287,1.8445911962970247,2.8578459624720858,0.6160980763852899,1.3485401783667665,0.2461172468925139,1.6823257682210728,1.4994712276774833,-2.185086412871021,-1.7559036156545607,-1.294279820568036,-0.6150032138406001,-1.2170979849575838,-0.4981974471959007,1.0921629211358757,-0.344335679277121,0.9659965413656666,1.7690802570785171,1.9538623720651187,1.2339191454146192,2.496373336063231,3.012776100313846,3.055229395564444,2.858817387478905,3.4253536617024034,3.414699053865636,-2.477729054583995,3.0646657216628244,2.252171294621461,1.036987293525776,1.94163002571945,2.26320276498469,2.855357931598287,-2.6076915210753313,2.1895778501407115,2.1953352018897814,2.171908094120314,2.8998636885867484,1.6205304627874193,-1.8086010798330179,2.0243581902045413,-0.8663162767020307,0.0234947433806073,2.2642439419985187,0.13446876511241118,1.1395148066390919,0.9020223669390072,1.6806123756459035,-1.594232303325263,-0.8996200099114611,-0.10817071459140187,-1.2500819801170078,-0.929395652789692,-0.5581574147391273,1.020350246613598,-0.19447356954515022,-0.9924371031944399,0.6110371114545777,-1.9870615207351192,-2.2726375192204142
-0.8065875188535868,-1.365713441219464,0.3404934434753993,-1.0709356631549185,-0.6098540728301696,0.33747453129809757,-2.0553611949118347,1.6046110965068756,1.4893819091609697,0.3458195555412401,1.2974396367821615,1.9160201696973218,2.775380260093158,3.5829656404393995,1.9999999999999998,-1.8691345671194672,2.9015556903532222,2.379099367107952,3.034319067832289,-0.8421971541541082,3.0097909657452555,2.722840218698771,2.7262347443799957,2.4515767033673366,0.7019224500411689,2.247693878780863,0.05082320822131721,2.2231470149821493,2.5694260551588552,2.8192908318954117,1.2941420530359868,-1.067770227666705,-0.20535609004811128,2.490124029741103,2.3714140578820166,0.8897193297768506,0.9901347501760018,-1.6232264266116974,-1.7127729946204329,-1.7717567994922727,0.033871045270005395,1.8124840437571696,2.2754513977672524,0.7087363178639317,1.1307369869838082,0.0835900318795913,1.1492414153515798,1.5242654979963297,-1.722912093530728,-2.0028626161506526,-1.0745691769733785,-0.3383728220870572,-1.2597733206760704,-0.6096862911643697,1.3068894980067645,0.20636608456812708,1.3444628419648348,2.173536605571746,2.0136863991128195,1.3128650154407837,2.4782098790057514,2.5810688534066193,2.9826940275254716,3.0059790692821187,3.5407248520829953,3.7544252845619517,-2.2200986700065553,2.8810041720170094,2.08033822616874,1.2547548842294514,2.5866315224988616,2.081887637966748,2.9117834376866285,-2.458819783797883,2.430330319388123,2.3748455674080495,2.9870069992706494,2.9582941296861995,1.6735270633475317,-1.6251961799924453,2.13974194228759,-1.129951708863714,-0.023345617340001103,1.9942451891067168,0.6211361221696368,1.0539709163057536,0.818325659067896,1.9231972909908275,-1.1220581360249677,-1.1742547302691995,-0.44939889572953995,-1.4202217959637213,-1.34195112441358,-0.48594298395346214,0.6470976213105737,-0.0948860969694966,-0.8868499424645213,0.7397717193178935,-1.6987264993404225,-2.178955164268083
1.3918814301516043,2.979015633381137,0.5965063263179835,2.7324139481321676,1.7991018439844138,-0.33120133522739764,2.9929067827270366,1.207295693908058,-0.978261649111546,-0.0038095705840517913,-1.1796761172454682,-1.4449161975850866,-2.0267051165901777,-2.0294312358585387,-1.8691345671194672,1.9999999999999998,-1.676378903542037,0.367969885417845,-1.0838863245406507,2.1025082897745686,-0.4092676828378227,-2.2131139298424256,-0.8418353616664846,-1.716096433504749,-0.8202530146017937,-2.2561388293193367,-1.3619941743130735,-2.5816918945326717,-1.087155840238291,-1.8857449006563596,0.5181144055985551,1.9377773233952378,1.6459191025933801,-0.857878536040773,-2.390222790572432,-1.1767966288331388,-1.9987587616745872,1.6293690732743236,1.634047702213828,1.765241769168501,0.002473170201188507,-1.6246482825011657,-1.198273655296163,-1.9356969992034763,-2.6260661068930817,-0.7231393009689908,-1.5948633102046768,-1.52223100636831,0.7684258012304708,1.1069727510123433,1.9491597247019699,2.09342741529976,3.2066670671247333,2.2472235548720905,0.3096764136380463,0.1201007476235173,1.1385872820112308,-0.31271684716287607,-1.0091940866633324,-1.3068937985670788,-1.205897304655823,-1.9260830413958032,-1.976691162043835,-1.195852866721434,-1.5814832059120816,-2.2812342804191306,2.3559628718626415,-1.1560251394623864,-0.892579422380245,1.0188342426332375,0.12280680066717439,-0.1423349665279167,-0.4170178568986702,2.618600438721355,-1.106190401820014,-1.9673384310488458,-1.3967587634491512,-1.9023878456534091,0.39970049225177884,2.178824989111825,-1.7194260476753152,-0.6649584248994523,-1.8832852158152744,-2.032823999117204,-1.3707407627268158,-0.3156084175241346,-1.9271409560375372,-2.5353754536818287,1.4164608126798877,-0.0617418993471944,1.1802560601106857,1.3897223184519172,1.2272821773396576,1.008151143894214,0.2946188056336504,-2.0035024429847152,-0.004495286425315798,-0.9397928347653148,0.6741790442952634,0.9312267794357694
-1.1498354582204386,-1.6949862435521696,-0.7354733314714823,-0.7504409347111964,-0.5563360625677316,-0.8032044297004262,-2.589025272163006,0.761852247452293,0.9827632895303549,0.6825185500831086,1.5153291197768253,2.2646475618441717,3.2087924892747655,3.1824856418905836,2.9015556903532222,-1.676378903542037,2.0,2.116289468630139,3.3818588025686007,-1.880112957416645,2.3432698911971332,3.4472881263018786,2.883161765883212,3.1198749170831706,1.1772637990661807,2.1189349795778725,-0.41388177035481255,1.7549227450038556,1.623473847904175,2.728260145123758,1.5952940536683946,-0.7955787503577639,0.7475994232983347,3.2461202883075053,2.833065789279655,0.929615351362183,1.2778625706204974,-1.267053768520112,-0.9138619897671028,-1.194802951016848,0.6701247645947052,1.2898910498854566,2.6802324405833833,-0.39101991376756073,0.8095665973787912,-0.6190222637781733,1.2342317322970386,1.47869912758587,-2.462748784326047,-2.2797351827829853,-1.584271030349724,-1.0735112315563948,-1.300905926833142,-0.5603087863232052,0.7461492900832858,-1.147321135348209,0.6386690821840527,1.0200382677615616,2.3834829637302644,1.663407803640385,3.0124096425459306,3.142578107776349,2.3617995688877738,2.557130228332098,3.245945507329718,2.6460212634525524,-2.718183129058393,3.330581216437096,2.8319405534042104,0.9324791148663406,1.740254830876197,2.691308570449624,2.6400832830214815,-2.394380109188775,3.075804242750712,2.767314166628624,1.7026424713417883,2.489197747105079,1.856023679480061,-1.6144219827314625,2.7755066189391124,-0.8636269357679482,-0.14841395939231838,2.6525222052588733,-0.019532405527350798,1.2566564036924595,0.8952719549696698,1.4249751902533825,-1.8089317581018696,-0.9464350595188183,-0.1459832179323995,-1.0016648166307907,-0.5773434079057612,-0.4446507968056165,1.5796044438283743,-0.7333588159307112,-1.4552025290677741,0.4771267403349017,-2.443734395401232,-2.7191410168886705
0.7811358359023772,1.244752706621279,1.0057639708885164,1.4904920491206286,1.818372675477723,-0.13816700582772729,-0.486347525084096,3.387663868847846,0.1210941740710245,-1.097588852433625,0.0532838519462464,0.417550442802632,1.615340141929753,2.0419244928243634,2.379099367107952,0.367969885417845,2.116289468630139,1.9999999999999996,2.5104182922854505,0.6440671048222165,3.2809127149490385,1.807820040710793,2.731224400696315,1.6164362235092635,-0.1879412080865299,0.4481780235604383,-1.3889472087401729,0.38809770684546563,1.0497519708817966,1.550968007617401,1.5384901584118738,-0.3587288127884125,1.2642382142156494,3.16298344062988,0.9300926466604658,0.8538896453604924,-0.7294595827374931,-2.000415760236706,-2.158411716258618,-1.8787161643762005,0.394495045077712,-0.19115410884248663,1.1932719327017958,-1.6945845110956428,-1.1891249631722118,-1.2650239337413993,-0.2214650486334567,1.1024251076139018,-1.2137916158214592,-2.1144116161368807,0.5438956748299911,1.998972030565852,0.9619990343252515,1.968953184878662,2.707703624083337,-0.1335658402258887,3.451200356448806,1.918530018506706,0.4357412620282393,-0.038663115643595675,1.3558519174486945,1.3503354590071357,1.1222717876466146,1.7119434903089445,2.4325590037730525,1.7298312236467306,-0.9439774140491679,2.5601729287588695,2.7677078038065046,3.4911418598548103,3.4473949434039732,2.0414286803800197,3.2015255016578235,-1.6598443789191935,2.084206789413254,1.08719393167444,1.9252644782236157,1.3753608641458355,2.079580474800986,-0.6864100852124234,1.9580960637039546,-1.4938527958460015,-2.0473944201348346,0.9660889891784286,-0.24089249586990757,1.0175605849136358,-0.6883442480034704,0.009847471591693097,0.3618085373398451,-1.5198849966683565,-0.1557660376166153,-1.9919303364530312,-2.168291732748418,-1.0737422690976763,0.1046806881904928,-2.48555932224981,-1.6861053009068754,0.8406107953122561,-1.2412463755920766,-2.375075264222972
-0.8554443348411921,-1.0239387933046395,0.0917640767851626,-0.45966660303760976,-0.3055466998492065,-0.407314226898674,-1.9580585993034099,1.5708342318234092,1.089178630278359,0.16821395249862392,0.8435002555100368,1.419804768318059,2.7045689908121204,3.2999654985651024,3.034319067832289,-1.0838863245406507,3.3818588025686007,2.5104182922854505,2.0,-1.2881919390056762,2.949749044623836,2.907906660849047,3.140768685924131,2.1470941505355556,0.4821427968890668,1.2951744546574577,-0.4699530608088768,1.0647695457556314,1.4609345050289122,2.559959542426923,1.4085163442495432,-0.4623190002494263,1.0603151209052517,3.0928229240321237,2.2359947225081367,0.3585509178939914,0.26069254293990307,-0.9042555296449761,-0.7781648476042813,-0.8411846489433168,0.3949190067438043,0.7906238227803443,2.1838048960319427,-0.7805537353479047,0.4581171145017453,-0.5615824940889803,0.8656763291796711,0.9904754357343577,-2.3427021752468495,-2.1708970997981427,-1.0443351941255683,-0.09482819209570939,-0.5279572610713691,-0.056787130508605205,1.4632367304731566,-0.2576119476695389,1.3394931385539495,1.8748826243673733,1.6034289142168385,1.0149403949306528,2.389594883016996,2.753540228344356,2.54518284895247,2.7876264269519417,3.046873670121033,2.496492637329006,-2.4280623801011774,3.51519787031157,2.4630026137902066,1.4883093074912597,2.426747527763381,2.2223963066516994,3.0183401029275077,-2.173602920623454,2.208066743018929,1.771118894635907,1.585027923110705,2.168131416836446,1.6243621761956426,-1.353967149351369,1.8158054580724965,-1.6706600165219472,-0.8468401946582618,1.8580243683585775,-0.5073344543984044,0.7260199421310216,-0.0719902532592298,0.7403132909542105,-1.6839084506832336,-1.4972210028527257,-0.2744540278739086,-0.9204654751535939,-0.7518345817704138,-0.8467056365070555,0.9574549728001849,-1.3195003462807429,-1.5808762339192048,0.0452406521550949,-2.3006267872534423,-2.699174608454984
0.7659595183847364,2.520422635491708,0.7213488121489848,1.3849515777730352,1.8031950219810982,0.8750925502376226,2.7184700183156782,1.7091805873190071,-0.0667260477279347,-1.349030488570496,-1.8586730423589386,-1.7250500823519541,-1.799145634480098,-1.414813873993456,-0.8421971541541082,2.1025082897745686,-1.880112957416645,0.6440671048222165,-1.2881919390056762,2.0,0.1854241257285555,-1.658649347789578,-0.19206748879506952,-0.9181261377810364,-2.0068367319278066,-1.740811344002353,0.8737776329443582,-0.7572366244292269,0.6436035372061155,-0.9449029644070046,-1.1072419047620579,0.42156444052266717,0.0006558650316071009,-0.6204405513085608,-1.0237964645096416,1.0727051534803067,-0.4507514786049791,-0.1823551368579497,-0.23149767114459538,0.5696657183752026,0.9415707196037169,-0.7346551817873496,-1.1661726666910854,0.0007580332528552003,-0.7140957659685689,1.2818519427363568,0.11167935080041308,0.4846405404369054,1.6197270748414385,2.0805456136865423,1.7836751440871055,2.3888773216313677,2.1258901562529693,1.764690505939245,0.8379424226874462,1.159873927840935,1.604968881009881,1.2239689759969108,-1.3445695540592284,-2.2695857832810997,-1.8704777826725794,-1.9534094766613945,-1.5044039734890757,-1.2212315029218055,-1.0668320833067448,-0.9848062468487722,2.7291299156026443,-1.2386273928192764,-0.7977802550857171,1.1412857774550969,1.0370500753788385,-0.7486127166335576,0.289663377900473,2.0402415110453895,-0.946931427276972,-2.1061990179140206,0.3995661519364779,-0.813060612456153,-0.4178737211084782,1.0296814842053437,-0.9478705294372076,0.9476304571715733,-0.20951900992787428,-1.9083781376962388,1.2594137000225971,0.6287617371202043,-0.03986709666708199,-0.5686777538050489,3.1089810674246765,1.3135760714627813,1.6448648845470006,0.0019207367452795977,-0.1727379998921043,-0.5638955958652772,-1.6357229177258716,-0.3534958686245326,1.6231995932302032,1.334182976111225,1.4695097510264352,2.00104254347744
