0,1,2,3,4,5,6,7,8,9,10,11,12,13,14,15,16,17,18,19,20,21,22,23,24,25,26,27,28,29,30,31,32,33,34,35,36,37,38,39,40,41,42,43,44,45,46,47,48,49,50,51,52,53,54,55,56,57,58,59,60,61,62,63,64,65,66,67,68,69,70,71,72,73,74,75,76,77,78,79,80,81,82,83,84,85,86,87,88,89,90,91,92,93,94,95,96,97,98,99
1.9999999999999991,-0.9435467988227821,0.10423450537115878,-1.4291174365832708,-0.9000651454281041,-0.5628677390593149,-1.1751095267457652,-1.2088543402868908,-0.842490861241489,-1.1621053782221544,-0.5719663647393695,-1.0331218692288082,-0.7478301813747772,-0.8781104457034058,-0.4316107643479912,-1.128644462155088,-0.9956478145533003,-1.005739394687492,-0.6812540313486551,-0.8505432326644491,-0.8634207381381487,-2.4159631508391,-1.4693311505491713,-0.5742928824179864,0.9665112193261594,-1.6501185731282424,-1.67541783273684,-0.8117800558735433,-0.2789078376396345,-1.5657042203536684,1.1547176931617253,1.7154624049135578,-1.359160902585847,-1.0191502637841094,-2.0309862890554538,-0.1476938773187012,-0.09474757177668319,0.6241371217683503,-0.9277096398689517,-1.454857360714299,-0.3326737201777241,-0.002420198719618797,-1.1283834949395675,-1.3335969850368325,-0.100210263455541,-1.1680578989638115,-1.4544835417714592,-0.9260430708688295,0.9908358822997887,0.06265864952695421,2.6111813710761904,-0.014520989041064636,-1.3100015207264468,-1.5869948763460817,-0.8272466523456926,-0.4302580163656643,-1.0916142065287877,-0.669026578156625,-1.1909419067126445,-0.2282170890045958,-0.6630364039826757,-0.46077800718600725,-1.0723941392954497,-0.8231435088420865,-0.9692806797962845,-0.6265185837512347,-1.3388511802168521,-0.5991982642663644,-0.6449078273557356,-0.7591468635606979,-0.8686701318622264,-2.058613857305081,-1.347422733670995,-1.1127936972138077,-0.9592127599240188,-0.2563480597777784,-0.01773404125471892,-1.171186158174601,2.432676877721887,1.6129655535701466,-0.8155696385858283,-0.3096784199679343,0.6375278135137099,-1.7063957132120058,-1.4046917225493094,-1.8808748839565501,-0.37116461815164387,-1.4407946447832671,-0.4935341281481387,-1.4939089304736126,0.22230789463622389,1.8508997538776484,-0.6191570053610767,1.007976249264531,-0.3389580045759284,-1.2667298144007142,-1.3988730029663101,-1.11139470502247,1.2636625511394723,-0.02128961434659088
-0.9435467988227821,2.0,3.0657215998570964,3.0664568841987228,2.9390150522016154,2.7714618807847975,2.6332451204289575,2.9227215493338514,3.2586771756764468,1.9337214347938154,0.092214386009249,1.3070035221346692,2.2265970665263963,2.536989212876704,2.4356602314211937,2.5689270517327065,1.0282243721941515,2.4751729477315427,2.1422840483488717,2.8563628482080103,2.221850852053955,1.4686680689555238,2.1807832149798307,-0.0981097262088073,-0.2610019286763876,0.8491592176369391,1.101769139292092,0.5518959072735421,2.1605283911195547,2.089199442306541,0.39798596073589254,0.1509153158234779,1.8557863722366315,1.4554359305739966,2.0924261564079973,2.606758388253346,0.34617140594474627,2.0809630084202255,2.4759549555472486,2.586595425941792,0.155703231744822,1.032312309907081,1.6528703060016294,1.5885314349409698,1.0260433031107818,1.3797582936529869,1.026964173269882,0.5680544953273718,0.04235301062676139,0.19133235682723648,-0.009797662989703804,3.3555953869364723,2.543932201077514,3.134457815530733,2.984498805410558,2.3510078755018746,2.690897582303602,2.8633063001425576,1.2985487849225317,-0.5687833537426167,1.657393580238973,2.1190631788212757,2.6643549013618237,2.43280266885572,2.4826382601862385,2.4079877674259675,2.379804396219542,2.0930674615013887,1.4799508500459568,2.4638601814986822,2.5406496656257143,2.0184268586855514,1.8950029420257817,2.278625777644682,1.6618056675020476,0.4352719384616084,1.2818563768712532,2.157020292131729,-0.3399910830801832,0.546004696196724,0.5282580294767116,0.16632842669031278,0.7634148442010463,2.2095901210044175,1.5784788678358717,1.7015277298519962,0.6126532031209817,0.740734977985824,2.3847473942735324,1.4124863576161744,2.036698060376925,-0.2248758409959271,2.5916779940926213,1.1769183939375254,0.9111503267116575,1.6257192762130703,1.3787966999088712,1.03391749048641,-0.6007535051957482,0.342389870685746
0.10423450537115878,3.0657215998570964,2.0,2.0293389493956884,2.9822708674620237,3.1576958751229776,2.1891552113143717,2.7100609019750017,3.2717433456994014,0.9170907822916563,-0.5521154363133924,0.7774453194873644,1.9450386015833165,2.4062604939927272,2.6018270737399836,1.9194762117511124,1.0334061125344063,2.5412751233460233,2.13357936607798,2.9833547827869835,2.343646411804965,0.8115944297347606,2.0028570305664974,-0.2908814661321832,-0.6447465845486919,0.3039791368837472,0.890124690444718,0.5712152723646066,2.66752558320726,1.7198879713171384,0.2384337550649236,0.5558239044734776,1.1651287059863393,1.4268913443128486,1.4822798627667062,2.8250829462935414,0.7384256975058257,1.7698159972173277,1.9686242669495946,1.941641435469241,0.36486512902110446,0.9881855610672622,1.362624675697636,1.0166674188202305,1.4926944665744515,1.1455344641441827,0.6956897619811617,0.513404187897366,1.0448754166174936,0.8383088441575582,0.41728636808578035,3.3045565831757857,1.9760904544601323,2.0850164777253912,3.289465373648822,2.909915030681692,2.4369885896563233,3.1804422683660016,0.3034021299251372,-1.2860907451028034,0.9964603744618299,2.0377025801962723,2.4322493903140368,2.1905264242604257,2.1720075163795576,2.400824017809717,1.841253542860877,1.8873141383020866,1.679725692881735,2.4591537926520326,2.670620213464643,1.4119074535460596,1.6714763695360908,1.5033685164972173,1.2092449583031555,-0.1365185893184471,1.8294367543850165,1.990099128310459,-0.008415250434587102,1.0271818863519486,0.47280821964594755,0.3745426338803839,0.8668310656791234,1.663440394843052,1.637313324391558,1.0224869855289245,0.8971125532145232,0.7634639807783,2.7741171373416074,0.8715730417227142,2.1455874477152745,0.13314221809308932,2.0229232187461896,1.662478273680518,0.6185055182438318,1.728657679426786,1.1265566006812557,0.995884211638904,0.1666671827905956,0.7961079329261873
-1.4291174365832708,3.0664568841987228,2.0293389493956884,2.0000000000000004,2.646124154034059,2.178140257374697,3.009334969314075,3.1377769339653994,2.768227473222826,1.9164703332938273,0.28853236765909596,1.108227827326406,2.5134455858458864,2.7523312862660108,2.728329654568687,2.9978491075547398,1.439383635366449,2.3465916201174712,2.118828755296967,2.776358733574155,2.2026249263422315,2.059693243038109,2.422547250069829,-0.020539965971474897,-0.7821190823353315,0.9965731038371736,1.4278688078979829,1.0464750612652813,2.236738277012681,2.6489154686141285,-0.3104637920447596,-0.27466750683074126,2.1979306605986073,1.6641799309472574,2.4861824923580222,2.305557792272601,0.39803306628189583,2.3567949491271505,2.793083359582262,3.0876652547403447,0.6288958431155063,0.6256419958183789,1.438270009945366,1.7996774502552308,0.5910762625865615,1.7156844916918748,1.2943752346875528,0.521144493973397,-0.3078183655479228,0.2978011597253778,-0.29857421166318465,2.586197406906433,2.8416280308187654,3.597689793238681,2.5943240791119813,2.020131534945148,2.979742087274184,2.7118227382352735,1.6318116904880258,-0.5348188061534969,1.7599331811596581,2.319514828389,3.0049029970418624,2.8085423189557073,2.7008352918965075,2.7762626541294986,2.9654436725200193,2.1485908019262028,1.3940858379195042,2.361521959160318,2.414408433111786,2.4122720801817636,1.9351638911599327,2.9804145727950933,1.6688803293042311,-0.043719714226656214,1.363261797603925,2.327139804297643,-1.0388513461861952,0.2590862636191464,0.3952305907162445,0.46346146495338814,0.35784806124255447,2.5145781129330174,1.6988209205639242,2.221975111998446,0.7066388910085444,1.32171237594635,2.023574979316987,2.097372806652076,2.1614511118883453,-0.025222683287415393,2.872594905018959,1.3847895604124585,0.891237660835742,1.6841950580548204,1.7626511835444738,1.0145946490963356,-0.726868424620995,0.1393833784299128
-0.9000651454281041,2.9390150522016154,2.9822708674620237,2.646124154034059,1.9999999999999996,2.9756510369904525,2.3447641064975127,2.8144254557948805,3.335106245878531,0.35370221468502655,-1.1340568939652678,-0.14838582946510098,1.745228270494108,2.2350965505391063,2.6055027941167896,2.3175928100349568,0.9310641741554644,2.5620805467881076,1.829226526180946,2.9994083983672883,2.1935161876205083,1.8681690339781123,2.312010276680092,-0.8605493598559174,-1.2482078215059396,-0.004368855685610205,1.869487556338291,1.5490761364432557,2.6389488152309766,2.4081835644271283,-1.13332280976326,-0.4877797427844913,1.9585060125395453,1.8095511302749956,2.4651449537385233,2.6344516142745946,1.3333501167609128,1.5447243224929719,2.7631184948668093,2.365474270709224,1.116265198079029,0.9454425759606522,1.8096383565848415,1.1172496272975865,1.5606773970367946,2.2071404456423425,1.9746893910350005,1.3533969927959402,0.32625164551023506,1.0864463861830052,-0.4122096500806284,2.6728919137077445,2.205192753828453,2.5709517043267494,3.29456976177401,2.288760804767808,2.4473108586144465,3.209206825623629,-0.026464253284515613,-1.9653615555864914,0.2165206645745792,1.7295239401269982,2.5944280238648867,2.0900341068958066,2.123227948128264,2.4553725144761303,2.4568562716764886,1.4658156342085011,1.4336180414455937,2.4010846086625115,2.6007598926976088,1.9783883081435303,1.6380696592599098,1.4904980403874206,0.7410562996642576,-0.8347671673615791,2.2221513681831766,2.56670828581668,-0.7486881984351725,0.16823959177761924,0.730429590459796,1.2848336024848008,0.3116028787328394,2.3380958519357304,2.2850090663065714,2.028068907562072,1.5471900222617714,1.9708137746928762,2.675681882848786,1.7050756857905074,2.247078198564064,-0.1003807295858716,2.1401627222081028,1.8634700619490676,0.8134244398216046,2.3768108743088865,2.206420719775144,1.6909553500637546,-0.6783435452728539,1.0595525105239554
-0.5628677390593149,2.7714618807847975,3.1576958751229776,2.178140257374697,2.9756510369904525,2.0000000000000004,1.7930652704200591,2.3174411282050054,3.3442362022559453,1.6760997181737487,0.2603011648596945,1.28908538272425,1.2852262905131355,1.7619673238152835,2.2917440329460463,1.5166644215940501,0.3404567334633462,2.103515859141397,1.3022531546597194,2.8647032180409417,1.8176568250253482,1.4195563074647224,1.6666752825841855,-0.1870686974210895,-0.3777283701918887,1.0305615962982237,1.50243283620383,0.544760998374963,2.7076656067299485,1.2970251369973913,-0.04502259279966449,0.7086365325843512,1.114586098407994,1.2453151651538688,1.9692361804549228,2.726716016539725,0.8666373924363909,1.2236795237271634,1.9560604299687172,2.1958496262211438,0.7412346641708755,0.5079216929326398,1.7013418503203241,1.6574212944188993,1.651913415637952,1.5746245661153742,1.1087994583605987,1.0160537611007425,1.932725003023839,1.2388539151299502,-0.3058077547679794,2.299741826630541,1.5358010439139593,1.9937106387043928,3.554648503579555,3.4112065493196013,1.8620995295635838,2.987879478865367,0.4020578614419932,-0.7332408155662011,1.333815661528303,1.1122024564968251,1.878277128158207,1.4626665845113855,1.5180297567242707,1.8988728270221364,1.9803029881486633,0.8519367522412403,0.9633182389188055,1.8317597548380817,2.5605584799620367,1.450150156339446,1.2842573306206069,1.6746063360964167,0.8185440463641805,0.47598834525143546,1.2963149830398373,1.516317647763103,-0.6606856716222897,0.3746804280134301,0.4835457136226098,0.5691856671193325,1.327205580126342,2.0950800212553284,1.9668211444305723,1.2155164954815356,1.2531451133152838,1.0229401570035785,2.8020742439416537,1.2471722073643985,1.4971875184912378,-0.8409185106093514,1.392845612752526,0.7074881464328586,0.7854561484087845,1.9653937681601068,1.3876101617965135,1.4153532076307829,0.9078285664445682,1.468791589311273
-1.1751095267457652,2.6332451204289575,2.1891552113143717,3.009334969314075,2.3447641064975127,1.7930652704200591,1.9999999999999996,3.5520815623124173,2.727299525957007,1.3984001508983557,-0.1952731507876933,0.8314061561612859,2.550768071515061,3.052670825865796,2.8628260987927594,3.4168446517554534,2.1725133573874436,3.0495249862058644,2.7312301283286837,3.1580672501639544,3.0180216877720785,1.8107063971495687,3.0279845911524492,0.9419843617382978,-1.488084438473078,0.6460556630513221,1.462175533870396,1.0739334865171482,2.493368484823966,2.843545661099309,-0.25136632676298987,-0.06529333234924731,2.1176888953153714,2.2299199933859386,2.390305282574345,2.5801812190851727,0.47658483276530567,2.3002706393216465,2.2589982157567876,3.2958199974449656,1.114281320271031,0.022235033760588517,0.9855820427633055,1.7512321602778491,0.41080463814016716,1.6264662242170502,1.0263142430952403,0.4037710124034488,-0.0859847174351248,0.7917537614309622,-0.20075755333234976,2.6814504015815386,3.416577455889793,2.961484462058759,2.4293828024928668,1.921691375594262,3.456215847481934,2.933707409718045,1.5034543482708151,-0.609746525158654,1.3502755040810386,2.464043854918668,3.105524618320106,3.133788433461703,2.994560374077228,3.0876081483590267,3.401189968786573,2.6894204312158716,2.3659770751070144,3.0761970452440597,2.97224374770198,2.6156199597333956,2.6672838779660974,2.836589160592827,2.2292523170999474,-0.6252982278120598,1.9387909015373077,2.6615406832669306,-0.6407445976215029,0.8899223123971515,1.1881965493379947,0.7605919179462833,0.3619736488295905,2.516545186531597,1.9539786403281738,2.160454355308114,0.6501956556235079,1.1667571958106318,2.508270062414091,2.4977198298524708,1.9316568412625776,-0.007157875307250011,3.040979620158878,1.807601728588218,0.8604264939782769,1.9521020316284123,1.859265047120984,1.0944646027661982,-0.5876513650597822,0.46597588871526774
-1.2088543402868908,2.9227215493338514,2.7100609019750017,3.1377769339653994,2.8144254557948805,2.3174411282050054,3.5520815623124173,1.9999999999999996,3.180344037642028,1.327384470737602,-0.2151645365507706,0.8610049406386906,2.9724750078512883,3.4188205818018114,3.2019824545091735,3.3502404793889333,2.3142813639990836,3.479371993040715,2.987906113747325,3.5475952857397077,3.3218840271204693,2.171992287810002,3.346763792159806,0.7290428369657452,-1.7920297872332596,0.5587602694478752,1.838385625743776,1.4323952482015008,2.9212645813619496,3.1572060881473942,-0.3757976791025835,-0.3116916003574821,2.2286735205619967,2.5681571837447574,2.7333876079504487,3.0343582213176044,0.8938584478131243,2.1135612671748865,2.411787405708745,3.112550102654385,1.245878160127398,0.10903609111850422,1.2311638659180892,1.6663032596230754,0.7201993568294918,1.8535575497392096,1.3092018855317757,0.7065034420636249,0.3764768164612259,1.1171405950761661,-0.589726364285753,2.9811036743080934,3.417877260443979,3.1672591154592746,3.087335312822577,2.508891636555529,3.752773816294506,3.482120561171627,1.367848545754861,-0.7612069777108244,1.2964265067424376,2.906829301425719,3.429388724603285,3.301783389383477,3.221416171332616,3.325688155004303,3.22664538163464,2.922498295047621,2.577476365751866,3.4324174143028046,3.1957773679188195,3.0130815826252073,2.8933567717222406,2.7031082729371083,2.302322116581259,-0.8810530635744832,2.1120028304630427,2.9186434193247006,-0.912961136442716,0.6168315093843383,1.159168562856229,0.8410720320700498,0.3853051630383522,2.692521472953693,2.3243153512241967,2.255653470657625,1.0862608020167572,1.560323252866473,2.938440370152012,2.3834408552980375,2.1492366428773337,-0.3566354032605902,2.874386462913925,1.867202212497801,0.5196336744153204,2.2880241289075185,1.9514282790937976,1.409980921624788,-0.2568222164876311,0.7558366601042235
-0.842490861241489,3.2586771756764468,3.2717433456994014,2.768227473222826,3.335106245878531,3.3442362022559453,2.727299525957007,3.180344037642028,2.0,1.5868114093375527,-0.2123526677120355,1.0372671669334559,2.0298189327314367,2.656638772138251,2.8230937047579108,2.2904326250053715,0.9422036378464291,2.79637231680443,2.171443571760957,3.3029821840652875,2.564681895804396,1.6529278523112723,2.494222217009321,-0.21287805187526138,-0.6752146593341729,0.7833231015264746,1.5581041350986085,0.7105228084355717,2.800656555450902,2.2539274502976183,-0.1393997366311449,0.1795358810158582,1.8329276822764595,1.7303716518372017,2.3020989582418685,2.9931555279361026,0.8410409912272114,1.7029928143363406,2.4359922665540132,2.6428344382021107,0.7084885260342324,0.5494948938820181,1.71472146987858,1.7403574406256284,1.3484317603553801,1.7404798383217843,1.3002952678750197,0.9759982646187219,0.8530244143383195,1.007183606445922,-0.11759469422680544,2.9126460623369974,2.4086839507030557,2.7810116859999465,3.568267557095543,3.0732415151909005,2.6794439575350752,3.481814882615383,0.9112944317745443,-1.2136242740914749,1.2999139416108911,1.8857615417541007,2.785503164788199,2.417541159306713,2.424505883874323,2.6569291604133944,2.6015872308509507,1.801733812946544,1.6028184100845793,2.6368322021319064,2.9216095426036524,2.0252715289358134,2.024497339262207,2.133720373126823,1.3349151960923162,0.1474270018632886,1.6753678654573685,2.344104546244109,-0.760737911088373,0.40770163773565005,0.7074114863570596,0.6469013882320727,0.850107220405695,2.3357967426603583,2.111133998509951,1.7204580211589655,1.1984795766268836,1.0834462766200494,2.9804913401199333,1.6441129850200114,2.130617868272922,-0.45889444337370733,2.377856324701826,1.2399422892883243,0.766966843230438,2.2056315718254895,1.6775554746173873,1.4096205208844845,-0.1567713252478785,1.1257339951536636
-1.1621053782221544,1.9337214347938154,0.9170907822916563,1.9164703332938273,0.35370221468502655,1.6760997181737487,1.3984001508983557,1.327384470737602,1.5868114093375527,1.9999999999999996,2.229544675804898,3.176678143624615,1.047696191399718,1.2826980005034816,0.9568824980059,1.162219099582184,0.0941958228935601,0.8724678785705879,0.8367598128874102,1.2096075200315104,0.7983144705409287,0.7217620676876632,0.7939272140117185,1.1341979064667234,1.462238393410961,2.514818251516944,0.24626615606028848,-0.9288781392667266,0.6933794732215522,0.4438310459965432,1.348160453142346,0.7667010811906413,1.0826844897179417,0.21195243700198557,1.0736927732194774,0.9899701898244084,-0.9624076165763951,1.1247118817251391,0.8772166187340916,1.9246534468070524,-0.6993482230896557,0.678175426314289,1.3368870740231555,2.4448271475672483,0.6158031069828812,0.08933145291669953,-0.2808068397219416,-0.174661760787203,0.5495365334688483,-0.4738197768692902,-0.009201098492397298,1.3906349605076336,1.3366311154423969,2.1026081828198113,1.3753700956314279,1.928805770062485,1.228424887253014,0.9430121721153573,2.7883318364168987,1.5782509365751074,3.102821355455767,0.6620288732711261,1.1133794440673581,1.206003249576466,1.044339339496854,0.9266270180491641,1.4852618102847692,0.901918045767162,0.3520724145569054,0.8646411738189546,1.3083405616783534,1.020255089976604,1.0933123669964613,2.605675852118695,1.6244877983413946,2.564582473072048,-0.8132702789558879,0.2915747061923488,-0.7155640889444937,0.053389465952483436,0.07542137527783391,-0.9063701125934027,1.4844127570655168,1.566584118137238,0.49828718078266276,0.6602532271334546,-0.4624648463719104,-0.47249518832485043,0.9175165240378791,1.0572313887979796,0.6353614431983463,-0.7678160376196287,1.5023864992885658,-0.8504943079694978,0.8753821634968859,0.6927399493918187,-0.003676471500893258,0.1652601723675196,0.46324666941119896,0.020897548720483106
-0.5719663647393695,0.092214386009249,-0.5521154363133924,0.28853236765909596,-1.1340568939652678,0.2603011648596945,-0.1952731507876933,-0.2151645365507706,-0.2123526677120355,2.229544675804898,2.0,2.4213564473522347,0.2500294300315209,-0.05457642148476459,-0.43093930433661565,-0.4069264165196223,-0.19823242901105181,-0.4719233812933782,-0.3710072771521034,-0.45601442816789983,-0.567138794543834,0.18327483468083483,-0.7001952386471549,1.4875142751113584,1.3093450453611237,2.0772224594884623,-0.8820687655673514,-0.957882911663746,-0.5656443163074644,-0.8810304043200674,0.7986191748223318,0.36327656477979864,-0.4601927824127015,-0.8787877187624868,-0.29387012121923106,-0.2738246725835251,-1.004927809782275,-0.10116484487353519,-0.6994740049055591,0.46031664814585893,-0.8482904379302039,0.1990501755499323,0.3845740744913331,1.0164300086934783,-0.05970049946896541,-0.9437052779595372,-0.9871423824634145,-0.8256650230625804,0.3570094080249182,-0.6939274814833233,0.2596353262920327,-0.17522653937480392,-0.0909580290210063,0.49148700171502124,-0.14684891440381703,0.5055614526810132,0.060315788921065705,-0.468167770666145,2.3651118230803916,3.030427842313032,2.1352997889731187,-0.10625255708231209,-0.4495021865725477,-0.2059732516634668,-0.0509760027832525,-0.4655787084450133,-0.04713497526309138,-0.08395092491562031,-0.7210666750632104,-0.4391688828935222,-0.4426535491017509,6.742221814740046e-05,-0.47974025512069374,1.4885226210382299,0.8750126998710982,1.9929101382637033,-1.6422528566582588,-1.1102922268176543,-0.4310497945430504,-0.2199823695840899,-0.7097422666564721,-1.2851436825688276,0.29843000021000743,0.10022943441609428,-0.8347993432285212,-0.6605130191003061,-0.9185883113247841,-0.6952395334899256,-0.523923544698448,-0.3609329962249118,-0.24867528347277018,-0.3285659381666352,0.25352435204089374,-1.784291205324118,-0.1939918243903411,-0.6050109012964193,-0.9330347576058028,-0.8007623787756908,0.41296418028682663,-0.3683452327054016
-1.0331218692288082,1.3070035221346687,0.7774453194873644,1.108227827326406,-0.14838582946510098,1.28908538272425,0.8314061561612859,0.8610049406386906,1.0372671669334559,3.176678143624615,2.4213564473522347,1.9999999999999996,1.1657505500928356,1.157509471788542,0.5227923058350538,0.4808921639784479,0.5602778832085553,0.536497890823351,0.8660713599694214,0.6913955561068282,0.6790765589698505,0.4215337032400125,0.49874446725911786,1.541480931739828,1.4423165696774543,2.8859846354565835,-0.569938701772702,-1.1776587635201332,0.182345542018424,0.21537363858772474,1.5901922263308457,0.3114160011183314,0.35206879058692,-0.2889646557800317,0.3027469117724398,0.41624243710758113,-1.2905138652612353,0.3662039986212199,-0.06454523792768131,1.2426781092662744,-1.2136821718373039,0.5456830029971702,0.7863723545353879,1.8232255317563395,0.3475166575252032,-0.7431796324727902,-1.0588190835280116,-0.7394091634387661,0.4801136149780184,-0.8572390038881015,0.0961793033272822,1.0708177884042724,0.91143795211967,1.5006355051157045,1.0253282400150385,1.7924265553297,0.972328883549826,0.5530471579580665,2.8317261563866025,1.9163497976577974,3.1722287835477774,0.8286948531207134,0.7751145611180135,1.0173552470727047,1.0486407730340472,0.5510563360948534,0.7764048826238102,1.0383199883900558,0.3769815912041953,0.6097920841125828,0.7718210800186849,0.7786325180320125,0.8193659313460252,2.1851445889199885,1.848577566097578,2.627215732983926,-1.1755041238111437,0.03627687858281181,-0.7651103622842138,-0.016227183374698015,-0.0363714179133174,-1.626661355023263,0.9769449230724266,0.8441044353722089,-0.21886720303247137,-0.2014387779967029,-1.0574056312552567,-0.9314302465638216,0.37344511107357453,0.0960117687988557,0.511272615631102,-0.5458961040968439,1.051640594065161,-1.2813576865992484,-0.0035918425988702984,0.20526043793743998,-0.7719869432039278,-0.5417957207362661,0.4318158622650173,-0.5211274680698332
-0.7478301813747772,2.2265970665263963,1.9450386015833165,2.5134455858458864,1.745228270494108,1.2852262905131355,2.550768071515061,2.9724750078512883,2.0298189327314367,1.047696191399718,0.2500294300315209,1.1657505500928356,2.0,3.164995952625282,2.529077865452357,2.592978239167631,2.7640907698880954,2.6038424022197906,2.9780908468427008,2.4163923376174585,2.664116219457416,1.4709625617244322,2.498562189464193,0.8676030444230443,-1.2531889741040367,0.6438621577755625,0.8367204765493577,0.9307691682595696,1.9219819422860525,2.4549225858241135,0.09012318875663508,-0.6552353776695043,1.648128027595193,1.9717137977041606,1.7237434960342641,2.1858470936821,0.45797259445677185,1.8264062466360147,1.7612075581006905,1.8584031755237427,0.2714598025982187,-0.1147827747587659,0.048112027744426904,1.1314148576789467,-0.35058856046527176,0.7849823433546141,0.3139007815934714,-0.08865838989874142,-0.2026781084829079,0.46285875553893363,-0.18305329131117232,2.4559357940283704,2.922277899696046,2.546199605385365,2.040375261925446,1.7256740160212427,3.0176395703131766,2.583669544143861,1.7203347846111208,-0.1451007493377977,1.441980169475562,3.764199641159797,2.9008164132384033,3.1399082952772126,3.1171603197223563,2.8608137651234475,2.00166273470973,3.30900253312137,2.411859389030364,2.812162886035269,2.170950773180273,2.4192378789518925,2.289653563290222,2.178266266430916,2.7998811278063336,-0.5951036558631029,1.1267479446783546,2.083342001154393,-0.6223908798331572,0.4630676449029592,0.986440434108762,0.0854975599165749,-0.651662972555973,1.7223615374778547,1.1785949918804897,1.1714868139475874,0.3613578855682674,0.9282081765167063,1.908427306743464,1.1280777712703796,1.8980131268611253,0.3014249038372752,2.5241401870193148,1.5600041083200165,-0.5801316106854505,1.434027376859653,0.8829965317372463,0.5850429290529716,-0.48864428145369876,0.027222278453213483
-0.8781104457034058,2.536989212876704,2.4062604939927272,2.7523312862660108,2.2350965505391063,1.7619673238152835,3.052670825865796,3.4188205818018114,2.6566387721382507,1.2826980005034816,-0.05457642148476459,1.157509471788542,3.164995952625282,2.0,3.338149697590798,2.8434876052781752,2.5004568519840453,3.130954198481325,3.476571697081628,2.950235996442701,3.3166842067903106,1.5894367280851975,3.196163568173319,0.785056036136188,-1.5780803305696827,0.6546625735457849,1.2368397046628061,0.9637399992032858,2.610371912808381,3.044168945194216,-0.022140766570770798,-0.1376682396660443,1.9715559443732384,2.2729016285841412,2.109810987366985,2.4293034491325316,0.5221853318031067,2.1281363556833814,2.141729928132161,2.4548714701715637,0.5256317905219254,0.3187518899543494,1.0277105892197642,1.449853403296613,0.6283701142486285,1.2214445167299688,0.6102121684260995,0.0414577411217804,-0.1148319955166484,0.5871766012750261,-0.1521033114075097,2.823914942093152,3.092626778553174,2.8198707263118927,2.616485943052184,2.216226650620891,3.426073717094307,3.0896509482184724,1.6086894677884969,-0.5864250162040556,1.5718149887776858,3.196453375893408,3.4934484843290114,3.636458890319809,3.4939221257557893,3.515642971903673,2.543163539102326,3.3475578363461533,2.7817097916928493,3.259121504838782,2.8453829187836637,2.7359170407216573,2.9757244927776343,2.489163584288501,2.661563577658695,-0.6104598635874402,1.7960488476604959,2.8000680021502364,-0.8122913870294198,0.7658785156724125,0.955435848711897,0.2393713855407227,0.38814556845446857,2.253071933387204,1.7787994086855141,1.5890727046393789,0.5861386072867839,0.9587464365017241,2.2833693333803495,1.6667360645361478,2.3318585387754878,-0.0483207975519743,2.7709932586467105,1.747504577176748,0.3211544110053244,1.8233727415945826,1.24691598848313,0.7884630632348915,-0.5784836913601842,0.11562146881339302
-0.4316107643479912,2.4356602314211937,2.6018270737399836,2.728329654568687,2.6055027941167896,2.2917440329460463,2.8628260987927594,3.2019824545091735,2.8230937047579108,0.9568824980059,-0.43093930433661565,0.5227923058350538,2.529077865452357,3.338149697590798,1.9999999999999996,2.6734235655870715,1.7655584752170266,2.7343936021669983,2.7718140574378127,3.0025093839461494,2.953909292440726,1.460364137009989,2.7072865471904644,0.122648107649528,-1.7690366609617905,0.15357760890899808,1.5365648889681411,1.1093948227966006,3.3679571313414085,2.6532243135821707,-0.3194884244919806,0.7548994933338637,1.7532356393485489,2.101813825957388,2.1628088381957293,2.662119833431693,1.052573544929143,2.5830224588867994,2.755264730203902,2.687096837946044,1.2633487504160792,0.3723723150469817,1.462565210407432,1.3428985001307132,1.2380363175028681,1.9499610797159497,1.2295500326681041,0.4696386744018667,0.6932874880524352,1.2496703153585045,-0.0012839605074752847,2.6682360913821195,2.6114891504599016,2.44878447725212,2.9481797966980707,2.574840489243956,3.0276661550223594,3.2515024320502737,0.6248749918794421,-1.1469533568712909,0.9485907609649805,2.5987611401274315,3.4177501810578437,3.2560337840472124,2.9622886575882337,3.723905541240575,2.6822636639821145,2.567641752406262,2.3164998689106993,2.7524039481194538,3.12567088749609,2.3337768010267976,2.37397303210152,2.389996454372371,1.7976362571179556,-1.058272955175553,2.391047787227668,2.57685826566771,-0.41414271579806083,1.4369971215858475,0.6573381811032106,0.9753739773347117,1.082113085456884,2.227528411634036,2.085912174957808,1.681310698791282,1.159887598539474,1.2245171654928828,2.5090331952479135,1.8191151580943035,2.6530420987784695,0.03151680222456499,2.7077200170524853,2.1931106794664696,0.9927837841494611,2.0938652367379085,1.9200442826640238,1.2068617088422935,-0.003494700551560481,0.846764356251078
-1.128644462155088,2.5689270517327065,1.9194762117511124,2.9978491075547398,2.3175928100349568,1.5166644215940501,3.4168446517554534,3.3502404793889333,2.2904326250053715,1.162219099582184,-0.4069264165196223,0.48089216397844803,2.592978239167631,2.8434876052781752,2.6734235655870715,2.0,2.285632617342728,2.9588424526001376,2.652144259896282,3.104865048867799,2.875404906320849,2.1400878270708406,2.9921993551129007,0.9136369081314467,-1.611617627802562,0.4972727940676737,1.7144265424471543,1.7114465219876902,2.45718624089361,2.9312271781925556,-0.3201742445715927,-0.18059821782017904,2.5391756094243987,2.5865956379955977,2.628677947346649,2.5910317529071696,1.2071249732756817,2.3333077228939136,2.4475518412636994,3.03714617047582,1.463557059078441,0.07947504101023994,0.7915624211294623,1.5995733930835585,0.1410082925251787,1.9510969496809176,1.449772092028224,0.8970065109318641,0.062276678494822546,1.1334436224645552,-0.39010669969441747,2.5522398594511255,3.6106320632034046,3.0342748222796683,2.232680500588425,1.6512777759840072,3.1517097697535803,2.6818338010490637,1.4315338353246212,-0.7304787057444323,1.0295074953131875,2.602454218025571,3.000656969351912,3.0339185430437032,2.796006113736792,3.000988125848725,3.2775298824881123,2.776269100936264,2.5263049971916485,2.9532561359454665,2.8815915351871757,2.8643902769976415,2.6877268781142907,2.3840770304003684,2.2673950733346295,-0.8672627065165803,2.1161034175433513,2.765306424497625,-0.49233736424677027,0.8776837731496693,1.477071933949453,1.3787770877333783,0.24619870312050057,2.6711199347869847,2.0963746769677756,2.4818991725859005,1.3040212930374433,1.7062772161076238,2.5592453471035945,2.699624595176209,1.7301143970299775,0.15934856148415114,2.902232307042774,2.1614793784376127,0.777104123501349,1.9732259938182346,2.064202921336511,1.62247570417584,-0.1761806948887013,0.7415441154150716
-0.9956478145533003,1.0282243721941515,1.0334061125344063,1.439383635366449,0.9310641741554644,0.3404567334633462,2.1725133573874436,2.3142813639990836,0.9422036378464291,0.0941958228935601,-0.19823242901105181,0.5602778832085553,2.7640907698880954,2.5004568519840453,1.7655584752170266,2.285632617342728,2.0,2.489194696684068,2.9766815814375214,1.8149094725756365,2.60159364297186,1.818677467830787,2.4559960553001425,1.9168916082031573,-1.960709490177039,0.4738410690265472,0.9243777581711314,1.6971221670992547,1.362814169566821,2.3015745654902426,-0.6833804502372236,-0.9947496016224893,1.3812190416460566,2.4301890833430457,1.3935609954041286,1.5634505725995669,1.1404643517668398,0.6591940436231041,0.6850293040166842,0.9172954909485678,0.7753349325600395,-0.3923766657533719,-0.5306930355424522,0.5724525186194342,-0.5118351904715418,0.5618379983991695,0.1636439811896669,-0.1363809463278024,-0.3605611584112618,0.6537934615057455,-0.5428574314319672,1.2917023930461677,2.599517603721634,1.529832880964922,1.1967616522929125,0.8772341911740746,2.3579062678375924,1.7769277968363053,1.028030619318728,-0.3771421084621809,0.6560618291460284,2.7822463126809156,1.9247368251787078,2.4969749815548266,2.383393990990212,2.1878035146914026,1.316247107469216,3.1853625635603513,3.1291289073356867,2.5928187843903863,1.7872191410223408,2.288869092935762,2.642650624969461,0.9853151770080597,3.17699560307181,-1.2261871924451517,1.5679802769138749,2.182848261352647,-0.9537111240577802,-0.0658652811364074,2.2833678392221493,0.6244056992564249,-0.9490019876303791,1.4798190091474415,1.3445780895876873,0.8354026557468075,0.7446358672758969,1.1649436279870482,1.5023798309919352,1.3632848898405703,0.9914684892007625,-0.3632778586018165,1.4076171255458192,1.3783366999903015,-1.19801446909552,1.568892356932447,0.730323650580857,0.5039675531575187,-0.3699772155400008,-0.1436566734714519
-1.005739394687492,2.4751729477315427,2.5412751233460233,2.3465916201174712,2.5620805467881076,2.103515859141397,3.0495249862058644,3.479371993040715,2.79637231680443,0.8724678785705879,-0.4719233812933782,0.536497890823351,2.6038424022197906,3.130954198481325,2.7343936021669983,2.9588424526001376,2.489194696684068,2.0000000000000004,3.303212548947316,3.40867761612317,3.4174645407047146,2.309482710769448,3.4689928156486167,0.8621572178497275,-1.8821825137651156,0.48798847393696604,1.9724310232007722,1.52877553701552,2.6378048905175073,2.8407645087013287,-0.6211656199029227,-0.5235131305101894,2.0184525820807138,3.2070178908696163,2.6408135991858983,2.9831221364137765,1.2931788344701145,1.4340288234583447,1.9424774612768787,2.201461545730801,1.1936639540746197,-0.1727843365735984,0.7325255845432138,1.5162444598765572,0.4990758955101792,1.6205683336784937,1.1849538423302546,0.936031981734585,0.49997028765742463,1.3005536895482512,-0.844013866473458,2.5669502954166514,3.1963663527688326,2.4310814726822034,2.8719185422958153,2.2973068713628617,3.3178540072614644,3.193418906212255,0.9290993775186588,-0.9637576315517431,0.758987942739263,2.6634906191158967,2.852117687791311,2.8913275468399435,2.8782197711156057,2.974854520745103,2.4946487926774514,2.941251783820875,3.241840907633694,3.7317594612638416,3.037505854572199,2.891046242385583,3.2859741419106068,1.639756582005349,2.4895037369863595,-0.8758684250362919,2.0773752691963607,2.8125752498571996,-1.0783644460471113,0.1112276979038715,1.8777750576070633,1.2812129579607507,0.1672964672446613,2.571698283431101,2.446748713309191,1.8878173404616168,1.3937475067209857,1.590003686967668,3.0050752528048283,2.056639120602237,1.6645193484346983,-0.8559387927423759,2.0685888940535815,1.7930975192425378,-0.03248141226326749,2.4208536956060644,1.5415636510269892,1.695791718257864,-0.06779265665708972,0.8522408674827995
-0.6812540313486551,2.1422840483488717,2.13357936607798,2.118828755296967,1.829226526180946,1.3022531546597194,2.7312301283286837,2.987906113747325,2.1714435717609564,0.8367598128874102,-0.3710072771521034,0.8660713599694214,2.9780908468427008,3.4765716970816274,2.7718140574378127,2.652144259896282,2.9766815814375214,3.303212548947316,1.9999999999999996,2.6210822953695003,3.278492777883692,1.5355551178622728,3.034980760424208,1.0124213236372017,-1.4989151511803813,0.5160883538148278,1.053870774485305,1.0018138026323686,2.070895960416374,2.6471758531750664,-0.1831125183391082,-0.2333975049958228,1.7077249753290256,2.6209553951618942,1.7469063836006764,2.175686465290581,0.755211525108259,1.773322339090669,1.7023760767969849,1.5943064445284483,0.2121159878818933,0.06154603450717121,0.2840109853144478,1.1767550108005136,0.13024324972109652,0.8102923123278636,0.18175874226709687,-0.1587713064439536,-0.3884514846112706,0.46820782945090544,-0.18094291477458402,2.5105806265627155,2.9115186619090343,2.121184339096093,2.1945267067116117,1.7695369795800162,3.053493304832238,2.712806752156657,1.2088407349928003,-0.7551430016285422,1.3206780954533435,3.06408234667029,2.838992886730308,3.3071312008105513,3.1584423779072335,3.1286814754758483,1.799705270806792,3.498211134599227,3.2936131184873507,3.341123319691836,2.5223901924607413,2.473335936341165,3.1548794336751156,1.6169295268078832,3.050429209800739,-0.5860715643833498,1.7157182854018074,2.671324774601782,-0.697714879383091,0.47939067736229246,1.736688542676739,0.3928621395320438,-0.1466778165025982,1.8719674664451034,1.6446442134390211,1.0604026649215792,0.6564465378772519,0.8232862350390406,2.045309127339048,1.295643769501547,1.8323341643412796,-0.1801484660947813,2.061709994411291,1.8255185049004725,-0.3194994859757313,1.6450114095650505,0.8342352007741523,0.6123741945238874,-0.6763132315749194,-0.11682064587103358
-0.8505432326644491,2.8563628482080103,2.9833547827869835,2.776358733574155,2.9994083983672883,2.8647032180409417,3.1580672501639544,3.5475952857397077,3.3029821840652875,1.2096075200315104,-0.45601442816789983,0.6913955561068282,2.4163923376174585,2.950235996442701,3.0025093839461494,3.104865048867799,1.8149094725756365,3.40867761612317,2.6210822953695003,1.9999999999999998,3.273274020052815,2.149144162042746,3.2587674673342764,0.672390548788498,-1.8151027605046126,0.6079101285095073,2.16386272046406,1.654586396200809,3.337731540966497,2.883844677891674,-0.46242814225710827,-0.17601648790436034,2.171222257357899,2.7668360373968035,2.7864118012449786,3.537991039540167,1.5348579493221668,1.7166824139489538,2.3118928396774905,2.797451297152565,1.624339627253554,-0.08338517008981959,1.1030049781895641,1.7818831343050203,0.8582540593535877,2.117227116339315,1.5800551880771407,1.3639583018828794,1.3291475087268858,1.8518091117551467,-0.4746072069965104,2.830757872924748,3.1308076867906802,2.838133884324378,3.4613969967210947,2.9464143910599567,3.1450574028637974,3.5441359701371353,0.9036314995865184,-1.201618304330078,1.0236544612852936,2.4632000530606346,3.0086386825369424,2.7893498101354783,2.893865055055814,3.0359606941627666,3.0542316545859327,2.458685480235708,2.6121203533953437,3.2854057297697024,3.41311163400583,2.6680475906581056,2.749734913246322,2.1062171123889497,1.9852814327772972,-0.7844330237429862,2.4655878150502057,2.8750670731867167,-1.0265086902014156,0.4286343011590648,1.5883187118229132,1.5110724746521664,0.5082893112209984,2.820691725765652,2.75013823651965,2.341957858435066,1.8120718303711094,1.8528581290625996,3.6197237959430018,2.48515933632475,1.7186575669311135,-0.6039824677053323,2.3926435995574282,1.8110635146171852,0.49404404214175285,2.5986282284047495,2.0812874478962233,2.087305564551473,0.6113400242561946,1.5377195845617906
