0,1,2,3,4,5,6,7,8,9,10,11,12,13,14,15,16,17,18,19,20,21,22,23,24,25,26,27,28,29,30,31,32,33,34,35,36,37,38,39,40,41,42,43,44,45,46,47,48,49,50,51,52,53,54,55,56,57,58,59,60,61,62,63,64,65,66,67,68,69,70,71,72,73,74,75,76,77,78,79,80,81,82,83,84,85,86,87,88,89,90,91,92,93,94,95,96,97,98,99
2.0,1.259963528661534,1.5182838409672046,0.2612949354508916,-0.3843523447093423,1.5822719034469217,2.2036700676952057,1.3287643808621346,0.9359786923636098,0.6727953665091171,0.7973305901883296,0.6082713853757818,0.5952093018178859,1.3125301723784177,1.182074665170854,2.612366164067235,0.7737205001218116,1.5875198713228937,0.9689145899164384,0.8285660386827741,1.1521426402973853,0.15760540525517017,1.3620737067983704,-0.03658472462940289,1.4151632005474237,0.516964769756667,0.3616289931962372,0.9766958668633986,0.7549162380104651,0.9128350873900104,0.896859019874768,0.8345756837744518,0.5737278227447163,-0.6023426951050108,0.2941325379615669,0.21406111383876184,0.008832205479395533,0.5501072931573824,0.24318967527846122,0.7015700706727629,0.2021329156952361,1.5873920265200425,0.5482393164602748,0.9286533074832157,0.3054011108545578,0.4242732141145022,-0.2735980929675022,0.7659915934700521,2.0900305050475807,0.5173619565324818,2.4315133176855706,1.6489655323538055,2.5843727971656385,0.654685426869666,0.42516395669567064,1.8795043791573083,1.6800689231731891,0.7727404359192684,0.7784636856291447,0.8783259398426744,0.5465720249685311,0.1788343206060541,0.7747786134057602,1.2686427822957103,1.3236425888329857,1.3661745003006036,2.098582900909229,0.8658987107913412,-1.3786381853543088,1.5796479515459547,1.2940372956828234,0.156035049027011,0.9736588401110249,0.3829142117391049,0.12649392784492453,0.9406523453720517,0.5724986096009479,0.5368594357047636,0.15163417337450058,0.5776058664513487,-1.4329017762193637,-1.2174547117889671,-0.9873432744319461,-0.2173369263731989,-1.8018520594553458,-0.8371708825102855,-0.735566800302704,-0.4991462157391823,-0.5275307086392815,-0.7957853350431878,0.5310112700122225,0.9020552209438595,0.2074317486221113,-0.30908419439836077,0.2968342499451799,0.41671689690863445,0.18685125187122514,-0.7661174735671481,2.595598055519144,0.031771992827186596
1.259963528661534,2.0,3.5337024238265493,2.7167391189513483,2.689472389323668,2.852102743299101,1.0931590779595939,3.577061625299828,3.2571825636325262,0.49230882135382803,0.445648892311027,0.5559416412059229,0.19268213304864762,-0.021296504249059003,0.032140874781238005,1.9600845392489097,-0.5306173831846028,1.7263027923955268,-0.3730791076082408,0.9010572092895243,0.32325665526750136,-0.6794051902298386,0.7255004701419265,0.41651115689586,0.704343626968055,1.6473366566845806,-0.4202344614731085,0.9971500389974255,1.173620531863345,0.9129917068426746,-0.6898631236988718,-0.3762275646613209,0.21826268146069772,-0.3991133786066824,-0.3702996519425325,1.7640865138817952,-0.11448605333789669,-0.1441019458813993,-0.7861450295601974,0.016413614538120014,-0.758611911708071,0.8652946507048631,0.1323144739360922,-0.6300912348657517,-0.31533868302251217,-0.6746222923872581,-0.9833657079837446,-1.4206924312997724,1.055905811292266,-0.50068596187545,0.23784192999249437,3.664652103112475,2.284325954416456,1.2842090213538773,2.9480405780059193,3.118467806771009,3.5056688051862706,3.29010693433085,-0.438246944282261,-0.13232399549498972,0.6566225504784247,-0.3523604414554756,1.184737371063992,-0.8065453492783479,-0.17933837774215966,-0.1509510896587391,0.620737768464343,-2.033766641480063,-0.860478270407565,2.18181195113204,0.6475200416809446,0.6379007179037539,1.029652106573144,0.4298926119172072,-0.6698791969659117,0.911888714058874,1.2295839794489571,1.4083229760708331,-0.5974211104171576,-0.4079468325324406,-0.5133499037383745,-1.3013422160198291,-0.6549562112707235,0.2835550371266022,0.0472979005067587,-0.8536117857370908,-0.4081718741266003,-0.2252360751665788,1.1058687978623416,-0.9481800079285088,-1.0981602423041403,0.046143405351812106,-0.2163456476410761,-0.6749262137879063,0.022465521997668797,-0.4593945750731392,-0.4333299925599285,-1.7706488557156193,1.547769003128567,-0.6619350238034856
1.5182838409672046,3.5337024238265493,2.0,1.7073090376054685,2.1942108584967106,3.146256994977005,1.286579335182298,3.123039295741452,3.1461450559177435,0.7243522616176259,0.9519557869974894,0.8503591104613946,0.7297429275315782,0.5855587013263711,0.42002425049797426,1.916168753226756,0.1214878650540595,1.9457223288878092,0.32978636669632994,0.8616153963670534,0.5564042097846262,-0.6534265285521095,0.8373088711756177,0.3333426610984091,0.3570252639113395,1.2856797968728393,-0.33087584255696667,0.9297766422158312,0.9661222655355961,0.8249032647578007,-0.2763788694881293,-0.4652014992547149,-0.013246276197799195,-0.1694210099600055,-0.4582191364285314,1.7874531036561878,-0.028311163625899166,0.04727267812144653,-0.6408357283122619,0.11396093209033031,-0.597858616542152,0.7158713115124756,0.13747004835812124,-0.0874383636610549,-0.11721237966421846,-0.5582983969677959,-0.6986505080773712,-1.1842485329071488,1.3879680583653093,-0.0342697286974446,0.07551375228380339,3.2860978935239364,2.1956794802284447,0.6778915504400755,2.9699974438935524,3.239995446860553,3.150309722256157,2.8360929757862814,-0.27514647880443655,0.2598714892621307,0.6832023895534367,0.1296445274532546,1.3908883917445372,-0.21717469824477287,0.06246096553915509,0.3241490417554553,0.7409917979873302,-1.4869605051578214,-0.6781101503487201,2.5375880432870894,0.9207592458242649,0.5712216691467078,1.1112077108778404,0.5932851493142441,-0.37235030999106117,0.6670273395163768,1.186046251143275,1.3179085604603986,-0.08506628556481127,-0.675765493246404,-0.7314915954204969,-1.0654724505160422,-0.5406708541925975,0.1125714624497658,-0.31831083603055654,-0.9435810981780539,-0.18724841503547437,-0.0519763267850074,1.25311161985904,-0.9576506309221346,-0.9242240523112155,-0.2463348112138414,0.049679557561410986,-0.37599652903445346,-0.04668440333213031,0.022388816797102973,-0.3936842804108833,-1.462667989293987,1.9990230745690707,-0.21986045555141812
0.2612949354508916,2.7167391189513483,1.7073090376054685,2.0,2.5765782219901174,0.9491991634333539,0.019947388940913177,2.6221564891966738,1.8678333708265795,-0.2697372208436787,-0.7791183202329767,-0.4626498133305423,-1.057105841331406,-1.0790303938214654,-0.8632551838415797,0.8919763005240303,-1.690512243777979,0.2209677011364877,-1.5745576190533408,0.46613663312457276,-0.45747198978116854,-0.7132711444687752,-0.27006916376331147,0.0974021644225524,0.3891351360739559,1.140562092261945,0.21518094235182342,0.23638214955723083,0.6046265010146435,0.24399283349006518,-1.0937717708245827,0.2325048759526029,0.5240142457833842,-0.8072719405151472,-0.047393724933396705,1.1165065821484381,0.014163369298747005,-0.03703885478782692,-0.6543547518072088,-0.3461448829340355,-0.3299343736473705,0.500586466702519,0.19306447563637338,-1.039394094955142,-0.2367685248999642,-0.2354324085458807,-0.6383999109311079,-1.0614456877519458,0.1410739729529002,-0.6223836322548953,0.3309239625345415,2.617200262392492,1.7820435520484215,2.6195949758832113,1.7034844971434753,1.2992223239883987,2.4199523917752965,2.5162354059893293,-0.925632842230681,-1.208146600935303,-0.02060283216227679,-1.3773442658553703,-0.23236640362931207,-1.461518712273223,-0.8707828377971958,-1.026215633051069,0.2665897750743552,-2.3074699473535496,-0.6872119177849451,0.4334144868692883,-0.1737974915436436,0.2542401908917611,-0.0591362939242527,-0.2533082020830439,-0.817465761665161,0.22277647669114528,0.44505292956149206,0.49842475823372134,-1.273717333358285,0.27908594044576696,-0.21464459509796383,-0.5914696607516869,0.0703304398383279,0.26037527910429237,1.078145486896106,0.08493646531960322,-0.40701800718924186,-0.8791298841111826,0.6781298722960032,-0.0570388619606132,-0.4650057631529005,0.360921064406009,-0.4997507262300327,-0.8760420253564085,0.4283024869012933,-0.7145513619354091,0.1259881260792904,-1.3337807985332968,0.13140113012581467,-0.7285163606716545
-0.3843523447093423,2.689472389323668,2.1942108584967106,2.5765782219901174,1.9999999999999996,1.755085949733474,-0.5610275530303789,2.280393584748006,2.576943986669478,-1.1824267135006954,-1.1489201048591524,-1.0998009628079262,-1.449081365988653,-1.5704688715774875,-1.4804658365444747,0.016286470376290295,-1.5014706698536582,0.282077605795702,-1.4759905624301441,0.3589356934150161,-0.9657913431259265,-1.169406780888057,-0.4804066482764144,-0.004780488988419207,-0.9730593892769588,0.6338384196203267,0.2529282001938745,0.1122452662330889,0.38428374009561406,-0.7197401809956592,-0.6622639732826352,-0.5047307570266468,0.3147074373495401,0.223610380390398,-0.3400738229460991,2.1127577135459448,0.7808050609689543,-0.23254093717688024,-0.9718729522307403,-1.172803073775881,-0.14716766306746182,-0.1070588152765875,0.3578570634846554,-0.38057627534597976,0.1220975596205183,-0.19410914754864309,0.006104837323885996,-0.9841422856161341,0.7978323840053883,-0.007829539313545707,-0.570897753162947,2.4573026299168212,0.7893679041494721,1.4069557199156963,3.1958249330329744,1.5826430320700011,1.925896004391363,2.828287185337009,-1.6776722838871316,-1.6207375961538548,-1.1265867156165001,-1.6725037808190033,-0.6626180592226765,-1.8479685852488155,-1.3957591724050333,-1.6108497487078013,-0.19562193666265498,-2.4156937837688104,-0.2265263962342639,0.3845551872269838,-0.3999241532561561,-0.1961285281516716,-0.1011915224866372,-0.6260018351630302,-0.8240632662208766,-0.2467791582136572,0.47535502839893257,0.11984656967499548,-0.2005681967091308,-0.30238442872784427,0.3109530170212244,0.0641943635998947,0.4394621103383727,-0.0451477197934811,1.4868508892424108,0.1703415694843583,0.5606147766942401,-0.2528120186255894,1.7396926390784166,-0.017920769027356093,-0.6979244696960115,-0.7769938978244874,-1.2947787396014325,-0.0722322486487459,0.145808110526266,-0.0541908774599994,-0.01881613776838062,-0.6209004728405431,0.6688846734820483,-0.09241110740757888
1.5822719034469217,2.852102743299101,3.146256994977005,0.9491991634333539,1.755085949733474,2.0,1.8023595209902088,2.35638621161025,3.1516089281141797,1.5117457857806733,1.79809204452151,1.6473922849489446,1.1350535641720376,1.1844118188406445,1.39227397185398,2.0519578534395544,1.2267806240341117,1.8979920235894008,1.1485929802606554,1.3188237203597355,1.4161789314829056,-0.5832997152047888,1.7533856143592361,1.2363552944740481,1.30871521624118,1.4985144713535998,-0.9064939207020837,1.9814430415782647,1.9346299895040795,1.444441030311613,-0.15990788798241154,-0.9040744576452754,-0.4262473088616075,-0.2502314193934081,-0.18343700154979517,1.7261011324607276,0.192746359403609,-0.3744279573279711,-0.8854560844404222,0.584055637047536,-1.0007160577933898,1.7837832797064876,-0.38426305797855836,0.18002357268942454,-0.2717101960651077,-1.0323475182209298,-1.1372102966147606,-1.1534498517586664,1.582835135730475,-0.17154876769635988,-0.41599884258806813,2.3898100234448774,1.5592224330047915,0.08091170909335568,2.7151290870677647,3.464381665991069,2.2684529144416254,2.5329319948428584,0.6188952665898724,1.3487959928579343,1.3713890667279478,0.622674561387758,1.9119177618230991,0.7822048066197811,0.8663172067535978,1.2546814475338284,0.4394043828662769,-0.761306103380697,-0.33032483812668645,2.1312059743504097,1.5200320072838185,1.0856424788773937,1.7427862885439274,1.1712697814154145,0.773665897740655,1.6029122718681457,2.1262659485493254,1.963687802391802,0.16433741982142208,-1.1798963847659585,-0.0667176175945412,-1.2648563963644754,-0.9309602675765487,0.5938638822247362,-0.5954150704467328,-1.4237748405091413,0.1758549315431474,1.0241760520335839,1.2373098826332685,-1.253896451957305,-1.260838298007021,-0.4904161625855522,0.45504209641515786,0.493416856099437,-0.6805890610996566,-0.06203959859613328,-1.0024299980892561,-1.2805848248239657,2.2812903980543124,-0.23548225296008066
2.2036700676952057,1.0931590779595939,1.286579335182298,0.019947388940913177,-0.5610275530303789,1.8023595209902088,1.9999999999999998,1.6557117295094301,1.8875659785747179,2.4747091590731953,2.0658912811739754,2.4707647226448435,1.613877755906294,2.742154252902802,2.843113657025192,2.9986956091967496,2.3492429246108166,2.9001673772215453,2.7141115401044664,2.662481717153676,2.9096726172897993,0.9328125687792523,3.1477967496668926,2.3899133613903585,2.466219040286281,2.350474132997367,-0.756634634334018,2.340732702914856,2.630897425891347,2.1477032063744823,-1.3190047821743835,-0.7333270455012465,-1.066479933574023,0.0807606126957347,1.326884302350161,0.7554291091442606,-1.5993788520175034,-0.8060830304181719,-0.24750393611383603,2.844557577047035,-1.1656765053471585,2.496686415354711,-0.7897700469613587,-1.2143767969760866,-0.792580626293422,-1.563754200347485,-1.4407300986587341,-0.5757555692631627,0.3092153187838417,-1.3205165451628047,0.36805333722032957,0.9336254834682268,1.7885702692198986,-0.2639355322131848,-0.28035448838902444,2.401614668522852,1.5739349101566718,1.480192675727143,2.2867159994664785,2.307765323092317,2.0406537247298324,1.3043202814493693,2.0492177825852163,2.6585422156756335,2.517004538589917,2.7263372416452993,2.451948481311987,1.4649156696165844,0.7567330349560827,2.350592140029878,3.0462816391407026,2.4447757447054483,2.635618725316376,2.578575838236277,1.954176635275502,2.711263961793361,2.5088783714408143,2.4102097716239346,-1.7371077202764718,-1.1760937248151655,0.739220655710292,-1.8765883336419875,-1.80755492696942,1.844944457763408,-0.7049869473808934,-1.8201844761174462,-1.7285511954157733,1.2530753566298944,-0.20721662260462387,-1.0335468879794885,-0.8846183976276656,1.4209769273079011,1.9894750637958294,-0.8749949852317319,-1.1496021425313425,-1.5152819084297668,-1.7672413868152155,-1.3502492304080478,1.3505086076930612,-1.6189517396257704
1.3287643808621346,3.577061625299828,3.123039295741452,2.6221564891966738,2.280393584748006,2.35638621161025,1.6557117295094301,1.9999999999999996,3.088263234346696,0.4508050729001488,0.11672990282156831,0.513237439282128,-0.0547055330006924,0.1525240111721619,0.019527487089183795,2.1095141163915465,-0.6327841144086057,2.0283318266351165,-0.20937818918927217,1.163385155544833,0.4597101370798168,-0.7252138064301921,0.7850196990212511,0.4720247279383258,0.8683075207874421,1.754012312045715,-0.440549204979615,0.6878389943187039,1.1385110024685607,0.5735801750208805,-1.2007135307785402,-0.2684018692800499,-0.1651190776638698,-0.5702639591881378,-0.31595465891776087,1.4934580067936867,-0.8592825201936607,-0.2806323659141285,-0.8356778472019071,0.3534896427316648,-0.9619216557699235,0.8716133441619127,-0.2269759846474062,-1.22645942790489,-0.7426502103790358,-0.939882208793181,-1.2767131431541374,-1.6468723292917895,0.6603933127527893,-0.9725016285095891,0.586919416934149,3.524909049802512,2.575012307278832,1.4240754273482827,2.2969014897122713,2.944018211971215,3.7641590544369867,3.2872724936717796,-0.22978524866242922,-0.2987927067197311,0.599950400509293,-0.5459590532258868,0.8955451545804253,-0.5503404784814254,0.1140501935070933,-0.15053898987649839,1.277811374946958,-1.5166693019757804,-0.7633491394630116,2.3016921456635338,0.9175805632775875,0.828840707967079,0.9955633571430013,0.732897979581777,-0.5311627046162399,1.0666748640198604,1.0986654026616058,1.2916816435714453,-1.3061923002756894,-0.2043462177224319,-0.48446684002186363,-1.5483549818578468,-0.9434171735922771,0.4261042627297465,0.2179065325051961,-1.0189538726157192,-1.065170294382771,-0.528466066536544,0.7759068669723721,-0.9113817533583797,-0.9184863465302952,0.8174872859982846,-0.0500295431924262,-1.303067559267219,-0.1812434548510472,-0.9105895088062905,-0.6647191733815414,-2.0421932790689623,1.2234040512970248,-1.1369382021962897
0.9359786923636098,3.2571825636325262,3.1461450559177435,1.8678333708265795,2.576943986669478,3.1516089281141797,1.8875659785747179,3.088263234346696,2.0,1.1292995885328398,0.8545423409641253,1.1041717974155214,0.3252045431249746,0.6527660878561191,0.8410075116961513,1.8044175195744296,0.2904534050445246,1.9933752990416775,0.6513675951926617,1.7524037135466082,1.18200778462387,-0.5730448240463017,1.460404412491482,1.5324120854623189,1.0053516747021347,2.043193122556672,-0.6417255354292101,1.714128569282007,2.0905270469200334,1.0357673723718648,-1.2038233605561413,-1.042638498940447,-0.4503642658207539,0.19504189433037214,0.22290690946297223,2.490295058124466,-0.03447443952031409,-0.4748777848139565,-0.8338662075968442,1.0164516331964935,-1.1248037041686736,1.6004266034539945,-0.4204883247283442,-0.9381468634479088,-0.4147967515566259,-1.3940020874377386,-1.1504712472428622,-1.7501008552954471,0.7895657468186683,-0.7989743948542484,-0.5981683671048179,2.88954458202837,1.7241329179827942,0.6328513502717599,2.858332941261586,3.3290300499611973,2.849640971304209,3.571039888698806,0.30673370136574707,0.399227195289326,0.9475103672310021,-0.11161931128933189,1.4356035224266332,0.2062732657145835,0.5896957824266461,0.5728933486279524,0.9856040143952285,-1.2792978151002108,0.37284981934269856,2.1274170491900075,1.5801815834812238,1.5830468762859489,1.7030376328010115,1.7141322655485989,0.4277986513370705,1.672668177072715,2.2197403919403005,2.036663643314328,-0.8526889189509259,-1.2100214291590186,0.7052934836182738,-0.9973207230233889,-0.5905800973468562,1.3448247439752359,0.9019818007383698,-1.1143092795649716,-0.013955386879144993,0.80162393451593,1.900410033219175,-0.672984885214873,-1.5722756819365382,0.40199992359293035,0.8062992964484589,0.08901255295408428,-0.5628811737955277,-0.7520459633044676,-1.1110360987142482,-1.527402266651453,1.4563315704381163,-0.8194134179186647
0.6727953665091171,0.49230882135382814,0.7243522616176259,-0.2697372208436787,-1.1824267135006954,1.5117457857806733,2.4747091590731953,0.4508050729001488,1.1292995885328398,1.9999999999999991,3.2982426512332874,3.478377549707953,2.571915494203096,2.950632213033974,3.262792694086791,1.8200057811711225,2.5259533252023525,1.7075653923575258,2.7334283026520048,2.189285428383592,3.173619206099551,0.6545753005993928,2.9393188826821106,2.574469632513073,2.9943729861539508,1.9636941288783265,-1.5756951529413943,2.7082864251354897,2.68674036326935,2.734810094155608,-0.9109238760478482,-1.4021145106228148,-1.50827400991947,-0.41503254007375723,0.3629458663061132,-0.04699814433627103,-1.4479560610621371,-0.9925860872883265,-0.38918085601419117,2.776640926620802,-1.791236856774634,2.2927976928968037,-1.700292794231614,-1.0951620981296617,-1.2669044896240664,-2.027986129191879,-1.9432822277866402,-1.4014147524616356,-1.03572758083979,-1.6217174774370302,-1.3750112089867934,-0.07312513463138609,0.5278184254683125,-0.9416221999006358,-0.7948711915501906,1.8267737652786027,0.4650972976348865,0.7345921160407789,3.2644496263013396,3.2772030237382896,3.3864891384485123,2.431290866480489,2.8385673661103694,2.8597824626289827,2.571470494865421,3.0361465911211227,0.49697883033021706,1.203223008589067,1.4952777471019574,1.807349292176347,2.828044621257147,2.703310583593833,2.8383821286222033,3.1270610324747827,2.57367273661035,2.933930887908829,2.721459246053757,3.0803235730826763,-0.9890020946360567,-1.8956027305035839,1.2904642539773872,-1.4325528267341388,-1.7029798748309526,2.085775536417386,-0.5290246534380183,-1.789401118749259,-1.0224083827578032,2.205603397113358,-0.14051456504856585,-0.9851334561541619,-1.5174083641944534,1.0734567721956854,2.842721879823039,0.315685130139209,-1.5312652005245346,-1.4800243794549233,-1.930228541595419,-0.9879091630023961,-0.05205541260811819,-1.5081461777551213
0.7973305901883296,0.445648892311027,0.9519557869974894,-0.7791183202329767,-1.1489201048591524,1.79809204452151,2.0658912811739754,0.11672990282156831,0.8545423409641253,3.2982426512332874,2.0,3.4541848246793614,3.249944473267536,3.031071312210214,3.2257353004116567,1.5844344058974378,2.7952187992123996,1.399735980415452,2.6942270634755014,1.3476062128394326,2.722050258533967,0.377684941893667,2.571995923415298,1.7583713464091553,2.306679012218396,1.5049602884553002,-1.6071928281972594,2.334649995632649,2.060389491917111,2.7948709585833793,-0.02387639499621702,-1.3356725459443792,-1.1348090779486402,-0.4781109488621489,-0.3736793187624223,-0.3877629729484684,-1.0834668357667825,-0.9001573199610595,-0.36263777527464847,1.972508767401742,-1.3829727821239666,1.6595283173539068,-1.3325669262516124,-0.19322480232194728,-0.8796394787244496,-1.5008799983861008,-1.6517531494028614,-0.9303995699240202,-0.4708386601784362,-0.8290012276602593,-1.145656526095669,-0.26898242646914716,-0.07423631515652579,-1.5556616846834612,-0.36246796036949325,1.8131557134330372,0.2927969236652705,0.3046781679798286,2.6700524997277877,3.5363149195703736,3.1275861819861004,3.092571897336549,3.1230232982263857,2.85138435821676,2.4585955843548275,3.1815224167930327,-0.1613159698943551,1.2612319309804834,0.644456143826538,1.6737533304129255,2.4525518085376916,1.7245690271769605,2.568931227323935,2.0388144711706566,2.2399239078412,2.13444117809599,2.326333639195442,2.7445229428215585,-0.0026575867016094268,-1.8070867536241875,0.2515328333731307,-1.483843985832104,-1.6510293996224963,0.8248855969774007,-1.7609837124542576,-1.8139544189420764,-0.6468927844322651,1.9207359818558827,-0.5304487501781656,-1.4670869451183015,-1.2903278876680329,-0.04926603943594374,1.6130721945788835,0.3704217140803814,-1.4636593016408788,-0.7987127711847394,-1.6984452323703454,-1.004587993387248,0.3597555611885504,-0.7858897179806251
0.6082713853757818,0.5559416412059229,0.8503591104613946,-0.4626498133305423,-1.0998009628079262,1.6473922849489446,2.4707647226448435,0.513237439282128,1.1041717974155214,3.478377549707953,3.4541848246793614,2.0,3.1259641645967573,3.38265995640796,3.530143939809887,1.8890547221799512,2.949176264946591,1.9095869761976911,3.06431846332884,1.81004170157142,3.207601963250487,0.7694254114112421,2.900689924608711,2.5171857755794464,2.7244441663964394,2.293746342216978,-1.96075320992705,2.7147984550728657,2.6221440170906125,3.0621213803187706,-0.8735830139215286,-1.5586321662210918,-1.5585730963512283,-0.26478186132875764,0.07112001855756381,-0.20743571490487972,-1.5683183217091292,-1.3372705464229222,-0.671719269239701,2.5433176380926317,-1.8943533486749542,1.9614775420643071,-1.705471231177553,-1.090901826777527,-1.3203049666085955,-2.1000709153203565,-2.11036281168632,-1.4552460860383516,-0.9155849380983133,-1.5564986643452177,-1.4706480854599033,-0.1774001458733655,0.2856404741657705,-1.3228884446972962,-0.732053805880657,1.9469103839356547,0.5873679717401238,0.7340681293816873,2.9584375268382037,3.528552099472587,3.499818124247022,2.976186203896549,3.1588527580279675,3.1102126755525656,2.7506565590931693,3.3443927803394433,0.2480314920202817,1.51400237721057,1.2189875062732956,1.9620937452087177,2.935084928702703,2.4489305803795216,2.8563504977892267,2.7620261546815272,2.5783238311047816,2.8142130856884346,2.841837616823935,3.229009365362036,-0.8737340578667034,-2.1331785861915726,0.9763911779518366,-1.7518013466766844,-1.9631840219457937,1.6763757787803848,-1.150600636883707,-2.092382365020785,-1.1338510991099406,2.137136795021214,-0.49273984746174376,-1.5032063559253226,-1.6759630655631907,0.29128352823338877,2.0478338933820766,-0.014189626026394397,-1.868611510435556,-1.5279581372064766,-2.210622998875567,-1.3429529306692527,0.10464507955627222,-1.433494652104468
0.5952093018178859,0.19268213304864762,0.7297429275315782,-1.057105841331406,-1.449081365988653,1.1350535641720376,1.613877755906294,-0.0547055330006924,0.3252045431249746,2.571915494203096,3.249944473267536,3.1259641645967573,1.9999999999999998,2.414314500039379,2.383135567407122,1.523764821911404,2.650516074964823,1.479801593677876,2.2461905998949443,0.5204450865387777,1.9607484437902136,0.996104906665005,1.8054889194682775,0.9820471702488851,1.7419724081155707,1.1598480076935092,-1.278131898630945,1.4626221486545017,1.0931932714741959,2.6839657708028826,0.8122691089813802,-0.9226352805514082,-0.5859093046710571,0.16417645218686605,-0.4666765559564407,-0.7245718493397248,-0.9366513435169272,-0.47602205570576106,-0.1212992902851397,1.3661921988273524,-0.8576883057560136,0.559691644093288,-0.793211293105688,0.09045988646754771,-0.17543333186986027,-0.7567929652565498,-0.953658901207239,-0.34868891182573314,-0.5081446967328076,-0.43944004018825555,-0.9091299438027421,-0.2105312848149033,0.04520425687470225,-1.5332106093699176,-0.649157535199556,1.0455107764966498,0.16298578491062787,-0.09449359198845211,2.2360882985195776,2.955584832181267,2.7757208948236207,3.6928526925773566,2.979226715026,2.2213803235975496,1.5807122158772242,2.3643931055219776,-0.4392699660305115,1.5377972787838003,0.556568499447369,1.9036374104650315,1.5381092780210461,1.2318321280104438,1.839385364243665,1.2363750862139966,1.355898661358168,1.5404571799597906,1.3022542877418712,2.0047874428535137,0.6636805388166868,-1.4546047235595703,-0.008456834985983097,-1.1260931017791296,-1.0024333723689307,0.3474794441738208,-1.851534505414204,-1.1711205780657004,-0.6620816329673611,1.2679049839382217,-0.9505534648625813,-1.3717170191800832,-0.9912949488963153,-0.28717517885958305,1.021185735068235,0.12789120108870788,-1.0396292111919858,-0.4473680489708277,-1.1728859491418977,-0.8369307111912595,0.13659667655354704,-0.5210672467029536
1.3125301723784177,-0.021296504249059003,0.5855587013263711,-1.0790303938214654,-1.5704688715774875,1.1844118188406445,2.742154252902802,0.1525240111721619,0.6527660878561191,2.950632213033974,3.031071312210214,3.38265995640796,2.414314500039379,1.9999999999999996,3.5481080165465637,1.6486153901463094,2.8838865887566323,1.8373758528588202,3.488434338437868,1.7054977506490396,3.187186783051928,0.5322101222485188,2.6516194124803283,1.924211079069303,2.1024689615462635,1.5529368006301332,-1.5008661746315162,2.156010691219084,2.1331027045975652,2.3333463265550787,-0.666027138956236,-0.9343501831700056,-1.5663954493738559,-0.34079656502445255,0.07969838032953444,-0.4780362652583415,-1.6273453184324769,-1.2740196478902641,-0.5879698938861199,2.3327857530032055,-1.5173791124398175,1.7149025245081453,-1.5765036829773154,-0.728040453347186,-1.3266061118534145,-1.6473785570503405,-1.722497425726789,-0.8304666903272503,-0.5391907605997427,-1.1111084828657085,-0.6294433504982417,-0.5587229651839483,0.3540635421170157,-1.4635720983848617,-1.2131053902600797,1.5475123124390984,0.3694422274402534,0.24702297656104652,2.573130419733976,3.0523886790867527,2.7552515948663454,2.528325995464196,2.4341282990002293,3.5272832103407046,3.159985854764925,3.501688629337045,0.8866747004460672,2.2520280036691673,0.9575957753110433,1.7856280167868879,3.1021360573835457,1.7566853399780538,2.5654889585029537,2.4331328325257977,2.4399929797265147,2.1528232923628305,2.316925152849443,2.520400243713902,-0.7826882103367385,-1.6687687313845592,0.41962008243787996,-1.6261507490697182,-2.1445009514621884,1.2140345436727222,-1.5058831332643456,-2.1146250237738773,-1.3044949284166774,1.4950938404300547,-0.8033688018237533,-1.4464206888635283,-0.9152513673161661,0.4227511961831058,1.7480451721093646,-0.37223023762598584,-1.790689032636579,-1.2547131715762867,-1.8827378466095417,-0.9562477216875375,0.4314132835254182,-1.1427156880939249
1.182074665170854,0.032140874781238005,0.42002425049797426,-0.8632551838415797,-1.4804658365444747,1.3922739718539803,2.843113657025192,0.019527487089183795,0.8410075116961513,3.262792694086791,3.2257353004116567,3.530143939809887,2.383135567407122,3.5481080165465637,2.0,1.8320915293640367,3.0291046783623314,1.7017223431789485,3.306766835162602,2.0430270782335826,3.459048588645251,0.7100036244654471,3.0185717917373056,2.6053673117499647,2.664347833813407,1.9228364835685121,-1.7116949883147692,2.6994594007450017,2.852087904177818,2.8223124920156186,-0.8838918975604504,-1.3107882291881947,-1.4916063628484086,-0.3361421867772717,0.5973019051008135,-0.3489671421781553,-1.4779855015353696,-1.2912578535848598,-0.4990952626247768,2.7722285414992425,-1.7157870997112576,2.1656850127181184,-1.5555509136602952,-0.982872779975438,-1.1314230074616236,-1.9774128065783696,-1.9399780080191795,-0.970607744292862,-0.7543668513510939,-1.4796671564427188,-0.8447432561628505,-0.6544054146620865,0.20508073158085596,-1.5347362145440553,-1.1602093609441084,1.6770002815478122,0.1703076366736184,0.4481074552978888,3.074625307875546,3.392372233082342,3.102731133703176,2.504974138861891,2.924020840148976,3.5688665514302618,3.2934782674458383,3.813918615354257,0.6850176831269315,2.105250564315895,1.1904565509230212,1.516702088379422,3.257703384550763,2.308091300448254,2.8702569910474507,2.819715146191337,2.7481587062124717,2.785393000826124,2.883977317188588,2.9847589494963143,-0.9903985850100046,-1.8678957242891892,0.9956460670571119,-1.7558651174617785,-1.9552931625618277,1.833685674979467,-1.1819813367918592,-2.157213351428802,-1.1868746972568553,2.0440827276192644,-0.7137981086386604,-1.4216186163928128,-1.3796203651245804,0.786779962947815,2.2743056389900183,0.029623625167506884,-1.8484792545260025,-1.5450213260427867,-2.1296450396696978,-1.1161938904963948,0.21123774953911256,-1.4359508247803034
2.612366164067235,1.9600845392489097,1.916168753226756,0.8919763005240303,0.016286470376290295,2.0519578534395544,2.9986956091967496,2.1095141163915465,1.8044175195744296,1.8200057811711225,1.5844344058974378,1.8890547221799512,1.523764821911404,1.6486153901463094,1.8320915293640367,2.0,1.3435302172131687,2.688433261777521,1.2835827474999124,1.3577646732812203,1.8144154592656656,1.13507482260422,1.9335996755631957,0.987372876440496,2.1205884414311584,1.7620841921052928,-0.2576052677000061,1.3707220110921492,1.4296565400349304,1.8685249173840606,-0.175372716680826,0.36467400622287865,0.7268560135987945,0.37667492419159376,1.0374137154639296,0.8012480905273558,-0.43903524155985585,0.3782986323813251,0.4005963245306335,1.712420280445118,-0.266887813150627,1.7445200279344861,0.4123080415655684,-0.31801073377367756,0.1472942601701328,-0.22260127411862626,-0.6589064643750917,0.07453914992710536,1.2707658690324746,-0.32474782973184246,1.2347078805234584,2.036632520135553,2.836982591121272,0.5741798114753941,0.5582288753948234,2.284472096934907,2.0753950082628325,1.5223389324196885,1.4104560790264977,1.624753817768222,1.5002775701402444,0.9853858324637454,1.756636583886176,1.4230396217021108,1.4196978917411123,1.5480975479446293,2.078177642667669,0.5958383661233728,-0.13817690444568898,2.6060541400761217,1.7252651889110493,1.518643767514002,1.5606999810294124,1.2563988071894012,0.3359444778918396,1.822519657241699,1.2947936436190135,1.4388073499251792,-0.5491106407251801,-0.043558544179533865,-0.25974874244901297,-1.3785106999985572,-0.874452040554037,1.0156036731028264,-1.2181755852096925,-0.6189529229085563,-0.9715034385630598,0.0636470463806612,-0.1976441449145589,-0.7618878431391318,-0.5317339479025514,1.0507020857316096,0.9427194181919506,-0.6480627134830023,0.10393663107415946,-0.6889248612569905,-0.5191031342534462,-1.1917244042611805,2.100330692326129,-0.7486915908535059
0.7737205001218116,-0.5306173831846028,0.1214878650540595,-1.690512243777979,-1.5014706698536582,1.2267806240341117,2.3492429246108166,-0.6327841144086057,0.2904534050445246,2.5259533252023525,2.7952187992123996,2.949176264946591,2.650516074964823,2.8838865887566323,3.0291046783623314,1.3435302172131687,2.0,1.952362801656646,3.4127994715808097,1.2655502907062828,2.747877633683606,1.0591884095955215,2.7954162553421233,2.343336719958639,1.7395507676063386,1.3624153680783593,-1.7619944660091882,2.2050885788059116,1.9765291415287831,2.2359562085485516,-0.2936101845528105,-1.5913246142376312,-1.787612080450735,0.5029627937558854,0.4864709421139578,-0.48488143123147454,-1.4468813350305492,-1.492792918462605,-0.8503212575598584,1.7052459079327553,-1.6124791765068784,1.1019847044157418,-1.561815130839615,-0.6004703006316375,-0.9085945938105883,-1.7838226055509687,-1.4090957755377396,-0.5831633932159215,-0.540037541526208,-1.240944264376231,-1.299449420516869,-1.178352307764667,-0.4540499174561441,-2.3034146473613695,-1.1784793967757101,1.0686712917847088,-0.7016301157726641,-0.43947136951011984,2.347910061091661,3.095919531319313,2.2891073367172345,2.7080578109564684,2.432944455325181,3.0798122864576447,2.2200264566270356,2.864130665389213,-0.11650250107288168,2.3421969711343062,1.4286308160231231,1.5903156314848275,2.3226739665117453,1.857765016469121,2.477971768071947,1.7801303206216523,2.57249059281576,2.2526037006872075,2.2597227116738074,2.2154807079849403,-0.21915137135496526,-2.2041073432952754,1.1454749034189278,-1.609472993472484,-1.8115899674995135,1.270513468630388,-1.6567320533990624,-1.9563561889810428,-1.1441976087136496,2.121015657158595,-1.0808642051088029,-1.8411259018721637,-1.5421095317139168,-0.19691798514315048,1.375823405214724,-0.38187311323088613,-2.1184338896498183,-1.3293517324855206,-2.3520108716147377,-0.7537750459349711,0.36223737250784405,-1.3697153715971102
1.5875198713228937,1.7263027923955268,1.9457223288878092,0.2209677011364877,0.282077605795702,1.8979920235894008,2.9001673772215453,2.0283318266351165,1.993375299041678,1.7075653923575258,1.399735980415452,1.9095869761976911,1.479801593677876,1.8373758528588202,1.7017223431789485,2.688433261777521,1.952362801656646,1.9999999999999991,1.9951308338575293,2.14885239547048,1.9103765050469008,1.494861068165028,2.3887292360346377,1.578414526669203,1.4053810651647696,2.3609752983879804,-0.923632600019579,1.76273286122826,1.6668908196827712,1.642697346874189,-0.9801606219973994,-1.15946201031417,-0.7812990328566927,1.6495622273476696,1.2314468088438377,1.702913289855892,-1.2129579080604531,-1.0042687722683588,-0.5646940142980779,1.628807391174143,-0.9013215990824909,1.2366434415721974,-0.5274583954397907,-1.2477795151520876,-0.36115117026172316,-1.4077221209245523,-0.9073396984675067,-0.40622454705315264,0.5700031594952679,-1.0170506596790463,-0.2530127072060295,1.6421161148900656,2.1309433494851353,-0.35368617659647833,0.4610334776602949,2.2455561451496204,1.7746406288925032,1.491514703372745,1.1813700444250759,1.276146147731366,1.1871160583695437,1.1615986688948243,1.6754926074633065,1.5129328823154609,1.1698678927760695,1.4211048153885097,1.9429483446616094,0.387105379422321,1.3408486540051592,3.437448532725913,2.0784226402735753,2.229025116675574,1.9303501123415956,1.6477442609000856,0.9568509327833414,1.9387335237653542,1.804826933461973,1.9410598971212947,-0.8398194139978993,-1.557041290453782,0.9857145182085163,-1.2356821876755744,-1.3317266035791189,1.6596716621461465,-0.5036129549790959,-1.0553766090070302,-1.3348848212335716,1.2901648182545467,0.48566253589281855,-1.0183315397743513,-1.009415886530959,0.22412750596104739,1.069626881252964,-1.2663971159310425,-1.172077281334587,-1.5235863942435848,-1.7284212077785326,-0.7776096592088975,1.6303177352995826,-1.3224147340623758
0.9689145899164384,-0.3730791076082408,0.32978636669632994,-1.5745576190533408,-1.4759905624301441,1.1485929802606554,2.7141115401044664,-0.20937818918927217,0.6513675951926617,2.7334283026520048,2.6942270634755014,3.06431846332884,2.2461905998949443,3.488434338437868,3.306766835162602,1.2835827474999124,3.4127994715808097,1.9951308338575293,1.9999999999999998,1.7835925364661676,3.142546308786254,0.6292032217095134,2.9242538692651796,2.292139060843214,1.828938372709512,1.474274518071883,-1.73045790505221,2.1546192585427386,2.1886467582560605,1.9220633371757345,-0.807849792241341,-1.3679568595085354,-1.980139362672326,0.25095139833609925,0.2414108927834297,-0.14416112766300465,-1.7033129604226658,-1.575426339478851,-0.8528648589844945,2.1982018769326492,-1.7623462556885339,1.4704666313414076,-1.8904063246593896,-0.873721132321188,-1.3774401604449742,-2.0393473558531108,-1.716555284383272,-0.919964681267008,-0.5856891818081367,-1.302001404670781,-1.0705484136534493,-0.9752375974005134,-0.11333098014612422,-1.9629217913470876,-1.2619627465185568,1.3226634404339217,-0.222240798852582,-0.03500561492002291,2.370242931597871,2.9648466794888857,2.325135965981422,2.376335821314309,2.1699096742962105,3.4853116716579304,2.8687945626063973,3.15169077436642,0.6969826560570918,2.4613111119545787,1.6199068305433728,1.838981616279865,2.9550108526906813,2.050285683654452,2.687548167231837,2.4006736685320353,2.5611278602171756,2.3110043482036606,2.431810140638789,2.38769441723847,-0.6887920263109799,-2.08600431423699,1.0654379447679827,-1.5441760496420334,-2.1165030122300594,1.4717188991897867,-1.1996244420000273,-2.172560588963629,-1.2611749227903888,1.9459549680895805,-0.5719192214025364,-1.4787118639383376,-1.313280016032046,0.2716914523494345,1.7758996489142098,-0.37487543343583785,-2.1328631976715418,-1.4295582949123589,-2.3195223708292128,-0.7358204505080268,0.4359497757624822,-1.3410668844264042
0.8285660386827741,0.9010572092895243,0.8616153963670534,0.46613663312457276,0.3589356934150161,1.3188237203597355,2.662481717153676,1.1633851555448331,1.7524037135466082,2.189285428383592,1.3476062128394326,1.81004170157142,0.5204450865387777,1.7054977506490396,2.0430270782335826,1.3577646732812203,1.2655502907062828,2.14885239547048,1.7835925364661676,1.9999999999999996,2.430899750024511,0.7770360254870908,2.7642711229517865,2.474722675997755,1.7230774248650924,2.4302319038672175,-0.33533387351031196,2.4978843269973283,2.6247711525498882,1.562205981451151,-1.6062958649551948,-1.7968591041063955,-1.4766963069056578,0.2810697049727916,1.2967244383098726,1.4619991742786405,-1.3991529614498008,-1.4329355910143282,-0.7452201215796279,2.3553885948506634,-1.1138874742008933,2.174006055470418,-1.0765162825193098,-1.3822191302286397,-0.6842526459295104,-1.7305629141026673,-1.2916475411502932,-0.6301605814134736,-0.4005608708662644,-1.5364331445682153,-0.9997941706137135,0.8360565691446333,1.1868326753159226,0.21659301476162668,0.23435916233408438,1.761217981602957,0.8099143725627824,1.641658016887785,1.7070402797793829,1.1678384730621394,1.236465695497771,0.42135899432195567,1.3025451673025623,1.7024957393164102,1.5370175410341573,1.818893193541756,1.9694831982405503,0.3225252352782314,1.6202765752917836,1.681399520447248,2.846970639587921,2.4583243843793334,2.4319273581754213,2.51424000961494,2.0200602074281897,2.1449134387518427,2.4850665949772153,2.353123963973048,-1.7426943149226046,-1.9529019251513318,1.6823979940281997,-1.016100482900614,-1.220947120457518,2.080076570837194,1.0392913703402409,-1.5283294140422918,-1.5435859671922558,2.050231719189937,0.7582677602658248,-0.31578302023829113,-1.0012147607452706,0.7985998209054654,1.8266678400903995,-0.5864320963407841,-1.4586317170962735,-1.5071686793642127,-1.6853707086183634,-0.1875237942276924,0.3383368385438271,-1.7434641668397037
