0,1,2,3,4,5,6,7,8,9,10,11,12,13,14,15,16,17,18,19,20,21,22,23,24,25,26,27,28,29,30,31,32,33,34,35,36,37,38,39,40,41,42,43,44,45,46,47,48,49,50,51,52,53,54,55,56,57,58,59,60,61,62,63,64,65,66,67,68,69,70,71,72,73,74,75,76,77,78,79,80,81,82,83,84,85,86,87,88,89,90,91,92,93,94,95,96,97,98,99
1.9999999999999996,-0.016691022557387053,-0.4282812397814828,0.31535835129649836,-0.16138768983500681,-0.5286981278844934,-0.9405463939480919,-0.9591477255606673,-1.2590288651460788,-0.9662605811427805,-1.0364896576630471,-1.487836607585748,-0.0187257607413486,0.21083002246924779,0.5802628369393853,-0.6804394279644868,-0.6277735239798639,-0.3733996019853759,-0.08300069549970668,-0.3001439266275006,-0.42690601546498097,-0.3104872331570252,-0.1838565417190339,-2.0427774549614197,-0.5294103285488239,-1.7324664872901723,-1.2437235796203892,-0.2751589838962115,-1.2187164366167142,0.41061931197385737,1.2553956205676364,1.0699101248561849,1.020249139911692,-0.01920144625396128,-0.3922570759754455,-0.4351257475202706,0.5658212015270699,1.9059554871174484,-0.21056520684220767,-1.3069570200592673,0.558779729817886,0.06301431023963738,-0.8173867934016952,-0.7371651557232628,-0.9906915061290178,1.2945145684792556,1.5760976559292807,1.4709292913303793,1.7045702345187874,1.166343742586673,2.6007458237472814,0.4450781707279947,-0.5179615675113958,0.13328087918450054,-0.6551906665266336,-0.9189415608784652,-1.105814804074361,-1.3494806299241004,-1.0515695193182024,-0.9099760258113738,-1.0287518559815054,-0.4381170653772659,-0.8856281300570654,0.1565974171935694,0.9995135004568229,1.3964444632625845,-2.1596688300160163,-0.09231339259634162,-0.1432696271489175,0.19151477048572288,-0.7331018018241884,-1.5552940891460927,0.29886759359655674,-2.8160900828575417,-1.6971717227854999,-1.118775415232368,-1.2390293848334029,-1.0893184088636265,0.3500353240782814,0.9712502352404324,-2.141260168997635,0.5797490607883291,-0.4239490735525217,-2.1253481273422716,-1.5932967673886769,0.2668507653945489,0.2096672807598257,0.3403363792038003,0.020259031855388906,-0.9129412432591519,1.3309514120707497,0.6423240152363366,-1.169121663581294,0.8332879054462716,-1.8894330830581687,0.2782080027561217,0.6323174490039223,1.2740789406808481,1.3167839638774026,1.220962855252002
-0.016691022557387053,2.0,2.6169587169528015,2.3558937260664834,3.4862454443285604,2.7929922396387403,3.0446520936107966,3.347608364629808,3.258449981499114,0.7371149266416706,0.2495256113373867,0.5535784080313285,0.6114253474167065,2.61161550532828,2.294065238393267,2.420705546708909,2.2673048421547453,2.873182101642454,2.8679153622671123,2.1762528378651127,1.8222838463389852,0.8753486107246213,2.152798304700682,1.2487836101018064,0.0388465976733757,1.0857582691087015,2.1200121424256384,1.860929403224262,2.0188960903450432,0.2768583069460042,-1.8831258566589912,-0.8799182732951284,-0.8037950392736445,2.2588812139358385,1.663294242957996,2.093734379070561,0.1938995241271581,-0.7955851877547345,-1.1243117285714985,-0.8514240751145361,-1.0573238491654884,-0.7457515785292352,-0.34518732611063274,2.1248593020957967,2.691655304514671,-0.9069511842494737,-0.04422053895825839,0.30779589835814547,-0.16587111177522548,-0.278468771405889,1.502607530860476,3.539991312872082,2.786249249847449,3.3411051673333514,3.512028444915564,2.34497359636764,3.3197336358999596,3.292835995428704,0.5998071304683323,-0.6823353981581292,0.053922306218887106,0.1463043304863432,1.8724071196832486,1.9259620167687097,0.45851823750278065,1.2351093173103462,1.1367808302951299,2.50627058472255,2.125133297541544,2.8976777704730194,2.3194409142932275,0.6906411707862332,1.8323783298898113,0.8741525085650556,1.1343454220340004,0.24257820755449122,2.378959313719898,2.0499439434076314,-1.6845909300940543,-1.061468661462123,1.2080611446254377,-1.0290792251595693,2.272810947815321,1.8326959312217586,2.000234932579185,0.4890566169446358,0.3244027970635578,0.30744449358694476,1.1242998400982631,-0.6735531456720006,0.5009326963448842,-1.4517826621803742,-0.5737903164030655,-1.6852217429110916,-0.8142248070090643,1.0528752400066823,-0.648185730978478,-0.3570511343400314,0.8063786846429875,-0.6993350477466088
-0.4282812397814828,2.6169587169528015,2.0,1.9565346836852835,2.584696183129112,3.4220130115657237,2.009304323761902,2.5625931639603783,2.8881788149491836,1.8912357562854745,1.097293007467743,1.8082511983730432,0.9034598877239601,1.799008425967349,1.3385685729727488,1.2787800564162064,1.5387809084007484,2.0264841114267265,2.298146677799269,0.8629330445140122,1.4562892347434828,1.217997714831398,1.4267881838221697,0.5939827810026831,1.180951126193186,1.8104494128848287,0.6518576673946275,0.6229977693753912,0.7846293624830872,0.4099137070405485,-2.5437466954905124,-2.2876239191382512,-1.0623262812045025,1.6572084940809875,1.8878886730583972,0.8640325400025735,-1.4844647164126186,-2.083214187224434,-2.1800485404820495,-0.8982628590689669,-2.155511333739127,0.6482729435142595,-0.1342783178180595,0.3385099992125755,0.9163509058088843,-2.256351464294711,-0.3511560842979483,-0.7281861911951111,0.2550208081743457,-1.7433356450026225,0.5647867328348941,2.6798775673469524,2.1163746219939563,2.497551256594417,3.169249354549658,3.4077987031866046,2.4483639735541383,2.9233576049395618,2.034684319018996,0.7763767866001311,1.6813958748740574,0.7636065870292805,1.7221745938862205,1.2685332588408056,0.3762274654095303,0.8535374636824546,0.24697736249222546,1.6738392892483756,0.6455251225190773,1.6275937438128554,1.6876179214637212,0.2652289853751348,1.0882840760351102,0.7181170708468376,1.1353624332351266,1.486779781511253,1.4952658035734903,1.832119086825672,-2.869599964663554,-2.1148330945209093,0.11118429144586928,-2.2837123703798765,0.5615574178090423,1.125896991990182,1.1568722972417547,-0.9707791732647324,-1.3580339410900422,-1.5203061849943724,-0.2820307717016085,-2.1908339262907224,-0.2689231381806023,-0.7944370272075372,-1.360250740823853,-0.6749197136627032,-0.0860741958247486,-0.8404195646188966,-2.510827643083611,-1.9485752765073505,0.9706658156420808,-1.8172775080018289
0.31535835129649836,2.3558937260664834,1.9565346836852835,2.0,3.1494263049437614,1.5647660715885392,2.6197841796676236,2.179721809122154,2.1242344325531004,2.259058509017467,1.3360809362763013,1.7522246453329147,1.5707833820548949,2.6557483507893958,2.6262588045795354,2.339878705026217,2.892549319385752,2.542881656979448,2.8387583197283006,1.9056916243965736,2.730763444877633,2.0466328661499342,2.480317266987811,1.9382829310818925,1.8086404215932006,1.8646409264175892,2.139631597381824,2.31453210972788,1.9031720854735434,0.487964248420721,-2.408880098219383,-1.5168474802446625,0.21330338871586116,2.8265690226788847,2.4222947017174254,1.27556286526331,-0.22221652092536087,-0.686013569385561,-1.2261832052404387,0.4384734174108242,-1.4942042994275728,0.5893539307888007,-0.5906067447445338,0.8490797905867821,0.9238118043035616,-1.5567343245161083,0.5930692623393661,0.9649761138221086,-1.393961990782629,-1.1619907442252193,1.3501706648273675,1.4901378462589472,2.8657638774415455,3.396918518350358,2.36267795852891,1.602032220774568,1.142054765979374,1.7524513290994728,1.8098725535432374,0.1983975270833236,1.3925848004490042,1.635380673266691,2.562514170410743,2.8841331340728913,1.8977845882074118,2.36446089952427,-0.15321006664334869,2.8278377830688353,1.977196953651744,1.56446970521176,2.8613002683647255,0.19843846212690158,2.412172375682139,1.1313900380996325,2.29244953829504,1.6404358943139592,2.236377297067642,2.536544580325494,-2.257139500190463,-1.5823140079312288,1.1750422564638359,-1.8861507809106923,-0.42409441346794663,1.472803987652743,2.3427169757585635,-0.16244872339829325,-0.5117239377044014,-0.08417001076921674,-0.3049519636307476,-1.6089058927864694,-0.3477420048173442,-1.1716735288695346,-1.070398363628097,-0.36820860239713915,-0.6585149432242301,-1.114382959201105,-1.2649008115589346,-1.3027423089104215,-0.9808343682357141,-1.6373036879942555
-0.16138768983500681,3.48624544432856,2.584696183129112,3.1494263049437614,1.9999999999999998,2.700292731433797,3.198474507104059,3.387212664377719,3.180760119539827,1.695054438955129,1.0639101352724676,1.4737992596579121,0.9337095441679765,2.8039048683676038,2.3402729198172887,2.4880634346372803,2.6178671512686735,2.82506763170323,3.0119513196794783,2.060659055261569,2.2642415778968545,1.418345298762755,2.3676933057733054,1.7878542343103305,1.0719407088012223,1.8460591326883518,2.368227281033137,1.97210617857271,2.165108801207718,0.42334035231892003,-2.3163784304150763,-1.3849030178977455,-0.9186549213040631,2.441771351428918,2.0527457576019628,1.745372484997414,-0.39122861524377617,-1.217704964679887,-1.2585160769058739,-0.2066954745018995,-1.5416598241649822,0.06320214795625909,-0.3224429183022011,1.7667867325955262,2.220692279192642,-1.5320308809775116,-0.07784867892759789,0.2018085372995761,-0.9732211074800037,-0.9241498539637478,1.2191743170142895,2.821815292196383,3.1762702606709374,3.7531650829686,3.5497917118655335,2.2850336316923077,2.76780443577099,3.0689433904585925,1.5416121596957275,0.02536805864483671,0.9378595901473643,0.7184550544384349,2.1841524365241813,2.3527097222008457,0.991858303950045,1.427633665324936,0.7970310179094777,2.6631676974752185,1.9410551327557926,2.364353964801725,2.780738528225768,0.5583334518765729,1.9587175233509635,1.2280128771702055,1.9084400943998752,1.2182325955551945,2.5488729489908835,2.5207806045548944,-2.206575493579509,-1.5420484583352494,1.2962252290567813,-1.7626737431874244,1.4137387100269299,1.9557596703231426,2.353021235509558,-0.1547309573098276,-0.2004752366101587,-0.20633899920246168,0.36097524658101937,-1.139837652526107,0.045735474111438135,-1.14876356030193,-0.7441564089477565,-0.9794554133501909,-0.385955827685329,0.23127915359228154,-1.2123695118120161,-1.1482973016226683,0.021594547916420903,-1.3291487386889083
-0.5286981278844934,2.7929922396387403,3.4220130115657237,1.5647660715885392,2.700292731433797,1.9999999999999998,2.22915638009405,2.884703534400705,3.1120610870412295,1.74312106509283,1.1887706306652333,1.7502610960972445,0.6666171294154328,1.9334602016370983,1.3686689714392384,1.3640567870397788,1.427645027156722,2.137019967941103,2.2606665602639193,0.9603211137587563,1.2981341619231062,1.1698403098669412,1.5845778541814868,0.651964465915075,0.9208783030113095,1.9307105562968494,0.9222084590856419,0.6821842478594164,1.0533578223566624,0.6613567752780751,-2.333876796490292,-2.184005592551832,-1.6281311113738348,1.5381522216208516,1.8660721426637963,1.0325975634626696,-1.673718315092657,-2.2729981784691904,-2.1146062800816274,-0.9092630962403456,-2.3345719594532612,0.5506162474414475,0.10385888536427008,0.5170076596165654,1.228684011079837,-2.2940875790988904,-0.66688122113404,-0.9511142107343404,0.3520628053998158,-1.733466843539093,0.5216795507563126,2.8045195836555,2.2137321907523515,2.3671240902550514,3.4018822721080646,3.4928735996572096,2.769879790747849,3.1218940575187957,1.9470927584124054,0.9434237208179117,1.6305721586286017,0.6210561038417319,1.7010527537981437,1.36235131074239,0.29906626151439447,0.6948866877932571,0.6282785497768528,1.7965511754385002,0.9839113272093032,2.1489436695735966,1.6972395234958388,0.8821568662800376,1.2995144184707166,0.9257579046138009,1.0832120730316468,1.4393013611400094,1.7665945003962078,2.0156292157416265,-2.3205571199704567,-2.3337961283507607,0.5438371318442112,-2.0665328419100386,0.9465827880812216,1.5644077494459467,1.3664137310550437,-0.6261285977538332,-1.3946344977609606,-1.3691828398524368,0.0472258754294481,-1.8804943499707907,-0.3227660509470515,-1.2384563390677692,-1.1800030875066043,-0.9175404837773332,0.34769160720759174,-0.4877072323825161,-2.4094734022747364,-1.7142134319774442,1.3390022299991833,-1.7405804740278232
-0.9405463939480919,3.0446520936107966,2.009304323761902,2.6197841796676236,3.198474507104059,2.22915638009405,2.0,3.077296806739498,3.147473990077293,1.688898934080889,1.0504018918897637,1.5380444370059536,0.7961519711115731,2.71780613266955,2.345193063313357,3.2769631768290144,3.2183107864378835,3.322381198591848,3.01347120087065,3.008983091509619,2.6543815497860854,1.237026128649848,2.4913366544639572,2.8205868789572976,1.0175739744184036,1.9718770787918833,3.2770473045071182,2.1978467901845127,3.169568456242335,-0.4608301288739816,-2.3210251595638764,-0.9238744601210893,-0.3406841008919239,2.793809565919029,1.8816470746757021,2.4180646525222835,0.5891573486551651,-1.1794315603236494,-0.8127329184789183,0.31614618547965173,-0.855108790579628,-0.1318031346860121,-0.38077523204767605,2.2210764261821043,2.4769927275794488,-1.2122570265548058,-0.4013358777830242,0.7475646641331293,-1.2330925282637886,-0.32715457697602557,0.8679076461047629,2.414854926403116,3.272599682493762,3.162614237921092,3.159746324531623,2.2989490436143476,2.957962699257903,3.08923529864152,1.3833443688745897,0.022755233354003507,0.8995295084879305,0.6329201619405678,2.469220156664334,2.4411773768048866,0.7661513569601607,1.2303150825515778,2.1895370128276834,2.905938023496997,2.652097007408136,2.5726112457954637,3.2460802470819505,1.0012577136976566,2.054847904210442,2.171662985344549,2.53377036261064,1.3540240595811857,3.24807280636016,2.544968996027728,-1.5264748772498884,-1.3785408837050488,2.3736802138756588,-1.1013003833369157,1.3660096605889287,2.4798370540154195,2.953746458801531,0.46912543054540534,0.4703638834853536,0.3985125191347992,1.2209081388785716,-0.11315463077685134,-0.6695761006380031,-1.443658342481396,-0.4435153238312589,-1.465363299008312,-0.09147063934479689,0.45453345729678996,-0.6274442999604639,-0.6596921262785418,-0.3060734573879087,-0.951485273976436
-0.9591477255606673,3.347608364629808,2.5625931639603783,2.179721809122154,3.387212664377719,2.884703534400705,3.077296806739499,1.9999999999999996,3.5716180062757616,1.200291839003314,0.6404839415610326,1.1841508432696553,-0.11404415089679251,1.8547125527911992,1.295529381052781,2.3406900293627313,2.157458855629653,2.77856992515927,2.54219417363948,2.119537381589187,1.5315325640024464,0.5412322711781397,1.5054385847781355,1.855537168193655,0.7961098383971118,1.8335368356936994,2.241628502638898,1.305311122573372,2.4043617137573556,-0.5550784550118056,-2.176933302911044,-1.1974285256420452,-1.8649608343118553,1.8600009600354626,1.3511988320735235,2.1390709695439587,-0.385683636509901,-1.962974418810277,-1.697141874804395,-0.9089812788713421,-1.7856071837420413,0.00026064630413749623,-0.5829437408681196,1.8202451153803914,2.569682744582283,-1.9188005905119332,-1.355236722568219,-0.7502363729467466,-0.7691221913285609,-0.9141369282894509,0.6253351471872165,2.850753139295831,2.951977906130539,3.0463015301472005,3.433753044616544,2.5942362514849915,3.407471633800773,3.560603745692606,1.4153250550116752,0.032475422787864194,0.612315777061634,-0.17812359708623388,1.6322227151746642,1.3378729763270787,-0.33520319519272435,0.08671099328246269,1.6703024318778763,2.2489299132925815,1.9338526427089355,2.6185912300273264,2.4268102337011745,0.6163018691745705,1.3369221357373942,1.6112228515502156,1.8764545736428162,1.3012553752559461,2.74851993204952,1.9779873442948395,-1.7416960768031262,-1.2634971285758514,1.921267542850924,-1.306135903193457,1.9919903529335237,2.5364675302133266,2.556534577877888,-0.12417453220559012,0.0466684039150779,-0.13345989186148918,1.2295830589789696,-0.5785103713901639,-0.36148256057473976,-1.1644975873669967,-0.6281379297639685,-0.8996698427388178,0.1406679203575766,0.6684097131507154,-1.389732403041838,-0.9822840042470695,0.4038852989537722,-1.1386015368336033
-1.2590288651460788,3.258449981499114,2.8881788149491836,2.1242344325531004,3.1807601195398267,3.1120610870412295,3.147473990077293,3.5716180062757616,2.0000000000000004,1.5343648734745932,1.1680666049445352,1.5562584248367706,0.5793493278251208,2.1324436584454434,1.6773639102264521,2.493218507138163,2.426521406892268,3.0569666312068913,2.6959140143926446,2.44117367458806,1.981956153260168,1.0323349974146612,2.0661647931667835,2.1464267342920977,0.7440935952810497,2.2025898602565297,2.435019375679561,1.8195084128223127,2.550216810367563,-0.1819392523632345,-2.4803204911491656,-1.6684008470256932,-1.4040312883052648,2.339527393170649,1.9080200676121668,2.4545296880324985,-0.2343858631266327,-2.217648086927893,-1.552813677006772,-0.604561594103173,-1.6196332722983908,-0.12234609701654259,-0.3663105381374781,1.726798717130695,2.489692850359192,-2.0730251424181114,-0.9140489278155718,-0.41144868018517966,-0.5620633095713513,-0.927003745125798,0.4364585318518795,2.878090754431847,2.9790120031555603,2.9275831616180126,3.5290741998433246,3.077729926297205,3.3581405613208606,3.7510666379184174,1.6070217305976364,0.3442594642194017,1.0665954568468936,0.5224733354148923,2.1399148270719555,1.7214615269927571,0.06657488710261411,0.46098716890648817,1.8478155854851326,2.3747613888512573,2.1601034391658334,2.652080937874838,2.699661737602397,0.9636672676137669,1.8250564260842648,1.9455549781243011,2.1580427843723142,1.3718292977348656,2.92892643484621,2.4340720428905738,-1.807375080523765,-1.7080026011081384,2.1401239527699545,-1.4695477734084395,1.5735972105464335,2.5830559124992787,2.7251118871677504,0.028441021637649916,0.07366059331431882,-0.08258081502538603,1.2586181914800365,-0.6385735742505223,-0.5237442073853342,-1.6980432874264122,-0.5166666960782038,-1.3682019807844286,0.0598676184714956,0.3375260456250646,-1.6457148268385398,-1.1867320273042195,0.5078816782408132,-1.3676610887958613
-0.9662605811427805,0.7371149266416706,1.8912357562854745,2.259058509017467,1.695054438955129,1.7431210650928302,1.688898934080889,1.200291839003314,1.5343648734745932,1.9999999999999998,3.02268862485298,3.518699823298906,1.929145979721103,1.6604537931711922,1.3017531237327333,1.1027660355508548,1.82935961632759,1.288241050777058,1.5354087324245522,0.4450476808172001,2.336606151717628,1.9089490171167407,1.5702296139018392,2.0217597132336134,2.972414892556696,2.9774096080867896,1.139593072517202,0.4756516978035664,1.1777858961677354,0.5488296990973626,-2.1105775729753917,-2.3047340518026984,-0.09519483721537148,1.5258252419115368,2.0653493059507744,-0.36669937717948264,-1.9202210968180906,-1.7982045574198295,-0.9901807459199232,1.7342520729109707,-2.036205327551661,2.266360775569058,0.6412712162635001,-0.7003240248405008,-0.6862872709070637,-2.3350226163596113,-0.3514199114805708,-0.4418667136104169,-1.6952916489372867,-2.509537234918686,-0.9499980907206143,-0.03231523667998849,1.6629934356505238,1.6745428509639844,1.8359305586919514,1.9964585748226087,0.3048850462401709,1.466989524376337,3.519614456382685,2.5123775371138932,3.42397483137988,2.329988818335391,2.3012074132331244,2.1337931992401797,1.682442628029021,1.2995399931972735,0.22859472043585838,1.618929423667713,0.3779662912148821,0.13568286393105128,2.167770346168705,0.7123284503944438,1.3854479452815234,2.063451464144682,2.4099211780610816,3.1968189366786,1.5539565140721918,2.35331461591847,-2.2408708762799425,-2.6873903760076625,1.0734825277791762,-2.345420787170565,-1.6324587452499313,1.4823571155087238,1.6265693080080466,-1.007415987749908,-1.9813938260909956,-1.7422430326941645,-1.6025201316128768,-1.5324007636219408,-1.7638094471356658,-0.2253434059301349,-0.9005888638349842,0.7755856263062864,1.672411609693814,-2.4850584518284973,-2.118822213409352,-2.199107917149077,-1.462528917608223,-2.4432125480164
-1.0364896576630471,0.2495256113373867,1.097293007467743,1.3360809362763013,1.0639101352724676,1.1887706306652333,1.0504018918897637,0.6404839415610326,1.1680666049445352,3.02268862485298,2.0,3.028154411613146,1.922498746970542,1.2620445519607557,0.959033637645172,0.1389891986316391,0.8672008584900475,0.5824555272376323,0.4911529184767076,0.1230501037328603,1.9092448797441017,1.3148859598872833,1.2475539114184058,1.6589386304448541,1.7862928766158204,2.5516816309910917,0.8692015831298543,0.42409983445552313,0.8143880356698325,0.7180267706357788,-1.0388545766163728,-2.3531646403028943,-0.1474207859498775,0.5960821382706472,1.2885603878699885,-0.62551762351857,-1.4786026904502143,-1.7354498751216494,-0.3218816018859792,1.652497923186577,-1.075956677900911,1.74108856994464,0.4865621324075859,-0.9278541695103555,-0.7061337999769209,-1.6044095829719116,-0.14366422233847162,-0.4301152767532233,-1.0826000424226616,-1.6905478917884842,-1.1755447449257495,-0.14505788518394458,0.9968090071448645,0.8922986662937171,1.0800702391948067,1.268182726261004,-0.0661914586447698,0.9148281333687538,2.7579666832870635,2.9783358781991773,3.0861929499610485,2.288966421804909,1.7577262313822533,1.571125469723953,1.971712292471608,0.939828830697768,0.19230505565359363,0.8327029925442802,-0.02578428795261789,-0.3340485483142203,1.6792633250497067,0.5158119805648387,1.2928181894174793,1.5774483650075684,1.996812942576935,2.3527069732705064,1.171707009415697,1.8087834139355405,-1.0008583877690187,-2.2917610528039933,0.7214900806845329,-2.0302952979789177,-1.6060913494961822,0.5808656797293617,0.9727260145823198,-1.211307841681593,-1.3803777685808516,-1.4963742867273493,-1.6279725977859205,-0.9438698335956723,-1.4664066959254223,-0.5074809083602849,-0.3775531571281986,0.4995974333528118,1.3228945735486293,-1.892025094448269,-1.694361835667597,-1.7856147574390817,-1.1573102207775423,-1.8291274286387842
-1.487836607585748,0.5535784080313285,1.8082511983730432,1.7522246453329147,1.4737992596579121,1.7502610960972445,1.5380444370059536,1.1841508432696553,1.5562584248367706,3.518699823298906,3.028154411613146,2.0000000000000004,1.7170348562690565,1.469387488483864,0.8129523274744995,0.8595990256542564,1.4915118002154757,1.0696074202984438,1.4009900550786654,0.23305139225970162,2.1989048575048984,1.881397293120345,1.5305457908145144,2.0832878658855836,2.932568449829019,3.3988098595776073,1.1305374193748319,0.34381444692402463,1.2028161830852873,0.6887600696350162,-2.1255811835285616,-2.574391620710078,-0.44606840092592653,1.1656487572510272,1.917892756659134,-0.5386357613504376,-2.2044804204544057,-2.241799686481955,-0.825292443511509,1.8276704597529339,-2.106156480719966,2.3860210735132803,1.0471431827005455,-0.6658304414346614,-0.4303473798809763,-2.3942114364642806,-0.717718639860571,-0.9089339873566129,-1.525237777539918,-2.7348653228724524,-1.5997162228348343,-0.0470746961373289,1.4543721679667931,1.3916448322412185,1.7299348685245153,1.9232814783325,0.45449045023168866,1.5607548526614945,3.41978409525859,2.8517163800908105,3.6642069352826603,2.1558239070220764,2.167468368866988,1.6582331832077069,1.403319125110328,0.7308721508003616,0.3417657728832782,1.237900376328004,0.1022243730185838,-0.1154011321736083,1.9639435434604078,1.005790164881563,1.1224855731274448,2.261992109355381,2.515712059242593,3.2402644784145163,1.6141375438832004,2.5879960755885336,-2.304596803060345,-2.8205101785074445,1.0118426035403802,-2.750952804715485,-1.2790457298089493,1.4274042183822004,1.4778807126094813,-1.6317567005529907,-2.226398903253912,-1.9242663833946945,-1.7990530371055042,-1.6242266993159402,-1.9813683937323463,-0.2688112351039015,-0.683208788812181,0.7561790230508185,2.0405632907366145,-2.3521988743803166,-2.3254549554607062,-2.778693552524476,-1.3125700441820367,-2.7783304926748382
-0.0187257607413486,0.6114253474167065,0.9034598877239601,1.5707833820548949,0.9337095441679765,0.6666171294154328,0.7961519711115731,-0.11404415089679251,0.5793493278251208,1.929145979721103,1.922498746970542,1.7170348562690565,2.0,1.5015191408280724,2.008175425274196,0.1168157910014987,0.9752583529397235,0.34642161714646214,0.5717286181264499,0.0708049057984628,1.3963828949057613,2.035120627121252,1.6149931486653681,0.6205270510473366,0.2964495880853792,0.7740957822646041,0.6362368079003099,1.1636024760079746,0.2589556741341355,1.8335925066213767,-0.55928180624067,-1.3635664627424269,1.2915364856302411,1.1291639940181581,1.6960295788935302,-0.4553926923465966,-0.08820885700413289,-0.00838485352968528,0.6070758422545107,1.869871242561105,0.3015762292212702,-0.13328176945588452,0.9618879900400668,-0.519512706901712,-0.5387410187851589,0.2198708647285221,1.9987133778871295,1.3950681182913178,-0.6784350441777006,-0.4873527792683586,0.23046073117031302,0.5452283959085308,0.6498095768344435,1.1624278927768177,0.7838387006872138,0.6820332811995218,-0.1398863438311296,0.3054752761829615,1.1561437084591797,0.38097475515053614,1.4911385989320864,3.37191461968368,1.8571981213791755,1.5676341906613824,1.682389105796866,2.0763726140928203,0.01849721454930836,1.0167764693613355,0.1565421856391773,0.25338712942491826,1.0107986601045171,1.2905621077028604,1.503173455067167,0.8199823451785719,0.6251515982948306,0.4063325946513946,0.4155249116349481,1.4591114729126629,-0.8668988106869804,-1.1905210358544023,0.027961108332441493,-0.5533594985289454,-1.0112729669838805,0.26374845452787943,0.0886015904339693,0.4452376077063711,-0.17631557261128994,0.23289479981438407,-1.1655225077541582,-0.36325581607244367,0.5993184905302812,-0.4305740571446465,0.796665346338983,-0.9268899597883168,0.1224599475650074,-1.2487309054060716,0.00448616282965314,-0.09775035663612877,-0.7235598483795956,-0.49770455157872157
0.2108300224692479,2.61161550532828,1.799008425967349,2.6557483507893958,2.803904868367603,1.9334602016370983,2.71780613266955,1.8547125527911992,2.1324436584454434,1.6604537931711922,1.2620445519607557,1.469387488483864,1.5015191408280724,2.0000000000000004,3.33007960957897,1.9944066138745922,2.599901994398583,2.4089241553170355,2.7621883603903354,1.7429345792635087,2.8676623372223817,1.7127221462244457,2.760326939701521,1.4693494137753746,0.8693709347258849,1.264100870637792,2.07740415478383,2.234771634895444,1.9366815257296923,0.9527574691849714,-1.5641965759289926,-1.0852387824677374,0.45014147790650344,2.213749965884604,1.8816283902865354,0.9059132625656838,-0.1175833632537076,-0.1346766328369825,-0.48837269944167677,0.4591457194644206,-0.9652553989860565,0.1295816866288472,-0.2142765515186847,1.2589021099159818,1.4175458441656748,-0.6561285583802118,0.6539335192626808,1.0155213222112316,-1.2180186267714368,-0.817040449757644,1.1243842701004738,1.9367717426700457,2.270118651120785,2.6886449970764454,2.482136837733435,1.4132026642943938,1.5694839441888764,1.8338543320345722,0.979986195284512,-0.06433917241854789,0.9395353081642046,1.5253663949186365,2.9498931867359683,3.3906050137396475,2.2966264642565433,2.66241790809457,0.2300353122300262,3.0826148324652802,2.1731074225214693,1.9416663552855016,2.6765885631218884,0.7975114138114416,2.6093704318813717,0.978747477151195,1.7131025920935925,0.7780470130286425,2.2647718911952963,2.697906977052358,-1.6089223291069534,-1.4030222544781406,0.9075884043893583,-1.4908238747937022,0.5270846281106085,1.0528137587944573,1.9622680930386105,0.15997417908921371,-0.6876979489656285,-0.153705828493492,-0.22933337644908472,-1.080395456194297,-0.2604370495602493,-1.3378933172472138,-0.6329954130182256,-1.0951564282902262,-0.7464572223507516,-0.3346678269344834,-0.5035347354287987,-0.7126841081559355,-0.7157036840600187,-1.3531859939710964
0.5802628369393853,2.294065238393267,1.3385685729727488,2.6262588045795354,2.3402729198172887,1.3686689714392384,2.345193063313357,1.295529381052781,1.6773639102264521,1.3017531237327333,0.959033637645172,0.8129523274744995,2.008175425274196,3.33007960957897,1.9999999999999996,1.8263895653869429,2.3974190044811645,2.199710716931837,2.369405165308197,1.7593210170871987,2.8926653125237687,1.917702458502116,2.6977814228639216,1.2436969454072473,0.203449811401142,0.5515262135484439,1.8484052793574701,2.463580729666096,1.6108374736536923,1.2385642031290442,-1.0342441702225178,-0.9734202691451179,1.4334583013949678,2.443122846351493,2.0894447010839214,0.9565226170062429,0.6908629032643094,0.5193122359662626,-0.10518692813087427,0.6614540760094864,-0.20829508896678106,-0.5307775923901772,-0.1781751642195265,0.9195200255645025,1.067158702088873,-0.03724596762840662,1.6730374666150802,1.8653502909268873,-0.7508566081625153,-0.102975941272423,1.6365998596670033,1.7332192339242831,1.9718164087711516,2.3479441867944058,1.8522434620908048,0.9722255400025617,0.9796302243963761,1.2898848691038316,0.435914622016626,-0.5988331438302317,0.4023684643489668,1.8777666227645482,2.731286179529454,3.26690094349062,2.6913493181221773,3.4092113905266865,0.0704048140500965,2.847533159660363,2.3030516864470885,1.8726134941296295,2.529904033707205,0.9023034447171562,2.95826879721849,0.7530617872188334,1.3713843778277994,0.06421599520357599,1.8533466423812393,2.1159371999906256,-1.0022203010067208,-1.1219346654131832,0.8597446703651255,-0.7663492116581839,0.058322239281255205,0.7943043861567107,1.4241045720082293,1.041520368518149,0.026079389883681914,0.6523533974161876,0.014096652413735998,-0.7057760641715501,0.5497879493445464,-1.7935188729661613,-0.15175654841916167,-1.6472065306375072,-1.2565944031072218,-0.3634208393113571,-0.006102585025081597,0.0742242645402145,-0.6112855483087839,-0.628065003867115
-0.6804394279644868,2.420705546708909,1.2787800564162064,2.339878705026217,2.4880634346372803,1.3640567870397788,3.2769631768290144,2.3406900293627313,2.493218507138163,1.1027660355508548,0.1389891986316391,0.8595990256542564,0.1168157910014987,1.9944066138745922,1.8263895653869429,2.0,3.194444548817464,3.3201590779507866,3.004486059546006,3.17462260193179,2.2762965744602193,1.3404675904637242,2.578058646911233,2.738628386795474,1.0744566329275513,1.5866205267721334,2.9590353195398373,2.18014033689123,2.7655730791486244,-0.5431439618841404,-1.818086843331469,0.1340289043066058,0.32617469886601647,3.1616784637415645,1.994544372970755,2.7821643193127636,0.9540335386054203,-0.3943922395770356,-0.4217661842444504,0.2956987971721612,-0.5053606165293971,-0.1082502623055573,0.002511430426832273,2.1502336598270317,2.435365700287855,-0.9567195922237913,-0.21820541208831767,1.1067534996064783,-0.7069902148317648,0.002348655807726918,0.672773438353956,1.446149636730443,2.53199205726965,2.4083378348084614,2.1743794625595663,1.553192431312779,2.07958434634885,2.281262082632216,0.5369167085390488,-0.1665227721474697,0.3389212486746276,-0.004923239131840701,1.8171018882454852,2.1878013755659387,0.3882194866795944,0.9800498430979693,1.6260350105850223,2.4764575632475747,2.8553928458503104,2.300265714914403,2.516407454569757,0.8977918498765411,1.9346169806887379,1.8475848703015232,2.1484350552471425,1.031696255434688,2.5117314389857035,2.08816490529808,-1.0200986188988597,-0.8347899214823528,2.5604645406455253,-0.4331800302925304,1.1196020844200616,2.372653137994758,2.7981301724923076,1.0255102203877202,0.5040109278970134,0.7021544012412884,1.7170421705542622,0.05111316749607808,-1.0573432992573042,-1.7131767243108729,-0.7442262378811508,-1.0956832216915762,-0.1463993730406745,0.5829563912815938,-0.3462333335998396,-0.4533810904648797,-0.0848511404825641,-0.7357375433838388
-0.6277735239798639,2.2673048421547453,1.5387809084007484,2.892549319385752,2.6178671512686735,1.4276450271567223,3.2183107864378835,2.157458855629653,2.426521406892268,1.82935961632759,0.8672008584900475,1.4915118002154757,0.9752583529397235,2.599901994398583,2.3974190044811645,3.194444548817464,2.0000000000000004,3.339669335636339,3.3326418034975815,2.9327401575151373,2.7807443305229356,1.7545066680500405,2.562109479379791,2.963685586484624,1.3014588486389167,1.8019799954002602,2.9360041590834833,2.61684472213461,2.9163369301868194,-0.6225962511725278,-2.3467843582213934,-0.7896420371771735,0.2069332741980748,3.248051919960263,2.1568381694087804,2.282898891254746,0.8474911424648668,-0.7967496969690717,-0.8571028826251379,0.3450655209351705,-0.9063430468902385,-0.0665808242663976,-0.6873826008613423,1.6815853935132798,1.7623390437987365,-1.28393700081318,-0.1073327463906878,1.2022289634521814,-1.141396321007612,-0.286304500471338,1.0598567300464177,1.3782385698663369,2.8188857977415758,2.7650595363703165,2.2444308485254316,1.7177807815920718,1.7619878012999477,2.0749529368510755,1.2004221353416409,-0.20811983664014846,0.8333899902431262,1.057463449474233,2.560112349684384,2.77609805440619,0.9430794012677114,1.5939731630254115,1.2682414374113786,3.2915274036848836,2.834300934253615,2.096907994856686,2.8862629916652134,0.7578499625497092,2.4036624963715734,1.9952468681179991,2.7461242556502663,1.2559486126591362,2.9108461788242317,2.429832355084162,-1.5301921275244479,-1.220403568285157,2.2647578309267242,-1.161555081017248,0.23307146375772608,2.156272272003751,2.889362941823051,0.5178458332155953,0.4182256806962297,0.7126295986486321,0.9696763756971343,-0.4168858497378184,-1.0743851553908448,-1.6631912092554728,-0.7606832247504023,-1.2664124026942876,-0.4611603092889946,-0.1950691592915722,-0.6440082392568869,-0.6999265384140292,-0.6828203066474399,-0.8788946421161776
-0.3733996019853759,2.873182101642454,2.0264841114267265,2.542881656979448,2.82506763170323,2.137019967941103,3.322381198591848,2.77856992515927,3.0569666312068913,1.288241050777058,0.5824555272376323,1.0696074202984438,0.34642161714646214,2.4089241553170355,2.199710716931837,3.3201590779507875,3.339669335636339,1.9999999999999996,3.470485344758691,3.40813507906656,2.718731220882326,1.4758790815175356,2.8108748382285986,2.4818911155432613,0.8595615006021669,1.7981951228695583,2.7500671210772802,2.42271431925893,2.8758639517432396,-0.49495358914760423,-2.1045615940796476,-0.9712222257322622,-0.1971984928999842,3.4004722878790137,2.2282800201160233,2.8855572979446182,0.7181072695271287,-1.1236760881980423,-1.4203169683270656,-0.4742004974602504,-1.1871755011478928,-0.2321131240611724,-0.6841485450009324,1.8469807923514192,2.4038492958005815,-1.6370557714555911,-0.28546636334032816,0.9336716023565736,-0.1595831246181385,-0.244309323079779,1.327040121380115,2.240862587476526,2.9646861068197023,2.773587438644377,2.7134885816502106,2.3219874006379744,2.474909757178338,2.736898504295529,0.9024608476831413,-0.0284494455664141,0.5360152624640576,0.2389790477280437,2.1781246296915535,2.486297378502678,0.6346679462743507,1.3681009498743872,1.2541899243538157,3.1926890985739718,3.2263154593387786,3.1773331928066577,2.9194864404300636,0.8055590446058998,2.7628922604648007,1.4704803345510462,2.2319889791322454,0.9801297065922694,2.9683569509447123,2.339845769738172,-1.4008686635407575,-1.5051021172471906,2.2914249502197634,-0.9108773783502659,0.9768358058856166,2.224887773470393,2.8245064139295533,0.8962147437993916,0.33352982033244055,0.4676149025130017,1.8100861112665991,-0.6811064335937569,-0.8252202257118539,-2.240964409632519,-1.2383769186686917,-1.5974770586912297,-0.7458230488567648,0.271877438132762,-1.1254155696734085,-0.5994542346166343,0.5318448314319812,-0.9888523534372557
-0.08300069549970668,2.8679153622671123,2.298146677799269,2.8387583197283006,3.0119513196794783,2.2606665602639193,3.01347120087065,2.54219417363948,2.6959140143926446,1.5354087324245522,0.4911529184767076,1.4009900550786654,0.5717286181264499,2.7621883603903354,2.369405165308197,3.004486059546006,3.3326418034975815,3.470485344758691,2.0,2.57075357161444,2.8315614441216006,2.101229050289659,2.9841784607448156,2.052807382498098,1.3463154804619197,1.9387187991719723,2.2423414103094452,2.3324878762096777,2.2587349038729383,0.23911402810932142,-2.552560062855476,-1.1392750423208857,-0.010416865907885431,3.373711966400533,2.6447116761493823,2.1812266569585983,-0.026486585270402707,-0.806177629055602,-1.3209812122360018,-0.1879518610753182,-1.6361235923277881,0.2558796610785714,-0.1002611724179435,1.5060315643042839,2.017401449159214,-1.6413284937938843,0.0340457654460774,0.6979679892628439,-0.2773299082587127,-0.7853463092103175,1.1415345054135246,2.166664756685383,2.6380886815106885,3.030929107549282,2.8292627723218855,2.1489696052927494,2.1699274057634854,2.54637504713382,1.0504270913050724,0.021718521081154074,0.8457907651336878,0.5253462694506625,2.3759081967189477,2.74673906428962,1.0758348238718898,1.815625627445801,0.3168534848373723,3.2201352475921152,2.6698713110391483,2.593942916549846,2.6120396170988744,0.932047999203288,2.485346967608562,1.1960584193138328,2.123060932166251,1.1384141279013165,2.4987894356270033,2.6788475459014895,-2.2296686577032867,-1.7764103172844377,1.459292700883443,-1.710873463607574,0.8147635609341789,1.8925889268681644,2.294652522826492,0.2156848268128329,-0.5288998300140728,-0.0002576612550084789,0.721464065417764,-1.536582447440166,-0.9189771613877937,-1.9592741074972893,-1.4855591939446366,-1.2253731105509553,-0.5008688280810838,-0.2281038759731867,-1.4240996729022357,-1.3012868542776541,0.2073629452966863,-1.4788740282217603
-0.3001439266275006,2.1762528378651127,0.8629330445140122,1.9056916243965736,2.060659055261569,0.9603211137587563,3.008983091509619,2.119537381589187,2.44117367458806,0.4450476808172001,0.1230501037328603,0.23305139225970162,0.0708049057984628,1.7429345792635087,1.7593210170871987,3.17462260193179,2.9327401575151373,3.40813507906656,2.57075357161444,2.0,2.03380677738795,0.39171885690904984,2.0817808621219034,2.543109818302076,0.16544895050086572,1.0918719403235908,3.1152426600583736,2.2287075385941604,3.200951380135364,-1.3291178376406036,-1.1609340013427516,-0.1898230540672452,0.09494082467402781,2.7529274038481404,1.119109241805049,3.3510487355784067,1.9862835370138978,-0.5314431935049553,-0.4937427805473103,-0.3839912180243131,0.2265378433373934,-0.8820346199103939,-1.219463272393412,2.3674267914154563,2.5523160618786083,-0.6036098622262923,-0.1798267066786679,1.7292125864200831,0.011570456042021116,1.1921032908575895,1.432596531790855,1.6212580685251443,2.4512662743241296,2.0025431977451444,1.7028432816212309,1.3386343365015216,1.9298940334925825,1.8926767619791574,0.16418663949309442,-0.5837943027492024,-0.2653616686617733,-0.1946032845956074,1.3997147250303001,1.7529307155986469,0.12203389146749791,0.7985743049939817,1.8412200315442626,2.3377656742616475,3.01074624764212,2.6013633553096627,2.6035019502207164,0.230237397030245,2.1584238356006447,1.3694405837695822,1.8403569626077305,0.3178036437259094,2.7574715442804503,1.3297397828143265,-0.171044536266253,-0.46742568298617637,2.520547495502253,0.2519503719860533,1.0905571303776744,1.7203599291764033,2.6639300856745884,1.4112137275937404,1.6934689572980235,1.4169124138521565,2.662292747430615,0.8200722689621263,-0.2925929912338172,-1.8799906492304985,-0.45717178206553044,-1.7385568791133443,-1.0334291319068731,1.1290636427532041,0.061608524956060395,0.5681450337188154,0.4848706370877927,0.3187239211837569
