0,1,2,3,4,5,6,7,8,9,10,11,12,13,14,15,16,17,18,19,20,21,22,23,24,25,26,27,28,29,30,31,32,33,34,35,36,37,38,39,40,41,42,43,44,45,46,47,48,49,50,51,52,53,54,55,56,57,58,59,60,61,62,63,64,65,66,67,68,69,70,71,72,73,74,75,76,77,78,79,80,81,82,83,84,85,86,87,88,89,90,91,92,93,94,95,96,97,98,99
1.9999999999999998,0.9271479231907853,1.3587946282726173,1.5515436502782223,0.38870780094072743,0.1402477767040547,-0.9345503063794989,-0.05742684540198789,-0.784541938615776,1.6952298738779206,1.4649253163196385,1.1201539823166333,-0.6537977875837111,-1.2507979570889207,-1.5254981626715827,1.5130213292598376,-1.2022502917935172,-2.4578543406918003,-1.6363571503681154,0.6676696869725668,-1.7007178309641655,-0.0886795254896079,-1.2356914691845198,-1.055502281728573,1.9784313249680998,-0.6055064138483579,-1.7537185354613993,-0.23480718572570453,-1.1504011286921154,-1.8277087431311227,0.010133311762186493,1.914861656519807,0.8710032567723427,-2.1847562867115453,1.1392179106693257,-0.3854677019802451,-1.741060311463274,0.668099842804357,1.1550993418914544,-0.2410168783482185,-2.0352968430646894,0.2290840531456974,0.4812898400773603,0.5583468038689554,0.4277665493591083,0.348115178583498,-1.6092602042168564,-1.4453882910601972,-0.3995580390524268,-0.8756635718793788,2.378567064098184,1.3717011657000677,1.3683507699344362,0.7277345730582064,-0.3363133505478595,1.834842432288733,-0.0617902564742312,-0.4812252166156979,1.5789312951866075,1.083686528802176,0.7888210858769177,-0.008942594776711301,-1.7700172574962085,-1.9248828018990767,-2.1783167358335622,-1.7615142262337962,-1.7168637636849913,-1.8274162770150437,-2.1327012350191072,-2.1828215281889856,-1.4697535072349233,-0.2408123972748743,-1.7668738240889592,0.1109513875771961,0.3051604992522693,1.768879035486853,-1.7035559444121442,-2.2756232962331757,0.5554754321154235,0.2453137573008014,-1.5721758037352358,-1.8604518050394294,-1.6201789333641106,2.1783172038197582,-1.385505959454127,-1.8419972864988305,-1.6838814743188808,1.3360067680177914,-2.1183929865163504,-1.9941273743941859,0.8472202657525658,1.205914225326371,1.7814448488918302,-0.5718850195080298,0.7802589005548801,-1.1767327255852131,0.3752982315049308,-1.387956695276276,1.1309118095309492,-0.4333594839392818
0.9271479231907853,1.9999999999999998,2.6739403811534834,1.6380462121289803,2.5924360821916603,1.5151325084945382,-1.3034945095315102,2.8402747394778274,2.3090570483691044,1.1024181388598282,0.9744165095415572,0.6577574897641038,-1.4332020952605509,-2.3797481622885197,-2.598917679149375,0.2829088464599271,-0.8628475383631964,-0.8014216644599639,0.14057656807481517,-4.109455997050593e-05,-2.096609068432418,-1.1580274175031617,-2.1039464007727293,-0.2631084396152791,0.0817711702467947,-2.113487704537714,-0.03925839574705231,-0.2550988355770884,0.8519051823029182,-1.7183547118736953,-1.2314375753347728,1.2905072702440745,-0.4261972422881113,-0.08044695623724991,0.8007053162211735,2.1380938776879224,-0.6248166314881736,-0.0935960202221714,1.036920748651261,0.5578616613964489,0.1990130707867521,-0.4900289074735388,-0.7570922171763466,1.0651591208001854,0.1267705421412281,-1.3061921931036755,-2.2606425095217757,-1.4322106418112648,2.256544142944043,2.0687390298116215,-0.5919499207866308,3.4449335811746247,1.2666157575883583,3.041398888732071,2.0454502172627906,3.0573060852041043,0.7067726623362232,2.3098236412328745,-0.4368155813427922,0.365441168855123,-0.8989563254541888,-1.566626956368582,-1.4596931031260847,-2.354007456836059,-1.649581379843743,-2.522941845467157,-1.2892597517880078,-1.2873676888951864,-0.3458224320575381,-0.7543499781865463,-1.2031309857107944,-1.658689832720401,-1.8955326791369136,-0.1764594187780108,-0.4634922050388935,-1.0680687787162129,0.23468297509443872,-1.3238908525027897,-0.1777800583193211,0.1898935724827682,-0.0940388088449145,-0.15538801808740313,1.142161946487736,0.4363646664090795,-0.5374799689472523,-2.2580628232451634,0.24831114928040648,0.4962550277235589,0.7094765804855323,0.6074907914851504,-1.8924831453836835,-0.9195773430034142,0.8763012255879921,-0.2554055191020596,-1.0990818833180473,0.37873582411922346,0.256386829906401,-2.3290264522664454,2.7394592913615745,2.555981357956921
1.3587946282726173,2.6739403811534834,1.9999999999999996,2.569626427080199,2.5402596782919833,2.8271244763465977,0.48676206371490355,1.5791637562261358,2.269830880775911,0.7160018478514293,-0.23683275520853247,-0.06562436419765172,-1.347156850196747,-1.1089766941870707,-1.5344062566655108,1.5642780096359339,-2.077015797763573,-1.0977955580468162,-0.9141478452776126,1.7698635917773828,-1.702741712623793,-0.2966728924414872,-0.38789568847819367,-0.28612474688376455,-0.7094632455587822,-1.2231545227946021,0.1930849628391456,1.301669949941869,-0.8764665285094742,-0.8734178374800571,-0.3992334217351369,1.3289600566312045,0.39313915412613043,-0.9978280596111544,2.2038740940243464,2.3450498099359414,-1.6430815185812375,0.8634618866661427,0.9414452225161034,-0.8846450886020512,-0.985048988123536,-1.5818240053556347,-1.6150889181264099,0.8940940364938577,1.7581452799524813,0.3993103077314528,-2.009523374115664,0.42396350496403157,2.1962815674263894,1.7969076475873131,-0.5134031208891694,2.6716325248755384,2.312868997353313,1.9147402218844591,2.7312379068477237,3.097483041583886,1.3016710543619856,1.5508562669982853,-0.7026041253380473,-0.3626463002664524,-1.208493781179416,-2.2006489951460555,-2.0429082030073067,-1.3786388645495768,-1.024577574381454,-1.4842284750641759,-1.6404513138565027,-2.288301216722375,-0.3117918253737073,-0.6860870960490961,-0.37937746308297715,-2.425860050772586,-0.6064570140371461,-0.9478330876165764,-0.8156761966963866,-1.1665668556351305,-1.1462342851856042,-0.4714570649889663,1.4029343851119216,-1.2617250068781112,-0.1351224889256396,-0.2549618890254864,0.26840026655470395,1.1367439779148918,-1.144064756140068,-2.154485300398171,-0.7823611843550828,2.211602477255818,0.6317660395419846,-0.6154836005700504,-1.0806915742801286,-1.4925235582685503,1.5661771232583352,-0.13103953451203082,-1.635292680769488,0.7928618437113231,1.4736489885240456,-1.4624115333025596,2.550308650333972,1.6751219804541915
1.5515436502782223,1.6380462121289803,2.569626427080199,1.9999999999999998,2.9059497487024952,2.2867802833917352,1.1087056472319998,1.547799425879909,1.181701986624146,-0.25667196773000467,-0.4049524082669193,-0.6911227901068857,-1.5957688192363122,-0.684295912599032,-1.9395329816414444,0.7791775030488163,-2.2651997983151517,-2.5133888379390568,-1.4446311703364705,0.5619096701877951,-2.261074189178079,-0.5374692185840882,-0.6528753457763138,-1.5644612283284502,-0.6038282824138047,-1.1492164585121207,-0.008887582623342993,0.5813113527613698,-1.4977028983317555,-1.2211541798034817,0.5364737894164313,0.6597241519798576,-0.720028408386676,-2.1446559058829964,1.3897936972694507,1.3823917534621,-1.9623089280569785,-0.7904001044730153,-0.2108454081026908,-1.548616597166212,-1.5793864473164678,0.27734000297989114,-1.153644441357545,0.8001909728973389,0.8803326482283973,-0.4992253739493877,-2.0009633818739063,-0.3449292960322955,1.8128036905745966,1.5602024515201758,0.359265302692597,1.1430472319107576,2.7867254415570746,1.9398936510565672,2.1901070542091,1.7746439229901836,2.141305012432663,0.9093421640300743,-0.9273167016738283,-1.1149441683554255,-1.283073423481946,-1.4572570916288732,-1.4334206718032219,-1.706254548908239,-2.1519148373920327,-2.1007911677093025,-1.0821665537357115,-1.7283071341367517,-1.5320164484985392,-1.9081163142408286,-1.4181003541795087,-1.5913989957551538,-0.3530851222862505,-1.7073870294891145,-1.2713942590371776,-0.5960884953955818,-2.069690960784921,-0.5737250088918685,0.6494290278051398,0.004480252559136498,-1.4154875176712238,-1.1906533302008393,0.6867954313847051,1.874674836205641,-1.1747003949993409,-1.8977207272445926,-1.2702468999091074,1.7276713790367937,-1.1132768685801682,-1.4066396779666475,-0.1696147492429167,-0.8599197632065803,0.8581057800788483,0.06115471523827809,-1.3715321591148562,0.3996056736929086,0.0316079262808934,-0.8472643310139808,2.0061570214829088,1.530392104180403
0.38870780094072743,2.5924360821916603,2.5402596782919833,2.9059497487024952,2.0,2.7038982135232468,0.4088256888680205,2.682694261911507,2.17082940967114,-0.7457723901196947,-0.8699261200632697,-1.1278342688377814,-2.4650134095185336,-1.2783137187497224,-2.2432235306813286,-0.7150678725987623,-1.6992218998352655,-1.4795246793428638,-0.8224057295247167,-0.3011306222958785,-2.179863213799124,-1.680766977345455,-1.2917132712719082,-1.089258476002588,-1.3353899610772455,-1.6073970445591685,0.5169846964286673,0.8844949837415634,-0.951159410660168,-1.1478794873446945,0.07952880673831811,0.2057252174201829,-2.00414879328834,-1.1222496317224424,0.7136500369419854,2.127166250197898,-1.3088806109367996,-1.6507667092231035,-0.948580883561928,-1.3059683659585106,-0.3242880008290687,-0.03901425544479947,-1.6147350301546237,1.407915998237573,0.5288719609095457,-0.9972268596592037,-2.3868211630784386,-0.3149593895387071,2.3995726884213866,2.3624603539468074,-0.7189275526366639,1.5826898366955973,2.4446728420011627,2.661115310995758,3.0979256976093703,1.7754343903329002,2.3041679693430313,2.3780122895747633,-1.7149065471731084,-1.3621847130390117,-1.84275065005325,-2.2435861714777334,-1.0053149574601967,-1.9198516394835412,-1.7896152981138937,-2.2620186335253516,-0.5851971740542106,-1.359836591931895,-1.0007956091105477,-1.5217905254270927,-1.4857437709196426,-2.0059318737808365,-0.2597614787163044,-1.6557020524465558,-1.6232739892203718,-1.6015649918246733,-1.2007727469787373,0.13905584268768797,0.333447658708968,0.033061655929712996,-0.9607958686507669,-0.9917811567052921,1.483077144516797,1.0099726300731935,-1.1972394922461858,-1.7705909278987635,-0.41706641279578704,1.370051449890668,-0.073428846517555,-0.5098546704886617,-0.9289632685361437,-1.41232169125027,-0.09234544586496679,0.8379500584037446,-1.5548926735823638,0.6574085388271296,0.2323691933938304,-0.7808186951788293,2.4371221758322723,2.4580087424620185
0.1402477767040547,1.5151325084945382,2.8271244763465977,2.2867802833917352,2.7038982135232468,2.0,1.5494568527119896,0.8391806557743864,2.3070176185226914,-1.1692985451155695,-1.7115591523564482,-1.7729520331265634,-1.77410907184654,0.012779505653577994,-0.6649248131760517,0.0097905018391093,-1.8898073085990472,-1.00503895361399,-0.9284485019300637,1.6371585396279749,-1.1311390617293804,-0.40724947791112054,0.5647578870963759,-0.26033727703301884,-2.2616032254785146,-1.0588508331781572,0.8619981208905984,1.7947907400115524,-1.888687896106543,-0.14341250409257628,0.6633474243930438,0.32242025095185256,-0.7871892298472254,-1.1210828897339118,1.8620909380860078,2.507008636907811,-1.8936487720010962,-0.35068188138701273,-0.7686735361729504,-1.519700095101209,-0.9295513835286926,-1.2553512714249089,-2.1359102508996606,0.7046729311682143,2.1421410720791396,0.30315270232667246,-1.4773241971911006,1.1964591546580499,2.173206318188978,1.864312244152372,-0.7640669025419222,0.8596281868059106,2.6528146540042696,1.083078600048602,3.346944931430081,1.7229922808852451,2.054978232538414,1.5190046253746305,-1.8652150462677053,-1.7000186669013786,-1.7852837300817475,-2.3527472400199305,-1.1133220784952662,-0.7570135761235275,-0.7134511122990763,-0.7802555698978946,-0.4495132153220517,-1.7646917535624804,-0.1023541506911703,-0.7662333508858337,-0.10796983648271931,-2.3861954601598176,0.89819795379758,-1.8539403623191353,-1.6019437922921753,-1.883403909680476,-1.5764669523174897,1.0337956760229017,1.8921691707504178,-1.2772329605123964,-0.1838155819913672,-0.6193705090861391,0.6322562543903698,0.7486877213653953,-1.5110848766679918,-1.2613825671550076,-1.2019158789058413,2.3125869387002744,0.9112579458707671,-0.9133946028529945,-0.3022955116050051,-1.8627576160769035,0.4118089365947955,1.0650595953250814,-1.7058298780378056,1.3436509490451634,1.061609774372445,-0.1100477541066526,1.6851292891589567,1.4032296391200088
-0.9345503063794989,-1.3034945095315102,0.48676206371490355,1.1087056472319998,0.4088256888680205,1.5494568527119896,1.9999999999999996,-1.1063503904244163,0.16588141077868057,-1.4707296096896236,-0.8836577770720424,-0.9143283728833188,0.554066853742228,2.629404534161034,1.8677045629370705,0.9301444903202402,0.2574035688917107,-0.015624971190728101,0.47131219544579417,1.0733052495885587,0.9672498087273265,1.1714925622826486,2.214541725076305,0.6627181404685643,-1.5540921279794633,0.9256489519675557,1.3165172208661784,1.588815807497827,-1.3412494366520016,1.564291544462993,2.0447854373292302,-1.3010037104082093,-0.3843479283613602,-0.5307362184773783,0.4448907253904866,-0.017115814280699,-0.0461675795518226,-0.4163700738327457,-0.8754960606068616,-0.238864242232747,-0.6322332892095592,-0.8687286958755496,-1.3261252221353539,-0.6653946423225414,1.6300548761978009,0.6169832111150231,1.359253931690486,2.0501250933794832,0.40437353477172755,0.7894984725784288,-0.3824731038212324,-1.4786344418335653,1.312862456209415,-1.014586379826188,0.8223661126058686,-0.545786854507152,1.1663649925635298,-1.0881753408463803,-1.0118590491281865,-1.0424667084017865,-0.6526342644986426,-0.7305822870951715,1.0134029576834167,1.4204130789253278,0.8610443878869909,1.2001976631945261,1.7460439044679203,0.39280922178012806,0.5679751445257666,0.2160047056104379,1.0257315112538545,-0.013806250813525725,1.9960227376559185,-0.647731807015016,-0.3433515334264023,-0.9663055785757388,-0.7303505673936029,1.7542351822095723,1.5094550337487667,-1.2953034188834023,0.290412769347692,-0.1913817098658782,0.3227524211972952,-0.4047587037815755,0.3463371571729526,1.2104559567049797,-0.5854536783505428,1.211084624390699,0.2455007689785566,0.15411098330020367,0.3652380833317457,-0.8597544705112167,-0.7098794920788479,1.0286669437614915,-1.0904784028165333,2.078916147710573,-0.3507035006253608,1.21732606635485,-0.641409121698702,-0.49958667356403574
-0.05742684540198789,2.8402747394778274,1.5791637562261358,1.547799425879909,2.682694261911507,0.8391806557743864,-1.1063503904244163,1.9999999999999996,1.7914697808452567,0.4881064250419198,0.4899391663193554,0.3181508193965383,-1.466581552554111,-1.9550291335632441,-2.488023240669967,-0.6818020365749411,-0.5455978566547506,-0.1719298294826895,0.08377388690640963,-1.4332597735737724,-1.864668919758984,-1.6737868029542815,-2.017645225008114,-0.7518402068530019,-0.20602736777541422,-1.0606283288930043,0.0308727538478599,-0.4409998744517699,1.270714863450805,-0.9624746645036177,-1.3180277699062941,0.7648941112716806,-1.4160325249696173,0.5943590873755048,-0.10218716747387568,1.4193537860826733,0.1597810728791333,-1.2253308162964034,-0.13389435820523451,-0.1166419214373589,1.2636841689150669,0.5869002537370837,-0.5949368381724776,1.3718757267213089,-0.6032855831587501,-1.2840891276519968,-1.9622670818077412,-1.0801990917726654,2.3220193408204595,2.1992886898513713,-0.9870441180893536,2.164360455949159,0.6121780646646314,2.998332031641822,1.7616984922646495,1.362974156422316,1.239974212952046,2.4214691796487875,-0.6852087665679361,-0.1018281119202662,-0.9131072811788667,-1.1497132377989807,-0.624346918477299,-1.9324579471168628,-1.5118321301331892,-2.128062101050297,-0.8288329449693578,-0.281107582377098,-0.5813639758605333,-0.6133476053334086,-1.8021165683168694,-1.2477493708637066,-1.3607628357538475,-0.6626130872864462,-0.9330226605063142,-1.2878822646463888,0.47803429964847793,-0.5445024868898811,-0.7717982375721006,1.197755753127756,-0.558203063315745,-0.0231446140271264,1.633143205650419,0.5925330873535499,-0.4011979115104143,-1.3416953375544975,1.315444309859297,-0.4070351152084085,0.2929899902548039,0.6380222960228529,-1.4051551927830475,-0.727992903986636,0.24798029314930992,-0.21809999451946288,-0.9567638353099678,-0.33900975992216215,0.17837433768730843,-1.1171668405373156,2.255070626743426,2.5155429679277796
-0.784541938615776,2.3090570483691044,2.269830880775911,1.181701986624146,2.17082940967114,2.3070176185226914,0.16588141077868057,1.7914697808452567,1.9999999999999998,-0.5975613746546197,-0.9334726461109873,-0.848616865306822,-1.1896886588716196,-1.2892966944414594,-1.1458432604203568,-0.22854030855875818,-1.547828608189028,0.7819336988654877,0.7549360271399258,1.367741769206598,-0.39891271208859896,-0.6654104208067548,-0.2040794310749683,0.2746008282079335,-2.2403223482412153,-2.2800004770741507,1.517723394772419,-0.0870732221026136,0.2524993839426813,-0.9413941979869828,-1.3135336234064041,0.1873733167084476,-0.18752308461245729,0.8702593873016564,1.1511407998758858,3.4664460355506277,-0.7511555891369939,0.34850071553250994,0.3567127803492668,-0.4709821166542514,0.7915373854299755,-1.4919594815543897,-1.758374291254994,0.3916198503134356,0.8236368851261313,-1.1316881085654151,-1.3145150068884521,0.2175391830656698,2.6427770245395874,1.7772832155016935,-2.257559765536752,1.7543237294158758,0.9232952234362264,2.1038637230550017,2.6397027586287853,2.0658256113657787,1.3486401195220343,3.0159651637635174,-2.343306669290398,-1.310487681578305,-2.4873125569053025,-2.015532979084485,-1.256325685065726,-0.1389200447892766,0.6654886438507053,-0.5728981501250308,-0.4809161681943869,-0.6440926979524002,1.457005718188126,1.127975012774739,1.0086735281646877,-2.7652018882472627,0.5459780245490781,-1.4789497832407927,-1.343616136109984,-2.885707579983505,0.1045431084375201,0.3758529667206004,0.30817697663267885,-0.906918373977708,1.2835021574478418,1.725634079911371,1.709291076723806,-0.7043436104749689,-0.021406892456088192,-1.4100227000832852,0.8212289174046961,0.153622235717046,2.4799120509732635,1.324905586854517,-2.334737952605926,-2.6153649249843274,-0.5052702905952126,-0.333235006747097,-2.1895425901580863,1.3669305693171991,0.15703355795873722,-1.2297924493115089,1.9334010486350313,1.8415561758364098
1.6952298738779206,1.1024181388598282,0.7160018478514293,-0.25667196773000467,-0.7457723901196947,-1.1692985451155695,-1.4707296096896236,0.4881064250419198,-0.5975613746546197,2.0,2.846691108120135,3.2807057262615853,1.357672506144092,-1.295280811060199,-0.908488058599209,2.207124088506232,0.7098095951664894,0.3178501785130138,-0.09923176644181389,0.7613197968561818,-0.2519667421933746,1.050348674885146,-0.8547939790106847,1.510179966676868,2.626848607820911,0.13391722450868584,-0.9721762938289062,-0.5477767583558583,1.3981998976229144,-0.6164281298280805,-1.419246604480477,1.8725463458652865,2.3084662328270515,0.7357414836862006,0.8914793816094618,-0.3273985981530325,0.1832291253096215,1.890253729388819,3.195108823788905,2.1149320177178192,0.9366758688181225,-0.09826428755559419,1.0220848717190014,-0.2287839605916985,0.36008743326805104,0.9653893151109945,-0.23646283967327061,-0.6958924105943867,-0.17077325196970441,-0.5732881283698235,0.0751659028576804,2.2461243583753774,-1.1599535542667785,0.19651793607281448,-1.4260548872871341,1.5057728556885728,-2.385553570751033,-0.8601807008121831,2.939002126475062,3.3273029681771122,2.167318673618486,1.3924545228586085,-1.6351967212784317,-1.294843186133892,-0.9095894628232108,-0.7827759165973043,-1.855958734430474,-0.25575388634930196,0.3563232644786891,0.4978156975031238,-0.2353163852022115,0.6421847358782345,-2.7050290963264745,2.5177996300484526,2.555252853590456,1.5063021180566694,1.1624862093620534,-2.282637248212272,0.016512525942796313,-0.3755895101387492,0.9552326497671744,0.5180647220157066,-1.2031652496284095,0.1889596327010542,-0.5557907154609789,-0.7198723276457075,-0.058417214485328925,-0.1633726464602194,0.0405326932420982,0.5050725879363993,-0.6602013786350632,0.8694175862658196,2.7384637619439416,-1.7549735205289299,1.3723145396605636,-1.1361519406964122,1.193170517990347,-2.1626791102333374,0.6547824851460247,-0.4866991127022263
1.4649253163196385,0.9744165095415572,-0.23683275520853247,-0.4049524082669193,-0.8699261200632697,-1.7115591523564482,-0.8836577770720424,0.4899391663193554,-0.9334726461109873,2.846691108120135,2.0,3.1602420674809215,1.3828729466727228,-0.7921624276438645,-0.883338347596643,1.1932217529196503,1.8353124888511594,-0.0615674655810652,0.9397254808635125,-0.31448409270271727,-0.24336491101756683,0.6447052514196514,-1.4277358394304036,1.234091829565957,2.3628464128596804,-0.4277943042953732,-1.1002019670968388,-1.510782832910027,1.6933041099233455,-1.0355755253146632,-0.19704667491006944,1.2672128129801443,1.1258825188584638,0.6848736923043561,-0.5431596949960743,-1.010080684864314,0.9766594699019908,0.7023851213552945,2.2706471514394644,2.840443835680147,0.8499645703597862,0.9286068952368507,1.4303411091389981,-0.49214419904690143,-0.31252097995394307,-0.7101461729803534,0.23870102295116383,-1.83138005869266,0.026553399511334064,-0.4924795892469709,0.9009693231777818,1.5777330793453115,-1.0709834727832919,0.6368459380992624,-1.918476326118195,1.1225690599138298,-1.844940240497376,-1.0651719999742184,2.600313163886204,3.229608906534622,1.873495985572083,1.6444114761922672,-0.1741971300559595,-1.3710690427195575,-1.1174671010345776,-1.2460160097106445,-0.3276398888307737,0.9926668375571932,-0.1418403294019422,-0.04592156254225349,-0.6246864001690873,1.484694917494533,-2.56499625916623,2.3728531711727365,2.1578571000222104,1.4024510724021342,1.2687342205490457,-2.4655253770113834,-0.8136536410885133,0.9214750320313606,0.2880040420340758,-0.1813100780716476,-0.9321383270198317,-0.0032166778036840996,0.016839488235460696,-0.1129578650155211,0.47846895178874876,-0.8057296922401072,-0.4496637929165111,1.0430783739713145,-0.6235750670199918,1.3506589403923717,1.2366529994319904,-1.0296961134283191,1.229324175019887,-0.3758476569747183,-1.1124064663722983,-1.9900388492148622,0.35643542541084156,-0.38551416563444696
1.1201539823166333,0.6577574897641038,-0.06562436419765172,-0.6911227901068857,-1.1278342688377814,-1.7729520331265634,-0.9143283728833188,0.3181508193965383,-0.848616865306822,3.2807057262615857,3.1602420674809215,2.0,1.4849710078024727,-0.6754050004236078,-0.5236470718639523,1.5913828134846582,1.8077560230176395,0.6009603799410688,0.833558510369258,0.159183270640853,0.3217198385709784,0.6663564595058826,-0.7032888534071446,1.834158708293327,2.6692948458033343,0.2694139690916399,-0.7966968998295456,-0.9931216919830869,1.5787985111972906,-0.5894786197942881,-0.7795551499719673,1.0930076089026524,1.8364914089907183,0.9951927224579628,-0.4130335914419104,-0.7807440665140238,0.67760452005584,1.1659145647851363,2.6649681243641625,2.877985282534045,1.2508515850096635,0.2093020226131616,1.3654007481909385,-0.5520052163373632,-0.25518702566826124,0.2437912933160087,0.4250331951155023,-0.7569858435121698,-0.48348229857463476,-0.6463390183609838,0.4695374827883418,1.4890208011057728,-1.4852287304450273,-0.1758325967449202,-1.9032024695979421,0.9518413018620318,-2.365965987555282,-1.1307659081809347,2.626938974965419,3.2061662652692045,2.040455276163317,1.3372650467485654,-0.7168838867795866,-0.905761974584754,-0.476549954468159,-0.5855464459598857,-0.7760780638784638,0.5856214016763354,0.6202357963213305,0.6856467404207187,-0.030730911151884407,0.9920455483716097,-2.2703985435453076,2.746881243746043,2.4887047309236197,1.458676885747069,1.4746575887905629,-2.2727031155820385,-0.29554618853991993,-0.0694925014311151,1.0866482595095046,0.5769691794347824,-1.058166517458084,-0.5342149112747907,0.16956977817662577,-0.1775960691681609,-0.0790074376839105,-0.6948187555884782,0.0395221391765786,1.2650968925886261,-0.7745479508081552,0.8119154342416919,1.6019326082083254,-1.4455445920741825,1.3358836313750615,-0.5413913150481737,-0.0253038623027302,-2.0855622796610827,-0.0566922376251032,-0.8273424184351728
-0.6537977875837111,-1.4332020952605509,-1.347156850196747,-1.5957688192363122,-2.4650134095185336,-1.77410907184654,0.554066853742228,-1.466581552554111,-1.1896886588716196,1.357672506144092,1.3828729466727228,1.4849710078024727,1.9999999999999996,1.3528764210265534,2.001204055556673,1.6875634316274786,1.8577872398385242,1.680902929015987,1.9068783291628582,0.9849715436791704,2.290905531278951,3.287012982199682,1.5522349403997868,1.9156891321541223,0.6399555454835026,1.2992455105589644,0.4712507840056822,-0.766889225866549,1.5380221515641825,1.4370323149076445,-0.5120362974164029,0.6557747510753827,2.2998053905819846,1.8441266220078,0.7700575739973141,-1.2126402212279443,1.5121357101493045,1.5896347969424438,1.8695331001207587,1.886416086863533,1.176245239519659,0.39905499928358806,1.0475176293966955,-1.9048968012890715,-0.3201808256870451,0.7689583073809525,2.3779433518751105,0.7087135894431128,-1.247267237339726,-1.2452696011908828,-0.28991059730993796,-0.3877585068085009,-1.9396657937114812,-1.3672328780557756,-2.281810388406128,-0.8372514429712867,-1.8534950559443821,-1.9259732284372881,1.674630430694367,1.8193802940014083,1.3840517527686873,2.787570465625664,0.9796270791454453,1.6642861203107344,1.7390396051654844,2.031534984436685,0.4574657811020882,2.0584847216375857,1.7743706207071075,1.8214773569206781,1.609633471588396,1.7836982187083585,-0.0789206029903818,1.9380105884483538,2.211170331352763,0.46506199095815903,1.6080458761064107,-0.0365835460997054,-0.7975188325845014,-0.4395198931520191,1.8176273612466747,1.6132118667593836,-0.6872863568421298,-0.9553334244287601,0.943508708390536,1.858663669503926,0.7502036082143511,-1.4303025954261765,0.7605812564438901,1.6074553307115327,-0.22995331307092498,0.6211567687438324,1.2412471989726155,-1.2949582887899584,0.9599457413519543,-0.5931015865976836,-0.2966879792566978,0.0043204466664453975,-1.6145394025367383,-1.700449215149178
-1.2507979570889207,-2.3797481622885197,-1.1089766941870707,-0.684295912599032,-1.2783137187497224,0.012779505653577994,2.629404534161034,-1.9550291335632441,-1.2892966944414594,-1.295280811060199,-0.7921624276438645,-0.6754050004236078,1.3528764210265531,2.0,3.066988805220878,0.05637421314089161,1.399057383693526,0.7955607374209842,1.0762387563674227,0.8267990986743751,2.413780588912087,1.1469922591709567,3.007721867473622,0.6786169147699942,-0.7900088228066093,1.8792072306416883,1.0406819747177711,1.1342001605996959,-0.8415769804202253,2.3205696042761748,2.1120926457604563,-1.3255096707819558,-0.15172991067144523,0.2245192166067016,-0.5583337859809685,-1.2840304553925581,1.0008108661734412,-0.20617313837026652,-0.9580781534737464,-0.037845365659467,-0.113966738328851,-0.0877293618875603,0.2856860407717123,-1.0772023018334136,0.7265584232825889,1.1078752266963428,2.641856588990104,2.004135805606308,-1.2405081908555111,-0.6121121030013128,0.45474913732250327,-2.1879974251012366,-0.08291642102802138,-2.2515292722422635,-0.6339174388725823,-1.6381461419654753,-0.10777686916747331,-2.108625193729373,0.10044505014623181,-0.707960778703701,0.7827697584651803,0.5653702645421823,2.0011954573684694,1.873473086760588,1.5047024943796665,1.999813755037308,1.4730680732390966,1.1476528401146409,0.6943665983329964,0.596867186066569,1.5202062395264817,1.5212223877375692,2.214445452457611,0.1899575138927515,0.2509047745818316,0.5785683894815021,-0.06987626927229951,1.890380651754957,1.1986356027505256,-0.5105297975505043,0.0595514416346615,-0.4704150681965844,-0.7707846335396785,-1.1366077962081718,0.9162325110149481,2.4492920304948766,-0.2188425320273445,0.5138075352704183,-0.10053165914153081,-0.13593445851891098,1.7940120457932567,0.1499034788549859,-0.7257341393918231,1.3065215605172378,0.2422466465861539,1.1416568986793743,-0.24857107033892767,2.3437775862855017,-2.3073538747632902,-2.003505281174461
-1.5254981626715827,-2.598917679149375,-1.5344062566655108,-1.9395329816414444,-2.2432235306813286,-0.6649248131760517,1.8677045629370705,-2.488023240669967,-1.1458432604203568,-0.908488058599209,-0.883338347596643,-0.5236470718639523,2.001204055556673,3.0669888052208782,2.0,0.4302844999247326,1.597617237236189,1.8287167823438226,1.2242934485916699,1.1189185932484402,3.1416606442724757,1.808066971420042,3.171321607465064,1.5402894907701743,-0.7187727751476516,2.260232230021344,1.132684230511148,1.257245237877646,-0.0508688276170796,2.78511644647837,1.1403531742861959,-1.2222701375574756,0.7104935109334636,1.1198966856857373,0.021747009288402896,-1.282987950985182,1.4147498269452683,0.7532361123097867,-0.4571156907917067,0.35289652991274034,0.3539026160038383,-0.7025147958419845,0.1248416083473982,-1.2570432400449931,0.2885017386681754,1.7242714676469046,2.90308487922111,2.3590795600456755,-1.629786187426051,-0.8823110325856941,-0.09997059686487102,-2.023914332742855,-1.0074009922449878,-2.547003179894099,-1.1668974330189983,-1.9262405669866804,-0.6843282514622058,-1.9721898437782155,0.22266108395885528,-0.16722417726318878,0.6087558077005296,0.7998506352433055,1.7046527569579615,2.8692084459388965,2.74480369608123,3.3368969928530157,1.6828546444757504,1.3849708136460968,1.593493203169161,1.6271594611059115,2.354277940090732,1.4052444100443313,2.3644268566487865,0.6821672902763011,0.8262689480027032,0.23253047157292162,0.8572450394473512,2.3609482372808266,0.9218083122756753,-1.1453848075627078,1.1583543634955933,0.5836306545801409,-0.715703513863049,-1.4976616771752036,1.255880163969958,2.6393253571637105,0.3730110416646101,0.14620343219754212,0.8559191336547657,0.5474031620959291,1.2934192867134646,0.043637399828237194,-0.41386341962538775,0.8796103099567123,0.3446085853199151,1.1116503663745911,0.4983219815417425,2.0996120867295853,-2.4576332858989662,-2.1347096297617414
1.5130213292598376,0.2829088464599271,1.5642780096359339,0.7791775030488163,-0.7150678725987623,0.0097905018391093,0.9301444903202402,-0.6818020365749411,-0.22854030855875818,2.207124088506232,1.1932217529196503,1.5913828134846582,1.6875634316274786,0.056374213140891694,0.4302844999247326,2.0,-0.2674153078029143,-0.1132439062812228,-0.2380381749586625,1.590497826158977,-0.03866384963499081,2.0438543290421345,0.6958956366059665,0.9257954399215171,1.1035520457767565,0.6797965528898037,0.048835751625015494,0.1816729837903611,0.1582824011049213,0.49712055685003675,-0.4871857168471378,0.9506735490633722,2.351003491596855,-0.11945237453075731,1.8378463979796225,-0.1181658067554218,-0.3111237100115217,2.2700868287825475,2.1400065652617073,0.7864630572583312,-0.6150971890730228,-1.4397469492058503,-0.34071209539558533,-0.6631823892909054,1.3403392586256215,1.147086491901815,0.236725236421614,0.6058826362296162,0.127850841074439,0.06464853419252994,-0.047519381881258,1.1506995484971045,0.4165837124390786,-0.1836038958958097,-0.3138058477789506,1.1115593555547842,-0.6408898876846476,-1.1259780973013018,1.2294382866273372,1.3694360240178818,0.8449522446294585,0.3187971506321632,-0.9718268349530946,0.43215039189087157,0.0789194629586272,0.4538714592159436,-0.7716720374582344,-0.8047655751159764,0.4834197764705706,0.5021319754777817,0.47187230043495365,0.0506321013981758,-0.7853346848593907,0.7243860678653204,1.2391787910353766,0.3040913447846164,0.11990738481483558,-0.6866105535242405,0.8150765602041714,-1.3280674046806507,0.8331740341917416,0.7623158148278463,-0.46171591345849117,0.6250464013424265,0.0387778882100622,-0.37743419733758743,-0.22918667562392117,0.4892496992408637,0.06097864873163691,0.10079491472016089,-0.3180156829981699,0.5544045351979147,2.2266372240479573,-1.4615666437310049,0.040932545229522804,0.0747049814030288,1.102565416392166,-1.0536632967204735,0.5095111294337246,-0.33177598720312307
-1.2022502917935172,-0.8628475383631964,-2.077015797763573,-2.2651997983151517,-1.6992218998352655,-1.8898073085990472,0.2574035688917107,-0.5455978566547506,-1.5478286081890282,0.7098095951664894,1.8353124888511594,1.8077560230176395,1.8577872398385242,1.399057383693526,1.597617237236189,-0.2674153078029143,2.0000000000000004,1.633646559998681,2.331498260345758,-1.0314978299090622,1.964719566838033,0.4143696072641311,0.744470579695747,2.4874409266765207,1.0374488762706882,1.2534446977602842,0.4132449695211472,-0.3764853835779458,1.8386548927167365,1.4438771925287137,0.6795050695954431,-0.633179217466963,-0.03346155433671602,1.9183376269239343,-1.976721495792908,-1.79316996580013,2.4742128476114913,-0.3551887869446684,0.3539507897074401,2.8936350098092136,1.883419221168666,0.7686766827220304,1.4380720755809744,-1.1513314679082365,-0.8896547468596419,-0.2028205856671729,2.3701257796347215,0.1574478822410142,-1.1372649847953475,-0.35747985802765614,0.12518605140134081,-0.8041714183620496,-2.083391044363828,-1.320845432557681,-2.1764472803132104,-1.4813983531360255,-2.011049274034753,-1.7600896669309747,1.3455088186860364,1.8124444537008602,1.5293850881732114,1.414943116757029,1.8683573676523593,0.5037913705282507,0.8513817872199259,1.0961029665028708,1.6111321546121231,2.4789121217432846,1.404196950488663,1.138855589011075,0.4706620520092524,2.2021905753119544,-0.3017435822472389,2.188255867432184,1.8889421831466722,0.7306496297052651,2.4617897822855057,0.2845899753457317,-0.4201984604656513,0.29857273148193,1.3422449791535713,0.1621666050019035,-0.5710367341726454,-1.8920198253891236,1.20061611900322,2.0355292205854685,0.9489671549945081,-1.437093695069688,0.4991499489266126,2.0325675380698085,0.0353624905577655,1.102528625528156,-0.5224614445295303,0.7736252848602085,1.710281545726776,0.2829678274757146,-0.9390093991486612,0.37437885347886957,-1.8069776256276904,-1.068324820451123
-2.4578543406918003,-0.8014216644599639,-1.0977955580468162,-2.5133888379390568,-1.4795246793428638,-1.00503895361399,-0.015624971190728101,-0.1719298294826895,0.7819336988654877,0.3178501785130138,-0.0615674655810652,0.6009603799410688,1.680902929015987,0.7955607374209842,1.8287167823438226,-0.1132439062812228,1.633646559998681,2.0,1.9774232706527708,0.6413812969092533,2.7956401050311133,0.6986297989678768,1.1760600773398946,2.2438640466424524,-0.5587075961415366,0.7382125584469402,1.0731074590011915,-0.2295102786338723,1.7969309228141546,1.452261699086459,-1.4865452450303482,-0.4053738413136443,1.0760308011337996,3.4005951770141953,-0.5875750867156896,0.48140049094122617,1.8321788686933416,1.0906416897152842,0.7050702319925433,1.2425084497046104,2.9485777389921832,-0.9246963069938032,0.3228663949781909,-0.6477992170705805,-0.22517649958403557,0.6205221496124476,1.666540508450362,1.1656470440741442,-0.2200265944941402,-0.1621765325577335,-2.1851648115056563,-0.1926023601947718,-2.3571430733337113,-0.8068400718646186,-0.7996021936789632,-0.9095263875519664,-1.4884222353118868,0.36673980973959885,0.17365486508449582,0.6404605963233627,0.10872348042805288,0.6484482535655375,0.7657448974212522,2.0724259770924376,2.9261421101126137,2.2369003260402875,0.5776031790476053,1.6159789165687135,2.910400762542121,3.4032419680210673,2.560658546744883,0.5377591917983391,0.7471898649949309,1.2983650125656783,1.0374445503056564,-0.982983685024158,2.3015083255652646,0.975285176863389,-0.5059672427284693,-0.4327961485515042,2.405376406193063,2.7833879062920754,0.33211654392750456,-2.3555596968721613,0.8307303935103924,1.5120771631032706,1.7490597123101996,-1.42202503176269,2.8107506855262674,2.358323565462923,-0.796483076811662,-0.8621936840206669,-0.5018035018511121,-0.9268193727367939,0.2736267409299509,0.4239409261357667,0.425663134560629,0.10960736260201451,-0.9489090158381948,-0.9614378663726364
-1.6363571503681151,0.14057656807481517,-0.9141478452776126,-1.4446311703364705,-0.8224057295247167,-0.9284485019300637,0.47131219544579417,0.08377388690640963,0.7549360271399258,-0.09923176644181389,0.9397254808635125,0.833558510369258,1.9068783291628582,1.0762387563674227,1.2242934485916699,-0.2380381749586625,2.331498260345758,1.9774232706527708,1.9999999999999998,0.29853288630190383,2.110936190482806,0.6497041807882618,1.1178975710039256,1.7539490185914608,-0.5139529403422434,-0.2647890552992213,0.994641580220105,-0.9906891490986769,1.8880253172185455,0.5198737143963311,-0.21351046851485972,-0.3007087903910597,0.36448630127432946,2.1477255846437497,-1.0492813881230885,0.1249828797212786,1.4371349892177225,0.1972849472989897,0.6238951392623322,2.060437369183437,1.5428553810415675,0.1376496469841397,0.9337901983910788,-1.480725989235212,-0.8045207844440527,-1.1022474908279056,2.1340767788033017,0.3829841830885098,-0.0584848849279378,0.08952424766420101,-0.8982111049217998,0.047482620253529784,-1.481943334578391,-0.21318421727170977,-0.8335019508820705,-0.23976592532207552,-1.128552751309199,-0.3482042305736756,-0.2957069349958493,0.3070562028363463,-0.34321272869840447,0.8705939274498604,1.3143193503035218,0.9970363521481722,1.7555250402837346,0.9515167240959768,0.9594524571640697,2.1717043505243057,2.0741357606564135,1.734406195991587,1.496160418773259,0.7328616728256472,0.4787809773464672,0.654402512403554,0.5984341937329156,-0.8679646730489395,1.7628414715477065,0.1696191825427005,-0.9586744911383982,0.10862137559501034,1.6586066487504212,1.3318099756741066,0.03141981317398189,-2.301209185649501,1.178574883268571,1.1752587795038145,1.3043922757660151,-1.5260651335408097,1.5453584461476164,2.345749932120149,-1.3325101761142693,-0.7607355172236667,-1.0390969335357558,0.2653773107566933,0.27954976046532143,0.5511488750571802,-1.5173912193699604,0.0443018161397233,-0.9655404981763016,-0.31302822713281697
0.6676696869725668,-4.109455997050593e-05,1.7698635917773828,0.5619096701877951,-0.3011306222958785,1.6371585396279749,1.0733052495885587,-1.4332597735737724,1.367741769206598,0.7613197968561818,-0.31448409270271727,0.159183270640853,0.9849715436791704,0.8267990986743751,1.1189185932484402,1.590497826158977,-1.0314978299090622,0.6413812969092533,0.29853288630190383,1.9999999999999991,1.2583958548260719,1.6591980915119207,2.05380489666467,1.2538559712289516,-0.5677401412902912,-0.6828505510029256,0.42293154056266713,0.674517793110434,-0.6740731918836594,0.1983235694055846,-0.2514838594768183,1.0389748569270743,2.508564238672843,0.1134901403187301,1.8895871043105994,1.823700033862574,-1.2765981040495582,2.4013707326436604,1.891727237952144,0.0704317877144858,-0.4951738518950708,-1.1993394879484756,0.08857927406573737,-1.236075174714335,2.095177028444481,1.1779387921431739,0.5105170338481007,1.4301794969085284,-0.07182418604978921,-0.270056734482256,-0.4653216368454147,0.8801308665665744,0.4235815074636191,-0.7037476426312764,0.5160974833968293,1.4938524126134671,-0.48970553992607646,-0.3189527802540271,0.2730332358363752,0.14994867219226318,-0.2850069858758659,-0.03129321879762079,-1.3472940056362468,0.7752774780769892,1.1357076679432578,0.9277112639388632,-1.1925539648971457,-0.8309877024633305,1.5100936608875966,1.2755653582803317,2.4044738150143146,-0.8549499168652646,0.7431742366857823,0.3925290780521443,0.8719243091308679,-0.157240928683167,-0.48950891879126945,-0.07243366004739041,1.5474738099446088,-1.7545755670785355,1.4851984352632275,1.1120666609772605,-1.2829362565463382,-0.5125863729408302,-0.7207681023837891,-0.30946736470680924,-1.2773581434494317,1.4104785466744845,1.6143687062557315,0.018181150831212804,-0.12250253737051599,-1.2810620971227735,1.4762910809593182,-0.7241908587730479,-0.13041341636978898,0.9284285150149965,0.8970483385203512,-0.7802983098771761,-0.2436645881906098,-1.1328947987076605
