0,1,2,3,4,5,6,7,8,9,10,11,12,13,14,15,16,17,18,19,20,21,22,23,24,25,26,27,28,29,30,31,32,33,34,35,36,37,38,39,40,41,42,43,44,45,46,47,48,49,50,51,52,53,54,55,56,57,58,59,60,61,62,63,64,65,66,67,68,69,70,71,72,73,74,75,76,77,78,79,80,81,82,83,84,85,86,87,88,89,90,91,92,93,94,95,96,97,98,99
2.0,0.5720831763432057,0.9984867457457451,0.6164726568951948,-0.1377563477598925,1.9263064789469182,1.1072776820224817,0.4766827448692086,1.508208003214209,-0.3203711653033785,0.5027482142813854,-1.198874558826127,-0.6569259016585558,-0.7891370082960435,-0.7268344972132827,-0.009968293323615762,-1.292129391371985,-0.7888750580684967,-1.3241214311407727,0.5186345027383829,-1.6311978031818453,-1.5425035951322084,-1.0802946655255004,-1.43486935327604,-0.3434070939863698,-1.4787782909696494,-1.2781695954042358,0.44395278134723937,0.5539980695140937,-1.0944093867116191,2.1501859109993844,2.0912516268276904,1.766287522078285,-1.4241656416449089,-1.1233296256985337,2.2392850686139187,1.3665493327962852,2.4924278030048668,0.873439904607575,0.6057496797056305,1.280710883238208,2.2057553478473233,1.1518556457964169,1.905728539021522,-0.09321271197204381,1.7574220703329186,0.4699697714283388,1.0092230369788817,2.384175515968551,2.1345017366036703,2.3553773320002183,1.2236131340051433,0.35077769853235474,1.6199950050748617,1.624675310594084,1.8984032587125959,0.3501453878952134,1.5108775452364447,-0.2595759640604396,-1.505949911363811,-1.0730470875602902,-0.8272434333109966,-0.15934391328091202,-0.026646714329492394,-0.555182436245867,-0.826817515860522,0.7775707803844747,-0.6862679122841444,-1.6438019878494468,-0.6788792288570605,0.15027781570331167,-0.5746408994708727,-0.8246237296764398,-0.8123746271959332,-1.287477179058886,-1.5379451080862176,0.18759367791832882,-0.7078917988898755,1.696231685775285,2.263820329118016,-1.5076781349982498,0.6319178238552683,-1.1232837913826845,1.720364648556599,-1.1571989698701923,1.025422512715057,1.6051409543183295,0.6049975334687967,2.4532953409936082,-0.4558626498942336,1.9875120643779676,2.2674175993163965,0.4354398860169391,1.7082427688122932,1.1648025146670857,1.9516515239772905,1.8520573597091596,1.5217611136032787,2.421664872029573,2.373052942230062
0.5720831763432057,1.9999999999999998,2.2457856361263953,2.5580661403902796,0.6009025933790961,1.6515856083085498,1.9624621119722425,2.6810885132983078,1.7802451534913488,0.36733390320626974,-0.060954283934901994,0.26719527174227886,-0.4558170420450921,0.3368088535584441,1.0039478721047734,1.9274917542164454,0.1854579758669225,-0.3980819588628145,0.0445895950681286,-1.9315744670084467,0.6183535699275993,-0.8512628293492337,-1.0304041043828414,0.4348277577272897,0.8134255106489833,0.2690466770250385,-0.8249445205501604,-1.95405854478892,-0.0708255964007539,-1.6544426080377703,-0.4924901746675765,0.4316345623996463,-0.7427865051820524,-2.0505323881621185,-2.189177236961147,-0.1753702094584892,-0.175699104815021,0.6625798606192301,-1.17612406977935,0.6738393442543127,-1.3153416904077755,0.0585164570244255,0.6698125142390312,-0.223279459942784,-1.8616903041614992,-0.4592268267215828,-2.213977972172092,-2.497196189161135,0.037165765096329004,-0.2533532868561175,0.4706691126278212,2.50897381295533,0.39294786933558423,2.0688271252275974,1.4615023854771965,1.2941263714159263,1.5913365979012077,1.4944697934445663,-0.8667002346458265,-0.7915781900184005,0.1482073043089028,-0.5384370169901267,0.6715354990311592,0.866933967159497,1.0995827611220517,1.0063127190894319,1.390284103846184,0.1063117307677238,-1.1924875749129895,-1.140624131212023,1.0373221194314817,0.8674589969346043,-0.4239079229775652,0.612019637954689,0.280393481750141,0.20534664834402702,1.0708302509466243,-0.0793852880706501,-0.03191595560169911,0.47027456012434127,0.44275198541937655,-1.5583010867738527,-1.0547816161281953,-0.41995236462000607,-1.2349004623759616,-1.7185528917680208,-0.16179723250820338,-1.9549642307149173,-0.5475792315249159,0.7840400314647709,-0.7899859588804056,0.3277641443091151,0.1825510564266161,1.0011323188907548,1.402405691004332,-0.08767668967378839,-0.37084852905926047,-2.044666186627689,-0.0251339454291458,-0.20790923592404553
0.9984867457457451,2.2457856361263953,1.9999999999999993,1.1842207716327162,0.3704814247883248,2.7975124090600008,2.6660119998341187,3.293473101851352,3.087990570668027,0.2915264229159027,0.2097129708287123,0.5774352345748449,0.7520293878907358,1.3548171927069825,1.9180753455199924,1.1546878229395898,1.0309041880363716,1.1834439610014669,1.0748494695118869,0.007738010542935714,1.1530173995258202,0.4090208653737295,0.6637692895938808,0.3361827688246274,0.5000020348410149,0.6495678887565521,-0.2255694514758699,0.15306297528367635,0.7906803029147996,-0.1102706132470921,-0.5911271263636864,-0.4414973187330689,-0.9441506679356695,-1.3642436152497077,-1.2742518568931027,0.01479374312760337,-0.5168942255428102,0.12361643027068238,-1.4639050563715121,-0.0254463998766185,-1.4167484345376176,-0.16703699194190302,-0.24103870793946328,-0.0803975482201314,-1.333811329224368,-0.4092556466829546,-1.5521833044819342,-1.5857940670122133,0.672613006979652,-0.19583213299792018,0.7488474490156662,3.3907804160197412,1.4554546436997198,2.1392882989095106,2.8002998244947097,2.8900368349750436,3.0003502589301227,3.198781194163961,-0.6532032961184786,-1.0361513875298194,0.4737650940718381,0.3629043516562405,2.1687738645560057,0.9614056270305482,1.8649411483240428,1.5428152641499668,2.2734683668884745,1.5946110899792794,-0.34833987586195503,0.24742013503963628,1.9636953277967557,1.807362269251238,0.8470559488712062,0.1795957640179738,0.6338399279749227,0.11367159780230761,2.1796287991687953,1.1996514171033983,-0.3197758088541498,-0.1986718046141675,0.023553297327116793,-1.9328482939715026,-1.098898156666965,-0.6765087573270511,-1.0414145304286309,-1.614282701866496,-0.5467160062897529,-0.934162347860999,0.23065535203673232,-0.4160422969935446,-1.0312190453521428,-0.023284937138170606,-0.6834956278269007,0.30840682147776155,0.2767027272184621,-0.1401275337608273,-0.7768931008546849,-1.2943013789930153,0.8113773007473062,-0.10352201458248912
0.6164726568951948,2.5580661403902796,1.1842207716327162,1.9999999999999993,2.4814694595867817,0.3215963300242216,0.4402573803465263,1.3244231057710265,0.4532109268646959,-0.8749169850365773,-1.4660542024727006,-0.8787731816301149,-1.0718968601995995,-0.1857054116682238,0.2274227096204591,1.4034495761289474,-0.5714947904287917,-0.8175304737996374,-0.8085268076781066,-2.1226919921345617,-0.0978271838026788,-1.357722354234428,-1.6215743060049117,-0.9160522727659304,-0.659094602761884,-0.9080236263812984,-1.3962353537980867,-1.8288734069596524,-1.0598931446802764,-1.4708542484715905,0.314265653611504,0.3297977302440912,-0.035808131097839896,-2.188044096185229,-1.7835370524594905,-0.7248727676146306,-0.5056798180895528,0.7733604066273467,-1.1464596369235174,-0.24139461240577348,-0.8665808197942257,-0.3662346153508679,1.1876166378041213,0.0753756337459945,-1.479510981504429,0.39551714011664507,-1.3628394542355635,-1.917809758552286,0.1206460350857998,-0.12925166228666193,-0.0866115313753413,1.4505311346100689,-0.7652195881230122,2.129570016074302,0.445555495386723,0.08154737804173787,0.3436188305730058,0.5103914014115286,-2.0363578910072286,-1.4213012720926597,-1.2163038574597582,-0.9158015067768278,0.005189685401397193,1.0520734155356988,0.1707228476610923,0.4202924251817902,-0.41099844418249654,-0.349678720253964,-1.4132963119110862,-1.541528252333346,0.371123459970688,-0.08234984388377063,-1.305354171750724,-0.7320043050585149,-0.9204188152502121,-1.1015701038613839,0.2769433266800842,-1.3496443630662356,0.3568673657329343,0.3347649834375077,-0.702956683240317,-1.1635006634222311,-1.6878853581561093,-0.10711379966604001,-1.7032049705176187,-1.3146229692638727,-0.6173025508480225,-2.1255738127985166,-0.8436655495302353,-0.3364423386191977,-0.48000768918548475,-0.2787675916591004,-0.7568971976087349,1.1040568509650357,1.3111366934774786,0.1823951263559666,-0.2139614876904239,-1.564488194210821,-0.25579236571499087,-0.013440758453053883
-0.1377563477598925,0.6009025933790961,0.3704814247883248,2.4814694595867817,2.0,-0.7242469095247919,-1.4680700374459594,-0.21485304350482032,-0.93250284992931,-1.5113223216305247,-2.065546372063979,-1.2263995259782132,-1.2193698157288697,-0.6617613970970156,-0.6676691943028127,0.9211241950843511,-0.46396810914187314,-0.2955615567797709,-0.8999076535814042,-1.8365953136200084,-0.3359250404949802,-0.574937492922357,-1.208568371588583,-1.1916137321968587,-1.4858612176243173,-1.0718218653436171,-1.1456462794470625,-0.7457617132855805,-1.3651197878101842,-0.9774285666193276,0.1132128811750731,-0.3775674677351682,-0.18875518928385449,-1.414686717154809,-0.7473553378107585,-1.4550181387617451,-0.9909663310332675,-0.2965543349602728,-1.473024557545831,-1.6834241533281271,-1.180623493500839,-0.8621742202711553,0.6852945979552658,-0.1487609324894748,-1.0143433225315128,0.1318135593512631,-0.7885920459242319,-1.1746259261913206,-0.2842961568421094,-0.8163306329294706,-0.9250274537066652,-0.019597019849546676,-1.3069205665722217,1.3465449896840223,-0.1959696720173365,-0.9003267816457579,-0.5991576742931192,-0.48402791182877164,-2.4512251383176595,-1.441636203944599,-1.6894161620283155,-1.1702416674521605,-0.5226675240932258,0.20622376476648702,-0.7871565135529467,-0.6067418347960859,-1.7138181180135876,-0.3720223443927446,-0.8568145852669735,-0.7904866961741928,-0.1480950726305085,-0.3059643735492642,-1.0204744212340793,-1.7910552328827012,-1.1768881888734541,-1.1645831670708435,-0.032148715540563595,-1.6029756644030828,0.1294656732031062,-0.4565286994838109,-0.6750911052886495,-1.0250510885484019,-1.1603887828300459,-0.09045905109348618,-1.0196292932591,-0.8041235631268793,-1.2497280095606043,-1.2253010709956125,-1.4447137951033777,-1.1151209957612147,-0.3218208130037599,-1.3384703032717844,-1.6741526881335211,0.46598227447164303,0.44051231821977277,-0.06660084527238079,-0.449319541898028,-1.2047555485459154,-0.791335503310255,-0.5317340933523761
1.9263064789469182,1.6515856083085498,2.7975124090600008,0.3215963300242216,-0.7242469095247919,2.0,2.371907920696281,2.349196950999814,3.3833695168164994,0.18096539228419212,0.5257612499025826,-0.42426621532465303,-0.280067134453749,-0.050573163848534414,0.6053117975143754,0.3669742785219004,-0.3054246885338972,0.5710089180547644,-0.2255039419939027,0.443805888879623,-0.3232015844653501,-0.42510486686312265,-0.011346509778311087,-0.0750647911967019,0.5821612556032282,-0.211498304383706,-0.7927310330957256,0.3398354571718282,0.609404473950969,-0.05158834724523878,0.6945097655255346,1.2429946368350127,0.6224687096336894,-1.044984286484478,-1.0943077493603202,1.5600947810581478,0.7991781874167034,1.545480164544566,0.38157673141947995,1.116684949595306,0.3254217652321413,1.315800706534909,0.5075914562028295,0.7277185057989846,-0.957608204962336,0.735895016058597,-0.189179092448405,-0.3955402828297906,1.810863073576812,1.1398256598416183,2.2029341845090338,3.0332280796875093,1.338848523986253,2.2330473618213396,3.6278096074739086,3.6753046343017646,2.2011616573877997,3.3669375437232594,-0.1269323306362277,-1.5286466590199268,-0.1789425524089924,-0.7078756938747578,0.820193840240081,-0.5134292871776323,0.5933032646470441,0.4537833208902417,2.0734213033079016,-0.24001256547649238,-1.2823054087522077,-0.12326744342437712,0.754887757721262,0.6122259155873959,-0.1392298817196504,-0.08992849177020401,-0.4408990039700089,-0.7082236255511589,0.9020958164634083,0.7097916686332049,0.7892353202405007,1.49088618564751,-0.8243123814135982,-0.7487803564796822,-1.3436287982719908,0.5548202463396951,-1.3663401191889133,-0.05702921399967391,0.7495460961626919,0.061333912283077774,1.834755460013703,-0.28427316478425435,0.7038248971518106,1.5649920396764194,0.0726226669783748,0.7543297887645843,0.8355423241148691,0.6546902175329118,0.6097084306728138,-0.12826440389123878,1.880355612604284,1.0933545267270908
1.1072776820224817,1.9624621119722425,2.6660119998341187,0.4402573803465263,-1.4680700374459594,2.371907920696281,1.9999999999999998,3.072323938411763,3.055206940015409,1.5955382914693006,1.4648418342583396,1.3316683394105207,1.1061288579872128,1.5888634330942146,1.9741239514502569,1.0656952408738125,1.4288392797171248,1.0645179518989834,1.6498315355272108,0.9789054042799011,1.4148848650127142,0.4322863870602376,1.1604226325773939,1.289113699515309,1.6405780547801578,1.2712293264951104,0.6241890454477373,-0.3692198031312811,1.5382834991578813,-0.0099741999132686,-0.10922405473104776,0.09637010026665263,-0.7299088148883945,-0.5192107550452985,-0.9581471630186221,0.6183226358240275,0.31428597533077096,0.533820291478847,-0.10530828096120115,1.6327092533761227,-0.503279647811563,0.41083095639007716,-0.3182183398547422,-0.06561380798942312,-0.274156818961228,-0.4387473197410273,-1.1845809887868801,-0.7463835763251596,0.3941321359870823,0.27128735715796626,1.4244569463388097,2.570545059084095,2.292618696909121,0.8243931834326981,1.949733581782914,2.6397751242876906,2.889487454880558,2.5579726926152904,1.1428200612554076,-0.2227201366339693,1.3006710553893046,0.6273365801644668,1.9494276419010537,1.0877715126639855,2.352170616347396,1.9767114255739284,3.052068245706162,1.4301894935377868,0.28755802176267,0.649736501906393,2.0186106096810703,1.4776701712923077,1.2532079804650988,1.7593279261637877,1.2164224881990349,0.7974740588539753,1.8166080314571134,1.8043569972460354,0.006033981826161633,0.3589122859267716,0.7994205056844831,-0.6785250067661014,0.1126072413130567,-0.550457509265952,-0.010039142047439123,-1.0521422962394569,0.6198408785975926,-0.23499545798138088,0.9720524239583166,0.9882415267047832,-0.4021768647523273,1.2304190716997183,1.1010446097510038,0.32471651379116256,0.3075384086619956,-0.03363400423143462,-0.12360262895972879,-0.1461335190519742,0.7667764979114906,0.28880748094225245
0.4766827448692086,2.6810885132983073,3.293473101851352,1.3244231057710265,-0.21485304350482032,2.349196950999814,3.072323938411763,2.0000000000000004,3.1718048618493615,0.7655871774874504,0.3960665556921329,0.7993552780710051,0.6028992974201088,1.2830997941286921,1.9114526222710002,1.4366178393107,1.1445400359072475,1.1796824351710287,1.3881371759625931,-0.3153953729024324,1.4515591543615007,0.2630047663020722,0.6515005559909518,0.8678327325870931,1.3081723747326883,0.9485126671939569,0.047178306668532406,-0.7790863901099689,0.709544572544952,-0.43351350857238125,-0.893187014906426,-0.5008380636301186,-1.1811269500496724,-1.281058999027342,-1.4914302267906008,-0.2836338150645309,-0.4462160959736255,-0.029341156999688298,-1.2578987760263627,0.593756276732297,-1.4775528578143016,-0.41396006688216413,-0.3638616262738052,-0.3611324870168756,-1.5230954874268776,-0.7214232954939066,-1.9232767765011651,-1.99039623715067,-0.021136555232562387,-0.46206832854925683,0.9115533834513383,3.1808672918841183,1.6131528133467983,1.6327374029787707,2.2302266669454522,2.4755711614518336,3.2583446046607247,2.8196493890224565,0.05284129410602589,-0.6233894789521003,0.7452212362029095,0.2566320908132147,1.9132561203950353,0.9299118171726586,2.126347299826811,1.779870869711576,2.494336931291775,1.3417787220276445,-0.17685190369321938,0.0891736726115554,1.7559558757086666,1.6280507455012558,0.866013059256887,1.093444151945056,0.8967800593642136,0.5879708482154049,1.8438795165263704,1.251435760581956,-0.6421255480417822,-0.2780283827021851,0.5481689609760387,-1.9340297226154712,-0.7426881977365526,-1.1298202312934396,-0.7856111029144042,-2.0866322042345855,-0.4505598862411403,-1.3196186394178944,-0.2526834770572819,0.39329526885462374,-1.2851748563552066,0.12988680791315949,-0.017794834631723808,0.13545477376642479,0.2928297876981402,-0.4388764604923543,-0.9019892977191306,-1.5861182850674203,0.1777625102561874,-0.4725933353663327
1.508208003214209,1.7802451534913488,3.087990570668027,0.4532109268646959,-0.93250284992931,3.3833695168164994,3.055206940015409,3.1718048618493615,1.9999999999999993,0.7343593669665833,0.8268475428562274,0.2346662172846537,0.19898562864317149,0.6357233231756693,1.220001205774203,0.3552306290155056,0.35037828365348683,0.8200255604164194,0.6487274121534505,0.4935358251215381,0.5191842344909463,-0.03969827678899561,0.6096844091988293,0.44810878293861606,1.2302984516077848,0.381621820467686,-0.2365866227350714,0.015451619976352304,0.9460547898997542,0.06335428106135668,0.42341711420514166,0.5756117175512689,-0.09824029478023799,-1.070098976951397,-1.2173335248790111,0.9758179692055935,0.3504004781036084,1.0545437035466425,-0.020854759341475987,1.324981166373254,-0.2448474734803505,0.9321582544525959,0.2991178437586705,0.5037857535232745,-0.7991936912543589,0.3225342287975791,-0.7849987084134347,-0.781727094451002,1.0999888464547993,0.6835742355411112,1.866701539458198,3.0103284946589595,1.5826081905347613,1.4907562291803593,3.098608793167995,3.4849826893414955,2.7371820735171823,3.4185060879130225,0.434743922503683,-1.140954440448789,0.2660246375796653,-0.3427539679970628,1.4238006868680555,0.2108334892103581,1.4780843817601024,1.1285502496632998,2.428184633726678,0.6031300710468628,-0.808557465431951,-0.04721519201145949,1.3368950250813714,1.0489899052671507,0.4484067752807165,0.7626425640339894,0.1338086458921952,-0.1418951637211947,1.351389860283552,1.191968228489094,0.5661837960734102,0.7291571809909507,-0.41003283659911277,-1.224414802598411,-1.0984963328848252,-0.2771431705656448,-1.1106029828121424,-0.9617748514374012,0.3843554199253405,-0.44201168008050556,1.2320190512564895,0.053728767448752476,-0.0977606787626063,1.3515304914201385,0.36582564105096066,0.6550842864388791,0.6764078310675042,0.3379164398547413,0.10424251173935672,-0.35516600706647883,1.2950347410107872,0.5656983337141255
-0.3203711653033785,0.36733390320626974,0.2915264229159027,-0.8749169850365773,-1.5113223216305247,0.180965392284192,1.5955382914693006,0.7655871774874504,0.7343593669665833,1.9999999999999996,2.942703218691665,3.0895870641668046,1.3617844121517604,1.8557024162979794,0.977445693167267,1.1647403714271962,2.0548610269526715,0.638638859165477,1.902689211924043,0.9446017896451615,1.7679327243060219,1.588221557540034,1.6195732892557042,3.099446463043434,3.1525318055712295,2.4087190823693914,1.9214405425399197,-0.6019306698153952,1.5819013154937118,0.35115570513414984,-0.4975807064760944,-0.5433379585288403,-1.1026644114637063,1.002634240637942,0.2672432722773143,-0.8011957070888676,-0.6683354414725242,-0.6360336333304792,0.7939593581977263,2.3483126415540077,-0.9094521815182316,-0.12163084343271763,-0.5765085461910736,-1.55128279334938,0.5906452112542961,-1.6264265387343837,-0.9527795911219545,-0.4465052260508819,-1.6561935709619755,-1.2988089705334955,0.8358846154379954,0.01731873343756278,1.8285575177138442,-1.430237250269284,-0.4113383505113646,0.353447811234347,1.094596306751615,-0.28022198137682275,2.9052744848606977,1.4675264034031859,2.6953037055027815,0.7924854806065202,1.5381209469336583,1.1402385362367462,1.6059994133650464,1.5503181333999942,1.8265624492891768,1.0222493991299617,1.4835958412252381,1.2485066097616804,1.1978680080183493,1.2233998359041272,1.9441155402323695,3.0642933621381947,2.33462148410407,2.703747183799792,0.7672374371202418,2.370522367159925,-0.13257274101841793,-0.5525292214971567,2.4350654085333994,-0.3129945032960377,1.6360123609982036,-1.4811754855890138,1.7429312098950658,-0.949709906274541,0.20955855486829178,0.25309115344422095,-0.5459955399793769,2.0920234333883134,-0.6589814609088621,0.5197913251860914,2.082972774453885,-0.5162407757804973,-0.562485294704634,-1.4678658088134278,-0.9223604200876763,-0.24554109723171005,-1.26613046935194,-1.2434550709813976
0.5027482142813854,-0.060954283934901994,0.2097129708287123,-1.4660542024727006,-2.065546372063979,0.5257612499025826,1.4648418342583396,0.3960665556921329,0.8268475428562274,2.942703218691665,1.9999999999999996,2.299411243226562,1.4656039909379688,1.120846705264179,0.9279372543950243,-0.540774876355669,0.8629820935303895,-0.36516924807976286,1.1049341858032673,1.0085709481585372,0.7337652884998991,0.12759225483914818,0.7905184299416624,1.7535356123799877,2.026959434410623,1.1306586935925624,0.743471961169343,0.06271315456512629,1.7262455659219014,-0.09864437191571669,0.19221196608401112,0.5067011341197202,-0.5261394117048518,0.36297376389363334,-0.3001319851709193,0.6730936450369317,0.6531553425097655,0.369252998595278,0.9306615781642755,1.7296885017741723,0.3327477562414361,1.0670500351562677,-0.49823352927666653,-0.049292037118421894,0.48072217123103383,-0.535868335436642,-0.411213941790844,0.08002747466348692,-0.1352314746566714,0.27438936603483244,0.9439029060591668,-0.10029802414560948,1.1493822891873573,-0.9580694347154382,0.05687236235468299,0.6857508682409544,0.44678420938874575,0.2919299415582416,2.967495151610369,1.6723019100876677,2.365648179035952,1.0904633004928956,1.03411378171455,0.5011910877664819,1.42560089454205,0.9188020688840054,1.7968667487758214,0.8338281526035167,0.7145819572082938,0.4467629257183596,0.768050710888907,0.4471942929219605,0.79450783276,2.6380023103396364,1.775333221138683,2.004540419060686,0.9403635993193218,1.5359775189151708,0.5648058412053281,0.7023743279436958,1.2772703128911598,0.6294359745495478,1.1677602754716134,-0.4101829379216498,0.9039963218350685,-0.063431869707076,1.2904990613370597,0.6975572336083464,0.8453639290297613,1.9395454397664542,0.44507027470518323,1.7565273816821279,2.576203368962114,0.1635029897903319,0.0668592088664002,-0.007211099477431787,0.22495987620165472,0.3684109118966447,0.1585399710334255,0.248617052665276
-1.198874558826127,0.26719527174227886,0.5774352345748449,-0.8787731816301149,-1.2263995259782132,-0.42426621532465303,1.3316683394105207,0.7993552780710051,0.2346662172846537,3.0895870641668046,2.299411243226562,2.0,2.1788599556729413,2.697313577818904,2.0382058824454834,0.9038624981896111,2.730676636021801,0.8808294632687242,2.7571647714952423,0.7150296137065769,2.6405875227261557,2.2416133129357023,2.1341791735506046,3.303784890232673,2.544005772713333,3.2412287840215366,2.2453591747184576,-0.3352206753781607,1.52722299269153,0.8589888074783203,-1.8030160274061298,-1.7082818231027637,-2.247722368679696,1.1398143282476925,0.4603499897078823,-1.451996164522843,-1.1755718270331936,-1.746633764170447,-0.45494100043434316,1.2519874545636371,-1.7468132078164733,-1.0297178111895218,-1.1907787963920102,-2.031174529890847,0.2885754950454267,-2.336763276907868,-1.4335203086552415,-1.0893002064548132,-2.128956624964822,-1.9675011191015532,-0.7203653684405341,-0.0388267550817262,1.6221084065485596,-1.7793557408925837,-0.9592755482997395,-0.2155781697484431,1.2429764878182183,-0.43152800225210797,2.507406868130243,2.027288837039899,3.4085704458767174,1.7902867733498478,2.292078705974729,1.7435131996380209,2.554291778900497,2.2590545515891054,1.7890578078163464,2.1430082153103207,2.2173998904357104,1.4004951301946162,1.6142528270820038,1.9686217598097198,2.331055820705637,3.027058143732303,3.224297454564377,3.33551247628613,1.3678885091205122,2.761865864026434,-1.2822725513013777,-1.707135420997778,2.951090095502251,-0.7463455429638357,1.8403736514525761,-2.013095207418753,1.9083232364764076,-1.5741720572651428,-0.42590336755582486,-0.1639730997408459,-1.3095508967356215,1.8104363074778482,-1.8369342785999065,-0.5736511211791249,1.5217564089880145,-0.9649198049364872,-0.8777396686133033,-1.896659135579295,-1.740381764208565,-1.0116657239355356,-1.6404797014503611,-1.9215330411828258
-0.6569259016585558,-0.4558170420450921,0.7520293878907358,-1.0718968601995995,-1.2193698157288697,-0.280067134453749,1.1061288579872128,0.6028992974201088,0.19898562864317149,1.3617844121517604,1.4656039909379688,2.1788599556729413,2.0,2.6010344394001423,2.1234824875558345,-0.3311559210872772,2.0746161129924774,1.6474275939025118,2.4497255492482557,2.026123148164766,1.869796891126427,1.5983690521318774,1.9869306216878868,1.2173034277906312,0.5018829482547283,1.4547443225071226,1.5416325904099304,1.0857409063410128,1.3971669014306531,1.3957770722666307,-1.0791031406055611,-1.6136404805348346,-1.3476743001440266,1.5828299104278882,1.1838209533716595,-0.3596470094256172,-0.4520801389583267,-1.3951753424938498,-0.5985224502647832,-0.3618292357263281,-0.6470451603103677,-1.3833266894805103,-2.3013596972577925,-0.8417625442801514,1.0334126637627377,-1.383433533786655,-0.16242203945157463,0.3261221670988832,-0.3926128522542516,-0.4930700897677415,-0.7569089455546829,0.2457532991138357,1.5419163026173726,-0.9900191652234012,-0.27625714323522044,0.13827448833690417,1.1664695403102845,0.415933169082563,1.7941267839104742,2.4255851737599654,2.310415562846089,3.4083198963643944,2.5282408593456607,1.3054737195548798,1.9531746074346574,1.6185652008543117,1.5166109595105213,2.6584542484587357,2.4879442120601643,1.81951781591666,1.2129528354728967,1.186465052598655,1.720317225534449,1.6716727349856675,2.344121564581897,1.8363301317957375,1.7143670494530774,1.816925644256694,-0.8950490265531325,-1.234693797543463,1.1091398515987474,0.602933936738733,1.6301035035693368,-1.0330356117688062,1.302089704256961,-0.11499175738685019,-0.3039199563893615,0.5484503275043157,0.09410059537167814,0.605010447808183,-0.7694617540606148,-0.49195213738635346,0.4165409766840095,-1.5815423718376063,-1.7071918414872704,-0.7965046794360411,-1.062034401910573,0.5215499020268187,0.1507710812752503,-0.40219685072752076
-0.7891370082960435,0.3368088535584441,1.3548171927069825,-0.1857054116682238,-0.6617613970970156,-0.0505731638485343,1.5888634330942146,1.2830997941286921,0.6357233231756693,1.8557024162979794,1.120846705264179,2.697313577818904,2.6010344394001423,2.0,3.0708808439605835,0.8358179213085595,3.079476600935938,1.6675472310430302,3.0400069878103375,1.2939564434245594,2.923203390065497,2.2693365717653347,2.601476829734216,2.030462193999409,0.933352845879021,2.3823603498703374,2.0177485691128836,0.18088919607796178,1.1840635501218975,1.5765098417941112,-1.7433489756070242,-2.1265370102345753,-1.6663196952414754,1.04888656447429,0.9119336000349014,-1.3246018148942225,-1.1860170778488472,-1.4654928655673527,-0.7703430841059247,0.45685056629516096,-1.5429437697377377,-1.8320342976399182,-1.4639886686001016,-1.3635886784410898,0.29631839446031144,-1.338423603027243,-0.7641500361640507,-0.5906517948450062,-1.2215207463975566,-1.1724349961735676,-0.6734748955325764,0.8314244328728895,1.678861972351191,-0.8507270829274926,-0.19974670491067306,0.1965574399331413,1.888594409391227,0.5604556117613432,1.1794192275171413,1.4776855162286533,2.5132912335068904,2.589970125219869,3.3981064757566983,2.8377069992940314,2.8574246900531555,3.1804167534233043,1.549703339444574,2.826459460365595,2.232788347786684,1.518767853174312,2.304386216447699,2.031719150458775,2.3084531309602596,1.872590232973577,2.712540251169057,1.924689737833492,1.9245074496923813,2.365338094310871,-1.6373621977752473,-2.069075287314191,1.8093911966496878,-0.6529037705065817,1.0669408819580537,-1.364909387705183,1.3490346576374879,-1.2327365071750624,-0.9657329064170993,-0.2575247427981589,-0.9277070113541248,0.530782968505389,-1.9315396094075614,-0.9861263723461383,0.26215956004626906,-1.3112321009088792,-1.2409172888383628,-1.2460530001844838,-1.3141572481001433,-0.3981724964153792,-0.9542212633833069,-1.0901047205452583
-0.7268344972132827,1.0039478721047734,1.9180753455199924,0.2274227096204591,-0.6676691943028126,0.6053117975143754,1.9741239514502569,1.9114526222710002,1.220001205774203,0.977445693167267,0.9279372543950243,2.0382058824454834,2.1234824875558345,3.0708808439605835,2.0,0.07236341774016519,1.9407251854515444,0.7466861670987717,2.145785433410908,0.6351017178530389,2.4617714960348596,1.038783454375157,1.5262115584238303,1.2269056653204695,0.2337426816642974,1.5100805727322892,0.888964351378198,0.3080175335345831,1.2463756019970431,0.9525964308255962,-1.2536986427924188,-1.3103505248397105,-1.239928385968561,0.02361184487246179,0.0592873236319988,-0.2823683234634663,-0.06003633921750445,-0.5461808460445349,-0.8009232653651214,0.3708314678179924,-0.8195844735259249,-1.0838709952628505,-0.8731003660884079,-0.4258203908424627,-0.25377424236123447,-0.5455839852868183,-0.751158003137007,-0.8189467197929865,-0.2708710617223698,-0.10738282331067112,-0.5730340147543299,1.6016638920290482,1.0433048278572032,0.3549176972608551,0.5880831513525173,0.8281353548818668,1.686024144891275,1.487330218263498,0.49626139720072837,0.838991449348228,1.8741036369904998,2.175051078653108,2.831953703127946,2.443470273532926,3.171022414902764,3.302035149536756,1.6997360657891862,2.4433909722684928,1.1284546234271964,0.4401555218469403,2.2308888053231692,1.9825928955048846,1.3524791930744124,1.5389133479952557,2.1947010831156724,1.1394600216289064,2.391173836417326,1.7955627482675816,-1.1657685452496576,-1.1429509157767268,1.0907192144217328,-0.4717361548269543,0.28116288557096447,-0.5774220422269121,0.2403573385592614,-0.9172185053998196,-0.1825814511296093,-0.38223147877251185,-0.0364114416789062,0.7814281216130061,-1.275904087667795,-0.4133600915085755,0.5474951446234034,-0.47984293323932836,-0.24310317335029968,-0.3332592792349197,-0.5057734836675092,-0.6626707689872287,-0.1319946524099809,-0.10495813664567455
-0.009968293323615762,1.9274917542164454,1.1546878229395898,1.4034495761289474,0.9211241950843511,0.3669742785219004,1.0656952408738125,1.4366178393107,0.3552306290155056,1.1647403714271962,-0.540774876355669,0.9038624981896111,-0.3311559210872772,0.8358179213085595,0.07236341774016519,1.9999999999999996,1.4082526633697146,1.4177238075622385,0.7335595947974494,-0.5289783110025855,1.0435311893618873,1.307981311940277,0.5780250272026435,1.1929915770576793,0.9560200017821969,1.3233654781199151,1.035324203777343,-0.8939032390696205,-0.07345185816667991,-0.3820670942659277,-1.0547087539167628,-0.5689766228501765,-0.46043004220588646,-0.011878253358360097,-0.1544341706285727,-1.2324130511240239,-1.357532538715341,-0.7969232807446265,-1.2109561213861282,0.11516679677604881,-2.051609624802227,-1.050410671259799,-0.1526686486894007,-1.5212617574273546,-0.6923793303240082,-1.3585052549471333,-1.5842177425348312,-1.0818876388293546,-1.2372282579556066,-1.747312712402728,0.4134838534085764,1.0871731474632376,1.5895020639162798,0.476602112745058,0.3096040397294665,0.23701934976350722,1.3749062596479016,-0.046766383946897166,-0.5565107839600898,-0.7533463756438852,0.2578263539708842,-0.6180046429571526,0.6653535448626886,0.832759951295643,0.19150589933624462,0.684205694790339,0.8091184144590015,0.2215850041041518,0.34276833108741667,1.0596245543033898,1.4446333552042125,0.9596823014228808,1.3135416353924203,0.06359331916258812,0.5218217595685174,0.5054914911486693,0.38453478125146506,0.933020179434841,-1.1309223603417835,-0.6885620951173756,1.454573662730452,-1.4787330057234813,0.0874265943845812,-1.0749046854993083,0.7805539025614472,-1.539798316573255,-0.9990822206747405,-0.5630686188704705,-1.4042522762615572,-0.04145765224310201,-1.2263986280364412,-1.1334811194099488,-1.1050208538319657,-0.5182500655000692,-0.3481145194853857,-1.2456119018373057,-1.2001162647829755,-1.070364081057499,-1.0811185100858178,-1.526219885358439
-1.292129391371985,0.1854579758669225,1.0309041880363716,-0.5714947904287917,-0.46396810914187314,-0.3054246885338972,1.4288392797171248,1.1445400359072475,0.35037828365348683,2.0548610269526715,0.8629820935303895,2.730676636021801,2.0746161129924774,3.079476600935938,1.9407251854515444,1.4082526633697146,2.0,2.316668498404366,3.521952444428234,1.3617548499387924,3.375136091597299,3.07799457691292,3.04210860458681,2.696419946520922,1.4899725971482232,2.914265609924744,2.724313922345302,0.10281691526034889,1.463141553598306,1.321101744240603,-2.0900247995710233,-2.4332490093899164,-2.2139685478921605,1.5234964578241046,0.9961860964813276,-1.8236803210383865,-1.6628563934588128,-2.411927523273236,-1.3235595958038218,-0.11397298551754441,-2.282843323423462,-2.085766664457063,-1.946824768463463,-1.8837862029806551,0.46073293994447245,-2.4578184993229075,-1.4281849633978276,-0.596328072544427,-2.008048533637945,-2.184825686375161,-0.8063579316169431,0.37920420462953663,1.8979923725078491,-1.368378563862434,-0.48211238370143983,-0.12028668455510512,1.9124165127218422,-0.027276753776656615,1.3990812866151061,1.5273920798741607,2.56499294793513,1.8953150639175913,2.728309632802084,1.8225208781517908,2.4587599785933407,2.48612733134652,1.622858547422166,2.5751004852084836,2.6392956237934846,2.2564632510512252,2.430962941405841,1.9710448430385168,3.1200156293722414,1.8547326367969252,2.719027449737056,2.5177160083716847,1.8333210350395004,2.636477220047187,-1.7721517033191536,-2.4106407483755206,2.704866850086254,-0.9463944876836718,1.8031409776077107,-2.208139376386706,2.244995699640917,-1.781107718331711,-1.240261042483867,0.11585162155397191,-1.5300915009730707,0.8369939750506578,-2.4385238512849536,-1.6032526587185385,0.11531522123307175,-1.7433812063732277,-1.6772367873477,-1.7487236842561558,-2.046364675491214,-0.4515954545432418,-1.5484696451731268,-2.0221369431662333
-0.7888750580684967,-0.3980819588628145,1.1834439610014669,-0.8175304737996374,-0.2955615567797709,0.5710089180547644,1.0645179518989834,1.1796824351710287,0.8200255604164194,0.638638859165477,-0.36516924807976286,0.8808294632687242,1.6474275939025118,1.6675472310430302,0.7466861670987717,1.4177238075622385,2.316668498404366,2.0,2.259636440353596,2.3790513517947853,1.6997445079134001,2.7504197410728524,2.856374312905433,1.0215309100400884,0.3226040196800964,1.4749970629803013,2.449901517613022,1.2097867932160855,0.3598089017339358,2.3106526507318907,-1.7419021613585481,-2.0315179705095012,-0.7816499144222739,2.4389668218898937,2.1237566205990888,-0.9876361885663952,-1.7365681570622942,-2.248319935448624,-0.7532383545731325,-0.6317363224175715,-1.3375848614232757,-2.174412529974111,-2.3198900710201147,-2.101754572701561,0.8858917373022259,-1.7079203711707067,0.2115789435817387,0.7050104934887939,-0.8120926369674105,-1.7337155522964296,0.3382147071010716,1.1162118452587113,2.7215576643865087,-0.5581746748979817,0.9040078678407034,0.9673576613873149,2.516526808718999,0.9770512027678367,0.6335449529799948,0.6031695226302337,0.9751458734736567,1.4881931735866305,1.8366929073159994,0.09556280406338527,0.5591106833065935,0.9357822930764703,1.605286948382647,1.7683079692747734,2.338613990213908,3.202747318524991,1.358448271332798,0.7572122238046308,2.5660285185819784,0.035090967957368074,1.1242654976338402,0.654598419122664,0.5242701166664078,2.174411161758193,-1.960656516120658,-1.9717655247766714,0.9161912064115277,-0.9321769579462582,0.67374479099614,-1.9020876793451622,1.4756016926548978,-0.82274290892343,-1.849996798926768,0.5560189772284239,-0.7248383109246792,-1.225399719720795,-1.662909076141839,-1.927542957585139,-1.778482155558625,-2.804730080614994,-2.7575601203746682,-2.236377896595916,-2.069685132147476,0.08035032407613402,-0.1907434075686972,-1.8535197033990412
-1.3241214311407727,0.0445895950681286,1.0748494695118869,-0.8085268076781066,-0.8999076535814042,-0.2255039419939027,1.6498315355272108,1.3881371759625931,0.6487274121534505,1.902689211924043,1.1049341858032673,2.7571647714952423,2.4497255492482557,3.0400069878103375,2.145785433410908,0.7335595947974494,3.521952444428234,2.259636440353596,2.000000000000001,1.607360373806932,3.3268897149104557,2.8772962067573187,3.020557346738267,2.590331819023748,1.4975298147091254,2.8585852225094603,2.495770283377619,0.2604126429975139,1.765699865576518,1.3749993628521864,-2.261738695153831,-2.5128869362775217,-2.3585615077493616,1.7200017887525338,0.8367769095273754,-1.3551506444794663,-1.2394353128108364,-2.444176754026654,-1.333173812885199,-0.1326160899768668,-1.916975256498823,-2.042994071876929,-2.2784416561976473,-1.7485651018752635,0.44137311001674,-2.5091584322467764,-1.2913832796947422,-0.5474354649964758,-1.6485484100679315,-1.8184662892730847,-0.8467429237284279,0.5898987979327892,1.9809990588764794,-1.5559763356290501,-0.40134120769295223,0.15863577053740738,2.135170564099727,0.31787325318160997,1.84805722310234,1.910217806816848,2.8112645505277385,2.239574331096213,2.737489980288255,1.473626057953491,2.7341247841453162,2.335190251704421,1.9955200311364125,3.054314585345159,2.9449637967955073,2.3378425257143456,2.1167444764357626,2.093502903655376,2.924490475556748,2.1028464374994025,2.9932058585928374,2.682354371478258,2.015602228031727,2.72285372288253,-1.798772368329867,-2.4463831034860104,2.494542347618504,-0.6314149116241037,1.875361910536237,-2.18117639970386,1.9861729352747546,-1.611903792819465,-0.9193091727343385,0.10820743476436581,-1.107361994707845,1.0069149693530102,-2.200958630230519,-1.3598240441639335,0.38779380634820476,-1.8196045977132214,-1.6591133201768664,-1.683899537873823,-2.068981307943591,-0.34021398104166767,-1.0339542355319793,-1.7691142402027746
0.5186345027383829,-1.9315744670084467,0.007738010542935714,-2.1226919921345617,-1.8365953136200084,0.443805888879623,0.9789054042799011,-0.3153953729024324,0.4935358251215381,0.9446017896451615,1.0085709481585372,0.7150296137065769,2.026123148164766,1.2939564434245594,0.6351017178530389,-0.5289783110025855,1.3617548499387924,2.3790513517947853,1.607360373806932,2.0,0.6365509102643401,1.4682227927057931,2.3685202505387117,0.5711783221811495,0.0988751533471148,0.5827709066164967,2.070445596686039,2.2204965080964847,1.5459709596974547,2.300946573538973,0.02393832974064042,-0.710390062386419,0.4630745945738437,2.590247585690662,2.3371698286037055,1.0903521854375438,0.058617985388072086,-0.4640502000808558,1.4205820010272545,0.45608272702655306,1.177181481334928,-0.27054371467545235,-1.7900857986781662,-0.4319418516160876,2.2661882027220037,-0.1254501818016922,1.8114063396259192,2.6615287363041435,0.670175092029773,0.4094832478909564,1.2759649187979065,0.06098088855759559,2.1999221526454753,-0.9043575629026426,0.5493698932403226,0.9994479704690653,1.1227097438187743,0.7644519811668595,1.795491913547067,1.1911683226203371,1.0544205423042892,1.7808112179186053,1.2180759297143993,-0.08351079462274841,0.31377987170740884,0.47515324098805617,1.6301278102700176,1.358382902063791,1.9367661459470293,2.531461962287511,0.7947582087087398,-0.20634104439840872,1.955824869239545,0.5895763151247625,0.6698586815403461,0.2460419313639447,0.4196244095607006,1.7869771523747355,-0.3698587929836109,-0.3357772751196022,0.15531579629215142,1.4348208380777545,1.232307830672252,-0.3575164964025578,1.662440810091022,1.313360325235635,0.2670291544278084,2.1002255283964044,1.6044291840851166,-0.2363462110512136,0.3541541310687618,0.20568259075069276,0.18092790266270364,-1.8144000226349033,-2.150265440501387,-0.5441950947288704,0.044914080630924835,2.317414693774464,1.1520990731291552,0.28716218953954653
