0,1,2,3,4,5,6,7,8,9,10,11,12,13,14,15,16,17,18,19,20,21,22,23,24,25,26,27,28,29,30,31,32,33,34,35,36,37,38,39,40,41,42,43,44,45,46,47,48,49,50,51,52,53,54,55,56,57,58,59,60,61,62,63,64,65,66,67,68,69,70,71,72,73,74,75,76,77,78,79,80,81,82,83,84,85,86,87,88,89,90,91,92,93,94,95,96,97,98,99
1.9999999999999996,0.5960246796762184,-0.04194820176635641,0.27738005060363563,0.26486122341279333,-0.16044552778152252,0.8442456189571421,-0.07826253924788841,-0.21035251040342678,-1.0148230031832017,-0.850405788942927,-0.8009097675722401,1.1305484311259006,-0.1632307296752095,-0.40356748403915443,1.0234868868790636,0.07359101224529208,1.1202255927832343,-0.15978938232670264,0.9393260765287328,-0.29105363791472627,-0.6199937689773523,0.7579820608564029,-0.2616522085116758,-1.300714913386789,-1.6733284216433515,-0.8889848534775683,-0.8677301823999423,-0.6502680791215958,-0.20648903802655386,-1.1566970312031963,-0.2258510846295106,1.0377889665610252,0.9589847342278289,-0.26983633103866633,0.5168343162175053,0.00810671923518258,1.4434873430085418,-0.38903373729952073,0.21826166914467413,1.2410896540947154,-0.6071239539881417,-0.032098475605047416,-0.09226416889874989,-0.7185109667720195,0.281988421265365,-0.1616771082435246,1.3498350080961026,1.8612759145130584,2.113548761913186,2.6219617595859277,1.303438895243524,1.3723412640911383,1.0279602023979066,-0.39441582147294246,-0.09389182395904833,1.3515950271134018,-0.0582952080335362,-0.7940383703531213,-0.7009934172318251,-1.7628318696358085,2.192697780321189,0.2091193626545093,-0.044397923512299764,-0.23171101973658204,-0.5151785593103307,1.1078110557308283,0.8368412349772871,-0.34160362223264196,1.5633709092254489,0.13306891473248728,1.0761965937236084,-0.2729709944757085,0.9555630746864612,-0.34505646602951157,-1.6780077387848769,-0.9466805518334204,-1.198141786526827,-0.7152926239525114,0.8201688225259909,-1.21762550112227,1.237614364542854,-1.0754614016036286,-0.7892031370095981,-1.5526893694725037,0.1351285000133802,-0.3097294347712869,-0.6571947727270335,1.5962583310920382,-0.1731300439764105,1.601475318634408,1.2143638278588966,0.8095352735199847,0.7087362679480802,-0.6227470291927819,0.20451829327783796,-0.10589573941834751,-0.022410808208837674,2.3884103608955547,2.067462901743834
0.5960246796762184,2.0,2.63426147625331,3.251998873581064,2.7308423379514473,1.919267320448855,2.247734786626358,2.766222736605139,3.2563305425620315,2.3570411817638344,0.6702008617760292,1.5559417480566566,1.4001956386779395,3.1035576202038357,3.0687004000266365,3.5145714012146145,2.701566732994138,2.332187244463011,2.0240186860036826,2.984967424430777,2.5929708182599565,0.11910004772362695,2.283543956919691,2.6373037716242975,1.88221280999854,0.8954429300989482,2.5915141368169996,2.8420536884408527,2.4147714666111932,2.485786799643159,-0.0596588557361821,0.29033949849579227,3.3773948178524327,2.0291477269780853,2.9085041851491193,2.6495334132850843,2.8863644711444687,1.4774414344865163,1.8780292554332887,2.569789577153543,2.314740979453732,-1.0402231847645864,1.9299370831591456,0.3121748386292717,2.0556011970440458,1.780084544163091,0.8185285209668278,1.0052676508431522,1.8935814537822155,1.3728175784728236,0.41852151026528467,3.6303811734858678,3.2215722754878673,3.31712100617303,2.7520333595309583,2.721964966252835,2.771841816893419,3.160998098188412,2.401038890286907,0.329503877727918,1.7182960172287751,0.4474116637070193,2.1618791934797668,2.9407180147018246,3.3230187998550793,3.0546385474067845,2.6507898793058335,2.1878033591013963,2.7938408482575086,1.945396056891847,3.1604367345428455,2.315148976149705,2.5606449461001173,0.58069438023264,2.4686576365714803,2.0229621278614083,2.59894777619784,2.1473982399023277,-0.6204741182441389,0.3442277769328525,1.7935860619498283,2.3562290408960926,2.0206500406890666,2.7621223061840805,2.4336402152852807,3.0010508572253936,2.825146952306644,2.9545488642095137,2.8018480971779005,1.616771478742859,2.5552950343983403,2.1726524740137365,1.332232266665057,-0.44424793543044405,2.202880941794106,1.2894740779332634,2.2801638611160184,2.982466361272161,2.1863136458237453,0.7683897106234712
-0.04194820176635641,2.63426147625331,2.0,1.9589351589983812,2.0915680543221855,3.1819791016900036,2.3759569387093773,2.4536564812610497,2.6282317491758196,2.39667243335601,1.4312299551135412,2.2556077067268943,1.579297236445733,2.4866924620386106,2.379511158053458,2.626130915243353,2.0351398852762994,1.1593366690553522,1.1705339749376924,1.5868042538717972,1.5017350602899802,1.0354212777091467,2.5887251334205037,2.3674077871469352,1.905193406864931,1.5096701406681934,1.4300673520358302,2.0433521327835877,1.9381641647809373,2.3697696538045814,1.4784933049376605,1.1990583158985058,1.6588972349585733,0.7532434430133884,1.81897797547986,1.6975427925954139,1.8138493971209062,2.0711590035974434,1.6855058749363734,2.867516586100643,0.9529369947374018,0.33076852012375013,1.5734401167455574,-0.3640599145884901,1.0920630080240052,0.4790947867741161,1.0647656473645617,0.08237722698158556,1.7707822243097726,0.4317395201178672,0.4300405206890158,2.656737097612516,2.0678704935232344,1.6841597758920812,3.043089177290537,3.412714270607952,2.1422077812663667,2.263759074621315,2.4756595440575544,0.9013191354448615,1.8269989260576165,0.0782722077606833,1.9553145057191996,2.4003477717156887,2.569770872924166,2.6109659808634182,2.225850596461345,2.0661598147411806,2.180291180375111,1.0330134114045324,2.0986693907290928,1.9080762129858502,2.686216046391222,1.2873611602843826,2.3997917852228356,1.8252819614075937,2.3460972733014738,2.1647063058977825,1.0311503607086165,0.7164170092825357,1.8216843831107465,1.0168622686732884,1.8971910690246119,2.15100744208951,1.7412559539503762,2.3228687091298816,2.2606124729771926,1.7259285511220865,1.6572486336172485,1.824521416096594,1.897624247646286,2.4699685019589177,2.018026483352361,0.6592252837958321,2.2346696704100104,0.08794372908266702,0.9078821366452925,1.8437555570617863,1.9421641097753148,0.03697682732722671
0.27738005060363563,3.251998873581064,1.9589351589983812,2.0,3.389081860400921,1.808559886975146,2.4182933392408343,3.4141310379015017,3.308908167157708,1.7916822958126986,0.453175498100489,1.1031732474724814,0.8909581731726346,2.451751182893619,2.2624841653937513,3.2414007077249076,2.136918727183662,2.831474405273161,1.9392562187881914,2.9490815726315827,2.29821364597836,0.5550484995106475,1.6197201552681575,2.113521600604898,1.4285318471459711,1.0089663441388974,2.763082415095363,2.412031436711112,1.9445970681495641,1.790277912104382,0.002670086652132364,-0.38326331079273757,2.8941388945502915,2.5727444167710676,3.1136421978573723,2.979344649258875,2.5523092174495803,0.7056738973942235,1.9638555264889468,2.367746663594134,2.8373489033797314,-0.2253790770276489,2.454428646033725,0.8188423634192832,2.590297157662129,2.302024747559283,1.1450728091727667,1.3695632823489894,2.0349214073473982,1.771271510522239,-0.4613012164659882,2.72893702512884,2.71684794163761,3.457990908305032,2.8581494346575482,2.1749292865954852,2.881714348946867,3.4197140765057537,1.8129036313359395,0.20445496950816616,1.6568958991586642,-0.1618014543201462,1.3914007669888635,2.736511589192686,3.0572166106357157,2.195221275029116,2.7785571378787557,1.820678852906329,2.67808286901889,2.3738919179894227,2.8879378940159097,2.111217644806872,1.6705273918259127,-0.04786609091939184,1.8035235987964402,1.704693229491872,1.9871105721736841,1.5223675225708955,-0.638132274765891,-0.7227065259384935,1.6994514758010448,2.6012375944890773,2.444729152632718,2.976929726994832,2.379354025585639,2.4666614406355687,2.2492141394173437,2.709034093779641,2.8985922997854363,1.4222688275187778,1.830380424459663,1.0562098876685149,0.6190744131119768,-0.4801120015506498,1.8366584233419414,1.5653931767976386,2.511481539909573,2.5456203849972647,1.9910069114453162,0.9903611169234046
0.26486122341279333,2.7308423379514473,2.0915680543221855,3.389081860400921,2.0000000000000004,2.2317289364579187,2.3412927073360765,3.64007943774984,3.5280958106622977,1.164965966046299,0.17843027309757428,0.6619030036057856,0.37953587255865157,1.9981096705705237,1.7493410969924863,2.734758408758438,1.5802330671894913,3.002108741876751,1.7757343791238709,2.8850309755179744,2.220656127554576,0.7182841229823583,1.4021962925177007,1.662995886744499,0.8782943197752237,0.8514425642926845,2.522208100339241,1.9946397831639497,1.6738952603118755,1.4114706332064735,0.4051956933641242,-0.46224444301873446,2.3277121081080145,2.8848288378494846,2.8922232429783232,3.373134108286518,2.227226742202987,0.9315893795049753,1.9869617450038324,1.9119257363030047,3.025541552152222,0.5103122293042561,2.5206498921044833,1.6551423753031616,2.7211706184105156,2.6841822230271157,1.4269252012494538,1.7357392978372492,2.571836235549741,2.205595678814289,-0.36178929102159296,2.290095412936862,2.4241756903479885,3.166200471685523,3.2530868997286793,2.1585160577147753,2.9632857623246505,3.4921352323872727,1.359665733337665,-0.2264154513459929,1.4026518233476568,-0.4750467094013433,0.8728643793005199,2.0804920571199927,2.5992919190690524,1.6902514523926162,2.8358715426383245,1.4986366537344131,2.498730896784165,2.6206950821303105,2.6329039150201465,2.021404471060271,1.361927375855215,-0.4212767634176803,1.2572281109799792,1.2008704658748564,1.4873005201340814,1.0512370146982963,-0.0973579971094144,-0.47969915749713854,1.3660127842097425,2.6750436125794814,2.9019075532018137,3.071150668426656,2.091552076480171,2.1189950673624725,1.9590464860318069,2.305631386066111,2.995298123828629,1.2152281250655688,1.3818762762238865,0.7646246100077926,0.25676525625927366,0.22059457881364297,1.459388586396982,2.0228598175077157,2.6287116336529026,2.2728275073628557,2.2277595245992132,1.2892866561924912
-0.16044552778152252,1.919267320448855,3.1819791016900036,1.808559886975146,2.2317289364579187,1.9999999999999998,1.678432032427926,2.4204639387975844,2.6434521387579557,2.306729402708643,2.0738862849410946,2.58903056296586,1.814712073669353,2.0446483774665896,2.0183087592609694,1.7871943742134198,1.6015270195536946,0.6817528441795803,0.650711606543474,1.111527368701663,0.8026029620163491,1.9726697096643613,2.3476311716173592,2.3388363881150496,1.7675931847547468,2.11507989263117,1.349096874837424,1.858302087148202,1.726245842239912,2.286403899177126,1.3037301457886856,0.6638213170642961,1.0231781940170976,0.6550808788906165,1.7147630683771913,1.8216350953538811,1.8042178146109784,2.1679446126470676,2.4829638292545555,3.0485764884763586,1.2922549279574378,1.4374686707429485,2.156351765476684,-0.45641117969621386,0.9263806056901794,0.664788542468675,2.1256242688886076,0.16390937823192847,2.4144684437363253,1.0137162786843632,-0.10071761501400273,1.7317286587578553,1.015268329744685,1.2839815030966226,3.268885737622734,3.341205584901175,1.4749455745581486,2.3232931702363335,2.5343549633988305,1.5264847482217974,2.1205366683205726,-0.5499888000139787,1.7145776484182669,2.2644978801016284,2.1696198640616746,2.075703701204522,1.5488397650219874,1.2371734845047537,1.5671954467683988,0.5618088224939559,1.4837752440851815,1.2139562099127867,1.8721999798400268,1.0094552959073742,1.9120750923902572,1.7125634027566086,2.0515630083857017,1.8906941087605555,0.696785441156253,0.1501720406820432,2.0241925721514376,1.1438669195996023,1.5049122037844824,1.774021725517363,1.448732147079031,1.5942517013384003,2.2538395309098727,1.4490561518807554,1.3904915218287273,2.389438809910525,0.8998032396833465,1.4644031872889984,1.9720487471131252,0.344966162813056,1.7097800503523177,-0.2421986198426698,0.6021607530386862,1.0843767025518787,2.040075813819934,0.565709960816637
0.8442456189571421,2.247734786626358,2.3759569387093773,2.4182933392408343,2.3412927073360765,1.678432032427926,2.0,2.6528143554830805,1.9906868489966034,0.9408784519981578,-0.16698956834731363,0.6818438526584174,0.8568143877865976,1.2357563419463566,0.9446849286342449,3.0341876658230813,1.3189414629545448,2.2036222444681655,0.6152378823861753,1.9377407792955197,1.0008165270813776,0.4706210699866709,1.469755361359812,1.3154133402195358,0.39873867268680574,0.13980289256524905,0.9260683289744918,0.7070115571957278,0.7537525688793001,0.9126335074420191,0.30148476744863184,0.703942099035649,1.4193650827835713,1.4261348510067828,1.5090964499041715,1.6137415842903078,0.6439007011590702,0.5652040585689577,-0.004746279037458598,2.005028422684522,1.4082910470156143,-0.25382281827611,0.7229222359206586,0.36506739642129765,0.9625669364175733,0.6222454926481638,-0.03389989986499836,0.5991184163452438,1.7640698040509823,0.7971184358632671,0.9467019885416402,2.356116243218138,2.7807453654753633,2.5785930634091923,2.0704862227328418,1.9711994681469795,3.235933573802124,2.116186412488309,0.8232042144645907,-0.6282258247639201,0.13389989133087188,0.5895683122747111,1.391289798028217,1.5402832834487694,1.9611743596378086,1.1851238786812872,3.4362190247433073,2.2239039569801458,2.0967502199321597,2.5332477205853188,1.771507079092851,2.948994449359222,2.08655549393954,1.6172315572006393,1.5909153432109193,0.2989473091673675,1.0257761140468977,0.6973949648623982,0.3353682058801607,0.29076013175418886,0.9879345784546296,1.440517142864535,1.660958390236161,1.9406087803520644,0.9477931077427044,2.203913267637893,0.6948417965527585,0.901010373462142,2.359886543600862,1.0601123871611395,2.0879795172027418,1.4900287870355169,0.9650234595187295,1.2185921784529996,1.2184894223904497,0.8996135361774541,0.9485368169200667,1.3838900916208425,2.2348678315765635,0.5573988366124973
-0.07826253924788841,2.766222736605139,2.4536564812610497,3.4141310379015017,3.64007943774984,2.4204639387975844,2.6528143554830805,2.0,3.4132034654664847,1.445169174452079,0.4426585003685604,0.9814360666465479,0.49915762278607917,1.991113853854186,1.7294197359452357,2.883180851129959,1.5876493588711715,2.7988661571466866,1.526323045768228,2.504215830790155,1.9353475453345295,1.0666581353540798,1.5403884651204787,1.8293447740046016,1.1875857174418578,1.1939617829657716,2.2835255780514574,1.8562181077575717,1.5075101748254074,1.6663386004481027,0.7427719960910668,0.016459544945506166,2.1746494446961573,2.533177491374056,2.7440417563738473,2.941723582449216,1.9375748624129217,0.7841588330147241,1.8181451116643306,2.182884202329035,2.6419522361395527,0.6743434614397621,2.513334133160014,1.0991696647675715,2.5390195238017244,2.0631983924144843,1.327020403578175,1.123480445793683,2.2746604832431134,1.5707811165500445,-0.6447143800880605,2.3322405595812095,2.287925349277518,3.0038659513492094,3.242092708022289,2.343931868216152,3.0344984562518205,3.5280411228230832,1.4398179139598712,-0.08968405006142449,1.45978539249875,-0.7546013810940259,1.0441890393739994,2.0972693678389405,2.5650063596352175,1.6876899530696639,2.903664994994334,1.3361447866916853,2.4362193886027614,2.4588985120507947,2.409591329160064,2.0215264404829574,1.6237487855750072,-0.342327307398247,1.3211612811417228,1.2843219307129967,1.5169852930161252,1.1849771628166108,0.1846546396859509,-0.5122717925153153,1.560247592003709,2.320890710778021,2.7757323769287527,3.0402132329557894,2.043191482282032,2.1278926298337124,1.7511066995970452,2.1355818114415808,2.718432371398604,1.258188539547562,1.1660504637157403,0.6774700293572432,0.3827677980731069,0.31961590207280366,1.5073088093197544,1.5409138559916224,2.154458366365671,2.038092463568086,2.0929576764209386,0.802020997093367
-0.21035251040342678,3.2563305425620315,2.6282317491758196,3.308908167157708,3.5280958106622977,2.6434521387579557,1.9906868489966034,3.4132034654664847,2.0000000000000004,2.1280801418272923,0.9018870375061756,1.5257097591414914,0.8699846523507923,2.7336329608671215,2.773382161877327,2.846032992660728,2.161616146101452,2.472022148286012,2.0941867768403037,2.966024949829192,2.616990722603063,0.81061960243599,1.8955139895268414,2.4602354049532513,1.7378823701576946,1.4491115441393987,2.909011383130803,2.8381303474121538,2.490226656075535,2.2317668448552794,0.4449822837812208,-0.12212147995763628,2.649526448649745,2.495147850652533,3.0940016722518986,3.3410484782262198,2.931173572246135,1.3590372225793643,2.5295473047527213,2.4664458825013584,2.859108438782343,0.29364184452273767,2.5993832607920906,1.0820615188539384,2.6293951421018544,2.5036939162567986,1.6995444115424059,1.3301526254619689,2.4916452278093284,1.888973287695297,-0.5494042906043328,2.7080487688584265,2.391312490161986,2.9966090556942886,3.574684878227984,2.8361051798717707,2.5686786017746197,3.7114243812390413,2.284959120111374,0.3737441677648634,2.177041646406894,-0.5675231298215495,1.573214746068813,2.648573918026329,3.138675876020116,2.6382064852261258,2.503040882477351,1.5297479121479705,2.6862763203626123,1.9262529653295073,3.0334107763560256,1.868595622012449,1.9833045159461957,-0.1598499919377461,1.9766200729913237,2.0378914240505166,2.4419182728176105,1.980361199033421,-0.265691939430114,-0.12105715339064183,2.023317747616899,2.600079833646405,2.766873030844519,3.173198579103291,2.6346808883702155,2.5152014739467727,2.8469176922215462,2.9429819606097425,2.8519552235843726,1.8522251263587528,1.56704999321929,1.2706887216415925,0.8145901118594685,-0.21100164959528195,2.015279139345832,1.6394852912234548,2.661226394108639,2.726208253834856,2.136294110999602,1.0954724028861935
-1.0148230031832017,2.3570411817638344,2.39667243335601,1.7916822958126986,1.1649659660462988,2.306729402708643,0.9408784519981578,1.445169174452079,2.1280801418272923,2.0,2.6731898577755655,3.351231735078125,1.7611592262853748,3.1983463729444486,3.263102262333876,1.8777101595787198,2.7186260968991225,0.12978290779210583,1.489816571747312,1.1001960976980092,1.84233399352686,1.7536815592996504,2.5369911249669523,3.0269722800267287,3.515079824621587,3.0018467371807236,2.400709119771629,3.049749349516187,2.733246391902788,3.2247740660592763,1.4099304798365502,1.0544126497097177,1.8729373392718047,0.05331999313520691,2.2526456798172916,1.0230864434093259,2.4640848024703565,1.4838294727484316,2.47734124019404,3.08220970607885,0.46412958518904857,0.40363498153989125,2.015962651553734,-0.6371809104956969,1.5126443666200189,0.6190011666182726,1.7581863290556874,-0.4679798747983918,0.5894765821954172,-0.4814643983674433,-1.0017457385376627,1.999961175374032,1.0052133664172058,1.0685759497218534,2.3486215031772204,2.9671958630936937,0.49132280248135013,1.840069943927091,3.6197166756381205,2.194244588390788,3.3144874158411395,-0.9187266040274604,2.50281934544248,3.201579697799931,2.9539372556921744,3.434775142583838,0.8012813902376841,1.4358755006768713,2.1948659815016116,-0.31870851288159985,2.178394302134839,1.1095740526641886,2.8981651976857856,1.1493759963109635,3.2094993423678817,3.1524783218054893,3.375013780365625,3.4708952924163565,0.7618821476602374,0.13411413015474888,3.0675679696162073,0.5165053771656504,1.6089582161063285,2.2738137989274305,2.8940038504347863,2.42761999012459,3.0400469190341335,2.6134467528237755,0.5572438068844039,2.5728990042647073,0.9872968554331012,1.5112736543611054,2.127293535530022,-0.5572091159412154,2.878735773653072,-0.08676717063048717,1.2219398158790702,2.057770734060697,0.4897886106382906,-0.8583847568654972
-0.850405788942927,0.6702008617760292,1.4312299551135412,0.453175498100489,0.17843027309757428,2.0738862849410946,-0.16698956834731363,0.4426585003685604,0.9018870375061756,2.6731898577755655,1.9999999999999996,3.1985248510485933,1.7807929899508115,1.8341237871197413,2.081230285912153,0.13651363237171588,1.40299673211015,-1.0596192565178253,-0.031178316144191594,-0.450167856066366,0.27145766884090994,1.312916911057823,1.5623132535612583,2.0724270529900877,2.480855874619956,2.8191434418835115,0.7773325828686807,1.5602523686805865,1.5623350672958916,2.4647591226270755,0.8755419392323469,0.338658667761973,0.2054546422469056,-1.207152467075478,0.3397872947374601,0.13084879767751723,1.220613572989934,1.4936850236503565,1.8669719511177767,2.092100685259603,-0.39171284884191493,1.307258399081573,1.4276745268679476,-1.6621344415324253,-0.005744285584022915,-0.6310427429544274,1.527467874935369,-1.5128275982981987,0.41018832546158,-0.5543488450937972,-0.8158091490959469,0.4100048651475878,-0.7182994264815261,-0.3925229155539568,1.505141801846224,2.309845075591344,-0.7919308450676167,0.6928506592071267,2.9335655732643895,3.270572915089986,2.6120091235135416,-1.1046140283159154,1.9553614728873794,1.872621859139981,1.349621842015316,2.0732290319977262,-0.5269435527262245,0.12144711923868148,0.33187969340844137,-1.400685610364841,0.4720742472512624,-0.4241318892609322,1.3780953531914713,1.0100752714366,1.8490827570434796,2.132835121780709,2.1620818949291456,2.3767763976338516,0.45004127149099027,-0.591594777175672,2.1496253605577524,-0.44513968264818116,-0.06806815775003358,0.49531565558836843,1.2480269959810444,0.3495023965353507,1.8953070215443815,1.0216148675677152,-0.7071790692478328,2.3048577065562554,-0.4108835558473992,0.32693271663536894,2.0914131094657566,-1.1186992122253137,1.2384858837920805,-1.5311976332564532,-0.4644022301055224,-0.05068124144955621,-0.004959491343164757,-0.5517287749787307
-0.8009097675722401,1.5559417480566566,2.2556077067268943,1.1031732474724814,0.6619030036057856,2.58903056296586,0.6818438526584174,0.9814360666465479,1.5257097591414914,3.351231735078125,3.1985248510485933,2.0,2.492669539626141,2.705502780376313,2.6594911470065963,1.1899369881949142,2.389376385222608,-0.5656583917820436,0.6265097561710572,0.2994207769772794,0.7232223368630332,1.985914435399478,2.6261007095049114,2.9446916468285154,2.9531747823606107,3.0680562112695062,1.4823120172502964,2.3706029050411037,2.1579620755888076,3.1100542802718967,1.140295843276248,0.7705013016984231,0.8947206278092906,-0.6783845523787111,1.4263645792727953,0.5372150389880517,1.8986580132934978,1.7571499732856974,2.2541793027211066,3.0632887984630885,0.024236111567190355,0.7008142475646756,1.7367960137945633,-1.6286318253586551,0.4011548623883653,-0.14483825655248472,1.759258341640693,-0.819809690344149,0.8564861524507633,-0.4107182146723585,-0.6625332786070821,1.4643937783222138,0.42756633655312054,0.39073053323080525,2.1831258907306843,3.067687236225688,0.11294456580970791,1.2063462794162485,3.4559654380482194,2.5939191687113796,2.9211223304279117,-0.5188765188348853,2.47610497409242,2.8260509931092885,2.3602991274621985,2.855761148795227,0.4518090992960728,1.3956848868463148,1.5083184194316597,-0.772909714408023,1.3247558643719377,0.7296656802747143,2.4544598563852222,1.5968406300268998,2.836944293170892,2.7309391025629175,2.912630933028594,3.0893574217197513,0.42899642623349865,-0.10089855314000504,2.776886311760645,0.0485608528029855,0.647999646575445,1.2941611957917678,1.9735980556922743,1.5834908781830042,2.6170100059006427,1.7062654940782058,0.1268085604485119,2.695560905789272,0.815261071854243,1.3526496477786054,2.6094571232108263,-0.5096962901879174,2.3590892618998858,-1.1719911049393898,0.1871262846125764,1.0323918177712086,0.7019394554905409,-0.562562670562399
1.1305484311259006,1.4001956386779395,1.579297236445733,0.8909581731726346,0.37953587255865157,1.814712073669353,0.8568143877865976,0.49915762278607917,0.8699846523507923,1.7611592262853748,1.7807929899508115,2.492669539626141,2.0,1.716222602602457,1.5571816882433323,1.3086095013641807,2.2702105274269875,-0.025142799437123886,0.31890825403898193,0.6570221677179509,-0.18185675869599688,1.4783407756030362,2.6702073854198916,2.4255308590041413,1.1962037696183536,0.9308456405556795,0.659080425769222,1.436456477278623,1.1611933982382254,2.3571352892739514,-0.2126312907397266,-0.07449280429001748,1.2164112683560766,0.024126701602694478,1.0644957834033308,0.6408117339572059,1.661082761798284,1.7547539984646292,1.313114319928898,2.389309949696269,0.8122459557306805,0.0791045195583929,1.5364392901429833,-1.5985173503022905,-0.1415139334633297,0.1940235345539929,1.1317211049665357,0.3965750401238867,1.6040820820842858,1.1003512783409533,0.5779187243163868,1.689797143227118,1.0597725008625472,0.7378589891534971,1.5000315811954088,2.0313194649534267,0.8452569687750127,0.791649294602194,1.8767107031495214,1.5936135435164607,1.0071815229003052,2.009593937330137,2.361114498822685,2.246808468211743,1.554533776761866,1.7427174163782764,1.0347694036914072,2.072356905048422,1.054381631202332,0.24832242852117262,0.7294120984294588,1.6142048974248384,1.6384071737241517,1.940741353856001,2.0204832759629734,1.1876482746724384,1.7399721295840807,1.6448314533807855,-0.9771616483241159,-0.19495347202558327,1.5519809013690302,1.1214766658617448,-0.2939321745229009,0.44485736657571634,0.48518704355084863,1.4354493844933696,1.9803039621265675,0.9851973996089891,1.1816210755349974,2.2669749984212,1.8026757327749467,1.5932363733501718,2.7077361815854672,-0.12970606310889526,1.3958990495681844,-0.9283477978016687,0.06927821955999419,0.7868384075933754,2.0032255189255515,1.300167828518915
-0.1632307296752095,3.1035576202038357,2.4866924620386106,2.451751182893619,1.9981096705705237,2.0446483774665896,1.2357563419463566,1.991113853854186,2.7336329608671215,3.1983463729444486,1.8341237871197411,2.705502780376313,1.716222602602457,1.9999999999999996,3.534316183825696,2.6572820734662264,3.484290381909382,1.5738061058011639,2.693314203356254,2.489587437418957,2.86599635989111,0.9569556295903867,2.9141620552629974,3.2639127045247536,2.761653506242089,2.0698219460422673,2.9386554975247536,3.4206348317369053,3.180187176347765,3.174085151954008,0.6031253481917962,0.2665733794099947,2.7519932285659676,1.4190088444043285,2.7874187768523893,2.2231560560384365,3.2052516090752063,1.5838052895769967,2.138030812636088,2.677997252624392,1.4957223378201254,-0.5674182707873001,2.037797555974344,-0.1309141822608847,1.9296592828190948,1.5614848980656646,1.3810190474716266,0.6343511686926621,1.3451570627117257,0.6208761843871835,-0.20805460354807057,2.8955274052764306,2.1381667264680058,2.0505214461062167,2.7283798997302675,2.8954572445537576,1.4932588565439084,2.476461801421375,3.1959196097786062,1.367579303701381,2.87182631660308,-0.13265927008253758,2.453290718820639,3.4778448763034833,3.5942289220625607,3.6387108257110845,1.5766394956963754,2.3118624886453505,2.975345285851261,1.0391631667668841,3.2206137980345266,1.8275892256587376,3.0479886016457125,0.5708651709382049,3.016668472015342,2.9758445129876483,3.4016184776523186,3.28719662723234,0.0033652552799433855,0.33960966826821354,2.706198969419577,1.4798476596916923,2.05918672296326,2.861822384249305,3.1044732688244303,2.844627565158114,3.424803393369788,3.2703663000584857,1.8159644054694142,2.115938839368781,1.8416679298894219,2.0473169995201346,1.8101445881441731,-0.7876512295750886,2.818043784793266,0.5283111126307832,2.23827515177593,3.0512276658749253,1.4015150447561866,0.021173314250724412
-0.40356748403915443,3.0687004000266356,2.379511158053458,2.2624841653937513,1.7493410969924863,2.0183087592609694,0.9446849286342449,1.7294197359452357,2.773382161877327,3.263102262333876,2.081230285912153,2.6594911470065963,1.5571816882433323,3.534316183825696,2.0000000000000004,2.3047490876124925,2.941085945141913,0.9755237320029772,2.313268809782996,2.311883452915854,2.809923951576115,0.5220901614453352,2.2480203293503576,3.1361576628551333,2.834290657253648,2.0661103574573536,2.872534060936362,3.471792592748956,3.2525502184859736,3.0499806697958967,0.36963752826902746,0.4878908317326546,2.7639355769762783,1.0552123720036803,2.5845931122164316,1.990319538188522,3.265268997300754,1.5637081781547366,2.2718739497752276,2.5074690788542324,1.4856156765270312,-0.3933005622673039,1.932319705364427,-0.12471519007139367,1.8246866117727074,1.5243523824927332,1.4743552911168512,0.45464992018787775,1.2962093235836094,0.6185663461394862,-0.405705009946099,2.6726124986351527,1.8353477798316202,1.8896445318193569,2.653198397495807,2.9098073589921873,1.0873045672839379,2.485070636024151,3.3231928921048284,1.6459002766342592,2.873048783899866,-0.2733969055589936,2.5738948393136045,3.280826832993114,3.2935660010073833,3.660443918794927,1.2638603042540608,1.7334408106465222,2.473455629967045,0.3194195418965114,2.994596971509893,1.4360050957244506,2.641159455884548,0.8295730848732538,3.082237235183051,3.036709447672054,3.512682248518654,3.26399370847295,-0.321649355715369,0.439904981378362,2.794317686657075,1.5456202015710991,1.7909375931621465,2.5562498935265676,3.0451847589807297,2.7776956162985322,3.524300751589889,3.2833685510739308,1.561006491267935,2.446975652276024,1.7817495410373654,1.947506461183153,1.930548553873276,-0.7819224614314086,2.804050314992761,0.6088785870542239,2.1844425641520764,2.942348714445389,1.1534985763312509,0.2702935751515986
1.0234868868790636,3.514571401214614,2.626130915243353,3.2414007077249076,2.7347584087584385,1.7871943742134198,3.0341876658230813,2.883180851129959,2.846032992660728,1.8777101595787198,0.13651363237171588,1.1899369881949142,1.3086095013641807,2.6572820734662264,2.3047490876124925,2.0,2.390290768022601,2.640556193981217,1.645270658832871,2.7503445570909086,2.0874306553099182,0.11504774277004914,2.2294037209064266,2.0954540450812953,1.2206133175199334,0.3739359600046228,1.9554017193933035,2.067418160604762,1.6615727292862874,1.886197548355924,0.12083242956766088,0.4331289573744438,2.866689896237812,1.9181029768140012,2.399629779268895,2.369737882905847,2.1209825340540327,1.2694187180153416,1.0775719187112414,2.5609050727214235,2.018174203358832,-0.9812689054531074,1.4591306575387457,0.1909123818721073,1.680755245519832,1.2955153288224461,0.24665467838920158,0.9745099538393202,1.873553608784248,1.2175891963802203,0.9712667999760455,3.4983617902448416,3.4445123579157566,3.3531205286136494,2.504779734051113,2.4858761932486884,3.3125389997611996,2.9022691675668066,1.8244686987781202,-0.09698548327717309,1.0867302717930603,0.8022828340316505,1.7578542202065295,2.575729714523658,3.065592650446506,2.4551354948597424,3.1835755880125873,2.554872220698734,2.738489221536878,2.559270988287953,2.8546498056174077,2.6935248179542253,2.5198346053575538,0.820941137598286,2.045586309463211,1.393303333241016,1.9467781442751686,1.552447399613474,-0.19462137743803187,0.3170456234168685,1.2319754754065473,2.0547165298454253,1.9365024361796122,2.5339753485477465,1.8467364495988736,2.721206880940286,2.0290274570224427,2.230501195244248,2.802788756803751,1.1087063610016223,2.615839708902565,2.2797917157337526,1.2032711818517714,0.04088254385912621,1.7977055459396243,1.0300889979251724,1.7294694354542526,2.477748275943836,2.399637118319497,0.5898317091528289
0.07359101224529208,2.701566732994138,2.0351398852762994,2.136918727183662,1.5802330671894913,1.6015270195536946,1.3189414629545448,1.5876493588711715,2.161616146101452,2.7186260968991225,1.40299673211015,2.389376385222608,2.2702105274269875,3.484290381909382,2.941085945141913,2.390290768022601,2.0,1.5508698504341316,2.6338505911858086,2.33229206283559,2.326287785460851,1.1535718462554099,2.974939764121552,3.2931267030435643,2.2959882960127675,1.5554181316359945,2.568948723328387,3.0368731598545224,2.9172133073210293,2.967339351802325,0.03568399930888991,-0.20558723169178697,2.3530211976313327,1.470962424425787,2.4828272254630885,1.9730956528383057,2.9461541023951145,1.1747652963991986,1.4309335720792746,2.4674120124238237,1.3611488284391127,-0.8546296494041199,1.6971630636927544,-0.4326262605580099,1.434016764004654,1.3156418369387668,1.1003675088786513,0.6805198415715725,1.2787013171016839,0.7096015629853141,-0.22883225425244258,2.6398501819621627,2.0332465751294766,1.8020008180200031,2.3517125388295534,2.311382469088815,1.4780754863511625,2.035872228247533,2.5599241421026058,1.1404656768929264,2.2557637059683397,0.47101191974707635,2.5968617302062107,3.291688317256244,3.240533773188931,3.1031750776156373,1.6511789463889877,2.7040990662470286,3.0243597594223317,1.3150390275516635,2.825054176943587,2.3004029561426345,3.026486953563884,0.9922012404188895,2.951746374479142,2.4656698398135832,3.0921191989406402,2.9414708385685358,-0.5627169727032648,-0.013598692722554873,2.6560364447633913,1.544175375694501,1.5112660005992467,2.496505341925378,2.627768631331376,2.794955884081829,3.0261795136876395,2.868450090636112,1.8308044033257582,2.16148462465462,1.8691274715068469,1.6689915391975427,1.7838226341686823,-0.9679666174607373,2.433278079195167,0.2246484436622523,1.8892216848631618,2.6947706897311243,1.5304146717955418,0.2991065156867195
1.1202255927832343,2.332187244463011,1.1593366690553522,2.831474405273161,3.0021087418767514,0.6817528441795803,2.2036222444681655,2.7988661571466866,2.472022148286012,0.12978290779210583,-1.0596192565178253,-0.5656583917820436,-0.025142799437123886,1.5738061058011639,0.9755237320029772,2.640556193981217,1.5508698504341316,1.9999999999999996,2.225899543452102,3.2662498427418236,2.4825591820594344,-0.15984719209377088,1.1184503107835737,1.1265887517503217,-0.11276815912929522,-0.466154920775487,2.134432362648694,1.2512793179319364,1.3094375098579785,0.5228956495558659,-0.4486251868452692,-0.7756306289777817,2.254396417467422,3.4832664663468607,2.442824466662214,3.0226219699112797,1.5815147134982783,0.16613366012817887,0.49843656012921406,0.9502730667591419,2.856075125018351,-0.7662064274434355,1.2807729394340035,1.9103705987011081,2.2683948975040424,2.421075525244277,0.20914491581778424,1.9987759314390656,1.9273822397198326,2.010258739154883,0.4256976788874727,2.240388319642639,2.790758605673453,3.116425963016395,1.9513373518297965,0.8485095029048102,3.156698355700639,2.7184516132026144,0.09303088332611367,-1.3681171057770016,0.08778032609878428,0.11853596440170379,0.37495787308283546,1.371112983149191,2.1817476800115054,1.0001454321568328,2.891070417436781,1.7791986805831277,2.54095710537781,3.633678284636635,2.794413291033456,2.3800151283483126,1.2765683915054624,-0.5942809166711025,0.667984583548659,0.15080813932729692,0.71439668873601,0.2643724341679927,-0.4398353411056034,0.018569401485399373,0.5096405957055306,2.4912787553098066,2.2681827140884376,2.6292216719694705,1.4833844088806751,1.865426758343443,0.9523057133190236,1.9498503352905183,3.147183854295811,-0.020063997829064067,1.5579566148024393,0.5182577769960507,-0.6590050924953025,0.036182413200532004,0.8029010988967391,2.1600903091806014,2.5467376539551143,2.2844599614501098,2.0656723398450882,1.0799862213039464
-0.15978938232670264,2.0240186860036826,1.1705339749376924,1.9392562187881914,1.7757343791238709,0.650711606543474,0.6152378823861753,1.526323045768228,2.0941867768403037,1.489816571747312,-0.031178316144191594,0.6265097561710572,0.31890825403898193,2.693314203356254,2.313268809782996,1.645270658832871,2.6338505911858086,2.225899543452102,2.000000000000001,2.801392184944487,3.237454636094294,0.5614428339792085,1.4697128901657361,1.9349690712139704,1.3053249185730218,0.942528616137233,2.859989060783516,2.6763589027386345,2.9044738874661764,1.3968268949824125,-0.04209848550620743,-0.6045135479178089,1.9707315923459487,2.492922407715443,2.571305805369518,2.143254686069904,2.70308419247862,0.11279099012680621,1.057982013562407,0.8909096464583331,1.7954871271333308,-0.6938780035256795,1.1954804108467543,1.2181695777039212,2.065193159318941,2.2739978738160405,0.9795442613926808,1.8734701426872074,1.034802374711433,1.046766572939786,-0.631273886756746,1.4072338982161736,1.361701185534569,1.374592259781591,1.8196721023463303,0.9798744274357241,0.9334325268258167,1.754844871363186,1.1737566179223449,-0.1435415475654899,1.679225948339636,-0.4349053625985641,0.6302557759965276,2.1900022234658465,2.568669850262114,2.153557760795004,0.9821758664988316,1.6394619720668586,2.641290224656081,1.485343531845624,3.016545074767108,1.3514551601364415,1.6003521891222217,-0.6679003511706914,1.549728832793734,1.8801867149140565,2.2918664165644547,1.8956258994469326,-0.508632650709036,0.2961839702496304,1.7391095854553515,1.4631526261344936,2.0503702679832814,2.5833291276231187,2.6368025321095723,2.053614381970886,2.3009491961009374,2.7380785376468264,1.7039655073079876,0.7639795763098531,0.9092214042751392,0.7048356990485289,-0.1865096928111199,-0.7466876682578656,1.7809182758405493,1.3014524065574156,2.785842072554679,2.9751958088091675,0.8502735953825992,0.530244477202154
0.9393260765287328,2.984967424430777,1.5868042538717972,2.9490815726315827,2.8850309755179744,1.111527368701663,1.9377407792955197,2.504215830790155,2.966024949829192,1.1001960976980092,-0.450167856066366,0.2994207769772794,0.6570221677179509,2.489587437418957,2.311883452915854,2.7503445570909086,2.33229206283559,3.2662498427418236,2.801392184944487,2.0,3.2230854825526287,-0.05649203959167182,1.7379631188261953,2.0968630989895636,0.6696562054084768,0.11294460230773493,2.8666993573276742,2.4763304523773852,2.597622943522855,1.3741152532807641,-0.6428121653740768,-0.6170731320433023,2.7801974735569743,3.251144866625915,2.924954443762985,3.1434561099996117,2.7723142419858995,0.785362440744853,1.2558240533754725,1.5472803530000931,3.0447359591062457,-1.1214283284684137,1.4914288869546366,1.4043545022693755,2.1472478361494374,2.7587541192628318,0.8127633421749993,2.248672921966353,2.228931401834437,2.2172285105347314,0.4791474425093209,2.6669822668107033,2.932559244936449,3.1061263404745274,2.4614988044593984,1.5934485992089915,2.6762758484160933,2.8881370573044998,1.175317852112275,-0.606384691733407,0.9701144894801756,0.3939467610277282,1.239495169867578,2.3413876410988417,2.8998945949079222,2.142125891484081,2.6690019780792085,2.194017588973758,2.908262354171167,2.778354008793156,3.5516128831071714,2.441341367505512,1.8531344795255882,0.06714287988152345,1.7043603143331036,1.2149094701882714,2.0297895001346915,1.404873030309063,-0.9346488126667877,0.48072509380987993,1.4018958968727822,2.8344162399182204,2.2587422570845233,2.7751434288424033,2.3094873889870686,2.6399962193572404,2.28571908619425,2.8348970561881557,3.2539360726296396,1.1125143765606214,2.264610548830099,1.4345729058107126,0.25358791144728937,-0.37891944532909627,1.6791971834552624,1.838384551298812,3.060993811593922,3.2830125300866753,2.182715366119245,1.52846059867067
-0.29105363791472627,2.5929708182599565,1.5017350602899802,2.29821364597836,2.220656127554576,0.8026029620163491,1.0008165270813776,1.9353475453345295,2.616990722603063,1.84233399352686,0.27145766884090994,0.7232223368630332,-0.18185675869599688,2.86599635989111,2.809923951576115,2.0874306553099182,2.326287785460851,2.4825591820594344,3.237454636094294,3.2230854825526287,2.0000000000000004,-0.025107235982129703,1.3075568391969346,1.9513722726578377,1.606985661621813,0.9768510695206521,2.95675814357797,2.7093210181887297,2.9530427223481857,1.4362857659944526,0.3641471952202266,-0.0029067093632101915,2.331119424513023,2.493941437527841,2.597970048069857,2.3162920815379926,2.6527560558288084,0.5715444591849412,1.2941310999854068,1.069064450975494,1.9711551561386038,-0.8280725619882832,1.2253671639566526,1.5331973541386663,2.2551365817040403,2.387727764926924,0.7774304490970108,1.5338864505596612,0.9634561869590924,0.8590822270969001,-0.29983808665574163,1.9927528482027723,2.004992939012269,2.0864514624813024,2.056290540843776,1.3921541157770982,1.438387194038854,2.3154784507160597,1.6765573552892297,-0.07017094152628513,1.840944451959501,-0.8606000681269643,0.9009930829034634,2.1584927843574246,2.813568059375902,2.5445606442343522,1.5277712137525143,1.5157425259917698,2.8566032598688498,1.6719408985472572,3.4994675323243674,1.492604774317229,2.0059630261654857,-0.45635273283791367,1.8974667020915634,1.9315841907859719,2.4180814272423294,2.054467058269619,0.022377755388890197,0.8811778600465254,1.8301245104933117,1.7518336539330681,2.4905018687963456,2.9031437121310155,2.942881478399229,2.4400559780558804,2.4180850480376357,3.077274390262591,1.862591480479954,0.8726863859768785,1.4266124590618239,1.1056968632205424,0.0124639018534288,-0.5685041725609103,2.0915384511710133,1.6637478378423372,3.0360743899423994,3.32731277410665,0.6833130374546357,0.16551752065242198
