0,1,2,3,4,5,6,7,8,9,10,11,12,13,14,15,16,17,18,19,20,21,22,23,24,25,26,27,28,29,30,31,32,33,34,35,36,37,38,39,40,41,42,43,44,45,46,47,48,49,50,51,52,53,54,55,56,57,58,59,60,61,62,63,64,65,66,67,68,69,70,71,72,73,74,75,76,77,78,79,80,81,82,83,84,85,86,87,88,89,90,91,92,93,94,95,96,97,98,99
1.9999999999999998,0.17527464317452662,3.0362000847732773,2.3436395002879844,2.4358099004479494,3.4100255004479347,2.4030528797241035,2.66313966505057,1.752335930771486,3.1857323271767437,2.3988604745079436,2.2191294637510035,-1.4868572068667527,-1.3985837870636189,-1.8127942027803154,2.5787492167801647,-1.9295299550800653,-2.0526059682959685,-2.0966551286725275,-1.6549287914320923,-2.188034903457238,-0.968251051142953,-1.4544673934753392,1.1147652196528028,3.1551650325683185,2.4132239471274146,-1.4865978125219146,-1.259044335813971,-1.6332647499200752,-1.6768179875108085,1.8908943677715158,3.0301379196352323,1.8428750612938984,-2.126775527346288,-0.9783259787375413,-1.6157994239599254,-1.2001602366989714,3.5233764652003723,3.251640708336143,3.168800439665713,0.7510716044749601,3.2464511097744833,2.768736207293879,1.4201512985854166,-0.314128484159955,-1.0326684290912018,-1.4594220365684745,-1.5812475429016803,2.0948699856615933,-1.2534979286046584,3.0725889048251043,1.9880239885687603,1.0611644701799203,1.5776741046106357,2.1657131087988133,3.042147860930483,2.330596474163764,-1.6395777240154423,2.9284584865388337,2.309955135914801,2.1363056675399377,-1.4343177132425813,-1.6202449532426884,-1.8664058423936658,-1.8335988858753243,-1.807282942241871,2.294884416010814,-2.4767365712628027,-2.3742133871162863,-2.0151057906813223,-1.9147741283278725,-1.1458399250000961,-1.9630680462851473,2.298839593427864,1.6369760402840643,2.5933523294828436,-1.7834352697062452,-2.043000945248799,2.0269710827283673,3.1596419118341412,-2.205763646960273,-2.0138983261803487,-0.7142126056545743,-1.0515703567044488,-1.6348787374031282,-2.0052515099392005,-0.7488230540030425,-1.5898662080038741,-1.6499758173082921,1.1832427588766996,2.4413615985634762,2.935716921656562,2.4852321384355625,2.010346126499187,2.2985360199059834,1.3064263632014852,-1.2170131592233635,-1.840249546340843,2.5052387105476592,-0.6417824572365579
0.17527464317452662,1.9999999999999996,1.526506527071894,2.451874619432025,2.3906745896733943,0.5019305089559964,1.7904890826279587,0.7286542284699511,1.239174011759955,0.39840966819910095,-0.5387408737142356,0.04990149813909317,1.4080942272605577,2.3737018200958495,1.5949276395986571,2.778944264776264,1.4363520336490787,2.327071276933105,1.8400228636381595,2.310958302206911,1.8901061068699645,1.1516201907296602,2.313754078240038,0.3634184717329298,-0.02852376076030333,-0.6723364940312726,2.147723215171958,0.2719952856766477,1.3114180834375175,1.4357361126279122,-0.015089194157520858,-0.01066571849231901,2.6929671684818506,2.0012633596495846,1.5164304029306348,1.8048616998264282,-0.4508702954732344,0.5975036302065383,0.655005654344494,0.3974313454936042,0.683466689754054,-0.3488097758916351,0.4721496645962314,-0.8423713654853999,0.9666342278643565,1.3361815278902973,2.2839161192684285,1.930816713870571,0.06390880496100965,0.5291558720734396,0.061294598791792554,2.603385944011961,3.083175677511525,1.7045636503222392,2.286597086558453,0.7654012896596324,1.1615931401241888,1.929391255519295,-0.1676357618134826,-0.9016584495130359,-0.5081734890567002,0.4017957258462358,1.654682300269074,1.7090356937911966,1.6488173232330814,1.6246208894309493,1.0285128548570805,1.0068282075263237,1.5637452860273982,2.0603913773004403,1.994660869178887,1.1469206051147403,1.8110744821312537,0.13837032607951288,-0.9610932874016243,-0.6437646045328561,0.5815203641538662,1.6111858453842365,0.49744677754591654,-0.3837676643207887,1.0439815559586274,0.8562050892679534,1.6942794914937291,0.7351769948441762,2.055012470641633,1.7946960368316849,-0.2722506206331834,0.522010791477424,2.090689903509757,0.06490535755136512,0.09349253748206182,-0.3930980364665655,0.09708470961051402,-0.8631572738880491,-0.5991856239842221,-0.4762465643623694,1.7646822668717455,1.8983254272066241,-0.05256013750199534,0.44965353317377094
3.0362000847732773,1.526506527071894,2.000000000000001,3.2636411573114534,3.560073437701371,3.438374751610517,2.9573166957108343,2.8328556812862202,2.9737908421412,2.580394922369357,2.285695943900948,2.551884439357229,-0.9498402543801862,-0.39235644956534205,-1.1316635220721123,3.26204384003056,-1.1884452143196507,-0.6931979028303259,-0.6701666024933997,-0.8732986519556938,-1.290680176659729,-0.5295878865178572,-0.5806630551070511,1.502366337680889,2.522903265167509,2.115412440934275,-0.7782041207410619,-1.6402611185603826,-1.42110106332307,-1.1905122450900816,0.7482741316216339,1.6785759035349819,2.1659576110744987,-1.1437149724645528,-0.5522866046870747,-0.4991544191536417,-1.672003452324935,2.5378143524610643,2.2638229188226533,2.4386851064682165,0.42796981608110574,2.211643738033634,2.2121031470967782,0.213244523314676,-0.9284848776921301,-1.1034522513700682,-0.4558821627384909,-0.8757401126921436,2.216797878779814,-1.2066065050619954,2.5008695383341895,3.404180994122119,2.5794947257425753,2.7708403856917974,3.565384920136346,3.533059700088576,2.795077327410126,0.5427106806332618,2.7112909583187035,2.164234863604663,2.300876729390766,-1.0571481933361118,-0.8890245074818606,-1.2619212626699294,-1.2328733688221192,-1.1380099303793672,2.783738044938722,-1.5853176658178572,-1.48224209937211,-1.0908864540791967,-1.1262262757389567,-0.7286328533152767,-1.2540755455080104,2.227174945060648,1.5155818382490436,2.4263088292212616,-1.7955778144726025,-1.3862874210082992,1.1407168972028923,2.2314273751269678,-1.2001869666688632,-1.8970257258372922,-0.190291576756359,-0.6634161806772303,-1.124961898489727,-1.3590114359841097,-1.4533251029550556,-2.0028798039290447,-0.8102790422546144,1.3232055755503365,2.3320927159656253,2.3289665754798703,1.815083796318656,1.2106985349598145,1.705399718370276,0.1945895713866812,-1.1973487130386258,-1.3667046829547342,1.8793703722195347,-0.9166147610462019
2.3436395002879844,2.451874619432025,3.2636411573114534,1.9999999999999998,3.4289851066590815,2.2860514473095135,2.899476994542544,2.518435009507551,2.4112872674052954,1.7300363797863396,0.8765253855493134,1.2593876730279177,-0.5085883490678456,0.666057060094519,-0.18437173219676584,3.57002819395311,-0.720039416668019,0.3480128197375059,-0.14897153060251261,0.2856306472159293,-0.12450146363964729,-0.5636186335404769,0.5055587457606461,0.4968659937167697,1.5126502574332583,0.8851500103571041,0.11166596524977818,-1.513285450539819,-0.7171000241995777,-0.2132476922358755,0.29178893135331224,0.9494038638890332,2.6086052580508974,-0.1923111046970577,-0.48992505892540306,-0.15429131371252358,-1.9382058499226065,1.996465749802461,1.865638896435078,1.7322504454636993,-0.03141256180880625,1.1909487388308988,1.3176532519556996,-0.6690497957267463,-0.7423682390401896,-0.42296242221459385,0.34425416324626235,0.03206377001367722,0.8350395526027105,-1.291173781004187,1.7370088942493478,3.419352311791192,3.234600310453038,2.9377238501448693,3.094392675107359,2.3921267374704986,2.780305898785704,1.1671331686076016,1.5041180184619898,0.9015532699697804,1.1096938168934172,-0.8320193014165366,0.0799617837028197,0.032069844573529904,-0.06599999813529017,-0.037645675541125856,2.4563438748916098,-0.8192306202668511,-0.3266318410318284,0.3023559746466354,0.1696592933864861,-0.3458860105494368,-0.002861210518527113,1.4905243125071383,0.3507260512433409,1.1975594179206364,-1.2815769898078826,-0.3859161559713877,0.667837760784425,1.4000458107659723,-0.5264312796057677,-1.0952338567315394,0.19245195458568432,-0.5709796124006059,0.1081061390348883,-0.1270170377165513,-1.6644931507816434,-1.4584832372456187,0.1316953403083998,0.8057044825967233,1.467672222907205,1.3954000975207903,1.1443702303969674,0.2957095526442644,0.6924141758077651,-0.44789721674614746,0.014008613856198338,-0.1210445831200927,0.8981343629708836,-0.7581040269443532
2.4358099004479494,2.3906745896733943,3.560073437701371,3.4289851066590815,2.0,2.6215909360362915,2.465110799419869,2.298378801416617,2.6474069176098465,1.8615317280031807,1.1996586547069361,1.748242935409999,-0.5071513967338708,0.6808207732422844,-0.1624100460641331,3.380871738327272,-0.6780414290640537,0.14794416880213146,0.03274555769802906,-0.03880257321234992,-0.24240294198296128,-0.4529688913102379,0.5119487709301858,0.7354021967761056,1.680731748548451,1.1042493952222703,0.04652596967254069,-1.5006325021575708,-1.024911085658497,-0.28045151103186094,0.2130194106291387,1.1272074849583145,2.6214394789466082,-0.3683476699440615,-0.35275130529559656,-0.3440786654515277,-2.0295963836146527,1.948015625281474,1.6939847144458189,1.519536836996356,-0.1504060247453355,1.3009697027205391,1.5622650584640927,-0.6811015275463685,-0.9713851414898755,-0.28307789381628384,0.5234780706452828,0.17163248053485208,1.290670873334436,-1.469640617943828,1.6320075320969945,3.455688587379849,3.0242883583812254,3.0002424677641217,3.670934737900822,2.727732762788684,2.415396826389945,1.3217996571544695,1.9389592379326481,1.218388023935862,1.453903955113198,-0.6033733431393594,0.022491204677759558,-0.18059787644564956,-0.1531107293764666,-0.009647197240594763,2.1634615526606584,-0.8412969780938044,-0.4876214885240954,-0.06677070927602852,-0.07054263924270499,-0.48506694744243,-0.10052217843076619,1.359822397027206,0.6123469743344944,1.4992576370784751,-1.5168430007154041,-0.43680300603301053,0.7062931924416183,1.3285022943815852,-0.5144456219796083,-1.4024151383279704,0.0563041139974525,-0.4718981854557575,-0.0719849300876631,-0.26855486285105423,-1.78946345596041,-1.626435018559321,-0.39349187544825365,0.5258253254358056,1.7191790594577117,1.4652878963922817,1.1041861267130844,0.3387353910825766,0.8845788390614562,-0.5791790552451136,-0.07387432718204306,-0.22906705547864847,0.7934474604089671,-1.353771961683408
3.4100255004479347,0.5019305089559964,3.438374751610517,2.2860514473095135,2.6215909360362915,2.0,2.7592744811805305,3.0461471203681882,2.7527191873227608,3.2266386327329366,2.941859358062591,2.885274175968237,-1.2223894384231906,-1.4413999201013863,-1.905626776469132,2.6448809920193006,-1.6974945798741714,-1.8162640955015588,-1.6516610000568657,-1.824754643439127,-2.2469095761868094,-0.707164781700572,-1.5786036189764192,1.787461719234103,3.221856502066084,2.8324310756619164,-1.6859084562745101,-1.563323622063548,-1.7155065091103052,-1.7522575619502248,1.290420272083891,2.3891560906284814,1.419346100753131,-2.0061866580028465,-0.821727794294628,-1.1947713359898473,-1.2052033571392575,3.0747122015936945,2.805070824398747,3.12462500318738,0.6868129558912651,3.0671626563208614,2.687046049415956,1.1755645996757562,-0.7525622920528432,-1.486468347088692,-1.5150394350171026,-1.6985408082531164,2.697121765987131,-1.175048086100197,3.078374434597679,2.5842027932239113,1.4183339605981116,1.922024350134157,2.899460485859711,3.7486773064555807,2.842746525768969,-0.7643364507196216,3.387445838425753,2.8235442790712075,2.8969460804665372,-1.0149032824616926,-1.5903861502087913,-2.0937835611431432,-2.084689934381849,-1.9871331639134864,2.8982799351103314,-2.1549425135902136,-2.3235080062467417,-2.024386600217999,-2.003239096911607,-0.913812389348215,-2.113239078239086,2.806516119739785,2.327242032565162,3.1163169577604384,-1.7671563207468823,-2.039682983415205,1.653739389327204,2.9314713731881272,-1.738714715297994,-2.183066628716614,-0.6382013246822102,-0.7090968997149926,-1.9324130988661983,-2.256229713233418,-1.0114883285262697,-2.0286884918621277,-1.5579333265141009,1.6259179945666866,2.724081427209317,3.118421190231856,2.5985845635369778,2.0954759786408927,2.548100774218543,0.9988684865559208,-1.7393154537781537,-2.2243261570390844,2.6770639364885245,-0.7431470370269354
2.4030528797241035,1.7904890826279587,2.9573166957108348,2.899476994542544,2.465110799419869,2.7592744811805305,2.0,2.9589740961898023,2.627379860156837,2.4117029265438346,1.755269351575985,1.9029193856525928,-0.2537284436476713,-0.34722338947599757,-0.9353242850433553,3.065929433553138,-0.3601928614211396,0.07918031422636529,-0.39570638281102777,0.13594993604545347,-0.7768065905549053,0.20367381333236245,-0.3853887002916661,2.0037119321918446,2.1697185344490926,1.8536943772890155,-0.45956846088878833,-0.9374721511381463,-0.203475808390564,-0.9345657286508224,1.4895221280176205,1.4907049406631931,1.43565003263509,-0.1953164321324573,0.05798644449938084,0.7793068150521858,-0.2634276171226685,2.273430865592821,2.1911300326074676,2.842242687986573,1.6757425933163732,2.062933208647733,1.7405751186499343,1.0638719672745023,0.5470846127833693,-1.0460177429562203,-0.496987954294355,-0.8302254268734995,2.124185215698973,0.41556294114205716,2.465060488597629,2.997885110187898,2.587258067309386,1.5223575015663366,2.303369765870576,2.775089096552708,3.1684173086383445,0.01653277466962083,2.1462354928036387,1.66942918194401,1.879412137171049,-0.8493739055370085,-0.7825089588054766,-0.9283200227388888,-1.078854417049528,-1.0896302826596218,3.375841445302869,-0.9787940669354283,-0.8190119635743582,-0.24930629734606247,-0.5182950454992328,0.4207819406819676,-0.7530856130389573,2.86296026663404,1.5467282415642742,1.9536509125900303,-0.5915049110171444,-0.7207783510023781,1.8922182575764273,2.0314415215724217,-0.6727101741472803,-0.6003439079376469,1.0168427514404252,0.12869911432348002,-0.5510299435701855,-0.8197388226842458,-0.08485478641739189,-0.8700376658793358,0.7343196892515486,2.4432731241218884,2.191958633012401,2.181351073519107,2.4914831403924147,1.8085852623151741,1.9530384061538975,1.2188259776618569,-0.7996300666026388,-0.7339666260489306,2.5523151859667403,1.2250573628866213
2.66313966505057,0.7286542284699511,2.8328556812862202,2.518435009507551,2.298378801416617,3.0461471203681882,2.9589740961898023,2.0,3.2352150479461574,2.702278440954489,2.331614146947138,2.032245198645754,-1.31616219908413,-1.8357059003001046,-2.354174938228189,2.447776792755569,-1.5589604540326354,-1.3424444937047508,-1.751478157185412,-1.6107566278082794,-2.214915111344335,-0.934952369005112,-1.8598034600664008,1.7085854260875495,2.7534368437740335,2.213559230591442,-2.0389977386849623,-2.096558908541608,-1.5319657705496232,-2.106656197446562,1.5939293934606726,2.0518569116297836,1.0678200707117926,-1.6003615102420166,-1.1951958817506507,-0.40279700809881935,-0.7252249652822897,2.535378415438772,2.2942059376415185,2.8350536613695616,1.1721671368066604,2.5774339423682,1.9079517356944238,0.8591863143279308,-0.4882985121154111,-2.0868337476810215,-2.014338120155288,-2.23071840794365,2.1094241422012923,-0.7201577703906781,2.7950349610401295,2.4357890542415412,1.5212098504260958,1.2259588200045357,2.2269292279203747,3.004330999618556,3.446832307698393,-0.4696914880770178,2.8635959932124564,2.544381605466638,2.385285644863586,-1.1467058688982228,-2.032371823728839,-2.1621300623549824,-2.3729001380079113,-2.3901421202647297,3.3526049446907527,-1.8760021138968748,-1.9385467816452335,-1.4932726117430204,-1.9466809041058846,-0.677065335576339,-2.0730148408587232,3.043548498628313,2.330837782668822,2.7110730249785124,-1.652261532987057,-2.1263916186637113,1.8336784731404259,2.7017783781158378,-1.4525697103486757,-1.24829495730169,-0.1481715988226911,-0.3460760032018896,-1.9855981466783876,-2.1232257340026406,-0.567506862232549,-2.0021685341574877,-0.8036628383264082,2.5003204584901573,3.005328003393436,3.0851409671084284,2.7890866265897207,2.471127654292964,2.649770879392451,0.7152525728150282,-1.8130843733086723,-2.117641217148265,2.6496532085067406,0.2689324070906202
1.752335930771486,1.239174011759955,2.9737908421412,2.4112872674052954,2.6474069176098465,2.7527191873227608,2.627379860156837,3.2352150479461574,2.0000000000000004,1.8126311295107231,1.8929298408971014,1.9491188348901467,-0.5034521708811986,-0.9720295044783942,-1.6572718345349746,2.293752501173382,-0.6897477461219327,-0.22014121158782263,-0.44193556234153397,-0.8237481772919706,-1.2945657193839362,-0.21171648795449843,-0.9899631504160142,1.9528219149367958,1.7136912618480609,1.5838315416089663,-1.2591497116326122,-1.819748595612366,-0.9924168862649732,-1.5592497646684895,0.34837509410617457,0.5711510249644356,1.0213809077246734,-0.499219434742897,-0.37630464069774594,0.7992924414673936,-0.5832630245883969,1.2842528753493645,1.0685842869917892,1.663896751855555,0.8915612751731016,1.2935325157071489,1.2775556652317188,-0.072786164606301,-0.9449898845317688,-1.8665607737703187,-1.002737165183747,-1.4213370024530683,2.0395328367544074,-0.2508641796000982,1.7305127659626187,2.8947943077207783,2.0584272183460572,1.510036744377285,2.865040188866759,2.8562254884010883,2.9025554564821565,1.2820942918593279,2.4138836205446084,2.085178240172691,2.3098846896650915,0.07335304977314716,-0.9872459536973698,-1.4669786529442996,-1.613957260233215,-1.629144463779571,2.9715752094843473,-0.5519375010693621,-0.8966007586417442,-0.5776207955770196,-1.1349028070599796,-0.0038566286650061343,-1.316540721351499,2.4776190283106105,2.2548027985189885,2.2001751351329406,-1.097197460092505,-1.305602166442209,0.8770130194300907,1.2626619982496199,-0.03008032028680152,-0.7854789266359965,0.22688445805923013,0.55332585231721,-1.2974491476859646,-1.2883242512674185,-0.5881815893909301,-1.8724560138037336,-0.041974268916816715,2.321422045395395,2.2912017557279443,1.971586838716839,1.893177145001455,1.4032225833280507,1.9679262215199445,-0.1942083990461112,-1.5658515836656735,-1.575357342050888,1.836279007792717,0.10947008396866842
3.1857323271767437,0.39840966819910095,2.580394922369357,1.7300363797863396,1.8615317280031807,3.2266386327329366,2.4117029265438346,2.702278440954489,1.8126311295107231,2.0,3.1472547183392776,3.1323160252954,-0.2258318217735228,-1.3270067270221877,-1.3896019255785648,2.1831910856637355,-0.799803753259838,-1.6044281309771553,-1.4609104701818512,-1.39560512459652,-1.910998768385448,0.26400455445568904,-1.4527451547356476,2.570034897616913,3.62791770115345,3.252412775756575,-1.2683969475642918,-0.35830069360871014,-0.6687295682110568,-1.4983347659987758,2.38314711539604,2.8787198673096914,1.4456819141496746,-1.4100311261034215,0.06269647347270701,-0.8410182793711638,0.12381004642264085,3.434892787853447,2.9349239356886847,3.5032545329512943,1.6192528043521588,3.4485853422470703,3.0848704389178723,2.542689136653627,0.6000307314128783,-0.8498003315259769,-1.374056307802906,-1.5290609469813414,2.551352157948538,-0.35196330525545905,2.652270759902538,1.7110033019840238,0.5339776072558466,0.43580197986525504,1.9681869554372342,3.04465742514165,2.2895652979376546,-1.9189911669550552,3.2528717541269194,2.7788920841206215,2.79433715057793,-0.5293846974231664,-1.5326881287873217,-1.912009991142173,-1.8493214665959115,-1.7243618062319064,2.5242510006805405,-2.040525299599443,-2.056253898470127,-1.9021754834643827,-1.6801604760018924,-0.10156244091373479,-1.7963400857974738,2.8273026151791205,2.364522105148196,3.070953216334595,-0.5287021901476754,-1.5115791081020817,2.6834910871137088,2.8029706860144152,-1.7449386807233536,-1.7144397384928611,0.1912731410672669,-0.018869463948272935,-1.4459472318690823,-1.8642790618241822,0.5198140279175004,-0.9037631436061861,-0.9386662918650354,1.7487683102473657,2.3608912607089896,2.7850349155040957,2.7767043716326065,2.7398278694732787,2.980618013618624,2.268765045752409,-1.1173585693977894,-1.911290384397602,3.0143869253490854,0.10382516992519392
2.3988604745079436,-0.5387408737142356,2.285695943900948,0.8765253855493134,1.1996586547069361,2.941859358062591,1.755269351575985,2.331614146947138,1.8929298408971014,3.1472547183392776,2.0,3.438091148690108,-0.21851169189164232,-1.867811717067057,-1.7765418878634427,1.1134546435723016,-0.5451015239223351,-1.813641575376175,-1.0511575984964057,-1.9942817462704254,-2.2784367956797174,0.4457848636910446,-2.131086611332826,2.9173002010898093,3.0666597245724225,3.300719017463922,-1.6939446894508425,-0.3695023039692105,-0.8914308307324956,-1.8569158447636274,1.692697299277309,2.2973172375358013,0.572633095839167,-1.4460554179368836,0.11715254359323779,-0.559792221366086,0.668301443528307,2.636258307101392,2.0116713275235556,2.7059725915056734,1.921158933627998,2.886077801220663,2.868673647822448,2.5668191857452642,0.16136772793497348,-1.156447134640886,-1.7498781638041851,-1.807740452096353,3.1625874428186815,0.24746831355696886,2.0065461973674674,1.0725799885834428,-0.32353150015339793,-0.0246031464746911,1.5845590687584628,2.8164102435130705,1.6418029018160971,-1.140826257964478,3.0148378445188615,3.22216285439233,3.1123195504152203,-0.30582057738699053,-2.005816513083656,-2.4314426036016386,-2.381186132768171,-2.189669075694695,1.9600081637738833,-1.5925283093951412,-2.1875962519646155,-2.4633696921816535,-2.25738947234285,-0.24385076302937436,-2.5565618408800628,2.315896192541474,2.7897700885058687,3.1622023099764878,-0.4436787568401741,-1.8412567492992085,1.9170518241188437,2.255510702466892,-1.4211376928187849,-1.485531067894855,0.20003930047458324,0.4239721546727572,-2.113609049177577,-2.481360610518548,0.8684202050766923,-0.9697469730099169,-1.1302768322689738,1.9697988344933828,2.1607901977760777,2.3645690001690274,1.888757368828368,2.406601793494678,2.8509954128177286,2.2320241335122395,-1.78053287596192,-2.7207453396727512,2.874368890326142,0.2784300183237339
2.2191294637510035,0.04990149813909317,2.551884439357229,1.2593876730279177,1.748242935409999,2.885274175968237,1.9029193856525928,2.032245198645754,1.9491188348901467,3.1323160252954,3.438091148690108,2.0,0.1366860929052539,-0.9357258700706441,-1.0056687206504868,1.5226856081752442,-0.07429907723686868,-1.1597493444618354,-0.29862422845645054,-1.41067354459862,-1.5581235739744692,0.603157172346166,-1.3990634842918932,3.1163130651243054,2.854038584197613,3.315671910903087,-1.060964816529138,-0.3459324792824328,-0.7788032176501785,-1.4540406602906732,1.5352641226202144,1.6884044470943702,0.7308197485477005,-1.0163990927553217,0.2887263265287804,-0.3791781167935701,0.099563159419683,2.310039104865969,1.5622556764439577,2.3760856938115813,1.3035744759346164,2.43049461735966,2.4616841587110394,1.9507168030796227,-0.15094137490721532,-0.8786013720678071,-0.9052555223466419,-1.181237133509873,2.909722168381787,-0.10371701266400823,1.5074621694455197,1.6106897572104208,0.37431860908562964,0.6347484513121466,2.0947330631787184,2.7848932335282433,1.4163198871879976,-0.5736132851445668,2.7797770657774135,2.860464653245685,3.01382437165851,-0.16785736415951402,-1.4912782909389604,-1.9761305708516481,-1.6736730606721868,-1.4261411670821142,1.7713996822834712,-1.3866223199186662,-1.8325587454344696,-2.0116320096363896,-1.6784430752589645,-0.26375979303797653,-1.9487241621767155,2.0289585472083065,2.2692515490698186,2.959092597725548,-0.5001532834196178,-1.3775789604339859,1.6815090853305676,1.7413405979071856,-1.4078975881550801,-2.1026928259245836,0.42726216454158916,0.12061130973699857,-1.6451439652185547,-2.0418981200589976,0.2967073102269384,-1.2604879823885504,-0.9328987105105224,1.2079157617419543,1.811754599325737,1.7962620171605737,1.3471372338714709,1.8647333329017124,2.2353524154347992,1.6256809722105516,-1.5688205173076684,-2.206048625638772,2.217733924636294,-0.31984677083474333
-1.4868572068667527,1.4080942272605577,-0.9498402543801862,-0.5085883490678456,-0.5071513967338708,-1.2223894384231906,-0.2537284436476713,-1.31616219908413,-0.5034521708811986,-0.2258318217735228,-0.21851169189164232,0.1366860929052539,1.9999999999999996,2.213826012283798,2.3862113812621435,-0.07615522681192854,3.5210256929818744,2.484825860393005,2.9019700536048942,2.5114122634054445,2.3703419724655825,3.4618855741671632,2.0941709769440036,1.5442066294026882,-0.6987122477798312,-0.13820944606943225,2.6108202576982618,3.0247566318689376,3.304354627201796,2.3646713498888787,0.2510030930717992,-0.5973241763281902,0.4394040434533031,2.9366671632183747,3.41938056386225,2.6392155080538675,2.447132208683584,-0.5630039797009849,-0.4109689047830128,-0.2601824069267288,1.8266550090270128,-0.6615675947351485,0.47648351951624635,1.1568572180742915,1.9358416838652421,2.39649141208659,2.233846260360987,2.1425787970159567,0.0635672764853501,2.4319884235575584,-1.5725147056469213,-0.48849675487705646,-0.2598011202838092,-1.4414457035394421,-0.16364832425571146,-0.8039019078795125,-1.1049495065966104,0.7294345731499187,-1.0737193134180179,-1.1439316726837458,-0.571173566900963,2.620235122256868,2.1082100733275855,1.9964734122364618,1.9891386667589959,2.0054659215291575,-0.8154064209181202,2.440188546585751,2.2629877640087197,1.9694915230989976,2.4193331572414,2.8158294247006603,1.9277892083700627,-0.725932705843813,-0.4105360307560056,-1.0453533811524895,3.299620738086827,2.7255986717230876,0.38254201587748715,-1.7283281638351893,2.2092620775865752,2.011421845890867,2.4657378774644734,2.4154899466450592,2.359270235167064,2.041083760792636,2.2531444791447344,2.638389596993176,2.764300883790163,-0.10251042309659697,-1.6268337847840812,-1.6943285602753322,-0.7870464908246526,-0.6633204416995028,-0.3993511014966725,1.0397305831682209,2.0362831850910297,1.690597964738806,-0.22984154461810735,1.6473236330248158
-1.3985837870636189,2.3737018200958495,-0.39235644956534216,0.666057060094519,0.6808207732422844,-1.4413999201013863,-0.34722338947599757,-1.8357059003001046,-0.9720295044783942,-1.3270067270221877,-1.867811717067057,-0.9357258700706441,2.213826012283798,2.0,3.5544595780796775,0.8956285535925955,2.4600587005986805,3.1517439692281375,3.0412277818403513,3.3031992321467465,3.5550335766216374,1.7589556709022267,3.708782348555543,-0.8839955996391586,-1.8184203720152983,-1.8098519423351909,3.6558780528369046,1.8654969301706714,2.2999557202909853,3.2426457317665354,-1.1251833547724737,-1.2518812158793358,1.5386621585317617,2.883665880118217,2.081199029526288,1.5077480535510923,-0.2772093736209669,-0.8893089649330946,-0.6180864303842144,-1.3881877662850857,-0.28469079490531013,-1.8224679699206257,-0.5518184553370236,-1.2687009053834775,0.9172175727198592,3.092953185691787,3.7262340773288045,3.6485262130075946,-1.4503568631840522,0.5531970885459042,-2.0577683781287908,0.5247022321825512,1.5200945229155258,1.07956632540457,0.6839683380730821,-1.2693249028823475,-1.3003841202997721,2.091239235672255,-2.1685901029217427,-2.6472393269048444,-2.0370041120565956,1.0916647238137092,3.248640966943473,3.4759113483961057,3.6018511628137553,3.652536097922236,-1.4777314674065958,2.2219324881479725,2.955338095449224,2.9925847737158575,3.5432031045016052,1.4693360177753299,3.380434775011686,-2.2211175593184755,-2.651014173302311,-2.4073335978537225,1.6708950483466654,3.248280665423465,-0.9158610622004395,-2.295365936759894,1.8963978089742932,1.3536071788606077,1.6544113255254849,0.6689259014190746,3.4319012264709197,3.244844600458642,-0.2152984067451523,1.8282059341205312,2.3189937386079804,-1.9568823352523408,-2.2140320436229395,-2.504457444400412,-2.0377579506076584,-2.559610869295245,-2.4253078540248363,-0.8318036185219877,3.0860597569391595,3.311026324230104,-2.100716092767825,-0.1533963543750304
-1.8127942027803154,1.5949276395986571,-1.1316635220721123,-0.18437173219676584,-0.1624100460641331,-1.905626776469132,-0.9353242850433553,-2.354174938228189,-1.6572718345349746,-1.3896019255785648,-1.7765418878634427,-1.0056687206504868,2.3862113812621435,3.5544595780796775,1.9999999999999996,-0.061907634293562885,2.7432667906955555,2.6934371522665366,2.848937089111587,3.0492382663737025,3.579863248835453,1.9900797961754835,3.481290899690629,-0.8827866174576096,-1.9117707047443324,-1.657436112787238,3.464410997395011,2.5736988653479775,2.5944346053338236,3.6063769533510115,-0.9452804590273637,-1.1804596245778036,0.8627146890505777,2.655536469971572,2.1426290430128647,1.202975398218721,0.3953778893386667,-1.2043403729622297,-0.8822728916901186,-1.5048821577628078,-0.3655842168151173,-1.7943212354582165,-0.8007916986638911,-0.634937211755435,1.076062147566622,3.478705590610243,3.380451395170934,3.5710359269241927,-1.6030499312859559,0.7589025799889784,-2.239062943463797,-0.47987188704627615,0.4533746956124543,0.07556343454937041,-0.1979520359015084,-1.8222648745029015,-2.003279896228924,1.3015342165822206,-2.429602838090202,-2.727583325833188,-2.2775187996321664,0.9678206531857853,2.911744218749475,3.2796100567675035,3.394142736461175,3.737099739497365,-2.06094622261997,2.0278941065899767,2.643508794910485,2.491351994795407,3.461624646816858,1.4129616411393404,3.300328075156008,-2.3768543828551754,-2.6822329231463202,-2.519645754382193,2.150860715923687,3.4651555281914272,-1.0546264697140217,-2.561181856865647,1.6006160085112002,1.3142698662748873,1.374499442609592,0.4308446583553469,3.180554576142789,3.0225879945930623,0.3305859663510558,2.4162814561752235,2.082018552298196,-2.2205039035758225,-2.6139381460060163,-2.780669607659867,-2.1983681227898892,-2.299471596387688,-2.4692681581715976,-0.3121537518644026,3.1797914159744365,3.208286098078329,-2.1565547021502844,-0.03499101085575029
2.5787492167801647,2.778944264776264,3.26204384003056,3.57002819395311,3.380871738327272,2.6448809920193006,3.065929433553138,2.447776792755569,2.293752501173382,2.1831910856637355,1.1134546435723016,1.5226856081752442,-0.07615522681192854,0.8956285535925955,-0.061907634293562885,2.0,-0.05895788582521966,0.7654304637023788,0.34466936073098997,0.7534746282223834,0.2545451708419999,0.33729367063362,0.8862125678427578,0.9606249636294278,1.5323846761473492,0.9688554427981297,0.623256082883357,-0.69623159064397,-0.024429288927984794,0.12077837191482632,0.7009540285722546,1.3463720532276957,3.015130139459078,0.4381552269086163,0.44521125492907104,0.424246899677977,-1.2255604048894853,2.3178225047282606,2.222483986656799,2.037267931310992,0.7478380316415172,1.4133989506968991,1.8703419882422356,-0.05825606359121824,0.15210837922369835,0.13317859651895292,0.7720755569094402,0.4800574614912483,1.1520507696328257,-0.5310263483528895,1.6116851724503052,3.3029987446439284,3.060784039537148,2.4794960839634395,3.075370685806095,2.3560735759683267,2.491006931755128,0.8753206300363374,1.4280186841746527,0.7708417043970546,1.0574379752596714,-0.40202996782352884,0.43295087995041015,0.2997539253953042,0.22826997013906225,0.1547209082981221,2.2981877445471035,-0.37104180577154433,0.06130135256222319,0.5647165865111905,0.46782317847078575,0.25838177319653693,0.1871475990688824,1.530620742524183,0.4162580319072735,1.0892414480301187,-0.6110054032867409,0.041517098657754326,1.2373651356850275,1.2778982701065293,-0.15194532629983523,-0.5990211047023395,0.7107043116221712,-0.02892874770712872,0.5156780631152408,0.15121078667825147,-0.9364166867150596,-0.7421060924270566,0.6209128123918088,0.9405985453480659,1.2572515421690225,1.2142171720338113,1.2670791468913845,0.4208846305843216,0.7598422391773487,0.19403039225117236,0.36287728232601923,0.14750478098860698,1.219901759325014,-0.18070240648235214
-1.9295299550800653,1.4363520336490787,-1.1884452143196507,-0.720039416668019,-0.6780414290640537,-1.6974945798741714,-0.3601928614211396,-1.5589604540326354,-0.6897477461219328,-0.799803753259838,-0.5451015239223351,-0.07429907723686868,3.5210256929818744,2.4600587005986805,2.7432667906955555,-0.05895788582521966,1.9999999999999991,2.7665177417946096,3.2942922863931416,2.6456746787742427,2.7043535493725637,3.4103324307994747,2.2324034255602996,1.315592006139661,-1.289267148620415,-0.5945410700929392,2.713990204778576,2.9429264474035506,3.2786562745184167,2.4596366939100474,0.24663682752899996,-0.954500126406875,0.30709981398370495,3.217435548217489,3.2847338233803747,2.8600972563854823,2.550820503363166,-1.0514024026279551,-0.9821891541828014,-0.7909756861744485,1.7893380263763832,-1.163838796172501,-0.10926108790295058,0.8325707556337543,1.993268855202,2.5101236806959237,2.458418340309962,2.4355299102350068,0.0043937001283613775,2.710806386095293,-1.9963508197678173,-0.6179671129733086,-0.17079786128823185,-1.5279725353107374,-0.4509189749997686,-1.3091751627432608,-1.4402245110223098,1.1102497913099485,-1.65423715779048,-1.5115365487020247,-1.0661503454990866,2.0654217244414967,1.9600407412030816,2.059961474124262,2.0655916668261054,2.203961152481096,-1.2158963083877303,2.653879141776768,2.42847147618394,2.004250694336827,2.489384008698215,2.527600433323615,2.0036695519614014,-1.1247569746610062,-0.8936765017332075,-1.4833918345451886,3.1823425932585696,2.8950768603469985,0.15494166917913932,-2.194866155996297,2.192121796748237,2.194878962226882,2.5721923498362482,2.1661146457792415,2.3890676176951766,2.132780704830485,2.305172783302005,2.7120377107261397,2.853862436751889,-0.34096760253764735,-1.7019996547183713,-2.115758156092509,-1.3341460993972012,-0.8596287487411294,-1.000590720961583,0.8264154618709421,2.0923617303917044,1.9271198823266653,-0.5621693924319022,1.8238935222855717
-2.0526059682959685,2.327071276933105,-0.6931979028303259,0.3480128197375059,0.14794416880213146,-1.816264095501559,0.07918031422636529,-1.3424444937047508,-0.22014121158782263,-1.6044281309771553,-1.813641575376175,-1.1597493444618354,2.484825860393005,3.151743969228137,2.6934371522665366,0.7654304637023788,2.7665177417946096,2.0,3.3897488233478983,3.5201658078965763,3.2355359394977925,2.4020933597349634,3.254899745560641,-0.07989526001179703,-2.1443774211213675,-1.7909004032927203,3.2472179428356154,1.8795729561278565,2.8875675657823585,2.4955699779998954,-1.3277731308111227,-2.077291846881002,0.7173410794777302,3.6940040825791485,2.559091212266222,2.9807713951851773,0.9671580432079456,-1.585720001772842,-1.3970203528816554,-1.431831366818607,0.6941409956942334,-2.128037400687747,-1.0328825724666904,-1.060448423624776,1.2312939926628645,2.158189223844376,3.191031255470824,2.8841995309485413,-1.3205080352524952,1.7643409275796649,-2.092682250153339,0.6139673494734768,1.4722972563049885,0.2656958247027589,0.1816910917246261,-1.3479202137994553,-0.5694547914520574,2.369142284286141,-2.104256198772428,-2.2510818799390337,-1.5905524787009937,1.9419867524996544,3.052313062116297,3.1062271928939067,3.01873273171943,2.731926496934199,-0.6720742229104477,3.1083848547664403,3.500936554835479,3.5593833578764573,3.299134675271497,2.5820851237782625,3.0580689060318296,-1.3567130479039886,-1.6340931958475686,-2.125964028211333,2.3173280042412783,3.0537185434963514,-0.8062552962133581,-2.4237478683200644,2.9546919240967364,2.4692542301820843,2.253685232550093,2.0055420693829413,3.253886549279488,3.218164669315895,0.7997302594760716,2.0979268896705356,3.2987676063354625,-0.38099811379320325,-1.9851419083097022,-2.283154250592281,-1.4725736773644493,-2.0250464859128186,-1.746035481401066,-0.6465744854680356,2.448391616083406,2.9175675865642843,-1.5261647843453319,1.2695472636232827
-2.0966551286725275,1.8400228636381595,-0.6701666024933997,-0.14897153060251261,0.03274555769802906,-1.6516610000568657,-0.39570638281102777,-1.751478157185412,-0.44193556234153397,-1.4609104701818512,-1.0511575984964057,-0.29862422845645054,2.9019700536048942,3.0412277818403513,2.848937089111587,0.34466936073098997,3.2942922863931425,3.3897488233478983,1.9999999999999998,3.020232577857841,3.010471686104502,2.91820824666868,2.840624897840592,0.585796172192127,-1.889932587262774,-1.1178795709642082,3.0869925921400077,2.278307999896412,2.7236094394626518,2.5612026071634,-0.8543681164162396,-1.7088167414927349,0.5496315715312561,3.394230208568755,2.8921852180893066,2.712901704095728,1.2549200640457117,-1.4982937750995478,-1.4624681379369202,-1.4738821396416761,0.9017521922973297,-1.8376581923977746,-0.5177450074575688,-0.5166351675567682,0.9966086025481075,2.4039288672619925,3.159827376018293,2.915831199211808,-0.6061561719224423,1.902264564064778,-2.3620974418665326,0.19127504906462112,0.7937327992704546,-0.10687394571294923,0.27195548000810527,-1.1760388228507608,-1.3489502082079374,2.295072061725677,-1.9134706750904962,-1.8315521748026042,-1.2540324846647297,1.9429336872854157,2.502586857424639,2.556830715686682,2.6364772372648146,2.664291329625337,-1.287993463950981,2.976225745315943,2.9184756184627076,2.6119722201827797,2.8343952068755276,2.2318242507567243,2.4589162782888883,-1.6636897150268841,-1.4436637299762434,-1.8366802725511482,2.4676444856942075,2.919740441555741,-0.8589562303723501,-2.469308111677112,2.602108342380424,1.8879475321777517,2.301609196953003,1.860147753626567,2.7521215839927122,2.56601518350945,1.0736186810333816,2.072261212254501,2.8426229444076907,-0.7060312813736844,-1.8694349983161391,-2.467999403913001,-1.9643008969105404,-1.8151444900402245,-1.6651947760543964,-0.3636439444388815,2.1376877088234343,2.293841965250733,-1.512194216954815,0.879920963727665
-1.6549287914320923,2.310958302206911,-0.8732986519556938,0.2856306472159292,-0.03880257321234992,-1.824754643439127,0.13594993604545347,-1.6107566278082794,-0.8237481772919706,-1.39560512459652,-1.9942817462704254,-1.41067354459862,2.5114122634054445,3.3031992321467465,3.0492382663737025,0.7534746282223834,2.6456746787742427,3.5201658078965763,3.020232577857841,2.0,3.4083287193196194,2.37123494007231,3.4783634002448593,-0.36177872656275306,-1.9625303856671645,-1.8245650519550385,3.549835395439454,2.388184808428294,3.177041947554165,2.9379475802741886,-0.7792523297526063,-1.460079424720675,0.7510723193846229,3.358305992729327,2.568917012016517,2.702636888475955,0.9262549311163715,-1.1898308976767282,-0.6976850523768608,-1.0259432511423765,0.7489003755193788,-1.7416162245899098,-0.7704983068029785,-0.603890381959264,1.5787956204512994,2.695141985937495,3.3246777284067637,3.089446457108849,-1.3852250821350802,1.8471704511419187,-1.7475035568544208,0.2686118393738964,1.3033786188587069,0.09249669476531702,-0.13379410728172525,-1.425171220649546,-0.9465298832190363,1.6164797215949886,-2.176798906743155,-2.6475117289663426,-2.0205104227289414,1.4570521500731473,3.0650869449861626,3.2373213950580935,3.1766098503411726,3.059759007961021,-0.7866500379155017,2.5704439349748287,3.165920399680121,3.3759856767867773,3.559337377006308,2.47957232836843,3.341216860910502,-1.4274519798367353,-2.134227066494052,-2.455101569898587,2.4934499201594047,3.317251683781492,-0.5480433849405695,-2.2404860766591845,2.4843807552599264,2.3694463682130578,2.252397342150633,1.4970313732563145,3.50918341440942,3.3737237532770923,0.9279564667515806,2.571913598628226,3.4146429435912036,-0.5959380682145099,-2.095808537834572,-2.297940542211455,-1.1742560485897138,-1.9291142688571679,-1.7350553173827357,-0.139589889688447,2.9372827991945267,3.33783380586012,-1.2868133263370332,1.4703956705891288
