0,1,2,3,4,5,6,7,8,9,10,11,12,13,14,15,16,17,18,19,20,21,22,23,24,25,26,27,28,29,30,31,32,33,34,35,36,37,38,39,40,41,42,43,44,45,46,47,48,49,50,51,52,53,54,55,56,57,58,59,60,61,62,63,64,65,66,67,68,69,70,71,72,73,74,75,76,77,78,79,80,81,82,83,84,85,86,87,88,89,90,91,92,93,94,95,96,97,98,99
1.9999999999999993,-0.198676621304554,1.5819161309835488,-0.4324458643915692,-0.6550460345682757,1.083920035569862,0.36636221157972815,0.31390025154207085,0.3783776870004544,0.12261754393656459,0.9268174448801487,1.1580662218625617,0.9002840574804977,1.0557853173812006,1.5185070014149757,1.8139295053269158,0.6788409338279605,1.012809140283251,0.720167332933631,-0.3351871665254257,0.8669057328448935,0.9533551838153292,0.5980094854006552,0.1700129447190357,0.2775394103414899,0.8996597074402464,-0.5278128961226208,-0.393902760800918,1.1786409586710074,1.0460627051498865,1.5492974160572033,0.948364558034589,0.13596861865703475,0.5217115700224902,0.03063331801326169,0.9022832383035106,-0.5109311704172004,0.6287991906626855,0.4754468912024163,0.570686230853872,-0.5760145055880218,0.1730898168113758,0.3231458619276464,-0.9791818531711531,-0.016967982928056298,-1.0657539875686166,-0.6250023294960529,-0.31434852672969077,1.2395823281598168,0.15209841479123062,2.981733177243594,-0.0721088385793109,-0.31428506187332017,-0.6144980942190715,0.5291543065309405,1.2948557871822965,0.46215806221761835,-0.0241873457082155,0.1648695736466908,0.3547895764963609,0.8013639084639756,0.6981928216416594,0.6450828815694736,0.6636342823997909,0.7306783303409743,1.2082601163328202,1.0913937830707976,0.9415127180465466,0.9013322180528218,0.7926988878730912,0.8225600249096756,1.2618458398790664,1.167628632322869,0.6990626645475664,0.8646309901885998,1.2737198756664414,0.8192430912809754,0.9697753730678513,0.981013635888105,1.5439541436263773,-0.33829819919209747,-0.403694619041265,0.5776395252155523,-0.522387972721596,-1.0427347820369255,0.06217674396954931,-0.30851351503215574,-0.6673012341091673,0.5199560744417552,-1.0520133233716666,0.7101969928894594,1.2962594639445315,-0.3378272486264411,0.6919018083023658,1.1968458712472114,-0.817018077277034,-0.5808368067287897,-0.4399726683870454,1.811679117572135,-0.14023036512085923
-0.198676621304554,2.0,1.7584394407783883,2.4363055628836903,3.003977056322461,2.5247128835164774,0.7461790501326713,2.9554550509683253,2.7032600361872916,0.7819440166677945,-0.2680556638257377,0.1966236202534718,-0.3730149016795231,-1.3922569614675542,-1.4949162376769791,0.9192311797847543,0.8123710168333063,0.8142693461709732,-0.5973801823043883,-0.2934626391330164,-1.1996925057924366,1.086529370441803,-0.6360909638396219,2.2461010360037443,-0.6823531576033309,1.5047089385005281,0.2907833187185354,1.1908670592545239,0.5203586193509275,-1.5606314019205212,0.18258115257054988,-1.1888638820560908,-0.9647354510522312,0.2321340892256493,2.014507972491861,1.4331692977927881,0.6586998845609207,-2.0543426951157504,-1.4549111218038735,1.146770432696849,-0.6665545491413984,0.4629912349383908,0.9345267989783215,0.3380102452427124,1.553656215028432,-1.3096884763711505,-1.1710880301477253,-1.2368098188407854,-1.0261908306296985,-1.458540890092698,0.39042287386975016,2.807851395454978,1.2782337397059405,2.8015953515266814,2.8449365128445665,2.006515944200058,2.572333755756667,2.9196168250312358,0.8587300085493834,-0.5491746823000776,0.581694688998877,-1.5186728546040378,-0.1502931388249943,-1.4086541035149567,-1.1021617961113122,-1.632603027111245,1.3054784373441826,-0.45604166876456453,0.6016499903601606,0.2543974467451257,-1.5789097293582777,0.5278083043525944,-1.235333412847214,1.8507155495418788,0.8191333453593674,0.2880745386200019,0.2421688001126288,-0.38237271720620347,1.1748822010519178,-1.3009059825807872,1.9381014763119624,-0.8281648811109625,1.5071819097256571,1.6402129270426267,0.5560175504846544,0.8309821902616326,0.891484208633841,0.9261979934019555,0.5198045444456311,0.3241310049094838,-0.8763036950617503,-1.8307780837127923,0.8375763528813462,0.2392620096115505,0.5938471330107501,0.521193746662614,-0.5466372610269994,-0.5866698722359592,-1.1760876285624233,-0.7487188334313954
1.5819161309835488,1.7584394407783883,1.9999999999999996,0.5522785073326044,1.2171367419532342,3.0331404041545857,1.7514384501854776,2.6825882203355986,2.8950233901493334,1.7649945896693584,1.7204339336726895,2.4206866209637985,1.0270124217741379,0.9560413915763497,1.3054634658981483,2.574576081949777,2.5614736109141107,1.8569806030052478,1.32584853325695,-1.3251092904873052,1.31383041269143,2.3499438865281177,1.062382054082221,2.5884920414425943,1.2643306083237342,2.758692076201432,-0.5596676742400788,1.6987705171995406,1.8238485538446176,0.5242088657409644,0.1002746958423715,-0.8875950754829639,-1.528980011823628,0.5164477436387749,0.8965547196371941,1.5533464792032725,-0.23206563827081,-1.2691028911206546,-0.0566533382030161,2.1118582568725457,-1.9033021932317862,-0.5523611059075273,-0.31654570486804023,-1.0035952130591612,0.1414508788314715,-2.125678284800062,-2.3448765680437993,-2.295063960172549,-0.6416720528924957,-1.5436699393655502,2.1447385718757084,2.324104766038374,0.1383775604155604,0.0263088600156003,2.937601008696954,3.470935875560505,2.3015800886098474,2.6429191255723725,1.3602427847692058,1.5245019053291133,2.123083215015682,0.22679750313386,1.849021574003511,0.6551506110615668,1.0068427195106984,1.01081341671587,1.403525076941273,1.4865811082140403,2.3086964312572174,0.8916592562430057,0.9935051695725318,2.1222751787439673,0.7299049570287205,2.270657959201824,2.6976378493022493,2.6348647098765343,2.2270603447811808,1.7870717253314319,0.5980532615262018,-0.4803340003282872,2.3826136504230546,-1.358876752837422,0.8261178288784619,0.9924475548551783,-0.24609288177732122,0.3742171419634416,0.1537827066874288,0.45018975367683733,0.5275452154245865,-0.5925156606809604,-0.96168411559145,0.3760925210043927,1.243739425953912,0.020341775708696608,1.7332057783983472,-0.2073218865639371,-1.285791236328088,-1.2161505836821294,-0.029737563943729395,-0.9261083846882372
-0.4324458643915692,2.4363055628836903,0.5522785073326044,2.0000000000000004,2.605020068879076,1.5988783324297922,-0.36110222076080534,1.202351309691094,1.3233711150448721,0.624404029064253,-0.24676743440766258,-0.2967954184459713,-1.223240576124181,-1.7156748440788654,-1.7159135796152425,-0.204209560407359,-0.4704698913025249,-0.5039594911035947,-1.471458456831857,0.5079820809061368,-1.7289029477793818,0.0944491820946832,-1.6029746818751647,1.05897601259288,-0.6780730135571418,0.5344879256619335,0.4117378349911258,0.371593062011165,-0.5078454788929261,-1.4376445509658846,0.3597574558163776,-0.2826979785357666,0.18843836539151912,-0.5051861503153792,1.2713231591306253,1.2239492739897222,1.1854683630932805,-0.8561698649994294,-0.36489883399233314,0.12003526436183491,0.4540040441955756,1.359405318428235,0.5682636790670353,0.8743980083295024,0.6101775576125135,0.014128422590501497,-0.08853895368840081,0.1264782173607179,0.1550897858952136,0.022173987529174894,-0.4260086969061282,1.2838619219088587,0.9981433480222175,2.9472014112935683,1.763200351733156,0.7573922787094807,1.0609134019711095,1.2854916931174718,0.9004256736900901,-1.0187627157064134,-0.3278853778172769,-2.003375430849023,-1.1477852809375686,-1.9212532756741743,-1.9404037898180502,-1.9622059496355257,1.0633782983555817,-1.2852580045952777,-0.6564865994822552,-0.862551220420655,-1.8563893629764778,-0.33239179645722494,-1.527922338619998,1.2806098179350722,-0.10227054812475321,-0.4649036170557578,-0.6060655102720206,-0.8727323746058367,0.5143560705366679,-0.7302466863997426,1.0547869149781468,0.4061297703016882,0.8931560589802406,1.32947623382685,1.0689708171416437,0.9806055405740124,1.395714727342352,1.5057753867692325,0.9393034568738229,1.3481396921455429,0.7027025489596714,-1.1003440584933757,0.9763744320684482,1.3466851523372778,-0.3966412455382588,1.248066593066325,0.6754151996970335,0.8756077069291779,-0.2391772430753734,0.6420962047257956
-0.6550460345682757,3.003977056322461,1.2171367419532342,2.605020068879076,1.9999999999999998,2.660245723900889,0.01023393778398881,2.343132000987617,2.4349252680095477,0.8370216081041654,-0.5082337299964907,-0.1863303859690948,-1.1361171307641285,-2.121984696123664,-2.179497081071542,-0.11437441783601501,-0.1022499968039921,0.046622056551666194,-1.6563638027071832,0.2079457650256301,-1.8397972319660187,0.7434897870472033,-1.706912465818415,2.006070987413846,-0.5486350010606945,1.134035422926194,0.6773770670298911,1.2353665445250777,-0.08623074734601469,-1.8117332688549992,0.0918216949538935,-1.193740872784865,-0.6588687103422108,-0.1410897759103354,2.026200348801202,1.5946132865068776,1.3344471455597207,-1.96998962259353,-1.0380464813192267,1.0691324146945442,-0.0784054224983713,1.2814896126936495,1.0944731971422095,1.1812323948356083,1.4020557446747204,-0.6965957993972042,-0.6223763468348245,-0.8036010715282936,-0.34006243968369587,-0.9121168181769163,-0.6553621423014823,2.2048266973100716,1.200520928248796,2.7866902480043243,2.8732050388155876,1.8293752095702107,1.8092092997625682,2.4418937650637575,1.045954085152545,-1.036703770716985,-0.11007197647259209,-2.209777722368199,-0.8417927612220568,-2.0020064313292405,-2.0843131280339873,-2.347809024186592,1.2302426228392944,-1.3691610733677284,-0.024076510813619195,-0.3551507307287834,-2.046317034814357,-0.016746934082529696,-1.7984096076077116,1.7076752064767897,0.3457601964588862,-0.1691426076522492,-0.4120624715645921,-0.7151877095247001,1.1381726987873624,-1.7861596499166832,1.9950399617631969,0.0639671908241147,1.6472589030040852,2.25691167810621,1.153984558708602,1.3708448439838428,1.5995448356693467,1.9204543619579386,1.1547987629006762,0.9657399148754107,-0.41394801877423393,-1.918217430681422,1.0431444055151884,0.7972561332768814,-0.09504349105700109,1.3640576628066334,-0.1929260401971623,0.0696495340104945,-0.6884036802823789,-0.0925285552078762
1.083920035569862,2.5247128835164774,3.0331404041545857,1.5988783324297922,2.660245723900889,1.9999999999999993,1.176705728087196,2.7915859099313014,3.3603115873892864,1.253567774787622,0.45278241750639997,1.242176668879793,0.1541361836772947,-0.6114638884951054,-0.1968851661313751,1.5455844729211707,1.4561181277425903,1.3262361243223253,-0.1112592936528617,-0.3262373865115657,-0.1722760987642207,1.751172688079651,-0.3482724785324514,2.450299697621244,-0.03307971668748959,2.179131982703782,0.167537871116831,1.562009797375507,1.6082707395796787,-0.6271057883686195,0.1585232074362184,-1.3435125377702186,-0.951499047761794,0.5158664598500508,1.6708008184407441,2.3709447344851213,0.9146115859651236,-1.7965456020935187,-0.4470243257424781,1.9211210742268183,-0.9031734600898427,0.3934029087694361,0.7328729998561297,0.2970313053680843,1.1129944031858394,-1.538510284738356,-1.54412110849354,-1.5838802648861066,0.1335518239762199,-1.0346562012579739,1.1939623956537568,2.3012694115038776,0.7559422737486148,1.3898088721168718,3.596378043476457,3.4064720845543732,2.5271520796505307,3.0385099625538685,1.0643398178918027,0.15435522502117832,0.9346249530471877,-0.8964135474851962,0.7072840277798873,-0.6871624890164225,-0.5958307408103065,-0.5238528556701617,2.042021961155988,0.16090125698765512,1.4476337487347517,0.6717615534781755,-0.3087130212112774,1.4691712727093935,-0.3469452944550311,2.10060860194337,1.6060576274471496,1.5899904651443868,1.3372141627788328,0.7478182524072011,1.0263830085593177,-1.3281388530192162,2.244732524048674,-0.3509102665983146,1.741715082299903,2.0804942744735913,0.560009535646918,1.4881100024536593,1.2792618535038431,1.5630172274280483,1.5148016064286907,0.17592076982550497,-0.7787701747674927,-0.8688107784676187,1.142187543320715,0.6011618945568613,1.2426393618435971,0.7640215306065552,-0.6030850689452465,-0.32656060371559237,0.4760414130225832,-0.3196875847934456
0.36636221157972815,0.7461790501326713,1.7514384501854776,-0.36110222076080534,0.01023393778398881,1.176705728087196,2.0,1.5512308418001126,1.4276214331270434,0.8442584472334305,0.8017602968569955,1.246407486788548,1.2710899699266736,0.9512375691004653,0.6970611730889953,1.8375362018370283,1.680525647092229,1.3967866915110858,1.3204059624431033,-0.045427539313657866,1.063081039475549,1.276284787995396,1.3686015673576952,1.3607617826254241,0.7094146468525802,0.9999069343388127,-0.19278038419514332,1.5512216492257886,1.2857746458615225,0.7577323910996037,-1.0507771523971745,-0.051164040445075804,-0.010983372676851677,0.7343071744325971,-0.1834371680561599,0.2774022824259928,-0.17751053154807908,0.4630684007972671,0.036474550714831605,1.8720435671484181,-0.14511059922079234,-1.296644001302484,-0.03454090070731797,-0.2892786017487386,-0.5344388817773504,-0.06535367940448628,-0.5548683859197199,-0.5717004887023514,-0.6842803485423079,-0.5777211729428398,0.4748782154003507,1.6779983942410839,1.1783492285671096,-0.06259106042055859,1.1278751117915553,1.4030222155444902,1.2468059616260696,1.4586277946021022,0.49823449723776514,0.7485005922498951,1.4463116945113066,1.3492988602953275,1.4635839046904813,1.020725523899036,1.3437760072172735,0.950430949436146,1.2683381316057454,1.3528353274429472,1.2815012422516017,0.9171669567667579,1.055934508851457,0.5697538259279858,0.6292367259831655,0.6285057226933519,1.4810633434531097,1.0499068127572677,1.615836781968421,0.7466768055888066,-0.7504297286560262,-0.09045464740981231,0.8122510436530838,-1.1565839226625736,-1.2542198198526435,-0.7885754263069811,-0.6842286510566055,-1.3188821946967872,-0.3125439583432234,-0.4327694499905867,-0.17185689698276418,-0.402386930814291,-0.6570186730556886,0.45401998862526327,0.854974441125779,-1.2651785839686727,0.3371633870879167,-0.27817678295111714,-0.46580621419674983,-0.6943497142246922,-0.651527385187687,-0.7537684903118389
0.31390025154207085,2.9554550509683253,2.682588220335599,1.202351309691094,2.343132000987617,2.7915859099313014,1.5512308418001124,2.0,3.2905616759643177,1.535855719676088,0.6986243417157403,1.338174082996034,0.5558770378272089,-0.44733995865642107,-0.45132583945151206,2.0352496362787544,2.028424503736625,2.50132612062654,0.4525573991951229,-0.2193824640696901,0.14331892915545758,2.46143197393543,0.7703558419931449,2.827122674983601,0.6546834756529929,2.0940367601106136,-0.08225277805294089,1.6327390385695093,1.687231898139526,-0.7660270539190679,-0.22559095842071508,-1.2060124400925432,-1.389365476685327,1.3924472822497798,2.0079126571096153,1.8813738843708856,-0.003078489822195697,-2.1545653834723435,-1.3593413626712714,2.1894883352213004,-1.2059679333787718,-0.09800173429726178,0.4071165155114415,-0.4320473179420114,1.2370595958156998,-2.157984336661034,-1.8166790331267086,-1.7780975091391498,-1.4319738084615135,-2.0001198553747286,0.8072836479009631,2.844266908576775,1.2514128476215864,1.3205197701903628,3.1080822500733607,2.8454765265663036,3.42448712817937,3.49646656439338,1.3687247159113316,0.6748774743255909,1.7145808581810842,-0.4422529858890464,1.195143772276884,-0.4280659606674464,-0.0771942451306489,-0.5497655220489419,1.975616264669104,0.7733632177354794,2.048423714564806,1.6871587473422234,-0.217541289532275,1.7425361728919966,0.008801157494165397,1.9983305001238811,2.0390492863749463,1.1709717480597366,1.5896981937156545,0.3881510590116369,0.6475832129652845,-1.4047464560618363,2.6056510572524134,-1.1441194837256288,1.1115886097132976,1.4631262651689552,-0.0749510411430125,0.48259580343828307,0.5967745060773831,0.21677739396358242,0.864064176170987,-0.5545374792658879,-1.4544039720237028,-1.0200341106461528,0.8651804413963573,-0.5042106681685234,1.0937175311217844,-0.146632821615813,-1.5735887365401335,-1.0944600371733784,-0.9476975316502325,-1.3677718129995688
0.3783776870004544,2.7032600361872916,2.8950233901493334,1.3233711150448721,2.4349252680095477,3.3603115873892864,1.4276214331270434,3.2905616759643177,2.0,1.4867114502281131,0.2473324104052924,1.0605308627980594,-0.1080538586186259,-0.7321166708180401,-0.3481687083809646,1.466854389179233,1.7053522081739532,1.9112764442959334,0.20561691620473233,0.09985663898941351,0.3482143210694022,1.5417180975082145,0.28817581096044986,2.647223740156276,0.1476457506209583,1.8940935906038328,0.7761728957331366,2.092644248899615,2.2549311796149785,-0.8579664283556139,-0.48079303324710976,-1.401674313218403,-0.966950078060228,0.5869552153819422,1.5261887314064482,2.687156535929491,1.2078810579835932,-1.921728571791477,-0.8905062706615954,1.6607477443513745,-0.9355955427880702,-0.1254888639946869,-0.1542147369017678,0.5033047026226551,1.0947797754285453,-1.363697493460013,-1.7531830775450592,-1.5843298013191363,-0.17221214340051236,-1.0616257778580505,0.5122249040804113,2.8645120096863574,1.6701562077505367,1.1235062123381083,3.3663496775069164,3.174732448596071,2.957368550750655,3.5613219240503584,1.302030141627764,0.172063268531559,1.2280852026684157,-0.9694447072874071,0.8395429177071099,-0.8449911363715215,-0.3718460190356207,-0.537948268595369,2.214805312569778,0.0541014798036163,1.4063582934927013,1.235599270577323,0.20706871797810006,1.2104988353945632,-0.3179430664517397,2.221169402741467,1.6653251369180198,1.1498682093530639,2.0247972831122287,0.4778276171366721,0.5355014047857001,-1.500099670889952,2.3027889727816087,-0.5983235467252598,1.4204919706249777,2.0847072861665312,1.039462447114464,0.8938832506011534,1.466312761655262,1.3731311384778326,1.8097149980554388,0.16757977339378163,-1.105125273281311,-1.0121419033481707,1.3091448113964181,0.09366209931638399,0.8942069511737631,0.7757067190068561,-0.6129190536014919,-0.3807462754547666,0.04870350249770289,-0.22835093543606652
0.12261754393656459,0.7819440166677945,1.7649945896693584,0.624404029064253,0.8370216081041654,1.253567774787622,0.8442584472334305,1.535855719676088,1.4867114502281131,1.9999999999999996,2.673815279287235,2.6341797012069836,0.23812164642995948,-0.2576084543810392,-0.1837664537531998,0.3829942000533309,0.7847720037045842,0.4422969915708633,-0.5416988112469845,-0.494468967456979,-0.17863441330744328,0.8490008361984689,-0.010940747158452904,1.9870375598897752,2.2620692007380727,1.5113701105766968,-0.855430605042522,1.2039273854508044,-0.012121906400371505,-0.2430126197879477,-0.9301413831159469,0.621231364191288,-1.1815264847490938,-0.8335557383879446,-0.3939654217937143,0.7952660136181988,0.6577232917326896,0.1876185037478421,1.1526513778953238,1.4780837742548543,-0.06449683036613268,0.3657553482344009,-1.3874276243425856,-0.3179949886402461,-1.6399621060623195,-0.7817415099648894,-1.0163772240541524,-0.9690112019396648,-0.3114680923241997,-0.39866283897258914,0.24794101259639217,0.9528044748289599,-0.31853005262895207,-0.33366731017405626,1.3582534293071795,1.357143646144054,0.8067173812356496,1.4451982342065615,3.4533760797829878,1.825803133660903,2.1774210263325826,-0.0614852279792891,0.7811091211999448,-0.38337227594478474,-0.6701986531078784,-0.3961549360341312,0.7164746019538051,-0.1259292929136987,0.4384545653041416,-0.22381994122856963,-0.3612668891452805,0.1924359901342387,-0.5149913378105297,2.3380939378825185,1.9828424738901407,1.4263990259841668,0.6020386147111593,0.2359224970227582,-1.2024639485449011,-0.6831661180522504,1.7479402497151437,0.0998815338482498,-0.5313553399520564,0.4010009716223015,0.11183035381783238,-0.3260143316589804,1.0750524136812396,0.5801017580131703,0.7119296417554593,0.9013369283633483,-0.3076281382039096,1.0313211031622276,2.720515194124867,-0.198083395722294,-0.08352288459490789,0.5088022506077056,-0.8091392210905564,-0.525195122594232,-0.6921499046902927,0.1362389979046616
0.9268174448801487,-0.2680556638257377,1.7204339336726895,-0.24676743440766258,-0.5082337299964907,0.45278241750639997,0.8017602968569955,0.6986243417157403,0.2473324104052924,2.673815279287235,1.9999999999999998,3.1939596408871385,1.6097820319643374,1.382994681387252,1.485821642174598,1.063282802312112,1.3021565007444345,0.4431399539575768,0.7557250241152627,-1.504781920452104,1.141913542240392,1.4013185474754088,0.8938467617245155,1.2349017305580898,2.550394538750068,1.8928256945880995,-1.6765091900910025,0.7371988990066539,-0.21762228428952793,1.3154443524259254,-0.8298521703393222,1.0567493305480837,-1.3450768470300711,-0.5706029036977532,-0.8166984314773873,-0.38732238808440234,-0.7434658440533931,0.8320182002238206,1.6723249724414981,1.620388021522434,-0.8400389372875419,-0.11667735289384257,-0.8656391736821885,-1.5421852805794098,-2.000071031014381,-1.22932439447271,-1.130152252103493,-1.1855878578697963,-0.7438248057032932,-0.7341226540230631,1.2327581661128746,0.2204503679603521,-1.4136791895697378,-1.1232144973689353,0.46332788009821446,1.217883587484102,0.1249131824974706,0.3284271837229553,2.234297488374498,2.8327326743270733,2.7150650172047537,1.3830443264121466,1.5575658196699307,1.087263279683004,0.8086983723229864,1.2190547086704975,-0.1449759519245453,1.2003683324490046,1.1112368728548598,-0.18059866201223912,0.7860385751678551,1.2364345829553747,0.6934771615324079,1.9132475095476544,2.320627227422451,2.2035191826291314,0.6822557907061817,1.3126079259416925,-1.3114679854683413,0.4056457186526817,1.1204448932613973,-0.5572075728271012,-1.2765866753587374,-0.5307296253222991,-1.1969407709170072,-0.923083071946845,-0.446792516572059,-0.6090914425093039,-0.659184033611212,-0.4493095309370518,-0.6034329221299721,2.1844494715760407,1.9497135324991466,-0.48169971029297753,0.7349581120722566,-0.9859815626719814,-1.5309111631892147,-1.3702106057647327,-0.5638466748055911,-0.6493379269634993
1.1580662218625617,0.1966236202534718,2.4206866209637985,-0.2967954184459713,-0.1863303859690948,1.242176668879793,1.246407486788548,1.338174082996034,1.0605308627980594,2.6341797012069836,3.1939596408871385,1.9999999999999998,2.02168067669636,1.5775495331187153,1.7944986574182453,1.8700991281701111,2.1695158268093233,1.059451751496205,1.3040082171360665,-1.9207557911606734,1.4171691343427573,2.152746207669351,1.335191066619906,2.0860247031206693,2.9064952534141257,2.721988131989831,-1.6116346630974698,1.5200976028424376,0.6075500364892047,1.5826616047700894,-0.2737906852506753,0.5346001426154408,-1.8814204972794357,-0.2370918575961418,-0.2614797419597758,-0.005097792723646938,-0.8115679268036039,0.23226385688339668,1.2066644597234142,2.2389639931900396,-1.6990063609799166,-0.5021142430395857,-0.6942805505510103,-1.669085515676327,-1.4290335215659442,-1.9612713047567065,-2.0507629823602445,-1.905079303344951,-1.193587807288602,-1.5460572142488798,1.753686130475931,0.7921222552101843,-1.389654133227872,-1.0726141908495093,1.2789599614300808,2.008068905880553,0.7753488248497973,1.0630585832777995,2.2706506681238583,2.778998109396101,3.1602778169331067,1.5553324662633385,2.296430641563655,1.3411069151069994,1.2905916987615782,1.6772731578599203,-0.056477866686656775,1.6264835731738834,1.9820448730086762,0.1714707373475281,1.2366091331119062,1.9457839546637374,1.079139599692601,1.9405704249590041,2.9941861216053596,2.900649642694604,1.3890598339366549,2.1418525006172877,-0.4336102206182766,0.214970694539333,1.7258346804541245,-1.155314573369456,-0.6599029406384336,0.021293162392078124,-1.2457556742703983,-0.7086912406587029,-0.45652723067989587,-0.29091004623917704,-0.588662208516388,-0.9231737931140216,-1.0766687144314182,1.9492319709988701,1.7970029994939127,-0.49076642898780487,1.6307686490002409,-0.7634972405432228,-1.8383070229228688,-1.694139909897622,-0.7174694129167765,-1.3650655327040968
0.9002840574804977,-0.3730149016795231,1.0270124217741379,-1.223240576124181,-1.1361171307641285,0.1541361836772947,1.2710899699266736,0.5558770378272089,-0.1080538586186259,0.23812164642995948,1.6097820319643374,2.02168067669636,2.0,2.2831921177763728,2.3386797910594055,2.0828753248345455,1.7853589526807356,1.2417945569685966,1.799339427157208,-1.2503589165642532,1.6976337576034597,1.8346889696721997,2.1279682354538583,0.41954126934755087,1.6249218246830748,1.585000665315498,-0.8360972134390323,0.6356263093715059,0.651063611734572,2.2956728030079256,-0.4185121635020762,0.2762660797676121,-1.0265645190163144,1.0670151909095984,0.47926384836532615,-1.0503779109616025,-1.7373133210624891,0.3478360218899919,0.5990641269410147,1.7360261104819799,-1.2654261333057042,-1.435633152077479,0.728003396918427,-1.7661712549464934,-0.1221956169167185,-1.3993847999777063,-0.7303908652575419,-0.720049674608974,-1.6434364888160216,-1.5479847156142217,1.300711647337113,-0.13049985458130653,-1.2181909313675305,-1.1628033317120743,0.11143434367640928,0.8665241776255355,0.169387748239649,0.056580824472083305,-0.3478703156258533,1.838013465253758,2.169104148683289,3.4139918370562774,2.7106473286109245,2.3869604508758533,2.241846215694102,2.4093701988616525,-0.7827674773718775,2.06115707694431,1.9946609606368912,0.7314380969734169,1.3625664094063472,1.9771436097637984,1.9158460118612108,0.44886417797637657,1.422878862106493,1.8621180416631558,1.052174713133903,2.182873827783583,-0.4035641585537192,0.41681267101973285,0.5825029706898209,-1.217761261880939,-0.7143541723610635,-0.830086970392742,-1.8159753780573156,-0.832168712176337,-1.6820200982104483,-1.4100403952452312,-1.5030123701475115,-1.6616064411066542,-1.58854850912937,1.474003373100068,0.13240518842969742,-1.4929180088934746,1.2449813048667357,-1.6748124249439593,-1.3862294516425244,-1.4301763669536012,-0.8691910904759801,-2.1671469309286735
1.0557853173812006,-1.3922569614675542,0.9560413915763497,-1.7156748440788654,-2.121984696123664,-0.6114638884951054,0.9512375691004653,-0.44733995865642107,-0.7321166708180401,-0.2576084543810392,1.382994681387252,1.5775495331187153,2.2831921177763728,1.9999999999999998,3.4068878450613895,2.1424738198039215,1.9771266688001283,1.0604464271807617,3.1558359025571106,-1.409737840276116,2.825746394935799,1.3687996256392163,2.63897717472539,-0.39101271195057885,1.3639292973835067,0.7385772576017795,-1.0091618439805379,-0.1693786295580725,0.47297626135855103,2.8728743911273344,0.23393287127289966,0.249426598168832,-0.4831979241088074,0.9499170313530524,-0.643535766630597,-1.2584590648312535,-2.232820998357603,0.7978850683240287,0.9765622576718661,0.9078044695462908,-1.3277774041297206,-1.9428097364382904,-0.1597255709183434,-1.9992392762849303,-0.641774286382581,-0.8827602465029016,-0.7026000437274293,-0.6055932186407302,-0.8179092766219269,-0.6895712504885435,1.6024126038334665,-0.3871032596359269,-1.3377529071032201,-1.776126573697041,-0.6245610581133338,0.39417099097007346,-0.5091894939281725,-0.839140383185027,-1.10136962900068,1.573161349496091,1.3450973680042508,2.6625394015983126,2.378598469732616,3.176462663274242,3.3328103493681924,3.328835916001191,-1.1701513475660592,2.7129520841431227,1.5324867281740864,0.5570770947124548,2.3502406855571834,1.7713496304107497,2.4554043902648326,-0.257715567377792,1.0840688203828552,1.5223940199183166,1.2768968172710982,2.4245184392721004,-0.2596353183406833,1.1980418617251272,-0.4844280274219288,-1.492301375425746,-1.1175766293744507,-1.7358419001688052,-2.011350462353252,-1.4456164406875591,-2.278255882210822,-1.8764860001612442,-1.6208771057559181,-1.859363598746666,-0.4108973579192348,1.9904055906550773,-0.34205954637617797,-1.0847262004509106,1.3809278900763302,-2.032761017089769,-0.8393798465778468,-1.4098145486407923,0.13642117266731374,-1.3857680973208673
1.5185070014149757,-1.4949162376769791,1.3054634658981483,-1.7159135796152425,-2.179497081071542,-0.1968851661313751,0.6970611730889953,-0.45132583945151206,-0.3481687083809646,-0.1837664537531998,1.485821642174598,1.7944986574182453,2.3386797910594055,3.4068878450613895,2.000000000000001,2.1375550301752932,1.8879130421382175,1.0367560238326443,2.8824793274964167,-1.4839268790674485,3.2448090298656473,1.3011675190330707,2.4678372051997046,-0.17522827650702952,1.4813730635276423,1.075094412435234,-0.7228863184935219,0.335324392086701,1.2214069700411683,3.0755046363643137,0.0895120300856833,0.0424111325123784,-0.5381285624823056,0.6837720523344901,-0.6267268427339873,-0.7119125909535898,-1.6359400049211135,0.7680595968510984,1.281620392003282,0.7815201923956109,-1.4712693093639535,-1.7851012056309536,-0.3084000512174613,-1.7503282986761066,-0.5636230535255159,-0.8841815567123246,-0.8558009231247409,-0.7954156994296697,-0.3633215813624875,-0.4169318934868001,1.8449731152344073,-0.5787760447134382,-1.614949147132753,-2.2106859148183426,-0.4584600793477706,0.7620268692115588,-0.3807710228208897,-0.6696756422460275,-1.0137544947073835,1.9470109086562977,1.4296622950616618,2.5781840355644707,2.5564008338653306,3.019183711450767,3.2212939658393505,3.7180941842950195,-0.9373032035417916,2.589657369124782,1.7416021552162704,0.7347391980970135,2.806024560683781,1.982346354160525,2.6419638583965397,0.0014680329425137417,1.25710226153991,1.86843096550465,1.7565153757094913,2.890979537872946,-0.22696954397120478,1.2148238932629787,-0.35823233886127887,-1.0658868874861223,-0.5619132032598955,-1.1876468117356267,-1.5945400581168254,-0.7747361386105787,-1.7928749672681215,-1.2853696884164423,-1.0321106306143772,-1.7858667615253467,-0.4213590231744168,2.0613559924027007,-0.15703018711749372,-0.8329543936394485,1.5545661311593644,-1.5746976767405316,-0.4767436341266713,-1.1313506336102737,0.5966522971520215,-0.9979961289403988
1.8139295053269158,0.9192311797847543,2.574576081949777,-0.204209560407359,-0.11437441783601501,1.5455844729211707,1.8375362018370283,2.0352496362787544,1.466854389179233,0.3829942000533309,1.063282802312112,1.8700991281701111,2.0828753248345455,2.1424738198039215,2.1375550301752932,1.9999999999999991,2.978952662112618,2.485345921059087,2.517047494387842,-1.088521177594648,1.922382114198696,2.9566373319746027,2.311950829318809,1.7822702560547992,1.3257325062389569,2.1287177767894696,-0.44064638623885566,1.3378699959216096,1.7973179730762479,1.5739441598273873,0.46625478408251453,-0.6889798932779514,-0.9793841732729404,1.9809055186022957,1.4395611419188978,0.7953564944092938,-1.486482281174645,-0.9361327698420252,-0.6615927158350507,1.929053225089322,-1.8988470197493035,-1.5714553888294711,0.27014784251086066,-1.637034880743386,0.8684389932808865,-2.203709168621633,-1.7918205759622996,-1.4395316750468106,-1.3178236102240946,-1.8170386658537003,2.5530242587302006,1.8206492789666857,0.20186357542562727,-0.23810539730323751,1.7865526911140115,2.3037230063090215,2.0268953480928515,1.6542389736966356,-0.0647387939635627,1.2277613449342395,1.9492555630769326,1.6716375145858557,2.425745759384159,2.0352267664866908,2.3643076782027883,2.1091159662972205,0.7685817021243969,2.7182666544463308,2.7138048868926274,1.6941179370890662,1.5564032887873607,2.618221459040486,2.1278975830743243,0.977020299293769,2.3388280447951306,1.9731414467769341,2.2294534841004396,2.3064056240577666,0.605600690366354,0.09595485939394044,1.3732263253991024,-2.0798260904208843,0.1968913891250563,-0.37224343750512734,-1.6746742503054428,-0.5454316169128558,-1.1353831473235552,-1.0993496144871138,-0.39620535447287375,-1.9230376749365812,-1.1460595454414753,0.3789383189700349,-0.2550564018895603,-1.2016634964735053,1.5639261485740437,-1.4500879194495087,-1.6676824355323836,-1.5980800494910206,-0.28975041714245653,-1.9352023373286955
0.6788409338279605,0.8123710168333063,2.5614736109141107,-0.4704698913025249,-0.1022499968039921,1.4561181277425903,1.680525647092229,2.028424503736625,1.7053522081739532,0.7847720037045842,1.3021565007444345,2.1695158268093233,1.7853589526807356,1.9771266688001283,1.8879130421382175,2.978952662112618,1.9999999999999991,2.4631098428366975,2.863499849923096,-1.3332589845644724,2.2358649892143556,2.974771140662674,2.5192290964172077,2.453127454173217,1.7327539482374128,2.4978846165699107,-0.4835948838966696,1.981704002377192,1.6401783487796446,1.2752099132919201,-0.3522065722272981,-1.4098076608970809,-1.5567232001258822,1.8740021128002429,1.388159939845539,0.8265449628899251,-1.2169829573816437,-1.6053602048826383,-0.7782962822911594,1.876359374841369,-2.1960575729334813,-1.7604322641472248,-0.4315025436713906,-1.4561999548626203,0.6623834791944728,-2.2826831219137915,-2.394556334008012,-2.2014940575496382,-1.8460928349616803,-2.188753988180728,1.5568735199255381,1.9674850460168591,0.0702612017216292,-0.6004592793757444,1.885390421755532,2.3776719844240493,2.1832811663947895,2.0037162507583233,0.3588182641896634,1.766179729305367,2.327654672302501,1.3660761240094255,2.5821253026271007,1.8637066040673056,2.2973487415229874,1.9716218564884487,0.3828458360664573,2.7683655470773405,2.9530097303357237,1.5896720755045566,1.9582821458053796,2.717362189122361,1.8152057581381786,0.8574068070076766,3.071357785641368,2.496772313207846,2.5558668598967538,2.2318547020210984,0.2109713932834828,-0.7878049180327849,2.174394276702735,-2.0339963729915906,0.1745480399377599,0.4133475827714944,-1.0190943453009398,-0.5155555577481437,-0.9274089399505039,-0.554937188502231,-0.438696751267065,-1.508822452099089,-1.8703013469261847,-0.031199425141530096,0.12888183601033418,-1.402774442961066,1.6626249452941702,-1.1980488470885815,-1.7937072930879285,-1.711707025262832,-0.7423115264256684,-1.8867534895765448
1.012809140283251,0.8142693461709732,1.8569806030052478,-0.5039594911035947,0.046622056551666194,1.3262361243223253,1.3967866915110858,2.5013261206265396,1.9112764442959334,0.4422969915708633,0.4431399539575768,1.059451751496205,1.2417945569685966,1.0604464271807617,1.0367560238326443,2.485345921059087,2.4631098428366975,1.9999999999999991,1.8138372677988635,0.9636507599814224,1.8023626518189824,2.3802464974685624,2.695303634105044,1.0996049637124328,0.8543165441293881,0.9400366745805822,0.35768426192815084,0.8468424352765538,2.5297249308280643,0.6742169792401157,-0.31357327829770393,-0.6878780876421358,-0.10433612644834128,3.041093932430919,1.5323169202124918,1.880993270678641,-0.9106497793858084,-1.0331252005418132,-1.0610225230151487,1.3535575069102572,-0.6854700996543737,-0.9642193351669304,-0.2100333810753571,-0.8913667953242561,0.9670160109590283,-1.5835894762110998,-0.7622673483504658,-0.4155956931427692,-0.5476283721301896,-0.8030941279008692,1.0932757078145223,1.5196048022529118,1.449283185713061,-0.3733321743539229,1.299973798477926,1.693959445714984,2.7035743323628085,1.7878864890342332,0.3406202976269596,0.8602227964588073,1.5533340443685173,0.9718105463302104,1.7098776194189118,1.1029515338034432,1.4447613583217451,1.025767577438169,1.8474233348926279,1.9242947521247031,2.476182078183273,3.2921363216144046,1.645153418452732,2.4126184617800237,2.146483870392639,0.4013261833846461,1.6190797710477862,0.8901876231989618,2.393393155729226,0.7645246668131576,-0.034814431728710515,-0.5696581155919376,1.1550018286254546,-0.582120032275184,0.3644023700347427,0.6360812270960937,-0.5106476075102446,-0.0339482615536002,-0.38705309329789556,-1.1283767907604871,1.0776549216990006,-1.4126585225949353,-0.9171658724814608,0.0015488498851327082,-0.29635667918574893,-1.1290312232160735,1.1212249033991004,-1.1466405507973276,-1.3265320394354987,-0.5068766759696726,0.39746673151206413,-1.0261915618182884
0.720167332933631,-0.5973801823043883,1.32584853325695,-1.471458456831857,-1.6563638027071832,-0.1112592936528617,1.3204059624431033,0.4525573991951229,0.20561691620473233,-0.5416988112469845,0.7557250241152627,1.3040082171360665,1.799339427157208,3.1558359025571106,2.8824793274964167,2.517047494387842,2.863499849923096,1.8138372677988635,2.0,-0.8628678530537037,3.1177924921255222,1.836235541444158,3.0806660767124643,0.524744424313481,1.1491050862766483,1.0654847130696141,-0.4159280466623564,0.625949164294233,1.5922230441378296,1.9830446793351908,0.24264064205098887,-0.7130391205008649,-0.5839309812063729,1.8410647915232592,0.1450314471557044,-0.2780790407804905,-1.876818935973005,-0.43654559696892403,-0.3966920943699478,0.7573658178544628,-1.8397312470569438,-2.158814938706631,-0.6001035315120142,-1.3645682209523184,0.5061691307711824,-1.3688819589593622,-1.569032927488698,-1.1841185027856906,-1.1526186324111865,-1.0779683630464965,1.4002943029668242,0.6318648286699191,-0.02115905537003515,-1.436673905903115,0.0020139276501641053,0.8827906741094472,0.8088109425939324,0.1577513893119029,-1.1766354479714045,1.3057067327463603,1.4696602161038341,1.9506928925744051,2.2640203514991972,2.7671721007380725,3.391230594759606,2.944731876943041,-0.18325457742963353,3.0461426021799776,2.373101168692724,1.7063344575977144,2.8848979754215036,2.3207199240115037,2.671678040130277,-0.3864225989905409,1.629611453703013,1.5243002662389642,2.3729095378229026,2.2656821467492843,0.3136423463863874,0.548756797341313,0.183254949767379,-1.7064392494785143,-0.4204327912926523,-0.9953985518001395,-1.4327770910625146,-1.1275904664831826,-1.8183462403498707,-1.495487369724156,-0.8649443349760277,-2.0692669597393434,-0.7965794580730612,0.847558522513808,-0.8996339947306573,-1.0582909021374656,1.6748501469707486,-1.5636945266806013,-1.0754019972347453,-1.2325102425695378,0.010021911579676968,-1.359258637645648
-0.3351871665254257,-0.2934626391330164,-1.3251092904873052,0.5079820809061368,0.2079457650256301,-0.3262373865115657,-0.045427539313657866,-0.2193824640696901,0.09985663898941351,-0.494468967456979,-1.504781920452104,-1.9207557911606734,-1.2503589165642532,-1.409737840276116,-1.4839268790674485,-1.088521177594648,-1.3332589845644724,0.9636507599814224,-0.8628678530537037,2.0,-0.587328555421379,-0.887848729149539,0.09657595322562462,-1.1553181631580067,-1.2241407921804357,-1.8123624800625864,2.096000036186319,-0.523892137195949,0.834462890135658,-1.2013450680460371,-0.2598593972647542,0.3064758942793205,2.2293358229298317,1.4653229384697948,0.4773899265158137,1.6041140749069758,1.2106759196561763,0.3931489007111644,-0.7800637365994422,-1.3363528437983387,2.3601481066347363,0.7739750296529624,-0.4648511352431076,1.9269185212387754,0.5651820275092558,1.6503136700158059,1.9032290826960083,2.5413491187937156,1.8899058090174647,2.0743021637959673,-1.1787304145302424,-0.08330866240520911,2.4439152070897134,0.5287887064146053,-0.4746089444256836,-0.850811345290431,0.3822178970277529,-0.14187088191450742,0.14733553228807839,-1.424599485693137,-1.0748356816650873,-0.7174269675365466,-1.4448729893160008,-1.2023940754349338,-1.1389108579372742,-1.3300434382102284,2.317344986868945,-1.009413136502919,-0.7520437761931941,1.4261119374183389,-0.008004645610243943,-0.9545688094976824,0.07480182814430786,-0.7767385456579867,-1.4122077330722602,-1.6618577779777208,0.5551297920280411,-1.7431072527689664,-0.6380662107962916,-0.09456789751187669,-0.7267195347258917,2.0708238219282005,0.008023363124403687,0.3305837008425005,1.4789731979505225,0.2974579573762917,1.4380862908272842,0.4748369244904995,2.622374615214638,1.4096211026516237,1.5729302060397252,-0.588412847362068,-0.2275242134645769,0.6895168270040357,-1.4485421109948233,1.2734589974011812,1.4333458390935476,2.7071247366305546,1.7399230694589696,1.9458922731127433
0.8669057328448935,-1.1996925057924366,1.31383041269143,-1.7289029477793818,-1.8397972319660187,-0.1722760987642207,1.063081039475549,0.14331892915545758,0.3482143210694022,-0.17863441330744328,1.141913542240392,1.4171691343427573,1.6976337576034597,2.825746394935799,3.2448090298656473,1.922382114198696,2.2358649892143556,1.8023626518189824,3.1177924921255222,-0.587328555421379,2.0,1.1837067084176056,2.984554386696152,0.2452368232359188,1.2964572439742712,0.7994277848719706,0.1711508142354936,0.8948621928719562,1.9012036647200916,2.3986679988409025,-0.5940730851056366,-0.4464285768620879,-0.3407559321524868,1.060748039881351,-0.5223952583012406,0.12585669000356448,-1.1003925354336022,0.2450907023514128,0.4506787906644642,0.4668363395409515,-1.4114580973237745,-2.1588456500446815,-1.0276851609059885,-1.133729037600688,-0.3418734939144058,-0.7048019290310374,-0.9898784990332784,-0.7615392847053604,-0.3383673548499029,-0.18067813954513398,1.0182375876754366,0.10457464719322332,-0.20968787108180298,-2.2085984492091497,-0.33691856946018883,0.7508093113100309,0.3898624997445478,-0.030771303206166598,-0.7253774159769482,1.82833748755695,1.4455127895033515,2.0647260465167605,2.3399179100625846,2.6148804948447912,3.1285205938656087,3.1950594345133503,-0.12192474061887656,2.468190495703525,1.8236979539970761,1.59770246269989,3.4142653383782897,1.9087261418949215,2.676553325325709,-0.0852954761958707,1.4367862997556269,1.4027539331321441,2.5394628926942673,2.23285533317398,-0.5295082313851357,0.568198632828915,-0.12228235805973921,-1.1930826932820064,-0.7409292895099517,-0.8470812654588892,-0.8746142105139799,-1.0474926534620543,-1.370075352698326,-1.1800672451020149,-0.26237302122328515,-1.7258672476599553,-0.5728097932333595,1.3132707398795043,-0.2283794292675581,-1.2113717617007487,1.1722901387052471,-1.3291712014731532,-0.6061485155010656,-0.9615602225458652,0.636667518587667,-0.5425110480859299
0.9533551838153292,1.086529370441803,2.3499438865281177,0.0944491820946832,0.7434897870472033,1.751172688079651,1.276284787995396,2.46143197393543,1.5417180975082145,0.8490008361984689,1.4013185474754088,2.152746207669351,1.8346889696721997,1.3687996256392163,1.3011675190330707,2.9566373319746027,2.974771140662674,2.3802464974685624,1.836235541444158,-0.887848729149539,1.1837067084176056,1.9999999999999996,2.005920274783103,2.4628416390969825,1.7892100488382097,2.73866976642089,-0.8685629523317671,1.589372368676703,1.3878957115297297,1.1761833268096376,0.1699242228245385,-0.8439153391755878,-1.411850719778787,2.3953722982156833,2.1409335207001376,0.6442740952863428,-1.2983137463775674,-1.5653256573612473,-0.7845358871339807,2.5396768547922433,-1.9739725652470614,-0.6642097720100608,0.7264596820528411,-1.611511244328371,0.8802261710968766,-2.669746660887197,-1.845570335847126,-1.7376337500946075,-2.087844050787211,-2.4984875476234225,1.7229686739035912,1.7300723727992309,-0.2053487433578266,0.07921009295884018,2.0848441284539483,2.422793753934653,2.243942461322502,1.9588017797630801,0.49431457433543813,1.4385944393615675,2.318293523983423,1.1494785542900086,2.2788089471076676,1.3642590795846636,1.479178441641969,1.265913203845218,0.5509059360002861,2.3609856555876885,3.028789587117673,1.6203843744274826,0.9806009285322679,3.054911042484478,1.728961685916302,1.1729806013489252,2.652499562975904,2.1421048889812377,1.8576232076589148,2.004891604502717,0.4340724392850844,-0.594500205323026,2.420910492388574,-1.6861555007498568,0.24439756259693812,0.6469128311105936,-1.654146671716926,-0.15985804146178179,-0.5705139951222691,-0.8608789991408925,-0.3961512033367542,-1.7797799353263444,-1.521906028222051,0.0351605495204775,-0.0692998162069351,-1.2237303209951842,1.8572887630724244,-1.4590939600379005,-2.338685322372097,-1.7599666211765752,-1.0638850776877173,-2.3833072636659636
0.5980094854006552,-0.6360909638396219,1.062382054082221,-1.6029746818751647,-1.706912465818415,-0.3482724785324514,1.3686015673576952,0.7703558419931448,0.28817581096044986,-0.010940747158452904,0.8938467617245155,1.335191066619906,2.1279682354538583,2.63897717472539,2.4678372051997046,2.311950829318809,2.5192290964172077,2.695303634105044,3.0806660767124643,0.09657595322562462,2.984554386696152,2.005920274783103,2.0,0.2435069040293011,1.5601588524568923,0.8720320851404136,0.10763092572568106,0.7813776647361854,1.7020093757793184,2.2834570197195396,-0.6728649582692905,-0.4289790362977701,-0.3518252288791898,2.34102508711537,0.3675535897358768,0.16105502957001522,-1.8076522793848286,-0.031962668957434,-0.11236010707658439,0.9220466963420324,-1.2033470134459059,-2.203015599371075,-0.8003028945742855,-1.6903310105209721,-0.1512894523554088,-1.1091299146747304,-0.836715026261206,-0.27360727694696796,-1.1159549469979728,-0.7604615954789313,0.9606644161890652,0.5304126755395028,0.30759071047234954,-1.6119730494239795,-0.2647935102178856,0.6158777281452326,1.034196539957412,0.3165209008796044,-0.35827995279783165,1.6401714529067242,1.9580885394751826,2.44846303524863,2.5916526776831805,2.6426249522410123,2.9964815248392958,2.7364731902932835,0.05855135389718652,2.8320491590913424,2.322221741588282,2.381667480407798,2.7848273461872672,2.3056639119256013,3.012825292654321,-0.2812474176950251,1.6967954230842155,1.3598259056739213,2.4327698032050398,1.9598633763662172,-0.8611851682605741,0.2497134673135023,0.3474482590659631,-1.2141197184236163,-1.0569688246109712,-0.87187023298479,-1.3022766328189885,-1.467029850955861,-1.6371940350802212,-1.9578558917442042,-0.43200640372606697,-1.8745521924021613,-1.044756693432701,0.958962533519059,-0.3959420503956297,-1.8961615663060662,1.0898429492597699,-1.9262150369179933,-1.1363518106467416,-0.9009207010275799,-0.1082442788475985,-1.354079252048645
0.1700129447190357,2.2461010360037443,2.5884920414425943,1.05897601259288,2.006070987413846,2.450299697621244,1.3607617826254241,2.827122674983601,2.647223740156276,1.9870375598897752,1.2349017305580898,2.0860247031206693,0.41954126934755087,-0.39101271195057885,-0.17522827650702952,1.7822702560547992,2.453127454173217,1.0996049637124328,0.524744424313481,-1.1553181631580067,0.2452368232359188,2.4628416390969825,0.2435069040293011,1.9999999999999998,1.3022351669167644,2.7636830497938476,-0.2356620345759662,2.4864569496813034,1.2775365271594028,-0.46387423061706,-0.0385165751113109,-1.0303610802723435,-1.7043150048364013,0.30393727162143314,1.5824728061148479,1.3518935650224837,0.6553363860954319,-1.8048198008860794,-0.7656122108577337,2.194624400258241,-1.5730972600773478,-0.1774868421756378,-0.05486122202247241,-0.33690843182126706,0.5752121536028462,-1.9686408901523242,-2.2554635694285814,-2.300089156621851,-1.6023951484023127,-2.139029947625524,0.9008970385154302,2.3312348607996234,0.4016656117724088,0.6933385075970733,2.8445008162252625,2.573705047338401,2.2678035723324905,2.8381541589892065,1.9204525119167322,0.9395930304450747,2.0092392428422423,-0.45757511001251583,1.313189359419881,-0.39841234175516393,-0.06965783398002909,-0.28241733597020263,0.9540114349609756,0.7038327929543963,1.9835488322566168,0.3377011977523273,-0.050223458093596594,1.4203809779452978,-0.2252410531191954,2.0741672285109427,2.640437748117418,1.8755537922684886,1.5940121559978122,1.1731498573979775,0.7366924197977663,-1.2841799121236201,3.041867480109056,-1.3661230999052831,0.9891526724027044,1.5698923989031512,0.2709638357241527,0.4473735193511824,1.0774116856376608,1.1668765485253778,0.4702272532489832,-0.06452486877542782,-1.1407230366871914,-0.8963186047223701,1.1733054846936604,-0.3618570629425474,1.067449812910048,0.49554273894042433,-1.3577838031863747,-1.2558854871551368,-1.3057360935897222,-1.1373885466784497
0.2775394103414899,-0.6823531576033309,1.2643306083237342,-0.6780730135571418,-0.5486350010606945,-0.03307971668748959,0.7094146468525802,0.6546834756529929,0.1476457506209583,2.2620692007380727,2.550394538750068,2.9064952534141257,1.6249218246830748,1.3639292973835067,1.4813730635276423,1.3257325062389569,1.7327539482374128,0.8543165441293881,1.1491050862766483,-1.2241407921804357,1.2964572439742712,1.7892100488382097,1.5601588524568923,1.3022351669167644,2.000000000000001,1.6801096988421689,-1.386865260207132,1.1523311869114448,0.0668300430463733,1.4957946248529597,-0.6544724491042594,0.5710107370526208,-1.1844595767675843,0.0929900226207821,-0.4548098518056263,-0.3735462169696364,-1.0555381327348092,0.3739470800211357,1.132950391630573,1.460022176760428,-1.0406023594184726,-0.6110923850576333,-1.292197383289426,-1.494421006077515,-1.525950966894429,-1.3372246448738365,-1.4039369579042835,-1.2313126967364616,-1.3345330346634066,-1.1133623493086058,0.627699262365925,0.2446043294031935,-1.144448502451323,-1.1542113276293247,0.2657526792785137,0.8257437259902135,0.1915164437351325,0.2826013205651615,1.9727410034012471,2.3530329051891274,2.551801935976467,1.3744063682600949,1.6688514710113487,1.2322840819178231,1.095459147838284,1.386350733664722,-0.6390019239951708,1.2621054768879056,1.4056939664765684,0.2611539474880837,1.0795938233903781,1.1326748007489393,0.993787169720252,1.1400551923432896,2.3566019757214116,1.7531293041544371,0.9950644997234424,1.440993554535623,-1.1006898664368108,0.0462548538107602,1.247237019364468,-0.6804146298247173,-1.2581323916793659,-0.4932750749977091,-1.177723009381234,-1.178360935216321,-0.7529556120246179,-0.7838579670338841,-0.6795931273776687,-0.6179405427285078,-0.8597015766735387,1.7581273281554919,1.4474125562702431,-0.9685177346651089,0.426410371473815,-0.7339647300044885,-1.569170654719863,-1.1672874016573345,-1.0622012004505228,-1.1205262764945103
0.8996597074402464,1.504708938500528,2.758692076201432,0.5344879256619335,1.134035422926194,2.179131982703782,0.9999069343388127,2.0940367601106136,1.8940935906038328,1.5113701105766968,1.8928256945880995,2.721988131989831,1.5850006653154978,0.7385772576017795,1.075094412435234,2.1287177767894696,2.4978846165699107,0.9400366745805822,1.0654847130696141,-1.8123624800625864,0.7994277848719706,2.73866976642089,0.8720320851404136,2.7636830497938476,1.6801096988421689,1.9999999999999998,-0.7300673536189916,2.291382215200657,1.0051699616438596,0.9628881395937603,0.24569926898847883,-0.5909194549031578,-1.8703576786923044,0.20451125792097918,1.5162990414132265,0.6097607169254096,-0.1265432245115992,-1.21283478546401,-0.2333963174623273,2.0738025981501798,-2.246831939427136,0.060580853647643984,0.487276111678445,-1.0218366012454938,0.2317096580724474,-2.297958118052457,-2.456883068716567,-2.2130115838700486,-1.683283733360773,-2.367751227051939,1.8091232265647332,1.6779964918103403,-0.7621025188520731,0.17682985293590558,2.3965481034798977,2.642769763010047,1.5628905884146556,2.0285478931949523,1.2702524966846362,1.6910945594481346,2.4523632192725096,0.5767246438645008,2.040309592251397,0.5295714217659404,0.6842042897466867,0.9732751368881736,0.16547605449986888,1.4378050381725735,2.296888440237867,0.1661161065392918,0.4520048879990318,2.371717112371707,0.7467503474180561,2.1038854196429715,2.8784135640753736,3.1225572602443394,1.8073958491886981,2.3934373823333597,0.5786582207527018,-0.47739214044998046,2.708840518388056,-1.4900158140177018,0.7663534834555078,1.2219339149685586,-0.6041133283955554,0.20335399936469728,0.3376491157445974,0.7450918895858125,-0.3629749400140513,-0.8239402797618383,-1.5193073045465009,0.1894373028754606,0.9780881886340712,-0.17973353695748207,2.0250251010655345,-0.23506543456934087,-1.748396870494287,-1.4463166687855415,-1.1716581484472997,-1.7423856287040533
-0.5278128961226208,0.2907833187185354,-0.5596676742400788,0.4117378349911258,0.6773770670298911,0.167537871116831,-0.19278038419514332,-0.08225277805294089,0.7761728957331366,-0.855430605042522,-1.6765091900910025,-1.6116346630974698,-0.8360972134390323,-1.0091618439805379,-0.7228863184935219,-0.44064638623885566,-0.4835948838966696,0.35768426192815084,-0.4159280466623564,2.096000036186319,0.1711508142354936,-0.8685629523317671,0.10763092572568106,-0.2356620345759662,-1.386865260207132,-0.7300673536189916,2.0,1.2572829646232742,0.8713755960467564,-0.34961161133560903,-0.43623908274981726,-0.9451485184287285,0.8511486026837769,0.43822373163772177,1.6016119802072626,1.7868897298177928,1.6164631039787432,-0.5313012600802356,-0.8423430615076284,-1.3880486835556092,0.9339265580419542,-0.35816545250087456,-0.3582352484877137,2.163954538007567,1.469439377584345,1.520689421226884,1.1435520444007163,1.746494424941361,1.3055214370399764,1.2325311489796031,-1.0279787959215971,0.8530292982803366,1.930194377742803,0.4442520155872639,0.3218059890998146,-0.40170269254204327,0.5015355242788533,0.6390904123622353,-0.4044552692271597,-1.073781889342573,-1.1109673297492102,-0.40450292095899054,-0.3670594627889829,-0.6336327584459207,-0.4272388844573902,-0.3373380221728437,0.9502633384113732,-0.8422652659879368,-0.7355602451658116,0.80867212454127,0.35993978115292014,-0.6983836510341661,0.475571908216314,-0.5219411503939708,-0.885414557223517,-1.0418612995358887,0.993342814133583,0.08969758510992198,-0.0838126897255834,-0.961437318747654,-0.3031595688688069,0.8130982755614942,1.0722239420803383,1.101113708980844,1.967227855983086,0.6280766139711802,1.4592393812627207,1.5250152614412413,1.9961205168250935,0.8392982226088833,0.1706171809160335,-1.621490175969717,-0.38441324364393603,-0.2137199926929523,-1.601390737783852,1.4886187259666397,1.499126192188944,1.902050625132464,1.1621207255945991,1.282787605181953
-0.393902760800918,1.1908670592545239,1.6987705171995406,0.371593062011165,1.2353665445250777,1.562009797375507,1.5512216492257886,1.6327390385695093,2.092644248899615,1.2039273854508044,0.7371988990066539,1.5200976028424376,0.6356263093715059,-0.1693786295580725,0.335324392086701,1.3378699959216096,1.981704002377192,0.8468424352765538,0.625949164294233,-0.523892137195949,0.8948621928719562,1.589372368676703,0.7813776647361854,2.4864569496813034,1.1523311869114448,2.291382215200657,1.2572829646232742,2.0,1.3112250425785206,0.47207645764660583,-1.2500339486830225,-1.2861579605285423,-1.171771302481804,0.039390291240224,1.3575474537437646,1.3160340620032045,1.121386499673782,-0.9888559375247432,-0.5702975138196208,0.9394229990081335,-1.1176584340100368,-1.0099197353653668,-0.830646625761728,0.5693049793818425,0.2286023140327038,-0.4510775451265768,-1.365947471359909,-0.9820697548639549,-0.835541469575731,-1.1086593077810543,-0.09115263838806259,1.9437878555719146,0.8296952138129002,0.0422478111668238,1.7787097341358784,1.5661875605867417,1.277122271974815,1.8796090251594548,1.151820897045927,0.90975288954528,1.436845629662778,0.2247692353396268,1.4008954792672896,0.26298875694375523,0.3348598670622984,0.46487266120519444,0.39110218146299297,0.5508590560227333,1.0915576132896159,0.4553685677397312,0.7456000202115691,0.9578561597491633,0.5392606846573812,1.0225925173683086,1.681101891054544,1.395862667894698,1.9976536069548771,1.5993251908110218,-0.5405375482057598,-1.4641809772989807,1.7312758174414893,-1.001346738775636,-0.0319012133722249,1.3433138563591087,0.3667166838398665,-0.2807525133034881,1.0061585616655189,1.6262971608475743,0.5253382416215092,-0.2992135593886086,-1.599713873974578,-0.810082759286358,0.9683945448926967,-1.2412209283300732,-0.01160001231387417,0.7321784193235171,-0.6529845189639649,-0.5578892098546303,-0.9425680879314311,-0.6776829351197413
1.1786409586710074,0.5203586193509275,1.8238485538446176,-0.5078454788929261,-0.08623074734601469,1.6082707395796787,1.2857746458615225,1.687231898139526,2.2549311796149785,-0.012121906400371505,-0.21762228428952793,0.6075500364892047,0.651063611734572,0.47297626135855103,1.2214069700411683,1.7973179730762479,1.6401783487796446,2.5297249308280643,1.5922230441378296,0.834462890135658,1.9012036647200916,1.3878957115297297,1.7020093757793184,1.2775365271594028,0.0668300430463733,1.0051699616438596,0.8713755960467564,1.3112250425785206,1.9999999999999993,0.25676650558307745,0.13934114202829206,-0.19271382479917132,0.34797878501684043,1.3857109786837225,0.721642206613792,1.9277482650468407,0.9063063748586636,-0.33418881152774227,-0.647100308887792,0.6184302425704737,-0.5405879641956715,-0.4544129068748629,-0.43394022931047205,0.1185540356548194,0.974591660528239,-0.7224073316199622,-0.7996849358321677,-0.4213972525002877,0.4293888504568132,-0.018623985540470622,1.0212674509103958,0.9432209550142765,1.4586210118794083,-0.7718244063453243,1.0944558977457777,1.6294228522225147,1.6661819311973018,1.3840839964389982,-0.08126408208991359,0.1324690589931419,0.8733617688820998,0.47178434949608067,1.2393559629068982,0.33417728335342267,1.040523211940883,0.9605687142934163,1.9082106040409426,0.8595243358781153,1.7878675127860377,2.092774690201238,1.7564926162765508,1.5927318008982145,1.3552470215469432,0.5856956406198128,0.8810373591864978,0.8129388543203866,2.7545178150360563,1.00871917676242,0.48100110369711624,0.3108034760007043,0.6887235526124099,-0.05597568696214511,0.9064592323804781,1.155311558217365,0.7413129142588168,0.7480439620991451,1.0169981185534271,0.42188628734579664,1.628971001722027,-0.6741202454787646,-0.12205157801527461,0.25823645705363824,-0.2035922114949795,0.1613331202801772,1.2742166227404983,0.21598736257059334,-0.0853937140718056,0.31028832915643556,1.0928225212447151,0.1887330329420665
1.0460627051498865,-1.5606314019205212,0.5242088657409644,-1.4376445509658846,-1.8117332688549992,-0.6271057883686195,0.7577323910996037,-0.7660270539190679,-0.8579664283556139,-0.2430126197879477,1.3154443524259254,1.5826616047700894,2.2956728030079256,2.8728743911273344,3.0755046363643137,1.5739441598273873,1.2752099132919201,0.6742169792401157,1.9830446793351908,-1.2013450680460371,2.3986679988409025,1.1761833268096376,2.2834570197195396,-0.46387423061706,1.4957946248529597,0.9628881395937603,-0.34961161133560903,0.47207645764660583,0.25676650558307745,2.0,-0.2321217020347767,0.5121837771608821,-0.14768438975136078,0.5120562826799641,-0.4870026691823647,-1.1833545348898906,-1.8080163394435282,1.481217445351458,1.7700448095075831,1.0097951184126022,-0.9347816674773501,-1.3344354080177003,0.3214130301841984,-1.9267482166871939,-1.1906856687020257,-0.24352053203218899,0.08081196270241686,-0.07028118890726318,-0.5846172738256465,-0.2977959174935999,1.2137543544704252,-0.7546904667668076,-1.6020434127039467,-1.659489684692172,-0.7614842946046797,0.02211792851535381,-0.816369939599598,-1.0024843209382985,-0.7559311741198003,1.6860073179036716,1.2386000201746745,2.5641914489885367,2.230440545633182,2.614020253393816,2.525866244770593,3.1076207260875677,-1.6107260523688645,2.0411016030631854,1.2256051378055417,0.4944437229650775,2.077175466677465,1.4496003209585244,2.4966626403350185,-0.2665504095944282,0.8617735710525343,1.4677083688569907,0.9179881701203014,2.76761413609753,-0.6881662080247846,1.0709020487097227,-0.5226906528853568,-0.7481846795572884,-1.1995423528955418,-1.128425354476539,-1.5136075318854463,-1.1375069540523348,-1.866722292959485,-1.4643614021812303,-1.4432815829536625,-1.5095820423346358,-0.5210487320175698,1.9834431572114752,-0.2056187157716552,-1.2210801210434412,1.0083268749654664,-1.9325760569240278,-0.4932104544501554,-0.9527063501351214,-0.011783770813204586,-1.2555032422494738
1.5492974160572033,0.18258115257054988,0.1002746958423715,0.3597574558163776,0.0918216949538935,0.1585232074362184,-1.0507771523971745,-0.22559095842071508,-0.48079303324710976,-0.9301413831159469,-0.8298521703393222,-0.2737906852506753,-0.4185121635020762,0.23393287127289966,0.0895120300856833,0.46625478408251453,-0.3522065722272981,-0.31357327829770393,0.24264064205098887,-0.2598593972647542,-0.5940730851056366,0.1699242228245385,-0.6728649582692905,-0.0385165751113109,-0.6544724491042594,0.24569926898847883,-0.43623908274981726,-1.2500339486830225,0.13934114202829206,-0.2321217020347767,2.0,0.7552418588392968,0.068341693292617,0.09677534427445031,0.37346665780230237,-0.3068885269335508,-0.6185456917772726,-0.1503441372426998,-0.9212894770596988,-0.4564457599645761,-0.4679156697252727,1.2979336302834574,1.1832457267841312,0.1814041320008498,1.3308746125530408,-0.6448274011932356,-0.5589623478073241,-0.30553978159431205,0.45048127046194436,-0.331954990319168,1.6904287191114853,-0.8105700314592426,-0.34282198113741624,0.38280055912697386,-0.015249416585128989,0.0742762570428297,-0.2685398172164925,-0.5517667417196385,-0.4653308429969845,-1.253013444501991,-0.5319361599854591,-0.6114558048157206,-0.4089745188845698,-0.2779085978155982,0.09793253504333578,0.0025984011641839028,0.17002718639118983,-0.0006794492317174008,0.3281168244383831,-0.2087874441766828,-0.3877561856366774,0.2138853310408959,-0.0635117078504668,-0.48944843487493817,-0.4708553855848657,0.0611351736672598,-0.1024662182998203,0.3244833879111523,3.0113978573158544,1.3732562423909653,-0.4858242748353466,-0.1137066059864076,1.8061435180248147,-0.29565698649729066,-0.3053495016025275,0.4960413457480589,-0.1296149712808335,0.0660151106825303,0.07799050261801763,-0.238191495754214,1.2042640411082512,-0.019426266094905394,-1.2451262715590312,2.186456115184039,1.2730553832559464,0.6630207543956934,0.17794277813195708,0.2704809724763637,0.8315311990624715,-0.0856701256130704
0.948364558034589,-1.1888638820560908,-0.8875950754829639,-0.2826979785357666,-1.193740872784865,-1.3435125377702188,-0.051164040445075804,-1.2060124400925432,-1.401674313218403,0.621231364191288,1.0567493305480837,0.5346001426154408,0.2762660797676121,0.249426598168832,0.0424111325123784,-0.6889798932779513,-1.4098076608970809,-0.6878780876421358,-0.7130391205008649,0.3064758942793205,-0.4464285768620879,-0.8439153391755878,-0.4289790362977701,-1.0303610802723435,0.5710107370526208,-0.5909194549031578,-0.9451485184287285,-1.2861579605285423,-0.19271382479917132,0.5121837771608821,0.7552418588392968,2.0,1.4511959302096993,-0.8885700973316146,-1.5264139112707324,-1.0628700002281053,0.2349830856879417,2.5052495030273207,0.9123021623323853,-0.32575396948238594,1.0203374021825529,1.6621309713119796,0.0947448943342577,-0.6744016893647518,-1.6431230012096205,0.5035246147015796,0.9522318968812307,0.9924526200760027,0.5460567487611898,0.7570335217396909,0.6349374458302869,-1.5042989942204463,-0.2820938505083598,-0.6574162705617521,-1.4062635632298242,-1.0805478447816874,-1.5016635242395338,-1.58999560403449,0.701747613692963,-0.07089204424787889,0.47421146502810707,0.6506408426679587,-0.7033419185215204,-0.38787107411750876,-0.2164438955269444,-0.1841238013061926,-0.2493163545150151,-0.5814874120423588,-0.5285298090666993,-0.655984762451416,-0.3691133757231935,-0.7544522442348249,-0.0627493999863524,-0.10182588508060969,-0.3643604010439859,-0.3418935924994374,-0.7084523577112583,-0.5554294374346738,-0.4703333187141351,2.9348303308535475,-0.8571386143795283,0.7063497232147452,-1.1897563654763963,-0.9477304547578371,-0.2242335171633209,-0.6110895155717266,0.393660891442533,-0.6084924353165133,-0.3979441912241661,0.3670206494075111,1.839458123312218,2.2973523463662224,0.0657595066520274,1.1701059003928764,0.041923041423567314,-0.35994323749491575,0.1712568623205556,0.29095529045502677,0.1889052196485142,0.48300808516384386
0.13596861865703475,-0.964735451052231,-1.528980011823628,0.18843836539151912,-0.6588687103422108,-0.951499047761794,-0.010983372676851677,-1.389365476685327,-0.966950078060228,-1.1815264847490938,-1.3450768470300711,-1.8814204972794357,-1.0265645190163144,-0.4831979241088074,-0.5381285624823056,-0.9793841732729404,-1.5567232001258822,-0.10433612644834128,-0.5839309812063729,2.2293358229298317,-0.3407559321524868,-1.411850719778787,-0.3518252288791898,-1.7043150048364013,-1.1844595767675843,-1.8703576786923044,0.8511486026837769,-1.171771302481804,0.34797878501684043,-0.14768438975136078,0.068341693292617,1.4511959302096993,1.9999999999999996,0.8653005353189258,-0.3986930011550774,0.30491247994226944,1.2724770715011648,1.6780490582199468,0.33125023176088897,-1.5114210712093015,2.6147876608007454,1.2573051408213392,0.5615114528805991,1.1434431490261292,-0.21009652532873302,2.274086271960943,2.6209602933711453,2.5917696481510033,1.6989620945394717,2.5681537794694833,-0.6799635935894046,-0.888821058106046,1.2713787080040972,0.33670669616137494,-1.2412274807507147,-1.5836337463100925,-0.8344686193535766,-1.3343305641529561,-0.9219776931948507,-1.472609537983057,-1.32943331625717,-0.17999344540083279,-1.333205447107975,-0.527350864509868,-0.35111434063856994,-0.5242395856822136,0.7226957428923417,-0.3739931339686007,-0.774091282950371,0.561944119588751,0.011289679797681612,-1.0425134374500482,0.3357238987350584,-1.491103953287723,-1.513875636179454,-1.5910902793533088,-0.3358043256727039,-1.2506546220830734,-0.7800497387084383,1.5271455709654342,-1.2647126961611639,2.082098827611843,-0.478371091041665,0.04524463541309509,1.3505689201750086,0.7145151124485902,0.9913796809501948,0.1325959683335989,1.1738337956444376,1.4301195559426327,2.6481019938248913,0.3021106489902153,-1.0099510655640682,1.0227178227628837,-0.6884012400745899,0.5360692975345499,2.13638774237033,2.3049565058534944,1.2294078457758855,2.100198312386123
0.5217115700224902,0.2321340892256493,0.5164477436387749,-0.5051861503153792,-0.1410897759103354,0.5158664598500508,0.7343071744325971,1.3924472822497798,0.5869552153819422,-0.8335557383879446,-0.5706029036977531,-0.2370918575961418,1.0670151909095984,0.9499170313530524,0.6837720523344901,1.9809055186022957,1.8740021128002429,3.041093932430919,1.8410647915232592,1.4653229384697948,1.060748039881351,2.3953722982156833,2.34102508711537,0.30393727162143325,0.0929900226207821,0.20451125792097918,0.43822373163772177,0.039390291240224,1.3857109786837225,0.5120562826799641,0.09677534427445031,-0.8885700973316146,0.8653005353189258,1.9999999999999993,2.077976167480914,1.1226585222418697,-1.0592529698363167,-1.23242376131761,-1.3347154082909032,0.6780051111483515,0.1339099068667533,-0.5224090822628048,0.6114545268124021,-0.370710464009399,1.6984105218468952,-0.8998451751431511,0.24573694355157633,0.5093290764616555,-0.5547397871143384,-0.3866490491144092,0.38304550414608074,0.7317400264628591,1.171602624082861,0.026960652225528292,0.5245691010492864,0.5915076090306991,1.7598759216040456,0.7187021589956579,-0.8601237378246536,-0.09498572916961201,0.5032084872275268,0.8750008964516298,0.9214861218259615,1.0235080971782053,1.1762155683176212,0.6382672191031056,1.1982441033366222,1.8623472307088846,2.12021653826133,2.8897626699424452,1.0315428300923404,2.0574362167645877,2.0048739380075005,-0.7840158532461174,0.7049007491664541,0.02526291383763589,1.328833240689615,0.35103672456592083,0.08006834777592581,-0.5200616269054243,0.7353640542368828,0.13990207622844714,0.4582184849673213,0.49248207967335655,-0.6183270671204444,0.4224649758705372,-0.5319062870691726,-1.146301901509824,0.7469469937515631,-1.0113460246986758,-0.2755424201821814,-0.7632961504130134,-1.390242435557399,-0.8899105607855848,0.7368719133324879,-1.0429917916111977,-0.6766327619168948,0.24734095775691478,0.2565650106149134,-0.7893779032877882
0.03063331801326169,2.014507972491861,0.8965547196371941,1.2713231591306253,2.026200348801202,1.6708008184407441,-0.1834371680561599,2.0079126571096153,1.5261887314064482,-0.3939654217937143,-0.8166984314773873,-0.2614797419597758,0.47926384836532615,-0.643535766630597,-0.6267268427339873,1.4395611419188978,1.388159939845539,1.5323169202124918,0.1450314471557044,0.4773899265158137,-0.5223952583012406,2.1409335207001376,0.3675535897358768,1.5824728061148479,-0.4548098518056263,1.5162990414132265,1.6016119802072626,1.3575474537437646,0.721642206613792,-0.4870026691823647,0.37346665780230237,-1.5264139112707324,-0.3986930011550774,2.0779761674809145,2.0,1.673020170477358,0.3549036805997339,-2.2831888878041395,-1.6594479707574674,0.6119730331581232,-0.4950646778059784,0.1497816436963592,1.3908443095361585,0.5490344895181523,2.7514458478633466,-1.094728278692342,-0.1812390378334481,0.05372296205454108,-0.8882644506952415,-1.241358938334478,0.2280652985629252,1.734407903837269,0.950384746826457,1.658480765712248,2.003101231659123,1.2019681913382898,2.127053821763454,1.8667607085519902,-0.293175153509309,-0.6586567764941962,0.0957723918006825,-0.4287033686552206,0.6577941986393239,-0.2594980458588993,-0.2626288194372723,-0.49161585428615623,0.6499020486455032,0.5027579891603329,1.2064612558031083,1.332256642392298,-0.6197680584212784,1.6483231776813612,0.6664873430379985,0.374908515900222,0.611215943726943,0.23644380021080008,0.7743536602060558,0.8459344243181324,1.0870729397419097,-1.5866127481078212,1.6523470959530984,-0.33472269106592656,2.025057828838765,2.048191755530155,0.3413684322550603,1.4528545099057726,0.8508067930878561,0.8402141144539657,0.902908820679278,-0.4478821319921685,-1.057340155718735,-2.1699616241568096,-0.9197390600141571,-0.4926552594522227,0.3852857360042466,0.09376440996326721,-0.5750338033465849,0.1815212305005948,-0.4639103614050637,-1.0410787976053417
0.9022832383035106,1.4331692977927881,1.5533464792032725,1.2239492739897222,1.5946132865068776,2.3709447344851213,0.2774022824259928,1.881373884370886,2.687156535929491,0.7952660136181988,-0.38732238808440234,-0.005097792723646938,-1.0503779109616025,-1.2584590648312535,-0.7119125909535898,0.7953564944092938,0.8265449628899251,1.880993270678641,-0.2780790407804905,1.6041140749069758,0.12585669000356448,0.6442740952863428,0.16105502957001522,1.3518935650224837,-0.3735462169696364,0.6097607169254096,1.7868897298177928,1.3160340620032045,1.9277482650468407,-1.1833545348898906,-0.3068885269335508,-1.0628700002281053,0.30491247994226944,1.1226585222418697,1.673020170477358,2.0,1.6887965404447447,-1.3941250817085782,-0.6356364128209352,0.18497504361056263,0.3807997213670989,0.14206109892843,-0.9249922881877926,1.177857287235727,1.1398452440772167,-0.46169928818939,-0.39419214262889263,0.09648233014661399,1.68762588314814,0.7816286870912512,0.4016888545035857,1.663113779242535,2.074877599085182,0.675401642881311,2.063447616408718,1.813440795703546,2.316478512574732,2.1117492599471994,1.0499875176289248,-0.5140420965609915,0.3087953634909786,-1.2514966761709783,0.04229874965390154,-1.0017255486002417,-0.7791073899511851,-0.6967709497781798,2.7071791806392005,-0.2047873459732322,0.5318073419261466,1.7993184023692828,0.23793798874145447,0.8223097049453975,0.34938658958595015,1.0377441802895437,0.8014847261780673,0.1253751407158924,1.733360184916962,-0.2056986538733844,-0.024275149872942298,-1.3779313829988113,0.9336493004680365,0.7273460132165597,1.4877794539108777,1.9962497724840658,1.444372679660333,1.411893735502519,2.012687256122418,1.5319391215258804,3.070857279172503,0.37472464323941534,0.008841971019043826,-1.164311213564106,0.6850345557060341,0.23644203202988961,-0.3373114486674215,1.0759904052070317,0.23175384196932491,1.1043204552038142,1.9285362866757039,1.2241279362314577
-0.5109311704172004,0.6586998845609207,-0.23206563827081,1.1854683630932805,1.3344471455597207,0.9146115859651236,-0.17751053154807908,-0.003078489822195697,1.2078810579835932,0.6577232917326896,-0.7434658440533931,-0.8115679268036039,-1.7373133210624891,-2.232820998357603,-1.6359400049211135,-1.486482281174645,-1.2169829573816437,-0.9106497793858084,-1.876818935973005,1.2106759196561763,-1.1003925354336022,-1.2983137463775674,-1.8076522793848286,0.6553363860954319,-1.0555381327348092,-0.1265432245115992,1.6164631039787432,1.121386499673782,0.9063063748586636,-1.8080163394435282,-0.6185456917772726,0.2349830856879417,1.2724770715011648,-1.0592529698363167,0.3549036805997339,1.6887965404447447,2.0,-0.028586673797417098,0.0641811318291423,-0.939015403850893,1.5641968405733968,1.406164276318386,-0.4799846345241824,2.3135955168083635,0.035071504135867196,1.559109134340668,0.7403325436329576,0.8865010282494308,1.6393645092636522,1.6672919380754692,-1.2074799023422695,0.5028764812132868,1.4524822234117019,0.7078779035670016,0.7251419741023165,0.050058088630590525,0.1326352089564147,0.8023490893982669,0.9414051825683549,-1.3347964247224988,-0.7702840397216011,-1.6775545533487297,-1.1999230135089298,-2.193461229195247,-2.0229578840948355,-1.7601176493286887,1.2502655687491875,-1.9303193302601507,-1.2524231114324986,-0.6847428386561725,-0.9839275612534351,-1.2689429172112026,-1.5453061910748667,0.6964246206004905,-0.4783447344116322,-0.6703516408475227,0.3374259917367597,-1.020260889497747,-0.6021793592910957,-0.2904483704605832,0.5336666445601629,1.6681909478852108,0.6560833841436322,1.8732644216670047,2.534937976695392,1.3867719341593179,3.4156693801130507,2.7443354663378945,2.3102758742470435,2.139056430841324,1.1493392576865866,-0.9057114308507039,0.9062791416297491,1.054152474681798,-1.0126016227766415,2.3731035128690223,1.7370639925605658,1.7704526006110615,0.7964270960646922,2.3692150878801286
0.6287991906626855,-2.0543426951157504,-1.2691028911206546,-0.8561698649994294,-1.96998962259353,-1.7965456020935187,0.4630684007972671,-2.1545653834723435,-1.921728571791477,0.1876185037478421,0.8320182002238206,0.23226385688339668,0.3478360218899919,0.7978850683240287,0.7680595968510984,-0.9361327698420252,-1.6053602048826383,-1.0331252005418132,-0.43654559696892403,0.3931489007111644,0.2450907023514128,-1.5653256573612473,-0.031962668957434,-1.8048198008860794,0.3739470800211357,-1.21283478546401,-0.5313012600802356,-0.9888559375247432,-0.33418881152774227,1.481217445351458,-0.1503441372426998,2.5052495030273207,1.6780490582199468,-1.2324237613176101,-2.2831888878041395,-1.3941250817085782,-0.028586673797417098,2.0,2.526257300620049,-0.3539347691291845,1.6362623802265026,0.5773221862046438,0.2480531910416871,-0.2341149490538893,-2.258344704079785,1.9479410088032885,1.8756651861305196,1.667269230922809,1.1159613676399416,1.763385264751283,0.18663543154291523,-1.8893190805404736,-0.8594832590322408,-1.1236432821717142,-2.0192362913463904,-1.6634057932417752,-2.2587080024119186,-2.2683088615771414,0.2817776852773579,0.48010311123792515,-0.24456619954436143,1.224690008904242,-0.3864021875875303,0.5747656440841988,0.30048451576823487,0.7959615762490396,-0.5222848110984141,-0.48029351963696093,-1.1890164369795162,-1.000270561982691,0.3315087084792982,-1.3697370290197863,0.2997140416454082,-0.4234127859493374,-0.9589388225378253,-0.3785735456258284,-0.8450044956361417,-0.1443078794766006,-1.26846475511018,2.1743073348489865,-1.8514366153737374,0.928635883098019,-1.9450651102745016,-1.8341079612288214,-0.30840706317157573,-1.0495401669390574,-0.3952710002166713,-0.792482136210189,-0.6963358204063936,0.7228170907337542,1.6796503766680289,2.679720578282947,0.840059403670445,0.3519289073052563,-0.5229760773188373,-0.1224016848592486,1.1240996802625982,0.7250522871183265,0.5867276114035846,0.9362935569596
0.4754468912024163,-1.4549111218038735,-0.05665333820301599,-0.36489883399233314,-1.0380464813192267,-0.4470243257424781,0.036474550714831605,-1.3593413626712714,-0.8905062706615954,1.1526513778953238,1.6723249724414981,1.2066644597234142,0.5990641269410147,0.9765622576718661,1.281620392003282,-0.6615927158350507,-0.7782962822911594,-1.0610225230151487,-0.3966920943699478,-0.7800637365994422,0.4506787906644642,-0.7845358871339807,-0.11236010707658439,-0.7656122108577337,1.132950391630573,-0.2333963174623273,-0.8423430615076284,-0.5702975138196208,-0.647100308887792,1.7700448095075834,-0.9212894770596988,0.9123021623323853,0.33125023176088897,-1.3347154082909032,-1.6594479707574674,-0.6356364128209352,0.0641811318291423,2.526257300620049,2.0,0.8600702810698808,0.9548428307788795,0.1520761150964283,0.21977696601486446,-0.647449706199272,-1.946247823341654,1.0447380743610324,1.0760577643933948,0.4706191587021952,0.7731602653128282,1.2336032770564143,-0.06683461526437301,-1.1439298915863922,-1.6960509876775132,-0.8335521363415781,-0.4814658694875509,-0.22297680267303538,-1.3581615279310495,-0.9067598063253798,0.7269418138858111,1.1900644885441984,0.2869222832985426,0.7748590927837608,0.4897560884495811,0.7099023574989057,0.1228266189794579,0.9985612514035305,-0.8235420951118693,-0.33766136832664184,-0.5808830500805995,-1.0468221284421464,0.19740734070055238,-0.4139448076730441,0.19825048722861546,0.8528477942332924,0.021792089319414995,0.36805498551803917,-0.8638592093424918,0.7518296551808527,-1.467110107691605,0.3831247140324131,-0.499112803373093,1.0318496880531214,-1.081845142682428,-0.6128709954700198,-0.1381172900649967,-0.040954490008795974,-0.05622274721167839,-0.07885373840822368,-0.2567391539624798,0.8318886826588918,0.6755221989394151,2.1085414881010074,2.0481669277968932,-0.162727475592114,-0.276359425999514,-0.2429176860552941,0.6867337478419266,0.1772584543298418,0.44557464583474576,0.6743006415194415
0.570686230853872,1.146770432696849,2.1118582568725457,0.12003526436183491,1.0691324146945442,1.9211210742268183,1.8720435671484181,2.1894883352213004,1.6607477443513747,1.4780837742548543,1.620388021522434,2.2389639931900396,1.7360261104819799,0.9078044695462908,0.7815201923956109,1.929053225089322,1.876359374841369,1.3535575069102572,0.7573658178544628,-1.3363528437983387,0.4668363395409515,2.5396768547922433,0.9220466963420323,2.194624400258241,1.460022176760428,2.0738025981501798,-1.3880486835556092,0.9394229990081335,0.6184302425704737,1.0097951184126022,-0.4564457599645761,-0.32575396948238594,-1.5114210712093015,0.6780051111483515,0.6119730331581232,0.18497504361056263,-0.939015403850893,-0.3539347691291845,0.8600702810698808,2.0,-1.1556768904247008,-0.634889768730357,1.0775922119756742,-1.6082365386853597,-0.10450138404686159,-2.0049482398824403,-1.1844104133429934,-1.9553836734096086,-1.790450045812141,-2.0387030151598067,0.8617656700518209,1.253436667572407,-0.44429937976407663,0.1270777637299556,1.9610870826437852,2.3190572361502673,1.417041391398007,1.7722171989542788,0.8274864430283155,1.2400641490166278,1.9610277520813146,0.9266954197343393,1.981478736854271,1.1471562997105167,0.8265357306529009,0.7057918159456174,0.2488278748992869,1.365752816846341,2.0377502165709322,0.7314579423361561,0.14360489275276248,1.797015136613947,0.6161865151384531,1.753407073787979,1.8729793704269968,1.5931753178068662,0.5328361865198221,1.336475265712636,0.1385358862159587,-0.8707763974580233,2.036435263972778,-1.1208282874223947,0.0260667844357481,0.4018050662268553,-1.2641791963822602,0.039119045380136996,-0.5715057813244163,-0.582786716339388,-0.6261090480328587,-0.8588516274837704,-1.654061016923056,0.4366052565864452,1.2812277558022551,-1.2275827370109917,1.2654338107397323,-1.1373694781850083,-1.9341796439238788,-1.9774305051254817,-1.279491420784816,-2.106605683185373
-0.5760145055880218,-0.6665545491413984,-1.9033021932317862,0.4540040441955756,-0.0784054224983713,-0.9031734600898427,-0.14511059922079234,-1.2059679333787718,-0.9355955427880702,-0.06449683036613268,-0.8400389372875419,-1.6990063609799164,-1.2654261333057042,-1.3277774041297206,-1.4712693093639535,-1.8988470197493035,-2.1960575729334813,-0.6854700996543738,-1.8397312470569438,2.3601481066347363,-1.4114580973237745,-1.9739725652470614,-1.2033470134459059,-1.5730972600773478,-1.0406023594184726,-2.246831939427136,0.9339265580419542,-1.1176584340100368,-0.5405879641956715,-0.9347816674773501,-0.4679156697252727,1.0203374021825529,2.6147876608007454,0.1339099068667533,-0.4950646778059784,0.3807997213670989,1.5641968405733968,1.6362623802265026,0.9548428307788795,-1.1556768904247008,2.0,1.5151430103614028,0.46566668356280844,1.8569065235136093,-0.5770317971840327,2.994030964339182,3.202242653496743,2.9745301608816153,2.1273811446304354,2.9092620998402583,-1.6540689190021216,-1.0082492047850682,0.8935047095174415,0.6069402693884529,-1.133251085873499,-1.7970851145006255,-1.0496256045072745,-1.1537296367318446,0.1762520145446637,-1.3387940941151815,-1.5079935988225457,-0.561412656910602,-1.8714475583275114,-1.3369324837087766,-1.6630956647172699,-1.5317597464610104,0.9946203361418775,-1.658027288663976,-1.8998746119740013,-0.2516865059337101,-1.3697986802196984,-2.2720759946777362,-0.9669448216033354,-1.039997834760425,-1.963559926312878,-2.1262374190932833,-1.358854695585848,-2.0456638546358152,-1.4410377438161417,0.4020117650663607,-1.0878521535266312,2.900739047447991,-0.6525189127315462,-0.2431502757282039,1.4038779522160185,0.6080894682653375,1.4237151719130074,0.7500965995177573,1.4513651147792341,2.7142608302148385,2.214903125449124,-0.0352337442995954,0.6453753392299073,0.7388412260097105,-1.9941925187153662,1.4793367778386224,2.4876732586932784,2.6324938396914015,1.195013819569358,2.49437536000144
0.1730898168113757,0.4629912349383908,-0.5523611059075273,1.359405318428235,1.2814896126936495,0.3934029087694361,-1.296644001302484,-0.09800173429726178,-0.1254888639946869,0.3657553482344009,-0.11667735289384257,-0.5021142430395859,-1.435633152077479,-1.9428097364382904,-1.7851012056309536,-1.5714553888294711,-1.7604322641472248,-0.9642193351669304,-2.158814938706631,0.7739750296529624,-2.1588456500446815,-0.6642097720100608,-2.203015599371075,-0.1774868421756378,-0.6110923850576333,0.060580853647643984,-0.35816545250087456,-1.0099197353653668,-0.4544129068748629,-1.3344354080177003,1.2979336302834574,1.6621309713119796,1.2573051408213392,-0.5224090822628048,0.1497816436963592,0.14206109892843,1.406164276318386,0.5773221862046438,0.1520761150964283,-0.634889768730357,1.5151430103614028,1.9999999999999998,1.4159243151452061,0.8519348493834427,0.1128035566490415,0.5968984139614084,0.8785444784545763,0.5953365291501311,0.8560306555683994,0.7701526186233048,-0.04796808534229763,-0.8576922261086762,-0.15671847221604346,0.8659088181268493,0.1043693285944059,-0.35414038788394986,-0.3329170383583867,-0.38649874182878796,0.72658980676672,-0.8986051655531901,-0.5782512317020424,-1.5426305984830497,-1.6848043213051773,-2.096793371507714,-2.2085464219127817,-1.8558636652809115,0.7216145675625374,-1.6737122519326635,-0.4227020254423043,-0.5866663367210136,-1.6485056701717302,-0.6919808505419867,-1.2954405625719354,0.3586585012118129,-0.7253910361647493,-0.4100269569241135,-1.282564375233838,-1.0770145810537501,0.8362514332828128,1.0342604410897753,0.5138787286082868,2.0787580363809948,1.110487473031157,1.308299345296318,1.2915354007559552,1.6694115934913314,1.9184202732784121,1.3693324200896064,1.0303539601117007,1.6939043965125893,1.6125358932917198,0.23431508976076737,0.2273457962242947,2.6894234112128608,0.31360672635377984,1.2398217428047014,0.8190935810445872,1.3971473074930933,0.41980769804180784,1.3127454419533944
0.3231458619276464,0.9345267989783215,-0.31654570486804023,0.5682636790670353,1.0944731971422095,0.7328729998561297,-0.03454090070731797,0.4071165155114415,-0.1542147369017678,-1.3874276243425856,-0.8656391736821885,-0.6942805505510103,0.728003396918427,-0.1597255709183434,-0.3084000512174613,0.27014784251086066,-0.4315025436713906,-0.2100333810753571,-0.6001035315120142,-0.4648511352431076,-1.0276851609059885,0.7264596820528411,-0.8003028945742855,-0.05486122202247241,-1.2921973832894258,0.4872761116784451,-0.3582352484877137,-0.830646625761728,-0.43394022931047205,0.3214130301841984,1.1832457267841312,0.0947448943342577,0.5615114528805991,0.6114545268124022,1.3908443095361585,-0.9249922881877926,-0.4799846345241824,0.2480531910416871,0.21977696601486457,1.0775922119756742,0.46566668356280844,1.4159243151452061,2.0,0.0951078136863282,1.4917046308499218,0.1742616400732989,0.985249715845719,0.283807693631926,-0.6387885343652902,-0.6102135810904132,0.3742726375347318,-0.2185193278220376,-0.7642629910506848,1.245637342897787,0.6199424867068088,0.1878187961728881,0.06513740557518749,0.0343552127247153,-1.3320829283298012,-0.7599038759528454,-0.6575960053795654,0.27174239194039856,-0.04249495962671998,0.08197546005995582,-0.1969784320630535,-0.1651896320868031,-0.32355614381288167,-0.044887682171018406,0.38388014940482307,-0.20208809552052143,-0.9752608234000664,0.40594983621888087,-0.1359637059318001,-0.1482391735952005,-0.6256668875203825,-0.08333859119281939,-1.1168897459516458,0.32118432621803383,1.4422156057625457,0.1879578060637143,0.2295879163677648,0.147344101802914,1.0537703418260085,0.32091864806086073,-0.5664373909106769,0.9521109110755104,-0.3410487743472495,-0.11088810476610261,-0.8111932255193341,0.05157368147112047,-0.05182665595270371,-0.3751246311809525,-0.6069197890565894,0.4204546412092798,1.196353550867304,-0.2531205217751936,0.07545098064098281,-0.2210638430085181,-0.5145357869610931,-0.9600150924159916
-0.9791818531711531,0.3380102452427124,-1.0035952130591612,0.8743980083295024,1.1812323948356083,0.2970313053680843,-0.2892786017487386,-0.4320473179420114,0.5033047026226551,-0.3179949886402461,-1.5421852805794098,-1.669085515676327,-1.7661712549464934,-1.9992392762849303,-1.7503282986761066,-1.6370348807433859,-1.4561999548626203,-0.8913667953242561,-1.3645682209523184,1.9269185212387754,-1.133729037600688,-1.611511244328371,-1.6903310105209721,-0.33690843182126706,-1.4944210060775152,-1.0218366012454938,2.163954538007567,0.5693049793818425,0.1185540356548194,-1.9267482166871939,0.1814041320008498,-0.6744016893647518,1.1434431490261292,-0.370710464009399,0.5490344895181523,1.177857287235727,2.3135955168083635,-0.2341149490538893,-0.6474497061992721,-1.6082365386853597,1.8569065235136093,0.8519348493834427,0.0951078136863282,2.0000000000000004,1.495082407061968,2.107859421677456,1.140677272460536,1.417959602762482,1.8922288981447721,1.8117892575209718,-1.8321699690218287,0.3780565417115921,1.7131086623730307,0.9318934788394615,0.3361546943596272,-0.5686242757659711,-0.05793780192283019,0.3767844117826502,0.1764073796176928,-1.6697837745019875,-1.7416780935989058,-1.5112340521249261,-1.7421524178450105,-1.696828438921674,-1.6316265985521223,-1.6416919725555732,1.5186628674360914,-1.9107298092070104,-1.5799684422078262,-0.33598238670925706,-0.8259649939266245,-1.7564214116969903,-1.349277320614324,-0.3630863867605264,-1.4396593023581288,-1.416181668984254,0.12215065749345738,-1.4786134135758573,0.3130197349386792,-1.1286680776272267,-0.4009112284660654,1.6321069213007615,1.0691252495676635,0.8761309531372741,1.8390584928122635,0.8084371219742013,2.1203847580328663,2.335175739305587,2.1921254698408084,1.9174359102961385,0.9916866470630404,-1.5514175031140447,0.39027046669831533,1.0468659736384394,-1.488681345763517,3.1260498528309606,1.8735454099796625,2.2647235222475404,1.2668702669141472,2.305517042585805
-0.016967982928056298,1.553656215028432,0.1414508788314715,0.6101775576125135,1.4020557446747204,1.1129944031858394,-0.5344388817773504,1.2370595958156998,1.0947797754285453,-1.6399621060623195,-2.000071031014381,-1.4290335215659442,-0.1221956169167185,-0.641774286382581,-0.5636230535255159,0.8684389932808865,0.6623834791944728,0.9670160109590283,0.5061691307711824,0.5651820275092558,-0.3418734939144058,0.8802261710968766,-0.1512894523554088,0.5752121536028462,-1.525950966894429,0.2317096580724474,1.4694393775843453,0.2286023140327038,0.974591660528239,-1.1906856687020257,1.3308746125530408,-1.6431230012096205,-0.21009652532873302,1.6984105218468952,2.7514458478633466,1.1398452440772167,0.035071504135867196,-2.258344704079785,-1.946247823341654,-0.10450138404686159,-0.5770317971840327,0.1128035566490415,1.4917046308499218,1.495082407061968,2.0,-0.7696268451148056,-0.3573731561781466,-0.3115746190772905,-0.38132053499448004,-0.8603473084419501,-0.058863183422401294,0.9550054611428176,1.072436609423784,1.1862213222673503,1.2650501405363848,0.6334683014904138,1.5044390137588641,1.1782185891152654,-1.5606698843608113,-1.4428957126921063,-1.06738352510433,-0.6672395360393527,-0.1531165742175863,-0.17613297277340761,0.026834428381766903,-0.4166922436536772,0.7946322541692095,0.0896821427033546,0.7882426433218049,1.2857030054279757,-0.2742812162400653,0.9317867576299614,0.2087529050894697,-0.2753027473782913,-0.5174936826490818,-0.7885147164604767,0.4189610516320404,0.0429418651030333,2.345544990830488,-1.22619501932247,0.4671891580779364,-0.23959053851311912,2.720986585813793,1.2044515248497922,0.2155447734896201,1.4372722891267038,0.2104792953380657,0.584933567838732,0.7678786108434295,-0.5730387879823624,-0.8607341687893271,-2.2777579040704383,-1.5223656865284247,0.2318356080651729,0.49506529463879667,0.6594996829606478,-0.1530780193029267,0.1844550327317002,0.191331258755578,-0.6189147052629903
-1.0657539875686166,-1.3096884763711505,-2.125678284800062,0.014128422590501497,-0.6965957993972042,-1.538510284738356,-0.06535367940448628,-2.157984336661034,-1.363697493460013,-0.7817415099648894,-1.22932439447271,-1.9612713047567065,-1.3993847999777063,-0.8827602465029016,-0.8841815567123246,-2.203709168621633,-2.2826831219137915,-1.5835894762110998,-1.3688819589593622,1.6503136700158059,-0.7048019290310374,-2.669746660887197,-1.1091299146747304,-1.9686408901523242,-1.3372246448738365,-2.297958118052457,1.520689421226884,-0.4510775451265768,-0.7224073316199622,-0.24352053203218899,-0.6448274011932356,0.5035246147015796,2.274086271960943,-0.8998451751431511,-1.094728278692342,-0.46169928818939,1.559109134340668,1.9479410088032885,1.0447380743610324,-2.0049482398824403,2.994030964339182,0.5968984139614084,0.1742616400732989,2.107859421677456,-0.7696268451148056,2.0,2.899505954005514,2.859148138602996,2.01095047387038,2.9919775274794533,-1.960726026126247,-1.1651416272994326,0.6608922858957738,0.008011850535178701,-1.7363852753884057,-2.3383278974368076,-1.852513397334334,-1.6010277433619344,-0.5117369998319079,-1.1203700305058146,-2.0299687429716675,-0.33013714069783295,-1.596413987353174,-0.7972156565156581,-1.0034473317093926,-0.7031445892393744,-0.07353388636657539,-1.6868764039254955,-2.4209375068131624,-0.9994013790096596,-0.5085689519236548,-2.7430186418871494,-0.8285432923236276,-1.5373313978717134,-2.2817252149288185,-1.8454858952968674,-1.0905556598782873,-1.2779856478630531,-1.406855153322062,0.4002196264767741,-1.8585391263059403,2.09336645316447,-1.052023444995494,-0.6805977831279596,1.5526128758925282,-0.14725702995040313,0.9586012841153152,0.9326106253054616,0.6479613722692724,2.2879953967949156,1.8770229514170051,0.005763771173477501,0.18629588541397477,0.5101491181875771,-2.0438429823610056,1.6249321582531335,3.02811257616957,2.4545609107927513,0.878355588295935,2.550077120026079
-0.6250023294960529,-1.1710880301477253,-2.3448765680437993,-0.08853895368840081,-0.6223763468348245,-1.54412110849354,-0.5548683859197199,-1.8166790331267086,-1.7531830775450594,-1.0163772240541524,-1.130152252103493,-2.050762982360244,-0.7303908652575419,-0.7026000437274293,-0.8558009231247409,-1.7918205759622996,-2.394556334008012,-0.7622673483504658,-1.569032927488698,1.9032290826960083,-0.9898784990332784,-1.845570335847126,-0.836715026261206,-2.2554635694285814,-1.4039369579042835,-2.456883068716567,1.1435520444007163,-1.365947471359909,-0.7996849358321677,0.08081196270241686,-0.5589623478073241,0.9522318968812307,2.6209602933711453,0.24573694355157633,-0.1812390378334481,-0.39419214262889263,0.7403325436329576,1.8756651861305196,1.0760577643933948,-1.1844104133429934,3.202242653496743,0.8785444784545763,0.985249715845719,1.140677272460536,-0.35737315617814647,2.899505954005514,1.9999999999999998,3.2039052092754394,1.5275693275498623,2.514555215006549,-1.3934960872023896,-1.460779747744771,0.2658193639698339,0.298459206376299,-1.7149464131083811,-2.301644025526752,-1.4916922624063154,-1.7783845851454119,-0.9733194660907485,-1.0626382495378597,-1.9738518863221988,0.07515081140040697,-1.2755753931378706,-0.3437970320200863,-0.871833605075234,-0.7468203267991759,-0.2182255061653523,-1.0762795970445274,-1.8045533427873865,-0.11575757820324956,-0.9595160787220438,-1.8184066231900933,0.024759944588557847,-1.65127048144159,-2.530149354426169,-2.2340260931414755,-1.6848218121785643,-1.307466136606704,-1.2231548248721698,0.5203220539409255,-1.7764962724150046,2.2528479002995745,-0.6044309115171005,-0.3523023487425774,0.9882405897328521,0.7490959287866262,0.5403950680390995,-0.07713729064222749,0.5293967039564098,1.5888951562341136,1.7486192076203033,0.0362462019880253,-0.4273012890922528,0.007553565742574708,-1.80523070173453,0.4193897422748035,2.116702267563432,2.098449113241653,0.821220850868609,1.597128145045256
-0.31434852672969077,-1.2368098188407854,-2.295063960172549,0.1264782173607179,-0.8036010715282936,-1.5838802648861066,-0.5717004887023514,-1.7780975091391498,-1.5843298013191363,-0.9690112019396648,-1.1855878578697963,-1.905079303344951,-0.720049674608974,-0.6055932186407302,-0.7954156994296697,-1.4395316750468106,-2.2014940575496382,-0.4155956931427692,-1.1841185027856906,2.5413491187937156,-0.7615392847053604,-1.7376337500946075,-0.27360727694696796,-2.300089156621851,-1.2313126967364616,-2.2130115838700486,1.746494424941361,-0.9820697548639549,-0.4213972525002877,-0.07028118890726318,-0.30553978159431205,0.9924526200760027,2.5917696481510033,0.5093290764616555,0.05372296205454108,0.09648233014661399,0.8865010282494308,1.667269230922809,0.4706191587021952,-1.9553836734096086,2.9745301608816153,0.5953365291501311,0.283807693631926,1.417959602762482,-0.3115746190772905,2.859148138602996,3.2039052092754394,2.0,1.9420133542321443,2.6149709881047616,-1.1394191773970483,-1.2001073210462216,0.9095203752162205,0.32681286120928993,-1.7296329107573727,-2.274719736212188,-1.4031680298040325,-1.6693937229496485,-0.519864267595687,-1.2404095229024499,-1.5714193099767364,0.1732424420875876,-1.3624877381227956,-0.638635077505944,-0.8319303989249289,-0.6485967023596229,0.30808739220717796,-1.169587930113742,-1.8958490929547003,-0.09029858537658861,-0.676201896963821,-1.5847193469976975,0.22901338081254388,-1.5790020606474804,-2.1672643803479597,-1.8646618699206876,-0.9141590047683059,-1.207834587662818,-1.3608793859558843,0.7280154986719662,-1.9856824835340836,1.8604437769340851,-0.940646117214981,-0.5903889936680039,0.8613351085932905,-0.003835686749243908,0.6660623681542548,-0.008044155326490915,0.9628918084558648,1.2532072798761886,2.019928138500034,0.125225091512576,-0.4962699932018932,0.253168184344857,-1.6111886912728823,0.6909412377222544,2.11722166648439,2.5557324423517,1.2741310416421512,1.7811028431030602
1.2395823281598168,-1.0261908306296985,-0.6416720528924957,0.1550897858952136,-0.34006243968369587,0.1335518239762199,-0.6842803485423079,-1.4319738084615135,-0.17221214340051236,-0.3114680923241997,-0.7438248057032932,-1.193587807288602,-1.6434364888160216,-0.8179092766219269,-0.3633215813624875,-1.3178236102240946,-1.8460928349616803,-0.5476283721301896,-1.1526186324111865,1.8899058090174647,-0.3383673548499029,-2.087844050787211,-1.1159549469979728,-1.6023951484023127,-1.3345330346634066,-1.683283733360773,1.3055214370399764,-0.835541469575731,0.4293888504568132,-0.5846172738256465,0.45048127046194436,0.5460567487611898,1.6989620945394714,-0.5547397871143384,-0.8882644506952415,1.68762588314814,1.6393645092636522,1.1159613676399416,0.7731602653128282,-1.790450045812141,2.1273811446304354,0.8560306555683993,-0.6387885343652902,1.8922288981447721,-0.38132053499448004,2.01095047387038,1.5275693275498623,1.9420133542321443,2.0,3.0875640338882326,0.12178315587456129,-0.8430663278258388,1.0051485951128485,-0.2454558302891791,-0.5507690452955896,-0.40368427529767376,-0.7334094394374049,-0.8635659626754368,0.11456285764166921,-1.3141477269706994,-1.4391617501486995,-1.0074954453432223,-1.5775745684544527,-1.1640770621332712,-1.0959394147244255,-0.525600619031702,1.6300393097980437,-1.4994081739315397,-1.8103528750475573,-0.07170646526481508,-0.066255385355344,-1.4346274435900805,-0.40743154134336945,-0.5137850424274509,-1.4753328216932793,-0.9090634858840991,-0.07995296107551825,-1.12791889321766,-0.2100999162511743,0.6384817278790248,-1.9395828749831399,1.972257547956847,0.31387903024204744,-0.07392668010508541,1.2534389926047704,0.5607105267447554,1.3954521828503834,1.1091645653489426,2.3822207893537137,1.156497075500035,2.020702994894446,0.4129965031144045,0.24755620417712249,1.6176631280965024,-1.174351885481799,1.5041116370317758,2.013518103945201,2.1952723161179293,3.3243090191166065,2.91250060433311
0.15209841479123062,-1.458540890092698,-1.5436699393655502,0.022173987529174894,-0.9121168181769163,-1.0346562012579739,-0.5777211729428398,-2.0001198553747286,-1.0616257778580505,-0.39866283897258914,-0.7341226540230631,-1.5460572142488798,-1.5479847156142217,-0.6895712504885435,-0.4169318934868001,-1.8170386658537003,-2.188753988180728,-0.8030941279008692,-1.0779683630464965,2.0743021637959673,-0.18067813954513398,-2.4984875476234225,-0.7604615954789313,-2.139029947625524,-1.1133623493086058,-2.367751227051939,1.2325311489796031,-1.1086593077810543,-0.018623985540470622,-0.2977959174935999,-0.331954990319168,0.7570335217396909,2.5681537794694833,-0.3866490491144092,-1.241358938334478,0.7816286870912512,1.6672919380754692,1.763385264751283,1.2336032770564143,-2.0387030151598067,2.9092620998402583,0.7701526186233048,-0.6102135810904132,1.8117892575209718,-0.8603473084419501,2.9919775274794533,2.514555215006549,2.6149709881047616,3.0875640338882326,2.0,-1.1043728677254876,-1.3490599668452385,0.837741945617847,-0.4467356402454839,-1.6100205126494571,-1.7537181615888622,-1.3635140501575755,-1.6037861658985288,-0.1182819015916997,-0.9562035645906451,-1.5886439835226123,-0.5164603500446617,-1.5376588717447204,-0.7911569471046453,-0.8517668972471413,-0.44738696637543546,0.8969995442238143,-1.3107221983562725,-2.034903696120238,-0.057128018659254653,0.03964040752790582,-2.0005957872578843,-0.2277238474403743,-1.2234517843507178,-1.8526493342456565,-1.58158523896543,-0.5556603091871632,-1.4881636103330425,-1.3887916283042108,0.8113619591578376,-2.1143641033417415,2.626133792194536,-0.6617061725770703,-0.4421370428760806,1.5470869212928717,0.313058277878301,1.2908807812825918,0.6276319292447103,1.9113532214932094,1.8250527426106142,2.4383330670423176,0.5328725287205075,0.2887555839731413,1.0774192154689106,-1.7084933971712413,1.3156737263732676,2.681854465509992,2.578677194756835,2.402706929983338,3.4485738699372934
2.981733177243594,0.39042287386975016,2.1447385718757084,-0.4260086969061282,-0.6553621423014823,1.1939623956537568,0.4748782154003507,0.8072836479009631,0.5122249040804113,0.24794101259639217,1.2327581661128746,1.753686130475931,1.300711647337113,1.6024126038334665,1.8449731152344073,2.5530242587302006,1.5568735199255381,1.0932757078145223,1.4002943029668242,-1.1787304145302424,1.0182375876754366,1.7229686739035912,0.9606644161890652,0.9008970385154302,0.627699262365925,1.8091232265647332,-1.0279787959215971,-0.09115263838806259,1.0212674509103958,1.2137543544704252,1.6904287191114853,0.6349374458302869,-0.6799635935894046,0.38304550414608074,0.2280652985629252,0.4016888545035857,-1.2074799023422695,0.18663543154291523,-0.06683461526437301,0.8617656700518209,-1.6540689190021216,-0.04796808534229763,0.3742726375347318,-1.8321699690218287,-0.058863183422401294,-1.960726026126247,-1.3934960872023896,-1.1394191773970483,0.12178315587456129,-1.1043728677254876,2.0,0.3892356411880224,-0.6554518466337319,-0.2836742366090908,0.8130180331183021,1.5305838683109139,0.8065187338081194,0.288214552775158,0.22028492744153075,0.8443176704530337,1.0657844643234011,0.6719205594765547,1.0052956211844248,0.85883871840928,1.1181629904848736,1.331736874593231,0.6767382493705553,1.4401131868746617,1.4143910958208543,0.5190558419614103,0.6969017783908724,1.54283874988573,1.188251611979375,0.8701506570453741,1.2591504689840147,1.9088693649781519,1.0484471097197523,1.519364666643682,1.4964995743326521,1.4960993704779726,0.1140844160975666,-1.1420414073871485,0.7218518811141885,-0.4844382704271504,-1.186244221937598,0.11170745976807928,-0.7259036840236844,-0.80256252241604,-0.26916704321068696,-1.3299547351417802,0.3155700797369249,1.171389193913328,-0.42309726092615385,0.6577993075745137,1.7428079811106494,-0.9152729524418118,-0.8738521494597749,-0.8542235991613235,0.8295851965311106,-0.9525964475033917
-0.0721088385793109,2.807851395454978,2.324104766038374,1.2838619219088587,2.2048266973100716,2.3012694115038776,1.6779983942410839,2.8442669085767744,2.8645120096863574,0.9528044748289599,0.2204503679603521,0.7921222552101843,-0.13049985458130653,-0.3871032596359269,-0.5787760447134382,1.8206492789666855,1.9674850460168591,1.5196048022529118,0.6318648286699191,-0.08330866240520911,0.10457464719322332,1.7300723727992309,0.5304126755395028,2.3312348607996234,0.2446043294031935,1.6779964918103403,0.8530292982803366,1.9437878555719146,0.9432209550142765,-0.7546904667668076,-0.8105700314592426,-1.5042989942204463,-0.888821058106046,0.7317400264628591,1.734407903837269,1.663113779242535,0.5028764812132868,-1.8893190805404736,-1.1439298915863922,1.253436667572407,-1.0082492047850682,-0.8576922261086762,-0.2185193278220376,0.3780565417115921,0.9550054611428176,-1.1651416272994326,-1.460779747744771,-1.2001073210462216,-0.8430663278258388,-1.3490599668452385,0.3892356411880224,1.9999999999999993,1.9255412776039522,1.9247197587116913,2.767467527482516,2.2554793310602257,2.7832651605136323,3.0472945133041582,1.0061496361573932,0.16608023896060842,1.1274603983304918,-0.8418604010022419,0.4371021998070762,-0.4172070422619271,0.06716969943961598,-0.5287993027226943,1.5491342304059503,0.5075254115174155,1.0015387887392817,0.983243784821993,-0.0780258608294362,0.8885230370326495,-0.1690310354869832,1.93796344642992,1.673381492391611,0.7413694544377232,1.4875808236394041,0.2956800295637473,0.1999567503760581,-1.525103555883558,1.9174507347446168,-1.3575498330260078,0.4990959376910747,1.2107826573991325,0.35761745536106027,-0.02258249400264241,0.4928717347877496,0.5407157359480271,0.7277141387684396,-0.1668070879693473,-1.1690352052712534,-1.3349121242503954,0.7925286871377243,-0.8358099513775457,0.2727938117805234,0.0545062914048754,-0.896430741076253,-0.6477729874306543,-0.8787308670250336,-0.680329868567625
-0.31428506187332017,1.2782337397059405,0.1383775604155604,0.9981433480222175,1.200520928248796,0.7559422737486148,1.1783492285671096,1.2514128476215864,1.6701562077505367,-0.31853005262895207,-1.4136791895697378,-1.389654133227872,-1.2181909313675305,-1.3377529071032201,-1.614949147132753,0.20186357542562727,0.0702612017216292,1.449283185713061,-0.02115905537003515,2.4439152070897134,-0.20968787108180298,-0.2053487433578266,0.30759071047234954,0.4016656117724088,-1.1444485024513233,-0.7621025188520731,1.930194377742803,0.8296952138129002,1.4586210118794083,-1.6020434127039467,-0.34282198113741624,-0.2820938505083598,1.2713787080040972,1.171602624082861,0.950384746826457,2.074877599085182,1.4524822234117019,-0.8594832590322408,-1.6960509876775132,-0.44429937976407663,0.8935047095174415,-0.15671847221604346,-0.7642629910506848,1.7131086623730307,1.072436609423784,0.6608922858957738,0.2658193639698339,0.9095203752162208,1.0051485951128485,0.837741945617847,-0.6554518466337319,1.9255412776039522,2.0000000000000004,1.1110438074625988,0.7894978824970603,0.4028548783495861,1.618690879792139,1.400346542754081,0.19788921944577192,-1.4578634867521008,-0.28509688691153257,-0.9831549559396826,-0.7650646033806293,-1.0045160195589615,-0.4521121675752986,-1.2684833570614353,2.2955801640743756,-0.4297870581751549,-0.0934988642298346,1.6709271645772223,0.0653129170334715,-0.3233026554028454,-0.10813899581703501,0.13034023764732688,-0.2995252500717926,-1.0506217846098869,1.3160296991366347,-1.307873357635239,0.018135196867736597,-0.6062053478199227,0.028953137037937594,0.179147354243003,0.16716794425677392,0.6354926099830323,1.2351330891115615,-0.2044036976889447,1.234386830195695,0.4279162619085829,1.9540712719027333,0.3317258560384454,0.40308370122213244,-1.3285413001702802,-0.4410308141414039,0.0746768746127938,-0.8955868972667269,0.7739957560071955,0.42090090998411833,1.0210671674459806,0.640536136382994,0.9733096620592874
-0.6144980942190715,2.8015953515266814,0.0263088600156003,2.9472014112935683,2.7866902480043243,1.3898088721168718,-0.06259106042055859,1.3205197701903628,1.1235062123381083,-0.33366731017405626,-1.1232144973689353,-1.0726141908495093,-1.1628033317120743,-1.776126573697041,-2.2106859148183426,-0.23810539730323751,-0.6004592793757444,-0.3733321743539229,-1.436673905903115,0.5287887064146053,-2.2085984492091497,0.07921009295884018,-1.6119730494239795,0.6933385075970733,-1.1542113276293247,0.17682985293590558,0.4442520155872639,0.0422478111668238,-0.7718244063453243,-1.659489684692172,0.38280055912697386,-0.6574162705617521,0.33670669616137494,0.026960652225528292,1.658480765712248,0.675401642881311,0.7078779035670016,-1.1236432821717142,-0.8335521363415781,0.1270777637299556,0.6069402693884529,0.8659088181268493,1.245637342897787,0.9318934788394615,1.1862213222673503,0.008011850535178701,0.298459206376299,0.32681286120928993,-0.2454558302891791,-0.4467356402454839,-0.2836742366090908,1.9247197587116913,1.1110438074625988,1.9999999999999996,1.7456689543937716,0.43794294425065217,1.286706681934839,1.3293547918393003,0.0379740249315732,-1.6728161831370443,-0.8178872315937877,-1.899042883466997,-1.4326581209885272,-1.728101037135132,-1.6984853268104398,-2.0923445278048107,0.6519491528327852,-1.1936948870437092,-0.9246766776308573,-0.6539654860575229,-2.209753359325272,-0.5827261923877765,-1.6870770146578475,0.8253751482362427,-0.566334758408829,-0.9416829417258674,-1.1407561413108338,-1.197359938222394,0.9949897507090779,-0.918045826330541,0.4892733554514881,-0.10674566575321282,0.9215324510216913,0.9934002815125222,0.5651715678731124,0.6244319127174321,0.5986625276967822,0.6711588142924982,0.22399580642971112,0.8484112197340132,0.276002588601378,-1.6929826100698495,0.24635165369994377,0.6898602388831715,-0.2200594873234764,0.5987903125306813,0.3644211519377744,0.40753512419678006,-0.7597442235380767,-0.20441834268031328
0.5291543065309405,2.8449365128445665,2.937601008696954,1.763200351733156,2.8732050388155876,3.596378043476457,1.1278751117915553,3.1080822500733607,3.3663496775069164,1.3582534293071795,0.46332788009821446,1.2789599614300808,0.11143434367640928,-0.6245610581133338,-0.4584600793477706,1.7865526911140115,1.885390421755532,1.299973798477926,0.0020139276501641053,-0.4746089444256836,-0.33691856946018883,2.0848441284539483,-0.2647935102178856,2.8445008162252625,0.2657526792785137,2.3965481034798977,0.3218059890998146,1.7787097341358784,1.0944558977457777,-0.7614842946046797,-0.015249416585128989,-1.4062635632298242,-1.2412274807507147,0.5245691010492864,2.003101231659123,2.063447616408718,0.7251419741023165,-2.0192362913463904,-0.481465869487551,1.9610870826437852,-1.133251085873499,0.1043693285944059,0.6199424867068088,0.3361546943596272,1.2650501405363848,-1.7363852753884057,-1.7149464131083811,-1.7296329107573727,-0.5507690452955896,-1.6100205126494571,0.8130180331183021,2.767467527482516,0.7894978824970603,1.7456689543937716,2.0,3.2944510771023743,2.811526111525638,3.3938083632368157,1.2859327787674382,0.2649193088777429,1.0041369570743046,-1.0148582911264645,0.7896216430477414,-0.616561943971013,-0.5456637108553255,-0.6782177737246424,1.7260449432318543,0.21569333687603823,1.441718069585353,0.5984064832615716,-0.5650941457370295,1.4239558521857891,-0.4150249315043439,2.297160224189924,1.7767457752788856,1.4446512404017278,1.3024793992447292,0.8123396897911315,0.990861644578285,-1.8312482503372403,2.564159498745443,-0.7700451565107038,1.6862031921222238,2.0756426196068958,0.45181227276450747,1.162086908283214,1.149544385259012,1.4714973295284899,1.2078734543733265,0.1950766295364458,-1.1395688895962448,-1.2641533279638189,1.2989299670911851,0.10327084485737502,1.0104330086545699,0.7246301359790598,-0.8683171323191383,-0.5908770518390256,-0.2972505142209906,-0.7634963712634599
1.2948557871822965,2.006515944200058,3.470935875560505,0.7573922787094807,1.8293752095702107,3.4064720845543732,1.4030222155444902,2.8454765265663036,3.174732448596071,1.357143646144054,1.217883587484102,2.008068905880553,0.8665241776255355,0.39417099097007346,0.7620268692115588,2.3037230063090215,2.3776719844240493,1.693959445714984,0.8827906741094472,-0.850811345290431,0.7508093113100309,2.422793753934653,0.6158777281452326,2.573705047338401,0.8257437259902135,2.642769763010047,-0.40170269254204327,1.5661875605867417,1.6294228522225147,0.02211792851535381,0.0742762570428297,-1.0805478447816874,-1.5836337463100925,0.5915076090306991,1.2019681913382898,1.813440795703546,0.050058088630590525,-1.6634057932417752,-0.22297680267303538,2.3190572361502673,-1.7970851145006255,-0.35414038788394986,0.1878187961728881,-0.5686242757659711,0.6334683014904138,-2.3383278974368076,-2.301644025526752,-2.274719736212188,-0.40368427529767376,-1.7537181615888622,1.5305838683109139,2.2554793310602257,0.4028548783495861,0.43794294425065217,3.2944510771023743,2.0,2.3863293771123884,2.9333817284483095,1.092638311412189,0.8870297605902087,1.8582654742649918,-0.1620050600691446,1.5458465441224467,0.27011266319127053,0.49743267914812717,0.4743604073301898,1.722684037119139,1.0950537744236244,2.1069631992366036,0.8912801489909217,0.596490800349922,2.156482044205588,0.3031477209541948,2.321684761125444,2.3224004360486457,2.2894016958815118,2.0393770902448427,1.4356440742036605,0.8378938128860304,-0.9505110971176041,2.3925706990415714,-1.1208844426009257,1.1883859807515496,1.4618063412041042,-0.19348813166678258,0.6879942561388702,0.4442239437644425,0.815583471189358,0.9872925729543469,-0.5775417567656409,-1.3301325981805188,-0.025123010738752727,1.20313294634576,0.14288477177395847,1.6901150502098947,-0.013230655007107017,-1.4437578912335711,-1.0923806120092543,0.2515164503600852,-0.9785528461720703
0.46215806221761835,2.572333755756667,2.3015800886098474,1.0609134019711095,1.8092092997625682,2.5271520796505307,1.2468059616260694,3.42448712817937,2.957368550750655,0.8067173812356496,0.1249131824974706,0.7753488248497973,0.169387748239649,-0.5091894939281725,-0.3807710228208897,2.0268953480928515,2.1832811663947895,2.7035743323628085,0.8088109425939324,0.3822178970277529,0.3898624997445478,2.243942461322502,1.034196539957412,2.2678035723324905,0.1915164437351325,1.5628905884146556,0.5015355242788533,1.277122271974815,1.6661819311973018,-0.816369939599598,-0.2685398172164925,-1.5016635242395338,-0.8344686193535766,1.7598759216040456,2.1270538217634543,2.316478512574732,0.1326352089564147,-2.2587080024119186,-1.3581615279310495,1.417041391398007,-1.0496256045072745,-0.3329170383583867,0.06513740557518749,-0.05793780192283019,1.5044390137588641,-1.852513397334334,-1.4916922624063154,-1.4031680298040325,-0.7334094394374049,-1.3635140501575755,0.8065187338081194,2.783265160513632,1.618690879792139,1.286706681934839,2.811526111525638,2.3863293771123884,1.9999999999999996,3.2155615544326563,0.8678853614294741,0.45874769273538396,1.0534645038439805,-0.6946055145218031,0.9492328389797766,-0.2462382834576653,0.1512520125038351,-0.3861245058784084,2.226525590487743,0.976625044780291,1.8702359054396656,2.450237235560768,0.30557834988745847,1.7620289658243418,0.573093067919741,1.3264705160783978,1.6490622700973763,0.8152190914427554,1.8305049664330797,0.3518431225808255,0.6891991141269812,-1.6176824150857114,1.8789798344580753,-0.7222506733619847,1.399536643244403,1.561180132983135,0.20994019959920124,0.8625258462748708,0.6595864208412783,0.1812286200336788,1.4044295037767198,-0.6618772317325105,-1.3139124355791523,-1.4869026473030391,0.0706786300533038,-0.5456882333975877,0.7529540717945926,-0.150757601429434,-1.001959533844317,-0.4623616721662459,-0.11869988341293058,-0.7897810116048787
-0.0241873457082155,2.9196168250312358,2.6429191255723725,1.2854916931174718,2.4418937650637575,3.0385099625538685,1.4586277946021022,3.49646656439338,3.5613219240503584,1.4451982342065615,0.3284271837229553,1.0630585832777995,0.056580824472083305,-0.839140383185027,-0.6696756422460275,1.6542389736966356,2.0037162507583233,1.7878864890342332,0.1577513893119029,-0.14187088191450742,-0.030771303206166598,1.9588017797630801,0.3165209008796044,2.8381541589892065,0.2826013205651615,2.0285478931949523,0.6390904123622353,1.8796090251594548,1.3840839964389984,-1.0024843209382985,-0.5517667417196385,-1.58999560403449,-1.3343305641529561,0.718702158995658,1.8667607085519902,2.1117492599471994,0.8023490893982669,-2.2683088615771414,-0.9067598063253798,1.772217198954279,-1.1537296367318446,-0.38649874182878796,0.0343552127247153,0.3767844117826502,1.1782185891152654,-1.6010277433619344,-1.7783845851454119,-1.6693937229496485,-0.8635659626754368,-1.6037861658985288,0.288214552775158,3.0472945133041587,1.400346542754081,1.3293547918393003,3.3938083632368157,2.9333817284483095,3.2155615544326563,1.9999999999999991,1.4288531204522505,0.4085131725248903,1.2375020469120852,-0.8677433740721364,0.9686962993342519,-0.7415325859361466,-0.3791278507804224,-0.7178517106314707,1.8326376051948896,0.2235126134668125,1.4121366136255098,1.1780012179855273,-0.22540988815500157,1.1686781748800867,-0.4314063703382326,2.1057635916436133,1.8049385990339895,1.1677338254349374,1.738695761700635,0.427609838517775,0.40658838739620196,-2.0806737863708644,2.512904279855805,-0.987688666786251,1.292711370723116,1.858889563868864,0.6179297314565979,0.6420619368376683,1.1917039023973004,0.958119661233896,1.3201849507511185,0.021930509541138288,-1.6197433520987836,-1.5486116196194732,1.1655396840233996,-0.5480934863629825,0.6697633724872789,0.4916536966951579,-0.973036224904315,-0.7061740119501518,-0.7437206295491212,-0.7282795912486117
0.1648695736466908,0.8587300085493834,1.3602427847692058,0.9004256736900901,1.045954085152545,1.0643398178918027,0.49823449723776514,1.3687247159113316,1.302030141627764,3.4533760797829878,2.234297488374498,2.2706506681238583,-0.3478703156258533,-1.10136962900068,-1.0137544947073835,-0.0647387939635627,0.3588182641896634,0.3406202976269596,-1.1766354479714045,0.14733553228807839,-0.7253774159769482,0.49431457433543813,-0.35827995279783165,1.9204525119167322,1.9727410034012471,1.2702524966846362,-0.4044552692271597,1.151820897045927,-0.08126408208991359,-0.7559311741198003,-0.4653308429969845,0.701747613692963,-0.9219776931948507,-0.8601237378246536,-0.293175153509309,1.0499875176289248,0.9414051825683551,0.2817776852773579,0.7269418138858111,0.8274864430283155,0.1762520145446637,0.72658980676672,-1.3320829283298012,0.1764073796176928,-1.5606698843608113,-0.5117369998319079,-0.9733194660907485,-0.519864267595687,0.11456285764166921,-0.1182819015916997,0.22028492744153075,1.0061496361573932,0.19788921944577192,0.0379740249315732,1.2859327787674382,1.092638311412189,0.8678853614294741,1.4288531204522505,1.9999999999999996,1.3772287144931192,1.7939192803943145,-0.414759944316326,0.1045444078479886,-1.007006125417734,-1.1805843088726866,-0.9510904528518593,1.0708550223013211,-0.6595981605111778,0.0591671317102486,-0.275925865774083,-0.5734112450474391,-0.2602749786984371,-0.8457361575720495,2.013787980550333,1.6865099347548531,1.1972407384042554,0.5324695460853563,-0.3365972779578319,-0.9192406350343951,-0.546731583061951,1.4022857285355912,0.2505144809229931,-0.5906181492964604,0.4041652741733688,0.3675337355694086,-0.4981587128593644,1.2229652226808299,0.751810213944543,1.051769231607498,1.0456428093522832,0.19364361936109759,0.8084281119398204,2.349462619531102,0.18493335206227912,-0.32930175867360467,0.9011657179936341,-0.6379927057945131,0.10775288790051579,-0.32220151622164117,0.5516575472386991
0.3547895764963609,-0.5491746823000776,1.5245019053291133,-1.0187627157064134,-1.036703770716985,0.15435522502117832,0.7485005922498951,0.6748774743255909,0.172063268531559,1.825803133660903,2.8327326743270733,2.778998109396101,1.838013465253758,1.573161349496091,1.9470109086562977,1.2277613449342395,1.766179729305367,0.8602227964588073,1.3057067327463603,-1.424599485693137,1.82833748755695,1.4385944393615675,1.6401714529067242,0.9395930304450747,2.3530329051891274,1.6910945594481346,-1.073781889342573,0.90975288954528,0.1324690589931419,1.6860073179036716,-1.253013444501991,-0.07089204424787889,-1.472609537983057,-0.09498572916961201,-0.6586567764941962,-0.5140420965609915,-1.3347964247224988,0.48010311123792515,1.1900644885441984,1.2400641490166278,-1.3387940941151815,-0.8986051655531901,-0.7599038759528454,-1.6697837745019875,-1.4428957126921063,-1.1203700305058146,-1.0626382495378597,-1.2404095229024499,-1.3141477269706994,-0.9562035645906451,0.8443176704530337,0.16608023896060842,-1.4578634867521008,-1.6728161831370443,0.2649193088777429,0.8870297605902087,0.45874769273538396,0.4085131725248903,1.3772287144931192,1.9999999999999996,2.309187944788919,1.835733750388577,2.2178215316202996,1.8722503398523171,1.5313386762581382,1.9079017841538848,-0.438689499636767,1.8283513206793764,1.6415531824783294,0.5561321627782723,1.649163892135141,1.4571742941765913,1.575136698238881,1.110787976413591,2.085197755549239,2.2137833334361137,1.085029608388466,1.8287047996590693,-1.392081806989273,-0.1381936671909726,1.1136615370377854,-0.7300762108433397,-1.077628194695758,-0.35849479032138737,-1.0332331629455298,-0.5914226296292884,-1.0386086125570384,-0.8716446495511289,-0.8954180341907628,-0.7351625020082735,-1.175286263752946,1.6824934381511532,1.4221951643705242,-1.204607174494255,0.7396871293826208,-1.1278744604486333,-1.2175164116679706,-1.2042683766507412,-0.8876777831431335,-0.9506044844025336
0.8013639084639756,0.581694688998877,2.123083215015682,-0.3278853778172769,-0.11007197647259209,0.9346249530471877,1.4463116945113066,1.7145808581810842,1.2280852026684157,2.1774210263325826,2.7150650172047537,3.1602778169331067,2.169104148683289,1.3450973680042508,1.4296622950616618,1.9492555630769326,2.327654672302501,1.553334044368517,1.4696602161038341,-1.0748356816650873,1.4455127895033515,2.318293523983423,1.9580885394751826,2.0092392428422423,2.551801935976467,2.4523632192725096,-1.1109673297492102,1.436845629662778,0.8733617688820998,1.2386000201746745,-0.5319361599854591,0.47421146502810707,-1.32943331625717,0.5032084872275268,0.0957723918006825,0.3087953634909786,-0.7702840397216011,-0.24456619954436143,0.2869222832985426,1.9610277520813146,-1.5079935988225457,-0.5782512317020424,-0.6575960053795654,-1.7416780935989058,-1.06738352510433,-2.0299687429716675,-1.9738518863221988,-1.5714193099767364,-1.4391617501486995,-1.5886439835226123,1.0657844643234011,1.1274603983304918,-0.28509688691153257,-0.8178872315937877,1.0041369570743046,1.8582654742649918,1.0534645038439805,1.2375020469120852,1.7939192803943145,2.309187944788919,2.0,1.7938640361421112,2.404295189487472,1.2377507714985048,1.3814161471426283,1.3912038757010732,0.2783041546041061,1.8857675702685546,2.291746227556809,0.8758161400534965,1.293434944860631,2.147175086320206,1.250224692224475,1.7087537468611882,2.9087125650255317,2.583305974946489,1.8777284752634504,1.6726325583995652,-0.909123987379836,0.25391996533895533,1.9483422308535978,-1.2526362402901632,-1.0762902459739183,0.08289370179603534,-1.1763271281198098,-1.0802277276030838,-0.4433720451658919,-0.6495599607556647,-0.3880192148483661,-1.0621190691550655,-1.2202954975415363,1.4974484147691325,1.3493312782819602,-0.7723210476649527,1.648579543822024,-1.286043633678167,-2.0220733180993675,-1.602923007049033,-1.0362037030683355,-1.3297269762633708
0.6981928216416595,-1.5186728546040378,0.22679750313386,-2.003375430849023,-2.209777722368199,-0.8964135474851962,1.3492988602953275,-0.4422529858890464,-0.9694447072874071,-0.0614852279792891,1.3830443264121466,1.5553324662633385,3.4139918370562774,2.6625394015983126,2.5781840355644707,1.6716375145858557,1.3660761240094255,0.9718105463302104,1.9506928925744051,-0.7174269675365466,2.0647260465167605,1.1494785542900086,2.44846303524863,-0.45757511001251583,1.3744063682600949,0.5767246438645008,-0.40450292095899054,0.2247692353396268,0.47178434949608067,2.5641914489885367,-0.6114558048157206,0.6506408426679587,-0.17999344540083279,0.8750008964516298,-0.4287033686552206,-1.2514966761709783,-1.6775545533487297,1.224690008904242,0.7748590927837608,0.9266954197343393,-0.561412656910602,-1.5426305984830497,0.27174239194039856,-1.5112340521249261,-0.6672395360393527,-0.33013714069783295,0.07515081140040697,0.1732424420875876,-1.0074954453432223,-0.5164603500446617,0.6719205594765547,-0.8418604010022419,-0.9831549559396826,-1.899042883466997,-1.0148582911264645,-0.1620050600691446,-0.6946055145218031,-0.8677433740721364,-0.414759944316326,1.835733750388577,1.7938640361421112,2.0,2.5443631015822197,2.7598789948112508,2.5708408036414356,2.7658285190150127,-1.0126087041751082,2.118563911035885,1.4964153399511768,0.7469204566511651,1.8857213425807369,1.274391212342185,2.2034562725918287,-0.5604864195717404,0.8858055590307476,1.3236389137374243,0.952098938206138,1.814108937733464,-1.1928920286191287,0.8731782396447094,-0.3061050830536859,-0.7980785650095976,-1.591392652670546,-1.5846218398146164,-1.732974587171371,-1.4086209763007036,-1.8933578414009835,-1.7519782705266391,-1.5536036091749363,-1.436930381935697,-0.955666162818775,1.879888390648917,-0.1126561668104645,-1.7378088621708958,0.6536393464241759,-1.6566358778825645,-0.7751481786190227,-0.967632187730233,-0.46863884181984417,-1.3842206754383968
0.6450828815694736,-0.1502931388249943,1.8490215740035112,-1.1477852809375682,-0.8417927612220568,0.7072840277798873,1.4635839046904813,1.195143772276884,0.8395429177071099,0.7811091211999448,1.5575658196699307,2.296430641563655,2.7106473286109245,2.378598469732616,2.5564008338653306,2.425745759384159,2.5821253026271007,1.7098776194189118,2.2640203514991972,-1.4448729893160008,2.3399179100625846,2.2788089471076676,2.5916526776831805,1.313189359419881,1.6688514710113487,2.040309592251397,-0.3670594627889829,1.4008954792672896,1.2393559629068982,2.230440545633182,-0.4089745188845698,-0.7033419185215204,-1.333205447107975,0.9214861218259615,0.6577941986393239,0.04229874965390154,-1.1999230135089298,-0.3864021875875303,0.4897560884495811,1.981478736854271,-1.8714475583275114,-1.6848043213051773,-0.04249495962671998,-1.7421524178450105,-0.1531165742175863,-1.596413987353174,-1.2755753931378706,-1.3624877381227956,-1.5775745684544527,-1.5376588717447204,1.0052956211844248,0.4371021998070762,-0.7650646033806293,-1.4326581209885272,0.7896216430477414,1.5458465441224467,0.9492328389797766,0.9686962993342519,0.1045444078479886,2.2178215316202996,2.404295189487472,2.5443631015822197,1.9999999999999996,2.966593961638041,2.731001378744676,2.8623067483972973,-0.5971078666001566,2.932448844413466,2.595220842472896,1.4084061649821904,2.0926693685433353,2.614551658855402,2.5348043108559355,0.5541951276727147,2.0347037477806698,2.417122942414015,2.031791185680933,2.9620015329092007,-0.3904636421230408,-0.3343903381772313,1.3176846554951775,-1.5032443059779226,-0.1940265813239098,0.025130977686601996,-1.1548511215320383,-0.3556108452615273,-1.0874401453342308,-0.8155054951886685,-0.8511896375247424,-1.7213161368613572,-1.8028650152473906,0.9213161947542172,0.34119744148843784,-1.7651545919777698,1.512826887866704,-1.4871979714597072,-1.1619988999480289,-1.5683548342790763,-0.850728640635113,-1.8748011538381455
0.6636342823997909,-1.4086541035149567,0.6551506110615668,-1.9212532756741743,-2.0020064313292405,-0.6871624890164225,1.020725523899036,-0.4280659606674464,-0.8449911363715215,-0.38337227594478474,1.087263279683004,1.3411069151069994,2.3869604508758533,3.176462663274242,3.019183711450767,2.0352267664866908,1.8637066040673056,1.1029515338034432,2.7671721007380725,-1.2023940754349338,2.6148804948447912,1.3642590795846636,2.6426249522410123,-0.39841234175516393,1.2322840819178231,0.5295714217659404,-0.6336327584459207,0.26298875694375523,0.33417728335342267,2.614020253393816,-0.2779085978155982,-0.38787107411750876,-0.527350864509868,1.0235080971782053,-0.2594980458588993,-1.0017255486002417,-2.193461229195247,0.5747656440841988,0.7099023574989057,1.1471562997105167,-1.3369324837087766,-2.096793371507714,0.08197546005995582,-1.696828438921674,-0.17613297277340761,-0.7972156565156581,-0.3437970320200863,-0.638635077505944,-1.1640770621332712,-0.7911569471046453,0.85883871840928,-0.4172070422619271,-1.0045160195589615,-1.728101037135132,-0.616561943971013,0.27011266319127053,-0.2462382834576653,-0.7415325859361466,-1.007006125417734,1.8722503398523171,1.2377507714985048,2.7598789948112508,2.966593961638041,1.9999999999999998,3.428008167934853,3.3178603164022347,-1.2614685065584186,3.153292540116743,1.7884508626909268,1.1381609772007073,2.4118936668645525,1.9322817579639364,2.89211306826582,-0.6705622490693572,0.9202959505014128,1.3213418977588778,1.0737736416569736,2.435173352391375,-0.45009290761966236,0.4379518650155574,-0.3428980383002525,-1.3942316418931704,-0.9006921759858206,-1.4551598634914515,-1.9953796700937572,-0.9582727841524173,-2.4468934328057688,-1.823151252412223,-1.705593950173407,-1.9679181367810203,-1.1140615369129345,1.3673612160842956,-0.5359079352565652,-1.855995617024388,0.9668108301303359,-1.9804013008695893,-0.8037657376643101,-1.4636596160903672,-0.347269245990374,-1.693624239536069
0.7306783303409743,-1.1021617961113122,1.0068427195106984,-1.9404037898180504,-2.0843131280339873,-0.5958307408103065,1.3437760072172735,-0.0771942451306489,-0.3718460190356207,-0.6701986531078784,0.8086983723229864,1.2905916987615784,2.241846215694102,3.3328103493681924,3.22129396583935,2.3643076782027883,2.2973487415229874,1.4447613583217451,3.3912305947596066,-1.1389108579372742,3.1285205938656087,1.479178441641969,2.9964815248392958,-0.06965783398002909,1.095459147838284,0.6842042897466867,-0.4272388844573902,0.3348598670622984,1.040523211940883,2.5258662447705933,0.09793253504333578,-0.2164438955269444,-0.35111434063856994,1.1762155683176212,-0.2626288194372723,-0.7791073899511851,-2.0229578840948355,0.30048451576823487,0.1228266189794579,0.8265357306529009,-1.6630956647172699,-2.2085464219127817,-0.1969784320630535,-1.631626598552122,0.026834428381766903,-1.0034473317093926,-0.871833605075234,-0.8319303989249289,-1.0959394147244255,-0.8517668972471413,1.1181629904848736,0.06716969943961609,-0.4521121675752986,-1.6984853268104398,-0.5456637108553255,0.49743267914812717,0.1512520125038351,-0.3791278507804224,-1.1805843088726866,1.5313386762581382,1.3814161471426283,2.5708408036414356,2.731001378744676,3.428008167934853,1.9999999999999998,3.489250739284191,-0.8656486277651534,3.168520738170136,2.106055291416897,1.3742273703790764,2.914171203306727,2.043675456863743,2.8764901953566295,-0.6845903772744997,1.2563379011298212,1.3573347243969875,1.86133934713403,2.5091997392444436,0.0064756460806585925,0.9153041312829875,-0.38379125769108446,-1.7921525125738942,-0.8183668889087573,-1.4371026502322548,-1.7448274908645298,-1.1653237267535934,-2.317474519761476,-1.8859689728471531,-1.4326984302687236,-2.233087522457701,-0.8477622560114868,1.2720337928736538,-0.9142926769634729,-1.4479217793838088,1.4397176913534853,-1.8766958090963999,-0.813742859041538,-1.4204015042329385,-0.1178448064915803,-1.5051175288809504
1.2082601163328202,-1.632603027111245,1.01081341671587,-1.9622059496355257,-2.347809024186592,-0.5238528556701617,0.950430949436146,-0.5497655220489419,-0.537948268595369,-0.3961549360341312,1.2190547086704975,1.6772731578599203,2.4093701988616525,3.328835916001191,3.7180941842950195,2.1091159662972205,1.9716218564884487,1.025767577438169,2.944731876943041,-1.3300434382102284,3.1950594345133503,1.265913203845218,2.7364731902932835,-0.28241733597020263,1.386350733664722,0.9732751368881736,-0.3373380221728437,0.46487266120519444,0.9605687142934163,3.1076207260875672,0.0025984011641839028,-0.1841238013061926,-0.5242395856822136,0.6382672191031056,-0.49161585428615623,-0.6967709497781798,-1.7601176493286887,0.7959615762490396,0.9985612514035305,0.7057918159456174,-1.5317597464610104,-1.8558636652809115,-0.1651896320868031,-1.6416919725555732,-0.4166922436536772,-0.7031445892393744,-0.7468203267991759,-0.6485967023596229,-0.525600619031702,-0.44738696637543546,1.331736874593231,-0.5287993027226943,-1.2684833570614353,-2.0923445278048107,-0.6782177737246424,0.4743604073301898,-0.3861245058784084,-0.7178517106314707,-0.9510904528518593,1.9079017841538848,1.3912038757010732,2.7658285190150127,2.8623067483972973,3.3178603164022347,3.4892507392841914,1.9999999999999998,-1.0918159229399722,2.781475915538171,1.7553527801707698,0.9018638728726207,3.0245634584588177,1.9116422106543574,2.8610456767756887,-0.4031638967175766,1.2457455896732574,1.7805385382142571,1.7069455553033452,2.953772388802662,-0.3123947710576907,0.9849294141544183,-0.4839068165092115,-1.253711226600302,-0.7308734721271164,-1.3262465616424,-1.5890114675599283,-1.0369964647835488,-2.0671053838028497,-1.4879344776677659,-1.230611370498373,-1.9573315720793403,-0.7514621918915765,1.8430478202395608,-0.3399387552380049,-1.1994159010139944,1.3707713891820918,-1.6339377633020673,-0.4721967238162846,-1.1606349661846247,0.3350429860529146,-1.1667025600486107
1.0913937830707976,1.3054784373441826,1.403525076941273,1.0633782983555817,1.2302426228392944,2.042021961155988,1.2683381316057454,1.975616264669104,2.214805312569778,0.7164746019538051,-0.1449759519245454,-0.056477866686656775,-0.7827674773718775,-1.1701513475660592,-0.9373032035417916,0.7685817021243969,0.3828458360664573,1.8474233348926279,-0.18325457742963353,2.317344986868945,-0.12192474061887656,0.5509059360002861,0.05855135389718652,0.9540114349609756,-0.6390019239951708,0.16547605449986888,0.9502633384113732,0.39110218146299297,1.9082106040409426,-1.6107260523688645,0.17002718639118983,-0.2493163545150151,0.7226957428923417,1.1982441033366222,0.6499020486455032,2.7071791806392005,1.2502655687491875,-0.5222848110984141,-0.8235420951118693,0.2488278748992869,0.9946203361418775,0.7216145675625374,-0.32355614381288167,1.5186628674360914,0.7946322541692095,-0.07353388636657539,-0.2182255061653523,0.30808739220717796,1.6300393097980437,0.8969995442238143,0.6767382493705553,1.5491342304059503,2.295580164074376,0.6519491528327852,1.7260449432318543,1.722684037119139,2.226525590487743,1.8326376051948896,1.0708550223013211,-0.438689499636767,0.2783041546041061,-1.0126087041751082,-0.5971078666001566,-1.2614685065584186,-0.8656486277651534,-1.0918159229399722,2.0,-0.06959969484646641,0.7658781041149644,1.7212830037798648,0.27106198517902336,0.4179372762386832,0.06053687720577405,1.1397210011696026,0.6450974417488967,0.0611676092638789,1.6540541998374734,-0.8531426620721196,0.1789586487382655,-0.3452030455423378,0.7173018171989785,0.8613148682202423,0.7055865672996338,0.6241219741205712,0.8192738273640789,0.6895148900584321,1.4529572992569275,0.773606116319709,2.6726213652077178,0.7218657417304426,0.7971795919514173,-0.2481410552996137,0.9010210198926955,0.9146014195241896,-0.064203189900772,1.3121877011250669,0.3451701389648248,1.4215856556995226,1.8742988288540443,1.2782124683898572
0.9415127180465466,-0.45604166876456453,1.4865811082140403,-1.2852580045952777,-1.3691610733677284,0.16090125698765512,1.3528353274429472,0.7733632177354794,0.0541014798036163,-0.1259292929136987,1.2003683324490046,1.6264835731738834,2.06115707694431,2.7129520841431227,2.589657369124782,2.7182666544463308,2.7683655470773405,1.9242947521247034,3.0461426021799776,-1.009413136502919,2.468190495703525,2.3609856555876885,2.8320491590913424,0.7038327929543963,1.2621054768879059,1.4378050381725735,-0.8422652659879368,0.5508590560227333,0.8595243358781153,2.0411016030631854,-0.0006794492317174008,-0.5814874120423588,-0.3739931339686007,1.8623472307088846,0.5027579891603329,-0.2047873459732322,-1.9303193302601505,-0.48029351963696093,-0.33766136832664184,1.365752816846341,-1.658027288663976,-1.6737122519326635,-0.044887682171018406,-1.9107298092070104,0.0896821427033546,-1.6868764039254955,-1.0762795970445274,-1.169587930113742,-1.4994081739315397,-1.3107221983562725,1.4401131868746617,0.5075254115174155,-0.4297870581751549,-1.1936948870437092,0.21569333687603823,1.0950537744236244,0.976625044780291,0.2235126134668125,-0.6595981605111778,1.8283513206793764,1.8857675702685546,2.118563911035885,2.932448844413466,3.153292540116743,3.168520738170136,2.781475915538171,-0.06959969484646641,2.0,2.8659371510515372,2.0262513152658572,2.3542225150304255,2.8146786056821234,3.0159848749146074,-0.4043512532308157,2.021422078452481,1.950405932084439,1.9677442851947498,2.324134607095252,-0.0332931176302647,0.48811866040990437,0.83864961691247,-1.4167096609091414,-0.3609152177024072,-0.6064219345042645,-1.635638796643315,-0.4545463181349447,-1.8842926935298925,-1.671814245745603,-1.0712637281606332,-1.9544611557450127,-1.004701247908569,0.7429568221960003,-0.9840924066406314,-1.4272894678872698,1.7152020669910246,-1.9843757444133254,-1.2713347913292479,-1.3604140308074717,-0.5042145214366074,-1.7484723904066972
0.9013322180528218,0.6016499903601606,2.3086964312572174,-0.6564865994822552,-0.024076510813619195,1.4476337487347517,1.2815012422516017,2.048423714564806,1.4063582934927013,0.4384545653041416,1.1112368728548598,1.9820448730086762,1.9946609606368912,1.5324867281740864,1.7416021552162704,2.7138048868926274,2.9530097303357237,2.476182078183273,2.373101168692724,-0.7520437761931941,1.8236979539970757,3.028789587117673,2.322221741588282,1.9835488322566168,1.4056939664765684,2.296888440237867,-0.7355602451658116,1.0915576132896159,1.7878675127860377,1.2256051378055417,0.3281168244383831,-0.5285298090666993,-0.774091282950371,2.12021653826133,1.2064612558031083,0.5318073419261466,-1.2524231114324986,-1.1890164369795162,-0.5808830500805995,2.0377502165709322,-1.8998746119740013,-0.4227020254423043,0.38388014940482307,-1.5799684422078262,0.7882426433218049,-2.4209375068131624,-1.8045533427873865,-1.8958490929547003,-1.8103528750475573,-2.034903696120238,1.4143910958208543,1.0015387887392817,-0.0934988642298346,-0.9246766776308573,1.441718069585353,2.106963199236603,1.8702359054396656,1.4121366136255098,0.0591671317102486,1.6415531824783294,2.291746227556809,1.4964153399511768,2.595220842472896,1.7884508626909268,2.106055291416897,1.7553527801707698,0.7658781041149644,2.8659371510515372,1.9999999999999998,2.397002062633067,1.9029742423997882,3.2188581001317482,2.3858267869888636,0.6310076750390213,2.4800647281571586,2.1819460202450562,2.294369004898962,2.211768146581317,0.7522143842430519,-0.10805016482036368,2.3453212130212044,-0.8292832604187235,0.7473020405046944,1.009550855754178,-0.7048299872485922,0.6437459051488513,-0.5922028410598524,-0.43461156351154506,-0.05339605560221006,-1.4254844357214733,-1.215597112082469,0.3103283462598472,-0.34791734888839787,-0.6014498437825035,2.2239766492899244,-1.0982593822445825,-1.6937691767916345,-1.0450376011232576,-0.6664321987074682,-1.7373425214051659
0.7926988878730912,0.2543974467451257,0.8916592562430057,-0.862551220420655,-0.3551507307287834,0.6717615534781755,0.9171669567667579,1.6871587473422234,1.235599270577323,-0.22381994122856963,-0.18059866201223912,0.1714707373475281,0.7314380969734169,0.5570770947124548,0.7347391980970135,1.6941179370890662,1.5896720755045566,3.2921363216144046,1.7063344575977144,1.4261119374183389,1.59770246269989,1.6203843744274826,2.381667480407798,0.3377011977523273,0.2611539474880837,0.1661161065392918,0.80867212454127,0.4553685677397312,2.092774690201238,0.4944437229650775,-0.2087874441766828,-0.655984762451416,0.561944119588751,2.8897626699424452,1.332256642392298,1.7993184023692828,-0.6847428386561725,-1.000270561982691,-1.0468221284421464,0.7314579423361561,-0.25168650593371,-0.5866663367210136,-0.20208809552052143,-0.33598238670925706,1.2857030054279757,-0.9994013790096596,-0.11575757820324956,-0.09029858537658861,-0.07170646526481508,-0.057128018659254653,0.5190558419614103,0.983243784821993,1.6709271645772223,-0.6539654860575229,0.5984064832615716,0.8912801489909217,2.450237235560768,1.1780012179855273,-0.275925865774083,0.5561321627782723,0.8758161400534965,0.7469204566511651,1.4084061649821904,1.1381609772007073,1.3742273703790764,0.9018638728726207,1.7212830037798648,2.0262513152658572,2.397002062633067,1.9999999999999998,1.6435790806873594,1.864896679199429,2.27024347573715,-0.36935139519030846,0.6502443108100854,0.09748734061419059,1.8179717945845673,0.3755223962708891,0.0808713044845596,-0.42675240620509114,0.43907445853068117,0.5607570413281512,0.814481864121119,0.777480986679031,0.12885152425724447,0.6031348192165047,-0.06889694918226168,-0.8322144668436661,1.5019688074748057,-1.0338099960908738,-0.5998431607504974,-0.39699282058089236,-1.0378559468810915,-0.7333632356119897,0.4747968847268214,-0.8364037331923884,-0.6178230339779887,0.23749930648617001,0.6952442643564954,-0.24071498254173718
0.8225600249096756,-1.5789097293582777,0.9935051695725318,-1.8563893629764778,-2.046317034814357,-0.3087130212112774,1.055934508851457,-0.217541289532275,0.20706871797810006,-0.3612668891452805,0.7860385751678551,1.2366091331119062,1.3625664094063472,2.3502406855571834,2.806024560683781,1.5564032887873607,1.9582821458053796,1.645153418452732,2.8848979754215036,-0.008004645610243943,3.4142653383782897,0.9806009285322679,2.7848273461872672,-0.050223458093596594,1.0795938233903781,0.4520048879990318,0.35993978115292014,0.7456000202115691,1.7564926162765508,2.0771754666774647,-0.3877561856366774,-0.3691133757231935,0.011289679797681612,1.0315428300923404,-0.6197680584212784,0.23793798874145447,-0.9839275612534351,0.3315087084792982,0.19740734070055238,0.14360489275276248,-1.3697986802196984,-1.6485056701717302,-0.9752608234000664,-0.8259649939266245,-0.2742812162400653,-0.5085689519236548,-0.9595160787220438,-0.676201896963821,-0.066255385355344,0.03964040752790582,0.6969017783908724,-0.0780258608294362,0.0653129170334715,-2.209753359325272,-0.5650941457370295,0.596490800349922,0.30557834988745847,-0.22540988815500157,-0.5734112450474391,1.649163892135141,1.293434944860631,1.8857213425807369,2.0926693685433353,2.4118936668645525,2.9141712033067266,3.0245634584588177,0.27106198517902347,2.3542225150304255,1.9029742423997882,1.6435790806873594,2.0,1.6345590164966999,2.534139020758846,-0.4043294099362571,1.1885832412935626,1.2538157610823553,2.475877969184266,1.9427489023950484,-0.3836019863173076,0.6818957306674331,-0.22039871582026627,-0.6511645750520108,-0.5879357805381618,-0.441128296623632,-0.2821122161491175,-0.8683598925109537,-1.031978017194829,-0.8595477354989345,0.27100529376902216,-1.416496980945455,-0.41583871810811657,1.286570027313266,-0.5453241354520642,-0.6290782130713605,1.0872515971903953,-1.0243023836083323,-0.3867626925370729,-0.298887870467235,0.9729883321956487,-0.06929524182837848
1.2618458398790664,0.5278083043525944,2.1222751787439673,-0.33239179645722483,-0.016746934082529696,1.4691712727093935,0.5697538259279858,1.7425361728919966,1.2104988353945632,0.1924359901342387,1.2364345829553747,1.9457839546637374,1.9771436097637984,1.7713496304107497,1.982346354160525,2.618221459040486,2.717362189122361,2.4126184617800237,2.3207199240115037,-0.9545688094976824,1.9087261418949215,3.054911042484478,2.3056639119256013,1.4203809779452978,1.1326748007489393,2.371717112371707,-0.6983836510341661,0.9578561597491633,1.5927318008982145,1.4496003209585244,0.2138853310408959,-0.7544522442348249,-1.0425134374500482,2.0574362167645877,1.6483231776813612,0.8223097049453977,-1.2689429172112026,-1.3697370290197863,-0.4139448076730441,1.797015136613947,-2.2720759946777362,-0.6919808505419865,0.40594983621888087,-1.7564214116969903,0.9317867576299614,-2.7430186418871494,-1.8184066231900933,-1.5847193469976975,-1.4346274435900805,-2.0005957872578843,1.54283874988573,0.8885230370326495,-0.3233026554028454,-0.5827261923877765,1.4239558521857891,2.156482044205588,1.7620289658243418,1.1686781748800867,-0.2602749786984371,1.4571742941765913,2.147175086320206,1.274391212342185,2.614551658855402,1.9322817579639364,2.043675456863743,1.9116422106543574,0.4179372762386833,2.8146786056821234,3.2188581001317482,1.864896679199429,1.6345590164966999,2.0,2.562392710094299,0.8663336977741827,2.2818063022238397,2.179784991065203,2.020770854757112,2.361388348963784,0.67872534317076,-0.24418374973602638,1.69279574772486,-1.292058438226579,0.8028845405702291,1.117329095301377,-1.254592205321222,0.6315713618001149,-0.8288214982460806,-0.778533699911361,-0.22217299816570643,-2.2807496182158884,-1.513427696711402,0.3538537340414655,-0.6115776442644965,-0.7451793244254445,2.556061072807754,-1.7571015788256643,-2.0857995057434193,-1.450949413742205,-0.25034160036831465,-2.038618711376484
1.167628632322869,-1.235333412847214,0.7299049570287205,-1.527922338619998,-1.7984096076077116,-0.3469452944550311,0.6292367259831655,0.008801157494165397,-0.3179430664517397,-0.5149913378105297,0.6934771615324079,1.079139599692601,1.9158460118612108,2.4554043902648326,2.6419638583965397,2.1278975830743243,1.8152057581381786,2.146483870392639,2.671678040130277,0.07480182814430786,2.676553325325709,1.728961685916302,3.012825292654321,-0.2252410531191954,0.993787169720252,0.7467503474180561,0.475571908216314,0.5392606846573812,1.3552470215469432,2.4966626403350185,-0.0635117078504668,-0.0627493999863524,0.3357238987350584,2.0048739380075005,0.6664873430379985,0.34938658958595015,-1.5453061910748667,0.2997140416454082,0.19825048722861546,0.6161865151384531,-0.9669448216033354,-1.2954405625719354,-0.1359637059318001,-1.349277320614324,0.2087529050894697,-0.8285432923236276,0.024759944588557847,0.22901338081254388,-0.40743154134336956,-0.2277238474403743,1.188251611979375,-0.1690310354869832,-0.10813899581703501,-1.6870770146578475,-0.4150249315043439,0.3031477209541948,0.573093067919741,-0.4314063703382326,-0.8457361575720495,1.575136698238881,1.2502246922244753,2.2034562725918287,2.5348043108559355,2.8921130682658207,2.8764901953566295,2.8610456767756887,0.06053687720577405,3.0159848749146074,2.3858267869888636,2.27024347573715,2.534139020758846,2.562392710094299,2.0,-0.874574735317476,0.911046860132063,1.112013590514745,1.9545150334239514,2.423986702517601,-0.37648908363201167,0.6286072038023391,-0.0615463959410828,-0.36937009295207346,-0.22659119356786717,-0.1690103139181316,-0.8539309127139778,0.10098919370576537,-1.117180220317921,-1.2074401070223368,-0.03595567963906926,-1.7639920298158147,-0.39818052981751273,0.9464252812229096,-1.125863309381459,-1.2148511029012283,0.9218113710198749,-1.542902437052279,-0.5457496618384378,-0.1282731834782494,0.6596529422917418,-0.8929299257865444
0.6990626645475664,1.8507155495418788,2.270657959201824,1.2806098179350722,1.7076752064767897,2.10060860194337,0.6285057226933519,1.9983305001238811,2.2211694027414675,2.3380939378825185,1.9132475095476544,1.9405704249590041,0.44886417797637657,-0.257715567377792,0.0014680329425137417,0.977020299293769,0.8574068070076766,0.4013261833846461,-0.3864225989905409,-0.7767385456579867,-0.0852954761958707,1.1729806013489252,-0.2812474176950251,2.0741672285109427,1.1400551923432896,2.1038854196429715,-0.5219411503939708,1.0225925173683086,0.5856956406198128,-0.2665504095944282,-0.48944843487493817,-0.10182588508060969,-1.491103953287723,-0.7840158532461174,0.374908515900222,1.0377441802895437,0.6964246206004905,-0.4234127859493374,0.8528477942332924,1.753407073787979,-1.039997834760425,0.3586585012118129,-0.1482391735952005,-0.3630863867605264,-0.2753027473782913,-1.5373313978717134,-1.65127048144159,-1.5790020606474804,-0.5137850424274509,-1.2234517843507178,0.8701506570453741,1.93796344642992,0.13034023764732688,0.8253751482362427,2.297160224189924,2.321684761125444,1.3264705160783978,2.1057635916436133,2.013787980550333,1.110787976413591,1.7087537468611882,-0.5604864195717404,0.5541951276727147,-0.6705622490693572,-0.6845903772744995,-0.4031638967175766,1.1397210011696026,-0.4043512532308157,0.6310076750390213,-0.36935139519030846,-0.4043294099362571,0.8663336977741827,-0.874574735317476,2.0000000000000004,1.6299463809170278,1.2069166672621843,0.680606363195593,0.48593608833496416,-0.014688782851906501,-0.6171172046658662,1.754225795227371,-0.6038928475494214,0.47894680959961955,0.786621759359573,0.14713946872967731,0.2279656544293692,0.858720872803322,0.585703064107249,0.6765464877086137,0.3295150325808867,-0.507914754844637,0.7337783364499401,2.465621131566095,0.2223356639981278,0.6550816049036865,0.161196419324725,-0.9534627520693961,-0.6747233574557019,-0.4656928039739456,-0.3881437476873578
0.8646309901885998,0.8191333453593674,2.6976378493022493,-0.10227054812475321,0.3457601964588862,1.60605762744715,1.4810633434531097,2.0390492863749463,1.6653251369180198,1.9828424738901407,2.320627227422451,2.9941861216053596,1.422878862106493,1.0840688203828552,1.2571022615399101,2.3388280447951306,3.071357785641368,1.619079771047786,1.629611453703013,-1.4122077330722602,1.4367862997556269,2.652499562975904,1.6967954230842155,2.640437748117418,2.3566019757214116,2.8784135640753736,-0.885414557223517,1.681101891054544,0.8810373591864978,0.8617735710525343,-0.4708553855848657,-0.3643604010439859,-1.513875636179454,0.7049007491664541,0.611215943726943,0.8014847261780673,-0.4783447344116322,-0.9589388225378253,0.021792089319414995,1.8729793704269968,-1.963559926312878,-0.7253910361647493,-0.6256668875203825,-1.4396593023581288,-0.5174936826490818,-2.2817252149288185,-2.530149354426169,-2.1672643803479597,-1.4753328216932793,-1.8526493342456565,1.259150468984015,1.673381492391611,-0.2995252500717926,-0.566334758408829,1.7767457752788856,2.3224004360486457,1.6490622700973758,1.8049385990339895,1.6865099347548531,2.085197755549239,2.9087125650255317,0.8858055590307476,2.0347037477806698,0.9202959505014128,1.2563379011298212,1.2457455896732574,0.6450974417488967,2.021422078452481,2.4800647281571586,0.6502443108100854,1.1885832412935626,2.2818063022238397,0.911046860132063,1.6299463809170278,1.9999999999999996,2.811160935470322,2.063987784032453,1.734199578500606,-0.3935784958925631,-0.4447892638883501,2.553972775487071,-1.5302705267254284,-0.2740713316069186,0.539742092294219,-0.8173930368266833,-0.5687474582352815,-0.2650361715077469,-0.213539191771446,-0.20315046110084373,-0.951665431064939,-1.2806804856710339,0.6286755801570075,1.236137805379781,-0.8548614589851702,1.6027141815038668,-0.70765356923877,-1.9492899286879986,-1.578609277855323,-0.8283143203515153,-1.2881734664787245
1.2737198756664414,0.2880745386200019,2.6348647098765343,-0.4649036170557578,-0.1691426076522492,1.5899904651443868,1.0499068127572677,1.1709717480597366,1.1498682093530639,1.4263990259841668,2.2035191826291314,2.900649642694604,1.8621180416631558,1.5223940199183166,1.86843096550465,1.9731414467769341,2.496772313207846,0.8901876231989618,1.5243002662389642,-1.6618577779777208,1.4027539331321441,2.1421048889812377,1.3598259056739213,1.8755537922684886,1.7531293041544371,3.1225572602443394,-1.0418612995358887,1.395862667894698,0.8129388543203866,1.4677083688569907,0.0611351736672598,-0.3418935924994374,-1.5910902793533088,0.02526291383763589,0.23644380021080008,0.1253751407158924,-0.6703516408475227,-0.3785735456258284,0.36805498551803917,1.5931753178068662,-2.1262374190932833,-0.4100269569241135,-0.08333859119281939,-1.416181668984254,-0.7885147164604767,-1.8454858952968674,-2.2340260931414755,-1.8646618699206876,-0.9090634858840991,-1.58158523896543,1.9088693649781519,0.7413694544377232,-1.0506217846098869,-0.9416829417258674,1.4446512404017278,2.2894016958815118,0.8152190914427554,1.1677338254349374,1.1972407384042554,2.2137833334361137,2.583305974946489,1.3236389137374243,2.417122942414015,1.3213418977588778,1.3573347243969875,1.7805385382142571,0.0611676092638789,1.950405932084439,2.1819460202450562,0.09748734061419059,1.2538157610823553,2.179784991065203,1.112013590514745,1.2069166672621843,2.811160935470322,1.9999999999999998,1.9763793453287168,2.4341412902469477,0.0669124797754337,0.13560336331658232,1.8590331026152374,-1.2534975793022456,-0.014802945015267813,0.4393853772613007,-0.794855226354345,-0.3719551111241646,-0.35073337241472113,0.18004967735477428,-0.48147233525814104,-0.9518796365005417,-1.093782122269802,1.1979160883065623,0.8628120525272882,0.017469818614590904,2.289521269913708,-0.5704032849480529,-1.312528749212655,-1.2067608315606324,-0.3531145376741999,-1.1333478984962646
0.8192430912809754,0.2421688001126288,2.2270603447811808,-0.6060655102720206,-0.4120624715645921,1.337214162778833,1.615836781968421,1.5896981937156545,2.0247972831122287,0.6020386147111593,0.6822557907061817,1.3890598339366549,1.052174713133903,1.2768968172710982,1.7565153757094913,2.2294534841004396,2.5558668598967538,2.393393155729226,2.3729095378229026,0.5551297920280411,2.5394628926942673,1.8576232076589148,2.4327698032050398,1.5940121559978122,0.9950644997234424,1.8073958491886981,0.993342814133583,1.9976536069548771,2.7545178150360563,0.9179881701203014,-0.1024662182998203,-0.7084523577112583,-0.3358043256727039,1.3288332406896148,0.7743536602060558,1.733360184916962,0.3374259917367597,-0.8450044956361417,-0.8638592093424918,0.5328361865198221,-1.358854695585848,-1.282564375233838,-1.1168897459516458,0.12215065749345749,0.4189610516320404,-1.0905556598782873,-1.6848218121785643,-0.9141590047683059,-0.07995296107551825,-0.5556603091871632,1.0484471097197523,1.4875808236394041,1.3160296991366347,-1.1407561413108338,1.3024793992447292,2.0393770902448427,1.8305049664330797,1.738695761700635,0.5324695460853563,1.085029608388466,1.8777284752634504,0.952098938206138,2.031791185680933,1.0737736416569736,1.86133934713403,1.7069455553033452,1.6540541998374734,1.9677442851947498,2.294369004898962,1.8179717945845673,2.475877969184266,2.020770854757112,1.9545150334239514,0.680606363195593,2.063987784032453,1.9763793453287168,1.9999999999999996,1.7303577864449928,-0.0884725612414555,-0.06049515184347315,1.2597533519106823,-0.6903187628098917,0.1718728240247746,0.5447261058975337,0.31490229233094313,-0.33058272926459287,0.70138563518375,0.47265065390641664,1.491356706717876,-0.6135040034557443,-0.43073374829896277,0.2777911133116004,0.09597439764009441,-0.3126327103665114,1.084619119707216,0.3461967673043563,-0.464329903799695,0.22751410870192296,0.8368354876946219,0.06629138998433537
0.9697753730678513,-0.38237271720620347,1.7870717253314319,-0.8727323746058367,-0.7151877095247001,0.7478182524072011,0.7466768055888066,0.3881510590116369,0.4778276171366721,0.2359224970227582,1.3126079259416925,2.1418525006172877,2.182873827783583,2.4245184392721004,2.890979537872946,2.3064056240577666,2.2318547020210984,0.7645246668131576,2.2656821467492843,-1.7431072527689664,2.23285533317398,2.004891604502717,1.9598633763662172,1.1731498573979775,1.440993554535623,2.3934373823333597,0.08969758510992198,1.5993251908110218,1.00871917676242,2.76761413609753,0.3244833879111523,-0.5554294374346738,-1.2506546220830734,0.35103672456592083,0.8459344243181324,-0.2056986538733844,-1.020260889497747,-0.1443078794766006,0.7518296551808527,1.336475265712636,-2.0456638546358152,-1.0770145810537501,0.32118432621803383,-1.4786134135758573,0.0429418651030333,-1.2779856478630531,-1.307466136606704,-1.207834587662818,-1.12791889321766,-1.4881636103330425,1.519364666643682,0.2956800295637473,-1.307873357635239,-1.197359938222394,0.8123396897911315,1.4356440742036605,0.3518431225808255,0.427609838517775,-0.3365972779578319,1.8287047996590693,1.6726325583995652,1.814108937733464,2.9620015329092007,2.435173352391375,2.5091997392444436,2.953772388802662,-0.8531426620721196,2.324134607095252,2.211768146581317,0.3755223962708891,1.9427489023950484,2.361388348963784,2.4239867025176016,0.48593608833496416,1.734199578500606,2.4341412902469477,1.7303577864449928,1.9999999999999998,0.4156831322568301,0.2826302726226489,1.0477375213525035,-1.202705306556377,0.37972182731577064,0.28971682942107574,-0.7784270005729576,0.148438222140795,-0.7180718263351777,0.1719955007899508,-0.7849765912265017,-1.3378605789928546,-1.1008265030854238,0.8617450832219193,-0.05665244371146538,-0.6076751121711337,1.654661918504142,-0.8722454238956671,-0.5751879968717801,-0.9195817221076212,-0.25858142044440185,-1.4988043715131303
0.981013635888105,1.1748822010519178,0.5980532615262018,0.5143560705366679,1.1381726987873624,1.0263830085593177,-0.7504297286560262,0.6475832129652845,0.5355014047857001,-1.2024639485449011,-1.3114679854683413,-0.4336102206182767,-0.4035641585537192,-0.2596353183406833,-0.22696954397120478,0.605600690366354,0.2109713932834828,-0.034814431728710515,0.3136423463863874,-0.6380662107962916,-0.5295082313851357,0.4340724392850844,-0.8611851682605741,0.7366924197977663,-1.1006898664368108,0.5786582207527018,-0.0838126897255834,-0.5405375482057598,0.48100110369711624,-0.6881662080247846,3.0113978573158544,-0.4703333187141351,-0.7800497387084383,0.08006834777592581,1.0870729397419097,-0.024275149872942298,-0.6021793592910957,-1.26846475511018,-1.467110107691605,0.1385358862159587,-1.4410377438161417,0.8362514332828128,1.4422156057625457,0.3130197349386791,2.345544990830488,-1.406855153322062,-1.2231548248721698,-1.3608793859558843,-0.2100999162511743,-1.3887916283042108,1.4964995743326521,0.1999567503760581,0.018135196867736597,0.9949897507090779,0.990861644578285,0.8378938128860304,0.6891991141269812,0.40658838739620196,-0.9192406350343951,-1.392081806989273,-0.909123987379836,-1.1928920286191287,-0.3904636421230408,-0.45009290761966236,0.0064756460806585925,-0.3123947710576907,0.1789586487382655,-0.0332931176302647,0.7522143842430519,0.0808713044845596,-0.3836019863173076,0.67872534317076,-0.37648908363201167,-0.014688782851906501,-0.3935784958925631,0.0669124797754337,-0.0884725612414555,0.4156831322568301,1.9999999999999998,0.3109604876035561,-0.0781226956519219,-0.6294902575063113,2.6623130748489587,0.5636127013340744,0.04564904268174991,1.0550951086442266,-0.32486842335651533,0.3453643781065755,-0.010841387191006698,-0.7019540845950236,0.11325368981503389,-0.9068627741134121,-1.3741805242235374,1.7308492605830985,1.4698763782698412,0.5986800792555607,-0.23114269295837958,-0.315895779408429,0.3339113652753692,-0.782063910776058
1.5439541436263773,-1.3009059825807872,-0.4803340003282872,-0.7302466863997426,-1.7861596499166832,-1.3281388530192162,-0.09045464740981231,-1.4047464560618363,-1.500099670889952,-0.6831661180522504,0.4056457186526817,0.214970694539333,0.41681267101973285,1.1980418617251272,1.2148238932629787,0.09595485939394044,-0.7878049180327849,-0.5696581155919376,0.548756797341313,-0.09456789751187669,0.568198632828915,-0.594500205323026,0.2497134673135023,-1.2841799121236201,0.0462548538107602,-0.47739214044998046,-0.961437318747654,-1.4641809772989807,0.3108034760007043,1.0709020487097227,1.3732562423909653,2.9348303308535475,1.527145570965434,-0.5200616269054243,-1.5866127481078212,-1.3779313829988113,-0.2904483704605832,2.1743073348489865,0.3831247140324131,-0.8707763974580233,0.4020117650663607,1.0342604410897753,0.1879578060637143,-1.1286680776272267,-1.22619501932247,0.4002196264767741,0.5203220539409255,0.7280154986719662,0.6384817278790248,0.8113619591578376,1.4960993704779726,-1.525103555883558,-0.6062053478199227,-0.918045826330541,-1.8312482503372403,-0.9505110971176041,-1.6176824150857114,-2.0806737863708644,-0.546731583061951,-0.1381936671909726,0.25391996533895533,0.8731782396447094,-0.3343903381772313,0.4379518650155574,0.9153041312829875,0.9849294141544183,-0.3452030455423378,0.48811866040990437,-0.10805016482036368,-0.42675240620509114,0.6818957306674331,-0.24418374973602638,0.6286072038023391,-0.6171172046658662,-0.4447892638883501,0.13560336331658232,-0.06049515184347315,0.2826302726226489,0.3109604876035561,2.000000000000001,-1.1138808949427288,0.2631153598093612,-0.8023071518917908,-1.2806701059224033,-0.4364114278359058,-0.5397724211253039,-0.29381517304326343,-0.8588153082950409,-0.6482003330714,-0.1431961524014875,2.075121640315874,2.3018770639479365,-1.0035681856790488,1.6119582831598283,0.8719394439443815,-0.6729761110206416,0.5399243485829868,0.31349233096182805,0.6511893723789264,0.4238457749285365
-0.33829819919209747,1.9381014763119624,2.3826136504230546,1.0547869149781468,1.9950399617631969,2.244732524048674,0.8122510436530838,2.6056510572524134,2.3027889727816087,1.7479402497151437,1.1204448932613973,1.7258346804541245,0.5825029706898209,-0.4844280274219288,-0.35823233886127887,1.3732263253991024,2.174394276702735,1.1550018286254546,0.183254949767379,-0.7267195347258917,-0.12228235805973921,2.420910492388574,0.3474482590659631,3.041867480109056,1.247237019364468,2.708840518388056,-0.3031595688688069,1.7312758174414893,0.6887235526124099,-0.5226906528853568,-0.4858242748353466,-0.8571386143795283,-1.2647126961611639,0.7353640542368828,1.6523470959530984,0.9336493004680365,0.5336666445601629,-1.8514366153737374,-0.499112803373093,2.036435263972778,-1.0878521535266312,0.5138787286082868,0.2295879163677648,-0.4009112284660654,0.46718915807793626,-1.8585391263059403,-1.7764962724150046,-1.9856824835340836,-1.9395828749831399,-2.1143641033417415,0.1140844160975666,1.9174507347446168,0.028953137037937594,0.4892733554514881,2.564159498745443,2.3925706990415714,1.8789798344580753,2.512904279855805,1.4022857285355912,1.1136615370377854,1.9483422308535978,-0.3061050830536859,1.3176846554951775,-0.3428980383002525,-0.38379125769108446,-0.4839068165092115,0.7173018171989785,0.83864961691247,2.3453212130212044,0.43907445853068117,-0.22039871582026627,1.6927957477248605,-0.0615463959410828,1.754225795227371,2.553972775487071,1.8590331026152374,1.2597533519106823,1.0477375213525035,-0.0781226956519219,-1.1138808949427288,2.0,-0.2604931653760107,0.9060052036444911,2.0671158073781055,0.6537070942933012,1.0327619267126187,1.2069311333695592,1.3606413266964323,0.5314949115380918,0.799886151447698,-1.0048781548311467,-0.7411736013767609,1.3257241286236054,-0.2144293480035962,0.9753496243733968,0.4599831634050645,-1.1460440475938616,-0.5775401971776488,-1.5393428751608342,-0.9168234181002257
-0.403694619041265,-0.8281648811109625,-1.358876752837422,0.4061297703016882,0.0639671908241147,-0.3509102665983146,-1.1565839226625736,-1.1441194837256288,-0.5983235467252598,0.0998815338482498,-0.5572075728271012,-1.155314573369456,-1.217761261880939,-1.492301375425746,-1.0658868874861223,-2.0798260904208843,-2.0339963729915906,-0.582120032275184,-1.7064392494785143,2.0708238219282005,-1.1930826932820064,-1.6861555007498568,-1.2141197184236163,-1.3661230999052831,-0.6804146298247173,-1.4900158140177018,0.8130982755614942,-1.001346738775636,-0.05597568696214511,-0.7481846795572884,-0.1137066059864076,0.7063497232147452,2.082098827611843,0.13990207622844714,-0.33472269106592656,0.7273460132165597,1.6681909478852108,0.928635883098019,1.0318496880531214,-1.1208282874223947,2.900739047447991,2.0787580363809948,0.147344101802914,1.6321069213007615,-0.23959053851311912,2.09336645316447,2.2528479002995745,1.8604437769340851,1.972257547956847,2.626133792194536,-1.1420414073871485,-1.3575498330260078,0.179147354243003,-0.10674566575321282,-0.7700451565107038,-1.1208844426009257,-0.7222506733619847,-0.987688666786251,0.2505144809229931,-0.7300762108433397,-1.2526362402901632,-0.7980785650095976,-1.5032443059779226,-1.3942316418931704,-1.7921525125738942,-1.253711226600302,0.8613148682202423,-1.4167096609091414,-0.8292832604187235,0.5607570413281512,-0.6511645750520108,-1.292058438226579,-0.36937009295207346,-0.6038928475494214,-1.5302705267254284,-1.2534975793022456,-0.6903187628098917,-1.202705306556377,-0.6294902575063113,0.2631153598093612,-0.2604931653760107,1.9999999999999996,0.6997755466724322,1.1946223185623632,2.146371596202598,1.8554427268918539,1.9221961824851277,1.51416649151954,2.144525266814294,2.5637562657351145,1.888646337297361,0.11961494390229152,0.5718292499027878,1.6101955224982551,-1.2730005562621245,1.7645244057691527,2.2467262988381176,2.8413687475863445,1.5315046056665265,2.6152351166769816
0.5776395252155523,1.5071819097256571,0.8261178288784619,0.8931560589802406,1.6472589030040852,1.741715082299903,-1.2542198198526435,1.1115886097132976,1.4204919706249777,-0.5313553399520564,-1.2765866753587374,-0.6599029406384336,-0.7143541723610635,-1.1175766293744507,-0.5619132032598955,0.1968913891250563,0.1745480399377599,0.3644023700347427,-0.4204327912926523,0.008023363124403687,-0.7409292895099517,0.24439756259693812,-1.0569688246109712,0.9891526724027044,-1.2581323916793659,0.7663534834555078,1.0722239420803383,-0.0319012133722249,0.9064592323804781,-1.1995423528955418,1.8061435180248147,-1.1897563654763963,-0.478371091041665,0.4582184849673213,2.025057828838765,1.4877794539108777,0.6560833841436322,-1.9450651102745016,-1.081845142682428,0.0260667844357481,-0.6525189127315462,1.110487473031157,1.0537703418260085,1.0691252495676635,2.720986585813793,-1.052023444995494,-0.6044309115171005,-0.940646117214981,0.31387903024204744,-0.6617061725770703,0.7218518811141885,0.4990959376910747,0.16716794425677392,0.9215324510216913,1.6862031921222238,1.1883859807515496,1.399536643244403,1.292711370723116,-0.5906181492964604,-1.077628194695758,-1.0762902459739183,-1.591392652670546,-0.1940265813239098,-0.9006921759858206,-0.8183668889087573,-0.7308734721271164,0.7055865672996338,-0.3609152177024072,0.7473020405046944,0.814481864121119,-0.5879357805381618,0.8028845405702291,-0.22659119356786717,0.47894680959961955,-0.2740713316069186,-0.014802945015267813,0.1718728240247746,0.37972182731577064,2.6623130748489587,-0.8023071518917908,0.9060052036444911,0.6997755466724322,2.0,2.2103284167045505,1.4991007056033263,2.6814813974783105,0.9813764096301081,1.5119257293340318,1.3763178508897447,0.2725069076867712,-0.1870606415268167,-1.6310708389484332,-0.6569001764827307,1.5407663276434764,0.8152159280170563,1.2694251647805104,0.5058395194568974,0.6307600361665606,0.7380299345752097,0.05179552361759229
-0.522387972721596,1.6402129270426267,0.9924475548551783,1.32947623382685,2.25691167810621,2.0804942744735913,-0.7885754263069811,1.4631262651689552,2.0847072861665312,0.4010009716223015,-0.5307296253222991,0.021293162392078124,-0.830086970392742,-1.7358419001688052,-1.1876468117356267,-0.37224343750512734,0.4133475827714944,0.6360812270960937,-0.9953985518001395,0.3305837008425005,-0.8470812654588892,0.6469128311105936,-0.87187023298479,1.5698923989031515,-0.4932750749977091,1.2219339149685586,1.101113708980844,1.3433138563591087,1.155311558217365,-1.128425354476539,-0.29565698649729066,-0.9477304547578371,0.04524463541309509,0.49248207967335655,2.048191755530155,1.9962497724840658,1.8732644216670047,-1.8341079612288214,-0.6128709954700198,0.4018050662268553,-0.2431502757282039,1.308299345296318,0.32091864806086073,0.876130953137274,1.2044515248497922,-0.6805977831279596,-0.3523023487425774,-0.5903889936680039,-0.07392668010508541,-0.4421370428760806,-0.4844382704271504,1.2107826573991325,0.6354926099830323,0.9934002815125222,2.0756426196068958,1.4618063412041042,1.561180132983135,1.858889563868864,0.4041652741733688,-0.3584947903213873,0.08289370179603534,-1.5846218398146164,0.025130977686601996,-1.4551598634914515,-1.4371026502322548,-1.3262465616424,0.6241219741205712,-0.6064219345042645,1.009550855754178,0.777480986679031,-0.441128296623632,1.117329095301377,-0.1690103139181316,0.786621759359573,0.539742092294219,0.4393853772613007,0.5447261058975337,0.28971682942107574,0.5636127013340744,-1.2806701059224033,2.0671158073781055,1.1946223185623632,2.2103284167045505,2.0,2.3778064365439415,2.745045475375772,2.1564597415505955,2.2802185274764923,1.7644805936429204,0.730885098043208,-0.4048694563524861,-1.3861545325474756,0.25496241854157087,0.8577604605505967,0.7116737104524031,1.009173898541766,0.21369277428807587,0.8246055529012435,0.061797478823521185,0.4338054479142414
-1.0427347820369255,0.5560175504846544,-0.24609288177732122,1.0689708171416437,1.153984558708602,0.560009535646918,-0.6842286510566055,-0.0749510411430125,1.039462447114464,0.11183035381783238,-1.1969407709170072,-1.2457556742703983,-1.8159753780573156,-2.011350462353252,-1.5945400581168254,-1.6746742503054428,-1.0190943453009398,-0.5106476075102446,-1.4327770910625146,1.4789731979505225,-0.8746142105139799,-1.654146671716926,-1.3022766328189885,0.2709638357241527,-1.177723009381234,-0.6041133283955554,1.967227855983086,0.3667166838398665,0.7413129142588168,-1.5136075318854463,-0.3053495016025275,-0.2242335171633209,1.3505689201750086,-0.6183270671204444,0.3413684322550603,1.444372679660333,2.534937976695392,-0.30840706317157573,-0.1381172900649967,-1.2641791963822602,1.4038779522160185,1.2915354007559552,-0.5664373909106769,1.8390584928122635,0.2155447734896201,1.5526128758925282,0.9882405897328521,0.8613351085932905,1.2534389926047704,1.5470869212928717,-1.1862442219375975,0.35761745536106027,1.2351330891115615,0.5651715678731124,0.45181227276450747,-0.19348813166678258,0.20994019959920124,0.617929731456598,0.3675337355694086,-1.0332331629455298,-1.1763271281198098,-1.732974587171371,-1.1548511215320383,-1.9953796700937572,-1.7448274908645298,-1.5890114675599283,0.8192738273640789,-1.635638796643315,-0.7048299872485922,0.12885152425724447,-0.2821122161491175,-1.254592205321222,-0.8539309127139778,0.14713946872967731,-0.8173930368266833,-0.794855226354345,0.31490229233094313,-0.7784270005729576,0.04564904268174991,-0.4364114278359058,0.6537070942933012,2.1463715962025987,1.4991007056033263,2.3778064365439415,2.0,2.178771763463849,2.5366723111895784,2.464836871798466,2.312341960326104,2.4283874438080453,1.1271624931769222,-1.0353431895096952,0.5232798413907853,1.6270879122071982,-0.9575283630182135,2.1661844831573123,2.2044186310679095,2.4570937934238297,0.7733138400876797,2.2948936563677886
0.06217674396954931,0.8309821902616326,0.3742171419634416,0.9806055405740124,1.3708448439838428,1.4881100024536595,-1.3188821946967872,0.48259580343828307,0.8938832506011534,-0.3260143316589804,-0.923083071946845,-0.7086912406587029,-0.832168712176337,-1.4456164406875591,-0.7747361386105787,-0.5454316169128558,-0.5155555577481437,-0.0339482615536002,-1.1275904664831826,0.2974579573762917,-1.0474926534620543,-0.15985804146178179,-1.4670298509558608,0.4473735193511824,-1.178360935216321,0.20335399936469728,0.6280766139711802,-0.2807525133034881,0.7480439620991451,-1.1375069540523348,0.4960413457480589,-0.6110895155717266,0.7145151124485902,0.4224649758705372,1.4528545099057726,1.411893735502519,1.3867719341593179,-1.0495401669390574,-0.040954490008795974,0.039119045380136996,0.6080894682653375,1.6694115934913314,0.9521109110755104,0.8084371219742013,1.4372722891267038,-0.14725702995040313,0.7490959287866262,-0.003835686749243908,0.5607105267447554,0.313058277878301,0.11170745976807928,-0.02258249400264241,-0.2044036976889447,0.6244319127174321,1.162086908283214,0.6879942561388702,0.8625258462748708,0.6420619368376683,-0.4981587128593644,-0.5914226296292884,-1.0802277276030838,-1.4086209763007036,-0.3556108452615273,-0.9582727841524173,-1.1653237267535934,-1.0369964647835488,0.6895148900584321,-0.4545463181349447,0.6437459051488513,0.6031348192165047,-0.8683598925109537,0.6315713618001149,0.10098919370576537,0.2279656544293692,-0.5687474582352815,-0.3719551111241646,-0.33058272926459287,0.148438222140795,1.0550951086442266,-0.5397724211253039,1.0327619267126187,1.8554427268918539,2.6814813974783105,2.745045475375772,2.178771763463849,1.9999999999999998,1.5563709430238941,1.8003974479122453,1.3773054972659793,1.0349702403824947,0.4637062222819981,-1.005815676283766,-0.24139654059464377,1.307105188457716,0.32327960014614543,1.1245153446428657,1.1189533420477127,1.3949909107678624,0.7529026685782685,0.7059826177594125
-0.30851351503215574,0.891484208633841,0.1537827066874288,1.395714727342352,1.5995448356693467,1.2792618535038431,-0.3125439583432234,0.5967745060773831,1.466312761655262,1.0750524136812396,-0.446792516572059,-0.45652723067989587,-1.6820200982104483,-2.278255882210822,-1.7928749672681215,-1.1353831473235552,-0.9274089399505039,-0.38705309329789556,-1.8183462403498707,1.4380862908272842,-1.370075352698326,-0.5705139951222691,-1.6371940350802212,1.0774116856376608,-0.7529556120246179,0.3376491157445974,1.4592393812627207,1.0061585616655189,1.0169981185534271,-1.866722292959485,-0.1296149712808335,0.393660891442533,0.9913796809501949,-0.5319062870691726,0.8508067930878561,2.012687256122418,3.4156693801130507,-0.3952710002166713,-0.05622274721167839,-0.5715057813244163,1.4237151719130074,1.9184202732784121,-0.3410487743472495,2.1203847580328663,0.2104792953380657,0.9586012841153152,0.5403950680390995,0.6660623681542548,1.3954521828503834,1.2908807812825918,-0.7259036840236844,0.4928717347877496,1.234386830195695,0.5986625276967822,1.149544385259012,0.4442239437644425,0.659586420841278,1.1917039023973,1.2229652226808299,-1.0386086125570384,-0.4433720451658919,-1.8933578414009835,-1.0874401453342308,-2.4468934328057688,-2.317474519761476,-2.0671053838028497,1.4529572992569275,-1.8842926935298925,-0.5922028410598524,-0.06889694918226168,-1.031978017194829,-0.8288214982460806,-1.117180220317921,0.858720872803322,-0.2650361715077469,-0.35073337241472113,0.70138563518375,-0.7180718263351777,-0.32486842335651533,-0.29381517304326343,1.2069311333695592,1.9221961824851277,0.9813764096301081,2.1564597415505955,2.5366723111895784,1.5563709430238941,2.000000000000001,2.8550481197234543,2.7799437548118013,2.1346984414405954,1.2266675004200809,-0.8901195408819094,0.9729494153083589,1.3612163353780593,-0.8159418256623243,2.3394265643730705,1.2950685541418443,1.9626326428031793,0.8860334646945363,2.1753753855662326
-0.6673012341091673,0.9261979934019555,0.45018975367683733,1.5057753867692325,1.9204543619579386,1.5630172274280483,-0.4327694499905867,0.21677739396358242,1.3731311384778326,0.5801017580131703,-0.6090914425093039,-0.29091004623917704,-1.4100403952452312,-1.8764860001612442,-1.2853696884164423,-1.0993496144871138,-0.554937188502231,-1.1283767907604871,-1.495487369724156,0.4748369244904995,-1.1800672451020149,-0.8608789991408925,-1.9578558917442042,1.1668765485253778,-0.7838579670338841,0.7450918895858125,1.5250152614412413,1.6262971608475743,0.42188628734579664,-1.4643614021812303,0.0660151106825303,-0.6084924353165133,0.1325959683335989,-1.146301901509824,0.8402141144539657,1.5319391215258804,2.7443354663378945,-0.792482136210189,-0.07885373840822368,-0.582786716339388,0.7500965995177573,1.3693324200896064,-0.11088810476610261,2.335175739305587,0.584933567838732,0.9326106253054616,-0.07713729064222749,-0.008044155326490915,1.1091645653489426,0.6276319292447103,-0.80256252241604,0.5407157359480271,0.4279162619085829,0.6711588142924982,1.4714973295284899,0.815583471189358,0.1812286200336788,0.958119661233896,0.751810213944543,-0.8716446495511289,-0.6495599607556647,-1.7519782705266391,-0.8155054951886685,-1.823151252412223,-1.8859689728471531,-1.4879344776677659,0.773606116319709,-1.671814245745603,-0.43461156351154506,-0.8322144668436661,-0.8595477354989345,-0.778533699911361,-1.2074401070223368,0.585703064107249,-0.213539191771446,0.18004967735477428,0.47265065390641664,0.1719955007899508,0.3453643781065755,-0.8588153082950409,1.3606413266964323,1.51416649151954,1.5119257293340318,2.2802185274764923,2.464836871798466,1.8003974479122453,2.8550481197234543,1.9999999999999993,1.9527263335848715,2.0182063397936383,0.5456953720521499,-1.1353073274417929,1.068163966600003,1.4780020524640054,-0.621179334174096,2.8348172049863045,1.4862165859654608,1.80074802285863,0.8085927432656003,1.6551792266043859
0.5199560744417552,0.5198045444456311,0.5275452154245865,0.9393034568738229,1.1547987629006762,1.5148016064286907,-0.1718568969827643,0.864064176170987,1.8097149980554388,0.7119296417554593,-0.659184033611212,-0.588662208516388,-1.5030123701475118,-1.620877105755918,-1.0321106306143772,-0.39620535447287375,-0.438696751267065,1.0776549216990006,-0.8649443349760277,2.622374615214638,-0.26237302122328515,-0.3961512033367542,-0.43200640372606697,0.4702272532489832,-0.6795931273776687,-0.3629749400140513,1.9961205168250935,0.5253382416215092,1.628971001722027,-1.4432815829536625,0.07799050261801763,-0.3979441912241661,1.1738337956444376,0.7469469937515631,0.902908820679278,3.070857279172503,2.3102758742470435,-0.6963358204063936,-0.2567391539624798,-0.6261090480328587,1.4513651147792341,1.0303539601117007,-0.8111932255193341,2.1921254698408084,0.7678786108434295,0.6479613722692724,0.5293967039564098,0.9628918084558648,2.3822207893537137,1.9113532214932094,-0.26916704321068696,0.7277141387684396,1.9540712719027333,0.22399580642971112,1.2078734543733265,0.9872925729543469,1.4044295037767198,1.3201849507511185,1.051769231607498,-0.8954180341907628,-0.3880192148483661,-1.5536036091749363,-0.8511896375247424,-1.705593950173407,-1.4326984302687236,-1.230611370498373,2.6726213652077178,-1.0712637281606332,-0.05339605560221006,1.5019688074748057,0.27100529376902205,-0.22217299816570643,-0.03595567963906926,0.6765464877086137,-0.20315046110084373,-0.48147233525814104,1.491356706717876,-0.7849765912265017,-0.010841387191006698,-0.6482003330714,0.5314949115380918,2.144525266814294,1.3763178508897447,1.7644805936429204,2.312341960326104,1.3773054972659793,2.779943754811802,1.9527263335848715,2.0,1.4383127647858498,1.158234267042503,-0.6693997741234055,0.7489982892185859,1.2730207927359918,-0.7360593099836745,1.9756749559746503,1.1101534832873865,2.298287234187396,2.4575913209724933,2.3877759477528353
-1.0520133233716666,0.3241310049094838,-0.5925156606809604,1.3481396921455429,0.9657399148754107,0.17592076982550497,-0.402386930814291,-0.5545374792658877,0.16757977339378163,0.9013369283633483,-0.4493095309370518,-0.9231737931140216,-1.6616064411066542,-1.859363598746666,-1.7858667615253467,-1.9230376749365812,-1.508822452099089,-1.4126585225949353,-2.0692669597393434,1.4096211026516237,-1.7258672476599553,-1.7797799353263444,-1.8745521924021613,-0.06452486877542782,-0.6179405427285078,-0.8239402797618383,0.8392982226088833,-0.2992135593886086,-0.6741202454787646,-1.5095820423346358,-0.238191495754214,0.3670206494075111,1.4301195559426327,-1.0113460246986758,-0.4478821319921685,0.37472464323941534,2.139056430841324,0.7228170907337542,0.8318886826588918,-0.8588516274837704,2.7142608302148385,1.6939043965125893,0.05157368147112047,1.9174359102961385,-0.5730387879823624,2.2879953967949156,1.5888951562341136,1.2532072798761886,1.156497075500035,1.8250527426106142,-1.3299547351417802,-0.1668070879693473,0.3317258560384454,0.8484112197340132,0.1950766295364458,-0.5775417567656409,-0.6618772317325105,0.021930509541138288,1.0456428093522832,-0.7351625020082735,-1.0621190691550655,-1.436930381935697,-1.7213161368613572,-1.9679181367810203,-2.233087522457701,-1.9573315720793403,0.7218657417304426,-1.9544611557450127,-1.4254844357214733,-1.0338099960908738,-1.416496980945455,-2.2807496182158884,-1.7639920298158147,0.3295150325808867,-0.951665431064939,-0.9518796365005417,-0.6135040034557443,-1.3378605789928546,-0.7019540845950236,-0.1431961524014875,0.799886151447698,2.5637562657351145,0.2725069076867712,0.730885098043208,2.4283874438080453,1.0349702403824947,2.1346984414405954,2.0182063397936383,1.4383127647858498,2.0,1.7948107955469819,-0.4299185419449661,1.707663839125233,1.521064131589591,-1.6361816587676348,2.5329113377392574,2.439213231058643,2.502308288021962,0.3193542251795592,2.439273468618043
0.7101969928894594,-0.8763036950617503,-0.96168411559145,0.7027025489596714,-0.41394801877423393,-0.7787701747674927,-0.6570186730556886,-1.4544039720237028,-1.105125273281311,-0.3076281382039096,-0.6034329221299721,-1.0766687144314182,-1.58854850912937,-0.4108973579192348,-0.4213590231744168,-1.1460595454414753,-1.8703013469261847,-0.9171658724814608,-0.7965794580730612,1.5729302060397252,-0.5728097932333595,-1.521906028222051,-1.044756693432701,-1.1407230366871914,-0.8597015766735387,-1.5193073045465009,0.1706171809160335,-1.599713873974578,-0.12205157801527461,-0.5210487320175698,1.204264041108251,1.839458123312218,2.6481019938248913,-0.2755424201821814,-1.057340155718735,0.008841971019043826,1.1493392576865866,1.6796503766680289,0.6755221989394151,-1.654061016923056,2.214903125449124,1.6125358932917193,-0.05182665595270371,0.9916866470630404,-0.8607341687893271,1.8770229514170051,1.7486192076203033,2.019928138500034,2.020702994894446,2.4383330670423176,0.315570079736925,-1.1690352052712534,0.40308370122213244,0.276002588601378,-1.1395688895962448,-1.3301325981805188,-1.3139124355791523,-1.6197433520987836,0.19364361936109759,-1.175286263752946,-1.2202954975415363,-0.955666162818775,-1.8028650152473906,-1.1140615369129345,-0.8477622560114868,-0.7514621918915765,0.7971795919514173,-1.004701247908569,-1.215597112082469,-0.5998431607504974,-0.41583871810811657,-1.513427696711402,-0.39818052981751284,-0.507914754844637,-1.2806804856710339,-1.093782122269802,-0.43073374829896277,-1.1008265030854238,0.11325368981503389,2.0751216403158734,-1.0048781548311467,1.888646337297361,-0.1870606415268167,-0.4048694563524861,1.1271624931769222,0.4637062222819981,1.2266675004200809,0.5456953720521499,1.158234267042503,1.7948107955469819,2.0,1.0317962812656338,-0.025828275438098014,2.2018911126292813,-0.41826578170735973,1.2995402293808946,2.19451225156462,2.2296515930358964,1.631850773752963,2.38169027660165
1.2962594639445315,-1.8307780837127923,0.3760925210043927,-1.1003440584933757,-1.918217430681422,-0.8688107784676187,0.45401998862526327,-1.0200341106461528,-1.0121419033481707,1.0313211031622276,2.1844494715760407,1.9492319709988701,1.474003373100068,1.9904055906550768,2.0613559924027007,0.378938318970035,-0.031199425141530096,0.0015488498851327082,0.847558522513808,-0.588412847362068,1.3132707398795043,0.0351605495204775,0.958962533519059,-0.8963186047223701,1.758127328155492,0.1894373028754606,-1.621490175969717,-0.810082759286358,0.25823645705363835,1.9834431572114752,-0.019426266094905394,2.2973523463662224,0.3021106489902153,-0.7632961504130134,-2.1699616241568096,-1.164311213564106,-0.9057114308507039,2.679720578282947,2.1085414881010074,0.4366052565864452,-0.0352337442995954,0.23431508976076737,-0.3751246311809525,-1.5514175031140447,-2.2777579040704383,0.005763771173477501,0.0362462019880253,0.125225091512576,0.4129965031144045,0.5328725287205075,1.171389193913328,-1.3349121242503954,-1.3285413001702802,-1.6929826100698495,-1.264153327963819,-0.025123010738752727,-1.4869026473030391,-1.5486116196194732,0.8084281119398204,1.6824934381511532,1.4974484147691325,1.879888390648917,0.9213161947542172,1.3673612160842956,1.2720337928736538,1.8430478202395608,-0.2481410552996137,0.7429568221960003,0.3103283462598472,-0.39699282058089236,1.286570027313266,0.3538537340414655,0.9464252812229095,0.7337783364499401,0.6286755801570075,1.1979160883065623,0.2777911133116004,0.8617450832219193,-0.9068627741134121,2.3018770639479365,-0.7411736013767609,0.11961494390229152,-1.6310708389484332,-1.3861545325474756,-1.0353431895096952,-1.005815676283766,-0.8901195408819094,-1.1353073274417929,-0.6693997741234055,-0.4299185419449661,1.0317962812656338,2.0,1.102234397758694,0.527270128232179,0.8328166949990954,-0.9964688201994554,-0.30730914003900967,-0.26018863452833974,0.602960584297712,0.0593998757492088
-0.3378272486264411,0.8375763528813462,1.243739425953912,0.9763744320684482,1.0431444055151884,1.142187543320715,0.854974441125779,0.8651804413963573,1.3091448113964184,2.720515194124867,1.9497135324991466,1.7970029994939127,0.13240518842969753,-0.34205954637617797,-0.15703018711749372,-0.2550564018895603,0.12888183601033418,-0.29635667918574893,-0.8996339947306573,-0.2275242134645769,-0.2283794292675581,-0.0692998162069351,-0.3959420503956297,1.1733054846936604,1.4474125562702431,0.9780881886340712,-0.38441324364393603,0.9683945448926967,-0.2035922114949795,-0.2056187157716552,-1.2451262715590312,0.0657595066520274,-1.0099510655640682,-1.390242435557399,-0.9197390600141573,0.6850345557060341,0.9062791416297491,0.840059403670445,2.0481669277968932,1.281227755802255,0.6453753392299073,0.2273457962242947,-0.6069197890565894,0.39027046669831533,-1.5223656865284247,0.18629588541397477,-0.4273012890922528,-0.4962699932018932,0.24755620417712249,0.2887555839731413,-0.42309726092615385,0.7925286871377243,-0.4410308141414039,0.24635165369994377,1.2989299670911851,1.20313294634576,0.0706786300533038,1.1655396840233996,2.349462619531102,1.4221951643705242,1.3493312782819602,-0.1126561668104645,0.34119744148843784,-0.5359079352565652,-0.9142926769634729,-0.3399387552380049,0.9010210198926955,-0.9840924066406314,-0.34791734888839787,-1.0378559468810915,-0.5453241354520642,-0.6115776442644965,-1.125863309381459,2.465621131566095,1.236137805379781,0.8628120525272882,0.09597439764009441,-0.05665244371146538,-1.3741805242235374,-1.0035681856790488,1.3257241286236054,0.5718292499027878,-0.6569001764827307,0.25496241854157087,0.5232798413907853,-0.24139654059464377,0.9729494153083589,1.068163966600003,0.7489982892185859,1.707663839125233,-0.025828275438098014,1.102234397758694,1.9999999999999996,-0.0985067575276007,-0.4374973852252003,1.1568259759106874,0.2542878970636692,0.13119819777933034,-0.1558011649002794,0.6723728416799593
0.6919018083023656,0.2392620096115505,0.020341775708696608,1.3466851523372778,0.7972561332768814,0.6011618945568613,-1.2651785839686727,-0.5042106681685234,0.09366209931638399,-0.198083395722294,-0.48169971029297753,-0.49076642898780487,-1.4929180088934744,-1.0847262004509106,-0.8329543936394485,-1.2016634964735053,-1.402774442961066,-1.1290312232160735,-1.0582909021374656,0.6895168270040357,-1.2113717617007487,-1.2237303209951842,-1.8961615663060662,-0.3618570629425474,-0.9685177346651089,-0.17973353695748207,-0.2137199926929523,-1.2412209283300732,0.1613331202801772,-1.2210801210434412,2.186456115184039,1.1701059003928764,1.0227178227628837,-0.8899105607855848,-0.4926552594522227,0.23644203202988961,1.054152474681798,0.3519289073052563,-0.162727475592114,-1.2275827370109917,0.7388412260097105,2.6894234112128608,0.4204546412092798,1.0468659736384394,0.2318356080651729,0.5101491181875771,0.007553565742574708,0.253168184344857,1.6176631280965024,1.0774192154689106,0.6577993075745137,-0.8358099513775457,0.07467687461279371,0.6898602388831715,0.1032708448573751,0.14288477177395847,-0.5456882333975877,-0.5480934863629825,0.18493335206227912,-1.204607174494255,-0.7723210476649527,-1.7378088621708958,-1.7651545919777698,-1.855995617024388,-1.4479217793838088,-1.1994159010139944,0.9146014195241896,-1.4272894678872698,-0.6014498437825035,-0.7333632356119897,-0.6290782130713605,-0.7451793244254445,-1.2148511029012283,0.2223356639981278,-0.8548614589851702,0.017469818614590904,-0.3126327103665114,-0.6076751121711337,1.7308492605830985,1.6119582831598283,-0.2144293480035962,1.6101955224982551,1.5407663276434764,0.8577604605505967,1.6270879122071982,1.307105188457716,1.3612163353780593,1.4780020524640054,1.2730207927359918,1.521064131589591,2.2018911126292813,0.527270128232179,-0.0985067575276007,2.0,1.0619983173643979,1.5836268545791805,1.322687563183927,1.5929819319377376,1.4276855729690727,1.675686613718087
1.1968458712472114,0.5938471330107501,1.7332057783983472,-0.3966412455382588,-0.09504349105700109,1.2426393618435971,0.3371633870879167,1.0937175311217844,0.8942069511737631,-0.08352288459490789,0.7349581120722566,1.6307686490002409,1.2449813048667357,1.3809278900763302,1.5545661311593644,1.5639261485740437,1.6626249452941702,1.1212249033991004,1.6748501469707486,-1.4485421109948233,1.1722901387052471,1.8572887630724244,1.0898429492597699,1.067449812910048,0.426410371473815,2.0250251010655345,-1.601390737783852,-0.01160001231387417,1.2742166227404983,1.0083268749654664,1.2730553832559464,0.041923041423567314,-0.6884012400745899,0.7368719133324879,0.3852857360042466,-0.3373114486674215,-1.0126016227766415,-0.5229760773188373,-0.276359425999514,1.2654338107397323,-1.9941925187153662,0.31360672635377984,1.196353550867304,-1.488681345763517,0.49506529463879667,-2.0438429823610056,-1.80523070173453,-1.6111886912728823,-1.174351885481799,-1.7084933971712413,1.7428079811106494,0.2727938117805234,-0.8955868972667269,-0.2200594873234764,1.0104330086545699,1.6901150502098947,0.7529540717945926,0.6697633724872789,-0.32930175867360467,0.7396871293826208,1.648579543822024,0.6536393464241759,1.512826887866704,0.9668108301303359,1.4397176913534853,1.3707713891820918,-0.064203189900772,1.7152020669910246,2.2239766492899244,0.4747968847268214,1.0872515971903953,2.556061072807754,0.9218113710198749,0.6550816049036865,1.6027141815038668,2.289521269913708,1.084619119707216,1.654661918504142,1.4698763782698412,0.8719394439443815,0.9753496243733968,-1.2730005562621245,0.8152159280170563,0.7116737104524031,-0.9575283630182135,0.32327960014614543,-0.8159418256623243,-0.621179334174096,-0.7360593099836745,-1.6361816587676348,-0.41826578170735973,0.8328166949990954,-0.4374973852252003,1.0619983173643979,2.0,-1.0485519319186367,-1.2175095463785135,-1.309370033734106,-0.3408720800054773,-1.3299595893767968
-0.817018077277034,0.521193746662614,-0.2073218865639371,1.248066593066325,1.3640576628066334,0.7640215306065552,-0.27817678295111714,-0.146632821615813,0.7757067190068561,0.5088022506077056,-0.9859815626719814,-0.7634972405432228,-1.6748124249439593,-2.032761017089769,-1.5746976767405316,-1.4500879194495087,-1.1980488470885815,-1.1466405507973276,-1.5636945266806013,1.2734589974011812,-1.3291712014731532,-1.4590939600379005,-1.9262150369179933,0.49554273894042433,-0.7339647300044885,-0.23506543456934087,1.4886187259666397,0.7321784193235171,0.21598736257059334,-1.9325760569240278,0.6630207543956934,-0.35994323749491575,0.5360692975345499,-1.0429917916111977,0.09376440996326721,1.0759904052070317,2.3731035128690223,-0.1224016848592486,-0.2429176860552941,-1.1373694781850083,1.4793367778386224,1.2398217428047014,-0.2531205217751936,3.1260498528309606,0.6594996829606478,1.6249321582531335,0.4193897422748035,0.6909412377222544,1.5041116370317758,1.3156737263732676,-0.9152729524418118,0.0545062914048754,0.7739957560071955,0.5987903125306813,0.7246301359790598,-0.013230655007107017,-0.150757601429434,0.4916536966951579,0.9011657179936341,-1.1278744604486333,-1.286043633678167,-1.6566358778825645,-1.4871979714597072,-1.9804013008695893,-1.8766958090963999,-1.6339377633020673,1.3121877011250669,-1.9843757444133254,-1.0982593822445825,-0.8364037331923884,-1.0243023836083323,-1.7571015788256643,-1.542902437052279,0.161196419324725,-0.70765356923877,-0.5704032849480529,0.3461967673043563,-0.8722454238956671,0.5986800792555607,-0.6729761110206416,0.4599831634050645,1.7645244057691527,1.2694251647805104,1.009173898541766,2.1661844831573123,1.1245153446428657,2.3394265643730705,2.8348172049863045,1.9756749559746503,2.5329113377392574,1.2995402293808946,-0.9964688201994554,1.1568259759106874,1.5836268545791805,-1.0485519319186367,2.000000000000001,2.0759295825644752,2.3255649067067092,1.0205087646148117,2.141017756754846
-0.5808368067287897,-0.5466372610269994,-1.285791236328088,0.6754151996970335,-0.1929260401971623,-0.6030850689452465,-0.46580621419674983,-1.5735887365401335,-0.6129190536014919,-0.8091392210905564,-1.5309111631892147,-1.8383070229228688,-1.3862294516425244,-0.8393798465778468,-0.4767436341266713,-1.6676824355323836,-1.7937072930879285,-1.3265320394354987,-1.0754019972347453,1.4333458390935476,-0.6061485155010656,-2.338685322372097,-1.1363518106467416,-1.3577838031863747,-1.569170654719863,-1.748396870494287,1.499126192188944,-0.6529845189639649,-0.0853937140718056,-0.4932104544501554,0.17794277813195708,0.1712568623205556,2.13638774237033,-0.6766327619168948,-0.5750338033465849,0.23175384196932491,1.7370639925605658,1.1240996802625982,0.6867337478419266,-1.9341796439238788,2.4876732586932784,0.8190935810445872,0.07545098064098281,1.8735454099796625,-0.1530780193029267,3.02811257616957,2.116702267563432,2.11722166648439,2.013518103945201,2.681854465509992,-0.8738521494597749,-0.896430741076253,0.42090090998411833,0.3644211519377744,-0.8683171323191383,-1.4437578912335711,-1.001959533844317,-0.973036224904315,-0.6379927057945131,-1.2175164116679706,-2.0220733180993675,-0.7751481786190227,-1.1619988999480289,-0.8037657376643101,-0.813742859041538,-0.4721967238162846,0.3451701389648248,-1.2713347913292479,-1.6937691767916345,-0.6178230339779887,-0.3867626925370729,-2.0857995057434193,-0.5457496618384378,-0.9534627520693961,-1.9492899286879986,-1.312528749212655,-0.464329903799695,-0.5751879968717803,-0.23114269295837958,0.5399243485829868,-1.1460440475938616,2.2467262988381176,0.5058395194568974,0.21369277428807587,2.2044186310679095,1.1189533420477127,1.2950685541418443,1.4862165859654608,1.1101534832873865,2.439213231058643,2.19451225156462,-0.30730914003900967,0.2542878970636692,1.322687563183927,-1.2175095463785135,2.0759295825644752,1.9999999999999996,2.885304983553855,1.3768079418462715,2.6325287720363244
-0.4399726683870454,-0.5866698722359592,-1.2161505836821294,0.8756077069291779,0.0696495340104945,-0.32656060371559237,-0.6943497142246922,-1.0944600371733784,-0.3807462754547666,-0.525195122594232,-1.3702106057647327,-1.694139909897622,-1.4301763669536012,-1.4098145486407923,-1.1313506336102737,-1.5980800494910206,-1.711707025262832,-0.5068766759696726,-1.2325102425695378,2.7071247366305546,-0.9615602225458652,-1.7599666211765752,-0.9009207010275799,-1.2558854871551368,-1.1672874016573345,-1.4463166687855415,1.902050625132464,-0.5578892098546303,0.31028832915643556,-0.9527063501351214,0.2704809724763637,0.29095529045502677,2.3049565058534944,0.24734095775691478,0.1815212305005948,1.1043204552038142,1.7704526006110615,0.7250522871183265,0.1772584543298418,-1.9774305051254817,2.6324938396914015,1.3971473074930933,-0.2210638430085181,2.2647235222475404,0.1844550327317002,2.4545609107927513,2.098449113241653,2.5557324423517,2.1952723161179293,2.578677194756835,-0.8542235991613235,-0.6477729874306543,1.0210671674459806,0.40753512419678006,-0.5908770518390256,-1.0923806120092543,-0.4623616721662459,-0.7061740119501518,0.10775288790051579,-1.2042683766507412,-1.602923007049033,-0.967632187730233,-1.5683548342790763,-1.463659616090367,-1.4204015042329385,-1.1606349661846247,1.4215856556995226,-1.3604140308074717,-1.0450376011232576,0.23749930648617001,-0.298887870467235,-1.450949413742205,-0.1282731834782494,-0.6747233574557019,-1.578609277855323,-1.2067608315606324,0.22751410870192296,-0.9195817221076212,-0.3158957794084289,0.31349233096182805,-0.5775401971776488,2.8413687475863445,0.6307600361665606,0.8246055529012435,2.4570937934238297,1.3949909107678624,1.9626326428031793,1.80074802285863,2.298287234187396,2.502308288021962,2.2296515930358964,-0.26018863452833974,0.13119819777933034,1.5929819319377376,-1.309370033734106,2.3255649067067092,2.885304983553855,1.9999999999999996,2.037399729492589,2.8324252515451054
1.811679117572135,-1.1760876285624233,-0.029737563943729395,-0.2391772430753734,-0.6884036802823789,0.4760414130225832,-0.651527385187687,-0.9476975316502325,0.04870350249770289,-0.6921499046902927,-0.5638466748055911,-0.7174694129167765,-0.8691910904759801,0.13642117266731374,0.5966522971520215,-0.28975041714245653,-0.7423115264256684,0.39746673151206413,0.010021911579676968,1.7399230694589696,0.636667518587667,-1.0638850776877173,-0.1082442788475985,-1.3057360935897222,-1.0622012004505228,-1.1716581484472997,1.1621207255945991,-0.9425680879314311,1.0928225212447151,-0.011783770813204586,0.8315311990624715,0.1889052196485142,1.2294078457758855,0.2565650106149134,-0.4639103614050637,1.9285362866757039,0.7964270960646922,0.5867276114035846,0.44557464583474576,-1.279491420784816,1.195013819569358,0.41980769804180784,-0.5145357869610931,1.2668702669141472,0.191331258755578,0.878355588295935,0.821220850868609,1.2741310416421512,3.3243090191166065,2.402706929983338,0.8295851965311106,-0.8787308670250336,0.640536136382994,-0.7597442235380767,-0.2972505142209906,0.2515164503600852,-0.11869988341293058,-0.7437206295491212,-0.32220151622164117,-0.8876777831431335,-1.0362037030683355,-0.46863884181984417,-0.850728640635113,-0.347269245990374,-0.1178448064915803,0.3350429860529146,1.8742988288540443,-0.5042145214366074,-0.6664321987074682,0.6952442643564954,0.9729883321956487,-0.25034160036831465,0.6596529422917418,-0.4656928039739456,-0.8283143203515153,-0.3531145376741999,0.8368354876946219,-0.25858142044440185,0.3339113652753692,0.6511893723789264,-1.5393428751608342,1.5315046056665265,0.7380299345752097,0.061797478823521185,0.7733138400876797,0.7529026685782685,0.8860334646945363,0.8085927432656003,2.4575913209724933,0.3193542251795592,1.631850773752963,0.602960584297712,-0.1558011649002795,1.4276855729690727,-0.3408720800054773,1.0205087646148117,1.3768079418462715,2.037399729492589,2.0,2.012439547273472
-0.1402303651208593,-0.7487188334313954,-0.9261083846882372,0.6420962047257956,-0.0925285552078762,-0.3196875847934456,-0.7537684903118389,-1.3677718129995688,-0.22835093543606652,0.1362389979046616,-0.6493379269634993,-1.3650655327040968,-2.1671469309286735,-1.3857680973208673,-0.9979961289403988,-1.9352023373286955,-1.8867534895765448,-1.0261915618182884,-1.359258637645648,1.9458922731127433,-0.5425110480859299,-2.3833072636659636,-1.354079252048645,-1.1373885466784497,-1.1205262764945103,-1.7423856287040533,1.282787605181953,-0.6776829351197413,0.1887330329420665,-1.2555032422494738,-0.0856701256130704,0.48300808516384386,2.100198312386123,-0.7893779032877882,-1.0410787976053417,1.2241279362314577,2.3692150878801286,0.9362935569596,0.6743006415194415,-2.106605683185373,2.49437536000144,1.3127454419533944,-0.9600150924159916,2.305517042585805,-0.6189147052629903,2.550077120026079,1.597128145045256,1.7811028431030602,2.91250060433311,3.448573869937293,-0.9525964475033917,-0.680329868567625,0.9733096620592874,-0.20441834268031328,-0.7634963712634599,-0.9785528461720703,-0.7897810116048787,-0.7282795912486117,0.5516575472386991,-0.9506044844025336,-1.3297269762633708,-1.3842206754383968,-1.8748011538381455,-1.693624239536069,-1.5051175288809504,-1.1667025600486107,1.2782124683898572,-1.7484723904066972,-1.7373425214051659,-0.24071498254173718,-0.06929524182837848,-2.038618711376484,-0.8929299257865444,-0.3881437476873578,-1.2881734664787245,-1.1333478984962646,0.06629138998433537,-1.4988043715131303,-0.782063910776058,0.4238457749285365,-0.9168234181002257,2.6152351166769816,0.05179552361759229,0.4338054479142414,2.2948936563677886,0.7059826177594125,2.175375385566233,1.6551792266043859,2.3877759477528353,2.439273468618043,2.38169027660165,0.0593998757492088,0.6723728416799593,1.675686613718087,-1.3299595893767968,2.141017756754846,2.6325287720363244,2.8324252515451054,2.012439547273472,2.0
