0,1,2,3,4,5,6,7,8,9,10,11,12,13,14,15,16,17,18,19,20,21,22,23,24,25,26,27,28,29,30,31,32,33,34,35,36,37,38,39,40,41,42,43,44,45,46,47,48,49,50,51,52,53,54,55,56,57,58,59,60,61,62,63,64,65,66,67,68,69,70,71,72,73,74,75,76,77,78,79,80,81,82,83,84,85,86,87,88,89,90,91,92,93,94,95,96,97,98,99
1.9999999999999996,-1.2591447469673818,-1.2047903131301607,-2.234638193083299,-2.119561134369601,-1.2389322211441722,-1.5412162665170885,-1.876750985679585,-1.4526163097166829,0.8085976125118105,-0.1920189574669509,-1.6275710404534314,-1.3833166713293965,-2.0570385995483984,-1.1462308082924046,0.8865343294335937,-1.53623868341645,-1.1115821120810097,-2.0353731346429886,-0.6723428475637151,-1.6971370946271804,-0.7541733954500187,-1.4624219702299657,-1.2911908666881002,1.3345294882358185,-1.6979957294584183,-0.5121488732411603,-1.1524284501574495,-1.0093465254955316,-1.579927189710574,2.0388448385704088,2.905261074072275,2.551490074083236,-0.7319797062858826,-0.2889190945512863,1.384825985236683,1.469522675493903,1.9834545787641495,0.25518354115309927,0.18535525285733298,1.5228637496910327,-0.7640833209482651,1.0838776544588429,1.7580737518978369,1.7085261910200833,-0.5844682920175839,0.9070604617643125,1.7899947074736562,0.8652661889292411,1.5979020829371562,-0.0318810066959499,-1.4021814255028326,-2.1337179625950045,-2.3361791789028974,-1.41183055598848,-0.8924439783443876,-1.9252025182646193,-1.6535712317077529,-0.8924610353259257,0.8078047991248174,-0.5010910460652294,-1.139551950906363,-0.24749246681686182,0.5802578004594263,-0.514576397821769,-1.049460869399891,-0.6874738164846381,-1.0282165866464976,0.2984700159894016,-0.4615880196760355,-1.452824549316102,-0.2868403618776097,-1.2012431295547286,0.17457470043292278,0.17686307830667441,-1.3742236988298382,0.011267258697301996,-0.8195531394488076,2.4386408205577634,2.233590974723676,0.6228458779952918,1.807874923977566,0.41324930695682893,-0.1642219759132461,-0.1872015849269541,1.7292578605870321,1.1355719747681006,1.1484489820070656,0.8540532442923588,1.2612763615838762,0.4509363111350179,0.6243908240360995,-0.8189296141609725,0.6632605646132174,-0.06892819730755928,1.632614323586926,1.05386277078907,1.633341646641179,0.8019363323372413,1.4879948251373047
-1.2591447469673818,2.0,2.686895090255004,2.8140793192134845,3.116503313854596,1.9052003817825356,2.342750319984332,3.224351634145312,1.394272354467569,-2.187501532543198,-1.9616832082142057,-0.1922009411006323,1.3790471274822744,0.3719467067775981,0.9260172722456853,1.6395890642895292,1.2666153398375337,2.858876344855019,1.4124250145688322,0.9896961015023475,0.729961692940122,0.9658337057139539,2.517328304283379,0.28526344312557583,-1.9198527975964392,1.103083629732717,-0.1556302110686337,1.2728163350838746,1.0672341769486449,1.613941542986968,-1.678951134559132,-2.2789205792268703,-2.24986973933669,2.118109934552497,0.7155007582495799,-1.5959477817912606,-2.5741056356430176,-2.1189116815988918,-0.9597943477875509,-1.3795981333911604,-2.0197928662626916,1.5478009945397062,-1.1330888790236178,-1.6906258255645503,-0.42134368974300884,-0.35745457386245083,-1.0680580274685334,-1.5305361227960064,-0.2574911819293171,-2.077848151761337,1.710420796206467,3.3158719394062794,2.1936683186108468,2.622041161692404,2.8460444132679035,1.3502983511454714,3.0505188130138783,2.6575156769314594,-0.25362933558981193,-2.388350349774834,-1.3279282808409636,1.1407487964842793,-1.4941903004555979,-1.8532140780814095,-0.20951555326539628,0.07799656543844019,1.063521981276561,-0.400402257569002,0.31897654143903764,2.237887112879298,1.8174354337293641,-0.7415154222213487,2.1828955522992537,-0.3247345470366909,-1.3738770214613534,-0.24025547525592558,-1.0353101583703834,0.997801599293039,-1.7246132931857003,-1.2096397577182034,-0.5305826330227614,-1.4032611003544084,-0.4111333777492698,0.20914170743482108,-0.04264452156473117,-1.3344634055434559,-1.900032324250042,-1.0651550028133097,-0.4809586818503322,-1.2835831063686631,-0.394588488120494,-0.518810860418577,0.6991771018216094,-0.5299155989623323,-0.33585899096848787,-1.594849403232397,-1.3741005898159686,-1.1386041162810918,-0.6290123870754203,-2.0832269291773424
-1.204790313130161,2.686895090255004,2.0,1.8941544950256106,2.974978945215604,3.44068313793147,1.8408577247798508,2.849401613499942,2.938417538750732,-0.9039408958259587,-0.5555769562949577,0.5923816886354842,2.4205957985352144,0.6774197790720782,2.1024418563822174,0.280715197277528,-0.26359380734874316,1.5463375666230865,0.1408495666890795,2.2861972318616517,0.28493151325666155,0.1106320568344019,1.8647597484267253,-0.32814100675157576,-1.1899275925800363,0.7998064183864559,-0.42386831587367535,0.9546430353285278,2.498420428902736,1.1676498965344746,-1.218089740950047,-1.9233061538879883,-2.6419706039817505,0.4765081880566017,-0.2834930982294222,-0.18474498976643872,-1.8017983498526573,-1.1344074050224402,0.4952837944457773,-0.006240555184943514,-1.892488121869619,-0.2613387438933996,-1.8421859124927704,-1.2413232536798222,-1.6954188688849947,-0.450210791860887,-1.0073696995108365,-0.8027396111618991,1.7312224882140292,-1.1911688346444018,1.3620844384261677,3.3084921877814635,1.0720756296653615,1.961372475412031,3.372159396355969,3.1061549612569,2.7386863093811757,3.3268976103771015,1.5078537772766945,-0.7265130647064011,0.46228248326930216,2.204351505657832,-0.3993774391989734,-1.4433932097931872,-0.5911577216767656,1.4259057901442613,1.4560946750107473,-0.9169755004325016,-1.4346097526429413,0.6928070301713076,2.9416749534725146,-1.783616966106111,1.336901110285508,1.0337303400643292,-1.930282257151922,-0.017729389838682386,0.4376821304975122,0.8304855815979102,-1.7826641460160726,-1.7814463338567732,-2.228216826265844,-1.7584102493222824,-1.5410562150854616,-1.3566759932503563,-1.2182529726720868,-1.3434925324838947,-1.3833618083343584,-1.311417648885885,0.48746514446397354,-1.0770829623339635,-0.2271174974036729,0.682448264716494,2.2912276153166236,-1.3264848169509067,-1.1186551336998791,-1.0771625806820189,-0.8471754717970379,-0.9345104751132441,1.412933595589396,-1.3153701069164954
-2.2346381930832986,2.8140793192134845,1.8941544950256106,1.9999999999999998,2.5634985948654427,1.3348853169105666,2.1659093438493633,2.7774896262079833,0.9466512615298703,-1.8358967471232774,-1.5775890665521946,-0.07150915530934257,0.9037718462520554,0.8380008573404631,0.9896704099391886,1.2465276701524397,1.4312344997314277,2.194628617169816,1.8771608523417052,0.42876476659875606,1.1326290324172574,1.2105200293256266,1.949320007543884,0.6610270421206466,-1.222623425873913,1.587097818525693,0.023108705340140895,1.3912073875046294,0.8832245926567848,1.3804416017149357,-2.0305932189016254,-2.6303692462118784,-2.0444549880723675,1.866274700916941,0.9252229587757954,-2.1208122345482368,-2.285496515527072,-2.0555065737225373,-1.0888046023964228,-1.0344447041092462,-1.7889320977678418,1.361183926820332,-1.097739164799226,-1.769331741963565,-0.6628766094184612,-0.33329634366616673,-1.4143520811233934,-1.918982834785604,-1.32779394065414,-2.2556105493067475,0.26727500196102705,2.279341893938342,2.2738480213918675,2.6286862789062417,1.9976182274297678,0.852703244399052,2.142993139799855,1.9064775547129296,-0.081384046663145,-1.6888350874433957,-0.27642906696458946,0.9098649991611896,-0.6179937261769617,-1.0768045861184514,0.2955893830087391,0.45456331535180394,0.6051312257587591,0.778534751861566,0.2747330503199027,1.6532163502771553,1.1285390905043968,0.49793857307134,1.8489652176712148,-0.7297338173508823,-0.4303879389762167,1.5361209972896943,-0.4115325669715758,1.1940829296287303,-2.2623819460083032,-2.455272279914702,-0.0920482761780054,-1.7187222544699592,-0.3287487163166772,0.9457890412201063,0.24250745018348943,-1.6492231876113064,-1.8664484191641186,-0.8752800182809369,-1.2566053307669434,-1.8963471570506236,-0.8289414505030941,-1.2398383632501488,-0.029287709279432,-0.9219148233766298,0.008876513205283793,-1.96722682531439,-1.5547706208526457,-1.7539224205945256,-1.3191624482190638,-2.3181797877649575
-2.119561134369601,3.116503313854596,2.974978945215604,2.5634985948654427,1.9999999999999996,2.81467119719046,1.6545695200624353,3.0376544343146192,2.4245033779742746,-1.2768646103285013,-0.8534619548917257,0.5618944890671493,1.4826727081275564,0.9908219090071217,1.693064257994036,0.1215308877363877,0.8857305562854567,2.3304094451042117,1.1358937897639727,1.5813770078350653,0.9997308218488271,0.7263890417061105,2.618923949444169,0.703955564381316,-1.6697559367945618,1.7255202710306308,0.0975573413858504,1.5183569668492476,1.9885663432268486,1.9248198013773221,-1.9059193383375228,-2.984701450813529,-2.905532173031798,1.5746168893199732,1.0051987850963078,-0.9465859859480343,-2.1776168448173605,-2.25612570190619,-0.437014592349039,-0.7410987797368257,-1.9427253979011927,1.4596542239089134,-1.031311111828736,-1.900641898764084,-1.1445475378842604,0.32726114390496,-0.6803004026930437,-1.4291923909619397,0.08771807480040471,-1.8957617089602747,1.2402246976511186,3.057349153779316,2.017618995737218,2.7818109059404317,3.587655217879668,2.1807727949652254,3.07005674319299,3.254426795070516,0.7926340026956724,-1.7513015279619744,-0.7059136281207177,1.0637361244142516,-1.0527345434904607,-1.9707984184959928,-0.15962834678751828,0.8383627000906606,1.0328494213832593,-0.4490274324352149,-0.15187112613250892,1.5178003450830297,2.481313978055856,-0.7439823449906895,2.011955059955818,-0.010428421785627699,-1.348773838717605,0.5496332251192361,-0.3673739292333536,1.1563947450890257,-2.2451483786206254,-2.1491156037350265,-0.9928911396110227,-1.547002463737707,-0.4741457739898657,0.09783304139323842,0.025271523527015616,-1.2502785788236714,-1.5512577550914854,-0.8665639704125058,-0.015987727410025604,-0.9919377416805374,-0.23246242252314808,-0.45764339051579184,1.2319562481569,-0.6955715142864396,-0.17182806001185935,-1.5828832603495226,-0.8057640610565229,-0.9693304492122852,-0.1176682442618583,-1.665948910796065
-1.2389322211441722,1.9052003817825356,3.44068313793147,1.3348853169105666,2.81467119719046,1.9999999999999996,1.602715263141207,2.077580110105748,3.5500701032407243,-0.34949750743230346,0.4525846583318055,0.8192353097046292,2.4320004309179106,0.4794972802506427,1.8574393001537075,-0.6209091644334359,-1.168579621445781,0.5748136037824787,-0.7100402351926748,2.9134471083672544,-0.41467145836317854,-0.9653902858793475,1.095434023794897,-0.684445532848061,-1.1256805797893679,0.5850273099917526,0.059148157031307005,0.9114234579612737,2.5233571700270043,0.882905943676227,-0.7883491273211581,-2.111721058829667,-2.4515555594187326,-0.5255724477211811,-0.7104503455613123,0.8018599664204731,-1.0597832408539392,-1.134513720206854,0.6364196244720445,0.4571921049665577,-1.6436525949629301,-0.5692923229723574,-1.6334829278443748,-0.5123726604802139,-1.6627080729520407,0.3256367823233066,-0.7393728679296534,-0.24628247836840741,2.3440944919422995,-0.5356123741754969,1.116022458278597,2.818591858293004,0.9755072574803327,1.7926869111645118,3.2122934234553475,3.6344165375358397,2.3743939490621364,3.298809815737953,2.033289343770557,-0.22667053758598088,0.551607227456135,2.060110579784927,-0.47843128919215916,-1.9548050276672662,-1.3599363090155507,1.1332596086790425,2.1016802638498886,-1.8227171337607793,-2.082754139049386,-0.1052725420895072,2.902152085130972,-2.377032079039388,0.3213118219694803,1.82150506022233,-2.4633722422193083,-0.20931727206336387,0.4646672937717253,0.2155593456900577,-1.364632264958949,-1.513018193928618,-2.651683132089929,-1.4975864599837485,-1.4770736531527566,-1.7136563163823777,-1.117090937403963,-1.055429018828491,-0.7226745090723576,-1.2515108045180603,1.3531376603209906,-0.7267373401764163,0.380498631631621,1.014166916619396,2.4495739670069336,-1.0992085749499578,-0.9854630573768155,-0.014039463781603402,-0.4346296626026363,-0.2420560528835601,2.1047723053901874,-0.5451017951070343
-1.5412162665170885,2.342750319984332,1.8408577247798508,2.1659093438493633,1.6545695200624353,1.602715263141207,1.9999999999999998,2.5050905151867138,1.4495063913752277,-1.3004351478323382,-0.2751274212287438,0.8528984819189331,2.1953813134878333,0.8651590319956285,0.8534043040945543,1.4786329762166,1.0746862044738812,1.3370750815214318,1.2225522627601833,1.9864412177634456,0.5724312360799128,0.1569299353005261,1.3174908171525312,0.3709599614722374,-1.13427429967973,0.6659040593182151,0.43412410265564894,0.7025553085909487,1.1205774030771027,0.39527380948175217,-1.601387201844469,-1.3747510417109885,-1.5995760106139483,0.2971420019250176,-1.1532996716599384,-0.9115075154995067,-1.7564579533700244,-0.8584913434224416,-0.6098172447242307,-0.3228858742675684,-1.6314094608342957,-0.11276101547876259,-2.18012041576109,-0.8260432129068994,-1.5846272681818738,-0.4192102429123797,-2.1146203849267144,-1.1909826975468658,0.17173589827468277,-1.212225602923703,1.6529135463191496,2.359324779649639,2.43057126885226,1.8932829463805851,1.4695697490536186,1.3450036070485822,2.278334118455857,1.8265349614391375,0.37653243306906303,-1.0959679766091166,-0.03740022217027769,2.133845817369023,-0.8044499980261244,-1.1015244068003847,-0.5230583972964233,0.5747405027030233,2.5988203964675924,-0.6991808690800028,-1.0357246482134548,0.9241014066027915,1.9290715800167109,-1.203191317764008,0.9195320557923339,1.405587727023908,-1.3428674716244604,-0.6588432343873108,-0.3076765323355274,-0.16199066421550268,-1.6990831759172664,-0.08119791694057465,-1.2079992954163115,-1.3303991242361364,-1.225728601219982,-1.0611402123120057,-0.5027174643599294,-1.528811026098269,-1.6185788420316283,-1.8627071763935859,0.006841575549052875,-1.0628533286843127,0.1141886897584543,0.43530571572486354,1.2861635658362678,-1.1188714390634615,-1.5920510144974551,-0.9145974623986879,-1.2650854995292518,-0.6214727972587246,0.1436564880865191,-1.2998489711216004
-1.8767509856795852,3.224351634145312,2.849401613499942,2.7774896262079833,3.0376544343146192,2.077580110105748,2.5050905151867138,2.0,2.0380349824900685,-1.718072591456144,-1.2757979454357518,0.3722978563610698,1.417749121777784,1.0363935808928297,1.5341547269544382,1.2739027418659288,1.4732262991527534,3.1352869859210157,1.7896192174644616,1.2438018038373055,1.2961115856658296,1.4508320919941258,2.851656090876449,0.6943481086810621,-1.8657700254489824,1.4790105329854388,0.24832640497206193,1.2289258515436683,1.607672505744139,1.4210202668712304,-2.679471912266692,-2.4070068041764223,-2.556565266939393,2.2773276028484513,0.9651449409293176,-1.351917166063358,-2.323611350440078,-1.7839735798204828,-0.9892768723372134,-1.3119014827538287,-1.7463608179045549,0.9557887922543193,-1.5362820750527717,-2.435870259006921,-1.1653739855546723,-0.6241718836537604,-1.1791586528151918,-1.67139146194152,-0.2621142760498099,-2.0924829992793486,1.754744979693405,3.294818598374405,2.2986819871268453,2.425816535800643,2.90949220780222,1.490100233238114,3.3400696402457575,3.1284718630710198,-0.012943218741974308,-1.8391480910933682,-0.6119937275078102,1.1872755238038408,-1.3040482276670564,-1.4212714899401844,0.4136313289464557,0.8362145223344392,1.174092133298033,0.1508195003057615,0.4291730977345665,2.567300424523544,2.5251877515528665,-0.44878753377088665,2.5219465609458953,-0.14582739011340462,-1.1327386853353745,-0.0500076463096958,-0.6543503953068781,0.9022226634252404,-2.6114855073861696,-1.5994543009603608,-0.5141992664042796,-1.1182270337548097,-0.3314374292576961,0.3060592932503321,0.16865701370379305,-1.3020810023927558,-1.5834327734859404,-0.9953639381024989,-0.25949411791132565,-0.7820414400941218,-0.5263453083730837,-0.6028177528573383,1.0989477879399219,-0.6851325004521989,-0.6735727181116655,-2.3351571939017006,-1.0459795806901349,-1.040410891946055,-0.5881063341806185,-1.8467884974803894
-1.4526163097166827,1.394272354467569,2.938417538750732,0.9466512615298703,2.4245033779742746,3.5500701032407243,1.4495063913752277,2.0380349824900685,2.0,0.144149116303499,0.7483653936493457,0.8686099993619346,1.8378204273449545,0.3162065737998791,1.4680780558749074,-1.1217233682841952,-1.3890947147887167,0.3148243871474396,-0.9014684838310499,3.0200058132180665,-0.49489647631866507,-1.3331349238211316,0.6271272677192965,-0.7464830809995273,-1.1832273233097899,0.20264967758749963,0.8932820788105438,0.5939753065355621,2.202259201000962,0.2701406197077566,-0.9141772402573074,-2.065777445241446,-2.1599232668793533,-0.7322568081625048,-0.7392184631427715,1.5173525912626948,-0.1652017085757077,-0.7399202390080697,0.4227938408694981,0.5364701981123569,-0.8278903689053922,-0.8513517401529682,-1.2512338299301287,-0.2905071073103241,-1.342704511125376,0.85308347943301,-0.34990655823523664,0.3132642523731691,2.4013158402147656,0.2645633199987299,0.7653891750354016,2.583962536662357,0.977560622788042,1.511556400852625,2.6857327054461013,3.4544579213529953,2.3001944243712176,3.3526565973772504,1.9542864317524495,-0.02025205814925879,0.498565538877941,1.354957184889605,-0.6759341058986376,-1.8812557874295002,-1.2843326542469442,0.8925362087733618,2.173164619453487,-1.718784567525038,-1.8187108560871559,-0.037811548802300796,2.8887786142453953,-2.48442448574178,-0.1408602025286387,1.9654968815527751,-2.3505957579016767,-0.37379385473101234,0.38964549404649684,-0.44510904243794536,-1.1991646891804626,-1.1718731848629578,-2.386488555143419,-0.661721462033446,-0.7259061131873519,-1.5131836597263697,-0.09991661851925421,-0.4480092259774208,0.33971497590660404,-1.0112106779913126,2.0848658577164545,0.2376163336620283,1.0393338886425187,1.2602658243091835,2.245749889553616,-0.4721863748586632,-0.61637856101162,0.3192480015966396,0.3917653848129085,0.6079811507425594,2.2374378007648117,0.4116040662928143
0.8085976125118105,-2.187501532543198,-0.9039408958259587,-1.8358967471232774,-1.2768646103285013,-0.34949750743230346,-1.3004351478323382,-1.718072591456144,0.144149116303499,1.9999999999999998,2.9066812257839443,1.7712524111474464,-0.5363309500694401,0.46084469166878517,0.9065261357253286,-0.8721202568018707,-0.8044943098566646,-1.837028215212628,-1.0970853584950677,0.7688161944344492,0.4222981456094913,-0.19087460031105272,-0.6650267837756874,1.1121117024379175,2.6972923464984695,0.6664934917699206,1.816438846331974,0.13688197717799727,1.2900266542267838,-0.6049629153040659,0.7474584578653779,1.3923615181655968,1.638460929592135,-1.668840989640206,0.05542769514892498,1.937537935512382,2.371505785685491,2.388044814731724,1.3565055713934813,1.797482322255853,2.0982256281571328,-1.0297021252872174,0.6472364395912951,1.528771025535843,-0.2925301056185044,0.7712667598278221,0.8170575667495994,2.166752217210595,1.1898938065457907,1.914859532959049,-1.6421440625636323,-1.5782088717078313,-1.768087615780583,-1.9087402156674478,-0.9073585592155757,-0.0005238687159503999,-1.5452406448537657,-0.8702188350192576,1.9377071486884572,2.6377225626138916,2.3849133212037055,-0.5694580334392192,1.7984198545572347,1.0252668291010552,0.730783760538888,1.2783242467261418,-0.5738857241945193,-0.0149964593471372,-0.7677561792291063,-1.8955773432777732,0.22846672542591895,0.1634818751854753,-0.9846232548180998,0.8496255423628384,1.4247081271472233,1.188306461805234,2.4951367874440398,0.6876181732955077,0.509098506584668,-0.05768256104820915,0.010264062203321198,0.950342396119966,-0.3439745688735663,-0.5931461964902539,0.5382639534431854,1.4693806457487812,1.6408279178043268,1.6380226429049458,0.9373882530238732,1.3983537522384202,-0.5341095251518096,0.5953584539164255,0.5900106355042833,-0.3948478369748497,-0.379057635465621,1.1892487164217105,2.207216768410461,1.778051167384875,1.453972561221781,1.933519029701719
-0.1920189574669509,-1.9616832082142057,-0.5555769562949577,-1.5775890665521946,-0.8534619548917257,0.4525846583318055,-0.2751274212287438,-1.2757979454357518,0.7483653936493457,2.9066812257839443,2.0,2.7650660504896467,0.6334411787259941,1.398832911189897,1.3266507657897593,-1.6068195485032333,-0.5020762550659561,-1.7801109889261721,-0.480289356979834,1.2548446006625333,0.7028211919701745,-0.3988925420161904,-0.4421046602353781,1.1578010770961964,1.5691794157709296,1.06105233779068,1.2510010313289193,0.36242741319745525,1.51547792476075,0.2328624231340633,0.3202085807156598,0.28894381160465654,0.2583475703765588,-1.8554385582006105,-0.7545701598204897,1.6133293289711268,1.3417179920180513,0.9928892869814172,1.1441710650990133,1.398891912228085,0.7728306797562802,-1.2775767861265857,-0.41131351946937056,0.8728931051003549,-1.465996415746483,0.7419539697231896,0.1352371554275468,1.140341050672931,1.2473584033921066,1.1374989732233467,-0.8232909174361553,-1.0111639547307707,-0.5872398478181867,-0.9546038045828361,-0.4447162932649488,0.6455710159575799,-0.6137614090496133,-0.3939398812672858,2.419874307474467,2.390182648671171,2.3245074178160774,0.4737336400970008,1.5771325706100663,0.5538468370917831,0.3174113369525753,1.7037109471179785,0.7197574219705336,-0.3223864984805591,-1.421406007929562,-1.9635357968809954,1.0389319046576508,-0.2431915414491211,-0.7829465051333744,1.638901985920148,0.6822035293980401,0.4637515611256391,1.9731442140859177,0.4896368518694003,-0.15481292722150658,0.015811297970913497,-0.7194672277338632,-0.0672654317280453,-1.1195613735029384,-1.3116149122196519,-0.6673756865024774,0.1424617706211113,0.5309456604773224,0.139267497872346,0.6769139644853306,0.5261729348225931,-0.2857699597404966,0.9218618843145081,1.3265533184716463,-1.1845246576482311,-1.255982118727668,1.0249946458907229,0.7454207725159847,0.9046776914191387,1.4269480496044833,1.1353157546753785
-1.6275710404534314,-0.1922009411006323,0.5923816886354842,-0.07150915530934257,0.5618944890671493,0.8192353097046292,0.8528984819189331,0.3722978563610698,0.8686099993619346,1.7712524111474464,2.7650660504896467,1.9999999999999996,1.5187403234087005,2.222430644676959,1.9993810346946717,-1.1382168453061994,0.9211606781157545,-0.4629724322018548,0.7976147114017258,1.2622647698734135,1.752181949730549,0.6145745742514889,0.7589642074036764,2.0970079734911917,0.7403141040402703,2.14205150022378,1.1934524093597156,0.8965514573797266,1.9727209610300038,1.1791395859934233,-0.6593695252714734,-0.6470018563449029,-1.2099295940214954,-0.8903711678677124,-0.4717590621869336,0.27990123518289745,-0.07637244148551647,-0.1060987072283958,0.7874798874086846,0.851981957346658,-0.022505884483233096,-0.37345148671507555,-1.1360898274149904,-0.25571355679073315,-2.2502757388221015,0.6781936559873898,-0.45022197344252,0.07554612052748273,0.7107146912696992,0.021454187650987333,0.17686577238298262,0.35821088482873364,0.6288487639979827,0.5777256199792278,0.5373800967804373,0.7062421619197139,0.7361800051466045,0.46848063512939686,2.4070372159084985,1.2180371030594643,2.166804901021885,1.3254510349517936,1.2162542351434311,-0.013551282200848211,0.448865568221117,2.089132266793915,0.8416770895641568,0.08641703058032531,-1.3693729063669537,-1.3310905417378782,1.6295902613493056,-0.0740595118432545,0.2884620544261986,0.8764390513019982,0.5230780385266219,0.8418449005182711,1.4519715767327934,1.359231987358751,-1.4898546696406827,-0.6493435714289587,-0.995587953087149,-1.195443859086856,-1.631277349967977,-1.3646157633665725,-1.0768173416950215,-1.1262840945591481,-0.7283825891951232,-0.7366033942439993,-0.5420431908240289,-0.4896816935735506,-0.7866417869443953,0.8983245030652542,1.7977430918682709,-1.8337030699021957,-1.6707733083380916,-0.4943183589180479,-0.09453926520806247,-0.5315637818443,0.5776777548947218,-0.2454279390735774
-1.3833166713293965,1.3790471274822744,2.4205957985352144,0.9037718462520554,1.4826727081275564,2.4320004309179106,2.1953813134878333,1.417749121777784,1.8378204273449545,-0.5363309500694401,0.6334411787259941,1.5187403234087005,2.0000000000000004,1.2292741450433347,1.5344379650166564,-0.16650091289040403,0.014437602033481184,-0.023877458808792898,0.1312747089271164,1.9885648965809497,0.0667759207112837,-0.0877012023367072,0.4054215220834848,-0.30423753036198287,-0.4418889543657858,0.1834310424058739,-0.9304967221461335,-0.1236574729045411,1.5580528525688622,1.007542765263981,-0.41870957812483334,-1.1047666707748771,-1.7719643192429113,-0.7867875572778392,-1.3931209177794668,-0.13743849926048,-1.5554167876001856,-0.24973323066818298,1.7444296053734119,1.3550845943821268,-1.5627451039863915,-1.477899215238157,-1.7171660548983052,-0.6995018898055156,-2.5095095925998843,0.0514119378983616,-0.9279040527598039,-0.6796035033881723,1.5805981058395375,-0.5222951395030105,1.1415305277311187,1.893240049469989,0.8194584473172842,1.7147691222797146,1.9041662809906486,2.3749879542701313,1.8524681972747343,1.6471439514960062,1.6866208780372127,0.1213629130339836,1.309168187390164,3.772216451044841,1.0346959424289173,-0.5339162594943483,-1.0163924166561342,1.570752921985275,2.1775352113979025,-0.9315177933038813,-2.322035636366368,-0.8603260877405415,2.1547497958993898,-1.538793545778296,0.04210684455331978,1.8263424935890045,-1.84903240260044,-0.45640021692969435,0.5796241123874417,0.26048491702440224,-1.1933702882317045,-0.7254287452119469,-2.5997686665268187,-2.1889960440395826,-2.336338430151946,-2.11976633402366,-2.1004441767750537,-1.5843025813972966,-1.6385632339284606,-2.1663583513477764,-0.0707454274416619,-1.5065538475293003,-0.2417839483993634,1.4048776245235184,2.6348457539582784,-1.799162362431904,-1.6890964908142103,-0.5554956017523002,-1.0376306974545044,-1.3560728512809184,1.5068752975639501,-1.108832719554453
-2.0570385995483984,0.3719467067775981,0.6774197790720782,0.8380008573404631,0.9908219090071217,0.4794972802506427,0.8651590319956285,1.0363935808928297,0.3162065737998791,0.46084469166878517,1.398832911189897,2.222430644676959,1.2292741450433347,2.0,2.139188779210039,-0.44853952305458306,2.3081902872016795,0.6541629744024995,2.6942473176256114,0.1745245774387178,2.937754885978027,2.1151976304710507,1.9434188450156644,2.133323613093785,0.26356106490700626,2.374214758666365,0.7595193021069746,1.8048626163864343,1.341221640490748,2.3966439118038227,-1.3075461394834034,-1.2096833880477311,-1.5506902981905124,0.3490456897939988,0.4121680973434625,-1.4222477790308794,-1.4188207245024436,-0.5779675955666463,0.8361263358916085,0.2455977359832987,-0.8566820673452634,0.3780647478334232,-1.1870519202417786,-1.1155715639274033,-2.1143516016182042,0.33601166185351655,-0.5674380726850068,-1.1399126349041042,-0.8001952647608339,-1.2234247392029691,0.008289747035318401,0.37622235771820656,1.079739947034688,0.8926492704555142,0.7071620328462163,0.12084753177993279,0.9010889567496014,0.3597858918356256,1.6123557608807337,0.3344752620920947,1.327849746404981,1.0720004200783906,1.8891657515913969,1.4733047970673057,2.089149937574556,2.7126478934224907,-0.4244492248536583,1.9989233060284102,-0.4736826986623216,-0.4628892409518572,1.6054497559073022,1.0578206578692635,1.8687075214204583,-0.5776243476475871,1.2366865601961856,1.1682342540593744,1.168311563058657,2.1691862068439267,-2.279994737280086,-1.6397746524625672,-0.5537883406835994,-1.9683083728164972,-1.4814474750867672,-0.6872943607513582,-0.5117427404097514,-1.6979442969144327,-1.6141743568844773,-0.7938413277385651,-1.7262109012224511,-1.373495933652193,-1.4975420855091728,-0.1405282737599409,1.3897105403884003,-2.0215788498507092,-1.4355387249966365,-1.6779206674640545,-1.3162380206844873,-1.6009832011825647,-0.8258712739969496,-1.3059156130094778
-1.1462308082924046,0.9260172722456853,2.1024418563822174,0.9896704099391886,1.693064257994036,1.8574393001537075,0.8534043040945543,1.5341547269544382,1.4680780558749074,0.9065261357253286,1.3266507657897593,1.9993810346946717,1.5344379650166564,2.139188779210039,1.9999999999999998,0.0474947302469933,0.9020349696486871,0.9144392549786565,1.0599913327881667,1.6284630967103568,2.3906033987921593,1.2654643425323957,2.264287737195869,1.9442680616431778,0.9581803609140317,2.4586152989948222,0.0922318008312129,1.9967269760859678,3.197315126952878,1.6262276427797153,-1.1161271144473957,-0.9079167128232459,-1.7532100308072676,0.17622875703213448,-0.2509815941477648,-0.6264975049848599,-1.1100131135924678,-0.4449063735838121,0.1788537042951272,-0.2730571375029584,-1.5269826895918905,-0.0808898158910428,-2.374228693861334,-1.0527498511583748,-2.5839088759097653,-1.0623087742009596,-1.5077024412802436,-1.091066105954478,0.5670050836590653,-1.4843962336040073,0.5447428967938407,1.2721303767229442,0.5226149731292569,0.6277552458519553,1.8414016025839943,1.279582615037876,1.2507254681790134,1.4656878009654106,2.3407901336536794,0.5758143485055629,1.8103577328893918,1.3824064378563223,0.8898291345920875,0.04814037336249621,1.1276349950348488,3.5425307006176183,0.11752715964233651,0.4384626264199396,-1.35604569531977,-0.36668911060917186,2.8309741624507336,-0.0530590871292494,1.867562882669287,0.26979139795015367,0.33903991602131156,1.4307001897432359,2.1841247990789734,2.4517195591349736,-2.2080057543430653,-1.8402907893188467,-1.2283046123018406,-2.136058534920343,-2.3195853729560443,-1.4996692145571897,-1.421812698367194,-1.9700652345182865,-1.5054701807436075,-0.8883181136396134,-1.0787174831422415,-1.4677666486597167,-1.5310738504938577,0.3775601146524973,1.7456199378091086,-2.61486346977656,-2.259241048230885,-1.3210718785606725,-1.2246379358470336,-1.2355602902373697,0.3349987840980605,-1.4626861744269644
0.8865343294335937,1.6395890642895292,0.280715197277528,1.2465276701524397,0.1215308877363877,-0.6209091644334359,1.4786329762166,1.2739027418659288,-1.1217233682841952,-0.8721202568018707,-1.6068195485032333,-1.1382168453061994,-0.16650091289040403,-0.44853952305458294,0.0474947302469933,2.000000000000001,1.35225220022632,1.8564202395140312,1.072484470886486,-0.2468290743423579,0.5204091626114593,1.2397500298934565,1.1390659493907298,0.7337868143867038,0.6797370081218598,0.4866194638801066,-0.27126598363999144,0.6040873680440277,-0.1375120709685762,-0.4092713324280771,-0.7248082599811276,0.706178378141077,0.9365526586961264,1.5960797079885807,0.6238788961948663,-1.3894897328125835,-0.7325205021413534,0.4160875843294677,-1.245607628756698,-1.0162944577856035,-0.6558774652340738,0.8514020172083269,-0.2852908592595267,-0.44921949297614394,0.8814632044852716,-1.9681724431024663,-1.6633414315781863,-1.0206417540459423,-0.9553284328808731,-1.2829853543032301,0.6841824465417368,0.46154249143406456,0.5945722653032862,-0.44997642132899507,-0.23569128644059387,-1.0164882822244818,0.0995087961454887,-0.358403497987292,-1.4161336813108243,-0.5096048835184239,-0.6145335130146174,0.14364501785962433,-0.8301695914480922,0.1298866606621952,0.8552261522061331,-0.1574594197133882,-0.22069256840459361,0.5359414979669973,1.1952722275192025,1.9027288516069423,0.005094911043723893,0.6156817052545414,1.2122131473361573,-0.4733379961205918,0.65703609719795,0.3433693372751675,-0.0648083870080586,0.4000648384227718,-0.038354393681596294,0.4091581883707383,1.268775146549861,0.13020774177760122,0.2717237293794438,0.995444343234261,0.44662738566471893,-0.1298970643645855,-0.6384240433646988,0.6141423888476176,-0.7018494715792686,-0.38135096395614443,-0.7137980835374033,-1.1773763784831899,-0.8879857052128941,0.16076948980644878,-0.1032855629039842,-0.7665821097719063,-0.5288709511844459,-0.1956644462492036,-0.9036162845214815,-1.09421144758212
-1.53623868341645,1.2666153398375337,-0.26359380734874316,1.4312344997314277,0.8857305562854567,-1.168579621445781,1.0746862044738812,1.4732262991527534,-1.3890947147887167,-0.8044943098566646,-0.5020762550659561,0.9211606781157545,0.014437602033481184,2.3081902872016795,0.9020349696486871,1.35225220022632,2.0,2.3038198045217597,3.5823154497786303,-1.320631573092898,2.905481004470717,3.0299363332187763,2.4278678281819803,2.8024814166190612,-0.2042908272470737,2.1947832920620574,0.10923777432778398,1.282770986281636,-0.1491154515611447,1.640554315995669,-1.7457695763461816,-0.9173956411709379,-0.7765237265636199,2.3181281999160572,1.4586394080419907,-2.8103092090088113,-1.9166979644139674,-1.0408075630109812,-0.890275372067828,-1.2157430694353772,-0.9926440972609769,1.981552542605835,-0.40254748218867165,-1.843068281885327,-0.6088240200491157,-0.78793116922597,-1.1146329583446586,-2.2493911213099786,-2.6810462598102673,-2.257100633283354,0.4379979430517436,0.25061386759920135,1.7907884246259604,0.8633444482441691,0.0375533106049761,-1.9054136969635294,0.849776839279113,-0.4575728915274922,-0.7314734423446456,-1.0021190408591285,-0.41451817608822517,0.008901370542126495,0.0826579116648664,0.9012582284574884,2.2382764155104553,1.0776233674208484,-1.0566935824940455,2.4858914245486727,1.6948536497669784,1.6684864462517175,0.2578832061929182,2.3401143104692137,2.565929704861447,-1.76060846039959,1.9609419274804898,1.0789396804864642,-0.33622746936536557,1.6806505246657004,-1.8226191649059176,-0.7460989426870336,1.590882193540664,-1.0296855261084206,0.055029040430146295,1.2768723427474438,0.5269397526197502,-1.2265430943387527,-1.87126166346418,-0.28632506714039724,-2.4718814318283733,-1.0055530090138411,-1.378080069020517,-1.5377372269374852,-0.38615050482858887,-0.6762968824798048,-0.2762198530773394,-2.4210695822735127,-1.3813922575674997,-1.643770311543943,-2.637323708663613,-1.9743066424937032
-1.1115821120810097,2.858876344855019,1.5463375666230865,2.194628617169816,2.3304094451042117,0.5748136037824787,1.3370750815214318,3.1352869859210157,0.3148243871474396,-1.837028215212628,-1.7801109889261721,-0.4629724322018548,-0.023877458808792898,0.6541629744024995,0.9144392549786565,1.8564202395140312,2.3038198045217597,1.9999999999999996,2.40112717618268,-0.2569296625171954,1.7330225233533074,2.257503935688246,3.123861510442729,1.3007449894946372,-1.5343602432118337,1.6756537091766281,0.005044476738458592,1.3842891395286832,0.6540352211848537,1.2638973169610708,-2.5299140742146844,-1.7497308293386808,-1.5321269194127054,3.5296220579905992,2.164380233575038,-1.968303678480261,-2.07945010304172,-1.871940994397389,-1.9752241400049466,-2.3750939422646784,-1.4946902441212437,2.055535283386488,-0.5552501316990903,-2.625674204463634,0.2068254412908248,-1.2425139973933685,-0.945564587809044,-2.0134332821371475,-1.5563167987670465,-2.503168336683971,1.5718644510685416,2.121284795095511,1.9436840638661006,1.4804219482884062,1.8263795969600707,-0.3929200033374442,2.3813387232113405,1.739644503222147,-1.4653590761914823,-2.1865739870891985,-1.6694138203259759,-0.2328784897636192,-1.8386584531727346,-0.9661911628493398,1.3051194393503953,0.233721278171709,-0.4003935563946095,1.0159081003574495,2.214219842702718,3.5250463728792396,1.2964806161777294,0.7903643132325795,2.9834121047452804,-1.6638814574541785,0.0481883054590803,0.1727710733774696,-1.0197915148606322,1.0938046924957856,-1.9821558558798962,-1.087054363846824,1.2619634499515398,-0.3876643591026734,0.6515565186759645,1.6636684593376705,0.7014674947747004,-0.9114664799192467,-1.1980224249975318,0.1373038317725094,-0.9983485714723619,-0.5608821892814337,-1.0168739901933739,-1.8243015798550735,-0.5737864439243524,0.19398782554219773,0.0476176822023085,-2.4893883739634965,-1.1832179050564984,-1.0251692914327413,-1.9595646775511848,-1.9629136502451312
-2.035373134642988,1.4124250145688322,0.1408495666890795,1.8771608523417052,1.1358937897639727,-0.7100402351926748,1.2225522627601833,1.7896192174644616,-0.9014684838310499,-1.0970853584950677,-0.480289356979834,0.7976147114017258,0.1312747089271164,2.6942473176256114,1.0599913327881667,1.072484470886486,3.5823154497786303,2.40112717618268,1.9999999999999996,-1.0546723617912899,3.1122900908717073,2.8686470603610124,2.5672015447994285,2.405240275511782,-0.5326095051016667,2.285243807384406,0.1467477075804331,1.595911686026958,0.04790719673216491,1.9230476241736971,-1.9032236097412256,-1.4738330357274174,-1.4100841967198625,2.3587810109605414,1.3405517724434222,-2.901018968881828,-2.2022022025045396,-1.4895257381740439,-0.9981270595013283,-1.3467873493218878,-1.4130071428119468,1.7716605203336169,-0.7723780883922775,-2.0448910796911504,-0.7383843854747199,-0.8167840107398928,-1.257234711201511,-2.464302983486466,-2.5987634822144607,-2.488046197374439,0.2280715918228853,0.5359317660040509,1.9381125254598262,1.097902178083248,0.2487541225443776,-1.4475996042551444,1.104581037732646,-0.06957039313162042,-0.6286684795902667,-1.0437993216038013,-0.3502450124065281,0.1043905275898068,0.31340153838625867,1.116168339327742,2.496187569830019,1.3870834147348692,-0.9826338595788942,2.788778380124333,1.5526389617635095,1.7088777669243038,0.6621428692718734,2.052652962811224,2.79417368364735,-1.742185244111472,1.717534368709901,1.1799061353043707,-0.2084487265794211,1.7913852198277072,-2.1092193437552273,-1.3608195255297253,1.2300942260312622,-1.4246034193077277,-0.069781861707506,1.1612062231872904,0.4332361601334404,-1.6282264716224233,-1.9755715910742881,-0.5144249354348138,-2.3691735860553056,-1.3905083412801549,-1.539471927115931,-1.7663462141326307,-0.3987625605426835,-0.825007145479882,-0.3797281306054674,-2.5083647186627522,-1.8492846195951054,-1.9533397171143279,-2.547697941459095,-2.1855305612852667
-0.6723428475637151,0.9896961015023475,2.2861972318616517,0.42876476659875606,1.5813770078350653,2.9134471083672544,1.9864412177634456,1.2438018038373055,3.0200058132180665,0.7688161944344492,1.2548446006625333,1.2622647698734135,1.9885648965809497,0.1745245774387178,1.6284630967103568,-0.2468290743423579,-1.320631573092898,-0.2569296625171954,-1.0546723617912899,2.0,-0.2246031611693969,-1.7886514133621747,0.3904239459264045,-0.28732700400212896,-0.2686648638695073,0.31236495140440224,1.324214886751217,0.8317358272668742,2.7579070051092716,-0.24643727606517923,-0.061289556958600194,-1.1215916181086667,-1.506048784819248,-1.4668768088243476,-1.7423689156802322,1.7388363419819992,0.3187620676808081,-0.1384234653492533,-0.0006923356931716196,0.5253562775562154,-0.8097568691834582,-1.0393102843803737,-1.9794352068923282,0.7173852765245539,-1.593187904574318,0.5652694981550497,-1.2439108043487015,0.6599269927971304,2.603047072699054,0.6768844553948795,1.1052893471037937,2.054574246617422,1.1472760126227979,1.0996819777818398,1.8433861963062883,2.9917732876333156,1.7162882080257102,2.4193034552059047,2.205906550270849,0.28033012745596375,0.6957369921377174,1.6419306752943261,-0.5671264393020015,-1.6728503907046197,-1.3390882907694324,1.1108303738275227,2.825417464972941,-2.1272587130771203,-2.3056266859507506,-0.733966752056575,2.872078316095988,-2.703388449106148,-0.48965224618102976,2.6745903737686505,-2.0241548705811736,-0.5233113767039583,1.3041499925154136,-0.6170632342722486,-0.7589415667906647,-0.1056191408284919,-2.4515811353868324,-0.6376043922013124,-1.553300109695203,-2.3906115828723844,-0.571122455171484,-0.6262207540942596,0.2740166550525648,-1.2370478716768984,2.1785175177524825,0.09773227777434446,1.1748581972810528,1.8955050730024068,2.034765867381238,-0.9704154810922111,-1.6161166830513143,1.146422813223647,0.1143918268824842,1.1393454135021432,2.5644325802253007,0.7528687690660815
