0,1,2,3,4,5,6,7,8,9,10,11,12,13,14,15,16,17,18,19,20,21,22,23,24,25,26,27,28,29,30,31,32,33,34,35,36,37,38,39,40,41,42,43,44,45,46,47,48,49,50,51,52,53,54,55,56,57,58,59,60,61,62,63,64,65,66,67,68,69,70,71,72,73,74,75,76,77,78,79,80,81,82,83,84,85,86,87,88,89,90,91,92,93,94,95,96,97,98,99
0.0,-0.2421965385203912,0.18146466724308088,-0.30029941613318123,-0.14507827022915817,0.27902950068303123,0.2950958713589117,-0.09317569240397182,0.10337619835852539,0.6882821237272262,0.45821571759891233,0.3976793158968865,0.3286590058326717,0.1344621143367866,0.22474178177046,-0.4566079602642285,0.07819300824928256,-0.7267063575172811,-0.10958152143381308,-0.3931986244798073,-0.025108115155546652,-0.5730516416336483,-0.5282849942114073,-0.0770225511253978,0.8288612049448226,0.6647130008981025,-0.09747977846399569,0.2627169378197434,0.3604235707103381,0.02633040915852187,0.37093340468718594,0.41321817151775436,-0.06935013405238934,-0.6493406891802836,-0.3379764395722946,-0.2759446960245141,-0.1088948751912209,0.684555205854207,0.2953958184699081,0.5982331744645399,-0.3652873014041551,0.42129182071769217,0.2405592142072981,0.6887775313532977,-0.25123883188351925,-0.19833615139326735,-0.6172479135937228,-0.422340387425899,0.4239095314931492,-0.2364616466108532,0.35744337300436263,-0.0001247750783835783,-0.18295522920057442,-0.20426024647001376,0.06855893423623716,0.3230865005885327,-0.14221738047069696,-0.0020945440042399515,0.5891134607327899,0.383176433245418,0.3796323383253922,0.2996796987864771,0.18098920580478692,0.13683184934188228,0.13751639415032194,0.1726555033262352,-0.05176312883697385,0.031301563146713285,-0.5749249384248493,-0.6846438626866291,0.04367988080080422,-0.4994859979915241,-0.049739878456374884,0.16990851716718325,0.37914788398976795,0.7155196816000429,0.6147600229790796,0.16292829473529344,0.1661779913044971,0.371777616538271,-0.3165924455033327,-0.45279150773114496,-0.2529131318995722,-0.3729408455435173,-0.3094390256262644,-0.6293828484220653,-0.19210900617411122,0.3349197375797348,-0.3849843190901566,-0.3388860314912954,-0.09494807526936996,0.6828952822872973,-0.29832139373623,0.2741913914003933,0.13614065535091316,0.6943381948772271,-0.3314178795816789,-0.49067399599790384,0.4054320740928152,-0.16803586480227337
-0.2421965385203912,0.0,0.5140204429154951,0.8576380166608911,0.7153713542291805,0.6211715097251935,0.437371290718882,0.667245208646009,0.3094586001427751,-0.3770733941848034,-0.41695983548268173,-0.44993462819374724,-0.43996159027210013,-0.3423353229420309,-0.39498485185268356,0.5239626324013328,-0.20420018421747108,0.4272512272255117,-0.07019640651233496,0.5851945912604681,0.09591572486138567,-0.19864037586066471,-0.23302283864476128,0.0004103956142053409,-0.3646580105445002,-0.6434116910384876,0.011284624802299048,-0.7299797972902234,-0.19812090527948262,-0.5314676558434094,-0.17535137641855136,0.012951526648169374,0.36534605593483044,0.020882234775684252,-0.19326602336804527,0.5415944020019414,0.349819102267349,-0.08713737854395635,-0.06996739171045914,0.005637761379079304,0.3506681451075061,-0.3122266973463462,-0.36512016924428764,0.06199679048910116,0.29399797766715513,0.11821841160128517,0.05900072204191902,-0.3782139936351491,0.2847168732114168,0.8268956769868672,0.3824110972300182,0.5847664859194972,0.37032379147733485,0.8670035454976367,0.7920837860355323,0.005345593308885658,0.6589943602321736,0.423971782791385,-0.4125905557822009,-0.36799763696497284,-0.25798594590079693,-0.37384177137833347,-0.23146797386077844,-0.23135304941829934,-0.14286273157085547,-0.31369140858789796,0.40901300633242155,-0.13567329538389272,0.05040497712007919,0.5453037506983339,0.06115119794243923,-0.2582290999186113,-0.1123234871338802,-0.012408063737611531,-0.06501512682545706,-0.5431378858121062,-0.35334459739068164,-0.4852527458661224,-0.018792415034070382,0.0343035818068488,0.10351021189593086,0.12270192256174385,0.19214114769859575,0.021309944479363546,0.16507817962583313,0.22047924290389614,0.3434348822435781,-0.3005952507867626,0.5695840876496855,0.22327320883595933,-0.014143082248384783,-0.5728057332373074,-0.3788266239542105,-0.0329381629345324,-0.13899276411207243,-0.22992368122291823,0.4080473986436808,0.03190392055448849,0.1844215459088345,0.6895401902982056
0.18146466724308088,0.5140204429154951,0.0,0.5059564056716572,0.2152157272856085,0.852566043281131,0.7649951523757679,0.7763982331938806,0.7353406920785008,0.2930725470229365,0.22022572027261503,0.22240811665849972,0.1966502547104083,0.19428547796442242,0.17463855402899833,-0.04672154197331966,0.3242283708274574,0.025758632330189775,0.3301001523576209,0.21555229897141173,0.49164127994211554,-0.42267839502481,-0.20546200226868092,-0.30442402874953733,0.10946048158400655,-0.17276492509615446,-0.42261246901553284,-0.3898500792442335,0.4646704092497664,-0.16540294234463562,-0.4558406517032581,-0.32004560582273467,-0.30093652368236884,-0.4297007704441348,-0.557486933315721,0.041084771716708435,-0.1572563230766277,-0.19713469841460932,-0.3693152955358412,0.013511930825148184,-0.19608064055755756,-0.444829473809556,-0.4939831345265114,0.252200514727838,-0.3069292946933849,-0.3469388241198682,-0.41743506716336587,-0.6801964469610007,0.7547140829964704,0.36982530527294016,-0.10072654439589455,0.7662476481792523,0.5365635395025417,0.4502354279839841,0.6806744938152226,0.6164985877530041,0.7661454663518017,0.7747189080170712,0.26684434661960327,0.2829137568444748,0.38745619069639264,0.23599270955258575,0.3486652445675326,0.3201550952088338,0.3896820102281859,0.25086010216788274,0.736133965109627,0.36273244200544547,0.17131976821535422,0.29317084417388967,0.5133789388820991,-0.15713642184330603,0.3510525451569954,0.15839775714785403,0.5800299677718315,0.04387611292914063,0.3539718219959228,0.11751753255581364,-0.43683669977014983,-0.3303219750563387,-0.41705587096164315,-0.4437567319155282,-0.3651885945331184,-0.43614049089825807,-0.3722292880551906,-0.33500794528179645,-0.18081207355557363,-0.4300058951856925,0.07845538213290644,-0.3584369557383019,-0.5793513284429868,-0.024736208354740403,-0.5569457607069949,-0.3311581917259561,-0.4380384414584145,0.23081977482951632,-0.17586321109899508,-0.5193832711403943,0.7686371149287738,0.17387902678318026
-0.30029941613318123,0.8576380166608911,0.5059564056716572,0.0,0.6030146533968977,0.572088585508351,0.4865875552889331,0.7248630699490612,0.38721829579130024,-0.41145055882356796,-0.3354189512225575,-0.36672146330538546,-0.33215610560264974,-0.19280699260716583,-0.2636253820801368,0.4478678555534834,-0.04702373792867198,0.44091111987954007,0.10561470252620538,0.44199062222515295,0.2502173433398024,-0.19479503544497304,-0.10526499349190005,-0.19633302387949622,-0.44023032512173443,-0.7000519421856913,-0.1782643715294845,-0.7876854483491194,-0.13264642276606692,-0.3923073466709605,-0.32178781659440514,-0.09859988433933131,0.28248126273594093,-0.00830354424206487,-0.3054288474731108,0.3944788347602071,0.18202327144474822,-0.17091013806286295,-0.17987405630919268,-0.18946436110590684,0.20027706500583597,-0.47348652439162175,-0.4807549740079597,-0.06010889132143103,0.15346012293306255,0.03180245369945365,0.06982710654287926,-0.40550206683680906,0.2876370443278845,0.7535983601768528,0.35696002746669875,0.6597927791615977,0.5355903444230254,0.8436757858716354,0.6726930613068287,0.06836540875803303,0.7115574308593633,0.48953890497123254,-0.3919725391728851,-0.27002966721585137,-0.16251139025226072,-0.2526683651737202,-0.10157859596308245,-0.08777723643279317,0.0011042248316120097,-0.17616832324475562,0.47731812628539544,0.018644546367673417,0.19576932843330147,0.613500197185058,0.20065420560683167,-0.24206955870496055,0.03376730605860217,-0.23493066394208548,-0.0005684562200230872,-0.6339921879043519,-0.3735711250040094,-0.3982773820704078,-0.1730840323062484,-0.0888649980860744,-0.030440194438699462,0.025580782701748843,0.04468147798091937,-0.11677667540078804,0.013070527817120845,0.14405607800233422,0.18192045502504045,-0.4862793356158001,0.43760412321963044,0.09095998444513814,-0.11161129504772982,-0.5665347617535349,-0.39074957630825,-0.23257656844922517,-0.32928839670567195,-0.2568269352468617,0.3531611429165719,-0.05885124004798094,0.19605428424306748,0.5588327233166922
-0.14507827022915817,0.7153713542291805,0.2152157272856085,0.6030146533968977,0.0,0.4967070466779423,0.11109101254473189,0.37228810181301597,-0.06107171909977489,-0.47254512805472226,-0.6457480717065908,-0.6889485676911009,-0.7028708894716831,-0.6717377482853191,-0.6980003205818404,0.633717213204567,-0.5543260208305981,0.3601057315016537,-0.4616976405972465,0.6769273501492966,-0.28075258539414616,-0.28808450642640043,-0.492107818757113,0.215506334507599,-0.25066209332173633,-0.5169312766189034,0.32956542971033626,-0.7009763822749323,-0.45757990975801865,-0.7855187497883125,0.16259724474492332,0.38501391312196176,0.6297843711937204,0.10333046302144837,-0.011161015724532814,0.7641426789337693,0.6665622257218062,0.11866369984666889,0.10063465349766057,0.17998093234237006,0.4838501882585036,3.062966216620821e-05,-0.2636297687277646,0.04635468263845223,0.561284379601831,0.0774719636439542,-0.04010806335180852,-0.32909521435809325,0.03669665170187607,0.7747745215396671,0.6400214711768031,0.2704547119293789,-0.028156140937926795,0.8298683105808253,0.8170515407096447,-0.29413021306021836,0.3587587886513824,0.06606146874495025,-0.5749041600418464,-0.6312912356235068,-0.5386181021865126,-0.6625589356105349,-0.5674777515223055,-0.5809133388689938,-0.4918824591700181,-0.6404857942381647,0.03417429838516457,-0.49960744550636915,-0.28015832736485824,0.3370164157715755,-0.3050369300858698,-0.4414009146518029,-0.49632779664883464,0.040167083009234474,-0.33562674623611705,-0.44458207763143887,-0.43037732855218275,-0.7329880588749871,0.33015425801978526,0.4104493906718918,0.3857702194813578,0.35269578619949277,0.4657482752297937,0.2703170431956239,0.44558217673768813,0.3031846272127929,0.6518286082529554,0.07745683815800825,0.7554242198198649,0.4197723059085462,0.28240284741853744,-0.6023247825740639,-0.4535919116698389,0.2553442803799265,0.16272862018712517,-0.3487806398857997,0.29310960879781284,0.2095697117051371,-0.04416779107802837,0.8273876135030819
0.27902950068303123,0.6211715097251935,0.852566043281131,0.572088585508351,0.4967070466779423,0.0,0.6986217805573838,0.7175989723477023,0.5948872913927726,0.24053631111774354,0.09634953477213296,0.07424383551730948,0.036869576638702294,0.010569663130314422,0.005080604966451882,0.01506519792823654,0.1345848935172759,-0.03898892050052939,0.12933952132648366,0.26006188358782584,0.33438056677071215,-0.5895642672545948,-0.4217699544465053,-0.28567231172788293,0.19456045557479124,-0.15823302637244852,-0.3078397583462972,-0.47538374237504394,0.33975807233159483,-0.34530127524512116,-0.27321578079726644,-0.08581429404914312,-0.11810933712335699,-0.4838787940744433,-0.5738129541294014,0.17223904929795558,0.017625785560747488,-0.023463372284836,-0.288086229738894,0.1193716867323398,-0.1606527256945297,-0.31737617920681027,-0.5032176215857783,0.3297791247225959,-0.1715588050088104,-0.37080998808031734,-0.5327496707773892,-0.7709149234090616,0.71165928550453,0.4356052629879707,0.15272195706660852,0.704738222524682,0.3884583771571543,0.5538375972388884,0.7875371115561074,0.49229660297133226,0.6906892604605563,0.6443415550710908,0.17554616735044865,0.14252917023673808,0.2491542552757772,0.07520256484194675,0.1743638393621276,0.14158640448839244,0.227958269244389,0.07388466618177122,0.5867302200677961,0.1755814743067292,-0.05661260382199388,0.18879321437097088,0.3616756423691943,-0.3858647058120093,0.14232513931670449,0.08182935989360979,0.4610019873128601,0.05771387978421893,0.31291219111497015,-0.06557543283426408,-0.2524150857866244,-0.0934192631159649,-0.325029265170925,-0.37915242993843323,-0.24930729600978532,-0.38979382301522036,-0.27447541637132994,-0.3593928809519955,-0.022480297692664235,-0.2722107067972668,0.18216504155583232,-0.2887201192134339,-0.44114124773966773,-0.05600113615288571,-0.7043694954199318,-0.18566424047373645,-0.328519983828676,0.21698185242298734,-0.19253258108325502,-0.49591588966724925,0.705429720854152,0.3084065772631255
0.2950958713589117,0.437371290718882,0.7649951523757679,0.4865875552889331,0.11109101254473189,0.6986217805573838,0.0,0.7042345329744137,0.704028173004001,0.3188861745743687,0.32525769940146015,0.3020449896549385,0.29535751264189863,0.305494947974666,0.29120167832060245,-0.0844232014032114,0.40745440999404486,-0.055699421065476956,0.4074385479723603,0.0043394495264349135,0.5374843481158873,-0.35498517047077294,-0.0953626095816966,-0.33946517701476414,0.1569182683085993,-0.06435914455091901,-0.4866576806625031,-0.28863674107663967,0.4661582464140587,0.04701257939784442,-0.3785123444823941,-0.23490363101436673,-0.221383737840764,-0.45969749220839595,-0.551439055517003,-0.13518203608698603,-0.2913050455238206,0.016367523999091537,-0.19780418427857804,0.04225592585002051,-0.2562959092217644,-0.3423704879321579,-0.29191916481911845,0.3316092485031922,-0.3709532140559704,-0.16575399379362704,-0.2865435735357225,-0.5666057196599338,0.7178610532537979,0.308357449732049,0.09436153683364053,0.7320008296731926,0.6107284430835389,0.3942899527715454,0.4628948392899906,0.5853750768135516,0.6783984437763497,0.6986266744530305,0.32754664528377325,0.3649263924850575,0.44874394823542185,0.3412963252223026,0.417155677427756,0.40111580282323345,0.4575077645218943,0.345091165356806,0.693706553765575,0.4290133243731725,0.1533027737045753,0.1997270158381559,0.5424813600302455,-0.17836960509387498,0.4147393071400586,0.009667550428172635,0.5756339759476289,0.037826493174516716,0.2980749278005628,0.17782998617864643,-0.4167329735271614,-0.25798546666487737,-0.506307804573265,-0.5074606401935239,-0.4389518766011167,-0.5328551497087708,-0.47680381564001356,-0.39205736004373,-0.3282509978649718,-0.4533906481879154,-0.1322922826746163,-0.40863046407030595,-0.4974307211819874,0.11745071379403964,-0.4066536717948853,-0.29673588069612106,-0.42956974566978334,0.346577780012819,-0.008261234138390987,-0.5414891010623267,0.6684553171227984,0.05879892723544094
-0.09317569240397182,0.667245208646009,0.7763982331938806,0.7248630699490612,0.37228810181301597,0.7175989723477023,0.7042345329744137,0.0,0.7297618433501848,-0.04549380466249403,0.03672396763925213,0.0364691340416126,0.05127676298119015,0.1631912618164275,0.10944483104687805,0.1464048662822041,0.3166096163301893,0.28472247276012297,0.4232923037789239,0.2870081941082913,0.5782481423092526,-0.2784973445448638,0.008704412445543213,-0.40522273089653804,-0.24869137490702423,-0.5043445839939938,-0.4686136512385005,-0.6010070019135303,0.31491468199059464,-0.1293543661339271,-0.5876031789918179,-0.43056014419120375,-0.17534507649280553,-0.27480511485057296,-0.5382710033542215,0.09374729334017323,-0.1639334449289814,-0.3475696656873781,-0.4831505094146214,-0.28667317688926824,-0.10864874082915935,-0.64209679552915,-0.6026598068963225,0.05514396462770793,-0.2312917425568624,-0.16881278981347006,-0.15266483594240787,-0.5695891164234362,0.637711406382884,0.5503732679014207,-0.019020422185301276,0.8767780605212818,0.7322323246427233,0.6599116378246849,0.6575738599176035,0.48741361419902723,0.8893904540567391,0.8006901825082322,-0.0052106978563788596,0.12402853805766645,0.24350216532936636,0.1219375824079328,0.29250938712904934,0.2894623612307203,0.37534460965952243,0.20174593902397217,0.7888415491554068,0.3842958831182057,0.35846451113446964,0.567596442515732,0.5549705975455562,-0.11663027137661161,0.40015252661479583,-0.1971863541384642,0.42867266222175965,-0.35533718349316856,0.0330273169637542,0.004003372514349203,-0.5078472575028483,-0.4170395626701577,-0.39431150929258846,-0.34817974015914244,-0.3271773641936001,-0.4308075689358096,-0.33838708222464153,-0.17092667071060924,-0.17072469281462696,-0.6535620429937846,0.15736644004377093,-0.2870323262666637,-0.5274453514375884,-0.31090720400260313,-0.543526629847757,-0.4614459747237094,-0.5729890777999208,0.009668217578327878,0.09767434897259632,-0.4078243222953093,0.5898676082966785,0.26492327928684717
0.10337619835852539,0.3094586001427751,0.7353406920785008,0.38721829579130024,-0.06107171909977489,0.5948872913927726,0.704028173004001,0.7297618433501848,0.0,0.3370044474606357,0.4325854272350519,0.4419339801400943,0.451620297331166,0.5015646372503236,0.46766925528484177,-0.2194378378256154,0.6099848159298944,0.005180474538198163,0.6419080303635091,-0.01556926961547652,0.7429869235886787,-0.2959527700092874,0.08232692634336558,-0.5411104094231493,0.02652035099656952,-0.20015832408275394,-0.6743719426625417,-0.3079967342963847,0.6303504263604491,0.15736040677208096,-0.656551846025604,-0.5766381785749108,-0.5047669047674863,-0.462931520571646,-0.6483404335555878,-0.2512952371706101,-0.4712154290468417,-0.31654572301316775,-0.4796504212771635,-0.20957630536453314,-0.3722944066420308,-0.6278975803960496,-0.4996215424385606,0.20025126943287405,-0.5421745729117725,-0.293739480209617,-0.2789064723296548,-0.5701279330309784,0.8055219644486447,0.251996064158907,-0.314933881086106,0.8459779056434966,0.7552566885955357,0.3087955693914935,0.3928186843062914,0.7470517891914029,0.8003585302059953,0.8615512439679824,0.39463083847111613,0.509736347107805,0.5968817369889025,0.4996415942101534,0.6132998700891602,0.6078677153275877,0.6659232159094984,0.5411603839816618,0.8532862785226164,0.645004740063951,0.4103425437724055,0.3421324764884051,0.7589495609690602,-0.01769466912216902,0.636822300894897,-0.06775852330137587,0.705135345365668,-0.025624478845236873,0.3838252123441027,0.3461026894853786,-0.6679200480269722,-0.5908976028060108,-0.6427049115539231,-0.6045840397617436,-0.5923278579255515,-0.6420707677442828,-0.6154940565035079,-0.41716992067713393,-0.487263054059462,-0.6847530589958127,-0.20339679174827566,-0.5292055719292468,-0.7357671892748721,0.06330056073298103,-0.3963771634586218,-0.5693145287210577,-0.6629042357778746,0.31515493234283914,-0.11224552237051914,-0.6022271102956607,0.7939213649598587,-0.07131180883203479
0.6882821237272262,-0.3770733941848034,0.2930725470229365,-0.41145055882356796,-0.47254512805472226,0.24053631111774354,0.3188861745743687,-0.04549380466249403,0.3370044474606357,0.0,0.6818253480015009,0.6534556537934578,0.6102741391204617,0.42654896919430463,0.4907249172038822,-0.5949853194606953,0.3643685718904129,-0.6588022348458775,0.1859906453142186,-0.43305504135575074,0.1990413541918915,-0.34270914600220465,-0.24230986283711428,-0.15894471919816905,0.7641391210572133,0.6841366879843682,-0.24186828842134098,0.4582422951773207,0.5860852863320344,0.29422022043050644,0.07427469231605412,0.014801067724920762,-0.4431290885924973,-0.5756955499460166,-0.3257615838816754,-0.45692571681004973,-0.3687894347835847,0.37012362201014115,0.1671413206018131,0.5029688030419023,-0.4463085521070146,0.2326293844951333,0.22593663138570425,0.6064136533668738,-0.46548276233859676,-0.2171905583235866,-0.4917243269035124,-0.30399010474416455,0.5263176501011195,-0.3610212661739946,-0.18641133294872267,0.07149698794960423,-0.032873367778793725,-0.41276388656405844,-0.06926719117954237,0.5565709274172986,-0.0416761210429485,0.20776733853951282,0.7828730510507833,0.631599509109951,0.6160944589746106,0.5730526219256845,0.46248478887166483,0.42234240733917827,0.4038671538163389,0.45567855135247126,0.1738193898627472,0.31119143260037974,-0.2316794528870862,-0.5455489937599249,0.2815783001224393,-0.09450062508771534,0.24918304764886243,0.42424278190109105,0.5687768371830331,0.7848012914695972,0.7659385291107625,0.4863336888886287,-0.11623897028925129,-0.0341171214316453,-0.45094977091914074,-0.5350225680095185,-0.41851261688186353,-0.4096809517340975,-0.45446788568097535,-0.5885207894598181,-0.4158249017108511,0.16842244894380656,-0.5201401525981926,-0.4484645739371794,-0.34116558619209114,0.7687254516720841,-0.026982388446438795,0.08366530057786739,0.009181642356352248,0.7627810800628814,-0.3519489144855565,-0.5004968900740396,0.5878742298355261,-0.37547771370275296
0.45821571759891233,-0.41695983548268173,0.22022572027261503,-0.3354189512225575,-0.6457480717065908,0.09634953477213296,0.32525769940146015,0.03672396763925213,0.4325854272350519,0.6818253480015009,0.0,0.8930577375729997,0.8866437119794508,0.7858704960912433,0.8381995698047121,-0.8670877164465769,0.7004893250306394,-0.7015541214313439,0.5499411504015933,-0.7410299165792819,0.5102847848097097,-0.284656493073745,0.06287974856515298,-0.5327191341893565,0.6446335487609417,0.590897256599899,-0.601206734931268,0.46353328237233343,0.7830075210039477,0.6376509755119003,-0.1906915241746928,-0.3016126017242261,-0.7256937967032873,-0.6598827819402712,-0.512444262585787,-0.8184684980858962,-0.7482653782457327,0.15864457948449925,-0.09981057172618786,0.10878742204439032,-0.73992779597061,-0.07842206805126159,0.07580986909871058,0.4615247750910867,-0.7666362858438958,-0.2962085951649163,-0.44547603673107083,-0.2694999598141444,0.5621784127670314,-0.5583417473928919,-0.4293412163351147,0.16788409345729544,0.23142108922587365,-0.5702497148687524,-0.40632621217464143,0.7200149906300859,0.008895299237577725,0.3343817906685778,0.9045974079082238,0.8895901322843177,0.8550941241117095,0.8704011821245665,0.7786471335631323,0.7692813471266291,0.730040696281723,0.8012849695387184,0.28593115838733957,0.6519040437379676,0.0475356643680926,-0.48956521391356855,0.581319784844898,-0.014537545299696825,0.5886669769324017,-0.014367591536000661,0.7234846128043173,0.6722612231798125,0.8221975453449498,0.7460096415167999,-0.4208979678113343,-0.3598609923243356,-0.737533174625737,-0.759795453111376,-0.7199686227983747,-0.6909650340477548,-0.7634529379507765,-0.744719147135023,-0.7792053270215765,-0.18152890911409605,-0.8522996948424713,-0.7043678044243076,-0.5775131965861635,0.8382583355690523,0.033733900724627536,-0.2888399752823518,-0.34493152336276944,0.8003154364214617,-0.4176573440843471,-0.6701594564724052,0.598470344339712,-0.696225523540871
0.3976793158968865,-0.44993462819374724,0.22240811665849972,-0.36672146330538546,-0.6889485676911009,0.07424383551730948,0.3020449896549385,0.0364691340416126,0.4419339801400943,0.6534556537934578,0.8930577375729997,0.0,0.8782481974890602,0.798248094662168,0.8322047194773362,-0.749385100757546,0.7378760007327981,-0.5345926144673818,0.5986607847004135,-0.63849155690436,0.5418047452537621,-0.11940479003778023,0.22611087082516776,-0.4191424190609485,0.56344715016174,0.6112735096487306,-0.5703292021193668,0.5515479365786853,0.8091932605291492,0.6930889732952181,-0.28913014460820824,-0.40149950078938823,-0.7751125591247525,-0.5183285921616098,-0.39778792795528095,-0.7979619551478977,-0.7534485322731945,0.01123560475079194,-0.19432815418942098,0.028125596815769073,-0.6887964706028432,-0.10082427460370551,0.05267213336291734,0.30616619316988675,-0.7813487191449765,-0.2992331562472836,-0.34698950814380286,-0.15987208287968657,0.5145398001340853,-0.5919094504970457,-0.5393645938013976,0.15935072815057108,0.28116870457573256,-0.6045828720863708,-0.40497586933747265,0.7184440340161403,0.03824274484516343,0.35697287914691644,0.8711461725437727,0.8649626801363317,0.8324676626629094,0.8598577956672937,0.7896471629472329,0.7765502187782833,0.7345140743279759,0.8069948507244038,0.35388851381516867,0.6883047603891748,0.20383278247511039,-0.3566793250106185,0.593478042522731,0.19513434228194038,0.6541202212294149,0.10531306810322273,0.7458394422968248,0.6619746760651221,0.7888340017581248,0.8304521717595856,-0.49710763698173355,-0.45044152348380967,-0.696551448206536,-0.7069438535991368,-0.7271485859968071,-0.6066336079481858,-0.7262898819149163,-0.652680699527562,-0.7764974463432255,-0.18973691994562064,-0.8021359744745178,-0.7027792236531407,-0.6117812782206118,0.7829882639370452,0.055686896148152545,-0.3373646554730257,-0.3454042981889278,0.6793261594544867,-0.4530005160746207,-0.6142496826862692,0.593736101974203,-0.7414595239243098
0.3286590058326717,-0.43996159027210013,0.1966502547104083,-0.33215610560264974,-0.7028708894716831,0.036869576638702294,0.29535751264189863,0.05127676298119015,0.451620297331166,0.6102741391204617,0.8866437119794508,0.8782481974890602,0.0,0.8626741815961044,0.8895551670502754,-0.808986369024405,0.7939060750558079,-0.5389547215975011,0.6749143886387058,-0.7695993667477192,0.5955416908805566,-0.10095861661925064,0.2815578763272188,-0.5545332531395647,0.48716239061867567,0.5362121560427744,-0.657261664012289,0.5096345885811623,0.7802099497279431,0.7624640496451748,-0.34542898683370843,-0.48007813350553746,-0.8220351585767219,-0.5153589196995355,-0.44521321904064676,-0.8791189364825881,-0.8435346420054212,-0.0564544404171401,-0.23244186893931906,-0.07559857662590778,-0.7582754704851519,-0.20213027900488179,0.004277460041767185,0.23467456900638353,-0.8277225005234746,-0.3314306585431763,-0.32213092365793544,-0.1641191234374527,0.46371883154064625,-0.6406347688019823,-0.593615343880747,0.16858010003099486,0.33683078067943417,-0.6267170754096716,-0.5020625609685961,0.716329697833962,0.0361630801728604,0.3660825035072851,0.8528426592049597,0.8996864111381119,0.8574011142788606,0.9022284844086202,0.8380741457370694,0.8378136525732928,0.7854745801833196,0.8636400932612677,0.34586148114328097,0.7497118011722556,0.2698411421538308,-0.33273520929678063,0.6312709390996651,0.21999685442018715,0.70852892130512,-0.042528609108110974,0.7205566471638348,0.5829883925324304,0.7219019227645063,0.8583427525292223,-0.5544525868167275,-0.5231710780710466,-0.7438059104871063,-0.7261370628899488,-0.7679158563258673,-0.6475417367255617,-0.7807245663600496,-0.6525237476337279,-0.8485926458623173,-0.2877610053209425,-0.8707971947899052,-0.7360569876032913,-0.6285667367427298,0.7644238353236331,0.11627155226806946,-0.4208524705104285,-0.42520732925850885,0.6526347707763571,-0.4395560266074499,-0.6244442206471112,0.5439431166971803,-0.8070277073044348
0.1344621143367866,-0.3423353229420309,0.19428547796442242,-0.19280699260716583,-0.6717377482853191,0.010569663130314422,0.305494947974666,0.1631912618164275,0.5015646372503236,0.42654896919430463,0.7858704960912433,0.798248094662168,0.8626741815961044,0.0,0.917542085089277,-0.728690078928491,0.879532350559817,-0.30066961094130107,0.8388267394751321,-0.6665820520882721,0.7542195550785663,0.03306925299340868,0.5531011910451126,-0.6758651592749048,0.17185008502690555,0.2505497480314097,-0.7545289879580406,0.35408830279910697,0.766613640541656,0.8540886051350535,-0.5614714262317063,-0.6777296394135326,-0.8363597249058452,-0.3976756470311349,-0.46482329230059555,-0.8791945881037315,-0.9203988174337525,-0.29477818614018675,-0.4657212363207379,-0.4362812905933217,-0.7328174168527033,-0.46071419232329347,-0.16676769051711932,0.03032878568484997,-0.8421052725668036,-0.22687208765305167,-0.11503211936081369,-0.056437684346302135,0.422266475505156,-0.5279414708188114,-0.673999505144262,0.29270102872119436,0.5438152701807132,-0.5137291669716046,-0.5563498659610343,0.683719484363209,0.18390321112467592,0.45778961307102634,0.6849170009317319,0.8424717360679178,0.816198983065582,0.8896252343531287,0.8832240269517747,0.8997089507587874,0.8633432117639069,0.9121059810311581,0.45614333175374155,0.8583609292756312,0.5231255166677821,-0.05107456306315801,0.7678394801017105,0.2955392142558281,0.8506544800052388,-0.3574980913543106,0.6871014955049343,0.26737120984264323,0.5510252982518686,0.8580931550692615,-0.7155347045650068,-0.7155969442515573,-0.7790387332153477,-0.7022838843599031,-0.8138716431599854,-0.7002339083021392,-0.8110900944041799,-0.553491392248328,-0.9078294976884062,-0.5454178110523983,-0.8326703369435485,-0.7385169526587406,-0.703288341666673,0.5334455124784511,0.08544539402703848,-0.6505177150437719,-0.6393710675763605,0.46906537297982354,-0.2812627183938258,-0.5750381571723314,0.45854684590168804,-0.7950877118744041
0.22474178177046,-0.39498485185268356,0.17463855402899833,-0.2636253820801368,-0.6980003205818404,0.005080604966451882,0.29120167832060245,0.10944483104687805,0.46766925528484177,0.4907249172038822,0.8381995698047121,0.8322047194773362,0.8895551670502754,0.917542085089277,0.0,-0.7921327657236146,0.832588123643417,-0.43108607467353194,0.760671780570022,-0.6783367519342992,0.6901061519606633,-0.04425935032393544,0.4476720211695106,-0.628277905618222,0.31746891184188114,0.36136065516389,-0.6899231048830986,0.42434324783258937,0.7928628592742146,0.8343395533180994,-0.43411900623490995,-0.5605073345621879,-0.7978373290783712,-0.4775463145467042,-0.461610802304032,-0.8798951086938293,-0.8812948833457027,-0.14302587098857086,-0.3706428347577886,-0.2991144562201858,-0.7307657943201931,-0.33209426682676674,-0.06412409583190459,0.19557382619137015,-0.8176086381163681,-0.1713679202092966,-0.1747970804435861,-0.0702961126098275,0.4593048699018089,-0.5360877717325209,-0.6122231981803962,0.23820772300707865,0.4402154251884323,-0.5554062052227812,-0.5557965532970908,0.6853562966429344,0.11470388166301917,0.4097683475562622,0.7594922126242137,0.8660788291985861,0.8364617421104186,0.8971722881879733,0.8607529223153423,0.8694287539289877,0.836140329668059,0.8927373310352184,0.3930481632806432,0.8010376269481996,0.37883425237243296,-0.19137988959651722,0.7283836081039997,0.19505713636675714,0.7825122814656108,-0.28419075919419484,0.6970262562999071,0.3885466514732367,0.6500277540231243,0.8463136862739902,-0.6162644977250727,-0.6102014775704097,-0.7756714115463662,-0.7248570932147325,-0.7907357850039454,-0.7058380110417856,-0.7981561825829517,-0.6162475744189145,-0.8863392476734786,-0.420365557130206,-0.8612338275715586,-0.7233593865802947,-0.6685125420876649,0.6354467062814917,0.07237826868669073,-0.5297341162133546,-0.5407067776390174,0.6065111234756153,-0.2675461111663931,-0.595754202017589,0.4816687445785595,-0.7785483404594934
-0.4566079602642285,0.5239626324013328,-0.04672154197331966,0.4478678555534834,0.633717213204567,0.01506519792823654,-0.0844232014032114,0.1464048662822041,-0.2194378378256154,-0.5949853194606953,-0.8670877164465769,-0.749385100757546,-0.808986369024405,-0.728690078928491,-0.7921327657236146,0.0,-0.3442083443672815,0.6891565914411342,-0.23379563053486063,0.5855851670942781,-0.22162843612276384,0.4177438289523255,0.12926486216686964,0.5605489042942113,-0.4807051951272801,-0.3208162320518961,0.373055846023868,-0.2278390575879059,-0.4628086076986176,-0.34154892906793055,-0.025504104187682793,0.08958438753401833,0.4657163428537512,0.5696242025900667,0.4478086096740419,0.5677996469210989,0.4442039478998018,-0.17498391250804116,0.1074532360443402,-0.00021508927408886766,0.6081608837956763,0.060748853949919426,0.04924511951460278,-0.3705103085978987,0.4401691603102743,0.26519853363000934,0.44936465855776425,0.21010184541207155,-0.2776043792371127,0.453979890809898,0.26476850594827883,0.050195736376497754,0.06770282502671059,0.4570950444564283,0.3954018192843792,-0.3783007953081179,0.19072226796015337,-0.051932917244102185,-0.5783767315903032,-0.560128616774312,-0.5073362767258073,-0.5340620599162154,-0.4501208267861989,-0.4582557091729883,-0.4259763143675194,-0.492916110708261,0.07860551953573995,-0.3244047399915766,0.17447306614771443,0.5370406306510059,-0.31084250256642426,0.3044726482175561,-0.24766142446454922,0.32406928114789885,-0.3466324282621367,-0.44152797585187753,-0.6195109480325943,-0.3890047078206503,0.146226729268387,0.13059921194546525,0.46066311792962406,0.4999564403767555,0.4236898388181305,0.49402841884985915,0.48484076472975446,0.6008422510419592,0.46241977801429585,0.027149432411800272,0.6077159172042601,0.4482230849913393,0.3221618312598035,-0.5666771902795757,0.04450533152978128,0.1654767185864925,0.22951449943345628,-0.5824702962741034,0.3333675803571394,0.43643102746627066,-0.2819538202020877,0.4645462333532751
0.07819300824928256,-0.20420018421747108,0.3242283708274574,-0.04702373792867198,-0.5543260208305981,0.1345848935172759,0.40745440999404486,0.3166096163301893,0.6099848159298944,0.3643685718904129,0.7004893250306394,0.7378760007327981,0.7939060750558079,0.879532350559817,0.832588123643417,-0.3442083443672815,0.0,-0.09433503976290271,0.8898560035555144,-0.5284143554359263,0.8275672684138714,0.03921587583459166,0.5439064926064809,-0.6331889429003684,0.07390350077326342,0.1674642343723482,-0.8313385697758942,0.18635408569108505,0.7628611353771025,0.7212912622743753,-0.729258543425001,-0.7480398258319844,-0.8129974786645592,-0.33301869009808466,-0.4957534390448924,-0.7564013142628777,-0.8737936464067346,-0.4371725714350977,-0.5655963529171639,-0.47804004512199894,-0.6921068225999185,-0.583905874809043,-0.35164575283703936,-0.14696189756236092,-0.8596521046353564,-0.41492652944418296,-0.15964589639619048,-0.2080749026539261,0.4866253440308571,-0.41516417756036067,-0.6227319786541389,0.48437913820454426,0.7237973645912285,-0.30961497904756113,-0.314134103755653,0.7425467447678147,0.4037940880289788,0.6187586230655258,0.5881412724029903,0.7780283561230482,0.7862329501286461,0.8214456616094734,0.8703976898816702,0.8819415220082484,0.8671105853825876,0.8652241539957762,0.6558488896790482,0.8923226620095557,0.6601955972698808,0.170193137195517,0.8089293398869348,0.375070844217962,0.8953285360064658,-0.2433214240990666,0.7552832884130711,0.17485288569877233,0.4619266891159109,0.8163318417766693,-0.8460079397578779,-0.7750422042076912,-0.7783322839042887,-0.6948783233735509,-0.8442040999538267,-0.6889889015809341,-0.8130152946690689,-0.5094306123499968,-0.8631273818457357,-0.6815549261623886,-0.6766008189919567,-0.7770120900408463,-0.7740791650933124,0.3880411450488124,-0.07144071661928562,-0.7681148010315951,-0.7355390934408705,0.2825982058996714,-0.41632312488716966,-0.6274407048752185,0.5713792091676183,-0.7101272665102287
-0.7267063575172811,0.4272512272255117,0.025758632330189775,0.44091111987954007,0.3601057315016537,-0.03898892050052939,-0.055699421065476956,0.28472247276012297,0.005180474538198163,-0.6588022348458775,-0.7015541214313439,-0.5345926144673818,-0.5389547215975011,-0.30066961094130107,-0.43108607467353194,0.6891565914411342,-0.09433503976290271,0.0,0.11548343470437351,0.5552186088039157,0.07921679728152245,0.6085893834969671,0.5370454453676888,0.2870468093180381,-0.7848444852283133,-0.5362933681795083,0.1256112320428236,-0.2464286321075464,-0.2999291153236022,-0.08831299346040968,-0.437266404230687,-0.37301229599690167,0.1402494446700285,0.6749794689165788,0.38098092263209105,0.38343261618113234,0.17363411279773402,-0.6658822441959769,-0.3358895706012442,-0.5148570420491673,0.44737284893990975,-0.35146225288317146,-0.2480398442809006,-0.7028446689784776,0.22471076250828986,0.156513973727247,0.5814479720023489,0.3172807249278281,-0.297042436465125,0.3377003002045339,-0.1986229354741055,0.16175412968065608,0.3217085595170021,0.34503598512159706,0.21071486435118958,-0.24819606646030942,0.33076277777963686,0.12961116250853374,-0.5919204251043182,-0.42824031003776764,-0.3752000801764816,-0.3561973689885726,-0.21019515921162246,-0.19497765815412157,-0.16381741159068458,-0.2398460846058248,0.27227776580542196,-0.020635837792022844,0.6194028054619066,0.819350989029203,-0.026880845000890847,0.5849835380475037,0.0847278572567872,0.061739036769670144,-0.235999078224693,-0.6399650280930423,-0.6311036499057514,-0.1375799575956433,-0.22540321797038712,-0.3222173039755529,0.2970481362166503,0.41601312516565764,0.20711363462424975,0.37889262619594694,0.3126749029721204,0.61784737763696,0.23031376359702999,-0.32133797370331624,0.5004048431150817,0.2757968519139137,0.040862578851317354,-0.7091680193135543,0.06558583996436153,-0.24875645872179084,-0.11365667915933102,-0.748041731750982,0.25464715059226806,0.39562461555966777,-0.2520969577514031,0.23689334409977034
-0.10958152143381308,-0.07019640651233496,0.3301001523576209,0.10561470252620538,-0.4616976405972465,0.12933952132648366,0.4074385479723603,0.4232923037789239,0.6419080303635091,0.1859906453142186,0.5499411504015933,0.5986607847004135,0.6749143886387058,0.8388267394751321,0.760671780570022,-0.23379563053486063,0.8898560035555144,0.11548343470437351,0.0,-0.3659346503489926,0.842045999016633,0.15393781913231144,0.6526831614121992,-0.6469527603490066,-0.21195514858913983,-0.12656853664300366,-0.7939748190131467,-0.003166646515138961,0.6094731402694293,0.6609257656906551,-0.8221741007650427,-0.8286038601588788,-0.7091104816344044,-0.17270597910135616,-0.44940137251033513,-0.6174329826922611,-0.7938691824023183,-0.5834675017946476,-0.6234016567820571,-0.6413268589032064,-0.5449071286199344,-0.7386419985438818,-0.44425299955138914,-0.280651615861987,-0.7358703935236786,-0.27557222791050323,0.04052346868050027,-0.13223033315878802,0.4046571018841921,-0.20927514730907562,-0.6145294063524498,0.5571947512388408,0.8182803871014213,-0.12300641662352194,-0.24966006408194152,0.6309924608506584,0.5188264431065552,0.6571059518324948,0.3611218800025348,0.6146864720064084,0.6371992322655711,0.6880113659266216,0.7796162005755108,0.805071930517823,0.7998346975712329,0.769087828527824,0.694290314598073,0.8540402395164703,0.7900223881611996,0.410386626104361,0.7989800835475164,0.4249766814496953,0.8796756619393765,-0.3636267161026375,0.613401604742481,-0.12839416714184826,0.22011319015016795,0.6806465582783437,-0.8634395209488618,-0.8422946866839621,-0.6798669003026494,-0.555151365644534,-0.7384567892162069,-0.6009910168216271,-0.7053972199065013,-0.3054116311327426,-0.7645648701335152,-0.8111324631719083,-0.5122842416329526,-0.6357969237792612,-0.7222533313036246,0.125555784975151,-0.023088357557414407,-0.8261399420937636,-0.7902931337201828,0.09465625278069371,-0.1838657998216987,-0.4792740684695859,0.45524566235821873,-0.5500249955835634
-0.3931986244798073,0.5851945912604681,0.21555229897141173,0.44199062222515295,0.6769273501492966,0.26006188358782584,0.0043394495264349135,0.2870081941082913,-0.01556926961547652,-0.43305504135575074,-0.7410299165792819,-0.63849155690436,-0.7695993667477192,-0.6665820520882721,-0.6783367519342992,0.5855851670942781,-0.5284143554359263,0.5552186088039157,-0.3659346503489926,0.0,-0.08880789521062706,0.10656678178524573,0.006259285131050609,0.3725241704470544,-0.2923074574414514,-0.3746098536094206,0.28860717699729344,-0.26375940003903003,-0.1446738105612846,-0.3914106818761773,-0.06461718843972801,-0.0034691297199887054,0.2638145134653032,0.2836101389756216,0.20981868233736906,0.5385281999971078,0.4157540985063627,-0.19333397480952216,-0.1030986566089395,-0.029629869487848112,0.5071289318991115,-0.0658545155025841,-0.11945175878707677,-0.029391343763772414,0.3670475544644386,0.2399741419760792,0.23939478777952367,0.10001639190791345,0.03912215313339247,0.5443402308631886,-0.010653951768731396,0.13593197224196696,-0.013011416837978153,0.37535150119626054,0.4553048085106725,-0.1518581515802089,0.255926618421348,0.11958989493975206,-0.33384902491207585,-0.3550011328333846,-0.30288458593728174,-0.37744553468812575,-0.286825711005596,-0.2839136381176327,-0.23070908270787835,-0.3155334103767293,0.17021177922470357,-0.2268741847180944,0.07537191266248729,0.3960715887950277,-0.0690031878522899,-0.014644678304676542,-0.16910102727438275,0.28997848313878677,-0.1384152613188457,-0.2822684109088621,-0.1775584398573308,-0.3219966532624723,0.08377616685997671,0.0068053221027043,0.3084782314297479,0.3116946285445736,0.3112641173563562,0.27949078049290965,0.35010099584639415,0.35281638298445905,0.41669973538771027,-0.01498449871905502,0.555951556576548,0.3692551012481529,0.06342059940820688,-0.4864794432027443,-0.13410456164351578,0.07334868565416659,0.08621064633156098,-0.2849311823282609,0.2753050274170538,0.28002606642824507,-0.011117606997362996,0.5088160933214743
