0,1,2,3,4,5,6,7,8,9,10,11,12,13,14,15,16,17,18,19,20,21,22,23,24,25,26,27,28,29,30,31,32,33,34,35,36,37,38,39,40,41,42,43,44,45,46,47,48,49,50,51,52,53,54,55,56,57,58,59,60,61,62,63,64,65,66,67,68,69,70,71,72,73,74,75,76,77,78,79,80,81,82,83,84,85,86,87,88,89,90,91,92,93,94,95,96,97,98,99
0.0,0.3468560414064352,0.4976431629785552,0.48427067281606595,0.34594674774851686,-0.2283521747699345,0.6950610465214138,0.3444230091353315,0.36106818850210415,0.7725012948328901,0.5320343732250103,0.3673619661320646,0.5409683906885185,-0.37957156018535626,-0.711046834924184,0.8463181865138694,-0.5557453516140809,-0.651735346331804,-0.4129448763657537,-0.7106766585917214,-0.8592608421645822,-0.608333561831339,-0.7988748463963641,0.29349346879264687,0.7346115227953879,-0.2171962945701205,-0.8733284331695885,-0.6858449566747797,-0.7203525340526846,-0.7900704156801761,0.6365342795197648,0.7353564919863802,0.8234568208005693,-0.8501506614868207,-0.8297369040001076,-0.3052643156515692,-0.5778141663576204,0.7885494420329612,0.6274506212563442,0.7393863894242556,-0.21747142958263485,0.6782321494320321,0.26101337831747745,-0.6867785367782,-0.7730227084081417,-0.5641542900605739,-0.8070543988176587,-0.8379568818603707,-0.4991694582274408,-0.2599677049230098,0.8965007187365439,0.5984373261092606,0.6841435796783274,0.45027641708257937,0.22080490082351556,0.2344841858343231,0.37914440789095394,0.15080379050960116,0.604369157620698,0.19553370090721447,0.3326684336609539,0.45378656871789314,-0.41168129133807674,-0.5803353616667971,-0.7372122309611056,-0.6315785818122115,0.29404867347166025,-0.6195789462585719,-0.7688463598048555,-0.8226036672079048,-0.8668850918102935,-0.604422512198831,-0.8448766467900449,0.7630646645959765,-0.28638440728064896,-0.05778226439746218,-0.7186452137964562,-0.6364594334352482,0.8367873257747493,0.8043610957403259,-0.5033641617202282,-0.6769933727293306,-0.6583711711523607,-0.8103496271863233,-0.8813902007226279,-0.800933317527976,-0.5803349954256223,-0.8202354377137494,-0.43971923884752556,0.04379101905737528,0.8163191743483014,0.9090740157845405,0.7735079128351793,0.633119108877243,-0.5062016571617047,-0.6675113641024901,-0.6534019784917747,-0.8398376623741817,-0.44743456310323526,-0.15797250191434958
0.3468560414064352,0.0,0.6703009210820939,0.8238613413871118,0.8592348243413781,-0.5382700720723727,0.5732014160455788,0.8674741210623271,0.6226484802497924,-0.1219494604475219,-0.3642824638150533,-0.5236649278231129,0.157934961567184,0.4026216204072621,-0.5065382562060639,0.5051697244610865,-0.127050100484783,0.40640718546356724,0.23257475732454003,-0.12120798767176187,-0.2811273796933529,-0.6234658450794986,-0.49569348909865557,-0.5393728026623706,-0.2013775674172281,-0.8133904961138197,-0.2624949016885753,-0.6972584034377565,-0.6772382205400341,-0.5909378946109634,0.7003312357301889,0.6359762952715243,0.5032350015641808,-0.35158310091825895,-0.4370425921795545,0.03518251055358131,-0.7320990177423241,0.4789773714444581,0.582931685051567,0.5010685359167838,0.2483853712935597,0.3573653582930582,0.34714303678867137,-0.4923842260199516,-0.04747493443271398,0.29618936584848804,0.02427150404400196,0.0437734434423946,-0.423077308018249,0.17515262678530277,0.23995171708652094,0.6375512217020376,0.556362856854645,0.8455542135513798,-0.2560464813582709,-0.4579222862902674,0.8754394429285892,0.8608398488103673,-0.3047540458963705,-0.505179531176497,-0.34615693979308976,0.026244787939828988,-0.3291473244153197,0.1610556890218343,-0.21651534057635824,-0.5623241050568933,0.7199848769512389,-0.44375151373885285,-0.5562317017437652,0.08893878806242411,-0.3874208193322986,-0.719940791727387,-0.37655404823136696,0.030263627829775593,-0.6804425039512845,-0.7446224766739445,-0.6459109527159932,-0.7031734052137166,0.46781302514915324,0.5623132794365058,-0.6628888999050604,-0.2495631684657816,0.014418211203211153,-0.36889578469114737,-0.36813679141129185,-0.0950573438526026,-0.7137576007579328,-0.3900091337828156,0.08138260147749636,-0.3010929285806884,0.4863354247277358,0.2364991856372226,0.5212313456230515,-0.22259117071048728,-0.2733593820483861,-0.15260519477162418,0.2092858854080213,-0.039928189766446916,-0.48711040810355666,0.2470804095830015
0.4976431629785552,0.6703009210820939,0.0,0.5564896299028644,0.7074907253265957,0.05379808088107551,0.7410370793617687,0.5893765109868216,0.8800167472608957,0.12940222461839263,-0.0201612945491837,-0.28353175141666576,-0.019739839924965266,0.1348641546278812,-0.42266498070708547,0.4122029843320352,-0.4898596165747161,0.11388000069778843,-0.2333418557455069,-0.06227716687869521,-0.39579338400990555,-0.7702062729325256,-0.5024656564068966,-0.1072401920625695,-0.00027749036748602016,-0.504899660923104,-0.2713885380993244,-0.5686705885338516,-0.4740202735576895,-0.6166473738090255,0.3681399516049444,0.4202469537075488,0.402621999822569,-0.3963395885294105,-0.38994545007127507,0.35143549563991294,-0.3728994827189764,0.3280415106621431,0.42853437814259304,0.4457717452765394,0.27665726751888925,0.2523160350319989,0.04683921382727873,-0.41426581542438506,-0.2110511291807122,-0.044830118002196856,-0.1498721711262629,-0.12889907654804758,0.07502932069519823,0.17578411476526656,0.3088527568776103,0.8083540678448361,0.6715633287130908,0.5508912762661987,0.40523137933445724,0.20983672462633526,0.6419747038286797,0.691230905522925,-0.0706934943560365,-0.33135970240179385,-0.34725770532545813,-0.1644359566530256,-0.4931683742464354,-0.18103376765329265,-0.41996539664896176,-0.4549791058542517,0.6360282255092649,-0.624898947427048,-0.5228726405669225,-0.08811336474036857,-0.40389701359130153,-0.6452520073945313,-0.4778596325693235,0.4642838444140143,-0.48865888579407923,-0.4612727884992405,-0.4096504945765006,-0.6393954643550925,0.29787670801779753,0.42710900173560756,-0.3859520304333131,-0.1357999542525162,-0.14897211154842946,-0.3408371217165746,-0.4155083651321352,-0.19134909364558547,-0.3611862329442418,-0.4421886808061437,0.21610186913959745,0.07673186602066061,0.36502210104657246,0.27847793252632314,0.5066851156280021,-0.05844178737458627,-0.2914741452668155,-0.2693445311765525,-0.11976308326189837,-0.1833292841050456,-0.019935109090720732,0.22473329520850552
0.48427067281606595,0.8238613413871118,0.5564896299028644,0.0,0.8826102952479938,-0.6299870199535956,0.61275504090959,0.8733431938896333,0.5599342443745289,0.010907517941533901,-0.3027778818248844,-0.47256759195268727,0.2016970910028801,0.2336606852995463,-0.6770398836767864,0.6250047227956109,-0.27447936946164664,0.2437731403512278,0.12234402996834912,-0.2000872084744009,-0.47060071491097255,-0.6933829440035553,-0.6595325342622321,-0.5025282479110237,-0.08506762467369641,-0.8390669816396488,-0.3894639694037548,-0.7974138626895065,-0.7972926543816821,-0.6941278075062712,0.8171975282729365,0.7542415522793474,0.6671553455245399,-0.4786438254710663,-0.5571315966422261,0.02245322640621309,-0.7874234183587957,0.6224395126119124,0.7333181670469848,0.6732058142519399,0.2970560977253319,0.5636038865481974,0.5193050231160405,-0.5101976475640164,-0.12367454549174187,0.24429870889201116,-0.0975752906314188,-0.11013760494883879,-0.5312779452675316,0.24089438315173747,0.3757072630516204,0.6574562685069546,0.5688022107718799,0.890048142348256,-0.29188303788693126,-0.48165118895051023,0.8660857558851874,0.8183556471269708,-0.2250635605024342,-0.5266583975650098,-0.32886409159500524,0.05887425278454774,-0.4602329202916448,-0.010718202834852473,-0.3964094700956506,-0.7234033925819364,0.7855070736071849,-0.5822394578356315,-0.70754556000603,-0.09917774921575943,-0.553433329282253,-0.8208469626286472,-0.5447896163754943,0.1404143860438273,-0.7784563281084262,-0.7631829823090808,-0.7683008547953569,-0.8042022763996733,0.6230356946211214,0.6732625913879305,-0.7751242352945962,-0.33334874378157586,-0.025671467757212928,-0.5007415510243697,-0.5273705757115296,-0.2016246319524098,-0.7738367861908896,-0.4771166925242792,0.06358742032837111,-0.23565298049792754,0.6438579244322487,0.3781803367303834,0.6773910407730992,0.017471163753691506,-0.2246305462183054,-0.1637383057881443,0.14037411924410545,-0.17013566083520681,-0.5282261030569935,0.32527278091236356
0.34594674774851686,0.8592348243413781,0.7074907253265957,0.8826102952479938,0.0,-0.336605911781071,0.6294142252432788,0.8059450785558318,0.7343582012999595,-0.0957715297291516,-0.3526067702409212,-0.5436038841883022,0.00011761394773519584,0.25945148636181264,-0.5323146290369585,0.4524814210197571,-0.320196317065285,0.36696426194523896,0.01688069366190873,-0.013868150542711163,-0.3325771650920448,-0.7036355446350542,-0.5226667391703533,-0.4370832463532307,-0.20729355909259917,-0.7472559030435069,-0.2055884882819596,-0.6555994444517452,-0.6177600955817436,-0.5968847485223958,0.6018560829009213,0.548721844666145,0.4672124207863685,-0.30977567207139284,-0.37107102138457143,0.24534563521417718,-0.5928469346317747,0.3878386412134086,0.5481278960603156,0.49333706493668367,0.3817232075018264,0.39365627341997567,0.33621161430640595,-0.3994248888646484,-0.003772439644341476,0.23520304995333033,0.035801743551636664,0.044352760114947924,-0.20414866419217675,0.26712300906955133,0.21205566166585452,0.7246350020726909,0.5748500271534228,0.7775872562330114,-0.027414628336708335,-0.2540978995899069,0.8209026930558669,0.8654917496587863,-0.3120155359856445,-0.5712814555495996,-0.4552408315231738,-0.14141907761213662,-0.48209453341651703,-0.004070294941228582,-0.34029253039256935,-0.5956522290280432,0.7661475329604434,-0.580423193672839,-0.5619653417452789,0.06898739958564584,-0.3898030035742267,-0.7237204739997507,-0.4266854320700723,0.1537985271166362,-0.6944061917515235,-0.7087896815000424,-0.5599515306919537,-0.7128855543174292,0.38915460875917324,0.47173900405034797,-0.585316279306367,-0.12550736336625304,0.06718971525807936,-0.3076660620270985,-0.36100838060000623,-0.042183676552359786,-0.5739918658933995,-0.34316867920260685,0.23058073665867357,-0.10622059227027797,0.41971660700935287,0.18013376941952605,0.5233401646006054,-0.15330879136558612,-0.17967662188274652,-0.11251290258743536,0.15538690526200594,-0.03502671028537025,-0.2534497715607899,0.3092478656066132
-0.2283521747699345,-0.5382700720723727,0.05379808088107551,-0.6299870199535956,-0.336605911781071,0.0,0.061006784674559354,-0.43774717504426625,0.2304660959349497,0.1549850175183628,0.34424422547428696,0.2933084493110736,-0.2621249229803281,-0.28574072581829335,0.2950631073328652,-0.27522525948243565,-0.22015031691617945,-0.14411987661109635,-0.5118732163645027,0.1601424037696605,0.11630781392751809,0.035186317933676735,0.24395600750165683,0.5920609658762919,0.14178646667749814,0.5402922613593334,0.17562512852202758,0.3980057712500061,0.4425455679025765,0.1865044737939611,-0.5432723243054247,-0.48927278326740925,-0.37817167925499395,0.23097579818171288,0.30084315569482006,0.3362049933908639,0.5609775264865982,-0.47649371753134834,-0.5180771174128886,-0.39671686501871195,-0.09124814548959671,-0.30348475399162594,-0.5327396379751659,0.1687227964406302,-0.039189911647528844,-0.43907700474813943,-0.04831746092831292,-0.025115686084070592,0.7378356700473349,-0.21768202353605026,-0.09134207559826751,0.09025584578511871,0.07834533054267674,-0.47604812220897824,0.8332604197039604,0.8184106016880149,-0.34023738904027084,-0.2555876850669392,0.24197936056400174,0.26989419338087606,0.07573038841305205,-0.22780211549464852,-0.013276318789457476,-0.28303232348164836,-0.04227259079668541,0.3189240700373137,-0.30647925291755035,-0.005197966639450907,0.31732172346638243,0.04002003061722155,0.22049222925307738,0.3521709351442202,0.12579778112234774,0.35238441418661853,0.4768783387632113,0.5057521410198867,0.5013087352754392,0.32102624479871916,-0.40643573287008944,-0.3899043752915637,0.6176099021111024,0.31019814336849766,-0.07286523758792238,0.3317092704417171,0.22943081335292428,0.09008862507706916,0.5675134686295645,0.16364432248000246,0.12450455358407361,0.48691263019851433,-0.4395320888962285,-0.1991372095997536,-0.32936787200921586,-0.06699857263546355,-0.0019691356238454674,-0.1541023271487265,-0.361322355047188,-0.028421695084835285,0.6464077175972093,-0.310179426768742
0.6950610465214138,0.5732014160455788,0.7410370793617687,0.61275504090959,0.6294142252432788,0.061006784674559354,0.0,0.5207232455896427,0.7818844276300811,0.40486131115586493,0.3113518297372292,0.06501253013054221,0.267606521493573,0.02779431150978748,-0.4281273863500245,0.6044991116924442,-0.391187745743588,-0.0605667772144289,-0.26693079674315423,-0.3630499111907285,-0.48145940935719406,-0.7025289310839705,-0.5379127631564019,0.17277933372580925,0.3186379031044625,-0.3311262897426715,-0.5080157455822353,-0.576580448777957,-0.5278035915681056,-0.6688671956013653,0.4161294916766743,0.49676307055397817,0.4708064046682071,-0.5348495054083968,-0.5519666981514042,0.06967793377712198,-0.44750420212007813,0.4262729095702955,0.3738977944638259,0.4503352361824258,-0.05457105772204628,0.263351642905547,-0.08810950743462947,-0.6142906978097726,-0.48577806216517594,-0.33365138161607766,-0.4343528283562866,-0.39436307911848445,-0.09277881939019314,-0.18016810384777265,0.5081635173301297,0.8113214637938984,0.7845616467010287,0.5107496806806152,0.4545187946641613,0.3003290405219684,0.5938364189722958,0.5166149244302904,0.24958845803704255,-0.005757433935209266,0.02623678243699847,0.15391892921245404,-0.34725809334586044,-0.2369233627535774,-0.45389548187110257,-0.415444882241651,0.4269592822966242,-0.543555231458048,-0.5453380290668978,-0.26809539278158684,-0.5182578605730692,-0.5559619938373399,-0.5359769093155019,0.6168656420364582,-0.2449365829920275,-0.2177373659824465,-0.473561058920709,-0.5844771152283644,0.42584485671350897,0.5478529995402305,-0.2993509146998302,-0.3539883785964973,-0.41637675795512685,-0.460778800293863,-0.5345522221335737,-0.4358639471049148,-0.4379981510456632,-0.605674183976688,-0.09801198462052745,0.05500768302461672,0.43781282351545486,0.45700469065181115,0.5277223424096161,0.036471357688596044,-0.48307230989658445,-0.5548007982230949,-0.39434500717036103,-0.4513726413014825,-0.1988165286078297,-0.11252236185609601
0.3444230091353315,0.8674741210623271,0.5893765109868216,0.8733431938896333,0.8059450785558318,-0.43774717504426625,0.5207232455896427,0.0,0.6744823300515856,-0.12367637729673724,-0.30491900867951244,-0.49780739753011816,0.21687166245485387,0.539268979535839,-0.4367316038346293,0.5093380111251633,-0.04778835017176716,0.4293268102727518,0.34385838873305125,-0.15484587200682598,-0.23827223088521438,-0.6207412057972194,-0.47052565329107593,-0.5680515330871997,-0.20691467330207836,-0.8416061613645096,-0.27632786850158464,-0.7294202518241192,-0.6785806877369026,-0.5989834749575119,0.69494525887582,0.6606554486274284,0.48711617969992105,-0.4017999515881306,-0.47491542403143827,-0.001231964048074084,-0.7638635771625899,0.5215662732115887,0.6157566357791332,0.5159208074117888,0.206262784669745,0.2667388896471008,0.2885855446915144,-0.5448397029251832,-0.10294282191922216,0.3244287587129457,0.009119832080233935,0.04413694422853069,-0.45249414646218783,0.17568919536962083,0.22797871305752737,0.673377252693302,0.5828641545786521,0.8624487424990723,-0.27499244153306274,-0.4588488125724694,0.8997515309574657,0.8800194515076973,-0.29630926877250313,-0.44920104083339596,-0.3080452814858328,0.08297515942982986,-0.24576473372404548,0.2709818091442224,-0.14003728704883875,-0.4917978639072538,0.7221047652300405,-0.3864978756178891,-0.5645808779029156,0.0970648821377169,-0.3712698277508005,-0.7338310353555004,-0.3450636635257423,0.022256546413226518,-0.6656744455058639,-0.769649821839544,-0.6636732878648631,-0.7110273338730034,0.4554389387832626,0.5929392478024991,-0.7017857753283169,-0.3175650050843088,-0.05244242945179847,-0.4273678954287865,-0.3845845616183894,-0.14442759269900526,-0.7505227372290448,-0.45182520022877487,0.04940162362313704,-0.40592992557003316,0.5020886467441484,0.25437224756717386,0.5467363266694388,-0.2861293268861332,-0.34159452360084874,-0.1755820323729485,0.21816577063160092,-0.036704290098909034,-0.5467615456448267,0.2675701237350718
0.36106818850210415,0.6226484802497924,0.8800167472608957,0.5599342443745289,0.7343582012999595,0.2304660959349497,0.7818844276300811,0.6744823300515856,0.0,0.05630411285531643,0.0189461911639546,-0.20592986669065325,-0.01137797012229263,0.22072306785805343,-0.1878477675806891,0.28006018361022883,-0.2817656671067405,0.19538290662156405,-0.14788409027517374,-0.06148023498017476,-0.1780810537637125,-0.5809183637492762,-0.27382336233057375,-0.044369881983814724,-0.013370990744018508,-0.33336572959643035,-0.17713029513230227,-0.3797597189156032,-0.2938946477476177,-0.45601350893208775,0.19486020842603644,0.24433493104325774,0.19692662501275443,-0.24371741094248187,-0.23916202141036763,0.2266391493916933,-0.26773973342199353,0.14671119724670428,0.16041301964541158,0.17071195818608603,0.07086575850840786,0.006422835707378827,-0.1969548392316676,-0.4112926009070268,-0.1901679013078594,-0.11419967277500877,-0.08848327916006597,-0.04131032622286593,0.16205002906545565,-0.04350886066206252,0.2189090570579551,0.690611811594923,0.6164121531229981,0.38906923074887156,0.43607161853893833,0.294865844400046,0.5437359900413334,0.5648642189924045,-0.03973654440295588,-0.1721448645894596,-0.23017886525868728,-0.11076528513666196,-0.26075664921104036,-0.024492679741422798,-0.19876510029698394,-0.2101749603994874,0.4048801943134085,-0.38978461561318345,-0.2910732174958126,0.061428084213095833,-0.20854524091812726,-0.41483421580068996,-0.25897212398247565,0.3482354095150559,-0.2501652656298427,-0.2843089217955322,-0.23123834873443222,-0.4278158835956189,0.1381231718940221,0.28592969920142924,-0.1675639035384688,-0.0889799325034009,-0.16848440367927278,-0.18384107786729853,-0.22705586810783723,-0.1217794505041632,-0.2512177804770592,-0.34830322609126446,0.09501846786134603,0.017780712471351615,0.16278516150603062,0.1572618740657791,0.25654321473425684,-0.2792854758471241,-0.39257187756318523,-0.3291003491279655,-0.15116302257500577,-0.10892276950685037,0.008432414016862162,-0.014143153937349016
0.7725012948328901,-0.1219494604475219,0.12940222461839263,0.010907517941533901,-0.0957715297291516,0.1549850175183628,0.40486131115586493,-0.12367637729673724,0.05630411285531643,0.0,0.8411757099267276,0.7590202356704407,0.5511426719512941,-0.5284118738631838,-0.34304877514227655,0.5608874184202932,-0.3881212349461298,-0.8288936258340038,-0.5207444916900794,-0.6856379313797113,-0.6380003486842342,-0.22000585359431563,-0.45218297910156063,0.7451443849111391,0.881143623543534,0.3213945264479162,-0.7061384499333384,-0.23727901789125466,-0.28195982505413847,-0.3951107246134607,0.23786016820828149,0.3250121686439636,0.44279579458104124,-0.6290001331976379,-0.5874091020024188,-0.32899682835380967,-0.12759848098466028,0.43649706991903536,0.20275783505082917,0.3948717990320489,-0.447333520551206,0.44232570565726115,0.0033278509866634153,-0.43077924906185144,-0.7736195333461875,-0.7832569980830794,-0.8499452129946369,-0.8544981510707311,-0.19233246378443597,-0.4836231812203547,0.7435292213185976,0.33770200458754307,0.46485130000390545,-0.00880719510469329,0.5145459309159015,0.566372208467664,-0.04728735369525646,-0.2963237306556986,0.8374712192547561,0.5731423815291523,0.6386573240266255,0.5446167241205663,-0.1332254124602173,-0.6208169395806672,-0.5645727677275092,-0.23783226838929808,-0.1760353191825049,-0.31536913683883877,-0.41602458735009307,-0.8325800642730035,-0.6171466668357727,-0.11957093081011101,-0.5786377115617232,0.7902755533499735,0.22932677495883189,0.45819522474910046,-0.30185923768436396,-0.1560749399911208,0.5081400885307665,0.4394597204172455,-0.03856395311156357,-0.5695550333308156,-0.730258284266565,-0.568712930929293,-0.6306473315740189,-0.7635550599925376,-0.14975083073409415,-0.5968972952212488,-0.5318539116478423,0.1854662289009036,0.4468400032463904,0.6988517768925502,0.42969700455833515,0.6505906145590569,-0.35941188429535625,-0.659055689648659,-0.8245070495426485,-0.8398609216702254,-0.15470035768749976,-0.4519023579780809
0.5320343732250103,-0.3642824638150533,-0.0201612945491837,-0.3027778818248844,-0.3526067702409212,0.34424422547428696,0.3113518297372292,-0.30491900867951244,0.0189461911639546,0.8411757099267276,0.0,0.765596869023649,0.4683790018480022,-0.24496353824021408,0.03487811929883784,0.26966724412686255,-0.04367683123491389,-0.5647476077914833,-0.28336172467631154,-0.516491418071274,-0.26514107806601045,0.04526367765453749,-0.08889206480665486,0.7317369569835483,0.6900092228578408,0.45178134547421084,-0.4484847657872711,0.01388510138547369,0.006303799297250612,-0.12046277019486964,-0.05756422127626474,0.04740437368799352,0.0961410741942906,-0.35563328449479276,-0.32328496259236345,-0.3073554379800346,0.04456284008618726,0.17096031621845437,-0.06248186601946234,0.10503855965880698,-0.5183338084273199,-0.005591181833979857,-0.30129220816054364,-0.3141448608602952,-0.6142904383734288,-0.6624341926717903,-0.6198508435282684,-0.5925998965048725,-0.010656280296782481,-0.5417545847372052,0.44274724424564516,0.13701277514676743,0.27880747133372263,-0.22827174810408182,0.5031670144427821,0.5745662613886457,-0.18816163727600688,-0.3904191823773795,0.7189782576287375,0.6914222233017622,0.6931453972835684,0.5001684682523803,0.16919890453455186,-0.2888610198967832,-0.1804892823084112,0.1290685297819998,-0.3556194167769318,0.03683831360621364,-0.07462311131442105,-0.5091356441710276,-0.26513576881456574,0.15514426427915748,-0.21348974275553037,0.5540700798467805,0.4784940881170208,0.5574647116807846,-0.02399047537794356,0.10770013841837237,0.17152418107976705,0.17806849173713918,0.21183326749711512,-0.3995785771286855,-0.6166958039995701,-0.30377515221527457,-0.3067072893083194,-0.5633510621499481,0.033879316375017204,-0.3903453979618205,-0.47116334593259057,0.11185264990348115,0.1495368093267878,0.4212073948419777,0.1272075453216241,0.3231389342877061,-0.3300600854470524,-0.5428615537609698,-0.6701156808313453,-0.5851443804193631,-0.05106545235725462,-0.5052800707697878
0.3673619661320646,-0.5236649278231129,-0.28353175141666576,-0.47256759195268727,-0.5436038841883022,0.2933084493110736,0.06501253013054221,-0.49780739753011816,-0.20592986669065325,0.7590202356704407,0.765596869023649,0.0,0.5089727443157254,-0.31734306998415374,0.15105797332838575,0.16700898103759776,0.08412804401072821,-0.653852462624159,-0.2271154197679596,-0.5388590400140457,-0.16591104400539716,0.26933425922117915,0.04494499389939782,0.7862356869699286,0.7275473285812022,0.6199569284400376,-0.39648992528072774,0.18225466445286093,0.1439432935861667,0.058333190405671545,-0.14326093531691964,-0.06592149996302561,-0.010372345500363941,-0.2723273475209664,-0.23383135285547388,-0.45159468013318016,0.15986116482466203,0.08294895336628373,-0.19921117686855921,-0.02617535976459617,-0.6343748376015538,-0.040244437901690265,-0.3039930410173722,-0.1926814411034282,-0.5907830443045526,-0.679466301919276,-0.6176621852442291,-0.5977532426461509,-0.057871088768877844,-0.6222627231136181,0.38171111767304267,-0.10046873392696073,0.08715257618780725,-0.39258229742168105,0.3939882795183609,0.5219331137550609,-0.3956736811911287,-0.6213271651030613,0.7779586966183717,0.8145884447706089,0.8176826763109193,0.5873523996581584,0.3230791113392177,-0.25856662185850987,-0.07528825219725295,0.25971356974050164,-0.5742906743369608,0.20308897418506316,0.059535625282042696,-0.535592481028019,-0.17077760304919185,0.3433142656695968,-0.08789983999162646,0.44461235361759877,0.6273504755475188,0.7248911015165106,0.08875432360680664,0.3028980177054866,0.11432757537295961,0.06371763833231044,0.3194628050771685,-0.3943965612380618,-0.6135070100693075,-0.2311370017397605,-0.211384776978449,-0.5354869067848559,0.14399878939987773,-0.2749881834566262,-0.577738305686918,0.07300853359090374,0.04642079194936897,0.363665706669427,-0.024356635165185093,0.3668377451042452,-0.257179174301905,-0.48764206928102777,-0.6670611459474531,-0.5671192271417653,-0.06442134736198449,-0.6052984974845244
0.5409683906885185,0.157934961567184,-0.019739839924965266,0.2016970910028801,0.00011761394773519584,-0.2621249229803281,0.267606521493573,0.21687166245485387,-0.01137797012229263,0.5511426719512941,0.4683790018480022,0.5089727443157254,0.0,0.27277603865034883,0.004837442129079596,0.4262697646332331,0.3506656893916376,-0.3863961398360006,0.3578773449692293,-0.7498393707749285,-0.1851236947463746,0.08965687788473073,-0.14672396174788516,0.17384327290722873,0.5257149976760067,0.016194879486246063,-0.5249748869815978,-0.2565852915179923,-0.2724877324245395,-0.18097837285313267,0.43621971045863783,0.42701024873796745,0.26308936977919245,-0.5554634373497719,-0.557053958166958,-0.7890466459859173,-0.4281144662234699,0.4819049777495377,0.20054414042199212,0.20578520582556942,-0.6744820614407339,0.15504250432185582,0.06461742716869895,-0.5257095657427474,-0.6215063351520427,-0.28744717399022274,-0.5630900446817172,-0.4738873209237644,-0.6210316177022099,-0.5678870556061651,0.4799283522802706,0.19814776706306558,0.3402290003281756,0.23178628701551787,-0.1092228933097377,-0.019455001794610977,0.237321417339333,-0.06444299603700515,0.5501683625201572,0.5716663585081317,0.6922718577243412,0.8503854332743694,0.4547820629560659,0.18716847481830334,0.07884739480737214,0.06613376214796532,-0.24090673770415225,0.18983186399482205,-0.2613170290656651,-0.4614854119723311,-0.3525827834634072,-0.05138532471746132,-0.16032597329391507,0.13648585783204578,0.16285721371814915,0.17245536829137303,-0.3963882822978703,-0.03722631074533473,0.4649346161015144,0.47896273180374777,-0.299871352112003,-0.7775742111279886,-0.7017931536372771,-0.5952817157444953,-0.4045132795494835,-0.6636192525116086,-0.47106259721135735,-0.5525136112281387,-0.7875378683885251,-0.6446749609689777,0.3825755724252023,0.5098147713109478,0.2712278924920816,0.03749430380035257,-0.5864971179172739,-0.5441788092805759,-0.37838485174062075,-0.5175642387781207,-0.6851109021302473,-0.5067554299015393
-0.37957156018535626,0.4026216204072621,0.1348641546278812,0.2336606852995463,0.25945148636181264,-0.28574072581829335,0.02779431150978748,0.539268979535839,0.22072306785805343,-0.5284118738631838,-0.24496353824021408,-0.31734306998415374,0.27277603865034883,0.0,0.3562845282489552,-0.10971944359361165,0.5996129292754754,0.5048041545877591,0.7341606185224924,0.0015169103725734582,0.4245036598626723,0.09254627162093397,0.255255586814035,-0.4567765698220862,-0.3486910827256976,-0.315984436193759,0.17822957843915763,-0.08659541529400079,0.012179287749127386,0.09606557143991426,0.0879998446893784,0.08024939085373738,-0.19333526215509064,0.02595005427223587,0.0014126407643266627,-0.19584542304941358,-0.2482547162036067,0.022941848061635448,0.027116834741095275,-0.12851306543070382,-0.13839757639035996,-0.42118559443170045,-0.1596594225103747,-0.1585304581765326,0.08171839722694955,0.42925998793466635,0.2583728733594251,0.3709076753696285,-0.17873314401925536,-0.01443109978681476,-0.24576637337752477,0.10702030448645804,0.05141116375393684,0.2540610666981106,-0.30161129766220457,-0.32591651193736765,0.37592318944900444,0.37497445643528254,-0.2858698069727802,-0.007988781362751558,-0.02609725536707585,0.20863590622529918,0.4682287610121381,0.7724562001175009,0.5658665962663613,0.3053973745108049,0.0634241433726726,0.38149118923677217,0.11899915438266286,0.4159275050748573,0.2531573755023218,-0.025063226873872264,0.3484381047273185,-0.4203635070338384,-0.05649505545773076,-0.3131549800234932,-0.05821065468003741,0.014925936817725072,-0.12320867885802834,0.05561053011372709,-0.19607069222167228,-0.15326923516380217,-0.020402602270242497,-0.032989264953487814,0.1902763848839639,0.072613492169278,-0.26089190773328,-0.048070066815939144,-0.0910770070902912,-0.6796772001457305,-0.07916637494582701,-0.18108592252593467,-0.07561446565394782,-0.6710980669113219,-0.2711052718365673,0.05084602317461291,0.3710562634584385,0.30698675321330926,-0.35471254941551483,0.03856860695509577
-0.711046834924184,-0.5065382562060639,-0.42266498070708547,-0.6770398836767864,-0.5323146290369585,0.2950631073328652,-0.4281273863500245,-0.4367316038346293,-0.1878477675806891,-0.34304877514227655,0.03487811929883784,0.15105797332838575,0.004837442129079596,0.3562845282489552,0.0,-0.650558828645168,0.7313309304934572,0.23492262494940422,0.4833003800855921,0.18404244977980255,0.7744760454189054,0.6596187298801589,0.7958207727581611,0.06683709335043146,-0.2367744191003017,0.4710575032752008,0.518767616515354,0.6450741428160162,0.7242397073495535,0.6908972253478334,-0.6231972036298222,-0.61203021019741,-0.7679438321516716,0.4704747464165347,0.506055344968446,-0.16408714503806923,0.4952138671154521,-0.5807638891985847,-0.6773236314721207,-0.7463676448373916,-0.3830151145566089,-0.8077121916615448,-0.5979107702385601,0.32910430463762147,0.20782991793324965,0.12919424416873657,0.31853832238332297,0.4305250616478125,0.34933944206590395,-0.2543154582366959,-0.5410315943166266,-0.45670445548102456,-0.4206956670022561,-0.5494737554815106,0.04156029327030289,0.16103034629575078,-0.40641422528196736,-0.36231592710176214,-0.06761872922511698,0.40423218213857925,0.224187566173977,0.10596486188239755,0.7765564840166933,0.6378022316796528,0.8114828298310661,0.8688730963851208,-0.6425847161883261,0.801956664152275,0.7263427330220408,0.455614700584623,0.7000404775595316,0.6967687892699901,0.7698930088765927,-0.46819526390815586,0.630071403032075,0.4075079570598845,0.6382996612583461,0.7232180679476322,-0.6561532485295777,-0.5662812204075313,0.5411494703299068,0.1854415217178344,0.02502654339568313,0.444080730270369,0.6542180223435021,0.268901396565382,0.4774218163145526,0.4088050760220873,-0.12869896009967785,-0.34807511451405465,-0.6844045147956548,-0.5257798044868975,-0.7013276950492611,-0.6313767985501837,-0.04633265992144308,0.17253999845287932,0.18315740230991714,0.4176550848912596,0.19396367032198414,-0.314223602220719
0.8463181865138694,0.5051697244610865,0.4122029843320352,0.6250047227956109,0.4524814210197571,-0.27522525948243565,0.6044991116924442,0.5093380111251633,0.28006018361022883,0.5608874184202932,0.26966724412686255,0.16700898103759776,0.4262697646332331,-0.10971944359361165,-0.650558828645168,0.0,-0.38287018939844863,-0.3164854395488082,-0.2212789971918948,-0.6347830563758643,-0.708791165870354,-0.6264804799366478,-0.7267322470902641,0.12401272281589604,0.5392252059382044,-0.37676525995736637,-0.7878081597256901,-0.7118662165664338,-0.7614038305518487,-0.7874258942067056,0.6953743112567299,0.7432910203051031,0.7408050713165133,-0.7285972701688038,-0.7686762148116411,-0.2982048995842312,-0.6964617880904976,0.7204614472475892,0.5727076574727897,0.6675481387758893,-0.19911147223725986,0.5482109356777746,0.18208550985934877,-0.7597558592763706,-0.6444455195515936,-0.41431082805368846,-0.6386491099509424,-0.6534289769409245,-0.5684548965419525,-0.29205290101952636,0.7641506405182286,0.6053213624333433,0.7259491947305513,0.593190441845422,0.0437896110296569,-0.026556915484215026,0.5615044480355083,0.34522736126614284,0.4209106681215405,0.06984603030770505,0.2557273245535767,0.42866680740923685,-0.34522392445009437,-0.3631024706361418,-0.5839856351867296,-0.6193796862770123,0.38024876102254646,-0.5430132397550687,-0.7115689404154776,-0.555395510953711,-0.7530169819214707,-0.6303198211262904,-0.7156161336805809,0.5945712416272464,-0.3306414566214056,-0.19841357354383718,-0.7340614067150155,-0.6720888728835962,0.7640251706481439,0.7866252638891046,-0.5055456716775315,-0.6098758009214417,-0.5128569935188497,-0.68810715526212,-0.7537149988277246,-0.6451073388969163,-0.676348238968903,-0.7481178961091064,-0.3791435799524784,-0.04148185460940618,0.7367948425367419,0.7598771854823235,0.6772517465409625,0.3433083209965777,-0.5350732543558979,-0.6512496076398001,-0.4850592571495341,-0.6791711869797868,-0.5504773693628211,-0.1930237583032973
-0.5557453516140809,-0.127050100484783,-0.4898596165747161,-0.27447936946164664,-0.320196317065285,-0.22015031691617945,-0.391187745743588,-0.04778835017176716,-0.2817656671067405,-0.3881212349461298,-0.04367683123491389,0.08412804401072821,0.3506656893916376,0.5996129292754754,0.7313309304934572,-0.38287018939844863,0.0,0.330721759624614,0.7918447137481621,-0.07450565650486685,0.6077554421051402,0.5738073414594284,0.5480755477981472,-0.22053020957022088,-0.20402326282374997,0.09430483889609233,0.2323948733831209,0.2768738209902508,0.29551351381270907,0.44641904418503575,-0.11857333993782936,-0.17315313700226445,-0.42865702388186505,0.21841997523985057,0.1815358847453679,-0.4990071569720393,-0.02879355978578766,-0.16757031466238348,-0.29018272714169924,-0.4044189554969823,-0.43364612601289093,-0.5510839785342193,-0.24977329308178148,0.008651019714202051,0.08886320259962482,0.28496183636897376,0.22251019399540933,0.31180179177374556,-0.2475599406100726,-0.2967142257545685,-0.3434919958152282,-0.39349940351433255,-0.28680038248422873,-0.12404612569298201,-0.46694101323350684,-0.3723349581526623,-0.055171905360438436,-0.13326043909242308,-0.08817411584062933,0.3280639935148022,0.33842551918045277,0.41543610731518293,0.8026807805986967,0.797755291656832,0.7735050795275363,0.6007170363928506,-0.41902991842221676,0.7520302507137436,0.43183570775264196,0.37669186242196406,0.44767810740686914,0.41162556352544577,0.5997872473911313,-0.5906627857387603,0.35068353872825075,0.1150355756620908,0.18611157762841313,0.4362547464758594,-0.26132716200666384,-0.1805456750059372,0.10993818728251324,-0.12652124301900045,-0.03459871959751197,0.14597481507645488,0.38988732581602425,0.10198147864526586,-0.042329629900482134,0.16921575086939972,-0.3436492642766873,-0.6656175166138596,-0.2901062709179255,-0.2676155229144706,-0.4064086918769279,-0.5738586324975656,-0.16313390518015897,0.06022963410545507,0.28469392185777986,0.28994613701766786,-0.357341693990844,-0.282817517578749
-0.651735346331804,0.40640718546356724,0.11388000069778843,0.2437731403512278,0.36696426194523896,-0.14411987661109635,-0.0605667772144289,0.4293268102727518,0.19538290662156405,-0.8288936258340038,-0.5647476077914833,-0.653852462624159,-0.3863961398360006,0.5048041545877591,0.23492262494940422,-0.3164854395488082,0.330721759624614,0.0,0.4339661234465963,0.46482430543353653,0.4664346279280542,-0.03571849963058782,0.2710567409811586,-0.538577582486605,-0.672402892501924,-0.3845651242254143,0.4220417045551962,0.008498022865799367,0.05569219497682361,0.09387448556167474,-0.07950149134471174,-0.12738243287531822,-0.2796100120090507,0.4133232463738999,0.3360869394069885,0.28886858132509285,-0.09715298905267582,-0.27034797812888023,-0.10958314670461368,-0.22037005120545486,0.31074410056991425,-0.43914983321377293,-0.19957398321564931,0.06344152637314959,0.49034470577459766,0.5313461402286477,0.614495450436191,0.6375877779433686,0.1274093073290713,0.2417222331559758,-0.5059792796705587,-0.014928909815261529,-0.07319976026776746,0.2077404609036104,-0.31172871463747737,-0.4473137953983617,0.3002393274773279,0.4654063669544206,-0.6495300337548457,-0.44112357604483665,-0.45101021661402974,-0.36401101945706443,0.07135891504831995,0.5618491548805424,0.41607813479098316,0.11687499982857963,0.28812669156021026,0.18024153669721127,0.24376453553751526,0.7470632219359983,0.41580593730880666,-0.046353605380536435,0.3808266851733312,-0.47807118733178505,-0.17629578982968752,-0.43651284706314075,0.1187687472029723,-0.060850562937186825,-0.3434679593899003,-0.20193646169935095,0.025721972962485375,0.39438937916773437,0.5044892668296389,0.4122888601231064,0.4185407392252544,0.5451072745061613,-0.04972626052512345,0.31456477984261894,0.413564350411204,-0.10160765317412321,-0.28050134414858086,-0.4761979489353891,-0.2595260578472264,-0.6770000784034887,0.10198085015072868,0.2948137506698218,0.5654806458771725,0.5894488516057694,0.010612507954908137,0.24758070267055696
-0.4129448763657537,0.23257475732454003,-0.2333418557455069,0.12234402996834912,0.01688069366190873,-0.5118732163645027,-0.26693079674315423,0.34385838873305125,-0.14788409027517374,-0.5207444916900794,-0.28336172467631154,-0.2271154197679596,0.3578773449692293,0.7341606185224924,0.4833003800855921,-0.2212789971918948,0.7918447137481621,0.4339661234465963,0.0,-0.04815059623301012,0.46139511688710544,0.36515820176772174,0.3280342567074347,-0.5289449664112054,-0.3313810298781524,-0.25480625388910494,0.1955734871285994,0.0014189350476062211,0.0419053060395571,0.25599516507965225,0.1438261599791022,0.07828457216524853,-0.2000262759002829,0.06614704895606012,0.028253107915243686,-0.42368211846361153,-0.26256221727819334,0.06248749807862059,0.057486411317496426,-0.12778496364918118,-0.2041383330986419,-0.32945258800865185,0.06052692983163022,-0.04843185366119714,0.14149960018581878,0.5311789037811262,0.28034070885010803,0.36277900974986244,-0.4188656524497898,-0.011387526744617037,-0.2763941963169808,-0.2068079962459583,-0.20584785569611555,0.18082184621493688,-0.6459549797961817,-0.591209584536114,0.21907397147885033,0.17041196557252786,-0.2802895855497468,0.050472791571819775,0.09491420609194136,0.34712398794603866,0.6068356218318853,0.8358558558365342,0.6578134111359767,0.3412459264757368,-0.08632999510662365,0.5531846605196059,0.17541169395654196,0.34830062199987327,0.2759533172316284,0.09865348085651172,0.42871530253701273,-0.6355453927985444,-0.027323428866413917,-0.25576026502445653,-0.0711144552940482,0.15304700469352003,-0.0695935027183247,0.022711774190576697,-0.24155957295767294,-0.22067718961460217,0.027773010788149605,-0.04460409910608686,0.22392893884261564,0.07401318399266321,-0.2862137005617737,0.0477119358806132,-0.22409873268669395,-0.8017470213441524,-0.05139688434870141,-0.1829707357150409,-0.13008219126529988,-0.547771179398996,-0.1257963385759501,0.17705403815070925,0.47460522009290684,0.32634598237178675,-0.513197959151656,0.04437115648850826
-0.7106766585917214,-0.12120798767176187,-0.06227716687869521,-0.2000872084744009,-0.013868150542711163,0.1601424037696605,-0.3630499111907285,-0.15484587200682598,-0.06148023498017476,-0.6856379313797113,-0.516491418071274,-0.5388590400140457,-0.7498393707749285,0.0015169103725734582,0.18404244977980255,-0.6347830563758643,-0.07450565650486685,0.46482430543353653,-0.04815059623301012,0.0,0.4371391812005566,0.09646868978116348,0.3466478329796216,-0.36774395174798197,-0.7648351364702075,-0.05173703410757997,0.7675493140012457,0.3740933559954022,0.4156028775185209,0.3909862517439781,-0.49175974628013086,-0.5388743847284643,-0.4437782585647397,0.7367565944375235,0.7286852853174621,0.8321072361805201,0.5093844904912842,-0.6087871373727125,-0.24677684598889377,-0.31458068715107346,0.7655835908751866,-0.3057934421581156,-0.0034972775077599947,0.7177320335887337,0.8505778119005188,0.577634976754789,0.8103267174796845,0.733109117102137,0.6513926400040811,0.7195281132565402,-0.7205268825356831,-0.3447684250259783,-0.5360213720123789,-0.240695619289561,-0.06681659105022343,-0.15582094278842373,-0.24874142642140062,0.11191797245957591,-0.7696895165980191,-0.6553270694880201,-0.7803806746757971,-0.8924930636845482,-0.2902180808547548,0.10089002888189472,0.19427695648292773,0.10397230686761737,0.22780271591951015,0.020470430510276583,0.42342374994960197,0.6827755360052749,0.5641076685248646,0.15099640527956001,0.4021757766192255,-0.4195030467765499,-0.16567195983126606,-0.26167540226613495,0.5114982334651001,0.16969492749192577,-0.6395931621011739,-0.6360351953863989,0.3076586383933868,0.8859179718552918,0.8839362811104379,0.7338347810705036,0.6097557675562882,0.8624534087369603,0.5386298361685429,0.7463742194842159,0.8946529068180021,0.47010282258430097,-0.527391678090037,-0.7390562031829231,-0.393181545588697,-0.20865643088019833,0.7586441311717517,0.7930781254664739,0.6714811896121057,0.7781381416828603,0.7030849442989001,0.6526150511607255
