0,1,2,3,4,5,6,7,8,9,10,11,12,13,14,15,16,17,18,19,20,21,22,23,24,25,26,27,28,29,30,31,32,33,34,35,36,37,38,39,40,41,42,43,44,45,46,47,48,49,50,51,52,53,54,55,56,57,58,59,60,61,62,63,64,65,66,67,68,69,70,71,72,73,74,75,76,77,78,79,80,81,82,83,84,85,86,87,88,89,90,91,92,93,94,95,96,97,98,99
0.0,-0.34452620995823535,-0.2711582551443785,-0.3433343659614545,-0.2460059875154365,-0.30641579079329023,0.030324906393421346,-0.3858133359410683,-0.4467278132643423,-0.18872385681513337,0.44311232724703137,-0.3988566290811797,0.24829450904801692,0.2996788758503939,-0.6636297128969209,-0.3326898707005616,-0.5763011330579718,-0.505682057561181,-0.37269994358433745,-0.5364274552605489,-0.6937177156141686,-0.4798312281636198,-0.5335033694928104,-0.5259322747464446,0.17369864687086328,-0.32698714266593476,-0.3861832885538236,-0.6270459863985931,-0.628629538656057,-0.583345917228019,-0.2946863657793977,0.4756823237298117,-0.03712549166586843,-0.17024071051325734,-0.029660048274062763,-0.04172494717807936,0.30404148090415123,0.0862017861507199,0.3851687129805108,-0.013023264637178863,0.36497010652067396,0.255135825542219,-0.041554605584191044,0.4015914788006913,0.3690808820136151,0.32794627569830825,0.18153215152567956,-0.5162432793635356,0.14167565403963236,0.4492110234480743,0.4587728368862374,-0.471207208326875,-0.29724463926184924,-0.3214314144748169,-0.31011955711463357,-0.24264047680615114,-0.4261996406329013,-0.5094377268539938,-0.14332101273003672,-0.023422588287559148,-0.45339170040453813,0.18429801665963305,-0.02926617214480295,0.20590651799909057,-0.33306651163796175,-0.3802931103301802,-0.5419385159234251,-0.3368766084374334,-0.47352796991444646,-0.4548830323790284,-0.5894447689899167,-0.469190896024371,-0.5275600206151185,-0.2432876010303294,-0.5096543062868271,-0.17909646010428837,-0.6208002866320576,-0.5387476802464198,0.01510892806952105,0.35573357077174217,-0.1644086373327435,0.24747632688878854,-0.1225359699745472,-0.14732552744016505,-0.3625544789304537,-0.23324106333396774,0.28086295509734155,-0.3665043790528526,-0.014764988721759548,0.204538851556313,0.3808564192955416,0.34219990562319713,0.46057711939976365,0.46900500700816544,-0.3005365944822542,0.45985799148833645,0.2660512162774673,0.26335080370791514,0.13874156776430446,0.45173105941487407
-0.34452620995823535,0.0,0.7081711553734391,0.703579751932241,0.5662112843532637,0.6502845778648196,0.7709369294995414,0.6765910042107232,0.6638196046920259,0.1848540534771154,-0.5197717395697004,0.15097075042084268,-0.3291400868039133,-0.5076687349728308,0.14097208507717968,0.4463961872137089,0.3752496340653415,0.5751312679370018,0.21621266572088446,0.5725227252381715,0.4115589930216725,0.31029319585414344,0.33230189604812593,0.4231264515957484,-0.3493863012494285,0.017353370536952968,0.0807514115155012,0.28243063494970466,0.6044922267218842,0.14144917852876449,-0.1501655605627073,-0.6562301497630321,0.09210678099854863,0.23085636347311686,-0.07235650954848007,0.23292063722483566,-0.1301897253622646,-0.07569678008741913,-0.319287223484005,0.025886874363478075,-0.3209349803519485,-0.664669060715183,-0.06993514188866254,-0.5100744272909734,-0.7490918513557187,-0.37336329284990377,-0.20175828259898204,0.40969780651426657,0.08909730179751052,-0.2900107571362931,-0.4741845322153887,0.7371497414931115,0.5474903311900525,0.6386572252083104,0.631295510485351,0.5190899122420656,0.6967409452189057,0.6251125472573397,-0.13579429698406023,0.03132120569684234,0.16814031701978513,-0.15125308284228953,-0.02616402789838967,-0.1141494866731628,0.21174811371739052,0.1346520615334037,0.6652167713613125,0.10513318360971584,0.32379190208442604,0.5006133525537906,0.5264006398695986,0.21750145171076943,0.3870441021292106,0.3407238565773237,0.4062183664683165,0.016519813578052104,0.5496939928783291,0.2147964428342266,-0.3560864369958083,-0.5590287277495065,0.2049036898373562,-0.10727724035782261,-0.22947922722946354,-0.06155836230167677,0.4704576482870074,0.3367050992382108,-0.17147833299905937,-0.2417177641859892,0.25164343315812404,0.02462559924895082,-0.39705349476422197,-0.4936460510380902,-0.4621566554761074,-0.6894161425389831,0.005092583100956819,-0.5130272959940948,-0.22519222147523327,-0.08012522124095998,0.1028462998760267,-0.2655863600973361
-0.2711582551443785,0.7081711553734391,0.0,0.509686948567172,0.6832471475998771,0.7586037771796094,0.6659270654714655,0.7840925262008684,0.6837861379835504,-0.2066276754694951,-0.3748545392841355,0.2670784456395974,-0.6701979321748024,-0.7559749510861433,0.18642389097550266,0.07355993707402239,0.12424228974773867,0.4110707421887381,0.08231938753924041,0.42181352899967894,0.26592767435990705,-0.02421236742193496,0.1968746648105318,0.11928287742403645,-0.49993154795543077,0.10935290189330532,0.39280049942863976,0.26577090616615107,0.4801572773588905,0.13765384517732634,0.17864035722720123,-0.7460158001662247,-0.3161401021892191,-0.11469329265456078,-0.40993435906069065,0.4085553965750368,0.1647903906385527,-0.4700448686572069,-0.5447931791576449,-0.381263512456084,-0.2964119722254051,-0.4027126290887591,-0.44474291993836756,-0.21365043272399784,-0.6006570400674218,-0.42914775312996073,-0.411706450486804,0.2294581614778286,0.41288068703099995,-0.027776553095314366,-0.16926550102358026,0.6754412454208473,0.4449641044142102,0.5994499082452724,0.7717383609532236,0.6765780491414041,0.517740860185515,0.691079530094011,-0.16343873989377858,-0.19502937710069113,0.046009907798218216,-0.5262137644956975,-0.4539453630443042,-0.44808683275675054,-0.13954961660312787,-0.27658556816506985,0.543647597390963,-0.1243150342349711,-0.002836740511735581,0.29369965541800364,0.3576424717887472,-0.13255354347331152,0.15299483823173118,-0.021719553440689984,0.16923962524795877,-0.20285903385203474,0.3542234030689628,0.0037344356107919486,-0.17065570064865482,-0.2778603190366098,-0.19808095662110992,-0.1438573786299966,0.1360168754840631,-0.45057944749830836,0.1553502087990033,-0.046826852221805805,0.19364852866295063,-0.2113184810499935,0.4843025202697118,-0.17967056448464136,-0.07863021065832028,-0.18189883122120004,-0.5486475363738715,-0.6350584516336869,-0.33323501218548895,-0.22169013025356368,-0.3297127114672736,0.15583723787947884,0.38362727289675924,-0.0002794397125728572
-0.3433343659614545,0.703579751932241,0.509686948567172,0.0,0.6597914219948824,0.6748057311870614,0.6705830919261697,0.6421910330094924,0.7442177849717088,0.2123830024122767,-0.7882965648819898,-0.1368570281370956,-0.14929242002285592,-0.36125772461075356,0.2689090386120365,0.6440379106979683,0.4281469920516778,0.759354029725016,0.3858910754819192,0.7660119720511992,0.4757929390090166,0.41574428948596714,0.28977411859828545,0.47024969914820053,-0.5352219279296495,-0.25687315806757216,0.07846744836661458,0.13248599195963337,0.6666180285688283,-0.025880936775561966,-0.2667040320375728,-0.5436122520639723,0.3312771004321224,0.5488844917687824,0.2366549721441627,0.4042661665965463,-0.1037939694821599,0.17299908747261308,-0.12962034649517432,0.17114907079267774,-0.0695539021502099,-0.8373584097014504,0.1541829823908732,-0.5038692558048196,-0.7192242852213827,-0.11805367094162253,0.11647503596362638,0.6148093659493334,0.12276109111039626,-0.24336603576809004,-0.5408994364677016,0.7214622747249964,0.7963194582407666,0.8075678536790833,0.6341779820061539,0.5952209094946898,0.7966527361484635,0.6686580211823016,-0.45812399282054284,-0.19306364302370335,-0.005080213902180168,0.09825515733877402,0.07308264055530314,0.1364941261550113,0.4787907292099275,0.2744999285071986,0.7053272634715567,0.46851512301225334,0.5572118561412467,0.7534523170662947,0.7237501008749414,0.3312382882287309,0.45250042230431686,0.36007441389522327,0.35658166853532697,-0.16366598630990423,0.6094628587310724,0.1549470055610876,-0.5818748653076812,-0.6825850304323186,0.43005903545952234,0.21380631818570017,-0.38478734632582445,0.20718622472534828,0.6917855767683577,0.5989029214324255,-0.2239428982919563,-0.39271500357515216,0.3552749364629279,0.21853718677099637,-0.41323377110902537,-0.6831737190820908,-0.3387721344270272,-0.7590395711227421,0.007062094744349305,-0.5529183034288229,0.0492481181043354,0.05338156869038629,0.19095914458362861,-0.23938578474026923
-0.2460059875154365,0.5662112843532637,0.6832471475998771,0.6597914219948824,0.0,0.8770010520171586,0.5279774345767063,0.7753982406986937,0.8280773061523505,-0.2812801373446404,-0.6169586042545708,-0.11385190406893927,-0.564544574584908,-0.6525553575824101,0.4192656553826765,0.16923647205212716,0.03285659230873639,0.5461166828513663,0.20669203622455956,0.5987656577299864,0.2548799833735752,-0.08090345977017648,-0.017083912756186505,0.11575386615330857,-0.811663002054859,-0.28927287891432835,0.5692539591001091,0.024691129057069806,0.535538739933386,-0.1355303091585586,0.08407827218641743,-0.6014508106102825,-0.12983449589985543,0.1682692650793921,-0.08548401452978609,0.7983199618575981,0.4316406326143582,-0.2640178510187555,-0.2982535397747665,-0.2985966374607585,0.13996214729040643,-0.5097219562592283,-0.25434707812025725,-0.020736464594321095,-0.5100197927700773,-0.011376944569181029,-0.011716676795376043,0.32909766664110407,0.6332279085477617,0.21047905784427864,-0.10407734288472659,0.601271066294372,0.7350714341046244,0.8426134068583296,0.8752882192547717,0.8871216062628241,0.573626379307668,0.7875448741092574,-0.5628094181772795,-0.58407671883242,-0.3023504076081815,-0.3135797802612402,-0.5296775637575333,-0.1803745523178805,0.10308218623606094,-0.24325463111285747,0.5376881382290303,0.20635745752735737,0.11130351133845968,0.5026132271661667,0.5301965550487261,-0.19333889894682346,0.03667458420222545,-0.07261331647875263,-0.038605635317699706,-0.5708912823964293,0.3788759380421125,-0.22539821118532666,-0.4756397724168087,-0.3368344692726736,-0.04256120560289257,0.34780278990546293,0.042859479744846996,-0.2643048764091271,0.40605024302509346,0.13843235521131264,0.37251922040431623,-0.4316568590262198,0.7931569551030505,0.13887810605483994,0.07571856108446748,-0.3289082374499694,-0.32165241545272216,-0.694558605957397,-0.4432235824529782,-0.09599816292210699,0.12334780144670376,0.4945217374284172,0.6652780191491837,0.22728467972886002
-0.30641579079329023,0.6502845778648196,0.7586037771796094,0.6748057311870614,0.8770010520171586,0.0,0.6787575684843886,0.8081452280391334,0.8133063608886659,-0.15203017198076138,-0.5400300324135975,0.05924363343397051,-0.568352800648888,-0.650361777878473,0.39191677217128984,0.2238737113225916,0.15202426755797807,0.5623624873622753,0.3581386878832986,0.5962281267147789,0.34471830834129513,0.026965139883054802,0.12569770027475102,0.22370416966548584,-0.6377569066793233,-0.10548447401107973,0.5562024376229007,0.18960370279713826,0.598381199941498,0.013759282529070145,0.10566287728377385,-0.66054465926672,-0.11384627937115854,0.1426263013284231,-0.11289944201808898,0.690120848985812,0.2887195098616497,-0.2751960173404024,-0.3568659031133719,-0.24419196235406526,-0.029783764686395188,-0.4740197663823484,-0.23792258262011706,-0.11565464369615944,-0.510578224097027,-0.15209803959126517,-0.11535960517931992,0.3583121177423901,0.5121368016727862,0.06753298536094673,-0.20139612029270557,0.6830218685481585,0.6579415325472737,0.7769380881739617,0.8423708070294897,0.8097843389072874,0.6298664904945791,0.7920759243187868,-0.34095507495736116,-0.3285542143685936,-0.108074680428214,-0.3454460873745359,-0.4371160644647979,-0.22119500701701958,0.13529447556718516,-0.1427867276174065,0.6234305745951516,0.14113008907798755,0.15254478368906524,0.4939945743974736,0.5362009171921488,-0.09493823605973649,0.15236001914399325,0.060833359151930166,0.1236861297678436,-0.35242041832669774,0.4591744818895235,-0.06884814561413116,-0.3878260537467626,-0.3851152636328616,-0.0151816977067818,0.16899067745964338,0.05060067755221799,-0.23973859627055097,0.4175224401740108,0.15264720813830765,0.2576566039386568,-0.28721194627729496,0.6766263659828308,0.06950686101023731,-0.0555553992850106,-0.33800334330437426,-0.39807769485539274,-0.6847943218673548,-0.2857120124061378,-0.18212245320656545,-0.02186393531104996,0.3195055118479681,0.5330189723803228,0.08828101192777917
0.030324906393421346,0.7709369294995414,0.6659270654714655,0.6705830919261697,0.5279774345767063,0.6787575684843886,0.0,0.39169404234740285,0.3803653001887945,0.1832471728548721,-0.20732124434172336,-0.014391117641375751,-0.14941376745900953,-0.25314387018051826,-0.1908616658553979,0.2755711593514966,0.09220258528163723,0.2798851184370603,0.18307595255416362,0.26321811621619684,0.060000503061419665,0.09053430570299255,0.040242062736052485,0.22529468406228043,-0.1178828220689018,-0.10627567321317159,-0.08552214749669067,0.018328229874491418,0.28338434569230625,-0.11600162538532843,-0.31986013284950493,-0.3483770003099524,0.11866246298887939,0.17007254445455247,0.02664628201398466,0.25891745911036057,-0.004731800960632775,0.014165338863845377,-0.05402462368721571,0.09437917364006296,-0.09440177072564274,-0.4238163135531958,0.018766230551723273,-0.25505113366560617,-0.46573160809443565,-0.1299038649981251,-0.022772899765851094,0.09897583743118449,0.09523576913122216,-0.08212090252888858,-0.268602889074727,0.41974846310553376,0.2913132810889341,0.37143214153536136,0.39305892567116946,0.31518255277002644,0.44243764868372765,0.3111000586332753,-0.02893009421585421,0.12976117369635723,-0.0056938294713605505,-0.01991613999358771,-0.004125425971795859,0.046993731315067545,0.11315803590079132,0.022753335345921534,0.386524925967192,-0.08498197944728657,0.08908806549953187,0.23035594556748168,0.19718400646582912,0.010080991222087504,0.10183364865078762,0.32194887743962775,0.16712049527079617,0.019479614389469765,0.2584675831776616,-0.017762255239165543,-0.35845352649282924,-0.38292503455062027,0.17278674540962044,-0.002086147628405556,-0.2822996363080206,-0.049496542832108914,0.3250317355070128,0.23499090392906558,-0.046505067991497895,-0.3364309901471017,0.20077817437713819,0.19735660153289963,-0.23060965259287883,-0.3185803707135697,-0.13447958219382078,-0.3854477689678547,0.03599118425930467,-0.23954713273460437,-0.03300486228681309,-0.019524821316964217,0.1098120189871003,-0.06238612035297352
-0.3858133359410683,0.6765910042107232,0.7840925262008684,0.6421910330094924,0.7753982406986937,0.8081452280391334,0.39169404234740285,0.0,0.8177693028505988,-0.17091865481638494,-0.5709145107529501,0.26493357744507434,-0.6766323163511829,-0.7812751316214992,0.36500585407847747,0.2417187150726215,0.3111265398235914,0.631668220809169,0.27817394073427953,0.6426910083509964,0.47278869830874015,0.1447778187553034,0.3540276231905461,0.25586920608379615,-0.6124139491227801,0.1210437214719875,0.5276198081567487,0.36795213373924446,0.6391057597055123,0.21961743015456367,0.2784075493819874,-0.8145816421018057,-0.2218601536977752,0.04271169817845132,-0.28404754192250925,0.5258240609964063,0.09812455658288102,-0.4132265006652523,-0.5863840554651838,-0.3504474932856284,-0.28204610462900476,-0.49555781300316504,-0.3638788829697615,-0.2914101258559932,-0.6056483304533732,-0.43126885163069234,-0.35602197736077074,0.5020104303105822,0.43636688750847097,-0.11808534539334226,-0.2895800439424183,0.791205915691708,0.6266525712916937,0.7447818126435942,0.8532995474342306,0.7928639257698028,0.6609701435912966,0.8357367923710913,-0.27732733395467385,-0.22944597727419835,0.09125136102625975,-0.48421890693216296,-0.4317945098604051,-0.4213222079930249,0.03562490221771834,-0.15572300401276262,0.7139389235447562,0.12392575305398226,0.23583463543236105,0.532212357568174,0.5878806992950562,0.03469119678385458,0.3380652691659574,0.01140319976093605,0.2845561900690479,-0.2155693515382409,0.5053922041313418,0.11070789312660365,-0.20213537913911245,-0.3878989555441133,-0.0901150969041781,-0.06499958777250958,0.16517416622359285,-0.31145652787960737,0.31298717983842966,0.10198759825798048,0.10255133806916589,-0.1526021007856677,0.5653249944344216,-0.19061827440513227,-0.17081919976477924,-0.317948746324537,-0.641991759356614,-0.7396005136382926,-0.2663827329586447,-0.3212959537961451,-0.3117166014289612,0.17260878760447673,0.4365849390274688,-0.08988097326230496
-0.4467278132643423,0.6638196046920259,0.6837861379835504,0.7442177849717088,0.8280773061523505,0.8133063608886659,0.3803653001887945,0.8177693028505988,0.0,-0.00031170033060876756,-0.7266591050621936,0.06645124646566981,-0.49983921238699713,-0.6233716799487772,0.5463214534404391,0.42003555542108734,0.3497720415892814,0.7457035582499822,0.5307455096467885,0.7796298622425876,0.5434104291600638,0.2385462850407002,0.2641735465451846,0.42528109075668064,-0.6742659631535343,-0.10423270425312617,0.536158014686773,0.3115302877796064,0.7788628583688179,0.12276664473038228,0.07244114322848935,-0.7424802270731209,0.03241484647316654,0.3229977815825328,0.02937296566329975,0.6527274966756597,0.1523239566079898,-0.16240062083228057,-0.35651924811917485,-0.10840350575903847,-0.08170759338594769,-0.6136570411781309,-0.09344647996086348,-0.28843992918517425,-0.6370643967589376,-0.17302077309381292,-0.04330085181325431,0.5432025261158517,0.3939710181150425,-0.10025744732719971,-0.399979588640237,0.7947447655107088,0.7810504713528496,0.8760770007082413,0.8700451497169633,0.8375505411098845,0.7744488400941735,0.8836753736068524,-0.35054063591790513,-0.3351512407342387,0.0005860986848748341,-0.24516190878417524,-0.30341863142877007,-0.1397548572779996,0.3461072302594324,0.07035273645006897,0.7720456250706336,0.3436729717734327,0.3846044841802994,0.6824757586885208,0.7391214706846522,0.11628598298405103,0.3315726962579474,0.21146378109629188,0.28322259852834347,-0.29706438062543805,0.6618599547023427,0.0964097909482842,-0.4782535255803344,-0.5661436218926407,0.16252882657364692,0.16590744177638792,-0.037446393585936814,-0.0657993593987345,0.5934856739841837,0.3400396180988556,0.09867427029835123,-0.257404154839725,0.6185564954170075,0.10857058444165574,-0.2261774909393312,-0.5289511093337294,-0.4521816825038803,-0.8346734444840146,-0.12482182961701903,-0.3704689346373081,-0.02163580649932588,0.2068182797457296,0.4341251040107262,-0.08762044971961071
-0.18872385681513337,0.1848540534771154,-0.2066276754694951,0.2123830024122767,-0.2812801373446404,-0.15203017198076138,0.1832471728548721,-0.17091865481638494,-0.00031170033060876756,0.0,-0.12457622541252082,0.016591171914183855,0.489405593079062,0.31637667639450506,-0.2566572487055406,0.621918923596907,0.46962875111688285,0.1540977668320323,0.32912030294997363,0.16696976941402633,0.25201285651194466,0.6012406691438502,0.206827169973146,0.7436428765642132,0.5543533814170026,0.012525468572519955,-0.51892544447356,0.29862205810613945,0.3891168958739529,0.15131372760549042,-0.6450904628792999,0.08059867594357271,0.7146827914757011,0.5253154431826147,0.5701676317741718,-0.3888434343283546,-0.5358513711764018,0.6677765264309528,0.3640104920672733,0.8194948070045914,-0.20284633370765814,-0.3195109143610474,0.7248678167647079,-0.49543439799480415,-0.37055594057332236,0.010045009398856856,0.27722242432501465,0.048484747966451476,-0.7286415360657801,-0.5915332861594856,-0.6864648609611951,0.1177277043462893,-0.0719760292894007,-0.0475533486072553,-0.23360927933417572,-0.3749101178087657,0.3304355381810012,-0.09502585320014006,0.43733171206834764,0.6498175763392572,0.3972156883402992,0.5446517027968405,0.6872216705193375,0.49885378632799304,0.6270775402416642,0.7357382515321024,0.28389123292346696,0.08030498860003202,0.4504424002560689,0.18452074868482632,0.22158678072954613,0.5661263216891735,0.35077039894188,0.8897283445380046,0.5546343929897195,0.6340813419777704,0.5365777127567425,0.5009192844877615,-0.4030116667572935,-0.6155865090917678,0.7455206418809928,-0.20061840033394154,-0.7215351176308343,0.687941062373491,0.6018988658199856,0.6238134940313235,-0.600345881368031,0.15381198889461103,-0.5691670613841923,0.4192987213204581,-0.7317205436803398,-0.6034925171356602,0.11913758062059193,-0.15401599882722372,0.8311831318845289,-0.5586978969788704,0.10284426982511176,-0.7126235974045052,-0.6906813046953783,-0.6052040416522595
0.44311232724703137,-0.5197717395697004,-0.3748545392841355,-0.7882965648819898,-0.6169586042545708,-0.5400300324135975,-0.20732124434172336,-0.5709145107529501,-0.7266591050621936,-0.12457622541252082,0.0,0.20076161108437512,0.04878469964753842,0.23062526471378988,-0.43107966851703067,-0.6158907923634428,-0.45035579253130975,-0.7834215909137299,-0.577426132185695,-0.7771992405339118,-0.5112502938529598,-0.4500690159958745,-0.30056899920310154,-0.41360728005060826,0.6097362052682934,0.2602887674172386,-0.20589860355250392,-0.157921580439099,-0.6419613858804444,-0.019160937829617797,0.049985247786303644,0.4473387598742199,-0.33197624838081713,-0.607374263725734,-0.3496113289170608,-0.38331301649621247,0.06896295915304972,-0.20145047028575674,0.10465201733321593,-0.13879277769232995,-0.037989087984372186,0.6664621949516939,-0.22207284335581423,0.3672150973935368,0.48328275706146,0.014507393872839586,-0.22043034661240685,-0.7006040895565624,-0.11096735485041108,0.21988891825299775,0.4546651301680367,-0.6155520471856728,-0.796612041960519,-0.7271829156944462,-0.5028192129972163,-0.565071047368439,-0.7119557999887198,-0.6241605764574751,0.5769130689726425,0.3991137758280292,0.05305987358438484,-0.15462326990543673,-0.0803960892020232,-0.17833554374302413,-0.5571571339932989,-0.3090748920979521,-0.6242004760838471,-0.7197896323698589,-0.6465155126567597,-0.8086861353732018,-0.7614232272735465,-0.3873403605786599,-0.464042938254132,-0.22707848920663296,-0.27606066070545043,0.2709156057262736,-0.5681655167492069,-0.1723163291597385,0.4832125857816008,0.5966117225279455,-0.42314251399466335,-0.31570224355957943,0.24191157129859267,-0.32631908126973613,-0.6147553407012206,-0.5897950327481579,0.18720025176221802,0.3015508461977731,-0.36039032910545105,-0.19023622097530285,0.338408416558054,0.6406663365905788,0.27633135090598865,0.6771512651289474,-0.024941130068174756,0.4655504935029386,-0.10543268718659789,-0.08950055029156488,-0.20994616955850673,0.22380552083198052
-0.3988566290811797,0.15097075042084268,0.2670784456395974,-0.1368570281370956,-0.11385190406893927,0.05924363343397051,-0.014391117641375751,0.26493357744507434,0.06645124646566981,0.016591171914183855,0.20076161108437512,0.0,-0.5081536796566757,-0.4531769284620677,0.3134786598129982,-0.14505121801480894,0.40282007112117707,0.030131743244789608,-0.172002538954661,0.026028046336193395,0.4871953999983826,0.2160325058345331,0.6057795548882974,0.236140623377067,0.2876306804491408,0.8731670040490508,0.3259263068009936,0.7809202797113336,0.2529982032972695,0.8204329416972367,0.5621819028164387,-0.4573635239424524,-0.45156511642376546,-0.5026874074180768,-0.5863242382548627,-0.34774855723200937,-0.4161302489407828,-0.5365382487943003,-0.6879835922116173,-0.3201626094754101,-0.7684644129112913,0.19871150748823682,-0.4243265427087234,-0.3250390120901034,-0.15971526939175004,-0.7535659276563343,-0.7799681016095494,0.14109988557549338,-0.19132726231784694,-0.4641643863805015,-0.20121209389846828,0.2813117993804716,-0.2955692003722585,-0.1711160405432649,0.1035244068766794,-0.0820839879882755,0.025740564067101044,0.21214563296604688,0.7104276376586733,0.5543446701606346,0.7499341062232269,-0.612983963935727,-0.14367844532527976,-0.6930422966431996,-0.27851299961655424,0.042533124816430706,0.27132795286002404,-0.3718401043962686,-0.005599161498349231,-0.11609963407423748,0.0792406197266846,0.22982306858998255,0.389976135711416,0.0015152927659700078,0.526735769920492,0.5620253187376336,0.2766553243066289,0.5898645080580869,0.5980950970820369,0.09349676559267618,-0.3443166220288042,-0.8282290606676114,0.5005694193240076,-0.35813382543946604,-0.21949874750619403,-0.3472844938420476,-0.2298267728066337,0.7472295111602486,-0.2754115019561148,-0.7168447993348703,-0.24352334147334898,0.204640316942961,-0.6598206736056768,-0.08506030281382491,0.19557303331585307,-0.2531676428810636,-0.7805205582360625,-0.46038670600204823,-0.3070220737235623,-0.44476883113425164
0.24829450904801692,-0.3291400868039133,-0.6701979321748024,-0.14929242002285592,-0.564544574584908,-0.568352800648888,-0.14941376745900953,-0.6766323163511829,-0.49983921238699713,0.489405593079062,0.04878469964753842,-0.5081536796566757,0.0,0.8619455293043782,-0.3418969961728161,0.30116205061668505,0.004683295873031138,-0.15466646016146446,0.22494003622916817,-0.1860654015132526,-0.2288747902851305,0.2360124345967372,-0.1827026939765035,0.09091785798481562,0.4001537105370826,-0.3881576334374846,-0.7229933286379228,-0.3965673264803932,-0.2784476736405643,-0.31383686417069157,-0.5677731246676613,0.6460680809944218,0.6845471979891004,0.5112074290640395,0.6895401843647789,-0.41866734088120705,-0.2516651097042365,0.7741398585073322,0.7480759430000639,0.6905558352281206,0.3328357154930428,-0.02841112138267792,0.7274797880077014,-0.049248171008885316,0.24723726809734037,0.4853436412063619,0.6572651042348621,-0.07236283931512671,-0.5393213262430755,-0.09027347381434367,-0.10393040746585337,-0.42018429272056007,-0.13429999034927356,-0.32085359816666137,-0.6639221899345803,-0.5715377759255228,-0.16009772993892876,-0.584526809268655,-0.03780709497634389,0.15811423650435705,-0.11087241381653723,0.8451944307318666,0.7564838225635737,0.780254176877515,0.4491474825820146,0.5049706106608522,-0.33669007035422416,0.3911900428713174,0.2714746511928747,-0.00579775213730888,-0.15096793168506248,0.3086761025302542,-0.00417455003699691,0.3539774681991081,-0.048371739100544146,0.1773852192872164,-0.140287447575483,0.020953320997800017,-0.20814049101202736,-0.10613518582230944,0.5720572228031049,0.28679515584133575,-0.5664800693374036,0.7231379367751164,0.163270917169429,0.4442875250300513,-0.3901452405944503,-0.18672028764474444,-0.5044292156659889,0.49032822537749937,-0.1706470454820866,-0.1987739620993597,0.622501776845244,0.34780465585477494,0.4767506810097031,-0.06622806722846468,0.4506048006795092,-0.23783751541741488,-0.46144822227295934,-0.1301622939193395
0.2996788758503939,-0.5076687349728308,-0.7559749510861433,-0.36125772461075356,-0.6525553575824101,-0.650361777878473,-0.25314387018051826,-0.7812751316214992,-0.6233716799487772,0.31637667639450506,0.23062526471378988,-0.4531769284620677,0.8619455293043782,0.0,-0.07884009677249897,0.09145775809370156,-0.09290660110912574,-0.23132061608142918,0.3022417722285467,-0.255316525532944,-0.21682121912683194,0.08239992632980123,-0.20635318530909275,-0.040726174167302835,0.3554642759936363,-0.2655843491430688,-0.4391603750339413,-0.3545254628945865,-0.3349012967550922,-0.21849777074982143,-0.34134140779385264,0.6203696967109164,0.4635186777612961,0.30880683252432933,0.5210153825382414,-0.29206898835764133,-0.11340928506699055,0.5565595342128838,0.6383581642811577,0.48529635568606666,0.35549174902304953,0.17032686888564702,0.5364919894626821,0.12700065238444402,0.4373835814415683,0.4850453550105366,0.5533507251008597,-0.12537126167382417,-0.35916760181382085,0.06261067299020802,0.08925365684158511,-0.45614803911622037,-0.18314793743956595,-0.36119148874377455,-0.6028071802183216,-0.49700779046055876,-0.2720917311250865,-0.5439139831290745,0.07194607507936149,0.11201988621213384,-0.09531310674863447,0.6598123698916573,0.5799260669924523,0.6199891685993573,0.3383207216171208,0.3906182223178126,-0.39108344771994136,0.3277225973959059,0.11465634554742586,-0.11189333101198043,-0.20997315276641929,0.1688606676483009,-0.09752743092150587,0.18209311615720308,-0.14471751921083384,0.11188922835800899,-0.22936805476414257,-0.03936741376003157,-0.03354433428951798,0.09671099396704597,0.3406203642412683,0.265077819801028,-0.2772302063333618,0.5171061616953977,0.03181230607766429,0.23115913076416605,-0.20144378118713865,-0.04375250329028568,-0.3593581750945917,0.3735201450553821,0.04557796537845465,0.02033872079870848,0.6235600431910853,0.4524718417889791,0.36946385463083964,0.12806154000340947,0.4256154369283575,-0.08457869484165628,-0.3052458405468966,0.025296574872122973
-0.6636297128969209,0.14097208507717968,0.18642389097550266,0.2689090386120365,0.4192656553826765,0.39191677217128984,-0.1908616658553979,0.36500585407847747,0.5463214534404391,-0.2566572487055406,-0.43107966851703067,0.3134786598129982,-0.3418969961728161,-0.07884009677249897,0.0,0.07744847210368479,0.2326813058250796,0.29672842530660953,0.3987360383502847,0.3270651482458269,0.43900739420694795,0.15381923206560114,0.24778473386933977,0.1523866750304059,-0.2450231797094084,0.13722473235298135,0.4937880312169782,0.23511049170648024,0.28500541033317917,0.30506196822910825,0.32070701729254963,-0.19049001017608203,-0.0475756093854029,0.07307831587577353,0.02503349640111698,0.21594502348183414,0.001743636690465887,-0.11163450568042861,-0.16107037613970748,-0.11334615256096363,-0.00942028178181314,-0.03370552267641247,-0.04061887015989406,-0.03548045488797049,0.06059416394705772,-0.012588265732445965,0.00014527958795696095,0.3718907365524039,0.1403803304330936,-0.027256534548800043,-0.04202021233721559,0.21536727356478208,0.29768837826104494,0.2605479391279797,0.21333143121023296,0.2602275782132036,0.1729742805299498,0.3218252196456445,0.004376900025937924,-0.13877976094901187,0.17045460735333698,-0.08517132336811405,-0.04306841591160409,-0.0772370566208717,0.2516371466721594,0.2004370109840585,0.2301653187868276,0.4088313096810652,0.25347037491195307,0.29222258310214216,0.37303037477878426,0.18826838437808063,0.23354568572739978,-0.040940603491179624,0.1451505826039143,-0.07861518849734246,0.25260621040526904,0.18462328255206498,0.08682907114829076,-0.0007371244384947688,-0.015665012970038642,0.05538765914134401,0.3007439601737204,0.02828178578706095,0.1747552490153091,0.056866053335670186,0.010844343003896601,0.24481595478622986,0.20691125710491964,-0.10857622757881898,0.06156961383967882,-0.022638912664313872,-0.13428667548380505,-0.13306525239417938,0.057472153125274685,-0.050948657440962226,0.011692981397026108,0.13718349568034274,0.14186669532670643,-0.03823486836070444
-0.3326898707005616,0.4463961872137089,0.07355993707402239,0.6440379106979683,0.16923647205212716,0.2238737113225916,0.2755711593514966,0.2417187150726215,0.42003555542108734,0.621918923596907,-0.6158907923634428,-0.14505121801480894,0.30116205061668505,0.09145775809370156,0.07744847210368479,0.0,0.6653470575098823,0.7094268590550069,0.6476748819058863,0.6902952644003286,0.5406490175923131,0.7606704635860694,0.41568156292300307,0.7439110578668432,-0.06965526606474053,-0.18384092158311352,-0.290629954871063,0.2346505277954903,0.6535230736389129,0.08366337599452991,-0.4722203765596261,-0.24161165316854125,0.7476266249414533,0.8203554836551367,0.6306609623605858,-0.015179323988938877,-0.4858646511889928,0.6200975326131392,0.18590781482484123,0.6449608112065299,-0.1159429697970585,-0.7564993773665919,0.6309401415193404,-0.656119958284922,-0.5761220342468555,-0.03363363827002331,0.35334518588469,0.6442977047551656,-0.4064446076704394,-0.55545306157638,-0.784363062815621,0.5392129184119329,0.5758013525504551,0.5003302181367694,0.17035950016318996,0.1297521343503172,0.7489252297097829,0.35144805033236715,-0.18414489135860684,0.20070832566691538,0.2353369537865076,0.5314505296686692,0.6009468036746387,0.4943815776402207,0.8171498851677758,0.733013760216299,0.6304245097860895,0.6463763473010155,0.8308503748010556,0.7637886232596797,0.7034921436569496,0.7029048912198259,0.6455760409818087,0.7151900437134522,0.5847583446776639,0.2496302262574149,0.7046374741689846,0.4569471858231376,-0.5632103027946161,-0.8289813000180741,0.8142612700172412,0.11854645442370829,-0.6723087687181483,0.7121630376165459,0.8219389567635241,0.8818457568898123,-0.6284627069859465,-0.16921323251038298,-0.1360026588150485,0.3612388381022687,-0.7384881048964778,-0.8464198227469594,-0.13919811450246633,-0.559682902386508,0.5232258937694455,-0.7364726744691534,0.11293243952538902,-0.3819506609009771,-0.30341165625681676,-0.5726070095312003
-0.5763011330579718,0.3752496340653415,0.12424228974773867,0.4281469920516778,0.03285659230873639,0.15202426755797807,0.09220258528163723,0.3111265398235914,0.3497720415892814,0.46962875111688285,-0.45035579253130975,0.40282007112117707,0.004683295873031138,-0.09290660110912574,0.2326813058250796,0.6653470575098823,0.0,0.6960023891412437,0.5204233363087579,0.6643903945480217,0.8825951071411113,0.8650612189828283,0.8484213159960364,0.7592490375586427,0.05920238780592279,0.45701954504074666,0.021714760999821704,0.7495998368688885,0.7081932040822179,0.6924382810147749,0.10988704781836446,-0.48142723239260865,0.32976821821057284,0.40672215156746183,0.1885573384946287,-0.2886963749923004,-0.7552248713843625,0.16809227592065284,-0.33569585779464095,0.2931521455525492,-0.6005850789967649,-0.4840379837197419,0.2632292990621187,-0.7892725349026681,-0.5006038644942287,-0.522937989656826,-0.19887610763122293,0.7876553901288421,-0.5025464864043344,-0.8181602184706842,-0.7836924334102697,0.610411747676795,0.3373006948511222,0.2816081660687937,0.13069856995412704,0.026968893089838988,0.616945018083566,0.4252726831566221,0.21558568926242253,0.421909285447161,0.7250475395568207,0.07502239437277478,0.4547258207035007,-0.04785886310754007,0.5578120378480228,0.7023450402431518,0.6900516210419724,0.5032583547707397,0.8231530443017901,0.6631607575525769,0.7260075887174741,0.8597375775552808,0.9022597455201007,0.5027964638886148,0.8507748841809323,0.5412030063026696,0.7590704374796388,0.846441864734865,0.004522538447773366,-0.5979047121073119,0.4592098845412964,-0.4153639999509976,-0.14928725380265487,0.4477247693837477,0.5109494836196622,0.5374865058432344,-0.761318625121736,0.42555639644884297,-0.32151533658445375,-0.2740073298864245,-0.7749262862702894,-0.568332797811101,-0.5885418240366022,-0.5091961871960168,0.5754145693594435,-0.800898522408289,-0.4416223514474656,-0.6206596368035703,-0.4786983537191228,-0.8272988889968188
-0.505682057561181,0.5751312679370018,0.4110707421887381,0.759354029725016,0.5461166828513663,0.5623624873622753,0.2798851184370603,0.631668220809169,0.7457035582499822,0.1540977668320323,-0.7834215909137299,0.030131743244789608,-0.15466646016146446,-0.23132061608142918,0.29672842530660953,0.7094268590550069,0.6960023891412437,0.0,0.6793515913931174,0.8590903106506325,0.6979001437652137,0.580138447079456,0.5346748205006615,0.5139149498680787,-0.5320278084278915,-0.027141971689727915,0.26434995968204955,0.3337675530938679,0.7345043027974371,0.2391841951830969,0.058619498265634104,-0.5988322063026541,0.2861714927289693,0.5552375710750933,0.2517230725065064,0.34032775845758895,-0.24408077495287656,0.10091477890280671,-0.26656197905308643,0.09680892583930178,-0.16587060915446716,-0.7135918906029931,0.14220828693813217,-0.5266657551165919,-0.5453955781240584,-0.22322207602729663,0.054864230251180125,0.8646488523856711,0.06560486838886384,-0.36257956876283143,-0.5747122371747015,0.7584463508940983,0.8082517319124588,0.7476128239751265,0.5545055369214267,0.5599180425728185,0.80062856704856,0.7155590231972304,-0.398228177723072,-0.16267119244316525,0.19343234485718291,0.0530011013940958,0.12291807579572687,0.04924405096164841,0.5695569147072034,0.3933406751905305,0.7725591934775775,0.7170952805469849,0.7470233095249121,0.8750348734782465,0.8528011598413207,0.5212715277420685,0.6651260367038059,0.2779600365319657,0.48121342465098044,-0.07410675717706021,0.6697690784242812,0.35876023675734453,-0.34740110635966026,-0.6373283357350277,0.3946510412932258,0.12554228441942528,-0.15642286720939344,0.29232822056010105,0.6307985888285442,0.5871199077285877,-0.34287463423800435,-0.16345577928077415,0.3066630601182736,0.0032838017297189435,-0.45261973085835483,-0.6338421864155221,-0.464080849534834,-0.7462974662424349,0.10451889290459825,-0.5883931302991225,-0.10001660818961683,-0.02205991400907011,0.13883382391659085,-0.3662010976275343
-0.37269994358433745,0.21621266572088446,0.08231938753924041,0.3858910754819192,0.20669203622455956,0.3581386878832986,0.18307595255416362,0.27817394073427953,0.5307455096467885,0.32912030294997363,-0.577426132185695,-0.172002538954661,0.22494003622916817,0.3022417722285467,0.3987360383502847,0.6476748819058863,0.5204233363087579,0.6793515913931174,0.0,0.2955963901484633,0.2450876428090688,0.2381706701768664,0.10718198466909236,0.26403718940032483,-0.09793142394225858,-0.07963761339719114,0.15027424812436874,0.09860263620301193,0.2989630389019432,0.059175276962773644,-0.0016973804390595633,-0.08406067561801633,0.24349086699654232,0.3323848777762882,0.32314508532380226,0.17790578930805634,-0.02983846302057971,0.17966589417858747,0.10490055089773717,0.18394262831314467,0.1101029710561186,-0.12273319953348506,0.2646492870096527,-0.050952726609886693,-0.013274547107535386,0.1173881616755786,0.24745303755391804,0.27286525398038836,-0.028492028754074944,-0.08694158266148679,-0.19178362173712965,0.21293149952909352,0.27717330533842083,0.2146419339395777,0.11407787548655776,0.17769365775426765,0.29471303757214995,0.20624644909141385,-0.05704950950655485,-0.06084897485768459,0.03337692311555855,0.20017011970536974,0.14468315006942475,0.2332704065973094,0.43248462740774396,0.3011248444265453,0.2426963412537832,0.43107770897653114,0.32867612862119494,0.33868482975107617,0.3255190780395418,0.20385487720657133,0.18071807004145912,0.19624366745719654,0.12505913704113408,-0.02524973132241536,0.2847898688662355,0.11253765434790575,-0.18862847126479929,-0.2547179549670014,0.25812729362037623,0.1657540011650817,-0.06681056067700125,0.2819463502049203,0.3144805143955042,0.2937709531573301,-0.07467155769700336,-0.04069173910017017,0.11631816388493489,0.1898963603137356,-0.14539285864007157,-0.2631421182822102,0.04243271732058454,-0.18923650449404258,0.18915119624199,-0.12192419077030373,0.15888661452326955,-0.010236216127084053,0.02593423716229468,-0.10053008708636192
-0.5364274552605489,0.5725227252381715,0.42181352899967894,0.7660119720511992,0.5987656577299864,0.5962281267147789,0.26321811621619684,0.6426910083509964,0.7796298622425876,0.16696976941402633,-0.7771992405339118,0.026028046336193395,-0.1860654015132526,-0.255316525532944,0.3270651482458269,0.6902952644003286,0.6643903945480217,0.8590903106506325,0.2955963901484633,0.0,0.7481466454236383,0.5768824596952228,0.508743814070796,0.5779785455548024,-0.5715020154029827,-0.056828678518224734,0.36597401970009835,0.3775331393540268,0.8093685684641555,0.24819915922699712,0.04863299925395775,-0.611677408992503,0.29729955738021513,0.5808606473780848,0.2834394243240328,0.42909567214466865,-0.19162208495405528,0.11361695112382796,-0.2587995187875936,0.11658294369787321,-0.12740453216202077,-0.7184776138406797,0.1666227285232592,-0.5071268508662278,-0.5712480719179895,-0.17314227247890224,0.09328419234574331,0.8523418715095085,0.10117502263092498,-0.34898846354859525,-0.5929944392310786,0.7784045386939913,0.8462218933566235,0.8137385163281379,0.6219028143812677,0.6234601450688245,0.8337695117311948,0.7868824727145619,-0.396508705575021,-0.2076024761463275,0.17538950917025825,0.0395164183356558,0.07222217549307877,0.052473039515085806,0.6202257324030773,0.4137361377281578,0.8125571941148985,0.7205888962283947,0.7526741647300724,0.9028563764066848,0.9124810388067779,0.5100814861757771,0.6448864488363046,0.31862580536853524,0.48731891065855115,-0.1105555663386965,0.7466068153587025,0.35641105145859814,-0.4189042669092195,-0.6646647002507217,0.4187109721995115,0.1670922781309088,-0.1541930880350813,0.29892139483794233,0.7132960743059648,0.6098041826449461,-0.28796940840776136,-0.11921896467462345,0.36561509050986307,0.06268588400386761,-0.44610541564339573,-0.6736882324063224,-0.4552636610902871,-0.7858012630024582,0.12914702652239118,-0.5858670573774482,-0.03299346520072968,0.00647728940244922,0.17522323926349112,-0.35286597295040983
