0,1,2,3,4,5,6,7,8,9,10,11,12,13,14,15,16,17,18,19,20,21,22,23,24,25,26,27,28,29,30,31,32,33,34,35,36,37,38,39,40,41,42,43,44,45,46,47,48,49,50,51,52,53,54,55,56,57,58,59,60,61,62,63,64,65,66,67,68,69,70,71,72,73,74,75,76,77,78,79,80,81,82,83,84,85,86,87,88,89,90,91,92,93,94,95,96,97,98,99
0.0,-0.08826348859538152,-0.28116188557111704,-0.2340136786541351,-0.1687634948752693,-0.3211229513195035,-0.4951311418846395,-0.20270082355331964,-0.5679784201855511,-0.7311220776783037,-0.5657559675827426,-0.4825854456969712,-0.09865113406525061,-0.7208354829138325,-0.5538823008385346,-0.10838411458141037,-0.5123352615506769,-0.013975793405130305,-0.7471462932076646,-0.24990639605242917,-0.4849048500735796,-0.1209398843583567,-0.35336914544665704,-0.6108877028652242,0.24811616755267313,-0.2314406357216238,0.028802303933053254,-0.40314820437448257,-0.5406722313298647,-0.2905146588174556,0.27779770921248387,0.6118784221722767,0.6442484619256647,-0.5938923053992865,0.17172965381384425,-0.28909392889103486,-0.4596236004979492,0.7044919757658891,0.42159916550524,-0.2389897005112412,-0.11990247152013854,0.1839193114816717,0.40015302295321753,0.34090670637755877,0.16309218316873542,0.35155070563253954,0.3033035942994264,0.24722782263872214,-0.2544927430030115,-0.34019937637991954,-0.20840061411097086,-0.043528684975221194,-0.4316141038013228,-0.1583311592967439,0.058917545616726054,-0.39573795625567143,0.13676499622429952,-0.1993186963472634,-0.19208875273597226,-0.3550337344472194,-0.508436474871862,-0.5839557360919242,-0.6451374150668014,-0.5579663077337534,-0.5664359859325767,-0.5536310652467299,-0.17632296038947132,-0.5922975329591258,-0.5045993511003647,-0.08848228765670839,-0.49260610387801307,-0.18185339343243045,-0.6197082276516023,-0.20803816543924838,-0.39197473699965696,-0.26128355215593335,-0.6403735348779414,-0.5836417794713323,0.34952123530264817,0.6194048551226083,0.15234734906638508,-0.33768264893945765,0.16518779895037614,-0.4537824465555082,-0.5626770286836845,-0.2136112547662377,-0.37607401653776307,0.09439421132709826,-0.035072456029902964,0.2606898694856583,0.1812750340839785,-0.028904837057374753,-0.2090552680424318,-0.20069477494171045,0.17479410554242836,0.2768728870941454,0.3176713657506476,0.1614205775146914,-0.2847246447405406,-0.24790546235841818
-0.08826348859538152,0.0,0.8875966104665997,0.8695883369236879,0.9213816032955782,0.6918014535455946,0.6685858275980172,0.5939398401700794,0.5370038809520041,-0.426189760942637,0.3882322070303691,-0.725968848829357,-0.8384229429426197,0.19130633150342702,0.4249547871432394,0.9078532331227234,-0.5203778703818474,0.006292154763315063,0.26562000615197023,-0.42892097966138615,-0.44748514520192023,-0.8192195530355019,-0.18026108849314265,0.22330254729073712,-0.8694975691242515,-0.7645864452144735,-0.815017958905448,-0.3528236635820919,0.5607284465468901,-0.09754019351869102,-0.008912298426226099,-0.20989247380402487,0.40737020021796144,0.18490263679207836,-0.7370338370500864,0.3761588544619789,0.7708597399311229,-0.13082751022285136,-0.4842321324088772,0.860141957170879,0.5408477558382204,-0.8483287854348965,-0.6532277872889569,-0.7291088783187732,0.32246192305383686,-0.21012195124529767,-0.5804767720389907,0.11058426214111468,0.8578027394262034,0.8305500960337396,0.5794703741196571,0.9217251551070101,0.47662016316240147,0.8836585485386202,0.6563021629125233,0.7671695098238602,-0.5839257975874428,0.5831361089456272,-0.00286048179323289,0.3697069168822599,0.05319607532985872,-0.05855938730194313,0.026557565882253265,0.45536662415754814,0.4885809776535331,0.336161490622871,0.4424442169500402,-0.184969139208773,-0.4094459994787133,-0.7106953604354431,-0.1822312809086872,0.11672256645064967,0.2437740435873936,0.5513179172748209,0.11787958383743592,0.11592241110785942,-0.22360804463075667,-0.21304675440466103,0.16921081174373265,0.20723520808261206,-0.2614985725281059,-0.033746379022572326,0.39775459518409867,0.1773337075604969,-0.6595318283689954,0.08004172414741804,0.47681026826760853,-0.15712206422663466,-0.08643685975861999,0.4743587464158907,0.3485248654005133,0.396150863063196,0.49400182943877924,0.3160164438062185,-0.015693897543518572,-0.7273723272583149,-0.361034680184894,-0.3402561141559401,0.8787796670636371,0.5717580532828382
-0.28116188557111704,0.8875966104665997,0.0,0.8519113922344546,0.9108834366566875,0.8294090680343102,0.8188158210290634,0.5046161312168238,0.6165645486112742,-0.10797637203075551,0.6602956628716804,-0.5004644959084003,-0.7075373675595622,0.4288717999850342,0.5333519630755345,0.8735455031584478,-0.30090050176805566,-0.034698610259173784,0.4712152499736548,-0.34122644073150593,-0.29857633788255294,-0.7460338775848314,0.013720964915172199,0.5023737241102675,-0.9018232518674515,-0.6443580302803779,-0.7463930278399599,-0.33260509089775203,0.6506764969608392,0.07238206485739687,-0.28381114790346124,-0.4983403786896897,0.15978934548354407,0.2968447568826209,-0.6856898784777982,0.44158066155016223,0.8664649834272551,-0.3727917641683043,-0.5267607170543586,0.852068165168301,0.4791272627900051,-0.864050604810101,-0.7888671163562406,-0.7993790620001042,0.0630186415057311,-0.2525133055297285,-0.6046661546615715,-0.06506853587860366,0.887971214035304,0.8783293271059451,0.6198717318371234,0.9059667432866855,0.6166794837116828,0.8177963200317313,0.6662016866140895,0.8705572299457104,-0.6031061697721083,0.475067905911594,-0.11045731477253527,0.3147720013295423,0.061295798754775754,0.0172548356547197,0.18859610279776368,0.5330522959928726,0.5821478918916007,0.42289645362200395,0.3595365622452332,-0.05772653701609701,-0.31470105526719655,-0.655327911402072,-0.08106629001231266,-0.019188953858842225,0.41033847132832235,0.44614443235987894,0.07782241967451792,0.04934001272344319,-0.06580493988254221,0.019840495953533818,-0.1331925283398467,-0.09056550667165099,-0.46488418875057075,0.013194698077529265,0.14922514761667602,0.16555820261779758,-0.44427268813723386,0.04132476352608515,0.6566900088800075,-0.3037694054901763,-0.15467890787433725,0.2655601488403308,0.3175000523421732,0.19686624641323938,0.40044065789195216,0.2208834272280788,-0.1477284541069711,-0.7949489148277893,-0.35047672075486985,-0.36548358639527984,0.8974387813417092,0.5035402471152713
-0.2340136786541351,0.8695883369236879,0.8519113922344546,0.0,0.8718061048650277,0.5796761461519753,0.6951028791938355,0.7308037429602605,0.7104260827488403,-0.25230992946921355,0.4248534929735657,-0.5559282140423252,-0.7914425350712129,0.36250536049876214,0.6235487152884023,0.9047458674703482,-0.4012698820558019,0.03948996575075237,0.4917252380854897,-0.30154612397890274,-0.2267398619047515,-0.6463009303946896,-0.20468093650459454,0.2468127970237693,-0.8639903520879981,-0.5558136256478992,-0.8960788340786086,-0.17348357749479826,0.6697607531722877,-0.11770309661980013,0.010331148385246826,-0.3344467243252681,0.18577360728850953,0.33837294692059433,-0.8662137198361543,0.3841809489487474,0.7004089544709602,-0.3675814458707041,-0.7346917012839949,0.8716090915600829,0.35842221706396915,-0.9171592651245465,-0.7839851356512473,-0.8636605184430284,0.2973448893669077,-0.520617789361144,-0.7493091203484423,-0.07078849918408817,0.7669755110482399,0.781930149177015,0.5585054940579477,0.8142717775028314,0.5649243463197254,0.9096560456939494,0.40557204111474254,0.749799707744983,-0.5768859352106199,0.7156799680983319,0.07024182887973553,0.6024259943173335,0.33457188387182873,0.26962589471202025,0.3507614146485971,0.7022943645880717,0.7013366683313905,0.5550511773683436,0.5130537462302742,0.15819841059566145,-0.13896473021923733,-0.6212015079810764,0.06701859454950505,0.3452430702768363,0.49886627608885475,0.5712761731749268,0.40298775543471416,0.33561489696600294,-0.04965514908310596,-0.0949422259871107,0.14708809383289512,-0.0253116780075725,-0.22653270801786823,-0.1089046509158557,0.318381158084236,0.37065131038027516,-0.4848825572207772,0.19459870375490107,0.3122689688154379,-0.21247221130764893,-0.1556282303186032,0.2838775758632825,0.12205454341102472,0.4635642316206545,0.5723863738836712,0.3700866908559299,-0.15377096369947307,-0.8155227048736792,-0.645964551903314,-0.4945899087419328,0.8452577513575904,0.4888362898475667
-0.1687634948752693,0.9213816032955782,0.9108834366566875,0.8718061048650277,0.0,0.7815137801032577,0.7712465318755515,0.605575245275123,0.5984955763021185,-0.2990254786565322,0.5007264798603296,-0.6247465769987322,-0.7714333998872689,0.3169300819309363,0.5107066000736046,0.9094975185801227,-0.3942392292715724,0.09971482919231218,0.3702620415977406,-0.319427376819484,-0.3347706235683671,-0.7854850795654601,-0.03071382815399046,0.3919119482860494,-0.8973666306763982,-0.7277195019935292,-0.7700347315448139,-0.38897049605166784,0.6378479434047467,0.030274080568024213,-0.09152147230000642,-0.3335240872409265,0.289098730028118,0.318610058923962,-0.706413406260491,0.4506006900625962,0.8391436229600455,-0.23004960629397694,-0.505934896428675,0.8816826791364893,0.5912772216126362,-0.8522760926976921,-0.7017551641948715,-0.7521249349422278,0.2600977722564445,-0.22137452053455114,-0.5962418310133363,0.010173469299524524,0.8993272368619317,0.8844558935969608,0.639308737464794,0.9258399473653949,0.5673180667367005,0.8719226055583782,0.7060392471474459,0.8347290420749702,-0.5288620607069047,0.5629810630181026,-0.09420461783507457,0.3141741775635023,0.03296236800606986,-0.03321489411173601,0.08800744569284823,0.4957701919519165,0.5454215528242249,0.4131438383818682,0.45543835675172273,-0.1354324312801546,-0.3356483888786123,-0.6208464094679257,-0.0920350071316884,0.041703552934651035,0.33380395713188393,0.524368790219554,0.0923453590433434,0.02498366194301122,-0.08928594361409249,-0.0824276893435067,0.04488319750130473,0.10586200003147368,-0.34954919618474434,0.031883689699506806,0.3200925267324738,0.1233721702667463,-0.5953108062568468,0.015666915541995466,0.5993963462381012,-0.2503000281579896,-0.040588291099392854,0.3936505933724596,0.384779534312062,0.32424638147056595,0.4679142938728118,0.2386357666814438,-0.12057067203503813,-0.756154223410105,-0.34251603227281024,-0.340255294277402,0.9120451003445369,0.5885181928275145
-0.3211229513195035,0.6918014535455946,0.8294090680343102,0.5796761461519753,0.7815137801032577,0.0,0.7941349974339849,0.2237782306193351,0.42031175740579085,0.12942108996722695,0.7584058331559005,-0.18577860430633267,-0.3692233924458501,0.46083310001983857,0.39450624477664165,0.5975410181161277,-0.023436328865550627,0.15120286089775795,0.38511822752820635,-0.06413437510632415,-0.11792306567208974,-0.6111378374531359,0.3914216047650225,0.7512851586250322,-0.7000936569365934,-0.46775346690038433,-0.331281141602242,-0.4847170337118106,0.5573796946022613,0.3661680414808776,-0.4597413604935424,-0.5946620015837883,-0.02354460876897143,0.37492201526278396,-0.2985278232531826,0.5349051394584952,0.8463167099515306,-0.33862393661832774,-0.18271632486049802,0.608948849794069,0.5913189546188092,-0.5363660820521128,-0.5667662232058025,-0.47639555830175806,-0.14554878404143334,0.055827419734489854,-0.33230929510280866,-0.18394978063054818,0.8052030430634518,0.7884503897602566,0.6338481254653185,0.7289897643536036,0.6217549618867826,0.5009171657339647,0.8081257795094581,0.8074098358417988,-0.27011050555813987,0.14118881712557613,-0.38294367447243355,-0.12204076597677109,-0.2687666302252791,-0.22259629093966551,-0.008471591204923825,0.2439022415011979,0.35310003767407605,0.27871452222148163,0.21734572751874537,-0.2163564190108971,-0.27581109990989927,-0.30933412295407386,-0.049822707689576036,-0.4594641455221943,0.26506774845274156,0.2226929248438909,-0.28143613364106423,-0.3934924991876396,0.12319600851557869,0.21321345887664117,-0.4345164818781294,-0.1418902376975122,-0.6578000387689467,0.2769014478950952,-0.06336828241733448,-0.18633850833340518,-0.2791975215577705,-0.2995072657780964,0.9266889839538434,-0.4441575671711357,0.0854885826871342,0.14916257408898526,0.5535546215521775,-0.12081633837068811,0.1566732210081636,-0.053365074599272304,-0.1912179569016597,-0.5071000821965519,0.05443425024647321,-0.1962992667983612,0.7246070788801223,0.4559785816402314
-0.4951311418846395,0.6685858275980172,0.8188158210290634,0.6951028791938355,0.7712465318755515,0.7941349974339849,0.0,0.4503012968049307,0.6583049881388796,0.2511166711578801,0.7594931638943855,-0.07292320522115837,-0.3353606355996066,0.70652296613992,0.7006642010030124,0.6560252699829092,0.17007420293653844,0.3021778384828662,0.6639401981028771,0.12063968677246498,0.16535278669337505,-0.4300136825724675,0.47032691744920524,0.7847720142106552,-0.7305017295501628,-0.3550785166547318,-0.4369695724227955,-0.31102779884257803,0.7340070890992255,0.47116021541928677,-0.3156035735251095,-0.6667901714452393,-0.22357582380192634,0.6439628737640952,-0.4625082230013626,0.563512316923535,0.8199360350965204,-0.5532420164961134,-0.48684073848059484,0.7349992203156218,0.5366104774175868,-0.6193909816115014,-0.6891032043244604,-0.6359772865881164,-0.015976889366549833,-0.28603315243245114,-0.5314237749081706,-0.32687773959916105,0.7965321210762764,0.8234023279729029,0.6447328490015426,0.6589786721343664,0.711313838976415,0.6200189034318084,0.5894253490250978,0.8205911735305823,-0.24688454148970043,0.3406404739127681,-0.2971043037639652,0.1730477138378948,0.0748865852324398,0.17167366617812002,0.35259571218654534,0.5571646608203719,0.6376634341034896,0.6021681949513625,0.3917641295661314,0.16032675298672022,0.047290904141289,-0.1962779360579308,0.26816394033931185,-0.1384118029252729,0.5998151893535605,0.32250585299141493,0.07105646917657736,-0.16403817348662586,0.3989426068850424,0.4077070561149403,-0.34952716768187075,-0.3076634845792713,-0.5579468759513035,0.2167772924363403,-0.027916570075351966,0.022199362252004116,-0.18402036913095052,-0.14474683067300634,0.7874168556560366,-0.4572404706006248,0.07127072171507953,0.0013681541489480808,0.3232007058946407,0.04876241408415787,0.3042860015890003,0.02275029206007193,-0.3677084055603715,-0.6400619189268463,-0.27975808010338504,-0.31513350815811053,0.7687711703358469,0.5054281555247738
-0.20270082355331964,0.5939398401700794,0.5046161312168238,0.7308037429602605,0.605575245275123,0.2237782306193351,0.4503012968049307,0.0,0.6782124296928808,-0.27071623187105137,-0.007909090076809051,-0.20551898876443297,-0.5013609042391033,0.23654781366929187,0.6093885305338943,0.5466471053402235,-0.23086155437384684,0.5717797852361832,0.3976450379941156,0.27492483892325553,0.24747262511645135,-0.2890311119851329,-0.1154372558045074,0.06879146737488284,-0.5046048556505678,-0.10160171214482981,-0.5411821839487516,-0.04979694432816529,0.638517888582675,-0.17172069492600614,0.5143918213972467,-0.1013819848729365,-0.10672381095400846,0.600501231890186,-0.644217201935584,0.513438342326039,0.3958498690808242,-0.3194297429674349,-0.6432892093113004,0.3826050643539901,0.40469873878133794,-0.4754902799186706,-0.3529557718209613,-0.44066662301002296,0.6351087042614668,-0.5396053910886799,-0.6516903113623859,-0.1938933973407165,0.437663957568667,0.47124912834362204,0.5509019769865927,0.36171026281486657,0.5046011629868022,0.6568528559753583,0.17491328879840398,0.4373917255333103,0.09841449677978367,0.8133460422860683,0.14551687554371334,0.5239306924432664,0.43916745998652634,0.45118309214727026,0.32500164059037806,0.6156314008221314,0.6295646078720819,0.6552934852121407,0.7618297276724526,0.35475538372592325,0.36441588778526357,0.040906569148284104,0.4999603182594332,0.47878204957820836,0.3825878345327682,0.6476499277387758,0.5728785976627411,0.23122570374914922,0.3569478631089053,-0.11302920986765902,0.37955013028086076,0.14127674388744607,0.07312439992508044,0.26590770026913596,0.5254221208295151,0.3215679325316501,-0.2880871979419288,-0.04080869041143833,0.07015675439796043,-0.17296188073008847,0.3643590486326874,0.2932181297963447,0.22827180540067799,0.6866426004055077,0.7101712215509072,0.3451985729823289,-0.1906133928130665,-0.32541886106989115,-0.6064882261778491,-0.4988005312349473,0.5165254334735156,0.5466049310158297
-0.5679784201855511,0.5370038809520041,0.6165645486112742,0.7104260827488403,0.5984955763021185,0.42031175740579085,0.6583049881388796,0.6782124296928808,0.0,0.1988317299623459,0.42791607730447173,0.08297649757229521,-0.4308812826811688,0.6168697964728023,0.8164747831353033,0.5848250366806119,0.04302906140329873,0.41797456165433566,0.7659927162383998,0.31486664284412763,0.4103877522727432,-0.2915209373662829,0.09493295903731401,0.4721748753950514,-0.6472576987450386,0.02288699787283895,-0.5224684160760329,0.11115472238627126,0.8921661249185591,0.013605039065408123,0.19258919964023966,-0.5199234806208229,-0.44125106760493604,0.7995621826067694,-0.6835011370812333,0.6809404774590898,0.673675442498247,-0.7076808938407069,-0.7739678346170726,0.49107061350872117,0.44184807237275886,-0.5658455065517165,-0.5994870292426232,-0.6074424312593913,0.3818404753940026,-0.6463263872175509,-0.75857930683479,-0.327624016370039,0.6063807303917953,0.6815909982160845,0.6678090963525802,0.4309268222741118,0.7569587351309247,0.6866946647079087,0.21188866965268185,0.699280563166574,-0.053468132992444135,0.7752278613838814,0.1777506742516746,0.6426489806522888,0.6114852419627348,0.6513885960953516,0.6077338924860721,0.8362237432799693,0.8687763783939836,0.8505222045906385,0.7519901740352453,0.5733783034413615,0.5056390151964588,0.0071155898430790175,0.6423380296331193,0.4212879192157721,0.6621879344952183,0.6904595183042196,0.6492330448859155,0.3052305735755869,0.6100482491993233,0.194394549170044,0.05511662975764752,-0.2598880689415664,-0.16338303318719624,0.44860612797683863,0.31739297384799114,0.5110666113694579,0.02401047561475036,0.023860104897227688,0.3768264405802139,-0.2662540460585966,0.3185440708113552,0.13741127089040134,0.17844632473853034,0.5671973567004543,0.734706041889636,0.4463450990141432,-0.2102595844056967,-0.46513139914813034,-0.6738798100754466,-0.5871525540376196,0.6771672293373917,0.652747908149222
-0.7311220776783037,-0.426189760942637,-0.10797637203075551,-0.25230992946921355,-0.2990254786565322,0.12942108996722695,0.2511166711578801,-0.27071623187105137,0.1988317299623459,0.0,0.4985450928670693,0.7023723144581122,0.4775157396416282,0.5542807554127165,0.23104097668568538,-0.26748537578063364,0.6707287636366964,-0.10784056426523307,0.49225212382148403,0.2783697614634454,0.48504969294501127,0.40139117536511776,0.44365899591555746,0.5426563250858518,0.13804769470697753,0.4415312191107062,0.3435852701563635,0.3953793797286424,0.1624865866154854,0.404439882226061,-0.46352239342314583,-0.521502993916219,-0.6178878747463151,0.3330102254322034,0.24630476150286448,0.05681962292680179,0.13231036881501332,-0.49598860955727136,-0.040607448020783525,-0.031427685215240024,-0.12987473924660525,0.18051768029683324,-0.12646254746731,-0.012819092051921466,-0.4900790163196441,-0.09159632328843607,0.07806208582763938,-0.24496528878934104,-0.09212406879012523,-0.01408809184330293,-0.10983287657877651,-0.2704530813321413,0.1657170113937427,-0.25969077232610366,-0.2032502582717001,0.07732433624325019,0.004699104117543786,-0.23713973149736936,0.013222799982410728,0.03413886114227148,0.24776128183419424,0.3647857034401416,0.48787622973726974,0.2020050699720876,0.20548740951173194,0.2122233152061361,-0.18886536404284654,0.4546812921441608,0.4137876937315458,0.27539378479023385,0.33742060756825365,-0.09589051745543371,0.4126989041482087,-0.19113725343575727,0.09546242359480632,0.06561144236054613,0.5096934545063683,0.6296726085783498,-0.5347296788178661,-0.6890665259169426,-0.19062842790841547,0.2130540227689702,-0.4738932685757423,0.20241379915480406,0.7504590531203401,0.13579348057111518,0.24930592461607123,-0.06992528367032275,-0.052637684342537315,-0.4763704958894616,-0.28957913587796885,-0.36246188655390765,-0.18259218756989073,-0.0426406097672551,-0.1387741109904294,0.0038644292039557273,0.021591628918501672,0.07947556588197803,-0.09498669488347919,-0.10979719688985601
-0.5657559675827426,0.3882322070303691,0.6602956628716804,0.4248534929735657,0.5007264798603296,0.7584058331559005,0.7594931638943855,-0.007909090076809051,0.42791607730447173,0.4985450928670693,0.0,0.1844883405687916,-0.044464261949900864,0.6502445142370294,0.4047582377596234,0.337953524669309,0.2865422389287759,-0.1639669406431727,0.5671074023028352,-0.04570648324265966,0.07832912656808268,-0.22314746200631635,0.42593398596630344,0.7960564293275871,-0.47250298997653967,-0.10360489191965414,-0.2188217488871014,-0.2431202498576306,0.4033472789528115,0.4373243431755865,-0.8138609781787883,-0.8287100403376488,-0.3485186452598695,0.2571941463203149,-0.18760519955221971,0.2817998524952995,0.54488101690981,-0.604858715098423,-0.2648562979903943,0.416567459561936,0.03527804884979661,-0.4457906082884116,-0.665535966521295,-0.5170812796513703,-0.6184954682496874,-0.1763157299023768,-0.2948295491104223,-0.4333131248903948,0.46739969117012087,0.49121157482315464,0.3361679723804106,0.40929439793068306,0.539907297376031,0.20818166514469355,0.3507017322880273,0.5942440108525766,-0.3675472212715777,-0.11698272266914772,-0.41278101832483244,-0.058493402915922546,-0.08811861865209804,0.03667783221357282,0.35542797955844146,0.3311165398827257,0.38436870540461165,0.2849632151320697,-0.10195604408515455,0.13489533784679564,-0.0804039965338426,-0.2432132721521542,0.060129076527860086,-0.41821345115455283,0.49268707135009715,-0.12970541840285946,-0.1705818434007438,-0.20133555702398184,0.1737437474714102,0.4677487699288828,-0.7645824279765647,-0.6570521431742619,-0.7489107715147646,-0.0336240360294956,-0.557611173701979,-0.08421054136100965,0.12847600491599961,-0.1278007449963526,0.6759641948208639,-0.522094747232776,-0.3004263111269339,-0.35315116293144466,0.07776084334476781,-0.44830564770018866,-0.1326134031665307,-0.19116950941394845,-0.358148457548614,-0.5412635978852972,-0.09173670100713556,-0.22680957660885018,0.4284830127322938,-0.007497571569970797
-0.4825854456969712,-0.725968848829357,-0.5004644959084003,-0.5559282140423252,-0.6247465769987322,-0.18577860430633267,-0.07292320522115837,-0.20551898876443297,0.08297649757229521,0.7023723144581122,0.1844883405687916,0.0,0.5164894374853716,0.2990495885005923,0.11160145171905217,-0.43914818475098083,0.5389708667814684,0.18149855126804956,0.28908658920077485,0.5832656730137942,0.647089572348549,0.45662852950826177,0.3273809293204383,0.3184394199263599,0.3197995964579135,0.752671066840883,0.4674931283111711,0.31748551740207,0.11250549722511584,0.19559210913194813,-0.13510181566019097,-0.32816317956019836,-0.709611079379275,0.33703318269264365,0.2966889040515705,0.23315200419056106,-0.11125401606083184,-0.4166509571274475,0.050461049843432436,-0.4062310430075035,-0.14169472974367542,0.4097335488255855,0.13990761932667564,0.2876351872009634,-0.27887664922677313,-0.12437465811546215,0.06219167477943913,-0.3909701749607484,-0.2883794968551255,-0.21148776112104867,0.004721363635235277,-0.4822350346628506,0.16967263809794939,-0.40361335987471303,-0.2862853506456889,-0.10440765539798356,0.4511711764719485,-0.17037162669554204,0.0072880224344583425,-0.020140765346537116,0.2267463452851921,0.3547840904280132,0.3289019923637029,0.07534590615241257,0.10530677011872688,0.18229567014843118,0.01048503945687764,0.45284481763212353,0.6033405466294746,0.6296224825313005,0.5168594245606074,-0.09815113699470707,0.19263080952731595,-0.10239001589298549,0.14627890484077316,-0.042643778213535245,0.5722986465651949,0.3660902356949848,-0.36616776364316905,-0.4803798296158055,-0.1261105899646548,0.434860155785897,-0.32052708616486786,0.11945124993145625,0.6991042326539687,-0.18187299612410426,0.04893145364191483,-0.15738075452795025,0.3234173451532343,-0.3526562845713501,-0.07946394074165704,-0.18206076416960737,-0.03208641847742029,0.013308632077487354,-0.027032518212252738,0.37277644822815914,0.03433374074268884,-0.11312882221214383,-0.2957178492212293,-0.0675481596407982
-0.09865113406525061,-0.8384229429426197,-0.7075373675595622,-0.7914425350712129,-0.7714333998872689,-0.3692233924458501,-0.3353606355996066,-0.5013609042391033,-0.4308812826811688,0.4775157396416282,-0.044464261949900864,0.5164894374853716,0.0,0.17117644251647018,-0.1981549352433304,-0.7550766733848623,0.8248856046533104,0.02785978884327702,-0.013901019414741343,0.4171892373722983,0.5015417075313756,0.836439736617164,0.5922956425573432,0.1422442016290198,0.7019251898841549,0.5135473258050453,0.8026853118839108,0.24877561008789892,-0.44404759366750773,0.5790049887959599,-0.270593739210636,-0.030301924604894937,-0.4341453063125198,-0.0010351591917991854,0.7635598484030035,-0.4038540961290882,-0.5486665278965589,0.011253681207030597,0.41062065618232435,-0.5568270522963857,-0.4450184525246744,0.6891709323844792,0.4258327247102279,0.5094238603134754,-0.49570532128412337,0.2587281767534519,0.604085033489713,-0.13718911165847383,-0.6338426753973838,-0.6076646527636569,-0.5487220288115892,-0.7376674706679529,-0.37640781511527804,-0.7763546535438433,-0.46868906254017284,-0.5592929915014666,0.4070616735475595,-0.6865656965039894,-0.23162894768078748,-0.49502847758677837,-0.16473348424451253,0.04231378099685001,0.13860751089250264,-0.3443666895238565,-0.369677045512056,-0.19721495796765745,-0.5542734273553879,0.19378894463951682,0.3541013902497264,0.6194870634578918,0.17715460379385403,-0.25305813531231236,0.05468894980367087,-0.6933069359187919,-0.265703516660238,-0.2808652803115387,0.3802821473664451,0.6426460592068749,-0.43266273523040755,-0.40855725209635363,0.08332250444867975,-0.08021700320661138,-0.585415208585699,-0.3132023766345209,0.6890638413380634,0.01472748371279727,-0.15476923081531185,0.05804882174521715,-0.11914098024054924,-0.6878021903829812,-0.39330429458701505,-0.6220476136242232,-0.6647345680510028,-0.5737266994614304,-0.3017015249930615,0.42069427167261647,0.4203324280918089,0.5469541567792059,-0.678942997746463,-0.5768724786206382
-0.7208354829138325,0.19130633150342702,0.4288717999850342,0.36250536049876214,0.3169300819309363,0.46083310001983857,0.70652296613992,0.23654781366929187,0.6168697964728023,0.5542807554127165,0.6502445142370294,0.2990495885005923,0.17117644251647018,0.0,0.7388981870938748,0.25703092166050595,0.6743577737122625,0.2244312004708669,0.838792994441715,0.3412359840309493,0.5509671480394609,0.1670666739928818,0.6868333440633912,0.7993881314655819,-0.35276853742846725,0.025555538200984784,-0.10812945608302879,0.05209984833807675,0.5539415246643535,0.6961818808175192,-0.4174075067215894,-0.7414794038547993,-0.5991475264584786,0.6980356421024132,-0.17786642183384635,0.2595223094393329,0.4243355436337886,-0.7165687077879169,-0.5076079284867682,0.42403876436782395,0.09873514301194705,-0.33411676948297697,-0.5777546478676706,-0.5138376297801622,-0.2634255562455949,-0.4139199970233009,-0.3358682501046779,-0.4485527127409557,0.3542883732395469,0.4281774688787316,0.25770869010446773,0.1768181763569276,0.515979508439033,0.2455196559138635,0.06564316382428219,0.47551377469610434,-0.12731440649039324,0.10426366545889999,-0.2525510669395426,0.1634697393145438,0.28804710103147646,0.503188901974638,0.7231906105467918,0.6016522385144432,0.6150237635808583,0.665540975849157,0.12680061622435382,0.5648731066061169,0.44146120916534587,0.12243547505335013,0.5231130698065398,0.02393069536285964,0.8397582275269267,-0.0156585413979012,0.23004403873930593,-0.02001965540244966,0.6932651553294845,0.8344158199099478,-0.5260331871808824,-0.709848653902804,-0.37745833617280483,0.04049099299906576,-0.3631092377650526,0.09365752103042224,0.3290069097946737,0.09735634663629,0.485341504852323,-0.3669562882452397,-0.1462855047979406,-0.512255056897686,-0.17628929562023565,-0.1704519938938625,0.01725299368631269,-0.20135667572257746,-0.6308492160179751,-0.534602831572763,-0.32970253180186976,-0.09217985585524432,0.3746620858304525,0.11156099304333697
-0.5538823008385346,0.4249547871432394,0.5333519630755345,0.6235487152884023,0.5107066000736046,0.39450624477664165,0.7006642010030124,0.6093885305338943,0.8164747831353033,0.23104097668568538,0.4047582377596234,0.11160145171905217,-0.1981549352433304,0.7388981870938748,0.0,0.5256399808389557,0.3347781198777638,0.522510510409463,0.819093457698565,0.4312588910419411,0.5471430682886488,-0.04343447202194192,0.42911750123232456,0.5827742013984,-0.5568547249122884,-0.021422749696687407,-0.43754921899078725,-0.07637273565545959,0.7579146642869412,0.427691468294239,0.015955160256460276,-0.5895810536712558,-0.48511727468343596,0.8270086090190124,-0.5467134656308787,0.5054126004230968,0.46447003171121753,-0.6990337338024099,-0.7679090092323202,0.5219263384925151,0.2636603605027287,-0.544349355900895,-0.6407905422831047,-0.6409663949178256,0.18327819776599694,-0.6770381121969181,-0.6614324014444692,-0.5109210397103991,0.5041223042254857,0.5778554683888184,0.5339882370770243,0.3429316762190323,0.6886687127426617,0.5679190978583953,0.12243989390407305,0.5811657018441683,0.004174444298198442,0.5484698043221432,-0.1755295175698046,0.42942240163574946,0.44611399364188964,0.6293986784202317,0.7163256896551621,0.8001406297093092,0.8171083841818783,0.8768570815984817,0.5598038585152096,0.6258798275654013,0.5249374052635072,0.1259872384592696,0.6856743548971499,0.29603775753215644,0.8481675795447334,0.34117330717988675,0.5037268158288429,0.0966039398012674,0.6844688533679724,0.51357588212907,-0.1590627180582978,-0.4277700314452096,-0.29109667384120114,0.120042885095593,0.010663348952548285,0.19713093074577703,-0.012044031948904646,-0.01919033948949322,0.33884869859445405,-0.446254034505282,0.09187827580804765,-0.2228427037534829,0.015856401470664333,0.2795342661161127,0.4242893466116868,0.016953517829004693,-0.6120977949708774,-0.5860025498723412,-0.6380648578942143,-0.4287714212874447,0.5616639912290257,0.37937136791102716
-0.10838411458141037,0.9078532331227234,0.8735455031584478,0.9047458674703482,0.9094975185801227,0.5975410181161277,0.6560252699829092,0.5466471053402235,0.5848250366806119,-0.26748537578063364,0.337953524669309,-0.43914818475098083,-0.7550766733848623,0.25703092166050595,0.5256399808389557,0.0,-0.44994365603582026,0.15747355598666216,0.343609436334036,-0.2569602865174787,-0.28767841057011356,-0.7232667042230088,-0.09959231201095535,0.26445820446350593,-0.8609100832391966,-0.6399866901963301,-0.8475381156310952,-0.45611659315467207,0.593905404467763,-0.0055588781579473815,-0.013416726652485554,-0.2961539475773498,0.2856473428054725,0.27175767349028707,-0.781387649703301,0.4391490299650577,0.6708190688228971,-0.23762080179938352,-0.584459614753211,0.8321906516824027,0.4261826609271749,-0.8733499283366569,-0.7217672692968475,-0.7704816039181711,0.2722010775518717,-0.3767322593679187,-0.6778912738124396,-0.12324309714793158,0.8117334488808136,0.791946124023948,0.6363827738330846,0.8777247025863399,0.5790969031049963,0.8836669766277419,0.5869988600212385,0.7575683534398034,-0.45179952588566963,0.5988600060430919,-0.17594060296356395,0.37145796195492486,0.06061593636706343,0.03451443342386991,0.14555281860525826,0.5357646792768441,0.5661706204342728,0.45137075001103105,0.493689650433235,-0.053229366597848056,-0.2888363638386801,-0.5709393908940825,-0.02456730271503883,0.10509741769090215,0.3754493128382013,0.47861551172148087,0.162643785852471,0.05880156301810627,-0.1376644210003354,-0.14625582048518912,0.08475257420775212,0.09350655801473241,-0.3849520015186738,-0.11555330503272668,0.27892491027235533,0.08962804596402708,-0.6620470785617367,-0.0405288518578681,0.40961802105538153,-0.3561356077384285,-0.0855116829858899,0.31559320856391626,0.33099844455545047,0.35943799402773186,0.48430303165848776,0.19225092983837458,-0.21514212673770744,-0.7509185716863808,-0.470860696800463,-0.4656393389565291,0.84545298502757,0.47554631885460263
-0.5123352615506769,-0.5203778703818474,-0.30090050176805566,-0.4012698820558019,-0.3942392292715724,-0.023436328865550627,0.17007420293653844,-0.23086155437384684,0.04302906140329873,0.6707287636366964,0.2865422389287759,0.5389708667814684,0.8248856046533104,0.6743577737122625,0.3347781198777638,-0.44994365603582026,0.0,0.18502990181083162,0.4155046040940251,0.4289344734740273,0.5949078914669146,0.6013041877299601,0.7462390478234211,0.4870210773020509,0.25321905614126133,0.2475863754860806,0.4719440892652507,0.25315381098705936,0.03776297448548121,0.7569861091034334,-0.2811665095941177,-0.3124258894556303,-0.5129531062929312,0.4260277500779226,0.40115706629733316,-0.11761240245131932,-0.05884933095679612,-0.28300834433108135,0.016625112093038137,-0.04634850908224379,-0.0727953509558018,0.2876569277244847,0.03182483990943224,0.08053960749469694,-0.3051904351534747,0.009338573020810257,0.2389312619676942,-0.18486225629746486,-0.17310574474852397,-0.11116831062545376,-0.22876204592276575,-0.3497742344069064,-0.01689926263036813,-0.31063335910482415,-0.21604117612828738,-0.093304323195122,0.17750300582557668,-0.315823946866771,-0.17150919192348377,-0.17700312596578904,0.0974247703006996,0.3075913243525515,0.438289877056326,0.10315185508919011,0.09731178646150815,0.24138897034007425,-0.22660332246962517,0.39343883555934356,0.4585524835581946,0.4530245527555543,0.38516129946231775,-0.06929890289987381,0.4631143031675001,-0.3478805506865018,-0.007143029593877452,-0.1435236199100038,0.6462680006796139,0.8670748324231904,-0.4212244931417039,-0.5197519272137019,-0.01380222150419031,0.0401109293425625,-0.41157606024316506,-0.08424494157557753,0.5839317000444322,0.13748524996615558,0.1833069031894607,-0.020505642162316613,-0.06278785553883294,-0.5912669364224384,-0.3326009403555867,-0.38238935358148923,-0.34061336267949527,-0.38047252472726567,-0.4380345692972619,-0.0015487860489699023,0.11886087367703171,0.38265864790153176,-0.1873167370145631,-0.18240313467373498
-0.013975793405130305,0.006292154763315063,-0.034698610259173784,0.03948996575075237,0.09971482919231218,0.15120286089775795,0.3021778384828662,0.5717797852361832,0.41797456165433566,-0.10784056426523307,-0.1639669406431727,0.18149855126804956,0.02785978884327702,0.2244312004708669,0.522510510409463,0.15747355598666216,0.18502990181083162,0.0,0.16361616658936942,0.6661546046910137,0.4873989589815028,0.03276242214265569,0.38885985891552527,0.21854890110402853,-0.11330818506166623,0.13196389458729996,0.03935804257321088,-0.30883978114851834,0.34608880895179744,0.2984365708336979,0.3972679937399723,-0.05156405576524156,-0.2441456470856589,0.5897991057222105,-0.07654335206946031,0.5018727105321364,0.10789239562123978,-0.11024221018573886,-0.13929046699112732,0.0002663702094660815,0.4218336872269303,0.030261530107845488,0.04813491339115199,0.06330822175112243,0.4119257528071343,-0.14018095309883946,-0.20625036728698704,-0.3409045930945923,0.1848041329574629,0.19796665682184728,0.439332955044354,0.025666040168924813,0.36408930219654734,0.16650178616450967,0.23929549403607148,0.17096521902765,0.6205252771043039,0.3086561268816691,-0.29607104967363673,-0.08946074367468979,-0.03587061195417565,0.12271093244126904,0.04843274913022939,0.16230541524868652,0.22966874927179431,0.4106685860326715,0.5291377861804047,0.14176941653369857,0.40235818707743337,0.5603001583005348,0.5268673820492108,-0.03592369118512882,0.1759674860175654,0.22798785811438343,0.0904790453378431,-0.37280889203083645,0.5355924221845838,0.14329553466484315,0.07555064182499745,0.15342812365601102,-0.10321084830088877,0.41740242926847204,0.22317071689909446,-0.25020798044258746,-0.1543126030415773,-0.47084366456494026,0.1990165755188625,-0.34647284150166086,0.606818691961903,0.06970134946556597,0.4343062645955917,0.2556966285156151,0.2970024374241131,-0.14907926887294537,-0.33896045394515895,0.10394285218116826,-0.06739453343261002,-0.18595912643366666,0.1591702443404529,0.3606911747418569
-0.7471462932076646,0.26562000615197023,0.4712152499736548,0.4917252380854897,0.3702620415977406,0.38511822752820635,0.6639401981028771,0.3976450379941156,0.7659927162383998,0.49225212382148403,0.5671074023028352,0.28908658920077485,-0.013901019414741343,0.838792994441715,0.819093457698565,0.343609436334036,0.4155046040940251,0.16361616658936942,0.0,0.32361805643568536,0.5677881675948222,0.09228127802948997,0.44223424667684835,0.6931518417556124,-0.4384280314780079,0.11717173411423719,-0.27560534371395945,0.20873561570057209,0.695219802192965,0.4161326182672854,-0.25684269761864714,-0.7371477088425266,-0.6537133027930213,0.7530857796562102,-0.3943065156449374,0.35517536608159656,0.4875529796699805,-0.8384017250154038,-0.7052223299435122,0.436580990819126,0.1023218512354809,-0.43800718708784026,-0.6510023126267648,-0.6176268524327357,-0.1077777314900173,-0.6177450542439696,-0.5360579223809249,-0.45278578142847464,0.3836305203214431,0.4820565529083387,0.34275936741870133,0.19914164325733477,0.6047438785979437,0.382554800980469,-0.029679055371246748,0.5314404953205629,-0.16624415874646736,0.3653438083870377,-0.021968095517195415,0.43995419028366556,0.5457786958674146,0.7050103722488998,0.8377398186183531,0.7828912153337931,0.7835693641333333,0.7935783017901937,0.3131720797658037,0.7219246178273079,0.5631915880894475,0.07058178035044767,0.6362026217279139,0.26352894238142877,0.882808921431388,0.21543102707379497,0.4971351385771525,0.2346426803697945,0.7198388634070072,0.6704017360662473,-0.3595568571267774,-0.694880963885374,-0.2730555016564005,0.1355537539518667,-0.19258636428688372,0.3672115311105779,0.3502632389220452,0.1778079753898292,0.371621036275959,-0.309297301410957,-0.07435726873701001,-0.3874073782853702,-0.20229384962375727,0.07659200757993942,0.264228265341503,0.06707114560179875,-0.5097822015951249,-0.5632430318680496,-0.5701565108431016,-0.31575682523176224,0.44459621452340686,0.2366155067937178
-0.24990639605242917,-0.42892097966138615,-0.34122644073150593,-0.30154612397890274,-0.319427376819484,-0.06413437510632415,0.12063968677246498,0.27492483892325553,0.31486664284412763,0.2783697614634454,-0.04570648324265966,0.5832656730137942,0.4171892373722983,0.3412359840309493,0.4312588910419411,-0.2569602865174787,0.4289344734740273,0.6661546046910137,0.32361805643568536,0.0,0.7946151186397303,0.33225549236282237,0.5014835841658355,0.2973007651242419,0.11442181936244204,0.558249764459957,0.28216324335921766,-0.1129011416989887,0.30847202802384505,0.36261248252900957,0.2751317160574578,-0.2243174255459753,-0.6283899015583052,0.6400600451422988,0.09640623156684203,0.517344838342349,-0.07006119537283376,-0.3336953152731095,-0.10716351526957149,-0.3023282706504424,0.17653655703125906,0.2624053541544983,0.12885026316089174,0.21559719485261214,0.18046198605583946,-0.22580288636318874,-0.1490567983708739,-0.5467982067980122,-0.05460593079712395,-0.007188723307477927,0.3466438561596885,-0.28625006843792034,0.3842044319906233,-0.1112146785249675,-0.024884773736551652,0.031455624319768206,0.7999747590928142,0.1414131720880876,-0.275926005558704,-0.08894597672384338,0.0998076377510585,0.33018162622288355,0.2438951324240751,0.17585881517596214,0.24111988607828297,0.4526399388018295,0.4308981528412332,0.4059669516428555,0.6891298671219985,0.8304302086596065,0.7487199914092354,-0.06297217719715327,0.26918866339692155,0.08784638260414085,0.16872502836428543,-0.33186818595760614,0.752025821779872,0.3204338237852089,-0.14178276670957426,-0.1568109255333248,-0.16578909430899275,0.5163046413235353,-0.030699507477467164,-0.18219694206928433,0.2446471367217614,-0.5156794524860137,0.11783707821444739,-0.4095754349300304,0.6220079441656895,-0.19648696799418014,0.29351173240436856,0.11135799579847398,0.20702927638817364,-0.1777266957264886,-0.36866787634082615,0.30377376693059915,-0.07254256562605911,-0.24092910928800812,-0.08190473884697415,0.19199155944602792
