0,1,2,3,4,5,6,7,8,9,10,11,12,13,14,15,16,17,18,19,20,21,22,23,24,25,26,27,28,29,30,31,32,33,34,35,36,37,38,39,40,41,42,43,44,45,46,47,48,49,50,51,52,53,54,55,56,57,58,59,60,61,62,63,64,65,66,67,68,69,70,71,72,73,74,75,76,77,78,79,80,81,82,83,84,85,86,87,88,89,90,91,92,93,94,95,96,97,98,99
0.0,0.43633256735446346,0.5640468592786146,0.27896523414305835,0.6321818167649651,0.7957822094953234,0.8875737888838758,0.5877682356886316,0.7513500139413447,-0.43598210966927387,-0.1347315672303859,-0.5930606049211955,-0.7448736763990788,-0.04826188889313856,0.10278838776255998,-0.5383669606079805,-0.6902782032497529,-0.378999522922086,-0.4132029539706284,0.6540293082060898,-0.3299413314658323,-0.852100934797276,-0.45229506685124365,-0.7780317351814753,-0.44858313484241724,-0.8101054388343599,-0.7826644826414555,-0.5345169026022901,0.23499937620993402,-0.6272905209191233,0.7350713867035159,0.7033380284084292,-0.8167181087746772,-0.8328787472343527,-0.8240275368972926,-0.02470189360166409,0.41149785430620534,0.6940014511902567,-0.47310072791974767,-0.7524398115212134,0.5432482505981309,0.7296417547717101,0.08289317655590302,0.8190721971567968,0.5899039864913078,0.7794625499092899,0.5561669192408591,-0.2623838104519855,0.8047398514259764,0.7537857336631504,0.7991942626151368,0.6233184817102857,0.21572650728518636,0.19917313172943957,0.6997473506788752,0.7734897941678162,0.4228656998858419,0.6429980274556735,0.25622125632489257,0.6328059459368012,-0.1399050631508001,-0.1800069923130792,0.08991031849669379,-0.6349552748032622,-0.5814795909034682,-0.3334785089221701,0.6488851200200796,-0.5079433104400398,-0.756654049644866,0.06991185762169154,-0.11555152187405497,-0.8153080085897975,-0.47160302221540285,-0.6348843357400262,-0.5543543798756282,-0.6493913847894354,-0.15222966227974166,-0.5766253034475104,0.7757718112940282,0.7282090965467791,-0.7769039161555804,-0.26026967348052826,-0.5025236906575952,-0.6968324866005263,-0.805018872161797,0.22259065756524962,0.306250766625212,-0.5629233699516166,0.33760795613214695,-0.8006860614621126,0.09888745788378299,0.36110181573208927,-0.1278877233526111,0.40387604871122446,0.19043869485605777,0.7989383227134611,0.6473486860418779,-0.8151291850818324,0.770302487105545,0.7466509507069331
0.43633256735446346,0.0,0.8619973214379058,0.935715824444759,0.8191658352233739,0.6871288054655862,0.5055435368715275,0.834140532600006,0.5824648857054521,0.13365299633813954,-0.18270560768347424,0.2322088612882023,0.11298450632973897,0.3147056357051574,-0.5415902676446736,0.12708479470638517,-0.3341128828507895,0.30880418599238796,-0.1772894387677088,-0.21558548491411472,-0.3027534807367607,-0.525731597048913,0.04918531784452443,-0.3534957944725676,-0.558866047112991,-0.4429396008718033,-0.5393312370431689,-0.4353216639987625,-0.27009990364559777,-0.023847160278309045,0.25116444807377863,0.08975186390755212,-0.40046002465758845,-0.3315131741731308,-0.5900061661107705,-0.37124132125927184,-0.12165447465203824,-0.03396883353159544,-0.2489906144218059,0.12342439603703527,-0.05372419229929008,0.06042008014408582,-0.21922351410968882,0.2793479906194488,-0.06143179327554594,0.2014104016051058,0.040314227448921276,-0.5136375014075492,0.24529009077489608,0.1793824285882242,0.46138180370514964,0.811935384548314,0.8527596360955518,0.9053110125150023,0.7777685447172987,0.7268927793335235,0.8476701771911195,0.8248726615307792,0.6160284398677055,0.6387667979983964,0.5082442559001947,0.6372266723316454,0.6736959511446313,-0.07052427956129291,-0.06804122121129112,-0.5829121280434961,0.16735400764034242,-0.03346667934025702,-0.26721864616922525,0.6104178160332058,-0.3317911326102212,-0.30545340692759904,-0.040582671897601286,0.3080517360913657,0.0151266366881541,-0.18582795523086748,-0.1949257242526789,-0.07858982775790364,0.1919266786909837,0.25844950577513603,-0.3507590571057494,-0.4848550952643379,-0.48225021551821096,-0.38198215023279675,-0.5601014755325613,-0.2903148689056374,-0.229772743009315,-0.7503414517920002,-0.25405265390989107,-0.36531741197399703,-0.17643534054977478,-0.12555841857996733,-0.3867048262054941,-0.29107587592609835,-0.2691589267857798,0.23794323760584665,-0.005271169483290798,-0.5279535465099441,0.18919254367769012,0.17566603364409702
0.5640468592786146,0.8619973214379058,0.0,0.8697740296400852,0.832675092166836,0.7790295645979451,0.612612375620536,0.8861331901684242,0.6315913475557444,-0.06605398294142076,-0.3264516867066213,0.09194393156378486,-0.03602185460613663,0.34647282672468227,-0.3322487500430747,0.038687059298393923,-0.33925610414145785,0.29858147891658576,-0.10978194982223471,0.06773096028220747,-0.2166416443444152,-0.5760623296536368,0.09324616386135143,-0.4327642936181734,-0.6266194592609731,-0.49049962769521394,-0.5608519863897788,-0.3734781269865535,-0.0590877223941478,-0.026044466529174436,0.28002572162422107,0.15122185477040784,-0.534179266507864,-0.3988338743894492,-0.6680865359436116,-0.37861164558752175,-0.13045900532123925,0.07676790014238687,-0.3635261814569518,-0.03202201648608663,0.02161470097849221,0.13785535571097532,-0.21338610352594373,0.35053473587879297,0.0004862970637962161,0.2875543589177772,0.12607984721806387,-0.36071253433900996,0.33164871431612725,0.2531369699870468,0.5086318400202036,0.8761061632931655,0.7046470502789263,0.8213591279517918,0.847407368679643,0.8056666400767231,0.8711459466563548,0.8760487438492296,0.456983120899633,0.6328782312244495,0.4907766682052476,0.5999347533195397,0.7096085349095361,-0.08934582971512141,-0.09742308154987624,-0.4654650444901939,0.20018407914891329,-0.039074054481962835,-0.3292722331314632,0.629152662003851,-0.23653265764188525,-0.35218261776444737,0.011595928490037615,0.11413300399957217,-0.03784169237824582,-0.2202878884380991,-0.10225860537802145,-0.05102603480170703,0.2584627945270347,0.2946379185421596,-0.4017585920276499,-0.5493231332180588,-0.6015307054480946,-0.4300751080517097,-0.6238553048467823,-0.2588677290892305,-0.25613636020457575,-0.7778441315620812,-0.2233230683478001,-0.44356965608251675,-0.26119347638637225,-0.1390733701385271,-0.45798590607458856,-0.26912741694390196,-0.23979292472050068,0.30146635888235646,0.05957205904538859,-0.593578182924474,0.25682837259964053,0.2354866944064586
0.27896523414305835,0.935715824444759,0.8697740296400852,0.0,0.6754848614824455,0.504954498629839,0.34012716127105247,0.6795520791968588,0.4257178888499683,0.2193969653605522,-0.13501530975668097,0.2566473574058092,0.18071620223249257,0.3105920598771698,-0.5211180379087633,0.2403979928256514,-0.21845420728181222,0.34719332480269716,-0.13917234579260532,-0.3274801524132839,-0.23611344495774944,-0.3350274669843771,0.09995603765004349,-0.21905930188122402,-0.45249979181653366,-0.29748011031025534,-0.3857701515127284,-0.31432281707848375,-0.32758933416377634,0.08134909855386671,0.14464776029888762,-0.00841239746485221,-0.17540703067462637,-0.1549239112523093,-0.3796974884460351,-0.3377076717244622,-0.15343998451861943,-0.12082793389099349,-0.09558773138037018,0.24945625633010815,-0.10125953772915824,-0.04569131069810016,-0.17899595038120844,0.13946459923613216,-0.13410753011741627,0.08138858506167858,-0.013730921487675553,-0.37714392826629395,0.1182436221746593,0.06296432177958945,0.30627398233823894,0.6613594243634306,0.7837154149966071,0.7976913230885506,0.6149299685418469,0.5455513142371531,0.7076955473041557,0.6599042207678169,0.5611281442296777,0.488384875400561,0.4778720329415024,0.5997327809347834,0.5847185005139277,0.03715641922638028,0.03867827054107923,-0.48080070215751847,0.09412292581896334,0.03860311767065003,-0.11866109150774612,0.5613473191622621,-0.2916699210356864,-0.1637715569744418,0.0272411804664059,0.41902703156728677,0.08626071366207581,-0.08697702249282695,-0.16427312386392157,0.007110986438953437,0.07948951935431699,0.13611260126584274,-0.20936184542264236,-0.36153781796509316,-0.32742464888917805,-0.26904307124842186,-0.3856608517383535,-0.26834790313864876,-0.23729146352829977,-0.5621787131408646,-0.2687330685283573,-0.2076819228197846,-0.14557083069974938,-0.15751296075323237,-0.30745261620701736,-0.33601945450866727,-0.2563919524156735,0.1103892688883073,-0.0856832137270772,-0.3363038835632065,0.07689501744833199,0.06315131292346929
0.6321818167649651,0.8191658352233739,0.832675092166836,0.6754848614824455,0.0,0.7967544992965577,0.6921621238159329,0.8436306046746405,0.7668417815602169,0.09760072444540521,-0.08503198117878613,-0.008945182620855087,-0.12778543078040322,0.1876137060714564,-0.5552561008681298,-0.09667018470375896,-0.5610138001700319,0.07510988993321986,-0.3652729897962492,-0.08722830909909084,-0.4975537530161197,-0.6724466074546882,-0.18703110498523579,-0.5594121391107869,-0.6266348045636845,-0.6346697924299832,-0.695761302517175,-0.5613518439052029,-0.3431865923988516,-0.16719907266746814,0.48910280539494605,0.3542978637020284,-0.4513243935616307,-0.5328848406075388,-0.6682808879930732,-0.17108252948809688,0.12535148305902655,0.24893802904595994,-0.1779621322272586,-0.07143189419949696,0.24110862751188955,0.3385197007872873,0.022431723820976593,0.5040184257563166,0.21373055408318578,0.45017339796837724,0.3231986873596611,-0.46507373289590365,0.4897007938799463,0.4275655081628912,0.6607216499334013,0.8430888237435924,0.784601187926976,0.8072631146295207,0.8435037338065434,0.8161673121434301,0.7775673210011053,0.861738561275165,0.6540726708498006,0.7042592009172449,0.2837411218745712,0.4062393712256501,0.5022365000748965,-0.31619293526120795,-0.32453579452648845,-0.7050799595739096,0.44157022056990924,-0.2887145730037564,-0.4981870410200364,0.4461992167791762,-0.48423760195805016,-0.5256500857212174,-0.2679479172028938,0.13465902161905086,-0.2477933230792224,-0.4326083169318732,-0.3739967604758886,-0.3147361397289015,0.4446767112251652,0.4940155241745113,-0.5642841451413063,-0.31781878846160116,-0.4088644395292665,-0.6203875110092391,-0.690217733115976,-0.017253497067565047,0.010347740644074246,-0.696701987237152,0.01472756330254048,-0.5194779586880289,0.028384782634797937,0.11964385655259896,-0.21712226022530198,-0.05256443626159226,-0.03053547796118986,0.4739761910985567,0.27143617229589784,-0.6651382860052513,0.4460104176096161,0.42826600861130204
0.7957822094953234,0.6871288054655862,0.7790295645979451,0.504954498629839,0.7967544992965577,0.0,0.8499423637043446,0.8840226729446783,0.7995366517477616,-0.31843504304088427,-0.34047230747354534,-0.26427202680771306,-0.3590628787318033,0.28276970044500277,-0.13590109494617336,-0.29410404883224894,-0.5649530339579855,0.006243578400615245,-0.22627854249988888,0.36301520325483877,-0.3252411820857608,-0.7989692606595631,-0.15738267230680006,-0.709707640927144,-0.7017615422176291,-0.7431666961531691,-0.7746717305008396,-0.4594081560868806,0.046802002408207706,-0.2718357689528097,0.5677184656594703,0.4665897823107169,-0.7621955899948376,-0.6798210927556929,-0.8623534835802255,-0.24944945611441305,0.13272467298771506,0.41238745286311007,-0.45710461758081294,-0.43112670815465803,0.30231636925512734,0.4623961991725318,-0.07591853238605532,0.6569259686878611,0.3169666374032312,0.6026976078627005,0.3926878730761005,-0.341121620930782,0.6358096425664986,0.5656857354378635,0.7480211875989108,0.9050519937493376,0.5544484359816366,0.6429178000951837,0.9189086070366158,0.9231208733939471,0.7891951114018615,0.9074362758078266,0.3938636651292239,0.6845618541276426,0.2232770780099717,0.3184452836917696,0.5393387594455924,-0.36296170409708983,-0.3693594169882176,-0.44545710542646483,0.4371761404634718,-0.2768406650626427,-0.6040676077167013,0.4575748402980134,-0.25434013596508337,-0.6442319964502514,-0.22089129659780818,-0.274099887832053,-0.3372808265067225,-0.5027927866657076,-0.1988189908060037,-0.29930608012862364,0.5730308043029283,0.5740022839490515,-0.675235491596042,-0.5071076053393936,-0.6629357061758886,-0.6516076357703334,-0.8346315653209395,-0.05201703866922664,-0.015901960989895776,-0.8022848762147623,0.022326608045007197,-0.7280696948426637,-0.12249478546103647,0.0853254860381046,-0.38419044278170794,0.033747961109129365,-0.041255251546651946,0.6109215222136389,0.37649525474407664,-0.8237470629593098,0.560455420544723,0.5419580122491465
0.8875737888838758,0.5055435368715275,0.612612375620536,0.34012716127105247,0.6921621238159329,0.8499423637043446,0.0,0.7082074198063146,0.76665194547317,-0.3918544289781231,-0.23760513200418162,-0.5502805486681004,-0.6789758843580009,0.11412273302004068,-0.017628270133524918,-0.3842402904203076,-0.6496869478477367,-0.196481658781154,-0.33275505443530456,0.5231103313686934,-0.343361259022083,-0.812582782875665,-0.3337238241542929,-0.7840704705141434,-0.5844312918864072,-0.8066830532280121,-0.7974538347684835,-0.4672159303018464,0.07885100445618906,-0.4514763896518731,0.7123506396672373,0.6219496528935118,-0.7093211297397077,-0.7320084473650725,-0.7838016281959983,-0.13185637218136614,0.3118711333152413,0.5975303624003631,-0.4192403731627819,-0.6289867911791264,0.49124229220044957,0.6457567180270125,0.06942334727036648,0.7723548237303682,0.4993512499892806,0.723231355693655,0.5508120837665514,-0.16427228902609334,0.7637601968613416,0.7026893344119328,0.7887643720525342,0.7352989095615984,0.38839626820660167,0.38649990854072236,0.7946013192486092,0.8291138506542353,0.5612674900718992,0.7395503136159142,0.29636080420740823,0.6144198103288057,-0.04194036082419252,-0.022153040001108886,0.2452781970653639,-0.5075240824948387,-0.48745975228560073,-0.3809587062423789,0.6075134931464504,-0.41275752658896575,-0.6692076524875279,0.2564846187249401,-0.18911017761640844,-0.7550986155454212,-0.35216136236533196,-0.502423727377425,-0.49526256409612074,-0.6302071982263794,-0.24217989129443515,-0.45762007915419817,0.7274586767610428,0.6699490308056086,-0.7572140704466822,-0.316340047415654,-0.5491048946052371,-0.7172526867861929,-0.8281513837049156,0.1688546596351894,0.18268231014128228,-0.6198545270768835,0.2245818347979585,-0.7892700227680541,0.03982724615555103,0.25491608305853813,-0.21232177442035693,0.22501826683205928,0.09662918808238675,0.7420401713755423,0.5470615130705234,-0.790592187700153,0.7146105963518478,0.6886307660093384
0.5877682356886316,0.834140532600006,0.8861331901684242,0.6795520791968588,0.8436306046746405,0.8840226729446783,0.7082074198063146,0.0,0.6209047068404555,-0.18354325002783597,-0.4254311393477518,0.006194151586149231,-0.1312025141373804,0.4325672707543333,-0.2695037118297008,0.06639597663833269,-0.33085129932870055,0.3407843282018028,-0.03833388792162001,0.11865651432452666,-0.1693899369378303,-0.6121995224765207,0.12025727001893387,-0.49232974689630765,-0.697589262735226,-0.5476177282383441,-0.6185350175279264,-0.3285754009906856,-0.04766574350842185,-0.04734820507360978,0.3197687541165578,0.15222182629742473,-0.5912546334602214,-0.39934669506729015,-0.7006492785056189,-0.4860265334763904,-0.1636870370082594,0.07415912185317813,-0.47102107592078496,-0.13413961811086694,0.005981218119581385,0.14487155397761323,-0.28210344399039594,0.3913202301087849,-0.008765797098054934,0.31092865346211657,0.1299226371246962,-0.3014798167046082,0.36440266162345886,0.28112408424932817,0.5277542960075925,0.9132561998078423,0.7419373215241565,0.8367385442206899,0.8868783609590847,0.835739420338897,0.9094562747886301,0.8996865356630839,0.38606928170866833,0.6321502901662913,0.48690727421801705,0.6021381708587025,0.7463236171311872,-0.061141111935098656,-0.06490931925078114,-0.4105951182881116,0.17457163526622377,0.010065411521421033,-0.31256527525373273,0.7078535249375795,-0.17594037490748884,-0.38492919786285246,0.052009803495121236,0.0032890194980941135,-0.040663786633197675,-0.25369494745976096,-0.1262189789054287,-0.02897562870031673,0.2926951424093255,0.29996923305580836,-0.4395429211084764,-0.6368284603016872,-0.705892335141467,-0.43959896570151646,-0.698349359518439,-0.3089396706621485,-0.3090333160926436,-0.8465712786259392,-0.28169242970305786,-0.5382629792810318,-0.3277584066060156,-0.20021626387451974,-0.5594693217950447,-0.31410172244208384,-0.328492081418266,0.33283335772107286,0.045549296806339325,-0.638599785512935,0.27572028747083,0.25652680133673694
0.7513500139413447,0.5824648857054521,0.6315913475557444,0.4257178888499683,0.7668417815602169,0.7995366517477616,0.76665194547317,0.6209047068404555,0.0,-0.011134407856607792,0.046206745426865425,-0.277594327474018,-0.29436428381518576,-0.022851740921773788,-0.4266727138214544,-0.5236402179965366,-0.7909031287202548,-0.32511712088688466,-0.5528438105740372,0.12439897167862309,-0.6886926286900319,-0.7952375220351398,-0.4995608765097289,-0.7462187134335685,-0.6060987092393221,-0.7742799345605318,-0.7972387572864594,-0.6565656776444754,-0.2812359742856225,-0.33775878606032583,0.7164687627536928,0.6767216489398816,-0.5646702858751936,-0.7851562926620547,-0.7611343385149014,0.17845104084641839,0.4750895276048984,0.6082693871776761,-0.06649032404123525,-0.3443422994770091,0.5730260589025064,0.665604999825197,0.32879157330538555,0.7463857441849248,0.5727808420927102,0.7304759470584893,0.6149093315674442,-0.4820440081766422,0.7425441933062227,0.7067405113442525,0.8444485480353215,0.7509076169778043,0.5013523315477723,0.542477472188727,0.8042706937700072,0.8361712513086859,0.5558322243999148,0.7886672208656936,0.6256620834458583,0.6700420430702584,-0.060370699658233946,0.06410981838708249,0.22562150616623355,-0.6355125738146246,-0.6712796305176498,-0.7298437088899259,0.7029985947452336,-0.6160177575492379,-0.7912967994301179,0.09977341565197427,-0.6169349220367636,-0.7554120527002329,-0.5572906382222876,-0.12307552722900811,-0.5785723294851313,-0.6775003074495027,-0.48881377154821193,-0.5840085187526368,0.714133134984742,0.7669725102884649,-0.7756322384975577,-0.09926099787587236,-0.2633094456207018,-0.8281015916414843,-0.7595391182918486,0.3148156658486148,0.3594418305275819,-0.54919225967232,0.38592569468520715,-0.6485013047301661,0.3148846101365296,0.4664645425520871,0.05963201729346681,0.36216607704786585,0.35900173120353446,0.7353665308598634,0.6235669754645327,-0.8027752417911216,0.7248815897305181,0.7075351002723237
-0.43598210966927387,0.13365299633813954,-0.06605398294142076,0.2193969653605522,0.09760072444540521,-0.31843504304088427,-0.3918544289781231,-0.18354325002783597,-0.011134407856607792,0.0,0.7232823267999411,0.5661615934218029,0.29547908189529876,-0.5148829109456485,-0.782845956215331,0.24665863910282873,-0.10871560395983476,-0.07542208044510304,-0.5266783627242977,-0.6199308802208529,-0.31021055127223446,0.08391238267214661,-0.20933772185702845,0.3164148302697889,0.403610302782639,0.1959724029460321,0.14505060777785656,-0.46980385853729534,-0.44248933638661747,-0.13736478544987699,-0.12433959128689827,-0.119450616252367,0.4022977361331351,0.07783177943819902,0.22752739154425997,0.23662631581666474,0.0661954264607858,-0.22414405870212165,0.3947761388235038,0.6412482442219378,-0.0691975904103277,-0.09897383106887053,0.1775327995832374,-0.2197097666993208,-0.11267767844589895,-0.2244298213387309,-0.16610807717427992,-0.44984143704497925,-0.22097009879246854,-0.2131482886791882,-0.11945144420069581,-0.16519966507467934,0.3071579631155377,0.20186531560632434,-0.1521502927501822,-0.15242725819387407,-0.09425201696870847,-0.0968414840135196,0.6320307859421415,0.2960114447000585,0.1755114905235724,0.055974975005358814,-0.21459087447479913,-0.10826461165168072,-0.04139409555310574,-0.562816191203965,0.14433177736529101,-0.17269206949209653,0.04030291591231662,-0.22848916187900795,-0.29335466168708113,0.10157464143170723,-0.25770426207758607,0.7553934398780936,0.17101095461638094,0.1844001528506874,-0.05702346564231203,-0.22518838232737448,-0.17610747446582226,-0.06578886912234233,0.1862688848587058,0.4116114704440479,0.5268643823292363,0.057108160254326065,0.29023094495206475,0.100061781215582,0.1683543808279767,0.20301073187528973,0.09990785297544089,0.4385894099499069,0.3098215574878166,0.2067943705475812,0.4312324879228089,0.015481731245759281,0.12526946165247757,-0.17510980178314225,-0.07927482169930436,0.2513555308497716,-0.11962701135251426,-0.14699576931600375
-0.1347315672303859,-0.18270560768347424,-0.3264516867066213,-0.13501530975668097,-0.08503198117878613,-0.34047230747354534,-0.23760513200418162,-0.4254311393477518,0.046206745426865425,0.7232823267999411,0.0,0.2756296547632257,-0.06174233663251093,-0.7613891083514174,-0.5337817356130568,-0.059873596721400135,-0.24939123103050634,-0.4240853368636262,-0.6631175323685977,-0.3132729766523468,-0.3305374955639205,-0.0454771221202868,-0.46524134475051,0.19126083604556707,0.5656067964186019,0.0820836192830119,0.07290884691845821,-0.5664013526355254,-0.23495595731071278,-0.4744477203301502,0.06467139257969307,0.13026105582819889,0.19010596158826173,-0.1407946943219684,0.14301465971192792,0.3801651788976717,0.29371523886129264,0.055215338350968285,0.24627016841509144,0.2556937950914652,0.12498754060516118,0.17083181080270174,0.2769437025455896,-0.02323516307364139,0.1423736036438765,-0.017307362685654724,-0.026325167552396424,-0.4472111576353205,-0.02073365833527958,-0.005270490231734921,-0.02108862817816689,-0.3323197532533787,-0.01464116294439408,-0.14465757849428168,-0.25811592783075227,-0.18965913112873128,-0.340369120145517,-0.23861649691970113,0.488047358307845,0.2990002127749846,-0.09995728851078022,-0.3520084325926209,-0.5270265548876409,-0.3819204664529942,-0.27091834847635327,-0.4684345925187017,0.29732378521893793,-0.3862485437662678,-0.1664490333658708,-0.5464750770278782,-0.19470350801533207,-0.09135957889348764,-0.49016342495164317,0.3629024826558825,-0.03658757229066466,0.03348337797963234,-0.031369197654825536,-0.47866050108086683,0.04709798206927975,0.12080044132313102,0.03798553721254007,0.4941530538024126,0.5416269716128392,-0.015967020130688056,0.22136091617171347,0.2791257718303016,0.40781440104724376,0.28771163255418974,0.3222015707992041,0.273223139417494,0.42089430965927943,0.42837841421999695,0.5516326065405802,0.3570961454810603,0.3201986058770046,0.03732661846702831,0.18221446986898357,0.13796586669627325,0.0990190481382858,0.06792624748635172
-0.5930606049211955,0.2322088612882023,0.09194393156378486,0.2566473574058092,-0.008945182620855087,-0.26427202680771306,-0.5502805486681004,0.006194151586149231,-0.277594327474018,0.5661615934218029,0.2756296547632257,0.0,0.5451614714525326,-0.18247926353845823,-0.4658006138190864,0.38523996046161596,0.23226405576798456,0.2812712807165126,-0.07177359619959381,-0.4752068442809888,0.08930266879976836,0.17835389556092174,0.23169644138980716,0.4757622739461851,0.32275355700330743,0.37763663116468793,0.2982435496195497,-0.20655844044107236,-0.059172128949170996,0.06774821067298417,-0.4441308783734168,-0.44835210742662635,0.11203687296292944,0.2358729728469365,0.11784353775709874,-0.15805622889041263,-0.3783403084933169,-0.5324973674112355,-0.03248918240537581,0.6355227961468295,-0.5127862408232843,-0.4443683691646323,-0.29827563928878637,-0.4513046759766159,-0.4803426545553457,-0.48249607863440835,-0.5592112475689246,-0.4762919178204069,-0.47464108714413833,-0.49652360294686054,-0.3452953140161873,-0.05207641576211971,0.22134090916141305,0.2958369569571737,-0.09777887924957611,-0.1258280099561,0.1256053101536037,-0.00590738397182621,0.319920536794169,0.2370995681624406,0.5656128719586752,0.44300809906024524,0.20747879384879805,0.2301413897430863,0.29625498026982383,-0.22365865434663268,-0.36644898274879395,0.23263826074644092,0.27073328560912896,0.09218013088667885,0.022402985594405834,0.35493723885841705,0.15516295327323,0.6846977155144435,0.5172150682148389,0.5035975168058352,0.27588368587813716,0.1881504145762244,-0.4669592715675595,-0.3612869313512825,0.417045833535627,-0.11661139591912568,0.1148663036069452,0.38179208784297436,0.310594491601674,-0.41562344941188967,-0.3179693190896856,-0.08937881291463766,-0.37897492723051024,0.4598883794438707,-0.23755066249480272,-0.25725618625769936,-0.08053005903189908,-0.32151531721681575,-0.2735319975120383,-0.4423704126229181,-0.4436788626481471,0.24281637640753959,-0.44439273250956,-0.46737873538432795
-0.7448736763990788,0.11298450632973897,-0.03602185460613663,0.18071620223249257,-0.12778543078040322,-0.3590628787318033,-0.6789758843580009,-0.1312025141373804,-0.29436428381518576,0.29547908189529876,-0.06174233663251093,0.5451614714525326,0.0,0.2948302330475843,-0.20549217031741154,0.09056196472384972,0.22678742921987116,0.19166910792466155,0.23323327196482768,-0.5540954624230512,-0.064206643868522,0.30909162684024677,0.20529884367215476,0.24029323615290296,-0.09645396995501808,0.26145431279310966,0.21571480024633427,0.20814193337959827,-0.29394332570847953,0.5098044997498707,-0.28934224394991165,-0.2951438860758172,0.29755498219191295,0.2949507309701343,0.1658551453346489,0.0897159285913729,-0.12038731886843385,-0.3210304970152742,0.3529300105097818,0.43731072010240796,-0.26434368634355093,-0.3858075505681244,-0.033973260741321246,-0.30850318984185376,-0.24961169486105209,-0.28684324104288556,-0.2241586567453369,-0.22481245431603994,-0.31462505391913437,-0.2816343727050625,-0.22430141322789446,-0.04156250140080486,0.1386669361434133,0.2186918419308241,-0.1098049265139822,-0.16428543418651836,0.028990638353035864,-0.044783194832131966,0.1383630188487307,-0.23690073817852514,0.15538493070337334,0.3978518323965712,0.23616777481542983,0.2897482471491452,0.18494438837212626,-0.012376879425218566,-0.32297463986580105,0.1998332607960713,0.23535676126778224,0.09926129299426374,-0.23546785564441394,0.31797239051661597,0.17785168614910532,0.4767849611339343,0.17953836444021481,0.2061405920822452,-0.09763850411888582,0.29978987706784915,-0.3279524149044583,-0.23636112665968145,0.25089071221692083,0.006219350322951342,0.17485615513782032,0.1992652598728823,0.2341613605640217,-0.18837747540042796,-0.11640948782617981,0.05528664639762063,-0.15694640128137186,0.2816481818621205,0.01779038292167216,-0.13862271936791565,0.02346093455769014,-0.19121458327134958,-0.043080292426313345,-0.30838853899406643,-0.2792713676572616,0.17844462794016513,-0.3248291954689009,-0.2921289493025091
-0.04826188889313856,0.3147056357051574,0.34647282672468227,0.3105920598771698,0.1876137060714564,0.28276970044500277,0.11412273302004068,0.4325672707543333,-0.022851740921773788,-0.5148829109456485,-0.7613891083514174,-0.18247926353845823,0.2948302330475843,0.0,0.2368498280824722,0.08269014715782265,0.19884379018870862,0.38046861117424463,0.5584761514745666,-0.12784805324748874,0.11396382342849296,0.08273189835590584,0.34658943670850506,-0.16689468669992466,-0.5899748974563646,-0.09674723523826834,-0.1237514767299902,0.483386504430982,-0.13177526230214764,0.5300198537043227,-0.011400028136383506,-0.15565540247233112,0.00737675680499151,0.19489819730190858,-0.07565892649992383,-0.33390115639614976,-0.20196765304204647,-0.15736196932551486,-0.05886783792971835,-0.10476121795407958,-0.17096970712366763,-0.23723096674126146,-0.2198327185854397,-0.0013164283974814036,-0.17086410344943334,-0.01775036434785667,-0.006547675549436117,0.22208228636657493,-0.01582718861227105,-0.014553180875320045,0.028360253975946135,0.29681153701358115,0.23065462367710532,0.30410296411887705,0.22522116014004365,0.14580679140248112,0.3301676500621882,0.21999823455480044,-0.21171352425540252,-0.22805150703412158,0.10874358515038399,0.45417219934431274,0.5337884414213323,0.38388299867022757,0.26771056220619427,0.2741279523608251,-0.314530924926327,0.36124346848964245,0.1886751018626092,0.5224594317028466,-0.03304548768504842,0.1058540832335555,0.37632593310424717,-0.11570572598325354,0.04013012313236475,-0.058449795214918214,-0.18534010203392728,0.42363842010021024,-0.06216401626336278,-0.10639305559886372,-0.04200617492715887,-0.4209509942589321,-0.3959322619008745,-0.003349487686563557,-0.21628475420612947,-0.3001992767498074,-0.31684882433145395,-0.27989325680879895,-0.32776759624556095,-0.24565370629733102,-0.2634857798904247,-0.3843973471301711,-0.4692510628282907,-0.3535818147372821,-0.32198892940111273,-0.054756837601644626,-0.20711465963126796,-0.12037143967818859,-0.11668690806343948,-0.0710455055074125
0.10278838776255998,-0.5415902676446736,-0.3322487500430747,-0.5211180379087633,-0.5552561008681298,-0.13590109494617336,-0.017628270133524918,-0.2695037118297008,-0.4266727138214544,-0.782845956215331,-0.5337817356130568,-0.4658006138190864,-0.20549217031741154,0.2368498280824722,0.0,-0.15987055956516202,0.3097261180096771,0.013369183619834248,0.5026693928703371,0.6548608724611694,0.5019358550105707,0.1543120882156259,0.2619518738246167,0.0023067181504825176,0.010507867870573917,0.11260652690510412,0.18039575990444223,0.5497970783284828,0.6562778593383602,0.09962234786649543,-0.11580514707880013,-0.048767408498718044,-0.20954202197735,0.09534569056432447,0.03282532640424763,-0.153412237557588,-0.1448471647923081,0.09318876305814923,-0.3110444547494255,-0.4779194588093149,-0.050774732546464696,-0.041967504305548825,-0.18544551640621468,-0.021261163878127154,-0.005498659279962351,0.007065320422395891,-0.020570820366042995,0.5448878485420368,-0.01354558553993811,-0.01083558876965949,-0.1594332408010313,-0.17944781306648314,-0.5876889574496489,-0.4818165914100917,-0.18520685765455497,-0.15000898004860072,-0.20810255925962337,-0.22855670402962086,-0.7345970987692572,-0.40174718324726166,-0.16152613988304665,-0.17247955853534724,-0.00569921168090558,0.19463095475089026,0.17713755356934766,0.743198648136094,-0.27800083108724566,0.25758172462722906,0.13696886035155692,-0.006474324774073429,0.5307893706354027,0.12406327393673419,0.31338249567701354,-0.6441530092578001,0.01710544220120515,0.08391697632550191,0.362088285057302,0.296270967703203,-0.03846144531071519,-0.15590706000292404,0.10009112534948175,-0.2430965582214204,-0.3061635283013458,0.23052540151758855,0.039399916864153256,-0.10444770903396507,-0.17052778096026272,0.08450713574932231,-0.1046548383491102,-0.11396614767567072,-0.31830974676226675,-0.22383037174844458,-0.277289659521681,0.013613454453634035,-0.10578380737136635,-0.046494011612355,-0.04234457083576573,0.05177832437131748,-0.07565510401476058,-0.06183116126899512
-0.5383669606079805,0.12708479470638517,0.038687059298393923,0.2403979928256514,-0.09667018470375896,-0.29410404883224894,-0.3842402904203076,0.06639597663833269,-0.5236402179965366,0.24665863910282873,-0.059873596721400135,0.38523996046161596,0.09056196472384972,0.08269014715782265,-0.15987055956516202,0.0,0.4150634408196035,0.6062664218843522,0.2219777040816608,-0.22867769048541764,0.4056289033499756,0.27568038097487924,0.4772665235426891,0.4361774614047346,0.21151856846379388,0.3435252131974508,0.293699546018422,0.09896331946448604,0.021444670508709927,0.1486427763119333,-0.44079053978181426,-0.564825286211062,0.2927753808808384,0.47489933094102976,0.29463734141952164,-0.512790513052767,-0.5620825107960141,-0.6023487060651126,-0.15044792526390205,0.5033843374000457,-0.5292633557322137,-0.5214238667197795,-0.46274877400760284,-0.4659916289503431,-0.6007336986938069,-0.5315730811159893,-0.523338391751807,0.13380380361152036,-0.4792621849747785,-0.5199372014971609,-0.4118437600107619,-0.04544187080915032,0.3331495976166428,0.2617452845575958,-0.10034354742147901,-0.1758220219111652,0.18207843885701194,-0.06754057271231383,0.005070927584308076,0.02220669083521148,0.49989890363868644,0.37764546961143014,0.24713048719981404,0.5040590881735664,0.5866107240344381,0.07809998619509319,-0.3590193900239553,0.5235211420788234,0.5501431473335561,0.4346663022780253,0.3745616803857282,0.4278398453651189,0.4771645983539566,0.43409376822583606,0.5953056621040783,0.49894776642223077,0.3538202302172318,0.3961216102321422,-0.49081273651275226,-0.5183303045670247,0.4491898673922105,-0.18277702490066383,-0.07608081711718838,0.42254143709838576,0.27923501871559314,-0.44996923580586573,-0.5131399674593363,-0.04818526069309219,-0.5230688374795813,0.3795128150257345,-0.4035398975531178,-0.5115936847364111,-0.3026808068877191,-0.6394065518717814,-0.5881275661033453,-0.4808336477905647,-0.579786638446335,0.40926303435470074,-0.4781210741057421,-0.4998283093688007
-0.6902782032497529,-0.3341128828507895,-0.33925610414145785,-0.21845420728181222,-0.5610138001700319,-0.5649530339579855,-0.6496869478477367,-0.33085129932870055,-0.7909031287202548,-0.10871560395983476,-0.24939123103050634,0.23226405576798456,0.22678742921987116,0.19884379018870862,0.3097261180096771,0.4150634408196035,0.0,0.657014587237945,0.8479508055071938,-0.02676555606387618,0.8353430837843268,0.7975104894184046,0.8283230830583083,0.732549140565034,0.3069358618648581,0.7963608680097227,0.7913238819634999,0.8279256395797959,0.41252866285047834,0.644537973037127,-0.8551061391805596,-0.8384153851529703,0.4217942149462294,0.8551975438349448,0.6326173536956827,-0.41005146447818774,-0.747547470178429,-0.7456339418421035,-0.08547604371235067,0.4136230883878501,-0.7361837270859584,-0.8430009450292473,-0.5130157446765834,-0.8176532431469141,-0.7620599551613809,-0.8045282533259774,-0.7070108504332429,0.5720407466432779,-0.8128094543473913,-0.8057676039183603,-0.854256868624394,-0.4561986589617361,-0.3929915037059419,-0.2776318043606275,-0.5596583011487167,-0.6360839060311819,-0.22242045600794558,-0.5276734892243891,-0.7401978868265987,-0.6779324042820761,0.34036326788999055,0.33153277375041695,0.22002300810002576,0.8699679096463931,0.8455006835534364,0.8203901764295792,-0.8904119213359072,0.8484771648513817,0.8816137488375374,0.27510890468592697,0.6575239866886106,0.8684950992475122,0.8675133150496123,0.17110947149469088,0.7259043599495499,0.782129837289582,0.5914319829124616,0.8851535448948865,-0.8346462933085329,-0.8842399317279166,0.8259383456072552,-0.2240142955896387,-0.0339715787334123,0.8555802782835404,0.6708888519606244,-0.5600540549369384,-0.6896273401063475,0.29774432604475776,-0.6428201579124296,0.6231768287665256,-0.6135572380447698,-0.7517404871465575,-0.39761339840735865,-0.6534070088727275,-0.5574259126319026,-0.8394215619126848,-0.807851466839704,0.7323996540375268,-0.8527150376736419,-0.8372401995211601
-0.378999522922086,0.30880418599238796,0.29858147891658576,0.34719332480269716,0.07510988993321986,0.006243578400615245,-0.196481658781154,0.3407843282018028,-0.32511712088688466,-0.07542208044510304,-0.4240853368636262,0.2812712807165126,0.19166910792466155,0.38046861117424463,0.013369183619834248,0.6062664218843522,0.657014587237945,0.0,0.6157865087292355,-0.13042180707198625,0.4953578442859442,0.2710429520754297,0.7628190298395382,0.2986018866032671,-0.23967946793717954,0.2823015739658325,0.2179352142992165,0.39098070643395666,0.0883356694779032,0.5364403088755768,-0.48291544986295637,-0.6371909674692264,0.11824564889593069,0.511389068682845,0.133397667291266,-0.6915186138837561,-0.7414879162229735,-0.636406516233272,-0.28897325585642003,0.40381453288482466,-0.6057555853887492,-0.6409509400893546,-0.5835908471994099,-0.44596349268495156,-0.6874780305315653,-0.5014481721326804,-0.48843819530598,0.27703873020384406,-0.45448991277713685,-0.5102381098249765,-0.3553289482562525,0.26694961802105815,0.3837444517097098,0.4678246783140438,0.15993607594086753,0.03516305384956391,0.4864069777796706,0.19758406423755207,-0.21938295988311105,-0.09696260057387403,0.6403975187916817,0.7240688266490484,0.6888030363740363,0.7145033213530722,0.6922864325029373,0.24605825432617362,-0.5541013122691071,0.7210389271602464,0.5766303056071058,0.7855980177829033,0.33158726663985977,0.4803287098841924,0.7529937045167354,0.31431739916570134,0.6058754961808482,0.46909034157257534,0.29078750627085104,0.697257681103068,-0.5205085728745384,-0.552963682775774,0.3983592084244793,-0.5322474811406543,-0.42488831312575914,0.37777969912847104,0.1020380646257411,-0.6450740008053456,-0.7827900483914151,-0.31118870380471253,-0.7354584842859537,0.20666850244087953,-0.6711868032331028,-0.7620575258192172,-0.664254807949144,-0.8605885929458544,-0.7322803788860058,-0.5011916705248959,-0.6827659297904675,0.24082078113356917,-0.5376660361233583,-0.5396515387586971
-0.4132029539706284,-0.1772894387677088,-0.10978194982223471,-0.13917234579260532,-0.3652729897962492,-0.22627854249988888,-0.33275505443530456,-0.03833388792162001,-0.5528438105740372,-0.5266783627242977,-0.6631175323685977,-0.07177359619959381,0.23323327196482768,0.5584761514745666,0.5026693928703371,0.2219777040816608,0.8479508055071938,0.6157865087292355,0.0,0.0880794987096762,0.4656210979514105,0.39161219418383286,0.572923370616637,0.14122154212362087,-0.2963348787894633,0.25983469894673394,0.26383298960768437,0.7390680767366438,0.18117899977256746,0.6195376735920479,-0.34893918413322056,-0.3887475864493648,0.0824922639355307,0.45749985924866815,0.20433805066314456,-0.3387258091399468,-0.4180434859632808,-0.31796472396613157,-0.15181256433006465,-0.0647063892795624,-0.3526282361943537,-0.4464556559833056,-0.3191777045908498,-0.30557956318261786,-0.35295415322989265,-0.29473711572792605,-0.2316753822323245,0.4979448917374108,-0.29991411162560405,-0.29283687504372896,-0.33189634407237467,-0.02830654187111192,-0.19000439896074905,-0.06925029578803395,-0.11424212778904676,-0.19013069044648367,0.05599844497057753,-0.11876893662232149,-0.6608222505271133,-0.5718370639001764,0.09740014657377358,0.30306631525568045,0.38162744443523366,0.5751661735639689,0.4622805952054112,0.6278116820364436,-0.5779308431688878,0.5570204944875661,0.45357738548283,0.396865418776043,0.28224004241090833,0.40470718971631814,0.6220454174840394,-0.21463803430070091,0.2473102026318924,0.2335396340597389,0.09493452985702189,0.6503439885799325,-0.3429765754090853,-0.40486191792815374,0.2829602647892136,-0.3687037688047929,-0.3046053352509772,0.3356313495856524,0.12831955107351992,-0.3673109702770448,-0.4777948262445551,-0.027477274543085684,-0.42697583387172733,0.03637187939017125,-0.4461971476304673,-0.5341603968590376,-0.4902982841539113,-0.43186072367278566,-0.36960702149937985,-0.34986034965283513,-0.4134642751033086,0.19144405238500517,-0.395357630887886,-0.3552493980903714
0.6540293082060898,-0.21558548491411472,0.06773096028220747,-0.3274801524132839,-0.08722830909909084,0.36301520325483877,0.5231103313686934,0.11865651432452666,0.12439897167862309,-0.6199308802208529,-0.3132729766523468,-0.4752068442809888,-0.5540954624230512,-0.12784805324748874,0.6548608724611694,-0.22867769048541764,-0.02676555606387618,-0.13042180707198625,0.0880794987096762,0.0,0.32961524703597894,-0.21387200278556595,0.04926363627999436,-0.15717224936682514,0.048153928307615605,-0.12211604425520771,-0.06327639748992815,0.026787178020006356,0.7257870026576646,-0.30475457348351953,0.07660394441195516,0.155130090365262,-0.48093551628199527,-0.23853207512861554,-0.2556528973251387,-0.1215406603584753,-0.03916648487872457,0.2740901687870092,-0.4977234277326462,-0.5061429028518557,0.13089345065074848,0.22618397830250056,-0.14579349895248997,0.20413695749377914,0.14198999539606275,0.2051150120885079,0.0978355013984072,0.28277482509261914,0.2156039259906272,0.17678795943314551,0.10297821711595426,0.057316271150521396,-0.4023172835147924,-0.3285355201211674,0.09725423478033669,0.1615409154502511,-0.006985109069509597,0.049490934892873296,-0.4218932609455289,0.06663083205112579,-0.04953431967525884,-0.23820582411251764,-0.046780971828190965,-0.12591813811190727,-0.06731359300432847,0.33898159507586434,0.10271875706718239,-0.010172795777087466,-0.1549501316946471,-0.020772127239160994,0.4721195601108604,-0.1686324508905002,0.07547660944275227,-0.6260275561796532,-0.07433680716989342,-0.04494550475154799,0.4136132697526008,-0.04083640626880854,0.1824692414361142,0.08503796860856672,-0.11544311257024968,-0.1992608737049594,-0.34755199412628035,-0.031082780558153025,-0.15562353823040664,0.015576764188252533,-0.047025324618500244,-0.10192138770800792,0.05918736500892204,-0.22053839853999155,-0.25709397135146295,-0.02741693704655686,-0.1980722547720838,0.11453923523905504,-0.018890787700790623,0.19167050427316798,0.17177130025051607,-0.159274083613383,0.18398718814186255,0.1587822856484501
