0,1,2,3,4,5,6,7,8,9,10,11,12,13,14,15,16,17,18,19,20,21,22,23,24,25,26,27,28,29,30,31,32,33,34,35,36,37,38,39,40,41,42,43,44,45,46,47,48,49,50,51,52,53,54,55,56,57,58,59,60,61,62,63,64,65,66,67,68,69,70,71,72,73,74,75,76,77,78,79,80,81,82,83,84,85,86,87,88,89,90,91,92,93,94,95,96,97,98,99
0.0,0.530871061608675,0.7070446859616963,0.6675688672826875,0.5812508028595673,0.7185170081007628,0.6036195637475416,0.6353869768677094,0.8453871846218429,0.3205651252591907,-0.09225935252359693,0.2766282564098184,0.4807490715539435,-0.2632066072023842,-0.505734577999012,0.29872642489920925,0.12000469584496146,0.39968061927785214,0.09103465880087568,-0.08358287425976382,-0.04064206417417905,0.1473014850709245,-0.09869975120822884,0.15515202191838093,0.24261935099274312,0.2494362397077784,-0.5480229810559897,0.02464317430912008,0.1538920590104724,0.10538577093453215,-0.417286624739769,-0.11321539026303938,0.832113723228442,0.5162599552723769,-0.1869809022962678,-0.03407117945335461,-0.23982170868255875,0.10040857130160197,-0.25461602891530544,0.6547304207046626,-0.18143654452923247,-0.4161664211359376,-0.18009671790518578,-0.18618473726283769,-0.35373418151794267,-0.24293261015749792,-0.22696059528589735,-0.16047615497645232,-0.17663486669759423,-0.1840710778354131,-0.13900829520002742,0.7647174867094049,0.8158770665729784,0.7583273999143652,0.8842323605461039,0.7179817996846571,0.754045210334211,0.7946828311420164,0.471438158411502,0.03836567414472254,0.13562309374982567,0.27729786134522116,0.29463225504121043,-0.009441663984106502,0.23852253121172565,-0.15291248773715393,0.7494462497911715,0.18660037736988783,0.2635696257710767,0.4545203130953011,0.07093674965013469,0.2819875600604815,0.15562602387596847,0.21688657797345548,0.19026832275466718,0.14976225102569327,0.20283281779292928,0.0790848156910882,-0.365535617472695,-0.10420154902047554,0.08380720019113917,-0.13933046642446426,-0.24982977381712557,-0.09370126660406604,-0.6180563263137278,-0.24728772809308433,-0.2684398423056241,-0.31522215851732877,0.22519570806687061,-0.17484735683194047,-0.09111390991202695,-0.25335935517778424,-0.16055506756775736,-0.2868336426324842,0.31647535336146565,-0.25808692429006375,-0.30989138064715877,-0.21785192106442922,-0.16962588845373971,-0.17190977023220488
0.530871061608675,0.0,0.9178862297065489,0.9021238524179288,0.89583834202487,0.23006164940102,0.9252472376671386,0.9156781185421382,0.7447275787812516,0.7723427819102362,0.40526731343127864,0.7436306938984004,0.697500432034107,-0.7218263702480225,-0.5721489895252112,0.7821968177899075,0.4877802784410215,0.8244937419920354,0.3749004184593693,-0.5795156147878073,0.3518945217082766,-0.3117108203743937,0.04564546872381246,0.6782148777233877,0.7297914890926063,0.7567342368145713,-0.8908425864785123,0.11136322087771641,0.7350354155269513,0.5767612178821868,-0.8542035031144499,-0.6393387792547914,0.759902383700584,0.6653344339474173,-0.626729651632302,-0.5929007417283643,-0.7509580486534382,-0.5103887353268518,-0.7720299049242679,0.31626479490869475,-0.7061838638604354,-0.8254418578924037,-0.7349898866430118,-0.7071235019933182,-0.8126920798612404,-0.7511792925178205,-0.7385859423926944,-0.699256817666028,-0.6676807091389995,-0.6984097864977148,-0.6340845345170885,0.9108247354530248,0.8921264628666548,0.9085848709064442,0.7107138332388627,0.2809721667077345,0.9114108728173751,0.891155169395361,0.8169704457465468,0.6132553816751004,0.6627190450221685,0.5017761764585137,0.783838671899477,0.5803737674030492,0.7227393315367623,0.36539724124032846,0.4484810117845127,0.6939944171135065,0.7296316396081245,0.8563956641924169,0.6447047488896132,0.7563570422195743,0.685398105035532,0.7129186810679079,0.7087484530417983,0.6789122294901752,0.7326437569452419,0.6141464840160912,-0.829216386085607,-0.6424544078473257,0.5995209447080019,-0.69084976094167,-0.7629630298312075,-0.6154490909724522,-0.2621608879515241,-0.755624334894162,-0.766247701553028,-0.8151576747443102,-0.3212537833723007,-0.4225213525512572,-0.6520081249226582,-0.772619570719929,-0.7438400406721046,-0.782098994745258,0.7196106801593649,-0.751207043616361,-0.7885191439020314,-0.7378183459542792,-0.652652013605998,-0.6891020557453892
0.7070446859616963,0.9178862297065489,0.0,0.8589489791831322,0.8085878993291683,0.5533730397095112,0.8277333690132486,0.8388758046766951,0.8965887885961417,0.5893594442480313,0.10941705551484066,0.550573648246689,0.6949833727696129,-0.46723599738845795,-0.483721672263583,0.5934597507622554,0.3668886755029572,0.6792670138378204,0.3048788424791017,-0.30996814434816483,0.22879455638557836,0.016100498587791074,0.09915777322129359,0.45388385036070994,0.5068350679551454,0.537676604097912,-0.7474819376088696,0.15028880057451838,0.4793785225458133,0.393880407003857,-0.6603091990044865,-0.4251276875422031,0.8950314919215189,0.6950883088930093,-0.3621781941386814,-0.3134571705388599,-0.5161324018596938,-0.18284467969100976,-0.5035461191987226,0.5784215261111275,-0.4645500401022809,-0.6158350997806015,-0.45836495567918845,-0.46888513403255844,-0.6025492319833144,-0.5190034433634928,-0.4997065315787539,-0.43953358110502966,-0.4494460290999946,-0.46814859074846865,-0.41797309961608137,0.9219462465570571,0.9331986454216948,0.9024311322141207,0.8962710285041406,0.56088018643233,0.8960893714749188,0.9182283254970373,0.7041604238627648,0.32324453059169245,0.42737804852376887,0.4754666139486662,0.5875777364751263,0.31061621025407077,0.5239425662086097,0.14678805099809522,0.6349400463077656,0.47186651146880304,0.5423899779317899,0.7152324520698818,0.3926693064834928,0.5741482793543714,0.45787081012232894,0.4974364229497699,0.4788708929431407,0.4383706226531182,0.49819542847659654,0.37961707709149733,-0.6179589176401107,-0.4060054235018014,0.3757143521193458,-0.4292770475952547,-0.520521851163596,-0.3200158774193478,-0.4671876457932494,-0.5216475766391395,-0.5449985265819354,-0.5844885518348429,-0.03091280237816537,-0.35332498917267696,-0.3851682204610254,-0.5416923385190303,-0.4642789626134571,-0.560689649171209,0.5675884527403974,-0.5368319033510351,-0.5784746010766192,-0.49205110468941804,-0.43761177227752823,-0.4575606762703115
0.6675688672826875,0.9021238524179288,0.8589489791831322,0.0,0.8595309361852399,0.4923857598943828,0.8375695569800957,0.8637004449179504,0.9220567060612954,0.6668688599344464,0.19515974518437165,0.6319110966155075,0.7909253642110583,-0.49193579280405875,-0.43926126863468057,0.6548379527052186,0.49084205173677065,0.7363697626667973,0.4377072026552208,-0.4150971096488583,0.3434337829665933,0.033843643125066054,0.1681160288388281,0.5336061165689382,0.5877802508676219,0.6075655591279072,-0.7741310569736015,0.29038875757372024,0.5079398015364729,0.5009140409189474,-0.6954678119764246,-0.5117011678005488,0.9370616378946607,0.7878445400083249,-0.332442286384283,-0.3992559316048189,-0.5784187770312734,-0.23273527226214813,-0.5202937486248432,0.47472613238574485,-0.5373856844958661,-0.5975922779679184,-0.4926345988677502,-0.5392917479425594,-0.6502926513209657,-0.5853351724030308,-0.5685866961856654,-0.5046917473061341,-0.5450321382529658,-0.549486685102851,-0.5216356448994307,0.9021057745465676,0.9422303891727485,0.9193703627239408,0.8858495486337954,0.4743928651612755,0.8858627771114622,0.9279896704165684,0.781637048285498,0.38416737925683375,0.5051802437157594,0.6049518360288764,0.6515503706105173,0.3862029832306289,0.6079523688510454,0.2523721837308433,0.5364688170510703,0.5537064205732314,0.6237631655316376,0.7666146570977268,0.463573510345268,0.646284703222638,0.5343857543455829,0.5783051665140648,0.5498768672178441,0.513843566946927,0.5584036499472322,0.4677815834803014,-0.6565350805768598,-0.4937908804802743,0.4717137797818016,-0.4948979613113449,-0.5686787560981424,-0.2893040645198784,-0.3801660421645916,-0.5875333067270108,-0.6123805929293056,-0.6160636038982932,-0.14760216122106815,-0.45809816264110753,-0.4595887085931623,-0.596144315476597,-0.48867344864030476,-0.6186704824000787,0.668472440785185,-0.6037261943441582,-0.6446636200111356,-0.5571304912981276,-0.539283291649694,-0.5422785724236927
0.5812508028595673,0.89583834202487,0.8085878993291683,0.8595309361852399,0.0,0.3057175331066401,0.746156628977564,0.7652312320490885,0.7820899388762028,0.6582179823194019,0.24396769752350317,0.6317918230712058,0.7559280105680926,-0.43425532969795705,-0.2486013246981068,0.6549131108226949,0.5497011228813931,0.7107976419854253,0.5188081999758587,-0.43969835538323326,0.4645434552294603,-0.02849669484109059,0.28324839583182476,0.5734282424638276,0.5859770972440077,0.6070523545216289,-0.670479577216021,0.3844867689638085,0.5598134756763836,0.5617568195867195,-0.6382856666812029,-0.5528283427687627,0.7692577880361254,0.7367720651472321,-0.3021720444847352,-0.45250577354764565,-0.5728692827608425,-0.29976274793174956,-0.49621265182533575,0.2808742972273588,-0.5550186175063102,-0.5436568366505967,-0.4988715136531355,-0.5396455610692835,-0.6005034565138527,-0.5816358233766556,-0.5688358104174887,-0.5215378128851055,-0.5709338869871875,-0.5700677143610842,-0.5570486654955812,0.7600787744705543,0.7911314641030538,0.78757172664605,0.7087180744389999,0.2720682658411644,0.7413927094576171,0.7761812452298703,0.7478568741419959,0.4316245015479335,0.5467116713963737,0.6304384239187243,0.6594268007181322,0.46716114904829714,0.6231130666209007,0.38634025652403514,0.31749195276156944,0.5785391164053757,0.6342056299943446,0.7224299838998751,0.5253951833652691,0.6391201974827988,0.5733219018843134,0.5982040312428175,0.57339758676257,0.5490626756015377,0.5828884535971731,0.52892115654325,-0.6129552824363876,-0.5278444851883483,0.5347388111723463,-0.5193440027923951,-0.5458830351190892,-0.280875415973288,-0.08049657535526196,-0.586464644412778,-0.5973955261204705,-0.5848391094897248,-0.2593106737234266,-0.43774255425872044,-0.4955186993554919,-0.5942446651033664,-0.5048249537017269,-0.5903309798368406,0.6533831252166376,-0.5839697422955512,-0.625454137260564,-0.5611107556185482,-0.5642800910389543,-0.5639180564341587
0.7185170081007628,0.23006164940102,0.5533730397095112,0.4923857598943828,0.3057175331066401,0.0,0.2479149312042963,0.2794102832209999,0.6964317665994336,-0.06115186176485182,-0.49330448439773705,-0.10390687400508604,0.2604666011742688,0.19732873309054585,-0.13936957147324974,-0.07076775404297693,-0.11750274335424231,0.04920363611890074,-0.06175511947097958,0.36121288374798705,-0.17382823736406391,0.5002787750654191,0.06953458725123694,-0.20572206571941337,-0.17009696129925198,-0.1371605568473651,-0.12031078453522216,0.04041966456566721,-0.20687167212261443,-0.18597242935937788,0.010542855234916094,0.21686510162288306,0.6451668087394176,0.32721886861160365,0.22580388785555283,0.3637805450346234,0.17332083538954207,0.49791806355757523,0.18579698169328634,0.7756515696969355,0.22255430042106064,0.002068870938621986,0.24886274993105267,0.22248684800035168,0.08422400608039886,0.1708383543986831,0.1929087121798133,0.2612742949720014,0.20469910328055488,0.2069947563383832,0.22855850311696965,0.4902391595329708,0.5318246549796853,0.43963233823620496,0.7717809214345397,0.8103887355941419,0.43587009611208627,0.5056481290264425,0.10977646846217673,-0.35522134867612537,-0.2392779201425325,0.0952746317130584,-0.07821078594040229,-0.34328291371998315,-0.12322649695116873,-0.37115452720981695,0.712890348806736,-0.1903917674344618,-0.09966880810449785,0.08148537507836913,-0.2687147786581661,-0.0789317727123562,-0.20021985732930378,-0.16296391658688048,-0.1919600880357243,-0.234469236745447,-0.18273202134422944,-0.2644285185903341,0.06614967613740913,0.2574658711947771,-0.25377934981339156,0.26539041383715917,0.18375917336923828,0.3046525501684788,-0.5712966236743835,0.17136500320011047,0.1425715935092619,0.10796102274151115,0.5510199504267127,0.06955031604422572,0.3043851883607786,0.15156954547229948,0.24927521593975555,0.13359576845098126,-0.035592854467248844,0.15041106075759408,0.09985935810946785,0.20225876114734306,0.2091932494996961,0.21538257821696322
0.6036195637475416,0.9252472376671386,0.8277333690132486,0.8375695569800957,0.746156628977564,0.2479149312042963,0.0,0.8776613342924074,0.7780490546927951,0.666167624303697,0.2388832277161819,0.6287283301614245,0.6263706301563737,-0.6530365101379395,-0.61590578425927,0.6779347060117441,0.35064058361599737,0.7346535550779296,0.2396581213225562,-0.44157078552021595,0.20496621768614845,-0.23243001660461524,-0.03209385132255276,0.5512692681349961,0.6143738080275828,0.648370718453005,-0.8389757869980111,0.011315288338993937,0.6388567518985853,0.4424190965033865,-0.7783797407296416,-0.5246310472186368,0.7748294788896685,0.599853833923145,-0.5835090225006838,-0.4498524510870689,-0.6400708321174998,-0.37585225615174433,-0.6845445813816352,0.5046179433064244,-0.5877442803721663,-0.7765397442942299,-0.6374391040329958,-0.582414950198323,-0.7186641797761939,-0.641861887686167,-0.6270546864647716,-0.5822929129942946,-0.535492676009468,-0.5760222287859948,-0.5119142128135163,0.9343267589213151,0.8970646422951716,0.8938321171200018,0.7814819875507958,0.4383371883550625,0.9202292522954854,0.9031146235483646,0.7300414179428616,0.48734494293942604,0.53815074440206,0.390599460878279,0.6852964191950395,0.44023887402906253,0.600542255843798,0.2082373044344142,0.5876027391931554,0.567599621715337,0.6106435208430889,0.7805060744750046,0.5117430961305172,0.653745720606139,0.5603532777549332,0.595329961427605,0.5893793320626198,0.5549017429122727,0.6188178928430786,0.47904335489407984,-0.7444433939912156,-0.5194032757557517,0.4619565354117181,-0.5686978468697897,-0.6565507900015864,-0.5560411920414474,-0.3988792897760774,-0.6428930929535852,-0.6558427334908468,-0.7272998313815698,-0.14626685139773327,-0.2946937977856831,-0.5224507326934859,-0.6663105109618688,-0.6401655151877895,-0.6771470697498249,0.6085335351048076,-0.6351993689525696,-0.6851081991177671,-0.6238367017008107,-0.5186295373812839,-0.5643494277752187
0.6353869768677094,0.9156781185421382,0.8388758046766951,0.8637004449179504,0.7652312320490885,0.2794102832209999,0.8776613342924074,0.0,0.875832307020061,0.6937519209756657,0.2488274008186635,0.6541296795667253,0.7253447454352213,-0.6090521772351523,-0.5773947328276707,0.6891829814152315,0.430295369196754,0.7557041345484508,0.342894476115219,-0.46003423565554413,0.27004607657290874,-0.1320432699039152,0.033436268193646264,0.5621374336203576,0.6316747991430104,0.6493300194203263,-0.8430690467933653,0.14091740279103987,0.5932933827260265,0.48247495940609464,-0.7677942458665405,-0.5334542332409086,0.8841884224578305,0.7070604702885288,-0.49268553487838956,-0.4485032290618114,-0.6360638595016516,-0.3217312684016423,-0.6349915534484561,0.495779036804215,-0.5870075022645972,-0.7218643276930455,-0.5911153395326003,-0.585057964497963,-0.7146283724799256,-0.6391902052902404,-0.6236774897536315,-0.5682723467376792,-0.5641599438219066,-0.585373468157244,-0.5375229563566897,0.9452711036717973,0.9542691132353724,0.9421577280487471,0.8585612838041917,0.4670327202804929,0.9373381314757387,0.9473651179366392,0.7873175533140155,0.46062313483485906,0.5424228448704194,0.5070722259903577,0.6896175875794753,0.4230133275932848,0.6242136887013396,0.22732711069171188,0.5881359941993521,0.5809760949996748,0.6391260945745632,0.7988900605890917,0.5007228438390728,0.6688921536504724,0.5652005457057963,0.6103864421761985,0.5917062369257368,0.5564765887199055,0.6103153098074597,0.4883758050927404,-0.7329899053583354,-0.525993030964144,0.48326273807770553,-0.5555811618334222,-0.6410849376098462,-0.4493525394314099,-0.40291370294691903,-0.6414087066792257,-0.6608411050717469,-0.7007396773129015,-0.1588114450100135,-0.37995226378418173,-0.5119952249695706,-0.6542108088770957,-0.5851949057768245,-0.6762798724540431,0.6642601715359995,-0.6435392340329875,-0.6919456341488852,-0.6164567975983417,-0.5535826640316741,-0.5742349877512863
0.8453871846218429,0.7447275787812516,0.8965887885961417,0.9220567060612954,0.7820899388762028,0.6964317665994336,0.7780490546927951,0.875832307020061,0.0,0.3035190179724375,-0.18818113414516735,0.27010013915962017,0.6151600575389476,-0.046891645073178514,-0.13646856334533178,0.27718088119367174,0.2774632809914047,0.3816829866065305,0.31949136580224974,-0.024085734718463352,0.18536084670640554,0.3879900534514835,0.25437584471025787,0.1728400692610709,0.202909147970743,0.22351956788629326,-0.3702404580309263,0.3552836839567834,0.1240568372082282,0.20872950922457648,-0.27290762108517436,-0.16912714926544625,0.8228883957247785,0.6299977504952771,0.08913353676303283,-0.004211014918313944,-0.1625914558446852,0.20330892651984955,-0.061070559856164434,0.6143419447245082,-0.13274059160444893,-0.18429431955403516,-0.04793086417415084,-0.11726343384857887,-0.21866272946213333,-0.17216890653295522,-0.15359858990298847,-0.08339974525283746,-0.17671470179383644,-0.1585225363145544,-0.17841521574341856,0.6418284139480018,0.7152117260827967,0.6565593661350859,0.8461058033065514,0.6130595753774819,0.6029309930574693,0.6916142825205972,0.46860342647117875,-0.02242041618334833,0.13278693463421962,0.4682009567898704,0.2792158623941071,0.020271824698958604,0.252569315542394,0.006760724541339119,0.5473470773489033,0.18248952263330495,0.2700071063104045,0.4054468185613356,0.09070876616057619,0.2776339998386195,0.16696973090249898,0.21475685298408326,0.1691909394224744,0.13270871745450474,0.17161668885446038,0.1173063551312252,-0.23021032341023673,-0.12255200826788898,0.13613581511440814,-0.07970214301149119,-0.12716299704592346,0.15157504329674026,-0.31137480220939945,-0.1758337235412095,-0.19866967574337188,-0.1788642480062078,0.18388558381723877,-0.18730224675900842,-0.05399868747129277,-0.17752322150201233,-0.03448205068515839,-0.19108585429086059,0.3580652124900219,-0.18260486904373768,-0.239370407623083,-0.13940275345998096,-0.1757129653241326,-0.15423249505449174
0.3205651252591907,0.7723427819102362,0.5893594442480313,0.6668688599344464,0.6582179823194019,-0.06115186176485182,0.666167624303697,0.6937519209756657,0.3035190179724375,0.0,0.7408974552498818,0.9321548605652589,0.866776180785151,-0.7390985108307383,-0.2957581633936119,0.9181849424111205,0.8356642953074411,0.9212027654023015,0.7480400024296339,-0.8549059372816538,0.7183694132313149,-0.296937676144325,0.30109607601462623,0.9030088827996772,0.9217201040885249,0.9166310068216744,-0.8295691739141494,0.515520331951791,0.8447011552818713,0.8817745735176805,-0.8625985370275319,-0.8913426133452291,0.6603702407713722,0.8052702396533118,-0.5165867479404853,-0.8422259708934439,-0.88249206086894,-0.7108968741202168,-0.7571987196733102,-0.10067433811782273,-0.8817665838594786,-0.6802113095454362,-0.8014720460601483,-0.8814864583593586,-0.8734962155610895,-0.8886155941811739,-0.8845187377560565,-0.8616188064217862,-0.9064644457216681,-0.8958938743562567,-0.9046942360729068,0.6850029666807664,0.7322811900630353,0.7905472942142727,0.445978128326476,-0.16742525693122057,0.713093454750257,0.7254956457832739,0.9424443341302751,0.8226151862261014,0.8920060181264393,0.8083964613032762,0.9216378395178957,0.8376489944801592,0.9216036507708396,0.7411384407818903,-0.01971540744272084,0.908566170360269,0.9256053104888873,0.9143180248926907,0.8646593363059488,0.9267993431802238,0.896567123591178,0.9212175392908172,0.8996267579533531,0.8900857715918018,0.894643835547474,0.878687025041668,-0.8647969746831141,-0.8840518780477271,0.887689215010452,-0.8600578549258534,-0.8581847477218897,-0.5315752425032503,0.17079589513723975,-0.8948969295106227,-0.8993917246488682,-0.8409925375972316,-0.7117455990607916,-0.6627904755725662,-0.8570484238913721,-0.8847168603204584,-0.7972014052989831,-0.8871987950001917,0.9550181661996218,-0.8971091342720826,-0.9066969971287278,-0.8852863991723305,-0.9070150573563721,-0.8967372349342907
-0.09225935252359693,0.40526731343127864,0.10941705551484066,0.19515974518437165,0.24396769752350317,-0.49330448439773705,0.2388832277161819,0.2488274008186635,-0.18818113414516735,0.7408974552498818,0.0,0.32644902756690897,0.081788923883957,-0.37945038738595893,-0.16317390031518447,0.29940445362622153,0.2621803014614946,0.22624318756219602,0.18472624728285103,-0.4691802836548205,0.2133474719039216,-0.4312775947000302,-0.09779595889477975,0.34912332587419265,0.37978375129230324,0.3297732595509155,-0.22350247133071602,0.039100160835288424,0.31098837196223,0.30581851564194895,-0.2874660783993558,-0.29645083358395136,-0.09463702831480035,0.031948029325720134,-0.32732035897815576,-0.439740673347317,-0.34856994878347475,-0.4843498328486837,-0.3553851823914198,-0.5085229865867033,-0.36738008903654656,-0.2544781358577692,-0.3644398241596526,-0.38519327221458804,-0.3332671103090955,-0.3474648755822238,-0.3607713746599031,-0.3867636712424214,-0.3641773884374052,-0.35745453611431105,-0.31940645186155014,-0.03900506839119615,-0.0234839786730956,0.04913071097088061,-0.24904780216129077,-0.4327424988127724,0.02403190605869549,-0.0173835711316178,0.22983563693905795,0.4452647602961295,0.37826849235679016,0.1397711865052625,0.2794724846902002,0.40741365179378924,0.3177242032431069,0.3447633455367519,-0.2878070464895284,0.3510398856275516,0.31423034707702746,0.21921985418838233,0.3630538530329738,0.2941946840419239,0.35199312126192367,0.35237902421949063,0.3591193732618463,0.37816416724617,0.35000793946037356,0.3662824062483253,-0.31013238916073743,-0.34189157526645797,0.3743637570249123,-0.38090550892802544,-0.3680901563225296,-0.33917127808727093,0.2413603102286153,-0.34562111046859784,-0.33323502075600564,-0.31561571974209607,-0.46514875135793954,-0.23190826179670002,-0.39237994346399163,-0.33053383728688446,-0.34026999260064783,-0.3487835778002395,0.2932105834613447,-0.3593888751738885,-0.3175857702417025,-0.3700425115873801,-0.35761463461505216,-0.35190740250503366
0.2766282564098184,0.7436306938984004,0.550573648246689,0.6319110966155075,0.6317918230712058,-0.10390687400508604,0.6287283301614245,0.6541296795667253,0.27010013915962017,0.9321548605652589,0.32644902756690897,0.0,0.8300951336545462,-0.7105644215815687,-0.2367231312910224,0.8903271513549759,0.8438985139861837,0.8845089929617328,0.7623635418811787,-0.8561353791706203,0.7415217097096852,-0.28378432652866115,0.33075107211785926,0.8895347797266236,0.9078355569064531,0.890854527008447,-0.7679490028562289,0.536462108534304,0.8255782470781104,0.8849177682670493,-0.8142649051768871,-0.8972165283491226,0.579217629205923,0.7689158986624658,-0.4803882560693101,-0.8470651295621419,-0.8598895573450732,-0.7209693895465228,-0.7167020516681555,-0.1626890747740151,-0.8687790396191826,-0.6080246821279223,-0.7750238940444778,-0.8708405877196218,-0.8394417232476347,-0.8640718406852433,-0.8626874359682636,-0.8466042850935842,-0.898198691823585,-0.8812215532082316,-0.9068905954393127,0.5964063248047018,0.6400092509291387,0.7102136877289538,0.3437992863243359,-0.2528748840908891,0.6274950884006527,0.6357435945828105,0.9030161989623708,0.8252579372723059,0.8814803423074512,0.797687330321549,0.8931631538438901,0.8442316494293817,0.904304221813872,0.7679230177996703,-0.11250508572126902,0.8955009432038664,0.9072105386945203,0.8717686169046247,0.8618511052699568,0.9114783006584712,0.8875165900532129,0.9085628375627836,0.8817389705098828,0.8814328470840623,0.8759015974371293,0.879135101468791,-0.8215967533053995,-0.8868542104080789,0.8874060338823179,-0.8487532940403671,-0.8361526242008156,-0.5076563995363499,0.2262176278570664,-0.8691129559267186,-0.8720273096246327,-0.8048232867378489,-0.7445569911938619,-0.6652921372351825,-0.8527953892425907,-0.8536142969107409,-0.7681035617499534,-0.8631528423519547,0.9387899166159083,-0.8751182799836247,-0.8754075885991413,-0.8619793942486267,-0.8983400208351598,-0.8816063812109558
0.4807490715539435,0.697500432034107,0.6949833727696129,0.7909253642110583,0.7559280105680926,0.2604666011742688,0.6263706301563737,0.7253447454352213,0.6151600575389476,0.866776180785151,0.081788923883957,0.8300951336545462,0.0,-0.09216698649166048,0.17192742753438825,0.4750840252103311,0.639919307305149,0.5510835434475998,0.6966852043130506,-0.27888841383757645,0.6170345340902574,0.4140615145017828,0.6231953222937026,0.4324579789586609,0.41730317196089206,0.42941350656567556,-0.3591911363993138,0.7174385065535265,0.2953826590566712,0.5542201666345393,-0.3411005293378437,-0.478079153813363,0.715550240456128,0.8081208033152076,0.1575180565251359,-0.28683638611414963,-0.3486508566544593,-0.07162479354072314,-0.11290042106509372,0.19798652371062364,-0.3583337988087853,-0.07874412307438945,-0.17332887527861332,-0.36859688167057786,-0.342036255434281,-0.3582967740271024,-0.3460135001654258,-0.28960880664003713,-0.44596216509987907,-0.4004852563834357,-0.4756412375172517,0.4778478187093793,0.5748722605071219,0.5644996951277295,0.5688078391872241,0.1596460259491252,0.4414510558058963,0.540644795141424,0.6101489650472235,0.2310025771928674,0.3975121618884455,0.766740046268198,0.46932373016784174,0.34826405767685686,0.506047897331646,0.4398132405699974,0.063553928809644,0.4437356250894847,0.5149305424131081,0.5236606999641457,0.3882700366173385,0.5158478117642582,0.4362509689666772,0.4590752173081835,0.4003714424497154,0.38552594729570167,0.38419508620179443,0.43085603259278193,-0.3166805146536511,-0.41456032970902823,0.45345463759140703,-0.30501401920509336,-0.29193506344029996,0.15526227835176687,0.030897897841811617,-0.36453546022148936,-0.3869829557337855,-0.2791759760635249,-0.2354549178456603,-0.5601612346330113,-0.3116357154052166,-0.3561846993824161,-0.17927783469225364,-0.3602855744405402,0.609794008382507,-0.4074339482788926,-0.4080267478957234,-0.3325350678248919,-0.45753233161053575,-0.4075776129851641
-0.2632066072023842,-0.7218263702480225,-0.46723599738845795,-0.49193579280405875,-0.43425532969795705,0.19732873309054585,-0.6530365101379395,-0.6090521772351523,-0.046891645073178514,-0.7390985108307383,-0.37945038738595893,-0.7105644215815687,-0.09216698649166048,0.0,0.7845973383666812,-0.48523059719475775,-0.10577846571376147,-0.4237450455526057,0.08395625647391823,0.616934313155163,0.06665283910837828,0.8014007339219031,0.5655876690783104,-0.4792245195427895,-0.575026198181886,-0.5343540681626795,0.6457296971597547,0.3746365248264679,-0.6162928888240198,-0.2766558839076785,0.6592094949802794,0.44217893896580457,-0.10087501257872951,0.0034714788044118683,0.853103353243486,0.5612788436445569,0.6065138922773864,0.6287868005662884,0.7578335888411474,-0.005653499039057545,0.5706881863053102,0.782950666712871,0.7169295036851348,0.5528912709280936,0.6379301040032711,0.5975287846740386,0.6070520965888956,0.6282637911476208,0.4795405040888765,0.5272614907782116,0.4620964709313486,-0.40309153415761034,-0.342313092947683,-0.4172990739421258,-0.06459510609862901,0.11614269566359975,-0.49123274203296774,-0.3927223153454707,-0.4194641500111799,-0.6306076853559553,-0.5019509142815287,0.0432709801423955,-0.5040396381235279,-0.44107863804485864,-0.43193877182021506,-0.15318253213779584,-0.20443731644688878,-0.479942449745909,-0.4321431705154492,-0.48066671389348026,-0.45734469584840115,-0.4534447817214942,-0.46546493012373164,-0.5060220312549916,-0.5303219384900777,-0.5289115167891573,-0.5583899264857891,-0.4278346851568002,0.6753780548207102,0.4844241404242776,-0.4067817299430369,0.6026996195018298,0.6519504200983691,0.829721594496439,0.09588389472475561,0.6024938525910714,0.5814395176800388,0.6755952674591066,0.36290469979148404,-0.013990555406720952,0.5696572764594141,0.5761944706913475,0.6737936969555438,0.6058099859804553,-0.39373837867008954,0.5336896342132214,0.5757335205979762,0.6208581470149518,0.4580928666720052,0.5123545513666445
-0.505734577999012,-0.5721489895252112,-0.483721672263583,-0.43926126863468057,-0.2486013246981068,-0.13936957147324974,-0.61590578425927,-0.5773947328276707,-0.13646856334533178,-0.2957581633936119,-0.16317390031518447,-0.2367231312910224,0.17192742753438825,0.7845973383666812,0.0,-0.1052119643000471,0.2775667540741167,-0.08798085567280217,0.42440641182640276,0.192329290427547,0.46080726477798334,0.5237714616870393,0.7645123857859232,-0.04896488366236321,-0.17302245514058218,-0.13697107620668283,0.4175715296484786,0.5868030495277844,-0.18700252222582997,0.14785795891893352,0.3556219612150852,0.003399605544519695,-0.13500217618704674,0.18645805898263676,0.6012231969236924,0.10749007907790484,0.21801695607870342,0.16634523703053564,0.41714157083637254,-0.3355302576660968,0.15844034548709668,0.5508429892107859,0.3233851312482567,0.1427482891931209,0.3032562885905577,0.20985939860865385,0.21526458279753355,0.21588651924776142,0.06606697974227392,0.11482488682981139,0.03480953523630682,-0.33983863004348325,-0.29765184261530725,-0.31511133690838283,-0.2145849952395092,-0.28339982044317874,-0.4154786094918942,-0.346995243831929,-0.11542057156723845,-0.1805745581801137,-0.06917648827404589,0.3215114128187853,-0.11297452666864376,0.0359205848169894,-0.029095703523630955,0.3168724783918164,-0.5246882549947349,-0.059274729402349687,-0.04050642741741831,-0.16653481374476467,-0.0027548053295411703,-0.06372926630228375,-0.03522570019664979,-0.09376491232689807,-0.11386425200213997,-0.09923551825750616,-0.14395998986219422,0.0222348107626581,0.3477493447642349,0.04291508231971368,0.03792296033699684,0.1798555606070304,0.2741702155834455,0.524436335129663,0.47559234630817776,0.2125860945537605,0.1983889316781587,0.3291105137894858,-0.12003427213845123,-0.2627336699107233,0.1319950043783276,0.18553729262591878,0.27313489685759273,0.23557060364479304,-0.0364702008245847,0.15027694305082467,0.21211717212132955,0.22299401708578837,0.044467042921793015,0.09590942972326177
0.29872642489920925,0.7821968177899075,0.5934597507622554,0.6548379527052186,0.6549131108226949,-0.07076775404297693,0.6779347060117441,0.6891829814152315,0.27718088119367174,0.9181849424111205,0.29940445362622153,0.8903271513549759,0.4750840252103311,-0.48523059719475775,-0.1052119643000471,0.0,0.7881398525023442,0.9178755013352162,0.6882816493493422,-0.7890376075890293,0.7147254694489565,-0.31660914340059887,0.3691164170665386,0.8781465597895358,0.8727906501986528,0.9000835046169061,-0.8169717433342985,0.42210552920555666,0.8469005523186427,0.8514990831819838,-0.8558169008906761,-0.8593506655405967,0.5789677036224485,0.757792830094651,-0.5443474172025882,-0.8268179971669432,-0.8743016025618254,-0.7534413507875994,-0.7898602712730824,-0.15466817527652893,-0.8706544298077615,-0.7023143218065986,-0.8187731890695198,-0.8877237972517513,-0.8744013225783467,-0.8750302586834786,-0.8676150232888674,-0.8473502870850887,-0.8749884662875098,-0.879959250601603,-0.852987364728157,0.69243015433449,0.6904425377448263,0.7459524166014159,0.3936382708538187,-0.17581158114861317,0.6947577307005925,0.6745653129687686,0.8872873905145634,0.8041598083860797,0.8655125175377949,0.7331565444548382,0.9094735211255636,0.8536752456873193,0.9062443322053766,0.7478745092806213,-0.040985014435034196,0.8873585086767597,0.9018320408382423,0.9070696040016417,0.8788711602112848,0.9173804299842128,0.8871167198671641,0.8819105187312172,0.876941342953001,0.8673930401951938,0.8823633908504661,0.8645474487974227,-0.8515698265550168,-0.8653042176397916,0.850571491301779,-0.8577864721272054,-0.8653908439417454,-0.5906241686905286,0.10818857244872139,-0.8797246659649735,-0.888743167787433,-0.8548528149654396,-0.7063640344409717,-0.7186973315287829,-0.8473656418118438,-0.8988687325181433,-0.8432961555918498,-0.8950966092557628,0.8739019375421738,-0.903670590323439,-0.889918569598942,-0.8666755967132189,-0.8713473701997071,-0.8809557666123129
0.12000469584496146,0.4877802784410215,0.3668886755029572,0.49084205173677065,0.5497011228813931,-0.11750274335424231,0.35064058361599737,0.430295369196754,0.2774632809914047,0.8356642953074411,0.2621803014614946,0.8438985139861837,0.639919307305149,-0.10577846571376147,0.2775667540741167,0.7881398525023442,0.0,0.5765704399017784,0.9046395253707809,-0.49287190386949253,0.8778505901002025,0.2707694762540809,0.7970848273911324,0.5977507790000571,0.5322034715104657,0.5363385582524718,-0.2657655958495052,0.8989421693982138,0.39063395444513177,0.7594110749965776,-0.3291546619991271,-0.6369901541737805,0.4381244837327659,0.7664033024290238,0.16463767281004435,-0.51508289174099,-0.4550173883263071,-0.334042348917635,-0.15914882358035465,-0.34722215483368235,-0.5005994407900786,0.004866417621869858,-0.2715390706158573,-0.5190512161198072,-0.3838488030166052,-0.4632326439344046,-0.4599376303921961,-0.43604670794430284,-0.6155030893592192,-0.5505269691585177,-0.6397459843615619,0.1981001754886454,0.30342218803925886,0.3353892390339909,0.17217211693296383,-0.33807919766448197,0.17461460741746465,0.26545026496143775,0.6096000961387553,0.42426745034674157,0.5755908085221798,0.8942747658491631,0.5492318581132335,0.594074519046746,0.6347779148077738,0.7661873896040076,-0.4306257891197331,0.5987224466664345,0.6315313150291187,0.510742147544461,0.5870045356518282,0.6105455170451882,0.5973863280925071,0.58577562175831,0.5424179820651759,0.547857335854979,0.5040503656100762,0.6379211920803223,-0.33095492910341245,-0.5941095868824546,0.6660430316002321,-0.4605830653934794,-0.38362569679167974,0.10902546090181744,0.4311883179346415,-0.46952788799983475,-0.48706388014551055,-0.316852092210325,-0.6114289654877202,-0.7497648967689166,-0.4971891606304087,-0.45733606012212935,-0.29050122737725315,-0.4468834469454628,0.7014607413990032,-0.5223603712802918,-0.4801221560177452,-0.44926032328831234,-0.6359644936119639,-0.5665358135670873
0.39968061927785214,0.8244937419920354,0.6792670138378204,0.7363697626667973,0.7107976419854253,0.04920363611890074,0.7346535550779296,0.7557041345484508,0.3816829866065305,0.9212027654023015,0.22624318756219602,0.8845089929617328,0.5510835434475998,-0.4237450455526057,-0.08798085567280217,0.9178755013352162,0.5765704399017784,0.0,0.679541984091642,-0.6302385158169899,0.6835401228538256,-0.07942440063563581,0.47736087990934933,0.7767909670336473,0.766046415130031,0.8028858601417729,-0.7739181294281131,0.46860584952580525,0.7218297578860307,0.7843859896671987,-0.7808304412900731,-0.7705049319330151,0.7307366261486975,0.8403368617552144,-0.38320496479707133,-0.6771772800063408,-0.7670338708029996,-0.5654380427576728,-0.6534672860278062,0.04174863553833162,-0.7566105962831476,-0.5906403435685008,-0.680359038341877,-0.7863216390579868,-0.7860469952326608,-0.7681781460998588,-0.7554507305261564,-0.7162752258998788,-0.7736708148664037,-0.7738520931811863,-0.7518608175596834,0.7658816930357311,0.7694683769142333,0.7941996780987592,0.5651016688738276,0.026962285095275058,0.7349667066229694,0.7455336676651603,0.8619628710704382,0.6462711730855024,0.7549145020312547,0.7660614850419287,0.8352453223728933,0.7228766184106776,0.8292753305678785,0.6476176306521378,0.09311327418424914,0.7871265140321879,0.8290613426280574,0.8712695331926341,0.7643511798159622,0.8564334044292418,0.7885830693016211,0.781943270881524,0.7717388514915718,0.7504657908655525,0.7716588336383419,0.754918774608391,-0.7598645284584415,-0.7597335177667954,0.7457782382758757,-0.7288373229407751,-0.7527345370522098,-0.42112740993247744,-0.06582162361640177,-0.7714254465477092,-0.7953821585173488,-0.7564279121341935,-0.5366816108832841,-0.7527651799068912,-0.7160936133076898,-0.8002074221599831,-0.7114785349399222,-0.7989529294939406,0.8256595178790398,-0.8211663363273831,-0.8020373857205813,-0.7471895083770329,-0.7733781138438194,-0.7751330235185991
0.09103465880087568,0.3749004184593693,0.3048788424791017,0.4377072026552208,0.5188081999758587,-0.06175511947097958,0.2396581213225562,0.342894476115219,0.31949136580224974,0.7480400024296339,0.18472624728285103,0.7623635418811787,0.6966852043130506,0.08395625647391823,0.42440641182640276,0.6882816493493422,0.9046395253707809,0.679541984091642,0.0,-0.3327704260404674,0.7982094765284545,0.3852956397279132,0.8151815858590051,0.45304349473669847,0.3743880418280374,0.38170051046088355,-0.11524901104594226,0.9055271075652883,0.23895368957303062,0.635950772916146,-0.16819601003782675,-0.48302478794058956,0.399987851017255,0.6954596288711824,0.3149440508274019,-0.35192685069573987,-0.29132053668975566,-0.15940113982122858,0.005665942015558831,-0.28911658013626007,-0.3384671229157072,0.143089772029004,-0.10286889353885953,-0.3442800533653086,-0.2137703754689161,-0.30151406312842044,-0.296992771203186,-0.2688822709191792,-0.4645586510799952,-0.3955119259578118,-0.49117625804537046,0.11152256741641188,0.22841813722539392,0.23953809255852337,0.1752833258258189,-0.26366876824592794,0.07855061770408625,0.18589045546678457,0.48752604851128084,0.25494852665754764,0.4211606224464501,0.8260457883672605,0.40139941892839076,0.440617143943798,0.4909344077335416,0.6592709908853711,-0.4046932233985563,0.44457530386398325,0.4858185167442505,0.37071216073413965,0.43349272515332254,0.4566720086798142,0.4474254125980588,0.43604706691019407,0.388725946970244,0.3925106682738717,0.3498532357055486,0.49262423660793253,-0.16880904273486805,-0.43635411233382576,0.5258208040099515,-0.29485835412314215,-0.20681098589561808,0.2769583290572883,0.4592854080471802,-0.30833392084563,-0.32610869992706853,-0.14590445533936156,-0.46880453259878185,-0.6372358212798036,-0.3314171525633388,-0.29758437174128916,-0.11927753028269951,-0.27850687921838463,0.5647059824917338,-0.35344219866398885,-0.3226687386407103,-0.2844459240243469,-0.48813272330917024,-0.4129927648355331
-0.08358287425976382,-0.5795156147878073,-0.30996814434816483,-0.4150971096488583,-0.43969835538323326,0.36121288374798705,-0.44157078552021595,-0.46003423565554413,-0.024085734718463352,-0.8549059372816538,-0.4691802836548205,-0.8561353791706203,-0.27888841383757645,0.616934313155163,0.192329290427547,-0.7890376075890293,-0.49287190386949253,-0.6302385158169899,-0.3327704260404674,0.0,-0.4228870197687616,0.5536348763460615,0.0848530717246982,-0.6505277711643508,-0.6902159331535287,-0.6314840635934813,0.49406102557542664,-0.23664549894556766,-0.6177297900804608,-0.5885549742967666,0.5697666045754943,0.6445057640284979,-0.1049001994868653,-0.2788374983026129,0.5119546213690671,0.7153229362124425,0.6502069371461128,0.6745577753071381,0.5975153515073115,0.4186506944456103,0.6637374994521682,0.4846004912473136,0.6345500296369616,0.6426941215238625,0.5997667188788868,0.6511042818305156,0.6655879192550324,0.682999594207456,0.6751403868233037,0.660241284995692,0.6839418688172876,-0.1604004272946558,-0.21251352910123347,-0.30257947465886487,0.09895368282143316,0.4916137414690661,-0.25584234961414737,-0.2387308336666196,-0.5477727817152724,-0.7100066683454037,-0.6629862555976195,-0.40113808967240205,-0.583764470085153,-0.633783463993776,-0.6081387464208851,-0.5526747807252088,0.28329185964364656,-0.6442483464662125,-0.605450082534034,-0.5056011992943266,-0.6294937610899598,-0.577110893124178,-0.6307087173151709,-0.6615207346453864,-0.6498511635404934,-0.6665869693512706,-0.6427227270562327,-0.6466345337721486,0.6060202254868493,0.660976422532417,-0.6621891071022294,0.6732650887097635,0.6367214017971154,0.52226014206846,-0.3892466954699165,0.6581830096801574,0.6373422667931459,0.588661218086339,0.6976509726799742,0.32015207238265014,0.6876679169046311,0.6044906299233243,0.6025306765978202,0.6195754142125132,-0.627209388864566,0.6104450594445325,0.6258901669070088,0.6709427333202701,0.6765680691084012,0.6612037842204047
