0,1,2,3,4,5,6,7,8,9,10,11,12,13,14,15,16,17,18,19,20,21,22,23,24,25,26,27,28,29,30,31,32,33,34,35,36,37,38,39,40,41,42,43,44,45,46,47,48,49,50,51,52,53,54,55,56,57,58,59,60,61,62,63,64,65,66,67,68,69,70,71,72,73,74,75,76,77,78,79,80,81,82,83,84,85,86,87,88,89,90,91,92,93,94,95,96,97,98,99
0.0,-0.5590054564153397,-0.5894073035173966,-0.5327157681105158,-0.5859808227636344,-0.616300535342755,0.43454394534745483,-0.33999744259851866,-0.32467207175037877,0.4789908565052449,0.3535369970966155,0.3894447379921008,0.42609202646580685,0.4231340907042635,0.3804476461155667,0.6451032772168268,0.4296375244353452,0.17445690109866968,0.45866949208064106,0.3930685180101918,0.43875385098531033,0.4931468161304313,0.27022109394033134,-0.5296956272711467,0.3909508356446201,-0.6305500924354145,-0.41750463382082914,-0.4806730445081467,-0.6381539240552587,-0.6648155935553494,-0.2695905719127499,-0.16208307847214404,0.04371121575613308,0.4831109475771651,-0.17033487231556543,-0.5744897860119957,-0.46155373602220917,0.6473227503348604,0.6180822642917361,0.5866685785926972,0.6445973636825844,-0.3685965791114894,-0.12443667427137278,-0.45531717219690226,-0.3330865643786702,-0.3174891093738937,-0.2043525860443544,-0.17756502358009052,0.36148678704356235,0.5890611549906508,0.46632114172886996,-0.5825565316700421,0.5067030896608825,-0.5672493957457517,-0.6353259786781683,0.24314906343171647,0.0336666913028284,-0.46627887265036544,0.4519905866720796,0.3762998534428267,0.3628430239011644,0.4484975114774036,0.38801075653302675,0.4562587868475955,0.48907947194318896,0.40007030826876944,0.4385232986424677,0.479608503533309,0.5565774886169801,0.2160426919152176,0.46242300562743854,-0.0676758997506877,0.43640769181269257,0.6678291344961003,0.33003190402098476,-0.7187286726642542,0.1637992543279172,-0.6842742936159876,-0.39858880928141854,-0.21349817588072736,-0.41934130831694155,-0.018884121932136094,-0.3834190721813092,-0.39884135521571495,-0.4121891545454974,-0.32644898646435294,-0.503205757712758,-0.47161797605089345,-0.5049024520996899,-0.1986438385603512,0.6739985541296439,0.7384988564415702,0.613147320488845,-0.2629669094899562,-0.35990065893447426,-0.4108335191244901,-0.19134101575173565,-0.26365667780225066,0.5409598712878066,0.1317101243255295
-0.5590054564153397,0.0,0.6968367204802822,0.867320316384964,0.8886482086316397,0.8415699999967667,-0.6360810241596205,0.5235320268844931,0.18287192914725375,-0.8138318315022263,-0.7466253454757494,-0.8244326155275841,-0.8155047980183034,-0.792000786750204,-0.7740297279814741,-0.47829042675095507,-0.8201551627916026,-0.09452401777740681,-0.7977912339343772,0.12601843248392156,-0.799599035586896,-0.6083576837207969,-0.4001077807276604,0.5378193693025423,-0.7198717227291179,0.8705158012467045,0.7868858134739801,0.7901004538680246,0.7479382650661229,0.7782247231493415,0.6245459557916502,0.4211621791192889,0.381255144821148,-0.3702060618563044,0.6541262449230324,0.8109261316278968,0.7674945008014228,-0.8527510238392629,-0.8500883108567185,-0.8185945535619082,-0.49030165438602574,0.6057412464662784,0.48887254647468237,0.8104733609056792,0.7663464204880888,0.6733221124843021,0.567181836207084,0.6462284919876936,-0.52865447440743,-0.5562635680560714,0.02984645178386979,0.8627012378124491,-0.5318494241362866,0.8985899973719609,0.8730334509552646,-0.5499456301142295,0.07595413204042434,0.5267413850218273,-0.8366479741817023,-0.8107981934254986,-0.8158848964441556,-0.8279322174351644,-0.7776276333642544,-0.8133293434474436,-0.8256473230221593,-0.7851527345834753,-0.590418944692332,-0.816765934325511,-0.8197427325408728,-0.18101861509710898,-0.7611252237747475,0.07384266797131889,-0.7178391838062095,-0.8745190736608155,-0.825248740018995,0.6584670208753564,-0.6007770668178726,0.6988155451051699,0.7517175504560171,0.5943043747341633,0.6873389503230263,0.21777885168982677,0.7004932135308846,0.7140138403424149,0.7129210612831202,0.6152300382623944,0.7642621971044452,0.7593518184054626,0.7482151713280065,0.45875383516957263,-0.6350238195083168,-0.844384635478985,-0.8807873856892167,0.5144342613984768,0.6443903299080039,0.7613444066662131,0.5010495540710124,0.542332488436367,-0.7940399523563932,0.003379435339050014
-0.5894073035173966,0.6968367204802822,0.0,0.3296169983677256,0.4242643072053489,0.46899681845722485,-0.040762862673467896,0.773944977630752,0.7761154239991023,-0.2272966096456514,-0.10275208626271995,-0.2328205964284823,-0.24764824663983526,-0.20095026637074034,-0.16091151386986724,-0.2686380562934547,-0.2443104469239852,0.2686402481978765,-0.22239200458926003,-0.22984375641391958,-0.18474069596044967,-0.38297237918970306,-0.05241820707558709,0.24355828401079005,-0.04383136935053961,0.45063502682639067,0.1374065102313342,0.22509022648655172,0.8014144669178991,0.3286062688209513,0.02819331193072212,-0.17343437481184987,-0.3657164015301244,-0.5178361075287129,-0.09942942448968288,0.3607154291568804,0.20771736477630634,-0.4483513864765249,-0.5353180302365137,-0.3373097893294946,-0.8186297989079545,-0.016993796753408057,-0.2597412620977958,0.271334818159566,0.09870579570411657,0.009019210462549311,-0.1875505223678245,-0.09931608113524533,0.049131767773246245,-0.663040448784006,-0.3778221177170572,0.7842414339414786,-0.07491230571013886,0.4151582915145863,0.5362779720110379,0.20416150834752408,0.48135287346873007,0.8811771128988077,-0.23946949061670067,-0.20780214838832867,-0.2422769855538238,-0.2823769044805629,-0.15176508422017226,-0.24139227386821738,-0.27952515199228,-0.17191794694853085,0.002511449730489965,-0.2642052540562518,-0.6291001792945708,0.24389718976781816,-0.1758770590674849,0.011034298264308491,-0.15587559737369325,-0.48880488431312663,-0.2421030725553542,0.6176238958356204,0.13934370602321253,0.38507327143791725,0.18159517935218586,-0.03749478412296155,0.07343433547718488,-0.43583543720786916,0.07495248009071026,0.06559915916157415,0.11103105108723933,-0.060937322171582285,0.25092930327615287,0.19369847846252644,0.26605862503797856,-0.19669841432800028,-0.7903338337794104,-0.5491285920211022,-0.4742289499644201,-0.06323219286808233,0.012005148897718443,0.19639261154202778,-0.18057712938047746,-0.14989494763190964,-0.25705677136888444,-0.386762491919945
-0.5327157681105158,0.867320316384964,0.3296169983677256,0.0,0.901857770878274,0.8493991984991432,-0.7453511152909256,0.33531562595139525,-0.012329787453889351,-0.8729009795851492,-0.8162016835690238,-0.8600602880771088,-0.8573582819640505,-0.8461200858750187,-0.833701713146797,-0.5587508993568967,-0.8623764914698329,-0.2562515856124164,-0.8515153504919094,0.10738563239757289,-0.8600971842349578,-0.6383618510792074,-0.4940245300780775,0.5797939799248488,-0.8161865457046885,0.8779976402996544,0.8547803972419346,0.8487963992496654,0.6464551675340027,0.8179756057002237,0.7181934904171556,0.5524140280986901,0.5141496341112354,-0.3384257204052449,0.7303633706771379,0.8487521263340843,0.8331295649011211,-0.8643146908277728,-0.8375844939518193,-0.8605434731745417,-0.34399064767646753,0.7221570990479526,0.6293025089130697,0.8556256311322166,0.8252108922395601,0.7736672043595216,0.695589170128907,0.7442972444481878,-0.6126583953224801,-0.4125457948590364,0.11941821001964723,0.7441208776761691,-0.6491928844802891,0.900391377791755,0.8588662257953221,-0.6922690191355462,-0.11539878750601543,0.3348542173997262,-0.8867329304581723,-0.8505747308962688,-0.8475255823367389,-0.8632969719478851,-0.8377633374003802,-0.8599728123264676,-0.8650557572534212,-0.8441464642659937,-0.7140669027132618,-0.8616449527549676,-0.7698821004883912,-0.34263511679213365,-0.8334241316783048,0.019389749289128688,-0.795737189147194,-0.8783727401224197,-0.8470583326194909,0.6230226515606786,-0.7084369506455126,0.7280473300989748,0.8148956131705102,0.6908790860269999,0.7805146543987225,0.39991710528310614,0.7895363921778495,0.8046723723253822,0.7968552789194718,0.7335099106846731,0.8249247745353173,0.8267031385473279,0.8032074686987299,0.5942213149683501,-0.4992517827881396,-0.8416016985074509,-0.8824028639000796,0.6419722172555921,0.7488731611950822,0.8252338756135246,0.6379841376395207,0.6794552213527181,-0.824069573759448,0.1694397638681955
-0.5859808227636344,0.8886482086316397,0.4242643072053489,0.901857770878274,0.0,0.8771758685177014,-0.688139340398842,0.4528512181365352,0.17001184533718805,-0.8340981195810135,-0.753340286009066,-0.8123791703165298,-0.8199061257707644,-0.799221993374957,-0.7720915406707972,-0.6075275712917041,-0.824413186715855,-0.20024128649404302,-0.8122996937697018,0.009398555518046794,-0.8096065718989938,-0.6780885559351402,-0.4608668411559401,0.5884584885239682,-0.752318841840942,0.8936541312064377,0.7961479889368703,0.8146026038931395,0.779695846569288,0.8365381788722807,0.6487431504288955,0.4544718539940371,0.3689275656096206,-0.4389659723569835,0.6117183648499066,0.8512584665631228,0.8017422590198944,-0.8852727747086923,-0.8796175966458059,-0.8569494958336811,-0.49841387571396234,0.6482955918637836,0.5026886254534364,0.8338798618566429,0.7553206985232285,0.6963901024155329,0.5832325648770196,0.63749783521449,-0.5233518742498149,-0.5124061854581945,-0.026097071081820612,0.8324762988676169,-0.6321310811316735,0.9067964820322888,0.8991325980041194,-0.5686154219486651,-0.024631169829453927,0.49838016266198837,-0.8439222983820124,-0.7967653457605536,-0.8009626523904818,-0.8335919290763358,-0.7811787080104802,-0.8241465952719544,-0.8368020540789287,-0.785901142793758,-0.6529970665621609,-0.8300766210862096,-0.8287899846241857,-0.27614813784408077,-0.7921027489577716,0.0011080829166717145,-0.7521220763959295,-0.9146324202947504,-0.7948683953754445,0.7176593708503132,-0.5837902126024458,0.767342914009698,0.7708535350316205,0.5988821607626301,0.7201390552151384,0.26881390175242514,0.7293527937287345,0.7379316832283687,0.7429669577399549,0.647381954063968,0.807365980915218,0.7886587388222321,0.7919841045846726,0.4913812379740982,-0.642490816531806,-0.8967382069516654,-0.9051664872945605,0.5621670490465311,0.6789284918738275,0.7906101444557735,0.535419013342139,0.5830298979509028,-0.7830978589755513,0.07981973046946943
-0.616300535342755,0.8415699999967667,0.46899681845722485,0.8493991984991432,0.8771758685177014,0.0,-0.6511209807604909,0.34829774051931667,0.26974074321689895,-0.7140852646879821,-0.6171065434629447,-0.6413251676770512,-0.7023839933173212,-0.6881321604141561,-0.6399288653036813,-0.7506787864622545,-0.6946045325957523,-0.361053765844514,-0.7138290905844161,-0.2548876607050263,-0.6789966316521344,-0.7651052906827712,-0.5630927767161423,0.7499436748010384,-0.6259804579623549,0.8519532883894352,0.667070789801048,0.742886760893585,0.8703208647233707,0.8175137871556032,0.5989876342982052,0.4771658455516268,0.1905692206545137,-0.6711446983162963,0.34790090234557897,0.8365655478104279,0.7456989739948986,-0.8319543160921369,-0.8332220399375533,-0.7847767849267483,-0.5863691631631064,0.6256339353899156,0.37761563121887515,0.7573514688699667,0.5443897409067182,0.596890290690672,0.43226979447528247,0.4371299669562438,-0.3776796081066939,-0.3738374518065601,-0.013752093644560759,0.7635952711954922,-0.6945784887216004,0.7923719102394213,0.8670264267037303,-0.38742760690723627,-0.14769925875684972,0.5159422115062402,-0.697052655840611,-0.6328144143110191,-0.6481917040282458,-0.7223753949438997,-0.6485396035895574,-0.7111449978825864,-0.7312882899839839,-0.6527918941504438,-0.6246102660263773,-0.7331283279291279,-0.8022441148935885,-0.4023635197422791,-0.709212185262507,-0.19449980763142913,-0.7005217899392054,-0.7915804184052306,-0.5491020300960846,0.8552870363477422,-0.37510137362367063,0.8548347406356662,0.7018294505173175,0.5481186416172739,0.6637053108951746,0.2583765649463091,0.6528251398714663,0.649694164337328,0.6869171621435465,0.5738659684150116,0.7875553262519277,0.7365987518954343,0.806582958291032,0.4808145091205255,-0.5690284611656713,-0.8501736804911283,-0.8108889613545787,0.5799207028534505,0.6267381753288044,0.7235197435823456,0.4778998793262914,0.5152149485388929,-0.59172427149748,0.23427326780406335
0.43454394534745483,-0.6360810241596205,-0.040762862673467896,-0.7453511152909256,-0.688139340398842,-0.6511209807604909,0.0,0.3369037892937137,0.4589526250005032,0.8150347867584476,0.8185539458558786,0.7184494863638418,0.7790255867044007,0.8070502272215279,0.7935403868218449,0.7953875235574636,0.768121613379004,0.8217353858219308,0.8175343498245028,0.2390945304794235,0.8095557713163435,0.7441377507543456,0.8339196483195958,-0.8366761544023628,0.8579164709764775,-0.7657710565840989,-0.830712427978545,-0.8533911367731064,-0.34216122971949897,-0.7755603097696383,-0.8717019901043608,-0.8998334710702529,-0.6943986989439532,0.43588276061080833,-0.6138322796071903,-0.8352654724576355,-0.8671591300629549,0.7634101805260187,0.6734516365959456,0.8118519555364302,0.036798287690589106,-0.9405394708438743,-0.830984956694773,-0.8196985101797533,-0.7376827066328594,-0.870650674294019,-0.8254945175211496,-0.725708194483029,0.7619873929861068,-0.04456139583489577,-0.40899741181578264,-0.2727761084639238,0.9240096128610092,-0.7116759351002445,-0.6923704847274202,0.82088901966141,0.7508239661816765,0.2106415248706812,0.7632178045108036,0.7313390653005362,0.7134514585412949,0.7706653036554949,0.801918475227545,0.7978702443964213,0.7910030072254102,0.7961665837544455,0.9404605140609686,0.8027527543863636,0.49255040979638615,0.8662879438672769,0.8659114527506735,0.2925274259314271,0.8811716336962864,0.6610171885246705,0.5566200644748213,-0.5968638350769077,0.7321367445197547,-0.7988803367244893,-0.8528333472737687,-0.8644253521710461,-0.9108377788894118,-0.827747822658745,-0.8892869787054085,-0.8892305628684144,-0.896619131986492,-0.9105453950575875,-0.875383865795633,-0.8806019686466783,-0.8794380480406727,-0.9103176761592136,-0.020520150048923918,0.6707731752198544,0.6985816973006251,-0.9274707728458841,-0.9174262200458023,-0.8507408986422066,-0.89166350047731,-0.9113521497308695,0.7029651365810586,-0.6420748051830221
-0.33999744259851866,0.5235320268844931,0.773944977630752,0.33531562595139525,0.4528512181365352,0.34829774051931667,0.3369037892937137,0.0,0.7346522553546994,-0.08115345945805207,0.013507019867278421,-0.1720917875998205,-0.11565548991747203,-0.062528125091002,-0.048895532238621406,0.1597245157161706,-0.1304606735084714,0.6525652954084773,-0.06471198079756359,0.20499727650282962,-0.06285666369488527,-0.015382944474188583,0.3232666998526211,-0.17501521728817473,0.08029745750316056,0.2241798104885545,0.013536692203297562,0.026685016646122946,0.5625494450824935,0.10934662040820747,-0.19119863820302765,-0.4397177016106569,-0.3574750600313819,-0.10982066278748556,0.012755891756254887,0.0931761745218946,-0.010735024048950135,-0.2274793480687289,-0.3192360874485379,-0.12378331906860693,-0.6180559447127024,-0.2712664311075137,-0.3441117083330545,0.08064498022435347,0.06494104688926508,-0.14496167248656686,-0.2498817690798902,-0.08489167115751282,0.17163284119727903,-0.7086398680776276,-0.4459624259061321,0.7113044774820221,0.27873839815921597,0.2862827375671029,0.3144363595124765,0.2566643274184751,0.7993351846030751,0.8466284647451743,-0.1426163685170682,-0.14335210781597593,-0.1683000893308279,-0.14286298254498056,-0.04112664076857212,-0.10066846661897529,-0.12842862007536918,-0.058782170994657344,0.2684678775898386,-0.1045508168754832,-0.4670367211128933,0.6139820053341216,0.016012367360373703,0.28330650200072105,0.07114027105697505,-0.3348975162814966,-0.30620043612760245,0.23075175133151307,0.1315171051746102,0.03130540693353338,-0.022629139450815045,-0.2280147423867456,-0.14911056469448292,-0.6172165658499786,-0.11821257340661895,-0.11144968207789487,-0.10679709072209936,-0.24430618011950547,-0.00631372377706344,-0.03106084848500802,-0.022926349929697453,-0.41843511863220323,-0.7869405923321312,-0.32784244784861805,-0.30683414433479567,-0.3562164036079088,-0.20822377796111088,-0.0056229858363505475,-0.3611733555624464,-0.33301867069475033,-0.18113267950151365,-0.6523115673144612
-0.32467207175037877,0.18287192914725375,0.7761154239991023,-0.012329787453889351,0.17001184533718805,0.26974074321689895,0.4589526250005032,0.7346522553546994,0.0,0.10317231765285859,0.24814420387672123,0.1179838582485354,0.10886264079247573,0.14477310429687235,0.19687511871874872,-0.08267230525850425,0.10487313878003923,0.4350415775674537,0.11981547199733364,-0.23806012328455117,0.1622807354059471,-0.0942894301220185,0.2426406615639133,0.0011692000507996117,0.26664852677017686,0.1436965319783325,-0.19165648633422785,-0.10548310283133257,0.6532201142163356,0.10971442911175945,-0.28832031625351845,-0.4614152408947853,-0.6198563923478815,-0.34167957733819804,-0.3766556178239511,0.048664804653007696,-0.11899077039835675,-0.13705706532033665,-0.23040011616641023,-0.02265070492164697,-0.7374378449569017,-0.31365946433347675,-0.5344115947218534,-0.06209144240801263,-0.23910822529728476,-0.31495254514742094,-0.4724864868892083,-0.3957655261467518,0.3806123934672303,-0.5637803915673331,-0.5721103235626891,0.5662753928448888,0.17975997864782847,0.09994997109080987,0.2469903293213061,0.5098319727068648,0.6013483184496224,0.8394110599625867,0.09243388751145618,0.15348718841439693,0.11640139784472599,0.07159538258838435,0.19427376227613996,0.10618010484383927,0.06476286943332214,0.17993507706546316,0.296507168384072,0.08186388037306953,-0.33341109352693415,0.44519778635266816,0.16214200980846646,0.12326498942437054,0.18560372377845852,-0.21582467154754334,0.08498241830935117,0.42132408495050677,0.4649988104050686,0.171548006682871,-0.15424779794180427,-0.3732443569006229,-0.24307538484482036,-0.6446618552336412,-0.25204665165951656,-0.2526391246444471,-0.21586337906856026,-0.36799282862808014,-0.06077913132143089,-0.13364545406678074,-0.04560355900362375,-0.4825863424951525,-0.7131682261035134,-0.29670104528812785,-0.1655921546454144,-0.3529341405451841,-0.30583400831983976,-0.1345232680632591,-0.4703830932853784,-0.4317797513081814,0.09294190670498459,-0.4952130459358846
0.4789908565052449,-0.8138318315022263,-0.2272966096456514,-0.8729009795851492,-0.8340981195810135,-0.7140852646879821,0.8150347867584476,-0.08115345945805207,0.10317231765285859,0.0,0.9160468498024654,0.9237264870115214,0.926862551773721,0.9207585669843985,0.9204888664828994,0.5803761979095734,0.9267894521792877,0.3969794008244264,0.9210334364083501,-0.10438971615586634,0.9251105207676567,0.6948914335511491,0.6340791844751159,-0.6021683248304766,0.9149129946283617,-0.8751804723212023,-0.918222717330817,-0.9081051930986903,-0.5316602240482775,-0.7832591649748848,-0.8462790832267963,-0.7005116427342192,-0.6794328899782157,0.31233725415968394,-0.8042590702194774,-0.8710024576101064,-0.8964840896655938,0.8801364878497931,0.851735372646823,0.9124022364632274,0.22365382827675256,-0.8231713813922822,-0.7646100029845255,-0.9161226039719581,-0.911997066953275,-0.8784226673024632,-0.8127852709493962,-0.8421545959490266,0.7541196071069902,0.3070201213821656,-0.32714976506593996,-0.647694374039862,0.7252505277648252,-0.9178866372955906,-0.8443801588228228,0.8253565488499963,0.2872591500354616,-0.16010986668096544,0.9353254539193223,0.9280788046671392,0.9172152308045619,0.9263090464550017,0.9220217019430451,0.9251187837936898,0.9254034110473608,0.9229345430865036,0.8277710934133623,0.9234043009338242,0.729948504623292,0.48197763383402664,0.9085377306355086,0.0703891202292099,0.8835654841665298,0.8908846745355614,0.8875754036031799,-0.5598294924476611,0.8362164620029118,-0.7041611999609892,-0.9012040609557598,-0.8173645043936981,-0.8670557549248982,-0.560894975843219,-0.8903773413733919,-0.890455264760058,-0.8792087037863595,-0.8463379711454614,-0.8733372055809019,-0.8943534183546188,-0.8478976913725591,-0.7241803683818555,0.32754887463098525,0.8198357274518013,0.8943802756549828,-0.7761101868103684,-0.8529345660477854,-0.9022776595569447,-0.7742807329082627,-0.8023598592814015,0.8913126979710517,-0.28691501160312205
0.3535369970966155,-0.7466253454757494,-0.10275208626271995,-0.8162016835690238,-0.753340286009066,-0.6171065434629447,0.8185539458558786,0.013507019867278421,0.24814420387672123,0.9160468498024654,0.0,0.9088394715542628,0.9018600562461899,0.9058171510193727,0.9238835968871426,0.4198586842412593,0.8998716404390054,0.440343852390792,0.8871775100989727,-0.254406294305165,0.901017181836002,0.6235027730487597,0.6751628038657971,-0.5115681346870639,0.8965501225136058,-0.7424214477142472,-0.8904741155246324,-0.8572943610356407,-0.307284886645297,-0.6037779366005585,-0.8729343744748138,-0.790382832786951,-0.8090107510935164,0.2075493421140429,-0.8542625223460636,-0.7693919500459262,-0.8507606031395268,0.7456354951636529,0.722753934171419,0.8126633783945029,-0.02307246283969765,-0.819846982030249,-0.8526796283454742,-0.8637029695502025,-0.9132264393147115,-0.8949711124865735,-0.8640297477793539,-0.8943644353724963,0.7740319512752486,0.09596284537470662,-0.5992483126998084,-0.4744923685836576,0.6531172631819863,-0.8023360563966614,-0.6936174826710814,0.8773470531059744,0.3743635282602784,0.06094907469952825,0.8917877674227275,0.9173280899837317,0.9123229597283916,0.8869327288542485,0.9165606209315785,0.8891771080713277,0.8751645788151967,0.9158165089709122,0.7924570574267872,0.8771100032248204,0.6179783136553579,0.5297698186963228,0.871895539606703,0.18129836957836098,0.8596784284464372,0.7096287357801494,0.8818805878482434,-0.3508136674963103,0.9229955243344842,-0.520572099189885,-0.8865876148451631,-0.8904246692015467,-0.8452138194547465,-0.6694252250112482,-0.8818676815978174,-0.8767666418364014,-0.8610713361462616,-0.8567380583479984,-0.8096728946738999,-0.8481317271008717,-0.7814011315105205,-0.7965395054391777,0.05489403582003281,0.6255176084868641,0.7688760835081018,-0.8057987444698556,-0.8533582049553444,-0.873883299969603,-0.8375479612740523,-0.8318760143215946,0.8269696959311105,-0.40452083389117055
0.3894447379921008,-0.8244326155275841,-0.2328205964284823,-0.8600602880771088,-0.8123791703165298,-0.6413251676770512,0.7184494863638418,-0.1720917875998205,0.1179838582485354,0.9237264870115214,0.9088394715542628,0.0,0.8701455286040672,0.8528419235015291,0.8744223821663007,0.27884605665705453,0.8737507652628502,0.16098702514994453,0.8369215888563254,-0.345398831650468,0.856754180252407,0.5673440077833116,0.4987266670894057,-0.3284809000412325,0.8069223639442823,-0.7155978950571102,-0.8172440572140545,-0.7785200232703653,-0.39461001612858976,-0.5294247905014503,-0.7446502289060778,-0.5660408662774508,-0.6646358209673413,0.17847766868414,-0.8177858065294579,-0.7027326148692172,-0.7629784447095549,0.7361845981875831,0.7542131697685922,0.7713498545068775,0.12583469007091863,-0.641905671507008,-0.6785727069325135,-0.813280682972597,-0.8869260902790128,-0.7755019239195936,-0.7297109361541315,-0.8237422203998656,0.674943318289748,0.3128374307258959,-0.44468569414975795,-0.6398400960084314,0.48126927839915956,-0.8210846014785069,-0.7053609723367206,0.7591804455999497,0.061455085219768675,-0.17819100329657864,0.8809386108035738,0.910104049062903,0.9092082781157361,0.865048413034343,0.863154178258462,0.8505451046131463,0.8443421637994412,0.8715854961780238,0.6277239144206033,0.8373996706053176,0.7142984689729511,0.25532930057643166,0.7913356400695715,0.08916621501769535,0.7618604875564119,0.7591790881806504,0.9469378694402573,-0.3133112607712002,0.8445491108065755,-0.4136074567364985,-0.7987377982150868,-0.7388257617225449,-0.7072316841212604,-0.4182901702012786,-0.7654496533974658,-0.7566913388271118,-0.7394602544469088,-0.7034158656648636,-0.711730429259763,-0.7468320527020135,-0.6738899854732888,-0.5825158679498588,0.2864695215439558,0.6549259340152992,0.7971915972165645,-0.6114638522591711,-0.703095186455865,-0.7945786326082189,-0.6548314446857465,-0.6499541964908118,0.8380515519699177,-0.13779017263210017
0.42609202646580685,-0.8155047980183034,-0.24764824663983526,-0.8573582819640505,-0.8199061257707644,-0.7023839933173212,0.7790255867044007,-0.11565548991747203,0.10886264079247573,0.926862551773721,0.9018600562461899,0.8701455286040672,0.0,0.9030410404749032,0.9119550684407306,0.4730863804793875,0.9120355171715372,0.35487474581262557,0.8966679811311937,-0.17607038358570232,0.9033314127156079,0.7234210592798325,0.6647571964911387,-0.5474021960024398,0.8456073370224316,-0.8011438199523515,-0.8538258028883042,-0.8582337172803619,-0.5295745865977922,-0.6438120759026853,-0.8120148695131073,-0.6922887465455071,-0.6303817850298995,0.4034777275375472,-0.7462736347962902,-0.8172127092647316,-0.8552646084912287,0.8231912415406153,0.8251991601236093,0.8401248085251474,0.20372564468215384,-0.75078262410615,-0.7069016089756229,-0.8829184434823771,-0.8523024386246391,-0.8344150731939481,-0.7477671519749035,-0.7997228521072944,0.6609444223906467,0.23157172535870157,-0.4692042318933102,-0.6576277148009113,0.6502206507172081,-0.8629490718632914,-0.8010034180641692,0.7545554558183922,0.21479743287081168,-0.1860535872926957,0.9052395064698989,0.9250913405289398,0.9291657102401862,0.9073095193568814,0.8999953709950838,0.9035278897745165,0.9008153668202673,0.9100025702049693,0.7262480480472951,0.8995234673423428,0.8020607853616516,0.43742844831637984,0.8669865406942339,0.25761112045818085,0.8552060702938546,0.7703188307868692,0.895516699811538,-0.4837313937109324,0.8137068441504837,-0.583460625516732,-0.8735279485241559,-0.8235337016623102,-0.794907806335026,-0.5055501947466534,-0.8401768598138929,-0.8228108865589955,-0.8261725231440112,-0.7794106306510822,-0.8256496947542146,-0.840494365674919,-0.8147367635929021,-0.7009518672629196,0.2848376989706162,0.7314403521175126,0.8469586444533135,-0.7239499117585373,-0.7939205697848147,-0.8748721619699684,-0.736880146605581,-0.7220555251284797,0.8178608557676471,-0.3103958747393046
0.4231340907042635,-0.792000786750204,-0.20095026637074034,-0.8461200858750187,-0.799221993374957,-0.6881321604141561,0.8070502272215279,-0.062528125091002,0.14477310429687235,0.9207585669843985,0.9058171510193727,0.8528419235015291,0.9030410404749032,0.0,0.9442901584290097,0.5165555769845948,0.9372779757838208,0.4313348181031941,0.9240377351562933,-0.13802172345759423,0.9373029057428574,0.7340392715619026,0.7073652168104756,-0.606080125986507,0.8900883715618302,-0.8295749281349338,-0.9021087163070747,-0.8975364115548057,-0.478069261130242,-0.6851062178067396,-0.8575600574001637,-0.7545939264216676,-0.6934777620820942,0.3949878661006598,-0.7901224030004664,-0.8468459930710116,-0.8924849662275146,0.8455408375906738,0.8270486301698006,0.8671724811562315,0.16148155343764634,-0.8134969579209123,-0.7759700906733775,-0.9111305622033409,-0.8912618245211125,-0.8832382066757684,-0.8100542474841794,-0.8448932421939656,0.7362035913335179,0.20650013884593568,-0.47923173085324433,-0.6161523032733065,0.7066913557536224,-0.8786108866130045,-0.8042786542079684,0.823298213997098,0.30121886282758,-0.11020114300457584,0.9287104689729052,0.9508567721843604,0.9471478053876888,0.93766881900105,0.9339535535070334,0.9317907665195095,0.9255983097830291,0.9421783651373372,0.7931698151993183,0.9267736031604727,0.7781291887614941,0.5166620845393551,0.9095966641892317,0.24488361249641213,0.8994786488389656,0.7809527706288304,0.8995274348946571,-0.501703348968434,0.8655661421530751,-0.6250402824597036,-0.906570924054657,-0.873054848402065,-0.8507640807852128,-0.5868825170796825,-0.8882735878251966,-0.8750450961638232,-0.8793026188185654,-0.8401240057162679,-0.8633565601829702,-0.8837730214658833,-0.8501927074812945,-0.7676406168925798,0.24147905412207124,0.7341480554376337,0.856597308838961,-0.7812873653320589,-0.8534313789265766,-0.907426406851795,-0.7983567512230885,-0.7906176163113547,0.8584541624416167,-0.35820410556566173
0.3804476461155667,-0.7740297279814741,-0.16091151386986724,-0.833701713146797,-0.7720915406707972,-0.6399288653036813,0.7935403868218449,-0.048895532238621406,0.19687511871874872,0.9204888664828994,0.9238835968871426,0.8744223821663007,0.9119550684407306,0.9442901584290097,0.0,0.387805157859334,0.8897258520814534,0.3830577975565373,0.8714942434173724,-0.21094343651108352,0.8866938514484045,0.6555933671618656,0.662888816679615,-0.49737297045742473,0.8423068859660283,-0.7277944836606438,-0.8453822043767774,-0.8251297558706276,-0.3531081651170034,-0.564103267620485,-0.8165982795258236,-0.7232617272552254,-0.7184690129538104,0.30360922905238064,-0.7880621306316782,-0.7502190191628514,-0.820671051592541,0.7508637680559054,0.7373596945306764,0.7849206826991246,0.06387436905308577,-0.7508125925660455,-0.764227839994565,-0.8412524748991482,-0.8653312134605753,-0.8384247667911126,-0.7867080066846117,-0.8324244966508053,0.7295357612179553,0.16115029527226388,-0.5379103376088168,-0.5316683423268745,0.6148938498485899,-0.798587958438954,-0.7014457931855941,0.8126978778740352,0.2777369193400153,-0.031239232167190625,0.8755205577759532,0.9140311112099743,0.9114570212473947,0.8817995800430591,0.8929441037317896,0.8765902569211621,0.8632083214597737,0.8946848801195573,0.7259028361742407,0.8676693712151013,0.7012348775724148,0.46570757649901856,0.8465770983786659,0.24413228325416522,0.8380718458044655,0.6882780603701244,0.8816584933767645,-0.367151827556974,0.8687950454586668,-0.4936310494159169,-0.8509672796999268,-0.8436578206960278,-0.7880623862247044,-0.5716326630374016,-0.832591654511221,-0.8196538532650265,-0.8165387828869536,-0.7920255761866684,-0.7814167199493139,-0.8121254393267084,-0.7617447354954304,-0.733017266687955,0.14969138003127508,0.626436307385618,0.7707650881816098,-0.7314939471487277,-0.7969790008574089,-0.8430933176116612,-0.7658222499185122,-0.7445600992918598,0.8174291800482055,-0.32887871254225526
0.6451032772168268,-0.47829042675095507,-0.2686380562934547,-0.5587508993568967,-0.6075275712917041,-0.7506787864622545,0.7953875235574636,0.1597245157161706,-0.08267230525850425,0.5803761979095734,0.4198586842412593,0.27884605665705453,0.4730863804793875,0.5165555769845948,0.387805157859334,0.0,0.2905366265000607,0.5754517510165507,0.35010189696135535,0.6063778984078473,0.30610609219717555,0.6074489242553048,0.5068517450147237,-0.559508493138232,0.3241104511322717,-0.41917454204151744,-0.27573355399497923,-0.37919652716382307,-0.45075435384979734,-0.49116206276656765,-0.311446171909473,-0.33725294042717574,0.03303433258479013,0.6626833249375516,0.07190373199053762,-0.476259588798629,-0.400975132464486,0.4768086574009103,0.4374155401317331,0.44103750559528354,0.360811301067949,-0.41608941335879907,-0.15505583089542402,-0.3612751652213746,-0.12418608998652873,-0.2948081251633854,-0.18444091562371714,-0.08403340175277905,0.19643758872312986,0.0486332152416954,0.18445298423156428,-0.1850876142601853,0.6557995144003904,-0.32305006384548335,-0.4398656271174335,0.18595335640540933,0.4441495946196244,-0.10546268110670662,0.2781851834363345,0.20140389113757604,0.21046880370202953,0.3148402247913853,0.270059795618076,0.3248440545280335,0.33861640397333054,0.27027526407698804,0.4680684790924689,0.35373646252874347,0.4174314048726717,0.5491867568952984,0.39162778212774374,0.47516116967943023,0.4215368832978067,0.3914209517522451,0.07286285766689181,-0.5853243193348261,0.07044429936371367,-0.5964357897860907,-0.33943641484945886,-0.263734531591946,-0.3720657821051429,-0.26829804300089355,-0.3517845400334385,-0.32881509863283115,-0.3714457316608763,-0.33776190795141775,-0.46086785159706284,-0.4047137812698904,-0.49526849328538153,-0.3436942333965167,0.26519911571828125,0.5291305585350405,0.38902535397151417,-0.40125802859537846,-0.36683672607993506,-0.36515179877749343,-0.30041117860068894,-0.3198414275826807,0.2241273650316039,-0.3471843654129398
0.4296375244353452,-0.8201551627916026,-0.2443104469239852,-0.8623764914698329,-0.824413186715855,-0.6946045325957523,0.768121613379004,-0.1304606735084714,0.10487313878003923,0.9267894521792877,0.8998716404390054,0.8737507652628502,0.9120355171715372,0.9372779757838208,0.8897258520814534,0.2905366265000607,0.0,0.3171040655696474,0.8949747895418316,-0.22876481512815913,0.9089850695625146,0.6976764407917673,0.6142266075233697,-0.4820514228112911,0.8579922744403885,-0.7955770046243871,-0.861202890335921,-0.8530175399669641,-0.5201482902170144,-0.6505293345155334,-0.7915765853511347,-0.6511580268225968,-0.6277484038766468,0.36390260196290597,-0.7723402378213777,-0.8066034481741675,-0.8493532938636684,0.8196304134465194,0.8223798193688289,0.8386362026595792,0.17951456110393627,-0.7323188890029647,-0.7026297990261658,-0.8804509097174148,-0.8618064201878098,-0.8320613992364578,-0.7594355487147944,-0.8283217466661424,0.6323589148343508,0.22911175022114602,-0.4184006375446731,-0.6600248157287644,0.6412809283978211,-0.8734632818811979,-0.7926684164153349,0.7714272346585089,0.178856954006191,-0.18989461499224963,0.9216517052336564,0.9358310092837885,0.9390853158882045,0.9178622592377181,0.9076132578929261,0.9063319981837635,0.9011156334503929,0.915792190067944,0.7135753995098153,0.8999890880351167,0.8137055714166933,0.4015127423149753,0.8652450619433453,0.25167039352981824,0.8482726542536627,0.787703134763749,0.931603250557345,-0.4456085416162072,0.8327919837343329,-0.5571274306780792,-0.8585389967474253,-0.7995133453739358,-0.7787521767960079,-0.49348805479432295,-0.8309828362727503,-0.8150631540130575,-0.8138470633925083,-0.7698072931878781,-0.8153992621773936,-0.8294019386590047,-0.7968060486341153,-0.6779478207510626,0.3225178967658364,0.7380700091414614,0.8534724916712877,-0.6943033224598665,-0.779559491793236,-0.8685756008322228,-0.7251063316040756,-0.7158439566511706,0.816967324294602,-0.30168805751522465
0.17445690109866968,-0.09452401777740681,0.2686402481978765,-0.2562515856124164,-0.20024128649404302,-0.361053765844514,0.8217353858219308,0.6525652954084773,0.4350415775674537,0.3969794008244264,0.440343852390792,0.16098702514994453,0.35487474581262557,0.4313348181031941,0.3830577975565373,0.5754517510165507,0.3171040655696474,0.0,0.28048377261593804,0.5558000089220108,0.25282319424968036,0.5260920079965186,0.7073604422046028,-0.5799086284153161,0.3174802166970705,-0.2005843972699042,-0.23856296738392993,-0.3147466413955534,0.01345282592872189,-0.23740665943896744,-0.43500296012358003,-0.6223634678175428,-0.2632216999922535,0.5017114506016801,0.028444708008119213,-0.3355623409176356,-0.35795132610062674,0.2377939123848914,0.17707042486618127,0.28015664714983396,-0.12449914120241548,-0.519258803895788,-0.3820575230376779,-0.28055681313270875,-0.0954469156110666,-0.367563494996901,-0.32430343507476933,-0.15923073004045699,0.30377994518961376,-0.4438878538408681,-0.346313883401031,0.25491318918350986,0.6667813319007825,-0.09372920038598523,-0.16228486549747978,0.33345504379854835,0.8398044939953511,0.45464467354052324,0.16587814770193945,0.14369473805147584,0.14285502345114515,0.21981897319144977,0.24845888633386667,0.2460854168850258,0.23665305915570825,0.24546328860910488,0.5359627698351204,0.2621103908184274,0.10042371092151854,0.8352425904854697,0.3565882756501246,0.6579700302136704,0.4284257371759737,0.05488695249629651,-0.0716916431230471,-0.29962097184388103,0.21547880932318056,-0.3918819811764109,-0.3449386702129783,-0.44830747608696836,-0.41785029991412864,-0.6227213188014905,-0.39192152292074955,-0.3569080520912832,-0.39977083673180935,-0.44171938586266946,-0.3919322983796503,-0.3697294132340999,-0.4348888934358968,-0.5857271715576771,-0.3695737868462016,0.1671718646718108,0.13322633645021753,-0.5903626897756465,-0.4569147393816002,-0.34249227380423325,-0.5051329655392791,-0.47413644381923536,0.09951214488726844,-0.7168102527127616
0.45866949208064106,-0.7977912339343772,-0.22239200458926003,-0.8515153504919094,-0.8122996937697018,-0.7138290905844161,0.8175343498245028,-0.06471198079756359,0.11981547199733364,0.9210334364083501,0.8871775100989727,0.8369215888563254,0.8966679811311937,0.9240377351562933,0.8714942434173724,0.35010189696135535,0.8949747895418316,0.28048377261593804,0.0,-0.07411091943189667,0.9502554968645999,0.7789698221406368,0.7243149033982885,-0.6578925909563099,0.9106567157597165,-0.8749841152032201,-0.918027070886118,-0.9254929051963993,-0.5580732564165288,-0.7590869507352745,-0.8617306528519525,-0.7557276716037832,-0.6549123894755968,0.45540303102382246,-0.7665116285983398,-0.8938449023260023,-0.9236394500201648,0.8913561433989626,0.8647037731388229,0.9052934976194674,0.21851686321010305,-0.839589163272518,-0.7657927764960616,-0.9362247092021271,-0.882736687709704,-0.8953341770516398,-0.8096669447079744,-0.8372964553818121,0.7159689604393696,0.22205310182149798,-0.4061990046217392,-0.6474917554267691,0.7698482636719421,-0.909997640317533,-0.8527829355114674,0.8149722453101401,0.32609566876276896,-0.15004608380773443,0.9421504444594634,0.949106154747173,0.9472005000503866,0.9545356070312706,0.9436911195979357,0.9482349801521353,0.9448566740469428,0.9496621022571589,0.8260511731409383,0.9450649258510143,0.8147345439781613,0.5544889264696603,0.9347179398717543,0.26964200149207485,0.9243576728864036,0.8258729352934792,0.8886859156419067,-0.5765243121098146,0.8432108265605381,-0.7014776952969546,-0.9219296872359781,-0.8701846145498356,-0.8755514979254665,-0.5896329737766933,-0.9058303408342175,-0.8942383063382622,-0.900503971168195,-0.8549409885592122,-0.9053237152690462,-0.9130997859974634,-0.8944335794006749,-0.7777331314159621,0.30262071855249645,0.7980667790780405,0.8919479951200665,-0.7971817837436357,-0.8724608781501645,-0.930336681310082,-0.8047081052846348,-0.8044028122535353,0.8586366272565842,-0.3842440973926264
0.3930685180101918,0.12601843248392156,-0.22984375641391958,0.10738563239757289,0.009398555518046794,-0.2548876607050263,0.2390945304794235,0.20499727650282962,-0.23806012328455117,-0.10438971615586634,-0.254406294305165,-0.345398831650468,-0.17607038358570232,-0.13802172345759423,-0.21094343651108352,0.6063778984078473,-0.22876481512815913,0.5558000089220108,-0.07411091943189667,0.0,-0.033202485885287285,0.3620267360792759,0.3682530504331655,-0.3298676375890583,-0.07416476838475415,-0.09713726962343956,0.0796220529023332,-0.02403758235009404,-0.12723156350275647,0.004359488779949608,-0.053270339223215626,-0.08230197149089737,0.22628017042190282,0.5015590807058165,0.3536850748203918,-0.10894410499374801,-0.033051064046654886,0.15163810615731546,0.1709382428258395,0.11567275340574383,0.39144262383946726,-0.07699244818606939,0.14366681858432817,-0.016675587669326496,0.12954393712349174,0.054746829692529905,0.17618616641057508,0.2818902350938292,0.19087654247632627,0.1982178272047822,0.15987569097832613,-0.008808487359947256,0.25853222333382553,0.027367496043022282,-0.10010308659391613,-0.09321759697800906,0.26571076953081585,-0.0548747751836211,-0.08005901581633927,-0.10675849150273305,-0.08854884995706956,-0.010321929019566757,-0.04849066962810947,-0.0069907008755206584,0.02185499593672297,-0.0356449090665147,0.14653436039574266,0.014451156615312757,0.11229764352432316,0.31236098345158686,0.04504054784697319,0.34141388900552627,0.09772329147078825,0.07291333268305909,-0.22805533580520837,-0.38265993314406854,-0.1773179771815453,-0.20540186460792637,-0.04549138651245548,0.009611965121793022,-0.06008825161524564,0.04173659855763927,-0.01929166635941938,0.006244216543138536,-0.03760055623511573,0.01904800547289775,-0.08595055796007844,-0.05850513403995708,-0.10864506118260937,-0.02141268937143211,0.08427053146214193,0.20220665628819265,0.0816575397483808,-0.11720389204309982,-0.03583715975199953,-0.019918005686236258,0.045650876956754516,0.04388875971690423,0.10240587421781465,0.0516397634233096
