0,1,2,3,4,5,6,7,8,9,10,11,12,13,14,15,16,17,18,19,20,21,22,23,24,25,26,27,28,29,30,31,32,33,34,35,36,37,38,39,40,41,42,43,44,45,46,47,48,49,50,51,52,53,54,55,56,57,58,59,60,61,62,63,64,65,66,67,68,69,70,71,72,73,74,75,76,77,78,79,80,81,82,83,84,85,86,87,88,89,90,91,92,93,94,95,96,97,98,99
0.0,-0.017767723491385553,-0.23600149027953682,-0.030949728152483594,0.031962757054157916,0.075554429531546,-0.02246436686614435,-0.1399121596509214,-0.12145864927055983,-0.14140211765555816,0.1512765428314523,-0.24879577721415758,-0.47850643317808345,-0.5695501028188833,-0.49763631793708324,-0.08055868672549694,-0.4350375012399825,-0.2859823015102467,-0.520416954599726,-0.16339932890182043,-0.383361868055263,-0.44621300365686595,-0.3027061942774691,-0.31312336730844953,0.13923254178640593,-0.18444999348600497,-0.4769391736519469,-0.8101391040591275,-0.4312683069609548,-0.10488237169472761,0.3241882093175354,0.13467083819834152,-0.21171538660688674,-0.19006271393504096,-0.1781227258421568,0.25211405368671175,0.2463502266129257,-0.13309707590942924,0.1665548071274471,-0.06461936472653576,0.30768464487774755,0.39575213751597754,0.3065228275673081,0.3006270312825082,0.33231704844544085,0.16667538166798943,0.16909990945875852,0.230149650180786,0.47104104628956267,0.32945363332977345,0.5185911368589631,-0.14830777906082013,-0.18024171471613307,0.0303248538845785,0.010038646315790958,-0.05778301172105232,-0.20028095355483308,-0.18527150430122735,-0.0010491800559247364,0.31103379354374316,-0.1723007938352592,-0.3356977158195442,-0.3927772105911474,-0.4452421678886141,-0.4834623896910616,-0.4720111328218748,-0.14988840429943326,-0.5081884882330783,-0.3657437976281649,-0.20344536094294635,-0.4074237550939724,-0.36354835428678417,-0.30679075929058996,-0.3839734919946491,-0.3293824563558863,0.03150185545952586,-0.43315704988630976,-0.3971812033289908,0.2598204992181772,-0.18495103836119964,-0.37634844509356624,0.254086831861653,0.19150831655890796,-0.2587122651088236,-0.21168486129922118,-0.02415019741484835,0.24893005410838526,-0.6378245246406867,0.10585935154722247,-0.30749003630785227,-0.13847104477559077,-0.10290829783380807,-0.16998274319755516,0.46921681086099415,-0.19413280932589677,0.3005903220243902,0.21250041569975112,0.2345582207018965,0.45864530215679106,0.3237589903298031
-0.017767723491385553,0.0,0.7326553852875036,0.8323732653221173,0.8890689131839546,0.8764963919874055,0.8952272314577427,0.793044590119744,0.7462910787212721,0.5568802187538763,-0.110037335835763,0.2440849143316198,0.2891713801640007,0.4367195557943355,0.5336014603754015,0.865344346316973,0.389647332641779,0.753550792198322,0.4446317153549079,0.8074603046624287,0.5283759974971434,0.635485396732094,0.7447382485311298,0.27871807011124977,0.3219161267118989,-0.12645114699088505,0.5868528584517715,-0.028873986668968257,0.6162003014926805,0.6713550317609716,-0.7083142590707168,0.853030418496608,0.8491639979756163,0.7948466002814828,0.6493381654943982,0.27468915762540996,0.020550496891258686,0.8453781767433113,0.7475172022065548,0.8180840541420029,0.3299339000970702,-0.6868347645593303,-0.21818118731302052,-0.5267586984404733,-0.3945290508997378,-0.02672840429286029,0.511116625249478,0.13803869851084202,-0.001884982108163215,-0.13114178674820565,-0.46368160886333365,0.7878784287611145,0.6622012131579766,0.8776877234199407,0.8816935714005413,0.8104469172736664,0.7472642404477627,0.7319202804816343,0.24326635142698916,-0.34590977858381194,0.3291382311764529,0.39836463382001264,0.5447175650938214,0.5781937018868191,0.4621138895688307,0.5035123675027869,0.7835817022932564,0.39890298188695344,0.623132297729218,0.7986659197904672,0.6084852367798809,0.6138549601272751,0.6976212315179031,0.4345304915753149,0.3615933892456113,-0.046544891375930306,0.49132968849518205,0.5566824366138171,-0.7120349416486872,0.6459053112146229,0.4346216097493929,0.5967760613448878,0.5889133635779398,0.7538545239796733,0.7547376708114378,0.8635102462974978,0.14743013809309027,0.19050231238719365,0.5531389046142862,0.7078848827183626,0.7574571917422631,0.3697143028037788,0.6662737391114115,-0.6173379991702242,0.7176143566647617,-0.5625089610369864,0.41743447921190413,0.4964673237230966,-0.004333232466478529,-0.13147766916871287
-0.23600149027953682,0.7326553852875036,0.0,0.7471657026237911,0.7535220819798969,0.7952281990274901,0.7258619163437168,0.7966210383622747,0.8154016136162388,0.6584156345463004,0.0730956276332807,0.5064281097200364,0.5824524973105046,0.6544176927320559,0.6817994693405712,0.8292903203105093,0.6420555868042043,0.8208729213278875,0.6780479971769089,0.7167954718946843,0.7026328093116617,0.6890772636022154,0.6977599245778094,0.5371378918713328,0.429756787714064,0.17302031886067534,0.7127015427276191,0.12598605939936108,0.7375375236210282,0.4493987495756224,-0.7813542999200231,0.6171721349997964,0.745557168086334,0.6860159583195474,0.5417145476068282,0.007824720086256476,-0.3134287240847774,0.740616689878964,0.37243608511396104,0.6630525891912168,-0.058925917765818195,-0.720601836885156,-0.5004239389293688,-0.6961658069668275,-0.5945144905222379,-0.3927604245373387,0.16595844856038877,-0.17669532533116256,-0.32927415354508316,-0.4465038303257595,-0.6578243075175615,0.807541121365675,0.7614856863267045,0.7448700589404668,0.7616350882099664,0.8398576721628264,0.803368972214854,0.7911988050124893,0.4017356629930806,-0.20182568057724962,0.5606781925707777,0.6431302798751513,0.7609707769302112,0.738966679277288,0.6901571258368697,0.679329508655539,0.7881407448833498,0.6539540366618948,0.7683888254962554,0.828099753205964,0.7414965793742044,0.7629857717965928,0.8146089239091602,0.6356623559036982,0.603906874443732,0.1996511346025485,0.6806674719296105,0.7397207839914239,-0.7939023994141732,0.6508973333034139,0.6701442695735934,0.23687735927320688,0.2909100681156117,0.8286535028846951,0.8201594104778306,0.705901774657593,-0.20483629384721866,0.17506972549756386,0.37063788549553,0.7957121549756879,0.7192027024576031,0.4616313149955856,0.6654711490570178,-0.7033001453285601,0.6811953119733111,-0.7081344975797121,0.010593403421588024,0.16604670805248858,-0.33070160411508376,-0.4491372534842113
-0.030949728152483594,0.8323732653221173,0.7471657026237911,0.0,0.8655824894484648,0.7376115103836325,0.859326311145282,0.8214557147224636,0.7715833431503877,0.7067777613958153,0.15264340020912875,0.42806604000579773,0.4297406209125399,0.4484876466609473,0.5710958685660783,0.814849858219776,0.4942549232614526,0.6322238197939154,0.4882802397814608,0.6742713195345473,0.6058238860619488,0.6054195788461683,0.6004281618822676,0.44071787783842487,0.5368202621858464,0.11125190271473438,0.5378729477761421,-0.048263389687834626,0.6367213240912611,0.4687932143638485,-0.722581055883941,0.9118676550140695,0.7527211837897391,0.6399139671066887,0.4021815720926827,-0.012219336819098458,-0.19028434693132062,0.8604116793673608,0.6291540718930938,0.8748882525168568,0.11628210660350716,-0.5993246891624148,-0.367883183046697,-0.6424510766291374,-0.5559039250783614,-0.20331606153204043,0.281221787480167,-0.10772694663299508,-0.20201679010857712,-0.31972538909824344,-0.5544444774338653,0.7963596132508789,0.7369762454595152,0.8874857649026601,0.7882373554058512,0.7772029039626757,0.7687008922999395,0.7736376516939476,0.4789317360762507,-0.10682701089431289,0.506950363470195,0.5323913819880476,0.5855245078052794,0.5966488310526451,0.49117910959738453,0.556311109911307,0.8016356608432447,0.46650874703235035,0.6549940553240805,0.739406422287287,0.6242911279969307,0.6592028700431218,0.6740542969275825,0.5581708920771956,0.5015947790722166,0.1972873656993455,0.5717487936938271,0.5982775403570485,-0.7413845001970811,0.7623528999281759,0.5389219242971196,0.39228639958075,0.37270335312671776,0.7475368299969729,0.7604359755917902,0.7239820712374457,-0.07570447926819869,0.017488241872131542,0.24998938395536943,0.7177048259323039,0.8266622318272269,0.582312855831245,0.7843617170413962,-0.5369312612549233,0.7226097447467718,-0.6667123091287264,0.21254084146195173,0.2534348567247472,-0.20716174475843022,-0.32046076427708414
0.031962757054157916,0.8890689131839546,0.7535220819798969,0.8655824894484648,0.0,0.8380669553115728,0.8814798777124142,0.7846734208672754,0.7403683365455198,0.5783031171072986,-0.03138097768824056,0.27371000891479047,0.2919668859797105,0.3972966789750274,0.5049233876830951,0.815455643393338,0.3783502712065268,0.6884049512601437,0.41338013794297435,0.7681858156833196,0.5196379624421767,0.5209096433649318,0.6814202055574232,0.29025927447729294,0.3911882630978718,-0.08871927179914156,0.5341104060094616,-0.11570619645796275,0.5819113939995834,0.5961992629482722,-0.6865849732708459,0.8892819181264457,0.7927295177050059,0.7283633418394233,0.5498838944980429,0.21364902820278298,-0.010846315628804988,0.8247924284230983,0.7048805950953463,0.7913561580331868,0.29630554356766725,-0.6425383731457486,-0.2652912699591252,-0.5334019689982497,-0.4148679612955396,-0.06296563936834791,0.4654898103729907,0.09595010058999913,-0.006805142450893421,-0.14728686558060455,-0.4351856197485936,0.7844755489530735,0.6747616861860641,0.8853181128892943,0.8607814548616036,0.7969522813648868,0.7353318911886458,0.7241215480033456,0.310968982320967,-0.258438615988737,0.35797093895792875,0.4101394016097066,0.5168921713511856,0.547360622857478,0.4377528467181124,0.4806275680956937,0.7799804818741533,0.3756190587984585,0.5978127704499152,0.7642927133109305,0.5825158598378045,0.5809020717150448,0.6653593558711292,0.43251496630931147,0.36888892111813915,0.01728275002597774,0.46921212511249155,0.530970172123838,-0.6993334497727461,0.6714749510262696,0.4303391364593436,0.5633337968710912,0.5148289380940504,0.7144479278778041,0.7338499595882974,0.8104857304087061,0.11434467453116245,0.06769921398469773,0.4818042954639147,0.6767202401696483,0.771628198614447,0.42269178659487183,0.6775705678360002,-0.5685217790950527,0.6157229163204525,-0.5685935755364797,0.380940122649044,0.4591955925239647,-0.013791690264094205,-0.14638364148467553
0.075554429531546,0.8764963919874055,0.7952281990274901,0.7376115103836325,0.8380669553115728,0.0,0.6992941770904715,0.6209805889823719,0.6266804248619995,0.37209557377600483,-0.13801701760198054,0.146856196811201,0.18760436644122427,0.3219746907902569,0.36768921841950153,0.7192375196956616,0.26689049380455676,0.6885154506920188,0.32616022693887164,0.7073446816325559,0.3819975401675368,0.38327182105249324,0.6357881515265638,0.15718910443537185,0.21663327697873386,-0.18630502431946624,0.45951675733938396,-0.20014335649440318,0.4520000181028526,0.5593751645313619,-0.5559633796390961,0.60356417903015,0.6712271638119611,0.6805681491409404,0.6141172134410382,0.3715069241159409,0.06705921365537126,0.6115605074353171,0.5550380735872446,0.5170924891237088,0.320240787402598,-0.5683053378063492,-0.17102607608029513,-0.3756335657229736,-0.23879908574417336,-0.055331379272638405,0.4711090243948955,0.2018793824987097,0.11516042807893981,-0.043381044984551795,-0.2725853950853015,0.6538532593658795,0.5281146006086097,0.6880494276539941,0.7743606470937644,0.7280175475298428,0.6044596572942734,0.5765260769210829,0.12465496155319895,-0.2970658110012784,0.2285315824013784,0.29230554397467434,0.43421428910752685,0.44033559748383416,0.36126822626376254,0.34785909632448975,0.6326091199623665,0.2892150393336113,0.48158152397277115,0.6905897436631423,0.4652096148253353,0.45264482690538765,0.5909325589734248,0.2780397389810054,0.23619626633405066,-0.07743154439955224,0.33267974374526965,0.4249327367969862,-0.5695221520557808,0.4206916846532809,0.31214051889440264,0.5503714318559901,0.5348911087263604,0.6073154274042065,0.6137526954267913,0.7463560329001209,0.17914369927536605,0.049451662014815635,0.6372513714126287,0.5551659753952455,0.5403336569663475,0.17632080467268513,0.42342278437927244,-0.5045581727640069,0.4612706610493153,-0.4051486729977926,0.35077904907811686,0.5042952844141646,0.11199725843546045,-0.04284707650092079
-0.02246436686614435,0.8952272314577427,0.7258619163437168,0.859326311145282,0.8814798777124142,0.6992941770904715,0.0,0.7437976359099776,0.6915939774825892,0.5391566850911043,-0.08787988642966915,0.23415024985147387,0.27827363033412783,0.4090407261372841,0.5169248850403234,0.8068523454862173,0.3615092062375911,0.6788041378686731,0.41006046782510436,0.7704921129785898,0.5069892512688168,0.5993259069968969,0.7038522606540708,0.261097706666668,0.31887231332388216,-0.10924432439589794,0.5429855103852662,0.011069959811128434,0.5936923758405916,0.6427145298800313,-0.6727629351200264,0.8638156691145406,0.8244786937179137,0.7478790082775363,0.5838194716947734,0.23601143382174555,0.04371108848367943,0.8233363873775166,0.7416640406379531,0.8052657861649501,0.3254877114858721,-0.6316049544561443,-0.19462056685818213,-0.4993436324044162,-0.38567205942107763,0.018242124949870955,0.5057690997331055,0.1324531008374722,0.005214727205498109,-0.1101310870334931,-0.43039483514338145,0.7442230807711928,0.6269004547679231,0.8486846712323741,0.8347767880673184,0.7427108307967513,0.6972230405211307,0.6876701935375245,0.24859347913300106,-0.32406676883928753,0.30544906410936584,0.3771381646910749,0.5006265228492676,0.5435346228995784,0.42233208600784194,0.4818642606390579,0.7401324030818894,0.3689439563694263,0.5840041890993732,0.7438884352421766,0.5759187064458294,0.5749494314290914,0.6422023943625009,0.42481384479062145,0.3385088891318068,-0.04439359607063067,0.4755074208256086,0.5182346142141812,-0.6674278467754591,0.6629248096142271,0.412322303792789,0.5863436029375007,0.5461699082698225,0.7062785252016512,0.7142655776575231,0.8207773766842302,0.17291657047351303,0.2066457757530065,0.49538917478926914,0.669645816843712,0.7529060602851809,0.38562656056979694,0.6717136922782498,-0.5691681804373845,0.7046437922544295,-0.5322143894689083,0.43335827955015666,0.47959834041580296,0.0009623889513014484,-0.10494195061718631
-0.1399121596509214,0.793044590119744,0.7966210383622747,0.8214557147224636,0.7846734208672754,0.6209805889823719,0.7437976359099776,0.0,0.8699872579574657,0.7703251705647526,0.14667876309383573,0.5324484531767377,0.5771293499549147,0.6045681764375589,0.6971460436777396,0.8786145471231313,0.6337977927304138,0.7643214538057967,0.6432588897797885,0.744968761619714,0.7324973438336145,0.6871589794702191,0.6936129420130407,0.549498183303555,0.5510972656115478,0.17944381538328344,0.6801175899173606,0.0583557651922507,0.7598926024820533,0.48530724059534813,-0.8375784114982009,0.8677743832164616,0.8099341925040278,0.7081726236647661,0.47512723102006343,-0.04930926076784598,-0.29652331926138076,0.8907169124272372,0.5452418336531988,0.8519416591221898,0.007650468293309729,-0.7193583152997955,-0.5032412407082464,-0.7526982866721345,-0.6595590940087593,-0.3330484843048667,0.22346265737746188,-0.18449440157114438,-0.3145111035225546,-0.440431594147573,-0.6862730640460531,0.882711968390394,0.8321263230256862,0.9125497486354914,0.8426736577414717,0.8806595883319959,0.8632898289301801,0.8641179188811849,0.5146367183473923,-0.1514498600029449,0.604025741472681,0.6648872503432739,0.7372326585014605,0.7356477314626549,0.6447458588232455,0.6843858710118617,0.8728180543688956,0.6214540238723875,0.7839624250932574,0.8461280503532028,0.7526993914782129,0.7797248950258489,0.8075521829443111,0.6662917238855671,0.6202822059371981,0.2386978257735061,0.6952484914591833,0.7375360473077801,-0.8518578818319119,0.8093266995602342,0.6727412158478782,0.3293919144087471,0.32681862128281675,0.8568589885270144,0.8684103462562516,0.76766980424521,-0.174768590793466,0.08819813263240774,0.27827149204643065,0.8280100279166286,0.8734610184757043,0.6097001820335968,0.8181923371351832,-0.6728433491384236,0.743413831841624,-0.7749805418719548,0.11560899768112456,0.20530242818276573,-0.3233546039052556,-0.4424170490513312
-0.12145864927055983,0.7462910787212721,0.8154016136162388,0.7715833431503877,0.7403683365455198,0.6266804248619995,0.6915939774825892,0.8699872579574657,0.0,0.7826492966475083,0.23240171319813546,0.6020320409956865,0.6111817234332247,0.624212003806291,0.6857667680433718,0.850572860103092,0.6678862065437671,0.7875451156144622,0.6674285859422856,0.7260094831923241,0.748979063463476,0.5919793601697463,0.6548939587732333,0.6027967169538098,0.6121009711406393,0.24919569978255068,0.6916034637139907,-0.04349704517639639,0.7461851290228314,0.37588842907139347,-0.8323598823229602,0.808196673512207,0.7351575275499374,0.6466613833645191,0.43203208148424393,-0.08242945768009848,-0.38894867638877606,0.8199603012371066,0.3979933804481842,0.7550721168679894,-0.08964830327433555,-0.7118049740977066,-0.6132543844993058,-0.7794168422311316,-0.6841379421944087,-0.4796328218227834,0.12299941195368662,-0.2575019435479487,-0.3538878594188957,-0.5074424847583056,-0.6700189721968905,0.8936316616362195,0.8648299369085887,0.8801698034415192,0.8350906228678554,0.9277043950480496,0.8789107752751157,0.8741276692347225,0.5733928992277554,-0.05528654230919559,0.6757814519049296,0.7153993821070194,0.7738655170155982,0.7512259767434983,0.6907067097423362,0.692748903384741,0.8832656076686655,0.6543321776720602,0.7973206912265364,0.8557514875574734,0.7606745158131533,0.7870039283424783,0.8396710791221674,0.6860415869561463,0.6707405645520355,0.32974162068511104,0.7049216237573178,0.7648129183579351,-0.8666065536525125,0.7848558599293438,0.7152986792573274,0.23925578930959981,0.22528987558346372,0.8485227103545119,0.8744974305759857,0.7117134557355091,-0.27207321789961614,-0.04971569673094943,0.28590744004942825,0.8249666115214842,0.8435916413118821,0.6261678892464393,0.7856313174477028,-0.6648664036890348,0.6051474161457057,-0.794730132118184,-0.014573118422716025,0.14145841801272302,-0.3611373749983225,-0.5095273758867882
-0.14140211765555816,0.5568802187538763,0.6584156345463004,0.7067777613958153,0.5783031171072986,0.37209557377600483,0.5391566850911043,0.7703251705647526,0.7826492966475083,0.0,0.5887694316213652,0.7765701423087941,0.7107385679883902,0.5649413419264183,0.6577599106956361,0.6771944780186017,0.735695661136385,0.5042966122664194,0.6468662293758882,0.4388644791535203,0.7620587225731468,0.5815304045815404,0.37181676938374536,0.7744915237540734,0.8471591230643494,0.5994813826232116,0.5485988199253758,0.031118834649969358,0.689121634590307,0.039501066936572946,-0.7118471456249923,0.8206257040423035,0.527886820569788,0.3343942386312984,0.028155734576067404,-0.4757419220689645,-0.6226071933345423,0.7556479842662013,0.20986275745391847,0.8069912531875174,-0.36284438020613025,-0.4401869666228655,-0.6872354676427327,-0.8162282278485257,-0.8088780205103497,-0.6151573990081859,-0.2053061548581489,-0.5681459859191916,-0.5925391040428065,-0.6934995880468626,-0.6951130828410728,0.7660396239987274,0.8359590211186684,0.7677594732626137,0.5616182357573626,0.7450933121443213,0.7851852778880739,0.8098892001118604,0.8224982990318711,0.2984857201218133,0.823098686446893,0.7894854632297431,0.7373802202079339,0.6764230088849154,0.6391191465409568,0.6894319295742019,0.7880255703333782,0.6646911195216786,0.7308984980363119,0.6448505339643938,0.6870720660365387,0.7618360158573654,0.6873558760985773,0.7924742067439082,0.7795889934196311,0.6396650183821767,0.7485301251975844,0.7281645260866583,-0.7598645827097898,0.8808098671875416,0.7686190192285938,-0.08431999423116726,-0.10183555721011993,0.7242469938238381,0.7582511778016562,0.41413327639842795,-0.5334112511962642,-0.20476910544542423,-0.1703089934144958,0.7349707595632292,0.8392522718303348,0.8789878345057498,0.8823485953766056,-0.4209161239417825,0.6459243003209052,-0.8119740079975034,-0.27406294524748487,-0.22420179968475595,-0.5977674764564476,-0.693704874732385
0.1512765428314523,-0.110037335835763,0.0730956276332807,0.15264340020912875,-0.03138097768824056,-0.13801701760198054,-0.08787988642966915,0.14667876309383573,0.23240171319813546,0.5887694316213652,0.0,0.5406414531681373,0.34880902460451285,-0.034453660306967504,0.00419970639905682,-0.0715945541633775,0.2786170099941078,-0.250417058114745,0.08275025642932822,-0.3395711032365921,0.19408574268731998,-0.12753113086433143,-0.4122404275916587,0.47761036135141516,0.7398632426202385,0.7147323615551296,-0.15969594672717968,-0.32505075160450253,0.007347855604627197,-0.6334799134341369,0.02267311199082626,0.19585745670742033,-0.279638972243611,-0.44033497168210106,-0.6428894263729915,-0.6499868246156619,-0.6042752969427655,0.011090339225438542,-0.3876713222350801,0.12029608255291943,-0.5706610596869779,0.33758756449278876,-0.4175270642848091,-0.282746356311545,-0.37874154388745496,-0.6032161420964917,-0.6295259728539526,-0.6517775381081949,-0.4387705322317417,-0.5081775443219005,-0.11248367955727742,0.05606672733477424,0.2316767654354596,0.05493704228489744,-0.17153080251960942,0.08754448824424352,0.10506090086173571,0.15152371007309565,0.7024590328492548,0.8250117686045249,0.5576990249588117,0.3838182079819745,0.17334707082039247,0.022004756690767745,0.06564304192502517,0.08306031854920483,0.09170311408755356,0.15105310735828847,0.07800256926865781,-0.10501211528322436,0.021815631122773987,0.12498825072022056,-0.0017287769977511692,0.3168021636141702,0.39510548150407354,0.7894714962172812,0.18994190902441757,0.12517377709407426,-0.060859947536546805,0.2914965316205185,0.29038068168463765,-0.5378739073819574,-0.5585528100264973,0.003334921514039664,0.06321257751558837,-0.33747688290028377,-0.6174080507388687,-0.6903445008978275,-0.6287700283144209,0.026451356977524577,0.16420720174165654,0.5909036702471486,0.2808601948023048,0.34125285363123337,0.0047482160781513105,-0.23838210880209115,-0.599603009889987,-0.6041882141452336,-0.44730091587617526,-0.5118302673976637
-0.24879577721415758,0.2440849143316198,0.5064281097200364,0.42806604000579773,0.27371000891479047,0.146856196811201,0.23415024985147387,0.5324484531767377,0.6020320409956865,0.7765701423087941,0.5406414531681373,0.0,0.8577978195421745,0.615309811087268,0.6211431035666558,0.3519394559149237,0.8265705882580012,0.3199858196499831,0.7076257868878448,0.13442491292295874,0.7578187962556883,0.3780490799958013,0.10845865749707047,0.9100852939445288,0.8689175070975558,0.8768391714525191,0.48945575415201903,0.16853907432644383,0.607678112209366,-0.36278036448014767,-0.5537183020680909,0.44232468983558804,0.17827136696541468,-0.008045091307907575,-0.2877935255997467,-0.7816733374808018,-0.9047334950650714,0.43407856455049043,-0.3285028968196051,0.4450175596595788,-0.7777322641542714,-0.27436774498141053,-0.8907472919850526,-0.7995051017594589,-0.8607966170072685,-0.8996964115267458,-0.6385921673421623,-0.8588879567586732,-0.8506905274401928,-0.9054810837866923,-0.7114931543949684,0.549641695666482,0.7346330092519893,0.4266518636576831,0.21409096040708814,0.5415192742254467,0.6212569355830949,0.6485918175474745,0.9090382933189733,0.5331819346120892,0.9220113216514428,0.8750035617137838,0.7542212422697588,0.6404376300240946,0.7004725550638806,0.6911631214381563,0.5814005570766461,0.7540931311834531,0.6628338358391032,0.425166331246316,0.628004701846581,0.691046245684923,0.5814646131181493,0.8322120944697289,0.8793235131490124,0.8594285451365057,0.7605263311980763,0.7140294002516623,-0.6099306478260397,0.7406941218305624,0.828917242049258,-0.5554929096253649,-0.5665051237172073,0.5372848891513103,0.5858453826880432,0.013727947203444536,-0.864199777201565,-0.29145849609700025,-0.4901186072623189,0.589529620030506,0.6242558459627037,0.8934612406311585,0.7067981990552283,-0.30127541832342325,0.31171483567861336,-0.7707688344960848,-0.7084045580185803,-0.6346537068036638,-0.8580618414603663,-0.9070049595558695
-0.47850643317808345,0.2891713801640007,0.5824524973105046,0.4297406209125399,0.2919668859797105,0.18760436644122427,0.27827363033412783,0.5771293499549147,0.6111817234332247,0.7107385679883902,0.34880902460451285,0.8577978195421745,0.0,0.6270822169096903,0.6150378825248912,0.3318468820508865,0.696815140848482,0.39369944687958597,0.669551329420995,0.20671536834460927,0.6472741434888608,0.4548297815709657,0.24952300977136266,0.6868356351603234,0.4742435001266456,0.5798969571725123,0.48925179976598054,0.40127144711538276,0.5845496374507633,-0.09319813862548341,-0.5213277995890109,0.2397343337702647,0.29092950405324963,0.1647226150712613,-0.029208839055692614,-0.5023714380571334,-0.6145782635831256,0.3829679966495995,-0.18623903611393763,0.34313865963648377,-0.5424637191847183,-0.3766588645001749,-0.6473494124700743,-0.6272446920826945,-0.6631470767468707,-0.606785524889009,-0.4034410591934255,-0.579102946976384,-0.6689229897971027,-0.6672858018872311,-0.6823175288553588,0.44792083930572607,0.5510899053749473,0.3173488793351354,0.21525641990535568,0.4240550258982021,0.5215271822534612,0.5302077075238188,0.5279644784810067,0.14421080620129662,0.6405295044224574,0.691706091896776,0.6761466033455622,0.607038072760643,0.6449612620008076,0.6354503840004688,0.4549321825191354,0.689259789200064,0.5964644735967786,0.41777319770257043,0.5814272132355763,0.6010707084491783,0.5283233205787468,0.6729324464869274,0.6795806640603242,0.48595745984486444,0.6633123225347322,0.6308483355895522,-0.5271443376570257,0.5353281606665138,0.6793517076827787,-0.3644019040942698,-0.329626364161777,0.5054932632102368,0.5022553614968739,0.10782106802498162,-0.5747121864419759,0.10666695263994734,-0.2604624915076017,0.5323674891036412,0.4653711770866193,0.5537062662244346,0.5002353278347833,-0.41993360079743614,0.36171134064542515,-0.6152331975265094,-0.4774936105821573,-0.4275468440405813,-0.6721039898916719,-0.6709958064543513
-0.5695501028188833,0.4367195557943355,0.6544176927320559,0.4484876466609473,0.3972966789750274,0.3219746907902569,0.4090407261372841,0.6045681764375589,0.624212003806291,0.5649413419264183,-0.034453660306967504,0.615309811087268,0.6270822169096903,0.0,0.8437558855951474,0.49109231456616503,0.7496797379052236,0.7055009096072401,0.8486721331875984,0.598877037377472,0.7674843236450809,0.6935948292851895,0.6622298874430903,0.6176066771446924,0.1887231869753211,0.2955187472849186,0.8623401406939724,0.7811593713829792,0.8104585725462472,0.30837751311666595,-0.7259162262793001,0.3161369426222399,0.593992097504228,0.5192246432590568,0.40836566715535916,-0.22577209939578466,-0.40705407738430877,0.5312385067881592,0.01152465748055338,0.42010959993790464,-0.31621393243460927,-0.7530948023411362,-0.6370134386158679,-0.6606266906845625,-0.6491159174147549,-0.37705321604581726,-0.05325311533030751,-0.30133122544930313,-0.5764345863627948,-0.5343952198460136,-0.7877995625913069,0.6119490012156802,0.6403811642237814,0.4387693276147917,0.4562824661322778,0.5558732910764538,0.6505946277235383,0.6291185358318975,0.2960008832571524,-0.3456357282128957,0.49319300967727864,0.6722534002498394,0.7846814090898494,0.817732788949907,0.8541947875516914,0.8284409169565138,0.6191964326366685,0.8238222757567181,0.7615900025027414,0.6537038117683981,0.8128400294641501,0.7417065871152367,0.7484802169673858,0.7333912401308396,0.6627935580706878,0.1286872128530369,0.7870679666383504,0.783875208050693,-0.6764171238299324,0.6291687097419598,0.7389068394033581,-0.0861870251529372,-0.1109240977691291,0.6690766640804154,0.6684448435401729,0.39451817297101704,-0.33072411954649295,0.6090470755181655,0.14079123822806933,0.7361366861394297,0.612134058748507,0.44297585980332155,0.5817615738577648,-0.8129840936126776,0.3950073334676923,-0.676800690995451,-0.16432819004972438,-0.09841542115787656,-0.5735317541032361,-0.5300273595787235
-0.49763631793708324,0.5336014603754015,0.6817994693405712,0.5710958685660783,0.5049233876830951,0.36768921841950153,0.5169248850403234,0.6971460436777396,0.6857667680433718,0.6577599106956361,0.00419970639905682,0.6211431035666558,0.6150378825248912,0.8437558855951474,0.0,0.6402365865171384,0.7889210231101306,0.7500275681817226,0.874856706105969,0.6817617745553848,0.8260087221878195,0.8058587563233036,0.7284155208239768,0.6523866584795377,0.3002987031973582,0.2979409662376053,0.8794413478161428,0.7263085419660937,0.8789075408859951,0.39223342218394214,-0.8118745092775076,0.5365874069408196,0.7324435852401977,0.6187419539999278,0.4401734816041691,-0.23295848063999286,-0.3940119495060586,0.7110872929284081,0.20909698236048088,0.6403191229220109,-0.24165118961302753,-0.7924009999412549,-0.6190694179558782,-0.7389198630016715,-0.714324330488086,-0.34615889833485086,0.031244996560137794,-0.29826124635372037,-0.5713267520886831,-0.5454496698466387,-0.8417910902028081,0.7223752059740758,0.7333016522322235,0.6081222280495513,0.5767598786774997,0.6528809992162896,0.7546962473210329,0.736359558475301,0.3776550711037756,-0.33732198763435733,0.550080588074193,0.7155302615828087,0.8271508361523368,0.8701889463591619,0.8611575478492566,0.8661021028509285,0.7362212921746465,0.8438272537425582,0.8314478668529053,0.7435035636035688,0.865033405982825,0.8207633382154707,0.8119866586580069,0.7913813522261333,0.7032636892066596,0.1556793012743697,0.8421569874912835,0.830580392700186,-0.7714188660449374,0.7673600642923503,0.7779460667352629,0.02156423335746392,0.00815436183634289,0.771837594491726,0.7690233632356727,0.5253037011920028,-0.29936532020932527,0.5849370459374104,0.14655709406848466,0.8242370787618648,0.7514759436848067,0.55167610940792,0.7352091023109423,-0.8335572875711864,0.604373156711062,-0.7573340583883135,-0.07265138473576845,-0.029736882871511116,-0.5679394280047619,-0.5373741105268338
-0.08055868672549694,0.865344346316973,0.8292903203105093,0.814849858219776,0.815455643393338,0.7192375196956616,0.8068523454862173,0.8786145471231313,0.850572860103092,0.6771944780186017,-0.0715945541633775,0.3519394559149237,0.3318468820508865,0.49109231456616503,0.6402365865171384,0.0,0.40668931688233967,0.6876691393892072,0.4364793962899305,0.6676305346009059,0.4972280080574171,0.704212110181301,0.658558901351225,0.301818987497254,0.29679907428587304,-0.034689072745378184,0.537595166148703,0.025020764219540477,0.5738765106154124,0.5942960730605951,-0.6432518537683898,0.6684408955873621,0.7546128257190231,0.7109429211585895,0.5958409341939136,0.19920066128166045,-0.040933252032761686,0.7576332556897604,0.6425118283925876,0.7457094381839227,0.23276430291306466,-0.5794350376797213,-0.1684493504639323,-0.49699510407004754,-0.3791224511329612,-0.07787114222790448,0.38515403984291086,0.05901470423433673,-0.07719438689751494,-0.1843356214653011,-0.4750935539427305,0.7048861993562651,0.5911726139049202,0.7462474588485704,0.7462857574530355,0.7351629920355,0.6729771765949356,0.6698464398896042,0.22252284381969764,-0.26729663708408097,0.3396381272943719,0.3961464957568045,0.5439722459692254,0.5399258118464829,0.420601982195768,0.4702684756211577,0.672642369054507,0.40423465166090594,0.5870760920087976,0.7192270156734328,0.5513994641622311,0.5976986643478228,0.6348904352248915,0.4261875618358707,0.35964427912639524,0.01492658546407789,0.47837211893445575,0.5412737857692594,-0.6403145577776406,0.5353661049203513,0.4373423692379666,0.47301749325104653,0.5528034599467656,0.7285336359631299,0.6965953601034229,0.7670384539876277,0.06540434078131482,0.206606308943626,0.44680699349252645,0.6588399458633983,0.6412920042445022,0.31931708511398493,0.5870835705367673,-0.5299682853122224,0.8024011496701963,-0.5230016967039929,0.30058368896624843,0.3696914315429279,-0.07995428228738952,-0.18888689437072625
-0.4350375012399825,0.389647332641779,0.6420555868042043,0.4942549232614526,0.3783502712065268,0.26689049380455676,0.3615092062375911,0.6337977927304138,0.6678862065437671,0.735695661136385,0.2786170099941078,0.8265705882580012,0.696815140848482,0.7496797379052236,0.7889210231101306,0.40668931688233967,0.0,0.6292968997287266,0.9105069935584692,0.42937611747443843,0.8942481263484587,0.7304481427745181,0.47529692154185005,0.8896776635376916,0.6013403590225241,0.6741337422280378,0.789170324534813,0.5594891028980262,0.8440507533316928,0.029133133348515076,-0.7782951824914668,0.4436230128970252,0.4995552849644295,0.34824903208105046,0.12965641481260842,-0.5709794775839911,-0.7543547597748453,0.6101081079234124,-0.10895192761901691,0.573607950785985,-0.6115576435924688,-0.6154112702523837,-0.8350162464070157,-0.8720980421797182,-0.8887899626090154,-0.7307940634729244,-0.37918614361928016,-0.6782787236830087,-0.8443754082469355,-0.8488418337312866,-0.9187490002749679,0.6995521736504056,0.8050433650777201,0.5283715584810543,0.41319188809901375,0.6572305298270719,0.7611263537020517,0.772392483024645,0.6860253229628358,0.08324147445450775,0.8313637565461417,0.9080937216285973,0.9120763626649726,0.8626133202575613,0.8948234200370103,0.8938787960564148,0.7062340349467676,0.9245396823433377,0.8532176269125626,0.6551977206135026,0.843011900654841,0.8692548661015963,0.7850307681228014,0.919061291881414,0.9025747291074419,0.5599097703817549,0.916123168977172,0.8903485873146738,-0.7773064406383434,0.7863527476683176,0.9230748679331453,-0.34386355977406113,-0.30623900665276177,0.7556619733438326,0.7561424101461467,0.29000709856380685,-0.6880262604779589,0.21637414040332498,-0.19962255178496946,0.7991922537049626,0.7182238591733913,0.7557230958541726,0.7663903309745199,-0.6639043606181109,0.5659590661589933,-0.8633761119466973,-0.4989576720320954,-0.4210310873145345,-0.8410878127436938,-0.8487898996546331
-0.2859823015102467,0.753550792198322,0.8208729213278875,0.6322238197939154,0.6884049512601437,0.6885154506920188,0.6788041378686731,0.7643214538057967,0.7875451156144622,0.5042966122664194,-0.250417058114745,0.3199858196499831,0.39369944687958597,0.7055009096072401,0.7500275681817226,0.6876691393892072,0.6292968997287266,0.0,0.6230795972992714,0.8223909100389759,0.5937004668572273,0.6755361180026361,0.8370753521241998,0.308329730997942,0.0827965838723306,-0.12356303867870874,0.7666036798136714,0.29221591205350256,0.6985921589777075,0.673973612664528,-0.7437459795794232,0.4917259251527423,0.78769737375999,0.8155956398119449,0.7781667683501301,0.27794691852087045,-0.04395812334722038,0.6717715812202495,0.4655038021013456,0.5295486894165155,0.1692112198581259,-0.819307808655784,-0.3235153815546152,-0.5240719055715399,-0.4001316416827177,-0.12185808549374587,0.4123501091749247,0.11110567876815604,-0.12285781087308743,-0.20417935535665632,-0.5679753195016679,0.739260928122705,0.621517254208792,0.6673985739365732,0.79209332643569,0.7716585416340562,0.7115561717625073,0.6775946607519496,0.07993889816497518,-0.5351050037448715,0.2978388175559913,0.4548264039842302,0.655718069047333,0.6998894265935441,0.6385856639621929,0.6111456153478086,0.7003250366836565,0.5697622692607782,0.6911836941424061,0.8167741539171708,0.7016991620964562,0.6596443572240831,0.774993342531252,0.472621197953525,0.4062408034666423,-0.14172492915416607,0.5669622675661136,0.658928139916062,-0.7166359980603136,0.4984083515173697,0.5205244874720294,0.43784942037171853,0.4630206401253064,0.7642580747100147,0.7481875837717232,0.786577486027253,0.06404658425427336,0.4635194918573137,0.6248366937948541,0.7381015861763728,0.6089015423515863,0.18581916549706662,0.4946046316612118,-0.8064512623958184,0.5461249419650023,-0.5586538632416752,0.26112637021323454,0.4125516559886401,-0.12412475896323956,-0.2047840732982459
-0.520416954599726,0.4446317153549079,0.6780479971769089,0.4882802397814608,0.41338013794297435,0.32616022693887164,0.41006046782510436,0.6432588897797885,0.6674285859422856,0.6468662293758882,0.08275025642932822,0.7076257868878448,0.669551329420995,0.8486721331875984,0.874856706105969,0.4364793962899305,0.9105069935584692,0.6230795972992714,0.0,0.5697838272517045,0.833334531542248,0.7491505204346456,0.6308982894517947,0.7259595617650442,0.33601866864103747,0.42291435268983035,0.8666156821512918,0.7055452020636797,0.8471587933531136,0.24662324613079908,-0.7729074478538916,0.3750224882842651,0.5848764112828665,0.49355103664347805,0.3518352330108247,-0.3300360338114095,-0.5339652607186972,0.5837416827623221,-0.006528393879897683,0.49739439456968126,-0.410847923199427,-0.7371454063756704,-0.7134354603238187,-0.758416865205441,-0.7472743118404641,-0.5088430947542367,-0.15231634544575848,-0.43142690439769193,-0.6771768905357224,-0.6559787980934462,-0.8591993968263721,0.6735170650988546,0.7230050534060376,0.4973265856472638,0.4716467402387745,0.6228476852289008,0.718259666745037,0.7089067839841695,0.43868090927535425,-0.21318848066772159,0.6281731047526748,0.774651029942951,0.8579455965267937,0.857847027161263,0.8919771371247355,0.8763485488712837,0.6759452367487919,0.8761682665691707,0.8208756274698931,0.6906768514757842,0.8483323806589873,0.8177938444486539,0.7927859338372457,0.8188356864247508,0.7623198913432502,0.2780162238326734,0.8543718561239505,0.849704576034269,-0.7416768123738562,0.6967458027491747,0.8227455947767742,-0.15767950181894708,-0.14455623397461928,0.7382842788302656,0.7313588827095968,0.3944648187119971,-0.45703964293303717,0.4880677460201984,0.044918868065610094,0.7875377037695148,0.6740088805189629,0.5593999746378985,0.6647371364582874,-0.7901046296348626,0.4929708779862088,-0.7647930051003219,-0.2759351085386683,-0.19649784174950202,-0.6747134900996292,-0.655285822875612
-0.16339932890182043,0.8074603046624287,0.7167954718946843,0.6742713195345473,0.7681858156833196,0.7073446816325559,0.7704921129785898,0.744968761619714,0.7260094831923241,0.4388644791535203,-0.3395711032365921,0.13442491292295874,0.20671536834460927,0.598877037377472,0.6817617745553848,0.6676305346009059,0.42937611747443843,0.8223909100389759,0.5697838272517045,0.0,0.49315403414176623,0.5486878743319105,0.8437026230469281,0.1633599409353768,0.03193504744715844,-0.2889993549029724,0.6966255781695555,0.23601163860271593,0.625232283196599,0.7531141535185712,-0.679800736614457,0.6575546364427515,0.8301108153446631,0.8276747842400318,0.764935522164642,0.40264495181471777,0.15094797531948714,0.696095797212086,0.6287176416379991,0.5830225806914276,0.37287850522746935,-0.797232811060552,-0.21186522419974052,-0.41954777160650086,-0.29136861667804503,0.10047552373902387,0.60163095465574,0.28537458335854554,0.06631812003919359,-0.013929704679821686,-0.4209609776575493,0.7052073520170931,0.5643982669301125,0.7210898777572041,0.8389058399299022,0.7089420391230055,0.6587228603378065,0.6135248907656407,0.014288025584040357,-0.610053187815112,0.15029797446850715,0.29866404744017455,0.5062357595168279,0.6025303777926427,0.530624776043299,0.5272739277944122,0.7006378833082282,0.4178536974431866,0.590624730421882,0.7713081229664267,0.6285654881167329,0.5471640391841535,0.6912770850290044,0.37020505123439285,0.2706355518105652,-0.2829512428801001,0.464197614794131,0.5350759920598059,-0.6469170866664522,0.5381578801018969,0.38057927163885724,0.6200360218626039,0.5386774677757756,0.6665713058804231,0.6776858142471909,0.8212100749748144,0.2777156614627879,0.47931838074288363,0.7206980193193042,0.670427095398304,0.6570965797944409,0.17980355468842388,0.5180948196512977,-0.7549536802366686,0.4527238292292957,-0.46737430629790655,0.4990191377718136,0.5859821993601677,0.061392210164539295,-0.005079925363821374
