0,1,2,3,4,5,6,7,8,9,10,11,12,13,14,15,16,17,18,19,20,21,22,23,24,25,26,27,28,29,30,31,32,33,34,35,36,37,38,39,40,41,42,43,44,45,46,47,48,49,50,51,52,53,54,55,56,57,58,59,60,61,62,63,64,65,66,67,68,69,70,71,72,73,74,75,76,77,78,79,80,81,82,83,84,85,86,87,88,89,90,91,92,93,94,95,96,97,98,99
0.0,0.7167805590965606,0.6085355268298792,0.6905141940359052,0.6987748805757672,0.5441609130942865,0.6634772335021364,0.699656702402965,0.5555321266916804,0.3799021840697384,0.3932476305556759,0.35571831047319,-0.13964940071588605,-0.19761973070157035,-0.3927699540397927,0.7463660425235857,-0.32816335435369964,-0.10253184068051363,-0.3054562854907071,-0.26997833705788915,-0.3294527790343342,-0.2604856073320636,-0.35222003981005046,0.47522177242593666,0.3767547353464364,0.315895185376498,-0.3737844359554654,-0.37027451477486595,-0.3384885958843197,-0.4627259047240931,-0.016442970438457848,0.6205677215800071,0.6270869078534907,-0.4075268454891562,-0.5279840998586619,0.1283504485956687,-0.34878623300304556,0.5827721246229756,0.3627422705538087,0.5828554634673716,0.6398838118926283,0.36592352588533,0.432566806866916,0.5194130365921995,-0.5124859844058226,-0.1526848520955444,-0.4086727258161443,-0.258425721983099,0.41162649200606954,0.4210426880988872,0.39855963262910205,0.6681297079968764,0.49506821969408105,0.32419352101646265,0.5431253320719891,0.6263359515028408,0.7042659140221684,0.7220072671254059,0.15149892113586338,0.4089721268954491,0.06992177371097766,-0.3367543438578854,-0.33042737227503166,-0.35398684446162465,-0.3480406676816465,-0.36628761819573785,0.3602295164765605,-0.3286396029059587,-0.3311943434204222,-0.3083055197358487,-0.1884630947326743,-0.5035927008863684,-0.43460565038914634,-0.19185309742014403,-0.0440030497020703,0.25495979532989405,-0.2914259242508171,-0.3978646262805712,-0.2682170817070849,0.483674593794456,-0.405070516395961,-0.40381265573805153,-0.5866303137996668,-0.5255771222651686,-0.42804090910019216,-0.4387020911552087,-0.4289830763337323,-0.39106855556194303,-0.40212221838689804,-0.13332733977441583,-0.2895307371905539,-0.3608213573022087,-0.5592650593435833,-0.013267979490800611,-0.5711613231193832,0.2778909272727374,-0.24597140153918248,-0.43069994112783955,-0.0094715416748435,-0.09222012525067304
0.7167805590965606,0.0,0.4362911647700036,0.8143451704184356,0.6753611995562178,0.32811828669726634,0.49523137119781124,0.5511145839521352,0.3389496647913298,0.11793008457340581,0.18145782688483952,0.12392729552651718,0.13882991487365043,0.022113208105597342,-0.12558695825154662,0.5946871878095393,-0.07774006916865724,0.05240474426226388,-0.12295976074160353,-0.034678094369032436,-0.08877396401336199,-0.07966424869543937,-0.12625450795229434,0.21528887792807944,0.1366824946948316,0.08592407617748987,-0.05923063454608225,-0.09762147512424989,-0.09417468262865684,-0.2057800664593687,-0.030192703062194168,0.4696426947134841,0.6089423459078858,-0.2641780703804642,-0.31483726696574293,-0.11102458442890309,-0.11191177333996248,0.5502790397210285,0.09351979560619614,0.34053974123870906,0.5514873865440298,0.21060616655868974,0.2972913502361567,0.6269161390013831,-0.26264548473035976,0.21160037428002257,-0.16053604088976386,0.0077250253327555835,0.13176619205879808,0.5909905568763888,0.14840068392111944,0.5604370042240141,0.6382924250843024,0.6616235121189167,0.3792538551458111,0.45061052548154373,0.7570778122220626,0.7071784642071313,0.1805440668396327,0.29134291936045,0.11111019588619246,-0.044177594844764835,-0.06109035110062683,-0.09451107103426779,-0.0778576071195183,-0.0992800454918961,0.5478317960612391,-0.086190159804476,-0.11466221056699502,-0.11518190926006798,0.07078108971508197,-0.26460106734376504,-0.2057158428605933,-0.2680509875282399,0.12829927689826476,0.08507772062139936,-0.05174632930352581,-0.15062357296432177,-0.11968986040023714,0.379924430332471,-0.20735391959076013,-0.21372213125674908,-0.32823145919329433,-0.3103895566239212,-0.13158164622962937,-0.1799946217273966,-0.2151024414274916,-0.13131763878502722,-0.2572355481811252,0.1837606218217255,-0.11486040101653955,-0.10980612681827326,-0.429064493847338,0.04931854079077139,-0.23322002119407942,0.5470384119221374,0.11850422038073576,-0.17737628770757372,-0.27875907450077597,0.13119758145108423
0.6085355268298792,0.4362911647700036,0.0,0.6555181780901037,0.8737711455360201,0.8237589439448394,0.8287920896087614,0.8825798756510153,0.8381487618928628,0.6933616517875961,0.7310924355731349,0.7072767710977932,-0.271856640231039,-0.5470799209587325,-0.6880949545197241,0.8534136861035087,-0.6070796607007936,-0.3226428096549972,-0.6096689995863093,-0.5719613547124424,-0.6292678208760402,-0.5079656096350872,-0.6564281259012902,0.7679630230559151,0.6704818630352638,0.670126890819308,-0.6612524725989755,-0.6677093467381147,-0.649650276108502,-0.7300843237881507,-0.3044371994590819,0.6653532142325321,0.28922227979621873,-0.6413447367062101,-0.7565485455765414,0.4872465673402788,-0.6481226261997606,0.5525637484207814,0.6659040592127613,0.7825933595629787,0.7829922111402369,0.6011234738077106,0.5650030789563064,0.46797521875463444,-0.5638631649198533,-0.49228778536565754,-0.6908143775311368,-0.6167518003254702,0.717972070794885,0.27634412226819427,0.25419022224325466,0.8687834553879,0.322061581836623,0.14043032288481064,0.8578820208959491,0.8839107565607829,0.7676139940789874,0.8016724980702604,0.5292149776077548,0.7331764587708754,0.46105699601427413,-0.619107277511467,-0.6133844880211194,-0.6519047390021594,-0.6461578591005187,-0.6608392645419726,0.17682801982427732,-0.6182673710580169,-0.5988383881183125,-0.5648632424979471,-0.4986869489820243,-0.7344639323422372,-0.6844195426436231,0.02222269499709538,-0.32513079251680044,0.6459714869352522,-0.5919889755914862,-0.6711422104132975,-0.5880632565998664,0.2084367307940108,-0.6391687457573433,-0.6574789167441137,-0.7947031993564434,-0.7429099184218374,-0.6754017579143422,-0.6908172695421784,-0.6927524465937568,-0.6747981763023444,-0.6015385042512148,-0.38242627865212253,-0.6094913066305848,-0.44234764960496065,-0.6369277246439599,0.2274101684932741,-0.7241851570689217,0.083757537044638,-0.554786765900587,-0.7019300550909182,0.3463665351972734,-0.3143746334922265
0.6905141940359052,0.8143451704184356,0.6555181780901037,0.0,0.6934859346143546,0.28344188280510607,0.4487271202096332,0.553478358395255,0.29732524749153316,0.01185764689445658,0.09613803949745107,0.029387876578280455,0.28174522603479396,0.1609721626684155,-0.0261412896924468,0.5874970149464039,0.06485583922457405,0.22440268294163002,0.019977563845327808,0.09715528740616418,0.034122088058271605,0.1008066437080784,-0.0036417954058933603,0.1811025584504277,-0.0032643184309647795,-0.01346616179519898,0.03968614232789265,0.021376780054814127,0.006251874313961946,-0.11093371545712863,-0.002590382689001216,0.4014176018191783,0.720397418743099,-0.1350790557206643,-0.2164330039566976,-0.11433601290879601,-0.01480454446053954,0.4975260796554785,-0.013659208112075568,0.2718008183409291,0.5239850472694512,0.08848646251171141,0.2204668097396985,0.6256979450708492,-0.28788514777735424,0.30014986864319604,-0.05425471116984217,0.11676430896688895,0.05179025012462352,0.6413083111781244,0.1043403460409654,0.5526122220044015,0.7841589929861346,0.7838476519357942,0.36179747768556525,0.4527244261527136,0.8267481697241021,0.7876614464207788,0.20605249966273245,0.2679953492075205,0.16246394161372354,0.0818157628997669,0.06386969430362151,0.026690528209265624,0.03381155164419718,0.010460951086220392,0.6623397272528404,0.03467597405493187,0.014906842753853556,0.02072200202519617,0.20741409894267618,-0.16759870903896015,-0.0972284202395384,-0.2401927807308659,0.3040819858916077,0.028893175074118656,0.07491024541677624,-0.04036670775002817,-0.07529642352822159,0.39567319407166485,-0.09368257589690147,-0.10117412367265059,-0.2624147757673012,-0.2175443438082428,-0.03330759935133669,-0.07777587126496402,-0.12448078463705425,-0.006962276704148135,-0.1398037534166764,0.30433690064163793,0.023027536471722062,-0.2383952707506387,-0.34129485017068556,-0.10139684035169341,-0.14212742257062866,0.6066718996104302,0.2062474665605516,-0.07812458748662361,-0.31049148551390043,0.25018483612111464
0.6987748805757672,0.6753611995562178,0.8737711455360201,0.6934859346143546,0.0,0.5460619460432341,0.6539155013710223,0.7473963421275235,0.5687810430110812,0.32249320000443066,0.41043712822659884,0.35765375346338524,0.12345464339249201,-0.15091450121585057,-0.3187534431927356,0.7383261461148224,-0.19183825609819305,0.038152644152439255,-0.22425065674570901,-0.17698145300152962,-0.2485019063051688,-0.09098352192789615,-0.2810248062108305,0.5071108451485412,0.2893774399736002,0.31906350798436306,-0.2535678904887682,-0.2713767027671018,-0.27628229708618884,-0.3794204981979937,-0.2262851645926768,0.47101983125173313,0.5031618774652707,-0.3338185079837715,-0.44875303508530284,0.22781891511537664,-0.28831579245569566,0.4652636989763855,0.29767609496799574,0.5371278746559706,0.6827441252585503,0.28893866865535045,0.33449522605722065,0.5733721838121505,-0.45705626081694095,-0.04846732695086942,-0.32509220311112647,-0.19948972273267515,0.3698434776292985,0.5222622318987972,0.06208334838429652,0.7140954166938193,0.6241673545061277,0.5402095789116161,0.6233790238085409,0.6871306850310394,0.8565439118748819,0.8465935367850255,0.4519571653929771,0.5402430574818837,0.4056468669492469,-0.21784777528078272,-0.22149250741666848,-0.2693948649286109,-0.256030664285107,-0.2828685910056621,0.4973157234457642,-0.24523371311804354,-0.24016589715912762,-0.22596403086030778,-0.09058614345889458,-0.42058977773513645,-0.34673340637928324,-0.07226008120326359,0.07868124920068832,0.36060334159592156,-0.20945575227092655,-0.30621282938045713,-0.3668731843222908,0.2054413451123489,-0.32560325784274485,-0.3494857327318278,-0.5202756921398338,-0.4436319088684419,-0.30586853893344895,-0.33799830713115775,-0.37522029665453915,-0.2985695277815906,-0.31794492407207153,0.02942948898993843,-0.26480635174294603,-0.4294627082190456,-0.4578339267943777,-0.022205338590157074,-0.38376154081081026,0.38311746869939345,-0.12687486246782023,-0.3480171177622985,0.013434227017095129,0.011843043882689907
0.5441609130942865,0.32811828669726634,0.8237589439448394,0.28344188280510607,0.5460619460432341,0.0,0.7455035957508064,0.8445169522940611,0.8465037365921705,0.727617731853967,0.713855665431546,0.7180054181441455,-0.25550918511466425,-0.5332427197184261,-0.7342842591186486,0.78454554925244,-0.6059079234379364,-0.2909479687255671,-0.5886608683185203,-0.6332830427421435,-0.658018757582557,-0.37501907410201746,-0.6553577402373535,0.7667472616378697,0.674887264438855,0.6661645044197937,-0.7368565709268018,-0.703901516062744,-0.7137975181246334,-0.7529792955363743,-0.10253977841261402,0.6094113553816093,0.2450158217647399,-0.5655472616596873,-0.7164929535735257,0.5730092246447386,-0.7465241966714729,0.4587562960590742,0.6768395972550661,0.7060413722279713,0.6395208430527541,0.6237364537546939,0.6098702441476644,0.28431106169928605,-0.39228249523197056,-0.6228588868915061,-0.6911050270571155,-0.6476339927274947,0.7798232680206056,0.029602875976228352,0.4165645001189701,0.8541201652121174,0.25122737166759884,-0.07846643528270066,0.8992786929659344,0.89427699418343,0.6963939405236066,0.7310080584187366,0.4714858767902928,0.6613094685178579,0.40605817815768425,-0.6722383727821848,-0.652674730775682,-0.6805600785130941,-0.7044748613697017,-0.7151406992641872,-0.0979566972391289,-0.6545755826781238,-0.5995992483167705,-0.549043957317761,-0.5755629159035688,-0.7291218910059548,-0.6946649413167618,-0.013564804461298988,-0.39152664031353807,0.6204292076815321,-0.6586536276709534,-0.7032446038422591,-0.4637504130229995,0.2060792197611065,-0.6571423669025642,-0.655098690982699,-0.7607507460694908,-0.7231675486242319,-0.7481989812506239,-0.7271830614427113,-0.7392990542544536,-0.7006795891871923,-0.6025871554883686,-0.5741714423741529,-0.5952547788148891,-0.5645340238538002,-0.6223045888640248,0.26175278618626674,-0.7509840830237895,-0.09025164841849001,-0.7062528655325137,-0.7388904527054359,0.47774227315129464,-0.4750751846126625
0.6634772335021364,0.49523137119781124,0.8287920896087614,0.4487271202096332,0.6539155013710223,0.7455035957508064,0.0,0.8289744597798564,0.7467109368480992,0.6096651506456083,0.6808703049690326,0.6351721070337205,-0.10006404160087119,-0.4919022901210246,-0.5964848280369206,0.8675413907528091,-0.4975325837007984,-0.3498575065109937,-0.5301246574887354,-0.46835157463082294,-0.5547971995278872,-0.4588997894094071,-0.5912500152236487,0.7417376589012908,0.6000994411225968,0.5969995969640112,-0.5130420680407214,-0.549272581805083,-0.5473982252492011,-0.6517621750510332,-0.35888839579130694,0.68141999694654,0.35459855566579884,-0.6433741094362014,-0.7177784267346958,0.3516752789373316,-0.4975995647138861,0.6108605326465468,0.6137480962135159,0.824579906827467,0.8986419635932482,0.5620511716731184,0.5530071984851433,0.7038393929415938,-0.5730772100308873,-0.28628698469477015,-0.6208799535993377,-0.4839570654278121,0.6432543932293424,0.6012276560532609,0.07766659899589849,0.7810325620204258,0.3088089371870789,0.278220259567999,0.7149161838397431,0.7553146621482181,0.7313853519199187,0.7638632829132224,0.578016410981321,0.7440885398480974,0.44829952798215356,-0.5094211693256654,-0.544005075208493,-0.5683472858663843,-0.5344793396307145,-0.5624138462814191,0.37142485396664493,-0.5498746680294054,-0.5745480289749351,-0.5679863320224533,-0.4055246832974217,-0.6992347929832992,-0.643921666259697,-0.08570878997158128,-0.23135438886338983,0.5813060069570877,-0.4901329693444932,-0.5951152348373567,-0.6138045946140864,0.23915960361714156,-0.6139621448620531,-0.6512826595066834,-0.7905378560281042,-0.7138246753408839,-0.5741946298444512,-0.6196487692887482,-0.6164892106892603,-0.579681804470455,-0.5773870407360367,-0.20960540176179096,-0.5984416045988865,-0.3574897653546742,-0.6772011417343383,0.10598203162386605,-0.6621741437277953,0.37706765458339475,-0.3664946769419879,-0.6247207670876808,0.13974269498781527,-0.11982800666825705
0.699656702402965,0.5511145839521352,0.8825798756510153,0.553478358395255,0.7473963421275235,0.8445169522940611,0.8289744597798564,0.0,0.7154367332187264,0.4745866602730756,0.5293227582245439,0.49424931342640366,-0.05967693622868283,-0.2613462411369405,-0.48291085951376916,0.8376393519305947,-0.34418696657287984,-0.01984911908613223,-0.34155699179286525,-0.32277791022716384,-0.3850940663250675,-0.16318167422464136,-0.40961429572833574,0.6496590984296606,0.4338651044767478,0.44259380014287464,-0.4552097550151124,-0.4387229410920702,-0.4269103274257607,-0.539732291790216,-0.17802542423616735,0.5584274328334122,0.5440077491650883,-0.4048298627178821,-0.5728052890821961,0.3740818371843655,-0.4546266421345721,0.48545677237098056,0.43598153397739603,0.6414035816711836,0.6993543531657985,0.3905014201234879,0.42669481542713505,0.4513718608312225,-0.5845557123768476,-0.27593808379351814,-0.4671053722757876,-0.3608811096180663,0.5362787544505604,0.34522412524676505,0.2789871754678975,0.8336994038630631,0.6059390913672066,0.3691036872550141,0.7762061007509647,0.8348660027492215,0.8823317426507998,0.9070255489082802,0.40374935092059777,0.5824640933968003,0.3769843781057311,-0.39073959951755727,-0.37403341120880773,-0.4136761319573837,-0.421420605989335,-0.444208629866569,0.3539130181639598,-0.37746450281210264,-0.3503671668381898,-0.31351792466925366,-0.2287616828505333,-0.5531483145622834,-0.4787245672051857,-0.03371620141774767,-0.01557101278218105,0.4465162483583171,-0.3505247892678852,-0.4552713792725478,-0.4099496677261301,0.2611974929919363,-0.4385118945048549,-0.4542107096182538,-0.6625490443957268,-0.5718844507463544,-0.49300096055878057,-0.496146332681677,-0.5151903633705872,-0.45411245105052317,-0.4105735761566663,-0.18689011950903545,-0.34950784013278025,-0.5978998142257471,-0.5389842949768341,-0.014992757738021138,-0.5852234424856024,0.17014119968465338,-0.3644496321291143,-0.5059184518740208,0.18468652418010942,-0.16135594120099098
0.5555321266916804,0.3389496647913298,0.8381487618928628,0.29732524749153316,0.5687810430110812,0.8465037365921705,0.7467109368480992,0.7154367332187264,0.0,0.7645565609761816,0.7953169983382908,0.7823984651613985,-0.2358852082944271,-0.592068895576216,-0.7492040883716955,0.8300882777884689,-0.6236027475869003,-0.3195256980694105,-0.6096492794750079,-0.6236517860261707,-0.6764222850072771,-0.4670102756037275,-0.6947107612617587,0.8549736013694577,0.7011210602788118,0.7422250830269884,-0.7386986289127206,-0.7194251370607275,-0.7161357606591857,-0.7766014902580431,-0.3026950848346665,0.6113712305334101,0.20157044603394086,-0.6110932078574268,-0.7554103751565114,0.6618410105398104,-0.7113318705370039,0.45485121674640155,0.728538038462417,0.8061894625395822,0.7559272129903261,0.6003666022939291,0.5650275583004772,0.3525102463943028,-0.5599556492137615,-0.6308821803751317,-0.7277380364913323,-0.6918593979514667,0.821722819869246,0.17800238807726618,0.2615127131861082,0.869187345645736,0.24253317758057422,-0.0054284000505206206,0.9234998991013043,0.9253059821677594,0.7095875185097724,0.7706217622880094,0.6130019041661439,0.7877484678074717,0.5662780626151668,-0.6707847311714511,-0.6658978829731704,-0.7010718564372395,-0.7072054531527243,-0.721314527317675,0.06891290171141215,-0.662717691690089,-0.6244844082622706,-0.5805478348652433,-0.5706160059544377,-0.7562806486095329,-0.71060857183931,0.13489402315811433,-0.3442729220410473,0.7339730060145836,-0.6447288671934691,-0.7158391283263721,-0.6282601519650113,0.1282796667510657,-0.6525261393926807,-0.6688435839930136,-0.8180658574998712,-0.7496843402798239,-0.7381699057852696,-0.7330124673335606,-0.7310860776589951,-0.7112727977933981,-0.5796496308000241,-0.48122951660544894,-0.634931502640877,-0.588659147123219,-0.5868903291618668,0.1755636890414017,-0.7562658865696679,-0.05044325812611087,-0.6837136761920932,-0.7481265098403583,0.5346120136102933,-0.3528975573014623
0.3799021840697384,0.11793008457340581,0.6933616517875961,0.01185764689445658,0.32249320000443066,0.727617731853967,0.6096651506456083,0.4745866602730756,0.7645565609761816,0.0,0.8845717516894919,0.896585730392194,-0.537471927627479,-0.8775490452146196,-0.8878619949290214,0.6017745993816894,-0.8579913692073199,-0.7277924922631428,-0.8379589179784888,-0.8641621362037699,-0.8855972653855363,-0.7973294308794345,-0.8863431035096252,0.8279103835556388,0.8832616987400311,0.898476581277293,-0.8846163821808257,-0.8914192451036047,-0.8825535017238068,-0.8764298474633049,-0.3201953624405092,0.6047690030434958,-0.26302696061831804,-0.7840939919725182,-0.8263352486261916,0.6727987027708677,-0.8411145192859147,0.3939373081950322,0.9094163529428493,0.8123497307802326,0.6352587286464886,0.7824306834813727,0.6618722423541706,0.22383591366050137,-0.34771089566166863,-0.8430754541926389,-0.8841053120540282,-0.9004319987730388,0.9094367170004357,-0.06507021145371017,0.23316382605546812,0.6388391262488999,-0.3614566399606241,-0.5121308675136754,0.7649503299706617,0.711648744873055,0.23260529846555758,0.30604647204632074,0.5848506425147136,0.7728307128536824,0.4697718558962419,-0.8822900738442843,-0.8906900375711903,-0.8959963234852772,-0.8864618014588347,-0.8878920228246713,-0.34336522219443066,-0.8780730677324922,-0.8524809195572275,-0.829120447533622,-0.8702978418445159,-0.8480049278663276,-0.851742092900728,0.1423989942368891,-0.7416855207887308,0.8258165956907947,-0.8659601236269936,-0.8754245213201514,-0.6774239321715185,0.02661215672699428,-0.8069902918131555,-0.8212014633518531,-0.8082012796649343,-0.8183801212332404,-0.8664204496114285,-0.8624730476560314,-0.8296044095195091,-0.8791268976358837,-0.7246748713668266,-0.751427882640074,-0.8659670833751527,-0.22880715720196645,-0.6035526854517714,0.46718925273182116,-0.8068473155427237,-0.2280836099058487,-0.8573467082253309,-0.8704266354784352,0.6538893538294355,-0.5793488916479351
0.3932476305556759,0.18145782688483952,0.7310924355731349,0.09613803949745107,0.41043712822659884,0.713855665431546,0.6808703049690326,0.5293227582245439,0.7953169983382908,0.8845717516894919,0.0,0.8727678288630132,-0.3198612442358404,-0.8281748106207278,-0.7716830874934653,0.6033740699088621,-0.7177242967740143,-0.6017532182087876,-0.7178264787453495,-0.7012918074574178,-0.7674775101757024,-0.719891159840595,-0.7885600432080463,0.8853709088167174,0.7824653278156953,0.8883649698925968,-0.7266923998622656,-0.7552747905749179,-0.7484254186260721,-0.7594552062745238,-0.6478039185713216,0.44519973738166285,-0.3209754234865101,-0.7032325107878652,-0.7432532364199306,0.772232833425202,-0.6601826875646399,0.24998820189418242,0.8451142859026123,0.8467879141750734,0.7354722247311821,0.6120810804800008,0.4505223484183098,0.29603714591015134,-0.5639419741289692,-0.7154035847366605,-0.7846027292134865,-0.819304564008915,0.8389508661257542,0.18197908412755232,-0.16306324920828816,0.5919433227677522,-0.2710250157281585,-0.2764154717432735,0.7357239299267513,0.6942160699825218,0.28519984845780433,0.38958414022801285,0.808101988787206,0.8890071947880194,0.7436124978909526,-0.732961092280548,-0.7578434096600802,-0.7800555327965967,-0.7440519778636399,-0.754771367871283,-0.032904159402580846,-0.7483591875156903,-0.743100389279373,-0.7323388409864429,-0.717051278427548,-0.7502357647168685,-0.7316182498742548,0.36858162877985207,-0.5235028841650992,0.9182870638243459,-0.7061114456728808,-0.7466385725963289,-0.8790042548785372,-0.23007069061428834,-0.6683167677586827,-0.720946411049091,-0.7885902172832077,-0.7173319445723775,-0.6996195470814753,-0.726169513177133,-0.6882110821583455,-0.7487053933179894,-0.5632086983101326,-0.4829489553021409,-0.8115286996479604,-0.3413313971144109,-0.45125112292297137,0.22251231533077065,-0.6647258743795716,-0.12487800847818281,-0.6933597160277611,-0.7464780134717439,0.6573298355257128,-0.3259107599950203
0.35571831047319,0.12392729552651718,0.7072767710977932,0.029387876578280455,0.35765375346338524,0.7180054181441455,0.6351721070337205,0.49424931342640366,0.7823984651613985,0.896585730392194,0.8727678288630132,0.0,-0.42128294391491317,-0.8667032394270199,-0.8305463566616424,0.5813867978299279,-0.7757862852106587,-0.6483208378049526,-0.7646402067982437,-0.7766112093630881,-0.8267522265461543,-0.734681524097588,-0.833817884577259,0.8980843137768189,0.8298032390592135,0.9238782041227571,-0.8081392234115486,-0.8219403106506298,-0.8142382618581925,-0.8116035106134214,-0.5512006637009103,0.46833728030232474,-0.3529372529531431,-0.7229463140593434,-0.7729967757563835,0.7971200060899792,-0.7468329508070164,0.24783665647369776,0.8926841466623671,0.8474909237970749,0.6844416557770828,0.6669324735806137,0.5164313003637282,0.21519135284013882,-0.49666847532096803,-0.8127836988539547,-0.8331064979896652,-0.8796556868216858,0.885561414596373,0.04219689839947717,-0.04051846736689098,0.5900315054214691,-0.34825398485458897,-0.4279570413006095,0.7616619451187208,0.7077688532202258,0.22620711533913349,0.3361323037723308,0.7640305632582609,0.8708983987980254,0.6882247896411415,-0.8030198567089591,-0.8231265155456492,-0.8357971652571032,-0.8160755765676513,-0.8204748612901236,-0.18193300063304169,-0.8114369903323058,-0.7912320233919042,-0.7731882072543717,-0.7962176041597423,-0.7850588623081584,-0.7797131191259442,0.3585205064435974,-0.6073024162713487,0.9267317892245962,-0.7823906298859001,-0.807455440906741,-0.83746463708263,-0.18677538805120347,-0.7171163104421101,-0.7591313339214095,-0.8032458397682307,-0.7508696033949402,-0.7757077077367711,-0.7857429397677316,-0.748732684975272,-0.8089396467392405,-0.6104593213042875,-0.6097136004652824,-0.8393304742257266,-0.34014231459982414,-0.473158668694292,0.29271069761874385,-0.7156761020069141,-0.2251076109037743,-0.799303456998893,-0.8049983484750511,0.7211623296115646,-0.443753624364036
-0.13964940071588605,0.13882991487365043,-0.271856640231039,0.28174522603479396,0.12345464339249201,-0.25550918511466425,-0.10006404160087119,-0.05967693622868283,-0.2358852082944271,-0.537471927627479,-0.3198612442358404,-0.42128294391491317,0.0,0.32219422219324273,0.25858836663838836,-0.05190266465457554,0.3933716528939494,0.3435997031697103,0.380227480877438,0.32638081577360684,0.289673333663785,0.34927351023518577,0.286311474058212,-0.08055204400143386,-0.32380583866901536,-0.18144529658075992,0.3150840454754615,0.3396429876057376,0.257368617565334,0.26495385371271196,0.01253433251342927,-0.2306485062167389,0.13205181424070303,0.30672988392580924,0.26734447777225145,0.08727891301618662,0.31986855190567665,-0.15883451850061828,-0.2437859278807715,-0.13941189772805496,0.029777665738453453,-0.2660929352521237,-0.21600488856668384,0.09985012957024193,0.12638413802413215,0.3125677567958664,0.2963725054535655,0.32840095972736855,-0.07455802413061587,0.4511010744937169,-0.2282931707104282,-0.07076004738307905,0.2538752664031964,0.36559789829154404,-0.07668153024664903,-0.06900430802528715,0.1072595412337938,0.10670751951286699,0.14804596578469853,0.003220965690979026,0.20967093422375632,0.35142049326095176,0.30222225669514896,0.29568086631339624,0.2978468011211953,0.2743698153418848,0.341085244746095,0.28631147287908304,0.2848706164676518,0.2837284333772982,0.3136113035433597,0.24353102658686143,0.25492971737191034,0.08811040986123685,0.36719188410054243,-0.0791158567235667,0.3004839077017917,0.2783520655422141,0.09060780898539328,-0.18255559554791043,0.2736713081567171,0.27632591475870594,0.20055569873740392,0.24976463018670467,0.28351207136605644,0.2723520335432619,0.27539386674868493,0.32733711688212247,0.31018430221152726,0.3727513055664411,0.23013012243992464,-0.2308293657093897,0.20381496496542906,-0.38937682789860567,0.2967349151135479,0.3020489458415052,0.27997328260385856,0.27169205216374764,0.10096823481868761,0.5558398402928052
-0.19761973070157035,0.022113208105597342,-0.5470799209587325,0.1609721626684155,-0.15091450121585057,-0.5332427197184261,-0.4919022901210246,-0.2613462411369405,-0.592068895576216,-0.8775490452146196,-0.8281748106207278,-0.8667032394270199,0.32219422219324273,0.0,0.7166778631051985,-0.3076771131973562,0.7872555202490276,0.8106803419207809,0.7822149976337116,0.7541815810313601,0.764819520079098,0.8375135932945419,0.7734205946482257,-0.6328826399650082,-0.7712133534039595,-0.7840202561158002,0.7001670972876313,0.7493612759489665,0.718167634066545,0.6887683636774516,0.5154300042529287,-0.38393326131420963,0.5842835094359434,0.7268871415371516,0.6686559038112223,-0.4912948520393908,0.6471960240974091,-0.20071931447318847,-0.7882718552652305,-0.6528906712949967,-0.46597016558513815,-0.6361661016791729,-0.45183818796258296,-0.12251207617093791,0.31752261836604556,0.7083843305136623,0.7477992930839359,0.8058144422216938,-0.6606308873914033,0.13176338545100724,0.12357069962117755,-0.3067384877143639,0.6358554141448775,0.5962382906047289,-0.4529330164782296,-0.37234778611036784,0.11703977854259462,0.04023265948668327,-0.5166301888800413,-0.6225225774897164,-0.39701116483492493,0.7564154209009611,0.7737246864496587,0.7603931208581913,0.7372243286689355,0.7252349925840494,0.37342926037624274,0.7602810812805815,0.7750813929968144,0.7848617839993433,0.793443286837281,0.6735338703085364,0.7011141934071193,-0.1950700505373861,0.7542258076632179,-0.7186648974368807,0.7379241707132687,0.7223370586056188,0.7065119068763663,0.195223474684997,0.6684974200932057,0.7079459202380901,0.6304482877965394,0.6443534346747409,0.6613724875335002,0.6846633919856245,0.6476168682349159,0.7413103793038899,0.6139555224873459,0.609235231033432,0.811561453858848,-0.08294437508388044,0.4251367665781003,-0.4785321012969659,0.6021944064830601,0.2700790579978954,0.6694894568008102,0.694726733676122,-0.458375016377809,0.5413941156464976
-0.3927699540397927,-0.12558695825154662,-0.6880949545197241,-0.0261412896924468,-0.3187534431927356,-0.7342842591186486,-0.5964848280369206,-0.48291085951376916,-0.7492040883716955,-0.8878619949290214,-0.7716830874934653,-0.8305463566616424,0.25858836663838836,0.7166778631051985,0.0,-0.6608719204081384,0.8779365623527373,0.7283369974821925,0.8752637605582924,0.9020353187112792,0.9050765845626956,0.7401795722843805,0.8971879979948714,-0.8005131280475428,-0.8965887886384546,-0.8468898823207691,0.9276135902574821,0.9266792280189722,0.9268836244506231,0.9141858539640425,0.17081967948495236,-0.6913125708483167,0.12910941357813419,0.8180156013455738,0.8660580746388242,-0.5700605828260346,0.9213098451531103,-0.5028053490868213,-0.9049309213258987,-0.7951254475249625,-0.6336895010936033,-0.8469040470085978,-0.7726068004038297,-0.26023316922954204,0.2814096354766339,0.8389877957991466,0.9075034544751521,0.8890301462209435,-0.9036072485309605,0.11506990893170618,-0.3669286808351246,-0.718326744160663,0.2725988766713096,0.5038568581708084,-0.8218073548812921,-0.7593925250591448,-0.3270633496499542,-0.3791922944277312,-0.5112519259632857,-0.7077937854312993,-0.34258076018048395,0.9149602456230391,0.9118946632442934,0.9151882547430714,0.9221652312724244,0.91951243359444,0.4292748084333588,0.9081363155686369,0.8813408989492464,0.8548153671383324,0.8927205633939083,0.8909206306093155,0.8948378300888815,0.057631734028521064,0.7895597423579289,-0.7299040974097603,0.9114736730273485,0.9143209854506363,0.5923078227401535,-0.18669718503687802,0.8767259867245942,0.879299001119583,0.8535781116460168,0.8727836773879599,0.9268185968296666,0.9121278963588227,0.9048999615152626,0.9156269013869714,0.8166503650087035,0.8374621992379612,0.8716222259765574,0.2510007302562198,0.7234135016232749,-0.5370876190447281,0.8883504950466701,0.20165132510210787,0.8912104583639567,0.9171004019383628,-0.5210877320039495,0.7046773962169595
0.7463660425235857,0.5946871878095393,0.8534136861035087,0.5874970149464039,0.7383261461148224,0.78454554925244,0.8675413907528091,0.8376393519305947,0.8300882777884689,0.6017745993816894,0.6033740699088621,0.5813867978299279,-0.05190266465457554,-0.3076771131973562,-0.6608719204081384,0.0,-0.34382150236404646,-0.08883118787893421,-0.35238690036863823,-0.3122868746280223,-0.38136962567982297,-0.2261959557236106,-0.40866268631544855,0.5804703124276496,0.43361695241042053,0.39177091634137906,-0.4084785546696002,-0.41864828569539847,-0.39921420779587075,-0.5280059377133599,-0.11785854710439855,0.6433000486179272,0.6182200732680441,-0.46284650057904475,-0.593639340871409,0.2224225762538103,-0.41019230339720053,0.6093862537737395,0.41837381639045734,0.6560128350523016,0.76192786343787,0.43034983081665507,0.48129969643200193,0.6057880746001792,-0.5323724046240642,-0.16456967987654403,-0.4598222062619648,-0.30290214778677993,0.49962102448917395,0.5113402216167305,0.31148257775584975,0.811596633754588,0.594661908950757,0.4302848117912656,0.6944934798407651,0.7671405021382702,0.8776776030284138,0.8823055820433359,0.331215302230633,0.5376653182706079,0.23890427278099016,-0.36908514522663555,-0.3684429690625936,-0.4027991975599913,-0.39758806458162377,-0.42268637577707924,0.41221168986043644,-0.3789953959126484,-0.37675618826484303,-0.3530499127047135,-0.2167332390756402,-0.5666575765498584,-0.4975733945840983,-0.19482285550352926,-0.05757016026755532,0.3561536892895978,-0.33804282153900783,-0.4517052326627783,-0.36453734429330115,0.38438802562040136,-0.47125554001182995,-0.4814380360585906,-0.6709340571466335,-0.5945532595190887,-0.47531385931828113,-0.4940963890935433,-0.5047309198885334,-0.4457976357022718,-0.4602251844704185,-0.13784853548721315,-0.37276558049668596,-0.4545544414420707,-0.6331534116961669,0.014000906003854235,-0.5993158899520539,0.3480082041581847,-0.2759657240592213,-0.4988697408356828,0.032629176236219366,-0.08970191665840441
-0.32816335435369964,-0.07774006916865724,-0.6070796607007936,0.06485583922457405,-0.19183825609819305,-0.6059079234379364,-0.4975325837007984,-0.34418696657287984,-0.6236027475869003,-0.8579913692073199,-0.7177242967740143,-0.7757862852106587,0.3933716528939494,0.7872555202490276,0.8779365623527373,-0.34382150236404646,0.0,0.72708035335514,0.7848496616546636,0.7479631672237961,0.7292523529325098,0.7797250872823519,0.7255979386753163,-0.4632334861631515,-0.7199630360002116,-0.6098697337651849,0.7234042490213483,0.7503899619593778,0.7070164043533462,0.6933390673233494,0.15339469361769437,-0.5420524762077564,0.24902732568463287,0.7072750865462857,0.6783318958936084,-0.2465030962798254,0.703675288093567,-0.40817613067250513,-0.6902773043432546,-0.5312958000643211,-0.37327733456885526,-0.6688853687220255,-0.5677107995940989,-0.11367922362712567,0.2033590244857361,0.6569287941047911,0.7214414146668685,0.7207062229295059,-0.5758507263390352,0.2690262300204383,-0.3177189603655162,-0.42233670881570046,0.40098398318239126,0.5269132172358789,-0.4623980004315284,-0.4201540716398556,-0.048807296718335794,-0.07080782037390836,-0.18185814904731373,-0.4034601533639376,-0.0353944877060419,0.7538568273863204,0.7355975528472846,0.7298391560158233,0.7316092909175913,0.7140686931544531,0.46511170284550507,0.7291380093146486,0.7240593357076237,0.7175737235352546,0.7457868581214193,0.6782420239156535,0.6986673235653009,0.12329407976092273,0.7748553781312304,-0.46829943211245656,0.73744300920178,0.7150304249867934,0.42571389576415397,-0.16396247706335007,0.6985029334242123,0.6971900472426831,0.6072372500703275,0.6714892523054149,0.7020475237290079,0.6984584226627134,0.6817845919497246,0.7426751396813505,0.6868086757274443,0.6968198780105701,0.7123956286398526,-0.08504148148768732,0.5754572328157982,-0.5740180804557965,0.6950981158849506,0.2581913756851571,0.6657123768686259,0.7022180346974207,-0.2525198928823112,0.6793991991515103
-0.10253184068051363,0.05240474426226388,-0.3226428096549972,0.22440268294163002,0.038152644152439255,-0.2909479687255671,-0.3498575065109937,-0.01984911908613223,-0.3195256980694105,-0.7277924922631428,-0.6017532182087876,-0.6483208378049526,0.3435997031697103,0.8106803419207809,0.7283369974821925,-0.08883118787893421,0.72708035335514,0.0,0.6777256752680717,0.6305788662560056,0.6125621913871057,0.7912073793644587,0.6144693431776399,-0.24902990348368323,-0.5805660472763986,-0.48019821371597465,0.46588065186852634,0.5410509745306962,0.5599586988722575,0.4946683215318909,0.11942232267913039,-0.44861563237352237,0.4511119384224263,0.6705013822206577,0.5087959256468046,-0.014308827082629018,0.4935108891834548,-0.40460935925283414,-0.559438954324838,-0.3962847312867085,-0.3127393749960431,-0.6331370270452334,-0.5500708865294947,-0.3221719640372852,-0.18071002288635213,0.3673434883609614,0.5650996056980707,0.5471108452863767,-0.39212620473931725,-0.001338114830636335,-0.010347886130250686,-0.11551822713021932,0.6895375625217243,0.49440408581357737,-0.138271163642754,-0.0561020602735012,0.24784382853883707,0.2601001146067355,-0.2734684679406534,-0.33674346486163836,-0.03868607820491653,0.5626413645580276,0.6183194589566887,0.582012190496494,0.5454208456771997,0.5379171479395003,0.41972505216362016,0.6218075622476833,0.6711101347776421,0.7078952921302217,0.6683357657730775,0.5107463575027694,0.5755201323313192,0.21751995682286934,0.780224358814291,-0.3662089520033186,0.6100459457006059,0.5639740582244476,0.32910622942620527,-0.1516043230479913,0.6043810055464379,0.6056412841349486,0.3813307295103463,0.5025202411894348,0.4826394045044537,0.5307504389033787,0.5091844750845075,0.5468696242710677,0.6148079611294727,0.48308488075732015,0.6665301642491351,-0.5458453827218724,0.4716165028921052,-0.7004940158796836,0.3984097283347913,-0.10253389379781726,0.3670304256306254,0.5176594908702741,-0.03204802936110565,0.44433677080229045
-0.3054562854907071,-0.12295976074160353,-0.6096689995863093,0.019977563845327808,-0.22425065674570901,-0.5886608683185203,-0.5301246574887354,-0.34155699179286525,-0.6096492794750079,-0.8379589179784888,-0.7178264787453495,-0.7646402067982437,0.380227480877438,0.7822149976337116,0.8752637605582924,-0.35238690036863823,0.7848496616546636,0.6777256752680717,0.0,0.8114855730446073,0.7922344145548236,0.847534081105998,0.791858823611799,-0.49973082123746015,-0.7908208111034607,-0.6725233610743292,0.7325619761639823,0.781644781947949,0.7740822182090807,0.7411790061360467,0.16894058903001816,-0.631697004210974,0.2905780491831909,0.8117150324043162,0.7437067311685142,-0.21171890723516448,0.7560795949585951,-0.5173697741432507,-0.7413590391984464,-0.6045072477406324,-0.47820699290718843,-0.7846268519007853,-0.6981945614263865,-0.3077053799630759,0.10673054637484058,0.607101344780055,0.7801248179337434,0.7587668953457295,-0.6110433119534754,0.14359833771187033,-0.23038641739293844,-0.4834880534866489,0.42689050228368675,0.45358628150536395,-0.5093801719875914,-0.4481559619696459,-0.10945109070654102,-0.11065383587899913,-0.32485828274160594,-0.5071013324435227,-0.12783612277647774,0.7809147523734674,0.7930442436146365,0.7784064222277978,0.7676407872640374,0.7585268829380326,0.4278193073234162,0.7897657504346034,0.8074188034379304,0.8148552703183175,0.8050524402196472,0.7390668429589256,0.7700054369614321,0.18518133314815227,0.825587933916656,-0.5321144064106683,0.7890249455632259,0.7707604408692563,0.4682205070264984,-0.20566889802240262,0.77819200403468,0.783382261595697,0.6464892874918722,0.7311773860085324,0.7321559758450445,0.7561436268582936,0.75554469476158,0.7821966670112582,0.7860314358664157,0.6829278467400739,0.7920956312577341,-0.2317429547227054,0.6641068786025514,-0.7333197072814611,0.6916075415524316,0.07607217124175222,0.6329437030593541,0.7513871381042752,-0.1801125793441315,0.6920845515049439
-0.26997833705788915,-0.034678094369032436,-0.5719613547124424,0.09715528740616418,-0.17698145300152962,-0.6332830427421435,-0.46835157463082294,-0.32277791022716384,-0.6236517860261707,-0.8641621362037699,-0.7012918074574178,-0.7766112093630881,0.32638081577360684,0.7541815810313601,0.9020353187112792,-0.3122868746280223,0.7479631672237961,0.6305788662560056,0.8114855730446073,0.0,0.8619446855216549,0.7932129342111279,0.8418112986298625,-0.5509603120267055,-0.8296354790338558,-0.7201087159374205,0.8387247015388399,0.8509572291972957,0.8730371898333298,0.8113594864099933,0.022219678346224295,-0.6250148139540086,0.3100497375711052,0.7997931267993075,0.7624232949182449,-0.3371558341636369,0.8741609367224885,-0.486381292323328,-0.8085906196579548,-0.5951149010561438,-0.4246773962343369,-0.8466787273297856,-0.7680270122365108,-0.19073781804212928,-0.02291432671254948,0.7486847280911967,0.8260817320137608,0.8229126936650627,-0.734422882091451,0.27361128584713545,-0.377372762281282,-0.5117858693521166,0.5047388084489737,0.6402961733421102,-0.5986996348617402,-0.5022891943172318,-0.07086022601015668,-0.08296129857874128,-0.34239370773680255,-0.5131707294454436,-0.13887480053140694,0.8694357823652766,0.8694122853342074,0.8511129923851845,0.8619277274983165,0.8509346008403642,0.6384604137488998,0.8714026026562887,0.856484145955664,0.850097033748049,0.9036040043258743,0.7850422140631265,0.8287224749119989,0.20878044305070043,0.9235435532923685,-0.5653711556250645,0.89471562000013,0.849028968927202,0.4122814319407186,-0.2128095275935687,0.8416118372909207,0.8284760541187991,0.6741033664898394,0.7703218724590081,0.8383499569014282,0.8346283724581688,0.8338349078441853,0.8416201787859117,0.8200709392838901,0.8602195542141448,0.8311584272692378,-0.10037202803820168,0.6795660635096881,-0.7576715735269769,0.7537657913403625,0.201707958800558,0.7964544063525456,0.8297718745523619,-0.3544872436960094,0.7929629130779317
