0,1,2,3,4,5,6,7,8,9,10,11,12,13,14,15,16,17,18,19,20,21,22,23,24,25,26,27,28,29,30,31,32,33,34,35,36,37,38,39,40,41,42,43,44,45,46,47,48,49,50,51,52,53,54,55,56,57,58,59,60,61,62,63,64,65,66,67,68,69,70,71,72,73,74,75,76,77,78,79,80,81,82,83,84,85,86,87,88,89,90,91,92,93,94,95,96,97,98,99
0.0,-0.02474520921902441,0.27136542435233096,0.6765118318532357,-0.3168335713080341,0.42970159523819534,0.5923135203449572,0.09272015148331306,0.1360552355513642,-0.058048818932318676,0.09067130718386994,-0.05744128965263154,-0.06707963599330166,0.30994267648196916,0.34311039860031567,0.7743623028767878,0.15511104030397732,-0.014341479280475225,0.33008104575576713,0.014827378977194456,0.4365821064752298,0.38160744914966493,0.4435499117164113,-0.09718971500101121,0.033503559288731166,-0.03179503116373919,0.5885246293874874,0.31121385303309335,-0.08490169617567779,-0.047958414931203903,0.417683035504667,0.46295832928081215,0.7019291154866787,0.4305942176069797,0.16612340901497422,-0.43039073129074773,-0.10940947615876795,0.5352985423900873,0.6263883166695033,0.3803814082291575,0.4828645239493608,0.4386813077625121,0.43759257442799776,0.3204612758011818,0.3922507271913906,0.3370010936587239,0.34610119614238066,0.4246606031477274,0.7198920690451702,0.5977838402330082,-0.02053232333253013,-0.3199483408481641,-0.41273364396048046,-0.3591486394210888,-0.1696495703512836,0.042965114540645874,-0.3309618036235511,-0.2719587062580983,-0.5870294172475464,0.3430724736982743,0.17289456164454672,0.08968266346781033,-0.056740322358305666,0.3720509169283652,0.34129031837028945,0.3513569739627308,-0.16443721489409563,0.16315629030000106,-0.4824504259743792,-0.186017402708557,0.19948046659156005,-0.14148223046675448,-0.1476711709305203,-0.2828919931535819,-0.07062937050411898,-0.021105536074716533,-0.06186475711630447,0.24463996542072755,0.2212368725066959,-0.09990936656727545,-0.67206018192816,-0.36699186903029674,-0.5713357179305623,-0.0933023100799,-0.06578541648728822,-0.24114268395479796,-0.5789940890589462,0.17719398647376755,-0.3868009890984415,-0.41645160904427203,-0.37359275619842275,-0.22352881994249488,-0.40807049919551597,0.39764105238198616,0.4342729336512067,0.0824123076564956,0.112908107002356,-0.30674927412116487,0.37671922358512344,0.19699749131676333
-0.02474520921902441,0.0,0.5351347467287276,0.15411108523965783,0.7154484796051913,0.34163266691765165,0.01041131731582344,0.4118570348292704,0.4839531432111996,-0.352786321750508,-0.3808714926621456,-0.3715607930727842,-0.5458280536135,-0.3854061249707497,-0.35346040046047067,0.18866781968185034,-0.5570640776229735,0.5941077272875277,-0.2919886437163189,0.5688032197761604,-0.0916797584459198,-0.4904459897564476,-0.47319189923529575,-0.5163541340148501,-0.4188755175301235,-0.5622243677236326,-0.39637710265159676,-0.5662936388373274,0.37500737858749555,-0.44639044742256756,-0.33691630792820915,-0.18013770785665553,0.08074659846773609,-0.06744003630129507,-0.4355647490373335,0.5708634340523376,0.3924169465246033,-0.25226602459785086,-0.22498459974846327,0.04584554554078003,0.2877024604993141,-0.5410110334024265,-0.43856156760516707,-0.6585040346563432,-0.3866149627166972,-0.1486834048129612,-0.03671521802730348,-0.3240736273879506,0.03782098867892128,-0.08588827137812761,0.6190616975067436,0.6493635345331561,0.5798770571967643,0.6990075301204557,0.6789640564288348,0.5080968802641731,0.6075802536480014,0.6345823434576945,-0.23247056100823987,-0.52839338416377,-0.4567230687785555,-0.5982232446299637,-0.12666099644296339,-0.42466942520322065,-0.3283532269853981,-0.3796920090825946,0.6144658199386135,-0.4665595248858008,0.31307530489309027,0.5705509981152074,0.18382238656134173,-0.19973212287268177,0.08145878584720496,0.6169248857690807,-0.3023002361645898,-0.5194581205670672,-0.1644244202782213,-0.4474265860006631,-0.1784733545679456,0.05389159662631573,0.2955470424176308,0.5886300618688666,0.25549518353219686,0.43870354830551594,0.5843114921874093,0.6166945635320622,0.2752074195380955,-0.6608093042017403,0.5149636953185656,0.5402296424800731,0.47389162188059325,-0.3965572215090223,0.6033213118133536,-0.4113563726117579,-0.42210485131372416,-0.6223663798531779,0.3987975488649784,0.5126650843409257,0.4878299374168785,0.4855068948163282
0.27136542435233096,0.5351347467287276,0.0,0.1839828628440918,0.214315330550157,0.9057605481568377,0.555669066585681,0.7664395331806776,0.8822553148768219,0.080369512195755,-0.11725921165464183,0.07835052069797674,-0.1458034529974371,-0.149841393296014,-0.046743275798345835,0.5256660187336579,-0.1074653684465769,0.7494841413110831,0.025354478040582166,0.6802915981444921,0.31056495051696864,-0.3674465307371947,0.05622112442306341,-0.11465630534609643,0.06281984475868484,-0.07504273322407452,0.005773878816935928,-0.14122012001236348,0.709101893745872,-0.038112488556395666,-0.46020836423622885,-0.3379258869315461,0.1087887234119896,-0.1604292993395258,-0.4630640616157064,0.2507388205924195,-0.007298008782775307,-0.18036311926939216,0.022603698753664442,-0.06023466451043707,0.07782343578993692,-0.33098334252566114,-0.33069581322492564,-0.19215012457279318,-0.3935935728897772,-0.42377784225791904,-0.23046111623721127,-0.34399731862872157,0.3343156985215755,-0.06110899874454913,0.42696908853549,0.45627738043615984,0.312807048814743,0.09909318163774908,0.5893342561780124,0.8061728132379798,0.46783700675784085,0.5195772598295749,-0.16180330041821783,-0.10152112867884401,0.07276139151935923,-0.11711945062184256,0.29664973750420703,-0.10348529330378237,0.04939269423429772,-0.12707236552802229,0.5610220010615872,-0.055909223196367056,0.32575935503709724,0.6319072165292232,0.6119637886096468,0.34815244487698904,0.5569900541144548,0.5228382378504254,0.11687727417778773,-0.13657035413390636,0.25317699066113464,0.07052264112071194,-0.6314801661638115,-0.6342952637138755,-0.12204732954656462,0.15450419729791856,-0.37390865463496564,0.6235947605947448,0.627049384526143,0.22071862352485522,-0.008403907932807623,-0.148960441459953,0.4114813770904394,0.09957512553453127,-0.1219098247168962,-0.6481529308791055,-0.03740155318095433,-0.4858869961920049,-0.23863748777408209,-0.28430201803797617,0.18699574607787406,0.09928622991555305,0.7523965885534303,0.26405736066286556
0.6765118318532357,0.15411108523965783,0.1839828628440918,0.0,-0.1510421096116839,0.23833000500377322,0.5285479164066258,0.13221065686333433,0.09490154374107727,-0.15611123890731424,0.1280610841762513,-0.15171137295129683,-0.07198921721291339,0.40229109814855907,0.3768674585415814,0.7471326408163,0.06615947243956005,-0.12803872002708436,0.41791147104478077,-0.13499667095977594,0.43130837620931045,0.39484117358046805,0.35831620783500767,-0.18174749522661032,-0.2261647547145834,-0.13835550447577122,0.5578016878060994,0.26452871241203607,-0.2654384958675569,-0.04711838691051622,0.37452301035396723,0.6189840770660491,0.814728726964936,0.5515243650533005,0.2661990758535819,-0.31778128118613913,0.12600402233703517,0.6480105182483349,0.6680485420684861,0.6048689201850718,0.5915388385950974,0.42107924383516954,0.495062538495729,0.19166198875279744,0.5165131460784409,0.4930271929841961,0.5170495722692108,0.5252017829446399,0.6316675280380926,0.6568335886519686,-0.23998773643962082,-0.28095791616708404,-0.3707554865254024,-0.1243621227598782,-0.15944662554884093,-0.08320738925262336,-0.3175211298084835,-0.2498469965185008,-0.6909859063856996,0.3338824360283437,0.13796732223544164,0.05990189789294047,-0.11486146514512102,0.4110160076607191,0.3865153614243797,0.41341506377669973,-0.2376479675722609,0.20573355771728638,-0.5385277186424866,-0.2635880943350722,0.0654247621426344,-0.41573152867513186,-0.36883679157309757,-0.28820421482489245,-0.14612874122636174,-0.03106714598571463,-0.14255262564412874,0.1791193730516877,0.13896135372933832,0.07671080873440846,-0.6063629646535185,-0.28117761969928945,-0.4013058951934321,-0.15331310674992546,-0.06046647814959271,-0.15697837284682928,-0.5354570346698779,0.06610507603292083,-0.4015174826953484,-0.33837856529235144,-0.33976817988148655,-0.03711767821334642,-0.20300308250435894,0.39405169959373104,0.4979619618678107,-0.05964449779851637,0.09435440458775515,-0.24484087192568996,0.18325867931748344,0.22061971383617054
-0.3168335713080341,0.7154484796051913,0.214315330550157,-0.1510421096116839,0.0,0.0016511126721572807,-0.4137366118350162,0.20108359376275603,0.22826365688226674,-0.4647609540698623,-0.449894714325681,-0.4602308973483504,-0.5915392575225062,-0.5266165831548845,-0.5540566351326612,-0.29285161212969246,-0.6857054371417717,0.48166273117485936,-0.5006691125081977,0.5181115268629614,-0.4109073996474243,-0.6344581783851305,-0.7568192446991536,-0.6284151291016311,-0.533594000589871,-0.6434702007101648,-0.643438978506455,-0.7681011810817439,0.2936683164981439,-0.5556714612033361,-0.38384700934738625,-0.3099927656251113,-0.22389690068088414,-0.2438326630204767,-0.4458249014656556,0.7675279887636255,0.5407173099141719,-0.4858675807095701,-0.5599476455130104,-0.26287055950079913,0.14001622150472653,-0.7050590352262113,-0.6146016725114413,-0.7403959452535189,-0.4728019632707646,-0.15748030544107172,-0.10018881454507417,-0.4599467134841783,-0.24616578372293943,-0.25620300889829634,0.6461521912372743,0.7278763080682925,0.7189594750894746,0.8915100032146459,0.6917174323337149,0.3694412231768709,0.6981432265700945,0.6950731436402342,-0.01673390563648523,-0.7309538313829822,-0.6586331006560925,-0.7099402727863895,-0.24498649218486518,-0.6299885474797031,-0.5501924627557961,-0.5571168922522012,0.6442194704777535,-0.6132451377386535,0.42998673027873413,0.545206155335767,-0.038577089018141095,-0.27903844701212444,0.01862536459187841,0.6604535984591242,-0.37605462556168723,-0.6132864708252579,-0.25164667927757367,-0.6630991897340803,-0.045589535550583524,0.32261022327235805,0.6284797022660478,0.7864103948606361,0.6615476871515061,0.27011835864986844,0.574427052489897,0.7708661801975928,0.6241014430194708,-0.7986019072246813,0.6498274876587847,0.7815309360138809,0.7750371571625707,-0.24247769459963653,0.8393636631038152,-0.4230866800657559,-0.6091686637608635,-0.4795173505433324,0.5043790210999636,0.735335836010184,0.3109898872841971,0.5172108949938127
0.42970159523819534,0.34163266691765165,0.9057605481568377,0.23833000500377322,0.0016511126721572807,0.0,0.6015646253921715,0.6621026616361662,0.7857488835540367,0.09754196421277621,-0.07705712087920334,0.10444230338340778,-0.07312564340665134,-0.0530985057969167,0.03163461321690234,0.5683385887677582,-0.0047444619350550535,0.6247720322501936,0.08720361788051136,0.5907358979834323,0.3304698653771749,-0.20777628587128116,0.21095722943410566,-0.05386029441370873,0.11152429777683358,0.008580721300638914,0.1994714560544411,0.002273573815878473,0.6216438540844771,0.004544962495166941,-0.34944708470552327,-0.24724147180333156,0.19653809842142722,-0.06779871707691659,-0.3139693691735519,0.09560700320206449,-0.045482526366557204,-0.07216303750705402,0.13607530405138063,-0.08748303775590748,0.12031735719993678,-0.15364748638209932,-0.1793994476090539,0.009021719029352874,-0.24546223331773845,-0.315567795426002,-0.13171350052646125,-0.20306468745498005,0.4754231236021448,0.07478328278127856,0.2722098861494115,0.25511636150688205,0.09930129225237745,-0.10807655548647759,0.4248386628311203,0.7054168156771551,0.27874012088011135,0.3508342521733651,-0.2272560799771181,0.03972454620858095,0.15999134940303195,0.0017187941772159499,0.2682268263240938,0.01076379356318879,0.12921324982577065,-0.032229310145245146,0.4195521693509675,0.02950052276617241,0.16615141486950502,0.47925352715140856,0.5568515820285318,0.3555970744388735,0.49980834168641936,0.35574835393979026,0.12393500566891702,-0.07010643384913123,0.225343355811995,0.1641353877701907,-0.5893863848027479,-0.6488250127400802,-0.27135782735302727,-0.0038389540519819833,-0.48711245722635343,0.5120954873615893,0.5308430648156759,0.08876556428530541,-0.098924839312127,0.003764264967921905,0.266304032151971,-0.05127011276695994,-0.26776570080325357,-0.6467487135650384,-0.21970659750617125,-0.32934130195305655,-0.10219814621415621,-0.0875042439843856,0.18764862557082262,-0.015479940109658707,0.7483179116085312,0.2457227955915733
0.5923135203449572,0.01041131731582344,0.555669066585681,0.5285479164066258,-0.4137366118350162,0.6015646253921715,0.0,0.6375418226054793,0.5777294983852458,0.41683547943050153,0.43373516588008565,0.4139847647390592,0.342004562898215,0.474031050813255,0.5675219253813502,0.8256174857727363,0.43078823587905574,0.18669250559194192,0.6122425076215481,0.07876678208580533,0.7873433215443685,0.14847620521556612,0.5442448791043137,0.24138782265313674,0.3811880396861992,0.3457844184807078,0.48321272837611945,0.4651548557020739,0.2518890490704051,0.3975866437805464,0.12267468760805292,0.19680736488251618,0.4765545947137921,0.05990623670786407,-0.1625353385812036,-0.4050357162637418,-0.38506133404561915,0.43637808006227924,0.6189483466505649,0.5355322927269209,0.0508144620877318,0.2657328481652269,0.25577684242228504,0.3630943652189904,0.13195736473920575,-0.1044859327799059,-0.07578425689118269,0.11241068038486733,0.4504607276820255,0.248710325828879,-0.006632707780899103,-0.08623005139621977,-0.17140474159168692,-0.3965347801836143,-0.0038193196960880204,0.36006209589973764,-0.08355572409546289,-0.06767353404420853,-0.22505319280178956,0.521864092027819,0.5676167516636953,0.42390728448821247,0.5094946816028936,0.5348752873409061,0.6308345688913519,0.5151981434287408,-0.03529519673487301,0.5068782076666665,-0.12996603610947427,0.08209095507876872,0.6798671112479326,0.2796604559858999,0.3166798002031337,-0.0701977048991548,0.4268951411696014,0.35816928504330153,0.46442983845679403,0.5889105674838001,-0.25080790592500324,-0.5897789775272804,-0.6550414878854284,-0.45795754628564384,-0.7821848711199977,0.21446215893809478,0.08784543708691524,-0.3887870200182979,-0.6035874518017188,0.38742350027567396,-0.22303203324414686,-0.5037885140842387,-0.6037441784211734,-0.12539490056007221,-0.5306780389448217,0.035827290287886615,0.41885733503625244,0.05190482586711393,-0.22241355677963387,-0.507855852708122,0.32287116399838167,-0.1328092506620372
0.09272015148331306,0.4118570348292704,0.7664395331806776,0.13221065686333433,0.20108359376275603,0.6621026616361662,0.6375418226054793,0.0,0.7516141659049655,0.3159216979260229,0.2998351888353024,0.3405155743476408,0.19294379728930125,0.11937683960619287,0.20362691039173844,0.3048878679703205,0.11581800920776003,0.44625855328095104,0.2648922809549368,0.3791580461529667,0.4374437292327315,-0.42801754973527917,-0.02290286192358605,-0.04493991454844875,0.21807015404612445,0.15298288369000956,-0.04423244130916398,-0.007507821548520988,0.4920409667123494,0.18745653800001788,-0.21411822295872368,-0.25379142753880474,0.010689384418057698,-0.44532527139097905,-0.6239737169972002,0.1052600845967605,-0.23596439184924886,-0.06877018767378038,0.0754658483099904,0.06860318698232788,-0.21695278189910316,-0.26639568774472977,-0.2946487402349224,0.052495065066966856,-0.282533099788122,-0.446974903041622,-0.42496065406644956,-0.4159893923990614,0.09019821457564883,-0.13601517397550297,0.30818256102948577,0.40593070371199613,0.34691595483168697,0.08696187599139778,0.43343289842534416,0.640253286233598,0.44270853518702913,0.4422920172050206,0.0994563036042039,0.09932558517978075,0.27490267575021277,0.15011380737730104,0.5508660399932961,0.11146766878563602,0.2739276116678032,0.13537217561316095,0.39564187348040897,0.21625902875607966,0.2771095716296611,0.45893077111838865,0.6929716336600327,0.28151252750463546,0.4982343338345477,0.36936208804821064,0.41636479358164297,0.12358834625885218,0.4478050016862005,0.25122284341074663,-0.41068564924100387,-0.5830895650996308,-0.16162241787081932,-0.011414245995815347,-0.30272892243250027,0.24672522851986478,0.4504241630839269,0.00016817098184190597,-0.06791025769157231,-0.007660617210867361,0.27875725880170665,-0.0106190370210668,-0.14433581462109601,-0.2278096494822889,-0.09561067791186455,-0.308479608839163,-0.020677868873376214,0.059064030139640455,0.012254336728637084,-0.08586319068674997,0.4285100828805688,0.043122735009228044
0.1360552355513642,0.4839531432111996,0.8822553148768219,0.09490154374107727,0.22826365688226674,0.7857488835540367,0.5777294983852458,0.7516141659049655,0.0,0.212731136537155,0.010608934931113307,0.21080127594493378,-0.00758108771911567,-0.12333636994973908,-0.004243477825934712,0.4022566723044197,-0.04326701885422112,0.6737301717873807,0.051787858819190846,0.5820214190332546,0.3095205975465581,-0.43410796832620446,-0.001707998167936422,-0.021008974505943034,0.15047023001249538,0.045286702050853785,-0.07775923645161731,-0.10812212045623613,0.6601702344146325,0.06188147188547956,-0.4542910134441995,-0.40083242995985036,-0.008732484840160903,-0.31701654141221935,-0.5608760840099204,0.22709065039111,-0.1390801659279428,-0.2072035365752673,0.0007267894212430371,-0.01974688180325606,-0.09782308491926929,-0.35138342349894497,-0.3635766874340868,-0.14988236504547447,-0.4238514615351324,-0.5190313201612463,-0.3704626362235662,-0.43398700290935177,0.1730904625745436,-0.17758124146406873,0.35355503404478744,0.47283132924259946,0.3507955033610551,0.08882819015002073,0.5571799320527941,0.7745124588998782,0.4947713235311378,0.5316789293194655,0.009256776597301003,-0.04439810410451254,0.1654007906786076,-0.009286082526233742,0.41702702787376394,-0.07414017169431424,0.08436973333493096,-0.09045102867129527,0.5260550798884348,0.02095203488281375,0.35962382825843414,0.6155968545752647,0.6259510926785876,0.3813422466259925,0.5662098186280414,0.5127974858457348,0.24757405025667673,-0.01670695252582743,0.31610459012925224,0.13450518410864742,-0.6575161843447174,-0.7191695252722528,-0.08959111300706847,0.10986841348379882,-0.3513164447794717,0.5651183959979353,0.5781650727021707,0.14473793325280251,-0.006951882257539632,-0.09337135377001698,0.4052247793576817,0.07352173450892223,-0.15025764215628967,-0.5346551928389395,-0.04750196674161819,-0.5127094609784075,-0.19192318086387905,-0.20583585066936672,0.06785833353092925,0.02932098372371471,0.6110141288672228,0.12397115887483526
-0.058048818932318676,-0.352786321750508,0.080369512195755,-0.15611123890731424,-0.4647609540698623,0.09754196421277621,0.41683547943050153,0.3159216979260229,0.212731136537155,0.0,0.718070470295608,0.8940148796900272,0.8148421626182771,0.43936134297200485,0.5695989747172401,0.10487147560854168,0.7428084599471226,-0.05759990149120171,0.5678235092166032,-0.26133590157362274,0.653722796902896,-0.003411960641501659,0.4020355707430562,0.7988883756926513,0.8953785044395827,0.8414048820373873,0.023645566208175862,0.5422734648769101,0.23159419266160713,0.8299340516141609,0.017738430466236937,-0.19830233562343447,-0.3079156841162855,-0.4816341954344034,-0.2999607677823929,-0.4242504556810723,-0.8446992248577757,0.08118655311142092,0.20248548169114186,0.3868891347019265,-0.775081455258848,0.1144895521584929,0.03100616909883396,0.3978729558766327,-0.18250535854014205,-0.5482369286748614,-0.6617823479347684,-0.24636121152870186,-0.44175940204502007,-0.4636439074800929,-0.03186353425379933,-0.03415224404576525,0.06460432823591303,-0.4839326327327207,-0.20243885877320517,0.12027786016428925,-0.01616638008761515,-0.1485767264029703,0.6671022963989087,0.5383156627790157,0.7813392259552311,0.733572445177235,0.8597738484338479,0.48761018154316904,0.5966573124989806,0.4781322478805816,-0.17437956981726344,0.6976204855278331,0.31996315912227874,0.055453940199330094,0.6671643235059177,0.7418959440483858,0.6034680880995991,-0.08507485878260666,0.8953588941409117,0.824048949247676,0.8607422688869968,0.738575748107644,-0.19058747157618514,-0.6444905946818904,-0.1873665957229585,-0.5008238182392546,-0.5295470985309455,0.1904392198632124,-0.24316000741717586,-0.6171339833606826,-0.388192019395946,0.6534385188700701,-0.15467373298179318,-0.4810983237533098,-0.5044684447130615,0.43575329892850206,-0.5269293281715979,-0.18533869914454448,0.23939309157835034,0.15766003552884325,-0.7880003394677046,-0.6501707246714212,-0.3825850694620692,-0.8083837356579509
0.09067130718386994,-0.3808714926621456,-0.11725921165464183,0.1280610841762513,-0.449894714325681,-0.07705712087920334,0.43373516588008565,0.2998351888353024,0.010608934931113307,0.718070470295608,0.0,0.6924333071573858,0.7502644949939885,0.7458695849353542,0.7609502134388773,0.12564627536322492,0.6913607972449086,-0.37376990437676433,0.7558621072217416,-0.45236173114730405,0.6782905598557624,0.1231111162617368,0.34718151270918524,0.3729407037630872,0.5809139469662556,0.6193221403386818,0.2608448999408399,0.5573447844387298,-0.15436868649461305,0.6707043733207674,0.4870805767483026,0.2631325072891959,0.07439654332202,-0.3212333166761025,-0.2002884771966322,-0.5254751046627121,-0.5950671764467094,0.42269228988903484,0.4259938037402252,0.480614944233786,-0.4624998869703186,0.3225330539571795,0.25567041280168623,0.6319245999042552,0.2429296317692426,-0.07921283477096477,-0.3204607250296396,0.03244704729417446,-0.14855216121858214,-0.0020936020782735426,-0.09147890773464473,-0.20906742825770436,-0.10409805005224602,-0.38051761174377546,-0.3513063185250539,-0.1287970479477535,-0.16480883788055337,-0.27079369146114424,0.329825516604955,0.6237229435941063,0.6681668902864332,0.693011676986371,0.6872606370941808,0.6815611574940809,0.7550824863169004,0.7354805155940431,-0.34249663867891794,0.749179168532268,-0.10045932568806351,-0.2570505967086129,0.5196637036166021,0.20888812727344055,0.2013294417750863,-0.3351000199550844,0.728729561199793,0.6641962738279434,0.6474595699309009,0.6758458921346049,0.2688734551295616,-0.1880841179354015,-0.4145243164823587,-0.5654901489823098,-0.37941447222922253,-0.38473476246742255,-0.3402675643347256,-0.6114836192858163,-0.45064596592145006,0.5552428134458408,-0.3843916520915925,-0.5112258334931072,-0.39258267659191054,0.6572653398982273,-0.4665192158473126,0.3134835133678214,0.563100736795379,0.5465845602201724,-0.466566227303887,-0.6114289433109554,-0.3734061825542222,-0.49711003319279107
-0.05744128965263154,-0.3715607930727842,0.07835052069797674,-0.15171137295129683,-0.4602308973483504,0.10444230338340778,0.4139847647390592,0.3405155743476408,0.21080127594493378,0.8940148796900272,0.6924333071573858,0.0,0.8827397610485417,0.5218852888899487,0.6326197198746086,0.0654297458936171,0.7975401750891287,-0.08349669746228902,0.6391350407799208,-0.26747370776296503,0.6887627383442744,-0.021621492003848546,0.42283595784110634,0.7609434376865521,0.9130730116083912,0.8830844644677318,0.06826137571547632,0.5769946658479683,0.23313685076788887,0.881186705234305,0.0447924732969363,-0.18813938317139106,-0.31309424410006137,-0.5409570992147941,-0.33790195817673635,-0.4450251213800128,-0.8566641257338231,0.09269534648229123,0.20071076609650007,0.30008467555948876,-0.8184830594049888,0.12689366593416435,0.02345193549096491,0.5054018286337338,-0.14971647479437697,-0.5455856875291276,-0.6818237856973156,-0.26035965363548147,-0.40351337399333975,-0.4340216982691745,-0.04221257726405367,-0.046922895528879606,0.053375871999530096,-0.510924805675795,-0.21261039651055413,0.1382163520829107,-0.007048079038227391,-0.1432838218946198,0.6880880379962026,0.58702288125705,0.8240643331171453,0.7919196083752211,0.9233637244370749,0.5385933028715797,0.6618808616113075,0.5425249217284627,-0.18153177738469103,0.7644917481090079,0.30274554850142904,0.0369609527044123,0.7151548835027323,0.7466969575351718,0.6423411026803989,-0.11242485983515635,0.954617399611459,0.8538983832655388,0.9141316345553253,0.7902635488990026,-0.18670405412081847,-0.645041146579135,-0.23236425311038014,-0.5408586787579477,-0.5372850176386662,0.08408981560614201,-0.24440495059442718,-0.653386171829717,-0.3734921172540529,0.6927270832000171,-0.16223028753012203,-0.5109911098671865,-0.5257248396173144,0.46052413027450617,-0.58175980326147,-0.13729770470291305,0.271940719903078,0.313978230639804,-0.7514006771507545,-0.6669713192985247,-0.35001975790791656,-0.7899696609319843
-0.06707963599330166,-0.5458280536135,-0.1458034529974371,-0.07198921721291339,-0.5915392575225062,-0.07312564340665134,0.342004562898215,0.19294379728930125,-0.00758108771911567,0.8148421626182771,0.7502644949939885,0.8827397610485417,0.0,0.6480780351806582,0.699542543638391,-0.00437244961722664,0.8090674590532211,-0.35585876909053316,0.6933363773648946,-0.5008916610795859,0.6082339062589652,0.20529717721079374,0.5072172460216322,0.7147299436091252,0.7552642169203682,0.8486207283429988,0.2462283167807151,0.669135129762449,-0.06162922975012587,0.858089501567904,0.20919353221260165,0.05205223850084553,-0.17462592372097785,-0.31336665165422684,-0.033527555380522454,-0.5438971716040509,-0.6954460259216652,0.2668424272110411,0.29945013296893075,0.3402789997974629,-0.670817403218294,0.3354757994535958,0.24448847663056292,0.6321265403990032,0.13222810880909724,-0.24536904271481658,-0.4084953744073249,0.005970408759978689,-0.31758077764311354,-0.2209133094495601,-0.3234756443142158,-0.286266953700771,-0.17894078093061794,-0.5802688176476963,-0.441731670329756,-0.15829020981905503,-0.23940074564262784,-0.36173957729831435,0.5531366725531687,0.6822056513466448,0.8109376431930274,0.8210071702503026,0.7360492600846306,0.6346818998348603,0.7011394695194918,0.6459267775347711,-0.4262604344293195,0.8132426406617628,0.05735948864218738,-0.24454300390776035,0.4512843597576637,0.518934924097133,0.37886128595413904,-0.35741447595474224,0.8318368447782395,0.8562786091365938,0.7499123817691283,0.7782602073081492,-0.04503359243048565,-0.38880946372291253,-0.3026513912944986,-0.6264695913121592,-0.44864481088519326,-0.17594849661005274,-0.4272078002146971,-0.7141453783586534,-0.3947477243222884,0.7633168881851643,-0.36789933846658274,-0.5923740962463401,-0.5656417143485701,0.6375669668805078,-0.6019701474679957,0.10444024664189404,0.44727537165810366,0.4814614011619661,-0.6929810865202325,-0.6921443258531896,-0.5317243463629399,-0.7571230042988898
0.30994267648196916,-0.3854061249707497,-0.149841393296014,0.40229109814855907,-0.5266165831548845,-0.0530985057969167,0.474031050813255,0.11937683960619287,-0.12333636994973908,0.43936134297200485,0.7458695849353542,0.5218852888899487,0.6480780351806582,0.0,0.7598114938592726,0.35086846672445415,0.5971928756458048,-0.42239773120401586,0.7790223018219915,-0.46464055614128646,0.663097502498826,0.4088612536879171,0.5296142307070608,0.2392270274152866,0.3176178859738544,0.4429738214503521,0.5407529555141773,0.6112196944877453,-0.2769863927938965,0.5437625534238724,0.5447834397539145,0.5276997628347133,0.39479437104171483,0.11944919125635783,0.1829970775206565,-0.5610624260568835,-0.22504552256949512,0.6151359066350367,0.6044151631545732,0.5693320012919291,-0.06600224085372758,0.5006657611524166,0.49505704589323446,0.6243929916554057,0.49509649559991153,0.2772129447120153,0.1196591682388811,0.3709740784176533,0.18731291153757823,0.3404781805930868,-0.25233300872504527,-0.39248119930394565,-0.3362237552344564,-0.4108458027685788,-0.4380742881835885,-0.2557469605160857,-0.37457581808720714,-0.43937660167232884,-0.05400440854784971,0.6334862716735419,0.566267636054814,0.5895716140378167,0.4050566227122267,0.7294729896450105,0.7664399522046045,0.7725828378047801,-0.464117435209095,0.6957667484301492,-0.3323296638023237,-0.40991049714390115,0.3410084784067487,0.00966167335661684,-0.0002736650298881029,-0.467499526892844,0.44478209773987265,0.5221965893882029,0.44624431163349254,0.616335674536903,0.2777824684330893,0.017316826406782317,-0.553207387288019,-0.5693864745495004,-0.3991541400381196,-0.36082652756552736,-0.37183903669115387,-0.5414369401998445,-0.4718458931179844,0.545640212679674,-0.5233599966293819,-0.5524270137024688,-0.4430155345324841,0.5728827579879564,-0.4445373495335891,0.45350171747353485,0.6726090748157949,0.5012068764826878,-0.27121737269986235,-0.5380020555856107,-0.2739999589936918,-0.274821820282265
0.34311039860031567,-0.35346040046047067,-0.046743275798345835,0.3768674585415814,-0.5540566351326612,0.03163461321690234,0.5675219253813502,0.20362691039173844,-0.004243477825934712,0.5695989747172401,0.7609502134388773,0.6326197198746086,0.699542543638391,0.7598114938592726,0.0,0.49243511764611264,0.7348662527067306,-0.3825575603491125,0.9007122190157005,-0.47577790840392825,0.8388342584861426,0.3952217234321381,0.6201688363563823,0.38835515255815417,0.5094730454036449,0.5844169152543902,0.5520558846481717,0.7123268077662414,-0.20436606901685397,0.672230121976617,0.555331051573326,0.5023850360021885,0.4068907738002033,0.034557272944254605,0.07235396334375951,-0.6750267097901694,-0.4658223776715774,0.6656909414742069,0.6943128746792777,0.7003571541918857,-0.17022436198554053,0.5312987550734524,0.5075156895082152,0.6799971177645348,0.4476578820026635,0.14770654826064267,-0.019637819944049596,0.32237990916971626,0.15031013521294273,0.2666388572316003,-0.2328055293011622,-0.38641845425538296,-0.32590796447652276,-0.510927195826467,-0.44486960230064165,-0.17653002978260954,-0.37406897783387977,-0.4536947578327457,0.010809046854684368,0.7475940652310885,0.7205587352669661,0.7136020663706326,0.57973813790142,0.8303420695837931,0.8824503440881329,0.8578282473692167,-0.46685544318465894,0.816977403029678,-0.2894172324393282,-0.36608930266771916,0.5178271899283325,0.14593063520349958,0.10738220147130335,-0.4681509038500364,0.6119639323274709,0.6650874837683913,0.6030292322878428,0.7628147681998216,0.24126009622803155,-0.1669535870073008,-0.646592146529495,-0.685514617023426,-0.5888334641194297,-0.2891915071553622,-0.3863392997314275,-0.6755522939663862,-0.6504797942568116,0.6448098647306667,-0.5610169842158075,-0.674374242715016,-0.5823527947835181,0.5796856117528643,-0.5848358843786315,0.4168559770183844,0.7215691046362794,0.438739871135934,-0.443679635257718,-0.7024738754480767,-0.28390050016866625,-0.4294823804612523
0.7743623028767878,0.18866781968185034,0.5256660187336579,0.7471326408163,-0.29285161212969246,0.5683385887677582,0.8256174857727363,0.3048878679703205,0.4022566723044197,0.10487147560854168,0.12564627536322492,0.0654297458936171,-0.00437244961722664,0.35086846672445415,0.49243511764611264,0.0,0.16876277327985223,0.1788272795220683,0.39556802845962924,0.08888097632511444,0.5720211882331353,0.29292891235393415,0.47644073019151595,0.06894493863451882,0.08386982059432396,0.03397116780997778,0.47455013596323875,0.310012946459857,0.10450047804573608,0.10911751316132853,0.14589281662480874,0.34031360146670225,0.639998696750967,0.4069015244747162,0.08492300165592757,-0.3160108071058976,-0.1234748042678966,0.47221591110847333,0.6074980555544566,0.5699363215502766,0.39015569884692797,0.29625027809233034,0.3413815755169111,0.11390726578705163,0.21775021589618979,0.14713457473761132,0.23411778337938735,0.3181764824508438,0.566065634972021,0.40466578165302036,0.0022820658228248085,-0.1318109064741198,-0.23652589678478972,-0.2508258499922929,-0.012707933473156111,0.2087510765038312,-0.17001736774850093,-0.12738874695108887,-0.5007828455998131,0.3231145024355695,0.2688349849800784,0.11265736482157819,0.11506554821819753,0.3621997269726695,0.3946984495933871,0.33323420550452926,-0.05743893478644815,0.22417056914739522,-0.25702611261794756,0.01346000767699926,0.3640363014679881,0.01960831772642789,0.0331990776252231,-0.09354600078951368,0.03857683634035012,0.08058365673137431,0.10860724322932633,0.31259721919223526,-0.10885628784713577,-0.29507558797348904,-0.5839843208547454,-0.2963153220464298,-0.6449500261014245,0.2439768346607432,0.04040464886414678,-0.1981799452957784,-0.5894979699277058,0.16804354123072543,-0.25299439182073097,-0.3787689450818195,-0.444001670086862,-0.23527617064035614,-0.3346924910720715,0.09455999927483046,0.3240244392736686,-0.2723784667892955,-0.07997266032044126,-0.32094331044896024,0.3427441165666553,0.05861278983701134
0.15511104030397732,-0.5570640776229735,-0.1074653684465769,0.06615947243956005,-0.6857054371417717,-0.0047444619350550535,0.43078823587905574,0.11581800920776003,-0.04326701885422112,0.7428084599471226,0.6913607972449086,0.7975401750891287,0.8090674590532211,0.5971928756458048,0.7348662527067306,0.16876277327985223,0.0,-0.3730398044486985,0.7950134047574978,-0.5082264266100419,0.7525663906800157,0.3992436553510177,0.7045525767784561,0.7585447018275996,0.8061536289731753,0.8694634790468071,0.4510608990563403,0.8050524348507639,-0.05943782864758894,0.8696388057557712,0.319426396770671,0.2026662233607442,0.021237229036324766,-0.12522822808953898,0.10034434858300266,-0.7163032539690466,-0.7512166918400545,0.4272728430622201,0.47229262333652616,0.44279991196156826,-0.51816257159287,0.49127502888748864,0.4087236911244557,0.7228854421289098,0.24499648998351983,-0.12047975686639516,-0.27340036972833615,0.179125150186334,-0.11559105882594622,-0.05489547563606843,-0.32947664251671654,-0.43542516140056353,-0.3498121670566398,-0.7356393234891763,-0.5423524235551427,-0.1932053225221697,-0.40620568628524967,-0.5205199416976201,0.3764168939626539,0.7918211517930264,0.8564301326223428,0.8719271150844428,0.701751925412579,0.7560369806657304,0.796757368328976,0.7483342832814353,-0.5140631425099853,0.8713452589233144,-0.08022114862458948,-0.3288181633104924,0.5073816599594995,0.5419435336235455,0.34767365820879864,-0.4722455351293736,0.7918474403097894,0.8715896290094907,0.7607292172206414,0.8646070179378562,0.04972257465879951,-0.37376278148029857,-0.5001275020207654,-0.7614661346203419,-0.6489159197328128,-0.15028418667342533,-0.4875634636115357,-0.8099799452008253,-0.5976075109468532,0.8642671310639399,-0.5096314839389474,-0.7440965037964887,-0.6948565301317963,0.575783780473302,-0.7662209560683212,0.22095811491452816,0.5383086007070994,0.4459633274835199,-0.7071608599984057,-0.8068668068523078,-0.44836804954935544,-0.743719855442014
-0.014341479280475225,0.5941077272875277,0.7494841413110831,-0.12803872002708436,0.48166273117485936,0.6247720322501936,0.18669250559194192,0.44625855328095104,0.6737301717873807,-0.05759990149120171,-0.37376990437676433,-0.08349669746228902,-0.35585876909053316,-0.42239773120401586,-0.3825575603491125,0.1788272795220683,-0.3730398044486985,0.0,-0.3256723830987628,0.83900506945854,-0.016077517210881683,-0.574375918688871,-0.23360793910315925,-0.1725107598730535,-0.032178658489620454,-0.2294340141326653,-0.33858708419369626,-0.4326707792621197,0.8463396124531741,-0.2166950399970857,-0.7339955433615947,-0.622458298924715,-0.210868470433709,-0.2802407487621936,-0.5459462068736531,0.5439852353588965,0.1041686202736969,-0.5327791154139613,-0.3733868336906443,-0.3514530402733164,-0.018671900626402407,-0.6206649400135854,-0.6120397395601219,-0.520051587068682,-0.6866804995974819,-0.5768296885520562,-0.35415339801336976,-0.5652317425129161,0.07044382699272805,-0.3412477030143533,0.6219968485019887,0.6811046524386462,0.5610058647984832,0.34802060645375205,0.7780481889403922,0.8664467717898576,0.6718508974046062,0.7098938228621764,0.01723289493351753,-0.43607750679400636,-0.20474179288400612,-0.38108583384793265,0.15095420883189622,-0.4599570720232125,-0.315841228665184,-0.487473120015161,0.7671234473605961,-0.3545535700891251,0.599047389512258,0.8292160277102386,0.46519374312097095,0.42103918734913204,0.6173426453757894,0.7645392131223011,-0.03659327227321231,-0.3219798924712645,0.14052563253405703,-0.22371300765708052,-0.6981152696131001,-0.5265169470819613,0.26800297985079236,0.46713914612135105,-0.07484842077646549,0.8089058042631372,0.7429713901359244,0.4802138313735821,0.3011169699138845,-0.38625155540558925,0.6868974230220745,0.40948133882871635,0.18112555597224375,-0.7493713093987077,0.24525192881386015,-0.7386457944821113,-0.6273892875034677,-0.5471737364009955,0.2553992002084771,0.3833399760215133,0.7456382879381388,0.3061995300678421
0.33008104575576713,-0.2919886437163189,0.025354478040582166,0.41791147104478077,-0.5006691125081977,0.08720361788051136,0.6122425076215481,0.2648922809549368,0.051787858819190846,0.5678235092166032,0.7558621072217416,0.6391350407799208,0.6933363773648946,0.7790223018219915,0.9007122190157005,0.39556802845962924,0.7950134047574978,-0.3256723830987628,0.0,-0.3614481814342436,0.8039690723698438,0.34091860334144947,0.5789211249116235,0.34653260116652895,0.4213362005906304,0.5166762731867671,0.5160993161243238,0.6349706372192501,-0.09544809259929557,0.6244518106884619,0.3959201730532909,0.43259976546471374,0.37140323591500957,0.057480685279574346,0.07872604968732688,-0.5477175458621887,-0.34230785013712145,0.5771149781556418,0.6059109606793193,0.6263401395241726,-0.1349363623540397,0.4289481648095717,0.4257541111868349,0.5696515682166706,0.37390409793498314,0.12279298949160526,-0.0002952201687967902,0.2794644615873262,0.15433130670785639,0.23598147394773517,-0.19381446153192666,-0.2943059241936121,-0.25432382913598595,-0.4185442620758883,-0.3408798167907005,-0.09837143947785104,-0.28141661975491566,-0.3551130458937476,-0.018842899629548777,0.6575075088146402,0.6511832797421481,0.6270119929177067,0.5495892926006544,0.7426636236142989,0.81195345696834,0.773972312088983,-0.3741678175584473,0.7474529108049509,-0.20860290781364485,-0.2669107358498579,0.5243356847036192,0.1708737972182059,0.16338105405981423,-0.3572154342714334,0.5500386485143134,0.5933245849590364,0.5925044040192176,0.6948831724906825,0.10330188352107184,-0.159611669565218,-0.5660116483089067,-0.5787867900291628,-0.5292938555216548,-0.16544494706854132,-0.2660527711402569,-0.5558906902743971,-0.5460973021027349,0.5797726739120778,-0.449084162645841,-0.5806038803000713,-0.5293470666362952,0.4883886510443532,-0.49853968833075823,0.291635530334207,0.5962843141723421,0.34324010237652025,-0.37310787165396375,-0.5903870704909857,-0.21044973387018764,-0.3517609533629084
0.014827378977194456,0.5688032197761604,0.6802915981444921,-0.13499667095977594,0.5181115268629614,0.5907358979834323,0.07876678208580533,0.3791580461529667,0.5820214190332546,-0.26133590157362274,-0.45236173114730405,-0.26747370776296503,-0.5008916610795859,-0.46464055614128646,-0.47577790840392825,0.08888097632511444,-0.5082264266100419,0.83900506945854,-0.3614481814342436,0.0,-0.1599660846876566,-0.6053519947220722,-0.34957968857745236,-0.4146899843909767,-0.2023046742180638,-0.39574350971333844,-0.2812174544276465,-0.5329152195068231,0.7766431443410632,-0.44787812261336707,-0.6119211158408949,-0.5588801010562707,-0.14152048913508755,-0.2885561336472201,-0.5190222503957295,0.5827494234664555,0.28740578761104957,-0.5322215486034348,-0.41219011321694266,-0.5391415377352318,0.12654814802608216,-0.6098076874627919,-0.6164910725233966,-0.42622117386776504,-0.5858140721408048,-0.4229267658501441,-0.23310243986119683,-0.5279798863280988,0.23166980990900046,-0.16876271496909662,0.6303163381629684,0.63389523839879,0.4968550968823124,0.3915922983907096,0.7760897021970397,0.8237192645063113,0.647391576706911,0.7190349473275967,-0.13152515534887577,-0.5034722990291974,-0.35558311631257405,-0.48403906376508543,-0.00896174576674989,-0.5225279187755231,-0.4095388641274914,-0.5317894706512781,0.7935649302295097,-0.46543204611593064,0.4549689937767474,0.752667091775952,0.3401900295660862,0.22744122516332693,0.4721996245819795,0.7195628285997572,-0.1791781999615238,-0.5026276011354661,-0.02070700637203918,-0.36290744819397786,-0.5321010218760354,-0.3489160110770963,0.26714947471072165,0.5245359052940792,0.07323632771358682,0.6032019993369404,0.8630310883380028,0.5907337847212711,0.4555573924730612,-0.48293242040575973,0.6897648342002521,0.5010353522772141,0.31040649056595304,-0.8115233645114991,0.29853123014760685,-0.5571791504202974,-0.6035480939135363,-0.25469090709136327,0.5575773756680179,0.5251712973991804,0.8837879642449316,0.5500558130909151
