0,1,2,3,4,5,6,7,8,9,10,11,12,13,14,15,16,17,18,19,20,21,22,23,24,25,26,27,28,29,30,31,32,33,34,35,36,37,38,39,40,41,42,43,44,45,46,47,48,49,50,51,52,53,54,55,56,57,58,59,60,61,62,63,64,65,66,67,68,69,70,71,72,73,74,75,76,77,78,79,80,81,82,83,84,85,86,87,88,89,90,91,92,93,94,95,96,97,98,99
0.0,-0.4374840184952655,-0.3156547240296886,-0.29928024828642996,-0.47255180065031077,-0.23281164955606087,-0.28050290409005935,-0.4661662544282717,-0.439267981208751,-0.06257797219326203,0.02317535803100555,-0.04573371255833753,0.20356616034373318,-0.0215364711825715,0.0812980834019488,-0.26285450618588246,0.010347168620718737,-0.35436875666661216,-0.12744472710380247,-0.23090554681731915,0.0653056514485253,-0.07694799765462156,-0.05770181824616693,0.1165644095541921,0.043240282532874305,-0.06228624260616032,-0.06475987445292335,0.10040183786819726,0.025656439824802302,0.15889940901952312,0.2398660208089309,0.14472077335197145,0.3759711819711364,-0.25626560013238997,-0.17900095266316499,-0.12171895369336837,0.22542111367226475,0.1424127958851438,0.17882432573044307,-0.42463588576359546,0.3132900257150119,0.22205793770490978,0.29276837255606997,0.2563342962981508,-0.14488613505710474,0.30247799297002625,0.24862076331190142,0.39767344036238034,0.25989536074804387,0.3394427104632826,0.3398734777575177,-0.41200521018515984,-0.30325593948879,-0.2932202139553197,-0.36074236433751933,-0.4344105348709259,-0.4644817107164023,-0.4796677694087064,-0.23699364609429938,0.05172064949790019,0.10788167657615627,0.10895576453166173,0.02952857722141233,-0.07073672685226133,-0.1285470303296738,0.03276718669764028,-0.5644259554633819,-0.11449925150946239,-0.26406806468020355,-0.340903455124134,-0.0727537468349734,-0.21164335870331996,-0.01157078807898164,-0.4288156485471179,-0.01057125593953803,0.044667964260962714,0.13336487274361503,0.13493954311588188,0.3297984451024684,-0.19766109549447589,-0.03324812192123868,0.18201613990212911,-0.10489081604000557,-0.14347605463526594,-0.020702500255902916,0.1664168278515389,0.292991278558326,0.17765552823803218,-0.2333898143089069,0.17942748127596603,-0.10653910208561417,-0.24902545366580764,0.1538852492132828,0.473997065605543,0.2729495722639592,0.2777949012465335,0.25827632122997907,0.33928151536131984,0.23822287302199915,0.34821188744929804
-0.4374840184952655,0.0,0.7114534353486981,0.6042552183517753,0.8876939438919558,0.4973149427818494,0.5009669254598433,0.8883152687383126,0.7703946256370806,-0.042244608525926576,-0.3001290989445929,-0.03865137822894992,-0.13184613944857415,0.15777560775316402,-0.012993244282056626,0.579929977971285,0.04863103634699928,0.7941302513366482,0.1771667338375178,0.5426310717084467,-0.02570959832408141,0.44561771123579225,0.5522792415232668,-0.2228286780997999,-0.3414750778944691,-0.053565013533875216,0.06793838720415794,-0.18639312745392458,-0.10556798354996787,0.07910486262002746,-0.5279183248478069,-0.5575982590725743,-0.7810179560104703,0.5436342998988098,0.221552352782687,0.3416784191838677,-0.520383660297378,-0.4775035840390795,-0.7331473613963377,0.4451307528543947,-0.6303633110657767,-0.6855074309772831,-0.6315976889158545,-0.6624231919703011,0.31406056663401494,-0.5764217209294806,-0.11566445011941544,-0.4437714262786084,-0.3344306077021181,-0.696419513749711,-0.11115543389656307,0.857398668011599,0.5279391753675755,0.6401208682626267,0.7573942003028505,0.8018791667611314,0.8866784464900807,0.8385869521248508,-0.09433174074420629,-0.23715876927317597,-0.3288855414583407,-0.019634246940725134,0.22865219442992227,0.2041482512924586,0.2569872873074955,0.0930086975626146,0.8080745830857219,0.15152350798161943,0.5052353258466732,0.7444271953626136,0.22827573644134824,0.412397904965751,0.24062856273480754,0.3054171872950655,-0.13088613427399692,-0.23847662475664266,-0.2128288213302592,-0.10351792349934154,-0.540529120675594,-0.139381252757205,0.10187690587374773,-0.43871440913971954,0.06251635698030446,0.12276652785352979,-0.0891761043550346,-0.28535367451616855,-0.5571566409915866,-0.47047182152570366,0.4833142001726365,-0.5561953091295675,-0.5173334510697113,-0.15600993223758775,-0.6328681416722892,-0.7925764302590442,-0.376682504631544,-0.7130038187056839,-0.49411152507352757,-0.5540483254796714,-0.14791544429095968,-0.7202862294981283
-0.3156547240296886,0.7114534353486981,0.0,0.09255911560844843,0.7122359545806036,0.8196709659123843,-0.06819734151114,0.7028161075959672,0.8630283565685315,0.08926691721901603,-0.26600188001023584,-0.17158695726247497,-0.48200753201721785,-0.3481510433464078,-0.4713118410613562,0.13988284167248025,-0.3438157039658152,0.5470286232798057,-0.37683510079420923,0.4333982348962593,-0.4708510326587704,0.12526336320351714,0.2513326341076409,0.03910791627786566,0.008460185065606722,0.07883521687693888,0.2831187100326215,-0.1822892861050909,-0.2020518429166372,-0.039836542747741566,-0.3450294160223751,-0.07773721700338561,-0.5037728114076122,0.5854869481979365,-0.026751290116124173,0.7499146660652614,0.00021242159715953416,-0.1279359364108313,-0.5048585925547642,0.028558453379431848,-0.25116982778629,-0.17551748706545037,-0.1891456751814781,-0.24388299944563266,0.5785473655256147,-0.15593529799404485,0.1483202295757563,-0.21905638959990692,0.22084561853444593,-0.3682430351686238,-0.2191053763874216,0.6775367022247325,0.03673956736845691,0.1876943781034703,0.8491520120772924,0.6724865687962306,0.6225782712765128,0.7808550944020561,0.08382599780417618,-0.34209974701269913,-0.29350186898815517,-0.4470515821682862,-0.23302947862698675,-0.30155989639597786,-0.2848899996337641,-0.3748743472178713,0.4460430509870745,-0.2957012685758044,0.3203877120930309,0.489060278648149,-0.2288759675708102,0.2292408473485835,-0.1838932007513807,-0.1011526702149677,-0.13249626670523257,-0.05199228252881753,-0.22226040046249892,-0.17255734064403525,-0.12634636622002965,0.2735310135533558,0.5088749300966869,0.14763857411629072,0.5316449319323459,0.4975173490086482,0.37576374431714593,0.2466118343317717,-0.025419499581537126,0.08822255967686331,0.7866007274706163,-0.09448202270840433,-0.247781252276705,0.19392280679154095,-0.7138982642967867,-0.5135743609287929,-0.3458942355566219,-0.349229935349254,0.0066299417053020246,-0.09109218386256095,0.25180701317834236,-0.41266083223790345
-0.29928024828642996,0.6042552183517753,0.09255911560844843,0.0,0.5909988198944395,-0.11269488604672101,0.841951575734195,0.516639165276375,0.16533247140678106,0.20546131373548257,0.14189109882223522,0.40605318917059474,0.44633547511727056,0.6651598388387966,0.5611228876900224,0.8281311406868557,0.6000454327748703,0.6705459925423138,0.6957223629786612,0.5559836293217901,0.5773942394668705,0.5966603054930888,0.5723993217773117,-0.13636163359940226,-0.21659915310453315,0.09987031616995191,-0.16915336654788787,0.20739109775329875,0.3788479080021208,0.3040743292626272,-0.4805212888505711,-0.8139959668347094,-0.7142354346679068,0.3421476592405885,0.2827050618463435,-0.22289797571299885,-0.6681285853710918,-0.7244073770423476,-0.6199240275854033,0.742030655766217,-0.7222092564860273,-0.8035962142304435,-0.8692917083237831,-0.7322077093561309,-0.2655032479358641,-0.7862247437396922,-0.5263600947097822,-0.5503648332270765,-0.551477519831191,-0.641528552541944,0.20956987405281374,0.5662394726960027,0.8406502019519683,0.8543737741140514,0.2620715749042867,0.5677720115576498,0.6278712833730691,0.4641330266538403,0.043394168393291466,0.30871860321073324,0.1468674356258369,0.5393039974296613,0.6470799989360192,0.7033159880939024,0.7348195399002517,0.6323320677651099,0.6996956999472497,0.6583510641024471,0.5890213656761802,0.682033151636078,0.7293301183277191,0.4809398930337335,0.6127072574966704,0.5511798783404108,0.21237618464788158,-0.005754553275240911,0.28412013563247995,0.246216966976221,-0.5564469469862326,-0.6086291564329914,-0.2510796809559429,-0.7714295766008429,-0.5280888493702129,-0.38071974215351845,-0.5119068214404254,-0.790444010916433,-0.7053516504186147,-0.6586991433677364,-0.01792058995421848,-0.7973856493073416,-0.49469452473110376,-0.5249870402711304,-0.06521848376488319,-0.48888298372543987,0.02798717365308764,-0.6486666068324551,-0.816917741289294,-0.7889790588390811,-0.26345179616053516,-0.6307164881171294
-0.47255180065031077,0.8876939438919558,0.7122359545806036,0.5909988198944395,0.0,0.5720150049086076,0.3925886615571396,0.7921408169483906,0.7701138368873797,0.23322444669329534,-0.08441008757305953,0.10499422171523784,-0.1665475252402188,0.06274578896991827,-0.07697758476918869,0.5078180473275316,0.024290661710042617,0.7283971077615765,0.06897115437733238,0.601820506577686,-0.07642070068767153,0.3456066588487545,0.43417954842257833,-0.018517619742463264,-0.06101948668336275,0.12554222210959995,0.186125035311591,-0.004531029228319633,0.08750252881736151,0.09859295887690661,-0.5281972724961558,-0.43245413845431524,-0.7203801751194026,0.6108883719940267,0.17722162376491227,0.4626488438413637,-0.2927967928099163,-0.42088646990486056,-0.5947470905001111,0.5096286825591764,-0.5201861777759108,-0.4941106879937463,-0.5436775086627625,-0.5036737627832957,0.29160805726367883,-0.45886109580066803,-0.15337106722794,-0.42188449022168767,-0.06101538958549115,-0.5436137125305187,-0.15836908417159556,0.7849585841640088,0.453190258748331,0.5649995796497745,0.7579432582481843,0.7942574053295239,0.7801897424585892,0.833488999950429,0.20094107383532475,-0.06478491712344137,-0.10491834943062091,-0.09343520279795124,0.11966840309473631,0.11839419668911506,0.1561742932518676,0.0267523502455525,0.7226592584527499,0.11050422767616994,0.5201495987725678,0.6912660586416076,0.18581740387927395,0.4113535160801041,0.1504483245270331,0.34427842161845434,0.02942490967481086,-0.004049109096604373,-0.0021122794291719214,0.005496265749999913,-0.41706773632248917,-0.05926044392145489,0.26335147230330413,-0.25896190280630843,0.13518719051977904,0.23380728521016478,0.06371681049144867,-0.19400119126457288,-0.34727614959796055,-0.2233092176136282,0.5807613252901721,-0.4326725904919591,-0.337691632458745,-0.03443737950274073,-0.4934625578379457,-0.6423880446927092,-0.23534636896885744,-0.5413624679114752,-0.37140615272033856,-0.427480743952276,0.0717749555860349,-0.5789652873817974
-0.23281164955606087,0.4973149427818494,0.8196709659123843,-0.11269488604672101,0.5720150049086076,0.0,-0.2838187813081295,0.5468070039556486,0.7986985709899753,0.3316061160461857,-0.04953210979853735,-0.04521878766714127,-0.546192575289644,-0.4944136751681271,-0.5885386487442011,0.023357374158724718,-0.37052329938100226,0.4562915457412888,-0.5385955197218397,0.4700357745821927,-0.5452497307013796,0.06669280092219346,0.1289352108467008,0.29125961719525073,0.29841591429367176,0.2954026078705571,0.4061154110934119,-0.020364757543327266,-0.0681030217278372,0.0002764703338047062,-0.31457532128845855,0.0816471745462466,-0.40398894958994763,0.6529790941510165,-0.07686272911049563,0.8612729452890894,0.2131228913085758,-0.0735501691228608,-0.40652659705659044,-0.056007924749603574,-0.1596069969903074,0.05543719354419532,-0.06919416242323972,-0.10420312308192332,0.5373756832812531,-0.03280429597095019,0.13748751364656014,-0.19703323141668683,0.4387437111520158,-0.26641026291271636,-0.20692443091587687,0.5827780552065126,-0.09432498074234151,0.05291026261630928,0.8150395679196302,0.6201229425447923,0.4573020759632158,0.7103538356463697,0.33921794954636264,-0.2107647162828372,-0.09664404119936831,-0.5525965563919433,-0.3782115865738714,-0.4295295610679398,-0.44246685808180736,-0.4791403473445427,0.3000627947899747,-0.36169124505924316,0.349034112591392,0.41831522764159496,-0.3066698973048251,0.2557455257542933,-0.28463373151062266,-0.18024310738836327,0.0614104370254324,0.1966507786011316,-0.060565092055087186,-0.0637999319377589,0.03742458636918044,0.383700960548541,0.7266775337568195,0.3732912448216446,0.6581678023938077,0.6462735444163965,0.5524403960146098,0.4120661905438918,0.19178311930606723,0.36709935938488075,0.8753357769457631,0.04652488664909502,-0.02214142119474955,0.33402561135290626,-0.5939894888050425,-0.3290052840742344,-0.21738320742853026,-0.21575949124310992,0.15461349038973488,0.04679435039931991,0.41078051635188023,-0.30942239862496035
-0.28050290409005935,0.5009669254598433,-0.06819734151114,0.841951575734195,0.3925886615571396,-0.2838187813081295,0.0,0.4093413123470408,0.07055350197456713,-0.08122661124606917,0.010303737229723404,0.20643137605908887,0.47405085788163426,0.7199103974501013,0.6439314903595282,0.6874741731661381,0.4961968808821285,0.4288757287136443,0.78260455709559,0.2349463103204501,0.5868551377875082,0.39152864147276034,0.39707198913111147,-0.4402134127105162,-0.4335767501030294,-0.2100269568482399,-0.3799196998253012,-0.008261718754821137,0.16532259972395472,0.07844889365815792,-0.22131883238155456,-0.6835049130609864,-0.46567087114320505,0.010120359224992881,0.22310043887006042,-0.44609694176690073,-0.6787879877056798,-0.4630583765670366,-0.3114237403013896,0.7817430035527106,-0.5064642611113515,-0.7210247884188873,-0.6850152037342616,-0.5621185834624985,-0.29864337539800634,-0.6795310416805402,-0.46132282117315965,-0.4179032022383841,-0.6333658576011678,-0.4318148004674676,0.08578026031516452,0.33828873656504965,0.7435400374741836,0.7069902431443338,0.026195876062139224,0.34201324509075365,0.5033582609172571,0.26370482189513733,-0.18064463760233834,0.217318909592114,-0.03805609925207518,0.5790681662091178,0.6734331578663473,0.7295699028166251,0.7922487059475816,0.6524455870285665,0.6294990236820033,0.6136138820216294,0.3214619147285024,0.4465715614641917,0.6474490639521687,0.23191624930955146,0.530348650111082,0.6534840526877916,-0.05625271623551188,-0.2641700372085802,0.07303915503710365,0.0390486267180606,-0.5421289861773022,-0.5474649670983094,-0.5728129615725189,-0.8053849044177338,-0.652111375990018,-0.6060100054061355,-0.6711232172112812,-0.8063947661460322,-0.7298724513471152,-0.7815577692647492,-0.28048618581692825,-0.6304658687831587,-0.4708812354813611,-0.45275866482732124,0.045586381165485135,-0.47336317892383506,-0.10211884027039553,-0.4824504351289193,-0.7599629096157906,-0.7098968644065506,-0.3048304143994575,-0.41644527328839964
-0.4661662544282717,0.8883152687383126,0.7028161075959672,0.516639165276375,0.7921408169483906,0.5468070039556486,0.4093413123470408,0.0,0.8430333288147447,-0.0801313296488049,-0.3987104908216339,-0.21170699497818274,-0.3356415084396005,-0.03215892215091561,-0.20564096966529696,0.4323171241700759,-0.16545086278794005,0.701522913336466,0.013520887288132704,0.46541685475547107,-0.2215500181430888,0.23401011091139814,0.34975160302721753,-0.2961258607113861,-0.3348766407986151,-0.17459482439084817,0.06275816462828143,-0.35736574122901055,-0.25588625882066207,-0.17496031889584623,-0.483472771904829,-0.3889013532252538,-0.6516349012080127,0.4785031526702751,0.05337752915743469,0.44959270751518854,-0.3693031718609029,-0.27918264548441074,-0.6304514042238576,0.3672650980703502,-0.47627568334287584,-0.5864397028457119,-0.5640942819530655,-0.5064395559647166,0.5039303070813641,-0.5032084421997357,-0.1324205267532606,-0.47548075786521754,-0.24643602742554482,-0.5650217555217654,-0.3754420689376095,0.8032735370564363,0.3666443855931052,0.5019881820867251,0.817134250362654,0.756630481513443,0.8689036310673505,0.8709061437314901,-0.10861144463033416,-0.3919311494149134,-0.455111115755901,-0.2309712646319158,0.0072015390855830015,0.0180298173631242,0.08713858922209429,-0.11036493256963181,0.8022139331119801,-0.058451683913431446,0.35992189936270014,0.6416414984596083,0.031231806058615592,0.21687641098204052,-0.00578621244971728,0.192752385153757,-0.2769157247199788,-0.3467085459046787,-0.32413970497958106,-0.3312833007086604,-0.5003118267114783,0.043930917837662356,0.12741693120911687,-0.2663667351690859,0.24465591694956895,0.17766127161333278,0.053268679801874906,-0.18596070270378207,-0.42268688707130353,-0.4113541115747348,0.58632661884282,-0.3511175695350158,-0.4954869283957858,-0.006088481426424052,-0.7411597197912887,-0.8342349188566603,-0.5526878834953066,-0.5759052757803232,-0.36606766785768785,-0.4518491813624389,-0.10750662339143988,-0.5822442970549236
-0.439267981208751,0.7703946256370806,0.8630283565685315,0.16533247140678106,0.7701138368873797,0.7986985709899753,0.07055350197456713,0.8430333288147447,0.0,0.03651038077281817,-0.24790871855456517,-0.17689515218258056,-0.41699522448525195,-0.24342619130588475,-0.35465153565934426,0.14836410908297623,-0.318805449569505,0.46465591345013385,-0.23052408019727696,0.3264943964884676,-0.38588292134698987,0.03795431062386275,0.16556820252615947,-0.10079247254372864,-0.06219114498852432,-0.03181678091292496,0.1855517437076268,-0.22782166754216923,-0.20727127895822053,-0.14089590296370064,-0.2828667784478705,-0.06634583914918614,-0.42380950762322106,0.4421840178514969,0.004886366158910178,0.5943931195796306,-0.029568794405146502,-0.042618927127292115,-0.31380119148894503,0.24941844570362054,-0.18537893834880706,-0.1742592330032342,-0.16644818911363676,-0.18542517849166223,0.5095047142519923,-0.15644060103690838,0.08127948789824961,-0.21895546279597136,0.13865448034472283,-0.275907773234838,-0.36118580589815935,0.5892968605067797,0.09344009438243454,0.2051861587019963,0.7311775647018843,0.602631027234561,0.6015943270673727,0.721710941612803,0.0902234203339521,-0.28210162669652167,-0.29223509374404766,-0.36636132938494015,-0.1767326893414102,-0.20459551036201912,-0.16072580266476633,-0.28745362155666954,0.5004860736395936,-0.224545725537328,0.233542085358636,0.41592318528270084,-0.1786370649679593,0.15219167850705673,-0.17726240375913585,0.13341296029383382,-0.19511849328501266,-0.13064568902583076,-0.24685653328679477,-0.2305443681663207,-0.1981727136929114,0.2721500933741014,0.313565462399389,0.06705958979567159,0.3989936375741174,0.36212937045454635,0.258530420411483,0.14863995657395684,-0.08310526190838993,-0.00547621778075175,0.6276693280395486,-0.05405439378306486,-0.18699892449406136,0.2397415143665378,-0.5681701877362534,-0.5430379457329895,-0.3766833941059798,-0.27155757871275843,-0.04034044402429377,-0.12777563337641556,0.1846512191975184,-0.3164340589362007
-0.06257797219326203,-0.042244608525926576,0.08926691721901603,0.20546131373548257,0.23322444669329534,0.3316061160461857,-0.08122661124606917,-0.0801313296488049,0.03651038077281817,0.0,0.6551885068990799,0.6205541785252678,0.13416852193466985,0.0415592607226205,0.05891800954956006,0.26885764226546705,0.341278204343533,0.2634826520215415,0.009666405567357237,0.5610041837882426,0.1754828559650192,0.2963397225577973,0.1561729978895563,0.6680342904478463,0.6812453360789418,0.6987471819728159,0.3740781002565135,0.6252863746743458,0.6908852975906179,0.4151079178828772,-0.3102407030261428,-0.11881574629798361,-0.20742733246700312,0.5241980418939404,0.1720571591439857,0.262723260724648,0.19382640356127476,-0.3259321521001658,-0.13334110122002346,0.36602864525525647,-0.1787826780476718,0.07607883336034899,-0.2208220848445048,-0.10265611751722378,-0.19276880829307547,-0.10485796713576903,-0.23828837104083786,-0.1984346610129968,0.30745158554694313,-0.12100525157128146,0.16969866084680754,0.16591427189548527,0.22714408981843653,0.26414743574100513,0.1917310240474805,0.30751180326034677,0.0315284425132031,0.21076465633441474,0.761526243333406,0.5681619376248241,0.6577500457048315,0.06798837112682306,0.0305648713440566,0.10428952606172046,0.0430595284680247,0.1453476249433519,0.1158231507197211,0.24771445302859074,0.5163124632788455,0.32440636423901,0.2866678803463857,0.45734075750874853,0.18817513365025718,0.22306728528777747,0.6837804013400093,0.7053550918790634,0.6897389141765389,0.5412296346944817,0.05703388886200005,-0.12796058522105416,0.5232737829435702,0.14165823125990087,0.009723298161859437,0.25562479129045046,0.23701078974938028,-0.0073411978241713655,0.18550105621029073,0.36815086184687407,0.3251118022251291,-0.13303920358517338,0.2649589411587582,0.009292745409240088,0.2887992614070957,0.19005453787372317,0.44605289632964096,-0.06053238719987203,-0.0714525162199336,-0.0696034145052605,0.30669089237991376,-0.11725402207512715
0.02317535803100555,-0.3001290989445929,-0.26600188001023584,0.14189109882223522,-0.08441008757305953,-0.04953210979853735,0.010303737229723404,-0.3987104908216339,-0.24790871855456517,0.6551885068990799,0.0,0.7464109963340985,0.3386516631627022,0.19951241407722003,0.2565531434717082,0.21292908586795056,0.44760396710519307,0.029883393837554166,0.19304859856938647,0.28861337607029713,0.33294506984303024,0.1713033197457802,-0.05725494412279989,0.5372927793111729,0.7768192938028945,0.7095268171847601,-0.043640532281719976,0.704893106671739,0.6985898894175285,0.3755768926480138,0.1889916883552939,-0.021313437045392087,-0.12580342917363785,0.2232182847172511,-0.018014904054000958,-0.05438283000490679,0.15213374852913913,-0.28214239714602973,0.06434319391474246,0.3282966652801469,-0.17939559577233963,0.2856282742580354,-0.09306943152369149,0.01511704124467224,-0.5539244216637772,-0.1855273968998296,-0.4768370646704127,-0.29648972818151875,0.28559772935024214,-0.018838468179400516,0.4597457790181866,-0.0870726713064705,0.25692914769729397,0.14153783711809192,-0.12932521210998557,0.16592558395843865,-0.20946899326785953,-0.06435577603771167,0.7229366884208034,0.816534501399451,0.8063250904540912,0.30056166613826996,0.21362706564707243,0.25708788708119407,0.19854677079424213,0.2840075066859778,-0.08240068094736128,0.4375937587039132,0.4318064344252688,0.11248759754875425,0.3579613991979548,0.38704925886639335,0.21297502170759416,0.261575340585905,0.7206568387372777,0.7800761968707857,0.7131892791514863,0.5882834750381816,0.3852934220598624,-0.05330091197478809,0.20985384644211497,0.01998168532705086,-0.22271041246284318,-0.07274079706576682,-0.10184832018125728,-0.18122899853479188,0.12879573665876617,0.3791546001399646,0.0018629011744811569,-0.14414768141114545,0.4419652442272256,0.09633156402720318,0.5381124323464535,0.3925020481152359,0.5676324312253792,0.10727576271165729,-0.19106910171782499,-0.19174352472106887,0.44498003540041564,-0.024818999798920587
-0.04573371255833753,-0.03865137822894992,-0.17158695726247497,0.40605318917059474,0.10499422171523784,-0.04521878766714127,0.20643137605908887,-0.21170699497818274,-0.17689515218258056,0.6205541785252678,0.7464109963340985,0.0,0.5255276097242116,0.39851585011071017,0.42389199522959714,0.458485298632857,0.6721343599398243,0.2817872920665818,0.35609476025331366,0.5391484194962736,0.5231913415328864,0.482620139674405,0.3079431930818447,0.6550046983934605,0.6631595356950204,0.8197383347247998,0.15364240784589533,0.8541718278436925,0.8574807514635453,0.6692444946491293,-0.09315888589750704,-0.3081952989059262,-0.32948362293147,0.45536962679397663,0.29228156421373985,-0.03892523380449438,-0.029161036338590574,-0.5732362227006238,-0.18142364926894824,0.4506962510763691,-0.3460357788500462,0.016541140281645498,-0.24818367216748194,-0.2518204171142739,-0.5379090690489603,-0.27585137595035447,-0.3537289519847702,-0.21255306929010725,0.12137954259509871,-0.21861006325448148,0.5965566552384537,0.10954718102837517,0.49025979358436683,0.42018161818275523,-0.03984770238546979,0.2857418418361017,-0.03228385986148866,0.06191278335128143,0.7141958310568169,0.859654057176758,0.8516239077824653,0.49303916141818066,0.41638110241943693,0.44914739478854215,0.37573847354032275,0.48776218306387836,0.06271115613175356,0.626295125976201,0.6493893560120232,0.3675278044747173,0.5880328835487846,0.6406489645570589,0.5185811738566144,0.3826154762701935,0.8583534557673101,0.822416173511296,0.8327138773392251,0.8017778039122977,0.1714600342689286,-0.3150445054892403,0.27817638555501073,-0.157897951308656,-0.33755638548903455,-0.030713091007499027,-0.13533277863512594,-0.27989343350626056,-0.03952377709145128,0.25265290193557177,0.019359664594373494,-0.3971083979915467,0.2921529941411004,-0.1689322197386322,0.5277055290357427,0.33718986582671934,0.7157954569177625,-0.1422915837049946,-0.3389821752733453,-0.29779043486771073,0.23589588655090157,-0.22613370586712148
0.20356616034373318,-0.13184613944857415,-0.48200753201721785,0.44633547511727056,-0.1665475252402188,-0.546192575289644,0.47405085788163426,-0.3356415084396005,-0.41699522448525195,0.13416852193466985,0.3386516631627022,0.5255276097242116,0.0,0.7603066663075919,0.822442182075591,0.42787607446859643,0.7506749402194397,0.048470055745305204,0.665139944218939,0.15254058486108177,0.8153790755451875,0.443334050502121,0.4418825047906059,0.13897970045411598,-0.02282501066192301,0.20417868836398484,-0.18457093743362202,0.5704714697726424,0.561746783397563,0.6360741815941747,0.03967021294969443,-0.5014118426370084,-0.0967934341033992,-0.047071669930000594,0.2650152935296811,-0.5305681216494267,-0.2984447813872971,-0.4921082964638857,-0.0741436810144907,0.3264761087826446,-0.14326409590157527,-0.2550406764250092,-0.16663283587742547,-0.27452618512285387,-0.6215588349096401,-0.21069679258463694,-0.08408587677181996,0.1742656870237735,-0.20801241960509315,-0.03777360263244043,0.7213248790748236,-0.18927503975893836,0.475537984846226,0.3909300591227884,-0.48318061465710316,-0.14752469440627183,-0.19372054363367702,-0.3461632596641736,-0.07415616875126241,0.6353213422962279,0.5008526167441717,0.845219707393543,0.770169028812104,0.7211536592484081,0.6643863584778384,0.7976151534785223,-0.157786787999272,0.6904006620051671,0.26317347026161003,0.12290075298075408,0.718045618044323,0.3100529127717034,0.7185323630140414,0.25848701219547987,0.3942206231068725,0.26239169547649194,0.5643926844894942,0.6428754056441349,0.030109965949487092,-0.7588772912279355,-0.3487021414011866,-0.48539488829151706,-0.7944147262351424,-0.5908389672497373,-0.6069480693757584,-0.5187112954414717,-0.27113285007092924,-0.23196610173739304,-0.5461650489097546,-0.4713760090177202,-0.2375404078386107,-0.706013570560796,0.5372966368811889,0.3926377556968639,0.668255168808968,-0.13315416633314875,-0.4247198179678853,-0.2759023431823283,-0.046223534929874195,-0.03766376482210806
-0.0215364711825715,0.15777560775316402,-0.3481510433464078,0.6651598388387966,0.06274578896991827,-0.4944136751681271,0.7199103974501013,-0.03215892215091561,-0.24342619130588475,0.0415592607226205,0.19951241407722003,0.39851585011071017,0.7603066663075919,0.0,0.906678206032039,0.6603419108760468,0.7881281674854328,0.26519410313076064,0.8917590272680029,0.17299958065122303,0.8774686745982467,0.5854024330093874,0.553248183684599,-0.16445164553341532,-0.309623504500582,0.01885170442985451,-0.31291458182387344,0.32615188063598577,0.3962791264465951,0.5022812591031393,-0.09171471051207467,-0.7119893470942527,-0.2788762952409976,-0.026876477963598218,0.4147112336338271,-0.660497265905581,-0.6584736300806417,-0.5499685379362518,-0.19098667226980912,0.636719976983719,-0.397656392809733,-0.5580378626499229,-0.45336292892008584,-0.5448259771499604,-0.6448301773434327,-0.4912857008613949,-0.22593899917945534,-0.05896850958101109,-0.602354254687909,-0.340271912813268,0.5523695831214454,0.059781101435178445,0.7218024017310778,0.6135433720059937,-0.3426229000435151,0.05786796444756816,0.14260165912784195,-0.1354911381285537,-0.18937036118553352,0.48999066675349456,0.25550853291571624,0.8985882271874731,0.8884742381471322,0.8929640088746298,0.8875048515792784,0.8996638209722884,0.24051089319028274,0.8149560221967913,0.3733768880392551,0.33270855865321514,0.8309337775903687,0.40400076655682826,0.8080594290422339,0.5916967445578534,0.24112676645207493,0.0008028113152850937,0.3333799070996831,0.4536842182990914,-0.3618603066611561,-0.7807833411615785,-0.5341880958007651,-0.7781682579045013,-0.8997394238521397,-0.6710085064615877,-0.7761929554942093,-0.7052747322950302,-0.646944139589451,-0.6218384300782998,-0.58012859978234,-0.6601117569650752,-0.32960092980962874,-0.6772220040301147,0.4157136451735255,-0.018315039847452197,0.355454934401306,-0.4265951354948729,-0.6887262648690088,-0.576352944046072,-0.31710508652845754,-0.31507269183314557
0.0812980834019488,-0.012993244282056626,-0.4713118410613562,0.5611228876900224,-0.07697758476918869,-0.5885386487442011,0.6439314903595282,-0.20564096966529696,-0.35465153565934426,0.05891800954956006,0.2565531434717082,0.42389199522959714,0.822442182075591,0.906678206032039,0.0,0.5277252521784874,0.7661967319941668,0.08959837071031375,0.8341585742617131,0.06570800988429241,0.8749960392115085,0.4633114905453821,0.4349248036395733,-0.1066150317454453,-0.20076556950943067,0.03262265474608871,-0.32255017625128785,0.3997699731593275,0.4638574132609881,0.5078482870782938,0.013259972884940819,-0.585895064711936,-0.13495902665215984,-0.1489343524835537,0.32978647157121943,-0.7011664635964346,-0.5035786471299541,-0.46147351004893017,-0.029409978937477644,0.5496550169039695,-0.2595071278348596,-0.4039185106142294,-0.3261071825708526,-0.36700956405512375,-0.7136626029777509,-0.3475723179534115,-0.212832601381892,0.049302163162042154,-0.4290615943150801,-0.14662825343360086,0.6083344275768968,-0.12051881716089691,0.5991063000381228,0.48273526094678726,-0.4912990299899595,-0.10105768743244932,-0.05301199314991715,-0.30734773164176704,-0.13745471268434703,0.5763479594527675,0.3697977320299931,0.8992254753995339,0.8542442079446545,0.8380423102059864,0.8201156917202939,0.8765169564144218,0.04445615057798909,0.7719825285841744,0.24625703984645197,0.16196248332327234,0.7744519085248363,0.29629713183348255,0.7535133486257778,0.5196709036849473,0.26671136517306265,0.07668492970335164,0.4184217670727324,0.5024345941984838,-0.21822867825019895,-0.7749190983259249,-0.5564512034059974,-0.6852304261200096,-0.9238500995246833,-0.7014685338763852,-0.7512140142173095,-0.6570393597989415,-0.48942589994036745,-0.4968475610042237,-0.6653498319989319,-0.548916770624569,-0.26100429239408973,-0.6630870232583982,0.5564925371283244,0.16789955549143132,0.473350833391916,-0.23485360322469323,-0.5649052230161615,-0.4275327246138909,-0.17899195865558132,-0.12999375507532268
-0.26285450618588246,0.579929977971285,0.13988284167248025,0.8281311406868557,0.5078180473275316,0.023357374158724718,0.6874741731661381,0.4323171241700759,0.14836410908297623,0.26885764226546705,0.21292908586795056,0.458485298632857,0.42787607446859643,0.6603419108760468,0.5277252521784874,0.0,0.688521228760635,0.7689626204664699,0.6737154928143309,0.7075696508870518,0.6171705523465537,0.7766122416470783,0.7063932821784417,0.06727772355040022,-0.0861960565259043,0.3066211134395787,-0.025032587310144287,0.3532354818422436,0.4782854442238123,0.4883803302666927,-0.4914341132059143,-0.8419600829355934,-0.7246083107572074,0.5514103607561841,0.4216885272446966,-0.10512736805396357,-0.6514794002887712,-0.7984040782070203,-0.6781914494631511,0.7498871659634504,-0.7328669557896805,-0.7412870985269183,-0.8157583026407662,-0.8098647639623322,-0.30725018729261133,-0.7674148132545796,-0.3968839665510803,-0.47387828082857375,-0.4943665297059487,-0.7198184891481874,0.36678315165163605,0.6316330881012223,0.8664069169491542,0.8875631593559523,0.32118766152944733,0.646353445107551,0.6347684507903941,0.5005899729214216,0.15702941478591975,0.3945235207524127,0.2483786251791705,0.5602574611877106,0.678477970853467,0.7303703818302792,0.7298339958805072,0.6648587464608807,0.6971269403235664,0.7139992011365552,0.791950873338774,0.8122460888532702,0.7868398670182529,0.6905065623019143,0.7012844313874239,0.5582507150921217,0.3982983712236785,0.165565696206126,0.39782715500863575,0.41463266042363617,-0.5016399814298577,-0.6210539846234233,-0.0321333696095213,-0.6727962950620472,-0.48490817986453455,-0.2593220343389197,-0.4357962894480211,-0.6437210191878769,-0.6705432839092618,-0.5181514564841547,0.08325523445713383,-0.8092648120270987,-0.40286351120310604,-0.5246721844271448,-0.03111850277999173,-0.4112123436982021,0.1506465267520133,-0.7504830129559055,-0.8038275496882723,-0.7755210229701059,-0.1858619026215982,-0.7072628966244331
0.010347168620718737,0.04863103634699928,-0.3438157039658152,0.6000454327748703,0.024290661710042617,-0.37052329938100226,0.4961968808821285,-0.16545086278794005,-0.318805449569505,0.341278204343533,0.44760396710519307,0.6721343599398243,0.7506749402194397,0.7881281674854328,0.7661967319941668,0.688521228760635,0.0,0.32728543708189445,0.7279599845542747,0.4571693100444952,0.8672449600739788,0.7104586510939291,0.5721774900688352,0.3752666581184924,0.16635216258193342,0.52790766562223,0.03154019809380448,0.713773622799614,0.7594793116050294,0.7549761737063148,-0.2468110336209294,-0.6614229191100803,-0.32323082849906626,0.2802802982888626,0.5033366121197065,-0.45270800076929657,-0.4334647680665837,-0.7288494992925946,-0.30489549838981767,0.504888695557668,-0.46587007318139567,-0.39445451171951856,-0.4650484810321221,-0.5299271324128062,-0.682078343043298,-0.42427507741300396,-0.29870585589640336,-0.11056616330879704,-0.3872486163798543,-0.3707465139443516,0.6823663624077299,0.08645305862997116,0.697460690890649,0.6226711428207103,-0.28784166769248704,0.11068346329697029,0.02291463548265246,-0.12127455091497352,0.28253902445429735,0.7388082619209881,0.6632089463046364,0.81809292771214,0.7324336981994624,0.7881621503851819,0.7256583490674717,0.8288485582874909,0.11985345905229915,0.8446325685307678,0.5969484554757233,0.41240243474647675,0.8587187758119175,0.6433344653080294,0.8414556101193874,0.4455514745096941,0.7106890753972067,0.4921474566643358,0.7102036952074563,0.7825158785100682,-0.21135101363983072,-0.7510387577785627,-0.09929561111567442,-0.5536197106874853,-0.7170013770600093,-0.354036542903262,-0.4621525492768837,-0.563896097138641,-0.40502627208475533,-0.24060554357695388,-0.37340925575693484,-0.6601081571392914,-0.06049421854541803,-0.6159283500068108,0.5559685538666002,0.2249809950344311,0.674634483922007,-0.3897904118436488,-0.584683937694031,-0.4793991452566668,-0.2659016689501544,-0.3460042936439871
-0.35436875666661216,0.7941302513366482,0.5470286232798057,0.6705459925423138,0.7283971077615765,0.4562915457412888,0.4288757287136443,0.701522913336466,0.46465591345013385,0.2634826520215415,0.029883393837554166,0.2817872920665818,0.048470055745305204,0.26519410313076064,0.08959837071031375,0.7689626204664699,0.32728543708189445,0.0,0.24081961004750482,0.8314681692049264,0.1788689980027822,0.7122832409978651,0.7308683675021607,0.1802389692681805,-0.061435659296467715,0.32649911105195856,0.3125437145593109,0.18915097641263365,0.26291083840410184,0.4110074601543088,-0.6781219907001637,-0.674844458840981,-0.7984151796125939,0.8233358967824472,0.4285710768873524,0.3979433113872738,-0.46224548755663647,-0.6923808319630452,-0.8220578680528923,0.5153454865659577,-0.6763251917519373,-0.6610106574435552,-0.6802116954603428,-0.7716965483795282,0.15870041691215994,-0.5836109616497203,-0.10189859150583785,-0.3936593211069017,-0.2693938462930664,-0.7632491802751241,0.11820453219531403,0.8707327096088394,0.6395360502207937,0.7674413968113287,0.7285992118323857,0.8303526039989148,0.8122807501973233,0.8100959997371726,0.19782133586675005,0.04560024920994323,0.022992221249374396,0.12604800949557957,0.3168023529947456,0.33326066578284763,0.32885278046077926,0.2550518630661521,0.7570274014883112,0.3361139921282998,0.7919412652543601,0.902499757760585,0.44298798587514193,0.6933153121563504,0.4466809421445445,0.32599273235025766,0.27878602449646195,0.12532587970763606,0.18263401206708876,0.2561636005635368,-0.5109963369145007,-0.32284079244907576,0.3727412281459726,-0.35870662781436236,0.0032757293630497147,0.21679405437993207,0.003912748478056,-0.24748298013628722,-0.4757132133547713,-0.28486479488072297,0.5402602664111892,-0.6409356020286763,-0.4017868983148487,-0.3032251544827902,-0.42361295578342495,-0.5690896801886017,-0.04082297813683478,-0.7903616639384216,-0.5290084745080927,-0.5559741981461294,-0.1252504072451288,-0.7733319032050474
-0.12744472710380247,0.1771667338375178,-0.37683510079420923,0.6957223629786612,0.06897115437733238,-0.5385955197218397,0.78260455709559,0.013520887288132704,-0.23052408019727696,0.009666405567357237,0.19304859856938647,0.35609476025331366,0.665139944218939,0.8917590272680029,0.8341585742617131,0.6737154928143309,0.7279599845542747,0.24081961004750482,0.0,0.05067898109618148,0.7974307218876177,0.47690689878698866,0.37763104823278854,-0.2982266437227085,-0.3536269299636305,-0.060599302129693486,-0.39790034182965467,0.15774516580932046,0.2653837545169507,0.27584355700088464,-0.035967626538185436,-0.6344944951442095,-0.2467403011582226,-0.1434912743025842,0.38458664618720356,-0.768165006504927,-0.7257782503742376,-0.44341849839094805,-0.11165960561093224,0.669221311537676,-0.45631959149435,-0.5540343923586969,-0.5121961455407217,-0.5232764469449335,-0.6559932405181133,-0.5551299581324058,-0.3989357337170868,-0.23748896275441983,-0.769214925180191,-0.39129557877016763,0.35744365030770026,0.05935958118006893,0.7191148205683583,0.5702226286883145,-0.3609547815432807,0.053718231929023565,0.18398459021185395,-0.13019226460963146,-0.15803361078426556,0.39187576394008317,0.14879859183714128,0.7966797323115002,0.7762251083250069,0.8463148752353905,0.8730705972916876,0.8135513626584908,0.3584641423170938,0.7869292550473158,0.2971016896014921,0.2728152546628571,0.75119510826172,0.32864737090156004,0.6884545229139823,0.6879994078743509,0.17061882885749172,-0.1041211260768609,0.17613017268545683,0.2651373623989913,-0.4614460290552149,-0.6062496822143519,-0.6331009620268608,-0.8192086145204974,-0.8484841074664246,-0.6576081117348258,-0.7673927040178901,-0.7520839364802636,-0.7296607623695851,-0.7203079877479912,-0.6342344562875439,-0.6098520159084718,-0.17892536995278163,-0.4705366700132549,0.4208442402522892,-0.16390687162837692,0.1509619536019377,-0.4135865115201445,-0.7144580890186689,-0.6504019864775616,-0.4876162802652479,-0.3453356846488489
-0.23090554681731915,0.5426310717084467,0.4333982348962593,0.5559836293217901,0.601820506577686,0.4700357745821927,0.2349463103204501,0.46541685475547107,0.3264943964884676,0.5610041837882426,0.28861337607029713,0.5391484194962736,0.15254058486108177,0.17299958065122303,0.06570800988429241,0.7075696508870518,0.4571693100444952,0.8314681692049264,0.05067898109618148,0.0,0.19734911781946707,0.5268025844351916,0.5386178393589367,0.5176934768710856,0.3056250671788116,0.5396904694424223,0.47417780568603357,0.4856467166820868,0.5584272390799656,0.47494880614802376,-0.5907880366795742,-0.4571712934646676,-0.5243110692112748,0.7768507895456197,0.30510695219771466,0.4441605894222584,-0.038213860947872734,-0.6038418858517917,-0.591688245390424,0.3597779414876029,-0.3531501687340164,-0.3667917337268607,-0.4587363680844347,-0.4370548899906197,0.15475030723300437,-0.3069025491127284,-0.08133781508251457,-0.2016731872675846,0.09258994255734523,-0.3742326361954104,0.1634091028539798,0.5383786854703929,0.4432068443304558,0.5963585021579813,0.5216077748448454,0.5617589275112559,0.4480746480633987,0.5689624412215832,0.44267008869715724,0.28798575147577954,0.36425456738672285,0.11923663230584898,0.16723729168607931,0.20863556189214827,0.16320731634332933,0.2071661500355671,0.4184503814585784,0.2603565851642106,0.6608994972022524,0.6624448339599873,0.39429166228481694,0.5435822360861177,0.3542496208276383,0.11805646339031758,0.490687394300941,0.4283293941426131,0.5516918994389169,0.44274631826707106,-0.18400248760018845,-0.328082279733212,0.5173028438701986,-0.059800697825664884,0.0451655290136637,0.24345075765087168,0.20023177382255702,-0.16130808970924626,-0.05575481899107881,0.08333963870901727,0.5202318997961362,-0.4008123491772714,-0.2293327589266545,-0.3308370993858146,-0.1448076843284621,-0.11280584037682072,0.31425763561977904,-0.39598837235510237,-0.27232700785623715,-0.24883872255076564,0.09023895854846876,-0.38827597214025134
