0,1,2,3,4,5,6,7,8,9,10,11,12,13,14,15,16,17,18,19,20,21,22,23,24,25,26,27,28,29,30,31,32,33,34,35,36,37,38,39,40,41,42,43,44,45,46,47,48,49,50,51,52,53,54,55,56,57,58,59,60,61,62,63,64,65,66,67,68,69,70,71,72,73,74,75,76,77,78,79,80,81,82,83,84,85,86,87,88,89,90,91,92,93,94,95,96,97,98,99
0.0,-0.10089004245458981,0.43308409077552795,-0.20121161289096842,-0.20740525369380744,0.22455845574119784,0.25738916812920504,-0.08527196343237625,-0.07876292741329588,0.27635790505593877,0.03848677114933728,0.1464304400743074,0.24372642057313834,0.3266176510372038,0.3979628880448804,0.3114169572028917,0.3146076400639699,0.29053579651242084,0.28073562432542293,0.49335043946263313,0.3512340466911373,0.2540589857542636,0.40295406049884763,0.0829367768692532,0.20785164683624358,0.11062635661324147,0.23960056135262642,0.28817834747353005,0.356874498406682,0.05183983474523295,-0.29630459677570964,0.13030356696505688,0.5843910834539287,0.3071058360371573,0.2242843197720736,0.49842208856728626,0.3297872214916558,0.26734685119527923,0.07743240933107498,0.03850042331609454,-0.00418098636511678,-0.16121906885407622,-0.46249669559911577,0.19369532999418632,0.1872368283326609,0.0991529461442828,0.38312186393220504,0.4405525426359357,0.5173536272366505,0.30755659061319024,-0.1463006862689979,-0.03159868527751421,0.018272401339681645,-0.25567666023778574,0.1854566213444554,0.07993572974008135,0.12442945509802693,-0.08386054851489276,-0.010482862904567104,0.3016620002729168,0.24635079139025873,0.295119047830717,0.3650373969651237,0.32995779139335607,0.29156204585113327,0.3382403410811686,0.42049067601211965,0.4750639785340035,0.4598761072977304,0.3803330337763831,0.3785928822653761,0.5043230052408215,0.4046913425819681,0.01444298809463869,0.2191657006174525,0.19675535560375354,0.28109622770592285,0.20135829973032712,0.06550376778353752,-0.11740835396025595,0.36981005432840436,0.4215267151896074,0.07687221510394708,0.43359732669643697,0.37268959218722286,0.5171936124387656,0.33772614643684723,0.5011440085701557,0.6180205568978299,0.49278779678001905,-0.3945386668835662,-0.09563959302565475,0.037088801337396754,-0.12404326175184685,-0.18425802497637528,0.14037356629965778,0.39653271265564805,0.5346596777852629,0.5589763744249059,0.4059721228723676
-0.10089004245458981,0.0,0.17511890457418935,0.6099004804326509,0.6948664342760957,0.13792101592275122,0.312379855530889,0.6031056508721809,0.6900353397274018,-0.49481581527594926,-0.21401434117220575,-0.4134544885565917,0.05721161914377256,0.1456387212276206,-0.13126895624719176,0.3084519956091917,-0.16308187101968166,0.47739668434272053,0.35031286400950634,-0.10992087903817176,0.0798793580223655,0.3107532619856743,0.12898560998378503,-0.45164657551703735,-0.6341700534513882,-0.4285451650061711,-0.10938137812052331,0.10488761433808884,-0.010466347017986606,0.27460559790251954,-0.23762106439382896,-0.5671802861585551,-0.05097998026824835,0.4162655725453035,0.4958024000214047,0.29876885950487087,-0.07627483616013198,-0.6392175496060059,-0.17147037265767842,-0.4654418810380883,0.2969646194764225,-0.3039818291338676,0.37615805416301484,-0.07562510721621345,0.5107591900363796,-0.06917712178525513,0.041481146033193785,0.29327593598789575,0.3436742793597309,0.42533782462639197,0.4256966097511081,0.7133876440765252,0.5789571411568447,0.7005397082698279,0.7169082968535633,0.6402556824173969,0.6308091287138228,0.7891166515273788,-0.12800967936133353,-0.3350461625041348,-0.31528917640238247,-0.11161710530415964,-0.20916097345592463,-0.005746947801585374,0.22194713165582922,-0.08262701318515325,-0.28334771549144444,0.15136278697952427,0.08847163141644482,0.27660756146998366,-0.01593168400997572,-0.03352604567263136,-0.0543627056398262,-0.3822790376973138,-0.38265925526651967,-0.4835296801616888,-0.051397065834480796,-0.05470920910864793,-0.5399958047069987,-0.6208009393845484,-0.4786267343856499,0.13116435917518685,0.10743256768827611,0.19966436729674597,-0.28878954326368383,-0.17216219608645716,0.24023994310373853,-0.2657504145188907,-0.07214322411890194,-0.12414038397596516,0.210600887230593,-0.5112820049358784,-0.23499767110702047,-0.4027713388708922,-0.3042333972744513,-0.33348618794205714,-0.1322475328058577,0.05829969148045047,0.2724140385103727,0.4089989617052575
0.43308409077552795,0.17511890457418935,0.0,-0.13595898177717056,-0.10447715174017229,0.5832404460915819,0.3642152800405278,-0.025780094401006853,0.07112148246225956,0.18421779591740148,0.05545558543912109,0.30737777111383163,0.582552708918668,0.6025226816226881,0.5530313395950263,0.44244705742102625,0.40373446468655244,0.28387622967195825,0.5846919700431538,0.608392597731733,0.5411295026168175,0.5610610649943841,0.5982120128283532,0.21968803668030756,0.1604248291552968,0.25639825137820216,0.5433818104152225,0.6669333081072747,0.5075599147813626,0.6098659607278666,-0.2404293909529541,-0.023416766640768395,0.5717767895384571,0.24503026895806665,0.39092065792627784,0.48809340714235094,0.5432074895999032,0.18344731560808872,0.48678630841375825,0.33501063219467714,0.2076892866708536,-0.07345411598995726,-0.2121833055627366,0.401397264886028,0.2724406192873845,0.4416792984915898,0.5605562282473835,0.61988374685617,0.43322422670123023,0.3917128812601658,0.12470858112159017,0.4685310068508856,0.5250010190805403,-0.08333755481770094,0.4779732834282786,0.3327734683763596,0.19872908552403232,0.20004205153314786,0.1977150854862883,0.29688753642403876,0.3292961181596415,0.5096734961740399,0.4855816997107217,0.5441451640693362,0.5519849826599036,0.5702506564545906,0.535920919448375,0.5667474810525275,0.4301934145472085,0.31447317305116784,0.5703406257761029,0.4667639796805159,0.5876727653091219,0.2351783032718252,0.29144958449842395,0.19624545520741687,0.5745163939830684,0.5948061458864969,0.1969392009795728,-0.04044375423961958,0.21638227130001322,0.11310931048914805,-0.036013311863545054,0.07092687088949726,0.550739467141433,0.18333040583531587,0.5203030793447008,0.48867380050878434,0.4869973180783509,0.368061234025602,0.03572026450084817,0.10131557638763203,0.3580601613209996,-0.02327769577672848,0.11938186030315014,0.28249132054656234,0.48700397908135,0.5578360078030645,0.44245943210040384,0.37886687972729655
-0.20121161289096842,0.6099004804326509,-0.13595898177717056,0.0,0.7097172254375604,-0.13034991944312854,0.37835595893485346,0.8509688834376604,0.7551100003352684,-0.5305157466320822,-0.6365135601814083,-0.7784965915498638,-0.6356401821306851,-0.23872593660402158,-0.5068565735866657,0.12298064410961361,-0.4878973244192003,0.40105296115178635,0.0018989853318533466,-0.6357562101956201,-0.21024296587151484,-0.09602158880628484,-0.2298555515744354,-0.6658424292560509,-0.6747061929868611,-0.7993406347065545,-0.7206817954696335,-0.5339367443744039,-0.37329052520731426,-0.37711138145473994,-0.40504136979322336,-0.5325845308966659,-0.5435746315272916,0.33468542627153747,0.09246381436120832,-0.19427310108902615,-0.6981272896307684,-0.5896861901737604,-0.5444452514046665,-0.6641482962194892,0.07891651920491884,-0.6476896226777211,0.14680129273869408,-0.7295334484218494,-0.07024240516506496,-0.61657276707197,-0.4511534443435302,-0.20300119460320964,-0.0032918237882619797,-0.0030089430954775105,0.08526418872238935,0.3012497687615482,0.012176260570665162,0.8202842917245956,0.34079634883324716,0.297578862990052,0.6392546871155993,0.6770938443898833,-0.6367353511638684,-0.7302861744261355,-0.7083042822915467,-0.6958189907096877,-0.7097748955216724,-0.3593802135070228,-0.05306362120082746,-0.5483724525273745,-0.6867152015040103,-0.2398715356205771,-0.1431150410264323,0.18483691001118852,-0.37966992277650186,-0.43890735654041063,-0.5004881474899706,-0.7315273815051324,-0.6408220491524991,-0.7506638751748408,-0.4548119654987358,-0.5840012259228491,-0.7171010094305023,-0.5843644301347801,-0.6761481419965737,-0.030302871988338382,-0.43162492828939486,0.050223975328342066,-0.8305713213171345,-0.33613241213487255,-0.4068306965927524,-0.7010585383660946,-0.48955240771665987,-0.6405143138606817,-0.07945497200085656,-0.6308035636829276,-0.7909711104377068,-0.4981668029895819,-0.7416906991935758,-0.8654841934331837,-0.6850689213359037,-0.45157799856985953,-0.07459067867583541,0.05316483852565587
-0.20740525369380744,0.6948664342760957,-0.10447715174017229,0.7097172254375604,0.0,0.051296957660068754,0.048390726952497916,0.7167032009433182,0.8268704626181711,-0.8351597858481905,-0.36963013169649267,-0.7373708210308162,-0.3429920172588742,-0.3305025207707009,-0.5769432419902718,-0.05740702754919893,-0.6089446393017233,0.3635612708030321,-0.08539210235468576,-0.48996756081235404,-0.380080749919242,0.032185299279522996,-0.2788538337803953,-0.7929519890769813,-0.9098670396087164,-0.7469800364288812,-0.4187355666852493,-0.17138134097012603,-0.45801160601540086,-0.1410802185010478,-0.056510722075673814,-0.6959579671609528,-0.465020653977865,0.3074570797929513,0.45248331795540675,0.19649875499891495,-0.3953736363910973,-0.8274501445329577,-0.40257752523112234,-0.744561021735869,0.3992841287702559,-0.2313201054801341,0.58332767965156,-0.26081770933337234,0.4112247917359643,-0.2763917033891655,-0.13588174223410085,0.06290035327558337,0.2737507408152236,0.42769462337031927,0.5974052507715515,0.6362334004392234,0.41063580473201516,0.8787718110776277,0.5779736292736973,0.7023266757888903,0.626964870313609,0.8152620914451495,-0.44182435478397225,-0.6975555335273292,-0.7156994189034445,-0.5188243752669017,-0.6537215775456054,-0.49146949361252934,-0.21234249613516898,-0.5509861504352936,-0.6574728215586897,-0.2792618390652162,-0.23635133571388078,0.07165980689594914,-0.4558798960983073,-0.29932190774335393,-0.4538399456120112,-0.7216966451894195,-0.7792360651836288,-0.7951681091620723,-0.5358082598111085,-0.5157836549779886,-0.8295268021820158,-0.6641518950696016,-0.7717477872687928,0.20572131524236908,0.16808169397456196,0.1387337362600841,-0.6212912130904721,-0.21943721907779284,0.07725710354923529,-0.5804447946144042,-0.3033753531844178,-0.32569805421777426,0.3338948689527545,-0.5332838981934859,-0.43476842792445797,-0.3252415274848472,-0.4761345332064899,-0.5021975414319744,-0.3508558932101772,-0.12122393165342409,0.1986426010031244,0.4315514405397615
0.22455845574119784,0.13792101592275122,0.5832404460915819,-0.13034991944312854,0.051296957660068754,0.0,-0.02377609465802231,-0.0013851685079062177,0.1616221966347481,-0.06972547157243751,0.1474958036006679,0.13774185820184964,0.30249347776514174,0.12384888497910124,0.09888634661218808,-0.10408868500305614,-0.048754941228724834,0.010713802372590446,0.08528270250540873,0.16108383255252065,0.05948416606267305,0.1342752606923852,0.12104443860346041,-0.04601444846696747,0.008826324337942776,0.016826141021408763,0.20179167744862864,0.3186552313045833,0.007399933785598594,0.17458420626746715,-0.04046940089488156,-0.2472537138565207,0.14704240486165585,-0.041395086438086134,0.22439301348443383,0.2847738613572655,0.18585434601997314,0.004873800685702016,0.287656060926073,0.15171954215549485,0.22995428069978088,0.08411338410210085,0.11057365282470077,0.22212791815010463,0.11781159690970604,0.26585510488133385,0.28178240192255444,0.2906824865752085,0.3492378695632247,0.305387332834371,0.21704908089595568,0.3541003369853233,0.19571680922008092,0.05338279693688858,0.2509243813595227,0.3682806257686755,0.04916620062776517,0.17769935153754532,0.025398117119255752,0.041227974857569696,0.007229599406842909,0.24372889221052327,0.13124803051885078,0.07452899841064883,0.08486605647706078,0.09186502968592809,0.10521550748092799,0.059833183898195995,-0.06635958271825364,-0.05532154096157492,0.07742538730740622,0.0189561108786421,0.09903067583511185,-0.0484948392242889,-0.02316825643845776,-0.005485793767231478,0.06775546660290596,0.13681772590342287,-0.05233409149082578,-0.0005490115738658042,-0.1432783810586846,-0.009484095593885878,0.10997625063978558,-0.09055978790026635,0.18354219690353105,0.030661896629360582,0.23220287113220936,0.05658251727342464,0.15343598496620695,-0.03234690754030016,0.18985674814613773,0.23863314809091826,0.1791526285706904,0.2937274237238575,0.025634565958514943,0.19666008259259918,0.2128911677975745,0.2942990116216351,0.33213730265631053,0.31272232548556667
0.25738916812920504,0.312379855530889,0.3642152800405278,0.37835595893485346,0.048390726952497916,-0.02377609465802231,0.0,0.5457307907969075,0.3409035577963901,0.24492733932916858,-0.4044080013884773,-0.16778453911688876,-0.0902235154779301,0.578614948914563,0.4101843563425865,0.7745331691005654,0.3961725407076921,0.6470680568990058,0.7059805691891363,0.2087104631731852,0.6400697022529259,0.40496091395076955,0.5970435006077804,0.028910204570048156,0.016612519424358266,-0.12434189629899976,-0.12849905161601322,0.008143970534633527,0.5129822408314878,0.1744303819641091,-0.7834829762598529,-0.08883460815106846,0.18922141708067355,0.6072171469675797,0.11856156858686048,0.07468022180120537,-0.029170529632020544,-0.015204741311084022,-0.19481677387969962,-0.1061199411295156,-0.15661382341252242,-0.8123330827578443,-0.5968203376830501,-0.4253898925291811,-0.043707062233865064,-0.293431771112495,-0.021620413927989773,0.25661113898782884,0.20037014174222925,-0.03469824259819706,-0.4376268334232848,0.1818737819393192,0.14559215729786362,0.25052581581895567,0.39516631619641285,0.01282219474359206,0.5791561858106243,0.3514045174300553,-0.1940553204756636,0.011748572923369765,0.05932329187144867,-0.03273524345009534,0.09539863990758797,0.4979928246512664,0.7134706961286851,0.3423640503826291,0.22766820871364377,0.5864527593266708,0.6271542603040455,0.6904189269947929,0.525626341052956,0.29177482922003023,0.39179307395779145,-0.07642911194339772,0.1457767522996886,-0.06750574702237969,0.43459980535606446,0.22304666789485117,-0.08728026350969438,-0.3994403056168147,0.14962228293469884,0.060667370110061264,-0.6581086566825339,0.3297983753424288,-0.08603060918314123,0.037380195520269055,-0.0671583542762733,0.14400323878360638,0.21559460528498703,-0.027071964206021804,-0.5729357684805141,-0.5511759967646618,-0.4239037780892753,-0.6913682608268606,-0.5045595116403117,-0.5198274241205634,-0.15417975984697196,0.0648661885858299,0.198037741464034,0.038566037170251345
-0.08527196343237625,0.6031056508721809,-0.025780094401006853,0.8509688834376604,0.7167032009433182,-0.0013851685079062177,0.5457307907969075,0.0,0.7684534589534054,-0.45044230803299296,-0.6942863103835003,-0.7631724084558263,-0.597222238499747,-0.07701807121357342,-0.3351465831651117,0.30605217745702235,-0.32864951986967367,0.570365326116618,0.16988624054247403,-0.4448418363263761,-0.027220993727712212,0.0838455755962499,-0.01784165287017905,-0.6132347324893035,-0.6193572204349014,-0.7396712227448653,-0.6057854154916793,-0.38242495816292044,-0.18301540980861078,-0.2767622092924867,-0.5456926852357674,-0.500558275225438,-0.4109019433089266,0.5110075208071067,0.20736604284561413,-0.031315671448077974,-0.5300327195282271,-0.5408353939022302,-0.5331308358697902,-0.6471139411390568,0.10620290658712772,-0.7587553847691274,-0.046472349237507524,-0.6834763530506702,-0.0001624818288742568,-0.5791047687460046,-0.2957274688545352,-0.0171300237954529,0.14923268584672592,0.08953720306007427,0.018029925840027137,0.3445472716290745,0.11303503749009897,0.7787533815183938,0.45296721025116055,0.33560082534899977,0.7418174809773372,0.6936112368578098,-0.654870288073703,-0.6568932758088976,-0.6308120099342908,-0.6392977357302797,-0.6134000120111515,-0.21521721004696528,0.12255902786365026,-0.39258511873887736,-0.488956133862262,-0.03820808766915887,0.09752432688745424,0.3848026724065959,-0.17671737206797197,-0.20997895025231478,-0.28576905118702123,-0.6882128141517722,-0.5602896479192587,-0.7008342095095681,-0.2925694203106867,-0.45506269690207796,-0.6824693277110112,-0.6423403970237446,-0.5115661856162714,0.11150962151832444,-0.5026234185423196,0.20580119801350272,-0.6939619775251525,-0.19119030399690207,-0.24099927392058915,-0.4941545033325634,-0.2680007917147121,-0.44466473714397015,-0.21405625798254185,-0.714267127761157,-0.7692449422891475,-0.6481841152479813,-0.7977526883910919,-0.8509047907287298,-0.5651654271249011,-0.2577300108106051,0.0982715688974639,0.16682196244742614
-0.07876292741329588,0.6900353397274018,0.07112148246225956,0.7551100003352684,0.8268704626181711,0.1616221966347481,0.3409035577963901,0.7684534589534054,0.0,-0.5631754509932242,-0.3231781057655339,-0.5792915829020067,-0.25033844799645333,-0.035870873409824325,-0.30264155955460803,0.17014548483736372,-0.33112057457198196,0.5345003725568888,0.19466743526806654,-0.270154547178217,-0.05996574367686439,0.12137579968211475,0.00843529793438631,-0.6001626453697857,-0.6711695684434935,-0.6196564148610357,-0.3852874023342111,-0.10125582855066856,-0.2024576538473415,-0.08813965237793049,-0.38883139617297613,-0.6989469038391594,-0.3746659963230351,0.44138405997874974,0.4033672614447379,0.26880018543329,-0.2975272634963978,-0.6811286379634625,-0.38172487921013865,-0.5667171550433824,0.25839079989486363,-0.4594564993120652,0.21900701953593973,-0.36209383077325435,0.2796848032596223,-0.33726705624519765,-0.09269660542713966,0.18526044137907727,0.4517879608532381,0.3658975631732808,0.3039808364424811,0.603182718449389,0.3157771420175356,0.7796836713887068,0.6476427804042675,0.6949913314527548,0.7186426699207187,0.8187435884137922,-0.3873618864284332,-0.503495522621051,-0.5384266820912796,-0.3627658623193079,-0.46543975190245673,-0.20480013554490026,0.09234586975364367,-0.3358067408689931,-0.36298769937479697,-0.009634619878595924,0.008533727469754367,0.2847708050743458,-0.14800163806244696,-0.16534350189840624,-0.199562196712406,-0.5989800755783583,-0.5466291326386307,-0.6221592490425978,-0.27534927243111884,-0.3242702012198338,-0.7378298059301615,-0.6932300076798277,-0.5654469346027575,0.13965749410704814,-0.11863289091606921,0.21414103708239093,-0.5023725733122777,-0.16993252275212228,0.07408249061048663,-0.4298690536564359,-0.0804843177878002,-0.29759673246806906,0.0206476538476216,-0.5457658298225893,-0.5206828420836856,-0.4008229937876631,-0.6119100975412115,-0.5560164962228585,-0.35272005397496153,0.014663603027436191,0.3961835237276764,0.4291665863951513
0.27635790505593877,-0.49481581527594926,0.18421779591740148,-0.5305157466320822,-0.8351597858481905,-0.06972547157243751,0.24492733932916858,-0.45044230803299296,-0.5631754509932242,0.0,0.3062929113222361,0.6089433790229496,0.28660595617539136,0.49917878820607653,0.6053711283651718,0.37482318432585354,0.7034237576486538,-0.05598548328985777,0.357754547880309,0.4597327072358346,0.5539653239233012,-0.04650442510763401,0.40031803091262913,0.7411253277816432,0.7903731284798697,0.6086399697019674,0.15888633443859207,-0.019564118176854193,0.5544129398887488,0.08890962951705363,-0.2722964005361024,0.5549408220121099,0.4008442169185015,-0.04837977244135733,-0.47546276022733763,-0.203472161183161,0.18360742968824917,0.621799594066053,0.12241887420814582,0.5617044166155255,-0.5849954095616087,-0.10792028278116515,-0.6720918434204445,-0.05319058706791129,-0.3767104236026167,-0.030286949541419285,-0.09938857423840372,-0.11866041949336642,-0.18554559470761345,-0.5003679748411611,-0.7447349686497186,-0.5719445623261782,-0.42217334957487623,-0.645545196650277,-0.3933152713344851,-0.6102712587571087,-0.3328807882276584,-0.5817789148755153,0.43598482527502597,0.6882805518063843,0.6835618353067534,0.4632866105406203,0.6071482092751527,0.6294649394922055,0.4367315867575335,0.5552569766968541,0.6050416978322002,0.4563086948552588,0.4043351955251284,0.19765592352888683,0.5486722058118148,0.25570133818098706,0.4508920515673231,0.6098625846986114,0.7636941700837809,0.7196127864474238,0.5833507189013454,0.4657881777351667,0.6232306858898606,0.34698576119487623,0.7165392466676777,-0.23938984596857127,-0.3564910893825594,0.051566831011329896,0.3976666148808673,0.12847019057920106,-0.2354036341864181,0.41449721864506456,0.31340041979397393,0.18574450105157353,-0.5913161895081189,0.20884571236259844,0.10913786732161143,0.02634449680905089,0.1881917514473433,0.15179460616368695,0.08270365696463526,-0.0034056053168867503,-0.1150035179714701,-0.4569461126007689
0.03848677114933728,-0.21401434117220575,0.05545558543912109,-0.6365135601814083,-0.36963013169649267,0.1474958036006679,-0.4044080013884773,-0.6942863103835003,-0.3231781057655339,0.3062929113222361,0.0,0.4887958110095961,0.5217763971751814,0.1703424169953825,0.2169533165791929,-0.2165997600859456,0.2832587842619269,-0.20973313992707085,0.07646386550093838,0.2420573223490263,0.10731672613843912,-0.2526427459902241,0.07622113629439484,0.3396793962748869,0.2667288489888701,0.4638824651432064,0.18238291670271686,0.14291391444337073,0.14887426487103222,0.16698532322288995,0.1195695639372803,-0.15997819573576377,-0.02177766682016382,-0.2415904341959682,-0.14952541139063238,0.04524940430326548,0.261281163236202,-0.15064087320909514,-0.0869850348315458,0.17348714055647385,-0.3495881108297409,0.3719645972115539,0.17194219740138933,0.3003994080714896,0.3011301274277735,0.14851282092268958,-0.0675995152664936,-0.007532587430289471,0.14638857627714388,-0.0626830431074792,-0.08530202863674473,-0.10709462821853002,-0.12302873337404699,-0.2842961855633017,-0.08132299943603935,0.06612038806431417,-0.3323823030773371,-0.22490937440521971,0.668358353973294,0.5412567249080438,0.45948145835600096,0.5372827284867753,0.4391172678405365,0.222720049489835,0.07516245121242211,0.22684108066969874,0.2343210992798099,0.10586301734313215,-0.07272299489840765,-0.18573234355612844,0.16085767563239398,0.0004052541183419925,0.1713723237615961,0.3843915617135484,0.3598505602130014,0.4747108756136198,0.16711142118918518,0.2777638692692206,0.15745770191736252,-0.007653635039342024,0.16662824186644354,-0.2766352023948425,0.4673030366748764,0.0640098235254588,0.25606603410113843,-0.12403859990864537,0.11383107923280737,0.1259316239203383,0.21826794036382485,0.07683593526015584,-0.0068644817991127816,0.20047412452099528,0.3087908640665325,0.21958693228076973,0.37094325164364156,0.43260133831421577,0.16480470926200333,0.13577153149749516,0.15923847954147421,-0.060937713956077694
0.1464304400743074,-0.4134544885565917,0.30737777111383163,-0.7784965915498638,-0.7373708210308162,0.13774185820184964,-0.16778453911688876,-0.7631724084558263,-0.5792915829020067,0.6089433790229496,0.4887958110095961,0.0,0.7593860098851667,0.46339653685764176,0.5674254287667952,0.0678389812965877,0.5856069897086532,-0.30757115674783375,0.28569575091484317,0.5815086508077163,0.39936134967489323,0.004793419696355261,0.3145067950456236,0.76357353407768,0.6785367213280278,0.7945402854277932,0.5415941143614811,0.3990978842699766,0.44570834662686876,0.4625527644233052,0.15973548073109167,0.34550957037172364,0.3939777559635116,-0.3309122127696705,-0.26219378847578045,0.03831683009668764,0.5015577143507043,0.45634511367275743,0.48679880913214996,0.759898683608553,-0.3138356071307028,0.42718506030402753,-0.14212679898818043,0.4862225557584074,-0.04553290341354975,0.43938655810748783,0.1612248924662542,0.06666577573443293,-0.03435819311524956,-0.18433016214497577,-0.20263716695421194,-0.17599683878823083,-0.04670908945249288,-0.6532032622828222,-0.20070786684432018,-0.203510775447284,-0.5142080564954398,-0.4526870927049485,0.8035400376934189,0.7945525563600017,0.7757500100225994,0.7984220576369606,0.7642526796956676,0.5632007931820656,0.29621635462689977,0.6100093418809793,0.6604421987380478,0.3334544448912331,0.11634537152091202,-0.14341963723126658,0.47294916580448265,0.19518223952498803,0.4639395996182151,0.789346850648689,0.744772708746709,0.7880591541680015,0.5954511147795383,0.6856436069100884,0.6637253324356919,0.42746010018883907,0.5321637928246958,-0.37235143238944163,0.15208319906838497,-0.21922951415129704,0.6930808892084641,-0.03433570201449191,0.16491630297175805,0.4293027318424455,0.3413842424438051,0.278824849271061,-0.007078055404677127,0.5795897285994256,0.6166452395915251,0.46034457922638344,0.6410508407685759,0.6546400770744831,0.38922486067569073,0.20340570492140422,0.009638060743039795,-0.22333205594417957
0.24372642057313834,0.05721161914377256,0.582552708918668,-0.6356401821306851,-0.3429920172588742,0.30249347776514174,-0.0902235154779301,-0.597222238499747,-0.25033844799645333,0.28660595617539136,0.5217763971751814,0.7593860098851667,0.0,0.5442061356856236,0.515506309401534,0.21200942932255867,0.4527912295698284,0.01646604613929691,0.45919568297662594,0.5826487216671812,0.4353496809218077,0.3444532887738465,0.45810409522045736,0.3890367757088624,0.2545601561035775,0.5014149597891393,0.5978911923157105,0.615542930695948,0.4621306247603126,0.6752951107504915,0.011754039854443262,-0.05115481458711451,0.50893031779157,0.0010411406134963558,0.23274041365343384,0.3830568757608366,0.6045712949349598,0.07570750475842185,0.43146320640946545,0.39003109175881406,0.04558477167861053,0.28808925162748034,0.11427247507714279,0.5770257176319679,0.4214948020104397,0.5383062433630861,0.3989166133419513,0.4268811210276744,0.3137310911299148,0.2728493058975275,0.11440015471738813,0.3277164333815573,0.3708971035456902,-0.24510064813825017,0.30294331884714465,0.24817417596019492,-0.10173962863398027,0.0295194343878496,0.6193224146775009,0.5622538217153081,0.5424696947987715,0.7429357944362632,0.6521735059900741,0.5309865088367602,0.41611091789183363,0.5851566082716867,0.5031944952759662,0.46291700102397954,0.22387519540679013,0.06621773056799864,0.472288216955408,0.3351638101065308,0.5085842698464288,0.4644148085873277,0.4438506605728685,0.44120757909836456,0.5401680267101455,0.643847563985645,0.28332471106329704,0.02714246312535405,0.23758462256403823,-0.07045686732786086,0.37088394608525793,0.04593456551447113,0.5803699851333691,0.07168879232439039,0.5028818402096861,0.4181231280780069,0.4133151915604892,0.35778834477885774,0.149580820838451,0.24676561341343978,0.5507015945197113,0.21669921545395474,0.4553478851611907,0.5443240154757572,0.49827577182333327,0.44498201223960426,0.3099505525280511,0.2159510350832136
0.3266176510372038,0.1456387212276206,0.6025226816226881,-0.23872593660402158,-0.3305025207707009,0.12384888497910124,0.578614948914563,-0.07701807121357342,-0.035870873409824325,0.49917878820607653,0.1703424169953825,0.46339653685764176,0.5442061356856236,0.0,0.7643957891270361,0.6875221901033038,0.7318251842560568,0.3938788394294306,0.8408198569299363,0.6205604245699451,0.8360693026939355,0.5268399406623632,0.802859869376471,0.4154762460875867,0.322314322187563,0.41805319453985956,0.4165203603121339,0.5046693299926277,0.7981130967902526,0.6761803714708676,-0.5367791190422259,-0.07629689324523319,0.5401188705613235,0.3672159790765553,0.18863203133595668,0.24003388237416703,0.5094582090538329,0.07848365570619627,0.1634986751597286,0.2745261293046856,-0.18867671908823896,-0.3209294967002811,-0.3849585564272451,0.18929366245042015,0.31281606317483196,0.25107056176465536,0.28258295226789254,0.509831848568727,0.3005937984514251,0.09639117470612543,-0.3343985008313587,0.27730977698515574,0.33240495653578056,-0.12235308956327218,0.4152236548490754,0.06760928723042207,0.22687172515228926,0.13584042398063817,0.4269739957354814,0.5507544588725396,0.5767289194681944,0.6323411529885246,0.6693098617473188,0.8223092853490316,0.8524322999892049,0.767667385704966,0.5963286216786767,0.8063300743166512,0.6481249934031189,0.5011625065302574,0.8058956574095263,0.4979154486614513,0.7333922330678061,0.4107619541250304,0.5561705157372171,0.40728943285526714,0.7976412908261145,0.7367138689732321,0.2810750890339605,-0.20755845703008918,0.38114240180066267,-0.08049782996558533,-0.1589857512869821,0.2629406552710856,0.4383426435914862,0.0621990479214947,0.3141367001651732,0.5035815498947718,0.45532606834259826,0.27333687399383666,-0.34494591854166207,-0.1812380786153607,0.19715242570430844,-0.35479384291570387,0.08594051791993988,0.1456184804392357,0.3364692377170164,0.38797188703414404,0.29007214492194433,0.09868646944039793
0.3979628880448804,-0.13126895624719176,0.5530313395950263,-0.5068565735866657,-0.5769432419902718,0.09888634661218808,0.4101843563425865,-0.3351465831651117,-0.30264155955460803,0.6053711283651718,0.2169533165791929,0.5674254287667952,0.515506309401534,0.7643957891270361,0.0,0.616353016041387,0.8515904329244673,0.2799704808421275,0.7815084761457501,0.7912896414727029,0.8679767741261255,0.5640254862210308,0.8636983600394602,0.5814644463394171,0.5589185905996986,0.6242633622331999,0.609713166756868,0.6264295043855558,0.8937636803811223,0.6926304750600467,-0.4482588168784903,0.13865789020124636,0.7025612653882771,0.2962517065255118,0.15982872617478222,0.28743867897533615,0.7133481485736894,0.32804121436950573,0.3009494830397473,0.4405603499303278,-0.19754590596494995,-0.1653179753953888,-0.5183460697181678,0.3622947951438438,0.2725813598213824,0.40345946946517136,0.4538988516973079,0.5665917616636633,0.2948351782885157,0.08572884052082043,-0.4214881358139322,0.09654162556123544,0.26444155651815016,-0.4107473270181344,0.23851286788181206,-0.0968939367906101,0.02652095328686454,-0.14207298640254046,0.48771245805986113,0.7268843464990391,0.7424635195153472,0.7533025048506196,0.822833650425099,0.8905211772012337,0.832227481717978,0.8921814626499407,0.8013489752774439,0.8503504545926481,0.7172724265617205,0.4697265928713301,0.8933106826080712,0.672702767259854,0.8810923576920834,0.5755981845767363,0.7202536942977368,0.6064708772964074,0.8944637213297522,0.8441879441665024,0.4984329915433614,0.010181893695598307,0.6333064100330099,0.018125276784786957,-0.07895894662482561,0.30347911076681666,0.673686774272744,0.2677646856322211,0.4304034497146126,0.7560665382848899,0.6232971950750983,0.501734054552264,-0.3868057381429248,0.0013258315265866926,0.393692298601902,-0.24342825030898219,0.2488433112269136,0.37059632361007494,0.5541295332346243,0.5524568694710607,0.31768803026106673,0.08520527121204365
0.3114169572028917,0.3084519956091917,0.44244705742102625,0.12298064410961361,-0.05740702754919893,-0.10408868500305614,0.7745331691005654,0.30605217745702235,0.17014548483736372,0.37482318432585354,-0.2165997600859456,0.0678389812965877,0.21200942932255867,0.6875221901033038,0.616353016041387,0.0,0.47148112211827836,0.5805473967152528,0.707747957770212,0.4311742538182404,0.6136782077164581,0.5385254886758449,0.5857596034786878,0.19181587072496986,0.05401781267434707,0.0823973965267018,0.13423453583618114,0.18186162899191607,0.5466626659864604,0.41025948903818443,-0.47606022701020356,0.1419792505920178,0.4231365056130623,0.5797905178967491,0.220920541402595,0.26376849124391333,0.16627496464408006,0.07638916911068384,0.03587822796359732,0.044455250342412114,-0.004653981399708761,-0.4453198205753946,-0.3673155370653862,-0.12835241784621335,0.1384159518260657,-0.07932504890060524,0.11109644779627108,0.25851697830393155,0.18267280920848714,0.05278388971509142,-0.23466772070791775,0.22730775849445878,0.3780075621539849,0.09647548975244857,0.3873562482976608,0.03947349557463359,0.47483329139223823,0.2370026342558079,0.0462202794456865,0.18653639432820404,0.23383088032433258,0.16449355095514437,0.2842932951536256,0.5405067961005517,0.6385001605034056,0.44292100296049874,0.3900009315122917,0.6336994663047418,0.6629465556223223,0.665583871550592,0.5545491155565689,0.4444780643181101,0.4774955617275322,0.1408175696182534,0.26597074957783906,0.09702129510095704,0.5057452421437689,0.38334581580563004,0.06972563758057239,-0.24531838403340903,0.3232901583508136,0.19231500377254526,-0.29958072426759963,0.37143187265724703,0.14740093717453512,0.22508022100512656,0.13916001213893023,0.27033809744663556,0.3579091333470758,0.2802247166183187,-0.35288341356565883,-0.35892090099906204,-0.10722801103541679,-0.4457140384499551,-0.17903240944123416,-0.2355890497679552,0.01019678016732601,0.16386719185658352,0.2092761360166551,0.06377689730317386
0.3146076400639699,-0.16308187101968166,0.40373446468655244,-0.4878973244192003,-0.6089446393017233,-0.048754941228724834,0.3961725407076921,-0.32864951986967367,-0.33112057457198196,0.7034237576486538,0.2832587842619269,0.5856069897086532,0.4527912295698284,0.7318251842560568,0.8515904329244673,0.47148112211827836,0.0,0.2726079690494449,0.7560584383665594,0.7256401529580211,0.838096480331084,0.38190292006924176,0.7806136500729923,0.6613462327131678,0.5787843362456094,0.6695822265258554,0.43784926665957885,0.40738031353449045,0.8652759818164871,0.5766109606663044,-0.4249977790820462,0.22521288247811974,0.5108637515361149,0.28146588784353693,-0.04674616940603666,0.12849781704515503,0.5498584017074079,0.26670373875774933,0.0785269812145801,0.4042398265606378,-0.4184097686764819,-0.1719597807230195,-0.5469960742601683,0.18397349286987572,0.17941011575465937,0.17933914402224846,0.16994568785926492,0.29766501283288826,0.1391715634725911,-0.15352058370107394,-0.566309619748431,-0.09101327174841235,0.10134162550505889,-0.43906128345348233,0.09464551521841462,-0.23779857701334775,-0.006765880641834459,-0.23379303364705736,0.5961665146156593,0.7722240660695053,0.7845137167510963,0.6749807146630189,0.7795415105871522,0.8579704162054232,0.7888769100621043,0.829537570616713,0.7748377505646126,0.7939819504402841,0.7074508139869268,0.487739159426388,0.8550404461355835,0.5789640658848795,0.8040412772269969,0.6604570790269221,0.7755036450822684,0.6860406202797299,0.8442081746116001,0.7785927839244368,0.5100790489991746,-0.02144442576135582,0.7076002335498626,-0.09978502753206399,-0.14487090081561288,0.32019916776459795,0.5497049806475159,0.16918726295687428,0.22239938700137846,0.6367173388659235,0.5723306902114977,0.42637530117958666,-0.5165838500772468,-0.08022185468481222,0.27754789118452466,-0.307979491243447,0.23888109885656883,0.25990940083710073,0.3249186420367234,0.3302207460076973,0.19367071526209287,-0.14494536469978625
0.29053579651242084,0.47739668434272053,0.28387622967195825,0.40105296115178635,0.3635612708030321,0.010713802372590446,0.6470680568990058,0.570365326116618,0.5345003725568888,-0.05598548328985777,-0.20973313992707085,-0.30757115674783375,0.01646604613929691,0.3938788394294306,0.2799704808421275,0.5805473967152528,0.2726079690494449,0.0,0.6312921034165677,0.35412051518407434,0.46494578941082493,0.5410590747427917,0.5430307200008294,-0.19907570854175047,-0.28948256546916656,-0.23374884049508218,-0.06683599597130903,0.14569205471940525,0.36554786937715456,0.1887997306848365,-0.630765198816996,-0.2419724324077373,0.20803015073771863,0.8655730197487671,0.4963392299075714,0.537219161191933,0.055086391679464074,-0.2965994565324996,-0.3248906267661033,-0.3798913280681091,0.13863135779396074,-0.5527244788936053,-0.28624924086571757,-0.24559117102593292,0.40471481145158134,-0.30891373634058683,0.14127402884772627,0.3714131404870133,0.5870874188440972,0.3379996569282025,-0.08699380381017491,0.41540255162040124,0.4473369545033773,0.3926702760636375,0.6365313412369237,0.4247420570245796,0.7987927405325922,0.5072996420632799,-0.20339774759205173,-0.04248008584865665,-0.07176634765228361,-0.04828853082715776,0.017882797485301433,0.2959459890051984,0.5164134801434137,0.19698895147261858,0.2356542406973253,0.5766266691016784,0.6986061330644067,0.8496567396466931,0.4149647480439453,0.5174471776149997,0.3800532315427363,-0.26428643732376245,-0.07721475281812408,-0.19497553606125628,0.22345286190694813,0.08921453348304843,-0.4006054290617458,-0.6417907223667884,0.1290529714061942,0.4839552246317124,-0.15585397915694552,0.721067730947018,-0.08650863913454128,0.41834340179728047,0.26507704291119255,0.16581259132896642,0.5106514035108475,0.2992774132100899,-0.43487438292661257,-0.6452951526214772,-0.3713826318461465,-0.606456320877611,-0.5263432452504188,-0.4045367573232996,-0.08976562145590708,0.3344211288607083,0.602810580235738,0.4201211454786545
0.28073562432542293,0.35031286400950634,0.5846919700431538,0.0018989853318533466,-0.08539210235468576,0.08528270250540873,0.7059805691891363,0.16988624054247403,0.19466743526806654,0.357754547880309,0.07646386550093838,0.28569575091484317,0.45919568297662594,0.8408198569299363,0.7815084761457501,0.707747957770212,0.7560584383665594,0.6312921034165677,0.0,0.5390082056216384,0.7457085635616627,0.510579852718064,0.7237967012007016,0.270129752856257,0.10788968454411112,0.24608185495317034,0.2691001101248552,0.3845883985495573,0.6829053021099785,0.5866049445741771,-0.5547741957218635,-0.12960870120966653,0.3811881016326995,0.4920178869838108,0.2374555781760615,0.2897729483884215,0.3372529676016172,-0.07446741046749972,0.02860999547282649,0.1372997190563564,-0.1403624230661452,-0.3942661285704355,-0.3388859050147477,0.04852596285689605,0.3107767338445642,0.07282293149715129,0.17699235766287286,0.4198788171854401,0.3292636696582301,0.11696153832126036,-0.20901387234112165,0.3774838154024093,0.42254383593879596,0.06463629873607322,0.5206762723045878,0.20438332261236525,0.4133394236919281,0.29979216927028457,0.30766191919513985,0.361377046951198,0.4014030115387417,0.44301714663421377,0.4665984279905176,0.6987876048491737,0.7837631733329729,0.62334968993993,0.49598810092666445,0.7376210369255682,0.6473465131737526,0.6018019014129969,0.702578044237199,0.44360799664668704,0.6203354810274321,0.2655267253611286,0.3861678521078813,0.23848109675040635,0.6743585684580276,0.5928003165635707,0.0927106497818929,-0.3440352069485303,0.2805724375562224,-0.01869803383321894,-0.22072001640766567,0.3127564747030284,0.2805388411181959,0.04388561733893427,0.26615143687620757,0.3428919255080338,0.4243764721092766,0.22971484410703552,-0.3184100873368485,-0.3046418960882261,0.041802615244490755,-0.42863646143630196,-0.06365140818873663,-0.03585840856833522,0.14148188694480357,0.29918146369441884,0.33108752398724484,0.13406026948978023
0.49335043946263313,-0.10992087903817176,0.608392597731733,-0.6357562101956201,-0.48996756081235404,0.16108383255252065,0.2087104631731852,-0.4448418363263761,-0.270154547178217,0.4597327072358346,0.2420573223490263,0.5815086508077163,0.5826487216671812,0.6205604245699451,0.7912896414727029,0.4311742538182404,0.7256401529580211,0.35412051518407434,0.5390082056216384,0.0,0.5797029104474619,0.5725696819787472,0.660998948772048,0.4275667398408258,0.32399420105800986,0.49688330020160465,0.6061889922392933,0.6342978814300846,0.6170947382277788,0.5839668408363503,-0.15325381595353005,0.22181923314784258,0.6571511672334724,0.36775639845520935,0.3540195335623627,0.5931620898856595,0.6470727978858285,0.2736859013185242,0.352199218756755,0.36399840508110026,0.09448327438967045,0.10824037912513776,-0.2840661258396224,0.46002217874368984,0.3626291138374821,0.36319016598541726,0.524835690366862,0.5164340485647252,0.4701710197799121,0.31025077315527955,-0.04423483610431475,0.2152337687652378,0.45152690263142065,-0.31825706423859523,0.3090172441253499,0.1756942755039364,0.12320102107095224,-0.054033188469730126,0.41069041260988676,0.5771988293183208,0.538663302490667,0.6120669065193316,0.6452149739590711,0.58990106952241,0.5246736583578018,0.660689682936135,0.7760254854732892,0.674985045258619,0.6284203939570088,0.4798172538662551,0.6654321516561407,0.717484106333357,0.7311153169018355,0.43888135953354873,0.4823244935857225,0.4570328044007175,0.6312913523072042,0.6446482838144357,0.30767554111537215,0.005923428288105115,0.5941067556957694,0.31434707639028964,0.19540038954319375,0.40106755207958195,0.6759453792305398,0.5061247379199715,0.5794060252245612,0.6797321823933767,0.7616035553070611,0.7214114677243006,-0.15348092012889428,0.08775606681301086,0.4277431004668334,0.01148611685155228,0.24459728133199082,0.4245554384547691,0.5197289792974986,0.6387864412928445,0.5314393945801531,0.31586467321919043
