0,1,2,3,4,5,6,7,8,9,10,11,12,13,14,15,16,17,18,19,20,21,22,23,24,25,26,27,28,29,30,31,32,33,34,35,36,37,38,39,40,41,42,43,44,45,46,47,48,49,50,51,52,53,54,55,56,57,58,59,60,61,62,63,64,65,66,67,68,69,70,71,72,73,74,75,76,77,78,79,80,81,82,83,84,85,86,87,88,89,90,91,92,93,94,95,96,97,98,99
0.0,-0.5255911931581125,-0.26208256681894077,-0.21638637179471668,-0.43408341661220556,-0.029467310720038727,0.766202483573965,-0.41143120201660405,-0.23777445191937024,0.7640214487483759,0.8138395867097351,0.4778756201764542,0.28476238187263375,-0.519264431850881,-0.7441940654166083,-0.10712585952868589,0.05745514889740468,-0.6338962992995766,-0.501800219974072,-0.687225918266855,-0.20920665882266098,-0.32888407617560084,-0.6462163814424795,-0.05303129556733421,0.8905923585493587,0.6425240384602572,-0.5228448778964948,-0.6896219696352779,-0.7047465540149069,-0.8901664849657728,0.7549417706759322,0.8219821766472049,0.25193386448227,-0.649240644381837,-0.3065382551768944,-0.47986932436854257,-0.8040506261482434,0.6611339324436002,0.6629940029972186,0.6692958806787686,0.3951131295406337,-0.5705298288014374,-0.07930166626333442,0.27360502176583135,-0.4831987934771377,-0.1881401672148014,-0.2751712196664771,-0.5159368019805699,-0.05799892867947486,-0.7128463715609067,0.6769568140021196,-0.5086365678751364,-0.49749806805197416,-0.41164727940123513,-0.46900903973550057,0.06431533797348517,-0.47369970700807096,-0.42559421415722665,0.7729482319609412,0.8379351951412564,0.5600184071336795,0.28865482470268783,-0.7267837946921137,-0.7037505076085473,-0.7970216791305432,-0.8604788806642214,0.5247891164864757,-0.4008063009755635,-0.736404582151289,-0.7196971169200697,-0.7407831570766226,-0.799547611014765,-0.7795790090684934,0.7335698545935101,-0.661686605043577,0.8601637677156287,-0.7666897974260501,-0.8339041898882721,0.6558807311058666,0.7163574503849623,-0.7840123891015494,-0.5271684580454503,-0.5543538145457263,-0.393025652575804,-0.8363993220151951,-0.8221549913449245,-0.6762840204029169,-0.8300459318329034,-0.5239899448372364,0.32621607209267917,0.5564846035202896,0.8223119077145669,0.8453153794626566,0.6096962722676673,0.5263005322113246,0.24109878257578404,-0.2547275993048613,-0.8983099181428689,-0.09489482545202992,-0.5525945703855532
-0.5255911931581125,0.0,0.7908504450397058,0.8673411535701726,0.8669204682766496,0.6752005662986119,-0.10345220689197457,0.8459306478785025,0.7357531827989131,-0.7175008486033456,-0.4934762018755996,-0.3552288766022891,-0.4290020730131985,-0.32531725463114225,0.010045515819442226,-0.35760719916028516,-0.7491707409426611,0.3948439003495867,-0.265329432166125,0.5939586940439558,-0.5135854419019269,-0.4948020545346702,-0.07952957740251358,-0.6319496099867036,-0.5553123919680452,-0.29050871848306037,-0.31937764036576044,0.3908406571409651,0.5794789566468109,0.27730584526838,-0.6148228006610602,-0.6217131431243589,-0.716116388626863,0.20319320188370266,-0.4661485278523974,0.845146909176933,0.6797671015452541,-0.782343542063545,-0.7164068713503259,-0.610622907674498,-0.7561385584359154,0.08823853528895659,-0.5007465727235768,-0.6120347200760649,-0.20555696527529105,-0.5791939264360959,-0.48007808656092776,-0.2845551958351951,0.739079310130917,0.8100899332960941,0.06081507326836733,0.8966921682621948,0.8662672606718398,0.8744158924964593,0.8490754419062883,0.6039219751235313,0.8878557607257918,0.8061735056044356,-0.23179758849120455,-0.47398012039217247,-0.2974011317064306,-0.3212110255366001,0.5220709446486544,0.11853858323129655,0.30682881673217727,0.3586501522433748,0.05676667930920509,-0.31402291102938673,0.23906588915414162,0.7176502236281825,0.27639273340949466,0.22027264435694005,0.28155764838305397,-0.16030933246430837,0.3489455158847067,-0.5129700458324653,0.6363919226699821,0.28760067649151305,-0.7301116736337533,-0.37709245271881814,0.400024341705289,-0.05194351851404687,-0.04118033379459775,-0.2669112759639127,0.20922786669673038,0.41177381940651414,0.8047271643383926,0.20686880331671187,0.7644716639975403,-0.5018301414209688,-0.00407432769582296,-0.5180517967916678,-0.46956279317258626,-0.4245078075490137,-0.49942043126880015,-0.5143794090913165,-0.4387970756336688,0.342281347900688,0.7575047802347158,0.8441643363710671
-0.26208256681894077,0.7908504450397058,0.0,0.7121515267638351,0.7912898065059863,0.8822551864258623,0.1461945508261774,0.8785502929394564,0.9042417942303079,-0.5762911941212018,-0.286355919411641,-0.35998508691504455,-0.5557880251023083,-0.46956784792285633,-0.12102154335594965,-0.6211767972554076,-0.8276355848997838,0.417765933738298,-0.33451122447147247,0.5597473926011015,-0.501067724244402,-0.6179775310576084,-0.214845062277427,-0.6386964646377881,-0.29503505579978345,-0.08260791438319072,-0.5861471376367022,0.4208934241321692,0.5917052794297497,-0.04687020829764403,-0.5938399536400049,-0.41402250436377974,-0.830356307532949,0.16518586235215135,-0.7307728897796271,0.8529623592714368,0.47387141613052464,-0.7099282939395318,-0.6736164837234178,-0.6075995773451256,-0.7520866886836138,-0.31237136470715027,-0.8185978828163278,-0.7984389353778879,-0.5181552079441509,-0.8456541044983734,-0.7589756200782336,-0.6202345474998572,0.8809566661143161,0.6182008469323971,0.22872590070316082,0.795986264341846,0.6312220483261581,0.6904367329261261,0.8343497351511676,0.8734798289311473,0.8279879039102004,0.8624255925891479,-0.09402373994015863,-0.07114793368342662,-0.20054629381773723,-0.40831369965728187,0.5374638300719222,0.10933548361808236,0.23400293921807375,0.22872841383124468,0.04936037011764739,-0.2454176169478095,0.17107884995159356,0.6474235076140623,0.22879999028793704,-0.17872730561409259,0.2018588457883106,-0.07905746410775939,0.3941005757528293,-0.22402141536582432,0.5918325402286754,0.14913612682287058,-0.7284818675238602,-0.24685789314168502,0.30614206168273045,-0.360563997961933,-0.39869666427233463,-0.6075042322207599,-0.11732654218886157,-0.008452042884938286,0.6873596021091055,-0.09799602642535592,0.8216200260560238,-0.5839452298859741,-0.025295570323447744,-0.4026335390669691,-0.3583822595478462,-0.37469331057792954,-0.585679461782596,-0.7245145535228642,-0.7757415219979622,0.056222662582937184,0.8944511354064257,0.7590779124566475
-0.21638637179471668,0.8673411535701726,0.7121515267638351,0.0,0.6085607924650303,0.4470761337126256,0.15223616945331722,0.5380080326906559,0.4194176100044799,-0.32725978997923155,-0.1561502059965562,-0.05446692640982109,-0.1089722452379207,-0.4635356625946894,-0.30256472974853443,-0.18492534489105902,-0.5896013539573809,-0.010080021516021042,-0.47382194779626213,0.15643953944848638,-0.5789870504316179,-0.5613369245826652,-0.33146307882042164,-0.5866470382057115,-0.21635028074466298,-0.08500492478129797,-0.38939598856147867,-0.029904062505106667,0.13610584658552466,0.01638390302901978,-0.20824077510295494,-0.25618033081732666,-0.4199900648594128,-0.16090565799992412,-0.4214883604661504,0.48187178023618005,0.3295550401011036,-0.3978969705169245,-0.30291088158795454,-0.1887818592965668,-0.4594018961831488,0.06436217262875835,-0.26238074510518483,-0.2927648867502766,-0.29354170403086877,-0.4245978501640486,-0.38965576897161125,-0.32723189077262654,0.5266905047833523,0.4821987795073082,0.2679191861222191,0.611399003033093,0.6837188828793931,0.7084771291750852,0.5318718857954573,0.37909630507047415,0.603803339890457,0.4671079015696409,0.09591721445957477,-0.2609317893006629,-0.01181185785909915,-0.050476469671782195,0.08077527741070814,-0.2721824686091056,-0.0995839543608126,-0.04952737897998849,0.34552246211098875,-0.5502236320748297,-0.14210814240112526,0.3183063950546727,-0.11868044295186338,0.06471938897965268,-0.1067328681569389,0.196152380201622,-0.06169743576620997,-0.2114769277090654,0.20670119345759425,-0.08611440049820082,-0.3419669220381506,-0.05174489235518306,-0.0016889327736016567,-0.11321946068263435,-0.14145102790405106,-0.2262886408629179,-0.0524437482881112,0.20239628595493547,0.44259835901633626,-0.05499110382946402,0.36633822532111915,-0.22559599422561696,0.2586084768240451,-0.11632238361831246,-0.05527693687392733,-0.10518740245247991,-0.10953573463469568,-0.20512037049609405,-0.29380749265856865,0.007524141548263717,0.5241446524691638,0.5038648826379408
-0.43408341661220556,0.8669204682766496,0.7912898065059863,0.6085607924650303,0.0,0.7038378038934259,-0.20055136149463063,0.7837455390271953,0.7229241537245743,-0.6780684561002124,-0.33814349065647115,-0.2238344241709454,-0.3908989777058853,-0.4560597598135713,-0.1424539837939683,-0.6077238458508178,-0.8156684762749266,0.22421796123913942,-0.44098656009290566,0.4861221668151133,-0.6609586200344114,-0.6421320408578566,-0.28033244230130755,-0.8079584263350621,-0.44917264049327954,-0.2138581024495085,-0.4389893079025771,0.3221218100248551,0.38740458390250937,0.17026556761266046,-0.5127384430156424,-0.6047118516600152,-0.8069464421723372,-0.017714085794221984,-0.5585457861350911,0.7939150271194971,0.5685647745904095,-0.8019915594234306,-0.7461230107196267,-0.6486136026866492,-0.7383710037370251,0.0016633409435164474,-0.508480369913116,-0.509381408617939,-0.25063241472244485,-0.5769902122557783,-0.5330235122957704,-0.3670733976690515,0.7666408511315994,0.7527323152800225,0.23176941325766434,0.8737820326126989,0.9013477856914971,0.9049607825535915,0.8492310040569551,0.6205600837008381,0.8558947920363156,0.8084499527513973,-0.1059416289987468,-0.398964543525289,-0.21235552144945707,-0.2146808610430419,0.42112652350239,0.04976310821595385,0.2322711867808782,0.24188475900289982,0.18882368072703973,-0.4092457016992435,0.0742044505969014,0.5633972517828264,0.11630560414843286,0.06341937560377935,0.13494970491890299,-0.040084335972412885,0.14854058317675137,-0.45377362109291697,0.4760338963743115,0.12764994437120727,-0.6883172585610323,-0.2377329079815092,0.19734648896559306,-0.18072373941905423,-0.08574866547012644,-0.3629000229609313,0.09527269876200602,0.3609176105954752,0.7120628435805116,0.08421806597476869,0.6777465998372415,-0.46964836679970584,0.21803919560027082,-0.3898526031838763,-0.3350314631238458,-0.3439589894617987,-0.3770021200968594,-0.4243352641616657,-0.37903002636879,0.2431998993404292,0.7583043492879945,0.7991585503589552
-0.029467310720038727,0.6752005662986119,0.8822551864258623,0.4470761337126256,0.7038378038934259,0.0,0.19725399351025255,0.7421201564026405,0.8335487721122268,-0.3560284376501549,0.01080028348661836,-0.08388453320881246,-0.35173756041914894,-0.5895774665317733,-0.288560470096812,-0.8132541725534096,-0.7842431207590104,0.18450554713541592,-0.4874311121564344,0.3158437268075515,-0.6050499981572193,-0.7093556574132011,-0.4039984033231343,-0.6615300731448922,-0.025662433659256346,0.21125292578212176,-0.7051245206971888,0.38967994836067277,0.41347437940807563,-0.1946421002234447,-0.3627055937443149,-0.1826493307624142,-0.8423095717021266,-0.08333794618968243,-0.8235636746352786,0.7023587587830641,0.2952245830380563,-0.5893513601405398,-0.5713838179318099,-0.5425998342346584,-0.7056750448471822,-0.35717825701624334,-0.8176718584441874,-0.6243896214761463,-0.656287909708168,-0.8612196353298565,-0.8425377033510978,-0.7634431269304076,0.8674291514832226,0.4090022715385574,0.446574295938616,0.6656921881331096,0.49662001514363396,0.5935814141424219,0.7386852039129899,0.8983627483893736,0.7040910284928853,0.7801627587175213,0.16456639309157328,0.21555650194165496,0.08388246626723363,-0.15821474691357584,0.37602064259241696,-0.026608864966368533,0.07806983584857459,0.03997356255156977,0.21751744262945388,-0.345680396012948,-0.06206856939987972,0.40984147230235407,0.006601692194557999,-0.32500189566938453,-0.012694536630116876,0.1351614115503388,0.19689762965143412,0.04589837329003371,0.403173523574749,-0.009867117186787172,-0.530604136322672,0.04235264677610326,0.06582044624800493,-0.5496023315553016,-0.48602476360657476,-0.689464209160188,-0.30482872567418445,-0.19941905612260086,0.5512873272767714,-0.24114851950791777,0.6595371780497679,-0.48153966733828674,0.12967901685518682,-0.15768075056880132,-0.14658424508189874,-0.10842149538501171,-0.38164252424324363,-0.5542015030898608,-0.7473928437207917,-0.16408265396817695,0.8758800745114832,0.6189366286185322
0.766202483573965,-0.10345220689197457,0.1461945508261774,0.15223616945331722,-0.20055136149463063,0.19725399351025255,0.0,0.020513614327954833,0.07549096810355325,0.31059930857945184,0.27045116284243226,0.005023531610991874,-0.03112396242666964,-0.40556178576632074,-0.44324755538056915,0.15357107773174256,-0.10929978763452748,-0.16841105611244223,-0.2977663823915569,-0.13619506432534115,-0.10330048391249974,-0.27220305799331784,-0.32412607952096717,0.014859047510747318,0.37268383584585435,0.178340595214509,-0.4056440747910103,-0.46140485119851166,-0.16561404489613485,-0.5514135251444267,0.24153635761466277,0.4262675698916201,0.15525861009541098,-0.17287395441880182,-0.2949589500656916,-0.04656880140169971,-0.3183972395320125,0.3585011677597395,0.42075700167336444,0.5023968762695992,0.23387758534155473,-0.4642423728660047,-0.2044211379961782,-0.22796800989830254,-0.42907982223383073,-0.32624223825563325,-0.27856418757045515,-0.38556759396822393,0.17570356228804607,-0.1888917606480251,0.3332285465727476,-0.10588396096450858,-0.14955961986251642,-0.08221510552671686,-0.1301455808529259,0.22347310387707972,-0.07340114256346679,-0.10804471484885633,0.320599211453698,0.37551818622750127,0.12901846857114474,-0.09520092922081387,-0.3431208618024454,-0.49847345472516136,-0.5254468045618608,-0.47419912590470553,0.3684485037284074,-0.3269007190834722,-0.3283653703590383,-0.16734387756903896,-0.309546523714678,-0.49615346372995095,-0.3726574750961604,0.4067301332512079,-0.22106929390526697,0.3757714450351148,-0.259786422406693,-0.4714067603859852,0.146378591731237,0.22090229187609062,-0.2935132952745016,-0.2218813804987425,-0.5528013093032176,-0.36192083132423813,-0.5446560783829951,-0.519016167420136,-0.23976896312674115,-0.5252580291360457,-0.0690428395499467,0.177351837397391,0.29288531217059455,0.33113933670225787,0.4057801851274671,0.11950299719186978,0.09507763490437969,-0.19244033554663065,-0.4396112995933992,-0.5085535716511549,0.1661167955946261,-0.09673955814298105
-0.41143120201660405,0.8459306478785025,0.8785502929394564,0.5380080326906559,0.7837455390271953,0.7421201564026405,0.020513614327954833,0.0,0.8453468016692863,-0.6607924340740998,-0.4259676639939208,-0.4360728166893609,-0.5202683551179523,-0.349055338252271,0.007639937604356196,-0.4409654817637976,-0.7773265652533902,0.4838055129987641,-0.2602610048411497,0.5894950554406578,-0.4300649582739289,-0.5180582090265178,-0.0897791737135136,-0.6151194435392257,-0.4381662252907869,-0.2710457554737764,-0.45932107542692513,0.4000855095779682,0.6308272114091756,0.11455262740861792,-0.6361105418085626,-0.4926346158703172,-0.7470076593384578,0.2360423235482401,-0.624965745096355,0.8330373408520966,0.5066910646125332,-0.7301969614151049,-0.6919430747339399,-0.6211610342153947,-0.7759034834983141,-0.17149928494594632,-0.7171945770667641,-0.7703799456916411,-0.4489462082796249,-0.7307928408825105,-0.6507466942396567,-0.47705768374873136,0.8045431485288602,0.6508059759194972,0.09821769499388618,0.8343761581163179,0.7244799967936261,0.7523263200652774,0.8384762918944726,0.7557994626590668,0.8697570405083547,0.8495860827786623,-0.21862198165927735,-0.2685946515306111,-0.2991600458557539,-0.4101331700800629,0.5991091640597925,0.17736854427313647,0.33028279526959836,0.3515538647601657,-0.0039893590240246525,-0.2044657122165275,0.2542568781009465,0.7339441334839765,0.3179103500350999,0.023256290153824355,0.3060500268787338,-0.17731334386693642,0.4364426519226633,-0.39824835764032557,0.6464482345157384,0.2530913227815833,-0.7481432422989162,-0.3377494730288651,0.3773742049789996,-0.28193355567871126,-0.3411245057777803,-0.5138052117301161,0.0018063790271943213,0.11114034587721648,0.688867714040779,0.0037036411821306124,0.8211859785294208,-0.6675970921870388,-0.08256234660769267,-0.4988636427281067,-0.4560627905382496,-0.48572518156615063,-0.6359670927154621,-0.7020169994962177,-0.669380041980822,0.18426280381279111,0.832065449427564,0.7206508169048942
-0.23777445191937024,0.7357531827989131,0.9042417942303079,0.4194176100044799,0.7229241537245743,0.8335487721122268,0.07549096810355325,0.8453468016692863,0.0,-0.5754742767088217,-0.26181485388210823,-0.39580405423862736,-0.5924314310437752,-0.43953391680038434,-0.0820897525546386,-0.6890115649887723,-0.7988597920874728,0.4534911708142886,-0.30679975382729263,0.5787712198048929,-0.4378002858629299,-0.5932190655798156,-0.19721184931729838,-0.6303144292890129,-0.26364910599518704,-0.1196809768003793,-0.5942690082549934,0.42468570871818695,0.5799443639230609,-0.08598353548606456,-0.5827058547423672,-0.39754542539137355,-0.8409667229306306,0.17351575046068277,-0.7509533012967384,0.8174724942335737,0.3758023420018355,-0.6931478085891518,-0.6828026643976725,-0.6348887958875564,-0.717344396714572,-0.42311521157030757,-0.8675634775469222,-0.8194325501441494,-0.5491820632828771,-0.8366896261254978,-0.7717777295359054,-0.6308466732719564,0.8691483329968052,0.5450249619521158,0.22993679497893538,0.740841347590833,0.5609216587509902,0.6109086116505259,0.8066079238372987,0.8904473655390506,0.7828214749799852,0.8540801336903668,-0.12215344837728827,-0.016681104881792832,-0.23246107582679598,-0.426830294573092,0.5673762685067568,0.18678978233516455,0.285625017136572,0.2607521908295579,0.015210051125130738,-0.14797396636264534,0.18977515792541838,0.6213706065099772,0.26133570237145126,-0.26220140751993626,0.23047992549707355,-0.11492344559474868,0.40511552452228294,-0.21882212500498863,0.5644145284583008,0.14320200622745843,-0.7264846050021607,-0.2393016902104202,0.28130240839218484,-0.445162339867986,-0.4793513792447716,-0.6940390922753932,-0.17242101501462673,-0.10238697640405924,0.5971177552014606,-0.16163080906969973,0.8145607541179659,-0.635825599692545,-0.01224166981342126,-0.3967887454276521,-0.3562112637695939,-0.423074033898507,-0.6325347140759071,-0.7684626002813654,-0.7883396769052001,0.03265456526634366,0.8827992618622349,0.6872313226290316
0.7640214487483759,-0.7175008486033456,-0.5762911941212018,-0.32725978997923155,-0.6780684561002124,-0.3560284376501549,0.31059930857945184,-0.6607924340740998,-0.5754742767088217,0.0,0.7781075404243413,0.6867748122937299,0.6855533022722176,-0.07380839343042087,-0.40071984565304036,0.2167507198263231,0.5229250707687461,-0.6549636563985058,-0.12171938044739632,-0.8192649928022456,0.10549504823572815,0.1192967843645942,-0.27712926085716133,0.42387200754268156,0.8190548578123817,0.7394491235305846,-0.036283056083062974,-0.41953471533227993,-0.6090491472829468,-0.4687864025710941,0.7900941696829826,0.8874217707233969,0.5605839530929214,-0.4996416592342736,0.13253158374654145,-0.740053757788695,-0.6349596735105618,0.7985411744521373,0.7891484277273293,0.7135495816904516,0.562642066254272,-0.017880163819193134,0.35720276487048186,0.6188660311027854,-0.16498885033764205,0.24769077053322694,0.13971156528207626,-0.11688960897224715,-0.4497429168629852,-0.7913895842516022,0.3305947644639151,-0.7229883755382235,-0.7202159985004698,-0.6235735189981403,-0.6909140916862364,-0.31675602382029,-0.6942156150882538,-0.6717941478459192,0.6475634727647575,0.7699700984151644,0.7254825113018669,0.6107294995114448,-0.6818163590029213,-0.5270915094762881,-0.6334209901592628,-0.6688482549297008,0.3412411020753249,-0.1478377742422605,-0.579084615293705,-0.7793749644494498,-0.6117440115590714,-0.2990727396710272,-0.6107891116020668,0.579466015612575,-0.5311980546009463,0.8545684014780786,-0.67919168871021,-0.49311684234965375,0.8372095546356758,0.7172703933382508,-0.6003105416855876,-0.15333432360098717,-0.139337833621877,0.11113442806124908,-0.4664356299666524,-0.5661876348696113,-0.6269737087866479,-0.3786589343747495,-0.7290334896002492,0.5876917668222122,0.20815388308136223,0.775867177373351,0.700321340940703,0.7912821556132056,0.6977691531965228,0.6012060641412914,0.20619559443952987,-0.657262545472998,-0.45150201599668227,-0.6847331009315732
0.8138395867097351,-0.4934762018755996,-0.286355919411641,-0.1561502059965562,-0.33814349065647115,0.01080028348661836,0.27045116284243226,-0.4259676639939208,-0.26181485388210823,0.7781075404243413,0.0,0.7780704249538053,0.6150612051168355,-0.4262860242971872,-0.6223665774639432,-0.3380954758286865,0.13744788054499196,-0.753758407279828,-0.49406427909928796,-0.7817347013648506,-0.3080922724964833,-0.29939789053769256,-0.6160932661540448,-0.034225886546436435,0.8511650307462931,0.837541099933113,-0.3996426989277945,-0.3040559763452832,-0.604810514170355,-0.5503838380791054,0.7450773993600013,0.7978110655140612,0.1197478854052094,-0.7684327781065076,-0.2677858024522207,-0.49578454161784963,-0.6080170516536869,0.5053494840993181,0.4918960823914926,0.42125282611666787,0.23439748381754485,-0.16519142611845605,0.058837354489352435,0.49217349606638683,-0.4547085484951611,-0.06439007453266943,-0.24027635325725977,-0.45576748817950474,-0.06743696344136149,-0.6486758663228132,0.6723729160497065,-0.4337174168265569,-0.39379885735164505,-0.29604478759121206,-0.3566101651020907,0.04043888859861624,-0.4073464591820324,-0.33600972102553994,0.8259490488486029,0.8350336513910249,0.8274017585262516,0.6913163540732591,-0.610448993388116,-0.5997365539050564,-0.6493268131148684,-0.7154361707746968,0.6046510571613795,-0.4163862785242626,-0.7675026458843662,-0.7434228771274647,-0.7508358864821475,-0.4800863719884177,-0.7425455365039947,0.7496445966967427,-0.6632828048232158,0.8434376200307397,-0.6452694177841155,-0.611497841186129,0.6520197853530497,0.874826628567902,-0.7736780558537376,-0.5077044838629543,-0.351639356904746,-0.23733025262902652,-0.6525017657764716,-0.6244597836440403,-0.48623802872957844,-0.5322213319044801,-0.5440455237659689,0.38721248179870627,0.5206638802457177,0.8096106676634094,0.745716981205199,0.7988292697272981,0.6688294255636263,0.4958594395145743,0.020926478440909137,-0.7670737613631468,-0.08685755964787154,-0.4592312860008343
0.4778756201764542,-0.3552288766022891,-0.35998508691504455,-0.05446692640982109,-0.2238344241709454,-0.08388453320881246,0.005023531610991874,-0.4360728166893609,-0.39580405423862736,0.6867748122937299,0.7780704249538053,0.0,0.8179461623046776,-0.1960859655562303,-0.36226856416853503,-0.21656725079878586,0.22127843594612684,-0.6955621971193229,-0.3164581970607463,-0.6829061022747318,-0.3367424981226271,-0.13800854338795246,-0.37274092324764374,0.061015723307876905,0.5190023510198378,0.8039917343443115,-0.06854227076622679,0.0676891792419172,-0.3614579595687188,-0.01722029158796068,0.5517644648657081,0.5256397980866627,0.08290855853577009,-0.6226570422550741,-0.009692149651684811,-0.3763303185897545,-0.11489980880011719,0.2669119966944216,0.28106836656159545,0.20280104838819837,0.07105654307615226,0.45391786262690254,0.33963163225647997,0.6456288582330493,-0.13439961692392235,0.1550302964676681,0.0005247917567027854,-0.13974750452669737,-0.13203715968668003,-0.3149257224624108,0.41626355492192646,-0.2204948994997819,-0.14666455637000922,-0.05219669994186129,-0.19188324951176675,-0.12104921090089503,-0.23459848818136655,-0.24529754361862963,0.6499268613394157,0.4781345931045478,0.8553511572847181,0.8830954550450096,-0.4281497816142517,-0.4584886544033347,-0.4244748428442017,-0.43267564014383364,0.5226499964656611,-0.4197058858174663,-0.5808879053211233,-0.5425443437004548,-0.5890685611362466,0.10978423310038482,-0.5307566917305063,0.588362815682541,-0.5042830214031125,0.5763819764947743,-0.34767515477603506,-0.2185391231868396,0.5278816438122477,0.7209652144734153,-0.48493189328230296,-0.11202401948883656,0.15296974621523696,0.2073605817211786,-0.161184853059494,-0.07324117885770294,-0.07526578389912582,0.027064175144217818,-0.4570160830513317,0.4878045426933389,0.29555608623580376,0.570123676149351,0.45284656200722717,0.8247153791505256,0.7114449951530482,0.7147221067654003,0.3673455152380487,-0.35185621461974803,-0.12985016077243589,-0.17798790924768373
0.28476238187263375,-0.4290020730131985,-0.5557880251023083,-0.1089722452379207,-0.3908989777058853,-0.35173756041914894,-0.03112396242666964,-0.5202683551179523,-0.5924314310437752,0.6855533022722176,0.6150612051168355,0.8179461623046776,0.0,0.04862571315860127,-0.09936020531971679,0.09766152006116381,0.39103146418830154,-0.5109286907010397,-0.087779402239526,-0.5637905409425278,-0.08887001506254527,0.09893087386227437,-0.09917399860841765,0.2633911558733196,0.3194599280922133,0.5143217613546096,0.15235374067453214,0.07287012040936329,-0.21074930007079434,0.19096320424906224,0.4653089256364797,0.47668766323016704,0.2689824398112323,-0.4120917788454952,0.1750554619124244,-0.4264014209541561,-0.08537471388792237,0.3091833219742979,0.31182534919799226,0.23213086070034666,0.1274872117985482,0.574341500355082,0.4518920771148793,0.6069692441946466,-0.04202395830957313,0.3157664739881125,0.1614678437705654,0.08353763249328354,-0.2803448273516671,-0.30365125847418706,0.14843597550378795,-0.2575763176632456,-0.15317143992517432,-0.0960850157181469,-0.2644170853624099,-0.2944947879330478,-0.23228099301334193,-0.2987647764639604,0.39739438761513657,0.260255360329791,0.6690544296597419,0.8120418195318709,-0.309103539104688,-0.2968705794844893,-0.27775456922316794,-0.23110725686907793,0.3733259308934351,-0.22501901058484577,-0.3814065577896733,-0.403058293156043,-0.37243372868463326,0.33586124957093916,-0.31943255237057405,0.3785455434963243,-0.3479159274470696,0.3407258947393608,-0.2347374276395577,-0.03267763581639084,0.4962345157566887,0.5636734641242647,-0.3290384127569216,0.01894707344227343,0.15433227430520438,0.30594988374984755,-0.020480935767707646,-0.00128212823753873,-0.11030453825585154,0.17219174615004168,-0.4428441926578908,0.39307729101815947,0.11804584322001813,0.40548598244064615,0.280232536636623,0.6296900676778097,0.5783985006370149,0.6569271757197596,0.45912988553797895,-0.18428422872947353,-0.25681617439870397,-0.254894884409527
-0.519264431850881,-0.32531725463114225,-0.46956784792285633,-0.4635356625946894,-0.4560597598135713,-0.5895774665317733,-0.40556178576632074,-0.349055338252271,-0.43953391680038434,-0.07380839343042087,-0.4262860242971872,-0.1960859655562303,0.04862571315860127,0.0,0.8371864276260358,0.5783064062469244,0.6818700464660847,0.42751226967027284,0.890998661434007,0.1579839249546072,0.8260725955061913,0.9051328927452832,0.8666126006375374,0.7389458914190875,-0.37796051476196685,-0.3843471491697589,0.8588386600163779,0.37777109701368794,0.28696656747741356,0.6331849830332922,-0.2222078026402494,-0.19698723697690665,0.4699714311739397,0.6245683588554815,0.7572073423834895,-0.30257808258049834,0.15455049074778957,0.10174353981699419,0.018111233814108823,-0.11329147638172216,0.24250977842467863,0.47754299344443984,0.4745450356225593,0.2209012661104204,0.6494955129634706,0.6802607610585634,0.701160885653693,0.7642089117153208,-0.6609348060652569,-0.11738550640185026,-0.8347354511300599,-0.354966042951092,-0.4136049494688237,-0.4991381985147587,-0.34796299473590225,-0.6049851280139436,-0.3491674786706242,-0.3210751259911918,-0.6386326177013446,-0.35886799393558105,-0.33024696325874797,-0.08358976152368078,0.35898346868218195,0.7054356602826931,0.6100158431691451,0.600710040205865,-0.7674989688661262,0.8478764794112855,0.651469753330213,0.1616795817960877,0.6151710422156955,0.6293439367027623,0.6431056292498735,-0.7013793431123583,0.5155316701958359,-0.35494969839284174,0.27427206702912516,0.6731775433984006,0.048316200414507675,-0.4278574761136454,0.5438524800381307,0.5407388964284484,0.5588570112889508,0.6245033853403811,0.6604752221582442,0.35292990962241727,-0.06468473389635183,0.6393533254252677,-0.12061809833862326,-0.009505551053636952,-0.7638213901582152,-0.41717216413768693,-0.5042287335439135,-0.25745981950174124,-0.1985745809211389,0.14211916606736386,0.5519372249814479,0.5932066482770784,-0.6138358487388378,-0.31011942787342356
-0.7441940654166083,0.010045515819442226,-0.12102154335594965,-0.30256472974853443,-0.1424539837939683,-0.288560470096812,-0.44324755538056915,0.007639937604356196,-0.0820897525546386,-0.40071984565304036,-0.6223665774639432,-0.36226856416853503,-0.09936020531971679,0.8371864276260358,0.0,0.3318524789041325,0.37919766892869367,0.6176045319689881,0.7739176415003618,0.4101433577770844,0.6538080204061723,0.7060974254503539,0.8295801787362973,0.4873094023765197,-0.5431659359231852,-0.47854122527607873,0.6632072343655634,0.5893391445749527,0.5762356394964248,0.7106455500867035,-0.45694054688775576,-0.3826733228339619,0.1369414062277248,0.6995266974598673,0.48860265522757457,0.030021320176549408,0.3373051779520581,-0.2040527856755116,-0.2901288455148687,-0.39428426128985855,-0.09459004565680205,0.407648629718515,0.1720979005100768,-0.09744829970554243,0.4383435204487853,0.38120947248042286,0.41239486541275544,0.5754837774030985,-0.30773812614150736,0.1320915606502649,-0.7475241833736321,-0.018019074823545103,-0.08829775187620857,-0.18830540138477608,0.005148386325315295,-0.2704982682434256,0.011762155901773276,0.04342407543608391,-0.7095989192184626,-0.44668830516310315,-0.43091069858045483,-0.19731819606793405,0.6224252906238293,0.798975300090414,0.755529418293208,0.7632758287840932,-0.7042228318968536,0.7723206763945106,0.7374339622130615,0.4415755389751887,0.745519984560189,0.6449836692434424,0.7675063232704689,-0.749218633543366,0.6726345207017145,-0.5272253049414786,0.5340812112100726,0.7848801065009491,-0.25426746522644916,-0.5169339696718508,0.6625892153320941,0.3572336534484528,0.36944460400850565,0.3751212405666142,0.6372340009222206,0.3798374880261523,0.19307231081665607,0.6434539262198389,0.21261076786499863,-0.2950880385080149,-0.7156839777230992,-0.6002094355375873,-0.6759184623204372,-0.4601594295091468,-0.4520590743570512,-0.14785415639255067,0.2941306527718949,0.6626298051945684,-0.24920391031012923,-0.017884058043400205
-0.10712585952868589,-0.35760719916028516,-0.6211767972554076,-0.18492534489105902,-0.6077238458508178,-0.8132541725534096,0.15357107773174256,-0.4409654817637976,-0.6890115649887723,0.2167507198263231,-0.3380954758286865,-0.21656725079878586,0.09766152006116381,0.5783064062469244,0.3318524789041325,0.0,0.4373931494176058,0.07868529924551267,0.37776330377993655,-0.04182495974773286,0.4668923720975066,0.4730039381431803,0.3799148998789758,0.48728020206803485,-0.11020443453136047,-0.28648827672657073,0.44730430973668855,-0.3169353453919184,-0.07240891432716139,0.1335678553246215,0.09606294217234616,0.08721434005107674,0.6161540912004357,0.27866807002047544,0.5175447695139344,-0.3100391885435737,-0.0674174204535205,0.3886432324631331,0.42025910787402476,0.4582574708374055,0.42567662871157813,0.20936336906714725,0.4474170043618465,0.160115020374068,0.3753475554321652,0.43402301233761503,0.5164533763152471,0.4803762471647498,-0.48785848256371595,-0.13384378191924134,-0.4031082435226282,-0.3043412266329885,-0.24748282930992097,-0.29172785281753244,-0.4143798131307402,-0.521605425476196,-0.3092237082126041,-0.44352970179663964,-0.23892471533218768,-0.2620219903962462,-0.21485263474157498,-0.12001356916291411,-0.15633403661545106,-0.004105566266279564,-0.04247856067719878,0.025944133253013354,-0.2181651390881644,0.21818298398248068,0.1819283590631025,-0.0331632812655407,0.13238794484108032,0.2863128118898057,0.12086406428587355,-0.16292362329641222,0.06315848940425531,-0.11787218782214653,-0.09587424323245276,0.07516950089634733,0.2303686039930575,-0.21581205934168007,0.15189139015077294,0.46140160777804107,0.2299717525464931,0.4412160085919872,0.23029710929162495,0.1423390077660851,-0.22954665896920576,0.1653648050577243,-0.26323848974889813,0.23202843164295167,-0.2325508321601404,-0.03794268421468269,-0.014487772693763586,-0.09023749164733136,0.057242952268683596,0.1341817189813649,0.2744818088854789,0.15449945861777167,-0.46372332978629804,-0.2943262997598461
0.05745514889740468,-0.7491707409426611,-0.8276355848997838,-0.5896013539573809,-0.8156684762749266,-0.7842431207590104,-0.10929978763452748,-0.7773265652533902,-0.7988597920874728,0.5229250707687461,0.13744788054499196,0.22127843594612684,0.39103146418830154,0.6818700464660847,0.37919766892869367,0.4373931494176058,0.0,-0.1386016177933013,0.5642325932895557,-0.29434387954076213,0.6613658685027606,0.7206663428440677,0.454152850035777,0.831907267620978,0.1468563220105434,0.08094805926699188,0.658817475191702,-0.0006647805994475948,-0.15722177312359725,0.2532505656898751,0.3257317266227776,0.3603671662378761,0.7268356255092565,0.1293000448937531,0.6944274413976503,-0.6570064462242617,-0.19145089812951316,0.5637155383072401,0.5266631383291108,0.4122263205291997,0.6275894644736167,0.4048361048992448,0.6701357577041811,0.5572781828027565,0.4655620180546651,0.7299507072030174,0.6769242938545745,0.5846723275975194,-0.760597420206181,-0.4472315299911374,-0.4237754327551108,-0.6782538608372793,-0.6567993217178354,-0.680246981315535,-0.6736606751117762,-0.6901243036754761,-0.6782295316979297,-0.6664613462770343,-0.10471967636370082,0.08948155429631702,0.16853840415848337,0.3565538731946557,-0.20321640683825057,0.1370085522194904,0.004599959860579364,0.027011942188161907,-0.2269494665098529,0.467359338653784,0.09730565753092262,-0.3788076581232809,0.059855967851983105,0.32071539668312965,0.07368618136079276,-0.11890581198338529,-0.019985034654973453,0.15789879755079073,-0.22440650129432915,0.1743522172774201,0.5150377923263573,0.11325068631351932,0.008997456098061471,0.4399566270114448,0.368177144336276,0.5845901257486977,0.2485461244210034,0.029814595323508403,-0.40147916551039403,0.31513882645058466,-0.5538832095513616,0.5169022371531656,-0.3024724565055013,0.16774762318870967,0.07984413541439185,0.26660258100436846,0.3482883865523693,0.5147450480626335,0.6368056417182583,0.09693799960194241,-0.7386554672730268,-0.5398043525382931
-0.6338962992995766,0.3948439003495867,0.417765933738298,-0.010080021516021042,0.22421796123913942,0.18450554713541592,-0.16841105611244223,0.4838055129987641,0.4534911708142886,-0.6549636563985058,-0.753758407279828,-0.6955621971193229,-0.5109286907010397,0.42751226967027284,0.6176045319689881,0.07868529924551267,-0.1386016177933013,0.0,0.5343996369279465,0.7497545605970063,0.4508680582621499,0.29685788196448154,0.6138656533785458,0.06798092821314108,-0.6070455716375033,-0.6701741406995727,0.20150727221577894,0.4299454545434782,0.7068211057751571,0.3157187168852832,-0.7247745896719678,-0.5571127012312213,-0.2119416101416992,0.8161473393365707,0.023875075182062125,0.46961810711062935,0.3379130454719888,-0.4392711248143288,-0.48830077921873577,-0.5059868971288891,-0.3415916160415419,-0.18956435319929438,-0.41315909640117343,-0.6683528531173155,0.12021132418449153,-0.18231390596515926,-0.048363484812915365,0.13580403846074163,0.16294145500049476,0.3481223382510419,-0.5734092292162508,0.31463795637271386,0.1254835213307609,0.05495669797637668,0.342630516346763,0.23060910546344812,0.345615857953636,0.4151129721866366,-0.756580426710855,-0.43070514304593954,-0.7483157847866819,-0.7598476989943603,0.7684344703170806,0.7563579588421174,0.7446740247027331,0.7246665844901083,-0.7481351976248033,0.6470248269207459,0.800812913851349,0.737807748057416,0.8246699981615916,0.19225216538896112,0.7890637859124107,-0.7770388521530536,0.8322432256825703,-0.5818554810293695,0.680982562291133,0.60387951787239,-0.6067031646323058,-0.7469117024217293,0.7535254144007876,0.10088832310439592,-0.029586321064412075,-0.12408220178340262,0.36489899493960287,0.15546328031469467,0.32903250893622116,0.2545214714508556,0.6291766281262798,-0.6607053931419644,-0.655962049568424,-0.7538396529027876,-0.7308669948876287,-0.7974401142711093,-0.8623450303536716,-0.7263729683164166,-0.36387625089824605,0.5226853510142746,0.21067861528924003,0.25827950199404914
-0.501800219974072,-0.265329432166125,-0.33451122447147247,-0.47382194779626213,-0.44098656009290566,-0.4874311121564344,-0.2977663823915569,-0.2602610048411497,-0.30679975382729263,-0.12171938044739632,-0.49406427909928796,-0.3164581970607463,-0.087779402239526,0.890998661434007,0.7739176415003618,0.37776330377993655,0.5642325932895557,0.5343996369279465,0.0,0.3119850216610104,0.843658363679481,0.829382744509493,0.842463717465976,0.7542166997999811,-0.36376710918266897,-0.3541289536650315,0.7640983004910173,0.3961741603062641,0.38581040779550363,0.5021416745501391,-0.30208367037817746,-0.20324952144190644,0.408803633332726,0.7299991395343561,0.6624865312948762,-0.16333331914461252,0.23193015553072802,0.08205932060214638,0.025797709861269804,-0.08248322110103133,0.2732239668299639,0.30101154300038097,0.31471214783336976,0.036987626384579066,0.6157591391703376,0.519158239385392,0.5990365596164166,0.6489481960557931,-0.5323514084585799,-0.021018877698036918,-0.8143444314115867,-0.3053646726314654,-0.45307152029264636,-0.5099239910719913,-0.2822066669181008,-0.43884534078071463,-0.31382873837948083,-0.24737428727560495,-0.6512037651831949,-0.2768811766319508,-0.3870546123301098,-0.2541405749711495,0.3931530332078433,0.6907515507493054,0.5802783825964144,0.5677984894377249,-0.7933699814580372,0.8575998361685055,0.6989071119916165,0.2284605680536085,0.6544940378726685,0.4696230532275043,0.6575891952120123,-0.6965828463471669,0.6180001109106994,-0.288762606698715,0.344221435553594,0.6452086127827908,-0.039754073751774886,-0.5026240594697551,0.6282338949952502,0.5803902429012552,0.49263671119670716,0.5368491527543914,0.6064853429518184,0.29177171263842,0.025474220981603308,0.5772528855981464,0.0075747698398462805,0.04552916173339681,-0.7928022607825425,-0.4484312083654918,-0.5099621967584448,-0.30235201450357174,-0.2978133374613592,-0.0286315066882117,0.34549243113851663,0.5543309222331589,-0.4901137636661488,-0.16063172192436725
-0.687225918266855,0.5939586940439558,0.5597473926011015,0.15643953944848638,0.4861221668151133,0.3158437268075515,-0.13619506432534115,0.5894950554406578,0.5787712198048929,-0.8192649928022456,-0.7817347013648506,-0.6829061022747318,-0.5637905409425278,0.1579839249546072,0.4101433577770844,-0.04182495974773286,-0.29434387954076213,0.7497545605970063,0.3119850216610104,0.0,0.14693942414272051,0.02846284732243916,0.33334433652386525,-0.1013268019819119,-0.6117464253962034,-0.6103830181319592,0.07387231804297376,0.324181338238588,0.5550007940814229,0.24929262232472205,-0.6601001365645414,-0.6350598923608557,-0.30424720223255847,0.5858080892864084,-0.039187009531228056,0.575317703318766,0.4990266314226761,-0.4969138047265561,-0.4732573732383541,-0.4015405764831444,-0.200372603497045,-0.15713518472843244,-0.30888002845788454,-0.6143647100029407,0.21021478947471878,-0.19422333566822464,-0.042096465643358554,0.13179939711373925,0.32719606045438115,0.6210836685337072,-0.35483385130235373,0.4505869206863588,0.3611467036141992,0.2943201275647546,0.4470712911905523,0.2796298550252384,0.41954420978534207,0.44961420370971883,-0.6272184988681689,-0.5151104167898373,-0.6881052905020925,-0.6442206528665263,0.5513082506739954,0.47485960849237646,0.493431657645338,0.5250157311616532,-0.36827359829717177,0.2999963340469734,0.5758946910856272,0.6237685116497694,0.5901006173233392,0.07327027525945463,0.5605484051299238,-0.5262209807646793,0.5400158832809685,-0.6137862544323412,0.5565417471737968,0.3845422811677588,-0.6653486451830805,-0.6683932717901492,0.5764218011328505,0.26115446263175024,0.06746400607354011,-0.10122948091141037,0.3319213960005702,0.336844574298244,0.4585280277131465,0.26383592531231576,0.604165539745408,-0.3031820147569954,-0.2382642192232489,-0.636347462031298,-0.5505814590059128,-0.6972356826356023,-0.6294195287053673,-0.5982082298127378,-0.25117421284088376,0.512486660665247,0.33130045074265624,0.5603674852474928
