0,1,2,3,4,5,6,7,8,9,10,11,12,13,14,15,16,17,18,19,20,21,22,23,24,25,26,27,28,29,30,31,32,33,34,35,36,37,38,39,40,41,42,43,44,45,46,47,48,49,50,51,52,53,54,55,56,57,58,59,60,61,62,63,64,65,66,67,68,69,70,71,72,73,74,75,76,77,78,79,80,81,82,83,84,85,86,87,88,89,90,91,92,93,94,95,96,97,98,99
0.0,0.4263723954523533,0.45111467215897955,0.14129440475834523,0.3807146768810197,0.4226741114847003,0.23036389491484424,0.2669175824115814,0.38021604293605726,0.045867130670937825,-0.17003265725131975,0.1062330815540947,-0.3871409615854091,-0.4655682119950457,-0.2774578696686087,0.3748601353348516,-0.43424586530989545,-0.16093355344388952,-0.19188530905204412,0.04858801068371066,-0.2778595409046016,-0.5980618719350939,-0.7208176112948634,-0.17741298459195748,0.21614593039585656,-0.21982456021675983,-0.2487585913760146,0.04359892985803035,-0.4804179972788593,0.1644813603996306,0.32643787999477847,0.31795925804405417,-0.11687819703017052,-0.19335250294475056,-0.39237461063258955,0.6550038985501381,0.5815087414443697,0.04127852856777685,0.07683992891245003,0.2036942928232787,0.009603879096540462,0.312317996886502,0.13525135455312953,-0.08674148909574952,0.22437878325824237,0.26248496251917747,-0.23297937714068054,-0.23420480569373245,0.4241360557883594,0.22459897776360252,0.4830534172542594,0.4513517908450308,0.4959964051920719,0.3654875707251636,0.4097554211038264,0.48099970495282335,0.3698834626074869,0.3627976870292894,0.2624066771053384,-0.4468181841835249,-0.5065100135828332,-0.5112187460413168,-0.48206791703883656,-0.32758105140478505,-0.16208827741218695,-0.1536867379806244,0.453942760499598,-0.3232909589443857,-0.18100857794542022,0.047116962206580765,0.11197805076754207,-0.36561402458685255,-0.5961562796288513,-0.24125337607415492,-0.1218840007957305,-0.22580424753450445,-0.26895099353104657,-0.41465528220147385,0.26614343413067226,0.7369174381014629,-0.17482663161781103,0.1072635349236704,-0.14981169032081493,-0.33970913359588895,-0.26065507879149125,-0.17141438041633805,0.24674414929278754,-0.33947982670014876,0.6419600182805937,0.05158024039008185,0.28325016426924576,0.6548535213412251,-0.11027133796260756,0.24260336593322895,0.16023132929655548,0.3151988941026453,0.209711815167591,-0.31490481264509246,0.46449361318039345,0.4288644415889112
0.4263723954523533,0.0,0.895668313366531,0.7715646417660471,0.908885822509347,0.8571809450449313,0.8233693184494495,0.8842411117388518,0.8803571298364266,0.37165323957210883,-0.2818183487209778,-0.1932735651242194,-0.08242474766030053,-0.24746757680951487,-0.7104436198563804,0.8839414932149826,-0.7914212005660299,-0.56394798584935,-0.6350682465451164,-0.20993326131744394,-0.65436225230348,-0.435986378531615,-0.44077532157143706,-0.4058774456330896,-0.22883715094717794,-0.7019212316781538,0.25002074542995834,0.2274307750434992,-0.5120382680611739,0.6098821062680649,0.4520780389190265,0.44703850899870895,-0.25614229841638436,-0.6769240179240302,-0.43406761203008737,0.7144949522123981,0.4352833945911977,0.39332399601001145,0.6051348661277582,0.7510043653282322,0.099852280659561,0.3213350378434064,0.7753324592066385,0.05962414811072968,0.698360745369526,0.6169659237665535,-0.476725436382214,-0.2791391138832281,0.6112370929948672,-0.2286950251400334,-0.12942032428921343,0.8802461863166059,0.6078691437913569,0.9040419666907437,0.8962588470197135,0.8383667064738826,0.7412909660698138,0.8903825221021165,-0.14444069013954633,-0.5637583693172337,-0.548706297398454,-0.44517419812474607,-0.6023286194861756,-0.6068263584620411,-0.7293521601551635,-0.4560477749488667,0.4703734713311518,-0.6435394080210776,-0.6984605241953878,-0.39163986969026443,-0.14954128532100902,-0.6720975448368368,-0.7048079795976409,-0.49336424108968646,-0.4869042760438095,-0.7213914820531022,-0.4872926943795237,-0.5298344270360398,0.5579119344589303,0.5319675383781766,-0.7349252418559226,-0.31499813740408505,0.3874967376546462,0.1429134465141196,0.38745421031949895,0.25333231307551857,-0.28546375000466834,-0.5445915356316903,0.36371328978748224,0.0688166611976325,-0.2251440531790011,0.4371034593196634,0.4516646545291112,0.20211071884345091,0.6786284758522324,0.09714829921297592,0.667435327034497,-0.08295426043498731,0.7676918760881817,0.1880057250660618
0.45111467215897955,0.895668313366531,0.0,0.6624438171152878,0.8876832400237609,0.8926069656338623,0.6858026108504407,0.8262071973313652,0.8770160848743859,0.2724974292424062,-0.2228434614890178,-0.06741301829047164,-0.1135460784130764,-0.2763453227923498,-0.576637935343549,0.8075693157695627,-0.6589910835257717,-0.3444724545214074,-0.4686691874157014,0.046836139057963334,-0.43932753974103084,-0.4072525083828974,-0.4052166272624583,-0.30544250133271406,-0.04102522333519488,-0.5421423579121154,0.28832812494565624,0.41908950962195274,-0.34396031094301005,0.7703836719255517,0.3069098417488585,0.2101142160047153,-0.3650451174394147,-0.5010885796589012,-0.2135980711041358,0.6242774155040148,0.5844256005507389,0.16481617359268017,0.4399288379054462,0.5925180267451546,-0.1651281744087401,0.07209835606314725,0.6256271422885369,-0.11538896695928136,0.6060764282028527,0.4737336175930618,-0.4372857291015753,-0.4913327466921862,0.4909164685572692,-0.3205510545766135,0.0036823986981765968,0.9266335812768002,0.7452999919091187,0.846302139623931,0.8756340304131365,0.9075209148380933,0.8099375056356689,0.8902849612135736,-0.022633566983330564,-0.6982221249803439,-0.6979633218962452,-0.5748311210608263,-0.5177227883592356,-0.5721385274013748,-0.624916086437943,-0.4444544305799462,0.5433323810737944,-0.505681517376117,-0.5144628470558338,-0.15127266999739433,0.035425202771196526,-0.5105156462824624,-0.5766903434757329,-0.30497392229811754,-0.46559558670770396,-0.6299453982588218,-0.22892396017709218,-0.26870610005154316,0.4975348500725106,0.4873536317859325,-0.5924428917191479,-0.20262749880347147,0.3600864199297249,0.015576827241567353,0.3819194519090417,0.2443188822745732,-0.040950184074751685,-0.4900898583696532,0.549361794676523,0.044612093305251996,-0.10219613263218565,0.49821219005219053,0.2921958652494739,-0.06853347215115059,0.5632045547576773,-0.07973507672343873,0.48765531251590616,-0.17338477494780552,0.6852260887459142,0.14295729879500216
0.14129440475834523,0.7715646417660471,0.6624438171152878,0.0,0.7403894786485145,0.689182516954378,0.8105459423327359,0.8114695373561651,0.7014049922427666,0.7513789129066056,-0.4389729653022144,-0.5559002314699635,0.08119617871978677,-0.258230025955814,-0.7677457051924975,0.7996209660756373,-0.6521854771134865,-0.6620475765752108,-0.7434629219768281,-0.44977447434996126,-0.65794422772825,0.11914307143558193,-0.024974928740801462,-0.5922161355941556,-0.20562160644640606,-0.7941999397335249,0.3464160877145,-0.06402055118676654,-0.33305907605694923,0.4321000142375,0.5361909825890387,0.5456277337298694,0.0980898479504695,-0.7233237553418795,-0.32096361237202353,0.38702106715024126,0.019654216657170948,0.6434955758417119,0.7954593111973434,0.8051424996755254,0.08852623793411094,0.2966972515625395,0.8133591172779061,0.025435651393182008,0.6725807249288702,0.386723580226262,-0.6103565235012652,-0.13712513476649194,0.49387190557873517,-0.32890017848184827,-0.6044067319918461,0.6145385996125319,0.18628590258817765,0.749316201412875,0.6966943750341265,0.5593278713921729,0.38509796206579133,0.666257148601262,-0.5568126672596514,-0.27958651430462467,-0.16571368920025667,-0.18917119835464344,-0.5666084146704016,-0.6824331143983853,-0.8264250563031564,-0.6466217029034523,0.013773138334616615,-0.7198459413079724,-0.7377758693931804,-0.5800290325969975,-0.48669112887983923,-0.6841696949034295,-0.5069049498262362,-0.4912265719981575,-0.694888893349656,-0.6094973107146647,-0.5087532839699624,-0.4190279603214812,0.6081504290759876,0.09567658100106563,-0.8257131331513631,-0.6728699329458424,0.5793834386090332,0.48969837411971645,0.6626960966108855,0.597567450479955,-0.5812348708968105,-0.22602851216130526,-0.004697120508443436,-0.10849430755182772,-0.6367306160622527,-0.05246844701994906,0.5929275442364704,0.26548883896048825,0.5752831433420307,-0.00540728672050337,0.7013266818864489,0.2957112052105681,0.6661879311423851,0.060915942239067045
0.3807146768810197,0.908885822509347,0.8876832400237609,0.7403894786485145,0.0,0.8625275076566518,0.7544434977237191,0.8691813013696211,0.8825014291925584,0.3589380473811469,-0.18566471449823688,-0.1020452248637281,0.022022357151436783,-0.16877103951571976,-0.6194495686348515,0.8287964147825755,-0.6951324883003438,-0.42411748940964156,-0.5328004209891214,-0.03956001600882511,-0.5398276752403249,-0.3533828946104081,-0.3424677807817178,-0.29550813873840986,-0.1624179892008983,-0.5980586150325905,0.328035935073768,0.3624793221019603,-0.3242294681916249,0.7237887765124165,0.33748332671145254,0.2654218359187193,-0.34667529076170583,-0.5613903419432333,-0.22687842969968025,0.6050840030594904,0.4929597115418052,0.24291611544775582,0.5232646305176586,0.6546246012675948,-0.04167435270905881,0.140868494674154,0.7029937108367028,-0.0006839273619220622,0.6627967301162985,0.5369818056880871,-0.41599217478595973,-0.3961226772293733,0.5139104209240031,-0.3215598030602924,-0.10845489572846317,0.8961876695400519,0.6544414606258726,0.8786558311721967,0.8812873458693699,0.8643073493629587,0.7935670068335822,0.9006849781069098,-0.07572927536377118,-0.6052252144441469,-0.5889152410201285,-0.4220471401334114,-0.4671066536850556,-0.5443818848303913,-0.6750409799849126,-0.4270884047299037,0.5118283572499623,-0.5158017222958591,-0.586798420593513,-0.2700281030507352,-0.03842755368136063,-0.5189825316052822,-0.5533396436487001,-0.29653134080018695,-0.4596417435541396,-0.6717270279259846,-0.301889536578241,-0.35567757336038935,0.5270521990558162,0.43778754598803604,-0.6524208029513303,-0.24486544698958865,0.461968344831921,0.17990130464319132,0.4751418638113683,0.2985326322570929,-0.17122990051813214,-0.4946210533606032,0.40850075188369195,0.09839138336939837,-0.17972520647172374,0.43004168056726033,0.40625531710080265,0.01173535710388107,0.6630311523868918,-0.03723262446015907,0.5588878337690909,-0.11698989378833348,0.6940821372760154,0.10848300254905115
0.4226741114847003,0.8571809450449313,0.8926069656338623,0.689182516954378,0.8625275076566518,0.0,0.6695291435471505,0.8089039538139288,0.8587578624474393,0.34256409290386397,-0.2821387028023585,-0.143513864078107,-0.06401890288488532,-0.2946106311275326,-0.5957513329029733,0.7606079236863964,-0.65614154944478,-0.35551790736827343,-0.504379526366896,0.11150697455594948,-0.4389759820256747,-0.293520897907139,-0.3024104627098988,-0.2964223489563904,-0.059927874848582724,-0.5482049325104696,0.4340644098127137,0.42937298567540066,-0.21762135259111492,0.7878144592299935,0.2991577762818806,0.16984814106997698,-0.3987126300607642,-0.5206294077193041,-0.15435813520902056,0.5833998605112732,0.5476376251226857,0.16788605524029462,0.4648122998629783,0.5882743650353014,-0.20851462813288799,0.0840594433932011,0.6295994036293271,-0.050795157109615525,0.6600482349335046,0.4513971923586489,-0.447968204014433,-0.43942669799019823,0.5558786512478974,-0.22162473822595344,-0.06304641725044106,0.8742824912844592,0.6360472257750253,0.800665076419961,0.8499332004475199,0.895527793179418,0.7405637898625946,0.8423124481884912,-0.1011744989110766,-0.67908627508494,-0.6915440111478361,-0.4862312445483259,-0.4759376993120561,-0.6264983667170101,-0.6281666737608321,-0.48759850607339505,0.5321460721834851,-0.5029499291086016,-0.48937079087344904,-0.18354484486913425,0.013101247343859111,-0.45505940844372594,-0.5153193198172608,-0.23942378108248905,-0.5480555093664459,-0.6419726980253292,-0.19715828124778506,-0.17629757272792523,0.5138620764870134,0.3766136786377552,-0.5908358816920088,-0.23775931654999244,0.4898766111368017,0.12966311814407064,0.46667424983545663,0.3708269028891082,-0.0010972071312095118,-0.37034929257653915,0.6198918808035382,0.15717921248879532,-0.1807659757878022,0.39968550025660654,0.35855973872812613,-0.07191654637886924,0.602760918592641,0.015767312585964064,0.5217746481226274,-0.005013314518390679,0.7305850600896008,0.2822318201518146
0.23036389491484424,0.8233693184494495,0.6858026108504407,0.8105459423327359,0.7544434977237191,0.6695291435471505,0.0,0.84853813784041,0.7582625007514598,0.5037761777776022,-0.2355639990572237,-0.36721903705306236,0.2640940069956134,-0.04541621921281764,-0.7370731275021141,0.8042804233338792,-0.7921061247151222,-0.747683120313376,-0.7741430311171025,-0.36141309615718553,-0.7125434160274564,-0.20962124954478467,-0.16578376224690541,-0.414378889485411,-0.4887984123367689,-0.7639991784823223,0.4169294024063546,-0.04792131371766603,-0.5168556642398983,0.4259743959297135,0.39592023874545706,0.5367753201813128,-0.1619571432729266,-0.8272766625977028,-0.5383695368422403,0.5978382521098079,0.07640260011583079,0.5872872421543388,0.7438260541021318,0.857055069246865,0.3815802445182496,0.500683039547739,0.8626946179180098,0.3323589032890553,0.7192732132679542,0.6975076084866649,-0.3914341364661387,0.021751635999803096,0.6998988407256104,-0.07890414364890626,-0.4030333087785536,0.6827628328013539,0.22236161302017085,0.8145472037899016,0.7996598170372766,0.6556579440319712,0.5647014250851754,0.7712122917336088,-0.4111776857991403,-0.19991221937732784,-0.1664904892111292,-0.06894718350550429,-0.47418930685834326,-0.5227477882248409,-0.744229048465101,-0.3724332928957749,0.26189714059031627,-0.6650763951721735,-0.8527720169219846,-0.6847870560291137,-0.30503509982541066,-0.7302814927673885,-0.5870971428319743,-0.5094391285144824,-0.4704410001530027,-0.7071225752134247,-0.6281353895095405,-0.5502276131307793,0.4360883937021576,0.2700162664195482,-0.8213699145999039,-0.5308559169973817,0.4695785703610384,0.3264881793489045,0.4684922059965244,0.3306926415442252,-0.6085317782849567,-0.5284049489714842,0.06410355042531606,0.14826737498039932,-0.518678511923192,0.09480695369376878,0.6194470963283732,0.4013314416310326,0.777018774715361,0.1793125916438535,0.7871069430984279,0.18210954477986396,0.7510426223563057,0.18990748085168618
0.2669175824115814,0.8842411117388518,0.8262071973313652,0.8114695373561651,0.8691813013696211,0.8089039538139288,0.84853813784041,0.0,0.8714058385348757,0.5147321031871628,-0.22518488232570427,-0.2556483762863235,0.09909909395362206,-0.13826402708033703,-0.6882227845595901,0.8615319127625269,-0.7154955271488997,-0.543415096545486,-0.6442538067330298,-0.16029645139597576,-0.5796435157243529,-0.21392189472829395,-0.22162030625526732,-0.3627209000690831,-0.23777653547908434,-0.6961962342026207,0.42239552155746574,0.2545937602211022,-0.3164961293062155,0.6756341554836864,0.3486735237599721,0.3445929782020587,-0.2781353421809219,-0.6752575453105701,-0.30199126461441206,0.5278029938784056,0.32534487941079204,0.3881039461473506,0.6535485388735116,0.7558092138691836,0.02026758025798371,0.2084570170768433,0.8004006959657753,0.054377316739384486,0.7054992962802487,0.547969591235282,-0.4665922425720907,-0.3224915801669009,0.5375364749907621,-0.3558981249129627,-0.32252307524627927,0.8497971576581731,0.5081887126081552,0.8875996253743159,0.8750751568736418,0.8113543640859702,0.7216596336335177,0.8836261475357063,-0.25699023910519025,-0.49126587919939463,-0.4491804110261762,-0.3190567390440913,-0.4851688123918099,-0.5882937806142595,-0.7526952518216026,-0.48644375106481896,0.3842267338684611,-0.5901733115440655,-0.6924493449551169,-0.4206495007785977,-0.15779269840982585,-0.5965951134596922,-0.5510087269526797,-0.3359105892091496,-0.5425144513904694,-0.6957940882162582,-0.3768930485629852,-0.36510186868881533,0.5375779815557644,0.28848934870874976,-0.7553670523614946,-0.4318270190046758,0.5358327244552787,0.3032206794761733,0.5929999183019429,0.4017086479938977,-0.3558989241707013,-0.47437191839061355,0.2566161391667009,0.08158275676265123,-0.3785666850478938,0.24906160372692496,0.5457988483493533,0.07720962315817867,0.7202525454997677,-0.055807862327729586,0.647838632696037,0.03219887138896349,0.7096587527964295,0.07636396997261484
0.38021604293605726,0.8803571298364266,0.8770160848743859,0.7014049922427666,0.8825014291925584,0.8587578624474393,0.7582625007514598,0.8714058385348757,0.0,0.35421298503428095,-0.1769875495531198,-0.07070136721826119,0.04296622763595832,-0.13698789006870443,-0.6121751664471283,0.8263670534068064,-0.7209315953010536,-0.39679744147442947,-0.526662837521414,0.0769115873693101,-0.5203495362940266,-0.37615402684895594,-0.3289401541389271,-0.23590799126641288,-0.18885893402493165,-0.5963336570845026,0.44612275519570477,0.4787078175566874,-0.23800920196972727,0.846008923851235,0.3331786796915399,0.21715371278186377,-0.4443134145969665,-0.549755481822585,-0.1759884774223303,0.6610908000350465,0.6085428607558003,0.19557957814930668,0.5364333731150311,0.6633479050890042,-0.06999700983877541,0.11036260443275962,0.7088797376431683,0.04953946087466634,0.7400297412957771,0.5917117933052304,-0.36473762791145975,-0.4174441748208912,0.5678432895326335,-0.24043414034295604,-0.06632849351056395,0.9375510595371247,0.6971122822464833,0.9055719379605962,0.9237237197199611,0.9368927131180012,0.8479463725127951,0.9394879605769599,-0.028725350097048,-0.6982550751137887,-0.700631408049556,-0.41979453020164265,-0.43540108151129653,-0.5571252711740995,-0.6584314899321064,-0.41843308569425486,0.6133843753381284,-0.4921236847263503,-0.5487188727414963,-0.22919310743381585,0.052176850164716765,-0.4859515085542708,-0.5404741142103333,-0.21064346088384817,-0.5159227097811092,-0.7695074977002677,-0.270679110006753,-0.30472454626102263,0.582797302450221,0.4830909759910493,-0.6474051370103129,-0.17376412113729928,0.5639215519797861,0.20650348546436978,0.5142677668865214,0.35417461080209406,-0.07056502157350336,-0.4834492640773938,0.5500084337289306,0.22524531463078573,-0.13090194411756295,0.48793182853840444,0.48934232805693273,-0.05535682708573579,0.717585286971264,0.011556059899997405,0.5800776097357626,-0.08150435651225812,0.7424390165086009,0.23622763730460145
0.045867130670937825,0.37165323957210883,0.2724974292424062,0.7513789129066056,0.3589380473811469,0.34256409290386397,0.5037761777776022,0.5147321031871628,0.35421298503428095,0.0,-0.3065562046293063,-0.4219917766075192,-0.10908817985562053,-0.3709973944724769,-0.36472666383487234,0.3332677312239775,-0.2096365059022693,-0.2884590218804021,-0.3574268932492512,-0.3275650956993981,-0.23704817293187125,0.271524142065772,-0.10823785814711823,-0.36690145488012066,0.19962058709679414,-0.3998927266632964,-0.017802573098573492,-0.25207209859451135,-0.03900521989327696,-0.00249580983091945,0.38289723656067276,0.43658190962642307,0.30764521261800165,-0.28872636748929487,-0.17948182839602222,-0.0003354646954710418,-0.03435604629393204,0.4069300192175815,0.43782114458457627,0.33380972558070143,-0.11489776025561309,0.13620353321544632,0.272429594552254,-0.17547132556609132,0.2322676809755575,-0.09858458402183726,-0.47273621364216734,-0.19928679345345213,0.12008194757903028,-0.24443255019745166,-0.3954584460675628,0.13236914117858994,-0.049613505854229314,0.25890302752735384,0.15736850807616576,0.10483608533386689,-0.039055630883102675,0.15651534653338406,-0.34646945054883904,-0.09177470017650304,0.07409912436880017,-0.12865655702248446,-0.3785986559495326,-0.41939691312604926,-0.35779658662702696,-0.4640436070083372,-0.2092624765711397,-0.39893768521499623,-0.2643560701935375,-0.2247206572035731,-0.33391377291484736,-0.3131980826495109,-0.30038582139453773,-0.09671678669678875,-0.424170281274726,-0.1194994499855461,-0.1993377485249289,-0.22864729580388424,0.3679472572349071,0.007744618248205129,-0.3620169733105141,-0.48316412528996333,0.2685050996086996,0.3656536389075208,0.4207880164974692,0.4175872701736871,-0.2773090431596189,0.11254185967807807,-0.03459163077063879,-0.17941076700309985,-0.392125608099092,-0.09701022851876448,0.35624289663111713,0.16432575966151977,0.1354347694770838,-0.028611227833091852,0.2654476519808627,0.19506899570363867,0.24492652412573473,-0.014164598716675589
-0.17003265725131975,-0.2818183487209778,-0.2228434614890178,-0.4389729653022144,-0.18566471449823688,-0.2821387028023585,-0.2355639990572237,-0.22518488232570427,-0.1769875495531198,-0.3065562046293063,0.0,0.6222336535474499,0.42863629297110645,0.621095064302826,0.4645773855223288,-0.2825196916306949,0.1769084762434695,0.2970764890798887,0.34881429081557547,0.41110657056159716,0.356763156825707,-0.3666017507875224,-0.05434475228571926,0.692132309497865,-0.13993820128522702,0.39857639402897227,-0.03916356493444087,0.13359621527252924,0.09946604609345887,0.057491630793017175,-0.5124191265380682,-0.4304143403482506,-0.5397466277955523,0.2376814609911779,0.01376128728921492,-0.10901640451177151,0.09161001029066942,-0.46227858036021047,-0.4046274689068534,-0.30273658852623675,0.23180049884464207,-0.057723341112671106,-0.25235148240185556,0.2691522891806589,-0.2832666112478526,0.14682332074941312,0.5648826500595118,-0.029000793368615514,-0.14380058168475948,0.04540994375528547,0.3463895231810279,-0.07119769043283371,0.07440451981301126,-0.0991099186972222,-0.0938002451847366,-0.050687426055032875,0.2650990091044718,0.011820411647860648,0.5119123735893196,0.21167892159786167,0.11350520671594115,0.25445410100283816,0.5410718748754765,0.5887705513501429,0.41603555570206935,0.6489032391598827,0.31511027894444116,0.5137664654599096,0.15824181213159186,0.16061977387211954,0.5466486424888101,0.29392695652814443,0.26727672743100434,0.5299180657863437,0.5558123748117058,0.1364213590616346,0.23937417886052997,0.09327138730459426,-0.47842143708075285,0.0113528604649693,0.29192195502502316,0.36085265393556937,-0.25780064876328807,-0.3626377304339388,-0.3466857676155394,-0.5518151454709155,0.07336262682758496,-0.48932426303161614,-0.10178973567940151,0.3125938231557007,0.39602257233392185,0.18272982518833886,-0.18312492499761734,-0.20266102888093296,0.10789020512680333,-0.22488757376295346,-0.3306522122414167,-0.4924376987717529,-0.3060653738354521,-0.2842546167988909
0.1062330815540947,-0.1932735651242194,-0.06741301829047164,-0.5559002314699635,-0.1020452248637281,-0.143513864078107,-0.36721903705306236,-0.2556483762863235,-0.07070136721826119,-0.4219917766075192,0.6222336535474499,0.0,0.25808151473306706,0.5344811413381807,0.581053913001003,-0.2999235110004775,0.2418384837499138,0.5461701876167928,0.5678644345773618,0.6778826745908313,0.466164082119884,-0.5975334086601246,-0.26978236744210093,0.7850042629849452,0.03258894728618692,0.5704025580971429,-0.15734011353144467,0.44151597906088735,0.1386322589637975,0.19503123100328387,-0.5521934965829348,-0.5696038229067303,-0.6200255538590541,0.4801128334407993,0.20746160198053795,0.07387688540736222,0.49779849657207736,-0.7309857353771415,-0.6191320535084397,-0.47166002089237513,0.048287085429386256,-0.2760724124891238,-0.4311854618318632,0.09373015232184131,-0.3158711092755004,0.12889752396186271,0.6646546463615064,-0.2431572979329964,-0.2156300869617965,0.1018138102113201,0.7635096753611741,0.0737047219100611,0.4308370570577348,-0.09753836679188527,-0.04958278843763515,0.09986685885880926,0.43448661467491767,0.07128476234756011,0.8424402030720377,-0.08259101425032414,-0.2284839987048262,0.0077848084364761155,0.5363958484313073,0.6496317287890332,0.555390906995276,0.7079652936779252,0.5813491417062621,0.6306041466155883,0.39694641355597376,0.5127673449429428,0.8155463409596369,0.4434663806947393,0.2597415453703467,0.6219243725459012,0.6792075231234649,0.15011633126506352,0.42793606361552067,0.18612319408267547,-0.43840288423673146,0.3291776545154443,0.5063557390441982,0.7416624934340218,-0.3656147650525617,-0.5621489889440493,-0.457565235931996,-0.6873265712384574,0.5155103275847426,-0.4769579103888754,0.2739732749732385,0.3439876192012978,0.7688121856919666,0.5544488051314553,-0.39935843271216004,-0.41042248696758116,-0.020473199089773717,-0.22163545715984467,-0.47559152673962884,-0.7338623856552575,-0.32366804525960496,-0.1780986092750509
-0.3871409615854091,-0.08242474766030053,-0.1135460784130764,0.08119617871978677,0.022022357151436783,-0.06401890288488532,0.2640940069956134,0.09909909395362206,0.04296622763595832,-0.10908817985562053,0.42863629297110645,0.25808151473306706,0.0,0.5379817613837938,0.08392284868348854,-0.10715514801108772,-0.03496787157346246,-0.05186880999847515,-0.04740052899892585,0.17516005655273925,-0.05614089339867725,0.11238103420847699,0.39865196899335303,0.3017633263984635,-0.5127799404624537,0.09576495013880756,0.39277884620572945,0.008080700941900968,0.08435192991231673,0.12097314368991513,-0.2958180413994231,-0.23503971482337604,-0.24419048551936265,-0.08139872574142444,0.1225551291820834,0.0018864074921041295,-0.15891373225169053,-0.08030572542675944,-0.0017765434376410794,0.03643824226975552,0.3785269410988495,0.019738094606803442,0.08668357510479335,0.4980514543423564,0.10711623587084933,0.29783256307865014,0.3666204511809347,0.2642321078458935,0.14379934302991623,0.23391957575017433,-0.08692531180674713,-0.03658957918335131,-0.21060313405271677,0.01672663259959911,0.054264660420044186,0.014328902245787345,0.14148130879559764,0.0697497803787403,-0.06251256767037071,0.3607521869080191,0.2792212879457575,0.5676970262240395,0.4268022371315796,0.28744175926104243,0.03736060042813449,0.313905336735838,0.10346414218575456,0.19706544655403527,-0.12789922476388357,-0.22768528622771844,0.09704165093581618,0.0993824247205053,0.3333467695688867,0.24599093266306896,0.21629989007284836,-0.09915383042988092,-0.027034849595076627,0.09931754371899373,-0.25353267755171893,-0.22989969666974408,-0.023015125936274996,0.03457676980290399,0.21660525448842405,0.16441809184011738,0.078300479687759,-0.024644725298503842,-0.1745767238191766,-0.25072170623100676,-0.1815870034398514,0.28449474080815407,-0.13480222185298793,-0.2284523826942871,0.06738789209873383,-0.016218278160228448,0.2678392008053582,0.015823061904862205,0.06959977570071645,0.1019918669880525,-0.0013590308145206339,-0.019987433561152596
-0.4655682119950457,-0.24746757680951487,-0.2763453227923498,-0.258230025955814,-0.16877103951571976,-0.2946106311275326,-0.04541621921281764,-0.13826402708033703,-0.13698789006870443,-0.3709973944724769,0.621095064302826,0.5344811413381807,0.5379817613837938,0.0,0.3257000118367042,-0.2507293109939708,0.143762871055069,0.15671945616965224,0.21468278027424284,0.3233147126635524,0.20030024206162922,-0.09302273083984447,0.39524525325816817,0.5272345231165368,-0.47665365043817626,0.2445868509066336,0.3669081808981183,0.2504642716729644,0.22985927208128956,0.1520270025966508,-0.36461919820533006,-0.350865115473535,-0.38324253745854925,0.13882197222249631,0.19662094852248627,-0.0143490337684077,-0.0419235647666065,-0.22903179076017557,-0.1489434562014588,-0.07853748650502762,0.42089042056734693,-0.1012766613013136,-0.048159230216838614,0.46563951177310703,-0.01788375611892272,0.3691675304343551,0.6792228382982386,0.3130545779489192,-0.030672331131524583,0.23313254518039192,0.07780661149843657,-0.08618968891792875,-0.0870952098118567,-0.06811151593652909,-0.046386396144639304,-0.06367637904216887,0.18483589045295856,0.02717142291022759,0.2249252584358183,0.23036655632726008,0.17835636239216635,0.481015161034222,0.6054695723892403,0.5494616629091883,0.2938137590746559,0.5746744645927339,0.21028322309379066,0.4209306546526814,0.06125103342746986,-0.014077682533430306,0.3784380011172322,0.2827635833972934,0.45174442555270783,0.34877150200974144,0.3569478836450951,-0.14924726114334283,0.1409378758985069,0.20016587302830485,-0.26430547934243265,-0.10628400318036467,0.16821150016509032,0.34734690590234235,0.11600439053142289,0.004016543548658249,0.016846494344772835,-0.1731996414106803,-0.07304939860424284,-0.22339775871143377,-0.18693329808896056,0.463135085494563,0.18677749474111327,-0.028929188691165977,0.17423451947742769,-0.14607395616263516,0.21078697432601967,-0.0778089742132497,-0.06589612761955181,-0.023920258043058647,-0.20822556681714666,-0.07940591674926084
-0.2774578696686087,-0.7104436198563804,-0.576637935343549,-0.7677457051924975,-0.6194495686348515,-0.5957513329029733,-0.7370731275021141,-0.6882227845595901,-0.6121751664471283,-0.36472666383487234,0.4645773855223288,0.581053913001003,0.08392284868348854,0.3257000118367042,0.0,-0.7926488708100122,0.7881705193616239,0.8055083862103503,0.8751403037985859,0.5882420608273408,0.8677379528756373,-0.052574147122448706,0.19945598562266448,0.7698776911074167,0.2874989705052671,0.8724167322150405,-0.25383038162833843,0.1893820755108951,0.4684670954570252,-0.2384100677200752,-0.7084141867022432,-0.7116543418816883,-0.19867756363487382,0.8182898090951362,0.47331274383796945,-0.5141609572594623,0.006277630535966634,-0.7517797794947338,-0.8332593064332264,-0.8184037548911268,-0.1010064741982659,-0.5255380545609214,-0.8262682456157157,-0.12592990718634692,-0.7615746127401362,-0.3882081243181946,0.772123597268517,-0.04107258490933732,-0.6741073075205648,0.06078244704944398,0.531400810127252,-0.5200565933212582,-0.08078841649871062,-0.6809670913653808,-0.6485534873958287,-0.5041302026902316,-0.19788201050679827,-0.5382864489856541,0.6359134900803943,0.28544789856984903,0.234305993966668,0.1957876590625558,0.7670050107083684,0.8566687387257298,0.8893423306114939,0.7643468998276486,-0.005243261956738062,0.871856227209437,0.7610937231062771,0.657425772573025,0.6707569327692916,0.7457612548094307,0.6853552207405234,0.7234087578231453,0.755132619718746,0.6104558606592813,0.6942727167404857,0.5971049419543951,-0.7027222908515918,-0.20331883371787215,0.8418930555060179,0.6603908003376207,-0.556252707619203,-0.5566848250270716,-0.4942750770973334,-0.6043336572177016,0.5029877916487555,0.07529027078445615,-0.11802019343803395,0.0884192461927214,0.6520243301451697,0.056997160784121315,-0.557439866990396,-0.5175894248714221,-0.5447001376416496,-0.4213186820250316,-0.8237057713422238,-0.443282597416881,-0.8095798085653757,-0.40917203854376755
0.3748601353348516,0.8839414932149826,0.8075693157695627,0.7996209660756373,0.8287964147825755,0.7606079236863964,0.8042804233338792,0.8615319127625269,0.8263670534068064,0.3332677312239775,-0.2825196916306949,-0.2999235110004775,-0.10715514801108772,-0.2507293109939708,-0.7926488708100122,0.0,-0.7126660130302618,-0.5904225107064626,-0.6708456344190563,-0.39550817556449414,-0.6270799035885649,-0.2474888854914141,-0.4579428131502531,-0.55734373073845,-0.08524742743462699,-0.7434237667166707,0.11758048697192007,0.07457879096411248,-0.49570687785335227,0.45481368806578554,0.5099794933940905,0.5494191311249105,-0.05250544517764223,-0.6849002746411501,-0.4692995263095881,0.5214003044832063,0.27580043805824594,0.5021858012952433,0.6652450271510787,0.7426349312164954,-0.04932316175738847,0.2791068979893482,0.742144692257981,-0.1259001012229159,0.6082405322618157,0.3974638943325788,-0.6838507909426073,-0.3728128985038182,0.473543188689411,-0.41927017049739057,-0.3240715339949843,0.7853796244750686,0.5051552027224434,0.8337092174922431,0.7846358504697033,0.7063065217154578,0.5629484146290088,0.7817226461563599,-0.30381774300358694,-0.5229287602332919,-0.4345434453313059,-0.5192866787835425,-0.7345627917262918,-0.7192640611401803,-0.7802510127565482,-0.615670447587362,0.22585077458293734,-0.7215452672639326,-0.6878510547794676,-0.3984208919218359,-0.3091538565730723,-0.7001466370980335,-0.7669983507179339,-0.5669155792084573,-0.5634774205258801,-0.5926834918773684,-0.4665210369885502,-0.5416714267693111,0.5780455993667203,0.3893090226374825,-0.7557723588503703,-0.5070181990045723,0.3400477245842315,0.21833297922757064,0.4596592703146268,0.3347600640693763,-0.37094518632963813,-0.3889619938963646,0.21731929057850108,-0.16692139885664545,-0.3772815978062247,0.27615743569135404,0.4549961437909953,0.19912565812656308,0.5379464347549003,0.004684545927149836,0.6289626704597443,-0.022645242861913863,0.6898134034839638,0.048569306433743964
-0.43424586530989545,-0.7914212005660299,-0.6589910835257717,-0.6521854771134865,-0.6951324883003438,-0.65614154944478,-0.7921061247151222,-0.7154955271488997,-0.7209315953010536,-0.2096365059022693,0.1769084762434695,0.2418384837499138,-0.03496787157346246,0.143762871055069,0.7881705193616239,-0.7126660130302618,0.0,0.7256119998622379,0.7493275931343082,0.2706610763720263,0.8165430373165369,0.4397688541125338,0.41804640469377957,0.36031431427849087,0.46324612145207716,0.7212529157945559,-0.2812921711746003,0.04541383467493214,0.5901279954318586,-0.3904482024722376,-0.5309936500437585,-0.5456549128692879,0.2539548159143682,0.7679584579079082,0.6016277164629775,-0.8190984535077194,-0.29369915201980956,-0.4840889829946765,-0.6397614840413733,-0.7516758386801816,-0.42181532987492876,-0.6797959214570037,-0.763656043528239,-0.4530397696405734,-0.7677741691724925,-0.7408267382969782,0.38290977838502555,-0.1042537565583015,-0.857077585798313,-0.25482438644927496,0.09254052507662837,-0.6418681211623527,-0.26634853762688804,-0.7587111034589946,-0.7794498494627131,-0.6774064616168154,-0.5191299762767952,-0.6945582117038368,0.2018256111273317,0.29517888104035167,0.3766738218404702,0.10905741577886897,0.5358898770970548,0.5650623109163172,0.6839563143111166,0.3400606077746944,-0.457586229692908,0.6727484704301265,0.758841920735839,0.6126761682577295,0.2652398110123335,0.7107218412193059,0.7001234075732229,0.4989889419687794,0.48195132752763153,0.7379972880495864,0.7317328803568427,0.7292432371159235,-0.5210604236625171,-0.5325066709189712,0.7397409549755495,0.3002277565975497,-0.4318823276922498,-0.23926978025589854,-0.15507581779170565,-0.20609686569942748,0.37786212528828655,0.5279159350516686,-0.34454505082824716,-0.3062665687857495,0.27139429934652376,-0.3330049329100954,-0.4858692179411314,-0.5478898938242892,-0.7604239793193991,-0.5455639116014083,-0.7712094424743026,-0.09168029410864353,-0.8528766698954053,-0.5605314814965683
-0.16093355344388952,-0.56394798584935,-0.3444724545214074,-0.6620475765752108,-0.42411748940964156,-0.35551790736827343,-0.747683120313376,-0.543415096545486,-0.39679744147442947,-0.2884590218804021,0.2970764890798887,0.5461701876167928,-0.05186880999847515,0.15671945616965224,0.8055083862103503,-0.5904225107064626,0.7256119998622379,0.0,0.864257022496748,0.684724667759348,0.8309983005561541,0.04406102191874244,0.1287430866677154,0.5763041936974094,0.5744576147837227,0.7671998404687245,-0.22757986698130203,0.5015736819037483,0.6303552434607599,0.1227009563204197,-0.49752732734074545,-0.7434689111291296,-0.15108866299237902,0.8865532905683158,0.7713431779826175,-0.4596027916032523,0.3287228227021101,-0.8053694396358849,-0.7474678564481005,-0.7828241034623855,-0.5702606275991692,-0.8132274598532009,-0.75968062976338,-0.4882412604664257,-0.5959823916352959,-0.5481376281524962,0.48398060070631627,-0.4362594340824367,-0.7321039634321475,-0.2211863716768332,0.5297506763859092,-0.24955053210402653,0.26159650310454,-0.49112593388679865,-0.46952174678334263,-0.24296834514836893,-0.05573263535324086,-0.34752781204122624,0.6465156228841472,-0.1764309816863869,-0.1838070039957771,-0.18378500346782525,0.5494154320108242,0.5559309006436725,0.6919771209122141,0.3865705272016114,0.07000468992310159,0.7582481525121723,0.8636985467539989,0.8956220712877091,0.6529237780906537,0.759322839602038,0.6098131512145992,0.7278863666861944,0.43530185898684626,0.48008006043815493,0.8600848758568591,0.718777949196955,-0.33833647319416077,-0.09458185148189366,0.7602287556906355,0.6709967309279202,-0.3227100339830232,-0.4368097213185874,-0.2261522953852577,-0.29320707346134717,0.7746695710391424,0.27834591842670103,0.20153429408995305,-0.07584721216898152,0.6878276366817327,0.2228536686030157,-0.5613253259449719,-0.7944609382749548,-0.6133847537665802,-0.5576022937545103,-0.8153040812486614,-0.45525015916561584,-0.6800583541862857,-0.3774047769438878
-0.19188530905204412,-0.6350682465451164,-0.4686691874157014,-0.7434629219768281,-0.5328004209891214,-0.504379526366896,-0.7741430311171025,-0.6442538067330298,-0.526662837521414,-0.3574268932492512,0.34881429081557547,0.5678644345773618,-0.04740052899892585,0.21468278027424284,0.8751403037985859,-0.6708456344190563,0.7493275931343082,0.864257022496748,0.0,0.5678667400620743,0.8358550746152565,-0.044591559348383096,0.12759818622699046,0.6045783448565821,0.4537837507216605,0.795685156832463,-0.3341405118337105,0.3405905777468125,0.48314056635036223,-0.08573851538725312,-0.5059278986720067,-0.6642526941267883,-0.0794473089157986,0.8773403876941799,0.6136270000697326,-0.4366023243326296,0.17876921459361605,-0.7327176995972368,-0.7829869405025315,-0.7847854346111887,-0.32785099013604324,-0.6638704411323202,-0.7926426004493844,-0.36438271911162795,-0.6881864696622684,-0.4647376282963187,0.6154472625378354,-0.21354937934836654,-0.7282877857830459,-0.08570790553848158,0.5530831516222944,-0.38237683572166,0.1348759448529573,-0.5829069791355918,-0.5716950346587061,-0.3961786325040378,-0.1535515152880242,-0.45759255280826705,0.6499896592864226,-0.0004171678853661231,-0.005930198546906402,-0.07973839798728256,0.5885571302191533,0.6901285035035466,0.7873762625590428,0.5528919162321719,0.000788036042973795,0.7785555811266888,0.8245128450664169,0.8083256266522377,0.6288397284101734,0.7199401972872305,0.6153020542938499,0.6124751861087547,0.586837631121681,0.5204034578651207,0.7419935770257304,0.611538931911768,-0.451168608894055,-0.06937475486966732,0.8010212717311217,0.7002975672660701,-0.4811081603068671,-0.5263352416004121,-0.38843549210530376,-0.4451914763120136,0.6381220713486485,0.21889198358624248,0.03134563514747285,-0.0585816195984384,0.7195609211486295,0.1819388737544371,-0.5764556983299106,-0.6289217974601576,-0.6471370941735668,-0.4776626337472523,-0.805746091143328,-0.4570307041260267,-0.754066067983839,-0.3897797429118838
0.04858801068371066,-0.20993326131744394,0.046836139057963334,-0.44977447434996126,-0.03956001600882511,0.11150697455594948,-0.36141309615718553,-0.16029645139597576,0.0769115873693101,-0.3275650956993981,0.41110657056159716,0.6778826745908313,0.17516005655273925,0.3233147126635524,0.5882420608273408,-0.39550817556449414,0.2706610763720263,0.684724667759348,0.5678667400620743,0.0,0.4414819181544435,-0.24539462641515708,0.07027565676468094,0.6084260213780913,0.09134912639320873,0.434828067645176,0.3707936988778882,0.6679134309333334,0.496492830005647,0.44608851245789366,-0.5151928038434829,-0.6456913294238359,-0.6384261047175581,0.3894841838006714,0.47049819857077685,0.016057015873664492,0.5140561618330489,-0.6661465285844792,-0.44461438183748875,-0.3654382943956716,-0.2521565471121886,-0.42584688090509065,-0.3040947630202706,0.037887542834032555,-0.059371915666500234,0.07326615193083712,0.5050346616306567,-0.2462239738884682,-0.05660031741351409,0.14857680840588594,0.5381031350955918,0.14890730390633744,0.34406856098073185,-0.07125248520800796,0.04673445427454731,0.2645195750305271,0.38381500896770593,0.11552743726168138,0.5547925933861076,-0.24750220275137877,-0.3882284803352361,0.014687540649821333,0.5096755697021821,0.3559401051121947,0.4096039229001367,0.400225287963995,0.5805284182568624,0.5135361807793505,0.4308113823085912,0.4946503562550323,0.7155842251192435,0.527140169447197,0.39964609922533295,0.7024870899863848,0.2843666695001963,0.03219437131866486,0.5713319582349048,0.5497131683375124,-0.21657103293314336,0.07260867076894235,0.4127828794988541,0.6019463904968062,0.07710627430024884,-0.21777198786326113,0.007074755294725381,-0.1471283550334908,0.6544402983002021,-0.06523502906327132,0.5691308293818196,0.5278896143295003,0.5052582298197484,0.3582853279781268,-0.14772486106250327,-0.5412766717634898,0.08004830372272419,-0.12069080644040202,-0.31049808263006135,-0.21335800942180286,-0.11348777095913117,0.15208556712769758
