0,1,2,3,4,5,6,7,8,9,10,11,12,13,14,15,16,17,18,19,20,21,22,23,24,25,26,27,28,29,30,31,32,33,34,35,36,37,38,39,40,41,42,43,44,45,46,47,48,49,50,51,52,53,54,55,56,57,58,59,60,61,62,63,64,65,66,67,68,69,70,71,72,73,74,75,76,77,78,79,80,81,82,83,84,85,86,87,88,89,90,91,92,93,94,95,96,97,98,99
0.0,0.3182132825912657,0.7293428348153546,0.037857328777036,0.18760343389210626,0.7540632423496354,0.374626788511958,0.4228369657819432,0.7558683020619608,0.037960202851669664,0.38351549350523656,0.37134490789956665,0.548343470190124,0.5355679431139208,0.5619051278915895,0.10937634050735208,0.3392123569914919,0.3784416682892865,0.5798165801974983,0.46802998764254744,0.7083213474578766,-0.6593724105474027,0.1560253294785913,-0.5086533424435038,0.3694343431697068,0.11093149823584131,-0.6789977568912702,-0.6145995134493286,0.6624315885562189,-0.560734343082798,-0.7167688766300613,0.7680922815892477,-0.7463831825564096,-0.6052821598775897,-0.7822394676404285,0.7205253156338256,0.044785769058290195,0.6699127329337449,-0.5982273845780648,0.24957364589622882,-0.6853834972864582,-0.4896571867442538,-0.6962821015782503,-0.6834334546358389,-0.7592878988587171,-0.7638267375572628,-0.7872693728170354,-0.7216146187808958,0.7751629497883581,0.43441496441883914,0.7856958723994643,0.40808173868434805,0.0039610699245362325,0.2602712149978841,0.7531071851688942,0.7586827964679326,0.41547965408562476,0.6899421428536273,-0.12701996746363084,0.445887276792728,0.47029451686730867,0.5843202454940172,0.5236872340064953,0.6065018854776636,0.6129418925273611,0.5632128684885803,0.7463791263340964,0.5838838698583453,-0.021474889101152736,0.04336950735597019,0.5994323676747537,-0.18787485288102587,0.3814804212242909,0.41929139184452763,0.33251565178657155,0.2626029902394854,0.7010961473383551,0.09004106063210607,-0.73488985930883,0.7116651388768999,-0.7695093936022273,-0.680648932237949,-0.7505542751549462,-0.7479607628563063,-0.6676610901939437,-0.7667681882402432,0.2744758320094002,-0.7441722412607386,0.6912060107512762,-0.702716254383156,-0.7336060821753042,0.21397091670268703,-0.2528925900014579,-0.5753218531446322,-0.5604510667957514,-0.6828922719941551,-0.728199595935308,-0.7303947969556075,0.7835507062324729,0.6405283713000385
0.3182132825912657,0.0,0.5025368231173801,0.8669947692663308,0.9296964941044462,0.341270249938802,0.8951239214171102,0.8837310102473352,0.43680984343054235,-0.796409959416862,-0.5922934364903119,-0.589133331494444,-0.2823253208821414,-0.10164043732889681,-0.17286781808708884,0.8947480109087201,-0.3924002357695936,0.8664920871435992,0.44993091526361495,0.748473342080114,0.22805776254385776,-0.7205262094484658,-0.626338064048071,-0.7964209338291118,-0.5961407503513129,-0.788985793036236,-0.4189831019316422,-0.7131831363705443,-0.16164806288043385,-0.731203822630543,-0.2308801682897392,0.23642297179905322,-0.15604520111185047,0.3163980834991197,-0.42423660760340615,0.5359084329951327,-0.2466699719287952,0.06571378997553601,-0.7166745496741175,-0.46216009562068167,0.09079291420828467,-0.7918819950217281,-0.6221578293992427,-0.5082552362874128,-0.256164962799045,-0.2679845851700338,-0.24558235187977834,-0.2275721388494561,0.2970344823807512,0.7537653755505924,0.32945414813347074,0.8866541441718395,0.8674907737654671,0.9226712487900924,0.4547873911525735,0.2829917656124615,0.8806105809750838,0.6698218515374169,-0.8657723418674654,-0.5106935794679397,-0.4618965593270572,-0.2038162154832098,-0.27564960039884917,0.16702080877531822,0.35828584046257983,-0.05374736224455541,0.4853534869099514,0.07888373667614633,0.7604628774399265,0.8604046599974919,0.6639479668738097,-0.8204466094248614,-0.21209289312720697,-0.46718326261210463,-0.5859896055345721,-0.692406211577013,0.0017671796210404808,-0.7289468936567168,-0.15682163194620413,-0.032284059343318745,-0.3299699176074809,0.12376618727146756,-0.5489025027846398,-0.5225681163792675,-0.19583111219703667,-0.13234574679224184,0.12156023270678631,-0.3860975829557681,0.5063276335159169,-0.42765791276306486,-0.4051850665078736,-0.713007152148334,-0.8529580340841526,-0.6908019216345964,-0.7901538202083384,-0.5353173976457476,-0.1132609172441895,-0.13280335283730088,0.19321944529313956,0.6074924039015748
0.7293428348153546,0.5025368231173801,0.0,0.24437990155750083,0.4794745040007728,0.8821458345225239,0.6271829430381787,0.6533198028816729,0.8959958603527071,-0.1549840953263745,0.18848720451408194,0.21127037486036856,0.5123624524600185,0.610690766410877,0.5706441967266302,0.409124232236098,0.3317343371660464,0.6180234465727371,0.7768202469210582,0.5951648910289342,0.7727508016329652,-0.7763811617329113,0.09430617269913762,-0.6172176260292458,0.1575867840017287,-0.10462483648657413,-0.7319334976304075,-0.7788663765936272,0.6033567837777891,-0.6280204559429865,-0.8109234746028243,0.7793653016957384,-0.7626466400209237,-0.49029152489390293,-0.8204713615093882,0.8155190935915003,-0.09283760940179053,0.6129628224898921,-0.6755919809179489,0.2867573560320882,-0.6574356659714206,-0.777352937170802,-0.8202397417840388,-0.8813137191675932,-0.7991054499244613,-0.7998326482755799,-0.7908226487592613,-0.7470024954634629,0.8476326375515385,0.5034824561588948,0.8413764883679634,0.6576887716793139,0.27382556195822144,0.49825832346094956,0.8962638338816639,0.8606910875522384,0.6548753462907186,0.8756334357532581,-0.33040760517479395,0.29806325517757204,0.3615622763668885,0.5727452721797707,0.5295394917015893,0.7404094276070604,0.7928366223580291,0.6222812457577933,0.8755892719372613,0.7021941728304351,0.3325844410082907,0.2790662828927644,0.7915162370917603,-0.2919441422346727,0.47260634193452167,0.36167705602161726,0.22101112762369593,0.0723937196095644,0.708117974626103,-0.022048663071217327,-0.7872129033996015,0.6285899523213514,-0.8257955116136623,-0.6371956460110173,-0.8505547316478037,-0.8235906549064106,-0.6882669388855812,-0.752032352063161,0.26129476834282944,-0.8329299001266418,0.7483940134971803,-0.7546303441312602,-0.8571762800350632,0.003898253015680622,-0.40085074017683925,-0.7930361462442989,-0.717349994094912,-0.8961726306364635,-0.7501649582076756,-0.7334087106006887,0.8088661984689991,0.6757819403424263
0.037857328777036,0.8669947692663308,0.24437990155750083,0.0,0.8305724594040229,0.013467881169744757,0.7616293297356642,0.7406378941098066,0.12196648534930447,-0.7842233206855264,-0.7315290961715049,-0.739680596135087,-0.5680392226433983,-0.4239718823536214,-0.4964681285332425,0.8613220750067905,-0.6292589659863883,0.7091488332252764,0.15603815139324942,0.5250456175505163,-0.11717456654538555,-0.5048475905953189,-0.8026256763403058,-0.6140107890168107,-0.6914393610079544,-0.8395678186333427,-0.2461867336474194,-0.5053733551705208,-0.4721680919444632,-0.568678856838088,0.10000954032534577,-0.03576044770369578,0.1656372071696806,0.5438437026987915,-0.16345238907773807,0.23225761632964126,-0.36027412618293325,-0.13687312314672342,-0.4918717318535057,-0.527193618306323,0.37256323855720774,-0.5580522931916353,-0.3386607326148356,-0.22720088402414518,0.013809493583096237,0.0038016819682771654,0.029971589386892927,-0.009936543510080414,-0.02996548337765864,0.5832900815430498,0.006965208435066615,0.7436565957747421,0.8932286653942761,0.8366741502589898,0.13518619622498906,-0.03149342967407224,0.7441154509159046,0.40269341076584636,-0.806782846241042,-0.6895063623167456,-0.672868125808076,-0.5044742796975427,-0.5628063773786581,-0.17782527804761727,0.01781904927953306,-0.3958198517382208,0.20177157801303933,-0.24177870569862173,0.6669587465385732,0.8480788323041124,0.3758905158021203,-0.8423547564882006,-0.5115999777353236,-0.6328134573491001,-0.7730424245320252,-0.7923279629781883,-0.34251017854780186,-0.8476913969100496,0.15188524662774708,-0.23225043134822673,-0.04104253843719818,0.386752328925096,-0.27354017391956537,-0.27257664870249265,-0.007834778304652788,0.1395020386935683,-0.10030014575025134,-0.11096349752087376,0.20285399018231653,-0.1733726369887846,-0.08182468475519415,-0.746652958696034,-0.7393453837719627,-0.395647038414516,-0.5734957611119369,-0.2500970583852948,0.1528434756622516,0.11201662047520587,-0.12743512772224982,0.333251583069924
0.18760343389210626,0.9296964941044462,0.4794745040007728,0.8305724594040229,0.0,0.2099797524071913,0.6674511238484702,0.6540994828769979,0.252502660644833,-0.6706070362507704,-0.5727184456193186,-0.5509981378949899,-0.27773574536170514,-0.12508003589436492,-0.18870087348711112,0.6943748457897608,-0.39831195174065986,0.6250717103487471,0.23471365235124722,0.5820362836852149,0.06898191401176988,-0.491734929551917,-0.4869154389873671,-0.5459334217063927,-0.587264925066726,-0.6681445658595343,-0.16320002923168228,-0.44845874952582265,-0.2143698936757983,-0.43080010556914083,-0.08249745742913785,0.04688529701949635,0.004810921536919075,0.3310220108783638,-0.21435199321764256,0.4086962286201518,0.00758561175762038,-0.04814191975150313,-0.45681194045006723,-0.3968141243169339,0.1858812525196175,-0.5623865932711617,-0.39562868339204604,-0.30631673275973054,-0.07550126880352519,-0.06720394284106848,-0.051759571680212765,-0.031609467186872416,0.14879161862435827,0.58080113769354,0.1657064558415772,0.6688618129114202,0.6755297579765441,0.7168513047161036,0.2989996657433867,0.14033598894437804,0.6453544758246592,0.4481494454018938,-0.6881468482329287,-0.5232748498214708,-0.44515219773960196,-0.22252560651744727,-0.24032440806903543,0.08751635288939387,0.22048329580654932,-0.08284859643222538,0.2446222287063463,-0.0339777902410478,0.5938616164436306,0.6744303903996218,0.44067993380589443,-0.601297028109058,-0.17082469957022298,-0.4597106284782497,-0.5246451589916482,-0.6176918352323736,-0.07407410429694573,-0.5100630758137102,-0.012998571378207797,-0.1538320728032707,-0.13490831272109233,0.20901655857930243,-0.32594675534475853,-0.28696073936535055,0.03444498760856778,0.03966313861465569,0.27338312513342433,-0.16088988338846588,0.40411105918978407,-0.20017630687793858,-0.21733702381197234,-0.6312655709511567,-0.6515790843944446,-0.5044834055772341,-0.5394256726670842,-0.34495594702250715,0.05229280144606361,0.04766624530993824,0.051754699605654875,0.42687722380460474
0.7540632423496354,0.341270249938802,0.8821458345225239,0.013467881169744757,0.2099797524071913,0.0,0.4414192120802916,0.4682379786630887,0.852841016751258,0.03130083027178012,0.3427712510560798,0.3768064706928881,0.6466513067510167,0.7153326879306728,0.6946983211543626,0.19990619941062437,0.46142707618434947,0.4253602220589518,0.7269443140685474,0.44927004092824857,0.7860531071581344,-0.6667157166283109,0.2860599834612693,-0.47095916428072643,0.2976893274073885,0.0734130793690993,-0.6548365552325379,-0.657681989957822,0.700564097404187,-0.45989299610537293,-0.8290171692349341,0.8017841078754905,-0.7846780057149944,-0.6357387673351602,-0.7823193815145045,0.7432240029549596,-0.014418739075739255,0.7086482904535222,-0.5352989280404796,0.4035023214747031,-0.742335470400561,-0.6326696479963108,-0.7295435640609194,-0.8188402525246726,-0.7960272400307917,-0.7735206512109793,-0.7794620779580395,-0.7295511448362737,0.8486078054242405,0.3513438688145308,0.8452988014498634,0.4847867399204917,0.06162718716040865,0.2886831553744538,0.8614286547384428,0.8665112845816306,0.4719146730888033,0.7674900057946209,-0.13824897475829911,0.4354055472974347,0.5146606610130705,0.6908744851864779,0.6774869795859145,0.8018298400091335,0.7996169534128742,0.7327329127158959,0.7916869246575422,0.7586953322209924,0.15123956768626642,0.06302849050530887,0.6995332517673831,-0.08769314361462602,0.6035013964583611,0.5047161784414561,0.39385036841604454,0.2402759825896525,0.778945698495328,0.1887942566255166,-0.8177745929833277,0.7084563336730643,-0.8159829987384303,-0.7230830135794849,-0.772752264080027,-0.7587173772879178,-0.666904959031815,-0.7741309158211904,0.2643166183374309,-0.7893108815185955,0.6817768047060143,-0.7254346826628739,-0.8252486562723974,0.18776321289839734,-0.22214441963152232,-0.6977768395833293,-0.574421763681222,-0.8285572265870383,-0.7611934796131155,-0.7431893131953262,0.8282051942133719,0.5707193083832481
0.374626788511958,0.8951239214171102,0.6271829430381787,0.7616293297356642,0.6674511238484702,0.4414192120802916,0.0,0.9163068404799123,0.5253724789886861,-0.7483128368859198,-0.5318194233932487,-0.5201436451706771,-0.21424066984746426,-0.021800323790542576,-0.10069466540424969,0.9143404243159484,-0.3066880711952622,0.90377717692418,0.5478578081387965,0.740633165127942,0.31384045541920297,-0.7728848749801387,-0.5878516463585914,-0.8252227567626225,-0.5257223678808709,-0.7566744985435586,-0.5242479035719564,-0.7978221711074629,-0.08525541207734369,-0.796467597559425,-0.3286952168243581,0.3358313106874033,-0.2477828015047491,0.2346752074785894,-0.5070488892779045,0.5638502626684382,-0.37809920981543416,0.15325404239213566,-0.7505242124535492,-0.35651679612259596,-0.0035842338235488624,-0.852012847243519,-0.6842099515570687,-0.6145692643819758,-0.35724475067732986,-0.37065892355742813,-0.34376235728473364,-0.33348204444219715,0.3833624129766427,0.7278771745050107,0.4098846589400454,0.9224004695283972,0.8705168146509572,0.9253443728319286,0.5273150901452496,0.37809546347109385,0.9186070706694177,0.7419885436978967,-0.8411582815531116,-0.42682559581061863,-0.3802362995620924,-0.1314301391035626,-0.20489804558364094,0.24645281908237535,0.441353586433511,0.015965378683766237,0.5950921845718691,0.1803517783144057,0.7766517367500377,0.8491572527031341,0.7316004366970371,-0.8184980216514779,-0.147359889902361,-0.3680572859120757,-0.517593810148503,-0.6300395103593724,0.07479915882669202,-0.734466778765213,-0.2604308316392975,0.07528869002405675,-0.4287499703084406,0.01771344969981595,-0.6255223831041813,-0.6064391501674431,-0.32196726961757416,-0.23906229132848517,-0.004792848954215395,-0.49805504836055103,0.5070458335971145,-0.5204193443046228,-0.4943753501198644,-0.6438040922006626,-0.8243780693892032,-0.7375006596421134,-0.8391454609267963,-0.6336640594632803,-0.22484676279230664,-0.2471904755996809,0.28384670707930343,0.6164284034714478
0.4228369657819432,0.8837310102473352,0.6533198028816729,0.7406378941098066,0.6540994828769979,0.4682379786630887,0.9163068404799123,0.0,0.5532460784488631,-0.7218104145019911,-0.47752056437382606,-0.48399802073918313,-0.1908655488043144,-0.024067412311256767,-0.0988043178649128,0.8806196655080899,-0.3140227508900338,0.8945659654745126,0.5425511199765382,0.7583545125064457,0.3278749816752555,-0.8104045756819772,-0.6044720416137148,-0.8394212721045051,-0.46444591174697664,-0.7254447573142709,-0.5822287429062737,-0.8128058456868564,-0.0486889533027068,-0.8257055514010517,-0.3483696393660095,0.36839282119320627,-0.29101489662630226,0.18555643253568843,-0.560303716566159,0.6160688082126302,-0.3304332788878809,0.16396551927920802,-0.7843208664833508,-0.34572555259725324,-0.04470917674379604,-0.8481767240562667,-0.7110181752120353,-0.6265418275084628,-0.4045395628454556,-0.4213494026622101,-0.3965285230039763,-0.40120367078471586,0.4198229224551584,0.7611765571168253,0.43947048030818475,0.9231109913859938,0.8416784549790968,0.9208884522336026,0.5573348282609426,0.41030930104209534,0.922232729162507,0.7607982710694539,-0.8286311047571798,-0.3788701066770853,-0.35070994783849313,-0.10874548064033492,-0.19027310382188328,0.24761508412987354,0.4306102986220543,0.00800353897205326,0.620988767479995,0.18285066013627788,0.7220467180942007,0.8241783211391134,0.724974408855523,-0.8379874925441537,-0.17796101729320687,-0.33739651981512053,-0.5011189254064538,-0.5946938120593223,0.10384109665121921,-0.7225748024116946,-0.29132980011836757,0.11395258590194791,-0.4676389417831303,-0.017092215095849156,-0.663711487302685,-0.6491642805352444,-0.37001131038843027,-0.28714226527448744,0.05509757103404073,-0.527539042495681,0.5635104230758117,-0.5262949776143919,-0.5229829420618646,-0.6089151444516011,-0.8207325279617768,-0.7298100661491963,-0.8469955940491699,-0.6488469662439966,-0.27247083930785565,-0.2990147768288139,0.3245515380894904,0.6574120778695078
0.7558683020619608,0.43680984343054235,0.8959958603527071,0.12196648534930447,0.252502660644833,0.852841016751258,0.5253724789886861,0.5532460784488631,0.0,-0.07835231172902526,0.26826424205230054,0.27364450773763094,0.5467165695311447,0.6176215775547204,0.5962830034092866,0.3064420185377167,0.3651400810728207,0.5487959915425176,0.7511978438069202,0.5649997109487135,0.7857065020964228,-0.7593530580867908,0.12196157080406624,-0.5836533728192819,0.23811611020224768,-0.03619691987513562,-0.7379576117259383,-0.7536485933565127,0.6535764821031503,-0.6274292922326512,-0.8181222900630274,0.8032258338096856,-0.8032195021254108,-0.5570902904798871,-0.8364648281859385,0.8054109010838456,-0.08987186737713636,0.6405392341063384,-0.6667303224915045,0.3001235109195357,-0.6993871873504914,-0.7144579923870933,-0.8035336302573937,-0.8527421457584092,-0.8163613852650478,-0.8130187034892205,-0.8151317736733302,-0.7709770284371236,0.8554889733290456,0.4820741189253241,0.8414416848478363,0.5875705581684284,0.18144562417975352,0.4067511720407292,0.8664239240842927,0.861218706201365,0.5856206346788159,0.8196807445110632,-0.25847210486100264,0.38141605233007325,0.4183372001160191,0.5994177766730084,0.5506533447168666,0.7379211462740407,0.7728272606554399,0.6353837444559884,0.8654756736524145,0.7073632869844969,0.23791357550137623,0.1927087725661247,0.75285013140143,-0.2541198242357217,0.4597334839148197,0.4182764689654611,0.2803899225807826,0.14590803022723836,0.7362782645600673,0.004429288095082694,-0.8047282903231531,0.6742264020080561,-0.8388763328069184,-0.6769672849929854,-0.8337897551641336,-0.8208434078280237,-0.7067946013649637,-0.7870941875222601,0.22553580910396845,-0.8305406673461017,0.7383295732897162,-0.7345662746718038,-0.8550331049539556,0.09166076017124972,-0.33630849317950345,-0.7396736561552186,-0.6809422989374053,-0.8564293433895365,-0.7693728795040371,-0.7630898854084741,0.829299554971784,0.6769618777261108
0.037960202851669664,-0.796409959416862,-0.1549840953263745,-0.7842233206855264,-0.6706070362507704,0.03130083027178012,-0.7483128368859198,-0.7218104145019911,-0.07835231172902526,0.0,0.8002238343500025,0.795294623080188,0.4838521331127674,0.293538942269391,0.33956765876958395,-0.7975310896801564,0.4969350143040398,-0.7277846772896988,-0.20801052353217034,-0.7025710916794495,-0.003304210718350067,0.4193224950326541,0.6410651697941071,0.6676576209898624,0.8508199528170055,0.8736732663050228,-0.012333258738588176,0.4060216587324531,0.38912414199156564,0.5429242528569506,-0.06792574594155902,0.15000626570803993,-0.13257267993253855,-0.6150588417586317,0.0517091348123633,-0.2828997630379335,0.03723070892503888,0.28882240301847945,0.5608311472859866,0.8600709229102764,-0.424981235506224,0.5669885093295142,0.36378016692396287,0.15482574048654169,-0.13285715471914786,-0.1239176600168224,-0.12987873817673673,-0.2100396455212237,0.029401213554884315,-0.7164210567744376,0.0011047923367518058,-0.6746500814875405,-0.7928354373104027,-0.7917622119816958,-0.1068396436839347,0.09842713236502774,-0.6557848150123351,-0.328645590169158,0.8870684623938081,0.7372165597961916,0.6910402162652184,0.4246153724999615,0.4983768400315236,0.04363999888905181,-0.14487220915698498,0.2057419295276888,-0.1138132607818179,0.1604288278398771,-0.8436712955929964,-0.8731659569402468,-0.47027166436296547,0.7074866828322863,0.2956142893032979,0.7829832020813462,0.7184788710731522,0.8581508946613198,0.233965352844257,0.7665047393996827,-0.1774888244309007,0.4711097716539314,-0.036074189701048864,-0.46711350967666493,0.20546147128393122,0.1509887902029687,-0.2385011803678083,-0.248626674764894,-0.2197063285151426,0.01455907936112128,-0.31391265768703247,0.11350302112901602,0.10003009845518399,0.9234119995866095,0.8752754668666674,0.5159915326514978,0.60216432202471,0.1671236261434156,-0.27823753110432714,-0.272590130490917,0.14023913442290298,-0.5018444610309053
0.38351549350523656,-0.5922934364903119,0.18848720451408194,-0.7315290961715049,-0.5727184456193186,0.3427712510560798,-0.5318194233932487,-0.47752056437382606,0.26826424205230054,0.8002238343500025,0.0,0.8662175348372002,0.7060842790327038,0.5241049596842252,0.5756041275235592,-0.711079856527934,0.6594459610315845,-0.4701109603745508,0.11113054275914486,-0.3535731399654352,0.3586134986105828,0.11282918390140487,0.6606102918197952,0.3191542936176902,0.9141144245878524,0.8418202024704494,-0.2788426519885258,0.1260560913382753,0.6859931309629412,0.18504781028149728,-0.3866727286574721,0.4183361902968315,-0.5041197799061429,-0.794250787833395,-0.28492197878485986,0.0879596447625312,0.170805225673698,0.41248378266711244,0.1541443540652889,0.6640799548138506,-0.6798043629187441,0.29897535271679454,-0.006016664051990036,-0.12143768512609933,-0.434945481157829,-0.44419411167053036,-0.4611885498135027,-0.4942454426322687,0.36071270724512183,-0.3719246984441189,0.33306173686185475,-0.45412463256949237,-0.7687976030715129,-0.606457231349488,0.20642098613562077,0.373764127767542,-0.43734217327999547,-0.03440436547392585,0.7016170161907288,0.8870456472220828,0.829552639329962,0.6660673428618611,0.671725903575222,0.3454491470100506,0.1640086924193141,0.4571792469691689,0.19785541469056714,0.4402107062827528,-0.6872801469147802,-0.7485489711692863,-0.13314016528831596,0.5747451681747716,0.44883676011337487,0.8160950143075063,0.8212982619283271,0.8878394915277937,0.5566844395390177,0.70750115878774,-0.48199438382276844,0.6042871664238871,-0.3603220623804809,-0.6900381020143038,-0.14834182082604003,-0.17451430236700072,-0.4776065695958777,-0.5463847832560387,0.05685226854300294,-0.2998304592430553,0.07703942676019543,-0.19274919637782517,-0.2545602125978002,0.8510050491535309,0.5987296227686469,0.18674417102655155,0.27102710915035017,-0.0971757222095459,-0.5618043953881935,-0.5561957005338822,0.4672282674715521,-0.05525800700514988
0.37134490789956665,-0.589133331494444,0.21127037486036856,-0.739680596135087,-0.5509981378949899,0.3768064706928881,-0.5201436451706771,-0.48399802073918313,0.27364450773763094,0.795294623080188,0.8662175348372002,0.0,0.7965178373752905,0.6443679119212791,0.6901664241188062,-0.7211678820922653,0.7804527791737178,-0.49792877182822853,0.17626118356481893,-0.4296187015965074,0.4123748287388805,0.16265245804793446,0.7978596748928304,0.3731525703598785,0.9382073194090113,0.8895016533245624,-0.2517018502568444,0.13053423357821095,0.7289118288334112,0.2708314383285497,-0.4467698712010405,0.4747986665610091,-0.5117523246511606,-0.8432052162865197,-0.2685538885747489,0.030169567187687197,0.08901766908609826,0.5359308161221378,0.23137392281956312,0.7862360803712867,-0.7383614365582906,0.29258645319064536,0.008916479636718402,-0.16764611971875878,-0.4548813569132596,-0.44278378176577216,-0.4575800770495821,-0.47570880789666536,0.38842579391790916,-0.49289432567885016,0.37448673871272026,-0.4777466292189184,-0.7962587788550841,-0.6567101563445396,0.23968263251901523,0.42680058570405177,-0.4666897957981778,-0.029516004636118327,0.7630108121129783,0.9258537437150667,0.9023806098812212,0.7570954675323118,0.7826450292421279,0.43650966614823367,0.24925151846498914,0.5773480476998025,0.20450608485407978,0.535530246436738,-0.6724939527866404,-0.8011706024279457,-0.10882200912913521,0.6909162687739856,0.6077318583888199,0.9027804476889185,0.9070956131150745,0.9374105211191235,0.607509460549943,0.8090856794577481,-0.5320842915326484,0.6652416279012284,-0.37965402229362133,-0.7549816068057593,-0.1433574047337629,-0.164162224541478,-0.4939585851781168,-0.5644602704195981,-0.03273342298196897,-0.3282674237206868,-0.0011206202606250204,-0.25616988136467844,-0.2856187983782087,0.902381337706739,0.6619553109636427,0.1550075837671022,0.2996157527662206,-0.14715979083743685,-0.5872563334605111,-0.5683304209265226,0.49535767089266003,-0.1492945835303599
0.548343470190124,-0.2823253208821414,0.5123624524600185,-0.5680392226433983,-0.27773574536170514,0.6466513067510167,-0.21424066984746426,-0.1908655488043144,0.5467165695311447,0.4838521331127674,0.7060842790327038,0.7965178373752905,0.0,0.8931880784908448,0.8998187799482595,-0.420787918978674,0.890702394490005,-0.13538273622797892,0.536947068227913,-0.0440449644545037,0.7140477627361763,-0.07297061334355523,0.8196429066369092,0.024947089092042737,0.6565276106755065,0.6282870074962575,-0.2845246880005128,-0.1263541565034557,0.8454032462222579,0.04902521196917324,-0.6930802320151103,0.5908130245711374,-0.691514177396556,-0.77742386184097,-0.42157148616394213,0.30329155019383397,0.17536398228716746,0.5814007272618433,-0.08561366389011318,0.49225838309625447,-0.797131772211317,-0.09426938557581102,-0.3078116628994329,-0.4309250627973179,-0.5755873069428226,-0.545778288701426,-0.5581813367016967,-0.48455071100734776,0.6064725213245986,-0.17908065948252333,0.611658454277386,-0.16064894183382644,-0.5605175696127447,-0.3477877866247459,0.5188862796002761,0.6164062819351015,-0.17234705852099066,0.2593690609072827,0.40962105292582546,0.7842163108636175,0.8391116679005592,0.8861882422917312,0.897344779282667,0.7789708714778469,0.645625214461112,0.8662863807827039,0.41363344788250983,0.7993837468680308,-0.20164491688094913,-0.48874114934199964,0.303598422716085,0.5662844194434795,0.8818475907533185,0.7414425826211466,0.8481422893605093,0.7037835018140975,0.8126249688590463,0.7044372959165677,-0.7012446134068417,0.5845931830047002,-0.5466997426288461,-0.7724296025813217,-0.3856388141170033,-0.349121005072833,-0.48883879066497565,-0.6279211887304009,0.22828779849488728,-0.5116955414268135,0.284225711807062,-0.49597246421479696,-0.565787284541471,0.5535037501975889,0.2670518624550909,-0.29132390889797555,-0.05055354634150572,-0.4233501992756129,-0.6496081423065593,-0.598631818858216,0.6614470580951552,0.18473802651758392
0.5355679431139208,-0.10164043732889681,0.610690766410877,-0.4239718823536214,-0.12508003589436492,0.7153326879306728,-0.021800323790542576,-0.024067412311256767,0.6176215775547204,0.293538942269391,0.5241049596842252,0.6443679119212791,0.8931880784908448,0.0,0.8608269679379742,-0.16209961417457305,0.8583494398540753,0.062037697453260376,0.6491188010035263,0.05611324404777658,0.7271081318219602,-0.10562409267213758,0.7463376534757862,-0.08316433775963532,0.3853633404027261,0.40530537457648436,-0.23287690674272687,-0.21237225220930228,0.7251594555656953,-0.012881734720281441,-0.6914558183824844,0.5329272705039381,-0.6262634117304274,-0.5853009733370474,-0.36671468621071573,0.2812544975571625,0.01774478230145194,0.5277021048789258,-0.1418836812294738,0.3700310894666554,-0.6794069129350083,-0.26086157484922357,-0.3599562078395267,-0.49702911423896773,-0.5127334340453575,-0.4736256341033006,-0.47263629021504294,-0.3751895798794134,0.5781449013726494,-0.12255910662886949,0.5882689061109264,0.012693075795493341,-0.32220790220271606,-0.15319607810027225,0.5385073445693637,0.5920770795202547,-0.00999722545502836,0.3358076997361726,0.21269369251385836,0.5905179315595642,0.6852388450747353,0.8189701812289537,0.8182166302873971,0.8305212593123421,0.7454053390255544,0.880363410489697,0.43735374627620394,0.8375014810078354,0.11448466663462906,-0.25878704201504565,0.4490778986774192,0.4736264157608213,0.9299654076804804,0.5752853644790514,0.7054850805475007,0.48803324970258904,0.7469451382839644,0.5542452404667655,-0.6556827288749383,0.433585118664452,-0.5163151252384364,-0.6575506477030308,-0.40076199375692856,-0.34243744662041814,-0.41232068330629235,-0.529673085020571,0.12584746362312127,-0.5085907960781586,0.24132216452818817,-0.5422482315340289,-0.5911169553158738,0.3076174852236308,0.0903504199460447,-0.4448350076827274,-0.16940187144915755,-0.4990762032648661,-0.559680521066635,-0.4991135021742333,0.5968948178280244,0.19167475021468502
0.5619051278915895,-0.17286781808708884,0.5706441967266302,-0.4964681285332425,-0.18870087348711112,0.6946983211543626,-0.10069466540424969,-0.0988043178649128,0.5962830034092866,0.33956765876958395,0.5756041275235592,0.6901664241188062,0.8998187799482595,0.8608269679379742,0.0,-0.25106404378254105,0.8496089237125011,-0.0028993754421965225,0.5984363445117339,0.06441744139509178,0.7303960168635918,-0.10803102763317912,0.7638710342487413,-0.07412682878178445,0.4525155118864374,0.45827044878569695,-0.20489402686861566,-0.18921376759230996,0.7703670510086226,-0.008525769840566893,-0.6895265641732996,0.5695242866783201,-0.6444330662468172,-0.649401281948469,-0.3869534648329468,0.3077299241280064,0.1010162116627451,0.587232088551909,-0.14906316126323962,0.37929988366713724,-0.70511269879307,-0.1974422852549037,-0.35640142922573226,-0.46282779772732907,-0.519806033885801,-0.47059774115992903,-0.48931067587842286,-0.36466548087407036,0.5996663756437921,-0.09129914946018663,0.6068471553914171,-0.05164915056308133,-0.4067852463985049,-0.22402115517522297,0.5295851584772998,0.5991044960927123,-0.0702826709269327,0.3124997931095047,0.25590401552562375,0.6300638816829155,0.7203902294992712,0.8392152895116041,0.8342033095071858,0.8075069576390825,0.7142779213942356,0.8822350318802766,0.431811535082215,0.8048614515496785,-0.00554014206164637,-0.32501075628524667,0.417778826215411,0.4917407208111409,0.9158382480899282,0.6017928743751974,0.7429639241740624,0.536818709092412,0.7780973393796822,0.5870700158843466,-0.6683994839199006,0.49761270588554574,-0.5226475750075251,-0.6844354390748014,-0.38444585386945956,-0.3412711301724074,-0.3928727963713674,-0.5565803031459907,0.17175845131445358,-0.4947648945283487,0.2851692905689453,-0.5323006444152011,-0.5767288343297371,0.3775418942138196,0.11451464987381145,-0.4021409936194445,-0.15310210949903952,-0.4580673112343514,-0.5601425985714424,-0.5025567991533314,0.6244343643720855,0.22883533378015294
0.10937634050735208,0.8947480109087201,0.409124232236098,0.8613220750067905,0.6943748457897608,0.19990619941062437,0.9143404243159484,0.8806196655080899,0.3064420185377167,-0.7975310896801564,-0.711079856527934,-0.7211678820922653,-0.420787918978674,-0.16209961417457305,-0.25106404378254105,0.0,-0.35636888397116456,0.7612153570989784,0.37522581703878044,0.5199831080687568,0.0850159095352545,-0.49076878316067013,-0.567842443744414,-0.6072651465447185,-0.6447904854120162,-0.7614235706820103,-0.25823716956298526,-0.5704784601780376,-0.31338303580201315,-0.5492180314319814,-0.08477911058641999,0.09415401631593273,0.039235230576783055,0.4540015952305364,-0.2006002792366559,0.2381263887048418,-0.49477653664627846,0.012029604425356234,-0.48711852762294605,-0.37748971977561446,0.22149705746061832,-0.6699694097654951,-0.4170169485217894,-0.38573275690756037,-0.08500782150092275,-0.08577539424221083,-0.04673441856391243,-0.0418592101898002,0.09674630963308392,0.479126416475551,0.14475515190384214,0.7608602918808272,0.8739785298181623,0.8111223632613503,0.25472108855173214,0.11574494630146995,0.7598832554775171,0.49051057867104375,-0.7530552349282299,-0.5705864930374166,-0.5101243446624155,-0.3099123153814376,-0.3619270160029608,0.04862939546352761,0.2517677872072418,-0.13681380480902047,0.33975132482561377,0.0022695053265414586,0.7905886368762508,0.81492268343403,0.5272375544813576,-0.698107742886045,-0.2076826050515049,-0.4706039535487888,-0.5913808065969536,-0.6930049012625581,-0.16812539795085862,-0.7236843535512828,-0.008698466768272881,-0.128007596170981,-0.14376898691718046,0.2319598955364537,-0.3519087338345373,-0.32739359607695523,-0.09481086956890364,0.03580830859880539,-0.21233636001884107,-0.24263306759599573,0.17790245660845877,-0.3225012403127769,-0.22814171077838782,-0.6913014983501504,-0.6998618995076854,-0.5382405391167785,-0.6243460260263616,-0.4081889086922895,0.031809828807771154,0.020156003716449614,0.0007716967439048343,0.313115431169164
0.3392123569914919,-0.3924002357695936,0.3317343371660464,-0.6292589659863883,-0.39831195174065986,0.46142707618434947,-0.3066880711952622,-0.3140227508900338,0.3651400810728207,0.4969350143040398,0.6594459610315845,0.7804527791737178,0.890702394490005,0.8583494398540753,0.8496089237125011,-0.35636888397116456,0.0,-0.12654921836325217,0.4818936073637108,-0.16409740349405957,0.5448729113552592,0.16138101183727,0.7673678190592215,0.12734936431731483,0.4611895068181784,0.5354197958788766,-0.09179336139060575,0.004373018320387028,0.6070706291567048,0.14728943487084292,-0.4973316174490318,0.3451845346133512,-0.45561879603847577,-0.47461083815078986,-0.14950490352669854,0.015330540558046389,-0.05711993478854892,0.3290438214158625,0.0515983693123732,0.3633844134905302,-0.5519791396085872,-0.029083553178562885,-0.12506483134832508,-0.27527508211773793,-0.331862584651488,-0.31483257145307025,-0.29761970483485506,-0.23324065564244545,0.34087253066111967,-0.34002259036663396,0.36061229767699277,-0.21548769291862122,-0.44324226362165065,-0.34079774018130393,0.2693458914889827,0.36351701405559955,-0.22107744688697678,0.07751411122441106,0.3778858963510973,0.6093529778302587,0.6609192503912469,0.6961858765654063,0.6851124563662425,0.6071815588651647,0.5153276193968594,0.7047502267892499,0.24426509539014707,0.666811760592442,0.001137924505153301,-0.3773654355422338,0.20764701900200278,0.5960292544863478,0.8012864634460645,0.565475077309111,0.7255012584462558,0.5701180964959363,0.5688649668559126,0.5710407333498891,-0.48263001615422085,0.29954691678861567,-0.2974852273334898,-0.5323276455316852,-0.17665811993704097,-0.12482456568706558,-0.3200656339685866,-0.37054577005236417,-0.044108451815139685,-0.32951793372891036,-0.015683102621501247,-0.34552867947495025,-0.3725930501502974,0.3853111014768475,0.2715309946517966,-0.19082728157393786,0.048471774349646383,-0.26690674631051414,-0.4320286112200777,-0.3652520338503333,0.3879581261764326,-0.025288791051240447
0.3784416682892865,0.8664920871435992,0.6180234465727371,0.7091488332252764,0.6250717103487471,0.4253602220589518,0.90377717692418,0.8945659654745126,0.5487959915425176,-0.7277846772896988,-0.4701109603745508,-0.49792877182822853,-0.13538273622797892,0.062037697453260376,-0.0028993754421965225,0.7612153570989784,-0.12654921836325217,0.0,0.5957153793493563,0.7880915501072022,0.3916067378347348,-0.6831088909268895,-0.4784994648498132,-0.7968212985576896,-0.5089647365952638,-0.6880992511717146,-0.43946954415680944,-0.7320157392935903,-0.004663762019811346,-0.7905081282662937,-0.36259744468122995,0.29380358993133127,-0.28706328250827434,0.2559204622036972,-0.4503584854061368,0.5573179058172725,-0.278877177853942,0.04976169544927205,-0.7707506271851077,-0.43916832195833955,-0.01076006372131111,-0.8368490215703469,-0.6803543996512756,-0.5890667362798908,-0.3241359250862416,-0.35675448591070535,-0.3234319792335675,-0.2646892626781893,0.37778555460208574,0.7342029569411942,0.40431265502715924,0.8539610700760609,0.7899838834993128,0.8666883182101005,0.4947822939148672,0.35085052229343955,0.8534693528476616,0.6883040944565633,-0.8194087776769852,-0.36490427622155414,-0.33159053410675854,-0.06810832290235204,-0.17260374090647848,0.27980782129458753,0.4740755755415935,0.08908487838392962,0.6006000380572528,0.23220461851316646,0.8431527347639076,0.8244746479876466,0.7432772153896148,-0.7160052797400829,-0.05267265629054804,-0.36545295726265536,-0.4221953677295915,-0.5754734246776835,0.14463250692216095,-0.6785645754371595,-0.26886188738909783,-0.017477896592686115,-0.38557380770266114,0.026774664912154054,-0.5981632241335,-0.546331816745287,-0.2692752082988384,-0.21891173565541294,0.09988833935819383,-0.4760045386350924,0.5260355104275621,-0.4777338185384652,-0.510025818499152,-0.670626941852829,-0.8348170983972358,-0.7627903053689629,-0.8246305394571176,-0.6034304474774588,-0.218851995315773,-0.2140492353955082,0.2846846907423514,0.6734388951018881
0.5798165801974983,0.44993091526361495,0.7768202469210582,0.15603815139324942,0.23471365235124722,0.7269443140685474,0.5478578081387965,0.5425511199765382,0.7511978438069202,-0.20801052353217034,0.11113054275914486,0.17626118356481893,0.536947068227913,0.6491188010035263,0.5984363445117339,0.37522581703878044,0.4818936073637108,0.5957153793493563,0.0,0.34627542700841935,0.7033027474393241,-0.4474480252061863,0.21467112537512095,-0.5389429425102378,0.027114468449513457,-0.09965647646736799,-0.520185252501249,-0.6110485980619296,0.4545106393260644,-0.48886033317397387,-0.67873705544858,0.5809960098911676,-0.5938767076407954,-0.2709046382154588,-0.5339345595456305,0.3715331729945702,-0.4411631339886887,0.4787952252113122,-0.5198805569342102,-0.01807557076892171,-0.5053381674020506,-0.6424904669692929,-0.6209067782520998,-0.6913900151824058,-0.5819452294817637,-0.5571278356688255,-0.5296613840583096,-0.4862188959265107,0.5758227349336104,0.20451122774400982,0.6165724042017853,0.48284670929430734,0.23675912850245656,0.3630502106917632,0.6159703767799638,0.5877264353479582,0.47717133439786674,0.6085232593230874,-0.29383512805472684,0.2375992255168307,0.30759895676663057,0.5211635333654863,0.45859419740090684,0.7535435090088952,0.7939481520727577,0.6416379107455705,0.6195068589248786,0.7549109014264841,0.5679256953069465,0.27906961328725455,0.7303957585157064,-0.08977040948635708,0.5853028153618318,0.2158718485863121,0.2553620637674402,0.02965488675955002,0.5397406593033149,-0.0768588723960417,-0.6239123061664404,0.3508332825603406,-0.597971626440682,-0.4693823934095191,-0.6315793047981604,-0.5895175679745338,-0.5690150679657644,-0.518453372588802,-0.1585143146441119,-0.6714188476137224,0.2982025210601065,-0.7323630946196333,-0.6926242520130663,-0.1295209874882786,-0.38184600309722566,-0.6979019872702316,-0.5835802514384624,-0.6896310240410456,-0.5514977251557599,-0.5298766779978658,0.5486018026981412,0.40036480539826885
0.46802998764254744,0.748473342080114,0.5951648910289342,0.5250456175505163,0.5820362836852149,0.44927004092824857,0.740633165127942,0.7583545125064457,0.5649997109487135,-0.7025710916794495,-0.3535731399654352,-0.4296187015965074,-0.0440449644545037,0.05611324404777658,0.06441744139509178,0.5199831080687568,-0.16409740349405957,0.7880915501072022,0.34627542700841935,0.0,0.35703666354857855,-0.5502073921396621,-0.3137662749010595,-0.6015331202907079,-0.35025214051257,-0.44516097444356656,-0.17944850776915722,-0.45330496924564473,0.15518391301137885,-0.6184653183082143,-0.2922722300257256,0.16803186535495407,-0.30442409790438385,0.1152731856717201,-0.357305871175594,0.6974731342126342,0.3943451921494855,-0.10300404722086505,-0.6878230612727787,-0.43406736307670946,-0.02135256132745978,-0.5649045039896755,-0.5623641519137982,-0.36505583135881636,-0.21216316575656705,-0.2647567084598054,-0.277528020585565,-0.13331510499526159,0.37753070929359983,0.8351956136710992,0.34668725502194336,0.5598199718984654,0.4094617333175801,0.5849859503623103,0.41969812731352685,0.2827001940108215,0.5607835240320946,0.5036305063307723,-0.6209947884123798,-0.2228882973207663,-0.21978977474517208,0.005795862087920917,-0.08836682613850427,0.19091343167190955,0.3157177448224828,0.10750082318976918,0.46396431814217454,0.0947153180963159,0.48956638864107277,0.5575054410120837,0.5303629973757409,-0.5071643298797197,-0.03456885274714023,-0.311162773774398,-0.2702099555004379,-0.37969370568923516,0.2652595317599704,-0.37379785137498106,-0.2053344641074456,-0.0883383755705136,-0.2928136472174715,0.020383422475651666,-0.4408895894214764,-0.364680186003642,-0.007727438509156223,-0.17504952945040567,0.6640227162017451,-0.285297068372773,0.7485420283211753,-0.21771195939639243,-0.4031526415233261,-0.5045007469134605,-0.6813624513121833,-0.595166246313347,-0.6249918100958591,-0.3750502815906343,-0.13427445187310508,-0.1116198425886755,0.3072132667589877,0.7991348421730281
