0,1,2,3,4,5,6,7,8,9,10,11,12,13,14,15,16,17,18,19,20,21,22,23,24,25,26,27,28,29,30,31,32,33,34,35,36,37,38,39,40,41,42,43,44,45,46,47,48,49,50,51,52,53,54,55,56,57,58,59,60,61,62,63,64,65,66,67,68,69,70,71,72,73,74,75,76,77,78,79,80,81,82,83,84,85,86,87,88,89,90,91,92,93,94,95,96,97,98,99
0.0,-0.3470743832828293,-0.3668667651592169,-0.36964248261282645,-0.26428670524032716,0.062451510718584326,-0.343851089043583,-0.4469363196038055,-0.28160906133694397,-0.14751192672993496,0.28723915079427087,-0.20247231790398795,-0.37470460754435264,-0.1605731443543439,-0.20352126113541813,-0.5363981005610432,-0.1928588109726436,-0.6463141220354106,-0.20780042233362947,-0.05458785307011225,-0.4470176942715495,-0.6105244674111607,-0.7224170260352959,-0.6880653955235676,-0.029314687237815485,-0.7821099748620028,-0.800500070555969,0.15874476590048667,0.08387752859548923,-0.7089555359446443,0.7380126008215363,0.8001371670542375,-0.3299416355209368,-0.5611462800454255,-0.7533851021699325,-0.31198422652579644,0.40178800673347254,0.0661298937132177,-0.4552312624783198,-0.2977797598326968,0.27894222214682196,0.3224548298742926,-0.18599376939120302,0.521061573684305,0.37563910044489296,0.25490672835235567,-0.11776769844126087,0.1907086749040764,0.8141034565322198,0.6275668635357586,0.5982597124128521,-0.2408983838088832,-0.2739535662039809,-0.2471276794362757,-0.2631617899791181,-0.014526814555455769,-0.12475494080959625,-0.40716856451627587,-0.3662341322153315,0.033519923934728656,-0.20025756112500703,-0.005155896508682752,-0.29976316225628785,-0.038044596176206986,-0.0727431846813375,-0.20727689704905072,0.38059123797219807,-0.061677358541235384,-0.4470209508008231,-0.5488974032374614,-0.17941576406797424,-0.4882634143097873,-0.5509919289384619,-0.47161807499354813,-0.36141154879855314,-0.4550730152730473,-0.010196259284596462,-0.6646360029298963,0.6169073731544262,0.4838385465412805,-0.48671512526550753,0.2819058128217729,-0.08351059544919516,-0.6493872919371317,-0.7102406761371088,0.05501538130884383,0.322472497432501,0.007682797168586018,0.4432346837372961,-0.14307071305555596,0.4759240069012518,0.13042136008265104,-0.7295613856845639,0.1843355077568677,-0.26932085627036007,0.5123903392528064,0.3219954709356282,0.04742022928874965,0.7926711595313766,0.7254522174070759
-0.3470743832828293,0.0,0.5139022381115548,0.6342175373524843,0.6968374414389841,0.13929799260706152,0.6857863626483386,0.7536316098514813,0.40643314734994784,-0.5536349819879172,-0.7001278067633768,-0.3890292774807062,-0.008976096365057586,-0.08668785473238998,-0.15624581301513601,0.7028250717467718,-0.24829056376026526,0.25073834497799397,-0.16129050475636625,0.18828022189983812,0.09956041249692353,0.33389044443826066,0.22217518818804435,0.26010541729513004,-0.45704931887136,0.18159679163071138,0.3816736908419677,-0.7241142365441346,-0.4808743085890515,0.1277987590426093,-0.3350422659793355,-0.33773889482195196,-0.006860264597984202,-0.12424005035686138,0.3280342766335272,-0.6715436665924421,-0.759885367760539,0.26267807827080536,0.33382662001525354,0.6279656937279806,-0.24904429787106797,-0.28020809164832744,0.11893700143886399,-0.5857986248083245,-0.19624930179352165,-0.10244797159109652,0.05490513942902378,-0.27698898445888537,-0.44973008986750707,-0.3205146376281482,-0.1240504637585661,0.8343300020923456,0.8730562974981366,0.7550168311053673,0.5030940660697008,0.11073400798526732,0.8327657662801714,0.6812301835893811,-0.002017958840053956,-0.47702935007734276,-0.25875404092653786,-0.10062372126918914,0.0005828441820597165,0.0664041051338199,0.07338487523551009,0.08005850000422518,0.4064524191293434,-0.15075784068991474,-0.08506213134699685,0.3344435278758801,0.2660589531939748,-0.0028006157593245223,0.19517798529410146,0.5753359693383535,-0.16818938599970992,-0.15932394407597755,-0.2825296839435001,-0.019584320947585932,-0.3405359927412416,0.13415503572583054,0.013324494307079535,-0.6329301549236044,-0.5088300377615772,-0.030621648493436224,0.23341571710285117,-0.5046465896688331,-0.696774535684106,-0.5828306746100602,-0.602495722444055,0.04290094039108227,-0.07448268596280537,0.5415375033030859,0.6110339166130039,-0.44140119529017435,-0.12917459766585324,-0.5393282211578374,-0.23567726193183705,-0.17366596454354488,-0.5069679044432333,-0.4783202919635269
-0.3668667651592169,0.5139022381115548,0.0,0.6787243656111577,0.8414993131354255,0.7438737466143218,0.14045146873170591,0.6317765070533623,0.8436758854419975,0.18223364022623367,-0.07207944189291186,0.043735563803009345,0.661535062025892,0.6241471203200399,0.6012805062407784,0.3517786074597135,0.2808605346615273,0.2507495723788009,0.4407884237717127,-0.17080964027640272,0.596233078851266,0.34818050232030806,0.2512630301751178,-0.05830790425514159,-0.4059924729398598,0.23976537204216095,0.21683472858685446,-0.8398677892019994,-0.16782355454716527,0.43415393003339053,-0.6676103508229422,-0.6112647524602745,-0.06560841348050081,-0.005223179069323875,0.2879721410638747,-0.1713559035993687,-0.7878184526797248,0.5141539018545104,0.7465553732372174,0.6065947598010563,-0.30476989608149563,-0.7033707735427167,0.20063952697088316,-0.878441151158065,-0.28499539257260526,-0.25720610298274255,0.01625890854785213,-0.6290166341810347,-0.3681552971927497,-0.2939643477789535,-0.5817977697140188,0.7496797510535564,0.2899192569458511,0.8252298734826292,0.8966610747321948,0.7654163601916094,0.3139656111444546,0.8788961011011385,0.5083569229346433,0.25532811377039233,0.35077663491042715,0.6016239102572399,0.6812311345202559,0.7430316880067731,0.7450337476735053,0.7405151596332082,-0.3143054795230104,0.39993536564026155,0.07657532835401439,0.3432412095263335,0.6522557198060619,-0.45600588738907927,0.24540688623369702,0.5106270533989763,-0.1931131751773459,-0.0658717150788087,-0.09447073568270963,0.3377670090026896,-0.7204696162613525,-0.3579435551333298,-0.06433738622956858,-0.8672635995348645,-0.8343751918003977,-0.11569014611323161,0.22964010725779377,-0.8490373262734344,-0.7370915220083417,-0.7679200793498467,-0.23246905456062555,-0.5147706235754167,-0.3928603577282861,0.42834532064575603,0.7286276567595683,-0.8537560907069639,-0.620458097383193,-0.8676009407447273,-0.8158318361414238,-0.6558185687027757,-0.4911835342743432,-0.5682440027134004
-0.36964248261282645,0.6342175373524843,0.6787243656111577,0.0,0.816871186701425,0.44107431676822934,0.6044749310376706,0.8666579556734751,0.7421985536543211,-0.11337251736610966,-0.41951656876458926,-0.48022900566935883,0.2920222541087242,0.25808060064412536,0.13432101952626557,0.6304173476756094,-0.3823404141202765,0.19192710319833908,-0.026445829843613305,-0.46839178109294644,0.18787067084027595,0.7545435240403787,0.21187898536462396,0.030419168645747872,-0.711314600804567,0.14601215305061754,0.4380814276348441,-0.647682725417088,-0.7704999182916565,0.5456029502095999,-0.3222675780830588,-0.4550080849123788,0.490405346924455,-0.2292140670237359,0.5368923132068887,-0.3345765552253901,-0.8170890630994094,0.7317058869618946,0.7857108088602863,0.913290454990015,0.259790289441789,-0.10274465900901476,0.7139742203801823,-0.5997788256142494,0.27034188303180273,0.37066758525624116,0.6042504753739419,-3.00620451299943e-06,-0.3157357048387762,0.009348442692249532,-0.5599820927234465,0.5798415555321499,0.5530415008675171,0.7893097537909735,0.6114487159968071,0.3088966559921287,0.6266252344976179,0.7997613019884443,-0.11424645025828978,-0.2590374113100588,-0.27523805126443446,0.20694565728892333,0.228356820545336,0.26091469753430696,0.19606084886627345,0.279798568982134,-0.03490729527670562,-0.24134741587022637,-0.23147993177530213,0.23576815734763615,0.03367303182564293,-0.1762006433185726,-0.10248692879509358,0.13664686566970885,-0.5010503878647053,-0.42083007877028894,-0.6909577488266279,0.005891670816924584,-0.26737226855061713,-0.20923604025617365,-0.358908961853602,-0.4901118064347304,-0.5043360979544628,-0.2454942742960563,-0.06187248120121744,-0.4552485244478831,-0.8735168755797398,-0.7510367627290285,-0.7142024768381167,-0.477305815448515,-0.41521139087869774,0.10677580970000783,0.5956989004930484,-0.5023479631976163,-0.2569348471970718,-0.7134250231469405,-0.293067251573103,-0.6894602894637938,-0.48652405216510025,-0.3726938395806861
-0.26428670524032716,0.6968374414389841,0.8414993131354255,0.816871186701425,0.0,0.6302222279018503,0.3707792646583877,0.770557625306014,0.8251725688806153,-0.12183001385808934,-0.34457659150378867,-0.3353149557475773,0.3389762561795114,0.319953269411882,0.22898329980492588,0.4440562131094362,-0.19259837937152882,0.01867178214832421,0.017698613332871798,-0.2961861270277528,0.21474582072742487,0.4309221234989434,0.026073767245661933,-0.1162176417707865,-0.6434411069076342,0.04249536408966335,0.18587089730815456,-0.8488225842042775,-0.5347556581128797,0.27956556386764186,-0.3764825573411552,-0.39120085404843696,0.0719352259109199,-0.35233552377166105,0.23128034190450136,-0.38717122865697706,-0.8220276651110309,0.682313863188275,0.7065397925046416,0.8366225991839189,-0.019357082397549654,-0.36162989182747746,0.37925716134891907,-0.7165265153786881,-0.07421710761423576,0.07463700593310804,0.2519473651960993,-0.37725946264813454,-0.2430646772541907,-0.04295605775021297,-0.3996237868318217,0.7773266348047603,0.5488692839956905,0.9290328297313143,0.7728441964025837,0.5399393230509725,0.5731235765778541,0.90236816375831,0.12177074480499425,-0.1414432049201837,-0.08394397056874454,0.31895484489472686,0.30612060331573177,0.460163438710758,0.41501809352720515,0.41839600414672995,0.07234447748185324,-0.0629983412133326,-0.31265197637247805,0.10834288776337563,0.2882092405150464,-0.41720070302139123,-0.08285140102491483,0.34955619740738775,-0.5081470323182358,-0.4087198453366166,-0.4412275069584129,-0.055610437292388834,-0.39831839194560503,-0.031083739193793355,-0.35317056278237696,-0.7069514306493528,-0.7600725598400174,-0.3362853930334769,-0.013979234355236634,-0.6909383967463067,-0.8239907230588105,-0.8306407100172543,-0.42237663750842935,-0.46685600521132736,-0.16175905401706456,0.5028537487611713,0.6356427185268722,-0.6810631740364933,-0.4971081177755875,-0.7304540495952913,-0.4686917070014576,-0.6542680978826265,-0.3717250136225171,-0.35320981350309427
0.062451510718584326,0.13929799260706152,0.7438737466143218,0.44107431676822934,0.6302222279018503,0.0,-0.29247924755955973,0.24312741372015378,0.7796912861367994,0.32893340153169454,0.3025873592320072,-0.04775272765898839,0.6061373857459709,0.7192858311420957,0.6706208091224549,-0.17098327962988755,0.21373740423507737,-0.19878937686016188,0.43270859104580683,-0.44147893453204334,0.3806555063057736,0.0453362311906185,-0.204742590272689,-0.6121464588459744,-0.46528859713953896,-0.2920939509855103,-0.2861771616596128,-0.5920404334729006,-0.08189094652387718,0.1402773518899421,-0.23132928058648894,-0.17981587303765068,-0.07804082102213553,-0.31954664388982884,-0.15835629596055992,0.11451915847521434,-0.3823171545038049,0.6552130467534788,0.5834463320311233,0.39468450176686715,0.09079483934234345,-0.46660207391050396,0.22592088744819053,-0.48512432231293384,0.04209563155816146,0.04894161325279352,0.12601375111496924,-0.36690342276733034,0.23609736002755127,0.2760046079783823,-0.4071085894613108,0.30816652695391683,-0.19826975424743182,0.5477232947330077,0.7160821301422372,0.8557702227302674,-0.0641761132005904,0.5887827228476019,0.2447850738462312,0.41666204039843535,0.25247951603841423,0.7636875054021008,0.6188653297101535,0.8041840706207672,0.7558390187939347,0.7215621148792082,-0.35839321441564775,0.36974898958233066,-0.2237698918379477,-0.09117394667456724,0.4244770096272682,-0.8041856717713586,-0.19479507595113377,-0.053634838768022344,-0.523592869115422,-0.41198106773092474,-0.17653017876841562,-0.011325223356379461,-0.31897416771681375,-0.2553794363436357,-0.48590959091263425,-0.5009752195935612,-0.7473898377230787,-0.5413223590175199,-0.2525353619087098,-0.658570780265838,-0.4364638290171706,-0.6729872151908476,0.2229347808160178,-0.7884477705015205,-0.1858794725514025,0.21895318603978758,0.18268953581215003,-0.7193786370180839,-0.8335165725209659,-0.5165606479904671,-0.6052743664255728,-0.7334262172044856,0.08555472914007502,0.018472354828496344
-0.343851089043583,0.6857863626483386,0.14045146873170591,0.6044749310376706,0.3707792646583877,-0.29247924755955973,0.0,0.6509876103700536,0.07668126996239277,-0.553381765067368,-0.7239826230202401,-0.5647970167604465,-0.1480716415977725,-0.2148191549337575,-0.3270833659944583,0.8116860104795084,-0.4148814204279401,0.4292699102015965,-0.1868878566098131,0.06608809590230873,0.01093812450523946,0.5327662928028224,0.3845549202053404,0.3624202952966086,-0.4341268924103602,0.15174952990646845,0.544337258135579,-0.3066485127269631,-0.6260040717813288,0.2785562525947455,-0.11985507612850393,-0.24522111037334832,0.48208369238704174,0.08096321625060289,0.5501016326040732,-0.5256631011674784,-0.5229549352648352,0.20643037258598562,0.22257654086607614,0.4887837933150307,0.10575747420822389,0.10691352983482183,0.37403056290466247,-0.2247487736618841,0.2875147302907762,0.2480283910387357,0.38985151798340206,0.2881187900686975,-0.3882083621246486,-0.18777886020600554,-0.1734030330555072,0.39754503103393596,0.7374137457413925,0.34490639385085337,0.11257719994195145,-0.27775674503889475,0.785026014016488,0.2868611713916417,-0.39410842944534974,-0.6294055057292347,-0.5216002143738137,-0.2695404166070549,-0.18793565744438098,-0.2587599431460749,-0.2769445126593663,-0.18341982395857373,0.3035101254630502,-0.30453216800333727,0.08485317133189474,0.45589879065006594,-0.1032796893899441,0.28784102545298507,0.1556700436661069,0.1823662712231592,-0.09598854718487745,-0.16350015185750846,-0.48855669156106385,-0.010647441300687201,-0.023671451584941775,-0.03765996789075821,0.04551338589231252,-0.18930571018005773,-0.043870380274955864,0.0736822269269281,0.10173963255331549,-0.10034624852919015,-0.5326060542043178,-0.3084742905345017,-0.7842879983516005,0.1206624242806824,-0.3246052313342588,-0.02836077305305875,0.3385038894070696,-0.08151402085764184,0.19354606150941836,-0.2897410901314379,0.09863232181948645,-0.057320825774441156,-0.4649037567345623,-0.3389563130029102
-0.4469363196038055,0.7536316098514813,0.6317765070533623,0.8666579556734751,0.770557625306014,0.24312741372015378,0.6509876103700536,0.0,0.5761198952498203,-0.34949780036490385,-0.6157585117350707,-0.5073278122483267,0.1902075764734939,0.14191746654182108,0.02511571213011008,0.7918821585694423,-0.32955818884377563,0.37684389102968696,-0.01835633025064112,-0.1876175674091229,0.23114740212236626,0.693127707567683,0.3750965355027933,0.20527757770598523,-0.6495932118110829,0.20963382355646476,0.5587554312369953,-0.6498344921518042,-0.7123793308143712,0.501738960826794,-0.3833995328439794,-0.5017486673712149,0.41873650883737923,-0.05553149120702107,0.6056262584066114,-0.4289190093238861,-0.8299577496422246,0.521071975375571,0.630980836345184,0.8023487504246726,0.09269861094407209,-0.1671259483105174,0.5490417121594522,-0.6093266270582475,0.16971954881617377,0.2198992754330752,0.47379311666071433,0.003311057943271761,-0.4390876382003101,-0.17485525410378652,-0.4857553982188655,0.6668399163596288,0.7233560232874692,0.7546747713040793,0.5577679597961568,0.16993816091580594,0.7779358079963267,0.7181242869164591,-0.13978469943807204,-0.4162583993070895,-0.3347319209970432,0.06327468534156948,0.15768433316929045,0.14603859103506245,0.10387866354404178,0.19889774838736293,0.07123008052563107,-0.19662825761630706,-0.04289362629625721,0.436270094976532,0.12045288888904454,-0.022774321290383936,0.11691258699660609,0.2807301184739679,-0.3164337899305291,-0.28653764614074856,-0.5837702919144487,0.09710205857699321,-0.3229344473393393,-0.21497211501927166,-0.13811271975647552,-0.5338887221123176,-0.44403160150722026,-0.0814870296594424,0.11279768622006926,-0.4467508180615746,-0.8443588119573339,-0.6714153754533628,-0.785652632371919,-0.26294438420939814,-0.43967629692715177,0.13137767969167743,0.6178278573898353,-0.46968785512371386,-0.15957560594018735,-0.68257404864254,-0.2779544726794984,-0.46584337218154953,-0.5876919812541505,-0.49114475392720003
-0.28160906133694397,0.40643314734994784,0.8436758854419975,0.7421985536543211,0.8251725688806153,0.7796912861367994,0.07668126996239277,0.5761198952498203,0.0,0.20027612540926104,-0.03493977871784957,-0.20109587930496273,0.5868821347280638,0.6057273667142569,0.5284540280154044,0.19585810605789505,0.00019365403969738985,0.02302657612855244,0.282374901673572,-0.49425019509959034,0.3803605667306972,0.43893037061930984,0.06002811765367429,-0.2791897388283081,-0.608147336628481,-0.0085958637529804,0.12548970754308644,-0.6705042561468482,-0.3832517254974176,0.43871780682409456,-0.4188575701713067,-0.45724544715638044,0.20479509682324465,-0.22925485266667323,0.2248032234418813,0.08238253761345472,-0.629788519390633,0.7228453882755633,0.7935112307607466,0.6922472625038261,0.13684609448199356,-0.3996495277419012,0.46698331644737096,-0.6469038351682952,0.031052693585532958,0.14581181835256735,0.3590195383511929,-0.2754147803453826,-0.10754475454719918,0.10456847876243705,-0.6176220607951326,0.4495562808531069,0.11578324638017508,0.7364005161240407,0.7796618748481957,0.6958118193742587,0.18769344436768778,0.7944230916813655,0.17222728626612668,0.13720446015029528,0.07271614054229067,0.5805516808502713,0.5458711209837448,0.6315457855643348,0.5765352175856967,0.6125780198601928,-0.323130711843224,0.10789097204164315,-0.20437320484187807,0.08474622804980234,0.28902259064433106,-0.5122724004064574,-0.09392291002031816,0.0824312390207181,-0.5178786904579802,-0.38525864717626934,-0.4052084858165081,0.10319095335563998,-0.41950415081172693,-0.33252139655993923,-0.39988323261801206,-0.5481231229284838,-0.6569711201508416,-0.3400548615398185,-0.055895261074587047,-0.586567040909416,-0.673498811226032,-0.7270617622966045,-0.18002002968804723,-0.6898380764613026,-0.3327145212622207,0.16328615241337555,0.490183876148584,-0.704477953020471,-0.603385652908205,-0.7020560580330133,-0.5533595404496914,-0.7642284419409077,-0.2632200043612117,-0.2341837739134377
-0.14751192672993496,-0.5536349819879172,0.18223364022623367,-0.11337251736610966,-0.12183001385808934,0.32893340153169454,-0.553381765067368,-0.34949780036490385,0.20027612540926104,0.0,0.6800885131803558,0.5547087463416805,0.4078268803709817,0.339266869370425,0.40398658606373683,-0.3347238361685917,0.3319851412734213,-0.10110851840668801,0.28180584989589796,-0.45333742371789465,0.18320431427142686,0.10533311154427508,-0.04597808423194166,-0.04047550776988955,0.34877778713159324,0.2782335221376834,-0.12349335260099795,0.23179769150661128,0.2568652176176379,0.2640706967751314,-0.12614596340601383,-0.11234031464114957,0.08537441521980456,0.10375091612759688,-0.00018733752133406447,0.35814740383700333,0.16144411309042025,0.11896381865335674,0.27001876887136056,-0.05628199873847945,0.021134629869805174,-0.043496065571864695,0.13859693487181302,-0.002936745750165449,-0.030033003005779435,-0.06016952119447419,-0.003632958979520944,-0.2225318789444767,-0.020686794119142635,-0.019185417911261,-0.2683309506819016,-0.2751053236528968,-0.5315822298787907,-0.14999733680779312,0.013413357929638334,0.23907672584795123,-0.5849607876347815,-0.02112796868517797,0.4485109051163837,0.6937467779109142,0.5816782042546138,0.35294251516989583,0.33107236058993395,0.2764588603728913,0.29479314456834865,0.2534516936375653,-0.5600123666092568,0.24861091435422208,0.06801176697336866,-0.19059394982440947,0.005653567495430601,-0.09525251152595211,-0.123339631769503,-0.08205095189784394,0.14824599204253489,0.2685816298456284,0.18406067975241905,0.23844946939888204,-0.12000318532574844,-0.25779859077237494,0.0158375528905662,0.08655001457292533,0.0561413285396664,0.09461961497613469,-0.032651446008251574,-0.0030948955624671604,0.1578092886838346,0.1400516708100228,0.21665105516915414,-0.2503780809871403,-0.129232287512032,-0.1580013011893978,0.0997289924178788,0.02285839697707127,-0.014552739242292436,-0.059863344744650535,-0.23375635427349323,-0.31755314479400854,0.01034346113751896,-0.03868270262210395
0.28723915079427087,-0.7001278067633768,-0.07207944189291186,-0.41951656876458926,-0.34457659150378867,0.3025873592320072,-0.7239826230202401,-0.6157585117350707,-0.03493977871784957,0.6800885131803558,0.0,0.595042267115096,0.3636373658937864,0.3299797320831528,0.4053245874680004,-0.6057976717341349,0.4072183865822345,-0.31023960085590646,0.2995027802039695,-0.4130984843839796,0.07795032486103326,-0.21135683026779362,-0.2886543117393221,-0.3038361971017824,0.4146037625870925,-0.00022876295992152102,-0.4431519881558054,0.32791086267495045,0.41407050106857923,-0.0034445575082468556,0.12204611439775677,0.1780023339181431,-0.12890825393000122,-0.01593485236392671,-0.31218803421734914,0.3298541424274007,0.3793300532901721,0.029150022419360995,0.0317498764816663,-0.3073860637164931,0.05873725811682169,-0.006425960198860476,-0.024139037484420697,0.19358574674348675,-0.0005183042084034166,-0.051387489364553736,-0.13402540463509968,-0.1936161018130908,0.29978792286325373,0.17081044159599015,-0.016856283998912248,-0.38954359841468283,-0.705944323262284,-0.3190231948547555,-0.09773554423906797,0.27174288347697667,-0.7088439231392096,-0.23685682030557903,0.3839442205174803,0.8279984329491876,0.6230954636833742,0.44425546054785714,0.3011248805954553,0.32414654248486824,0.3227285751155381,0.24368962705981473,-0.46511973080110675,0.35588124338995325,0.003995993131017601,-0.34985521787060403,0.013632417839666131,-0.2672037489847008,-0.23625896495977972,-0.2599585404119116,0.10659574891713049,0.18159539074767922,0.30154893196468174,0.07461077166675031,0.060875595586164,-0.12426046266147953,-0.0849453555668608,0.21126038780328502,0.051105758220488136,-0.07522206962288482,-0.24706166916318695,0.04700865990584938,0.3621310636011127,0.20079109777429807,0.4937803380679725,-0.2782282361508159,0.05106527673681633,-0.13497407747351756,-0.20634966051015805,0.09404161129730784,-0.12038284036309618,0.15249721887065293,-0.14520744696299895,-0.2202597931786894,0.33057691835717745,0.22894030827035994
-0.20247231790398795,-0.3890292774807062,0.043735563803009345,-0.48022900566935883,-0.3353149557475773,-0.04775272765898839,-0.5647970167604465,-0.5073278122483267,-0.20109587930496273,0.5547087463416805,0.595042267115096,0.0,0.2908909419343175,0.1365129201284927,0.2945069576999466,-0.38016783898994433,0.6111927156401095,0.012215793914183603,0.26958114987066856,0.06991704272768326,0.20712703625181475,-0.2130160235817803,0.06113363378867384,0.24859942061640367,0.7491512036343586,0.511171118115641,-0.0884292758073742,0.2785279666850231,0.6571714598075525,0.061032974067141706,-0.2572019978293709,-0.13684515253462845,-0.38616006168030487,0.33800192604527696,-0.09915382805395957,0.27701239692890395,0.2748711795954206,-0.38885021333591613,-0.07377038320494501,-0.3995599275647199,-0.48572631039002473,-0.2582429890830763,-0.38362557744514797,-0.03347941737376673,-0.5658721905340741,-0.5604057402722857,-0.5207015515100293,-0.5432062386100148,-0.23199837779480845,-0.4256015532000724,0.015148844182113253,-0.13880954458034248,-0.42798285370719047,-0.2744484254501047,-0.10318065855183635,0.10148310764184099,-0.6229085156077768,-0.17265886017195378,0.7630398654983576,0.7347597731118968,0.8305693723115798,0.1655676260239982,0.2632569297040653,0.1740243092190375,0.2564768716601708,0.16644635837347985,-0.3989271203222414,0.4272361415050689,0.31511943512927376,-0.08209090779318186,0.24612042990384514,0.14451452244016622,0.2394951701595506,0.3187798683826895,0.5923069910066211,0.6900938161564798,0.6733586236836442,0.4249756705244159,-0.3000987045348263,-0.10464535445942767,0.4634000953071879,-0.011150694924505876,0.14256359116371115,0.4636640326478907,0.3563666122045796,0.02483624305786646,0.3901041502549087,0.39838099906093616,0.3728116848507631,0.20014456476645906,0.09314281598813523,0.12638821157646146,0.18341654921259673,0.11946703657293498,0.17058902597586717,0.04839662219510859,-0.2684083733965748,0.13040608247958427,-0.08493987678456612,-0.2359132196611597
-0.37470460754435264,-0.008976096365057586,0.661535062025892,0.2920222541087242,0.3389762561795114,0.6061373857459709,-0.1480716415977725,0.1902075764734939,0.5868821347280638,0.4078268803709817,0.3636373658937864,0.2908909419343175,0.0,0.7122310707661192,0.7281212022276763,0.06780816918067421,0.5220561109885513,0.29581766606314824,0.6668641150647632,-0.35705227287858193,0.6249425524420366,0.2822505658285915,0.29540868746834315,-0.10146963154784308,-0.1063761004029046,0.20989812964248972,0.14632208749515843,-0.27284576364750385,0.06869484306967463,0.5233052965101351,-0.48692593381161814,-0.4886940527438321,0.21747121359296714,0.2944780853954104,0.2789284977948372,0.37875623140036957,-0.27066632059319057,0.30853973030190024,0.5550855726754593,0.1602745806893158,-0.048646138045268045,-0.5118447207233325,0.23311619130104913,-0.4617812141790901,-0.070695948990081,-0.10388369549228543,0.13202670665335048,-0.26384177787111324,-0.17798346353645486,-0.14239310577230613,-0.6102293635083257,0.09735997219838745,-0.24776095831297285,0.2076112330569101,0.4993842333013234,0.5918169400202501,-0.20862838509794426,0.37461599690288244,0.3908201473136134,0.5974802716530023,0.4959855572806809,0.7426918761331622,0.7338622482576513,0.6511389033409555,0.6459795470320396,0.692287619430259,-0.6385508255254305,0.5582056104431715,0.33334526802078035,0.3082087201013253,0.42891408943200865,-0.2742667265759755,0.2097608232160499,0.049320728074071916,0.029837714135812467,0.10976647149552661,0.030675070129404267,0.47600921386957135,-0.4892572249908921,-0.6044992247343833,0.033475207049942064,-0.30681684010120225,-0.284437696072823,0.0688534684026382,0.15266104076383544,-0.36953511984257886,-0.2569531091746543,-0.2968589219190709,0.06356670775847716,-0.48615590626183847,-0.5081964519370998,-0.16552955112456783,0.36648137262595026,-0.4888971826865349,-0.38486250578368925,-0.5055912025591475,-0.5758742351964578,-0.4815338601603524,-0.2702055353771553,-0.30197720427666025
-0.1605731443543439,-0.08668785473238998,0.6241471203200399,0.25808060064412536,0.319953269411882,0.7192858311420957,-0.2148191549337575,0.14191746654182108,0.6057273667142569,0.339266869370425,0.3299797320831528,0.1365129201284927,0.7122310707661192,0.0,0.9128032518936513,-0.04899402716661248,0.5585304267497578,0.2728404575150628,0.8437368086117266,-0.38258877224610843,0.7481342393891942,0.20096955989131057,0.24987651439105343,-0.37891657858830396,-0.28935184949232146,-0.035489041671039744,0.009821417893313244,-0.34829087706994877,0.102751396973712,0.5048820082972314,-0.47058016379511863,-0.459561881240973,0.20269521616875802,0.2453056961217422,0.17857297584508688,0.4967365191732256,-0.2680559795280447,0.44076279354651277,0.6037053988770972,0.13705484766812176,0.046478768409275485,-0.5941294999315839,0.26387843952808293,-0.47926119834228187,0.10293088409406262,-0.039829576932859954,0.17935935455159613,-0.213264376589861,0.04052109669850849,0.040894651703530675,-0.7018960928100376,0.050152819690726706,-0.4337283675355983,0.2244019040156536,0.6326208809413347,0.8105216545695457,-0.2551494502259362,0.3880318208495373,0.32786814619448434,0.6304025879932091,0.4515922027983582,0.9157968436613514,0.8865773401112217,0.8444314045500266,0.818089464479432,0.8779766379935573,-0.7975345864579589,0.6988988881008238,0.3384371920070058,0.3409544203124822,0.5518980369029077,-0.5587372071723337,0.18453617578521941,-0.11722923450615284,-0.14049725090024898,-0.06108616159810879,-0.01896547713462552,0.4558820817159609,-0.5057371589862957,-0.7531521581307354,-0.1244474623621049,-0.37896723810902816,-0.4762697573877271,-0.15886785135780623,0.004481844444136244,-0.5233694398453145,-0.303126688238299,-0.44336863723508935,0.20271200507758363,-0.7501420859242925,-0.636187866810201,-0.26553979167827874,0.2048722737379172,-0.6795971782113429,-0.6876273099042823,-0.5533011027954873,-0.7253859795327273,-0.6339437301973878,-0.13193370443844976,-0.19271122246550654
-0.20352126113541813,-0.15624581301513601,0.6012805062407784,0.13432101952626557,0.22898329980492588,0.6706208091224549,-0.3270833659944583,0.02511571213011008,0.5284540280154044,0.40398658606373683,0.4053245874680004,0.2945069576999466,0.7281212022276763,0.9128032518936513,0.0,-0.1455749211217686,0.6848437001290646,0.2763022831699199,0.8637855830826663,-0.2803624518578316,0.7599846249510916,0.10755820981911432,0.2629318542783269,-0.2862645137645859,-0.09977440799079174,0.07616766481322229,-0.0030798478046977933,-0.2618828746017383,0.27892415161099865,0.46849839149667744,-0.5149595849126046,-0.47550828421697905,0.05704101585152455,0.33022483992678553,0.13152585355211388,0.5737240423706877,-0.16980434189161644,0.2816965944683507,0.5191771950597335,0.00862947676141557,-0.10027549834636915,-0.6430875600724455,0.10815228659557698,-0.45969742880526804,-0.0750717586289954,-0.20532883204868377,0.01056558242711419,-0.33701908539550873,-0.02062323387240827,-0.07635848878169274,-0.6443611245250579,0.012262466426656472,-0.5047334273558658,0.1429185121343677,0.5709434759067276,0.7823365562705674,-0.38764680303754356,0.3134961760643611,0.4939990522211455,0.7222846131920414,0.6044865960518544,0.882451330958326,0.8920638245965562,0.8251343506316461,0.8183248388111498,0.8517167481753215,-0.8387733439846969,0.7636899390519171,0.4100271421302923,0.3179979222587829,0.5920494894888293,-0.48277697313003903,0.2652276028133499,-0.02305630642121988,0.024768497161452078,0.116387089540303,0.16681233730762748,0.5410764872483571,-0.5609660861363676,-0.7320718832285263,0.019666284421228253,-0.3712322246954462,-0.4111615602739225,-0.021657516124507822,0.13176895937898445,-0.48478812778355457,-0.1728408687028835,-0.30192698370699556,0.30657518164378084,-0.6324313415999469,-0.5588815497175971,-0.21245997116600007,0.22410046960187258,-0.620553792506728,-0.6146816499332909,-0.4960927001263746,-0.7523101732573175,-0.5216143817281226,-0.14580252898725152,-0.24385161255743829
-0.5363981005610432,0.7028250717467718,0.3517786074597135,0.6304173476756094,0.4440562131094362,-0.17098327962988755,0.8116860104795084,0.7918821585694423,0.19585810605789505,-0.3347238361685917,-0.6057976717341349,-0.38016783898994433,0.06780816918067421,-0.04899402716661248,-0.1455749211217686,0.0,-0.20601406589092863,0.6162793921059252,0.018463779816190306,0.10941766114386116,0.25141014781807963,0.6076073377591554,0.5814075089907064,0.4741525442832815,-0.40788161827338165,0.3311662951111191,0.6831287100309836,-0.40557201740808807,-0.5378556749229383,0.46159500781240154,-0.3773621931318544,-0.48881243871152624,0.4703626209775315,0.2690106553535403,0.6866396181604224,-0.4058103434094558,-0.6309796863083799,0.1801208322032547,0.35372987327186967,0.5079911620771259,-0.05791625291558712,-0.12403643709058447,0.3380788073007674,-0.4282608680523338,0.12277069966794843,0.07712371255600962,0.320589696400711,0.12247201388057055,-0.5736177403959309,-0.38360600555500357,-0.3621769782704266,0.5016419025383545,0.7401255240394196,0.4243616924947313,0.27379931005768426,-0.14302056706056437,0.7677718222092474,0.4197052786884306,-0.1825527697507171,-0.4970807778210551,-0.3358684749639866,-0.12419267793021543,0.030597436627523022,-0.09761318290357143,-0.09424229987246678,0.011108400006639745,0.11794140184539982,-0.10470645627876009,0.284917091729322,0.6471805405853834,0.10440902809463136,0.3075792233403286,0.36389092498720743,0.34454518256542255,0.044597272532039225,-0.006666641140364923,-0.37978731144103683,0.23477588739492533,-0.27604556916900846,-0.23721282036400393,0.2045981329951338,-0.3545181443093409,-0.12592313314768044,0.22781038842248708,0.3063253113757514,-0.2332552897564709,-0.6056582426135779,-0.3523286798972468,-0.7921843777805886,0.08447419025217691,-0.4853190631798862,-0.02480043680820912,0.5348392271552571,-0.2442278471849148,0.12978540682348744,-0.47396555054520456,-0.1233370696415735,-0.10889883528107283,-0.6582662988154094,-0.5555656275918637
-0.1928588109726436,-0.24829056376026526,0.2808605346615273,-0.3823404141202765,-0.19259837937152882,0.21373740423507737,-0.4148814204279401,-0.32955818884377563,0.00019365403969738985,0.3319851412734213,0.4072183865822345,0.6111927156401095,0.5220561109885513,0.5585304267497578,0.6848437001290646,-0.20601406589092863,0.0,0.3468563132312579,0.7348638509459968,0.2565094099206467,0.6428786004161358,-0.2720255335358526,0.31159115405537313,0.05472437895494408,0.4262676918804352,0.27316421835848503,-0.03473010691549462,-0.0036653547159806957,0.6987106709437053,0.1479960976465873,-0.47617920289834753,-0.33440901650661925,-0.3275390322233737,0.5772115589806728,-0.02261116986638076,0.4415168619634945,0.11893388235607283,-0.3125431810393686,0.012533766887599046,-0.4479134069061557,-0.5555059360465257,-0.6689886161592996,-0.4485246341508485,-0.2546690641655797,-0.48571715796624665,-0.649353546292799,-0.5170936086224801,-0.5255853579616651,-0.17953829033014726,-0.43897259118442994,-0.21958720589753425,-0.021255175337523007,-0.40945778094073904,-0.18171492040372073,0.22490663880857042,0.41630462220900266,-0.44628225952919115,-0.04411682659718703,0.6716284765863436,0.6968605212123407,0.7615500326027251,0.5236520798262003,0.6260499345432481,0.5025934090761148,0.5893761815160758,0.5606487421104481,-0.5706554875364612,0.8381285461934082,0.6591641786288586,0.36782487247097156,0.6740931603930511,-0.11995760933583312,0.5475060842423001,0.3085564962151962,0.5421970838218884,0.5695965535499509,0.6832720996739006,0.6315033292743722,-0.5336093791527946,-0.46851118564279604,0.5041949075102963,-0.261007475705996,-0.11221415965203081,0.3797692379433222,0.44036610747991023,-0.28637651569006456,0.2291184300416859,0.1471323682680713,0.4729589665279225,-0.029658488772523306,-0.25345138698681596,0.010906471844805548,0.17158677671040562,-0.3071004533922465,-0.2567497206220401,-0.16611269981959795,-0.580495207311797,0.06784670394397099,-0.14312949847159812,-0.3184372317641005
-0.6463141220354106,0.25073834497799397,0.2507495723788009,0.19192710319833908,0.01867178214832421,-0.19878937686016188,0.4292699102015965,0.37684389102968696,0.02302657612855244,-0.10110851840668801,-0.31023960085590646,0.012215793914183603,0.29581766606314824,0.2728404575150628,0.2763022831699199,0.6162793921059252,0.3468563132312579,0.0,0.5058893566257789,0.34362071619199125,0.6490091200360475,0.43315460017214136,0.8896192423466041,0.5565078755526424,-0.058798222507053986,0.5019718656835519,0.7514826509288681,-0.12523933624147507,0.009612235795072819,0.6215839203475348,-0.647494122138251,-0.6975639341878367,0.36830133496287776,0.7983429733848914,0.7403990045512383,0.20417391129284995,-0.32406488270854106,-0.20575090048654904,0.21412326621425565,0.015737386357904816,-0.2840137422454648,-0.4074004265032934,0.0677052619301914,-0.40755984232301334,-0.06981235553116073,-0.2576513704855729,0.07567629231798871,0.056031028927305965,-0.6364111146126503,-0.5970803326921011,-0.542904026629862,0.16782555048147782,0.24593261048866896,0.0272979456469877,0.19889250294866195,-0.02575133095090963,0.28215400651753714,0.13879464892318394,0.11952215934527986,-0.12838110884754877,0.04961730778165425,0.07127147759135563,0.3674459143551895,0.07196649853558204,0.1206099665967833,0.27674451162296837,-0.40668828875703344,0.37559772931404023,0.8170188000934501,0.9128620895108663,0.3947360563946967,0.39443800668867424,0.7849510623321936,0.3271632771038055,0.4740875796500439,0.42918150246631553,0.07228088195693162,0.735343522279004,-0.5516475182798112,-0.6911787553669224,0.5998069406887104,-0.28175446694955514,0.06625224506573915,0.5853521327103007,0.6363801605666003,-0.14586357633820712,-0.2643669004867185,-0.015290733381321463,-0.41644325980402747,0.12178942236869912,-0.7490375951623197,-0.39229383260536743,0.41879612839386626,-0.2559134698328001,0.10531125492258872,-0.41643634644832794,-0.3632480791013746,0.09523807647161335,-0.6946490999699382,-0.6652964331361702
-0.20780042233362947,-0.16129050475636625,0.4407884237717127,-0.026445829843613305,0.017698613332871798,0.43270859104580683,-0.1868878566098131,-0.01835633025064112,0.282374901673572,0.28180584989589796,0.2995027802039695,0.26958114987066856,0.6668641150647632,0.8437368086117266,0.8637855830826663,0.018463779816190306,0.7348638509459968,0.5058893566257789,0.0,-0.001251872738126522,0.8042479833367016,0.032272093623256934,0.43940038403361287,-0.1384733637543474,-0.019612401812715015,0.08238316423730534,0.09287114580979336,-0.16627478880816304,0.35468011703640395,0.41128398839781116,-0.5056295301585351,-0.45919506531510434,0.08915244177075045,0.5515351086227483,0.19980052245194982,0.4973823152457026,-0.10241097175982161,0.05606231403803746,0.30494540122992664,-0.1830841998555766,-0.21317006577877218,-0.6539186566597263,-0.03845116182939945,-0.36743597276232093,-0.04236774206927119,-0.2948732188704503,-0.08204006901341666,-0.21228029956404565,-0.08902805658900931,-0.2145799646993164,-0.5482543470308658,-0.014555460032568395,-0.3838822363117527,-0.028655068599417504,0.4188482692376187,0.5711715059679522,-0.2447196835972104,0.120650704027913,0.3777174111559115,0.5658345454639209,0.5000703555825241,0.7301091665437246,0.7952097242421661,0.6587811485291354,0.6868113347810597,0.7468791554880867,-0.7444391858622038,0.8348595018097882,0.6635545060375,0.5631285201262648,0.6521415439546191,-0.31497096850894274,0.48071663163950185,0.035882908456243236,0.23677089939507714,0.24044897845108962,0.2718648289120508,0.627756620767758,-0.5240237456512609,-0.7613440301652878,0.24582575257008762,-0.32464056615050724,-0.2669197445811621,0.13491460957972215,0.23664308591205233,-0.4190032184678597,-0.07992055077656689,-0.15920803641261977,0.2517518537698196,-0.41120019721799494,-0.6438852204216852,-0.3083990103506488,0.13703267964105648,-0.5325084517252505,-0.5013420848663045,-0.3881373814464962,-0.6760420498823265,-0.26560246143491334,-0.19635159805681793,-0.29639859627133175
-0.05458785307011225,0.18828022189983812,-0.17080964027640272,-0.46839178109294644,-0.2961861270277528,-0.44147893453204334,0.06608809590230873,-0.1876175674091229,-0.49425019509959034,-0.45333742371789465,-0.4130984843839796,0.06991704272768326,-0.35705227287858193,-0.38258877224610843,-0.2803624518578316,0.10941766114386116,0.2565094099206467,0.34362071619199125,-0.001251872738126522,0.0,0.051007213038836964,-0.4178057985772915,0.22709117577400323,0.30009098213209456,0.24292594785371638,0.06629631690633328,0.11006899632554355,-0.033007528928476665,0.3863712620831997,-0.3251676930153251,-0.14814996360613494,-0.013609148554044393,-0.5059416609420048,0.310551051894676,-0.08683953197604553,-0.12361911298525033,0.08318619891622583,-0.6172055130341296,-0.5105975919967863,-0.4041371776321712,-0.5601612031511266,-0.2553966860252193,-0.6557602435776989,-0.02378116050525121,-0.464477098447896,-0.5434831514416546,-0.5622320504467153,-0.1986221458048559,-0.1894279728965828,-0.41274298374408747,0.3346151419042987,0.1798271979024802,0.23640562302016999,-0.12912584285443068,-0.1027263142650281,-0.20858813210555696,0.1658480679834998,-0.1997723277562625,0.0959919201600804,-0.33608209919700444,-0.051314677675976875,-0.38904252501234055,-0.17214474441730454,-0.21095693209214253,-0.13144956194745983,-0.15017839165345168,0.287921294459576,0.1481320995796739,0.341963806139077,0.3019164125791641,0.3349855565200167,0.24753657949532556,0.5374155357169567,0.43835738812461017,0.4266378959593753,0.3442291240245498,0.46857265792154273,0.1696873052310475,-0.19206848955713107,0.14164550667346298,0.5095064208290707,-0.17170189033249167,0.05233618236659756,0.3463414952877986,0.47228658960407754,-0.01980418249615562,0.198956073682587,0.2268762912026264,0.12590992075510296,0.5486233469566951,0.16459683310727743,0.25783425354263784,-0.02890559649253408,0.0232001198963324,0.11073939618689672,0.1438316652559591,-0.014043456083919633,0.6264959919269677,-0.10250983601500901,-0.19517994740415312
