0,1,2,3,4,5,6,7,8,9,10,11,12,13,14,15,16,17,18,19,20,21,22,23,24,25,26,27,28,29,30,31,32,33,34,35,36,37,38,39,40,41,42,43,44,45,46,47,48,49,50,51,52,53,54,55,56,57,58,59,60,61,62,63,64,65,66,67,68,69,70,71,72,73,74,75,76,77,78,79,80,81,82,83,84,85,86,87,88,89,90,91,92,93,94,95,96,97,98,99
0.0,0.5350029112170238,0.7440180822125417,0.8659440630638311,-0.2998372637469142,0.7055049794020715,0.8012654439658533,0.7780044578248395,-0.08646658400361265,0.4867117339476199,-0.7042134225128576,-0.7339312002351944,-0.4343509368891256,-0.723926206232646,-0.4605750416859408,0.8575499667095965,-0.08058886148081544,-0.0441673478888399,-0.07278210164827062,0.4971339646347817,-0.6123197582342191,-0.2555211826591874,-0.7210841581937765,-0.8369467107918599,-0.541364398363705,-0.7531585986959449,-0.7898116752013487,-0.7291500719505724,-0.06906632658071364,0.11500580734442309,0.733169273500188,0.8737215883587061,0.9072791724173473,-0.0864131788968939,-0.589009375736658,0.6585126074910443,0.3640560446851735,0.8887890067620043,0.8713438906761566,0.6642361172497052,-0.016555510674841768,-0.7686945977382144,-0.843824674292995,-0.11429192798380305,-0.4606499476779227,-0.6185605365076751,-0.7619275247177127,-0.2684311576584677,0.6409135804770251,0.6211911263415284,0.1382129048954515,0.700997678731698,-0.7097878953423741,-0.37162625376263964,0.754060769770582,-0.10635465694357957,0.5307851344896608,0.5704736469035949,-0.7960936806705067,-0.11991568747332228,0.720775735210942,0.822507750673522,0.7371679618076629,0.744995215074204,0.7390547010144403,-0.42774796034568807,-0.4981421014754337,0.7831591456994054,0.7333298418315272,0.44803996106406974,-0.09496877716810724,0.3050229786945273,0.7813281066849802,0.9077851223905924,0.8960343273068843,-0.5396476863815836,0.6062667743746621,0.7715508455958,0.6370684565419736,-0.624576763071077,0.8299731177600587,0.7202072877834838,0.04831010253906221,0.8108168696106761,0.9433062280534241,0.929651075737025,0.47743970368089284,0.6934922096329056,0.88407973524497,0.8561917205687674,-0.8177431237189533,-0.8206951089574077,-0.5823380573440705,-0.8358146293116038,-0.4236162391983607,-0.4465893070694727,0.8933688602428747,0.8789731676210402,0.7507762124728007,0.29754406825317853
0.5350029112170238,0.0,0.6794408077284706,0.4843496697797368,0.4727582802744914,0.7115319226048024,0.6812388416078139,0.5875458250580471,0.7825687107671552,0.36317022688557093,-0.48543003181304994,-0.26640774393217853,0.326994015690799,0.11642732167672021,0.2840390428043911,0.626244430500983,0.2522807806124531,0.3299038267188949,0.4043559385229404,0.6776005712376864,0.0876297052419857,0.40136868883599586,0.039131438592994845,-0.3098925412290154,-0.222335725754437,-0.4976171998247264,-0.297375227209808,-0.24880966935495608,0.34462076196557684,0.5668372696900478,0.21992817577739912,0.2551412433380417,0.4637798350060877,0.1800541855696964,-0.1148882713364028,0.7865215162426682,0.0808562546254385,0.529772622877153,0.5639834593452708,0.6641783044801212,0.0884488789188285,-0.4730987845281595,-0.3883035970205967,-0.12677554664272106,-0.5077188267142182,-0.13260971537036628,-0.20046578779525667,0.1889152337160781,0.5618556345906505,0.5309120693270268,0.017498651851334764,0.7358676830338972,0.03326456878799841,0.5948496318822287,0.6991665499392233,0.47140003689531984,0.5537332885053008,0.6659538793413287,-0.4742315135167831,-0.3474918418195594,0.2026702185820419,0.5898323959018809,0.646169902057788,0.6487637562304971,0.5930952914420873,0.27205837901800745,-0.03926001507765847,0.5766188606419026,0.49585801278512665,0.3646359490822416,0.3888537297737988,0.46598941363922597,0.6239667462825567,0.5406147940427235,0.36032026197704625,-0.463144214131699,0.5671462248510709,0.5488869858825162,0.17578156444087922,-0.2996579272558834,0.39001748090644467,0.18071795586518133,-0.653091974096929,0.39501880490693264,0.265212029260901,0.3864207351229185,-0.049764193023744706,0.21298729021094678,0.465864218504848,0.27220764550760335,-0.3379819625578141,-0.419175173935653,-0.1967942922563367,-0.5076101575546152,-0.5875386995478258,-0.6503690948714702,0.33334002526152845,0.3340694706284452,0.4763948876624739,0.15181096516271175
0.7440180822125417,0.6794408077284706,0.0,0.793261177457833,0.034796597820325195,0.9200671798441773,0.8913151204677711,0.8670376097984734,0.6055446189011299,0.695517294264801,-0.43152351258089283,-0.27152850491593045,-0.044666504096812984,-0.2972078757122829,0.04108086036466066,0.7937147296612956,-0.14260813530099817,-0.07447099603825304,-0.008682467584113502,0.5521550875073983,-0.3916158090437837,0.01969451461326472,-0.400268140734684,-0.6812485372190132,-0.33335848039890276,-0.48098822249851947,-0.6961437223095246,-0.618602539565439,0.018148807631202732,0.3805348613468853,0.6525588732476625,0.3911478764186263,0.7124071955722364,-0.21840654193058393,-0.569227475321248,0.8100561465860155,-0.0336903898492409,0.7566312719120009,0.7429055383417233,0.6087998963502195,-0.25705836229992535,-0.5524917538884219,-0.691114788898744,0.0751271086466982,-0.6704567736824264,-0.5716363513434161,-0.6333477761397576,-0.2038046824364799,0.7932589890932508,0.5435826369268429,0.1928329365873075,0.9192313505790873,-0.3955569473832775,0.3572957451652181,0.9050206857965467,0.5872289940701781,0.8195977769212938,0.8800816015884808,-0.5014603752530818,-0.0048995291029856995,0.6375315322366427,0.7686646400722339,0.8061073597735295,0.7968475244895857,0.8304377456776758,0.023771580493848015,-0.4185106962180677,0.5980781860464367,0.4678253063314019,0.1715748767756195,-0.004075023301871138,0.2370740988340641,0.81489349390639,0.7577482618113327,0.6959717982673247,-0.32767733285351847,0.5850419638879046,0.7335466721082667,0.5379901193521663,-0.6961304450650375,0.47802900144438537,0.21633884069169163,-0.5680258905572366,0.4361222129291755,0.572111645759575,0.6742278733973177,-0.022971783240503387,0.38468825245670074,0.6888389208418401,0.3774281139982025,-0.7005215561755239,-0.6604589616151212,-0.5811635106644496,-0.6479350293664766,-0.367575650742413,-0.5805419923188495,0.5216650644294468,0.5207138084479027,0.8022025709880163,0.10957040930814675
0.8659440630638311,0.4843496697797368,0.793261177457833,0.0,-0.28207735739994294,0.8877673007585346,0.9060103426380739,0.9059190892691305,0.21597299241937762,0.7588594660482371,-0.4885246686965596,-0.43877138078291844,-0.3061730856400667,-0.5988177792961611,-0.21035358242240107,0.8776635491207494,-0.2319638933741467,-0.19787295456170514,-0.15704171837403857,0.46540323147990725,-0.63820043984265,-0.14886502468436286,-0.6551472707940794,-0.8356803399885213,-0.507627293150557,-0.5545380630937664,-0.8736928898630107,-0.7561682073993459,-0.16319453809259343,0.33338468634249885,0.8651944040197587,0.6539920610691651,0.9050597599088409,-0.2819431340363215,-0.6640229756232692,0.7154665849073467,0.06736167836858983,0.9037509696775766,0.8789031773391707,0.6193159957448546,-0.27627759693423204,-0.6456321633323261,-0.7997345995866827,0.07148716408461854,-0.5238264051244464,-0.7460827906063716,-0.8301127291290218,-0.35416245166427435,0.7231398401045779,0.5325460858216349,0.06622190886522321,0.8578289361473334,-0.7539483677532807,-0.08874382787704271,0.8967733701762225,0.3241819078532931,0.7615710124324293,0.8162437170069998,-0.6143359811306462,0.12693575471494942,0.8598196403224323,0.8667395313696894,0.8671717907480921,0.8600457980194294,0.8992888865974237,-0.18854651467035016,-0.6812097487486446,0.6828367019166005,0.5844368805133163,0.18931837167221532,-0.18784594355426196,0.24695420678214897,0.9047262212836156,0.8841500929070787,0.9267414060337811,-0.3353820339851458,0.5912031255953965,0.8614018539108942,0.6955050092014602,-0.8326412944510154,0.6970473194571498,0.4292189491726712,-0.3151668637963168,0.6487984561064879,0.8455695558898246,0.8982824507041595,0.14895217732432942,0.5867713737485601,0.7951071465840419,0.6118753573666106,-0.9002149576789599,-0.8434678328947061,-0.7527939157480266,-0.773066119098695,-0.28903684747975406,-0.4816758389939661,0.7441267811132073,0.7204950353163091,0.8356631013308374,0.07052328676906704
-0.2998372637469142,0.4727582802744914,0.034796597820325195,-0.28207735739994294,0.0,0.08504953702560952,0.0751852617931549,-0.04196299191948289,0.5582098023135115,-0.20106575967010834,-0.14153160593131656,-0.06327875678856944,0.574301726408795,0.475666525469369,0.36959446680656266,0.10257368595749758,0.5405082576660983,0.6207772277109644,0.6083192539471595,0.46542943411270177,0.5507813257616543,0.6482592629190584,0.5178257831373352,0.36487782875279595,-0.026039544762716912,-0.14678187031081882,0.344944244580887,0.3151318112796278,0.5202281418468815,0.44557163563513286,-0.36182416387284183,0.026203356781376388,-0.07126589094612938,0.5521084757010818,0.4872833214911839,0.3428782570270495,0.20623326835122238,-0.02875278785879503,0.028047015576918063,0.3387663117688125,0.4918581994178104,-0.105898463802402,0.23316645904354538,-0.19707673278155147,0.08100828719801181,0.4628211792110623,0.41509792808076607,0.5631683248725935,0.060966706042620264,0.27418593794609414,-0.34253357260354245,0.11918360363225089,0.5187994257276912,0.6631466538238037,0.1388371215189747,0.10975695702157305,-0.0554359416782536,0.05360771337274976,-0.16998358823288112,-0.4202863949981147,-0.35558594246853314,0.04090477994205923,0.08455981305519698,0.10411777869763947,-0.04395284227700755,0.39313899901573984,0.5022685884788737,0.18507421094768117,0.23029705049775595,0.38687716572444275,0.6089219451316819,0.4689528425021765,0.06096523494294104,-0.016876352039018782,-0.18493142523541703,-0.28950980761695844,0.1805145318616417,0.014949945591731437,-0.41939619510458676,0.34583587222894446,0.0946589707277686,0.05861973149841276,-0.33978663895238187,0.16161018985752829,-0.20168773285861077,-0.14621394935308504,-0.01518541369731402,-0.03986453652587048,-0.020930223491831466,0.03058940298537812,0.27589512883622563,0.048826201536299095,0.3438901676542566,-0.050530931712421054,-0.4605146925706719,-0.29633263305700736,-0.04797325153511969,-0.04526604261575624,-0.1273107159827778,0.18479052421871525
0.7055049794020715,0.7115319226048024,0.9200671798441773,0.8877673007585346,0.08504953702560952,0.0,0.8575336767058536,0.8296891631879626,0.659011259841254,0.7104274419690028,-0.3672366462478026,-0.19298225670384336,0.034732803288346,-0.20294326158684903,0.13990340047726144,0.7562586654267726,-0.11175240396540538,-0.044430079746418376,0.03237718708909319,0.5518153079030477,-0.31930891843387604,0.10659204417313778,-0.309437514495074,-0.6022112411244092,-0.2902382919481288,-0.42442201303866356,-0.6353960131474519,-0.541575725402385,0.038529799289122035,0.47843261029627915,0.6187325077161708,0.3302733340497494,0.6674060953967645,-0.19301006629260692,-0.4900734470168041,0.7941606616199635,-0.07407832853020156,0.7218384984722982,0.7132543883044411,0.6032384565166449,-0.24913682444441085,-0.48038979986153446,-0.5977039042046199,0.11085564099717775,-0.5656777586894218,-0.5168298842830275,-0.5696619709571572,-0.1513152714253567,0.746890333598057,0.5130164840760882,0.1254228277764659,0.8994776389704874,-0.3464344343751058,0.42743708789573187,0.8722819572208668,0.6259848892234088,0.7964314576904666,0.8731925379157831,-0.4407908178406398,0.01674739604045767,0.5980617759345886,0.7366371275810202,0.7958539764315568,0.78418446961328,0.8159435846964399,0.12758937593424222,-0.3969624368608181,0.5540471713466162,0.4301135938234549,0.1455002796157744,0.03289445562132833,0.2538362650093414,0.7986031125476435,0.711819208201106,0.6418427753659905,-0.2848202085060034,0.5665218253185356,0.7206834883167973,0.5105773775186511,-0.6603390203784719,0.4344298220202551,0.16137862269395079,-0.6093246451502919,0.4074136669774396,0.505306008542971,0.6150761987283546,-0.0819457698527439,0.3497815617437671,0.6251889173258001,0.3187292681870509,-0.6472491273685498,-0.6122087631081397,-0.5279431186913617,-0.5835558038357895,-0.3400542727315632,-0.5416393795915011,0.4642213567512557,0.4597601789937618,0.7521906733173099,0.07462139133650687
0.8012654439658533,0.6812388416078139,0.8913151204677711,0.9060103426380739,0.0751852617931549,0.8575336767058536,0.0,0.8585506393615804,0.5409494982367298,0.6835090064738324,-0.5616667503794732,-0.3799059646919971,-0.09451017155088938,-0.34043657894782076,-0.05548949497137078,0.8389169542105374,-0.06305598434328091,0.012850615966627807,0.06827392492539193,0.590222565399658,-0.371874595824078,0.041344938520283224,-0.41649007658896003,-0.6961115074425168,-0.30474342159077134,-0.5868753141785076,-0.6928689587412304,-0.6471866139941073,0.010069660174811625,0.3906033082881948,0.6032989230120023,0.48510770062436975,0.7585166116042775,-0.12632428381073163,-0.4980405058908638,0.8162063481785329,0.010599143884295148,0.795932634927511,0.7977224109743548,0.7010527269809433,-0.16879582714317087,-0.581710089258478,-0.6612065840472099,-0.03318019951237982,-0.6531729462265701,-0.5432048957990419,-0.6206186641984028,-0.16122504767564066,0.7338515382370298,0.5611571401039945,0.09638275165855681,0.9033518410141279,-0.4211759981280831,0.2216843451110356,0.8689705231156826,0.4327421448451472,0.7749733279082086,0.8431375690258963,-0.5914248161183898,-0.09740710307884395,0.6147283643172505,0.7766563976360196,0.8072759469265923,0.8051373257517491,0.8148658529496101,-0.06783219215223205,-0.42307080323632407,0.666890155701328,0.553872954095765,0.25818042509019407,0.03046787465047406,0.27559675299855546,0.8093770861563478,0.815745336816978,0.7112669708486584,-0.40913398726517886,0.5734984562226993,0.7382766026000656,0.5236749765329323,-0.6760281122037747,0.5474114147696639,0.2995509311285699,-0.5002092674331733,0.5340985063561693,0.617810563794995,0.7135843227216078,0.007828609665441908,0.37382948629520296,0.70996784934638,0.4679212968128399,-0.7230931918974651,-0.6803216226535134,-0.5756194446168589,-0.6795093242225185,-0.46000765142623423,-0.6479762362427227,0.5845692340104249,0.5739539863597839,0.7607541931588455,0.10565467644027614
0.7780044578248395,0.5875458250580471,0.8670376097984734,0.9059190892691305,-0.04196299191948289,0.8296891631879626,0.8585506393615804,0.0,0.4908014217913756,0.7229767853938475,-0.42420333882355526,-0.2727067542920488,-0.3360985310397616,-0.5182381983141384,-0.26811989456721286,0.7396670551535084,-0.3393367132977312,-0.243002313849516,-0.20189346336156397,0.33032488129649235,-0.5663506369407816,-0.17092336974501035,-0.5830917533686797,-0.7363455823477986,-0.17903515646653473,-0.4247791956922216,-0.7784017590115571,-0.8019701659246391,-0.28520980291874876,0.16516415935038287,0.6540093603322955,0.41690372355797045,0.6946668767831292,-0.3592123369132602,-0.6162637691877544,0.6354255978714942,-0.22009636188016496,0.7129561492303241,0.6931318403321296,0.47713553023703315,-0.4003657826397994,-0.44257384029830166,-0.6398564294637691,-0.07984745631608287,-0.6703079324530751,-0.7045268390888302,-0.7250021457045918,-0.437768708441514,0.6353672583154684,0.3169726630785863,0.224876134120558,0.8628848985796463,-0.5427821400442937,0.17506572721369254,0.8174711196660888,0.47121805746885975,0.8851584351819489,0.8982207502735856,-0.454797678751012,0.13124545648654512,0.7160352174456245,0.6476485835114726,0.6851947603287706,0.6800937485365582,0.7387078071536429,-0.2902576919049618,-0.5652334550769935,0.49184910754669087,0.38310221348603224,0.015948190199697933,-0.2504907250657241,0.023011799945332184,0.7161581653358667,0.7501712080742106,0.7199403174097458,-0.191672982820098,0.33753147353578106,0.6081657662868252,0.5258681336310768,-0.7788305803379935,0.4369219603323345,0.14340543030285868,-0.38202185817177026,0.4196538592880661,0.6022271572969141,0.6855773323965737,-0.1647179605222608,0.2126532907531311,0.5999099760837954,0.36144302586516713,-0.7850448651294754,-0.6347951399117033,-0.737281840446146,-0.5778136047913128,-0.23543160689232356,-0.6360538235592481,0.4634225365147515,0.4495160352348149,0.7160633936644121,-0.12613940825777845
-0.08646658400361265,0.7825687107671552,0.6055446189011299,0.21597299241937762,0.5582098023135115,0.659011259841254,0.5409494982367298,0.4908014217913756,0.0,0.272034069007465,-0.1046845434197054,0.16145255471102363,0.367432032261832,0.33719061808896117,0.3775164372803629,0.2339579510736139,0.1068971800968763,0.19869165468180489,0.27878896619662136,0.33128795318342674,0.24094577968659622,0.4021837989072057,0.2604985367074691,0.01579782456790143,0.16902087821746228,-0.07043819354022988,-0.02463783848754057,-0.06089665972851582,0.16861220033061722,0.41687114784320667,-0.05324932728626537,-0.1994489648687978,0.050492029781573786,0.05664778010583612,0.061595177152456985,0.43867854637303816,-0.2855764148888982,0.11914663608177209,0.16011078476886603,0.29813977928201846,-0.0687943734662898,-0.013309410701587424,0.03900308468609344,-0.07337866751175914,-0.33742182249668956,0.01939476232334847,0.05366283498718313,0.14612530876056803,0.27232071714743655,0.12696133450012267,0.018493557380262055,0.4798944820366851,0.28267477990641093,0.7943214892812361,0.3864713775857628,0.6179059467990737,0.4680882620822246,0.527385973683888,-0.036388374317520976,-0.14821816168143953,-0.026255520743126298,0.15616573588713428,0.27780635738458836,0.2762466852652116,0.26290000936585695,0.3379348899509026,0.08957248677164786,0.1308543697474941,0.06058310161546229,-0.0024227903559716595,0.2575164901999477,0.13838223967505667,0.2424850415229965,0.14449182342837066,-0.0263700208387937,-0.08058703791684882,0.13913674671612697,0.14151911943037213,-0.075408485793307,-0.14138917273066948,-0.07925467149466345,-0.2811433609463454,-0.6522442167271281,-0.05741587287606496,-0.17455113594855973,-0.03556939664915553,-0.4444829063018118,-0.24398758466128057,0.025825259275308265,-0.19821857217807828,-0.04582823064873965,-0.018039760739656855,-0.06152105856172073,-0.06583997283295183,-0.2656089136369805,-0.4848791258108102,-0.14500680040010827,-0.14323209773789583,0.16548656784385984,-0.13425195810903814
0.4867117339476199,0.36317022688557093,0.695517294264801,0.7588594660482371,-0.20106575967010834,0.7104274419690028,0.6835090064738324,0.7229767853938475,0.272034069007465,0.0,0.06684906897384207,0.20342889638312683,-0.16092037829292813,-0.18468085975006576,0.12802618783429848,0.3681002267317382,-0.35864546326576024,-0.3250843039131995,-0.2763367494327286,0.126936925817436,-0.37432148014457034,-0.13912946960566172,-0.2916907822301806,-0.42816847874823827,0.11292433928338287,0.048928564446147245,-0.4689608058646357,-0.36117059893101194,-0.2196546411340735,0.2774355977459572,0.5914785074311781,0.013119293583904236,0.40178485979863293,-0.4156225938568136,-0.437526138574901,0.3517060109864844,-0.2621321381518834,0.42890575151097793,0.39167563696314356,0.22285094416582935,-0.4146625845536086,0.04669132069169341,-0.16793146215055588,0.5279285560695074,-0.04908690017081792,-0.4542368749458834,-0.4402097113129173,-0.21218801567782897,0.5189262979212365,0.20321937328274783,-0.05027351246376786,0.4737814907539038,-0.3926965054013701,0.07819762382954543,0.46211758199164976,0.5409944620565615,0.5419742382770485,0.5612978986400845,0.017878275713666607,0.4132348379539057,0.5627506967353373,0.36616896761793255,0.43644597034055965,0.41566502025376617,0.5405453481663651,0.09816350775085121,-0.4484421394027017,0.11226392309654425,-0.018154155521405053,-0.22847051397845805,-0.27394706823258574,-0.16541288718729233,0.4492770242675205,0.38097119501039833,0.4001185831428561,0.21872601432953787,0.18123721433992146,0.4260906994654715,0.58092058544931,-0.6018938339902477,0.047110836755436085,-0.11035287716837923,-0.27789302015930045,0.03312683873160489,0.29980732275617494,0.3671481147239419,-0.19016431849109247,0.1771916375433318,0.3146795889233207,0.007829914442461824,-0.45871288626576967,-0.25099895729316357,-0.41338678864937445,-0.10133772209633307,0.20948484875679788,0.03626043726892937,0.24044907570247404,0.20503197494122843,0.5772047497069245,-0.03030946180835613
-0.7042134225128576,-0.48543003181304994,-0.43152351258089283,-0.4885246686965596,-0.14153160593131656,-0.3672366462478026,-0.5616667503794732,-0.42420333882355526,-0.1046845434197054,0.06684906897384207,0.0,0.7455074029492518,0.08763597896910717,0.18571222141492824,0.2274434766070713,-0.5117961426994496,-0.3566899357255082,-0.38743218525463186,-0.4127193803813639,-0.4891145112309778,-0.04036910491107647,-0.08308193932725753,0.16173861791529479,0.3753717747958688,0.17405600553358622,0.7859926177812444,0.2276832318392538,0.279577065752092,-0.23480777963477517,-0.2009204874459405,-0.08214439729610307,-0.5577724962535474,-0.4542234562499989,-0.3336651201125391,0.018622686130599572,-0.4668053361068456,-0.3665926860657429,-0.4729769537330022,-0.5415058447610923,-0.649659022235521,-0.32398120319635787,0.5361591881829538,0.3814242358538495,0.5163191089863294,0.26930951482442333,0.050479707020543114,0.17049833768642783,-0.14293415029705808,-0.13908294445009167,-0.43032022385573804,-0.2594025924497183,-0.39097335312571396,0.09285877308695578,0.17475660048593694,-0.306155204559408,0.33961557976886775,-0.1676728970905727,-0.25397605165086246,0.6786554584703239,0.6928079432825847,-0.023006487472043362,-0.42050284611238914,-0.3825613181527161,-0.40695908924184604,-0.3318289882947065,0.2239149487972382,0.016470329957761105,-0.6876281605345776,-0.6834844448579195,-0.6090404655322263,-0.3560651270207552,-0.42149413059578195,-0.37722596761185473,-0.5667109373675066,-0.31180901804858663,0.7082059111652347,-0.4508161026374574,-0.38629405940497574,-0.20311305454705114,0.06461564270186525,-0.5583151704602695,-0.572368328315639,-0.08568970368919201,-0.6126944455121673,-0.42145995945913317,-0.4333720443884691,-0.33143411546793544,-0.2514188248260342,-0.4630676547006549,-0.6132048422271881,0.26421794033867635,0.28154306299753135,-0.0009824798199057517,0.5283996462111457,0.6316110780737194,0.5700095691197462,-0.5221165032898132,-0.5066369907118794,-0.19044615488716035,-0.2505342933508162
-0.7339312002351944,-0.26640774393217853,-0.27152850491593045,-0.43877138078291844,-0.06327875678856944,-0.19298225670384336,-0.3799059646919971,-0.2727067542920488,0.16145255471102363,0.20342889638312683,0.7455074029492518,0.0,0.17712202759268775,0.35433242212663707,0.4201624952601703,-0.4654812153440782,-0.38321332553629234,-0.394806464099664,-0.34668286674582727,-0.42549293801144694,0.06109570576284081,-0.016437475337686164,0.26449107741103967,0.34047144901307036,0.4559309451650372,0.802955905178309,0.22079771148260116,0.2653095971778268,-0.21693514273291106,-0.0537418674922466,-0.06989324258982972,-0.7421753675051702,-0.46728363969924924,-0.4054453222299181,0.0019309343366249474,-0.345624958484887,-0.5704343125679923,-0.44431457262061624,-0.4939843098543451,-0.5442875854236306,-0.448381965736466,0.6759905657363517,0.4721225994383481,0.5957098605428574,0.1934345539736012,0.04556222276245513,0.19322507656998344,-0.10807688100581223,-0.06310115714016179,-0.42070825212094404,-0.1409018675543221,-0.2153066430474772,0.21136889064219147,0.4041688950585871,-0.2323153490354142,0.6018186492241845,0.03112895897533277,-0.03593253737936453,0.7622561627413408,0.6475111901906784,-0.04570238733078045,-0.4086247364739084,-0.30455046811475367,-0.3340145888570643,-0.21320711849128263,0.37750801837816783,0.02965291432044181,-0.6729927821337763,-0.7336349228879944,-0.6847458890836592,-0.2921628926548065,-0.48435897571621106,-0.31890948284711157,-0.5078430057030277,-0.37733579927550465,0.7606872607397603,-0.42649555115378396,-0.34975472173815103,-0.08476615376334781,-0.015002894642458542,-0.6980762229999476,-0.7539520268743746,-0.27757006867522166,-0.7363553100041833,-0.5350739517765812,-0.4856970916162516,-0.5639145144811192,-0.4147326566853078,-0.49115343147916285,-0.7591120621839752,0.2763252635143972,0.420720736971379,0.03370600620973833,0.6206348069244821,0.6442215692311745,0.4761671288666811,-0.6095467594373888,-0.6064622448208735,-0.11495727826721629,-0.3016097573484451
-0.4343509368891256,0.326994015690799,-0.044666504096812984,-0.3061730856400667,0.574301726408795,0.034732803288346,-0.09451017155088938,-0.3360985310397616,0.367432032261832,-0.16092037829292813,0.08763597896910717,0.17712202759268775,0.0,0.7441825706147378,0.8216725525710872,0.007191077387046167,0.6239362287298579,0.570487053950893,0.6538700649411406,0.48251631045745463,0.654948939885027,0.7728999050330302,0.7018363787425956,0.43142190307366113,-0.3151259449686727,-0.009639084118053356,0.40519894152028096,0.5896208268199512,0.7122120454009256,0.6749847211298323,-0.29976878029840537,-0.20801970057569208,-0.13008548647127774,0.525046697843004,0.46611052551636006,0.2907648765321313,0.2777977346987114,-0.0839036785736862,-0.025277136095565422,0.27328287688787406,0.4350733007867507,-0.1385385018596811,0.17517482031387363,0.1285715650695891,0.07236621562359659,0.5084172208165172,0.4606996163428154,0.6923515090299677,0.09520796133218079,0.32883286677103984,-0.4389023597318089,0.017009383507641508,0.5092772541226884,0.6292529776408534,0.08109408126399811,0.29552473566053555,-0.250054356542068,-0.1135134819529243,-0.018000183438658283,-0.34588191919683114,-0.37751391104482823,0.09982037085371856,0.17025000461838258,0.17645038389443868,0.054373920273833615,0.8517531263313238,0.40378684266512016,0.12969157523898903,0.14186274621743034,0.2999214648014184,0.6837679447441868,0.5906550290851444,0.10421566928939968,-0.17511889595767982,-0.24677795136863565,-0.2725595479989907,0.37860507642405894,0.13626690861106314,-0.3484126257081331,0.31766927554957514,0.0005419827470302265,-0.028276503200327766,-0.6426218920027754,-0.019235307978672393,-0.3240614504599137,-0.23472499362808594,0.03138858453567432,0.13784106016132205,-0.08784886625700425,-0.14732798732612168,0.3516333774817314,0.01734478019846821,0.41268718686938427,-0.0535428572387346,-0.3918372383631946,-0.03628984518226834,-0.11409098578547855,-0.09483888018164059,-0.10563069665191822,0.26377666108558484
-0.723926206232646,0.11642732167672021,-0.2972078757122829,-0.5988177792961611,0.475666525469369,-0.20294326158684903,-0.34043657894782076,-0.5182381983141384,0.33719061808896117,-0.18468085975006576,0.18571222141492824,0.35433242212663707,0.7441825706147378,0.0,0.8797359362299471,-0.2480451721935866,0.5393933727738646,0.4849025879426898,0.5852102503281051,0.25733625469954974,0.7732059415852378,0.6913371300274499,0.82052602848009,0.5673929512039245,0.08682344370026444,0.18498288414175826,0.5781578408861567,0.7210616655239812,0.6294656114284601,0.5752532387778438,-0.4352573291047789,-0.4902679081036535,-0.37610399014001833,0.4361771503047953,0.557937205870957,0.07030364375047317,0.08477926687463276,-0.3134048636397886,-0.2471086370300579,0.0878234434754664,0.3375318436629393,0.20262745008774263,0.4622814013808522,0.19029675791215742,0.28302436061357983,0.6204362200772964,0.6275139302099482,0.6758670136910706,-0.1113449145262644,0.09057458832647625,-0.2504386090650602,-0.1586976839943445,0.6651823856204524,0.6106102901610195,-0.17834157872076203,0.3095636598867069,-0.3242997483289461,-0.21767427793017197,0.2557273423037938,-0.3307425673221103,-0.5601813105502412,-0.16807318714631764,-0.06792530367044879,-0.06810171243141813,-0.1361161135286229,0.8753932494582147,0.475627640521057,-0.10324252953042423,-0.1057870656652936,0.11036875041080214,0.623202846527353,0.34812289945390307,-0.15006692062940488,-0.3739684071435772,-0.5164733528522932,-0.06430440377468506,0.16053242872767845,-0.0996697207046739,-0.35612773688330907,0.441745933585941,-0.2984081359260829,-0.261158458042098,-0.5017040984664496,-0.305730839859205,-0.575066677420615,-0.48454988564308454,-0.14294843494654208,-0.14077835726791163,-0.33469688243398815,-0.4017933254688861,0.5589605637380562,0.3808371947307457,0.5948912061162277,0.2694573213873449,-0.1687273786136803,0.12673978134126793,-0.3599696233953677,-0.34875107760748575,-0.2887913649104345,0.14844840202268944
-0.4605750416859408,0.2840390428043911,0.04108086036466066,-0.21035358242240107,0.36959446680656266,0.13990340047726144,-0.05548949497137078,-0.26811989456721286,0.3775164372803629,0.12802618783429848,0.2274434766070713,0.4201624952601703,0.8216725525710872,0.8797359362299471,0.0,0.0012728768727430539,0.34582841343258636,0.2651633663418841,0.38409495485947315,0.35217048609613993,0.45418114027313206,0.5144447847110485,0.5374353919848525,0.24050416557561705,-0.10947358891537999,0.11746647039573299,0.24786810701662007,0.5052931277817442,0.5605528511977715,0.6620939276341342,0.00012859395964979453,-0.3206792288359179,-0.06718544843853945,0.2061611212408807,0.20828969263725627,0.26613964569930365,0.14166144835655414,-0.0022561135767584987,0.02914813160606274,0.2011839410460043,0.14869606223509552,0.043071024471884836,0.16556382798361022,0.48325244410951573,0.21598449006688913,0.309270629393624,0.28433600772480927,0.5078517146678324,0.23319388544721362,0.2933031016543728,-0.1941880015390277,0.08312568615261971,0.32601005999687066,0.5127613032127973,0.1219329122084771,0.4937272936822069,-0.10094140617987526,0.011621455400467252,0.15743419496399744,-0.11138008930331875,-0.1762866853686837,0.14519109298924357,0.22896100163565608,0.2125459498508331,0.20176519008183957,0.8779679873231787,0.19474798391146883,0.050127298603720845,-0.009290952916035803,0.08973990668105321,0.4630495952283508,0.35401342927687807,0.164459889465014,-0.1023702923902222,-0.17242605407315137,-0.05248699543794484,0.39827283445635475,0.23325700821556578,0.03845551516225896,0.1107511353357697,-0.11860469020197459,-0.12772245851645087,-0.5357768111542404,-0.16383921959367348,-0.2507205989788552,-0.16427844388562504,-0.001650895331836941,0.19116575554568294,-0.024437046270884357,-0.2152105172825514,0.23984501237222364,0.1022783087557499,0.3444743979562841,0.06717295106874287,-0.0692207224890209,0.21960044222693234,-0.07368360749234569,-0.06488104695108822,0.09655494290074759,0.2654503223962121
0.8575499667095965,0.626244430500983,0.7937147296612956,0.8776635491207494,0.10257368595749758,0.7562586654267726,0.8389169542105374,0.7396670551535084,0.2339579510736139,0.3681002267317382,-0.5117961426994496,-0.4654812153440782,0.007191077387046167,-0.2480451721935866,0.0012728768727430539,0.0,0.18286898179233754,0.24075325644521536,0.26736678687397397,0.7481561562876422,-0.2666228996943222,0.19820556892762836,-0.34623882110279425,-0.6200127799156111,-0.526143545296941,-0.7265700748059953,-0.6177827186741981,-0.5219929396938864,0.19474419388935688,0.5378953417292244,0.5729807671613711,0.7043457622385553,0.8504545508308734,0.12832741108141651,-0.33128912848254205,0.8642199842246098,0.3092041848049148,0.869322811749224,0.8871010021563067,0.8511506665142904,0.11980765533207267,-0.7401673250661158,-0.6576893651099114,-0.08486605886780313,-0.44424800420724153,-0.40151005127315925,-0.5376451643346146,0.04701739329017633,0.6904886807261303,0.7254143256605287,-0.14649836606502253,0.815882166164145,-0.4306983538109446,0.09125169973264133,0.8557580881039638,0.17763766572547354,0.5733393934755706,0.6909135732345619,-0.7695715823298648,-0.2499502751277916,0.5634808895305484,0.8626101423276921,0.8623671854523663,0.871025324720396,0.8142676799742485,-0.008614880495547572,-0.3397147988274048,0.8255718736092788,0.7642401124361627,0.5166239004218002,0.21917086461421442,0.5419688572523267,0.8710952068842361,0.8646954904481164,0.7686716303939445,-0.5982453812805973,0.7159910921081366,0.8362969215812892,0.45193060719334427,-0.5499336609982917,0.7696106469007774,0.569080549200998,-0.39716698665073513,0.7741269023681115,0.7356440977612897,0.8003877754733304,0.27110067180899067,0.5994114002322843,0.7936826905991973,0.6928532604728301,-0.6884080545655518,-0.7830519786291691,-0.4576151437172347,-0.8033858686054548,-0.6182650386366101,-0.6036474508863485,0.76975836925896,0.7477489223157601,0.7071825532308385,0.274541035967288
-0.08058886148081544,0.2522807806124531,-0.14260813530099817,-0.2319638933741467,0.5405082576660983,-0.11175240396540538,-0.06305598434328091,-0.3393367132977312,0.1068971800968763,-0.35864546326576024,-0.3566899357255082,-0.38321332553629234,0.6239362287298579,0.5393933727738646,0.34582841343258636,0.18286898179233754,0.0,0.8764479005103154,0.8829524986107193,0.6266277295109126,0.6952683402275639,0.7775438918486047,0.6011879030935843,0.37699480432941335,-0.38823858559332364,-0.41891894457442197,0.4292511428557094,0.5184089005287267,0.8006502461325625,0.6020704063168844,-0.40356275491428034,0.24224945655255975,0.03421138966090432,0.8715203371922734,0.6514772221441992,0.32020092265274447,0.6460436612501004,0.046818845564305336,0.14176641736582754,0.5302948396382196,0.8295414960899551,-0.3765288580742381,0.1412114774168328,-0.26570666124821457,0.22870699025135685,0.6360681168289624,0.5040949452643008,0.8273835327886374,-0.06729943838705567,0.48396791706545444,-0.4868673444943058,-0.07628539597007887,0.45137712494299137,0.2048242438127159,-0.014246605019816864,-0.3307803937262619,-0.45284969961640753,-0.2898699284932213,-0.4115616800362741,-0.7522709672365812,-0.48385648466176684,0.1602920573190186,0.14919805093392055,0.18422775376759115,-0.028418059157996056,0.5000581816780099,0.4904484803615715,0.4294420897705792,0.519701808498909,0.7204209133589051,0.8503217928164102,0.8013497772310325,0.09548492547124719,0.015831565991120393,-0.1599471273102152,-0.6495869623567613,0.4409419311781655,0.1594441296104356,-0.41115994453256693,0.4970737032296337,0.35436460724715113,0.43825319035265237,-0.2172425008120239,0.39967970516687074,-0.07499016203390643,-0.04900674607401611,0.4063989282142303,0.2756649119160053,0.08006759149873244,0.2959620419248739,0.3321994937072648,-0.06880173928096349,0.5327895487348253,-0.2533756995304687,-0.7023358998483943,-0.18990318485805158,0.20323206022760346,0.19484707333935133,-0.22374911406966988,0.46067329842712385
-0.0441673478888399,0.3299038267188949,-0.07447099603825304,-0.19787295456170514,0.6207772277109644,-0.044430079746418376,0.012850615966627807,-0.243002313849516,0.19869165468180489,-0.3250843039131995,-0.38743218525463186,-0.394806464099664,0.570487053950893,0.4849025879426898,0.2651633663418841,0.24075325644521536,0.8764479005103154,0.0,0.8697064048368657,0.6513958044119574,0.6559760498687455,0.7644211015698072,0.5574467441626003,0.3616468234660826,-0.29518434796348897,-0.4300042430192642,0.41500049867842015,0.43005330654680946,0.7568236073036746,0.5394890717622501,-0.4366745506432266,0.274124767437614,0.04859334714655286,0.869023426645708,0.6530880881830207,0.3809082400919363,0.6029026841297215,0.07259806443689415,0.15887497773548756,0.5672324706762809,0.8354816824219238,-0.3580813272757693,0.17513377654396886,-0.2953776155165898,0.21272206024159826,0.629964648509583,0.4956389284517997,0.8243155050375408,0.005083716897179186,0.49879912754128786,-0.5362142431944279,-0.016209971705828625,0.49046101767603817,0.31033426842788775,0.043680164092228344,-0.2987998654793226,-0.3722542819133661,-0.2082154869873251,-0.45030887912390727,-0.7411427915205288,-0.47263791610902234,0.14453377275657572,0.1307200350908467,0.16959595831963106,-0.054764160060299716,0.37261450994423595,0.5347055916210492,0.42059002001073736,0.5070164492306806,0.7123096496066348,0.8151827344444905,0.7353336510953649,0.09048641323970913,0.05243681061459363,-0.1507158828910221,-0.6290153372518704,0.3749171913320109,0.11385110176914326,-0.4504869822109339,0.480016797512735,0.3427279886684696,0.41480824217341217,-0.21152243502969428,0.4250969441301028,-0.05845476587130247,-0.03824467484279182,0.35537726015525845,0.21473103821037762,0.10505917502992523,0.29861880825070647,0.30304589558811224,-0.09075833727614314,0.48568339113873893,-0.24347649250715442,-0.7366536444584942,-0.27198959655848376,0.2009135212294028,0.20166632830623574,-0.18133377261167863,0.45346232285839866
-0.07278210164827062,0.4043559385229404,-0.008682467584113502,-0.15704171837403857,0.6083192539471595,0.03237718708909319,0.06827392492539193,-0.20189346336156397,0.27878896619662136,-0.2763367494327286,-0.4127193803813639,-0.34668286674582727,0.6538700649411406,0.5852102503281051,0.38409495485947315,0.26736678687397397,0.8829524986107193,0.8697064048368657,0.0,0.6335022810895059,0.6955295230551972,0.8076120398385883,0.5942254516579087,0.3267301888617525,-0.2818872861132073,-0.43729805721271076,0.3653349864568896,0.43026872478322037,0.7283815366260278,0.6608711239919168,-0.38940477581360544,0.1812606515957125,0.06153341294170077,0.805158053589249,0.6252382848555528,0.385900923735384,0.4788467717820439,0.0879751658790543,0.1912933326583921,0.5839380225789577,0.7257801021128542,-0.34616455685974895,0.14159574489831864,-0.33844355724654746,0.10632009612919059,0.5664947758806396,0.46048034451697545,0.767882262748711,-0.05645148241840876,0.42761933913944733,-0.4274666790604226,0.057701702868856834,0.46323664703106215,0.33299371986732573,0.06925107484932955,-0.18055608595673597,-0.280358591420565,-0.11516573845436731,-0.4086500719087269,-0.7640600362358975,-0.4480185657192274,0.18468058231623138,0.21442328286790313,0.24388235816542064,0.04706683157020059,0.5064296967812277,0.4280266644298295,0.44634420663885227,0.5095141122542365,0.6528354746569565,0.8273282564963236,0.7673315069367289,0.1506161636076059,0.06846626474637167,-0.1460491822377837,-0.633797245021532,0.417335627533946,0.18180038745333438,-0.3889414957204083,0.39669644847847696,0.3199382008265811,0.3267618946286092,-0.361909809778978,0.3699770776747354,-0.10766793837030839,-0.043192723937911445,0.21153785864633248,0.1439596161524299,0.056233301858436655,0.22051306734558968,0.2699089022568612,-0.06386865374517789,0.44747773500462196,-0.26144874477852653,-0.7388160941852675,-0.35828479193457236,0.14246152221722982,0.1323239023569486,-0.19373134217518276,0.3023246165669191
0.4971339646347817,0.6776005712376864,0.5521550875073983,0.46540323147990725,0.46542943411270177,0.5518153079030477,0.590222565399658,0.33032488129649235,0.33128795318342674,0.126936925817436,-0.4891145112309778,-0.42549293801144694,0.48251631045745463,0.25733625469954974,0.35217048609613993,0.7481561562876422,0.6266277295109126,0.6513958044119574,0.6335022810895059,0.0,0.29189724223053787,0.5498214124187217,0.218813252928731,-0.11533614255462177,-0.43503064178910417,-0.5626521707495997,-0.05193824544149426,0.10073964547643166,0.7121899692826642,0.6742453594207855,0.13620943076231812,0.4306438310131359,0.46143402674699113,0.5314354694855579,0.11712800813463557,0.7878376150608585,0.5880520609296168,0.5118254723205222,0.5541954851131484,0.7891605457326906,0.5336946396616524,-0.5598610905172965,-0.27006393854829713,0.09118241305338128,-0.0984540879024209,0.19638913895696516,0.026699931887667113,0.6014599641898072,0.5835659625520132,0.8207264819514455,-0.283809377337185,0.4806608076949559,0.15845860541907733,0.3949516015304874,0.5558474664530879,0.125752771699801,0.0940406866262884,0.2482384895184102,-0.5687061426777146,-0.5241068319548827,0.02573006844899944,0.6003730822150432,0.5899163333367485,0.6023945701393606,0.47363406763262317,0.455243566185395,0.2562221666563616,0.6583406490359824,0.63511379529201,0.7021734934067466,0.6791609467777344,0.7317391598579589,0.5539931270928294,0.49135740239706277,0.2918021478096519,-0.6370159767423011,0.7468244121306689,0.5846322175440372,0.11217901636295413,0.01355729366306405,0.5266917872416098,0.5240967354411528,-0.40566009106629114,0.5478808692533989,0.3176844240520354,0.37099844607641513,0.44642683419027146,0.5794567209431764,0.5635506789301883,0.4917711632111568,-0.12109213198167279,-0.4065729711770997,0.16328850639955517,-0.5131108063129021,-0.6897553454673787,-0.29083424058738955,0.5424084349118944,0.5461581110989155,0.42653315699287087,0.6252077878389293
