0,1,2,3,4,5,6,7,8,9,10,11,12,13,14,15,16,17,18,19,20,21,22,23,24,25,26,27,28,29,30,31,32,33,34,35,36,37,38,39,40,41,42,43,44,45,46,47,48,49,50,51,52,53,54,55,56,57,58,59,60,61,62,63,64,65,66,67,68,69,70,71,72,73,74,75,76,77,78,79,80,81,82,83,84,85,86,87,88,89,90,91,92,93,94,95,96,97,98,99
0.0,0.22747664885480268,0.20457970733045547,0.4405131996924896,0.16712348806698563,0.35220617695701495,0.6410272883012217,0.4642082940718752,0.3569309396534093,0.2717474529236253,0.394333009809883,0.3576033342197833,0.44068773880284656,0.2597062508368891,0.3255443006886904,0.7427061688288411,0.10706377121933489,0.22654693857592434,0.05653660607954855,-0.008701829428560513,0.47185859345628284,-0.129926737104119,-0.006158976797881613,-0.03076241669181877,0.3760492852773549,-0.038002281287721804,-0.254162167207444,-0.6441193165296537,-0.07307184013826235,-0.15196731600710273,0.3398922881605005,0.23327500235699766,0.027639218758829253,-0.25291491194992066,-0.19138469206526287,0.08933397405482484,-0.32692947329881034,0.22631441456599136,0.13758637696570528,0.49397190397469304,0.5252890353275339,-0.09679727161897185,-0.03128482156641779,0.2918774178741828,0.12306013197887075,-0.4192639358406489,-0.11960308379418041,-0.1797091522914562,0.4133940296656633,0.2347796084948913,0.24053984917324814,0.20601280939005812,0.14424410388138176,0.16141280174164882,0.18147977145798516,0.2654537046893275,0.21882534822255933,0.2142434114325977,0.2412192134275666,0.29330485855904004,0.16496340989885647,0.247402115467679,0.1272988741291347,0.38294992144206624,0.32220345601946837,0.2444749098145992,0.12312948361648303,0.0708112353890235,-0.43850161337284177,0.16939547895829038,0.20225828012712976,-0.2887736462487464,-0.2940744427076929,0.1694881621171641,-0.3714669380772455,0.32067753744450783,0.08315756088108799,-0.3198237180534451,0.34220743109556895,0.07619687508079483,-0.4670901365642385,0.08102632822206596,-0.12370651465026634,-0.5007725603134126,-0.6411082197615467,-0.026184849633411982,-0.028708093145037052,-0.5658968608808576,0.16798482431037196,0.19159036480258884,0.07669440224688184,0.17403746830743758,-0.054428984737140106,0.41080778882184493,-0.48250922754473424,0.37858514709238555,-0.4225601906867027,-0.5433419315833703,0.41483922004497936,0.35583362442993494
0.22747664885480268,0.0,0.9035186822489147,0.8953226265008071,0.8789135219818918,0.8633331897398583,0.6258076974808657,0.8694532646593682,0.8655032883411463,-0.6632514117666076,0.40109539856915355,0.008834713838883086,0.6191051792761119,0.8519043993134665,0.27142817493153454,0.2997675447886963,0.30744093249068766,0.8959090391553965,-0.25295560814073687,0.7795355954169402,0.7398104172238473,-0.7851708826464238,-0.751540123680744,-0.7768892393457039,-0.6417624701406767,-0.6384466626742816,-0.8694769024090552,-0.26237116695481894,0.7794632126185479,-0.8009896200927596,0.6713814980375188,-0.7766255685677348,-0.795505272784625,0.36725767237542556,-0.7709502820572853,0.7364351902762087,0.3516381988431696,-0.7190726511551152,-0.7068565705329564,-0.27253380184204923,0.5068189466603037,-0.8191428050929835,-0.8668062971552278,0.6870391604546173,-0.06811985393221796,-0.7765838125834217,-0.8669044949697048,-0.7612289287778645,0.7016041996967405,0.8000888444659131,0.8433997928692191,0.9152800092954562,0.9084363897654135,0.9176355167153835,0.885671768858766,0.8938636180444095,0.9211806943476677,0.8954342559474044,0.7986309080179494,0.0376106535147531,0.645974012106208,0.8531092523644718,-0.17043177474477433,0.1401475199760832,0.8819189435362973,0.18877612246195696,0.900505670465537,0.8840616961842765,0.5740642056141991,0.9168240899601433,0.9162379543978234,0.33870419660594403,-0.16383638166869413,0.8553073136268126,0.2693263322585364,-0.12056736762850666,0.8753099797425842,-0.6565795878637142,0.8581307580456448,0.7877710889228254,0.32590783488618524,0.8377448876776018,0.6508885747641774,-0.5562209473631048,-0.3497047217670593,-0.5578950641396433,0.41419330084927486,-0.5591826151056174,0.8477116681726531,0.8270952064285441,0.8254330299749532,0.8429250117232701,-0.40725801646661847,0.6153654446462101,0.04745481406982675,0.7734954546520294,-0.028159672809751412,0.08603932247423424,0.8068645223639774,0.7914249210516997
0.20457970733045547,0.9035186822489147,0.0,0.8703996963859048,0.8855741912836307,0.8953698583869515,0.5570609486795092,0.8614970713555935,0.887363789673013,-0.6980571971111733,0.4492210009358401,-0.006963930892397504,0.6936585961838714,0.9005967411271815,0.3189498438628694,0.20955311621445405,0.34678275820086957,0.9139360809842085,-0.22042106939325298,0.7702175184194634,0.7413784848353409,-0.7977410918733931,-0.7674795352090602,-0.8297285334620635,-0.6578175364190909,-0.6685175645871905,-0.866675639394326,-0.21909386509072296,0.8140538535307746,-0.7675706042422374,0.6714726819902767,-0.7974887701070235,-0.8217931659211516,0.5095609632749143,-0.8024798952943502,0.7964020788118079,0.45060400478174767,-0.7321308728518262,-0.6931002334914221,-0.3195037012816712,0.5864457262280938,-0.8187707538514201,-0.8702705396741919,0.7191953320772635,-0.06883630681627476,-0.7214253445261308,-0.8534377325489563,-0.7787402770792096,0.7600380470652225,0.8741790860610394,0.8526000016153538,0.9235508743612773,0.9115477486123601,0.910447909045221,0.9065569521137526,0.920376103023388,0.926715811332599,0.9091315715214692,0.7951448509209743,-0.026523620731834938,0.6190244323503996,0.8923063014034439,-0.09462430305705158,0.16175212626960514,0.9066980747420677,0.2358423802552763,0.8870605247501917,0.9176858188109385,0.5672927967375581,0.929389626632196,0.9282466590912942,0.34271900669456806,-0.20960288427716678,0.8729683327401956,0.1995541614371027,-0.18217525822253186,0.901628548406525,-0.6702363574148839,0.8578925300528103,0.8143511112465358,0.37348491347176793,0.8895663421492915,0.6727852300832683,-0.5681565875446303,-0.35660136893968947,-0.5590306690199219,0.5174899082793695,-0.5300254591885276,0.8938363545894997,0.8663186394674548,0.8561091449155562,0.8532647810123036,-0.35613908284428825,0.5920908948412575,0.12115718508690394,0.8181081959508173,0.05888127821676182,0.09116304394553117,0.851600327344104,0.8633402949754676
0.4405131996924896,0.8953226265008071,0.8703996963859048,0.0,0.7027210271833483,0.775286289614976,0.8081229896076323,0.8624420910848248,0.7831657344297581,-0.32162249452214065,0.4136303795280136,0.15145106764579813,0.6037944362076262,0.6925083732003195,0.3640497723006794,0.609255790117279,0.16546816706376105,0.7325992587977446,-0.20023319593780992,0.6035654994193573,0.7951511201627798,-0.6505750911275295,-0.5162044832186283,-0.550303539483172,-0.27839789002585813,-0.51763791194247,-0.74114757687481,-0.517945350307399,0.5371992840173968,-0.6545259024977756,0.5428973974697681,-0.4414220219454654,-0.5143015288635688,0.04370351419030566,-0.6609954412491857,0.5672479537770644,0.09576291645457789,-0.37863446131421385,-0.46692235251697983,0.07190323944517725,0.5723382992160903,-0.7151813436527772,-0.6401351430015588,0.6397501753051164,0.13493688130366316,-0.8009460569161951,-0.7127927790709913,-0.6102431271174966,0.6607888635839305,0.6310339877672028,0.6516737038835049,0.7558209418381333,0.6870435971571537,0.7463887976047104,0.7126279732535957,0.7525488729952804,0.7653504149878794,0.7460599483974368,0.6473674016168945,0.21831002622233242,0.5448629938828414,0.7102922381548775,-0.10079955535613984,0.2830775333989018,0.7794445950695038,0.24465552659380121,0.7221406297560908,0.6428673271987211,0.20603594469420708,0.7401518481888915,0.7555432289909263,-0.02987796003327417,-0.2538337217334909,0.6873008778439073,0.20943945694239152,0.09195739717470676,0.6740738780643223,-0.5975683173751757,0.740852117523387,0.5243255871163608,0.03088625074822583,0.5895393448074268,0.3717583344421557,-0.6358867276192355,-0.5708322287998435,-0.4033505984884708,0.31085997468077564,-0.6660263354071868,0.6865285327960384,0.6867380747982879,0.5471659366074401,0.6083660093021449,-0.39078624086296126,0.5616136290780114,-0.31848946545610235,0.6636219108219124,-0.335352394978584,-0.21039162177822657,0.7610285943334109,0.6903452105120976
0.16712348806698563,0.8789135219818918,0.8855741912836307,0.7027210271833483,0.0,0.8846436907311012,0.44470293311398673,0.8261667500527358,0.8899454306092127,-0.7171806916042873,0.5021980450677443,0.10454451541448889,0.5269017173765506,0.7564552226591846,0.022999968276255323,0.09060088525299594,0.10987158953305143,0.9274894738614572,-0.5002642229643924,0.6792998718075859,0.5664984746126996,-0.8751924513507711,-0.8920140425748124,-0.767614052799072,-0.7108039924419479,-0.5574350030435928,-0.9314306539145529,-0.10731636586022947,0.8845014706718468,-0.9160501300912492,0.7802982896240729,-0.8350859371581343,-0.9008472396077655,0.38786904483579576,-0.8473917619486511,0.8693237571304794,0.5532056861015818,-0.8158905204387492,-0.8198029682706515,-0.4215547447257918,0.5675219702935791,-0.7010284260655404,-0.9187969759815321,0.8319245286993582,-0.05890459334388941,-0.8151106605005332,-0.9326467483360974,-0.8864671335088115,0.7985929616506432,0.8733962527090555,0.9088666319575717,0.9253913046880474,0.9043928849985294,0.9190310555834437,0.9285634806652198,0.9127328629406052,0.9086488714447466,0.9294795758452719,0.8933151975001916,0.15626910650663414,0.7475368801211599,0.8817336536153397,-0.3840284714160521,-0.10950384263148659,0.8197504848365127,-0.06752391489522072,0.8876805924979003,0.9133673504017515,0.5843454645136489,0.8991043319371417,0.9086745849027786,0.4395394175068272,-0.3629163501163544,0.7912322975802183,0.41647963658644915,0.007152966316108894,0.9296601491157294,-0.7798537533787214,0.9119113014535821,0.8932704829743547,0.28330286115093295,0.8967854390486524,0.7795764097273876,-0.6316435470674711,-0.3018346252135875,-0.7442853735415902,0.6209188958401014,-0.5217602848204905,0.9130493796965093,0.8364720186617266,0.8940997001809456,0.8823982522225968,-0.5967898751374461,0.7309689242671504,0.11596810220840019,0.8390758055972248,-0.07013763787125289,0.03419628908605733,0.8554420397961368,0.8389884251618245
0.35220617695701495,0.8633331897398583,0.8953698583869515,0.775286289614976,0.8846436907311012,0.0,0.6411423743690466,0.8889239697994461,0.9038146732503496,-0.4462942283467545,0.6530083827833142,0.2422865524910389,0.7737650177919422,0.8079790407481854,0.32996107605323843,0.362963527899021,0.19385005695582463,0.8553530057263655,-0.2873385185196122,0.53779790981348,0.7249142275873176,-0.7630750425053576,-0.6882630615801171,-0.6757119766756431,-0.3849456692842777,-0.5274168473145806,-0.8547097000963503,-0.4228956259423648,0.6704924539626309,-0.7167943027827143,0.7128155956396357,-0.5561341996003809,-0.7012447552387316,0.2770534870556356,-0.8078004895079846,0.7731871594585571,0.33189447338304795,-0.5177003581407306,-0.5230190103036637,-0.08663944867068508,0.7943527825821194,-0.6733952777516143,-0.7329663186665999,0.7707818813378488,-0.056338318905561194,-0.7893381316345464,-0.771485594010835,-0.7864101812074521,0.875360303830162,0.8733147933455809,0.8137460692283263,0.8371754214937647,0.776081484927231,0.791945404333446,0.8339001193816399,0.8791867693168848,0.8337513653409421,0.8480289210197097,0.8017736510515563,0.2411502661195337,0.6746975516084447,0.8785021625029893,-0.060549489927907235,0.21365645879894002,0.8635351683799544,0.2065808058312084,0.7524450149665242,0.7975689423163845,0.23989312022235418,0.8158902234472144,0.8333915186464087,0.2071229718533877,-0.4451017920095197,0.7579234546556017,0.10086633638890594,0.11461597259492594,0.7932063205713736,-0.7647122112452286,0.8520754300640212,0.7325569443399238,0.07039929943925144,0.7885323160641227,0.5001103351890928,-0.7531080895374015,-0.6218587323224773,-0.5710870235427148,0.5575172159486769,-0.6932374148532419,0.8509720138310326,0.8281457023303902,0.7448276999979424,0.7727918796974881,-0.3968382224745184,0.7017177404891508,-0.11310167970378224,0.8561944318962006,-0.18383654554533924,-0.2249820305779295,0.9201991049529346,0.9129753550653416
0.6410272883012217,0.6258076974808657,0.5570609486795092,0.8081229896076323,0.44470293311398673,0.6411423743690466,0.0,0.6130422976450579,0.4211791450219545,0.1002608226912427,0.20953901975377306,0.10610857385220934,0.5634911372135014,0.48996689634749063,0.6527689859164162,0.8671973895759768,0.30486381523898204,0.3193430352183593,0.26939691945270267,0.30082036922954114,0.7661320807009403,-0.1907948035018994,0.00269661972615557,-0.19373707430582204,0.1650990756000064,-0.3596940325271193,-0.3061695430574497,-0.7112305309791357,0.032665467171873935,-0.15609737403213073,0.22166155332268872,0.0033147622624132996,-0.01698097603336506,-0.2813625466173198,-0.23169800474431806,0.025769107603720875,-0.4504645230003333,0.1110237157938617,0.06013177174392529,0.5219591423270705,0.3312251095669492,-0.4779667173623685,-0.17407436143351032,0.18723583464688567,0.1949406483816851,-0.44869982395255326,-0.2533690185133951,-0.15023995690068737,0.2691304946921918,0.20183377597410465,0.2424892883631209,0.3668768447244413,0.3360813305201887,0.35068205228913246,0.27559123115781187,0.36767063358075897,0.4117635278329484,0.330787338485134,0.2514144990662912,0.19345452406303917,0.21496264652348687,0.37417175641051753,0.3721886678740645,0.6745132528527841,0.5423427097578145,0.5780113218849867,0.3687286413351407,0.24303717938857672,-0.10171649942584195,0.3781752538470402,0.38600735443555145,-0.23174683903406812,0.06588896824084794,0.46855384080824836,-0.11889304376641367,0.07574745547493025,0.22215753725160542,-0.1790991901545187,0.36690524220891796,0.05359914377983846,-0.11444322688961564,0.15518197192142802,-0.06242274593018789,-0.331183445999135,-0.5587514866321994,0.12361805036015956,-0.23821952348177225,-0.5786776614860945,0.2197956602611871,0.38928156948042325,0.13631865382355152,0.25999199733866213,0.11954930834803996,0.27161861723080133,-0.38579858415315016,0.34510129174245496,-0.2899382527965349,-0.22500726206784555,0.3775877437565165,0.3216659519200967
0.4642082940718752,0.8694532646593682,0.8614970713555935,0.8624420910848248,0.8261667500527358,0.8889239697994461,0.6130422976450579,0.0,0.8126396825354021,-0.27142142665501484,0.5079833704207252,0.19888327094227654,0.7686883475734299,0.7741306088596978,0.5218585705847711,0.6631257988410825,0.25350176421845705,0.7353138618607641,-0.09713605994102713,0.540211537130443,0.8748336904425628,-0.6223519989638922,-0.4728862480654671,-0.5558397087059739,-0.21000373341072096,-0.5471680741176417,-0.7344792932477714,-0.6150147781225916,0.4914796892241463,-0.5906920967856751,0.5869184880853475,-0.4094220723834258,-0.49326566226648905,0.007289761977753913,-0.6634516714714678,0.5292036909969486,0.0017288447243616455,-0.3177478345760859,-0.36469436766988267,0.187822091088647,0.6502882539445283,-0.7106658098525208,-0.6056277373374291,0.6316482302387605,0.12496783651392172,-0.7788444136712146,-0.6758406057031001,-0.6115874327966132,0.7051611947652822,0.6671761327792475,0.6632839528790742,0.7617984136285338,0.7035322077186705,0.7325266297559428,0.7117771146923052,0.7769891181105049,0.7749919596844432,0.7455267124904358,0.667749634098297,0.2761933179318527,0.576557163099132,0.781293374196933,0.10528924039823596,0.45739490917259,0.8512798384143603,0.40064775231090616,0.7225038102143793,0.6632358191288297,0.15255571861572084,0.7507755424951155,0.7647392770673819,0.0248941515425264,-0.23456286780650515,0.7568102949135957,0.10323702416294765,0.11143897511734578,0.6635487735384091,-0.5942125537340713,0.7671630840640247,0.5120197623880428,0.011724923402126095,0.6039984987447693,0.3336039953288501,-0.6591056070566834,-0.6653224644451771,-0.33583206655162434,0.25439952752489275,-0.7428708003570963,0.6895739271592071,0.7535766439261063,0.5629940894256655,0.6452109473298109,-0.2529172037587198,0.6120644633446912,-0.2833979523593825,0.7343641537025399,-0.299113275621102,-0.22977716633336062,0.8013267052038794,0.7505815861102019
0.3569309396534093,0.8655032883411463,0.887363789673013,0.7831657344297581,0.8899454306092127,0.9038146732503496,0.4211791450219545,0.8126396825354021,0.0,-0.43028729904461127,0.6840665410812712,0.2992749297485227,0.7796309079416518,0.7995045883369211,0.30017449657032524,0.3936838260895111,0.17643542390588737,0.8749144798982471,-0.3314845862715768,0.5262437780793899,0.7305876646566075,-0.7711486700727913,-0.7065294250550795,-0.6445712417818406,-0.3840906130937187,-0.503751485870711,-0.8829603797187792,-0.46061366570195766,0.6744472604592473,-0.7596739022323223,0.7376732831988018,-0.5726225232918778,-0.7129350204819317,0.20582703171135738,-0.8056458675949143,0.768758895877729,0.29503312338032034,-0.5300461226350505,-0.5390263408399578,-0.05481848829742838,0.793882345316177,-0.6763447749336831,-0.7477649333390946,0.7953967068458053,-0.0688387501497815,-0.8499882815049205,-0.8010238209585647,-0.8161661247986052,0.8855809801955543,0.8696618676481181,0.8368678916266598,0.858299927957157,0.7926586680101433,0.8112009333366961,0.8523140999381245,0.8957286761150922,0.8496631997580556,0.8642296189351776,0.8421639180274803,0.32969705590607523,0.7486491697307543,0.9024793874953516,-0.09650425784268249,0.1956675919978895,0.8744351456427601,0.17278277697232336,0.779005076340891,0.8074322144601831,0.2548255866890778,0.8324683655582052,0.8472101055778933,0.2545706533812928,-0.4656358364507839,0.7747363998606549,0.18478878840807716,0.1861991077742009,0.8071014265016528,-0.7996783295111111,0.8788295592827832,0.7457484577229408,0.04171977435621658,0.7851614993296225,0.49630919077390434,-0.7860526569024924,-0.6473946689375905,-0.6087323450671552,0.5318778831750754,-0.7448771002391813,0.8578839999647284,0.8407417643907461,0.7556390950730291,0.7939694170305697,-0.43784446901411866,0.7472844832820534,-0.15078215971008885,0.8689763401683205,-0.2565077357719455,-0.24898734420750987,0.9345665782835672,0.910740094487478
0.2717474529236253,-0.6632514117666076,-0.6980571971111733,-0.32162249452214065,-0.7171806916042873,-0.4462942283467545,0.1002608226912427,-0.27142142665501484,-0.43028729904461127,0.0,0.19745134287759095,0.5749388368283859,-0.011945229257998635,-0.48616620550765705,0.03673785611615414,0.4852946311783188,-0.09840739482085772,-0.5031162129515293,0.23953127620093934,-0.7518460625459947,-0.20927343400833898,0.6040316562054634,0.6113059008558185,0.7911871681247784,0.9130732845799623,0.6701983608176517,0.44499149896561524,-0.5676931060234971,-0.769762870916728,0.4761143817152079,-0.297397145821451,0.8560128497685403,0.6996107922838349,-0.6715884456687955,0.5552739283086888,-0.5525686786914902,-0.7074655749989459,0.8421225706495619,0.7740152551977802,0.8295416091600156,0.12014867223057454,0.5686710795222114,0.7207666148097532,-0.3102678714722953,-0.014318109673847198,0.12116209795865689,0.6034637097802495,0.4291320525557857,-0.21413339432978679,-0.4715371073472231,-0.45346393884276115,-0.5768263427439924,-0.6440910575427788,-0.6433964879634623,-0.5862276847826425,-0.5029897799933506,-0.5796953840456639,-0.5541109087180581,-0.3846274043704874,0.5436793691454881,-0.1480509115632409,-0.4334441842652676,0.22453754823469493,0.18858977470603888,-0.4343454594460148,0.002666610312244039,-0.6695157946322121,-0.6561146275580642,-0.8983648085352988,-0.615438068124205,-0.5983405918048615,-0.4063002300481643,-0.2522207102636775,-0.570889472565347,-0.40079765762880776,0.6156328572233352,-0.6635933761984101,0.15364532466869188,-0.4131833502950432,-0.5681918725036935,-0.8241083214871835,-0.6784324246258389,-0.7872635282687143,-0.11973274961895448,-0.4630763160762613,0.34131160219188056,-0.4569666651594661,-0.24831176823156406,-0.5720867329570847,-0.5454179735071558,-0.6390542970769407,-0.5311711106329312,0.2219153555522685,-0.09911146268653306,-0.6856987566600445,-0.3385280738974172,-0.6142328681098695,-0.7163970541082975,-0.29005505047104874,-0.3450540260494758
0.394333009809883,0.40109539856915355,0.4492210009358401,0.4136303795280136,0.5021980450677443,0.6530083827833142,0.20953901975377306,0.5079833704207252,0.6840665410812712,0.19745134287759095,0.0,0.7666615912321759,0.6099364449045711,0.2743407416913954,-0.03961544324420793,0.21203297037250324,0.12220461233893819,0.4162251414485439,-0.2625083801224509,-0.2485785704697938,0.12168791414246344,-0.21091984223872073,-0.3418051024902978,0.047852919746993225,0.11950531490627134,0.2297793479770703,-0.45205227079443483,-0.5252059895179196,0.11860550623045556,-0.37057207504592043,0.5397035699714354,-0.051668194705601536,-0.29763160350858053,-0.05639679325184213,-0.2411229152634397,0.3681828042984871,0.0008045412371356317,-0.06085568003970338,0.021311983381728898,0.26886817442947814,0.7577464153314325,0.02232200597036862,-0.1595692380493445,0.466809686918905,-0.44449175776760863,-0.5270514113337407,-0.24441268498108515,-0.5071661108204033,0.6231408059348514,0.5067901277378429,0.5019056594457919,0.2864032416068044,0.23315030209700704,0.1664399515446119,0.32648146185474797,0.391318039726014,0.24529909727764065,0.3266965935549592,0.5594769256903737,0.709804103022275,0.6974725176834127,0.49953885641896195,-0.07045115431024693,-0.024701815109922157,0.32327245961151324,-0.1307581811950757,0.11565012108863176,0.29845571821191513,-0.2659563252407597,0.23359602185814168,0.23572046498890428,0.42072577450111376,-0.7180609883747106,0.1910267328819929,-0.1399174524566507,0.634058841234038,0.24321366850330178,-0.6752029554240067,0.4597431029131492,0.4460381531751674,-0.4902503466782208,0.29887364877421585,0.010820095528605652,-0.7192591430972852,-0.7107720972109411,-0.5077782863959482,0.2476694044743249,-0.7203131132131251,0.35089677000466246,0.2905541711729946,0.3627048018971225,0.4407753925645175,-0.22213616182138377,0.6474377756345276,-0.2682991604421355,0.5359859419005177,-0.45573729745171776,-0.6245162827452252,0.541567201010361,0.5582649084699789
0.3576033342197833,0.008834713838883086,-0.006963930892397504,0.15145106764579813,0.10454451541448889,0.2422865524910389,0.10610857385220934,0.19888327094227654,0.2992749297485227,0.5749388368283859,0.7666615912321759,0.0,0.329080921058647,-0.06437315606631962,-0.25763636365083487,0.22218429934809028,0.06638984823053004,0.13781005923521483,-0.22698983231765638,-0.4728100463054688,-0.13720523970301587,0.10524859542885154,-0.10960437291586175,0.43423486850194665,0.3400212182885308,0.6036049864564891,-0.19818176488524444,-0.5451895351480057,-0.16513848699232048,-0.20584317658772108,0.23763893152719118,0.20346094749349755,-0.006809482713527375,-0.2696032266631043,0.10062482079944862,0.11152129863900324,-0.17601828424140922,0.18214717382150136,0.20945185315119128,0.4108306322716005,0.5321156365537644,0.24262535265282503,0.12150537736842143,0.25741194993900146,-0.4598079970173465,-0.43353361081219577,0.004827268421841161,-0.24801393064140922,0.3344406646170309,0.1623890644557192,0.22985644093210336,-0.0070412805331804915,-0.08713051559003501,-0.12103754856829563,0.018666961483138678,0.07434328674313699,-0.0634211142257975,0.02855872969137203,0.29726549079015896,0.847112058519296,0.5833841648740928,0.16683450017921467,-0.22521274690741488,-0.20590617023233518,-0.015021638929417394,-0.33615635321758025,-0.205059384555791,-0.012789788084156454,-0.45254794349143906,-0.08016001810890885,-0.07579099714381535,0.27775703772558374,-0.7033962650415968,-0.17772948683843112,-0.02134460226134941,0.8030814451385453,-0.04390602850982344,-0.5102966868768004,0.16333801773297332,0.18225986721113416,-0.7152148203262623,-0.07079882997278308,-0.2982672453145384,-0.6221139547141166,-0.6608603089022498,-0.4230175175622321,0.03832729419954939,-0.6246588274560315,0.03314284834878763,-0.1186430355133849,0.030463371883622702,0.11455224671778792,-0.2930266673658917,0.43521934860181793,-0.5690212471333083,0.16976095055690255,-0.7289023316281522,-0.7669507063550223,0.252620824966526,0.20535701346218366
0.44068773880284656,0.6191051792761119,0.6936585961838714,0.6037944362076262,0.5269017173765506,0.7737650177919422,0.5634911372135014,0.7686883475734299,0.7796309079416518,-0.011945229257998635,0.6099364449045711,0.329080921058647,0.0,0.649321148005756,0.6052586476164867,0.4742067924691432,0.6248012768447083,0.453594232967868,0.337304991690591,0.18116800763145532,0.6022262742337221,-0.14312008032787812,-0.14531344088501344,-0.21212120109817786,0.02222497678881014,-0.19015804076817214,-0.3695567926521568,-0.6301898367425846,0.10809758109377304,-0.15669186922747805,0.3048738744372748,-0.17352805672036778,-0.21762559394723296,0.18082770586039953,-0.1986362929801862,0.21443223779779583,-0.20003745109079277,-0.04713484980115315,0.10837104469864357,0.36900627854442014,0.5790958820835574,-0.3994472064319426,-0.20442522911653477,0.2373375886977415,-0.27378394586772553,-0.3644004483849614,-0.2208144515055745,-0.28561715130880544,0.44025722497525244,0.46502695980833814,0.4177495278499509,0.4082634287262485,0.39816580268457114,0.3165082406050808,0.35893542379100496,0.46866478604524864,0.42430739366548825,0.3750319815496715,0.3872289764647185,0.23858404055736707,0.41974286360903224,0.5466432703225897,0.48337490584543535,0.5598000663970712,0.5947968261215251,0.5439063344021139,0.3086182069920874,0.42103623896792336,0.009680969705872232,0.43455914299825404,0.41574863018480884,0.23709964639380315,-0.13923076220526562,0.5073592509115763,-0.3064819454877761,0.06257663414072691,0.3061242152168377,-0.34454938836248516,0.4082912859423184,0.30822696906514646,-0.05728848597703259,0.34420467922354475,-0.022704652566075217,-0.4365028787666855,-0.6165396201121417,-0.06588918958224645,-0.05241591802960565,-0.6296224902407949,0.35356509853197227,0.44014579809997323,0.3516580583181415,0.4502749698402166,0.24367513220592582,0.34566740059225615,-0.14433347638302363,0.47663498501091434,-0.09209721999012038,-0.24020180332770585,0.49028940035064905,0.5350233062359034
0.2597062508368891,0.8519043993134665,0.9005967411271815,0.6925083732003195,0.7564552226591846,0.8079790407481854,0.48996689634749063,0.7741306088596978,0.7995045883369211,-0.48616620550765705,0.2743407416913954,-0.06437315606631962,0.649321148005756,0.0,0.6500324511033961,0.3958775163181974,0.7210341237586895,0.6491238242662444,0.3194686186069812,0.6375262804696029,0.7747947677931405,-0.3802206415613191,-0.3490586736884727,-0.6035008843167525,-0.3845868497819201,-0.5628052675831539,-0.5258047165305488,-0.398188944167816,0.4175023663077192,-0.3365520972657754,0.3742934693909657,-0.5308185035436958,-0.4746826882053427,0.4714917028685848,-0.4116119867964125,0.38039044906486874,0.031039906152838675,-0.3962936829071794,-0.24986877252875325,0.01280197146844478,0.41350056968215626,-0.7231776213767744,-0.5214833533604387,0.29088806609410073,-0.19207161647298884,-0.3946030171317241,-0.4702955802300375,-0.3908048035465162,0.4436921313771154,0.5969173861366391,0.5690155280560045,0.6638666241562845,0.6922891910838638,0.634235705145114,0.595591485842265,0.6611228832096055,0.68913314461118,0.5981366755182486,0.467733666596679,-0.17268011338662798,0.3466752928747897,0.6761365862848836,0.39689432491594084,0.5396282196552074,0.7824600825915831,0.6158311739069985,0.6318422272783952,0.6736646745329081,0.4265996147866374,0.7114856683775532,0.6855518945109887,0.26975175200776436,0.13472258307781385,0.7647187477770625,-0.18609192922930956,-0.353716023601676,0.5732428647794722,-0.31106753817448174,0.5524227363936828,0.48865733878488044,0.3549494974620296,0.6004098384430996,0.29768446283594957,-0.3065644943908652,-0.3593971857659801,-0.11930842920713913,0.041760177165661556,-0.46898899729639726,0.5572900417571338,0.6418819886955981,0.5857166552084982,0.6310303185107906,0.17048717577347014,0.2812091352088655,0.11461426392867212,0.5611732455599269,0.2100924448357921,0.14372147935326487,0.5613805294671075,0.6133442188868609
0.3255443006886904,0.27142817493153454,0.3189498438628694,0.3640497723006794,0.022999968276255323,0.32996107605323843,0.6527689859164162,0.5218585705847711,0.30017449657032524,0.03673785611615414,-0.03961544324420793,-0.25763636365083487,0.6052586476164867,0.6500324511033961,0.0,0.536208417301257,0.46285082617571977,0.10407357842132589,0.6066742478835836,0.31396386522878267,0.6770726412978485,0.0161992482081961,0.24331958014919763,-0.24045923616634896,0.129651058036595,-0.4721342546868726,-0.014281271768325676,-0.4633555896640157,-0.093016565141982,0.2361342476993493,-0.10813489828178066,0.03024501762790869,0.1207250508272198,-0.035527183202845494,-0.0718695452520729,-0.14924508102585607,-0.4129035324622541,0.17142647058110017,0.24551065557014282,0.42295558027985414,0.09187158558460612,-0.46737491444276885,-0.013586884128522424,-0.16273217891700903,0.11305015238015806,0.016977436351008963,0.0061303041333959475,0.13568000134926125,0.02249629192096601,0.06997426028063924,-0.023552345541089596,0.17960807944533513,0.1905160221806626,0.16766255702439453,0.08805541129685422,0.18395942858721823,0.2457591795484078,0.11956924708029348,-0.05321699517461037,-0.18401310398972326,-0.10164243625918915,0.22700047265668272,0.8160128206789993,0.8803678416155652,0.43988592848766106,0.8844035267967028,0.22443858964316996,0.1473471991117184,0.033688585092472384,0.2596223544135689,0.2379939043258487,-0.19536830034009148,0.41870123352752137,0.45374686440094963,-0.27804180844789805,-0.30646989818862547,0.07010806661917791,0.1931635524250012,0.05291924851249991,-0.14896968790929285,0.23544953423180437,0.07338340341834879,-0.1772323359625854,0.05772909189026313,-0.29119045204419525,0.4539053895358178,-0.316846105044693,-0.22200738182462426,0.06956583883941639,0.3221919373690985,-0.0019796154579811466,0.07310773180042592,0.550257157514907,-0.12080038917953977,-0.026620734500597317,0.11379407446505217,0.18406956947277164,0.13884290336048888,0.14071857501854276,0.1638017138544985
0.7427061688288411,0.2997675447886963,0.20955311621445405,0.609255790117279,0.09060088525299594,0.362963527899021,0.8671973895759768,0.6631257988410825,0.3936838260895111,0.4852946311783188,0.21203297037250324,0.22218429934809028,0.4742067924691432,0.3958775163181974,0.536208417301257,0.0,0.2898650227348604,0.09973572865351035,0.3267644291261735,0.07250840558667553,0.528269410957561,0.051136387891544656,0.181407358848917,0.056935502078306714,0.37677755583023564,-0.057001748252253265,-0.09625255932954335,-0.7054436901700443,-0.2209208009024117,0.01368676083282388,0.08338002172901439,0.24819189323321195,0.18776842483997794,-0.31267287089525625,0.018057760733615473,-0.151594858724486,-0.5660302406677716,0.30943319326621244,0.2590854461754708,0.6008587252009935,0.2606785639168855,-0.19436064751244914,0.06717797068429911,0.01683557343873699,0.09465228385609811,-0.3023934079754848,0.0010849221069444781,0.03307203272824416,0.11817662593868264,0.012080592411549747,0.06883201096933719,0.11662912968230237,0.08446918558771845,0.09419667856303109,0.043810205806914325,0.13229355797253475,0.1502960876349118,0.08145628846970537,0.06514862188788124,0.1886062862473317,0.0634552893755252,0.11883780627351177,0.2995299336856473,0.5517582852692049,0.27519530751697324,0.42949590020530526,0.09193286790248653,-0.012082688405251962,-0.3157260190206753,0.11301416006794099,0.12437350836549993,-0.3035412247690076,0.01950745633107996,0.17522447601171917,-0.3368988196774269,0.17241059180155704,-0.03704888684189061,-0.07757993174301381,0.1652453335215272,-0.10498622221058385,-0.32600299649581904,-0.0744220811090999,-0.2686234045274276,-0.2646299363944725,-0.5198303310307726,0.20602198071448477,-0.3587852222219554,-0.49076504411641064,-0.007474054987818592,0.09910997094810368,-0.06353462142408849,0.06572943540822787,0.17927097753026522,0.1629214876964283,-0.4953503096730016,0.15795307726451507,-0.34742289134158344,-0.3595402885937447,0.1891605734806482,0.1337528559156919
0.10706377121933489,0.30744093249068766,0.34678275820086957,0.16546816706376105,0.10987158953305143,0.19385005695582463,0.30486381523898204,0.25350176421845705,0.17643542390588737,-0.09840739482085772,0.12220461233893819,0.06638984823053004,0.6248012768447083,0.7210341237586895,0.46285082617571977,0.2898650227348604,0.0,0.1690717664608407,0.5856783553498249,0.20516318628284128,0.2838735302962904,0.23947075905624363,0.06363129997034447,-0.027426346870914962,-0.06770939614593953,0.0474856893769793,-0.01976949918891601,-0.30303070661740505,-0.07727703783890992,0.06801050152208461,-0.05175637629714348,-0.1516523354743984,-0.021743515035255706,0.4668361982642066,0.24848966786956905,-0.0752047954829152,-0.20569976192329134,-0.009151742010469092,0.1809750316859055,0.16933203291638907,0.09306576354071945,-0.220669978019804,0.000792409807914738,-0.13095577008357742,-0.3084881429944839,-0.009028965140417606,0.07093962365090148,0.08366047340468478,-0.035676224475598234,0.10322223534178764,0.14312514039141175,0.13529541918706392,0.18662663179294828,0.09562660476730701,0.05602365106484135,0.12059120378159585,0.13632565295596796,0.04427594525686183,0.0037997023694094577,-0.18099729759610203,0.025972649992804686,0.12874636849924118,0.34537868379009173,0.32164329451157475,0.2200197581028814,0.3892853403108062,0.052452404308308234,0.17395038056397652,0.16334630330510908,0.16704465515214997,0.12917972227009983,0.19664725278290354,0.23226287195248452,0.18392597243974632,-0.38810424720393416,-0.30652625294844305,0.0502432266413115,0.03599936899216319,0.053790260582825045,0.09882773143266112,0.09550340459833885,0.07114410817911834,-0.11977162251371902,-0.014157692446605448,-0.15312495293123043,0.1415294541176879,-0.335926784467073,-0.2012537109939235,0.009642641167182154,-0.012267057865956941,0.13382566735943557,0.17958468286622092,0.37273407740501535,-0.09047481533153756,-0.040261198783391065,0.04042433022260781,0.1383068936381271,0.03813165541064467,0.04129961205866363,0.09283905134448195
0.22654693857592434,0.8959090391553965,0.9139360809842085,0.7325992587977446,0.9274894738614572,0.8553530057263655,0.3193430352183593,0.7353138618607641,0.8749144798982471,-0.5031162129515293,0.4162251414485439,0.13781005923521483,0.453594232967868,0.6491238242662444,0.10407357842132589,0.09973572865351035,0.1690717664608407,0.0,-0.2557457145178916,0.6394714282203254,0.6246289599404362,-0.7024103932363436,-0.777524829724133,-0.6674506772624288,-0.6006084424747739,-0.4345956709272473,-0.8691583676765802,-0.317496684495854,0.7417801991944001,-0.8006015838915798,0.6649283317672092,-0.7538608313287067,-0.8017620689351216,0.5091351406459891,-0.6842702189590161,0.7877746050750445,0.4249258426155734,-0.6914333498836203,-0.6214047467163141,-0.25329302991652636,0.6549339473671875,-0.7220585917695712,-0.8014879293782718,0.7244756927379767,-0.24903950583258597,-0.7866874802825595,-0.8051473744408213,-0.7888017864551238,0.7655904020623918,0.8591767916580613,0.8704906806423802,0.8760334502864592,0.8499938426810915,0.8410224774095301,0.8617390078674292,0.8824851408504709,0.8521220608315705,0.856464181898062,0.8182881171325013,0.1517277384215671,0.7376124987051459,0.8610616484595877,-0.22027067096155373,0.02473309165401166,0.8284412779185425,0.0811545348801306,0.7838278110907546,0.8755924844177443,0.49108986477452315,0.8507472676551212,0.8490790147716588,0.42896086669277406,-0.36508472679681814,0.7555343571080347,0.19877070090971807,-0.00168597951312616,0.8462672272282891,-0.7634559273283771,0.8404781691001366,0.8343294615091845,0.19854208096834614,0.8243260159513289,0.5695194199427501,-0.6739675633827693,-0.4524937093079625,-0.665959056961456,0.4936405225351329,-0.6295069357737931,0.844728465515693,0.7551178997874229,0.8285027340876332,0.8453012901462886,-0.41982530186344913,0.6213512976374993,-0.026932735597102776,0.7825258254930747,-0.10687605589002445,-0.07640777571454628,0.8391783313872097,0.8408025841102895
0.05653660607954855,-0.25295560814073687,-0.22042106939325298,-0.20023319593780992,-0.5002642229643924,-0.2873385185196122,0.26939691945270267,-0.09713605994102713,-0.3314845862715768,0.23953127620093934,-0.2625083801224509,-0.22698983231765638,0.337304991690591,0.3194686186069812,0.6066742478835836,0.3267644291261735,0.5856783553498249,-0.2557457145178916,0.0,0.0936442258434214,0.3001507553277712,0.4457088423281102,0.4269537938482577,0.08380009293342251,0.19162826707932992,-0.03205527932640327,0.29555642771555285,-0.28958919277151374,-0.3378006692020169,0.4307661070519378,-0.30354072224972073,0.1374925501551936,0.31134503426337823,0.25657252189081403,0.42654671179093867,-0.40249127795131856,-0.4573879561429601,0.3007997038046992,0.4626536582006512,0.3744011626955555,-0.11658065876242107,-0.11106613547768622,0.27734640956554846,-0.41166796149778623,-0.0379362810950261,0.29798186480385275,0.34823769432360535,0.41671338512154144,-0.2985210836989572,-0.18790103398626573,-0.20126968480230553,-0.12048247774966352,-0.05822377381961521,-0.1370028576818901,-0.21379414330233285,-0.13429689414291124,-0.0870104525093367,-0.21306708450254072,-0.3223594541501588,-0.35458041259664375,-0.33778159286253245,-0.11519243672321966,0.683513891687507,0.6196515565347617,0.06745760485379936,0.6594989461513676,-0.12694223803204624,-0.11139650132104693,-0.01549809808003606,-0.059974911226612485,-0.09374001961210086,-0.12257583819290445,0.5084810311796217,0.06913188198061374,-0.5375521828982682,-0.44072779366251735,-0.2243886743423447,0.3924303141490981,-0.2179799819051422,-0.28158663599318284,0.12747506060393576,-0.19155774952861018,-0.33002606379712357,0.28127232945306013,-0.03114585235744097,0.565483653256117,-0.5675575231146808,0.007508308866748652,-0.2600421179987569,-0.13979407711635553,-0.1778399613115389,-0.12145203814132755,0.7063817638812127,-0.3573360831640266,-0.004616275256068814,-0.17941467945849413,0.2776575847210682,0.14575919048284752,-0.21439111420239676,-0.15062329388671575
-0.008701829428560513,0.7795355954169402,0.7702175184194634,0.6035654994193573,0.6792998718075859,0.53779790981348,0.30082036922954114,0.540211537130443,0.5262437780793899,-0.7518460625459947,-0.2485785704697938,-0.4728100463054688,0.18116800763145532,0.6375262804696029,0.31396386522878267,0.07250840558667553,0.20516318628284128,0.6394714282203254,0.0936442258434214,0.0,0.4782154261052003,-0.3493274194067888,-0.2685242193818271,-0.5548343630973452,-0.5237194721686804,-0.5575009927303467,-0.3172338659978824,0.06263401970726241,0.44466074600543204,-0.27366447694566076,-0.029232179178566665,-0.4871590985468101,-0.33284229066513116,0.42860860254189914,-0.33681880657604524,0.3132040863500536,0.29548600201601377,-0.43609701326870665,-0.44215723483249003,-0.3275880022017869,-0.08449237569225246,-0.7028717111482138,-0.47834846782816137,0.11617475703945578,0.09963374358295168,-0.21444705745841755,-0.41198029377214973,-0.1470718766744363,0.09377173463907472,0.25016349013823086,0.23417307113006325,0.46833537365113465,0.4581805942284864,0.531729914731115,0.4114964004579059,0.3926673861948558,0.49423695343806556,0.41659608904901024,0.14519301590113054,-0.455486969783619,0.006115280979508229,0.27083667864327515,-0.005082443478478007,0.15359107655105028,0.4449552347623061,0.3102185588102596,0.511744491515015,0.44934159338428403,0.587078577257662,0.5005445483865065,0.491127337905392,-0.108733226902745,0.31622077880752686,0.46658129482162475,0.25911918046160426,-0.5288942392296354,0.4529813370579558,-0.03041353611284706,0.23185470481058,0.2353788636206606,0.5741877374579258,0.377412843406483,0.31540332207399513,0.028420281842564094,0.1108081916795417,-0.052464402986761895,0.18005577664728709,0.043239051484226236,0.3795232282758574,0.36441527539392154,0.30453027904808716,0.2475010751706046,-0.1127578357169496,-0.1394452603853357,0.08302933834933686,0.12778025792310402,0.2227648325162549,0.41878468705583943,0.23841222187611774,0.2109326235428445
