0,1,2,3,4,5,6,7,8,9,10,11,12,13,14,15,16,17,18,19,20,21,22,23,24,25,26,27,28,29,30,31,32,33,34,35,36,37,38,39,40,41,42,43,44,45,46,47,48,49,50,51,52,53,54,55,56,57,58,59,60,61,62,63,64,65,66,67,68,69,70,71,72,73,74,75,76,77,78,79,80,81,82,83,84,85,86,87,88,89,90,91,92,93,94,95,96,97,98,99
0.0,-0.7039471854355042,0.44182162631407174,-0.3168183390106759,-0.6296121523785997,-0.25499892806045077,0.14413788794787302,-0.27290685052848784,0.23965382230906465,0.5670065958489648,0.6274489072049697,0.5711117662456484,0.6071978767230745,0.16003349517830778,-0.12738843288730645,-0.5065491878291957,0.1698668396972928,-0.7218736027517592,0.3569406293351744,-0.6875047586115545,-0.1833997619182148,0.11195380112579964,-0.44447420276584293,-0.17788245157960028,0.8088526901072755,0.4067094501825179,-0.41892213622118557,-0.12866518400087062,-0.5425310357935922,-0.5449243182740154,0.4944166824351241,0.7460674271099704,0.11535521452506507,-0.6427194787980334,-0.32012007949553395,-0.6586779247925885,-0.4986604060623617,0.8366513886060076,0.1615496073302532,0.013355190132863235,-0.42463957940727987,0.7786238359251721,0.7082151660666081,0.8011636032834648,0.6302501383394613,-0.447166194708465,-0.49895933844602913,-0.06646520613481584,0.15507031710913313,-0.44115909942662407,0.4037351514206214,-0.7294931961788236,-0.7607643131955913,-0.565179419964928,-0.7091342909700082,0.6189438727828053,-0.6827695551117505,-0.5204708768448926,0.6481592755569551,0.7442371620372993,0.7329281214642485,0.6836583631685593,0.5147577104933251,0.5208815545477675,-0.5073623690574273,-0.09945003270116184,-0.6491788354052785,0.4827686442962577,-0.6357191522005664,-0.7142863813117851,-0.6549556789814018,0.3359796304410491,-0.6342476851230693,-0.2077735704855808,0.5159174874657907,0.7522151755142957,-0.1211528383696842,-0.5677367016319098,0.3932607626447627,-0.05293479962078195,-0.5531208892918088,-0.681267690854391,0.1382700165249183,-0.11124410353177636,-0.18470922229727235,-0.5151909912291077,-0.2801958977637657,-0.015120107526687082,-0.6748221645306318,-0.583161192965625,-0.3684501822240566,-0.060576658044665284,-0.7138608745649275,0.12352955377500005,-0.165855831591211,0.7849270940526906,0.18557553548195235,-0.7282284644885917,0.3900873861724265,-0.12754934380486402
-0.7039471854355042,0.0,-0.13560029068985627,0.6928545336040962,0.8571433087221535,0.5508954174692404,0.4335697517759297,0.6119994024620271,0.1705328803983344,-0.6795047777157208,-0.7922588543663802,-0.7313945538173456,-0.7953392063183671,-0.3572504927426719,0.08561942310574389,0.8517041555985339,-0.3670121146363132,0.8969515013022151,-0.44215386074018914,0.9283627846958556,0.22910950913381076,-0.3370276389645854,0.42756284132108213,0.1592485296005526,-0.8744315308915699,-0.5383925355495616,0.7482518424358875,0.09922314452694828,0.7218087116316755,0.6067252841023971,-0.6040185500543972,-0.7858333653839699,0.28861605535117735,0.7565008682870469,0.4099197861729357,0.8685728454748192,0.5881764630392693,-0.8459559913065143,-0.07598854606969806,0.02653144689183162,0.41415284893840265,-0.8862678107743607,-0.556945736569393,-0.790292333584018,-0.48661652611571465,0.6351557950902909,0.40483822123583074,-0.08861327416521067,-0.12040768803747699,0.5315854718884826,-0.6268657819424303,0.9220806242851242,0.8887272350914123,0.8761616095306098,0.9200550881972177,-0.5058257370835202,0.9097926134425046,0.8204158347746087,-0.7919292321060126,-0.8636179591187514,-0.8468001839412895,-0.822407346737384,-0.539135095463195,-0.6479778951877182,0.5919266288922376,0.02285237219134041,0.8661295643046348,-0.6690070087934958,0.7407354156363725,0.9263630478156626,0.90549445299147,-0.4750745795466129,0.6432716763308725,0.24449901237576138,-0.6177968394417022,-0.8023163187394969,0.20443312821141377,0.6607311392304611,-0.6877167990562857,-0.21802810564844452,0.7602726375012874,0.8818750296099506,0.1730207283783257,0.48685115360674286,0.5695332342691797,0.833496211364918,0.2854820920244214,-0.13096783488567396,0.8673975592714708,0.7441999870099983,0.13444804015460396,-0.22175003558513398,0.7151622992779489,-0.4325779759219343,-0.01013647920505248,-0.718217882961906,0.20124232055247093,0.8909584601890089,-0.2798648657564545,0.12457636253529461
0.44182162631407174,-0.13560029068985627,0.0,-0.05935734981740431,0.04812413755149827,0.5907151919973825,0.5320213734512935,0.12987360606027215,0.4668050717171721,0.3629531787281067,0.3092429408032041,0.345765186023487,0.2574512182518692,0.28100824083691045,0.42289710040449097,-0.025796617343042953,0.3930129327596367,0.06260832794057525,0.421510742572308,-0.0009495065599304107,0.4989363716251591,0.2859364735310731,0.31728495564775255,0.3710261329708014,0.27327540816673,0.4289100110280192,-0.0806555199754379,0.31308927677315723,0.26029627720304493,0.22967802709002286,-0.2159454008426437,0.13598637433539995,-0.08566055859982026,0.08564271284851542,0.24979859653652145,-0.004342942074235715,0.07596059912688095,0.11990108608397522,0.2509438213518533,0.3325726121366513,0.034201129309732806,0.10134334700457438,0.06419427434429498,0.061504606220972834,-0.05712754505307886,-0.0670307952751462,0.13985258102658799,0.35208230801052665,0.3093066772168058,-0.046633646866174584,0.23010274830057126,-0.018540810061892236,0.0071523251360618625,-0.044737647076205325,0.017056993348956856,0.6006375792933939,-0.00630079195806746,0.04818910914756797,0.323248631859815,0.25965381509329655,0.2945712908492454,0.23846883636871205,0.4612689044750336,0.3229926851045154,0.3200023723720773,0.3793508983420252,0.1884440361906825,0.32143744341872643,0.21845291149131457,0.007077500498568655,0.15755498276743843,0.42843401005277026,0.22901643592139403,0.29294340145425785,0.38507564278614365,0.3831234456325348,0.5358409694938597,0.22003397889736265,0.07337555104150646,0.11621946659870398,0.14982128676964485,-0.16063925758172667,-0.17762152930429523,-0.07634631659687818,-0.06588109951447656,0.15847904974024174,0.16360506488628085,0.32010258471888653,0.03918690722747105,0.07888445679165375,0.0944948727709009,0.19355957526558454,0.027397155505321513,0.09866756120000925,0.16139415733990767,0.002970822062296945,-0.05003620509990102,-0.04007057431741758,0.3612967534468847,0.03663476589285571
-0.3168183390106759,0.6928545336040962,-0.05935734981740431,0.0,0.433573026632884,0.015812208411604054,0.7406924539603921,0.7650316882425632,0.27507332309765037,-0.7115794366832936,-0.7601123101694681,-0.7564041168021091,-0.6837397764911541,-0.5939397085229644,-0.44460523954981906,0.8253103640426351,-0.7158380646428686,0.3758434793633758,-0.4924007136518326,0.5270712298160798,-0.3305499331584714,-0.8023961456438665,-0.26410784197045106,-0.42085309421227235,-0.5091905791174747,-0.7127469424446147,0.725272991977779,-0.4964881354616515,0.0720012552752719,-0.11685679221180192,-0.11939885440536692,-0.305202212364057,0.7720087258768257,0.14728776215257885,-0.14980571464054152,0.38987032565470703,-0.03744312698673052,-0.31041161578493276,-0.3459437844435281,-0.3936505607222867,-0.2352943442458644,-0.4179346991052385,0.00749400986252797,-0.2464702112232147,0.2352555346863052,0.24250504772140002,-0.3397770119588747,-0.6372964362820327,-0.5619656642296207,-0.08242283481745072,-0.6924776313225008,0.48936384461128957,0.3582596585687136,0.8120107081979038,0.4850542168990656,-0.47464706318522615,0.6648266510654169,0.7156995651175181,-0.7143456561732047,-0.6489972859325642,-0.621553363948756,-0.6038034099692959,-0.5534698831520701,-0.633850582648717,-0.06818243259879045,-0.4813389828547748,0.3588372444438361,-0.7289655344278951,0.10562250131945423,0.5264238721242563,0.4079455712537012,-0.7234696998289288,-0.046026796927753265,-0.25895797005237225,-0.7194831476409206,-0.5540308638238776,-0.37430306996378415,0.01559107228741545,-0.7645040177664114,-0.6234160811611782,0.3370843711620731,0.5353688989366133,0.7629486216031901,0.8085382743872991,0.8050929160046085,0.5411048705216044,-0.3194094531843891,-0.635552279668459,0.3474291710252719,0.2594262722189504,-0.591779200430649,-0.7362692404611643,0.04478971402472498,-0.6844945769891186,-0.5100526572264245,-0.0983497291257658,0.6564188699408732,0.3703445636138507,-0.5027310613241824,-0.45677163238614604
-0.6296121523785997,0.8571433087221535,0.04812413755149827,0.433573026632884,0.0,0.5336913926361856,0.4368917710893078,0.17880686485203795,-0.15567887255047708,-0.29719548390523426,-0.5363564451477374,-0.4357295930665301,-0.6799128814680788,-0.434037674595116,-0.020877752929938646,0.5797291389417099,-0.23833069324157444,0.7722360071190119,-0.5119358200136531,0.7689880339847852,0.1563400979529637,-0.08288950017329935,0.4915818802478581,0.45882683781978645,-0.6269464076716251,-0.20398287843374552,0.7463264275399163,0.4255967101165721,0.7483502492107413,0.6417005373101171,-0.7787132335653119,-0.8116405826663244,0.17546578274239136,0.8091064658023118,0.6883782982521485,0.8085318318519882,0.7485826445452527,-0.7264809977347807,0.36988102524956784,0.4292736567377586,0.6487673095328264,-0.7811303987996512,-0.25317130335568283,-0.6695707559296318,-0.528568444615787,0.787791276151353,0.5305354045354042,-0.08566467884852036,0.2458906195194061,0.6505239113673432,-0.6362000660826902,0.7734763080325374,0.7623204195306338,0.6315450082325368,0.7824455038173166,-0.47241268231492306,0.6032789109748883,0.4076013081969376,-0.5038530333250606,-0.6196846308441394,-0.6034947685486408,-0.7091876720610656,-0.5452183537856775,-0.6196297622802655,0.4346570139878416,-0.0927360455152764,0.8173464768479497,-0.5336719472764083,0.7563242529522203,0.7701175510220041,0.7119308400163598,-0.13574317443809575,0.5703828125767878,0.5904842783323637,-0.22595908745522228,-0.4823266671229476,0.4371643255217474,0.7654045798988107,-0.6846602575809672,-0.3516133556525357,0.863535443457082,0.8028568062137161,0.058610619215854774,0.4985839078957902,0.5634048338542894,0.8856542010016359,0.5955332701983878,0.22142443488190366,0.8053237136293706,0.8644921788881538,0.14727482869171105,-0.207159335212732,0.6384627483916562,-0.49228088678117926,0.28425504197960827,-0.599423422143875,0.30491591159404263,0.7218568326173656,0.12366285560390412,0.36880690183197534
-0.25499892806045077,0.5508954174692404,0.5907151919973825,0.015812208411604054,0.5336913926361856,0.0,0.47152127396732263,0.2143367499098969,0.45738338658993666,0.12525731362738893,0.050962385251454474,0.0899089823457719,-0.037266070201889,0.16907681330641847,0.5316203063211574,0.2117550645189092,0.3110660817745755,0.4423118145880691,0.22345990189701456,0.3737970050258203,0.635242754577841,0.2768140795087811,0.5310434875648822,0.5123849940201897,-0.11382342136480732,0.2499272653354161,0.1094173758106149,0.46077328070987,0.6155618554463925,0.5461490311426714,-0.4788146371164192,-0.2367770058611107,-0.09841027711536234,0.44612012763393305,0.45936526427372854,0.3806756290576168,0.4177006282822023,-0.27228809686502786,0.25815253220026974,0.39958393837823614,0.32393749768334545,-0.28923709171713424,-0.2977493535540782,-0.3190582724537044,-0.41059772487313206,0.1916998130660924,0.425262890733887,0.4237340887085675,0.40469137125541876,0.3144710734612277,0.037284480450172165,0.34839040868606364,0.3840420905028933,0.18939410737663087,0.37868328893691877,0.41045952808033637,0.281677453742882,0.2803232940215371,0.02593798127627978,-0.06675953153053976,-0.05191903204739774,-0.095141330139411,0.2413313523125482,0.08482984115018999,0.6003732850136513,0.45971370639566755,0.5248473956434134,0.07502842882261707,0.5528354984012849,0.360382388867162,0.5357434545654639,0.27770128021221635,0.5326042280757783,0.4104852386721607,0.1823900441502604,0.02469453219513615,0.6742899133586046,0.5249574756429467,-0.09200227277968512,0.128788047416916,0.4402873884453504,0.1739822649275326,-0.307730168782974,-0.0562999906059471,0.014035262778852746,0.41060856886821717,0.41388817013202084,0.3642153079473454,0.4258088498731343,0.39181557052761423,0.3310738616001344,0.2299964260292157,0.3674040915342199,0.01167287005001609,0.1775556832844825,-0.3637968320497011,-0.1325702126958071,0.28792579859586087,0.3599054805900309,0.2777512383641141
0.14413788794787302,0.4335697517759297,0.5320213734512935,0.7406924539603921,0.4368917710893078,0.47152127396732263,0.0,0.4184257881433811,0.38912864270307723,-0.04623232170328171,-0.14906827521000995,-0.10945528908361479,-0.18056241119272243,-0.2094948414137803,-0.06172800488251568,0.3818111026956383,-0.13510478002573206,0.18109969969821665,-0.041101835531470926,0.2208666845516765,0.07228902159114048,-0.22198366677347606,0.007917675204317265,0.0598200287033418,-0.004289150880786454,-0.0050357807416986115,0.35443417593138116,-0.020787262026495886,0.18905169852186354,0.02898584028910587,-0.2644802946603926,-0.053932049105049853,0.4096930636388581,0.10808833267243312,0.12735985694856297,0.16916574427262243,0.022824282153489535,-0.01879594675873997,0.0963414910797576,0.10324711323572974,-0.11206541966703269,-0.1009080207672807,0.1762882802478991,-0.033017126811153256,0.12536124427588327,0.08247881392170406,-0.13180837632500775,-0.1860845649481684,-0.03558733875049179,-0.11935523545361254,-0.2639990395641163,0.1862400210650617,0.12330820572388158,0.3619959761808872,0.22405931595695394,0.1784732655735049,0.2700043725010641,0.3243570658363856,-0.0931809713718068,-0.09772436480933087,-0.058745558453972266,-0.1443761592499882,-0.01773495371947615,-0.15032571581532195,0.06123565818253428,-0.11128172907619475,0.28156993379055933,-0.17330197594453903,0.1709046940373139,0.2316974251531284,0.252393320767371,-0.03298447096986328,0.04056115297762246,0.10493094113800089,-0.029906309512908815,0.08943883821661015,0.18079417458486408,0.1361928803237804,-0.41741335836993926,-0.37136225057260147,0.3047395900579736,0.1356901678571286,0.3298606557268346,0.44925365467230216,0.44538617422067667,0.42805190189398323,-0.03760952969741492,-0.07638200825041534,0.1737319093100191,0.198882064330636,-0.36262312330047297,-0.34549648048346865,-0.04770261861943602,-0.38815368491667374,-0.16440055305681744,0.026940358348639882,0.41344422820177584,0.05735540802558113,0.0635670760956396,-0.2384837483147522
-0.27290685052848784,0.6119994024620271,0.12987360606027215,0.7650316882425632,0.17880686485203795,0.2143367499098969,0.4184257881433811,0.0,0.6741180883644494,-0.5463947693600711,-0.4569156999010571,-0.4767908566126201,-0.26164236215138903,0.01740111665842857,0.12183186229164027,0.6226782170294833,-0.2291917941306126,0.2651660176151791,0.1232951502241526,0.3449184870003768,0.16173085163908585,-0.5082413566357387,-0.04332837330639701,-0.36983351370263995,-0.3167205337976426,-0.4639491077132257,0.23197391055807937,-0.48863374937096,0.05279191171249012,-0.021330413790260242,0.08454243873107045,-0.0007651543570528028,0.3845801373893713,-0.0164006618093936,-0.32164920729307384,0.14785554494654146,-0.24483893748148586,-0.1920345498987326,-0.5926995160361748,-0.523377302225327,-0.4215542983853108,-0.20468887109762454,-0.29942459088274076,-0.18325784924364147,0.15167867347980274,-0.17479709253111808,-0.2719586955022386,-0.10654046481153052,-0.5837425289162522,-0.3070207784101434,-0.14240740827226953,0.3252180013667703,0.26788072585555894,0.5752988278039771,0.32413349460338153,0.03244648178371868,0.599748413285286,0.7618508535384362,-0.44578141191329124,-0.4094668991714476,-0.36033716813555416,-0.22954683627421127,0.009029289382146982,-0.11205024148197942,0.29446309707653334,0.1077873838872068,0.24714100817408968,-0.26873319638533666,0.09056592689813181,0.36054207244245384,0.40230205586020273,-0.4545560469212203,0.15701052160018017,-0.3881487953941062,-0.5670991295196095,-0.37432445808231873,-0.2063399156775831,-0.044026902130319887,-0.27138965327453113,-0.05840461015338251,0.05209322776920756,0.18595277318565032,0.3799329607205343,0.278810813082153,0.29412683705860465,0.21906978574584252,-0.47522191557392385,-0.5111611012321736,0.15903090714138074,-0.02974505862502707,-0.22424436473018214,-0.23021627578565282,0.07380831390738656,-0.12696789560436597,-0.4517127740994433,-0.15554179809347676,0.12450556647272006,0.29778439472711227,-0.576109486423635,-0.5617117074518031
0.23965382230906465,0.1705328803983344,0.4668050717171721,0.27507332309765037,-0.15567887255047708,0.45738338658993666,0.38912864270307723,0.6741180883644494,0.0,-0.09086283627501043,0.00046571852842669916,-0.0399184498975852,0.09656185786581128,0.2105847431331859,0.35324745177905104,0.2230963450653481,0.04130868572576938,0.06494106894722179,0.369549360524743,0.12192957452637868,0.35487989602847037,-0.13720529661522365,0.04363040786669033,-0.13498398669710127,0.03434866350670042,-0.11217598128876187,-0.03757074864852677,-0.11623807858706516,0.11877991126660055,0.06616411525559993,0.17555014507122912,0.20783692127260492,0.2230453528124079,-0.06771462206355651,-0.15966967939254423,0.02629374748759897,-0.10371963519467095,0.11000373595680729,-0.23373591465507704,-0.2030129685425347,-0.21173675461069152,0.053043643699937776,-0.07641605894934103,0.13923696921622333,0.18215215444311983,-0.1340368558723596,-0.14596235974952654,0.20616487737936706,-0.028107632552976717,-0.03876916013370806,0.1634895918983999,0.06233358017817187,0.024160295467711698,0.1368456320758878,0.0704564544303332,0.47343870991694653,0.16404781994666123,0.37610173893270904,-0.02088128866490832,0.02576836068190873,0.03917457592848758,0.14218942707578533,0.3952278174813539,0.2718263247386804,0.34232608622951044,0.3392716227059952,0.05307782049255207,0.12546672042688523,0.009950531956307906,0.073086286161841,0.2443048790400811,-0.07398792926969239,0.08576360297877109,-0.2112865809029329,-0.10389967312362963,-0.01906368577130376,0.0941653282409911,-0.038751735620330637,0.09569035922481937,0.072451774529881,-0.10209445697349444,-0.034371744846497784,0.09834475282248512,-0.015937121051525307,0.022227800019259975,0.017805990246442905,-0.17087732079789814,-0.19859292225863776,0.03803086713394768,-0.135099809348622,-0.005595414203369721,0.015544711801892444,-0.07689897194972996,0.026905739936779197,-0.31396574993339604,0.10600880423632139,0.040367926451504846,0.14463105781979851,0.02765506870931371,-0.02262675147695852
0.5670065958489648,-0.6795047777157208,0.3629531787281067,-0.7115794366832936,-0.29719548390523426,0.12525731362738893,-0.04623232170328171,-0.5463947693600711,-0.09086283627501043,0.0,0.7814993442548385,0.8336555031059641,0.6095574606197207,0.3663365674815704,0.2763426398075876,-0.6746717903847442,0.652909926190282,-0.33444791127660184,0.40303904117708783,-0.4639501170459422,0.30020765889853124,0.7391017457328614,0.29388965857773897,0.607061190329716,0.6803149328486114,0.8801390732700229,-0.3953631674517125,0.6323279645903017,0.03663330594008415,0.12966682719425593,-0.135133480011619,0.31149336550926043,-0.47312421273035254,-0.06262031840454257,0.3993637380959162,-0.3126100695765487,0.10650598327481507,0.4175350550436889,0.7171635601590848,0.7013903142788298,0.2852802892247658,0.4390747798499073,0.41767345691195473,0.349949751431485,-0.06004368059055146,-0.03296939126903093,0.27395041147211197,0.4390718589570414,0.6985223755096475,0.049130047986877264,0.4789166699875504,-0.45044233333837447,-0.3609360718100007,-0.6411334539316703,-0.41494455473546776,0.5810712083856782,-0.6257998280853049,-0.6986641296874748,0.8052917127850258,0.7176633298868804,0.7267393657181594,0.5735303178237784,0.5244108157809411,0.5244387472159394,-0.032914366409467904,0.2714481724100579,-0.18585718526300513,0.6717788043485511,-0.011025062520649087,-0.4533060015270059,-0.3680203994850966,0.8740112894744977,-0.0037704511667893004,0.5577115711658115,0.9136309651548167,0.8142871367203264,0.5870772336393579,0.12087997797735897,0.4223503458506966,0.26050374881512134,-0.05600019074410131,-0.4450571507743288,-0.46852689814771725,-0.3751839538016006,-0.40410546009623055,-0.17260699303533056,0.41599186609815747,0.746753985714736,-0.27828836463306744,-0.04562840446640155,0.2589534299096813,0.43491959725129103,-0.10301869201158304,0.35293897362901505,0.6095863589424465,0.25718676419613934,-0.1840594740902901,-0.38553249467824163,0.7550659122070976,0.39421806329450787
0.6274489072049697,-0.7922588543663802,0.3092429408032041,-0.7601123101694681,-0.5363564451477374,0.050962385251454474,-0.14906827521000995,-0.4569156999010571,0.00046571852842669916,0.7814993442548385,0.0,0.9014232889214141,0.8097427544169471,0.578914097041454,0.38194225727492126,-0.8245018331329882,0.7338103227342471,-0.5380675896479011,0.6123130618351921,-0.6622362465425103,0.32100746789755674,0.7479647417634973,0.14650636798729585,0.39911211599898716,0.7956243710315968,0.8664600610412083,-0.7038606801534072,0.42781789848772456,-0.17404122145755538,-0.050837519342533624,0.1622191304707369,0.5528124656348634,-0.5635419325931755,-0.3131858224576265,0.1058708377038935,-0.5440729141427872,-0.13167350813449938,0.5825796642117312,0.4556305094717061,0.44061761298420615,0.047170729115886496,0.6369939973114129,0.3097570663080623,0.48925064961449427,0.03264047910820255,-0.3604418227997431,0.11962414342061876,0.5430292976393603,0.5739396748345007,-0.13634374586635706,0.7317469904225676,-0.6491439466007248,-0.5501608285655571,-0.8317349914687929,-0.6236382161561949,0.7588753761995648,-0.7630903073525769,-0.7437176859924532,0.8950491180374156,0.8529337089055392,0.8448052835053038,0.7749315608988389,0.7306804420623363,0.7555449978532449,-0.058984327554229644,0.40687314497198285,-0.44045468779969554,0.8322327482379246,-0.2370552999393661,-0.6608675603725817,-0.5223879847683917,0.8429933915604275,-0.12580470496401042,0.2647203488897235,0.8827431930654713,0.8571500811178847,0.4149057159927806,-0.1378349475590062,0.7057716582807698,0.4690693789906712,-0.386493269095717,-0.7093496682483948,-0.5666343706387206,-0.6446373446335236,-0.6715497994099877,-0.5137897024485167,0.19829578466518916,0.6049343826220129,-0.5072304215726925,-0.3606797565419473,0.3179771213085207,0.5769715980446022,-0.2712964905753122,0.5808473638033693,0.41584156625701585,0.36038891918922783,-0.4159919441100832,-0.585753665950817,0.641409887712626,0.28165966758111377
0.5711117662456484,-0.7313945538173456,0.345765186023487,-0.7564041168021091,-0.4357295930665301,0.0899089823457719,-0.10945528908361479,-0.4767908566126201,-0.0399184498975852,0.8336555031059641,0.9014232889214141,0.0,0.7546382564685754,0.5670246915082245,0.4110499007599196,-0.7666173719537355,0.7799979608920138,-0.42664277653628174,0.5976843065882789,-0.5730759606358358,0.39363396954998336,0.7861232673373404,0.30557550596027516,0.537320405958926,0.7550626229912772,0.9157664376922714,-0.5811085527283718,0.5541969219188582,-0.05377196001766947,0.08625545593804515,0.002471103783560361,0.44906702549328786,-0.5911067706642004,-0.1808530906008254,0.26781852597898637,-0.4509724578532752,-0.029910942450821067,0.48874787568311645,0.5686363150409647,0.578845516232273,0.16767437300215865,0.5440010421499318,0.33442202205815186,0.4077124476185503,-0.0308582608591985,-0.22002374528834606,0.23112150950246874,0.5733539537243969,0.6128828874935731,-0.08211277061841013,0.6634398554360237,-0.5477697360404343,-0.4386688335429097,-0.7411862099482048,-0.5195201438319579,0.6978699823344705,-0.6704701242048915,-0.7043087856209513,0.8834234915201242,0.795633374518758,0.815153251896047,0.7114985247801127,0.6890477692556698,0.7018099890025883,0.030385528560010117,0.42541291940946624,-0.29370230254075447,0.821061063677373,-0.09005868589391564,-0.5532699839115602,-0.4343753039995002,0.9177099946391751,0.005508293331385495,0.44885128214592124,0.9188742518469106,0.8551132786989927,0.5489188769991837,0.026074432083423842,0.6075735306672959,0.4414034841647688,-0.22571428817929223,-0.5820846820564859,-0.5514229520981595,-0.5531077139214485,-0.5837350906805701,-0.3407439051191875,0.2952982125642044,0.7259811120762405,-0.40502304466192435,-0.2062617839876452,0.34407030936929295,0.5766959900937481,-0.13136869805738854,0.5415256247247912,0.5831336516478882,0.27914951021075257,-0.36093297052711526,-0.4434392290812043,0.6601649994789023,0.3033998536857196
0.6071978767230745,-0.7953392063183671,0.2574512182518692,-0.6837397764911541,-0.6799128814680788,-0.037266070201889,-0.18056241119272243,-0.26164236215138903,0.09656185786581128,0.6095574606197207,0.8097427544169471,0.7546382564685754,0.0,0.8005615304538218,0.5093759312136786,-0.781020156818292,0.768516181392915,-0.6317449501054023,0.8585151001998006,-0.7339665893742485,0.3981039673861502,0.6076150953981075,0.10696184004101927,0.15447662496743136,0.8150978022307667,0.7288252835557539,-0.8235713913667123,0.15735092215541086,-0.34576946656268714,-0.15068095764198733,0.42535215337305865,0.7579855330393784,-0.5680920215915891,-0.5127178363431342,-0.18714120629513553,-0.7074554356865626,-0.41880914400922,0.6554417742837865,0.09341061035886598,0.10821893079056728,-0.23164992875209073,0.7430894066290658,0.23839420400589345,0.5903435612096207,0.22621057528280902,-0.583559985050159,-0.06291605992700175,0.6114392543780245,0.24496446405339567,-0.4048413665418269,0.8999429657904787,-0.7115537147530597,-0.6166770940867192,-0.7887357090381515,-0.70361709246333,0.8140396740842682,-0.6750000558371635,-0.5572894401345647,0.8570704190644299,0.8415145214375535,0.8628410627872679,0.8958843062628026,0.9042411185778455,0.9237079588289325,0.0222158815358569,0.560300376513266,-0.5665673553155182,0.9356225128354372,-0.38201563373762853,-0.7224935911989411,-0.5585856576316052,0.7313316668731585,-0.134225769135433,-0.0020098980652009484,0.7021816305834349,0.7923866229145667,0.2266123618496478,-0.3100531672583929,0.85663725008669,0.6432919224898929,-0.614991040840091,-0.7870546253652738,-0.4576615372864204,-0.7191076238080851,-0.7603403945194095,-0.6769590651251777,-0.13893056278386856,0.39314952395504627,-0.6631422755850738,-0.5902716108232599,0.29947833737610896,0.6363745072302902,-0.31504704898475716,0.7583047905541895,0.29880790524188233,0.4329261099277811,-0.5100194534709521,-0.5210981782663384,0.3037326345622276,-0.001092597742519135
0.16003349517830778,-0.3572504927426719,0.28100824083691045,-0.5939397085229644,-0.434037674595116,0.16907681330641847,-0.2094948414137803,0.01740111665842857,0.2105847431331859,0.3663365674815704,0.578914097041454,0.5670246915082245,0.8005615304538218,0.0,0.806149620294959,-0.3717732535429188,0.7639077505200244,-0.12125869719148258,0.8511224793278928,-0.256293380739636,0.7339921233746137,0.5260681855393989,0.48136903105832834,0.24440596362700856,0.30065929040894224,0.45682639235354167,-0.623606049066019,0.17113241843994473,0.03328430118773285,0.2675484672750037,0.15202883735247602,0.38235769605768544,-0.6817520487777056,-0.12003496692442228,-0.049918490995184785,-0.30500467333095715,-0.18967993962543453,0.11988298925374061,-0.14993048385371677,-0.00043757234986018504,-0.06306107886977824,0.2582168338939844,-0.3331287727581046,0.05409586113207816,-0.1588764330512942,-0.4002096010190396,0.2527262715396525,0.8038284103020452,0.04081293316909466,-0.2195275829446723,0.7756874245394989,-0.20761188340566905,-0.08113696684532598,-0.3504168144786862,-0.21658106668500895,0.5667691111793542,-0.1132318121594142,-0.03818403214742989,0.44051189261962126,0.35021669928353544,0.4076933432744892,0.5344892938617322,0.7666721064020336,0.7311457533350351,0.5273201406581485,0.8374365514053707,-0.10129505309766677,0.7168446036693216,0.06389442134495284,-0.21875074436987677,-0.03641168599571284,0.5276268287483342,0.38314153832010983,0.07333757748607608,0.3158808608713248,0.2941468626470823,0.3395124138414087,0.06490636277881486,0.6713922785940537,0.8446112182341629,-0.3006620705467527,-0.3766008204454066,-0.5594096753148078,-0.7132394931735269,-0.7091971750527878,-0.34734537593246295,-0.09297344754860894,0.3628743272168786,-0.23432758959379807,-0.2735207323388378,0.5981146441280384,0.7747224377801145,0.2247174151229167,0.8299833664733586,0.3843745179209853,-0.11965174556924171,-0.7191856729251881,0.030008981101156747,-0.06803918042262534,-0.03557689259459322
-0.12738843288730645,0.08561942310574389,0.42289710040449097,-0.44460523954981906,-0.020877752929938646,0.5316203063211574,-0.06172800488251568,0.12183186229164027,0.35324745177905104,0.2763426398075876,0.38194225727492126,0.4110499007599196,0.5093759312136786,0.806149620294959,0.0,-0.0843385927625116,0.6427120431034604,0.24046159379700344,0.6529200277666874,0.11619375133054174,0.8664824408315025,0.4939071453556772,0.6539749117876,0.4294662280466714,0.03544493099885202,0.36092004880513956,-0.3243863207959671,0.38458838020383757,0.4314682921104581,0.5495448352261142,-0.16983343498370987,0.05273659487815228,-0.5110548847014319,0.23798752860583813,0.24408895022260738,0.09950178066667448,0.19248171644288325,-0.15036857548144317,0.02623890400395309,0.19177332295072716,0.223281461675612,-0.07831756605818437,-0.488160105954593,-0.19640406345321867,-0.40027616625928086,-0.07431427385329765,0.4616807980697584,0.8069983339758579,0.2832569835831009,0.16851877123807005,0.5124750631078185,0.1386920584060132,0.2404766728689645,-0.08912708663831899,0.14697799202297013,0.5588722656158919,0.1366044136890794,0.19050573230768877,0.22696725021627223,0.11626313682411483,0.15005264319187797,0.2403333363106143,0.6084160092245869,0.5081958388561408,0.7755755910715102,0.8446385096855579,0.2646985494658581,0.47818767950073116,0.3939142261487165,0.12377024672179701,0.34573168289642864,0.4369519596442242,0.6048996598639392,0.2559485424431689,0.23701230906372722,0.08930147009064543,0.5833702379062602,0.3752606873970033,0.40217933774706527,0.6701044522811762,0.05122078906202111,-0.06492712096049333,-0.570167817577105,-0.5295816722184239,-0.468732756409242,0.010449799883410544,0.22136394948978774,0.41524429704354116,0.16580505039024185,0.07369798121892696,0.6747218966246215,0.6842242179143628,0.4353950374816357,0.5656219073163137,0.34054474540897733,-0.3422070373162073,-0.5788563081990569,0.29510310920573474,0.14798030925108457,0.25233116571858943
-0.5065491878291957,0.8517041555985339,-0.025796617343042953,0.8253103640426351,0.5797291389417099,0.2117550645189092,0.3818111026956383,0.6226782170294833,0.2230963450653481,-0.6746717903847442,-0.8245018331329882,-0.7666173719537355,-0.781020156818292,-0.3717732535429188,-0.0843385927625116,0.0,-0.5769437824492124,0.5922458094899752,-0.411425889265449,0.7030682216889093,-0.046898062395070966,-0.6494080374782322,-0.032894233415901225,-0.25576316510551556,-0.6710578184848268,-0.6790096998816059,0.6744676516365894,-0.3428968101938898,0.32717674436500715,0.14253628793127895,-0.2553221451216119,-0.4412238538629512,0.6136237869065523,0.34898762820884055,-0.018673659228328567,0.5712323043164743,0.15538102973316884,-0.512614663005439,-0.34745366598017624,-0.3239032761805431,-0.07442784285635466,-0.5866609120447044,-0.31551751635855213,-0.47906167554216517,-0.05424068535913934,0.28662337282803,-0.09303487362756994,-0.3938457703726342,-0.43567226252388963,0.10617302476313173,-0.6179023000446566,0.6662329505690437,0.5661225381512807,0.8614511044145298,0.6647214306668241,-0.37693197667395345,0.8118837279144835,0.8537513981410723,-0.7744527727096021,-0.7437710145634185,-0.7309404895522081,-0.67979763772954,-0.4852784196763159,-0.6025061916664655,0.2382609385845459,-0.2142386018818883,0.5563766116333323,-0.7117771492661349,0.343494261419822,0.694168689770125,0.6570149055805428,-0.6794753855856241,0.23019010961414532,-0.17905906993817242,-0.7333320654682061,-0.6817030403470079,-0.16437906703760355,0.2162544782536703,-0.693607630269551,-0.40245168734064396,0.45535296288709864,0.6151893407126817,0.5155722257478247,0.6354986516343683,0.6729445043677921,0.5997627686389135,-0.15512382553298223,-0.5165165352854185,0.5485283359903953,0.38661561121880855,-0.3011095131442258,-0.5075157471580256,0.2885468814090563,-0.5404666400758432,-0.4363468859259904,-0.3639811898424209,0.4123105047623245,0.5273468311352093,-0.45177747681925806,-0.29893505938808673
0.1698668396972928,-0.3670121146363132,0.3930129327596367,-0.7158380646428686,-0.23833069324157444,0.3110660817745755,-0.13510478002573206,-0.2291917941306126,0.04130868572576938,0.652909926190282,0.7338103227342471,0.7799979608920138,0.768516181392915,0.7639077505200244,0.6427120431034604,-0.5769437824492124,0.0,-0.05640298398450697,0.7138940943200944,-0.2474611617360948,0.7421982922345501,0.764207972626859,0.617986962127262,0.5860451310784088,0.36946875570204113,0.7506268215510714,-0.5510456470280108,0.5101894118441662,0.21635696150348246,0.38987670542862696,-0.18382122984740776,0.1943722459790027,-0.7898827040344237,0.06618891793790156,0.2866810198188421,-0.2078426361071764,0.06233594515336582,0.05704169649068218,0.23825847672375394,0.40708996517660456,0.1907037448892936,0.18914515462738396,-0.2391484916966169,-0.040497312536513716,-0.377034765843208,-0.24443297537911335,0.47237595411554284,0.8160502335690931,0.3650496644617423,-0.0683676077293651,0.6698868412450896,-0.18857404872584996,-0.036988800772186074,-0.44311826102424584,-0.17006825588122937,0.581308330230787,-0.22383323126198978,-0.27125051186639665,0.5948534288126451,0.44129066263406524,0.4918989640596888,0.4774360549968199,0.6617837417854843,0.63270511202919,0.48638822328211273,0.7554024409832708,0.03618981110464822,0.7220268284180796,0.25382801179148423,-0.19235586247497166,-0.033450004047139624,0.7993139440597181,0.4633057896336267,0.4305387382085848,0.6181445351806014,0.49688258516346034,0.6436010852118015,0.28727701325182514,0.5642029489745517,0.7080566644107501,-0.05364854775444654,-0.37488157903539093,-0.7305459417944091,-0.6827572360444382,-0.6758851635834798,-0.18062878439913532,0.25429915931647185,0.6946608229898998,-0.12801482019678612,-0.039257897964148594,0.6440168945288129,0.7927134975700092,0.2604627005382986,0.7137737088764993,0.6327736584295539,-0.20846296052210112,-0.7000687720571471,-0.07230247329069751,0.2556994893383043,0.14670023532449078
-0.7218736027517592,0.8969515013022151,0.06260832794057525,0.3758434793633758,0.7722360071190119,0.4423118145880691,0.18109969969821665,0.2651660176151791,0.06494106894722179,-0.33444791127660184,-0.5380675896479011,-0.42664277653628174,-0.6317449501054023,-0.12125869719148258,0.24046159379700344,0.5922458094899752,-0.05640298398450697,0.0,-0.3202610639742731,0.8804007365710211,0.45002245046839195,-0.013191616318278058,0.6291120046509224,0.45306365970224693,-0.7777664651526383,-0.2421665675953298,0.5789882996528852,0.37584708348468204,0.8750885002492625,0.7818704006634456,-0.7678830457564697,-0.8131606836575103,0.022526875327851654,0.8550861564947553,0.6052342648171531,0.8725224451949346,0.7372648833211632,-0.8726300439350644,0.12897648132406683,0.2833961278316298,0.5889138880569591,-0.8739522313081196,-0.6681894908018804,-0.8680990155661809,-0.7345936740103634,0.6198674931184999,0.6396503573769671,0.1596800812280644,0.15902350903364418,0.6316209799385455,-0.46276913302217654,0.8898674838958792,0.90999669648043,0.6942151746742447,0.8997965657822795,-0.3149906780219376,0.7912603010661793,0.6536587417772537,-0.5888103907903407,-0.7183176743071538,-0.7088845614572569,-0.7261219018949739,-0.40237557154653325,-0.5140500883283776,0.730057877244814,0.23086201289877825,0.9258626009866874,-0.4976302756848132,0.8820848671367405,0.8828887166486558,0.9255520666838466,-0.18787118946660297,0.796769433890145,0.45775897672943966,-0.34629766353487534,-0.6330549227346025,0.5005766877861317,0.813724684204747,-0.5376012069911313,-0.027580429283190103,0.8302362770122813,0.7623259529371456,-0.16127306048385023,0.2491651765990792,0.3501067140217277,0.8005282344409734,0.5213505908053538,0.17871748918290584,0.8951776996099352,0.8170602570600184,0.39582077362722423,0.042982123620036276,0.8127562013185703,-0.2503219779614109,0.20427668562054363,-0.8379342848640181,-0.035314846679587404,0.804414188991065,-0.03600004556456368,0.2985359318863697
0.3569406293351744,-0.44215386074018914,0.421510742572308,-0.4924007136518326,-0.5119358200136531,0.22345990189701456,-0.041101835531470926,0.1232951502241526,0.369549360524743,0.40303904117708783,0.6123130618351921,0.5976843065882789,0.8585151001998006,0.8511224793278928,0.6529200277666874,-0.411425889265449,0.7138940943200944,-0.3202610639742731,0.0,-0.2829972828083463,0.6410984747922644,0.377914983535066,0.33101233174891387,0.14349060912002856,0.3926645406266632,0.4180236816760789,-0.5366721095207784,0.07669154369787265,-0.02565099036164978,0.13171798818629532,0.2160848554575955,0.4704366496438845,-0.4327592209096529,-0.2274348449677045,-0.13368364782860748,-0.348729205596121,-0.2800528195676377,0.264907948222033,-0.16636892944114176,-0.04053190448920032,-0.1995803688084903,0.34401954630338144,-0.1360955543906022,0.22304135388269694,0.04637082529276436,-0.4401339825974434,0.04871594681776158,0.6622340159250913,0.023551655120235146,-0.31005900633929656,0.6926290461494424,-0.2661950607502829,-0.18558218475900085,-0.30835905849494516,-0.2592777932204956,0.6972342351160756,-0.14180429609581416,0.009180543735696845,0.45477811412001706,0.4101786791019454,0.46803176772255134,0.5691163618149696,0.8033938188529011,0.7288825431543693,0.43392297469748564,0.7240409399890172,-0.14790384559858494,0.6865432415271899,-0.04523564954743053,-0.264655053459293,-0.06663795305601262,0.4743790753136371,0.2273767976224812,-0.01628920410541778,0.31571800036975184,0.38840657784273197,0.29702527906200954,-0.037860671886802415,0.5782553467631958,0.6226161341247789,-0.32647784986861306,-0.41040972245394314,-0.35926476239815447,-0.5436010399372263,-0.5397429385809098,-0.3030444060827074,-0.18456560825272228,0.22734109208278003,-0.28943047866443844,-0.3300309171013476,0.36232427808215667,0.5617279979562115,0.0035901307836403093,0.6297255465792819,0.17680578554907628,0.07687295271297408,-0.4917762403486945,-0.04845798120554295,-0.0024761249002686688,-0.1127035357235434
-0.6875047586115545,0.9283627846958556,-0.0009495065599304107,0.5270712298160798,0.7689880339847852,0.3737970050258203,0.2208666845516765,0.3449184870003768,0.12192957452637868,-0.4639501170459422,-0.6622362465425103,-0.5730759606358358,-0.7339665893742485,-0.256293380739636,0.11619375133054174,0.7030682216889093,-0.2474611617360948,0.8804007365710211,-0.2829972828083463,0.0,0.25869777518014603,-0.2678888225804308,0.41599431335332665,0.21364127852569972,-0.8451900272503745,-0.48969123601328035,0.7057719851607753,0.188536922685435,0.7813640651416319,0.6326057610898945,-0.6393222912965542,-0.7999426713626179,0.29517172240519207,0.7817515223086621,0.4629442244345766,0.8926848423541002,0.6685265199950698,-0.8204164894468223,0.0036416229946776755,0.10011787255059618,0.47225036739322546,-0.881789209632137,-0.5698730407554756,-0.7716371292587346,-0.5437885831648194,0.654356481654586,0.444761438511024,-0.04936136447926041,0.04089908001689741,0.6358099174112518,-0.6178505918693052,0.906643665121886,0.8685396781916731,0.8028696754231186,0.9095480216044352,-0.4014539865222687,0.8369136448959631,0.7554945515083085,-0.7420640228877299,-0.8071764114102129,-0.8116048767714804,-0.8010083276933043,-0.5003414797120744,-0.6195378841760418,0.6073820506846127,0.05005433186269354,0.8547073510482555,-0.6558361925471091,0.7573602519825231,0.9035564654866357,0.9197835876984147,-0.43288932222124693,0.6236378539577977,0.26260238353985677,-0.5398920320892531,-0.7658432526215335,0.2887174206089485,0.6766497608769872,-0.6551391742748558,-0.2364234148179523,0.7665187131855342,0.8393334286253868,0.08448623592242163,0.43405155439373194,0.5318119977209985,0.813473772337671,0.39756047171471354,-0.0792171449885695,0.8901182738564445,0.752812026486185,0.1824930171422596,-0.19633127661738195,0.6730967109545017,-0.45963477991051754,-0.06113148646819573,-0.7063868444245608,0.18534766678223127,0.8244680416809778,-0.1022494874778586,0.2692810336373066
