0,1,2,3,4,5,6,7,8,9,10,11,12,13,14,15,16,17,18,19,20,21,22,23,24,25,26,27,28,29,30,31,32,33,34,35,36,37,38,39,40,41,42,43,44,45,46,47,48,49,50,51,52,53,54,55,56,57,58,59,60,61,62,63,64,65,66,67,68,69,70,71,72,73,74,75,76,77,78,79,80,81,82,83,84,85,86,87,88,89,90,91,92,93,94,95,96,97,98,99
0.0,0.22349430614885804,0.3107187189656428,-0.26324779884731014,-0.1900333641318945,0.2835106728521834,0.6542023861555708,0.25858598866493904,0.25281508398714164,0.06432044845452622,0.4371821684885269,0.6172891515215773,0.6826166782509026,0.46114383798126646,0.6016277492124652,0.3824691774393819,0.5421950607088712,0.03769755505615822,0.4044946636328594,0.4552041376331041,0.5122248980706606,-0.13126623845578575,-0.11921294156526432,-0.36511481197612844,0.2563360294786926,-0.11478669354695355,-0.4231463864154387,-0.565368948568182,0.15163858733967187,-0.38176706594353105,0.2126513549124983,0.39344794541001693,0.4867869453453483,-0.3299682220759147,-0.4235954971897252,-0.4721011360027673,-0.40827349508260297,0.37224421180515704,0.1427824344247894,0.18861396465732908,-0.14897274563102134,0.09214915754824272,-0.06115153637856367,0.385311073384817,-0.3474103179917955,-0.07855146389471143,-0.3717552716076709,-0.477764393929948,0.4979678823800062,0.649633266095186,0.5917639017205941,0.142334726814368,0.4352493635167469,-0.2655674218288773,-0.016129458961774326,0.33114578943620754,0.21612370546379153,0.06024448709107458,0.001836326208731349,0.379269075316141,0.6371168328516663,0.7133751624609018,0.5187593448598028,0.4488424772095883,0.4112643818024454,0.5776067101511293,0.7116636722765471,0.4406622486806007,-0.3578906328228764,0.09763320154880081,0.47573854684296746,-0.31600329069825145,-0.12036210955963376,0.28479866895693784,-0.3886979796526618,-0.12628699306267302,0.24452301022197223,-0.49168873255761736,-0.14403225911132855,0.49439464378052883,-0.5299737224847625,-0.35312893903571246,-0.47243537450539635,-0.4258057756739737,-0.5983444180081916,-0.45098566600155804,-0.3920610998002722,-0.6356045831540902,-0.27883025897529534,-0.16381371630209277,0.046500662037534474,0.28558503281812886,-0.05887819201506156,-0.07523053290417524,-0.2445041776789631,0.35147222365293296,-0.2862020153136069,-0.4542353993326052,0.49257564779449287,0.3630928414296207
0.22349430614885804,0.0,0.7066827810236905,0.1262746110105194,0.5910690492466323,0.6725362018796434,0.17496775508942222,0.7781552929688293,0.6886554696736005,-0.33836128356026074,0.3057206303500363,-0.038936751263649275,0.014000811033451617,0.14399860971213918,0.44648876918379143,0.030264962227519034,-0.050546438712549005,0.4766881919781493,-0.047918096610516187,0.6200567706110574,0.5827310156442574,-0.4585235086390984,-0.006752917625444712,-0.35124769483749596,-0.025618812079580305,0.3633998475420733,-0.5397491657896145,-0.11278022509863396,0.716412687190679,-0.11278440926602472,-0.24981295688832628,-0.3780995105122657,-0.2722122628194674,-0.43586354310929654,-0.506815670057408,-0.36556491803628843,-0.375286641348822,-0.37346308521974053,-0.5453824994851759,-0.46288309907622205,-0.741632929702285,-0.48603473875893866,-0.5562554908227705,-0.18585928225410434,-0.41072317075221193,-0.6483853195688495,-0.6257774562245996,-0.14326823450994156,0.47482778648505136,-0.08837620783906024,0.6802186315040911,0.811356431837642,0.37480101508736,-0.193063192927627,0.6945801809420411,0.6074097159446512,0.8699243153675044,0.7175605593677505,-0.07213812876113107,0.2803240364747875,0.09128159801161502,0.0575516305690779,0.25288632402631916,0.08120844346000065,0.429534535789934,0.5053210452818918,0.3510141201979469,-0.037912915317868334,-0.25328033871742284,0.5306161933729738,0.43032085224810435,-0.20183525748076134,0.17316991627105574,-0.5546007636895832,-0.6103735489673813,0.5316310657845278,0.7412562163697312,0.31163048074579214,-0.3529314998328332,-0.37651954590342396,-0.2923221476880053,-0.47007596407101765,-0.3887818158603574,-0.2822748186186666,-0.01786287160619348,-0.23921633191313854,-0.158561318847217,-0.21749568742269085,0.4428373825556919,-0.5500831956630234,-0.281801147419398,-0.44359661865562217,-0.42368991462228783,-0.13970587414082092,-0.40847281206347447,-0.3732353427583105,-0.5326736947865052,0.13343543888422224,0.4408411613166374,-0.11459836537905858
0.3107187189656428,0.7066827810236905,0.0,-0.37913253224440263,0.37826555204161,0.9082772351020201,0.32266559367006886,0.9178342306954206,0.9136176640626243,-0.3093595923732873,0.6881775945622951,0.3155715346535763,0.2672725830889504,0.30963018914356083,0.6358632065177374,-0.09418167314763251,0.23355975637579005,0.41458085739110484,0.08069362545264773,0.8697396603873795,0.790594996264414,-0.6622800344247539,-0.12045346009298447,-0.26871308451728404,0.39376474409032436,0.2084198100273879,-0.5006520922931545,-0.21451424218922976,0.7623619499550995,-0.3278976373669945,-0.46159521805542497,-0.33306900021539093,-0.3203349935310787,-0.7489244805109158,-0.6939424111287221,-0.6059487331613516,-0.7380137917714733,-0.3567599205257542,-0.6162523496377278,-0.4365052541529512,-0.8749260643823044,-0.6183537101197838,-0.7237510370949017,-0.3041467963663235,-0.6517821568304148,-0.7384837995223398,-0.8430789717293956,-0.10502234487343765,0.7595037624614582,0.07467045399856771,0.8280558604295637,0.8576245226199253,0.3559673673753422,-0.5955126536981384,0.7380263938110372,0.8871510392127592,0.8509958757021218,0.8199181902713977,-0.020855314340689705,0.5521888637486965,0.38867296050934275,0.2686325980037589,0.47817365805190504,0.18636617038998013,0.5652673164057678,0.7301058369305171,0.5984190415678586,0.1028728332665651,-0.536358017622567,0.4160084538244328,0.6220742834654487,-0.521339555185246,0.08660653103392714,-0.35008191046258946,-0.8385371682752656,0.5491714049543581,0.8823951433818634,0.19162998119362126,-0.7373757446302831,-0.34965169060945145,-0.5862143829115481,-0.7304694414654832,-0.7079474757652726,-0.6050576277996507,-0.10914487128232861,-0.5906507072364369,-0.5678768966013378,-0.3628685676909792,0.399519735183764,-0.6906806585189565,-0.6203067486765339,-0.37113986505947694,-0.5122752875578059,-0.45911389991955587,-0.7753246368119467,-0.5660462019427983,-0.8422092853370479,0.01935750276673457,0.7031201282090027,-0.14007339563184415
-0.26324779884731014,0.1262746110105194,-0.37913253224440263,0.0,0.4362216234546117,-0.2732403293804365,-0.1741164262519849,-0.09768982886041835,-0.2596325729422732,-0.09789537692269737,-0.5183742566882907,-0.563387281457982,-0.42122891342659774,-0.23973892047508177,-0.21622456832546186,0.19704122038364946,-0.41976943395955113,0.18870155134405717,-0.19110824087242334,-0.2782641193680536,-0.23106751857460858,0.2740605752312434,0.21849711267668626,-0.0622477724788528,-0.6006610017549996,0.3893941057205264,-0.16474453445339604,0.1217508937179439,0.06808814139776635,0.2871392415331096,0.2346059827105042,-0.16845032498728818,-0.039403154359793066,0.45543643835097536,0.2175175402064583,0.29266633055653696,0.4465810315430268,-0.11087438501324176,0.01978175655269254,-0.09134435108857585,0.09655607359264062,0.09278773121813948,0.14595406218408727,0.06775420034410276,0.29702304091385134,-0.012936859115042025,0.24956778759153833,-0.02732571433364613,-0.3807781932517955,-0.2638364443628569,-0.12725596010198278,0.06483941116445573,0.14793526972702295,0.655162958150406,0.056931277483800426,-0.3484943970794228,0.15683683079426639,-0.045739410309212275,-0.09490020940931287,-0.3773121420276236,-0.44443616383359846,-0.3500297481924583,-0.3492912394548148,-0.17918915704038443,-0.13605374988947397,-0.2708681426804359,-0.3012148178450244,-0.22685960172794858,0.46892479050118974,0.30860721286873966,-0.21026303255194242,0.5096403123086176,0.20278208215523608,-0.326568036185676,0.38760162807585896,0.10467659300874584,-0.059408192846480204,0.2559319230082409,0.5372496263101096,-0.10311189263619766,0.4936256682316569,0.37509544483314755,0.47078130536982377,0.5162497149658537,0.20416861285743879,0.5759459012120984,0.6144025047563049,0.18052155496093342,0.17093959277896126,0.22339359358362465,0.5375895218021797,-0.1527076366732828,0.08188174618349804,0.46111840008876076,0.537476706159218,0.22626003251445373,0.41110020754675025,0.2804897499663555,-0.3262374944103487,0.08394991741388803
-0.1900333641318945,0.5910690492466323,0.37826555204161,0.4362216234546117,0.0,0.2595730110284252,-0.4046875862915227,0.36147711944280386,0.2986561274086601,-0.6078023475669441,0.033717233331412355,-0.526153155819749,-0.49243904924605736,-0.5289511573655895,-0.23165851537750776,-0.3868580942892784,-0.6433564154570008,0.03057740342283029,-0.6285885181303897,0.14452407151952834,-0.053959391948816,-0.41181854462095513,-0.28141151505037737,-0.3346939019290844,-0.03325308518545186,0.2787130229678131,-0.4704540402790252,-0.04569601642465402,0.48541394285978895,-0.2105473711967829,-0.4414341006518807,-0.6538972380329201,-0.6001031892076798,-0.08146059831892959,-0.31256423503108116,0.15741475043209807,-0.04880788643938846,-0.6597385795195603,-0.6093631640130458,-0.6494240155293552,-0.39600735554883393,-0.5579455135743926,-0.5188233700800997,-0.4122479388648044,-0.29572369820445976,-0.6073190132763652,-0.2513851763032899,0.1231228552302863,0.1282420570463582,-0.20872714364670283,0.16121126293265858,0.5316512663348433,-0.15910320390431396,0.4216894585821189,0.6462984256497707,0.20500054041859064,0.5451439216066079,0.5818763925661595,-0.45921770876171025,0.19538041653793636,-0.1727255396486127,-0.389821940542041,-0.4334895665312317,-0.5281106337622977,-0.2548847162449988,-0.15964880520701136,-0.1500166537205855,-0.6180109250215539,-0.10039978210373866,0.13700884060331514,-0.23139836192095506,-0.05666331455392142,-0.16372186261065733,-0.7124471857526882,-0.03398175073287125,0.646837692158929,0.38007074330008656,0.27494829128396014,-0.13504772802701903,-0.6314541502452686,0.30336672552169375,0.1634127474365521,0.004289550833500694,0.02365471089560353,0.27431164126396895,0.284708648815684,0.33928644339314207,0.1120232950397103,0.6821551060218972,0.07093991707947506,0.2080683282113788,-0.6362875888972396,-0.5122142574002816,-0.07021006929057111,0.01580715867049426,-0.3475891570259809,-0.1822977693848059,0.5075918081998303,0.19615136785182335,0.1537959223135565
0.2835106728521834,0.6725362018796434,0.9082772351020201,-0.2732403293804365,0.2595730110284252,0.0,0.25634720527995775,0.8952178592208002,0.9191708743246679,-0.3708236948169263,0.7173165870152223,0.30980602649604666,0.24793620970655897,0.2705250538433852,0.5977787488559616,-0.2014970074692795,0.21591480806754507,0.32116778589963196,0.03739469537286034,0.8665086333497798,0.7568508753052569,-0.6986948085525841,-0.17519471695062303,-0.26339205765797397,0.4454027274670617,0.21974223103873006,-0.4289600558673632,-0.1827996348866077,0.7785844299503031,-0.3551114022224631,-0.5293221767560679,-0.3877482243273085,-0.39173060712076957,-0.7907123412633831,-0.6917841700035224,-0.5599741279135987,-0.7279499280967147,-0.4184432332645178,-0.6649987217479232,-0.48777695229016815,-0.8636916567171348,-0.6445735159266883,-0.7606908236686329,-0.3099191228978709,-0.6635374709644194,-0.7476010794584874,-0.8245225180923328,0.0006153128105586555,0.7853601108529167,0.09418642508939729,0.7836976268361205,0.83312070328478,0.25356734002105924,-0.6296215755406036,0.7553904639255531,0.9050380620339077,0.7884682412759018,0.8287484534548089,-0.08760195606081513,0.5859525295477188,0.3921881571277421,0.25325100286662144,0.4374838695856381,0.12240690476085614,0.5073767601319824,0.6949328003415913,0.559070304590958,0.055682349973005356,-0.5812292649290277,0.30722045063539105,0.5612303641030165,-0.5593045570476478,0.024164241311693185,-0.3602337581687751,-0.8198858253482146,0.5954984026774883,0.8800171003300347,0.18272159761038248,-0.7909138449048897,-0.4057550083433677,-0.5582991476230812,-0.6980739883845661,-0.7058516422304443,-0.6216632899398935,-0.049479480433919545,-0.5763342050862358,-0.5555606368059678,-0.3058276304284008,0.43588813434039214,-0.6415032593427591,-0.6325809280064564,-0.42595096353558193,-0.5693629905308208,-0.48396419840815097,-0.7864324076296328,-0.5792694103679351,-0.8533513089136047,0.08651800579946972,0.7299693242189594,-0.108601201337944
0.6542023861555708,0.17496775508942222,0.32266559367006886,-0.1741164262519849,-0.4046875862915227,0.25634720527995775,0.0,0.27011029136627107,0.18139803747673033,0.43975681649046633,0.21982106835479176,0.5843478020872803,0.5956240432256835,0.7369401522295778,0.7230548031353183,0.6864991882167623,0.6981238296060556,0.4872773631002116,0.7108378272400632,0.4121622930170384,0.5939253887514954,0.13365668335545028,0.3925675202755108,0.0645907797708705,0.006466574263310371,-0.07444393367846167,-0.2249947045101276,-0.29476960417315967,0.06929391462065186,-0.014511222947437181,0.2759670352650908,0.45370670760488674,0.5230318137975665,-0.11264241697015527,-0.14279097588444892,-0.5589165896257391,-0.3602512060918887,0.5410320199229952,0.3630002335953488,0.49349154827977953,-0.11778323360518797,0.14504178236773552,0.09821779052549189,0.23673928127007737,-0.10701613442400547,0.06560784061604465,-0.25066918962994594,-0.39324464505809065,0.246785592076463,0.35354305279671233,0.5251269314505569,0.14792314005145854,0.7884276707354431,-0.3768242921019699,-0.14420866352552944,0.22972519634002186,0.2347159834329677,-0.06480075211829858,0.44595950769571563,0.03887180309115132,0.3425512232266372,0.537430333287059,0.6997555021872098,0.7063975960472295,0.7074195015686341,0.6780138386184442,0.7103975083888859,0.6925484861370715,0.009963464314429123,0.519121845723047,0.7321382180571046,-0.01234159444534714,0.416462905878544,0.5272465612088878,-0.30079898701187435,-0.3827504624949526,0.2529383318228739,-0.16787134104467724,-0.07420510120565817,0.49167981455490695,-0.5072561736732899,-0.4724650907407902,-0.32846951721718043,-0.1924833782956042,-0.3776345855059788,-0.4049644441358045,-0.47086521431524453,-0.537857200411997,-0.38236125035819435,-0.33199858743382943,-0.18031155871835802,0.5404246180355549,0.325723771024844,-0.12428771882218027,-0.23466966063288044,0.21560209782625658,-0.14502598215879972,-0.45935346324361837,0.2172290368570625,0.01259543219490407
0.25858598866493904,0.7781552929688293,0.9178342306954206,-0.09768982886041835,0.36147711944280386,0.8952178592208002,0.27011029136627107,0.0,0.8628400275651233,-0.2875297290621747,0.5244077656785103,0.16196785188795415,0.1382167696618528,0.28548893055989155,0.6096830601513566,-0.00349201030429457,0.13766387541992609,0.5418801105227756,0.0611384408294567,0.817616236153844,0.7592240572218526,-0.5809543997084022,0.01079362129116954,-0.2357474179073191,0.1898910850050515,0.2893796161854953,-0.5280257603717641,-0.14125785318790662,0.7868757957108907,-0.21443701861502604,-0.4362045017573676,-0.3969227634996042,-0.3602237875775304,-0.6362121536847346,-0.6180585323368222,-0.5623641766041275,-0.6385577042684991,-0.37537541363409643,-0.599662414063685,-0.42303976313156366,-0.8806265406593152,-0.6184427571671293,-0.6941580692968791,-0.3336449766136922,-0.5569796875862127,-0.7406762043896784,-0.7861040442308483,-0.09198440186461511,0.6367219514725393,-0.050175873597936314,0.800092187665041,0.9085446037579689,0.45421363038886126,-0.4718148499118137,0.7704190329511544,0.8119241121704414,0.9154370729168521,0.8123105639301637,0.01645281453213905,0.4097514729926269,0.21990400054548948,0.13868354855234064,0.42901787761284393,0.17712404587079195,0.589824897720391,0.6936936328344994,0.5348644505089455,0.07259670282926431,-0.38166262771281234,0.5759606147412707,0.6200806095272948,-0.35109386673791043,0.22696057320993554,-0.4182973251750432,-0.7586517483718382,0.531303359938764,0.8897179485940392,0.3151828885394023,-0.6306173414380115,-0.4213624359968045,-0.47515019470211384,-0.679652553226717,-0.5872491922566034,-0.4571501178662671,-0.016948957996488448,-0.44880159466850195,-0.43851172629492124,-0.3071539616349586,0.4423967974644777,-0.6886730491302773,-0.5553833065807958,-0.3954695315498345,-0.4493230270255244,-0.3815104053771768,-0.6610963975335261,-0.5571483625216478,-0.7322718948756755,0.09700210689733271,0.5864904053043124,-0.19640147507104275
0.25281508398714164,0.6886554696736005,0.9136176640626243,-0.2596325729422732,0.2986561274086601,0.9191708743246679,0.18139803747673033,0.8628400275651233,0.0,-0.38828460341512394,0.7055601647662771,0.2669838007190175,0.19603902265343232,0.19509659991232658,0.526366857029568,-0.25425936616901623,0.1336571850748607,0.3029313591743067,-0.03976716102020413,0.8339670076807565,0.7046556889102978,-0.7310687268938074,-0.22174773520170557,-0.2812415700952969,0.45712317484292303,0.14699916056364593,-0.4296368084595411,-0.16791159540086037,0.7543698156604656,-0.3609954418923257,-0.5661483692644069,-0.41897735272451814,-0.4225635926098466,-0.7783582854232778,-0.690392217583992,-0.5177423810812333,-0.719327004183594,-0.44988813007441636,-0.6829853649769915,-0.5149842744681413,-0.8565583507616608,-0.6766967504169247,-0.7728792480462013,-0.3654922215132956,-0.671817042521561,-0.7533177822337639,-0.810599508425487,0.011837704537733177,0.7659774990872924,0.05658063873287753,0.7496871635240724,0.8329543512586308,0.18546083494087334,-0.6101244637178828,0.7764379605234758,0.8928207450827311,0.7944007938344145,0.8421424791296216,-0.09922118009604619,0.5962237209593051,0.36721039089179425,0.202316011227282,0.3858664479284442,0.06720570936773125,0.44300830251540296,0.636330286841488,0.5153578167760144,-0.01337948297336649,-0.5986315185545714,0.28515968191098634,0.5052046353095218,-0.5823800018011034,-0.014435361695158891,-0.4008366472860938,-0.8334654801277728,0.5969045281570412,0.8441875854266357,0.19219502298873842,-0.806516254270355,-0.4512194132610515,-0.5406543043434691,-0.6737046999930801,-0.6999074610590331,-0.6332225103134435,-0.03401887591409602,-0.5696200875610943,-0.5477545035167317,-0.2720548462025098,0.4669896137383037,-0.6375618853774382,-0.6386480225090156,-0.45528949485936127,-0.5821899569431006,-0.5188442637542515,-0.7965180129134053,-0.6353973610693666,-0.8594690654613925,0.09991288316785105,0.7149189486224117,-0.13190998471260304
0.06432044845452622,-0.33836128356026074,-0.3093595923732873,-0.09789537692269737,-0.6078023475669441,-0.3708236948169263,0.43975681649046633,-0.2875297290621747,-0.38828460341512394,0.0,-0.22539520402840796,0.35928517835591617,0.22946465396137786,0.5428672341490133,0.183230890585857,0.6846450684390185,0.5106046449549775,0.5039869200209551,0.6464337965326482,-0.19380462660633643,0.05255485385561605,0.5990732295253621,0.6760436548607345,0.68523008452514,0.0016788028694691007,-0.18859759221204592,0.3505790909094902,0.28775032808032874,-0.5612426568976965,0.49801850841909967,0.4652870961522216,0.6669587354976851,0.5397609466275524,0.35701994800859277,0.4942544500571574,-0.19703823756109676,0.05505398726682233,0.7095348441115737,0.7067107695564926,0.8246990865364555,0.3141508665579969,0.49028714601906137,0.5698537092273389,0.07449798266473036,0.3774781246869491,0.5687454749564248,0.2842327361427025,-0.19102028485113415,-0.388341696680675,-0.2508079369699716,-0.13488720704804896,-0.35648762590745375,0.47820289111071523,-0.2891443418622966,-0.5785780379818536,-0.2892494116963975,-0.256082555295013,-0.49244015560205906,0.891263038275013,-0.43429393061966737,-0.14603969337413975,0.04520470306046737,0.46014951277793237,0.6298879447549092,0.40561070479876205,0.14146624858352352,0.1499845938972038,0.6379903453821333,0.45714039767186504,0.4222840553613528,0.39358896758079026,0.3652377325497549,0.6218019667595887,0.7553709591463595,0.1304125282571141,-0.7008917514299182,-0.33261473257958024,0.163373872934844,0.23530822675994356,0.5844550779596801,-0.18552356721347507,-0.20451864188321794,0.12496681958449674,0.22230070922484105,-0.09862474129483433,-0.17452322521002955,-0.3385547084394371,0.04615804116580547,-0.6003533323539387,-0.2451822661849261,-0.2881751648185244,0.8061944330513169,0.8306177581344077,0.041125856235491275,0.031367539837054204,0.10777660632620982,0.27823877847345796,-0.46659080189084134,-0.4559984778167117,-0.5604481259695644
0.4371821684885269,0.3057206303500363,0.6881775945622951,-0.5183742566882907,0.033717233331412355,0.7173165870152223,0.21982106835479176,0.5244077656785103,0.7055601647662771,-0.22539520402840796,0.0,0.5139591170720001,0.39292455704540497,0.09244257504226179,0.3519725909954508,-0.2765107779913324,0.2688855969128501,-0.06772401629919074,0.007945540168109588,0.607210751011539,0.43549841685690566,-0.6207793641003436,-0.42544283542752004,-0.14333989772095787,0.8054915891640697,-0.2900381118909148,-0.412023772388483,-0.4749659319959209,0.36956650699079396,-0.6006346135823892,-0.4729522877487684,-0.09852318015061666,-0.0977295820804697,-0.5061305587220646,-0.6143839280054351,-0.34261885119142,-0.7093729992202132,-0.14887471120309742,-0.3362822426360952,-0.22149677458703718,-0.3726834891313267,-0.45837368008149487,-0.5443323936769144,-0.29315133206353094,-0.7351833659424227,-0.4737200112991908,-0.5530448654220536,-0.021261366106737557,0.7138513086971277,0.4699245820293068,0.49487162781742117,0.33943967535519226,-0.059455327943841146,-0.41931464111249794,0.3654649405729041,0.6458220963424641,0.2906927581777035,0.46321560802613976,-0.14296507942962344,0.7765050680801088,0.672128759865062,0.4091241849631683,0.252170309207136,-0.001792012115085627,0.15882032306886804,0.4268129087232064,0.564701223353807,-0.004278405701070721,-0.6527075055861435,-0.1268827739651071,0.2921876910251051,-0.7609924396501575,-0.36522521863629365,0.05581296661454492,-0.5424026560292159,0.2991588135466987,0.43193488498859844,-0.3377750407194084,-0.7154213512777935,-0.08523654970960821,-0.5050848415852913,-0.35544628082821583,-0.7241463292191455,-0.7428901860702541,-0.29950469843032024,-0.5992913661656277,-0.5929341538265497,-0.46045847701697545,0.19763845604928504,-0.18301175634190192,-0.34160757128921704,-0.06058457857130863,-0.4193530808130496,-0.6373877762834592,-0.7013662896044863,-0.3733644954415216,-0.7099597281211395,-0.1152689948079644,0.7268884246816323,0.2545535182256074
0.6172891515215773,-0.038936751263649275,0.3155715346535763,-0.563387281457982,-0.526153155819749,0.30980602649604666,0.5843478020872803,0.16196785188795415,0.2669838007190175,0.35928517835591617,0.5139591170720001,0.0,0.8106422481210208,0.5843243606601439,0.5383105691745477,0.3126848570089406,0.7684870586461003,0.001788613315245019,0.5557630324054886,0.40439118222503373,0.47323039704987085,-0.0875194280550642,-0.0824935934126343,-0.04285003195778032,0.5994613445710747,-0.3865856438041598,-0.11741049960983849,-0.4114542549287248,-0.16314520168757035,-0.3446496458207056,0.12554616665002855,0.6026242878393316,0.5058369675786643,-0.43945666355196905,-0.30389496556035206,-0.5989146688457432,-0.5527068571515592,0.5436461521600624,0.3022267080524954,0.4281711976400341,-0.07271854335095049,0.18813691655030199,0.05857138376439429,0.2470375852168245,-0.34155515141786685,0.13170441011429035,-0.3522956198601542,-0.48123698187459113,0.45467736996120345,0.5060950691983358,0.43786310288092223,-0.08981844100163955,0.28403360908891107,-0.6775330752925617,-0.23320712069760757,0.35348231259749985,-0.04209086107896356,-0.07261584796601847,0.3270218766511257,0.3813401908753934,0.7045532603252976,0.7347908039009978,0.7060869284556561,0.6013741547286067,0.44292905067573474,0.5635848646932673,0.7074762116478753,0.6202411778715207,-0.4531864277728289,-0.056524486554988346,0.5380858367338875,-0.4534868482316141,-0.08215401928452108,0.6199555788082836,-0.46841836190556796,-0.32506810297487243,0.054435387921709384,-0.48444235993938833,-0.3755875547759451,0.606272319952065,-0.7553538554577431,-0.5526850256799668,-0.5979787052171814,-0.5707142059567035,-0.6293677636073517,-0.7592447784425489,-0.7667502806033109,-0.5400047124243005,-0.517546272471546,-0.33592362910933476,-0.42028892111634913,0.5504032714647455,0.16204717761217052,-0.29760985464104117,-0.47911850968265296,0.1500830583887367,-0.3729209704454828,-0.704228382873552,0.4098622887452901,0.004570555073771132
0.6826166782509026,0.014000811033451617,0.2672725830889504,-0.42122891342659774,-0.49243904924605736,0.24793620970655897,0.5956240432256835,0.1382167696618528,0.19603902265343232,0.22946465396137786,0.39292455704540497,0.8106422481210208,0.0,0.6091683748356045,0.606266524623588,0.3884169156958199,0.7423563283450377,-0.07679787307085259,0.5748323081323798,0.36649823079642174,0.4950450453763878,-0.056660259856421015,-0.14027719582818143,-0.3074935216685972,0.21284032499389982,-0.254106189725795,-0.20124767105029343,-0.5665197743471887,-0.05438100347961901,-0.34412197171453246,0.336903151055824,0.5948701232058649,0.6194296240188067,-0.44718090110840714,-0.356782670402968,-0.621909940659094,-0.41262512145210734,0.5356460317569054,0.271609041993813,0.3107508428800205,-0.08318312313333764,0.3242196536092441,0.12791027742730357,0.5285280184786425,-0.2452278500598884,0.14717364417687373,-0.37195438635982525,-0.6270116886728846,0.4365799075472963,0.5802082496151024,0.47908772391695204,-0.09847922247539403,0.3143614248677056,-0.5156729017138785,-0.29087144481508803,0.27231204614013615,-0.016550423910604118,-0.14290527600653843,0.11214589220621153,0.3273733038424509,0.7237320277610588,0.8738746637612882,0.6761833325340846,0.6242354034664646,0.43633223991485576,0.5893268331709773,0.6445208021242368,0.6310263341623407,-0.4674129483879204,-0.09847823068088957,0.4884834037128694,-0.4125936595540035,-0.1534168185914632,0.4246450772105005,-0.5067669442031789,-0.257115347058457,0.03859373583855177,-0.6184078619051848,-0.1686537147130724,0.6288220081337539,-0.7414517057055907,-0.5282519627035317,-0.5419958622730092,-0.5341029551985873,-0.7834176565993912,-0.6965120359760295,-0.5822257082766904,-0.6932923521745039,-0.6102366635867121,-0.34206198003760435,-0.26724334744335015,0.4155932546469749,0.046425110672433656,-0.02524455305270179,-0.3369450003789485,0.3746943763560989,-0.30802869397134475,-0.7660053607331885,0.3881562834119844,0.12510637112021075
0.46114383798126646,0.14399860971213918,0.30963018914356083,-0.23973892047508177,-0.5289511573655895,0.2705250538433852,0.7369401522295778,0.28548893055989155,0.19509659991232658,0.5428672341490133,0.09244257504226179,0.5843243606601439,0.6091683748356045,0.0,0.7600717124598497,0.6802317489166984,0.8016509672355129,0.5436961036450723,0.8479573112954673,0.36060310713459215,0.6315544217981228,0.27222393025527,0.5392875751206625,0.1896776196413658,-0.13149148857688736,0.23773466765298112,0.060716007193137654,-0.002363974343964634,0.08509023769202823,0.2793252134881317,0.43762661225013283,0.4857190507554697,0.515111772142656,-0.1583155953864375,0.019429607594492495,-0.5513749980994349,-0.1923555573766212,0.5377926234363151,0.34172431784507024,0.46443103648232104,-0.1673766157757182,0.3183287315900963,0.2119997073733563,0.41208161558813194,0.10461671114210658,0.1781676560990246,-0.18402845887705674,-0.2883124118251004,0.16008373096351702,0.12448170818380663,0.43260570523856073,0.10710434586581007,0.7446175442072821,-0.5737703561933115,-0.20370119509327952,0.21689156420719433,0.15075423449780986,-0.12961731258086404,0.5767490239417357,-0.13413042954148424,0.18647949109309941,0.488743713598143,0.7782110272701941,0.8128227820124723,0.823975868656072,0.6948753512926705,0.5162452506432575,0.8290122226681764,0.11039286335563074,0.5015514108334648,0.757041342981294,0.12185438443177395,0.555997037636431,0.4225567394709059,-0.3426541553004056,-0.30717175183011347,0.24814453202336087,0.036359284427082736,-0.0072678433204262935,0.4766257171803641,-0.5211724954917702,-0.5897849440583767,-0.23335069300685587,-0.08078957381634189,-0.2901929173544273,-0.4175230847175434,-0.43422147219613294,-0.31138686904196633,-0.47526845973743237,-0.5488424270899519,-0.38467455555576646,0.46360541541143657,0.3593257225662938,0.12424216681481139,-0.23255702013314644,0.2237826812406948,-0.12388310980257948,-0.45199899419567224,0.05494042719931558,-0.286735241968751
0.6016277492124652,0.44648876918379143,0.6358632065177374,-0.21622456832546186,-0.23165851537750776,0.5977787488559616,0.7230548031353183,0.6096830601513566,0.526366857029568,0.183230890585857,0.3519725909954508,0.5383105691745477,0.606266524623588,0.7600717124598497,0.0,0.5130782624660621,0.6802570725281646,0.5244498061191234,0.678062695706373,0.6217465461041503,0.7750832664408883,-0.08127310032595925,0.3039017718019197,-0.06541330333717395,-0.02803551817524008,0.2509590859098895,-0.27519043145071725,-0.26465329451423447,0.4337306493729624,-0.015065464457666206,0.18366971294783693,0.20823493639493676,0.3288643674775684,-0.3202449587886903,-0.3117993142980549,-0.5996984654379958,-0.4137255576717836,0.2674205374593779,0.028063627496111673,0.1461265492805841,-0.4090406906774728,-0.004404602309984188,-0.1416478546322997,0.25670227596451084,-0.2173396769961847,-0.19229603470335283,-0.4470167546703656,-0.2560882650562008,0.45203493116251553,0.31199979496182956,0.6800102402647618,0.40326693881879355,0.7405785265730594,-0.4775808205396256,0.12250570593232224,0.48134193547862036,0.44559049091366587,0.1986797691286641,0.27288015393994136,0.1815074132198068,0.36845584544487436,0.5596117624558457,0.7005323568031186,0.6347565579893103,0.8025625511618165,0.7962934239882294,0.6734268923363745,0.6265768923673122,-0.12851525078658652,0.5200784138004679,0.7744753413157688,-0.13643396097699195,0.361546370674125,0.1793392334591245,-0.5230874880158108,-0.0013739692141436087,0.5354504924696043,-0.05593167971969303,-0.21999123166395165,0.24615827051096753,-0.5659927352734572,-0.6127893279834098,-0.4481801620403896,-0.30937513313832316,-0.3252920980228288,-0.47511295507199097,-0.44376510837249256,-0.5153724792967084,-0.17930987997839945,-0.5323550619126863,-0.3207219591968113,0.20069281601484662,0.008133589471160779,-0.06261867464891131,-0.4067998207594375,0.06705863926692822,-0.3887577980555307,-0.2949429877318827,0.3886498746018659,-0.016916800088469304
0.3824691774393819,0.030264962227519034,-0.09418167314763251,0.19704122038364946,-0.3868580942892784,-0.2014970074692795,0.6864991882167623,-0.00349201030429457,-0.25425936616901623,0.6846450684390185,-0.2765107779913324,0.3126848570089406,0.3884169156958199,0.6802317489166984,0.5130782624660621,0.0,0.5140127383026073,0.5810131922048332,0.6808933526396219,0.053456030076847606,0.33246735808995614,0.49563804217957746,0.6228554669743194,0.22884957083509988,-0.3684769093380685,0.12375580662237842,-0.0629486766585771,-0.03174091295183589,-0.14003878603419778,0.36304006636968394,0.5931155489075574,0.5408435465063539,0.6086492497895443,0.24095448260122257,0.2018533820690601,-0.35263373752302507,0.02871849384976399,0.6211089812676602,0.5354314573168556,0.5986743365564648,0.07758618930755302,0.4276060355654265,0.4145095857704573,0.34843089174356373,0.2744244232947079,0.3015847100191228,0.05394121807066822,-0.4094486978990613,-0.17112248308829153,0.006573871722379615,0.2516681888056149,-0.03635967413055674,0.780046483222044,-0.067812489492543,-0.34480980656057825,-0.14404567912486718,0.10908531148158135,-0.3077026051502283,0.5868532143343548,-0.3537263979050117,-0.016832631435084726,0.28565116892132536,0.5117990739433228,0.6834140764034381,0.5946918644638521,0.4111201942925163,0.3571067693907982,0.6597522675396809,0.39432767878761266,0.6199017488269503,0.5512776273121243,0.38860631630355896,0.5998508819856542,0.4483675931279592,-0.0051900707950072586,-0.47054025305543035,-0.005276819805793691,0.05319696832742896,0.3588866350100229,0.5712794176412355,-0.21776241840401897,-0.26423406114531145,0.06207284573797973,0.20335893814348002,-0.2764195500125441,-0.09664214050468639,-0.14323268913852924,-0.2769021305771611,-0.49332356985274045,-0.2833046308854223,0.01392998427261565,0.5869805324607948,0.5639963265987143,0.28559349135993567,0.12677594537725717,0.36726240892205003,0.20749546328661747,-0.4183557653714696,-0.20379132046023749,-0.20546004842152638
0.5421950607088712,-0.050546438712549005,0.23355975637579005,-0.41976943395955113,-0.6433564154570008,0.21591480806754507,0.6981238296060556,0.13766387541992609,0.1336571850748607,0.5106046449549775,0.2688855969128501,0.7684870586461003,0.7423563283450377,0.8016509672355129,0.6802570725281646,0.5140127383026073,0.0,0.2837631411994502,0.7746130799484509,0.31292600000002435,0.52376750892817,0.19400211587428054,0.3196811754944271,0.20503769316617554,0.1425688071829944,0.10351469297537584,0.022196065944670385,-0.16639513186065905,-0.04089374542926837,0.04638010895732759,0.34113826856260276,0.5359433728239267,0.4791309917842522,-0.21718696347474634,-0.051405858813692994,-0.5719906793458789,-0.30577596803527435,0.5314592589058859,0.3428069795446938,0.4704529092590722,-0.07756719513652065,0.34435965494721055,0.2044899300439038,0.35610842650773467,-0.02642820214070397,0.190787110921532,-0.2025425844531094,-0.3407203455501568,0.2073010695258165,0.24034483036097345,0.3580530799875465,-0.06485077588369713,0.5336927389239001,-0.5333809771601384,-0.29824757837795535,0.19307406762973287,-0.03194854486329269,-0.18990688433625108,0.45562731261478423,0.041379087615473674,0.3775384934784178,0.5779503468040811,0.6990276367182007,0.7146061973096648,0.6539380964935537,0.5952711829308655,0.5313375425954404,0.7533434841085654,-0.04867391809638766,0.24258484862229307,0.6311115065179286,-0.06606830119704493,0.30469414389956806,0.5436292009553164,-0.273680707724454,-0.26287005327100754,0.12699492821917238,-0.1896717188420403,-0.10534324966613157,0.5499740616710419,-0.5440353482651439,-0.5118186923537613,-0.32186040345196515,-0.21586317487412332,-0.4189697167164989,-0.5033982005581543,-0.5246616496491927,-0.4011132365675921,-0.5445539213242481,-0.3968043544384901,-0.3802813571760817,0.5230580133570115,0.30117851058128753,0.032867611025092544,-0.26300682152720334,0.2377490343395102,-0.1638178233450078,-0.537971599290775,0.13953953773699554,-0.16352847017219932
0.03769755505615822,0.4766881919781493,0.41458085739110484,0.18870155134405717,0.03057740342283029,0.32116778589963196,0.4872773631002116,0.5418801105227756,0.3029313591743067,0.5039869200209551,-0.06772401629919074,0.001788613315245019,-0.07679787307085259,0.5436961036450723,0.5244498061191234,0.5810131922048332,0.2837631411994502,0.0,0.44387519087681754,0.2599443729795116,0.4307422686676462,0.16483810672830515,0.6734188493129785,0.4597169698152432,-0.20717656758005082,0.2573511914819408,-0.12480894588560111,0.22846567380858238,0.2214834299024564,0.4433055824839299,0.0996427413991431,0.028182106967380376,0.0657823373925494,0.1697094284866168,0.10613030252253443,-0.28268363319470124,-0.14620396926923696,0.14299865343762871,0.0893980720645779,0.23626118950165423,-0.28713934148708864,-0.08825741372609809,-0.02213297426053535,-0.2674827228237046,0.0617545192419534,-0.11973738337003437,-0.12836218306671618,-0.006025064351999758,-0.0790619909177347,-0.37361835895384954,0.28778759401877935,0.38791055980142386,0.7127668860198964,-0.1648359397161566,0.12419951962878244,0.14639745445116395,0.4603599537649475,0.15343857247194834,0.6230982522425137,-0.22542502446521961,-0.24520223562065177,-0.1414728931549601,0.36894182743536813,0.42054044085759323,0.6269936444686873,0.41499241738822,0.23712929070743058,0.3581860761126893,0.39649322630012485,0.8622989288621047,0.5857024465584816,0.2729665773383344,0.7456974639871086,0.1010116990503348,-0.18624375495581277,-0.08169771534474854,0.3494001328930813,0.5059262968422849,-0.014827337533687574,-0.030473829339486048,-0.13356555008786253,-0.3550337348753009,-0.047938839115785475,0.12637363571176743,0.12859607562266426,-0.08657522281056348,-0.19966729159224422,-0.053725351388402086,0.022992776726123983,-0.4987615812267154,-0.35041125473199586,0.21788790067636088,0.3353833152635183,-0.08373391048561087,-0.21508424644273283,-0.3160827580722751,-0.10222732235576014,0.003375423070897656,-0.13503678903369912,-0.48733323140988677
0.4044946636328594,-0.047918096610516187,0.08069362545264773,-0.19110824087242334,-0.6285885181303897,0.03739469537286034,0.7108378272400632,0.0611384408294567,-0.03976716102020413,0.6464337965326482,0.007945540168109588,0.5557630324054886,0.5748323081323798,0.8479573112954673,0.678062695706373,0.6808933526396219,0.7746130799484509,0.44387519087681754,0.0,0.20431359376277447,0.4847275569171239,0.3758800137146309,0.5611126469586721,0.32686699799896396,-0.1477503511497285,0.2062907135999169,0.06029260420811642,-0.028697555457847208,-0.03790373968163602,0.29584761368352996,0.48358195677110105,0.5202756412016578,0.5404826681078858,0.04127937819215868,0.12417073045642449,-0.4515004336056081,-0.10548773262411522,0.5783144382180355,0.43442183702602993,0.537020449837689,-0.0059947607786721415,0.40653830037218,0.31411282011441344,0.3659405555526244,0.15252327304762867,0.25804420346457213,-0.046605211424794846,-0.2722964056435696,0.007477999714120318,0.09593505440349354,0.2659348036444597,-0.05358660520573485,0.6781159257797538,-0.3922625126197045,-0.3465048811009324,0.04233921865551065,-0.005568561020988428,-0.2731486414892999,0.5854536565920055,-0.18066771949536659,0.15086617602237498,0.4212497799737318,0.6506344030575572,0.7476740859950687,0.7160847341442499,0.5529244537119389,0.4069766984867356,0.777458702078729,0.2239055290811514,0.4489887270391877,0.6436798961468648,0.17736171162411585,0.5279574856098794,0.4991826493797692,-0.15275548662665736,-0.3544659484940051,0.09200504434863703,-0.03341678457402539,0.10362511341014237,0.5129957385843223,-0.39264419201811074,-0.4284865370571544,-0.14159019591867553,0.0032111681548017677,-0.3096649244215744,-0.31599490086726645,-0.3445622561811945,-0.30812809373491107,-0.5339120383099273,-0.39799539922086286,-0.2778137297990758,0.5547022872790591,0.44808433539029235,0.16277865325877122,-0.1208357884412418,0.2701385208338565,-0.0015040758982349427,-0.4586268485012169,-0.07119143849589589,-0.24944996525748958
0.4552041376331041,0.6200567706110574,0.8697396603873795,-0.2782641193680536,0.14452407151952834,0.8665086333497798,0.4121622930170384,0.817616236153844,0.8339670076807565,-0.19380462660633643,0.607210751011539,0.40439118222503373,0.36649823079642174,0.36060310713459215,0.6217465461041503,0.053456030076847606,0.31292600000002435,0.2599443729795116,0.20431359376277447,0.0,0.8463094245318418,-0.6050819415942186,-0.09270197790610281,-0.24548955759845373,0.3992515251586226,0.13880783302291924,-0.5462516746757478,-0.4034592882241498,0.7316064767711964,-0.424011215779441,-0.3852621454673623,-0.20299442805939313,-0.14885325819927964,-0.694896058741398,-0.7095812476366761,-0.6689085797711062,-0.7912527202055294,-0.19524069788118825,-0.4664392660786065,-0.28771712140475236,-0.7565665700608144,-0.5411295599776058,-0.6588431347021696,-0.19240776992319392,-0.6678358694124784,-0.6656746554859724,-0.8045221116482889,-0.13608944401706463,0.8046163394114647,0.32286038615745843,0.8738857127979474,0.7602216513150962,0.4805787705821455,-0.5560998753447827,0.6037681468207251,0.8538510362259507,0.7463437685502637,0.6847580382664687,-0.03852873511023393,0.6072164520528217,0.5378537693441029,0.4531111093594069,0.5507469938542687,0.2876621442742461,0.6314123211005452,0.825376339876641,0.7655213802589009,0.24184090423418445,-0.5281922288143196,0.3984961121022675,0.698350572491149,-0.5445464719351684,0.06672240176996445,-0.13139917321338535,-0.7663078443469921,0.412674291866104,0.8541220404858618,-0.024981547005874485,-0.6995003545265988,-0.17300165311956092,-0.6243492104464213,-0.6861796091737733,-0.7472103368603124,-0.6384212723400389,-0.22933638731467015,-0.6101739361019253,-0.6078254943954051,-0.5591049035706004,0.2619477371270286,-0.5585571453366268,-0.4935053371297923,-0.19858535457335066,-0.4470793861176091,-0.48517955237067867,-0.7445690647666324,-0.38477816419513755,-0.792725290814484,-0.05957978097164908,0.7680541000573728,0.07896061350369526
