0,1,2,3,4,5,6,7,8,9,10,11,12,13,14,15,16,17,18,19,20,21,22,23,24,25,26,27,28,29,30,31,32,33,34,35,36,37,38,39,40,41,42,43,44,45,46,47,48,49,50,51,52,53,54,55,56,57,58,59,60,61,62,63,64,65,66,67,68,69,70,71,72,73,74,75,76,77,78,79,80,81,82,83,84,85,86,87,88,89,90,91,92,93,94,95,96,97,98,99
0.0,0.659932621740033,0.6236223310199124,0.47270732423968764,0.5621930945456765,0.43477527805285915,0.3151899150106906,0.2584565884076128,0.03144681749508025,0.7599018441583043,0.745187363667083,0.7133915289689308,-0.42396704653149814,-0.698361482349908,-0.6332069349077608,0.6033264059685028,-0.4736020445145186,-0.4342502730551746,-0.577271565053419,-0.8118699698608204,-0.7595911863518411,-0.15431651019027942,-0.22667711259664064,-0.6674683953616475,0.6541418433036285,0.45493136054597405,-0.17510492092785485,-0.1303848116741166,-0.8261940466890155,-0.1068326790856845,-0.1523516536667453,0.5761718816202162,-0.48715011146376663,-0.7607545277724606,-0.1764842417470333,-0.6368234100114499,-0.7402647375960313,-0.18313819043888133,0.351180380252055,0.3007095221491867,-0.779535533803933,0.15484338683772192,0.028870719166634563,-0.06032104419268899,-0.24261559613629513,-0.3458611589922465,-0.37127949799931587,-0.288809592061134,0.19954008304714865,-0.7572875994474045,0.732413683975095,0.6832556688412641,0.5158400272124769,0.43883315236089976,0.5195348090688656,0.3416249339344841,0.2638742872690299,0.06326378846560149,0.4427296863063867,0.4728021376487003,0.3299415481391283,-0.505430536245728,-0.8316594019515975,-0.8250121505091105,-0.8110831698568154,-0.5224514542085561,0.17798852171562196,-0.6838382979750504,-0.6658322228798406,-0.33907200033056106,-0.8197655196208447,-0.5816111159191397,-0.5293037751216075,0.1376509925186868,-0.08829781623566732,0.7255900572347933,-0.8393094995474057,-0.21789492059721025,-0.3932504586770864,0.5492424646991805,-0.7726350889886356,-0.6395776574339299,-0.24385363053971362,-0.7104888777819813,-0.4328643759673698,-0.643801891630024,-0.7702985125919224,-0.1338195236988123,-0.7348704160625147,-0.4275001147602557,-0.6545065673052994,0.6389836867848232,0.0720359563553203,-0.04147339789170538,-0.14844822525053658,-0.10377814244899157,-0.3110628276675688,-0.4461396734197944,0.10221724265255173,-0.6432571734675814
0.659932621740033,0.0,0.9144162932549551,0.8527712750043981,0.9067890423296867,0.8354554022053129,0.7587541986360016,0.7133859287003275,0.5338582785295822,0.8523508898865544,0.7474789695219116,0.8325732373009914,0.0849356850959237,-0.8368110977098315,-0.847995473327515,0.9128519720369676,-0.014024535539068085,-0.002453736008570025,-0.22960082674773477,-0.8441031716593188,-0.8223760883190395,-0.2137914463954339,-0.6035516933939155,-0.26253968197476957,0.36203982418223357,0.024243806843563472,-0.6121433955972578,-0.5790618842333661,-0.8271515056373214,-0.5050165757755124,-0.6397108793816868,0.23144261125284,-0.7934622215349237,-0.5727351012899453,-0.6034036174453892,-0.26274057323795763,-0.8836095598458108,-0.5757035394891357,0.03197892003905049,0.7662922446021562,-0.5761326193815102,-0.3471862740104151,-0.4636606191186888,-0.5578547910348546,-0.6753162510043912,-0.7489729499420337,-0.7684854641805484,-0.7148928949221355,0.6539790867180093,-0.5259014315205814,0.9249399439956251,0.9326136753547342,0.8776018283612411,0.8435399466110666,0.8785651704464615,0.7793532668263441,0.7151675357693347,0.5587937957945065,0.8423784284373065,0.8277863246059692,0.7917663827298098,-0.04468169750282772,-0.6687855455203121,-0.7256522569772095,-0.8182030471632692,-0.8035617501167048,0.6564377658344883,-0.34632838494095636,-0.3260426193720023,0.12822491451415644,-0.8115051363174973,-0.23718513184967907,-0.7951799484038968,0.637892529869619,0.44662097474843787,0.7047127426251453,-0.7207774214568811,-0.5879030611801782,-0.8108947355546477,0.30386144199726417,-0.4982398472167099,-0.2915765561992411,-0.6647129414519434,-0.5065968102926403,-0.7852910599194942,-0.8818041704335751,-0.8736058814197629,-0.58387416145387,-0.44358741656272177,0.03152879586172722,-0.664289162897238,0.8866220965859416,0.6073887959467017,-0.5334946265166622,-0.5776351419821234,-0.5879756419089904,-0.7225597887039715,-0.8157821701402883,0.579921463054739,-0.3128964362283242
0.6236223310199124,0.9144162932549551,0.0,0.8841303446829345,0.9280770700505436,0.8668216809886875,0.7947866204553512,0.7527367053966956,0.5844757852267426,0.844623116994287,0.7464919092192663,0.8305051750116572,0.1430954814353764,-0.8447089294364535,-0.8637139305097499,0.9286553883245527,0.030506298833788047,0.04834798441125217,-0.19327279309817988,-0.8320439558916811,-0.8205647329588617,-0.25509175145816315,-0.6505010446522899,-0.23727358675905533,0.3200030907874716,-0.03819295792360886,-0.6612410282274567,-0.6281154750273247,-0.8148152383182898,-0.5599008172675499,-0.6908867256209237,0.16272110563911268,-0.832738373001475,-0.542838797118658,-0.6612114374645984,-0.20822272389872504,-0.885575623369433,-0.6263025939773209,-0.03202788269759254,0.8035262491615,-0.5404433437167225,-0.404741901534275,-0.5310337807801857,-0.599858629497519,-0.7196154645106689,-0.7879088099482382,-0.8086816396757087,-0.7581405334046892,0.705184279183368,-0.48198029494029104,0.9303232048942187,0.9428976289118043,0.90503136955801,0.8786347655886614,0.9039289775536643,0.8154357610690095,0.7564727244950112,0.6074790303708447,0.874134821175755,0.8623561486554332,0.8302491274780067,0.014985679049769881,-0.641023487042483,-0.7026070094560962,-0.8073223344949455,-0.8273152389840369,0.7003312103111823,-0.3006124282017803,-0.2821637248755204,0.181755707153621,-0.7977785000526187,-0.20819334795535147,-0.8225722620413953,0.6832109653958386,0.49905465251149767,0.6835542288057099,-0.696029713357455,-0.6348112508191972,-0.8468781377519834,0.24413005200377957,-0.46262816020893077,-0.2412270758867065,-0.711659347946427,-0.4991691858657018,-0.8207723507328399,-0.9016940955384218,-0.8731429660662109,-0.6321570080713713,-0.39843380668198186,0.08712633694933344,-0.6655855488461081,0.901668068905043,0.6547099296435173,-0.5876214447186049,-0.6418668979904173,-0.6253116383072395,-0.7642253791263862,-0.8461332287701109,0.6332901439652532,-0.26125057257337464
0.47270732423968764,0.8527712750043981,0.8841303446829345,0.0,0.9372981829004514,0.9166747510416748,0.8982168121896595,0.8776755351387073,0.765104785621455,0.681048365085833,0.5822499499015603,0.6758947175237644,0.4039497792510993,-0.7752371722098336,-0.8378511088954571,0.9224359301806204,0.30306129653410024,0.3324913816141681,0.1057546088995695,-0.67815587113924,-0.6851317174649864,-0.14815994567510324,-0.7800251185368742,-0.06379918192172701,0.05048090159574767,-0.30119784766115715,-0.8141881433241573,-0.7976761544638751,-0.6492417142161299,-0.72503436467924,-0.817561432302821,-0.11034368625375596,-0.8486290131924126,-0.2854179220551522,-0.7868361974237941,0.05693181697697703,-0.8160442212065065,-0.7763210567303342,-0.2948581134034903,0.8956590399076129,-0.3080201955927115,-0.6358792389486347,-0.7049503724202196,-0.7864320976240424,-0.8540152054076983,-0.8866403640364986,-0.8876740563544082,-0.8692584333348884,0.8313064539182048,-0.2424415644330222,0.8452432182876015,0.8778165933899186,0.9265886917556805,0.9185210725136189,0.9224837113530463,0.9068673443739383,0.8771010922600793,0.784061022310196,0.9190708778775137,0.8803707238599365,0.9021597384281408,0.2920691114661129,-0.4124821197688783,-0.5133273588050357,-0.6494358002849194,-0.8575724104769301,0.8455194279457445,-0.018079414043305316,0.005030834634185453,0.4512860282283531,-0.6275918787911516,0.08499244088707864,-0.8353022358889712,0.8330961296734676,0.705206731061602,0.48497139072543444,-0.47911207259338456,-0.7753298542731618,-0.9121469099105397,-0.023090780756689057,-0.20953673331901584,0.03573971339754028,-0.8437210775939792,-0.24741614710089238,-0.8898322031706888,-0.8651603592065013,-0.7782980266868643,-0.8048380920297612,-0.14168507919121415,0.3510438494969832,-0.6016086399027236,0.8162632100720525,0.8058540797496719,-0.7703552521695318,-0.7724834953152419,-0.8077345543887898,-0.8764130360780804,-0.9049971504323733,0.7978821442213082,-0.0010877174294310098
0.5621930945456765,0.9067890423296867,0.9280770700505436,0.9372981829004514,0.0,0.8469783597586963,0.7991702045905449,0.7698821546261525,0.6458499113998961,0.7037035382577351,0.5750038801354862,0.6786896582875073,0.25636908369221945,-0.768540670746882,-0.805079193099579,0.8783257097203155,0.15068374150291722,0.186213910854588,-0.04497796827607333,-0.6950500973224658,-0.7160257392014316,-0.21219337980509154,-0.6670255117975468,-0.08608008217003335,0.14304572998060253,-0.17425403176216364,-0.6793037204816783,-0.6638053165018437,-0.6853015315450105,-0.5959931133434041,-0.7391988675741294,0.043102997645637686,-0.752334916158487,-0.36641215170494473,-0.6597141337426848,-0.046719203051352194,-0.7733180422022274,-0.6219298907223237,-0.10148227397215093,0.8238683392520361,-0.3625480072092034,-0.49771438866030465,-0.5703308815074024,-0.6432107938086398,-0.721144295712702,-0.7698845307819818,-0.7817389968452076,-0.749433350264734,0.7354698701242699,-0.3154892079298035,0.8322862324819906,0.8681630272056625,0.8663989250885888,0.8549372911355789,0.8643230959340276,0.8174686770186502,0.7694468897609603,0.6621525167492894,0.8372969708970186,0.7870147300257155,0.8023332135189668,0.13717077182918805,-0.5051377206184063,-0.5869117419683149,-0.6980349616385366,-0.8002984925237588,0.7307330970926449,-0.15590681485859118,-0.125952456080488,0.29978792568206286,-0.673494861071589,-0.06543293428909251,-0.7866530100776585,0.7205394104938527,0.5699316771734025,0.5119293941375969,-0.5483483793385922,-0.6635821180986647,-0.8434405082576621,0.1272376609945598,-0.2881088675025988,-0.0839176508704224,-0.7119864019618277,-0.33866643884600733,-0.7907246268870236,-0.8119479437216256,-0.7515629024214939,-0.6695621083547655,-0.22945550684410002,0.22481727722955347,-0.5554279806851461,0.8036547793538803,0.7142627294442326,-0.6520259808772055,-0.6642008101212112,-0.6696274773871678,-0.7553690453023755,-0.8125032240822342,0.6827415901759809,-0.0975286967736504
0.43477527805285915,0.8354554022053129,0.8668216809886875,0.9166747510416748,0.8469783597586963,0.0,0.9068918532011403,0.8905903422735374,0.8027668250127984,0.6786672024572453,0.608714317748772,0.6709612771021551,0.40256074907904826,-0.8176988574328061,-0.8704233548612997,0.9132356282755141,0.2792677067837992,0.34273328829681116,0.06383269568024329,-0.658532244857718,-0.7325909215467786,-0.3601341718402412,-0.8366045851006224,0.0015977772826556685,0.024037685473007917,-0.3477582971748408,-0.8283590452991748,-0.8171705074751643,-0.6471680303311838,-0.7819863161417351,-0.8736739578987109,-0.14603919602772966,-0.8491361606190201,-0.26164518985746826,-0.8339243164116454,0.1253022648760772,-0.7705836609497472,-0.7581848705493748,-0.26766071064023694,0.9317628254425901,-0.24333489177846776,-0.6582157958740663,-0.7619427119048925,-0.7741850442952437,-0.8476731680190546,-0.8899790533612002,-0.9006295732873615,-0.882961625640838,0.8763278980599413,-0.16975654727759212,0.8354824348796924,0.8855636970711939,0.9382417204583652,0.9504370441397875,0.9370137793487465,0.9244466208199387,0.8927048454000813,0.8146238705070468,0.9334895715576469,0.9021019574600558,0.9098110910132218,0.30662683908857497,-0.42689105348848533,-0.534728516906929,-0.6753409926647038,-0.890448142107622,0.8653850664858286,-0.01674401434117246,0.014267090249361722,0.46374057898339255,-0.6382536997555915,0.033201161127217896,-0.8903470346265165,0.8640169491508839,0.7321301609565333,0.4653950645340067,-0.4725342267978625,-0.8228748674907711,-0.9292121953395485,-0.033529745487806184,-0.16693480592450058,0.07995253172526129,-0.8479391338918011,-0.2988119525122446,-0.8980406379534028,-0.8623920622341219,-0.7303032776335593,-0.8119667123125015,-0.07771041647300869,0.4076876606410607,-0.5246326852019407,0.8560841517971114,0.872619207499974,-0.7954126783320473,-0.8096114417187871,-0.7799514544310803,-0.8754607255172728,-0.9099518657122719,0.830346113983402,0.07506233266535774
0.3151899150106906,0.7587541986360016,0.7947866204553512,0.8982168121896595,0.7991702045905449,0.9068918532011403,0.0,0.9427104236051206,0.8838912016293173,0.545967886464361,0.48897049259446695,0.5771566080296711,0.6078191466252679,-0.69957570293572,-0.7921160159838768,0.8767000033842305,0.5167492789699589,0.5380905340514585,0.316956300493909,-0.5360196390547125,-0.5624533251618993,-0.11113259380266333,-0.8627305566055834,0.11819025738332653,-0.13881993003440363,-0.48356509005592024,-0.9136484093863022,-0.9049845614989998,-0.49401002492539337,-0.8330373445042559,-0.8941364591118109,-0.346450768944526,-0.8682148435748749,-0.0889249302705789,-0.8798676481508332,0.26685827728782413,-0.7325349805478399,-0.892822091245245,-0.5205142694615297,0.9407967091146615,-0.12026644204467304,-0.7868122459805832,-0.8389714743983983,-0.9124256711703871,-0.9385040628776146,-0.9427956317992368,-0.9345339298705183,-0.9410373764257567,0.9059694203031948,-0.044223179346059474,0.7453228131466864,0.7882436086181571,0.9107679550165805,0.9270757447138681,0.9017376024134154,0.9427251854103018,0.9425634916589325,0.8958348743437031,0.9340824060149785,0.9052892737222692,0.9583502632464319,0.5173780777227397,-0.21599591964611695,-0.33942902878446335,-0.5008197191358149,-0.8494433335780546,0.9316119551006737,0.21019951101489612,0.22599114944055634,0.6472547161488975,-0.4698593087233249,0.30195156241334875,-0.8180229626780071,0.9275396798296576,0.8580258115894493,0.35749035179429817,-0.2909578635281326,-0.8575666614133134,-0.9273761589059344,-0.24427374502775545,-0.002060718422573747,0.25255079112707174,-0.9268066883631948,-0.059310534722207854,-0.9191282289322243,-0.8198670132442873,-0.6782074579678677,-0.9122428624365134,0.0659916218452494,0.5478808583819218,-0.5544184015825404,0.7420641278636466,0.8921779488879512,-0.8782688659173052,-0.8424448020955878,-0.9183912462871432,-0.9440467419529204,-0.9275765512017833,0.8989257955342576,0.1992058372334235
0.2584565884076128,0.7133859287003275,0.7527367053966956,0.8776755351387073,0.7698821546261525,0.8905903422735374,0.9427104236051206,0.0,0.9188487825328042,0.44571993132087473,0.40497448875817355,0.47094470265898425,0.6567787204647808,-0.6796219283586721,-0.7781109226052519,0.8402672610393767,0.5728077970248356,0.619832298907046,0.3974105393302305,-0.45392941140053766,-0.5154559565714371,-0.12675660840484,-0.8955462178306989,0.1771477641482799,-0.2545534795274919,-0.5665467326529358,-0.9301680921060551,-0.9322701310252893,-0.4243187342515766,-0.8769893295951566,-0.9320486140103423,-0.4388749204334936,-0.834387155429278,0.02152378554444597,-0.8887147095542313,0.36967811674771334,-0.664665695852463,-0.9037253279747778,-0.5779953529281098,0.9480002674744952,-0.0025252913269538696,-0.8408081467558438,-0.8683524259221299,-0.9272503357121012,-0.9401062989135105,-0.9312217412199695,-0.9184386368523019,-0.9367529959520322,0.9348258602638919,0.06830102096639251,0.6844557819724356,0.7323680721522913,0.880796695641643,0.9079204850978149,0.8736946408747936,0.938242553929201,0.948183350527077,0.9270946273525316,0.9046520755780277,0.8613615919466037,0.9288795494639119,0.582013969515804,-0.14856268062394734,-0.2921406727973318,-0.45066436988055303,-0.854587596363538,0.9472005283603394,0.2911970997926244,0.31685047114425896,0.7162636706494395,-0.4049838986219056,0.3699175465695918,-0.8188804035733395,0.9453473490392197,0.8916578762474113,0.2364774897553527,-0.21016533613668884,-0.898639429626371,-0.931095906081665,-0.3485106407209943,0.09921764730292422,0.3530349721321109,-0.9322218547869874,0.01723778936155127,-0.9082649101635567,-0.7691710262393366,-0.6041185704283025,-0.9375958293685646,0.17363575076479978,0.6356146588452188,-0.5215187140447646,0.6715844352552253,0.9200771656003945,-0.920190886244797,-0.8651255790905304,-0.9328107015001433,-0.9380609048812341,-0.906372658364544,0.9330576194116208,0.3113965845996769
0.03144681749508025,0.5338582785295822,0.5844757852267426,0.765104785621455,0.6458499113998961,0.8027668250127984,0.8838912016293173,0.9188487825328042,0.0,0.15878834299067784,0.13597350084231977,0.1821070531110748,0.7863293617021005,-0.4766733590526918,-0.588598457787843,0.6243326341180743,0.7032744604887278,0.7854363115098155,0.5736575916240219,-0.1516023291482548,-0.2908542059971567,-0.23434907350183942,-0.868456703056478,0.42457763807880217,-0.5189380769242417,-0.7755338971073873,-0.8763184142337083,-0.9042629391181133,-0.1391384350111722,-0.8907917343935193,-0.9235356549166417,-0.6602884541096261,-0.6377551333720518,0.31996714580952335,-0.8552279260447303,0.6493036122584603,-0.36766149534400866,-0.8110909216602668,-0.6654496442764792,0.8694604153601168,0.32912285121740215,-0.9172196901807479,-0.9114060181132801,-0.8879708151637175,-0.8439773972531435,-0.8061699373032621,-0.7893961543423256,-0.837923430605975,0.9018524941176324,0.39523964328432704,0.421348143450046,0.502293696205594,0.7076132220156705,0.7747073874174102,0.7060632372024327,0.8354271857704082,0.8686960928449223,0.9317990517571112,0.7512350918049214,0.6883692344718314,0.7951032493581486,0.7549405374576932,0.12360880251912866,-0.030885117830386055,-0.19347953690893463,-0.7074199318809496,0.8993658817752018,0.5253026478765223,0.5605095388392753,0.8462513182464128,-0.13072176817740677,0.5318540282936712,-0.6852297809073261,0.9178790741819536,0.9326140979664519,-0.06799710088103557,0.08661728118289239,-0.8708391295663901,-0.8064746950223028,-0.5484278073267665,0.405398803744339,0.6171758387111498,-0.8455785106892273,0.22946198405093227,-0.7618400891654292,-0.5316228060725728,-0.29366817579480664,-0.8989639302424013,0.4849556380667899,0.8342909912778592,-0.2155432524624252,0.4660946045954842,0.9494649540267479,-0.9324898261117337,-0.8470229129723128,-0.8713823679193562,-0.8206364292407751,-0.7479692541246138,0.9250593456582944,0.6035837499875776
0.7599018441583043,0.8523508898865544,0.844623116994287,0.681048365085833,0.7037035382577351,0.6786672024572453,0.545967886464361,0.44571993132087473,0.15878834299067784,0.0,0.8179706559122193,0.8950455422617793,-0.24659161246943903,-0.6347484698709196,-0.5972894507495462,0.6642300694051042,-0.3363802423026491,-0.39738278866814286,-0.5504587164437408,-0.8378911462648193,-0.7370019230042301,-0.2240880726618954,-0.24170128530383156,-0.4450276874641347,0.7063672719124835,0.38794153822881916,-0.25938007224314374,-0.18738602200567991,-0.8108854276712414,-0.12525912546550722,-0.21649070963046052,0.5388367071899715,-0.5761533598310487,-0.808734769914219,-0.3024600961629819,-0.5965572983917601,-0.7715313197154757,-0.23411472580663545,0.3156920185481593,0.4073136553149876,-0.8001006364795459,0.06558239056533778,-0.11732060918478933,-0.1855313881225139,-0.3381084530527314,-0.44021784622239307,-0.4799942045582795,-0.4000155776501931,0.2698884692125862,-0.7570641467790594,0.7813979010773237,0.7648736128902323,0.6125054481113236,0.5477013025896742,0.6118303652891511,0.4449928656360772,0.3577502308567675,0.15722390149662768,0.5741424542285941,0.6392418744743763,0.5184456244781549,-0.3707618936146186,-0.7432581147916855,-0.7053243128283246,-0.7505020839748151,-0.48839946619052027,0.2829809702472335,-0.6058226923062358,-0.6231482887191224,-0.27007104832404794,-0.790191623562463,-0.5275468864611831,-0.5114001952000958,0.26250745503812845,0.0638648870227435,0.8675695872154227,-0.7972737592769265,-0.1928020194457259,-0.44400625421371653,0.6249254660764787,-0.7347716917566338,-0.6140436269944616,-0.32513428672282463,-0.709713718351928,-0.48914143085193296,-0.7145529795341523,-0.798015065735588,-0.19113193541400303,-0.7110948834977875,-0.3623473651301182,-0.5174885145403724,0.8063164583934793,0.22867504427125385,-0.11725332607565479,-0.23454563756668373,-0.20562608511453445,-0.3958619120115374,-0.5360674203800794,0.17987860439088632,-0.6329025752529415
0.745187363667083,0.7474789695219116,0.7464919092192663,0.5822499499015603,0.5750038801354862,0.608714317748772,0.48897049259446695,0.40497448875817355,0.13597350084231977,0.8179706559122193,0.0,0.6920913185321531,-0.3378588041694795,-0.6585392863105757,-0.5905179103232122,0.49074165561388156,-0.3828578433190865,-0.3383809586739029,-0.4962640663358513,-0.7090290759342486,-0.7053944500904117,-0.2773886183456034,-0.32187103744503376,-0.5871458485594099,0.6126315656758559,0.3709706406483616,-0.24481560436313346,-0.19003040276015382,-0.7066900159603702,-0.21569711336377215,-0.1283999227727339,0.36690494305287547,-0.54915632489112,-0.6585795472967606,-0.28988917707503864,-0.50025034124355,-0.661178759494604,-0.2553478046226555,0.1513175154260157,0.27496339858372565,-0.6674726779263087,0.10422082331814737,-0.08004918069308625,-0.11192312103895065,-0.28401983936336883,-0.378017058066616,-0.4123171405027627,-0.35010345181319974,0.22388131601668945,-0.6149291712350804,0.6114500108201985,0.5479171966970854,0.44428034829030494,0.3879046105221638,0.4519618943639761,0.3276938945774628,0.2670060166711485,0.09772579831194997,0.44798003565259964,0.5483044071012345,0.3474941416060118,-0.3546815469484541,-0.7014069295060399,-0.7089746633340496,-0.699221640922474,-0.5113165329495454,0.19746298405226242,-0.5438033930942314,-0.5427833085810004,-0.24139538510601086,-0.7113886915962077,-0.49387406951942375,-0.5391157773652384,0.17006721006062747,-0.011019362100836733,0.7271501609448124,-0.7110431381870954,-0.274891195459613,-0.3110684739957218,0.3636940115616029,-0.6566332838192201,-0.5021388867612674,-0.29594364348007174,-0.6635461911996163,-0.4450528287302991,-0.6213576595259328,-0.6800384085084489,-0.17534745526030043,-0.5920645211283821,-0.3127413382293095,-0.5994047395093361,0.6219426605928192,0.09847548784780892,-0.04024033316993535,-0.14548764362062336,-0.11681589706640447,-0.34356449884023194,-0.45584459045271175,0.142459844119147,-0.5070211439811403
0.7133915289689308,0.8325732373009914,0.8305051750116572,0.6758947175237644,0.6786896582875073,0.6709612771021551,0.5771566080296711,0.47094470265898425,0.1821070531110748,0.8950455422617793,0.6920913185321531,0.0,-0.15541024168249232,-0.5603032723424214,-0.5364952253955734,0.6220140532844206,-0.18759508469962624,-0.2984156623239778,-0.41587623997241024,-0.7514854253517124,-0.6277049049020106,-0.014041862065440582,-0.20827694109577333,-0.2580554946193263,0.628787908431908,0.3768817356881641,-0.2615475062004353,-0.19871339464930707,-0.7023959503441455,-0.10213894580061628,-0.2171771509340059,0.44738104493189446,-0.5967014428848412,-0.7031218485614935,-0.26657754187142907,-0.5272753081432446,-0.7175319795264821,-0.2911800587073165,0.2195660908266934,0.4011258555369386,-0.7287785697281531,0.034842246559721485,-0.1105845044621754,-0.2589143589327823,-0.3507999668532633,-0.43755417107361316,-0.4657255368137625,-0.40143492058025837,0.2484931439210105,-0.7002594160659608,0.7046296112069421,0.6845939970976275,0.566714044563435,0.5094456145190154,0.5633143553148284,0.4248955826474128,0.35427370256869395,0.17680269652167666,0.5564297319547779,0.625520488909423,0.5462480094232344,-0.27085340645213346,-0.6252771037590842,-0.6077754961250104,-0.6521884846235162,-0.4446607456688619,0.28971051868699066,-0.48621321973058584,-0.5100215440450944,-0.18760513649359453,-0.6870956054088148,-0.36523156351073965,-0.4377214153927502,0.2761034646884573,0.11996755522317731,0.8500591396281154,-0.6834149063124502,-0.15993554048143738,-0.43034821445255445,0.518122478636339,-0.6252282795314424,-0.5349645048210534,-0.32380613187119484,-0.5231138650405716,-0.4550701958309542,-0.6645685283765193,-0.7384376733118071,-0.21373740810464867,-0.6304895702406531,-0.3053607694795823,-0.5955771847619888,0.7186271653732235,0.2165567282336031,-0.1156016670520237,-0.16626749828480497,-0.27521807997120734,-0.404623882353802,-0.5189038924016441,0.18365551673580283,-0.5885136866526222
-0.42396704653149814,0.0849356850959237,0.1430954814353764,0.4039497792510993,0.25636908369221945,0.40256074907904826,0.6078191466252679,0.6567787204647808,0.7863293617021005,-0.24659161246943903,-0.3378588041694795,-0.15541024168249232,0.0,0.17276830435570814,0.03375877562292162,0.1596765521875875,0.8624214681031752,0.7971263336129761,0.8038079129576615,0.2881438109147431,0.3205886808860063,0.2869271646060301,-0.36230340718894855,0.6203356277528137,-0.6717317576811348,-0.7436537389926823,-0.5298868125517581,-0.5508619836061334,0.3682202371799822,-0.45613525241670844,-0.5118308053787922,-0.737612188886578,-0.24067727856192567,0.5745508742380913,-0.47772381907152345,0.6920004907377766,0.04308247724341754,-0.5532202377349282,-0.752665232744061,0.4228560713998763,0.5126527066428085,-0.7309374565211701,-0.6270053237479286,-0.6552294088907502,-0.521919863117897,-0.41321484614654436,-0.37809495765982604,-0.4437251769238206,0.4627867693792159,0.554654004538274,-0.06344003771107351,0.02835979988832779,0.25309171551257914,0.3128925631442318,0.23053109585831888,0.40915683426916244,0.4856384959377915,0.6098419061627459,0.30380084296524595,0.23913082078053974,0.44525888065186914,0.8377650062653901,0.6071723375090591,0.5522935956258768,0.39724346151946593,-0.1004135053893624,0.5459136271683349,0.7828838078310341,0.7631775128599181,0.7960452494996318,0.4037370422415961,0.8081512597192346,-0.06145833869903374,0.5654787177316066,0.7182104902558248,-0.3654196067723454,0.5276251479039186,-0.3793576784703349,-0.3705457713034329,-0.6575760447364286,0.637277478773369,0.7145512413065833,-0.4992952889753447,0.6312628100450338,-0.3117118598151472,-0.061428089304787506,0.11449595573928846,-0.5751998350275833,0.6310665506660477,0.7371658879126934,0.09179264421931749,-0.04012478249435365,0.5401297073323159,-0.6378269631326047,-0.533032596193077,-0.6387178573220107,-0.4525425064123033,-0.3085106465325498,0.572914900202376,0.6377017471667077
-0.698361482349908,-0.8368110977098315,-0.8447089294364535,-0.7752371722098336,-0.768540670746882,-0.8176988574328061,-0.69957570293572,-0.6796219283586721,-0.4766733590526918,-0.6347484698709196,-0.6585392863105757,-0.5603032723424214,0.17276830435570814,0.0,0.8198511678293992,-0.6553578854521812,0.244235255453022,0.09797743343514984,0.3389843209921107,0.6869570150055841,0.8174436972172774,0.4497565879735525,0.588057984460257,0.38397156541932076,-0.33596551984364315,-0.12360133980671847,0.43317482553569925,0.4252370381699514,0.7486307614574191,0.47895749614328825,0.47018645025403605,-0.19141912497481126,0.6126023504230483,0.4670808982158317,0.44419290084912755,0.223527371011901,0.6560869449491359,0.3836279178876147,-0.11312422209119029,-0.551030883947537,0.4256618337730349,0.15716955016498008,0.2821591267184633,0.31407687599484857,0.43976775792532585,0.5322727182101801,0.5494669335243811,0.5159120337346642,-0.5114608683514722,0.3941008782327334,-0.7116329161802006,-0.6645746503252596,-0.6095917913419833,-0.5875509838142094,-0.639404529798985,-0.5466695399182911,-0.4909675865623644,-0.367588339653282,-0.597642935205301,-0.6207845127774221,-0.48628107146754745,0.20828683117569424,0.7109068375965982,0.8141934935603199,0.8125211145978859,0.7795423149904054,-0.4321015363903776,0.42495214092203154,0.36746983392681615,0.007844059497355726,0.7655112133151787,0.378407111055432,0.7797934828615662,-0.4150634314267718,-0.22393503355079097,-0.525400448660458,0.6764785394108506,0.571468910825819,0.5808569901589726,-0.19560389554481733,0.45687671744202035,0.2757103458300308,0.45350469315120884,0.5552987160412268,0.6077187892029887,0.6840411091146247,0.6630912653870809,0.4041376399093761,0.3650690794868495,0.015284512546823998,0.6330225152930544,-0.6703024366317579,-0.4245675510807092,0.32484795027139163,0.3448203774932873,0.3266876328549761,0.5013131731369564,0.6075349088589281,-0.40747398372272775,0.23077562485240508
-0.6332069349077608,-0.847995473327515,-0.8637139305097499,-0.8378511088954571,-0.805079193099579,-0.8704233548612997,-0.7921160159838768,-0.7781109226052519,-0.588598457787843,-0.5972894507495462,-0.5905179103232122,-0.5364952253955734,0.03375877562292162,0.8198511678293992,0.0,-0.7455707261445769,0.09101866311015937,-0.04358422368705005,0.21056394754726696,0.6927141044887682,0.8140861454603602,0.3784715665191307,0.6804167585749771,0.284139176505843,-0.24251321344832827,-0.012255531460967329,0.560073840402015,0.5565412097073025,0.7402095295296414,0.5797001776579155,0.5998630388200533,-0.08202947696106427,0.7019146601659033,0.40186277799500447,0.552110632137331,0.1301496614903412,0.715571626883137,0.5240706691338041,0.0175631250878146,-0.6727159598735997,0.37749665027451434,0.29915886140704545,0.40226644286789964,0.46655290091664475,0.5744487628068558,0.6509530138849068,0.6614216981567339,0.6344525865818964,-0.6268301495897326,0.34210668793748267,-0.758172607638797,-0.726477577723138,-0.7080233433562158,-0.6922577624882549,-0.7328616336287356,-0.6645296371677863,-0.620239844606435,-0.5066781830732,-0.6996559191461037,-0.7103746491606268,-0.6128231203847757,0.07113396153952171,0.6557760690078127,0.7772425002852156,0.8020445455459503,0.84998963806828,-0.5673793509333376,0.314660378242358,0.25563381861253276,-0.13979898799742754,0.74909553661396,0.24095692609305788,0.8372323190760176,-0.5500284518168883,-0.37403974031119314,-0.5150277768566193,0.635096627805829,0.6714950541631138,0.6969161950822577,-0.09958944726670822,0.38006849861164416,0.17562976444200207,0.5805363946831775,0.46326252283424996,0.7119857548333206,0.7530903394958558,0.7081919848683123,0.5417436787140011,0.29212709649039237,-0.10949711543323044,0.6894812916225388,-0.7059691762836722,-0.543259030580059,0.46196965408813745,0.4544162495812368,0.48340710573999585,0.6268631627815826,0.7131897560113594,-0.5409390161731391,0.15304464907335552
0.6033264059685028,0.9128519720369676,0.9286553883245527,0.9224359301806204,0.8783257097203155,0.9132356282755141,0.8767000033842305,0.8402672610393767,0.6243326341180743,0.6642300694051042,0.49074165561388156,0.6220140532844206,0.1596765521875875,-0.6553578854521812,-0.7455707261445769,0.0,0.12271172962302518,0.12227010387495826,-0.08302923601529431,-0.7782398690011141,-0.7488285437649008,-0.08193478509481192,-0.6402994383192709,-0.16588456293057308,0.252434966578635,-0.05585498010391739,-0.6686836053788555,-0.6416546969027993,-0.7575788399379526,-0.5526202583776793,-0.6822757292997885,0.11922489991129452,-0.8005635814986689,-0.46131061397539586,-0.6280008555668475,-0.16812609790626967,-0.8652003185827808,-0.650630838247015,-0.0878670370448278,0.7996662188370892,-0.4906155958571092,-0.43139394719240914,-0.5070604087824687,-0.6477035074574738,-0.7311238660077318,-0.7888518628708272,-0.7959203619564503,-0.758074465930081,0.6902936535543192,-0.44632377820943214,0.8865609480143366,0.8980731635243291,0.8792503564137171,0.8502981146528187,0.8799260974534141,0.8086118567365317,0.761468129143252,0.6246147414282178,0.8532320298340641,0.8314866923440288,0.8299958483326474,0.07129852264461298,-0.5671673504904986,-0.6499402840924647,-0.7503722755658432,-0.816094785376843,0.7097756075739046,-0.22301428189333716,-0.20214120813780398,0.2421255039319965,-0.7357983009431375,-0.08147790754701299,-0.7829354300333554,0.6906867010855156,0.5330328057121307,0.6334996321382264,-0.6267203603046436,-0.6326305722159845,-0.8349786195750859,0.19026960943384175,-0.39241458878844226,-0.18688506383781886,-0.7110803904398488,-0.36277571501040645,-0.8084922138627144,-0.8643975357365543,-0.8489517671395719,-0.65545428798252,-0.35384236733907426,0.12679610607365477,-0.6915744047432381,0.8278879027357846,0.6510319955264399,-0.5979954501416292,-0.5972253621563044,-0.682678420122733,-0.771222846407785,-0.8394787797663683,0.6365514892957684,-0.23283469952190083
-0.4736020445145186,-0.014024535539068085,0.030506298833788047,0.30306129653410024,0.15068374150291722,0.2792677067837992,0.5167492789699589,0.5728077970248356,0.7032744604887278,-0.3363802423026491,-0.3828578433190865,-0.18759508469962624,0.8624214681031752,0.244235255453022,0.09101866311015937,0.12271172962302518,0.0,0.769679197403204,0.8349710106702525,0.33754094743268437,0.3983134726514882,0.5549816535139056,-0.24754885462421825,0.7642849421144897,-0.6486424857962931,-0.5909178615840844,-0.42124977480965536,-0.45282225692860334,0.4091120219403648,-0.31647648037129933,-0.42419884544484604,-0.6827924169998563,-0.17681212079174655,0.607712157611355,-0.29740365257407275,0.638821156968672,0.0935190773001587,-0.5041478772438892,-0.6977745090001365,0.35474055731790577,0.5151702792436028,-0.6165601182146262,-0.45386386362612147,-0.6304281638487481,-0.43232386950942486,-0.31958873782668207,-0.26886983167013245,-0.3519071615693013,0.34450412058593594,0.5114667474742292,-0.1330011972306554,-0.0749034092278177,0.1458773842614374,0.1954203579994426,0.12980094801225234,0.30432803621958426,0.38945227426577705,0.5170327644100826,0.2084396565064253,0.1541204362608742,0.3936850216327372,0.7923978815952594,0.6281882964374726,0.5350186709983601,0.4206581118473792,-0.05222699080530662,0.45163263468259335,0.7706133013135616,0.7576431557666906,0.7456282718945311,0.4410190051265136,0.8834255058546117,0.038352818049236924,0.47310286078555647,0.6503567754224739,-0.34154535180314527,0.5577818498336096,-0.26760676427343494,-0.2884807548894674,-0.6313184576047184,0.6607526239123026,0.6697015816233474,-0.3866920131049425,0.7889403728915187,-0.20773857454313238,0.026255572360292197,0.15316113391353603,-0.48623876424121937,0.5977772378698136,0.6675774274673477,-0.044589646230155745,-0.16130285684587453,0.43048788250556375,-0.5190580871985622,-0.29963237012234056,-0.6238306833549649,-0.364457072833372,-0.2277467629161795,0.45621669559938755,0.5596021985919498
-0.4342502730551746,-0.002453736008570025,0.04834798441125217,0.3324913816141681,0.186213910854588,0.34273328829681116,0.5380905340514585,0.619832298907046,0.7854363115098155,-0.39738278866814286,-0.3383809586739029,-0.2984156623239778,0.7971263336129761,0.09797743343514984,-0.04358422368705005,0.12227010387495826,0.769679197403204,0.0,0.9253507045036019,0.3977348667959784,0.31729418739708415,0.2370310248740057,-0.5125534896832963,0.6435961260909095,-0.8561732662296103,-0.8445196038514224,-0.5822400669065825,-0.6332336901471801,0.4283315272366256,-0.6050078439045551,-0.5726758156663205,-0.9055737911164595,-0.200449133959031,0.7698011873351839,-0.4938835208464502,0.8629498329199606,0.12416273332710741,-0.6052686879916248,-0.868502137646559,0.44090382587404064,0.7187035935688366,-0.8011168913062059,-0.6498212891586937,-0.6875185648609187,-0.53498055135008,-0.4168192779432729,-0.3664518280026051,-0.46422364758923135,0.5340445388072386,0.7428508432695939,-0.15207332076324984,-0.09424928391393114,0.1907522017092295,0.26535874076479143,0.18170014726001185,0.4034183741069799,0.500828361215556,0.6665311911789144,0.26418022902597754,0.19053168480504057,0.37510205210207737,0.91483659253026,0.6448870886527682,0.5017436395770886,0.3860031474400786,-0.22731176739323242,0.5739376449435954,0.8817243387458356,0.8960207827885917,0.9063316097539961,0.442629061624074,0.9051716921352179,-0.16370888149176055,0.5931139526853846,0.7588870973315206,-0.5579480218918915,0.6113203173886859,-0.5470163852463789,-0.3676275082533024,-0.8792216710781086,0.7893119739630605,0.8835479655095565,-0.5225609195110459,0.7503887231969781,-0.33224254471276643,-0.003858784438351586,0.20366886915384416,-0.642858866031332,0.804445656833994,0.8923878893691909,0.03998218328659956,-0.16848582523971237,0.5831272437681215,-0.6912092435512928,-0.510498437911871,-0.6702907855905113,-0.46470584036783374,-0.3006906762864293,0.6341168806864935,0.8302650403097003
-0.577271565053419,-0.22960082674773477,-0.19327279309817988,0.1057546088995695,-0.04497796827607333,0.06383269568024329,0.316956300493909,0.3974105393302305,0.5736575916240219,-0.5504587164437408,-0.4962640663358513,-0.41587623997241024,0.8038079129576615,0.3389843209921107,0.21056394754726696,-0.08302923601529431,0.8349710106702525,0.9253507045036019,0.0,0.49470629448709813,0.5241817252931389,0.5724457547222527,-0.2088730301001866,0.6309449343006539,-0.7673921405671366,-0.6460970046457212,-0.3499343050879582,-0.3898841577276501,0.551170092369394,-0.3082793632737326,-0.2969799631057281,-0.7770970942094094,-0.026261988989688224,0.7470338333254894,-0.22283761944842037,0.7012031148348062,0.22688229278717972,-0.4445543357085957,-0.7896473516950719,0.19097360790118242,0.6447217840190963,-0.5794570328099802,-0.3831366933388724,-0.5144782806905197,-0.3330396018434414,-0.20195535145028318,-0.14269662373774625,-0.2340035778648306,0.2523134270510916,0.6401449774482864,-0.31068503919648854,-0.2729013183842112,-0.022933174961514913,0.026257606015280235,-0.04482096516861811,0.1584788056042642,0.266108618752821,0.4195457017049268,0.038583654374188835,-0.015567124411602174,0.1855389915666639,0.8018345187685967,0.7297488572187988,0.6338255978848291,0.5498011696477068,0.04074493175666597,0.3365310466505575,0.8451642884294512,0.8349068009124897,0.746496715802091,0.5801214611650324,0.9266890515207706,0.12668573484919274,0.34735329979749424,0.5485936957016586,-0.5546307762206707,0.6781536376978337,-0.2531741729026856,-0.13643153845634076,-0.78802410750504,0.7422420309374195,0.7578611103409082,-0.30317990703894837,0.8540096780590138,-0.10535816853671742,0.1751650028946925,0.29056856134717435,-0.4179302614627206,0.6955452541233195,0.6820176514817456,0.039550463628344586,-0.37464454121116375,0.285057442690214,-0.444942390599309,-0.2444478147870048,-0.511307519024912,-0.25725217390382793,-0.08734433887687995,0.37746121685719747,0.6584341465761883
-0.8118699698608204,-0.8441031716593188,-0.8320439558916811,-0.67815587113924,-0.6950500973224658,-0.658532244857718,-0.5360196390547125,-0.45392941140053766,-0.1516023291482548,-0.8378911462648193,-0.7090290759342486,-0.7514854253517124,0.2881438109147431,0.6869570150055841,0.6927141044887682,-0.7782398690011141,0.33754094743268437,0.3977348667959784,0.49470629448709813,0.0,0.8613832595308107,0.19602970891478855,0.3220032086321973,0.6639861470910827,-0.7477270328894732,-0.43817050888488557,0.3084496710635617,0.23941465813897095,0.9316943164885555,0.2000030338953274,0.2439298242399221,-0.5665135832986671,0.6814605503635112,0.8791255107025955,0.33437002347113715,0.670192807741303,0.8933166753088326,0.31472250889888764,-0.28989878739504527,-0.42520587470775795,0.8892803243014138,-0.07434808842887122,0.10940433710228582,0.19473320339044778,0.385757939365889,0.503283261794178,0.5371247990872253,0.4481011886357531,-0.3162955146383874,0.8448356977152103,-0.8801237514950423,-0.8265555771725179,-0.6669117408163195,-0.5917625429456215,-0.6664230566113715,-0.48136641917553585,-0.3938978924648741,-0.16510674055789337,-0.6172947843775237,-0.676952337490767,-0.5195053767279494,0.44821674722477434,0.8841144976178316,0.8767573062741403,0.892486934275105,0.6209246029165136,-0.304134512693881,0.6993369483326457,0.7002613264336298,0.2983986905543112,0.9181707835198913,0.590302813388374,0.6307552700176442,-0.26683912167361984,-0.027246626157317985,-0.9092902163556019,0.9273390505288621,0.2952476662921797,0.5145615775601321,-0.5858210313988195,0.8528670652106672,0.6819409826368024,0.3856513620969876,0.7980137546225615,0.5737282729725072,0.8142657372462537,0.9222548942537024,0.243805019413946,0.8027064397522614,0.41488177862517406,0.7440778600038866,-0.8291668296371129,-0.1884495819304226,0.12799199903836386,0.2653826748730186,0.228861100088416,0.4625469708310219,0.6047183562174243,-0.21175712690833387,0.6975364467051591
