0,1,2,3,4,5,6,7,8,9,10,11,12,13,14,15,16,17,18,19,20,21,22,23,24,25,26,27,28,29,30,31,32,33,34,35,36,37,38,39,40,41,42,43,44,45,46,47,48,49,50,51,52,53,54,55,56,57,58,59,60,61,62,63,64,65,66,67,68,69,70,71,72,73,74,75,76,77,78,79,80,81,82,83,84,85,86,87,88,89,90,91,92,93,94,95,96,97,98,99
0.0,0.42398593944774643,0.4913214718926688,0.454271700777753,0.4091532258827971,0.5327067928210024,0.5621655569584115,0.2593165457996943,0.6178888968903125,-0.054075866137825765,-0.377630901048746,-0.2900881012212008,-0.37534847199933014,-0.4774905502227532,-0.5060881390375465,0.5137452250007597,-0.23668873787352934,0.45135863128375214,-0.13037276322586025,0.3855813212688871,-0.20187035561709926,-0.2686411793396386,-0.13257413004638025,-0.15752039141672616,0.08558299275808448,-0.26534785409755635,-0.5968728325459937,-0.5000259411034723,0.4615289316059914,-0.8206849375746137,-0.028506547147704772,0.4260892021630685,0.5303731011959012,0.3694515442200077,-0.40821807899930646,0.3206152505138138,0.13756562907519418,0.15876057381121592,-0.2607038581552276,0.3464195967375829,0.2593957157166084,-0.03209969386205229,-0.3129008063967483,0.013596906663379716,-0.20932645752325255,-0.14906428207948524,0.001705094324425187,0.19828318503845943,0.3889875006903505,0.24158287325187208,0.6921101805802351,0.544946241153379,0.6100721154953895,0.4608941888214856,0.4884898957222644,0.7027213960148486,0.4115951807692428,0.5178566231281595,0.0022344866071146697,-0.28763924031849514,-0.11185799978505251,-0.2295815801542516,-0.5956316417324863,-0.7134290378850873,-0.07078860759265937,-0.6506016288080586,0.4476403322760628,-0.2995913584334736,0.1634599224864986,0.3012420629814823,0.5111768373707154,-0.0312908778037134,-0.6214017950356363,0.6161573989710433,0.07251964785998921,-0.047579567986257114,0.22409834576466298,-0.6368494673931744,0.13493702861999643,0.552074776749712,-0.1145152700299956,0.34071963234627145,-0.19982946081909939,-0.24422724922607927,-0.5324089874456418,-0.20315727466022845,0.014917636409899399,-0.3562074862012198,0.44967308886711166,-0.14695864261834504,0.2634040780753534,0.4116723755704446,0.2960140130215205,-0.11285815403378915,-0.08306671370240284,0.10989474072611792,-0.21157087068651614,-0.2508938290947866,0.30900821933483436,0.2910378832621709
0.42398593944774643,0.0,0.8504491312314059,0.8298617839756941,0.8653133362329167,0.6116892405886644,0.45486068181224487,0.802486052368627,0.7901008060138052,0.20645029780839255,-0.2998167319513787,0.1525022528217297,-0.024480347198553826,0.18618880945888683,0.20848029364595372,0.6877292818441112,-0.10290840931301974,0.5626608673101389,0.019575858608636563,-0.13211028037929629,0.4439418750963982,0.29029049107737787,0.45609106704927876,0.4538471070051444,-0.12771496567180773,0.4068749212608084,-0.5995360731405294,-0.6813109756846005,0.04460367144621807,-0.1997173191894894,-0.6708795615128235,-0.4024133191217115,-0.1786145625753188,0.5158622549160891,-0.16778640929040461,-0.23579825024103995,-0.5149954988736447,-0.5325263416266187,-0.5527551750563235,-0.3192138389694461,-0.31605838381110063,-0.5413730773624346,-0.704834452329884,-0.6591303428043637,-0.6795873794217889,-0.6741910236677647,-0.4776979189711647,-0.2774275224904802,-0.08789295238430926,-0.36298556717477815,0.33722450460688547,0.8755051984930096,0.7631688893413653,0.8269019850819461,0.8341516276424399,0.6116467597577667,0.7812931080143012,0.7294034362418995,0.05809822174043003,-0.4369071674187538,0.18487091616383078,-0.25259070130912337,-0.07516686175192923,-0.2328458063057729,0.531982286007353,-0.05726936934161156,0.03201833479978431,0.25180331203405076,0.7088444597167296,0.6957407848647156,0.39976904907213995,0.5109423933146855,0.12624264321134906,-0.004082769996860066,0.3251853068991795,0.38327480123610136,0.04939453140806431,0.09408773934103282,-0.6081733126153204,-0.27793038922970326,0.36362423398861266,0.633516957997321,-0.5472529407104021,0.21862928763049952,-0.29024857391285536,0.03241348845238151,-0.5663075983937433,-0.44116419976399895,-0.019797793426818883,-0.535628905113151,-0.45358953858125445,-0.15740909118860277,-0.2131000670242825,-0.5091727084765684,-0.026956298126804654,-0.5718792524914124,-0.6829357475714666,-0.7220807588747167,-0.17649733760274083,-0.28087107856281673
0.4913214718926688,0.8504491312314059,0.0,0.7666229153961761,0.842160966985088,0.7291939843295846,0.6170662058359888,0.7767680291385277,0.8144427428349529,0.062288088207106844,-0.4486073074070201,0.009407037297746036,-0.09827513576037748,0.10907190167882642,0.10455637376162148,0.7854086828188741,-0.04406994198330961,0.7071076044930659,0.03238755506952579,0.040290808575355185,0.38716467398263404,0.2935106857175275,0.514657475510607,0.4186618512955917,-0.21064978757403205,0.29474928134780876,-0.7077766341675626,-0.7637690774143334,0.23471946133197416,-0.2802661381734334,-0.6174826370728692,-0.36608954039405195,-0.06411045330842732,0.6571288543414395,-0.198809112966252,-0.0833092607408636,-0.423802629758027,-0.5622728289037703,-0.6887781347759349,-0.1636903511775433,-0.16222328597731295,-0.5907025517552209,-0.7118924824833293,-0.6047708059563007,-0.678170563801288,-0.6147961555012895,-0.35846798148565834,-0.1120250286460268,0.08911227729493429,-0.22707184141173936,0.46455724961919265,0.8966644970117563,0.8293458197392702,0.7437145149682219,0.8355940366434366,0.7330928936714717,0.8400060316534613,0.8098489660196353,-0.08855209648682155,-0.5088211286421992,0.0564459275767382,-0.3187200535222635,-0.20204211738618474,-0.39974586268961815,0.46722722120075255,-0.21261112046608527,0.21003506171575137,0.09356571569074931,0.703672619154104,0.7703491071412922,0.5657670808158873,0.4005943320858687,0.030595257944477917,0.16113566040384472,0.3041236161966145,0.2709388338837197,0.21427975983276726,-0.03290014717108989,-0.6073655564340125,-0.23459320684140586,0.22968406144423625,0.541522325575554,-0.6602228833526337,0.04891975375966101,-0.4656023520032556,-0.1296848658287141,-0.5394992908771153,-0.5722928636792969,0.1544737906636779,-0.646230587303908,-0.4718803331669184,-0.19331227801807396,-0.31665891837301846,-0.5961580428315776,-0.18634692727229496,-0.48687251920812646,-0.7062932718315651,-0.6642928666950992,0.002260381366987787,-0.1285832308023923
0.454271700777753,0.8298617839756941,0.7666229153961761,0.0,0.7520222653007715,0.38329741484846663,0.2913676947070567,0.698840725194179,0.6467332025576674,0.37026240388558285,-0.1637286945051516,0.20728234387434882,-0.08819968720678008,0.07549938225892713,0.09700956002848467,0.6021801746665758,0.06709012198222979,0.3764135446315283,-0.05260289236330378,-0.2529939056091782,0.38131470943062673,0.28725621737630624,0.2752943465228348,0.47151076501140715,0.15972971071180148,0.4424495951421844,-0.4863752656317211,-0.5246652538725355,-0.09729108065304212,-0.2750957879551716,-0.6470842121592846,-0.1498842231978299,0.03819642504386098,0.37159898798151053,-0.13228443617440974,-0.3567881822254305,-0.546096352710746,-0.36045493764382514,-0.30977287337639364,-0.35256563280881514,-0.4011173821747203,-0.35843079464695077,-0.543374946295665,-0.6078549534790754,-0.6423794260717378,-0.6824253301838747,-0.5031445828883263,-0.4079827558162791,-0.23189152569757585,-0.45141313145720086,0.17629464657290542,0.7493503475583448,0.6373565738845741,0.842889482398937,0.6996806176085004,0.44368722080742606,0.5971366430957524,0.5028285366951443,0.19072871076390488,-0.32633901250450803,0.2995810116598788,-0.22836516075086433,-0.1893668183292842,-0.19250148914672613,0.4105028745265381,-0.07618467017513376,-0.1271385191764476,0.34561501119570304,0.6679993797650616,0.5774457406335067,0.26727251489405385,0.5914689157331928,0.027506659334709978,-0.017514391967661174,0.40824361062509895,0.5209775437824984,-0.10728342130657255,0.07417073699189312,-0.424156476401879,-0.06859189590728218,0.5305669169171059,0.7541730125674159,-0.3354264424180363,0.3724282493930706,-0.14100503528861585,0.1982483432266504,-0.5798684686046741,-0.29175446804688127,-0.16293319314454308,-0.2889034783503912,-0.3155998095243908,-0.027710396034451867,-0.004012609157259338,-0.3247597350462408,0.23398378065124487,-0.5629426861776825,-0.6118666932446527,-0.7352571056686659,-0.3259739474751724,-0.3868657584931419
0.4091532258827971,0.8653133362329167,0.842160966985088,0.7520222653007715,0.0,0.6339312797291181,0.45710608888067666,0.8387968107821698,0.8329464194638598,0.29960039137744005,-0.24356554943436048,0.24632045801038496,0.07972110831511174,0.25539491057568964,0.27219150385143603,0.7208778974661796,-0.011010322116509801,0.5715234702110418,0.12221484178095901,-0.15702596998060928,0.522010136169876,0.25063177696136607,0.45823948945870385,0.5220381392782163,-0.025998743600790873,0.46778201104094375,-0.6467833113891628,-0.7088651036748449,0.04836836490366829,-0.1960315491660711,-0.7107786071714173,-0.37394503167033294,-0.16908955644715049,0.5214887576581732,-0.2676330909646075,-0.2539048759504848,-0.544230618314123,-0.5425168924905198,-0.5323922523102212,-0.3331937385010969,-0.37139409317612176,-0.570171462913904,-0.7775377092046569,-0.6997914477091545,-0.7465262412590549,-0.7353972843977424,-0.5653603428742424,-0.34406745383038945,-0.09754150354714046,-0.3913079683156242,0.3504897100552744,0.9118314722888539,0.8071397134015881,0.8518220686128362,0.8923685612177191,0.6188716802774065,0.7992297533576497,0.7533491832532926,0.1467364690426408,-0.33352131857369244,0.30934829968815564,-0.15090522709784696,-0.017990340949476998,-0.2008372622394408,0.6248277840724465,-0.007915094926735842,0.0075325747176944735,0.3040130067221358,0.7546738178528094,0.7296463661431388,0.44371190455933535,0.5214738128057628,0.15441418351459976,-0.008151938236363752,0.4742997263077434,0.48291883918753387,0.13881292058879974,0.1206887032724068,-0.6195456160907715,-0.24929393405982173,0.4032871167081127,0.6501242659195988,-0.5629861553376676,0.25418529774177073,-0.2913722547671352,-0.0008557364443002736,-0.5694287070630568,-0.50099858772198,-0.038102782296573455,-0.5331749922846416,-0.4814679196045564,-0.13200021079291108,-0.17704129438792435,-0.555848047890526,0.0017612935058883821,-0.611959433176496,-0.7359683133656794,-0.7674216707000135,-0.19497450735227104,-0.3029486003881702
0.5327067928210024,0.6116892405886644,0.7291939843295846,0.38329741484846663,0.6339312797291181,0.0,0.8038955574172876,0.5107817993255691,0.8132441122462936,-0.2485106806076432,-0.5660628021540808,-0.19730632119369293,-0.03804763407246032,0.028116163002016255,-0.004484068484529368,0.7212493735734913,-0.10875022128156657,0.8085185459805906,0.28658242379010546,0.48690665440996184,0.22852526235697312,-0.09710216778559508,0.41906618306063737,0.09200934232700987,-0.4162363382548087,-0.08650917242425886,-0.7816467240649789,-0.8081300878989225,0.6502091423593698,-0.3385301100667461,-0.2430501573496696,-0.2293415807574217,0.08756452955331837,0.7087918198907902,-0.49237367200954263,0.40980910122022196,0.04823619173322181,-0.3570543099798829,-0.717780776533239,0.3029387326058473,0.25093913911306553,-0.5650677124499291,-0.705832449326913,-0.251043061813531,-0.4153421143067861,-0.2517951496230663,-0.09503442587231206,0.2775233252931013,0.5429595019767789,0.2609599449165986,0.7812269682682397,0.7271291973962595,0.8086370595404987,0.3635856388460602,0.7146424113841129,0.8594274125333122,0.7636983152482887,0.8901309703539431,-0.23573637717581428,-0.3435563492242095,-0.08770812102117799,-0.19934176358790645,-0.1633083316542819,-0.5394187690221627,0.4422066168006765,-0.35382806217870033,0.6129084928275036,-0.2702234019195067,0.4235658749908087,0.6432647115179351,0.8076185492961551,-0.14549961411007065,-0.13951964013078294,0.47983325655119186,0.2531329606701847,-0.11367584324938582,0.6700572397944498,-0.31852153656609106,-0.3865446952917125,-0.06233584546944398,-0.28609315387926976,0.10107215218007688,-0.7190197865726942,-0.4285628343777074,-0.744930081814159,-0.5583308063380865,-0.09999646122075433,-0.7455721570095322,0.5745258217388585,-0.669755702009794,-0.2715687604047973,-0.11263997327159452,-0.27063067165747706,-0.6494162981273444,-0.5860269791872913,-0.09218901248483966,-0.48547970762386106,-0.29586344685222443,0.4737128729074048,0.3542978961982945
0.5621655569584115,0.45486068181224487,0.6170662058359888,0.2913676947070567,0.45710608888067666,0.8038955574172876,0.0,0.39022556713108325,0.696234100273936,-0.5112065869404074,-0.864287948822571,-0.5312410564154456,-0.40968977802202877,-0.25201760339578017,-0.2909247402857432,0.8035689151445627,0.06607893678783343,0.9087025928322959,0.10785700202270423,0.6792259204978615,0.05046408377773917,0.052867188281977194,0.46267552545772594,0.011856254422481846,-0.5572127306516717,-0.28740797454146466,-0.791059490220084,-0.8135808951362989,0.8022633992599603,-0.4459438398182673,-0.15409353275826357,-0.07589122943120644,0.4362302442229495,0.8758560415753719,-0.3097188458085812,0.5423939474618055,0.17490277927237058,-0.317669916679272,-0.8166891028488069,0.49866001204718907,0.4833882081886634,-0.5394741253530251,-0.5289401395157498,-0.14002722690463015,-0.32431556190707705,-0.11503579361565686,0.17457309484627356,0.5170114354412562,0.6898053506367817,0.40190987907367703,0.7888034995664489,0.6209465336162012,0.7623465670476569,0.259310361375254,0.5415350714633258,0.9025197568011145,0.7269438667944889,0.8197683513266879,-0.5623174212501327,-0.6258952700640026,-0.38828859752636236,-0.5613624581991729,-0.5331971060391454,-0.7769634205602097,0.1753080544683481,-0.6529681812328978,0.7818708897035342,-0.4721835639936053,0.38758351196879726,0.6789559676102341,0.9001854509850927,-0.24142308299155885,-0.33882171411609563,0.6892138357148438,0.09522601419984443,-0.3310207635322868,0.6248195789576185,-0.5143365056976472,-0.28726799703735806,0.06809852909034589,-0.38770567036842307,0.07382928132729491,-0.7672485633674256,-0.6031658048228613,-0.9016313471235649,-0.6139163317886099,-0.14267732582019643,-0.760851857222511,0.728580718019679,-0.7088327659435211,-0.2305980331313964,-0.23176872026827636,-0.38168484641818323,-0.6415745756468151,-0.7190001938895906,0.03513500501224363,-0.44105556383747924,-0.20132731392001993,0.618481881097052,0.49577963961529303
0.2593165457996943,0.802486052368627,0.7767680291385277,0.698840725194179,0.8387968107821698,0.5107817993255691,0.39022556713108325,0.0,0.7378371707986973,0.3310824142549521,-0.25874764311034865,0.33858127433937024,0.1664608875449825,0.4431389534782749,0.44003618911000214,0.7320094841311633,0.25637786670119544,0.5702943633398874,0.2162740444949499,-0.29043167111916707,0.6917096088553574,0.4734721253265402,0.6432569251935478,0.7230382656816695,-0.07830167989757228,0.6228822233788704,-0.6415648103533703,-0.6990166006977286,-0.07891371797437408,0.0019035193727036232,-0.8418397579677466,-0.4997149407226372,-0.29513948987810357,0.5621073119408679,-0.18964657252494752,-0.4114102420713576,-0.71141723981042,-0.7209620519153891,-0.5828706142775117,-0.4928290711364503,-0.5066834250534183,-0.7031431694626724,-0.788172678453164,-0.8371283667260921,-0.8678482812236574,-0.8429521632278302,-0.6537173617706042,-0.4561345620512231,-0.24759321564442696,-0.5499140341780142,0.19667716223491846,0.8691925065952855,0.7624430372577419,0.8350838822987094,0.8621665440631859,0.48624989678146513,0.8151595554435136,0.689767693271371,0.08965421272072606,-0.4228625127275151,0.33152433891210165,-0.19607960370008806,0.10342570149953677,-0.03854133176506604,0.6636688038821482,0.1456324649144358,-0.13078755818822654,0.46844379390196805,0.8350118920818334,0.7975066904905274,0.3926077251603144,0.6103618466825181,0.3741852709859284,-0.21803371637350857,0.5298857536363275,0.5523054443600195,-0.006878815891287389,0.30448198055339404,-0.7928326732237647,-0.39463867636252736,0.49823000231759823,0.5483439339436489,-0.6411281051965096,0.3348881428463176,-0.2601773962451076,-0.050795931104594544,-0.7770525623454694,-0.5535662890645243,-0.2010815799056665,-0.6581036890928984,-0.6819704062916662,-0.3202230086843562,-0.3672640923966242,-0.6701433660805478,-0.01083355853149497,-0.7730528298985735,-0.8673601187397469,-0.8757156677172783,-0.33928441092749656,-0.4670398289382894
0.6178888968903125,0.7901008060138052,0.8144427428349529,0.6467332025576674,0.8329464194638598,0.8132441122462936,0.696234100273936,0.7378371707986973,0.0,0.1511605000829522,-0.2722140641397061,0.10462194942383127,0.09470493619929765,0.08558829476109102,0.07035592459965488,0.6821050628869133,-0.05776100038050478,0.6207054934530997,0.2935816341215784,0.18291625499147163,0.32877077042575054,-0.14119219059911473,0.2458151907660922,0.23508097066242137,-0.01286800244941964,0.14448670430002886,-0.7557334574384971,-0.7377709315205301,0.3720101723736139,-0.42869296742343077,-0.402392863210971,-0.0882789883826268,0.040111282019288305,0.5104984978403292,-0.5784815718837635,0.12256717450837906,-0.17103727846329336,-0.2683835342624884,-0.4724969316281781,0.048163250816075365,-0.06555277257931795,-0.45026048944382707,-0.7590260383694177,-0.3871829402448167,-0.5591431482859955,-0.48516901128374773,-0.4016699924464712,-0.08256883531970002,0.2455020515831579,-0.017398152243833998,0.6750419097073541,0.8197492850657216,0.8353137105119535,0.6449703525669792,0.836702682264676,0.7598895317408451,0.7131113025630782,0.7986653412906491,0.15006951230835255,-0.18240360018374102,0.22872904382795936,-0.020765563423126455,-0.08733122085656239,-0.3894836460207861,0.5197752759601814,-0.20543002592377965,0.31081083535658743,0.04037401639376837,0.5078956059577201,0.6004812806605272,0.6496945988114164,0.1448803390764141,-0.11539289012115098,0.3137340608887322,0.45297870604328705,0.2406844344444062,0.4497447608718986,-0.21840846723719962,-0.35070922312692876,0.08095344639210154,0.04712998646142975,0.38926494380678306,-0.527671667426561,-0.07991989231277517,-0.5142907480991481,-0.2994822317927981,-0.20269994670628494,-0.6252823019324109,0.28891170240019015,-0.4607925515789392,-0.17577403065170674,0.1335326098922369,0.04313420770438203,-0.50482413867155,-0.18501716615923897,-0.2682870455002701,-0.5553080461949185,-0.521904477375994,0.15561690283224378,0.06955701598059473
-0.054075866137825765,0.20645029780839255,0.062288088207106844,0.37026240388558285,0.29960039137744005,-0.2485106806076432,-0.5112065869404074,0.3310824142549521,0.1511605000829522,0.0,0.6575086167283561,0.752484693087295,0.592482816361536,0.3817456406949982,0.3613975899797888,-0.05155887002732379,0.15307219173316336,-0.3320316380616807,0.24094054018834773,-0.6098572386913426,0.3503168049218893,-0.11399530123674455,-0.2385723182020338,0.3777854934110716,0.8104645747034831,0.5467762627443413,-0.05189905965609547,0.06311274238451052,-0.5435815279307482,-0.03916351810454399,-0.3485621178514777,0.17799086538908926,-0.1220605855572319,-0.3586309612721291,-0.35780842163074733,-0.5463145598325617,-0.46840221585504166,0.07530211845991812,0.4616326885172674,-0.4922855899981721,-0.6730191535025539,0.0951738924374133,-0.2181897724894424,-0.3078175513814458,-0.3817134049243457,-0.5109850499999166,-0.7105541887931773,-0.7596819152685321,-0.5656609877036193,-0.5443852591723067,-0.22208705182981975,0.17270668376062698,0.07139642171098375,0.4413271188450589,0.31594267701318485,-0.2104063442766431,-0.03927705123495213,-0.10390002611478275,0.8587661953549456,0.6148809623592482,0.8681072820668743,0.6674795276235479,0.4284688473279464,0.4304091962247401,0.3862605891261948,0.46481538342077516,-0.6058058424214167,0.6649940752130344,0.23025861154114302,-0.03971458387082569,-0.29935130514921715,0.4680777344095257,0.22093689576947034,-0.4323701827475393,0.6194495024800903,0.7894935226779292,-0.26970127672353084,0.32214664836381773,-0.044305707223478014,0.16484153815489708,0.6143225296651316,0.35466257282520597,0.2751064566482418,0.6593770349015133,0.38435295561685334,0.2993796397453539,-0.19755532305294168,0.08119900253003404,-0.5824676616163813,0.3037042745723178,-0.005607516900702437,0.4343130823927588,0.5187321488528164,0.11567371699305601,0.6897792732890047,-0.4043225345079982,-0.23995424539223792,-0.4678767715632167,-0.6041982074785436,-0.564856329016428
-0.377630901048746,-0.2998167319513787,-0.4486073074070201,-0.1637286945051516,-0.24356554943436048,-0.5660628021540808,-0.864287948822571,-0.25874764311034865,-0.2722140641397061,0.6575086167283561,0.0,0.6367862957493898,0.614707188254391,0.2798812922351198,0.2840051603938649,-0.556236697640846,-0.1594883535682043,-0.651593134916801,0.1761103280902042,-0.49163569603222584,0.04416953587775206,-0.3778151147997482,-0.5050548411041075,-0.0025146343757783507,0.695562462005319,0.27176463240337734,0.4156754404080152,0.514130811974251,-0.5108498800683826,0.168748961720234,0.11922171327847665,0.177211556425105,-0.3717056139844354,-0.716678286965282,-0.1899070771545734,-0.34530901977777756,-0.10537585696795954,0.32441149330433333,0.6832196740914734,-0.3568217084692097,-0.45735680971187853,0.44603118863822866,0.15343773655429266,0.10051813069527273,0.1327201134550239,-0.03272696282407681,-0.3754365994233423,-0.5186455593102941,-0.4501134831657613,-0.2707862538640262,-0.35763612916625714,-0.2823910121706499,-0.36919543145889105,-0.049878081396410257,-0.14531401037583583,-0.4932628955900527,-0.44920101296448434,-0.42521703257290916,0.7715287403370606,0.7412461029737185,0.5863214361259729,0.7993412486269502,0.5467884500848159,0.54737587615236,0.05336583889594569,0.5269668260334259,-0.5607599070721697,0.3955509116179997,-0.2804185331311768,-0.48525745827882294,-0.528702782956724,0.16572475263516503,0.18335755366707393,-0.43709171725012835,0.18314434369817914,0.44867744613636446,-0.19742426836161953,0.3159525971735706,0.2658362029480518,0.11261124989087899,0.28443325488011645,-0.029944221666166188,0.5874411687149492,0.4758908921082556,0.6473644001860617,0.3572597351986273,0.24647614566744303,0.44562669538713257,-0.4941288772562231,0.5734874574340467,0.2793657575741226,0.4977426320787894,0.5533401375892889,0.45389945348406163,0.6257715814645034,-0.01311259931403312,0.2724849907537218,0.07745743685171472,-0.41561882508664694,-0.32967512440912156
-0.2900881012212008,0.1525022528217297,0.009407037297746036,0.20728234387434882,0.24632045801038496,-0.19730632119369293,-0.5312410564154456,0.33858127433937024,0.10462194942383127,0.752484693087295,0.6367862957493898,0.0,0.8487217584331374,0.6966874264189313,0.6855665417860255,-0.13413007899424972,0.30461704760472197,-0.28819639215447396,0.5829434778697202,-0.5997637992673871,0.5822834849129154,-0.10781744891515888,-0.01955348434457789,0.48939757696090486,0.5869655990940412,0.6422839106615517,0.030755305443380263,0.10124890478409726,-0.49492584957943336,0.33912597832204544,-0.3531122848131125,-0.1368092636283631,-0.5664686926411316,-0.34399906106677836,-0.3953254219037219,-0.5234718990591728,-0.4654097044527832,-0.13751868097020334,0.3315503979509395,-0.578326428534483,-0.7162538826789671,-0.08389256754454616,-0.34371657249988624,-0.363535468721911,-0.38069237341269707,-0.4766631403178718,-0.7744782069219981,-0.7480771179543666,-0.55045772475969,-0.5334003104202715,-0.2516627480981148,0.0905945474235213,0.023175141424698734,0.256978804666499,0.2786036351496229,-0.30384915755133596,-0.0017308049980119754,-0.053812567458055426,0.7605456328686708,0.5687665383355971,0.8208094553342181,0.7580899912569407,0.7656541115895751,0.6509371962554171,0.5456850041920003,0.7339839793621887,-0.601054678544807,0.7119889754310533,0.1878569078151873,-0.005044986496111147,-0.203400058786836,0.3592938387686835,0.5395293740972101,-0.596988205263376,0.6400713067389718,0.7172256479431961,-0.04611338263718302,0.5577726800963936,-0.23312820179842023,-0.13218281595299933,0.4615129471966137,0.05130433983978964,0.12231705750198858,0.5596560786103967,0.42236088780557335,0.10690901307925127,-0.17976495718453497,-0.017653977411986835,-0.5904826024045366,0.10019564501986729,-0.18854502178418067,0.18384472816675893,0.2490401556400545,-0.0706696384696405,0.4579376325426746,-0.4483508558128515,-0.254401670836142,-0.3750221986990598,-0.5615114536541153,-0.5495460100316474
-0.37534847199933014,-0.024480347198553826,-0.09827513576037748,-0.08819968720678008,0.07972110831511174,-0.03804763407246032,-0.40968977802202877,0.1664608875449825,0.09470493619929765,0.592482816361536,0.614707188254391,0.8487217584331374,0.0,0.6078401982401066,0.5867704680311646,-0.14350412401932813,0.15060372157755636,-0.15386893723029077,0.6237373889001749,-0.24612256358047302,0.43156123994925266,-0.24980446347499694,0.016182924551694528,0.25700644103660514,0.31912591591687184,0.34563688393966,0.010451252612803956,0.0750158866372596,-0.1565401980114682,0.32706092966263695,-0.07329475013657932,-0.11020792741130692,-0.4111315027100668,-0.22844842622298578,-0.44092030382256353,-0.15593763027946794,-0.1417608844007338,-0.07412019952067306,0.19794452661151413,-0.23859662794885927,-0.35669550379600334,-0.08966300003076047,-0.2734720282324694,-0.11768503716325547,-0.16155637938146364,-0.1756394846259192,-0.46641406360506554,-0.3689285451767028,-0.18469501322226217,-0.16937202897894216,-0.05020429904166535,-0.022251190452595226,-0.016298658778135598,-0.059504940110010736,0.1733360340421134,-0.1803312375785319,-0.020318507152620256,0.01673079999042287,0.512757285766477,0.5577614553568426,0.5815083797979397,0.7403736951242135,0.6808079426429404,0.47244474476721476,0.45071233364003177,0.579227051836724,-0.2653260753148287,0.3238536091212429,-0.01617232808852591,-0.062210954255299496,-0.03143968689323792,-0.026297563758530984,0.4094623770835356,-0.3577597219707922,0.490379888799447,0.3660906434208354,0.28265607208054366,0.3735638838950096,-0.11454215923102372,-0.10851563317773912,0.06436975726526144,-0.3277844572875578,0.015158299425399346,0.16799897893576102,0.19519631901046613,-0.21535699338061096,0.06801115633964872,-0.13740650887783526,-0.2541044432397941,-0.014950707747621158,-0.15588923553102124,0.11309664183617864,0.08310729728815963,-0.147619946737132,0.09013444736268789,-0.16345927056160817,-0.10058400537581337,-0.08825817754984856,-0.1764748435024222,-0.18459202779179273
-0.4774905502227532,0.18618880945888683,0.10907190167882642,0.07549938225892713,0.25539491057568964,0.028116163002016255,-0.25201760339578017,0.4431389534782749,0.08558829476109102,0.3817456406949982,0.2798812922351198,0.6966874264189313,0.6078401982401066,0.0,0.7891658856869614,0.022229504836994003,0.4380568247410286,-0.0062265532503059115,0.6490171660798666,-0.37317485671224915,0.6733482883707933,0.15852198344159085,0.39566408194407604,0.5166067217862144,-0.03795928399940252,0.5225722953680366,-0.06440467551728396,-0.123681583573546,-0.2977644036997586,0.5950231315792166,-0.3870883336265434,-0.5073593527768812,-0.5783105259280606,0.0023465894133044484,-0.23803082673579648,-0.334195208411896,-0.3910826395337422,-0.43722773987527663,-0.055663535776570586,-0.4253396139646203,-0.4709920477208167,-0.4536408990607917,-0.3813932884337653,-0.40270293472911917,-0.3620529267622807,-0.3442113463807224,-0.5279742602659345,-0.4425859826437053,-0.3231301224141138,-0.3688475037158206,-0.23975592513367724,0.06478203329119223,0.03055398139806518,0.03500314607051147,0.19232408585592628,-0.2384251672353559,0.16448665787837471,0.07935622673935078,0.24003140139405052,0.2575651416492738,0.5182166399321023,0.38476907309718356,0.7662133874666703,0.6216926424761132,0.6118832463207833,0.7079267437874792,-0.3486473102825975,0.5108166473962253,0.25882485559836765,0.17353518368952334,-0.05013360062532847,0.12649215815230258,0.7130393965476135,-0.586768702229702,0.4801920380564574,0.361287428277815,0.026904219096859267,0.5979858707256911,-0.4984797074430299,-0.498774554333161,0.19500952026618268,-0.23672849795818685,-0.23866732639222696,0.25327837065599196,0.13735337265163228,-0.20198582093395093,-0.2756192258149716,-0.2593027003154878,-0.3866120287211149,-0.30083209035000125,-0.541709725031263,-0.334908301764132,-0.2678704279632915,-0.4003297993044823,-0.03917756952806546,-0.4503387664586255,-0.3518500181556464,-0.29343036280981716,-0.32396030144564725,-0.37401998402596415
-0.5060881390375465,0.20848029364595372,0.10455637376162148,0.09700956002848467,0.27219150385143603,-0.004484068484529368,-0.2909247402857432,0.44003618911000214,0.07035592459965488,0.3613975899797888,0.2840051603938649,0.6855665417860255,0.5867704680311646,0.7891658856869614,0.0,-0.004475386312902734,0.3849224428292158,-0.02357321308309882,0.6399365156171571,-0.44097273106797086,0.7303401022726189,0.21310263807718452,0.44270203855575047,0.5728781045333776,-0.053544533861951495,0.6125576776616493,0.016880459514889968,-0.0662886963420632,-0.34273332738512957,0.7064416131713924,-0.43269239219151173,-0.6133552618023358,-0.71922326143684,-0.02541212347695476,-0.1630157812686486,-0.4073453048570997,-0.4555836497246215,-0.5144655912612884,-0.0720892735799905,-0.5202968946218212,-0.5449884030527985,-0.4596894696918112,-0.4025270120172056,-0.4641406311041888,-0.3725048229466661,-0.38557426951691604,-0.5591529830238418,-0.49470706793565955,-0.38937215376939166,-0.4391577289878262,-0.28578081558091756,0.0931052842423303,0.033116641496283974,0.08309618769748152,0.22857693721353622,-0.2589876791122098,0.1850059076028516,0.09373316522673716,0.2576706657732323,0.2292761497142024,0.5209893734342542,0.4201714646517994,0.8336875004009648,0.6877468114794963,0.6859540821185924,0.7838825247871416,-0.4082832441863119,0.5723015479759811,0.3013048774737965,0.19715834752868955,-0.06750855837762344,0.20381360436354573,0.8051702145620044,-0.6579872523226314,0.4874020725635297,0.41602365899905586,0.06789022690154874,0.7067818601986199,-0.55617154082631,-0.6033162293846515,0.2610651187634541,-0.194766042530603,-0.24641112353407718,0.32230949312188195,0.23064813555075528,-0.11947145027852542,-0.31692459110742477,-0.20599412233499592,-0.4499757132584785,-0.3135709639839967,-0.5846509754196497,-0.38934072583411006,-0.3432551269816132,-0.409322891960538,-0.008000745872765128,-0.5105715218132092,-0.35776290688280316,-0.30540911160809,-0.3849366400986621,-0.44068173523675064
0.5137452250007597,0.6877292818441112,0.7854086828188741,0.6021801746665758,0.7208778974661796,0.7212493735734913,0.8035689151445627,0.7320094841311633,0.6821050628869133,-0.05155887002732379,-0.556236697640846,-0.13413007899424972,-0.14350412401932813,0.022229504836994003,-0.004475386312902734,0.0,0.3598336055370752,0.8178707509363117,0.1559044581210912,0.23404256316934474,0.3815409475226355,0.33446212638160017,0.5904907558763006,0.4275245298879543,-0.281929291048952,0.1559552693970848,-0.8498670977819588,-0.879716679005977,0.3941457638467554,-0.3281891457349984,-0.566720732683977,-0.17497968959873816,0.3557268617859033,0.8482497504823895,-0.294889744565709,0.07276625829377675,-0.2904379969964965,-0.5103798349117077,-0.7247411713752282,0.0856239469257296,0.02638616708218806,-0.6905012471584513,-0.6805993229065551,-0.5222239268368846,-0.6883188338920467,-0.5419107515823575,-0.24074461516415316,0.03786455371027344,0.24262816732603767,-0.07393650355301641,0.49201988326448276,0.7730361871767506,0.8305998838160158,0.6071059234890247,0.7281915277430292,0.7438055848772238,0.820457578099931,0.7644996270783453,-0.27923014917825156,-0.532140971394474,0.027818591276956406,-0.48642751609339197,-0.34162419109041475,-0.488973456794114,0.4567939921237856,-0.36303585249553894,0.3697494435600896,0.01251322593575635,0.7276509456482493,0.8366449549551617,0.7125209352292392,0.17190186990477935,-0.05959754221575075,0.3201400125110807,0.44835344912978414,0.14489667457445063,0.2908239317790631,-0.19469673855031283,-0.5362397971041141,-0.043553494333120446,0.11034942236445629,0.38996480071533995,-0.7674599067876084,-0.1411144916826439,-0.7136892387526385,-0.3871269825798813,-0.5489857454271881,-0.7677035590320833,0.28818056010580273,-0.7087432820423721,-0.486333354810279,-0.2992841281627912,-0.3503837172978868,-0.7246793649784907,-0.3735920024661367,-0.40498102859005664,-0.7583544224125383,-0.6341889631938424,0.1387669946852708,0.01612899043193823
-0.23668873787352934,-0.10290840931301974,-0.04406994198330961,0.06709012198222979,-0.011010322116509801,-0.10875022128156657,0.06607893678783343,0.25637786670119544,-0.05776100038050478,0.15307219173316336,-0.1594883535682043,0.30461704760472197,0.15060372157755636,0.4380568247410286,0.3849224428292158,0.3598336055370752,0.0,0.09755725491530684,0.4184295052421497,-0.07752451090143503,0.34243980283039877,0.22719854105393694,0.2699806677641206,0.3836981035941176,0.023391639673596098,0.21915214690212376,-0.16009066160768784,-0.12691784396112635,-0.065985936573478,0.2177116267640612,-0.22892530980251347,-0.007759722338859176,0.09643492694398863,0.17958253778777988,-0.1445037097532852,-0.13042777091964097,-0.17758008447365306,-0.20263171811968156,-0.05997615858423184,-0.05101956385572377,-0.1431283571532155,-0.28648775921302005,-0.13431089303624308,-0.19307990929418392,-0.2689094623792342,-0.1877619154204825,-0.19794811198257892,-0.15645662343590924,-0.12295256129381152,-0.14746852619773523,-0.14010154102867092,-0.08795298888615054,0.04250207471092046,-0.030769476287198113,-0.023104395492516697,-0.1476456612544578,0.07076797684421407,-0.04818838194697222,-0.058020307711561726,-0.02663259134896918,0.1797182161229998,-0.06470464876619664,0.15761790555152527,0.21048078540965512,0.21467056338171706,0.17554232280960086,-0.09535082583599717,0.2743128687295378,0.21821417148584443,0.20615365655367324,0.1497555983491854,0.008927496726570594,0.27429609075555467,-0.13566549258345517,0.4046699835016588,0.14702571144058146,0.00608637825532491,0.16425439684375495,-0.20418120997761263,-0.008598334818145956,0.11258180496485112,-0.11435258235096694,-0.20397041860179363,0.04004941315339421,-0.10265859505746039,-0.23008132200251363,-0.26323918293020293,-0.27112571985847095,-0.14945152591587627,-0.18206922035091966,-0.24536666010681624,-0.25035625983607435,-0.13557513213749509,-0.2929533001430009,-0.07871460828055421,-0.20946700326316228,-0.2734628387403126,-0.1825677913343118,-0.1451085215853517,-0.15421341205763614
0.45135863128375214,0.5626608673101389,0.7071076044930659,0.3764135446315283,0.5715234702110418,0.8085185459805906,0.9087025928322959,0.5702943633398874,0.6207054934530997,-0.3320316380616807,-0.651593134916801,-0.28819639215447396,-0.15386893723029077,-0.0062265532503059115,-0.02357321308309882,0.8178707509363117,0.09755725491530684,0.0,0.22538490850512474,0.4878819027540604,0.2962510514772642,0.2548089781806863,0.6749507921290202,0.27237028489379433,-0.5911252364266095,-0.04070119667794873,-0.8105050804208774,-0.8621010156848408,0.6515068900487696,-0.22457394432126518,-0.3764302377860322,-0.3133311772149566,0.1785448661302291,0.922408994902081,-0.27205563960166984,0.3372092993071884,-0.06546416629249342,-0.5641564027622422,-0.9089251611363666,0.2640793137233386,0.26748806917195517,-0.7294133212651809,-0.6644730223821933,-0.3699410261226758,-0.5174521440404599,-0.30503938610782566,-0.018079782705013623,0.3311680243818005,0.5081404176894584,0.18296588998086313,0.6548949924581375,0.6857908738152115,0.8003439443997071,0.34557290199353274,0.6326677927431537,0.8242879302135433,0.8330002406920515,0.8542947766302227,-0.543752254775487,-0.6743390827370006,-0.2840413826900337,-0.5484176919481737,-0.3307383186731541,-0.5843746925203419,0.3620822570954982,-0.43052947891440346,0.6203244717981656,-0.24947562459788059,0.5576587870891712,0.8097539411131,0.872618237003534,-0.07659531193784251,-0.0597842717148758,0.45483884689517806,0.22462491216454725,-0.1677443170997022,0.560809210801611,-0.26077755928278995,-0.5382755597115106,-0.17085489144579244,-0.22903771478613083,0.10274104156914268,-0.8852214099696242,-0.4478215479802842,-0.8279700260223449,-0.5883984402850884,-0.37028413904606566,-0.8254686526356012,0.5403304008036127,-0.8600819815096321,-0.48054917479368714,-0.42743497645171397,-0.5609146638669912,-0.7994560740737172,-0.6984936706237324,-0.2037360822519164,-0.6233061498214922,-0.36942664687249543,0.43352847160023833,0.28230090452238793
-0.13037276322586025,0.019575858608636563,0.03238755506952579,-0.05260289236330378,0.12221484178095901,0.28658242379010546,0.10785700202270423,0.2162740444949499,0.2935816341215784,0.24094054018834773,0.1761103280902042,0.5829434778697202,0.6237373889001749,0.6490171660798666,0.6399365156171571,0.1559044581210912,0.4184295052421497,0.22538490850512474,0.0,0.028231259193346212,0.4706756883865162,-0.25181980724732017,0.18063050927241142,0.2692412282828225,0.031090629134025473,0.18177033805237053,-0.2938259333383956,-0.23814225721036625,0.11172869621234305,0.2229025296280511,-0.11667488257991461,-0.08906561930063862,-0.21600306359353857,0.08754952489421586,-0.6376929591858151,0.0747281555833219,-0.011402229104841365,-0.14489765861276138,-0.042636645921530346,0.007464486326897858,-0.13720451985719848,-0.3534941964379808,-0.42995203009182376,-0.11241487077142812,-0.258218900863775,-0.15672942594732103,-0.393488370509328,-0.16695171074260587,0.06594862204163743,0.023778335792156827,0.1579623033503012,0.02065334158261619,0.1681034285434881,-0.10166136136076694,0.17239152287483744,-0.010092252268845593,0.1361261721039143,0.17707608154863239,0.1962393176000172,0.31781206649706845,0.4192579206807136,0.3722946934243461,0.5512402427470218,0.3021761607578233,0.49224221564985543,0.3716013767324933,0.028313042831252137,0.22422289683481622,0.07770759900915675,0.13028926971207966,0.30180037442677476,-0.2517965942035241,0.3340603729206998,-0.12851468312756095,0.5556919157806777,0.14226190893592602,0.39222168382412803,0.1439744185437891,-0.19083112328093943,-0.021224030562400853,-0.14973958075090618,-0.39763711644637517,-0.2569381801821262,-0.1163327947161723,-0.18475189048129098,-0.5388443059552214,0.04076738853701465,-0.46338902892512457,0.003157110410375782,-0.254289723475229,-0.18266855040517505,-0.041898330543201516,0.0012126145027764683,-0.3902845078502804,-0.2300635213247198,-0.10990323685354964,-0.2340929914741909,-0.10403867933196197,0.04972616175858967,0.028950010843870257
0.3855813212688871,-0.13211028037929629,0.040290808575355185,-0.2529939056091782,-0.15702596998060928,0.48690665440996184,0.6792259204978615,-0.29043167111916707,0.18291625499147163,-0.6098572386913426,-0.49163569603222584,-0.5997637992673871,-0.24612256358047302,-0.37317485671224915,-0.44097273106797086,0.23404256316934474,-0.07752451090143503,0.4878819027540604,0.028231259193346212,0.0,-0.43643322549712815,-0.4196691316983378,-0.030341103128380426,-0.5567097020262364,-0.5282246628638215,-0.7759950614253106,-0.3648875802065185,-0.33633675905203725,0.9167129998422646,-0.45091384451926486,0.5105163042997858,0.2814485757483639,0.572534921397168,0.4434597217641951,-0.31444201604317423,0.9130613015112249,0.7533970334929037,0.22764957660244248,-0.39498517702175945,0.8968962865960238,0.8758109805197181,-0.04417459039699127,-0.015007568006125155,0.5128734826674403,0.32302559004611997,0.5381432436115231,0.6271100988925299,0.870345568016259,0.938065319403038,0.8693286944364191,0.7371798578915165,-0.014500358051159248,0.2261270304671811,-0.41040283978711883,-0.06689666910717301,0.5708176494233834,0.1320103121915165,0.35884637265045916,-0.5933492009193111,-0.24326349866886546,-0.6077831741743346,-0.335045265184564,-0.510622709580651,-0.7251974574431916,-0.26865977388448153,-0.7156901220979277,0.9268439587892652,-0.8424295456229747,-0.28915911356713175,0.061436293635276654,0.6599232959134769,-0.7848408581722809,-0.6007249037736594,0.8643109626515338,-0.27407779808665794,-0.7781952457279872,0.7127334543750277,-0.7648005424316854,0.3003016368806964,0.36723527936793815,-0.8499679001167834,-0.4486274895840421,-0.32064511512703653,-0.9194120630818732,-0.7461168918327866,-0.6835457591452923,0.5101745484667214,-0.41936382058133115,0.9265517936370401,-0.25623318354489694,0.2987572704402645,0.04638007440217151,-0.08387744858169235,-0.18311065726673303,-0.7744988960643645,0.6503145713569328,0.21368889561529958,0.4826817459700439,0.9363403053121302,0.9047156363958224
