0,1,2,3,4,5,6,7,8,9,10,11,12,13,14,15,16,17,18,19,20,21,22,23,24,25,26,27,28,29,30,31,32,33,34,35,36,37,38,39,40,41,42,43,44,45,46,47,48,49,50,51,52,53,54,55,56,57,58,59,60,61,62,63,64,65,66,67,68,69,70,71,72,73,74,75,76,77,78,79,80,81,82,83,84,85,86,87,88,89,90,91,92,93,94,95,96,97,98,99
0.0,-0.42629734963512517,-0.36350863110771436,-0.4399457775540714,-0.30254529233754723,-0.15687022780435744,-0.41827245150935916,-0.4382280855439759,-0.2218680461997865,0.15740649676494664,0.007088938253674735,-0.4100560216237655,-0.07725520610090361,-0.32825401534986426,-0.3928078633581436,-0.14311571843403026,-0.4214693563043389,-0.2221618848917434,-0.37262548966811576,-0.1924783839269684,-0.3275495643633039,0.2403423320566781,-0.4201900081165794,-0.5365103242971699,0.1453787164884685,-0.5272872137739303,-0.6302373520600982,-0.5360558617043177,-0.4411324537109562,0.07513337010367982,0.4823658441010107,0.4925716000703534,0.42925300521238197,0.004051536290199149,0.4181795925592548,0.2151979147367272,0.25133089148893517,0.589800398890982,0.5045743104860626,-0.012767729351172357,0.38939170840243786,0.3041566617056827,-0.465573202085764,0.5786204736703405,-0.43174675690289976,0.470375947655684,0.5160276694616516,0.5706177761103111,0.4248625540978915,0.4733577941895739,0.6206308575511198,-0.4413558755819863,-0.46892990588972866,-0.4596650139316714,-0.07671672450408636,-0.15237728842934517,-0.42877342023696385,-0.3819431566959923,0.05190292109233437,0.15509277601526128,-0.37694410137869266,-0.459081682395926,-0.536625011895683,-0.4261641327381464,-0.3844517037636599,-0.42660964034992616,-0.2731899046011951,-0.4295144416660457,-0.46571445974300807,-0.3616522078084388,-0.37691320202001444,0.35388031584302654,-0.5483570398957891,-0.2863525425952332,-0.4824498873106117,-0.23341425235815547,-0.5004231234770059,-0.6142279309938324,0.5460429900748905,0.362348139529774,-0.43845465446215526,0.4237546671224433,-0.45570588888506747,-0.19422215197455406,-0.47435914048185207,0.42378914642477444,0.2746676661287154,0.3401875533115534,0.25788510251606345,0.3593769979735703,0.38466364181717844,0.4840100611069801,0.3137481360557416,0.3861665663554685,-0.06291415331758067,0.5751073164074774,0.40088077510999126,0.2656924646438185,0.41177869401722816,0.4815854551438459
-0.42629734963512517,0.0,0.8189533954442052,0.7676221942713606,0.8127427396234751,0.6822018376719348,0.8391951723860859,0.8359775362659766,0.7349105398121183,-0.370536460593036,-0.3398825367784485,0.3528947685428924,0.4599791734638926,0.6987396201535712,0.5236436702053021,0.5894802679795671,0.4468183330694474,0.6297867638084993,0.745512068185259,0.6466517333084707,0.6671619457939285,-0.3429084415322461,0.5598922156432004,0.4911387409953342,-0.5416533837421964,0.25725512944965123,0.6896611725680486,0.6794925298977158,0.680411431993881,-0.6140600165727014,-0.7217424786420058,-0.6799976203996715,-0.603945869225484,-0.1420234046543474,-0.3892431847591855,0.17042101914782118,0.07405696748064852,-0.4707515866815253,-0.4305219900853793,0.5186200387221267,-0.25710956628021403,-0.7029155597634735,0.3784659050001551,-0.5160577369750695,0.5856293725516646,-0.5050804517626358,-0.4845787224424434,-0.409638878812066,-0.05436839004507567,-0.26117538457326217,-0.5216211976846346,0.8148393282663149,0.6510753224722946,0.8590346471460828,0.6052872287179288,0.6781949241520983,0.8384329044520299,0.8181322535303303,-0.23610574290790606,-0.4973772310568378,0.39927509495472635,0.8407940006446374,0.7128830359781951,0.7101965007284778,0.7631221328885905,0.5226974305519777,0.7079526314279813,0.7441275871602886,0.44115310220729737,0.71374828832395,0.7306035144635881,-0.6513049550797692,0.666873588490675,0.5335050899463607,0.5053362934829637,-0.18188061551046247,0.6801949626957853,0.5806876306966974,-0.7657779811814421,-0.6642159789626112,0.04264216933434375,-0.4429682638874901,0.5747082888743055,-0.11858131601506766,0.5486771164979325,-0.48003706539803864,0.02657821850148037,-0.45474434014659465,0.15263792713139257,-0.4890993148104317,-0.5176366929088988,-0.49084825109090063,-0.24077752309241068,-0.7073150626573458,-0.27411756383953934,-0.5692160966087301,-0.2564512424405467,0.10327904666971029,-0.006325089972437904,-0.30999170056286285
-0.36350863110771436,0.8189533954442052,0.0,0.6699466399251439,0.8636215719352855,0.8743937663667879,0.8532988399904807,0.8502033085032424,0.8729337273902462,-0.4874738048809028,-0.4229544783178249,0.3222719409653395,0.4220160197149642,0.7648650934735696,0.44107694878406833,0.43940428557544253,0.3050416289559753,0.6321171961493336,0.8100923966888203,0.6706930244269644,0.6295201565128399,-0.5298144269720143,0.44130670456615667,0.3382047600088032,-0.6743440585394228,0.11609781677396044,0.6175594514549805,0.5998986987314064,0.6239071849009896,-0.681978410708311,-0.8426377268348405,-0.8034101094919823,-0.7723715345858866,-0.3369098614915588,-0.3942729661922876,0.3428961358059648,0.21075898872670035,-0.45950872755436767,-0.3614614891853258,0.5494697384674546,-0.1503771463084369,-0.7684587976919317,0.25557225060110683,-0.45593368349797364,0.5501758071244931,-0.4778831306435124,-0.4670784288350776,-0.37902970487344895,0.12933069503505368,-0.12108254119383084,-0.47064650397239816,0.8208085213718546,0.5960889803751425,0.8294357349516482,0.7769971525001053,0.8594397060526676,0.8662541412432955,0.8815782303161772,-0.31913199510662266,-0.6021706336722104,0.2662758464788234,0.8189682928750127,0.6856898647173,0.7054472647631181,0.7824310664505678,0.4266994961697753,0.8328400039028622,0.7372773434419733,0.3786891637313165,0.773126449182238,0.7082413069228908,-0.6387419147570325,0.5962342203226915,0.4707624444512089,0.34650076206094327,-0.35677445223966664,0.6215919844533482,0.47622575956122676,-0.8398164736227276,-0.7651336168586372,-0.09078415522690689,-0.3207539687418429,0.5364910548689376,-0.37485560496959375,0.44211635912543823,-0.38482616435355566,0.18574572271771433,-0.4078356143167442,0.34345442819937677,-0.40922492824224177,-0.48106091197237827,-0.4274090958520683,-0.11497252916121255,-0.7194106441057843,-0.2844555862041622,-0.508645335486726,-0.14882006204812956,0.27831209508387944,0.19429960465964993,-0.16734216180242067
-0.4399457775540714,0.7676221942713606,0.6699466399251439,0.0,0.636282415789262,0.4078594256678153,0.7275629382378167,0.6939028624813927,0.43786851097394186,0.012833779073658201,-0.028261420094854932,0.5955092251528855,0.5336016356071182,0.59060553396342,0.5641107512214512,0.7180009237359698,0.6326837921333187,0.3155486333877775,0.6173314314244668,0.3607390120671932,0.6097853711526768,-0.15924374912170877,0.6438478927677882,0.633659622003907,-0.22490459056763543,0.44714230150349654,0.5376412673920372,0.6483123804752163,0.6499659525653247,-0.6327674966111497,-0.4831966090595817,-0.4034353911115213,-0.3136755724171228,-0.19670844383524527,-0.5559345621769154,-0.1730999519873348,-0.2581410892185838,-0.3738532482455393,-0.5073240632658158,0.4416857282606161,-0.5120791256141514,-0.4875999552786413,0.5255445098391266,-0.5401804255147094,0.554743286430829,-0.5779521305437454,-0.5431457283171506,-0.4713755612385474,-0.31337848381125666,-0.47999232813253356,-0.684217992978479,0.6346806151199627,0.48698441112121077,0.7451990066385769,0.3059832412262013,0.36795209562735215,0.6305787782531088,0.5670013888219604,-0.06322504752191409,-0.20578681687089548,0.633326122917578,0.7387801233395214,0.6462075801117909,0.6958983235330612,0.6383365191280315,0.5474045665350361,0.38901480116017784,0.7119095899035061,0.3385141041230954,0.4266989647858948,0.6197614795183417,-0.7550489505698584,0.5675448356026005,0.46571376087878985,0.6482565733799629,0.08936454105750234,0.6278666404448501,0.6289261555196173,-0.6031870532554097,-0.5197849607623003,0.07740772881492058,-0.6613358859514804,0.5529040597836894,0.030719129294053422,0.6843801004466918,-0.7210658477470835,-0.297594522807874,-0.6451436763808676,-0.1835384454487196,-0.636709487027271,-0.6299927105873496,-0.5738427280611952,-0.4489805020035226,-0.6272165432863924,-0.37552638931619525,-0.6068961612956444,-0.4607949672123498,-0.3055429549981036,-0.280019932108915,-0.5103538858967139
-0.30254529233754723,0.8127427396234751,0.8636215719352855,0.636282415789262,0.0,0.7098395678649475,0.613609149350869,0.5985428550235306,0.6668558870209863,-0.21882245688240606,-0.22565732901150418,0.22208507258481341,0.18965507541845475,0.46918344024595504,0.14556548297827082,0.27338006230957074,0.08528480213202028,0.37575512651009857,0.5216988632430378,0.3679839289546035,0.3000402930181293,-0.4546467353170241,0.19944055622943702,0.15448325594051648,-0.41139388236360824,0.06952434090157662,0.4910322543800922,0.44375774559508807,0.3220181800743977,-0.3191085417505047,-0.5917895025893032,-0.5407593560438261,-0.5773969386860868,-0.2452888682280311,-0.13000133345398138,0.3218329644019956,0.22158847275187019,-0.15166498289617603,-0.06248225831491507,0.6519454219634293,0.012663113226418176,-0.4413954308387401,-0.019759790548546437,-0.17913171234294506,0.20985534281681636,-0.14198852859080732,-0.2975365201964131,-0.19743056658464445,0.1915783331073691,0.014920986868618659,-0.26881918459556925,0.5491279054481777,0.4983816963514473,0.6929053693585985,0.7091719419905466,0.6643574950313573,0.6469541997932754,0.647921176227986,-0.015275782192547613,-0.31943256271644893,0.2651644675872202,0.6095289352523364,0.41042209531980905,0.42067149415027266,0.47565141673915085,0.15167186571416166,0.6838089399053828,0.4489627990511173,0.2011083057155813,0.4853275366540841,0.38445388838771427,-0.360699330471089,0.35974942256138137,0.5972660151113987,0.1809325528714641,-0.19686578547598224,0.33202924453245597,0.32468225087849,-0.6156878814752564,-0.49077587174349835,-0.10078950131938667,-0.11285356931143348,0.1780439492935509,-0.2039740450709968,0.19506106578393223,-0.21055602900302955,0.22459456344365733,-0.07762586791685765,0.30284970536501177,-0.12318561855283068,-0.17912815840384114,-0.11336535956800732,0.13832563670145379,-0.3743803075329212,-0.08188627009466926,-0.23191774383866215,0.09072271743608293,0.22086889284003408,0.2282798419853361,-0.002495357778458994
-0.15687022780435744,0.6822018376719348,0.8743937663667879,0.4078594256678153,0.7098395678649475,0.0,0.5789424023729972,0.5701923734196344,0.7773535433714429,-0.3749546722847828,-0.34244332034818337,0.1273407675800804,0.21405124399025405,0.5565652736452789,0.09152261847262608,0.15522602521941783,-0.06277376945242658,0.4026412749338384,0.5902305031017503,0.44599456797794285,0.29758462642560085,-0.5632262873948449,0.08807931609325949,-0.04084390448997373,-0.5713039203302458,-0.14979525549885284,0.3655207101157757,0.3152833159637642,0.26059508281858934,-0.4195374070644381,-0.6590128224901147,-0.6134772536969818,-0.6827203983609493,-0.44822511975506646,-0.0974161043241431,0.5312426966316401,0.4009941472641541,-0.10788781100601091,0.010572521337675481,0.6322571519142471,0.15553519765264384,-0.5219183167999809,-0.15584931333714402,-0.06714116049269907,0.1808893355624802,-0.08436634100807669,-0.1932423164851469,-0.07599548574778939,0.4290009891317968,0.21060074130013345,-0.1314065062886631,0.5289673870408634,0.37271956667058226,0.5850333963422638,0.8509995327414845,0.8310190016200546,0.6255284271268456,0.6595695588982774,-0.1839376945923871,-0.46122812561119747,0.054142799604719016,0.5420043140654047,0.353775360359951,0.40941824661268805,0.49396600022365955,0.07890025345404862,0.7523494706735785,0.4183336468612445,0.05858453948947583,0.5273153534440023,0.3772800378453898,-0.3419208084395561,0.2658704338801782,0.4020234868415589,-0.020904500014608664,-0.4556005602383146,0.2529059629508801,0.1574280971652714,-0.6269475699001347,-0.5652245840787236,-0.3149442750986202,0.0312897818379377,0.1413038252770585,-0.5492520466932974,0.06029172842956201,-0.07497193735988023,0.4177200936000477,-0.018702763223780387,0.5334578480936398,-0.052800917451587805,-0.14408525051517188,-0.049726028638468416,0.23152118679039416,-0.4071837891037168,-0.16695155023701747,-0.12276863436435918,0.21772098634224363,0.47431086931707744,0.4907199292477229,0.1858459347801618
-0.41827245150935916,0.8391951723860859,0.8532988399904807,0.7275629382378167,0.613609149350869,0.5789424023729972,0.0,0.8779682273698073,0.7845105122917084,-0.3945040833058262,-0.40725138219549,0.36514797452716724,0.5061745480611852,0.7398836998525601,0.5433748924826882,0.6141498072922408,0.46562278093787673,0.6444556495081482,0.8094637393209361,0.652670494942274,0.6894267383497149,-0.3332838950264286,0.5898747702178263,0.5127722981320019,-0.604397384956284,0.2457193491715679,0.6772321250006955,0.6626902631403038,0.7147143561023761,-0.6422461002221052,-0.8061775700600673,-0.7457279108887366,-0.598478386495188,-0.0918040794933017,-0.3867576547484581,0.21331525630421086,0.11492728339304607,-0.4579344978024581,-0.41078096567502087,0.6617874053421523,-0.2429653167211655,-0.7669538020026577,0.38037116279032035,-0.5415751314545862,0.6174429457573247,-0.5259950950131256,-0.4883055750442735,-0.4399226953605163,-0.04036222220094288,-0.24999387209608986,-0.6031917209522027,0.8358054697004357,0.6059617428887785,0.8802705519640357,0.6495785704317658,0.7186802733654832,0.8542052669920579,0.8533541715404871,-0.29376991618966786,-0.5590707439970217,0.3997625339566992,0.8463451760060613,0.7388933048231522,0.7429326213903278,0.8024953583210563,0.5310902193607285,0.7597572309449985,0.7755890443743746,0.4841134798235223,0.7607991636696629,0.7557183098090596,-0.7003387041031691,0.6695215209922054,0.556840442025597,0.515934590060749,-0.22623797027817574,0.714599082870967,0.5974865379024024,-0.8379182094304872,-0.7818401558392402,0.017650952293089203,-0.45333778543581066,0.5851043207728892,-0.1474060134254787,0.5780347178372364,-0.5109469682706431,0.07607662476219547,-0.5159565564145027,0.19052050896692016,-0.5005737124051602,-0.5949345679498012,-0.535337964575978,-0.25118518563097375,-0.7631067090808783,-0.35791414442470104,-0.5998090899533297,-0.24439198730687614,0.0748643032225212,0.01040293091512495,-0.299378071052521
-0.4382280855439759,0.8359775362659766,0.8502033085032424,0.6939028624813927,0.5985428550235306,0.5701923734196344,0.8779682273698073,0.0,0.8115228606377459,-0.47746783789127406,-0.42496219737494695,0.3516434644166044,0.46450991045605594,0.7272040949835518,0.5508330338472494,0.563945701080377,0.4609786350078718,0.7056305138045731,0.8034130810273883,0.708994206022131,0.7074020999483984,-0.3953132395103286,0.5841548753796713,0.5238967720272981,-0.6420203489101507,0.2705218948162796,0.7409409531086899,0.6863812777259842,0.731986871545689,-0.6523188236534976,-0.8342821912905997,-0.8047218421089372,-0.7037642434238167,-0.10976237638673307,-0.41582966700941415,0.2152849867398981,0.11127842612130331,-0.5561012590029148,-0.46746093780182446,0.5555151947946543,-0.2483260206285191,-0.7949019564950082,0.4090888622695416,-0.5844273531208671,0.6497187279148514,-0.5604732855407821,-0.5305055431189133,-0.4740580058113793,-0.0504706661970343,-0.267711065813121,-0.5888803296589126,0.8862160799886827,0.6888203402181149,0.9077547631005435,0.6546106037400433,0.7493783078851985,0.9011654162074355,0.8984745559651346,-0.3140636558200162,-0.5984848436143442,0.37049853105824426,0.8723264975917451,0.7580437275093037,0.729227204143257,0.8114019419864761,0.5475413753369611,0.7960558142774125,0.7760299163718941,0.5216914874474662,0.8120516561350939,0.7805519431896922,-0.6879358176494844,0.7153636379336127,0.5512971362542962,0.5204566478006977,-0.23540345635815238,0.7388532838844508,0.6105866126647984,-0.861192779698937,-0.7691270170984906,0.07327020523245222,-0.44559514102934655,0.6325054861200217,-0.14419942054096868,0.5766712183945961,-0.492137502624164,0.062156686781739995,-0.5260373188791175,0.19572620156042,-0.49648637253533134,-0.5680679164376272,-0.5516037073742639,-0.2494332425080408,-0.781684070158543,-0.28368613981978796,-0.6382595027327813,-0.2719023100951371,0.12708145626346534,-0.002116198506518402,-0.31902024752480657
-0.2218680461997865,0.7349105398121183,0.8729337273902462,0.43786851097394186,0.6668558870209863,0.7773535433714429,0.7845105122917084,0.8115228606377459,0.0,-0.6502168475228125,-0.6200096538091815,-0.009985377364191791,0.3185042812587537,0.641849765595349,0.23751549914458223,0.27016594618182144,0.010559495373934278,0.6901328360249862,0.7033280644571676,0.6946246945037902,0.4655111213160797,-0.4622880409847776,0.23016414069897434,0.0583135972960735,-0.7999194848520325,-0.17467162929938498,0.5169646775008658,0.3723475575011216,0.4280720701390536,-0.44020987216421475,-0.8072048630733691,-0.7990829016542529,-0.7315257286378685,-0.1763703292247677,-0.03540465682271549,0.636703802762931,0.5291170903556618,-0.2559057430902427,-0.05464890749554397,0.7034976611443751,0.21181921227403974,-0.74313453953967,-0.0212962972255661,-0.19315071350905907,0.38337980884549155,-0.15793813242055638,-0.1776359576270118,-0.10518741946442704,0.42292722925084836,0.2064039632544255,-0.1949781597743194,0.70185277030512,0.46555379985783774,0.6974368467698191,0.8970415183128408,0.9194771367029572,0.7721152251099788,0.8360660261993069,-0.4125193409513937,-0.7162643539088915,-0.03851840470243786,0.6340411111349988,0.473878866587847,0.47709741359459584,0.6394519610816045,0.2367150297665366,0.8876950219885247,0.49746331492097734,0.25682974460211855,0.7706645100023205,0.5596397304191014,-0.39466936773204225,0.41172762449330597,0.4221467081492394,0.051849059620782026,-0.5798219519080546,0.42319883966939575,0.24373617093891423,-0.7393421193212761,-0.7461945992766819,-0.24464544002005909,0.009451942385738231,0.31829120583117043,-0.47388010138741604,0.14003528803432724,-0.0681943544890104,0.5117107513945299,-0.10193896760955946,0.6236400243494395,-0.1108029603944219,-0.26824431269682414,-0.19028979992431,0.13213358229960845,-0.5895688201353414,-0.23467959543000194,-0.24370461971933446,0.19644085380292228,0.559049021591309,0.47462952889361226,0.15641647712667514
0.15740649676494664,-0.370536460593036,-0.4874738048809028,0.012833779073658201,-0.21882245688240606,-0.3749546722847828,-0.3945040833058262,-0.47746783789127406,-0.6502168475228125,0.0,0.7916793966331805,0.474154135077898,-0.1626066567627549,-0.3365876687548564,-0.2577578716433218,-0.030260966891354362,0.08921113650547054,-0.7226092784046526,-0.36148123916997965,-0.680658416033717,-0.34808931772049545,-0.03431489279289655,-0.1508297747285532,0.0706849847789174,0.728263072698722,0.30525598560555817,-0.37284839126015323,-0.13895190523901121,-0.28436097015025263,-0.043073771850522545,0.4739546760406812,0.5911547447006141,0.3239962345867372,-0.42536911889052964,-0.2896397148596969,-0.5452894248543931,-0.5873761967087379,0.34282607864690645,0.04470787568669091,-0.04562287647840088,-0.37008828121000065,0.5909069356048471,-0.10065628228001022,0.1337068853725443,-0.4120979015115184,0.009198169483317786,-0.1645567763082796,-0.08378525440809258,-0.2928445094202046,-0.2621286955462102,-0.05720355608275844,-0.3965024028265921,-0.15147966524009998,-0.1616323220157631,-0.34405611705109845,-0.4560904440149216,-0.36343132909942866,-0.47743872950033395,0.6566848897188121,0.7540514804925521,0.47952707125253796,-0.14441900703782962,-0.243863632996296,-0.1579719272977206,-0.38389379433095355,-0.2895917839565724,-0.4512241943961983,-0.14113711772936743,-0.3503346053390019,-0.6483317621263883,-0.39803341729960307,-0.01075445115760546,-0.2836631503929203,0.1234739097977607,0.1277426702574001,0.5632542893818951,-0.3057062427524826,-0.06181327740707814,0.291888157990789,0.5024002842886697,0.027414323280858566,-0.20164536163168814,-0.33988466497750297,0.20134840119142164,0.054780601601969375,-0.3164442797909785,-0.5262709496316781,-0.16435594387917835,-0.5206093542654366,-0.023885351309844545,0.14664458624557258,0.1814489377743683,0.011273734657500815,0.38537745230111253,0.11263938248213558,0.1358390471340598,-0.18351595728063197,-0.6144762191806302,-0.2941050309326009,-0.19461493794528076
0.007088938253674735,-0.3398825367784485,-0.4229544783178249,-0.028261420094854932,-0.22565732901150418,-0.34244332034818337,-0.40725138219549,-0.42496219737494695,-0.6200096538091815,0.7916793966331805,0.0,0.5344448852970092,-0.27633010368426625,-0.30554216354564345,-0.2203440927802163,-0.18102842867142224,0.10380760262435047,-0.6654254139814941,-0.33057390020735394,-0.6125654126389988,-0.32034049791641367,-0.23347363526060452,-0.15185163061042284,0.10672407152099514,0.7018755759776205,0.4133989499882923,-0.20277781163896155,-0.035453992394020896,-0.25458082037634433,-0.046390549404530614,0.38554525468625334,0.4705454375513506,0.08787688061920294,-0.578988799582659,-0.4074618695287918,-0.5884322850074049,-0.6551134493809995,0.10659937860665888,-0.12494370169860394,-0.3417495501716465,-0.44369797516165943,0.548229254768325,-0.05499663364354159,0.009991099066587482,-0.3675493206025502,-0.10560874668438457,-0.30545314066173945,-0.21638775383983047,-0.3498976767052987,-0.3488972381503434,-0.07949885210248714,-0.30640190144566404,0.005123818397177206,-0.13986081161618044,-0.34368966476805546,-0.4021525358459029,-0.28658771412566914,-0.42692874589418756,0.6637520079508721,0.7371959392068107,0.47042560838729297,-0.0828582701913843,-0.16032368952515103,-0.1271505527478819,-0.3573246768908929,-0.23579731205763566,-0.41032233660532375,-0.10964618614879709,-0.29805614055479346,-0.5797116705070398,-0.3603134982088886,0.002645004193007931,-0.14357791332173914,0.062133523766950104,0.1508932968938469,0.6047708522821885,-0.2538267521919036,0.022947663259468815,0.20634994473548338,0.5302018637186654,0.1694139734024751,-0.22749230332201417,-0.24995139203729622,0.14895367912467067,0.0799635399369805,-0.31321209379916587,-0.6017103672539357,-0.16008914177860953,-0.5635836435285019,-0.06494423658177441,0.19275931317264008,0.12750875679986293,-0.001526111249727296,0.3482845478079765,0.26310440258433493,0.033004978283288994,-0.2713404677542966,-0.5231299252635049,-0.3385186072699546,-0.28536144085212656
-0.4100560216237655,0.3528947685428924,0.3222719409653395,0.5955092251528855,0.22208507258481341,0.1273407675800804,0.36514797452716724,0.3516434644166044,-0.009985377364191791,0.474154135077898,0.5344448852970092,0.0,0.12206268847766544,0.26146204528326755,0.2575931031614764,0.2559313810387938,0.5153472470251429,-0.2659797196688465,0.25888330863146325,-0.18096061657259435,0.20470848015435214,-0.37709086558485,0.33937637993672415,0.5149054159313918,0.32691393178558137,0.6357029854787539,0.2563966394862819,0.4637034082763244,0.29152488376501245,-0.49668769688267134,-0.14839799638143555,-0.03853126326817477,-0.2655847411175419,-0.6466509650495328,-0.7596315684007926,-0.5415950965219477,-0.6602003374375205,-0.2881112421561357,-0.520846294699548,-0.06015209962742157,-0.7141478057329085,0.03071158518279483,0.3432941326052215,-0.4382755072286278,0.15097425573324316,-0.5509134923853178,-0.6601415566579063,-0.5658600704772269,-0.4830392611226643,-0.6152440735030623,-0.5820294481768977,0.2240538136318702,0.3325726677016943,0.3778085516398645,-0.03521165524690849,0.0054730890795272645,0.23792730777855614,0.09742767032975277,0.38439603999570826,0.36209130182700716,0.7383397254978602,0.4361802443836724,0.38943201499095575,0.45303316002073546,0.22589211980900434,0.2263422997508532,-0.0009747916818798322,0.46294837892096613,0.058688167917438236,-0.07730259650649456,0.19798222528832887,-0.5284931148379868,0.3448460046090038,0.28348534449145474,0.5479585539331229,0.49119150290109864,0.2872211244595041,0.4864571646689578,-0.34534512406114837,-0.031061438765699292,0.21173053519892404,-0.6278953392345786,0.2504420068856009,0.024435673835212755,0.5450492577561542,-0.724035957321005,-0.6418440623033127,-0.5698484930846218,-0.525201470946451,-0.5127319167923763,-0.3291194778371433,-0.3579882379650084,-0.32226343962645837,-0.21249236406212713,-0.0512532038027319,-0.45231334994002764,-0.570315694150023,-0.5650632211207522,-0.4324943091597283,-0.5859957878696114
-0.07725520610090361,0.4599791734638926,0.4220160197149642,0.5336016356071182,0.18965507541845475,0.21405124399025405,0.5061745480611852,0.46450991045605594,0.3185042812587537,-0.1626066567627549,-0.27633010368426625,0.12206268847766544,0.0,0.6093381174269378,0.6074006057854857,0.8083324038327595,0.4356587698089835,0.32804745719562894,0.5435669424410166,0.4512113139623249,0.6073418106593677,0.49672254940653837,0.6094982454992438,0.21030693394720018,-0.36793435790237483,-0.13017976220238348,0.16778259546804355,0.1938205850579151,0.49148002613434383,-0.4778601337570494,-0.14089569585599054,-0.12204427802682377,0.22009351369306973,-0.040495960614200126,-0.09098881570816734,0.13859843623283288,0.11173818892947573,-0.007225113779021374,-0.24220812138423142,0.234446287713095,-0.13628697016616753,-0.5028398996866128,0.40307543702153065,-0.10422652627192343,0.5505633215166253,-0.20061826556472137,0.13922086096400887,0.1745336204886791,0.06744429991412734,-0.05592254638793213,-0.295359718594214,0.26930998591217037,-0.247089923978511,0.19209434816356039,0.08374534811548655,0.19960089348677937,0.18117247770163988,0.21583051113803584,-0.6183965122640263,-0.4265588656424497,-0.02180643804063936,0.16819925856875773,0.2605874504765234,0.4773708358862767,0.46267998536874333,0.5745924738119912,-0.050041618433999874,0.3351551734975446,-0.1905386492001835,0.25771340395363057,0.5106005754331711,-0.6543952523995198,0.16827152196153994,-0.3961180860677316,0.17769096192007675,-0.40134825248787553,0.3655210374156677,0.19926434067609444,-0.1449242085485388,-0.533894489414292,-0.5014730617092074,-0.389370974031515,0.4429863834584889,-0.5061488839024079,0.3501263046137289,-0.4017696026183543,0.04824550061696119,-0.42035091300037747,0.13046633512915828,-0.5680336727343835,-0.6874429364683609,-0.524062713327471,-0.6343241483081771,-0.6072703813815787,-0.8759899430860292,-0.1997136473281478,-0.17180884676315422,0.027577215381141724,0.09183050560179674,-0.11981675894749252
-0.32825401534986426,0.6987396201535712,0.7648650934735696,0.59060553396342,0.46918344024595504,0.5565652736452789,0.7398836998525601,0.7272040949835518,0.641849765595349,-0.3365876687548564,-0.30554216354564345,0.26146204528326755,0.6093381174269378,0.0,0.6460012556413223,0.6038398559693925,0.44046695261906116,0.4995238854041145,0.8011448820364232,0.6322101362024097,0.6977926919469923,-0.01493187001430394,0.6192511526457192,0.3087693545608201,-0.545227103720751,0.058409176425602685,0.5660108257313965,0.5812975242147489,0.6475083359147351,-0.46105519474990136,-0.6062622919853228,-0.5518833177077416,-0.33768675697731054,-0.21672302318609082,-0.2622329078968797,0.24101175338878658,0.16451652089182506,-0.3697233684992838,-0.4046953882254703,0.2572211340785744,-0.19565405052736007,-0.6902527937086553,0.39258427488616393,-0.35500372349779746,0.6402651219322116,-0.37061453354644747,-0.2083109078605424,-0.16355614513022182,0.06038545091329512,-0.13814514139262823,-0.4408714047672378,0.5961585776822721,0.20629114204628987,0.5084164056701769,0.44394621206053647,0.57650198640633,0.5492212362853438,0.5631091820769281,-0.5176759307759036,-0.5562714337504194,0.1406089785142398,0.5288707394828192,0.6084804488542223,0.7277459371904986,0.7348339566802489,0.6469273022868878,0.3979440745469633,0.6255650638991551,0.14234802860414694,0.571040975404994,0.691641548590769,-0.6483120968652587,0.5122595669902421,-0.060369187213512324,0.2915590264013386,-0.3532792752816144,0.5938598025214958,0.48771412360497624,-0.5843219511696767,-0.7109802830152466,-0.23605885479686217,-0.4028958281639349,0.5741491391273412,-0.48349968250282677,0.45497882182069815,-0.3704647905160763,0.11899423037443901,-0.28847251873693264,0.2260942031029784,-0.5597406159739671,-0.6381251399717177,-0.5695970666341086,-0.4312826710686857,-0.7117115639330046,-0.5833350787799211,-0.43163665979906846,-0.1906116969621329,0.2045405366937266,0.11212864711756441,-0.2018532581659608
-0.3928078633581436,0.5236436702053021,0.44107694878406833,0.5641107512214512,0.14556548297827082,0.09152261847262608,0.5433748924826882,0.5508330338472494,0.23751549914458223,-0.2577578716433218,-0.2203440927802163,0.2575931031614764,0.6074006057854857,0.6460012556413223,0.0,0.7700162399719642,0.7590586912815944,0.5329563902684437,0.6894341601966234,0.6224707814294743,0.8289205946392844,0.40386483902065606,0.8712897062005656,0.6159568045927986,-0.35835552915825886,0.3086630186091755,0.6064789397558807,0.6225971713906311,0.803703379081633,-0.4061738301697417,-0.39741735063465733,-0.38101155911555784,-0.006595826760652964,0.21760246209941933,-0.35589160252634516,-0.14211015324497678,-0.13520119765678013,-0.5760579270766808,-0.6901574946282301,-0.12443244342171762,-0.45648636408706306,-0.6263512045052358,0.7875807330912526,-0.6022189923390399,0.8444177089965382,-0.5874694142907645,-0.24430154243930208,-0.30352957023490473,-0.37300654567214564,-0.4671452229191673,-0.6183710649069932,0.5449600593930165,0.14887398756254686,0.3615471507558539,-0.08106336039827498,0.13614134833023164,0.390401355231762,0.3687171216556105,-0.5965263600672358,-0.46713889584673857,0.21132164944956192,0.4089431391346672,0.6618765599300572,0.7480244651836425,0.7139056963866397,0.904099156950393,0.04348316150030088,0.6382476380820822,0.36259906841675976,0.5007517134305718,0.765805869579168,-0.6804053463958213,0.6410002191369547,-0.28865893527535785,0.5698859706493743,-0.07688289727627454,0.7529854379451318,0.6426127941587642,-0.3954746657549967,-0.596208184810035,0.07908708417127687,-0.6660248193360423,0.8111945003594786,-0.08314793888936814,0.6954524852827139,-0.5321148447377896,-0.23216032547152443,-0.5428981286052331,-0.17553950229991497,-0.8013626220606178,-0.8398335301992093,-0.8508546802835423,-0.855996240757393,-0.7501224516097007,-0.6377742987401716,-0.6483285463438074,-0.5564579693743641,-0.1457739637876279,-0.3503504836718087,-0.5437456887992852
-0.14311571843403026,0.5894802679795671,0.43940428557544253,0.7180009237359698,0.27338006230957074,0.15522602521941783,0.6141498072922408,0.563945701080377,0.27016594618182144,-0.030260966891354362,-0.18102842867142224,0.2559313810387938,0.8083324038327595,0.6038398559693925,0.7700162399719642,0.0,0.5108013875504869,0.30567267976880874,0.47272436666512424,0.3762556254336363,0.571733823373104,0.4123684480945826,0.6023679832634908,0.3542981461381062,-0.22848867600082245,0.05206472127688017,0.21725885370418246,0.28418574271875546,0.5099860507074485,-0.5010912435598579,-0.14371958725621223,-0.07295621868857007,0.1950489396812297,0.06032028093002582,-0.16552511414418888,-0.007155655218819088,-0.03519280082646908,-0.032504662143400975,-0.2697514409939134,0.34135149610536447,-0.24296525696500132,-0.43314683761495665,0.39176913976573263,-0.19495408262748248,0.4746307949395524,-0.26975117004612365,-0.025326785951423566,0.009647431165399404,-0.08371811415489086,-0.18602901393907728,-0.34893138491749387,0.32968837701521003,-0.04012804034043211,0.32660369372107084,0.06773179912411624,0.1398651796015486,0.24702463374944894,0.24361154834334006,-0.36242559493237225,-0.2752533467086189,0.2083028350244798,0.29854268148034463,0.3166293919528185,0.47512880289160836,0.450458263643144,0.5283039483202945,0.012241353458840908,0.39914132832886157,-0.021343307517956427,0.24234778155694062,0.4950399916295604,-0.625267877574635,0.2545180137207689,-0.09327670149719794,0.35105857743582863,-0.1738683919482936,0.41127483473066323,0.29291452168121007,-0.19413645480111758,-0.42850394958065585,-0.2958032596374555,-0.4619614264347494,0.39906972822916936,-0.20268278884595356,0.44745760682461433,-0.478158143262983,-0.09119427804070734,-0.4988793390165565,-0.020753262756874648,-0.5601772960646596,-0.6117542546675477,-0.49052080659212277,-0.5648791451330265,-0.5386395699513341,-0.7116056903844449,-0.2756441114242833,-0.2444828834525559,-0.13525255667759292,-0.06796514908173756,-0.23744440284583693
-0.4214693563043389,0.4468183330694474,0.3050416289559753,0.6326837921333187,0.08528480213202028,-0.06277376945242658,0.46562278093787673,0.4609786350078718,0.010559495373934278,0.08921113650547054,0.10380760262435047,0.5153472470251429,0.4356587698089835,0.44046695261906116,0.7590586912815944,0.5108013875504869,0.0,0.22153683568530358,0.5035292853143607,0.27296583705051547,0.6878854398261289,0.2478048935213513,0.8404357174848247,0.8231077215677808,0.03344364980325433,0.6555653382154825,0.47925483648433753,0.6359549520078503,0.7319629344905333,-0.5653320444693991,-0.23435357261253145,-0.1732724598420103,0.04220859143890646,0.07674551143737462,-0.6681333065005202,-0.5510266699375779,-0.5781814287298043,-0.5707604985952272,-0.8065589261299643,-0.1644250657580274,-0.786884670972728,-0.3604960860983516,0.8476022105639198,-0.7250479657572454,0.6917657239336755,-0.7782211516749382,-0.5343823207691445,-0.5745646822575774,-0.699379389879519,-0.7708737163621372,-0.7978271758544667,0.43864912891127994,0.2421636819416438,0.39029049835240087,-0.29569747413423575,-0.11465982392424753,0.3059407250043761,0.21200760710949537,-0.17674292594164395,-0.06312761856983494,0.5895606263338349,0.4314137168808505,0.6285155882377659,0.6947021067474554,0.5466260473443044,0.7771795541724328,-0.09873308694527139,0.6625615644387128,0.4114230064135515,0.25210233338583216,0.6184436614692198,-0.7341773669478845,0.629414901912736,-0.04411414342409237,0.8045855108758273,0.34629386689176855,0.7030011072989357,0.718524078578168,-0.35680022587638816,-0.35595399470068095,0.3035201715845963,-0.8789683034005172,0.7290902173009013,0.20833665410636018,0.8512960448559755,-0.8198274335008225,-0.6501965724439688,-0.83563440191017,-0.5706403413141597,-0.8818400847423038,-0.807802538307042,-0.8476506839035838,-0.8799178332255725,-0.6138579934361542,-0.48150061303092645,-0.749609828197957,-0.8189520176357933,-0.6036090403794184,-0.6739910914789843,-0.8047824616578918
-0.2221618848917434,0.6297867638084993,0.6321171961493336,0.3155486333877775,0.37575512651009857,0.4026412749338384,0.6444556495081482,0.7056305138045731,0.6901328360249862,-0.7226092784046526,-0.6654254139814941,-0.2659797196688465,0.32804745719562894,0.4995238854041145,0.5329563902684437,0.30567267976880874,0.22153683568530358,0.0,0.5022268981105936,0.7762279742177692,0.5346888398648378,0.06656327675998765,0.36528086311890057,0.1657345468284347,-0.6882289173074503,-0.11476535757426835,0.49606202693861107,0.31797911705648796,0.4822894608507801,-0.23644177729634866,-0.5263176711001131,-0.5915848734739263,-0.3353006678132874,0.4617060976036899,0.13591379013457522,0.4225293816735796,0.4344264727841526,-0.40428336425850214,-0.20585412829427557,0.17104742546194063,0.1712530188819436,-0.6766644526635718,0.22680560744726055,-0.27998954027507045,0.5106698481469159,-0.18791740354424358,-0.005076804150946412,-0.04931782410850698,0.1589180591392453,0.07999647819631656,-0.10421776277973284,0.5655352088692798,0.3193482100992378,0.3827370599607468,0.36321098963153525,0.4846502960809721,0.5134380948409688,0.5798221125249766,-0.5885564612798576,-0.7301438088131693,-0.242805193674247,0.31160770709847035,0.3741235527073373,0.32246344603647714,0.5257588684515916,0.4259114477092382,0.5096311982329846,0.34144999558761197,0.4610181094173344,0.7186747180915884,0.5716769772321529,-0.206587727239438,0.46724714122155886,0.03660249948972046,0.127941447807665,-0.44811764579530444,0.4839924663191815,0.22943842906303236,-0.41010221346796877,-0.5538172135660426,0.020256464549057846,-0.030834213446731585,0.4598731140317806,-0.10292943913467457,0.17161506504920948,0.06147114308252358,0.36136387324757363,-0.11273663893285463,0.3923426075954284,-0.18872147962365204,-0.2947204188289109,-0.3379280527826723,-0.16311787419135282,-0.5358089662855948,-0.2441608195729829,-0.2966254447448263,0.013510062343811715,0.474433606459526,0.16687506174595632,0.010054683714107344
-0.37262548966811576,0.745512068185259,0.8100923966888203,0.6173314314244668,0.5216988632430378,0.5902305031017503,0.8094637393209361,0.8034130810273883,0.7033280644571676,-0.36148123916997965,-0.33057390020735394,0.25888330863146325,0.5435669424410166,0.8011448820364232,0.6894341601966234,0.47272436666512424,0.5035292853143607,0.5022268981105936,0.0,0.7013200138740865,0.7355444882065654,-0.09266270614289618,0.6509862433023447,0.36923885497213804,-0.6216427085474289,0.10990537629660709,0.6483548236422342,0.6215472187401972,0.6994474286826222,-0.5496334481031299,-0.7211546896023338,-0.6708602172819101,-0.45250284039594413,-0.14894551015724114,-0.2792469626707878,0.29344694396521837,0.18806961048228119,-0.43646573558666785,-0.43015828355212893,0.3845847732268696,-0.18409893199401497,-0.7745731750257705,0.3818379514178818,-0.42190927653661425,0.6635957658860574,-0.42704198889580824,-0.27491807581018635,-0.24542963137395096,0.061671065895507575,-0.15404403967178762,-0.5146029260870738,0.6963466796407332,0.3142496503836623,0.6221494149504826,0.5385443882424014,0.6606069402413144,0.6648568687267653,0.6804969906351158,-0.5191678014282677,-0.6184505825700171,0.15934446256835746,0.5971672927227054,0.6608560228289363,0.7582387409145631,0.7839220133984716,0.643273203137493,0.540832468822133,0.6851216849668735,0.26488443858532557,0.6864900262966434,0.7492612374193547,-0.687285006523406,0.5979020456665074,0.07914970292123774,0.3460974338899649,-0.35215992287309383,0.6498287693538779,0.5473219575443006,-0.7094947459492595,-0.8078316790124043,-0.19402423205631347,-0.4123328330774257,0.5998383820666454,-0.45557717708888623,0.4812792952775759,-0.4112849797499357,0.13713129173939229,-0.3773859542938741,0.2658735775171106,-0.5677265994749968,-0.6532138764057216,-0.597720536225427,-0.40467951043229317,-0.7826641280592092,-0.573508956709782,-0.4947918802282102,-0.19458050871127017,0.21638001949330846,0.11654566391555736,-0.22208343273517758
-0.1924783839269684,0.6466517333084707,0.6706930244269644,0.3607390120671932,0.3679839289546035,0.44599456797794285,0.652670494942274,0.708994206022131,0.6946246945037902,-0.680658416033717,-0.6125654126389988,-0.18096061657259435,0.4512113139623249,0.6322101362024097,0.6224707814294743,0.3762556254336363,0.27296583705051547,0.7762279742177692,0.7013200138740865,0.0,0.665236800742247,0.09305175917276409,0.45684993629137916,0.16541366032181995,-0.7711777034319366,-0.16999334729651555,0.5301137862656325,0.3844865402081529,0.5688806065750848,-0.3445451855532252,-0.567505730296035,-0.6273016009345265,-0.34309767045779427,0.31939755986587554,0.08294457831240429,0.4719850812247236,0.4700707872761917,-0.42269909344040985,-0.27224392043537965,0.13992215428888938,0.14176478836435968,-0.7807186758744272,0.28514493588583784,-0.28515183674627653,0.6138349968139705,-0.23802237136666796,0.01185541468060358,-0.014909819705860347,0.20648148580716494,0.08638085306972215,-0.12532031297188947,0.6368937781677987,0.2770213719965183,0.40936825824174033,0.4135041171483819,0.5723180995735523,0.5641497204109978,0.6266377352933628,-0.7117741971890482,-0.811417055543648,-0.2547496586609213,0.37761894101647725,0.4507331133280152,0.4604709895847074,0.6483605697606829,0.5483077668453487,0.5122867512671202,0.440065477557569,0.372586244485694,0.7754359744285627,0.6784693962293867,-0.33392446027495803,0.4940373734676429,-0.09534125904574428,0.1292901160412371,-0.5568289733744763,0.545211168387979,0.26141160471856933,-0.4417515796464957,-0.6500239211176476,-0.12348919189635169,-0.09836725664659468,0.5546610681053655,-0.30510691084504377,0.22732309322091893,0.006154047239090862,0.38032142248681666,-0.14079035826282432,0.4452505972476253,-0.3171229467877657,-0.41327112365144225,-0.4221295426310092,-0.27337568758222425,-0.6527147746780153,-0.4141146979954269,-0.31677068359057653,-0.019186966762804854,0.5481078036600253,0.2294234158549934,-0.0004117170722568733
