0,1,2,3,4,5,6,7,8,9,10,11,12,13,14,15,16,17,18,19,20,21,22,23,24,25,26,27,28,29,30,31,32,33,34,35,36,37,38,39,40,41,42,43,44,45,46,47,48,49,50,51,52,53,54,55,56,57,58,59,60,61,62,63,64,65,66,67,68,69,70,71,72,73,74,75,76,77,78,79,80,81,82,83,84,85,86,87,88,89,90,91,92,93,94,95,96,97,98,99
0.0,0.4200259785614885,0.5879538205841288,0.30023938326813604,0.4599261168796893,0.3847582606242496,0.3296055814954391,0.2752753446008712,0.34039518215940057,0.11069979993758892,0.3088959474480749,0.3226469991486074,-0.04445393464576997,-0.1799011225352637,-0.39862874562339634,0.5957521724713368,0.10336414691134005,0.17990686812582557,0.11285055136307313,-0.11705128791197188,-0.4175847707675503,-0.016868548601406425,-0.029630854577099058,0.21643266914496953,-0.11774182620337807,0.257438489459923,0.3098062274063475,-0.4388824266466514,-0.21138197683728155,0.0994420653435517,0.7025558546375564,0.8630415362872561,0.04623831092694352,0.16010280711915884,0.2123362922623229,0.39696272193447596,-0.26429411192096414,0.5077040918048596,0.4074707031093015,0.2534643158809911,0.28412838927091816,0.023667273460114508,0.38239747608090113,-0.593206572501109,-0.05392206548796202,-0.08208658178518066,0.47854015120593246,0.054378754319486265,0.2925210720563221,0.3457647815669209,0.7733438552270635,0.6217635131470036,0.6218209212100579,0.29976487102507293,0.4870287755664187,0.4453728327621613,0.36254560462331253,0.4147263744038529,0.03518955958020773,0.21080218144433643,-0.036410704141197875,-0.27746623467580916,-0.47011980836709644,-0.42247173982497593,-0.5396088808994247,-0.2957336672538523,0.4215486920910292,-0.12509848543943278,0.15393400742845628,0.16326264312609023,-0.32208865775457024,-0.4188620889263226,-0.031611456749583496,0.5056113665633204,0.117002636090318,0.10069119681157503,-0.3022297461022756,-0.1737805937805048,0.735666101349795,0.8172028833406676,0.20359512038518424,0.2672185962906454,0.36337568645652474,-0.3404195554478639,0.08018027890866652,0.08321948004723352,-0.3038523297763258,-0.41042408016300447,0.3727309033833296,0.40048523726498314,0.5900270901548088,0.2997869209413345,0.3745739312525189,0.12665724531802347,0.5327597476612234,-0.49340918501092795,0.023709694372634534,0.03742850224428365,0.2696844480109203,0.2455531187078362
0.4200259785614885,0.0,0.7679981955106489,0.8372069568024437,0.8151044195516902,0.8628353159166892,0.8321477654572635,0.8210025533126346,0.821076954924777,0.40006974788885336,0.13876144444931446,0.6469018875093668,0.7257480017699391,0.18690802355255087,-0.5633735235619499,0.8519130295526465,0.8039000109009473,0.8049506423627866,0.8072048682965534,0.674891283531993,0.16805558031052684,0.7109725487453025,-0.6219887165829544,0.8106596190147448,-0.45780176450102383,0.5387382029567216,-0.07634059678628531,-0.6214041711993378,0.6050223977769255,-0.6104118725920881,0.2208790601815452,0.47931360832947423,-0.5098433196238545,0.7885711082324788,0.44133682161678867,0.0959820690432334,0.5642524090460765,0.6959860439152301,0.825165140753641,0.7451792820531076,0.7685980897295613,-0.027056127765303563,0.7519184397377258,-0.39899044984456056,0.7002382629153149,-0.683342883405112,0.23046475789054016,-0.5212218707771591,0.052199507839479686,0.3517630295139232,0.5572410547297253,0.8670280973826204,0.8050046594172826,0.7932610174886895,0.8526968071882662,0.7718661371656266,0.8265789814547944,0.862896938290458,0.37966550908340035,0.008270785258554344,0.478263472427092,0.5168860388770747,-0.31511063323090693,-0.3882027637793609,-0.13213991802588498,-0.5993430182901353,0.6650677486756699,0.6615792827604953,0.7847645787984102,0.7872793615055591,0.3840694861319715,-0.11340221188331222,-0.6696642809276555,0.2516209652112202,0.6139817553713851,0.15005091796877718,0.5190020418893492,-0.6937428557297197,0.6121110941799233,0.25102304453481816,0.7683732558212463,0.7737940008078473,0.8895915129542777,0.37325387376916735,-0.5732197340461784,-0.5447891707759139,0.5217091818368016,-0.6653409538040816,0.5898998407458463,0.23851789871598714,0.7163173205258521,0.5111351774098042,0.588483986947816,-0.09882954157555973,0.8120325071037086,-0.15515776776815524,-0.6505224550515228,-0.6593408245022045,-0.25820457456188317,-0.16006830129928926
0.5879538205841288,0.7679981955106489,0.0,0.7051348943408033,0.7954206240182559,0.7479118440693584,0.7180374959418411,0.6948780024751892,0.7180758415571743,0.5028286196571821,0.49189456352557936,0.685930966617258,0.33137078557327265,-0.31175239874494687,-0.7497766231224028,0.8211823630721976,0.48551523774750105,0.6187785561192234,0.5232479969554164,0.2842257015100755,-0.31592134866118005,0.399507028369578,-0.5137477680729083,0.6430527639126038,-0.06169315368661426,0.6456776495712363,-0.23285844672925254,-0.7641299391655452,0.23885183915769714,-0.3140310565342898,0.5646327655686851,0.7077813312726654,-0.5420727504726104,0.6024917106888721,0.04023673266907119,0.4548878698231447,0.24588893926779917,0.7606427917619786,0.7189633619086568,0.6908901066012768,0.685512386336925,0.2599133230108217,0.7077213894709652,-0.7318546456349005,0.21926369708823049,-0.5586322716641711,0.1775589892086057,-0.4267901977206507,0.44921376609907265,0.5924268116598265,0.7906887881972532,0.8347212629193003,0.8460387527087577,0.7207305901964204,0.8017626386215179,0.7863415492842882,0.7448168172230294,0.7445943001248205,0.4905209317529615,0.39026088442505963,0.42554590152530103,0.06789160225047676,-0.6660605065853824,-0.6868435270447063,-0.5592775412247312,-0.7087268296516821,0.7595512814826415,0.2553434448625046,0.6095860554830529,0.6189179682876409,-0.10319832088393296,-0.5318913829556499,-0.47767036571874877,0.6021583205908961,0.5999466473656329,0.4409277837015618,0.14176549481793238,-0.6230885533600488,0.7602668080709002,0.5050922991813824,0.6613728668382124,0.6966061742836597,0.5744224020779581,-0.10953440604840538,-0.44323261318587914,-0.4313511290757937,0.23308511596603568,-0.7543930794689209,0.7120625374497952,0.5924560438904447,0.8350431503859034,0.6715158626659129,0.724541039399862,0.2592591615839609,0.8212356027763207,-0.5636205234512008,-0.44609051110634473,-0.39699360152442303,0.21336069451317644,0.2660860260449725
0.30023938326813604,0.8372069568024437,0.7051348943408033,0.0,0.9038180546659788,0.9521842110067762,0.9236972661756676,0.9279914860797366,0.920694379185539,0.6190468922238195,0.2617585778383651,0.7723858373780947,0.7817707510544418,0.03206951160529945,-0.7046792334464478,0.8733304622517334,0.8744728647637496,0.912602944229351,0.8880774317089324,0.7574066571253579,0.1664454714382418,0.8305372294199415,-0.8193704196194257,0.9213052274548743,-0.2460591727731499,0.6906728863567153,-0.3982429527593958,-0.7325189191159399,0.721538966607797,-0.7542002606781446,0.20008480222394867,0.3911768189052521,-0.7427012778243819,0.9013928518406221,0.26721684816715163,0.12581721466082404,0.7075856448554418,0.8045678017251876,0.9203382988583433,0.8946406411720319,0.8713813608565928,0.1695883489923178,0.8463558253402939,-0.4559451983070292,0.7213482353092885,-0.8567991856414998,0.021524379218735536,-0.7514122596979291,0.18236497822980616,0.44491332730471,0.5391656781861288,0.8805986730950831,0.8392280679349138,0.9121110239373955,0.9241938904106911,0.8847010502527932,0.9231178736050828,0.9348143077200848,0.6199196236345152,0.1516054232251185,0.6727685523539142,0.5824871084566723,-0.42268116938681144,-0.522630955211545,-0.16325935848206202,-0.7691893713073976,0.7940282095829285,0.7232778490289419,0.9073251056589065,0.9079790437363011,0.40177583716877896,-0.21162811164789763,-0.8337011371201307,0.36232669833890835,0.797166640117501,0.36921870440217097,0.6383533996641493,-0.8552536831524917,0.6314716870865232,0.09940687928407912,0.9065174096536404,0.897276676212436,0.8638629706670178,0.392943821260715,-0.7815140489692549,-0.7627500265872927,0.6806221023307637,-0.7885888944457574,0.6901996007816417,0.35625062722339923,0.7829656378028915,0.7103912683289986,0.7610564962458289,0.05480133281880983,0.847379096127637,-0.21691125528629715,-0.8193025050254936,-0.8086471557472856,-0.16396577120342115,-0.09062969700993077
0.4599261168796893,0.8151044195516902,0.7954206240182559,0.9038180546659788,0.0,0.9061027043652727,0.8600085681196823,0.8542472357086811,0.8556043412939197,0.6125417280552026,0.3948483158978272,0.75100320252872,0.5565975974961379,-0.18602379828634139,-0.7747504646801798,0.8962679134208328,0.6979826384676634,0.7883512271391946,0.7164343391461291,0.5245849206647989,-0.09752711098775761,0.6179470313003204,-0.6983378185116108,0.8145850210334921,-0.1644753265088097,0.6824799441017733,-0.31275476798773105,-0.7863949422969126,0.4821182309502218,-0.5438623791783469,0.45355736674040004,0.6024946084450336,-0.6676647327899669,0.7708881412776665,0.09729927000913323,0.2879340033086553,0.467952023990164,0.8479643232496571,0.8797116212276646,0.8418348268207813,0.8123929300485985,0.220798260658708,0.806247416696195,-0.6532361672479402,0.4977700983973562,-0.7350898398911301,0.03762884020717617,-0.6134758700210806,0.3544025891462236,0.528871782943908,0.7307338649438716,0.9095120879207877,0.8967956359790614,0.8587564158658965,0.9129455015645649,0.8998676146940277,0.8788673433407014,0.8837714813123115,0.6002528286221646,0.2851708818856738,0.5918789095283156,0.31615531474131753,-0.6016288380890502,-0.655610537578731,-0.4041557020207045,-0.7808685219854509,0.8376864100298509,0.488793655673852,0.7767652835203305,0.7835381379412745,0.13393557792012234,-0.4112052171987218,-0.6849891090126038,0.5486821405110706,0.7218318120883556,0.4320706882824396,0.3842092255508759,-0.7726547137299156,0.7879573119792453,0.3542947435388481,0.8119725723318665,0.8266543589243119,0.7526823848251463,0.1315252325804783,-0.6190389896418966,-0.620896213296701,0.44020862597599447,-0.815560420374715,0.719663709829723,0.5129514537127675,0.8679109268737072,0.7663607777631354,0.8099957048095634,0.17713636522130988,0.8534774140449229,-0.424137479854817,-0.6481750315208453,-0.6178953321058366,0.0685476806572439,0.08977033825258764
0.3847582606242496,0.8628353159166892,0.7479118440693584,0.9521842110067762,0.9061027043652727,0.0,0.8225677662191782,0.8262207686944997,0.8136119652238588,0.5155482144825866,0.19920338126135909,0.6409987988816154,0.6454837265201089,-0.021937725951799457,-0.6407907043982196,0.8236815384764224,0.746584072575523,0.7854234771626071,0.7539294642120017,0.6264261510688856,0.09291836811733563,0.6745195049634508,-0.69120251930618,0.7934554980271401,-0.30784218363864074,0.5585770009459224,-0.2711227903603993,-0.655363870270971,0.586943905483041,-0.6021441115434311,0.2729929875980393,0.46249970658222167,-0.6162395948794719,0.7647702664837673,0.18996553374255903,0.10687994232240568,0.5686911040978884,0.7617285254981189,0.8358345844761281,0.7882325654683482,0.7634362315906369,0.05612986266137498,0.7321421158142528,-0.4775866085711562,0.6259398200501417,-0.7163826093178226,-0.02715993943055042,-0.6056103168847491,0.18293157542302307,0.37210841701510733,0.5832768893685747,0.8485510205967147,0.8102815780171553,0.8276666208196938,0.8557884392959152,0.815680149069621,0.8338521895635723,0.8441980758396613,0.5118524582928891,0.0967955162336324,0.5253862041265934,0.46731988785773143,-0.41643232356250476,-0.48839714774083753,-0.2081326539925332,-0.6800487072564265,0.7368889691426145,0.6080988695333633,0.7766176057976464,0.7767398069520682,0.31104633455701514,-0.21241119341571865,-0.6924313622120587,0.3819689751998591,0.65569303799403,0.2799004190839604,0.5128469905589937,-0.7292788092600747,0.670039776421875,0.23101996648485332,0.78800852234076,0.783663504217133,0.8051131912269915,0.3146142966388208,-0.6238847484558485,-0.6109991356541858,0.5271115220550675,-0.7057645279418696,0.5993193838053021,0.34433580150327914,0.7547687525165664,0.6536176280962108,0.7017518160845543,0.005342630988237169,0.754284240287038,-0.2110883489964449,-0.6527256919042719,-0.6534407561507535,-0.1043450886562248,-0.09561148217139691
0.3296055814954391,0.8321477654572635,0.7180374959418411,0.9236972661756676,0.8600085681196823,0.8225677662191782,0.0,0.9401515639998089,0.9420141708414483,0.6509117286946796,0.3391419697206737,0.8252817897831062,0.768033205723806,0.021202946553899555,-0.7404944249148188,0.9143423932306401,0.8725785320038439,0.9228312874331931,0.8913999527473211,0.7251039009867672,0.1117502281800137,0.8231934884541338,-0.8187180377070061,0.9324712894992444,-0.21375183294541814,0.7442172806209902,-0.3686298298010914,-0.78365472671891,0.6841273325638141,-0.7479220738548127,0.2678833318476763,0.45326225063416853,-0.7314610965213927,0.9161496786033858,0.3086885484129364,0.2320970604667987,0.6754487351864928,0.8317404317894299,0.9305501124196149,0.902648592497725,0.911847243568732,0.22837945132654608,0.8909177138345756,-0.5077949341844988,0.7071681674146137,-0.8580359317976098,0.11793839549945906,-0.742612853847368,0.23797310635078667,0.5331962253220366,0.5912803386728164,0.9140419686833814,0.8757241987382902,0.9282481295900897,0.9406242575539064,0.8963457724503482,0.939731617509189,0.9547215553107669,0.6383431176650668,0.22378455404196237,0.6947169075587191,0.5344269652645754,-0.46676392167010433,-0.5661882525803849,-0.2194589597199673,-0.797966042013829,0.8216333894771768,0.6874899905156844,0.9165869812503804,0.9171253263325381,0.3483270025765136,-0.26804961699817315,-0.8341694898603037,0.4078633750519011,0.822205170885061,0.41332850061179144,0.5881928805288122,-0.8743809172538436,0.6610362137545784,0.15595431305210752,0.918662962160707,0.920977296030344,0.8773028611079348,0.33147909462306585,-0.7770619496217095,-0.7575889341332958,0.6500346497977564,-0.830788299127159,0.7576019561395062,0.4205686917485997,0.8229197244838153,0.7205162075999784,0.7777348637481939,0.13104443853525316,0.9096525843143564,-0.28565452711223727,-0.8169281932320988,-0.8023127176881282,-0.11638516824438504,-0.003816589622190045
0.2752753446008712,0.8210025533126346,0.6948780024751892,0.9279914860797366,0.8542472357086811,0.8262207686944997,0.9401515639998089,0.0,0.9261205299493859,0.646198140028709,0.2990350343130798,0.7924095635744375,0.7792899097941199,-0.014656335748057256,-0.7354895303870848,0.8646341548573824,0.8722519650819126,0.9261137609609955,0.8953359572622387,0.7605170739622708,0.1392732274718561,0.8403500183089834,-0.8433424386019214,0.9277040544369283,-0.20050238450876706,0.7281945608243618,-0.4648491238766944,-0.7605110435312806,0.7342507791451353,-0.7615742338154856,0.1655170273248026,0.3562672519525644,-0.8046949686370012,0.9181237668354268,0.2504761736241991,0.1744714354498512,0.7451385768173203,0.8051783675478567,0.9037106622293322,0.9028755232124356,0.8968889233200169,0.2194331926232702,0.8633417294223652,-0.47715921279568224,0.7102955011071181,-0.8779733917550707,0.02362412485659609,-0.7733724741590823,0.23031860939559984,0.49606070201523866,0.5186296561894842,0.8670120369444322,0.8323518510607271,0.9281179934029863,0.9184322335367373,0.8824300231262908,0.9256434000320692,0.9283896182168577,0.6537635042553769,0.1946561545999077,0.6759861150839372,0.5865852071315072,-0.4449647573762837,-0.5560454308899155,-0.1861586788938585,-0.8026289991026985,0.8075566557136951,0.72837734305074,0.9255219468327479,0.9274876883000241,0.3851674947181322,-0.23757541348973762,-0.8460951584197374,0.37282870278470526,0.8288438620206982,0.4179915585407282,0.6555916984551985,-0.8749823828515517,0.570558024198579,0.0586228520895323,0.9261624670888007,0.9178921493727393,0.8404124631669302,0.3773669608639087,-0.8267715217509386,-0.7956577095391575,0.7269450293219942,-0.8061266228743732,0.7316976096911021,0.39761211638268384,0.7840514219284669,0.7148899359903929,0.7701527140336345,0.09906316588596259,0.8514806721730837,-0.24285917626860998,-0.8353437462029055,-0.8178536408321389,-0.14117731989126164,-0.04171993999138242
0.34039518215940057,0.821076954924777,0.7180758415571743,0.920694379185539,0.8556043412939197,0.8136119652238588,0.9420141708414483,0.9261205299493859,0.0,0.6754238603873284,0.3665035750809994,0.8223035202881664,0.7292931420502669,0.0065669368247189865,-0.741287623507296,0.896629327429558,0.8450845588065379,0.8987068962783501,0.8614199623826977,0.6907089477690833,0.0966071163704754,0.8068769163141669,-0.8255139048940698,0.9022240651083127,-0.13194305064233897,0.7449549181922569,-0.3777581764103092,-0.7863018589481706,0.6454740749626705,-0.7583989954327112,0.2916518586196432,0.46539807120232485,-0.7217398118892526,0.8959458050525618,0.35201442759914237,0.27907627737175283,0.6408231133446299,0.855325633471142,0.9195617506357551,0.8797770347073901,0.9134779856647224,0.2884029599853867,0.9060608780664542,-0.5122895551132409,0.6968534384189311,-0.8541918607502459,0.15316194852479126,-0.7546438616355065,0.2929407005283286,0.5722030555947314,0.5831440044483162,0.8846016455902204,0.8553327359049263,0.9092984142808658,0.9088136469497157,0.8804833875205882,0.9186587651445394,0.9328303268161918,0.6427698890982946,0.25158471260438503,0.6276195377758517,0.4987192350022826,-0.4643265339253588,-0.5792951632442753,-0.22846191744141892,-0.8012286514335152,0.8246185600665659,0.6410172858131428,0.8908097622411095,0.8929998550978656,0.3163678973899675,-0.291231184403898,-0.8419231614817815,0.44717945371506107,0.8034778718902288,0.43621748762162976,0.5450920911518184,-0.8780337554556158,0.6516455816673781,0.16717688363574199,0.8932899928468949,0.9045908713685644,0.8611090332072275,0.28177074247222766,-0.7940263450299007,-0.7638666798283187,0.6138998662140948,-0.8374507132431205,0.7664182200380778,0.4430896744750945,0.8136479504512674,0.7141348710558616,0.7806684162943732,0.19298210561317203,0.8844487407305218,-0.30843540851710394,-0.8189382897264851,-0.8035567416920905,-0.056921807734822354,0.04913123767179933
0.11069979993758892,0.40006974788885336,0.5028286196571821,0.6190468922238195,0.6125417280552026,0.5155482144825866,0.6509117286946796,0.646198140028709,0.6754238603873284,0.0,0.6208026155689927,0.6795195526861082,0.23714922647075215,-0.36322808232118065,-0.6160939441956408,0.41943808524322446,0.3698949344780579,0.48835265676099077,0.38057870762498575,0.23718629296459287,-0.12956005553655828,0.4220183613101721,-0.6819828002541546,0.5339495130881661,0.5582702330073119,0.6926635754680204,-0.6676492287831907,-0.6037066817056416,0.26559678972551104,-0.5399052177155585,0.3540104615091685,0.14949631915586978,-0.6225563932986032,0.5099681280297804,-0.28982568394715524,0.421461568732213,0.2803476792823685,0.5684494504398587,0.5397130140430646,0.6218830287350551,0.5700881926036714,0.7370486893535007,0.5763388037442734,-0.4362422230421236,0.1876020272434652,-0.6308322596161802,-0.2784588121778054,-0.7371283293680592,0.5501254710703662,0.6046752770668947,0.3099287763757447,0.35341854000919015,0.4233719007982678,0.5436435076178994,0.4450712942989473,0.5549910031238451,0.5065145143290762,0.4743541690972855,0.808469412679183,0.6184986599535857,0.7278373524275793,0.050929511433402234,-0.5340472495336039,-0.5867022430152673,-0.3004925938271766,-0.6794711527349709,0.6241996938103873,0.12364803900873471,0.49821069056017375,0.5029693603223514,-0.05067387323822477,-0.5190744537002703,-0.6295697855187938,0.5556530639716183,0.6848759367831992,0.7389276249112565,0.177686947638894,-0.674037984926958,0.45545033168892773,-0.08022417223434536,0.5498152540234961,0.5612727898157999,0.2298717834114893,-0.11788473777236738,-0.6213684707432519,-0.6993507343412543,0.30046439483909376,-0.6502097522163743,0.6054826820916377,0.5424351055140212,0.5169452533454675,0.7422210530416478,0.6820857345165177,0.6715912429384647,0.47858212790486754,-0.44416294586824534,-0.6024288737380106,-0.557150289911299,0.3830829833902768,0.4305752778965705
0.3088959474480749,0.13876144444931446,0.49189456352557936,0.2617585778383651,0.3948483158978272,0.19920338126135909,0.3391419697206737,0.2990350343130798,0.3665035750809994,0.6208026155689927,0.0,0.6280964182036629,-0.17810666569898656,-0.6749973945794102,-0.6583695445522074,0.3555665083627613,-0.016473656824584473,0.19902443954745871,0.036040849301985534,-0.2332712221243094,-0.6632516526299813,0.02527767144214878,-0.2939775324230324,0.2568584100649258,0.7161440183330249,0.7090236726702416,-0.4464921080168815,-0.6496833170377763,-0.20819576244977467,-0.03549000855628067,0.5957092860192588,0.40609898006165335,-0.42166562077126785,0.22985744253922563,-0.3546747127921395,0.844840800031182,-0.13201914391658595,0.43882863134110284,0.2741846483419063,0.3781880375278765,0.40437645413051826,0.8847349055414907,0.4709000433836056,-0.6791384460456376,-0.322285169819182,-0.30126367121874237,0.20938105099527415,-0.3196380356225666,0.7739847204487607,0.8164040483346408,0.49952308593507705,0.28390142632370574,0.38725657251404266,0.3100984954445192,0.29020168121674816,0.38373737353019394,0.2978709628167925,0.25829943324370797,0.6252937907157323,0.9049147653210308,0.5183030420599931,-0.42880666217362895,-0.7585914299414691,-0.746667130334189,-0.7153871685679165,-0.5864224404891377,0.519435648370147,-0.3135513466380282,0.21691880283895032,0.22810317530321375,-0.585422773113675,-0.8291337337301077,-0.2057912167910632,0.7045805792851402,0.5114230291563775,0.8284600230247404,-0.29684172895124933,-0.3967367401864793,0.3896516775824896,0.2521362727680346,0.3061097315018219,0.3615140596548521,-0.118840580702113,-0.6238870759952891,-0.26482023347930583,-0.33084219704245504,-0.0671982306528086,-0.580039461589281,0.6797400224021314,0.7894121852761429,0.4942537506698752,0.5849537504192867,0.559639892321053,0.8825381307766291,0.5032124380408155,-0.8253520515060697,-0.21376925373057534,-0.09864460459710245,0.6904754150788585,0.8430171865374706
0.3226469991486074,0.6469018875093668,0.685930966617258,0.7723858373780947,0.75100320252872,0.6409987988816154,0.8252817897831062,0.7924095635744375,0.8223035202881664,0.6795195526861082,0.6280964182036629,0.0,0.45389416457914256,-0.20821014302013335,-0.7458286071824647,0.7214952240225521,0.5809645494298875,0.6909692991815702,0.611869158994854,0.37141941513762267,-0.1793338102030479,0.5979163973353583,-0.6699400579870085,0.7343168742911301,0.31038544176479116,0.8601719806246609,-0.45769494147535156,-0.7846972334006274,0.35972110006293334,-0.5557267514805604,0.38672413151366286,0.4132074363817324,-0.6376935009956521,0.7198940144093329,0.11747693687105247,0.5439380722954412,0.3863451088568775,0.694896232032271,0.7177941165224639,0.746019680064273,0.7739598443784349,0.6775944974748949,0.8153415273534648,-0.5553050231626212,0.33033042234564036,-0.7097752964130515,0.3068500427964951,-0.6583648894782932,0.4527214179422605,0.735928017049606,0.5160583102608765,0.6538100809780925,0.6743521590408487,0.7143232457532023,0.6838233033923412,0.6951498682292732,0.7110428528842995,0.7023207553158303,0.7287048181380402,0.6110829778923648,0.7814098727500197,0.16484386219411304,-0.5929411802403355,-0.6631861716725421,-0.4047016626033059,-0.7622343356132204,0.7147214861961118,0.3059057724874777,0.696449335945625,0.6996343360437516,-0.02162650504143113,-0.5349790889201208,-0.6613584648240888,0.5222384108939709,0.8060284927062047,0.6884403753601478,0.25197148535445973,-0.7584492807687794,0.5255012967683153,0.10737407919845492,0.7254073305577539,0.745157234246837,0.4723664469243592,-0.06933994596022562,-0.6510416035252684,-0.6830851916720341,0.4093354779861447,-0.7885228967053388,0.7923595044105023,0.5848507140224541,0.6847040885354319,0.6931133247344143,0.7137177729024943,0.5588656665944282,0.826667036851026,-0.5507857531159602,-0.6825357326707906,-0.6103041737523808,0.18702143647375327,0.40415481614675725
-0.04445393464576997,0.7257480017699391,0.33137078557327265,0.7817707510544418,0.5565975974961379,0.6454837265201089,0.768033205723806,0.7792899097941199,0.7292931420502669,0.23714922647075215,-0.17810666569898656,0.45389416457914256,0.0,0.5877912479186955,-0.17498176855845907,0.469804070618968,0.8612682225794773,0.7390857372726366,0.8439190832616855,0.8976424364646822,0.6757601517520931,0.8665611174251027,-0.6023801367014612,0.7197979353944225,-0.4628822125759778,0.31965274705268726,-0.20230328535209283,-0.23633580720808975,0.8702410657608186,-0.7847233749998398,-0.4135468567623442,-0.15252264917355454,-0.44074427525126086,0.7439594335558443,0.5735377014583344,-0.35525574062786114,0.8323499883544234,0.31717305241957056,0.5957616050578284,0.5638294290336151,0.5614243673689173,-0.14714688396648037,0.5138171535589845,0.1819519201169142,0.8998322135807493,-0.6501599122928773,0.08159694584676458,-0.5716604872837833,-0.3978287827003004,-0.030722909678419813,-0.071104664825706,0.4573484417194994,0.3568270437351308,0.5933911163501251,0.5258820741178577,0.4275704469272599,0.5899547409894644,0.6175256559266125,0.260645232540532,-0.29535420468017587,0.5035572614145307,0.8718061699616662,0.19713096949954123,0.0687169382847528,0.4416791444608132,-0.30829159951715907,0.2895135065805876,0.9058302807049624,0.7328996571519419,0.7236963893283112,0.8030714822099654,0.37379124889756477,-0.6965736401233265,-0.2738378231857272,0.5272737560305178,-0.06334383710106097,0.8511419582159273,-0.5713289439857467,0.06017287839451093,-0.3902660227161519,0.649241436239035,0.5916635418989581,0.7604684432816866,0.792352390682374,-0.6517050482277776,-0.6093446621859927,0.802634779396396,-0.3239279160413891,0.23836778200020226,-0.23668905066456428,0.24157784648313252,0.18916050830590223,0.24030166764173433,-0.3512287610345325,0.4679370294008568,0.35648255800254475,-0.7389552517227526,-0.7783951918919965,-0.6920376474486658,-0.5313141625186003
-0.1799011225352637,0.18690802355255087,-0.31175239874494687,0.03206951160529945,-0.18602379828634139,-0.021937725951799457,0.021202946553899555,-0.014656335748057256,0.0065669368247189865,-0.36322808232118065,-0.6749973945794102,-0.20821014302013335,0.5877912479186955,0.0,0.4422178912399858,-0.0457340189985258,0.29938505871690196,0.07345112120642078,0.23398766559557174,0.37037080935744443,0.6731423663121784,0.27419851527285266,0.055532238092547793,0.05263756642642132,-0.4780438019556643,-0.2961492250362213,0.43847860434561303,0.3494830528681654,0.3024713040763615,-0.2793806847568396,-0.4098533484318862,-0.21964557273488525,0.36102701911073637,0.078684536433177,0.7204947184054454,-0.49676856937981373,0.19679950305071114,-0.21482632053935918,0.0007278303511154514,-0.1340269185544582,-0.07476945890748982,-0.4667043927148337,-0.07249984415569431,0.5737054126906377,0.520200291630644,0.02903407828746402,0.27768942393383667,0.05836039686462427,-0.6583114492700214,-0.428526516810414,-0.348212006180498,-0.055526707142899485,-0.16437035517773874,-0.09479393525455997,-0.09511333996829678,-0.2072885503581358,-0.06661349823118849,0.017576241338727074,-0.35742455001804635,-0.5901263072627763,-0.1454665165833989,0.45685577489538953,0.6234407680469225,0.5757173870237999,0.6479163336020609,0.3484826327282633,-0.31354657742069775,0.39758718338975263,0.046682379606733194,0.036610383283128524,0.5994769437944971,0.6517784932001026,-0.09078937388403648,-0.570085282105409,-0.17953873357433703,-0.5619789771307931,0.30857716600363716,0.08188110829949133,-0.20392229821287583,-0.221859775525155,-0.058045677886137084,-0.08885270113375413,0.36461345914091,0.5561408962497626,0.02557030102039126,0.06303635977117242,0.141393268273574,0.2666026211596091,-0.3160788039265394,-0.6195994720266911,-0.2872046048091279,-0.42396546365481896,-0.3835579795834127,-0.53215353877778,-0.08595306952802366,0.6103527629890563,-0.11066136755046344,-0.20421837913370555,-0.6701003268123198,-0.5900204039853191
-0.39862874562339634,-0.5633735235619499,-0.7497766231224028,-0.7046792334464478,-0.7747504646801798,-0.6407907043982196,-0.7404944249148188,-0.7354895303870848,-0.741287623507296,-0.6160939441956408,-0.6583695445522074,-0.7458286071824647,-0.17498176855845907,0.4422178912399858,0.0,-0.7514261632515202,-0.40524667970721173,-0.6257341206353396,-0.47433843451407565,-0.20170009330904848,0.5069829964682826,-0.3938827722019864,0.6233422811566011,-0.6554460549233952,-0.29186301295571726,-0.8521611934145957,0.551316494305104,0.901546661509699,-0.20960145072783984,0.324711859064853,-0.5697607896872762,-0.5769996947225585,0.7828323505988852,-0.6271081769047734,0.20953488130937067,-0.6723845237091991,-0.29290221846404846,-0.812993807489245,-0.7006918740273264,-0.767159500644358,-0.7616311505954193,-0.6331004978982256,-0.7853777618303247,0.8613859198013811,-0.09659867720886275,0.6538447616570003,-0.11278792434743687,0.5739005749765411,-0.723476010014961,-0.8212455039018314,-0.7432084926983302,-0.7339148056491281,-0.7975567420236559,-0.7550225076359178,-0.7677304247006761,-0.8166145633001038,-0.748386954620155,-0.7009362873262933,-0.7423709652777875,-0.7001845513802911,-0.6175795386815124,0.02367976014558495,0.8584961202389798,0.9016480038906284,0.7239875462352343,0.8711571418208158,-0.8575658140795301,-0.15091974568080702,-0.6388044516439726,-0.648687282187774,0.2763854075249265,0.7671224256353861,0.5350367164244998,-0.7757356157753065,-0.7631979780544288,-0.7821765543140798,-0.11992002456580629,0.7168687860288234,-0.6447709016948239,-0.339112375032259,-0.7203774782651046,-0.7594753176241141,-0.36473142490922106,0.27528074508366784,0.5811099870611303,0.5941596746459291,-0.32658424822106946,0.8615650867866598,-0.8689505394846238,-0.8355476383249223,-0.8540302422519525,-0.8371897850553425,-0.8701609065843591,-0.5962537161850378,-0.8040462733449921,0.7704912528191151,0.5226386609591734,0.430280182979452,-0.46225275324681364,-0.551530555665424
0.5957521724713368,0.8519130295526465,0.8211823630721976,0.8733304622517334,0.8962679134208328,0.8236815384764224,0.9143423932306401,0.8646341548573824,0.896629327429558,0.41943808524322446,0.3555665083627613,0.7214952240225521,0.469804070618968,-0.0457340189985258,-0.7514261632515202,0.0,0.6299618736302184,0.6891255128520127,0.6427656615371876,0.41270850679004756,-0.1222607418139232,0.529474022985986,-0.5262682037066692,0.7154165483422251,-0.2318712505579361,0.6065819808835272,-0.01167520032740134,-0.7222043975421648,0.33319576770067216,-0.43563426137322225,0.5239197217318978,0.7452856585753531,-0.4270128301904689,0.676382158034424,0.37172611097364944,0.33942848702878164,0.2906504832845825,0.793296605001537,0.8165755592857007,0.701760169991131,0.7354603379730501,0.1510291678766407,0.7817545060392057,-0.613430021365701,0.4611174253317134,-0.5845974366225992,0.3938778438460373,-0.4300342006791076,0.2705161557804227,0.5128779210979427,0.7667652110022387,0.9034568597516629,0.8775005892594294,0.7443953538406871,0.8501788827498121,0.79624434734143,0.7897669910710746,0.8307543507681104,0.39547606241754807,0.22816711258454062,0.41502957934729356,0.20980952660655855,-0.5168347417991213,-0.5582166182190714,-0.39951441378051084,-0.6464901277173779,0.7289135157393257,0.3842656871142553,0.667181444853336,0.6720944699284358,0.0739992324171155,-0.370299352465607,-0.5517028250742751,0.49483055784637664,0.5748145342558661,0.2860088385011574,0.21866973218744026,-0.6464828938616705,0.7935907658534889,0.5281007446920124,0.6859727777292861,0.7234385752737074,0.7716720612533025,0.04502532850264824,-0.44434435424411567,-0.43272118342932514,0.24997087847991387,-0.7388202726273004,0.6675214094430918,0.44276632228727947,0.823299612005376,0.5895478523502237,0.6700981473030762,0.1279376841568243,0.8659252398065659,-0.425424443552312,-0.5135139497961846,-0.5002166263975825,0.026711772569440042,0.10164313676366904
0.10336414691134005,0.8039000109009473,0.48551523774750105,0.8744728647637496,0.6979826384676634,0.746584072575523,0.8725785320038439,0.8722519650819126,0.8450845588065379,0.3698949344780579,-0.016473656824584473,0.5809645494298875,0.8612682225794773,0.29938505871690196,-0.40524667970721173,0.6299618736302184,0.0,0.8424330414590415,0.9083630749868162,0.8876814352747194,0.5511700166884482,0.9007701297151886,-0.7240414937634796,0.8331155826611696,-0.3991448400320324,0.471835188425638,-0.23015952802304077,-0.4270396222335463,0.8445698628811453,-0.8515452058516647,-0.152030845131178,0.07114260592560569,-0.5142508217313934,0.8417459336330789,0.5550546778021761,-0.1646432060622257,0.7962936186449052,0.5269183415087005,0.7592424483455237,0.7079383061235016,0.7210992609972278,-0.03097569826151379,0.6776038146143355,-0.02503726633337173,0.9084900876364428,-0.7586927580829478,0.09614697134374987,-0.6775188697331649,-0.2033538182189259,0.1664165527805894,0.16307713543930666,0.6472252233012241,0.5607075986933415,0.7378045196575331,0.6987068812081241,0.6131136548423353,0.7437608070381326,0.7780390133010708,0.40689338394688385,-0.14187364300676786,0.5935707823184168,0.7989532672311125,0.004741345074860903,-0.1222162700026032,0.2669731710604348,-0.4846314915189569,0.49353001074322256,0.8675285795713557,0.8302704025353153,0.8247822507508987,0.7093449613200261,0.18625604919251662,-0.8045073583363751,-0.04139645057777323,0.645754368058254,0.08134143584967786,0.7887144273522417,-0.7165836467187361,0.319066891985596,-0.19649489974465256,0.7684839979598453,0.7354454606042169,0.880233317961206,0.68001558852515,-0.7252429825318869,-0.6926424847427383,0.7582583659811564,-0.5209930164368534,0.431578396867392,-0.027904818052859603,0.4624653037183589,0.3856700579769787,0.4383480411814016,-0.1874785553615262,0.6506519907387946,0.17616951148060864,-0.815863932004205,-0.8530150581633761,-0.5243571854895162,-0.37761396307762346
0.17990686812582557,0.8049506423627866,0.6187785561192234,0.912602944229351,0.7883512271391946,0.7854234771626071,0.9228312874331931,0.9261137609609955,0.8987068962783501,0.48835265676099077,0.19902443954745871,0.6909692991815702,0.7390857372726366,0.07345112120642078,-0.6257341206353396,0.6891255128520127,0.8424330414590415,0.0,0.9359829289084448,0.8396672771228808,0.2933370103839515,0.9027379277394342,-0.8414376721364639,0.9279324900517362,-0.24977106405982336,0.6942904620165956,-0.4562881873084753,-0.6705695934568591,0.8202637269972994,-0.8318092122543594,0.013256948322205689,0.18421383139011796,-0.7625348552015911,0.9342801450449075,0.3369621454294249,0.105129575312171,0.8255369768772984,0.6838011633170453,0.8437726263329725,0.8651413247218968,0.8798840425121927,0.1887239721473362,0.8205614095110481,-0.30780968066044684,0.7901523471007209,-0.8796319869132301,0.02901032468323832,-0.781958721075742,0.10673936472084526,0.441311003118315,0.360049205139599,0.7776640466902195,0.7255462779467555,0.8834810853335999,0.8390522031966895,0.7904655419116325,0.881251220058466,0.8851020658722502,0.621404082617868,0.13106188665861107,0.725352066146622,0.6934177260244117,-0.29844621908027497,-0.4229144625504182,-0.018732979855867332,-0.7225843902479572,0.7112614615237892,0.8076425244918143,0.9346203124719309,0.931998482100692,0.5149400791667574,-0.09729067455933006,-0.8689417910662206,0.21434205797602626,0.8265867563043688,0.35940238291435705,0.7496188630836967,-0.8605545502821149,0.43176518991803964,-0.1149383262334002,0.9101589775743465,0.8910092915437474,0.8466454963621618,0.5022122115007303,-0.8492514775089197,-0.8149946341122509,0.8130130269529968,-0.7290697423143818,0.6801995144769111,0.27762256835566507,0.6657584544367652,0.6150041759778226,0.6638651838562182,0.04867522973735238,0.8139758340513761,-0.10367386670985107,-0.8790369620033601,-0.8685646816227692,-0.2751121987791387,-0.11583353159835663
0.11285055136307313,0.8072048682965534,0.5232479969554164,0.8880774317089324,0.7164343391461291,0.7539294642120017,0.8913999527473211,0.8953359572622387,0.8614199623826977,0.38057870762498575,0.036040849301985534,0.611869158994854,0.8439190832616855,0.23398766559557174,-0.47433843451407565,0.6427656615371876,0.9083630749868162,0.9359829289084448,0.0,0.8918656686585069,0.4790518938175005,0.919459402747085,-0.7417573515237529,0.859264313065192,-0.36497677429377734,0.5358383404759186,-0.3077203647232437,-0.49376307385648865,0.8575480128877621,-0.8345841297247312,-0.18020217879649505,0.07748045338673498,-0.6167957396281828,0.8776395891494396,0.5454819432881175,-0.09322256343278601,0.8435975752535767,0.5617219056789627,0.7675347097452452,0.7403800538919973,0.7660102490781584,0.026618270924936748,0.7258559184353652,-0.09240369960374989,0.8855712424865002,-0.7931983086400749,0.15035651688246587,-0.6885155067546137,-0.1341976859531266,0.23953285401026014,0.18131975967703456,0.6685474290770688,0.5874390473386617,0.7736327008883844,0.726653317421365,0.6445951197370835,0.778112590849342,0.8001125390695025,0.4371688772628298,-0.08407654377246397,0.5941378203103826,0.8025412651658941,-0.06162763628400786,-0.1988323362205008,0.1928879593450908,-0.5434122008512375,0.5340331910518662,0.8835739261264217,0.8695509663190228,0.8658179204802194,0.6657039140969578,0.1260062575848397,-0.8100068442397182,-0.006299729165449788,0.6972399822604567,0.14902723015916652,0.8067531844076793,-0.7463774179977598,0.2655936319441448,-0.20832010876450247,0.8142349769236668,0.781627652822945,0.8543829247810786,0.6490423260261364,-0.7788030436192406,-0.7262355242711892,0.8202784084281379,-0.5645051329923458,0.4987428398055647,0.03957125227221923,0.49293004653505357,0.4106892701484493,0.4784988765180296,-0.15416732737446567,0.690508890811917,0.10067010430391939,-0.8385252834892326,-0.8519876246745671,-0.49058352085828566,-0.31903376766236163
-0.11705128791197188,0.674891283531993,0.2842257015100755,0.7574066571253579,0.5245849206647989,0.6264261510688856,0.7251039009867672,0.7605170739622708,0.6907089477690833,0.23718629296459287,-0.2332712221243094,0.37141941513762267,0.8976424364646822,0.37037080935744443,-0.20170009330904848,0.41270850679004756,0.8876814352747194,0.8396672771228808,0.8918656686585069,0.0,0.72938110797788,0.8524446216223401,-0.6487121274588749,0.6877039805241145,-0.5160080731617593,0.2483445688143566,-0.2935280906322222,-0.19247270552913728,0.925403297330746,-0.8191153184211201,-0.46102318679174575,-0.2706048139869479,-0.506723515489357,0.7254730747722735,0.4569353299056558,-0.40010916454461964,0.9036535304805975,0.2897073986960559,0.5452196961661117,0.5556841073873775,0.5568295302356888,-0.23208336110678512,0.442644910318642,0.2185670911824034,0.9238904333862119,-0.6635221392835337,-0.18643495158351933,-0.6109787140257733,-0.3545501241566754,-0.06155793476255807,-0.13514085721602287,0.40975025988773495,0.30917567472310215,0.5908640510722944,0.4996372662504728,0.4194115518911906,0.5764909160137258,0.5900518886605557,0.28107937771264824,-0.3574227055565647,0.4597941552501985,0.9348904230688151,0.23515897592003837,0.09572409277497321,0.49809811619428573,-0.3100682466336265,0.29375808522167357,0.937834071220761,0.7305620591022428,0.7188828945151252,0.8626525732489568,0.4312969398103624,-0.7213806198549074,-0.2804210556247757,0.50494284526315,-0.07935071852738802,0.9215286688934607,-0.5759722848117829,0.01199534440633785,-0.4692185548210427,0.6496156230734302,0.5892464973115524,0.754735119909542,0.8679146676516819,-0.6950282936648907,-0.6357378970678534,0.8704377199194534,-0.2913639831045529,0.2158823809524974,-0.23296515238317442,0.2122386969693391,0.20805306139253155,0.24339844089074092,-0.3878593881184846,0.3781345480045572,0.4424342742628509,-0.7425009914285933,-0.798028069920305,-0.663771551755511,-0.5676039206950197
