0,1,2,3,4,5,6,7,8,9,10,11,12,13,14,15,16,17,18,19,20,21,22,23,24,25,26,27,28,29,30,31,32,33,34,35,36,37,38,39,40,41,42,43,44,45,46,47,48,49,50,51,52,53,54,55,56,57,58,59,60,61,62,63,64,65,66,67,68,69,70,71,72,73,74,75,76,77,78,79,80,81,82,83,84,85,86,87,88,89,90,91,92,93,94,95,96,97,98,99
0.0,-0.23261632638979204,-0.24342868454805647,-0.19459808110686755,-0.20994337377452135,-0.21706804679104982,0.13215604198991834,-0.20314612085725264,-0.24529615909025967,0.3449736771143595,0.33229692709303366,0.3380410264430849,0.2643235474412422,0.2257431883392428,0.07116208079949687,0.3456833140694107,0.4506067572445868,-0.02010321951171013,0.5867212346865021,-0.28088868272331186,-0.18675491675211184,0.4785194098384705,0.2476035397282329,0.3189247791911914,0.4995547935478938,0.3470952658701785,-0.1188831955665133,0.22995775796810328,0.1312004591341524,-0.2434013618277362,0.23272727727838252,0.46921394935768795,0.30337045908841054,0.3638891099327047,0.3388420665216779,-0.5444825214444092,-0.15755886000769292,0.0718168684855487,-0.2011659933818153,0.25115194159062837,-0.2791570028944583,0.3145390682102018,0.29969829923857805,0.11841499842946894,0.16328723763806063,-0.05013565831357602,-0.4769902559887662,0.18264930157038317,-0.410397023795847,-0.5118546178021051,0.6860118621487369,-0.21207184185679037,-0.11482192409943634,-0.21762475883859292,-0.26348592833467804,-0.18503084461582836,-0.15441561509159923,-0.23489841837864675,0.3863617470450532,0.35694929614895893,0.3445358050068026,0.3293960024886951,0.09649381218803223,0.029807606036035033,-0.15539929973184588,-0.06715192319870886,-0.06325160978140694,0.2485455251474371,0.32149153751363513,-0.10574956314894027,-0.28880557863575784,0.37824365459387194,0.1498802549120498,0.26409742041907835,0.3550627361147343,0.3895353841783382,0.15494519824304723,0.23339444295010361,0.36849035719120526,0.3807570586893638,0.332040191841817,-0.04835042808358022,0.08811406732877564,0.2525624203246571,0.05696149559720337,0.20847787598190295,-0.047558092439761016,0.19691366597572765,-0.2423060612152308,0.09216998838489683,0.17078123892349953,0.3736028279882362,0.10814309537476599,0.3281243726031126,0.18818068010467762,0.15995554315960464,-0.15378287764065193,-0.06439987878106061,-0.2621094431390275,-0.5521179472152911
-0.23261632638979204,0.0,0.8677732113030119,0.8518357864013826,0.8627299521879602,0.871119055508836,0.5764405072615921,0.8468225945840011,0.8644116758067659,-0.8027454082047628,-0.8065257742769915,-0.8154319410895273,-0.8231192353689438,-0.2541762729361817,-0.4505184993955358,0.4584225861901918,-0.8049447546496811,0.6977588262970923,-0.4437540092957584,0.35842352407850153,0.6763674643845436,-0.7446929749909876,-0.1659542265299763,-0.8361049640165776,-0.7237484503282502,-0.79828820415492,-0.5283711162639753,-0.7923251185941718,-0.7855984557381988,0.7383292325048697,-0.8262937768112738,-0.4369061712861371,0.02208860493478802,-0.4346041648062957,-0.7786412160115341,0.4303848325696171,-0.6333857970134278,-0.1716658180805195,-0.24581898875008928,-0.75132164704397,-0.37555550314810127,-0.7822210988310285,-0.5400931317004138,-0.7589389562964987,-0.17897070895078296,-0.5813070699438748,0.5210893452312344,-0.6376306310902199,0.3323801561953976,-0.09719003317765351,-0.2824566874006239,0.8520269315224817,0.8145833268525031,0.8509096181650356,0.8514749299061302,0.7491879943535483,0.8298606006383186,0.8477123594812769,-0.7876176962363318,-0.8175926503301316,-0.8252172214867894,-0.8110791825621498,0.14668242926448505,0.31480551676215873,0.6797958194687885,-0.2642365374483506,-0.6286448127418667,0.2364944406110993,0.21724834839422574,0.7493557288584642,0.6365517293039872,-0.8014021209301809,0.38451329090026704,-0.8272386543144336,-0.8362783834926217,-0.7912226824659855,-0.8373940273040709,-0.8124704777737449,-0.6767681748468505,-0.36914916903084843,-0.8307469429118542,-0.6848956720277075,-0.7233523504288816,-0.7904922993173116,-0.7387128102309491,-0.7188879919975721,-0.7147033351193348,-0.7770913968459733,-0.5138333710171196,-0.767976499330927,-0.7393856062893437,-0.7383528667299784,-0.768916512459619,-0.7793709037331739,-0.7778743709927536,-0.767342010513707,-0.5583306221156189,-0.6930710022795332,0.033372164967932626,0.017456053589970523
-0.24342868454805647,0.8677732113030119,0.0,0.7570757978094192,0.7773672032444443,0.8077558453831796,0.4499979404951147,0.7593833252726742,0.7828872650801519,-0.7329662892904634,-0.7196722633834455,-0.7173176843518827,-0.7237214673523568,-0.3113334601592512,-0.4780421248695053,0.28294401504322053,-0.729669258443295,0.583997067552766,-0.5209793092562364,0.28530726293823416,0.5852499979738107,-0.7226997536787299,-0.3262599808870709,-0.7610765541261383,-0.65017887443511,-0.743910786112169,-0.5145770142716528,-0.7364009901999007,-0.7336444784859977,0.5761084590787978,-0.7563251258661323,-0.5660346581798613,-0.2835506343585961,-0.5725767901981168,-0.7512019360707933,0.47679976371476857,-0.5570450922451887,-0.3670425859822676,-0.22176975229259807,-0.7287794321364096,-0.27949367242845474,-0.6735654573283306,-0.50334269228262,-0.6671875851020979,-0.360175152892781,-0.5493237490737689,0.474673399846562,-0.634426035964037,0.414943388420312,-0.028771188888696234,-0.23313524855521847,0.7760291857557311,0.703872772618718,0.7659448788064992,0.788746542436635,0.7347493684037234,0.7476231785092569,0.7663137281608894,-0.6874487860647198,-0.7146661342189741,-0.7005967998938102,-0.7131641330030485,0.06087916676036761,0.23213550730626928,0.5608215606772867,-0.3096301225230699,-0.5280986103585966,0.1942995359604813,0.008770347710162463,0.6254763183912179,0.545151926622685,-0.7584231456836782,0.19588586303942898,-0.7536556605032186,-0.7181906130527734,-0.7203083507755191,-0.7665060720325774,-0.7706891749956436,-0.7213546247462649,-0.5366008220357456,-0.7939172484656033,-0.6322788440171129,-0.687027776472678,-0.7489284760177072,-0.7015770264952774,-0.7085360005282081,-0.632620982821571,-0.6972930757985194,-0.4135640831056713,-0.6939647363879263,-0.6993913293245968,-0.6861661644971497,-0.6672176143743584,-0.7148626810599349,-0.675906829697082,-0.6890918707068796,-0.5300759390080414,-0.6811205419848922,0.17424709006970981,0.10644211647215687
-0.19459808110686755,0.8518357864013826,0.7570757978094192,0.0,0.9138744190225161,0.9063328403784556,0.6642605582572764,0.8999804797543611,0.9101356104635431,-0.8719280413993636,-0.8868204715238067,-0.8842218768963732,-0.9019119031494589,-0.27091598332741357,-0.43658128248185846,0.557344883628164,-0.8326526670695927,0.818364875882888,-0.36661245722539754,0.4740864078117996,0.7679278851321801,-0.7741489622821132,-0.060346522848465735,-0.8864309818064131,-0.7687759739378897,-0.8688488854033832,-0.6737748603803153,-0.8784415328050421,-0.8678468287490303,0.7639733416805587,-0.8968100441642098,-0.513912085263044,-0.013870610718912447,-0.4085878500660193,-0.8315329077215547,0.46011253090482357,-0.7426641168297443,-0.3149460323491232,-0.42284512236722827,-0.8390637850527586,-0.5402043383099909,-0.869345906276898,-0.6920281162447713,-0.8655402170011748,-0.31880530934615275,-0.7276227199754204,0.4358816346587576,-0.6626699570474847,0.3834192757264428,-0.16882446304174414,-0.278619689750135,0.9122125188040151,0.8880137475768217,0.9036958041610639,0.8959200825728636,0.8369558602395979,0.8966630506186088,0.8975072298980272,-0.8539583847316817,-0.8827712935504983,-0.887061434562068,-0.8837732986006686,0.1815066235234113,0.4143435773330649,0.7640944176260083,-0.19560479658702656,-0.6399457453867242,0.32761955421517597,0.3420898921499848,0.8592819123267031,0.729809713865657,-0.8506914857008607,0.5278935643585196,-0.8789481002958603,-0.8880806471146945,-0.8558230403787314,-0.8876336397593528,-0.8443743091930447,-0.7573139293348484,-0.46299132944164634,-0.8345253861666668,-0.7580012653016827,-0.8310596572953469,-0.8617997362422397,-0.8413463400867223,-0.780153907280743,-0.8181325611597688,-0.8743231363483954,-0.5087197335670192,-0.8565347437236136,-0.8494471683826528,-0.8186694468154339,-0.8795925052449485,-0.8585177357766712,-0.884993912008956,-0.8695506246258004,-0.6967705889324469,-0.7446665128068504,0.09615174771099619,-0.036141255736899885
-0.20994337377452135,0.8627299521879602,0.7773672032444443,0.9138744190225161,0.0,0.9122750284444684,0.5760770823730355,0.8942499931331916,0.9101404512117883,-0.8877899887131531,-0.8963061478199598,-0.8897419540425522,-0.8978407885519065,-0.37679326680051806,-0.5472209663816295,0.48055155772197083,-0.8589128122001118,0.7746431980677495,-0.45290480683176737,0.42868999787024953,0.7129809249462133,-0.8003453703989455,-0.1767872001903654,-0.9088245698308979,-0.7794848304665093,-0.8776284536424876,-0.6532142242079344,-0.8795570753125102,-0.8916759165721694,0.7193537320729158,-0.8958098675676971,-0.5612718645963951,-0.08915251431172515,-0.47274024340392323,-0.8409403104017843,0.48711671711110915,-0.7184707497144078,-0.3622399623682218,-0.4526897364313053,-0.8741794958114403,-0.49637488339990266,-0.854764026108926,-0.6945720355636322,-0.8474455622214289,-0.3182248341499458,-0.702441907580668,0.46037086485242557,-0.6704851558992271,0.4037674241960037,-0.1212511685318064,-0.2670305784736605,0.9128368745529319,0.8640742901680509,0.9099022968094135,0.899741327469521,0.8294833720297303,0.8870774979653305,0.8948573786758905,-0.8539919150890483,-0.8919264719550524,-0.893221346893712,-0.8910843439293427,0.07727844324163617,0.31170990503447393,0.699353322527305,-0.3169829698061167,-0.663646095081337,0.22522089899934503,0.23941487353542376,0.8204803998069751,0.6685921737502991,-0.8663452176036877,0.4370851431097981,-0.919022900503065,-0.9044037713248536,-0.8658483607598422,-0.9033217400425159,-0.8999157462017657,-0.7688282790919031,-0.49062900167106416,-0.8940587899697132,-0.7464448509700554,-0.8124633024037661,-0.860678614890639,-0.8243236649266709,-0.7747747209726065,-0.7954994107219252,-0.8563890529815004,-0.49885061306693146,-0.8548696154527877,-0.8372323376326695,-0.8207808463822257,-0.8648531274400233,-0.8532273210127769,-0.8649049194404589,-0.8535227409744001,-0.6725226030654164,-0.7394021408440357,0.11613647809365484,0.019920129829037642
-0.21706804679104982,0.871119055508836,0.8077558453831796,0.9063328403784556,0.9122750284444684,0.0,0.5433907421082917,0.8291728232288839,0.8457253412234896,-0.7937651264132152,-0.7871267948239902,-0.7780120007653107,-0.7926544420906582,-0.2745951839471638,-0.5038317985036339,0.4051477882708248,-0.7676760782505291,0.676130345938094,-0.4642296005731434,0.2888656416887077,0.6593299270491022,-0.744379499316723,-0.259140309603441,-0.8245318083960465,-0.6798191975070448,-0.7945719431348999,-0.6179191482728214,-0.803147802491383,-0.8153701285740008,0.6424384377913989,-0.8408969485607929,-0.5373842664081048,-0.19123869943069544,-0.5483927062992985,-0.7984456834787607,0.4294616691008423,-0.6672824708278409,-0.370369949145914,-0.3304491816481928,-0.7894924272701676,-0.43602507522853823,-0.7571008575732698,-0.5849596033109815,-0.7625738596433956,-0.38344232046905574,-0.6469568324930014,0.42418987046330336,-0.7045635513800625,0.35134164583024546,-0.13833463324018988,-0.21246934629949735,0.8461505832683138,0.798001388170213,0.8321192470517464,0.8342595580281437,0.7744462236916436,0.8246519032963429,0.8319202430028554,-0.7451059860754083,-0.7747708787703765,-0.764354301233291,-0.7611247581483497,0.14023337103120773,0.30604491072376877,0.6445170593255903,-0.3160080871089643,-0.6492477229179213,0.27992849310515,0.14835711544779764,0.7170622833930484,0.6012420178805171,-0.7972066631369197,0.31316768183972504,-0.8251123081669712,-0.777463622659045,-0.7649996381940588,-0.8396925581064529,-0.8240753054184212,-0.7413313836590137,-0.4872555763270968,-0.8302953966063152,-0.7294191083250408,-0.7545457598931802,-0.8028595196338878,-0.7746995634396442,-0.7571725101017878,-0.7319527710414074,-0.7763903237583918,-0.5227339214283281,-0.7853199284885534,-0.7606464830247985,-0.7317680260984356,-0.7642637491103307,-0.7741645632000763,-0.7677733901444674,-0.7792835569095287,-0.6278005056627854,-0.7505018231398081,0.08976470017888208,0.003594034485293176
0.13215604198991834,0.5764405072615921,0.4499979404951147,0.6642605582572764,0.5760770823730355,0.5433907421082917,0.0,0.4336022748512883,0.40135234559035565,-0.2521510871766749,-0.2778391831329426,-0.2895290853942477,-0.3622411170260743,0.4687728770909139,0.29247308685773266,0.7230453892692996,-0.16005907763879731,0.5768687925389628,0.31578484357347103,0.2603454168367734,0.5755647346268875,-0.13212765971012103,0.5107641014156751,-0.24427595802243723,-0.19365070566799195,-0.2765542617950548,-0.4638563941300388,-0.3648821587197034,-0.3027595146071675,0.5355540482515403,-0.39563024703203614,0.07359751143020497,0.31482144080473956,0.1092832234449255,-0.2900167512628682,-0.043876360413781,-0.5168840851938243,0.05347227423560283,-0.009490568714687139,-0.16599714431208648,-0.48016485024386246,-0.3951344018376628,-0.17370872571392423,-0.4650308146955772,-0.20784534779850783,-0.48928460082940584,0.019803080653981397,-0.2677743297812088,-0.0481669342346852,-0.4419535788388197,-0.011230848402383566,0.3928166078042435,0.5150248973944632,0.3862886561955315,0.3597906559407683,0.3845239956198443,0.4544230921988016,0.4082983043350745,-0.287442771626654,-0.26088170686152773,-0.2716274721173902,-0.2791165038894045,0.6559584463962731,0.6704018765199199,0.6218714575659909,0.377847476350328,-0.2733322512412089,0.6679256333655633,0.6828776380713678,0.5233550442662871,0.5014468923295963,-0.23771451995467702,0.6524598147334838,-0.1685931714343903,-0.23685451801237548,-0.25446591040452954,-0.3499768836522829,-0.08382299934788046,-0.25655704296114573,-0.006721575040177365,-0.07613857539585982,-0.46714396059692537,-0.47050014768432163,-0.37538741337565273,-0.44911878974780073,-0.3977319715237486,-0.5078395589108572,-0.43686370557023435,-0.41498814437612636,-0.4129389736045615,-0.4021251265595041,-0.2774929859536779,-0.4336870605245849,-0.34433818100536334,-0.431779824315181,-0.4429792124223996,-0.5017825630088464,-0.4422373281647468,-0.1495080456713263,-0.42533766639851056
-0.20314612085725264,0.8468225945840011,0.7593833252726742,0.8999804797543611,0.8942499931331916,0.8291728232288839,0.4336022748512883,0.0,0.9407417395472907,-0.8790934549731784,-0.8871005305000677,-0.8831727388009981,-0.9101037955655046,-0.17530686411369797,-0.38914864298925606,0.575513766499112,-0.8446515309614326,0.8249479019858431,-0.3994004051414614,0.4155503462737622,0.8183246102546955,-0.8051717572429795,-0.08797296849272333,-0.8986308794914316,-0.7770543052987697,-0.884866461644775,-0.7057702469247069,-0.9010222618760616,-0.8775154525886866,0.8057178961747157,-0.9330266126390175,-0.5238185263232249,-0.05170894941435666,-0.4865313739507741,-0.8777481753454485,0.4468812373333495,-0.7725642067717003,-0.307472620414948,-0.3291735336553762,-0.8313360933892705,-0.5432786175755052,-0.8897841470930368,-0.6646278618612591,-0.8879726582105204,-0.4000153906078784,-0.751737068110128,0.45706788617047833,-0.752618067102359,0.35381323327569103,-0.21282172084466494,-0.32658800024302764,0.9350777740983071,0.9198260071401341,0.9275934632049077,0.9262708161229973,0.8563190105033208,0.9229532202892028,0.9275924507612794,-0.8592372504247601,-0.8745563862348812,-0.8781077987900514,-0.8702112208764483,0.28440346328378335,0.48712369166623193,0.821327942831575,-0.15177192935105274,-0.6937558575905476,0.4032591943076481,0.33563871247735977,0.8611842890709092,0.7656099477113919,-0.8764659675563691,0.5103760010896302,-0.8791983432209393,-0.8761436417847518,-0.8628936050589969,-0.9198032569359704,-0.8312968042631674,-0.802187367309682,-0.48521865548337545,-0.8433944517970596,-0.8163887720185162,-0.8639601961739051,-0.8977573823291973,-0.8716608606885778,-0.8483046387589416,-0.8457803251269627,-0.9006672255097117,-0.5800514601880881,-0.8849374200327434,-0.8618223817348114,-0.8280898515669461,-0.8835953220055106,-0.879427495632462,-0.8957326547323037,-0.8956943402864767,-0.7183686817914913,-0.8149449863281533,0.051742352363615456,-0.07285107970121983
-0.24529615909025967,0.8644116758067659,0.7828872650801519,0.9101356104635431,0.9101404512117883,0.8457253412234896,0.40135234559035565,0.9407417395472907,0.0,-0.8296040574230295,-0.8359495702147529,-0.8309512042302345,-0.843324242518307,-0.2368293921792752,-0.4441806896091558,0.4728629547036252,-0.8016064137044167,0.7422388033652408,-0.4131101011850906,0.38257827352547746,0.71547062045039,-0.7591597232909756,-0.13295481388844732,-0.8485104314203793,-0.7485734340737051,-0.8315335073763113,-0.615424835716848,-0.8308611034630125,-0.8323615804987364,0.7368981998150275,-0.8702919672225511,-0.5337899100101413,-0.10550470528094834,-0.45286806811465263,-0.8103186005218576,0.4652967570015032,-0.6709427530916308,-0.32865963072656645,-0.3093800439884349,-0.7934361838541614,-0.43975423140741554,-0.8140344400179066,-0.5951574725596089,-0.8041465299764301,-0.36735666747447654,-0.657120358973659,0.5162653132256916,-0.6481529578085747,0.35463795546010307,-0.13848865295362656,-0.3034938359098211,0.8706857717485774,0.8341020427641351,0.8698285082585796,0.8682726675955451,0.7901578512636912,0.8508541846026888,0.8554966541854947,-0.8054218053751,-0.825184207151055,-0.8304262771760034,-0.8203987935800645,0.2096746536754436,0.4000792583414765,0.7179098670940541,-0.22257280034149393,-0.6349201271214472,0.3268993479372594,0.2539609769047808,0.7875614958290229,0.6734585382167134,-0.8221559345255198,0.43127157595282645,-0.8387081496479828,-0.826909677373435,-0.814856447168797,-0.8531882022424436,-0.8093897005396098,-0.7587926323444082,-0.48004655374976773,-0.8203446523163996,-0.7017001082678203,-0.7800463017699288,-0.8224139983575817,-0.7890552944631389,-0.7421966534307043,-0.7500956631115295,-0.81173262425092,-0.48340353746686154,-0.8124102761081904,-0.7985673411283533,-0.785747285087054,-0.805994449182375,-0.8166797267047053,-0.8157101101971123,-0.818512635593117,-0.6174860355148789,-0.7157419374070122,0.06885938757152044,0.0038821421547791993
0.3449736771143595,-0.8027454082047628,-0.7329662892904634,-0.8719280413993636,-0.8877899887131531,-0.7937651264132152,-0.2521510871766749,-0.8790934549731784,-0.8296040574230295,0.0,0.8897056839867582,0.8789498969727869,0.8573746332002056,0.42401812010325685,0.4385526504502517,-0.21123179615113527,0.8857982541031777,-0.6727279011242504,0.5793532278796524,-0.5797302196042619,-0.6852028276216997,0.8764909195528243,0.19857966330271046,0.8782762464057449,0.8676732653501646,0.8861578517637992,0.5513256111813923,0.8391435968910244,0.808668666650248,-0.653615367059518,0.8138019789232923,0.7614194600613567,0.32101963311857884,0.5551331952800332,0.8427562963282798,-0.6981681444448018,0.5415654805667468,0.4712852923550746,0.4053977958071451,0.8685206744365178,0.3412982928407577,0.8466429884588659,0.8064292796667089,0.7675264652000765,0.4475952538971196,0.6161810210701149,-0.5195521392073902,0.5816136574622259,-0.6355717387197795,-0.14773573711737129,0.5143526946413961,-0.8246275649072086,-0.7453348515321923,-0.8349128725256107,-0.8384853337816707,-0.8036692387991572,-0.7867111270712894,-0.8163160670504173,0.8720572031659757,0.8883965958972986,0.8813943417441524,0.8773748544161418,-0.023467019408718516,-0.2977686565205222,-0.6440903278700786,0.1589693376998776,0.43184902697757843,-0.1339412564227276,-0.05693157995045147,-0.7433144374664273,-0.7107014424187663,0.8834312878041083,-0.3352854459256049,0.8581731984662978,0.8862284649108223,0.8918525864170592,0.7955025248581219,0.8295600600762473,0.8334811961433813,0.6878390975180526,0.848912336465638,0.5859293989362492,0.7454460591165579,0.8303001529255751,0.7375651940081561,0.7323307588969559,0.6502127784903086,0.8086086113335014,0.20347904863632044,0.7617950323886635,0.8143584173641437,0.8739150689486781,0.783510270452407,0.8660689584084797,0.8225715742810719,0.7890184877445346,0.5410962493317851,0.5561808507542414,-0.37454403524621777,-0.2886754944660268
0.33229692709303366,-0.8065257742769915,-0.7196722633834455,-0.8868204715238067,-0.8963061478199598,-0.7871267948239902,-0.2778391831329426,-0.8871005305000677,-0.8359495702147529,0.8897056839867582,0.0,0.8848029674796158,0.866615737063699,0.35792702774983287,0.4328125039311943,-0.32092190808110965,0.8615265374671832,-0.7224703448966149,0.4578795912133813,-0.5803968352438446,-0.6981885828443284,0.8122034460133075,0.07069029943675825,0.8793601047058663,0.8516432251844641,0.8650240348754679,0.5433199916867212,0.8249114737503398,0.8159556125818127,-0.7209263597375378,0.8337484419441147,0.6485690809973926,0.16349192296206122,0.39869238761587344,0.79682322830449,-0.6303992802682665,0.5729048902280778,0.3843973665547422,0.43502132919185504,0.8481925886042961,0.37760080444825167,0.85615881760446,0.7544099186470555,0.7836937517054281,0.3371144422503998,0.6091306846771034,-0.5744890704095041,0.5055328520178025,-0.5526722248803335,-0.0805352452353871,0.4612649589215429,-0.8289566320139491,-0.7768521339003427,-0.8479766740696854,-0.8368821040533815,-0.7860706888407888,-0.8009290028647897,-0.8232711180180751,0.8734549376672771,0.8913745596547931,0.8969459812404809,0.8846750689784912,-0.0956699601917799,-0.3432277847209976,-0.6704556736587877,0.16348685138655794,0.46698477241617575,-0.18733434375927852,-0.20684330044743424,-0.7883158528376137,-0.7071677329132622,0.8483051024743611,-0.4610376856689673,0.8566766758563253,0.8974097168452045,0.8753057038729556,0.803040951617982,0.8130442196704369,0.774800404881835,0.5589370359435053,0.8176686296709131,0.5666849111151717,0.7363586953283956,0.8078353859004611,0.7304425156415741,0.6665220456832072,0.6672523938360595,0.8055852107480039,0.24882542014920062,0.776721295630921,0.8024568502088667,0.8603399527006419,0.8060694286467464,0.8491912275949284,0.8326552181420335,0.798136039225405,0.5433004287591059,0.5308505383675447,-0.281785227738815,-0.20625588764690683
0.3380410264430849,-0.8154319410895273,-0.7173176843518827,-0.8842218768963732,-0.8897419540425522,-0.7780120007653107,-0.2895290853942477,-0.8831727388009981,-0.8309512042302345,0.8789498969727869,0.8848029674796158,0.0,0.9015987831647775,0.37880992075868153,0.40586400768302705,-0.3277657602561792,0.9103768138445807,-0.7362762853094826,0.5168091056904153,-0.6395666569179841,-0.7320022530546595,0.854890443970647,0.05665573504800285,0.9038551855371288,0.9064687355629859,0.8928196804663147,0.4947348039162149,0.8420434086521814,0.8074496437854526,-0.7855071925674154,0.8399137529971973,0.651039138845507,0.10843344330079974,0.39259567122369265,0.8211566469025783,-0.6882340221979285,0.5459022069525389,0.29885923900840944,0.33253377615181506,0.8367981353852569,0.3127291568032497,0.8862875304903227,0.7438975703767366,0.7854045579790444,0.26496430166292007,0.5767874104064065,-0.6508354920640228,0.5075407543601034,-0.6010292232789072,-0.15070095440691886,0.5484806695289624,-0.8635847211782633,-0.8052559597390879,-0.8827513599826997,-0.8722483243792605,-0.8005986206624812,-0.8274792049121694,-0.855787068658446,0.9214213788841185,0.9345017048749685,0.9388481645668557,0.9390856483944316,-0.07964824453320417,-0.3366424609941459,-0.7086103891732758,0.129173981912698,0.43315034058092267,-0.15013487853362212,-0.1978250949896319,-0.8116009145269268,-0.7557594601122886,0.8879906370827444,-0.46249903251547436,0.8670305969392024,0.9407398537530856,0.9188348994688923,0.812121972941451,0.8256282040016187,0.7872675387115594,0.5683067949818326,0.8440215596533207,0.5560056735436034,0.7364427942753907,0.8311112768777971,0.726409865426113,0.6948901889313943,0.6616296282818697,0.8233702735823961,0.2231343859067195,0.7675174798338612,0.813932368768486,0.8934991948214864,0.8137190994779577,0.8814321865771917,0.846793029121805,0.8043189061053192,0.5122041937050386,0.5245634666006237,-0.3072639801769345,-0.2713319118665934
0.2643235474412422,-0.8231192353689438,-0.7237214673523568,-0.9019119031494589,-0.8978407885519065,-0.7926544420906582,-0.3622411170260743,-0.9101037955655046,-0.843324242518307,0.8573746332002056,0.866615737063699,0.9015987831647775,0.0,0.3240234357137386,0.34896501858787404,-0.4516091975440173,0.8391450011207846,-0.7815573445295729,0.4185236303805441,-0.5997062628203003,-0.7674017682297735,0.7995347644778655,0.01971591188200873,0.8576715321901737,0.8232595618531586,0.8644817298881101,0.6075634944919412,0.849514551432078,0.8131597774330468,-0.7560689973406766,0.8264525373320264,0.6017281789249439,0.10158426136798085,0.40509041619094616,0.8131871833645601,-0.5799623547611317,0.650359972084669,0.3391070320132775,0.3656457594105132,0.8116872529509863,0.430185836820449,0.8642825251288316,0.7207402935411219,0.8210503929354575,0.34227203723191224,0.6811190998033828,-0.487919487472438,0.5603155843552227,-0.5262652118061812,0.012675450274316527,0.41926137591307366,-0.8670943572899347,-0.832005072299736,-0.8730874052021069,-0.8578221922029355,-0.8223656214476773,-0.8472974549262179,-0.8526565427116545,0.8740790719136979,0.8807043823898215,0.8793271441296134,0.893038273103414,-0.11701120330460449,-0.39306929652898714,-0.738810930887435,0.08355366625486929,0.4727229613867852,-0.24727489258025986,-0.2629684308997536,-0.8283259485036193,-0.7580229131855677,0.8534324425081636,-0.49913873862461605,0.8284170236817734,0.8809674873739057,0.8744805203499175,0.8240607837716771,0.7900173170070989,0.7764465134550358,0.5674712043702064,0.7890311547025297,0.6585640700153432,0.799008128734646,0.8460417028346446,0.7927355952315049,0.7554687316857526,0.7418086700420232,0.8448821065035997,0.330187327038759,0.7966822194216534,0.8365176595892686,0.8515900771972009,0.8343892925808627,0.8637712868596329,0.8569534826655967,0.82849435288044,0.6388038278802958,0.6370532795095445,-0.2597740932868071,-0.11090155487013005
0.2257431883392428,-0.2541762729361817,-0.3113334601592512,-0.27091598332741357,-0.37679326680051806,-0.2745951839471638,0.4687728770909139,-0.17530686411369797,-0.2368293921792752,0.42401812010325685,0.35792702774983287,0.37880992075868153,0.3240234357137386,0.0,0.6484868918238612,0.31706991901978715,0.21235502985701651,0.08745467295163765,0.39420518652870273,0.016525522674521422,0.20470978834394207,0.19581865982592966,0.5124698771482623,0.19868816446562143,0.12302510014831344,0.14905847371058656,-0.000613414756771149,0.1108750523799952,0.2007060452065958,0.24452413617498525,0.0890713025148047,0.32399407679781445,0.3672037019086689,0.25891193564828063,0.10703732092331995,-0.21109426322081784,-0.017886348322792678,0.36901853880598157,0.39022891890564165,0.2932777419668444,-0.06787438943599257,0.016565928350404935,0.22248972092835678,0.01366019370815708,0.0065067255061895726,0.0069528384418146546,-0.016162820071350975,0.04261861864213446,-0.1969081072729031,-0.20735436394749351,-0.09086261266455271,-0.09716392915146209,0.03326588929594443,-0.1029533188866397,-0.09692043873465095,-0.08707622626325817,-0.036313095547396354,-0.04852192866132494,0.10547178106311882,0.1811200305129194,0.16372774225646453,0.224397532552072,0.7580197493020387,0.5541690274562715,0.270521695545058,0.6056848252504742,0.05404856842946746,0.6037873752227763,0.42957833362855546,0.044385166620553404,0.18873953380591493,0.16920247642249572,0.3290930641623717,0.28279193480198206,0.2151131241863013,0.15351440086468582,0.13641152641944387,0.38532659731702096,0.14481031123014806,0.2704389414786195,0.3384581863540077,-0.032958641439481025,0.02273877598286254,0.07694575933569842,0.055768123658728894,0.025542094121490288,-0.0037786152555354282,0.024270484358067907,-0.12077157476982774,0.06694874435738381,0.08995940350961401,0.12128836537058862,0.06364281075531326,0.07593647290425631,0.03639119609145737,0.02008457695348848,0.014229210925349348,0.03404692574907533,-0.20531847266172,-0.2866256283367551
0.07116208079949687,-0.4505184993955358,-0.4780421248695053,-0.43658128248185846,-0.5472209663816295,-0.5038317985036339,0.29247308685773266,-0.38914864298925606,-0.4441806896091558,0.4385526504502517,0.4328125039311943,0.40586400768302705,0.34896501858787404,0.6484868918238612,0.0,0.13753109480490855,0.2022512233258055,-0.0038722289736352823,0.2978909011881967,0.2606267741742743,0.20191988200537775,0.15318923223091258,0.5642553801674782,0.27058482240502135,0.05778617717874551,0.18598679516370192,0.15496590182753017,0.173869928285666,0.36795387326304796,0.17530975474914326,0.22316834773928762,0.2079242715751479,0.2588140290646485,0.2396194351045385,0.13104744327602627,0.0061388666321666625,0.1923873231279631,0.3842529891830046,0.537055018907525,0.3868825086085229,0.12316900443411982,0.04487742185621169,0.09971051718748607,0.1345399013043206,0.009529433991260832,0.10584215495096143,-0.06167199096145251,0.1443423446120354,0.052651831350334855,0.08448308640891727,-0.32362475602528046,-0.19574577516783007,-0.07913653889402834,-0.19235051633524167,-0.18144718179210226,-0.12757621537929661,-0.142747061713796,-0.13501780431620017,0.09523277586119239,0.19985927188777122,0.2019259101784119,0.21231220369553297,0.5841341442263958,0.4894355828710303,0.22008895479297988,0.8203891173198398,0.3919829137047956,0.3930086578886528,0.28126481325721586,-0.03585027336040276,0.2508944529501809,0.1683845026115698,0.24919786516550857,0.4168091701276956,0.2428908922256245,0.1566909198268434,0.3020858411740539,0.5202850997758971,0.13284492243005555,0.13379878754914318,0.44111281596509155,0.1467212176906763,0.12046011522072839,0.12582196314193494,0.18036313409460691,0.03871706696001426,0.17635607933943645,0.08759634603314484,0.21807437824979878,0.22327719974345217,0.13656684888997916,0.09080778338166347,0.1759831465490934,0.09163063791969381,0.11505138845631134,0.13156946865980815,0.1468304089574809,0.22190484219231196,0.10524181563087544,-0.006570915997096072
0.3456833140694107,0.4584225861901918,0.28294401504322053,0.557344883628164,0.48055155772197083,0.4051477882708248,0.7230453892692996,0.575513766499112,0.4728629547036252,-0.21123179615113527,-0.32092190808110965,-0.3277657602561792,-0.4516091975440173,0.31706991901978715,0.13753109480490855,0.0,-0.02166458349599344,0.5729920809436142,0.5530726835387897,0.10550941562679582,0.43429522521292613,0.06091836989677025,0.5959412812888051,-0.16825318397163438,-0.008562204709092663,-0.1614773923732616,-0.4943625343219953,-0.27864078423437805,-0.310441955915186,0.4427673147695366,-0.34511540388011536,0.31038184186923873,0.5652196893422268,0.3551279197056189,-0.12488484827535408,-0.3026785822515596,-0.5950224554553628,0.12136202368135761,-0.26890961698222393,-0.12768683167965472,-0.6341342488857592,-0.2925078828620353,-0.0534568159466758,-0.4424451845002997,0.006168896245763719,-0.4820729514792351,-0.09265135348457074,-0.14285778276646824,-0.2879439221906436,-0.672213760061896,0.2959846571617005,0.3263265130308889,0.4865465013145135,0.3226436134795314,0.25070029075984335,0.2772420288990621,0.40259063858536676,0.318991265442363,-0.1695524046421116,-0.1846658453793831,-0.21370026728800473,-0.2085106799736491,0.5912452298104902,0.5857828821469309,0.5058162576295121,0.17598725140077132,-0.40384353352237673,0.6878257246135008,0.8492527279735522,0.5059078590323447,0.32239589177357253,-0.09709904708601425,0.751412953433831,-0.1693550362138403,-0.1805516201628678,-0.1298705141422787,-0.3286835161690706,-0.08933957616733643,-0.05189670919622445,0.24867248632149935,-0.019513920246887136,-0.46812647119204964,-0.4094986368231577,-0.25927030551023017,-0.41907565862769486,-0.22503864743868596,-0.5517457865673793,-0.35751127414899075,-0.5472215773917302,-0.4157291054877708,-0.3177974143610747,-0.13069034783065406,-0.4406451175808633,-0.21361740960095582,-0.3886158847584393,-0.4012835127847088,-0.5377347765374538,-0.4217537682370166,-0.3722014742399886,-0.6746918963369276
0.4506067572445868,-0.8049447546496811,-0.729669258443295,-0.8326526670695927,-0.8589128122001118,-0.7676760782505291,-0.16005907763879731,-0.8446515309614326,-0.8016064137044167,0.8857982541031777,0.8615265374671832,0.9103768138445807,0.8391450011207846,0.21235502985701651,0.2022512233258055,-0.02166458349599344,0.0,-0.45608973788972934,0.7636323349071121,-0.47247331834072603,-0.5601004644974056,0.8614151301520828,0.3559093345627024,0.7926063211036334,0.8453311354797599,0.7872677054582475,0.27342538487602025,0.6975886178602032,0.612095223945363,-0.6103826895079166,0.6647525739580239,0.6533022309137781,0.2111879130196366,0.608684715280664,0.7750547867585065,-0.6820116284467563,0.31014851543337235,0.17051611202703165,0.05742368215996259,0.6996481626213791,0.053894042964554495,0.7419626461979403,0.6430784993236154,0.5754039368808669,0.18381824679084627,0.3534374563829573,-0.5947137684334809,0.5866484903494646,-0.5787052197944521,-0.3510650725896039,0.6827622330708711,-0.7175773669924063,-0.6109986398041924,-0.7238038365374054,-0.7495495430776767,-0.6242387153772454,-0.6525422648729042,-0.7177578120608175,0.8107994828818837,0.8069262591444397,0.802049528586963,0.7903598122153265,0.10471531469271668,-0.10443690324965141,-0.5302390925625527,0.15310252166705657,0.3505575224254577,0.11425783773254151,0.15319202312085084,-0.5556096722737535,-0.6146419170478304,0.8176591719350261,-0.0962643576662928,0.7493318483517302,0.8192589586431895,0.8174165908736882,0.6677798853548582,0.7369553922784822,0.6918791060551165,0.5456418404089163,0.8085765391173945,0.4385859673427319,0.5456632947632515,0.7128044903371016,0.5392927491305262,0.657500821038125,0.44006717944272966,0.6619474379315735,0.15146768515435505,0.5697589376263387,0.6215221222713186,0.765880258563666,0.5903888762082692,0.7547552431653212,0.650694534052467,0.6096812650197588,0.27911831886334193,0.4292061309970996,-0.2879491984131395,-0.4508894421163677
-0.02010321951171013,0.6977588262970923,0.583997067552766,0.818364875882888,0.7746431980677495,0.676130345938094,0.5768687925389628,0.8249479019858431,0.7422388033652408,-0.6727279011242504,-0.7224703448966149,-0.7362762853094826,-0.7815573445295729,0.08745467295163765,-0.0038722289736352823,0.5729920809436142,-0.45608973788972934,0.0,0.217976601740998,0.587547294791663,0.7763501155566271,-0.41465102151294836,0.5053664131244726,-0.5999416555492856,-0.5115727843500455,-0.6220644350651792,-0.7397088191620611,-0.698626260763033,-0.6935494500245971,0.7142067477204416,-0.7095516306859299,-0.2883514835169298,0.13433075377865447,0.0554396902201544,-0.5469981823543114,0.27162700499433096,-0.7600217105628924,-0.3352123454454808,-0.5212296822531826,-0.6018069420333506,-0.6924554810613814,-0.7069884558150842,-0.5589202546215324,-0.793025560047488,-0.3940644906741441,-0.7771295044499239,0.22631714182125717,-0.29829439651124917,0.2918865219924907,-0.3900780547981557,-0.028750689310711047,0.6950123213506679,0.782775198135025,0.7078881777854433,0.655261552596176,0.7367194341100951,0.7459718703644237,0.6912534462417175,-0.6304231016008233,-0.6340850399531293,-0.6444276561786717,-0.661722656438356,0.5262034299581514,0.7299815705666836,0.7748374579370708,0.17293138184548446,-0.39313158145737087,0.7066356740107089,0.7525083260681462,0.8560008884571438,0.7171299759683906,-0.5595929544775883,0.8828069929951939,-0.5649609434292555,-0.6082762486652364,-0.6048959621022658,-0.6525665593415286,-0.47623793468576003,-0.5761401600071647,-0.33254513438411815,-0.4141326276412588,-0.6270528261453798,-0.7712529224556617,-0.6679797679102427,-0.7539496124434619,-0.5638044889526664,-0.7784538016454963,-0.741811949834984,-0.36633238782426286,-0.74592243782207,-0.764960055662888,-0.6471787904508062,-0.8003300685875739,-0.6723196053039753,-0.7742539073934448,-0.7707044429661096,-0.7634201626808967,-0.5755529446333403,0.1509156301971486,-0.3027760293958365
0.5867212346865021,-0.4437540092957584,-0.5209793092562364,-0.36661245722539754,-0.45290480683176737,-0.4642296005731434,0.31578484357347103,-0.3994004051414614,-0.4131101011850906,0.5793532278796524,0.4578795912133813,0.5168091056904153,0.4185236303805441,0.39420518652870273,0.2978909011881967,0.5530726835387897,0.7636323349071121,0.217976601740998,0.0,-0.008369527178495683,-0.031749971015037765,0.5494879885323875,0.7597448772188079,0.3479045438897127,0.40563619626502645,0.33896554192381034,-0.10019762353876625,0.2341418986941953,0.15883401516372964,-0.012136738654427204,0.18840852911020597,0.514197953872129,0.48340993387570386,0.7556953251870304,0.4156070650207883,-0.4489093799459095,-0.13736131183722997,0.12798292037404255,-0.21479470768527392,0.29930689072256755,-0.31548888239156403,0.21298669345926435,0.29565895980521273,0.047751677388885146,0.12530964178867632,-0.06695143692609451,-0.25260482158401065,0.4562999433996297,-0.3661563559982667,-0.4938462410921614,0.5175257730166984,-0.23080971446310386,-0.06316638602698753,-0.2139101743429941,-0.2877111853697491,-0.1653067745954206,-0.14212771710823768,-0.23261417698734857,0.3116680996692609,0.3076090969269667,0.28167303403133603,0.28238327660594725,0.47697381287358004,0.37387396709944076,0.0220936606909905,0.2880086500300668,0.09913456828235197,0.5263313638894167,0.6986029357229927,0.05165958209609809,-0.10075783850714598,0.41358489974148765,0.5531376235797895,0.3305164681978788,0.32793319193833376,0.3498396771649107,0.2260247731426425,0.3944932355355259,0.35114522681328275,0.4228753798649377,0.4926587446065369,0.09404982370496827,0.07629122510503583,0.2702219805953432,0.08597552689815396,0.34493640918264984,-0.045991358114246234,0.16436259431027792,-0.046445525642612846,0.08334934873332242,0.13452330441747612,0.2940821476978408,0.043893420118656504,0.27531965048825835,0.11352091820947931,0.09308810318225419,-0.12748141710216343,0.1470309400121978,-0.2259014244872277,-0.5607276063259403
-0.28088868272331186,0.35842352407850153,0.28530726293823416,0.4740864078117996,0.42868999787024953,0.2888656416887077,0.2603454168367734,0.4155503462737622,0.38257827352547746,-0.5797302196042619,-0.5803968352438446,-0.6395666569179841,-0.5997062628203003,0.016525522674521422,0.2606267741742743,0.10550941562679582,-0.47247331834072603,0.587547294791663,-0.008369527178495683,0.0,0.41958450443772805,-0.2824919762115143,0.4778001255903759,-0.2182328423626798,-0.45299866287985285,-0.2909124420211535,-0.0639522333468749,-0.2517006036506182,-0.11345275826324938,0.3643400737679842,-0.1590277201428988,-0.38253575119975974,-0.11450488935423042,0.12425215832849083,-0.2164401025890239,0.6045454105051256,0.010366514215262575,-0.15287544748451967,-0.010053456287443556,-0.18937829900555853,0.0518573341312752,-0.3451729219021547,-0.45724408874996025,-0.21633219612119822,-0.1593380197100363,-0.17023104809511086,0.2619812382026315,0.1946943923918804,0.6783982025300209,0.41973725161851216,-0.44406795423669865,0.21402935871229004,0.2167452297357442,0.2545636524498141,0.2445082224008815,0.35589415584946155,0.2246858421180884,0.23746846485566428,-0.39030189474342947,-0.33300045081757385,-0.3267714820575651,-0.38242157893613626,0.12044161439103279,0.33874390673000454,0.34265641281583087,0.4962152805109104,0.4510018922883465,0.11881068733730006,0.20710859941309062,0.3644435939185858,0.5199745715263484,-0.28443945794872927,0.42611274496332413,-0.07853373396828986,-0.30570257469592765,-0.3529865417772252,-0.06143321330383422,-0.03286086866947062,-0.3489731219785673,-0.41651325157444835,-0.04868240019937072,0.08226746489591137,-0.2270265443096957,-0.2550768632965945,-0.1526682174154771,-0.18500953953336136,-0.06930305160506155,-0.27304147993499706,0.4874683693335727,-0.11723139463104161,-0.341528301223226,-0.44283839572100525,-0.23886253632666699,-0.36045641789640864,-0.28923449518008626,-0.22241950691221285,-0.09172405209301145,0.14826792135065409,0.6911325313996826,0.4263423859896712
