0,1,2,3,4,5,6,7,8,9,10,11,12,13,14,15,16,17,18,19,20,21,22,23,24,25,26,27,28,29,30,31,32,33,34,35,36,37,38,39,40,41,42,43,44,45,46,47,48,49,50,51,52,53,54,55,56,57,58,59,60,61,62,63,64,65,66,67,68,69,70,71,72,73,74,75,76,77,78,79,80,81,82,83,84,85,86,87,88,89,90,91,92,93,94,95,96,97,98,99
0.0,0.7675914702081678,0.7278698758917589,0.6134887176215993,0.3654238942195803,0.7016246254491674,0.06213344634512848,0.12939325453309367,-0.12713398326206463,0.0839087091231958,-0.0940837286750039,-0.7079116020594897,-0.2282673985643413,-0.6407529498381574,-0.44696712608038686,0.7620584022967201,-0.23760882202695296,0.44128546369857397,-0.6837551842238956,0.7312346382174314,-0.4364475227262245,0.21716266352202784,-0.22588606533784794,-0.4973205847985848,0.17648727994455843,-0.4871429461645472,0.5106577415738219,0.0705959733635207,-0.11881812458983779,-0.48752484067370666,0.17383790334299576,0.7337381573216872,0.7026243740224908,0.29587168228164396,0.322712641290311,0.7556535565764481,0.5598645848738933,0.7096733544285404,0.6820768908552274,0.4598466127505778,0.6885965905803392,0.10260993661848061,0.5773282121975953,0.43342428892609275,-0.550100604325272,0.42824640875380354,0.6000429863221936,0.3917561480430096,0.6782576797148271,0.6249763938815143,0.7246260533514239,0.707065183003629,0.26919166562837854,0.1404073288951421,0.5707329428972391,0.7753133435351357,0.28565336874032204,0.047408882065672286,-0.2799808468268287,0.2144334799750759,-0.11855143419667014,-0.777965787970368,-0.5398318939995612,-0.5507365385660917,-0.3097380571112757,-0.4948030082023902,0.28406887427266714,-0.4359206979046653,0.009797617355574833,0.5362747641169542,-0.18712384145024527,-0.07666558225001081,-0.38315117278056415,0.010027611009724725,-0.4818779092304254,-0.42512788086344844,-0.26787924289750675,-0.4937419365979379,-0.1857888437587676,0.6640452995755397,-0.26801222221586257,0.6227549921934469,-0.39080451302202596,-0.22679396957454862,0.11511233069154032,0.779496984044872,0.437928753718101,-0.22428305686198113,0.7576721445707095,0.7626271273659605,0.05733113689442712,0.5073126841771789,0.176315341203915,0.21175147227910196,0.337850731384214,0.43316003918164,0.6454175347871449,0.46729626643491345,0.7197412081154203,0.6679432261920413
0.7675914702081678,0.0,0.8620238733526958,0.8008599632611556,0.7467459599383329,0.8038659409462678,0.14033456562094548,0.35621359103604566,0.024210132156423595,0.07459428014262873,-0.04981975239248324,-0.6334816943733496,-0.20329810326228492,-0.24335497822250293,-0.13091030594931508,0.7608741808533758,-0.329759748783541,0.42609619064949056,-0.6588167959006836,0.7123646712274617,-0.24193011355608013,0.2948040189945492,-0.23417050064842362,-0.44626551829243283,0.10895469801762782,-0.4825921415563927,0.4709334577320056,0.13229000037796262,-0.05129764714966283,-0.15145711695912042,0.13478407483232357,0.7107985039946395,0.5275965721134904,0.2714892340832137,0.3976299672835867,0.7329602506839169,0.516435536380442,0.7008537620741419,0.7294113847724212,0.4915170626952235,0.6803631402732616,0.10374893045417714,0.7035849102949203,0.35423367674719247,-0.395375184949821,0.4478354205739511,0.6287617897231227,0.36806500976883344,0.6569350070020791,0.5905145863040816,0.7192738767573481,0.875673233488971,0.5220552022835389,0.5304504988166838,0.782413294145619,0.8046822366105121,0.5479001947227746,0.36201766061707685,-0.14579738246160678,0.2000559581757955,-0.23767738793307513,-0.7188904131578135,-0.47526154092256895,-0.3642375209894348,-0.09209093541442857,-0.19001042456731176,0.3605552969459928,-0.42257806783098656,0.01197910013707796,0.548598503218848,-0.01270404676977511,-0.08380274169831274,-0.3747348228330505,0.04757335690392285,-0.45877330583180975,-0.4603905152437405,-0.30586540801429196,-0.45554650124057666,-0.2580727916837732,0.843066939374621,-0.28036674782227194,0.6038419057506217,-0.41771167020489103,-0.23260558445539592,0.015370828880451118,0.7130990278584001,0.36637316196932046,-0.3849743567310691,0.7201878676000345,0.6651933121353898,0.2943129037160369,0.5608078878501644,0.2049671661065498,0.1793622771744844,0.3193565815324089,0.3329911841384581,0.5490358359250423,0.3359079888752086,0.7000306304876877,0.5937019887559752
0.7278698758917589,0.8620238733526958,0.0,0.567619940700424,0.776875149927492,0.7588910782124095,0.12333003443274561,0.41918522045920015,0.3236463188456701,0.05374526326058695,-0.28607014814230786,-0.6225316187386525,-0.47432473784268253,-0.16304503319258556,0.10157211504048885,0.77191853854848,-0.0034751259637098007,0.6294569017230759,-0.47528723723303296,0.722648615286515,0.05077591315005015,0.43514358157426686,0.07930149554728828,-0.17021307850779552,0.15523767124051135,-0.33609512001285574,0.25446608314967517,0.4529997281257838,0.2849753588049318,-0.16820018514783927,0.24962159703454104,0.5526985585498034,0.3894613566125822,0.512350556430005,0.6115628253154234,0.6978925898100306,0.5383844607054777,0.49552574929427734,0.5225571650315607,0.4847058259660524,0.5289389697145626,0.1767213938468546,0.49044005209153774,0.23743298590834336,-0.09045482432693065,0.23813306165363618,0.45376421118250204,0.3640008712581361,0.4972215290835985,0.41585408800206547,0.5946124061690867,0.7221640791970605,0.6049579067166698,0.42517933529337937,0.809952506892908,0.7305100889677757,0.5233932989743417,0.44092498692324006,-0.07998458179771548,-0.1248609120849831,-0.3801130665033698,-0.6899578097771072,-0.1897187806298597,-0.10301550521278853,0.1568944025182832,0.0047664794899455925,0.4884269110857729,-0.12219430035077165,0.3240390319972845,0.7066730521386725,0.27958885425818075,0.2449049158442934,-0.058583742042585714,0.17325226644005587,-0.20670582478105087,-0.22369504037352592,0.01547980105416567,-0.2219283083781835,-0.21963318370456078,0.7804070262563895,0.021716542129131933,0.51189414433141,-0.13705113578108288,0.09435334773707899,0.30078736834357217,0.6479481566552858,0.5095470123674944,-0.0959377433132891,0.7437777955316062,0.6565276390663682,0.44071218800968776,0.4108574992411971,0.27761363239987485,0.25630715522776143,0.4301318659671428,0.14571565091929886,0.43020131537687695,0.350977248594125,0.557769270831767,0.44679194449219534
0.6134887176215993,0.8008599632611556,0.567619940700424,0.0,0.6352934661273768,0.5132700223892717,0.2932383575290184,0.4405903332380957,-0.1570496273698934,0.14953779582236382,0.2843309688124509,-0.3065951421277,0.10934497040213374,-0.06350212704702865,-0.2198866763509193,0.5137164510627971,-0.5504804604021024,0.08425754149626245,-0.5136053816984503,0.3808833169552167,-0.3341717869536104,-0.06086021246987429,-0.4015948564033352,-0.475777380940486,0.07731775507145344,-0.31783780109342824,0.38393826713657636,-0.27987032999805556,-0.35041328538461813,-0.08367679929140674,-0.19613038381053507,0.5476151169519141,0.37631727036009754,-0.1478508234092758,-0.05165688226328528,0.4278427208500852,0.17180125020661496,0.601325853506695,0.6810204218952535,0.43065415670176166,0.5035552573320558,0.01951524493660282,0.6585554447993137,0.1634885791900788,-0.535572562542309,0.36063325995506407,0.46670177365989585,0.07693006258362774,0.4741305659312229,0.4366697163066867,0.4952428150796179,0.8211762809123749,0.4634091674084138,0.717042871940988,0.48644270966784137,0.5321700117463765,0.6347663598049417,0.41772495597391796,-0.010157747707667022,0.43870921962680864,0.09693970225302936,-0.4094600581812261,-0.5166773173653075,-0.4529247997060408,-0.28829748565479074,-0.2603732066466917,0.25366582206950705,-0.5077058837174596,-0.30888302229356596,0.181864463753305,-0.19239902993354943,-0.34799830471847043,-0.5095873286797689,0.051382261900592904,-0.4537198990740811,-0.43640538013438446,-0.4960686969143516,-0.40587197482656034,-0.38565964346327886,0.6279367348095442,-0.4152296919592765,0.3643373457993893,-0.6005882528727646,-0.42160637484163904,-0.25899993349157985,0.4798793476089501,-0.05034911809962766,-0.5342789777676741,0.40638538809295033,0.3742734265094797,0.0004856126306460077,0.5523222673755379,0.1679050951301748,0.030018665041865927,0.17064449119890837,0.23889326139446437,0.32406539977422727,0.00906799647485774,0.49500307474100697,0.40300892491267204
0.3654238942195803,0.7467459599383329,0.776875149927492,0.6352934661273768,0.0,0.48504855481644665,0.16038866920655429,0.5160287151467992,0.38347473999218346,0.06273457121072262,-0.08386046983955263,-0.20919110070818164,-0.2674842623315863,0.32267649152043104,0.37831133383187876,0.43178646390057834,-0.026421426164294458,0.3335454881121806,-0.17373016912402622,0.3204106735701,0.2639345533400442,0.28328652799666015,0.08504232240506217,0.019127703295037744,0.07567216861310005,-0.08450218983381275,0.009560932661724945,0.2738529667076925,0.24064156272912512,0.18119040823124197,8.821435972036709e-05,0.22009967639414652,0.015163028333095619,0.25078462808076973,0.43171106105054835,0.29183047530759837,0.17681143243160993,0.207548612122064,0.28482188382007834,0.288536261855505,0.20499774915740337,0.12540315667638724,0.33892455507514047,-0.08008029720509735,0.10104006938240549,0.06532430085342744,0.19399723802979105,0.10485071027562994,0.18079504077876227,0.11022353335219995,0.23676397485032824,0.5446201623774337,0.6025012238294377,0.6463679360509482,0.6440196941303097,0.3867066610613628,0.576765012851556,0.6125298823412474,0.13905595719802497,-0.052946769125029144,-0.2241349807721949,-0.276816614897556,0.00196691635774965,0.14783806630449056,0.28913271346089925,0.2944256989349375,0.3377737352090312,-0.003936181504392115,0.20539175409108298,0.3840935367734942,0.34661169104651185,0.16776772076237434,0.017343272402433614,0.16312451896835176,-0.025177504496980436,-0.07190096504261477,0.0022085814492467095,-0.016067091909539453,-0.3100278829390406,0.5111748383396205,0.05431454427919775,0.18534438467150913,-0.08806960720690625,0.11044029067303629,0.10267034810838117,0.24012404339098872,0.16821690498721803,-0.15014558905487618,0.32523924048353337,0.20233250400839237,0.37885889007717216,0.25582107361936673,0.19377914818883213,0.09683540949316571,0.2644853395243387,-0.15787100781415844,0.06531422523426055,0.010594246199183976,0.2175806860358336,0.09346241809897869
0.7016246254491674,0.8038659409462678,0.7588910782124095,0.5132700223892717,0.48504855481644665,0.0,-0.2163259225357732,0.08439704594978471,0.07839224650307933,-0.10992574950428495,-0.27642986909371753,-0.7002580436166981,-0.24625670022536555,-0.16676431137496944,0.09266910683050039,0.6596351315310512,-0.08728313996975152,0.4752050711689986,-0.6287013590691165,0.742967281441967,-0.09466240712994994,0.5886488073554834,-0.14181667775946163,-0.37133930853983943,-0.0382358942297813,-0.567529170189449,0.46009270588012025,0.3774683543312899,0.1726614812331074,0.010062434438584693,0.43410911560369003,0.6374479320889995,0.45447907918145214,0.5038647282531551,0.6710799816238199,0.7411530259145874,0.6692641393935908,0.5895901275370883,0.5444085396429674,0.23327291946729212,0.657557148394916,0.05753528711250657,0.5933281915488978,0.4649369708532099,-0.1750445125876929,0.48022481380723414,0.6217616995639771,0.5502639373056711,0.6652311177263852,0.5971950768746935,0.7283688001475345,0.6367759270809182,0.30652776602831894,0.20195719285836725,0.8801512844569396,0.7986666668652443,0.24271703352603943,0.15317360520330237,-0.2596191375194257,0.04567701417217559,-0.5581467857973372,-0.7287978952579599,-0.38030946034540475,-0.11609047985741384,0.17299362946400443,0.06703984980315465,0.14811768282551568,-0.30771770803242926,0.1953848590845227,0.6212158299572751,0.07837073938125097,0.03323881088801311,-0.2382453331003192,-0.1608631394210721,-0.42705033320383284,-0.4772066444014016,-0.16398766126426678,-0.45794909808786755,-0.04866243624053757,0.7402218080603157,-0.21742041176946467,0.6688730521354351,-0.2434810106018055,-0.12503572929564785,0.066514110599706,0.6033140601636114,0.6000120559127379,-0.30228435531676284,0.6780621916511489,0.6088517009705335,0.5127430751048146,0.3642886374831679,-0.0015198876624480178,0.11582181279232899,0.18113448443302033,0.3536194944018212,0.5563298454234072,0.5253938079809852,0.6912238980799574,0.6106342083014537
0.06213344634512848,0.14033456562094548,0.12333003443274561,0.2932383575290184,0.16038866920655429,-0.2163259225357732,0.0,0.7364557699486473,0.2900645039470653,0.5766186043058813,0.2545254925198921,0.18605294426251018,-0.30615214989048334,-0.039178046267219865,-0.2135074634485956,0.3454850678636569,-0.13006735658982038,0.15878246347928587,0.19731088699117832,-0.04991673081480338,0.03272935501717498,-0.521160200054672,0.19562095584458844,0.228079041468707,0.580989688258107,0.46352037620637265,-0.28933743274912266,-0.11979429774666467,-0.021450171067492734,-0.3942257507791728,-0.5582164968944596,0.05718357099044651,0.10682428090227519,-0.21651193042688696,-0.2261783030149133,-0.06157070026863741,-0.2717999873057069,0.026312038783623527,0.25593829413754265,0.7373863763080825,-0.17309106224607895,0.39786085923210185,0.056686770077864865,-0.4910506937861138,-0.00403811868672603,-0.3960606581763977,-0.23403587507615234,-0.4891891986741988,-0.25948074186001985,-0.27707285719782,-0.22161333549638032,0.3621187939900576,0.6566049130780331,0.639685322706409,-0.16926851476682864,-0.10220000018206028,0.7292645836708568,0.6238468510820506,0.5337439710928088,-0.0663121598526347,0.583258963422265,0.0460788084269575,0.14712164093524993,-0.28005268619282236,-0.32402460603084415,-0.36900771745563354,0.7169662292229951,0.13241891696082628,-0.002210508974625816,0.030358784329190567,0.16735989018828554,0.23335501425005112,0.08400318415690805,0.7531020699814809,0.30339177130113615,0.3933666760037997,0.13273139468528328,0.3627983046127487,-0.4065302924213838,0.20069827863481784,0.2997890011586138,-0.3001492379492668,0.09737404962871733,0.2516962085578915,0.3300383052640314,0.20977431474661334,-0.3100438038318011,0.2970564700062548,0.1652122704148668,0.15261377538499135,-0.15729489266653823,0.42462228624943593,0.7319454466672465,0.4260373592750434,0.6277700388855297,-0.33033922463454757,-0.17416723573372966,-0.4406571395235027,-0.19899439179570516,-0.2558805693117946
0.12939325453309367,0.35621359103604566,0.41918522045920015,0.4405903332380957,0.5160287151467992,0.08439704594978471,0.7364557699486473,0.0,0.48848146356369176,0.3069238832812952,0.07285157119300696,0.0666155167904423,-0.40434215503821835,0.1955025493355938,0.12562771110372403,0.37693882422606795,-0.02655738489071477,0.3183592255327045,0.108348811814471,0.08051396603381301,0.2574141336353979,-0.17288436209718203,0.2879294982505489,0.24900518734033383,0.33023125137014403,0.3227512637181163,-0.2998653113671965,0.1037265405387351,0.1301494743114846,-0.11146270249124454,-0.4405861905874266,0.015380627463130991,-0.11206584395430443,-0.010028343186834921,0.019468793800366438,0.05335815643897957,-0.22638607395031698,0.0023149550147286927,0.1838080899170926,0.5588929847706626,-0.08779759896092779,0.21997389803028827,0.09168483048017365,-0.45442474839109276,0.07116087978630949,-0.3071962146920437,-0.13155710838230997,-0.30546378590776585,-0.15804133642619111,-0.22009498256615967,-0.08785703970592326,0.4845038887067827,0.7819178247051669,0.7977650619502444,0.18897477347877825,0.0771506848791666,0.8255582045464611,0.8309362858138823,0.38231646679627773,-0.1708719671378522,0.25431641621544293,-0.05423990508144346,0.21360991957676487,-0.013091420616091618,0.02261589925797217,-0.03396265961478373,0.6701435023888052,0.1769057998346102,0.16356157906476246,0.24179654373909465,0.3853011379592318,0.2906367865767999,0.16607554035065175,0.5933850941845377,0.2592584292912599,0.2908640706075041,0.14231908939454885,0.3091095400266816,-0.5385229786257043,0.32986836375059886,0.3049143495906148,-0.16200433373797776,-0.030365055125715322,0.2760868259667311,0.27868073489721307,0.17864445158939596,-0.220177978677554,0.12905135883080096,0.22874155682146596,0.13877406237332734,-0.018160793695378406,0.2588354160535134,0.5314018844076651,0.21538964289845997,0.4808519998222595,-0.4390982936322841,-0.17402998790673874,-0.3464681681296636,-0.09102531895166116,-0.2156879997472079
-0.12713398326206463,0.024210132156423595,0.3236463188456701,-0.1570496273698934,0.38347473999218346,0.07839224650307933,0.2900645039470653,0.48848146356369176,0.0,0.13437155901656933,-0.4271833835388248,-0.017373819973795442,-0.7628132862986606,0.29673881530295954,0.5556677722926769,0.32646186048112974,0.5611128898785778,0.6064223687664065,0.3439987304865241,0.15671749884919584,0.6938929779970242,0.2504956276501142,0.7050753968102449,0.6190005924390644,0.28461959815158694,0.3742729916082474,-0.5006821086196368,0.7062067984741556,0.7317709759795425,-0.07455949065230176,0.01740271444541187,-0.1938705712865044,-0.27771577118355356,0.5082042317952605,0.5501273577939607,0.06154252654890399,0.03293323894967473,-0.29747287813511863,-0.17949478931239976,0.35993827874743495,-0.25289915820820713,0.3061861083379931,-0.2357575069323411,-0.4185908999829646,0.6474514115889435,-0.47541718550480294,-0.29542378369613514,-0.10171610769217258,-0.31194232826574114,-0.3762565568735802,-0.20490361439421026,0.09082521268812925,0.6855061274916152,0.37064564147685186,0.3173839098561416,0.01182993696396875,0.48000149729500075,0.6699170959999361,0.34144317226954807,-0.6913944460854671,-0.20112212124705256,-0.0510648616251487,0.611826017895631,0.49611173172205775,0.5367937568192117,0.4011973048741302,0.6470878304469538,0.6240348287008973,0.7045237377082514,0.49896129130975597,0.7926230124725195,0.7822121259387091,0.64730897129797,0.57247302098462,0.5755374502823818,0.5401870990612971,0.6600633657871803,0.5535858965470668,-0.16508845789700077,0.2297525862200447,0.7150916421943447,-0.1753389662123316,0.5425250908752208,0.7547362742232041,0.7012490340102294,0.06143384220521034,0.24435775061558318,0.5666982580000901,0.25821974033308936,0.13731004057297688,0.418302572297064,-0.042913115380593676,0.48117321759632986,0.3603921455706841,0.5412164739708771,-0.5505738140646984,-0.22979281837209223,-0.08905508000633464,-0.24412839408975803,-0.3295514733077701
0.0839087091231958,0.07459428014262873,0.05374526326058695,0.14953779582236382,0.06273457121072262,-0.10992574950428495,0.5766186043058813,0.3069238832812952,0.13437155901656933,0.0,0.4842167563588406,0.1574401811268949,-0.2129730757993976,-0.07350701984169357,-0.24247890173707048,0.23132061291127534,-0.29250515634080365,-0.1521868480583837,0.010933853607289969,-0.11710972735929591,-0.07893851425621207,-0.5599018999397649,-0.11940000836141876,0.0781086691845744,0.8617775274309671,0.40841541268311704,-0.2222792741497896,-0.08793445271740562,0.0851900661196536,-0.15543974173589475,-0.07620411530319657,0.2474146566161163,0.40380896522404885,-0.3122738772463939,-0.11096253333560151,-0.10247822302461175,0.05519267590711572,0.12724152350176224,0.3576334783350464,0.6462557118267035,-0.17521349120946272,0.879858851079168,0.22057832534808589,-0.30651564283846733,0.027601635255666394,-0.33196304222660156,-0.22137824845817458,-0.5547056775977295,-0.15007853605469076,-0.19815139406464294,-0.08098890700990073,0.2414626627822906,0.28194366198189647,0.1969408655273158,-0.09471370359544959,-0.09352439030503099,0.36401833163808067,0.30296955081252874,0.7272299851402482,0.092250795452485,0.29669183103708263,-0.06530009879696078,-0.04587840948252371,-0.3687356504692977,-0.4732877012854622,-0.40062385450087584,0.34004017463281133,-0.04369357541024482,-0.22054618082318558,-0.21766970905987815,-0.10700119132202662,0.12066962062002184,-0.10023830258663166,0.5643815486809413,0.1981620305729315,0.27896313989478344,0.07542016302926216,0.2570436064412441,0.14076171840680463,0.27676746648872597,0.10652712629967225,-0.3181715849451627,0.27472064639578553,0.17066627287480235,0.18709323130990219,0.10698040628616629,-0.05576731839740536,0.2907073405525981,0.03201149191684487,0.0043154399862681755,0.2396191013130311,0.7241979692784563,0.7336780550629932,0.7647877518366206,0.656705741090244,-0.07702136472188428,-0.1929281582536131,-0.4187102308517811,-0.15801880925424983,-0.19791246849156394
-0.0940837286750039,-0.04981975239248324,-0.28607014814230786,0.2843309688124509,-0.08386046983955263,-0.27642986909371753,0.2545254925198921,0.07285157119300696,-0.4271833835388248,0.4842167563588406,0.0,0.45353447188243456,0.4981519035650439,0.17215057070988807,-0.26273326164151234,-0.28326071178358636,-0.5830781268034847,-0.6993853279582701,-0.03273834842606424,-0.4668002479018623,-0.31363640820184313,-0.6974536616871793,-0.5066381333113287,-0.2302387898525424,0.3228191085254376,0.2488611278413998,-0.07409735869010385,-0.6702141001733174,-0.4688718889843661,0.2507251443943023,-0.3608246262766937,0.02926687725334103,0.1118518110245326,-0.7890558166412353,-0.6857240548062037,-0.3982234703671626,-0.3262849136605696,0.07327803478120519,0.19019219201020768,0.04967973931961723,-0.17984301840677255,0.2903025612844307,0.18367102218473924,-0.22876615696126898,-0.3767288491860565,-0.08666314283672628,-0.18721694089825272,-0.5787542742448866,-0.09513448346470865,-0.1171200244083098,-0.110615528212929,0.1115113403329902,-0.15418481481340274,0.15375679088034658,-0.3297345946605297,-0.2601623803873343,0.10741382095644363,0.024382022061372365,0.43788648431203253,0.6722775041900861,0.47239467690824416,0.3154482251575381,-0.30837739804565545,-0.40355461636754836,-0.5501518902446074,-0.3036012338982921,-0.25951354956239425,-0.3700061302925697,-0.7295292471083065,-0.6917023889633241,-0.5014159394349217,-0.537378199047653,-0.43950948926754074,0.0043973427201151405,-0.12821899182704197,-0.07619148381158657,-0.4156128131220607,-0.029369047280518527,-0.14558238663150305,-0.17375567817045487,-0.39736751422557115,-0.35768166208775837,-0.36376149287681087,-0.4188045139135011,-0.5664994223667484,-0.2941510498536789,-0.5055908208050469,-0.3137983639239003,-0.4394175930516527,-0.4332473933287681,-0.28748708334960454,0.43220390457193225,0.09187409241535079,0.010346705404896312,-0.10512739503743398,0.02234358083184736,-0.33683321549230294,-0.5888158351996342,-0.1485729722234603,-0.1766623155636126
-0.7079116020594897,-0.6334816943733496,-0.6225316187386525,-0.3065951421277,-0.20919110070818164,-0.7002580436166981,0.18605294426251018,0.0666155167904423,-0.017373819973795442,0.1574401811268949,0.45353447188243456,0.0,0.39796272517412506,0.5905440062859627,0.19155309512463892,-0.7320904167127037,-0.052300359136945564,-0.6614584606349664,0.6240283289269293,-0.8646706525796223,0.2180087604232983,-0.5998482245937773,0.03613783036608751,0.362711206111536,0.07235784487921401,0.6414207667141794,-0.5483998613956801,-0.466086926542517,-0.1922958892969715,0.4661532970109462,-0.5576822449452092,-0.6566379713953672,-0.5616534496775801,-0.6663057327947735,-0.6701121385472304,-0.8557153015561942,-0.791199884863335,-0.5912152006969524,-0.48070923614136696,-0.2759685180319318,-0.7083939344750558,0.016763196543469538,-0.43581576628410346,-0.6422983008459666,0.20996035924940615,-0.4792722732611534,-0.6502026730400556,-0.7000945645014476,-0.6737641451153935,-0.6554097248919687,-0.7256677808510504,-0.4852675573237391,-0.17812325349495522,0.07213222213852279,-0.6914989521345738,-0.7976557889776883,-0.04678783028607584,0.09714435003516732,0.4779750139186404,0.19641762362450862,0.5283481534116347,0.8620842223410471,0.3325054061352136,0.2168779978026275,-0.0668214854920868,0.19014531084261813,-0.238925884028387,0.22938764837653816,-0.3476900016581465,-0.7660551492536817,-0.04767032466794674,-0.16614319577222128,0.14398479530157254,0.11342540390000821,0.3978082462929788,0.40430297236175633,0.030574039560607984,0.46941650712931576,-0.19592184920153383,-0.7191109245562937,0.0984484410419314,-0.7605839552802253,0.07022860080227639,0.02611548744332252,-0.32986333058106543,-0.7765752095208863,-0.7429642292161884,0.06764662077963836,-0.8360225392854943,-0.8359009019801058,-0.40557307363879547,-0.21977914059022122,-0.029663429608278225,-0.2509214889918263,-0.26233518045953547,-0.5184438279715629,-0.7611293390836801,-0.7648553824975663,-0.7131688300054062,-0.7112102411740175
-0.2282673985643413,-0.20329810326228492,-0.47432473784268253,0.10934497040213374,-0.2674842623315863,-0.24625670022536555,-0.30615214989048334,-0.40434215503821835,-0.7628132862986606,-0.2129730757993976,0.4981519035650439,0.39796272517412506,0.0,0.1815695046823935,-0.20617096982106073,-0.5308954427029535,-0.437927812766136,-0.7087144466899455,-0.047706191909695564,-0.40395482284489076,-0.4147011657128262,-0.21966477600753476,-0.5509071776578554,-0.38040440840432893,-0.3791032426340893,-0.16497368872735746,0.29635914473076913,-0.7229532922000091,-0.6806462831768958,0.46069851810354434,-0.20504664614420423,-0.09654062804104425,-0.06940369838695873,-0.5735862964009957,-0.530955384461177,-0.32836871669528966,-0.3200799229927098,0.05431823096825529,-0.02736958353959959,-0.5092753964811725,0.02475985932610752,-0.41469889763021955,0.11881009456116184,0.13962353024880855,-0.3790065946257204,0.3653434381982843,0.1363769272893812,-0.014685391699147735,0.06993991422304065,0.1282879878683475,-0.07255718608316346,-0.20031708253750327,-0.5694399270680771,-0.07965277815033803,-0.33571750401896844,-0.2327871600131909,-0.3635880268773056,-0.4200736296561347,-0.18854789696876778,0.6990826084523583,0.31307383220943896,0.37421384322742096,-0.3643956473093241,-0.1693663781643805,-0.26768200770570555,-0.0363908115508134,-0.6842323430852312,-0.4390545354343987,-0.6557860544245838,-0.6223295043304365,-0.5963938947394251,-0.7404023133056012,-0.47563108659471054,-0.5498791610197545,-0.3797948689805655,-0.3841706032385159,-0.5963235889990308,-0.34618237450922484,0.03560907873012317,-0.4072054834077013,-0.5737075242800073,-0.026985023560337284,-0.4420015999342404,-0.6385613135349353,-0.753318352770527,-0.3379143293096516,-0.4780580809984115,-0.5634510462862422,-0.5288194420589158,-0.42935545431250643,-0.4170263011107735,-0.1349799833902685,-0.5418063256579156,-0.5221365302222436,-0.6214831959765412,0.2370247772819683,-0.025290866627065763,-0.10558921652146505,-0.0008917765814319631,0.04665625452950374
-0.6407529498381574,-0.24335497822250293,-0.16304503319258556,-0.06350212704702865,0.32267649152043104,-0.16676431137496944,-0.039178046267219865,0.1955025493355938,0.29673881530295954,-0.07350701984169357,0.17215057070988807,0.5905440062859627,0.1815695046823935,0.0,0.6860389972049414,-0.3473433045615451,0.05653397345830561,-0.21915587363299152,0.3368297510348691,-0.3521428611096035,0.502200205440385,0.0386471010628502,0.09258242885012005,0.305838533936096,-0.15995298792610643,0.25050974271297116,-0.34673823343174354,0.062111540153535705,0.19858208300047003,0.68695138420895,-0.09907723071497666,-0.3849444075429946,-0.5386665564774918,-0.1320466475725473,-0.01842976247318675,-0.37171946280842466,-0.2802907469968403,-0.3466284598878417,-0.27256985660912064,-0.22428753770703516,-0.3393042318678881,-0.044087205255697516,-0.13698689331413977,-0.3286675561448964,0.430265540195032,-0.20239559591162437,-0.29364278791228704,-0.2382932795825346,-0.31593502062504997,-0.3354345904230314,-0.3146931930343425,-0.1027497232779892,0.18764029510793356,0.3760868088972135,0.10137715093228089,-0.2698654230422545,0.17832266581994624,0.3737585670138736,0.29352671483873355,-0.06564871603190738,-0.16010017910446148,0.4372891970125029,0.29565599874312487,0.5431686251353143,0.48463741282770195,0.6857509941644533,-0.09495560995222908,0.2313496899666165,0.016843097621073888,-0.22465532708864547,0.3347607176944288,0.004599377442150146,0.20774966617536764,-0.0001911749766841601,0.25411241234948284,0.13713094754996763,0.09229066895529034,0.26771822180928156,-0.14747507616284844,-0.13128541085297177,0.09882215374662627,-0.3261695410037799,0.05568284443154478,0.08765360957532377,-0.22271909546027485,-0.49876469082775365,-0.2262827702443132,-0.13603511780404118,-0.3998536437455142,-0.49929546165181454,0.26788935054554797,-0.1591285709519174,-0.1034945593140869,-0.22351973073038617,-0.2476294672509015,-0.3682786434541928,-0.4858711380051684,-0.4010192738103127,-0.3328877327359954,-0.39582530975265234
-0.44696712608038686,-0.13091030594931508,0.10157211504048885,-0.2198866763509193,0.37831133383187876,0.09266910683050039,-0.2135074634485956,0.12562771110372403,0.5556677722926769,-0.24247890173707048,-0.26273326164151234,0.19155309512463892,-0.20617096982106073,0.6860389972049414,0.0,-0.1367836607255407,0.4221412014872011,0.17770675307136577,0.3041301908924577,-0.05459634131337984,0.6891865401347128,0.37450270472543223,0.37963638802563815,0.42005336944317384,-0.22871450225891896,0.11994721009771521,-0.34221521635283036,0.4909975310104443,0.5479681596953456,0.4914315454791375,0.20241253794216207,-0.35056692493590935,-0.5039769350796186,0.3154743561782941,0.3297578161510948,-0.11385213272579253,0.011885662607363038,-0.36691650899097633,-0.35294100913793125,-0.22347573971525103,-0.22482073210015568,-0.07379229357639867,-0.2539401285630473,-0.15292543540608133,0.5955289218640362,-0.20039264274012109,-0.2233238698410372,0.031125542923160218,-0.20696979109325941,-0.2471184108171358,-0.1564668566464738,-0.1245010183327598,0.2687055573079227,0.17793603994084664,0.3260579683433422,-0.06344608335790954,0.07651223690611537,0.314155357279121,0.11065981592266065,-0.3486995840339289,-0.44520790712652514,0.23036551924949167,0.43520662450868824,0.7196924570063726,0.7692030455402363,0.8115300585559404,0.04322558515954893,0.42517840882249247,0.41106561045716944,0.16487763175516165,0.6026379629659543,0.3118688919794223,0.45132735865092877,0.01803001166508582,0.327122734876635,0.1894439811633989,0.3783497458816254,0.29484019409490086,-0.05323497301585588,-0.017830787439948346,0.3229941204885725,-0.1313127348128666,0.2324995963911371,0.3274750930124672,0.09048022613781204,-0.324334713560309,0.18628216378219917,0.06612122889508171,-0.11927169881673279,-0.2299913972631493,0.44296888158750836,-0.2907935200123161,-0.11336144996075934,-0.15185957958782448,-0.16434384653044432,-0.30859669316615135,-0.3322132460532172,-0.08683169712687898,-0.20260703044146283,-0.2605922497197393
0.7620584022967201,0.7608741808533758,0.77191853854848,0.5137164510627971,0.43178646390057834,0.6596351315310512,0.3454850678636569,0.37693882422606795,0.32646186048112974,0.23132061291127534,-0.28326071178358636,-0.7320904167127037,-0.5308954427029535,-0.3473433045615451,-0.1367836607255407,0.0,0.03090531612796515,0.6702610290740821,-0.3565167139310398,0.7027234979450214,-0.0784343031191335,0.23041804539591815,0.14809338878583178,-0.11926217494439909,0.3356937566477699,-0.21611733065934147,0.2540681579480598,0.3319015611057244,0.1878185626650744,-0.55105834022124,0.05112006179407755,0.5565654775724641,0.5264818116828913,0.4702149980097857,0.505873185141493,0.6781321988685588,0.467761720251256,0.5042311153395457,0.5583640949327842,0.687798903584748,0.4849395520266812,0.23725746846492154,0.42152996967830236,0.1608705995170746,-0.13177064314756254,0.1572694421511179,0.40605659867904315,0.28805060922365716,0.4081338253637911,0.3607153496749977,0.47074072018174423,0.6731993550614435,0.6368923705106893,0.4189476790486728,0.5671755720886474,0.639092214636061,0.5300828026527317,0.3640458249249162,-0.038797801563335746,-0.09981887150564475,-0.026561463560528586,-0.644766830437159,-0.16972249794051553,-0.2868453992076191,-0.0725503140446128,-0.2805185644278345,0.6637582267617317,-0.06977754134710575,0.33694490310035374,0.6844925640041095,0.22266907063793226,0.312415060704937,-0.030720985591066653,0.3873457212696605,-0.11928197507697537,-0.07403489892451738,0.07910959357944562,-0.14570522156213503,-0.22532256526303435,0.7064035558031146,0.1287460835569268,0.44702305172881024,0.006320905818999871,0.16898749903766136,0.4830745249527009,0.7651607240900444,0.44916946422732906,0.11345391551498801,0.7947098647072359,0.7724524410466845,0.2136777048194519,0.4690740538058401,0.48050158912833385,0.4230481708338619,0.6461047411136926,0.1357294743953366,0.4952209328437761,0.3571526736841601,0.4832734477318388,0.4151636408461904
-0.23760882202695296,-0.329759748783541,-0.0034751259637098007,-0.5504804604021024,-0.026421426164294458,-0.08728313996975152,-0.13006735658982038,-0.02655738489071477,0.5611128898785778,-0.29250515634080365,-0.5830781268034847,-0.052300359136945564,-0.437927812766136,0.05653397345830561,0.4221412014872011,0.03090531612796515,0.0,0.521779102638873,0.45017086716594357,0.09153337877442301,0.5721526497275385,0.4054397925090975,0.7344762705889503,0.542006475389546,-0.18278036860020883,0.17580135355947055,-0.3312314132453127,0.6027614947784048,0.5832845006417741,-0.24049606468295015,0.10012190993931014,-0.4452795079135199,-0.35992045486211544,0.6086202190066461,0.386086366316024,-0.0012311467374308555,0.00619613015676927,-0.45850053638198196,-0.5569756771785482,-0.17668006788565135,-0.228507288376974,-0.21842422501882752,-0.6050870427262158,-0.12741284802917108,0.525461003568212,-0.3076614422417647,-0.264556313007397,0.20375005702703833,-0.26354057581861345,-0.2673486047649245,-0.24268810142822358,-0.3952466585810378,0.11521925186621412,-0.2553852261061077,-0.0032946728164088518,-0.10169171750714662,-0.22465235692846083,-0.02972194127380141,-0.2037922864525015,-0.5414968347857761,-0.14815657229547036,0.15869807273364836,0.5981091585520345,0.5838733704401816,0.6097288424075594,0.4207348966493051,0.21165797490750674,0.6605312627798421,0.7385582081475318,0.41187993893020763,0.6317850745035334,0.6152853405182808,0.6989924371976345,0.14124727297482645,0.47111692520798776,0.43318334644989553,0.6717447518604739,0.3901242192221706,-0.02907894277786387,-0.3019846834818926,0.6240447940150358,-0.06370933130526556,0.4799125194075009,0.5923801973273711,0.5715412249361631,-0.10235124726232132,0.3426043048094264,0.5524023591661406,0.08925035288483948,0.07928251562265569,-0.03687355405041276,-0.5677248080922334,-0.06999215908104524,-0.09879820260624853,0.02893919128827189,-0.32575598233849007,-0.11267674441630277,0.23735137139289228,-0.2175226954948824,-0.1956900615746788
0.44128546369857397,0.42609619064949056,0.6294569017230759,0.08425754149626245,0.3335454881121806,0.4752050711689986,0.15878246347928587,0.3183592255327045,0.6064223687664065,-0.1521868480583837,-0.6993853279582701,-0.6614584606349664,-0.7087144466899455,-0.21915587363299152,0.17770675307136577,0.6702610290740821,0.521779102638873,0.0,-0.05878202964735457,0.6611967535897693,0.29203555076045745,0.5211717676154073,0.5878127559621537,0.2235885818963977,-0.011924430194919617,-0.14440774588423508,0.02487577558708345,0.6773981501197174,0.4956170225683173,-0.5426479425428445,0.1354317127902639,0.15654102913627746,0.08268195105012119,0.7853245592219679,0.6307687618426583,0.582640435238372,0.3597219202718437,0.10776114983378098,0.07444693659240621,0.38156475091788333,0.28794116697477334,-0.10061132176452148,-0.043914389189359915,0.1067902620892791,0.20652557519449374,-0.02051180492473707,0.20279933360601118,0.42692581948889047,0.1877817741160707,0.15611691554267684,0.26788440539404557,0.30804404680194847,0.598276547361424,0.20746301566561579,0.4777436966111041,0.4757622064491248,0.3322271666493027,0.3205343544037251,-0.26000669612473615,-0.5540290552845891,-0.24397943540411554,-0.46194080872687215,0.2496495689646522,0.17624744273088258,0.39272768105781636,0.06828862707147335,0.6765942200019742,0.34627751000060286,0.7547424186911337,0.8672729753159024,0.5969346331831881,0.6179362420405516,0.41289528318399865,0.3421382067270436,0.15651307968843184,0.14752596631398024,0.4429699935367863,0.082682930966558,-0.2327361344230989,0.419766471095041,0.4767044914589702,0.37726188124415744,0.2053721296701537,0.4667286466979373,0.7096493962534989,0.5575596461552468,0.5320862585864556,0.3658280803288817,0.7211612750621449,0.6882903166905537,0.17707507867784195,-0.08527718159817826,0.2530966875690457,0.1553637469652009,0.42829884710989086,-0.08241167192790178,0.36070195098512453,0.46844130004747797,0.28112189353707867,0.24028067032917041
-0.6837551842238956,-0.6588167959006836,-0.47528723723303296,-0.5136053816984503,-0.17373016912402622,-0.6287013590691165,0.19731088699117832,0.108348811814471,0.3439987304865241,0.010933853607289969,-0.03273834842606424,0.6240283289269293,-0.047706191909695564,0.3368297510348691,0.3041301908924577,-0.3565167139310398,0.45017086716594357,-0.05878202964735457,0.0,-0.6086858935258063,0.5813109032396565,-0.2807724497017367,0.5743553985064657,0.7202298211068558,0.013184432413184368,0.6826705320264886,-0.6738580683715285,0.05852748934812197,0.2656622853205891,-0.009139330359371142,-0.40174920467437875,-0.8065813125267784,-0.6619196498541128,-0.10778350474343133,-0.2956258600695761,-0.6761275625653757,-0.6044557402666865,-0.7709095524008409,-0.713561006434047,-0.1756951460755646,-0.7340096596330212,-0.0697041916637737,-0.7574478010603609,-0.6126220279062594,0.572657165115528,-0.6446080729809863,-0.7214596675339182,-0.45273304937641606,-0.7761484466389632,-0.7363264576301528,-0.8078682226471026,-0.6177946096021043,0.07575582096942049,0.04129424518398432,-0.6039927447057554,-0.7365047475673139,-0.07161451110569388,0.13517259519012412,0.31949573250364194,-0.3142627191030689,0.41450741275444175,0.7781472462743382,0.7228504689267634,0.5533171069443568,0.3281572164978024,0.37520562079242076,0.1356963026529729,0.6866916149616588,0.2729634133664004,-0.28519855047506065,0.4561047100228716,0.3677767528427427,0.638073126706315,0.3496245091260376,0.711345806231099,0.7067219172835181,0.5321143099207439,0.6982162797302922,-0.09181842249740299,-0.689597846197176,0.5863864243768813,-0.6779658687481495,0.5076727001783844,0.5066467751876275,0.26078565308411805,-0.6043358985565331,-0.3566666615658404,0.5292244950423203,-0.5421921650102931,-0.5324761233070767,-0.29477774043716,-0.5140348033632897,0.09160973476732613,-0.09640359915271615,-0.02425049095000759,-0.6169598420145227,-0.6572347116366974,-0.4677072382033013,-0.7647998282932503,-0.724629637857323
0.7312346382174314,0.7123646712274617,0.722648615286515,0.3808833169552167,0.3204106735701,0.742967281441967,-0.04991673081480338,0.08051396603381301,0.15671749884919584,-0.11710972735929591,-0.4668002479018623,-0.8646706525796223,-0.40395482284489076,-0.3521428611096035,-0.05459634131337984,0.7027234979450214,0.09153337877442301,0.6611967535897693,-0.6086858935258063,0.0,-0.1214986327617983,0.6057138961819925,0.10131961864650571,-0.2752854854527326,-0.0431103279047206,-0.5700500904172385,0.48196122479584824,0.5081165823172319,0.24088603401744038,-0.4694911175061375,0.4177738454683043,0.6208540691368878,0.5107455944899852,0.7195042348497711,0.6832945124415563,0.8830610363133476,0.7202861821648561,0.5659849464926235,0.4899945031780623,0.3905634558171891,0.6992457934728229,-0.05368950942782845,0.4159295861990114,0.5425383944696565,-0.16692027180468463,0.42438912280499097,0.624149318279568,0.6710530199692976,0.6453431164877708,0.6086586383088473,0.7157644999633316,0.5812056588833453,0.4036608129989531,0.09840062657843628,0.7413913961200943,0.8322062132683442,0.22171841449535282,0.06568949650735371,-0.4321752123884029,-0.20922353131830637,-0.4456095621167451,-0.8095085239291984,-0.26299536430005754,-0.17280965235997608,0.15135478096653807,-0.12997897074012094,0.42867168823383855,-0.1436124550602294,0.4411678054589735,0.8643031215690788,0.19146274687536802,0.24852783853910385,-0.06032062195157512,0.032436743576790356,-0.32392080863272515,-0.33507630236346597,0.04065958806248606,-0.38864516375790625,-0.05374582435937553,0.7303027170538196,0.003645499343004631,0.7389311306938543,-0.10782539379449958,0.03914557889080991,0.3987938000382371,0.8202361402346544,0.7163040909757016,-0.03901832721083563,0.9043881633263758,0.8940991085316938,0.3569058103109237,0.2373030545748902,0.12169401080871615,0.19699988352759765,0.321612860358669,0.4098977499250412,0.7224954993136767,0.7099830182763994,0.7087341571983722,0.6735038628663171
