0,1,2,3,4,5,6,7,8,9,10,11,12,13,14,15,16,17,18,19,20,21,22,23,24,25,26,27,28,29,30,31,32,33,34,35,36,37,38,39,40,41,42,43,44,45,46,47,48,49,50,51,52,53,54,55,56,57,58,59,60,61,62,63,64,65,66,67,68,69,70,71,72,73,74,75,76,77,78,79,80,81,82,83,84,85,86,87,88,89,90,91,92,93,94,95,96,97,98,99
0.0,0.7601432170268008,0.6882940469530286,0.48925986655972276,0.5587225399205923,0.3130846091781215,0.7356197847843,-0.06461790509392566,-0.26292086799264425,0.32498572286994115,-0.5484252021362424,-0.7567636105799036,-0.3687927718167225,-0.3313791779729974,-0.3734363520012467,0.732695419309365,-0.25712441082697407,-0.01035494119606077,-0.2950085694470957,0.637762561619526,-0.12006893971948876,-0.4321016363355942,-0.29895779582877774,-0.6156810005750147,-0.30656336933413103,-0.6435283817934389,0.6116373665301011,-0.22730823510581238,-0.1778877875250894,0.004274521442524908,0.3829808610907691,0.726421816399698,0.5278113269817422,0.05919705041684479,-0.39701875679149584,0.7253794179163376,0.6157566583822955,0.7592646621499429,0.8082713685388102,0.7304078618671598,0.63104830839925,0.6022491933967252,-0.40598732480828725,0.736061502952085,0.7147078375573754,0.6415408607490586,0.3689083401294503,0.6377968668850192,0.7223832818316077,0.71450014831852,0.041922996752156175,0.5992557367457829,-0.06099463746275203,0.38473486184722133,0.23209155983073923,0.2862258378566585,-0.2674270923998005,-0.5622189637998675,-0.558124878724412,-0.5996217788142112,-0.16594135144550748,-0.4675253920078116,-0.43261010455041965,-0.3513901781763985,-0.4019468572573637,-0.4979633399239783,0.43625740791010936,-0.522856397578145,-0.7423029945311044,-0.4494067565049804,-0.523376276520873,-0.66898261050354,-0.34701704923522664,0.06982097798615977,-0.505906430528763,-0.7378547872675605,-0.3380907454364244,-0.3321587436462822,0.6128646072926504,-0.21641905145731394,-0.6253807190297697,0.3604682538648483,0.14078793921022142,-0.6626756761609732,0.07762576745219299,0.48436138843884724,0.6456384551183603,-0.059302297833138146,0.6690964600077041,0.5440918877832256,-0.0601041382280671,0.6312464096064406,0.41089404647356387,0.1254342476107946,-0.750798072931304,0.7034611691806317,0.7999496071212746,0.6971440200117839,0.7107515615129186,0.7326890054314911
0.7601432170268008,0.0,0.8514536864988623,0.5201660085667652,0.7784537228731195,0.6780925496760889,0.7923987638601664,-0.05204325021172804,-0.09690972514725198,0.5972955167826899,-0.26033329115019765,-0.43381792386862256,-0.4541014560607439,-0.40628630222126566,-0.43432067887354703,0.8439640008285514,-0.2439367596325861,0.35858581263720385,-0.37452067003322476,0.348073030241171,-0.2633968126295619,-0.13647193947527686,-0.3977581786275335,-0.22320778350489434,0.12013113062523179,-0.22535695118124668,0.6876780149324104,0.10656573166002495,-0.14486670577054211,0.006088627015385202,0.6613381160741577,0.6003073592799967,0.5684830612213454,0.21046795810638522,-0.03983520006133576,0.6698683581753307,0.6646929121234084,0.6424518499467469,0.8393472689631755,0.7722752497656449,0.34590916530253185,0.7916239426040124,-0.027434404718820152,0.7834551074362444,0.822651593558883,0.28679287497753586,0.06352222216563239,0.29222256524242196,0.7396873722534881,0.47829287289642375,0.07305464226736916,0.807583191425301,0.15149766481513197,0.44297390528787794,0.6101661925692925,0.5700379438029654,-0.11045858187012705,-0.6889361966332512,-0.3604925749265421,-0.4240275034334594,0.06044732913839757,-0.5489532720105534,-0.49192287472711044,-0.4425170624422166,-0.5565174781170515,-0.5926676003247306,0.5500048643849057,-0.4852896394185108,-0.7299850705905128,-0.08827939077442955,-0.6514555517955252,-0.3731405909310101,-0.36128383018020827,0.434106108098708,-0.2687274473891915,-0.4480381492285798,-0.16788936805825397,-0.0854251139601539,0.7183010235746087,-0.35465187190367936,-0.326295957682369,0.2097903809280726,0.5028566261913332,-0.39738760496586945,0.2732764217153521,0.3985073816971795,0.6743428712314455,0.19063346499387523,0.7184378220851895,0.5524051714147782,-0.06274655533774279,0.5690681060663789,0.6123100000582705,0.29742408933477515,-0.4875007306133917,0.8281533219488322,0.6366989573007812,0.4395893454013912,0.749293147225145,0.6027105194586024
0.6882940469530286,0.8514536864988623,0.0,0.38804403785288977,0.8137704481232764,0.7835648637555618,0.8057515272555549,-0.16630567982410713,-0.21772453813819545,0.5414800806401792,-0.1377570463175241,-0.3349723371905871,-0.5770815748934318,-0.523568120572861,-0.5404029700461982,0.8113169357749577,-0.3463161629068149,0.35808948927973033,-0.48573657662221353,0.21679317780829108,-0.40255404384482124,-0.1577192311665709,-0.5280510574066596,-0.17495982767104296,0.22170993037698747,-0.1189243632851924,0.6207268730200539,0.15144350175204702,-0.25072341644185286,-0.14398835703510193,0.7220131130096377,0.4932963129916252,0.4584027762228097,0.161759288338764,-0.056416844947215515,0.7028006357233055,0.6818223521898804,0.5518663288402276,0.8033304995650168,0.7866144960678122,0.2992449710133423,0.8360863856833466,-0.030392631783143366,0.7724894954467303,0.8183259651008412,0.15568446846104692,-0.010493204652841186,0.16326163517468192,0.7914777007995886,0.48188964723539585,0.19677185294525665,0.8843071545017884,0.293988773296499,0.5419680750597275,0.7292554868509016,0.7026245473198843,0.011805276899184114,-0.7496774386566114,-0.24733354193219625,-0.38854186513584094,-0.03103869722289794,-0.6619976806602679,-0.5895878210942499,-0.560160382048804,-0.6723447417437062,-0.6900342807011125,0.6270327464486146,-0.567524460451897,-0.7735608161262942,-0.06341419985826453,-0.7481434089379372,-0.36481746698570844,-0.49336445020507425,0.5634184306315119,-0.3030847873763777,-0.4388303537926974,-0.2313420850524948,-0.1419247461552947,0.8203906617308139,-0.281313169406463,-0.3364151049919146,0.23453280962907908,0.6010359945494873,-0.4263321818742031,0.16945048104675486,0.21600687537770474,0.7247337728487291,0.12435057281389479,0.7790242513562219,0.6066911713803762,0.03862885693555029,0.6427711670544999,0.6889873218915143,0.4518820162928516,-0.44641500184734634,0.8503735434679023,0.5221450037789108,0.3027102442317524,0.8026125072626568,0.629269938535607
0.48925986655972276,0.5201660085667652,0.38804403785288977,0.0,0.2779668921546976,-0.010488270679469142,0.33795989319913755,0.6261860889834356,0.5973285951448801,0.5191851814887158,-0.1097943691306318,-0.2331796606781958,0.2241751058075701,0.20245052767097976,0.10918787405127649,0.3715483617519027,0.09803631335204725,0.1343596805865783,0.15928382443287553,0.3843395312361489,0.270884908008953,0.0545238369245205,0.18328600748674714,-0.17323015261305866,-0.08509331458536126,-0.22999759279642445,0.3061225568916279,-0.22510179895258503,0.1438637614814853,0.37562701936245946,-0.011421659009530379,0.46232465613027196,0.5194025192799444,0.20344346384610076,0.10528972053818374,0.16256177098000024,0.09907019625801397,0.44162270061118475,0.47238150419977265,0.35546951853288156,0.27128322818339934,0.09743034733987929,0.10508105942210755,0.19849221998415556,0.18733679101077377,0.3787049616456944,0.18955338156495116,0.3792676949011609,0.1066318040677316,0.14742503214721991,-0.4291003282237926,0.11970593124516606,-0.2982079141489765,-0.01132582457429953,-0.020229981282644728,-0.13958554052312083,-0.22423897694099817,0.056369204293799824,-0.22520840661678698,0.11832052660782885,0.46500854868996533,0.17489008233015943,0.05604628897079232,0.17102912371218842,0.10377599830862692,0.0392665191266893,0.02743836016250933,0.031110344233966948,-0.18635701846722721,-0.09999785358147564,0.00015474208923827386,-0.1594353217888553,0.2132938803875998,-0.20084649540291194,0.027320882217413817,-0.03638047973720112,0.039241796815871914,0.06103569012433634,-0.019640885537269472,-0.36578195572214883,-0.07880055458788207,0.032185961191449376,-0.0764697172732627,-0.021135502015998175,0.28363006765987214,0.48140200248199433,0.05042205372503245,0.03587785561091916,0.10534123950122042,0.034251384321840654,-0.36067575634304266,-0.033906624846172795,0.11305758365713044,-0.38344613826391405,-0.23682268238787943,0.14470468374820067,0.4036575253625331,0.4418367723151068,0.0944906871568103,0.1355246676383335
0.5587225399205923,0.7784537228731195,0.8137704481232764,0.2779668921546976,0.0,0.49359614021441606,0.6439327019024956,0.28469726165576426,0.170551821861922,0.3104738573547842,0.08182518642017733,-0.09740178306461163,-0.4522561535524268,-0.4315891204472731,-0.48815332548518703,0.49942238039453657,-0.37405333281527114,0.15728344839152078,-0.4811068086379042,0.0009209864686423845,-0.40519983370316254,-0.18693299283237388,-0.43470959936200865,-0.0237750040874703,-0.026806327810822424,0.05081517814439679,0.24249309638666108,0.01320430130642078,-0.34196099261337226,-0.12217699180870975,0.43389608175725125,0.2062596294889129,0.20912903613421344,0.2750010708622414,-0.03220970203166617,0.4660132428289022,0.4095504029130703,0.20978558110427176,0.6374013446499605,0.667082369995929,0.28293786122134,0.4140950401058209,0.09428082152685818,0.3360684752037096,0.5025489011013932,0.07642361196675058,0.2284489850650825,-6.955405348971883e-05,0.45655926351867987,0.27836005195973684,0.23555442084623282,0.6159559299090339,0.3797150552041962,0.5179656610691573,0.5505786204426142,0.5037101007510081,0.2628489599212161,-0.35019223356924356,0.04114354067259443,-0.07087200784919698,-0.037139528231956806,-0.4592799602696363,-0.49817029312669553,-0.4512297883666065,-0.5226628056409404,-0.544734783280397,0.6060182644818576,-0.4831484424196831,-0.523137302427454,-0.13264602047248095,-0.5639263441654835,-0.17515763036947518,-0.3380346968465018,0.5105486233874278,-0.2762395877799395,-0.20991366763292865,-0.2702351121161801,-0.13878258041453437,0.4625778819824021,-0.03320593326900375,-0.13335617563154784,0.3821546086644131,0.5929195630452377,-0.17535202766686758,0.10038758929457145,0.2534216680144449,0.48127800130115467,0.03347080785812698,0.5424650224376858,0.5718275373609656,0.22451704346847184,0.4274223233670824,0.662757886688873,0.3180066731085962,-0.08415646944689519,0.4656513883418519,0.366772725596665,0.10812559042250286,0.449235378506551,0.41544146609399546
0.3130846091781215,0.6780925496760889,0.7835648637555618,-0.010488270679469142,0.49359614021441606,0.0,0.4011196396082932,-0.3746614727971283,-0.24144170233810397,0.536152657865986,0.19285802918389203,0.13746978736628004,-0.4655685218757634,-0.39179345892648654,-0.35567543324374856,0.5236275636432547,-0.2051611620422378,0.5242726184485742,-0.3659109724595007,-0.24107043289370345,-0.3922362615598121,0.18731555651422296,-0.4422045014891024,0.2810750964174109,0.6463452284527764,0.34685206688445247,0.45980718174858065,0.5011533524729559,-0.11671346787135063,-0.14537484247928112,0.8523360678079164,0.14553828070562097,0.20905346125249044,-0.006672268936556018,0.2506384642999547,0.29334344402140733,0.37113611092542925,0.19388547479014293,0.3581859548046578,0.38911174858233916,-0.21300908703247637,0.7584453144156948,0.33888487889433877,0.5670503826763316,0.6485400443210365,-0.32934477427593667,-0.48588875253765423,-0.3138437170973147,0.48316409016332795,0.028605426793346107,0.24871920198686598,0.7315734228219013,0.39511619707664125,0.32990042504103023,0.8405464309005404,0.7542934229357372,0.12704251602124414,-0.6510727335557549,0.062159377174696225,-0.13434320101946207,0.10178127082738099,-0.5222709940460678,-0.3526332634464387,-0.41407425332519987,-0.5420690508283713,-0.4790094576968751,0.37478626987243685,-0.2712118194272502,-0.42735655278063217,0.3249830492989815,-0.5767954539661457,0.0933703799061485,-0.37116841125134004,0.7142984364094292,0.06384431775001219,0.006126458269958796,0.022461640181523235,0.17725591648059594,0.7001065619092528,-0.2523892150446887,0.05395339404318955,-0.1279458258951145,0.6913903826391472,-0.06409165929070296,0.2623043277235821,-0.09828572202468035,0.3884724333498818,0.3550909561067239,0.46301406885649454,0.28522516873402975,0.03136920865470071,0.3472628282881646,0.4936110251135837,0.5680925770188996,-0.011380339317996282,0.6787188394864017,0.0727897703397382,-0.13611205036029378,0.510683024601672,0.19938578471298457
0.7356197847843,0.7923987638601664,0.8057515272555549,0.33795989319913755,0.6439327019024956,0.4011196396082932,0.0,0.21705732523413573,0.021019103190357356,0.33461753985602216,-0.13758433095874698,-0.4439785997038579,-0.5066875834168523,-0.5136300145740664,-0.5857610540225187,0.6953218918550341,-0.43117380157914703,0.09354065575648404,-0.5154403965160647,0.3711495952565213,-0.37836195771876563,-0.3788020578415036,-0.49650268173176504,-0.3721280849528235,-0.18400365495280105,-0.28337621333345436,0.3993481955530068,-0.19061368901626458,-0.3738234039740823,-0.17486041704284852,0.34747799511564853,0.4553074845995093,0.39516964698616713,0.28739682432019287,-0.23617215742709077,0.7713399300035265,0.6558328853836454,0.5096504576490138,0.8769138207870807,0.8735537104220967,0.5854965391068535,0.5445130048643,-0.23777245170844027,0.548186764352931,0.6044049930441484,0.367569559189456,0.41877834587835716,0.34380674994925214,0.7318029007070391,0.6205293773178944,0.1371148235601281,0.7211109726487965,0.2435893183081975,0.6274073693753157,0.4761511244680521,0.4764133949246649,0.08632155792758316,-0.49279062621103437,-0.23758784823356055,-0.2638278671135941,-0.10594924846504365,-0.5630586237945673,-0.641118399544551,-0.5475163584546817,-0.6076124640067466,-0.6742768703525795,0.6914042960029981,-0.645252683891554,-0.7714233426984968,-0.35793300952300694,-0.6847112631597232,-0.541925405090932,-0.47094762892345576,0.3616204179343327,-0.49690804391505206,-0.5334446251066917,-0.40060444115317423,-0.3753966718595281,0.6047432619308983,-0.14664763531977126,-0.45896193939261704,0.5239881386363866,0.43113742154535656,-0.48038157077323146,-0.022915240676496414,0.3141509959961271,0.7191159920087484,-0.1576398379340052,0.7673441099850287,0.7124436542836461,0.1320789679938224,0.6453375671742698,0.6971580973077628,0.2512441410174778,-0.4977633605499941,0.607448976853401,0.5936130100808414,0.40738068867395805,0.7206596753346343,0.7194384921246528
-0.06461790509392566,-0.05204325021172804,-0.16630567982410713,0.6261860889834356,0.28469726165576426,-0.3746614727971283,0.21705732523413573,0.0,0.7769891996603605,0.15001115810639218,0.17712036409142903,0.06707790297911753,0.2695821313955981,0.21928005522304803,0.10878979701821283,-0.05467209520971319,-0.03515876374353411,-0.18247335511476612,0.09885462438345795,0.06193021770780642,0.17337266407440607,-0.05061822403742636,0.16707234900291137,-0.04083480376855713,-0.27255625672489403,-0.020698759986802796,-0.14406989132443768,-0.3972131258788724,-0.054201815922184544,0.23599407759485333,-0.26229243764708754,0.09094225668293966,0.09984998004964797,0.09561885170911656,0.020240298155395593,-0.08531429177374511,-0.25381517285764615,0.01633176411047948,0.17666675707718654,0.18255125192959168,0.21581207689659643,-0.32948760706532537,0.18356445163704635,-0.25072556701406246,-0.12395910944402098,0.2202683672678926,0.3424882432903236,0.1197393512835901,-0.2157004240794973,-0.041840370970033826,-0.22480535849419142,-0.14914143100052987,-0.09454194837073047,0.03500066860347152,-0.14137709380558255,-0.25258685326572033,0.11745656956595202,0.44757328175472516,0.17328440699188438,0.45639395609380706,0.3087535775078657,0.3256108175596044,0.1381843617654055,0.21864346310430877,0.2066380518407737,0.15198544136361444,0.019501448005974836,0.07167215965476557,0.06153580466981256,-0.20345622734309154,0.1414781290695855,0.001481390859801641,0.25168610013872467,-0.2043005944686582,-0.008435588072805379,0.15722418449224973,-0.1020163324624276,-0.029928285333201445,-0.279026931797011,0.05600005983821957,0.05474223727753431,0.1838953953619638,-0.07214533326426277,0.14420062794974917,0.07435203113901813,0.29439197790184163,-0.20971937919560357,-0.16114714876277755,-0.13238025829353597,-0.010167290653699911,-0.04849718644944633,-0.1749158799902778,0.06464791875880481,-0.3436046700480964,0.14962369388875238,-0.2485846123597382,0.12794460062741,0.14036543060132098,-0.23914295903853502,-0.07272179875518847
-0.26292086799264425,-0.09690972514725198,-0.21772453813819545,0.5973285951448801,0.170551821861922,-0.24144170233810397,0.021019103190357356,0.7769891996603605,0.0,0.28916930965715004,0.19894864529542974,0.14907763999492749,0.33954705932231566,0.31230116041514344,0.23167876956756128,-0.03210061608810203,0.12104679340466297,-0.02163509126654316,0.21681522048767382,0.008917688237064873,0.26473581257450923,0.153616323024837,0.2623105772484292,0.11107469422696171,-0.08733814798122587,0.08674427843461695,-0.03817590757647997,-0.16966729424056945,0.12330671257184601,0.32966865817390195,-0.1669504801480124,0.07487875588855122,0.16470692644301788,0.04245862790923718,0.18728839440986353,-0.2056658686196,-0.2667912730577924,0.027600754424695385,0.05981044173561385,0.04788665048638292,0.017611997476820965,-0.23896873314097158,0.28708426860715464,-0.1784538246477731,-0.10704155615595896,0.10690257141782784,0.07503790537819621,0.05063251854910894,-0.26959358809687517,-0.18598575896839545,-0.33772821853345164,-0.16661253215675403,-0.18319962044225177,-0.11439337408154758,-0.10344673451050763,-0.2512144256917914,-0.0038930565662629473,0.369825123545437,0.13296633622333254,0.4529652422928936,0.4482644702268606,0.36433047514200034,0.24156400848707904,0.30383080857315153,0.267084085953183,0.24201833899591935,-0.12769802369124073,0.21437818940073003,0.14423238942880687,-0.011510232269114015,0.21135327993255393,0.14204283786951846,0.3299298869783401,-0.2057312703463874,0.18232210274257546,0.3075224789899918,0.09785745917535518,0.17270294569946565,-0.2885716011251855,-0.13153667293433075,0.19313648916567266,-0.04956919376065775,-0.09710858675009082,0.2700233074509501,0.23452088985176567,0.2749211520028033,-0.28622031300328526,0.052125843610069486,-0.21788021088890952,-0.15994548341500714,-0.2071054035112699,-0.2900750131140939,-0.09724075104361636,-0.3729006244248736,0.17828036345214415,-0.18460176745954918,0.07132970969759991,0.10149335523699157,-0.2784937272463191,-0.20604099605802137
0.32498572286994115,0.5972955167826899,0.5414800806401792,0.5191851814887158,0.3104738573547842,0.536152657865986,0.33461753985602216,0.15001115810639218,0.28916930965715004,0.0,-0.051468682222668316,-0.04612584652123888,0.19705471548035364,0.2474815934542018,0.2166948529788509,0.5539690866459888,0.2631127010339944,0.5122231095887506,0.2464895826150796,0.1725278269013704,0.28908042530029765,0.42638629031701564,0.1852932135331623,0.15968622049716605,0.462386119550294,0.05150825089710954,0.6288024795369244,0.28041740161338996,0.37170714466602245,0.4821174954503373,0.5005454285535319,0.5265830268130548,0.6638159420463908,0.04202214510286729,0.4436605665891293,0.014685345203791014,0.1039935912471247,0.512602164271488,0.36893442950597893,0.21456661575048588,-0.16562720035678472,0.4827738137956376,0.4571437461217345,0.5060955229403948,0.49489033927586346,0.06455551474982515,-0.4439963142669594,0.11015530330258227,0.15002615433616345,-0.11092830690438432,-0.4616462278166707,0.32692808013442926,-0.2831173681427294,-0.16222949652723603,0.33558599511799264,0.1396769400618399,-0.38165102104880844,-0.2702445575248102,-0.2557898237070122,0.02470984709008628,0.6919535315103602,0.10326373718219059,0.17612264502881075,0.20607403247124487,0.04934672226593549,0.052710218159998816,-0.11273890814947311,0.1940497613040428,-0.16330821450773653,0.2980118360554602,-0.06498711567994382,0.13178328287688704,0.23224103080347216,0.04206915074148125,0.3524980132850704,0.17854425967963458,0.34709017365924527,0.4513236724439086,0.22439650213138732,-0.6518090404794699,0.16221580318592438,-0.4212848801729691,0.15970286513816864,0.13735179657044053,0.6301810727522492,0.4039101283791121,-0.006250529039811308,0.49777212691731254,0.07299352768985119,-0.15840780011011948,-0.5797445792889299,-0.11547815256025887,0.03503079754636223,-0.1924289466607127,-0.1453032739644023,0.46910918009853303,0.3079066643674025,0.30990315442570027,0.16072010905043307,-0.0561146592535081
-0.5484252021362424,-0.26033329115019765,-0.1377570463175241,-0.1097943691306318,0.08182518642017733,0.19285802918389203,-0.13758433095874698,0.17712036409142903,0.19894864529542974,-0.051468682222668316,0.0,0.6378078147677275,-0.0589085626559933,-0.12840832704049848,-0.14893770647574747,-0.407538007202439,-0.30502512271625537,-0.15430777094261464,-0.22692602689639987,-0.6381433038172215,-0.2959432585682138,0.08152914718845726,-0.2587975195482175,0.3274680880899718,0.34479064318302216,0.582018316351149,-0.5163282844062177,-0.052552697667255975,-0.3286714118669495,-0.4105078863127467,-0.09780179528921251,-0.5578810356863417,-0.4843036446873521,-0.3025758771667576,0.10910136092014909,-0.19868620103896492,-0.3598734724787413,-0.5073212276959309,-0.32813166453557147,-0.06459031300443818,-0.23383745557001542,-0.2509960364562311,0.1772440275981471,-0.42051901904510797,-0.33999403623628904,-0.5291440538928225,-0.23362508485456127,-0.5810418872650598,-0.18578100720110124,-0.25500029022820797,0.15815400882328143,-0.04959151452980484,0.3891973074946062,0.20610786713614807,0.2929913133306877,0.20316250767298386,0.5609268003371358,0.2988183111332231,0.7130266616536839,0.7678800609106917,0.06244086391876797,0.027103398808015315,-0.10019688354658682,-0.13428129034488098,-0.1338012132222227,-0.0498524496023486,0.08451857328908091,-0.02211194207481499,0.09383258568552667,0.05973164927306629,-0.10018167753696088,0.2017179378690831,-0.21053528370384553,0.2450317309402619,0.07716079708152353,0.4407102281275932,-0.16570985366484892,-0.10362770318619072,-0.04571207315310617,0.24933347830739416,0.1655123985201553,0.013399944868529422,0.13922353389335734,0.2022310658588498,-0.3376242400059043,-0.6281716819864508,-0.21222626738367054,-0.30450452089766683,-0.12891042390307483,-0.0740304956845989,0.2641011263006239,-0.1026064160117047,-0.011689221205039246,0.2318061916596886,0.40271934127736514,-0.3221486136264926,-0.6203191363977872,-0.6198697232590088,-0.19426463712939954,-0.22704254346271394
-0.7567636105799036,-0.43381792386862256,-0.3349723371905871,-0.2331796606781958,-0.09740178306461163,0.13746978736628004,-0.4439785997038579,0.06707790297911753,0.14907763999492749,-0.04612584652123888,0.6378078147677275,0.0,0.07414484562406255,0.03945243164231483,0.05924160914839321,-0.5298953887830811,-0.03673310713601193,0.12208839352610887,-0.036586764443054885,-0.8762797569843381,-0.20971892247262736,0.4106673714199099,-0.057699048265890396,0.7377124961221417,0.5879133031246172,0.8821473804600282,-0.5310627348810053,0.2991228571034709,-0.07971967692301257,-0.2023943325964555,-0.006036520660934513,-0.7412934575321439,-0.5294317599068539,-0.10758191082910022,0.45242849975026705,-0.5186409115406495,-0.49143136425028183,-0.7393764879157135,-0.5546332863895496,-0.38020179481431304,-0.635542928963841,-0.29928482908939974,0.5781479075524584,-0.5720176753247522,-0.4389516819177761,-0.8328379026027324,-0.4826722519968061,-0.8660819536964711,-0.47215467954632645,-0.6563836139565774,0.15687758446788957,-0.18544611348395915,0.39881339194496557,-0.041916016267529256,0.2849227360469824,0.15420195913655615,0.5412560719474575,0.3408061753912382,0.7852409686407054,0.7638002269570386,0.20688061524257464,0.17187838887554965,0.13282325900274414,0.042901020112529546,0.0355288294260866,0.1557890086083018,-0.10951504796729401,0.27256753336539186,0.4420850238352212,0.46449486515446436,0.11582306001117103,0.6499252817051953,0.05661966216073589,0.34350215001238904,0.42999724855947846,0.7615238941286356,0.1646683241763494,0.273713825429369,-0.23057743244943388,0.20515081797444873,0.5966020612100348,-0.2572789891718349,0.2718985916615421,0.6028674881142279,-0.07787344223709974,-0.6134680103383163,-0.4373710468066532,0.02787084431733629,-0.3776042514996637,-0.2860164861945963,0.21347212873863955,-0.3913561813607028,-0.04876055906676531,0.21554213134477943,0.8005800055343218,-0.4411310707408675,-0.8180197206881976,-0.8408192793969617,-0.447554971472457,-0.5765433845361676
-0.3687927718167225,-0.4541014560607439,-0.5770815748934318,0.2241751058075701,-0.4522561535524268,-0.4655685218757634,-0.5066875834168523,0.2695821313955981,0.33954705932231566,0.19705471548035364,-0.0589085626559933,0.07414484562406255,0.0,0.8956070148275082,0.8587596049602827,-0.3121994414381467,0.6556446778026299,-0.01774261548222,0.8548119509556715,0.20056921095745628,0.8660523315039453,0.458547136351913,0.8524475496732404,0.07768145712593308,0.009314875614399051,-0.10270566704518944,-0.011180720391968092,-0.12475308509565175,0.66306597096991,0.7026837993034343,-0.475062968335782,0.1662075331954005,0.2564489711172895,-0.15045799870299748,0.34006322139448913,-0.6606066228529849,-0.6152387409800367,0.08581615439567393,-0.4121310340139372,-0.5765228016098077,-0.2649324937062944,-0.5020630048403185,0.27175765949618075,-0.31777612562390845,-0.4416475358620016,0.17635879824362424,-0.2250542253234332,0.2206280117388521,-0.6804789056959193,-0.44990055706779114,-0.78696175868994,-0.7311724112369276,-0.7819954539473005,-0.7822319532887884,-0.6853877719193332,-0.8103203795633525,-0.5136762367798392,0.6281594402001751,-0.13495052413992842,0.3761728813868275,0.6990748294652116,0.9004777645393147,0.8490167526369211,0.8903279270792728,0.8805384871063832,0.8620743036550765,-0.8344775042039633,0.7960169515327401,0.6319606706852671,0.18575312138459982,0.8258620721101915,0.31254242658884795,0.8195506809306482,-0.8147102945114711,0.5542807488343632,0.4853756752614917,0.5164107494993099,0.4669212522399859,-0.7312840104060143,-0.33333030599464397,0.3328565565127017,-0.5832025511735672,-0.7385647131447037,0.43663403511976095,0.38060123200913987,0.2852052077115333,-0.7637088087698692,0.2057776864961971,-0.7622600441514374,-0.8123550856866205,-0.6937461809518591,-0.7675292155165182,-0.7764812524553438,-0.8591004526762993,0.11819364771164724,-0.4869778393703818,-0.09318815325329194,0.22266116708372927,-0.693768380184093,-0.6184144732571336
-0.3313791779729974,-0.40628630222126566,-0.523568120572861,0.20245052767097976,-0.4315891204472731,-0.39179345892648654,-0.5136300145740664,0.21928005522304803,0.31230116041514344,0.2474815934542018,-0.12840832704049848,0.03945243164231483,0.8956070148275082,0.0,0.90568201307756,-0.2200495479933931,0.7195435315743555,0.07453724270620715,0.8971110908831316,0.21276786003965173,0.9028438284392996,0.514491721724195,0.8880531305730687,0.1272274083859,0.06363924312233642,-0.11346171910790777,0.1340849899015544,-0.019850390030563828,0.7445125439433399,0.8151353969427656,-0.28001782495702143,0.2672250005188209,0.3439331834695428,-0.16183254826082333,0.3935263600929766,-0.6903152752951011,-0.6012369326354613,0.16186190425516048,-0.37615053997911446,-0.5902316782813497,-0.33094479060387955,-0.3850446282820895,0.39474083729094556,-0.19932126829068836,-0.28515270759383915,0.1901409432726089,-0.301213188720801,0.22661773668238006,-0.6699951854532896,-0.49375644518106976,-0.7642465349165947,-0.6653484097061308,-0.8011081004041377,-0.8408419002437181,-0.6153200175082721,-0.7616917460988455,-0.5891078222301703,0.5424719247856173,-0.20666069670408962,0.24647292824936312,0.7356363322099853,0.8954808605004613,0.915206513541508,0.93060929462245,0.8976841992420113,0.877777077492856,-0.8678627560372812,0.8358513171777439,0.6317897324820186,0.25728299573929864,0.8257334108491954,0.3852850888401261,0.8769847054965113,-0.7583378926275746,0.6185721111608027,0.47013651278074053,0.5893835542922352,0.5875484822115152,-0.664363149864939,-0.38657649331466787,0.38105377099425924,-0.6720455061971805,-0.6558857478698414,0.46067060346076777,0.5438261180100904,0.4094211999681473,-0.774988788977917,0.3817865894199497,-0.7669931710934254,-0.8310167471460077,-0.7400133461827788,-0.7800348803800885,-0.7589832319047046,-0.8229244560151603,0.14312698413149258,-0.36603580272132386,-0.001052633689286034,0.27783455599047346,-0.6816513564425855,-0.6495494136026043
-0.3734363520012467,-0.43432067887354703,-0.5404029700461982,0.10918787405127649,-0.48815332548518703,-0.35567543324374856,-0.5857610540225187,0.10878979701821283,0.23167876956756128,0.2166948529788509,-0.14893770647574747,0.05924160914839321,0.8587596049602827,0.90568201307756,0.0,-0.24135616637157767,0.7830868551655008,0.16105031226984592,0.9234370275944884,0.1746466264748249,0.8917238536808223,0.582753645955186,0.8899711275580194,0.1941174082877371,0.16607444283300843,-0.0655714941721398,0.16776777649384955,0.1356789105227207,0.8020420444805508,0.7918380998707881,-0.22929149000682325,0.21512052119738337,0.3036818309161975,-0.15563154361561213,0.43762368332628643,-0.7293521499611195,-0.5672313321803617,0.12044232969204555,-0.47673044731800207,-0.7030384656604014,-0.44762011360621007,-0.3234498202528289,0.39036365992061717,-0.17062683086116417,-0.288759428316843,0.09627407742129401,-0.4269478419606742,0.16687043229030304,-0.6628339594487616,-0.5419713622824425,-0.7099376965134079,-0.668905365602534,-0.7846931607771365,-0.8988034118754701,-0.5999597210500224,-0.7225538927153589,-0.626243217829693,0.4556855610370896,-0.24427950918367292,0.1374613419009437,0.676837904966379,0.850917900950907,0.9324296296881257,0.921025461522724,0.8941637775480998,0.8899191573497639,-0.9199475063519713,0.881467126149983,0.6927031460410654,0.38501128819200575,0.8476166977974394,0.4553978415884452,0.8706292002576662,-0.7055300353647913,0.6784041797630647,0.4900908740259769,0.6738757867749016,0.6511893205654997,-0.6385186718855959,-0.3875980220717951,0.43448432999934,-0.7600887195284655,-0.6435383182898222,0.48863508469002137,0.5642531153562101,0.3360360171417286,-0.7674906762191586,0.4847305718308942,-0.7899901953621654,-0.8818061146818947,-0.7355555952558291,-0.7882671398842149,-0.8003979135755708,-0.7471374106241788,0.16249324527808962,-0.3373984575733033,-0.0723153505548189,0.21904516330239981,-0.6649451871166523,-0.6890042231009023
0.732695419309365,0.8439640008285514,0.8113169357749577,0.3715483617519027,0.49942238039453657,0.5236275636432547,0.6953218918550341,-0.05467209520971319,-0.03210061608810203,0.5539690866459888,-0.407538007202439,-0.5298953887830811,-0.3121994414381467,-0.2200495479933931,-0.24135616637157767,0.0,0.11166643214642637,0.5607416381198361,-0.07506819979174506,0.5053500139544217,0.0194031837163478,0.10530097163806991,-0.0910888187745656,-0.1257856871848077,0.13399014299970605,-0.28456017455303795,0.8609931219612372,0.2967172061074403,0.2054633869462497,0.3258194772564517,0.6066585366218673,0.7166690995012217,0.8061483722382954,0.419656519929899,0.17995299253090127,0.5154845341025921,0.6945840781521859,0.7452932339494629,0.7964291462804275,0.5722965579427761,0.19384139345738968,0.7904510874353055,0.08672535859991262,0.8207717520663138,0.7875765299070276,0.3300023952854723,-0.04812567248097087,0.4017468036196022,0.5964549533368443,0.3178720757585035,-0.2170486231418267,0.6520739258058529,-0.15406435053266548,0.12979558023849616,0.40144670732978455,0.3357969127189514,-0.441387127297764,-0.712538601409222,-0.6289582370229067,-0.5877341390398975,0.2801490404618222,-0.3642150474818396,-0.2530132611059572,-0.20086674318782763,-0.32709219813925616,-0.3728235981857769,0.29303037175996416,-0.22319986173118647,-0.5411124428849047,0.09230254846184473,-0.4166117494519603,-0.21561580666319488,-0.0697110968454781,0.2292135344405882,-0.026302408104198774,-0.3459489468337089,0.15291289562788982,0.18952512640936747,0.5302975136918657,-0.6327959414057575,-0.13127042037105324,-0.030935142788796992,0.3699910095089846,-0.20390660328096732,0.5581909588275658,0.6446570928985593,0.5617485586161524,0.4711967001195826,0.5495624456347271,0.34163319474990267,-0.3664077897131085,0.33689097508018834,0.423734875083872,0.015995164619939703,-0.4971415381849118,0.8173359835152534,0.7184644199029693,0.5841238693282707,0.6276371968842259,0.43860605888450555
-0.25712441082697407,-0.2439367596325861,-0.3463161629068149,0.09803631335204725,-0.37405333281527114,-0.2051611620422378,-0.43117380157914703,-0.03515876374353411,0.12104679340466297,0.2631127010339944,-0.30502512271625537,-0.03673310713601193,0.6556446778026299,0.7195435315743555,0.7830868551655008,0.11166643214642637,0.0,0.5793826578254659,0.7502411607862453,0.27799382027218106,0.6714410780126217,0.7098262430087724,0.7455978316596006,0.3468097113322044,0.23375587229303238,0.010033454900160473,0.3705238306240862,0.5451454414283713,0.8844240121726059,0.7332137130149847,-0.17932613284432508,0.16515596021361237,0.5068532299049954,0.47951869104967854,0.6602787566192851,-0.4461247700744305,0.01845557054456752,0.15288455649643273,-0.22229376296104536,-0.5697596098576662,-0.48800482384125987,-0.02267419298737696,0.3148490105544868,0.024079349413295918,-0.19010725191937355,-0.037826109564647145,-0.4008695416536329,0.14381498310482993,-0.3857427182002724,-0.48468040526607636,-0.7200035343758233,-0.4081004410961045,-0.6844170252565807,-0.7868421839564907,-0.44776452545002104,-0.5299060571566016,-0.7332060973103378,-0.010147701336884418,-0.5465790134435224,-0.25952578461237885,0.6088634535559168,0.4914290312978319,0.5952038047868081,0.598397578182419,0.5704316793936347,0.5769148397517535,-0.6546826083260922,0.7100872609921968,0.5443580548284498,0.6023971868853679,0.6096022145924067,0.4749198992871676,0.7218612773988785,-0.4408562648739505,0.7017475426876544,0.3941110214186895,0.8619344812136822,0.7192044579977849,-0.5120378330917115,-0.6873838952918444,0.5674762195691386,-0.6763929732963424,-0.3490943680830606,0.5740835533048098,0.6736124037736246,0.44994816601312115,-0.31802347835983735,0.6998981755358006,-0.46618188488118556,-0.6018516768653501,-0.733616431595244,-0.6307533273850835,-0.5156569659202817,-0.6480495616796975,0.05070491666299787,-0.08915126490018693,0.029244957830330084,0.2188400776433658,-0.33124778705962016,-0.4908747960120197
-0.01035494119606077,0.35858581263720385,0.35808948927973033,0.1343596805865783,0.15728344839152078,0.5242726184485742,0.09354065575648404,-0.18247335511476612,-0.02163509126654316,0.5122231095887506,-0.15430777094261464,0.12208839352610887,-0.01774261548222,0.07453724270620715,0.16105031226984592,0.5607416381198361,0.5793826578254659,0.0,0.2025576563113527,0.025484004191941714,0.08952597179785292,0.5712272070369607,0.16024014518058874,0.4604344978713446,0.5565143418954358,0.28586722538732556,0.47350802209690246,0.6715769077581667,0.4598738906997518,0.346157713296522,0.3194335121970301,0.11710998218197673,0.4521538608897043,0.6209066760487949,0.6490502924775307,-0.01131907965113205,0.38592884731736876,0.15044816359938112,0.18100608887532335,-0.047488741843261406,-0.40847827449724655,0.43041357112457657,0.42987817184658605,0.29071143482795675,0.2080774175253941,-0.2814302115445547,-0.42752892986751095,-0.12669948073740916,0.09506522164962469,-0.2724414572659923,-0.23774519113260006,0.24743071941564687,-0.07580129743694407,-0.18272729104109117,0.27439265452561085,0.16970815407436887,-0.2789944099781771,-0.40570367586883194,-0.275154888257684,-0.2530308891848278,0.4329423393000306,-0.0630479916029575,0.044845901997332564,0.025264864221782136,-0.05642979570391355,-0.012927420667568192,-0.03530225394021824,0.23535734814376041,0.08960161791218181,0.6865513466501043,-0.013378450469816299,0.3874907784398934,0.21339962894872058,0.2730090476812842,0.4676771873147724,0.2674072442112103,0.573240642961844,0.5399947980632432,0.07556019611218355,-0.548145981427936,0.4638340879472773,-0.3793981623175107,0.31097860849096726,0.39633967612740567,0.5528731510889953,0.20173013090522518,0.1693689268788407,0.6254843055142327,0.07732272999197216,-0.0843717014613035,-0.352193776473269,-0.1442234780947043,0.2044131628882074,-0.035659487178581556,0.09185813719388082,0.3111479898072484,0.03470494974123808,0.011798713860315916,0.15659808884639798,-0.13165862535114498
-0.2950085694470957,-0.37452067003322476,-0.48573657662221353,0.15928382443287553,-0.4811068086379042,-0.3659109724595007,-0.5154403965160647,0.09885462438345795,0.21681522048767382,0.2464895826150796,-0.22692602689639987,-0.036586764443054885,0.8548119509556715,0.8971110908831316,0.9234370275944884,-0.07506819979174506,0.7502411607862453,0.2025576563113527,0.0,0.30749830681298856,0.8825340847089879,0.591207590853091,0.8898477669498333,0.154721632230119,0.15465886705766313,-0.13552949409696566,0.23679132639196782,0.18481641770518378,0.845971174139646,0.7960246652093443,-0.2912544156429618,0.2597815384610576,0.41744617177722587,0.06053779434808514,0.48230408515688483,-0.597451419063823,-0.37239103998586864,0.19807917921827498,-0.35808044781412307,-0.6287094809756916,-0.3856222500807837,-0.25391918396889607,0.29328740597711106,-0.10007825996138087,-0.2864852292647614,0.13593330600879697,-0.34625289956578303,0.2543139104893388,-0.5644148181896392,-0.4640408135216417,-0.779152356236738,-0.614999583751271,-0.8217864701653558,-0.8741090778720456,-0.6305205302951201,-0.7280161973661305,-0.7046445054754513,0.3431423764293274,-0.3849424592048618,0.01655343795947332,0.6877923628277979,0.7836360628571971,0.8411295002330117,0.8489914246233702,0.83002209431136,0.8271705178277181,-0.8557966179272478,0.836104504535121,0.6318965240081881,0.41861727692791356,0.8003159750448334,0.3869819688757816,0.8465172427903794,-0.7066549318833668,0.665761183750983,0.41598990760689897,0.7226875689594963,0.6333486103536219,-0.6177355909329911,-0.5137406127332144,0.4192711204281015,-0.7123343366284998,-0.6400103330499638,0.47505172610519286,0.5751392366089538,0.3934049118178903,-0.6152659029112402,0.48700769713672476,-0.6777075012073254,-0.8017830975036628,-0.7812844933605727,-0.7320491616987924,-0.7201648483102281,-0.7897235597101627,0.04367826389323105,-0.28378529239300215,0.003446989309614173,0.29465411316135337,-0.5460229991846237,-0.5909720896178418
0.637762561619526,0.348073030241171,0.21679317780829108,0.3843395312361489,0.0009209864686423845,-0.24107043289370345,0.3711495952565213,0.06193021770780642,0.008917688237064873,0.1725278269013704,-0.6381433038172215,-0.8762797569843381,0.20056921095745628,0.21276786003965173,0.1746466264748249,0.5053500139544217,0.27799382027218106,0.025484004191941714,0.30749830681298856,0.0,0.4025446143649933,-0.177076758752231,0.2637856543958428,-0.604388676063494,-0.45075344373161635,-0.7672812793855078,0.4833512257997125,-0.2363191457475848,0.26870968803635464,0.3429686941625192,-0.20051143044490075,0.6564470448190762,0.5805593901483226,0.203514679512342,-0.22299971548105527,0.34983510728332345,0.398256640911696,0.6919096665241197,0.4211045132457559,0.21495182540216373,0.49674240990240687,0.1623492877387999,-0.5012117134291083,0.42251734219572545,0.21325630496949313,0.7523247668289086,0.36889050897864145,0.8403884847875952,0.2973860972269393,0.487289013070863,-0.4089851473523356,-0.0060070946488467005,-0.5629433091544593,-0.1419584921370959,-0.4118950209797519,-0.34428240294807483,-0.608885298969405,-0.16386377153699877,-0.7624535948498735,-0.5503150506723787,0.06240591911569719,0.06245200571677583,0.03835489432603595,0.1448999410904178,0.15967819146630158,0.05368344415521963,-0.07775111354445408,-0.027801302831409795,-0.23090755508496813,-0.28387150722399707,0.09229303548270265,-0.5080460515799478,0.14892991682481002,-0.4870415097805701,-0.2030132143005595,-0.5129655573460532,0.03847853079790274,-0.1217533876599338,-1.2937427882790097e-05,-0.36346059033299977,-0.41433293759406925,0.09506081974738013,-0.4528725004353718,-0.378475728169297,0.1703666437185976,0.5887862005053236,0.2804193057198807,0.026332149669348975,0.18265485395905587,0.06859791002773599,-0.39728708942781193,0.1658974846528022,-0.12958152970501546,-0.44712315849133366,-0.7352392532806186,0.26531712557680726,0.6701859357617298,0.8066451512214932,0.287431739253276,0.38887758670041167
