0,1,2,3,4,5,6,7,8,9,10,11,12,13,14,15,16,17,18,19,20,21,22,23,24,25,26,27,28,29,30,31,32,33,34,35,36,37,38,39,40,41,42,43,44,45,46,47,48,49,50,51,52,53,54,55,56,57,58,59,60,61,62,63,64,65,66,67,68,69,70,71,72,73,74,75,76,77,78,79,80,81,82,83,84,85,86,87,88,89,90,91,92,93,94,95,96,97,98,99
0.0,0.411361156941929,-0.383763214577941,0.49391583614991474,0.5260015949902873,0.5087969136709151,0.38226489069720254,-0.26111124431059657,0.4199457796193422,-0.045522843784534826,-0.3484228914342818,-0.43808976933275495,0.3504107855888324,-0.34452318909413376,0.00977920057422077,-0.22791684401112436,-0.6265164900514518,-0.6083936626679612,-0.603865105979126,0.3596087759530449,-0.23630566320445975,-0.5451219540077771,-0.5249595442982949,-0.5829835329793698,-0.05015164839539399,-0.6032688458412298,-0.5126299725349318,-0.6626642786793165,0.4087850478873565,-0.7131391693215962,0.7644492405951212,0.677358822957555,0.4912417529614775,-0.42866030967038754,0.01543517256027425,0.7057629912116595,0.5252040615985398,0.5242590205546644,0.5443300063894136,-0.3210458664434916,0.6166226859086738,0.5059279795619862,0.6435864806308569,0.5171325308063494,0.5702833337692826,0.44700306249927085,0.5318710531009542,0.4863130544373932,0.63577608488406,0.5678733505956776,0.7963671916663665,-0.04989338790470608,0.3060465978164196,0.5722142775771986,0.4852243185875684,0.40907050231812336,-0.4069246285523225,0.05330159246981004,0.2772924898451483,0.049753244686770566,-0.45046718498019633,0.4746275524223427,-0.365093968664666,0.11069857335425162,-0.02021880969897607,0.20888064339132786,0.3685009140610857,-0.6794695272379428,-0.38967519958351743,-0.524578884554522,0.025748376670112334,-0.7133575109477382,-0.6318503578196004,-0.645792278565937,-0.6699402664884742,-0.5554371596154606,-0.6013055483324427,-0.7910318479597473,0.7249532342402896,0.6678752149834483,-0.6118044435896488,0.23800624365790551,0.424837185065413,-0.4657467473693158,-0.7623335706930274,-0.20671333567619815,0.619436570419833,-0.6007221363932777,0.5585955086910687,-0.541937791605027,0.723154022043579,0.687539583319643,0.7250742271987234,0.5174597561264302,-0.46637979641047633,0.5870268765864333,0.43393068436357907,0.439687463957807,0.6809690145977529,0.5799339636601889
0.411361156941929,0.0,-0.45577550790292015,0.5995537937377502,0.5290077823779769,0.45278135150103876,0.16061691975444264,-0.4002502451522926,0.11711007400493051,-0.5605444900156655,-0.6280877305645467,-0.6164649892942712,0.5367396098740445,0.30899934774795595,0.5383327699724412,0.13930726077241948,-0.2648556349651748,-0.2431983984106711,-0.0510860047702327,0.5996130370509674,0.4810376609459479,-0.17824905921839573,0.1423724177780319,-0.563865587733921,-0.5324330896258811,-0.56516416707532,0.037646366199497,-0.35242083319754336,0.5438054513450129,-0.10972356527213635,0.07646791121859471,0.5668871726969672,0.6451718037569792,-0.009403522090895535,0.31578493998840157,0.4029601898458469,0.6531163008877597,0.5688489895269452,0.5256746836068131,-0.6244805879332301,0.5238113655197679,-0.22768117380164374,0.4188378551269709,0.18523531033942464,0.5667819879073609,0.44190886060596024,0.580975827196951,0.5468477270537759,0.42447451532053193,0.4011343026159754,0.4519073890895444,-0.3089369489049306,0.4129744725482085,0.5549932195546876,0.26813466908782846,0.10626036144979711,-0.39070317642189273,-0.11581119946990694,-0.41206376787300625,-0.5664085163559449,-0.6338372013993899,0.3266472633849501,0.3205554572237281,0.6212706596779427,0.5286813227349858,0.5779641285223741,0.19461301214348073,-0.28832895156570043,0.131131144185953,-0.06672533261859023,0.5902698104769317,-0.4641311223315514,-0.1720607844324887,-0.45944683587528967,-0.6001429772886362,-0.581298038837167,-0.12625828693464627,-0.2839268375552988,0.39337973744997673,0.42500385371965965,-0.3573660585937023,0.5108620504146268,0.5729810956295444,-0.34054187247362716,-0.17164294059112664,0.30493459441886767,0.5737497649844802,-0.30401657974741814,0.6391686127976075,-0.6023431927582087,0.517058990048934,0.052134247626211744,0.4953226486679325,-0.2669699057632607,-0.601723618917155,0.2860763577717203,0.4035556327074106,0.505606052536611,0.3571857866463633,0.42629978614335295
-0.383763214577941,-0.45577550790292015,0.0,-0.3165722623067365,-0.06305984229203937,0.031478036171228296,0.3605182375338668,0.8412771184390763,0.42182468807060775,0.3864226853240472,0.8292078029374934,0.4512307717864006,-0.34363560558698353,-0.3886830667891267,-0.15776302780568557,-0.48504247706006914,-0.05203352190183747,-0.04638029976278496,-0.1760820427549365,-0.3760572398639123,-0.3141835934584837,-0.1027834714455383,-0.24208060653355196,0.3270498650929986,0.3000636427374405,0.43651769547788793,0.32749403233650287,0.12285359759373125,-0.1975021807622814,0.004580073404714871,-0.17510752965138732,-0.5994894454666793,-0.5751868435091404,-0.34352507112231806,-0.6250418417223556,-0.12675592153067247,-0.4587652930300626,-0.3423917497092732,-0.22957833514302756,0.4608474131406393,-0.3114955334894961,0.3165820235100773,-0.3081906586723435,0.14745989983773097,-0.4285990276723954,-0.05229626691011393,-0.32571280591012236,-0.2886142152870141,-0.10652789316868783,-0.05264219017078744,-0.4081016457795779,0.7892794541718968,-0.34663895961038554,-0.11774149862939179,0.31863056525101824,0.4239091673076417,0.8587282732227837,0.7497057515230147,0.41526288492503544,0.5129090567811476,0.633162037148846,0.04985656478088511,0.2725670741919102,-0.46004856014854767,-0.3934231713903702,-0.27695559084145505,0.32716070091721045,0.038634260309827986,-0.41972454184195435,-0.22135679143146436,-0.4491876969520218,0.2594591624932342,-0.08755453731163844,0.23966399011155645,0.5817207860344772,0.39698444591315135,0.5770370458690193,0.24035687768423883,-0.2902201753567887,-0.18462430060400825,0.049347903921095324,-0.712423926913243,-0.7273223828222688,-0.067918830727373,0.12780160340740726,-0.5603304583043549,-0.19582835594750111,0.009528880086574439,-0.303920794804328,0.6864935332543407,-0.3291224475486929,0.004198429725233171,-0.29245432340155975,0.17599435923015602,0.39991591082693595,0.05847614122356094,0.027424859331425456,-0.13583786045088037,-0.028494204027288746,-0.0615105204188587
0.49391583614991474,0.5995537937377502,-0.3165722623067365,0.0,0.7941102092201223,0.7087055558540973,0.4738934973600714,-0.26055002064387744,0.33463793236263334,-0.7732559628520851,-0.5184446264044829,-0.8659171035651857,0.7304317913544536,0.02573179057876382,0.6413267925777967,-0.3251999834769496,-0.6032323183313915,-0.6281878904207314,-0.3666857739263334,0.7612229618441804,0.47313065437416474,-0.6104496772573877,-0.01649944278735507,-0.8465524722365217,-0.7562532123679437,-0.8331739068537797,0.10387140750208458,-0.7167381447423098,0.7813710569644905,-0.3735796061739663,0.16144637651849267,0.7615302380967439,0.782198083801883,-0.38357311404962946,0.00574761076765588,0.5811236188425342,0.6704877584439632,0.8370679165603163,0.8006033957607605,-0.8771548161908842,0.7598027096184182,-0.018459818015286518,0.6650711361508506,0.5713990090750543,0.7788526354834779,0.775420113694821,0.770926832050087,0.812582924249286,0.6854543671763932,0.7240240699318891,0.48654779132637693,-0.22807035798557546,-0.11180432889750785,0.8112008274921707,0.40306848677794876,0.3436470500604004,-0.33688912939981464,-0.012809903590490649,-0.4353041122761542,-0.5912027858151577,-0.7680252179390235,0.6795035584881317,0.2860918252788531,0.5857171920990345,0.6112599141693713,0.7695711172193328,0.5293333713720918,-0.6107759991335372,-0.20288843709450144,-0.46179571984320955,0.6317019464292507,-0.7407286404544017,-0.5099348131796259,-0.7864881805333123,-0.7105861696894262,-0.8456656109986712,-0.10831043634978613,-0.534805433340072,0.6728231160665503,0.7381416973237761,-0.7018728116560288,0.1834825594041643,0.4167831727685464,-0.7381952402467865,-0.40722099221004987,0.02301456326360153,0.7007423856583117,-0.6890685711508064,0.6876119864677945,-0.7656418725650511,0.7037926838188083,0.07826929361925644,0.5953797219506378,-0.2233348574398726,-0.9086942334443334,0.614071032824992,0.7448176338706384,0.8042736995033095,0.5482486776145434,0.7217116430603906
0.5260015949902873,0.5290077823779769,-0.06305984229203937,0.7941102092201223,0.0,0.8270673503462412,0.713142318181535,0.08032877774397396,0.647054302493884,-0.5030400369568184,-0.2083944846324479,-0.6848830007647178,0.6113485093831431,-0.19846636985695748,0.5485436103184477,-0.513609297223999,-0.7225879539176444,-0.7253709179015809,-0.5540188154329756,0.6368964119279322,0.23163468838711587,-0.6896215615735064,-0.2667761241044909,-0.7713667381832157,-0.5450307392589196,-0.7041349310115916,0.1254827025090013,-0.7443153370503499,0.7435243483750918,-0.5044860780611813,0.28978586994498323,0.5927417393137077,0.5820822624372012,-0.5914236359134293,-0.21305178838915367,0.69883408975701,0.604880835860254,0.7449898880708516,0.7803995229093265,-0.6383001663645694,0.7257776930298223,0.255721641249479,0.6547985143269196,0.710120787920823,0.6712841692544513,0.7963767840305686,0.7213472943913384,0.7373944673289219,0.7633373964764988,0.7854588978197485,0.5354670354535587,0.17207952916862715,-0.005507276963009217,0.8500086617855117,0.7108253277729428,0.6480375419523042,-0.017947215148444787,0.39914747229253983,-0.10344768712292082,-0.29355583751906533,-0.5242866846260421,0.7593516416951923,0.3623558831738458,0.3808195893057341,0.35832937967429046,0.6337336055755022,0.7349860336211941,-0.7094726380051598,-0.4508376965317879,-0.6278167262044813,0.3859358769257913,-0.7337638665172191,-0.6508443029423278,-0.7617722029401127,-0.5764526691518442,-0.7235686410524674,0.009238618322381202,-0.5738420988758616,0.6643089761915877,0.7701621968581428,-0.7698889321687895,-0.013668441028515404,0.21760710063013614,-0.7990340635726312,-0.5198421727534648,-0.2517109152926243,0.7660373596704196,-0.7548396849317173,0.7108851311135037,-0.5075083873666232,0.7098284857754636,0.31620123847617204,0.6578763283626833,0.031482694459315626,-0.7167962268760694,0.7427936080491051,0.8050953305686798,0.7894311609440171,0.7066653085580458,0.7920656969018266
0.5087969136709151,0.45278135150103876,0.031478036171228296,0.7087055558540973,0.8270673503462412,0.0,0.79658136085011,0.1664541428333676,0.7168136765008385,-0.39618782327860796,-0.053175763764240866,-0.6018987218789815,0.6498733944761983,-0.15689974463266157,0.5891407786129803,-0.5456585612768421,-0.7038190920963321,-0.6993556538148405,-0.5544815661113428,0.6436384903013633,0.19043807960565823,-0.6608220771641733,-0.277781780279354,-0.7104543860371448,-0.48802870185610303,-0.6386318911915468,0.2522640695094193,-0.6938893508471944,0.7770606673854739,-0.4715534919513451,0.3852264278541342,0.500149542980935,0.5098206552486323,-0.6036505971270207,-0.21481999385909345,0.7493119081807511,0.6308826497730318,0.7042747546781782,0.7733879308290521,-0.5355634915672048,0.7339893341844222,0.3151174286634169,0.6901776551640357,0.7840826521637496,0.6583514039078224,0.8134442556777168,0.7281325470037252,0.7295446767015887,0.786243656453399,0.8046026169026833,0.5191913241429694,0.27129517494437333,-0.028210123368228177,0.7994045769981737,0.7720322791023937,0.7180004916210162,0.06796297992424431,0.4939885635931506,-0.004722209886154616,-0.20893034972607558,-0.4424706997446114,0.819105648296097,0.4726711271980856,0.3840187258265415,0.32633013605679584,0.6268441784139248,0.7832475928202078,-0.6790234907023579,-0.4855044710685611,-0.6317958215579546,0.3397888289925828,-0.6719820985798359,-0.6460168891988667,-0.7265455823603622,-0.5067525852817557,-0.6625560076715872,0.21741394314021886,-0.524743644160822,0.6911754048581171,0.746977219200139,-0.7538600825365664,-0.04848284300392944,0.17182644351718918,-0.7780308019610424,-0.5112911357636986,-0.299166379855623,0.8067186913379146,-0.7192030870836389,0.7578268409252351,-0.39757204264466334,0.6821763660079373,0.3745267735228548,0.681116728826477,0.11209088107822489,-0.6049937162049969,0.8040035659125404,0.8272708326138433,0.7966010075552059,0.7622873640560855,0.8096998202037831
0.38226489069720254,0.16061691975444264,0.3605182375338668,0.4738934973600714,0.713142318181535,0.79658136085011,0.0,0.5068462334322767,0.7473191167515115,-0.09023445319973729,0.36007879123905207,-0.2490589518796398,0.3383017145116468,-0.37913148535028474,0.3160789678726375,-0.6932411007726811,-0.5924860539392917,-0.6018024974789737,-0.5585502878086005,0.31223376246015067,-0.07471195897042361,-0.5934417696585025,-0.3790705253936314,-0.400316475546015,-0.19885884962571918,-0.30162990471773193,0.3280261207235789,-0.5118154400617726,0.49780248955816736,-0.4197989406824648,0.31641453160426064,0.15480818256857967,0.12826970727636455,-0.6587249836586997,-0.4521733979200112,0.5434750352117709,0.25958621613076754,0.3935866260029956,0.4965629307879671,-0.18266051622419086,0.444957943284088,0.4822768906436231,0.45257944755105345,0.7402108118032021,0.3357974774764141,0.6156010726818236,0.4171878960417532,0.44488788966586595,0.5842900189708846,0.6182098261422201,0.25125716250647173,0.5514225715654297,-0.24240676078645076,0.5588522715229821,0.7245835799343037,0.7579176542571058,0.4111466490903733,0.6953529686164077,0.2573408403206973,0.1354915928202958,-0.04797389537158721,0.6819418161668004,0.37638418973378335,0.017683761166641852,0.026383448472785634,0.3288671887076758,0.760994081391193,-0.5489604683770313,-0.6156096561506503,-0.6428322058341703,0.007550407044164246,-0.4178416520917604,-0.5827479081792648,-0.4802200589513513,-0.12948069745920687,-0.3299377568655316,0.37426639393534106,-0.3478484905543596,0.4762830238671248,0.541287557542352,-0.5875484663915651,-0.40214972520911124,-0.1998481699504201,-0.6394809392788054,-0.4003652703434736,-0.524989975776823,0.514830928946561,-0.5834325554163974,0.40444497970545523,-0.009432039930310296,0.41816109229903525,0.35608198930962687,0.4100490709972586,0.25367069317206176,-0.2619231097482832,0.6923674690182057,0.6621483276774984,0.5577056317537075,0.5936234437922604,0.610348327375548
-0.26111124431059657,-0.4002502451522926,0.8412771184390763,-0.26055002064387744,0.08032877774397396,0.1664541428333676,0.5068462334322767,0.0,0.46793780437044574,0.27025121948593267,0.7914954347389848,0.33320840932951074,-0.3063847145233003,-0.4774707518034986,-0.14149550553225598,-0.6015348021681117,-0.17094182347633655,-0.1801751302196129,-0.2775786362186397,-0.33233318641667275,-0.2971328324706128,-0.2604539018574674,-0.29709128790615036,0.20584587522935127,0.20082765782920609,0.31840866163739234,0.2784629776012525,-0.018326928838790925,-0.1431735680135247,-0.0916859539948881,-0.20707762229156793,-0.4916911609101172,-0.5018254905707364,-0.46020208977872284,-0.7289057616209005,-0.08163875317284469,-0.44860004630839895,-0.23259922261261645,-0.13572537791273345,0.3294904937687699,-0.2372798547404284,0.34484636846152694,-0.2430797179009976,0.2341288633810649,-0.35598512500246304,0.049501705372177296,-0.26669689671328045,-0.20719994039422276,-0.02460375162147336,0.04760931869482303,-0.3748485825252261,0.7800627002492462,-0.4761759861134393,0.007045814568358314,0.3657328414629796,0.4852962415874602,0.8497122418887589,0.7651803202163594,0.36228912123416224,0.4708102476155224,0.5568131619526426,0.14136493909195724,0.229478181419087,-0.4469303710291666,-0.3559461266472846,-0.2114964561730317,0.42223635304103,-0.08401450112777556,-0.5110117003546847,-0.34133828406688244,-0.4121728066462502,0.13856475930402173,-0.20728824865710177,0.11549194447732816,0.5152318244510515,0.291477183765529,0.4617075520617798,0.1343254456109528,-0.22800704889075382,-0.07740607740338994,-0.07066940581103907,-0.7772534775671587,-0.7509721702106362,-0.20274742668722187,0.050929237953729244,-0.6309943069375035,-0.14906635912337804,-0.12961367660577405,-0.28775595345618765,0.5981702098295527,-0.2409861116799701,-0.013921811757288575,-0.2621118793372996,0.14435597691525962,0.2550590960194377,0.1418515815759773,0.13547208771316166,-0.03943979289923419,0.018635900694529185,0.03293427739110966
0.4199457796193422,0.11711007400493051,0.42182468807060775,0.33463793236263334,0.647054302493884,0.7168136765008385,0.7473191167515115,0.46793780437044574,0.0,0.13158438405956474,0.4224415010023501,-0.11819074331334602,0.1741957420044428,-0.5527652109072179,0.10803768818745232,-0.7075654157438244,-0.661530726959594,-0.64332506331333,-0.6924666851435817,0.15006754151086815,-0.30942604088946574,-0.640131671945174,-0.6026930683527228,-0.3413332311922956,0.01972374837092516,-0.2426134117494763,0.04048983841016264,-0.5407636768101102,0.36750736721651317,-0.5726427358212954,0.4173753602416881,0.08696001077078554,0.002788140314682796,-0.7494263400312307,-0.5806827266255884,0.5872000818127775,0.1843602610865595,0.2921025061000218,0.4263129182669651,-0.02558140406566873,0.3755345837976414,0.6436623618507127,0.3722856090721554,0.6926275017416439,0.2212268930284892,0.5185197986857156,0.3134420071062344,0.3146429362980394,0.5806128835446882,0.5884970611255742,0.3290843305744577,0.7274485462641754,-0.05811223695201551,0.543468662620853,0.8559739473721798,0.8510660386685778,0.4864535294103591,0.8303642368501106,0.484143543840429,0.34296307806203613,0.08008105591848665,0.6219447863449661,0.21818150509175446,-0.1722350515392244,-0.21457039302234512,0.13732834732752494,0.7782154375468918,-0.6156081499173376,-0.7399595921001566,-0.7149922402249302,-0.21815491660048356,-0.4535221022189647,-0.6729570686811527,-0.45082021143008716,-0.1193414203256218,-0.24637904385441603,0.18570816765796389,-0.45299842739686186,0.40968231132631616,0.5097877199306102,-0.5985906407626249,-0.4404382752003476,-0.2752937281460905,-0.6171371874722177,-0.5367412346330125,-0.6829522424856467,0.5127255104003084,-0.6039314541945761,0.38372427812816007,0.09873387861821978,0.41996628145117076,0.5369401419259598,0.4518409465855619,0.4655375093788637,-0.16512219896251412,0.6761699002531615,0.5825735284835392,0.44301017048743774,0.6573717709057518,0.5904593850483516
-0.045522843784534826,-0.5605444900156655,0.3864226853240472,-0.7732559628520851,-0.5030400369568184,-0.39618782327860796,-0.09023445319973729,0.27025121948593267,0.13158438405956474,0.0,0.4705519579693101,0.665315161483593,-0.6065555996203512,-0.45532490013418037,-0.7232516929180078,0.00551626924501853,0.0831301592468231,0.12325636638997459,-0.1817071212668838,-0.6298110828059228,-0.7877326230290298,0.14058837144239983,-0.5099470475073459,0.49367939824125556,0.8311228071127266,0.4898033530020293,-0.49093466190875096,0.22831134279588317,-0.54528542459632,-0.2190093989951108,0.3975580142589138,-0.40965427560033285,-0.5842511658890068,-0.07109719138795402,-0.20313540392100465,-0.07300691423302941,-0.41547231985347644,-0.5436688735983433,-0.4634302744928232,0.7622578963855312,-0.3908824805014199,0.5239192103957185,-0.2751899285938386,-0.1483498997423543,-0.4846937845438809,-0.45931131574055856,-0.4731726613254646,-0.5443849235921417,-0.21824506515513517,-0.3030699889002322,0.025416670759790518,0.45700735468774834,0.3198010566303956,-0.3931324667850623,0.09466111221616065,0.1134845568921881,0.28290439028989045,0.28974181565254564,0.7965891260584488,0.8005311109475115,0.6164966826032089,-0.30748666231926547,-0.5407787294231837,-0.6964942053079292,-0.7915290982307462,-0.7211181316716156,-0.14594641014981077,0.0741903857146052,-0.24728295349087243,-0.025177869292841625,-0.7789090591248629,0.24460314687300436,-0.028236189365635312,0.35576072238324774,0.35484136179395315,0.5348956725943866,-0.2554973749102839,-0.02954941112857411,-0.21807334288460417,-0.28352222436992186,0.23138914040918943,-0.21564318776548208,-0.3098948874827214,0.3512482993691271,-0.17867513176604316,-0.3771024604017122,-0.2766455804213119,0.22133563841584955,-0.3477017951282364,0.5523282856873891,-0.22036191608815817,0.4866795225594505,-0.10741041002259093,0.6965646664661829,0.6663728180134524,-0.1571523472179031,-0.4161884952981354,-0.5210385588275568,-0.01850446410049015,-0.2910317122758063
-0.3484228914342818,-0.6280877305645467,0.8292078029374934,-0.5184446264044829,-0.2083944846324479,-0.053175763764240866,0.36007879123905207,0.7914954347389848,0.4224415010023501,0.4705519579693101,0.0,0.43196791415431074,-0.3265055836979803,-0.4134022749079427,-0.232738344407075,-0.48802121085008965,-0.030908661486932887,-0.04718174605616175,-0.18453752215344432,-0.3812864842684963,-0.372343338544889,-0.11034105349461144,-0.23735317252559476,0.32822407948516147,0.3105197507986159,0.416760806346918,0.23540898927134987,0.10850429215170562,-0.23554045991127565,-0.013615352604835401,-0.11386791226809291,-0.5351186292119016,-0.5564409204743684,-0.31487506554295736,-0.5788783095317558,-0.16158718298759772,-0.493293499008102,-0.3413613809986704,-0.24811014202374287,0.4630002420985782,-0.30676764582300087,0.32138008136052804,-0.2582656864411945,0.13835943692150637,-0.4044714661611375,-0.08148169182742472,-0.34303882094098853,-0.29065622419449616,-0.13198713476649096,-0.07842473549952458,-0.41272032742414516,0.6528948846426712,-0.5230024142358215,-0.19303428025764496,0.1683598248215631,0.3238248626665234,0.7072700246743289,0.5720426138656103,0.40741602029674573,0.5282749495766921,0.6052237523204096,0.058840242270168326,0.10130885712048589,-0.4996833716977138,-0.40022749111010636,-0.30317862210089147,0.2432821224325781,0.03824665666122704,-0.40614739919579934,-0.22881759653288963,-0.4798920674235175,0.2595545996582254,-0.07584966646682507,0.22256608420440924,0.554488986361448,0.3901402642765921,0.4390539039593496,0.19192133937975062,-0.25648554613532515,-0.1875455911660625,0.06590899247848339,-0.7164961109969892,-0.6996389650526489,-0.023754230644186972,0.06831446819341493,-0.5241871892653261,-0.26315699852011415,0.010215947079656435,-0.3826139141863581,0.618675000772728,-0.33000071313177376,-0.003254119101706809,-0.3029869235857092,0.20658164530904632,0.4022022393499494,0.032935786541101734,-0.01678040941254598,-0.16654776960936582,-0.08513158675375246,-0.10025093169548245
-0.43808976933275495,-0.6164649892942712,0.4512307717864006,-0.8659171035651857,-0.6848830007647178,-0.6018987218789815,-0.2490589518796398,0.33320840932951074,-0.11819074331334602,0.665315161483593,0.43196791415431074,0.0,-0.8567040552185358,-0.2752321339524168,-0.7678827127602122,0.1276849672675039,0.4669542142678462,0.4929702126476132,0.18278332145308254,-0.8751131851159079,-0.6488465582437817,0.4557335217011168,-0.1884946005038538,0.8498558451970499,0.8636738514861474,0.8649943577469222,-0.19334832158902654,0.6262328557400504,-0.8276377730689305,0.2159111043687019,-0.12097175669834932,-0.8238566339769046,-0.8873044485806032,0.18878797608303075,-0.2516451588673026,-0.537985613745564,-0.7789500061789185,-0.8713360405354957,-0.8122085213332414,0.9548529615792601,-0.7900385102550129,0.21367263830775593,-0.7019656542671827,-0.4799400884016407,-0.8498187702460832,-0.7462790923505054,-0.8254375426682928,-0.8600043093081574,-0.6379412898049927,-0.6701473311667383,-0.4862816483217073,0.4680229142361629,0.07635200972844054,-0.7437582583026855,-0.23740841873195423,-0.16457978933415157,0.5332068514726798,0.23710172506495286,0.6092980060206179,0.776979874055422,0.8946163006598253,-0.6321411646852702,-0.3769816289229398,-0.7767898020787731,-0.785513881133017,-0.8697967549695431,-0.3922482955995013,0.4864992755351987,-0.011127995343761115,0.2911248655999649,-0.8046965570873973,0.6803363355094113,0.3573516505116043,0.7501187691742011,0.7795823133719314,0.8821863938492314,0.07155258826810366,0.44364028732819805,-0.670541692116451,-0.6982490304854962,0.6185144231326937,-0.3889962031697228,-0.6007392722020144,0.6325242024431443,0.3043144378954661,-0.256787290839077,-0.6945055268321398,0.5809071642328105,-0.7500382868499781,0.8791843304525496,-0.6879501987768383,0.03271851055083664,-0.5957411990148858,0.365929470000931,0.9250743051282497,-0.5317307168839736,-0.6937025071241278,-0.8090427474657871,-0.47823092803554884,-0.6689789501385851
0.3504107855888324,0.5367396098740445,-0.34363560558698353,0.7304317913544536,0.6113485093831431,0.6498733944761983,0.3383017145116468,-0.3063847145233003,0.1741957420044428,-0.6065555996203512,-0.3265055836979803,-0.8567040552185358,0.0,0.3704739464413897,0.7286543902408411,-0.05582025144224663,-0.25182580538116855,-0.26729748887750393,-0.0364718223568645,0.7540616917771502,0.5382753610183908,-0.1776606260850662,0.2628254240820148,-0.5533763876240176,-0.6439789734944542,-0.54961188204505,0.4565065131144543,-0.33177521047327535,0.7091145854562773,-0.0035409046607716497,0.15180915037050147,0.5052737091060873,0.6299969164584239,-0.05082315688518008,0.3537029233971661,0.4297947581378021,0.663652269264676,0.6142826443260203,0.6022556433182851,-0.5752373732351805,0.6162074595589828,-0.21295800815174062,0.6417716956207992,0.39156322199755017,0.6655470442104798,0.5887781985143047,0.694138086298562,0.6823581360164988,0.4814905224035004,0.4896055784436963,0.32603309773764244,-0.2863574643335249,-0.03215855814356626,0.4634195972143279,0.1978297415582632,0.14660761531697528,-0.3479104017819091,-0.12206502159775443,-0.40063033443216656,-0.5636610471024707,-0.5990963769341294,0.5749112875703096,0.5771022264526011,0.6878303286065212,0.6600606215474657,0.7333210390656173,0.3007193588176269,-0.2540575019117323,0.08197211645861946,-0.1362193289483315,0.6473434902871315,-0.3591521779901243,-0.15321218789278226,-0.4643677214965872,-0.4997195038142594,-0.5927293766267479,0.24484923207478787,-0.18572475972321567,0.5352564160778267,0.47508016243233686,-0.3886565041050996,0.33093118631507384,0.5094929241427281,-0.38053365642919923,-0.15569724804212662,0.28503894768775795,0.5587504921131746,-0.31999072489321895,0.6317013076602908,-0.5481208577553258,0.4781087467574184,-0.0003049729653566062,0.49934366138642977,-0.2786649078108571,-0.49579972439407266,0.4104621985888732,0.5363469384165981,0.6286590526256457,0.368742653752524,0.48609847965912234
-0.34452318909413376,0.30899934774795595,-0.3886830667891267,0.02573179057876382,-0.19846636985695748,-0.15689974463266157,-0.37913148535028474,-0.4774707518034986,-0.5527652109072179,-0.45532490013418037,-0.4134022749079427,-0.2752321339524168,0.3704739464413897,0.0,0.5245067671518611,0.6197958310238464,0.49706239157925286,0.494189407309507,0.6806478254907663,0.37705605173678586,0.7078926130766814,0.5760115820516127,0.7757225607744763,0.03787679152015636,-0.41236045895422424,-0.003482319275897956,0.5126726734845014,0.39915896823767133,0.18235001983856558,0.6502054570249329,-0.35804609393695996,0.0622177254445516,0.3152113078981226,0.6601934369029545,0.7297822896012292,-0.2276198238237027,0.32618153467937966,0.07479441683983173,-0.006648030346105706,-0.24349948813673902,0.019343093912778463,-0.7479873342869173,-0.011119050741772288,-0.3461577884826032,0.1633790236299564,-0.06236555928480441,0.1598149574384475,0.13349519893351175,-0.20350230292050153,-0.20932177305924687,-0.14942023697959225,-0.6043662022633884,0.22436860304893286,-0.1724660284253384,-0.4360822295871552,-0.5156308374693053,-0.40407600037588026,-0.5473784376492071,-0.6565779449034347,-0.640967158759117,-0.3256068878316323,-0.16974677045209693,0.5451569206443758,0.6878479200342213,0.6272615652895622,0.39037383936713377,-0.40077760277422453,0.4826429994864952,0.736802617484001,0.6201737434789298,0.6327167899589374,0.29044487886307013,0.5820449764648956,0.20836081269881904,-0.07636474279788077,-0.06225192614892669,0.38521371267971893,0.4648774684375665,-0.1152319512355177,-0.21965045834284,0.340385378135639,0.6138246601342482,0.5004462128171284,0.3193211439730417,0.5226739182641085,0.7877564830076754,-0.007144749749784647,0.43135845869016076,0.1786745370676539,-0.24401903194094815,-0.12635483712559029,-0.4938184827066927,-0.08780778328763368,-0.6445751323780422,-0.055748339151517695,-0.3117016885409941,-0.13123575325326595,0.03479711205037577,-0.30275875390470536,-0.20187129694403172
0.00977920057422077,0.5383327699724412,-0.15776302780568557,0.6413267925777967,0.5485436103184477,0.5891407786129803,0.3160789678726375,-0.14149550553225598,0.10803768818745232,-0.7232516929180078,-0.232738344407075,-0.7678827127602122,0.7286543902408411,0.5245067671518611,0.0,-0.026387250097786755,-0.06346830259295197,-0.08261264739230895,0.19596139214159458,0.7124955048769906,0.7590744999288218,-0.03611052435226969,0.5103992426899524,-0.41442419072278824,-0.7516258180173986,-0.3798399938453012,0.7896200600047739,-0.1342659534716198,0.6625065690845191,0.28714085286906504,-0.2267315804240092,0.27424539045334956,0.5120197891720655,0.059214992452034175,0.28828754143807905,0.20594273412822842,0.5430128187910642,0.5051807726769514,0.4883836082309017,-0.5735520243051258,0.4412304764178753,-0.4363192488574907,0.39312700130532297,0.27947009739860557,0.5077404168045909,0.5295897509475328,0.5561280708575228,0.5831417089667401,0.3083037446803684,0.3647101789473615,0.0164322353138088,-0.219164278719926,-0.13777100959938798,0.3817422993323687,0.13086254069165193,0.08353411295916258,-0.1038184741693999,-0.035408458119211304,-0.6039775656481018,-0.6758289191445578,-0.4838720731785975,0.45748487593527787,0.8801237646629171,0.7582798364253304,0.7735145427247282,0.7715161413340684,0.279074238562765,-0.03340211006067776,0.2130918413734838,0.029972161771279204,0.7476556860187121,-0.14179242281497378,0.05237337479799752,-0.28551241582682296,-0.26225082822703005,-0.45486949992156345,0.6390560153617242,0.13234666601158468,0.2880905182084567,0.28644988699404716,-0.2251746226795706,0.22950168161294132,0.332080577026415,-0.32123164504156243,0.18953089789919209,0.35083740873577507,0.4177551069600374,-0.15506215402178242,0.5188843233317919,-0.36368282831894666,0.24869802769241206,-0.33173119520035166,0.240652529666628,-0.5738626179559024,-0.4405621409979044,0.27647337047623755,0.4960825538863474,0.580270008572581,0.1630288549773394,0.35853262225644317
-0.22791684401112436,0.13930726077241948,-0.48504247706006914,-0.3251999834769496,-0.513609297223999,-0.5456585612768421,-0.6932411007726811,-0.6015348021681117,-0.7075654157438244,0.00551626924501853,-0.48802121085008965,0.1276849672675039,-0.05582025144224663,0.6197958310238464,-0.026387250097786755,0.0,0.5399220692076967,0.5665988268403687,0.575693236895305,-0.0020675495792176965,0.23591993942542783,0.661528961626262,0.4461406424978392,0.23597979455441506,0.09422174779219851,0.15105358097235796,-0.15659591502420112,0.4640331791358303,-0.21993619037093293,0.4223467183189244,-0.09016639564188056,0.040750807635556816,0.11635190184267422,0.716391680436107,0.7519816463634685,-0.2702691343276063,0.14951927775241075,-0.19207033027961737,-0.27566114845448597,0.07796550105735016,-0.18010019423421125,-0.4926288264383486,-0.1649942531532135,-0.5969481649664939,-0.06406181543834504,-0.419990430534124,-0.09628266461889294,-0.18959371971584263,-0.3575754604479426,-0.4365577529094433,0.05039199571220845,-0.5986652172789265,0.6731043782667668,-0.3492931956791479,-0.494689751127097,-0.6380216521411223,-0.5445514307325993,-0.6492705229389796,-0.27489020541148584,-0.27127719216706714,-0.15374898502399453,-0.49602074137293584,-0.09979823126252414,0.293960936515438,0.15925131148513788,-0.08752777506801968,-0.6646491948943919,0.47325597380162404,0.7058231288462895,0.6659393566613131,0.21235780439303323,0.3143991020757986,0.5524710125348944,0.3518890822137203,-0.08631820653287395,0.15356116033117342,-0.25125488514574235,0.28262330376856576,-0.22171793964539682,-0.34956180373898693,0.48065443768707883,0.7436655762258065,0.5587648354100825,0.5864867940719211,0.3245984486242875,0.7086650215987622,-0.1812263795639954,0.5461914096169657,-0.03232849586954963,-0.15081390112178764,-0.15181706817444,-0.16356287432424182,-0.09431920158324804,-0.22454252854843443,0.2017097820098515,-0.5083821048056945,-0.4783256737348374,-0.33432542318331615,-0.35169710130751236,-0.4131913589939035
-0.6265164900514518,-0.2648556349651748,-0.05203352190183747,-0.6032323183313915,-0.7225879539176444,-0.7038190920963321,-0.5924860539392917,-0.17094182347633655,-0.661530726959594,0.0831301592468231,-0.030908661486932887,0.4669542142678462,-0.25182580538116855,0.49706239157925286,-0.06346830259295197,0.5399220692076967,0.0,0.9258999456436541,0.913384411763309,-0.36395304449204713,0.27510637579880537,0.9281675694056765,0.7267521108975336,0.7039274379489293,0.1922684454052658,0.6476026124328692,0.2685901628624158,0.9046058295512459,-0.5611399548546779,0.872780151539451,-0.6112965062913978,-0.5289752544262092,-0.354878949428776,0.8831362359441838,0.52933414957322,-0.8119903131334152,-0.40018699626845416,-0.6220291672788798,-0.7087081328492706,0.38970471769058146,-0.6774147095388418,-0.7070988813860746,-0.6583773929136952,-0.8525789338535926,-0.544471372432552,-0.7295895884448201,-0.5693565348560717,-0.5910873095302336,-0.8277423681594015,-0.830510558077889,-0.6377619242147217,-0.44671294499258474,0.10902431133320889,-0.8116610667192211,-0.8617132995568875,-0.8543198226550903,-0.10871691145414861,-0.6015646740927999,-0.35695843794157806,-0.14626456622642345,0.30672311302377975,-0.7961562256436677,0.07227273850855626,0.06583513946499765,0.0799864729764922,-0.3054214190535807,-0.8485550129799878,0.9223601507896343,0.8225440566991011,0.9167005775093144,0.0618777781764205,0.8413049724920583,0.9310361277500446,0.8160568785195582,0.526949774376222,0.6193376160855041,0.2656351113272455,0.8459022490411046,-0.7299520117946698,-0.8291226020866042,0.8890403647713077,0.3030662551979569,0.02962991923657434,0.8629467509722648,0.8511326047502801,0.6683657241181675,-0.7168968217930232,0.9201088073713644,-0.5721225861886778,0.3511102513356825,-0.745139540018541,-0.6644090548727433,-0.7059955358852207,-0.50528547412983,0.5731194384450113,-0.8637943182431964,-0.7664494503309551,-0.6681697302115936,-0.8541858360510296,-0.8303286827455115
-0.6083936626679612,-0.2431983984106711,-0.04638029976278496,-0.6281878904207314,-0.7253709179015809,-0.6993556538148405,-0.6018024974789737,-0.1801751302196129,-0.64332506331333,0.12325636638997459,-0.04718174605616175,0.4929702126476132,-0.26729748887750393,0.494189407309507,-0.08261264739230895,0.5665988268403687,0.9258999456436541,0.0,0.8809547584690799,-0.360031483310267,0.23557366730299412,0.9398286617761824,0.673126011146579,0.6968291205440362,0.24352414531660957,0.6444432585407813,0.20734038195800925,0.8945897386315127,-0.5580279151200465,0.8314720167497853,-0.5449593432484624,-0.5179641002449865,-0.3498669233092681,0.8753515522191655,0.5560031439782939,-0.7534396145282111,-0.34928975863294637,-0.6204393674459724,-0.6943371738233151,0.4215627900299204,-0.6554476613118588,-0.6671678864308719,-0.6338340278318552,-0.850215214694363,-0.5354705552247215,-0.7283603258721545,-0.5458939785132472,-0.5872242021167852,-0.7915344476339012,-0.8135226430389658,-0.5583521301290475,-0.4030641819047671,0.25977499767348805,-0.7821968890305226,-0.7805346177325618,-0.8076180399140016,-0.10798774611770559,-0.547319490688368,-0.29490323520990774,-0.10936105887164035,0.3107355401442377,-0.788507911648135,0.076561680857701,0.06922719473356015,0.037701994554620734,-0.3241149714834648,-0.8348094994054106,0.8957781542586095,0.8101594592196508,0.9098861961284611,0.03282794859418276,0.8153702998655271,0.9036934265877139,0.8082985545831073,0.49383362837447364,0.6171197103311102,0.23108307154342078,0.8069059208607118,-0.7166093516055713,-0.8087592726098165,0.8711341105549023,0.36269369049400296,0.07063956906890376,0.8688071635645792,0.7971972387045484,0.659823814768222,-0.6572873701378551,0.9130956579031488,-0.5113211417982658,0.3552126285721891,-0.6996162736128593,-0.5726205967136834,-0.6407980973097603,-0.44146998395258485,0.5966711394100347,-0.8437453907972818,-0.7641249057335516,-0.6693381329408772,-0.7932247052178034,-0.8069798870639626
-0.603865105979126,-0.0510860047702327,-0.1760820427549365,-0.3666857739263334,-0.5540188154329756,-0.5544815661113428,-0.5585502878086005,-0.2775786362186397,-0.6924666851435817,-0.1817071212668838,-0.18453752215344432,0.18278332145308254,-0.0364718223568645,0.6806478254907663,0.19596139214159458,0.575693236895305,0.913384411763309,0.8809547584690799,0.0,-0.04904788362890962,0.586634192615261,0.8217445175139504,0.8773059160933553,0.4438926025882233,-0.15322551992906608,0.3923028992017152,0.44892454419676425,0.7467141288368415,-0.26705247061822435,0.8875483602382869,-0.6749093750743038,-0.3123379707092732,-0.06628572172262524,0.8576007606566656,0.6122796959828345,-0.6784814174767501,-0.13883340309107015,-0.34289088046404786,-0.44831911125825796,0.05628515783880199,-0.4386042471549426,-0.8617316125785153,-0.47496851404933416,-0.7147588768094371,-0.28165160224123376,-0.472516417167282,-0.3005647070459062,-0.3016210418366201,-0.6419622972424149,-0.6273536899159481,-0.5439783064755525,-0.5874811818452578,0.0868097404430861,-0.5711285786429707,-0.7837826636663662,-0.805038339642627,-0.22577532412166365,-0.6493060341883257,-0.6390670296985129,-0.47003829992692325,0.01820957793429383,-0.5920106083960861,0.32297843533619947,0.3823210168085261,0.39815421683809904,0.029395085849300687,-0.7152750336763862,0.8205950454917482,0.880437117905731,0.876889860667722,0.3919810779341102,0.6656337073943368,0.868881298759285,0.6012584279625324,0.32192732022125997,0.3418692072416552,0.3749760566715154,0.7819090228326819,-0.5588624000334502,-0.6337833243358703,0.7262498035675816,0.4342363015445003,0.20577776553034352,0.6566358402289096,0.8423058542239307,0.7921618724243582,-0.4878595862008597,0.7672831558210356,-0.3180655283675356,0.09090988455740545,-0.5638336855102069,-0.7629071806175017,-0.5529572023558171,-0.7351938596739598,0.26125969510395713,-0.7148826563672472,-0.5288394114595931,-0.3873028175287935,-0.7340311516858468,-0.6282935880875098
0.3596087759530449,0.5996130370509674,-0.3760572398639123,0.7612229618441804,0.6368964119279322,0.6436384903013633,0.31223376246015067,-0.33233318641667275,0.15006754151086815,-0.6298110828059228,-0.3812864842684963,-0.8751131851159079,0.7540616917771502,0.37705605173678586,0.7124955048769906,-0.0020675495792176965,-0.36395304449204713,-0.360031483310267,-0.04904788362890962,0.0,0.6541516314668439,-0.1881323950879896,0.31962347469711644,-0.6479483524026437,-0.7457519105342123,-0.6418875542624732,0.501042810814156,-0.3779872296237734,0.7965580213798399,0.010497684897323804,0.15300706652875246,0.6118109950679346,0.74986599374542,-0.025563938075742202,0.43536170675597446,0.4801296668363888,0.7829816147595288,0.7165527032091202,0.697959138389504,-0.7014372135873255,0.6965423629432479,-0.26103528699622885,0.7040127129247782,0.4208596725892906,0.7619976583860066,0.6593607567474277,0.7904933646274119,0.7666235259110206,0.5462801356397667,0.5475063549670318,0.3971541950614588,-0.36312242501845154,0.07315215260727237,0.5708788995332206,0.23430686107181645,0.14500140520191926,-0.41972682870166067,-0.15654887967091008,-0.5062311740965219,-0.6902603047914337,-0.721613690619184,0.5995963062604551,0.6211591193761978,0.8054945472352308,0.7613367962221986,0.8357191032166378,0.32314802868579806,-0.2843298515394712,0.13257029194915104,-0.12597616988780014,0.7697869726643419,-0.42856874086146524,-0.16251200914453454,-0.5405404896102173,-0.5977943297929287,-0.6892693528532648,0.24143667590547746,-0.20994437553143858,0.6065444308160122,0.5468985050460904,-0.4362684544878586,0.4421829259701685,0.6173083497501141,-0.43701508230758096,-0.14653747936059058,0.3604542278269133,0.65002185601107,-0.3514423413313021,0.7355661664635696,-0.6523062688676076,0.5633894051994577,-0.014410228824349275,0.5631884708344143,-0.339943396779368,-0.605410219931659,0.45512468059946104,0.6034712117315438,0.709853167827898,0.4210534252520144,0.5485369158395603
