0,1,2,3,4,5,6,7,8,9,10,11,12,13,14,15,16,17,18,19,20,21,22,23,24,25,26,27,28,29,30,31,32,33,34,35,36,37,38,39,40,41,42,43,44,45,46,47,48,49,50,51,52,53,54,55,56,57,58,59,60,61,62,63,64,65,66,67,68,69,70,71,72,73,74,75,76,77,78,79,80,81,82,83,84,85,86,87,88,89,90,91,92,93,94,95,96,97,98,99
0.0,-0.1277286448309453,-0.3249255468896545,0.20432049686804796,0.16347313802954733,-0.21189432719079193,0.08850791609971047,-0.12571632558856272,-0.32883454153727987,-0.293138595520556,-0.18211091320037165,-0.384838597895524,-0.504321342635849,-0.40885820912753434,-0.4618141746107674,0.09881079514717912,-0.43873530000934935,-0.1334251788240254,-0.14763614613458909,0.13167439568213204,-0.228075448559855,0.49710030339830474,-0.24863941207273568,-0.276306875071691,0.028600495723936362,-0.289982724127679,0.1148865746870935,-0.09780252270327414,-0.3908657266215998,-0.27079433165545,0.38059761731030783,0.5882107202066573,0.5508818438466465,0.37266155660215045,0.4030638611622543,-0.03446870116263236,0.5173715509972384,0.6273186784452465,0.150751727512429,-0.023438067193204078,0.510008686027244,0.17294857794001273,0.2868771146125669,0.41022200645565027,0.2978035948857823,0.4910838943391897,0.5092996536434456,0.48444526134323973,0.3090727610763,0.5254648640714367,0.660281303317703,-0.15064563615794968,0.04565422918110492,-0.014291455074646442,-0.10871479174819812,-0.30584196124266216,-0.1663271927787595,-0.30692779115721636,-0.2948376154207005,-0.3647357858010553,-0.5209517986252881,-0.49425312600817023,-0.452937929489805,-0.36359816769435516,-0.3258024599436837,-0.46694684985995755,0.25408202514415495,-0.12083288824399896,0.07183924929387242,-0.03637583388529715,-0.22427506501412825,0.27794506084186155,-0.11882430707846132,-0.05998570924071775,-0.4072648982421206,-0.1635703025501747,-0.5584320867149283,-0.20922765527597792,0.4807738318211412,0.6676665495864126,-0.08872103139963572,0.4012977452375906,-0.1030196901424098,0.25026602688469207,0.029805124786329077,0.4856371057109432,0.3570356975229295,0.11835016745082379,0.15757237790868767,0.2964699493837177,0.5078093641097764,0.7325434507100332,-0.1074075027591718,0.2903831518435867,-0.05342792387069926,0.41302434575846536,0.3610845202016702,0.4450727119338026,0.3275410137639719,0.4778116274218634
-0.1277286448309453,0.0,0.7963473607335453,0.8400371344314062,0.8296636338570715,0.7971484961026245,0.8702426575920645,0.9055825419427553,0.7783686163973191,-0.2968017264241255,-0.44852154161050456,-0.1435915137416332,0.008944707191503885,-0.5154687290782335,0.02567939791558552,0.816808797666305,-0.44739684703309524,0.8655801526640494,0.1277301761726556,0.6534469797099005,0.7018979219305894,-0.39434816985978216,0.32569305875684024,0.24052535828602847,-0.3126183556163002,-0.23768190590096466,-0.03433173815437382,-0.37303912052812466,0.19177961669292756,0.6678239138750475,-0.6839743641579633,-0.4177063901629107,-0.5234381740578392,-0.2626342995422145,-0.4331529014129304,0.4152084938347992,-0.4445567179832759,-0.35002268380219925,-0.7108378448633784,0.46561440194975895,-0.39112628959866685,-0.47993606483999424,-0.6569096769427519,-0.5818176492364683,-0.498736526573064,-0.27880614764482997,-0.2856773480225391,-0.21633317556697274,0.22175302996727053,-0.24253880798576605,-0.13948769408534448,0.8668416973793917,0.9043768940608522,0.8705942226743418,0.8805143751604572,0.6643380715854035,0.8781818292964463,0.7875006618280307,-0.3939535155471685,-0.10966700543315971,0.08129453668496851,-0.13452546203500532,-0.36136039047429697,-0.27547527542242534,0.12279739065039894,-0.08913594594524363,0.6656897720183961,-0.23470627305954456,0.42856069925348916,0.8235914599395501,0.8264110191605912,-0.3297745685406698,-0.1380363629809295,0.6974292177097412,0.2575624017237349,-0.33333911766956187,0.463654176820226,0.33897184790134893,-0.36081046544270196,-0.3784324692580585,-0.02370309317365684,-0.3447592489221432,-0.2728751653290406,-0.4899896393385808,-0.008565400229909825,-0.33214469426853416,-0.4234183712946147,-0.5360545069450594,0.48526199794955716,-0.17346291190614047,-0.3044850828162425,-0.26579721327933437,-0.24947302145102868,-0.7872277388561273,-0.3353751507180819,-0.6565932668399961,-0.30216450121341926,-0.2587579660256051,0.1985488172545068,-0.2162381272351287
-0.3249255468896545,0.7963473607335453,0.0,0.5705083558191865,0.5876698863411473,0.8936192353283506,0.7146881909041135,0.8284439010458481,0.8979374385020491,-0.033584443782356393,-0.17091601391076486,0.1428724056463665,0.34003583077944244,-0.1557657543231359,0.4407748946405059,0.6022305277829354,-0.24929547203560723,0.7509223674226811,0.07214389660095172,0.5016744389878014,0.8238150323513734,-0.7553964453863747,0.32685255328392887,0.2547652587294501,-0.2873025327820361,-0.14629381270334896,-0.20316183852266045,-0.36328255402723125,0.44973035251956534,0.5814281674484927,-0.8893361162448347,-0.6131841666864667,-0.8288344766085057,-0.5990882410185505,-0.7408385834024008,0.47139583945714847,-0.6830745428951398,-0.5438913295421169,-0.6767379647251418,0.5190250761563595,-0.6548928328349779,-0.5918117113808294,-0.881243588861549,-0.7221482888701531,-0.6200485428725075,-0.5722658027376128,-0.609943966448933,-0.5392341897311735,0.20666599560262802,-0.46203271401739493,-0.5219323612097596,0.8686996871555508,0.7176704844088707,0.7990574374852552,0.8617418888055631,0.8435183406477371,0.8628383579175646,0.8825805385979013,-0.1349421681616099,0.21642276715027867,0.38279026495234025,0.20253183743380737,-0.11977088090416785,0.048901298205523344,0.4597734027062216,0.33185210387555114,0.44974328173464606,0.003012456918548685,0.21246466224513755,0.6729744160498347,0.869199503824137,-0.5853958505257474,0.009755679737873516,0.6234622334298615,0.4038537183852572,-0.2925224421081824,0.7796216109984004,0.3202610451249121,-0.7240797792729563,-0.6706995647341333,-0.1816788819807741,-0.5498382044721427,-0.06854737703977624,-0.7172391245300763,-0.1625660053405342,-0.6296238792583295,-0.5571012531225357,-0.6414463527793556,0.3850485672478409,-0.3639587081408693,-0.6294882095202647,-0.5169670712437072,-0.28616409054297887,-0.8646033170201185,-0.32351191162713466,-0.7661000205869082,-0.5263187749488829,-0.5424814234821783,0.1352098202074086,-0.3897317872860935
0.20432049686804796,0.8400371344314062,0.5705083558191865,0.0,0.8441403457656207,0.5044963052427837,0.7893408183076035,0.7245543903047788,0.45382859801962866,-0.4423286816325634,-0.5510573989415266,-0.35571577571636365,-0.32926286222775536,-0.7273430112258664,-0.3472635537714137,0.7755730830361873,-0.6049576076465831,0.7022534382956283,-0.014299805194685957,0.6539617980134589,0.41798300561536267,0.005627231484131712,0.2286674951679356,0.18030332486049308,-0.18957327763271886,-0.23402867421638207,0.1770262086940422,-0.22274398901680378,0.0076311404338533844,0.5457408736270115,-0.29143199427552235,-0.03614915892602054,-0.09183619946741234,0.05620441578031111,-0.03266627411389354,0.2471510492369525,-0.03471980404183064,-0.02725032881392215,-0.5937402233608242,0.4319312184591611,-0.04116301796616175,-0.20116806136867355,-0.2750434955004404,-0.1817678200002894,-0.11308472675326466,0.12734365344910875,0.06702501972666518,0.16998311188163243,0.2232427453827655,0.047281364327552616,0.29687171591635275,0.6214130749798168,0.819565742306515,0.6839598603217671,0.657013843579855,0.30928675393638183,0.6707397701722169,0.47562426528173807,-0.5099630988706096,-0.3927721761063608,-0.23276093233897818,-0.4462683612029021,-0.526686756076707,-0.554751009932468,-0.23639703248473082,-0.44712497292057973,0.706792225842122,-0.4514642207809563,0.43327206758212383,0.7046882732732265,0.5774861733696424,-0.0038359906675996514,-0.31549326965348506,0.6503593099155733,0.07311617207081748,-0.25710880960291493,0.05994303959519963,0.2934039045794696,0.07658258945307996,0.06311566176253423,0.1044639479670235,-0.08553502729774265,-0.29670328516278777,-0.16218994500404546,0.14947600192567131,0.011001505929261083,-0.12570713118219112,-0.24800491365658153,0.45709118352844963,0.08002938058717464,0.05420819744214509,0.10528729772452615,-0.21895374136761028,-0.48672863170795316,-0.19712636011843535,-0.2686647524797236,0.04239232896807502,0.06475440675379872,0.22424180114661368,0.02846974038216169
0.16347313802954733,0.8296636338570715,0.5876698863411473,0.8441403457656207,0.0,0.550796891636348,0.8211246893034052,0.757640343007115,0.4770399468743892,-0.5279563120689289,-0.6542057022167981,-0.4318910661609209,-0.3831842652709636,-0.7765839051405649,-0.34299276742386464,0.8409044369660718,-0.6711826222923108,0.7665755401721606,0.007551835589010403,0.7173231208774897,0.5221672210546878,-0.030192206416402294,0.38788511586682684,0.2190549392626739,-0.28775119184172754,-0.2553321330728341,0.2650771316249224,-0.19152745878371566,0.08100091304555643,0.611650751414657,-0.3913226912478653,-0.10202092946537102,-0.14439306820928258,0.07032520736019852,-0.026819446057314542,0.31350063592230903,-0.012674018352026703,-0.017861783688839023,-0.6447719642138044,0.3724982670764187,-0.043632592591150626,-0.2809755293958743,-0.3303596349248371,-0.18038586506166093,-0.17456907208403594,0.151670306784849,0.08150183063602472,0.21177468884387576,0.25388753011777704,0.06207676627294665,0.2714737222729877,0.6454560981027556,0.8509482822631308,0.7198827021177406,0.7001388508255948,0.34419792575844443,0.7094602679153454,0.48846281285027826,-0.5869937749078985,-0.45364560738595056,-0.2790274303270339,-0.5061346116363783,-0.5989245134850616,-0.6045945775365696,-0.22666675708599432,-0.4535452405143022,0.7742213528335262,-0.48625216755501216,0.5142521170790237,0.7367979438912869,0.6652168715154471,-0.012237557731714394,-0.20001530424998878,0.7170203282327765,0.09646485055325846,-0.29067112812744816,0.1327496790778491,0.3666198102148943,-0.024367817003390222,-0.020844786914713462,0.18056214913170218,-0.08061182941431835,-0.3450711163030611,-0.18225396947427,0.2534919899371326,0.030945900681168547,-0.06085114388712207,-0.21951612947757815,0.5282137337950339,0.15922130041543767,0.03637038249135105,0.029798206086313495,-0.14338024287943904,-0.5591925886053639,-0.24921461802773787,-0.28291747282116425,0.0946348116689006,0.10839281001047567,0.2753632180791327,0.06479064004190768
-0.21189432719079193,0.7971484961026245,0.8936192353283506,0.5044963052427837,0.550796891636348,0.0,0.760020984398169,0.7854163976030116,0.8371215470815687,-0.13162481925943298,-0.1914154256487624,0.026980336240322235,0.25721070862217454,-0.23367675193435433,0.41920010432443156,0.6282495839238057,-0.36821911545306996,0.7478748385356818,0.12000361478510545,0.6400410824553332,0.8281939636506979,-0.6441190945649827,0.2856419014617342,0.09186575846093978,-0.3814930582991765,-0.2937659286572775,-0.19039117397040728,-0.40222307059279916,0.4188484222349368,0.43964215495389936,-0.8229341529507695,-0.559805869030457,-0.7241914477041662,-0.4744098593750844,-0.6219219182006174,0.6136092658618263,-0.48110299000980367,-0.34857573432322525,-0.6151623600697425,0.4303328111784888,-0.47836010020664826,-0.6373642360035068,-0.8179280231257335,-0.5646716427849996,-0.4148465961832073,-0.44373006474737664,-0.46798355615557474,-0.3883251420058936,0.4185465480181906,-0.24497621869735164,-0.40860829833328033,0.8469303637563038,0.7067901014432622,0.8153257047043813,0.8512623431599151,0.8199079853183359,0.8193837786388083,0.8251857450660263,-0.2502263353159048,0.18988364826302429,0.2324512580918939,0.11246770049700945,-0.26471989091520076,-0.01019792755535878,0.4566920356018226,0.29292429344867926,0.5456154951369606,0.015843103553586126,0.21864439479479816,0.6923909693992764,0.8216964527370555,-0.6143573586412944,-0.09708361340077161,0.5652523539565223,0.22749534951778758,-0.43625074109220724,0.6844296654668708,0.20562063208178663,-0.6898219941884186,-0.5827953896962764,-0.2693651239004328,-0.3890454014866484,-0.004746196368579071,-0.7315914829478722,-0.18084499449197733,-0.505830947185455,-0.3654740187794827,-0.621953207682668,0.5282916191374247,-0.22440091454010755,-0.5234240420046959,-0.38707789614609184,-0.443712705120728,-0.8597275868972332,-0.4309951312446649,-0.6170074252045069,-0.4486097890960393,-0.39401445474280616,0.3404053220975049,-0.1888454737413046
0.08850791609971047,0.8702426575920645,0.7146881909041135,0.7893408183076035,0.8211246893034052,0.760020984398169,0.0,0.790603867499961,0.6320154666786802,-0.39395345207254434,-0.43586848211458695,-0.2866389902976989,-0.10310993219583856,-0.6064898875206062,-0.08592625168629552,0.7995918200712601,-0.5603886594621902,0.7793805776603958,0.16354998807712853,0.7323635142962046,0.5440457907530744,-0.15985599672595022,0.1221663928393886,0.008373635958974864,-0.32822531666237625,-0.3784125647785818,-0.04781492162720228,-0.4150699907205132,0.03357953995973811,0.4284583807942791,-0.47472026653502314,-0.25442591025831374,-0.30405786445264027,-0.06505297867686377,-0.2289488026231911,0.4837441686233111,-0.1708305661239943,-0.09061623748155279,-0.5766387161645042,0.3160980795088139,-0.12909471527387514,-0.41172805984948674,-0.4689022742282997,-0.3411449528192026,-0.1643930008835128,-0.08779924790646766,-0.05887383558739469,-0.008231852373774254,0.42361469428552145,0.037728226308020175,0.05570633400964932,0.7638217804881093,0.8508206572685155,0.8135234269041796,0.7785214505318223,0.5393957756571376,0.7558941824161751,0.6578959111816441,-0.5174577209986112,-0.16280471557254553,-0.12526566630321953,-0.2508265771124288,-0.5049260758465706,-0.3558342706681052,0.03235529739087874,-0.200578179988813,0.7194123901940135,-0.2429802957631223,0.38911116244721194,0.804190890276999,0.6503116451548575,-0.2919236627550106,-0.4256244794923156,0.5421102658108271,-0.013800042530377195,-0.4500538597727146,0.21655944929053383,0.12415351840733836,-0.20088560078913759,-0.16041381472573787,-0.136066331641459,-0.11916157135442705,-0.16639713225097738,-0.4136673875531554,-0.07575978464510168,-0.1404330569401872,-0.20406027718700032,-0.47589138814294013,0.5803391478651537,-0.026966073228180808,-0.11057206409765617,-0.03599610238606412,-0.5144561948038122,-0.6651822725589889,-0.40056363575112836,-0.41544274430299744,-0.19368190001736815,-0.05533476607666105,0.38226699961606225,0.02534440894889965
-0.12571632558856272,0.9055825419427553,0.8284439010458481,0.7245543903047788,0.757640343007115,0.7854163976030116,0.790603867499961,0.0,0.7709921977009833,-0.2338825793715912,-0.389407508349386,-0.09528911918808516,0.021956265374087795,-0.5295167890712733,0.002941466684463508,0.7835303376607726,-0.4673225265560756,0.8305460835105565,-0.006281244844936943,0.6061471160749986,0.600701769189236,-0.3904361316112341,0.27927996443727965,0.2988758210842762,-0.16597446172033714,-0.12743943664256457,-0.006818781200485205,-0.282325494125368,0.2433645571163213,0.7044550448102211,-0.6216777835824174,-0.3225717209256211,-0.5057638361954726,-0.31001406637385676,-0.4216090986214687,0.32167028219127064,-0.42950274280687667,-0.3975635324815947,-0.7734396970277388,0.5403568741928805,-0.43481948986881436,-0.3401302745622735,-0.5870292842188978,-0.5067619353697397,-0.37703862190212817,-0.24509198652296063,-0.32558688940503955,-0.20684676906535446,0.1474168557347272,-0.3032562912196092,-0.11620831174465612,0.8486712804741524,0.9031418557206616,0.8312932975616557,0.8496218680916204,0.6187147942821243,0.9019570731296538,0.7881478280336559,-0.34145324571765656,-0.10886000431881697,0.11089279434448374,-0.1291089904728578,-0.3076044351601001,-0.3208481894915741,0.033465611206041405,-0.10691281013860439,0.6150121321144997,-0.3586899836433429,0.298357026222264,0.7963218196936471,0.7735711620519278,-0.26794587680741855,-0.3602489659419405,0.7257619404019229,0.2994054753068332,-0.23521041698370498,0.4478889964420791,0.3803843434520975,-0.33177195212265576,-0.3163164350736346,-0.012355445506856662,-0.41995547925515825,-0.2663364864402381,-0.4461699840946349,-0.011449710354167463,-0.3760320914165252,-0.4579377278063397,-0.4725668385000196,0.39293640961798537,-0.23271073346151408,-0.3458424035124586,-0.2815569416871283,-0.35193384798695043,-0.7242839018039668,-0.21508282479160631,-0.6001197120442654,-0.2839323536928084,-0.3055863690676656,0.09619655613451386,-0.3003738631549563
-0.32883454153727987,0.7783686163973191,0.8979374385020491,0.45382859801962866,0.4770399468743892,0.8371215470815687,0.6320154666786802,0.7709921977009833,0.0,0.012910874441357514,-0.07541412508826725,0.17451199881563184,0.4356908324685009,-0.12271174307057404,0.4827473049917725,0.5767316249373052,-0.1955375767771236,0.7526002539836554,0.15933425640355883,0.5098718970535954,0.7376631534597141,-0.7022486066719026,0.15834445153098256,0.13959878211112384,-0.2771603059491518,-0.18887725701506378,-0.3324073041837888,-0.44012967273950215,0.3739062744937319,0.4960134996539021,-0.830788697911169,-0.6488617890365687,-0.8111429802571481,-0.5697080077961906,-0.7470149413319749,0.5168167996723138,-0.6901846910565319,-0.5551109411782502,-0.6159501392204078,0.47050310771817105,-0.6290868303020132,-0.567917447001284,-0.8191312746991002,-0.7256906366266697,-0.4834554422180196,-0.6131117905875014,-0.607446121199269,-0.5706082583709674,0.25315734842839854,-0.4247419643106158,-0.5546702008455588,0.8868069589036277,0.7230681704062811,0.8113274058495434,0.856320973941799,0.865065327664571,0.8643130973309986,0.9195633469429412,-0.12657430587004936,0.32469341227651666,0.40588463206787917,0.28839163549777014,-0.08140357431156352,0.11474319323633694,0.48657267006435145,0.3789104449092231,0.41980194462661385,0.04758478689313734,0.14213630560141616,0.7251795708688138,0.7895756555219992,-0.6475034760723356,-0.27484908279932213,0.511210402092982,0.3039611972054352,-0.34715354865396036,0.7241946630920018,0.18267165751670955,-0.7058300527678105,-0.6826002588458147,-0.311569405388301,-0.5191417103031692,0.0275600192626602,-0.7628790021859954,-0.3115775882494184,-0.6524896273713714,-0.5926941613829961,-0.7063986476110822,0.3923120536442032,-0.42780708954616503,-0.6327190224460979,-0.5251903816254375,-0.5015945375993416,-0.8525763923093784,-0.36198494180640495,-0.769490548663536,-0.6196567801006477,-0.5647198140557971,0.16142569253147662,-0.3884232925657986
-0.293138595520556,-0.2968017264241255,-0.033584443782356393,-0.4423286816325634,-0.5279563120689289,-0.13162481925943298,-0.39395345207254434,-0.2338825793715912,0.012910874441357514,0.0,0.8229432941902082,0.852587706095364,0.6552261177781187,0.6839961243845123,0.4912547509112082,-0.620569039501808,0.7194305809318695,-0.47005705856853525,-0.37719961534599433,-0.5901236599814558,-0.2906082992192641,-0.35645015099386507,-0.36765682586755866,0.22180082191706263,0.6547355345398771,0.5314997567170087,-0.2987405267330826,0.18811488478893568,0.2817175937417957,-0.13712432855176818,0.14170446491153785,0.09106898221523459,-0.16132626770280678,-0.5788758003012875,-0.3510605421168021,-0.37781573804052965,-0.37894121605395686,-0.4934486788889421,0.03887296471752323,0.24523273232606915,-0.4679668719039159,0.3761128429363617,-0.015500652779434817,-0.1250225491447261,-0.008921483008697441,-0.43169885642949674,-0.5528059967253426,-0.5082618078019424,-0.39778318506339017,-0.5297170671904666,-0.3952671140390294,-0.14233306195259732,-0.4024735516675461,-0.30096074948565166,-0.2517551001553133,0.019037245746152412,-0.14300835882229412,0.03521125008369828,0.8448358534762535,0.6476953008969629,0.7496557784255695,0.7095923633298961,0.8026865204252757,0.5979405218635971,0.2761426256216235,0.5682509228152727,-0.7154548403550004,0.3084382849834574,-0.8337071506596029,-0.5192948403514854,-0.29079845368083407,-0.08240875941157987,-0.039585677891977936,-0.24230772757715763,0.43371133457165456,0.4840163291485765,0.23281835701133913,0.010187010538322425,-0.06265787605675674,-0.06206722596286386,-0.2863949204274322,-0.5320117890182743,0.04567868855665306,-0.10878110272772429,-0.348319214227376,-0.5632447382479875,-0.5193879153746704,-0.077534109769059,-0.6466372840742663,-0.6981444583556913,-0.5080872840654224,-0.27294509239103065,-0.1656570834197775,0.20182196974965946,0.46565164683338933,-0.11199881232797992,-0.4130414662626501,-0.6324037969939582,-0.5156936607323952,-0.5907288967801735
-0.18211091320037165,-0.44852154161050456,-0.17091601391076486,-0.5510573989415266,-0.6542057022167981,-0.1914154256487624,-0.43586848211458695,-0.389407508349386,-0.07541412508826725,0.8229432941902082,0.0,0.7533983434915469,0.6771230653977577,0.7426646325504375,0.5592998410810046,-0.6754554296877927,0.689487351249171,-0.5490027144300397,-0.19746824025490695,-0.5428415157253307,-0.3439062094652149,-0.2457577117308329,-0.5663356138653588,-0.1194537543918479,0.5032028011272031,0.2893548933831421,-0.46668190311992164,0.0240436064710295,0.12632527841253444,-0.45326946795392997,0.19521913715389463,0.0722696833281036,-0.08133913817000125,-0.4566154140645521,-0.300382377651018,-0.18480355540570495,-0.24995254598601505,-0.24142592579477942,0.2947326555996491,0.02904004168703598,-0.2710641285559986,0.26841222624489364,0.024390121027651764,-0.04673641402859469,0.16032204725027324,-0.4126821662657194,-0.4156276437946877,-0.4654541077505553,-0.1250758121481578,-0.27826125863895873,-0.3973869947217701,-0.21304262712657793,-0.5091058414080314,-0.3285387222919148,-0.321746464548941,0.02401540605164624,-0.2780337020202814,-0.03532293000434689,0.7632545983914663,0.7493098490424278,0.6243794765671361,0.7294732103588523,0.7036459929942585,0.7027169528409727,0.406022545961,0.6406645802017562,-0.6941254767536721,0.5136208759018907,-0.8531076744704741,-0.5322707208954437,-0.42949062035084445,-0.23355770993497516,-0.18088211452858852,-0.49388840907187853,0.12334202804260014,0.25940086632536963,0.10232434787785026,-0.30425212194666057,-0.11838841422985302,-0.040991587048301116,-0.5422795260864536,-0.3078531581272978,0.22234871252546098,-0.219253643000222,-0.5419789451545534,-0.45168669984348003,-0.35855378501095636,-0.14814086868457152,-0.5019234168618474,-0.6064152061782624,-0.4056486790336873,-0.08981693128211705,-0.36142538822073705,0.263908219770601,0.24637686569754455,-0.006549506061742704,-0.45205824367182934,-0.5025606678747978,-0.2608349092377659,-0.3457426741269873
-0.384838597895524,-0.1435915137416332,0.1428724056463665,-0.35571577571636365,-0.4318910661609209,0.026980336240322235,-0.2866389902976989,-0.09528911918808516,0.17451199881563184,0.852587706095364,0.7533983434915469,0.0,0.7069930419718731,0.6562495353417469,0.5519274590246004,-0.5063724194942829,0.7224577601498358,-0.317739132516906,-0.3214529899353615,-0.4619719568163238,-0.12275975759402691,-0.47327732799821437,-0.2475861175438721,0.28966967645615915,0.5679451535830886,0.5186453104505433,-0.28137971872916423,0.16959432746359113,0.40536164744546993,-0.027441142560969176,-0.011680371660361406,-0.09352309496682074,-0.3118269358705086,-0.6311098930555797,-0.42891563890976664,-0.25547347552432936,-0.46165772613796147,-0.6156174802002792,-0.0915912226974146,0.2564670916362779,-0.5623358754543476,0.2457965485140381,-0.1567313529011523,-0.23251721188167088,-0.08018016246183088,-0.52093880348121,-0.6418729150854378,-0.5759049522919298,-0.36673087231519347,-0.5924285867779043,-0.5014680462556612,-0.013808302732339047,-0.2924814929737197,-0.17578430132335462,-0.11567995786221905,0.1554559390405117,-0.012723947983906459,0.16977405628924386,0.8198221721370392,0.6751230410635716,0.81081307495995,0.7379035031727197,0.7856760585361283,0.5929720859692562,0.35147943105809015,0.6114517324505239,-0.6274651407473572,0.29415104401967107,-0.7583569636514395,-0.4041725689917406,-0.12321756050409519,-0.17448289910431888,-0.0018224929842148674,-0.11522700466203467,0.5235740659903636,0.439946397351032,0.38084589543485525,0.09355019416479321,-0.1749457473108606,-0.22707823949813064,-0.259970661173254,-0.598033360289602,0.05150988389333014,-0.21684174445119772,-0.31060717863733656,-0.6557432638182945,-0.5576262784946201,-0.14498543798344496,-0.5437133060190863,-0.6986731756719136,-0.6066094048869543,-0.40455057529672156,-0.14786536472655418,0.0199339718073831,0.39852263153205625,-0.23040207097277196,-0.4812586729872102,-0.6927024490308072,-0.48653740207718504,-0.6350296792729723
-0.504321342635849,0.008944707191503885,0.34003583077944244,-0.32926286222775536,-0.3831842652709636,0.25721070862217454,-0.10310993219583856,0.021956265374087795,0.4356908324685009,0.6552261177781187,0.6771230653977577,0.7069930419718731,0.0,0.7069339321308794,0.755217947745594,-0.3605180864756514,0.6636671788860735,-0.11642369850342166,0.1478406079054885,-0.2550095716675241,0.04323910570173955,-0.5369992848713819,-0.41249779084201615,-0.11607557704307205,0.11953953922792071,0.10621331875047194,-0.6296429717284988,-0.25494090037432476,0.1789357714518661,-0.212648498159568,-0.24239873777248955,-0.5009461198354632,-0.517268986794338,-0.5623082259210771,-0.6205913973135477,0.1453559238165068,-0.6089862795043758,-0.5405003746584568,0.11241922611186461,0.04119513320637855,-0.4926525076172857,-0.16745989125465294,-0.3491888616561174,-0.4889382141684833,-0.16684164665312168,-0.7357406326360846,-0.6209075961977577,-0.7389676033915135,-0.026912005826637678,-0.4237927517891137,-0.7559383303375744,0.16812731131463218,-0.18935027814557825,0.02446639142087357,0.0511933331336756,0.428026815630161,0.060718012641137534,0.3701559359139827,0.5688114481570037,0.8357783019039202,0.7475456803739681,0.8537563056305975,0.6260069111592214,0.7705966478253696,0.6499782973464415,0.7867434420112559,-0.43492316108699797,0.5803592016835672,-0.4772571842538483,-0.09456735186046525,-0.022282836132999872,-0.5557622389414117,-0.1769217338220473,-0.3006982222402583,0.18401250245976739,-0.005240669613966604,0.4449282865012273,-0.2833018802152075,-0.4602059482550846,-0.5357424871888361,-0.530219175344955,-0.38299697283681244,0.36769243059740936,-0.5159610042594245,-0.6122197328450447,-0.64738257330366,-0.5531666939617859,-0.4760307453338168,-0.2011364475361434,-0.6056406914339101,-0.5806732973251174,-0.44018273375088895,-0.35236093080366365,-0.1967936644286308,-0.047534258457801896,-0.42626528947695025,-0.728778041536538,-0.6404886693065331,-0.14923039898429855,-0.4337726641225732
-0.40885820912753434,-0.5154687290782335,-0.1557657543231359,-0.7273430112258664,-0.7765839051405649,-0.23367675193435433,-0.6064898875206062,-0.5295167890712733,-0.12271174307057404,0.6839961243845123,0.7426646325504375,0.6562495353417469,0.7069339321308794,0.0,0.6463691997113387,-0.69372944599464,0.7780128632996728,-0.5135933830420129,0.10215577257601281,-0.5522512636247215,-0.16931058222805853,-0.3250800398885984,-0.31906774749673766,-0.1428141557317337,0.19732731993345975,0.21040295254897892,-0.4314605148641008,0.023308404799611472,0.13022162232049733,-0.44316728342286543,0.03979557693093664,-0.2507851941026233,-0.22345693270554032,-0.35461594149048364,-0.32684074416179526,-0.08093733465355271,-0.31894693702395205,-0.26958213629414696,0.4315958732357942,-0.20388745447028037,-0.2620546517148626,0.01785370993084007,-0.03801549243530302,-0.15950253540961448,-0.021308541328669734,-0.4909128112299471,-0.40311885171301715,-0.5303085143195659,-0.1658895119661894,-0.2784809406332105,-0.5999729011253878,-0.2885247416470555,-0.6365978731477864,-0.4087456013435737,-0.37325557564720346,0.05402605915697951,-0.3955186538502182,-0.10761497904551455,0.661644287101487,0.7171980006455794,0.5674795520750427,0.7476787362446704,0.6698658884610948,0.7886699995093088,0.5446194559006226,0.7343901469612635,-0.7103380749021968,0.652796662105194,-0.5171677796987357,-0.5216887730719947,-0.33978019622707983,-0.3212559713779573,0.23739053461503476,-0.5462845707483598,0.09673515021263772,0.16664991835463924,0.2274398832137622,-0.2941527900441389,-0.2868437010738826,-0.3462960910142058,-0.3512451122739275,-0.17998260369118657,0.39455653642543054,-0.19569225826051254,-0.4091543139046478,-0.38056242223842,-0.2287691648270704,-0.10063465662717143,-0.4089562098011263,-0.4012645055523596,-0.3801950114588714,-0.3128302341144009,-0.016794477345901858,0.18669599147724597,0.10594657557237391,-0.07423869280011976,-0.4195999110560884,-0.4195776263352917,-0.22778629380389,-0.2667936302771055
-0.4618141746107674,0.02567939791558552,0.4407748946405059,-0.3472635537714137,-0.34299276742386464,0.41920010432443156,-0.08592625168629552,0.002941466684463508,0.4827473049917725,0.4912547509112082,0.5592998410810046,0.5519274590246004,0.755217947745594,0.6463691997113387,0.0,-0.2655170023597124,0.39194416724616493,-0.04538397325610197,0.13035642449990534,-0.06834929283169769,0.3441335845986269,-0.6591612221780291,-0.1153179388884143,-0.1511763043869527,-0.10824752812052574,-0.04027554364342342,-0.4606290531447136,-0.1885422805914077,0.4191390756962427,-0.2138837761841228,-0.42178857241596207,-0.5180245610881358,-0.5885235137065888,-0.5827858475554103,-0.6187090304395907,0.35180939896395175,-0.45806445832924253,-0.327904885525214,0.09754758806365481,0.14591168739406257,-0.43535387747280285,-0.36875000749350656,-0.47490737139402706,-0.35268349646426295,-0.16529945839058202,-0.6152304898133509,-0.5757564662855433,-0.6229175200829107,0.2042118733812003,-0.29395807554399467,-0.7390109015608882,0.19146830979194582,-0.19511187421684656,0.07291201522942356,0.15333660974050434,0.5256699430137,0.09228264888096013,0.3506653142554848,0.37981534081380525,0.7218480784374381,0.5604181227720791,0.6982096284920669,0.37360202592986513,0.6739783511851133,0.7757034354250132,0.8325023146228874,-0.2737797310646193,0.5913323587906899,-0.3609114103816886,-0.07803770723104564,0.15363090936804996,-0.6629597413275029,0.06573787437090971,-0.18099965956212236,0.133273355394583,-0.16008602641100445,0.5926822755805516,-0.17804170800706115,-0.6860556391689562,-0.6278625097964957,-0.5096577185071182,-0.321570407255482,0.40876743749001776,-0.6018010559591322,-0.4565716522795818,-0.584913844784203,-0.28642096217774893,-0.4023343534352479,0.009900044149323871,-0.3942728793885344,-0.612675041284828,-0.49685132782726593,-0.35901572033936846,-0.3313241038943456,-0.18029987849754087,-0.302370262793934,-0.5656046740737367,-0.5312878062401148,0.09187298474013086,-0.2460832497803606
0.09881079514717912,0.816808797666305,0.6022305277829354,0.7755730830361873,0.8409044369660718,0.6282495839238057,0.7995918200712601,0.7835303376607726,0.5767316249373052,-0.620569039501808,-0.6754554296877927,-0.5063724194942829,-0.3605180864756514,-0.69372944599464,-0.2655170023597124,0.0,-0.677760503500632,0.829474003836123,0.2987860424966156,0.7586044867202802,0.5731197808323423,-0.015103151128717088,0.3563674474515537,0.03312567528229531,-0.49216929123133435,-0.42896715805886015,0.13189927195794687,-0.3587362886330046,-0.06332927645820947,0.4990653380769884,-0.47348916359523535,-0.25859199439064456,-0.2175200066886701,0.16450182261651947,-0.051767613916221575,0.46051681154455126,-0.04258235012688162,0.018952970617813182,-0.5544699994843797,0.09859201080592872,0.014663367139565996,-0.46794880708285436,-0.39931558604293493,-0.29210584364065156,-0.2619698997939269,0.06624339155951373,0.13337681522148026,0.17322927568074084,0.376179437682227,0.14451400772509818,0.1728582771862266,0.6666429171035143,0.8355866386574686,0.75338735740657,0.7247400740576427,0.41002459059188234,0.6833457595303544,0.5153194438255639,-0.7122495097837361,-0.42365705402924453,-0.3539773171959555,-0.48890815468162463,-0.6621016528156438,-0.5243535478354792,-0.11419264213537961,-0.4081542352605263,0.8184505880788909,-0.33788019142454867,0.6866347277184106,0.8357247971343311,0.6709535046791287,-0.14960965984427388,-0.1403930341638763,0.5800845487877501,-0.07294662014331471,-0.4651629247481573,0.13320338894205289,0.20585500701813972,-0.14823505238729745,-0.15010608695419086,0.12113832978185121,0.04915877041206517,-0.25620312698440334,-0.23545127940523355,0.1570538171568004,0.08190457698891687,-0.016043219590293777,-0.32708036654280753,0.6464108976248337,0.21447812669777072,0.06541034211416777,-0.020018979117041383,-0.24465994593076404,-0.6227228351537503,-0.4503629343197616,-0.36897589478035936,0.006149364388000816,0.16823858917274806,0.4107375249775145,0.16376477206337386
-0.43873530000934935,-0.44739684703309524,-0.24929547203560723,-0.6049576076465831,-0.6711826222923108,-0.36821911545306996,-0.5603886594621902,-0.4673225265560756,-0.1955375767771236,0.7194305809318695,0.689487351249171,0.7224577601498358,0.6636671788860735,0.7780128632996728,0.39194416724616493,-0.677760503500632,0.0,-0.3668163413914496,0.15304479099287363,-0.4400788300576572,-0.28270534759156973,-0.09721472963334112,-0.26185385903702324,0.0008501149470584577,0.2669158182113076,0.2940079705173021,-0.2604055059532165,0.0633795179954173,-0.0036606813934085265,-0.24352755044414573,0.1811334684768663,-0.208878114941622,-0.05916457013081512,-0.14023062095953184,-0.0972343765051842,-0.16662387422871175,-0.21933444172516958,-0.3633173349541525,0.2575229219668263,-0.3122738582606354,-0.1742386825023365,0.11932045741137164,0.08855252489489562,-0.1757407469549241,-0.027735701420137204,-0.3663817955287157,-0.24248585886063947,-0.32800475043009525,-0.28423434954922294,-0.25289282633024024,-0.39452380827934225,-0.2364032256648598,-0.44285024643844784,-0.3194490347159965,-0.3261937179934158,-0.07038945961615507,-0.3099044074108613,-0.0936264062507772,0.585303314279323,0.5039841093640962,0.5069141741250464,0.587811672218855,0.6700494635357066,0.5720122821962669,0.2495066584799954,0.4166167950269986,-0.5883586259519717,0.411431495868974,-0.40054364187562275,-0.4056253111317638,-0.3275030993430712,-0.08877494034431761,0.1786396548714359,-0.42123693371547377,0.16905646746002184,0.25431936497053087,0.07084043775707244,-0.155774700493496,0.02061700165300065,-0.18740023220167434,-0.1286449241113993,-0.14629232462444966,0.05826788428287963,-0.00010287840717562742,-0.22648816727500456,-0.26064511913756294,-0.2502208259262462,-0.029248199811807443,-0.40639684508286944,-0.3551458552150776,-0.2199468995698543,-0.28991646775864877,0.029016675808507388,0.1623418220744155,0.15887478965669583,-0.1312163772914517,-0.33878359300244265,-0.29370466667112766,-0.3231590302195349,-0.29338620155708917
-0.1334251788240254,0.8655801526640494,0.7509223674226811,0.7022534382956283,0.7665755401721606,0.7478748385356818,0.7793805776603958,0.8305460835105565,0.7526002539836554,-0.47005705856853525,-0.5490027144300397,-0.317739132516906,-0.11642369850342166,-0.5135933830420129,-0.04538397325610197,0.829474003836123,-0.3668163413914496,0.0,0.327669769599345,0.7518549758024696,0.6654796283741661,-0.23131219548065876,0.42359182057841827,0.11567720277965457,-0.4876846764764457,-0.3293593004454699,0.06128753537208406,-0.33459616933694264,0.14587991007527512,0.5850007410906102,-0.6343996585519943,-0.5287056119622133,-0.453449901475625,-0.0070410968567452305,-0.23978031309065823,0.5377848273352283,-0.24903221057411715,-0.22635694450822832,-0.6002411646421452,0.1506418809060784,-0.19664973453839907,-0.556938675232748,-0.5292818897121792,-0.46323478919330435,-0.31819109683066865,-0.15938917805375025,-0.09554564778176843,-0.04219709418473909,0.3053706708490961,-0.048189971017572115,-0.1274066256043687,0.7507282186236129,0.8294145187470325,0.7886431067708604,0.7927273787833984,0.5713620334402728,0.7624934529569306,0.6661739110214052,-0.5635474460925526,-0.21038057649108383,-0.10881603409783627,-0.2555636961166634,-0.47488701655288706,-0.35893700893193925,0.0574938176288125,-0.17307723719979828,0.7350254649128014,-0.293786692670077,0.6017303539665355,0.8550699043269753,0.7688806955264809,-0.31290084130403445,-0.1833110826056145,0.6027129306213186,0.08517790974530348,-0.4333849736892322,0.38161362070510935,0.2571371922300714,-0.35931817703191665,-0.43078933983683954,0.08390569275717928,-0.11869058318482345,-0.1607938910864703,-0.42124840052436957,0.10046949016070005,-0.1462912162427082,-0.15843264384206907,-0.40580368543731515,0.6256751488819672,0.08791672508957547,-0.15679944268775944,-0.27343769799824624,-0.20585735635097646,-0.7655897845317324,-0.4604779195190102,-0.5334215488923273,-0.17663688726261745,-0.032634885851747744,0.3119637977430903,-0.011738738535175498
-0.14763614613458909,0.1277301761726556,0.07214389660095172,-0.014299805194685957,0.007551835589010403,0.12000361478510545,0.16354998807712853,-0.006281244844936943,0.15933425640355883,-0.37719961534599433,-0.19746824025490695,-0.3214529899353615,0.1478406079054885,0.10215577257601281,0.13035642449990534,0.2987860424966156,0.15304479099287363,0.327669769599345,0.0,0.21691811175058648,0.11710966557632041,0.1369722068471349,-0.1222870817705583,-0.49094680191784096,-0.5315334855051982,-0.49771652132699534,-0.34528951738210584,-0.5064400970774544,-0.42637731095542203,-0.29049896561995164,-0.14248509434462095,-0.4713526762147645,-0.08978324000763672,0.3379966753932528,-0.0017497449687306807,0.48071026487221075,-0.05192401664323262,0.12747244997972176,0.2865625683014396,-0.679828317256877,0.21498702116247215,-0.5116779898713298,-0.14586121334447336,-0.33699486671192036,-0.1534542216844394,-0.23118317400702904,0.19528946073529027,-0.06037952959177052,0.37362758760308834,0.29902953098184265,-0.22489030190390624,0.12408434501642834,0.05516435817514848,0.19669766276283784,0.1021904015697804,0.18830904143467364,-0.055094050448146824,0.1094788078519532,-0.28240993061444536,0.14370695453976337,-0.14726178187766104,0.09453764615088167,-0.12924693595887127,0.25556489276178407,0.3056202009815096,0.10121500882405882,0.15906607196953987,0.4337701147362689,0.4118624807176616,0.27861058845284425,0.012712293333163763,-0.375326662610209,0.1363992121170242,-0.3654830853862015,-0.43629182873573075,-0.5135620153088166,-0.0634201820535016,-0.4549352144976658,-0.17296816544664434,-0.3140931724854206,-0.235430043838115,0.3664939098842808,0.1212365993461854,-0.24103413926712167,-0.274925842926146,0.13262485195680151,0.07501433172002032,-0.3352750729887106,0.3866501399247215,0.13288871668580443,0.13640149391249234,-0.022155336149050443,-0.19313220297436168,-0.22115296847505678,-0.6107290157445541,-0.28292915073014746,-0.2883321364919916,0.18670879063417042,0.4021403772565448,0.31273900520189213
0.13167439568213204,0.6534469797099005,0.5016744389878014,0.6539617980134589,0.7173231208774897,0.6400410824553332,0.7323635142962046,0.6061471160749986,0.5098718970535954,-0.5901236599814558,-0.5428415157253307,-0.4619719568163238,-0.2550095716675241,-0.5522512636247215,-0.06834929283169769,0.7586044867202802,-0.4400788300576572,0.7518549758024696,0.21691811175058648,0.0,0.5744940971042176,-0.019038383157263243,0.30026250403387605,-0.11564013048213859,-0.5804409948924334,-0.4700941189053035,0.1381161469800819,-0.2700253144318772,0.14515576045277478,0.232055281071197,-0.3508660099844243,-0.4153226353968854,-0.17532868170975352,0.19742024345404954,0.027413514352680756,0.6583089316050502,0.1666379847355808,0.1166045925603782,-0.31717871319585905,0.09198575263622938,0.15935481308354663,-0.5235878679391095,-0.28789501712702253,-0.04799204343079522,0.11607961182449217,0.11071434131288899,0.16016223272017824,0.22743756139876622,0.5794387848523496,0.3314350062138347,0.08246859506532536,0.5004217738625796,0.5782360952615795,0.5929750996236367,0.5780239815041951,0.4031000975353497,0.4709537985540501,0.3905843265596993,-0.5978160038692559,-0.2094767560805383,-0.2944124391399239,-0.31253935880930683,-0.5852201802358203,-0.364755608521672,0.0589696527267676,-0.17059373826343258,0.7258335390963885,-0.17782557919606357,0.497380797984695,0.651860201884998,0.5524876111520651,-0.2741536411486184,-0.24116257644664707,0.4040273260299556,-0.1657912100180281,-0.5443349031648732,0.16946261202162843,0.04668269872303409,-0.14669718625886274,-0.23211269960523115,-0.025168492788521696,0.18647739335891927,0.062393633254921504,-0.3319689581140122,0.1201336795201416,0.09276327824168573,0.25645447273952066,-0.24140940046006581,0.737112466732402,0.38128575727854924,0.08586395535155303,-0.05374624396422069,-0.3033878943994199,-0.610684966511787,-0.4931011824964498,-0.09661250679042832,0.04677264953441536,0.23833363554503387,0.5840007458255997,0.3571128653027414
