0,1,2,3,4,5,6,7,8,9,10,11,12,13,14,15,16,17,18,19,20,21,22,23,24,25,26,27,28,29,30,31,32,33,34,35,36,37,38,39,40,41,42,43,44,45,46,47,48,49,50,51,52,53,54,55,56,57,58,59,60,61,62,63,64,65,66,67,68,69,70,71,72,73,74,75,76,77,78,79,80,81,82,83,84,85,86,87,88,89,90,91,92,93,94,95,96,97,98,99
0.0,-0.26768277462473256,-0.22204125621212523,-0.3020269261010551,-0.3086311278784737,-0.2337121015537641,-0.23496690320214564,-0.1701504094526138,-0.1549163206481162,-0.539623928120548,-0.5069323972414853,-0.5240264966734439,-0.4569585616323163,-0.2430494687651757,-0.5195456990648306,-0.34821566366047607,-0.5112215519902493,-0.23937569595640884,-0.2131525833068453,-0.15847293726466194,-0.5694983876028568,-0.49839849682148823,-0.3629264741450601,-0.4975788912074249,-0.5423977001008341,-0.5275053051407914,-0.015655214815099478,-0.17607050965782417,-0.3586756531667339,-0.31656348149528174,0.5559463545849062,0.6977704075031943,0.6445349077097642,0.07093878074604416,0.7404010289450509,-0.051210116756492695,0.6095073925002915,0.5775105328809925,0.5816799364634496,0.2640815732633569,0.6611593339603742,0.45814450032389575,0.6327015030394949,0.5143452183575076,0.7200905575738829,0.525753173101455,0.6623495371298668,0.701257295082444,0.43452634278247443,0.614047458534986,0.32259479106751704,-0.24375607801437077,-0.2612837284964013,-0.3661980717551153,-0.21330694563927446,-0.19179130207013398,-0.23916414900168553,-0.15295530761045315,-0.4060700741868081,-0.36995409422151637,-0.6191604904930916,-0.19002133332523918,-0.3866479861805535,-0.4946524571350159,-0.5858708198703402,-0.5235746455133785,-0.551873130003223,-0.4856262580709784,-0.3958652129552665,-0.22107373978132203,-0.6104857724304189,-0.52786015933006,-0.6033762046988199,-0.6742216211381982,-0.6083535543006147,-0.5812713893506459,-0.5838803457141413,-0.5528516198268105,0.5815757260618053,0.535301650359749,-0.5539926289686032,0.5374565601684645,0.5637062071380174,-0.4807762040183381,0.13536108678256462,0.4472678841616198,0.12641455832468015,0.35751271228887466,-0.11445351106059928,0.5067001011838634,0.6259028292591302,0.5253367951552178,0.33701800829721074,0.6136100949551042,0.34275930456420967,0.5126326271285656,0.47188539866254725,0.5869863164275587,0.642219939023064,0.5773554058843361
-0.26768277462473256,0.0,0.9026741281873897,0.9002986949263969,0.8818703254550342,0.9027643039811603,0.9228484995965264,0.9037820947786599,0.8929644340404687,-0.20953241204855952,-0.02049847125625763,-0.2556136373471861,0.39609949519400817,-0.6405217863812066,-0.1666060876541144,0.8292461234519274,0.04872779494898708,0.8836360332515806,-0.43154013209743447,0.8433463217493827,0.3371704594418883,0.017678191899744646,-0.3052812063821981,-0.15487181744500425,-0.0726904244334088,-0.11463784690652591,-0.8111408162602384,-0.6651725308249987,-0.24718575207161847,-0.5063540200099012,-0.6037039935051288,-0.3781035274437007,-0.49240044441452335,0.6935600879976703,-0.48878645256181447,0.8377348735250993,-0.27696666790773666,-0.3017115766807545,-0.4027247283195645,-0.3753145641068195,-0.3346301510476922,-0.652955182467837,-0.4491909212969337,-0.5584076307227599,-0.45514259724213507,-0.6677730233867487,-0.48445528430529544,-0.6219684896578669,0.43496375802068854,-0.2407006176305602,0.6365511089018576,0.9065228309734072,0.8935090469111278,0.8812202610125189,0.9104098745850057,0.8816186109933362,0.9078086594924069,0.8973826210409855,-0.47134550833641536,-0.46118697106967604,0.011483598436366826,0.18335741036919295,0.8155033412877366,-0.19841320961384104,0.1393852957533389,-0.16054211202511878,0.6679486537392864,0.6125871653145094,0.7867580831697615,0.8875712659167955,0.27016631167789223,0.6824341835570449,0.3269118457406276,-0.010880269890485217,0.18839436295370185,-0.08555952530495702,0.4800463717151157,-0.1215877654432746,-0.5157365286278345,0.22926011617032915,0.3626449241083295,-0.0019305629770376977,-0.3250851195336309,0.32787678826220396,-0.85267069684193,-0.15406067316497643,-0.08781321150603293,-0.7608876291848381,0.8324827962302966,-0.556639909314507,-0.425960697589774,-0.4061908019074223,-0.7839830936876002,-0.32010323422550435,-0.7832228495576178,-0.6057673891435527,-0.6666890369690754,-0.31409415966522325,0.04225129697114388,-0.29481737889518517
-0.22204125621212523,0.9026741281873897,0.0,0.8918335108294928,0.9018546033510124,0.9276873979766347,0.9211106700381195,0.9167644731673313,0.9396410614637275,-0.143740765250395,0.030549829483472197,-0.2565315243411681,0.43725886086336346,-0.6458354151176822,-0.20535407466804909,0.7629565421877645,0.023570174279956765,0.861454454230876,-0.49588330895603405,0.8666182216287579,0.27462915069181565,-0.03874665168694212,-0.34766435235474213,-0.19455569313772267,-0.09382248574530815,-0.1544457909630234,-0.8180326911982719,-0.6560483723434662,-0.15355986962688908,-0.5381116885882462,-0.6607260056765765,-0.30472751438689544,-0.4296846222924976,0.6684633104090925,-0.4789144898990772,0.9167048970155361,-0.13612148681055683,-0.23473458234843667,-0.3586943416749605,-0.4657587801972313,-0.24210591812337667,-0.6470221793045589,-0.45874149919710067,-0.4599020568857324,-0.3981869263809603,-0.5936685529551732,-0.4204511563621418,-0.5165793055564023,0.5893494052645576,-0.11569960885115516,0.6453291501829186,0.8916819021392626,0.8416619092384316,0.8605934530200059,0.9208846516451804,0.9441898359607923,0.8842303495262094,0.9107483662943907,-0.4492229050511662,-0.416231156529696,0.04596907456776958,0.2818626631491539,0.8631876598396476,-0.23344368844623234,0.09873082378561507,-0.19291300869736558,0.6192148281715468,0.577214664392346,0.7323608137807294,0.8607941224909232,0.21885814675979567,0.6049170453957424,0.2620703422860824,-0.03831815945581293,0.15201695481819394,-0.10919713000873392,0.4494120689171296,-0.15068916544371108,-0.5060555107686082,0.2868263622301223,0.25670463589126247,0.04140360176521661,-0.3435001664785151,0.22666523208532305,-0.8384952284762498,-0.1507457847566452,0.07968624299538085,-0.7135676292071531,0.8790200872680863,-0.5175487027385159,-0.37953388410916233,-0.41040999382342336,-0.7533780345132886,-0.3099202212000828,-0.8125148847360728,-0.5289098842688768,-0.6017278270709844,-0.26921294118680017,0.2080666089496233,-0.18933750299276456
-0.3020269261010551,0.9002986949263969,0.8918335108294928,0.0,0.9040250909632498,0.9150002539195906,0.9271109072325028,0.9005154701278122,0.8929321593521016,-0.12880869848771212,0.06443583044783052,-0.18313500254767906,0.4577098832440408,-0.602807527474747,-0.09406449551722956,0.863155492357447,0.13772706166689247,0.9043925365534655,-0.36188222927139374,0.8833588052343821,0.41576593153565833,0.10461129429794012,-0.23152896906378287,-0.07390436386590518,0.008879880221061027,-0.03491978087163021,-0.7671636892310386,-0.6073089520215207,-0.12576121588699957,-0.4525419294882837,-0.6781190497292379,-0.4614461530794826,-0.5664464655351922,0.7347783179596514,-0.49326510069159873,0.8450804198195766,-0.31885736322397534,-0.3966802923123627,-0.4997676903216391,-0.48819981775210636,-0.3997070055219692,-0.7312350242605062,-0.5415891763611843,-0.6230646786925028,-0.4978995467324634,-0.7299229865881957,-0.5525257202296328,-0.6484480547010736,0.4032392206523087,-0.2991824108554778,0.5912867647491008,0.9181111867174515,0.9066041543732645,0.8972523522782492,0.918976938823339,0.8914237261422896,0.9148207548855491,0.8956968388659725,-0.40100790080935533,-0.4005437792381852,0.08396971194365786,0.2201361546934157,0.8380915987684167,-0.13823114371464512,0.20790479285220825,-0.08747681866536433,0.7106039952342499,0.6721143969428472,0.8365103077708246,0.9032838990076811,0.3548378619378956,0.737193245069366,0.402654271981074,0.07142926525562349,0.27294430221240973,-0.004172173183083869,0.5644452204994852,-0.04013236966863387,-0.5980722466728412,0.13866481342049322,0.44915342889738763,-0.0578546526311834,-0.40865810809382197,0.41718277134845644,-0.8434437506470909,-0.22841227865598038,-0.008345697208109178,-0.7984999208231884,0.8505080984821568,-0.6255776876498632,-0.49885561515787974,-0.5068839916005985,-0.8351510704693587,-0.41607616212488246,-0.8433521375794998,-0.6727604494283526,-0.727865563072243,-0.32843722555365495,-0.0007254912375621579,-0.35619188662441675
-0.3086311278784737,0.8818703254550342,0.9018546033510124,0.9040250909632498,0.0,0.8971484213807683,0.8585370347970166,0.8459422744178297,0.8712306498632152,-0.03837510698863217,0.16970742502554909,-0.11035757234775684,0.46583258644916925,-0.5112067218401884,-0.024829403635855462,0.7948968238047803,0.1932927136260792,0.851802172794247,-0.2935006580635029,0.8621612750541348,0.4393058550945267,0.14029072557458425,-0.14600815841414244,-0.013137749214583466,0.10258285692798165,0.023381117114616722,-0.6844365035516383,-0.49496681082967803,0.02381044762237495,-0.364905690659953,-0.7214969256589022,-0.42767832788099014,-0.5118474844486782,0.6796631376574434,-0.41622501955495,0.8519464165190658,-0.28479703593466865,-0.38334012224722147,-0.48132506555296994,-0.4686878441868436,-0.3772521899127818,-0.712821733717121,-0.5270133430161167,-0.5763222957788455,-0.48298598013986715,-0.66696715117362,-0.5144312629736738,-0.5683560428934191,0.4535056536356274,-0.2719906167454531,0.5058827055847058,0.8575171533380734,0.8207125576384376,0.8546765178629366,0.8859973115848125,0.8959297974630673,0.8403753787438868,0.8369335466830904,-0.30632929576651485,-0.290488495909622,0.16551559840098573,0.2296810560435978,0.8462469708315064,-0.081825765290333,0.2553070296738472,-0.019086197968628534,0.6000187563123253,0.6746788178398699,0.7634488075410217,0.8324386687514197,0.37098184643310117,0.6741121260258638,0.4086382348227655,0.09121990619078447,0.3061886167103264,0.052886549434336884,0.5685409396255046,0.020352911776118438,-0.6300205964146971,0.10432363729546594,0.3315245910376252,-0.1509704205830115,-0.4979485672433652,0.3352211251460917,-0.8505354235016721,-0.33986428454227025,-0.011853464655198601,-0.7878538272592853,0.7971052140710467,-0.6487604204446021,-0.5118797278558945,-0.5447324001764974,-0.7993419069799519,-0.4430819344737983,-0.8294763762544071,-0.6417387377944025,-0.691172914586777,-0.41080173886001253,0.06806749525333901,-0.3546347526014348
-0.2337121015537641,0.9027643039811603,0.9276873979766347,0.9150002539195906,0.8971484213807683,0.0,0.8761769137189365,0.8706373389974311,0.9007778485207167,-0.11596514439658838,0.08259048672299979,-0.21695179951321059,0.4228680507925,-0.5867148276778067,-0.1549756201271723,0.7449599541706023,0.06651553432660078,0.8332230794026353,-0.4199149527179732,0.8464179805869927,0.31071520241676664,0.0052140970699374655,-0.2744583712528574,-0.14687177428537995,-0.03796943442567829,-0.10918761462763509,-0.751125144839893,-0.5875360230597166,-0.09296739288243393,-0.4757700327709336,-0.6556145205220343,-0.3021244223533248,-0.4035244104342175,0.6608999559410446,-0.39041385145130514,0.8861246690210526,-0.16804658616774393,-0.24921212026406198,-0.361425126040851,-0.4553909536239563,-0.2465106027375753,-0.6409861208985723,-0.4370586390128942,-0.4616633306598504,-0.3669382106021921,-0.5767731208090535,-0.40538904747035365,-0.4662944806537956,0.5822166194049718,-0.13758335164312568,0.5842392831736961,0.8551865022253823,0.803563771077674,0.832498691939138,0.8895623626747103,0.9133415681669843,0.8409710184359351,0.8643540435014316,-0.39951856982403927,-0.35974149480610534,0.07311657403156938,0.2559909494450484,0.8413929501836808,-0.18402311748699018,0.14329730846897068,-0.14848201608854894,0.5253959168748964,0.5908383918657837,0.7020096052663382,0.8220051834959077,0.24057902347283172,0.5818940286603335,0.2816662407270013,-0.03714387293178358,0.17818805358774653,-0.07228412924367111,0.45340686424566856,-0.11174843431668291,-0.5237966644549984,0.23855969201451194,0.2158880008730009,-0.015351362733953875,-0.37794731882139465,0.20765134800656213,-0.835431096160819,-0.22168627727398854,-0.004574666947725548,-0.7219464392966604,0.8191987021014466,-0.5433784145103895,-0.40189372159176856,-0.45448963149302163,-0.7461284045020956,-0.3314109430592019,-0.7988052808898249,-0.5345957807714137,-0.6029043762200496,-0.29851851364197746,0.20253631312774412,-0.2221640418394601
-0.23496690320214564,0.9228484995965264,0.9211106700381195,0.9271109072325028,0.8585370347970166,0.8761769137189365,0.0,0.8721070848860885,0.8563696070468135,-0.2339106625869096,-0.10773961690169216,-0.3278979314712147,0.2739049009172282,-0.6830634790551032,-0.2532497349899035,0.7413645662727181,-0.06328037080091549,0.8221551959289931,-0.5214257332018032,0.8012545967354511,0.22788119316305305,-0.09700430820770317,-0.38294018820345216,-0.23648909773412208,-0.15999455148766392,-0.19649501477102288,-0.7820748538613898,-0.6826912732508532,-0.26318472717064584,-0.5647234693464088,-0.5544250177544918,-0.31655226846381657,-0.3902218032933051,0.6431860182225391,-0.45617755459129705,0.8241288295418182,-0.15783501314951062,-0.2123861234803892,-0.3158377999049422,-0.3452404050398156,-0.22422429101345362,-0.5493150883320959,-0.38763487784599493,-0.4338276969380087,-0.332841743061107,-0.5572621211208229,-0.37853741397083174,-0.49372358892436213,0.4861543027278785,-0.11787116685161407,0.6384091018951423,0.8485172279283995,0.8219733264407623,0.8128628073596003,0.8490451949904119,0.8440758192365734,0.8571682942559626,0.8632246423362169,-0.5074557975119501,-0.5029026933976568,-0.06219382519198707,0.09799774323177463,0.7169160491248007,-0.3194881263525701,0.01440899567795414,-0.2537208832445422,0.6610121955680096,0.4702529527561117,0.7005055717093391,0.8291882509750331,0.17006530405024092,0.5868786093290973,0.21578675816752194,-0.061538522841749224,0.08581131784139058,-0.16141015638223097,0.38600668816157946,-0.20129612935233374,-0.4361848391732779,0.2649697848750932,0.2871676032244595,0.1147860447906397,-0.21013802033496098,0.24103498500142145,-0.7217615426542787,-0.013085459761709438,0.06028804039618214,-0.6220686954396621,0.8298516369655826,-0.43093319136855557,-0.32031603634399736,-0.3221220536774034,-0.6895136474632702,-0.24387959015545418,-0.7141289601771165,-0.49120481156528617,-0.5488112915784072,-0.1305948151759446,0.1355928966286009,-0.1663371302845304
-0.1701504094526138,0.9037820947786599,0.9167644731673313,0.9005154701278122,0.8459422744178297,0.8706373389974311,0.8721070848860885,0.0,0.9297263069233029,-0.26503408267413475,-0.12858293803239088,-0.37868314888187304,0.33527911904803764,-0.7468581646334124,-0.32457549934826047,0.7560148435279419,-0.10609934984590713,0.8613410747773936,-0.5995688377723801,0.8544101570930432,0.18334695800304604,-0.15235478225230192,-0.4629577855530106,-0.3124921458209744,-0.21639660843893435,-0.26784320693107927,-0.8739339990392782,-0.7641141884023306,-0.29619265080968915,-0.6448655481780585,-0.5685385869529557,-0.26068678471440776,-0.37234216066427916,0.6824641195333054,-0.4606891349791157,0.9071226426419041,-0.08226376631543782,-0.16376873711359316,-0.2876348083418826,-0.388975958969414,-0.17148207343407004,-0.5758222382055017,-0.38750827798319243,-0.4118258591788103,-0.3096142404239854,-0.55548881445921,-0.355068805012035,-0.47507935103355,0.6040148654083664,-0.050059855722043814,0.7249424057239847,0.9006175472316752,0.8588667043040943,0.8458459297625206,0.9129102575197071,0.9198349628912819,0.9048554336744228,0.9309289665946001,-0.566739432985172,-0.5512443792270406,-0.0834511245226883,0.1994978826057396,0.7937806658068133,-0.3670813289506441,-0.028824664421496015,-0.31644532372462325,0.6527852166578315,0.47992328340596324,0.7130991916362971,0.8742248318592433,0.12459923161356848,0.5704300356681827,0.17019889087578446,-0.1253482023711939,0.04075926073629602,-0.22241896666046743,0.3654246867574699,-0.2678835496450229,-0.41797639592973207,0.35633411626925016,0.2388981788966901,0.16982625416170827,-0.202429365944576,0.181108370004021,-0.7982303991254552,0.003484263878421253,0.10064675941210725,-0.658575361202325,0.8994620516495577,-0.4261424668460462,-0.28930047541048504,-0.3067618481235348,-0.7148636055655461,-0.21263302700574943,-0.7689412666265735,-0.4748323922925937,-0.54956967571016,-0.1304376278429754,0.23751836059323844,-0.10897532448452234
-0.1549163206481162,0.8929644340404687,0.9396410614637275,0.8929321593521016,0.8712306498632152,0.9007778485207167,0.8563696070468135,0.9297263069233029,0.0,-0.17145870021975876,-0.017126155525943116,-0.30756387940373076,0.3893875121686914,-0.6518300127071074,-0.27270559682850937,0.6753542096301334,-0.05936974414320561,0.7961954586095555,-0.5465625386610548,0.8191880392407251,0.17736734550537325,-0.1299202790283923,-0.40169017463017487,-0.27518149950992055,-0.1552267031071544,-0.23098582575717425,-0.8059114978494242,-0.6656863578342322,-0.17632538236593745,-0.5688962676957423,-0.5934512908162225,-0.19862511157427676,-0.31057736559004406,0.6227034444099863,-0.39886239353724884,0.9043644590914637,-0.025471770315231044,-0.12759894567849867,-0.25550455991496407,-0.4338797063748273,-0.12722513423286694,-0.5647702660961788,-0.3754675030811931,-0.34763391447274233,-0.2771843211657132,-0.48494575239655774,-0.3078791833238842,-0.38325396378761617,0.6700182687490662,-0.001886759386294393,0.6538715419013633,0.8371152413776837,0.7697290996805266,0.7932502670785696,0.8801658248385823,0.9184437781778033,0.8289475264213635,0.8736132013922181,-0.47298258681387756,-0.4284004620771104,-0.0028800401101298353,0.28698662175866924,0.8183601860997628,-0.2916175057691366,0.01731728664510926,-0.2579566935518508,0.5101701396603384,0.48815555554506823,0.6368541405655083,0.7980147167386233,0.12037123941071687,0.49222441188473043,0.15833846066044038,-0.12475541583110773,0.058942644399724124,-0.17910809185299803,0.34988234676547364,-0.22016946746346053,-0.41971865824133325,0.35307029610974167,0.12879970564841062,0.1153970526930799,-0.267683731818896,0.09363149643760824,-0.7930275178533065,-0.08508977986704978,0.10870240009056145,-0.6350153822446956,0.8430597332548607,-0.42749417852708393,-0.2835289859240678,-0.3394839590937066,-0.6740882315873673,-0.22237916822230164,-0.759080231012701,-0.425504185642914,-0.5028141945237379,-0.18728877262406693,0.32073118183208205,-0.0844331364091055
-0.539623928120548,-0.20953241204855952,-0.143740765250395,-0.12880869848771212,-0.03837510698863217,-0.11596514439658838,-0.2339106625869096,-0.26503408267413475,-0.17145870021975876,0.0,0.6931186676241661,0.6660813700366296,0.568972814924781,0.5030072932058592,0.5366577151475166,-0.11320256935510736,0.49122073417037093,-0.14545136846202633,0.293243503871002,-0.11571098800090542,0.32761940105055776,0.4203002823240335,0.4159608470905064,0.49779404610023253,0.5705710502450535,0.5269283388938615,0.30965096756864796,0.46593028315806956,0.6784843693198379,0.48564794992495436,-0.3851414722713625,-0.40499934932806486,-0.36265192318438355,-0.34613533007716857,-0.49391084589738227,-0.1268816402151252,-0.2100711385107532,-0.35975925453782465,-0.37094206724455514,-0.39591542493865695,-0.36023478387407315,-0.2312586494986526,-0.5234798453107778,-0.12422111835144392,-0.4297416602788346,-0.142291365610071,-0.3791126674215456,-0.2604738921644692,-0.29958535340003983,-0.2842499003694621,-0.5365234740305701,-0.14806861020056378,-0.18655025870140554,-0.00950111921390221,-0.13141977172434705,-0.03865739693650394,-0.16489514461340893,-0.18052509206045073,0.6757631424653908,0.6989461895977833,0.7393010680664811,0.5460533563572837,0.2113473131208815,0.5889440922502993,0.4963345145026422,0.5860545828348913,0.2422678436951171,0.22876761720992167,0.027157393127975795,-0.16582712822025722,0.4386739480318887,0.15207267490013127,0.3815183834637301,0.6632035556537186,0.5000090298483102,0.6215545614864961,0.3730372688951563,0.5884727847408585,-0.3235289435925328,-0.4950681836993874,0.318655790857264,-0.4184586183056168,-0.45604656560474416,0.23547688215798712,0.2424125470874453,-0.3825931577978492,0.366226552806165,0.0333519764532183,-0.10406946967917907,-0.21478389046288218,-0.36749144604627465,-0.38460460694594056,0.0095739355899694,-0.4811574470120208,-0.11310761304159646,-0.13057421490291501,-0.09795518508600265,-0.3403688942672787,-0.3324889210124673,-0.2562418228645212
-0.5069323972414853,-0.02049847125625763,0.030549829483472197,0.06443583044783052,0.16970742502554909,0.08259048672299979,-0.10773961690169216,-0.12858293803239088,-0.017126155525943116,0.6931186676241661,0.0,0.6799742571413695,0.6361911140673677,0.49580501321042003,0.6279227810776018,0.08938970686017032,0.6581238948180835,0.02624512839288174,0.46216959849221784,0.05913862952252088,0.517339617101342,0.5879820527328585,0.552590831009067,0.5863173519761817,0.6623836037668456,0.6109654559501863,0.2601299815463641,0.4672670113584522,0.7172047862185107,0.5304128400198143,-0.47954067230376246,-0.44435675352813286,-0.44490808454147696,-0.096516499305952,-0.31339694472974094,-0.009285863690508147,-0.37511721368676476,-0.48923251049976,-0.498351147919218,-0.5143322455806684,-0.4745418246180978,-0.4207911686506142,-0.558775065748273,-0.33488453657778494,-0.49251650901205585,-0.30666335099717673,-0.47488426302208087,-0.3176643560790176,-0.22444814044491582,-0.43056968729888034,-0.4524458689871218,0.0024680927688854586,-0.018998271113279303,0.15370442240828247,0.04467112217646141,0.10146839300898762,-0.033249006888116085,-0.06926671992031956,0.645474297326515,0.6855926473015856,0.7497562113512463,0.5162830965020488,0.3493945456984543,0.6942313765460172,0.663351057461622,0.6719444175869834,0.12011810857558929,0.4796585104419252,0.2007036766318903,-0.013402563867282809,0.5708717445719023,0.2985098491225643,0.5469943279878491,0.6154539101360422,0.6176252912662131,0.6658772891217509,0.510947816371972,0.6565870207492003,-0.4714806051693668,-0.5150181916081229,0.3753967179662993,-0.5566886902806292,-0.6282869089284083,0.37931481217962876,-0.034402067877881796,-0.6233528468933076,0.0884814024886108,-0.23005039742270958,-0.05003592565204222,-0.4486388365284644,-0.5233917500251534,-0.5788041214291725,-0.21150450484257932,-0.5922713718304805,-0.27627892700024886,-0.3362048582150506,-0.31483805509737917,-0.5092072006906215,-0.3364753768207254,-0.44725443527672687
-0.5240264966734439,-0.2556136373471861,-0.2565315243411681,-0.18313500254767906,-0.11035757234775684,-0.21695179951321059,-0.3278979314712147,-0.37868314888187304,-0.30756387940373076,0.6660813700366296,0.6799742571413695,0.0,0.5093884939597952,0.7940735125745672,0.8512122054853394,-0.09343121458996317,0.7643443465353007,-0.23287991109356354,0.6720614243287861,-0.2501330265983029,0.5767763374230791,0.7325113236718381,0.7716974874806449,0.8077744844787111,0.8434841327114123,0.8243334670125669,0.5636714290304485,0.755473955501367,0.8305501063796068,0.8113949563430074,-0.4132667166255526,-0.5681700926718765,-0.49011430565850606,-0.432679775633684,-0.45288641887922493,-0.36738925966297925,-0.5310135990692262,-0.5668664522902077,-0.5217557253027912,-0.31102717934727253,-0.6037263187229607,-0.2745972770575455,-0.5573689050657279,-0.30850136508016834,-0.6151303797530312,-0.23918951296897742,-0.5299037948923541,-0.40171009627598475,-0.6514579776833622,-0.5928493870851044,-0.8044552109503141,-0.2630742056083309,-0.2552018960291639,-0.06965304380008118,-0.25768768195370884,-0.22617691385975475,-0.29701637346330334,-0.3713877332075539,0.907471731945431,0.9181151751461414,0.8890224935632928,0.3343266207385767,0.1030461486937228,0.8922315766156907,0.7801931301630363,0.8750678803937944,0.12339461006734434,0.3725661266021126,0.03005356233249872,-0.2778535281981485,0.6667598371841519,0.2406786673674746,0.6184775178028369,0.8498009776107567,0.7328213721404928,0.8694050029457074,0.511250060717537,0.8636762228278321,-0.46965654236700893,-0.7911458824567097,0.4335757591088971,-0.7530684326146599,-0.6562067197317151,0.4306492320171875,0.2651442840538633,-0.6659089009081715,0.0008371817425410999,-0.03721356749012871,-0.3537731308931152,-0.38354003139663234,-0.5667584840354462,-0.5244053735137526,-0.0056599257169817055,-0.6443723952937194,-0.0262298217195651,-0.2864639804349391,-0.21292731423961925,-0.6260890411898317,-0.6722981112015486,-0.5551775358826758
-0.4569585616323163,0.39609949519400817,0.43725886086336346,0.4577098832440408,0.46583258644916925,0.4228680507925,0.2739049009172282,0.33527911904803764,0.3893875121686914,0.568972814924781,0.6361911140673677,0.5093884939597952,0.0,0.0189459174175778,0.16360514019648478,0.20520370654377132,0.2866905588611515,0.22274192981629007,-0.002819146321840875,0.22888579431228978,0.22727710775862128,0.20729718823759705,0.047677991118382064,0.13881716641745864,0.19954744240195396,0.1763520961572911,-0.2170932616533331,-0.06263141991611496,0.1944295385811857,0.02761105384879808,-0.2991152826808235,-0.26544920587867327,-0.36601259019856514,0.14392753799324204,-0.33446016207466106,0.2241070819539963,-0.14882253179430113,-0.27401517525116054,-0.34278204429291126,-0.5952170430836353,-0.2443617423537355,-0.447602770705882,-0.46758724254955114,-0.25588182270982784,-0.3293993517635073,-0.3234708449568263,-0.3616947798328578,-0.31515466878237547,0.06677215741703905,-0.18576500482612046,0.0013795937515578415,0.2273466675422807,0.20214329186717878,0.29664269800869086,0.22208881755270543,0.2728005420793462,0.2170316819558293,0.21636383037645016,0.2154575788456854,0.262645080472913,0.42787378502452084,0.820386739442904,0.479539344231744,0.31373338449560084,0.2912790442686779,0.2508670747042902,0.26451614175915905,0.36299017841979464,0.31168276134460393,0.22737927430338029,0.2788265774496751,0.2983113276721732,0.2769648446038213,0.28587423891809993,0.29305473849128916,0.25840101696306184,0.3166749303669541,0.22675444071542808,-0.23130255922885218,-0.06560910994871372,0.36282812531201325,-0.1017051902453701,-0.28691107059103726,0.23122791050586422,-0.24512689452635217,-0.25319469514153264,0.17782901342692006,-0.30133046782635675,0.24640138886549953,-0.2837788472381781,-0.2937676583029448,-0.38395109864793703,-0.2919862257616924,-0.33385080822387075,-0.40995324798677985,-0.250507820856095,-0.29631909600339434,-0.2332502081501115,-0.09691439343951892,-0.17729130275676508
-0.2430494687651757,-0.6405217863812066,-0.6458354151176822,-0.602807527474747,-0.5112067218401884,-0.5867148276778067,-0.6830634790551032,-0.7468581646334124,-0.6518300127071074,0.5030072932058592,0.49580501321042003,0.7940735125745672,0.0189459174175778,0.0,0.7088148273896693,-0.432654039846003,0.5248113634122873,-0.576215955718531,0.7232934821862695,-0.5964902883397398,0.26912927448699103,0.5367459062121234,0.7320697916513352,0.6578276625759597,0.6423894776629873,0.6499000151846215,0.7855845578283707,0.8711417207731408,0.640071640548634,0.8476608005763502,0.005648951857470517,-0.17950649647834602,-0.07456388220340474,-0.65707283627435,-0.062362952922204354,-0.6744067021988496,-0.30690669444563423,-0.22434795464925572,-0.12949267918404792,0.10169037986552283,-0.28671607725794984,0.15160432092607715,-0.09514951076812381,0.030883898910805646,-0.24733830820381353,0.15858424969966997,-0.12751925069721856,-0.005232867901511562,-0.6811010441855436,-0.34251772705515376,-0.8669868308957767,-0.6054260229554789,-0.5816589201576011,-0.4641132800811736,-0.5847208759027255,-0.5737774218912031,-0.6376187446803432,-0.6889887124526698,0.8210954119366742,0.8433894886126885,0.5753262833278636,-0.03923424701442129,-0.3228209603887337,0.7426405571347677,0.5266602296403198,0.7006963190378934,-0.3415536381278787,0.014990119372094263,-0.3655432698886183,-0.6170185269484211,0.33957952469945235,-0.15698848003281324,0.29494493463473725,0.5462494992386919,0.4298575830927633,0.6377669929413881,0.1194682807221101,0.667598294432577,-0.10248150369986297,-0.6399214584233436,0.04128518739812953,-0.6173631886307875,-0.3494352146343484,0.11217976878870249,0.5051013657608463,-0.4618216288191189,-0.1944521769301586,0.2965856708322846,-0.701733461478952,-0.043482108993386004,-0.2169328089427286,-0.14167384408187772,0.3575217739145723,-0.270010136309947,0.4007979390432481,0.06610696161386981,0.15388050326746996,-0.42989266198083104,-0.5158176784996422,-0.30704771451541585
-0.5195456990648306,-0.1666060876541144,-0.20535407466804909,-0.09406449551722956,-0.024829403635855462,-0.1549756201271723,-0.2532497349899035,-0.32457549934826047,-0.27270559682850937,0.5366577151475166,0.6279227810776018,0.8512122054853394,0.16360514019648478,0.7088148273896693,0.0,0.06623325674689093,0.8382475074870472,-0.13441727302102388,0.827922966961359,-0.16457403847676302,0.7209341145097754,0.8516215763273337,0.8990746752940583,0.8969346666089708,0.9085881487946523,0.8962544570637512,0.6100435351765133,0.7825939463179552,0.8045298396225231,0.8549638375437083,-0.41849682169509655,-0.6269695461508701,-0.5154013422023443,-0.2711324545173429,-0.269524641391073,-0.3604407114660454,-0.7129970467301369,-0.6672532090570291,-0.5828651294893084,-0.1561060974840566,-0.7070235328643281,-0.30015952067620905,-0.48680843411004987,-0.46546134840164577,-0.628701856776688,-0.3405139997193369,-0.5766083569724273,-0.44268286785672545,-0.7121954280806798,-0.7419110925052894,-0.7613872851662976,-0.18651649223496475,-0.13903147128578558,0.0017724692286884192,-0.18770282480044742,-0.21492948566154604,-0.22733527887755486,-0.3405686620374199,0.8305408432081647,0.8115062607007815,0.7879004971625926,-0.011278452759973022,0.05211156304264202,0.887586504400167,0.8456536400397356,0.883819891444062,0.08923508046142868,0.47430996765425676,0.11721808345669682,-0.19807006641402128,0.746827341442694,0.34268457064368874,0.7262200306446198,0.8084504801430601,0.7953966190268539,0.877867616342026,0.5833612927132978,0.8824321291933674,-0.5773348764321309,-0.8661028073030904,0.45737592580347614,-0.8849602160308508,-0.7267869318688944,0.5517734567407491,0.14080520562366253,-0.7907366556661208,-0.28754924333855947,-0.18491934565823295,-0.37862267162095176,-0.5230780104988606,-0.6605741944578833,-0.5834196911001247,-0.11856604061140766,-0.6833094287009767,-0.039748158367763235,-0.44003448449205484,-0.3473498791239732,-0.7168738655997124,-0.7649856972173817,-0.7273303648938708
-0.34821566366047607,0.8292461234519274,0.7629565421877645,0.863155492357447,0.7948968238047803,0.7449599541706023,0.7413645662727181,0.7560148435279419,0.6753542096301334,-0.11320256935510736,0.08938970686017032,-0.09343121458996317,0.20520370654377132,-0.432654039846003,0.06623325674689093,0.0,0.27007004199978907,0.8434889147064782,-0.06351658438624058,0.8006661066120684,0.5565099421403907,0.2921620249250794,-0.004114779183409835,0.10235458621258181,0.1245151719120855,0.12024146929915282,-0.5639367408153324,-0.4491143435548616,-0.116033592115173,-0.269804114031348,-0.5341927944972317,-0.5414428201836076,-0.6147018509204464,0.8021804768464081,-0.23489694720672952,0.6316680970199123,-0.5480473528794048,-0.5442133856444105,-0.5815161053259362,-0.35790225865302255,-0.5246589573936282,-0.7108917954072913,-0.4649546843258394,-0.7634752785475812,-0.48545319404664944,-0.7902446094437556,-0.5999837665223076,-0.6678885665230895,0.13916335047013145,-0.5039070993760713,0.47471847005674717,0.8143934135473728,0.8709488848381057,0.8293986577840585,0.7795386421928914,0.6768164498788356,0.8128263343759567,0.7315499818068721,-0.33254956062835,-0.3716263033326858,0.039857738009655995,0.001004396594941331,0.6385515402818756,-0.01956428671785993,0.30701681130582315,0.04154865368196979,0.6323402263109721,0.7006181151258523,0.8471291572508829,0.8335992199585717,0.4665711304539079,0.7952816861496086,0.5280736344673188,0.11659606491018695,0.3647205384497717,0.08610095587301982,0.6046475987369133,0.07528413264595812,-0.6066498383057694,-0.0534304981188725,0.5928456499162194,-0.18989274774221834,-0.407757728787588,0.6120725343149084,-0.7891008507019267,-0.33566312422878103,-0.2904651947810932,-0.8390649389437528,0.6588088612660231,-0.6982409331981688,-0.5656564129990512,-0.5651212569393911,-0.8444429049590748,-0.4592840470160411,-0.7335053268808142,-0.7746893818955537,-0.8033406711557273,-0.3389233070938723,-0.2377353580852992,-0.5452338228030215
-0.5112215519902493,0.04872779494898708,0.023570174279956765,0.13772706166689247,0.1932927136260792,0.06651553432660078,-0.06328037080091549,-0.10609934984590713,-0.05936974414320561,0.49122073417037093,0.6581238948180835,0.7643443465353007,0.2866905588611515,0.5248113634122873,0.8382475074870472,0.27007004199978907,0.0,0.13364307609547021,0.7730955606391832,0.14467933496523577,0.816008023276454,0.8934826496544431,0.8293306991821665,0.8531055480391957,0.8598991966396775,0.8596472459507228,0.3743729502031271,0.5939921299340649,0.7983694612909071,0.7077912423097946,-0.5657079939036029,-0.7021526324101452,-0.6820822227181965,0.09417686858980304,-0.20651717100614594,-0.09556961061660471,-0.7356218970508708,-0.8062220786711216,-0.7575193239962096,-0.508307467544841,-0.7719951224177163,-0.6058143987478072,-0.6554350687020516,-0.6706297434074,-0.6906572013769444,-0.5683715679005852,-0.7042258074232406,-0.5441739161268963,-0.5206599534556248,-0.7883401378460677,-0.5305524401006132,0.059833824474340616,0.11437344125320403,0.24564896063391928,0.06064926550272397,0.02543381792544615,0.01642192245891728,-0.09582857182177584,0.6972350672161812,0.6952275906509979,0.7730786469485396,0.22647872089268803,0.2983983592762286,0.8623298876816273,0.8825800401032247,0.8642246205484482,0.20611222097345352,0.6983213621771148,0.3926910116063646,0.07493114301069354,0.833459388056438,0.5484827763293402,0.8222575901649684,0.7540407027184066,0.8518945915068916,0.8365737565440714,0.7371900435139908,0.854154343074056,-0.7042308001230027,-0.7854278651293733,0.6426416849899921,-0.827756995189377,-0.8309620911259502,0.7254149789979033,-0.15443833926115536,-0.8767479599127266,-0.1870055999017343,-0.4629504539223177,-0.1018846805417445,-0.7185185500733869,-0.7673352049497997,-0.7928492670455718,-0.41425195272029675,-0.8015179606006367,-0.34573546596992005,-0.6406259533927318,-0.5897706614535931,-0.7138276639857133,-0.67202143925909,-0.7983674956440988
-0.23937569595640884,0.8836360332515806,0.861454454230876,0.9043925365534655,0.851802172794247,0.8332230794026353,0.8221551959289931,0.8613410747773936,0.7961954586095555,-0.14545136846202633,0.02624512839288174,-0.23287991109356354,0.22274192981629007,-0.576215955718531,-0.13441727302102388,0.8434889147064782,0.13364307609547021,0.0,-0.3320539101980473,0.9471839465041137,0.4138202075218364,0.0993558451349603,-0.23983330905785216,-0.10138407866714505,-0.048625248863325955,-0.07304515480210304,-0.7765871505704268,-0.6548951896317942,-0.17711023687866406,-0.5031061451036283,-0.6188204223303099,-0.4350488986962983,-0.5469943608062826,0.8858731840274129,-0.2955284650461183,0.8662275985076373,-0.32469595714146626,-0.4150236562185462,-0.5070859834142937,-0.5034418167045648,-0.37165169335997583,-0.7501468750699437,-0.48756046821487725,-0.6633217043100194,-0.4067108378269565,-0.7513713482600727,-0.5201626185034813,-0.5869574054704789,0.4471457513439876,-0.2933171357419226,0.6746017457919414,0.9427005088790695,0.954475374461758,0.9226162077986434,0.9350205100329063,0.8847308303507505,0.9410376221918566,0.913795761310826,-0.48875371560560266,-0.4998039594050245,-0.029064469318253534,0.14661124013101762,0.7890978646114193,-0.20833521647730396,0.15171443171374752,-0.14358743835009607,0.6865102100021189,0.6713393601357998,0.8761055078246444,0.9461898890756948,0.3352055154652132,0.7548435447682952,0.38877875721723965,-0.018809534051822882,0.2336617581206839,-0.0743284969992358,0.5485320993485268,-0.10104979535834888,-0.5778257224604179,0.158105347530285,0.48104179277874254,-0.002836205897112439,-0.35670524962735806,0.46896281892330544,-0.8867218258448883,-0.21166058373089291,-0.0488973158885432,-0.8486807173598597,0.8768082425015393,-0.6395224635378094,-0.4735507068237488,-0.5230705677738462,-0.8887357913332329,-0.39337438962443194,-0.8657126378198416,-0.7040229307187253,-0.7665138602307772,-0.2237837038983809,0.04301287793265494,-0.35896997797838426
-0.2131525833068453,-0.43154013209743447,-0.49588330895603405,-0.36188222927139374,-0.2935006580635029,-0.4199149527179732,-0.5214257332018032,-0.5995688377723801,-0.5465625386610548,0.293243503871002,0.46216959849221784,0.6720614243287861,-0.002819146321840875,0.7232934821862695,0.827922966961359,-0.06351658438624058,0.7730955606391832,-0.3320539101980473,0.0,-0.2503516241376472,0.47575837651338737,0.6779066201267855,0.7946971851491847,0.6825732407204892,0.6065456290705616,0.6510283916716983,0.6626428525539422,0.7080147092713538,0.5262962055919577,0.7305567304585776,0.0033128314942825103,-0.2913866335618347,-0.2094650864240593,-0.08554066034664205,0.3579012000303991,-0.5021650909166436,-0.5282300063317579,-0.451289199175019,-0.3292287360700428,0.00044691967427274766,-0.4156255269764981,-0.09875272962870342,-0.09162762526800275,-0.31692923784091576,-0.20076446779290297,-0.13618293430891273,-0.23654230948439953,-0.07061337757905853,-0.6238673919388931,-0.53584657947797,-0.5910223869636768,-0.3453045309694133,-0.24450717029479724,-0.21969189765402533,-0.3528943692102781,-0.44630931790843403,-0.377786222186277,-0.486036866038923,0.5643767919814784,0.5426415490576114,0.33776991868214506,-0.2501396559882971,-0.28144836248794997,0.6457735280181293,0.5474612742139792,0.6415140667883852,-0.29573308034383555,0.2537716562302687,-0.03775090493626536,-0.3048046827314418,0.4627786686153775,0.11488078496218047,0.45589980936197777,0.3881934956250648,0.48868331515117674,0.5457714256472932,0.27660676042654264,0.6042418222969848,-0.25357142632754043,-0.6563688988075745,0.2765371191211871,-0.6263747090172374,-0.399069767732277,0.432934012305237,0.16429047591290735,-0.5952806264969213,-0.46067755074828004,-0.08140524032040194,-0.523881778506871,-0.3135879228789651,-0.35359518627504677,-0.3530589464116646,-0.0017046666505801166,-0.36197919773101483,0.16674953442456378,-0.26120167175714304,-0.18965964658077333,-0.3755208376844474,-0.5577713852359162,-0.5396236751213302
-0.15847293726466194,0.8433463217493827,0.8666182216287579,0.8833588052343821,0.8621612750541348,0.8464179805869927,0.8012545967354511,0.8544101570930432,0.8191880392407251,-0.11571098800090542,0.05913862952252088,-0.2501330265983029,0.22888579431228978,-0.5964902883397398,-0.16457403847676302,0.8006661066120684,0.14467933496523577,0.9471839465041137,-0.2503516241376472,0.0,0.3382233562432088,0.07222074162687547,-0.21121898132881672,-0.09785034723068912,-0.039390403628375405,-0.08707361579520966,-0.6667201510509244,-0.5515850066210888,-0.018180070885153013,-0.4610949724945126,-0.5937908579512029,-0.3282582516512385,-0.4294041270261638,0.8543560336560772,-0.12801491976643573,0.8451522537277374,-0.16516077401184354,-0.34841580681321205,-0.4420900701587793,-0.5765516463870918,-0.2576654479044449,-0.694717433493791,-0.43964963329960505,-0.5390788782091828,-0.2722898127966446,-0.6207612720767584,-0.4052656700779075,-0.3896004761623656,0.5453135671153709,-0.17024167916911936,0.6149506762479271,0.8198510670773441,0.8066352195005604,0.8003639899386058,0.8339581623215536,0.8342262419979503,0.8130933964397051,0.8119627624323584,-0.42317673667471306,-0.4217334182762768,-0.02702157111523963,0.1788059307636319,0.7171711175052334,-0.22351180205112944,0.10034182854503051,-0.1455142051640019,0.5476969874228452,0.5915075515242924,0.7576308885171287,0.8323566520480561,0.2697508187703343,0.620980427540512,0.3043499824077884,-0.05770242145891814,0.18917573701516868,-0.08026217327437533,0.48897473789202583,-0.10781082713343237,-0.5179262013901325,0.15497589351423136,0.359948238641346,0.03492185797577272,-0.34354122385131297,0.3908869407783929,-0.7803046443597108,-0.21254671303220032,0.1510790494630846,-0.7402951969438776,0.8253615179286039,-0.5620707109865366,-0.3851038897279836,-0.5075373899577771,-0.7944158812382051,-0.36145940773023494,-0.8161158885700805,-0.5811002419147847,-0.6517915371680508,-0.11476873534640952,0.20843809582510492,-0.24807656862521127
