0,1,2,3,4,5,6,7,8,9,10,11,12,13,14,15,16,17,18,19,20,21,22,23,24,25,26,27,28,29,30,31,32,33,34,35,36,37,38,39,40,41,42,43,44,45,46,47,48,49,50,51,52,53,54,55,56,57,58,59,60,61,62,63,64,65,66,67,68,69,70,71,72,73,74,75,76,77,78,79,80,81,82,83,84,85,86,87,88,89,90,91,92,93,94,95,96,97,98,99
0.0,0.14479769788740912,0.2707754812367896,-0.14127224024009408,0.07293547363526662,0.2956234948168774,0.2688583583001854,0.08463139727205898,0.23811736423293534,0.26819008723626486,0.4342861692648934,0.1210359863927401,-0.21628198374082966,-0.2200175699280795,0.07613912340087892,0.03781423078962956,-0.17993149529219604,0.0493245344900795,-0.11085490960509102,0.47655976534416805,-0.052181110698702356,-0.317103666887324,-0.23512641428752734,0.020090483728236744,0.3337979466102289,0.027676304587252638,0.0944347973946727,-0.026161600604194417,0.23271679303268206,-0.3523865285668049,-0.022060228649556746,0.4283965700483715,0.1987930937722313,-0.1055028832861721,-0.26520798595326567,0.5075673520925014,0.128882332942014,0.049501434072661304,-0.09691873569564893,-0.014608579069067805,0.024721434648455075,-0.16544458527954006,-0.31841241155887107,-0.13528712534364948,-0.010050008189360844,-0.13727978622545978,-0.07105031758371085,0.09331075381882104,0.6323640726135283,0.14816007889998142,0.4300669068270411,0.23277768922670247,0.03923729825198141,0.06772000633497587,0.24133924729479525,0.37710655865440185,0.10742889725400388,0.21170796462087563,0.17688769720384226,-0.1108560658849638,-0.12604345782991305,-0.23530489580132063,-0.21035253133246484,-0.11520965591388398,-0.07381364257115744,0.01617514148262788,0.35508162810196425,-0.19979632466772973,-0.1540044709254177,0.059812944860511176,0.4290716471474806,-0.2529459910852219,-0.10739814016199041,0.13360932746947346,-0.19931657159343244,0.035532352321747826,0.16188845048159317,-0.176467653795611,0.008821769290515733,0.3823202862064656,-0.00754413004338003,0.15679417280359156,0.0008836019933213283,-0.023776460249390525,0.22084217392297575,0.03373159063005746,0.20205009767696092,0.028272236557979565,0.39024665062739655,0.05225117931571442,0.2757297303538122,0.14375568571142594,0.027388512713774633,-0.05945614171245051,-0.4053301719746694,-0.02411412764703235,0.016267720683796925,0.2938808052536595,0.6267849057137969,0.18466946638533965
0.14479769788740912,0.0,0.8993848042358291,0.7721802694913178,0.9311624998853046,0.8808955177422436,0.2605883651050286,0.8901290463113256,0.8951146318004916,-0.30321182304103195,-0.14136363725565645,-0.4150361233366573,-0.09614255430894932,0.17570800529906952,0.3745929784917379,0.8997874912251269,0.4658821854005617,0.8683894988341617,0.4923575724705499,0.2542339306157729,0.45139480897192985,-0.5851189469771456,0.33999365843043167,-0.23222393867502386,-0.1069715430984049,-0.42462827823862537,-0.3110909924603403,-0.6357020103754418,-0.3513767750342376,-0.8514036945261193,-0.49386084006918474,0.6684952486756794,0.7957109413042018,0.6925004966318351,-0.6980382161403075,0.13679196728087534,-0.5014152900555445,-0.3389347224220654,-0.49400603454772074,-0.5857641950668754,-0.6185201625420731,-0.7422589302722647,-0.7601475608266689,-0.9014063291566563,-0.6784441434678963,-0.8484692942328752,-0.7554349256011235,-0.7379644199795748,0.628605605387843,-0.654575535752453,0.7217407602039333,0.8996893664024357,0.8616767704017372,0.856484007085526,0.8884268643435125,0.8637087751076459,0.9103022167097012,0.9174200563131201,-0.490326697423996,0.34640726611501566,-0.7877236031778294,-0.1695065894381643,-0.031332103594916456,0.19385523449898415,0.29351613107426805,0.2827236721817101,0.43257620163624205,0.33976672255335383,0.6171039925609434,0.9002130827216391,0.8187682287046686,-0.27875991475815387,0.5927054537156756,-0.499882943180485,0.24303562120256356,-0.36707680028529743,-0.11336268230064311,-0.37225620440420903,-0.8031971635511574,0.3434018508969683,0.39573150008038405,-0.30105826324029517,-0.5711151558947487,0.12290758426841224,-0.1414521306627172,-0.36989833834306496,-0.42638556437198183,-0.593462397824811,-0.13282541670864761,-0.49273480010621934,-0.03167533251161087,-0.2674994380275682,-0.5652172017963825,-0.5094268150389526,-0.7831648282652663,-0.842978298433769,-0.6468451738351894,-0.35101790263164506,0.6330305570552537,-0.6743890535701577
0.2707754812367896,0.8993848042358291,0.0,0.6602079657661581,0.88289013940078,0.9123780440454522,0.27311449420118644,0.8482803722262025,0.9039957849055577,-0.20122402571556963,0.08167392783368785,-0.27941623515662234,-0.09573993020963624,0.1357942185281554,0.428710985751602,0.8210608822399784,0.37716786464666924,0.8050287170135074,0.447523341232884,0.3493351502253773,0.43866287061831766,-0.6872632490099341,0.24439351685283978,-0.25207305238668015,0.09897231293936025,-0.3970001782292775,-0.294271342178016,-0.6064247859476982,-0.264168829289742,-0.8953527095029841,-0.4257393532610991,0.7537438473214394,0.7189634666319005,0.5652904718432049,-0.7724349978875183,0.2699601580686535,-0.4449408310942161,-0.32474609195391174,-0.48870470314004855,-0.556806373564251,-0.5942999698396546,-0.7204536274572816,-0.8314538628189072,-0.8525383772173803,-0.6529848202421895,-0.8331853345748066,-0.7383575802153163,-0.6543749459213495,0.7950397845182581,-0.5570486048471599,0.8266038756302594,0.9047064092214788,0.8114484471915822,0.8225522034901201,0.900253503366305,0.9183258525661375,0.869948423790663,0.9090502175549467,-0.360245161063293,0.3358687331031926,-0.7351175598116149,-0.17509840789818343,-0.03487339225531239,0.19894106908803127,0.2994545603317821,0.3265743090120002,0.46506147758393224,0.2771678865739366,0.5252405390691849,0.8290965920278978,0.8923036005762863,-0.40784786175251225,0.5259438995395581,-0.43791499799972855,0.14929590088157949,-0.3399265951022938,-0.07713588464583324,-0.41456748825808726,-0.7170598455830379,0.44844237276509197,0.29712305569042385,-0.2767353293086909,-0.5662012791198061,0.021730023887643453,-0.1101457855611891,-0.38811913604003045,-0.3502668498481272,-0.556726510209591,-0.03151597848919682,-0.4838871704628342,0.04191016236716171,-0.1790600649969656,-0.5307226216345864,-0.40499402601116197,-0.8773571583881128,-0.7836093461316469,-0.6253376816771763,-0.26428568705387745,0.7934211919295577,-0.564562698661125
-0.14127224024009408,0.7721802694913178,0.6602079657661581,0.0,0.5856760861828372,0.510924987618107,0.09392798332192015,0.6214445822543824,0.5479389530684458,-0.2870069369375216,-0.15634594138715324,-0.48543878845822586,0.19987201298401508,0.32278068185296055,0.31933188270133733,0.597139134745684,0.29462588263580386,0.48999156543395894,0.43554091268256667,-0.12904000241215155,0.4160809226253447,-0.4822840694846101,0.29234944920143796,-0.5050086941544406,-0.23393869745723425,-0.6520951202547592,-0.609178929584353,-0.6923455196868539,-0.6877562848953149,-0.5076588477001241,-0.08412563909432569,0.3558420699992775,0.4608949097809213,0.30541480222384787,-0.528853343389426,-0.3457398016890242,-0.6443167713476753,-0.04083072056201992,-0.004438195643476124,-0.20835126280379315,-0.4643463435877029,-0.48349389508027624,-0.41772119704219,-0.5732312835106758,-0.5857275654842624,-0.5319387887397977,-0.5399541220040466,-0.5909951356815085,0.11439088760462325,-0.46826117949207396,0.4176264950362256,0.5499642435691969,0.6677607321239564,0.6683614998863218,0.5582848356755983,0.45968735245271025,0.596145496005916,0.5639710775012288,-0.41910239604156874,0.4805268629394929,-0.5936237700838334,0.15734104050738698,0.266079768250223,0.3391444334055901,0.3481308754490751,0.31030107332703977,0.09810330463959233,0.3986782162717368,0.4751345699470923,0.5223802329784609,0.3020101434640267,-0.35480270296756855,0.4708411697077489,-0.37488066817967836,-0.05198996085572095,-0.5869703616134885,-0.5626226344118002,-0.4746158654927342,-0.4703688626534429,0.11364219451285207,-0.07272902261992069,-0.42554054578514006,-0.5241702994788906,-0.19276531595171859,-0.48325743195166804,-0.3254363585692575,-0.6324305434165207,-0.7033772971716667,-0.40149325797247787,-0.47243280821226236,-0.13123397457629668,0.07354010864385799,-0.28339475653853713,-0.2848935885207912,-0.3874027188964804,-0.5958373586249286,-0.5066340035375649,-0.5030706855678394,0.10969366881507786,-0.5533015478388918
0.07293547363526662,0.9311624998853046,0.88289013940078,0.5856760861828372,0.0,0.6577833067103767,0.10515782437883613,0.6907950804334941,0.6874609725199065,-0.3142878462874146,-0.03748167560572943,-0.25151414197896704,0.02474630647978649,0.153400429201017,0.2890480342512476,0.6627413648129467,0.39252966664735583,0.6869711554958535,0.3906180233614053,0.1564609296237064,0.3550314370894847,-0.43748534024973024,0.21381103934208143,-0.16767333057083797,-0.13263290971288244,-0.2783980093698326,-0.21869431845834952,-0.4426508157442389,-0.22475492580454576,-0.6779492409105756,-0.41548057793212706,0.4754668330914788,0.5959059362091554,0.5728391809151419,-0.5326803594437123,0.11899929798988253,-0.34404547811603164,-0.3618036407455009,-0.5033469811903825,-0.5565596541576089,-0.4982010215486311,-0.4821601228938626,-0.5530607162778551,-0.6709757155523259,-0.5079645257322651,-0.6506357764712138,-0.5770036897824612,-0.570791103607603,0.4499439355480667,-0.5073418106378322,0.4446801948664502,0.681547578143336,0.621685506191369,0.6818427733379689,0.6771724472571287,0.6230196340009135,0.7039442206438772,0.7053665928814268,-0.3806533669353169,0.452874138687797,-0.48641623930769995,-0.033507420185704434,0.00418779793010802,0.1507368946322677,0.23961078972928246,0.22203110947882182,0.21418372298749272,0.2747518375277747,0.49006632178575427,0.7000037285643441,0.5825318363226885,-0.2587020855022587,0.42856280362788735,-0.49444276545182403,0.2928562300371541,-0.2698597749765964,-0.044788796098619,-0.35134790547073746,-0.6543078987610779,0.21818430385981724,0.3111872797926654,-0.23213487813359307,-0.435096262684234,0.03838641581257143,-0.13420427821960523,-0.36356854800685867,-0.28467878891008247,-0.43114011460847873,-0.12161493874343365,-0.41759154723590675,-0.13440469853715012,-0.3328088379064481,-0.5376256717367803,-0.29651059381012385,-0.611523911546175,-0.6533860071492726,-0.5350557036110251,-0.321127205245036,0.4442714339316741,-0.5250006077075728
0.2956234948168774,0.8808955177422436,0.9123780440454522,0.510924987618107,0.6577833067103767,0.0,0.2853620738041552,0.8479748900946245,0.9134323537864317,-0.15816512202574368,0.1671202042974465,-0.26523579965903143,-0.07048445729417552,0.13980422643016857,0.4541520918150172,0.7922150575874785,0.32432870388301566,0.7692351583044722,0.4403899472369475,0.349165447496437,0.44490302792229147,-0.7602930074472724,0.2086666688313501,-0.31380114482629456,0.15906820434385827,-0.4498512563324709,-0.35699390321009594,-0.655498401190323,-0.317259443240115,-0.9109854877269032,-0.3663577840269117,0.7987337815606567,0.6822325721696234,0.4785240944856221,-0.8247081804068701,0.2504877470621862,-0.48190072999971806,-0.26412630239030876,-0.41302730589450876,-0.49865090775760135,-0.588964482261456,-0.7061852200026346,-0.8597412142731918,-0.8478563957530778,-0.6697789964056688,-0.8278798287932341,-0.7418713020482639,-0.6425591366162473,0.8190193445581161,-0.5224293232378047,0.8825957257142106,0.9144115328566264,0.8189821987549122,0.8337291377417706,0.9102577649566495,0.9391948855991672,0.8666892759435515,0.9134224968166013,-0.3035778902962731,0.36746890071833,-0.7446948528343956,-0.15234623892894383,-0.006690673082896839,0.2215449538806519,0.31422702618714854,0.35417568755017304,0.47051407019041414,0.26884011566889,0.4910945829222489,0.7938654681816482,0.8868135528375721,-0.495746570094418,0.51022301304337,-0.40633272808160226,0.061767278438321076,-0.38468054222047837,-0.1580602016917847,-0.4725519571783092,-0.6767734939672126,0.5070130682046592,0.2028435536840964,-0.305956809246495,-0.5915291875411813,-0.058592065467287076,-0.15904583898137328,-0.40281256645583813,-0.38975534574503135,-0.6023245463728165,-0.04010851567886084,-0.49983699245381097,0.08983586020433681,-0.06908330765256664,-0.4858612807254236,-0.363833483221951,-0.9055582457852913,-0.7749888241554834,-0.6268882475178585,-0.2749693485507062,0.8161099323830185,-0.5412779086426033
0.2688583583001854,0.2605883651050286,0.27311449420118644,0.09392798332192015,0.10515782437883613,0.2853620738041552,0.0,0.10391075437342705,0.1949900186982931,0.6226771083676802,0.1057668509909772,-0.46001660373107667,-0.6838770971614629,-0.6482416928750809,-0.5199510296404525,0.13618054355314013,-0.5079276755469823,-0.003358157302047771,-0.48627417176110127,0.6940560231192595,-0.49868012441043125,-0.12402496090978302,-0.5399315178134382,0.2598809263413649,-0.3669160840504656,-0.0015010796807926716,0.1836240969339421,-0.0781199632138194,0.05391507505784497,-0.31472860337435166,-0.04885233163218846,0.6024818251963105,0.567428543292198,-0.08989174953170813,-0.033499773380145696,0.4672568443352126,0.20466006073897555,0.6168133740797308,0.3219396401859744,0.40318931963552335,0.36142421112784967,0.04267758162660907,-0.08034981140638932,-0.29238590442357465,0.21241855842758628,0.0028943581539746343,0.13680559048247215,0.13870778226809444,0.3958348094126465,0.2575874445618646,0.2104606969925587,0.227724703566772,0.11055675834131116,0.09623530810481419,0.18735548958776196,0.3235228417692223,0.16068985473716488,0.24707917172046714,0.2955975052331046,-0.34015832852574013,-0.39985858859909956,-0.702832605893827,-0.6581412460357864,-0.6009169786652827,-0.5849519029441463,-0.5679286356738511,0.8371708223315606,-0.5765811210852498,-0.3779754076854764,0.09270211611871841,0.1377518931528359,0.09723633760572598,-0.37257965539045707,0.5307239397001684,-0.45011952881821454,0.040064490055669554,-0.04942395428127307,-0.2815051355130434,-0.01912053912473109,0.6727836152156215,0.26502594047180156,0.4576398681500345,0.30299428398777595,0.4420732329178921,0.4458972482365088,0.5662487053282846,0.21260617819888578,-0.01677815569466357,0.5496831315272318,0.451119512486369,0.7500638758281405,0.3457177869490816,0.464493260413222,-0.6715848137456609,-0.21773063223539818,-0.015955605353853413,0.3192892325528906,0.4391107405505442,0.4403018370992235,0.22266632947235804
0.08463139727205898,0.8901290463113256,0.8482803722262025,0.6214445822543824,0.6907950804334941,0.8479748900946245,0.10391075437342705,0.0,0.9091790349450275,-0.38719880948968544,-0.11499008842025878,-0.3760187582321878,0.07770971536495018,0.33850013598263345,0.5036872686584601,0.9118680238211799,0.5312289385769886,0.8713350561837396,0.6140113363099003,0.0734595456511139,0.5797219362861007,-0.6716319448966144,0.43172434743310156,-0.3939609546405488,-0.03571775321794885,-0.5641307258547412,-0.4963031150115063,-0.7623243762408878,-0.5313259365225211,-0.846223675338891,-0.4370481069985643,0.6197954386214491,0.7031690616736753,0.6480547001105981,-0.7859113770882469,-0.05972611342343313,-0.6642869514400787,-0.37295992479580525,-0.4404318468027684,-0.5950586791012761,-0.7248883763832732,-0.7741660447289735,-0.7994295796500357,-0.9058511906896806,-0.7950169924912789,-0.8943759863036815,-0.8405703078636867,-0.831935873533415,0.538109266383165,-0.730692395878218,0.742156626292177,0.9116480074672344,0.9222982466133046,0.9264278081384848,0.9070453383281534,0.8467155753892892,0.9321328131112971,0.9182601496605882,-0.5253970413509074,0.527204530462894,-0.7641675668638589,0.0004889138570401341,0.15740630259596336,0.3605332076276146,0.44038224715404256,0.42754160373180344,0.2876274286259685,0.4765267226663275,0.6992340984987782,0.8934058752010962,0.7638135585075424,-0.40347308422750056,0.6885204903970508,-0.5905271895072615,0.2354320792384884,-0.4890628124654105,-0.28752091882371583,-0.43769557459190783,-0.8135206950281175,0.2714437480210999,0.24203192053849681,-0.4759920777632739,-0.7081838717702795,-0.0524562325665665,-0.34523798362901104,-0.5099911141236582,-0.599935015307808,-0.7347353924186903,-0.32005126012357626,-0.6375197093833628,-0.15074257949550812,-0.21210277380839931,-0.6126218759032368,-0.4030546848312406,-0.783324871471837,-0.9025594626377043,-0.7620267909861126,-0.5267862782314814,0.5342908252887959,-0.7691542339444252
0.23811736423293534,0.8951146318004916,0.9039957849055577,0.5479389530684458,0.6874609725199065,0.9134323537864317,0.1949900186982931,0.9091790349450275,0.0,-0.2159372877137967,0.12742885075085578,-0.296112312785268,-0.01975312364097724,0.1883918399890294,0.46154131700358614,0.8250514526193179,0.370764688457541,0.7979201029750798,0.4830815359854554,0.2895879073246965,0.47502902562147903,-0.7529378533858029,0.24063990667446217,-0.3458592398882114,0.08141200843866259,-0.49340356999668805,-0.4027247728084742,-0.6900462803773892,-0.3748551449346572,-0.9145341630787545,-0.362637568433988,0.7737199919064773,0.7026620955988166,0.5228547368792916,-0.8237557610374755,0.18477304748591916,-0.5245308178283397,-0.2878649107072402,-0.4231539632569322,-0.5250358760553983,-0.6196889048304733,-0.7005380737456643,-0.8370041371983815,-0.8653471995426559,-0.6982785548762805,-0.844630211145424,-0.7623114269027278,-0.6859260909262224,0.7595230036648202,-0.565725897259658,0.8395754719516183,0.9221435239098577,0.8532688922053798,0.8729461708209248,0.9205416995718272,0.9212038428856647,0.8938516917290767,0.9226095571328817,-0.35385962077281996,0.4364656558946814,-0.7480075048432074,-0.1021231187713003,0.03776475695271224,0.25709469631984305,0.34582111763938883,0.36931226894155095,0.42569792981432186,0.31663439455781794,0.5408052416813606,0.824327716995081,0.8511226483544365,-0.49603572907215454,0.5426243008823992,-0.4604416225169182,0.09306010564588778,-0.43443999070445094,-0.20539948198444474,-0.5106132180355558,-0.70499993679628,0.46483450394354464,0.2010710317878997,-0.3392406711153142,-0.6168197471244291,-0.07331237135066648,-0.2146669947205867,-0.4336607129809954,-0.43891956853981146,-0.6474335148315279,-0.10462539715743308,-0.5366871801806428,0.04272292808373621,-0.10646601012361018,-0.5180387815999715,-0.361036005510859,-0.8798231596733327,-0.8099850110860302,-0.6642933149498547,-0.3378250924222493,0.7546640029243639,-0.595280806711458
0.26819008723626486,-0.30321182304103195,-0.20122402571556963,-0.2870069369375216,-0.3142878462874146,-0.15816512202574368,0.6226771083676802,-0.38719880948968544,-0.2159372877137967,0.0,0.49830290414424067,0.18060297955306792,-0.5142170758757325,-0.6282829395606961,-0.513033851390304,-0.31022761535485,-0.6920871014263246,-0.39143279541522363,-0.6153771673050878,0.40402307618560535,-0.5821407931426031,-0.06242744686991088,-0.6843203629915255,0.3304136989697274,0.23110631522246358,0.23624563672204218,0.21753179986979787,0.14242731442194492,0.10552728463075356,0.028382270308507904,0.05057929329551348,0.33029680374963166,-0.05086301049675954,-0.5227651338490258,0.08916534923091915,0.2846993309505842,0.29590602627547213,0.6522571316276707,0.5478274408399321,0.6141173693005308,0.4728499064887933,0.39124679215378977,0.05109420505810018,0.07389960166796765,0.3891764124955797,0.27134454506800654,0.321238853934296,0.3350192066186694,0.14397654227555093,0.43327098433248884,0.00688106990880925,-0.13892889160024854,-0.25861172252865133,-0.2546390550496823,-0.14436042296815504,-0.010144929879756343,-0.22006544650553753,-0.14751290949637075,0.7332756948507607,-0.14229820743086488,0.1886395848786458,-0.5122949866421763,-0.4980176063372583,-0.553968519216446,-0.5924891850248829,-0.5283592599613899,0.520803133762283,-0.6534770341892173,-0.635423155841138,-0.34050828037157227,-0.2415904393747545,-0.014250930857777096,-0.5785235018493687,0.7112313072499914,-0.42920069979294145,0.3263528812434652,-0.07261169515098125,-0.08602672833494682,0.2668921622765559,0.5764061752484513,-0.04304544507303977,0.3314445557455686,0.3577753988923018,0.14112783281053928,0.35518721399058156,0.4664923867350893,0.2592924201815333,0.19699058499989436,0.41674472827002945,0.49053856871044166,0.6749207047353181,0.5645713393566858,0.6579797588139032,-0.26902178161453466,-0.05292051029504616,0.2512139986926822,0.4105768415817461,0.36069382023326174,0.1578555569294874,0.4037676450391919
0.4342861692648934,-0.14136363725565645,0.08167392783368785,-0.15634594138715324,-0.03748167560572943,0.1671202042974465,0.1057668509909772,-0.11499008842025878,0.12742885075085578,0.49830290414424067,0.0,0.48707074214444546,0.11785381375893203,-0.10789965989984451,0.09030062468520181,-0.2516368383869909,-0.33258497393753933,-0.21745659347390373,-0.13687753078814122,0.15113580180524427,-0.05247684742123076,-0.4292135956796683,-0.4284821051655025,-0.13664214304555183,0.500689801316132,-0.04137172834454775,-0.13161067182175687,-0.10231807411638599,-0.023405476122188438,-0.178014015042807,0.20514245457478195,0.3347254190593691,-0.18509179260139788,-0.4795924100401843,-0.29906061630349046,0.17715229669433943,0.017055015740122175,0.19687686003601576,0.2223966757563008,0.21280988627478012,0.07517635232160803,0.26790013915578476,-0.20248671439316024,0.06319240956778632,0.023057209814057133,0.035968726377220456,0.024825871641818584,0.1562862229834186,0.33711416929227483,0.28088702685405165,0.26986819911753157,0.029454989278178627,-0.10005456967172979,0.018467813765952204,0.08791382169959448,0.1329599690947795,-0.06466726346671775,0.019066579843221628,0.564112487633397,0.40956904428548274,0.28277152546858775,0.1023415115583288,0.051891137574850026,0.01066213236721903,-0.014804071977335161,0.07319684547102738,0.04566368773674888,-0.17932951302906786,-0.30399176024422986,-0.23442985162819663,-0.007985597684051748,-0.5713511439146923,-0.274299037546878,0.19077636154693703,-0.283762927453308,-0.021926280694568975,-0.21256594768279835,-0.39811283507051354,0.22502789978119986,0.43962599261217156,-0.4242701729944893,-0.049737992432130805,-0.06554224587814542,-0.4688093101846354,-0.11020986165556086,-0.14575444131414944,0.02538530094751398,-0.09388733057844631,0.11874220590158686,-0.019706236256431725,0.321829183570609,0.46437606415736327,0.18889926980748503,0.3984521185700516,-0.2720900336759956,0.07522639041094191,-0.007308791498598392,0.021815086726958942,0.2908142944824694,0.2368218618315498
0.1210359863927401,-0.4150361233366573,-0.27941623515662234,-0.48543878845822586,-0.25151414197896704,-0.26523579965903143,-0.46001660373107667,-0.3760187582321878,-0.296112312785268,0.18060297955306792,0.48707074214444546,0.0,0.136071285970525,0.0657567482695463,0.13453813196670175,-0.2497219133646144,0.006970294883945913,-0.13879319507349724,0.02034522423461485,-0.271612552789797,0.044085625804161394,-0.04089902877202822,-0.02035171100873461,0.1950757948030986,0.6751907017833073,0.3482383620600779,0.11963628070787585,0.16857023572861007,0.12022276174661584,0.16944429797257884,-0.23489178414309228,-0.14935385384087016,-0.4188855767204609,-0.22447297159048926,-0.03818204781542451,-0.11412896370507729,0.043135701480958924,-0.23732847114933525,-0.06853089412948367,-0.0576777124607649,-0.08895839927794089,0.21407477527469324,-0.11860345372031451,0.13941791268496975,0.02221619302404171,0.044946942122237404,-0.029043581428101452,0.0015367992674565874,-0.0697059554337378,-0.039520494692720155,-0.007359380084299519,-0.1594116938248711,-0.21551646787606826,-0.18686904432407836,-0.11826966171980358,-0.1313015101230188,-0.1609026002054862,-0.18010275417428234,0.41249260906355495,0.30345309564114437,0.6122666108126611,0.1412403641737034,0.11629697933028442,0.07387938427784269,0.06736770583741572,0.12372678901476283,-0.26308678058764556,0.002779344900374404,-0.09628981476706458,-0.20515060898433427,-0.16353796295235873,-0.1438343098507578,-0.056981052840619266,0.005452384030496373,0.3161454123848904,0.3959435457487256,0.1388678423035972,0.23791872483695142,0.012773662444628015,0.011191457921950775,-0.07982626749872794,-0.2223030974306026,-0.10125694341405682,-0.22495318869570563,-0.032540749682213224,-0.2842364805475277,0.01112480008542556,0.1830457606952861,-0.17730511251950432,-0.09233277146271855,-0.077419225511416,0.006746050470284828,-0.051438771055427275,0.42488236373973143,-0.04311683686884483,0.04296330875311052,-0.09828333506459043,-0.1819121567241427,-0.10754358215148256,-0.010068609376134241
-0.21628198374082966,-0.09614255430894932,-0.09573993020963624,0.19987201298401508,0.02474630647978649,-0.07048445729417552,-0.6838770971614629,0.07770971536495018,-0.01975312364097724,-0.5142170758757325,0.11785381375893203,0.136071285970525,0.0,0.7169384894484434,0.6025641946600023,-0.054310032029770215,0.4179634709178513,0.000643635586554737,0.5444825055470275,-0.5556379585290163,0.5866854627174641,-0.16033468358900063,0.40941576934731383,-0.6230245581753029,0.13612588444187593,-0.42848237610526696,-0.5263597323947027,-0.2752579335899387,-0.31873070471665205,0.07145983720804824,0.4109216417260264,-0.3687363872821964,-0.36507729615071466,-0.049515355924834144,-0.18435356068237752,-0.4632144299687582,-0.3870863000229007,-0.34814655162701064,-0.05787480079247371,-0.2249208119217417,-0.3375094868623535,-0.12590812963872544,0.0449650810372759,0.20961489895072533,-0.3195111361282233,-0.04947921561953215,-0.16911902556280595,-0.1346666215044737,-0.21754930441519366,-0.11626495366986249,-0.007472390108880672,-0.07140028729786334,0.0709090655634944,0.13774195531875694,-0.004796869539911448,-0.144972457862078,-0.035717008926261104,-0.07735311705633414,-0.3070396931593343,0.558960112369999,0.19369007193139404,0.8485694879811086,0.8032556621062403,0.7301799518169301,0.6849176961266459,0.6625143998448162,-0.7266444790279809,0.6299807647139084,0.3757954098556179,-0.06493423329930204,-0.05637921834442839,-0.43360364901100584,0.35494883932984456,-0.5058744287973829,0.08538130820948732,-0.49730404269527306,-0.3577423476201614,-0.25098914310710324,0.1565920608241389,-0.5217242005449263,-0.5797820762105134,-0.46591176527640166,-0.38077315082980245,-0.6990654886940035,-0.6834943273651574,-0.5687618048146262,-0.37907257434433966,-0.3534179115321695,-0.5145078548447398,-0.5171495104099999,-0.5716347105126041,0.004794586810718976,-0.3471976677645788,0.7366612246081378,0.16131010101214566,-0.02463531142931132,-0.34527579659274105,-0.45627476478458034,-0.2700220100375488,-0.1474309121182915
-0.2200175699280795,0.17570800529906952,0.1357942185281554,0.32278068185296055,0.153400429201017,0.13980422643016857,-0.6482416928750809,0.33850013598263345,0.1883918399890294,-0.6282829395606961,-0.10789965989984451,0.0657567482695463,0.7169384894484434,0.0,0.8088137135295101,0.25423213642641995,0.7319814608702995,0.30077771835283973,0.8132403299133559,-0.7268508711076713,0.8293369190659368,-0.21183603455140174,0.7855680570285922,-0.6731544842940249,0.20706821993825725,-0.5116656915731477,-0.6311990262805928,-0.4327948345898234,-0.4955928849957871,-0.018865723498432876,0.1503583224004183,-0.3617762946123329,-0.24507990207074026,0.2462863959136581,-0.3343382470100737,-0.6524040122349981,-0.6401469209567338,-0.5885254290987112,-0.25340478744228834,-0.48258152574514407,-0.6440001627684863,-0.4538761357095264,-0.18254539142900952,-0.03730735693640681,-0.601547326677398,-0.3287188425537278,-0.4664373347926051,-0.4612252683840442,-0.2367286901608034,-0.49332865639541224,0.1628948608217909,0.13897837909548114,0.3509939418536876,0.33689824952087066,0.18264445722225817,0.017664811975316413,0.21418438750238125,0.12198487558129267,-0.5991291954771102,0.5666185842247532,-0.03316185192633204,0.8691022766067061,0.897990568498086,0.9003512343842345,0.8862153758639172,0.851897356185466,-0.7454057810701025,0.890014070751476,0.7030053654939782,0.22278356475359334,0.13805816613090657,-0.36105367362707186,0.7136431139333168,-0.7483909023449891,0.32757739808205844,-0.5215706540829402,-0.350757842658254,-0.06460106654493734,-0.15817004418547487,-0.6076250336171407,-0.39579775809891155,-0.7067707691435876,-0.6390437334594141,-0.6071726117020293,-0.7854366264671095,-0.7529704069003564,-0.6285909267300147,-0.4945904945280836,-0.7619650669635838,-0.7593292535506152,-0.7804056203442028,-0.1855345263410327,-0.61080079528993,0.5805335195618485,0.023044923236916738,-0.31583811029124587,-0.6096314368759905,-0.6858452260390782,-0.281265789191523,-0.5024455742561643
0.07613912340087892,0.3745929784917379,0.428710985751602,0.31933188270133733,0.2890480342512476,0.4541520918150172,-0.5199510296404525,0.5036872686584601,0.46154131700358614,-0.513033851390304,0.09030062468520181,0.13453813196670175,0.6025641946600023,0.8088137135295101,0.0,0.330091894994874,0.609095002001479,0.40130928423182255,0.7621605928867345,-0.4228499967748872,0.8004248716087115,-0.4892977445705297,0.6312228268570669,-0.6324848720829979,0.4832277621360908,-0.4636820082294963,-0.5685553681275602,-0.46334029257737064,-0.3737385000295019,-0.28190318023346894,0.03500352491531318,0.016453248128693834,-0.12137734469296581,0.20456910715407461,-0.5796892702203076,-0.33426549149026413,-0.6000827051064237,-0.5796853867010897,-0.3563737419412058,-0.5386130045844889,-0.6991510768893249,-0.5307228419716289,-0.4941384827941864,-0.21129979634644094,-0.6611126217745393,-0.49468037123174713,-0.5953295655079182,-0.4915463492730232,0.2050652129694738,-0.47899509517094796,0.5012146307491835,0.37051718344568274,0.44192913390944416,0.45517102822288275,0.4174080534985482,0.3426903274720271,0.3699797762567042,0.3405997778877321,-0.4355553276935499,0.5547460396928291,-0.14862080163617483,0.6600475187247142,0.7424055137266742,0.8162245586365119,0.8342990355369319,0.8523137147616646,-0.4741526803446542,0.7539239385735776,0.6259253078087512,0.3331679037806026,0.4527710886677123,-0.5640207863962804,0.6788438044696832,-0.6773625929235385,0.23397987260515185,-0.44345083651651584,-0.23759810891847075,-0.13974199567983944,-0.26711033114800836,-0.23627300776720941,-0.3585491063598229,-0.6779578216929399,-0.7043750391933222,-0.6200655775872288,-0.6359509288747752,-0.786842901291019,-0.5456920867609385,-0.487646356361408,-0.5482096348276608,-0.7655478495136558,-0.5804439703904499,-0.10421962511276565,-0.6336065413734238,0.5019917741649396,-0.3666052710252517,-0.41035591474094096,-0.6751434482840416,-0.5792321227457431,0.15833061794781922,-0.4745812738432096
0.03781423078962956,0.8997874912251269,0.8210608822399784,0.597139134745684,0.6627413648129467,0.7922150575874785,0.13618054355314013,0.9118680238211799,0.8250514526193179,-0.31022761535485,-0.2516368383869909,-0.2497219133646144,-0.054310032029770215,0.25423213642641995,0.330091894994874,0.0,0.5710841843027074,0.8467913403694475,0.5328442590903552,0.11933236388885277,0.46058859462523255,-0.38833175953961546,0.5073497706777016,-0.20619300708662233,-0.22157233255033496,-0.41653201780636234,-0.29088328415495024,-0.5920004751148212,-0.35147332336745285,-0.6938655047605532,-0.4988543913926267,0.44747412274347553,0.7777644934308358,0.7694038990815589,-0.541184636665616,-0.0012571237777673449,-0.5081253590231183,-0.35271124781234786,-0.461898696969574,-0.5718798903102393,-0.6027075838589073,-0.821143322142033,-0.615183252177299,-0.8272901270073422,-0.6456611760953426,-0.7898745130596262,-0.7048050119567012,-0.7317714285958005,0.4160557185543338,-0.6985708807377597,0.5580026806522426,0.7933174400106856,0.8170295476494673,0.7678913342712703,0.7567717597738877,0.7195453944587874,0.8388981236345624,0.8047449886972089,-0.6434282543241776,0.23690928828337016,-0.7681418408805945,-0.12984072755485926,0.024431980498712355,0.22993026759208152,0.31210407603272183,0.27255581427789666,0.33683128872849744,0.4209939463891695,0.6883739700849442,0.877161946229853,0.7140581033630452,-0.059079877817436656,0.665569128055959,-0.5238899068649374,0.33715373131522103,-0.35574693868749874,-0.08337107588521869,-0.20477164404249143,-0.7695868953360059,0.10061422020863253,0.4569562223438303,-0.3036673440623387,-0.5229248745703586,0.23760689204647584,-0.15073899605056143,-0.30588860050679406,-0.4467418444255453,-0.5589745057539617,-0.21551542977487337,-0.46794792714360545,-0.19158299946623966,-0.36926702160203734,-0.5604517304529062,-0.5815804397107198,-0.5701492554690663,-0.7977074567480478,-0.6063467313405718,-0.3568457587493342,0.43928718747911977,-0.7053169851720366
-0.17993149529219604,0.4658821854005617,0.37716786464666924,0.29462588263580386,0.39252966664735583,0.32432870388301566,-0.5079276755469823,0.5312289385769886,0.370764688457541,-0.6920871014263246,-0.33258497393753933,0.006970294883945913,0.4179634709178513,0.7319814608702995,0.609095002001479,0.5710841843027074,0.0,0.5815461486878253,0.7138652787930694,-0.40604744116217983,0.6570337757650957,0.019960171740036402,0.8024345736567453,-0.2067124090777584,-0.016800900241530903,-0.16726103077525092,-0.1882413134015359,-0.223725226963121,-0.09787030788961389,-0.15827059837881935,-0.3158762709003708,-0.29615040469117687,0.1766333636371008,0.7054304017478221,-0.17875160390907244,-0.25863948421921323,-0.36005612706394946,-0.7792973287692735,-0.6526216887946327,-0.7406172610433819,-0.6104294036105632,-0.6306904583596298,-0.21484711621883254,-0.2627652694362074,-0.4987406325707311,-0.4674285111133774,-0.4842761566690562,-0.5143036394313738,-0.04408322806847938,-0.6188054042718152,0.09684189834878869,0.293408495867072,0.3977412663659392,0.35502744689729937,0.2895294219011539,0.16410762559035627,0.38799429720218565,0.29270800588016654,-0.736994706060186,0.29367459800735396,-0.14621367646973987,0.4421823190591167,0.46915023163998154,0.5658674633652331,0.6195123376250413,0.5570272694087408,-0.41539931251499146,0.7197858194798671,0.7741045824232003,0.5271129007980061,0.38020332507253196,0.07638785144417223,0.7199452804906668,-0.7639364204363475,0.699064732518066,-0.19712924031323248,0.15714243089475072,0.1646996222771351,-0.4517959737679234,-0.5913319145605824,0.254798943767292,-0.4064776528924465,-0.4549356601701553,-0.025389328520319863,-0.3193702002384115,-0.549317260582626,-0.3194409400283564,-0.25184451667720337,-0.4664775392194852,-0.567284814236251,-0.733792603996647,-0.6784223127698458,-0.7580183423490922,0.11648335648750577,-0.05653986775441043,-0.44488082185048483,-0.5595698399596174,-0.44761537586960753,-0.05314274942087035,-0.5700332232358434
0.0493245344900795,0.8683894988341617,0.8050287170135074,0.48999156543395894,0.6869711554958535,0.7692351583044722,-0.003358157302047771,0.8713350561837396,0.7979201029750798,-0.39143279541522363,-0.21745659347390373,-0.13879319507349724,0.000643635586554737,0.30077771835283973,0.40130928423182255,0.8467913403694475,0.5815461486878253,0.0,0.6184887822512313,0.061050231438930146,0.5417935210618159,-0.3416808073026575,0.5867491532132243,-0.11968997774762845,-0.08967650426704939,-0.2609465208514799,-0.1773059860848824,-0.46683804174084265,-0.1917986230695999,-0.6866385484369377,-0.6255294719524201,0.3590284855999009,0.7028433438457883,0.8880311405717153,-0.5311646889976005,0.06753530926388622,-0.43225212319462175,-0.6284630592877282,-0.7371900408951728,-0.8003773781539736,-0.6977575951052469,-0.8183972593257861,-0.6512753635416697,-0.8001209691878811,-0.6654032249572902,-0.8329571493252756,-0.7501599484019422,-0.7576291715961365,0.4542713773337267,-0.7732376607527464,0.5164804417873354,0.7876198307719832,0.7692436052662426,0.7448175158442045,0.7635338288485362,0.7039656508031666,0.8371730131485136,0.8017815118638235,-0.6866685731035408,0.30080529440853326,-0.6403607417336246,-0.0602802479921381,0.05950017515807633,0.285368469781958,0.3957498969925723,0.3601240809303403,0.19132716659634408,0.49462059302704525,0.7715895199068218,0.918178351979321,0.781236416203035,-0.04765027670777033,0.7242097992047728,-0.6852209054055457,0.565317590901711,-0.22562397785311653,0.13005435431374768,-0.08869617899076343,-0.8458875538337328,0.002686540343211057,0.5524939923029916,-0.32611625971413377,-0.5574199880151806,0.22725445573361686,-0.10862591197531338,-0.447650559260396,-0.35596288452755037,-0.440208953982255,-0.23195566855481914,-0.5434744569123423,-0.35008672990122897,-0.609536240853103,-0.7642911075076891,-0.4369448955000292,-0.6142583729146899,-0.8155367207336857,-0.6846247414380615,-0.38820663487206275,0.46570108977012636,-0.7441656950645866
-0.11085490960509102,0.4923575724705499,0.447523341232884,0.43554091268256667,0.3906180233614053,0.4403899472369475,-0.48627417176110127,0.6140113363099003,0.4830815359854554,-0.6153771673050878,-0.13687753078814122,0.02034522423461485,0.5444825055470275,0.8132403299133559,0.7621605928867345,0.5328442590903552,0.7138652787930694,0.6184887822512313,0.0,-0.5451944164762554,0.8867282864336162,-0.34279071799617583,0.8531222552128495,-0.5900196776616431,0.17932307415476081,-0.5095818636577166,-0.5831099880607896,-0.54752591622008,-0.47150995876255064,-0.2991032378982333,-0.12547645075113445,-0.11439383524659746,0.07089148161232534,0.5262129799651362,-0.5087961458799554,-0.4770330564751934,-0.6915734963723771,-0.722712563724708,-0.4842260481832418,-0.6971920373540198,-0.8007006547646325,-0.6889560946036339,-0.44002935916818986,-0.3561396686728987,-0.7595989176930699,-0.6062774213456504,-0.6822689375784671,-0.6692619833387532,0.03531356509504918,-0.6964284661038119,0.3878755774928878,0.43960422550636874,0.5992250813086055,0.5720000366764473,0.4652555110986677,0.3189362668395788,0.5115331162129658,0.42402847686970296,-0.7043341429473199,0.5816124790256831,-0.2669069378959427,0.6723903127026243,0.7500134700856901,0.8425655584796194,0.874447849637536,0.8461316767564904,-0.5034558803004952,0.8970811871561895,0.858281967785273,0.5437842638151125,0.4448428610404477,-0.34578907665704434,0.8570792718475244,-0.8548462121617733,0.47660856043997585,-0.5025245267057742,-0.2388336974114348,-0.10149538995823408,-0.45321484683061597,-0.4347120583203314,-0.11831590210413763,-0.7103871814319105,-0.7515812803279205,-0.42406306250510034,-0.681452238097916,-0.8023636157197003,-0.6513279475402334,-0.5818884633656363,-0.6993741704734987,-0.8364782628099123,-0.719154698775265,-0.36277150087624294,-0.7864671184331244,0.32328237043337493,-0.25531972309163,-0.5869209147609644,-0.7750503024573023,-0.7022300463129819,-0.00135589618434255,-0.6956862521203023
0.47655976534416805,0.2542339306157729,0.3493351502253773,-0.12904000241215155,0.1564609296237064,0.349165447496437,0.6940560231192595,0.0734595456511139,0.2895879073246965,0.40402307618560535,0.15113580180524427,-0.271612552789797,-0.5556379585290163,-0.7268508711076713,-0.4228499967748872,0.11933236388885277,-0.40604744116217983,0.061050231438930146,-0.5451944164762554,0.0,-0.38706141299789687,-0.07069300563968725,-0.49017235765439393,0.23414768485818285,-0.35572579839462803,0.07681485828350297,0.3361839602437049,0.10348552138254084,0.4440241151392145,-0.4028649375062159,0.0771097005133614,0.5364044810426255,0.5915769580955601,0.08051748816900384,0.0009947422553096893,0.8493208570425623,0.43572312745105396,0.3283378641145012,-0.06181316065690957,0.11656131921012851,0.3466035766841101,-0.06630933784730496,-0.03303729513464602,-0.14796047446167251,0.26348105625368695,0.006929033552959192,0.1875148522817803,0.29570204556282975,0.6755272743101777,0.36941346343337045,0.20013767126531212,0.23591406851743157,0.010106268402375695,0.0500662677914488,0.2088768318348823,0.36574925161290983,0.12298092127805443,0.25740226545390826,0.09135938248176467,-0.4169467845776614,-0.37897361457850925,-0.5449139190809528,-0.5936681837104464,-0.4912825594900111,-0.43793257411723885,-0.4179184073081961,0.7049891362103391,-0.4812611525393002,-0.29119413926321486,0.13615664627508303,0.4008408255102277,0.07961691561245207,-0.3382941129665531,0.3149125918500727,-0.3485061493016204,0.006188746642758034,0.29565281583481756,-0.31990867820667185,0.08155524392671154,0.48591507394579736,0.2955535567419002,0.6429227479541634,0.3840331165764432,0.4083394790309572,0.5576250438749515,0.4928355197942534,0.5173482954949767,0.14570449884537248,0.7847674736433917,0.4172386870978561,0.5571186665360396,0.03679578508291974,0.2102984460280423,-0.4453316383040926,-0.23818537539723847,0.1029841108681058,0.3282903336289549,0.6656088828211492,0.7121567102063825,0.3886964091140332
