0,1,2,3,4,5,6,7,8,9,10,11,12,13,14,15,16,17,18,19,20,21,22,23,24,25,26,27,28,29,30,31,32,33,34,35,36,37,38,39,40,41,42,43,44,45,46,47,48,49,50,51,52,53,54,55,56,57,58,59,60,61,62,63,64,65,66,67,68,69,70,71,72,73,74,75,76,77,78,79,80,81,82,83,84,85,86,87,88,89,90,91,92,93,94,95,96,97,98,99
0.0,0.02165666941741182,-0.012624054873168292,0.1432771395413338,0.24770546675477978,0.03978939161363132,0.15317896185018895,-0.004260098034360742,-0.09097458872990027,0.6151734135587724,-0.3969333438796714,-0.4418127545630756,-0.4190598547757918,-0.24732391298314174,-0.15826868643790956,-0.12619886674506336,-0.40810785515900516,-0.10562732447272197,-0.40123979332652016,0.011511622277427032,-0.11731300632253963,-0.22680603780970937,-0.10240740766692757,-0.3887607773373766,-0.1552134377983971,-0.49381383029812603,0.5272022075071602,0.30138918119846,-0.17502463012227554,-0.31987009697182783,0.4715059197391688,0.49662421254756167,0.5863237668835587,-0.2611980657828921,0.15735845347068203,0.03233506588048896,0.38139781982358534,0.6864728275386615,0.2877483732295604,0.1658894041836416,0.5569671173326847,0.4922212633332103,0.19866329435345756,0.4803652678132057,0.5507087341729157,0.5618775513097466,0.5148482242247069,0.5812163675516689,0.6850484692168144,0.6574263432426525,0.7747693835235767,0.08158613189074931,0.1563204626878305,0.08786545747482616,-0.053261572642195575,-0.04833579861885116,0.011596244312484348,-0.07652425114436714,-0.15660720229777025,-0.2057085533535049,-0.3956465957900688,-0.37497739129925695,-0.2993276500956389,-0.20054634065082705,-0.18179986246041963,-0.1446926803111521,0.6707562825165213,-0.281579088025974,-0.16122553693754363,-0.03333633128697469,-0.1686672741440206,0.05526878497860406,-0.255120590266814,-0.002404319371768646,-0.35948685011143566,-0.37642181286567045,-0.2748795338105473,-0.28834592701270806,0.6339034708967762,0.5585672614360144,-0.13235478044101662,0.39672816452946696,0.5364558187566844,-0.42261616210213393,0.03779281714442453,0.11903326051304408,0.4350910270704258,0.37628376548086234,-0.062241090779038576,0.4418164208234632,0.5562229213096509,-0.012270092504063086,0.2149913090945697,0.5791158535411141,-0.026266494621019182,0.4985207151830116,0.5395617841610533,0.4704709450974406,0.48569037486007716,0.6038044840481022
0.02165666941741182,0.0,0.8136270087729137,0.8787938613748328,0.8418647833510753,0.8937626851552882,0.8384555151951336,0.8577620692809326,0.8190600412497814,0.47889526072089916,-0.24674194124776516,0.03549407948798589,0.2851577267208856,0.5381748000129264,0.6433723162149663,0.7842628678959528,0.5332435633784901,0.8102145955968937,0.45050335196961727,0.8692916065634171,0.7553124796181138,0.6859731435414342,0.7568909408570875,0.6327110824762844,0.588826699737091,0.12786640329328589,0.19050762289949347,0.5854783735567053,0.6861882067671383,0.6256633376138719,-0.5478778304263648,-0.5554281585504276,-0.202844051721412,0.6408325111755606,0.1192476977768419,0.8940979961771174,0.6165173464034003,-0.02200571191609029,0.704919296677603,0.8079093996021736,-0.10854964595314909,-0.3866525388225413,-0.4769949317475774,-0.40841452890536084,-0.2347004867473711,-0.08773444985208521,0.02951549384895688,-0.13156256768999397,0.013438120093257625,0.2291163530665544,-0.10663651331890357,0.8895200291291862,0.8274463353059867,0.8413012019892288,0.869508945499248,0.8442472087790464,0.8501488903587737,0.8088499182553585,0.7309681847612056,0.5577402853299022,0.4892699310624657,0.358313765261519,0.5336205563899595,0.5618638337113118,0.6005888509177663,0.6285437414572791,0.5664107143785532,0.582376899089792,0.7650361160848367,0.8157929714913312,0.7247570750942778,0.7927028138368234,0.6217937782723313,0.8294143954315506,0.606494568771822,0.6626741103581153,0.6451026705867361,0.6506770545012084,-0.3066605461195405,-0.39209821826767477,0.8221624489603161,0.5688925217319964,0.43285129921602555,0.3894529158955398,0.8082221960134962,0.5091635359156681,0.5778617237359057,0.5535074369811611,0.8355590513422557,0.6218516114109426,0.42950786861487966,0.8205939704357682,0.7669379362195357,-0.29626401943778513,0.39652773816663806,-0.2941654210351227,0.1476384013906713,0.306474029071611,0.7092828362998008,0.13247437777383705
-0.012624054873168292,0.8136270087729137,0.0,0.7149917114111628,0.6090226773638003,0.8207370236758273,0.6119470171554452,0.8094368336645825,0.7841046357780682,0.4056430179168012,0.06603152792972315,0.2920809537235234,0.4603671235180964,0.6188337577462558,0.7085225885110192,0.6320587860025809,0.4947706316548606,0.6984574461410153,0.47874085617361256,0.7328894507744156,0.7209513986357103,0.5655131533042285,0.6268608241405687,0.5355795408955406,0.5452990022000257,0.19870198082387813,-0.09120872872046841,0.2607327570527288,0.7386103682448003,0.5925671920503744,-0.37792715788204484,-0.4921762432656741,-0.3587060677273602,0.43944024654155306,-0.23972174572016308,0.726969182709261,0.3680720206994665,-0.06690547959819775,0.5579751869173177,0.7218949611998623,-0.29385514303981497,-0.4368940108556153,-0.6105536539383696,-0.4899915342093924,-0.4036338573477277,-0.298568263270516,-0.23290529699434295,-0.308807716007189,-0.08979908653005554,0.10813659577265193,-0.15472005277515172,0.8031753754902697,0.7553213742970581,0.7435054774502894,0.7788510901810699,0.7926184312193141,0.8165648795489763,0.7907847025442561,0.7530938174178454,0.6448525499497494,0.5591900114893315,0.5281688394291468,0.6169458347352458,0.6482348404293373,0.6813860075387739,0.687532698860684,0.4296391668666545,0.6090392884370435,0.6649514497261073,0.7613874782342086,0.6892141803136653,0.512740234067435,0.5466165783005033,0.8079728519079722,0.5988758918112624,0.5874502294096706,0.6889654790454014,0.6096518068929985,-0.18655142718172596,-0.3280117845434213,0.6344978951372305,0.23328586132849452,0.1504972253164499,0.22982633075432252,0.5327499966381413,0.1318943138458458,0.31852716139715526,0.23125933084150474,0.7641608198144092,0.3589375684109056,0.19168336900825567,0.6869980996091266,0.5831379711367426,-0.3677058557875251,0.10269035579933203,-0.40899661871383686,-0.1206512941062106,-0.010219772920139512,0.5974286560161673,-0.056467861792952136
0.1432771395413338,0.8787938613748328,0.7149917114111628,0.0,0.7429700433275412,0.7085089589539131,0.7010004886399698,0.6995344753381589,0.640580423773179,0.4594402894977182,-0.31542727903956047,-0.07375957262519126,0.11820757881898983,0.4088815116245461,0.5008754588965435,0.6947506299106233,0.4005653532563665,0.6870664205705791,0.3312220057078221,0.7338900271027204,0.6184130885181294,0.6152942416378673,0.7041346080737882,0.5257830280223755,0.33020388568732295,0.15182253478734162,0.2539272232917629,0.5961103380940542,0.5009299570596514,0.5369799553672779,-0.3683982086150934,-0.33268106638890105,-0.05103899718198067,0.5826537660221768,0.22456291339222562,0.7281034999513957,0.4610814209478053,0.04371071147185238,0.6082640561617768,0.6483257789312935,-0.02254312109478815,-0.1930947956314807,-0.20297441508292505,-0.27805737110837664,-0.07720041137610044,0.0361965420020835,0.12520142660146807,-0.016598626930727018,0.04935055496899146,0.1902600790085696,0.032636819706295554,0.7441662690433787,0.7629756083728914,0.7772193853331736,0.6850691282130619,0.6591478645000204,0.6851442342624058,0.6408591089856617,0.5287182389649165,0.34290146712312175,0.31818956261598225,0.1943508158956756,0.3924371377892936,0.4377704518374064,0.475077422102086,0.512720404941607,0.5122394503530625,0.46685611001803506,0.6435834203683772,0.6846657398027217,0.6053065633109377,0.7081507120733579,0.5576681895340384,0.6355283769423975,0.44533966305566086,0.4844675547043825,0.4545649717036697,0.543601026009724,-0.16096750220059763,-0.2684266167243813,0.679874164128519,0.5394784843954246,0.4359943062288042,0.29438955593595084,0.6776852002115799,0.5027191444028372,0.45518822997385106,0.5471745108698175,0.664253500720474,0.5143142443014378,0.4067194372983718,0.5932915738004315,0.5880617330362451,-0.15893030390625024,0.44313995448190197,-0.20211474047270744,0.20933380752356473,0.32896030290182726,0.5332057427398685,0.13557289938885497
0.24770546675477978,0.8418647833510753,0.6090226773638003,0.7429700433275412,0.0,0.7133357955605993,0.7397964938174613,0.6632272670929186,0.5805716012284904,0.4434423193480524,-0.5432237374641935,-0.2996809553916689,-0.07382348635569377,0.20298685309410847,0.33284964540036044,0.6580389879429553,0.26482381355814155,0.639788958534233,0.13831416759461942,0.7041690940315264,0.49185938311080285,0.47370980731031664,0.5952926488861616,0.4516115116501908,0.3383424033806734,0.037281783550787255,0.47397023179422104,0.7944988499434431,0.37420338169483247,0.3941913491470645,-0.4202569968441143,-0.2986823439326647,0.10307473718090367,0.5388824109165798,0.4210212356730938,0.7823507746410596,0.6613272178175061,0.0958625080724758,0.6004763626907784,0.6099915669268078,0.15086195783593226,-0.07034537384695254,-0.16925489067261645,-0.1096648997034438,0.08450405676932911,0.23770712154905815,0.34534470713767607,0.1703573311457733,0.22820902022869255,0.345777971067085,0.1400625298824568,0.7331342320636144,0.6688665645052895,0.7192723490556477,0.6963631326293487,0.6273440788572157,0.6371754085745741,0.5712118912476964,0.4272736594902106,0.1945149105872917,0.16682203480340962,0.0005121459790396902,0.22110075849183056,0.23799535273383415,0.2905751598031011,0.32728270187247505,0.5949199808490966,0.29329087992599584,0.5721954301452806,0.6100921724203382,0.48309154223631845,0.7910157639636675,0.43443830166748293,0.5706383865832448,0.3241081120248367,0.4256857415938329,0.32987029989741595,0.42257566267545116,-0.17269949021677197,-0.22129221594913545,0.6815234310904801,0.7292144701995014,0.6428525312277955,0.33959724750450426,0.7813134487632438,0.6824438485379042,0.6697214424899667,0.7635691456326238,0.6255778921025992,0.6897398783473357,0.589282749202665,0.6215463095667142,0.6508950705860508,-0.007999759292692397,0.48838298527030594,-0.003452738694224082,0.419355315207836,0.5525982241270505,0.6405291082164313,0.35297716149978375
0.03978939161363132,0.8937626851552882,0.8207370236758273,0.7085089589539131,0.7133357955605993,0.0,0.7073732685113675,0.8087121539539776,0.7689495148898123,0.3895157117271891,-0.15699451306587506,0.09940928560158525,0.32261130696973195,0.5109027924076591,0.6134095165759074,0.7017520009008609,0.47965660971765606,0.7351275971861501,0.4097619754028175,0.7803830878286578,0.684760365334154,0.5767094632478389,0.6340154150225475,0.5561557541133669,0.5673862766551051,0.1594742109899026,0.0933588084181979,0.46458732999220753,0.656079775126429,0.5506978003421223,-0.4852065159342298,-0.5143107855189857,-0.2454120161784316,0.5296172290540375,0.011888196807062915,0.8143878926032898,0.5176917624464279,-0.06278705506846181,0.5677907368314645,0.7117347711180734,-0.1732859999945272,-0.39182712890788274,-0.5430684876313528,-0.401003311750234,-0.28166924971826374,-0.14470679273128798,-0.05536842672542449,-0.17779495375577606,0.0020727625626642938,0.18535953175141492,-0.10391148867173018,0.8292319677511488,0.7477410078033387,0.7530776764207233,0.8126582931832432,0.7931304149207309,0.8077994396213478,0.7672368921904313,0.6898597548810896,0.5487548075091442,0.48064125706108485,0.38820472394908606,0.5246109821322337,0.5376634480182719,0.5773246068745633,0.5921322300618198,0.49518380548410673,0.5397575186466828,0.6882919332934622,0.7565162443363477,0.668662432632721,0.6743380715237153,0.5533089999276674,0.7756606450516292,0.5656446221635671,0.6019852391260144,0.6268139076836913,0.5931747373948589,-0.26889595119565324,-0.36765942965707094,0.7132155412496604,0.45024494826624084,0.3319286931245831,0.36313300127280695,0.6891215690810364,0.37856167848576977,0.48394250282114093,0.43974693934777637,0.7814763535528826,0.49981012108832623,0.32861754295154183,0.7138570947113048,0.639870273199721,-0.30070005938883976,0.18844053981322703,-0.2992068256354515,0.054384764917851665,0.20851512992195448,0.6649062730472992,0.08084200499885057
0.15317896185018895,0.8384555151951336,0.6119470171554452,0.7010004886399698,0.7397964938174613,0.7073732685113675,0.0,0.5777520653351769,0.5534024948331363,0.6371510644491256,-0.24213199775897007,-0.08737064688366811,0.14609527484485724,0.3304658152705554,0.41304753773164254,0.5501968852793324,0.3824334759435072,0.5459822921660026,0.3150641947784524,0.6359330638326062,0.5281544508943514,0.5194708985459687,0.5242969401391038,0.3815847836931789,0.5046365945242459,-0.11508378312151601,0.32282630957422626,0.4760248783425126,0.4569829578297791,0.3679371736395635,-0.3115497139134213,-0.3441612515670554,0.03045732731568365,0.4494676782801079,0.20155299136896515,0.6561639252513916,0.6971891981740437,0.21779325220061865,0.7065773984295954,0.7315070642842268,0.16496913639904878,-0.18367596436311315,-0.2459587951855775,-0.14243217898955468,0.002583558279427501,0.11337067210070322,0.19115077563599875,0.07577167119014241,0.19927369847773402,0.40411966313697034,0.052641132743641454,0.6238497184218672,0.5686462924592063,0.5319251784559961,0.5943389498764307,0.5786347155990399,0.5866588047936332,0.5384675703550261,0.535736384698356,0.42638401774024565,0.29530609978879935,0.17853853570329567,0.2915748460778475,0.34204627452409975,0.3679328676531068,0.3959035401151909,0.6022940115294709,0.35370270427425976,0.5143964278657476,0.5514390996821856,0.47330782933355653,0.6368414340433599,0.3600669601539612,0.6055273053176007,0.390422702591752,0.44154749162787554,0.413486958469832,0.3792161384929431,-0.11546989519170543,-0.1449818417825574,0.6140250575793039,0.5940277279876224,0.49496999928112134,0.2742816662080891,0.6570384349659026,0.47961901995925194,0.6329023988738123,0.5049698762138247,0.5851102240828887,0.6608693838012882,0.5193195917315135,0.7299508848323025,0.7539050983781924,-0.08214214880601163,0.3956908381248199,-0.034714992002051345,0.29883789919163184,0.40745444777695566,0.6874509508717405,0.3116913487047214
-0.004260098034360742,0.8577620692809326,0.8094368336645825,0.6995344753381589,0.6632272670929186,0.8087121539539776,0.5777520653351769,0.0,0.8254957122837332,0.4042448242618482,-0.1063146834148189,0.17236149620523045,0.3670911118179779,0.622204760642022,0.7228565044512854,0.7656122530703166,0.5371432432351011,0.808397888887102,0.49871103704924,0.8459752124550031,0.793854454745722,0.6839127053859958,0.7847708666604319,0.6566641698074195,0.4928953037702407,0.21877848700249566,0.02932424411150219,0.4540330814166204,0.7443772629401506,0.7009365649759024,-0.4815299993094728,-0.5319083859480461,-0.30584398654101974,0.5971008927271751,-0.06535373533590874,0.8333622870549521,0.4336617595704314,-0.08642880865086434,0.6669111357293812,0.76392091294378,-0.2462030463819041,-0.4135534469848593,-0.4924754143611992,-0.5074881929516808,-0.335492229416023,-0.22391084324203714,-0.1211300793687386,-0.25555838174364703,-0.11714117067665186,0.09694870074080836,-0.17256330137974044,0.8896655196594391,0.860857994774586,0.8790934850607707,0.855665217422237,0.8433293651099832,0.8669052336949051,0.8346529311955242,0.765017497373993,0.5910319559526392,0.5427778035751738,0.4551281092405588,0.617822224131709,0.653566649872452,0.6941322769391755,0.7163627418783252,0.4737962141346316,0.6516649559486996,0.7717357694018087,0.8399030410352181,0.7672393561999531,0.6712259113077128,0.6597515355168884,0.8439482372283617,0.645213732236115,0.6595121687481448,0.6921108161452967,0.7001168542818292,-0.25669911010090324,-0.4052129689132542,0.7815385865209411,0.3917631019600732,0.2866004233891316,0.2885624394822716,0.6856841355236655,0.3359038259172467,0.38859609779734405,0.40255076593341327,0.8286270244323797,0.4700992252397525,0.29461648866655704,0.7411985318201068,0.6621109845557208,-0.36047987210944127,0.3684497497889083,-0.41650517648787727,-0.015949222451348666,0.11555017238824054,0.5811160756175099,-0.02913803137343131
-0.09097458872990027,0.8190600412497814,0.7841046357780682,0.640580423773179,0.5805716012284904,0.7689495148898123,0.5534024948331363,0.8254957122837332,0.0,0.38646260446481817,-0.0011130614771430911,0.28546771691467754,0.5112000417870498,0.7123754343314375,0.7980740638502387,0.7989904438572759,0.6545458717431323,0.8454793815235534,0.6157076506293764,0.8824517817264587,0.8542158809679702,0.7421934479045225,0.7804992448960921,0.702599929116725,0.6565493094768524,0.24276067942627355,-0.06719547459194784,0.36147148264881285,0.8295204140907876,0.7360028888923875,-0.5729555872315686,-0.6619352204686099,-0.42298515668920084,0.6352539975268331,-0.12535092243875334,0.8627333156039704,0.4535626217774029,-0.15145081478977052,0.6443967693388383,0.8045961614705874,-0.32673526229653893,-0.5653443992859166,-0.64644775810971,-0.5907733061045607,-0.45541842474651056,-0.33247039384996996,-0.22782337375507514,-0.35852889551868106,-0.17619152385664885,0.06368107920234282,-0.2842091912917806,0.9112453420587446,0.8531459365483121,0.8460861048021233,0.9001492996629645,0.9004289590346717,0.91705995186282,0.8896191374522341,0.8537399886953042,0.7325965991344506,0.6669186615539328,0.5786554689497335,0.7098466244021016,0.7324984360683019,0.7644425972719568,0.779788662765416,0.4443344383029956,0.7308464121139151,0.8221195332361753,0.8815329335426311,0.825949143544555,0.6867587515024164,0.7056527424320712,0.902344185336181,0.7459405734446694,0.7523655013397432,0.7992479356626541,0.7561590819492142,-0.3667067135858163,-0.4954842449523937,0.8263089459301531,0.358438401013363,0.2030504177915966,0.389190470724474,0.7148332154767318,0.309309187302865,0.39264113326437355,0.3268821333437245,0.887854573612353,0.446422652717527,0.2155059845577845,0.8123520103640589,0.694207813191171,-0.4813260249293911,0.25860533622809007,-0.4916574947147786,-0.10551989097082078,0.06355228994501327,0.6272148211939844,-0.08690298780413339
0.6151734135587724,0.47889526072089916,0.4056430179168012,0.4594402894977182,0.4434423193480524,0.3895157117271891,0.6371510644491256,0.4042448242618482,0.38646260446481817,0.0,-0.09737871070305705,-0.1143073804046667,-0.002219007918486157,0.11381499764039225,0.2097440102721938,0.12674653460550434,0.003538412987698336,0.16879974613948745,0.006123206260185282,0.2835747024494395,0.24843985051654033,0.12226987002040597,0.1895061265206237,-0.04964080478950129,0.22979470209232392,-0.38443904252053523,0.30262129559996254,0.182671594660837,0.22921991413269227,0.027843360470048314,0.15157888707185344,0.061803801289818085,0.2068388572452858,-0.03983039737378028,-0.10557183684151461,0.27932966646968976,0.5377631373835898,0.5364264014404453,0.6244710100811373,0.5822471727373385,0.3239293990325029,0.11864679031923028,-0.12832445182646945,0.10596081629317439,0.16786666087741797,0.22538498200918455,0.23363106383560125,0.23643741673362986,0.38999340931373316,0.5479755248104464,0.3302061800792331,0.3274732193312693,0.3121571443946485,0.23409528509002,0.23646815609490074,0.26465420821093877,0.3018652662635437,0.2502112099496589,0.2966664219672105,0.23473669073121356,0.016118984455987747,0.031022346733269354,0.04153735295815115,0.14782872969039626,0.17431456911428253,0.197304541372133,0.6401809868036904,0.06408824153073135,0.12213866824723103,0.2328062808773694,0.14544207324838046,0.17430543946794785,-0.041427651689652144,0.3760891392974998,0.042341714096661945,0.031062099768571,0.14106625967028155,0.012000348992348633,0.3310423644172589,0.29386675315369637,0.18545821529426817,0.32330216894659836,0.39035702507221665,-0.25381800122351583,0.2382313579762261,0.07281285395405475,0.5026049393363887,0.2516561504314446,0.23957365026103206,0.5319247843920043,0.5218653548349396,0.4819728722982086,0.5995757788229635,0.2039451138001223,0.15347487946822158,0.177295443188335,0.32222852563763577,0.2774562000123477,0.5814657196529674,0.4081814762207703
-0.3969333438796714,-0.24674194124776516,0.06603152792972315,-0.31542727903956047,-0.5432237374641935,-0.15699451306587506,-0.24213199775897007,-0.1063146834148189,-0.0011130614771430911,-0.09737871070305705,0.0,0.7222667448544633,0.5760505236432153,0.3023035911465228,0.19695772033164077,-0.28839693641446223,0.17001249323246198,-0.21537797544147022,0.32340538637292493,-0.29507034110584096,-0.002414294055519994,-0.056194820833496834,-0.19090207834055442,-0.025207304782842735,0.02609887707111529,0.24885009573608347,-0.7681129450957872,-0.8487546085647262,0.1998344856466318,0.06841950280855917,0.18180169683196232,-0.09936614863600567,-0.5310732477927305,-0.2703778806044373,-0.7709865527170742,-0.3999384511785822,-0.5691509422018038,-0.2728728663584191,-0.28534257602265944,-0.14169873221242082,-0.5151186247379099,-0.3258692110484267,-0.25856044675479456,-0.3385677956814936,-0.5351725611211875,-0.6400415076077625,-0.7238336324859269,-0.5781624924993464,-0.4942134170798973,-0.4658294223469224,-0.4678534106302181,-0.27921723877626825,-0.2570641337672091,-0.31527881342124897,-0.21793985989126535,-0.12922974699530618,-0.12665144027494357,-0.04642585415668568,0.14017922940253183,0.34222944190068716,0.32625320986671463,0.520716323338992,0.29091508011796763,0.28267460842825776,0.24977052377401088,0.18488183094100047,-0.5271177528205957,0.20116326884991206,-0.1505525478252094,-0.13407558716190582,-0.016263020461291272,-0.5934582618368538,-0.06231766081239137,-0.04267720505723149,0.16110618941115282,0.015250012005987336,0.20753230718236956,0.016798642997327747,-0.007582139110658509,-0.06100116124398622,-0.314372501463102,-0.8393519256157999,-0.802615297633899,-0.1462142316703838,-0.5716324451666243,-0.8095596983712908,-0.6538421890355001,-0.8593799610454583,-0.15606685151279112,-0.6564302083507132,-0.6730779054594525,-0.16358179687023652,-0.3148424251999081,-0.398822291220209,-0.42297058630612894,-0.41232411796681645,-0.7282472743940828,-0.8152327059244788,-0.4166578596299759,-0.609249301141395
-0.4418127545630756,0.03549407948798589,0.2920809537235234,-0.07375957262519126,-0.2996809553916689,0.09940928560158525,-0.08737064688366811,0.17236149620523045,0.28546771691467754,-0.1143073804046667,0.7222667448544633,0.0,0.7980947644283631,0.5734744313045439,0.46960135621001736,0.014777749007873101,0.46631977715017425,0.09119679101738856,0.6074568295494811,-0.007442761109125808,0.2836350565414302,0.23318776565369617,0.0722355269040511,0.2600665062405905,0.25450822462819045,0.47788355753394895,-0.8806950423347362,-0.7443351068684423,0.45290952942785306,0.3674589298960997,-0.09333645425260174,-0.3723527829558345,-0.7516285703594259,0.02642182615045169,-0.745784893594826,-0.132772334894752,-0.5634645593984363,-0.48317239503901876,-0.2553640667573363,-0.02437726687698404,-0.7411893322165074,-0.6067369241986881,-0.48902893873701836,-0.6020421587625765,-0.7590413789356704,-0.8166716674590022,-0.8801922176443862,-0.7805198845489383,-0.6643387108964879,-0.6048166926665531,-0.6315594895508335,-0.003502969573541177,0.02876275698655069,-0.011473378395344125,0.06435540786962674,0.15614442435079126,0.1629405792927164,0.23515786020694132,0.37297310137993017,0.5781637239477972,0.604794201858045,0.7527852617071875,0.5845236588705802,0.558711747757823,0.51511722146589,0.45958754613641745,-0.5128928592008282,0.4997295336102133,0.16994663482260278,0.16981866057114947,0.2980025379281992,-0.3419062144619763,0.27168900393984796,0.1930714368752938,0.45376719876186167,0.30802719185354227,0.4914212048802481,0.33450546855007635,-0.2633451794377311,-0.3594970970309047,-0.03130824210116736,-0.7568329537646907,-0.8458918707639312,0.13029871533730553,-0.3429952772650569,-0.6757922169514675,-0.6467592382736363,-0.790565378269978,0.1387401811035669,-0.651619328825392,-0.7776337029697813,-0.025973609587035703,-0.26142115971782864,-0.6551199998341526,-0.431683021089973,-0.6663724777906652,-0.8570594141782694,-0.8445064275316965,-0.31541347562947336,-0.7583165355442811
-0.4190598547757918,0.2851577267208856,0.4603671235180964,0.11820757881898983,-0.07382348635569377,0.32261130696973195,0.14609527484485724,0.3670911118179779,0.5112000417870498,-0.002219007918486157,0.5760505236432153,0.7980947644283631,0.0,0.7075666169811806,0.645811116586095,0.27866820129773606,0.6562745579343655,0.3423269737606455,0.7479564798278087,0.2919540584313223,0.5171811273730533,0.4567475358305352,0.27306867598022927,0.42584048217246506,0.5620528631123397,0.3960613660653645,-0.7229241454337016,-0.5128247360379188,0.6485742198275418,0.5054993422445921,-0.3230243436658238,-0.5868052030189836,-0.7498671651990132,0.2611220815145502,-0.6175927688569723,0.18360223271571605,-0.22723684699740548,-0.4209912996629068,0.002129043791429079,0.27565093030354537,-0.6679981904504302,-0.7579550045250344,-0.6882707682944316,-0.67835735420778,-0.7783097808913717,-0.7709127139851568,-0.7771592703116997,-0.7445928490863872,-0.5648196338118247,-0.4109523752663471,-0.6373507478322337,0.27869517696457086,0.26911617070062954,0.18556865963290942,0.349637070208761,0.4348625013820612,0.41982615794671074,0.4705042529369328,0.6059352880258178,0.7819927949927727,0.752089169666932,0.8136396040978735,0.7054149110116696,0.6929555193413156,0.6571910275553902,0.6194188663903231,-0.2357557481212479,0.6490434840390074,0.4109101471339927,0.40680727201141403,0.5123211763574516,-0.011113817071337866,0.4444331628293858,0.46006569877707054,0.6477412382973847,0.5331497844365248,0.6818830483186878,0.5133717761893372,-0.40130524979437804,-0.48032743729064276,0.26366519294095964,-0.44388592913469255,-0.6083027791906219,0.30839034300275503,0.00465722286170494,-0.4022552142477395,-0.3326889029429611,-0.537108482105155,0.42258136154499315,-0.3325492968089839,-0.5543087742702544,0.2905272207816144,0.05830854953189465,-0.7222591896378064,-0.32122953498659834,-0.6845652720417315,-0.7111054442209057,-0.611066465060446,0.022584247205575267,-0.5952821686090253
-0.24732391298314174,0.5381748000129264,0.6188337577462558,0.4088815116245461,0.20298685309410847,0.5109027924076591,0.3304658152705554,0.622204760642022,0.7123754343314375,0.11381499764039225,0.3023035911465228,0.5734744313045439,0.7075666169811806,0.0,0.8568458563594532,0.6039893851884099,0.7331890395363526,0.6632193645343256,0.8021375932143907,0.6536236100606738,0.8074164702185573,0.7401839884757824,0.6769087496699993,0.6079421715730527,0.49201663034254856,0.350964838982984,-0.4658942076331738,-0.14042813785825273,0.8137457147867312,0.7362400979261965,-0.33447074065579274,-0.5656621138323146,-0.5863927732803244,0.5178663791060261,-0.4296248503717046,0.503852172417021,0.008277641620986565,-0.21575673425977399,0.40912693684769474,0.5802884350245959,-0.533748247847101,-0.6761387253753751,-0.575337889957569,-0.70468020209592,-0.6281413058324493,-0.6098992246818833,-0.5724997361075918,-0.6026602553851947,-0.44604602375995184,-0.23231024961581656,-0.43682530651843315,0.6316545114296965,0.7260488996918719,0.640756841338327,0.5983633209456486,0.6834102867510576,0.7269511723075287,0.729392051225494,0.7651720996738,0.8185050787944416,0.7706113902175302,0.7782815329041742,0.8127641479598441,0.8688901712868744,0.852597396592246,0.8631411919725233,0.16012438765478923,0.8266042771267855,0.7027902056509842,0.7443231090045763,0.785330058977149,0.32127746505054844,0.6896389468282228,0.7353941580985753,0.7552646747725725,0.6462043006251188,0.7966524876250735,0.7261285030409917,-0.2750587409731895,-0.46508066192592057,0.5859429416308121,-0.08162424330682738,-0.2489252937497087,0.23931324698745277,0.3153087340785709,-0.11811663035790142,-0.08443173242368128,-0.17776767684807301,0.688596167429418,-0.0006887532258384218,-0.20738786713943272,0.5157286635172037,0.35129863171940456,-0.6240788473629936,0.07994996601046403,-0.6874103055600307,-0.4726866066042345,-0.3537729537036068,0.26113603311523303,-0.43822512065597646
-0.15826868643790956,0.6433723162149663,0.7085225885110192,0.5008754588965435,0.33284964540036044,0.6134095165759074,0.41304753773164254,0.7228565044512854,0.7980740638502387,0.2097440102721938,0.19695772033164077,0.46960135621001736,0.645811116586095,0.8568458563594532,0.0,0.6343518397498339,0.654173128352946,0.7044791912695807,0.7164234418430171,0.7182724559954272,0.8184250713280979,0.7098988002355,0.7162176038050758,0.5935068468399833,0.5109923191626821,0.2556601280187807,-0.32896348646419676,0.008293595554038972,0.8259629599609843,0.7241388680667689,-0.31753287113748285,-0.5304192325984527,-0.49685764631473867,0.4941866695506523,-0.39713052570807567,0.6028019502684988,0.1550199114809714,-0.11479602965981117,0.5337297201648284,0.6767994275719457,-0.43076724409710543,-0.5803600576636445,-0.5762982500201312,-0.6368964074685896,-0.5367467367965443,-0.4975393653888541,-0.45024698926223,-0.4932503957412158,-0.30818762897537094,-0.08208997964091488,-0.31111374728190266,0.7218010486312109,0.7968486057155991,0.7258564287544702,0.6766395386183943,0.7436644092496507,0.792609953279185,0.7843378077942434,0.7942582775648305,0.7952591867027434,0.7075157412588211,0.7137248167464135,0.7743571101098204,0.8421116177437292,0.8394607772935353,0.8511614720188904,0.31576312199308476,0.7850312746232035,0.7177344970408487,0.7924496318261868,0.786380916814862,0.38618875406403663,0.6651741755100993,0.8056590479175018,0.7125049952261189,0.6297721625070508,0.782422416484358,0.7121007142676614,-0.19582830003513438,-0.39508962727875396,0.624744544474642,0.04136555431953179,-0.08843784892890608,0.1789676350579143,0.40072342758379736,-0.038365027099434665,0.07303516438545068,-0.029166545372827594,0.7416587841621186,0.15996348289335072,-0.0458707914594122,0.6078369177339281,0.48086999897929,-0.5239838033193859,0.14546724612085482,-0.5979536860730621,-0.3387095483214639,-0.22905038869549257,0.4101484979514176,-0.298045794612493
-0.12619886674506336,0.7842628678959528,0.6320587860025809,0.6947506299106233,0.6580389879429553,0.7017520009008609,0.5501968852793324,0.7656122530703166,0.7989904438572759,0.12674653460550434,-0.28839693641446223,0.014777749007873101,0.27866820129773606,0.6039893851884099,0.6343518397498339,0.0,0.6471901055414357,0.8277940935753099,0.5645037429219916,0.8305759156029678,0.7346944743029183,0.8076809393135632,0.8194210207835083,0.7407587382252171,0.45359286019214423,0.39345402492416215,0.09834819074031913,0.5829829683425073,0.5980665181579922,0.708244667617093,-0.6159984673105415,-0.5779741282819522,-0.26019819133732053,0.8195776577205847,0.3006076668886652,0.8154548086574065,0.37098654277884524,-0.25064184428998776,0.4998658953303227,0.6028416661329825,-0.2347081625944916,-0.44020040106073227,-0.28190775746363683,-0.4805572621104589,-0.2698444657320456,-0.16282457095220046,-0.046103421490194016,-0.22549919356205753,-0.20285187397558171,-0.054270062690714514,-0.24443605743065816,0.8027705751958748,0.8092482111591363,0.852904094322892,0.7881166836648489,0.7479477889161427,0.7601826055717685,0.7309927591296325,0.6162260228234869,0.4519590258515279,0.5145513350238039,0.34648806900931517,0.558804609992767,0.5581454420352402,0.580175440497607,0.6158972677074506,0.31634667838702274,0.6426429568917784,0.8154381280608689,0.794253392862094,0.7550452111256153,0.8591258385338211,0.7646678969082108,0.6770164742973395,0.6441259964393112,0.7021793946104381,0.5950834806014876,0.7313327749624043,-0.45170024144091164,-0.5595221354235792,0.8500590335495585,0.530269697881023,0.32753834731233294,0.6084791781530804,0.7866022696720226,0.6006619010080254,0.34662511450405803,0.5081355745676686,0.7748884186396747,0.4047963251873775,0.23578042521945572,0.6232377305787578,0.5192876851731294,-0.3942477774038314,0.48181953982869147,-0.401890236848686,0.04172676262324731,0.2444894144507863,0.41356803868676395,-0.06734018178028268
-0.40810785515900516,0.5332435633784901,0.4947706316548606,0.4005653532563665,0.26482381355814155,0.47965660971765606,0.3824334759435072,0.5371432432351011,0.6545458717431323,0.003538412987698336,0.17001249323246198,0.46631977715017425,0.6562745579343655,0.7331890395363526,0.654173128352946,0.6471901055414357,0.0,0.661127802960969,0.8018762057106803,0.6285129390170358,0.6792627332461512,0.791778902790099,0.6382530471847325,0.7031843558950841,0.5725764237520267,0.5035967167549723,-0.33004930367313445,0.05836571307567489,0.652042245575029,0.686685777420108,-0.5978706635858865,-0.7075267459366691,-0.5460465139260793,0.7294757584084977,-0.0025883113282574406,0.5436838028105961,0.10856627511370115,-0.43687576677018647,0.24064756722158753,0.4538932650875347,-0.48206125346980455,-0.7090985418862801,-0.4405171100968451,-0.6452475145410248,-0.5614822866460685,-0.5080885878422752,-0.43486074114611417,-0.5391978385587658,-0.4710891310856671,-0.310102175210552,-0.5636725486174082,0.5435074802957677,0.5589307075522634,0.5283897013712879,0.5925082584030829,0.6133364214638188,0.5987269208915571,0.624137149132023,0.6438324941277193,0.6704267582022431,0.7305894082913444,0.6323508706467573,0.6856611373952,0.6705614260800689,0.6499987658660162,0.6492906076531545,-0.02367942093730479,0.7285620220632416,0.7075372863648688,0.6423630862632511,0.70192202858784,0.5506295578382623,0.71714642817777,0.5790990953100337,0.7507810508883468,0.7432322977879972,0.693676957952348,0.7077747166845687,-0.582862613360034,-0.6543326427182524,0.6609538944926533,0.11270649326842687,-0.15148849077032514,0.6749306159437238,0.4843894965717834,0.22922621906676482,0.022488382067726083,-0.004301512444292781,0.6501991132897286,0.02819226809309639,-0.20714433251563744,0.5108128538403262,0.3076281386668929,-0.6608512460185706,0.1769358551430782,-0.6059768446942149,-0.3562389817113585,-0.1450521452407237,0.18784094432227633,-0.3865786619565333
-0.10562732447272197,0.8102145955968937,0.6984574461410153,0.6870664205705791,0.639788958534233,0.7351275971861501,0.5459822921660026,0.808397888887102,0.8454793815235534,0.16879974613948745,-0.21537797544147022,0.09119679101738856,0.3423269737606455,0.6632193645343256,0.7044791912695807,0.8277940935753099,0.661127802960969,0.0,0.6031879728719938,0.8970832000170307,0.8233860626861993,0.8298672698021462,0.8747727668226611,0.7735394246671005,0.4868574121706607,0.3703233073037639,0.035445144217913976,0.5376586398732639,0.7161174200559509,0.7783352214937784,-0.6095476136184099,-0.6131944721026245,-0.31838064498709184,0.7951176569259947,0.14957348623317324,0.8650840432586449,0.38999722507404083,-0.21853578136074192,0.591462193363805,0.6985774040766193,-0.283225195713772,-0.48670874194191577,-0.39493536682698144,-0.5530331666192855,-0.34201570602636416,-0.23306952307538192,-0.11796053444933288,-0.2877164448601496,-0.21379318485790783,-0.028825562883188192,-0.2550460463986613,0.8873905475403645,0.899745907926283,0.9273318585641177,0.8588386407717733,0.8400024423649295,0.8567936617115569,0.8291206414989128,0.7268271826851777,0.5584637069854409,0.5902260044555259,0.4462368048780752,0.6478190577521068,0.6662289406192181,0.6907278617577151,0.7253775807290671,0.38241224240205,0.7151318117653221,0.8649492910630837,0.8748949165366586,0.8293767059251076,0.8181235607357178,0.7956619419869625,0.7968547063229142,0.7079079785415562,0.7489989999929175,0.6956617393134631,0.7908402996430988,-0.41465614985029015,-0.5529312997837255,0.8804044110573022,0.47857248600384894,0.29615838481279244,0.516048134210784,0.7835166315707465,0.509436287051876,0.3518991012838173,0.4632826233338873,0.8544377660285033,0.4264979331728876,0.2370388613915876,0.7042101754077633,0.5932317348934444,-0.43477098291158484,0.47719691075825105,-0.46680987274994623,-0.014996782451065692,0.17662816614391036,0.4884669863354487,-0.09394717567806304
-0.40123979332652016,0.45050335196961727,0.47874085617361256,0.3312220057078221,0.13831416759461942,0.4097619754028175,0.3150641947784524,0.49871103704924,0.6157076506293764,0.006123206260185282,0.32340538637292493,0.6074568295494811,0.7479564798278087,0.8021375932143907,0.7164234418430171,0.5645037429219916,0.8018762057106803,0.6031879728719938,0.0,0.5371748703665169,0.6558173168064876,0.7231591379104096,0.5705191784900372,0.6122273183803775,0.47536794995559445,0.4776695542167254,-0.4751355255974667,-0.15351614977589892,0.6570494356835226,0.6550598573924129,-0.4400358758868715,-0.6235026820355926,-0.5802594728795618,0.5991425625407392,-0.19557354808588434,0.39911135201628495,-0.037809068003026816,-0.3860414357438954,0.19785526276783316,0.39821585412318333,-0.5313808638071627,-0.7123975337328347,-0.4327248428450121,-0.6623361915091502,-0.6035602405919013,-0.6027019526489426,-0.5577607504358565,-0.610344141708438,-0.5147873010208128,-0.3597507335168223,-0.560250259315089,0.44961361144588124,0.514190643157914,0.4478568268004691,0.47387232658114514,0.5369841035711606,0.540475672066973,0.5697732901733563,0.6216679386098305,0.7058188459005834,0.7309227530200653,0.6965879585955744,0.7115039400498755,0.7083218952123769,0.682337154786644,0.6852625993345726,-0.07544702980388575,0.7279304183362226,0.6255290054773611,0.5891621667692127,0.6647352760704937,0.34977268074416684,0.6625231575040282,0.5315435327515943,0.7137413724884529,0.6607339111596421,0.6931123812801517,0.6625139697289049,-0.45821184054265635,-0.5600813124136874,0.5346643911687522,-0.06722039782212644,-0.302474294031175,0.496862882870154,0.29571858747862034,-0.0014577572762307053,-0.13650797383464364,-0.20903284506106456,0.5688788930879554,-0.11330734432308856,-0.3216945546114925,0.40033216522302895,0.20207341391006942,-0.6616992201973084,0.08349895246213647,-0.6494797049220467,-0.4819794106597078,-0.31651365757426825,0.10579636637336261,-0.4807294313478186
0.011511622277427032,0.8692916065634171,0.7328894507744156,0.7338900271027204,0.7041690940315264,0.7803830878286578,0.6359330638326062,0.8459752124550031,0.8824517817264587,0.2835747024494395,-0.29507034110584096,-0.007442761109125808,0.2919540584313223,0.6536236100606738,0.7182724559954272,0.8305759156029678,0.6285129390170358,0.8970832000170307,0.5371748703665169,0.0,0.762964506187721,0.7251294885292119,0.7770695622361503,0.6312171098062346,0.5184521565566769,0.14007750938947702,0.15334138692021482,0.539450490267991,0.6635929464582705,0.6465337047652124,-0.5013044100341537,-0.5224552589584422,-0.18475611913337042,0.6814356033240434,0.14449134520548382,0.8382383212950181,0.534668345036156,-0.021574321601942524,0.6598945734024487,0.7358843983967356,-0.11516491921980115,-0.4002922354933296,-0.4067682679880296,-0.4158829600285753,-0.21911658687922783,-0.10755340356454526,0.0027795784064707624,-0.14502796331280332,-0.030352661900935187,0.17099677406653696,-0.10142457893867475,0.8468584478613248,0.8532846613363604,0.8358805169263718,0.8042610593592758,0.7969721253633447,0.8219025671448295,0.7754045796671383,0.6845588130357996,0.5520795926338963,0.5009438249881587,0.36647561939577344,0.5539193903583601,0.5970193930665733,0.6190521984313174,0.6593762880333041,0.5502262203413417,0.61727843746738,0.7760171789455873,0.815238808471033,0.7432715267106325,0.7747144169571278,0.6692021467627002,0.7814042832187682,0.6084270551757349,0.6419382555597815,0.6296242956134467,0.6747947198648331,-0.2816914412090357,-0.40429274771044393,0.816587822889507,0.5612869279733683,0.40107282328453203,0.3787457353792279,0.7696692582811846,0.5037835976274554,0.49390458158169015,0.5120539375376253,0.8063295578223887,0.5555775640011857,0.36649215585814515,0.7262292782764574,0.6717131021037215,-0.29984808016317444,0.41447475457220195,-0.3212596582958489,0.11156434084444307,0.28656412135967385,0.6271635668775257,0.07435860879474547
