0,1,2,3,4,5,6,7,8,9,10,11,12,13,14,15,16,17,18,19,20,21,22,23,24,25,26,27,28,29,30,31,32,33,34,35,36,37,38,39,40,41,42,43,44,45,46,47,48,49,50,51,52,53,54,55,56,57,58,59,60,61,62,63,64,65,66,67,68,69,70,71,72,73,74,75,76,77,78,79,80,81,82,83,84,85,86,87,88,89,90,91,92,93,94,95,96,97,98,99
0.0,0.7195974867064437,-0.24525194787202728,0.5528509093168515,0.6199054430092055,-0.3937605382083711,-0.1880247615874448,0.07294175104099337,-0.6909285742702332,-0.6352422864873659,-0.672464920723415,-0.7888330901274827,-0.7659028676416094,-0.7907423470684855,-0.7999376570451113,0.7284346586620462,-0.8092080948197128,0.30887913641973797,-0.7533959311653519,-0.5615832448586214,-0.8017544471676765,0.312723913098787,-0.5978938017655533,-0.7857959883082154,-0.008179235872280857,-0.651998014087805,0.1702312057457193,0.13383745566745184,-0.8433934933413647,-0.3947083124081259,0.7690453021923864,0.4556805981472536,0.7886350218501249,0.35545632326915944,0.6678063010961858,0.09642192274470811,0.44424513000765037,0.12683817161540645,-0.2537945877638448,-0.2700057218725164,-0.3687931808130741,0.6183786105105202,0.7611497409853816,0.4544509773284192,0.7158146273735362,0.260428241033163,0.286976851976509,0.530291292217672,0.4110151832836403,-0.6270651097983818,0.8637398533816233,0.7261031482738934,0.6832556811707867,0.5391479809298088,-0.15526094526107234,-0.6713325684452853,0.4778270653213182,-0.6443339072309463,-0.5091181898177642,-0.6389241929949174,-0.6973864780522927,-0.7350935197232289,-0.7985625613542608,-0.8058188578885846,-0.8182420089226194,-0.7983740127154346,0.39651575763382235,-0.8032159832358192,-0.1867310102864241,0.2412607235395746,-0.7505008832642055,0.7536192123217132,-0.605006415426266,-0.5944013853742446,-0.8073150712977815,-0.09942726882997917,-0.8361697685695961,-0.8170252043801696,0.8133260601268095,0.3836177621011438,-0.22319118083538073,-0.22232962729634784,0.7836615995350847,0.7847030680138816,0.22629165752136784,0.6533216256177706,0.4977802350655955,0.24929744078537489,-0.23926816476796228,-0.8176758955041206,0.7745088853473062,-0.34997665241343473,-0.8434796811566893,0.7483733714785237,0.7212051382445652,0.15358889105803372,0.495717194091172,0.7942342715370474,0.21995878523454107,-0.43506624366288643
0.7195974867064437,0.0,-0.12639210227984815,0.8581961711523758,0.8606288555469198,-0.13489360102585643,0.1724704995032841,0.47233367776571056,-0.5263192278812708,-0.7952138568812327,-0.7441767004369975,-0.7897014862962509,-0.8113161258073053,-0.7554752051886553,-0.71447514714816,0.8310952828232592,-0.6851228272833678,0.6494193401423545,-0.6099847570190481,-0.16045117482567722,-0.6504944613364138,0.6495273974091039,-0.39861116791428236,-0.7121708118601445,-0.4449978857134754,-0.6561072817530667,-0.24152407213690943,-0.08125921783219976,-0.6959591022490923,-0.3252448351956102,0.5649369970241137,0.03214489237555512,0.6116098488864482,0.7237393658193543,0.3527839740563939,0.5131252207571211,0.4861038360141449,-0.34868700654026274,0.15479675422969705,0.23141944767285638,-0.07141928662458963,0.3504236982822425,0.7083405166734741,0.08802875682680006,0.44414332103154236,-0.052065572642350816,0.33223883638003343,0.2536764041376331,0.6412285498706326,-0.5113840744555826,0.6884806776209664,0.8566897627092749,0.8140237695007027,0.8805506775045028,0.1688344339017578,-0.5136906638913017,0.7701358670977746,-0.39064033711734464,-0.7096302308623813,-0.8221251630398637,-0.8107773949203104,-0.8426440824656903,-0.7637036948800362,-0.7397706966194098,-0.662587103196904,-0.6920421251296304,0.7239575021407333,-0.684407834826501,0.34873629172862614,0.6204100095538191,-0.45078094064442475,0.7993059226415862,-0.32429339973812016,-0.41774337795685895,-0.6918435588851785,-0.35146324462617734,-0.7062402594993362,-0.7790525540567641,0.7059574440166304,-0.02126847467539105,-0.028006120311837957,0.42121165878083533,0.5934688765249301,0.6380647431970139,-0.08174880305245977,0.859148503630212,0.6132261919714417,0.011172409017417848,0.2687696100953053,-0.3449349378691444,0.5330947162241727,-0.7452356348660814,-0.5855243269146215,0.7397375396431768,0.8313157507490807,-0.2521026448817109,0.16304457609757378,0.5687847812156801,0.4953138041396453,-0.04957503212244054
-0.24525194787202728,-0.12639210227984815,0.0,-0.07916788990868871,-0.17843790690670244,0.42386743522096304,0.3382788706191595,0.3027776429414767,0.34790714509273307,0.12642689666069173,0.11331036273257875,0.18919104990303356,0.20793711834277828,0.24139859712481912,0.25091794502562725,-0.06430504440157994,0.25516675501133523,0.13954195748110607,0.28725800811326335,0.3133452087591835,0.2684448454793282,0.06951848948783564,0.3449436337200536,0.11441277386662577,-0.06535299470335666,-0.024522140835099654,-0.24280641791384552,-0.2537746661507577,0.18952816377582166,0.09760687790312493,-0.28628605795492557,-0.2458888908397481,-0.2298206746354636,0.07751693754889803,-0.27811101704506574,0.22024675298057161,-0.3546602479425926,-0.15974688994380898,0.08535769489568693,0.2960611302221974,-0.03941922983373915,-0.3188898592834853,-0.2735660442212293,-0.3108234641927366,-0.3036861203812672,-0.2535236260034908,-0.20026636155960006,-0.17057634091360283,0.19214396615673157,0.08880937335097046,-0.16266509624953226,-0.070023896138404,-0.03788943555301184,-0.05789661073751394,0.3876627157886043,0.343612960219857,0.08088149853593765,0.3366551235301874,0.01352734225085017,0.10884442538471913,0.08718353240745269,0.18771119299787428,0.23555227377639268,0.24216892861977538,0.2525808356615154,0.258616148982818,0.13314215066614526,0.2559998472636587,0.12187498236156537,0.13807023024643675,0.2779122634109846,-0.199781475284052,0.32023324318457436,-0.02774258963780331,0.11198275205050574,-0.17768955891167598,0.21140850274385278,0.14373160572331165,-0.24885403444952525,-0.25206362903747226,-0.20549765134589168,-0.04359712621474384,-0.2915204846133601,-0.2787460190759934,-0.32463531188997546,-0.15770165503076083,-0.3208126795627645,-0.3303956707780515,0.2172217830147104,0.1615767683562494,-0.23538969739797055,0.05438085988543704,-0.028167365451532728,-0.2756773303339269,-0.2044748080889097,-0.2426424776978498,-0.30673189889041713,-0.2557838487848695,0.28266992653239953,0.20997422015029416
0.5528509093168515,0.8581961711523758,-0.07916788990868871,0.0,0.7782491220400228,-0.12149205830708325,0.21855957060236308,0.47334152943386154,-0.43406235667655213,-0.7372954029252219,-0.6601258338774999,-0.6214892582879955,-0.6931180559758294,-0.6131778883832802,-0.5766129840032201,0.7306051796085189,-0.4550660141247098,0.663445193040981,-0.41739538495567957,-0.00938850338076799,-0.49029239027559324,0.6930462844782491,-0.27573537450401486,-0.48010584687813207,-0.4972369784614639,-0.4314256602241975,-0.40263780935105503,-0.24797785605122613,-0.5502214112859095,-0.44441371196437773,0.33188075924977134,-0.12826085231006015,0.3544623270102126,0.691292800583016,0.0858644744329203,0.5149039221207918,0.3450427623809073,-0.5126272614387533,0.09926067005204597,0.3784845898730718,-0.13764858425110874,0.15705750787981929,0.48694808941154866,-0.15799248696996826,0.17638653982308317,-0.3103223831776003,0.094502314947522,-0.09708093784079402,0.5046790553729953,-0.5627653614535557,0.48039453848294783,0.7307203117502573,0.7476502072773107,0.8648870713144045,0.08508289962031122,-0.42144674483304084,0.7278600183448604,-0.3169920761726716,-0.6923707530880561,-0.7447708495999616,-0.6656126025115596,-0.7262942338108288,-0.613879798547835,-0.5682751709806486,-0.48081685871986063,-0.5496538341481294,0.7044177626178976,-0.49135091250057183,0.5909464069106497,0.6526338968438272,-0.24881143106188447,0.7076740640789988,-0.122981537441044,-0.12715722011731176,-0.4196205922832242,-0.2591565928731875,-0.5631226137251251,-0.6211065481138562,0.502683362181809,-0.13007161064762066,0.2467673574445676,0.5752282186412525,0.3886098718846905,0.45245758434916616,-0.18468149125795394,0.74926185850109,0.4892530465404028,-0.1402581019741313,0.35595276679510857,-0.05255071212985331,0.2374436679331558,-0.7454860016565847,-0.4088682229144589,0.6093625841035962,0.7103979073488959,-0.43571699253742,-0.08731144207956856,0.3173532061078074,0.4139474737047066,-0.09577959691570676
0.6199054430092055,0.8606288555469198,-0.17843790690670244,0.7782491220400228,0.0,-0.2563539014763548,-0.025781878022417538,0.2436486870024216,-0.49295416206452247,-0.5389089167042941,-0.4422982200440931,-0.5550166984926637,-0.6293027357502295,-0.601531487134853,-0.5681515513797029,0.5681917786403536,-0.5641633001398577,0.39006987847231606,-0.5516327281650206,-0.19044141102149087,-0.5231312982833353,0.43505991112272413,-0.4486289233431516,-0.4201975243586454,-0.2746470441632818,-0.3112626701982918,-0.05510380152265078,0.17365614645021854,-0.4695666566841073,-0.05796908873551944,0.47448855738063733,0.11111902916916454,0.5273456814149843,0.5091522858997074,0.3508862562677323,0.27969849629650506,0.6289270649080325,-0.1871524316857537,0.3548923627039078,0.14637008302587037,0.22673267594622512,0.3928471316622267,0.5958101795949982,0.16526831798259223,0.37610243770892726,0.11758016871045048,0.48721874236615087,0.29557201216147927,0.33173287937267715,-0.27805446134571443,0.48340753801492803,0.6264250206096655,0.5370561964761192,0.7278416839346726,0.010869622076101718,-0.5023074945842031,0.5065923818743794,-0.3686543550228837,-0.41028410003828014,-0.5823869304272059,-0.5428795536653674,-0.6706874580598273,-0.6079175585881327,-0.5881889546277729,-0.5269788487208006,-0.558135800243814,0.43986380640054457,-0.570462547150369,0.26899747185072714,0.3820132567649698,-0.3811961053575324,0.6195419236118757,-0.36605093314906034,-0.08484068725506491,-0.4202417191797306,-0.10838615403551509,-0.5023038567808191,-0.5187056638363696,0.5381157673849621,0.08105333259212998,0.26835825927683077,0.5939582047759974,0.47437155565914635,0.5239144712136865,0.11270629179453046,0.696624761298942,0.7129540959476014,0.22054228096605658,0.15896390052166415,-0.14843831121979367,0.4395609900970229,-0.533589224026418,-0.2067208807013317,0.6285107137902224,0.6518811959276077,-0.07659747009290467,0.23514622744469238,0.48199303205125393,0.1888015784890969,-0.014283631590376692
-0.3937605382083711,-0.13489360102585643,0.42386743522096304,-0.12149205830708325,-0.2563539014763548,0.0,0.739351851050447,0.6537310472725585,0.6901237101532688,0.042311998742238684,0.03973401042900912,0.2061868376147122,0.3081749063482399,0.4148420856465397,0.46016056750938905,-0.104784163248135,0.3800682943907904,0.35674652459342415,0.5263203710934876,0.7268424373091992,0.5165436634001854,0.1702950573834438,0.6753600361819442,0.025219812062729545,-0.5081411390555424,-0.28563299410593396,-0.5651430055628753,-0.5080203603513098,0.3948577448420615,0.26036842058635107,-0.5071936114739927,-0.6632413066095013,-0.41278062676825045,0.3126134731194409,-0.5559398244457084,0.6020867197137173,-0.5232956806800891,-0.49037491217832624,0.3276308224127204,0.5297754892737597,0.2256583950811661,-0.6600783558808089,-0.3876692363684958,-0.5587297657458864,-0.4935924373088308,-0.4189042710051573,-0.13783932756524644,-0.24718625888759507,0.5098098686299132,0.43475117399205887,-0.37913696436974514,-0.07437620370888089,-0.0644941658177442,-0.054817663759685636,0.8580008515393698,0.7014023470965846,0.24199541878604874,0.7558952007274145,-0.13684895206056752,0.06966569184020356,-0.010406914360730915,0.2527941792725041,0.3861235541456417,0.4003206579580438,0.47452121964598376,0.48720805219087465,0.34623172943670993,0.46255816055752047,0.34187927823662995,0.39852647084193843,0.5956370210778172,-0.36054472930427217,0.624965223218355,-0.3277423415282959,0.03419312583235605,-0.658938839473677,0.41877671640857134,0.20351306980895267,-0.4124396946495087,-0.7078814606682193,-0.5982125287014961,0.18138147589183892,-0.521277429584097,-0.5141897080051251,-0.6913961116137257,-0.12094198185345982,-0.44347431576180985,-0.6170701884108164,0.6757363322558098,0.3569288474618146,-0.37489872074176595,-0.21334102544011108,0.03548704970718938,-0.4804441113322899,-0.25820853153578843,-0.50279101368596,-0.5572483287200152,-0.46984764036822857,0.6454312746804758,0.7542879621674948
-0.1880247615874448,0.1724704995032841,0.3382788706191595,0.21855957060236308,-0.025781878022417538,0.739351851050447,0.0,0.8374030701590991,0.5434732259085361,-0.282036158954198,-0.2888628071670633,-0.03382130242927119,0.06106422211606729,0.2208907955757346,0.2758208446081811,0.19894140706707483,0.2796143219091344,0.6834924372766432,0.4564851083296268,0.754661530758915,0.3613053373957428,0.5985896649133091,0.7061781285183221,-0.18217569476090725,-0.7696003834553066,-0.41848013801129397,-0.8075863555159887,-0.7275016181692875,0.16026966626353156,0.043482175692675984,-0.46165927277399815,-0.8101350052118713,-0.3368359597514349,0.6241435010422816,-0.5754949479265825,0.8085609116366845,-0.5376904796409011,-0.7731739924407346,0.34924800629864433,0.7953143548708791,0.05859130797097832,-0.6791225210323169,-0.21766864700773245,-0.7082037526236566,-0.4824212317522754,-0.6501986260997951,-0.16043835834457335,-0.42481286278200503,0.7052619624339147,0.10162182367714355,-0.23928505617867704,0.19247206007894072,0.26342829435190634,0.22835694189744832,0.8371965286467669,0.579145561110201,0.5470863574686857,0.6368729712512242,-0.4963721990617036,-0.27195165187833287,-0.28201969634612495,-0.008913672380180196,0.18553111478010004,0.23125733510710672,0.3425481233740762,0.3167630241270025,0.6270789502042677,0.3463224164582805,0.6739051834368665,0.7136040020615732,0.567303635825376,-0.08115615262680441,0.705733678440607,-0.44370308583282775,-0.11353275821239962,-0.8354175441080693,0.19098351220712848,-0.04061103485087167,-0.25755209629723697,-0.8527333470278591,-0.5757077278689117,0.33026078413333776,-0.4002575780393802,-0.39479863144301774,-0.8652888622207736,0.17125835674235598,-0.42176063808676667,-0.8046607790514642,0.8153290882112127,0.328811040264758,-0.3938194772753903,-0.5311175212340722,-0.1477253811237777,-0.3040369045876936,0.019908015035211512,-0.776966428389583,-0.7095983041044128,-0.4341783894416165,0.8264718992837358,0.635284473931641
0.07294175104099337,0.47233367776571056,0.3027776429414767,0.47334152943386154,0.2436486870024216,0.6537310472725585,0.8374030701590991,0.0,0.3102433525890437,-0.4357877659450472,-0.40198239113537076,-0.23174498927173778,-0.17404964926717723,-0.034294299784604784,0.026982895500848827,0.3850421632856269,0.030440982201886756,0.7244663441332444,0.18532978700904454,0.5899396256258416,0.12142000290240589,0.6057416666823077,0.42775428148264466,-0.31893442090737745,-0.7312947222391039,-0.5369372505950291,-0.7236804385311779,-0.589710139314346,-0.038077282161197865,-0.03051652166652507,-0.2180141037641096,-0.6341563517424161,-0.10073378181428419,0.7043105944134866,-0.38467017941530574,0.8263499813097313,-0.26970376335841856,-0.7153702783222015,0.3451045394251742,0.6866665058362917,0.08412371768551799,-0.4556080720165028,-0.001811379401559519,-0.5608294293947007,-0.2869358921253747,-0.5369055720706081,-0.03350427394297978,-0.24871953313288334,0.7736254726729155,-0.004009972076499762,-0.004004788513139146,0.3995693046526739,0.42533484032311397,0.46637604936571303,0.7854355485357766,0.33370608855036615,0.6554879844048457,0.42882552059291484,-0.5684822631985561,-0.42270263933677515,-0.4408077212403084,-0.24149091505413509,-0.057935007704668105,-0.01710478676426143,0.0944686578176777,0.0647579487247114,0.7282276998543422,0.08060023302836965,0.6274170477837578,0.7448072150475787,0.336125312371123,0.13503985138678656,0.4595989264409747,-0.4366468159266884,-0.2726184605662489,-0.752540912045144,-0.022480919436680097,-0.2342260541364047,-0.029051953676045253,-0.6837074384113914,-0.4333209480121547,0.44951605303009184,-0.1825087622806445,-0.14966625432092212,-0.7174492841534186,0.37127973709367457,-0.11180355794085145,-0.6301172868645554,0.7645570895930599,0.20630503882798185,-0.148655654743856,-0.6280709909992231,-0.2621002669841274,-0.03387032453785156,0.2310408762431796,-0.693662712801064,-0.5187878580763247,-0.19415293934893615,0.8236510051520454,0.559932571237562
-0.6909285742702332,-0.5263192278812708,0.34790714509273307,-0.43406235667655213,-0.49295416206452247,0.6901237101532688,0.5434732259085361,0.3102433525890437,0.0,0.4274565179926162,0.4225251862263076,0.5977234620001906,0.6932605613474364,0.7713904290155715,0.8025271294810069,-0.5261917574151446,0.7145565740554819,0.020657600530037904,0.8035636595140209,0.7916398255343705,0.8259983607824368,-0.14462846743721808,0.8288190676530894,0.4101169906235265,-0.29355931452277984,0.10213804939858159,-0.43241422862286155,-0.41933852459408827,0.7508119836585365,0.44323526999583196,-0.775961044609063,-0.6749690932320753,-0.7150561047895839,-0.043916901920558624,-0.7250663942103446,0.32298641738471295,-0.6903339345076404,-0.3274822433022535,0.2957510167034457,0.41414990801096224,0.3274526578578595,-0.8100430746303332,-0.7194016505547469,-0.5936569571350949,-0.7104764973094689,-0.38076485351851463,-0.2604653106652437,-0.38194945240696776,0.1441843967758716,0.7015813978306773,-0.7456867105057863,-0.5050426891814626,-0.4813673558386,-0.45863661552765217,0.7192180850585601,0.9144552030727824,-0.1570378596439492,0.9149361587931873,0.22913144912790726,0.4700109925640652,0.40733006315313675,0.6477722532516456,0.750691252011301,0.7545575561841349,0.7975337703710027,0.8175099479160994,-0.034917646522331425,0.7854431130905788,0.20804734509235556,0.07847314134462896,0.8152732423022028,-0.7386486414848941,0.7618748634649005,-0.04481190415081104,0.41733406570336157,-0.4337025574161538,0.7741685253486021,0.6071237156404607,-0.7589619028400154,-0.6855322105469908,-0.46166476954610614,0.08079218094664677,-0.8065947851764096,-0.8182336618963328,-0.6069570734698674,-0.5149959667750752,-0.6651370422282818,-0.5745130851543137,0.5474705216104317,0.5915758502584487,-0.6488452573083092,0.1359241719660046,0.41142937941851293,-0.8115316045103432,-0.6488340979692706,-0.3692234096648132,-0.6250024428262324,-0.7487704840033572,0.3425115975441462,0.7815649022775082
-0.6352422864873659,-0.7952138568812327,0.12642689666069173,-0.7372954029252219,-0.5389089167042941,0.042311998742238684,-0.282036158954198,-0.4357877659450472,0.4274565179926162,0.0,0.8355515689102425,0.7509097739013412,0.7321110240931419,0.6510114561680463,0.6163576744704037,-0.7846004982597484,0.543253969676944,-0.6947762953810156,0.4372901569146188,0.04457362741288521,0.5450769965727656,-0.6799346620617224,0.2191043790520826,0.7286749191271719,0.5903257625163928,0.7305261222163475,0.4139678605267011,0.36036008367676375,0.659048985322509,0.5593277512233673,-0.3925479512233081,0.1452933204645696,-0.41566380394144314,-0.7085528801608096,-0.1465938368790189,-0.5511925059550734,-0.19934551480399176,0.4951841112765603,0.09012248226417993,-0.24644687536714138,0.32046731084641217,-0.14281745230228823,-0.5445606386804843,0.09809455729666904,-0.27857343499647264,0.29026169169957017,-0.039913965941200315,0.03548772504853212,-0.6390476437572995,0.6000293258463479,-0.5567553238366443,-0.7673592100636365,-0.7959482772540049,-0.7564599900524624,-0.13720910931083136,0.389991523350539,-0.763747258050578,0.30958109405399953,0.8111074013191021,0.8218266650222148,0.8009849819871251,0.7461248598897741,0.6630340637960549,0.6294318773894065,0.5488444859460303,0.588457850920591,-0.7405213555572057,0.5332702539358798,-0.44609069755167957,-0.6735845076414301,0.31271441846353853,-0.7190415053321351,0.13428969406395538,0.5327212541882951,0.66033329015183,0.4863222311601071,0.6524824410891508,0.7537253647930955,-0.5871730805469799,0.17872308717310376,0.2070945817259944,-0.25422088925165,-0.4615183249534485,-0.4958904434573887,0.27129554882742146,-0.7532933526881854,-0.3316950198683883,0.2236250754875423,-0.3361184574834559,0.32006313647541845,-0.3535435586574287,0.789223047352722,0.6640068481029635,-0.5953578098931086,-0.73533010872595,0.42255549929903863,0.04640521415518482,-0.3769749596685152,-0.534676959934002,0.09092651333839794
-0.672464920723415,-0.7441767004369975,0.11331036273257875,-0.6601258338774999,-0.4422982200440931,0.03973401042900912,-0.2888628071670633,-0.40198239113537076,0.4225251862263076,0.8355515689102425,0.0,0.7605600797587951,0.7092601843007275,0.6322573060508232,0.6120152130249186,-0.7874012532024268,0.5292216075314105,-0.6736954167142133,0.40036060100188126,0.09539892038469486,0.5535774342963083,-0.6795241476999526,0.17082278361491135,0.7739536456571583,0.5461990035419685,0.757457981687633,0.3843109841374289,0.4106730895259357,0.6967989568896292,0.61766704388564,-0.4065463702465938,0.10929418576164356,-0.4107850665808002,-0.6567911238617308,-0.1773034149156922,-0.49433452724088306,-0.07813324829999084,0.44113271212372224,0.21305449485323938,-0.21559315588981817,0.4732583957586945,-0.14630781015701344,-0.5463238805066495,0.06628209550487181,-0.31357849372410945,0.2849713746473361,0.036933389338755146,0.03284426416624986,-0.6395064699356352,0.6734667753965334,-0.5932808347216216,-0.7416592870897356,-0.8092265844890795,-0.6619975563232673,-0.10431206016664356,0.3664385367819846,-0.7317160200232211,0.3302147088881043,0.8277233993291896,0.8065084643791283,0.8020857798380924,0.7109328992689663,0.6484094503273086,0.6128192576525872,0.5465705946882442,0.5825961438292339,-0.7071560311217351,0.5155615970457065,-0.366587890965969,-0.6324136732441855,0.34116987086033745,-0.7011990918221818,0.11465610623128218,0.6391388571255527,0.7057578707788865,0.492240360587324,0.681653499507287,0.7789945087798474,-0.6029578062264883,0.15264614921550723,0.33907599219155865,-0.024565492063012118,-0.48759555897356077,-0.496035547768159,0.27921642534221114,-0.6999690762538515,-0.1892439283592107,0.2691012646952212,-0.24510484845590524,0.4330875386060107,-0.3531200499032297,0.7281008496877429,0.759478452390926,-0.5690943937054026,-0.7166983670424293,0.39291907113584684,0.03793877715598541,-0.3844946403771648,-0.5395090517125933,0.18970089912192936
-0.7888330901274827,-0.7897014862962509,0.18919104990303356,-0.6214892582879955,-0.5550166984926637,0.2061868376147122,-0.03382130242927119,-0.23174498927173778,0.5977234620001906,0.7509097739013412,0.7605600797587951,0.0,0.8768905720051859,0.8444377324939404,0.8236353010678278,-0.8666686548839451,0.8074146802978965,-0.5621898021329808,0.7091187022460396,0.35340566682710056,0.7901949393132645,-0.5709161832697814,0.48634054429789647,0.893915707539734,0.40344087964994735,0.8082458566981342,0.11685446148393878,0.07421732649786077,0.854140710145173,0.4769936735257897,-0.7028339890143525,-0.16914177816121698,-0.7280477192117442,-0.62240074694039,-0.5071043577073479,-0.3772525648487134,-0.4468047973232672,0.20843659680968835,0.10559260935525916,0.024800346773108096,0.2906248679687993,-0.4710245046649583,-0.8052304586654118,-0.26440800348527044,-0.6253098788433425,-0.055047400552344715,-0.2928640388344209,-0.3427313522042861,-0.6054344352524355,0.6323918964916599,-0.8084851588156065,-0.8678428089983918,-0.8346439578929138,-0.7515139106234826,-0.002250329385896681,0.6215673749730289,-0.7072662210373015,0.5443888728259673,0.7625418955908819,0.8646782811639223,0.8865059889384658,0.87467138875695,0.8594177752774659,0.843839241256285,0.7981069881151696,0.8068584758281223,-0.641080190207568,0.7851400783697143,-0.13623836003984696,-0.5200776710307423,0.6234420988287402,-0.8535617055574082,0.45419759129858706,0.6700524329292955,0.8722296288492186,0.37985911182467397,0.8508803238687734,0.9030039283391023,-0.8361111561551358,-0.1008737908246787,0.2765460272905348,-0.07483315561066321,-0.7470966122230527,-0.7574241838115089,-0.0007739147639628078,-0.8448270915082872,-0.5366913776084484,-0.0707558615449022,-0.07471394585075705,0.6531808233897581,-0.6885438484884392,0.6991938909123906,0.7915567067943153,-0.7959357856673556,-0.8721949029514922,0.11291043604712585,-0.30936102404273597,-0.6999002251743188,-0.42238029507990377,0.23323727638342748
-0.7659028676416094,-0.8113161258073053,0.20793711834277828,-0.6931180559758294,-0.6293027357502295,0.3081749063482399,0.06106422211606729,-0.17404964926717723,0.6932605613474364,0.7321110240931419,0.7092601843007275,0.8768905720051859,0.0,0.9197293731794217,0.8971085386817331,-0.8958206208715511,0.8340395755436986,-0.5522027854050364,0.7934146246150582,0.4118659064232256,0.8548444030372442,-0.595410039002453,0.6121896426779444,0.7951382643186513,0.327920715794626,0.6621819813448934,0.0777093492360496,-0.009774180931133008,0.877100939256169,0.5279580318713905,-0.7431809291466636,-0.24078481247926062,-0.7542259219000147,-0.6201482706276925,-0.5347148837258928,-0.32550486808479895,-0.6010400133756771,0.20436913505550436,0.08094099337101866,-0.00826318530169169,0.2635582551931699,-0.5546248897449173,-0.8430111945661458,-0.2734156781765258,-0.626009684469998,-0.05018203284221938,-0.3004732334853148,-0.304801141495224,-0.5010632999928704,0.7084945312554819,-0.8432997469536421,-0.9011904618470367,-0.8667313939234271,-0.8812638369970697,0.12825085744374395,0.752809112707999,-0.7103135174202746,0.662779887293381,0.7278828654107959,0.8843585899383447,0.8575825302051117,0.9372649462698114,0.9139828045813088,0.8988171195795112,0.8520782474296074,0.8828537409139727,-0.6343491483751432,0.8525011429011737,-0.2183179543314361,-0.5044398392326206,0.6725981235434753,-0.9401126059311229,0.5302085303399798,0.41853096349799207,0.7710765928234334,0.1964729512294739,0.8863368381958002,0.8993146932450571,-0.8717765288269329,-0.19921914262697957,-0.054932880286126,-0.24473883839785876,-0.7918902406079946,-0.8276766518787702,-0.11281420433576612,-0.8958097561830249,-0.7024996806915123,-0.1692035718512116,-0.04101333689843413,0.5438581501346421,-0.6791030571894273,0.7134791851787391,0.702064757177769,-0.9043881556396113,-0.9312522281225947,0.10259098973983598,-0.3378464037572549,-0.7376119907628821,-0.30469082734130654,0.3350206707635592
-0.7907423470684855,-0.7554752051886553,0.24139859712481912,-0.6131778883832802,-0.601531487134853,0.4148420856465397,0.2208907955757346,-0.034294299784604784,0.7713904290155715,0.6510114561680463,0.6322573060508232,0.8444377324939404,0.9197293731794217,0.0,0.9288628718268552,-0.8264950144523768,0.8916058463651416,-0.3799596832230004,0.8802128909750528,0.5702985795975007,0.9075617578201343,-0.4165244622500054,0.7615288495452847,0.7519147632560748,0.12476036143420796,0.582597519691807,-0.11768548246534867,-0.18930427542983938,0.8878142224843412,0.489731396320566,-0.8375567790362328,-0.43357778102991085,-0.8299951181419778,-0.46342547301208104,-0.6616050895985734,-0.14876009616327235,-0.7087507135482916,0.003224784666356598,0.15018228912237488,0.19379063390526435,0.25378984878078414,-0.6967349419919276,-0.8659780162901156,-0.4378969211076695,-0.7322763297487648,-0.21941992242616132,-0.3470017063719328,-0.4460176510888265,-0.36685428542678966,0.6836210773931795,-0.894653579477729,-0.84592233295533,-0.7795062555761694,-0.8020858673739308,0.2607913036204639,0.8422401040362046,-0.573909406104545,0.7686552698276357,0.5810036815528024,0.7815124312113766,0.7732796642720952,0.9081408709989305,0.9322806045165287,0.9279359098733907,0.9080480556921185,0.9252218812275991,-0.483448817471065,0.9139704561775459,-0.026384077794568108,-0.32812439785008934,0.790023265627193,-0.9231198453393074,0.6842288086961016,0.33947668481817006,0.749604199819414,0.01248872365408634,0.9025264198313236,0.8702303001948787,-0.9041677116639815,-0.3953455231445558,-0.14366165304259776,-0.15214245030215875,-0.8598084490116362,-0.895610306153251,-0.30429893636120126,-0.8335661844622893,-0.7909151759708771,-0.35073021567751733,0.14088043021027594,0.6341142620190958,-0.7829687826521038,0.5463451899057681,0.6788636466597996,-0.9414854933432407,-0.8898566162459998,-0.09390464947146611,-0.5056216180785134,-0.8418144002665361,-0.14598600252635793,0.4384147273566323
-0.7999376570451113,-0.71447514714816,0.25091794502562725,-0.5766129840032201,-0.5681515513797029,0.46016056750938905,0.2758208446081811,0.026982895500848827,0.8025271294810069,0.6163576744704037,0.6120152130249186,0.8236353010678278,0.8971085386817331,0.9288628718268552,0.0,-0.80825000200776,0.8829399607955488,-0.3196047757858626,0.8894398956334258,0.6551426203946599,0.9321826458424862,-0.3840152391821992,0.7859434593928757,0.7335613091249199,0.020997188325824596,0.5247753982463679,-0.1826646867586594,-0.20245762347700813,0.9208450239907053,0.5475049647565698,-0.8559004303534824,-0.509622603648741,-0.8336893031689324,-0.3836065204506728,-0.7015037582592003,-0.043208202854005694,-0.6677850472526503,-0.07556985258219573,0.2579347799764804,0.2608710373795681,0.3682649010170918,-0.7377785569765772,-0.8590605630491474,-0.47644177717162167,-0.7550982432156674,-0.2337854367047884,-0.2853378018290412,-0.4303304931304875,-0.2848963621725132,0.7728039239880465,-0.9164286179932182,-0.8041851068397309,-0.7636999014089609,-0.7351344365905164,0.3853299607986005,0.8862495842874165,-0.50946764816,0.8436617032048643,0.5471900039055728,0.7470279408121442,0.7315468748627196,0.8796405596595461,0.9306730483149775,0.928471992659043,0.9264283085699411,0.9409622937646149,-0.4092080514008426,0.9222747418981995,0.04034213137112335,-0.2546078460457031,0.8360231588712985,-0.9235523697579052,0.7150423528304644,0.3151722648321126,0.7285830999227935,-0.07648017069300524,0.9313345271692645,0.8687631629952868,-0.9135733675655189,-0.4796078166743953,-0.16680378735122756,-0.012656457607897869,-0.8874214281965672,-0.9146074342703862,-0.3584939288625306,-0.7793711515579085,-0.7300006861819545,-0.37109173254093686,0.26359705230097275,0.7000317079286097,-0.7849796445864823,0.46246645366274663,0.71941145861135,-0.9409881022341107,-0.8673125814919886,-0.14469103848501555,-0.5340512202352254,-0.8506574453382366,-0.0635981389470222,0.584680382127757
0.7284346586620462,0.8310952828232592,-0.06430504440157994,0.7306051796085189,0.5681917786403536,-0.104784163248135,0.19894140706707483,0.3850421632856269,-0.5261917574151446,-0.7846004982597484,-0.7874012532024268,-0.8666686548839451,-0.8958206208715511,-0.8264950144523768,-0.80825000200776,0.0,-0.6467704675851865,0.7528136568471279,-0.536702003410815,-0.16466060239358785,-0.6668694418282664,0.7954331207509362,-0.28257726296413693,-0.8059275865006756,-0.4854820544709466,-0.722249796865654,-0.3492434149898223,-0.3057661378499628,-0.8038851053908705,-0.5468295609998358,0.5103431197324236,-0.02465962852335004,0.5621934215997715,0.7585063838404364,0.29878188218224344,0.5253006380236561,0.24799024199575026,-0.42256777625953706,-0.06533351598607835,0.29497524555762156,-0.3867111613874814,0.27061517568050053,0.6785581444722452,-0.014328293606248972,0.3969907052537034,-0.22603538164404072,0.12690982942121565,0.08133024223781414,0.6909261641692229,-0.7535614935291485,0.7295018125594609,0.8862645082049141,0.9211469040136531,0.8371903111921578,0.09863244874025381,-0.4966288513772101,0.8377328940281034,-0.4366041065826475,-0.8667708090304621,-0.9048785550358542,-0.8762273770521333,-0.8454792550957682,-0.7741935240479282,-0.7339725536538262,-0.6653945736655663,-0.7073861426829203,0.7899020161154569,-0.651095435222311,0.4135145334718124,0.7010808406069945,-0.4380259154076861,0.8443005445038353,-0.21049197405331613,-0.5709328406059311,-0.7508726606278101,-0.4287215458719388,-0.7904472211973812,-0.8727823114487647,0.7065144238362894,-0.07719476974665918,-0.18014635358728223,0.18522824219481912,0.5966653785005137,0.6211390218923614,-0.216510726059442,0.8467381244154617,0.37275847268225787,-0.18605267257976937,0.22884476783909186,-0.4693437753540477,0.45699843080516644,-0.7674313864666543,-0.8073156981428692,0.7010266547294475,0.8462906813371738,-0.3762375779786819,0.032554666303418286,0.5185603576154593,0.5590551714023678,-0.2370018039856106
-0.8092080948197128,-0.6851228272833678,0.25516675501133523,-0.4550660141247098,-0.5641633001398577,0.3800682943907904,0.2796143219091344,0.030440982201886756,0.7145565740554819,0.543253969676944,0.5292216075314105,0.8074146802978965,0.8340395755436986,0.8916058463651416,0.8829399607955488,-0.6467704675851865,0.0,-0.2006869325064871,0.882789388926039,0.6111738222788611,0.8473473602531318,-0.21031720525661662,0.7460460280127263,0.7563270003425838,0.028124591384749546,0.5998359273833914,-0.31870176378276094,-0.4171475219374381,0.7767567545171862,0.13360850194937202,-0.8736125256776324,-0.5203683798159104,-0.9099911688528636,-0.3396071509181841,-0.8037835424208298,-0.057382436899250024,-0.7658742466954386,-0.2212975470684099,-0.04815432104370136,0.3588001931166442,-0.024445336509031523,-0.765072807336288,-0.8852456950906388,-0.6368682164635467,-0.8403771742384933,-0.5188179798401134,-0.6234801926003016,-0.7543280099858175,-0.33761785233549413,0.3722285454469636,-0.8389616828724241,-0.7207102517738925,-0.5800075731122586,-0.5842619374991255,0.154614634926148,0.7564506905023165,-0.40872490584833093,0.6576179258706768,0.3880502775402547,0.6189682181960907,0.6839627713935933,0.7827364880115926,0.8413302679175924,0.8660244169197737,0.8663349909451943,0.8336222388308555,-0.3062314619359954,0.8844865476668258,0.26745280598688764,-0.15483248106087888,0.8129031316823899,-0.7526230018600224,0.769327779796066,0.5058538538715825,0.807608167362173,0.06394280953070391,0.7977263787977967,0.7689946373232991,-0.8670533671695514,-0.4357798386996792,0.11957699482568118,-0.044590951964613365,-0.8489847786684214,-0.85752219405136,-0.3985341559634674,-0.7275919852253306,-0.7930358420495368,-0.5046565587765777,0.22225396816180082,0.7496112639241707,-0.9071657190105997,0.378520971527381,0.5822935002982166,-0.8313505876123126,-0.7733336399119513,-0.3284425744217287,-0.6888413435497364,-0.8891039684528659,-0.10899257649126927,0.2489772980478613
0.30887913641973797,0.6494193401423545,0.13954195748110607,0.663445193040981,0.39006987847231606,0.35674652459342415,0.6834924372766432,0.7244663441332444,0.020657600530037904,-0.6947762953810156,-0.6736954167142133,-0.5621898021329808,-0.5522027854050364,-0.3799596832230004,-0.3196047757858626,0.7528136568471279,-0.2006869325064871,0.0,-0.0013219262441328454,0.422238592565364,-0.14511923016676678,0.9090230529121034,0.2887692139283289,-0.5344129951202038,-0.8221663039883886,-0.6264254952818854,-0.7814479859507898,-0.6653544811712224,-0.3554935993954363,-0.2745158385726041,-0.04957910135991823,-0.5797948851537417,0.08241526014731015,0.8903406676456196,-0.25100364903699746,0.8500748314179115,-0.18279571366660932,-0.8080462177095036,0.2587369564538536,0.7575502913761353,-0.1294453540761086,-0.3044482806502673,0.22940606072189604,-0.5446917233737311,-0.15482007637079473,-0.6097896129444236,-0.014392172651369658,-0.3079316705168632,0.8349273329703722,-0.4026930121647692,0.23235776210827075,0.6535119198631903,0.7312612557107223,0.6973625633478593,0.5708196490787755,0.0595209237938394,0.872820208377229,0.15150661745418895,-0.8500787903650662,-0.7266181645575283,-0.6835013547879226,-0.5225458902350795,-0.336487316959692,-0.2695868957417015,-0.1514268504310358,-0.21113523758684274,0.8965756006961059,-0.13947711202506674,0.7854560324678576,0.9145365687271657,0.14573720552970096,0.45683529702348047,0.3608125042546949,-0.5299889283604781,-0.4480788010204538,-0.7652899459865933,-0.33221453622975056,-0.5194254193902651,0.21254786835963457,-0.6231819196822053,-0.35122436857672734,0.4817584990427721,0.04707749074183678,0.08239452757331239,-0.7133427170155127,0.6389286026264092,-0.020849382846172833,-0.6460504990888917,0.6995629880210531,0.026585001961367847,-0.04685174596596656,-0.8279308294159302,-0.5120834497040246,0.21717473868516268,0.5164937564316675,-0.7965334362457964,-0.495402914914244,-0.02438867763613056,0.8364842366172441,0.2617141302533841
-0.7533959311653519,-0.6099847570190481,0.28725800811326335,-0.41739538495567957,-0.5516327281650206,0.5263203710934876,0.4564851083296268,0.18532978700904454,0.8035636595140209,0.4372901569146188,0.40036060100188126,0.7091187022460396,0.7934146246150582,0.8802128909750528,0.8894398956334258,-0.536702003410815,0.882789388926039,-0.0013219262441328454,0.0,0.70685931040563,0.8335557855843462,-0.03881433071544953,0.8742924831972815,0.554651051401253,-0.1838524255237111,0.36525741271394446,-0.4629345043314071,-0.5577347554203795,0.7047662210097431,0.1598728494372757,-0.8738332244017858,-0.6625608501217791,-0.8630323314630415,-0.15443502204228837,-0.8133652262681185,0.14032176964763707,-0.8639231098654261,-0.3490560963148796,0.03649842113895948,0.47469109150538646,-0.021121546331655337,-0.8409382673515874,-0.8094513180984931,-0.695836886526855,-0.8199441201138447,-0.5737069064105739,-0.5566821798491384,-0.7240722834058078,-0.10047607904074621,0.3715276426487994,-0.7937971376102445,-0.6047095642979062,-0.4600072340418145,-0.5394411203709504,0.35579951333010473,0.8328166458399567,-0.24071779140248661,0.7519650219439203,0.2017189398960292,0.4724795866531326,0.5103703064003413,0.7068868751723166,0.7965386714200517,0.8230684162638361,0.8463781701416733,0.8227441125285074,-0.13415261595613123,0.8710279450420381,0.32889197152817945,0.02430037325383909,0.8432209029127167,-0.7076291884966291,0.8543407106804323,0.18806964958249875,0.6156137114746552,-0.23131415757938453,0.7380230568498861,0.6463589609669644,-0.8176647891345334,-0.614779220958488,-0.21069769003772956,-0.07121126183061566,-0.8300793649008712,-0.856048690409779,-0.5915888108218116,-0.6175495084940786,-0.8799685502931597,-0.6645825011767235,0.37172179269908434,0.6501529449827744,-0.8678408025117574,0.2193273401289081,0.4310668338651453,-0.8394995196487326,-0.6818244662628985,-0.4500247006652469,-0.7578683532678043,-0.888304436537966,0.1337293185628642,0.3892019607162724
-0.5615832448586214,-0.16045117482567722,0.3133452087591835,-0.00938850338076799,-0.19044141102149087,0.7268424373091992,0.754661530758915,0.5899396256258416,0.7916398255343705,0.04457362741288521,0.09539892038469486,0.35340566682710056,0.4118659064232256,0.5702985795975007,0.6551426203946599,-0.16466060239358785,0.6111738222788611,0.422238592565364,0.70685931040563,0.0,0.6493677789942175,0.2880023434470242,0.7808734210407332,0.22049936497714825,-0.660806055479812,-0.08823686270321061,-0.7573289790164449,-0.63669124767459,0.5331231966410971,0.199558073975457,-0.697041322363271,-0.8730568778913258,-0.6346835647671691,0.37376595289773035,-0.8055594066611236,0.6769033729177262,-0.5470249001716654,-0.7227660298030182,0.38839538819182357,0.7450816924093223,0.2842550273931299,-0.8363817699539212,-0.5280398174276251,-0.79517146969047,-0.7207245457431521,-0.6503190308400694,-0.2652246818293451,-0.5602187939586789,0.4295250392879771,0.43479919087431634,-0.5838139662618107,-0.14131380971407617,-0.08737577592517935,0.025388599087835566,0.8188029385746124,0.770513860396939,0.26032410760177765,0.8355396098636568,-0.16510013409398938,0.06576489268819635,0.07234404924837563,0.2901166828904787,0.4884746700787068,0.5270377779717392,0.6367263441024557,0.6038461363164351,0.38009269040183374,0.6159487836579054,0.6580158334330487,0.48980459135915555,0.7991364427206094,-0.39677610463674307,0.8111304338120539,-0.037939736195631,0.27747860060263524,-0.6247640282803507,0.549848398934231,0.33934918839148875,-0.557649947927691,-0.8692819367276262,-0.28826906828756393,0.49574404606460737,-0.688410534520267,-0.6627655374252893,-0.7867714882250342,-0.11824650427325174,-0.44352200767330957,-0.7324515197048731,0.8555375023017163,0.7152159992029393,-0.6357198240433475,-0.33052694500574786,0.28877571300452004,-0.5438464339364969,-0.2926669775204889,-0.711399442432857,-0.782140925149534,-0.6816910443960235,0.6073634956899292,0.8112288409694769
