0,1,2,3,4,5,6,7,8,9,10,11,12,13,14,15,16,17,18,19,20,21,22,23,24,25,26,27,28,29,30,31,32,33,34,35,36,37,38,39,40,41,42,43,44,45,46,47,48,49,50,51,52,53,54,55,56,57,58,59,60,61,62,63,64,65,66,67,68,69,70,71,72,73,74,75,76,77,78,79,80,81,82,83,84,85,86,87,88,89,90,91,92,93,94,95,96,97,98,99
0.0,-0.4796305274377509,-0.4348514458488096,-0.5350281838719858,-0.5185814407856835,-0.4050709573487974,-0.4242275517043354,-0.45143593565008683,-0.3973426855078177,-0.06491909539910125,-0.23237457232076753,-0.23062926907189987,-0.08677812397257625,-0.03770456484648183,-0.20075929009930543,-0.28813285789524423,-0.2273299073304299,-0.09005669915870601,0.04955326332144703,-0.3206791174893782,-0.11910287159229077,-0.3140318115996796,-0.3629691864284,-0.34165964822348815,-0.300239321266821,-0.36104629158400176,-0.3941637512641927,-0.16818178104322476,-0.3800661294184414,-0.3544611575729462,0.53909320877256,0.4037979054713547,0.4451540899892602,0.2972546731843959,-0.18947145678740282,-0.1499123705975336,0.07423405399725058,0.40956148943825654,0.40517539070646896,0.10920553276608133,0.4317503931343316,0.45432924933869984,0.35522704123926996,0.3417362795480846,0.3082377253897052,0.2848462630026075,0.32920270446901717,0.3276215191568587,0.10608864863396436,0.4455407429461051,0.4071114371730521,-0.49098782225574017,-0.33517947805049536,-0.5522802094748833,-0.40616272894907096,-0.3751355018910933,-0.4848157400149525,-0.4440539319504706,-0.200860164064765,-0.17835166538245123,-0.3559152541961943,0.19617251527047286,-0.19652739455940116,0.021928444362046773,0.13694948332429283,-0.16915794530688094,-0.2828320441211967,0.20554196556956839,0.0065122782597801425,-0.08215373205405119,-0.20879342279860424,-0.3138608296849769,-0.34550122465799554,-0.3498119127196098,-0.24450273668943392,-0.31153899897918363,-0.3872664665564755,-0.4147869522823025,0.444875432291126,0.5058785407486177,-0.2180931574908644,0.3568042144822785,0.39993940212374923,-0.13823465789267164,-0.38163758225222755,-0.13172130022211567,-0.017847558116856115,0.051987626557713267,-0.1649852637036378,-0.10350030301346229,0.4875635937086868,0.22824902182060464,0.3059864540357295,0.4924377134973773,0.31248539268776176,0.3843261896293064,0.2269909304618955,0.17219370621271768,-0.11594446138271845,0.43710915017548446
-0.4796305274377509,0.0,0.7039184166062263,0.8552949060686088,0.7674910335597975,0.6329001276790389,0.6910076256597862,0.7519815937994607,0.6357365432879749,0.093384834017131,0.2675814311027165,0.23308215409148925,0.09831724861987688,0.08893961263169331,0.24253861696111198,0.6294066800576629,0.21270676570429167,0.3053962619343245,0.004520878317223378,0.4977084091121297,0.20947078771185237,0.3655554669556242,0.5009445392084637,0.3807262588067725,0.3741097717677331,0.3246358567448832,0.4399802779331769,-0.4196662281587128,0.3774884989125332,0.40499051967483696,-0.5803383592108119,-0.23688457110594358,-0.46245761528158175,-0.4286576847189504,0.14601695885950494,0.22772210352697878,-0.39775321956706616,-0.4403844905773231,-0.42502091963491384,0.011512619135118467,-0.5920549151647072,-0.5784786411396329,-0.44278943529959885,-0.512001170186079,-0.3933643900110814,-0.3477971617107777,-0.39551024599111256,-0.5168797274878539,0.03945903390956509,-0.6051124957921524,0.08430347253986183,0.8827187472878887,0.6343536577363522,0.8431211330853173,0.6463217429520207,0.6486578398469091,0.8391176108740594,0.7632467134231946,0.18826070872365083,0.14153018148309943,0.35765962544135727,-0.2562675210526927,0.3802016921770794,0.08586516902604653,-0.05513729681208815,0.26435655305305733,0.5935450916072008,-0.18434742806716878,0.08837253423172957,0.29206991454371195,0.478608146249883,0.3879929858891556,0.6317662776657835,0.5352033875273667,0.23116770632129316,0.2979022600297595,0.49386206332644145,0.5320991766115651,-0.5266866758669034,-0.37680925084147676,0.24105232270703608,-0.4954982533659733,-0.47987353380672654,0.1747751010277907,0.4579593221113324,0.3917408966021552,-0.17220454571628974,-0.31169970844166994,0.3346465830281691,0.1766935150449445,-0.5558338525771792,-0.07861219740860777,-0.2827561286340155,-0.6367210476532011,-0.4610403560998384,-0.5359823830271735,-0.22871255974440627,-0.07590874016289513,0.35988869424050823,-0.5603596445015296
-0.4348514458488096,0.7039184166062263,0.0,0.6874439730803465,0.8349663208736697,0.8441402173639935,0.6085164299456783,0.8558141839915854,0.8359043733820132,0.07552590289386067,0.3088035097567265,0.3751054041103091,0.0014785438552869813,0.03632692805841984,0.23645854884329515,0.6173207902851972,0.47240201672792304,0.4568115951616046,0.07912927772462125,0.6824566738074161,0.2269482628731722,0.6277875287391718,0.5778710405479633,0.5859051444272433,0.5770873668628509,0.612252761799597,0.6507220334863318,-0.40325685576110687,0.574456267513294,0.4276000324714548,-0.7259188879966655,-0.2716620256596529,-0.5447039282453375,-0.35616924360633617,0.3841716366562175,0.5127530670340029,-0.31581101204213546,-0.6797865903624077,-0.6897338499478081,-0.27207895662066894,-0.7572004261538975,-0.759838258373388,-0.7390851260029544,-0.746866726666063,-0.7086043225656322,-0.6789577867843156,-0.614592229540185,-0.7270667452651929,0.31221696774549795,-0.8267472518069388,-0.3410319184450857,0.7794264758677649,0.45430237582451466,0.7024549938210339,0.8496568972459201,0.8480391044442288,0.8092468581523078,0.8530403826492146,0.28516915492069433,0.22693491666718535,0.5859729339112543,-0.4532039896598491,0.3393944807706795,-0.029424197789368594,-0.21441084253661502,0.22037380125310066,0.3941409807026975,-0.2951030473786457,0.3269520090006615,0.4379937445990126,0.5197372466574557,0.6021803924303247,0.6631963622180629,0.6131651570093235,0.39828305692837784,0.5939872563072454,0.7211148754028232,0.657044445227528,-0.7468649321677525,-0.5707461692265166,0.508725039157577,-0.5993379632076424,-0.6879344889703058,0.30563051355401843,0.5354144949027387,0.25382246936033637,-0.003207479490323905,-0.23829380652213228,0.5101827122440233,0.23633627789509287,-0.7344563708013969,-0.31712565694582834,-0.6230716967231533,-0.7343136428771594,-0.7714687124985342,-0.7607918737592162,-0.6204338563208183,-0.4988787325551515,0.5949235226516748,-0.7970136552501141
-0.5350281838719858,0.8552949060686088,0.6874439730803465,0.0,0.656558141339075,0.47471024784322124,0.6541655589316734,0.5850607579676307,0.47413745567485055,0.15427094553403087,0.28210889548434404,0.24986253996327182,0.1844083852087029,0.13401837165582323,0.28089403372378163,0.5614143699586025,0.20969039572777878,0.167522500763987,0.03636590645738599,0.4151396834398884,0.22588119704693502,0.3053706367589785,0.4866238701131696,0.3609407142127609,0.34024286248436647,0.3024595688378705,0.41689987410919954,-0.1413292728739382,0.385498233757288,0.4188160007387648,-0.5258482246010893,-0.2444434857259679,-0.4376947150215236,-0.40793984051289184,0.13983524382881377,0.12016981752610982,-0.32223812886320247,-0.3601853148671812,-0.3414491372226866,0.1016247047488242,-0.4993413356665402,-0.49249462549037765,-0.3419662286158124,-0.3857858060097704,-0.2846023474676519,-0.22971697652170037,-0.31082198669180017,-0.3937340925910543,-0.09861980865746509,-0.46300642756879107,0.014355828227807179,0.7496190409927284,0.626399921212125,0.8093901558139995,0.47863043148725,0.47243950666026246,0.7039906587823227,0.5947601613808896,0.22658587189524748,0.1947446432021468,0.3401153317650221,-0.14480065090146013,0.3453504121951319,0.12567616200230064,0.0019405203374664257,0.2882470945468732,0.6058119668475543,-0.11751563915064211,0.015561783160435704,0.16869826446373765,0.40894062980987306,0.33489731547193624,0.5626265436607572,0.49172445577544094,0.2507695443219528,0.26298303064101736,0.4179328194580822,0.49702529980138477,-0.44395006556238914,-0.356738420357514,0.17539719016905575,-0.4327263202280598,-0.4227805657677436,0.1738680732936394,0.45414422338925614,0.3517579261871347,-0.16227426530877878,-0.22297361492162848,0.22445301982479438,0.16587436600202476,-0.48604704530087783,-0.021408657349331183,-0.1603685852615636,-0.5897052627904009,-0.3244792052683787,-0.4168936305562447,-0.12296852729272362,-0.013438816284147908,0.19774076060589185,-0.4455461279053603
-0.5185814407856835,0.7674910335597975,0.8349663208736697,0.656558141339075,0.0,0.7200444404966048,0.611172448238616,0.7989986742697202,0.7195750825281216,0.010560955967542876,0.23952384606189894,0.26270809118838717,-0.011541986133156153,-0.023356244253979502,0.1838137526841951,0.5523068784942232,0.3258762588497024,0.4058412233850323,-0.06397591994792881,0.5480205150314796,0.1331682711377081,0.5311786804927626,0.5195849654357327,0.4696610618348148,0.44835221969721306,0.5225731934608823,0.601271984652185,-0.17539145630687875,0.49554683276533834,0.3857707866672281,-0.7128085772919367,-0.41626230790813734,-0.49849085697320494,-0.3137844149437539,0.3365151774552292,0.4116853165654024,-0.1890812878263442,-0.6400378868504457,-0.6380849651742527,-0.25334640638225453,-0.6578470472924696,-0.7314415508719162,-0.6389833150999413,-0.6058836583360188,-0.5678976783543346,-0.5490092385874802,-0.45599812540841395,-0.5467266194363924,0.2706903860253987,-0.7103141119095224,-0.2686266574268819,0.7965972824082915,0.47790937679789813,0.8373649175355125,0.749080027810415,0.7192801373126891,0.7990169522506361,0.7980624334782105,0.1902756492058734,0.1413415145973764,0.473974689970079,-0.4168037938866742,0.25918704716177754,-0.08675024292747194,-0.25077360907944807,0.16552826568652482,0.4268160957741375,-0.3567471417799257,0.2020972068660858,0.3664738175783639,0.38225217166149683,0.5263331008023874,0.6100765698073901,0.5301885823705843,0.28516359207155634,0.48416405230114073,0.6279927644469193,0.5890298776822747,-0.6706719760631936,-0.6067191131095723,0.4370590016641003,-0.4932521109334476,-0.5862468602359617,0.282006948638822,0.5920796355663,0.32877204212720895,0.04886259274553197,-0.11264434372318945,0.4469777775967443,0.2505519846406634,-0.6580235082970796,-0.3385507074228255,-0.5471718098274152,-0.708935507451519,-0.6361393627400066,-0.636349046025475,-0.4561524309488856,-0.26295923100260454,0.5269922817054223,-0.6821704191661878
-0.4050709573487974,0.6329001276790389,0.8441402173639935,0.47471024784322124,0.7200444404966048,0.0,0.6281673335921711,0.8611413760099944,0.8775102422537899,0.13245752105490688,0.3538490410126028,0.46859902504761447,0.029925434631291437,0.07633490042374869,0.2825122607519253,0.6717474142176314,0.6022539571599683,0.47829061128380224,0.1819654589959445,0.7632338427002257,0.29092698496442143,0.7224547860402787,0.6470886334281931,0.6834947161609014,0.6738159113658985,0.7190207940223367,0.7415171107529427,-0.3953258654470583,0.6669883780903559,0.47180981621476514,-0.7591914393284307,-0.20720250816717317,-0.5590063879389533,-0.35510683948656335,0.4770177592032545,0.5809903157176569,-0.34659923668363696,-0.7274008684412603,-0.7468852929067389,-0.27597742388813645,-0.8111565626609074,-0.7977068522000778,-0.8141586774688698,-0.8188713990531428,-0.7980678778094636,-0.7609062828044888,-0.6857898862757135,-0.8017583601015381,0.33183341462322113,-0.8754846658482843,-0.44649711469442827,0.7411620487683723,0.46311769066518094,0.6779511214081749,0.8784606585440751,0.8876881138211591,0.796954388559511,0.8592821175082759,0.37028864126837807,0.30552296450289945,0.6876257819911941,-0.47164332116045243,0.3586606567929551,-0.0012196060495445762,-0.20221305139647988,0.2587403870831859,0.421429025077364,-0.26857086150794274,0.42178829900755255,0.4755047062259635,0.5826096118701197,0.6860136080622556,0.7150315196709904,0.6921103202695275,0.4978574921949276,0.7042095632700033,0.798596083519617,0.7266631810396806,-0.8071648441572461,-0.5804860633949047,0.5881720004206544,-0.6392898835430137,-0.7572266078482038,0.386958511215425,0.5807923595341408,0.24228992243983075,0.01197986796067412,-0.22632406098002572,0.5552422666057394,0.2832376650958519,-0.7788981585441729,-0.31682408639129583,-0.6681441033941978,-0.7695316684456951,-0.8421332076753606,-0.8262277257690738,-0.7231077297607259,-0.6328366879346405,0.6299214817725498,-0.8550845951313923
-0.4242275517043354,0.6910076256597862,0.6085164299456783,0.6541655589316734,0.611172448238616,0.6281673335921711,0.0,0.579781575514586,0.5465033229836378,0.5606339339243205,0.6441480597912734,0.6292246344519175,0.5610818634695636,0.5343289310034379,0.6619524380448343,0.7797747794776831,0.5223889144042579,-0.03624481284808777,0.4862586211622252,0.6460186914204885,0.6385485237678186,0.3752545570199178,0.7815943297186463,0.6399206961433136,0.6477780287504575,0.43293148026649,0.5193589638683586,-0.16315338818964606,0.6403994238640598,0.7586758508580306,-0.561492373723301,0.07199548664432338,-0.7047654979602898,-0.7259306369288149,0.09559819255525796,0.01228382360709674,-0.7073323859565344,-0.28331619133110003,-0.27691120335274777,0.43602962023958847,-0.6874149736392735,-0.4732006545519575,-0.38430197927099263,-0.5018945602621245,-0.37097831683983834,-0.2343071545945706,-0.599056534828307,-0.647936964816287,-0.39403480036642907,-0.5324446821386195,-0.0661761388426417,0.8211557684165184,0.8978521739990349,0.8275975203654338,0.49386453824839927,0.5589916860539168,0.7562471082457524,0.5983413512266589,0.6339370271917175,0.5909269969176241,0.6116064060794381,0.09425038908136589,0.7194893886953138,0.5229780167136248,0.35848871664020465,0.675753532252666,0.8212091489116538,0.24196080975441886,-0.017358411202361108,0.02457485457709265,0.7793788868890311,0.3802572512180488,0.7502323012083801,0.7432359015931915,0.6175732863350343,0.38194869232186174,0.5331923979485512,0.735812866749239,-0.5353262149438011,-0.22836166108398998,0.10067701908229194,-0.7261488468833094,-0.6574615527539011,0.11912495469237992,0.3708128646856183,0.19342110687666117,-0.49149560052452235,-0.5664709548049366,0.09452513856110593,0.023934736981706638,-0.6834535064960892,0.2922625597398184,0.001988459664538795,-0.7368131698922011,-0.3892184979929491,-0.5331198828585916,-0.1622453246039694,-0.28901304442502573,0.029784245478145923,-0.5559323643131717
-0.45143593565008683,0.7519815937994607,0.8558141839915854,0.5850607579676307,0.7989986742697202,0.8611413760099944,0.579781575514586,0.0,0.8243970868725111,-0.08349788462514059,0.15081830450863,0.21635639011083435,-0.12499237618195665,-0.10704212237296344,0.10400119084483721,0.6324291806579905,0.33936266564519607,0.5659266802149725,-0.09277063768365586,0.6321406453769144,0.08057853088946698,0.614596436603406,0.5198294466943659,0.48525835360216946,0.4406711940021123,0.56180893199269,0.6345045183692828,-0.4564072354728692,0.5009734633477546,0.3198166901790132,-0.7659431722444835,-0.4615767600473713,-0.42148794988243976,-0.242781888665495,0.43715716383493053,0.5492608429673199,-0.19707181605313973,-0.7115066883855751,-0.6927396457016392,-0.31480227025266444,-0.6798678896617716,-0.7706281634335255,-0.6769232681895081,-0.7146155102101887,-0.6478231503701906,-0.6394730789286875,-0.4386405167295694,-0.6325832547295887,0.3640568254946592,-0.7981788894480433,-0.21508506217376788,0.836638838884456,0.4670865022709847,0.7909629779799622,0.8498967094331723,0.8335126075277188,0.8666007077991112,0.8895199314388954,0.134976257974377,0.06261858250196142,0.48454968534997156,-0.5513763502050362,0.2124339316075586,-0.15808708844269817,-0.33231183951245624,0.09755298568452994,0.47807933164933464,-0.43938467400078396,0.3685160940138552,0.5417692657839884,0.43186325856202845,0.6251679323756759,0.6887771373772866,0.5850479848353434,0.24203763959094846,0.548277621043462,0.6976963389386933,0.6014489916561946,-0.7253698314658906,-0.6590168457112321,0.5472306869102008,-0.46743558065533214,-0.5749354571826379,0.4087593183145872,0.6544272172421973,0.47555954924163035,0.11814137357939972,-0.09455598172363303,0.5988920593915568,0.38754119448063373,-0.6394282840240769,-0.40567255380743245,-0.6140605137331336,-0.7114272439501337,-0.669409511066332,-0.7314461407864258,-0.5468968721536989,-0.302051129446171,0.6574215275851586,-0.7520593869567389
-0.3973426855078177,0.6357365432879749,0.8359043733820132,0.47413745567485055,0.7195750825281216,0.8775102422537899,0.5465033229836378,0.8243970868725111,0.0,0.02979054565922161,0.24704964647091712,0.38942559479101657,-0.06329701766569688,-0.020709668199739177,0.194274921333089,0.7012825694078432,0.5694545064355023,0.5887490202149874,0.10652896507659575,0.7738776928273428,0.2061255059773768,0.7662756163617234,0.6271932414324052,0.6566458140366247,0.6183224757756896,0.7337634266457738,0.7622042756668961,-0.4835483576222167,0.653629581259921,0.3974363830205037,-0.8007748215770512,-0.32050616788918834,-0.46888951580044763,-0.2573484560142826,0.570377474951659,0.6593659868577106,-0.27694438939639887,-0.7781648964229555,-0.775195340135861,-0.31858691322000365,-0.7792548537500839,-0.8236939544766634,-0.8075337157145775,-0.84407521711787,-0.8084299557202991,-0.7885280013707295,-0.5957296495954664,-0.7810605001022839,0.39684374546931167,-0.8868598356405742,-0.4157140343782572,0.7447866325181576,0.4497033694902187,0.6812437788792955,0.897019119237488,0.9066652536280548,0.8237175535681106,0.8886054392258652,0.2918187844541969,0.21352464862429335,0.6610895536201139,-0.5665920804793755,0.2675874289761196,-0.09046047098687593,-0.2896227931482637,0.17409561032930335,0.47609264072118407,-0.36240723030260336,0.523541938704112,0.5887138232190317,0.5545661272607569,0.7494729218944819,0.7520678336833739,0.7013165813305761,0.42396794076491245,0.7304593323510268,0.8208880185380771,0.7093450992321092,-0.8227101513359186,-0.6568849422390498,0.6640869232471306,-0.5607999227626221,-0.7057843583908042,0.5043687710793947,0.6703244465008787,0.3939680916855378,0.11375701868526499,-0.12279430625552071,0.6556721607095313,0.42080355706642586,-0.7261490436646708,-0.39505111143256877,-0.6925757666554494,-0.762347280389227,-0.8077157256526647,-0.8472129723238915,-0.7395620267604118,-0.5780579389976437,0.7030325788530866,-0.8572775182433001
-0.06491909539910125,0.093384834017131,0.07552590289386067,0.15427094553403087,0.010560955967542876,0.13245752105490688,0.5606339339243205,-0.08349788462514059,0.02979054565922161,0.0,0.8436376476170757,0.7869739084993219,0.8939951035430083,0.8938397387907668,0.8645799184335853,0.35688444183712914,0.559228392844401,-0.5928827927102694,0.8857369358786217,0.35020775256139786,0.8782094432085471,0.012593193294293172,0.589888235666793,0.5212810288913222,0.610569793799208,0.18739515936754364,0.1699733962590034,0.30017081614297053,0.49056346827427155,0.7817175890322983,-0.02548647381173588,0.6817555791010723,-0.6577068368008373,-0.7603501715638166,-0.2590956236619202,-0.39752084029099094,-0.7606957392946666,0.228460713591554,0.19036853119635197,0.7489747802139268,-0.3772975518087793,0.05668901295411796,-0.03022284876357926,-0.09718880656990588,-0.046161480240346005,0.12630861063555948,-0.5902505952486886,-0.39874751762644367,-0.6753593069359103,-0.036812209866432584,-0.13177275034760472,0.21435913353290698,0.620267743356422,0.1921448793248113,-0.04565014441793058,0.06165442895121241,0.11140555977852475,-0.03345255691138468,0.8387992466734233,0.8678263988943598,0.5046253053438633,0.6423017780363925,0.8238295256402685,0.8757907043706794,0.8068671137632026,0.8684549813461278,0.41867891239479604,0.7950228260317453,-0.3315703761784982,-0.5123969570428913,0.6779832220462187,-0.051426227544913126,0.2967174725726149,0.4309410968531578,0.7598628109771467,0.12445475434266812,0.14018130824466718,0.47506366129821687,-0.10651223024429397,0.33501418833706054,-0.3068705024986403,-0.6476245689017557,-0.48717693053137134,-0.30178064038025093,-0.21933193583779928,-0.4761330049190464,-0.7640700520698015,-0.7516322851210553,-0.4440435012386327,-0.465205352228771,-0.44978455597125255,0.7158783956713064,0.40694321215430246,-0.32798080838184923,-0.09432225825311358,-0.11660575734497323,0.0806914786733343,-0.42206811562896174,-0.46741296741658955,-0.13531109559032284
-0.23237457232076753,0.2675814311027165,0.3088035097567265,0.28210889548434404,0.23952384606189894,0.3538490410126028,0.6441480597912734,0.15081830450863,0.24704964647091712,0.8436376476170757,0.0,0.8048547928203915,0.8321814575858952,0.8332766217968683,0.8616807001383323,0.34857117148264594,0.5665689600932879,-0.5189863784125717,0.7653372248912722,0.4140606101581649,0.8372450239132831,0.08977228533625362,0.6428002106962514,0.5784924788567303,0.6795580153113646,0.28409879348305744,0.27309520215931443,0.40323103048278686,0.5552108613188036,0.8539949076568764,-0.19423808080760707,0.5018894297702835,-0.8207851184299079,-0.8266623231538746,-0.23725126064654165,-0.3084276086232646,-0.6828213460793995,0.07198759970402457,0.01694435170594084,0.5599958828069779,-0.520963068068637,-0.102447306814218,-0.1909891904379228,-0.20181430309918877,-0.16424229809354238,-0.00115105793695724,-0.7048714781646171,-0.48949439795822225,-0.5574765771514149,-0.21506391367814923,-0.2779887241907894,0.39497933480309183,0.6195076499919128,0.36390859342225734,0.15585771672275256,0.23537814570960575,0.27509586568428646,0.158706506458974,0.8283903430180937,0.8548469357726277,0.578832239277558,0.5214064854319994,0.8575818283421994,0.7826295445682225,0.6789414447026598,0.8440352665143948,0.33587757439689164,0.64901677625438,-0.37314032885320353,-0.4823956025790254,0.663909694142855,0.014791026445551811,0.3366642973885555,0.4526373628792831,0.7755736451963359,0.19829005947389342,0.2642636291586172,0.5669916005376033,-0.26149289919019686,0.13996269785303145,-0.22860745306004301,-0.7630721646167709,-0.6158811267548633,-0.33942300868987535,-0.13817724663112677,-0.516536429831822,-0.7025845294912805,-0.7503644086073391,-0.3791661314332536,-0.5072141165183255,-0.6328799450235265,0.5407644890419443,0.19460086694263493,-0.462197102326552,-0.26475481888392255,-0.24059675430188449,-0.02804693362914782,-0.4886858531537483,-0.33413816384522194,-0.3025238458519213
-0.23062926907189987,0.23308215409148925,0.3751054041103091,0.24986253996327182,0.26270809118838717,0.46859902504761447,0.6292246344519175,0.21635639011083435,0.38942559479101657,0.7869739084993219,0.8048547928203915,0.0,0.7745747407266468,0.7818760404412646,0.856985121012768,0.5269796307819016,0.8226028654205236,-0.3315975857925558,0.8652241009528859,0.6250313787682389,0.8671793568230934,0.3772929360353754,0.7760470733644773,0.7847616411141498,0.8441253284163636,0.5496160239041464,0.5092195071239841,0.26448471834608744,0.7644877528896559,0.8589867541081222,-0.35074131198358577,0.4726779486172849,-0.780727073255883,-0.7301763241723124,0.08474668655742734,-0.04964513348943666,-0.7039084162264299,-0.14443789603055834,-0.19470303808790246,0.4699216017385028,-0.6447811830696933,-0.2856898669975732,-0.401775561006006,-0.42715373023466563,-0.41732835153741454,-0.26098375124103396,-0.8011055931338672,-0.6668442345495199,-0.44713980187152874,-0.3873311988311086,-0.5215597440912594,0.3284479612290672,0.6250530480660296,0.33345602904161004,0.2784095418396632,0.37159997582704474,0.3037167203435078,0.23470025427799704,0.9260195913700972,0.9164814067594139,0.7842056165265375,0.33592575125129104,0.7959660965202638,0.71242786952953,0.5634254337002129,0.8260242672806846,0.45709824488363293,0.5570384622918262,-0.039076434880110936,-0.2495457602286487,0.779874742256161,0.29444690399714774,0.5076997012483588,0.657070461626497,0.9207104730113416,0.49097065931490536,0.48306054441994256,0.7159658171459756,-0.4523462090145421,-0.018074247158182483,0.05205312935773391,-0.791200824440731,-0.7520293021505491,-0.025286259959862282,0.08101537875379795,-0.365048810774639,-0.5586865430013336,-0.6174569435512093,-0.14548409665149722,-0.24547619214677738,-0.7054209687043033,0.4157681715543915,0.017356335042845727,-0.5858043849306119,-0.44075670557064345,-0.4498208136519191,-0.3164854532270845,-0.7490791770191988,-0.16959673794417832,-0.48065108533377543
-0.08677812397257625,0.09831724861987688,0.0014785438552869813,0.1844083852087029,-0.011541986133156153,0.029925434631291437,0.5610818634695636,-0.12499237618195665,-0.06329701766569688,0.8939951035430083,0.8321814575858952,0.7745747407266468,0.0,0.8464625491199016,0.8075068913760313,0.28726867791196165,0.4103686666318675,-0.6211946462627057,0.7823271743481137,0.25823805351462475,0.8064834384274755,-0.10526868242387409,0.5168199232764321,0.39787252342579593,0.48728432560893503,0.07616760474073972,0.07002729429271654,0.36710657507786565,0.388962219394175,0.7292361132313787,0.005024881013771988,0.5572998646099773,-0.6208179975249866,-0.7329949494526402,-0.33570076302628943,-0.4795150557100536,-0.6781987691563711,0.30534872192905077,0.2901177948940374,0.7813283879812766,-0.2780744772995045,0.14272133752511001,0.09327642465414464,0.019489428992721124,0.09002373914708695,0.25644891911611534,-0.46029494176864777,-0.2780590254507391,-0.7242642834243072,0.05563325485647877,-0.03798748820067449,0.2250692773782121,0.6124301180820593,0.2167167451246394,-0.12074253690513712,-0.020421763937902928,0.10524784819756844,-0.06893758569655126,0.7531904610755573,0.7803560994896444,0.38241965562848107,0.6605887005298147,0.7724410095410068,0.8525793344721032,0.8076964316519164,0.8147689974037124,0.41496557295669123,0.7798721687898128,-0.4240696985853507,-0.5534078170962156,0.599697691492876,-0.1427295489101377,0.24451426554933306,0.3426575771565757,0.6409862914174997,0.008094684211676554,0.045242289190444276,0.3903803810557919,-0.02529026635956683,0.3191589583007199,-0.39637985411421894,-0.56868292557976,-0.3787714286367681,-0.35748723091976825,-0.25527441955335145,-0.43696454008619035,-0.7500039854593703,-0.7149346504762486,-0.4958179749461692,-0.4962990689193529,-0.37360520129353086,0.7223711675534702,0.4986145034984478,-0.2588904420826657,0.04965739131276495,-0.011466662246770008,0.22589292816953885,-0.24579080494885217,-0.5368132419065764,-0.04014866393958667
-0.03770456484648183,0.08893961263169331,0.03632692805841984,0.13401837165582323,-0.023356244253979502,0.07633490042374869,0.5343289310034379,-0.10704212237296344,-0.020709668199739177,0.8938397387907668,0.8332766217968683,0.7818760404412646,0.8464625491199016,0.0,0.8782669351458218,0.31611578659537226,0.4792575232638792,-0.6529277072276832,0.8835055550428881,0.29747766357248473,0.8871567654549583,-0.0897309686802588,0.5453110686043173,0.4527993079652213,0.5622106813990773,0.08305826516688115,0.06478689117506367,0.28159256844240427,0.4206235465673921,0.7729632892507704,0.032364558148239415,0.7046048097082547,-0.6667654756709879,-0.8008438496096969,-0.369078769676554,-0.4960402601146294,-0.7959754554052808,0.32997986036514526,0.2927454496090641,0.8205269170434124,-0.3316467983577865,0.14366491192836603,0.05831491115773224,-0.02448226136637272,0.04394100830596753,0.2233958713842008,-0.562632089824545,-0.3593679152428807,-0.7459175346756404,0.031072791501767946,-0.04520137135259341,0.21595543052133176,0.6264838449781955,0.15234670893630953,-0.10719730664916019,0.006074894325453008,0.09204278643338215,-0.0734767354687094,0.831451526957874,0.8600520053096804,0.42891337894218295,0.7267594190447519,0.8672118817592267,0.9243174753425228,0.8788160349939959,0.8894413677378687,0.3898194213102296,0.8612804180486666,-0.42407315742780805,-0.5839361859209801,0.677855954648791,-0.1496723026505196,0.24057771696374813,0.37250961538394867,0.7201008143719888,0.021039512113720436,0.05817996873743316,0.41151760082752303,-0.03722973086700216,0.39649445774432535,-0.4209726840466935,-0.6503159287939139,-0.44177651676227636,-0.4076103018713771,-0.33277215385463965,-0.5373948479278993,-0.8508608727685906,-0.8373552933554305,-0.5282377947244684,-0.5780361549510546,-0.4189059645404325,0.7912677856027028,0.49919522105293507,-0.27739869448349413,-0.028686093205540154,-0.04675517391001697,0.1766146023253948,-0.361775393868822,-0.5546254546125287,-0.07124983970585853
-0.20075929009930543,0.24253861696111198,0.23645854884329515,0.28089403372378163,0.1838137526841951,0.2825122607519253,0.6619524380448343,0.10400119084483721,0.194274921333089,0.8645799184335853,0.8616807001383323,0.856985121012768,0.8075068913760313,0.8782669351458218,0.0,0.4595992687630184,0.6201899507837515,-0.5343218854669212,0.8741733190569719,0.46900760595943786,0.9195117037541424,0.10703554039246733,0.7196860088744385,0.6233034380440718,0.7104459176723753,0.2963351374638903,0.2867570593809253,0.3287699449740783,0.604569378771693,0.8994400258563974,-0.2133499149148748,0.5187991747192681,-0.81856605709105,-0.860225307217395,-0.2056694981083924,-0.3412787422206039,-0.7883397911752316,0.10887633348310616,0.07232522463073081,0.7190315447921817,-0.5190364948268601,-0.07754934338996923,-0.14285012863118762,-0.20955277702410163,-0.14076906795386201,0.040856773842383245,-0.6890319756176295,-0.5177600089162064,-0.6799063368984197,-0.1855953796006347,-0.23194513341721876,0.3964874811583154,0.7395715950639541,0.3719053306180481,0.1025349188976256,0.2065023791711808,0.2950769809738228,0.13610789728416794,0.9099835295697478,0.9185978718127458,0.6113282102548655,0.5784077958849141,0.9107855140114735,0.8817714923067129,0.7734574072792199,0.9225740292203659,0.5116800939910549,0.7376772972003086,-0.32640686850972933,-0.4670597214493121,0.7708831509225208,0.04974816607212206,0.42529052529180883,0.5423892272610809,0.8310684108432803,0.21904669913059094,0.27063104231395035,0.6053987366614619,-0.2599259091275081,0.15232349449315344,-0.2464991846679076,-0.7769676334463519,-0.6218325318714595,-0.2666655248105636,-0.10882585650500927,-0.42928566236846405,-0.769112262625421,-0.7910349817874496,-0.37918237985627495,-0.450666106385328,-0.6151929948339505,0.6419778068227666,0.31654134260597877,-0.4913407836877267,-0.19859140255051996,-0.24475248089641932,0.011655321916207276,-0.47702467496279016,-0.4052048505388383,-0.2859093456498062
-0.28813285789524423,0.6294066800576629,0.6173207902851972,0.5614143699586025,0.5523068784942232,0.6717474142176314,0.7797747794776831,0.6324291806579905,0.7012825694078432,0.35688444183712914,0.34857117148264594,0.5269796307819016,0.28726867791196165,0.31611578659537226,0.4595992687630184,0.0,0.5428508408679324,0.2899545407715021,0.42172213327455194,0.6774227848482212,0.43955514309568006,0.5265307942233662,0.6693597581182532,0.5862133779744954,0.5403203585634225,0.4905833344729426,0.5614100357983093,-0.5204657964268997,0.5766603797509176,0.46905564568413916,-0.5120573914611722,0.057842342799302636,-0.3196690627770631,-0.34846913821641073,0.3999024799576069,0.3032564236072316,-0.5551979486670352,-0.3633838947657629,-0.33677216729129383,0.2879222668613642,-0.548062763541813,-0.4678753989836039,-0.3993421075769292,-0.5828208117341517,-0.46122297477855545,-0.37487263862726145,-0.38203085409222876,-0.6076693310843421,-0.08911999872784564,-0.5174059771736219,0.016869077985582626,0.611481927188628,0.7183891270112315,0.5970527418842035,0.4878178236138402,0.5666550735873715,0.6509225098867234,0.5673325534498709,0.44166870649000056,0.3683883133148298,0.5491093687214439,-0.1510258970456616,0.42705372208323145,0.29642775009436445,0.14475930147904967,0.4139046143029841,0.850713747101973,0.0700770618323901,0.4042625031270914,0.37538706553258044,0.709216815644681,0.5529334095158981,0.7758828185631975,0.7490727901056857,0.471036160674695,0.5033012330210651,0.5694090403495972,0.6319802182208368,-0.5166558676400596,-0.23372350359487665,0.35891551595248083,-0.45440799062544973,-0.4961003195400148,0.4746190343843582,0.5206416289483962,0.5015571219358437,-0.20174008443342442,-0.2747427066139919,0.391455146674438,0.3999804641572536,-0.44944367792132267,0.14290447721878088,-0.08868467516157677,-0.5885878147567697,-0.3638592816944254,-0.5721851830730338,-0.32322326516464095,-0.307511934675117,0.2844486243639406,-0.5182982275665411
-0.2273299073304299,0.21270676570429167,0.47240201672792304,0.20969039572777878,0.3258762588497024,0.6022539571599683,0.5223889144042579,0.33936266564519607,0.5694545064355023,0.559228392844401,0.5665689600932879,0.8226028654205236,0.4103686666318675,0.4792575232638792,0.6201899507837515,0.5428508408679324,0.0,0.05811229825536022,0.6941424053901392,0.7212664863972077,0.6148849630162808,0.63228620736747,0.7123857545869943,0.8011117945508196,0.7913940000693978,0.7287207621691821,0.6734972243598756,-0.010135545063275195,0.7920036511896786,0.6083951897329816,-0.48376182619697644,0.23359781104500904,-0.5073600343362533,-0.3831879095645719,0.47667938151878486,0.3314799923014179,-0.4844197153131158,-0.4022801840615374,-0.4287117077710392,0.16441549363652472,-0.6264286204042229,-0.45533774640854174,-0.5702330048174107,-0.6151250226135422,-0.6308399704431553,-0.5318463936985082,-0.6737483222230808,-0.706938265119964,-0.1034146903954156,-0.5312115697525475,-0.6623149590651883,0.21167114807627088,0.44551026678239947,0.25587279735690877,0.41268017268407586,0.4930735470993493,0.3052819099587257,0.32747184864379986,0.7349636334177142,0.6844019083302917,0.8070784203319923,-0.046898551799463305,0.4756745520821744,0.3820777549534035,0.2131275087708369,0.5278916383190616,0.4585563929820312,0.22836869297010687,0.4018214973022107,0.15540125899811127,0.6850518389156299,0.5751522977619777,0.594032179411904,0.7124089080881278,0.7966024886069947,0.7176418919395914,0.6443392449140393,0.7070732140941854,-0.589346176460031,-0.2602677862888455,0.41584381298245465,-0.5981448826327174,-0.7040508695284793,0.3831034566449881,0.3577010424195527,-0.03303718269969315,-0.1797745644442356,-0.2626627312946538,0.2342393846222678,0.17083596619841324,-0.6098738421372294,0.08445239113871,-0.25492050100106267,-0.5841553251513255,-0.5607623979176424,-0.6108894865255268,-0.5981301422850808,-0.8384866786811492,0.15654902968677634,-0.5977887463304783
-0.09005669915870601,0.3053962619343245,0.4568115951616046,0.167522500763987,0.4058412233850323,0.47829061128380224,-0.03624481284808777,0.5659266802149725,0.5887490202149874,-0.5928827927102694,-0.5189863784125717,-0.3315975857925558,-0.6211946462627057,-0.6529277072276832,-0.5343218854669212,0.2899545407715021,0.05811229825536022,0.0,-0.3916719053793955,0.3301655260983057,-0.42377636132285107,0.5426444340475414,0.05093634208453258,0.09629212751356855,-0.02458323058693365,0.3767676083915278,0.4055701230052881,-0.6396313558718991,0.1359736741058605,-0.3237844667804763,-0.44239320900823864,-0.5953563772461726,0.3279536270232955,0.48911125419913387,0.693468174344749,0.7691725449606992,0.33689899164150916,-0.6007374224840791,-0.539936441494373,-0.5731207951252182,-0.14236117188590475,-0.48622006658179184,-0.4127601754790847,-0.48055038657015237,-0.467537290682716,-0.5601401215053969,0.16120305467760923,-0.20351716265740744,0.7810733214129042,-0.4411650255016591,-0.03857499477298748,0.209802774361487,-0.0903813038670748,0.2087586839128175,0.5203970747287466,0.493995547633905,0.373045286367656,0.5041779431114709,-0.3529809594043405,-0.4489459659859625,0.09428581160267736,-0.7871024833473135,-0.4369292185233997,-0.6030216812458491,-0.6788934059546604,-0.47092955028593464,0.20300518192655756,-0.6970948697507855,0.7693015209134215,0.8480662481996127,-0.023882621151865808,0.5999649522130429,0.3729266812418189,0.23682122274463965,-0.21905735256511188,0.4444886817629639,0.4485291590026893,0.13026085240909893,-0.40820735392254603,-0.5874877455111769,0.7187904580496265,0.20603992205509208,-0.042886044093093025,0.7356992366915905,0.6518054699886101,0.7680031246566739,0.6545785717746041,0.5180369943637371,0.8160570799488363,0.7912051999975217,-0.013171935903103744,-0.6546054025276556,-0.5818703043989307,-0.19578515092474089,-0.32894183163936613,-0.4477093846841745,-0.5192623162430987,-0.07352468698999426,0.8273035919434628,-0.37903536917315694
0.04955326332144703,0.004520878317223378,0.07912927772462125,0.03636590645738599,-0.06397591994792881,0.1819654589959445,0.4862586211622252,-0.09277063768365586,0.10652896507659575,0.8857369358786217,0.7653372248912722,0.8652241009528859,0.7823271743481137,0.8835055550428881,0.8741733190569719,0.42172213327455194,0.6941424053901392,-0.3916719053793955,0.0,0.4123524637856116,0.7603709541323425,0.13821595536230438,0.5256760083556581,0.5130929775935188,0.5772594147414065,0.2503872746090916,0.20420509352041138,0.030521206316704165,0.48390409895327136,0.5944911937765992,-0.024500175318583613,0.6395009337457211,-0.44051267383026266,-0.5316377844265968,-0.040234142332981414,-0.1868799962072485,-0.6761042939712498,0.1528451873013486,0.12829958531054356,0.6267893408351554,-0.31862536945987807,0.04488024823355119,-0.07803522060269581,-0.1875640649859272,-0.14747232593104498,-0.003974354806614891,-0.49555555199768087,-0.4283735125995516,-0.4757881038634023,-0.0692066070510513,-0.16089741503447208,0.06051515220261763,0.48022592368272915,0.005908077008255777,-0.023401896458581473,0.09874674771898206,0.03968409908933372,-0.04374977990947331,0.7451552015430272,0.7410983532066445,0.48697606974617896,0.46831640857582396,0.6577395240577566,0.7282073662531724,0.66587235619114,0.7064649967102996,0.3981216075587921,0.6814995026675339,-0.035440480424842824,-0.2669929621250397,0.6648090417867125,0.08405135402987085,0.31898575951067953,0.44625895668632226,0.6911601753408704,0.23322127375069232,0.19379438833078083,0.41787532723863124,-0.13483347490797995,0.27846134664934324,-0.12504788314539872,-0.5095826341325682,-0.4262446512112625,-0.07053158251385296,-0.14644617894261935,-0.31323444562607644,-0.585724170094799,-0.5938236028736879,-0.24067393851058064,-0.255716329961076,-0.33597193197295944,0.5910756473372197,0.3088764038310667,-0.25265649097549653,-0.12791750191140097,-0.18005918343605085,-0.07748251383144986,-0.5181384657192661,-0.3019094544929349,-0.16077862357167946
-0.3206791174893782,0.4977084091121297,0.6824566738074161,0.4151396834398884,0.5480205150314796,0.7632338427002257,0.6460186914204885,0.6321406453769144,0.7738776928273428,0.35020775256139786,0.4140606101581649,0.6250313787682389,0.25823805351462475,0.29747766357248473,0.46900760595943786,0.6774227848482212,0.7212664863972077,0.3301655260983057,0.4123524637856116,0.0,0.5080689142210639,0.7507578515910736,0.8061398641741994,0.7946733146199267,0.7492277826994098,0.7672842863851477,0.7731638566312495,-0.3444830086787543,0.8056137235809655,0.5848880587595896,-0.7123332011109449,-0.0678874783870324,-0.5011854867383052,-0.3548022062152678,0.5850049552226333,0.5033150201372587,-0.47509555446481083,-0.5760415483616402,-0.5606836179067858,0.09986515967518636,-0.7247157077688227,-0.6401783465551344,-0.6506904803833939,-0.774633756715689,-0.7128373136891062,-0.6291319573085926,-0.5964239221377123,-0.7979767553409046,0.10473796703167836,-0.7033016043255867,-0.40466875254165946,0.57105699520442,0.6373370536721474,0.5489985982466417,0.6608399031730263,0.7420790460249633,0.6672076539064464,0.660859914054944,0.5969269454398474,0.5066018538640272,0.7863431578290964,-0.2659391677887218,0.4626267782132606,0.2589393450555477,0.055296938512022074,0.45006033385607974,0.7259386086590275,0.012868776035685025,0.5391715857346161,0.4362689057188082,0.7781947325650441,0.7397110533848942,0.8392473780543693,0.8424195287823315,0.6693739129763221,0.7649279294210003,0.7871945251324107,0.7880211627882695,-0.7399782993924282,-0.4857588215398266,0.5559270772967159,-0.6046376468943002,-0.7271621782931115,0.5563876735099104,0.6103405904340844,0.3502836563084565,-0.0821526466090875,-0.23407833216970564,0.4959384082067396,0.4068785252381303,-0.6761620167417443,-0.058328163996768684,-0.34639347669997433,-0.7409565237909225,-0.6135024003497836,-0.7706577474110267,-0.6254806304085235,-0.6706750664748126,0.45787672286389086,-0.7379280618553793
