0,1,2,3,4,5,6,7,8,9,10,11,12,13,14,15,16,17,18,19,20,21,22,23,24,25,26,27,28,29,30,31,32,33,34,35,36,37,38,39,40,41,42,43,44,45,46,47,48,49,50,51,52,53,54,55,56,57,58,59,60,61,62,63,64,65,66,67,68,69,70,71,72,73,74,75,76,77,78,79,80,81,82,83,84,85,86,87,88,89,90,91,92,93,94,95,96,97,98,99
0.0,-0.48248196014245875,-0.6218403416926608,-0.4683564814933643,-0.4724360581025586,-0.57399981804663,-0.08652414987137415,-0.4526253153635538,-0.4578294145227787,-0.7456188866752783,-0.710689950961879,-0.7615228834012465,-0.7094743410388036,-0.59273398533708,-0.7158261674250777,-0.28749017430028195,-0.7515757039814333,-0.25622963390828357,-0.6574801783893693,-0.13570092057836514,-0.7477390273895507,0.27530187715626125,-0.7133572546059882,-0.768682469567859,-0.7435612864841924,-0.7730909398538283,-0.583592837722056,0.016397549000661423,-0.7317150574448114,-0.7579098232745689,0.805659179371047,0.6311754773920522,0.705927013510087,-0.43747029490842143,0.5136542479872293,0.6581912105778548,0.6968944313400045,0.7374761945312094,0.38200417756685096,-0.7410884019011158,0.6846686335476517,0.44109367023356144,0.32325237092543696,0.7744019072519013,0.6112277959857932,0.7055853175079705,0.6897040225457781,0.7251451627559663,0.7317697012618749,0.7482065110967127,0.7946494127451245,-0.4825529735746577,-0.44356532139999777,-0.5567546323690179,-0.5848593473779019,-0.24377751822210372,-0.3535598461973964,-0.5639675720824758,-0.7502122228843572,-0.7497155904003591,-0.7413844037699012,-0.7028235107503875,-0.7351195979147326,-0.5215807121436025,-0.6733129479757604,-0.7191663628694054,0.768886688538635,-0.6642351452008461,-0.5834607694382223,-0.30378160196545123,-0.7322475893314926,-0.2021154952664697,-0.7196199418312352,-0.7305151024294732,-0.7628459558095735,-0.7507310493546226,-0.7319023184873923,-0.7662683651510809,0.7785765754877083,0.629931687536879,-0.3584917220950431,0.6470424088610196,0.3485774330088155,-0.5252684148242994,0.3657893331744431,0.5871507226849587,0.65595498533998,-0.20105115462448023,0.3184613017067313,0.32462484924074964,0.7506896447805289,-0.018243599706673733,-0.16941380814935686,0.5750733596623564,0.14223640790034742,0.79195105587337,0.6995811577517422,0.711401806369131,0.7298009121542451,0.7374989017033481
-0.48248196014245875,0.0,0.8243703260836883,0.9116115332961374,0.9107650340054001,0.8272137802081809,0.7191514859145507,0.911602137395758,0.9074602870960359,0.31350119390473075,0.14575447980090342,0.2869559345134817,0.4880195071634986,0.4126383516992631,0.23777794681114656,0.8800994504053248,0.3124719880435969,0.8081888683044076,0.3723402601228483,0.213652097659339,0.4089981897901899,0.07554727585145653,0.5502445920774061,0.4102091760755288,0.3788495230790905,0.317591000251651,-0.106130907002291,-0.7337726137318917,0.4047687657631121,0.4814402166426648,-0.3180353288091678,-0.4706881561976062,-0.44360070530345264,0.29473949537186256,-0.6115653930889163,-0.4633959624314352,-0.6981212866457185,-0.5131459850991725,-0.3808972690580927,0.5079898571193855,-0.5838939482531798,-0.8088323692780047,-0.5122198968800232,-0.6345888235992599,-0.8460079964304948,-0.6240472145822488,-0.5883861342240866,-0.671696586283626,-0.6355004368348519,-0.6347613919206037,-0.2327077094280047,0.9040128303641453,0.9006364137402699,0.8712775983082955,0.8475476493672777,0.3466786258938059,0.92043316775407,0.8713270695104989,0.26607103064566867,0.3568335073598123,0.25503140635408295,0.42118268753788923,0.5801294326711328,0.46112983402966584,0.5263075410434953,0.3546025653928896,-0.4035297724194586,0.5784952339059191,0.7413919607627136,0.8636859159289754,0.5670094636396263,0.46586662482944036,0.6418144585134903,0.6270454913655457,0.45686128749935667,0.29706768865067634,0.5298039310773902,0.47677866647010964,-0.13972077772176156,-0.5515943780801046,0.25870592742155024,-0.5209995599695044,-0.6305555871472193,0.6369518334642469,-0.4376076882269842,-0.30786859469178396,-0.6718441878056194,-0.4699395058434276,-0.17147571063688782,-0.20716634170646267,-0.35647427572990403,-0.28587808579056767,0.627090171326849,-0.10079932231598616,-0.0021633005943737017,-0.538066922665969,-0.5246229318212037,-0.39744260472865905,-0.6418491692712821,-0.5712325162735261
-0.6218403416926608,0.8243703260836883,0.0,0.8837387285226093,0.9035737580778521,0.9232821678415679,0.6329158193690195,0.9000867138830755,0.9220674297961465,0.5419615223750932,0.3572757100625227,0.4942856436459016,0.648458961832734,0.5128044162102843,0.43565135487521467,0.7804255425152187,0.520672754913702,0.7536640234518162,0.5070053710758214,0.44000788211755526,0.6084430246733489,-0.066964931468826,0.7129689330754825,0.6316106116068608,0.5947094007956739,0.5624329733067754,0.23012531657337837,-0.5122362931108497,0.6550198101849571,0.6704658840070872,-0.5034618230697505,-0.5942129421112785,-0.6344074643204861,0.35409809993444,-0.7000701451849981,-0.511731708292442,-0.7525796463173143,-0.6799275025605158,-0.41799269602451944,0.6959601671429171,-0.7257497500160374,-0.7708754842846928,-0.5468835368189939,-0.7243515217155716,-0.8479681010753995,-0.7509640195470613,-0.7353952888328278,-0.7671283213395536,-0.7320777847341324,-0.7596962606899827,-0.40792982805670697,0.898857775820751,0.8652618433489903,0.8854656139732564,0.9134200578639013,0.5419483034978013,0.8720751653257051,0.9143508421947754,0.5101147446121352,0.5577612005461415,0.47820098383803045,0.5836838859483284,0.717768068599907,0.5202181881861193,0.6339882160723868,0.5343317723059937,-0.5586903809659718,0.683074603315925,0.7932515367701588,0.7975282942087523,0.7423841000197696,0.4857124308044139,0.79795399422956,0.7879617272537722,0.659610922607665,0.5516179764507971,0.7538656972360115,0.6752048109901112,-0.2911100750553565,-0.624948032386548,0.39177322933989367,-0.6407885900306978,-0.5111173059425222,0.6953905318278839,-0.2980948217602025,-0.43212937010497693,-0.6982160251910742,-0.17696447380002156,-0.10525901547812197,-0.15958727768914707,-0.5267627874204105,-0.10743122607866143,0.6381100137532254,-0.2663361603703313,0.0003779759410615051,-0.6356367416205426,-0.6171446060325929,-0.5331336547505618,-0.7264949863799667,-0.6823272750976674
-0.4683564814933643,0.9116115332961374,0.8837387285226093,0.0,0.8687635627792464,0.7770946809518288,0.668517109806615,0.8579672361595723,0.8608562672932107,0.29260342173912934,0.15007549626510935,0.2685971721533281,0.4725052401409754,0.4440932647988287,0.24896359018265204,0.8445178030016907,0.3004818640814419,0.7471414040346132,0.3797646061996498,0.12569883351374167,0.3910898711127575,0.08093822703623942,0.5167641830929162,0.3598951536630825,0.34843951229482645,0.27806536751188377,-0.14297487028198802,-0.7050450671115457,0.35125710889229855,0.45486841127993216,-0.2955379785505911,-0.4440729635352105,-0.3854021713902084,0.26001438881194133,-0.5735657987822601,-0.4647123397414891,-0.6681400522208709,-0.4136298345251906,-0.3144005104287976,0.46082882286219357,-0.5425698015933355,-0.7621383271829396,-0.4996376805006331,-0.5880133016639,-0.7981553596214148,-0.5763475856779434,-0.5359202045948336,-0.6274268236130737,-0.5914331505024449,-0.5831717404745794,-0.24126936255014145,0.8553064147026418,0.8626610468635428,0.8356769511964722,0.8025524385917792,0.3053688520021382,0.8676019399829357,0.8265078889909498,0.23621315409249596,0.33853983136656723,0.23431638153425183,0.4097645570352484,0.5571706605539819,0.47902524118067136,0.5174072950163431,0.3629967592865144,-0.39387174564092126,0.5571351976377706,0.666249707242403,0.802942829772271,0.5354732498570521,0.35162366119330324,0.5940486145911453,0.5705986670221826,0.41606662982809106,0.250080940218268,0.45909565145367726,0.43825149196066177,-0.1485088729248737,-0.5796741019093175,0.1258246072449068,-0.5204949642963604,-0.6991668876350118,0.5456036143651531,-0.5241361150858816,-0.33522359393869533,-0.6606263576982043,-0.5513964815872651,-0.23918637534553747,-0.30158253858271455,-0.3452357161028094,-0.31891758216320637,0.49806669688867655,-0.16152816810186751,-0.12716320512715426,-0.5257227725381599,-0.5324535202105815,-0.40418916231798796,-0.6097182581664962,-0.5473584391425391
-0.4724360581025586,0.9107650340054001,0.9035737580778521,0.8687635627792464,0.0,0.8339737939362711,0.7224416231685901,0.8988603159018401,0.9102423987053705,0.3066820315801957,0.1327683668279572,0.27273585227916364,0.46900630402045684,0.40561456639893134,0.23610764650635152,0.8596138427192538,0.30242285269029295,0.8121648891226917,0.3613864654590917,0.2916073865858375,0.4027782876517434,0.09127786102085618,0.5520363954237658,0.4034686368676327,0.36612567662595535,0.31890094856806334,-0.07088052950356435,-0.658667435073018,0.4140774978474192,0.47464418798019514,-0.3060595524243571,-0.44955328824828433,-0.42579310311329244,0.3083589013516413,-0.5902722156469861,-0.4074001150113255,-0.6561817758109493,-0.48743024006140667,-0.32358688831493865,0.5019011283747826,-0.5576699441647717,-0.7672558654945332,-0.490869905843389,-0.5992396790001973,-0.8051798178982983,-0.5967028841111953,-0.5615233151023126,-0.6338033058986801,-0.6043248678708509,-0.6069316463039572,-0.2164393325871959,0.8856671304208824,0.8766617426856086,0.8494686370276205,0.8405551572732843,0.4264848695721154,0.9056341683175277,0.8641486359256909,0.2572186324695244,0.3403799776710308,0.2404577645062192,0.3992116868466279,0.5650253630886991,0.4455606815378596,0.5136904207063289,0.34885104462701844,-0.38022203607560334,0.5615660520981702,0.732640978297273,0.8539195672686014,0.5613667422063705,0.476766023529563,0.6337339551345111,0.6146234137599349,0.4432431164061261,0.2935687776937269,0.5359076381146564,0.46940209306032454,-0.11640523747076484,-0.5318534076343808,0.2785934858895018,-0.4944066956868188,-0.5854981078178612,0.6255061911961559,-0.37353506142671344,-0.27591882237527676,-0.6325803323869253,-0.4072280851538128,-0.12006948483798494,-0.15982323178411045,-0.33571604656741966,-0.26091525776392616,0.6350912211597863,-0.10127292299464226,0.004802387576084234,-0.5065174871264682,-0.48597584351091583,-0.3625100781831904,-0.6105456336901035,-0.5405577635932142
-0.57399981804663,0.8272137802081809,0.9232821678415679,0.7770946809518288,0.8339737939362711,0.0,0.5189204623010008,0.7353220325782468,0.8012021704203242,0.42019264152929403,0.24415409779052544,0.35680084008284924,0.5131613434987409,0.39184896151345755,0.33657736384783915,0.608998225185093,0.39510707678532914,0.6157183115399422,0.362573722301544,0.5534797038368932,0.4864938981976378,-0.08923576240554613,0.5609154150108382,0.4961705769191628,0.46943463625218573,0.43445338653178983,0.21236648160947308,-0.35524071025609677,0.5657233852587449,0.532579648844442,-0.38548358922703296,-0.48588819556038704,-0.5044305851628472,0.22709126071933425,-0.6083853540034302,-0.2906502565337186,-0.535712148393097,-0.47050299188574995,-0.2558621383062393,0.5403694362621279,-0.5788126970730034,-0.6215832129201481,-0.5181910006479835,-0.5384412589203568,-0.6523610625848146,-0.5936554226774485,-0.5828984888414634,-0.5743615524908547,-0.5217198168662309,-0.5700005597567499,-0.2876944378392489,0.7331645756761451,0.6839544141528016,0.7166108796056172,0.7687299643178152,0.6592676602530184,0.7041432231614354,0.7583326084864828,0.3963266166137913,0.4144501706922059,0.3502618896177952,0.4379282202173828,0.550569729492513,0.371884282530764,0.4734221961286396,0.4157734424021038,-0.40244463621372994,0.5050690449784411,0.6075986288505967,0.6402313689132868,0.6085364335518786,0.3433662124952982,0.6358008158545245,0.6156689057842973,0.5147513710919072,0.43446853047132333,0.6288333395601459,0.533777834529179,-0.1712818377118617,-0.5071647380675264,0.2827164074571534,-0.5075620391742492,-0.39074933459976674,0.47673059008751145,-0.13726947496405714,-0.33207051028830586,-0.48496602833242697,-0.09236451774350979,0.04738816811474016,-0.059958914328216144,-0.3717649215934895,0.04364075453001459,0.5435781329716665,-0.23352408030508065,-0.07512733092855373,-0.4656920961178341,-0.45940843673309417,-0.38565909938511145,-0.5159205646128693,-0.48625664049134143
-0.08652414987137415,0.7191514859145507,0.6329158193690195,0.668517109806615,0.7224416231685901,0.5189204623010008,0.0,0.4850982279764346,0.454440709907023,-0.0065726846211191245,-0.1042334000078914,-0.03600105349526494,-0.04267243073029656,0.2191556834455083,0.047729119289819585,0.6261137206385706,-0.019796898342687778,0.6659106584356652,0.2496676130845894,0.21009017820078044,0.123273522093396,0.5434096340983293,0.32130005104520193,0.07694261131356729,-0.02267268957458177,0.04651471110066146,-0.13092700405214666,-0.20033298540533861,0.01375897590999388,0.12636713472453942,0.15542938766657852,0.09044969427681836,0.07857206129063228,0.47797406686301597,0.02763714622075156,-0.13847013960568821,-0.2392885209532487,-0.07076096572626803,0.3324122693606587,0.23998409247261357,-0.03652842338954525,-0.21782548353053865,0.11512876932019937,-0.07208726466591543,-0.27717768077892574,-0.07171063317386701,-0.03621256586246562,-0.10782898310057762,-0.24513061497636346,-0.1751081719276374,0.11837203567608852,0.4624693683782364,0.5173517345302477,0.4019214016050036,0.3993433911877375,0.11160422208144638,0.5540536169579401,0.4168172044263835,-0.04503370930689256,0.01713485132095408,-0.07418324076072393,-0.06065795004669764,0.1964956174202945,0.3993516520017026,0.3290189810215537,0.11255567212253105,-0.000955099784256571,0.36632510613312985,0.50272318667277,0.6094597068401448,0.1702628955903089,0.567198253835534,0.29705651705277997,0.2716842752676952,0.08262988513375417,-0.03542904054945773,0.15709218041364753,0.12738082776777077,0.27839390765620303,-0.13293920385808536,0.3213126488414065,-0.03757236797782286,-0.19363194443687692,0.5148066842046936,-0.1553770104553357,0.1193987359320166,-0.2612799643746911,-0.2584929192470307,-0.1273738864165934,0.020668542889243156,-0.005480391892749156,-0.40320976168970446,0.533742247536173,0.24143730151062556,0.27713118895816596,-0.0399510407422042,-0.042184494845981135,0.046688434407162326,-0.2435762799896106,-0.18106006980863038
-0.4526253153635538,0.911602137395758,0.9000867138830755,0.8579672361595723,0.8988603159018401,0.7353220325782468,0.4850982279764346,0.0,0.9160149709792056,0.26198103422084246,0.06513034929788328,0.22156366689964435,0.3991408397455886,0.3399153047151235,0.19020099948426525,0.885159849268685,0.24442771421978077,0.8668741624199712,0.3289953175159048,0.3625869117443527,0.3793054652142743,0.13274534841763896,0.5386723167807176,0.38099276318453845,0.3307108706519327,0.28655172364590165,-0.1062844339705185,-0.6963439623368618,0.38056312879342474,0.44137641515740234,-0.2614534285568355,-0.38113427791578125,-0.4004943956893653,0.35065050545143656,-0.5611480851819015,-0.37657752059236965,-0.6454786800543929,-0.4932268425190387,-0.3301500998462196,0.4787645371790544,-0.5323064652534802,-0.7613286638004417,-0.45808554617508757,-0.5908461017262454,-0.797174504006357,-0.5802076082392881,-0.5404025918089288,-0.6061970123167745,-0.5904361999548159,-0.5920509991784232,-0.15986388859809872,0.8918819893156534,0.8826981598252791,0.8341008991790076,0.844779695430209,0.4057994116992359,0.9237374556924092,0.8587406665314643,0.22331736558131432,0.2950326189372703,0.19534518833016767,0.318676779174769,0.5182372944030965,0.4144332391689796,0.48928210468137345,0.3027431799915643,-0.335046321365895,0.5467308921803155,0.7721000334148658,0.9037201017044615,0.5358621250752241,0.5420529923002048,0.624646055957797,0.606838215349045,0.4188865060420083,0.2681789306961845,0.5242419490762618,0.4413449331237543,-0.05509471087030837,-0.4656774484560992,0.35260599955123945,-0.44021061596599986,-0.5225158334503721,0.6576163623365329,-0.33395387411893585,-0.2068159101320552,-0.6110233170078768,-0.4113304961968469,-0.0778359617232177,-0.09936490714858603,-0.2791938306192125,-0.21280558738572017,0.7056338944278056,0.0024594470422695286,0.09730343595318551,-0.48031168535064744,-0.445089843418441,-0.30898752511836286,-0.5895499001652579,-0.5154904363759637
-0.4578294145227787,0.9074602870960359,0.9220674297961465,0.8608562672932107,0.9102423987053705,0.8012021704203242,0.454440709907023,0.9160149709792056,0.0,0.2440636128097193,0.055845573003511194,0.18674362759001448,0.38570771414648064,0.2616582095167398,0.16545381462779282,0.6925578154148145,0.22263121020833268,0.7035475989283567,0.2280872989051384,0.4663314562193224,0.331139785223065,-0.006893654915016113,0.4445852201099528,0.3340861722349646,0.31234020616853786,0.25647223119731444,-0.046035143626534714,-0.5474781833913954,0.3944742977023563,0.3903184701396268,-0.2948902638638438,-0.3951559405380484,-0.3883156299789261,0.21645179496303849,-0.5642389809012279,-0.2166561177533111,-0.5013480747850934,-0.4038260354605224,-0.3020397550045727,0.38983169408377616,-0.48752471525833746,-0.6591787203962488,-0.5046906405040572,-0.5197383537507616,-0.6729667289645035,-0.5247832075305405,-0.4944811396375994,-0.5212220437520091,-0.45546566567453595,-0.49210109779070116,-0.16158399844041338,0.757210809208766,0.7155540891192004,0.7121244406440433,0.7561991894967236,0.5756453562377293,0.7652020416114842,0.7567580778664655,0.21199051082996812,0.2521161823330865,0.17407716602051,0.2910552367674458,0.4355522766458135,0.26912023789421524,0.3702104613994466,0.2570632612079325,-0.2811789380655919,0.4099167130807079,0.6178274515339293,0.7411789425368149,0.48085487898122353,0.3717943731891282,0.5289117625449784,0.5043352156483784,0.3644620690974867,0.2629181881350124,0.4926464433342806,0.3904990150176119,-0.0969519048180485,-0.4194927980730849,0.27075455701094747,-0.38894225531795545,-0.43709673625588935,0.45722651145560533,-0.19589321317064096,-0.19265050933284306,-0.4581982645241871,-0.2717622743917346,0.06795074609236962,-0.029664162820653258,-0.22649354209724587,-0.010060467729691769,0.5767505844145179,-0.0819292075922459,-0.009182439858430633,-0.42496619647542744,-0.3744852752258426,-0.26211837986838094,-0.45964247201647324,-0.4011720976144353
-0.7456188866752783,0.31350119390473075,0.5419615223750932,0.29260342173912934,0.3066820315801957,0.42019264152929403,-0.0065726846211191245,0.26198103422084246,0.2440636128097193,0.0,0.8803924783482081,0.8772957771493759,0.8109081454908169,0.7159351865753453,0.8458343216184627,0.10526923761864848,0.8755789532864556,0.02832873734840047,0.7331410134264648,0.1834312262693999,0.844333838725425,-0.40255994131464345,0.736705300334995,0.8495695139663698,0.8582811177982438,0.8825256110018119,0.8604662247650364,0.23649752816527522,0.8246128908075683,0.830064479523234,-0.7442540844576043,-0.6343309834398335,-0.7391646202685708,0.2628092868454387,-0.5113058268980442,-0.6846790552961538,-0.6315771377981287,-0.6374907165291067,-0.27274031187677167,0.8084863246140048,-0.7125215511904858,-0.24532683062000293,-0.32231103467049027,-0.6151132854936493,-0.4483938388911885,-0.673260091374216,-0.6961375396224635,-0.6699245829520213,-0.6749836173556648,-0.7094552186460693,-0.8197533534719382,0.3553627612631154,0.31557347275870085,0.4761820097572367,0.4997697808386297,0.31732352234240324,0.19113704652399918,0.4574966298757135,0.8873656873558905,0.8739005687354907,0.8867992443910478,0.8484431046071382,0.7832474879581287,0.5871056285133978,0.6869898512247494,0.8329789872127685,-0.8134014106361002,0.6686410653060956,0.37358669674460016,0.04555868796874844,0.7899294814093666,-0.013918646312019558,0.7328705481505973,0.7444411390660004,0.8435363561475528,0.8683795108117841,0.7563723514517278,0.8329053171387865,-0.7121583215894512,-0.6778778557787417,0.1500569263777265,-0.7673183433480856,-0.2881840641585239,0.37244858913469214,-0.27408493727688454,-0.7783271201828729,-0.6010768812275691,0.30499792882396043,-0.3625499547476957,-0.42284055355372013,-0.841090149719057,0.08019485615672778,-0.0318009408298118,-0.7440751114759251,-0.3060562587726921,-0.68836065224375,-0.7277698277469034,-0.8111629408302531,-0.6702784842644691,-0.7362691709561663
-0.710689950961879,0.14575447980090342,0.3572757100625227,0.15007549626510935,0.1327683668279572,0.24415409779052544,-0.1042334000078914,0.06513034929788328,0.055845573003511194,0.8803924783482081,0.0,0.8162205358224013,0.7014598477204046,0.7084981535742646,0.8310481117814388,-0.0599184128683453,0.8335774968806394,-0.17781729760651854,0.7274394195137683,-0.131845537424239,0.7505281543095891,-0.33933355223019046,0.6089262077535204,0.7113753413737312,0.7428229907205344,0.7772471564306441,0.7709909579996599,0.3496730768224285,0.6427580070142181,0.7138372304542437,-0.7000053799356508,-0.5066065724869903,-0.5691671243269302,0.26226500652356566,-0.30457137381687854,-0.7077813113555298,-0.5270977472788285,-0.4754231494011237,-0.18818384436011346,0.6658263626465826,-0.5432915079158168,-0.05181766644792078,-0.14105313166466288,-0.5010547788962646,-0.2807749433641522,-0.5016452421597006,-0.5119968397650255,-0.5219076122275956,-0.5625995660726104,-0.5632533969305812,-0.8466700974295654,0.13454273088189253,0.13200668348806208,0.29718637882904403,0.26424957584857606,0.00673632407211201,-0.04147314969874318,0.22664732946939084,0.7993406191485282,0.8003705727108782,0.8174933595876942,0.7700768917393301,0.6738547746477419,0.5875201058068991,0.6282030963351585,0.7929893889388347,-0.773133373126504,0.5891013670117445,0.19751377212231092,-0.16344081485845316,0.6360920356176889,-0.19126275325138806,0.5627977334549646,0.5660720888639469,0.7066630184759729,0.7376611761746856,0.5447918813709441,0.7056968905407436,-0.7977548716346925,-0.6289092632507525,-0.043898565242453044,-0.6684927640671562,-0.32426287216995814,0.21341224359904612,-0.43788915254702515,-0.7580547574814113,-0.5411157568850308,0.20294807658036199,-0.5418423533777971,-0.5845440570619536,-0.8017864228574287,-0.0361189903902721,-0.3469650368752093,-0.7889244683955074,-0.4165565504698338,-0.646389410939216,-0.6792316408776868,-0.7730124933707525,-0.5790806403781985,-0.6562794502838177
-0.7615228834012465,0.2869559345134817,0.4942856436459016,0.2685971721533281,0.27273585227916364,0.35680084008284924,-0.03600105349526494,0.22156366689964435,0.18674362759001448,0.8772957771493759,0.8162205358224013,0.0,0.8199714263053669,0.7199714324404385,0.8713561729312235,0.08559421275517895,0.9164809016758048,-0.012011233875061637,0.770259799149847,0.006343196451432009,0.8558196945235739,-0.387718320215205,0.7332873335769335,0.8622281530988034,0.8764340771378433,0.8984604195895469,0.8388649914419268,0.20061742990941436,0.7938547218931267,0.8361537898280005,-0.8114441110850713,-0.6104725607127666,-0.7481294135236505,0.3304755696262752,-0.46059499786692587,-0.7934563182165363,-0.6845626962320814,-0.7061137297837102,-0.3907507891798678,0.8121492396378334,-0.7134225931690414,-0.21059452540340345,-0.23948716107093815,-0.6826320029710183,-0.46711081303019875,-0.6835916067303702,-0.6964277140353586,-0.7048837165446249,-0.7303797555216542,-0.746568133055451,-0.9039475978126454,0.3170017856223905,0.2935762737839585,0.45669467123193996,0.44706929823691754,0.09667916504152718,0.14207419830289783,0.413432595593705,0.9108029597620273,0.905741438161399,0.9168067140605289,0.8803134311344883,0.7961124134836105,0.6122231367680091,0.7087323781345478,0.8513306347673312,-0.8759041878265512,0.6935034474235449,0.38692238105777554,0.01356814150081409,0.7749093577257141,-0.009153480394465799,0.7221438662453106,0.7433387280854042,0.8541385853645934,0.878498600767732,0.7281891111497576,0.8446114155637213,-0.8462951343415686,-0.6680182077737311,0.1646396861590666,-0.7668988979660708,-0.3074814015032711,0.42414392825195424,-0.3905308527105473,-0.7988003789868694,-0.6656522654584798,0.2605194582358699,-0.48846469537911946,-0.500576850597324,-0.897392820048552,0.005018913278657296,-0.11542957540027429,-0.7462066119117995,-0.2591683720319134,-0.766429194746546,-0.767217235045483,-0.8612089423316236,-0.730654499577774,-0.7927248447064297
-0.7094743410388036,0.4880195071634986,0.648458961832734,0.4725052401409754,0.46900630402045684,0.5131613434987409,-0.04267243073029656,0.3991408397455886,0.38570771414648064,0.8109081454908169,0.7014598477204046,0.8199714263053669,0.0,0.5273055301427373,0.5821785246658393,0.17353901605899524,0.7149984378323959,-0.0034714747955989847,0.47280339632911456,0.02099484879311877,0.6402032959190574,-0.5893011380747428,0.5065520910495371,0.6765727360197654,0.7582309511820545,0.6690670441477164,0.5063963286266159,-0.20158570649134158,0.7067893144381948,0.6804938973794471,-0.7041433702065926,-0.7366430848794204,-0.7448042589478299,-0.09013214799277061,-0.7066433642115609,-0.5976880797721452,-0.6103802872210162,-0.5907594490682477,-0.6097325931839429,0.6053417922753527,-0.7653459972526107,-0.4565135836976165,-0.5966707216721583,-0.6637144373857392,-0.5875930919034945,-0.7227669700928465,-0.7427099306813076,-0.7304062722079999,-0.5931416920127405,-0.6729709480857434,-0.6667812054761275,0.44771692009790687,0.38211456875698163,0.5542919280502016,0.5328340384723526,0.3102338146352728,0.28994061661191856,0.5097123316883052,0.7055897412328184,0.7223693437485628,0.7234172639848487,0.8235980385250842,0.6743613822533374,0.3566755472478729,0.46974014414018206,0.6148680414456371,-0.7167079460976234,0.46748563042922586,0.2636828236272227,0.10308586317874949,0.6805386729058509,-0.17013266380312442,0.5979906592173758,0.6127631009519569,0.7070501116735695,0.7049895057662974,0.6299664817256895,0.6777020458754067,-0.6641093042124366,-0.6490602370382547,-0.06741281479600593,-0.7659446396239108,-0.4445635590107139,0.2198948842291564,-0.32336815965011423,-0.7663399432777935,-0.5585774124008274,0.009442543678790874,-0.2461350146886502,-0.4070899673715765,-0.6986933440194262,0.14535572022767554,-0.012716597896368734,-0.6624785949149611,-0.39243290033074163,-0.661700661167179,-0.7124192920926912,-0.7653400122438866,-0.5976519807229311,-0.6397264551111793
-0.59273398533708,0.4126383516992631,0.5128044162102843,0.4440932647988287,0.40561456639893134,0.39184896151345755,0.2191556834455083,0.3399153047151235,0.2616582095167398,0.7159351865753453,0.7084981535742646,0.7199714324404385,0.5273055301427373,0.0,0.7089332126322447,0.3673740492875263,0.6298145489228761,0.22380246095995565,0.7813886852366474,-0.1602459055569992,0.6340129350948644,0.1751187238477288,0.6500127192841219,0.4929848623684329,0.4893881095148072,0.5345612183009432,0.42077465183404505,0.19033694077201846,0.38672445125178667,0.5962926461573428,-0.3308378833143941,-0.2913559509494569,-0.2467732382889235,0.43829158373314886,-0.16335359069320157,-0.6627671308111243,-0.5247048233576378,-0.17446984172796481,0.22213502587622794,0.5974834870635702,-0.36720694460460773,-0.14671390339340254,-0.04910043321383615,-0.3127401804995524,-0.33953771714624187,-0.32918893997304216,-0.32229175046159136,-0.384775700071444,-0.5231500765365051,-0.4506912003766791,-0.5624132644410054,0.37025477133103835,0.45225181032375955,0.4963498907276676,0.4212755244521488,0.017087259184995172,0.29810997229169006,0.4010377263287017,0.5047016648570072,0.6060764681306372,0.5295930435712024,0.5507871369026659,0.6383231972994733,0.8297407146282113,0.7377345115716303,0.7286781587496083,-0.5713672484113502,0.7186922115576632,0.352972114085466,0.19966895628048664,0.5543231367950938,0.02292098698898014,0.5665188061151609,0.5160501850314967,0.5142284339478262,0.4167669254063734,0.3817351103229153,0.5563726155200233,-0.3751099338111656,-0.6760057898351728,-0.15381011765260155,-0.5879994814929123,-0.6087246808948139,0.3438936814775824,-0.6363526557884522,-0.5924084614444264,-0.5992899923406837,-0.24052887094069778,-0.6892116081540373,-0.6804906683069636,-0.6118267813866346,-0.5149597223251208,-0.17913746897614063,-0.5965160788687918,-0.4338666496776054,-0.48150677014770155,-0.5766296444261416,-0.5724835331287895,-0.562946775266568,-0.5957523084615627
-0.7158261674250777,0.23777794681114656,0.43565135487521467,0.24896359018265204,0.23610764650635152,0.33657736384783915,0.047729119289819585,0.19020099948426525,0.16545381462779282,0.8458343216184627,0.8310481117814388,0.8713561729312235,0.5821785246658393,0.7089332126322447,0.0,0.11858556917580637,0.7501768542086824,0.08233086558422799,0.8005021831451367,0.08762161737164963,0.7572304463836727,-0.08899897565854151,0.6918535108603068,0.6613361712063577,0.6534160426173634,0.7198624881079037,0.6693793543396728,0.3516725578712341,0.5828438565869978,0.6941328062510238,-0.6198916018375978,-0.4261769567209613,-0.4578871880343068,0.4858856880392524,-0.2264127792869985,-0.6405039650225245,-0.53857224885716,-0.3875165708546334,0.0067700627382758895,0.6626831245198008,-0.4665151621333333,-0.12925187358716264,-0.09668402357659295,-0.4728671405998303,-0.30538245311681683,-0.4505583681355241,-0.43843145732854066,-0.44320323128528294,-0.545777581852299,-0.5318354005007587,-0.7648721945603711,0.23336472176236822,0.2640700586029253,0.3695011263460749,0.3643520910942339,0.1333010695122401,0.11466177096532075,0.3262918341790964,0.7117240655884094,0.7308910223615642,0.7097562245423784,0.6094816215539501,0.6660841513216466,0.7184355669344252,0.7280432840019633,0.7996603383879436,-0.6955281427154384,0.6859627978618485,0.3636367458363125,0.06075865130553975,0.6438497395196133,-0.027663099113916144,0.6145928018327361,0.5753454320584733,0.6567319205782978,0.6473469848772649,0.5431327623530194,0.6784319261729675,-0.6770739991576884,-0.6806507947133877,0.050429231366508905,-0.594681550927327,-0.4019597278160882,0.30944624427006867,-0.4838019637625823,-0.6206566566243878,-0.559355252496989,0.11648852341546344,-0.5168354957898997,-0.5771494986943473,-0.718352715401449,-0.1199451545688488,-0.24820735738148372,-0.7367590146139579,-0.41888048291824215,-0.6326732719575248,-0.6453890300828558,-0.660076645598529,-0.5692467611484718,-0.6401700821757176
-0.28749017430028195,0.8800994504053248,0.7804255425152187,0.8445178030016907,0.8596138427192538,0.608998225185093,0.6261137206385706,0.885159849268685,0.6925578154148145,0.10526923761864848,-0.0599184128683453,0.08559421275517895,0.17353901605899524,0.3673740492875263,0.11858556917580637,0.0,0.10896391505476355,0.8385533118198814,0.3448805927466078,0.07667615941729064,0.2336086331649344,0.491151593351414,0.45369150762093424,0.1876276202675918,0.10058840509404003,0.1240422523290984,-0.2269182086105817,-0.5120355362815195,0.10243501878381991,0.27253797003073055,0.008195573426538334,-0.07580780956328571,-0.08444870929784755,0.4866345258850936,-0.20269774548755096,-0.3654547209535936,-0.5066735889708375,-0.24621995096683985,0.02069824593918523,0.3599294154294722,-0.2422973802290058,-0.49183414722454283,-0.091800373525793,-0.32456510160352076,-0.5746436630105987,-0.28750002751654485,-0.24049053937072123,-0.3631351804582505,-0.4672554090775081,-0.3889609924913014,-0.018574349311840876,0.7297466154734027,0.7909631912325112,0.6880269632379223,0.6355352381997806,0.07612632875971262,0.809516518913202,0.6682351625060473,0.030732298807494268,0.15151516803093598,0.02939752254168794,0.15077596653127687,0.39232093849033123,0.5176171563157514,0.4753399137732341,0.22329136954355222,-0.1843365923626285,0.5262503551731704,0.6727162305676879,0.8150396864536726,0.3318599266096623,0.5936548043282999,0.4632754293653568,0.4379498510357059,0.22089254039492137,0.03703432437290847,0.2655844289699705,0.2642954146818169,0.13126051683849715,-0.3416072602903195,0.26798087998814907,-0.26029041528507285,-0.5005627112758256,0.6554084972950981,-0.43438363252496814,-0.058734652285302634,-0.5415321806426949,-0.5275385004414345,-0.29878944664261414,-0.18113178556898943,-0.16404853002326952,-0.5734102369767515,0.5553780728131094,0.13268435467701797,0.1751789757989091,-0.28268612329766546,-0.27595311855525434,-0.14718531288233377,-0.4817021812775496,-0.4015690138408362
-0.7515757039814333,0.3124719880435969,0.520672754913702,0.3004818640814419,0.30242285269029295,0.39510707678532914,-0.019796898342687778,0.24442771421978077,0.22263121020833268,0.8755789532864556,0.8335774968806394,0.9164809016758048,0.7149984378323959,0.6298145489228761,0.7501768542086824,0.10896391505476355,0.0,0.03601768053158346,0.6941861986307168,0.0736959170375749,0.7462826360676013,-0.27455509100666353,0.6589563427942073,0.7297217440897947,0.7325030335068259,0.7747704887223125,0.7156439941545583,0.21339107708198285,0.6856395732140692,0.7328281057703735,-0.6754043695243706,-0.548508887321174,-0.6095017691780353,0.30700617198343666,-0.3833222219657262,-0.6426536517672977,-0.5697483219220784,-0.5558772021533346,-0.26790672545626953,0.7056646540732672,-0.5942641680747129,-0.21490550526975655,-0.21602951175986193,-0.5487446944056089,-0.401711146859433,-0.5683138935928277,-0.570237910571921,-0.571257111166095,-0.5981366682658832,-0.6170423056573591,-0.7548066708822548,0.30872719388685727,0.28968830580142585,0.4340813209081528,0.4288658961745852,0.20267293788730656,0.1672629281681157,0.39574117691471433,0.764761984096616,0.7770014193879003,0.7797041103242113,0.7663052189637535,0.7095844604392257,0.5929738028519095,0.6481921247575712,0.7621790886742567,-0.7300091182693825,0.6208710485657231,0.3533922422773687,0.05618131738123658,0.6838907770694426,0.013950798488559773,0.6378676180593289,0.6458231165763021,0.7281067482424144,0.7330626175873713,0.6296791163178054,0.7329549565693917,-0.6836320991891979,-0.6241670303366181,0.12243233657612783,-0.6547009763905016,-0.31987179185858605,0.35966862123768406,-0.35051192311335294,-0.6668597054623993,-0.5539653224399311,0.20445206407908145,-0.4030465181060129,-0.44646161682238744,-0.7701647581344484,-0.055101567249770333,-0.12052598017576281,-0.7065802630969027,-0.28090368076475963,-0.6334403887900729,-0.6622873207388795,-0.7161523523194119,-0.6057957516048702,-0.664511058861583
-0.25622963390828357,0.8081888683044076,0.7536640234518162,0.7471414040346132,0.8121648891226917,0.6157183115399422,0.6659106584356652,0.8668741624199712,0.7035475989283567,0.02832873734840047,-0.17781729760651854,-0.012011233875061637,-0.0034714747955989847,0.22380246095995565,0.08233086558422799,0.8385533118198814,0.03601768053158346,0.0,0.2747369987667977,0.39819938456930465,0.20554828441062023,0.5123747381314356,0.4288225043477756,0.17715836333004836,0.050106828227728516,0.11809315212332966,-0.1402724606935704,-0.3457564187517715,0.116124262482422,0.21762658671816662,-0.008277062021927366,0.014261997485583312,-0.0548494434499251,0.6141456288646355,-0.10152059750859202,-0.17421539821038337,-0.38364272395477755,-0.2653290764591779,0.052119898875734746,0.3016057124999368,-0.1513459415198052,-0.4163518027355765,0.0028381476817350136,-0.2905444116488095,-0.4565772574456662,-0.22334161911915248,-0.16967276212691196,-0.2424819674347869,-0.3668465232943499,-0.3143226678831203,0.014977380039799506,0.6185553847007187,0.6539532357867613,0.5379607865353335,0.5739070572055972,0.2209928332349871,0.7111766726808497,0.5865058604295427,0.002383481172492164,0.07731231048257416,-0.02663155718308934,-0.011337009016282922,0.27472139460019496,0.38712205504045716,0.3997479843136358,0.15678638942842055,-0.08905154818872517,0.4497716777109555,0.7211699274942529,0.806672278834747,0.27792038500312494,0.7104051170549746,0.4162544952083665,0.3866584815673526,0.1833600303585711,0.04694556651870411,0.29628900972032773,0.22598420785961792,0.1497976123363007,-0.19113001193607537,0.5190877223459476,-0.08174654933174226,-0.23947149223151798,0.6643899921146923,-0.18901978433474778,0.1387023555662711,-0.3874367295279014,-0.24243655214661508,-0.0645090031358222,0.057406917072032534,-0.06400960449974175,-0.347958316282046,0.6212261823469809,0.22970524580967458,0.34635206661583334,-0.22768071388388458,-0.136112381269764,-3.8138641415809944e-05,-0.36571926061799054,-0.29297413091544716
-0.6574801783893693,0.3723402601228483,0.5070053710758214,0.3797646061996498,0.3613864654590917,0.362573722301544,0.2496676130845894,0.3289953175159048,0.2280872989051384,0.7331410134264648,0.7274394195137683,0.770259799149847,0.47280339632911456,0.7813886852366474,0.8005021831451367,0.3448805927466078,0.6941861986307168,0.2747369987667977,0.0,-0.035698245614750504,0.6952815803338371,0.2601802521926808,0.7397254632545833,0.573920266270065,0.5099641103851437,0.6197534426014846,0.5096070371134589,0.2763659899794539,0.44201650537542275,0.6411974314316002,-0.41952582470293365,-0.2634531616376407,-0.2924813569215861,0.6764438611613665,-0.0838464438925034,-0.6834516101915822,-0.5617266787382758,-0.32777022699291614,0.20211312179023885,0.6712834330755765,-0.35171366782797686,-0.16044178562106884,0.07394228899148762,-0.38710679737028164,-0.34252929825909834,-0.3486086575047502,-0.32570314643759907,-0.3914009222952258,-0.5888732541711451,-0.5028500734381287,-0.6290548321203864,0.3573391228838159,0.4377249687492999,0.46542949369155284,0.41918615139610527,-0.018486537847067937,0.29532000375556433,0.40114601743283035,0.5661494682282906,0.637103892048583,0.5745364288988101,0.5139403666969573,0.663243182054655,0.8697102395677,0.8151663548468981,0.7684027105490931,-0.6059136084192482,0.7866033720936996,0.5049589809344068,0.2648989573716064,0.589169776829303,0.22786934235891604,0.6284045009618426,0.5850014715607557,0.5693448475952674,0.4899951841271432,0.46915460015110755,0.6170520632170573,-0.45905799157644833,-0.6290627442613517,0.13253593190052423,-0.5200583642996934,-0.47354391216552555,0.5081754075013672,-0.5822420243638087,-0.49096785292355377,-0.6223722875622485,-0.058800287731490486,-0.6546368841797161,-0.5799885480848191,-0.6519495581451411,-0.48882263210491556,-0.07199543370312686,-0.5489925637952043,-0.24312961405071093,-0.5445322406035029,-0.5686509941897151,-0.5530354735522088,-0.6144639820496525,-0.6389289132252822
-0.13570092057836514,0.213652097659339,0.44000788211755526,0.12569883351374167,0.2916073865858375,0.5534797038368932,0.21009017820078044,0.3625869117443527,0.4663314562193224,0.1834312262693999,-0.131845537424239,0.006343196451432009,0.02099484879311877,-0.1602459055569992,0.08762161737164963,0.07667615941729064,0.0736959170375749,0.39819938456930465,-0.035698245614750504,0.0,0.14501469195020794,-0.060356351036266034,0.16818067669528342,0.1691301909938989,0.1170899406006146,0.15538006723448972,0.20541786693459071,0.08775966865594939,0.2860479122982931,0.13852965332259892,-0.14630245950304444,-0.18932967110974178,-0.18812993027392325,0.12627915208870066,-0.17601655360472868,0.21683869409331677,0.0023754982522448307,-0.18889010211073748,-0.08059031693736572,0.11631293068037932,-0.13773173536212954,-0.2256133814815278,-0.20352083129123208,-0.104640216139626,-0.09566013187407746,-0.15773841161524446,-0.15195452935256004,-0.04280591582574043,-0.0015815947034368701,-0.09066040717316284,0.0014232266697483454,0.15739911459112776,0.08147979685440179,0.08757042354324011,0.24241253496701312,0.650251285472458,0.16607526290099806,0.20565374454444785,0.11138957569418269,0.05368177418518929,0.048414629522166165,-0.02718258998131796,0.054901732467479245,-0.0739653896978988,0.044520124088246876,0.061667197973692696,0.016696397178133825,0.05313636979423184,0.2528944835097995,0.234278693383537,0.18359056916155325,0.2553583902145253,0.18645074405569012,0.15985060393585013,0.1443986935023275,0.18415279710274227,0.3259344570867782,0.155572704126519,0.04804138229403975,-0.06761080878520737,0.38053025569196164,0.02562653413908129,0.19163819061229243,0.12443116608081733,0.35173452011654127,0.12944917074609968,0.09499573377927019,0.37168833228621734,0.4619599078273647,0.32747111493974274,0.01744541216145902,0.41058542265509357,0.2895692108537769,-0.05586899023836012,0.08111436393884586,-0.03480106835076987,0.018058471325985936,0.07505423830223468,0.026101139626504795,0.01351490990583798
