0,1,2,3,4,5,6,7,8,9,10,11,12,13,14,15,16,17,18,19,20,21,22,23,24,25,26,27,28,29,30,31,32,33,34,35,36,37,38,39,40,41,42,43,44,45,46,47,48,49,50,51,52,53,54,55,56,57,58,59,60,61,62,63,64,65,66,67,68,69,70,71,72,73,74,75,76,77,78,79,80,81,82,83,84,85,86,87,88,89,90,91,92,93,94,95,96,97,98,99
0.0,0.4025146103762707,0.538271041979476,0.24343428065804604,0.3284934601825151,0.5461313989496775,0.4609876743234582,0.4977772386765367,0.4205651317113225,-0.07330375034211037,0.14807891327237535,-0.1256635408844698,-0.6275566844176041,-0.6356581383365177,-0.6647963300277026,0.3977139284755118,-0.6901433180087743,0.3815640763029901,-0.48730171031700714,-0.2407811522395238,-0.5488887331598963,-0.2385064102696825,0.04126225237675307,0.3702169251026173,0.4208309377753412,-0.04952264505952427,-0.4745405262025699,-0.5177746322862556,-0.7403521706670657,-0.28592665515092885,-0.22641681999381563,0.10373963831128316,0.14219421523338935,0.1078913358436188,-0.0040472266370046184,0.06675360033940073,-0.24809629362931193,-0.10830578393816799,-0.25747360720264517,-0.18427474637213326,0.019518643109305654,0.3696635280383898,-0.07960467880993127,-0.5618847821025182,-0.3148225905729433,-0.5448190843909196,-0.0349715627980023,-0.09646909977739813,0.3263308726995635,-0.4276062226996953,0.5287248959246582,0.5758141950799521,0.5111937790459701,0.31520651041663117,0.7017647165881807,0.7184195421250088,0.49674891701958757,0.33767870500056807,0.17570202214006764,0.28454189862159307,-0.07792692507508961,-0.5199317067541425,-0.21363398759748886,-0.657541395551778,-0.5691705540385358,-0.5665033313356426,0.6647821635245117,-0.5448423938931254,-0.022799119074130098,0.4530448784676178,-0.2359966360341856,-0.11516216892713148,-0.008305388008199346,-0.7738578069966339,-0.06841958710179726,0.33317895819720317,-0.5143043220373439,-0.3970346443461676,-0.5201617719863006,-0.21490263535081755,0.02443033325935368,0.003036855848911298,0.025946476664861336,0.16308853372256413,-0.1577956857989681,0.045741199672279485,-0.2560307578064923,-0.20587820821019118,0.20270776507225033,0.17470866544366645,-0.031362087078069305,0.17818297427475338,-0.3362961777822973,0.17761438039366118,-0.22256740678615727,-0.6491997568238695,-0.6863924262020561,-0.04337956490790609,0.4336948001065162,-0.1826920267372042
0.4025146103762707,0.0,0.45237732833262806,0.6851933525254336,0.9387321927625836,0.853849273928639,0.7746265428637769,0.699125550812064,0.7486330306118849,-0.46868082210893924,-0.5969309576882984,-0.7941684155930038,-0.7761864179119721,-0.10456636110142756,-0.3935205031723225,0.7880439277339157,-0.041029251861688217,0.8683716031490873,-0.06447527921380829,0.529508861886297,0.11688818403839342,0.1322647697919756,0.5830185079000093,-0.05601339528892855,-0.42319741619365286,-0.5266927327820957,0.1355431760258891,-0.46430200264096894,-0.5395611461702103,0.2216842985078824,-0.07102508450870552,0.15556415252829175,0.4059999583112657,0.5925898564813928,0.24226406919524832,0.49401075990298843,0.11738375569820705,0.1258491921727249,0.19283385564401606,0.1974994025295992,0.37783275090621166,-0.4055862266538739,0.1457745615654325,-0.8378862867216476,0.0491729757416721,-0.14902731270313688,0.2906763469969791,0.28600040082651984,0.5249607899323081,-0.09514054824708819,0.8132307921624058,0.7728908030830923,0.8614455461600814,0.7196779690002545,0.6081604785723166,0.4459830457312476,0.6163855269714043,0.49922728516177783,-0.6639027214463076,-0.5117458565467077,-0.48227989109584535,-0.7177692683727764,-0.3242477903570254,-0.49793972550324106,-0.16705579925950867,-0.2550240503091032,0.8048656362897401,-0.4632752740540259,0.6183255277348513,0.8613070098415757,-0.01319773024941873,-0.190357815042332,0.6212124110879523,-0.21801980060379406,-0.37868505575825967,-0.4125291112734438,-0.6015482384631863,-0.6406029320018304,-0.522619533959031,0.1191776464464683,-0.05783296344037362,0.3573830088593507,0.3594877856451352,0.4953422032636381,0.6147757829237541,0.3806285360795473,0.12213897150069003,0.021079966038617295,0.6053170451220194,0.8134839864474485,0.3086808765767247,-0.5035037499112929,0.14464952350816343,-0.4402215693514693,0.13731195991406966,-0.734467070375718,-0.32940667533380563,0.41058971211312817,0.6412337924004176,-0.008311621442104532
0.538271041979476,0.45237732833262806,0.0,-0.05284055029578661,0.44423627728045934,0.6564896685082623,0.8021593412172819,0.841243321544095,0.7978085424052942,-0.6749830005021198,0.2132517282565917,-0.07168242824446205,-0.4596796584132223,-0.1887407960971913,-0.23287674071969314,0.1748893484154193,-0.21280269614673092,0.2746702476762228,0.1086090086545259,0.3364248370113375,-0.0014870567598878864,-0.5469188399190422,-0.2001871131685566,0.6806814414001727,0.09888446074349282,0.2909205421733414,-0.6351719008669625,-0.8424677579498467,-0.3140565687752849,-0.5281476075608221,-0.706861871218621,-0.4725964191042827,-0.31553047669470813,-0.1902360689373549,-0.4743588805702987,-0.29593604629121684,-0.6345859092870189,-0.5890746947152421,-0.5939299035769671,-0.5768854610653379,-0.39207667027885096,0.0047954699408529295,-0.5545017275988801,-0.414497868597933,-0.6809973431511266,-0.7748131789531334,-0.4654263770593959,-0.49511956431814,-0.1321689752255194,-0.7535945009120832,0.6263533196347304,0.8058311983554818,0.42452546228796045,0.043565162232269486,0.8376390262296245,0.8218403946661612,0.8639000262183749,0.8355212855224574,0.014856505836698076,0.26272119736550675,0.31643145544423357,-0.2088609008197755,0.31049767075573304,-0.31388186440522703,-0.08597525071116702,-0.0331568576260134,0.6641545355927293,-0.059606841813930445,-0.18585266112893586,0.32791555901779446,0.4100401990312029,0.47850306478428084,-0.1896638547265035,-0.6790769935769794,0.38521282031486453,0.38775374872524604,-0.05729659821940243,-8.636885460752503e-05,-0.8603420452108077,-0.6188552301241088,0.6004525667928613,-0.4061878826144544,-0.3966625846066241,-0.23613135241675576,0.35128444646474466,-0.37563939758593895,-0.6294372216059276,-0.6533969674835909,-0.12766925675784568,0.5329848008646767,-0.4545260182631419,-0.1274620339863905,-0.6424285162197071,-0.3410486087783326,-0.6048117751651823,-0.37766474416750917,-0.7980454937464362,-0.3925676927966462,0.05475798586838167,-0.6561049783812793
0.24343428065804604,0.6851933525254336,-0.05284055029578661,0.0,0.7044017487037295,0.45377752134491134,0.2802843145828298,0.19657709777381446,0.2515079258214049,0.10569818324545781,-0.672650588528365,-0.7755907655474404,-0.6671564012052732,-0.28900972687832266,-0.5242326612935408,0.8204412919952998,-0.26744599422229326,0.7999052493151365,-0.4586131774983031,0.08204010310417277,-0.18116758451522325,0.49117548514131687,0.7589055325756774,-0.44603903308470183,-0.2626891517094416,-0.7976734391872313,0.46791858576012474,0.04197298610645519,-0.5786819710371841,0.5303832992687821,0.4621938156685497,0.5746204458078958,0.756269439641479,0.8021372347081129,0.6612293575042353,0.8112574021314487,0.5706128158419213,0.6039116115852401,0.5825006918720128,0.6035172387826455,0.7498113524962647,-0.13248696407368613,0.6109293221853728,-0.7016835600338615,0.5096401713274805,0.2926791238216955,0.6901762227674213,0.6825972791934248,0.8060164951538471,0.4003278404254519,0.3814940573946417,0.34751992088629696,0.7226707638876748,0.8239661002497676,0.23375559512541544,0.07056934796001503,0.09249670314945745,-0.062243617769004715,-0.5443843089447425,-0.5377741438182005,-0.7826443733575666,-0.7888628722722435,-0.7024688046679247,-0.5764179738392151,-0.4219605649165566,-0.5211917388477215,0.5378465236302924,-0.7091142102993191,0.7352772915690798,0.7920103404978728,-0.5125446824731579,-0.6403195099563985,0.7709993774076335,-0.0015084716460035538,-0.7543306039763471,-0.5581756058393381,-0.7782282553877478,-0.8293280372229588,-0.002136430855980161,0.454875297010347,-0.5930238860179835,0.7485773900604065,0.7346802915827936,0.7891182966852802,0.19190766570570755,0.7352909724025858,0.5669681556827891,0.5175655583282195,0.8655422488968991,0.5199835948033229,0.7115263111977307,-0.25486787050468146,0.5597872271821392,0.02166465525995249,0.5796602868212766,-0.6876491952854412,0.09030006905407931,0.7449442814226181,0.8395031952921181,0.5305050989031643
0.3284934601825151,0.9387321927625836,0.44423627728045934,0.7044017487037295,0.0,0.786265407199723,0.7293901737761037,0.6542291454024431,0.7177341945747338,-0.4853846281247211,-0.5730531793422864,-0.7524543530913618,-0.683144929693593,-0.020823742588988732,-0.298496856933468,0.7126411793838497,0.06022200951115906,0.7959944769982344,0.014763776176017419,0.5662102112115414,0.19354064539010574,0.13406426662445717,0.5399061043099124,-0.05225096873021597,-0.4675005620324791,-0.4797085565833531,0.15945078253899325,-0.4260827914564126,-0.4362049622932319,0.21932501844170463,-0.07604828088476108,0.08675604874410252,0.34918882608780893,0.5409084208871304,0.2054895579431347,0.457374603126155,0.11040620363248445,0.10243113344594504,0.1897326832091964,0.1816014756740295,0.3418191920746489,-0.4230533155065487,0.1188119182790629,-0.7399532823756821,0.05167466748913097,-0.11089893285885478,0.254862389202009,0.2587275229304062,0.4526762466302679,-0.06821771131358252,0.7343390524434774,0.7120977435809006,0.7785339442830606,0.6520815818393558,0.5353204057835604,0.379746065608931,0.5771915143294511,0.4843020984832291,-0.6676716615809463,-0.5072643722019845,-0.43257036992090886,-0.6320724800961914,-0.2602872569405146,-0.39827412119834066,-0.08021131087332732,-0.16521588712540994,0.7171547890252533,-0.37208729025412407,0.5765046910924172,0.7825254482521546,0.04328313290017025,-0.135725204930149,0.5865777904834895,-0.13516598325307275,-0.325425389971916,-0.419115756061353,-0.5080302153262839,-0.5651550584707535,-0.4891168019529439,0.0913742320555089,-0.014580163857950284,0.3209550888902638,0.3128725909163829,0.4365345064831533,0.6188029561362466,0.3373119410445081,0.11671812347572384,0.01015106906018664,0.5509644128729527,0.8158654098741369,0.27173289119029365,-0.5276714072203653,0.15024136365629864,-0.46594851102389423,0.13218656597968176,-0.6296770803705917,-0.26785636643963323,0.37931578419273465,0.5674852917365274,-0.01695206979939993
0.5461313989496775,0.853849273928639,0.6564896685082623,0.45377752134491134,0.786265407199723,0.0,0.653364230117456,0.6075404503545955,0.6705383477795966,-0.5369363996292132,-0.3571207516668724,-0.5338818093764337,-0.5311353752149385,0.018399327459276613,-0.20010313546035086,0.5016948116109536,-0.005660296213980112,0.5897299991328095,0.10384628632087513,0.4560194955746367,0.14967223822667935,0.006091020232853327,0.3518103019929207,0.05041042497283443,-0.3240612549267368,-0.26098336080285783,-0.08691303634741793,-0.5133980277725354,-0.4219181230295237,0.06612607053114174,-0.23764004371796663,-0.017580567085301983,0.14221706787727167,0.30634460151751863,0.017861122886157786,0.20292889385987087,-0.10552747528773665,-0.09248395130387724,-0.036743074831134835,-0.033479856059238554,0.07502325604885439,-0.33297391534296666,-0.07525725097669038,-0.6259619034974362,-0.1581261438423437,-0.2828133062920327,0.046436915309804726,0.046769663564508145,0.26451702975161234,-0.27202949837718954,0.7800355217472433,0.6472229492484104,0.5716884892950126,0.3910366323639817,0.5394192569866827,0.4497526668391859,0.5765618568297715,0.4990769633106734,-0.48529992325208066,-0.31414592556642124,-0.208240262414409,-0.4369542317504616,-0.07857075528588847,-0.252363253196603,0.02123052567811064,-0.060129785506607296,0.5865784280615112,-0.20603409601227987,0.34572616586392546,0.5847885804293111,0.14392642023541186,-0.08309378375593511,0.3462022145388524,-0.43905803368820306,-0.1075888608082564,-0.21087390649530452,-0.4043465341718826,-0.38167419914382283,-0.5374899366744811,-0.04410489998728718,0.08742013180973623,0.06758319789072144,0.08177296734166738,0.1973642412610598,0.5038883040307277,0.11606842908168989,-0.09803571591715617,-0.17022177786207263,0.2736246031904251,0.3880049156947223,0.022456983373055805,-0.5403925994827289,-0.1218597875485957,-0.46274149151624444,-0.10787852246868879,-0.5263029458712547,-0.4204167797442374,0.1363369059052451,0.3607568004142485,-0.21979584875148603
0.4609876743234582,0.7746265428637769,0.8021593412172819,0.2802843145828298,0.7293901737761037,0.653364230117456,0.0,0.8983590915369565,0.9170631491727164,-0.7531031380993619,-0.2085020641125264,-0.4611191990267911,-0.5954267495766323,-0.027872353423205792,-0.20422246881623785,0.4379783056618492,-0.06116945818032697,0.5634121130586689,0.17127284296385242,0.6061336027138016,0.21387254449463403,-0.3423695434381873,0.13138416349682033,0.3779239881030338,-0.273415234568047,-0.06103328293735734,-0.3057646945986754,-0.790906875413255,-0.3168450931035891,-0.2312931955818821,-0.5380398630558966,-0.33210834166525616,-0.07856629689324793,0.12392399423929315,-0.25293712549419106,0.015866446576305152,-0.36776602737308556,-0.3717220552865592,-0.29745326141109624,-0.30635366259382896,-0.12082024587817317,-0.37800567823159226,-0.34699639324861387,-0.6267484863352637,-0.42523886899677926,-0.537952257221445,-0.2066998870020974,-0.21298224222073323,0.08063764706463375,-0.5208613417036397,0.7277072551452548,0.8914975966714886,0.636747499215808,0.319126469676196,0.7900031222634553,0.6669231696416642,0.8706823926395756,0.8298207241924118,-0.3918403449773062,-0.16588444849080602,0.007433153373320248,-0.40235440288088015,0.14606334640031138,-0.3309802388636416,0.000927790331508005,-0.0014011531757088256,0.7612374100826422,-0.15457968988208776,0.17046638804243275,0.5858770262624536,0.37820931924121937,0.26802489697593485,0.18286922049412252,-0.43714516400521397,0.11105651815258508,-0.02885775331269276,-0.22841463682013194,-0.23112346930410518,-0.8148679313101914,-0.3988563682317834,0.3967867966961925,-0.13010831131081663,-0.13117717236848245,0.02762200375726914,0.6625370788298016,-0.10956251197407837,-0.36417423231183105,-0.4560207687003208,0.17027995407610041,0.8024160147005823,-0.1867759888929304,-0.43130034995766764,-0.33519450326322975,-0.5835171200382067,-0.35619469769615203,-0.5169817250986384,-0.600919698937396,-0.0767288351753233,0.26623644925566803,-0.46915453570492704
0.4977772386765367,0.699125550812064,0.841243321544095,0.19657709777381446,0.6542291454024431,0.6075404503545955,0.8983590915369565,0.0,0.9164378583586711,-0.7339081210686086,-0.07740086137964376,-0.3554134783610893,-0.583649316414499,-0.10551594881545082,-0.24291420570689937,0.37762008965919847,-0.17013164611855766,0.4954994827523282,0.12720055566197222,0.527943137647864,0.13579057471748626,-0.458981153013371,0.01662780535947289,0.4963944543396636,-0.14792307741273544,0.03634879960245588,-0.42998004636873893,-0.8571384081653399,-0.3309851247939467,-0.35844550207148884,-0.607183802319576,-0.39044431756534054,-0.15108283509758472,0.02626450432651125,-0.33491017710517157,-0.0710395304542416,-0.46395164851111725,-0.44753891048682054,-0.4034632079799683,-0.40700813176374934,-0.20471663062152673,-0.2769144548781398,-0.425739898427314,-0.5851535136019779,-0.5235805196975443,-0.6338157984942152,-0.2959534698227471,-0.30911734148103537,0.02861737993591128,-0.6071112874889024,0.6848152751109851,0.91024151970628,0.5989063409200088,0.24866411833147564,0.8513413182520736,0.744419689474905,0.9084140449428624,0.864645234505019,-0.26620932956076526,-0.02888683820607545,0.09794799201038723,-0.3681492937328135,0.1992418869984926,-0.3616017194511083,-0.0551221184588208,-0.03353811971430002,0.7706946075680906,-0.1589834649990252,0.04852046968969657,0.5304961061521716,0.3842967506186445,0.31536811866045356,0.06596869792649533,-0.5110889978167544,0.19244151301262302,0.10360659083666822,-0.18939482287892542,-0.18240056080633413,-0.8543651288163643,-0.5065469916608534,0.4501536671114449,-0.21483429957001116,-0.21746257133435662,-0.05129363132319093,0.5797209853172183,-0.1966776572166372,-0.4609501489392824,-0.539349304985597,0.09863990762254585,0.7827356032201376,-0.2729513027378097,-0.3333324070546088,-0.4443732814689975,-0.5225416291927097,-0.4537158448712764,-0.5017502850991976,-0.6803558103151269,-0.1800202526247354,0.2280069835515634,-0.532264614144908
0.4205651317113225,0.7486330306118849,0.7978085424052942,0.2515079258214049,0.7177341945747338,0.6705383477795966,0.9170631491727164,0.9164378583586711,0.0,-0.7843215500370768,-0.22689828284821267,-0.4555278682545759,-0.5098576119731543,0.07444340086933854,-0.09995406083361787,0.39071494635078746,-0.01750871610091892,0.5302500573228875,0.2468140120030242,0.6603278686248364,0.2939171354932292,-0.32881273599157756,0.13306634605963108,0.3372544191916462,-0.324402882596643,-0.05350630487233626,-0.2884339466043332,-0.7791750762539992,-0.2410769544438322,-0.20290846818915242,-0.5355640898888132,-0.3677413901818047,-0.11626314586425496,0.0988839068105392,-0.27484781986606094,-0.004878560263327503,-0.37469597083675343,-0.387197581664934,-0.2915279022890959,-0.31328160263131,-0.15195783583022143,-0.436696663153461,-0.3680410155781828,-0.5737118043591083,-0.42631510230620934,-0.49723166433629956,-0.22632616733907376,-0.22174766227477719,0.04212268724047495,-0.49626412522970315,0.6922523365130171,0.8520181582339945,0.5588696829475257,0.2572558922683833,0.7510310142341693,0.611954996727266,0.8498153578012747,0.8197880643142059,-0.4282604302966204,-0.19842971298856496,0.03013230974185235,-0.32732335318399686,0.20273566201897572,-0.22313873001652465,0.10526344272963072,0.09508002148645481,0.6875423606344384,-0.07522799449029982,0.157488168249869,0.5412961954526608,0.4342777617489738,0.2448560811305486,0.17716202352955013,-0.4395903641418995,0.13893391264454372,-0.0683330071838834,-0.18204383022366097,-0.1827036526868323,-0.770902422626155,-0.4296611523480058,0.3774503875911723,-0.16298168770609137,-0.16339630854378212,-0.01656580683464996,0.714043175898862,-0.13616168799835274,-0.3675237563856968,-0.46631834328597405,0.1340515697064572,0.7269168914935471,-0.22468950105609214,-0.5281920752396612,-0.34335248775777066,-0.6414647057115306,-0.3767067918132584,-0.44583046566075596,-0.5421050275350986,-0.09313835489809304,0.22191428512586542,-0.47343236517872933
-0.07330375034211037,-0.46868082210893924,-0.6749830005021198,0.10569818324545781,-0.4853846281247211,-0.5369363996292132,-0.7531031380993619,-0.7339081210686086,-0.7843215500370768,0.0,0.18983382522771705,0.2951411692803845,0.1474818613266264,-0.45460893135216823,-0.3141035934845126,-0.07548105024745114,-0.43748342874954965,-0.23839226216667972,-0.6171747670745034,-0.7925193637524018,-0.6087008752944819,0.25503787873920986,-0.012747912387181613,-0.266363384030678,0.5273690549516121,-0.12721774290285012,0.19673560077233065,0.5803227035826785,-0.14016531276015798,0.14311337787171882,0.5834718189236897,0.527401762178591,0.3445123114637144,0.09442479628578526,0.40640022752033966,0.21284668136697232,0.4081981918363162,0.5037283625288392,0.319962017209129,0.36788546841372993,0.344780002455547,0.5896184289454052,0.48424938506880433,0.25581704931013277,0.4279332609124119,0.3711501083147589,0.36338083894482537,0.33104406872111874,0.2741082029578073,0.46507549095221334,-0.5476515100171692,-0.5628490462568867,-0.22033791229302052,0.02765856371345437,-0.4213509626808576,-0.33772638021125223,-0.6584196818906566,-0.7204993605535728,0.450468621763668,0.25032928062906556,-0.2242407318171124,-0.0352216815356681,-0.4384411545479295,-0.2031749528726917,-0.4968952120360959,-0.47687509230850345,-0.3188708855091414,-0.33872028105542545,-0.05841125966156569,-0.21802720686072777,-0.6714852199083068,-0.4782331702327411,-0.04872043581458266,0.23671279331743522,-0.3477644725326411,0.11294465729544884,-0.16760381689006287,-0.14208535183083357,0.6253847923430726,0.3919696193279733,-0.5627240247161273,0.355503971606801,0.3495795259612484,0.25008776167705293,-0.7878895975882488,0.3095053435871234,0.39436412330054854,0.5026422310251459,0.16395616698161883,-0.4652788354406829,0.39781902671321645,0.6615667219994608,0.3598526565508889,0.7827792736252783,0.422603066975455,0.07470039756385667,0.3619312857945522,0.23277403610831518,0.1531295212035793,0.5801811656064406
0.14807891327237535,-0.5969309576882984,0.2132517282565917,-0.672650588528365,-0.5730531793422864,-0.3571207516668724,-0.2085020641125264,-0.07740086137964376,-0.22689828284821267,0.18983382522771705,0.0,0.8641977735793862,0.2925579177061354,-0.398912602028779,-0.10094255418649652,-0.5959773562898091,-0.4437767659973596,-0.6694233313247689,-0.19312739474586854,-0.5716300803757796,-0.47301626292401777,-0.6559205694736796,-0.8224242678440424,0.6981711509977016,0.8395344201210885,0.7612248388049316,-0.7300354334709478,-0.18276903285240756,0.08422738372916116,-0.7726071011082047,-0.3827377991033543,-0.3832138600234839,-0.5397192906894915,-0.7334832264376439,-0.5461838795866246,-0.686114275315201,-0.5944354774506803,-0.4750317857319312,-0.6681628464706516,-0.624764553828219,-0.5890727619822063,0.7335265009394851,-0.4880833705445476,0.4917282218297261,-0.567751937547083,-0.5144751247275283,-0.5987650873744703,-0.6436780139473149,-0.48614487414198865,-0.48214699510712933,-0.4056308611121108,-0.14931693542351537,-0.4522757981606212,-0.6022615421484779,0.13006212260233332,0.3210671778999692,0.008971040486932346,0.060237055963412584,0.9240371658694643,0.932744211475537,0.6776183033514016,0.4197998141891351,0.39893497663372113,-0.02963833736944969,-0.260051395949126,-0.09650737056444389,-0.1828334658969768,0.16011643470951265,-0.8518793328011058,-0.5884057160048497,0.08865481195611653,0.4341060721519811,-0.8524762304819412,-0.28545165511869547,0.5928618835196406,0.8992316585567417,0.4361539162342454,0.515886390456532,-0.09881031197040499,-0.5610157201217947,0.4199046871375158,-0.585818342297337,-0.5877290691983416,-0.5977810943379096,-0.6709733137274839,-0.6143326294703574,-0.6061352141389551,-0.4773967026903363,-0.6207121374817176,-0.3238162887104536,-0.5633043596422476,0.800742971026206,-0.6257186845871805,0.5040565545167246,-0.568059898233416,0.3335140918601413,-0.36583204873424746,-0.7138142988031707,-0.4557778353483251,-0.3883518064222178
-0.1256635408844698,-0.7941684155930038,-0.07168242824446205,-0.7755907655474404,-0.7524543530913618,-0.5338818093764337,-0.4611191990267911,-0.3554134783610893,-0.4555278682545759,0.2951411692803845,0.8641977735793862,0.0,0.5668737418564453,-0.15035826243046824,0.14381404797601302,-0.74422505178414,-0.17982480543206153,-0.8235434687818571,-0.026149746763046287,-0.530404718448311,-0.28988340647851996,-0.5079985562132845,-0.8058415117877642,0.4699743528845947,0.6690838812398684,0.7295653160737329,-0.5051832519620628,0.06878297471732266,0.33053484384027154,-0.6157847610233615,-0.2129076035653001,-0.35012261257649024,-0.5422803942788553,-0.7422005474263677,-0.48683659862785283,-0.6675003143960493,-0.4412611355838541,-0.35946543059297603,-0.505556182012301,-0.48515700499329584,-0.5553420717896749,0.5823056065241969,-0.3951566555677091,0.7219105012794798,-0.38017855181971844,-0.24698761553890894,-0.5294613566637042,-0.5472992513780992,-0.5678423365877483,-0.2534521780786155,-0.6023220752585648,-0.4466030296678418,-0.6777410767567001,-0.7116867904033685,-0.2182022625779466,-0.021910757422522922,-0.26994577904445105,-0.17377956655627624,0.8401427820915042,0.7844607998127253,0.6477096083476139,0.6219850735014844,0.4289281421853015,0.24982419596347505,-0.0412597271957761,0.09476997597202248,-0.495504608011683,0.3517661629570434,-0.8202322430468114,-0.7815062755388659,0.10687616927998948,0.33347775754169473,-0.8324846070352043,0.05316181979414249,0.5635941407815336,0.7227464189825017,0.5835860152588492,0.6211065674326931,0.17982964112040584,-0.38371917693854657,0.3156273342151721,-0.5445387157104181,-0.5543059656562527,-0.6301983089830866,-0.6836911372828753,-0.5856912737015434,-0.4507513694943592,-0.3395558902292558,-0.6860810079307453,-0.500867361823447,-0.5036064439477825,0.7064072405879429,-0.4447360960877145,0.45355146213745956,-0.4297340649773705,0.5897253788253003,-0.06447176429688613,-0.6599362152024426,-0.6106582474073088,-0.25490171273162765
-0.6275566844176041,-0.7761864179119721,-0.4596796584132223,-0.6671564012052732,-0.683144929693593,-0.5311353752149385,-0.5954267495766323,-0.583649316414499,-0.5098576119731543,0.1474818613266264,0.2925579177061354,0.5668737418564453,0.0,0.5694670121533458,0.732455160057738,-0.7459086882644197,0.4122627810180748,-0.738987761327284,0.4566588095178977,0.00417540078375069,0.387342917467888,-0.08225477020477263,-0.4225811025902892,-0.13103490703053705,-0.059460185060185224,0.39698171046857533,0.10075651419678361,0.3869734830534113,0.8173172362201792,-0.056450763764050345,0.057726964766635046,-0.31565464945159144,-0.4373997780007927,-0.5009448702849166,-0.2825674779383711,-0.4055544668981224,-0.06128054957511911,-0.13408002861919122,-0.059087832126322945,-0.11869720388489832,-0.3510611433060297,-0.1254090138065624,-0.18881788717213766,0.8431525534953274,0.023572932251588734,0.33734396669153643,-0.27589676309884226,-0.21920404847459615,-0.5709900059340435,0.21981461332040353,-0.7443029398401732,-0.6930239078971873,-0.8636338011452106,-0.7106676661228704,-0.6764320755417363,-0.6226946998624102,-0.5197332727430223,-0.33842890627217964,0.22537118078101986,0.11704090570721386,0.41706033730302416,0.807525546142322,0.4806162608359303,0.8063299841131746,0.5867261275139509,0.6299135578153999,-0.8517023719945166,0.7060723994466053,-0.444725287697389,-0.7911445301719905,0.31788372355358485,0.14021252877648235,-0.4116548406344852,0.5274560503170413,0.3749970419799693,0.04077689526576235,0.7077274863598306,0.6698007743321133,0.5389644325240968,-0.10422035992269366,0.043943139187890855,-0.3363159579988504,-0.3587548352277168,-0.5187251165480171,-0.13215431814533046,-0.37355688408167365,-0.06338862487724874,-0.054524446257881345,-0.5422348094306321,-0.5612695469144806,-0.3046134951158447,0.0025866921102900573,-0.011168488285162367,-0.03695007554211594,-0.11032401093646763,0.8709103121325797,0.5669587137946158,-0.31998569594159465,-0.6747943085845521,-0.0033417510906568427
-0.6356581383365177,-0.10456636110142756,-0.1887407960971913,-0.28900972687832266,-0.020823742588988732,0.018399327459276613,-0.027872353423205792,-0.10551594881545082,0.07444340086933854,-0.45460893135216823,-0.398912602028779,-0.15035826243046824,0.5694670121533458,0.0,0.8410580234745502,-0.29208149202157924,0.869165647162888,-0.1590336360145144,0.8454252235406109,0.7230182333947657,0.9027268096467954,0.13313662065835313,0.05986883950186804,-0.3250094304467212,-0.7775400058430214,0.027937224932112946,0.3560790378236162,0.1134106398229486,0.7122514690179039,0.2718812239519224,-0.08417932116399776,-0.35372303845421427,-0.2898685386870978,-0.09829833762652493,-0.18360497624804548,-0.1261211816739422,0.02649496851630705,-0.1631765568287887,0.11750703148309623,0.020679340885476374,-0.19577703233602636,-0.8297918498358537,-0.17549216033149778,0.31902565271265754,0.08159493847502983,0.33322184723745923,-0.12995462490644136,-0.046636669855526225,-0.3973939478750737,0.16489068686068306,-0.09330401355721647,-0.2143363993577333,-0.36752283830656257,-0.30846383884070977,-0.4339923611366419,-0.5202141058356502,-0.0952285322417107,0.0601296366671613,-0.5342937638438108,-0.5321890384808389,0.13287918224829634,0.5010036297568836,0.4415367150352208,0.812640062447562,0.9119354741545166,0.8401471685374746,-0.4561705272394178,0.7132853563587607,0.11240956935709094,-0.25625936745781597,0.595884239261129,0.18214591861189094,0.1130641690639732,0.4827270279880134,0.20268631911378984,-0.48584007441360566,0.46875172314334956,0.39493760035170883,0.15018031243482985,0.017791521871337285,0.1550025569971867,-0.1908665974848878,-0.19624336940881018,-0.2694998398812097,0.6554541839583319,-0.1757408652251124,0.04105879588039775,-0.0840913667079457,-0.26100902024949874,-0.08938520574466717,-0.1838212725303468,-0.7575608435505737,0.11364094073114485,-0.7343996309897138,-0.029165127792646253,0.517585589933829,0.4502579794435671,-0.04098446727696982,-0.4516654166107661,-0.13901968385893934
-0.6647963300277026,-0.3935205031723225,-0.23287674071969314,-0.5242326612935408,-0.298496856933468,-0.20010313546035086,-0.20422246881623785,-0.24291420570689937,-0.09995406083361787,-0.3141035934845126,-0.10094255418649652,0.14381404797601302,0.732455160057738,0.8410580234745502,0.0,-0.5445488510681654,0.75623984504945,-0.430820356235948,0.8086116952546755,0.5111551869488045,0.8002756490033708,0.02396632027732687,-0.164932870785518,-0.21509517111005697,-0.5490012545085287,0.24980630807073206,0.22080419246345306,0.19495834783055013,0.8531092240997635,0.13295866461726843,-0.14171273436261456,-0.44759885432366303,-0.455373964241714,-0.3284923830530014,-0.3051830150453617,-0.32935854875968895,-0.09009604798779632,-0.27936690581716933,-0.03138755015663239,-0.11953735248829528,-0.35982678307429056,-0.6154209028030079,-0.2750180486960687,0.5500089176331093,-0.015264322427800242,0.2811322119009741,-0.2744283321443464,-0.1993998683456233,-0.5914504683050894,0.1061519734641552,-0.36403115284092086,-0.39114249576523447,-0.6154605776835244,-0.5551210594611108,-0.528415714781198,-0.5603814496366245,-0.20553039587294247,-0.01696126773406594,-0.23384183311913637,-0.2672818499232286,0.34273351470697566,0.7055444324565783,0.570491882122748,0.9026939788951481,0.8991724685278936,0.8863684502235085,-0.6424616049380788,0.8268530417431903,-0.13132092473917537,-0.5044971207859007,0.6102557334878584,0.33840140140641234,-0.12941212604641378,0.39229594774485144,0.37130685390257046,-0.2535787631536511,0.6597988962996715,0.6254324346132121,0.22892502972944248,-0.1478329355414993,0.22968516071070744,-0.3504637657163732,-0.35098274439046667,-0.45161240141259135,0.470081139267624,-0.3386384180475059,-0.07351716890069071,-0.15034276025315102,-0.46362888353882387,-0.3281120858144304,-0.3365561458462027,-0.5235294964835455,-0.02063237243799864,-0.5438384140291607,-0.14172721079393574,0.7000139017029215,0.46374498108710954,-0.21789266258569406,-0.6529892581431912,-0.19847360939151
0.3977139284755118,0.7880439277339157,0.1748893484154193,0.8204412919952998,0.7126411793838497,0.5016948116109536,0.4379783056618492,0.37762008965919847,0.39071494635078746,-0.07548105024745114,-0.5959773562898091,-0.74422505178414,-0.7459086882644197,-0.29208149202157924,-0.5445488510681654,0.0,-0.2420769528896308,0.946984045789711,-0.42529182537105104,0.16391611923600116,-0.21495736925265047,0.4160791663038193,0.7697505120974184,-0.2689598225440976,-0.25210116804552185,-0.7514245738934999,0.30574901429470713,-0.17569294420360304,-0.7880093884907885,0.4351256749767209,0.2692681398718026,0.5550044562753218,0.7261247947268963,0.8203178163332746,0.5854293234930072,0.7519304711162113,0.420779364846267,0.4706105494586258,0.4531122094779349,0.4908486918943059,0.6801180749589877,-0.1321381460776613,0.49572537324856863,-0.9186403358038135,0.33688273014198544,0.04459680162156453,0.6056817036041862,0.5784965039912855,0.8252452975443957,0.15396310623049594,0.7604580450621468,0.6031134899343814,0.9417160238483091,0.9332383899154769,0.48141259751826315,0.34901872860193,0.3480541526942512,0.15706434881903872,-0.5834632605988761,-0.5131597094769961,-0.7510755593134786,-0.9285433776336524,-0.6962332473854593,-0.7262303338275822,-0.4756062293585164,-0.5938216080198432,0.7933986815282277,-0.7677386318801765,0.7788929534832045,0.9484154657803131,-0.43986634591951085,-0.4856641097629625,0.7740118916569048,-0.22120684141928834,-0.6886498032920864,-0.46434804205455255,-0.8770519565574146,-0.8931802316081557,-0.2817852554519741,0.4413478163565002,-0.3819757626085078,0.6634999338411044,0.6711901290445629,0.7910701759829796,0.2930858268877211,0.6880718448320615,0.41927160502007754,0.3650927282758822,0.8379588303285835,0.632679334289826,0.6280197835565002,-0.2837087113015051,0.398985110818268,-0.07529441003967703,0.45199174506668494,-0.8944418851321706,-0.22024594819791202,0.6754434596015247,0.885999122732828,0.326169536069881
-0.6901433180087743,-0.041029251861688217,-0.21280269614673092,-0.26744599422229326,0.06022200951115906,-0.005660296213980112,-0.06116945818032697,-0.17013164611855766,-0.01750871610091892,-0.43748342874954965,-0.4437767659973596,-0.17982480543206153,0.4122627810180748,0.869165647162888,0.75623984504945,-0.2420769528896308,0.0,-0.060063563354759035,0.6186939670958935,0.4998285579834902,0.623691502637845,0.21089266504894552,0.10010774373498388,-0.2044687929136933,-0.5730214212756711,0.01731468742669392,0.3327447734278505,0.16989414513976756,0.4091900194949605,0.24644613609468444,-0.017186061345810643,-0.1495166958439725,-0.127456691046124,0.006975226469782786,-0.0592077885450104,-0.05430222646250175,0.0754004330223551,-0.056781566953939835,0.14753674254858257,0.08674942081102158,-0.06676884635413699,-0.4973150862174332,-0.050821013152894466,0.18550335949980348,0.11881658605916842,0.24526901747135607,-0.027906990198378744,0.02427659253875596,-0.23613635123983068,0.12134326585555968,0.10572534907260692,-0.14867731841757215,-0.1271898982615603,-0.09414349513845219,-0.34374469189838547,-0.33924628608530577,-0.07845972007741928,0.0138938239297486,-0.4065412261770525,-0.3903145498046075,0.041487747209026926,0.27260829600661135,0.20634150380073008,0.502549820665956,0.6011242815572345,0.526631582229818,-0.26033158781644644,0.4709051178714397,0.18881147500720066,-0.1335707572142113,0.3788100970266429,0.24744683565736603,0.13387807659541437,0.47506017887782054,0.10837310989179391,-0.3402645974853065,0.3133655148744087,0.2220134020074497,0.08915324243807804,0.2154912610949151,0.21924855993825101,-0.07833026905197972,-0.07759916031696507,-0.11810274943949312,0.4137436316880734,-0.06195448112075596,0.09285709679687926,0.0020762712669112164,-0.17128028081033464,0.04074389118562473,-0.04465185701073524,-0.4398259754120606,0.15531009967205311,-0.4518663518932553,0.07822811637096069,0.31562596885959954,0.2752224367428923,0.02034221080050322,-0.30479121887597765,-0.08674971485747152
0.3815640763029901,0.8683716031490873,0.2746702476762228,0.7999052493151365,0.7959944769982344,0.5897299991328095,0.5634121130586689,0.4954994827523282,0.5302500573228875,-0.23839226216667972,-0.6694233313247689,-0.8235434687818571,-0.738987761327284,-0.1590336360145144,-0.430820356235948,0.946984045789711,-0.060063563354759035,0.0,-0.23023317178078065,0.37017328819089884,-0.009996684290674686,0.3531887191753326,0.7512997926252478,-0.24596856252874705,-0.40858936278631697,-0.7045010972315703,0.27938550792486766,-0.2811676038257661,-0.6566991113620844,0.4149817925978702,0.13499951768374524,0.3882720365645156,0.6072384174268386,0.7548462269332756,0.4666852151667837,0.6758473194116422,0.327112838456138,0.33877561957348395,0.3829408398718859,0.39720776461461843,0.5676437693723606,-0.3165884386864508,0.3660789081164388,-0.9063780114956707,0.24532794783760692,0.0046443175298894485,0.4994631493633854,0.4875489139736258,0.7073826633180972,0.07990751589097744,0.7920102900097893,0.6793434426964341,0.9057847987777773,0.8569833064250807,0.5213337262060431,0.3560170316109028,0.46138200834318904,0.30420318746203207,-0.6951788147457054,-0.5849508038100336,-0.6675493002798583,-0.8419142872634541,-0.5347592832322916,-0.5813370858936896,-0.2777017452363581,-0.39452874172539415,0.7807522412355998,-0.6113054772777452,0.7611846184062357,0.9355267882385362,-0.23700906803079935,-0.37228596481732945,0.766854948085789,-0.24867560766982164,-0.578634160255627,-0.5171906356638961,-0.7708994549306273,-0.7916939753654191,-0.3807590946058494,0.3031410614358855,-0.2694369558253655,0.5567015162956546,0.5623433880274625,0.6903703599223051,0.5075988041735117,0.5880606228954204,0.32821593552934586,0.24655156523851393,0.7630701167960057,0.6872147447412659,0.5106257326697115,-0.4831086934551055,0.321736318227115,-0.28812468881273423,0.3458933242603642,-0.8274330960927566,-0.22414298986698317,0.6031633036188667,0.795475199188216,0.1961241680042721
-0.48730171031700714,-0.06447527921380829,0.1086090086545259,-0.4586131774983031,0.014763776176017419,0.10384628632087513,0.17127284296385242,0.12720055566197222,0.2468140120030242,-0.6171747670745034,-0.19312739474586854,-0.026149746763046287,0.4566588095178977,0.8454252235406109,0.8086116952546755,-0.42529182537105104,0.6186939670958935,-0.23023317178078065,0.0,0.734513894966774,0.8427911058003132,-0.09558196158368469,-0.11353720709019435,-0.02113701304982751,-0.6433911991119575,0.23051471035721338,0.08854678985190145,-0.12197069314859019,0.6038169940051769,0.018567702439874857,-0.34623064767233597,-0.5135552678725374,-0.4483731933374519,-0.2528007428904513,-0.3907554058291333,-0.32800015130275645,-0.23746336371930585,-0.39808621517410686,-0.13972722119036438,-0.2224380385203488,-0.38742094089331,-0.725790038306307,-0.3972956696892932,0.2554511802617478,-0.18945852724961915,0.02429056661123652,-0.34599023806567214,-0.2795509532375673,-0.521728615826852,-0.14109952173602583,0.09555031355657109,-0.02278516954213975,-0.27635545464876154,-0.35318277496940975,-0.20702492665792244,-0.24224087160969202,0.1399365733688613,0.2920924795680057,-0.4020360288894653,-0.3369304916584211,0.3138704600354942,0.48402600271971685,0.5606852444362929,0.7066648905873626,0.8466902509454174,0.8035545200023637,-0.2874986445378228,0.7255347066088241,-0.039206527085012335,-0.2536684224561556,0.7260037960201211,0.43634950437333414,-0.0596314293835906,0.3145348302649293,0.4003977358673238,-0.24359954710619316,0.5260637086160131,0.4659943178237296,-0.12970890113446332,-0.14821082343361688,0.4462691300460115,-0.3952334291460036,-0.3922765902830606,-0.41929809195173773,0.6343247082502799,-0.3670668463036006,-0.2186363369709514,-0.33457105192444897,-0.41662637814361314,0.02890341792213076,-0.3809536366347879,-0.6220386057167632,-0.14019723202244314,-0.7531560170290299,-0.2636599896182313,0.4435948239132176,0.13549093009492227,-0.2581644468116252,-0.5356554324393116,-0.40962529829899114
-0.2407811522395238,0.529508861886297,0.3364248370113375,0.08204010310417277,0.5662102112115414,0.4560194955746367,0.6061336027138016,0.527943137647864,0.6603278686248364,-0.7925193637524018,-0.5716300803757796,-0.530404718448311,0.00417540078375069,0.7230182333947657,0.5111551869488045,0.16391611923600116,0.4998285579834902,0.37017328819089884,0.734513894966774,0.0,0.7834216570432124,-0.05631651862765937,0.16792089175254374,-0.06837216832562446,-0.7641945263821041,-0.0958984823030896,0.17532783201930438,-0.33488773057513205,0.30075334375716706,0.1087296805449572,-0.2710826041025497,-0.37912320749096473,-0.16676275897652323,0.08503400562394729,-0.20164471605467724,0.021807920512087506,-0.09626857841451925,-0.2192522463180405,0.015420379260900738,-0.06620722882190452,-0.10843581354631676,-0.8204192343210069,-0.237268243051691,-0.13645073160968132,-0.09192161125518442,0.021667604452931043,-0.12689367174444371,-0.06740867499890851,-0.14985385585125652,-0.07917572706589421,0.3610319707944442,0.3689122000503671,0.17349709331992186,0.06448824069882687,0.1256364312164486,-0.023795028019497642,0.40911210454157165,0.4856656620641084,-0.6820562806911715,-0.5510652912124657,0.00774565652206784,0.07517365456674707,0.3276416631035052,0.3549453009938288,0.6255120758990097,0.5611994494342705,0.13282913221733172,0.36388361126295793,0.2487027103470181,0.19866400720578006,0.5841330018231143,0.19765235545549165,0.2571309964890769,0.2839249483350727,0.12065276298417804,-0.4473191149741029,0.168254601150909,0.05426746099890348,-0.29409456161990166,-0.10671054543072576,0.26897497498022344,-0.11374480804143818,-0.13165881525046821,-0.09930639294301208,0.8421351029608081,-0.10976319296172152,-0.08670412427467354,-0.2436216644353425,0.0032460398032031685,0.5427767015295635,-0.13192151248628511,-0.790742393141732,0.005369944702769838,-0.8472708402173565,-0.12278251926761802,0.0685361378526192,0.05826200098779952,0.0037572260094766883,-0.08766228147906692,-0.26859654999172744
