0,1,2,3,4,5,6,7,8,9,10,11,12,13,14,15,16,17,18,19,20,21,22,23,24,25,26,27,28,29,30,31,32,33,34,35,36,37,38,39,40,41,42,43,44,45,46,47,48,49,50,51,52,53,54,55,56,57,58,59,60,61,62,63,64,65,66,67,68,69,70,71,72,73,74,75,76,77,78,79,80,81,82,83,84,85,86,87,88,89,90,91,92,93,94,95,96,97,98,99
0.0,0.5340446903987599,0.46801347046163844,0.23685185016506227,0.3686551995154785,0.37577739897674073,0.572818129392888,0.3846079861651113,0.4294848627505618,0.38722863649652733,-0.07740880167595846,-0.1993916945759146,-0.2441767412700078,-0.07979317671301724,-0.14378561822890334,0.5562167251953307,-0.09237428019113454,0.4742010638951005,0.04869905199322733,0.5508487667243773,0.1282767040134672,0.3049148678646656,0.2713575372481359,-0.047472853219286314,0.1624960026794801,-0.3583313473459875,0.5969844196499792,-0.4512062807630243,0.5432673640622603,-0.4550074120927106,0.2387290639568039,0.18878259336936232,0.6227060795157425,0.519116075473452,0.6012115373520243,0.5595074024392418,0.4164370579987228,0.07824231698557013,-0.07207761823598355,0.26018531194186906,0.5019673028285454,-0.12451293432745357,0.2757765917241275,0.029077237512678135,0.30078226848953116,0.28310361066601974,0.5825702711977876,0.6594076658555825,0.5282675793919684,0.5068391391202446,-0.12182992403007269,0.48787811659306846,0.058428908912454565,0.20325005760996256,0.3946736596514737,0.26741108536735847,0.2646601453233459,0.44473061615460957,-0.425807095647693,-0.17003718281665034,-0.15188197235127188,-0.27181720332334186,-0.14043092100102578,-0.10346464440706045,-0.21586681432849125,-0.30470803697110693,0.39312290988363896,-0.14311425930186097,-0.016835131423060035,0.3407779215234461,0.0858140020002028,-0.38004215870839925,-0.13889669316164505,0.19579846568893586,-0.07559408509289288,-0.3756931392679735,0.6301420028684495,-0.30038080562692837,0.22995531816237022,-0.17841559486668643,0.18273288969201343,0.5169117305586061,0.23559502884195987,0.23801479740000678,0.44122236504145684,0.4865319231454303,0.4525450741016175,-0.21116695851378503,0.6036351890090987,0.6149986081700142,-0.31451532351835393,-0.3635745606572139,-0.3617479414845522,-0.004990639473938065,-0.15149097037025067,-0.0032099492663785006,0.06083502318604104,0.5684704781165966,0.4925938858736494,0.49955208516971467
0.5340446903987599,0.0,0.6397952693462953,0.5617394252250598,0.8197536191165355,0.5983295692582898,0.6238164560143841,0.7844620591164156,0.693959476760466,0.0010609579863450202,-0.2615778039887502,-0.6385711051166174,-0.704265941228702,-0.37749533032400645,-0.5481251966011829,0.6133595615874148,-0.5165739994896688,0.4170459379734922,-0.23475657000821357,0.6765597714818475,-0.0982007944181975,-0.016791766648877153,0.04279758018576438,-0.42273121680902426,-0.1849385189805962,-0.731994183802169,0.7158697873664108,-0.6405692360684049,0.6713183554932083,-0.7801482890758213,0.40793147673500396,-0.1643818405734132,0.46342043641276703,0.3992850194344588,0.8492842384838342,0.8071059600328385,0.6252018725603868,-0.31793760385409536,-0.3627453451782289,-0.1161229891643346,0.7023085353965361,-0.21917007846503905,0.2663513158329179,0.14110324342560426,0.5570889901654079,-0.0420869345489124,0.8782114559174814,0.8176604165364356,0.7154725050609163,0.684668009437793,-0.020489034046498555,0.7463643671885914,0.3403609892046999,0.6922411741888466,0.6105579228143883,0.4051014141812329,0.694402409723952,0.6843081330238022,-0.6304857423955607,-0.6445914420752541,-0.6488352756148624,-0.7342945333363863,-0.5469986729156108,-0.4972907109002156,-0.5360183100786731,-0.6892447627949663,0.5944156143875116,-0.5573416375665041,-0.2591180812444576,0.3258859219075733,-0.07846537712843277,-0.7176020765496619,-0.43098461552902884,-0.20455920685467904,-0.5798092738786976,-0.7409348105535364,0.6409131230787783,-0.6854725727701639,0.42345477675650905,-0.2793750571779501,-0.11430709215385719,0.8007718495621726,0.4744810604572144,0.21327206585061845,0.6041819797815503,0.6062225248162323,0.5329411137229312,-0.33374605805034374,0.7675536966398515,0.6135082502824132,-0.1429956556452638,-0.5989113854068248,-0.6546131927973441,0.07183641218572026,-0.22458949054739175,0.14451113775386282,-0.11859887194635639,0.7162923133845966,0.674908246899267,0.6626442510659218
0.46801347046163844,0.6397952693462953,0.0,-0.057854502167364596,0.43742919687584103,0.9113492775285008,0.03776256448697001,0.3097619553733614,0.867380527100886,-0.18436552200056677,0.15056874790895045,-0.3048599374644919,-0.483261479909268,0.16944536090993784,-0.047461547000465405,0.003615170035180896,-0.11575222599173644,0.7312512188708965,0.267179225376126,0.8474660614665043,0.3869372830619167,0.16442304454927525,0.41473847411920906,0.009272312953579845,-0.08617467472331604,-0.5885809578422817,0.5411795267093524,-0.7875483699901372,0.8440855917462792,-0.6379215502615184,-0.14797695052955268,0.14052670883471513,0.024505855168553893,0.6112043983277813,0.4508002798911582,0.6760106837361486,0.21011994213518245,-0.5530102564044265,-0.7406361484417182,-0.29538342172191984,0.23206580325013776,-0.6824092303937765,-0.3504500235888778,-0.32597742233543947,0.06385361316151811,-0.3869504617875717,0.5488747393831618,0.7256408492415274,0.8113553443514244,0.32546186533875693,0.18467409959925116,0.820227565599951,0.2997931933481552,0.2871114669464561,0.9082395928766012,0.8920043039128719,0.437986586518545,0.9041845476975904,-0.2875824707235917,-0.2211059768632152,-0.5168477508683188,-0.5258002956833119,-0.5434476743217885,-0.028526782425199917,-0.04782579014335334,-0.2839966856167478,0.4303169342481012,-0.06886453435058641,0.24301285453739133,0.6401576889377605,0.4709513477491195,-0.27932257224930773,0.05891403616222228,0.037920032376693544,-0.25356771567246733,-0.8051982915825312,0.5471738681936209,-0.5910452333277484,-0.11736122639319532,0.1332010464158253,0.2854301668476104,0.4695267494348046,-0.1294382065808967,-0.41980684391543915,0.14533720750935047,0.0424468412067079,0.16279483375813986,-0.6827515727465897,0.8095764128586846,0.561451558424295,-0.333048637866357,-0.6137154770877216,-0.6071869092073071,-0.5111191815747516,-0.7011657378981001,-0.3618610638035902,-0.5685586115251146,0.7977574090215409,0.8579648382806591,0.3722203881632411
0.23685185016506227,0.5617394252250598,-0.057854502167364596,0.0,0.6855893962504225,-0.04617075387559892,0.7450668141168949,0.7654867030047515,0.12331450904684518,0.18704740244112392,-0.4693080763033941,-0.5882236372915027,-0.4359223323645112,-0.6992478016469948,-0.7367008179249642,0.7103367435284343,-0.6743768174417518,-0.35454711022444574,-0.7068268846663379,-0.014161257920265399,-0.6787150358085028,-0.35816376989732907,-0.518980600518128,-0.7188433297193239,-0.18189771382720885,-0.35925092874863923,0.3377112909229323,0.05460284963170928,-0.007845401878703442,-0.36596113221975174,0.8411727038831253,-0.26252054560405835,0.4783614701866394,-0.2644347672439846,0.5498146142578781,0.41870118995598177,0.6909297752050096,0.17453342370991026,0.2932998152805285,0.08335759742433357,0.7266291573904795,0.5412988190311836,0.7462102449716586,0.6622328986136538,0.7621659424894199,0.3012796855232651,0.5899542881639318,0.3395148614628345,0.1886706736024359,0.6487610763246554,-0.1709533946151907,0.14914630443746715,0.13139339433774558,0.7018384496421395,-0.032231740538539756,-0.2702248645756384,0.47779484234563985,0.009662842503021846,-0.49269848355626755,-0.6772180716897819,-0.3894958363915884,-0.4271389697926372,-0.10658432801256847,-0.6397361020159739,-0.7219540314567882,-0.6721173339579986,0.33348719958214956,-0.7737666756952496,-0.7528186948845895,-0.4030658924323266,-0.7092753800880918,-0.7933229179467073,-0.758531437086844,-0.47741883297565924,-0.64723135753895,-0.2244767633287215,0.2204554986426151,-0.3504314745549725,0.8295674586034482,-0.3931039593377627,-0.6798639019801425,0.5612964590930838,0.8224242642571014,0.5745886348933268,0.5112694008485171,0.7298267215483185,0.602742555682732,0.273838860807719,0.20256175217144692,0.02752879649374129,0.25701089273599376,-0.11023846190365111,-0.27662966818329093,0.6876620737384015,0.47588182719111766,0.6818552580562146,0.42283929327574604,0.0430171329687832,0.07612937274011784,0.5616485656264388
0.3686551995154785,0.8197536191165355,0.43742919687584103,0.6855893962504225,0.0,0.46717623927223484,0.5483240573144671,0.8370429937638759,0.5808802606912664,-0.22275315063977894,-0.4296343347930987,-0.7805167370629991,-0.7722586118888417,-0.5622958666000881,-0.7461386062336065,0.539094460724374,-0.7020737618155996,0.12285465834706058,-0.46947321054974533,0.4540495616842825,-0.37485581575383364,-0.2960398620099947,-0.24279732254453437,-0.6559506388787903,-0.4259848981539246,-0.7369732580463283,0.5979324709215873,-0.4183550146175941,0.4783657784995267,-0.699985180133248,0.5614483629305402,-0.38957582712606986,0.31148335345312833,0.09674956933443096,0.7340798261970555,0.7320811866532972,0.6910668964240632,-0.38000179513623167,-0.3093744166019601,-0.2951936960131954,0.7104703172959956,-0.032124818708621175,0.3173504289713088,0.3662182982662818,0.6936233724860305,-0.12879595729648835,0.801620295795742,0.659176061621014,0.5908825615023656,0.6844172779500711,-0.04770464102234014,0.5919565251945318,0.31212806707071894,0.7956082050256236,0.4772935265631305,0.24793880284379294,0.7111333912803328,0.5160111240804613,-0.6457899429739095,-0.8269563215141319,-0.7662906668729876,-0.7779006722172555,-0.5231699648181142,-0.673982044550359,-0.6989866933736094,-0.8014945565317937,0.5080055317873147,-0.7454529693453494,-0.4929226767069055,0.03442062315834806,-0.35263219672107776,-0.8127778055253684,-0.6173901829732745,-0.5065674608782352,-0.7851685652132799,-0.6818579105615789,0.4748263842017796,-0.6911931119128435,0.5770520890109359,-0.3685385219876351,-0.41283327839163014,0.7689270423144312,0.6274701232214255,0.255209078255801,0.5629601532097674,0.608981129888813,0.5622728746291066,-0.15177630910510453,0.5927660937968251,0.33713899076474313,0.051518102469447796,-0.5396357007612814,-0.6519495389815849,0.27434824756632503,-0.028399159726764985,0.3794790915910464,-0.023067846479107576,0.4932239257038334,0.5297740139239822,0.6454372725690747
0.37577739897674073,0.5983295692582898,0.9113492775285008,-0.04617075387559892,0.46717623927223484,0.0,-0.10968878042602505,0.26796627345316953,0.8285814090576067,-0.33877472031421346,0.10061513457474787,-0.3545237647528671,-0.49754247577678373,0.12682011502394133,-0.08078988484652369,-0.15864894526346168,-0.1933048377939489,0.5572098300564957,0.1586593028798399,0.718273617905581,0.26664702905182786,-0.0158443733055032,0.2676778739576693,-0.10596019310205876,-0.20805131387956877,-0.5763944668634771,0.4377951790266247,-0.6469330448860028,0.7361248308143596,-0.5566514564373821,-0.11070052787613896,0.06737386619470043,-0.14566635178898724,0.41116483089013983,0.273243068910068,0.6155031854184391,0.1961790461603404,-0.6238171111215619,-0.7625958020609404,-0.4530035397193754,0.15749212168939453,-0.620279982740471,-0.4218247966260529,-0.22902921364130546,0.08630218574955434,-0.4740392286446093,0.4169153280190844,0.6124002465523046,0.7636332395226785,0.2776072342075705,0.19042187629861387,0.7268925536540115,0.24324263478189398,0.2856347800708054,0.8886342607356222,0.8877289252704805,0.3870337752237872,0.8316107587436935,-0.24047685485329118,-0.2527886794182882,-0.5675422578545745,-0.5185506013399964,-0.5017826276581628,-0.052138252306802337,-0.07711317799837958,-0.27657332005111834,0.3303832289961925,-0.11775426038555019,0.1475797038020136,0.468600018420779,0.36834754227358657,-0.28122916356743627,0.003948460342343958,-0.1438368309080678,-0.33923580425614375,-0.7624992132703432,0.4246210907298406,-0.5701321125567425,-0.07495719373047204,0.15418802589136352,0.12550614833277654,0.38933578522412793,-0.11977069275923327,-0.4994191407182577,0.03767884357691337,-0.036663558162771365,0.1308074329393476,-0.6074435263015964,0.7054579569758349,0.342155584916938,-0.25000516305429876,-0.5605804981845217,-0.6029873006176593,-0.45494429887864324,-0.6339281873053005,-0.270141663763784,-0.554026519960897,0.6769853725338989,0.8054493592722369,0.31610510405433684
0.572818129392888,0.6238164560143841,0.03776256448697001,0.7450668141168949,0.5483240573144671,-0.10968878042602505,0.0,0.5653642193008337,0.10678517201579323,0.6258487073219626,-0.17037491894569076,-0.21543288939701113,-0.17001205202562342,-0.3799757274245567,-0.3549858583671966,0.8462159692049263,-0.2724269389280777,0.04717590512868414,-0.28888699254211214,0.19897566473418415,-0.24752586225595616,0.14027672215034837,-0.08442584854983412,-0.23065718747734212,0.2880540274799886,-0.15459610370093027,0.3949580763335707,-0.1592113635378101,0.1514810862740408,-0.33876971753613455,0.5913682414221808,0.16536658055988765,0.7477643447842924,0.16992627356414994,0.6696109381286942,0.3685259932135138,0.5062406649952255,0.4612252373392047,0.3927592693777847,0.5318053508260783,0.6551502078639037,0.3942853560018776,0.7572662524286233,0.30609584815705143,0.4716749013556172,0.5138546614314683,0.618212253647605,0.42893417567155107,0.20173731051150628,0.5620976392970108,-0.13845293397199696,0.22004914217540877,0.13418584952197077,0.41768876014653505,-0.05194756031901992,-0.2210032191761372,0.342547721176536,0.07486603701276986,-0.3734084265938177,-0.2875567150031034,-0.03320161491161603,-0.20449738381273336,-0.046195479158705435,-0.3237530710411421,-0.40303914171824173,-0.40300910587009997,0.40918711304780353,-0.39104833888272406,-0.3573532299932747,0.004274496956274703,-0.3090264105504191,-0.5304717266005072,-0.41852883020020926,0.1338995106165524,-0.17217993047580882,-0.1388293726380392,0.37466061663675987,-0.19673061216470644,0.5639288406182242,-0.2239095326136107,-0.1699830941243722,0.4980249084308342,0.5501345983292215,0.5761466470055582,0.5033601804786471,0.6823825105018639,0.500171493586069,0.08437662628865202,0.31508194082059054,0.4375273459407021,0.029625349219399084,-0.040867045776001074,-0.09816726007264526,0.42578082537955325,0.2877648036681584,0.31074435040914017,0.34760120531184263,0.20211457441545866,0.11584086049953216,0.5104052651392206
0.3846079861651113,0.7844620591164156,0.3097619553733614,0.7654867030047515,0.8370429937638759,0.26796627345316953,0.5653642193008337,0.0,0.4964433037389358,0.048094653862864274,-0.2519047111680488,-0.6528693305651231,-0.6603612486356408,-0.6289872394839446,-0.7455824562808006,0.6745612302442594,-0.7080161889439676,0.008497718671070435,-0.5327919505817691,0.4022075143071882,-0.4655226880890167,-0.3158338199263025,-0.355707853508192,-0.594523278964831,-0.1853337961262303,-0.5407214770974782,0.4539933950836115,-0.38763409640358465,0.3738872585761305,-0.6895803960199307,0.6677611147833681,-0.19276668507518444,0.38403122168941395,-0.0013717258501780925,0.7569533114046681,0.6600704066027081,0.6952937235362406,-0.07165990901781684,-0.01669682389035501,0.08732332341617764,0.805852762463437,0.19682254363470603,0.593517036810346,0.381178344050789,0.6695699340791452,-0.0317796836206961,0.8157642876216363,0.5572609639684737,0.5075992898917815,0.7583794786038442,0.10985695364454288,0.5490306034733116,0.45693322867819963,0.8604562982665133,0.3076902026675865,0.1071892520544258,0.7687463874689926,0.3940460957704047,-0.5007499642771609,-0.7434241053721766,-0.6039810533349453,-0.6938476061539748,-0.5106333273059892,-0.7107223625875186,-0.7008668436662806,-0.7950646390052554,0.6536814739796863,-0.7805793892514994,-0.5788846378970024,-0.03512472493089929,-0.41922864082047795,-0.8315294927018188,-0.7029349532508562,-0.275727289182127,-0.7233355098643751,-0.5837572209164236,0.42120454118750633,-0.6713087946033733,0.6837167489406697,-0.22608823093303207,-0.495458072178629,0.7597351688001646,0.6718443260723692,0.3090531717229109,0.4570470636235244,0.6446674869940281,0.59199138416743,-0.1657872481300019,0.5503823495697215,0.3888437282640885,0.2657001704728329,-0.28114741535114957,-0.4048252588061122,0.4024319876775415,0.1498405837516687,0.41564442090266596,0.04163496264007276,0.32353562098385347,0.43288592193549735,0.7274953666589535
0.4294848627505618,0.693959476760466,0.867380527100886,0.12331450904684518,0.5808802606912664,0.8285814090576067,0.10678517201579323,0.4964433037389358,0.0,-0.2798233906785212,0.14746418731694333,-0.4154233287197166,-0.5857422524268603,-0.02980831608505787,-0.2553433195000874,0.025031392798165783,-0.3310939012759097,0.5451001287467855,0.06227887520891968,0.7950536699662695,0.13583231400051046,-0.1033522711423187,0.13542512752548058,-0.1660791276482898,-0.19146176353402372,-0.5828739363413395,0.43607151135271377,-0.7402113507978235,0.7772038506437655,-0.7047076928385543,0.034115608754310064,0.08456310886261051,-0.06524675289715662,0.37524088043315446,0.45191257605986784,0.7114585987829808,0.33039502585765673,-0.5246785552725965,-0.6464121570306631,-0.24329149563286806,0.3710652288696363,-0.4971717317635511,-0.1788460624659987,-0.17295997839961647,0.19461250265382957,-0.4983902856822353,0.6063785039211583,0.6545797761351161,0.8306127153620142,0.46733093217432203,0.3375045640293927,0.8237222024173467,0.45424333926916466,0.49004413244451606,0.8580586066608062,0.8391571689695465,0.6024624943241663,0.8429511162692528,-0.2601858848803599,-0.38630299402137364,-0.6261660907621309,-0.6284987525062141,-0.6477348011864584,-0.2466561343942785,-0.22513214533218376,-0.4634073246828435,0.5700738977952464,-0.2859379391261398,0.011767426339222342,0.45039457569083896,0.2597475684007586,-0.4280486196145784,-0.18084223470305008,-0.05797958394730453,-0.4580495910801915,-0.8412234241118731,0.4984605447637526,-0.7253327839679269,0.08030701785011704,0.19170729323154423,0.003996530604023502,0.5539494520661095,0.025446964451298175,-0.4373486339904655,0.04689924187621164,0.07818543255228748,0.26935833064671955,-0.6837269389506563,0.799486234970964,0.4840224677162323,-0.036558807023351375,-0.49064386650612823,-0.5452245991518392,-0.32665320541474097,-0.5246176089864503,-0.18233518172082508,-0.5545486513072339,0.6327428000173236,0.8552583378232775,0.5202861524327105
0.38722863649652733,0.0010609579863450202,-0.18436552200056677,0.18704740244112392,-0.22275315063977894,-0.33877472031421346,0.6258487073219626,0.048094653862864274,-0.2798233906785212,0.0,0.18708026832847666,0.31466351963143846,0.378767968984744,0.14797012392349382,0.2048193517967227,0.41544393091738585,0.23391033516031523,0.002389914543877318,0.1057998574746114,-0.04391162143142938,0.09768442288485872,0.4278767910885957,0.19579420112397972,0.18623803745253725,0.6776683599077089,0.3008385537191052,0.03773879243206217,0.06124721973411909,-0.12429674779744791,0.13024336274210777,0.18200828894797447,0.6026009748538559,0.4743145483885277,0.184984752226991,0.20055575800290015,-0.07528080818539538,0.0008492467778704789,0.6812342090696683,0.4767704805169686,0.5946626828991136,0.11993404597980593,0.3484592786866905,0.44320556662398664,-0.015585566067685267,-0.015055993747115439,0.5882578730664935,0.17960861596077102,0.0864660460857142,-0.12399669478021243,0.05594129586997324,-0.11544349155848221,-0.07713268323265786,-0.06481776858952493,-0.060735054819640456,-0.193482038471981,-0.1786270199115591,-0.11064962177459976,-0.10002488256536664,0.09288898832440098,0.2844237739695219,0.4594200414702128,0.34632516468999636,0.3328559884470052,0.26960120451132213,0.1628775168361285,0.16889296185027985,0.009754339224037515,0.14293453104746612,0.03709578791628886,0.06942005112811829,0.02222337128478411,-0.043197482942275975,0.04941669865687576,0.3719725399592204,0.30968802372384163,0.16178473693732476,-0.032403840155803595,0.24280035128842503,0.13894284386353375,0.16854353409345726,0.09279137612377752,-0.045722802177242124,0.07870014279490992,0.25761248114794355,0.09007022276019458,0.22329402625870684,0.017266304197203975,0.09135699801462757,-0.01822305410263036,0.0953977939805366,-0.09007295338933154,0.27150635207193424,0.2263575763238061,0.10710105327342577,0.11883161417144131,-0.043894254595167284,0.21791936954323035,-0.033689659883390045,-0.14699197739080933,0.0056000251694840065
-0.07740880167595846,-0.2615778039887502,0.15056874790895045,-0.4693080763033941,-0.4296343347930987,0.10061513457474787,-0.17037491894569076,-0.2519047111680488,0.14746418731694333,0.18708026832847666,0.0,0.5099454410556178,0.322010775578203,0.36994527923166387,0.3813680005728095,-0.3139497327758554,0.2640195490261441,0.14109396775515912,0.368087962295965,0.16733626030550547,0.3156806695624264,0.07674491232066764,0.12606742721069947,0.5201863591357262,0.5479538903308065,0.46376424202206984,-0.5018175769892921,-0.27801650540914463,0.017909940178367636,0.00887809235861573,-0.38908461953718876,0.6409828796832527,-0.42956267038280244,0.03217190864250087,-0.16606000084491168,-0.21943100733690307,-0.4267505710701924,0.25504980822830653,0.0875077252108846,0.520151335697971,-0.24188286395751224,-0.08531676474614383,-0.0627012725490158,-0.5684567072166702,-0.5621746262295111,-0.3699903407389158,-0.10872167430632408,-0.2694882756577757,-0.028890850053197196,-0.2179698351747663,0.7200689705283685,0.16443366511036017,0.5653625242930174,-0.02364384883053579,0.01789234966946299,0.29459900935839023,0.1600187059328974,0.12397503796678523,0.6854798922983528,0.4462831309057148,0.3242728740975334,0.23230630062233862,-0.2397636511242596,0.25546227395066473,0.45285737016439587,0.27624688680604637,0.3039537241918508,0.3031665464856452,0.35253847162868074,0.3217957449059081,0.46962270545067003,0.34938605823463886,0.2561479472781701,0.707724693716397,0.28998772864664585,-0.03706232805961805,-0.26694543390291947,-0.058095093292057,-0.36106112212109515,0.8202486083217928,0.19298932450360956,-0.24466695087595197,-0.507636643840782,-0.6024782939003344,-0.6753214245834287,-0.519173522904623,-0.40881774319289205,-0.5731688889465391,0.01812052529143158,0.13557445346358013,0.39834999606423926,0.49976552719278655,0.5328535902108771,-0.38018209304381817,-0.23285891917740795,-0.5182313029229794,-0.5602053165751503,-0.19414010280051486,0.048254661823283564,-0.12559257710058916
-0.1993916945759146,-0.6385711051166174,-0.3048599374644919,-0.5882236372915027,-0.7805167370629991,-0.3545237647528671,-0.21543288939701113,-0.6528693305651231,-0.4154233287197166,0.31466351963143846,0.5099454410556178,0.0,0.8483322674565819,0.689844152821592,0.7614046391831646,-0.31576540327178887,0.7681966183917932,0.03143604311005104,0.6274704319236232,-0.27928213924961837,0.5087021726174058,0.5362657756383469,0.405939144143146,0.7947489802339623,0.8047426079250825,0.8242371595434801,-0.5695304698347201,0.19976856762759235,-0.3981884222110887,0.5840699195208927,-0.5372440320289141,0.7569967409733491,-0.1920525385243185,0.12799286198994964,-0.3963583606638889,-0.6710150077395205,-0.7220572921904375,0.6073080844429477,0.3929484418523302,0.5807194416875738,-0.5949678078511562,0.0841381169610772,-0.09840214863143319,-0.5607460182608541,-0.7431696062370953,0.16939392685087235,-0.4586979010872886,-0.5178585680333371,-0.5506243422120652,-0.6307262772761923,0.20564112771302803,-0.4081538153110294,-0.02583406666757916,-0.60310496981754,-0.4453680224063244,-0.1687576396671912,-0.4803889047565157,-0.34141898151786937,0.7349206147460002,0.8342580067422486,0.8435926587261392,0.7901260364286647,0.39236166535201705,0.7235337231389531,0.7818776227345794,0.751645409488234,-0.30236325778910567,0.7426972689167962,0.5791195825228778,0.21979579642340474,0.4822892152093395,0.7074899909339377,0.6294190522209899,0.7439648473728852,0.8122878840874719,0.48698125163443445,-0.5385651236256414,0.5912575403395558,-0.5647410099229055,0.6210962911878899,0.4695394680339369,-0.6833419432781407,-0.630266771318515,-0.29534792840742674,-0.5672942932202844,-0.5664652179428024,-0.6498287576587183,-0.0787784459350227,-0.46122480492140583,-0.16781323957211605,0.028534324032628237,0.6207281850694668,0.7141767647127256,-0.3723374801832067,-0.12275628946245433,-0.5597225211454973,-0.18539734377954006,-0.45063429250148346,-0.47939038267998596,-0.5943781172727771
-0.2441767412700078,-0.704265941228702,-0.483261479909268,-0.4359223323645112,-0.7722586118888417,-0.49754247577678373,-0.17001205202562342,-0.6603612486356408,-0.5857422524268603,0.378767968984744,0.322010775578203,0.8483322674565819,0.0,0.5359017898080647,0.5876483023173263,-0.21217311971972563,0.6451663321394608,-0.21789174304846107,0.3951016941151531,-0.47553687933212196,0.27457429675723016,0.4404428365565134,0.24616433616894082,0.515854251366697,0.6368708560850118,0.7246428497453729,-0.4551712336993459,0.45049931501240953,-0.5302543999027632,0.6710470574265021,-0.29340204732717473,0.5704069242053428,-0.056200177665578915,-0.028996091918336978,-0.42394741831018407,-0.6429477506320921,-0.5247174759696478,0.6368730228259126,0.4897722117300195,0.4118898503652245,-0.5087428243173719,0.2802210144063021,0.014896286694588567,-0.22496094598525007,-0.47226567460742447,0.3908828690597249,-0.4592238929001417,-0.4802529121909989,-0.6027906641295873,-0.5356155827323652,-0.07675653924155726,-0.5559633947049818,-0.2820447052243488,-0.577837441908925,-0.5079317100989711,-0.31887536772013975,-0.5881582730208043,-0.47158558761153735,0.5450724472919506,0.693402539646496,0.8053113084952255,0.8143660205978012,0.6436183680330584,0.6640419018601625,0.610980843419694,0.6602050353740797,-0.48545401284389766,0.5964677441450875,0.3371721645745803,-0.07399476593309492,0.1844735398517374,0.5233319695711299,0.45567769396103963,0.388814686017541,0.6724709119286922,0.5686776822864141,-0.5206903927774029,0.6819194694835817,-0.33117228624909656,0.3502671146492421,0.2423935538503,-0.6548559661404757,-0.37029743208950994,-0.04865213097107303,-0.3777620361624844,-0.36260341154465403,-0.4697788796384867,0.2413191535689893,-0.5516754469768856,-0.4267066511985994,-0.04867195884562985,0.5367245942250366,0.5636857864428554,-0.12033858504745809,0.06890497139296042,-0.2515830376254841,0.10059488395365605,-0.5032012688342785,-0.5625806784473306,-0.5582815993620086
-0.07979317671301724,-0.37749533032400645,0.16944536090993784,-0.6992478016469948,-0.5622958666000881,0.12682011502394133,-0.3799757274245567,-0.6289872394839446,-0.02980831608505787,0.14797012392349382,0.36994527923166387,0.689844152821592,0.5359017898080647,0.0,0.7295344303446296,-0.4572559916326835,0.7776194316654002,0.3882570610028388,0.8178807886195115,0.03724978837383866,0.7465387385272089,0.7004662075840733,0.7198202802738041,0.6968918433927702,0.5291351666098135,0.3744088926868285,-0.13812039831527,-0.05001993357971817,-0.028498990687229855,0.4007092794420426,-0.6585642665245863,0.6397491494397624,-0.22083311781147036,0.49225871595461185,-0.2238505604635026,-0.34872618511270487,-0.6601736842131535,0.062299742845887476,-0.21434952111191008,-0.06568878116387518,-0.6272346410047239,-0.3810391766357556,-0.5278732402907214,-0.6534692770466886,-0.6276953302534478,-0.010709841818652125,-0.2134405687886725,-0.0889139086154156,-0.19912973254761504,-0.6153687977881295,-0.04196898109086432,-0.10834482493482461,-0.17878803318094796,-0.573214195558202,0.09742083769893858,0.31972824637063546,-0.448203737988104,0.13174312986872122,0.4081927004840731,0.6137537521973396,0.457896472130971,0.5143837699319788,0.2468520887313374,0.8046400547855092,0.7695051268348304,0.6535199145417918,-0.42632953666257534,0.7592455856607614,0.7591996835071545,0.5073686328684506,0.6884159542477638,0.5427847136694041,0.7574165031357842,0.34435635880545307,0.6325854978285852,0.02974453582057703,-0.38432662234189163,0.40701498215342435,-0.6914788331150514,0.48305712717105703,0.6298133303761453,-0.5408625119024435,-0.6858923599413301,-0.5036821150850783,-0.34995050554888335,-0.5764173840483983,-0.6723349474412461,-0.2442635998868014,-0.1621446453239609,-0.1499899947193781,-0.40230363359873095,0.050341103955514964,0.12280022177903088,-0.7124104338450502,-0.6240255728371974,-0.7072940338184328,-0.45025419072822487,-0.019669166262651055,-0.0988042083811972,-0.6068085491997139
-0.14378561822890334,-0.5481251966011829,-0.047461547000465405,-0.7367008179249642,-0.7461386062336065,-0.08078988484652369,-0.3549858583671966,-0.7455824562808006,-0.2553433195000874,0.2048193517967227,0.3813680005728095,0.7614046391831646,0.5876483023173263,0.7295344303446296,0.0,-0.4196830979674284,0.7653682077024979,0.25549437157020144,0.6779196341429017,-0.11635265349679628,0.6570428596733598,0.5994725885132824,0.5999693672600594,0.7102470453507942,0.6138734164963224,0.5262999961626685,-0.2799491718779931,0.10928523964231551,-0.16699141600813466,0.52239342722597,-0.6116872662365104,0.6217667798075451,-0.1541661170213479,0.3053388039513037,-0.4408144996199416,-0.4734581653836785,-0.670089007212956,0.25451936459129576,0.020618080988417224,0.15165293095254676,-0.6610079211919436,-0.22701607976057453,-0.45223101322025794,-0.5607034577336945,-0.6890170504398205,0.16496733283178697,-0.46413164942672364,-0.26575192822252136,-0.31505628634601757,-0.635664522124213,-0.03862998502667844,-0.2641329954056514,-0.2711954658575875,-0.7082218277850598,-0.09504397688610966,0.10784489560900873,-0.5831251485987784,-0.10890135260025988,0.4881722057444223,0.799857223412217,0.6282897528789824,0.6081734186744975,0.3607586732957598,0.7941033872375011,0.7763012034626113,0.7672600485932126,-0.4331925349706452,0.7971613158089105,0.6943138849364225,0.3578754575604387,0.6129345115225117,0.7052086086198364,0.7570810973427394,0.5205457606511397,0.7830275497252343,0.35645698952486576,-0.35593456018070657,0.5543166236714275,-0.6457687030805178,0.4407287581044395,0.6409894931344113,-0.6084295132781631,-0.6870487308874386,-0.34941105269225714,-0.37079178172321453,-0.5206727309370429,-0.6257240546267825,-0.08503925381414071,-0.29205437424114983,-0.08161761721289215,-0.35658388432181776,0.26781865148739775,0.3536652718650213,-0.5298913354820965,-0.3570983510764974,-0.6018984813357501,-0.18612837061881388,-0.06707432236868413,-0.23561014633637947,-0.6226740813251994
0.5562167251953307,0.6133595615874148,0.003615170035180896,0.7103367435284343,0.539094460724374,-0.15864894526346168,0.8462159692049263,0.6745612302442594,0.025031392798165783,0.41544393091738585,-0.3139497327758554,-0.31576540327178887,-0.21217311971972563,-0.4572559916326835,-0.4196830979674284,0.0,-0.22073801443335647,0.0948936320962884,-0.2525287410006884,0.17628833599643431,-0.1941231345519287,0.23342557970955122,0.002116228448060176,-0.22659699984413476,0.20333203072873257,-0.21980032703582802,0.4959216469702067,-0.1385786175100142,0.15182188073820985,-0.3083563256356869,0.5426595436862163,0.023980797105775956,0.826640511355559,0.2597246000039675,0.7098594527563613,0.3582690671600922,0.5002444002319095,0.37887476550462096,0.34007397993017047,0.42226066716694577,0.6283106254397177,0.31898519701808065,0.6950454575635622,0.3123413270720925,0.4931553529929968,0.5849117837737077,0.6169598033440273,0.4610179975017143,0.15713058381846529,0.517454452859096,-0.2981175780891777,0.177503706926727,0.01480380233790372,0.3454526032350168,-0.07938432325219773,-0.29033342987350025,0.27182761877280187,0.04586553127257069,-0.48519083294568116,-0.3120242637588834,-0.04438578955607571,-0.20551940558168758,0.003221568240373601,-0.3051082984218412,-0.4044255943957482,-0.3874070392236538,0.3101019225881164,-0.3533440971065578,-0.3014914963234193,0.0401945244622523,-0.30191643554699404,-0.500126603425542,-0.3609552414358082,0.06354059170603077,-0.14251398639177418,-0.10822198254720007,0.41412891004439506,-0.13754980843168094,0.5051031494985071,-0.39658427642422317,-0.07751039132147079,0.4976988391915298,0.5628912193868385,0.6929945458434581,0.6483996447046991,0.7363957501782895,0.4974839324256561,0.17380812846640123,0.2832989160313997,0.45718140596566453,-0.11848831393233462,-0.15781144257336585,-0.184926523878238,0.4087796060441035,0.26109264423026973,0.3123942540710523,0.4175552541289951,0.26890408739810345,0.07038953101574263,0.45050004929626714
-0.09237428019113454,-0.5165739994896688,-0.11575222599173644,-0.6743768174417518,-0.7020737618155996,-0.1933048377939489,-0.2724269389280777,-0.7080161889439676,-0.3310939012759097,0.23391033516031523,0.2640195490261441,0.7681966183917932,0.6451663321394608,0.7776194316654002,0.7653682077024979,-0.22073801443335647,0.0,0.32921387083553666,0.8127899828209831,-0.1560331529503093,0.737416347761153,0.8147841700009748,0.7443831013658485,0.7902880780075012,0.6044840488860137,0.5309100941683589,-0.16889877300623476,0.13232585258038307,-0.20687473129535533,0.5717220242302177,-0.6436543597980059,0.5677896254179938,0.004227797327920325,0.4844146882513048,-0.2520204965007149,-0.5178777286794498,-0.689503714847861,0.2826023915409382,0.03884323297358248,0.13300350956316237,-0.6515867678002297,-0.2320679074415605,-0.3829517475796134,-0.5869657992981958,-0.6572981737722213,0.27147822178395326,-0.3512922445824437,-0.21890265192872274,-0.435046312261688,-0.6913902789433731,-0.22175002851286546,-0.35531872853431484,-0.35963411721501903,-0.7737300698062655,-0.23230844983974466,-0.04906217853259757,-0.6384015340309291,-0.16441529382399703,0.37179342190648185,0.7365221384967973,0.6851701377828486,0.6896735113175926,0.45479758277687654,0.8444966820374928,0.7937285468991693,0.7709133169845883,-0.5458801145193856,0.8497643622636016,0.7661481643542658,0.42746657055941056,0.6046501123133902,0.6891397014656159,0.8159955308592698,0.47691318506502756,0.8447008989194468,0.3507123721091315,-0.37822387615826547,0.6436250652024824,-0.6930445789269558,0.28691388189220746,0.7397021912574796,-0.6224580685543972,-0.6439380773560535,-0.198842624223013,-0.2204445171564807,-0.46819424264034676,-0.6443899291071279,0.008068432738978787,-0.35094564567637554,-0.10217579351587636,-0.47477636427613945,0.15343327988877806,0.28716954278243834,-0.5624374633048798,-0.4138949021142246,-0.6414612723207556,-0.17366219232721514,-0.11837367222122697,-0.36124911643802904,-0.6911049132394912
0.4742010638951005,0.4170459379734922,0.7312512188708965,-0.35454711022444574,0.12285465834706058,0.5572098300564957,0.04717590512868414,0.008497718671070435,0.5451001287467855,0.002389914543877318,0.14109396775515912,0.03143604311005104,-0.21789174304846107,0.3882570610028388,0.25549437157020144,0.0948936320962884,0.32921387083553666,0.0,0.5661186579173079,0.7027425889599509,0.65092505049417,0.5471659089384264,0.6889505531182515,0.41015883240554735,0.11095988121955666,-0.32142385061576895,0.4959624623302478,-0.6898927103929701,0.6837430551586026,-0.3889979212978413,-0.3992973195270041,0.17921708803510195,0.21758719937199147,0.8316403349188152,0.4504039982229844,0.38281573510292266,-0.06144558073942464,-0.36794786577705235,-0.5641060492383742,-0.0782057573189059,0.03973926733907369,-0.7106776679799968,-0.3553689443287331,-0.5386395982472422,-0.1902806086776102,-0.16577665900113348,0.39320165765170745,0.5546003900911695,0.478237968895741,0.05581874004232138,-0.004958581910422861,0.5491072383731148,0.13195554234076667,-0.08729652804902874,0.5440326280633137,0.5405397636482968,0.16054481880810298,0.6234025021091169,-0.23947007306971607,0.04779072086355775,-0.17792585196911048,-0.2793259168340369,-0.4061403381875412,0.16652587190466903,0.19214279595359232,-0.0004517529882830782,0.2511444863925741,0.2697329943316406,0.5510796320193561,0.8142452537525569,0.63314033042586,0.06702624731054442,0.38116713450617645,0.3630571985813708,0.19009845909739098,-0.48056404689359167,0.45453109758974813,-0.25671402284303874,-0.4040474520235868,0.030090092553027956,0.6933881089458034,0.2667699307345732,-0.3139045128499738,-0.21212752206690766,0.22039289218461497,-0.0248258480392521,-0.044604318538492234,-0.5443335346051096,0.5597227369578449,0.7339932832187221,-0.5034032302420601,-0.5221301163465647,-0.38134310680901223,-0.6058871656701581,-0.6912544983933854,-0.5600058209105786,-0.459718259028818,0.6744401510593597,0.529208006683379,0.1096863131370049
0.04869905199322733,-0.23475657000821357,0.267179225376126,-0.7068268846663379,-0.46947321054974533,0.1586593028798399,-0.28888699254211214,-0.5327919505817691,0.06227887520891968,0.1057998574746114,0.368087962295965,0.6274704319236232,0.3951016941151531,0.8178807886195115,0.6779196341429017,-0.2525287410006884,0.8127899828209831,0.5661186579173079,0.0,0.22748901174626032,0.8009904379827515,0.7301436944649446,0.774835505149563,0.7549426147885192,0.4415559529211278,0.25110061092618363,-0.01164572467325823,-0.26939673449912477,0.15242818976423408,0.19726640559654696,-0.6955500126202274,0.5071487937701663,-0.11613242418780835,0.6527052631518361,0.006136363979028692,-0.2170462487707814,-0.587141815423238,-0.05339336231443879,-0.3074312947505911,-0.005497012179852273,-0.48740921297920364,-0.5188646245983797,-0.49305292372360315,-0.7332090548426035,-0.6045755107871733,-0.11287864065022664,-0.05585417780668156,0.0276413718733744,-0.08877811600156364,-0.5074864971834928,0.01944454325543466,0.04357024469969269,-0.025758700585552106,-0.4896214321116591,0.12558219032094228,0.3100449444579239,-0.2671936195148021,0.2262679882417901,0.27323437578608395,0.48166562931966694,0.3276962788954484,0.3165051326395244,0.0029660685362038206,0.6358108370360427,0.6702828899349911,0.5116860061459838,-0.22069127819296888,0.6850021247781418,0.7930398621740729,0.6838746142842782,0.7470203604234615,0.5071895148254224,0.7307698681459334,0.4610475570640366,0.5893315049586556,-0.08391408992544534,-0.19848698101005824,0.24310304887766213,-0.7213799366599952,0.3799449155625815,0.7484323291249186,-0.3578159547347728,-0.6594366312310922,-0.43741371372039584,-0.21742344039274272,-0.4927268748246888,-0.5810463701968493,-0.3710750830207347,-0.0037113260271435613,0.1700576448148785,-0.4053087449345069,-0.08636505913135163,0.055216451430166194,-0.7508754168274852,-0.6873584789581453,-0.7625350072869271,-0.5264307136407487,0.11600879146413308,0.0013830492285118567,-0.4679859181311259
0.5508487667243773,0.6765597714818475,0.8474660614665043,-0.014161257920265399,0.4540495616842825,0.718273617905581,0.19897566473418415,0.4022075143071882,0.7950536699662695,-0.04391162143142938,0.16733626030550547,-0.27928213924961837,-0.47553687933212196,0.03724978837383866,-0.11635265349679628,0.17628833599643431,-0.1560331529503093,0.7027425889599509,0.22748901174626032,0.0,0.34174895947090067,0.15946278538069444,0.3595478973578668,0.10125460703217823,-0.027430314725165765,-0.5112507618835952,0.5162100712834767,-0.872077518634311,0.8697445315651243,-0.7391128041043128,-0.10430038980337622,0.13110742584956256,0.16905406046745686,0.6333432607937445,0.5915809354869626,0.6938265205577684,0.268909922057164,-0.4127705146560111,-0.5696558753989114,0.017244506623447273,0.3841404218898439,-0.5992893900214351,-0.12574092500748957,-0.3445376838483871,0.06308645595758107,-0.3604915064629019,0.6334846388759328,0.702092742508025,0.7998338600679755,0.4408158335045094,0.30786556222075306,0.8528089815912747,0.471961890165054,0.34785205819072856,0.76682905931566,0.7336422360102177,0.5680606203803272,0.8295028497594286,-0.2827581557740255,-0.2373074249406218,-0.4638149550252691,-0.571978526008931,-0.6638839738133305,-0.18170771846889983,-0.12437611959616496,-0.3702029399690468,0.6593189509470303,-0.12152874981542228,0.21183327766460922,0.6861160475902681,0.4332144888656537,-0.2804201962966267,-0.01786649539069489,0.2979605096469045,-0.20764498845233442,-0.7419202443713733,0.6585687145933818,-0.652745730209872,-0.06871436759475835,0.12246450142161026,0.32730614601151903,0.5879669406685074,-0.06805835265408253,-0.2865644203315884,0.17168571830487786,0.13607956192714585,0.2722469099981599,-0.7285775757713678,0.8509379401207038,0.8310108486195392,-0.17545921963023559,-0.5125668481066606,-0.446922411676559,-0.40624621909573705,-0.5626773517504612,-0.33836189688583346,-0.5211525805849413,0.7528815558020482,0.8318582743122218,0.5228888454403603
