0,1,2,3,4,5,6,7,8,9,10,11,12,13,14,15,16,17,18,19,20,21,22,23,24,25,26,27,28,29,30,31,32,33,34,35,36,37,38,39,40,41,42,43,44,45,46,47,48,49,50,51,52,53,54,55,56,57,58,59,60,61,62,63,64,65,66,67,68,69,70,71,72,73,74,75,76,77,78,79,80,81,82,83,84,85,86,87,88,89,90,91,92,93,94,95,96,97,98,99
0.0,0.2994261575599397,0.4399867911622185,0.4005376642911085,0.20656504764275085,0.3249945995522502,0.4744736604485484,0.4663001733318766,0.43265503366066455,0.4173725412520982,0.5204555555705122,0.4589370281879439,0.3565166453939059,0.2737388528563963,0.3875953274834228,0.2598988968328929,0.4398698355733052,0.5577090701220965,0.4625314848463648,0.5765624708864517,0.5238797593056762,0.5080421610004494,0.4122618564830938,0.42675847213338164,0.5757984259863875,0.30395904986559424,-0.28889828433180814,-0.41827762452914996,0.39782505356629017,0.07623341948043648,-0.7047827671308473,-0.539856561133417,0.732830202095438,-0.47717721430077514,-0.5327550321410026,-0.49531245816149866,-0.5393364640346212,-0.5186667166685137,-0.2872204731783721,-0.1640998506396055,-0.5470062062311387,-0.5624774454414285,-0.5918591302227175,-0.5892294524039878,-0.5572854797646705,-0.5586474173533379,-0.5468714802307691,-0.4816885941599034,-0.4281388499156204,-0.5312645716159388,0.750590835334794,0.41415035608591605,0.39971615122843196,0.19911123052701313,0.17826316746897564,0.27221096512452503,0.491801250948885,0.38667019224341476,0.40917898026463756,0.5533467226300997,0.3987233397183804,0.26627396684903515,0.4116192178102348,0.40349543906242274,0.5820540682387626,0.3010499963520402,-0.621216526995857,0.4586726429786323,0.4925749329939936,0.5319935954240147,0.4908366834106511,0.3945888884911441,0.4035354091110018,0.46282501055184405,0.4803442398416766,0.4774196007537762,0.37254608865385175,0.3398186097184212,-0.5679857393748904,-0.5684557099780156,-0.09692565034088667,-0.5626968721352035,-0.5126945044844406,-0.05733277481315766,-0.0492083275963146,-0.4927536239220408,-0.49222192420331745,-0.579956263652469,-0.4955742875889037,-0.5592827789803656,0.06808777539357377,-0.05570130950089782,-0.35731321901508734,-0.49630728407016145,-0.7164100912710148,-0.5946669683211584,-0.5729150728570628,-0.5050254634132804,-0.4486480830502699,-0.5468723279010752
0.2994261575599397,0.0,0.5038069809707262,0.7320544396317419,0.7760607818421408,0.29404124945702875,0.4119920566973722,0.5471136295679848,0.5358047314399931,0.5882985740094822,0.1802107255268775,0.5484418136301723,0.6279466114894449,0.61963637069975,0.5880797893797599,0.7488585179816667,0.5628157916272079,0.44882071395852186,0.6179969751331673,0.4644268603253993,0.4640391242803366,0.6287681725265287,0.6292383245100255,0.6019174910747072,0.4190595011397936,0.5766342732602705,0.1662896227693594,0.13646975223383195,0.5307052860425102,0.6529802844428545,-0.16329177554472843,-0.26159379438927416,0.3708472413247788,0.24372535795842215,-0.31528120995489317,-0.5605812077564333,-0.22063638072452993,-0.29969804655533416,0.21290012867312055,0.5759108087464728,-0.38280886277708,-0.0294900093677604,-0.3833401303524317,-0.39737631200425966,-0.4173885293863175,-0.3404065470207746,-0.39159864430214075,-0.5371180853787821,-0.6835504684602113,-0.49022419099277,0.342579800585322,0.7140508853478647,0.6784579987128889,0.8211112360790747,0.748591988030219,-0.07655180416515851,0.48059485474414587,0.6357444875798357,0.5747771699207117,0.23341206684183421,0.5565265899150941,0.5973026816681779,0.5482958137413059,0.5100612342704122,0.4700143974408251,0.6230817490975993,-0.33818176220602064,0.5110732110668524,0.5604070617639553,0.45458260224439684,0.5267705236431277,0.6557671593299036,0.6349320627824594,0.5822630478832054,0.533411921346798,0.5438465131333197,0.6171153681749436,0.6159033508288994,-0.28880214957334005,-0.3990870880802613,0.5881635945379475,-0.11059589776553463,0.12863253471168973,0.692137155308605,0.5911464753884342,0.32383524651007994,0.005514994008825844,-0.13020058381262228,-0.46897751216528616,0.09890808334176948,0.43422983952650734,0.16112902198839524,0.26431709400802866,-0.26737079075247927,-0.058085358738373484,-0.3198797305410092,-0.19143895347694445,-0.10101512511599403,-0.621890277953873,-0.41654829843714525
0.4399867911622185,0.5038069809707262,0.0,0.7718246763166264,0.6219400101095303,0.8645414170855229,0.8792125165309702,0.876857050244515,0.8920691865070363,0.7995752993847848,0.7750032453208779,0.835044865383222,0.8146235646436448,0.6921287424204968,0.7882332577022251,0.7471229027019746,0.7785002710208652,0.8123419855787896,0.8220117939864261,0.7832393496669233,0.8102525313537549,0.6130779173042327,0.6589350564874338,0.6955157922289311,0.7957694639883651,0.83529813103181,-0.4131042863061919,-0.4160913442902865,0.7115098025949197,0.501245714315618,-0.6381186379330581,-0.8150267578158702,0.47734283196245675,-0.2815885279612106,-0.8214129228664467,-0.8015283618525797,-0.7381371146966702,-0.81123557291761,-0.48986954496206453,0.0687545616724578,-0.8086942457406576,-0.5867736940863868,-0.7781140105657515,-0.7710393663611557,-0.802220100693553,-0.7940550028841191,-0.8072031292253234,-0.8279354101724788,-0.6820074061247795,-0.7984702386218877,0.6738764770245714,0.8401874681741528,0.8422929644456938,0.6422962529292799,0.743153575452791,0.6710895293075902,0.8749835889175673,0.8985400031242186,0.7954527121591292,0.7857522938449297,0.8319893079898256,0.8868666072892609,0.8938213815629984,0.8802073175368911,0.8053695840614189,0.7745868738511548,-0.6533372799385041,0.859846882487062,0.8036255730118018,0.8359005512841883,0.8008877647211936,0.8021686874761587,0.7649291875876773,0.8497217515521076,0.8004675153324293,0.7957622573039704,0.7579664174451564,0.7183814650334293,-0.7350572030767004,-0.8089605239983081,0.03791801980301245,-0.7146560364052457,-0.5016330224336867,0.30179116929786276,0.09639428077165382,-0.3181719774409967,-0.5816594832606342,-0.6961186973909317,-0.826396701451563,-0.5733623556399565,0.07548360061253864,-0.46430085152043493,-0.3664896929918458,-0.6749837933486722,-0.5345274447959615,-0.7605098963845038,-0.7400762312556418,-0.7232703436300911,-0.770070636297119,-0.8028244779226049
0.4005376642911085,0.7320544396317419,0.7718246763166264,0.0,0.8719983221982347,0.4562884909739923,0.5633983182035213,0.6882212862947836,0.6660159312931907,0.7549186434488532,0.3484459938892777,0.7210179818176977,0.77981942614331,0.7665326919856986,0.7527984984174367,0.8646923352817361,0.745555818563571,0.628305010268309,0.7817086441152957,0.6568707894426998,0.6541029966868689,0.7826938296749617,0.797938269820022,0.7791756859549654,0.6121657684211177,0.7420326298134156,0.12939954419020058,0.06823349659166597,0.7157345603488051,0.7464298003966096,-0.3698706529909292,-0.44078043316196314,0.5720400484498239,0.15145531396019174,-0.4848119296468773,-0.7397794557321542,-0.35930987970626244,-0.4689522781825664,0.1339670643838747,0.598983738695547,-0.5681670017966147,-0.17317632986314788,-0.5732793796860869,-0.579349862616841,-0.5981384259716779,-0.5268023692247044,-0.5855708459616739,-0.7130273515736056,-0.8469750420084543,-0.6804128675433314,0.5187493409954432,0.8351048233912649,0.818611526224539,0.8952433549463016,0.8451443027586678,0.0014904175629211502,0.6293947074908609,0.7506905939844272,0.746835108455476,0.4006103627081863,0.7241627272302912,0.7166364861941259,0.6816432943505476,0.6565875752893502,0.6495501550343005,0.7648112317764112,-0.574160230211139,0.6709513148788215,0.7334923959499283,0.627591786359528,0.709064533243009,0.8079162123283566,0.7972941290851409,0.7389262029917206,0.7162516779540086,0.7256150663682626,0.7802905352766671,0.7757257243609733,-0.45430384964373505,-0.5887534513262814,0.6009380256899317,-0.28429200723392756,-0.007149004391128579,0.7244106890412219,0.6134028029177507,0.1963388938479337,-0.10001065589461022,-0.29356535879902923,-0.6575596869466347,-0.08561852972682586,0.5078225993577357,0.12916076658926132,0.17493160003519792,-0.4039295059340265,-0.2841269060918293,-0.4990176104111335,-0.38044367636895293,-0.25078747508868326,-0.7933115686525076,-0.6094342137428751
0.20656504764275085,0.7760607818421408,0.6219400101095303,0.8719983221982347,0.0,0.31154552350396986,0.3024245525589517,0.4389302980702982,0.4290488763312919,0.6310432429636601,0.11905529163302953,0.5293349845414977,0.6448352006023926,0.7596977764583146,0.6565098430642562,0.7222326115028106,0.5751880663923028,0.36713535649795886,0.6101661663549596,0.4657315388508413,0.47249269888132595,0.5478938207045271,0.7050224421001843,0.673244019591805,0.38812547031669126,0.6089742614047684,0.4501525082815517,0.4225390945485545,0.6458858586532773,0.847963912546287,-0.061587980640994286,-0.1944039631627268,0.37174655939341644,0.31259243535010145,-0.22293604645253953,-0.5348349865142931,-0.02044792450279317,-0.16717962916062462,0.4147731413461202,0.7933673616451932,-0.30861699729679876,0.19171212865485163,-0.29778517999411,-0.26902359736887743,-0.31129093085688553,-0.23760679197900697,-0.3414508270405847,-0.49907612239741217,-0.7051952696285941,-0.44544508291679535,0.23641921405051694,0.6394250549669999,0.6567405246997702,0.8601183716622433,0.8131753196349575,-0.18710641734820324,0.37304655870182246,0.5337592525056472,0.6321596432196576,0.11223468547784007,0.58812145778418,0.575260037594857,0.5064036905473063,0.5096272474788683,0.418035576300331,0.7093806053233149,-0.3845343267072951,0.46065967170766414,0.5164172589933731,0.38168849766495333,0.534982903943702,0.6574088805230188,0.6543205434510209,0.5398294301245065,0.5442092639899005,0.5659923824043647,0.6932540554442072,0.7134607448488022,-0.10273418230395187,-0.3381007073614128,0.7734297829027958,0.013394107026071923,0.33596309645525685,0.7906415251653401,0.8043671613514308,0.5060707714211401,0.24650680045015452,0.033124000519277094,-0.42906700670319947,0.22231370084148708,0.7377112403856467,0.41770581073274476,0.5127431939738678,-0.017663639555282162,0.000653467379012818,-0.1794299126363121,-0.07013109257268778,0.06155451617307434,-0.6178287030672779,-0.3524055211643129
0.3249945995522502,0.29404124945702875,0.8645414170855229,0.4562884909739923,0.31154552350396986,0.0,0.5705017799995719,0.49754675835209217,0.5162068455537978,0.5108655410682243,0.6109632267067591,0.5197852662428986,0.500316809781109,0.49422932328382846,0.5334279698879605,0.3549474022743666,0.48176001385275224,0.4672848746193917,0.4763200101743878,0.4825590372383069,0.5482174851901697,0.1702781008852318,0.36002077876208444,0.42603889496354663,0.5075906444522196,0.5814696606575095,-0.24800173639861292,-0.21982921862572438,0.512605443752651,0.3571540122548733,-0.36833939384913184,-0.593434805328439,0.16860103028315906,-0.2447558681159384,-0.5498222581698239,-0.4529137983195568,-0.4149527305788372,-0.514662251883782,-0.4380627901544188,-0.012415170809172756,-0.5067078714009947,-0.3278759396514552,-0.4570077988158185,-0.39987096684991835,-0.45123795472426953,-0.4868240572402036,-0.5224418581455009,-0.48705345748868845,-0.3184143330851024,-0.4593624968026639,0.3050559946729235,0.38914627599493495,0.4574889833670658,0.2544675724008794,0.4353795777765431,0.6473392270184689,0.5271927591311129,0.4922237798750443,0.5258393686871959,0.5290057124608993,0.5668945631779565,0.5953908086263054,0.5666427823869546,0.6088965594066105,0.4744147460546851,0.5339751949379994,-0.43383309448901874,0.5516687001507704,0.4443579069677989,0.5129507196857213,0.5048697744145088,0.45818047688648694,0.42980224636529346,0.4942607768732653,0.5174791461843516,0.5028837595972783,0.4909162315485769,0.4705354310741585,-0.3835895374118217,-0.5067898393926458,-0.10262577237036455,-0.5056419712475658,-0.3425281551540302,0.06419363150161683,-0.01887346185466403,-0.2680216900785248,-0.3442670084746324,-0.44368736663154695,-0.522739552782076,-0.46378139988675465,0.08750794386148336,-0.3864276955793205,-0.27633096874321816,-0.28459489467238647,-0.3598241232294282,-0.424403803027623,-0.4927027017347726,-0.5066461392927304,-0.41541903809564473,-0.4879945440932584
0.4744736604485484,0.4119920566973722,0.8792125165309702,0.5633983182035213,0.3024245525589517,0.5705017799995719,0.0,0.8536988780977692,0.8763959088837807,0.7145631843094975,0.8030135172212791,0.7886810854853181,0.7298338136889878,0.5543566251578045,0.6951695111515812,0.6408102106254208,0.7217537326106532,0.8299801047966725,0.7386399466201617,0.7616038609092417,0.7799790686442172,0.5952631938018464,0.5651543513069472,0.609464259892551,0.7849438100911802,0.7484669290114262,-0.5565810917315092,-0.5870601432130718,0.6274721615107625,0.31005644153934925,-0.7397824649262474,-0.8523509102569101,0.5008497447098017,-0.3442534038718393,-0.8416783090906754,-0.7529994008210824,-0.8105326914877448,-0.8640283544120677,-0.6281145184325898,-0.13373257417720205,-0.8299464040483174,-0.7312082949027335,-0.8079644787678784,-0.7992793774895034,-0.8240540297552835,-0.8319758441974542,-0.8188625185262619,-0.7899003537629453,-0.5794404732249611,-0.782943878909047,0.705948208624582,0.7545057559883154,0.7441992141580902,0.471140946689481,0.5820396043971489,0.7727435321522237,0.8689485257689141,0.8438720389202816,0.7059063693324814,0.8432907401333342,0.7576301264085012,0.8148796795247092,0.8368196198683996,0.821918411104387,0.8025109594770519,0.6623716494876365,-0.6628506744045635,0.8336226123749216,0.7652157546075555,0.8367649307698494,0.7555464900764151,0.716391814716086,0.685647089972847,0.8003577730511019,0.7544415521394244,0.7323520408031903,0.6548418473041965,0.6041085971356244,-0.8292682307535474,-0.8169733804697211,-0.15966351212414587,-0.809392623300474,-0.6745717209979026,0.1322131830817722,-0.10369137328744311,-0.5181809513027166,-0.7053356267454188,-0.8043855087730117,-0.8134721725800541,-0.7249755937731488,-0.11378985933324655,-0.6049814169850405,-0.5756662060216013,-0.7738005312386133,-0.6546448896907929,-0.8136503534410373,-0.8215814038652595,-0.8216527818585267,-0.6973076363979823,-0.8138258678239004
0.4663001733318766,0.5471136295679848,0.876857050244515,0.6882212862947836,0.4389302980702982,0.49754675835209217,0.8536988780977692,0.0,0.9022085824117415,0.7795196794857273,0.6917790765704795,0.8289200191924688,0.806852652920344,0.6390556107396261,0.7517501711091156,0.8034699251295203,0.781857304486129,0.8348074285748338,0.8216799955943362,0.7728379150328772,0.7809561063511309,0.7408056396521463,0.6767726022383282,0.6987329303141554,0.7827577938488928,0.7906201110776214,-0.42447026195378496,-0.4581430539603131,0.6660501451651797,0.45224038724827303,-0.6647410718679517,-0.7679211340694714,0.5497483070757522,-0.20785043955263616,-0.7953318363671672,-0.8204747211906879,-0.7626277219255445,-0.8113544795757982,-0.4281088947702229,0.08675053933150768,-0.8107543834428099,-0.6247950445691859,-0.802015158334461,-0.8180222994903554,-0.8349748140655545,-0.8035477771750483,-0.8000639519320071,-0.8381986285830453,-0.7370681958661273,-0.8184245363679681,0.7194234288223144,0.8905210596368324,0.8571061884701718,0.6936264648617362,0.7259110098763488,0.5407608986326582,0.8782680380139823,0.9214561783166736,0.7639192655939953,0.7601151849907076,0.7932106069793491,0.8509966648268488,0.8667099393815986,0.8264084366187529,0.8149824056791318,0.7317880103274416,-0.6507381160713512,0.8519445359842197,0.829720160521443,0.8388363632217947,0.7913678184897432,0.8145563275792009,0.777454780316862,0.8541457731347963,0.7897258727092052,0.7792849249155148,0.7310521948457235,0.6891577782810223,-0.7999972730742984,-0.8077410860847316,0.0898032703203734,-0.6915707627826102,-0.5126829812718355,0.3612440211257449,0.11872588488378248,-0.30854691085290953,-0.5965190147421195,-0.7036995993262966,-0.8270795538925293,-0.5393165201517871,0.028167137344263515,-0.4348400075747394,-0.38033635460651055,-0.7741786001303743,-0.5494244607191376,-0.7935927622386479,-0.7358101561291693,-0.7003671886281717,-0.8015617251181207,-0.8111791837862165
0.43265503366066455,0.5358047314399931,0.8920691865070363,0.6660159312931907,0.4290488763312919,0.5162068455537978,0.8763959088837807,0.9022085824117415,0.0,0.5839961676649716,0.45054447454751817,0.6226758632418703,0.6575994774684568,0.5199489934040619,0.590976688957444,0.6415505700227703,0.6024972021659661,0.6407953806669359,0.5694659559587646,0.5803177709246375,0.5989948302282241,0.5699893466597651,0.532308022082044,0.5318047354591158,0.5775680875495712,0.5868100184908754,-0.2598370358751653,-0.29655040300202906,0.5288977348336963,0.37687144577233683,-0.4919584275718333,-0.5555579611931156,0.41867070293896247,0.01323305516063702,-0.5563763218981532,-0.5870166064348639,-0.5245426044785232,-0.5834286414500264,-0.2724594069535517,0.026701311315474922,-0.588893829504159,-0.4279844498206167,-0.5941905953097275,-0.5678933679112776,-0.6052348286923477,-0.5818854996022014,-0.5882712527453705,-0.6040394013296219,-0.5151138163391648,-0.5912876586943819,0.5334049243460517,0.6555824998276654,0.6579414847207447,0.5273459065447025,0.5718569594355651,0.4570395837704002,0.670732447695561,0.7266602069479247,0.5762090371305375,0.5322312358425189,0.6200110876030066,0.7411236686275334,0.7238996931268996,0.6980561976920958,0.64404990387652,0.6106854509049937,-0.4648144271049219,0.680148252119558,0.6366858791748649,0.6467757470693436,0.6105974061269446,0.63599376027149,0.613550739569098,0.6471140078749621,0.6063880761522358,0.5836396046796472,0.5700408080165653,0.5482686464787826,-0.6009311120783658,-0.5771518550202809,0.10816628222585914,-0.4987818304021401,-0.3629841831164186,0.37175391578168626,0.1292492689631999,-0.18716532214740078,-0.395208642748536,-0.5058997495681796,-0.6041337832577679,-0.3853921376678835,0.08055568868474432,-0.26149580801879185,-0.25023140089713314,-0.5452471399078304,-0.37040651107662104,-0.5563117946378329,-0.5323911384044837,-0.5021541255749327,-0.5859660119315602,-0.5924862796068298
0.4173725412520982,0.5882985740094822,0.7995752993847848,0.7549186434488532,0.6310432429636601,0.5108655410682243,0.7145631843094975,0.7795196794857273,0.5839961676649716,0.0,0.6049896570358474,0.8396883534559498,0.8748966955284863,0.9315990001896807,0.9110214998476561,0.8187204473909434,0.8522554999151557,0.7215640602064045,0.8836070400233393,0.813822200492658,0.8309881137064086,0.6790301119304096,0.8761856955427482,0.8914547404431019,0.7696270273030532,0.900637817543253,0.11710947057335601,0.06946381898391973,0.9083642033029127,0.8636528648607456,-0.4977682697526688,-0.6506968881658969,0.6322194600695252,-0.0625515910084919,-0.6484888155683584,-0.8254964013671365,-0.42113315717757804,-0.5854135061724578,-0.019333159524232427,0.5639307269162396,-0.6978127177159061,-0.22691638711328277,-0.676314482885156,-0.6322231899635314,-0.6731541435172455,-0.6422061135608651,-0.7321803081715159,-0.8163209024164148,-0.8629837732921262,-0.7764451653953224,0.6020429851937062,0.8192452599798148,0.8652296744596407,0.8378609657718912,0.9103575298507359,0.2827439124001185,0.722179967449121,0.7748742474506708,0.9011360299580924,0.5640641117826094,0.8868642184331853,0.8290776463897709,0.8058737363760211,0.8365817194226113,0.7634170437785321,0.9151069396564184,-0.7606786579603784,0.7909647587890715,0.802576405994618,0.7429464714706524,0.8438826713885685,0.8724828969520362,0.8702771512774626,0.8281056007723183,0.8531596814350956,0.8689214559729541,0.9215316266742557,0.9170090891471193,-0.4802194808333994,-0.7297572802261586,0.498536777575152,-0.4559976334020662,-0.10614550882345371,0.6044271784766723,0.5805311570657272,0.06422862684427878,-0.16406624005897275,-0.4137791009656363,-0.7857003580889204,-0.28815863856297697,0.6278647267346058,0.0769938047245957,0.11098746608616601,-0.3348134835846484,-0.4550338089980849,-0.577581301154692,-0.523624373687323,-0.4020032274301462,-0.8515610244191907,-0.7260116378251449
0.5204555555705122,0.1802107255268775,0.7750032453208779,0.3484459938892777,0.11905529163302953,0.6109632267067591,0.8030135172212791,0.6917790765704795,0.45054447454751817,0.6049896570358474,0.0,0.4345217366723506,0.30413460094092615,0.24964202880106937,0.36320923965659513,0.14223696215029225,0.343339517889606,0.4369888270378569,0.455226321768553,0.46087002117530873,0.4748705588176943,0.10547915508983544,0.19845808308433696,0.2849052282965174,0.519307616410709,0.4127847814603626,-0.49363726380836237,-0.4710592193969071,0.32152912940584183,0.06398926694207191,-0.4766499582431902,-0.6234735852496553,0.26035573189428296,-0.6866323258520076,-0.6156590325182519,-0.422013646795993,-0.571174580343159,-0.5627039645786841,-0.6172510683543685,-0.23751698295079457,-0.522055812137191,-0.5288547916767888,-0.4715461188250719,-0.4871327069520437,-0.472915723223978,-0.5259001403768699,-0.5103283193190192,-0.4434839285271113,-0.24754014313045342,-0.4449673758764967,0.490402567873543,0.3328000937679125,0.34544160389739187,0.07346182468779663,0.21779493762395508,0.647829934081484,0.49743945822131225,0.3760765674000821,0.3975502825387112,0.6295949860698328,0.4166309080683341,0.33507810217205464,0.4260933213116691,0.44504222504764596,0.43327200406784044,0.2928699838096403,-0.42891701665221704,0.4327105461640307,0.36652772265048966,0.4654462384845476,0.403139002876454,0.3123260938399197,0.27555470410481175,0.4287070479435174,0.4126178212082225,0.4220872117783598,0.3193763717841459,0.27817053112873485,-0.42822324919324656,-0.5234646055876782,-0.3461071993833286,-0.5940751461218104,-0.5037143802930684,-0.27130392802451925,-0.26466247705078116,-0.5039048560909318,-0.5781470981721638,-0.5636523029881026,-0.47991124785431954,-0.5803342266222173,-0.15806557401848226,-0.4821320685773063,-0.44676996654404594,-0.3871493202912382,-0.49722256318914937,-0.5198847272211771,-0.558328713778003,-0.6076182444155039,-0.32428998698761646,-0.4843824592735902
0.4589370281879439,0.5484418136301723,0.835044865383222,0.7210179818176977,0.5293349845414977,0.5197852662428986,0.7886810854853181,0.8289200191924688,0.6226758632418703,0.8396883534559498,0.4345217366723506,0.0,0.9353683702687481,0.8888846624696832,0.9339344731712048,0.881616746093196,0.9296065312602636,0.8636013903983357,0.9426117344462216,0.8935343787145216,0.9101769338392981,0.7868417600603497,0.882261528558317,0.9114561617737009,0.8831088478250514,0.9555939997929752,-0.12127423934360641,-0.18445593214014222,0.9106867367869033,0.7444496832886637,-0.6694566826037455,-0.7896429125505418,0.7035918987901614,-0.14201840258345785,-0.7983106637920652,-0.9219039019779763,-0.6357312873058034,-0.769748925877622,-0.23173317136556584,0.3862883844196942,-0.842846817759168,-0.4642353872159554,-0.8316376011949675,-0.8057545349600734,-0.8369715147251634,-0.8082653950977786,-0.8632326513239933,-0.9224549626080315,-0.9004965906418968,-0.895423485095448,0.7415524159425905,0.9047298429818814,0.9372811146139793,0.8181988848134174,0.885919344241487,0.4385271069137467,0.8669676786365823,0.8977918699887043,0.9403599870022773,0.7356108229529323,0.9409261837239591,0.9184110742753795,0.9147783770352181,0.9226396665847512,0.8769059211168627,0.9232930731362888,-0.8415767588753916,0.9150334740222883,0.910272340776043,0.8785132496353075,0.9202801287588449,0.932201037532244,0.9214152431058745,0.9264892807504816,0.9294420794283381,0.9330443889528289,0.9303525424142675,0.9087777114737869,-0.7028722931294799,-0.8647860747224563,0.343276313640368,-0.6459919051613788,-0.34776134929888836,0.5429187286024428,0.4088161232376493,-0.1516392343691888,-0.39941749350091205,-0.6208990791715915,-0.9130292758280995,-0.48920305951622717,0.41990653730022054,-0.1582884888588292,-0.14253180362108192,-0.5935472670261824,-0.606663741201958,-0.7626266449141816,-0.710671000111657,-0.6066919874731903,-0.9321973503324367,-0.8649396796500505
0.3565166453939059,0.6279466114894449,0.8146235646436448,0.77981942614331,0.6448352006023926,0.500316809781109,0.7298338136889878,0.806852652920344,0.6575994774684568,0.8748966955284863,0.30413460094092615,0.9353683702687481,0.0,0.8426905370986916,0.8118102734486216,0.8456607641385815,0.793602630367495,0.6614713631251707,0.7477613599245048,0.6839316047946561,0.711726046830931,0.6962316066983141,0.8034221434348758,0.7968692425396725,0.6392277537544077,0.8183711431932256,0.13779354641467462,0.09483575727223705,0.7976321728813638,0.7893291160511238,-0.39059224394556974,-0.5088352240458671,0.5319123432736614,0.24933014914212248,-0.5107990045100986,-0.7157890203697197,-0.33760291709268925,-0.4967879617865025,0.06193904959377752,0.5280253698197392,-0.5929763183322247,-0.15582825146307583,-0.5864045976051744,-0.5358908647642108,-0.5943851707103525,-0.5448256897698914,-0.6198323072808323,-0.7148691287509916,-0.7646652606526704,-0.6704968199773325,0.4790383476278695,0.7613592818296087,0.8123394678312041,0.8164374117827009,0.8556457727847667,0.2203553725720076,0.6553904960076248,0.7677061562978347,0.7936626573702981,0.4398564603744655,0.7952539142461106,0.851926912924734,0.7853023445292329,0.7958895185067584,0.6883487548224138,0.8601440703884409,-0.6077302387646222,0.7506011580782757,0.7477704950070039,0.6718379102847806,0.7551732959292671,0.8219582889488254,0.8217138825055649,0.7547950649732359,0.766732514067376,0.754708066611695,0.8232570979514992,0.8280848187021569,-0.4600914318013683,-0.6088453274500552,0.5342707613246219,-0.35195158435540974,-0.06148157330345491,0.7353385466762243,0.5670152867121072,0.1494307139382545,-0.08830914677245441,-0.32488823478227874,-0.6884650944379518,-0.18394799438383957,0.546996074607257,0.06318605326780351,0.12692352937388957,-0.3511504535597213,-0.29784577595150674,-0.48214839006721427,-0.42832386150096713,-0.31575447237281584,-0.7748704215283397,-0.6265210657083078
0.2737388528563963,0.61963637069975,0.6921287424204968,0.7665326919856986,0.7596977764583146,0.49422932328382846,0.5543566251578045,0.6390556107396261,0.5199489934040619,0.9315990001896807,0.24964202880106937,0.8888846624696832,0.8426905370986916,0.0,0.7346444139303998,0.6513835748551748,0.6374123513831536,0.44061075790451637,0.6202958624622916,0.5643829408699303,0.5914757251526592,0.4667534408844401,0.7271263086188154,0.7241246041261481,0.4984655022559297,0.6865285403305448,0.40424758423424784,0.38042834120810765,0.7595469146620595,0.8670148095480252,-0.19541488650620034,-0.34011542490016033,0.42403029408194565,0.20521502934631966,-0.3297110736115641,-0.560503225712663,-0.07025191239704273,-0.2582961332604791,0.25928498187409127,0.6767007539837174,-0.39857853322699516,0.10971642615703475,-0.37621140641360606,-0.29852869980988295,-0.35981041420176135,-0.32792389856863874,-0.4424827938522301,-0.5468124149277177,-0.6533809715863017,-0.4947113226745889,0.29772022282957883,0.566633780521346,0.6468033516575141,0.7314959056199963,0.7910000655576104,0.06806721517390192,0.4281938374451519,0.5230389574103504,0.7078366872147251,0.23238203111331623,0.6788372094150011,0.6562478005710592,0.5831930355747447,0.637633572258404,0.5035731119014206,0.785966080195324,-0.5157851370148959,0.5403059554544851,0.5511162004505391,0.4609608246535037,0.6201852813136259,0.6671695224794102,0.679086913926164,0.575833142696247,0.6303549155934238,0.6426686164015055,0.7547415868669075,0.7787966433312823,-0.15730988712174943,-0.4332319037515309,0.6308322157543029,-0.14165592860148712,0.20002280447521917,0.6640284933901311,0.7033040506895841,0.3376442923533989,0.1712866864265938,-0.08212537320113282,-0.5112152560687216,0.012456486976557154,0.7770483287811855,0.33370131677612397,0.38915261871255585,0.01315239064213245,-0.1612647402302859,-0.23890926983395408,-0.19989121316515018,-0.07994266192044495,-0.6181351792599388,-0.43108889391136607
0.3875953274834228,0.5880797893797599,0.7882332577022251,0.7527984984174367,0.6565098430642562,0.5334279698879605,0.6951695111515812,0.7517501711091156,0.590976688957444,0.9110214998476561,0.36320923965659513,0.9339344731712048,0.8118102734486216,0.7346444139303998,0.0,0.7625235952914452,0.7825007402821114,0.6413246685204097,0.7797936396611338,0.7429944016374934,0.7608717355183254,0.6099790698129602,0.8309361879628047,0.833674429844166,0.6843335345001224,0.8264650201954031,0.21733364380173512,0.17016860329163125,0.8735204913473207,0.8635438530473281,-0.4202111753870433,-0.5603437888108335,0.5742430116162717,0.051356213628291784,-0.5403595409602047,-0.7266862688117782,-0.30040580884975204,-0.4803741172210766,0.06948362889480426,0.5739427136017744,-0.6024760217796515,-0.12041213010344555,-0.5834134002427979,-0.5119445450491245,-0.5675410294707214,-0.5422132131923173,-0.6398859290002575,-0.7198445367888291,-0.7705705120591239,-0.6794744154748601,0.5015591676109249,0.726915424315949,0.7940945786785195,0.7883795309338857,0.8682225000464531,0.24927568744158304,0.6311132421028666,0.693999395889236,0.8433437093175031,0.4584204228429383,0.8248534790909896,0.785693336037544,0.7431983109035366,0.790016884084652,0.6929982701299162,0.8832482057610138,-0.6828052410603899,0.7184468464878527,0.7212191929543511,0.6583376546884973,0.7787360829064831,0.8006492944817644,0.810244795655476,0.7453659033573979,0.7842733430521243,0.7954298533927731,0.8685540883897378,0.8750531803022478,-0.3788805062581004,-0.6364293957534323,0.5231124824084599,-0.3690327466303237,-0.02489906462134903,0.6129326906479154,0.6103708550234933,0.13731137762979495,-0.054243123116717425,-0.3163866000362456,-0.6940326811538063,-0.21067194988628385,0.6806160514274234,0.1585303455856282,0.18555826008213105,-0.2184115456449835,-0.3778576361496195,-0.46331579594163186,-0.4277829616785295,-0.3052956562490063,-0.767696126528789,-0.6331582512737154
0.2598988968328929,0.7488585179816667,0.7471229027019746,0.8646923352817361,0.7222326115028106,0.3549474022743666,0.6408102106254208,0.8034699251295203,0.6415505700227703,0.8187204473909434,0.14223696215029225,0.881616746093196,0.8456607641385815,0.6513835748551748,0.7625235952914452,0.0,0.6328797325586033,0.4988808698816838,0.5788285039421407,0.4640776741163443,0.4862343037911284,0.7154934792306968,0.6743166214315972,0.6402047202829984,0.42077201074799014,0.6443986571970858,0.20180589308060026,0.14390702693092755,0.5766644962425773,0.6576632259210429,-0.2058583524134411,-0.26297414921293677,0.39964650250514155,0.47951212769513857,-0.2893765801922043,-0.5620590976974803,-0.2068375115204891,-0.3301475401690994,0.21544029342773138,0.5919462635098897,-0.4042652942510882,-0.04470995707532222,-0.4156458803561119,-0.405514422138025,-0.44585735063870746,-0.3633892903861404,-0.4187507906122366,-0.5473114155690474,-0.6752399913131036,-0.5081709362729603,0.282754037708672,0.6689396854128522,0.6565318678362352,0.7836969052555656,0.7247008708012537,-0.054000186958278074,0.4842069907297492,0.6373164745834271,0.5809657047052519,0.2411642899319765,0.5817753813771152,0.670134042499784,0.5609162288120744,0.53725426535962,0.4965899056615154,0.6586442177047449,-0.38899714187333845,0.5619602260479635,0.6028024004098413,0.49303582985149663,0.5556762766412456,0.6871752148236348,0.6841079072592522,0.5940207894611851,0.5732756004492916,0.5570615422626828,0.6367680857929588,0.6419172958471956,-0.3606613318364196,-0.41019097883973954,0.5993478449357392,-0.14064040169011235,0.06872392297460171,0.7936864427685784,0.5733344686665297,0.28152074534690363,0.0350720043285482,-0.15810077960387683,-0.50082785914592,0.021532828620821495,0.43128599938145823,0.10235479026144569,0.17499768061385435,-0.32807618052615345,-0.0963659343744591,-0.33790002403930003,-0.2360702060057004,-0.12495483880574197,-0.6412066860579282,-0.45185499642928534
0.4398698355733052,0.5628157916272079,0.7785002710208652,0.745555818563571,0.5751880663923028,0.48176001385275224,0.7217537326106532,0.781857304486129,0.6024972021659661,0.8522554999151557,0.343339517889606,0.9296065312602636,0.793602630367495,0.6374123513831536,0.7825007402821114,0.6328797325586033,0.0,0.7342183515179721,0.7898018562357203,0.7514943300037766,0.7690220151167817,0.7890982156343974,0.8461467470605956,0.8550603277997114,0.7322084202493211,0.8610902973703977,0.08616904164195101,-0.006730304909389818,0.8372782489362995,0.7340810293189507,-0.5476431614534151,-0.5830638164858918,0.6888588723027834,0.14875880722872595,-0.589586486479034,-0.796102894198185,-0.43444201349884753,-0.59263804033777,-0.0178179010989515,0.5053263747742018,-0.6874813782179702,-0.2980850056023844,-0.7045785855468721,-0.6631556659064372,-0.6986107686630079,-0.6515278716008206,-0.718364916238828,-0.7871015048930361,-0.8405797221798671,-0.7654701912364642,0.583183808213049,0.7497113629393434,0.7991817286659698,0.7579050442572615,0.7851961902331569,0.18789453565164715,0.6879019771989191,0.7369877412375124,0.8200176702815375,0.5356295113733233,0.8181484880753056,0.8012984952202645,0.7575945433793587,0.7682958027087844,0.7489269033882192,0.8322180670476181,-0.7639024433357673,0.783130515881246,0.8098753396832278,0.7352850091335124,0.8066245158751927,0.8390952024650027,0.8508777174782345,0.7877417623218331,0.8197058409309828,0.8126566700769043,0.8396238217226835,0.8393912703983173,-0.5815335754011143,-0.7053546699848408,0.47908181338047223,-0.46209817444476303,-0.20453403606429338,0.6766702171946565,0.5074973087867413,-0.01178742350137689,-0.1874782626395337,-0.4462682845927386,-0.7778466591823697,-0.3410218094359344,0.49271477722744633,0.025567820347743953,-0.011409478855127705,-0.4841985318179793,-0.49901695266597745,-0.6099959459144019,-0.5516160312780909,-0.4101626720821524,-0.8392717977135536,-0.7280870119703391
0.5577090701220965,0.44882071395852186,0.8123419855787896,0.628305010268309,0.36713535649795886,0.4672848746193917,0.8299801047966725,0.8348074285748338,0.6407953806669359,0.7215640602064045,0.4369888270378569,0.8636013903983357,0.6614713631251707,0.44061075790451637,0.6413246685204097,0.4988808698816838,0.7342183515179721,0.0,0.7866509696459258,0.8446759026717799,0.8376976684107783,0.8331516160174224,0.7469164836090315,0.7659218217729108,0.8505451949829451,0.7669979562600433,-0.33052642719737557,-0.45194877910654097,0.748025067362456,0.43517989016694936,-0.8338026281219242,-0.7888759092344861,0.8052704089149906,-0.17654196611797146,-0.7896727458058803,-0.8317750030200957,-0.7482129259609663,-0.8177543617045959,-0.3814951522787998,0.06098048000604492,-0.8462319808243062,-0.6866562241670702,-0.8756227001727875,-0.85436970480648,-0.8696799011695079,-0.8495698687369923,-0.8510636972503776,-0.8373125930111779,-0.7477331022687015,-0.8518576318633042,0.8368130811450338,0.7953153607964907,0.8010116587556997,0.5823423990278647,0.6137564926722133,0.49759840866021415,0.854370701191216,0.8288700234807039,0.7732167188888691,0.7879472400941571,0.8030521624009471,0.7864480880455527,0.818126325184739,0.8005945475247463,0.878483654425321,0.7209841715872428,-0.8190657303755414,0.8646860035148363,0.8600582418938393,0.8721635763058044,0.8386297902786035,0.8046592355793241,0.801695841330417,0.8430538000159152,0.8442847926803102,0.8193397113143684,0.750670919886431,0.7191702793026632,-0.8535162297279585,-0.8513889404393932,0.08197894506111748,-0.7597517807045735,-0.6109843202042617,0.3339090299759384,0.11637993507843467,-0.44015473895692075,-0.5888284253492231,-0.7694336389437645,-0.8503298735936772,-0.6783700325475435,0.12715755525379416,-0.29505337924063824,-0.44221061575647563,-0.7787661955633401,-0.7757121409004234,-0.8442094484261938,-0.8186277173529121,-0.7208543401048888,-0.8113127730939542,-0.8638225060005863
0.4625314848463648,0.6179969751331673,0.8220117939864261,0.7817086441152957,0.6101661663549596,0.4763200101743878,0.7386399466201617,0.8216799955943362,0.5694659559587646,0.8836070400233393,0.455226321768553,0.9426117344462216,0.7477613599245048,0.6202958624622916,0.7797936396611338,0.5788285039421407,0.7898018562357203,0.7866509696459258,0.0,0.7103802238413899,0.7183865860628225,0.6085540878918899,0.7191170959681019,0.7530963368456587,0.7056749612053508,0.7624439341144276,-0.0439273216141981,-0.08190098083139236,0.7213470215085044,0.6561527548247421,-0.46351581381205104,-0.6001919854793363,0.5476031738908526,-0.24248514826390793,-0.6350406047686332,-0.7573380358802899,-0.4810261654527122,-0.5753215016461682,-0.12218425513887017,0.41809874543544706,-0.6540719150258433,-0.3056739099287151,-0.6343906584727478,-0.6308167421668439,-0.642795014545628,-0.6120990395485246,-0.6687258712503839,-0.7450125973058004,-0.7713883959691882,-0.7158135185740331,0.599390731882226,0.7660952820044525,0.7685867423499102,0.7351082798313043,0.7565756662260633,0.25972015714349383,0.6692504903781139,0.6943686960163603,0.7720803871651345,0.562725510399592,0.7488749367073647,0.6686429044808511,0.6949529211019296,0.6978243548495855,0.671680533288471,0.7307725582591276,-0.6564638403637338,0.688307374602974,0.7094485055908831,0.6638426872762382,0.7178047456033207,0.7513799305386321,0.727256731191662,0.7467532458292319,0.7317438364085248,0.7628554343018474,0.7540135136776397,0.7425403023915124,-0.4814374210564181,-0.6738861594524386,0.3609422841478476,-0.4501146137363782,-0.17339803994358144,0.4287030821679035,0.4169229909343475,-0.033139815003871885,-0.27255000482538905,-0.43462451469631397,-0.7162777559742626,-0.29304898405919544,0.40117813488248166,-0.03723229985659331,-0.002722950809317106,-0.40447164515284234,-0.4337350400409002,-0.5785302769164923,-0.5076456540142157,-0.4120524141230558,-0.7533054434598208,-0.6688553180217984
0.5765624708864517,0.4644268603253993,0.7832393496669233,0.6568707894426998,0.4657315388508413,0.4825590372383069,0.7616038609092417,0.7728379150328772,0.5803177709246375,0.813822200492658,0.46087002117530873,0.8935343787145216,0.6839316047946561,0.5643829408699303,0.7429944016374934,0.4640776741163443,0.7514943300037766,0.8446759026717799,0.7103802238413899,0.0,0.8169927540640558,0.6608715454628021,0.75741271762941,0.7807642032436439,0.7990075729220281,0.7131251606511643,-0.08660617196065702,-0.18740074451346223,0.7948630151491751,0.5820653176295589,-0.7005501712826555,-0.7167790772451248,0.790452889088841,-0.2901172766762725,-0.6968992122573809,-0.7614345392772705,-0.5454114023752796,-0.642552754379243,-0.2007267010533261,0.21342315813786178,-0.7339484288351695,-0.4536927973540153,-0.7459110623489479,-0.6913489319886353,-0.7131088343668679,-0.7050002702703718,-0.7596105845690606,-0.7536089892908308,-0.7292774465700456,-0.757172631439034,0.7701269089987758,0.7039619891474731,0.738734066929016,0.5847209711900977,0.650038840829416,0.39054720814812627,0.7224024331253823,0.6888802969768734,0.7872428232176546,0.6589993073455291,0.7829989111887853,0.6708241579838577,0.7256199227793314,0.7577091211426019,0.7994585243800217,0.7466287968510814,-0.8127675075999071,0.7475672207906768,0.7513677509924221,0.7559277672601205,0.7965950429298955,0.744017928697878,0.7486255873735608,0.7575297729060086,0.8041622959463892,0.7995994343301885,0.7751682035790518,0.7598894034023325,-0.604304151601431,-0.766327926848558,0.21199261576021494,-0.6163155468966524,-0.37342078835178905,0.30781216955196467,0.3052251182587968,-0.262339188736314,-0.3715876638955467,-0.58690855947459,-0.7541918995147641,-0.5208675133648208,0.42908151309187437,-0.002509800770996138,-0.15053457849691287,-0.4555310416829689,-0.7019902728629569,-0.6730807307525192,-0.6525241829554148,-0.5479519159166489,-0.744819751605216,-0.74741069764515
