0,1,2,3,4,5,6,7,8,9,10,11,12,13,14,15,16,17,18,19,20,21,22,23,24,25,26,27,28,29,30,31,32,33,34,35,36,37,38,39,40,41,42,43,44,45,46,47,48,49,50,51,52,53,54,55,56,57,58,59,60,61,62,63,64,65,66,67,68,69,70,71,72,73,74,75,76,77,78,79,80,81,82,83,84,85,86,87,88,89,90,91,92,93,94,95,96,97,98,99
0.0,0.6108160944236096,0.6958352441353013,0.6173026113943307,0.4256306508705239,0.5430184546414567,0.5590574624544485,0.5627658045580931,0.2321364170096037,0.6221134368356829,0.3751856702064788,-0.22412733335238041,0.4037247830833251,0.18902825045555136,0.3520088236889015,0.6300675271893604,0.4316111930422251,0.0034044390562598635,0.45368177414693495,-0.26928411165776833,0.34166670129340254,0.05611137560255784,-0.29827008479437805,-0.26840241203376203,0.30166840199761796,-0.5566183049222836,-0.6666258639265024,-0.6356536232221616,-0.22047622549537932,-0.49841790101663064,-0.14973454332295677,0.4918152718543923,0.6577703884752115,-0.17674022241313408,-0.6133113547559688,-0.5321487417132641,-0.11273849513358315,0.5948900447820197,0.43488701632854515,0.5304147013073824,-0.6772498191892078,-0.34826481452791763,0.08204754103969396,-0.33901622081425076,-0.631401869640098,-0.642363213266507,-0.4524419260510703,-0.6559264094280343,0.6545099581495725,0.5723102237633692,-0.46583403090253983,0.6087811317499492,0.10352185641244904,0.49845134916965145,0.5242869211242287,0.44467440894787175,0.5519023110105784,0.4390564513524626,-0.6651487087821355,0.550750516484486,-0.2890343766416059,0.06872612644917166,-0.15671646577296933,0.5262286450071685,0.49845031630086495,0.29471934854984455,0.21215283191307432,-0.39884851464674653,-0.25376846393566277,0.2608239235094639,-0.020080401899129005,-0.6903824682545416,-0.26539087205496986,0.03982532260372711,-0.3177325768072669,-0.5109098337807658,-0.3525502319834314,-0.4264665137020013,-0.691210024529456,-0.6542263027653776,-0.6862740094866986,-0.5879387912636864,-0.7055504156082493,-0.6665575630983133,-0.5887246326959116,0.3582480824297625,0.12630136003914613,-0.6450144107853943,-0.1922236670803161,-0.7402524946304998,-0.6880392181393504,-0.7022411311011229,0.26075430196215277,-0.6926270887450227,-0.7107155165197966,-0.5471183853463629,-0.6626108425509325,-0.5684799525361277,0.714273339215786,0.5849853730585761
0.6108160944236096,0.0,0.8577445398970143,0.8951761721972998,0.9066575458086444,0.6801467826416681,0.8523955903733343,0.9179485536777662,0.39859588064001766,0.5206362515977793,-0.06539835690888139,-0.4888178256321111,0.3467675680126522,0.4972071315271085,0.6166373113665998,0.8744698281232248,0.6705122384915022,0.5548736840187463,0.7157978218032438,0.27842679651062036,0.7575376944790363,0.018278377211168005,0.019267375181780733,-0.5868578992027235,-0.11570372913320237,-0.794744850431305,-0.5651308350760765,-0.7001302470304637,-0.4510432548688015,-0.6027526664005523,0.05731231031583043,0.7556445644997608,0.6598290153147025,-0.14363830948672637,-0.6472465049108801,-0.3763070879193841,-0.5348996685607941,0.7550972452574606,0.539248384707084,0.6921579788529921,-0.5565396023062853,-0.2797084608065229,0.06354961943938361,-0.465028318912805,-0.6083879694140133,-0.48349588001266547,-0.25148402372691153,-0.553493723750793,0.715035466797673,0.7256158175808829,-0.07983979179191107,0.916075128331379,0.7345647609222423,0.9235188812795907,0.7542461031337656,0.5668436796466183,0.9271472951429252,0.8153965857891285,-0.7693210632233265,0.22258875703402925,-0.5596269228968093,0.1376715964533534,-0.3412801971525177,0.7049715917349498,0.8218854686670255,0.5091473199730434,0.743163164025925,0.09588331156943385,0.31899205794575447,0.8047360297074594,0.5330912520200275,-0.604550742649951,0.15768704509122705,0.42892463045695123,-0.50683857323469,-0.7670131105012226,-0.5950397214203659,-0.41312183698251687,-0.591929329217493,-0.46295096079122366,-0.7386165776765767,-0.49090051005396074,-0.6543693422957066,-0.6529460735025976,-0.3587865246347753,0.6981117252535196,-0.3209722431862512,-0.6999781864980137,-0.05188877526468913,-0.7394545232415025,-0.46063378875897504,-0.4459827819816247,0.7326311438056801,-0.6879192767210784,-0.6094004630890937,-0.5955768054340352,-0.4869306010768093,-0.3165998291719928,0.7680276907418128,0.6906398610089416
0.6958352441353013,0.8577445398970143,0.0,0.5398713773338369,0.533938246444073,0.7631391230620969,0.46151139337510316,0.6506548708026438,0.5398257128652323,0.33908213741567184,0.046194608790411894,-0.29116579350497784,0.22570381710471482,0.34855634895078286,0.4039213644759083,0.5218960131091218,0.3784460237866804,0.36044313604210276,0.41591900160656325,0.09633079206950776,0.4499837963780675,0.03330798580874748,0.04851612913437204,-0.4868834319119607,-0.015094554748597276,-0.4232875727887397,-0.3441865409565343,-0.3691639656441017,-0.25910499618993543,-0.2924414585108827,0.1941684088792936,0.5478234458047435,0.4036967879530684,-0.21707460447793095,-0.4350291525407089,-0.2563243187911649,-0.4047076712989851,0.49433609310730986,0.31681912724393235,0.33064800025258484,-0.4731898092369105,-0.04225217379687898,0.10547836769137627,-0.01842330289989602,-0.33953574470708237,-0.31042326150727434,-0.2529375857523636,-0.40595460622499385,0.615053047839471,0.37901033882619645,0.05855696091445716,0.6531313650119923,0.457205951253833,0.5452615000879345,0.7621490681647975,0.7159684272313929,0.6577651987359809,0.7298019539395783,-0.4702204561486955,0.14355211032495027,-0.3540108181800228,0.05639974075196663,-0.07997844570233306,0.45830384220390535,0.5495263165871029,0.3526857698436037,0.36592353949517503,0.07579316563621624,0.15620620811176142,0.5578421747722504,0.3369787015768871,-0.360979761099554,0.1403790103931774,0.05642129217873489,-0.3402840412600862,-0.41021737960029103,-0.298091662580271,-0.1504593911097276,-0.3521614953944457,-0.2182971971359004,-0.5197793211992442,-0.35170454561743264,-0.42451424276751326,-0.4139301547827831,-0.25719919826564386,0.39321754044179924,-0.1692919959055408,-0.3640356037953583,-0.047258793507082814,-0.5421481456659685,-0.3143142694012304,-0.26297809125656085,0.31830247009497414,-0.386504182882056,-0.36388073203035654,-0.21871811318132464,-0.29753040983995055,-0.2606970257784573,0.6557067466707303,0.34287770008335416
0.6173026113943307,0.8951761721972998,0.5398713773338369,0.0,0.8838452636381006,0.5092444476531248,0.9239438998340536,0.8905643169447411,0.2087179829438726,0.5722207875481022,-0.03179403779226627,-0.430499070854224,0.32298590289296314,0.3842997887377122,0.5789134054132715,0.9001533161318532,0.6396477448390764,0.3858242693974349,0.6779850641524195,0.19765958906226944,0.703039616612127,-0.09330398156791016,-0.1443139591206989,-0.47936457527538817,-0.03031588008865348,-0.8237750818919615,-0.6679008383001437,-0.7933423208291344,-0.38960729435909996,-0.7057589214724801,-0.13458637178344737,0.6988240048495766,0.6897931481317305,-0.23934782189333126,-0.7548702638244984,-0.48970401207141756,-0.42616221621352096,0.7435360014681921,0.5287723960112084,0.7835942767615351,-0.6271653256842191,-0.4158114963379873,-0.04842612626065409,-0.5926986908316634,-0.7233820981977193,-0.6108692340761991,-0.3710712332592311,-0.6509186018048664,0.6627378341746267,0.7922924515384179,-0.20470389601518202,0.8902398573953423,0.6509938961592178,0.9227872549607554,0.5909944238929238,0.419532582888033,0.8876359296356008,0.6815512574063026,-0.8006256010119411,0.314214811362595,-0.5307696885404922,0.059021785499828575,-0.46886100956797,0.6583403626339709,0.7655170841440051,0.4324603019283001,0.7846994054801227,-0.09791046691314177,0.13901551639047352,0.6690509904406096,0.4331277175432479,-0.7215810894080887,-0.020716618596002184,0.5731529020416134,-0.4442986072759966,-0.7830055217886347,-0.6037637610260443,-0.5337846234749521,-0.686467376277138,-0.5803263260210602,-0.7892740973681648,-0.6050121526002222,-0.7276418161962329,-0.7562967258313925,-0.4854514968312276,0.622659528325135,-0.24843620994986126,-0.7989035961575244,-0.07480925216919641,-0.7708333308296929,-0.5305226964066193,-0.5452308796614326,0.7357134397379363,-0.7741288593903592,-0.6830975547524927,-0.6983636888391158,-0.6109304293385877,-0.44072950671155653,0.7377533232919556,0.7784065243286015
0.4256306508705239,0.9066575458086444,0.533938246444073,0.8838452636381006,0.0,0.5342822263337782,0.67822123248165,0.7742935695172656,0.49818576299179307,0.1522223146796454,-0.4485171386201248,-0.5075992132337382,0.007046155989565107,0.32970653282738177,0.4562762484022642,0.6226163479961127,0.39165686208490635,0.6233734058628198,0.4418305072439871,0.5767498721398898,0.5878572835138283,-0.16336621680775035,0.13832842396042536,-0.646307981713017,-0.39882548601824597,-0.5926113146839883,-0.2379550251483325,-0.4425219161249269,-0.11270421047456028,-0.46795217092467895,0.05440899390435988,0.45063408929881954,0.31824535935335724,-0.1106929188221388,-0.4348644319067408,0.0029614642285454426,-0.3457117786313119,0.42836814635123166,0.2023948439875609,0.39553121862692836,-0.2643332818889507,-0.2998769348954534,-0.192023482521455,-0.24673452206423627,-0.30483153640696503,-0.22208708335818567,-0.13897291262362088,-0.2008441517469757,0.5480656819739043,0.5551979640101067,0.20708056034490893,0.7079056067796569,0.8190249476643059,0.8156651361647154,0.6146147061364059,0.5219939649221857,0.7636303770209677,0.7497551625882419,-0.46402774778316347,-0.11162407473026566,-0.47321456539657425,-0.08221145208272987,-0.30721259272844254,0.42124408294627447,0.6093543480915772,0.38001399901685706,0.7888413136383373,0.2492348863963966,0.5087041294543025,0.801283725581328,0.641439353828081,-0.3075647016447793,0.28817970783771635,0.4625286430603802,-0.3737908192985716,-0.5508234594423703,-0.2584221231772412,-0.29328501644732785,-0.2580586811191623,-0.17256351009273785,-0.41380777327852103,-0.20283175464745962,-0.3092415906334804,-0.3492999182337802,-0.06460321551191374,0.5172940417996208,-0.2347739606848419,-0.4381408377260094,0.3383892160551244,-0.40328369862561264,-0.08803360629483074,-0.1341579290620937,0.534515977155235,-0.3903490411374951,-0.3069964608675352,-0.32771101085453175,-0.17868660120565033,0.010728314534963354,0.5864431142743715,0.5115861685540282
0.5430184546414567,0.6801467826416681,0.7631391230620969,0.5092444476531248,0.5342822263337782,0.0,0.21864073208494067,0.5121209422646673,0.8035113324792558,0.14998962749514927,-0.07321894602773366,-0.21405421682643405,0.17824446261496948,0.42986546314559027,0.4684606164277392,0.3208936739032295,0.2838026172414298,0.5196945335205059,0.3277995305725539,0.3412956578477192,0.42400748513430087,0.1943735918992145,0.34102365399873713,-0.5214025069032532,-0.13325802313610693,-0.20239832819437614,-0.01662436404005639,-0.08040831076725874,-0.0016859710225638233,0.02619151114511375,0.4189775766363568,0.4084968497544819,0.2170595178584346,-0.02316674422292542,-0.14392128913945318,0.08974398928238651,-0.2849358085650583,0.32486525952533474,0.1679055757279369,0.054914896265390825,-0.24984155857182747,0.13240040869579042,0.138722279178141,0.21796621735189667,-0.020679002271774136,-0.009446188782941645,-0.030967217432912964,-0.06312595866346297,0.5490628214056164,0.18048290721036364,0.22546083577046683,0.5038447782724971,0.4339336532595087,0.397710499651816,0.8147012883370895,0.827867827642535,0.5173929844508972,0.7397952395725473,-0.22847541616642975,0.023422433213980225,-0.1355248000197986,0.1315657710980864,0.29467874483671913,0.4046011663104095,0.5152341727886586,0.5174650052332015,0.22441950937035796,0.3149479399111664,0.3648057344537651,0.6011300248674615,0.48593128650297174,-0.07242814179781543,0.40999249095916696,-0.209276743004357,-0.23812488917980654,-0.18665495749409242,-0.0052516272501235495,0.17130610795035006,-0.060719617377802924,0.01928402604410906,-0.2814953907472519,-0.10457779060226241,-0.15285787599189324,-0.13059795656708,0.06715781774317778,0.3635082262342551,-0.0916349027277661,-0.07398425887171595,0.19583677840065977,-0.3465783753472585,-0.10769818546016427,-0.04809060063310053,0.13215760569205717,-0.14278917089264315,-0.14771386843490067,-0.012335138992641747,-7.965790520870235e-05,0.04438566644186939,0.5757544530635587,0.11934552516378323
0.5590574624544485,0.8523955903733343,0.46151139337510316,0.9239438998340536,0.67822123248165,0.21864073208494067,0.0,0.7973371989131302,-0.030775915088317177,0.45641963053581214,-0.09088106452245527,-0.3351339377632958,0.13855628740336112,0.1722660142451172,0.40460534552363414,0.792463783099008,0.4589199384981488,0.1793507819827683,0.49116271781063353,0.13082325712523338,0.5297766740772221,-0.31185868512870246,-0.3090778868739746,-0.37255224531371184,-0.02856531660417632,-0.7167007251091375,-0.6663494001800697,-0.7583383589370712,-0.28669893548305914,-0.7564877481602651,-0.35740115852760274,0.5372628287315517,0.5417776053522789,-0.4472961190232429,-0.8102351629143183,-0.5600826133743152,-0.34394206095267205,0.5849128992404814,0.3780489001104242,0.7466076802492236,-0.6227953538043101,-0.5113031493013764,-0.24194869949535222,-0.5750341966114996,-0.7411439216482945,-0.6567240597326793,-0.5047844592992942,-0.6788463972820701,0.5070646939919237,0.7294717220171696,-0.1374923755233066,0.775150744934009,0.605708493930085,0.8487442365289768,0.37046132278294513,0.2656697816510827,0.784355075959631,0.5140984351054525,-0.6863296737846606,0.24763835170123777,-0.5079497358786328,-0.12152461597251706,-0.6646832830759909,0.44358753957066915,0.5726333906286998,0.19995465560892542,0.8332824336565307,-0.20862687925900508,-0.008918986272179562,0.49042130978807386,0.31058219064241044,-0.7132889407647164,-0.1822602256664756,0.7587332097103331,-0.31813098641254894,-0.6922196656221659,-0.5344437280493698,-0.6084812431808575,-0.6548597442525936,-0.5326612597115292,-0.7374290451266854,-0.6583882134449288,-0.6685778046176788,-0.7584129472359371,-0.5746773250078722,0.38233444785196363,-0.21640241215095213,-0.7793201019489754,-0.08469040966802283,-0.6760318150918766,-0.4241922388669181,-0.465242129137034,0.656775975209077,-0.7099399693592634,-0.5862785169026291,-0.6263229454883378,-0.6469452160204864,-0.5237364856433743,0.5931806706474888,0.7309076630796211
0.5627658045580931,0.9179485536777662,0.6506548708026438,0.8905643169447411,0.7742935695172656,0.5121209422646673,0.7973371989131302,0.0,0.5220977465476851,0.32960278957089445,-0.25380740505163696,-0.36640675362950453,0.10193058152249417,0.3918420764632045,0.5557863479354286,0.7383290462182672,0.4755042117471228,0.5456006775822748,0.5215970525421482,0.43946964963591323,0.6575212684873112,-0.1851832088826994,0.05946204469997707,-0.6252538732328574,-0.16780947546285643,-0.5974890570378438,-0.41522054406781256,-0.5274590403338874,-0.19392340316151602,-0.5129402030845136,0.012781907529702095,0.6063957894943697,0.4255077874322759,-0.355289899086094,-0.6414358472054561,-0.2607755903992679,-0.5237478790617579,0.5573407683207581,0.2873287398287067,0.5202117879262127,-0.5752907223575248,-0.2620557983627327,-0.1551404865186595,-0.22525968326993817,-0.4788933750975155,-0.41652116178557214,-0.37542179921807295,-0.4567693857904637,0.6345604015874986,0.5518146989873167,0.17181954143409756,0.8662862453757335,0.8193404423542225,0.8739822606571794,0.7808375314182355,0.7275935030133882,0.8980181619778421,0.8781794796065042,-0.5641717868805799,0.07483600122381116,-0.43874983845035415,-0.081502754112391,-0.3384039461166988,0.4982690819176003,0.7167226851257326,0.4280532526164749,0.8315316140497071,0.13491422067166542,0.3286310739660308,0.7938756084416912,0.6322515087922362,-0.4703309587407576,0.20291065028130173,0.5135273092213486,-0.3100181406892625,-0.5600703131641709,-0.370060222386144,-0.2995180618001891,-0.42267141393554797,-0.26312114329351466,-0.6296061704470349,-0.4879312680392157,-0.49087172285483466,-0.5557427698773703,-0.27893755388306374,0.48394440341707473,-0.33026568909784587,-0.5464421002528669,0.1226187824000201,-0.6304455130471219,-0.2535710151583247,-0.2508781311453163,0.5603051820725787,-0.5195024393670229,-0.4086640872815342,-0.3965893003712561,-0.3834548369484819,-0.28364734237639777,0.7137842046782616,0.5142724489648606
0.2321364170096037,0.39859588064001766,0.5398257128652323,0.2087179829438726,0.49818576299179307,0.8035113324792558,-0.030775915088317177,0.5220977465476851,0.0,-0.068781511423795,-0.26284561602045914,-0.15926067992380644,-0.035202127085975796,0.28790445895890787,0.2853977476079974,0.11100614525549612,0.09790207848526908,0.5415168233155776,0.13165558707382513,0.5125097343564299,0.2663049834385678,0.10418902248119793,0.41722520397272705,-0.42503989298336325,-0.2059591774694186,-0.01814142702674633,0.2119886416835884,0.12786787163879426,0.20748288779002427,0.14841415683269638,0.4093926393919451,0.16227991265683184,-0.005068062718902469,0.14131808025583542,0.0812855643408265,0.3943979400131855,-0.12950868671529567,0.07827234256382659,-0.054432396308882004,-0.16213173283802612,-0.019075464744632044,0.15500837169763737,0.03446930376734524,0.3264127222437939,0.21213330467341915,0.18469303006106405,0.09242531337237749,0.2171179208410882,0.34153191150065604,-0.021296790903181876,0.3275572825978088,0.26838783412319084,0.38526097809615906,0.2491271692341784,0.6296673253030235,0.6813428825141905,0.30511797239936317,0.5985558513633319,0.018571716616897965,-0.1358937220422974,0.004566463971488961,-0.002655668356599648,0.33756060404195803,0.17363391729435562,0.3085301649044341,0.3756859319997228,0.1527902281403228,0.3482952540326466,0.4461643492690622,0.5260457807553742,0.5009386071869208,0.1648962297857143,0.4517666182149087,-0.2021605577580469,-0.06182670261750032,0.04063300440879347,0.21412716245808397,0.2520838838742531,0.17779409656593737,0.20264655903711776,0.04712914294909838,0.15566921143163973,0.11138871349810726,0.14164368929579185,0.3254432855019462,0.2608041341167867,-0.03365975474485178,0.13840553771225128,0.43227562007504355,-0.04595441838902442,0.12822578113657426,0.14052186588662655,-0.03577720184850412,0.08417593973013633,0.07966333536448132,0.14115253177121007,0.23169069262821435,0.28194101217250345,0.35826446661269573,-0.06336252392760974
0.6221134368356829,0.5206362515977793,0.33908213741567184,0.5722207875481022,0.1522223146796454,0.14998962749514927,0.45641963053581214,0.32960278957089445,-0.068781511423795,0.0,0.7699435144160048,0.23826888357541162,0.7722961718337177,0.4758660100559132,0.5460239296827871,0.6227180198478115,0.7321797080025026,0.004716237463812169,0.7019135791251052,-0.3329394668314282,0.5415247530637857,0.4561335771331498,-0.09566824265612511,0.33432809876150815,0.7420900573133682,-0.3830868000727028,-0.6452885287702206,-0.5308183403506046,-0.5306009713445938,-0.23206047511992972,-0.0004203066181439907,0.6878687635365672,0.803236707059243,0.11482835514070559,-0.3978863779970131,-0.6475249612160732,-0.385409685512678,0.7425232484148049,0.7659531133185309,0.735213149327133,-0.6115250197841464,0.10629657804093089,0.5523941590340928,-0.6937329530387105,-0.6336427751058811,-0.5204119704410509,-0.17031187102930007,-0.6489792223817565,0.18729404463741475,0.3262950135992992,-0.7063259812389369,0.4430680515170768,-0.1312928587944677,0.3069048998475467,0.2102048842373812,-0.004093706946905272,0.34454530201802847,0.14755098284639112,-0.6164591891767386,0.8656984119001445,0.1121059979195311,0.5197988792344586,0.05769134969325066,0.6792243810034784,0.5785141313958778,0.4803610853015535,0.01431968140272766,-0.353495745818676,-0.35101851966899095,0.07360162106304548,0.00765832498883736,-0.5982818751068304,-0.19600997278191762,0.11559334720372946,-0.012571638715304747,-0.3484692607237938,-0.6842798218192375,-0.175854338686831,-0.6563693021643582,-0.6222949678572951,-0.5831596446045021,-0.5991396720739929,-0.6915306773684669,-0.6114174447225632,-0.4206808301100342,0.5568465195631215,-0.27480870933173857,-0.5419942072889669,-0.699063778925064,-0.6639172890875994,-0.7988748868992596,-0.6858039974421061,0.5166004973859877,-0.6541726876366759,-0.6241270690017373,-0.7714123392525536,-0.6010249681080295,-0.6330823569453087,0.28249251586479224,0.3608430022611437
0.3751856702064788,-0.06539835690888139,0.046194608790411894,-0.03179403779226627,-0.4485171386201248,-0.07321894602773366,-0.09088106452245527,-0.25380740505163696,-0.26284561602045914,0.7699435144160048,0.0,0.38501387277669935,0.6049879588837014,0.16310204081018398,0.14339220628403315,0.1154987657347955,0.33566141876153477,-0.35905103297598207,0.27742416741129555,-0.651797074572695,0.04943905538872756,0.5064411854248005,-0.15976623841021045,0.5523791387082879,0.7242787625069156,0.015598653407415083,-0.3674205570264871,-0.1761652157138931,-0.3432568411588898,0.08261187521661688,-0.029032874420912246,0.2673976782113231,0.45223099724231286,0.1643060283124059,-0.04597785957191584,-0.500406865995631,-0.04599479364558608,0.33370194687313137,0.4878303248624888,0.32284855454932254,-0.30191385678798316,0.22816986574950401,0.5516690399346239,-0.3752490566119892,-0.31105280937555907,-0.27093857371065727,-0.02980309006251318,-0.3780816901610978,-0.08349536143320122,-0.022813901180468832,-0.6661794363127148,-0.04426360191339246,-0.578606400948135,-0.24759734503057299,-0.12068236600229246,-0.2398337467637334,-0.1636594391407493,-0.2979824150204564,-0.22966077121616083,0.7207410224290212,0.28719495009724316,0.470132171543702,0.2564265225086272,0.30849487123339714,0.10612138005535517,0.15545671179371048,-0.4830766044929035,-0.36812474411000645,-0.5130276579073482,-0.3873275849172743,-0.41906949501019686,-0.284328054118528,-0.2980742578131194,-0.27179490604977474,0.13185226703575115,0.0023490099921371715,-0.3454052761867107,0.02197003549572534,-0.365111781792721,-0.40044373317481385,-0.24408089689730947,-0.3303104235558648,-0.3731318115959501,-0.2704074184683722,-0.3353539489832599,0.13030672246718072,0.011172893204461062,-0.17083424325800228,-0.7326407978234333,-0.31670524689055096,-0.5802497461891551,-0.4780722899545387,0.05922062386184296,-0.2894661848919558,-0.34096381052837393,-0.3905512461857713,-0.3764918623104823,-0.48003449085434335,-0.04827638177398947,0.015708708802330044
-0.22412733335238041,-0.4888178256321111,-0.29116579350497784,-0.430499070854224,-0.5075992132337382,-0.21405421682643405,-0.3351339377632958,-0.36640675362950453,-0.15926067992380644,0.23826888357541162,0.38501387277669935,0.0,0.09806468462763551,0.07944514483810716,0.15993432650965458,-0.1791365436986495,0.02402628155349737,-0.21740772348583168,-0.051494254437733894,-0.009159624212839775,-0.007536378253987137,0.13360345045463132,0.15628721695086498,0.7167671011598973,0.6919902048581386,0.5634482684635858,0.0712660413183362,0.30988393523422336,0.21989233068534628,0.39998920737590626,-0.12090219569227716,-0.028502646584855598,-0.09924101016170275,-0.15700759905385203,0.09295491719747029,-0.15722652026504957,-0.18178647619163527,-0.10638860600670595,-0.01988803311912205,0.02648339356282275,-0.2410068331256591,0.4243836107006091,0.13408709623194587,-0.07385382226642045,0.04127383510700671,0.011683117493838121,-0.1503100849183379,-0.030323003137849133,-0.6033074196708716,-0.5501924347747612,-0.08185426367060811,-0.25821112651864764,-0.2893674010180312,-0.3508816740292533,-0.3054997637113239,-0.17031794802586817,-0.28864774189096454,-0.2591318772822032,0.3343429033196883,0.41042432933112755,0.8147821090267293,0.10630587568885114,0.3122011337711909,-0.13758598851194367,-0.08440453646467745,0.09477716596017823,-0.1612139952138071,-0.14298397590517034,-0.35100574108288174,-0.3768324982577952,0.02728023935250475,0.13787379523689722,-0.028552063005591884,0.17078287701101688,0.8249531756201542,0.5779153201522698,0.034019774480101135,0.4129559308749427,0.1365501109510411,0.1547047746108805,0.13413355780542988,-0.2741537559716133,0.10678675373969948,0.04133939681493818,0.06529060766015593,-0.23214968495159133,-0.30098118811973795,0.2483862393952023,-0.41574169505452196,0.056086985523621506,-0.010582448579255771,0.10504092777778842,-0.13083097508068672,0.16594546138547758,0.2553500006555166,-0.07562530572005559,-0.030903000643289387,-0.3107911253533206,-0.47926720707789233,-0.510503293862729
0.4037247830833251,0.3467675680126522,0.22570381710471482,0.32298590289296314,0.007046155989565107,0.17824446261496948,0.13855628740336112,0.10193058152249417,-0.035202127085975796,0.7722961718337177,0.6049879588837014,0.09806468462763551,0.0,0.7004290620798514,0.6357502753817232,0.39459898472513577,0.7380689843644082,0.22791425675807345,0.7222574314591218,-0.21994337137988723,0.5740351145915994,0.83839398917658,0.30782400690216943,0.234100665287298,0.45035442409326776,-0.26358628110999494,-0.2660780873667105,-0.23442346569460296,-0.6447217474780476,0.16855494523276868,0.43855832118003735,0.651117198893469,0.6518611436456326,0.4705845459396024,0.041387626430241284,-0.33829551325775425,-0.39852741576146433,0.6594331492262041,0.8165942551828612,0.48780077387817566,-0.16322160083914858,0.40475858214160887,0.8403388294954276,-0.4852263920260282,-0.24659309371683197,-0.05620822523211363,0.35363363826013766,-0.25802842823975025,0.13180532302520176,0.19952215293996076,-0.530338651014349,0.2527949414215523,-0.15876138997233952,0.10988543174924112,0.22912673408127912,-0.057948090211521974,0.16046854892862056,0.06774506120325645,-0.43638559615328926,0.6014585865584768,0.11910307439316296,0.8680063497391232,0.46832283092915505,0.7467822630787131,0.5771926100976211,0.6920316310194425,-0.25015436992164314,0.12241940201488317,0.029141947121846395,0.1464253869183172,0.09579749403762178,-0.24445367167418117,0.2278751751046133,-0.3194334853580079,-0.21387392385535375,-0.2990067423902048,-0.6222126199365138,0.21313480756950706,-0.330658423201892,-0.3399504512285709,-0.37561168695550473,-0.20395623195216617,-0.3991846868974118,-0.2643928845551999,-0.05461202921800924,0.6525982280443742,-0.32657101121733756,-0.22027906589123733,-0.6766573723992928,-0.43366096954558725,-0.5697323161003662,-0.3980646645274461,0.5170675770168819,-0.36539459254392115,-0.3863501591331967,-0.5074491495458114,-0.2039103485550366,-0.18827710118418087,0.1368967243300199,0.17403328494732842
0.18902825045555136,0.4972071315271085,0.34855634895078286,0.3842997887377122,0.32970653282738177,0.42986546314559027,0.1722660142451172,0.3918420764632045,0.28790445895890787,0.4758660100559132,0.16310204081018398,0.07944514483810716,0.7004290620798514,0.0,0.8462513467363129,0.3737177755927416,0.7188734718219333,0.7041901164950555,0.7126767933810847,0.4368565594752383,0.7996666830531867,0.689177099094035,0.740128257393034,-0.05656436083136312,0.0956075659016062,-0.15131482777993766,0.07844300922140388,0.02852921072192868,-0.4953972232013116,0.3469113155498693,0.7269146005029683,0.7046337501251863,0.372290385372821,0.3295540448226106,0.123126842471321,-0.0006844257332432863,-0.7397728416187309,0.5591320765806372,0.6226789024710071,0.3329789846464358,-0.06151488335777665,0.6221205699373776,0.6864357181143239,-0.19012705849700887,0.03159956912042865,0.2493590000351534,0.45575886262469445,0.009722563359912777,0.0686151899263373,0.025967569396702368,0.06400428904014718,0.3965215511867506,0.37539626110797486,0.3149672984899437,0.5140504842800003,0.31129548624395087,0.37607336973785144,0.48619047574828617,-0.23725457954630833,0.1720233439995466,0.14486842550176618,0.7627883026583212,0.5315085363374654,0.6879598332537223,0.7304762362453142,0.8804006183611633,0.14930882350491886,0.6029106154035847,0.506698612342986,0.5667527215396712,0.691505449449745,0.05586739021710525,0.7189603453970784,-0.10094105747394087,-0.116397897808737,-0.18941133381041605,-0.5076960243868762,0.5167483439428419,0.023589588949090943,0.10662783679743726,-0.23826524065758622,-0.052631575509675774,-0.11115023520927553,-0.06199331470283027,0.33767787537707483,0.71443807706225,-0.709737571426137,0.024009170108988214,-0.3526114165971491,-0.2782757183762272,-0.15199503926951438,0.06290529955258478,0.6214460894252133,-0.09334021862203909,-0.02479763182175325,-0.24945621696743103,0.14667429534253415,0.1274772991714473,0.10418055401809477,-0.04990032925387744
0.3520088236889015,0.6166373113665998,0.4039213644759083,0.5789134054132715,0.4562762484022642,0.4684606164277392,0.40460534552363414,0.5557863479354286,0.2853977476079974,0.5460239296827871,0.14339220628403315,0.15993432650965458,0.6357502753817232,0.8462513467363129,0.0,0.41381658174637526,0.5964775827966152,0.5004769013912183,0.6044947906678375,0.4186959883895617,0.7186435206663048,0.4250178502818718,0.5396422439993486,-0.09563303508696522,0.14330709016330043,-0.16468251370081233,-0.03313431773830714,-0.06943008117084318,-0.253755507584249,0.21346177321762005,0.4468821120612805,0.6029352022620148,0.345601752360596,0.004297413460236893,-0.11444477163881372,-0.15189721539307205,-0.5688952346309559,0.5000315117933055,0.49337098230384757,0.3795752907433043,-0.269809300057146,0.3691943285585201,0.38501067712672526,-0.2149336888644564,-0.11223494258234883,0.04549408269216566,0.15400469328833635,-0.13250750321194563,0.11368128761400541,0.11335260668377954,0.05268609113924962,0.4398546589440813,0.3827597243160855,0.39204192874939475,0.4667565118697835,0.37795179509928006,0.42189780009339334,0.4713328689565371,-0.24860612494213935,0.2196431342761532,0.17102525388858003,0.5322522342250143,0.38553885901029,0.5979071252061914,0.6898481779627343,0.8090740587291768,0.3085380810567288,0.37672918919734805,0.27901499520713585,0.46551572376347133,0.6473563857236292,-0.1151102899518894,0.5214619853940745,0.08970554893222395,-0.034518847973266896,-0.18275267172964987,-0.3816872415394896,0.38717725048939483,-0.07826535057893215,-0.00688176512743942,-0.3762471571057401,-0.2919620046330612,-0.20162160775952367,-0.24182468312659702,0.13025751074879888,0.5160854060743635,-0.5415405521791502,-0.1003596765951945,-0.25019645996475515,-0.3893520423523412,-0.18868192965524516,-0.02914613628460675,0.5394163066523615,-0.20139645832958966,-0.10873748759475592,-0.3162502090347229,-0.0406070720258073,-0.06924880332868037,0.19476672515753238,0.05827115192672044
0.6300675271893604,0.8744698281232248,0.5218960131091218,0.9001533161318532,0.6226163479961127,0.3208936739032295,0.792463783099008,0.7383290462182672,0.11100614525549612,0.6227180198478115,0.1154987657347955,-0.1791365436986495,0.39459898472513577,0.3737177755927416,0.41381658174637526,0.0,0.7731349991242515,0.41668314019636943,0.797808453613877,0.1400381439850854,0.7828163201441861,0.10726930314642948,-0.06310142471811625,-0.3253157253489376,0.14334387963532547,-0.7940193860323133,-0.6955165460754718,-0.7834670863525489,-0.5079278682482767,-0.6271346346213125,-0.06161147393580743,0.785678226162954,0.7910815247045757,-0.08417859125957143,-0.6828091155644871,-0.527310385643629,-0.5187683318750241,0.8348890629409588,0.6668998082817569,0.8399265109532628,-0.6436257520601678,-0.27664569094226227,0.15337482546085807,-0.6933551598756866,-0.73526992457924,-0.6003509322605783,-0.2822501002038142,-0.665947029894614,0.591530747085174,0.7258756831284678,-0.34386678614846306,0.8716033161794764,0.5437275317641159,0.8713957814859304,0.5764499797467678,0.34663527641762476,0.845658317466168,0.639107374006469,-0.8275124861087609,0.47383881026046176,-0.41009810785728174,0.24670689909749802,-0.32454388029583303,0.7640400881631246,0.8328305757757032,0.5360655223344432,0.6618447209679557,-0.09305062379398862,0.12214058322343599,0.6426452481143843,0.4246805141303913,-0.7148958589016118,0.012615055986207102,0.48734966370875155,-0.38949082502195226,-0.7528025635570668,-0.7067596991267171,-0.4600776535010559,-0.7180061204916937,-0.6262372959484724,-0.7840306430788696,-0.6100770707934673,-0.7644454251615498,-0.7510092709298214,-0.45047350395885255,0.73423990203706,-0.3374222169426353,-0.7898293054021533,-0.2451386242041608,-0.8046480636274014,-0.6349268088445396,-0.610940207863793,0.783063355877333,-0.8021181821671544,-0.7186512496517286,-0.7951141975455178,-0.6269233846017346,-0.4754948485690687,0.6748500715782136,0.7205817803939918
0.4316111930422251,0.6705122384915022,0.3784460237866804,0.6396477448390764,0.39165686208490635,0.2838026172414298,0.4589199384981488,0.4755042117471228,0.09790207848526908,0.7321797080025026,0.33566141876153477,0.02402628155349737,0.7380689843644082,0.7188734718219333,0.5964775827966152,0.7731349991242515,0.0,0.5702808362678613,0.8849531379924224,0.17314012610259788,0.8512345617491787,0.6668678361840668,0.4203618439034345,0.05005808983288713,0.30016105415832683,-0.4344620813979483,-0.3208276287453159,-0.3537356443481585,-0.7170076467817192,-0.031734411378906285,0.4249417297409155,0.8284308631232351,0.6906471672036281,0.3781172737908866,-0.12999164926976042,-0.30255848621638975,-0.7375900092831772,0.783465722104075,0.8299496664572101,0.6531420551973744,-0.279207576513373,0.3485869675285355,0.7057724544324476,-0.6057657538811011,-0.34569278171292334,-0.11176120741984676,0.2730496562952656,-0.3096915902694764,0.17101362907075493,0.28660576911171826,-0.32362892495088863,0.5390076525911216,0.29511379413925687,0.47578506056337777,0.4170934376945383,0.09203472669580667,0.4932309232765882,0.40213420330363325,-0.5464182123060652,0.4906092476840493,-0.0012572564630710349,0.7706984644081629,0.24681229988785158,0.8359866565883955,0.8131239295886206,0.7829270467141178,0.2092832638751009,0.28111997852549336,0.30547912064340704,0.5254636961289872,0.49088456418002524,-0.28556187881265394,0.39546111941321715,0.08387069786842592,-0.20606100261497048,-0.43923756822117044,-0.7812356933124243,0.1076919352376315,-0.36203212955767633,-0.29862243798754684,-0.4543938943224325,-0.27817915298137874,-0.45052628469050926,-0.35498447655233395,0.014193804297494702,0.8586694916248381,-0.6566839965283907,-0.35146330208681503,-0.5538731934642981,-0.5200180011755141,-0.4945412665247803,-0.32720106392662324,0.7899862009841039,-0.4493221602760827,-0.38362852553201515,-0.6277208882458527,-0.2176140900946238,-0.1728985058455976,0.22186699701347712,0.2545707141448878
0.0034044390562598635,0.5548736840187463,0.36044313604210276,0.3858242693974349,0.6233734058628198,0.5196945335205059,0.1793507819827683,0.5456006775822748,0.5415168233155776,0.004716237463812169,-0.35905103297598207,-0.21740772348583168,0.22791425675807345,0.7041901164950555,0.5004769013912183,0.41668314019636943,0.5702808362678613,0.0,0.45544920106846837,0.7348925117328873,0.6133708850742807,0.3459538801105396,0.7059583940545925,-0.3943302236121531,-0.3368192820715945,-0.1652971381153287,0.2530703206550367,0.08876139430452691,-0.223582296288751,0.16250190766474315,0.5881411837779209,0.40975626852576724,0.10560711582813533,0.39855271424474414,0.19400701683602914,0.4092719982406164,-0.5603931602894767,0.27653859176152934,0.2084076136117666,0.04128901872655581,0.1511104035324855,0.33327124773254935,0.2939831707681647,0.024520371998617063,0.21885708013015026,0.3507901731161724,0.43016544334020396,0.28748028050533175,0.1746879938528727,0.017531947218724843,0.37060541270318087,0.37738987006644775,0.6531378580609042,0.4250131157088405,0.5829495566569607,0.42253194017318935,0.42736855359933024,0.6343130370614318,-0.09364117101694604,-0.2139838642352938,-0.07394069702186794,0.3497044658857516,0.3144261148205322,0.40775844135303957,0.5601143006267767,0.5770161241807835,0.3486791582745174,0.7355072943649201,0.8385795490373491,0.7834650514466253,0.7852733320622849,0.24608303576700574,0.7725232148162214,-0.00350478066818595,-0.16204249264788864,-0.15362256400271854,-0.1872897901362679,0.3227350181680743,0.2067489295055971,0.26759444269802835,0.034095672191620255,0.25938703480057596,0.11911391341538537,0.1785303338860243,0.5198355192064401,0.6202790633585149,-0.5235269020177061,0.1032603542397905,0.20698500764224959,-0.038736612640670444,0.17146169688048132,0.24617272153912947,0.4082491627628148,0.0646945367471202,0.12181743976751742,-0.02344339219163134,0.34438538936341767,0.44999032963306984,0.1701701186793389,-0.0521938590625445
0.45368177414693495,0.7157978218032438,0.41591900160656325,0.6779850641524195,0.4418305072439871,0.3277995305725539,0.49116271781063353,0.5215970525421482,0.13165558707382513,0.7019135791251052,0.27742416741129555,-0.051494254437733894,0.7222574314591218,0.7126767933810847,0.6044947906678375,0.797808453613877,0.8849531379924224,0.45544920106846837,0.0,0.19422122105423356,0.8672671000086193,0.6463109454048833,0.4258174047820247,-0.061774517787281276,0.2143197912393364,-0.5042142552109456,-0.32127473510645244,-0.38156678459624394,-0.7172273582614983,-0.05834550356884029,0.4721453212503273,0.8534668743349932,0.7047922498568094,0.3563206468767041,-0.15736591925712154,-0.2895886788741257,-0.7220844647411991,0.8076547958106864,0.8406064813062553,0.6603387499721833,-0.27514084693846835,0.31929657623393076,0.6818456292751615,-0.575674084910583,-0.34900103020328155,-0.11049145185592026,0.28225103709141675,-0.3119972531153232,0.2601532782402187,0.35814166117608026,-0.28928165011985313,0.593198766763042,0.35231248216636607,0.5321964175582655,0.4940130559427909,0.17393425717490718,0.5494555512656499,0.46861019819707705,-0.590965870187367,0.4234579806619318,-0.09599886357657542,0.7562629494415998,0.22963185959224644,0.8667231526618673,0.845622089488448,0.8105152235425397,0.24908041313433812,0.30479375776925594,0.342382002353579,0.5858116852418057,0.5173811555701899,-0.3088957742111029,0.4250467573864913,0.064866981150351,-0.3070524095897848,-0.5115751010505535,-0.7753839408096633,0.09570157439048549,-0.37030933515321107,-0.3019029696513938,-0.4944507933034068,-0.2674659001249848,-0.4675366712213488,-0.3737396359582453,0.008552736061742935,0.8909178973442433,-0.6272600084203583,-0.37115482853865495,-0.4911012025498207,-0.546871109497226,-0.4903317104408372,-0.32536438053003414,0.8156615439837197,-0.4686768989530481,-0.4080660384996216,-0.6123430927959875,-0.21302886777067073,-0.1385805365945009,0.3045008864484931,0.31622686114717136
-0.26928411165776833,0.27842679651062036,0.09633079206950776,0.19765958906226944,0.5767498721398898,0.3412956578477192,0.13082325712523338,0.43946964963591323,0.5125097343564299,-0.3329394668314282,-0.651797074572695,-0.009159624212839775,-0.21994337137988723,0.4368565594752383,0.4186959883895617,0.1400381439850854,0.17314012610259788,0.7348925117328873,0.19422122105423356,0.0,0.3911533115902866,-0.039308067116011834,0.5906199987831435,-0.28525732510113916,-0.32948085129149823,0.08179560008092716,0.3699522123862996,0.23994788283593027,0.22503750864417424,0.2051634469577856,0.3123558737240036,0.11632297115479424,-0.18611763473831042,0.05214385617738202,0.12801638121278563,0.4692372286507575,-0.340708662893771,-0.023309125684338298,-0.12570277422184406,-0.09009975636478362,0.12866709971623905,0.2026118034636433,-0.10921293835335169,0.15658458611154547,0.29046184943995557,0.3417573822551701,0.190817853025655,0.35358812611415147,-0.051788311055704354,-0.12807314746825357,0.5502217741198251,0.19733845054920682,0.6483714676977005,0.32635018547105377,0.32817256053070454,0.37352640736272,0.2780024580859002,0.48621339581022655,0.177629605430011,-0.33709933249072516,0.1495463151922451,-0.013355158601722194,0.19887528901822848,0.06961979573234625,0.3144621195873959,0.38993701674950954,0.49039039765717934,0.5675458752237961,0.639619795992019,0.5714451641330422,0.7818536047159211,0.3161049811823295,0.6317311743013948,0.27701271664824817,0.16948798157339678,0.1137960816097567,0.11975115240973055,0.35375255453898835,0.36619302602097975,0.4141654978695032,0.16178524029830035,0.17664502044644884,0.29229867800841813,0.22408222319212237,0.5153350407434355,0.23659849524555643,-0.4148787329906162,0.2211671840807852,0.4278989108830667,0.1267118438927432,0.4050519691284057,0.42558725768255024,0.200695411734616,0.22147869960255487,0.3334892397479469,0.11921825280485851,0.37265238945108264,0.3961755994045358,-0.005017068151653286,-0.1787360190345464
