0,1,2,3,4,5,6,7,8,9,10,11,12,13,14,15,16,17,18,19,20,21,22,23,24,25,26,27,28,29,30,31,32,33,34,35,36,37,38,39,40,41,42,43,44,45,46,47,48,49,50,51,52,53,54,55,56,57,58,59,60,61,62,63,64,65,66,67,68,69,70,71,72,73,74,75,76,77,78,79,80,81,82,83,84,85,86,87,88,89,90,91,92,93,94,95,96,97,98,99
0.0,0.05394535124524956,-0.7867652912721645,0.6224836785026879,0.7055615864589481,-0.7911585370237993,-0.7737550270202199,-0.8231864535035097,-0.7795375373837141,0.5835302973245354,0.6550432835420864,0.28425663693627284,-0.06882404696179603,0.012465167776953574,0.09005743407976438,-0.6718416172575072,-0.7938915151764352,-0.7816526891683596,-0.6496657398145314,-0.37353763334733,-0.6100634954336439,-0.6004318023432164,-0.7657329094453523,0.21946896930524998,0.5006394049286212,-0.7270397165036485,0.5169666412769549,0.7313437041017601,0.7152758884964456,-0.7889635935263851,0.7607355420318292,0.8001601980292746,0.8441049801803395,-0.5766199721576123,0.7504259122845925,0.6541417445969554,0.774510709477501,0.8101282232530402,0.7787692551558942,0.7138648586263434,0.8332468377934328,0.7366239657890512,0.5847745717942523,0.8269151356392737,0.8262740313299501,0.8122181479215105,0.8316432953868323,0.8735160121415452,0.8346155984756682,0.8352183152416395,0.7949539400927915,-0.7036276787135786,-0.7941847436326833,-0.2279951859454414,-0.04347056460641505,-0.6869230183226931,-0.8270114053853115,-0.7727454849285185,0.6857974544371845,0.5171600444944162,0.5460040565724075,0.4664231963930963,-0.8919535635826858,0.035557481608648966,-0.6562792161153753,0.4559672140094849,0.8156660576704088,-0.7980325509483499,-0.8111720399277708,-0.7920465610793516,-0.74619904942711,-0.7584918674998635,-0.7784837746935658,0.6882724510572843,-0.6240887336644928,-0.40537505353043524,0.35123226055227935,-0.8324211260202969,0.7401436340008382,0.7559134312084147,-0.4818223207227063,0.784313935122245,0.6934120167777461,-0.5612604928350942,-0.8544987611323639,-0.4174480009840729,0.7392760298919284,0.6214831393829215,0.7210747315227315,0.7100047002659746,0.767694047013244,0.7901275782849729,0.7026826869219788,0.7850916373287347,0.27804748625541864,0.8225707030404037,0.8062528419392168,0.8640690232409951,0.8238436457234455,0.8445925037886938
0.05394535124524956,0.0,0.14247354632627066,0.42993375152178737,0.21194714824195626,0.09579524181409452,0.14355095110098876,0.04738357929179725,0.14176459894280616,-0.18971283161664915,-0.11433332833074834,-0.2710179989449955,-0.3056246758961191,0.27974704297167563,0.3339338001173176,0.09057989992091871,-0.19457758011173146,-0.008708336469338733,-0.19378925161167085,0.3207571528295441,0.163219262583857,-0.3558373478813685,-0.005079565314269315,-0.4134271475828704,-0.27535595686374337,-0.3792135819861622,-0.2244071187338981,-0.06335567726921776,-0.10505526306577882,-0.024531095320370348,-0.21398036854925154,-0.10052699336639451,0.04603262964191982,-0.224539631570149,-0.18526917940191717,0.24143076044610795,-0.05584036014134929,0.026043082012537553,-0.036326148215550996,-0.06644606918280738,0.02423737556491947,-0.1306011605239188,-0.3380262523423248,0.021392965141544602,-0.009109796981909698,0.05809733415080874,0.026740431313572344,0.04771249857175548,0.1304454927460418,0.08613756677117929,-0.11674502031685058,0.36641865929791395,0.0005005095819679505,0.8491153589114006,0.6677291348392712,0.21100049576591562,-0.01971825364840648,0.2778662428211714,-0.10322226142300492,-0.0627734826159083,-0.01361491741703997,-0.11395606594165822,0.019448099955226568,0.368681806369794,0.11406295119543662,0.31268343792658015,-0.021658723717041726,-0.05678902606453202,-0.10314993335549409,-0.009153905605679226,0.07937479749301987,-0.21786632405492556,-0.010012444264944242,-0.10153254124797312,-0.40233478639807574,-0.3905555123040556,-0.08379148989630818,-0.04318328778631072,-0.23317977034993873,-0.1530186670280637,-0.4096851422606042,-0.07563306502203887,-0.1793647506150817,-0.3345164684726642,-0.10120126035931086,-0.24764195323386537,-0.1100675600751762,-0.1297875404573844,0.0784475221115075,-0.08975672681565773,-0.09405746706713786,0.007175548635412747,-0.014557616762667957,-0.05652270729671897,-0.35840629096020127,0.036265424403850034,0.041318562694722394,-0.030310910471276434,0.1432775291158979,0.06501931368269055
-0.7867652912721645,0.14247354632627066,0.0,-0.5075094381049914,-0.5945843288719543,0.8642314419416431,0.7995396837977272,0.7664089693985029,0.8527998695986756,-0.7080725679270727,-0.747276043322433,-0.5713472895622175,-0.4077822758845285,0.2055480570053133,0.12224678875251534,0.6367587474669557,0.6312524254584304,0.7445968610964958,0.5786900464426837,0.7340600839085741,0.7030712983154997,0.34957821160135943,0.7432619268532548,-0.5014673000984259,-0.6777728931735595,0.38812843506959094,-0.4335540338150297,-0.7498546419616028,-0.7529279824507157,0.7364921773944866,-0.7721836795987679,-0.7522575967691919,-0.7366914062854986,0.46262651860956017,-0.7715535151381249,-0.20744235723595236,-0.7497557354252982,-0.7233861888602036,-0.7422222242905011,-0.697761331306775,-0.7247301860120557,-0.7766678420062213,-0.7264329997025231,-0.7284738155944104,-0.7446868567506172,-0.7026218571807188,-0.7315048174340834,-0.7169369491909082,-0.5706604812438408,-0.6771431416926295,-0.7099062840147509,0.8387114279996178,0.7725883125959702,0.48914277045177196,0.41309977567412465,0.8970729514348486,0.7190524012647908,0.8579400600389189,-0.751726240535217,-0.6746591083816227,-0.6737205052568325,-0.7381934709685493,0.6555370152570089,0.20581512082196818,0.7063910552206347,-0.24068748979102306,-0.7384139241014276,0.7087388962966344,0.6747123851108127,0.7386282164083463,0.7653351048108291,0.49508092802869647,0.739149935205733,-0.6994438983730744,0.21219976888059336,-0.06412620755743294,-0.5335854434073073,0.6875416248823365,-0.7682958785685632,-0.7521121050847929,0.1301137418217455,-0.7241365260478339,-0.7440156574569254,0.1833900263804011,0.701285380973786,0.12931457116008313,-0.7614995075752401,-0.7419554142107041,-0.5089719679671459,-0.7361260128300546,-0.7508521603606179,-0.7176029762762007,-0.6601280225894393,-0.7581684516019905,-0.594537470246254,-0.7171991811455516,-0.7131452756089943,-0.7547964458807775,-0.5588945871297734,-0.6888689525435544
0.6224836785026879,0.42993375152178737,-0.5075094381049914,0.0,0.6193653657335149,-0.3393518400666731,-0.34044270867709847,-0.3573994172684201,-0.2802743714073341,0.3628859694843703,0.3879607845460434,0.25229732697929186,0.11048453694270752,-0.05206929166454047,0.08722745014851868,-0.2877687165078889,-0.5324618631734029,-0.43179983553923196,-0.633497219738116,-0.2212603889004884,-0.3392355654782855,-0.44971502235333194,-0.4601766961067834,0.12392092716193659,0.2821348541390538,-0.44873092351032334,0.1808146555062396,0.42506535047826743,0.4012572041231563,-0.47502987221020665,0.2711188404359367,0.36595494589850647,0.4556949075216257,-0.418561186181636,0.2611082481829423,0.29899903300664965,0.4065931271965345,0.4367480282812564,0.42026976456315945,0.43300858843860224,0.423724131662769,0.36763675118577943,0.17902606099482507,0.4271656233688176,0.3973116467091623,0.4615014319901889,0.44002458937314864,0.40296420309363157,0.3573185949798615,0.4314398261415208,0.3430418974269715,-0.04558573734855531,-0.39657443220034194,0.5967819501117793,0.5827994673340698,-0.2334860093891525,-0.36380959387046014,-0.14668145642767472,0.39686848439073236,0.40201654252003716,0.436284075659273,0.39748892150429566,-0.28125668940844206,0.03198464152775784,-0.395011573248982,0.26825439849303556,0.41114883989056783,-0.4830231024326099,-0.4346495478376632,-0.42636482552697325,-0.4167588552602198,-0.3881737375451842,-0.4513344762021654,0.4109446833507949,-0.31584064279573043,-0.10770140789233519,0.3173880194271008,-0.4364780358557175,0.26416062952969815,0.34158383139180576,-0.24979152735278382,0.3684742245418568,0.351657138600604,-0.28965853563572913,-0.4278985551924586,-0.07935160950651335,0.3891507131806429,0.3938175828039787,0.4036003562066723,0.4141697635275364,0.39239176103540885,0.4460656749547729,0.4692189182432508,0.41133441289479167,0.18405269014960376,0.4371320943830766,0.46209405303155865,0.36006860594632667,0.3153588183393984,0.40322785592856797
0.7055615864589481,0.21194714824195626,-0.5945843288719543,0.6193653657335149,0.0,-0.4523839251369859,-0.5514356358477536,-0.5592608490253625,-0.45263639169827863,0.5817116946883127,0.6097652338300698,0.46818425041903666,0.22222075125073043,-0.07060117709158102,0.109284286196145,-0.5624008376025645,-0.6946282701458394,-0.6322381418565607,-0.7711305720082274,-0.3855224120411064,-0.4750016231227242,-0.5691248407138012,-0.6491178526644696,0.3387976017562591,0.48226642132071146,-0.5269162112030119,0.48974934787228924,0.6468893151591958,0.6209412526257139,-0.5784280244645419,0.524383140454997,0.5912587498314433,0.6208655838022101,-0.6061865630931187,0.3999899677130452,0.41877996217310254,0.6088845948763323,0.6367813898520075,0.6358847760934165,0.6563145044015295,0.6090940908607263,0.5879206866621633,0.3680944967497121,0.6247270594654517,0.6033418393769875,0.6598001324569683,0.6219708084261433,0.5636624293431698,0.5348537491712688,0.614956556682346,0.5754393597539696,-0.26406735040503776,-0.5860443331134513,0.3468718906354857,0.5500312636299937,-0.3168880105999729,-0.5607404165561642,-0.3457941792505137,0.6191007053904748,0.6013176974801278,0.6157123932987776,0.5318526976489105,-0.4736215448048468,-0.005932866800311065,-0.5520598721171419,0.35472508357014965,0.6068629260525362,-0.6770668387692644,-0.640273213331594,-0.6342183071325559,-0.6089029461872401,-0.5717327647397219,-0.6509287809124147,0.632646842197689,-0.33774764266077745,-0.0488681756318262,0.5254234302401406,-0.5493306133008341,0.507035820691496,0.5767282256929613,-0.284536349499074,0.5193346126616402,0.572357311355408,-0.45743018614394704,-0.5868586893078123,-0.19119524208540833,0.5896831816077063,0.6191178726461614,0.5562978204438801,0.6219565960266192,0.604463553647755,0.6554097592566327,0.7064067165558071,0.6221784876674978,0.33245271377338287,0.6349423509170568,0.659978506566145,0.5052549305527453,0.46755280157829937,0.584007902177593
-0.7911585370237993,0.09579524181409452,0.8642314419416431,-0.3393518400666731,-0.4523839251369859,0.0,0.6076025901543713,0.5935774166140155,0.6980035110622684,-0.5037135407335618,-0.5173789260725145,-0.3121886145278984,-0.2108061892981767,0.2040583105067227,0.15588013363024514,0.35391647716049407,0.47921388676373705,0.5535845208643794,0.41913170404679123,0.5533135396190625,0.5918389080649674,0.21756727447084925,0.558302943324682,-0.28709469970641815,-0.49489121738825065,0.33437630306439414,-0.24577774191217944,-0.5348681930697469,-0.542027924789284,0.6480233241926693,-0.5998494841987921,-0.591968073909825,-0.6143643427699574,0.2582101909427134,-0.6813148896905789,-0.15431754059653213,-0.5670954024158414,-0.5494214387094364,-0.5582163272942087,-0.5051023547478349,-0.5754860835570518,-0.5847277779363383,-0.5982978359634175,-0.5637887960083228,-0.5762808728058432,-0.5305302612321605,-0.5784370302858649,-0.5997244689220704,-0.43682186427633346,-0.5236406473136832,-0.561218535062894,0.6422814196900896,0.5894605648791396,0.2909113935567853,0.4149815776392755,0.8208931136120506,0.5481723913753996,0.7040643375391153,-0.5361318024667038,-0.4410809275430135,-0.4519439354825921,-0.5394558504574776,0.5577318229321417,0.18602237887280884,0.5819753382502334,-0.1547382172900262,-0.574017705920065,0.5437167160000614,0.510522617478965,0.5553829870177834,0.5971185805145726,0.36232279413346835,0.5555360069448049,-0.5042326467520216,0.23749802480277052,0.061736297576803455,-0.24429096611878207,0.6194825394836055,-0.6023016267528033,-0.5762631776087687,0.1408201066941427,-0.5758168602896373,-0.553135038723361,0.10365698607774092,0.5794539202771802,0.09880312646255672,-0.5723761385558712,-0.49454347298376244,-0.36569197295697625,-0.5396211261329402,-0.5753369928090075,-0.5357433825383998,-0.453613534292901,-0.5816394770975208,-0.42670883662255127,-0.5519307147700238,-0.5422626051198616,-0.6341663975169054,-0.4406391944429034,-0.5328524983620142
-0.7737550270202199,0.14355095110098876,0.7995396837977272,-0.34044270867709847,-0.5514356358477536,0.6076025901543713,0.0,0.8268167430404936,0.8221129653287269,-0.8109922328528223,-0.8127150729929107,-0.6195133765281711,-0.3664192582158251,0.27346420113097025,0.18273216542878748,0.8211475299913839,0.7391678499235962,0.8154327942631214,0.746766702137337,0.6904036360155429,0.7983264932314024,0.41688726893104855,0.8336681417290013,-0.5876578296325602,-0.7773485122681851,0.4408193667225547,-0.545694336859767,-0.8460596666153376,-0.8375175852104478,0.8034949621699587,-0.8622524038057188,-0.845880680880753,-0.8105030405176343,0.49560730809199405,-0.8023097879699459,-0.45888827386829456,-0.8488044669745145,-0.808825441269451,-0.8393526254814759,-0.8385537010057112,-0.8151463040522995,-0.8587743836825059,-0.8105215280673919,-0.8165295357189172,-0.8221719918132498,-0.8002313481759068,-0.819314919940517,-0.7737754590523808,-0.6776472002414093,-0.7709623893845656,-0.838949600125677,0.8389059201431663,0.8134473570251012,0.4663824915240235,0.1946703808974189,0.7788578628585261,0.7800994238102373,0.822488777463281,-0.8333834181701524,-0.7158855433039667,-0.7042761447666622,-0.7160351506888989,0.7601057573275375,0.278058595012433,0.8047090430727707,-0.2102725795958803,-0.8411357142758203,0.8221047299974026,0.7496009460796861,0.816216120279956,0.8563221385816167,0.5825801418564437,0.8314951065386118,-0.8291080059492018,0.2806868829178736,-0.027750237974685624,-0.5635953718791151,0.7845494091574079,-0.8607948972928089,-0.8581737292512646,0.13367766209006052,-0.8414332760101629,-0.8451678926875209,0.27734622573577217,0.7734979382276882,0.11626545131343623,-0.8565298961990566,-0.8317518094416669,-0.7418681377092443,-0.8374027996863036,-0.8526909018306204,-0.8255312448598436,-0.8077124624744687,-0.8473748595713296,-0.6306939174823886,-0.809674363517424,-0.8116422509677291,-0.8080017599913286,-0.6231275225299374,-0.7766201495248727
-0.8231864535035097,0.04738357929179725,0.7664089693985029,-0.3573994172684201,-0.5592608490253625,0.5935774166140155,0.8268167430404936,0.0,0.9130975359923976,-0.7164607075755828,-0.8373262694890073,-0.5323411700615989,-0.23948252123183517,-0.08027764721611509,-0.1796142956818815,0.8536090010873303,0.8488547661835033,0.8963378324730757,0.688631331987848,0.579745367454429,0.6310962220146599,0.6848808716216951,0.8717052430582931,-0.384350648494995,-0.6087769258589247,0.7093059199786715,-0.5418365097695782,-0.8601569793123516,-0.844596653328763,0.7869609697041859,-0.853081802978013,-0.8637366147020882,-0.8760605888466517,0.7565060228823077,-0.7509488801968497,-0.5244208347031885,-0.8679577753263793,-0.8971905724932123,-0.8844134538476411,-0.8042869174596055,-0.8897601253972193,-0.8495365478034331,-0.645040436816756,-0.898103917116708,-0.9116094686239353,-0.8876103917889534,-0.8867559222072019,-0.8858362925619094,-0.8598227529568914,-0.8916338001170135,-0.8162193323867406,0.8977094294030427,0.9297308662755402,0.4033373084576994,0.18782643406264743,0.7968974016775318,0.9240539087416298,0.8995609670705378,-0.8451600382430196,-0.7614121653037639,-0.7692392472695819,-0.703396269858763,0.8539004033516965,-0.0776094648690249,0.6813313735838015,-0.5636216139061275,-0.877908663177869,0.8681378266621236,0.9006683942810562,0.8968392281016353,0.8188531508212705,0.8208196451129027,0.8802296519028757,-0.7769848886652039,0.5195858775120186,0.20732609553028747,-0.6518586053997923,0.7840059466703296,-0.8292613133847432,-0.8415604725190267,0.4607341537940486,-0.8100877689203897,-0.786848574959101,0.5850606546615676,0.9006163547638645,0.4708364759685119,-0.8402704449939468,-0.8082016438914084,-0.6942197451360789,-0.8236053224153471,-0.8515065994847323,-0.8759320397707415,-0.7957435468861964,-0.8772370804653964,-0.42212397716753136,-0.8961277422656022,-0.8800493084369216,-0.8706182899565202,-0.8474908975958184,-0.9008561086472394
-0.7795375373837141,0.14176459894280616,0.8527998695986756,-0.2802743714073341,-0.45263639169827863,0.6980035110622684,0.8221129653287269,0.9130975359923976,0.0,-0.5700269114852811,-0.6690076449157775,-0.4884948374006715,-0.35223397320204897,0.014692386705620642,-0.07033163387538158,0.500992844779571,0.5557296131285501,0.670903518813976,0.4028862409237306,0.6451536718301359,0.5153001291651985,0.37736323157616525,0.6421992999685735,-0.37435836218271945,-0.5128338313316931,0.4184091878221646,-0.4451706777544534,-0.6579189420359349,-0.6534125545847626,0.6118144303828631,-0.6764047581501219,-0.6646177467272875,-0.6573807248000677,0.5055475747715703,-0.6841627135706242,-0.07314043330986793,-0.644519331981758,-0.6543246886524167,-0.6580045848723756,-0.5798928351884427,-0.6529752554817717,-0.673448385188753,-0.566269328856342,-0.6602028209000713,-0.6837686842307509,-0.6350922692766885,-0.6463309666546666,-0.6760967440424664,-0.541402635272058,-0.6204638844642656,-0.5926595240195393,0.8195865525643224,0.7239480718874739,0.5020339227174877,0.5129233806569269,0.8601743419984985,0.6902504053640595,0.8476661922917192,-0.6583054350648841,-0.6281697932454544,-0.6342772735490317,-0.6764332643508776,0.608461305921106,0.020324035167913614,0.5469008122593849,-0.37037359779452306,-0.6448998978207333,0.609146065112531,0.6371981883722109,0.6692238495943559,0.6287082935992999,0.5114980789075488,0.6478654509918441,-0.5638916363699971,0.23106856514547292,0.0023865207833691313,-0.5267053513692712,0.5619247065999081,-0.661452205127469,-0.6471681070758197,0.23285002304461214,-0.5837364942290147,-0.6120328095549761,0.26867894175840773,0.6516455886487753,0.28860202801795803,-0.6426449352296904,-0.6366299012763057,-0.3035250221371799,-0.6235633901331669,-0.6409878148258528,-0.6275337061896711,-0.5252122068823692,-0.6645429939293607,-0.45046496172336015,-0.6521592477747272,-0.6354214635237618,-0.6820637771112295,-0.5584903644987207,-0.6300764009981658
0.5835302973245354,-0.18971283161664915,-0.7080725679270727,0.3628859694843703,0.5817116946883127,-0.5037135407335618,-0.8109922328528223,-0.7164607075755828,-0.5700269114852811,0.0,0.7952868399062012,0.8552367700005474,0.6799470037006706,-0.5443948175698431,-0.4132880277831861,-0.6141196213360578,-0.5326130568133078,-0.6534332869784453,-0.7130587693995892,-0.8332939851484915,-0.7930378960375859,-0.15361577354049252,-0.7058917732303543,0.8816723842665182,0.8939283518977902,-0.09102128836733851,0.6161337703270141,0.7714673725664845,0.8041234916376961,-0.7108224826093485,0.7774573082029183,0.7414171998821995,0.6327926156083236,-0.31283527498533825,0.6579158208730437,0.1313847079662472,0.7317556360867573,0.6379525286032174,0.7146298922314757,0.8150984649467625,0.6218108803660962,0.7855496513008291,0.8062479006188937,0.6322009669935151,0.6343069967853301,0.630757800962728,0.6381032916920005,0.528790026784477,0.3427051507972398,0.5317104201960159,0.7417628217524662,-0.5948006742069304,-0.5950427839282337,-0.31177189776933056,-0.015841926835719437,-0.6114163833868315,-0.5178283355551395,-0.6042304192938069,0.7968509696490833,0.7559098121712744,0.7331609878207015,0.7929525275413356,-0.4525732496294742,-0.5521275900679146,-0.8046339309961947,-0.08592395042247282,0.6822895830937767,-0.6687566956168111,-0.5130103352767454,-0.6544946958195612,-0.7736872828935589,-0.27464328437047986,-0.688963248740729,0.840171450163647,0.18128333941840094,0.4894454266437426,0.6498920967017054,-0.5941227971142025,0.7922655984358467,0.7882710400580808,0.28991864810288404,0.6891942166483565,0.8439147742000884,0.04135635096501037,-0.5017707945938381,0.27120889651440694,0.7874434217769831,0.826141170358764,0.5466684212158357,0.8085506646057203,0.7672765451038606,0.6999279854429399,0.8085705148126658,0.7311235529524985,0.871011091466985,0.6277009388059083,0.662907588453134,0.5707275191950432,0.23813053973067522,0.5130992198246107
0.6550432835420864,-0.11433332833074834,-0.747276043322433,0.3879607845460434,0.6097652338300698,-0.5173789260725145,-0.8127150729929107,-0.8373262694890073,-0.6690076449157775,0.7952868399062012,0.0,0.8824783436981305,0.7199526208899757,-0.09604737781562148,0.04415220685098592,-0.760239425446403,-0.6493329139931291,-0.7582688994552422,-0.6477389640696811,-0.7792571202571523,-0.5806947436332671,-0.4754787103109669,-0.7525844158835011,0.7034863978776946,0.7328151678039336,-0.3455689385895556,0.4853670571289611,0.8018517914957147,0.8180832871344172,-0.6358568664234323,0.7410665357060708,0.7203411228480038,0.6601022493131814,-0.6594681176743109,0.5285483923690085,0.12856573298627924,0.7497788718647816,0.7251487751707562,0.7690408192250135,0.7778794384805923,0.6826514515752337,0.7783216953592218,0.5983543382692573,0.7096610612248653,0.7285393698610211,0.7147844812917425,0.6844392150380028,0.58161042569778,0.5082740252592601,0.6488735201090844,0.6459622201430251,-0.7314282637057005,-0.7559569903021642,-0.2901272068945374,-0.09607620272352344,-0.6381672993492916,-0.6900814283042027,-0.6935399455054356,0.8431660649571167,0.9136164927428367,0.9015665746665721,0.8931632414262315,-0.4547488444042252,-0.12095069259444241,-0.6184102023232885,0.3459751694496027,0.7021182184098657,-0.7116100859895973,-0.6762725889358066,-0.7512472333814486,-0.7234452386352246,-0.5274770865508057,-0.7518880284910184,0.7676131443688163,-0.006915202748504873,0.35077205694192454,0.8960123151458887,-0.520067994178869,0.7392730420066662,0.7459423219913407,-0.056148871857394464,0.6223288784654624,0.7634549522230638,-0.26826405361403827,-0.6266867046978603,-0.14699970282190764,0.7722471010791048,0.8604581100270777,0.46843907324186435,0.794279114757337,0.7517054228181306,0.7501974473878685,0.7770968378780104,0.7544741332685784,0.6834481418612226,0.7137319012567509,0.7192592862540225,0.574225330040414,0.4507050569219577,0.6315659539541545
0.28425663693627284,-0.2710179989449955,-0.5713472895622175,0.25229732697929186,0.46818425041903666,-0.3121886145278984,-0.6195133765281711,-0.5323411700615989,-0.4884948374006715,0.8552367700005474,0.8824783436981305,0.0,0.8599356756953995,-0.2182197577937705,-0.10997908590784113,-0.39021262746094504,-0.21191440661638555,-0.36252736514451855,-0.31349397973051374,-0.6932562253889514,-0.3391818161188293,-0.08112091752119295,-0.374531558948703,0.737299950150131,0.5881826330172053,0.1218635369682983,0.35139538064560094,0.469483443191611,0.5142889604401104,-0.2813667799647165,0.42235425644609154,0.3697288957968599,0.24681896516925764,-0.3068184964343721,0.21242742994992167,-0.29200536660142357,0.3850705790994713,0.3219108419988245,0.4030341901322982,0.47316016619337053,0.2692236887803717,0.4583738977452264,0.3963594636619501,0.292091439744167,0.3225354737929855,0.3014409260191462,0.2708870368304342,0.15016226363362825,0.039996965151699856,0.20777960740170412,0.29542689765637736,-0.39755695849985495,-0.34153166534704116,-0.26525695119272064,-0.12825247571667042,-0.3240776085683787,-0.25743610386355154,-0.34213823092577783,0.5469374623814659,0.6955607735734648,0.6595089005607251,0.7125254332590651,-0.004576323085996472,-0.26444612706227794,-0.35389021625004113,0.019267094751157055,0.3105458742662321,-0.3061434372570923,-0.24128048040498815,-0.35486438138972093,-0.38249860661794777,-0.07440293721145795,-0.36597081643523577,0.4921373053625018,0.4388120180274737,0.6917876472056016,0.7629374469350914,-0.10487564812455437,0.4313271873015353,0.42430417474913995,0.3282048501643874,0.25200200233459896,0.48898986137673245,0.11628179230979599,-0.1548952968623235,0.19221025601894187,0.4424910784773146,0.595019482764665,0.07856174466471562,0.48979380230116837,0.40024315038429287,0.3714488389313491,0.47636411459454364,0.3866690913524809,0.6830813496881191,0.2971865136499909,0.3289691417523322,0.1579603613223195,-0.02937366350308254,0.183686070679996
-0.06882404696179603,-0.3056246758961191,-0.4077822758845285,0.11048453694270752,0.22222075125073043,-0.2108061892981767,-0.3664192582158251,-0.23948252123183517,-0.35223397320204897,0.6799470037006706,0.7199526208899757,0.8599356756953995,0.0,-0.14464837977352063,-0.07391765983010037,-0.19918207833771004,-0.0005159864635650502,-0.15280321959522702,-0.0688628206286753,-0.5768214795921249,-0.15947912189015687,0.06397303308718605,-0.1655645116949385,0.5721585526239521,0.4017803025484934,0.26898729880009964,0.04086154539359546,0.24473082786026137,0.2823248622571295,-0.07813593675707774,0.21094182048138746,0.1390277470346285,0.039305669830435694,-0.1346042106991855,0.03620541660326866,-0.44375228026379887,0.16736091263271907,0.10729683203667695,0.18110718806852655,0.2265229520817533,0.06013591146495042,0.2452350585479963,0.2290088604219903,0.08595503335452856,0.11387629602461455,0.08796933147917668,0.05755262908743962,-0.06612408725999634,-0.1609674112150389,0.008082733611666486,0.058266160376496186,-0.26897878234629824,-0.16560205680471637,-0.21447172470540452,-0.2635773885183431,-0.25267803809448525,-0.06612005107992334,-0.19867116129088774,0.33201300015929885,0.5313067095940589,0.4999580031822988,0.578143059481175,0.22148489998389878,-0.19335791252813472,-0.14515536438545495,-0.033421583894779935,0.0865832404565191,-0.08672378997491521,-0.0421286784236546,-0.14002966447002307,-0.17473580109890988,0.1089295866497457,-0.14927014151983958,0.24292577763652323,0.530799146678599,0.7120149648068236,0.5969018401974537,0.0874358429318542,0.22581017503006615,0.19425717800636474,0.3707607977189918,0.04736846285227155,0.2620255970588871,0.2582934801068393,0.019310642201580238,0.2143888327307932,0.2306055180751344,0.3808233702684684,-0.1243028601244442,0.26275708943153714,0.1770563183290746,0.14151488421137806,0.21169049958059746,0.17408038889267252,0.5546464923417377,0.08852585956988784,0.10515831028830458,-0.0482196245189165,-0.19230830018319053,-0.011147173520028057
0.012465167776953574,0.27974704297167563,0.2055480570053133,-0.05206929166454047,-0.07060117709158102,0.2040583105067227,0.27346420113097025,-0.08027764721611509,0.014692386705620642,-0.5443948175698431,-0.09604737781562148,-0.2182197577937705,-0.14464837977352063,0.0,0.8604582353141668,-0.11646365972702505,-0.05708072281586227,0.006424298908588602,0.2927481893759253,0.4015127210900262,0.5642751091753753,-0.5093595548453249,0.10725144303780926,-0.5231375522326942,-0.5040528822228977,-0.4019308838555441,-0.4197783232416861,-0.16573856058774103,-0.1773798315339995,0.3064538418123602,-0.22840873033834533,-0.20770389116701107,-0.1084346328281938,-0.4609756368240496,-0.4208796669109387,0.09909968000155057,-0.1533752319619477,-0.01985783903015603,-0.08794045513719251,-0.25677897241304776,-0.047830607523384416,-0.21914676947212958,-0.5343496999918169,-0.03467673915278331,-0.006799868440690296,-0.020323411489839516,-0.0872151344177464,-0.053920959318544744,0.22323941793719146,0.06916609605560527,-0.2958846574178812,-0.01566409704629108,-0.08582143497640851,0.18162129727484422,0.001450685237381189,0.2214118269175977,-0.1488035017380042,0.06262626649476166,-0.139172365416933,0.0327017500362876,0.06275532192406084,-0.10356463621675586,0.08577084126700733,0.853056069036629,0.5186049025962454,0.7429013226539314,-0.1291493121105592,0.10034739683458524,-0.14057179041496587,0.014458459515328578,0.2962682369134468,-0.37864258349982055,0.07832205229774944,-0.3092521677100872,-0.38765827296388156,-0.4035631358064173,0.20235639265593372,0.2586622217227879,-0.2555314212064089,-0.253472940129748,-0.656575597946161,-0.26568020767234163,-0.33454061577582417,-0.5777748361219724,-0.08743283419202864,-0.7857195376366679,-0.22045961970610156,-0.1871764566279101,-0.164034579371325,-0.22734221561453957,-0.21723814834775412,-0.08404850192969272,-0.20954731613872488,-0.1417787564714967,-0.5549417177793866,-0.015832162648194262,-0.06588072996362235,-0.14678609935667947,0.3137684027320235,0.08093441221685532
0.09005743407976438,0.3339338001173176,0.12224678875251534,0.08722745014851868,0.109284286196145,0.15588013363024514,0.18273216542878748,-0.1796142956818815,-0.07033163387538158,-0.4132880277831861,0.04415220685098592,-0.10997908590784113,-0.07391765983010037,0.8604582353141668,0.0,-0.15930516885939852,-0.153364315977466,-0.07810345043924802,0.1706689689427768,0.31800777272636555,0.5317153898617375,-0.610702122495785,0.0315972543796909,-0.4719015380071939,-0.45764546525444505,-0.48062755590267264,-0.259937747551436,-0.06668542073415235,-0.09806248348802547,0.25996004025892855,-0.18754427536881182,-0.14298817808730716,-0.047220561754359555,-0.6121509237217341,-0.39451887417272796,0.04664816189400789,-0.09175111307764353,0.05920833326463906,-0.015509108816650744,-0.17441829304092124,0.011775004047176154,-0.14869908863259093,-0.5388228956179348,0.035394228022699085,0.0590315252223824,0.06397405249684947,-0.019982512084637104,0.009325302316862894,0.26775605341768055,0.13370011329899176,-0.25438298826169115,-0.005815776688410909,-0.15515873545349504,0.29123078195883695,0.13385446785097777,0.18979394852603923,-0.21374313358061595,0.03486142105002434,-0.05167854763474387,0.14398689703795275,0.17344038517562324,-0.017729445096746985,0.05776468948291498,0.8910554200121299,0.45228847358932156,0.803494373505294,-0.07153271700719267,0.02233983998555197,-0.23178063785803252,-0.07196821378964635,0.22555351429025322,-0.4553530588639664,0.001838082148474914,-0.23365617340054026,-0.40719527463307026,-0.3735453410932847,0.30779100711515656,0.23908052236175772,-0.22772400188554442,-0.19731560003972634,-0.7096888347522905,-0.257405459252487,-0.2815187626473449,-0.670041218085291,-0.14001570361540827,-0.8207214209109442,-0.1671653892264226,-0.0943956795972345,-0.18408216188078283,-0.15041822969339697,-0.1569960492743832,-0.00586738847616481,-0.12189089294570715,-0.0783533687726422,-0.5170906292358846,0.05737902643688463,0.018754997593579386,-0.11318431288219094,0.3505663921831771,0.1345638154618947
-0.6718416172575072,0.09057989992091871,0.6367587474669557,-0.2877687165078889,-0.5624008376025645,0.35391647716049407,0.8211475299913839,0.8536090010873303,0.500992844779571,-0.6141196213360578,-0.760239425446403,-0.39021262746094504,-0.19918207833771004,-0.11646365972702505,-0.15930516885939852,0.0,0.44289228550838855,0.4494742269928992,0.39389423696677933,0.2072524177225049,0.25597660951644835,0.44116334168232724,0.44413611426975225,-0.2253095211473685,-0.2925746777136073,0.33791365110774313,-0.05380105393273111,-0.41763508963895074,-0.4183595592236246,0.28213725382004934,-0.3728844509117604,-0.3656792255571931,-0.34762545368223163,0.4495465463410718,-0.15836689856424632,-0.4421495516386307,-0.43521874009867184,-0.43226609171670216,-0.43472074920709985,-0.4109361458950956,-0.4109118283045178,-0.3911706411008533,-0.2557827367617756,-0.41444501283057206,-0.43252333977844154,-0.42453904782547,-0.4037401604761692,-0.30739851826900766,-0.44135115571457484,-0.4369798103062637,-0.353515022891459,0.4420542017475518,0.46963207372691085,0.1799352516701066,-0.060869739713139644,0.16305678408377355,0.4502832856097448,0.317986736970446,-0.4410296969183291,-0.4613448549174805,-0.44245374830579187,-0.3534027055728173,0.3106967626340286,-0.10391084981039171,0.26364405836788474,-0.3242535800330884,-0.4093440204242993,0.4381819832452572,0.4498139409179462,0.44268876006527674,0.38164678811948644,0.45147437833605586,0.44434135594071184,-0.3960058830797001,0.25107038008857513,0.03362496072508584,-0.4647912116143523,0.2997534196849325,-0.37632594334231156,-0.3822986145534038,0.2383346201166724,-0.3997472946268683,-0.36795164901366506,0.3595515154387166,0.42335226230373707,0.27710495329155355,-0.42359418420203654,-0.4521287989641881,-0.5191364854070827,-0.41326742171566416,-0.4092195850576293,-0.4354105778344543,-0.44282939405449634,-0.41102066072733073,-0.17996913782875545,-0.4239255078428657,-0.4161204201235273,-0.3085310622522689,-0.40747336706119486,-0.4395065845097784
-0.7938915151764352,-0.19457758011173146,0.6312524254584304,-0.5324618631734029,-0.6946282701458394,0.47921388676373705,0.7391678499235962,0.8488547661835033,0.5557296131285501,-0.5326130568133078,-0.6493329139931291,-0.21191440661638555,-0.0005159864635650502,-0.05708072281586227,-0.153364315977466,0.44289228550838855,0.0,0.7839117185215991,0.8305061945089436,0.28009837299953316,0.48942720053646344,0.8064715400750674,0.7768032070976036,-0.14182744437545594,-0.39754088952974587,0.8199420580792659,-0.4101444734008337,-0.730335474138995,-0.678366134852389,0.687274240817975,-0.5795169648231431,-0.6792126728517692,-0.7667136263090162,0.769023841789691,-0.5062907613139448,-0.7003130843105038,-0.7326070470631455,-0.7878043738871874,-0.7466643066785683,-0.6979115742845813,-0.775782004405044,-0.6533591870456474,-0.36658921634003644,-0.7841594201022216,-0.7626465912047055,-0.8107555082718164,-0.782861913998115,-0.769838002218301,-0.8148894135297654,-0.8193273281325112,-0.6604708104275945,0.4706117217918431,0.773902686779183,-0.2294415331513478,-0.4546028305197751,0.4188623093885703,0.7818167646828451,0.5135199261165853,-0.6706807035498694,-0.5993898764386576,-0.631432173045844,-0.4932131408346981,0.7147746729476248,-0.2022988468881783,0.5706264840672454,-0.585262239876857,-0.7548989639457508,0.814656519417194,0.8352663112407602,0.7847862406168552,0.6916034446880467,0.8197136304586412,0.7806327770492489,-0.6587019289076531,0.6855810990871765,0.3981855040311725,-0.51280119932916,0.7164597600661872,-0.5513476334750953,-0.6394710505966614,0.5855441135758924,-0.689976208023359,-0.5982159026314797,0.6901688398720814,0.8099552803809208,0.4427305529253741,-0.6817193881802006,-0.6612431339102881,-0.7610051755286094,-0.6818945106946833,-0.6979130047307761,-0.7742316842892172,-0.740272273811328,-0.7219115051020433,-0.16524074421226634,-0.796768451201394,-0.7987370084640769,-0.7243757192406787,-0.7848072291029362,-0.8114282915194385
-0.7816526891683596,-0.008708336469338733,0.7445968610964958,-0.43179983553923196,-0.6322381418565607,0.5535845208643794,0.8154327942631214,0.8963378324730757,0.670903518813976,-0.6534332869784453,-0.7582688994552422,-0.36252736514451855,-0.15280321959522702,0.006424298908588602,-0.07810345043924802,0.4494742269928992,0.7839117185215991,0.0,0.8340968343009341,0.6256663836729659,0.6586682576530719,0.7626198552516306,0.9284879991476014,-0.46897789380600097,-0.6757789377067008,0.7306069840364494,-0.5626561008256822,-0.9241415610962834,-0.9076452873525167,0.8246371554680071,-0.8474101819102998,-0.8827764207180903,-0.9017131291367635,0.8403185335917034,-0.6989338976009188,-0.5283540131527051,-0.9102911317729684,-0.936909339159718,-0.9338228986923702,-0.884539940517567,-0.9161692877064486,-0.8867370653628998,-0.6264089189152189,-0.9277180596358738,-0.9343457554335689,-0.9367968926113404,-0.9164087586056026,-0.8746905661678596,-0.8503372455848097,-0.9189091291451674,-0.828489027431419,0.8057199902231287,0.9536895550452255,0.16206665154330277,-0.07790272711973067,0.7203800818497829,0.9302430501097804,0.8181838065008884,-0.9138258818246776,-0.8787563616436228,-0.8911800411563394,-0.807148187533281,0.7912144132332745,-0.06949807408720653,0.7260628260136479,-0.5884212665757587,-0.9082922103784604,0.927667097667487,0.9378818629295979,0.9409627062157666,0.8638997297115205,0.8432829157687526,0.9323564087686984,-0.8573282903283996,0.4799821093783069,0.10887118214798593,-0.7907614671611419,0.7861253244563824,-0.8254660839560295,-0.8679009864149789,0.43330484126997615,-0.8237504762230078,-0.8329181642386013,0.6044269769389026,0.9075815984775384,0.4139771516563333,-0.8862549740830229,-0.896641181814914,-0.742026328225847,-0.8922855054157445,-0.8906909579065434,-0.9322445835938975,-0.8973728984862867,-0.9148506240049239,-0.49040177395926493,-0.9339023242660809,-0.9332614121154071,-0.8467488381330318,-0.8119200970369252,-0.9118292348691843
-0.6496657398145314,-0.19378925161167085,0.5786900464426837,-0.633497219738116,-0.7711305720082274,0.41913170404679123,0.746766702137337,0.688631331987848,0.4028862409237306,-0.7130587693995892,-0.6477389640696811,-0.31349397973051374,-0.0688628206286753,0.2927481893759253,0.1706689689427768,0.39389423696677933,0.8305061945089436,0.8340968343009341,0.0,0.3229912789023161,0.5277455887741717,0.3536932400301576,0.5586515006340217,-0.3201354234515791,-0.46277310694142587,0.3671594483128051,-0.40027243285275826,-0.5418027925693231,-0.5042588470532303,0.5574013925513501,-0.3967065434763265,-0.4814013726462128,-0.5094965321698048,0.33020812868090127,-0.4111259768973038,-0.43797234135823443,-0.5250033350527916,-0.5022647772667619,-0.5052568909659397,-0.5702397178909394,-0.49837029814036715,-0.4837261869486245,-0.3977000684458401,-0.49907344806670006,-0.45942768884595103,-0.5305934436162273,-0.5273628415285941,-0.46964563665259673,-0.3939887205552957,-0.48268599066773216,-0.5062446397056956,0.17893748807904414,0.4387711470570509,-0.2760386335825945,-0.545276408063569,0.23671838441101553,0.40243518807107687,0.22216769962231214,-0.48829269142689585,-0.4076948254260587,-0.4141855285325177,-0.3814902773291309,0.4200263461650974,0.2256298004739114,0.5819355788717068,-0.06913109480113351,-0.5175150399904613,0.5795084644625593,0.474318744671272,0.5033860236536815,0.5611896082241257,0.35691319781059094,0.5422460846505301,-0.5655283058622833,0.27476920869441496,0.04459929098413786,-0.3144340381895426,0.5360751511440608,-0.38759130247995605,-0.48137004103903114,0.0818099107746526,-0.5371711003195769,-0.5132967990206356,0.20702952663559548,0.4517770447075221,-0.10795244899698327,-0.5206177342025032,-0.5345347070680777,-0.5947142767709542,-0.5387961971714279,-0.5209941891929607,-0.5297387130495179,-0.5976842272364681,-0.5012945002194289,-0.3354692594427588,-0.5071848229638548,-0.5433302468560967,-0.4732930397690757,-0.3183211391009391,-0.4627475020112018
-0.37353763334733,0.3207571528295441,0.7340600839085741,-0.2212603889004884,-0.3855224120411064,0.5533135396190625,0.6904036360155429,0.579745367454429,0.6451536718301359,-0.8332939851484915,-0.7792571202571523,-0.6932562253889514,-0.5768214795921249,0.4015127210900262,0.31800777272636555,0.2072524177225049,0.28009837299953316,0.6256663836729659,0.3229912789023161,0.0,0.5452457050372338,-0.08494182316401032,0.4314967891540825,-0.7882245016542331,-0.6956834933715349,-0.16919423669649772,-0.48328487521639213,-0.5320270701481927,-0.5597157106321208,0.4336836371696895,-0.5302860536223902,-0.46846683566175645,-0.3559059338895506,0.15184032389608862,-0.508036179256048,0.3968980043103583,-0.45038278638784507,-0.36375778968680045,-0.4429081026580453,-0.519625881773278,-0.3397578813300639,-0.5486363353649796,-0.599842060215009,-0.3565255264333526,-0.37664977376251035,-0.34207709749725146,-0.34413091669474644,-0.2843124050250709,-0.025311653229424847,-0.23888683994868126,-0.41627539530425645,0.5271653997759754,0.39068395010113555,0.42929196154344545,0.40438946962415573,0.6568381074616095,0.29010927581904405,0.5433818832448417,-0.5724571056297131,-0.6383577822997152,-0.6061357781120139,-0.7588719197277239,0.1516909128749349,0.48734467071827153,0.5471752557943926,0.1530284270568359,-0.39197437268761864,0.36133054827545397,0.25087614033082273,0.3996195473421588,0.49706244829888524,0.0014195234842608153,0.4154891058276434,-0.542856983667944,-0.43834557721841233,-0.6613823441289592,-0.5859401874900757,0.2651206254441682,-0.5430089024228704,-0.5217755030257214,-0.41691038532506886,-0.36493672034448715,-0.5814642538269846,-0.27866566951229194,0.22078573337668542,-0.3265505570156493,-0.5168426413206567,-0.6277149903433913,-0.05004585318887464,-0.5447764285975223,-0.487626894600398,-0.40896287021512834,-0.4588971129359779,-0.4595013084882232,-0.8000531524053642,-0.34931361550199924,-0.37570329858667517,-0.3268776093898113,0.02976733643740192,-0.22348378199219007
