0,1,2,3,4,5,6,7,8,9,10,11,12,13,14,15,16,17,18,19,20,21,22,23,24,25,26,27,28,29,30,31,32,33,34,35,36,37,38,39,40,41,42,43,44,45,46,47,48,49,50,51,52,53,54,55,56,57,58,59,60,61,62,63,64,65,66,67,68,69,70,71,72,73,74,75,76,77,78,79,80,81,82,83,84,85,86,87,88,89,90,91,92,93,94,95,96,97,98,99
0.0,0.04768411450597009,0.4381888530480598,0.19681202696500347,0.02276651939262288,0.4196454345500136,-0.2422278013869996,-0.0597644840127844,0.29591802416374274,0.4339487443940281,0.41256294781640923,0.4033419076841529,0.2917903734519481,0.24764061967371434,0.16177177596684003,0.45637607548669423,0.370188826212882,0.3544794472308874,0.37700686264876915,-0.2564188826506009,0.19538518773018654,0.252351872757091,-0.2556941912843776,0.3932585876003741,0.6238271268708754,0.37539279557460176,-0.32044577652344114,-0.03137957941276361,0.2076266064191459,-0.17859636299434933,0.1693394013087689,0.7306402896726003,0.5299916508403065,0.3114410366082674,-0.13211732255521294,-0.21683923067074096,0.3063191291300278,0.15657291877024662,-0.006077396116227992,-0.24062521114357552,-0.2917709717387742,0.11256972737881922,-0.474111491767864,-0.10391295778508175,-0.3652391610427128,-0.4553051339022179,-0.4021437699876426,-0.40055554059776033,-0.17443396835728978,-0.23157479629760458,0.3978302814346895,-0.027474658937411012,0.08376870415965804,0.10685993873912544,0.3554662638593592,0.3860376226777001,-0.11894509250187082,0.0443107328719969,0.4190679641736683,0.33813182562992256,0.5509617596226003,0.17324928433910308,0.3506324477876795,-0.316442332566906,0.20580097026159339,0.0592246551901982,-0.39853255234949264,0.21108873618839252,0.23689708176471536,0.2864137502510468,-0.18589267041920213,0.19940141204653414,-0.03281745723929819,-0.3568091789274464,0.39264706941892624,0.6120682115840245,0.4558606142801738,0.25956415894897333,0.5315931623439687,0.4054537871208411,0.23998898567573387,0.029588486237129785,-0.5403672757496675,0.4159771131539564,-0.5000557328891211,-0.5046518753165203,0.4038527693539778,-0.3937173176243943,-0.2428766422709069,-0.3109543224119585,-0.3749493698048406,0.2657721913744335,-0.25093320816420966,-0.07151428165365088,0.6462788770254849,-0.20810712770141077,-0.39806491245058756,-0.37006178163790476,-0.20794608591789915,-0.27247446936550507
0.04768411450597009,0.0,0.6335669507658837,0.7590537930263161,0.8554316689825154,0.5603750601107842,0.571563176594633,0.8253321658809541,0.7483744790251671,-0.3748155387332039,-0.563917155565843,-0.1191440812504054,-0.32242334051108673,-0.29057270461052936,-0.2899170057752033,0.4475599215484561,-0.05629229435341013,0.6774134647508477,-0.08310741096564327,-0.13126732003383662,0.041752443394870074,-0.11826816712172296,0.08483874117548972,0.06882983661455913,-0.32382918888218754,-0.20384497571058613,0.027196286316258117,0.760576103011635,-0.39994965910999797,0.4817894611552671,-0.743368065633164,-0.2025164584229595,0.11276196094589314,0.25969221722056196,-0.6602521631022914,0.030770475164853664,-0.27372319627549513,-0.5815253401078702,-0.5397510388284101,0.02954895766733066,-0.2654724029390608,-0.6872617548880762,-0.6244944999026214,-0.329627821110006,-0.12816023148335604,-0.2794545579238995,0.06151288462997732,-0.13486970377907656,0.10322499992937006,-0.19999778562648637,0.40571579440251726,0.8510010660584262,0.6084487093436919,0.6750142768122587,0.5728260874630893,0.5044880963347986,0.8121411319126225,0.776910335567281,-0.3320646758218404,-0.5701421969124979,-0.017019712829241817,-0.2930814917068039,0.008091909761610542,-0.4482573555661353,0.01398349531080316,-0.3034320167268063,0.16716887209516587,-0.11869392161662141,0.4263669757979698,0.5914824454490607,0.19331323970593262,0.21122807910725847,0.4270027859471737,0.0068780610977791125,-0.04309036302191446,-0.08095869894566197,-0.02364943417910175,0.26536376678256896,0.11755256134236793,-0.4327990521017294,0.027249069555750925,0.12671217482707106,-0.11659274539463162,0.417795597783181,-0.059343966339720354,0.09456839041010445,-0.45816277794616495,0.32002942262362677,0.21948122521305716,-0.4423224659900376,-0.5275323789823594,-0.5189713782507821,-0.27823966586840254,-0.7397412110189749,0.30032832396586306,-0.14981160344238698,-0.14610252794703374,-0.253269054325011,0.21928149814887685,-0.132167906549719
0.4381888530480598,0.6335669507658837,0.0,0.6452058864443749,0.5391904488411897,0.8411658689390372,0.045829960579459775,0.4832251721212503,0.7313687751053488,0.12008553143039481,-0.07322843277723794,0.26454729089056905,0.07246172458061521,0.10670692880661002,0.0383779586335008,0.5825906087550223,0.23939336912646986,0.6858483399098975,0.29382942749943636,-0.3603598867939901,0.3120489922097273,0.062361102993374294,-0.25167668860976683,0.3439975141177564,0.2336619810838556,0.22705001288979698,-0.2858674011463185,0.6005346794874749,-0.06036406615371947,0.30936869233260444,-0.4621162385829298,0.2286981731043458,0.4511279875642079,0.3851921581193124,-0.4688637218053284,-0.20782351226300355,0.13751904424470318,-0.35707494983293403,-0.453710775057336,-0.3102142292141105,-0.4755874585606899,-0.3666101041851001,-0.7434165593660018,-0.4081127405157519,-0.4373496638616102,-0.563377762906128,-0.3402057475614556,-0.4663120563532898,-0.11878220959987254,-0.3444481569707888,0.49392857347600505,0.5086642883661249,0.43906035386324727,0.6393247692335722,0.7639957164363369,0.7858505960815901,0.43583019337573303,0.5126809122990866,0.1488689261424754,-0.10721220121182733,0.36887867958645465,0.03350772276172833,0.3177355712454597,-0.243308191099274,0.2973442033979057,-0.009945598208717469,-0.3319201595501089,0.18221646096836924,0.4636669545621347,0.591834497024743,0.047723063667239975,0.29820667330177836,0.31438376200802853,-0.3791584558349888,0.3076169239094445,0.43325380373339356,0.3920577011669564,0.6055485843737299,0.3108379088993402,-0.07718503268783915,0.21536697454448933,0.1081687760220446,-0.5074495917326948,0.5011619862248196,-0.46118959687632655,-0.4469749664135694,0.1667217183263636,0.0033098565766675244,-0.11610998091131197,-0.5903318264822169,-0.8261640356867135,-0.2014677716957565,-0.48094754278349366,-0.5212077479461061,0.5116471721993878,-0.35287701874902305,-0.4524448830092286,-0.5476331912542846,-0.14779775732217,-0.334063088665469
0.19681202696500347,0.7590537930263161,0.6452058864443749,0.0,0.3918612677510583,0.3145404589804365,0.13691448398653813,0.4229908748454871,0.40143435806024297,-0.025475755890781514,-0.20132194391304647,0.007779682628110137,-0.06903526674392997,-0.03338105632696748,-0.05479361347442968,0.3132719347702339,0.09045167464511066,0.2902430901241853,0.02710991643221786,-0.25397361020791687,0.07363940870854817,0.052701842608162075,0.2913934192717771,0.045653675545410104,0.018633948881617086,-0.04893080934756631,-0.010564880576401354,0.48532070916667597,-0.34136286695623264,0.4124373586987533,-0.1778235722549099,0.03815694049490109,0.27240238419319207,0.23084344198255072,-0.31204049872443446,-0.058753941462585606,-0.000370626635979114,-0.14313702615512613,-0.21722469653045887,-0.12410485003510045,-0.17932237657378816,-0.19942595301757318,-0.43363024117180154,-0.022655186181335114,-0.11587308548947964,-0.1445087268439337,-0.03464936217644488,-0.15331748789287802,-0.10592931520371163,-0.11684839636354812,0.12182352168940477,0.4140878730315337,0.19911950668809528,0.35310215047409027,0.2992662918240441,0.19740248768452878,0.40889585973750253,0.35165119311980697,-0.018867145321265242,-0.18228973719277056,0.1624074638565659,-0.03833392156239295,0.1065486027187834,-0.1828445293575729,0.03170121910356599,-0.06813537288744737,-0.12175680185561946,0.046708804980911386,0.2304900362287852,0.2650716837007163,-0.1041271164435718,0.13448116378273725,0.2893095941821846,-0.14431867031659712,0.0016626316865588262,0.11742193043325116,-0.03512933383976332,0.3303608935763203,0.33099041333914037,-0.2431283321210626,0.07071497998579454,-0.01514001166993751,-0.11566519623682209,0.4149834757544632,-0.08477061009866592,-0.06549698503361398,-0.07179528916847576,0.2974697470199996,-0.06652057248634424,-0.23262057615482676,-0.2794806956036028,-0.26959685357155766,-0.20708446566844954,-0.24680690741819697,0.42091743312728125,0.015532811599613977,-0.09899277369005159,-0.17388569324194744,-0.03617652358581131,-0.12173638362510718
0.02276651939262288,0.8554316689825154,0.5391904488411897,0.3918612677510583,0.0,0.5236575299930929,0.6518228529179126,0.8474225473131929,0.8001723747458586,-0.4980170839604279,-0.6330680058565151,-0.27061924019912437,-0.4769517277508834,-0.4584666418568665,-0.47484879171354444,0.3197398963798209,-0.2294365134264792,0.5617708714493799,-0.24963717992498086,0.025657565657011407,-0.16733673706113208,-0.27822876137796987,0.040933989047653864,-0.08612656387152669,-0.3816939145556428,-0.34506616088335657,0.17938423890004854,0.7643781477590907,-0.42285785854094254,0.28888136970854766,-0.7494467458203506,-0.2198631161145297,-0.00499707863253948,0.08964096124122566,-0.7095622840816925,0.20690542776033902,-0.1799470180125494,-0.4572343223349007,-0.3603938862941719,0.21231001180095058,-0.09843156350733133,-0.5621441349489302,-0.5880802686306654,-0.19763213408441685,0.016163194055854906,-0.1616511060254676,0.21397279761252458,-0.0019100287511144862,0.28187308322951776,-0.037242552556331084,0.29758288112132264,0.8714525922853869,0.479028085703864,0.5363609908036912,0.4946542468473528,0.4467934457143376,0.7204500194614698,0.8517266544175862,-0.4529420182454656,-0.6568735183820859,-0.1393391003054373,-0.4730791168426241,-0.16299506933266783,-0.6150837458552371,-0.17646261427717438,-0.49006428425148507,0.26742711874341774,-0.30368111091918637,0.2786305641052275,0.4617617823316353,-0.006747703677063513,0.05132333073082566,0.25096001563149406,0.14517622584596487,-0.19358936102282703,-0.1776958053797592,-0.15140008879063313,0.10172509546051989,0.14362372851111022,-0.4647194583047747,-0.10569204592299217,0.04233845572324504,0.028131267229146144,0.3258229157842612,0.07572550148745841,0.2239949853653883,-0.46806887322218976,0.40533153172850167,0.3695311372373857,-0.284186660642187,-0.5588294280107143,-0.43843686383804265,-0.1274961020686251,-0.61557938998611,0.2403859150647242,-0.010365795517408665,-0.001189612360233979,-0.11022344474944129,0.3771164127706471,0.026383664175140313
0.4196454345500136,0.5603750601107842,0.8411658689390372,0.3145404589804365,0.5236575299930929,0.0,-0.02434546139084302,0.4078339552272258,0.7397331245402844,0.04631517802762807,-0.10821478499247471,0.22367595857921813,0.02115413424401944,0.05956445287991018,-0.026768452148603218,0.4959456177166444,0.16355068002943166,0.5756232746436161,0.22277865964198743,-0.3640615590974729,0.18224415109456757,0.05395731435153161,-0.4288745318681223,0.29820995524410826,0.18576383660671145,0.2160032554985999,-0.2665794511202618,0.4589266131152429,-0.16963151619081346,0.2711407582321328,-0.5002398195289536,0.1764237613169607,0.4165972869339249,0.33074013851451334,-0.3654712534268498,-0.1995215769887034,0.10618309433445719,-0.3563509503130209,-0.3227759810073037,-0.26270445008250354,-0.4267810721361721,-0.31119309067840717,-0.5085837188695606,-0.44837085505983426,-0.4158325812988075,-0.5297148473349443,-0.28887816782558884,-0.4684039036870071,-0.12221486593884948,-0.3293731634978366,0.43025704439158674,0.4550702137664659,0.35740654912510944,0.5803253972764632,0.7647503954420743,0.7974994122482263,0.33680057867989155,0.5136547893398963,0.07178986228787865,-0.13011516099653397,0.3002584601970647,-0.011415791202470818,0.2528311781883975,-0.20133398066309888,0.25235102822437955,-0.05952819655524658,-0.3767693866107468,0.1423121892964157,0.4290260037763886,0.5249497422014748,-0.17080850342693152,0.3194997741686779,0.27760942487118545,-0.3974992274766661,0.25511739520487453,0.38475936126911503,0.30758715733329184,0.5641679388761794,0.08817195248812544,-0.13019724852591566,0.2668273321227075,0.2675969073542852,-0.4033369467188614,0.49541943181298376,-0.3803221479950562,-0.3328700358366368,0.15571970191298737,0.04281615474615352,-0.12638388497710082,-0.5046523739568446,-0.798446276140516,-0.23816978497171445,-0.4791957284148161,-0.4165164307930806,0.4618442220315056,-0.3996809433512808,-0.41875080752953514,-0.5213286127965727,-0.179079807832825,-0.3279585615338645
-0.2422278013869996,0.571563176594633,0.045829960579459775,0.13691448398653813,0.6518228529179126,-0.02434546139084302,0.0,0.7107617996564244,0.37821570208471894,-0.6714778587529658,-0.6597563709616577,-0.49361030109873716,-0.6144676371397273,-0.666807013814758,-0.607514897035935,-0.05106995741191998,-0.4505602889425323,0.19504049575635496,-0.4978558048035579,0.38911499495671,-0.37783402656855836,-0.4908296578864706,0.019589990355834322,-0.3183336174960729,-0.60978717193854,-0.5774585571776892,0.37753035405895025,0.40218379261633064,-0.2158563863242236,-0.03613643839768429,-0.5776869490665584,-0.34543714867810305,-0.46641830806969575,-0.24525528072042893,-0.7105259385297068,0.44883654061666034,-0.33700267194439193,-0.3248943885385477,-0.26240085343000663,0.5100860929003452,0.19886817346604527,-0.4451535192342332,-0.39464033363918866,0.019230955074244646,0.3230104254503386,0.15717054589423327,0.43751250558994614,0.34917291681830986,0.5204125890002256,0.20856175772030236,0.08352432801706178,0.6254619942933302,0.35749386147654527,0.21073061637474888,0.028797682945365676,0.014703349143539976,0.5876717400919659,0.6132066392118276,-0.6223059359071463,-0.6988170153414435,-0.4840840177446478,-0.5915476045762431,-0.43623281592200563,-0.6742386843985185,-0.43586270294441637,-0.6277825904103926,0.7516245024199721,-0.529683423039442,-0.02243933500432581,0.13123172717097667,0.1871144339130021,-0.21558338222755286,-0.039427488948961316,0.5777081015394077,-0.3931727700758393,-0.5237301012500701,-0.3836865181141062,-0.46085399285129797,0.1689766850759411,-0.25801842956834087,-0.414915192680041,-0.1751863765472853,0.33122243661001466,-0.13903870992765424,0.31207795227427654,0.5066354749740783,-0.7083943252563853,0.2719124015362528,0.6523135402794382,0.022265553259878307,-0.0684001081210959,-0.14307995537080187,0.24033539564074316,-0.47661161697127225,-0.17342622197961705,0.22653279521481143,0.2985786844734904,0.2386503123677054,0.6739919701185653,0.31152184702476066
-0.0597644840127844,0.8253321658809541,0.4832251721212503,0.4229908748454871,0.8474225473131929,0.4078339552272258,0.7107617996564244,0.0,0.7269561390405163,-0.5215568279650796,-0.6529054066536141,-0.31669490904321956,-0.49829072619852227,-0.48691313877729286,-0.5005734721249278,0.22984136383820844,-0.2781560213262689,0.40833092481946887,-0.31324339811438395,0.025911902139064316,-0.23173803798881215,-0.3477521581828512,-0.002829838692184764,-0.1597607917811231,-0.4126324215294789,-0.3954081004041519,0.20748237885081203,0.6510556392720326,-0.46306577333771753,0.2941136432140666,-0.6952342197742046,-0.2376838255941755,-0.12419226084217153,0.0040537631926487235,-0.7519660102680057,0.24660350931118605,-0.21936435858860767,-0.4342365710714439,-0.36558363186493675,0.23701986652186477,-0.04224445249521454,-0.5047921965577098,-0.5927330592409877,-0.14855327274332492,0.061419498069934214,-0.0897104303076078,0.2478818621455293,0.05161262250902827,0.30237062509993484,0.008087979805274405,0.18620093975144555,0.7969577481993778,0.4259652324756056,0.5187239424263534,0.4322365791615336,0.3855624645214544,0.7200932014806691,0.8008107380656564,-0.47734535319607135,-0.6647838464817549,-0.22002574003162975,-0.463444623830668,-0.2093393919668443,-0.5547016993402865,-0.236649545115295,-0.5212540855769817,0.3531510434584325,-0.32438567070180524,0.20411115883933162,0.33912343441429404,-0.06405403888567586,-0.0029717225711519595,0.20708428278962845,0.21247632755527465,-0.25317112406680664,-0.2385169851075722,-0.2817243438681218,0.014561840437298352,0.195602471399289,-0.3956616088369772,-0.1881715852842859,-0.006937661252041138,0.12648750547483759,0.24348921423053807,0.1085204993720953,0.27297584209044845,-0.5078794909392813,0.41706602360490846,0.39164106360835876,-0.2157848863064962,-0.4354230985451386,-0.3510400470537795,-0.08167670487837661,-0.551191449696269,0.17293721009628485,0.0370146609378927,0.06911374365994745,-0.060735889940596394,0.4057727593407062,0.0746963479283998
0.29591802416374274,0.7483744790251671,0.7313687751053488,0.40143435806024297,0.8001723747458586,0.7397331245402844,0.37821570208471894,0.7269561390405163,0.0,-0.2954646937322084,-0.4391069767745678,-0.09358830750434471,-0.33937797488629107,-0.3125833906925207,-0.39363168729812736,0.40823889250874257,-0.1153035553383025,0.5324472023413364,-0.11220162457906292,-0.1640253016433652,-0.15488028203961146,-0.19026964976082994,-0.24941994523375619,0.03327786542041801,-0.0958249030363982,-0.14292234576414517,0.021843381111315802,0.5975735268418484,-0.4203196814063861,0.2238489332971923,-0.6721945738211847,0.04814902387503397,0.20402463906621968,0.1571836013089972,-0.6478338766322017,0.08257863724785103,0.0191870170822506,-0.35154090590872106,-0.2441580027084068,0.06759246593558858,-0.19475557032571922,-0.383339529654901,-0.5946944135736195,-0.279858439385452,-0.15690572132277125,-0.33493032269006434,0.03338205371001645,-0.2161155122917198,0.1454257299855338,-0.12800550795543508,0.31722764651457097,0.7182965914214772,0.3533434803627537,0.541045519671589,0.6781760730421769,0.6641952390620898,0.5201372007236804,0.7965835654740017,-0.27609406396812464,-0.4699881305753902,0.05233861215563418,-0.3591441414416227,-0.03774420712315704,-0.5618804912495872,-0.08188899341525196,-0.43688351735157754,-0.04663402720504722,-0.18411396491873502,0.31769700574020676,0.4573911345867832,-0.3304884152870773,0.14341591341463214,0.19213241403576192,-0.10294376859921314,-0.06061347879814208,0.0971502012020124,-0.0443217574832576,0.28071348503644533,0.14761420949917306,-0.32791694822456385,0.026329321461150603,0.16409991238389185,-0.13058032056205043,0.48178104839338853,-0.11216547822998424,0.01843976878759768,-0.1817816800376023,0.29191900756717387,0.17724068470455678,-0.3420351619697775,-0.7481053259964326,-0.32527369835715125,-0.2765336365384045,-0.4730590726061997,0.45694754809537824,-0.1623397652473908,-0.162629869621734,-0.2909906869537978,0.15959188165774865,-0.10772456106660089
0.4339487443940281,-0.3748155387332039,0.12008553143039481,-0.025475755890781514,-0.4980170839604279,0.04631517802762807,-0.6714778587529658,-0.5215568279650796,-0.2954646937322084,0.0,0.9005521339994549,0.7283710043723668,0.8303947457124257,0.8127211513938054,0.7725257597266308,0.3002172343880731,0.7077190926677331,0.07115245591686074,0.7393575616084821,-0.43351891734402836,0.6468012015111166,0.6119464846461045,-0.07242974179872215,0.5830824739160629,0.8847961411403978,0.7688133449735822,-0.5760880405248902,-0.3674539444234309,0.5770309882585022,-0.04018932974865978,0.7130985574232029,0.7288558724192362,0.6048958123911192,0.4090163564880531,0.5308749403648287,-0.5502753846189775,0.362759480720237,0.31579316325647633,-0.01864343555498524,-0.6574579796809296,-0.4087416050366108,0.37679605643152136,-0.08060362453309114,-0.06792841837337098,-0.5005719638053213,-0.3984767200001681,-0.7008079601888392,-0.4955024208677006,-0.5540843943702624,-0.3558078163618249,0.24464399217945712,-0.6256888466860259,-0.10777972736162739,-0.08618026081612226,0.06035105470721515,0.10300198173382881,-0.4669943513587926,-0.6705898250480383,0.8981946507991392,0.8951753399935257,0.7389732978014866,0.7614932095459768,0.6759382505657373,0.479898331709592,0.5793838595750506,0.7248272653610895,-0.6922051848359354,0.6787663758407311,0.1739481985482621,0.08239695876735324,0.17294980060780196,0.30020995793865723,0.06667265546445973,-0.5968597227534777,0.6877551189126768,0.7974860499534148,0.7379965909332741,0.4879875011438341,0.43053517704096717,0.6895337794028904,0.44447696712407825,-0.008400602233693195,-0.6790930823032117,0.20108815763265997,-0.6365466523448609,-0.8286110021224651,0.8065347883748452,-0.6485768098444752,-0.6709470875080095,-0.28654402009420965,0.0578405255521353,0.45298981138072614,-0.3210266536848943,0.23302334676725178,0.397197188079265,-0.2936546531004031,-0.5122247842669115,-0.40897333810233566,-0.6563282457947697,-0.42841185729987546
0.41256294781640923,-0.563917155565843,-0.07322843277723794,-0.20132194391304647,-0.6330680058565151,-0.10821478499247471,-0.6597563709616577,-0.6529054066536141,-0.4391069767745678,0.9005521339994549,0.0,0.6008282667903163,0.7140177443622646,0.662839622143427,0.6386746540177078,0.1139093852627684,0.5496972303359264,-0.10789193104232946,0.587200092848004,-0.22018227803278842,0.4654541913802502,0.4682562984239478,-0.17340265686750514,0.4569295081784386,0.7826791187877582,0.63894365903045,-0.4636473463721345,-0.5788981707570247,0.6392661020685826,-0.30066388448121856,0.7390267430673287,0.702604425049891,0.38054546640677017,0.20831374925656915,0.5075200799010451,-0.3898724310382469,0.3118048430885034,0.3908840300418691,0.11229679860404171,-0.4545545305844684,-0.21979511558137724,0.4605743453829398,0.06165737793483289,0.022561708262712754,-0.3362520067195878,-0.2527781794895142,-0.5550912128345713,-0.31329846323598276,-0.3731350044123856,-0.21125734607076085,0.16142928743914065,-0.7261517725844996,-0.19218670978006566,-0.27105826613938083,-0.12069425113887843,-0.04147963825287517,-0.5731562841680965,-0.7171055366906389,0.7709833473256676,0.8465348252883597,0.5713724723991077,0.6286374241930112,0.5009485417991547,0.37087147461121733,0.4131233407485578,0.570436932841251,-0.46492374761540556,0.5026085910049326,0.008500956755515278,-0.08518683015962344,0.1419316019084142,0.1477612121839403,-0.12957148919648692,-0.3923761774600067,0.5626129650135532,0.6259301313670009,0.5881805544446109,0.153870647836112,0.3659951748681361,0.7788469069571281,0.2973583963445991,-0.0643265494091922,-0.49825808602627214,-0.02468581293119638,-0.5145404070826624,-0.6682433030539578,0.6812686599229357,-0.727871984814553,-0.5024178339016353,-0.10717950505591538,0.23424247805206122,0.5747005882109268,-0.13686164283786623,0.3407078438877352,0.1903271965499272,-0.20503913612260524,-0.36534396347435,-0.236968037924364,-0.46359591660565225,-0.27640235330561486
0.4033419076841529,-0.1191440812504054,0.26454729089056905,0.007779682628110137,-0.27061924019912437,0.22367595857921813,-0.49361030109873716,-0.31669490904321956,-0.09358830750434471,0.7283710043723668,0.6008282667903163,0.0,0.8868318337049017,0.8608476096070076,0.8299646947508542,0.627469654261846,0.8860943424797387,0.4259559911648367,0.8922300447935331,-0.7165567754539491,0.7956932874320333,0.8225153811798809,-0.44103890046632455,0.8753406363274479,0.8018661975170869,0.9136561283452407,-0.8638964316183972,-0.42393895332484993,0.3306669371824194,0.2566322864632067,0.36588122169081727,0.7248870045931437,0.7531500932970127,0.7230811461577681,0.372454039362593,-0.81941845206661,-0.13868771709491817,-0.2077242269458166,-0.4556566603090803,-0.8504988090602196,-0.7488580434074814,-0.08265465740495581,-0.11230949680988397,-0.5664686248809456,-0.8164414087383177,-0.7445887342384108,-0.8962650263065611,-0.7864338348883405,-0.7602503219568084,-0.7461827510680288,0.6800283532650158,-0.38022391974987824,0.38391636590408995,0.34675896046274857,0.44212148420468467,0.4652695060747411,-0.061350059049710935,-0.49237535602147736,0.8687398558767742,0.7937050228388073,0.8877796502809521,0.8696072720041105,0.8960101887514618,0.4855100553534752,0.8228792571222554,0.764842238624872,-0.7109852318285055,0.8602672869367588,0.6110157668056302,0.49956699103324687,0.3306072275100724,0.7097346535081656,0.47319615516833435,-0.7896274783056331,0.9090253890290015,0.8621583387950894,0.8394837755765762,0.610454140295358,0.23879374494494898,0.6813517467436947,0.7700324354935403,0.473288454111675,-0.8448369300839418,0.49134563742362247,-0.8591427143381003,-0.8254519437987351,0.46885982302792323,-0.8325012780183892,-0.8014152976363802,-0.6569113088268075,0.09261421820583654,0.17927131365159732,-0.6904603083186066,-0.21594758970355415,0.5578217697509035,-0.7309340873097245,-0.8249925804962095,-0.73521653792159,-0.7820196581412323,-0.7773836746466543
0.2917903734519481,-0.32242334051108673,0.07246172458061521,-0.06903526674392997,-0.4769517277508834,0.02115413424401944,-0.6144676371397273,-0.49829072619852227,-0.33937797488629107,0.8303947457124257,0.7140177443622646,0.8868318337049017,0.0,0.9092630830411512,0.9088424627489313,0.3610961733505499,0.8178544733933645,0.14833631083137247,0.8357546646929592,-0.566764152347887,0.7987038328154276,0.7740226084605394,-0.15270513787089823,0.720274959104486,0.768399316223299,0.8578633685653475,-0.7224606575560383,-0.4610920401052594,0.48365570124639207,0.18014495392690266,0.6087451196122512,0.5829372757986524,0.5972855433792317,0.5503794217427768,0.6232524457029976,-0.7317250924826595,0.010852787677924495,0.022313389098237185,-0.269532938377405,-0.8046642408919636,-0.566194065000254,0.13724913554082874,0.09760117402390286,-0.31308175043230746,-0.6276113199328074,-0.4773210666274889,-0.7905153803632309,-0.5872722961915857,-0.7217404850503414,-0.5571341343981957,0.39390203953106334,-0.6124135609447698,0.12563333459763196,0.08345352466917368,0.11928021251544796,0.13015893474279613,-0.28495416412642977,-0.7426289424787379,0.9059779780142982,0.8949031248302752,0.7676360636123565,0.9100514037078223,0.8033588930081758,0.7125291244457747,0.7631660265765662,0.884265271465002,-0.6648744214444843,0.8374934337756927,0.36812316912469306,0.22645249689931898,0.4114509079291259,0.518246341442427,0.33437568720760213,-0.675744893013634,0.8041957524947254,0.7462357523382124,0.7724908840712731,0.5314926358761378,0.18452402801659346,0.6726166575978229,0.6261577285334047,0.2536684126082914,-0.6967732856275203,0.22672785693359626,-0.6861432011443633,-0.7862787078494147,0.6042558656871232,-0.7406954700057766,-0.7813057167578921,-0.42229497595320953,0.2907637062375995,0.2805657743477564,-0.4797200175931691,0.04731036305610956,0.28923116374612845,-0.5097513905285226,-0.6304354962905875,-0.5111255538387361,-0.7699426158379754,-0.6002422402670866
0.24764061967371434,-0.29057270461052936,0.10670692880661002,-0.03338105632696748,-0.4584666418568665,0.05956445287991018,-0.666807013814758,-0.48691313877729286,-0.3125833906925207,0.8127211513938054,0.662839622143427,0.8608476096070076,0.9092630830411512,0.0,0.8783484390489041,0.3502107121194484,0.7637093748907635,0.16052210308543982,0.7949418967472466,-0.5725876719801093,0.7835072572944529,0.7420255977047832,0.0017913510292841244,0.645858175389129,0.6681080395260696,0.7881091259171423,-0.6698248553587652,-0.3577297648706977,0.3421504883265447,0.3081287738268563,0.502924792145551,0.4089702985227511,0.6079999821807108,0.5619897195804707,0.6079963683639592,-0.7114936229448966,0.010492759425082088,-0.014242373646288624,-0.2320923553338579,-0.7802130387564956,-0.5411698704249387,0.07907619605191396,0.14583872133363066,-0.31199753020580556,-0.5903652338820271,-0.42501873483365155,-0.7118888270414855,-0.5662181702425625,-0.721495592311384,-0.5265421712815636,0.3095373414687547,-0.5074689138166462,0.09099148983973111,0.11359090127503527,0.1406730798110258,0.14102804878722244,-0.24120124960435887,-0.6421770927827101,0.8094835594946248,0.7978254890730162,0.708179040642729,0.8486430119349277,0.7358583067083676,0.777792424054823,0.7606696476503485,0.8827586863438112,-0.722783696858887,0.8089304140954707,0.3633832924875519,0.23313226277131674,0.3934473619921994,0.4988766595039442,0.37904441162167296,-0.7009343791173446,0.7148156515956365,0.6628454746874392,0.6710112244386807,0.5987777081678576,-0.0384881056265587,0.40935410811024187,0.6300953580238146,0.29816725366799685,-0.6301086728498391,0.2630504498356245,-0.6157780998810788,-0.7299292003618557,0.5587780247888515,-0.5721021289624582,-0.7880226542249543,-0.3949558923638752,0.17979447398595433,0.055715529853060705,-0.49936592681118674,0.05816968809788879,0.2596918183809585,-0.495774905184781,-0.5878287999841691,-0.5102026859914681,-0.788426641880475,-0.5866188558579305
0.16177177596684003,-0.2899170057752033,0.0383779586335008,-0.05479361347442968,-0.47484879171354444,-0.026768452148603218,-0.607514897035935,-0.5005734721249278,-0.39363168729812736,0.7725257597266308,0.6386746540177078,0.8299646947508542,0.9088424627489313,0.8783484390489041,0.0,0.3132559848960781,0.7463995701175484,0.12356047872844908,0.7816024682584448,-0.532689181445261,0.8201128426146326,0.7264288486344583,0.009679285777379936,0.6308708261477693,0.5647544396535423,0.751296237801741,-0.6737253449702214,-0.4067926861483118,0.3686463193155017,0.3345778502632818,0.4843870945812084,0.29311651155644053,0.5287305667598816,0.5444907475070673,0.6006027971763348,-0.7149930312731883,-0.0957110434874912,-0.0757498609094078,-0.2903777958988118,-0.7542602415994147,-0.5379657679756518,-0.0023005706819369683,0.18972149513886463,-0.34409611147573327,-0.5750957155860685,-0.3832792939908918,-0.6895422106849789,-0.5285408809696996,-0.7253383172136094,-0.5344567663283731,0.2948177807273762,-0.520598223459431,0.1332366252501494,0.11496612769449593,0.0585738975799766,0.06179289440984348,-0.2058200472804529,-0.6995986782714633,0.7646771615859388,0.7568882236201391,0.622968975412326,0.8454948624809772,0.7014859920995787,0.821468092734431,0.770719488855641,0.9116313321722593,-0.6277294448762083,0.8087736202019078,0.3537497892228156,0.21854959096030707,0.5640674878215398,0.49076902995738253,0.39378498679396795,-0.6313373474584392,0.7003461595442699,0.5666707792141255,0.6538971164639488,0.5308891453536423,-0.12168808371474285,0.3823152381192469,0.6149586528435782,0.2959736897535378,-0.5928060240831238,0.18073157839943277,-0.5757621677633067,-0.6685921009700344,0.4654282271906492,-0.5855526998371514,-0.7570565980736967,-0.38538902996462987,0.26041487800353064,0.011439022017841114,-0.4745166486941531,0.011856335185405974,0.13614004690092046,-0.5055506309017718,-0.5598763545867247,-0.4770082464852252,-0.7635660175619094,-0.5717724568561561
0.45637607548669423,0.4475599215484561,0.5825906087550223,0.3132719347702339,0.3197398963798209,0.4959456177166444,-0.05106995741191998,0.22984136383820844,0.40823889250874257,0.3002172343880731,0.1139093852627684,0.627469654261846,0.3610961733505499,0.3502107121194484,0.3132559848960781,0.0,0.6019170729678693,0.7795047760988488,0.55137560208026,-0.6605481434576242,0.5157420115749601,0.5312871302149668,-0.2555367105131837,0.6698751067654446,0.3709143659997881,0.4555620866476917,-0.6174926883498804,0.12494229663253006,-0.22038716218720972,0.5213999407931278,-0.2758772214619876,0.46482104877536773,0.7497563015696164,0.7668901627058755,-0.36172650865487865,-0.580451831225148,-0.3429698774553314,-0.5307555174757022,-0.6225841161608268,-0.5228315119852647,-0.731408758160282,-0.5775789587186839,-0.5528247478758284,-0.6376228308660511,-0.7037425082746583,-0.7635587407466883,-0.5776091333949909,-0.7209520616732549,-0.5272969834759514,-0.7040940262464511,0.7851681111078014,0.3936772753441681,0.6772123224129624,0.7058792651864949,0.7343171387372338,0.6682856106252458,0.534848085518952,0.270273261079017,0.319417635759838,0.11521687292430648,0.6560560617992207,0.32574692856755594,0.5917826447667043,-0.15684095055481828,0.5433726343485078,0.23876410221221614,-0.4442209039163659,0.49240043794870614,0.777511963880761,0.8083469149728763,0.21461580467100627,0.6875628635467503,0.6168275302238679,-0.5881727717958964,0.5733517878996939,0.5650088398326875,0.490629580484869,0.5510699593491878,0.2158274726389883,0.07601471981936966,0.6220467423165469,0.5271097337546781,-0.6826882656821912,0.8116233289693665,-0.6710527889090682,-0.4617297563540954,-0.08553959686406724,-0.356332852077194,-0.4503454047820934,-0.7726526795149097,-0.3540838262766935,-0.35953305877911923,-0.72319683905269,-0.6622811296214639,0.8230426744244297,-0.6401448252010257,-0.7082319064559892,-0.7466057677550745,-0.42578183538381315,-0.6912712240681409
0.370188826212882,-0.05629229435341013,0.23939336912646986,0.09045167464511066,-0.2294365134264792,0.16355068002943166,-0.4505602889425323,-0.2781560213262689,-0.1153035553383025,0.7077190926677331,0.5496972303359264,0.8860943424797387,0.8178544733933645,0.7637093748907635,0.7463995701175484,0.6019170729678693,0.0,0.45001729235606647,0.8711997446795716,-0.7634364685356566,0.8244398238244872,0.8732055876117248,-0.16130724675118513,0.8477649025129569,0.7170686779151495,0.8333435082573966,-0.8315172335088288,-0.36842126502861977,0.17331136156086585,0.43698074964822625,0.3683454057367,0.6412929963688081,0.8128128944312993,0.7997249782344631,0.3136294085545114,-0.8432317881588776,-0.2532403875219847,-0.24556585750342375,-0.49211508774553997,-0.8400283573326908,-0.755509171394311,-0.19679120941995962,-0.12740185620201047,-0.529058729016687,-0.7939029359185369,-0.6892959549130487,-0.8381584049427925,-0.7595904802354239,-0.8292861322160976,-0.7673556613999625,0.6526784834647262,-0.27981655470070366,0.4228254362447288,0.3844411817900492,0.3799524650248533,0.33524598057851357,0.06568718053144833,-0.4612557801681195,0.8065025272032949,0.7202787173426181,0.8845817968751366,0.8567242420704968,0.882720539152353,0.48269465656909666,0.8184739355782097,0.7877448593524266,-0.6832068541552444,0.8661709869016773,0.6500724550333533,0.533535358949635,0.4088491124169243,0.7370509381379432,0.5831198965157254,-0.7754244352936727,0.8479633062787003,0.7770326774498907,0.7354898368500145,0.6100561816165418,0.19512790761702797,0.5151966115519244,0.7895131361986961,0.4860531835291547,-0.802558353859932,0.5847045316254478,-0.8009927311450099,-0.7380676477993815,0.3194233907605759,-0.7235549594006911,-0.8308832535398485,-0.6559752345309842,0.17629613581651207,-0.01950268530165598,-0.6969610381086386,-0.2643139926976849,0.626815710133093,-0.6831757319584634,-0.7889402287136106,-0.7115094370089842,-0.7930041873774444,-0.7949456294593247
0.3544794472308874,0.6774134647508477,0.6858483399098975,0.2902430901241853,0.5617708714493799,0.5756232746436161,0.19504049575635496,0.40833092481946887,0.5324472023413364,0.07115245591686074,-0.10789193104232946,0.4259559911648367,0.14833631083137247,0.16052210308543982,0.12356047872844908,0.7795047760988488,0.45001729235606647,0.0,0.3334683077901788,-0.28070967476453373,0.3867954791216898,0.24788071477407686,-0.05981241630288053,0.4403091906184133,0.09444739495195201,0.23916118964968508,-0.3090250594221796,0.522626770020375,-0.022098685309368156,0.36666823296765644,-0.4380385813272593,0.1615303012177367,0.39458089466985,0.48126715927457053,-0.27663447025070254,-0.27834318127480606,-0.1777749397314762,-0.5009161984302941,-0.5508970314194874,-0.2789698514990045,-0.4924660869207245,-0.576964099843766,-0.5216194866335733,-0.474124780988473,-0.40852311735546587,-0.5225242758076372,-0.30314649524803955,-0.38727806591938924,-0.15315155185296767,-0.43043348170511947,0.6815907460742308,0.5372235503090688,0.6462906777679012,0.6174837185228161,0.625228664408565,0.5836782324972474,0.5347147298310999,0.4180509500828006,0.12301235943354277,-0.09321618316945793,0.3730368223890908,0.0838844500779327,0.3751496968962283,-0.19035139957161284,0.37276101111695165,0.0930882730266166,-0.14762583123928297,0.2330910951114469,0.5700821263112459,0.713484012202435,0.4157312457677696,0.42219550577072956,0.4926666328893987,-0.2880135231014413,0.37354772668023783,0.32017476561390285,0.46201581864011565,0.4566292942430102,0.17969991836934796,-0.026085748606494246,0.33440066959458037,0.2509994459476839,-0.5074790307412519,0.47221178906675176,-0.3870186602411462,-0.3019269440903163,-0.09660695109634206,-0.13451495109325465,-0.09655258850369121,-0.6089944858927303,-0.4183324358421659,-0.30175930248194266,-0.4446654140885847,-0.7016956098332845,0.40616122853683023,-0.3947909580672136,-0.4563113214796728,-0.45387311544744885,-0.09742529836042929,-0.38118055056294947
0.37700686264876915,-0.08310741096564327,0.29382942749943636,0.02710991643221786,-0.24963717992498086,0.22277865964198743,-0.4978558048035579,-0.31324339811438395,-0.11220162457906292,0.7393575616084821,0.587200092848004,0.8922300447935331,0.8357546646929592,0.7949418967472466,0.7816024682584448,0.55137560208026,0.8711997446795716,0.3334683077901788,0.0,-0.6269834198197259,0.8779242018517793,0.7402383900264708,-0.2255990119979669,0.8022933846066402,0.6953536990102638,0.8336992594712331,-0.8098921581844947,-0.2718386045282015,0.38016170097065505,0.31378290393863684,0.2825939216862152,0.5405921228232451,0.7319271914844683,0.6991990474850854,0.30077271264958866,-0.7725537096816639,-0.07173797899839858,-0.21364119741067722,-0.4603549388140919,-0.8059786510288223,-0.7199106610599603,-0.16114790702909143,-0.15974330637762987,-0.5298456609285492,-0.7570514309632882,-0.6712203217455186,-0.8303973266509626,-0.7213787534962921,-0.7128813836731933,-0.6834583545021989,0.6063775013487188,-0.2977243631596876,0.3595676526144251,0.3477436193469082,0.39803736713974985,0.42420733376269054,-0.03207776371454302,-0.4478369215844636,0.8026443560820592,0.7160259563991339,0.8018456949422109,0.8012491533857447,0.8184631457210377,0.5367277909846859,0.8393290349983928,0.8078101800858615,-0.6936652085667564,0.8222501792535907,0.5649667385931355,0.5019310439969562,0.5383740715516605,0.6177475665266964,0.45398422565995816,-0.7399868238596825,0.8412762136703116,0.7678745280790937,0.8303383825348241,0.6444973808872098,0.08412293371681649,0.4681581338470323,0.6949503085092947,0.3637032609299652,-0.8258415096873978,0.40913933526193674,-0.8089530849916664,-0.8339624303887057,0.4660180637073984,-0.7177510006056381,-0.7480502417293152,-0.6428327863345124,-0.0555648390613175,0.010829215160072738,-0.6508665326795698,-0.23739434627197664,0.43868875287327147,-0.6698574615497003,-0.7700330277195286,-0.7099300610978347,-0.7489416707926171,-0.711443143557201
-0.2564188826506009,-0.13126732003383662,-0.3603598867939901,-0.25397361020791687,0.025657565657011407,-0.3640615590974729,0.38911499495671,0.025911902139064316,-0.1640253016433652,-0.43351891734402836,-0.22018227803278842,-0.7165567754539491,-0.566764152347887,-0.5725876719801093,-0.532689181445261,-0.6605481434576242,-0.7634364685356566,-0.28070967476453373,-0.6269834198197259,0.0,-0.4779698429018504,-0.6740402541182933,0.22014779177583998,-0.5968804096391143,-0.39275976765985554,-0.5466150556720258,0.6311602615055611,0.1642278627806464,0.42272917906465407,-0.6842819923073746,-0.004901011520649431,-0.3406377939198374,-0.7139685580906415,-0.7218657386043825,-0.09443534162379456,0.7035816017416823,0.3820879970200583,0.41242337458987516,0.4477419641536072,0.687757457445009,0.655525546356018,0.3014437469686656,0.04164970354485452,0.55835465306335,0.6783943377433235,0.5937267543922732,0.5792340162691029,0.713193226435268,0.7613055819389363,0.6908234396497331,-0.4572862565941242,-0.02948851143553573,-0.3944394142891362,-0.5424874715446173,-0.5466868029747723,-0.44813081582695097,-0.29897099184703263,0.08643404430585322,-0.4187349479489806,-0.30524170153095415,-0.6388478215880719,-0.5798970266864166,-0.6468333264962146,-0.37057863812114866,-0.5872633842052433,-0.4658146731881205,0.6594590615188347,-0.6605374674664917,-0.6615439725158347,-0.5095855681883535,0.08309161900989988,-0.7328682614883392,-0.6780455923595005,0.744911242660511,-0.5335318437252552,-0.5329257589503662,-0.3029993905756552,-0.6576546619090519,0.05954995874393017,-0.0534113397799577,-0.7245531708117103,-0.6746662581579796,0.4791180931831316,-0.7611405176088067,0.5481400157722116,0.3910411860281139,-0.040433290669457916,0.220765802493,0.7245109388343133,0.5791337455286463,-0.0034870280161753376,0.3455932663850582,0.74007364189303,0.28591165962100096,-0.6849013112067238,0.6307881650034868,0.6298259668381508,0.6718856695787544,0.7099620841784737,0.7360009444602374
