0,1,2,3,4,5,6,7,8,9,10,11,12,13,14,15,16,17,18,19,20,21,22,23,24,25,26,27,28,29,30,31,32,33,34,35,36,37,38,39,40,41,42,43,44,45,46,47,48,49,50,51,52,53,54,55,56,57,58,59,60,61,62,63,64,65,66,67,68,69,70,71,72,73,74,75,76,77,78,79,80,81,82,83,84,85,86,87,88,89,90,91,92,93,94,95,96,97,98,99
0.0,-0.30592811419537774,-0.6400337262282687,-0.10743519045164109,-0.2756447774596367,-0.7675652184981931,0.77442782807714,0.5751100556961019,-0.6368534550424074,-0.6957341046515931,-0.730944047670397,-0.7334948182277181,-0.1275222965765295,-0.20953086482167932,-0.6792582686199461,0.6204592927418586,0.28233974670565526,0.5189276306963814,0.38780137938857884,0.3137553331807987,-0.7017435597062924,0.4719725237498521,0.5862361975027788,-0.8070402498004868,-0.5510405489998375,-0.8059576424566468,-0.29190732917885065,-0.5867267185511562,-0.7731451564991819,-0.48955894332828537,-0.5817627236891758,-0.22173316413455302,-0.6148595281547463,0.48948849857387644,0.6085598334101,-0.1681895746572268,-0.4436088816267982,-0.3861708019818056,-0.5699009156603481,-0.29127164071779665,0.37034235811137745,-0.360089713081122,0.4222227110394019,-0.2487338962007694,0.4162436276367162,-0.13710036664742276,0.5954583235465685,0.6357186579871607,-0.11994488187791831,-0.14089682194501377,0.7089227508341943,0.4981884546764498,0.5744154980375721,0.3986137594163448,-0.7283156488004021,-0.6076552318368889,0.5983790242289897,0.3593694883691732,-0.6557221560639326,-0.6122130539114047,-0.7130007671539104,-0.27234371413276454,-0.28326588033385963,-0.16542935318007282,-0.14295847353681893,-0.6435518293847374,0.5178600404519984,0.388362707187326,0.47848725341986165,0.5361323912593342,-0.10259994413743205,0.43797763867299894,0.533483877617271,-0.7274012259952227,-0.36240147583642074,-0.7019318930131206,-0.7352798485233722,-0.7512513745606717,-0.7032938301450901,-0.13158792662734803,0.26731131428829125,0.061546317712155116,0.7462377160405309,0.6110235791088519,-0.7982732380786107,0.5343619429553602,-0.383344016029035,-0.5934758214141872,0.5895858604353637,-0.6163312391220162,0.02636704203804584,-0.30772558584393084,-0.6236788463593878,-0.4192683446635773,-0.5917171302996087,-0.20972802276541938,-0.23240961804177473,0.5259551601624258,0.5553394690432084,-0.2511144266506367
-0.30592811419537774,0.0,0.4879527142037767,0.7049899941858897,0.6652744989921907,0.4272850378944492,0.1819444780486158,-0.007941674933235904,0.342999421093547,0.0851247306547507,0.06731780170479745,0.00680308338994784,-0.22822614848703615,-0.2829275827641709,0.036889800783199755,-0.05145786813763592,-0.27585738093239737,-0.17449596997952538,-0.25103409316361647,0.06311934834878868,0.007698577394712216,-0.13357048475490682,-0.13737405498718194,-0.012095955800476151,-0.12192057986057109,0.09219361461842565,0.35934055831778944,0.2342744565477992,0.14397845958025537,0.3312748544545473,-0.0031860613602399295,0.11027901555398953,0.06742512177831832,-0.19924160626679527,-0.11522169329988959,0.4155518135241742,0.25049789216676793,0.21767600098646772,0.18380265126859263,0.2784310913880709,0.23040811305108158,0.27420910943619814,0.21896199187757015,0.23042677784675417,0.1626304507973177,0.2944397555095405,0.22652449133882918,0.18794734751342318,0.35885015064473547,0.26885983587046813,-0.14105060178650766,0.22694870421051613,0.0729838191277994,0.5669171777662314,0.49728599254935074,0.5537265348792734,-0.04676514609506845,0.13217649947799776,0.12063275050352362,0.0436822764279923,0.0772181781002391,-0.30925428507896247,-0.29003438845247664,-0.28658121330379155,-0.2535091887227581,-0.015672666154716738,0.30406436879263715,-0.3199878306765416,-0.19154054992670008,-0.14659305883212634,-0.03418151555442699,-0.19281348772294693,-0.17412817720612428,0.14845605878157603,-0.2364334560529641,0.06637577077708591,0.03578860007625107,0.13656858509490907,-0.03597378616453369,0.06546094295446578,-0.06834436659700238,0.34532301827353207,-0.022407453071476745,-0.10629058195921305,0.15273332851881863,-0.08089106159913663,0.2649513655402097,0.2085427769181877,0.01716349100594219,0.30542653263537134,0.2619148570021594,0.16529295696479987,0.15966239732587043,0.02063930519868495,0.28071148352254827,0.18592346336599144,0.31859253186674535,0.027248954004644867,0.3963831487184421,0.26574695683411614
-0.6400337262282687,0.4879527142037767,0.0,0.4724242612738826,0.6784218434309791,0.8120870599294653,-0.20174282440659375,-0.21816095250408699,0.8479944040204341,0.3640114069863415,0.3625426169592942,0.3072512647875452,-0.38756172321116517,-0.36890915228789367,0.2679444211075994,-0.40191943792141815,-0.42495641325652395,-0.38971478004561133,-0.44976057965564603,-0.09591428443880462,0.27347443388032316,-0.3062375363080348,-0.41899743015929647,0.41612101514214567,0.19807550366324225,0.4740031685259392,0.47947218268709146,0.487180027739162,0.45290752314246635,0.4927356755048747,0.2874997752057419,0.17242446418820156,0.3915596130065349,-0.4033253590944215,-0.3612436383960694,0.522441639083626,0.43882720365389205,0.3389550185569352,0.3889329105435377,0.2943400030081774,0.05666320662908526,0.44902236833155323,0.04917957948925886,0.33106413532260703,-0.04758588908769437,0.32976761932678617,-0.02705375411477246,-0.11314710233666309,0.36150306865331366,0.2900016084923209,-0.466279700265644,-0.08907470228228101,-0.2829890756182573,0.0636557407935373,0.8369693697958955,0.8825135786127284,-0.3120126893578493,0.08738861605242106,0.3960666080488441,0.3247615151334805,0.36840396803904757,-0.31406834579335363,-0.19212611251255768,-0.3397927343275439,-0.33851771134555847,0.20274810173223154,0.004644041275706306,-0.5495394144272575,-0.4298711520796443,-0.3841101935188987,-0.06519050461352138,-0.3703580360803264,-0.41242161701352625,0.3994414536655935,-0.005218625277288242,0.402523753745268,0.36467082609202967,0.41203836524987836,0.2698187274334809,0.10024850686482754,-0.15928417902306477,0.2043855287681898,-0.3773010027185887,-0.3511329303331915,0.444111965285577,-0.3650566287971272,0.40658830880584557,0.4651247950980001,-0.27540057144883595,0.5355507591255472,0.10285864231948626,0.27476880392136643,0.375238789522081,0.3179357875444522,0.4947468289529603,0.25303625090871007,0.36494563345552544,-0.3271316610933655,0.05646136342392541,0.3264049621855928
-0.10743519045164109,0.7049899941858897,0.4724242612738826,0.0,0.5421829947594037,0.2558012664474507,0.22516505010379664,-0.08953897493684522,0.12800652159104314,0.11895194684708058,0.09330226088359263,0.03205866686506619,0.015699238293274246,-0.07906147551077294,0.11405965603202502,-0.013370517222677035,-0.2994872109058838,-0.2160421164232126,-0.2585577074294359,0.02930053326702916,0.059016508778713915,-0.24209813132635885,-0.14960573427714885,-0.16526468570342295,-0.01445290707514085,0.03943364281109082,0.36468095891014685,0.24921649689923847,0.13481380674233298,0.3578713768667277,0.00681301915126157,0.2724356258705101,0.0004273802462895277,-0.2702364097019011,-0.17491338661550268,0.4286717038335596,0.2735855433574327,0.3053030832229069,0.22178087753524556,0.3606386908902262,0.2892386584557461,0.294268744567827,0.22124481118567468,0.3332597419463738,0.2788763942872107,0.37662321400313636,0.1695708207003098,0.23471962701648533,0.4765343408915119,0.3767090773339412,-0.11021911432012628,0.1608662585498085,0.039226737898984045,0.5967978155943503,0.3163729868752795,0.39188327627736225,-0.09442187474741452,-0.031681631620845516,0.14848426199936143,0.09844930329319115,0.10535293139888026,-0.11492549133308708,-0.24163133176870177,-0.001053143017866697,-0.03330984822608974,0.0882249398759537,0.22872593051079534,-0.24730076481455343,-0.2276211765361042,-0.18437523141649584,-0.025808651815044045,-0.2747168367908338,-0.20769672279485132,0.15765968709621747,-0.24077934365086223,0.07977931782548028,0.03538583021651223,0.1600997507182835,-0.01970671255170282,0.21437147542775364,-0.24266425442160502,0.34629956024719344,-0.01250309080534991,-0.21432075981122423,0.13371218050636932,-0.1337921938777704,0.29307427128633035,0.21167575630781296,-0.009167884986093118,0.250841121490061,0.33788053271517804,0.2574148206566724,0.19321093856168853,0.051055498466482385,0.25815231847193276,0.3058276337199991,0.38283084958077945,0.04106897558791458,0.4703434642935691,0.3543767154952376
-0.2756447774596367,0.6652744989921907,0.6784218434309791,0.5421829947594037,0.0,0.5616084413696221,0.13062436280537643,0.17490091593823962,0.5446040276789117,0.010402358669202128,0.014023938298744478,0.045369755709842634,-0.03970991206962123,-0.08848444642170954,0.01567880632974396,0.13992573972160827,0.024266376681768412,0.054455773159714005,0.026703660922849957,0.4241503247391393,0.022520664891979982,0.07972007730668752,0.05353918445192324,0.13286090150162302,-0.13187388982866924,0.13744063595654146,0.09818210772984091,0.058944580848770405,0.25234709778351544,0.11449189747030619,-0.15381670835972866,-0.18130420782848305,-0.11298989042604027,0.014031481407018761,0.03342143893579778,0.186919950175751,-0.004001461363435672,-0.054932407532281805,-0.0266584331302667,-0.05735973494333497,-0.11583760054386154,-0.009392800686872283,-0.10702961405926414,-0.0691866900291124,-0.20968175356989938,-0.03502046698149533,0.06529559322184479,-0.04595347039888922,0.07129241107083929,-0.06297198305442395,-0.011084910759420492,0.3860355682573172,0.2178136781074237,0.5857475997664926,0.5457953307924901,0.596173106534979,0.12750756159652712,0.391719067195432,-0.02259120957928028,-0.08562651323031946,0.04023153919544523,-0.13402625542122937,0.011371014405781447,-0.30804529248287865,-0.05783524841227819,0.002706504111654378,0.3121927532990064,-0.05813346940015408,0.03395837517129642,0.07003348495175175,0.37548832555971523,0.0443981818354732,0.041120713613565014,0.0670356552213133,0.1070597881042337,0.027320998252480994,0.17984631024158657,0.16985679855559732,-0.07874653680257655,-0.2556357513842309,0.20753249776083924,0.009812703434528162,-0.1868430870356748,-0.06120373251184237,0.22232663186193524,0.08259245293128266,-0.01802969106457803,0.016795176733147517,0.17530139198424888,0.10967556064315923,-0.16488558490861754,-0.12979676067141024,-0.025580401495930404,-0.19965801043992065,0.0535753134975596,-0.13281604761921287,0.0027379052975367553,0.09692213395708149,0.3125452456693204,-0.04751817560032237
-0.7675652184981931,0.4272850378944492,0.8120870599294653,0.2558012664474507,0.5616084413696221,0.0,-0.3231526387990206,-0.17687111468385996,0.8703057638323264,0.3738768804286442,0.38780207221359797,0.40409356749735836,-0.13035266829295555,-0.10061820114630339,0.33624753230141974,-0.30931538707900164,-0.19925804318293025,-0.26317064864332296,-0.25205581993892234,0.11086397141685372,0.3580883167574411,-0.194499333961574,-0.3091512796366862,0.5527117448860861,0.19141151103028137,0.5471868538163839,0.30643072616867734,0.3998667996372691,0.5768948738141729,0.378735343581765,0.25827032739870925,-0.00014724731404362821,0.29644520101469873,-0.2757511290610791,-0.3054873719331824,0.3153160288208437,0.2850211639867041,0.18081738994447347,0.29721897396894453,0.11185588257110694,-0.22312338483155866,0.24997194389914007,-0.22749534389752815,0.127932753319264,-0.3376215658104451,0.09593193970292921,-0.22049891511964875,-0.33847394894265814,0.14521921088673953,0.06984754926042049,-0.4189487067013764,-0.04134517099708493,-0.2063601410192578,0.06928029485311721,0.8340175285741155,0.8277302677269622,-0.24319391368118448,0.14815331466384354,0.3390041683350999,0.27288077910791186,0.39865026623266525,-0.08104449407678686,0.09268129613261696,-0.24264902454966544,-0.10358274943413923,0.2946788816608043,-0.037971261958658895,-0.3372659919474468,-0.27635875697285484,-0.2625028937730122,0.2425306684236165,-0.22056744931522504,-0.2866126152350314,0.4143356328691667,0.25307300256750925,0.4065995400770788,0.5134860979662879,0.515398178384448,0.32577735522803397,-0.08072287783589356,0.003981001446011814,0.0066235751313381,-0.5283882066022828,-0.3626080432679635,0.5701808940678562,-0.2590328423601179,0.24212936136356095,0.37080200569532484,-0.20453479589920232,0.44415085543985716,-0.13162310687398385,0.09730860907491404,0.3117037496714894,0.1488251266667222,0.3826097150726724,0.05159214957263272,0.1651748033140371,-0.2462714713026789,-0.07727962585976066,0.13581362916251402
0.77442782807714,0.1819444780486158,-0.20174282440659375,0.22516505010379664,0.13062436280537643,-0.3231526387990206,0.0,0.5889137825674335,-0.29232143914088027,-0.6329693514129867,-0.6674384200759776,-0.7112297785195189,-0.3540810837299174,-0.44784535556953686,-0.6586866080715401,0.5631949538573887,0.1117023299394296,0.4089925156067461,0.22024706884432757,0.4030829796328521,-0.6808413073793428,0.38982425979855007,0.47012097307224776,-0.7188645394799399,-0.6280654461024797,-0.7013048291232921,-0.05442089721289737,-0.4380313836734569,-0.6580002824228963,-0.29837597002450383,-0.5342355895351857,-0.1599487505651455,-0.5310694115794237,0.3682791742741497,0.5293821343182259,0.11671402320401258,-0.2834812647174981,-0.266609382362186,-0.46134149103623545,-0.13736186543527837,0.4805540019483566,-0.20023184316756976,0.511638063911873,-0.1325655125601589,0.46056735849339564,0.01925121442681379,0.716355358614057,0.7051972357054439,0.07273775640285712,-0.010599602916241072,0.6164992690042416,0.6451509038238539,0.608616675332547,0.7118974835584787,-0.33033912571032864,-0.18536249680360473,0.5584516664467671,0.5061356255687719,-0.5649549684674497,-0.575256846794745,-0.6302836845532576,-0.4954015570434372,-0.4388293809886932,-0.3998682422332522,-0.3439769901976867,-0.6499456181372492,0.718405505622298,0.1716236534641122,0.35425352176704705,0.4368643134129195,-0.07781187352997974,0.32756745123480985,0.41126940143453644,-0.6119583840343421,-0.4232290090771704,-0.6354687779587828,-0.6710647245261738,-0.6513058091851481,-0.6868777007172426,-0.08198199922947519,0.27763454462355286,0.2605390540165101,0.6897973882497219,0.5466073628702682,-0.6514323500607002,0.48084474993353515,-0.21681797984715215,-0.445833417648242,0.6018461260609987,-0.38697085173224693,0.13869073997772474,-0.20346270299841837,-0.5131217505511184,-0.37849847311202717,-0.39891693866443234,-0.12741067151038593,-0.052591600518949795,0.5229692061362328,0.7497006505827645,-0.1101919373321261
0.5751100556961019,-0.007941674933235904,-0.21816095250408699,-0.08953897493684522,0.17490091593823962,-0.17687111468385996,0.5889137825674335,0.0,-0.05524414259865736,-0.780132543560691,-0.7580829591994577,-0.6864874100169298,-0.2577597408396464,-0.3146435167380486,-0.7718430141773436,0.7770544565662473,0.5784210757490346,0.7617284491754185,0.6323723958095128,0.7126757234493237,-0.714085165298919,0.7709165038799287,0.7130462549629432,-0.4195548434788121,-0.7297456006306982,-0.6481620063893817,-0.5470043259125174,-0.757571836124772,-0.5990047488847033,-0.7164901140475094,-0.7787092389165938,-0.6994847746790899,-0.7258363329184715,0.7453728385630716,0.7887768617419726,-0.3658915787402174,-0.690354137657488,-0.7362585001148021,-0.7901814125112051,-0.6473232839242062,-0.030799294958825375,-0.6477708180887518,0.06247221387344486,-0.6535807892633713,-0.11952512191924025,-0.5331752383583294,0.506003278125885,0.3289023871834465,-0.5043389928629544,-0.5730014784738888,0.7693490720462829,0.8312283985880058,0.8205700345826629,0.5745312425791418,-0.29751292259683143,-0.2103483741527818,0.8192756471321377,0.8740952223695201,-0.775661333731197,-0.7807854981906639,-0.7217057053067971,-0.32809145536574336,-0.024328856275478896,-0.5676191920998066,-0.20550846925222627,-0.7250423806716684,0.6840008929933642,0.532641401308217,0.7184304500830617,0.769089059738986,0.34913267540179904,0.7344947718817735,0.7412283692403006,-0.754960714774672,0.005680916988569157,-0.7289572590887051,-0.543518190081073,-0.7276700949934757,-0.7662445031034802,-0.6278068445784126,0.7625909183338935,-0.20120477126887162,0.5431617334982028,0.7648385684626291,-0.6393852839406702,0.7465435515540705,-0.6604564045699973,-0.7554737032186843,0.7795546009081166,-0.6780222427802238,-0.4255899415819489,-0.6962832656715121,-0.7999952499190971,-0.7180889939656009,-0.7277563690473966,-0.6674859189072686,-0.5768601058381168,0.564272345182242,0.42112824270224036,-0.6326308052935476
-0.6368534550424074,0.342999421093547,0.8479944040204341,0.12800652159104314,0.5446040276789117,0.8703057638323264,-0.29232143914088027,-0.05524414259865736,0.0,0.2109201713067812,0.23706574709543454,0.24418518947782988,-0.23988079594273995,-0.20580267655838083,0.16106064252686786,-0.21082872646794576,-0.12340603863730484,-0.13910258791365795,-0.16106765534459916,0.15683670298952657,0.20796237169781223,-0.09309260514226886,-0.22097828244553597,0.45061080836845346,0.10054432110535291,0.36993050865615107,0.1902344978027288,0.23832567114597686,0.37374796359093587,0.19096869940695307,0.20546721338977803,-0.040237228655503145,0.20600113994122113,-0.14592740436492177,-0.17220489747327156,0.26553692114549415,0.17819317953427735,0.06898957761882274,0.155083567255017,0.0323189874640731,-0.1417244706071584,0.1398890439349674,-0.17970637074545423,0.04915941198761079,-0.2714686587277514,0.03333955904016676,-0.11116170378062123,-0.23428028369472315,0.06424927839056008,0.010501560322699808,-0.2524079221011634,-0.0053021046725167924,-0.12506613465005686,-0.027633459907510066,0.6465422719200268,0.6725010097673183,-0.12118069018719384,0.25896103762732897,0.19671266145936395,0.15941690738164768,0.2497692633230028,-0.1301416778779149,0.08354034886658858,-0.2744039023788575,-0.14799849195932904,0.13911895021033646,0.06020514956145714,-0.23563234286743726,-0.1639163145868499,-0.1434375343551786,0.21727933538265706,-0.09860778708401376,-0.16849960285553836,0.24858851961127457,0.24657169645915264,0.2690045263376975,0.3592474908518017,0.2984087961203849,0.21117698145043445,-0.048673648195286585,0.09405779763172038,0.019327742418343466,-0.3524999690459357,-0.1933856804865297,0.3879245687666642,-0.13821923723223714,0.15395510071534077,0.2384694418961791,-0.07509603094056176,0.31265788410026896,-0.14136125162262106,0.04731006833828704,0.1713067207442824,0.12582503923575597,0.24206228877603345,-0.010739839163189357,0.08939097469862785,-0.14736022095420803,-0.03921126458873696,0.060466960260092906
-0.6957341046515931,0.0851247306547507,0.3640114069863415,0.11895194684708058,0.010402358669202128,0.3738768804286442,-0.6329693514129867,-0.780132543560691,0.2109201713067812,0.0,0.938188495524965,0.9100748618145463,0.3250668411130471,0.3922227031561005,0.9309025965598938,-0.7922243923402997,-0.5238794609685993,-0.7839486928541534,-0.6098956019089364,-0.5816288828506978,0.9261742434201281,-0.8086609018953161,-0.8363317213865951,0.7507137910705673,0.87861911232837,0.8944035399690811,0.46042937838605635,0.8103320839034861,0.8820356196722848,0.6930475958028324,0.8013750381289727,0.626309686121844,0.8054857828458428,-0.7973073374406003,-0.8936545407283145,0.3227716446784149,0.6785663540031097,0.711375344319429,0.8367027145010713,0.6020961069157006,-0.2247091680195602,0.5932771188149049,-0.37290999555488413,0.5911690980902616,-0.18136311134231572,0.4290873569690638,-0.7288159620119307,-0.617223379455364,0.4052244576747481,0.46540440976423475,-0.8898506584093246,-0.7971518784504283,-0.8485212347640424,-0.5354278472292285,0.6053131483327265,0.49598784475938806,-0.8632379145550251,-0.739344173650229,0.8999468262991654,0.9013404908794573,0.9257695359674177,0.4707681297250716,0.2774235199110086,0.6046067343342811,0.37892213597511976,0.9120170155678448,-0.7710955935549965,-0.4981307145678281,-0.7546419473987017,-0.8011553055152294,-0.05429502537608328,-0.7570578286659503,-0.7957368083573159,0.9355022543751923,0.3394864154425242,0.9202812749747595,0.8484260251518356,0.9031935048127172,0.9021036153767987,0.528668574214221,-0.6927260044721434,0.004194133919748777,-0.83872554047942,-0.9243810027271495,0.881866749243221,-0.8388892429063741,0.6081072007104112,0.8029543513132166,-0.8618975335250604,0.7534361055661325,0.21543378742785088,0.6467127146838701,0.870884423777013,0.7110685819740261,0.7702262271996538,0.5681265277307584,0.4943195439640896,-0.7584347094268435,-0.5953766943733149,0.5548849271655452
-0.730944047670397,0.06731780170479745,0.3625426169592942,0.09330226088359263,0.014023938298744478,0.38780207221359797,-0.6674384200759776,-0.7580829591994577,0.23706574709543454,0.938188495524965,0.0,0.8511096506390236,0.3530597422764313,0.40894919194455215,0.8580694004860365,-0.7231721912772966,-0.4113937102243933,-0.679957042995275,-0.5033309909667204,-0.5423765327358182,0.8640068731640526,-0.7281559946472255,-0.7637882624285227,0.7320011436331209,0.7624036945579046,0.8125988005734699,0.31159291492014196,0.6863143388018924,0.8371422452401325,0.5405963740741527,0.6683349344827629,0.5028972692339544,0.6580104707005404,-0.6839288422480102,-0.8104184737191628,0.23013308810852942,0.5760177585117938,0.5910046990155653,0.7304077231781058,0.5102483690685022,-0.26017402705090903,0.4391989260973367,-0.4594491395061475,0.4587108394862653,-0.26010381849012265,0.3253146992277314,-0.7108863572064723,-0.6250703963368265,0.30622499159594035,0.3581173970635416,-0.8023920297584808,-0.7184458956461117,-0.7372626198137555,-0.5223956634572824,0.5529481200617176,0.4625297384197195,-0.7611476697313367,-0.6347273278531055,0.8159840860762,0.8081490033715217,0.8568494743957042,0.5296923766584252,0.37189522044883544,0.573068121551069,0.4073133663456475,0.8550479851183268,-0.6888887581790073,-0.3877634044784616,-0.6352725800399487,-0.6929972228427801,0.03725614750733343,-0.6484378139684446,-0.690597780187096,0.8510708168725002,0.3892826923592461,0.8333910270888342,0.8235547806779925,0.79570846295415,0.8061314416046169,0.4320054889379356,-0.5694944164999352,0.009277019266236343,-0.7940672749328145,-0.827677673824351,0.8381309102427806,-0.7153351846888529,0.5179664199530358,0.6957648599513879,-0.7508018321700265,0.6605975989375008,0.17916010063251125,0.5284248613130464,0.7796674003529216,0.5554452920551528,0.6546917779344484,0.4414096527102404,0.40585808869991125,-0.6346399855125551,-0.5754839769212369,0.4534127901222991
-0.7334948182277181,0.00680308338994784,0.3072512647875452,0.03205866686506619,0.045369755709842634,0.40409356749735836,-0.7112297785195189,-0.6864874100169298,0.24418518947782988,0.9100748618145463,0.8511096506390236,0.0,0.5335772298038011,0.5996417924777692,0.8946334502194835,-0.5982406136303938,-0.22385334218728786,-0.5593344952544368,-0.33170012604487586,-0.3547063102453694,0.9227649572098179,-0.6088991007806789,-0.6659571677938215,0.8474992111951919,0.8393310043830094,0.8826108055390454,0.15433655009184438,0.6077108692781146,0.917053038330393,0.4327172993705682,0.6358334875219112,0.3724818720972811,0.6181656315414551,-0.5797403405582241,-0.7442848094761171,0.029715432903908393,0.4186279453763043,0.4564098273246022,0.6395410981534947,0.31472784632244916,-0.5264470447500438,0.3017487440906787,-0.6615572961745977,0.3015105948544745,-0.4851250276978571,0.11532288836512454,-0.8844389619683428,-0.8258940171366204,0.09610683296734734,0.15596655782464677,-0.7526086606470377,-0.675905499594862,-0.6939738217723515,-0.5280236475496435,0.5360065624548478,0.40322280816609485,-0.6960291241253419,-0.5664187019845586,0.7578961964512867,0.7710321497587619,0.8721634128632442,0.6728228545483499,0.5812857302761317,0.6562802793284919,0.6015328419421405,0.9141377094832998,-0.7916046324497995,-0.21082339395880262,-0.5215373547657767,-0.5873209683365159,0.25416381931424875,-0.5234215336068813,-0.5818784134562653,0.850271192290083,0.6313483696488816,0.8473989450242655,0.9277617962541075,0.8795419268971778,0.8518895847609393,0.27724337866936416,-0.45038607054625684,-0.2873784231763746,-0.9205525392230208,-0.834432217173051,0.8892375853843634,-0.6732131951632865,0.3296814006446344,0.5958567485819275,-0.7364402793897623,0.5370050758283547,-0.10744742610514141,0.3733944815686877,0.6941269382952225,0.4729316766887402,0.5414388683848068,0.2759284323942826,0.19216981122368165,-0.6993980156565327,-0.7342908576963604,0.260252051790347
-0.1275222965765295,-0.22822614848703615,-0.38756172321116517,0.015699238293274246,-0.03970991206962123,-0.13035266829295555,-0.3540810837299174,-0.2577597408396464,-0.23988079594273995,0.3250668411130471,0.3530597422764313,0.5335772298038011,0.0,0.8087056392146695,0.3254780978272801,0.1441331173747377,0.3147907366009565,0.0824718738445922,0.2837396404165739,0.09035938571646335,0.31408974061126593,-0.02959922280605683,0.07821715318502581,0.08821716331304695,0.2660210240106089,0.13191925317790237,-0.3397295491540763,-0.07035122472892315,0.2708099507819768,-0.12712287196590938,-0.027153156904075104,-0.041251545731345034,-0.17448020788166319,0.04897633399102724,-0.07885853891819505,-0.4010265897286664,-0.19567745846584356,-0.07553499488013989,-0.005383494397228772,-0.13452617069873174,-0.43825625517397215,-0.25836655572041084,-0.5101690639563791,-0.15750080236465583,-0.3398356029567006,-0.2620140188677202,-0.4970769764042142,-0.40023797330780325,-0.2090344021876877,-0.19809118131737843,0.016376070435893803,-0.09473178883607195,0.01007935059910319,0.03888719637681418,-0.22109140564063953,-0.3017054533231868,-0.033413111272109754,-0.24437295249919463,0.050669171950335275,0.10165578884714946,0.17020108023891292,0.7358980171090864,0.5736248321154019,0.6414479106958528,0.7667482754799945,0.3937163562287012,-0.3261373716947832,0.4233743408416869,0.14799151631674173,0.07689931530534788,0.43706769474369783,0.07543995424700589,0.10425160336401709,0.14986749583843206,0.4094988463513777,0.12056642759564896,0.30641499246826337,0.26793738300703007,0.18193280527114908,-0.08524895362070674,-0.03294631385111002,-0.34062452541913824,-0.27564378293503017,-0.21423129424834553,0.2338233129722008,0.022032923378411996,-0.21396233004936993,-0.0914215908977276,-0.05509458225222343,-0.18114895213011528,-0.2085481505253263,-0.1324360261204079,0.03154845160224723,-0.18476082059802684,-0.14105118333410932,-0.13145515810131647,-0.2278520057228829,0.026106114568159984,-0.23425381082006852,-0.16797447030459456
-0.20953086482167932,-0.2829275827641709,-0.36890915228789367,-0.07906147551077294,-0.08848444642170954,-0.10061820114630339,-0.44784535556953686,-0.3146435167380486,-0.20580267655838083,0.3922227031561005,0.40894919194455215,0.5996417924777692,0.8087056392146695,0.0,0.3855568151317674,0.09299344899185341,0.33605830930758185,0.06086001590112877,0.289533632628427,0.1048321297218652,0.3866634192620995,-0.046218879583243534,0.04505717393766553,0.19162953665092008,0.33233514422506494,0.2072562482693904,-0.34658831772901033,-0.04032923957686072,0.3328560554357463,-0.12409327821028772,0.06181256233386705,-0.03697799425750489,-0.09822699998343948,0.03775216870081378,-0.11694934858396419,-0.4400510468791865,-0.18691521976494985,-0.07173475469960644,0.024305513083223155,-0.14652731103339772,-0.5226142366776103,-0.26217533060602133,-0.5921487363293435,-0.17615158240023893,-0.4213112110305765,-0.3039516635736569,-0.5941045642111216,-0.5032457549595266,-0.2588943400433409,-0.23189236875575533,-0.04076431164703869,-0.18418468169650545,-0.06390651372088292,-0.08588882559748853,-0.21983573098319942,-0.3309868424989473,-0.0877517979202216,-0.29995229024053455,0.08912679266253555,0.1450673769289759,0.23213431962718958,0.7989754807072258,0.6491927037921856,0.693025258624186,0.8167196660620334,0.4585271612776308,-0.4064571974715472,0.43604118645789497,0.13275764478077703,0.04739582718186748,0.4835156166147622,0.07090350240858426,0.07769438978074629,0.20640837210116728,0.4996837285435339,0.18243942872972316,0.38575438132750856,0.33934577633238533,0.2785898004629256,-0.07822811291157701,-0.03788710524008387,-0.41186660987295826,-0.3611361103204902,-0.2648230352922719,0.3045361906126794,-0.015975610384652165,-0.21537302898725644,-0.06151112488104724,-0.10643309234903126,-0.15495973213417716,-0.2749342241471486,-0.12373663576733931,0.0728390392017172,-0.13979888889230868,-0.11573927227928911,-0.14517448047328518,-0.2603145534680626,-0.025605498523876936,-0.35738180209363163,-0.18752238146072436
-0.6792582686199461,0.036889800783199755,0.2679444211075994,0.11405965603202502,0.01567880632974396,0.33624753230141974,-0.6586866080715401,-0.7718430141773436,0.16106064252686786,0.9309025965598938,0.8580694004860365,0.8946334502194835,0.3254780978272801,0.3855568151317674,0.0,-0.6146039928515247,-0.31618524247394075,-0.6256042275700352,-0.4023681582726848,-0.4007115734309541,0.900238111872452,-0.6882286788031379,-0.6728162921835734,0.6863195366197005,0.8098272583140437,0.8085060821630954,0.2779464780536278,0.6562511461732762,0.8611272572253815,0.5307895522612543,0.6632065220642575,0.49998193824228043,0.6063548157142269,-0.6465396691267835,-0.7763586350591956,0.13908958298448978,0.4987041891799353,0.5631204092526583,0.69498146427576,0.4519699101388245,-0.3618899835241194,0.38744322311378093,-0.5237651149940281,0.42296902557579663,-0.3038715867290588,0.254110447213099,-0.7980989424669536,-0.6754345537059842,0.2662634851981476,0.3089481921617968,-0.7479256759518439,-0.7018024063988288,-0.7080381692658999,-0.43315268976507126,0.45155688733913957,0.32777463870085194,-0.7370763361150635,-0.6962175245510062,0.7691033889441226,0.7811084873352585,0.8480586904854609,0.6685535509434549,0.4582477792136456,0.7248214221834817,0.5928753184683493,0.910119262471458,-0.7401981286737358,-0.2610613104175436,-0.574328392643617,-0.6407902921266879,0.1653078392152588,-0.6027297400651623,-0.6293455517114882,0.8457555793230707,0.4708862827979723,0.8181619955332085,0.8476384046199162,0.8657842561442305,0.8274493545637459,0.40087363499148887,-0.5746233190025407,-0.1268634061734331,-0.8327311831007937,-0.8660498617149125,0.853970813757953,-0.6882181695511813,0.43302477184331506,0.6408392472805768,-0.7240949913059845,0.5733669559927486,0.06780497020212768,0.48429690583487106,0.7411288086266009,0.5008787834812014,0.5889950597081526,0.4121359411037812,0.32674129183462325,-0.6045477532918209,-0.5700179126498461,0.39840565647181236
0.6204592927418586,-0.05145786813763592,-0.40191943792141815,-0.013370517222677035,0.13992573972160827,-0.30931538707900164,0.5631949538573887,0.7770544565662473,-0.21082872646794576,-0.7922243923402997,-0.7231721912772966,-0.5982406136303938,0.1441331173747377,0.09299344899185341,-0.6146039928515247,0.0,0.6097889490437493,0.694788575943384,0.6648290164210782,0.7010184565701959,-0.519317904240536,0.6504005173232958,0.7004885799864423,-0.45494459902584816,-0.49551188138572716,-0.5653418056791418,-0.5575083342691052,-0.6756257430879482,-0.4648496358498292,-0.6240335965931219,-0.6871263649340079,-0.5350970314008776,-0.6994728554427327,0.6467349225086308,0.6696485499468201,-0.47339447964179693,-0.6754917994824795,-0.6215326683918104,-0.6799542339917737,-0.5815247543099387,-0.16121880955304918,-0.6170087572501639,-0.055423555507299355,-0.5670687131180028,-0.12744774113684773,-0.5181247533972765,0.2740170603592681,0.20387263584420864,-0.47590350279002747,-0.519757163321104,0.7216825800083083,0.7134068928918159,0.7329917583232367,0.64244326443366,-0.45657115773669554,-0.42538302128479205,0.7067527974643665,0.5792325558385488,-0.6772865931082235,-0.6491054778238652,-0.583258701691411,0.0020839409299441202,0.14863664628708462,-0.12992658723251888,0.19791634120182983,-0.4750744520902646,0.4560794186355833,0.6548775131592902,0.6713816546442559,0.6984866293690222,0.4396662548135363,0.6425108899938275,0.6886805005448154,-0.6093630978800263,0.10556362156870953,-0.6144204256955642,-0.4163289169850853,-0.5089029660782879,-0.6027725528828912,-0.5105727913881793,0.5699419251242561,-0.34763245079656563,0.4114742162739747,0.5556591649368481,-0.5245621709136076,0.6369087097763102,-0.6647792640576039,-0.7082631875130105,0.6418083880675224,-0.6954393002707466,-0.43398498072221026,-0.6107637424249339,-0.6918284026611875,-0.6660715405009752,-0.6929280665689349,-0.5625349827868527,-0.5660657218038897,0.47549534424428375,0.31514074536351244,-0.58088243404538
0.28233974670565526,-0.27585738093239737,-0.42495641325652395,-0.2994872109058838,0.024266376681768412,-0.19925804318293025,0.1117023299394296,0.5784210757490346,-0.12340603863730484,-0.5238794609685993,-0.4113937102243933,-0.22385334218728786,0.3147907366009565,0.33605830930758185,-0.31618524247394075,0.6097889490437493,0.0,0.7872731472739025,0.9027804935171876,0.6881481021843339,-0.26118109071032264,0.7502059032404849,0.7207488703493196,-0.02918258508485495,-0.33581391262287824,-0.3044465552341292,-0.9147254866693582,-0.7544513013589,-0.20642623934761128,-0.8193576223917357,-0.6090019341360968,-0.8202518908844426,-0.6695160848922413,0.7853720272000217,0.6361790367710269,-0.9219481083325076,-0.8702302579878259,-0.8387671793942686,-0.7247401211574434,-0.8762757659896355,-0.7053772015846098,-0.8972982166247415,-0.5906591807568217,-0.8950437436825487,-0.685222420350829,-0.9304503846275806,-0.2031328457111098,-0.33946021320090286,-0.9208122315046066,-0.9107847629500858,0.6117320686415169,0.4944490834297822,0.617096739887789,0.17342364511322594,-0.4766197783800792,-0.5616098859622171,0.6474946562362368,0.5013243138107478,-0.6241365091441897,-0.5757395053623855,-0.4235480075142681,0.4381796305652302,0.6545266973033679,0.04083321120973451,0.5121123763329647,-0.23263574659993155,0.097714951028805,0.9075921746419553,0.8244333649895499,0.7666351568868084,0.7430545213841878,0.821079433170313,0.7837891277076469,-0.47850199388793263,0.5475640724474051,-0.46501456809506625,-0.09542796933110492,-0.30783820002006407,-0.3605094421022253,-0.8034152287059844,0.7698952676073926,-0.7265973935077257,0.08292578772093237,0.5050252536069124,-0.26786446184287865,0.6750661476017282,-0.8888965450400627,-0.7608753348573749,0.537474110845114,-0.7776653217261236,-0.8095659582293233,-0.8577982787290186,-0.6735231382952986,-0.7751839708291205,-0.7844481346159148,-0.8786842228895445,-0.9179513351416713,0.4071779964351582,-0.2351492865033484,-0.8980925906037698
0.5189276306963814,-0.17449596997952538,-0.38971478004561133,-0.2160421164232126,0.054455773159714005,-0.26317064864332296,0.4089925156067461,0.7617284491754185,-0.13910258791365795,-0.7839486928541534,-0.679957042995275,-0.5593344952544368,0.0824718738445922,0.06086001590112877,-0.6256042275700352,0.694788575943384,0.7872731472739025,0.0,0.9239945700231776,0.8256003615008796,-0.6813834785005569,0.947267085151692,0.9288989962245504,-0.40395153547585183,-0.6881421298902273,-0.6722769810482191,-0.8403716817169168,-0.9353274299024804,-0.6015041513187606,-0.9130167268675832,-0.8437774226811804,-0.8976576529633813,-0.8600053192727313,0.9518490103812594,0.9129050102785776,-0.7531916002029856,-0.9425005824804998,-0.9494567006727129,-0.9430307938015179,-0.9139068245636907,-0.34478640175934283,-0.9065420008424022,-0.186289634772865,-0.9131644792075767,-0.369554284118579,-0.8477688003608965,0.28676818098302836,0.11569158320578746,-0.8220194930908848,-0.8585278613401699,0.8905397578393995,0.8042533562246541,0.8802296754051157,0.442021052927522,-0.5742852264440611,-0.5649535272995875,0.9116341115444913,0.800073364702172,-0.902459239369198,-0.8722861184600595,-0.7821357490408063,-0.016502773131732346,0.261065821736546,-0.3582549318249564,0.10168066167907205,-0.666644681315499,0.5156168531138922,0.8505349921528912,0.9472275310123688,0.945337586148515,0.5490374602418114,0.9552517946926372,0.9501436887669628,-0.82506416576999,0.1944346978955371,-0.7977103260947574,-0.5119929462955645,-0.6946451927029506,-0.7411186178355681,-0.8410511881790056,0.9060443392378001,-0.49608253946111586,0.4969297702918158,0.8355868347729901,-0.650577423362054,0.8985989617787669,-0.9233343589692086,-0.9387415239347865,0.8359752657746643,-0.9121584807710186,-0.6842243097178197,-0.9237838448368577,-0.9297365220936427,-0.8843026471697816,-0.9347075599827475,-0.9000728557045229,-0.8764428831432551,0.6609160707472509,0.1919997632136755,-0.9005519386476937
0.38780137938857884,-0.25103409316361647,-0.44976057965564603,-0.2585577074294359,0.026703660922849957,-0.25205581993892234,0.22024706884432757,0.6323723958095128,-0.16106765534459916,-0.6098956019089364,-0.5033309909667204,-0.33170012604487586,0.2837396404165739,0.289533632628427,-0.4023681582726848,0.6648290164210782,0.9027804935171876,0.9239945700231776,0.0,0.7506957200997162,-0.37905561550640393,0.803153054823898,0.8074597220479706,-0.18833301704158503,-0.416388869186193,-0.4336149270772595,-0.9082787287152597,-0.8198900244366556,-0.327403988692634,-0.8530237157482238,-0.6892496794450259,-0.8224237628272856,-0.7598486552942716,0.8376692884779395,0.7226954200599941,-0.8923500726240867,-0.9087954160104108,-0.8680382655791719,-0.7960710466722143,-0.8896138514637346,-0.6051491113814469,-0.9142718529384375,-0.48031129946910467,-0.8953706966766526,-0.5788744856401834,-0.9082973476179956,-0.07815078134777922,-0.199685795053654,-0.8831149230138859,-0.890814089855361,0.7197194550561874,0.5887072547637116,0.7058927433029624,0.2842981240800422,-0.5644799756886869,-0.62263442960002,0.7313228824520461,0.5554768086210873,-0.7165201126110735,-0.6662131642977681,-0.5343300994679139,0.36557684786444333,0.565113676847237,-0.000732928234882478,0.4652233150091784,-0.3379494530548686,0.20593799282303427,0.9332748924867429,0.8748758815382927,0.8317692757991935,0.7095821023537927,0.8618538792266042,0.8483520226291061,-0.5906864161694949,0.4482763004925596,-0.5733197391304218,-0.22278894188527393,-0.41393416313606524,-0.47707435069686943,-0.8016662750786364,0.7831481116792666,-0.681017911435399,0.20825303590048386,0.5852490428108615,-0.3906453018755057,0.7468434534476942,-0.9154998227111972,-0.8330843852181492,0.6348961433593395,-0.8524271786948886,-0.776405803730081,-0.8794731977547706,-0.7589945188419509,-0.823388330041638,-0.8549128884917097,-0.8747710732428087,-0.9123786959216081,0.5016739614883776,-0.08795515829050839,-0.8992126071647861
0.3137553331807987,0.06311934834878868,-0.09591428443880462,0.02930053326702916,0.4241503247391393,0.11086397141685372,0.4030829796328521,0.7126757234493237,0.15683670298952657,-0.5816288828506978,-0.5423765327358182,-0.3547063102453694,0.09035938571646335,0.1048321297218652,-0.4007115734309541,0.7010184565701959,0.6881481021843339,0.8256003615008796,0.7506957200997162,0.0,-0.18103218928923656,0.41037086237216924,0.41363592437346625,-0.0445318722676146,-0.3104140823247396,-0.1620843042910039,-0.2241670276192435,-0.31984113159941646,-0.0532799540683777,-0.27908187119589484,-0.23245516631428265,-0.3814140744269795,-0.3367496014638663,0.3863465163990959,0.3618049769115944,-0.16360744258932042,-0.3706144870058571,-0.389336634939423,-0.3704805596121513,-0.3633507170459451,-0.23253496294175555,-0.390233514966768,-0.20088721051991099,-0.39935996266659185,-0.30822861454397366,-0.3730791241429233,0.09001623117354747,-0.0193547345141987,-0.2836235687955359,-0.3648382202003713,0.3686594537936124,0.45922964311230413,0.4410285073814435,0.4361657123004062,0.05257962904683755,0.04806749994822346,0.40780301270415026,0.5133392772401465,-0.373736339568401,-0.3850453432934426,-0.2513200907750896,-0.01791381559178216,0.19254190158650852,-0.21906660682110005,0.11199889486319015,-0.20221995940361084,0.4106174169293169,0.3516212644617256,0.4080784011968354,0.41400437921382305,0.559815976257968,0.4277017631795197,0.40964055729699667,-0.22647622736679396,0.2533969464766776,-0.27434854690890625,-0.04001322231702715,-0.08982326521495679,-0.21032000885705848,-0.3456954874455646,0.47559470722038266,-0.19707424215461614,0.044457137598114836,0.2553119404856393,-0.036818410104450354,0.42125335564167704,-0.35530690539122495,-0.3391516848146085,0.46394159432007787,-0.2624318672256974,-0.39749613991560523,-0.38773178009632553,-0.35327465317029105,-0.4065484028239472,-0.3270675148211074,-0.4193048858853175,-0.3425257274122656,0.4026072060507529,0.24993666174867082,-0.3648640162617422
