0,1,2,3,4,5,6,7,8,9,10,11,12,13,14,15,16,17,18,19,20,21,22,23,24,25,26,27,28,29,30,31,32,33,34,35,36,37,38,39,40,41,42,43,44,45,46,47,48,49,50,51,52,53,54,55,56,57,58,59,60,61,62,63,64,65,66,67,68,69,70,71,72,73,74,75,76,77,78,79,80,81,82,83,84,85,86,87,88,89,90,91,92,93,94,95,96,97,98,99
0.0,0.8657528597790831,0.8711882544788415,0.8822003713104473,0.8356438752634174,0.8526412714319942,0.8449906325970548,0.8549596650826338,0.8214028734972542,0.2129970019740162,-0.343373393692445,-0.7021290445131434,-0.8802788141177629,-0.2825870152676974,0.4439706248948656,0.8949563743369499,-0.8622001758197443,-0.6148573839362752,-0.8470964635840545,-0.6858047707442039,-0.7682372799461039,-0.8536856050749357,0.8345707239616893,-0.758103413714189,-0.24152199387859044,-0.7882058711729262,0.6993170246607303,0.432948596759266,-0.8562534056976048,0.8583457369507361,0.0663759468147313,0.829800932507189,0.8710062902280389,-0.8416035524926595,-0.834746458748623,0.6998345765028622,-0.8843535493356889,0.801907516237584,0.7209501736809624,0.6800182873002238,-0.3591531138243237,-0.6996898702619521,-0.7985576908258388,-0.8108977096524416,-0.8145669311642606,0.8522558135126853,0.6777969007647967,0.8545917039880305,0.8321872325282861,0.3984395132592945,0.8849534612634727,0.8703114760913339,0.8705361990904831,0.8224789564764001,0.8400576775423707,0.857922354049678,0.8403107347610039,0.7584637648434391,0.22498403554888183,-0.7383051338487773,-0.8408574359137164,-0.8917091999449297,-0.035682154376403076,0.45398715701082476,-0.2090753295506285,0.6706254494231273,0.7718443618342514,-0.7325371544716722,-0.7437221243312658,-0.6557427805386701,-0.5817893657667247,-0.7150474566443903,0.8207864802111965,0.6303041849313905,-0.8870356044984389,-0.7578425136087175,-0.8313815686678359,0.8111044436683048,0.07697601986587406,0.8677959299979171,-0.8739249934490223,-0.7696428233514927,-0.8023215470625308,-0.7667913003188059,0.8065147729400265,0.7920491750338228,-0.8956252007465623,0.5489486508954246,0.2446368264267536,-0.8430594587922629,0.806398351014523,0.6221011760950484,0.6772981617623677,-0.34963466988027275,-0.7967136669380677,-0.8469674492892775,0.856787633065602,0.8415699261732817,0.8173292202427995,0.5797639963503225
0.8657528597790831,0.0,0.8351944266472624,0.8653771720829567,0.8847464995545513,0.8292546764984863,0.6999187520365763,0.8607723850440699,0.8342188809215817,-0.09292982631593873,-0.5586887662417662,-0.7465245293986407,-0.7219712789810606,0.06708581486933356,0.5611894927923842,0.8158446958788772,-0.6910000271215763,-0.23767219700584,-0.6156698240031825,-0.31433223676266175,-0.46858122570745325,-0.7141712696074789,0.7111253945755217,-0.795395210854314,-0.4724235083774489,-0.7648181193960908,0.6076283177286852,0.3938579692582339,-0.6245287667535955,0.6738920607514686,-0.23046266956798347,0.6069402473469222,0.6863711511913494,-0.6193807131745434,-0.6935029728085891,0.7241580889539632,-0.7632859739186684,0.549557726045712,0.440034189315374,0.3787401961690951,-0.3835864080538607,-0.7497370977346599,-0.8076135255816826,-0.7261644464369118,-0.643209816396683,0.668513561741667,0.5796851737617622,0.6912607404656445,0.7315289214090461,0.2900387514164787,0.7148700986246773,0.8704636811758503,0.8417477919007271,0.8978394602186943,0.8775967004606601,0.8112034905853648,0.8611452766335534,0.86396776104689,-0.1239740594742874,-0.676527897137837,-0.7875772314514687,-0.6894208500614348,0.176221572664357,0.6309120056232929,0.13284400023796625,0.6788319221389855,0.5991319555564102,-0.40210627012663464,-0.42108942902903407,-0.2746758752595621,-0.2305514482995389,-0.49193728707901724,0.7287488583905687,0.34274002786840524,-0.6785543564945694,-0.7283349391249578,-0.5817086072913886,0.6848733219977217,-0.30894375776709837,0.6598928893186924,-0.6631252664290105,-0.5075705671380393,-0.5882639792183402,-0.5311470971996543,0.672341608837832,0.6764809113264811,-0.7075008906976574,0.44778636607190264,0.5341045342583894,-0.7011367458095985,0.5854615703922275,0.27037785956063454,0.3981873795442472,-0.6159171420918054,-0.8265823858233519,-0.7711312014464358,0.6763087830754603,0.7000405266772767,0.7066075495244627,0.4453266443190444
0.8711882544788415,0.8351944266472624,0.0,0.9307167140537014,0.9346857842986552,0.9170488436910036,0.7965842034278918,0.927176738928593,0.922184934927923,-0.04730905584244199,-0.5571218093525653,-0.8272283707788142,-0.8508828286107563,-0.022320747395617336,0.6473805049140668,0.8923091864449083,-0.8356364199087709,-0.416550463048401,-0.7711250113184736,-0.47456815366312194,-0.6072062902758952,-0.8475375684666461,0.8577662806312913,-0.8778419261954259,-0.4687332962774609,-0.8562493755421096,0.7582055287484624,0.5372793167453377,-0.7584595535048101,0.836211812544247,-0.21933603102403929,0.6710589900321778,0.7966746772878923,-0.7721499307205371,-0.8023875559449646,0.8282167680070485,-0.8298193631546948,0.6785893772834528,0.5767551555684414,0.527504874302661,-0.3715520098770155,-0.8118451286406624,-0.8971612326760157,-0.7997783240511084,-0.7696781311815418,0.8285833234453573,0.739276283046803,0.8439460642427836,0.8388132498616454,0.4100941579439175,0.8208721375181913,0.9316132395028056,0.9167845579253413,0.9362169663183749,0.9236286622324538,0.8961686972953568,0.9224960559708943,0.9138154732740899,0.02093321703826509,-0.7592287108973517,-0.8569508185813977,-0.7729273848878028,0.21825373185542665,0.6908443923057187,0.08220109713661429,0.8057191716376988,0.7285263196958783,-0.5133233164901694,-0.5516979034812359,-0.42676666594221135,-0.3384886354266639,-0.56518755779114,0.8691554289432685,0.49297265293137094,-0.7901934671967051,-0.7968747747981819,-0.7068501366459283,0.8423182750177689,-0.24151717930409272,0.7573253329956816,-0.7733207093459595,-0.6037585010662562,-0.7186455654043464,-0.636822937694779,0.8280974328317435,0.8280563078708211,-0.8048417663680173,0.6142784414902056,0.5219081828473504,-0.834747818431718,0.7034860120987828,0.40937307907942694,0.5371139831761512,-0.58565833680936,-0.8865103948656207,-0.8344139217457059,0.832387434731681,0.8528906819725991,0.809059728452539,0.5895749083028762
0.8822003713104473,0.8653771720829567,0.9307167140537014,0.0,0.897861840917708,0.858912415665712,0.7644616166025145,0.8876939804305902,0.8580304286854286,-0.011152122792255748,-0.5138970807843997,-0.7522119400919142,-0.770936984701669,-0.016671260796520787,0.5271370729492125,0.8617364149249223,-0.7426654474390385,-0.31053781388979007,-0.6783540811226237,-0.3954739981556387,-0.5509069192204545,-0.7639351939423352,0.7475523193160581,-0.7948199726541941,-0.4313435844903477,-0.7925102239825078,0.6198084579527173,0.3820287193603183,-0.6910876777885258,0.7247441051462311,-0.15885541897566172,0.6814060945421021,0.7531661620193425,-0.6767199328181754,-0.7487051074675362,0.7571463842213411,-0.8011822464989339,0.6314777818798814,0.5290879482804945,0.46852383720653507,-0.3379731346073963,-0.7616657637900922,-0.8239355575346734,-0.7750832835708191,-0.7089382941165634,0.7192993990709627,0.5987579855686759,0.7378417666965212,0.7874260694896207,0.361495527496305,0.7771525267120204,0.8978680116798899,0.8751319076495903,0.9050567081327802,0.8991714776793983,0.8526894907897223,0.8866221412387084,0.866450302483557,-0.04039544164711306,-0.718245036431482,-0.8222727141289936,-0.7454159793316228,0.12539985249368665,0.5982547593129734,0.0572939680933691,0.6754258373666077,0.6673070781180855,-0.4835426175501006,-0.4986085895949292,-0.3547321484119605,-0.32150936428288185,-0.5605086692474095,0.7594236218256698,0.4308005017351761,-0.7431407376362433,-0.7622609809701258,-0.6547212839022589,0.7175411341399752,-0.22533269541163495,0.730696162867587,-0.7270448984622148,-0.561744656385027,-0.6638877610229411,-0.6119067621573596,0.7057461090902944,0.711616113688488,-0.7648421642488418,0.4507750438196943,0.5111955208481689,-0.7391265775069135,0.6633325166711346,0.36637019216947236,0.4864347069489256,-0.5667252021280305,-0.8399172874823446,-0.8192936015612869,0.7272582543852446,0.7417439692527229,0.7670611326628355,0.515839570731002
0.8356438752634174,0.8847464995545513,0.9346857842986552,0.897861840917708,0.0,0.8318888119676507,0.6444571881699444,0.8603453772655905,0.8466740819044102,-0.18090764328893938,-0.6136012573912251,-0.7659106748806407,-0.6975247299560154,0.1800388438814266,0.6558810578896462,0.7869735810463266,-0.6676650655287958,-0.1715480790322025,-0.5786743339165782,-0.23917168926797103,-0.394616973336505,-0.6921477395121304,0.7150217484464095,-0.8265155716874854,-0.5242377438718283,-0.7600166289255771,0.6386121219983868,0.44690892241682306,-0.5746771333141625,0.6573892731918461,-0.3295020503090116,0.5342198630168111,0.6295434343584917,-0.5849749188682235,-0.6581108087426774,0.7357593902709525,-0.7438834338573967,0.47681067720574366,0.3566990206215273,0.2898035409318645,-0.44010795759989246,-0.7575266356000928,-0.820234585655023,-0.68689885877717,-0.592290673651581,0.6487765766165128,0.6054305493367977,0.676748464837235,0.7020986790794468,0.2247832023854329,0.6667257819216572,0.8697649194715994,0.8257388291269775,0.9062434912628339,0.8826813643043456,0.7995089849696315,0.8618228509160505,0.8966728425220394,-0.18979104494588922,-0.6458692394980724,-0.7633276168064019,-0.6572363698065674,0.2537252175632218,0.7041994909673676,0.22626133062385362,0.7348550768329144,0.5427210726621523,-0.3312605847012434,-0.35318892848348016,-0.20023637541543723,-0.12913020270045883,-0.4373384803349525,0.7330130716743338,0.25377464435696245,-0.6241750014196357,-0.7079324618452989,-0.5192954373898236,0.6946690549914193,-0.41844488775928546,0.5919725693898646,-0.6167825710951627,-0.4671199496822199,-0.5240459039070209,-0.45695586386998455,0.6710012740576103,0.6730478102989504,-0.666332401119029,0.48771044207874253,0.5858360811164064,-0.7051176961541941,0.5144021387428925,0.18136098431370262,0.31040636601464255,-0.682082023902929,-0.8403746282593799,-0.7330905536092145,0.654495479232441,0.6911916347945515,0.6711087447226692,0.3913910821278608
0.8526412714319942,0.8292546764984863,0.9170488436910036,0.858912415665712,0.8318888119676507,0.0,0.779084207284631,0.9326266436464359,0.9355956621567465,-0.07253196819506665,-0.5879066029437393,-0.8420618198394789,-0.8335787078839214,0.05184900945525821,0.7118157630980314,0.8797788356396177,-0.8235590548612074,-0.35739975366356225,-0.7477767436106215,-0.4189460343465924,-0.5593624007457347,-0.8350270293743836,0.866963560291062,-0.8857725069799537,-0.5153657722534097,-0.8718960470915561,0.7737073488055254,0.5639213993717136,-0.7187592237964004,0.8270422981811081,-0.2647473704528061,0.6316127681605045,0.776795100344331,-0.7445850203514172,-0.7949915254316082,0.8677735477606742,-0.8020567733522154,0.656912503196552,0.5554550943881206,0.49738623948639477,-0.34910964721770527,-0.8414093321472619,-0.9105650619129723,-0.817865091136884,-0.7629213975343916,0.8184622655421862,0.7663583402222283,0.8426939479173424,0.8464317085779842,0.4110779397709469,0.8061193041101731,0.9314617413330234,0.9131745987015017,0.9422040141209727,0.935517591125539,0.9078981022801037,0.9340120078314753,0.9370211725250502,-0.03054598504045229,-0.7770061380008692,-0.8674419098377546,-0.7410955604886337,0.27574576886123686,0.7371708178995001,0.15176567949440503,0.8452768740250374,0.7210093191769728,-0.47873344505985493,-0.5038596796659472,-0.371919466071748,-0.26687130575086115,-0.5298705700020168,0.8756534406563382,0.46699772326665095,-0.7808885040981208,-0.821707908775611,-0.6612354955315436,0.8507540546108215,-0.2829073139352548,0.7321461838426934,-0.738035669036645,-0.55631133733779,-0.6912426746163086,-0.6046193073128242,0.8279475128486748,0.8339536133929025,-0.7600884593592476,0.6266788945946488,0.5990204459702573,-0.8063352998721486,0.6849461691599166,0.3644198735448591,0.5154865698582048,-0.632105543422011,-0.9174474167607222,-0.8466384779266057,0.8210053715470785,0.8514723286177585,0.8203179194514937,0.5934198540531405
0.8449906325970548,0.6999187520365763,0.7965842034278918,0.7644616166025145,0.6444571881699444,0.779084207284631,0.0,0.7345905529117609,0.69737715394808,0.3236625399738622,-0.21756629044207978,-0.5744850508620214,-0.7188463097728776,-0.3670711569797419,0.18412534785340653,0.8023704433261605,-0.71544021614385,-0.44802468389710504,-0.70899730643659,-0.5633978452782146,-0.6980277727844357,-0.7204774713195752,0.6641777257490076,-0.517601936484924,-0.21449095347859554,-0.7192573375235094,0.46158481456835865,0.21923194513443567,-0.7241946448778509,0.7021815692438172,0.16946295426250182,0.7616086253668913,0.8413864725961077,-0.6712293662588648,-0.7375039777981058,0.7531819076416152,-0.6081632812726206,0.8266483503838589,0.8112985630853611,0.7853494745823526,0.18874538820837167,-0.6575657882356174,-0.6496932704981513,-0.8410111148869044,-0.8081885678182434,0.7088778050506963,0.5131271361965201,0.7135508753658121,0.8301500910849396,0.7464417225981386,0.8125943412630121,0.7169447624816192,0.7787395878373362,0.6847426248546773,0.7084930843851701,0.7768898415341428,0.7440906223586057,0.6088961960861777,0.24792723610397646,-0.7788843890665603,-0.7864826818721712,-0.6428490156738207,-0.023881261072047685,0.3123043276921808,-0.1805426594028745,0.4319823572045507,0.848371233447043,-0.6055289265200875,-0.6017303711336184,-0.5032038149413507,-0.5662952571672232,-0.57539296517623,0.664919013451053,0.7845390874323583,-0.8112407378745043,-0.7652846990835187,-0.7202488032177766,0.6173751611216322,0.2211894077005463,0.833431719762462,-0.7145512334829722,-0.4725035992103577,-0.8074058029066087,-0.7720772527260272,0.634993700811291,0.6736163244643919,-0.6873109653763194,0.3023380402642871,0.41268480964875337,-0.5414848335635484,0.8469112880699696,0.6574642270821736,0.8087784519645804,-0.22614633261652642,-0.6702921496910843,-0.8388054337736119,0.7190067800067007,0.6958743556429965,0.8461988621392852,0.8055145542937197
0.8549596650826338,0.8607723850440699,0.927176738928593,0.8876939804305902,0.8603453772655905,0.9326266436464359,0.7345905529117609,0.0,0.8657510864227098,-0.009105642669111099,-0.5122432982569404,-0.7384224495252418,-0.7474637983221779,0.02106869727843165,0.5384667580659592,0.832960516477088,-0.7177397472346285,-0.22251367765267646,-0.6505800649166901,-0.33056398285667715,-0.50197315262178,-0.7469056347601524,0.7306129292481731,-0.7812914571283671,-0.42733560696489875,-0.7869677440045124,0.5986393057725653,0.3688473012934932,-0.6560337272120916,0.7009138675458015,-0.18923788317178528,0.6421392183997531,0.7237890808198943,-0.6380885825202769,-0.7401102127674986,0.805594175841064,-0.7663147879882238,0.6051314718140983,0.5156599029995763,0.44424023758075765,-0.2834430374952152,-0.7612629449801951,-0.8174382614043464,-0.7731786362207054,-0.6918667857331346,0.6919570421142573,0.5861716431734182,0.7160344951687333,0.795432426531223,0.3828569836543832,0.7473057570340119,0.8858955700332442,0.857785033043969,0.9057862760429248,0.9057823435133788,0.8573603063433232,0.8926538925679965,0.8857985172785602,-0.05254205045094539,-0.7093858424429329,-0.8093230726522762,-0.7118175611827097,0.16406818469193024,0.6318017109487639,0.12271657849741141,0.6803892162568664,0.6582351893777741,-0.4319530967951389,-0.44248436371465655,-0.2801172349418101,-0.25338664571584874,-0.5270539113727207,0.749924968575013,0.4120367876765833,-0.7133041037387381,-0.7533471573585797,-0.6093669270514925,0.7003221649916378,-0.26105455041801057,0.6938618138307107,-0.6832574591815581,-0.4954115312172624,-0.6356463899691219,-0.5855935130826145,0.6837286172315822,0.6986711553749115,-0.7136050600727718,0.42545243009511424,0.6114581108758617,-0.6868319625194315,0.641405409507359,0.34538453958754783,0.4701120543596655,-0.5747886812342217,-0.8442127798487834,-0.8102945621542151,0.7012055657387379,0.725109712154371,0.7788972968175731,0.5343140638640566
0.8214028734972542,0.8342188809215817,0.922184934927923,0.8580304286854286,0.8466740819044102,0.9355956621567465,0.69737715394808,0.8657510864227098,0.0,-0.16153382954937487,-0.6210644669806872,-0.832637059472451,-0.7678934518012163,0.11774612603822325,0.7082227123481961,0.8185518270805368,-0.7604705418962022,-0.2638627647038456,-0.6717920428333161,-0.3156682718308727,-0.4710520770792951,-0.7775951093880389,0.8119110709772192,-0.8592571270712707,-0.5660077439519055,-0.8408438902016581,0.7347576074082968,0.5584406933826361,-0.63846951669285,0.7605415927926406,-0.3476950412862746,0.5252145188746379,0.7005723099348288,-0.6702462016704952,-0.7299046126644373,0.8658868644873601,-0.706683765400318,0.5794919886567503,0.48534803823546124,0.43384858261937587,-0.28687109642436437,-0.8278102162618679,-0.8839364216440703,-0.7668397017889756,-0.7091103837809097,0.7543636487877788,0.7328535290386075,0.7799777037159061,0.7999837427216681,0.434277091156961,0.727969581176052,0.881055550230354,0.8678647445900206,0.9115879709897623,0.8962121403719331,0.85920617844402,0.8985869597465246,0.9211896804277541,-0.09406437527767246,-0.7445202167038766,-0.8192653155754694,-0.6323995239623793,0.3591532793689068,0.7675710034963448,0.24687712576221876,0.8201307156929722,0.678299285585848,-0.3577989152454798,-0.39482469911677953,-0.26229346148257954,-0.17143491782583628,-0.4246267446530198,0.8323778213778632,0.414803729898659,-0.688999099932959,-0.7856805288219829,-0.5751301824876217,0.798393657242592,-0.36916764130572455,0.6454582929597347,-0.6427933892741728,-0.43516859809189684,-0.628044540454108,-0.5235649598269584,0.7823590218943826,0.7960847216642484,-0.6651865538596388,0.6022809883206209,0.6759728548728852,-0.7359542387967877,0.61232352542621,0.27908745850646,0.45615389827279773,-0.6665553310570966,-0.8773688953083699,-0.7887104067929614,0.7566830341377253,0.7971781987643931,0.7695909650636171,0.5928217897789686
0.2129970019740162,-0.09292982631593873,-0.04730905584244199,-0.011152122792255748,-0.18090764328893938,-0.07253196819506665,0.3236625399738622,-0.009105642669111099,-0.16153382954937487,0.0,0.6778479649581796,0.3569597834397,-0.07993601333934415,-0.6106495454897809,-0.5232067643431768,0.08877592892003812,-0.06528010743404351,-0.23709147740201433,-0.196543934985433,-0.4230538234488317,-0.40735283402159245,-0.09745833820255917,-0.07486767987603961,0.3102885288735036,0.6798921482748176,0.12580224065749776,-0.33437395356504085,-0.5527103532476729,-0.27750518726242895,0.059086480546022425,0.8295551527049096,0.5164149417924079,0.2717780422641938,-0.14700556005998694,-0.27751561839090233,-0.05065332467436193,-0.2025499191792707,0.3741838979823109,0.4609324106645661,0.4240974243634746,0.23783381299457235,0.2516036641764112,0.18431536440756324,-0.16502727113329155,-0.23309980938743288,0.03429335785089345,-0.2928747041179073,0.021260820948372137,0.1678406450636568,0.18053415302491022,0.2553052070137704,-0.012076479531971785,-0.006144652513731575,-0.11170811096902179,-0.0065246260958116324,0.0930874934554453,-0.007796928272370973,-0.20092735664945097,0.6733436350628024,0.04428393918019616,0.041301942956966035,-0.32346958380473123,-0.7489328898630686,-0.5695178112301819,-0.705637337713094,-0.35296827889583926,0.21228419286600061,-0.5847979010487865,-0.49293291699681846,-0.4356523562691125,-0.589497072871524,-0.584524651137254,-0.11769888285120814,0.3918972767590074,-0.3044293015934903,0.06013813038283535,-0.3488635782297642,-0.12005938490304736,0.7934702746337268,0.3560164591470572,-0.3241118728761897,-0.37765267660503554,-0.3261961902492604,-0.4937964219184698,-0.1444550139441511,-0.13399413148015757,-0.26215773383397695,-0.46046355748173706,-0.3157826369516051,0.05560727994036532,0.3643821298964692,0.6070371680493852,0.4216456925416409,0.6063404928452156,0.1245632420364078,-0.18969388241540436,0.05192005673648265,-0.029880439934706078,0.23478481210654473,0.16775112773602996
-0.343373393692445,-0.5586887662417662,-0.5571218093525653,-0.5138970807843997,-0.6136012573912251,-0.5879066029437393,-0.21756629044207978,-0.5122432982569404,-0.6210644669806872,0.6778479649581796,0.0,0.6439556506603591,0.23614680204641242,-0.508113635495097,-0.6482643226597088,-0.27956560767841876,0.2369443951297236,-0.12754017532285575,0.09267347211698652,-0.23551258904261743,-0.14808869670071922,0.20610627865368633,-0.3688395437201918,0.5774053983707408,0.8305410263452808,0.47846684284588353,-0.5376332094246002,-0.6497566078218167,0.008391468030390913,-0.22623662828855834,0.7633826772394515,0.1744593904612909,-0.09830880888833943,0.11678431513992295,0.060240823969743854,-0.38686226861003264,0.11107073472957703,0.029007708256001515,0.13502890475054413,0.14333933478624816,0.23939078632001423,0.6015669392897586,0.5060163106885314,0.267112855421047,0.11474110385922032,-0.25471654289327755,-0.5158022672212308,-0.2829285205915652,-0.21036166947982277,-0.04098966891459974,-0.10445781395655218,-0.35581727919415346,-0.3630115997375705,-0.44268381102086934,-0.3681985189275496,-0.2797427828252833,-0.37041217210932037,-0.5060494957842429,0.6933475878258779,0.42187623996739804,0.4423794965462805,-0.005840337283415627,-0.7435357783537383,-0.7318397200535437,-0.6827953955049624,-0.5652718374083839,-0.13288099814197074,-0.3216056511623425,-0.26959921692794186,-0.2816953931961691,-0.40998456121582205,-0.33668307373347256,-0.4054277625687259,0.11381835387747809,0.08810087576260081,0.462052121779351,-0.07350057515635819,-0.38641712052881344,0.7056819405795821,-0.015709210483680815,-0.028689758872900015,-0.17499258381855984,-0.010508797244937007,-0.17647270303999443,-0.4049460988120136,-0.41363958779016435,0.034202989443014975,-0.5680029313004843,-0.5563510859197809,0.24076334186406703,-0.0022858951967326675,0.37506071959329296,0.1082494656897005,0.7961183907559833,0.5016886450650941,0.238648266959404,-0.24139005041388373,-0.3204022194193878,-0.1595577678878474,-0.10983114156267386
-0.7021290445131434,-0.7465245293986407,-0.8272283707788142,-0.7522119400919142,-0.7659106748806407,-0.8420618198394789,-0.5744850508620214,-0.7384224495252418,-0.832637059472451,0.3569597834397,0.6439556506603591,0.0,0.6318025353472703,-0.29431677135868695,-0.8177125115004988,-0.651738924986211,0.6416232530967061,0.2394101186463323,0.5146437275515876,0.14759534875491578,0.25753739170505613,0.6133682085916226,-0.7553506616800085,0.8468669243672946,0.8575260240650345,0.8109830799608841,-0.8394931191476921,-0.827834995132665,0.41658914763029387,-0.6466907934204228,0.6579202837006508,-0.19287908238475496,-0.5060115672170736,0.5318953904682322,0.4639475611126093,-0.7390631805354421,0.4396039544227871,-0.388212802195556,-0.272043715019844,-0.27124023625512783,0.23589277032392458,0.8626514813067171,0.8229832428019322,0.6248630877812829,0.5330127982981454,-0.6671787962168825,-0.838290840514758,-0.6908319134586083,-0.6066817840191353,-0.37820378286836337,-0.5174754635286261,-0.6928347003515034,-0.7196413735572593,-0.7450502643874487,-0.68091376424074,-0.6509829574891783,-0.7028433700173226,-0.7821387578476736,0.4047866642881666,0.7588930527783703,0.7620463593217893,0.34643810676450715,-0.7163878154681366,-0.8911113872949545,-0.5178147142783251,-0.8592928559763682,-0.5431051145463474,0.054418244595575115,0.12306912242553915,0.09593641332078387,-0.07726803465057787,0.011460546843281858,-0.7831394221866155,-0.29057634662670384,0.485737672817324,0.7694777380867278,0.3338652651612062,-0.7698060439836177,0.5649315637279566,-0.41282011468133534,0.37634093325269913,0.15556188131331042,0.41425946475764563,0.22291606796734545,-0.7807744763067807,-0.7937844556455705,0.41053052905884574,-0.8176163947561992,-0.6527728545262135,0.6146908694686511,-0.41074796390941587,-0.00479487944080762,-0.29350919062963665,0.8232003638061193,0.7931567477854244,0.6003103419595716,-0.6574458216350691,-0.7237782823167537,-0.555292767879011,-0.504501386831263
-0.8802788141177629,-0.7219712789810606,-0.8508828286107563,-0.770936984701669,-0.6975247299560154,-0.8335787078839214,-0.7188463097728776,-0.7474637983221779,-0.7678934518012163,-0.07993601333934415,0.23614680204641242,0.6318025353472703,0.0,0.3814574289197363,-0.41881292235385753,-0.7956766205348256,0.8616816638617235,0.7063589513722439,0.8595400411446754,0.7169077126843544,0.7706755113570919,0.8674402927661287,-0.8025333579652846,0.7663106382454561,0.2458165716668218,0.7359757304977326,-0.7008849558663913,-0.48407667032862883,0.8505570966040231,-0.8415885096145768,0.01789360760802717,-0.6853206247116183,-0.7818515542893401,0.8742645275094088,0.8353852992104068,-0.6449878248278299,0.8256729349515728,-0.7384033790890847,-0.663912371276909,-0.6483948111441323,0.4035012848858141,0.6350449832821323,0.7702568339853734,0.6900869859751497,0.801819402575573,-0.8364279744207466,-0.6608659865229874,-0.8239187086300753,-0.7576011651277418,-0.3912585737792924,-0.8140642411555906,-0.7773494701169679,-0.7885112331711631,-0.7121506967767854,-0.7299700477269278,-0.7741707197703501,-0.7534691884869485,-0.6907577147690955,-0.3019026374830416,0.6581638295441273,0.7353129301474738,0.8031416805068001,-0.052497149859044114,-0.46313750423494177,0.2099337154506758,-0.6758578713853375,-0.7357934798767874,0.6565317321102154,0.7161198635835246,0.6816445744549408,0.575460815409619,0.6335939957672816,-0.8074804204976304,-0.6195742520408241,0.7849410862383485,0.656321596518963,0.8103562193683865,-0.8142044255260962,-0.03303191268952118,-0.7668734263380779,0.8167908365042384,0.7342156619011267,0.7742678197456674,0.7013746259530201,-0.8134922833231544,-0.7897162216291583,0.839954964185736,-0.6176113207885745,-0.17892888643199628,0.8546329676877173,-0.731045948524724,-0.6042239362551075,-0.6464361308226423,0.2903679976298551,0.6893026702420312,0.7109646490338637,-0.8405697649923309,-0.8278707525428407,-0.7300835813809438,-0.5817619786271571
-0.2825870152676974,0.06708581486933356,-0.022320747395617336,-0.016671260796520787,0.1800388438814266,0.05184900945525821,-0.3670711569797419,0.02106869727843165,0.11774612603822325,-0.6106495454897809,-0.508113635495097,-0.29431677135868695,0.3814574289197363,0.0,0.5287824802228941,-0.07918237668147927,0.18367427847912138,0.5215603742123165,0.31102045305653625,0.5501945054736369,0.5014234014488255,0.22253911419717373,0.023055917792283387,-0.1364154268920892,-0.48078774250982914,-0.07164330049142627,0.1983253186078012,0.3407312149088534,0.38045452976546384,-0.12878038382455365,-0.5836210942502541,-0.34042621474632007,-0.2303006624447796,0.3162478557524934,0.32309487356534833,0.11752265483846724,0.20733321893873147,-0.34038443274304697,-0.4058638951845708,-0.44561593240481145,-0.07171521596968931,-0.21224306553499683,-0.08900666569078307,0.05432224638857303,0.3060225873337555,-0.12242362536567468,0.21967959425561617,-0.07178367000190747,-0.1001385140421341,-0.23523308840541785,-0.22759055729271704,0.037334616603302985,-0.012211206378533937,0.1468657440788501,0.09065484602612141,-0.02151944058339561,0.046361785115181846,0.21536627364812608,-0.6837377593907197,-0.02998203883336566,-0.05331970767507814,0.25705740012776457,0.5060916097395871,0.45020379165741464,0.671203854198443,0.2708146634440417,-0.26315218435135945,0.4694221571034079,0.4945786898294966,0.5443249640192162,0.6517909385231654,0.4321837420210707,0.023183331432587814,-0.46059656140234917,0.21862182982983158,-0.09358615902699832,0.42182183660911166,0.011316598779062175,-0.6294215101009119,-0.28938416645196285,0.3225088842937293,0.36979683187684864,0.3824704402294409,0.43403730182442085,-0.008906542822690378,0.00461901288410988,0.29988121872929,0.20476089959492608,0.44144618485908127,0.0945229458548773,-0.3227074699736833,-0.5858005624944206,-0.4465139229934928,-0.5504747577950391,-0.20110027926183544,0.05654098361284254,-0.14203035630081962,-0.05740172215832296,-0.1329719278599041,-0.23418470861304236
0.4439706248948656,0.5611894927923842,0.6473805049140668,0.5271370729492125,0.6558810578896462,0.7118157630980314,0.18412534785340653,0.5384667580659592,0.7082227123481961,-0.5232067643431768,-0.6482643226597088,-0.8177125115004988,-0.41881292235385753,0.5287824802228941,0.0,0.26642296747472516,-0.30455835695787403,-0.01718395491809262,-0.18251874850856875,0.08506988917252499,0.06798899798528264,-0.2615852041670353,0.48485879179690067,-0.5582023498136465,-0.6133393179794155,-0.4375549449506841,0.6536765238875667,0.721129157302007,-0.07891329013961346,0.36414297539717394,-0.629708902510607,-0.07774103666334772,0.1411392057844622,-0.20664318019924696,-0.1278385246748771,0.3960796573444016,-0.20177181769263566,0.026677576112247806,-0.07436006394892267,-0.09851710260867241,-0.36667771342663064,-0.506312701204656,-0.48796607396700725,-0.2363479244376269,-0.1278653737384283,0.3663509418054557,0.6515862327844856,0.4020568197845483,0.2439506585264474,-0.055367507684978765,0.16610857942895005,0.3719576489929847,0.3392239066972773,0.43066480219734266,0.3810742057541214,0.3278378735733345,0.3589928754037905,0.5138448503331018,-0.42149141840877385,-0.3193365543422399,-0.3721892165166791,-0.109556496585676,0.613082696917376,0.7091379979377113,0.5394534119539438,0.6955929406409337,0.10116919908424406,0.12110946315789488,0.0799713589544755,0.08939601458530225,0.33045372944905416,0.13172491071870693,0.4858209314191057,-0.12210085529208317,-0.166976038390946,-0.3760164351813783,-0.01268549207349088,0.5046173415202958,-0.5813052831673274,0.06418245088432735,-0.09560247578945501,-0.05186634732479739,-0.025475157740989327,0.0979078400987099,0.4840953455437272,0.471627508487943,-0.12897631371084442,0.666764915100733,0.39878447135716827,-0.40685059533059426,0.02813469935787744,-0.26333988513972717,-0.10748798033393846,-0.6581654976906155,-0.509106157599403,-0.2341873829318352,0.3423688019096305,0.4218659333077023,0.18842068483182015,0.06565990990269627
0.8949563743369499,0.8158446958788772,0.8923091864449083,0.8617364149249223,0.7869735810463266,0.8797788356396177,0.8023704433261605,0.832960516477088,0.8185518270805368,0.08877592892003812,-0.27956560767841876,-0.651738924986211,-0.7956766205348256,-0.07918237668147927,0.26642296747472516,0.0,-0.7901454797364749,-0.43988964213635884,-0.7490641350760293,-0.5255814202790741,-0.6636426948316201,-0.7965254826398442,0.7735275497958305,-0.7429316580897674,-0.36963654260285855,-0.8127962081751229,0.6227137832521651,0.37308579340121295,-0.7611056283206976,0.7760726042603351,-0.028931450205372126,0.7622714624522359,0.837985020857315,-0.7378172435827715,-0.7813271180012303,0.7636344028279236,-0.7848855882816071,0.7548235489700221,0.6758464968805367,0.6311993809648798,-0.1954823816307752,-0.762055246214957,-0.8030816647384008,-0.8419232752422205,-0.7873907307421459,0.7763961312171601,0.623214072205798,0.7874656141949978,0.8408664919555693,0.5050495548300056,0.8421656059460031,0.8746814641331434,0.8854403671180958,0.8656075127873505,0.8615534955328366,0.8603394430191209,0.865593937969241,0.7953505088382266,0.07030434371455978,-0.789272047960191,-0.8639037007795001,-0.7680974821099306,0.06659037380293718,0.5118782366290735,-0.05643990995726093,0.6274625537175229,0.7758137937198327,-0.581547211291267,-0.5946210042865849,-0.4771110588093179,-0.4635560619526978,-0.5981100777595003,0.779203005716158,0.602052918764689,-0.8275053436865735,-0.8082736798052126,-0.7370800716983429,0.7377513225214144,-0.03963318057335263,0.8236983379951474,-0.7800294963785355,-0.5941731992491253,-0.7609587698071542,-0.7112368052562056,0.7409762197739261,0.7536984284947226,-0.7982400101325778,0.4563760730013257,0.4400160692531902,-0.7270685412989879,0.7786287619455184,0.5143544642718684,0.6465287376857815,-0.45854131921532687,-0.8159045257346873,-0.8696636744312964,0.7856019528626829,0.783098564056822,0.8296958455855057,0.638666438928078
-0.8622001758197443,-0.6910000271215763,-0.8356364199087709,-0.7426654474390385,-0.6676650655287958,-0.8235590548612074,-0.71544021614385,-0.7177397472346285,-0.7604705418962022,-0.06528010743404351,0.2369443951297236,0.6416232530967061,0.8616816638617235,0.18367427847912138,-0.30455835695787403,-0.7901454797364749,0.0,0.793337661918841,0.9189849962790243,0.7674194241930067,0.8122470406813703,0.92565751292015,-0.8906898911089883,0.8072551414452313,0.31864080089142005,0.8058112140712413,-0.8019142391629249,-0.5953102710850561,0.8833236400453118,-0.9249887870672195,0.05897278003867917,-0.6728514471807197,-0.8312142025278764,0.9371951501337812,0.8738401559408436,-0.7249917499127642,0.8079890321990714,-0.799762184584385,-0.7261376948231438,-0.7315299892474099,0.33564801992855037,0.7031144932755408,0.8290518845213879,0.7474512078974496,0.8790323962628939,-0.9220322439628675,-0.7810631057219798,-0.911217008840641,-0.8161260922229265,-0.5112809213627653,-0.8582817862158011,-0.798897230018029,-0.8315420072405256,-0.7322416916968022,-0.7409937599223614,-0.8176699298205453,-0.7800754406705335,-0.7172325368399052,-0.34013154660213696,0.7377793337928532,0.7856521530554824,0.7879080765197393,-0.14635617069161666,-0.5320962142390508,0.175618446876281,-0.7719473272836659,-0.8203160616305102,0.6749401290651726,0.7473545812282895,0.7328709839103796,0.5888530379724877,0.6195152121946994,-0.8928621001400902,-0.7143002555479326,0.8335176219560944,0.7245513143859899,0.8440728621466208,-0.9080351561899674,-0.039854013312126006,-0.803469069006093,0.8422847003846624,0.7314912775810907,0.8433885698259261,0.7337235487115746,-0.9066287735589709,-0.8879715403619556,0.8507319111799222,-0.7282841380361467,-0.22014920890084452,0.9082740101210043,-0.7893597706562407,-0.6383067043552251,-0.7264665099409531,0.3212556369497995,0.7336475852278147,0.7550596322769008,-0.9237202689792973,-0.9156718422315702,-0.7865485098786726,-0.6988445288850715
-0.6148573839362752,-0.23767219700584,-0.416550463048401,-0.31053781388979007,-0.1715480790322025,-0.35739975366356225,-0.44802468389710504,-0.22251367765267646,-0.2638627647038456,-0.23709147740201433,-0.12754017532285575,0.2394101186463323,0.7063589513722439,0.5215603742123165,-0.01718395491809262,-0.43988964213635884,0.793337661918841,0.0,0.541180964299939,0.7166533361491242,0.5998648410638966,0.439249182156318,-0.3617955421656073,0.21520960819422444,-0.1646601963859903,0.18281273484898022,-0.341094149003955,-0.25856962406361145,0.5340397374078454,-0.46894337972388894,-0.24576864034054435,-0.3337967305746198,-0.36152092054950835,0.5749498779752283,0.4039396716853843,-0.03331497619122511,0.36080086817150303,-0.43025217882970535,-0.42355170977031587,-0.4905691981620386,0.2562491575623328,0.053420368007901814,0.19942963014847812,0.1509552658573608,0.4201004799439373,-0.4646285607053169,-0.3050339880882049,-0.4193726082793317,-0.22712785607047362,-0.1764719689526665,-0.3788674332640047,-0.15673658574784813,-0.20933883896842376,-0.04263549105141609,-0.055535138826888666,-0.17883988452156518,-0.10110217012209295,-0.00521554188831758,-0.5727485685964837,0.1501984161798806,0.15754476250157973,0.3992168225522556,0.1748323506506819,0.07321651423038751,0.5017627801674402,-0.21360576088106212,-0.3573816761639069,0.5326253195328793,0.6076963064039478,0.7297317408794632,0.6125668991172963,0.39700727689868315,-0.3422179883366041,-0.48197982997799205,0.370936179929219,0.10230092312109064,0.5386298419365348,-0.4085549571762735,-0.3904178557688631,-0.38369144167770397,0.4686824926161719,0.5654932978204023,0.46470061215860686,0.415821978549701,-0.42263262601368684,-0.37221656346570237,0.4655142631416962,-0.39639919659102923,0.4709940914600665,0.5056809524578242,-0.38028190566713055,-0.5380644517857424,-0.4537397229108728,-0.257472894409151,0.04967769004267187,0.15311752158152464,-0.46005116658499284,-0.4099384699651888,-0.20817620677023438,-0.26994615314705633
-0.8470964635840545,-0.6156698240031825,-0.7711250113184736,-0.6783540811226237,-0.5786743339165782,-0.7477767436106215,-0.70899730643659,-0.6505800649166901,-0.6717920428333161,-0.196543934985433,0.09267347211698652,0.5146437275515876,0.8595400411446754,0.31102045305653625,-0.18251874850856875,-0.7490641350760293,0.9189849962790243,0.541180964299939,0.0,0.8666337191993575,0.8785233286201141,0.8801730103769194,-0.773100955161834,0.6466124465491878,0.06670144378369629,0.6612605819812921,-0.6310691184490621,-0.3915450688444742,0.8992888366918709,-0.8570428770333779,-0.18085160626778615,-0.7265150782588372,-0.8052549045241025,0.9205889827196382,0.8782405096462789,-0.5796258623285364,0.7990672376900847,-0.8124408520750162,-0.7699335884395209,-0.7785819077122713,0.30798479384976896,0.5186068595116273,0.6805964846983299,0.6639822235179763,0.8581133126802404,-0.8471761595766384,-0.6066412445613371,-0.8241259994763177,-0.7432531642782148,-0.4780714280625717,-0.8326852797556664,-0.6881137165642837,-0.7223863227133382,-0.5883018678323341,-0.623090274222451,-0.7269067325355276,-0.6628347845525773,-0.5531361448325472,-0.557018616089095,0.6010461187141861,0.6553326429334596,0.8046768900341928,0.09313767521547188,-0.2928854557877423,0.4072507716996584,-0.588811320674135,-0.7815178885246868,0.7824384861775872,0.8441881521558323,0.8434596100618428,0.737989868790651,0.7340315447695415,-0.7671545228222385,-0.7548488009591882,0.8141461736045484,0.5817421521254028,0.8842779200224471,-0.7896674236396727,-0.2707291849839853,-0.8066120980846632,0.8616709164700318,0.8077219387013682,0.8556151163202991,0.7960718098045393,-0.7859490267662279,-0.7605171199353287,0.8587981161903131,-0.5555356804488278,-0.00974432307256648,0.8382474971579483,-0.7943586830089512,-0.7629119081117385,-0.7683211293462059,0.07225583801736833,0.5751877262415803,0.680035189219902,-0.8538945680331668,-0.8176579731171884,-0.7291123508700439,-0.6521469080487587
-0.6858047707442039,-0.31433223676266175,-0.47456815366312194,-0.3954739981556387,-0.23917168926797103,-0.4189460343465924,-0.5633978452782146,-0.33056398285667715,-0.3156682718308727,-0.4230538234488317,-0.23551258904261743,0.14759534875491578,0.7169077126843544,0.5501945054736369,0.08506988917252499,-0.5255814202790741,0.7674194241930067,0.7166533361491242,0.8666337191993575,0.0,0.8046416909580191,0.5729593765071491,-0.41996678763475676,0.21480189211523,-0.3588559514364176,0.24342577652054673,-0.2899619372349879,-0.08322774376757286,0.7198496119310875,-0.5663181507558409,-0.5125816117372275,-0.6209254923486952,-0.5512767686720415,0.7077075082783906,0.5932892758441506,-0.12161926701318593,0.5530763440421528,-0.6390209102312512,-0.6469879627040992,-0.6877099237425693,0.23081285467994547,0.06562261213707968,0.24180545000930329,0.31357427552511635,0.5772222584476537,-0.5539802292437724,-0.25254697152263367,-0.505651218070761,-0.39412739034775784,-0.26916061208920466,-0.5670957468717404,-0.28555406023129215,-0.32647552274242897,-0.139342736955439,-0.19198606370820692,-0.33504065609774863,-0.22580028326254767,-0.06618959647479637,-0.7863915455301782,0.23165946587926275,0.2632951186567951,0.6412519735439477,0.4428002520560261,0.1927234121131427,0.7313112566197807,-0.15998367787130327,-0.5070794155148775,0.7946624593405923,0.8335612018600627,0.9105893423020003,0.8458348943845501,0.6841722753534589,-0.3879535869078427,-0.6567119311138833,0.5698219004526662,0.1824860637080252,0.7455730592748809,-0.44132329667242154,-0.6126216343106148,-0.602656078659255,0.6763232631653358,0.7718084821446383,0.6536765465718798,0.6687545254352416,-0.4520651666777523,-0.40079923689793184,0.6668111238678246,-0.2684199861578338,0.48846720133137006,0.5828739468258312,-0.5866955103218905,-0.7955045632404751,-0.6499567912689274,-0.3866207315408209,0.12205497892781086,0.3328094555830446,-0.5592691127600827,-0.48088741110445604,-0.3936267615628705,-0.37675828039496
