0,1,2,3,4,5,6,7,8,9,10,11,12,13,14,15,16,17,18,19,20,21,22,23,24,25,26,27,28,29,30,31,32,33,34,35,36,37,38,39,40,41,42,43,44,45,46,47,48,49,50,51,52,53,54,55,56,57,58,59,60,61,62,63,64,65,66,67,68,69,70,71,72,73,74,75,76,77,78,79,80,81,82,83,84,85,86,87,88,89,90,91,92,93,94,95,96,97,98,99
0.0,0.6175120947147225,0.6522134608751938,0.5524307517811586,0.3948011166654617,0.5671416339976116,0.13474083075617801,0.42650710275393117,-0.04038613604855626,-0.0818251796474023,0.3852941367376994,-0.12685578798456748,-0.22486123027268093,-0.2039127875530836,-0.21119222030797144,0.6013702147505242,-0.17207275094038973,0.38829152739997314,-0.30422030881110734,0.05904692294167062,-0.2094459009260811,0.0749266698059803,-0.35841750213236656,-0.12250529374902272,0.05357313179046904,-0.054156394050322666,-0.3898776972243925,0.008084412636770491,0.44565026161480387,-0.5960123314432726,0.4094761765110048,0.8232987617428772,0.12056538068891999,0.04389181249616167,-0.09831067709206727,0.12152347899720994,0.22660823363910906,0.1003591915247464,-0.5095245059083777,-0.25536492995258975,0.04218654108100812,0.126719499454465,-0.07231275711195127,0.08485230911371833,0.12105395448206101,0.05662772083818841,-0.0041203270093596546,-0.012830526358519946,0.5360738799591542,0.1505584866601062,0.8873115827835824,0.7508925644623038,0.3158117514964019,0.4358987216538365,0.5368659656831882,0.14665406886664945,0.6214507768209211,0.22478936644983236,-0.11473781498028564,-0.06386300077204404,-0.12216673844086508,-0.21458447429844482,-0.13954222824645496,-0.15096805611148084,-0.25794714200621316,-0.21203470912188285,0.529378228111683,-0.15854041054781884,0.10169216469742912,0.387413384985772,-0.16001434134117484,0.4930858082910526,0.131335655852611,-0.06647155936043196,-0.15564085536911704,0.004729599501096588,0.055020539671110216,0.3811191316592136,0.21102996566702614,0.5229295780203586,0.16801204646751977,0.0658995788199573,0.027500274121035784,0.2797502283527548,-0.09907156834929726,0.12380191492465792,0.3036364459966491,0.12103116072244469,0.2871768312430047,0.199492656204239,0.1692961905590245,0.5676961722213862,-0.16799462523292719,0.20996950260773567,0.2851938009843013,0.12836482640694916,0.08694948159997504,-0.008983404313302088,0.6327512144390605,0.1989507115555493
0.6175120947147225,0.0,0.45000975497617873,0.8617146735276964,0.7564748359202492,0.5288644451330351,-0.3368779012619071,0.03390420352066892,-0.42545575248104095,-0.5195125292548644,-0.03219637697266196,-0.5566324317937781,-0.6212847359659756,-0.6061625551505359,-0.6269257496271521,0.8513939592568031,-0.5730299192718786,0.177223736554562,-0.6660367018506507,-0.25555877987988057,-0.6217238248132527,0.5021176773937192,-0.13752214961173995,-0.5349953879745153,-0.38881791576237074,-0.3684302751596563,0.07435300297232554,0.44538108402082816,0.02253527050893467,-0.1361472180765457,0.6810171758319616,0.8380161644534229,0.4854944856908532,0.4874921449512101,0.35934194935763647,0.3127385001310261,0.6124011913719635,0.20531635158052916,-0.5669439493506562,-0.6641106084980544,0.4325348941861497,0.4930810782631856,0.376670852120986,0.4956036291864683,0.5399905249195595,0.4726390104991101,0.422873173937098,0.4108680783846961,0.6146542522591003,0.4890583687156521,0.8060901095377663,0.9374268596044117,-0.12394302248273839,0.7916911111870695,0.8254903725821371,-0.22535269554545329,0.2832623211495439,-0.08059593311693503,-0.5469810674440593,-0.4977524027261089,-0.5455482160963908,-0.6170760296170971,-0.5506174998898532,-0.5699093031521664,-0.634651860021264,-0.6260421065092233,0.611913600493736,-0.5574241909214324,-0.1191282350395023,0.05770375661947511,-0.5769946509712734,0.35954279291358593,-0.17875544751060887,-0.4871000863320301,-0.5803370210163352,-0.39157851173731495,-0.3558573046972834,0.47498503585879176,0.5710740707366665,0.7743440244755373,-0.11218779190525666,0.47678025151959047,0.45951740944990555,0.6873510754990085,0.28115569042888655,0.562352142179736,0.6654615200385818,0.5514149030429899,0.37161222388271814,0.31258656897595205,0.44957127369428224,0.45754423460307553,-0.5902763857451678,0.39125756733779177,0.6556193616354928,0.5296716932757519,0.5075697860865751,0.42712521562036215,0.45266936897096544,0.529354566297003
0.6522134608751938,0.45000975497617873,0.0,0.26506494868721664,0.1551091695889886,0.8851177840946752,0.4325260917074879,0.635054621890774,0.452377068296828,0.17420636012994808,0.673968889853838,0.12812949111954214,0.04522510391627346,0.03669807813400198,0.05457519260473787,0.19195456871603955,-0.02815769848115075,0.2890187001001013,-0.14551834338260092,0.46595996088473707,0.040646109864254376,-0.2825837068583516,-0.4498106840011381,0.22409038894829253,0.3850189626895987,0.49699552598864016,-0.4025870686706678,-0.03323240222665314,0.7420925702498279,-0.4017387621025033,0.17986684617645235,0.4180759750685649,-0.2549183104857041,-0.1880057842710779,-0.3819949795326868,0.49648565105483233,0.1001706928163377,-0.20027458474488513,-0.4944271790980038,0.0057449713679701584,-0.20602476857350127,0.035730124741886776,-0.2941133710387199,-0.1846446614946755,-0.07676321157252591,-0.22959998115341324,-0.2672244799028967,-0.29184235022505284,0.5983297104102173,0.03777536820385489,0.578043816915571,0.4875125430863764,0.335167524834366,0.1260276033694189,0.4065712556805435,0.6327236932532725,0.667156117490399,0.7526178471839831,0.18681515194184942,0.19905680647827098,0.16261466303813107,-0.004507020600747773,0.15235318673247364,0.09239383338016487,0.039521817812681236,0.07508568297991457,0.5001480903476071,-0.013908401724099333,0.33145722188128685,0.4171049420535745,0.08173073535104161,0.6145199688673537,0.3532047939999438,0.29700467584884777,0.13727033148128867,0.4167571267296546,0.4067411577901757,0.7190487530599308,0.02855685124775143,0.19295813203917037,0.5453266615313418,-0.06717488115213706,-0.14731967967331985,0.07842226960267984,0.15117177399040566,-0.04764942024599848,0.22620665390055367,0.028703779897613167,0.7091738935539519,0.648855494568036,-0.02999210303157847,0.23149367573457819,0.16795104849679096,0.10210236146383282,0.3364118090597663,-0.0948565375943281,-0.1236593816540672,-0.1935907282790361,0.8569228702303773,0.13956378626853264
0.5524307517811586,0.8617146735276964,0.26506494868721664,0.0,0.7822822944952688,0.485702224953356,-0.43566771103106583,-0.020027715155245734,-0.47421499653841787,-0.5839398512514695,-0.13177777208164015,-0.6164951843617299,-0.6607779394633558,-0.6462827411987173,-0.6710702887693751,0.8867989711711344,-0.6093163568432042,0.20092396344551763,-0.6851028484291911,-0.2322388338262993,-0.6605081330690854,0.6050348966392157,0.013127467608927497,-0.585603500017055,-0.46455835037889953,-0.40616819159150286,0.18975106741379938,0.5097059809698483,-0.05527054795453012,-0.010554936418185239,0.6549364867011759,0.7521457232258955,0.5029060551448066,0.5686990969091109,0.4382285146276128,0.3440077955082185,0.6432379694345755,0.12013922815453879,-0.6405569974174361,-0.720809160275078,0.4561743241263372,0.4883610746320921,0.4170385766349961,0.5369438485364546,0.585091190099609,0.5137287164870209,0.47868543052190415,0.4694323387217708,0.5736633437699995,0.49151077516117375,0.746432791618023,0.9230473396401379,-0.19723032571095128,0.8143161868651332,0.8282152704325297,-0.28947870127487135,0.2185839204391796,-0.13903367077307788,-0.6165594625260454,-0.5722217230043849,-0.6034891202482748,-0.6626972142857357,-0.5952896023951844,-0.6236286579514471,-0.6596255062183092,-0.6711964178226404,0.5195853141374783,-0.6004709960671669,-0.07889575110613521,0.04225750621033561,-0.614706935036303,0.3679476698056215,-0.16768115369969466,-0.5406715796271331,-0.6464672923511727,-0.4362171772723111,-0.40954441348035125,0.5165903502471996,0.5774884914532831,0.7472631088142645,-0.10951916972616452,0.5165971585813848,0.5185186397807675,0.7411865980905102,0.38030741240735405,0.6274195213466996,0.6935651221461765,0.6085077816832606,0.37903169959039595,0.2918352282577726,0.4160645139332406,0.34628486850522966,-0.670597987081049,0.3079327734660879,0.6767421203111822,0.5624846966143047,0.5490469019145444,0.49381660179268416,0.3582473418473621,0.5327147605081378
0.3948011166654617,0.7564748359202492,0.1551091695889886,0.7822822944952688,0.0,0.4910002900959223,-0.5872084661648453,-0.2761793802400485,-0.604012700384118,-0.7626190579680183,-0.30773054956097035,-0.78952951668035,-0.8339696358705726,-0.8295056939886044,-0.8352785686565013,0.8417520811957087,-0.8171999033968581,-0.11153698568411262,-0.8725640719256973,-0.37469957995574243,-0.8388745079715805,0.6645741456512481,0.014056564804263335,-0.7569869441968201,-0.6410387010742403,-0.5272328774716879,0.41048420360942556,0.737931508189408,-0.21794809720655853,0.2049120566971704,0.8301533661533012,0.7184679229155064,0.6985428144319686,0.7420368801297291,0.6281778128212999,0.5171933689523465,0.8445992654915365,0.31280957553266425,-0.4579710527091129,-0.8586035100249675,0.6946600238962822,0.741547606687385,0.6596112020357087,0.7443496284879646,0.792489077598026,0.7228335233600451,0.6930187925015124,0.6794625732777645,0.7107641581387968,0.7432980546103352,0.559327386693078,0.8955806236734818,-0.47515177067793934,0.9144566458012199,0.9270060866550046,-0.41858722418271166,-0.05812198508275052,-0.24072101973063073,-0.7710171538759298,-0.7434264895948145,-0.7774310253866769,-0.8418452414167502,-0.7827994514413245,-0.8046365241306567,-0.8357146052320197,-0.8325648026716401,0.6708430951127877,-0.8094120221018972,-0.3369558820147838,-0.27079093648173114,-0.8084683243697767,0.10730320385528151,-0.4390916371239892,-0.7136563920115766,-0.7955565684541891,-0.6176751732876085,-0.6096228167486308,0.4537621407194006,0.7989083740317231,0.8703699326658939,-0.3389444761983694,0.753634049434485,0.7406541684985564,0.8809655450474538,0.5464195655977262,0.8083847458722057,0.8718763688815097,0.808135779507455,0.47324984641912776,0.45291520526094625,0.6577408096678639,0.42448200903590994,-0.7854399318359611,0.5383381552360288,0.8541068122601102,0.7773715380275573,0.7661997570436326,0.7112479035102552,0.3734752306210485,0.7719992386507926
0.5671416339976116,0.5288644451330351,0.8851177840946752,0.485702224953356,0.4910002900959223,0.0,0.2822915434660249,0.43014506640104605,0.3585329229696466,0.008778915038434679,0.5166633908847049,-0.03404772572636001,-0.10722430116077317,-0.12542912239970455,-0.09214477945618219,0.17072001633354883,-0.2133578143057907,0.051861671810149376,-0.3163019582354695,0.3972677485867981,-0.11984848766860282,-0.20461877259950625,-0.3882659115891191,0.08008168056748918,0.22582787827235093,0.4160019749829569,-0.1769221511367436,0.18806203583654532,0.6125603508653218,-0.1677022187036517,0.3141590307213422,0.34416003668836553,-0.11110416665518988,-0.01647853619332644,-0.20941709902552808,0.697870910676877,0.2829056107157805,-0.11033672349601925,-0.4053229561437007,-0.12880367483630284,-0.016168358289965788,0.23754059725535823,-0.09297926249566119,-0.010324652421884286,0.10480955524449735,-0.056632084493302634,-0.08254377705875827,-0.11292487157201854,0.7089349048859505,0.24106444992944173,0.40875948285358227,0.4745025535005881,0.08106167893897694,0.21524768921497547,0.5009779643614992,0.53353708500653,0.4389514825902702,0.6980297595491055,0.04047594639394127,0.03499021600300721,0.0059088577109912875,-0.16899026929677524,-0.008998395272983874,-0.0749622220977328,-0.10821668562775383,-0.06919068370184167,0.5927538238184885,-0.20257793364498203,0.16587621667287125,0.1708514117076536,-0.0858776946732039,0.4398415468836545,0.1641740520061901,0.15270213347532016,-0.006506177413763173,0.2760825254664515,0.24465516327027162,0.7348514547842809,0.20891777410152587,0.2771714960675108,0.39710797054148034,0.13991858910997212,0.05452896683101193,0.22029037740902657,0.36097679735287524,0.12966276254389586,0.3950833402770174,0.2202590406953963,0.8404421519413859,0.815263034350018,0.14313398812348674,0.23907494798431214,0.04866486401716555,0.24708245941101736,0.5150030823848958,0.08734206873433457,0.06402585081629415,0.004980811960422029,0.8617768878799016,0.33893583110232706
0.13474083075617801,-0.3368779012619071,0.4325260917074879,-0.43566771103106583,-0.5872084661648453,0.2822915434660249,0.0,0.6292647089199517,0.7032546116753196,0.6697432736935709,0.7897886289433855,0.6422608705152826,0.5569135373935448,0.5593526409552746,0.5931632818376625,-0.43113431239592254,0.502088843504176,0.1532066610974395,0.42922285679064553,0.4661005347384576,0.5664485568369722,-0.7706108707601627,-0.5851673882134114,0.6543393943398377,0.7410119352957032,0.6464683319049223,-0.6980681261113365,-0.5555708518715383,0.7553345381641122,-0.6812967240403758,-0.25436785967111647,0.041890775550739966,-0.5416133073046357,-0.6852440559484683,-0.7377616232334939,-0.04514929373931344,-0.4598076076453732,-0.06385347078146081,0.15512548832741355,0.6049637540552357,-0.5307751692695284,-0.35173567593492017,-0.6115965936004223,-0.5846023464423455,-0.567294177323089,-0.596341348879121,-0.641979777498814,-0.6534309360586574,0.09354412127461309,-0.3651590063532909,0.1759497420611687,-0.18341671595040554,0.6260223688413952,-0.49611298206658855,-0.27981769697546577,0.7494425567310103,0.5498919510268748,0.6974596874253248,0.6902530043690495,0.6908375338020973,0.6477459068196879,0.5470921989526696,0.6068715586823554,0.6030149830164512,0.5151483022794703,0.6010455233322917,0.16686255243450715,0.507868690235588,0.2510500984539028,0.41165659993065823,0.5711384077838082,0.23284990226318047,0.40048135889872555,0.6916810431033255,0.6704147795146207,0.6850107266448007,0.6750833617545727,0.05206975841014732,-0.41251967612179874,-0.28269906224330815,0.479445208882881,-0.5153916188722344,-0.5936754781733522,-0.5478997216617005,-0.41611043690557925,-0.6067166650248932,-0.39344604502563324,-0.54510653895969,0.1636319025758126,0.2101584106655624,-0.26717052429709504,0.2685427939473398,0.7128876270579841,0.0020888990035947542,-0.2968131460151549,-0.5346493007130507,-0.5602339571205548,-0.6300449419746468,0.5468527495896283,-0.3195486651917809
0.42650710275393117,0.03390420352066892,0.635054621890774,-0.020027715155245734,-0.2761793802400485,0.43014506640104605,0.6292647089199517,0.0,0.6272617403738769,0.5076504685617886,0.7989301316233461,0.4778712799831469,0.42451059160657095,0.4350753024986021,0.4255388944606364,0.07142367017366169,0.4227479409702057,0.7003387071468508,0.3144375889844639,0.6791980777154508,0.4320925055060495,-0.3942497662840743,-0.2547987432122049,0.5417926557860493,0.6502874947294118,0.6489588951542576,-0.6698317040789794,-0.46777982360735426,0.8644454566396932,-0.6227215362309131,-0.2725030745972562,0.2047549993507366,-0.5988912855005389,-0.49618072557739423,-0.6566912949487576,0.0644452909528217,-0.35771735847019054,-0.508009445957906,-0.5578988805841302,0.34608387157942716,-0.6129264986238016,-0.4679231342666157,-0.6780968211355778,-0.5647898578328072,-0.48564983577726056,-0.5985164935191468,-0.6204793358118136,-0.6234463765486669,0.14457010007526502,-0.4501606191685045,0.5865131303851709,0.2365231788027199,0.7143369868415681,-0.21110283904561464,-0.00840052750901393,0.7303651035141611,0.8883593189046907,0.7337566102821025,0.48875111135219307,0.5172056206682087,0.500699986911133,0.39583572030533215,0.5128095585063378,0.46319521453955814,0.427929571230828,0.43586938184721785,0.039241233146013306,0.42188692076416046,0.6939162161375948,0.8079684424621284,0.4795443059146235,0.8195849416964919,0.7471683444120398,0.5923708181926499,0.45039314115789814,0.68595914939438,0.695786238932649,0.5590827604672494,-0.43434165060867697,-0.18843835620108149,0.8007600199389213,-0.5092329915255615,-0.5420872396970128,-0.2888205232434267,-0.19128801832911152,-0.4238192915242146,-0.23165575918019507,-0.3912271957952836,0.33269020235755603,0.19067568638007418,-0.4899925029115006,0.015914883929407455,0.41713773349443206,-0.358208579603072,-0.14918638449908647,-0.5091635060527318,-0.5349302560774176,-0.564261702013025,0.5575243374126431,-0.3628648635790306
-0.04038613604855626,-0.42545575248104095,0.452377068296828,-0.47421499653841787,-0.604012700384118,0.3585329229696466,0.7032546116753196,0.6272617403738769,0.0,0.6433450681040688,0.7400355513457807,0.6305522539425098,0.6077996881904341,0.5846753108608774,0.6224575349177439,-0.5623692454104143,0.4848315107888652,0.1752976392441712,0.4407958265899634,0.7714894962292599,0.6000898558947849,-0.7396310128926175,-0.3040125576310478,0.7236689045635288,0.7603787815934651,0.8892185624907081,-0.4596414506950415,-0.41699281855736087,0.7658448926793464,-0.2585585494770177,-0.4415410138344567,-0.357137067043696,-0.7322062171400636,-0.6258294037598112,-0.73047766105984,0.2868557571035664,-0.44070788831989643,-0.4554917764716407,-0.06147168828995617,0.5906427856477415,-0.6229428618560138,-0.4139771124994897,-0.6573160869757385,-0.6490013231857283,-0.5685287277198403,-0.6753239363510581,-0.6697723753311553,-0.681755818018352,0.07140380362428667,-0.40776372732992716,-0.12976511012752956,-0.32951594950667745,0.45154678321596897,-0.5826642711357723,-0.3085429445855717,0.8902004246871124,0.4592502126480368,0.8891521529355726,0.6811940076612041,0.6512353916763448,0.6590472963431265,0.5450948866016435,0.6600921853744871,0.6063587231397001,0.6199861736466092,0.6451275712193826,-0.04661683008839078,0.47996384086242855,0.5005825626234526,0.4067502956388179,0.6056920934821516,0.3673255129279412,0.5729605552894529,0.7598526015714355,0.6612670876848746,0.8123906483643524,0.7640995414212167,0.40248689161507106,-0.493223349171465,-0.5085524612309197,0.7212120780751222,-0.49577283971487285,-0.5604998631127971,-0.5264712896794778,-0.03200972582383273,-0.5405914772310949,-0.34579519894052313,-0.4477551325246149,0.45865849509909495,0.433017097099952,-0.46714203465510035,-0.21817767394691973,0.6945336361993387,-0.2836820150276889,-0.20975034392735897,-0.5791209740667213,-0.5856436885218658,-0.5820331226269116,0.48569677522356214,-0.3294846874353231
-0.0818251796474023,-0.5195125292548644,0.17420636012994808,-0.5839398512514695,-0.7626190579680183,0.008778915038434679,0.6697432736935709,0.5076504685617886,0.6433450681040688,0.0,0.8026978653127889,0.9455655165829835,0.9049621836812659,0.9067993911794069,0.9187118282818382,-0.7261854548523752,0.881888996733323,0.2864772101554201,0.8422026337544277,0.41428739712867596,0.9081545814923281,-0.9073630864725443,-0.542183779781051,0.9226995744702136,0.9288309528118331,0.7573949269993554,-0.8539153624397705,-0.9033890395374539,0.6463177445660723,-0.684732595926387,-0.6783112689467118,-0.28144074753830894,-0.8119247445097715,-0.969905952396137,-0.9353649981839278,-0.46968423565692585,-0.8604046103160146,-0.2431669799588438,0.298837741119781,0.9348349617253183,-0.8341496275918767,-0.7372212833526952,-0.8648111201882355,-0.8949687951701805,-0.9147877339316403,-0.8797402170943539,-0.9156023329069066,-0.9209907779204116,-0.4223664896699309,-0.7661597409545405,-0.048883925242514954,-0.552176998361837,0.8342206191591475,-0.8537005603044545,-0.7201599459158715,0.762028520892713,0.557292237696917,0.6156180540451475,0.955753078950085,0.9664743601659295,0.9420552838529356,0.912081172781239,0.9209599894113464,0.935760182823493,0.874572097725446,0.9194084615739546,-0.3009372796391512,0.8973419670648396,0.4351555783038059,0.5604501131139664,0.9026604859051539,0.22919937557316228,0.590697359743073,0.9193232252376733,0.9594611738975429,0.8606414377157965,0.8741449023555706,-0.21537978241789782,-0.8017748319178454,-0.6966453809248316,0.5783492395579556,-0.8767601702245637,-0.9223179344855323,-0.9188361363668436,-0.7394326861758991,-0.9450020340212394,-0.8258607610988454,-0.9153121865188598,-0.25953149891123983,-0.22952398591806863,-0.6283905887057307,-0.12381427025980733,0.9576017881708593,-0.3465337966742019,-0.7460538006570238,-0.8825410454822664,-0.8895554601343553,-0.9380293313049731,0.13259320789935666,-0.7506159510520113
0.3852941367376994,-0.03219637697266196,0.673968889853838,-0.13177777208164015,-0.30773054956097035,0.5166633908847049,0.7897886289433855,0.7989301316233461,0.7400355513457807,0.8026978653127889,0.0,0.5188394041139973,0.4162075723709444,0.41838528982178413,0.43842616449978344,-0.16914420779909112,0.3656586197078086,0.2979447810404762,0.24661155285260036,0.4163315937614541,0.4169766871357544,-0.636611228510555,-0.7055458377011209,0.5646490199263651,0.7019646455866975,0.6605738599668728,-0.7430363589374803,-0.44350030992614237,0.8380783477104556,-0.6958567083967827,-0.09751942209236594,0.29054919697854953,-0.4974123309186548,-0.5931867938947261,-0.708793120520906,0.098237293331614,-0.2944671367941042,-0.13653266869721192,-0.16014870241461265,0.4238621265702442,-0.4908890791779262,-0.25734648400738813,-0.5744883211033811,-0.5178831142188628,-0.4618661490831326,-0.5340509511535494,-0.6018369356826027,-0.6265827803959115,0.2732419547822292,-0.2832263485061507,0.4882377444847531,0.16769769619422142,0.656918421884971,-0.2599617997764029,0.010310241793929122,0.7900155811705621,0.7649895275032975,0.8095416523238499,0.5735288316440004,0.5917148063400831,0.5379175069510739,0.39369922387142964,0.5063548450072155,0.4801464376579084,0.381300246929438,0.4491135390571308,0.3282081694427546,0.3906285835455009,0.3589436566446134,0.5350113231689207,0.4420592447419034,0.5293303693991627,0.46178875621709176,0.6234437675540889,0.5354215820420607,0.6677790821491756,0.6784457618283986,0.3676226935100451,-0.30059271555237166,-0.10145956320154344,0.5981996781304973,-0.43562346272953184,-0.5244007952136989,-0.35249390587790297,-0.3076798690164577,-0.4683425546490215,-0.19182126983423423,-0.39854399978420113,0.3622341467639263,0.3619391838766352,-0.22829416321182316,0.2250476359021736,0.5661930969440957,0.0450327660272684,-0.060849315622287466,-0.4415673529173503,-0.46557098695183746,-0.5744311696550904,0.7397271490605172,-0.2063652439820403
-0.12685578798456748,-0.5566324317937781,0.12812949111954214,-0.6164951843617299,-0.78952951668035,-0.03404772572636001,0.6422608705152826,0.4778712799831469,0.6305522539425098,0.9455655165829835,0.5188394041139973,0.0,0.9303950758798846,0.9305445278762302,0.9386486146776734,-0.7683410031881841,0.9070105991495435,0.28282181590333805,0.8847657375674439,0.39967908977589645,0.9321399439582914,-0.8748915996902379,-0.46269735988389127,0.9294659611005089,0.9107172981871126,0.7516650653595403,-0.8130672599545208,-0.9089680981052685,0.59192822676434,-0.5963426800080439,-0.7405343283159106,-0.37672194623046046,-0.8304324262694676,-0.9605350448940417,-0.9130440050616718,-0.5053580185460119,-0.8900579948280416,-0.29374030829536185,0.31672733053902885,0.9535919719738842,-0.848713514629149,-0.7767578483956603,-0.8613203645553817,-0.909654020015257,-0.9305497929994585,-0.8892601479739154,-0.9126303332833225,-0.9184263832726246,-0.5108380842641022,-0.8059555061546678,-0.13506678996471597,-0.6266756883792161,0.8035232538448986,-0.8946010397626564,-0.7831381414321029,0.7248011998877952,0.4978133314165244,0.5691226590011088,0.9576550228053398,0.9612930763967539,0.9495533931998051,0.9385187161266506,0.9354647533983367,0.9491896772801791,0.9104711444708992,0.9381864444993349,-0.3991212554563945,0.9197839253400951,0.4609719136965564,0.5442128340191803,0.9221904623163483,0.2077964792702889,0.601561635075718,0.9199397176293572,0.962638032745778,0.8522320103076183,0.8669502292512501,-0.2469113515734938,-0.8421647135057868,-0.7656344671778483,0.5707293244829044,-0.8934974151612576,-0.9282356697276497,-0.9406875350806256,-0.7315937064712794,-0.9544774983489149,-0.8641940660969877,-0.9308473108604937,-0.3123939293060364,-0.28998240685287247,-0.6773095367520563,-0.23290760259794682,0.9555218068069691,-0.4168112574922913,-0.7862857514273698,-0.9055862165663806,-0.9047430293121412,-0.9369244663077504,0.03459594885879822,-0.7959578536760344
-0.22486123027268093,-0.6212847359659756,0.04522510391627346,-0.6607779394633558,-0.8339696358705726,-0.10722430116077317,0.5569135373935448,0.42451059160657095,0.6077996881904341,0.9049621836812659,0.4162075723709444,0.9303950758798846,0.0,0.940104229440818,0.9353932212309525,-0.7772628484132147,0.9262237827986585,0.34963277153567424,0.9419183689049662,0.4723408627171624,0.942575107811415,-0.7312255008941466,-0.17155622491595443,0.9070281421869746,0.8297501706739058,0.7427042404980653,-0.6428093893231492,-0.8634716084887502,0.467450403865906,-0.35684890419706744,-0.8848956532487194,-0.611957413845359,-0.8685879236150181,-0.8751578351410573,-0.8170284877822656,-0.5074905568069797,-0.919872810994391,-0.48510740569132854,0.23771282330689372,0.9335898881264365,-0.8724591057177111,-0.8583352009136611,-0.8406938794351556,-0.9070021841962461,-0.9267240018606727,-0.8884095486171377,-0.8771154219519909,-0.8737374329664767,-0.677912680990836,-0.8758926847450405,-0.31232126164424084,-0.7406510948218146,0.7029540403156505,-0.9316104072471911,-0.8697784346945515,0.6373592152472216,0.37396210522182805,0.4690616293085335,0.9024429983268828,0.8980688501872548,0.9155789310109755,0.9352437598086192,0.9252973492746833,0.9301388807027786,0.9477232696183581,0.9340824164817,-0.642912440319513,0.925377033406505,0.5731189959926095,0.5378571784029279,0.9304280711937835,0.2240458513488187,0.6656031641861871,0.882675436498003,0.9194035062976902,0.8268232893124534,0.8268263588339642,-0.2186899626947279,-0.9149654279093303,-0.9051916580173173,0.6033862254249992,-0.8980073351397466,-0.8974616329292667,-0.9302120235942062,-0.6088255260821073,-0.912895485414258,-0.9048875543007388,-0.9013110759688013,-0.3628323193836351,-0.38764917829287227,-0.8094101235062301,-0.5121271202273798,0.8822901173442914,-0.6279597757151424,-0.837568111864712,-0.9222040136246977,-0.9088260921870097,-0.8856926174905316,-0.20054824546382197,-0.8726948205965195
-0.2039127875530836,-0.6061625551505359,0.03669807813400198,-0.6462827411987173,-0.8295056939886044,-0.12542912239970455,0.5593526409552746,0.4350753024986021,0.5846753108608774,0.9067993911794069,0.41838528982178413,0.9305445278762302,0.940104229440818,0.0,0.9419706864778998,-0.7448093309776227,0.947009205878617,0.3892719100450323,0.949843062223279,0.45854640807449687,0.9497307542956998,-0.7328896660099425,-0.18396644103250925,0.9074718845466145,0.8359730175780025,0.7066763909787684,-0.6858686349802364,-0.9013863540416429,0.4695512537847745,-0.42394401387981323,-0.8847324682863639,-0.557903281137435,-0.8633175171975239,-0.8936159365337771,-0.8323081033490959,-0.565911279128974,-0.9416494321824789,-0.4586229962331167,0.23402456709946362,0.9388962445400033,-0.8835330759179654,-0.8883072334582053,-0.8641693902482266,-0.9144738797823623,-0.940529250453623,-0.8942788548656571,-0.8887038185888095,-0.883148254319982,-0.6824697157767577,-0.8960869024675361,-0.2513502633060932,-0.7231300957796106,0.7495546064601553,-0.9225933276861211,-0.8802831195697267,0.6137915388013345,0.4150451241396727,0.4415805306292597,0.9074503059319033,0.908162017382922,0.9235344895536881,0.9602116813910286,0.9323620131656803,0.9403522822305405,0.9499319209401818,0.939904446235437,-0.6433132760818309,0.9481731551556021,0.5655118729343788,0.5765326105115319,0.9415446160717406,0.22799430355843306,0.6747482311007336,0.8798698662426171,0.922143641089889,0.8134833670569805,0.8242290087347515,-0.2616016681539875,-0.9251308237955647,-0.8835053749589598,0.5917597999231116,-0.924199135588551,-0.9201150435682738,-0.9460835429825378,-0.672808966487267,-0.9380339737366895,-0.9299535201554749,-0.9336487190826704,-0.4174699045045425,-0.45388432155318575,-0.8133100087646351,-0.4461076287129291,0.8814577730598778,-0.6439411183179006,-0.8854261239306487,-0.9358762385171365,-0.9269559729877676,-0.9067567066236677,-0.19868997864557958,-0.8988392760819457
-0.21119222030797144,-0.6269257496271521,0.05457519260473787,-0.6710702887693751,-0.8352785686565013,-0.09214477945618219,0.5931632818376625,0.4255388944606364,0.6224575349177439,0.9187118282818382,0.43842616449978344,0.9386486146776734,0.9353932212309525,0.9419706864778998,0.0,-0.8238470316290912,0.9242757284478127,0.28185574164824856,0.9319865772839998,0.5035934452204565,0.950538843583898,-0.8229552734306889,-0.2433912138805305,0.9254840461929777,0.863792905213286,0.7465293758029538,-0.6816281418742838,-0.8783431045052391,0.5194937123933341,-0.43716486393259985,-0.8443515497022607,-0.5683152065463943,-0.8608071616003043,-0.9149220466047063,-0.8564905580169008,-0.4797449765042343,-0.9195876823851689,-0.39563678154013715,0.3180903137594674,0.9618393346322401,-0.8577036089808758,-0.8295507649847202,-0.853535463576776,-0.9073579732610765,-0.9291493688659745,-0.891678328680897,-0.8867852434089759,-0.8824342629695588,-0.5914279324088314,-0.8386733411649179,-0.3108357404469906,-0.7626144375252549,0.7152891332293164,-0.9540802556664809,-0.8746529627094306,0.6794495784841087,0.37406562218881184,0.5109880041737782,0.9368429080151426,0.9266703393094379,0.9380892455620176,0.9525546509413124,0.9382656006548185,0.9463777770155766,0.9453843621919333,0.9515771910094407,-0.5509646087823324,0.9270291180034398,0.499727484345707,0.505327705494276,0.9367334213874513,0.1473401981042537,0.6242351126494612,0.9050516222633029,0.9483047841368045,0.8365212493557063,0.8338933613638455,-0.27206504981166485,-0.8887941477587004,-0.8703247307883449,0.5667491859076779,-0.8926057343337498,-0.9064985941949464,-0.9614579548026166,-0.6455312939974867,-0.9387778689733111,-0.9054909737710126,-0.9210442292552922,-0.3352411961545632,-0.3397824161649579,-0.7488153101258095,-0.35832097494560144,0.9332442167024788,-0.5525484074085817,-0.8509007215553193,-0.916717847362446,-0.9118890084262758,-0.8969694087770086,-0.09922436471815171,-0.8370974647818433
0.6013702147505242,0.8513939592568031,0.19195456871603955,0.8867989711711344,0.8417520811957087,0.17072001633354883,-0.43113431239592254,0.07142367017366169,-0.5623692454104143,-0.7261854548523752,-0.16914420779909112,-0.7683410031881841,-0.7772628484132147,-0.7448093309776227,-0.8238470316290912,0.0,-0.35290998520896905,0.4813227137241127,-0.41530418337278807,-0.08730669208084237,-0.4488982028223499,0.610759556375649,0.24815617649884827,-0.4414449759533023,-0.36027208285718476,-0.3726160767400042,0.07572032270328113,0.26870319114643376,-0.004868303950490808,-0.10962266988058952,0.3744585619725328,0.6269199453512193,0.32829489198785483,0.4346952656296622,0.32976069025891763,0.05038350530351728,0.378538389674778,-0.07387671567601979,-0.6915601907355958,-0.5542842370279605,0.2419971800855266,0.18330714232905207,0.22077365114611885,0.34482971656186756,0.376532268592591,0.32829834706921923,0.3144122243330328,0.3226782413052419,0.28609409326863167,0.2038547770637519,0.7351247812390052,0.7674276159663656,-0.002235933559546605,0.6453817758478791,0.5744531984306657,-0.30518071466878144,0.3185066133616289,-0.23062846249991067,-0.4861427400381963,-0.43220989549397726,-0.44402699976471616,-0.4416255675964274,-0.41937124753608684,-0.43923098533054583,-0.45153110982037514,-0.4901901334463826,0.2127273597131235,-0.3636322460432208,0.1409084100627541,0.2740717636821094,-0.40332776921713415,0.47032372058979455,0.06279123706735942,-0.4163552158535023,-0.5079977820504966,-0.3318995831883836,-0.28673588763343427,0.37863422140756725,0.30803902947267936,0.5281908953464721,0.0005698947753352289,0.27310231442242755,0.3168222632962925,0.5513516983439499,0.18362139822884893,0.43346298916105097,0.4216234154575488,0.3771922141575301,0.10780751085638741,-0.04056737868101135,0.13803215869405733,0.22020355854862753,-0.575902210924718,0.0034955382130365032,0.37378092699923776,0.341968097811436,0.32804207060871426,0.31554715120780424,0.13127607223902588,0.23182924007327696
-0.17207275094038973,-0.5730299192718786,-0.02815769848115075,-0.6093163568432042,-0.8171999033968581,-0.2133578143057907,0.502088843504176,0.4227479409702057,0.4848315107888652,0.881888996733323,0.3656586197078086,0.9070105991495435,0.9262237827986585,0.947009205878617,0.9242757284478127,-0.35290998520896905,0.0,0.5062409950170496,0.9284121053938432,0.3349092025860876,0.8852171683180865,-0.5644154101698317,-0.09241735401600784,0.8044096032471888,0.7283235788988172,0.5397355580883619,-0.6844884001495879,-0.9151725070003164,0.36980724195913,-0.46914367869612095,-0.8581117856811276,-0.44118510308351183,-0.7716533131290522,-0.8151912570063394,-0.7323892649846627,-0.7422397654306887,-0.9303092247011567,-0.43760455508032564,0.1656034161012601,0.8578709611974249,-0.8385109899173526,-0.9039405342127386,-0.8075760531999531,-0.8512323178802855,-0.8971645209118426,-0.823638512885636,-0.8162191007420617,-0.8068007709308991,-0.7712257148654559,-0.917102495349116,-0.11934103468586175,-0.6241886254120123,0.7779665317466851,-0.824206505186521,-0.854448015101971,0.442890011680257,0.4343369038458172,0.24669000680204856,0.8103667635112456,0.827183705923567,0.8402112061624355,0.9082644695873453,0.8565036627315117,0.8773635291904689,0.8806851748657648,0.8578501275940219,-0.7012998384638656,0.9224049113664917,0.5687142045761047,0.6322244681882689,0.8809896250342947,0.2673798824229535,0.6628074342774906,0.7691234220834947,0.8242190011183949,0.6940644400287246,0.7259741434564396,-0.34491135898544134,-0.908036975062957,-0.8103861577224357,0.5128343722177701,-0.9124802101611857,-0.8829339203557275,-0.8757092546981349,-0.7534001398681731,-0.8856605103955799,-0.9306621888160321,-0.9197980029456579,-0.5940460020776185,-0.6504134350023233,-0.8122639103357955,-0.4229685041393378,0.7576665710472672,-0.6721767118412876,-0.916254685201543,-0.8932432437125746,-0.8846501285294878,-0.8617650431750244,-0.3355408896710629,-0.9345772450275508
0.38829152739997314,0.177223736554562,0.2890187001001013,0.20092396344551763,-0.11153698568411262,0.051861671810149376,0.1532066610974395,0.7003387071468508,0.1752976392441712,0.2864772101554201,0.2979447810404762,0.28282181590333805,0.34963277153567424,0.3892719100450323,0.28185574164824856,0.4813227137241127,0.5062409950170496,0.0,0.2603068353243766,0.42438600405294247,0.2261706689844306,0.18405656424980166,0.3346418093313606,0.20936806733187352,0.2198051149678984,0.19797723761825425,-0.3239901431756943,-0.32712587504632645,0.3791879891330595,-0.28557408701003323,-0.3374575981515004,0.11206805671471717,-0.3621823293082462,-0.14171100362281394,-0.23481211302289187,-0.23870864434409184,-0.2887730736832529,-0.6325273510277429,-0.7345043241105725,0.0741868938992817,-0.4469952977541501,-0.5202842429696958,-0.4361951343657877,-0.32913198603650057,-0.288273081781962,-0.35148516921879525,-0.3231299484185218,-0.30826693078093936,-0.21167996818207757,-0.48759469957528556,0.5367379939895198,0.26644165198269737,0.5022395574894155,0.0006566638509841039,-0.036405751796535324,0.17168589364317288,0.6420113708159627,0.14196873628806286,0.1213886205761698,0.16734108509393644,0.19367828697600048,0.22078479621511776,0.25267732791898273,0.21445582467904672,0.24950684611533946,0.17473781191401022,-0.36342393393052147,0.2979642347129887,0.7290225120755052,0.776275246272439,0.27807086142587467,0.7901284934117939,0.685931108943939,0.21295280015820353,0.1057291971166518,0.2932546845156215,0.3344238441707085,0.38992937053654064,-0.3983016349718445,-0.170815029152123,0.5677188291523725,-0.3920864806109578,-0.32545357553743576,-0.06827889927947094,-0.1286099015265415,-0.1849705360694039,-0.21581797187975846,-0.23923349700914123,-0.08291487169336574,-0.31822332050756547,-0.561791602802732,-0.2717199909535375,-0.007100375608829382,-0.6502309325704008,-0.22959777109560522,-0.34651268077614317,-0.3563958833042866,-0.30135139578501563,-0.0423267633895997,-0.4445437513062575
-0.30422030881110734,-0.6660367018506507,-0.14551834338260092,-0.6851028484291911,-0.8725640719256973,-0.3163019582354695,0.42922285679064553,0.3144375889844639,0.4407958265899634,0.8422026337544277,0.24661155285260036,0.8847657375674439,0.9419183689049662,0.949843062223279,0.9319865772839998,-0.41530418337278807,0.9284121053938432,0.2603068353243766,0.0,0.2989521750546731,0.8240339456906852,-0.4847973079847258,0.07024372988295201,0.7260321274294341,0.6056923238747073,0.45489593824471886,-0.4882814366849218,-0.8148184368100474,0.19402496108608433,-0.27152198998298105,-0.8662548894950508,-0.5998947754193259,-0.6988880990712513,-0.7142342295168402,-0.6032817386423545,-0.7079694009625068,-0.8827949403208142,-0.42291998953373694,0.255453723845599,0.8069940087741633,-0.7488478259418593,-0.8466505179583839,-0.6944160939028915,-0.7607524890265873,-0.8187389810511178,-0.7300202811927837,-0.7078077085702996,-0.6926696574701745,-0.8321307922594716,-0.8554995777799809,-0.3187336105520154,-0.7343643652126645,0.6098260305204651,-0.8242273965285786,-0.8992209461629631,0.31047730257722483,0.22792440488279123,0.11900020301261656,0.7232914201679679,0.7285505928307524,0.7591463206198504,0.858126630803792,0.7812259521500874,0.8015191870118762,0.8291861275916499,0.8030041362346375,-0.7764506665870726,0.8498311241696094,0.48006350795723673,0.48070883694903715,0.8125489758160481,0.11053186329408603,0.5661643915203773,0.6728298765091272,0.7468397173248487,0.5869562622687358,0.604885471290005,-0.4189856517556869,-0.8540460078346223,-0.8404296277078245,0.40065822897352876,-0.8227451506509831,-0.7794305404275902,-0.838169804002852,-0.6450987969944636,-0.8054079716768691,-0.9075391700453899,-0.8467571374292827,-0.6265323498599987,-0.6775853130672236,-0.7714327856389083,-0.4943122191467749,0.6818717163287401,-0.6843369480076901,-0.9030339363979549,-0.8149119059681919,-0.7993690875245537,-0.7455974757918531,-0.4852620994373288,-0.8869773425708712
0.05904692294167062,-0.25555877987988057,0.46595996088473707,-0.2322388338262993,-0.37469957995574243,0.3972677485867981,0.4661005347384576,0.6791980777154508,0.7714894962292599,0.41428739712867596,0.4163315937614541,0.39967908977589645,0.4723408627171624,0.45854640807449687,0.5035934452204565,-0.08730669208084237,0.3349092025860876,0.42438600405294247,0.2989521750546731,0.0,0.2389832969528766,-0.1937364262766682,0.28419926876816226,0.2912227544993685,0.3030050011183321,0.44185602197114765,-0.08440227982574697,-0.100723131211193,0.5120819622179638,-0.03152299564783639,-0.2485126812197255,-0.23336917422081727,-0.4011607844903182,-0.15350998755198447,-0.2842537957999071,0.3602804582826684,-0.15087323331092414,-0.5076882127455465,-0.3652025439684521,0.16671790930658598,-0.3216796237273131,-0.2781580597253789,-0.3653113236748778,-0.27135223042302425,-0.196834794955963,-0.32243985951523707,-0.2641500965058293,-0.25207376663380615,0.17498058349493434,-0.20197356960193905,-0.021629414206369317,-0.09935058710550715,0.15054181725365712,-0.21386541999035827,-0.07897092362869873,0.46798347038189264,0.2672263549031701,0.4823436398370074,0.21648529209733564,0.17790583327225828,0.22677780212940074,0.1730255620097029,0.25285631712296214,0.19263296897292437,0.2653083832595834,0.24664332509195522,-0.10493566799024302,0.14151851747746763,0.4652986313170156,0.33427170106701404,0.25258783869797846,0.34760612212864966,0.4637411555767422,0.3216528707036933,0.1900153419078674,0.39033564457370185,0.3522157324835156,0.4337011615664754,-0.2421775312514066,-0.23073599933912223,0.4994672522334193,-0.19017700805821705,-0.18924090138106894,-0.12543935797668057,0.24289673318464036,-0.14205051155424095,-0.07430282017174973,-0.10708719092005353,0.4161699860846122,0.29130832862506983,-0.33218295358621724,-0.11368486345085886,0.19511870697331654,-0.40624536782815046,-0.0556464935004983,-0.24314042075802775,-0.25802560427049337,-0.17350665053595457,0.3056532642079726,-0.14109493573939055
