0,1,2,3,4,5,6,7,8,9,10,11,12,13,14,15,16,17,18,19,20,21,22,23,24,25,26,27,28,29,30,31,32,33,34,35,36,37,38,39,40,41,42,43,44,45,46,47,48,49,50,51,52,53,54,55,56,57,58,59,60,61,62,63,64,65,66,67,68,69,70,71,72,73,74,75,76,77,78,79,80,81,82,83,84,85,86,87,88,89,90,91,92,93,94,95,96,97,98,99
1.0,0.03205128205128205,-0.008080808080808133,0.04318181818181821,0.016233766233766267,0.0430622009569378,0.019955654101995512,0.02161862527716185,0.011640798226164067,0.025000000000000022,-0.03014842300556586,-0.010869565217391297,0.009977827050997756,0.007928118393234651,0.0,0.0645933014354067,0.011640798226164067,0.036363636363636376,0.0,0.023281596452328135,0.0437062937062937,0.007575757575757569,0.057416267942583754,0.023310023310023298,-0.013833992094861691,-0.023191094619666036,-0.006565656565656608,-0.005555555555555591,0.005813953488372048,-0.013833992094861691,-0.02756286266924557,0.08585858585858591,0.06449631449631449,0.017316017316017285,0.017316017316017285,0.0430622009569378,0.02954545454545454,0.040909090909090895,0.0430622009569378,-0.013833992094861691,0.08585858585858591,0.023809523809523836,0.0,0.020562770562770616,0.021645021645021634,0.05244755244755239,0.014069264069264065,0.04953379953379955,0.0,0.09090909090909094,-0.04734848484848486,0.007928118393234651,0.018398268398268414,-0.05926916221033862,0.016629711751662946,0.0430622009569378,0.046620046620046596,0.035885167464114825,0.0,-0.022727272727272763,0.014354066985645939,0.025252525252525262,-0.01855287569573283,0.019955654101995512,-0.007070707070707116,0.03439803439803438,0.03325942350332589,0.017482517482517473,0.007399577167019,0.0437062937062937,-0.005555555555555591,-0.00303030303030305,-0.017408123791102514,0.03496503496503495,0.025252525252525262,-0.015151515151515166,0.010822510822510817,0.007575757575757569,0.06818181818181823,0.05159705159705158,0.0036997885835095,0.04953379953379955,0.0,-0.041666666666666685,-0.013833992094861691,0.016233766233766267,0.034090909090909116,0.0,0.0,0.03863636363636369,0.036363636363636376,0.0,-0.013833992094861691,-0.04367201426024958,-0.008585858585858586,-0.03771760154738879,0.046620046620046596,0.0,0.024891774891774965,0.0645933014354067
-0.03205128205128205,1.0,-0.06837606837606841,-0.016666666666666607,-0.05494505494505486,0.014170040485830038,-0.025015634771732354,-0.03126954346466537,-0.02751719824890564,-0.007692307692307665,-0.04709576138147564,-0.054626532887402435,-0.01751094434021261,-0.011926058437686349,-0.008741258741258737,0.015519568151147078,-0.012507817385866177,-0.009615384615384581,-0.011655011655011649,-0.01751094434021261,0.0,-0.025641025641025605,0.006747638326585703,0.0,-0.054626532887402435,-0.08372579801151225,-0.06837606837606841,-0.027350427350427364,-0.01669648181276087,-0.05072463768115937,-0.05237315875613746,0.014957264957264987,0.009702009702009712,-0.02747252747252743,-0.02380952380952378,0.011470985155195679,-0.004487179487179471,-0.007692307692307665,0.008771929824561486,-0.06633221850613158,0.019230769230769273,-0.02747252747252743,-0.040792540792540743,-0.018315018315018305,-0.025641025641025605,0.0,-0.021978021978021955,0.0,-0.040792540792540743,0.019230769230769273,-0.05769230769230771,-0.059630292188431744,-0.04395604395604391,-0.16289592760180993,-0.03252032520325199,0.012820512820512886,0.0,0.017543859649122973,-0.0437062937062937,-0.038461538461538464,0.008771929824561486,0.023504273504273532,-0.08895866038723182,-0.008755472170106304,-0.020512820512820523,0.001386001386001385,-0.022514071294559068,0.0,-0.042933810375670844,0.0,-0.020512820512820523,-0.06495726495726495,-0.0654664484451718,0.0,0.02564102564102566,-0.08173076923076922,-0.010989010989010978,-0.014652014652014655,0.004723346828610003,0.006930006930006921,-0.035778175313059046,0.0,-0.029137529137529122,-0.08173076923076922,-0.07023411371237454,-0.02930402930402931,-0.0038461538461538325,-0.017482517482517473,-0.05244755244755239,-0.008333333333333304,-0.0064102564102563875,-0.03496503496503495,-0.04682274247491641,-0.06033182503770737,-0.04444444444444445,-0.05673758865248224,0.0,-0.040792540792540743,-0.018315018315018305,0.005398110661268579
0.008080808080808133,0.06837606837606841,1.0,0.05277777777777781,0.0365079365079366,0.1105263157894738,0.03252032520325199,0.054200542005420016,0.04986449864498643,0.01944444444444446,-0.012698412698412681,-0.005314009661835706,0.02168021680216803,0.009302325581395349,0.007070707070707116,0.08187134502923982,0.02168021680216803,0.050000000000000044,0.004040404040404066,0.026016260162601612,0.03760683760683764,0.01904761904761909,0.06549707602339189,0.03076923076923077,-0.0033816425120772875,-0.02176870748299317,0.0,0.0,0.01136950904392764,-0.008695652173912993,-0.014184397163120532,0.03888888888888892,0.05285285285285285,0.0317460317460318,0.014285714285714318,0.057309941520467866,0.025000000000000022,0.030555555555555614,0.012280701754385975,-0.006280193236714915,0.050000000000000044,0.023809523809523836,0.005050505050505083,0.030158730158730218,0.012698412698412709,0.03760683760683764,0.0158730158730159,0.034188034188034205,0.007575757575757569,0.06111111111111117,-0.018055555555555547,0.027906976744186074,0.030158730158730218,-0.05228758169934633,0.0607046070460705,0.12690058479532174,0.06837606837606841,0.09005847953216384,0.005050505050505083,-0.016666666666666663,0.04502923976608192,0.033333333333333354,-0.03446712018140585,0.026016260162601612,0.0,0.038438438438438444,0.036856368563685626,0.03076923076923077,0.020671834625323016,0.07521367521367528,0.0,0.0,-0.020803782505910084,0.03760683760683764,0.06111111111111117,-0.016666666666666663,0.014285714285714318,0.025396825396825418,0.036842105263157926,0.038438438438438444,0.018604651162790697,0.03760683760683764,0.007575757575757569,-0.0222222222222222,-0.008695652173912993,0.026984126984127,0.01666666666666669,0.008080808080808133,0.009595959595959602,0.03611111111111115,0.013888888888888909,0.0025252525252525415,-0.003864734299516892,-0.026143790849673165,0.0,-0.01891252955082734,0.051282051282051266,0.006565656565656608,0.023809523809523836,0.04502923976608192
-0.04318181818181821,0.016666666666666607,-0.05277777777777781,1.0,-0.030952380952380953,0.019736842105263164,-0.008536585365853666,-0.0128048780487805,-0.009146341463414698,0.0,-0.04591836734693877,-0.03913043478260875,-0.005487804878048785,-0.0122093023255814,-0.020454545454545447,0.03421052631578958,-0.0036585365853658847,0.0,-0.022727272727272735,-0.00792682926829269,0.007692307692307665,-0.016666666666666663,0.01578947368421052,0.00512820512820511,-0.04565217391304349,-0.07806122448979597,-0.04444444444444451,-0.025000000000000022,-0.015697674418604673,-0.02934782608695652,-0.040957446808510656,0.025000000000000022,0.024324324324324298,-0.022619047619047594,-0.01904761904761909,0.019736842105263164,0.0,0.0,0.019736842105263164,-0.05217391304347829,0.03611111111111115,-0.021428571428571408,-0.03863636363636369,-0.020238095238095277,-0.021428571428571408,0.008974358974358942,-0.01428571428571429,0.007692307692307665,-0.036363636363636376,0.03888888888888892,-0.07083333333333336,-0.04011627906976756,-0.027380952380952395,-0.15637254901960784,-0.01097560975609757,0.02105263157894738,0.013461538461538414,0.03026315789473677,-0.036363636363636376,-0.050000000000000044,0.01052631578947369,0.025000000000000022,-0.06887755102040816,-0.006707317073170793,-0.027777777777777818,0.0060810810810810745,-0.012195121951219579,0.0038461538461538325,-0.03139534883720935,0.012820512820512775,-0.01666666666666669,-0.050000000000000044,-0.05585106382978722,0.008333333333333304,0.025000000000000022,-0.054166666666666696,-0.011904761904761918,-0.007142857142857145,0.011842105263157904,0.018243243243243223,-0.022674418604651192,0.01025641025641022,-0.02954545454545454,-0.07500000000000001,-0.048913043478260865,-0.022619047619047594,0.0,-0.02954545454545454,-0.034090909090909116,0.0,0.0,-0.0318181818181818,-0.05217391304347829,-0.05392156862745098,-0.050000000000000044,-0.07074468085106378,0.008974358974358942,-0.040909090909090895,-0.016666666666666663,0.01842105263157895
-0.016233766233766267,0.05494505494505486,-0.0365079365079366,0.030952380952380953,1.0,0.057644110275689164,0.011033681765389047,0.012775842044134622,0.012775842044134622,0.015476190476190477,-0.04081632653061226,-0.035196687370600444,0.008710801393728151,-0.004429678848283519,-0.007575757575757569,0.057644110275689164,0.007549361207897787,0.01785714285714285,-0.007575757575757569,0.008710801393728151,0.016483516483516453,0.0,0.022556390977443608,0.025641025641025605,-0.026915113871635588,-0.06122448979591838,-0.028571428571428636,-0.011111111111111127,-0.005537098560354392,-0.02898550724637683,-0.03292806484295846,0.035714285714285726,0.028957528957528927,0.0,0.0,0.045112781954887216,0.010714285714285704,0.013095238095238104,0.03007518796992481,-0.03933747412008287,0.03968253968253971,0.0,-0.018398268398268414,0.0,0.0,0.021978021978021955,0.0,0.02014652014652013,-0.019480519480519487,0.04365079365079366,-0.041666666666666685,-0.01439645625692143,0.0,-0.10924369747899154,0.014518002322880363,0.052631578947368474,0.038461538461538436,0.057644110275689164,-0.017316017316017285,-0.03869047619047622,0.03258145363408527,0.047619047619047616,-0.05442176870748294,0.005226480836236919,-0.0158730158730159,0.016087516087516074,0.015679442508710784,0.010989010989010978,-0.008305647840531616,0.032967032967032905,-0.011111111111111127,-0.0317460317460318,-0.03799392097264437,0.03479853479853473,0.051587301587301626,-0.0535714285714286,0.0,0.0,0.022556390977443608,0.028957528957528927,-0.009966777408637939,0.025641025641025605,-0.010822510822510817,-0.05059523809523808,-0.031055900621118016,0.0,0.013095238095238104,-0.007575757575757569,-0.020562770562770616,0.022619047619047594,0.015476190476190477,-0.011904761904761918,-0.024844720496894457,-0.05882352941176472,-0.023809523809523836,-0.03799392097264437,0.025641025641025605,-0.017316017316017285,0.0,0.02756892230576441
-0.0430622009569378,-0.014170040485830038,-0.1105263157894738,-0.019736842105263164,-0.057644110275689164,1.0,-0.03851091142490376,-0.04428754813863933,-0.0423620025673942,-0.01052631578947369,-0.0531686358754028,-0.06407322654462244,-0.02503209242618748,-0.0305997552019584,-0.03229665071770335,0.0,-0.02888318356867786,-0.02105263157894738,-0.0215311004784689,-0.03273427471116819,-0.008097165991902855,-0.03007518796992481,0.0,-0.008097165991902855,-0.04576659038901601,-0.1004296455424275,-0.05321637426900594,-0.0491228070175439,-0.03365973072215428,-0.07322654462242567,-0.05039193729003358,0.005847953216374269,0.0049786628733997085,-0.04010025062656647,-0.02506265664160401,0.0,-0.011842105263157904,-0.011842105263157904,0.0,-0.059496567505720854,0.010233918128654984,-0.03258145363408527,-0.028708133971291877,-0.02756892230576441,-0.020050125313283235,-0.006072874493927155,-0.022556390977443608,-0.005398110661268579,-0.06100478468899523,0.011695906432748537,-0.06578947368421056,-0.07037943696450433,-0.045112781954887216,-0.10732714138286897,-0.05584082156611059,0.0,-0.012820512820512886,0.0,-0.035885167464114825,-0.07127192982456149,0.0,0.00730994152046785,-0.11815252416756172,-0.01732991014120669,-0.032748538011695943,0.00640113798008532,-0.04043645699614895,-0.004723346828610003,-0.055079559363525155,-0.013495276653171406,-0.04502923976608192,-0.08187134502923982,-0.0957446808510638,-0.009446693657220007,0.017543859649122806,-0.09868421052631582,-0.017543859649122806,-0.02756892230576441,0.0,0.004267425320056889,-0.052019583843329276,-0.008097165991902855,-0.0430622009569378,-0.0767543859649123,-0.06407322654462244,-0.03759398496240601,-0.011842105263157904,-0.04665071770334933,-0.07894736842105265,-0.019736842105263164,-0.006578947368421045,-0.025119617224880375,-0.027459954233409634,-0.06707946336429307,-0.036842105263157926,-0.06550951847704373,-0.006747638326585703,-0.04665071770334933,-0.04010025062656647,0.0
-0.019955654101995512,0.025015634771732354,-0.03252032520325199,0.008536585365853666,-0.011033681765389047,0.03851091142490376,1.0,0.0,0.0,0.006707317073170793,-0.08362369337979092,-0.05037115588547192,0.0,-0.012478729438457181,-0.011640798226164067,0.03273427471116819,0.0,0.01097560975609757,-0.009977827050997756,0.0,0.016260162601625994,-0.008130081300812997,0.02888318356867786,0.023764853033145683,-0.06362672322375396,-0.10751617720258833,-0.04769647696476964,-0.026016260162601612,-0.019285309132161088,-0.029162248144220526,-0.03425012973533986,0.02371273712737129,0.015820698747528034,-0.007549361207897787,-0.006968641114982521,0.02310654685494229,0.0030487804878048946,0.004878048780487837,0.0211810012836971,-0.05037115588547192,0.01693766937669379,-0.011614401858304257,-0.019955654101995512,-0.006387921022067311,-0.009291521486643417,0.007504690431519717,-0.004065040650406498,0.0050031269543464735,-0.026607538802660702,0.020325203252032548,-0.06758130081300812,-0.018150879183210455,-0.013937282229965042,-0.09564801530368239,0.0,0.03465982028241338,0.025015634771732354,0.030808729139923052,-0.03658536585365846,-0.06046747967479671,0.015404364569961526,0.027100271002710064,-0.05973120955699346,0.0,-0.019512195121951237,0.02373104812129201,0.0,0.008755472170106304,-0.018150879183210455,0.02126328955597251,-0.04769647696476964,-0.034688346883468835,-0.052932018681888904,0.022514071294559068,0.04403794037940384,-0.08892276422764223,-0.009291521486643417,-0.006387921022067311,0.01925545571245188,0.03427818061964405,-0.018150879183210455,0.012507817385866177,-0.02494456762749442,-0.07113821138211379,-0.05567338282078477,-0.006968641114982521,0.006097560975609789,-0.014966740576496662,-0.02827050997782704,0.006707317073170793,0.007317073170731769,-0.023281596452328135,-0.03181336161187698,-0.08608321377331418,-0.026016260162601612,-0.028022833419823534,0.006253908692933088,-0.01829268292682923,-0.007549361207897787,0.01732991014120669
-0.02161862527716185,0.03126954346466537,-0.054200542005420016,0.0128048780487805,-0.012775842044134622,0.04428754813863933,0.0,1.0,0.0,0.0030487804878048946,-0.05176704828272771,-0.03181336161187698,0.0,-0.0034032898468519535,-0.013303769401330351,0.03851091142490376,0.0,0.014634146341463539,-0.016629711751662946,0.0,0.006253908692933088,-0.005226480836236919,0.01925545571245188,0.010006253908692947,-0.034464475079533374,-0.07167745146839222,-0.036856368563685626,-0.02384823848238482,-0.006806579693703907,-0.034464475079533374,-0.05604566683964707,0.01693766937669379,0.018457481872116016,-0.010452961672473837,-0.005807200929152129,0.02310654685494229,0.0030487804878048946,0.005487804878048785,0.011553273427471145,-0.02651113467656413,0.020325203252032548,-0.007549361207897787,-0.019955654101995512,-0.006968641114982521,-0.009872241579558627,0.010006253908692947,-0.005226480836236919,0.008755472170106304,-0.02494456762749442,0.027100271002710064,-0.07825203252032514,-0.03176403857061827,-0.016840882694541093,-0.10999521759923475,0.0,0.04043645699614895,0.04252657911194502,0.05391527599486523,-0.01829268292682923,-0.035569105691056896,0.015404364569961526,0.020325203252032548,-0.07167745146839222,0.0,-0.010840108401084014,0.010547132498352013,0.0,0.006253908692933088,-0.02382302892796373,0.0337711069418386,-0.019512195121951237,-0.034688346883468835,-0.0622729631551634,0.015009380863039434,0.013550135501355032,-0.0533536585365853,-0.0029036004645760644,-0.004065040650406498,0.02310654685494229,0.018457481872116016,-0.015882019285309135,0.011257035647279534,-0.02494456762749442,-0.05691056910569103,-0.04241781548250262,-0.005807200929152129,0.0024390243902439185,-0.013303769401330351,-0.03658536585365846,0.006707317073170793,0.004878048780487837,-0.016629711751662946,-0.02120890774125131,-0.047824007651841194,-0.026016260162601612,-0.04670472236637252,0.007504690431519717,-0.016629711751662946,-0.007549361207897787,0.01732991014120669
-0.011640798226164067,0.02751719824890564,-0.04986449864498643,0.009146341463414698,-0.012775842044134622,0.0423620025673942,0.0,0.0,1.0,0.005487804878048785,-0.047784967645594784,-0.04241781548250262,0.0,-0.00567214974475326,-0.008314855875831473,0.02503209242618748,0.0,0.008536585365853666,-0.011640798226164067,0.0,0.007504690431519717,-0.006387921022067311,0.011553273427471145,0.015009380863039434,-0.029162248144220526,-0.05176704828272771,-0.034688346883468835,-0.02384823848238482,-0.007941009642654567,-0.03181336161187698,-0.04981837052413074,0.03387533875338758,0.03691496374423203,-0.005226480836236919,-0.007549361207897787,0.03658536585365857,0.006707317073170793,0.00792682926829269,0.02310654685494229,-0.034464475079533374,0.030487804878048808,-0.006387921022067311,-0.023281596452328135,-0.005226480836236919,-0.006387921022067311,0.010006253908692947,-0.006387921022067311,0.010006253908692947,-0.02161862527716185,0.030487804878048808,-0.05691056910569103,-0.027226318774815628,-0.012195121951219523,-0.09086561453849828,0.0,0.04428754813863933,0.02751719824890564,0.051989730423620095,-0.023281596452328135,-0.042682926829268275,0.02503209242618748,0.03387533875338758,-0.07565953210552512,0.0,-0.010840108401084014,0.021094264996704026,0.0,0.010006253908692947,-0.014747589336358502,0.02126328955597251,-0.02168021680216803,-0.041192411924119265,-0.04047742605085625,0.02126328955597251,0.027100271002710064,-0.0533536585365853,-0.004065040650406498,-0.006968641114982521,0.01925545571245188,0.03164139749505607,-0.014747589336358502,0.016260162601625994,-0.019955654101995512,-0.03912601626016257,-0.03976670201484617,-0.008130081300812997,0.004878048780487837,-0.013303769401330351,-0.041574279379157364,0.009756097560975674,0.00792682926829269,-0.019955654101995512,-0.034464475079533374,-0.07173601147776176,-0.03035230352303525,-0.028022833419823534,0.012507817385866177,-0.019955654101995512,-0.006387921022067311,0.02503209242618748
-0.025000000000000022,0.007692307692307665,-0.01944444444444446,0.0,-0.015476190476190477,0.01052631578947369,-0.006707317073170793,-0.0030487804878048946,-0.005487804878048785,1.0,-0.1102040816326531,-0.07173913043478264,-0.012195121951219579,-0.029651162790697738,-0.025000000000000022,0.014473684210526305,-0.01097560975609757,0.0,-0.027272727272727282,-0.01036585365853665,0.007692307692307665,-0.01904761904761909,0.01052631578947369,0.012179487179487136,-0.08152173913043481,-0.09183673469387754,-0.03888888888888892,-0.03888888888888892,-0.033139534883720956,-0.03586956521739132,-0.03351063829787232,0.03611111111111115,0.02635135135135136,-0.008333333333333331,-0.015476190476190477,0.011842105263157904,0.0,0.0,0.025000000000000022,-0.07500000000000007,0.025000000000000022,-0.01428571428571429,-0.03863636363636369,-0.010714285714285704,-0.01428571428571429,0.0064102564102563875,-0.015476190476190477,0.005769230769230749,-0.022727272727272735,0.025000000000000022,-0.054166666666666696,-0.015697674418604673,-0.009523809523809545,-0.08088235294117646,-0.006097560975609789,0.009210526315789475,0.004487179487179471,0.01052631578947369,-0.047727272727272785,-0.07916666666666666,0.025000000000000022,0.05555555555555558,-0.06887755102040816,-0.00792682926829269,-0.03611111111111115,0.024324324324324298,-0.006707317073170793,0.007692307692307665,-0.0122093023255814,0.002564102564102555,-0.027777777777777818,-0.041666666666666685,-0.040957446808510656,0.014743589743589691,0.061111111111111116,-0.10833333333333339,-0.020238095238095277,-0.01904761904761909,0.009210526315789475,0.028378378378378366,-0.029651162790697738,0.005769230769230749,-0.02954545454545454,-0.07083333333333336,-0.06521739130434784,-0.01904761904761909,0.0,-0.0318181818181818,-0.018181818181818188,0.0,0.0,-0.040909090909090895,-0.07500000000000007,-0.0862745098039216,-0.04444444444444451,-0.029787234042553207,0.008974358974358942,-0.027272727272727282,-0.011904761904761918,0.01052631578947369
0.03014842300556586,0.04709576138147564,0.012698412698412681,0.04591836734693877,0.04081632653061226,0.0531686358754028,0.08362369337979092,0.05176704828272771,0.047784967645594784,0.1102040816326531,1.0,0.04392191659272393,0.07964161274265796,0.04841006169909823,0.03014842300556586,0.035445757250268536,0.07167745146839222,0.04591836734693877,0.03710575139146566,0.06769537083125932,0.04186289900575613,0.05782312925170069,0.05907626208378086,0.1151229722658294,0.04392191659272393,0.0,0.019954648526077062,0.019954648526077062,0.04271476032273369,0.013309671694764852,0.014763352149370412,0.08843537414965988,0.07942636514065085,0.02721088435374147,0.05442176870748294,0.041353383458646614,0.04591836734693877,0.06887755102040816,0.12406015037593987,0.030612244897959162,0.07369614512471656,0.044217687074829926,0.04638218923933207,0.04081632653061226,0.06122448979591838,0.04186289900575613,0.04081632653061226,0.04186289900575613,0.03478664192949904,0.06632653061224492,0.009778911564625847,0.01993355481727574,0.044217687074829926,-0.014405762304921965,0.023892483822797392,0.047261009667024706,0.08372579801151225,0.0531686358754028,0.06261595547309828,0.011054421768707412,0.1004296455424275,0.13265306122448983,0.0,0.047784967645594784,0.02176870748299317,0.09928295642581353,0.07565953210552512,0.07326007326007322,0.01993355481727574,0.03663003663003661,0.03083900226757369,0.029024943310657525,0.007815892314372574,0.12558869701726844,0.11054421768707484,0.011904761904761862,0.05782312925170069,0.044217687074829926,0.07679914070891519,0.12575841147269717,0.02847650688182246,0.0575614861329147,0.03478664192949904,0.007653061224489777,0.02395740905057675,0.03741496598639457,0.07346938775510203,0.03246753246753248,0.023191094619666036,0.05510204081632655,0.07806122448979597,0.05797773654916516,0.037267080745341574,-0.02080832332933169,0.03265306122448974,0.008684324793747283,0.0575614861329147,0.03014842300556586,0.044217687074829926,0.06498388829215898
0.010869565217391297,0.054626532887402435,0.005314009661835706,0.03913043478260875,0.035196687370600444,0.06407322654462244,0.05037115588547192,0.03181336161187698,0.04241781548250262,0.07173913043478264,-0.04392191659272393,1.0,0.06627783669141041,0.02881698685540951,0.010869565217391297,0.03203661327231122,0.04772004241781547,0.026086956521739146,0.013833992094861691,0.03976670201484617,0.042920847268673346,0.03933747412008287,0.036613272311212836,0.11705685618729089,0.0,-0.04392191659272393,0.004830917874396101,0.005797101449275366,0.02123356926188069,0.0,-0.0050878815911193365,0.07246376811594207,0.04759106933019974,0.0082815734989648,0.0331262939958592,0.036613272311212836,0.02934782608695652,0.042391304347826064,0.08695652173913049,0.0,0.03623188405797104,0.031055900621118016,0.01976284584980237,0.022774327122153215,0.0331262939958592,0.027313266443701217,0.020703933747412,0.023411371237458206,0.012845849802371523,0.04830917874396137,-0.014492753623188415,0.018200202224469164,0.02898550724637683,-0.044757033248081834,0.034464475079533374,0.05491990846681927,0.042920847268673346,0.04576659038901601,0.028656126482213495,-0.026268115942028936,0.09610983981693372,0.11473429951690828,-0.030612244897959162,0.034464475079533374,0.00724637681159418,0.09518213866039948,0.05037115588547192,0.054626532887402435,0.013650151668351845,0.023411371237458206,0.008212560386473444,0.010628019323671412,-0.006012950971322872,0.12095875139353396,0.13888888888888895,-0.029891304347826053,0.035196687370600444,0.03726708074534163,0.04118993135011442,0.08460634547591067,0.02730030333670369,0.03511705685618727,0.009881422924901184,-0.016304347826086973,0.0,0.024844720496894457,0.042391304347826064,0.012845849802371523,0.009881422924901184,0.05217391304347829,0.048913043478260865,0.022727272727272707,0.0,-0.044757033248081834,0.010144927536231862,-0.005550416281221049,0.054626532887402435,0.011857707509881465,0.026915113871635588,0.05491990846681927
-0.009977827050997756,0.01751094434021261,-0.02168021680216803,0.005487804878048785,-0.008710801393728151,0.02503209242618748,0.0,0.0,0.0,0.012195121951219579,-0.07964161274265796,-0.06627783669141041,1.0,-0.018150879183210455,-0.013303769401330351,0.01732991014120669,0.0,0.0024390243902439185,-0.014966740576496662,0.0,0.011257035647279534,-0.008710801393728151,0.00962772785622594,0.023764853033145683,-0.04772004241781547,-0.07565953210552512,-0.019512195121951237,-0.026016260162601612,-0.01134429948950652,-0.03976670201484617,-0.02490918526206537,0.04403794037940384,0.010547132498352013,-0.0029036004645760644,-0.008130081300812997,0.02503209242618748,0.004878048780487837,0.005487804878048785,0.026957637997432615,-0.05302226935312826,0.01693766937669379,-0.005807200929152129,-0.02161862527716185,-0.0029036004645760644,-0.0046457607433217085,0.007504690431519717,-0.0046457607433217085,0.006253908692933088,-0.013303769401330351,0.013550135501355032,-0.03912601626016257,-0.015882019285309135,-0.006387921022067311,-0.09086561453849828,0.0,0.01732991014120669,0.012507817385866177,0.0211810012836971,-0.034922394678492286,-0.07113821138211379,0.04428754813863933,0.10162601626016277,-0.10751617720258833,0.0,-0.026016260162601612,0.03955174686882007,0.0,0.020012507817385894,-0.014747589336358502,0.007504690431519717,-0.02384823848238482,-0.036856368563685626,-0.021795537104307205,0.026266416510318913,0.07113821138211385,-0.08892276422764223,-0.008710801393728151,-0.010452961672473837,0.01925545571245188,0.03691496374423203,-0.020419739081111776,0.010006253908692947,-0.013303769401330351,-0.042682926829268275,-0.037115588547189826,-0.006387921022067311,0.006097560975609789,-0.013303769401330351,-0.01829268292682923,0.007317073170731769,0.006707317073170793,-0.02494456762749442,-0.05037115588547192,-0.047824007651841194,-0.02384823848238482,-0.01556824078879085,0.007504690431519717,-0.013303769401330351,-0.004065040650406498,0.013478818998716308
-0.007928118393234651,0.011926058437686349,-0.009302325581395349,0.0122093023255814,0.004429678848283519,0.0305997552019584,0.012478729438457181,0.0034032898468519535,0.00567214974475326,0.029651162790697738,-0.04841006169909823,-0.02881698685540951,0.018150879183210455,1.0,-0.013213530655390993,0.01835985312117505,0.02155416903006241,0.008720930232558155,-0.014270613107822405,0.014747589336358502,0.05485986881335725,0.008859357696567038,0.0305997552019584,0.042933810375670844,-0.024266936299292163,-0.05125771238728044,-0.010335917312661508,-0.018604651162790697,0.0,-0.03185035389282104,-0.015833745670460142,0.06330749354005172,0.04148334380892521,0.0049833887043189695,0.007198228128460715,0.021419828641370875,0.03488372093023262,0.022674418604651192,0.03977968176254598,-0.019716885743174872,0.05878552971576234,0.005537098560354392,-0.0068710359408033495,0.0049833887043189695,0.0033222591362126463,0.03816338700059635,0.009413067552602461,0.035778175313059046,-0.005285412262156425,0.05878552971576234,-0.036337209302325535,0.0,0.0022148394241417596,-0.03647970816233467,0.010209869540555888,0.024479804161566754,0.011926058437686349,0.012239902080783377,-0.0068710359408033495,-0.05329457364341078,0.052019583843329276,0.05878552971576234,-0.05410536307546271,0.030629608621667637,-0.02997416020671828,0.0980515399120051,0.01134429948950652,0.05247465712582,0.0,0.009540846750149087,-0.027906976744186074,-0.01757105943152454,-0.027709054923305276,0.03339296362552174,0.08139534883720939,-0.04844961240310075,0.013289036544850585,0.01218161683277974,0.024479804161566754,0.05279698302954117,0.0,0.035778175313059046,-0.004756871035940774,-0.03391472868217055,-0.02730030333670369,0.008859357696567038,0.029651162790697738,-0.010042283298097254,-0.0036997885835095,0.0244186046511628,0.026162790697674465,-0.008456659619450246,-0.019716885743174872,-0.0656634746922024,-0.012403100775193798,-0.025729836714497745,0.03816338700059635,-0.008985200845665953,0.006644518272425293,0.04283965728274175
0.0,0.008741258741258737,-0.007070707070707116,0.020454545454545447,0.007575757575757569,0.03229665071770335,0.011640798226164067,0.013303769401330351,0.008314855875831473,0.025000000000000022,-0.03014842300556586,-0.010869565217391297,0.013303769401330351,0.013213530655390993,1.0,0.03229665071770335,0.02827050997782704,0.025000000000000022,0.0,0.019955654101995512,0.0641025641025641,0.014069264069264065,0.0645933014354067,0.029137529137529122,-0.010869565217391297,-0.023191094619666036,-0.006565656565656608,-0.00909090909090915,0.011627906976744096,-0.021739130434782594,-0.026112185686653744,0.08080808080808083,0.06449631449631449,0.018398268398268414,0.015151515151515138,0.03229665071770335,0.050000000000000044,0.027272727272727282,0.0430622009569378,-0.010869565217391297,0.07070707070707072,0.010822510822510817,0.0,0.015151515151515138,0.010822510822510817,0.04953379953379955,0.020562770562770616,0.055361305361305346,0.0,0.0757575757575758,-0.034090909090909116,0.006342494714587699,0.008658008658008642,-0.015597147950089124,0.009977827050997756,0.028708133971291877,0.023310023310023298,0.014354066985645939,0.0,-0.034090909090909116,0.03947368421052633,0.03535353535353536,-0.03246753246753248,0.029933481152993324,-0.011616161616161635,0.11609336609336607,0.011640798226164067,0.0611888111888112,0.008456659619450246,0.03496503496503495,-0.011616161616161635,-0.007070707070707116,-0.026112185686653744,0.029137529137529122,0.05555555555555558,-0.017045454545454558,0.020562770562770616,0.020562770562770616,0.057416267942583754,0.06019656019656017,0.006342494714587699,0.046620046620046596,0.0,-0.034090909090909116,-0.012845849802371523,0.016233766233766267,0.040909090909090895,0.0,0.0,0.018181818181818188,0.036363636363636376,0.0,-0.010869565217391297,-0.07174688057040995,-0.007575757575757569,-0.026112185686653744,0.0437062937062937,0.0,0.018398268398268414,0.05023923444976075
-0.0645933014354067,-0.015519568151147078,-0.08187134502923982,-0.03421052631578958,-0.057644110275689164,0.0,-0.03273427471116819,-0.03851091142490376,-0.02503209242618748,-0.014473684210526305,-0.035445757250268536,-0.03203661327231122,-0.01732991014120669,-0.01835985312117505,-0.03229665071770335,1.0,-0.02503209242618748,-0.02894736842105261,-0.028708133971291877,-0.02503209242618748,-0.006747638326585703,-0.03258145363408527,0.0,-0.004723346828610003,-0.05491990846681927,-0.05907626208378086,-0.07368421052631585,-0.032748538011695943,-0.027539779681762577,-0.04118993135011442,-0.07558790593505038,0.013157894736842118,0.00782361308677093,-0.06766917293233088,-0.03508771929824561,0.0,-0.011842105263157904,-0.011842105263157904,0.0,-0.04576659038901601,0.013157894736842118,-0.047619047619047616,-0.05382775119617228,-0.042606516290726815,-0.04010025062656647,-0.007422402159244279,-0.042606516290726815,-0.008771929824561486,-0.05023923444976075,0.016081871345029253,-0.0932017543859649,-0.07037943696450433,-0.057644110275689164,-0.16769865841073273,-0.03851091142490376,0.0,-0.013495276653171406,0.0,-0.0430622009569378,-0.04385964912280704,0.0,0.0146198830409357,-0.09452201933404941,-0.011553273427471145,-0.04502923976608192,0.0021337126600284445,-0.02888318356867786,-0.004723346828610003,-0.06425948592411268,-0.015519568151147078,-0.02456140350877195,-0.06549707602339189,-0.10078387458006716,-0.006747638326585703,0.0146198830409357,-0.06578947368421056,-0.015037593984962405,-0.012531328320802004,0.0,0.0056899004267425,-0.04283965728274175,-0.007422402159244279,-0.04665071770334933,-0.12609649122807015,-0.06407322654462244,-0.03759398496240601,-0.011842105263157904,-0.035885167464114825,-0.05023923444976075,-0.014473684210526305,-0.01315789473684209,-0.03229665071770335,-0.027459954233409634,-0.04024767801857586,-0.0491228070175439,-0.09070548712206045,-0.006072874493927155,-0.04665071770334933,-0.03508771929824561,0.0
-0.011640798226164067,0.012507817385866177,-0.02168021680216803,0.0036585365853658847,-0.007549361207897787,0.02888318356867786,0.0,0.0,0.0,0.01097560975609757,-0.07167745146839222,-0.04772004241781547,0.0,-0.02155416903006241,-0.02827050997782704,0.02503209242618748,1.0,0.006707317073170793,-0.026607538802660702,0.0,0.020012507817385894,-0.011033681765389047,0.0423620025673942,0.020012507817385894,-0.04506892895015907,-0.07565953210552512,-0.034688346883468835,-0.036856368563685626,-0.024957458876914362,-0.04772004241781547,-0.03425012973533986,0.03387533875338758,0.02900461437046803,-0.009291521486643417,-0.009291521486643417,0.011553273427471145,0.008536585365853666,0.005487804878048785,0.0211810012836971,-0.04241781548250262,0.027100271002710064,-0.006387921022067311,-0.016629711751662946,-0.005807200929152129,-0.004065040650406498,0.016260162601625994,-0.009291521486643417,0.01876172607879928,-0.02161862527716185,0.027100271002710064,-0.042682926829268275,-0.013613159387407814,-0.005807200929152129,-0.0526064084170253,0.0,0.01732991014120669,0.010006253908692947,0.015404364569961526,-0.02161862527716185,-0.07113821138211379,0.03658536585365857,0.060975609756097615,-0.08362369337979092,0.0,-0.039024390243902474,0.05273566249176004,0.0,0.023764853033145683,-0.017016449234259767,0.012507817385866177,-0.036856368563685626,-0.041192411924119265,-0.04670472236637252,0.016260162601625994,0.0745257452574527,-0.08536585365853655,-0.009872241579558627,-0.011614401858304257,0.01732991014120669,0.03164139749505607,-0.019285309132161088,0.012507817385866177,-0.019955654101995512,-0.05691056910569103,-0.037115588547189826,-0.006968641114982521,0.009146341463414698,-0.01829268292682923,-0.01829268292682923,0.006097560975609789,0.004878048780487837,-0.014966740576496662,-0.023860021208907733,-0.07173601147776176,-0.013008130081300806,-0.021795537104307205,0.007504690431519717,-0.023281596452328135,-0.007549361207897787,0.01925545571245188
-0.036363636363636376,0.009615384615384581,-0.050000000000000044,0.0,-0.01785714285714285,0.02105263157894738,-0.01097560975609757,-0.014634146341463539,-0.008536585365853666,0.0,-0.04591836734693877,-0.026086956521739146,-0.0024390243902439185,-0.008720930232558155,-0.025000000000000022,0.02894736842105261,-0.006707317073170793,1.0,-0.027272727272727282,-0.009146341463414698,0.0038461538461538325,-0.009523809523809545,0.023684210526315808,0.005769230769230749,-0.026086956521739146,-0.07806122448979597,-0.04444444444444451,-0.03611111111111115,-0.015697674418604673,-0.03913043478260875,-0.06702127659574464,0.022222222222222227,0.012162162162162149,-0.03452380952380951,-0.009523809523809545,0.01315789473684209,0.0,0.0,0.0026315789473684223,-0.019565217391304374,0.008333333333333331,-0.01428571428571429,-0.0159090909090909,-0.023809523809523836,-0.020238095238095277,0.0032051282051281937,-0.011904761904761918,0.0038461538461538325,-0.025000000000000022,0.013888888888888895,-0.11250000000000004,-0.04011627906976756,-0.030952380952380953,-0.10784313725490197,-0.009756097560975674,0.02105263157894738,0.016666666666666607,0.022368421052631537,-0.025000000000000022,-0.037500000000000006,0.00394736842105263,0.005555555555555557,-0.06428571428571428,-0.0024390243902439185,-0.027777777777777818,0.0060810810810810745,-0.00792682926829269,0.004487179487179471,-0.04709302325581399,0.02115384615384608,-0.030555555555555614,-0.03888888888888892,-0.11542553191489358,0.004487179487179471,0.011111111111111113,-0.054166666666666696,-0.004761904761904773,-0.011904761904761918,0.022368421052631537,0.024324324324324298,-0.0244186046511628,0.0038461538461538325,-0.04545454545454547,-0.08750000000000002,-0.03260869565217392,-0.007142857142857145,0.0,-0.013636363636363641,-0.036363636363636376,0.0,0.0,-0.018181818181818188,-0.009782608695652187,-0.048529411764705876,-0.030555555555555614,-0.06702127659574464,0.0032051282051281937,-0.018181818181818188,-0.010714285714285704,0.006578947368421045
0.0,0.011655011655011649,-0.004040404040404066,0.022727272727272735,0.007575757575757569,0.0215311004784689,0.009977827050997756,0.016629711751662946,0.011640798226164067,0.027272727272727282,-0.03710575139146566,-0.013833992094861691,0.014966740576496662,0.014270613107822405,0.0,0.028708133971291877,0.026607538802660702,0.027272727272727282,1.0,0.011640798226164067,0.046620046620046596,0.010822510822510817,0.035885167464114825,0.037878787878787845,-0.013833992094861691,-0.03478664192949904,-0.0060606060606061,-0.006565656565656608,0.011099365750528556,-0.01976284584980237,-0.024661508704061863,0.08585858585858591,0.0558968058968059,0.015151515151515138,0.012987012987012991,0.0215311004784689,0.02954545454545454,0.022727272727272735,0.035885167464114825,-0.009881422924901184,0.050505050505050525,0.008658008658008642,0.0,0.009740259740259744,0.014069264069264065,0.037878787878787845,0.018398268398268414,0.0437062937062937,0.0,0.050505050505050525,-0.04734848484848486,0.0036997885835095,0.011904761904761918,-0.037433155080213915,0.009977827050997756,0.014354066985645939,0.029137529137529122,0.014354066985645939,0.0,-0.034090909090909116,0.05023923444976075,0.040404040404040414,-0.03710575139146566,0.03325942350332589,-0.014141414141414232,0.0988943488943489,0.013303769401330351,0.06701631701631705,0.007928118393234651,0.029137529137529122,-0.0121212121212122,-0.007070707070707116,-0.026112185686653744,0.023310023310023298,0.06565656565656569,-0.024621212121212155,0.021645021645021634,0.018398268398268414,0.057416267942583754,0.06019656019656017,0.006342494714587699,0.03205128205128205,0.0,-0.022727272727272763,-0.015810276679841917,0.011904761904761918,0.027272727272727282,0.0,0.0,0.0159090909090909,0.036363636363636376,0.0,-0.010869565217391297,-0.05614973262032086,-0.007575757575757569,-0.023210831721470038,0.03496503496503495,0.0,0.009740259740259744,0.03229665071770335
-0.023281596452328135,0.01751094434021261,-0.026016260162601612,0.00792682926829269,-0.008710801393728151,0.03273427471116819,0.0,0.0,0.0,0.01036585365853665,-0.06769537083125932,-0.03976670201484617,0.0,-0.014747589336358502,-0.019955654101995512,0.02503209242618748,0.0,0.009146341463414698,-0.011640798226164067,1.0,0.025015634771732354,-0.007549361207897787,0.02888318356867786,0.01876172607879928,-0.03976670201484617,-0.07565953210552512,-0.045528455284552904,-0.045528455284552904,-0.02382302892796373,-0.029162248144220526,-0.03425012973533986,0.040650406504065095,0.03691496374423203,-0.008130081300812997,-0.008130081300812997,0.02503209242618748,0.00792682926829269,0.00792682926829269,0.02503209242618748,-0.04506892895015907,0.030487804878048808,-0.009291521486643417,-0.019955654101995512,-0.008710801393728151,-0.008710801393728151,0.012507817385866177,-0.006387921022067311,0.012507817385866177,-0.03159645232815966,0.04403794037940384,-0.05691056910569103,-0.012478729438457181,-0.009872241579558627,-0.07651841224294592,0.0,0.030808729139923052,0.01876172607879928,0.02503209242618748,-0.02494456762749442,-0.06402439024390244,0.01732991014120669,0.020325203252032548,-0.03982080637132898,0.0,-0.02384823848238482,0.02900461437046803,0.0,0.006253908692933088,-0.017016449234259767,0.02126328955597251,-0.04336043360433606,-0.02818428184281846,-0.05604566683964707,0.022514071294559068,0.040650406504065095,-0.07113821138211379,-0.009872241579558627,-0.006968641114982521,0.02310654685494229,0.03691496374423203,-0.018150879183210455,0.02126328955597251,-0.034922394678492286,-0.07469512195121952,-0.04506892895015907,-0.010452961672473837,0.009756097560975674,-0.026607538802660702,-0.041574279379157364,0.009756097560975674,0.009146341463414698,-0.019955654101995512,-0.03181336161187698,-0.1004304160688666,-0.02818428184281846,-0.04047742605085625,0.015009380863039434,-0.03325942350332589,-0.011033681765389047,0.02503209242618748
