0,1,2,3,4,5,6,7,8,9,10,11,12,13,14,15,16,17,18,19,20,21,22,23,24,25,26,27,28,29,30,31,32,33,34,35,36,37,38,39,40,41,42,43,44,45,46,47,48,49,50,51,52,53,54,55,56,57,58,59,60,61,62,63,64,65,66,67,68,69,70,71,72,73,74,75,76,77,78,79,80,81,82,83,84,85,86,87,88,89,90,91,92,93,94,95,96,97,98,99
1.0,-0.013613159387407814,-0.03325942350332589,-0.08130081300813002,0.01751094434021261,-0.06402439024390244,-0.03035230352303525,0.03465982028241338,-0.05973120955699346,-0.04979674796747968,-0.037115588547189826,-0.03035230352303525,0.0,0.0,-0.02268859897901304,-0.08406850025947066,0.009756097560975674,-0.023860021208907733,-0.0533536585365853,-0.06585365853658531,-0.005226480836236919,0.030808729139923052,0.008536585365853666,-0.010840108401084014,-0.015882019285309135,-0.04390243902439023,0.03344947735191639,0.0,0.016260162601625994,-0.02384823848238482,0.05420054200542013,0.04428754813863933,-0.030629608621667637,0.03164139749505607,-0.03976670201484617,-0.037115588547189826,0.0,0.0853658536585366,-0.04241781548250262,-0.008710801393728151,0.0,0.007504690431519717,0.007317073170731769,0.01925545571245188,-0.034688346883468835,0.015404364569961526,-0.009075439591605228,0.02126328955597251,0.0853658536585366,0.02900461437046803,-0.039024390243902474,-0.02494456762749442,-0.009075439591605228,-0.019512195121951237,0.00792682926829269,0.0,0.007317073170731769,0.0,-0.011640798226164067,-0.013613159387407814,0.010162601626016274,0.018457481872116016,-0.017016449234259767,-0.008710801393728151,-0.017344173441734417,-0.046239837398374006,-0.02818428184281846,-0.013303769401330351,-0.0046457607433217085,0.0211810012836971,-0.01590668080593849,0.006707317073170793,-0.01829268292682923,0.007702182284980763,-0.004988913525498878,0.011553273427471145,-0.006968641114982521,-0.02489837398373984,0.0,-0.05574912891986061,-0.015176151761517626,-0.05574912891986061,0.05420054200542013,-0.034688346883468835,-0.042682926829268275,-0.06191369606003752,-0.015882019285309135,0.0,0.006707317073170793,-0.018557794273594913,-0.0023228803716608543,0.0,-0.0029036004645760644,0.0,-0.03825920612147296,0.01375859912445282,-0.026016260162601612,-0.011614401858304257,0.02126328955597251,0.0
0.013613159387407814,1.0,-0.008985200845665953,-0.13497492020063828,0.05247465712582,-0.031492248062015504,-0.019638242894056857,0.03365973072215428,-0.04271476032273369,-0.043604651162790664,-0.019716885743174872,-0.013436692506459957,0.014747589336358502,0.012478729438457181,0.0,-0.045522018802572894,0.0122093023255814,-0.009100101112234582,-0.016957364341085274,-0.03581395348837205,0.006644518272425293,0.01835985312117505,0.006976744186046532,-0.013436692506459957,0.0,-0.045581395348837206,0.06910299003322262,0.01134429948950652,0.031007751937984496,-0.018604651162790697,0.040697674418604696,0.021419828641370875,0.0,0.015084852294154627,-0.015166835187057609,-0.0227502527805864,0.018150879183210455,0.055403556771545875,-0.02881698685540951,0.012735326688815163,0.017016449234259767,0.03339296362552174,0.020930232558139583,0.0367197062423501,-0.02273901808785528,0.055079559363525155,0.0,0.028622540250447248,0.06155950752393985,0.05656819610307984,-0.00826873385012919,-0.008985200845665953,0.0,-0.025839793281653645,0.02790697674418613,0.012478729438457181,0.033139534883720956,0.010209869540555888,-0.006342494714587699,0.0,0.03165374677002586,0.02262727844123194,0.0,0.00609080841638987,-0.018604651162790697,-0.04602713178294571,-0.01136950904392764,-0.0015856236786469247,0.004429678848283519,0.027539779681762577,-0.016683518705763345,0.006976744186046532,-0.0026427061310782124,0.03977968176254598,-0.004228329809725123,0.01835985312117505,0.007751937984496138,-0.03875968992248058,0.01134429948950652,-0.02562885619364022,-0.00826873385012919,-0.04841006169909823,0.10400516795865644,-0.019638242894056857,-0.04118217054263562,-0.06842576028622538,0.0,0.009075439591605228,0.022674418604651192,-0.0227502527805864,0.005537098560354392,0.01134429948950652,0.008305647840531616,0.009075439591605228,-0.07295941632466935,0.0405485986881336,-0.026873385012919915,0.007198228128460715,0.011926058437686349,0.019285309132161088
0.03325942350332589,0.008985200845665953,1.0,-0.05614973262032086,0.05244755244755239,-0.045454545454545525,-0.005555555555555591,0.0645933014354067,-0.05102040816326531,-0.022727272727272763,-0.01679841897233203,-0.00909090909090915,0.02827050997782704,0.02494456762749442,0.009513742071881548,-0.023210831721470038,0.034090909090909116,-0.012845849802371523,-0.03219696969696967,-0.027272727272727282,0.018398268398268414,0.035885167464114825,0.022727272727272735,-0.004040404040404066,0.007399577167019,-0.04363636363636364,0.05844155844155843,0.016629711751662946,0.0437062937062937,-0.006565656565656608,0.040404040404040414,0.05023923444976075,0.007399577167019,0.02579852579852579,-0.008893280632411071,-0.008893280632411071,0.016629711751662946,0.06684491978609627,-0.014822134387351749,0.015151515151515138,0.011640798226164067,0.03205128205128205,0.022727272727272735,0.025119617224880375,-0.00909090909090915,0.0430622009569378,0.005285412262156425,0.029137529137529122,0.106951871657754,0.04729729729729726,-0.00909090909090915,0.0,0.007928118393234651,-0.008585858585858586,0.047727272727272785,0.039911308203991025,0.0318181818181818,0.02827050997782704,0.0,0.0068710359408033495,0.04545454545454547,0.06879606879606875,0.010042283298097254,0.020562770562770616,-0.009595959595959602,-0.03977272727272724,-0.008585858585858586,0.0,0.007575757575757569,0.03947368421052633,-0.011857707509881465,0.025000000000000022,0.0,0.03947368421052633,0.0,0.03229665071770335,0.014069264069264065,-0.028409090909090884,0.023281596452328135,-0.04174397031539889,-0.003535353535353558,-0.039424860853432275,0.08080808080808083,-0.007575757575757569,-0.028409090909090884,-0.048951048951049014,0.006342494714587699,0.011640798226164067,0.025000000000000022,-0.010869565217391297,0.011904761904761918,0.026607538802660702,0.011904761904761918,0.01829268292682923,-0.04367201426024958,0.03496503496503495,-0.009595959595959602,0.014069264069264065,0.037878787878787845,0.029933481152993324
0.08130081300813002,0.13497492020063828,0.05614973262032086,1.0,0.13273001508295623,0.01838235294117646,0.065359477124183,0.10061919504643962,0.012004801920768304,0.022058823529411742,0.02983802216538789,0.031372549019607815,0.07173601147776176,0.07651841224294592,0.0656634746922024,0.053400083437630363,0.05931372549019609,0.021312872975277064,0.012254901960784298,0.005490196078431375,0.05882352941176472,0.06037151702786378,0.0215686274509804,0.036601307189542465,0.06931144550843588,0.005490196078431375,0.09859943977591035,0.05738880918220943,0.08446455505279032,0.04705882352941171,0.1143790849673203,0.08720330237358104,0.0656634746922024,0.04451510333863275,0.02344416027280477,0.0341005967604433,0.09086561453849828,0.09803921568627452,0.044757033248081834,0.08403361344537813,0.07651841224294592,0.08446455505279032,0.0647058823529412,0.08720330237358104,0.065359477124183,0.12074303405572756,0.062015503875968936,0.07843137254901955,0.12745098039215685,0.11870694223635397,0.023529411764705854,0.06550802139037432,0.10214318285453716,0.08366013071895417,0.0862745098039216,0.06217120994739356,0.1294117647058824,0.03825920612147296,0.03119429590017825,0.05107159142726858,0.06535947712418302,0.04451510333863275,0.040127678978568115,0.050420168067226906,0.04967320261437902,0.028186274509803932,0.039215686274509776,0.018716577540106957,0.046218487394957986,0.10732714138286897,0.01705029838022165,0.0431372549019608,0.03119429590017825,0.06707946336429307,0.02807486631016043,0.046955624355005166,0.05882352941176472,0.01838235294117646,0.06695361071257772,0.008803521408563414,0.023529411764705854,0.014405762304921965,0.15522875816993464,0.05228758169934633,0.022058823529411742,-0.0075414781297134525,0.0656634746922024,0.03347680535628886,0.0862745098039216,0.0341005967604433,0.05462184873949577,0.05738880918220943,0.0672268907563025,0.0526064084170253,0.0,0.11463046757164397,0.05751633986928095,0.06302521008403361,0.06636500754147812,0.08608321377331418
-0.01751094434021261,-0.05247465712582,-0.05244755244755239,-0.13273001508295623,1.0,-0.10096153846153844,-0.03760683760683764,0.01214574898785431,-0.10465724751439032,-0.0913461538461538,-0.07023411371237454,-0.041025641025641046,-0.02126328955597251,-0.023764853033145683,-0.04531902206320809,-0.0654664484451718,-0.007051282051282026,-0.023411371237458206,-0.043269230769230754,-0.04512820512820512,-0.021978021978021955,0.008097165991902855,-0.004487179487179471,-0.020512820512820523,-0.03339296362552174,-0.06205128205128205,0.02637362637362639,-0.01751094434021261,0.0,-0.041025641025641046,0.027777777777777846,0.008771929824561486,-0.0405485986881336,0.00554400554400554,-0.031215161649944256,-0.015607580824972128,-0.010006253908692947,0.04147812971342385,-0.058528428093645446,-0.02930402930402931,-0.011257035647279534,0.0,-0.008333333333333304,0.008771929824561486,-0.04786324786324786,0.011470985155195679,-0.035778175313059046,0.0,0.03770739064856715,0.013860013860013842,-0.03760683760683764,-0.0641025641025641,-0.028622540250447248,-0.058119658119658135,-0.017948717948717885,-0.025015634771732354,-0.010897435897435859,-0.022514071294559068,-0.03496503496503495,-0.031007751937984496,0.019230769230769273,0.016632016632016633,-0.047704233750745395,-0.031135531135531136,-0.041025641025641046,-0.09615384615384615,-0.034188034188034205,-0.014568764568764561,-0.014652014652014655,0.0033738191632928516,-0.027313266443701217,-0.005769230769230749,-0.020396270396270372,0.006747638326585703,-0.023310023310023298,0.007422402159244279,-0.025641025641025605,-0.07211538461538458,-0.011257035647279534,-0.08895866038723182,-0.017094017094017103,-0.05232862375719516,0.027777777777777846,-0.041025641025641046,-0.028846153846153855,-0.051282051282051294,-0.019081693500298175,-0.012507817385866177,-0.0032051282051281937,-0.03901895206243031,-0.016483516483516453,-0.012507817385866177,-0.02380952380952378,-0.008755472170106304,-0.09653092006033182,0.0,-0.06495726495726495,-0.016483516483516453,0.0,-0.011257035647279534
0.06402439024390244,0.031492248062015504,0.045454545454545525,-0.01838235294117646,0.10096153846153844,1.0,0.02638888888888885,0.14254385964912297,-0.015306122448979553,0.0,0.022644927536231818,0.033333333333333326,0.08180894308943082,0.09247967479674801,0.055717054263565824,0.007535460992907805,0.0625,0.011775362318840632,0.0,-0.016666666666666663,0.0625,0.08771929824561409,0.05833333333333335,0.01944444444444443,0.043604651162790664,-0.01916666666666672,0.10833333333333334,0.0533536585365853,0.11538461538461542,0.01944444444444443,0.14583333333333337,0.10416666666666669,0.03875968992248058,0.061936936936936915,0.010869565217391297,0.009963768115942045,0.04979674796747968,0.15441176470588241,0.015398550724637639,0.041666666666666685,0.04979674796747968,0.06730769230769229,0.08333333333333337,0.11513157894736847,0.033333333333333326,0.12061403508771934,0.036337209302325535,0.07692307692307693,0.2230392156862746,0.12387387387387383,0.043055555555555514,0.04356060606060602,0.04118217054263562,0.01944444444444443,0.1166666666666667,0.11382113821138207,0.054166666666666696,0.09247967479674801,0.04356060606060602,0.06298449612403101,0.08333333333333337,0.11768018018018017,0.07267441860465107,0.07440476190476186,0.01944444444444443,0.0,0.027777777777777735,0.024621212121212155,0.023809523809523808,0.04934210526315791,0.013586956521739135,0.041666666666666685,0.041666666666666685,0.0767543859649123,0.022727272727272763,0.07127192982456149,0.059523809523809534,0.0,0.06046747967479671,-0.011479591836734637,0.008333333333333331,-0.007227891156462607,0.14583333333333337,0.0222222222222222,0.0,-0.01282051282051283,0.031492248062015504,0.03201219512195122,0.045833333333333365,0.009057971014492766,0.047619047619047616,0.0533536585365853,0.0535714285714286,0.07113821138211379,-0.019607843137254888,0.09615384615384615,0.031944444444444386,0.05059523809523808,0.0913461538461538,0.06758130081300812
0.03035230352303525,0.019638242894056857,0.005555555555555591,-0.065359477124183,0.03760683760683764,-0.02638888888888885,1.0,0.08187134502923982,-0.036281179138321906,-0.027777777777777735,-0.008695652173912993,0.0,0.041192411924119265,0.036856368563685626,0.013436692506459957,-0.023640661938534202,0.03888888888888892,-0.009178743961352653,-0.020833333333333315,-0.03999999999999998,0.01746031746031751,0.07777777777777783,0.03611111111111115,0.0,0.019638242894056857,-0.0377777777777778,0.09523809523809523,0.026016260162601612,0.04786324786324786,0.0,0.0944444444444445,0.06549707602339189,0.02273901808785528,0.07207207207207206,-0.009661835748792202,-0.009178743961352653,0.039024390243902474,0.12222222222222223,-0.010628019323671412,0.0365079365079366,0.05853658536585371,0.07521367521367528,0.07500000000000007,0.07777777777777783,0.0,0.09005847953216384,0.025839793281653645,0.07863247863247869,0.13660130718954255,0.11051051051051053,0.0,0.005555555555555591,0.019638242894056857,0.0,0.027777777777777818,0.019512195121951237,0.047222222222222276,0.02384823848238482,0.005555555555555591,0.013436692506459957,0.033333333333333354,0.043243243243243246,0.01136950904392764,0.014285714285714318,0.0,-0.016666666666666663,0.0,0.006565656565656608,0.020634920634920673,0.057309941520467866,-0.005314009661835706,0.022222222222222254,0.0060606060606061,0.04502923976608192,0.0060606060606061,0.028654970760233933,0.020634920634920673,-0.01944444444444443,0.03035230352303525,-0.023582766439909253,0.0,-0.023582766439909253,0.0722222222222223,0.0,-0.018055555555555547,-0.03589743589743591,0.014470284237726116,0.008672086720867209,0.03611111111111115,-0.003864734299516892,0.01904761904761909,0.026016260162601612,0.01904761904761909,0.045528455284552904,-0.0444444444444444,0.04786324786324786,0.0,0.01904761904761909,0.04786324786324786,0.03035230352303525
-0.03465982028241338,-0.03365973072215428,-0.0645933014354067,-0.10061919504643962,-0.01214574898785431,-0.14254385964912297,-0.08187134502923982,1.0,-0.15950590762620842,-0.12061403508771934,-0.11441647597254012,-0.08596491228070186,-0.0423620025673942,-0.04043645699614895,-0.06425948592411268,-0.07558790593505038,-0.02105263157894738,-0.09153318077803202,-0.0932017543859649,-0.08842105263157896,-0.03759398496240601,0.0,-0.01578947368421052,-0.05321637426900594,-0.055079559363525155,-0.09473684210526317,0.022556390977443608,-0.030808729139923052,-0.01214574898785431,-0.0491228070175439,0.020467836257309968,0.0,-0.03977968176254598,0.008534850640113778,-0.05491990846681927,-0.050343249427917625,-0.01925545571245188,0.037151702786377694,-0.07322654462242567,-0.03759398496240601,-0.026957637997432615,-0.010121457489878583,-0.022368421052631537,0.0,-0.06549707602339189,0.0,-0.03977968176254598,-0.011470985155195679,0.05263157894736842,0.009957325746799417,-0.07368421052631585,-0.06100478468899523,-0.03977968176254598,-0.012280701754385975,-0.02631578947368418,-0.03273427471116819,-0.01842105263157895,-0.0423620025673942,-0.0645933014354067,-0.04589963280293763,0.008771929824561403,0.008534850640113778,-0.055079559363525155,-0.03759398496240601,-0.04502923976608192,-0.0932017543859649,-0.057309941520467866,-0.04665071770334933,-0.017543859649122806,0.0,-0.04576659038901601,-0.01315789473684209,-0.05023923444976075,0.0,-0.028708133971291877,0.0,-0.03258145363408527,-0.06578947368421056,-0.02503209242618748,-0.11224489795918369,-0.016374269005847972,-0.0531686358754028,0.020467836257309968,-0.04093567251461991,-0.01644736842105264,-0.0354251012145749,-0.027539779681762577,-0.01732991014120669,-0.01052631578947369,-0.03203661327231122,-0.02756892230576441,-0.02503209242618748,-0.03258145363408527,-0.03273427471116819,-0.10732714138286897,-0.008097165991902855,-0.04093567251461991,-0.020050125313283235,-0.006072874493927155,-0.0211810012836971
0.05973120955699346,0.04271476032273369,0.05102040816326531,-0.012004801920768304,0.10465724751439032,0.015306122448979553,0.036281179138321906,0.15950590762620842,1.0,0.012329931972789088,0.037267080745341574,0.05260770975056683,0.11149825783972123,0.08760577401692377,0.0626483151400094,0.01563178462874515,0.07346938775510203,0.022626441881100245,0.009353741496598622,-0.008571428571428619,0.05782312925170069,0.1063372717508056,0.050510204081632676,0.03446712018140585,0.05695301376364492,-0.008571428571428619,0.13061224489795914,0.06371329019412636,0.12558869701726844,0.025396825396825362,0.14739229024943312,0.1004296455424275,0.03986710963455148,0.09266409266409265,0.018633540372670787,0.018633540372670787,0.06769537083125932,0.1710684273709484,0.0252883762200532,0.06462585034013607,0.08362369337979092,0.08372579801151225,0.09183673469387754,0.11224489795918369,0.04353741496598634,0.135875402792696,0.05695301376364492,0.08372579801151225,0.18007202881152462,0.15223386651958076,0.05260770975056683,0.05333951762523187,0.05410536307546271,0.025396825396825362,0.11479591836734693,0.11149825783972123,0.06428571428571428,0.12344449975111982,0.06029684601113172,0.07403891789273842,0.09580498866213155,0.13899613899613894,0.07403891789273842,0.07482993197278914,0.029024943310657525,0.008928571428571397,0.041723356009070234,0.03710575139146566,0.03061224489795919,0.047261009667024706,0.02395740905057675,0.050510204081632676,0.048701298701298634,0.1063372717508056,0.03246753246753248,0.08270676691729323,0.0680272108843537,0.008078231292517002,0.08362369337979092,0.0,0.014512471655328762,0.0,0.15476190476190477,0.029024943310657525,0.005527210884353706,-0.014128728414442737,0.03701945894636921,0.047784967645594784,0.05510204081632655,0.01996450754214729,0.06122448979591838,0.07167745146839222,0.0714285714285714,0.07964161274265796,-0.014405762304921965,0.09419152276295129,0.04535147392290251,0.044217687074829926,0.07849293563579274,0.08760577401692377
0.04979674796747968,0.043604651162790664,0.022727272727272763,-0.022058823529411742,0.0913461538461538,0.0,0.027777777777777735,0.12061403508771934,-0.012329931972789088,1.0,0.022644927536231818,0.033333333333333326,0.07469512195121952,0.06046747967479671,0.03875968992248058,0.007978723404255372,0.054166666666666696,0.012681159420289856,0.0,-0.013333333333333308,0.05059523809523808,0.10964912280701755,0.045833333333333365,0.027777777777777735,0.05813953488372092,-0.013333333333333308,0.07738095238095238,0.04979674796747968,0.08653846153846151,0.0111111111111111,0.11805555555555558,0.09868421052631582,0.04118217054263562,0.061936936936936915,0.010869565217391297,0.009057971014492766,0.0533536585365853,0.1115196078431373,0.012681159420289856,0.05654761904761907,0.04979674796747968,0.05288461538461539,0.07500000000000001,0.08771929824561409,0.023611111111111083,0.0932017543859649,0.02906976744186046,0.08173076923076922,0.12867647058823528,0.09290540540540537,0.031944444444444386,0.03598484848484845,0.043604651162790664,0.016666666666666663,0.07500000000000001,0.06046747967479671,0.07083333333333336,0.07825203252032514,0.051136363636363646,0.060562015503875855,0.07638888888888892,0.10529279279279274,0.03875968992248058,0.05059523809523808,0.015277777777777751,0.0,0.01944444444444443,0.022727272727272763,0.03273809523809526,0.03837719298245615,0.013586956521739135,0.041666666666666685,0.024621212121212155,0.09868421052631582,0.03030303030303033,0.08223684210526316,0.047619047619047616,0.0,0.06046747967479671,-0.009353741496598622,0.015277777777777751,-0.0051020408163265085,0.13194444444444448,0.020833333333333315,0.0,-0.019230769230769246,0.03391472868217055,0.03912601626016257,0.033333333333333354,0.009963768115942045,0.047619047619047616,0.06758130081300812,0.059523809523809534,0.06758130081300812,-0.029411764705882304,0.08653846153846151,0.027777777777777735,0.041666666666666685,0.06730769230769229,0.04979674796747968
0.037115588547189826,0.019716885743174872,0.01679841897233203,-0.02983802216538789,0.07023411371237454,-0.022644927536231818,0.008695652173912993,0.11441647597254012,-0.037267080745341574,-0.022644927536231818,1.0,0.01304347826086949,0.06627783669141041,0.07423117709437965,0.0455005055611728,-0.006012950971322872,0.04565217391304349,0.0,-0.019021739130434756,-0.026086956521739146,0.04554865424430643,0.08237986270022885,0.061956521739130466,0.008212560386473444,0.025783619817997983,-0.04347826086956519,0.08198757763975156,0.04772004241781547,0.08584169453734669,0.008212560386473444,0.09057971014492755,0.06864988558352403,0.02123356926188069,0.06345475910693305,0.0,0.0,0.029162248144220526,0.11508951406649615,0.0,0.035196687370600444,0.04772004241781547,0.0741360089186176,0.05543478260869572,0.08237986270022885,0.008212560386473444,0.09610983981693372,0.025783619817997983,0.058528428093645446,0.12276214833759591,0.0898942420681551,0.009661835748792202,0.017786561264822143,0.016683518705763345,0.002898550724637683,0.0782608695652175,0.05037115588547192,0.042391304347826064,0.05567338282078477,0.021739130434782594,0.03640040444893833,0.06642512077294688,0.0898942420681551,0.03640040444893833,0.043478260869565244,0.008695652173912993,-0.020833333333333315,0.008212560386473444,0.017786561264822143,0.0165631469979296,0.036613272311212836,0.0,0.03586956521739132,0.017786561264822143,0.04576659038901601,0.010869565217391297,0.06407322654462244,0.03726708074534163,-0.016304347826086973,0.02651113467656413,-0.027950310559006153,0.004347826086956497,-0.014640638864241357,0.09661835748792275,0.006280193236714915,-0.007246376811594207,-0.020066889632107038,0.016683518705763345,0.029162248144220526,0.03260869565217392,0.0,0.018633540372670815,0.023860021208907733,0.035196687370600444,0.05567338282078477,-0.04688832054560954,0.06633221850613158,0.008695652173912993,0.020703933747412,0.042920847268673346,0.03976670201484617
0.03035230352303525,0.013436692506459957,0.00909090909090915,-0.031372549019607815,0.041025641025641046,-0.033333333333333326,0.0,0.08596491228070186,-0.05260770975056683,-0.033333333333333326,-0.01304347826086949,1.0,0.05853658536585371,0.041192411924119265,0.021705426356589175,-0.01323877068557916,0.03888888888888892,-0.009178743961352653,-0.02916666666666662,-0.0377777777777778,0.03333333333333338,0.057309941520467866,0.03888888888888892,0.0,0.020671834625323016,-0.06444444444444442,0.10158730158730161,0.034688346883468835,0.06153846153846154,0.0,0.0722222222222223,0.07368421052631585,0.014470284237726116,0.05765765765765768,-0.00724637681159418,-0.005797101449275366,0.02168021680216803,0.12222222222222223,-0.008695652173912993,0.026984126984127,0.034688346883468835,0.04444444444444445,0.047222222222222276,0.05321637426900594,0.0,0.06140350877192985,0.01653746770025838,0.04444444444444445,0.07908496732026149,0.04804804804804805,0.0,0.006565656565656608,0.012403100775193798,0.0,0.04444444444444451,0.041192411924119265,0.01666666666666669,0.034688346883468835,0.012626262626262652,0.025839793281653645,0.0722222222222223,0.07207207207207206,0.020671834625323016,0.030158730158730218,0.0,-0.027777777777777735,0.0,0.008080808080808133,0.011111111111111127,0.020467836257309954,-0.008212560386473444,0.01944444444444446,0.009595959595959602,0.0491228070175439,0.007575757575757569,0.05321637426900594,0.026984126984127,-0.02638888888888885,0.034688346883468835,-0.04535147392290251,0.0,-0.018140589569160953,0.07777777777777783,0.0,-0.015277777777777751,-0.02692307692307691,0.010335917312661508,0.03035230352303525,0.022222222222222254,-0.005314009661835706,0.023809523809523836,0.034688346883468835,0.0317460317460318,0.039024390243902474,-0.0444444444444444,0.04786324786324786,0.0,0.01746031746031751,0.041025641025641046,0.02384823848238482
0.0,-0.014747589336358502,-0.02827050997782704,-0.07173601147776176,0.02126328955597251,-0.08180894308943082,-0.041192411924119265,0.0423620025673942,-0.11149825783972123,-0.07469512195121952,-0.06627783669141041,-0.05853658536585371,1.0,0.0,-0.024957458876914362,-0.05604566683964707,0.01097560975609757,-0.03976670201484617,-0.06402439024390244,-0.06585365853658531,-0.008710801393728151,0.030808729139923052,0.008536585365853666,-0.036856368563685626,-0.02268859897901304,-0.08341463414634148,0.07108013937282232,0.0,0.023764853033145683,-0.02818428184281846,0.06775067750677516,0.04043645699614895,-0.020419739081111776,0.03164139749505607,-0.05302226935312826,-0.037115588547189826,0.0,0.10545193687230991,-0.06627783669141041,-0.011033681765389047,0.0,0.016260162601625994,0.012195121951219579,0.030808729139923052,-0.045528455284552904,0.03851091142490376,-0.02382302892796373,0.022514071294559068,0.08034433285509329,0.04218852999340805,-0.045528455284552904,-0.02494456762749442,-0.013613159387407814,-0.017344173441734417,0.009146341463414698,0.0,0.004878048780487837,0.0,-0.023281596452328135,-0.02155416903006241,0.03387533875338758,0.03955174686882007,-0.02155416903006241,-0.009291521486643417,-0.019512195121951237,-0.05691056910569103,-0.02818428184281846,-0.01829268292682923,-0.0034843205574912606,0.0038510911424903815,-0.018557794273594913,0.0036585365853658847,-0.02494456762749442,0.011553273427471145,-0.013303769401330351,0.01732991014120669,-0.008130081300812997,-0.04979674796747968,0.0,-0.07964161274265796,-0.015176151761517626,-0.047784967645594784,0.04742547425474258,-0.026016260162601612,-0.03912601626016257,-0.02579737335834896,-0.01134429948950652,0.0,0.006707317073170793,-0.029162248144220526,-0.006968641114982521,0.0,-0.007549361207897787,0.0,-0.047824007651841194,0.01751094434021261,-0.039024390243902474,-0.007549361207897787,0.016260162601625994,0.0
0.0,-0.012478729438457181,-0.02494456762749442,-0.07651841224294592,0.023764853033145683,-0.09247967479674801,-0.036856368563685626,0.04043645699614895,-0.08760577401692377,-0.06046747967479671,-0.07423117709437965,-0.041192411924119265,0.0,1.0,-0.03630175836642091,-0.04981837052413074,0.009146341463414698,-0.034464475079533374,-0.07469512195121952,-0.05707317073170731,-0.011614401858304257,0.02503209242618748,0.011585365853658547,-0.017344173441734417,-0.014747589336358502,-0.05707317073170731,0.04599303135888505,0.0,0.026266416510318913,-0.039024390243902474,0.060975609756097615,0.03273427471116819,-0.020419739081111776,0.018457481872116016,-0.03181336161187698,-0.023860021208907733,0.0,0.09540889526542329,-0.05302226935312826,-0.008130081300812997,0.0,0.01751094434021261,0.01036585365853665,0.03273427471116819,-0.039024390243902474,0.03851091142490376,-0.014747589336358502,0.01876172607879928,0.08034433285509329,0.03955174686882007,-0.04336043360433606,-0.029933481152993324,-0.012478729438457181,-0.02168021680216803,0.011585365853658547,0.0,0.007317073170731769,0.0,-0.019955654101995512,-0.02382302892796373,0.020325203252032548,0.044825313117996035,-0.0328984685195689,-0.013937282229965042,-0.034688346883468835,-0.08892276422764223,-0.03252032520325199,-0.026607538802660702,-0.0029036004645760644,0.01732991014120669,-0.029162248144220526,0.0036585365853658847,-0.02827050997782704,0.007702182284980763,-0.013303769401330351,0.01925545571245188,-0.009291521486643417,-0.05691056910569103,0.0,-0.07565953210552512,-0.006504065040650403,-0.03583872573419611,0.05420054200542013,-0.02384823848238482,-0.017784552845528448,-0.01547842401500938,-0.010209869540555888,0.0,0.004878048780487837,-0.01590668080593849,-0.0029036004645760644,0.0,-0.007549361207897787,0.0,-0.0526064084170253,0.020012507817385894,-0.03252032520325199,-0.006968641114982521,0.016260162601625994,0.0
0.02268859897901304,0.0,-0.009513742071881548,-0.0656634746922024,0.04531902206320809,-0.055717054263565824,-0.013436692506459957,0.06425948592411268,-0.0626483151400094,-0.03875968992248058,-0.0455005055611728,-0.021705426356589175,0.024957458876914362,0.03630175836642091,1.0,-0.027709054923305276,0.020930232558139583,-0.018200202224469164,-0.043604651162790664,-0.045581395348837206,0.013289036544850585,0.0367197062423501,0.029651162790697738,-0.009302325581395349,0.0,-0.05534883720930234,0.05315614617940201,0.017016449234259767,0.05247465712582,-0.019638242894056857,0.06330749354005172,0.04283965728274175,0.0,0.01885606536769327,-0.015166835187057609,-0.013650151668351845,0.01134429948950652,0.09233926128590975,-0.030333670374115218,0.007751937984496138,0.012478729438457181,0.028622540250447248,0.022674418604651192,0.0367197062423501,-0.018604651162790697,0.055079559363525155,0.0,0.02623732856291,0.09233926128590975,0.04902576995600255,-0.021705426356589175,-0.011627906976744096,0.0,-0.010335917312661508,0.03837209302325595,0.026091888825864995,0.022674418604651192,0.02382302892796373,-0.008456659619450246,0.0,0.0452196382428941,0.07542426147077308,0.0,0.015503875968992276,-0.02273901808785528,-0.07751937984496116,-0.018604651162790697,-0.009513742071881548,0.0033222591362126463,0.0305997552019584,-0.02123356926188069,0.015697674418604673,-0.010042283298097254,0.021419828641370875,-0.004756871035940774,0.03365973072215428,0.010520487264673362,-0.043604651162790664,0.009075439591605228,-0.0626483151400094,-0.004134366925064595,-0.03417180825818697,0.08591731266149877,-0.01136950904392764,-0.021802325581395332,-0.03220035778175312,0.0,0.007941009642654567,0.01744186046511631,-0.016683518705763345,0.003875968992248069,0.009075439591605228,0.006644518272425293,0.013613159387407814,-0.05107159142726858,0.035778175313059046,-0.018604651162790697,0.006644518272425293,0.028622540250447248,0.015882019285309135
0.08406850025947066,0.045522018802572894,0.023210831721470038,-0.053400083437630363,0.0654664484451718,-0.007535460992907805,0.023640661938534202,0.07558790593505038,-0.01563178462874515,-0.007978723404255372,0.006012950971322872,0.01323877068557916,0.05604566683964707,0.04981837052413074,0.027709054923305276,1.0,0.05585106382978722,0.006012950971322872,-0.0066489361702127825,-0.022978723404255386,0.02532928064842957,0.08566629339305709,0.022340425531914898,0.01323877068557916,0.039584364176150355,-0.015319148936170257,0.08753799392097261,0.03736377789309803,0.05237315875613746,0.010401891252955042,0.13002364066193856,0.11086226203807392,0.05739732805541797,0.08050603795284644,0.009250693802035137,0.008788159111933314,0.0622729631551634,0.11389236545682102,0.009250693802035137,0.05065856129685914,0.0622729631551634,0.05237315875613746,0.07074468085106378,0.07054871220604703,0.021749408983451457,0.07558790593505038,0.031667491340920284,0.10474631751227492,0.13016270337922403,0.10350776308223109,0.015130023640661905,0.023210831721470038,0.039584364176150355,0.020803782505910084,0.03723404255319149,0.03736377789309803,0.05212765957446808,0.021795537104307205,0.007253384912959376,0.023750618505690213,0.01950354609929078,0.023001725129384698,0.019792182088075178,0.02532928064842957,0.004728132387706835,-0.006205673758865271,0.016075650118203277,0.005802707930367509,0.03292806484295846,0.060470324748040316,0.0018501387604070302,0.03723404255319149,0.007253384912959376,0.020156774916013448,0.005802707930367509,0.02519596864501679,0.030395136778115506,-0.0031028368794326355,0.05915931499740523,-0.007815892314372574,0.00945626477541367,-0.017368649587494567,0.11702127659574468,0.019858156028368712,-0.007535460992907805,-0.040916530278232444,0.03562592775853529,0.012454592631032685,0.05585106382978722,0.005550416281221049,0.030395136778115506,0.021795537104307205,0.02532928064842957,0.04047742605085625,-0.0200250312891114,0.0654664484451718,0.01891252955082734,0.05065856129685914,0.0654664484451718,0.04670472236637252
-0.009756097560975674,-0.0122093023255814,-0.034090909090909116,-0.05931372549019609,0.007051282051282026,-0.0625,-0.03888888888888892,0.02105263157894738,-0.07346938775510203,-0.054166666666666696,-0.04565217391304349,-0.03888888888888892,-0.01097560975609757,-0.009146341463414698,-0.020930232558139583,-0.05585106382978722,1.0,-0.06847826086956527,-0.09166666666666673,-0.08500000000000008,-0.011904761904761918,0.03026315789473677,0.0,-0.05277777777777781,-0.02790697674418613,-0.06000000000000005,0.05357142857142855,-0.014024390243902563,0.009615384615384581,-0.041666666666666685,0.03888888888888892,0.02763157894736845,-0.02790697674418613,0.04054054054054046,-0.06521739130434784,-0.02934782608695652,-0.007317073170731769,0.06617647058823528,-0.05543478260869572,-0.013095238095238104,-0.006097560975609789,0.0064102564102563875,0.0,0.014473684210526305,-0.047222222222222276,0.01315789473684209,-0.020930232558139583,0.010897435897435859,0.052941176470588214,0.018243243243243223,-0.04444444444444451,-0.0318181818181818,-0.010465116279069792,-0.025000000000000022,0.0,-0.009146341463414698,0.0,-0.009146341463414698,-0.018181818181818188,-0.020930232558139583,0.022222222222222227,0.030405405405405372,-0.026162790697674465,-0.015476190476190477,-0.025000000000000022,-0.041666666666666685,-0.03888888888888892,-0.04545454545454547,-0.01785714285714285,0.01842105263157895,-0.03260869565217392,0.0,-0.034090909090909116,0.005263157894736845,-0.036363636363636376,0.019736842105263164,-0.01785714285714285,-0.05833333333333335,-0.01036585365853665,-0.06428571428571428,-0.03888888888888892,-0.0596938775510204,0.02777777777777779,-0.04444444444444451,-0.045833333333333365,-0.06923076923076929,-0.022674418604651192,-0.00792682926829269,0.0,-0.026086956521739146,-0.013095238095238104,-0.005487804878048785,-0.013095238095238104,-0.00792682926829269,-0.07009803921568625,0.004487179487179471,-0.027777777777777818,-0.01785714285714285,0.008974358974358942,-0.006097560975609789
0.023860021208907733,0.009100101112234582,0.012845849802371523,-0.021312872975277064,0.023411371237458206,-0.011775362318840632,0.009178743961352653,0.09153318077803202,-0.022626441881100245,-0.012681159420289856,0.0,0.009178743961352653,0.03976670201484617,0.034464475079533374,0.018200202224469164,-0.006012950971322872,0.06847826086956527,1.0,-0.020833333333333315,-0.04173913043478261,0.026915113871635588,0.10983981693363853,0.07500000000000007,0.01304347826086949,0.02730030333670369,-0.038260869565217404,0.10248447204968941,0.05037115588547192,0.05072463768115937,0.008212560386473444,0.05434782608695654,0.050343249427917625,0.019716885743174872,0.14806110458284372,0.0,0.0,0.02651113467656413,0.0843989769820972,0.0,0.026915113871635588,0.05037115588547192,0.0741360089186176,0.04565217391304349,0.04118993135011442,0.005314009661835706,0.04576659038901601,0.0227502527805864,0.08193979933110368,0.0843989769820972,0.05287896592244415,0.009661835748792202,0.012845849802371523,0.02123356926188069,0.001932367149758446,0.02934782608695652,0.029162248144220526,0.042391304347826064,0.029162248144220526,0.01679841897233203,0.019716885743174872,0.07850241545893721,0.07403055229142186,0.018200202224469164,0.022774327122153215,0.006763285024154575,-0.011775362318840632,0.010144927536231862,0.02667984189723316,0.04761904761904767,0.08237986270022885,0.0,0.06847826086956527,0.018774703557312256,0.050343249427917625,0.021739130434782594,0.07780320366132726,0.031055900621118016,-0.013586956521739135,0.037115588547189826,-0.022626441881100245,0.010144927536231862,-0.02129547471162374,0.03623188405797104,0.006280193236714915,-0.009963768115942045,-0.04515050167224083,0.019716885743174872,0.04506892895015907,0.05543478260869572,0.0,0.03933747412008287,0.03976670201484617,0.03726708074534163,0.04506892895015907,-0.04901960784313725,0.03511705685618727,0.002898550724637683,0.024844720496894457,0.054626532887402435,0.02651113467656413
0.0533536585365853,0.016957364341085274,0.03219696969696967,-0.012254901960784298,0.043269230769230754,0.0,0.020833333333333315,0.0932017543859649,-0.009353741496598622,0.0,0.019021739130434756,0.02916666666666662,0.06402439024390244,0.07469512195121952,0.043604651162790664,0.0066489361702127825,0.09166666666666673,0.020833333333333315,1.0,-0.012500000000000011,0.047619047619047616,0.08223684210526316,0.08333333333333337,0.0222222222222222,0.04844961240310075,-0.015000000000000013,0.13154761904761902,0.05691056910569103,0.10096153846153844,0.01944444444444443,0.12500000000000006,0.0932017543859649,0.03391472868217055,0.12387387387387383,0.014492753623188415,0.009057971014492766,0.035569105691056896,0.12009803921568629,0.015398550724637639,0.029761904761904767,0.05691056910569103,0.05288461538461539,0.05833333333333335,0.08223684210526316,0.02638888888888885,0.06578947368421056,0.03391472868217055,0.07692307692307693,0.08578431372549022,0.0681306306306306,0.031944444444444386,0.028409090909090884,0.036337209302325535,0.015277777777777751,0.0625,0.06402439024390244,0.045833333333333365,0.07825203252032514,0.03219696969696967,0.043604651162790664,0.04861111111111113,0.11148648648648646,0.04844961240310075,0.0625,0.023611111111111083,0.0,0.018055555555555547,0.045454545454545525,0.041666666666666685,0.0767543859649123,0.014492753623188415,0.07916666666666666,0.045454545454545525,0.054824561403508776,0.03219696969696967,0.08223684210526316,0.041666666666666685,0.0,0.06046747967479671,-0.008503401360544172,0.018055555555555547,-0.005527210884353706,0.09027777777777785,0.020833333333333315,0.0,-0.019230769230769246,0.01937984496124029,0.046239837398374006,0.037500000000000006,0.007246376811594207,0.04464285714285715,0.03912601626016257,0.04464285714285715,0.06758130081300812,-0.013480392156862725,0.04807692307692307,0.0222222222222222,0.03869047619047622,0.05288461538461539,0.04979674796747968
0.06585365853658531,0.03581395348837205,0.027272727272727282,-0.005490196078431375,0.04512820512820512,0.016666666666666663,0.03999999999999998,0.08842105263157896,0.008571428571428619,0.013333333333333308,0.026086956521739146,0.0377777777777778,0.06585365853658531,0.05707317073170731,0.045581395348837206,0.022978723404255386,0.08500000000000008,0.04173913043478261,0.012500000000000011,1.0,0.07238095238095243,0.1010526315789474,0.08000000000000002,0.053333333333333344,0.048837209302325546,0.0,0.11142857142857143,0.08341463414634148,0.11846153846153845,0.03111111111111109,0.10111111111111115,0.07578947368421057,0.045581395348837206,0.15459459459459451,0.03652173913043477,0.05391304347826087,0.08780487804878045,0.13176470588235295,0.024347826086956514,0.05714285714285716,0.07463414634146343,0.07897435897435895,0.05000000000000002,0.07578947368421057,0.03555555555555551,0.06947368421052633,0.04232558139534881,0.11282051282051281,0.19764705882352945,0.13351351351351354,0.05555555555555558,0.02181818181818182,0.048837209302325546,0.0222222222222222,0.04000000000000001,0.052682926829268284,0.05500000000000002,0.04829268292682923,0.04909090909090913,0.045581395348837206,0.08555555555555558,0.08432432432432435,0.04232558139534881,0.04190476190476192,0.033333333333333326,0.014166666666666716,0.05999999999999994,0.05727272727272725,0.09142857142857153,0.12631578947368421,0.04869565217391303,0.09000000000000002,0.05181818181818182,0.1010526315789474,0.046363636363636385,0.07578947368421057,0.09523809523809523,0.010833333333333306,0.07024390243902434,0.006530612244897982,0.05111111111111111,0.011020408163265327,0.10888888888888892,0.0444444444444444,0.016666666666666663,-0.01692307692307693,0.07813953488372094,0.08341463414634148,0.15000000000000002,0.03304347826086956,0.0761904761904762,0.07463414634146343,0.08380952380952383,0.07463414634146343,-0.007450980392156803,0.09025641025641024,0.024444444444444408,0.11428571428571432,0.1297435897435898,0.09219512195121954
