0,1,2,3,4,5,6,7,8,9,10,11,12,13,14,15,16,17,18,19,20,21,22,23,24,25,26,27,28,29,30,31,32,33,34,35,36,37,38,39,40,41,42,43,44,45,46,47,48,49,50,51,52,53,54,55,56,57,58,59,60,61,62,63,64,65,66,67,68,69,70,71,72,73,74,75,76,77,78,79,80,81,82,83,84,85,86,87,88,89,90,91,92,93,94,95,96,97,98,99
1.0,0.014822134387351749,0.037115588547189826,0.014822134387351749,0.009881422924901184,-0.026268115942028936,-0.007400555041628121,0.015810276679841917,0.012133468149646082,0.030333670374115218,0.07246376811594207,-0.0023126734505087843,0.010616784630940346,0.020703933747412,0.014492753623188415,0.02371541501976293,0.0024154589371980506,0.011857707509881465,0.006916996047430846,0.029162248144220526,0.010351966873706,0.0,0.058528428093645446,0.016683518705763345,0.022727272727272707,0.009881422924901184,0.05072463768115937,0.07931844888366624,0.023860021208907733,0.034464475079533374,0.01256038647342983,0.06627783669141041,0.02667984189723316,0.0,0.03181336161187698,0.06642512077294688,0.019565217391304374,0.08584169453734669,0.06633221850613158,0.08695652173913049,0.058528428093645446,0.02934782608695652,0.037115588547189826,0.08460634547591067,0.02898550724637683,0.09974424552429667,0.013833992094861691,0.07931844888366624,0.04554865424430643,0.026915113871635588,0.08237986270022885,0.0,0.029162248144220526,0.03181336161187698,0.04772004241781547,0.011594202898550732,0.042391304347826064,0.027313266443701217,0.008212560386473444,-0.03732567678424939,0.008893280632411071,0.036613272311212836,-0.009963768115942045,0.010351966873706,0.023860021208907733,0.012133468149646082,0.05217391304347829,0.015607580824972128,0.012422360248447228,0.008893280632411071,0.01590668080593849,-0.017391304347826098,0.03586956521739132,0.04554865424430643,0.026915113871635588,0.02898550724637683,0.012845849802371523,0.0,-0.026619343389529704,0.09518213866039948,-0.011978704525288375,0.03181336161187698,0.002898550724637683,0.009881422924901184,0.042920847268673346,0.022774327122153215,0.02651113467656413,0.02120890774125131,-0.006012950971322872,0.06864988558352403,0.05543478260869572,0.09754738015607578,0.0,0.031055900621118016,0.0,0.10276679841897235,0.04682274247491641,0.06345475910693305,-0.026268115942028936,0.042920847268673346
-0.014822134387351749,1.0,0.03325942350332589,0.0,0.0,-0.03977272727272724,-0.046421663442940075,0.0,0.013213530655390993,0.011099365750528556,0.05555555555555558,-0.018858800773694395,0.006342494714587699,0.017316017316017285,0.017316017316017285,0.0,-0.008585858585858586,0.0,0.0,0.026607538802660702,0.020562770562770616,-0.009881422924901184,0.03496503496503495,0.008985200845665953,0.0,0.0,0.040792540792540743,0.03869778869778867,0.023281596452328135,0.016629711751662946,-0.00909090909090915,0.02827050997782704,0.0,-0.018774703557312256,0.02161862527716185,0.0757575757575758,0.036363636363636376,0.0611888111888112,0.058275058275058245,0.057416267942583754,0.040792540792540743,0.034090909090909116,0.02827050997782704,0.06019656019656017,0.016233766233766267,0.1002673796791444,0.0,0.03869778869778867,0.016233766233766267,0.014069264069264065,0.03947368421052633,-0.02667984189723316,0.0482261640798225,0.0482261640798225,0.039911308203991025,-0.008585858585858586,0.05909090909090908,0.0611888111888112,-0.010606060606060619,-0.08104631217838759,0.0,0.05023923444976075,-0.024621212121212155,0.016233766233766267,0.014966740576496662,0.007928118393234651,0.0613636363636364,0.040792540792540743,0.020562770562770616,0.0,0.026607538802660702,-0.04909090909090913,0.0318181818181818,0.025974025974025983,0.019480519480519487,0.018398268398268414,0.0,-0.011857707509881465,-0.03478664192949904,0.06449631449631449,-0.04638218923933207,0.02827050997782704,-0.0121212121212122,0.0,0.055361305361305346,0.018398268398268414,0.03159645232815966,0.01829268292682923,-0.029013539651837505,0.06818181818181823,0.05681818181818177,0.05244755244755239,-0.021739130434782594,0.018398268398268414,-0.01976284584980237,0.08333333333333331,0.046620046620046596,0.0558968058968059,-0.028409090909090884,0.0437062937062937
-0.037115588547189826,-0.03325942350332589,1.0,-0.03159645232815966,-0.0382483370288248,-0.09247967479674801,-0.08406850025947066,-0.03658536585365846,-0.02836074872376637,-0.017016449234259767,0.03387533875338758,-0.05604566683964707,-0.018150879183210455,-0.008130081300812997,-0.009872241579558627,-0.03159645232815966,-0.03035230352303525,-0.023281596452328135,-0.03159645232815966,0.0,-0.008130081300812997,-0.029162248144220526,0.01876172607879928,-0.017016449234259767,-0.023281596452328135,-0.02161862527716185,0.016260162601625994,0.02900461437046803,0.0,0.0,-0.03252032520325199,0.0,-0.01829268292682923,-0.037115588547189826,0.0,0.06436314363143636,0.013414634146341586,0.02126328955597251,0.020012507817385894,0.02888318356867786,0.02126328955597251,0.01097560975609757,0.0,0.04218852999340805,-0.008710801393728151,0.0652797704447633,-0.023281596452328135,0.03164139749505607,-0.011614401858304257,-0.012195121951219523,0.030808729139923052,-0.07953340402969233,0.0,0.0,0.0,-0.05636856368563692,0.011585365853658547,0.022514071294559068,-0.041192411924119265,-0.08835710998619417,-0.023281596452328135,0.02310654685494229,-0.0533536585365853,-0.009872241579558627,0.0,-0.018150879183210455,0.014634146341463539,0.028767979987492254,-0.007549361207897787,-0.019955654101995512,0.0,-0.05707317073170731,0.00792682926829269,-0.008710801393728151,-0.011033681765389047,-0.009291521486643417,-0.02827050997782704,-0.03976670201484617,-0.06769537083125932,0.05273566249176004,-0.06371329019412636,0.0,-0.045528455284552904,-0.023281596452328135,0.012507817385866177,-0.006968641114982521,0.0,0.0,-0.07472755578619605,0.0423620025673942,0.011585365853658547,0.02751719824890564,-0.06627783669141041,-0.010452961672473837,-0.03976670201484617,0.08869179600886923,0.01876172607879928,0.02900461437046803,-0.06046747967479671,0.026266416510318913
-0.014822134387351749,0.0,0.03159645232815966,1.0,0.0,-0.04356060606060602,-0.04061895551257255,0.0,0.012684989429175397,0.012684989429175397,0.050505050505050525,-0.020309477756286276,0.006342494714587699,0.017316017316017285,0.012987012987012991,0.0,-0.008585858585858586,0.0,0.0,0.019955654101995512,0.018398268398268414,-0.012845849802371523,0.017482517482517473,0.007928118393234651,0.0,0.0,0.023310023310023298,0.030098280098280084,0.013303769401330351,0.016629711751662946,-0.007575757575757569,0.02494456762749442,0.0,-0.015810276679841917,0.01829268292682923,0.05555555555555558,0.02954545454545454,0.055361305361305346,0.04953379953379955,0.08253588516746413,0.029137529137529122,0.022727272727272735,0.019955654101995512,0.0558968058968059,0.010822510822510817,0.0802139037433155,0.0,0.021498771498771482,0.012987012987012991,0.011904761904761918,0.028708133971291877,-0.025691699604743046,0.04490022172949004,0.05487804878048774,0.0382483370288248,-0.009595959595959602,0.0613636363636364,0.07284382284382274,-0.011616161616161635,-0.08104631217838759,0.0,0.04665071770334933,-0.024621212121212155,0.017316017316017285,0.016629711751662946,0.005813953488372048,0.05909090909090908,0.040792540792540743,0.020562770562770616,0.0,0.016629711751662946,-0.06,0.02954545454545454,0.02922077922077926,0.021645021645021634,0.020562770562770616,0.0,-0.010869565217391297,-0.03478664192949904,0.0558968058968059,-0.05102040816326531,0.026607538802660702,-0.011111111111111183,0.0,0.0611888111888112,0.017316017316017285,0.02494456762749442,0.011640798226164067,-0.023210831721470038,0.07894736842105265,0.05227272727272736,0.037878787878787845,-0.02371541501976293,0.016233766233766267,-0.01976284584980237,0.08333333333333331,0.040792540792540743,0.02579852579852579,-0.022727272727272763,0.040792540792540743
-0.009881422924901184,0.0,0.0382483370288248,0.0,1.0,-0.0378787878787879,-0.03481624758220503,0.0,0.014270613107822405,0.004228329809725123,0.040404040404040414,-0.02756286266924557,0.008456659619450246,0.022727272727272763,0.023809523809523836,0.0,-0.011111111111111183,0.0,0.0,0.02827050997782704,0.021645021645021634,-0.02075098814229248,0.05244755244755239,0.01057082452431285,0.0,0.0,0.058275058275058245,0.06449631449631449,0.03658536585365846,0.026607538802660702,-0.008080808080808133,0.02161862527716185,0.0,-0.025691699604743046,0.029933481152993324,0.10606060606060613,0.054545454545454564,0.0437062937062937,0.046620046620046596,0.03229665071770335,0.0437062937062937,0.04318181818181821,0.02161862527716185,0.05159705159705158,0.018398268398268414,0.106951871657754,0.0,0.06449631449631449,0.015151515151515138,0.017316017316017285,0.0645933014354067,-0.027667984189723382,0.05487804878048774,0.04988913525498884,0.041574279379157364,-0.010101010101010166,0.036363636363636376,0.037878787878787845,-0.006565656565656608,-0.05017152658662091,0.0,0.057416267942583754,-0.03977272727272724,0.021645021645021634,0.02494456762749442,0.009513742071881548,0.04545454545454547,0.0611888111888112,0.024891774891774965,0.0,0.034922394678492286,-0.06,0.047727272727272785,0.014069264069264065,0.017316017316017285,0.012987012987012991,0.0,-0.01976284584980237,-0.039424860853432275,0.07739557739557734,-0.05102040816326531,0.02827050997782704,-0.011111111111111183,0.0,0.0611888111888112,0.018398268398268414,0.03325942350332589,0.026607538802660702,-0.029013539651837505,0.057416267942583754,0.050000000000000044,0.03496503496503495,-0.013833992094861691,0.014069264069264065,-0.013833992094861691,0.09090909090909088,0.0437062937062937,0.07309582309582308,-0.024621212121212155,0.040792540792540743
0.026268115942028936,0.03977272727272724,0.09247967479674801,0.04356060606060602,0.0378787878787879,1.0,0.01196808510638303,0.04356060606060602,0.04844961240310075,0.060562015503875855,0.09722222222222227,0.0066489361702127825,0.012112403100775188,0.05059523809523808,0.03869047619047622,0.051136363636363646,0.009722222222222215,0.020833333333333343,0.026515151515151547,0.06402439024390244,0.035714285714285754,0.008152173913043487,0.08173076923076922,0.03875968992248058,0.05492424242424243,0.03977272727272724,0.06730769230769229,0.08671171171171171,0.03201219512195122,0.03912601626016257,0.036111111111111094,0.07469512195121952,0.03598484848484845,0.008152173913043487,0.035569105691056896,0.13194444444444448,0.07083333333333336,0.11057692307692307,0.10576923076923078,0.14802631578947378,0.08173076923076922,0.041666666666666685,0.06402439024390244,0.14245495495495492,0.05654761904761907,0.12009803921568629,0.026515151515151547,0.08051801801801806,0.07738095238095244,0.047619047619047616,0.06578947368421056,0.024456521739130488,0.07825203252032514,0.07825203252032514,0.11737804878048774,0.04861111111111105,0.08333333333333337,0.07211538461538458,0.03888888888888886,-0.03930817610062892,0.03219696969696967,0.054824561403508776,0.0,0.03869047619047622,0.035569105691056896,0.03391472868217055,0.10833333333333339,0.05288461538461539,0.035714285714285754,0.022727272727272763,0.042682926829268275,-0.011666666666666659,0.05833333333333335,0.08333333333333337,0.0625,0.07142857142857151,0.026515151515151547,0.0054347826086956486,-0.010204081632653017,0.11148648648648646,-0.0063775510204081565,0.06046747967479671,0.0222222222222222,0.024621212121212155,0.06730769230769229,0.041666666666666685,0.08180894308943082,0.04979674796747968,0.009308510638297907,0.12061403508771934,0.09583333333333338,0.1201923076923076,0.02898550724637683,0.0625,0.020833333333333315,0.17045454545454547,0.06730769230769229,0.08051801801801806,0.0,0.07692307692307693
0.007400555041628121,0.046421663442940075,0.08406850025947066,0.04061895551257255,0.03481624758220503,-0.01196808510638303,1.0,0.049323017408123726,0.0653142008906481,0.04354280059376536,0.07801418439716312,0.0,0.033646709549727816,0.035460992907801414,0.04559270516717323,0.036266924564796854,0.016075650118203277,0.023210831721470038,0.029013539651837505,0.06538661131292162,0.05319148936170209,0.0050878815911193365,0.04800872885979268,0.047501237011380426,0.024661508704061863,0.023210831721470038,0.05673758865248224,0.05750431282346172,0.052932018681888904,0.03736377789309803,0.017021276595744594,0.052932018681888904,0.0217601547388781,0.009250693802035137,0.03736377789309803,0.13002364066193856,0.07074468085106378,0.09601745771958536,0.11783960720130926,0.11086226203807392,0.09165302782324053,0.06702127659574464,0.05604566683964707,0.09775733179988494,0.048125633232016185,0.11389236545682102,0.02756286266924557,0.0690051753881541,0.04559270516717323,0.04559270516717323,0.060470324748040316,0.013413506012950882,0.09029579657498688,0.0809548521017125,0.08718214841722882,0.020803782505910084,0.09308510638297862,0.10038188761593014,0.023640661938534202,-0.06503412284223209,0.029013539651837505,0.07558790593505038,-0.006205673758865271,0.04559270516717323,0.04047742605085625,0.029688273132112752,0.11542553191489358,0.08728859792689575,0.05065856129685914,0.02756286266924557,0.05915931499740523,-0.022978723404255386,0.044680851063829796,0.06079027355623101,0.06585612968591692,0.05065856129685914,0.02756286266924557,0.006475485661424585,-0.01563178462874515,0.09775733179988494,-0.020842379504993513,0.06850025947067973,0.02269503546099283,0.024661508704061863,0.0654664484451718,0.05065856129685914,0.07472755578619605,0.052932018681888904,0.0,0.14109742441209405,0.08191489361702131,0.08728859792689575,0.012025901942645745,0.05065856129685914,0.009250693802035137,0.1263700838168923,0.06983087834151663,0.0747556066705003,-0.009308510638297907,0.09165302782324053
-0.015810276679841917,0.0,0.03658536585365846,0.0,0.0,-0.04356060606060602,-0.049323017408123726,1.0,0.014270613107822405,0.01057082452431285,0.03535353535353536,-0.026112185686653744,0.007399577167019,0.015151515151515138,0.016233766233766267,0.0,-0.008585858585858586,0.0,0.0,0.026607538802660702,0.019480519480519487,-0.015810276679841917,0.03496503496503495,0.008985200845665953,0.0,0.0,0.040792540792540743,0.02579852579852579,0.019955654101995512,0.01829268292682923,-0.007575757575757569,0.023281596452328135,0.0,-0.022727272727272707,0.02161862527716185,0.06060606060606061,0.02954545454545454,0.046620046620046596,0.058275058275058245,0.057416267942583754,0.040792540792540743,0.02954545454545454,0.023281596452328135,0.042997542997542965,0.015151515151515138,0.0802139037433155,0.0,0.05159705159705158,0.015151515151515138,0.011904761904761918,0.03947368421052633,-0.02667984189723316,0.041574279379157364,0.04490022172949004,0.039911308203991025,-0.008585858585858586,0.0636363636363636,0.0641025641025641,-0.010606060606060619,-0.08490566037735847,0.0,0.06100478468899523,-0.028409090909090884,0.017316017316017285,0.02161862527716185,0.007928118393234651,0.054545454545454564,0.046620046620046596,0.022727272727272763,0.0,0.029933481152993324,-0.04909090909090913,0.0318181818181818,0.023809523809523836,0.019480519480519487,0.018398268398268414,0.0,-0.012845849802371523,-0.03014842300556586,0.0558968058968059,-0.048701298701298634,0.02827050997782704,-0.011616161616161635,0.0,0.0437062937062937,0.020562770562770616,0.026607538802660702,0.016629711751662946,-0.029013539651837505,0.07535885167464124,0.05227272727272736,0.0437062937062937,-0.022727272727272707,0.015151515151515138,-0.013833992094861691,0.05303030303030301,0.03205128205128205,0.06019656019656017,-0.03219696969696967,0.040792540792540743
-0.012133468149646082,-0.013213530655390993,0.02836074872376637,-0.012684989429175397,-0.014270613107822405,-0.04844961240310075,-0.0653142008906481,-0.014270613107822405,1.0,0.0,0.03165374677002586,-0.03760514596734282,0.0,0.009413067552602461,0.011074197120708784,-0.008985200845665953,-0.019638242894056857,-0.011099365750528556,-0.012156448202959802,0.02836074872376637,0.011627906976744207,-0.02123356926188069,0.031007751937984496,0.0,-0.005285412262156425,-0.0068710359408033495,0.042933810375670844,0.04902576995600255,0.026091888825864995,0.017016449234259767,-0.01550387596899222,0.017016449234259767,-0.0036997885835095,-0.03640040444893833,0.012478729438457181,0.10852713178294582,0.045348837209302384,0.03816338700059635,0.05008944543828264,0.04283965728274175,0.04531902206320809,0.03488372093023262,0.02155416903006241,0.05279698302954117,0.011627906976744207,0.0800273597811218,-0.010042283298097254,0.06033940917661851,0.008859357696567038,0.009966777408637939,0.04589963280293763,-0.039433771486349745,0.03176403857061827,0.02836074872376637,0.02836074872376637,-0.020671834625323016,0.03488372093023262,0.05485986881335725,-0.019638242894056857,-0.0833698990785432,-0.007928118393234651,0.055079559363525155,-0.04602713178294571,0.011627906976744207,0.019285309132161088,0.0,0.043604651162790775,0.05008944543828264,0.01218161683277974,-0.011627906976744096,0.027226318774815628,-0.06837209302325581,0.026162790697674465,0.009966777408637939,0.011627906976744207,0.008859357696567038,-0.012684989429175397,-0.025783619817997983,-0.04841006169909823,0.06411062225015712,-0.07119126720455615,0.02155416903006241,-0.023772609819121437,-0.01057082452431285,0.03816338700059635,0.010520487264673362,0.027226318774815628,0.019285309132161088,-0.061355764473033036,0.07037943696450433,0.033139534883720956,0.028622540250447248,-0.02730030333670369,0.008305647840531616,-0.019716885743174872,0.08456659619450319,0.035778175313059046,0.04525455688246388,-0.03875968992248058,0.042933810375670844
-0.030333670374115218,-0.011099365750528556,0.017016449234259767,-0.012684989429175397,-0.004228329809725123,-0.060562015503875855,-0.04354280059376536,-0.01057082452431285,0.0,1.0,0.08591731266149877,-0.031667491340920284,0.0,0.00609080841638987,0.002768549280177196,-0.01057082452431285,-0.00826873385012919,-0.0021141649048625616,-0.004756871035940774,0.010209869540555888,0.005537098560354392,-0.006066734074823041,0.01669648181276087,0.0,-0.014270613107822405,-0.009513742071881548,0.009540846750149087,0.02262727844123194,0.002268859897901307,0.004537719795802614,-0.020671834625323016,0.020419739081111776,-0.01057082452431285,-0.0075834175935288045,0.00567214974475326,0.040697674418604696,0.013953488372093065,0.05247465712582,0.03816338700059635,0.08873929008567949,0.031007751937984496,0.0122093023255814,0.015882019285309135,0.07542426147077308,0.008305647840531616,0.06155950752393985,-0.0021141649048625616,0.015084852294154627,0.009413067552602461,0.00609080841638987,0.012239902080783377,-0.02881698685540951,0.015882019285309135,0.018150879183210455,0.02268859897901304,-0.01757105943152454,0.03662790697674423,0.047704233750745395,-0.028940568475452233,-0.14041246160596743,-0.012156448202959802,0.03365973072215428,-0.009689922480620144,0.004429678848283519,0.009075439591605228,0.0,0.03662790697674423,0.019081693500298175,0.005537098560354392,-0.004228329809725123,0.00567214974475326,-0.045581395348837206,0.010465116279069792,0.01439645625692143,0.011074197120708784,0.011074197120708784,-0.0036997885835095,-0.006066734074823041,-0.05410536307546271,0.04902576995600255,-0.045562411010915904,0.020419739081111776,-0.018604651162790697,-0.005813953488372048,0.028622540250447248,0.007198228128460715,0.017016449234259767,0.010209869540555888,-0.03562592775853529,0.06425948592411268,0.03139534883720935,0.042933810375670844,-0.04398382204246709,0.009966777408637939,-0.03336703741152669,0.09161381254404516,0.028622540250447248,0.02262727844123194,-0.04602713178294571,0.031007751937984496
-0.07246376811594207,-0.05555555555555558,-0.03387533875338758,-0.050505050505050525,-0.040404040404040414,-0.09722222222222227,-0.07801418439716312,-0.03535353535353536,-0.03165374677002586,-0.08591731266149877,1.0,-0.11052009456264777,-0.040697674418604696,-0.03968253968253971,-0.035714285714285726,-0.06060606060606061,-0.050000000000000044,-0.030303030303030304,-0.050505050505050525,-0.030487804878048808,-0.03968253968253971,-0.06642512077294688,-0.021367521367521403,-0.0452196382428941,-0.08585858585858591,-0.10606060606060613,-0.010683760683760701,-0.00750750750750756,-0.020325203252032548,-0.03387533875338758,-0.08333333333333337,-0.03726287262872635,-0.06060606060606061,-0.04830917874396137,-0.04403794037940384,0.0,-0.022222222222222227,-0.023504273504273532,-0.021367521367521403,-0.01900584795321636,-0.023504273504273532,-0.01944444444444446,-0.030487804878048808,-0.011261261261261313,-0.035714285714285726,0.009803921568627444,-0.04545454545454547,-0.004504504504504514,-0.051587301587301626,-0.03968253968253971,-0.00730994152046785,-0.06642512077294688,-0.027100271002710064,-0.02371273712737129,-0.03726287262872635,-0.08333333333333337,-0.02777777777777779,-0.019230769230769273,-0.07777777777777783,-0.19601677148846963,-0.07070707070707072,-0.01900584795321636,-0.06250000000000003,-0.03968253968253971,-0.030487804878048808,-0.040697674418604696,-0.03611111111111115,-0.017094017094017117,-0.03968253968253971,-0.04545454545454547,-0.02371273712737129,-0.10111111111111115,-0.025000000000000022,-0.047619047619047616,-0.06349206349206354,-0.04365079365079366,-0.03535353535353536,-0.04830917874396137,-0.13265306122448983,-0.006006006006006037,-0.08843537414965988,-0.04403794037940384,-0.05555555555555561,-0.03535353535353536,-0.01282051282051283,-0.02777777777777779,-0.03387533875338758,-0.040650406504065095,-0.07151300236406621,-0.013157894736842118,-0.03888888888888892,-0.027777777777777846,-0.09661835748792275,-0.06349206349206354,-0.09057971014492755,0.027777777777777735,-0.01282051282051283,-0.0030030030030030186,-0.12500000000000006,-0.019230769230769273
0.0023126734505087843,0.018858800773694395,0.05604566683964707,0.020309477756286276,0.02756286266924557,-0.0066489361702127825,0.0,0.026112185686653744,0.03760514596734282,0.031667491340920284,0.11052009456264777,1.0,0.03760514596734282,0.05319148936170209,0.05065856129685914,0.011605415860735019,0.023640661938534202,0.023210831721470038,0.03336557059961309,0.04359107420861441,0.048125633232016185,0.010638297872340385,0.04800872885979268,0.045522018802572894,0.0217601547388781,0.036266924564796854,0.043644298963447875,0.05750431282346172,0.05915931499740523,0.04359107420861441,0.011347517730496415,0.03736377789309803,0.013056092843326872,0.008325624421831601,0.04981837052413074,0.07151300236406621,0.07074468085106378,0.03491543917075832,0.05237315875613746,0.07558790593505038,0.0654664484451718,0.05585106382978722,0.04359107420861441,0.0747556066705003,0.048125633232016185,0.08135168961201503,0.017408123791102514,0.0690051753881541,0.015197568389057753,0.03292806484295846,0.05543113101903696,0.007863089731729833,0.0622729631551634,0.04981837052413074,0.04359107420861441,0.011347517730496415,0.05957446808510641,0.08728859792689575,0.021749408983451457,-0.07226013649136898,0.03336557059961309,0.08566629339305709,-0.009751773049645418,0.05825734549138806,0.06538661131292162,0.04354280059376536,0.05212765957446808,0.11347517730496448,0.05319148936170209,0.02756286266924557,0.05604566683964707,-0.02936170212765965,0.05212765957446808,0.02786220871327255,0.07092198581560283,0.0557244174265451,0.02756286266924557,0.008788159111933314,-0.01389491966999562,0.05175388154111554,-0.018237082066869303,0.052932018681888904,0.01891252955082734,0.0217601547388781,0.043644298963447875,0.030395136778115506,0.05915931499740523,0.05604566683964707,0.0,0.06550951847704373,0.040957446808510656,0.03055100927441351,0.007863089731729833,0.03799392097264437,0.005550416281221049,0.08123791102514505,0.05673758865248224,0.0747556066705003,-0.004432624113475198,0.04800872885979268
-0.010616784630940346,-0.006342494714587699,0.018150879183210455,-0.006342494714587699,-0.008456659619450246,-0.012112403100775188,-0.033646709549727816,-0.007399577167019,0.0,0.0,0.040697674418604696,-0.03760514596734282,1.0,0.010520487264673362,0.01218161683277974,-0.007399577167019,-0.023772609819121437,-0.009513742071881548,-0.01057082452431285,0.015882019285309135,0.011074197120708784,-0.02881698685540951,0.0405485986881336,0.0,-0.0010570824524312808,-0.007399577167019,0.042933810375670844,0.06033940917661851,0.02382302892796373,0.027226318774815628,-0.004134366925064595,0.01134429948950652,-0.0031712473572938493,-0.03336703741152669,0.017016449234259767,0.05426356589147291,0.02790697674418613,0.021466905187835422,0.03339296362552174,0.01835985312117505,0.02623732856291,0.03488372093023262,0.017016449234259767,0.03771213073538654,0.006644518272425293,0.08618331053351574,-0.007399577167019,0.04525455688246388,0.004429678848283519,0.008305647840531616,0.03977968176254598,-0.02730030333670369,0.015882019285309135,0.01134429948950652,0.007941009642654567,-0.009302325581395349,0.013953488372093065,0.03339296362552174,-0.007235142118863058,-0.07020623080298372,-0.0068710359408033495,0.07037943696450433,-0.07025193798449603,0.011627906976744207,0.024957458876914362,0.0,0.015697674418604673,0.05247465712582,0.009413067552602461,-0.008985200845665953,0.02268859897901304,-0.06837209302325581,0.02790697674418613,0.00609080841638987,0.007198228128460715,0.006644518272425293,-0.011627906976744096,-0.0455005055611728,-0.02562885619364022,0.05279698302954117,-0.05410536307546271,0.014747589336358502,-0.018604651162790697,-0.010042283298097254,0.042933810375670844,0.008859357696567038,0.01134429948950652,0.019285309132161088,-0.033646709549727816,0.0367197062423501,0.019186046511627974,0.028622540250447248,-0.015166835187057609,0.005537098560354392,-0.019716885743174872,0.0634249471458774,0.0405485986881336,0.04525455688246388,-0.01453488372093023,0.035778175313059046
-0.020703933747412,-0.017316017316017285,0.008130081300812997,-0.017316017316017285,-0.022727272727272763,-0.05059523809523808,-0.035460992907801414,-0.015151515151515138,-0.009413067552602461,-0.00609080841638987,0.03968253968253971,-0.05319148936170209,-0.010520487264673362,1.0,0.0,-0.016233766233766267,-0.04285714285714293,-0.027056277056277,-0.030303030303030276,0.011614401858304257,0.0,-0.035196687370600444,0.03479853479853473,-0.010520487264673362,-0.017316017316017285,-0.020562770562770616,0.032967032967032905,0.05148005148005147,0.011614401858304257,0.013356562137049832,-0.025396825396825418,0.006968641114982521,-0.006493506493506496,-0.041407867494824,0.007549361207897787,0.059523809523809534,0.023809523809523836,0.02014652014652013,0.014652014652014655,0.02506265664160401,0.018315018315018305,0.01904761904761909,0.007549361207897787,0.03861003861003859,0.0,0.08963585434173671,-0.018398268398268414,0.0611325611325611,0.0,0.0,0.03759398496240601,-0.04554865424430643,0.011614401858304257,0.010452961672473837,0.010452961672473837,-0.030158730158730218,0.015476190476190477,0.018315018315018305,-0.025396825396825418,-0.07906558849955075,-0.016233766233766267,0.042606516290726815,-0.07440476190476186,0.0,0.017421602787456303,-0.017718715393134077,0.01428571428571429,0.045787545787545736,0.0,-0.023809523809523836,0.016840882694541093,-0.08380952380952383,0.029761904761904767,0.0,0.0,0.0,-0.02813852813852813,-0.04761904761904767,-0.06462585034013607,0.04504504504504503,-0.06462585034013607,0.010452961672473837,-0.030158730158730218,-0.021645021645021634,0.04029304029304026,0.0,0.009291521486643417,0.010452961672473837,-0.035460992907801414,0.02506265664160401,0.016666666666666663,0.018315018315018305,-0.024844720496894457,0.0,-0.035196687370600444,0.07792207792207789,0.031135531135531136,0.0611325611325611,-0.03273809523809526,0.021978021978021955
-0.014492753623188415,-0.017316017316017285,0.009872241579558627,-0.012987012987012991,-0.023809523809523836,-0.03869047619047622,-0.04559270516717323,-0.016233766233766267,-0.011074197120708784,-0.002768549280177196,0.035714285714285726,-0.05065856129685914,-0.01218161683277974,0.0,1.0,-0.011904761904761918,-0.041269841269841345,-0.024891774891774965,-0.031385281385281405,0.012775842044134622,0.0,-0.035196687370600444,0.032967032967032905,-0.011074197120708784,-0.010822510822510817,-0.017316017316017285,0.03663003663003661,0.05469755469755466,0.015679442508710784,0.012775842044134622,-0.01904761904761909,0.005807200929152129,-0.005411255411255408,-0.04761904761904767,0.008130081300812997,0.0674603174603175,0.025000000000000022,0.016483516483516453,0.018315018315018305,0.017543859649122806,0.025641025641025605,0.020238095238095277,0.006968641114982521,0.03861003861003859,0.0,0.08963585434173671,-0.019480519480519487,0.0611325611325611,0.0,0.0,0.04010025062656647,-0.041407867494824,0.010452961672473837,0.009291521486643417,0.008130081300812997,-0.026984126984127,0.011904761904761918,0.018315018315018305,-0.01746031746031751,-0.06424079065588498,-0.014069264069264065,0.04010025062656647,-0.0803571428571429,0.0,0.017421602787456303,-0.019379844961240345,0.015476190476190477,0.05128205128205121,0.0,-0.022727272727272763,0.018583042973286834,-0.0647619047619048,0.023809523809523836,0.0,0.0,0.0,-0.02922077922077926,-0.051759834368530044,-0.05102040816326531,0.04826254826254822,-0.06462585034013607,0.009872241579558627,-0.0317460317460318,-0.018398268398268414,0.03479853479853473,0.0,0.008710801393728151,0.013356562137049832,-0.04052684903748732,0.03258145363408527,0.013095238095238104,0.02014652014652013,-0.0165631469979296,0.0,-0.026915113871635588,0.08441558441558444,0.03663003663003661,0.057915057915057855,-0.029761904761904767,0.02930402930402931
-0.02371541501976293,0.0,0.03159645232815966,0.0,0.0,-0.051136363636363646,-0.036266924564796854,0.0,0.008985200845665953,0.01057082452431285,0.06060606060606061,-0.011605415860735019,0.007399577167019,0.016233766233766267,0.011904761904761918,1.0,-0.007070707070707116,0.0,0.0,0.029933481152993324,0.011904761904761918,-0.012845849802371523,0.04953379953379955,0.007928118393234651,0.0,0.0,0.037878787878787845,0.0558968058968059,0.014966740576496662,0.02827050997782704,-0.010606060606060619,0.03325942350332589,0.0,-0.013833992094861691,0.02827050997782704,0.08080808080808083,0.027272727272727282,0.055361305361305346,0.055361305361305346,0.06818181818181823,0.037878787878787845,0.025000000000000022,0.026607538802660702,0.0558968058968059,0.014069264069264065,0.0802139037433155,0.0,0.04729729729729726,0.017316017316017285,0.010822510822510817,0.0430622009569378,-0.027667984189723382,0.03658536585365846,0.03658536585365846,0.04656319290465627,-0.0121212121212122,0.04318181818181821,0.037878787878787845,-0.00909090909090915,-0.0656089193825043,0.0,0.04665071770334933,-0.024621212121212155,0.015151515151515138,0.016629711751662946,0.005813953488372048,0.05681818181818177,0.026223776223776196,0.016233766233766267,0.0,0.019955654101995512,-0.06,0.036363636363636376,0.02813852813852813,0.017316017316017285,0.016233766233766267,0.0,-0.013833992094861691,-0.04174397031539889,0.06879606879606875,-0.04174397031539889,0.02494456762749442,-0.007070707070707116,0.0,0.055361305361305346,0.016233766233766267,0.023281596452328135,0.016629711751662946,-0.024661508704061863,0.06818181818181823,0.054545454545454564,0.06701631701631705,-0.022727272727272707,0.016233766233766267,-0.01976284584980237,0.07575757575757577,0.03205128205128205,0.042997542997542965,-0.0378787878787879,0.037878787878787845
-0.0024154589371980506,0.008585858585858586,0.03035230352303525,0.008585858585858586,0.011111111111111183,-0.009722222222222215,-0.016075650118203277,0.008585858585858586,0.019638242894056857,0.00826873385012919,0.050000000000000044,-0.023640661938534202,0.023772609819121437,0.04285714285714293,0.041269841269841345,0.007070707070707116,1.0,0.013131313131313216,0.015151515151515138,0.036856368563685626,0.03968253968253965,-0.01304347826086949,0.058119658119658135,0.02273901808785528,0.004545454545454575,0.009595959595959602,0.051282051282051266,0.038438438438438444,0.041192411924119265,0.04986449864498643,0.0,0.017344173441734417,0.005050505050505083,-0.014975845410627908,0.052032520325203224,0.050000000000000044,0.03333333333333338,0.02393162393162393,0.027350427350427364,0.02456140350877195,0.03076923076923077,0.03611111111111115,0.02384823848238482,0.019219219219219222,0.01904761904761909,0.07189542483660136,0.010606060606060619,0.06246246246246251,0.00793650793650795,0.012698412698412709,0.04502923976608192,-0.008695652173912993,0.045528455284552904,0.041192411924119265,0.02384823848238482,0.0,0.03888888888888892,0.03760683760683764,0.0,-0.07044025157232697,0.00909090909090915,0.057309941520467866,-0.033333333333333326,0.04285714285714293,0.05636856368563692,0.025839793281653645,0.030555555555555614,0.08205128205128209,0.04285714285714293,0.013131313131313216,0.054200542005420016,-0.06888888888888878,0.063888888888889,0.022222222222222254,0.030158730158730218,0.023809523809523836,0.010606060606060619,-0.012077294685990392,-0.014512471655328762,0.038438438438438444,-0.04353741496598634,0.03035230352303525,0.0,0.010101010101010166,0.04786324786324786,0.026984126984127,0.02384823848238482,0.026016260162601612,-0.011347517730496415,0.04093567251461991,0.025000000000000022,0.017094017094017103,-0.002898550724637683,0.004761904761904773,-0.0033816425120772875,0.03232323232323234,0.041025641025641046,0.06246246246246251,-0.008333333333333331,0.027350427350427364
-0.011857707509881465,0.0,0.023281596452328135,0.0,0.0,-0.020833333333333343,-0.023210831721470038,0.0,0.011099365750528556,0.0021141649048625616,0.030303030303030304,-0.023210831721470038,0.009513742071881548,0.027056277056277,0.024891774891774965,0.0,-0.013131313131313216,1.0,0.0,0.03658536585365846,0.019480519480519487,-0.027667984189723382,0.0699300699300699,0.009513742071881548,0.0,0.0,0.058275058275058245,0.07309582309582308,0.03325942350332589,0.039911308203991025,-0.007070707070707116,0.02161862527716185,0.0,-0.031620553359683834,0.0432372505543237,0.0757575757575758,0.03863636363636369,0.029137529137529122,0.03496503496503495,0.01076555023923445,0.040792540792540743,0.0318181818181818,0.02494456762749442,0.02579852579852579,0.017316017316017285,0.0802139037433155,0.0,0.08599508599508593,0.010822510822510817,0.010822510822510817,0.07535885167464124,-0.018774703557312256,0.03658536585365846,0.03325942350332589,0.029933481152993324,-0.007070707070707116,0.0318181818181818,0.029137529137529122,-0.005555555555555591,-0.03859348198970841,0.0,0.0645933014354067,-0.04734848484848486,0.023809523809523836,0.0382483370288248,0.01057082452431285,0.020454545454545447,0.055361305361305346,0.027056277056277,0.0,0.0432372505543237,-0.07636363636363641,0.05909090909090908,0.009740259740259744,0.011904761904761918,0.012987012987012991,0.0,-0.024703557312253044,-0.03710575139146566,0.07739557739557734,-0.05102040816326531,0.02161862527716185,-0.008080808080808133,0.0,0.046620046620046596,0.019480519480519487,0.02161862527716185,0.02494456762749442,-0.023210831721470038,0.028708133971291877,0.036363636363636376,0.029137529137529122,-0.009881422924901184,0.012987012987012991,-0.011857707509881465,0.05303030303030301,0.03496503496503495,0.08169533169533172,-0.028409090909090884,0.020396270396270372
-0.006916996047430846,0.0,0.03159645232815966,0.0,0.0,-0.026515151515151547,-0.029013539651837505,0.0,0.012156448202959802,0.004756871035940774,0.050505050505050525,-0.03336557059961309,0.01057082452431285,0.030303030303030276,0.031385281385281405,0.0,-0.015151515151515138,0.0,1.0,0.0382483370288248,0.02922077922077926,-0.018774703557312256,0.055361305361305346,0.011099365750528556,0.0,0.0,0.046620046620046596,0.042997542997542965,0.0382483370288248,0.0382483370288248,-0.005050505050505083,0.016629711751662946,0.0,-0.02667984189723316,0.029933481152993324,0.0757575757575758,0.04318181818181821,0.026223776223776196,0.026223776223776196,0.028708133971291877,0.040792540792540743,0.040909090909090895,0.023281596452328135,0.03439803439803438,0.016233766233766267,0.0735294117647059,0.0,0.07739557739557734,0.010822510822510817,0.016233766233766267,0.04665071770334933,-0.02075098814229248,0.034922394678492286,0.03159645232815966,0.029933481152993324,-0.007575757575757569,0.040909090909090895,0.046620046620046596,-0.008585858585858586,-0.07332761578044594,0.0,0.057416267942583754,-0.04924242424242431,0.032467532467532534,0.04490022172949004,0.014270613107822405,0.0318181818181818,0.07867132867132864,0.024891774891774965,0.0,0.04988913525498884,-0.06,0.05227272727272736,0.014069264069264065,0.021645021645021634,0.017316017316017285,0.0,-0.021739130434782594,-0.03478664192949904,0.0558968058968059,-0.05102040816326531,0.03658536585365846,-0.013131313131313216,0.0,0.040792540792540743,0.021645021645021634,0.02827050997782704,0.02494456762749442,-0.03046421663442933,0.05382775119617228,0.025000000000000022,0.029137529137529122,-0.011857707509881465,0.009740259740259744,-0.008893280632411071,0.06060606060606061,0.040792540792540743,0.0558968058968059,-0.024621212121212155,0.046620046620046596
-0.029162248144220526,-0.026607538802660702,0.0,-0.019955654101995512,-0.02827050997782704,-0.06402439024390244,-0.06538661131292162,-0.026607538802660702,-0.02836074872376637,-0.010209869540555888,0.030487804878048808,-0.04359107420861441,-0.015882019285309135,-0.011614401858304257,-0.012775842044134622,-0.029933481152993324,-0.036856368563685626,-0.03658536585365846,-0.0382483370288248,1.0,-0.011033681765389047,-0.03181336161187698,0.023764853033145683,-0.02268859897901304,-0.02161862527716185,-0.02161862527716185,0.028767979987492254,0.04746209624258402,0.0,0.0,-0.041192411924119265,0.0,-0.019955654101995512,-0.04772004241781547,0.0,0.07791327913279145,0.011585365853658547,0.01876172607879928,0.022514071294559068,0.015404364569961526,0.03001876172607887,0.009756097560975674,0.0,0.03955174686882007,-0.012195121951219523,0.07030129124820661,-0.0382483370288248,0.05537244561634802,-0.008710801393728151,-0.011614401858304257,0.03273427471116819,-0.04506892895015907,0.0,0.0,0.0,-0.039024390243902474,0.00792682926829269,0.016260162601625994,-0.03252032520325199,-0.07179015186378276,-0.01829268292682923,0.02888318356867786,-0.06402439024390244,-0.011033681765389047,0.0,-0.026091888825864995,0.01036585365853665,0.02126328955597251,-0.010452961672473837,-0.034922394678492286,0.0,-0.08341463414634148,0.01097560975609757,-0.007549361207897787,-0.009291521486643417,-0.006968641114982521,-0.03658536585365846,-0.05037115588547192,-0.09158785465405667,0.04746209624258402,-0.07964161274265796,0.0,-0.034688346883468835,-0.02827050997782704,0.01876172607879928,-0.011033681765389047,0.0,0.0,-0.07784120394395422,0.03273427471116819,0.009146341463414698,0.020012507817385894,-0.04241781548250262,-0.008710801393728151,-0.05037115588547192,0.08277900960827789,0.01876172607879928,0.04218852999340805,-0.07469512195121952,0.023764853033145683
