0,1,2,3,4,5,6,7,8,9,10,11,12,13,14,15,16,17,18,19,20,21,22,23,24,25,26,27,28,29,30,31,32,33,34,35,36,37,38,39,40,41,42,43,44,45,46,47,48,49,50,51,52,53,54,55,56,57,58,59,60,61,62,63,64,65,66,67,68,69,70,71,72,73,74,75,76,77,78,79,80,81,82,83,84,85,86,87,88,89,90,91,92,93,94,95,96,97,98,99
1.0,-0.03805620608899296,-0.029761904761904767,0.0,0.0,-0.0649350649350649,0.04376750700280113,0.0,-0.049603174603174593,-0.019975786924939454,-0.03214285714285714,-0.016009852216748777,0.07558139534883723,0.06547619047619047,0.0357142857142857,0.0,0.0061688311688312125,-0.05357142857142849,0.02472527472527475,-0.016009852216748777,0.05471124620060791,0.021226415094339646,-0.006892230576441061,-0.021428571428571408,-0.0850840336134453,0.015873015873015928,-0.09285714285714286,0.04285714285714293,0.0,-0.006892230576441061,-0.027380952380952395,-0.02542372881355931,-0.055555555555555525,-0.041666666666666685,-0.044930875576036866,-0.08502132196162043,-0.042447306791568995,0.04201680672268909,0.0288461538461538,-0.015394088669950734,-0.049603174603174593,-0.019975786924939454,0.10119047619047616,0.0242587601078168,-0.025000000000000022,0.026098901098901117,0.0,0.026280323450134813,0.009740259740259827,0.0,-0.04537470725995307,-0.0692307692307692,0.0,0.0,-0.0514069264069264,-0.0357142857142857,-0.024515738498789352,-0.029761904761904767,-0.008145363408521289,-0.02857142857142858,-0.015394088669950734,0.02626050420168069,-0.012931034482758619,0.031512605042016806,-0.02380952380952378,-0.022699757869249382,-0.03805620608899296,0.005519480519480535,0.004545454545454575,-0.006265664160400919,0.0181940700808626,-0.02380952380952378,0.007142857142857173,0.006818181818181834,0.006493506493506551,0.0,-0.04365079365079366,0.007467532467532512,-0.02927400468384067,-0.007832080200501246,-0.02182539682539683,-0.01361985472154964,0.0181940700808626,-0.017251815980629526,0.030612244897959218,-0.020491803278688492,0.0288461538461538,-0.01108374384236449,-0.04147465437788017,-0.0346153846153846,-0.05681818181818182,-0.020320197044334964,0.005844155844155874,-0.036592505854800894,-0.03968253968253965,-0.04365079365079366,-0.026346604215456648,-0.020238095238095277,0.027291105121293846,0.00909090909090915
0.03805620608899296,1.0,0.009016393442622839,0.05415690866510536,0.05122950819672123,-0.042225534028812683,0.07071681131468982,0.05122950819672123,-0.0187353629976581,0.016115587663239728,0.006284153005464421,0.022046353872244184,0.10979794128860082,0.11543715846994529,0.06809583858764179,0.04683840749414514,0.03219076005961252,-0.007932310946589138,0.05958385876418659,0.02119841718485016,0.09277990931287061,0.04948963810702134,0.024158757549611776,0.0071038251366120075,-0.038813886210221804,0.05312689738919246,-0.06533957845433258,0.09377049180327868,0.033665105386416816,0.032211676732815664,0.006010928961748596,0.015559877743817674,-0.0187353629976581,-0.012490241998438789,-0.006345848757271344,-0.048446293124541295,0.0,0.06750241080038571,0.06242118537200503,0.02289429055963821,-0.012490241998438789,0.01500416782439562,0.1409055425448868,0.03959171048561705,0.006830601092896127,0.06809583858764179,0.030737704918032793,0.05443860191772354,0.04292101341281668,0.03805620608899296,0.0,-0.04640605296343003,0.04830210772833721,0.05562060889929732,-0.04967709885742677,0.010109289617486361,0.018338427340927943,0.010655737704918011,0.02761000862812768,0.006010928961748596,0.01695873374788015,0.06107360977177756,0.017806670435274174,0.0514304082288653,0.005191256830601065,0.011669908307863297,0.0,0.03755588673621463,0.04113263785394933,0.03796376186367556,0.05196412001237244,0.006010928961748596,0.03219076005961252,0.04113263785394933,0.028614008941877767,0.032201405152224805,-0.011969815248503823,0.03934426229508198,0.0,0.031061259706643696,-0.014051522248243575,0.017782717421505834,0.06186204763377667,0.015559877743817674,0.10036801605888257,0.0,0.07660781841109704,0.023742227247032177,-0.008725542041248091,-0.02925598991172762,-0.04595131644311967,0.017806670435274174,0.03219076005961252,0.0,-0.014051522248243575,-0.011449388498568858,0.0,0.006830601092896127,0.06681101144447882,0.05007451564828613
0.029761904761904767,-0.009016393442622839,1.0,0.02857142857142858,0.033333333333333326,-0.04848484848484841,0.061764705882352944,0.0357142857142857,-0.02301587301587299,0.0064971751412429835,0.0,0.012068965517241403,0.0922480620155039,0.0625,0.0435897435897436,0.02619047619047621,0.027272727272727282,-0.01290322580645159,0.051282051282051266,0.01149425287356326,0.06914893617021278,0.03962264150943401,0.01578947368421052,0.0,-0.04705882352941171,0.0407407407407408,-0.057142857142857106,0.06,0.025000000000000022,0.014912280701754432,0.0,0.006214689265536755,-0.017460317460317454,-0.015079365079365081,-0.01290322580645159,-0.045273631840796025,-0.005191256830601065,0.055882352941176494,0.05384615384615382,0.012068965517241403,-0.015873015873015872,0.005932203389830526,0.12142857142857144,0.03522012578616357,0.0,0.03846153846153849,0.022619047619047594,0.04622641509433967,0.028787878787878807,0.020238095238095277,-0.005737704918032771,-0.053846153846153766,0.03214285714285714,0.02857142857142858,-0.04848484848484841,0.0,0.007062146892655385,0.0,0.01403508771929829,0.0,0.01149425287356326,0.052941176470588214,0.01091954022988506,0.04411764705882354,0.0,0.00508474576271184,-0.003825136612021829,0.03333333333333338,0.024242424242424288,0.01754385964912286,0.03962264150943401,0.0,0.027272727272727282,0.025757575757575812,0.022727272727272763,0.02380952380952378,-0.01190476190476189,0.03030303030303033,-0.003825136612021829,0.014912280701754432,-0.015079365079365081,0.0048022598870056665,0.04402515723270445,0.005932203389830526,0.08605442176870753,-0.006010928961748596,0.03846153846153849,0.013793103448275945,-0.010752688172043001,-0.024358974358974328,-0.034848484848484795,0.013793103448275945,0.034848484848484906,-0.003825136612021829,-0.012698412698412653,-0.015079365079365081,-0.0054644808743168904,0.0,0.03522012578616357,0.028787878787878807
0.0,-0.05415690866510536,-0.02857142857142858,1.0,0.0,-0.0784632034632034,0.03676470588235292,0.0,-0.06349206349206349,-0.024515738498789352,-0.025000000000000022,-0.016625615763546764,0.07018272425249172,0.06547619047619047,0.030219780219780223,0.0,0.004545454545454575,-0.04665898617511516,0.021978021978021955,-0.014778325123152636,0.06155015197568392,0.013140161725067406,-0.005952380952380876,-0.025000000000000022,-0.0850840336134453,0.011904761904761918,-0.09642857142857142,0.04714285714285721,0.0,-0.006892230576441061,-0.020238095238095277,-0.02179176755447937,-0.06349206349206349,-0.03373015873015872,-0.032834101382488434,-0.08208955223880599,-0.032201405152224805,0.03676470588235292,0.02472527472527475,-0.015394088669950734,-0.037698412698412676,-0.019975786924939454,0.0892857142857143,0.014150943396226467,-0.022619047619047594,0.0288461538461538,0.0,0.022237196765498735,0.006818181818181834,0.0,-0.03805620608899296,-0.08159340659340664,0.0,0.0,-0.07575757575757575,-0.0357142857142857,-0.02088377723970941,-0.03809523809523818,-0.007518796992481147,-0.025000000000000022,-0.012931034482758619,0.02626050420168069,-0.013546798029556606,0.03501400560224094,-0.021428571428571408,-0.018159806295399483,-0.02927400468384067,0.0051948051948051965,0.005519480519480535,-0.008458646616541277,0.021226415094339646,-0.015476190476190477,0.005519480519480535,0.005519480519480535,0.005844155844155874,0.0,-0.04563492063492064,0.006493506493506551,-0.030737704918032793,-0.007205513784461104,-0.037698412698412676,-0.016343825665859568,0.019204851752021634,-0.019067796610169496,0.05102040816326536,-0.02781030444964866,0.02472527472527475,-0.01231527093596052,-0.044930875576036866,-0.04697802197802192,-0.06222943722943719,-0.015394088669950734,0.0061688311688312125,-0.02341920374707257,-0.03968253968253965,-0.03373015873015872,-0.033665105386416816,-0.022619047619047594,0.020215633423180668,0.00779220779220785
0.0,-0.05122950819672123,-0.033333333333333326,0.0,1.0,-0.1163419913419913,0.038515406162465016,0.0,-0.07341269841269837,-0.023607748184019395,-0.02380952380952378,-0.014162561576354649,0.11337209302325585,0.05357142857142855,0.019230769230769218,0.0,0.0061688311688312125,-0.044930875576036866,0.027472527472527486,-0.017241379310344807,0.06155015197568392,0.023247978436657768,-0.006578947368421018,-0.029761904761904767,-0.05987394957983189,0.017857142857142905,-0.09642857142857142,0.055714285714285716,0.0,-0.006265664160400919,-0.022619047619047594,-0.02088377723970941,-0.061507936507936456,-0.0575396825396825,-0.044930875576036866,-0.0967484008528785,-0.042447306791568995,0.03501400560224094,0.027472527472527486,-0.01231527093596052,-0.051587301587301626,-0.02179176755447937,0.10119047619047616,0.0181940700808626,-0.030952380952380953,0.021978021978021955,0.0,0.02526954177897578,0.00876623376623381,0.0,-0.042447306791568995,-0.07912087912087912,0.0,0.0,-0.12716450216450215,-0.03809523809523818,-0.019067796610169496,-0.033333333333333326,-0.006265664160400919,-0.025000000000000022,-0.014778325123152636,0.031512605042016806,-0.011699507389162533,0.02450980392156865,-0.01428571428571429,-0.011803874092009697,-0.042447306791568995,0.005519480519480535,0.007142857142857173,-0.008145363408521289,0.017183288409703568,-0.022619047619047594,0.005519480519480535,0.006818181818181834,0.004870129870129913,0.0,-0.03968253968253965,0.0061688311688312125,-0.03512880562060883,-0.008458646616541277,-0.047619047619047616,-0.026331719128329267,0.026280323450134813,-0.02179176755447937,0.056122448979591844,-0.03951990632318497,0.03708791208791207,-0.015394088669950734,-0.05875576036866359,-0.07664835164835154,-0.09469696969696972,-0.014778325123152636,0.0061688311688312125,-0.030737704918032793,-0.03373015873015872,-0.037698412698412676,-0.033665105386416816,-0.027380952380952395,0.026280323450134813,0.008116883116883133
0.0649350649350649,0.042225534028812683,0.04848484848484841,0.0784632034632034,0.1163419913419913,1.0,0.12477718360071305,0.07034632034632032,0.029581529581529598,0.057524396507447284,0.03939393939393937,0.06269592476489028,0.13777307963354474,0.14772727272727265,0.09382284382284378,0.07575757575757575,0.07575757575757575,0.03323558162267837,0.1101398601398601,0.07732497387669801,0.16537717601547386,0.10405946255002868,0.06937799043062204,0.05303030303030298,-0.012923351158645235,0.0976430976430977,-0.02683982683982683,0.1648484848484849,0.07305194805194803,0.06937799043062204,0.034848484848484795,0.04673857216230093,0.024531024531024515,0.023809523809523836,0.03030303030303033,-0.009271822704658539,0.042225534028812683,0.09358288770053474,0.09790209790209786,0.05642633228840127,0.021645021645021634,0.05392912172573183,0.19047619047619052,0.07432818753573472,0.04242424242424242,0.08158508158508154,0.06764069264069261,0.10777587192681531,0.08787878787878783,0.08116883116883111,0.03725782414307005,0.00815850815850827,0.08387445887445882,0.09469696969696972,0.0,0.05757575757575761,0.03775038520801233,0.04393939393939389,0.0717703349282297,0.04242424242424242,0.06269592476489028,0.0846702317290553,0.05851619644723094,0.10249554367201424,0.030303030303030276,0.03954802259887008,0.03477396920019876,0.07272727272727275,0.07575757575757575,0.06459330143540676,0.10034305317324188,0.037878787878787845,0.0696969696969697,0.07878787878787874,0.07272727272727275,0.07575757575757575,0.021645021645021634,0.08181818181818185,0.02732240437158473,0.06937799043062204,0.01803751803751802,0.050333846944016436,0.09291023441966839,0.04673857216230093,0.13667285095856524,0.03477396920019876,0.10606060606060602,0.05642633228840127,0.035190615835777095,0.00815850815850827,0.0,0.06269592476489028,0.07272727272727275,0.031048186785891718,0.01803751803751802,0.01659451659451655,0.03229011425732736,0.03939393939393937,0.0891938250428817,0.08787878787878783
-0.04376750700280113,-0.07071681131468982,-0.061764705882352944,-0.03676470588235292,-0.038515406162465016,-0.12477718360071305,1.0,-0.047268907563025264,-0.08963585434173671,-0.07444333665669661,-0.08529411764705885,-0.07572684246112238,0.05836753305973552,0.035539215686274495,-0.009426847662141802,-0.05602240896358546,-0.04705882352941182,-0.13219481340923467,-0.010180995475113197,-0.08519269776876259,0.04505632040050056,-0.019977802441731418,-0.06604747162022706,-0.08823529411764708,-0.14215686274509798,-0.034858387799564294,-0.10644257703081234,0.008235294117647118,-0.057773109243697496,-0.05572755417956654,-0.061764705882352944,-0.06380857427716846,-0.08963585434173671,-0.08963585434173671,-0.06261859582542695,-0.12642669007901675,-0.07071681131468982,0.0,-0.006033182503770773,-0.06862745098039214,-0.0859010270774977,-0.03988035892323033,0.05042016806722688,-0.01183869774324825,-0.050000000000000044,-0.006033182503770773,-0.02801120448179273,-0.01627820939696628,-0.03992869875222815,-0.04201680672268909,-0.057859209257473454,-0.10135746606334839,-0.040266106442577054,-0.04201680672268909,-0.106951871657754,-0.09411764705882364,-0.05849119308740447,-0.061764705882352944,-0.05572755417956654,-0.07058823529411767,-0.06626098715348211,0.0,-0.04496281271129143,0.0,-0.06764705882352945,-0.061149883682286466,-0.07393121182899387,-0.029946524064171087,-0.021390374331550777,-0.04747162022703816,-0.020717721050684368,-0.052941176470588214,-0.03992869875222815,-0.024242424242424232,-0.03137254901960784,-0.04376750700280113,-0.10830999066293184,-0.045632798573975064,-0.06107360977177756,-0.045407636738906076,-0.052287581699346414,-0.029245596543702235,-0.006659267480577102,-0.03988035892323033,0.011204481792717103,-0.03535840565734491,-0.006410256410256443,-0.030764029749831,-0.08001265022137888,-0.04223227752639516,-0.0802139037433155,-0.04969574036511154,-0.018538324420677404,-0.04178720668595309,-0.05975723622782447,-0.05602240896358543,-0.04821600771456122,-0.055882352941176494,-0.01775804661487229,-0.03279857397504454
0.0,-0.05122950819672123,-0.0357142857142857,0.0,0.0,-0.07034632034632032,0.047268907563025264,1.0,-0.06944444444444442,-0.029055690072639306,-0.029761904761904767,-0.016009852216748777,0.10257475083056483,0.05357142857142855,0.030219780219780223,0.0,0.0051948051948051965,-0.06048387096774188,0.021978021978021955,-0.013546798029556606,0.041033434650455974,0.017183288409703568,-0.005325814536340845,-0.02619047619047621,-0.07247899159663862,0.016534391534391568,-0.07857142857142857,0.03428571428571431,0.0,-0.005325814536340845,-0.02380952380952378,-0.02179176755447937,-0.055555555555555525,-0.03968253968253965,-0.032834101382488434,-0.08502132196162043,-0.036592505854800894,0.031512605042016806,0.026098901098901117,-0.017241379310344807,-0.04563492063492064,-0.019067796610169496,0.08333333333333337,0.017183288409703568,-0.020238095238095277,0.02472527472527475,0.0,0.01617250673854448,0.00779220779220785,0.0,-0.03951990632318497,-0.09148351648351638,0.0,0.0,-0.08387445887445882,-0.03809523809523818,-0.03541162227602901,-0.04880952380952375,-0.007205513784461104,-0.022619047619047594,-0.014162561576354649,0.031512605042016806,-0.01108374384236449,0.022759103641456613,-0.016666666666666663,-0.016343825665859568,-0.04391100702576106,0.005519480519480535,0.0051948051948051965,-0.010338345864661647,0.017183288409703568,-0.021428571428571408,0.0051948051948051965,0.006493506493506551,0.004220779220779208,0.0,-0.04563492063492064,0.006493506493506551,-0.02781030444964866,-0.005952380952380876,-0.041666666666666685,-0.02088377723970941,0.020215633423180668,-0.019067796610169496,0.035714285714285754,-0.02927400468384067,0.0288461538461538,-0.01231527093596052,-0.0518433179723502,-0.042032967032966995,-0.08116883116883111,-0.016009852216748777,0.0061688311688312125,-0.024882903981264637,-0.04365079365079366,-0.037698412698412676,-0.030737704918032793,-0.02380952380952378,0.026280323450134813,0.008441558441558417
0.049603174603174593,0.0187353629976581,0.02301587301587299,0.06349206349206349,0.07341269841269837,-0.029581529581529598,0.08963585434173671,0.06944444444444442,1.0,0.030131826741996215,0.0222222222222222,0.03147235905856599,0.11812476928756,0.08928571428571425,0.06715506715506714,0.06349206349206349,0.046176046176046204,0.008192524321556593,0.06043956043956045,0.03831417624521072,0.09726443768996962,0.04791853848457622,0.028404344193817876,0.018253968253968245,-0.02567693744164329,0.05820105820105825,-0.041269841269841234,0.08666666666666673,0.047619047619047616,0.03007518796992481,0.019047619047619035,0.025827280064568248,0.0,0.0,0.006144393241167445,-0.036958066808813084,0.01769450949778817,0.08216619981325868,0.06715506715506714,0.03420908593322386,0.0,0.024751143395211228,0.12698412698412698,0.05690326445043431,0.016666666666666663,0.06715506715506714,0.037698412698412676,0.0658879904162924,0.07157287157287157,0.06944444444444442,0.016133229247983383,-0.02051282051282044,0.06547619047619047,0.07341269841269837,-0.02813852813852813,0.031746031746031744,0.02797955340328223,0.03412698412698412,0.04010025062656647,0.018253968253968245,0.03147235905856599,0.06349206349206349,0.024630541871921208,0.05975723622782447,0.0111111111111111,0.02152273338714017,0.013531095498308665,0.03463203463203465,0.03694083694083694,0.04511278195488727,0.05989817310572032,0.0111111111111111,0.03001443001443002,0.04848484848484852,0.03924963924963926,0.03968253968253965,0.0,0.03463203463203465,0.010928961748633892,0.04344193817878034,0.0,0.030131826741996215,0.07187780772686442,0.024751143395211228,0.08163265306122447,0.011449388498568858,0.09065934065934061,0.027367268746579132,0.008704557091653853,-0.013675213675213682,-0.0209235209235209,0.030103995621237056,0.04155844155844157,0.010408534998698982,0.0,0.0,0.0130106687483737,0.015079365079365081,0.08984725965858048,0.07619047619047614
0.019975786924939454,-0.016115587663239728,-0.0064971751412429835,0.024515738498789352,0.023607748184019395,-0.057524396507447284,0.07444333665669661,0.029055690072639306,-0.030131826741996215,1.0,-0.009039548022598876,0.0113968439509059,0.16397319668900284,0.10487288135593226,0.06388526727509775,0.03177966101694918,0.03328197226502316,-0.031164570803717817,0.07073011734028689,0.008474576271186474,0.11684096646231518,0.053725615606012245,0.01665179898899799,-0.009604519774011333,-0.06729810568295108,0.05492780916509732,-0.06658595641646492,0.08237288135593229,0.023607748184019395,0.01665179898899799,-0.007062146892655385,0.0,-0.03874092009685226,-0.030131826741996215,-0.022143247676325806,-0.05464204401720213,-0.01000277854959708,0.05317381189764042,0.05932203389830509,0.008474576271186474,-0.015065913370998107,0.0,0.12348668280871672,0.015350175887432066,-0.0048022598870056665,0.038787483702737935,0.019067796610169496,0.03453789574672217,0.022187981510015442,0.01361985472154964,-0.016115587663239728,-0.046936114732724854,0.033595641646489094,0.028147699757869238,-0.061119671289162736,-0.009604519774011333,0.0,-0.009039548022598876,0.020814748736247446,-0.009322033898305104,0.010227936879018129,0.07178464606181462,0.009935710111046214,0.06912595546693262,-0.007062146892655385,0.0,-0.016115587663239728,0.03204930662557781,0.03204930662557781,0.02140945584299736,0.05756315957787028,-0.008192090395480245,0.03328197226502316,0.0357473035439137,0.03328197226502316,0.02723970944309928,-0.03443637341942418,0.0357473035439137,-0.013892747985551512,0.01665179898899799,-0.029055690072639195,0.0,0.04605052766229617,0.0,0.08993427879626431,-0.01500416782439562,0.04106910039113432,0.007305669199298648,-0.02624384909786759,-0.03754889178617993,-0.06471494607087824,0.008182349503214503,0.027118644067796627,-0.011114198388441188,-0.031207963411353234,-0.015065913370998107,-0.012781328146707405,-0.007627118644067787,0.04221298369043819,0.022187981510015442
0.03214285714285714,-0.006284153005464421,0.0,0.025000000000000022,0.02380952380952378,-0.03939393939393937,0.08529411764705885,0.029761904761904767,-0.0222222222222222,0.009039548022598876,1.0,0.024137931034482807,0.1713178294573644,0.125,0.0871794871794872,0.040476190476190554,0.05757575757575761,-0.01935483870967747,0.06666666666666665,0.01839080459770126,0.13829787234042556,0.0660377358490567,0.03245614035087718,0.0,-0.0725490196078431,0.07592592592592595,-0.06428571428571428,0.08333333333333337,0.044047619047619,0.02807017543859658,0.0,0.009322033898305104,-0.0222222222222222,-0.021428571428571408,-0.01290322580645159,-0.05223880597014924,-0.006284153005464421,0.055882352941176494,0.06153846153846154,0.015517241379310376,-0.015079365079365081,0.007062146892655385,0.08571428571428572,0.03081761006289313,0.0,0.033333333333333326,0.022619047619047594,0.059433962264150986,0.03030303030303033,0.02380952380952378,-0.006284153005464421,-0.03589743589743588,0.03214285714285714,0.027380952380952395,-0.034848484848484795,0.0,0.005932203389830526,0.0,0.03157894736842104,0.0,0.02183908045977012,0.0794117647058824,0.014367816091954033,0.08529411764705885,0.0,0.009322033898305104,-0.005191256830601065,0.043939393939393945,0.03181818181818186,0.021052631578947434,0.07484276729559769,0.0,0.048484848484848575,0.0378787878787879,0.048484848484848575,0.040476190476190554,-0.02460317460317457,0.051515151515151625,-0.006284153005464421,0.023684210526315863,-0.015079365079365081,0.004237288135593209,0.03962264150943401,0.006779661016949212,0.08979591836734702,-0.005737704918032771,0.046153846153846156,0.01609195402298852,-0.011827956989247268,-0.021794871794871717,-0.0318181818181818,0.014942528735632177,0.027272727272727282,-0.0071038251366120075,-0.018253968253968245,-0.0111111111111111,-0.0054644808743168904,0.0,0.04182389937106923,0.03030303030303033
0.016009852216748777,-0.022046353872244184,-0.012068965517241403,0.016625615763546764,0.014162561576354649,-0.06269592476489028,0.07572684246112238,0.016009852216748777,-0.03147235905856599,-0.0113968439509059,-0.024137931034482807,1.0,0.14434643143544512,0.12571839080459768,0.06962864721485407,0.022783251231527024,0.03197492163009408,-0.0422691879866518,0.06564986737400524,0.0,0.13316214233308876,0.05367599219258301,0.011191772534785205,-0.020689655172413834,-0.09127789046653145,0.05363984674329503,-0.07684729064039408,0.08551724137931038,0.019704433497536922,0.010889292196007205,-0.012068965517241403,-0.0096434833430743,-0.0451559934318555,-0.03831417624521072,-0.025583982202447175,-0.06716417910447764,-0.016110797060486126,0.03786342123056119,0.03779840848806365,0.0,-0.021893814997263283,-0.006721215663354763,0.08538587848932677,0.01789199739752767,-0.008620689655172431,0.0238726790450928,0.010467980295566504,0.04066363044892651,0.019749216300940453,0.010467980295566504,-0.0245901639344262,-0.057559681697612664,0.02155172413793105,0.016625615763546764,-0.05433646812957155,-0.019540229885057547,-0.006721215663354763,-0.014367816091954033,0.011191772534785205,-0.023563218390804663,0.0,0.06862745098039214,0.0,0.07572684246112238,-0.017816091954023006,-0.009935710111046214,-0.02119841718485016,0.02915360501567399,0.024451410658307193,0.008469449485783487,0.061808718282368336,-0.01666666666666672,0.03385579937304073,0.025391849529780575,0.03385579937304073,0.025246305418719084,-0.04378762999452657,0.037617554858934144,-0.01695873374788015,0.007562008469449488,-0.03284072249589498,-0.004967855055523107,0.02765126870527007,-0.007013442431326733,0.08233638282899369,-0.015262860373092157,0.031830238726790416,0.0,-0.03225806451612906,-0.03527851458885939,-0.04806687565308254,0.0,0.018808777429467072,-0.01695873374788015,-0.03831417624521072,-0.015051997810618528,-0.015262860373092157,-0.014367816091954033,0.030904359141184168,0.015047021943573657
-0.07558139534883723,-0.10979794128860082,-0.0922480620155039,-0.07018272425249172,-0.11337209302325585,-0.13777307963354474,-0.05836753305973552,-0.10257475083056483,-0.11812476928756,-0.16397319668900284,-0.1713178294573644,-0.14434643143544512,1.0,-0.04118217054263568,-0.07647584973166371,-0.11337209302325585,-0.13699788583509515,-0.17816954238559646,-0.07647584973166371,-0.12028869286287086,-0.03760514596734288,-0.10530934620447568,-0.13137494900040803,-0.1713178294573644,-0.22229822161422713,-0.12316968130921624,-0.1435215946843854,-0.06511627906976741,-0.10257475083056483,-0.10281517747858021,-0.09883720930232565,-0.15766653527788732,-0.14765596160945,-0.15503875968992253,-0.14966241560390103,-0.13328705310656025,-0.12352268394967597,-0.06201550387596899,-0.06842576028622543,-0.11427425821972736,-0.11074197120708754,-0.12613322822230982,0.007751937984496138,-0.05265467310223784,-0.09883720930232565,-0.04830053667262976,-0.06478405315614624,-0.061430451952610765,-0.05581395348837209,-0.05398671096345517,-0.12352268394967597,-0.1259391771019678,-0.10257475083056483,-0.10257475083056483,-0.1782945736434109,-0.11860465116279073,-0.1009065825778479,-0.10542635658914734,-0.14279885760913918,-0.14496124031007757,-0.14434643143544512,-0.10579115367077063,-0.12630312750601447,-0.05471956224350211,-0.11201550387596904,-0.11982656681119436,-0.12352268394967597,-0.07610993657505288,-0.08625792811839322,-0.11423908608731126,-0.0833698990785432,-0.14496124031007757,-0.10655391120507401,-0.09133192389006345,-0.08118393234672305,-0.10797342192691034,-0.16980435585086756,-0.11162790697674418,-0.1303850552802135,-0.14279885760913918,-0.14765596160945,-0.1009065825778479,-0.07020623080298377,-0.11982656681119436,-0.05125771238728055,-0.1646969119329013,-0.07647584973166371,-0.14434643143544512,-0.15678919729932483,-0.13381037567084075,-0.1863988724453841,-0.09021651964715321,-0.09640591966173362,-0.10979794128860082,-0.13289036544850502,-0.11074197120708754,-0.09607319862752572,-0.11201550387596904,-0.05704256252742432,-0.08118393234672305
-0.06547619047619047,-0.11543715846994529,-0.0625,-0.06547619047619047,-0.05357142857142855,-0.14772727272727265,-0.035539215686274495,-0.05357142857142855,-0.08928571428571425,-0.10487288135593226,-0.125,-0.12571839080459768,0.04118217054263568,1.0,-0.04647435897435903,-0.09523809523809523,-0.07954545454545447,-0.155241935483871,-0.05288461538461542,-0.11853448275862066,0.0146276595744681,-0.0589622641509433,-0.11184210526315785,-0.1166666666666667,-0.196078431372549,-0.07638888888888884,-0.16369047619047616,-0.02499999999999991,-0.0982142857142857,-0.1282894736842104,-0.0625,-0.12817796610169496,-0.12400793650793646,-0.12896825396825395,-0.08467741935483869,-0.13588308457711445,-0.08435792349726773,-0.017156862745098034,-0.0288461538461538,-0.08620689655172409,-0.07936507936507936,-0.08545197740112992,0.03273809523809526,-0.017688679245282973,-0.05416666666666664,-0.019230769230769246,-0.047619047619047616,-0.04520440251572322,-0.05833333333333329,-0.05357142857142855,-0.11543715846994529,-0.12532051282051282,-0.07738095238095233,-0.06547619047619047,-0.125,-0.12916666666666665,-0.06991525423728812,-0.06666666666666671,-0.09868421052631571,-0.14583333333333337,-0.10775862068965514,-0.02573529411764708,-0.0897988505747126,-0.035539215686274495,-0.125,-0.10487288135593226,-0.09767759562841527,-0.07424242424242422,-0.055681818181818166,-0.06907894736842102,-0.06289308176100628,-0.10000000000000003,-0.0901515151515151,-0.0715909090909091,-0.06893939393939391,-0.09226190476190477,-0.1686507936507936,-0.0901515151515151,-0.0887978142076502,-0.08552631578947362,-0.07936507936507936,-0.0737994350282486,-0.023584905660377325,-0.07768361581920902,-0.009353741496598622,-0.07103825136612019,-0.027243589743589758,-0.0682471264367816,-0.10819892473118281,-0.09262820512820508,-0.11931818181818182,-0.0897988505747126,-0.04507575757575755,-0.0932377049180328,-0.12896825396825395,-0.059523809523809534,-0.057718579234972645,-0.10416666666666663,-0.041273584905660354,-0.047727272727272674
-0.0357142857142857,-0.06809583858764179,-0.0435897435897436,-0.030219780219780223,-0.019230769230769218,-0.09382284382284378,0.009426847662141802,-0.030219780219780223,-0.06715506715506714,-0.06388526727509775,-0.0871794871794872,-0.06962864721485407,0.07647584973166371,0.04647435897435903,1.0,-0.0357142857142857,-0.027272727272727282,-0.09615384615384615,0.0,-0.0576923076923076,0.05523731587561376,-0.009433962264150886,-0.055668016194331926,-0.07435897435897432,-0.13122171945701344,-0.019943019943019835,-0.11868131868131865,0.020000000000000018,-0.04807692307692302,-0.05735492577597834,-0.05897435897435899,-0.06388526727509775,-0.0973748473748473,-0.08058608058608058,-0.07444168734491313,-0.12485648679678524,-0.05674653215636816,0.007164404223227783,0.0,-0.05570291777188324,-0.06379731379731379,-0.05704041720990871,0.06868131868131866,-0.005442670537010141,-0.03846153846153849,0.0,-0.027472527472527486,-0.007982583454281489,-0.022027972027971965,-0.0288461538461538,-0.06242118537200503,-0.09615384615384615,-0.038461538461538436,-0.023351648351648324,-0.08158508158508154,-0.0692307692307692,-0.04563233376792697,-0.05384615384615382,-0.05735492577597834,-0.08974358974358976,-0.05968169761273212,0.010558069381598867,-0.0576923076923076,0.012066365007541546,-0.09487179487179487,-0.10039113428943935,-0.06242118537200503,-0.02412587412587408,-0.018881118881118875,-0.037112010796221284,-0.011248185776487563,-0.0641025641025641,-0.029370629370629286,-0.028321678321678256,-0.028321678321678256,-0.041208791208791284,-0.11080586080586075,-0.03566433566433558,-0.04823455233291296,-0.037112010796221284,-0.0537240537240537,-0.04563233376792697,-0.004716981132075443,-0.05475880052151233,0.02237048665620095,-0.05390920554854978,0.0,-0.0477453580901856,-0.07444168734491313,-0.0692307692307692,-0.09790209790209786,-0.049734748010610064,-0.018881118881118875,-0.06242118537200503,-0.0973748473748473,-0.07387057387057389,-0.06525851197982341,-0.051282051282051266,-0.007256894049346818,-0.022027972027971965
0.0,-0.04683840749414514,-0.02619047619047621,0.0,0.0,-0.07575757575757575,0.05602240896358546,0.0,-0.06349206349206349,-0.03177966101694918,-0.040476190476190554,-0.022783251231527024,0.11337209302325585,0.09523809523809523,0.0357142857142857,1.0,0.01006493506493511,-0.06739631336405527,0.03708791208791207,-0.01908866995073888,0.08890577507598785,0.0242587601078168,-0.008458646616541277,-0.03452380952380951,-0.10084033613445376,0.020502645502645578,-0.09285714285714286,0.05142857142857149,0.0,-0.009085213032581363,-0.02619047619047621,-0.028147699757869238,-0.06746031746031744,-0.051587301587301626,-0.038018433179723476,-0.08208955223880599,-0.03805620608899296,0.03501400560224094,0.026098901098901117,-0.01908866995073888,-0.04563492063492064,-0.019067796610169496,0.0654761904761905,0.013140161725067406,-0.020238095238095277,0.021978021978021955,0.0,0.023247978436657768,0.008116883116883133,0.0,-0.036592505854800894,-0.07912087912087912,0.0,0.0,-0.07305194805194803,-0.03809523809523818,-0.023607748184019395,-0.036904761904761885,-0.008458646616541277,-0.030952380952380953,-0.016625615763546764,0.0332633053221289,-0.014778325123152636,0.04201680672268909,-0.027380952380952395,-0.022699757869249382,-0.03512880562060883,0.007467532467532512,0.00779220779220785,-0.010338345864661647,0.030323450134771,-0.021428571428571408,0.00909090909090915,0.0061688311688312125,0.007142857142857173,0.0,-0.061507936507936456,0.00876623376623381,-0.03805620608899296,-0.00877192982456132,-0.03373015873015872,-0.016343825665859568,0.017183288409703568,-0.02088377723970941,0.056122448979591844,-0.026346604215456648,0.0288461538461538,-0.01108374384236449,-0.044930875576036866,-0.03956043956043956,-0.06222943722943719,-0.014778325123152636,0.004220779220779208,-0.02927400468384067,-0.0357142857142857,-0.025793650793650813,-0.02927400468384067,-0.029761904761904767,0.023247978436657768,0.008441558441558417
-0.0061688311688312125,-0.03219076005961252,-0.027272727272727282,-0.004545454545454575,-0.0061688311688312125,-0.07575757575757575,0.04705882352941182,-0.0051948051948051965,-0.046176046176046204,-0.03328197226502316,-0.05757575757575761,-0.03197492163009408,0.13699788583509515,0.07954545454545447,0.027272727272727282,-0.01006493506493511,1.0,-0.07390029325513203,0.03776223776223775,-0.034796238244514055,0.10831721470019351,0.02675814751286454,-0.024880382775119503,-0.05606060606060603,-0.12165775401069512,0.011784511784511786,-0.09350649350649354,0.0472727272727273,-0.011688311688311748,-0.021052631578947323,-0.03333333333333338,-0.03821263482280435,-0.05772005772005773,-0.08080808080808077,-0.057478005865102655,-0.08141112618724561,-0.04113263785394933,0.025668449197860932,0.018881118881118875,-0.022570532915360486,-0.04155844155844157,-0.020955315870570146,0.0675324675324675,0.009605488850771893,-0.025757575757575812,0.011538461538461525,-0.0051948051948051965,0.015094339622641562,0.0,-0.005844155844155874,-0.030402384500745172,-0.05874125874125874,-0.0061688311688312125,-0.005519480519480535,-0.06666666666666671,-0.043939393939393945,-0.01725731895223423,-0.021212121212121238,-0.018500797448165796,-0.043939393939393945,-0.027272727272727226,0.03422459893048124,-0.024451410658307193,0.04135472370766491,-0.045454545454545525,-0.03821263482280435,-0.03397913561847987,0.0,0.0,-0.014035087719298234,0.02538593481989715,-0.043939393939393945,0.0,0.0,0.0,-0.010389610389610393,-0.08080808080808077,0.0,-0.03219076005961252,-0.016586921850079706,-0.046176046176046204,-0.01479198767334361,0.008919382504288198,-0.027118644067796627,0.053432282003710585,-0.03219076005961252,0.01783216783216779,-0.019749216300940453,-0.04105571847507333,-0.044755244755244755,-0.05757575757575761,-0.018808777429467072,0.0,-0.030402384500745172,-0.04848484848484852,-0.03463203463203465,-0.028614008941877767,-0.03939393939393937,0.012349914236706727,0.0
0.05357142857142849,0.007932310946589138,0.01290322580645159,0.04665898617511516,0.044930875576036866,-0.03323558162267837,0.13219481340923467,0.06048387096774188,-0.008192524321556593,0.031164570803717817,0.01935483870967747,0.0422691879866518,0.17816954238559646,0.155241935483871,0.09615384615384615,0.06739631336405527,0.07390029325513203,1.0,0.10545905707196024,0.04449388209121252,0.16472203157172272,0.08764455264759585,0.04951895868704015,0.016666666666666607,-0.05123339658444015,0.08124253285543614,-0.047926267281105994,0.09677419354838712,0.06566820276497687,0.04951895868704015,0.011827956989247268,0.028704209950792703,-0.008448540706605168,-0.009216589861751112,0.0,-0.040924410207029416,0.007932310946589138,0.05913978494623656,0.05893300248138955,0.03559510567296997,-0.00665642601126476,0.01722252597047569,0.13056835637480796,0.04930006086427274,0.011290322580645162,0.04652605459057074,0.036290322580645185,0.07121119902617168,0.06568914956011729,0.04665898617511516,0.007667900581702858,-0.02307692307692305,0.055299539170506895,0.048387096774193505,-0.025415444770283457,0.022043010752688108,0.022143247676325806,0.01505376344086018,0.04668930390492365,0.016129032258064502,0.036707452725250334,0.06957621758380772,0.027808676307007785,0.08697027197975965,0.013440860215053752,0.023783488244942586,0.007667900581702858,0.057478005865102655,0.057478005865102655,0.0481041312959819,0.09312233718807073,0.01559139784946234,0.07390029325513203,0.04926686217008802,0.05542521994134897,0.055299539170506895,-0.009216589861751112,0.0780058651026393,0.006345848757271344,0.03678551216751558,-0.006144393241167445,0.019682886823400803,0.05203895313451007,0.022143247676325806,0.08986175115207379,0.006081438392385008,0.07133995037220842,0.023359288097886566,0.0,-0.014143920595533488,-0.024437927663734094,0.0311457174638487,0.030791788856305013,0.005817028027498672,-0.00665642601126476,-0.004864311315924241,0.005023796932839775,0.016666666666666607,0.0821667681071212,0.05337243401759528
-0.02472527472527475,-0.05958385876418659,-0.051282051282051266,-0.021978021978021955,-0.027472527472527486,-0.1101398601398601,0.010180995475113197,-0.021978021978021955,-0.06043956043956045,-0.07073011734028689,-0.06666666666666665,-0.06564986737400524,0.07647584973166371,0.05288461538461542,0.0,-0.03708791208791207,-0.03776223776223775,-0.10545905707196024,1.0,-0.07161803713527848,0.07364975450081834,-0.013425253991291686,-0.0657894736842104,-0.07692307692307698,-0.13122171945701344,-0.022079772079772075,-0.11868131868131865,0.020769230769230873,-0.038461538461538436,-0.062415654520917685,-0.03846153846153849,-0.06616688396349407,-0.07387057387057389,-0.1208791208791209,-0.07444168734491313,-0.08610792192881744,-0.04823455233291296,0.004524886877828066,0.0,-0.03779840848806365,-0.04700854700854698,-0.03422425032594528,0.0412087912087912,-0.0025399129172713752,-0.03846153846153849,0.0,-0.021978021978021955,-0.007982583454281489,-0.018881118881118875,-0.019230769230769218,-0.07093316519546022,-0.0807692307692307,-0.03296703296703296,-0.027472527472527486,-0.10198135198135194,-0.07948717948717954,-0.03194263363754887,-0.03589743589743588,-0.047233468286099756,-0.08205128205128209,-0.06167108753315653,0.0075414781297134525,-0.0576923076923076,0.011689291101055765,-0.07435897435897432,-0.05932203389830509,-0.06525851197982341,-0.038811188811188835,-0.0346153846153846,-0.038798920377867696,-0.013788098693758966,-0.08205128205128209,-0.04195804195804187,-0.029370629370629286,-0.03566433566433558,-0.04258241758241765,-0.1074481074481074,-0.036713286713286664,-0.05390920554854978,-0.04385964912280699,-0.08394383394383392,-0.05019556714471968,-0.0050798258345427505,-0.05704041720990871,0.034144427001569944,-0.05958385876418659,0.0,-0.04177718832891242,-0.07444168734491313,-0.07692307692307687,-0.09382284382284378,-0.039787798408488007,-0.01678321678321676,-0.04255989911727617,-0.08394383394383392,-0.03693528693528694,-0.034047919293820894,-0.07948717948717954,-0.0061683599419447566,-0.013636363636363641
0.016009852216748777,-0.02119841718485016,-0.01149425287356326,0.014778325123152636,0.017241379310344807,-0.07732497387669801,0.08519269776876259,0.013546798029556606,-0.03831417624521072,-0.008474576271186474,-0.01839080459770126,0.0,0.12028869286287086,0.11853448275862066,0.0576923076923076,0.01908866995073888,0.034796238244514055,-0.04449388209121252,0.07161803713527848,1.0,0.14526779163609682,0.05367599219258301,0.013006654567453202,-0.02011494252873569,-0.07606490872210953,0.04597701149425282,-0.10049261083743843,0.08827586206896554,0.023399014778325067,0.011494252873563315,-0.01149425287356326,-0.008766803039158444,-0.03968253968253971,-0.051997810618500284,-0.036707452725250334,-0.08800823468862584,-0.028829847371396267,0.04732927653820146,0.03580901856763924,0.0,-0.04105090311986864,-0.005844535359438963,0.08538587848932677,0.03253090435914119,-0.012643678160919603,0.02785145888594162,0.014162561576354649,0.05367599219258301,0.03103448275862064,0.018472906403940836,-0.02035048049745619,-0.04641909814323608,0.016625615763546764,0.017241379310344807,-0.05851619644723094,-0.020689655172413834,-0.004675628287551192,-0.012068965517241403,0.00907441016333943,-0.017816091954023006,0.0,0.04496281271129143,0.0,0.0733603786342123,-0.01666666666666672,-0.009351256575102385,-0.02035048049745619,0.027272727272727226,0.024451410658307193,0.007864488808227488,0.060182173064411204,-0.014942528735632177,0.034796238244514055,0.022570532915360486,0.027272727272727226,0.018472906403940836,-0.051997810618500284,0.037617554858934144,-0.01695873374788015,0.008166969147005487,-0.025998905309250142,-0.0061367621274108775,0.02765126870527007,-0.007890122735242588,0.07283603096410979,-0.01695873374788015,0.049734748010610064,0.0,-0.03448275862068961,-0.038992042440318286,-0.043887147335423204,0.0,0.013166144200626978,-0.014414923685698133,-0.030103995621237056,-0.023262178434592218,-0.01356698699830411,-0.017241379310344862,0.04066363044892651,0.024451410658307193
