0,1,2,3,4,5,6,7,8,9,10,11,12,13,14,15,16,17,18,19,20,21,22,23,24,25,26,27,28,29,30,31,32,33,34,35,36,37,38,39,40,41,42,43,44,45,46,47,48,49,50,51,52,53,54,55,56,57,58,59,60,61,62,63,64,65,66,67,68,69,70,71,72,73,74,75,76,77,78,79,80,81,82,83,84,85,86,87,88,89,90,91,92,93,94,95,96,97,98,99
1.0,-0.031944444444444386,-0.036111111111111094,0.10000000000000009,0.03035230352303525,0.0,0.0,-0.036281179138321906,0.007575757575757569,-0.007729468599033784,0.06549707602339189,0.010335917312661508,0.04786324786324786,0.05079365079365081,-0.012499999999999983,0.030158730158730218,0.0,0.04786324786324786,0.022222222222222254,0.026016260162601612,0.015176151761517626,0.030555555555555614,0.0,-0.005797101449275366,0.00909090909090915,-0.004347826086956497,0.009302325581395349,0.02384823848238482,0.013436692506459957,-0.039215686274509776,-0.017021276595744594,0.0365079365079366,0.04336043360433606,0.06666666666666671,0.01904761904761909,0.0,0.01904761904761909,0.021705426356589175,0.01757105943152454,0.008585858585858586,0.0,0.0,0.026984126984127,-0.024999999999999967,0.006565656565656608,0.01904761904761909,0.030555555555555614,0.06349206349206352,0.034688346883468835,0.022222222222222254,0.11111111111111122,0.011111111111111183,0.00909090909090915,0.03333333333333338,0.03760683760683764,0.13660130718954255,0.08888888888888896,0.051282051282051266,0.010335917312661508,0.03076923076923077,-0.012499999999999983,0.0735632183908046,-0.0377777777777778,0.02384823848238482,-0.013888888888888867,0.02384823848238482,0.08648648648648649,0.016666666666666677,0.023809523809523836,0.03611111111111115,0.00303030303030305,0.028571428571428636,0.0,0.036856368563685626,0.032748538011695943,-0.039215686274509776,-0.006763285024154575,0.0060606060606061,-0.009178743961352653,-0.02638888888888885,0.0158730158730159,0.05321637426900594,-0.01891252955082734,0.020634920634920673,-0.012698412698412681,0.03888888888888892,0.030555555555555614,0.010335917312661508,0.0862745098039216,0.030555555555555614,0.06495726495726495,0.019638242894056857,-0.016666666666666663,0.0,0.026016260162601612,0.0317460317460318,0.0,0.0491228070175439,0.0,0.057309941520467866
0.031944444444444386,1.0,0.0,0.11805555555555558,0.06758130081300812,0.031944444444444386,0.024999999999999967,-0.007227891156462607,0.03030303030303033,0.017210144927536197,0.06578947368421056,0.03875968992248058,0.08653846153846151,0.10833333333333334,0.0,0.0625,0.0222222222222222,0.05288461538461539,0.059523809523809534,0.03912601626016257,0.03912601626016257,0.050000000000000044,0.030555555555555503,0.012681159420289856,0.03598484848484845,0.013586956521739135,0.036337209302325535,0.0533536585365853,0.055717054263565824,-0.024509803921568596,0.010638297872340496,0.059523809523809534,0.07469512195121952,0.09027777777777785,0.041666666666666685,0.020833333333333315,0.047619047619047616,0.05813953488372092,0.04844961240310075,0.03219696969696967,0.024999999999999967,0.030555555555555503,0.0625,0.0,0.022727272727272763,0.059523809523809534,0.07916666666666666,0.10059523809523813,0.0533536585365853,0.0625,0.12500000000000006,0.058712121212121215,0.034090909090909116,0.07083333333333336,0.07211538461538458,0.12009803921568629,0.10416666666666669,0.07211538461538458,0.02906976744186046,0.05769230769230771,0.0,0.10919540229885058,-0.01916666666666672,0.06758130081300812,0.0,0.06402439024390244,0.09290540540540537,0.08333333333333337,0.03869047619047622,0.05833333333333335,0.028409090909090884,0.0535714285714286,0.02916666666666662,0.07113821138211379,0.04385964912280704,-0.019607843137254888,0.014492753623188415,0.0378787878787879,0.015398550724637639,0.0,0.035714285714285754,0.0767543859649123,0.008865248226950395,0.03273809523809526,-0.0029761904761904656,0.05833333333333335,0.06666666666666671,0.03875968992248058,0.08578431372549022,0.033333333333333354,0.07211538461538458,0.043604651162790664,0.0,0.0222222222222222,0.0533536585365853,0.05654761904761907,0.016666666666666663,0.06030701754385967,0.018055555555555547,0.08771929824561409
0.036111111111111094,0.0,1.0,0.12500000000000006,0.06046747967479671,0.04166666666666663,0.031944444444444386,-0.010204081632653017,0.0378787878787879,0.015398550724637639,0.06030701754385967,0.02906976744186046,0.0625,0.08511904761904762,0.0,0.0535714285714286,0.016666666666666663,0.08653846153846151,0.04464285714285715,0.06046747967479671,0.0533536585365853,0.05833333333333335,0.02916666666666662,0.010869565217391297,0.03598484848484845,0.014492753623188415,0.031492248062015504,0.046239837398374006,0.02906976744186046,-0.02328431372549017,0.0066489361702127825,0.041666666666666685,0.046239837398374006,0.07638888888888892,0.035714285714285754,0.02916666666666662,0.035714285714285754,0.031492248062015504,0.031492248062015504,0.03030303030303033,0.01944444444444443,0.023611111111111083,0.03869047619047622,0.0,0.026515151515151547,0.029761904761904767,0.041666666666666685,0.06964285714285715,0.05691056910569103,0.03273809523809526,0.09722222222222227,0.04734848484848486,0.03977272727272724,0.045833333333333365,0.08173076923076922,0.19730392156862747,0.13888888888888895,0.10096153846153844,0.02906976744186046,0.06730769230769229,0.0,0.10919540229885058,-0.018333333333333313,0.0533536585365853,0.0,0.046239837398374006,0.08051801801801806,0.07638888888888892,0.05654761904761907,0.10000000000000009,0.026515151515151547,0.059523809523809534,0.02916666666666662,0.04979674796747968,0.06030701754385967,-0.02328431372549017,0.014492753623188415,0.0378787878787879,0.011775362318840632,0.0,0.047619047619047616,0.027412280701754388,0.0066489361702127825,0.035714285714285754,-0.004676870748299311,0.045833333333333365,0.050000000000000044,0.031492248062015504,0.14583333333333331,0.045833333333333365,0.043269230769230754,0.036337209302325535,0.0,0.0222222222222222,0.06402439024390244,0.03869047619047622,0.009722222222222215,0.03289473684210528,0.02638888888888885,0.0767543859649123
-0.10000000000000009,-0.11805555555555558,-0.12500000000000006,1.0,-0.0745257452574527,-0.10555555555555562,-0.08888888888888896,-0.11791383219954649,-0.06565656565656569,-0.11473429951690828,-0.01900584795321636,-0.05426356589147291,-0.02564102564102566,0.011111111111111072,-0.07638888888888892,-0.06349206349206354,-0.08888888888888896,-0.019230769230769273,-0.051587301587301626,-0.03726287262872635,-0.03387533875338758,-0.01944444444444446,-0.06666666666666671,-0.05434782608695654,-0.050505050505050525,-0.07850241545893721,-0.0452196382428941,-0.030487804878048808,-0.06330749354005172,-0.12254901960784315,-0.13652482269503546,-0.0674603174603175,-0.04742547425474258,0.0,-0.047619047619047616,-0.06666666666666671,-0.0753968253968254,-0.05878552971576234,-0.07235142118863058,-0.08585858585858591,-0.08888888888888896,-0.0944444444444445,-0.03968253968253971,-0.10416666666666669,-0.10606060606060613,-0.03968253968253971,-0.03888888888888892,0.01031746031746028,-0.04742547425474258,-0.051587301587301626,0.0,-0.08080808080808083,-0.09595959595959602,-0.03888888888888892,-0.03632478632478636,0.022875816993464027,0.0,-0.02564102564102566,-0.05878552971576234,-0.019230769230769273,-0.10416666666666669,0.08045977011494249,-0.14000000000000007,-0.03726287262872635,-0.07638888888888892,-0.040650406504065095,-0.010510510510510551,0.0,-0.047619047619047616,-0.030555555555555558,-0.03535353535353536,-0.051587301587301626,-0.0722222222222223,-0.04403794037940384,-0.013157894736842118,-0.13071895424836605,-0.08454106280193241,-0.06060606060606061,-0.11473429951690828,-0.13194444444444448,-0.03968253968253971,-0.020467836257309968,-0.08451536643026009,-0.07142857142857145,-0.1031746031746032,-0.05277777777777781,-0.03888888888888892,-0.04974160206718353,0.01797385620915032,-0.033333333333333326,-0.019230769230769273,-0.07235142118863058,-0.08333333333333337,-0.07777777777777783,-0.04403794037940384,-0.047619047619047616,-0.06111111111111117,-0.023391812865497075,-0.08333333333333337,-0.01900584795321636
-0.03035230352303525,-0.06758130081300812,-0.06046747967479671,0.0745257452574527,1.0,-0.041192411924119265,-0.03035230352303525,-0.05574912891986061,-0.02827050997782704,-0.05302226935312826,0.01925545571245188,-0.018150879183210455,0.023764853033145683,0.07108013937282232,-0.07825203252032514,-0.009291521486643417,-0.04336043360433606,0.01375859912445282,-0.008710801393728151,0.0,0.0,0.00792682926829269,-0.03252032520325199,-0.03181336161187698,-0.026607538802660702,-0.04506892895015907,-0.017016449234259767,0.0,-0.019285309132161088,-0.12912482065997133,-0.06538661131292162,-0.009872241579558627,0.0,0.05081300813008138,-0.012195121951219523,-0.034688346883468835,-0.011033681765389047,-0.013613159387407814,-0.017016449234259767,-0.029933481152993324,-0.041192411924119265,-0.041192411924119265,-0.009872241579558627,-0.06046747967479671,-0.03159645232815966,-0.009872241579558627,0.0128048780487805,0.06689895470383278,0.0,-0.007549361207897787,0.05081300813008138,-0.03325942350332589,-0.029933481152993324,0.014024390243902563,0.03001876172607887,0.05021520803443333,0.040650406504065095,0.02126328955597251,-0.026091888825864995,0.01751094434021261,-0.06758130081300812,0.1312026913372582,-0.11414634146341462,0.0,-0.06046747967479671,0.0,0.02900461437046803,0.060975609756097615,-0.006968641114982521,0.006707317073170793,-0.023281596452328135,-0.008710801393728151,-0.034688346883468835,0.0,0.02503209242618748,-0.11477761836441885,-0.04241781548250262,-0.02494456762749442,-0.03976670201484617,-0.07113821138211379,-0.007549361207897787,0.02888318356867786,-0.04670472236637252,-0.008710801393728151,-0.06769537083125932,0.01036585365853665,0.007317073170731769,-0.018150879183210455,0.035150645624103305,0.009146341463414698,0.012507817385866177,-0.02155416903006241,-0.06046747967479671,-0.02384823848238482,0.0,-0.006968641114982521,-0.026016260162601612,0.02310654685494229,-0.03035230352303525,0.0211810012836971
0.0,-0.031944444444444386,-0.04166666666666663,0.10555555555555562,0.041192411924119265,1.0,0.0,-0.04535147392290251,0.012626262626262652,-0.008212560386473444,0.05321637426900594,0.010335917312661508,0.04444444444444445,0.05079365079365081,-0.018055555555555547,0.0365079365079366,0.0,0.06153846153846154,0.01746031746031751,0.036856368563685626,0.017344173441734417,0.025000000000000022,0.0,-0.005314009661835706,0.00909090909090915,-0.005314009661835706,0.013436692506459957,0.019512195121951237,0.01653746770025838,-0.04183006535947709,-0.015130023640661905,0.030158730158730218,0.039024390243902474,0.06666666666666671,0.022222222222222254,0.0,0.020634920634920673,0.01757105943152454,0.01757105943152454,0.009595959595959602,0.0,0.0,0.023809523809523836,-0.020833333333333315,0.00909090909090915,0.01746031746031751,0.03333333333333338,0.06984126984126987,0.039024390243902474,0.022222222222222254,0.11666666666666675,0.011616161616161635,0.013131313131313216,0.025000000000000022,0.07521367521367528,0.19411764705882362,0.12777777777777788,0.07863247863247869,0.01550387596899222,0.03076923076923077,-0.0222222222222222,0.1103448275862069,-0.05111111111111111,0.02168021680216803,-0.016666666666666663,0.03035230352303525,0.09129129129129132,0.03888888888888892,0.026984126984127,0.05277777777777781,0.00303030303030305,0.028571428571428636,0.0,0.034688346883468835,0.04502923976608192,-0.05228758169934633,-0.009178743961352653,0.006565656565656608,-0.009661835748792202,-0.027777777777777735,0.030158730158730218,0.06140350877192985,-0.01891252955082734,0.030158730158730218,-0.02721088435374147,0.047222222222222276,0.025000000000000022,0.010335917312661508,0.12222222222222223,0.047222222222222276,0.03760683760683764,0.021705426356589175,-0.016666666666666663,0.0,0.045528455284552904,0.026984126984127,0.0,0.057309941520467866,0.0,0.0491228070175439
0.0,-0.024999999999999967,-0.031944444444444386,0.08888888888888896,0.03035230352303525,0.0,1.0,-0.04535147392290251,0.013131313131313216,-0.010628019323671412,0.07368421052631585,0.018604651162790697,0.02393162393162393,0.0761904761904762,-0.0222222222222222,0.03333333333333338,0.0,0.07179487179487182,0.023809523809523836,0.052032520325203224,0.036856368563685626,0.04444444444444451,0.0,-0.011594202898550732,0.009595959595959602,-0.010144927536231862,0.018604651162790697,0.03252032520325199,0.019638242894056857,-0.0444444444444444,-0.008510638297872297,0.025396825396825418,0.02818428184281846,0.06111111111111117,0.022222222222222254,0.0,0.020634920634920673,0.01653746770025838,0.013436692506459957,0.009595959595959602,0.0,0.0,0.020634920634920673,-0.01944444444444443,0.0060606060606061,0.0158730158730159,0.022222222222222254,0.04444444444444445,0.03252032520325199,0.020634920634920673,0.11111111111111122,0.010606060606060619,0.012626262626262652,0.041666666666666685,0.07863247863247869,0.15816993464052298,0.11111111111111122,0.06837606837606841,0.020671834625323016,0.05470085470085473,-0.024999999999999967,0.06130268199233717,-0.03999999999999998,0.02384823848238482,-0.0222222222222222,0.034688346883468835,0.1057057057057057,0.06111111111111117,0.030158730158730218,0.058333333333333404,0.008080808080808133,0.03492063492063502,0.0,0.041192411924119265,0.08596491228070186,-0.05751633986928095,-0.01256038647342983,0.008585858585858586,-0.004830917874396101,-0.01944444444444443,0.03333333333333338,0.036842105263157926,-0.015130023640661905,0.025396825396825418,-0.03083900226757369,0.03888888888888892,0.030555555555555614,0.014470284237726116,0.10784313725490197,0.06666666666666676,0.034188034188034205,0.010335917312661508,-0.0111111111111111,0.0,0.026016260162601612,0.023809523809523836,0.0,0.0491228070175439,0.0,0.036842105263157926
0.036281179138321906,0.007227891156462607,0.010204081632653017,0.11791383219954649,0.05574912891986061,0.04535147392290251,0.04535147392290251,1.0,0.07189239332096464,0.0252883762200532,0.1004296455424275,0.03986710963455148,0.09419152276295129,0.08163265306122447,0.0063775510204081565,0.05442176870748294,0.019954648526077062,0.12035583464154892,0.04081632653061226,0.09955201592832252,0.07565953210552512,0.06428571428571428,0.03446712018140585,0.01996450754214729,0.044063079777365455,0.02395740905057675,0.02562885619364022,0.03185664509706318,0.05125771238728044,-0.014405762304921965,0.00694745983499781,0.023809523809523808,0.03185664509706318,0.07369614512471656,0.03741496598639457,0.03265306122448974,0.03061224489795919,0.02847650688182246,0.03701945894636921,0.04174397031539889,0.010884353741496586,0.019954648526077062,0.02040816326530613,0.0029761904761904656,0.04174397031539889,0.017006802721088426,0.01836734693877551,0.008163265306122446,0.04380288700846188,0.03061224489795919,0.16213151927437647,0.05797773654916516,0.06725417439703152,0.08265306122448979,0.08895866038723182,0.2250900360144058,0.23582766439909297,0.17268445839874402,0.045562411010915904,0.07326007326007322,0.008078231292517002,0.2251935256861365,-0.0106122448979592,0.03583872573419611,0.008503401360544172,0.05973120955699346,0.132377275234418,0.06632653061224492,0.09183673469387754,0.1193877551020408,0.04174397031539889,0.07823129251700683,0.038095238095238015,0.07167745146839222,0.07089151450053707,-0.019207683073229287,0.034605146406388676,0.03246753246753248,0.017302573203194338,0.005952380952380931,0.06462585034013607,0.09452201933404941,0.014763352149370412,0.06122448979591838,0.0,0.07346938775510203,0.04591836734693877,0.01423825344091123,0.18007202881152462,0.09183673469387754,0.07326007326007322,0.03986710963455148,0.007227891156462607,0.019954648526077062,0.05973120955699346,0.03061224489795919,0.023582766439909253,0.06498388829215898,0.02176870748299317,0.05907626208378086
-0.007575757575757569,-0.03030303030303033,-0.0378787878787879,0.06565656565656569,0.02827050997782704,-0.012626262626262652,-0.013131313131313216,-0.07189239332096464,1.0,-0.018774703557312256,0.05382775119617228,0.009513742071881548,0.05244755244755239,0.07597402597402597,-0.034090909090909116,0.016233766233766267,-0.007575757575757569,0.0699300699300699,0.012987012987012991,0.04490022172949004,0.026607538802660702,0.036363636363636376,-0.010101010101010166,-0.018774703557312256,0.0,-0.01976284584980237,0.010042283298097254,0.019955654101995512,0.01057082452431285,-0.06550802139037432,-0.013056092843326872,0.006493506493506496,0.011640798226164067,0.06565656565656569,0.020562770562770616,-0.011616161616161635,0.012987012987012991,0.004228329809725123,0.005285412262156425,0.0,-0.005050505050505083,-0.005050505050505083,0.009740259740259744,-0.015151515151515166,0.0,0.005411255411255408,0.0159090909090909,0.03506493506493505,0.02494456762749442,0.012987012987012991,0.09090909090909094,0.0,0.0,0.036363636363636376,0.055361305361305346,0.160427807486631,0.13131313131313138,0.09032634032634035,0.011099365750528556,0.03205128205128205,-0.04734848484848486,0.18808777429467083,-0.06818181818181823,0.016629711751662946,-0.028409090909090884,0.02827050997782704,0.06879606879606875,0.050505050505050525,0.023809523809523836,0.050000000000000044,0.0,0.024891774891774965,-0.0121212121212122,0.02494456762749442,0.05382775119617228,-0.07174688057040995,-0.025691699604743046,0.0,-0.010869565217391297,-0.022727272727272763,0.018398268398268414,0.05023923444976075,-0.02756286266924557,0.017316017316017285,-0.044063079777365455,0.034090909090909116,0.018181818181818188,0.004756871035940774,0.13368983957219255,0.04318181818181821,0.029137529137529122,0.0068710359408033495,-0.026515151515151547,-0.004545454545454575,0.02161862527716185,0.011904761904761918,-0.005555555555555591,0.035885167464114825,-0.007070707070707116,0.028708133971291877
0.007729468599033784,-0.017210144927536197,-0.015398550724637639,0.11473429951690828,0.05302226935312826,0.008212560386473444,0.010628019323671412,-0.0252883762200532,0.018774703557312256,1.0,0.11441647597254012,0.03336703741152669,0.058528428093645446,0.11614906832298139,-0.020833333333333315,0.043478260869565244,0.010628019323671412,0.058528428093645446,0.03933747412008287,0.04772004241781547,0.04772004241781547,0.06847826086956527,0.010144927536231862,0.0,0.024703557312253044,0.0,0.03488372093023251,0.04772004241781547,0.02881698685540951,-0.0511508951406649,-0.008325624421831601,0.03726708074534163,0.04506892895015907,0.09661835748792275,0.041407867494824,0.007729468599033784,0.03933747412008287,0.025783619817997983,0.0227502527805864,0.025691699604743046,0.007729468599033784,0.010628019323671412,0.0331262939958592,-0.016304347826086973,0.01679841897233203,0.02898550724637683,0.048913043478260865,0.10248447204968941,0.04241781548250262,0.031055900621118016,0.08454106280193241,0.01679841897233203,0.017786561264822143,0.05869565217391304,0.1053511705685618,0.09974424552429667,0.09057971014492755,0.058528428093645446,0.0455005055611728,0.10925306577480487,-0.022644927536231818,0.14017991004497748,-0.040000000000000036,0.04241781548250262,-0.014492753623188415,0.05302226935312826,0.07931844888366624,0.09057971014492755,0.02898550724637683,0.05217391304347829,0.014822134387351749,0.043478260869565244,0.010628019323671412,0.05567338282078477,0.10068649885583525,-0.06180733162830343,0.0,0.021739130434782594,0.0,-0.014492753623188415,0.041407867494824,0.04576659038901601,-0.005550416281221049,0.03726708074534163,-0.026619343389529704,0.05869565217391304,0.05217391304347829,0.025783619817997983,0.061381074168797956,0.05543478260869572,0.031215161649944256,0.02123356926188069,-0.012681159420289856,0.009178743961352653,0.04506892895015907,0.02898550724637683,0.006763285024154575,0.07322654462242567,0.006763285024154575,0.050343249427917625
-0.06549707602339189,-0.06578947368421056,-0.06030701754385967,0.01900584795321636,-0.01925545571245188,-0.05321637426900594,-0.07368421052631585,-0.1004296455424275,-0.05382775119617228,-0.11441647597254012,1.0,-0.05813953488372098,-0.004723346828610003,0.02932330827067664,-0.0932017543859649,-0.03759398496240601,-0.05321637426900594,-0.008097165991902855,-0.02506265664160401,-0.02503209242618748,-0.02310654685494229,-0.022368421052631537,-0.0491228070175439,-0.08237986270022885,-0.05382775119617228,-0.08237986270022885,-0.03977968176254598,-0.026957637997432615,-0.04895960832313351,-0.09391124871001033,-0.05543113101903696,-0.03258145363408527,-0.02888318356867786,0.0146198830409357,-0.03508771929824561,-0.0491228070175439,-0.03508771929824561,-0.04589963280293763,-0.04589963280293763,-0.0861244019138756,-0.05321637426900594,-0.06549707602339189,-0.03258145363408527,-0.07127192982456149,-0.0430622009569378,-0.02506265664160401,-0.01315789473684209,0.013533834586466148,-0.02888318356867786,-0.03508771929824561,0.01900584795321636,-0.035885167464114825,-0.0430622009569378,-0.014473684210526305,-0.012820512820512886,0.043343653250773995,0.016081871345029253,-0.010121457489878583,-0.05813953488372098,-0.013495276653171406,-0.0932017543859649,0.040834845735027214,-0.09473684210526317,-0.02888318356867786,-0.0932017543859649,-0.030808729139923052,0.012091038406827848,0.016081871345029253,-0.03759398496240601,-0.01842105263157895,-0.035885167464114825,-0.03759398496240601,-0.06140350877192985,-0.04428754813863933,0.0,-0.10732714138286897,-0.08237986270022885,-0.05382775119617228,-0.036613272311212836,-0.07127192982456149,-0.04010025062656647,0.0,-0.05039193729003358,-0.04010025062656647,-0.08861439312567132,-0.025000000000000022,-0.01842105263157895,-0.04283965728274175,0.03405572755417957,-0.02763157894736845,-0.008097165991902855,-0.027539779681762577,-0.0767543859649123,-0.06140350877192985,-0.0211810012836971,-0.03258145363408527,-0.057309941520467866,0.0,-0.06959064327485381,0.0
-0.010335917312661508,-0.03875968992248058,-0.02906976744186046,0.05426356589147291,0.018150879183210455,-0.010335917312661508,-0.018604651162790697,-0.03986710963455148,-0.009513742071881548,-0.03336703741152669,0.05813953488372098,1.0,0.035778175313059046,0.11694352159468446,-0.07025193798449603,0.00609080841638987,-0.02997416020671828,0.0405485986881336,0.012735326688815163,0.018150879183210455,0.02382302892796373,0.041860465116279166,-0.023772609819121437,-0.050050556117290146,-0.009513742071881548,-0.04701718907987862,0.0,0.02268859897901304,0.0,-0.09484724122207011,-0.02177140029688268,0.005537098560354392,0.010209869540555888,0.06330749354005172,0.009413067552602461,-0.013436692506459957,0.007198228128460715,0.0,0.0,-0.009513742071881548,-0.00826873385012919,-0.01550387596899222,0.006644518272425293,-0.02906976744186046,-0.004756871035940774,0.0049833887043189695,0.0244186046511628,0.037209302325581395,0.012478729438457181,0.005537098560354392,0.05878552971576234,-0.006342494714587699,-0.007399577167019,0.0244186046511628,0.047704233750745395,0.055403556771545875,0.05878552971576234,0.028622540250447248,0.0,0.06201550387596899,-0.07509689922480622,0.10104250200481155,-0.06186046511627907,0.02268859897901304,-0.04844961240310075,0.026091888825864995,0.03771213073538654,0.09496124031007758,0.009966777408637939,0.026162790697674465,-0.01057082452431285,0.011074197120708784,-0.025839793281653645,0.02155416903006241,0.0856793145654835,-0.08390332877336976,-0.03488372093023251,-0.013742071881606699,-0.0075834175935288045,-0.031492248062015504,0.013289036544850585,0.024479804161566754,-0.017812963879267646,0.007198228128460715,-0.05695301376364492,0.020930232558139583,0.01744186046511631,0.0,0.04309165526675787,0.03488372093023262,0.023852116875372698,0.0,-0.03391472868217055,-0.01136950904392764,0.013613159387407814,0.00609080841638987,-0.006201550387596899,0.027539779681762577,-0.01136950904392764,0.0152998776009792
-0.04786324786324786,-0.08653846153846151,-0.0625,0.02564102564102566,-0.023764853033145683,-0.04444444444444445,-0.02393162393162393,-0.09419152276295129,-0.05244755244755239,-0.058528428093645446,0.004723346828610003,-0.035778175313059046,1.0,0.043956043956043966,-0.09615384615384615,-0.021978021978021955,-0.05470085470085473,0.0,-0.025641025641025605,-0.016260162601625994,-0.01876172607879928,-0.007692307692307665,-0.06495726495726495,-0.04682274247491641,-0.03205128205128205,-0.058528428093645446,-0.035778175313059046,-0.020012507817385894,-0.047704233750745395,-0.15082956259426838,-0.06110201854882702,-0.018315018315018305,-0.011257035647279534,0.021367521367521403,-0.02747252747252743,-0.03076923076923077,-0.021978021978021955,-0.02623732856291,-0.03816338700059635,-0.040792540792540743,-0.051282051282051266,-0.051282051282051266,-0.02747252747252743,-0.06730769230769229,-0.0437062937062937,-0.02747252747252743,-0.010897435897435859,0.041025641025641046,-0.015009380863039434,-0.021978021978021955,0.027777777777777846,-0.04953379953379955,-0.029137529137529122,-0.011538461538461497,0.0,0.03393665158371045,0.027777777777777846,0.0,-0.035778175313059046,0.0,-0.11057692307692307,0.2122015915119363,-0.1579487179487179,-0.02126328955597251,-0.07211538461538458,-0.022514071294559068,0.01108801108801108,0.023504273504273532,-0.021978021978021955,-0.0064102564102563875,-0.046620046620046596,-0.032967032967032905,-0.058119658119658135,-0.012507817385866177,0.0040485829959514275,-0.10256410256410253,-0.07023411371237454,-0.05244755244755239,-0.03511705685618727,-0.05769230769230771,-0.012820512820512803,0.008771929824561486,-0.0654664484451718,-0.021978021978021955,-0.0680272108843537,-0.007051282051282026,-0.007051282051282026,-0.031007751937984496,0.022624434389140274,-0.007051282051282026,0.0,-0.031007751937984496,-0.08653846153846151,-0.03760683760683764,-0.01876172607879928,-0.016483516483516453,-0.04444444444444445,0.006747638326585703,-0.034188034188034205,0.005398110661268579
-0.05079365079365081,-0.10833333333333334,-0.08511904761904762,-0.011111111111111072,-0.07108013937282232,-0.05079365079365081,-0.0761904761904762,-0.08163265306122447,-0.07597402597402597,-0.11614906832298139,-0.02932330827067664,-0.11694352159468446,-0.043956043956043966,1.0,-0.20892857142857146,-0.047619047619047616,-0.14603174603174607,-0.02637362637362639,-0.12380952380952381,-0.058536585365853655,-0.10871080139372824,-0.05357142857142855,-0.14603174603174607,-0.12298136645962732,-0.06428571428571428,-0.1298136645962733,-0.07441860465116279,-0.06271777003484325,-0.11162790697674418,-0.2061624649859944,-0.09483282674772037,-0.047619047619047616,-0.03344947735191639,-0.0071428571428571175,-0.06190476190476191,-0.06349206349206352,-0.06666666666666665,-0.05315614617940201,-0.04784053156146181,-0.08181818181818179,-0.06984126984126987,-0.10158730158730161,-0.042857142857142844,-0.06964285714285715,-0.08181818181818179,-0.0380952380952381,-0.03928571428571426,0.0,-0.029268292682926828,-0.0380952380952381,-0.007936507936507908,-0.06428571428571428,-0.05844155844155843,-0.057142857142857106,-0.043956043956043966,0.005042016806722699,-0.0071428571428571175,-0.03223443223443223,-0.07973421926910301,-0.043956043956043966,-0.18571428571428572,0.05320197044334973,-0.14571428571428574,-0.07944250871080138,-0.1470238095238095,-0.08780487804878045,-0.012355212355212364,-0.016666666666666607,-0.06666666666666665,-0.04642857142857143,-0.11688311688311687,-0.08095238095238094,-0.13333333333333336,-0.050174216027874585,-0.03157894736842104,-0.1434173669467787,-0.13664596273291924,-0.11688311688311687,-0.06149068322981366,-0.11607142857142855,-0.047619047619047616,-0.018045112781954864,-0.07294832826747719,-0.047619047619047616,-0.13877551020408163,-0.042857142857142816,-0.05357142857142855,-0.0637873754152824,0.005042016806722699,-0.042857142857142816,-0.020512820512820523,-0.04252491694352162,-0.10059523809523813,-0.0761904761904762,-0.05435540069686412,-0.033333333333333326,-0.05079365079365081,-0.020300751879699236,-0.06984126984126987,-0.013533834586466148
0.012499999999999983,0.0,0.0,0.07638888888888892,0.07825203252032514,0.018055555555555547,0.0222222222222222,-0.0063775510204081565,0.034090909090909116,0.020833333333333315,0.0932017543859649,0.07025193798449603,0.09615384615384615,0.20892857142857146,1.0,0.0267857142857143,0.036111111111111094,0.0625,0.0803571428571429,0.04979674796747968,0.09603658536585369,0.09166666666666673,0.03472222222222221,0.023550724637681264,0.0378787878787879,0.023550724637681264,0.05329457364341078,0.07113821138211379,0.06298449612403101,-0.03799019607843135,0.0066489361702127825,0.029761904761904767,0.028455284552845517,0.10416666666666669,0.059523809523809534,0.01944444444444443,0.04464285714285715,0.02906976744186046,0.036337209302325535,0.03977272727272724,0.023611111111111083,0.02638888888888885,0.05059523809523808,0.0,0.028409090909090884,0.0535714285714286,0.07916666666666666,0.10059523809523813,0.03201219512195122,0.035714285714285754,0.06944444444444448,0.03219696969696967,0.020833333333333343,0.07500000000000001,0.1201923076923076,0.08578431372549022,0.07638888888888892,0.07692307692307693,0.06540697674418605,0.125,0.0,0.1910919540229885,-0.022499999999999964,0.08892276422764223,0.0,0.12804878048780488,0.05574324324324323,0.16666666666666674,0.047619047619047616,0.054166666666666696,0.053030303030303094,0.0625,0.036111111111111094,0.07113821138211379,0.10964912280701755,-0.03431372549019607,0.023550724637681264,0.04734848484848486,0.007246376811594207,0.0,0.05654761904761907,0.06578947368421056,0.0066489361702127825,0.047619047619047616,-0.011054421768707412,0.06666666666666671,0.06666666666666671,0.04602713178294571,0.05147058823529413,0.08750000000000002,0.0625,0.031492248062015504,0.0,0.020833333333333315,0.06046747967479671,0.03869047619047622,0.023611111111111083,0.06578947368421056,0.015277777777777751,0.03289473684210528
-0.030158730158730218,-0.0625,-0.0535714285714286,0.06349206349206354,0.009291521486643417,-0.0365079365079366,-0.03333333333333338,-0.05442176870748294,-0.016233766233766267,-0.043478260869565244,0.03759398496240601,-0.00609080841638987,0.021978021978021955,0.047619047619047616,-0.0267857142857143,1.0,-0.025396825396825418,0.03663003663003661,0.0,0.007549361207897787,0.004065040650406498,0.021428571428571408,-0.030158730158730218,-0.031055900621118016,-0.017316017316017285,-0.02898550724637683,-0.00609080841638987,0.008130081300812997,-0.006644518272425293,-0.0672268907563025,-0.048125633232016185,0.0,0.011614401858304257,0.08730158730158732,0.0,-0.03333333333333338,0.0,-0.011074197120708784,-0.008859357696567038,-0.022727272727272763,-0.0317460317460318,-0.03333333333333338,0.0,-0.05059523809523808,-0.018398268398268414,0.0,0.021428571428571408,0.0761904761904762,0.012775842044134622,0.0,0.06349206349206354,-0.022727272727272763,-0.021645021645021634,0.013095238095238104,0.02930402930402931,0.08963585434173671,0.059523809523809534,0.02380952380952378,-0.007751937984496138,0.02014652014652013,-0.03869047619047622,0.06403940886699505,-0.053333333333333344,0.0046457607433217085,-0.0267857142857143,0.006387921022067311,0.057915057915057855,0.03174603174603177,0.0,0.01904761904761909,-0.007575757575757569,0.0,-0.030158730158730218,0.011614401858304257,0.03508771929824561,-0.050420168067226906,-0.020703933747412,-0.018398268398268414,-0.03933747412008287,-0.047619047619047616,0.0,0.03007518796992481,-0.05319148936170209,0.0,-0.03061224489795919,0.01785714285714285,0.016666666666666663,-0.007198228128460715,0.06162464985994398,0.015476190476190477,0.021978021978021955,-0.010520487264673362,-0.035714285714285754,-0.026984126984127,0.009872241579558627,0.0,-0.01904761904761909,0.042606516290726815,-0.03492063492063502,0.03759398496240601
0.0,-0.0222222222222222,-0.016666666666666663,0.08888888888888896,0.04336043360433606,0.0,0.0,-0.019954648526077062,0.007575757575757569,-0.010628019323671412,0.05321637426900594,0.02997416020671828,0.05470085470085473,0.14603174603174607,-0.036111111111111094,0.025396825396825418,1.0,0.051282051282051266,0.04603174603174609,0.034688346883468835,0.04336043360433606,0.06111111111111123,0.0,-0.015458937198067568,0.006565656565656608,-0.01304347826086949,0.021705426356589175,0.041192411924119265,0.01757105943152454,-0.07058823529411762,-0.012293144208037787,0.01746031746031751,0.02384823848238482,0.0944444444444445,0.026984126984127,0.0,0.023809523809523836,0.010335917312661508,0.006201550387596899,0.005555555555555591,0.0,0.0,0.020634920634920673,-0.016666666666666663,0.0060606060606061,0.01904761904761909,0.041666666666666685,0.0761904761904762,0.019512195121951237,0.014285714285714318,0.06111111111111117,0.007070707070707116,0.007070707070707116,0.041666666666666685,0.06153846153846154,0.05751633986928106,0.06666666666666671,0.03760683760683764,0.018604651162790697,0.06495726495726495,-0.03888888888888886,0.1471264367816092,-0.046666666666666634,0.039024390243902474,-0.020833333333333315,0.045528455284552904,0.02882882882882884,0.12222222222222234,0.022222222222222254,0.03888888888888892,0.009595959595959602,0.028571428571428636,0.0,0.02818428184281846,0.10233918128654973,-0.05751633986928095,-0.011594202898550732,0.013636363636363669,-0.004830917874396101,-0.01944444444444443,0.026984126984127,0.020467836257309954,-0.01323877068557916,0.0158730158730159,-0.036281179138321906,0.025000000000000022,0.03333333333333338,0.01550387596899222,0.03594771241830068,0.04444444444444451,0.02393162393162393,0.013436692506459957,-0.01944444444444443,0.0,0.03252032520325199,0.014285714285714318,0.0,0.028654970760233933,0.0,0.02456140350877195
-0.04786324786324786,-0.05288461538461539,-0.08653846153846151,0.019230769230769273,-0.01375859912445282,-0.06153846153846154,-0.07179487179487182,-0.12035583464154892,-0.0699300699300699,-0.058528428093645446,0.008097165991902855,-0.0405485986881336,0.0,0.02637362637362639,-0.0625,-0.03663003663003661,-0.051282051282051266,1.0,-0.032967032967032905,-0.02751719824890564,-0.01751094434021261,-0.013461538461538414,-0.07521367521367528,-0.0741360089186176,-0.040792540792540743,-0.07023411371237454,-0.031007751937984496,-0.011257035647279534,-0.02623732856291,-0.10256410256410253,-0.03927986906710307,-0.009157509157509153,-0.0037523452157598586,0.044871794871794934,-0.031135531135531136,-0.08547008547008539,-0.012820512820512803,-0.011926058437686349,-0.002385211687537272,-0.029137529137529122,-0.02393162393162393,-0.03076923076923077,-0.016483516483516453,-0.009615384615384616,-0.037878787878787845,-0.007326007326007328,-0.00512820512820511,0.014652014652014655,-0.016260162601625994,-0.014652014652014655,0.032051282051282104,-0.0437062937062937,-0.0699300699300699,-0.008974358974358942,0.0,0.079185520361991,0.05128205128205132,0.0,-0.035778175313059046,0.0,-0.08653846153846151,0.05305039787798407,-0.0733333333333333,-0.010006253908692947,-0.0625,-0.016260162601625994,0.02079002079002079,0.017094017094017117,-0.04395604395604391,-0.017307692307692246,-0.0437062937062937,-0.04029304029304026,-0.07863247863247869,-0.015009380863039434,0.011470985155195679,-0.09653092006033182,-0.06633221850613158,-0.0611888111888112,-0.042920847268673346,-0.05288461538461539,-0.03479853479853473,0.006072874493927155,-0.06110201854882702,-0.018315018315018305,-0.0575614861329147,-0.004487179487179471,-0.002564102564102555,-0.019081693500298175,0.052790346907994,-0.009615384615384581,0.0,-0.02623732856291,-0.033653846153846145,-0.02393162393162393,-0.01751094434021261,-0.010989010989010978,-0.020512820512820523,0.0040485829959514275,-0.05470085470085473,0.0040485829959514275
-0.022222222222222254,-0.059523809523809534,-0.04464285714285715,0.051587301587301626,0.008710801393728151,-0.01746031746031751,-0.023809523809523836,-0.04081632653061226,-0.012987012987012991,-0.03933747412008287,0.02506265664160401,-0.012735326688815163,0.025641025641025605,0.12380952380952381,-0.0803571428571429,0.0,-0.04603174603174609,0.032967032967032905,1.0,0.008710801393728151,0.013356562137049832,0.022619047619047594,-0.04761904761904767,-0.051759834368530044,-0.016233766233766267,-0.03933747412008287,-0.008305647840531616,0.008130081300812997,-0.009966777408637939,-0.09663865546218492,-0.03292806484295846,0.0,0.0046457607433217085,0.0674603174603175,0.0,-0.01746031746031751,0.0,-0.00609080841638987,-0.0033222591362126463,-0.008658008658008642,-0.012698412698412709,-0.025396825396825418,0.0,-0.0267857142857143,-0.011904761904761918,0.0,0.013095238095238104,0.0380952380952381,0.0029036004645760644,0.0,0.05555555555555558,-0.019480519480519487,-0.016233766233766267,0.015476190476190477,0.025641025641025605,0.05602240896358546,0.051587301587301626,0.018315018315018305,-0.008305647840531616,0.03479853479853473,-0.07142857142857151,0.07471264367816091,-0.060952380952380925,0.011033681765389047,-0.059523809523809534,0.012775842044134622,0.025740025740025735,0.07936507936507942,0.0,0.022619047619047594,-0.021645021645021634,0.0,-0.04444444444444451,0.006968641114982521,0.05012531328320802,-0.08403361344537813,-0.043478260869565244,-0.02922077922077926,-0.020703933747412,-0.04464285714285715,0.0,0.015037593984962405,-0.035460992907801414,0.0,-0.044217687074829926,0.009523809523809545,0.015476190476190477,-0.007198228128460715,0.016806722689075626,0.016666666666666663,0.018315018315018305,-0.0049833887043189695,-0.041666666666666685,-0.01904761904761909,0.008710801393728151,0.0,-0.011111111111111127,0.012531328320802004,-0.0158730158730159,0.015037593984962405
-0.026016260162601612,-0.03912601626016257,-0.06046747967479671,0.03726287262872635,0.0,-0.036856368563685626,-0.052032520325203224,-0.09955201592832252,-0.04490022172949004,-0.04772004241781547,0.02503209242618748,-0.018150879183210455,0.016260162601625994,0.058536585365853655,-0.04979674796747968,-0.007549361207897787,-0.034688346883468835,0.02751719824890564,-0.008710801393728151,1.0,0.0,0.009756097560975674,-0.04769647696476964,-0.05037115588547192,-0.016629711751662946,-0.05567338282078477,-0.02155416903006241,0.0,-0.020419739081111776,-0.1004304160688666,-0.012454592631032685,-0.004065040650406498,0.0,0.03726287262872635,-0.008130081300812997,-0.04769647696476964,-0.005226480836236919,-0.006806579693703907,-0.007941009642654567,-0.01829268292682923,-0.015176151761517626,-0.015176151761517626,-0.0029036004645760644,-0.017784552845528448,-0.02494456762749442,-0.0023228803716608543,0.004268292682926833,0.020905923344947744,0.0,-0.004065040650406498,0.05420054200542013,-0.023281596452328135,-0.039911308203991025,0.009756097560975674,0.015009380863039434,0.0853658536585366,0.05758807588075887,0.023764853033145683,-0.017016449234259767,0.012507817385866177,-0.06758130081300812,0.10092514718250631,-0.06585365853658531,0.0,-0.06758130081300812,0.0,0.044825313117996035,0.030487804878048808,-0.011614401858304257,0.0128048780487805,-0.034922394678492286,-0.011033681765389047,-0.04769647696476964,0.0,0.026957637997432615,-0.07173601147776176,-0.05832449628844105,-0.029933481152993324,-0.023860021208907733,-0.046239837398374006,-0.009291521486643417,0.01732991014120669,-0.04359107420861441,-0.007549361207897787,-0.06769537083125932,0.007317073170731769,0.004268292682926833,-0.009075439591605228,0.07030129124820661,0.009756097560975674,0.010006253908692947,-0.007941009642654567,-0.035569105691056896,-0.013008130081300806,0.0,-0.0046457607433217085,-0.02168021680216803,0.01732991014120669,-0.03035230352303525,0.013478818998716308
