0,1,2,3,4,5,6,7,8,9,10,11,12,13,14,15,16,17,18,19,20,21,22,23,24,25,26,27,28,29,30,31,32,33,34,35,36,37,38,39,40,41,42,43,44,45,46,47,48,49,50,51,52,53,54,55,56,57,58,59,60,61,62,63,64,65,66,67,68,69,70,71,72,73,74,75,76,77,78,79,80,81,82,83,84,85,86,87,88,89,90,91,92,93,94,95,96,97,98,99
1.0,-0.08101851851851855,-0.037664783427495296,0.0,-0.0407407407407408,-0.03400121432908315,-0.025341130604288498,-0.07646356033452806,-0.02171136653895278,-0.042592592592592626,-0.06734006734006737,-0.031063321385902037,-0.042592592592592626,-0.09090909090909094,-0.042592592592592626,-0.009764309764309864,-0.06365740740740738,-0.07437765634486937,-0.03448275862068967,-0.029751062537947792,-0.08774928774928781,-0.056410256410256376,-0.11784511784511786,-0.0033068783068783275,-0.037664783427495296,-0.008771929824561403,-0.007936507936507943,-0.020401757689893302,-0.015325670498084282,-0.02407407407407408,-0.04778972520908009,-0.03703703703703709,-0.049189814814814825,-0.06613756613756616,0.0,-0.0626780626780627,-0.028935185185185203,-0.026679221594475888,-0.0033068783068783275,-0.017000607164541576,-0.011904761904761918,-0.025925925925925963,-0.026679221594475888,-0.052083333333333315,0.008547008547008517,0.003561253561253544,-0.010217113665389521,0.004891684136967167,-0.050000000000000044,-0.03174603174603177,0.0,-0.05021971123666047,0.0,-0.0767195767195768,-0.03518518518518521,-0.08417508417508418,-0.04597701149425282,-0.01851851851851849,-0.017543859649122806,-0.05026455026455029,-0.02867383512544805,-0.04444444444444451,-0.09701492537313439,-0.038251366120218566,-0.06826976229961307,-0.0573476702508961,-0.021442495126705652,-0.024366471734892814,-0.06929510155316615,0.0,-0.06451612903225806,-0.009427609427609451,-0.0319284802043423,0.0013976240391334743,-0.03584229390681004,-0.027625986642380085,-0.014124293785310743,-0.01364522417153996,-0.006060606060606044,-0.02554278416347383,-0.019115890083632014,-0.03174603174603177,-0.033333333333333326,-0.009427609427609451,0.006410256410256415,-0.059544159544159536,-0.01851851851851853,-0.02867383512544805,-0.017000607164541576,0.005446623093681907,-0.046296296296296335,-0.03518518518518521,-0.017263025737602022,-0.01915708812260536,-0.021971123666038955,-0.027625986642380085,-0.019125683060109283,-0.060763888888888895,-0.019179894179894297,-0.07744107744107742
0.08101851851851855,1.0,0.04634533898305071,0.11574074074074081,0.04687499999999989,0.02305327868852458,0.04413377192982454,0.019153225806451624,0.048491379310344807,0.01770833333333327,-0.009469696969696961,0.007560483870967721,0.023958333333333248,-0.01278409090909094,0.02499999999999991,0.0690340909090909,0.0,0.023821721311475363,0.03556034482758619,0.016137295081967207,-0.007211538461538491,-0.006250000000000033,-0.013731060606060608,0.03348214285714282,0.02383474576271183,0.0326206140350877,0.0054563492063491315,0.018538135593220317,0.021012931034482735,0.02499999999999991,0.011088709677419317,0.02499999999999991,0.0,0.005704365079365004,0.03472222222222221,-0.006971153846153821,0.0,0.03442796610169485,0.05133928571428564,0.016137295081967207,0.042410714285714246,0.01874999999999999,0.027807203389830504,0.0,0.07932692307692302,0.08653846153846145,0.03394396551724138,0.058372641509434,0.033333333333333215,0.00644841269841262,0.08391203703703709,0.05958686440677963,0.09837962962962965,0.011656746031745935,0.03020833333333328,-0.013731060606060608,0.05334051724137934,0.04989035087719296,0.030701754385964897,0.004216269841269826,0.010080645161290314,0.022916666666666585,-0.020988805970149294,0.015368852459016424,-0.013992537313432862,0.012600806451612878,0.04029605263157898,0.04221491228070173,0.010584677419354815,0.08969907407407401,0.01209677419354832,0.06647727272727266,0.037176724137930994,0.06485849056603776,0.008064516129032251,0.013831967213114749,0.018538135593220317,0.0326206140350877,0.05624999999999997,0.04040948275862066,0.009072580645161255,0.00694444444444442,0.02604166666666663,0.051136363636363646,0.07211538461538458,-0.006250000000000033,0.0047123015873015706,0.009576612903225812,0.015368852459016424,0.08363970588235292,0.031249999999999944,0.03020833333333328,0.027807203389830504,0.03394396551724138,0.026483050847457612,0.016137295081967207,0.019979508196721285,0.0,0.0758928571428571,-0.013257575757575801
0.037664783427495296,-0.04634533898305071,1.0,0.04237288135593226,-0.009322033898305104,-0.021116976938038268,0.013083556348498393,-0.02624384909786759,0.010227936879018129,-0.005932203389830526,-0.03954802259887008,-0.014762165117550574,-0.007627118644067787,-0.04134565998972778,-0.007344632768361559,0.027118644067796627,-0.021186440677966045,-0.01500416782439562,0.0052600818234950775,-0.012781328146707405,-0.04537157757496735,-0.03285528031290741,-0.050333846944016436,0.018159806295399483,0.0,0.013083556348498393,-0.01829432337906911,0.0,0.006721215663354763,-0.006779661016949212,-0.011481683980317098,-0.0053672316384180685,-0.02515889830508472,-0.01937046004842613,0.017263025737602022,-0.05006518904823981,-0.02913135593220334,0.0,0.019975786924939454,-0.01222561822728535,0.016343825665859568,-0.006214689265536755,0.0,-0.026483050847457612,0.04563233376792697,0.04563233376792697,0.004675628287551192,0.026862807803006122,-0.007344632768361559,-0.02690341673392521,0.03609541745134964,0.0,0.037664783427495296,-0.03336023675006722,-0.01016949152542368,-0.06831022085259375,0.009059029807130359,0.02140945584299736,0.013083556348498393,-0.02367500672585421,-0.020503007107709137,-0.007344632768361559,-0.05464204401720213,-0.01222561822728535,-0.05464204401720213,-0.022963367960634196,0.012488849241748479,0.01129943502824865,-0.019682886823400803,0.04394224733207791,-0.022143247676325806,0.02588597842835133,0.006721215663354763,0.03645666773265116,-0.022143247676325806,-0.01222561822728535,0.0,0.011894142134998564,0.020955315870570146,0.004967855055523107,-0.018862766539092413,-0.02797955340328223,-0.006779661016949212,0.024653312788906034,0.04563233376792697,-0.03598435462842242,-0.02367500672585421,-0.018042646254784023,-0.01222561822728535,0.047856430707876374,-0.006779661016949212,-0.0064971751412429835,0.0,0.006428988895382848,0.0,-0.012781328146707405,-0.013892747985551512,-0.02913135593220334,0.024515738498789352,-0.04494093477144323
0.0,-0.11574074074074081,-0.04237288135593226,1.0,-0.07777777777777783,-0.051001821493624755,-0.022417153996101336,-0.06929510155316615,-0.02937420178799488,-0.033333333333333326,-0.05387205387205388,-0.03345280764635605,-0.031481481481481555,-0.07407407407407413,-0.03518518518518521,-0.009427609427609451,-0.04629629629629628,-0.05737704918032788,-0.030651340996168563,-0.036126290224650914,-0.09088319088319091,-0.07207977207977206,-0.09090909090909094,-0.010582010582010581,-0.026679221594475888,-0.014619883040935644,-0.03968253968253968,-0.018832391713747648,-0.017879948914431704,-0.025925925925925963,-0.04540023894862605,-0.029629629629629672,-0.057870370370370405,-0.03968253968253968,0.0,-0.05014245014245014,-0.03182870370370369,-0.028248587570621486,-0.010582010582010581,-0.040376442015786274,-0.010582010582010581,-0.018518518518518545,-0.03295668549905839,-0.04340277777777776,0.013532763532763503,0.009971509971509918,-0.017879948914431704,0.0031446540880503415,-0.03703703703703709,-0.047619047619047616,0.0,-0.05963590709353428,0.0,-0.12433862433862441,-0.04444444444444451,-0.06734006734006737,-0.040868454661558085,-0.022417153996101336,-0.01364522417153996,-0.03439153439153442,-0.04062126642771807,-0.031481481481481555,-0.08982863460475404,-0.040376442015786274,-0.07186290768380327,-0.04540023894862605,-0.01364522417153996,-0.020467836257309913,-0.04540023894862605,0.0,-0.062126642771804075,-0.007407407407407418,-0.033205619412515985,0.004542278127183802,-0.031063321385902037,-0.03187613843351547,-0.026679221594475888,-0.012670565302144249,-0.007070707070707061,-0.02298850574712641,-0.03584229390681004,-0.047619047619047616,-0.03888888888888892,-0.005723905723905742,0.012108262108262047,-0.06894586894586896,-0.03439153439153442,-0.031063321385902037,-0.029751062537947792,0.017429193899782147,-0.03703703703703709,-0.031481481481481555,-0.02354048964218458,-0.016602809706257993,-0.028248587570621486,-0.029751062537947792,-0.04462659380692169,-0.05497685185185186,-0.015873015873015928,-0.06734006734006737
0.0407407407407408,-0.04687499999999989,0.009322033898305104,0.07777777777777783,1.0,-0.008743169398906958,0.013157894736842146,-0.016129032258064502,0.018965517241379404,0.0,-0.0257575757575757,-0.008064516129032251,0.0,-0.033333333333333326,0.0,0.028787878787878807,-0.008333333333333304,-0.006284153005464421,0.010344827586206917,-0.0071038251366120075,-0.029487179487179438,-0.026923076923076883,-0.03939393939393937,0.02380952380952378,0.003954802259887008,0.013157894736842146,-0.019047619047619035,0.004519774011299438,0.009770114942528774,0.0,-0.011827956989247268,0.0,-0.021874999999999978,-0.016666666666666663,0.018518518518518545,-0.033333333333333326,-0.019791666666666652,0.006779661016949212,0.025000000000000022,-0.0054644808743168904,0.021428571428571408,0.0,0.006779661016949212,-0.022916666666666585,0.07179487179487176,0.06153846153846154,0.01149425287356326,0.03301886792452835,0.0,-0.0222222222222222,0.03888888888888892,0.011016949152542366,0.04444444444444451,-0.0357142857142857,0.0,-0.03939393939393937,0.013793103448275945,0.02543859649122815,0.011403508771929832,-0.010317460317460336,-0.009139784946236518,0.0,-0.04701492537313434,-0.005191256830601065,-0.036567164179104494,-0.01290322580645159,0.014912280701754432,0.01403508771929829,-0.006989247311827956,0.03703703703703709,-0.011290322580645162,0.022727272727272763,0.013793103448275945,0.03522012578616357,-0.006989247311827956,-0.004098360655737682,0.005932203389830526,0.013157894736842146,0.0378787878787879,0.01091954022988506,-0.00752688172043009,-0.019841269841269826,0.0,0.024242424242424288,0.05641025641025643,-0.03205128205128205,-0.016666666666666663,-0.011827956989247268,-0.005737704918032771,0.055882352941176494,0.0,0.0,0.0048022598870056665,0.01149425287356326,0.005932203389830526,-0.005737704918032771,-0.0071038251366120075,-0.03020833333333328,0.040476190476190554,-0.04242424242424242
0.03400121432908315,-0.02305327868852458,0.021116976938038268,0.051001821493624755,0.008743169398906958,1.0,0.01840667241875177,-0.006874669487043905,0.034765404183154325,0.00464480874316936,-0.02359662195727774,-0.004759386567953494,0.005737704918032771,-0.02608047690014903,0.005191256830601065,0.02324888226527569,-0.01075819672131148,0.0,0.010175240248728096,0.0,-0.01815889029003781,-0.020176544766708715,-0.02608047690014903,0.033665105386416816,0.011114198388441188,0.02761000862812768,-0.013531095498308665,0.013337038066129459,0.02119841718485016,0.006830601092896127,-0.0026441036488630554,0.003825136612021829,-0.013831967213114749,-0.00936768149882905,0.02125075895567699,-0.042370744010088224,-0.0222848360655738,0.01000277854959708,0.032201405152224805,0.0,0.026346604215456648,0.006830601092896127,0.012781328146707405,-0.015368852459016424,0.07944514501891542,0.06242118537200503,0.0186546071226682,0.03464274667491496,0.0071038251366120075,-0.013531095498308665,0.03187613843351547,0.017227007502083835,0.038251366120218566,-0.015612802498048417,0.012021857923497192,-0.05340288127173376,0.01695873374788015,0.042565429968363544,0.024158757549611776,-0.010928961748633892,-0.006345848757271344,0.006010928961748596,-0.03670173721556158,0.0,-0.03229752874969416,-0.005023796932839775,0.024158757549611776,0.01840667241875177,-0.004759386567953494,0.038251366120218566,-0.005023796932839775,0.028614008941877767,0.015262860373092157,0.04948963810702134,-0.006081438392385008,0.0,0.013892747985551512,0.025309174575783744,0.02324888226527569,0.011871113623516089,-0.006345848757271344,-0.016133229247983383,0.006284153005464421,0.03576751117734722,0.07093316519546022,-0.02522068095838592,-0.016133229247983383,-0.007667900581702858,0.0,0.08357441337190619,0.006557377049180246,0.006284153005464421,0.01222561822728535,0.02289429055963821,0.01500416782439562,0.0,0.0,-0.020747950819672123,0.03951990632318497,-0.02732240437158473
0.025341130604288498,-0.04413377192982454,-0.013083556348498393,0.022417153996101336,-0.013157894736842146,-0.01840667241875177,1.0,-0.04668930390492365,-0.004839685420447659,-0.02543859649122815,-0.07416267942583737,-0.033955857385399024,-0.024561403508772006,-0.07655502392344499,-0.02543859649122815,0.01977671451355656,-0.05564692982456143,-0.034512510785159656,-0.008469449485783487,-0.011504170261719876,-0.07773279352226714,-0.04966261808367073,-0.06698564593301443,0.004699248120300703,-0.01665179898899799,0.0,-0.016708437761069367,-0.00535236396074934,-0.006049606775559602,-0.013157894736842146,-0.028296547821165863,-0.019298245614035148,-0.030701754385964897,-0.02172096908939017,0.014619883040935644,-0.032388663967611364,-0.019188596491228088,-0.01070472792149868,0.0031328320802004594,-0.026459591601955712,0.004699248120300703,-0.00877192982456143,-0.008325899494498995,-0.03645833333333337,0.015182186234817818,0.013495276653171379,-0.0018148820326678722,0.006620324395895397,-0.01578947368421052,-0.02172096908939017,0.02631578947368418,-0.014867677668748136,0.02631578947368418,-0.04344193817878034,-0.013157894736842146,-0.04784688995215314,-0.011494252873563315,0.0,0.0,-0.046783625730994205,-0.04527447651386529,-0.026315789473684292,-0.07855459544383353,-0.035662927811331624,-0.0837915684734224,-0.04668930390492365,0.0,0.0,-0.03537068477645727,0.02826510721247566,-0.0481041312959819,0.01786283891547047,-0.006957047791893545,0.009268454154253564,-0.039615166949632186,-0.024158757549611776,-0.01070472792149868,0.0,0.01084529505582138,-0.007864488808227488,-0.019807583474816093,-0.0183792815371763,-0.01578947368421052,0.011483253588516762,0.013495276653171379,-0.03454790823211876,-0.02172096908939017,-0.011318619128466323,-0.00690250215703192,0.02063983488132093,-0.019298245614035148,-0.021052631578947434,-0.008325899494498995,-0.004234724742891743,-0.009515313707998851,-0.023008340523439752,-0.016105838366407832,-0.0326206140350877,0.005012531328320802,-0.040669856459330134
0.07646356033452806,-0.019153225806451624,0.02624384909786759,0.06929510155316615,0.016129032258064502,0.006874669487043905,0.04668930390492365,1.0,0.03781979977753058,0.01290322580645159,-0.021505376344086058,0.0,0.01559139784946234,-0.02834799608993155,0.014516129032258018,0.059530791788856285,-0.009576612903225812,0.009254362771020652,0.0211345939933259,0.0042305658381808775,-0.021588089330024762,-0.016377171215880892,-0.02834799608993155,0.020737327188940086,0.01722252597047569,0.022637238256932646,-0.00332821300563238,0.009841443411700401,0.014460511679644045,0.011290322580645162,0.0,0.01290322580645159,-0.01209677419354832,-0.00691244239631339,0.03584229390681004,-0.02009925558312653,-0.005544354838709659,0.019682886823400803,0.036290322580645185,0.005023796932839775,0.032834101382488434,0.006989247311827956,0.018042646254784023,-0.010584677419354815,0.07444168734491313,0.05272952853598012,0.02224694104560626,0.03560559951308584,0.01559139784946234,-0.004608294930875556,0.062126642771804075,0.03362493165664293,0.06929510155316615,-0.009472606246799797,0.013978494623655913,-0.026392961876832877,0.04560622914349277,0.05093378607809851,0.025466893039049254,-0.005632360471070186,0.0,0.014516129032258018,-0.03490611458834858,0.006081438392385008,-0.027684159845931644,0.0,0.025466893039049254,0.03678551216751558,0.0,0.07407407407407407,0.0,0.059530791788856285,0.023359288097886566,0.0410833840535606,0.0,0.004759386567953494,0.010661563696008736,0.025466893039049254,0.036950146627566016,0.030033370411568394,0.0,-0.004864311315924241,0.010752688172043001,0.03900293255131965,0.04032258064516128,-0.016377171215880892,-0.00332821300563238,0.0,0.003966155473294569,0.055660974067046176,0.016129032258064502,0.01505376344086018,0.014762165117550574,0.02224694104560626,0.013942044833242184,0.003966155473294569,0.005552617662612391,-0.011088709677419317,0.055299539170506895,-0.024437927663734094
0.02171136653895278,-0.048491379310344807,-0.010227936879018129,0.02937420178799488,-0.018965517241379404,-0.034765404183154325,0.004839685420447659,-0.03781979977753058,1.0,-0.01091954022988506,-0.035527690700104475,-0.014460511679644045,-0.01091954022988506,-0.03134796238244514,-0.012068965517241403,0.01598746081504704,-0.014547413793103453,-0.01695873374788015,0.0,-0.0186546071226682,-0.02785145888594165,-0.03342175066312997,-0.0376175548589342,0.012931034482758619,-0.004383401519579222,0.004839685420447659,-0.03147235905856599,-0.004675628287551192,0.0,-0.013218390804597746,-0.014460511679644045,-0.006321839080459801,-0.029094827586206906,-0.027367268746579132,0.008939974457215852,-0.07055702917771878,-0.04364224137931033,-0.0061367621274108775,0.016625615763546764,-0.022046353872244184,0.01108374384236449,-0.01091954022988506,-0.005552308591466992,-0.03394396551724138,0.0477453580901856,0.051724137931034475,0.0,0.02439817826935592,-0.012643678160919603,-0.03557744937055285,0.016602809706257993,-0.009059029807130359,0.02298850574712641,-0.04241926655719758,-0.02298850574712652,-0.06896551724137934,0.0,0.013006654567453202,0.004537205081669715,-0.01915708812260536,-0.0211345939933259,-0.01149425287356326,-0.03705609881626354,-0.012719050310910113,-0.04400411734431292,-0.023359288097886566,0.007259528130671489,0.0036297640653357444,-0.017797552836484987,0.024265644955300147,-0.02447163515016687,0.012225705329153597,0.0,0.04229017566688359,-0.02447163515016687,-0.016110797060486126,-0.006428988895382848,0.003932244404113744,0.012225705329153597,0.0,-0.025583982202447175,-0.04105090311986864,-0.014367816091954033,0.015047021943573657,0.0477453580901856,-0.0482758620689655,-0.036945812807881784,-0.027808676307007785,-0.022046353872244184,0.061528059499662,-0.014367816091954033,-0.01149425287356326,-0.007305669199298648,0.0,-0.007013442431326733,-0.0186546071226682,-0.02713397399660822,-0.03556034482758619,0.015394088669950734,-0.050156739811912265
0.042592592592592626,-0.01770833333333327,0.005932203389830526,0.033333333333333326,0.0,-0.00464480874316936,0.02543859649122815,-0.01290322580645159,0.01091954022988506,1.0,-0.05909090909090908,-0.019892473118279574,0.0,-0.045454545454545414,0.0,0.03181818181818186,-0.028124999999999956,-0.004371584699453479,0.012643678160919603,-0.003005464480874298,-0.030769230769230715,-0.025641025641025605,-0.033333333333333326,0.02380952380952378,0.011016949152542366,0.02192982456140352,-0.010317460317460336,0.0053672316384180685,0.013793103448275945,0.0,-0.014516129032258018,0.0,-0.015624999999999972,-0.007142857142857145,0.02407407407407408,-0.019230769230769218,-0.021874999999999978,0.00508474576271184,0.01190476190476189,-0.005737704918032771,0.010714285714285704,0.0,0.004519774011299438,-0.028124999999999956,0.03589743589743588,0.025641025641025633,0.00402298850574713,0.019811320754717004,0.0,-0.012698412698412653,0.04444444444444451,0.0048022598870056665,0.031481481481481555,-0.016666666666666663,0.0,-0.037878787878787845,0.013218390804597746,0.01666666666666672,0.03421052631578958,-0.032539682539682535,-0.02043010752688168,0.0,-0.05223880597014924,-0.008196721311475363,-0.05223880597014924,-0.017204301075268713,0.01578947368421052,0.02543859649122815,-0.010752688172043001,0.031481481481481555,-0.01236559139784943,0.034848484848484906,0.012643678160919603,0.028616352201257883,-0.01881720430107514,-0.008469945355191189,0.006779661016949212,0.02017543859649129,0.034848484848484906,0.014367816091954033,-0.009677419354838734,-0.0111111111111111,0.0,0.024242424242424288,0.025641025641025633,-0.021794871794871717,-0.016666666666666663,-0.011290322580645162,-0.003005464480874298,0.041176470588235314,0.0,0.0,0.005932203389830526,0.012643678160919603,0.006214689265536755,-0.006284153005464421,-0.00464480874316936,-0.020833333333333315,0.022619047619047594,-0.027272727272727282
0.06734006734006737,0.009469696969696961,0.03954802259887008,0.05387205387205388,0.0257575757575757,0.02359662195727774,0.07416267942583737,0.021505376344086058,0.035527690700104475,0.05909090909090908,1.0,0.040078201368524025,0.05303030303030298,0.0,0.054545454545454564,0.0696969696969697,0.009943181818181823,0.02235469448584204,0.05224660397074188,0.02235469448584204,0.005827505827505797,0.005594405594405605,0.0,0.05681818181818182,0.05932203389830504,0.062200956937799035,0.01010101010101011,0.04314329738058553,0.043887147335423204,0.034848484848484795,0.03030303030303033,0.04242424242424242,0.007575757575757597,0.012265512265512257,0.05387205387205388,0.003962703962703984,0.010890151515151547,0.04494093477144323,0.04870129870129869,0.03353204172876306,0.043290043290043295,0.03636363636363632,0.028762198253723642,0.014678030303030387,0.03671328671328672,0.0693473193473193,0.02925809822361547,0.05202973127501434,0.028787878787878807,0.015873015873015872,0.07744107744107742,0.03595274781715457,0.06060606060606061,0.014430014430014404,0.022727272727272707,0.0,0.04806687565308254,0.0430622009569378,0.09090909090909105,0.031024531024530955,0.03910068426197455,0.06060606060606055,-0.009724106739032123,0.04843517138599107,-0.00836725463591137,0.03616813294232646,0.045454545454545525,0.05980861244019137,0.017595307917888547,0.06397306397306401,0.025415444770283457,0.06060606060606061,0.04597701149425293,0.059462550028587774,0.031280547409579695,0.036015896671634406,0.04134565998972778,0.05980861244019137,0.09090909090909094,0.07314524555903867,0.015640273704789848,0.015151515151515138,0.034848484848484795,0.051515151515151514,0.03671328671328672,0.005361305361305357,0.018759018759018697,0.017595307917888547,0.021112767014406342,0.062388591800356524,0.034848484848484795,0.045454545454545414,0.052131484334874134,0.04597701149425293,0.03775038520801233,0.03974167908594145,0.02732240437158473,0.010890151515151547,0.05681818181818182,0.0
0.031063321385902037,-0.007560483870967721,0.014762165117550574,0.03345280764635605,0.008064516129032251,0.004759386567953494,0.033955857385399024,0.0,0.014460511679644045,0.019892473118279574,-0.040078201368524025,1.0,0.016666666666666607,-0.03616813294232646,0.01505376344086018,0.03900293255131965,-0.01310483870967738,0.0018508725542041304,0.023359288097886566,0.004494976203067158,-0.02009925558312653,-0.013399503722084316,-0.017595307917888547,0.044930875576036866,0.02952433023510115,0.04668930390492365,-0.004608294930875556,0.019682886823400803,0.02892102335928809,0.011290322580645162,0.0,0.01236559139784943,-0.005544354838709659,-0.0017921146953405048,0.031063321385902037,-0.013399503722084316,-0.011592741935483819,0.014762165117550574,0.022465437788018433,0.004759386567953494,0.015552995391705071,0.010752688172043001,0.006560962274466897,-0.012600806451612878,0.0248138957816377,0.03411910669975185,0.007786429365962175,0.016433353621424243,0.010752688172043001,-0.004096262160778297,0.04301075268817206,0.01230180426462546,0.02867383512544805,-0.0038402457757296393,0.009139784946236518,-0.02737047898338224,0.02002224694104565,0.022637238256932646,0.05517826825127348,-0.011008704557091686,0.0,0.017204301075268713,-0.04333172845450162,0.009518773135906988,-0.04573904670197404,0.0,0.021222410865874397,0.039615166949632186,0.0,0.023894862604540046,0.0,0.03900293255131965,0.026696329254727535,0.043822276323797926,0.0,0.009518773135906988,0.02132312739201747,0.04385964912280704,0.05131964809384165,0.030033370411568394,0.0,-0.00332821300563238,0.00752688172043009,0.018475073313783008,0.037220843672456566,-0.008188585607940446,-0.0058883768561188155,0.0,0.004759386567953494,0.048703352308665404,0.008064516129032251,0.01505376344086018,0.0164024056861673,0.02002224694104565,0.013121924548933794,0.006874669487043905,0.0034373347435219526,-0.00604838709677416,0.027649769585253448,-0.017595307917888547
0.042592592592592626,-0.023958333333333248,0.007627118644067787,0.031481481481481555,0.0,-0.005737704918032771,0.024561403508772006,-0.01559139784946234,0.01091954022988506,0.0,-0.05303030303030298,-0.016666666666666607,1.0,-0.06666666666666665,0.0,0.03030303030303033,-0.027083333333333293,-0.005737704918032771,0.01149425287356326,-0.003278688524590123,-0.03974358974358966,-0.02820512820512816,-0.04242424242424242,0.022619047619047594,0.008474576271186418,0.023684210526315863,-0.01190476190476189,0.005932203389830526,0.01149425287356326,0.0,-0.01021505376344084,0.0,-0.020833333333333315,-0.015079365079365081,0.031481481481481555,-0.021794871794871717,-0.020833333333333315,0.005649717514124297,0.01785714285714285,-0.00464480874316936,0.015476190476190477,0.0,0.004237288135593209,-0.02916666666666662,0.028205128205128216,0.03589743589743588,0.008620689655172431,0.02641509433962269,0.0,-0.012698412698412653,0.03518518518518521,0.005649717514124297,0.029629629629629672,-0.018253968253968245,0.0,-0.04393939393939389,0.015517241379310376,0.018421052631579005,0.02894736842105272,-0.026984126984126888,-0.019892473118279574,0.0,-0.07313432835820899,-0.010655737704918011,-0.0644278606965174,-0.020967741935483897,0.013157894736842146,0.021052631578947434,-0.006451612903225795,0.02777777777777779,-0.016666666666666607,0.027272727272727282,0.00919540229885063,0.022012578616352224,-0.01774193548387093,-0.0071038251366120075,0.0053672316384180685,0.02192982456140352,0.03030303030303033,0.014942528735632177,-0.008064516129032251,-0.009523809523809518,0.0,0.01666666666666669,0.028205128205128216,-0.01410256410256408,-0.01190476190476189,-0.008064516129032251,-0.003825136612021829,0.02352941176470591,0.0,0.0,0.00508474576271184,0.008620689655172431,0.003389830508474606,-0.006284153005464421,-0.003825136612021829,-0.01770833333333327,0.02380952380952378,-0.027272727272727282
0.09090909090909094,0.01278409090909094,0.04134565998972778,0.07407407407407413,0.033333333333333326,0.02608047690014903,0.07655502392344499,0.02834799608993155,0.03134796238244514,0.045454545454545414,0.0,0.03616813294232646,0.06666666666666665,1.0,0.06060606060606055,0.0848484848484849,0.010890151515151547,0.02732240437158473,0.06269592476489028,0.01614505712866368,0.00815850815850827,0.006060606060606044,0.0,0.043290043290043295,0.052131484334874134,0.055023923444976086,0.012987012987012991,0.03235747303543912,0.035527690700104475,0.03939393939393937,0.025415444770283457,0.04696969696969694,0.009469696969696961,0.017316017316017285,0.07070707070707072,0.003496503496503489,0.009469696969696961,0.050333846944016436,0.043290043290043295,0.02608047690014903,0.03517316017316016,0.033333333333333326,0.030559835644581368,0.015625,0.05710955710955709,0.0693473193473193,0.033437826541274834,0.04459691252144085,0.03636363636363632,0.012987012987012991,0.08417508417508418,0.04494093477144323,0.07744107744107742,0.01803751803751802,0.0257575757575757,0.0,0.06478578892371994,0.0430622009569378,0.07894736842105265,0.02669552669552666,0.03421309872922784,0.06212121212121213,-0.012211668928086894,0.05837059115747645,-0.008819538670284954,0.04105571847507328,0.026315789473684237,0.06937799043062204,0.018572825024437967,0.06397306397306401,0.02834799608993155,0.06666666666666671,0.050156739811912265,0.040880503144654134,0.029325513196480912,0.02732240437158473,0.030559835644581368,0.06459330143540676,0.08181818181818185,0.06896551724137934,0.007820136852394924,0.012265512265512257,0.027272727272727282,0.04848484848484849,0.024475524475524466,0.003030303030303022,0.012987012987012991,0.011730205278592365,0.012419274714356693,0.03565062388591801,0.03939393939393937,0.037878787878787845,0.030559835644581368,0.03134796238244514,0.026964560862865916,0.031048186785891718,0.019870839542970725,0.008996212121212155,0.05681818181818182,0.0
0.042592592592592626,-0.02499999999999991,0.007344632768361559,0.03518518518518521,0.0,-0.005191256830601065,0.02543859649122815,-0.014516129032258018,0.012068965517241403,0.0,-0.054545454545454564,-0.01505376344086018,0.0,-0.06060606060606055,1.0,0.03030303030303033,-0.020833333333333315,-0.006284153005464421,0.009770114942528774,-0.004371584699453479,-0.041025641025640935,-0.025641025641025605,-0.04242424242424242,0.025000000000000022,0.007909604519774016,0.022807017543859665,-0.010317460317460336,0.005649717514124297,0.014367816091954033,0.0,-0.010752688172043001,0.0,-0.013541666666666646,-0.013492063492063444,0.022222222222222254,-0.021794871794871717,-0.01770833333333327,0.005932203389830526,0.015476190476190477,-0.005191256830601065,0.01190476190476189,0.0,0.003389830508474606,-0.028124999999999956,0.020512820512820523,0.03076923076923077,0.006321839080459801,0.019811320754717004,0.0,-0.01190476190476189,0.03703703703703709,0.006779661016949212,0.03518518518518521,-0.020634920634920673,0.0,-0.037878787878787845,0.014367816091954033,0.019298245614035148,0.023684210526315863,-0.02777777777777768,-0.017204301075268713,0.0,-0.06268656716417909,-0.009016393442622839,-0.07835820895522383,-0.026881720430107503,0.01666666666666672,0.021052631578947434,-0.008602150537634357,0.03703703703703709,-0.01774193548387093,0.022727272727272763,0.012068965517241403,0.017610062893081785,-0.01559139784946234,-0.006830601092896127,0.0064971751412429835,0.02192982456140352,0.03181818181818186,0.014942528735632177,-0.00752688172043009,-0.0111111111111111,0.0,0.018181818181818216,0.03589743589743588,-0.016666666666666663,-0.013492063492063444,-0.008602150537634357,-0.003825136612021829,0.026470588235294107,0.0,0.0,0.005932203389830526,0.010344827586206917,0.005649717514124297,-0.0071038251366120075,-0.00491803278688524,-0.019791666666666652,0.022619047619047594,-0.034848484848484795
0.009764309764309864,-0.0690340909090909,-0.027118644067796627,0.009427609427609451,-0.028787878787878807,-0.02324888226527569,-0.01977671451355656,-0.059530791788856285,-0.01598746081504704,-0.03181818181818186,-0.0696969696969697,-0.03900293255131965,-0.03030303030303033,-0.0848484848484849,-0.03030303030303033,1.0,-0.0690340909090909,-0.06795827123695974,-0.03385579937304073,-0.01788375558867361,-0.10629370629370627,-0.06993006993006995,-0.09393939393939393,-0.0035714285714285865,-0.030816640986132515,-0.009569377990430616,-0.01616161616161617,-0.013559322033898313,-0.006583072100313489,-0.022727272727272763,-0.04105571847507333,-0.03333333333333338,-0.058806818181818155,-0.05310245310245315,0.00774410774410772,-0.04195804195804198,-0.012784090909090912,-0.022187981510015442,-0.005844155844155874,-0.03755588673621463,-0.004545454545454575,-0.01666666666666669,-0.01972265023112485,-0.038352272727272735,0.012587412587412555,0.010489510489510467,-0.012225705329153597,0.003430531732418529,-0.022727272727272763,-0.03232323232323234,0.011111111111111183,-0.03821263482280435,0.013468013468013518,-0.06233766233766236,-0.022727272727272763,-0.054545454545454564,-0.03855799373040747,-0.01084529505582138,-0.011483253588516762,-0.03463203463203465,-0.03900293255131965,-0.03030303030303033,-0.09443690637720487,-0.04113263785394933,-0.07815468113975582,-0.04105571847507333,-0.011483253588516762,-0.020414673046251997,-0.0636363636363636,0.012457912457912501,-0.06774193548387097,0.0,-0.023510971786833867,0.007547169811320781,-0.04105571847507333,-0.02324888226527569,-0.009861325115562425,-0.007655502392344499,0.0,-0.019749216300940453,-0.028739002932551327,-0.03001443001443002,-0.03030303030303033,0.0,0.009440559440559437,-0.04755244755244753,-0.020779220779220786,-0.006158357771261003,-0.01609538002980626,0.01568627450980392,-0.03030303030303033,-0.025757575757575812,-0.01725731895223423,-0.013166144200626978,-0.018489984591679554,-0.01609538002980626,-0.02324888226527569,-0.028124999999999983,-0.004545454545454575,-0.04848484848484849
0.06365740740740738,0.0,0.021186440677966045,0.04629629629629628,0.008333333333333304,0.01075819672131148,0.05564692982456143,0.009576612903225812,0.014547413793103453,0.028124999999999956,-0.009943181818181823,0.01310483870967738,0.027083333333333293,-0.010890151515151547,0.020833333333333315,0.0690340909090909,1.0,0.01690573770491799,0.05657327586206884,0.006147540983606564,-0.007932692307692335,-0.007211538461538491,-0.014678030303030387,0.0647321428571428,0.04766949152542366,0.04989035087719296,0.0047123015873015706,0.022510593220338937,0.04525862068965514,0.01770833333333327,0.009072580645161255,0.021874999999999978,0.0,0.002976190476190438,0.07233796296296297,-0.002884615384615402,0.0,0.013241525423728806,0.0200892857142857,0.015368852459016424,0.031249999999999972,0.015624999999999972,0.027807203389830504,0.0,0.03966346153846151,0.021634615384615363,0.012931034482758619,0.019457547169811323,0.004166666666666652,0.0004960317460317443,0.05497685185185186,0.01986228813559318,0.052083333333333315,0.003720238095238082,0.009374999999999994,-0.007575757575757597,0.038793103448275856,0.023026315789473673,0.04221491228070173,0.00644841269841262,0.015120967741935443,0.02499999999999991,-0.013292910447761208,0.016137295081967207,-0.018889925373134386,0.010080645161290314,0.04029605263157898,0.06907894736842102,0.015624999999999944,0.057870370370370405,0.016129032258064502,0.08948863636363624,0.038793103448275856,0.02594339622641509,0.01814516129032251,0.024590163934426257,0.027807203389830504,0.05756578947368424,0.020454545454545447,0.02262931034482757,0.015624999999999944,0.001488095238095219,0.019791666666666652,0.058806818181818155,0.04687499999999997,-0.0019230769230769301,0.0027281746031745657,0.00604838709677416,0.008452868852458995,0.043811274509803905,0.008333333333333304,0.01458333333333331,0.009269067796610159,0.024245689655172403,0.02913135593220334,0.007684426229508212,0.006147540983606564,0.0,0.01785714285714285,-0.0014204545454545511
0.07437765634486937,-0.023821721311475363,0.01500416782439562,0.05737704918032788,0.006284153005464421,0.0,0.034512510785159656,-0.009254362771020652,0.01695873374788015,0.004371584699453479,-0.02235469448584204,-0.0018508725542041304,0.005737704918032771,-0.02732240437158473,0.006284153005464421,0.06795827123695974,-0.01690573770491799,1.0,0.025438100621820225,0.0,-0.035308953341740223,-0.027238335435056715,-0.04967709885742677,0.013173302107728324,0.01000277854959708,0.01035375323554788,-0.004683840749414525,0.0038899694359544185,0.0093273035613341,0.004371584699453479,-0.004759386567953494,0.004371584699453479,-0.019979508196721285,-0.01821493624772319,0.05525197328476017,-0.02421185372005047,-0.006147540983606564,0.011114198388441188,0.02927400468384067,0.0,0.03512880562060883,0.003278688524590123,0.01222561822728535,-0.01075819672131148,0.05674653215636816,0.045397225725094525,0.0186546071226682,0.042066192390968205,0.006284153005464421,-0.011449388498568858,0.07012750455373407,0.017782717421505834,0.0786278081360049,-0.015092375748113507,0.005191256830601065,-0.02608047690014903,0.034765404183154325,0.026459591601955712,0.01380500431406384,-0.0067655477491543325,-0.003172924378635672,0.0054644808743168904,-0.03816980670418402,0.0,-0.030829459261071723,-0.005552617662612391,0.025309174575783744,0.032211676732815664,-0.010312004230565885,0.0977534911961141,-0.008989952406134316,0.05543964232488818,0.022046353872244184,0.03464274667491496,-0.0034373347435219526,0.0,0.0038899694359544185,0.012654587287891872,0.02146050670640834,0.015262860373092157,-0.003966155473294569,-0.010928961748633892,0.007377049180327833,0.05007451564828613,0.04255989911727617,-0.02622950819672132,-0.005724694249284429,-0.001586462189317836,0.0,0.04821600771456122,0.006830601092896127,0.004371584699453479,0.009447068630175026,0.016110797060486126,0.007779938871908837,0.0,0.0,-0.017674180327868827,0.03805620608899296,-0.03229011425732736
0.03448275862068967,-0.03556034482758619,-0.0052600818234950775,0.030651340996168563,-0.010344827586206917,-0.010175240248728096,0.008469449485783487,-0.0211345939933259,0.0,-0.012643678160919603,-0.05224660397074188,-0.023359288097886566,-0.01149425287356326,-0.06269592476489028,-0.009770114942528774,0.03385579937304073,-0.05657327586206884,-0.025438100621820225,1.0,-0.010175240248728096,-0.06870026525198936,-0.05384615384615382,-0.07732497387669801,0.009236453201970418,-0.007013442431326733,0.005142165759225659,-0.010946907498631642,-0.0029222676797194813,0.0,-0.00919540229885063,-0.02447163515016687,-0.01091954022988506,-0.025862068965517238,-0.025998905309250142,0.02937420178799488,-0.0259946949602122,-0.011314655172413784,-0.004091174751607252,0.005541871921182245,-0.01695873374788015,0.00615763546798026,-0.008620689655172431,-0.004967855055523107,-0.019396551724137928,0.019893899204244003,0.019893899204244003,0.0,0.00975927130774236,-0.008620689655172431,-0.012315270935960604,0.03703703703703709,-0.007013442431326733,0.03703703703703709,-0.030103995621237056,-0.007471264367816088,-0.0376175548589342,0.0,0.003932244404113744,0.005142165759225659,-0.027367268746579132,-0.0211345939933259,-0.009770114942528774,-0.0602161605764282,-0.022046353872244184,-0.06253216675244472,-0.02002224694104565,0.004839685420447659,0.009679370840895318,-0.03225806451612906,0.033205619412515985,-0.03559510567296997,0.03197492163009408,0.0,0.014638906961613546,-0.023359288097886566,-0.011871113623516089,-0.002337814143775596,0.006957047791893545,0.012225705329153597,0.0,-0.01557285873192435,-0.015051997810618528,-0.012068965517241403,0.022570532915360486,0.009946949602122002,-0.029708222811671098,-0.010946907498631642,-0.005561735261401565,-0.005935556811758044,0.02366463826910073,-0.008620689655172431,-0.00804597701149426,-0.003214494447691424,0.0,-0.004967855055523107,-0.008479366873940075,-0.010175240248728096,-0.017780172413793094,0.008620689655172403,-0.02925809822361547
0.029751062537947792,-0.016137295081967207,0.012781328146707405,0.036126290224650914,0.0071038251366120075,0.0,0.011504170261719876,-0.0042305658381808775,0.0186546071226682,0.003005464480874298,-0.02235469448584204,-0.004494976203067158,0.003278688524590123,-0.01614505712866368,0.004371584699453479,0.01788375558867361,-0.006147540983606564,0.0,0.010175240248728096,1.0,-0.021185372005044112,-0.017150063051702358,-0.02608047690014903,0.02195550351288053,0.0038899694359544185,0.011504170261719876,-0.0130106687483737,0.008891358710752917,0.02119841718485016,0.00491803278688524,-0.004759386567953494,0.0035519125683060038,-0.01690573770491799,-0.0130106687483737,0.027625986642380085,-0.034300126103404716,-0.019211065573770503,0.013337038066129459,0.040983606557376984,0.0,0.042447306791568995,0.00464480874316936,0.007779938871908837,-0.015368852459016424,0.05674653215636816,0.07377049180327866,0.022046353872244184,0.07670893906588316,0.006557377049180246,-0.020817069997397963,0.025500910746812377,0.010558488469019134,0.025500910746812377,-0.009888108248764016,0.006557377049180246,-0.029806259314456074,0.011023176936122092,0.02761000862812768,0.01380500431406384,-0.005724694249284429,-0.0034373347435219526,0.003005464480874298,-0.026425250795204303,0.0,-0.026425250795204303,-0.005023796932839775,0.02876042565429965,0.01035375323554788,-0.003966155473294569,0.04462659380692169,-0.007403490216816522,0.01073025335320417,0.02035048049745619,0.06681101144447882,-0.003172924378635672,0.0,0.011114198388441188,0.011504170261719876,0.03397913561847987,0.012719050310910113,-0.0042305658381808775,-0.01769450949778817,0.008196721311475363,0.02324888226527569,0.07377049180327866,-0.03329129886506943,-0.015612802498048417,-0.003701745108408261,0.0,0.06107360977177756,0.0054644808743168904,0.0054644808743168904,0.015559877743817674,0.0186546071226682,0.004445679355376458,0.0,0.0,-0.0222848360655738,0.03512880562060883,-0.04843517138599107
