0,1,2,3,4,5,6,7,8,9,10,11,12,13,14,15,16,17,18,19,20,21,22,23,24,25,26,27,28,29,30,31,32,33,34,35,36,37,38,39,40,41,42,43,44,45,46,47,48,49,50,51,52,53,54,55,56,57,58,59,60,61,62,63,64,65,66,67,68,69,70,71,72,73,74,75,76,77,78,79,80,81,82,83,84,85,86,87,88,89,90,91,92,93,94,95,96,97,98,99
1.0,0.02930402930402931,0.018315018315018305,-0.010520487264673362,0.009291521486643417,0.02014652014652013,0.006387921022067311,0.01428571428571429,0.0046457607433217085,0.02506265664160401,-0.041666666666666685,0.028571428571428553,0.0,0.04504504504504503,-0.04559270516717323,0.057142857142857106,0.03539253539253534,-0.02898550724637683,-0.023809523809523836,0.051587301587301626,-0.015151515151515138,-0.01904761904761909,-0.009413067552602461,0.022408963585434177,0.009291521486643417,-0.006644518272425293,0.011904761904761918,0.007549361207897787,0.010714285714285704,0.007549361207897787,0.07142857142857145,-0.06462585034013607,0.0,0.01904761904761909,-0.026984126984127,0.007549361207897787,0.0,0.02619047619047621,-0.020634920634920673,0.013095238095238104,0.008130081300812997,-0.020562770562770616,-0.006644518272425293,0.03217503217503215,0.005807200929152129,-0.048125633232016185,-0.03933747412008287,-0.09663865546218492,0.0,-0.026984126984127,0.0,0.01904761904761909,0.02747252747252743,0.01785714285714285,0.015476190476190477,-0.041666666666666685,0.03379416282642089,-0.005537098560354392,0.0,-0.026915113871635588,0.05913978494623656,-0.006644518272425293,-0.00609080841638987,0.05555555555555558,0.008130081300812997,-0.059523809523809534,0.01904761904761905,0.051587301587301626,0.04504504504504503,0.016666666666666663,-0.012987012987012991,-0.010822510822510817,0.06190476190476191,0.009523809523809525,0.012531328320802004,0.018315018315018305,0.011904761904761918,0.005226480836236919,0.02930402930402931,0.010452961672473837,0.05336617405582922,-0.009966777408637939,0.05602240896358546,0.008333333333333331,0.013095238095238104,0.0,0.044817927170868355,-0.04305977710233028,0.008130081300812997,0.02801120448179273,0.05148005148005147,-0.023809523809523836,-0.012987012987012991,0.011614401858304257,0.005226480836236919,0.006387921022067311,-0.06462585034013607,-0.03333333333333338,-0.008859357696567038,0.008710801393728151
-0.02930402930402931,1.0,0.0,-0.05247465712582,-0.03752345215759856,0.0,-0.03001876172607887,-0.01602564102564097,-0.03001876172607887,0.007422402159244279,-0.07692307692307693,0.023443223443223443,-0.02380952380952378,0.026334026334026372,-0.08292416803055092,0.049816849816849806,0.02494802494802495,-0.1053511705685618,-0.09572649572649572,0.029914529914529975,-0.05244755244755239,-0.03076923076923077,-0.035778175313059046,0.03770739064856715,-0.012507817385866177,-0.035778175313059046,-0.011538461538461497,-0.01375859912445282,-0.010897435897435859,-0.01375859912445282,0.01282051282051283,-0.06279434850863422,-0.018315018315018305,-0.009615384615384581,-0.05470085470085473,-0.020012507817385894,-0.018315018315018305,-0.007692307692307665,-0.034188034188034205,-0.004487179487179471,-0.015009380863039434,-0.026223776223776196,-0.02623732856291,0.019404019404019424,-0.025015634771732354,-0.043644298963447875,-0.03901895206243031,-0.08446455505279032,-0.016483516483516453,-0.051282051282051266,-0.032967032967032905,-0.02051282051282044,0.0,-0.01538461538461533,-0.018589743589743524,-0.11057692307692307,0.13234077750206785,-0.059630292188431744,-0.016483516483516453,-0.042920847268673346,0.03970223325062036,-0.023852116875372698,-0.0405485986881336,0.03632478632478636,-0.012507817385866177,-0.07692307692307693,0.038095238095238126,0.042735042735042805,0.023562023562023526,-0.01538461538461533,-0.055361305361305346,-0.029137529137529122,0.041025641025641046,0.05384615384615388,0.009446693657220007,0.0,-0.012820512820512775,-0.022514071294559068,0.0,-0.015009380863039434,0.10610079575596815,-0.021466905187835422,0.0641025641025641,-0.010897435897435859,-0.012820512820512775,-0.02747252747252743,0.04524886877828055,-0.07419530823786141,-0.020012507817385894,0.03393665158371045,0.02079002079002079,-0.034188034188034205,-0.03496503496503495,-0.0050031269543464735,-0.007504690431519717,-0.015009380863039434,-0.0680272108843537,-0.05470085470085473,-0.0405485986881336,-0.015009380863039434
-0.018315018315018305,0.0,1.0,-0.035778175313059046,-0.023764853033145683,0.0,-0.02126328955597251,-0.011538461538461497,-0.03126954346466537,0.011470985155195679,-0.09615384615384615,0.046886446886446886,-0.021978021978021955,0.02217602217602216,-0.07419530823786141,0.03516483516483515,0.02217602217602216,-0.08584169453734669,-0.08205128205128209,0.02564102564102566,-0.05244755244755239,-0.04786324786324786,-0.02623732856291,0.04147812971342385,-0.01876172607879928,-0.0405485986881336,-0.008333333333333304,-0.012507817385866177,-0.0064102564102563875,-0.01375859912445282,0.004273504273504279,-0.02616431187859758,-0.018315018315018305,-0.008974358974358942,-0.058119658119658135,-0.016260162601625994,-0.007326007326007328,-0.002564102564102555,-0.034188034188034205,-0.0064102564102563875,-0.008755472170106304,-0.03496503496503495,-0.028622540250447248,0.012474012474012475,-0.015009380863039434,-0.021822149481723938,-0.04682274247491641,-0.07843137254901955,-0.02930402930402931,-0.02393162393162393,-0.021978021978021955,-0.014743589743589691,0.0,-0.009615384615384581,-0.017948717948717885,-0.14903846153846156,0.11248966087675771,-0.06678592725104349,-0.032967032967032905,-0.0741360089186176,0.11248966087675771,-0.031007751937984496,-0.04531902206320809,0.027777777777777846,-0.01876172607879928,-0.0913461538461538,0.038095238095238126,0.027777777777777846,0.01524601524601521,-0.008333333333333304,-0.055361305361305346,-0.03205128205128205,0.03516483516483515,0.06923076923076926,0.010121457489878583,0.0,-0.007692307692307665,-0.02126328955597251,0.0,-0.008755472170106304,0.05305039787798407,-0.007155635062611812,0.04147812971342385,-0.008333333333333304,-0.008333333333333304,-0.018315018315018305,0.018853695324283576,-0.03927986906710307,-0.011257035647279534,0.007541478129713425,0.012474012474012475,-0.04786324786324786,-0.03205128205128205,-0.007504690431519717,-0.011257035647279534,-0.007504690431519717,-0.020931449502878063,-0.02393162393162393,-0.03816338700059635,-0.008755472170106304
0.010520487264673362,0.05247465712582,0.035778175313059046,1.0,0.029495178672717004,0.031007751937984496,0.02382302892796373,0.03662790697674423,0.02155416903006241,0.04283965728274175,-0.04118217054263562,0.05847176079734223,0.010520487264673362,0.0678818353236958,-0.04948045522018785,0.09568106312292363,0.08673790069138909,-0.03488372093023251,-0.02273901808785528,0.08139534883720939,-0.012684989429175397,-0.018604651162790697,0.0,0.11080711354309175,0.018150879183210455,0.0,0.045348837209302384,0.020419739081111776,0.03488372093023262,0.01134429948950652,0.02260981912144705,-0.03701945894636921,0.007751937984496138,0.043604651162790775,-0.020671834625323016,0.02155416903006241,0.008859357696567038,0.022674418604651192,-0.014470284237726116,0.0244186046511628,0.012478729438457181,-0.005813953488372048,0.0,0.04525455688246388,0.019285309132161088,-0.02177140029688268,-0.025783619817997983,-0.0656634746922024,0.005537098560354392,-0.01757105943152454,0.013289036544850585,0.03139534883720935,0.06440071556350624,0.0488372093023256,0.029651162790697738,-0.04118217054263562,0.12603150787696926,0.0,0.007198228128460715,-0.018200202224469164,0.0720180045011253,0.0,0.0,0.1130490956072353,0.02155416903006241,-0.055717054263565824,0.05847176079734223,0.09948320413436706,0.0678818353236958,0.03488372093023262,-0.012684989429175397,-0.004756871035940774,0.0903654485049834,0.09069767441860468,0.06425948592411268,0.035778175313059046,0.03488372093023262,0.019285309132161088,0.014311270125223624,0.013613159387407814,0.16840417000801922,0.0,0.055403556771545875,0.029651162790697738,0.04011627906976756,0.009413067552602461,0.09233926128590975,-0.031667491340920284,0.017016449234259767,0.055403556771545875,0.06411062225015712,-0.012403100775193798,-0.007399577167019,0.012478729438457181,0.009075439591605228,0.010209869540555888,-0.03986710963455148,-0.013436692506459957,0.0,0.014747589336358502
-0.009291521486643417,0.03752345215759856,0.023764853033145683,-0.029495178672717004,1.0,0.02751719824890564,0.0,0.017073170731707332,0.0,0.0211810012836971,-0.06046747967479671,0.04181184668989549,-0.006968641114982521,0.05273566249176004,-0.05604566683964707,0.07108013937282232,0.04746209624258402,-0.06627783669141041,-0.054200542005420016,0.04742547425474258,-0.029933481152993324,-0.02384823848238482,-0.017016449234259767,0.0652797704447633,0.0,-0.018150879183210455,0.0128048780487805,0.0,0.01097560975609757,0.0,0.02371273712737129,-0.05176704828272771,-0.005807200929152129,0.008536585365853666,-0.03252032520325199,0.0,-0.007549361207897787,0.00792682926829269,-0.02168021680216803,0.004878048780487837,0.0,-0.016629711751662946,-0.009075439591605228,0.03427818061964405,0.0,-0.03736377789309803,-0.034464475079533374,-0.06695361071257772,-0.0034843205574912606,-0.034688346883468835,-0.011614401858304257,0.014634146341463539,0.03502188868042522,0.01890243902439037,0.016463414634146356,-0.07469512195121952,0.14162077104642012,-0.02382302892796373,-0.005807200929152129,-0.034464475079533374,0.055074744295830064,-0.013613159387407814,-0.019285309132161088,0.060975609756097615,0.0,-0.05691056910569103,0.04599303135888505,0.07113821138211385,0.04218852999340805,0.013414634146341586,-0.03159645232815966,-0.016629711751662946,0.058536585365853655,0.06260162601626018,0.030808729139923052,0.011257035647279534,0.0128048780487805,0.0,0.006253908692933088,0.0,0.11101766190075696,-0.007941009642654567,0.07532281205164998,0.009146341463414698,0.0128048780487805,-0.007549361207897787,0.0652797704447633,-0.052932018681888904,0.0,0.040172166427546646,0.050098879367172056,-0.026016260162601612,-0.02161862527716185,0.0,0.0,0.0,-0.05176704828272771,-0.02818428184281846,-0.017016449234259767,0.0
-0.02014652014652013,0.0,0.0,-0.031007751937984496,-0.02751719824890564,1.0,-0.023764853033145683,-0.013461538461538414,-0.03252032520325199,0.010796221322537158,-0.08653846153846151,0.043956043956043966,-0.018315018315018305,0.02079002079002079,-0.06110201854882702,0.03223443223443223,0.019404019404019424,-0.08974358974358976,-0.07521367521367528,0.021367521367521403,-0.0437062937062937,-0.05470085470085473,-0.035778175313059046,0.0301659125188537,-0.015009380863039434,-0.042933810375670844,-0.007692307692307665,-0.010006253908692947,-0.0064102564102563875,-0.01876172607879928,0.010683760683760701,-0.03139717425431711,-0.010989010989010978,-0.007051282051282026,-0.06153846153846154,-0.016260162601625994,-0.005494505494505489,-0.0038461538461538325,-0.027350427350427364,-0.0064102564102563875,-0.011257035647279534,-0.03205128205128205,-0.028622540250447248,0.012474012474012475,-0.01876172607879928,-0.03055100927441351,-0.042920847268673346,-0.06033182503770737,-0.025641025641025605,-0.03076923076923077,-0.02014652014652013,-0.01602564102564097,0.0,-0.010897435897435859,-0.019230769230769162,-0.16826923076923073,0.13234077750206785,-0.06917113893858085,-0.032967032967032905,-0.07803790412486061,0.08602150537634412,-0.031007751937984496,-0.03816338700059635,0.023504273504273532,-0.012507817385866177,-0.07211538461538458,0.046886446886446886,0.03418803418803423,0.01524601524601521,-0.012179487179487136,-0.040792540792540743,-0.0437062937062937,0.03516483516483515,0.06153846153846154,0.007422402159244279,0.0,-0.007051282051282026,-0.020012507817385894,0.0,-0.010006253908692947,0.07073386383731212,-0.007155635062611812,0.0603318250377074,-0.01025641025641022,-0.009615384615384581,-0.02380952380952378,0.022624434389140274,-0.04800872885979268,-0.01375859912445282,0.022624434389140274,0.016632016632016633,-0.03760683760683764,-0.037878787878787845,-0.0037523452157598586,-0.015009380863039434,-0.011257035647279534,-0.03663003663003661,-0.034188034188034205,-0.04531902206320809,-0.012507817385866177
-0.006387921022067311,0.03001876172607887,0.02126328955597251,-0.02382302892796373,0.0,0.023764853033145683,1.0,0.01768292682926842,0.0,0.026957637997432615,-0.04979674796747968,0.03344947735191639,-0.005807200929152129,0.05273566249176004,-0.0622729631551634,0.10034843205574917,0.06328279499011213,-0.08218451749734879,-0.05636856368563692,0.06436314363143636,-0.03325942350332589,-0.02384823848238482,-0.019285309132161088,0.11047345767575334,0.0,-0.019285309132161088,0.016463414634146356,0.0,0.014634146341463539,0.0,0.020325203252032548,-0.06371329019412636,-0.006968641114982521,0.011585365853658547,-0.03035230352303525,0.0,-0.009872241579558627,0.007317073170731769,-0.026016260162601612,0.009146341463414698,0.0,-0.016629711751662946,-0.012478729438457181,0.05273566249176004,0.0,-0.03736377789309803,-0.023860021208907733,-0.07651841224294592,-0.005226480836236919,-0.041192411924119265,-0.010452961672473837,0.012195121951219579,0.0337711069418386,0.014634146341463539,0.014634146341463539,-0.07469512195121952,0.18095987411487024,-0.02836074872376637,-0.006968641114982521,-0.03181336161187698,0.055074744295830064,-0.010209869540555888,-0.02382302892796373,0.06436314363143636,0.0,-0.06402439024390244,0.0919860627177701,0.0745257452574527,0.060646011865524097,0.016463414634146356,-0.0382483370288248,-0.02161862527716185,0.07108013937282232,0.11626016260162603,0.0423620025673942,0.016260162601625994,0.01585365853658538,0.0,0.010006253908692947,0.0,0.15138772077375945,-0.009075439591605228,0.10043041606886666,0.014024390243902563,0.015243902439024404,-0.009291521486643417,0.07532281205164998,-0.05604566683964707,0.0,0.06025824964131998,0.02636783124588002,-0.03035230352303525,-0.026607538802660702,0.0,0.0,0.0,-0.06371329019412636,-0.034688346883468835,-0.015882019285309135,0.0
-0.01428571428571429,0.01602564102564097,0.011538461538461497,-0.03662790697674423,-0.017073170731707332,0.013461538461538414,-0.01768292682926842,1.0,-0.017073170731707332,0.01315789473684209,-0.045833333333333365,0.028571428571428553,-0.009523809523809545,0.03243243243243238,-0.05957446808510641,0.07857142857142851,0.03648648648648645,-0.08804347826086956,-0.063888888888889,0.050000000000000044,-0.034090909090909116,-0.03333333333333338,-0.0244186046511628,0.07058823529411762,-0.006097560975609789,-0.03488372093023262,0.0,-0.008536585365853666,0.0,-0.006097560975609789,0.016666666666666663,-0.05510204081632655,-0.007142857142857145,0.0,-0.041666666666666685,-0.0128048780487805,-0.01428571428571429,0.0,-0.022222222222222254,0.0,-0.005487804878048785,-0.025000000000000022,-0.019186046511627974,0.03243243243243238,-0.014024390243902563,-0.029787234042553207,-0.02934782608695652,-0.08088235294117646,-0.010714285714285704,-0.03888888888888892,-0.01904761904761909,0.0,0.016666666666666607,0.0,0.0,-0.09583333333333338,0.1596774193548387,-0.04709302325581399,-0.015476190476190477,-0.048913043478260865,0.043548387096774194,-0.015697674418604673,-0.026162790697674465,0.04444444444444445,-0.004878048780487837,-0.05833333333333335,0.057142857142857106,0.05277777777777781,0.03243243243243238,0.0,-0.040909090909090895,-0.022727272727272735,0.04999999999999999,0.09166666666666667,0.023684210526315808,0.008974358974358942,0.0,-0.009756097560975674,0.0038461538461538325,-0.006707317073170793,0.14224137931034475,-0.010465116279069792,0.0794117647058824,0.0,0.0,-0.016666666666666663,0.052941176470588214,-0.07074468085106378,-0.0128048780487805,0.04411764705882354,0.030405405405405372,-0.030555555555555614,-0.034090909090909116,-0.006097560975609789,-0.007317073170731769,-0.009146341463414698,-0.05510204081632655,-0.04444444444444451,-0.022674418604651192,-0.007317073170731769
-0.0046457607433217085,0.03001876172607887,0.03126954346466537,-0.02155416903006241,0.0,0.03252032520325199,0.0,0.017073170731707332,1.0,0.026957637997432615,-0.06758130081300812,0.050174216027874585,-0.007549361207897787,0.050098879367172056,-0.052932018681888904,0.07108013937282232,0.04746209624258402,-0.076882290562036,-0.054200542005420016,0.06436314363143636,-0.02827050997782704,-0.03035230352303525,-0.019285309132161088,0.0853658536585366,0.0,-0.02155416903006241,0.013414634146341586,0.0,0.013414634146341586,0.0,0.010162601626016274,-0.03583872573419611,-0.004065040650406498,0.011585365853658547,-0.039024390243902474,0.0,-0.007549361207897787,0.0030487804878048946,-0.026016260162601612,0.006097560975609789,0.0,-0.014966740576496662,-0.014747589336358502,0.044825313117996035,0.0,-0.01556824078879085,-0.02120890774125131,-0.06695361071257772,-0.005807200929152129,-0.034688346883468835,-0.008130081300812997,0.014634146341463539,0.026266416510318913,0.012195121951219579,0.01768292682926842,-0.10315040650406493,0.19669551534225027,-0.037436188315371544,-0.008710801393728151,-0.04506892895015907,0.0786782061369001,-0.013613159387407814,-0.02268859897901304,0.05081300813008138,0.0,-0.04979674796747968,0.07944250871080138,0.05420054200542013,0.04746209624258402,0.014024390243902563,-0.039911308203991025,-0.02161862527716185,0.07944250871080138,0.11626016260162603,0.03465982028241338,0.016260162601625994,0.0128048780487805,0.0,0.010006253908692947,0.0,0.15138772077375945,-0.009075439591605228,0.0853658536585366,0.0128048780487805,0.014634146341463539,-0.007549361207897787,0.07030129124820661,-0.052932018681888904,0.0,0.05523672883787667,0.03164139749505607,-0.02384823848238482,-0.02827050997782704,0.0,0.0,0.0,-0.03583872573419611,-0.03035230352303525,-0.017016449234259767,0.0
-0.02506265664160401,-0.007422402159244279,-0.011470985155195679,-0.04283965728274175,-0.0211810012836971,-0.010796221322537158,-0.026957637997432615,-0.01315789473684209,-0.026957637997432615,1.0,-0.14254385964912297,0.06315789473684208,-0.042606516290726815,0.008534850640113778,-0.07558790593505038,0.02932330827067664,0.014224751066856278,-0.06407322654462244,-0.07368421052631585,0.0146198830409357,-0.07177033492822965,-0.06549707602339189,-0.0367197062423501,0.0619195046439629,-0.04428754813863933,-0.07037943696450433,-0.019736842105263164,-0.01732991014120669,-0.019736842105263164,-0.01732991014120669,0.0043859649122807015,-0.047261009667024706,-0.02756892230576441,-0.01842105263157895,-0.06549707602339189,-0.01925545571245188,-0.02506265664160401,-0.01052631578947369,-0.0491228070175439,-0.025000000000000022,-0.01732991014120669,-0.06100478468899523,-0.04589963280293763,0.0035561877667140696,-0.013478818998716308,-0.03527435610302351,-0.05491990846681927,-0.12745098039215685,-0.020050125313283235,-0.036842105263157926,-0.02506265664160401,-0.01578947368421052,-0.008771929824561486,-0.01578947368421052,-0.023684210526315808,-0.11513157894736847,0.05348047538200337,-0.04895960832313351,-0.07518796992481203,-0.10068649885583525,0.14261460101867574,-0.05813953488372098,-0.052019583843329276,0.01900584795321636,-0.030808729139923052,-0.09868421052631582,0.027067669172932296,0.020467836257309968,0.007112375533428139,-0.011842105263157904,-0.07177033492822965,-0.04665071770334933,0.024812030075187952,0.11228070175438593,0.0,-0.01619433198380571,-0.022368421052631537,-0.03465982028241338,-0.005398110661268579,-0.00962772785622594,0.09800362976406529,-0.024479804161566754,0.01238390092879256,-0.01578947368421052,-0.022368421052631537,-0.02756892230576441,0.018575851393188847,-0.03527435610302351,-0.013478818998716308,0.02476780185758512,0.004267425320056889,-0.06140350877192985,-0.0430622009569378,-0.0211810012836971,-0.030808729139923052,-0.00962772785622594,-0.05907626208378086,-0.036842105263157926,-0.0305997552019584,-0.01925545571245188
0.041666666666666685,0.07692307692307693,0.09615384615384615,0.04118217054263562,0.06046747967479671,0.08653846153846151,0.04979674796747968,0.045833333333333365,0.06758130081300812,0.14254385964912297,1.0,0.19345238095238093,0.059523809523809534,0.10529279279279274,0.01019503546099293,0.06964285714285715,0.10529279279279274,0.017210144927536197,0.0222222222222222,0.09722222222222227,0.045454545454545525,0.024999999999999967,0.04602713178294571,0.1115196078431373,0.07113821138211379,0.05329457364341078,0.06666666666666671,0.046239837398374006,0.07916666666666666,0.04979674796747968,0.07638888888888892,-0.003401360544217663,0.041666666666666685,0.05833333333333335,0.0222222222222222,0.04979674796747968,0.04464285714285715,0.045833333333333365,0.0222222222222222,0.07083333333333336,0.0533536585365853,0.041666666666666685,0.036337209302325535,0.03716216216216217,0.042682926829268275,0.005319148936170248,0.012681159420289856,-0.022058823529411742,0.035714285714285754,0.01944444444444443,0.03869047619047622,0.07083333333333336,0.0625,0.05833333333333335,0.07083333333333336,0.0,0.12567204301075272,0.043604651162790664,0.07738095238095244,0.02717391304347827,0.27419354838709686,0.055717054263565824,0.055717054263565824,0.11111111111111116,0.09247967479674801,0.0,0.08511904761904762,0.11111111111111116,0.08671171171171171,0.050000000000000044,0.045454545454545525,0.024621212121212155,0.1470238095238095,0.16250000000000003,0.10416666666666669,0.09615384615384615,0.09166666666666673,0.06758130081300812,0.07211538461538458,0.02489837398373984,0.16379310344827586,0.03391472868217055,0.05147058823529413,0.050000000000000044,0.0625,0.03273809523809526,0.12009803921568629,0.007092198581560294,0.03912601626016257,0.10294117647058826,0.061936936936936915,0.018055555555555547,0.03030303030303033,0.042682926829268275,0.0533536585365853,0.035569105691056896,-0.005527210884353706,0.020833333333333315,0.03391472868217055,0.046239837398374006
-0.028571428571428553,-0.023443223443223443,-0.046886446886446886,-0.05847176079734223,-0.04181184668989549,-0.043956043956043966,-0.03344947735191639,-0.028571428571428553,-0.050174216027874585,-0.06315789473684208,-0.19345238095238093,1.0,-0.06666666666666665,-0.015444015444015469,-0.08024316109422491,0.0,-0.018532818532818518,-0.06149068322981366,-0.0888888888888889,-0.0031746031746031633,-0.11688311688311687,-0.0761904761904762,-0.05847176079734223,0.013445378151260512,-0.10034843205574917,-0.12225913621262463,-0.03928571428571426,-0.020905923344947744,-0.0357142857142857,-0.04599303135888505,-0.0031746031746031633,-0.057142857142857134,-0.05238095238095236,-0.024999999999999994,-0.06984126984126987,-0.008362369337979098,-0.023809523809523808,-0.024999999999999994,-0.08253968253968258,-0.06428571428571428,-0.03344947735191639,-0.11688311688311687,-0.08504983388704324,-0.007722007722007734,-0.025087108013937293,-0.06565349544072946,-0.06149068322981366,-0.09859943977591035,-0.028571428571428553,-0.01904761904761905,-0.014285714285714277,-0.028571428571428553,-0.017582417582417575,-0.0357142857142857,-0.05357142857142855,-0.12380952380952381,0.025806451612903236,-0.07973421926910301,-0.12857142857142856,-0.16397515527950313,0.09216589861751157,-0.1009966777408638,-0.07973421926910301,-0.0071428571428571175,-0.06271777003484325,-0.10833333333333334,0.0,-0.0071428571428571175,-0.009266409266409259,-0.014285714285714277,-0.08766233766233766,-0.0701298701298701,0.0,0.07142857142857145,-0.03609022556390973,-0.06739926739926738,-0.04642857142857143,-0.08362369337979098,-0.014652014652014655,-0.016724738675958195,0.05320197044334973,-0.02126245847176081,0.005042016806722699,-0.028571428571428553,-0.042857142857142816,-0.014285714285714277,0.001680672268907564,-0.02917933130699088,-0.004181184668989549,0.007563025210084062,-0.007722007722007734,-0.0888888888888889,-0.07597402597402597,-0.058536585365853655,-0.07108013937282232,-0.020905923344947744,-0.07346938775510203,-0.01904761904761905,-0.026578073089701004,-0.016724738675958195
0.0,0.02380952380952378,0.021978021978021955,-0.010520487264673362,0.006968641114982521,0.018315018315018305,0.005807200929152129,0.009523809523809545,0.007549361207897787,0.042606516290726815,-0.059523809523809534,0.06666666666666665,1.0,0.04826254826254822,-0.06079027355623101,0.047619047619047616,0.05469755469755466,-0.0331262939958592,-0.023809523809523836,0.047619047619047616,-0.018398268398268414,-0.03492063492063502,-0.011627906976744207,0.06162464985994398,0.006387921022067311,-0.008859357696567038,0.015476190476190477,0.009872241579558627,0.016666666666666663,0.011033681765389047,0.023809523809523808,-0.04081632653061226,0.0,0.020238095238095277,-0.03492063492063502,0.006968641114982521,0.0,0.01785714285714285,-0.03492063492063502,0.022619047619047594,0.009291521486643417,-0.007575757575757569,-0.010520487264673362,0.022522522522522515,0.005807200929152129,-0.04559270516717323,-0.053830227743271175,-0.08823529411764708,0.0,-0.025396825396825418,0.0,0.016666666666666663,0.025641025641025605,0.01785714285714285,0.015476190476190477,-0.047619047619047616,0.08448540706605223,-0.006644518272425293,0.0,-0.024844720496894457,0.1098310291858679,-0.018826135105204922,-0.012735326688815163,0.059523809523809534,0.010452961672473837,-0.059523809523809534,0.06190476190476191,0.05555555555555558,0.041827541827541836,0.016666666666666663,-0.019480519480519487,-0.019480519480519487,0.06666666666666665,0.13333333333333336,0.03007518796992481,0.021978021978021955,0.016666666666666663,0.008710801393728151,0.02380952380952378,0.005807200929152129,0.1280788177339901,-0.009413067552602461,0.0392156862745098,0.015476190476190477,0.01428571428571429,0.0,0.0784313725490196,-0.04559270516717323,0.005226480836236919,0.0672268907563025,0.05148005148005147,-0.020634920634920673,-0.022727272727272763,0.004065040650406498,0.007549361207897787,0.0034843205574912606,-0.0714285714285714,-0.028571428571428636,-0.006644518272425293,0.008710801393728151
-0.04504504504504503,-0.026334026334026372,-0.02217602217602216,-0.0678818353236958,-0.05273566249176004,-0.02079002079002079,-0.05273566249176004,-0.03243243243243238,-0.050098879367172056,-0.008534850640113778,-0.10529279279279274,0.015444015444015469,-0.04826254826254822,1.0,-0.1610120759056929,0.02007722007722007,0.0,-0.1057579318448883,-0.1057057057057057,0.010510510510510551,-0.08599508599508593,-0.06726726726726728,-0.0678818353236958,0.03338632750397458,-0.02900461437046803,-0.04902576995600255,-0.04256756756756752,-0.03427818061964405,-0.04459459459459447,-0.02900461437046803,0.006006006006006037,-0.07942636514065085,-0.041827541827541836,-0.030405405405405372,-0.07687687687687689,-0.04218852999340805,-0.04826254826254822,-0.02635135135135136,-0.07687687687687689,-0.02635135135135136,-0.03164139749505607,-0.04729729729729726,-0.04525455688246388,0.0,-0.04218852999340805,-0.08050603795284644,-0.07403055229142186,-0.11870694223635397,-0.028957528957528927,-0.07207207207207206,-0.057915057915057855,-0.03243243243243238,-0.027720027720027685,-0.03851351351351351,-0.03851351351351351,-0.09290540540540537,0.0732345248474281,-0.06033940917661851,-0.03539253539253534,-0.042303172737955336,0.04707933740191805,-0.06411062225015712,-0.08296668761785042,0.018018018018018056,-0.05273566249176004,-0.13006756756756754,0.021621621621621623,0.014264264264264304,0.0,-0.034459459459459385,-0.10319410319410316,-0.06019656019656017,0.024710424710424728,0.07567567567567568,-0.010668563300142209,-0.01524601524601521,-0.04054054054054046,-0.050098879367172056,-0.01108801108801108,-0.02900461437046803,0.07455731593662629,-0.030169704588309254,0.03338632750397458,-0.024324324324324298,-0.03243243243243238,-0.04504504504504503,0.02146263910969798,-0.08050603795284644,-0.02900461437046803,0.02146263910969798,0.0,-0.04804804804804805,-0.07309582309582308,-0.018457481872116016,-0.02900461437046803,-0.03164139749505607,-0.10590182018753441,-0.08168168168168166,-0.05279698302954117,-0.03427818061964405
0.04559270516717323,0.08292416803055092,0.07419530823786141,0.04948045522018785,0.05604566683964707,0.06110201854882702,0.0622729631551634,0.05957446808510641,0.052932018681888904,0.07558790593505038,-0.01019503546099293,0.08024316109422491,0.06079027355623101,0.1610120759056929,1.0,0.13860182370820662,0.15526164462334668,0.01156336725254381,0.021749408983451457,0.13002364066193856,0.04206963249516438,0.019858156028368712,0.05343889163780302,0.1220275344180225,0.04670472236637252,0.02177140029688268,0.08563829787234045,0.05604566683964707,0.08563829787234045,0.052932018681888904,0.05851063829787234,-0.01389491966999562,0.0557244174265451,0.09308510638297862,0.02269503546099283,0.0622729631551634,0.05825734549138806,0.07074468085106378,0.020803782505910084,0.07074468085106378,0.04981837052413074,0.015957446808510634,0.029688273132112752,0.09775733179988494,0.05604566683964707,0.0,0.012025901942645745,-0.041718815185648794,0.02786220871327255,0.019858156028368712,0.0557244174265451,0.07446808510638298,0.10038188761593014,0.08191489361702131,0.05585106382978722,-0.0066489361702127825,0.14275909402882636,0.033646709549727816,0.035460992907801414,0.006012950971322872,0.1098146877144818,0.045522018802572894,0.05541810984661055,0.1950354609929078,0.08406850025947066,-0.015957446808510745,0.09483282674772037,0.15602836879432624,0.13225991949396199,0.06702127659574464,0.04061895551257255,0.024661508704061863,0.17507598784194522,0.15673758865248227,0.09070548712206045,0.05673758865248224,0.08191489361702131,0.05604566683964707,0.05673758865248224,0.03425012973533986,0.19809244314013197,0.03562592775853529,0.08948685857321653,0.06702127659574464,0.07446808510638298,0.0557244174265451,0.1382978723404255,0.0,0.04670472236637252,0.08948685857321653,0.09775733179988494,0.010401891252955042,0.03046421663442933,0.02490918526206537,0.03736377789309803,0.04047742605085625,-0.019973947025618777,0.02269503546099283,0.02177140029688268,0.04670472236637252
-0.057142857142857106,-0.049816849816849806,-0.03516483516483515,-0.09568106312292363,-0.07108013937282232,-0.03223443223443223,-0.10034843205574917,-0.07857142857142851,-0.07108013937282232,-0.02932330827067664,-0.06964285714285715,0.0,-0.047619047619047616,-0.02007722007722007,-0.13860182370820662,1.0,-0.037065637065637036,-0.18447204968944098,-0.14603174603174607,-0.01825396825396819,-0.09350649350649348,-0.06984126984126987,-0.10631229235880402,0.01764705882352946,-0.050174216027874585,-0.07441860465116279,-0.08214285714285707,-0.06271777003484325,-0.0714285714285714,-0.025087108013937293,-0.004761904761904745,-0.16326530612244894,-0.057142857142857106,-0.07857142857142851,-0.11428571428571432,-0.0919860627177701,-0.08571428571428569,-0.05357142857142855,-0.09523809523809523,-0.04999999999999999,-0.050174216027874585,-0.040909090909090895,-0.06910299003322262,-0.02934362934362933,-0.08780487804878045,-0.09483282674772037,-0.08198757763975156,-0.17030812324929967,-0.047619047619047616,-0.12063492063492065,-0.08095238095238094,-0.04642857142857143,-0.06446886446886446,-0.060714285714285665,-0.057142857142857106,-0.12380952380952381,0.047926267281105994,-0.08504983388704324,-0.042857142857142844,-0.06832298136645962,0.018433179723502308,-0.0318936877076412,-0.07973421926910301,-0.013492063492063444,-0.037630662020905925,-0.11607142857142855,0.0,-0.013492063492063444,-0.030888030888030937,-0.07499999999999996,-0.11103896103896105,-0.05844155844155843,0.0,0.06190476190476191,-0.03834586466165413,-0.03223443223443223,-0.0714285714285714,-0.06271777003484325,-0.02637362637362639,-0.03344947735191639,0.09458128078817735,-0.06910299003322262,0.012605042016806733,-0.06428571428571428,-0.08214285714285707,-0.0761904761904762,0.010924369747899176,-0.12401215805471122,-0.07944250871080138,0.010084033613445398,-0.012355212355212364,-0.05714285714285716,-0.0701298701298701,-0.03344947735191639,-0.05435540069686412,-0.06689895470383278,-0.1551020408163265,-0.10158730158730161,-0.0637873754152824,-0.050174216027874585
-0.03539253539253534,-0.02494802494802495,-0.02217602217602216,-0.08673790069138909,-0.04746209624258402,-0.019404019404019424,-0.06328279499011213,-0.03648648648648645,-0.04746209624258402,-0.014224751066856278,-0.10529279279279274,0.018532818532818518,-0.05469755469755466,0.0,-0.15526164462334668,0.037065637065637036,1.0,-0.13748531139835485,-0.11531531531531536,0.013513513513513598,-0.09459459459459452,-0.06246246246246251,-0.06411062225015712,0.05246422893481728,-0.04218852999340805,-0.05656819610307984,-0.048648648648648596,-0.03691496374423203,-0.04459459459459447,-0.010547132498352013,0.002252252252252257,-0.09266409266409265,-0.03539253539253534,-0.04256756756756752,-0.07687687687687689,-0.050098879367172056,-0.05148005148005147,-0.022297297297297236,-0.06726726726726728,-0.030405405405405372,-0.03164139749505607,-0.042997542997542965,-0.0339409176618479,0.0,-0.03691496374423203,-0.0690051753881541,-0.06345475910693305,-0.12612612612612606,-0.025740025740025735,-0.08648648648648649,-0.0643500643500643,-0.03243243243243238,-0.033264033264033266,-0.03648648648648645,-0.03648648648648645,-0.11148648648648646,0.0732345248474281,-0.05656819610307984,-0.05148005148005147,-0.05287896592244415,0.04707933740191805,-0.05279698302954117,-0.07542426147077308,0.01726726726726735,-0.03691496374423203,-0.1362612612612612,0.024710424710424728,0.018018018018018056,0.0,-0.03648648648648645,-0.0988943488943489,-0.042997542997542965,0.027799227799227832,0.08828828828828833,-0.01564722617354186,-0.02079002079002079,-0.046621621621621534,-0.050098879367172056,-0.01108801108801108,-0.018457481872116016,0.11183597390493938,-0.03771213073538654,0.02146263910969798,-0.03648648648648645,-0.05067567567567566,-0.04826254826254822,0.03577106518282991,-0.09200690051753879,-0.03427818061964405,0.02623211446740864,0.0,-0.06246246246246251,-0.06019656019656017,-0.02373104812129201,-0.03427818061964405,-0.02636783124588002,-0.09928295642581353,-0.07687687687687689,-0.0339409176618479,-0.03955174686882007
0.02898550724637683,0.1053511705685618,0.08584169453734669,0.03488372093023251,0.06627783669141041,0.08974358974358976,0.08218451749734879,0.08804347826086956,0.076882290562036,0.06407322654462244,-0.017210144927536197,0.06149068322981366,0.0331262939958592,0.1057579318448883,-0.01156336725254381,0.18447204968944098,0.13748531139835485,1.0,0.01449275362318836,0.16304347826086962,0.024703557312253044,0.008695652173912993,0.037917087967644036,0.15345268542199492,0.037115588547189826,0.02730030333670369,0.0782608695652175,0.05037115588547192,0.07500000000000007,0.03181336161187698,0.030193236714975855,-0.01996450754214729,0.022774327122153215,0.09130434782608698,0.011111111111111072,0.0715800636267232,0.03726708074534163,0.042391304347826064,0.006280193236714915,0.03260869565217392,0.02120890774125131,0.012845849802371523,0.019716885743174872,0.0898942420681551,0.0715800636267232,-0.0037002775208140604,0.0,-0.040494458653026366,0.031055900621118016,0.008695652173912993,0.04761904761904767,0.07500000000000007,0.1053511705685618,0.07173913043478264,0.08152173913043481,-0.026268115942028936,0.23141654978962134,0.040950455005055564,0.02898550724637683,0.0,0.08415147265077139,0.016683518705763345,0.03488372093023251,0.12681159420289861,0.04241781548250262,-0.021739130434782594,0.1298136645962733,0.15700483091787443,0.1533490011750881,0.10760869565217401,0.027667984189723382,0.017786561264822143,0.1708074534161491,0.1507246376811594,0.10983981693363853,0.058528428093645446,0.08478260869565213,0.05567338282078477,0.04682274247491641,0.02120890774125131,0.2548725637181409,0.0227502527805864,0.13043478260869568,0.08152173913043481,0.09130434782608698,0.041407867494824,0.11508951406649615,-0.007863089731729833,0.06362672322375396,0.061381074168797956,0.04759106933019974,0.004347826086956497,0.013833992094861691,0.023860021208907733,0.037115588547189826,0.037115588547189826,-0.015971606033717806,0.007729468599033784,0.02730030333670369,0.034464475079533374
0.023809523809523836,0.09572649572649572,0.08205128205128209,0.02273901808785528,0.054200542005420016,0.07521367521367528,0.05636856368563692,0.063888888888889,0.054200542005420016,0.07368421052631585,-0.0222222222222222,0.0888888888888889,0.023809523809523836,0.1057057057057057,-0.021749408983451457,0.14603174603174607,0.11531531531531536,-0.01449275362318836,1.0,0.08888888888888896,0.012626262626262652,0.0,0.020671834625323016,0.12941176470588245,0.034688346883468835,0.019638242894056857,0.05277777777777781,0.034688346883468835,0.055555555555555636,0.03035230352303525,0.02222222222222224,-0.029024943310657525,0.020634920634920673,0.063888888888889,0.0,0.034688346883468835,0.025396825396825418,0.041666666666666685,0.0,0.03888888888888892,0.02384823848238482,0.007575757575757569,0.019638242894056857,0.06726726726726728,0.045528455284552904,-0.010401891252955042,-0.006763285024154575,-0.0444444444444444,0.022222222222222254,0.0,0.0317460317460318,0.06944444444444442,0.07521367521367528,0.06944444444444442,0.07500000000000007,-0.03472222222222221,0.210752688172043,0.027906976744186074,0.022222222222222254,-0.006763285024154575,0.12043010752688177,0.01136950904392764,0.021705426356589175,0.11111111111111122,0.034688346883468835,-0.031944444444444386,0.0888888888888889,0.11111111111111122,0.10090090090090093,0.06944444444444442,0.011616161616161635,0.008080808080808133,0.10158730158730161,0.13333333333333336,0.07368421052631585,0.05470085470085473,0.058333333333333404,0.04769647696476964,0.02393162393162393,0.026016260162601612,0.12260536398467434,0.00826873385012919,0.11503267973856213,0.055555555555555636,0.058333333333333404,0.023809523809523836,0.09346405228758176,-0.014184397163120532,0.03252032520325199,0.06470588235294122,0.06246246246246251,0.0,0.007575757575757569,0.017344173441734417,0.02818428184281846,0.026016260162601612,-0.025396825396825362,0.0,0.019638242894056857,0.02818428184281846
-0.051587301587301626,-0.029914529914529975,-0.02564102564102566,-0.08139534883720939,-0.04742547425474258,-0.021367521367521403,-0.06436314363143636,-0.050000000000000044,-0.06436314363143636,-0.0146198830409357,-0.09722222222222227,0.0031746031746031633,-0.047619047619047616,-0.010510510510510551,-0.13002364066193856,0.01825396825396819,-0.013513513513513598,-0.16304347826086962,-0.08888888888888896,1.0,-0.09090909090909094,-0.0722222222222223,-0.07235142118863058,0.02941176470588236,-0.027100271002710064,-0.05878552971576234,-0.05555555555555558,-0.05758807588075887,-0.0722222222222223,-0.02371273712737129,0.0,-0.09580498866213155,-0.035714285714285726,-0.06944444444444453,-0.0944444444444445,-0.09823848238482402,-0.08730158730158732,-0.02777777777777779,-0.06111111111111117,-0.025000000000000022,-0.04742547425474258,-0.03535353535353536,-0.040697674418604696,-0.012762762762762836,-0.06775067750677516,-0.07151300236406621,-0.08454106280193241,-0.1879084967320262,-0.07142857142857145,-0.13888888888888895,-0.0753968253968254,-0.03888888888888892,-0.042735042735042805,-0.03888888888888892,-0.03611111111111115,-0.11805555555555558,0.05376344086021506,-0.06782945736434115,-0.02777777777777779,-0.06038647342995171,0.017921146953405007,-0.02260981912144705,-0.05878552971576234,0.0,-0.04742547425474258,-0.11111111111111116,0.0087301587301587,0.0,-0.016516516516516644,-0.05555555555555558,-0.11616161616161624,-0.04545454545454547,0.012698412698412653,0.04999999999999999,-0.024853801169590684,-0.017094017094017117,-0.05277777777777781,-0.03387533875338758,-0.023504273504273532,-0.03387533875338758,0.11398467432950182,-0.08139534883720939,0.01633986928104575,-0.041666666666666685,-0.05555555555555558,-0.07142857142857145,0.02941176470588236,-0.11052009456264777,-0.08807588075880768,0.01797385620915032,-0.006756756756756799,-0.03888888888888892,-0.050505050505050525,-0.027100271002710064,-0.03387533875338758,-0.05420054200542013,-0.1031746031746032,-0.10555555555555562,-0.06330749354005172,-0.06436314363143636
0.015151515151515138,0.05244755244755239,0.05244755244755239,0.012684989429175397,0.029933481152993324,0.0437062937062937,0.03325942350332589,0.034090909090909116,0.02827050997782704,0.07177033492822965,-0.045454545454545525,0.11688311688311687,0.018398268398268414,0.08599508599508593,-0.04206963249516438,0.09350649350649348,0.09459459459459452,-0.024703557312253044,-0.012626262626262652,0.09090909090909094,1.0,-0.008585858585858586,0.01057082452431285,0.1403743315508022,0.034922394678492286,0.010042283298097254,0.047727272727272785,0.023281596452328135,0.047727272727272785,0.023281596452328135,0.030303030303030304,-0.020871985157699446,0.019480519480519487,0.05227272727272736,-0.008080808080808133,0.023281596452328135,0.015151515151515138,0.027272727272727282,-0.008080808080808133,0.040909090909090895,0.01829268292682923,0.0,0.005285412262156425,0.030098280098280084,0.02494456762749442,-0.017408123791102514,-0.015810276679841917,-0.06550802139037432,0.010822510822510817,-0.007070707070707116,0.018398268398268414,0.034090909090909116,0.0641025641025641,0.040909090909090895,0.03863636363636369,-0.034090909090909116,0.09530791788856305,0.008456659619450246,0.019480519480519487,-0.01679841897233203,0.14296187683284461,0.008985200845665953,0.012684989429175397,0.12121212121212122,0.04490022172949004,-0.05492424242424243,0.09350649350649348,0.10606060606060613,0.0988943488943489,0.040909090909090895,0.0,0.0,0.12857142857142856,0.15909090909090912,0.08253588516746413,0.05244755244755239,0.047727272727272785,0.03325942350332589,0.03205128205128205,0.009977827050997756,0.16457680250783696,0.0068710359408033495,0.04010695187165775,0.02954545454545454,0.04545454545454547,0.012987012987012991,0.06684491978609627,-0.013056092843326872,0.023281596452328135,0.06016042780748665,0.0558968058968059,-0.005050505050505083,0.0,0.016629711751662946,0.019955654101995512,0.011640798226164067,-0.025510204081632654,-0.005050505050505083,0.004756871035940774,0.014966740576496662
0.01904761904761909,0.03076923076923077,0.04786324786324786,0.018604651162790697,0.02384823848238482,0.05470085470085473,0.02384823848238482,0.03333333333333338,0.03035230352303525,0.06549707602339189,-0.024999999999999967,0.0761904761904762,0.03492063492063502,0.06726726726726728,-0.019858156028368712,0.06984126984126987,0.06246246246246251,-0.008695652173912993,0.0,0.0722222222222223,0.008585858585858586,1.0,0.026873385012919915,0.0862745098039216,0.02818428184281846,0.01653746770025838,0.03611111111111115,0.04336043360433606,0.03333333333333338,0.05853658536585371,0.027777777777777804,-0.023582766439909253,0.028571428571428636,0.06111111111111123,0.0,0.02818428184281846,0.022222222222222254,0.04444444444444451,0.0,0.058333333333333404,0.02818428184281846,0.008585858585858586,0.026873385012919915,0.019219219219219222,0.02384823848238482,-0.015130023640661905,-0.01400966183574881,-0.05228758169934633,0.023809523809523836,0.0,0.01746031746031751,0.03611111111111115,0.051282051282051266,0.047222222222222276,0.03333333333333338,-0.030555555555555503,0.11039426523297496,0.01550387596899222,0.030158730158730218,-0.008695652173912993,0.15053763440860218,0.024806201550387597,0.018604651162790697,0.08333333333333337,0.045528455284552904,-0.03472222222222221,0.05714285714285716,0.06666666666666671,0.06246246246246251,0.03888888888888892,0.008080808080808133,0.011616161616161635,0.0888888888888889,0.12222222222222229,0.05321637426900594,0.051282051282051266,0.030555555555555614,0.03252032520325199,0.041025641025641046,0.017344173441734417,0.1103448275862069,0.013436692506459957,0.0431372549019608,0.058333333333333404,0.03333333333333338,0.03333333333333338,0.05751633986928106,-0.014184397163120532,0.019512195121951237,0.05032679738562093,0.06246246246246251,0.0,0.009595959595959602,0.02168021680216803,0.036856368563685626,0.008672086720867209,-0.023582766439909253,0.0,0.01757105943152454,0.02384823848238482
0.009413067552602461,0.035778175313059046,0.02623732856291,0.0,0.017016449234259767,0.035778175313059046,0.019285309132161088,0.0244186046511628,0.019285309132161088,0.0367197062423501,-0.04602713178294571,0.05847176079734223,0.011627906976744207,0.0678818353236958,-0.05343889163780302,0.10631229235880402,0.06411062225015712,-0.037917087967644036,-0.020671834625323016,0.07235142118863058,-0.01057082452431285,-0.026873385012919915,1.0,0.08618331053351574,0.013613159387407814,0.0,0.033139534883720956,0.02382302892796373,0.026162790697674465,0.024957458876914362,0.040697674418604696,-0.045562411010915904,0.013289036544850585,0.04011627906976756,-0.03100775193798444,0.02155416903006241,0.009966777408637939,0.03837209302325595,-0.023772609819121437,0.03488372093023262,0.019285309132161088,-0.007928118393234651,0.0,0.05279698302954117,0.024957458876914362,-0.03760514596734282,-0.040950455005055564,-0.08025535795713623,0.00609080841638987,-0.01550387596899222,0.006644518272425293,0.026162790697674465,0.03339296362552174,0.026162790697674465,0.0244186046511628,-0.043604651162790664,0.09002250562640662,0.0,0.006644518272425293,-0.02730030333670369,0.09002250562640662,0.0,0.0,0.0904392764857882,0.02155416903006241,-0.060562015503875855,0.06910299003322262,0.08139534883720939,0.07165304839723446,0.03662790697674423,-0.010042283298097254,-0.011099365750528556,0.11162790697674418,0.1410852713178295,0.0367197062423501,0.028622540250447248,0.026162790697674465,0.024957458876914362,0.031007751937984496,0.007941009642654567,0.1459502806736167,0.0,0.08618331053351574,0.03139534883720935,0.03139534883720935,0.01218161683277974,0.055403556771545875,-0.039584364176150355,0.018150879183210455,0.0800273597811218,0.05279698302954117,-0.00826873385012919,-0.011099365750528556,0.01134429948950652,0.018150879183210455,0.013613159387407814,-0.0626483151400094,-0.018604651162790697,0.0,0.013613159387407814
-0.022408963585434177,-0.03770739064856715,-0.04147812971342385,-0.11080711354309175,-0.0652797704447633,-0.0301659125188537,-0.11047345767575334,-0.07058823529411762,-0.0853658536585366,-0.0619195046439629,-0.1115196078431373,-0.013445378151260512,-0.06162464985994398,-0.03338632750397458,-0.1220275344180225,-0.01764705882352946,-0.05246422893481728,-0.15345268542199492,-0.12941176470588245,-0.02941176470588236,-0.1403743315508022,-0.0862745098039216,-0.08618331053351574,1.0,-0.09038737446197997,-0.1354309165526677,-0.11470588235294121,-0.07030129124820661,-0.11470588235294121,-0.010043041606886662,-0.009803921568627444,-0.13505402160864344,-0.050420168067226906,-0.0794117647058824,-0.0862745098039216,-0.09038737446197997,-0.08403361344537813,-0.030882352941176472,-0.10784313725490197,-0.0794117647058824,-0.05523672883787667,-0.0735294117647059,-0.0738714090287278,-0.03815580286168524,-0.09038737446197997,-0.07321652065081352,-0.05370843989769822,-0.13725490196078433,-0.02801120448179273,-0.11503267973856213,-0.0672268907563025,-0.03529411764705881,-0.0754147812971343,-0.07058823529411762,-0.06617647058823528,-0.12009803921568629,0.03984819734345352,-0.0800273597811218,-0.08963585434173671,-0.09207161125319696,0.028462998102466774,-0.06771545827633385,-0.1046511627906977,-0.026143790849673165,-0.04519368723098999,-0.09436274509803924,-0.015966386554621903,-0.021241830065359457,-0.03815580286168524,-0.061764705882352944,-0.160427807486631,-0.0735294117647059,-0.00924369747899162,0.0862745098039216,-0.08049535603715163,-0.0678733031674209,-0.10588235294117643,-0.09540889526542329,-0.0301659125188537,-0.035150645624103305,0.0963488843813386,-0.049247606019151874,0.0,-0.0794117647058824,-0.10588235294117643,-0.050420168067226906,0.0,-0.10575719649561954,-0.07532281205164998,0.0,-0.00953895071542131,-0.07189542483660136,-0.1002673796791444,-0.05523672883787667,-0.08034433285509329,-0.07030129124820661,-0.11704681872749101,-0.05751633986928106,-0.0369357045143639,-0.05523672883787667
-0.009291521486643417,0.012507817385866177,0.01876172607879928,-0.018150879183210455,0.0,0.015009380863039434,0.0,0.006097560975609789,0.0,0.04428754813863933,-0.07113821138211379,0.10034843205574917,-0.006387921022067311,0.02900461437046803,-0.04670472236637252,0.050174216027874585,0.04218852999340805,-0.037115588547189826,-0.034688346883468835,0.027100271002710064,-0.034922394678492286,-0.02818428184281846,-0.013613159387407814,0.09038737446197997,1.0,-0.027226318774815628,0.009146341463414698,0.0,0.006707317073170793,0.0,0.02371273712737129,-0.06371329019412636,-0.005807200929152129,0.00792682926829269,-0.026016260162601612,0.0,-0.0046457607433217085,0.007317073170731769,-0.026016260162601612,0.009146341463414698,0.0,-0.04490022172949004,-0.015882019285309135,0.021094264996704026,0.0,-0.02490918526206537,-0.023860021208907733,-0.05738880918220943,-0.0046457607433217085,-0.013008130081300806,-0.006968641114982521,0.005487804878048785,0.015009380863039434,0.007317073170731769,0.008536585365853666,-0.06402439024390244,0.04720692368214008,-0.015882019285309135,-0.015679442508710784,-0.05037115588547192,0.1730920535011803,-0.015882019285309135,-0.014747589336358502,0.04403794037940384,0.0,-0.05691056910569103,0.037630662020905925,0.04742547425474258,0.03164139749505607,0.006097560975609789,-0.03159645232815966,-0.019955654101995512,0.050174216027874585,0.11626016260162603,0.03465982028241338,0.03877423389618517,0.008536585365853666,0.0,0.006253908692933088,0.0,0.09083263246425566,-0.009075439591605228,0.035150645624103305,0.006707317073170793,0.008536585365853666,-0.005226480836236919,0.020086083213773323,-0.02490918526206537,0.0,0.03012912482065999,0.010547132498352013,-0.045528455284552904,-0.016629711751662946,0.0,0.0,0.0,-0.03982080637132898,-0.010840108401084014,-0.009075439591605228,0.0
0.006644518272425293,0.035778175313059046,0.0405485986881336,0.0,0.018150879183210455,0.042933810375670844,0.019285309132161088,0.03488372093023262,0.02155416903006241,0.07037943696450433,-0.05329457364341078,0.12225913621262463,0.008859357696567038,0.04902576995600255,-0.02177140029688268,0.07441860465116279,0.05656819610307984,-0.02730030333670369,-0.019638242894056857,0.05878552971576234,-0.010042283298097254,-0.01653746770025838,0.0,0.1354309165526677,0.027226318774815628,1.0,0.03488372093023262,0.012478729438457181,0.03488372093023262,0.014747589336358502,0.027131782945736455,-0.01993355481727574,0.003875968992248069,0.026162790697674465,-0.01653746770025838,0.017016449234259767,0.0049833887043189695,0.010465116279069792,-0.01757105943152454,0.03488372093023262,0.01134429948950652,-0.01057082452431285,0.0,0.04525455688246388,0.02155416903006241,-0.009896091044037589,-0.013650151668351845,-0.04377564979480161,0.005537098560354392,-0.01136950904392764,0.006644518272425293,0.026162790697674465,0.0405485986881336,0.029651162790697738,0.03837209302325595,-0.06298449612403101,0.1440360090022506,0.0,0.013842746400886008,-0.03640040444893833,0.18904726181545384,0.0,0.0,0.05426356589147291,0.015882019285309135,-0.02906976744186046,0.07441860465116279,0.05426356589147291,0.04525455688246388,0.03139534883720935,-0.011627906976744096,-0.011099365750528556,0.06910299003322262,0.18139534883720937,0.06731946144430856,0.06440071556350624,0.033139534883720956,0.029495178672717004,0.021466905187835422,0.006806579693703907,0.19085805934242178,0.0,0.09233926128590975,0.033139534883720956,0.03837209302325595,0.005537098560354392,0.049247606019151874,-0.023750618505690213,0.018150879183210455,0.0800273597811218,0.03771213073538654,-0.013436692506459957,-0.009513742071881548,0.018150879183210455,0.026091888825864995,0.012478729438457181,-0.02847650688182246,-0.007235142118863058,0.0,0.01134429948950652
-0.011904761904761918,0.011538461538461497,0.008333333333333304,-0.045348837209302384,-0.0128048780487805,0.007692307692307665,-0.016463414634146356,0.0,-0.013414634146341586,0.019736842105263164,-0.06666666666666671,0.03928571428571426,-0.015476190476190477,0.04256756756756752,-0.08563829787234045,0.08214285714285707,0.048648648648648596,-0.0782608695652175,-0.05277777777777781,0.05555555555555558,-0.047727272727272785,-0.03611111111111115,-0.033139534883720956,0.11470588235294121,-0.009146341463414698,-0.03488372093023262,1.0,-0.0128048780487805,0.0,-0.0030487804878048946,0.025000000000000022,-0.07346938775510203,-0.013095238095238104,0.0,-0.03888888888888892,-0.014634146341463539,-0.023809523809523836,0.0,-0.05277777777777781,0.0,-0.008536585365853666,-0.02954545454545454,-0.020930232558139583,0.04459459459459447,-0.01585365853658538,-0.044680851063829796,-0.03913043478260875,-0.09705882352941175,-0.007142857142857145,-0.055555555555555636,-0.021428571428571408,0.0,0.017307692307692246,0.0,0.0,-0.0625,0.11612903225806448,-0.03488372093023262,-0.016666666666666663,-0.042391304347826064,0.06532258064516128,-0.0244186046511628,-0.03662790697674423,0.06666666666666665,-0.008536585365853666,-0.07916666666666666,0.060714285714285665,0.05555555555555558,0.04256756756756752,0.0,-0.0636363636363636,-0.022727272727272735,0.0714285714285714,0.15833333333333333,0.03289473684210531,0.01025641025641022,0.0,-0.014024390243902563,0.005769230769230749,-0.006097560975609789,0.19913793103448263,-0.01744186046511631,0.07499999999999996,0.0,0.0,-0.015476190476190477,0.07499999999999996,-0.07819148936170212,-0.011585365853658547,0.061764705882352944,0.02027027027027023,-0.03888888888888892,-0.03863636363636369,-0.006707317073170793,-0.008536585365853666,-0.01097560975609757,-0.06887755102040816,-0.03888888888888892,-0.019186046511627974,-0.008536585365853666
-0.007549361207897787,0.01375859912445282,0.012507817385866177,-0.020419739081111776,0.0,0.010006253908692947,0.0,0.008536585365853666,0.0,0.01732991014120669,-0.046239837398374006,0.020905923344947744,-0.009872241579558627,0.03427818061964405,-0.05604566683964707,0.06271777003484325,0.03691496374423203,-0.05037115588547192,-0.034688346883468835,0.05758807588075887,-0.023281596452328135,-0.04336043360433606,-0.02382302892796373,0.07030129124820661,0.0,-0.012478729438457181,0.0128048780487805,1.0,0.01036585365853665,0.0,0.027100271002710064,-0.05973120955699346,-0.008130081300812997,0.012195121951219579,-0.04336043360433606,0.0,-0.013937282229965042,0.009146341463414698,-0.036856368563685626,0.00792682926829269,0.0,-0.014966740576496662,-0.013613159387407814,0.03427818061964405,0.0,-0.04670472236637252,-0.06892895015906675,-0.1052128168340506,-0.008130081300812997,-0.04336043360433606,-0.011614401858304257,0.007317073170731769,0.022514071294559068,0.00792682926829269,0.006097560975609789,-0.03912601626016257,0.0786782061369001,-0.017016449234259767,-0.006968641114982521,-0.023860021208907733,0.03933910306845005,-0.018150879183210455,-0.02155416903006241,0.060975609756097615,0.0,-0.07469512195121952,0.037630662020905925,0.05420054200542013,0.05273566249176004,0.008536585365853666,-0.03325942350332589,-0.019955654101995512,0.0919860627177701,0.0804878048780488,0.02888318356867786,0.011257035647279534,0.01097560975609757,0.0,0.01375859912445282,0.0,0.14129520605550883,-0.010209869540555888,0.05021520803443333,0.009146341463414698,0.01097560975609757,-0.008710801393728151,0.0853658536585366,-0.08406850025947066,0.0,0.03012912482065999,0.02900461437046803,-0.019512195121951237,-0.02161862527716185,0.0,0.0,0.0,-0.05176704828272771,-0.02818428184281846,-0.012478729438457181,0.0
-0.010714285714285704,0.010897435897435859,0.0064102564102563875,-0.03488372093023262,-0.01097560975609757,0.0064102564102563875,-0.014634146341463539,0.0,-0.013414634146341586,0.019736842105263164,-0.07916666666666666,0.0357142857142857,-0.016666666666666663,0.04459459459459447,-0.08563829787234045,0.0714285714285714,0.04459459459459447,-0.07500000000000007,-0.055555555555555636,0.0722222222222223,-0.047727272727272785,-0.03333333333333338,-0.026162790697674465,0.11470588235294121,-0.006707317073170793,-0.03488372093023262,0.0,-0.01036585365853665,1.0,-0.0018292682926829423,0.02777777777777779,-0.06428571428571428,-0.009523809523809545,0.0,-0.03611111111111115,-0.014634146341463539,-0.02857142857142858,0.0,-0.041666666666666685,0.0,-0.008536585365853666,-0.025000000000000022,-0.020930232558139583,0.04459459459459447,-0.015243902439024404,-0.044680851063829796,-0.02934782608695652,-0.10245098039215683,-0.010714285714285704,-0.063888888888889,-0.021428571428571408,0.0,0.01538461538461533,0.0,0.0,-0.05833333333333335,0.13064516129032255,-0.029651162790697738,-0.015476190476190477,-0.03913043478260875,0.06532258064516128,-0.022674418604651192,-0.033139534883720956,0.05555555555555558,-0.008536585365853666,-0.06666666666666671,0.060714285714285665,0.04722222222222222,0.04256756756756752,0.0,-0.06590909090909092,-0.025000000000000022,0.060714285714285665,0.15000000000000002,0.03157894736842104,0.009615384615384581,0.0,-0.01097560975609757,0.008333333333333304,-0.006097560975609789,0.20862068965517233,-0.022674418604651192,0.061764705882352944,0.0,0.0,-0.015476190476190477,0.08823529411764708,-0.07446808510638298,-0.014634146341463539,0.07499999999999996,0.02027027027027023,-0.027777777777777818,-0.040909090909090895,-0.005487804878048785,-0.008536585365853666,-0.0128048780487805,-0.07346938775510203,-0.050000000000000044,-0.019186046511627974,-0.011585365853658547
-0.007549361207897787,0.01375859912445282,0.01375859912445282,-0.01134429948950652,0.0,0.01876172607879928,0.0,0.006097560975609789,0.0,0.01732991014120669,-0.04979674796747968,0.04599303135888505,-0.011033681765389047,0.02900461437046803,-0.052932018681888904,0.025087108013937293,0.010547132498352013,-0.03181336161187698,-0.03035230352303525,0.02371273712737129,-0.023281596452328135,-0.05853658536585371,-0.024957458876914362,0.010043041606886662,0.0,-0.014747589336358502,0.0030487804878048946,0.0,0.0018292682926829423,1.0,0.03387533875338758,-0.047784967645594784,-0.011033681765389047,0.007317073170731769,-0.04769647696476964,0.0,-0.007549361207897787,0.0128048780487805,-0.04986449864498643,0.009756097560975674,0.0,-0.02161862527716185,-0.024957458876914362,0.015820698747528034,0.0,-0.05604566683964707,-0.07953340402969233,-0.08608321377331418,-0.006387921022067311,-0.02818428184281846,-0.005226480836236919,0.008536585365853666,0.010006253908692947,0.00792682926829269,0.007317073170731769,-0.0533536585365853,0.06294256490952008,-0.017016449234259767,-0.007549361207897787,-0.037115588547189826,0.0786782061369001,-0.02155416903006241,-0.013613159387407814,0.030487804878048808,0.0,-0.06402439024390244,0.020905923344947744,0.02371273712737129,0.02373104812129201,0.00792682926829269,-0.016629711751662946,-0.0382483370288248,0.050174216027874585,0.04471544715447155,0.005776636713735572,0.010006253908692947,0.0024390243902439185,0.0,0.01375859912445282,0.0,0.050462573591253154,-0.015882019285309135,0.05523672883787667,0.00792682926829269,0.0036585365853658847,-0.009872241579558627,0.035150645624103305,-0.04981837052413074,0.0,0.035150645624103305,0.05273566249176004,-0.02168021680216803,-0.02827050997782704,0.0,0.0,0.0,-0.06769537083125932,-0.03035230352303525,-0.017016449234259767,0.0
-0.07142857142857145,-0.01282051282051283,-0.004273504273504279,-0.02260981912144705,-0.02371273712737129,-0.010683760683760701,-0.020325203252032548,-0.016666666666666663,-0.010162601626016274,-0.0043859649122807015,-0.07638888888888892,0.0031746031746031633,-0.023809523809523808,-0.006006006006006037,-0.05851063829787234,0.004761904761904745,-0.002252252252252257,-0.030193236714975855,-0.02222222222222224,0.0,-0.030303030303030304,-0.027777777777777804,-0.040697674418604696,0.009803921568627444,-0.02371273712737129,-0.027131782945736455,-0.025000000000000022,-0.027100271002710064,-0.02777777777777779,-0.03387533875338758,1.0,-0.14739229024943312,-0.03968253968253971,-0.008333333333333331,-0.027777777777777804,-0.020325203252032548,-0.047619047619047616,-0.05277777777777781,-0.0944444444444445,-0.030555555555555558,-0.05081300813008138,-0.06565656565656569,-0.0452196382428941,-0.009009009009009028,-0.03387533875338758,-0.11702127659574468,-0.06038647342995171,-0.12254901960784315,-0.047619047619047616,-0.0722222222222223,-0.03968253968253971,-0.022222222222222227,-0.017094017094017117,-0.022222222222222227,-0.013888888888888895,-0.03472222222222224,0.013440860215053765,-0.018087855297157646,-0.015873015873015886,-0.07246376811594207,0.017921146953405007,-0.03165374677002586,-0.03165374677002586,0.0,-0.030487804878048808,-0.05555555555555558,0.006349206349206327,0.0,-0.0030030030030030186,-0.01944444444444446,-0.025252525252525262,-0.040404040404040414,0.004761904761904745,0.027777777777777762,-0.0043859649122807015,-0.006410256410256415,-0.022222222222222227,-0.013550135501355032,-0.042735042735042805,-0.06436314363143636,0.033524904214559365,-0.07235142118863058,0.019607843137254888,-0.013888888888888895,-0.013888888888888895,-0.04365079365079366,0.013071895424836583,-0.0975177304964539,-0.03387533875338758,0.021241830065359457,-0.00975975975975979,-0.08333333333333337,-0.07070707070707072,-0.060975609756097615,-0.04403794037940384,-0.07113821138211385,-0.15476190476190477,-0.10555555555555562,-0.04974160206718353,-0.04403794037940384
0.06462585034013607,0.06279434850863422,0.02616431187859758,0.03701945894636921,0.05176704828272771,0.03139717425431711,0.06371329019412636,0.05510204081632655,0.03583872573419611,0.047261009667024706,0.003401360544217663,0.057142857142857134,0.04081632653061226,0.07942636514065085,0.01389491966999562,0.16326530612244894,0.09266409266409265,0.01996450754214729,0.029024943310657525,0.09580498866213155,0.020871985157699446,0.023582766439909253,0.045562411010915904,0.13505402160864344,0.06371329019412636,0.01993355481727574,0.07346938775510203,0.05973120955699346,0.06428571428571428,0.047784967645594784,0.14739229024943312,1.0,0.05782312925170069,0.07346938775510203,0.02721088435374147,0.06371329019412636,0.0680272108843537,0.1193877551020408,0.039909297052154125,0.06887755102040816,0.07167745146839222,0.03478664192949904,0.0626483151400094,0.13899613899613894,0.06769537083125932,0.02257924446374293,0.022626441881100245,-0.012805122048819562,0.044217687074829926,0.03265306122448974,0.05102040816326531,0.050510204081632676,0.06279434850863422,0.07346938775510203,0.04591836734693877,0.0029761904761904656,0.10664911125740617,0.0313241575700047,0.02040816326530613,0.011978704525288375,0.035549703752468735,0.02847650688182246,0.03701945894636921,0.08106575963718823,0.03982080637132898,0.0063775510204081565,0.09795918367346937,0.06632653061224492,0.09266409266409265,0.0596938775510204,0.020871985157699446,0.03710575139146566,0.048979591836734684,0.15510204081632653,0.06498388829215898,0.0575614861329147,0.06887755102040816,0.04380288700846188,0.0994243851386708,0.11548033847685402,0.12667135819845177,0.05980066445182719,0.15306122448979592,0.06887755102040816,0.05510204081632655,0.05782312925170069,0.09903961584633855,0.018237082066869303,0.06769537083125932,0.13505402160864344,0.066188637617209,0.039909297052154125,0.039424860853432275,0.09556993529118957,0.06769537083125932,0.09158785465405667,0.0,0.039909297052154125,0.04271476032273369,0.05574912891986061
0.0,0.018315018315018305,0.018315018315018305,-0.007751937984496138,0.005807200929152129,0.010989010989010978,0.006968641114982521,0.007142857142857145,0.004065040650406498,0.02756892230576441,-0.041666666666666685,0.05238095238095236,0.0,0.041827541827541836,-0.0557244174265451,0.057142857142857106,0.03539253539253534,-0.022774327122153215,-0.020634920634920673,0.035714285714285726,-0.019480519480519487,-0.028571428571428636,-0.013289036544850585,0.050420168067226906,0.005807200929152129,-0.003875968992248069,0.013095238095238104,0.008130081300812997,0.009523809523809545,0.011033681765389047,0.03968253968253971,-0.05782312925170069,1.0,0.01904761904761909,-0.0317460317460318,0.005807200929152129,0.0,0.029761904761904767,-0.030158730158730218,0.02619047619047621,0.011614401858304257,-0.014069264069264065,-0.009966777408637939,0.03861003861003859,0.006968641114982521,-0.0557244174265451,-0.05797101449275366,-0.10084033613445381,0.0,-0.020634920634920673,0.0,0.010714285714285704,0.014652014652014655,0.010714285714285704,0.007142857142857145,-0.017857142857142877,0.042242703533026116,-0.005537098560354392,0.0,-0.035196687370600444,0.06758832565284179,-0.008859357696567038,-0.009966777408637939,0.059523809523809534,0.013937282229965042,-0.07142857142857151,0.042857142857142844,0.03968253968253971,0.03539253539253534,0.011904761904761918,-0.012987012987012991,-0.015151515151515138,0.05238095238095236,0.06666666666666668,0.015037593984962405,0.009157509157509153,0.010714285714285704,0.005807200929152129,0.016483516483516453,0.005226480836236919,0.07471264367816091,-0.008305647840531616,0.05602240896358546,0.011904761904761918,0.009523809523809545,0.0,0.050420168067226906,-0.04559270516717323,0.006387921022067311,0.05602240896358546,0.05469755469755466,-0.01904761904761909,-0.018398268398268414,0.005226480836236919,0.005807200929152129,0.005807200929152129,-0.07823129251700683,-0.026984126984127,-0.0049833887043189695,0.005807200929152129
-0.01904761904761909,0.009615384615384581,0.008974358974358942,-0.043604651162790775,-0.008536585365853666,0.007051282051282026,-0.011585365853658547,0.0,-0.011585365853658547,0.01842105263157895,-0.05833333333333335,0.024999999999999994,-0.020238095238095277,0.030405405405405372,-0.09308510638297862,0.07857142857142851,0.04256756756756752,-0.09130434782608698,-0.063888888888889,0.06944444444444453,-0.05227272727272736,-0.06111111111111123,-0.04011627906976756,0.0794117647058824,-0.00792682926829269,-0.026162790697674465,0.0,-0.012195121951219579,0.0,-0.007317073170731769,0.008333333333333331,-0.07346938775510203,-0.01904761904761909,1.0,-0.0722222222222223,-0.014634146341463539,-0.023809523809523836,0.0,-0.03888888888888892,0.0,-0.006097560975609789,-0.025000000000000022,-0.02790697674418613,0.022297297297297236,-0.011585365853658547,-0.03723404255319149,-0.07173913043478264,-0.12401960784313731,-0.01785714285714285,-0.050000000000000044,-0.025000000000000022,0.0,0.012820512820512775,0.0,0.0,-0.07500000000000001,0.07983870967741935,-0.026162790697674465,-0.01428571428571429,-0.03260869565217392,0.05080645161290323,-0.020930232558139583,-0.033139534883720956,0.05833333333333335,-0.01097560975609757,-0.10833333333333339,0.0357142857142857,0.04722222222222222,0.05472972972972967,0.0,-0.054545454545454564,-0.040909090909090895,0.0714285714285714,0.08333333333333331,0.022368421052631537,0.008333333333333304,0.0,-0.009146341463414698,0.0064102564102563875,-0.007317073170731769,0.16120689655172404,-0.03139534883720935,0.030882352941176472,0.0,0.0,-0.02619047619047621,0.061764705882352944,-0.06702127659574464,-0.0128048780487805,0.030882352941176472,0.02027027027027023,-0.025000000000000022,-0.036363636363636376,-0.006097560975609789,-0.006707317073170793,-0.006707317073170793,-0.05510204081632655,-0.041666666666666685,-0.026162790697674465,-0.008536585365853666
0.026984126984127,0.05470085470085473,0.058119658119658135,0.020671834625323016,0.03252032520325199,0.06153846153846154,0.03035230352303525,0.041666666666666685,0.039024390243902474,0.06549707602339189,-0.0222222222222222,0.06984126984126987,0.03492063492063502,0.07687687687687689,-0.02269503546099283,0.11428571428571432,0.07687687687687689,-0.011111111111111072,0.0,0.0944444444444445,0.008080808080808133,0.0,0.03100775193798444,0.0862745098039216,0.026016260162601612,0.01653746770025838,0.03888888888888892,0.04336043360433606,0.03611111111111115,0.04769647696476964,0.027777777777777804,-0.02721088435374147,0.0317460317460318,0.0722222222222223,1.0,0.036856368563685626,0.025396825396825418,0.050000000000000044,0.0,0.047222222222222276,0.02384823848238482,0.008080808080808133,0.026873385012919915,0.04804804804804805,0.036856368563685626,-0.014184397163120532,-0.01304347826086949,-0.05751633986928095,0.025396825396825418,0.0,0.020634920634920673,0.055555555555555636,0.051282051282051266,0.050000000000000044,0.047222222222222276,-0.033333333333333326,0.15053763440860218,0.021705426356589175,0.022222222222222254,-0.008212560386473444,0.13046594982078857,0.020671834625323016,0.02273901808785528,0.0944444444444445,0.039024390243902474,-0.03888888888888886,0.05714285714285716,0.0944444444444445,0.07687687687687689,0.05277777777777781,0.008080808080808133,0.0121212121212122,0.10793650793650794,0.11111111111111113,0.04502923976608192,0.04444444444444445,0.03611111111111115,0.036856368563685626,0.041025641025641046,0.019512195121951237,0.13486590038314178,0.014470284237726116,0.07908496732026149,0.06111111111111123,0.041666666666666685,0.03968253968253965,0.05751633986928106,-0.017966903073285967,0.03252032520325199,0.0431372549019608,0.05765765765765768,0.0,0.008585858585858586,0.026016260162601612,0.034688346883468835,0.017344173441734417,-0.02721088435374147,0.0,0.019638242894056857,0.02168021680216803
-0.007549361207897787,0.020012507817385894,0.016260162601625994,-0.02155416903006241,0.0,0.016260162601625994,0.0,0.0128048780487805,0.0,0.01925545571245188,-0.04979674796747968,0.008362369337979098,-0.006968641114982521,0.04218852999340805,-0.0622729631551634,0.0919860627177701,0.050098879367172056,-0.0715800636267232,-0.034688346883468835,0.09823848238482402,-0.023281596452328135,-0.02818428184281846,-0.02155416903006241,0.09038737446197997,0.0,-0.017016449234259767,0.014634146341463539,0.0,0.014634146341463539,0.0,0.020325203252032548,-0.06371329019412636,-0.005807200929152129,0.014634146341463539,-0.036856368563685626,1.0,-0.012195121951219523,0.006097560975609789,-0.03252032520325199,0.004268292682926833,0.0,-0.014966740576496662,-0.012478729438457181,0.05537244561634802,0.0,-0.03736377789309803,-0.037115588547189826,-0.1004304160688666,-0.010452961672473837,-0.05853658536585371,-0.010452961672473837,0.009756097560975674,0.022514071294559068,0.009146341463414698,0.009756097560975674,-0.07113821138211379,0.1180173092053502,-0.020419739081111776,-0.0046457607433217085,-0.034464475079533374,0.02360346184107004,-0.007941009642654567,-0.013613159387407814,0.05420054200542013,0.0,-0.04979674796747968,0.050174216027874585,0.05420054200542013,0.060646011865524097,0.014024390243902563,-0.03325942350332589,-0.016629711751662946,0.07944250871080138,0.0804878048780488,0.03273427471116819,0.012507817385866177,0.01036585365853665,0.0,0.012507817385866177,0.0,0.1715727502102607,-0.020419739081111776,0.07532281205164998,0.011585365853658547,0.0128048780487805,-0.011033681765389047,0.10043041606886666,-0.06538661131292162,0.0,0.0652797704447633,0.02900461437046803,-0.019512195121951237,-0.02161862527716185,0.0,0.0,0.0,-0.05574912891986061,-0.039024390243902474,-0.020419739081111776,0.0
0.0,0.018315018315018305,0.007326007326007328,-0.008859357696567038,0.007549361207897787,0.005494505494505489,0.009872241579558627,0.01428571428571429,0.007549361207897787,0.02506265664160401,-0.04464285714285715,0.023809523809523808,0.0,0.04826254826254822,-0.05825734549138806,0.08571428571428569,0.05148005148005147,-0.03726708074534163,-0.025396825396825418,0.08730158730158732,-0.015151515151515138,-0.022222222222222254,-0.009966777408637939,0.08403361344537813,0.0046457607433217085,-0.0049833887043189695,0.023809523809523836,0.013937282229965042,0.02857142857142858,0.007549361207897787,0.047619047619047616,-0.0680272108843537,0.0,0.023809523809523836,-0.025396825396825418,0.012195121951219523,1.0,0.020238095238095277,-0.026984126984127,0.016666666666666663,0.012195121951219523,-0.010822510822510817,-0.007198228128460715,0.07078507078507068,0.012775842044134622,-0.05825734549138806,-0.041407867494824,-0.11764705882352944,0.0,-0.04603174603174609,0.0,0.01428571428571429,0.02930402930402931,0.01785714285714285,0.008333333333333331,-0.020833333333333343,0.08448540706605223,-0.006644518272425293,0.0,-0.018633540372670815,0.03379416282642089,-0.006644518272425293,-0.007198228128460715,0.05555555555555558,0.009872241579558627,-0.06547619047619052,0.05238095238095236,0.047619047619047616,0.05469755469755466,0.01904761904761909,-0.018398268398268414,-0.014069264069264065,0.0714285714285714,0.08571428571428572,0.02506265664160401,0.014652014652014655,0.023809523809523836,0.006387921022067311,0.02380952380952378,0.008710801393728151,0.138752052545156,-0.009413067552602461,0.07282913165266108,0.01785714285714285,0.01785714285714285,0.0,0.14565826330532217,-0.07345491388044578,0.012195121951219523,0.08403361344537813,0.03861003861003859,-0.01904761904761909,-0.016233766233766267,0.006387921022067311,0.005807200929152129,0.012775842044134622,-0.09183673469387754,-0.03968253968253965,-0.007198228128460715,0.012775842044134622
-0.02619047619047621,0.007692307692307665,0.002564102564102555,-0.022674418604651192,-0.00792682926829269,0.0038461538461538325,-0.007317073170731769,0.0,-0.0030487804878048946,0.01052631578947369,-0.045833333333333365,0.024999999999999994,-0.01785714285714285,0.02635135135135136,-0.07074468085106378,0.05357142857142855,0.022297297297297236,-0.042391304347826064,-0.041666666666666685,0.02777777777777779,-0.027272727272727282,-0.04444444444444451,-0.03837209302325595,0.030882352941176472,-0.007317073170731769,-0.010465116279069792,0.0,-0.009146341463414698,0.0,-0.0128048780487805,0.05277777777777781,-0.1193877551020408,-0.029761904761904767,0.0,-0.050000000000000044,-0.006097560975609789,-0.020238095238095277,1.0,-0.0722222222222223,0.0,-0.012195121951219579,-0.0318181818181818,-0.03488372093023262,0.028378378378378366,-0.007317073170731769,-0.08563829787234045,-0.08152173913043481,-0.1132352941176471,-0.009523809523809545,-0.03888888888888892,-0.01785714285714285,0.0,0.005769230769230749,0.0,0.0,-0.020833333333333343,0.03629032258064516,-0.013953488372093065,-0.008333333333333331,-0.03913043478260875,0.043548387096774194,-0.022674418604651192,-0.026162790697674465,0.03611111111111115,-0.01097560975609757,-0.08333333333333337,0.021428571428571408,0.033333333333333326,0.030405405405405372,0.0,-0.022727272727272735,-0.036363636363636376,0.04642857142857143,0.04166666666666666,0.005263157894736845,0.002564102564102555,0.0,-0.005487804878048785,0.010897435897435859,-0.01097560975609757,0.06637931034482758,-0.03662790697674423,0.061764705882352944,0.0,0.0,-0.027380952380952395,0.03529411764705881,-0.07446808510638298,-0.006097560975609789,0.048529411764705876,0.03648648648648645,-0.047222222222222276,-0.040909090909090895,-0.00792682926829269,-0.008536585365853666,-0.008536585365853666,-0.12857142857142856,-0.058333333333333404,-0.020930232558139583,-0.006097560975609789
0.020634920634920673,0.034188034188034205,0.034188034188034205,0.014470284237726116,0.02168021680216803,0.027350427350427364,0.026016260162601612,0.022222222222222254,0.026016260162601612,0.0491228070175439,-0.0222222222222222,0.08253968253968258,0.03492063492063502,0.07687687687687689,-0.020803782505910084,0.09523809523809523,0.06726726726726728,-0.006280193236714915,0.0,0.06111111111111117,0.008080808080808133,0.0,0.023772609819121437,0.10784313725490197,0.026016260162601612,0.01757105943152454,0.05277777777777781,0.036856368563685626,0.041666666666666685,0.04986449864498643,0.0944444444444445,-0.039909297052154125,0.030158730158730218,0.03888888888888892,0.0,0.03252032520325199,0.026984126984127,0.0722222222222223,1.0,0.0722222222222223,0.05853658536585371,0.0060606060606061,0.02997416020671828,0.08648648648648649,0.039024390243902474,-0.025531914893616947,-0.01256038647342983,-0.04967320261437902,0.01904761904761909,0.0,0.01904761904761909,0.030555555555555614,0.03760683760683764,0.04444444444444451,0.03611111111111115,-0.016666666666666663,0.10035842293906813,0.012403100775193798,0.01746031746031751,-0.00724637681159418,0.10035842293906813,0.021705426356589175,0.01757105943152454,0.07777777777777783,0.04336043360433606,-0.02638888888888885,0.0888888888888889,0.03888888888888892,0.05765765765765768,0.03611111111111115,0.008585858585858586,0.010606060606060619,0.0761904761904762,0.1777777777777778,0.0491228070175439,0.03076923076923077,0.030555555555555614,0.036856368563685626,0.051282051282051266,0.036856368563685626,0.12260536398467434,0.018604651162790697,0.12941176470588245,0.047222222222222276,0.03333333333333338,0.025396825396825418,0.10065359477124186,-0.017966903073285967,0.02384823848238482,0.13660130718954255,0.09129129129129132,0.0,0.014141414141414232,0.02818428184281846,0.04336043360433606,0.041192411924119265,-0.050793650793650724,0.0,0.01653746770025838,0.03252032520325199
-0.013095238095238104,0.004487179487179471,0.0064102564102563875,-0.0244186046511628,-0.004878048780487837,0.0064102564102563875,-0.009146341463414698,0.0,-0.006097560975609789,0.025000000000000022,-0.07083333333333336,0.06428571428571428,-0.022619047619047594,0.02635135135135136,-0.07074468085106378,0.04999999999999999,0.030405405405405372,-0.03260869565217392,-0.03888888888888892,0.025000000000000022,-0.040909090909090895,-0.058333333333333404,-0.03488372093023262,0.0794117647058824,-0.009146341463414698,-0.03488372093023262,0.0,-0.00792682926829269,0.0,-0.009756097560975674,0.030555555555555558,-0.06887755102040816,-0.02619047619047621,0.0,-0.047222222222222276,-0.004268292682926833,-0.016666666666666663,0.0,-0.0722222222222223,1.0,-0.013414634146341586,-0.0318181818181818,-0.041860465116279166,0.022297297297297236,-0.006097560975609789,-0.07819148936170212,-0.07173913043478264,-0.10784313725490197,-0.007142857142857145,-0.03611111111111115,-0.010714285714285704,0.0,0.007692307692307665,0.0,0.0,-0.054166666666666696,0.08709677419354839,-0.022674418604651192,-0.021428571428571408,-0.061956521739130466,0.09435483870967742,-0.04011627906976756,-0.033139534883720956,0.03888888888888892,-0.01097560975609757,-0.08750000000000002,0.057142857142857106,0.02777777777777779,0.022297297297297236,0.0,-0.04318181818181821,-0.04545454545454547,0.0357142857142857,0.1416666666666666,0.01842105263157895,0.009615384615384581,0.0,-0.009146341463414698,0.009615384615384581,-0.006707317073170793,0.10431034482758617,-0.0244186046511628,0.04411764705882354,0.0,0.0,-0.020238095238095277,0.03529411764705881,-0.06702127659574464,-0.004268292682926833,0.0794117647058824,0.028378378378378366,-0.041666666666666685,-0.05909090909090908,-0.006097560975609789,-0.014024390243902563,-0.006097560975609789,-0.1193877551020408,-0.041666666666666685,-0.0122093023255814,-0.006097560975609789
-0.008130081300812997,0.015009380863039434,0.008755472170106304,-0.012478729438457181,0.0,0.011257035647279534,0.0,0.005487804878048785,0.0,0.01732991014120669,-0.0533536585365853,0.03344947735191639,-0.009291521486643417,0.03164139749505607,-0.04981837052413074,0.050174216027874585,0.03164139749505607,-0.02120890774125131,-0.02384823848238482,0.04742547425474258,-0.01829268292682923,-0.02818428184281846,-0.019285309132161088,0.05523672883787667,0.0,-0.01134429948950652,0.008536585365853666,0.0,0.008536585365853666,0.0,0.05081300813008138,-0.07167745146839222,-0.011614401858304257,0.006097560975609789,-0.02384823848238482,0.0,-0.012195121951219523,0.012195121951219579,-0.05853658536585371,0.013414634146341586,1.0,-0.013303769401330351,-0.02268859897901304,0.04218852999340805,0.0,-0.0965230928905032,-0.060975609756097504,-0.1052128168340506,-0.007549361207897787,-0.05853658536585371,-0.006968641114982521,0.00792682926829269,0.01375859912445282,0.008536585365853666,0.006707317073170793,-0.035569105691056896,0.07081038552321006,-0.010209869540555888,-0.0034843205574912606,-0.03181336161187698,0.03147128245476004,-0.015882019285309135,-0.01134429948950652,0.03387533875338758,0.0,-0.046239837398374006,0.06689895470383278,0.01693766937669379,0.02373104812129201,0.006707317073170793,-0.016629711751662946,-0.02161862527716185,0.03344947735191639,0.09837398373983747,0.00962772785622594,0.0037523452157598586,0.005487804878048785,0.0,0.020012507817385894,0.0,0.07064760302775441,-0.019285309132161088,0.07030129124820661,0.007317073170731769,0.004268292682926833,-0.009291521486643417,0.10545193687230991,-0.07161390762843789,0.0,0.11047345767575334,0.044825313117996035,-0.034688346883468835,-0.041574279379157364,0.0,0.0,0.0,-0.12742658038825272,-0.045528455284552904,-0.014747589336358502,0.0
0.020562770562770616,0.026223776223776196,0.03496503496503495,0.005813953488372048,0.016629711751662946,0.03205128205128205,0.016629711751662946,0.025000000000000022,0.014966740576496662,0.06100478468899523,-0.041666666666666685,0.11688311688311687,0.007575757575757569,0.04729729729729726,-0.015957446808510634,0.040909090909090895,0.042997542997542965,-0.012845849802371523,-0.007575757575757569,0.03535353535353536,0.0,-0.008585858585858586,0.007928118393234651,0.0735294117647059,0.04490022172949004,0.01057082452431285,0.02954545454545454,0.014966740576496662,0.025000000000000022,0.02161862527716185,0.06565656565656569,-0.03478664192949904,0.014069264069264065,0.025000000000000022,-0.008080808080808133,0.014966740576496662,0.010822510822510817,0.0318181818181818,-0.0060606060606061,0.0318181818181818,0.013303769401330351,1.0,0.009513742071881548,0.03869778869778867,0.01829268292682923,-0.015957446808510634,-0.009881422924901184,-0.04367201426024958,0.010822510822510817,-0.002020202020202033,0.009740259740259744,0.025000000000000022,0.020396270396270372,0.022727272727272735,0.027272727272727282,-0.028409090909090884,0.06671554252199413,0.007928118393234651,0.023809523809523836,-0.025691699604743046,0.18108504398826986,0.005813953488372048,0.004756871035940774,0.050505050505050525,0.02827050997782704,-0.034090909090909116,0.02337662337662337,0.06565656565656569,0.042997542997542965,0.020454545454545447,0.0,0.0,0.08766233766233766,0.08484848484848484,0.04665071770334933,0.07284382284382274,0.0318181818181818,0.03325942350332589,0.023310023310023298,0.013303769401330351,0.08228840125391848,0.005285412262156425,0.0735294117647059,0.027272727272727282,0.02954545454545454,0.010822510822510817,0.0267379679144385,-0.015957446808510634,0.01829268292682923,0.03342245989304814,0.02579852579852579,-0.010606060606060619,0.0,0.0482261640798225,0.03325942350332589,0.016629711751662946,-0.020871985157699446,-0.005050505050505083,0.004756871035940774,0.008314855875831473
0.006644518272425293,0.02623732856291,0.028622540250447248,0.0,0.009075439591605228,0.028622540250447248,0.012478729438457181,0.019186046511627974,0.014747589336358502,0.04589963280293763,-0.036337209302325535,0.08504983388704324,0.010520487264673362,0.04525455688246388,-0.029688273132112752,0.06910299003322262,0.0339409176618479,-0.019716885743174872,-0.019638242894056857,0.040697674418604696,-0.005285412262156425,-0.026873385012919915,0.0,0.0738714090287278,0.015882019285309135,0.0,0.020930232558139583,0.013613159387407814,0.020930232558139583,0.024957458876914362,0.0452196382428941,-0.0626483151400094,0.009966777408637939,0.02790697674418613,-0.026873385012919915,0.012478729438457181,0.007198228128460715,0.03488372093023262,-0.02997416020671828,0.041860465116279166,0.02268859897901304,-0.009513742071881548,1.0,0.05656819610307984,0.019285309132161088,-0.04354280059376536,-0.03488372093023251,-0.0656634746922024,0.00609080841638987,-0.014470284237726116,0.0022148394241417596,0.0244186046511628,0.014311270125223624,0.020930232558139583,0.0244186046511628,-0.03875968992248058,0.11702925731432862,0.0,0.007198228128460715,-0.025783619817997983,0.11702925731432862,0.0,0.0,0.03617571059431529,0.015882019285309135,-0.043604651162790664,0.05847176079734223,0.02260981912144705,0.03771213073538654,0.022674418604651192,-0.005285412262156425,-0.013742071881606699,0.04252491694352162,0.15116279069767447,0.021419828641370875,0.031007751937984496,0.01744186046511631,0.020419739081111776,0.02623732856291,0.01134429948950652,0.10104250200481155,0.0,0.1046511627906977,0.04011627906976756,0.013953488372093065,0.008859357696567038,0.04309165526675787,-0.03562592775853529,0.012478729438457181,0.1046511627906977,0.0339409176618479,-0.01550387596899222,-0.013213530655390993,0.015882019285309135,0.030629608621667637,0.015882019285309135,-0.06549596582819167,-0.01550387596899222,0.0,0.012478729438457181
-0.03217503217503215,-0.019404019404019424,-0.012474012474012475,-0.04525455688246388,-0.03427818061964405,-0.012474012474012475,-0.05273566249176004,-0.03243243243243238,-0.044825313117996035,-0.0035561877667140696,-0.03716216216216217,0.007722007722007734,-0.022522522522522515,0.0,-0.09775733179988494,0.02934362934362933,0.0,-0.0898942420681551,-0.06726726726726728,0.012762762762762836,-0.030098280098280084,-0.019219219219219222,-0.05279698302954117,0.03815580286168524,-0.021094264996704026,-0.04525455688246388,-0.04459459459459447,-0.03427818061964405,-0.04459459459459447,-0.015820698747528034,0.009009009009009028,-0.13899613899613894,-0.03861003861003859,-0.022297297297297236,-0.04804804804804805,-0.05537244561634802,-0.07078507078507068,-0.028378378378378366,-0.08648648648648649,-0.022297297297297236,-0.04218852999340805,-0.03869778869778867,-0.05656819610307984,1.0,-0.07119314436387603,-0.10350776308223109,-0.04759106933019974,-0.11128775834658183,-0.028957528957528927,-0.1057057057057057,-0.05148005148005147,-0.028378378378378366,-0.019404019404019424,-0.028378378378378366,-0.028378378378378366,-0.061936936936936915,0.0836965998256321,-0.0678818353236958,-0.016087516087516074,-0.042303172737955336,0.010462074978204013,-0.02262727844123194,-0.04525455688246388,0.008258258258258322,-0.015820698747528034,-0.0681306306306306,0.02007722007722007,0.00750750750750756,0.0,-0.030405405405405372,-0.06019656019656017,-0.05159705159705158,0.012355212355212364,0.07567567567567568,-0.00782361308677093,-0.01108801108801108,-0.03648648648648645,-0.03691496374423203,-0.01108801108801108,-0.03691496374423203,0.1043802423112768,-0.04148334380892521,0.05961844197138322,-0.03851351351351351,-0.034459459459459385,-0.03539253539253534,0.04292527821939596,-0.12650948821161578,-0.05273566249176004,0.04054054054054057,0.0,-0.06726726726726728,-0.06879606879606875,-0.02900461437046803,-0.03427818061964405,-0.07382992748846406,-0.1588527302813017,-0.09129129129129132,-0.04525455688246388,-0.03955174686882007
-0.005807200929152129,0.025015634771732354,0.015009380863039434,-0.019285309132161088,0.0,0.01876172607879928,0.0,0.014024390243902563,0.0,0.013478818998716308,-0.042682926829268275,0.025087108013937293,-0.005807200929152129,0.04218852999340805,-0.05604566683964707,0.08780487804878045,0.03691496374423203,-0.0715800636267232,-0.045528455284552904,0.06775067750677516,-0.02494456762749442,-0.02384823848238482,-0.024957458876914362,0.09038737446197997,0.0,-0.02155416903006241,0.01585365853658538,0.0,0.015243902439024404,0.0,0.03387533875338758,-0.06769537083125932,-0.006968641114982521,0.011585365853658547,-0.036856368563685626,0.0,-0.012775842044134622,0.007317073170731769,-0.039024390243902474,0.006097560975609789,0.0,-0.01829268292682923,-0.019285309132161088,0.07119314436387603,1.0,-0.03736377789309803,-0.03181336161187698,-0.07651841224294592,-0.006387921022067311,-0.045528455284552904,-0.008710801393728151,0.011585365853658547,0.025015634771732354,0.01036585365853665,0.01097560975609757,-0.06046747967479671,0.1573564122738002,-0.02836074872376637,-0.0046457607433217085,-0.03181336161187698,0.03147128245476004,-0.010209869540555888,-0.018150879183210455,0.05081300813008138,0.0,-0.0533536585365853,0.06271777003484325,0.05420054200542013,0.05273566249176004,0.015243902439024404,-0.034922394678492286,-0.026607538802660702,0.07944250871080138,0.12520325203252036,0.03273427471116819,0.01375859912445282,0.014634146341463539,0.0,0.011257035647279534,0.0,0.19175777964676188,-0.013613159387407814,0.1305595408895266,0.014024390243902563,0.014024390243902563,-0.007549361207897787,0.0853658536585366,-0.07784120394395422,0.0,0.07532281205164998,0.03164139749505607,-0.017344173441734417,-0.02827050997782704,0.0,0.0,0.0,-0.06769537083125932,-0.034688346883468835,-0.015882019285309135,0.0
0.048125633232016185,0.043644298963447875,0.021822149481723938,0.02177140029688268,0.03736377789309803,0.03055100927441351,0.03736377789309803,0.029787234042553207,0.01556824078879085,0.03527435610302351,-0.005319148936170248,0.06565349544072946,0.04559270516717323,0.08050603795284644,0.0,0.09483282674772037,0.0690051753881541,0.0037002775208140604,0.010401891252955042,0.07151300236406621,0.017408123791102514,0.015130023640661905,0.03760514596734282,0.07321652065081352,0.02490918526206537,0.009896091044037589,0.044680851063829796,0.04670472236637252,0.044680851063829796,0.05604566683964707,0.11702127659574468,-0.02257924446374293,0.0557244174265451,0.03723404255319149,0.014184397163120532,0.03736377789309803,0.05825734549138806,0.08563829787234045,0.025531914893616947,0.07819148936170212,0.0965230928905032,0.015957446808510634,0.04354280059376536,0.10350776308223109,0.03736377789309803,1.0,0.01156336725254381,-0.041718815185648794,0.03292806484295846,0.024586288416075575,0.02786220871327255,0.040957446808510656,0.04800872885979268,0.05585106382978722,0.02606382978723404,-0.002216312056737599,0.06588881262868909,0.011875309252845107,0.01013171225937183,0.0046253469010175685,0.0549073438572409,0.03562592775853529,0.025729836714497745,0.07151300236406621,0.04670472236637252,-0.008865248226950395,0.08753799392097261,0.05200945626477543,0.05175388154111554,0.03351063829787232,0.010154738878143138,0.024661508704061863,0.05106382978723403,0.10851063829787233,0.02519596864501679,0.00872885979268958,0.03351063829787232,0.0311364815775817,0.0654664484451718,0.06538661131292162,0.066030814380044,0.03760514596734282,0.11389236545682102,0.04840425531914894,0.018617021276595744,0.03292806484295846,0.14643304130162704,0.0,0.028022833419823534,0.1382978723404255,0.08050603795284644,0.01323877068557916,0.029013539651837505,0.04670472236637252,0.04670472236637252,0.05915931499740523,-0.03039513677811556,0.02269503546099283,0.019792182088075178,0.0622729631551634
0.03933747412008287,0.03901895206243031,0.04682274247491641,0.025783619817997983,0.034464475079533374,0.042920847268673346,0.023860021208907733,0.02934782608695652,0.02120890774125131,0.05491990846681927,-0.012681159420289856,0.06149068322981366,0.053830227743271175,0.07403055229142186,-0.012025901942645745,0.08198757763975156,0.06345475910693305,0.0,0.006763285024154575,0.08454106280193241,0.015810276679841917,0.01400966183574881,0.040950455005055564,0.05370843989769822,0.023860021208907733,0.013650151668351845,0.03913043478260875,0.06892895015906675,0.02934782608695652,0.07953340402969233,0.06038647342995171,-0.022626441881100245,0.05797101449275366,0.07173913043478264,0.01304347826086949,0.037115588547189826,0.041407867494824,0.08152173913043481,0.01256038647342983,0.07173913043478264,0.060975609756097504,0.009881422924901184,0.03488372093023251,0.04759106933019974,0.03181336161187698,-0.01156336725254381,1.0,-0.05967604433077578,0.0331262939958592,0.008695652173912993,0.0331262939958592,0.03913043478260875,0.054626532887402435,0.05217391304347829,0.02934782608695652,-0.010869565217391297,0.06311360448807857,0.018200202224469164,0.026915113871635588,0.0,0.0946704067321178,0.03640040444893833,0.02881698685540951,0.10265700483091794,0.06362672322375396,-0.024456521739130488,0.04782608695652174,0.07246376811594207,0.07931844888366624,0.03913043478260875,0.014822134387351749,0.021739130434782594,0.09565217391304348,0.0927536231884058,0.03203661327231122,0.027313266443701217,0.026086956521739146,0.037115588547189826,0.04682274247491641,0.04241781548250262,0.11469265367316339,0.025783619817997983,0.06905370843989772,0.03913043478260875,0.03260869565217392,0.049689440993788914,0.09974424552429667,-0.010638297872340385,0.029162248144220526,0.06905370843989772,0.11633372502937711,0.005797101449275366,0.02371541501976293,0.02651113467656413,0.034464475079533374,0.02651113467656413,-0.029281277728482713,0.008695652173912993,0.02123356926188069,0.04506892895015907
0.09663865546218492,0.08446455505279032,0.07843137254901955,0.0656634746922024,0.06695361071257772,0.06033182503770737,0.07651841224294592,0.08088235294117646,0.06695361071257772,0.12745098039215685,0.022058823529411742,0.09859943977591035,0.08823529411764708,0.11870694223635397,0.041718815185648794,0.17030812324929967,0.12612612612612606,0.040494458653026366,0.0444444444444444,0.1879084967320262,0.06550802139037432,0.05228758169934633,0.08025535795713623,0.13725490196078433,0.05738880918220943,0.04377564979480161,0.09705882352941175,0.1052128168340506,0.10245098039215683,0.08608321377331418,0.12254901960784315,0.012805122048819562,0.10084033613445381,0.12401960784313731,0.05751633986928095,0.1004304160688666,0.11764705882352944,0.1132352941176471,0.04967320261437902,0.10784313725490197,0.1052128168340506,0.04367201426024958,0.0656634746922024,0.11128775834658183,0.07651841224294592,0.041718815185648794,0.05967604433077578,1.0,0.07563025210084034,0.06013071895424832,0.09243697478991597,0.0862745098039216,0.10859728506787325,0.0862745098039216,0.07009803921568625,0.019607843137254888,0.07590132827324479,0.054719562243501996,0.0672268907563025,0.038363171355498715,0.13915243516761544,0.06931144550843588,0.06931144550843588,0.1797385620915033,0.1004304160688666,0.03431372549019607,0.08963585434173668,0.13071895424836605,0.11870694223635397,0.0862745098039216,0.06862745098039214,0.037433155080213915,0.15238095238095234,0.12352941176470589,0.08049535603715172,0.06636500754147812,0.07549019607843138,0.05738880918220943,0.10256410256410253,0.07173601147776176,0.20824881676808654,0.07295941632466935,0.06862745098039216,0.0647058823529412,0.0862745098039216,0.09243697478991597,0.16666666666666663,0.041718815185648794,0.08608321377331418,0.12745098039215685,0.1335453100158982,0.04705882352941171,0.046791443850267345,0.05738880918220943,0.04304160688665709,0.08130081300813002,0.02080832332933169,0.07581699346405224,0.058367533059735466,0.1004304160688666
0.0,0.016483516483516453,0.02930402930402931,-0.005537098560354392,0.0034843205574912606,0.025641025641025605,0.005226480836236919,0.010714285714285704,0.005807200929152129,0.020050125313283235,-0.035714285714285754,0.028571428571428553,0.0,0.028957528957528927,-0.02786220871327255,0.047619047619047616,0.025740025740025735,-0.031055900621118016,-0.022222222222222254,0.07142857142857145,-0.010822510822510817,-0.023809523809523836,-0.00609080841638987,0.02801120448179273,0.0046457607433217085,-0.005537098560354392,0.007142857142857145,0.008130081300812997,0.010714285714285704,0.006387921022067311,0.047619047619047616,-0.044217687074829926,0.0,0.01785714285714285,-0.025396825396825418,0.010452961672473837,0.0,0.009523809523809545,-0.01904761904761909,0.007142857142857145,0.007549361207897787,-0.010822510822510817,-0.00609080841638987,0.028957528957528927,0.006387921022067311,-0.03292806484295846,-0.0331262939958592,-0.07563025210084034,1.0,-0.028571428571428636,0.0,0.01785714285714285,0.012820512820512803,0.008333333333333331,0.009523809523809545,-0.0625,0.06758832565284179,-0.007198228128460715,0.0,-0.022774327122153215,0.06758832565284179,-0.0033222591362126463,-0.0049833887043189695,0.023809523809523808,0.007549361207897787,-0.03869047619047622,0.042857142857142844,0.019841269841269854,0.03539253539253534,0.016666666666666663,-0.007575757575757569,-0.015151515151515138,0.042857142857142844,0.009523809523809525,0.015037593984962405,0.012820512820512803,0.008333333333333331,0.0034843205574912606,0.021978021978021955,0.008130081300812997,0.032019704433497526,-0.007751937984496138,0.050420168067226906,0.009523809523809545,0.004761904761904773,0.0,0.0672268907563025,-0.035460992907801414,0.010452961672473837,0.0392156862745098,0.03217503217503215,-0.014285714285714318,-0.009740259740259744,0.006968641114982521,0.005807200929152129,0.009291521486643417,-0.03401360544217685,-0.020634920634920673,-0.01661129568106323,0.011614401858304257
0.026984126984127,0.051282051282051266,0.02393162393162393,0.01757105943152454,0.034688346883468835,0.03076923076923077,0.041192411924119265,0.03888888888888892,0.034688346883468835,0.036842105263157926,-0.01944444444444443,0.01904761904761905,0.025396825396825418,0.07207207207207206,-0.019858156028368712,0.12063492063492065,0.08648648648648649,-0.008695652173912993,0.0,0.13888888888888895,0.007070707070707116,0.0,0.01550387596899222,0.11503267973856213,0.013008130081300806,0.01136950904392764,0.055555555555555636,0.04336043360433606,0.063888888888889,0.02818428184281846,0.0722222222222223,-0.03265306122448974,0.020634920634920673,0.050000000000000044,0.0,0.05853658536585371,0.04603174603174609,0.03888888888888892,0.0,0.03611111111111115,0.05853658536585371,0.002020202020202033,0.014470284237726116,0.1057057057057057,0.045528455284552904,-0.024586288416075575,-0.008695652173912993,-0.06013071895424832,0.028571428571428636,1.0,0.03333333333333338,0.041666666666666685,0.06153846153846154,0.047222222222222276,0.03611111111111115,-0.018055555555555547,0.12043010752688177,0.012403100775193798,0.00793650793650795,-0.004347826086956497,0.010035842293906812,0.010335917312661508,0.00826873385012919,0.06666666666666671,0.03035230352303525,-0.018055555555555547,0.0888888888888889,0.05555555555555561,0.08168168168168166,0.05277777777777781,0.008585858585858586,0.005050505050505083,0.06984126984126987,0.0888888888888889,0.0491228070175439,0.017094017094017103,0.047222222222222276,0.026016260162601612,0.04786324786324786,0.036856368563685626,0.1471264367816092,0.020671834625323016,0.11503267973856213,0.041666666666666685,0.041666666666666685,0.022222222222222254,0.21568627450980393,-0.023640661938534202,0.04769647696476964,0.14379084967320271,0.07687687687687689,0.0,0.00909090909090915,0.017344173441734417,0.02168021680216803,0.04769647696476964,-0.047165532879818506,0.0,0.018604651162790697,0.06937669376693767
0.0,0.032967032967032905,0.021978021978021955,-0.013289036544850585,0.011614401858304257,0.02014652014652013,0.010452961672473837,0.01904761904761909,0.008130081300812997,0.02506265664160401,-0.03869047619047622,0.014285714285714277,0.0,0.057915057915057855,-0.0557244174265451,0.08095238095238094,0.0643500643500643,-0.04761904761904767,-0.0317460317460318,0.0753968253968254,-0.018398268398268414,-0.01746031746031751,-0.006644518272425293,0.0672268907563025,0.006968641114982521,-0.006644518272425293,0.021428571428571408,0.011614401858304257,0.021428571428571408,0.005226480836236919,0.03968253968253971,-0.05102040816326531,0.0,0.025000000000000022,-0.020634920634920673,0.010452961672473837,0.0,0.01785714285714285,-0.01904761904761909,0.010714285714285704,0.006968641114982521,-0.009740259740259744,-0.0022148394241417596,0.05148005148005147,0.008710801393728151,-0.02786220871327255,-0.0331262939958592,-0.09243697478991597,0.0,-0.03333333333333338,1.0,0.020238095238095277,0.04395604395604391,0.025000000000000022,0.016666666666666663,-0.047619047619047616,0.08448540706605223,-0.00609080841638987,0.0,-0.012422360248447228,0.042242703533026116,-0.007751937984496138,-0.009966777408637939,0.0753968253968254,0.009291521486643417,-0.059523809523809534,0.0380952380952381,0.07936507936507942,0.0643500643500643,0.022619047619047594,-0.022727272727272763,-0.010822510822510817,0.08095238095238094,0.057142857142857134,0.03508771929824561,0.02014652014652013,0.021428571428571408,0.005226480836236919,0.025641025641025605,0.011033681765389047,0.11740558292282427,-0.006644518272425293,0.05602240896358546,0.011904761904761918,0.021428571428571408,0.0,0.10084033613445381,-0.04559270516717323,0.008130081300812997,0.02801120448179273,0.05469755469755466,-0.028571428571428636,-0.012987012987012991,0.005807200929152129,0.004065040650406498,0.009291521486643417,-0.05102040816326531,-0.023809523809523836,-0.009966777408637939,0.009291521486643417
-0.01904761904761909,0.02051282051282044,0.014743589743589691,-0.03139534883720935,-0.014634146341463539,0.01602564102564097,-0.012195121951219579,0.0,-0.014634146341463539,0.01578947368421052,-0.07083333333333336,0.028571428571428553,-0.016666666666666663,0.03243243243243238,-0.07446808510638298,0.04642857142857143,0.03243243243243238,-0.07500000000000007,-0.06944444444444442,0.03888888888888892,-0.034090909090909116,-0.03611111111111115,-0.026162790697674465,0.03529411764705881,-0.005487804878048785,-0.026162790697674465,0.0,-0.007317073170731769,0.0,-0.008536585365853666,0.022222222222222227,-0.050510204081632676,-0.010714285714285704,0.0,-0.055555555555555636,-0.009756097560975674,-0.01428571428571429,0.0,-0.030555555555555614,0.0,-0.00792682926829269,-0.025000000000000022,-0.0244186046511628,0.028378378378378366,-0.011585365853658547,-0.040957446808510656,-0.03913043478260875,-0.0862745098039216,-0.01785714285714285,-0.041666666666666685,-0.020238095238095277,1.0,0.012820512820512775,0.0,0.0,-0.10833333333333339,0.17419354838709677,-0.0488372093023256,-0.01428571428571429,-0.03586956521739132,0.05080645161290323,-0.022674418604651192,-0.03139534883720935,0.03611111111111115,-0.006097560975609789,-0.07916666666666666,0.04642857142857143,0.04444444444444445,0.028378378378378366,0.0,-0.034090909090909116,-0.0318181818181818,0.04642857142857143,0.05833333333333335,0.01315789473684209,0.0064102564102563875,0.0,-0.008536585365853666,0.005769230769230749,-0.008536585365853666,0.10431034482758617,-0.015697674418604673,0.07058823529411762,0.0,0.0,-0.020238095238095277,0.06617647058823528,-0.08191489361702131,-0.009756097560975674,0.03529411764705881,0.030405405405405372,-0.041666666666666685,-0.034090909090909116,-0.0036585365853658847,-0.005487804878048785,-0.009146341463414698,-0.06428571428571428,-0.05277777777777781,-0.03139534883720935,-0.00792682926829269
-0.02747252747252743,0.0,0.0,-0.06440071556350624,-0.03502188868042522,0.0,-0.0337711069418386,-0.016666666666666607,-0.026266416510318913,0.008771929824561486,-0.0625,0.017582417582417575,-0.025641025641025605,0.027720027720027685,-0.10038188761593014,0.06446886446886446,0.033264033264033266,-0.1053511705685618,-0.07521367521367528,0.042735042735042805,-0.0641025641025641,-0.051282051282051266,-0.03339296362552174,0.0754147812971343,-0.015009380863039434,-0.0405485986881336,-0.017307692307692246,-0.022514071294559068,-0.01538461538461533,-0.010006253908692947,0.017094017094017117,-0.06279434850863422,-0.014652014652014655,-0.012820512820512775,-0.051282051282051266,-0.022514071294559068,-0.02930402930402931,-0.005769230769230749,-0.03760683760683764,-0.007692307692307665,-0.01375859912445282,-0.020396270396270372,-0.014311270125223624,0.019404019404019424,-0.025015634771732354,-0.04800872885979268,-0.054626532887402435,-0.10859728506787325,-0.012820512820512803,-0.06153846153846154,-0.04395604395604391,-0.012820512820512775,1.0,-0.016666666666666607,-0.013461538461538414,-0.10096153846153844,0.11910669975186106,-0.042933810375670844,-0.02747252747252743,-0.03511705685618727,0.03970223325062036,-0.03339296362552174,-0.047704233750745395,0.04914529914529919,-0.01751094434021261,-0.09615384615384615,0.05274725274725278,0.044871794871794934,0.026334026334026372,-0.014102564102564052,-0.07867132867132864,-0.029137529137529122,0.046886446886446886,0.10769230769230775,0.014170040485830038,0.0,-0.01538461538461533,-0.01751094434021261,0.0,-0.01375859912445282,0.15915119363395225,-0.021466905187835422,0.0490196078431373,-0.012820512820512775,-0.01538461538461533,-0.02747252747252743,0.0565610859728507,-0.08292416803055092,-0.020012507817385894,0.03393665158371045,0.023562023562023526,-0.041025641025641046,-0.040792540792540743,-0.008755472170106304,-0.01375859912445282,-0.015009380863039434,-0.0680272108843537,-0.04786324786324786,-0.02623732856291,-0.016260162601625994
-0.01785714285714285,0.01538461538461533,0.009615384615384581,-0.0488372093023256,-0.01890243902439037,0.010897435897435859,-0.014634146341463539,0.0,-0.012195121951219579,0.01578947368421052,-0.05833333333333335,0.0357142857142857,-0.01785714285714285,0.03851351351351351,-0.08191489361702131,0.060714285714285665,0.03648648648648645,-0.07173913043478264,-0.06944444444444442,0.03888888888888892,-0.040909090909090895,-0.047222222222222276,-0.026162790697674465,0.07058823529411762,-0.007317073170731769,-0.029651162790697738,0.0,-0.00792682926829269,0.0,-0.00792682926829269,0.022222222222222227,-0.07346938775510203,-0.010714285714285704,0.0,-0.050000000000000044,-0.009146341463414698,-0.01785714285714285,0.0,-0.04444444444444451,0.0,-0.008536585365853666,-0.022727272727272735,-0.020930232558139583,0.028378378378378366,-0.01036585365853665,-0.05585106382978722,-0.05217391304347829,-0.0862745098039216,-0.008333333333333331,-0.047222222222222276,-0.025000000000000022,0.0,0.016666666666666607,1.0,0.0,-0.07916666666666666,0.13790322580645165,-0.03139534883720935,-0.013095238095238104,-0.03913043478260875,0.05080645161290323,-0.02790697674418613,-0.02790697674418613,0.04722222222222222,-0.008536585365853666,-0.07500000000000001,0.03928571428571426,0.04722222222222222,0.024324324324324298,0.0,-0.03863636363636369,-0.02954545454545454,0.03214285714285714,0.08333333333333331,0.02105263157894738,0.007692307692307665,0.0,-0.008536585365853666,0.0038461538461538325,-0.009146341463414698,0.10431034482758617,-0.013953488372093065,0.057352941176470607,0.0,0.0,-0.01785714285714285,0.06617647058823528,-0.06329787234042555,-0.007317073170731769,0.0397058823529412,0.03851351351351351,-0.04444444444444451,-0.040909090909090895,-0.005487804878048785,-0.006097560975609789,-0.008536585365853666,-0.07806122448979597,-0.03888888888888892,-0.0244186046511628,-0.009756097560975674
-0.015476190476190477,0.018589743589743524,0.017948717948717885,-0.029651162790697738,-0.016463414634146356,0.019230769230769162,-0.014634146341463539,0.0,-0.01768292682926842,0.023684210526315808,-0.07083333333333336,0.05357142857142855,-0.015476190476190477,0.03851351351351351,-0.05585106382978722,0.057142857142857106,0.03648648648648645,-0.08152173913043481,-0.07500000000000007,0.03611111111111115,-0.03863636363636369,-0.03333333333333338,-0.0244186046511628,0.06617647058823528,-0.008536585365853666,-0.03837209302325595,0.0,-0.006097560975609789,0.0,-0.007317073170731769,0.013888888888888895,-0.04591836734693877,-0.007142857142857145,0.0,-0.047222222222222276,-0.009756097560975674,-0.008333333333333331,0.0,-0.03611111111111115,0.0,-0.006707317073170793,-0.027272727272727282,-0.0244186046511628,0.028378378378378366,-0.01097560975609757,-0.02606382978723404,-0.02934782608695652,-0.07009803921568625,-0.009523809523809545,-0.03611111111111115,-0.016666666666666663,0.0,0.013461538461538414,0.0,1.0,-0.13333333333333341,0.17419354838709677,-0.05406976744186054,-0.01904761904761909,-0.05869565217391304,0.08709677419354839,-0.020930232558139583,-0.029651162790697738,0.03888888888888892,-0.006707317073170793,-0.0625,0.060714285714285665,0.04722222222222222,0.02635135135135136,0.0,-0.047727272727272785,-0.0318181818181818,0.04642857142857143,0.09166666666666667,0.02105263157894738,0.01025641025641022,0.0,-0.012195121951219579,0.004487179487179471,-0.006707317073170793,0.10431034482758617,-0.013953488372093065,0.08823529411764708,0.0,0.0,-0.01904761904761909,0.0397058823529412,-0.044680851063829796,-0.009146341463414698,0.0397058823529412,0.02635135135135136,-0.047222222222222276,-0.034090909090909116,-0.0024390243902439185,-0.00792682926829269,-0.007317073170731769,-0.04591836734693877,-0.03888888888888892,-0.03139534883720935,-0.00792682926829269
0.041666666666666685,0.11057692307692307,0.14903846153846156,0.04118217054263562,0.07469512195121952,0.16826923076923073,0.07469512195121952,0.09583333333333338,0.10315040650406493,0.11513157894736847,0.0,0.12380952380952381,0.047619047619047616,0.09290540540540537,0.0066489361702127825,0.12380952380952381,0.11148648648648646,0.026268115942028936,0.03472222222222221,0.11805555555555558,0.034090909090909116,0.030555555555555503,0.043604651162790664,0.12009803921568629,0.06402439024390244,0.06298449612403101,0.0625,0.03912601626016257,0.05833333333333335,0.0533536585365853,0.03472222222222224,-0.0029761904761904656,0.017857142857142877,0.07500000000000001,0.033333333333333326,0.07113821138211379,0.020833333333333343,0.020833333333333343,0.016666666666666663,0.054166666666666696,0.035569105691056896,0.028409090909090884,0.03875968992248058,0.061936936936936915,0.06046747967479671,0.002216312056737599,0.010869565217391297,-0.019607843137254888,0.0625,0.018055555555555547,0.047619047619047616,0.10833333333333339,0.10096153846153844,0.07916666666666666,0.13333333333333341,1.0,0.25134408602150543,0.07267441860465107,0.0625,0.01992753623188409,0.19422043010752693,0.03391472868217055,0.03875968992248058,0.07638888888888892,0.04979674796747968,0.0,0.1470238095238095,0.11111111111111116,0.09909909909909909,0.10416666666666663,0.0378787878787879,0.03977272727272724,0.12380952380952381,0.15000000000000002,0.08771929824561409,0.0913461538461538,0.06666666666666671,0.06758130081300812,0.04807692307692307,0.02489837398373984,0.15014367816091953,0.024224806201550375,0.12867647058823528,0.07916666666666666,0.07916666666666666,0.0535714285714286,0.07720588235294121,0.005319148936170248,0.06046747967479671,0.06862745098039216,0.07432432432432434,0.01944444444444443,0.028409090909090884,0.03201219512195122,0.06758130081300812,0.035569105691056896,-0.003401360544217663,0.015277777777777751,0.06540697674418605,0.05691056910569103
-0.03379416282642089,-0.13234077750206785,-0.11248966087675771,-0.12603150787696926,-0.14162077104642012,-0.13234077750206785,-0.18095987411487024,-0.1596774193548387,-0.19669551534225027,-0.05348047538200337,-0.12567204301075272,-0.025806451612903236,-0.08448540706605223,-0.0732345248474281,-0.14275909402882636,-0.047926267281105994,-0.0732345248474281,-0.23141654978962134,-0.210752688172043,-0.05376344086021506,-0.09530791788856305,-0.11039426523297496,-0.09002250562640662,-0.03984819734345352,-0.04720692368214008,-0.1440360090022506,-0.11612903225806448,-0.0786782061369001,-0.13064516129032255,-0.06294256490952008,-0.013440860215053765,-0.10664911125740617,-0.042242703533026116,-0.07983870967741935,-0.15053763440860218,-0.1180173092053502,-0.08448540706605223,-0.03629032258064516,-0.10035842293906813,-0.08709677419354839,-0.07081038552321006,-0.06671554252199413,-0.11702925731432862,-0.0836965998256321,-0.1573564122738002,-0.06588881262868909,-0.06311360448807857,-0.07590132827324479,-0.06758832565284179,-0.12043010752688177,-0.08448540706605223,-0.17419354838709677,-0.11910669975186106,-0.13790322580645165,-0.17419354838709677,-0.25134408602150543,1.0,-0.24306076519129793,-0.08448540706605223,-0.0946704067321178,0.0,-0.08102025506376595,-0.12603150787696926,-0.03584229390681001,-0.03933910306845005,-0.10282258064516128,-0.06635944700460827,-0.058243727598566275,-0.06277244986922409,-0.1596774193548387,-0.14296187683284461,-0.14296187683284461,-0.04055299539170509,0.01290322580645159,-0.07724957555178263,-0.06617038875103393,-0.13064516129032255,-0.11014948859166013,-0.03308519437551696,-0.07081038552321006,0.02892102335928809,-0.06301575393848463,-0.054079696394686905,-0.17419354838709677,-0.11612903225806448,-0.1098310291858679,-0.03984819734345352,-0.1976664378860672,-0.12588512981904015,-0.034155597722960174,-0.04707933740191805,-0.11039426523297496,-0.15249266862170086,-0.03147128245476004,-0.11014948859166013,-0.12588512981904015,-0.13034891375905203,-0.14050179211469538,-0.11702925731432862,-0.09441384736428016
0.005537098560354392,0.059630292188431744,0.06678592725104349,0.0,0.02382302892796373,0.06917113893858085,0.02836074872376637,0.04709302325581399,0.037436188315371544,0.04895960832313351,-0.043604651162790664,0.07973421926910301,0.006644518272425293,0.06033940917661851,-0.033646709549727816,0.08504983388704324,0.05656819610307984,-0.040950455005055564,-0.027906976744186074,0.06782945736434115,-0.008456659619450246,-0.01550387596899222,0.0,0.0800273597811218,0.015882019285309135,0.0,0.03488372093023262,0.017016449234259767,0.029651162790697738,0.017016449234259767,0.018087855297157646,-0.0313241575700047,0.005537098560354392,0.026162790697674465,-0.021705426356589175,0.020419739081111776,0.006644518272425293,0.013953488372093065,-0.012403100775193798,0.022674418604651192,0.010209869540555888,-0.007928118393234651,0.0,0.0678818353236958,0.02836074872376637,-0.011875309252845107,-0.018200202224469164,-0.054719562243501996,0.007198228128460715,-0.012403100775193798,0.00609080841638987,0.0488372093023256,0.042933810375670844,0.03139534883720935,0.05406976744186054,-0.07267441860465107,0.24306076519129793,1.0,0.009966777408637939,-0.02881698685540951,0.11702925731432862,0.0,0.0,0.05878552971576234,0.012478729438457181,-0.04118217054263562,0.0903654485049834,0.07235142118863058,0.05656819610307984,0.04011627906976756,-0.011099365750528556,-0.007928118393234651,0.0903654485049834,0.13100775193798453,0.04589963280293763,0.0405485986881336,0.033139534883720956,0.02268859897901304,0.014311270125223624,0.01134429948950652,0.1459502806736167,0.0,0.1354309165526677,0.03837209302325595,0.033139534883720956,0.009413067552602461,0.06771545827633385,-0.039584364176150355,0.020419739081111776,0.06155950752393985,0.03771213073538654,-0.01653746770025838,-0.008456659619450246,0.009075439591605228,0.018150879183210455,0.019285309132161088,-0.02847650688182246,-0.01653746770025838,0.0,0.013613159387407814
0.0,0.016483516483516453,0.032967032967032905,-0.007198228128460715,0.005807200929152129,0.032967032967032905,0.006968641114982521,0.015476190476190477,0.008710801393728151,0.07518796992481203,-0.07738095238095244,0.12857142857142856,0.0,0.03539253539253534,-0.035460992907801414,0.042857142857142844,0.05148005148005147,-0.02898550724637683,-0.022222222222222254,0.02777777777777779,-0.019480519480519487,-0.030158730158730218,-0.006644518272425293,0.08963585434173671,0.015679442508710784,-0.013842746400886008,0.016666666666666663,0.006968641114982521,0.015476190476190477,0.007549361207897787,0.015873015873015886,-0.02040816326530613,0.0,0.01428571428571429,-0.022222222222222254,0.0046457607433217085,0.0,0.008333333333333331,-0.01746031746031751,0.021428571428571408,0.0034843205574912606,-0.023809523809523836,-0.007198228128460715,0.016087516087516074,0.0046457607433217085,-0.01013171225937183,-0.026915113871635588,-0.0672268907563025,0.0,-0.00793650793650795,0.0,0.01428571428571429,0.02747252747252743,0.013095238095238104,0.01904761904761909,-0.0625,0.08448540706605223,-0.009966777408637939,1.0,-0.049689440993788914,0.2196620583717358,-0.01218161683277974,-0.009966777408637939,0.051587301587301626,0.008710801393728151,-0.05059523809523808,0.06190476190476191,0.059523809523809534,0.028957528957528927,0.010714285714285704,-0.021645021645021634,-0.014069264069264065,0.057142857142857106,0.13333333333333336,0.05012531328320802,0.053113553113553036,0.01904761904761909,0.010452961672473837,0.018315018315018305,0.004065040650406498,0.1280788177339901,-0.0033222591362126463,0.02801120448179273,0.015476190476190477,0.01904761904761909,0.0,0.0392156862745098,-0.030395136778115506,0.0029036004645760644,0.03361344537815125,0.03217503217503215,-0.0317460317460318,-0.016233766233766267,0.008130081300812997,0.009291521486643417,0.004065040650406498,-0.023809523809523808,-0.012698412698412709,-0.004429678848283519,0.0029036004645760644
0.026915113871635588,0.042920847268673346,0.0741360089186176,0.018200202224469164,0.034464475079533374,0.07803790412486061,0.03181336161187698,0.048913043478260865,0.04506892895015907,0.10068649885583525,-0.02717391304347827,0.16397515527950313,0.024844720496894457,0.042303172737955336,-0.006012950971322872,0.06832298136645962,0.05287896592244415,0.0,0.006763285024154575,0.06038647342995171,0.01679841897233203,0.008695652173912993,0.02730030333670369,0.09207161125319696,0.05037115588547192,0.03640040444893833,0.042391304347826064,0.023860021208907733,0.03913043478260875,0.037115588547189826,0.07246376811594207,-0.011978704525288375,0.035196687370600444,0.03260869565217392,0.008212560386473444,0.034464475079533374,0.018633540372670815,0.03913043478260875,0.00724637681159418,0.061956521739130466,0.03181336161187698,0.025691699604743046,0.025783619817997983,0.042303172737955336,0.03181336161187698,-0.0046253469010175685,0.0,-0.038363171355498715,0.022774327122153215,0.004347826086956497,0.012422360248447228,0.03586956521739132,0.03511705685618727,0.03913043478260875,0.05869565217391304,-0.01992753623188409,0.0946704067321178,0.02881698685540951,0.049689440993788914,1.0,0.25245441795231427,0.0227502527805864,0.0227502527805864,0.06642512077294688,0.05567338282078477,-0.015398550724637639,0.0546583850931677,0.07850241545893721,0.042303172737955336,0.02934782608695652,0.01679841897233203,0.010869565217391297,0.0888198757763975,0.11594202898550723,0.06407322654462244,0.08193979933110368,0.042391304347826064,0.04772004241781547,0.04682274247491641,0.013255567338282065,0.14017991004497748,0.015166835187057609,0.07672634271099746,0.03913043478260875,0.048913043478260865,0.022774327122153215,0.03836317135549873,-0.0046253469010175685,0.034464475079533374,0.07672634271099746,0.05287896592244415,0.006280193236714915,0.011857707509881465,0.04506892895015907,0.037115588547189826,0.02651113467656413,-0.011978704525288375,0.004347826086956497,0.013650151668351845,0.018557794273594913
-0.05913978494623656,-0.03970223325062036,-0.11248966087675771,-0.0720180045011253,-0.055074744295830064,-0.08602150537634412,-0.055074744295830064,-0.043548387096774194,-0.0786782061369001,-0.14261460101867574,-0.27419354838709686,-0.09216589861751157,-0.1098310291858679,-0.04707933740191805,-0.1098146877144818,-0.018433179723502308,-0.04707933740191805,-0.08415147265077139,-0.12043010752688177,-0.017921146953405007,-0.14296187683284461,-0.15053763440860218,-0.09002250562640662,-0.028462998102466774,-0.1730920535011803,-0.18904726181545384,-0.06532258064516128,-0.03933910306845005,-0.06532258064516128,-0.0786782061369001,-0.017921146953405007,-0.035549703752468735,-0.06758832565284179,-0.05080645161290323,-0.13046594982078857,-0.02360346184107004,-0.03379416282642089,-0.043548387096774194,-0.10035842293906813,-0.09435483870967742,-0.03147128245476004,-0.18108504398826986,-0.11702925731432862,-0.010462074978204013,-0.03147128245476004,-0.0549073438572409,-0.0946704067321178,-0.13915243516761544,-0.06758832565284179,-0.010035842293906812,-0.042242703533026116,-0.05080645161290323,-0.03970223325062036,-0.05080645161290323,-0.08709677419354839,-0.19422043010752693,0.0,-0.11702925731432862,-0.2196620583717358,-0.25245441795231427,1.0,-0.1530382595648913,-0.13503375843960996,-0.040322580645161255,-0.1180173092053502,-0.1599462365591398,-0.018433179723502308,-0.040322580645161255,-0.031386224934612045,-0.021774193548387097,-0.14296187683284461,-0.10483870967741937,-0.03317972350230414,0.010752688172043001,-0.07724957555178263,-0.14557485525227465,-0.08709677419354839,-0.1180173092053502,-0.03970223325062036,-0.00786782061369001,0.013348164627363712,-0.027006751687921993,-0.005692599620493358,-0.043548387096774194,-0.05806451612903224,-0.02534562211981567,-0.002846299810246679,-0.032944406314344546,-0.00786782061369001,-0.011385199240986715,-0.020924149956408025,-0.13046594982078857,-0.08577712609970672,-0.10228166797797011,-0.09441384736428016,-0.01573564122738002,-0.035549703752468735,-0.020071684587813624,-0.06301575393848463,-0.00786782061369001
0.006644518272425293,0.023852116875372698,0.031007751937984496,0.0,0.013613159387407814,0.031007751937984496,0.010209869540555888,0.015697674418604673,0.013613159387407814,0.05813953488372098,-0.055717054263565824,0.1009966777408638,0.018826135105204922,0.06411062225015712,-0.045522018802572894,0.0318936877076412,0.05279698302954117,-0.016683518705763345,-0.01136950904392764,0.02260981912144705,-0.008985200845665953,-0.024806201550387597,0.0,0.06771545827633385,0.015882019285309135,0.0,0.0244186046511628,0.018150879183210455,0.022674418604651192,0.02155416903006241,0.03165374677002586,-0.02847650688182246,0.008859357696567038,0.020930232558139583,-0.020671834625323016,0.007941009642654567,0.006644518272425293,0.022674418604651192,-0.021705426356589175,0.04011627906976756,0.015882019285309135,-0.005813953488372048,0.0,0.02262727844123194,0.010209869540555888,-0.03562592775853529,-0.03640040444893833,-0.06931144550843588,0.0033222591362126463,-0.010335917312661508,0.007751937984496138,0.022674418604651192,0.03339296362552174,0.02790697674418613,0.020930232558139583,-0.03391472868217055,0.08102025506376595,0.0,0.01218161683277974,-0.0227502527805864,0.1530382595648913,1.0,0.0,0.08591731266149877,0.020419739081111776,-0.05087209302325579,0.0637873754152824,0.06782945736434115,0.0339409176618479,0.013953488372093065,-0.009513742071881548,-0.009513742071881548,0.06910299003322262,0.1410852713178295,0.04589963280293763,0.0405485986881336,0.020930232558139583,0.019285309132161088,0.03339296362552174,0.01134429948950652,0.1347233360064154,0.0,0.030779753761969925,0.0244186046511628,0.020930232558139583,0.007198228128460715,0.055403556771545875,-0.033646709549727816,0.0034032898468519535,0.06771545827633385,0.06033940917661851,-0.013436692506459957,-0.012684989429175397,0.010209869540555888,0.015882019285309135,0.00567214974475326,-0.05410536307546271,-0.013436692506459957,0.0,0.009075439591605228
0.00609080841638987,0.0405485986881336,0.04531902206320809,0.0,0.019285309132161088,0.03816338700059635,0.02382302892796373,0.026162790697674465,0.02268859897901304,0.052019583843329276,-0.055717054263565824,0.07973421926910301,0.012735326688815163,0.08296668761785042,-0.05541810984661055,0.07973421926910301,0.07542426147077308,-0.03488372093023251,-0.021705426356589175,0.05878552971576234,-0.012684989429175397,-0.018604651162790697,0.0,0.1046511627906977,0.014747589336358502,0.0,0.03662790697674423,0.02155416903006241,0.033139534883720956,0.013613159387407814,0.03165374677002586,-0.03701945894636921,0.009966777408637939,0.033139534883720956,-0.02273901808785528,0.013613159387407814,0.007198228128460715,0.026162790697674465,-0.01757105943152454,0.033139534883720956,0.01134429948950652,-0.004756871035940774,0.0,0.04525455688246388,0.018150879183210455,-0.025729836714497745,-0.02881698685540951,-0.06931144550843588,0.0049833887043189695,-0.00826873385012919,0.009966777408637939,0.03139534883720935,0.047704233750745395,0.02790697674418613,0.029651162790697738,-0.03875968992248058,0.12603150787696926,0.0,0.009966777408637939,-0.0227502527805864,0.13503375843960996,0.0,1.0,0.11757105943152468,0.02382302892796373,-0.0678294573643411,0.09568106312292363,0.09496124031007758,0.07542426147077308,0.02790697674418613,-0.015327695560253596,-0.008456659619450246,0.10631229235880402,0.17131782945736435,0.06731946144430856,0.035778175313059046,0.03837209302325595,0.02155416903006241,0.031007751937984496,0.013613159387407814,0.17963111467522058,0.0,0.06771545827633385,0.03139534883720935,0.03488372093023262,0.009413067552602461,0.049247606019151874,-0.031667491340920284,0.01134429948950652,0.0369357045143639,0.04148334380892521,-0.010335917312661508,-0.009513742071881548,0.007941009642654567,0.01134429948950652,0.010209869540555888,-0.04271476032273369,-0.014470284237726116,0.0,0.00567214974475326
-0.05555555555555558,-0.03632478632478636,-0.027777777777777846,-0.1130490956072353,-0.060975609756097615,-0.023504273504273532,-0.06436314363143636,-0.04444444444444445,-0.05081300813008138,-0.01900584795321636,-0.11111111111111116,0.0071428571428571175,-0.059523809523809534,-0.018018018018018056,-0.1950354609929078,0.013492063492063444,-0.01726726726726735,-0.12681159420289861,-0.11111111111111122,0.0,-0.12121212121212122,-0.08333333333333337,-0.0904392764857882,0.026143790849673165,-0.04403794037940384,-0.05426356589147291,-0.06666666666666665,-0.060975609756097615,-0.05555555555555558,-0.030487804878048808,0.0,-0.08106575963718823,-0.059523809523809534,-0.05833333333333335,-0.0944444444444445,-0.05420054200542013,-0.05555555555555558,-0.03611111111111115,-0.07777777777777783,-0.03888888888888892,-0.03387533875338758,-0.050505050505050525,-0.03617571059431529,-0.008258258258258322,-0.05081300813008138,-0.07151300236406621,-0.10265700483091794,-0.1797385620915033,-0.023809523809523808,-0.06666666666666671,-0.0753968253968254,-0.03611111111111115,-0.04914529914529919,-0.04722222222222222,-0.03888888888888892,-0.07638888888888892,0.03584229390681001,-0.05878552971576234,-0.051587301587301626,-0.06642512077294688,0.040322580645161255,-0.08591731266149877,-0.11757105943152468,1.0,-0.06436314363143636,-0.1875000000000001,0.0087301587301587,0.0,-0.01501501501501512,-0.041666666666666685,-0.14141414141414144,-0.03535353535353536,0.016666666666666607,0.06666666666666665,-0.02777777777777779,-0.027777777777777846,-0.05277777777777781,-0.060975609756097615,-0.021367521367521403,-0.030487804878048808,0.10727969348659,-0.040697674418604696,0.011437908496732013,-0.03888888888888892,-0.061111111111111116,-0.059523809523809534,0.01470588235294118,-0.0975177304964539,-0.03726287262872635,0.011437908496732013,-0.00975975975975979,-0.050000000000000044,-0.06565656565656569,-0.02371273712737129,-0.020325203252032548,-0.020325203252032548,-0.09580498866213155,-0.08333333333333337,-0.027131782945736455,-0.027100271002710064
-0.008130081300812997,0.012507817385866177,0.01876172607879928,-0.02155416903006241,0.0,0.012507817385866177,0.0,0.004878048780487837,0.0,0.030808729139923052,-0.09247967479674801,0.06271777003484325,-0.010452961672473837,0.05273566249176004,-0.08406850025947066,0.037630662020905925,0.03691496374423203,-0.04241781548250262,-0.034688346883468835,0.04742547425474258,-0.04490022172949004,-0.045528455284552904,-0.02155416903006241,0.04519368723098999,0.0,-0.015882019285309135,0.008536585365853666,0.0,0.008536585365853666,0.0,0.030487804878048808,-0.03982080637132898,-0.013937282229965042,0.01097560975609757,-0.039024390243902474,0.0,-0.009872241579558627,0.01097560975609757,-0.04336043360433606,0.01097560975609757,0.0,-0.02827050997782704,-0.015882019285309135,0.015820698747528034,0.0,-0.04670472236637252,-0.06362672322375396,-0.1004304160688666,-0.007549361207897787,-0.03035230352303525,-0.009291521486643417,0.006097560975609789,0.01751094434021261,0.008536585365853666,0.006707317073170793,-0.04979674796747968,0.03933910306845005,-0.012478729438457181,-0.008710801393728151,-0.05567338282078477,0.1180173092053502,-0.020419739081111776,-0.02382302892796373,0.06436314363143636,1.0,-0.10315040650406493,0.029268292682926828,0.04742547425474258,0.044825313117996035,0.007317073170731769,-0.039911308203991025,-0.02494456762749442,0.07944250871080138,0.0804878048780488,0.026957637997432615,0.01375859912445282,0.00792682926829269,0.0,0.015009380863039434,0.0,0.08074011774600506,-0.018150879183210455,0.03012912482065999,0.005487804878048785,0.006097560975609789,-0.010452961672473837,0.04519368723098999,-0.03425012973533986,0.0,0.035150645624103305,0.04218852999340805,-0.02384823848238482,-0.023281596452328135,0.0,0.0,0.0,-0.05574912891986061,-0.026016260162601612,-0.015882019285309135,0.0
0.059523809523809534,0.07692307692307693,0.0913461538461538,0.055717054263565824,0.05691056910569103,0.07211538461538458,0.06402439024390244,0.05833333333333335,0.04979674796747968,0.09868421052631582,0.0,0.10833333333333334,0.059523809523809534,0.13006756756756754,0.015957446808510745,0.11607142857142855,0.1362612612612612,0.021739130434782594,0.031944444444444386,0.11111111111111116,0.05492424242424243,0.03472222222222221,0.060562015503875855,0.09436274509803924,0.05691056910569103,0.02906976744186046,0.07916666666666666,0.07469512195121952,0.06666666666666671,0.06402439024390244,0.05555555555555558,-0.0063775510204081565,0.07142857142857151,0.10833333333333339,0.03888888888888886,0.04979674796747968,0.06547619047619052,0.08333333333333337,0.02638888888888885,0.08750000000000002,0.046239837398374006,0.034090909090909116,0.043604651162790664,0.0681306306306306,0.0533536585365853,0.008865248226950395,0.024456521739130488,-0.03431372549019607,0.03869047619047622,0.018055555555555547,0.059523809523809534,0.07916666666666666,0.09615384615384615,0.07500000000000001,0.0625,0.0,0.10282258064516128,0.04118217054263562,0.05059523809523808,0.015398550724637639,0.1599462365591398,0.05087209302325579,0.0678294573643411,0.1875000000000001,0.10315040650406493,1.0,0.06964285714285715,0.15972222222222227,0.1362612612612612,0.06666666666666671,0.04924242424242431,0.034090909090909116,0.17797619047619045,0.11250000000000002,0.08771929824561409,0.06730769230769229,0.06666666666666671,0.06758130081300812,0.06730769230769229,0.03912601626016257,0.15014367816091953,0.03391472868217055,0.06862745098039216,0.07500000000000001,0.06666666666666671,0.06547619047619052,0.08578431372549022,0.008421985815602884,0.046239837398374006,0.03431372549019608,0.08051801801801806,0.018055555555555547,0.03030303030303033,0.042682926829268275,0.042682926829268275,0.028455284552845517,-0.007653061224489777,0.027777777777777735,0.02664728682170539,0.028455284552845517
-0.01904761904761905,-0.038095238095238126,-0.038095238095238126,-0.05847176079734223,-0.04599303135888505,-0.046886446886446886,-0.0919860627177701,-0.057142857142857106,-0.07944250871080138,-0.027067669172932296,-0.08511904761904762,0.0,-0.06190476190476191,-0.021621621621621623,-0.09483282674772037,0.0,-0.024710424710424728,-0.1298136645962733,-0.0888888888888889,-0.0087301587301587,-0.09350649350649348,-0.05714285714285716,-0.06910299003322262,0.015966386554621903,-0.037630662020905925,-0.07441860465116279,-0.060714285714285665,-0.037630662020905925,-0.060714285714285665,-0.020905923344947744,-0.006349206349206327,-0.09795918367346937,-0.042857142857142844,-0.0357142857142857,-0.05714285714285716,-0.050174216027874585,-0.05238095238095236,-0.021428571428571408,-0.0888888888888889,-0.057142857142857106,-0.06689895470383278,-0.02337662337662337,-0.05847176079734223,-0.02007722007722007,-0.06271777003484325,-0.08753799392097261,-0.04782608695652174,-0.08963585434173668,-0.042857142857142844,-0.0888888888888889,-0.0380952380952381,-0.04642857142857143,-0.05274725274725278,-0.03928571428571426,-0.060714285714285665,-0.1470238095238095,0.06635944700460827,-0.0903654485049834,-0.06190476190476191,-0.0546583850931677,0.018433179723502308,-0.0637873754152824,-0.09568106312292363,-0.0087301587301587,-0.029268292682926828,-0.06964285714285715,1.0,-0.0087301587301587,-0.02007722007722007,-0.0714285714285714,-0.10519480519480517,-0.07597402597402597,0.0,0.09047619047619049,-0.03609022556390973,-0.02930402930402931,-0.060714285714285665,-0.050174216027874585,-0.041025641025641046,-0.04599303135888505,0.08275862068965517,-0.05847176079734223,0.012605042016806733,-0.060714285714285665,-0.060714285714285665,-0.047619047619047616,0.00924369747899162,-0.08024316109422491,-0.05435540069686412,0.015966386554621903,-0.013899613899613916,-0.0761904761904762,-0.12272727272727274,-0.025087108013937293,-0.06271777003484325,-0.06271777003484325,-0.14693877551020407,-0.08253968253968258,-0.0637873754152824,-0.058536585365853655
-0.051587301587301626,-0.042735042735042805,-0.027777777777777846,-0.09948320413436706,-0.07113821138211385,-0.03418803418803423,-0.0745257452574527,-0.05277777777777781,-0.05420054200542013,-0.020467836257309968,-0.11111111111111116,0.0071428571428571175,-0.05555555555555558,-0.014264264264264304,-0.15602836879432624,0.013492063492063444,-0.018018018018018056,-0.15700483091787443,-0.11111111111111122,0.0,-0.10606060606060613,-0.06666666666666671,-0.08139534883720939,0.021241830065359457,-0.04742547425474258,-0.05426356589147291,-0.05555555555555558,-0.05420054200542013,-0.04722222222222222,-0.02371273712737129,0.0,-0.06632653061224492,-0.03968253968253971,-0.04722222222222222,-0.0944444444444445,-0.05420054200542013,-0.047619047619047616,-0.033333333333333326,-0.03888888888888892,-0.02777777777777779,-0.01693766937669379,-0.06565656565656569,-0.02260981912144705,-0.00750750750750756,-0.05420054200542013,-0.05200945626477543,-0.07246376811594207,-0.13071895424836605,-0.019841269841269854,-0.05555555555555561,-0.07936507936507942,-0.04444444444444445,-0.044871794871794934,-0.04722222222222222,-0.04722222222222222,-0.11111111111111116,0.058243727598566275,-0.07235142118863058,-0.059523809523809534,-0.07850241545893721,0.040322580645161255,-0.06782945736434115,-0.09496124031007758,0.0,-0.04742547425474258,-0.15972222222222227,0.0087301587301587,1.0,-0.016516516516516644,-0.05555555555555558,-0.11111111111111116,-0.05555555555555558,0.01904761904761898,0.04999999999999999,-0.030701754385964897,-0.032051282051282104,-0.05833333333333335,-0.06775067750677516,-0.021367521367521403,-0.020325203252032548,0.10727969348659,-0.03617571059431529,0.01470588235294118,-0.050000000000000044,-0.06666666666666665,-0.05555555555555558,0.01633986928104575,-0.0975177304964539,-0.04742547425474258,0.004901960784313722,-0.006756756756756799,-0.050000000000000044,-0.04545454545454547,-0.027100271002710064,-0.027100271002710064,-0.02371273712737129,-0.07369614512471656,-0.07777777777777783,-0.03165374677002586,-0.02371273712737129
-0.04504504504504503,-0.023562023562023526,-0.01524601524601521,-0.0678818353236958,-0.04218852999340805,-0.01524601524601521,-0.060646011865524097,-0.03243243243243238,-0.04746209624258402,-0.007112375533428139,-0.08671171171171171,0.009266409266409259,-0.041827541827541836,0.0,-0.13225991949396199,0.030888030888030937,0.0,-0.1533490011750881,-0.10090090090090093,0.016516516516516644,-0.0988943488943489,-0.06246246246246251,-0.07165304839723446,0.03815580286168524,-0.03164139749505607,-0.04525455688246388,-0.04256756756756752,-0.05273566249176004,-0.04256756756756752,-0.02373104812129201,0.0030030030030030186,-0.09266409266409265,-0.03539253539253534,-0.05472972972972967,-0.07687687687687689,-0.060646011865524097,-0.05469755469755466,-0.030405405405405372,-0.05765765765765768,-0.022297297297297236,-0.02373104812129201,-0.042997542997542965,-0.03771213073538654,0.0,-0.05273566249176004,-0.05175388154111554,-0.07931844888366624,-0.11870694223635397,-0.03539253539253534,-0.08168168168168166,-0.0643500643500643,-0.028378378378378366,-0.026334026334026372,-0.024324324324324298,-0.02635135135135136,-0.09909909909909909,0.06277244986922409,-0.05656819610307984,-0.028957528957528927,-0.042303172737955336,0.031386224934612045,-0.0339409176618479,-0.07542426147077308,0.01501501501501512,-0.044825313117996035,-0.1362612612612612,0.02007722007722007,0.016516516516516644,1.0,-0.04459459459459447,-0.1117936117936118,-0.06879606879606875,0.04015444015444014,0.06306306306306309,-0.014224751066856278,-0.013860013860013842,-0.04459459459459447,-0.044825313117996035,-0.02079002079002079,-0.02900461437046803,0.14165890027958983,-0.06033940917661851,0.02623211446740864,-0.03851351351351351,-0.04459459459459447,-0.057915057915057855,0.03338632750397458,-0.10350776308223109,-0.05800922874093606,0.01669316375198729,0.0,-0.02882882882882884,-0.06019656019656017,-0.021094264996704026,-0.02900461437046803,-0.02900461437046803,-0.07280750137892991,-0.06246246246246251,-0.04525455688246388,-0.03164139749505607
-0.016666666666666663,0.01538461538461533,0.008333333333333304,-0.03488372093023262,-0.013414634146341586,0.012179487179487136,-0.016463414634146356,0.0,-0.014024390243902563,0.011842105263157904,-0.050000000000000044,0.014285714285714277,-0.016666666666666663,0.034459459459459385,-0.06702127659574464,0.07499999999999996,0.03648648648648645,-0.10760869565217401,-0.06944444444444442,0.05555555555555558,-0.040909090909090895,-0.03888888888888892,-0.03662790697674423,0.061764705882352944,-0.006097560975609789,-0.03139534883720935,0.0,-0.008536585365853666,0.0,-0.00792682926829269,0.01944444444444446,-0.0596938775510204,-0.011904761904761918,0.0,-0.05277777777777781,-0.014024390243902563,-0.01904761904761909,0.0,-0.03611111111111115,0.0,-0.006707317073170793,-0.020454545454545447,-0.022674418604651192,0.030405405405405372,-0.015243902439024404,-0.03351063829787232,-0.03913043478260875,-0.0862745098039216,-0.016666666666666663,-0.05277777777777781,-0.022619047619047594,0.0,0.014102564102564052,0.0,0.0,-0.10416666666666663,0.1596774193548387,-0.04011627906976756,-0.010714285714285704,-0.02934782608695652,0.021774193548387097,-0.013953488372093065,-0.02790697674418613,0.041666666666666685,-0.007317073170731769,-0.06666666666666671,0.0714285714285714,0.05555555555555558,0.04459459459459447,1.0,-0.047727272727272785,-0.040909090909090895,0.0714285714285714,0.08333333333333331,0.019736842105263164,0.007692307692307665,0.0,-0.01036585365853665,0.007692307692307665,-0.004878048780487837,0.14224137931034475,-0.02790697674418613,0.08382352941176474,0.0,0.0,-0.022619047619047594,0.06617647058823528,-0.05957446808510641,-0.015243902439024404,0.057352941176470607,0.024324324324324298,-0.025000000000000022,-0.036363636363636376,-0.004878048780487837,-0.009146341463414698,-0.009756097560975674,-0.06428571428571428,-0.055555555555555636,-0.04011627906976756,-0.01097560975609757
0.012987012987012991,0.055361305361305346,0.055361305361305346,0.012684989429175397,0.03159645232815966,0.040792540792540743,0.0382483370288248,0.040909090909090895,0.039911308203991025,0.07177033492822965,-0.045454545454545525,0.08766233766233766,0.019480519480519487,0.10319410319410316,-0.04061895551257255,0.11103896103896105,0.0988943488943489,-0.027667984189723382,-0.011616161616161635,0.11616161616161624,0.0,-0.008080808080808133,0.010042283298097254,0.160427807486631,0.03159645232815966,0.011627906976744096,0.0636363636363636,0.03325942350332589,0.06590909090909092,0.016629711751662946,0.025252525252525262,-0.020871985157699446,0.012987012987012991,0.054545454545454564,-0.008080808080808133,0.03325942350332589,0.018398268398268414,0.022727272727272735,-0.008585858585858586,0.04318181818181821,0.016629711751662946,0.0,0.005285412262156425,0.06019656019656017,0.034922394678492286,-0.010154738878143138,-0.014822134387351749,-0.06862745098039214,0.007575757575757569,-0.008585858585858586,0.022727272727272763,0.034090909090909116,0.07867132867132864,0.03863636363636369,0.047727272727272785,-0.0378787878787879,0.14296187683284461,0.011099365750528556,0.021645021645021634,-0.01679841897233203,0.14296187683284461,0.009513742071881548,0.015327695560253596,0.14141414141414144,0.039911308203991025,-0.04924242424242431,0.10519480519480517,0.11111111111111116,0.1117936117936118,0.047727272727272785,1.0,0.0,0.1402597402597402,0.20151515151515154,0.1004784688995215,0.0611888111888112,0.0613636363636364,0.0382483370288248,0.040792540792540743,0.014966740576496662,0.2586206896551724,0.007928118393234651,0.0735294117647059,0.04318181818181821,0.0636363636363636,0.017316017316017285,0.08689839572192515,-0.018858800773694395,0.03159645232815966,0.0802139037433155,0.05159705159705158,-0.0060606060606061,0.0,0.014966740576496662,0.02161862527716185,0.01829268292682923,-0.025510204081632654,-0.006565656565656608,0.004756871035940774,0.019955654101995512
0.010822510822510817,0.029137529137529122,0.03205128205128205,0.004756871035940774,0.016629711751662946,0.0437062937062937,0.02161862527716185,0.022727272727272735,0.02161862527716185,0.04665071770334933,-0.024621212121212155,0.0701298701298701,0.019480519480519487,0.06019656019656017,-0.024661508704061863,0.05844155844155843,0.042997542997542965,-0.017786561264822143,-0.008080808080808133,0.04545454545454547,0.0,-0.011616161616161635,0.011099365750528556,0.0735294117647059,0.019955654101995512,0.011099365750528556,0.022727272727272735,0.019955654101995512,0.025000000000000022,0.0382483370288248,0.040404040404040414,-0.03710575139146566,0.015151515151515138,0.040909090909090895,-0.0121212121212122,0.016629711751662946,0.014069264069264065,0.036363636363636376,-0.010606060606060619,0.04545454545454547,0.02161862527716185,0.0,0.013742071881606699,0.05159705159705158,0.026607538802660702,-0.024661508704061863,-0.021739130434782594,-0.037433155080213915,0.015151515151515138,-0.005050505050505083,0.010822510822510817,0.0318181818181818,0.029137529137529122,0.02954545454545454,0.0318181818181818,-0.03977272727272724,0.14296187683284461,0.007928118393234651,0.014069264069264065,-0.010869565217391297,0.10483870967741937,0.009513742071881548,0.008456659619450246,0.03535353535353536,0.02494456762749442,-0.034090909090909116,0.07597402597402597,0.05555555555555558,0.06879606879606875,0.040909090909090895,0.0,1.0,0.07597402597402597,0.15909090909090912,0.035885167464114825,0.0437062937062937,0.025000000000000022,0.029933481152993324,0.037878787878787845,0.01829268292682923,0.1410658307210031,0.008985200845665953,0.09358288770053474,0.054545454545454564,0.025000000000000022,0.022727272727272763,0.053475935828877,-0.023210831721470038,0.019955654101995512,0.06684491978609627,0.04729729729729726,-0.005050505050505083,0.0,0.01829268292682923,0.04490022172949004,0.02161862527716185,-0.04174397031539889,-0.006565656565656608,0.009513742071881548,0.01829268292682923
-0.06190476190476191,-0.041025641025641046,-0.03516483516483515,-0.0903654485049834,-0.058536585365853655,-0.03516483516483515,-0.07108013937282232,-0.04999999999999999,-0.07944250871080138,-0.024812030075187952,-0.1470238095238095,0.0,-0.06666666666666665,-0.024710424710424728,-0.17507598784194522,0.0,-0.027799227799227832,-0.1708074534161491,-0.10158730158730161,-0.012698412698412653,-0.12857142857142856,-0.0888888888888889,-0.11162790697674418,0.00924369747899162,-0.050174216027874585,-0.06910299003322262,-0.0714285714285714,-0.0919860627177701,-0.060714285714285665,-0.050174216027874585,-0.004761904761904745,-0.048979591836734684,-0.05238095238095236,-0.0714285714285714,-0.10793650793650794,-0.07944250871080138,-0.0714285714285714,-0.04642857142857143,-0.0761904761904762,-0.0357142857142857,-0.03344947735191639,-0.08766233766233766,-0.04252491694352162,-0.012355212355212364,-0.07944250871080138,-0.05106382978723403,-0.09565217391304348,-0.15238095238095234,-0.042857142857142844,-0.06984126984126987,-0.08095238095238094,-0.04642857142857143,-0.046886446886446886,-0.03214285714285714,-0.04642857142857143,-0.12380952380952381,0.04055299539170509,-0.0903654485049834,-0.057142857142857106,-0.0888198757763975,0.03317972350230414,-0.06910299003322262,-0.10631229235880402,-0.016666666666666607,-0.07944250871080138,-0.17797619047619045,0.0,-0.01904761904761898,-0.04015444015444014,-0.0714285714285714,-0.1402597402597402,-0.07597402597402597,1.0,0.04285714285714287,-0.03834586466165413,-0.03516483516483515,-0.06785714285714284,-0.07944250871080138,-0.038095238095238126,-0.025087108013937293,0.0886699507389162,-0.06910299003322262,0.007563025210084062,-0.057142857142857106,-0.0714285714285714,-0.0714285714285714,0.00924369747899162,-0.12401215805471122,-0.07526132404181185,0.00420168067226892,-0.009266409266409259,-0.04444444444444445,-0.06428571428571428,-0.04181184668989549,-0.04181184668989549,-0.029268292682926828,-0.057142857142857134,-0.0761904761904762,-0.04784053156146181,-0.037630662020905925
-0.009523809523809525,-0.05384615384615388,-0.06923076923076926,-0.09069767441860468,-0.06260162601626018,-0.06153846153846154,-0.11626016260162603,-0.09166666666666667,-0.11626016260162603,-0.11228070175438593,-0.16250000000000003,-0.07142857142857145,-0.13333333333333336,-0.07567567567567568,-0.15673758865248227,-0.06190476190476191,-0.08828828828828833,-0.1507246376811594,-0.13333333333333336,-0.04999999999999999,-0.15909090909090912,-0.12222222222222229,-0.1410852713178295,-0.0862745098039216,-0.11626016260162603,-0.18139534883720937,-0.15833333333333333,-0.0804878048780488,-0.15000000000000002,-0.04471544715447155,-0.027777777777777762,-0.15510204081632653,-0.06666666666666668,-0.08333333333333331,-0.11111111111111113,-0.0804878048780488,-0.08571428571428572,-0.04166666666666666,-0.1777777777777778,-0.1416666666666666,-0.09837398373983747,-0.08484848484848484,-0.15116279069767447,-0.07567567567567568,-0.12520325203252036,-0.10851063829787233,-0.0927536231884058,-0.12352941176470589,-0.009523809523809525,-0.0888888888888889,-0.057142857142857134,-0.05833333333333335,-0.10769230769230775,-0.08333333333333331,-0.09166666666666667,-0.15000000000000002,-0.01290322580645159,-0.13100775193798453,-0.13333333333333336,-0.11594202898550723,-0.010752688172043001,-0.1410852713178295,-0.17131782945736435,-0.06666666666666665,-0.0804878048780488,-0.11250000000000002,-0.09047619047619049,-0.04999999999999999,-0.06306306306306309,-0.08333333333333331,-0.20151515151515154,-0.15909090909090912,-0.04285714285714287,1.0,-0.1473684210526316,-0.11538461538461542,-0.15000000000000002,-0.15203252032520326,-0.06923076923076926,-0.07154471544715449,0.01839080459770115,-0.07054263565891475,-0.039215686274509776,-0.125,-0.1333333333333333,-0.06666666666666668,-0.023529411764705882,-0.1205673758865248,-0.06260162601626018,-0.05882352941176472,-0.03783783783783784,-0.11111111111111113,-0.1803030303030303,-0.0894308943089431,-0.1609756097560976,-0.0894308943089431,-0.19387755102040816,-0.06666666666666668,-0.04031007751937986,-0.06260162601626018
-0.012531328320802004,-0.009446693657220007,-0.010121457489878583,-0.06425948592411268,-0.030808729139923052,-0.007422402159244279,-0.0423620025673942,-0.023684210526315808,-0.03465982028241338,0.0,-0.10416666666666669,0.03609022556390973,-0.03007518796992481,0.010668563300142209,-0.09070548712206045,0.03834586466165413,0.01564722617354186,-0.10983981693363853,-0.07368421052631585,0.024853801169590684,-0.08253588516746413,-0.05321637426900594,-0.0367197062423501,0.08049535603715163,-0.03465982028241338,-0.06731946144430856,-0.03289473684210531,-0.02888318356867786,-0.03157894736842104,-0.005776636713735572,0.0043859649122807015,-0.06498388829215898,-0.015037593984962405,-0.022368421052631537,-0.04502923976608192,-0.03273427471116819,-0.02506265664160401,-0.005263157894736845,-0.0491228070175439,-0.01842105263157895,-0.00962772785622594,-0.04665071770334933,-0.021419828641370875,0.00782361308677093,-0.03273427471116819,-0.02519596864501679,-0.03203661327231122,-0.08049535603715172,-0.015037593984962405,-0.0491228070175439,-0.03508771929824561,-0.01315789473684209,-0.014170040485830038,-0.02105263157894738,-0.02105263157894738,-0.08771929824561409,0.07724957555178263,-0.04589963280293763,-0.05012531328320802,-0.06407322654462244,0.07724957555178263,-0.04589963280293763,-0.06731946144430856,0.02777777777777779,-0.026957637997432615,-0.08771929824561409,0.03609022556390973,0.030701754385964897,0.014224751066856278,-0.019736842105263164,-0.1004784688995215,-0.035885167464114825,0.03834586466165413,0.1473684210526316,1.0,-0.014170040485830038,-0.03552631578947374,-0.04043645699614895,-0.006072874493927155,-0.015404364569961526,0.14700544464609794,-0.024479804161566754,0.027863777089783298,-0.025000000000000022,-0.03552631578947374,-0.017543859649122806,0.03095975232198145,-0.05543113101903696,-0.02888318356867786,0.02476780185758512,0.00284495021337125,-0.032748538011695943,-0.0430622009569378,-0.02310654685494229,-0.02310654685494229,-0.01732991014120669,-0.047261009667024706,-0.020467836257309954,-0.021419828641370875,-0.015404364569961526
-0.018315018315018305,0.0,0.0,-0.035778175313059046,-0.011257035647279534,0.0,-0.016260162601625994,-0.008974358974358942,-0.016260162601625994,0.01619433198380571,-0.09615384615384615,0.06739926739926738,-0.021978021978021955,0.01524601524601521,-0.05673758865248224,0.03223443223443223,0.02079002079002079,-0.058528428093645446,-0.05470085470085473,0.017094017094017117,-0.05244755244755239,-0.051282051282051266,-0.028622540250447248,0.0678733031674209,-0.03877423389618517,-0.06440071556350624,-0.01025641025641022,-0.011257035647279534,-0.009615384615384581,-0.010006253908692947,0.006410256410256415,-0.0575614861329147,-0.009157509157509153,-0.008333333333333304,-0.04444444444444445,-0.012507817385866177,-0.014652014652014655,-0.002564102564102555,-0.03076923076923077,-0.009615384615384581,-0.0037523452157598586,-0.07284382284382274,-0.031007751937984496,0.01108801108801108,-0.01375859912445282,-0.00872885979268958,-0.027313266443701217,-0.06636500754147812,-0.012820512820512803,-0.017094017094017103,-0.02014652014652013,-0.0064102564102563875,0.0,-0.007692307692307665,-0.01025641025641022,-0.0913461538461538,0.06617038875103393,-0.0405485986881336,-0.053113553113553036,-0.08193979933110368,0.14557485525227465,-0.0405485986881336,-0.035778175313059046,0.027777777777777846,-0.01375859912445282,-0.06730769230769229,0.02930402930402931,0.032051282051282104,0.013860013860013842,-0.007692307692307665,-0.0611888111888112,-0.0437062937062937,0.03516483516483515,0.11538461538461542,0.014170040485830038,1.0,-0.010897435897435859,-0.02751719824890564,0.0,-0.0050031269543464735,0.12378426171529622,-0.014311270125223624,0.0301659125188537,-0.01025641025641022,-0.012179487179487136,-0.018315018315018305,0.01508295625942685,-0.03055100927441351,-0.011257035647279534,0.018853695324283576,0.004158004158004158,-0.05470085470085473,-0.029137529137529122,-0.022514071294559068,-0.022514071294559068,-0.007504690431519717,-0.02616431187859758,-0.017094017094017103,-0.01669648181276087,-0.0050031269543464735
-0.011904761904761918,0.012820512820512775,0.007692307692307665,-0.03488372093023262,-0.0128048780487805,0.007051282051282026,-0.01585365853658538,0.0,-0.0128048780487805,0.022368421052631537,-0.09166666666666673,0.04642857142857143,-0.016666666666666663,0.04054054054054046,-0.08191489361702131,0.0714285714285714,0.046621621621621534,-0.08478260869565213,-0.058333333333333404,0.05277777777777781,-0.047727272727272785,-0.030555555555555614,-0.026162790697674465,0.10588235294117643,-0.008536585365853666,-0.033139534883720956,0.0,-0.01097560975609757,0.0,-0.0024390243902439185,0.022222222222222227,-0.06887755102040816,-0.010714285714285704,0.0,-0.03611111111111115,-0.01036585365853665,-0.023809523809523836,0.0,-0.030555555555555614,0.0,-0.005487804878048785,-0.0318181818181818,-0.01744186046511631,0.03648648648648645,-0.014634146341463539,-0.03351063829787232,-0.026086956521739146,-0.07549019607843138,-0.008333333333333331,-0.047222222222222276,-0.021428571428571408,0.0,0.01538461538461533,0.0,0.0,-0.06666666666666671,0.13064516129032255,-0.033139534883720956,-0.01904761904761909,-0.042391304347826064,0.08709677419354839,-0.020930232558139583,-0.03837209302325595,0.05277777777777781,-0.00792682926829269,-0.06666666666666671,0.060714285714285665,0.05833333333333335,0.04459459459459447,0.0,-0.0613636363636364,-0.025000000000000022,0.06785714285714284,0.15000000000000002,0.03552631578947374,0.010897435897435859,1.0,-0.0128048780487805,0.007051282051282026,-0.005487804878048785,0.18017241379310334,-0.01744186046511631,0.06617647058823528,0.0,0.0,-0.013095238095238104,0.07058823529411762,-0.07446808510638298,-0.011585365853658547,0.052941176470588214,0.010135135135135115,-0.022222222222222254,-0.0318181818181818,-0.006707317073170793,-0.009146341463414698,-0.01036585365853665,-0.06428571428571428,-0.04444444444444451,-0.019186046511627974,-0.008536585365853666
-0.005226480836236919,0.022514071294559068,0.02126328955597251,-0.019285309132161088,0.0,0.020012507817385894,0.0,0.009756097560975674,0.0,0.03465982028241338,-0.06758130081300812,0.08362369337979098,-0.008710801393728151,0.050098879367172056,-0.05604566683964707,0.06271777003484325,0.050098879367172056,-0.05567338282078477,-0.04769647696476964,0.03387533875338758,-0.03325942350332589,-0.03252032520325199,-0.024957458876914362,0.09540889526542329,0.0,-0.029495178672717004,0.014024390243902563,0.0,0.01097560975609757,0.0,0.013550135501355032,-0.04380288700846188,-0.005807200929152129,0.009146341463414698,-0.036856368563685626,0.0,-0.006387921022067311,0.005487804878048785,-0.036856368563685626,0.009146341463414698,0.0,-0.03325942350332589,-0.020419739081111776,0.03691496374423203,0.0,-0.0311364815775817,-0.037115588547189826,-0.05738880918220943,-0.0034843205574912606,-0.026016260162601612,-0.005226480836236919,0.008536585365853666,0.01751094434021261,0.008536585365853666,0.012195121951219579,-0.06758130081300812,0.11014948859166013,-0.02268859897901304,-0.010452961672473837,-0.04772004241781547,0.1180173092053502,-0.019285309132161088,-0.02155416903006241,0.060975609756097615,0.0,-0.06758130081300812,0.050174216027874585,0.06775067750677516,0.044825313117996035,0.01036585365853665,-0.0382483370288248,-0.029933481152993324,0.07944250871080138,0.15203252032520326,0.04043645699614895,0.02751719824890564,0.0128048780487805,1.0,0.007504690431519717,0.0,0.15138772077375945,-0.006806579693703907,0.0853658536585366,0.011585365853658547,0.013414634146341586,-0.0046457607433217085,0.040172166427546646,-0.04047742605085625,0.0,0.04519368723098999,0.010547132498352013,-0.015176151761517626,-0.02494456762749442,0.0,0.0,0.0,-0.03982080637132898,-0.017344173441734417,-0.01134429948950652,0.0
-0.02930402930402931,0.0,0.0,-0.014311270125223624,-0.006253908692933088,0.0,-0.010006253908692947,-0.0038461538461538325,-0.010006253908692947,0.005398110661268579,-0.07211538461538458,0.014652014652014655,-0.02380952380952378,0.01108801108801108,-0.05673758865248224,0.02637362637362639,0.01108801108801108,-0.04682274247491641,-0.02393162393162393,0.023504273504273532,-0.03205128205128205,-0.041025641025641046,-0.031007751937984496,0.0301659125188537,-0.006253908692933088,-0.021466905187835422,-0.005769230769230749,-0.01375859912445282,-0.008333333333333304,-0.01375859912445282,0.042735042735042805,-0.0994243851386708,-0.016483516483516453,-0.0064102564102563875,-0.041025641025641046,-0.012507817385866177,-0.02380952380952378,-0.010897435897435859,-0.051282051282051266,-0.009615384615384581,-0.020012507817385894,-0.023310023310023298,-0.02623732856291,0.01108801108801108,-0.011257035647279534,-0.0654664484451718,-0.04682274247491641,-0.10256410256410253,-0.021978021978021955,-0.04786324786324786,-0.025641025641025605,-0.005769230769230749,0.0,-0.0038461538461538325,-0.004487179487179471,-0.04807692307692307,0.03308519437551696,-0.014311270125223624,-0.018315018315018305,-0.04682274247491641,0.03970223325062036,-0.03339296362552174,-0.031007751937984496,0.021367521367521403,-0.015009380863039434,-0.06730769230769229,0.041025641025641046,0.021367521367521403,0.02079002079002079,-0.007692307692307665,-0.040792540792540743,-0.037878787878787845,0.038095238095238126,0.06923076923076926,0.006072874493927155,0.0,-0.007051282051282026,-0.007504690431519717,1.0,-0.025015634771732354,0.10610079575596815,-0.04531902206320809,0.0301659125188537,-0.005769230769230749,-0.007692307692307665,-0.025641025641025605,0.03393665158371045,-0.0654664484451718,-0.01375859912445282,0.052790346907994,0.01524601524601521,-0.03760683760683764,-0.05244755244755239,-0.01375859912445282,-0.015009380863039434,-0.01876172607879928,-0.10465724751439032,-0.06837606837606841,-0.03339296362552174,-0.01751094434021261
-0.010452961672473837,0.015009380863039434,0.008755472170106304,-0.013613159387407814,0.0,0.010006253908692947,0.0,0.006707317073170793,0.0,0.00962772785622594,-0.02489837398373984,0.016724738675958195,-0.005807200929152129,0.02900461437046803,-0.03425012973533986,0.03344947735191639,0.018457481872116016,-0.02120890774125131,-0.026016260162601612,0.03387533875338758,-0.009977827050997756,-0.017344173441734417,-0.007941009642654567,0.035150645624103305,0.0,-0.006806579693703907,0.006097560975609789,0.0,0.006097560975609789,0.0,0.06436314363143636,-0.11548033847685402,-0.005226480836236919,0.007317073170731769,-0.019512195121951237,0.0,-0.008710801393728151,0.01097560975609757,-0.036856368563685626,0.006707317073170793,0.0,-0.013303769401330351,-0.01134429948950652,0.03691496374423203,0.0,-0.06538661131292162,-0.04241781548250262,-0.07173601147776176,-0.008130081300812997,-0.036856368563685626,-0.011033681765389047,0.008536585365853666,0.01375859912445282,0.009146341463414698,0.006707317073170793,-0.02489837398373984,0.07081038552321006,-0.01134429948950652,-0.004065040650406498,-0.013255567338282065,0.00786782061369001,-0.01134429948950652,-0.013613159387407814,0.030487804878048808,0.0,-0.03912601626016257,0.04599303135888505,0.020325203252032548,0.02900461437046803,0.004878048780487837,-0.014966740576496662,-0.01829268292682923,0.025087108013937293,0.07154471544715449,0.015404364569961526,0.0050031269543464735,0.005487804878048785,0.0,0.025015634771732354,1.0,0.06055508830950379,-0.019285309132161088,0.06025824964131998,0.005487804878048785,0.005487804878048785,-0.007549361207897787,0.0652797704447633,-0.0622729631551634,0.0,0.06025824964131998,0.04218852999340805,-0.04769647696476964,-0.03325942350332589,0.0,0.0,0.0,-0.09955201592832252,-0.04336043360433606,-0.014747589336358502,0.0
-0.05336617405582922,-0.10610079575596815,-0.05305039787798407,-0.16840417000801922,-0.11101766190075696,-0.07073386383731212,-0.15138772077375945,-0.14224137931034475,-0.15138772077375945,-0.09800362976406529,-0.16379310344827586,-0.05320197044334973,-0.1280788177339901,-0.07455731593662629,-0.19809244314013197,-0.09458128078817735,-0.11183597390493938,-0.2548725637181409,-0.12260536398467434,-0.11398467432950182,-0.16457680250783696,-0.1103448275862069,-0.1459502806736167,-0.0963488843813386,-0.09083263246425566,-0.19085805934242178,-0.19913793103448263,-0.14129520605550883,-0.20862068965517233,-0.050462573591253154,-0.033524904214559365,-0.12667135819845177,-0.07471264367816091,-0.16120689655172404,-0.13486590038314178,-0.1715727502102607,-0.138752052545156,-0.06637931034482758,-0.12260536398467434,-0.10431034482758617,-0.07064760302775441,-0.08228840125391848,-0.10104250200481155,-0.1043802423112768,-0.19175777964676188,-0.066030814380044,-0.11469265367316339,-0.20824881676808654,-0.032019704433497526,-0.1471264367816092,-0.11740558292282427,-0.10431034482758617,-0.15915119363395225,-0.10431034482758617,-0.10431034482758617,-0.15014367816091953,-0.02892102335928809,-0.1459502806736167,-0.1280788177339901,-0.14017991004497748,-0.013348164627363712,-0.1347233360064154,-0.17963111467522058,-0.10727969348659,-0.08074011774600506,-0.15014367816091953,-0.08275862068965517,-0.10727969348659,-0.14165890027958983,-0.14224137931034475,-0.2586206896551724,-0.1410658307210031,-0.0886699507389162,-0.01839080459770115,-0.14700544464609794,-0.12378426171529622,-0.18017241379310334,-0.15138772077375945,-0.10610079575596815,-0.06055508830950379,1.0,-0.1347233360064154,-0.05578093306288029,-0.17068965517241375,-0.22758620689655162,-0.14942528735632182,-0.05578093306288029,-0.19809244314013197,-0.16148023549201013,-0.05578093306288029,-0.0521901211556384,-0.0735632183908046,-0.1410658307210031,-0.07064760302775441,-0.11101766190075696,-0.11101766190075696,-0.1407459535538353,-0.13486590038314178,-0.044907778668805146,-0.08074011774600506
0.009966777408637939,0.021466905187835422,0.007155635062611812,0.0,0.007941009642654567,0.007155635062611812,0.009075439591605228,0.010465116279069792,0.009075439591605228,0.024479804161566754,-0.03391472868217055,0.02126245847176081,0.009413067552602461,0.030169704588309254,-0.03562592775853529,0.06910299003322262,0.03771213073538654,-0.0227502527805864,-0.00826873385012919,0.08139534883720939,-0.0068710359408033495,-0.013436692506459957,0.0,0.049247606019151874,0.009075439591605228,0.0,0.01744186046511631,0.010209869540555888,0.022674418604651192,0.015882019285309135,0.07235142118863058,-0.05980066445182719,0.008305647840531616,0.03139534883720935,-0.014470284237726116,0.020419739081111776,0.009413067552602461,0.03662790697674423,-0.018604651162790697,0.0244186046511628,0.019285309132161088,-0.005285412262156425,0.0,0.04148334380892521,0.013613159387407814,-0.03760514596734282,-0.025783619817997983,-0.07295941632466935,0.007751937984496138,-0.020671834625323016,0.006644518272425293,0.015697674418604673,0.021466905187835422,0.013953488372093065,0.013953488372093065,-0.024224806201550375,0.06301575393848463,0.0,0.0033222591362126463,-0.015166835187057609,0.027006751687921993,0.0,0.0,0.040697674418604696,0.018150879183210455,-0.03391472868217055,0.05847176079734223,0.03617571059431529,0.06033940917661851,0.02790697674418613,-0.007928118393234651,-0.008985200845665953,0.06910299003322262,0.07054263565891475,0.024479804161566754,0.014311270125223624,0.01744186046511631,0.006806579693703907,0.04531902206320809,0.019285309132161088,0.1347233360064154,1.0,0.06155950752393985,0.0244186046511628,0.01744186046511631,0.01439645625692143,0.09233926128590975,-0.033646709549727816,0.02382302892796373,0.1231190150478797,0.05279698302954117,-0.013436692506459957,-0.008985200845665953,0.014747589336358502,0.019285309132161088,0.014747589336358502,-0.06549596582819167,-0.026873385012919915,0.0,0.02382302892796373
-0.05602240896358546,-0.0641025641025641,-0.04147812971342385,-0.055403556771545875,-0.07532281205164998,-0.0603318250377074,-0.10043041606886666,-0.0794117647058824,-0.0853658536585366,-0.01238390092879256,-0.05147058823529413,-0.005042016806722699,-0.0392156862745098,-0.03338632750397458,-0.08948685857321653,-0.012605042016806733,-0.02146263910969798,-0.13043478260869568,-0.11503267973856213,-0.01633986928104575,-0.04010695187165775,-0.0431372549019608,-0.08618331053351574,0.0,-0.035150645624103305,-0.09233926128590975,-0.07499999999999996,-0.05021520803443333,-0.061764705882352944,-0.05523672883787667,-0.019607843137254888,-0.15306122448979592,-0.05602240896358546,-0.030882352941176472,-0.07908496732026149,-0.07532281205164998,-0.07282913165266108,-0.061764705882352944,-0.12941176470588245,-0.04411764705882354,-0.07030129124820661,-0.0735294117647059,-0.1046511627906977,-0.05961844197138322,-0.1305595408895266,-0.11389236545682102,-0.06905370843989772,-0.06862745098039216,-0.050420168067226906,-0.11503267973856213,-0.05602240896358546,-0.07058823529411762,-0.0490196078431373,-0.057352941176470607,-0.08823529411764708,-0.12867647058823528,0.054079696394686905,-0.1354309165526677,-0.02801120448179273,-0.07672634271099746,0.005692599620493358,-0.030779753761969925,-0.06771545827633385,-0.011437908496732013,-0.03012912482065999,-0.06862745098039216,-0.012605042016806733,-0.01470588235294118,-0.02623211446740864,-0.08382352941176474,-0.0735294117647059,-0.09358288770053474,-0.007563025210084062,0.039215686274509776,-0.027863777089783298,-0.0301659125188537,-0.06617647058823528,-0.0853658536585366,-0.0301659125188537,-0.06025824964131998,0.05578093306288029,-0.06155950752393985,1.0,-0.08382352941176474,-0.06617647058823528,-0.0784313725490196,0.0,-0.14643304130162704,-0.0853658536585366,0.0,-0.02384737678855331,-0.07908496732026149,-0.1002673796791444,-0.04519368723098999,-0.07532281205164998,-0.11549497847919665,-0.1620648259303722,-0.10065359477124186,-0.09849521203830375,-0.0652797704447633
-0.008333333333333331,0.010897435897435859,0.008333333333333304,-0.029651162790697738,-0.009146341463414698,0.01025641025641022,-0.014024390243902563,0.0,-0.0128048780487805,0.01578947368421052,-0.050000000000000044,0.028571428571428553,-0.015476190476190477,0.024324324324324298,-0.06702127659574464,0.06428571428571428,0.03648648648648645,-0.08152173913043481,-0.055555555555555636,0.041666666666666685,-0.02954545454545454,-0.058333333333333404,-0.03139534883720935,0.0794117647058824,-0.006707317073170793,-0.033139534883720956,0.0,-0.009146341463414698,0.0,-0.00792682926829269,0.013888888888888895,-0.06887755102040816,-0.011904761904761918,0.0,-0.06111111111111123,-0.011585365853658547,-0.01785714285714285,0.0,-0.047222222222222276,0.0,-0.007317073170731769,-0.027272727272727282,-0.04011627906976756,0.03851351351351351,-0.014024390243902563,-0.04840425531914894,-0.03913043478260875,-0.0647058823529412,-0.009523809523809545,-0.041666666666666685,-0.011904761904761918,0.0,0.012820512820512775,0.0,0.0,-0.07916666666666666,0.17419354838709677,-0.03837209302325595,-0.015476190476190477,-0.03913043478260875,0.043548387096774194,-0.0244186046511628,-0.03139534883720935,0.03888888888888892,-0.005487804878048785,-0.07500000000000001,0.060714285714285665,0.050000000000000044,0.03851351351351351,0.0,-0.04318181818181821,-0.054545454545454564,0.057142857142857106,0.125,0.025000000000000022,0.01025641025641022,0.0,-0.011585365853658547,0.005769230769230749,-0.005487804878048785,0.17068965517241375,-0.0244186046511628,0.08382352941176474,1.0,0.0,-0.021428571428571408,0.07058823529411762,-0.08191489361702131,-0.012195121951219579,0.052941176470588214,0.01621621621621619,-0.027777777777777818,-0.04545454545454547,-0.005487804878048785,-0.013414634146341586,-0.009756097560975674,-0.06887755102040816,-0.041666666666666685,-0.020930232558139583,-0.006707317073170793
-0.013095238095238104,0.012820512820512775,0.008333333333333304,-0.04011627906976756,-0.0128048780487805,0.009615384615384581,-0.015243902439024404,0.0,-0.014634146341463539,0.022368421052631537,-0.0625,0.042857142857142816,-0.01428571428571429,0.03243243243243238,-0.07446808510638298,0.08214285714285707,0.05067567567567566,-0.09130434782608698,-0.058333333333333404,0.05555555555555558,-0.04545454545454547,-0.03333333333333338,-0.03139534883720935,0.10588235294117643,-0.008536585365853666,-0.03837209302325595,0.0,-0.01097560975609757,0.0,-0.0036585365853658847,0.013888888888888895,-0.05510204081632655,-0.009523809523809545,0.0,-0.041666666666666685,-0.0128048780487805,-0.01785714285714285,0.0,-0.03333333333333338,0.0,-0.004268292682926833,-0.02954545454545454,-0.013953488372093065,0.034459459459459385,-0.014024390243902563,-0.018617021276595744,-0.03260869565217392,-0.0862745098039216,-0.004761904761904773,-0.041666666666666685,-0.021428571428571408,0.0,0.01538461538461533,0.0,0.0,-0.07916666666666666,0.11612903225806448,-0.033139534883720956,-0.01904761904761909,-0.048913043478260865,0.05806451612903224,-0.020930232558139583,-0.03488372093023262,0.061111111111111116,-0.006097560975609789,-0.06666666666666671,0.060714285714285665,0.06666666666666665,0.04459459459459447,0.0,-0.0636363636363636,-0.025000000000000022,0.0714285714285714,0.1333333333333333,0.03552631578947374,0.012179487179487136,0.0,-0.013414634146341586,0.007692307692307665,-0.005487804878048785,0.22758620689655162,-0.01744186046511631,0.06617647058823528,0.0,1.0,-0.01904761904761909,0.052941176470588214,-0.05212765957446808,-0.0128048780487805,0.04411764705882354,0.02027027027027023,-0.025000000000000022,-0.02954545454545454,-0.006097560975609789,-0.00792682926829269,-0.00792682926829269,-0.050510204081632676,-0.03333333333333338,-0.013953488372093065,-0.006707317073170793
0.0,0.02747252747252743,0.018315018315018305,-0.009413067552602461,0.007549361207897787,0.02380952380952378,0.009291521486643417,0.016666666666666663,0.007549361207897787,0.02756892230576441,-0.03273809523809526,0.014285714285714277,0.0,0.04504504504504503,-0.0557244174265451,0.0761904761904762,0.04826254826254822,-0.041407867494824,-0.023809523809523836,0.07142857142857145,-0.012987012987012991,-0.03333333333333338,-0.01218161683277974,0.050420168067226906,0.005226480836236919,-0.005537098560354392,0.015476190476190477,0.008710801393728151,0.015476190476190477,0.009872241579558627,0.04365079365079366,-0.05782312925170069,0.0,0.02619047619047621,-0.03968253968253965,0.011033681765389047,0.0,0.027380952380952395,-0.025396825396825418,0.020238095238095277,0.009291521486643417,-0.010822510822510817,-0.008859357696567038,0.03539253539253534,0.007549361207897787,-0.03292806484295846,-0.049689440993788914,-0.09243697478991597,0.0,-0.022222222222222254,0.0,0.020238095238095277,0.02747252747252743,0.01785714285714285,0.01904761904761909,-0.0535714285714286,0.1098310291858679,-0.009413067552602461,0.0,-0.022774327122153215,0.02534562211981567,-0.007198228128460715,-0.009413067552602461,0.059523809523809534,0.010452961672473837,-0.06547619047619052,0.047619047619047616,0.05555555555555558,0.057915057915057855,0.022619047619047594,-0.017316017316017285,-0.022727272727272763,0.0714285714285714,0.06666666666666668,0.017543859649122806,0.018315018315018305,0.013095238095238104,0.0046457607433217085,0.025641025641025605,0.007549361207897787,0.14942528735632182,-0.01439645625692143,0.0784313725490196,0.021428571428571408,0.01904761904761909,1.0,0.05602240896358546,-0.05065856129685914,0.011033681765389047,0.06162464985994398,0.04826254826254822,-0.023809523809523836,-0.018398268398268414,0.0046457607433217085,0.009872241579558627,0.006387921022067311,-0.06462585034013607,-0.03968253968253965,-0.008859357696567038,0.009872241579558627
-0.044817927170868355,-0.04524886877828055,-0.018853695324283576,-0.09233926128590975,-0.0652797704447633,-0.022624434389140274,-0.07532281205164998,-0.052941176470588214,-0.07030129124820661,-0.018575851393188847,-0.12009803921568629,-0.001680672268907564,-0.0784313725490196,-0.02146263910969798,-0.1382978723404255,-0.010924369747899176,-0.03577106518282991,-0.11508951406649615,-0.09346405228758176,-0.02941176470588236,-0.06684491978609627,-0.05751633986928106,-0.055403556771545875,0.0,-0.020086083213773323,-0.049247606019151874,-0.07499999999999996,-0.0853658536585366,-0.08823529411764708,-0.035150645624103305,-0.013071895424836583,-0.09903961584633855,-0.050420168067226906,-0.061764705882352944,-0.05751633986928106,-0.10043041606886666,-0.14565826330532217,-0.03529411764705881,-0.10065359477124186,-0.03529411764705881,-0.10545193687230991,-0.0267379679144385,-0.04309165526675787,-0.04292527821939596,-0.0853658536585366,-0.14643304130162704,-0.09974424552429667,-0.16666666666666663,-0.0672268907563025,-0.21568627450980393,-0.10084033613445381,-0.06617647058823528,-0.0565610859728507,-0.06617647058823528,-0.0397058823529412,-0.07720588235294121,0.03984819734345352,-0.06771545827633385,-0.0392156862745098,-0.03836317135549873,0.002846299810246679,-0.055403556771545875,-0.049247606019151874,-0.01470588235294118,-0.04519368723098999,-0.08578431372549022,-0.00924369747899162,-0.01633986928104575,-0.03338632750397458,-0.06617647058823528,-0.08689839572192515,-0.053475935828877,-0.00924369747899162,0.023529411764705882,-0.03095975232198145,-0.01508295625942685,-0.07058823529411762,-0.040172166427546646,-0.03393665158371045,-0.0652797704447633,0.05578093306288029,-0.09233926128590975,0.0,-0.07058823529411762,-0.052941176470588214,-0.05602240896358546,1.0,-0.2115143929912391,-0.09038737446197997,0.0,-0.031001589825119247,-0.07908496732026149,-0.106951871657754,-0.03012912482065999,-0.035150645624103305,-0.10043041606886666,-0.1710684273709484,-0.14379084967320271,-0.06771545827633385,-0.12553802008608328
0.04305977710233028,0.07419530823786141,0.03927986906710307,0.031667491340920284,0.052932018681888904,0.04800872885979268,0.05604566683964707,0.07074468085106378,0.052932018681888904,0.03527435610302351,-0.007092198581560294,0.02917933130699088,0.04559270516717323,0.08050603795284644,0.0,0.12401215805471122,0.09200690051753879,0.007863089731729833,0.014184397163120532,0.11052009456264777,0.013056092843326872,0.014184397163120532,0.039584364176150355,0.10575719649561954,0.02490918526206537,0.023750618505690213,0.07819148936170212,0.08406850025947066,0.07446808510638298,0.04981837052413074,0.0975177304964539,-0.018237082066869303,0.04559270516717323,0.06702127659574464,0.017966903073285967,0.06538661131292162,0.07345491388044578,0.07446808510638298,0.017966903073285967,0.06702127659574464,0.07161390762843789,0.015957446808510634,0.03562592775853529,0.12650948821161578,0.07784120394395422,0.0,0.010638297872340385,-0.041718815185648794,0.035460992907801414,0.023640661938534202,0.04559270516717323,0.08191489361702131,0.08292416803055092,0.06329787234042555,0.044680851063829796,-0.005319148936170248,0.1976664378860672,0.039584364176150355,0.030395136778115506,0.0046253469010175685,0.032944406314344546,0.033646709549727816,0.031667491340920284,0.0975177304964539,0.03425012973533986,-0.008421985815602884,0.08024316109422491,0.0975177304964539,0.10350776308223109,0.05957446808510641,0.018858800773694395,0.023210831721470038,0.12401215805471122,0.1205673758865248,0.05543113101903696,0.03055100927441351,0.07446808510638298,0.04047742605085625,0.0654664484451718,0.0622729631551634,0.19809244314013197,0.033646709549727816,0.14643304130162704,0.08191489361702131,0.05212765957446808,0.05065856129685914,0.2115143929912391,1.0,0.0622729631551634,0.13016270337922403,0.09775733179988494,0.012293144208037787,0.03336557059961309,0.03736377789309803,0.04670472236637252,0.07161390762843789,-0.02518454190186714,0.027423167848699692,0.025729836714497745,0.0622729631551634
-0.008130081300812997,0.020012507817385894,0.011257035647279534,-0.017016449234259767,0.0,0.01375859912445282,0.0,0.0128048780487805,0.0,0.013478818998716308,-0.03912601626016257,0.004181184668989549,-0.005226480836236919,0.02900461437046803,-0.04670472236637252,0.07944250871080138,0.03427818061964405,-0.06362672322375396,-0.03252032520325199,0.08807588075880768,-0.023281596452328135,-0.019512195121951237,-0.018150879183210455,0.07532281205164998,0.0,-0.018150879183210455,0.011585365853658547,0.0,0.014634146341463539,0.0,0.03387533875338758,-0.06769537083125932,-0.006387921022067311,0.0128048780487805,-0.03252032520325199,0.0,-0.012195121951219523,0.006097560975609789,-0.02384823848238482,0.004268292682926833,0.0,-0.01829268292682923,-0.012478729438457181,0.05273566249176004,0.0,-0.028022833419823534,-0.029162248144220526,-0.08608321377331418,-0.010452961672473837,-0.04769647696476964,-0.008130081300812997,0.009756097560975674,0.020012507817385894,0.007317073170731769,0.009146341463414698,-0.06046747967479671,0.12588512981904015,-0.020419739081111776,-0.0029036004645760644,-0.034464475079533374,0.00786782061369001,-0.0034032898468519535,-0.01134429948950652,0.03726287262872635,0.0,-0.046239837398374006,0.05435540069686412,0.04742547425474258,0.05800922874093606,0.015243902439024404,-0.03159645232815966,-0.019955654101995512,0.07526132404181185,0.06260162601626018,0.02888318356867786,0.011257035647279534,0.011585365853658547,0.0,0.01375859912445282,0.0,0.16148023549201013,-0.02382302892796373,0.0853658536585366,0.012195121951219579,0.0128048780487805,-0.011033681765389047,0.09038737446197997,-0.0622729631551634,1.0,0.07532281205164998,0.02900461437046803,-0.019512195121951237,-0.02161862527716185,0.0,0.0,0.0,-0.047784967645594784,-0.04336043360433606,-0.02155416903006241,0.0
-0.02801120448179273,-0.03393665158371045,-0.007541478129713425,-0.055403556771545875,-0.040172166427546646,-0.022624434389140274,-0.06025824964131998,-0.04411764705882354,-0.05523672883787667,-0.02476780185758512,-0.10294117647058826,-0.007563025210084062,-0.0672268907563025,-0.02146263910969798,-0.08948685857321653,-0.010084033613445398,-0.02623211446740864,-0.061381074168797956,-0.06470588235294122,-0.01797385620915032,-0.06016042780748665,-0.05032679738562093,-0.0800273597811218,0.0,-0.03012912482065999,-0.0800273597811218,-0.061764705882352944,-0.03012912482065999,-0.07499999999999996,-0.035150645624103305,-0.021241830065359457,-0.13505402160864344,-0.05602240896358546,-0.030882352941176472,-0.0431372549019608,-0.0652797704447633,-0.08403361344537813,-0.048529411764705876,-0.13660130718954255,-0.0794117647058824,-0.11047345767575334,-0.03342245989304814,-0.1046511627906977,-0.04054054054054057,-0.07532281205164998,-0.1382978723404255,-0.06905370843989772,-0.12745098039215685,-0.0392156862745098,-0.14379084967320271,-0.02801120448179273,-0.03529411764705881,-0.03393665158371045,-0.0397058823529412,-0.0397058823529412,-0.06862745098039216,0.034155597722960174,-0.06155950752393985,-0.03361344537815125,-0.07672634271099746,0.011385199240986715,-0.06771545827633385,-0.0369357045143639,-0.011437908496732013,-0.035150645624103305,-0.03431372549019608,-0.015966386554621903,-0.004901960784313722,-0.01669316375198729,-0.057352941176470607,-0.0802139037433155,-0.06684491978609627,-0.00420168067226892,0.05882352941176472,-0.02476780185758512,-0.018853695324283576,-0.052941176470588214,-0.04519368723098999,-0.052790346907994,-0.06025824964131998,0.05578093306288029,-0.1231190150478797,0.0,-0.052941176470588214,-0.04411764705882354,-0.06162464985994398,0.0,-0.13016270337922403,-0.07532281205164998,1.0,-0.03338632750397458,-0.09346405228758176,-0.15374331550802145,-0.040172166427546646,-0.08034433285509329,-0.09540889526542329,-0.23409363745498202,-0.12941176470588245,-0.06155950752393985,-0.10545193687230991
-0.05148005148005147,-0.02079002079002079,-0.012474012474012475,-0.06411062225015712,-0.050098879367172056,-0.016632016632016633,-0.02636783124588002,-0.030405405405405372,-0.03164139749505607,-0.004267425320056889,-0.061936936936936915,0.007722007722007734,-0.05148005148005147,0.0,-0.09775733179988494,0.012355212355212364,0.0,-0.04759106933019974,-0.06246246246246251,0.006756756756756799,-0.0558968058968059,-0.06246246246246251,-0.05279698302954117,0.00953895071542131,-0.010547132498352013,-0.03771213073538654,-0.02027027027027023,-0.02900461437046803,-0.02027027027027023,-0.05273566249176004,0.00975975975975979,-0.066188637617209,-0.05469755469755466,-0.02027027027027023,-0.05765765765765768,-0.02900461437046803,-0.03861003861003859,-0.03648648648648645,-0.09129129129129132,-0.028378378378378366,-0.044825313117996035,-0.02579852579852579,-0.0339409176618479,0.0,-0.03164139749505607,-0.08050603795284644,-0.11633372502937711,-0.1335453100158982,-0.03217503217503215,-0.07687687687687689,-0.05469755469755466,-0.030405405405405372,-0.023562023562023526,-0.03851351351351351,-0.02635135135135136,-0.07432432432432434,0.04707933740191805,-0.03771213073538654,-0.03217503217503215,-0.05287896592244415,0.020924149956408025,-0.06033940917661851,-0.04148334380892521,0.00975975975975979,-0.04218852999340805,-0.08051801801801806,0.013899613899613916,0.006756756756756799,0.0,-0.024324324324324298,-0.05159705159705158,-0.04729729729729726,0.009266409266409259,0.03783783783783784,-0.00284495021337125,-0.004158004158004158,-0.010135135135135115,-0.010547132498352013,-0.01524601524601521,-0.04218852999340805,0.0521901211556384,-0.05279698302954117,0.02384737678855331,-0.01621621621621619,-0.02027027027027023,-0.04826254826254822,0.031001589825119247,-0.09775733179988494,-0.02900461437046803,0.03338632750397458,1.0,-0.08168168168168166,-0.09459459459459452,-0.01318391562294001,-0.018457481872116016,-0.03164139749505607,-0.12575841147269717,-0.08168168168168166,-0.05279698302954117,-0.04218852999340805
0.023809523809523836,0.034188034188034205,0.04786324786324786,0.012403100775193798,0.026016260162601612,0.03760683760683764,0.03035230352303525,0.030555555555555614,0.02384823848238482,0.06140350877192985,-0.018055555555555547,0.0888888888888889,0.020634920634920673,0.04804804804804805,-0.010401891252955042,0.05714285714285716,0.06246246246246251,-0.004347826086956497,0.0,0.03888888888888892,0.005050505050505083,0.0,0.00826873385012919,0.07189542483660136,0.045528455284552904,0.013436692506459957,0.03888888888888892,0.019512195121951237,0.027777777777777818,0.02168021680216803,0.08333333333333337,-0.039909297052154125,0.01904761904761909,0.025000000000000022,0.0,0.019512195121951237,0.01904761904761909,0.047222222222222276,0.0,0.041666666666666685,0.034688346883468835,0.010606060606060619,0.01550387596899222,0.06726726726726728,0.017344173441734417,-0.01323877068557916,-0.005797101449275366,-0.04705882352941171,0.014285714285714318,0.0,0.028571428571428636,0.041666666666666685,0.041025641025641046,0.04444444444444451,0.047222222222222276,-0.01944444444444443,0.11039426523297496,0.01653746770025838,0.0317460317460318,-0.006280193236714915,0.13046594982078857,0.013436692506459957,0.010335917312661508,0.050000000000000044,0.02384823848238482,-0.018055555555555547,0.0761904761904762,0.050000000000000044,0.02882882882882884,0.025000000000000022,0.0060606060606061,0.005050505050505083,0.04444444444444445,0.11111111111111113,0.032748538011695943,0.05470085470085473,0.022222222222222254,0.015176151761517626,0.03760683760683764,0.04769647696476964,0.0735632183908046,0.013436692506459957,0.07908496732026149,0.027777777777777818,0.025000000000000022,0.023809523809523836,0.07908496732026149,-0.012293144208037787,0.019512195121951237,0.09346405228758176,0.08168168168168166,1.0,0.008585858585858586,0.04769647696476964,0.036856368563685626,0.03252032520325199,-0.03265306122448974,0.0,0.012403100775193798,0.02818428184281846
0.012987012987012991,0.03496503496503495,0.03205128205128205,0.007399577167019,0.02161862527716185,0.037878787878787845,0.026607538802660702,0.034090909090909116,0.02827050997782704,0.0430622009569378,-0.03030303030303033,0.07597402597402597,0.022727272727272763,0.07309582309582308,-0.03046421663442933,0.0701298701298701,0.06019656019656017,-0.013833992094861691,-0.007575757575757569,0.050505050505050525,0.0,-0.009595959595959602,0.011099365750528556,0.1002673796791444,0.016629711751662946,0.009513742071881548,0.03863636363636369,0.02161862527716185,0.040909090909090895,0.02827050997782704,0.07070707070707072,-0.039424860853432275,0.018398268398268414,0.036363636363636376,-0.008585858585858586,0.02161862527716185,0.016233766233766267,0.040909090909090895,-0.014141414141414232,0.05909090909090908,0.041574279379157364,0.0,0.013213530655390993,0.06879606879606875,0.02827050997782704,-0.029013539651837505,-0.02371541501976293,-0.046791443850267345,0.009740259740259744,-0.00909090909090915,0.012987012987012991,0.034090909090909116,0.040792540792540743,0.040909090909090895,0.034090909090909116,-0.028409090909090884,0.15249266862170086,0.008456659619450246,0.016233766233766267,-0.011857707509881465,0.08577712609970672,0.012684989429175397,0.009513742071881548,0.06565656565656569,0.023281596452328135,-0.03030303030303033,0.12272727272727274,0.04545454545454547,0.06019656019656017,0.036363636363636376,0.0,0.0,0.06428571428571428,0.1803030303030303,0.0430622009569378,0.029137529137529122,0.0318181818181818,0.02494456762749442,0.05244755244755239,0.03325942350332589,0.1410658307210031,0.008985200845665953,0.1002673796791444,0.04545454545454547,0.02954545454545454,0.018398268398268414,0.106951871657754,-0.03336557059961309,0.02161862527716185,0.15374331550802145,0.09459459459459452,-0.008585858585858586,1.0,0.01829268292682923,0.03658536585365846,0.03159645232815966,-0.06029684601113172,-0.009595959595959602,0.0068710359408033495,0.03159645232815966
-0.011614401858304257,0.0050031269543464735,0.007504690431519717,-0.012478729438457181,0.0,0.0037523452157598586,0.0,0.006097560975609789,0.0,0.0211810012836971,-0.042682926829268275,0.058536585365853655,-0.004065040650406498,0.018457481872116016,-0.02490918526206537,0.03344947735191639,0.02373104812129201,-0.023860021208907733,-0.017344173441734417,0.027100271002710064,-0.016629711751662946,-0.02168021680216803,-0.01134429948950652,0.05523672883787667,0.0,-0.018150879183210455,0.006707317073170793,0.0,0.005487804878048785,0.0,0.060975609756097615,-0.09556993529118957,-0.005226480836236919,0.006097560975609789,-0.026016260162601612,0.0,-0.006387921022067311,0.00792682926829269,-0.02818428184281846,0.006097560975609789,0.0,-0.0482261640798225,-0.015882019285309135,0.02900461437046803,0.0,-0.04670472236637252,-0.02651113467656413,-0.05738880918220943,-0.006968641114982521,-0.017344173441734417,-0.005807200929152129,0.0036585365853658847,0.008755472170106304,0.005487804878048785,0.0024390243902439185,-0.03201219512195122,0.03147128245476004,-0.009075439591605228,-0.008130081300812997,-0.04506892895015907,0.10228166797797011,-0.010209869540555888,-0.007941009642654567,0.02371273712737129,0.0,-0.042682926829268275,0.025087108013937293,0.027100271002710064,0.021094264996704026,0.004878048780487837,-0.014966740576496662,-0.01829268292682923,0.04181184668989549,0.0894308943089431,0.02310654685494229,0.022514071294559068,0.006707317073170793,0.0,0.01375859912445282,0.0,0.07064760302775441,-0.014747589336358502,0.04519368723098999,0.005487804878048785,0.006097560975609789,-0.0046457607433217085,0.03012912482065999,-0.03736377789309803,0.0,0.040172166427546646,0.01318391562294001,-0.04769647696476964,-0.01829268292682923,1.0,0.0,0.0,-0.05973120955699346,-0.02818428184281846,-0.009075439591605228,0.0
-0.005226480836236919,0.007504690431519717,0.011257035647279534,-0.009075439591605228,0.0,0.015009380863039434,0.0,0.007317073170731769,0.0,0.030808729139923052,-0.0533536585365853,0.07108013937282232,-0.007549361207897787,0.02900461437046803,-0.03736377789309803,0.05435540069686412,0.03427818061964405,-0.037115588547189826,-0.02818428184281846,0.03387533875338758,-0.019955654101995512,-0.036856368563685626,-0.018150879183210455,0.08034433285509329,0.0,-0.026091888825864995,0.008536585365853666,0.0,0.008536585365853666,0.0,0.04403794037940384,-0.06769537083125932,-0.005807200929152129,0.006707317073170793,-0.034688346883468835,0.0,-0.005807200929152129,0.008536585365853666,-0.04336043360433606,0.014024390243902563,0.0,-0.03325942350332589,-0.030629608621667637,0.03427818061964405,0.0,-0.04670472236637252,-0.034464475079533374,-0.04304160688665709,-0.005807200929152129,-0.02168021680216803,-0.004065040650406498,0.005487804878048785,0.01375859912445282,0.006097560975609789,0.00792682926829269,-0.06758130081300812,0.11014948859166013,-0.018150879183210455,-0.009291521486643417,-0.037115588547189826,0.09441384736428016,-0.015882019285309135,-0.01134429948950652,0.020325203252032548,0.0,-0.042682926829268275,0.06271777003484325,0.027100271002710064,0.02900461437046803,0.009146341463414698,-0.02161862527716185,-0.04490022172949004,0.04181184668989549,0.1609756097560976,0.02310654685494229,0.022514071294559068,0.009146341463414698,0.0,0.015009380863039434,0.0,0.11101766190075696,-0.019285309132161088,0.07532281205164998,0.013414634146341586,0.00792682926829269,-0.009872241579558627,0.035150645624103305,-0.04670472236637252,0.0,0.08034433285509329,0.018457481872116016,-0.036856368563685626,-0.03658536585365846,0.0,1.0,0.0,-0.07565953210552512,-0.03035230352303525,-0.015882019285309135,0.0
-0.006387921022067311,0.015009380863039434,0.007504690431519717,-0.010209869540555888,0.0,0.011257035647279534,0.0,0.009146341463414698,0.0,0.00962772785622594,-0.035569105691056896,0.020905923344947744,-0.0034843205574912606,0.03164139749505607,-0.04047742605085625,0.06689895470383278,0.02636783124588002,-0.037115588547189826,-0.026016260162601612,0.05420054200542013,-0.011640798226164067,-0.008672086720867209,-0.013613159387407814,0.07030129124820661,0.0,-0.012478729438457181,0.01097560975609757,0.0,0.0128048780487805,0.0,0.07113821138211385,-0.09158785465405667,-0.005807200929152129,0.006707317073170793,-0.017344173441734417,0.0,-0.012775842044134622,0.008536585365853666,-0.041192411924119265,0.006097560975609789,0.0,-0.016629711751662946,-0.015882019285309135,0.07382992748846406,0.0,-0.05915931499740523,-0.02651113467656413,-0.08130081300813002,-0.009291521486643417,-0.04769647696476964,-0.009291521486643417,0.009146341463414698,0.015009380863039434,0.008536585365853666,0.007317073170731769,-0.035569105691056896,0.12588512981904015,-0.019285309132161088,-0.004065040650406498,-0.02651113467656413,0.01573564122738002,-0.00567214974475326,-0.010209869540555888,0.020325203252032548,0.0,-0.028455284552845517,0.06271777003484325,0.02371273712737129,0.02900461437046803,0.009756097560975674,-0.01829268292682923,-0.02161862527716185,0.029268292682926828,0.0894308943089431,0.01732991014120669,0.007504690431519717,0.01036585365853665,0.0,0.01876172607879928,0.0,0.11101766190075696,-0.014747589336358502,0.11549497847919665,0.009756097560975674,0.00792682926829269,-0.006387921022067311,0.10043041606886666,-0.07161390762843789,0.0,0.09540889526542329,0.03164139749505607,-0.03252032520325199,-0.03159645232815966,0.0,0.0,1.0,-0.09158785465405667,-0.045528455284552904,-0.019285309132161088,0.0
0.06462585034013607,0.0680272108843537,0.020931449502878063,0.03986710963455148,0.05176704828272771,0.03663003663003661,0.06371329019412636,0.05510204081632655,0.03583872573419611,0.05907626208378086,0.005527210884353706,0.07346938775510203,0.0714285714285714,0.10590182018753441,0.019973947025618777,0.1551020408163265,0.09928295642581353,0.015971606033717806,0.025396825396825362,0.1031746031746032,0.025510204081632654,0.023582766439909253,0.0626483151400094,0.11704681872749101,0.03982080637132898,0.02847650688182246,0.06887755102040816,0.05176704828272771,0.07346938775510203,0.06769537083125932,0.15476190476190477,0.0,0.07823129251700683,0.05510204081632655,0.02721088435374147,0.05574912891986061,0.09183673469387754,0.12857142857142856,0.050793650793650724,0.1193877551020408,0.12742658038825272,0.020871985157699446,0.06549596582819167,0.1588527302813017,0.06769537083125932,0.03039513677811556,0.029281277728482713,-0.02080832332933169,0.03401360544217685,0.047165532879818506,0.05102040816326531,0.06428571428571428,0.0680272108843537,0.07806122448979597,0.04591836734693877,0.003401360544217663,0.13034891375905203,0.02847650688182246,0.023809523809523808,0.011978704525288375,0.035549703752468735,0.05410536307546271,0.04271476032273369,0.09580498866213155,0.05574912891986061,0.007653061224489777,0.14693877551020407,0.07369614512471656,0.07280750137892991,0.06428571428571428,0.025510204081632654,0.04174397031539889,0.057142857142857134,0.19387755102040816,0.047261009667024706,0.02616431187859758,0.06428571428571428,0.03982080637132898,0.10465724751439032,0.09955201592832252,0.1407459535538353,0.06549596582819167,0.1620648259303722,0.06887755102040816,0.050510204081632676,0.06462585034013607,0.1710684273709484,0.02518454190186714,0.047784967645594784,0.23409363745498202,0.12575841147269717,0.03265306122448974,0.06029684601113172,0.05973120955699346,0.07565953210552512,0.09158785465405667,1.0,0.05623582766439894,0.03417180825818697,0.08362369337979092
0.03333333333333338,0.05470085470085473,0.02393162393162393,0.013436692506459957,0.02818428184281846,0.034188034188034205,0.034688346883468835,0.04444444444444451,0.03035230352303525,0.036842105263157926,-0.020833333333333315,0.01904761904761905,0.028571428571428636,0.08168168168168166,-0.02269503546099283,0.10158730158730161,0.07687687687687689,-0.007729468599033784,0.0,0.10555555555555562,0.005050505050505083,0.0,0.018604651162790697,0.05751633986928106,0.010840108401084014,0.007235142118863058,0.03888888888888892,0.02818428184281846,0.050000000000000044,0.03035230352303525,0.10555555555555562,-0.039909297052154125,0.026984126984127,0.041666666666666685,0.0,0.039024390243902474,0.03968253968253965,0.058333333333333404,0.0,0.041666666666666685,0.045528455284552904,0.005050505050505083,0.01550387596899222,0.09129129129129132,0.034688346883468835,-0.02269503546099283,-0.008695652173912993,-0.07581699346405224,0.020634920634920673,0.0,0.023809523809523836,0.05277777777777781,0.04786324786324786,0.03888888888888892,0.03888888888888892,-0.015277777777777751,0.14050179211469538,0.01653746770025838,0.012698412698412709,-0.004347826086956497,0.020071684587813624,0.013436692506459957,0.014470284237726116,0.08333333333333337,0.026016260162601612,-0.027777777777777735,0.08253968253968258,0.07777777777777783,0.06246246246246251,0.055555555555555636,0.006565656565656608,0.006565656565656608,0.0761904761904762,0.06666666666666668,0.020467836257309954,0.017094017094017103,0.04444444444444451,0.017344173441734417,0.06837606837606841,0.04336043360433606,0.13486590038314178,0.026873385012919915,0.10065359477124186,0.041666666666666685,0.03333333333333338,0.03968253968253965,0.14379084967320271,-0.027423167848699692,0.04336043360433606,0.12941176470588245,0.08168168168168166,0.0,0.009595959595959602,0.02818428184281846,0.03035230352303525,0.045528455284552904,-0.05623582766439894,1.0,0.01550387596899222,0.052032520325203224
0.008859357696567038,0.0405485986881336,0.03816338700059635,0.0,0.017016449234259767,0.04531902206320809,0.015882019285309135,0.022674418604651192,0.017016449234259767,0.0305997552019584,-0.03391472868217055,0.026578073089701004,0.006644518272425293,0.05279698302954117,-0.02177140029688268,0.0637873754152824,0.0339409176618479,-0.02730030333670369,-0.019638242894056857,0.06330749354005172,-0.004756871035940774,-0.01757105943152454,0.0,0.0369357045143639,0.009075439591605228,0.0,0.019186046511627974,0.012478729438457181,0.019186046511627974,0.017016449234259767,0.04974160206718353,-0.04271476032273369,0.0049833887043189695,0.026162790697674465,-0.019638242894056857,0.020419739081111776,0.007198228128460715,0.020930232558139583,-0.01653746770025838,0.0122093023255814,0.014747589336358502,-0.004756871035940774,0.0,0.04525455688246388,0.015882019285309135,-0.019792182088075178,-0.02123356926188069,-0.058367533059735466,0.01661129568106323,-0.018604651162790697,0.009966777408637939,0.03139534883720935,0.02623732856291,0.0244186046511628,0.03139534883720935,-0.06540697674418605,0.11702925731432862,0.0,0.004429678848283519,-0.013650151668351845,0.06301575393848463,0.0,0.0,0.027131782945736455,0.015882019285309135,-0.02664728682170539,0.0637873754152824,0.03165374677002586,0.04525455688246388,0.04011627906976756,-0.004756871035940774,-0.009513742071881548,0.04784053156146181,0.04031007751937986,0.021419828641370875,0.01669648181276087,0.019186046511627974,0.01134429948950652,0.03339296362552174,0.014747589336358502,0.044907778668805146,0.0,0.09849521203830375,0.020930232558139583,0.013953488372093065,0.008859357696567038,0.06771545827633385,-0.025729836714497745,0.02155416903006241,0.06155950752393985,0.05279698302954117,-0.012403100775193798,-0.0068710359408033495,0.009075439591605228,0.015882019285309135,0.019285309132161088,-0.03417180825818697,-0.01550387596899222,1.0,0.024957458876914362
-0.008710801393728151,0.015009380863039434,0.008755472170106304,-0.014747589336358502,0.0,0.012507817385866177,0.0,0.007317073170731769,0.0,0.01925545571245188,-0.046239837398374006,0.016724738675958195,-0.008710801393728151,0.03427818061964405,-0.04670472236637252,0.050174216027874585,0.03955174686882007,-0.034464475079533374,-0.02818428184281846,0.06436314363143636,-0.014966740576496662,-0.02384823848238482,-0.013613159387407814,0.05523672883787667,0.0,-0.01134429948950652,0.008536585365853666,0.0,0.011585365853658547,0.0,0.04403794037940384,-0.05574912891986061,-0.005807200929152129,0.008536585365853666,-0.02168021680216803,0.0,-0.012775842044134622,0.006097560975609789,-0.03252032520325199,0.006097560975609789,0.0,-0.008314855875831473,-0.012478729438457181,0.03955174686882007,0.0,-0.0622729631551634,-0.04506892895015907,-0.1004304160688666,-0.011614401858304257,-0.06937669376693767,-0.009291521486643417,0.00792682926829269,0.016260162601625994,0.009756097560975674,0.00792682926829269,-0.05691056910569103,0.09441384736428016,-0.013613159387407814,-0.0029036004645760644,-0.018557794273594913,0.00786782061369001,-0.009075439591605228,-0.00567214974475326,0.027100271002710064,0.0,-0.028455284552845517,0.058536585365853655,0.02371273712737129,0.03164139749505607,0.01097560975609757,-0.019955654101995512,-0.01829268292682923,0.037630662020905925,0.06260162601626018,0.015404364569961526,0.0050031269543464735,0.008536585365853666,0.0,0.01751094434021261,0.0,0.08074011774600506,-0.02382302892796373,0.0652797704447633,0.006707317073170793,0.006707317073170793,-0.009872241579558627,0.12553802008608328,-0.0622729631551634,0.0,0.10545193687230991,0.04218852999340805,-0.02818428184281846,-0.03159645232815966,0.0,0.0,0.0,-0.08362369337979092,-0.052032520325203224,-0.024957458876914362,1.0
