0,1,2,3,4,5,6,7,8,9,10,11,12,13,14,15,16,17,18,19,20,21,22,23,24,25,26,27,28,29,30,31,32,33,34,35,36,37,38,39,40,41,42,43,44,45,46,47,48,49,50,51,52,53,54,55,56,57,58,59,60,61,62,63,64,65,66,67,68,69,70,71,72,73,74,75,76,77,78,79,80,81,82,83,84,85,86,87,88,89,90,91,92,93,94,95,96,97,98,99
1.0,0.05564692982456143,0.0558035714285714,-0.02028917910447764,0.038793103448275856,0.032327586206896575,0.04525862068965514,0.04634533898305071,0.07211538461538458,0.06655092592592587,0.01690573770491799,-0.006009615384615419,0.03794642857142855,0.012295081967213128,0.026864035087719312,0.04364224137931033,0.049189814814814825,0.030701754385964897,0.027478448275862044,0.027807203389830504,0.029094827586206906,0.06770833333333331,0.01306352459016391,0.011592741935483819,-0.023897058823529438,-0.011363636363636409,0.046875,0.0,0.046052631578947345,0.054086538461538464,0.016666666666666607,-0.027173913043478326,0.01874999999999999,0.03794642857142855,0.0716911764705882,0.051136363636363646,0.006696428571428548,0.025862068965517238,0.038352272727272735,0.014600409836065587,-0.01679104477611948,0.01770833333333327,0.03794642857142855,0.025862068965517238,0.008064516129032251,0.012295081967213128,0.07,0.05357142857142849,0.037176724137930994,0.038793103448275856,0.04237288135593209,0.024590163934426257,0.08293269230769224,0.046052631578947345,0.01310483870967738,0.026483050847457612,0.06919642857142844,0.05133928571428564,0.0357142857142857,0.03394396551724138,0.0326206140350877,0.022510593220338937,0.04346590909090908,0.040909090909090895,0.024245689655172403,0.03242924528301888,0.08293269230769224,0.004216269841269826,-0.012593283582089554,0.012600806451612878,0.019396551724137928,0.020747950819672123,0.04540094339622644,0.04040948275862066,0.005704365079365004,0.010080645161290314,0.010080645161290314,0.04346590909090908,0.022510593220338937,0.0,0.030711206896551713,0.058806818181818155,0.026483050847457612,0.02499999999999991,0.06810141509433965,0.00644841269841262,0.03972457627118636,0.016137295081967207,0.02305327868852458,0.02913135593220334,-0.005769230769230804,0.03394396551724138,0.05974264705882351,0.06850961538461536,-0.008996212121212155,-0.005048076923076905,0.01770833333333327,0.033103813559322015,0.058035714285714246,0.038793103448275856
-0.05564692982456143,1.0,0.008458646616541277,-0.10473946059177808,-0.008469449485783487,-0.006654567453115545,-0.00907441016333943,-0.020814748736247446,0.037112010796221284,0.01364522417153996,-0.021857923497267784,-0.030229419703103944,0.0037593984962405735,-0.01380500431406384,0.0,-0.009981851179673318,0.007797270955165692,0.0,-0.0033272837265577726,-0.01070472792149868,-0.005142165759225659,0.026831785345717257,-0.01380500431406384,-0.028296547821165863,-0.05108359133126933,-0.038277511961722493,0.005952380952380876,-0.03453947368421051,0.0,0.021929824561403494,-0.012280701754386003,-0.06712433257055683,-0.018421052631579005,0.0037593984962405735,0.026831785345717257,0.017224880382775087,-0.0317460317460318,-0.006049606775559602,0.008293460925039853,-0.025309174575783744,-0.057606703325477904,-0.013157894736842146,0.005012531328320802,-0.004234724742891743,-0.021222410865874397,-0.01380500431406384,0.02947368421052632,0.0040726817042606445,-0.007259528130671489,-0.006049606775559602,-0.019030627415997703,-0.05061834915156749,0.053981106612685514,0.0,-0.03820033955857388,-0.014867677668748136,0.01159147869674182,0.006892230576441061,0.0031328320802004594,-0.004234724742891743,0.0,-0.010110020814748766,0.007655502392344499,0.006379585326953735,-0.0024198427102238296,0.009268454154253564,0.04385964912280699,-0.020050125313283235,-0.03142183817753341,-0.02405206564799095,-0.004537205081669715,-0.021857923497267784,0.014564713670969898,-0.006654567453115545,-0.03007518796992481,-0.01839275608375779,-0.02688172043010756,0.009569377990430616,-0.008325899494498995,-0.04029605263157898,-0.005747126436781658,0.013397129186602852,-0.008920606601248937,-0.01666666666666672,0.02515723270440251,-0.0317460317460318,-0.013678263455248307,-0.02070750647109576,-0.034512510785159656,-0.01665179898899799,-0.04966261808367073,-0.005444646098003603,0.016511867905056765,0.023616734143049878,-0.0430622009569378,-0.03886639676113357,-0.01754385964912286,-0.012488849241748479,0.006892230576441061,-0.005142165759225659
-0.0558035714285714,-0.008458646616541277,1.0,-0.05277185501066095,-0.025246305418719084,-0.02463054187192104,-0.009236453201970418,-0.02179176755447937,0.04670329670329665,0.008597883597883604,-0.01902810304449648,-0.029670329670329648,0.0,-0.03805620608899296,-0.006265664160400919,-0.008004926108374388,0.010582010582010581,-0.0034461152882205304,-0.014778325123152636,-0.014527845036319653,-0.014162561576354649,0.012254901960784326,-0.01902810304449648,-0.020737327188940086,-0.04411764705882351,-0.03517316017316016,0.0,-0.0401785714285714,-0.0034461152882205304,0.01648351648351648,-0.020238095238095277,-0.07065217391304346,-0.016666666666666663,0.0,0.02450980392156865,0.008116883116883133,-0.03968253968253965,-0.009236453201970418,0.004870129870129913,-0.01902810304449648,-0.0498400852878465,-0.016666666666666663,0.0,-0.008620689655172403,-0.029377880184331795,-0.02927400468384067,0.027857142857142858,0.0,-0.018472906403940836,-0.01108374384236449,-0.010895883777239684,-0.04830210772833721,0.013736263736263743,-0.007518796992481147,-0.08122119815668194,-0.03450363196125905,0.0,0.0,0.0,-0.01108374384236449,-0.0040726817042606445,-0.016343825665859568,0.006493506493506551,0.00909090909090915,-0.016009852216748777,0.021226415094339646,0.020604395604395642,-0.03373015873015872,-0.05863539445628996,-0.022465437788018433,-0.011699507389162533,-0.011709601873536285,0.0121293800539084,-0.008004926108374388,-0.023809523809523808,-0.020737327188940086,-0.031105990783410142,0.005519480519480535,-0.017251815980629526,-0.044642857142857095,-0.00615763546798026,0.0035714285714285865,-0.019067796610169496,-0.020238095238095277,0.023247978436657768,-0.02976190476190474,-0.018159806295399483,-0.024882903981264637,-0.03512880562060883,-0.017251815980629526,-0.027197802197802184,-0.007389162561576318,0.02626050420168069,0.009615384615384609,-0.05411255411255406,-0.049450549450549386,-0.02380952380952378,-0.017251815980629526,0.0,-0.008620689655172403
0.02028917910447764,0.10473946059177808,0.05277185501066095,1.0,0.05095213587236236,0.03705609881626354,0.07874420998456,0.07690361750569186,0.06888633754305395,0.07186290768380327,0.044042084658673875,0.012399540757749794,0.06156716417910452,0.0205529728407145,0.02618486514794452,0.08800823468862584,0.06108347153123278,0.0549882168106835,0.03705609881626354,0.05261826460915758,0.03474009264024705,0.12642669007901675,0.035233667726939144,0.03129513721714011,-0.005926251097453816,0.006105834464043447,0.06156716417910452,0.01539179104477617,0.060225189840272364,0.08180252583237657,0.02786069651741291,-0.01168072680077864,0.04353233830845771,0.07036247334754797,0.0936494000585309,0.0846675712347354,0.01990049751243783,0.055584148224395336,0.05535956580732704,0.041105945681429,0.0,0.03308457711442786,0.06743070362473347,0.03242408646423059,0.025276841598459332,0.022021042329336937,0.09134328358208954,0.07036247334754797,0.0486361296963459,0.05095213587236236,0.06880849987351378,0.04991436261316373,0.15929965556831227,0.11783189316575027,0.024073182474723176,0.03642802934480138,0.11727078891257992,0.06449893390191896,0.0498400852878465,0.0486361296963459,0.0418957842367112,0.04654692638502406,0.058616010854816825,0.04559023066485757,0.0301080802882141,0.035482962545761776,0.11194029850746268,0.02179578298981283,0.0,0.039720751083293204,0.0486361296963459,0.04697822363591886,0.0867361306674177,0.055584148224395336,0.025586353944562934,0.02166586422725081,0.03370245546461248,0.06838534599728635,0.03845180875284593,0.01958955223880604,0.05326814204837882,0.07815468113975582,0.040475588160890474,0.045273631840796025,0.07096592509152355,0.02653399668325046,0.0485707057930686,0.03376559823831665,0.04257401517005144,0.056665823425246675,0.012858783008036778,0.06253216675244472,0.06555458004097164,0.0774971297359357,0.004522840343735901,0.008266360505166492,0.02786069651741291,0.040475588160890474,0.05277185501066095,0.04400411734431292
-0.038793103448275856,0.008469449485783487,0.025246305418719084,-0.05095213587236236,1.0,0.0,0.0,-0.007305669199298648,0.0755968169761273,0.020434227330779042,-0.015262860373092157,-0.03156498673740049,0.012931034482758619,-0.02035048049745619,0.007562008469449488,0.0,0.02171136653895278,0.0027223230490018013,0.0,-0.003798947983635309,0.0,0.016565246788370527,-0.0093273035613341,-0.01557285873192435,-0.03803245436105476,-0.025078369905956133,0.010467980295566504,-0.029094827586206906,0.0036297640653357444,0.0238726790450928,-0.012068965517241403,-0.052223888055972,-0.010344827586206917,0.0049261083743842304,0.04022988505747127,0.019749216300940453,-0.025998905309250142,0.0,0.013166144200626978,-0.010175240248728096,-0.02547606793618118,-0.006896551724137973,0.009236453201970418,0.0,-0.014460511679644045,-0.011871113623516089,0.027586206896551724,0.0049261083743842304,0.0,0.0,-0.003214494447691424,-0.030525720746184315,0.02785145888594162,0.007259528130671489,-0.0522803114571746,-0.010520163646990155,0.012931034482758619,0.02463054187192104,0.009852216748768461,0.0,0.006352087114337601,-0.007305669199298648,0.023510971786833867,0.022570532915360486,0.0,0.03903708523096944,0.02785145888594162,-0.02052545155993432,-0.03242408646423059,-0.013348164627363768,0.0,-0.007631430186546079,0.016265452179570594,0.0,-0.021893814997263283,-0.013348164627363768,-0.016685205784204682,0.012225705329153597,-0.006428988895382848,-0.030711206896551713,0.0,0.0056426332288401215,-0.003798947983635309,-0.00919540229885063,0.02602472348731294,-0.017788724685276425,-0.004967855055523107,-0.011871113623516089,-0.016110797060486126,-0.0052600818234950775,-0.018567639257294433,0.0,0.03549695740365111,0.015915119363395208,-0.035527690700104475,-0.0259946949602122,-0.008620689655172431,-0.004091174751607252,0.016009852216748777,0.0
-0.032327586206896575,0.006654567453115545,0.02463054187192104,-0.03705609881626354,0.0,1.0,0.0,-0.006428988895382848,0.08355437665782484,0.02298850574712641,-0.014414923685698133,-0.0259946949602122,0.011699507389162533,-0.023742227247032177,0.00937689050211743,0.0,0.020434227330779042,0.0033272837265577726,0.0,-0.004091174751607252,0.0,0.016565246788370527,-0.011871113623516089,-0.01112347052280313,-0.045638945233265726,-0.022988505747126464,0.009852216748768461,-0.024245689655172403,0.004537205081669715,0.025862068965517238,-0.014367816091954033,-0.06596701649175418,-0.00919540229885063,0.0049261083743842304,0.02366463826910073,0.022570532915360486,-0.024630541871921208,0.0,0.015047021943573657,-0.011023176936122092,-0.03705609881626354,-0.00804597701149426,0.007389162561576318,0.0,-0.0211345939933259,-0.012719050310910113,0.03862068965517243,0.007389162561576318,0.0,0.0,-0.003214494447691424,-0.02713397399660822,0.015915119363395208,0.006957047791893545,-0.05005561735261399,-0.01373465809468144,0.011699507389162533,0.022783251231527024,0.011699507389162533,0.0,0.004234724742891743,-0.005552308591466992,0.022570532915360486,0.022570532915360486,0.0,0.04879635653871184,0.03381962864721483,-0.02052545155993432,-0.03705609881626354,-0.01557285873192435,0.0,-0.005935556811758044,0.021145087833441795,0.0,-0.012315270935960604,-0.01557285873192435,-0.01890989988876529,0.013166144200626978,-0.007890122735242588,-0.03394396551724138,0.0,0.011285266457680243,-0.0061367621274108775,-0.00804597701149426,0.03578399479505534,-0.015051997810618528,-0.005552308591466992,-0.014414923685698133,-0.0186546071226682,-0.0061367621274108775,-0.02228116710875333,0.0,0.042596348884381297,0.01790450928381962,-0.03970741901776387,-0.038992042440318286,-0.012643678160919603,-0.005844535359438963,0.020320197044334964,0.0
-0.04525862068965514,0.00907441016333943,0.009236453201970418,-0.07874420998456,0.0,0.0,1.0,-0.011689070718877925,0.039787798408488007,0.020434227330779042,-0.01695873374788015,-0.02785145888594165,0.010467980295566504,-0.005935556811758044,0.0027223230490018013,0.0,0.011494252873563204,0.004839685420447659,0.0,-0.007597895967270618,0.0,0.033130493576741055,-0.014414923685698133,-0.0311457174638487,-0.050709939148073035,-0.041797283176593536,0.008620689655172403,-0.014547413793103453,0.00907441016333943,0.021883289124668415,-0.005172413793103459,-0.06596701649175418,-0.009770114942528774,0.009236453201970418,0.033130493576741055,0.018808777429467072,-0.021893814997263283,0.0,0.009404388714733536,-0.01695873374788015,-0.06253216675244472,-0.00574712643678163,0.007389162561576318,0.0,-0.01557285873192435,-0.012719050310910113,0.035862068965517246,0.01108374384236449,0.0,0.0,-0.009935710111046214,-0.026286037309214194,0.06962864721485407,0.00877192982456143,-0.014460511679644045,-0.004967855055523107,0.027093596059113212,0.009852216748768461,0.009852216748768461,0.0,0.005444646098003603,-0.006428988895382848,0.013166144200626978,0.0056426332288401215,0.0,0.01301236174365647,0.08355437665782484,-0.01915708812260536,-0.03705609881626354,-0.026696329254727535,0.0,-0.025438100621820225,0.02602472348731294,0.0,-0.04241926655719758,-0.02447163515016687,-0.03559510567296997,0.015047021943573657,-0.0035067212156633665,-0.04525862068965514,0.0,0.023510971786833867,-0.004383401519579222,-0.012643678160919603,0.030904359141184168,-0.03284072249589498,-0.005844535359438963,-0.014414923685698133,-0.028829847371396267,-0.011104617182933985,-0.04641909814323608,0.0,0.028397565922920864,0.02984084880636606,-0.0376175548589342,-0.029708222811671098,-0.013218390804597746,-0.007013442431326733,0.011699507389162533,0.0
-0.04634533898305071,0.020814748736247446,0.02179176755447937,-0.07690361750569186,0.007305669199298648,0.006428988895382848,0.011689070718877925,1.0,0.06160365058670142,0.028248587570621486,-0.011669908307863297,-0.02190352020860495,0.012711864406779655,-0.007224228952486783,0.008325899494498995,0.009351256575102385,0.020401757689893302,0.011894142134998564,0.004091174751607252,0.0,0.0061367621274108775,0.047856430707876374,-0.011669908307863297,-0.0164024056861673,-0.0493519441674975,-0.03775038520801233,0.02088377723970941,-0.021186440677966045,0.02022004162949753,0.029661016949152547,-0.0031073446327683774,-0.049127978383689486,-0.004519774011299438,0.016343825665859568,0.047856430707876374,0.03821263482280435,-0.02044659671778315,0.004091174751607252,0.012326656394453017,-0.008891358710752917,-0.04452314697697951,-0.0028248587570621486,0.010895883777239684,0.002045587375803626,-0.010661563696008736,-0.007224228952486783,0.04881355932203396,0.01543583535108961,0.007305669199298648,0.007305669199298648,0.0,-0.021116976938038268,0.06616688396349407,0.019030627415997703,-0.02132312739201747,0.0,0.04176755447941882,0.02542372881355931,0.01361985472154964,0.006428988895382848,0.007136485280999111,0.0,0.018489984591679554,0.016024653312788906,0.003214494447691424,0.023025263831148085,0.0798565840938722,-0.01721818670971209,-0.03440424993675689,-0.023783488244942586,0.0052600818234950775,-0.01667129758266178,0.04221298369043819,0.008182349503214503,-0.024751143395211228,-0.015582285401858909,-0.028704209950792703,0.024653312788906034,0.0,-0.02913135593220334,0.006721215663354763,0.02588597842835133,0.0,-0.007627118644067787,0.04605052766229617,-0.02690341673392521,0.0,-0.011114198388441188,-0.02056126701861627,0.0,-0.0312907431551499,0.0052600818234950775,0.018610834164174153,0.02053455019556716,-0.028762198253723642,-0.02190352020860495,-0.005649717514124297,0.0,0.019975786924939454,0.006721215663354763
-0.07211538461538458,-0.037112010796221284,-0.04670329670329665,-0.06888633754305395,-0.0755968169761273,-0.08355437665782484,-0.039787798408488007,-0.06160365058670142,1.0,-0.010683760683760701,-0.04823455233291296,-0.038461538461538436,-0.020604395604395642,-0.06809583858764179,-0.045546558704453344,-0.02984084880636606,-0.009259259259259245,-0.011808367071524939,-0.03580901856763924,-0.022816166883963485,-0.03779840848806365,0.0015082956259426933,-0.03688524590163933,-0.031017369727047134,-0.06787330316742082,-0.024475524475524466,-0.019230769230769218,-0.03245192307692307,-0.023616734143049878,0.0,-0.051282051282051266,-0.09476031215161645,-0.03846153846153849,-0.00824175824175824,0.004901960784313764,-0.018881118881118875,-0.04700854700854698,-0.015915119363395208,-0.014685314685314643,-0.031210592686002514,-0.06888633754305395,-0.023076923076923078,-0.013736263736263743,-0.015915119363395208,-0.037220843672456566,-0.04255989911727617,0.010000000000000009,-0.012362637362637374,-0.051724137931034475,-0.02984084880636606,-0.022816166883963485,-0.09079445145018905,0.0,-0.033738191632928405,-0.1178660049627791,-0.09126466753585394,-0.0288461538461538,-0.05906593406593408,-0.021978021978021955,-0.04376657824933683,-0.021929824561403494,-0.04563233376792697,-0.019930069930069905,-0.02307692307692305,-0.04177718832891242,-0.010522496371552892,0.0,-0.03693528693528694,-0.05597014925373134,-0.031017369727047134,-0.02785145888594162,-0.019861286254728855,-0.0025399129172713752,-0.03580901856763924,-0.05036630036630038,-0.031017369727047134,-0.05272952853598012,-0.011538461538461525,-0.052477183833116,-0.06850961538461536,-0.0238726790450928,-0.012587412587412555,-0.038787483702737935,-0.041025641025641046,-0.0076197387518141535,-0.03693528693528694,-0.03194263363754887,-0.03972257250945771,-0.05390920554854978,-0.052477183833116,-0.05384615384615382,-0.021883289124668415,0.005656108597285048,0.0,-0.06526806526806525,-0.05769230769230771,-0.051282051282051266,-0.047913950456323295,-0.039835164835164805,-0.031830238726790416
-0.06655092592592587,-0.01364522417153996,-0.008597883597883604,-0.07186290768380327,-0.020434227330779042,-0.02298850574712641,-0.020434227330779042,-0.028248587570621486,0.010683760683760701,1.0,-0.06587735276259865,-0.09715099715099712,-0.0092592592592593,-0.04462659380692169,-0.020467836257309913,-0.017879948914431704,0.0,-0.011695906432748537,-0.02298850574712641,-0.025109855618330235,-0.015325670498084282,0.010893246187363814,-0.036126290224650914,-0.03584229390681004,-0.10675381263616562,-0.06734006734006737,-0.009920634920634941,-0.06365740740740738,-0.020467836257309913,0.011396011396011374,-0.03518518518518521,-0.11272141706924321,-0.0203703703703704,-0.0033068783068783275,0.0032679738562091457,-0.0033670033670033794,-0.05555555555555558,-0.030651340996168563,-0.0063973063973064015,-0.05312689738919246,-0.06826976229961307,-0.03703703703703709,-0.009920634920634941,-0.026819923371647514,-0.03584229390681004,-0.04250151791135398,0.01777777777777778,-0.011243386243386277,-0.024265644955300147,-0.024265644955300147,-0.026679221594475888,-0.038251366120218566,0.010683760683760701,-0.021442495126705652,-0.04301075268817206,-0.026679221594475888,-0.012566137566137614,-0.0092592592592593,-0.023809523809523836,-0.03575989782886341,-0.016569200779727122,-0.020401757689893302,-0.007070707070707061,-0.0050505050505050275,-0.02554278416347383,0.005590496156533897,0.012108262108262047,-0.05291005291005296,-0.06467661691542287,-0.03823178016726403,-0.02171136653895278,-0.029751062537947792,0.004192872117400437,-0.03959131545338446,-0.05555555555555558,-0.05017921146953408,-0.054958183990442055,-0.005723905723905742,-0.034526051475204045,-0.078125,-0.020434227330779042,-0.0050505050505050275,-0.02354048964218458,-0.016666666666666663,0.0038434661076170717,-0.03703703703703706,-0.02981795354676714,-0.038251366120218566,-0.036126290224650914,-0.034526051475204045,-0.07521367521367522,-0.0319284802043423,0.027233115468409563,0.011396011396011374,-0.07744107744107742,-0.07521367521367522,-0.029629629629629672,-0.025109855618330235,-0.01322751322751331,-0.02937420178799488
-0.01690573770491799,0.021857923497267784,0.01902810304449648,-0.044042084658673875,0.015262860373092157,0.014414923685698133,0.01695873374788015,0.011669908307863297,0.04823455233291296,0.06587735276259865,1.0,-0.03732660781841102,0.03805620608899296,0.0,0.017256255392579828,0.01695873374788015,0.036126290224650914,0.017256255392579828,0.016110797060486126,0.007779938871908837,0.011023176936122092,0.04821600771456122,0.0,-0.0042305658381808775,-0.04725168756027004,-0.024838549428713386,0.016100702576112402,-0.015368852459016424,0.019557089444923792,0.031210592686002514,0.006010928961748596,-0.05321929199334763,0.005737704918032771,0.020491803278688492,0.032144005143040805,0.02324888226527569,-0.010408534998698982,0.019502543810062167,0.030402384500745172,0.0,-0.030829459261071723,0.00491803278688524,0.02341920374707257,0.015262860373092157,-0.003172924378635672,0.0,0.03967213114754101,0.02781030444964866,0.016110797060486126,0.016110797060486126,0.010558488469019134,0.0,0.07093316519546022,0.02761000862812768,-0.005023796932839775,0.011114198388441188,0.036592505854800894,0.020491803278688492,0.040983606557376984,0.03137365743357834,0.026459591601955712,0.013892747985551512,0.03397913561847987,0.02324888226527569,0.014414923685698133,0.029693782864212814,0.06242118537200503,-0.008847254748894084,-0.027893320283826795,-0.005023796932839775,0.012719050310910113,0.0,0.042066192390968205,0.02119841718485016,-0.010928961748633892,-0.003966155473294569,-0.006081438392385008,0.02324888226527569,0.013337038066129459,-0.020747950819672123,0.01356698699830411,0.03755588673621463,0.011114198388441188,0.00491803278688524,0.03711722858026603,-0.011969815248503823,0.010558488469019134,0.0,0.0,0.013892747985551512,-0.02925598991172762,0.017806670435274174,0.06428801028608161,0.0510718789407314,-0.03229011425732736,-0.022194199243379564,0.00491803278688524,0.010558488469019134,0.02927400468384067,0.0186546071226682
0.006009615384615419,0.030229419703103944,0.029670329670329648,-0.012399540757749794,0.03156498673740049,0.0259946949602122,0.02785145888594165,0.02190352020860495,0.038461538461538436,0.09715099715099712,0.03732660781841102,1.0,0.08159340659340664,0.023203026481715017,0.041025641025641046,0.03156498673740049,0.10655270655270654,0.04318488529014847,0.042705570291777184,0.025032594524119905,0.037135278514588865,0.08868778280542983,0.028247162673392223,0.021588089330024762,-0.02239819004524879,-0.007925407925407968,0.029670329670329648,0.006730769230769262,0.03886639676113357,0.09999999999999998,0.020512820512820468,-0.02586399108138243,0.026923076923076883,0.04697802197802192,0.04223227752639516,0.03356643356643357,0.011233211233211193,0.037135278514588865,0.03916083916083918,0.022194199243379564,-0.008725602755453532,0.025641025641025605,0.059340659340659296,0.04084880636604776,0.01042183622828785,0.021185372005044112,0.06,0.03956043956043956,0.03527851458885939,0.02785145888594165,0.02816166883963489,0.017150063051702358,0.07307692307692304,0.04750337381916331,0.011910669975186111,0.020338983050847442,0.03956043956043956,0.03214285714285714,0.06675824175824169,0.06312997347480098,0.07989203778677456,0.048500651890482305,0.09510489510489506,0.05034965034965033,0.04456233421750666,0.05224963715529757,0.04615384615384613,0.015140415140415087,-0.01148105625717566,0.01563275434243172,0.03342175066312997,0.020176544766708715,0.07314949201741655,0.04084880636604776,0.01562881562881563,0.017866004962779125,0.011910669975186111,0.053146853146853135,0.0312907431551499,0.005769230769230804,0.03342175066312997,0.044755244755244755,0.023468057366362427,0.019230769230769218,0.020899854862119024,0.01025641025641022,0.0312907431551499,0.017150063051702358,0.011097099621689782,0.020338983050847442,0.0,0.042705570291777184,0.08024132730015082,0.08461538461538459,-0.005594405594405605,0.0,0.01794871794871794,0.02190352020860495,0.042032967032966995,0.03527851458885939
-0.03794642857142855,-0.0037593984962405735,0.0,-0.06156716417910452,-0.012931034482758619,-0.011699507389162533,-0.010467980295566504,-0.012711864406779655,0.020604395604395642,0.0092592592592593,-0.03805620608899296,-0.08159340659340664,1.0,-0.02927400468384067,-0.007205513784461104,-0.009852216748768461,0.017857142857142905,-0.006265664160400919,-0.008620689655172403,-0.01361985472154964,-0.009852216748768461,0.03676470588235292,-0.033665105386416816,-0.03456221198156678,-0.06302521008403356,-0.0514069264069264,0.0,-0.049107142857142794,-0.0040726817042606445,0.0288461538461538,-0.01785714285714285,-0.06728778467908897,-0.025000000000000022,0.0,0.031512605042016806,0.004220779220779208,-0.02182539682539683,-0.00615763546798026,0.002922077922077937,-0.026346604215456648,-0.04397654584221747,-0.01428571428571429,0.0,-0.008620689655172403,-0.027649769585253448,-0.02341920374707257,0.025714285714285745,0.0,-0.006773399014778303,-0.004310344827586202,-0.010895883777239684,-0.02195550351288053,0.020604395604395642,-0.005012531328320802,-0.032834101382488434,-0.014527845036319653,0.0,0.0,0.0,-0.014778325123152636,-0.012218045112781795,-0.04176755447941882,0.010389610389610393,0.005519480519480535,-0.009236453201970418,0.0181940700808626,0.013736263736263743,-0.049603174603174593,-0.06156716417910452,-0.038018433179723476,-0.008620689655172403,-0.02341920374707257,0.023247978436657768,-0.009236453201970418,-0.051587301587301626,-0.029377880184331795,-0.020737327188940086,0.004545454545454575,-0.014527845036319653,-0.0357142857142857,-0.008620689655172403,0.0032467532467532756,-0.012711864406779655,-0.022619047619047594,0.010107816711590334,-0.03968253968253965,-0.008171912832929784,-0.017564402810304414,-0.013173302107728324,-0.009079903147699742,-0.04697802197802192,-0.008620689655172403,0.02626050420168069,0.01648351648351648,-0.043290043290043295,-0.03708791208791207,-0.01190476190476189,-0.008171912832929784,0.0,-0.005541871921182245
-0.012295081967213128,0.01380500431406384,0.03805620608899296,-0.0205529728407145,0.02035048049745619,0.023742227247032177,0.005935556811758044,0.007224228952486783,0.06809583858764179,0.04462659380692169,0.0,-0.023203026481715017,0.02927400468384067,1.0,0.03796376186367556,0.010175240248728096,0.07225258044930183,0.021857923497267784,0.04154889768230641,0.009447068630175026,0.0245901639344262,0.04821600771456122,0.0,-0.0034373347435219526,-0.03543876567020249,-0.02359662195727774,0.02781030444964866,-0.019979508196721285,0.014955421340235836,0.04255989911727617,0.007650273224043658,-0.039914468995010666,0.005191256830601065,0.024882903981264637,0.0514304082288653,0.03219076005961252,-0.013531095498308665,0.017806670435274174,0.05365126676602089,0.0,-0.029361389772449287,0.004371584699453479,0.026346604215456648,0.0186546071226682,-0.002908514013749336,0.0,0.04688524590163934,0.026346604215456648,0.02289429055963821,0.015262860373092157,0.007224228952486783,0.0,0.02837326607818408,0.01840667241875177,-0.006874669487043905,0.01667129758266178,0.014637002341920335,0.03512880562060883,0.02927400468384067,0.023742227247032177,0.02070750647109576,0.013337038066129459,0.05722801788375553,0.06795827123695974,0.025438100621820225,0.08165790287658525,0.034047919293820894,-0.015612802498048417,-0.044042084658673875,-0.004494976203067158,0.017806670435274174,0.0,0.03464274667491496,0.0186546071226682,-0.0072859744990892705,-0.003966155473294569,-0.004494976203067158,0.03397913561847987,0.014448457904973566,-0.01690573770491799,0.010175240248728096,0.02146050670640834,0.007224228952486783,0.003825136612021829,0.03959171048561705,-0.005724694249284429,0.01222561822728535,0.0,0.0,0.008891358710752917,-0.020176544766708715,0.016110797060486126,0.09321761491481834,0.045397225725094525,-0.03725782414307005,-0.02622950819672132,0.0054644808743168904,0.010558488469019134,0.03805620608899296,0.0186546071226682
-0.026864035087719312,0.0,0.006265664160400919,-0.02618486514794452,-0.007562008469449488,-0.00937689050211743,-0.0027223230490018013,-0.008325899494498995,0.045546558704453344,0.020467836257309913,-0.017256255392579828,-0.041025641025641046,0.007205513784461104,-0.03796376186367556,1.0,-0.0021173623714458717,0.01949317738791423,0.0,-0.008469449485783487,-0.010110020814748766,-0.006654567453115545,0.026831785345717257,-0.024158757549611776,-0.01839275608375779,-0.06243550051599589,-0.038277511961722493,0.0034461152882205304,-0.04029605263157898,0.0,0.03205128205128199,-0.022807017543859665,-0.042715484363081646,-0.01403508771929829,0.004699248120300703,0.02889576883384931,0.009569377990430616,-0.028404344193817876,-0.003024803387779801,0.01084529505582138,-0.019557089444923792,-0.02356637863315003,-0.00877192982456143,0.004699248120300703,-0.004234724742891743,-0.022637238256932646,-0.012654587287891872,0.024561403508771923,0.002819548872180444,-0.006049606775559602,-0.0018148820326678722,-0.0041629497472494975,-0.017256255392579828,0.013495276653171379,0.0,-0.03678551216751558,-0.014272970561998222,0.002506265664160401,0.006892230576441061,0.006892230576441061,-0.006352087114337601,0.0,-0.014272970561998222,0.014673046251993616,0.014673046251993616,-0.007864488808227488,0.05296259516716317,0.021929824561403494,-0.028404344193817876,-0.04975124378109458,-0.021222410865874397,-0.005444646098003603,-0.011504170261719876,0.019860973187686204,-0.005142165759225659,-0.023391812865497102,-0.021222410865874397,-0.02688172043010756,0.01084529505582138,-0.013678263455248307,-0.02494517543859648,-0.003024803387779801,0.0038277511961722493,-0.008920606601248937,-0.012280701754386003,0.014564713670969898,-0.016708437761069367,-0.008920606601248937,-0.01380500431406384,-0.011504170261719876,-0.007136485280999111,-0.032388663967611364,-0.005142165759225659,0.037151702786377694,0.021929824561403494,-0.040669856459330134,-0.03886639676113357,-0.007017543859649145,-0.009515313707998851,0.006892230576441061,-0.0033272837265577726
-0.04364224137931033,0.009981851179673318,0.008004926108374388,-0.08800823468862584,0.0,0.0,0.0,-0.009351256575102385,0.02984084880636606,0.017879948914431704,-0.01695873374788015,-0.03156498673740049,0.009852216748768461,-0.010175240248728096,0.0021173623714458717,1.0,0.01915708812260536,0.006957047791893545,0.0,-0.006721215663354763,0.0,0.059161595672751865,-0.0186546071226682,-0.03225806451612906,-0.055780933062880345,-0.043887147335423204,0.008620689655172403,-0.029094827586206906,0.006957047791893545,0.025862068965517238,-0.006896551724137973,-0.06046976511744129,-0.017241379310344862,0.015394088669950734,0.04969574036511154,0.022570532915360486,-0.024630541871921208,0.0,0.017868338557993746,-0.0245901639344262,-0.06484817292846118,-0.00804597701149426,0.012931034482758619,0.0,-0.017797552836484987,-0.011023176936122092,0.04413793103448277,0.009236453201970418,0.0,0.0,-0.008766803039158444,-0.02119841718485016,0.07957559681697601,0.007259528130671489,-0.016685205784204682,-0.003798947983635309,0.018472906403940836,0.009852216748768461,0.008004926108374388,0.0,0.003932244404113744,-0.006721215663354763,0.013166144200626978,0.004702194357366768,0.0,0.011385816525699435,0.051724137931034475,-0.021893814997263283,-0.04400411734431292,-0.026696329254727535,0.0,-0.026286037309214194,0.030904359141184168,0.0,-0.03557744937055285,-0.02224694104560626,-0.02447163515016687,0.015047021943573657,-0.0035067212156633665,-0.03394396551724138,0.0,0.024451410658307193,-0.005844535359438963,-0.01609195402298852,0.029277813923227092,-0.03831417624521072,-0.004091174751607252,-0.016110797060486126,-0.0186546071226682,-0.008182349503214503,-0.0482758620689655,0.0,0.033130493576741055,0.02984084880636606,-0.04806687565308254,-0.02042440318302388,-0.00804597701149426,-0.004383401519579222,0.0049261083743842304,0.0
-0.049189814814814825,-0.007797270955165692,-0.010582010582010581,-0.06108347153123278,-0.02171136653895278,-0.020434227330779042,-0.011494252873563204,-0.020401757689893302,0.009259259259259245,0.0,-0.036126290224650914,-0.10655270655270654,-0.017857142857142905,-0.07225258044930183,-0.01949317738791423,-0.01915708812260536,1.0,-0.02631578947368418,-0.04342273307790556,-0.037664783427495296,-0.03575989782886341,0.02178649237472763,-0.06587735276259865,-0.05973715651135009,-0.0724400871459695,-0.08080808080808083,-0.01322751322751331,-0.06944444444444442,-0.015594541910331383,0.013532763532763503,-0.022222222222222254,-0.06843800322061194,-0.033333333333333326,-0.015873015873015928,0.019607843137254888,-0.004377104377104396,-0.05555555555555558,-0.015325670498084282,-0.005723905723905742,-0.036126290224650914,-0.05030403537866229,-0.018518518518518545,-0.009920634920634941,-0.015325670498084282,-0.02150537634408603,-0.04462659380692169,0.01777777777777778,-0.011243386243386277,-0.01915708812260536,-0.015325670498084282,-0.020401757689893302,-0.023375834851244698,0.010683760683760701,-0.01364522417153996,-0.03823178016726403,-0.02354048964218458,-0.00462962962962965,-0.011243386243386277,-0.010582010582010581,-0.0319284802043423,-0.02826510721247566,-0.048650345260514816,-0.010101010101010055,-0.008754208754208792,-0.030651340996168563,0.006988120195667358,0.004273504273504258,-0.10846560846560849,-0.12576008844665565,-0.06451612903225806,-0.0319284802043423,-0.040376442015786274,0.008735150244584211,-0.02171136653895278,-0.07142857142857145,-0.03823178016726403,-0.04301075268817206,-0.007070707070707061,-0.028248587570621486,-0.04340277777777776,-0.02171136653895278,-0.004040404040404039,-0.015693659761456397,-0.029629629629629672,0.0038434661076170717,-0.044973544973545,-0.028248587570621486,-0.03400121432908315,-0.019125683060109283,-0.010985561833019478,-0.05014245014245014,-0.017879948914431704,0.019607843137254888,0.007122507122507088,-0.06060606060606061,-0.04700854700854701,-0.02777777777777779,-0.02354048964218458,-0.0092592592592593,-0.01915708812260536
-0.030701754385964897,0.0,0.0034461152882205304,-0.0549882168106835,-0.0027223230490018013,-0.0033272837265577726,-0.004839685420447659,-0.011894142134998564,0.011808367071524939,0.011695906432748537,-0.017256255392579828,-0.04318488529014847,0.006265664160400919,-0.021857923497267784,0.0,-0.006957047791893545,0.02631578947368418,1.0,-0.006957047791893545,-0.0225988700564973,-0.008469449485783487,0.07017543859649122,-0.049467932125395464,-0.042444821731748794,-0.06527347781217752,-0.08133971291866027,0.007832080200501246,-0.05180921052631582,0.0,0.04385964912280699,-0.013157894736842146,-0.027459954233409606,-0.019298245614035148,0.014097744360902165,0.06811145510835914,0.018500797448165796,-0.038429406850459535,-0.0033272837265577726,0.010207336523125998,-0.023008340523439752,-0.04451427075150566,-0.011403508771929832,0.005952380952380876,-0.0033272837265577726,-0.02688172043010756,-0.017256255392579828,0.056491228070175425,0.007518796992481147,-0.003024803387779801,-0.005142165759225659,-0.009515313707998851,-0.011504170261719876,0.030364372469635637,0.0,-0.019807583474816093,-0.004757656853999426,0.00438596491228066,0.0040726817042606445,0.0040726817042606445,-0.004537205081669715,0.0,-0.012488849241748479,0.009569377990430616,0.01084529505582138,-0.004537205081669715,0.019860973187686204,0.016869095816464202,-0.05179615705931501,-0.10473946059177808,-0.059422750424448334,-0.00937689050211743,-0.032211676732815664,0.05693478980470046,-0.004234724742891743,-0.0367585630743526,-0.031126202603282416,-0.04527447651386529,0.018500797448165796,-0.00535236396074934,-0.013432017543859656,-0.008469449485783487,0.012121212121212088,-0.013083556348498393,-0.02807017543859658,0.026481297583581587,-0.04845446950710114,-0.013083556348498393,-0.02876042565429965,-0.025309174575783744,-0.007136485280999111,-0.03454790823211876,-0.0036297640653357444,0.02889576883384931,0.016869095816464202,-0.0215311004784689,-0.01727395411605938,-0.007017543859649145,-0.012488849241748479,0.0018796992481202868,-0.0033272837265577726
-0.027478448275862044,0.0033272837265577726,0.014778325123152636,-0.03705609881626354,0.0,0.0,0.0,-0.004091174751607252,0.03580901856763924,0.02298850574712641,-0.016110797060486126,-0.042705570291777184,0.008620689655172403,-0.04154889768230641,0.008469449485783487,0.0,0.04342273307790556,0.006957047791893545,1.0,-0.0052600818234950775,0.0,0.033130493576741055,-0.0186546071226682,-0.016685205784204682,-0.050709939148073035,-0.035527690700104475,0.013546798029556606,-0.04040948275862066,0.003932244404113744,0.025862068965517238,-0.012643678160919603,-0.05772113943028484,-0.009770114942528774,0.01108374384236449,0.03786342123056119,0.01598746081504704,-0.03831417624521072,0.0,0.030094043887147315,-0.016110797060486126,-0.05326814204837882,-0.00804597701149426,0.009236453201970418,0.0,-0.01557285873192435,-0.02035048049745619,0.03862068965517243,0.014162561576354649,0.0,0.0,-0.004091174751607252,-0.012719050310910113,0.021883289124668415,0.004839685420447659,-0.025583982202447175,-0.006428988895382848,0.00615763546798026,0.013546798029556606,0.010467980295566504,0.0,0.005142165759225659,-0.005844535359438963,0.02163009404388716,0.03667711598746082,0.0,0.04554326610279774,0.021883289124668415,-0.04378762999452657,-0.07642820380854354,-0.02002224694104565,0.0,-0.01356698699830411,0.02765126870527007,0.0,-0.021893814997263283,-0.014460511679644045,-0.02002224694104565,0.017868338557993746,-0.0061367621274108775,-0.032327586206896575,0.0,0.014106583072100332,-0.004675628287551192,-0.008620689655172431,0.02602472348731294,-0.021893814997263283,-0.007013442431326733,-0.017806670435274174,-0.014414923685698133,-0.003798947983635309,-0.042705570291777184,0.0,0.06389452332657203,0.031830238726790416,-0.04806687565308254,-0.04456233421750666,-0.01091954022988506,-0.006428988895382848,0.016009852216748777,0.0
-0.027807203389830504,0.01070472792149868,0.014527845036319653,-0.05261826460915758,0.003798947983635309,0.004091174751607252,0.007597895967270618,0.0,0.022816166883963485,0.025109855618330235,-0.007779938871908837,-0.025032594524119905,0.01361985472154964,-0.009447068630175026,0.010110020814748766,0.006721215663354763,0.037664783427495296,0.0225988700564973,0.0052600818234950775,1.0,0.009935710111046214,0.06646726487205051,-0.01944984717977205,-0.025423728813559254,-0.04486540378863407,-0.050333846944016436,0.024515738498789352,-0.026483050847457612,0.023193577163247214,0.05475880052151233,-0.002259887005649719,-0.03438958486858265,-0.004237288135593209,0.02723970944309928,0.06646726487205051,0.04191063174114029,-0.02367500672585421,0.0052600818234950775,0.01725731895223423,-0.01222561822728535,-0.04249936756893502,-0.0028248587570621486,0.009987893462469727,0.0017533606078316832,-0.01230180426462546,-0.006668519033064729,0.06406779661016954,0.023607748184019395,0.005552308591466992,0.007890122735242588,0.0,-0.01000277854959708,0.05019556714471968,0.013083556348498393,-0.013121924548933794,0.0,0.023607748184019395,0.011803874092009697,0.014527845036319653,0.004967855055523107,0.010110020814748766,0.0,0.016024653312788906,0.018489984591679554,0.004383401519579222,0.026862807803006122,0.052477183833116,-0.02797955340328223,-0.0627371616493802,-0.03690541279387638,0.0113968439509059,-0.016115587663239728,0.06715701950751529,0.007890122735242588,-0.031207963411353234,-0.018042646254784023,-0.03526517222525971,0.03821263482280435,0.0,-0.02515889830508472,0.009059029807130359,0.023420647149460738,0.0,-0.007062146892655385,0.04029421170450914,-0.02797955340328223,0.0,-0.012781328146707405,-0.017782717421505834,0.0,-0.029726205997392396,0.0061367621274108775,0.03190428713858423,0.022816166883963485,-0.017976373908577287,-0.018774445893089964,-0.00508474576271184,0.0,0.010895883777239684,0.005844535359438963
