0,1,2,3,4,5,6,7,8,9,10,11,12,13,14,15,16,17,18,19,20,21,22,23,24,25,26,27,28,29,30,31,32,33,34,35,36,37,38,39,40,41,42,43,44,45,46,47,48,49,50,51,52,53,54,55,56,57,58,59,60,61,62,63,64,65,66,67,68,69,70,71,72,73,74,75,76,77,78,79,80,81,82,83,84,85,86,87,88,89,90,91,92,93,94,95,96,97,98,99
1.0,-0.03539253539253534,-0.06449631449631449,-0.04902576995600255,-0.04525455688246388,-0.13006756756756754,-0.030405405405405372,-0.02635135135135136,-0.02900461437046803,-0.04826254826254822,-0.10047003525264397,-0.04746209624258402,-0.018243243243243223,-0.02900461437046803,-0.04804804804804805,-0.05469755469755466,-0.05159705159705158,0.0,-0.05159705159705158,-0.028957528957528927,-0.03861003861003859,-0.03771213073538654,-0.06345475910693305,-0.05765765765765768,-0.0678818353236958,-0.022297297297297236,0.007722007722007734,-0.04954954954954954,-0.058166862514688555,-0.06874265569917742,-0.14561500275785982,-0.07400257400257393,-0.09129129129129132,-0.02900461437046803,-0.09266409266409265,-0.028957528957528927,-0.05279698302954117,-0.10319410319410316,0.0,-0.07207207207207206,-0.012091038406827848,-0.02217602217602216,-0.06879606879606875,-0.03691496374423203,-0.04826254826254822,-0.04504504504504503,-0.06019656019656017,-0.0558968058968059,-0.03648648648648645,-0.030405405405405372,-0.06411062225015712,-0.06345475910693305,-0.02900461437046803,-0.07207207207207206,-0.058166862514688555,-0.06879606879606875,-0.018018018018018056,-0.05159705159705158,-0.08625646923519259,-0.0611325611325611,-0.03771213073538654,0.0337837837837838,-0.05574324324324323,-0.05159705159705158,-0.04729729729729726,-0.02027027027027023,-0.08648648648648649,-0.013860013860013842,-0.01108801108801108,-0.013860013860013842,-0.03217503217503215,-0.014189189189189183,-0.014189189189189183,-0.06246246246246251,-0.05279698302954117,-0.03539253539253534,-0.04902576995600255,-0.04954954954954954,-0.024324324324324298,-0.04746209624258402,-0.03869778869778867,-0.06019656019656017,0.013899613899613916,-0.04525455688246388,-0.0049786628733997085,-0.009702009702009712,-0.07687687687687689,-0.010547132498352013,-0.06325474410580789,-0.03217503217503215,-0.10925819436457729,-0.08168168168168166,-0.05765765765765768,-0.09290540540540537,-0.04954954954954954,-0.04504504504504503,-0.05279698302954117,-0.018457481872116016,0.0,-0.05148005148005147
0.03539253539253534,1.0,-0.023809523809523836,-0.015503875968992276,-0.017718715393134077,-0.059523809523809534,0.021428571428571408,0.029761904761904767,0.012195121951219523,0.0,-0.024844720496894457,0.0046457607433217085,0.010714285714285704,0.006387921022067311,-0.0158730158730159,0.0,-0.015151515151515138,0.06756756756756754,-0.009740259740259744,0.0,0.0,-0.008305647840531616,-0.02898550724637683,-0.0158730158730159,-0.008305647840531616,0.016666666666666663,0.042857142857142844,-0.041666666666666685,-0.020703933747412,-0.0331262939958592,-0.05102040816326531,0.0,-0.01904761904761909,0.012775842044134622,-0.04081632653061226,0.0,-0.006644518272425293,-0.014069264069264065,0.03217503217503215,-0.01746031746031751,0.015037593984962405,0.025641025641025605,-0.019480519480519487,0.005807200929152129,0.0,0.0,-0.014069264069264065,-0.007575757575757569,0.015476190476190477,0.005952380952380959,-0.007751937984496138,-0.05797101449275366,0.013937282229965042,-0.03968253968253965,-0.05797101449275366,-0.019480519480519487,0.04395604395604391,-0.027056277056277,-0.017730496453900707,0.0,-0.0049833887043189695,0.059523809523809534,-0.059523809523809534,-0.012987012987012991,-0.016233766233766267,0.015476190476190477,-0.01746031746031751,0.016483516483516453,0.032967032967032905,0.03663003663003661,0.0,0.01785714285714285,0.021428571428571408,-0.022222222222222254,-0.007198228128460715,0.0,-0.007198228128460715,-0.041666666666666685,0.009523809523809545,0.005226480836236919,-0.017316017316017285,-0.011904761904761918,0.057142857142857106,-0.009413067552602461,0.02506265664160401,0.02380952380952378,-0.009523809523809545,0.005807200929152129,-0.05065856129685914,0.0,-0.02786220871327255,-0.020634920634920673,-0.01904761904761909,-0.041666666666666685,-0.047619047619047616,0.0,-0.00609080841638987,0.008130081300812997,0.03539253539253534,0.0
0.06449631449631449,0.023809523809523836,1.0,0.010042283298097254,0.011099365750528556,-0.058712121212121215,0.050000000000000044,0.05227272727272736,0.0432372505543237,0.017316017316017285,-0.013833992094861691,0.02161862527716185,0.027272727272727282,0.023281596452328135,-0.007070707070707116,0.020562770562770616,0.0,0.06449631449631449,0.0,0.018398268398268414,0.018398268398268414,0.007399577167019,-0.01679841897233203,-0.0060606060606061,0.008456659619450246,0.025000000000000022,0.04675324675324674,-0.034090909090909116,-0.014822134387351749,-0.01679841897233203,-0.039424860853432275,0.015151515151515138,-0.006565656565656608,0.023281596452328135,-0.03246753246753248,0.019480519480519487,0.0068710359408033495,0.0,0.0558968058968059,-0.008080808080808133,0.025119617224880375,0.04953379953379955,0.0,0.01829268292682923,0.009740259740259744,0.012987012987012991,0.0,0.0,0.034090909090909116,0.020454545454545447,0.006342494714587699,-0.027667984189723382,0.02827050997782704,-0.009595959595959602,-0.03063241106719361,0.0,0.06701631701631705,0.0,-0.026112185686653744,0.010822510822510817,0.006342494714587699,0.07670454545454547,-0.028409090909090884,0.0,0.0,0.02954545454545454,-0.011616161616161635,0.03205128205128205,0.04953379953379955,0.04953379953379955,0.015151515151515138,0.025000000000000022,0.0318181818181818,-0.010101010101010166,0.006342494714587699,0.015151515151515138,0.006342494714587699,-0.020833333333333343,0.020454545454545447,0.019955654101995512,0.0,0.0,0.04675324675324674,0.008985200845665953,0.025119617224880375,0.03205128205128205,-0.0060606060606061,0.01829268292682923,-0.03191489361702127,0.015151515151515138,-0.018858800773694395,-0.008080808080808133,-0.007070707070707116,-0.03219696969696967,-0.03030303030303033,0.008658008658008642,0.007928118393234651,0.023281596452328135,0.0558968058968059,0.010822510822510817
0.04902576995600255,0.015503875968992276,-0.010042283298097254,1.0,0.0,-0.04118217054263562,0.041860465116279166,0.05406976744186054,0.02382302892796373,0.006644518272425293,-0.0227502527805864,0.014747589336358502,0.01744186046511631,0.012478729438457181,-0.01136950904392764,0.011074197120708784,-0.006342494714587699,0.08673790069138909,-0.004756871035940774,0.006644518272425293,0.0049833887043189695,0.0,-0.018200202224469164,-0.01136950904392764,0.0,0.026162790697674465,0.05315614617940201,-0.02906976744186046,-0.009100101112234582,-0.019716885743174872,-0.03417180825818697,0.007751937984496138,-0.01550387596899222,0.015882019285309135,-0.02562885619364022,0.010520487264673362,0.0,-0.007399577167019,0.026398491514770583,-0.012403100775193798,0.024479804161566754,0.019081693500298175,-0.006342494714587699,0.007941009642654567,0.005537098560354392,0.002768549280177196,-0.004228329809725123,-0.0021141649048625616,0.0244186046511628,0.010465116279069792,0.0,-0.03336703741152669,0.029495178672717004,-0.03307493540051676,-0.03336703741152669,-0.008456659619450246,0.06678592725104349,-0.014270613107822405,-0.025729836714497745,0.0049833887043189695,0.0,0.07994186046511631,-0.04844961240310075,-0.007399577167019,-0.0068710359408033495,0.022674418604651192,-0.018604651162790697,0.028622540250447248,0.042933810375670844,0.05008944543828264,0.006644518272425293,0.022674418604651192,0.03488372093023262,-0.020671834625323016,0.0,0.008305647840531616,0.0,-0.031492248062015504,0.020930232558139583,0.010209869540555888,-0.007928118393234651,-0.004756871035940774,0.07973421926910301,0.0,0.03365973072215428,0.03339296362552174,-0.005167958656330754,0.006806579693703907,-0.04156358238495789,0.0049833887043189695,-0.02177140029688268,-0.01550387596899222,-0.014470284237726116,-0.031492248062015504,-0.036337209302325535,0.002768549280177196,0.0,0.015882019285309135,0.0339409176618479,0.004429678848283519
0.04525455688246388,0.017718715393134077,-0.011099365750528556,0.0,1.0,-0.04602713178294571,0.03488372093023262,0.04709302325581399,0.02382302892796373,0.0049833887043189695,-0.019716885743174872,0.010209869540555888,0.019186046511627974,0.014747589336358502,-0.009302325581395349,0.013289036544850585,-0.005813953488372048,0.07919547454431175,-0.005285412262156425,0.007198228128460715,0.0049833887043189695,0.0,-0.018200202224469164,-0.01136950904392764,0.0,0.022674418604651192,0.05847176079734223,-0.036337209302325535,-0.012133468149646082,-0.019716885743174872,-0.03417180825818697,0.007198228128460715,-0.01136950904392764,0.020419739081111776,-0.0313241575700047,0.011627906976744207,0.0,-0.005813953488372048,0.0339409176618479,-0.01136950904392764,0.024479804161566754,0.023852116875372698,-0.007928118393234651,0.010209869540555888,0.005537098560354392,0.004429678848283519,-0.005813953488372048,-0.0031712473572938493,0.02790697674418613,0.0122093023255814,0.0,-0.037917087967644036,0.030629608621667637,-0.028940568475452233,-0.037917087967644036,-0.01057082452431285,0.05485986881335725,-0.014799154334038,-0.015833745670460142,0.00609080841638987,0.0,0.05595930232558141,-0.043604651162790664,-0.007928118393234651,-0.007399577167019,0.0244186046511628,-0.01757105943152454,0.023852116875372698,0.04531902206320809,0.047704233750745395,0.006644518272425293,0.022674418604651192,0.033139534883720956,-0.01550387596899222,0.0,0.007198228128460715,0.0,-0.02906976744186046,0.01744186046511631,0.013613159387407814,-0.01057082452431285,-0.0068710359408033495,0.06910299003322262,0.0,0.03365973072215428,0.031007751937984496,-0.00826873385012919,0.012478729438457181,-0.03760514596734282,0.0049833887043189695,-0.02177140029688268,-0.014470284237726116,-0.01136950904392764,-0.02906976744186046,-0.04118217054263562,0.002768549280177196,0.0,0.013613159387407814,0.04148334380892521,0.004429678848283519
0.13006756756756754,0.059523809523809534,0.058712121212121215,0.04118217054263562,0.04602713178294571,1.0,0.10416666666666663,0.07500000000000001,0.09959349593495936,0.06845238095238099,0.021739130434782594,0.06046747967479671,0.08333333333333337,0.0533536585365853,0.020833333333333315,0.04464285714285715,0.03219696969696967,0.08051801801801806,0.0378787878787879,0.05654761904761907,0.0625,0.04118217054263562,0.015398550724637639,0.024999999999999967,0.06298449612403101,0.05833333333333335,0.06964285714285715,0.0,0.015398550724637639,0.019021739130434756,-0.006802721088435326,0.06547619047619052,0.0222222222222222,0.0533536585365853,-0.007227891156462607,0.047619047619047616,0.04118217054263562,0.04734848484848486,0.14864864864864868,0.02638888888888885,0.0767543859649123,0.10096153846153844,0.034090909090909116,0.03201219512195122,0.029761904761904767,0.041666666666666685,0.03030303030303033,0.026515151515151547,0.09583333333333338,0.06666666666666671,0.043604651162790664,0.021739130434782594,0.06046747967479671,0.027777777777777735,0.02717391304347827,0.0662878787878789,0.0913461538461538,0.03598484848484845,0.009751773049645418,0.0535714285714286,0.04118217054263562,0.18750000000000006,0.0,0.03030303030303033,0.03598484848484845,0.0625,0.03888888888888886,0.07211538461538458,0.0913461538461538,0.06730769230769229,0.05059523809523808,0.05833333333333335,0.050000000000000044,0.030555555555555503,0.04602713178294571,0.0625,0.031492248062015504,0.0,0.037500000000000006,0.07469512195121952,0.03030303030303033,0.03030303030303033,0.030952380952380953,0.043604651162790664,0.04934210526315791,0.07211538461538458,0.020833333333333315,0.0533536585365853,0.008865248226950395,0.047619047619047616,0.01019503546099293,0.033333333333333326,0.023611111111111083,0.0,0.0,0.029761904761904767,0.03875968992248058,0.05691056910569103,0.11148648648648646,0.05059523809523808
0.030405405405405372,-0.021428571428571408,-0.050000000000000044,-0.041860465116279166,-0.03488372093023262,-0.10416666666666663,1.0,0.0,-0.014634146341463539,-0.021428571428571408,-0.05869565217391304,-0.00792682926829269,0.0,-0.005487804878048785,-0.027777777777777818,-0.022619047619047594,-0.0318181818181818,0.034459459459459385,-0.034090909090909116,-0.020238095238095277,-0.016666666666666663,-0.0244186046511628,-0.04565217391304349,-0.03611111111111115,-0.03139534883720935,0.0,0.04642857142857143,-0.050000000000000044,-0.042391304347826064,-0.042391304347826064,-0.06428571428571428,-0.01428571428571429,-0.030555555555555614,-0.006707317073170793,-0.0596938775510204,-0.01904761904761909,-0.01744186046511631,-0.040909090909090895,0.03243243243243238,-0.04444444444444451,0.01315789473684209,0.007051282051282026,-0.027272727272727282,-0.004268292682926833,-0.01428571428571429,-0.010714285714285704,-0.018181818181818188,-0.013636363636363641,0.0,0.0,-0.029651162790697738,-0.07173913043478264,-0.011585365853658547,-0.05277777777777781,-0.07173913043478264,-0.04545454545454547,0.014743589743589691,-0.054545454545454564,-0.07446808510638298,-0.01428571428571429,-0.026162790697674465,0.07499999999999996,-0.06666666666666671,-0.025000000000000022,-0.027272727272727282,0.0,-0.06111111111111123,0.008333333333333304,0.011538461538461497,0.01025641025641022,-0.015476190476190477,0.0,0.0,-0.055555555555555636,-0.026162790697674465,-0.020238095238095277,-0.026162790697674465,-0.0625,0.0,-0.006097560975609789,-0.036363636363636376,-0.022727272727272735,0.042857142857142816,-0.02790697674418613,0.014473684210526305,0.007051282051282026,-0.025000000000000022,-0.005487804878048785,-0.08563829787234045,-0.015476190476190477,-0.04840425531914894,-0.063888888888889,-0.047222222222222276,-0.0625,-0.045833333333333365,-0.009523809523809545,-0.015697674418604673,-0.009756097560975674,0.028378378378378366,-0.013095238095238104
0.02635135135135136,-0.029761904761904767,-0.05227272727272736,-0.05406976744186054,-0.04709302325581399,-0.07500000000000001,0.0,1.0,-0.014634146341463539,-0.008333333333333331,-0.03913043478260875,-0.00792682926829269,0.0,-0.004878048780487837,-0.030555555555555614,-0.025000000000000022,-0.027272727272727282,0.05067567567567566,-0.018181818181818188,-0.015476190476190477,-0.005952380952380959,-0.01744186046511631,-0.05217391304347829,-0.011111111111111127,-0.022674418604651192,0.0,0.028571428571428553,-0.054166666666666696,-0.022826086956521746,-0.04565217391304349,-0.04591836734693877,-0.009523809523809545,-0.01944444444444446,-0.008536585365853666,-0.03673469387755102,-0.021428571428571408,-0.010465116279069792,-0.027272727272727282,0.008108108108108095,-0.01666666666666669,0.00394736842105263,0.0064102564102563875,-0.020454545454545447,-0.004268292682926833,-0.008333333333333331,-0.004761904761904773,-0.022727272727272735,-0.0068181818181818205,0.0,0.0,-0.029651162790697738,-0.08804347826086956,-0.015243902439024404,-0.06944444444444442,-0.07500000000000007,-0.040909090909090895,0.02115384615384608,-0.07045454545454555,-0.044680851063829796,-0.008333333333333331,-0.0122093023255814,0.04375000000000001,-0.07500000000000001,-0.022727272727272735,-0.036363636363636376,0.0,-0.047222222222222276,0.007051282051282026,0.013461538461538414,0.016666666666666607,-0.010714285714285704,0.0,0.0,-0.041666666666666685,-0.0122093023255814,-0.016666666666666663,-0.01744186046511631,-0.045833333333333365,0.0,-0.004268292682926833,-0.02954545454545454,-0.020454545454545447,0.0357142857142857,-0.033139534883720956,0.01710526315789479,0.01025641025641022,-0.011111111111111127,-0.0036585365853658847,-0.08191489361702131,-0.009523809523809545,-0.040957446808510656,-0.03888888888888892,-0.025000000000000022,-0.037500000000000006,-0.0625,-0.007142857142857145,-0.0122093023255814,-0.009756097560975674,0.02027027027027023,-0.007142857142857145
0.02900461437046803,-0.012195121951219523,-0.0432372505543237,-0.02382302892796373,-0.02382302892796373,-0.09959349593495936,0.014634146341463539,0.014634146341463539,1.0,-0.008710801393728151,-0.04241781548250262,0.0,0.009756097560975674,0.0,-0.02384823848238482,-0.009872241579558627,-0.02494456762749442,0.05273566249176004,-0.019955654101995512,-0.011033681765389047,-0.005807200929152129,-0.018150879183210455,-0.04506892895015907,-0.034688346883468835,-0.019285309132161088,0.014634146341463539,0.050174216027874585,-0.04979674796747968,-0.034464475079533374,-0.04506892895015907,-0.04380288700846188,-0.006968641114982521,-0.017344173441734417,0.0,-0.03982080637132898,-0.011033681765389047,-0.012478729438457181,-0.02161862527716185,0.02900461437046803,-0.026016260162601612,0.011553273427471145,0.01751094434021261,-0.016629711751662946,0.0,-0.006387921022067311,-0.004065040650406498,-0.013303769401330351,-0.0066518847006651755,0.009146341463414698,0.004878048780487837,-0.013613159387407814,-0.06362672322375396,0.0,-0.04769647696476964,-0.08218451749734879,-0.04656319290465627,0.03001876172607887,-0.04656319290465627,-0.05604566683964707,-0.005807200929152129,-0.019285309132161088,0.07545731707317077,-0.08180894308943082,-0.014966740576496662,-0.02494456762749442,0.006097560975609789,-0.052032520325203224,0.012507817385866177,0.02751719824890564,0.025015634771732354,-0.007549361207897787,0.01097560975609757,0.011585365853658547,-0.045528455284552904,-0.019285309132161088,-0.011614401858304257,-0.014747589336358502,-0.06046747967479671,0.004268292682926833,0.0,-0.02827050997782704,-0.014966740576496662,0.037630662020905925,-0.020419739081111776,0.02310654685494229,0.012507817385866177,-0.015176151761517626,0.0,-0.07784120394395422,-0.009291521486643417,-0.04047742605085625,-0.036856368563685626,-0.039024390243902474,-0.0533536585365853,-0.0533536585365853,-0.0046457607433217085,-0.014747589336358502,0.0,0.02900461437046803,-0.005226480836236919
0.04826254826254822,0.0,-0.017316017316017285,-0.006644518272425293,-0.0049833887043189695,-0.06845238095238099,0.021428571428571408,0.008333333333333331,0.008710801393728151,1.0,-0.05797101449275366,0.012775842044134622,0.022619047619047594,0.008710801393728151,-0.028571428571428636,0.0,-0.020562770562770616,0.012870012870012867,-0.017316017316017285,0.0,0.0,-0.007198228128460715,-0.026915113871635588,-0.0365079365079366,-0.009413067552602461,0.010714285714285704,0.05238095238095236,-0.05654761904761907,-0.04554865424430643,-0.0331262939958592,-0.0680272108843537,0.0,-0.03968253968253965,0.0023228803716608543,-0.047619047619047616,0.0,-0.008305647840531616,-0.027056277056277,0.07400257400257393,-0.049206349206349365,0.03258145363408527,0.02380952380952378,-0.018398268398268414,0.008130081300812997,0.0,0.0,-0.012987012987012991,-0.015151515151515138,0.023809523809523836,0.01785714285714285,-0.005537098560354392,-0.014492753623188415,0.0023228803716608543,-0.01746031746031751,-0.031055900621118016,-0.017316017316017285,0.010989010989010978,-0.006493506493506496,-0.06585612968591692,0.0,-0.012735326688815163,0.13392857142857145,-0.047619047619047616,-0.019480519480519487,-0.020562770562770616,0.020238095238095277,-0.025396825396825418,0.03663003663003661,0.014652014652014655,0.007326007326007328,0.0,0.009523809523809545,0.008333333333333331,-0.0365079365079366,-0.01218161683277974,0.0,-0.009413067552602461,-0.05059523809523808,0.015476190476190477,0.009872241579558627,-0.011904761904761918,-0.017316017316017285,0.05238095238095236,-0.006644518272425293,0.02506265664160401,0.02014652014652013,-0.026984126984127,0.006387921022067311,-0.02532928064842957,0.0,-0.04305977710233028,-0.028571428571428636,-0.03333333333333338,-0.05654761904761907,-0.041666666666666685,0.0,-0.008305647840531616,0.008130081300812997,0.05469755469755466,0.0
0.10047003525264397,0.024844720496894457,0.013833992094861691,0.0227502527805864,0.019716885743174872,-0.021739130434782594,0.05869565217391304,0.03913043478260875,0.04241781548250262,0.05797101449275366,1.0,0.0715800636267232,0.07500000000000007,0.04506892895015907,0.008212560386473444,0.020703933747412,0.018774703557312256,0.03172737955346652,0.018774703557312256,0.024844720496894457,0.03933747412008287,0.019716885743174872,0.0,0.010144927536231862,0.03640040444893833,0.04565217391304349,0.07515527950310558,-0.016304347826086973,0.0,0.0,-0.0252883762200532,0.051759834368530044,0.010144927536231862,0.018557794273594913,-0.022626441881100245,0.0165631469979296,0.030333670374115218,0.02371541501976293,0.14277320799059923,0.01400966183574881,0.09153318077803202,0.0741360089186176,0.015810276679841917,0.03181336161187698,0.020703933747412,0.041407867494824,0.014822134387351749,0.017786561264822143,0.08152173913043481,0.07173913043478264,0.0227502527805864,0.0,0.029162248144220526,0.007729468599033784,0.0,0.018774703557312256,0.042920847268673346,0.007905138339920958,-0.01295097132284917,0.049689440993788914,0.02881698685540951,0.19972826086956524,-0.017210144927536197,0.014822134387351749,0.01679841897233203,0.05869565217391304,0.009661835748792202,0.08584169453734669,0.031215161649944256,0.019509476031215153,0.03726708074534163,0.022826086956521746,0.022826086956521746,0.010628019323671412,0.03185035389282104,0.043478260869565244,0.02123356926188069,-0.017210144927536197,0.03913043478260875,0.05832449628844105,0.009881422924901184,0.018774703557312256,0.04099378881987578,0.019716885743174872,0.04576659038901601,0.031215161649944256,0.010628019323671412,0.018557794273594913,-0.0050878815911193365,0.02898550724637683,-0.011100832562442098,0.01304347826086949,0.010144927536231862,-0.016304347826086973,-0.012681159420289856,0.026915113871635588,0.019716885743174872,0.023860021208907733,0.11633372502937711,0.04554865424430643
0.04746209624258402,-0.0046457607433217085,-0.02161862527716185,-0.014747589336358502,-0.010209869540555888,-0.06046747967479671,0.00792682926829269,0.00792682926829269,0.0,-0.012775842044134622,-0.0715800636267232,1.0,0.009146341463414698,0.0,-0.02818428184281846,-0.004065040650406498,-0.02494456762749442,0.015820698747528034,-0.023281596452328135,-0.006968641114982521,-0.005807200929152129,-0.010209869540555888,-0.029162248144220526,-0.04986449864498643,-0.013613159387407814,0.01036585365853665,0.029268292682926828,-0.03201219512195122,-0.03181336161187698,-0.03976670201484617,-0.07565953210552512,-0.009872241579558627,-0.034688346883468835,0.0,-0.05574912891986061,-0.005807200929152129,-0.012478729438457181,-0.029933481152993324,0.03955174686882007,-0.04986449864498643,0.03273427471116819,0.015009380863039434,-0.019955654101995512,0.0,-0.006968641114982521,-0.008130081300812997,-0.02161862527716185,-0.02494456762749442,0.012195121951219579,0.01036585365853665,-0.014747589336358502,-0.02651113467656413,0.0,-0.026016260162601612,-0.037115588547189826,-0.023281596452328135,0.01375859912445282,-0.016629711751662946,-0.0809548521017125,-0.010452961672473837,-0.02155416903006241,0.07545731707317077,-0.0533536585365853,-0.01829268292682923,-0.02494456762749442,0.008536585365853666,-0.036856368563685626,0.01375859912445282,0.010006253908692947,0.006253908692933088,-0.007549361207897787,0.0036585365853658847,0.005487804878048785,-0.04769647696476964,-0.018150879183210455,-0.011033681765389047,-0.01134429948950652,-0.042682926829268275,0.009756097560975674,0.0,-0.008314855875831473,-0.026607538802660702,0.03344947735191639,-0.014747589336358502,0.0211810012836971,0.012507817385866177,-0.041192411924119265,0.0,-0.03425012973533986,-0.008710801393728151,-0.06850025947067973,-0.036856368563685626,-0.036856368563685626,-0.07113821138211379,-0.0533536585365853,-0.012195121951219523,-0.014747589336358502,0.0,0.044825313117996035,-0.011033681765389047
0.018243243243243223,-0.010714285714285704,-0.027272727272727282,-0.01744186046511631,-0.019186046511627974,-0.08333333333333337,0.0,0.0,-0.009756097560975674,-0.022619047619047594,-0.07500000000000007,-0.009146341463414698,1.0,-0.012195121951219579,-0.050000000000000044,-0.008333333333333331,-0.054545454545454564,0.02027027027027023,-0.04545454545454547,-0.016666666666666663,-0.023809523809523836,-0.03488372093023262,-0.048913043478260865,-0.058333333333333404,-0.029651162790697738,0.0,0.0357142857142857,-0.07916666666666666,-0.06847826086956527,-0.05869565217391304,-0.05510204081632655,-0.01904761904761909,-0.047222222222222276,-0.006097560975609789,-0.09642857142857142,-0.010714285714285704,-0.03139534883720935,-0.04545454545454547,0.03648648648648645,-0.05277777777777781,0.011842105263157904,0.007692307692307665,-0.0318181818181818,-0.005487804878048785,-0.016666666666666663,-0.01904761904761909,-0.022727272727272735,-0.02954545454545454,0.0,0.0,-0.020930232558139583,-0.02934782608695652,-0.005487804878048785,-0.025000000000000022,-0.048913043478260865,-0.034090909090909116,0.00512820512820511,-0.0318181818181818,-0.05957446808510641,-0.016666666666666663,-0.03837209302325595,0.16875000000000007,-0.10833333333333339,-0.03863636363636369,-0.036363636363636376,0.0,-0.050000000000000044,0.013461538461538414,0.009615384615384581,0.00512820512820511,-0.020238095238095277,0.0,0.0,-0.05277777777777781,-0.041860465116279166,-0.025000000000000022,-0.029651162790697738,-0.10000000000000009,0.0,-0.007317073170731769,-0.040909090909090895,-0.027272727272727282,0.0357142857142857,-0.020930232558139583,0.019736842105263164,0.007051282051282026,-0.050000000000000044,-0.008536585365853666,-0.040957446808510656,-0.01785714285714285,-0.05212765957446808,-0.03888888888888892,-0.05277777777777781,-0.05833333333333335,-0.045833333333333365,-0.011904761904761918,-0.0244186046511628,-0.006707317073170793,0.024324324324324298,-0.01428571428571429
0.02900461437046803,-0.006387921022067311,-0.023281596452328135,-0.012478729438457181,-0.014747589336358502,-0.0533536585365853,0.005487804878048785,0.004878048780487837,0.0,-0.008710801393728151,-0.04506892895015907,0.0,0.012195121951219579,1.0,-0.054200542005420016,-0.005226480836236919,-0.026607538802660702,0.03164139749505607,-0.04490022172949004,-0.006968641114982521,-0.012195121951219523,-0.024957458876914362,-0.0715800636267232,-0.03252032520325199,-0.012478729438457181,0.00792682926829269,0.07526132404181185,-0.06402439024390244,-0.04772004241781547,-0.05832449628844105,-0.05973120955699346,-0.007549361207897787,-0.039024390243902474,0.0,-0.09556993529118957,-0.005807200929152129,-0.017016449234259767,-0.02161862527716185,0.03691496374423203,-0.03035230352303525,0.026957637997432615,0.01375859912445282,-0.029933481152993324,0.0,-0.009872241579558627,-0.011033681765389047,-0.034922394678492286,-0.034922394678492286,0.00792682926829269,0.01036585365853665,-0.013613159387407814,-0.02651113467656413,0.0,-0.02168021680216803,-0.034464475079533374,-0.01829268292682923,0.011257035647279534,-0.023281596452328135,-0.03425012973533986,-0.005807200929152129,-0.015882019285309135,0.10975609756097565,-0.07825203252032514,-0.039911308203991025,-0.041574279379157364,0.014024390243902563,-0.03252032520325199,0.02126328955597251,0.01751094434021261,0.012507817385866177,-0.012775842044134622,0.00792682926829269,0.009146341463414698,-0.03035230352303525,-0.014747589336358502,-0.008710801393728151,-0.015882019285309135,-0.06758130081300812,0.00792682926829269,0.0,-0.01829268292682923,-0.01829268292682923,0.04181184668989549,-0.010209869540555888,0.02310654685494229,0.01375859912445282,-0.03252032520325199,0.0,-0.03736377789309803,-0.006387921022067311,-0.028022833419823534,-0.019512195121951237,-0.026016260162601612,-0.0533536585365853,-0.05691056910569103,-0.006968641114982521,-0.02155416903006241,0.0,0.03427818061964405,-0.008130081300812997
0.04804804804804805,0.0158730158730159,0.007070707070707116,0.01136950904392764,0.009302325581395349,-0.020833333333333315,0.027777777777777818,0.030555555555555614,0.02384823848238482,0.028571428571428636,-0.008212560386473444,0.02818428184281846,0.050000000000000044,0.054200542005420016,1.0,0.014285714285714318,0.011616161616161635,0.06246246246246251,0.011616161616161635,0.023809523809523836,0.04444444444444451,0.024806201550387597,-0.01352657004830915,0.0,0.01550387596899222,0.03333333333333338,0.09523809523809523,-0.033333333333333326,-0.011594202898550732,-0.012077294685990392,-0.02721088435374147,0.025396825396825418,0.0,0.03252032520325199,-0.04353741496598634,0.012698412698412709,0.01653746770025838,0.007575757575757569,0.06726726726726728,0.0,0.04502923976608192,0.04786324786324786,0.010101010101010166,0.03035230352303525,0.030158730158730218,0.03333333333333338,0.0121212121212122,0.009595959595959602,0.03611111111111115,0.041666666666666685,0.009302325581395349,-0.005314009661835706,0.013008130081300806,0.0,-0.005314009661835706,0.004040404040404066,0.034188034188034205,0.007070707070707116,-0.012293144208037787,0.01746031746031751,0.01757105943152454,0.13541666666666669,-0.03749999999999998,0.013636363636363669,0.013636363636363669,0.07777777777777783,0.0,0.06495726495726495,0.04786324786324786,0.03760683760683764,0.04603174603174609,0.04444444444444451,0.03888888888888892,0.0,0.01757105943152454,0.022222222222222254,0.025839793281653645,-0.03472222222222221,0.030555555555555614,0.019512195121951237,0.008585858585858586,0.007070707070707116,0.06984126984126987,0.012403100775193798,0.06549707602339189,0.051282051282051266,0.0,0.03252032520325199,-0.008510638297872297,0.01746031746031751,-0.007565011820330952,0.0,0.0,-0.020833333333333315,-0.0222222222222222,0.020634920634920673,0.01757105943152454,0.02818428184281846,0.04804804804804805,0.020634920634920673
0.05469755469755466,0.0,-0.020562770562770616,-0.011074197120708784,-0.013289036544850585,-0.04464285714285715,0.022619047619047594,0.025000000000000022,0.009872241579558627,0.0,-0.020703933747412,0.004065040650406498,0.008333333333333331,0.005226480836236919,-0.014285714285714318,1.0,-0.016233766233766267,0.057915057915057855,-0.010822510822510817,0.0,0.0,-0.008859357696567038,-0.02898550724637683,-0.014285714285714318,-0.008305647840531616,0.015476190476190477,0.047619047619047616,-0.041666666666666685,-0.02898550724637683,-0.026915113871635588,-0.06462585034013607,0.0,-0.026984126984127,0.014518002322880363,-0.05782312925170069,0.0,-0.007198228128460715,-0.020562770562770616,0.03539253539253534,-0.014285714285714318,0.02756892230576441,0.021978021978021955,-0.022727272727272763,0.007549361207897787,0.0,0.0,-0.012987012987012991,-0.009740259740259744,0.013095238095238104,0.010714285714285704,-0.010520487264673362,-0.049689440993788914,0.013937282229965042,-0.03333333333333338,-0.041407867494824,-0.014069264069264065,0.04029304029304026,-0.027056277056277,-0.015197568389057753,0.0,-0.004429678848283519,0.04464285714285712,-0.04464285714285715,-0.011904761904761918,-0.010822510822510817,0.010714285714285704,-0.01746031746031751,0.010989010989010978,0.031135531135531136,0.03663003663003661,0.0,0.01785714285714285,0.01904761904761909,-0.00793650793650795,-0.008859357696567038,0.0,-0.009966777408637939,-0.041666666666666685,0.01785714285714285,0.006387921022067311,-0.019480519480519487,-0.011904761904761918,0.0714285714285714,-0.009413067552602461,0.02756892230576441,0.02014652014652013,-0.0158730158730159,0.006387921022067311,-0.04559270516717323,0.0,-0.022796352583586615,-0.020634920634920673,-0.0158730158730159,-0.03273809523809526,-0.041666666666666685,0.0,-0.008305647840531616,0.006387921022067311,0.03217503217503215,0.0
0.05159705159705158,0.015151515151515138,0.0,0.006342494714587699,0.005813953488372048,-0.03219696969696967,0.0318181818181818,0.027272727272727282,0.02494456762749442,0.020562770562770616,-0.018774703557312256,0.02494456762749442,0.054545454545454564,0.026607538802660702,-0.011616161616161635,0.016233766233766267,1.0,0.0558968058968059,0.0,0.018398268398268414,0.023809523809523836,0.010042283298097254,-0.02075098814229248,-0.010606060606060619,0.008456659619450246,0.0318181818181818,0.06428571428571428,-0.04356060606060602,-0.02371541501976293,-0.021739130434782594,-0.05333951762523187,0.020562770562770616,-0.009595959595959602,0.029933481152993324,-0.048701298701298634,0.011904761904761918,0.012684989429175397,0.0,0.06879606879606875,-0.008080808080808133,0.03947368421052633,0.03496503496503495,0.0,0.026607538802660702,0.023809523809523836,0.016233766233766267,0.0,0.0,0.027272727272727282,0.03863636363636369,0.008985200845665953,-0.011857707509881465,0.011640798226164067,-0.005555555555555591,-0.014822134387351749,0.0,0.03496503496503495,0.0,-0.0217601547388781,0.019480519480519487,0.009513742071881548,0.16193181818181823,-0.04924242424242431,0.0,0.0,0.047727272727272785,-0.007070707070707116,0.0611888111888112,0.04953379953379955,0.03205128205128205,0.021645021645021634,0.040909090909090895,0.034090909090909116,-0.008585858585858586,0.015327695560253596,0.021645021645021634,0.012684989429175397,-0.051136363636363646,0.02954545454545454,0.016629711751662946,0.0,0.0,0.06428571428571428,0.008985200845665953,0.07177033492822965,0.0437062937062937,-0.0121212121212122,0.02827050997782704,-0.020309477756286276,0.018398268398268414,-0.018858800773694395,-0.0060606060606061,-0.008585858585858586,-0.024621212121212155,-0.022727272727272763,0.019480519480519487,0.007928118393234651,0.026607538802660702,0.06019656019656017,0.017316017316017285
0.0,-0.06756756756756754,-0.06449631449631449,-0.08673790069138909,-0.07919547454431175,-0.08051801801801806,-0.034459459459459385,-0.05067567567567566,-0.05273566249176004,-0.012870012870012867,-0.03172737955346652,-0.015820698747528034,-0.02027027027027023,-0.03164139749505607,-0.06246246246246251,-0.057915057915057855,-0.0558968058968059,1.0,-0.042997542997542965,-0.04504504504504503,-0.022522522522522515,-0.06033940917661851,-0.11104582843713279,-0.03363363363363364,-0.05279698302954117,-0.03648648648648645,0.021621621621621623,-0.0681306306306306,-0.04759106933019974,-0.07403055229142186,-0.05956977385548812,-0.016087516087516074,-0.019219219219219222,-0.05537244561634802,-0.09928295642581353,-0.0611325611325611,-0.02262727844123194,-0.03439803439803438,0.0,-0.009609609609609611,-0.00284495021337125,-0.016632016632016633,-0.04729729729729726,-0.021094264996704026,-0.04504504504504503,-0.019305019305019294,-0.0558968058968059,-0.012899262899262895,-0.0060810810810810745,-0.008108108108108095,-0.05656819610307984,-0.1216216216216216,-0.06591957811470006,-0.09129129129129132,-0.10047003525264397,-0.0558968058968059,-0.04019404019404016,-0.12039312039312033,-0.02875215641173086,-0.012870012870012867,-0.015084852294154627,0.021114864864864885,-0.11768018018018017,-0.04729729729729726,-0.06019656019656017,-0.02027027027027023,-0.06726726726726728,-0.01108801108801108,-0.037422037422037424,-0.042966042966043005,-0.03539253539253534,-0.04256756756756752,-0.05472972972972967,-0.05285285285285285,-0.02262727844123194,-0.041827541827541836,-0.03771213073538654,-0.09290540540540537,-0.018243243243243223,-0.007910349373764017,-0.07739557739557734,-0.021498771498771482,0.013899613899613916,-0.05656819610307984,-0.008534850640113778,-0.013860013860013842,-0.019219219219219222,-0.015820698747528034,-0.11500862564692343,-0.03217503217503215,-0.023001725129384698,-0.05285285285285285,-0.05285285285285285,-0.061936936936936915,-0.08051801801801806,-0.019305019305019294,-0.026398491514770583,-0.02636783124588002,0.0,-0.003217503217503217
0.05159705159705158,0.009740259740259744,0.0,0.004756871035940774,0.005285412262156425,-0.0378787878787879,0.034090909090909116,0.018181818181818188,0.019955654101995512,0.017316017316017285,-0.018774703557312256,0.023281596452328135,0.04545454545454547,0.04490022172949004,-0.011616161616161635,0.010822510822510817,0.0,0.042997542997542965,1.0,0.011904761904761918,0.023809523809523836,0.012156448202959802,-0.02371541501976293,-0.006565656565656608,0.007928118393234651,0.020454545454545447,0.05844155844155843,-0.03219696969696967,-0.017786561264822143,-0.018774703557312256,-0.03710575139146566,0.015151515151515138,-0.008585858585858586,0.023281596452328135,-0.06261595547309828,0.010822510822510817,0.01057082452431285,0.0,0.07739557739557734,-0.009595959595959602,0.0645933014354067,0.0437062937062937,0.0,0.02494456762749442,0.019480519480519487,0.020562770562770616,0.0,0.0,0.034090909090909116,0.050000000000000044,0.008985200845665953,-0.011857707509881465,0.01829268292682923,-0.005555555555555591,-0.012845849802371523,0.0,0.03205128205128205,0.0,-0.024661508704061863,0.016233766233766267,0.008456659619450246,0.15340909090909094,-0.0378787878787879,0.0,0.0,0.04545454545454547,-0.010101010101010166,0.04953379953379955,0.03496503496503495,0.023310023310023298,0.020562770562770616,0.02954545454545454,0.027272727272727282,-0.00909090909090915,0.008456659619450246,0.011904761904761918,0.008985200845665953,-0.03219696969696967,0.02954545454545454,0.02827050997782704,0.0,0.0,0.05259740259740259,0.0036997885835095,0.028708133971291877,0.03496503496503495,-0.011111111111111183,0.023281596452328135,-0.017408123791102514,0.016233766233766267,-0.024661508704061863,-0.00909090909090915,-0.008585858585858586,-0.028409090909090884,-0.028409090909090884,0.017316017316017285,0.010042283298097254,0.01829268292682923,0.06879606879606875,0.022727272727272763
0.028957528957528927,0.0,-0.018398268398268414,-0.006644518272425293,-0.007198228128460715,-0.05654761904761907,0.020238095238095277,0.015476190476190477,0.011033681765389047,0.0,-0.024844720496894457,0.006968641114982521,0.016666666666666663,0.006968641114982521,-0.023809523809523836,0.0,-0.018398268398268414,0.04504504504504503,-0.011904761904761918,1.0,0.0,-0.007751937984496138,-0.03726708074534163,-0.0317460317460318,-0.007198228128460715,0.023809523809523836,0.08095238095238094,-0.047619047619047616,-0.049689440993788914,-0.03726708074534163,-0.04081632653061226,0.0,-0.009523809523809545,0.007549361207897787,-0.04081632653061226,0.0,-0.008305647840531616,-0.012987012987012991,0.03861003861003859,-0.020634920634920673,0.02506265664160401,0.016483516483516453,-0.004329004329004321,0.0034843205574912606,0.0,0.0,-0.006493506493506496,-0.011904761904761918,0.01428571428571429,0.015476190476190477,-0.00609080841638987,-0.02898550724637683,0.006387921022067311,-0.022222222222222254,-0.035196687370600444,-0.016233766233766267,0.021978021978021955,-0.015151515151515138,-0.04052684903748732,0.0,-0.007198228128460715,0.07440476190476192,-0.035714285714285754,-0.007575757575757569,-0.017316017316017285,0.01785714285714285,-0.03492063492063502,0.02380952380952378,0.032967032967032905,0.02930402930402931,0.0,0.021428571428571408,0.022619047619047594,-0.023809523809523836,-0.008859357696567038,0.0,-0.011627906976744207,-0.0535714285714286,0.008333333333333331,0.007549361207897787,-0.023809523809523836,-0.016233766233766267,0.0380952380952381,-0.009413067552602461,0.03759398496240601,0.02014652014652013,-0.025396825396825418,0.008710801393728151,-0.06332320162107385,0.0,-0.03799392097264437,-0.023809523809523836,-0.025396825396825418,-0.04464285714285715,-0.03869047619047622,0.0,-0.007198228128460715,0.011033681765389047,0.03861003861003859,0.0
