0,1,2,3,4,5,6,7,8,9,10,11,12,13,14,15,16,17,18,19,20,21,22,23,24,25,26,27,28,29,30,31,32,33,34,35,36,37,38,39,40,41,42,43,44,45,46,47,48,49,50,51,52,53,54,55,56,57,58,59,60,61,62,63,64,65,66,67,68,69,70,71,72,73,74,75,76,77,78,79,80,81,82,83,84,85,86,87,88,89,90,91,92,93,94,95,96,97,98,99
1.0,0.02346041055718473,0.06651258346173594,0.028762198253723642,0.030303030303030276,0.055726759116589586,0.07416267942583737,0.07034632034632032,0.006759906759906786,0.04848484848484841,0.04870129870129869,0.03954802259887008,0.07061177815894804,0.015873015873015872,0.027168234064785773,0.08777429467084641,0.05433646812957155,0.08181818181818185,0.0318181818181818,0.03229011425732736,0.021505376344086058,0.07070707070707072,0.024437927663734094,0.028787878787878807,0.09427609427609435,0.019550342130987275,0.03954802259887008,0.0,0.04784688995215314,0.02235469448584204,0.029325513196480912,0.03714565004887593,-0.008593396653098107,0.043887147335423204,0.009469696969696961,0.06937799043062204,-0.015810276679841917,0.0717703349282297,0.01041666666666674,0.006060606060606044,0.008522727272727293,0.03974167908594145,0.0,0.033333333333333326,0.018628912071535025,0.012987012987012991,0.025166923472008218,-0.01646903820816864,0.11636363636363639,0.028564331843020374,0.13461538461538458,0.040669856459330134,0.04696969696969694,0.04314329738058553,0.04393939393939389,0.033333333333333326,0.08181818181818185,0.006993006993006978,0.021645021645021634,0.03970741901776387,0.026392961876832877,0.04134565998972778,0.06060606060606061,0.10227272727272724,0.04848484848484849,0.057932263814616775,0.024531024531024515,0.062200956937799035,0.03954802259887008,0.0,0.05224660397074188,0.050239234449760806,0.03030303030303033,0.0376175548589342,0.050156739811912265,0.0,0.031048186785891718,0.07804459691252147,0.040909090909090895,0.009324009324009341,0.011837121212121215,-0.004748982360922693,0.055023923444976086,0.0,0.03229011425732736,-0.008021390374331527,0.055023923444976086,0.02732240437158473,0.10034305317324188,0.014430014430014404,0.06937799043062204,-0.005201266395296278,0.0,0.006060606060606044,0.0051282051282051655,0.022482893450635366,0.04870129870129869,0.013257575757575801,0.14700193423597685,0.043887147335423204
-0.02346041055718473,1.0,0.031164570803717817,0.02788408966648437,0.021505376344086002,0.023783488244942586,0.04668930390492365,0.07258064516129037,-0.0253101736972704,0.013978494623655913,0.038018433179723476,0.02460360852925092,0.06025562994522221,-0.007680491551459279,0.025583982202447175,0.03781979977753058,0.025583982202447175,0.06568914956011729,0.01290322580645159,0.006345848757271344,0.0,0.05256869772998807,0.0,0.011827956989247268,0.04778972520908009,0.0,0.018042646254784023,-0.03030303030303033,0.028296547821165863,0.006081438392385008,0.0,0.0,-0.030091478093403956,0.025583982202447175,-0.008568548387096753,0.033955857385399024,-0.034361851332398274,0.028296547821165863,-0.01310483870967738,-0.016377171215880892,-0.010080645161290314,0.006610259122157625,-0.019550342130987275,0.01021505376344084,0.004494976203067158,-0.004864311315924241,0.014762165117550574,-0.03272557269752219,0.07741935483870971,0.004759386567953494,0.05272952853598012,0.04668930390492365,0.018279569892473035,0.028704209950792703,0.017204301075268713,0.017204301075268713,0.06568914956011729,-0.026799007444168632,-0.00665642601126476,0.016685205784204682,0.0,0.018862766539092413,0.04926686217008802,0.0893817204301075,0.04310850439882702,0.0730550284629981,-0.006400409626216075,0.04102999434069049,0.022963367960634196,-0.032258064516129004,0.023359288097886566,0.04385964912280704,0.0,0.02447163515016687,0.027808676307007785,-0.026392961876832877,0.006874669487043905,0.0684723067559343,0.008602150537634357,-0.014143920595533488,-0.012600806451612878,-0.02286952335098702,0.02405206564799095,-0.02052785923753664,0.006610259122157625,-0.027039848197343452,0.02688172043010756,0.005288207297726111,0.05751673767498483,-0.0038402457757296393,0.02688172043010756,-0.024073182474723176,-0.018572825024437967,-0.014888337468982604,-0.016377171215880892,0.0,0.027649769585253448,-0.011592741935483819,0.10809883321894309,0.01557285873192435
-0.06651258346173594,-0.031164570803717817,1.0,0.0,-0.009604519774011333,0.0,0.0225988700564973,0.03813559322033899,-0.05945241199478479,-0.007909604519774016,0.02088377723970941,0.0,0.04221298369043819,-0.031207963411353234,0.004967855055523107,0.012273524254821755,0.007597895967270618,0.04067796610169494,-0.007344632768361559,-0.01500416782439562,-0.020503007107709137,0.028248587570621486,-0.020503007107709137,-0.005932203389830526,0.03923414940364095,-0.018042646254784023,0.0,-0.052131484334874134,0.010110020814748766,-0.011114198388441188,-0.018042646254784023,-0.019682886823400803,-0.0485707057930686,0.006428988895382848,-0.01986228813559318,0.016057091882248076,-0.0368459837877671,0.013678263455248307,-0.027807203389830504,-0.03598435462842242,-0.01986228813559318,-0.01222561822728535,-0.021571648690292766,-0.005649717514124297,-0.006668519033064729,-0.01937046004842613,0.0,-0.04667157946450501,0.07016949152542373,-0.01000277854959708,0.047913950456323295,0.017246506095747904,-0.009039548022598876,0.0,-0.011299435028248594,-0.008192090395480245,0.0394453004622497,-0.06571056062581482,-0.029055690072639195,0.005844535359438963,-0.025423728813559254,0.0,0.028351309707241923,0.06991525423728812,0.027118644067796627,0.047856430707876374,-0.031207963411353234,0.017841213202497874,0.0,-0.055726759116589586,0.007013442431326733,0.014272970561998222,-0.02460360852925092,0.007013442431326733,0.007597895967270618,-0.04673857216230093,-0.013892747985551512,0.04605052766229617,-0.005649717514124297,-0.039113428943937434,-0.02515889830508472,-0.02630913230457879,0.009515313707998851,-0.034155110426296875,-0.01222561822728535,-0.02467597208374875,0.008920606601248937,-0.013337038066129459,0.04988807163415421,-0.011837503362927104,0.009515313707998851,-0.03440424993675689,-0.025166923472008218,-0.02816166883963489,-0.029726205997392396,-0.013121924548933794,0.01543583535108961,-0.03045550847457623,0.10385863685539132,0.004383401519579222
-0.028762198253723642,-0.02788408966648437,0.0,1.0,-0.009887005649717562,0.0,0.013678263455248307,0.023607748184019395,-0.03285528031290741,-0.006214689265536755,0.019067796610169496,0.0,0.04413175567636718,-0.02152273338714017,0.007013442431326733,0.006428988895382848,0.005552308591466992,0.01972265023112485,-0.006214689265536755,-0.007224228952486783,-0.020503007107709137,0.04237288135593226,-0.018862766539092413,-0.008192090395480245,0.03609541745134964,-0.02460360852925092,0.0,-0.04853620955315868,0.01070472792149868,-0.011669908307863297,-0.009021323127392011,-0.01230180426462546,-0.04452314697697951,0.004675628287551192,-0.026483050847457612,0.011894142134998564,-0.041758781626136054,0.009515313707998851,-0.03575211864406774,-0.03754889178617993,-0.02383474576271183,-0.014448457904973566,-0.04494093477144323,-0.004237288135593209,-0.012781328146707405,-0.01829432337906911,0.0,-0.04667157946450501,0.039661016949152555,-0.008891358710752917,0.015971316818774436,0.009515313707998851,-0.004519774011299438,0.0,-0.006214689265536755,-0.006214689265536755,0.023420647149460738,-0.03754889178617993,-0.025827280064568248,0.006428988895382848,-0.03198469108802626,0.0,0.020955315870570146,0.05437853107344634,0.018489984591679554,0.06646726487205051,-0.02152273338714017,0.012488849241748479,0.0,-0.04853620955315868,0.004091174751607252,0.014867677668748136,-0.018042646254784023,0.007013442431326733,0.008766803039158444,-0.05392912172573183,-0.011669908307863297,0.053725615606012245,-0.00508474576271184,-0.025032594524119905,-0.038400423728813526,-0.04654692638502406,0.014867677668748136,-0.05392912172573183,-0.01500416782439562,-0.05608175473579263,0.01129943502824865,-0.01222561822728535,0.03837543971858015,-0.02259887005649719,0.008920606601248937,-0.040475588160890474,-0.04853620955315868,-0.03598435462842242,-0.05162972620599737,-0.014762165117550574,0.016343825665859568,-0.027807203389830504,0.04760187522538767,0.004091174751607252
-0.030303030303030276,-0.021505376344086002,0.009604519774011333,0.009887005649717562,1.0,0.008757062146892647,0.02543859649122815,0.042857142857142816,-0.043589743589743435,0.0,0.02619047619047621,0.009039548022598876,0.05283018867924538,-0.026190476190476097,0.012068965517241403,0.017241379310344862,0.012643678160919603,0.04090909090909095,0.0,-0.006010928961748596,-0.01236559139784943,0.03888888888888892,-0.014516129032258018,0.0,0.03703703703703709,-0.01236559139784943,0.007909604519774016,-0.045454545454545414,0.019298245614035148,-0.006010928961748596,-0.008064516129032251,-0.006989247311827956,-0.03482587064676618,0.014942528735632177,-0.021874999999999978,0.02017543859649129,-0.047826086956521685,0.01666666666666672,-0.027083333333333293,-0.025641025641025605,-0.023958333333333248,-0.005737704918032771,-0.0318181818181818,0.0,-0.005191256830601065,-0.0222222222222222,0.005649717514124297,-0.04999999999999993,0.07333333333333342,-0.006010928961748596,0.041025641025641046,0.023684210526315863,0.0,0.010451977401129908,0.0,0.0,0.042424242424242475,-0.04230769230769227,-0.019047619047619035,0.009770114942528774,-0.016666666666666607,0.006214689265536755,0.034848484848484906,0.08750000000000002,0.03333333333333338,0.061764705882352944,-0.018253968253968245,0.019298245614035148,0.0064971751412429835,-0.04696969696969694,0.01091954022988506,0.02192982456140352,-0.01505376344086018,0.013218390804597746,0.012068965517241403,-0.033333333333333326,-0.0071038251366120075,0.057232704402515766,0.0,-0.020512820512820468,-0.021874999999999978,-0.036567164179104494,0.01754385964912286,-0.03939393939393937,-0.008743169398906958,-0.04313725490196074,0.014912280701754432,-0.006010928961748596,0.04402515723270445,-0.012698412698412653,0.01666666666666672,-0.03308457711442786,-0.0257575757575757,-0.024358974358974328,-0.025641025641025605,-0.010752688172043001,0.02619047619047621,-0.03020833333333328,0.09219858156028371,0.00919540229885063
-0.055726759116589586,-0.023783488244942586,0.0,0.0,-0.008757062146892647,1.0,0.01665179898899799,0.03177966101694918,-0.07040417209908734,-0.006779661016949212,0.01361985472154964,0.0,0.04029421170450914,-0.0322841000807102,0.005552308591466992,0.008766803039158444,0.0061367621274108775,0.03328197226502316,-0.007627118644067787,-0.01222561822728535,-0.02460360852925092,0.02354048964218458,-0.02788408966648437,-0.004237288135593209,0.02354048964218458,-0.013121924548933794,0.0,-0.05932203389830504,0.013678263455248307,-0.013337038066129459,-0.01722252597047569,-0.018862766539092413,-0.04654692638502406,0.0052600818234950775,-0.022510593220338937,0.01070472792149868,-0.049127978383689486,0.013678263455248307,-0.027807203389830504,-0.03754889178617993,-0.02515889830508472,-0.009447068630175026,-0.023369286081150464,-0.005932203389830526,-0.008891358710752917,-0.02044659671778315,0.0,-0.05649717514124292,0.08237288135593229,-0.01000277854959708,0.05475880052151233,0.01843592030924779,-0.007909604519774016,0.0,-0.01214689265536728,-0.011299435028248594,0.04067796610169494,-0.05788787483702729,-0.02690341673392521,0.004675628287551192,-0.022143247676325806,0.0,0.03451463790446846,0.0737994350282486,0.023420647149460738,0.03988035892323033,-0.0355125100887812,0.013678263455248307,0.0,-0.04314329738058553,0.007305669199298648,0.009515313707998851,-0.02624384909786759,0.0061367621274108775,0.006428988895382848,-0.03595274781715457,-0.015559877743817674,0.04796929964822516,-0.0053672316384180685,-0.039113428943937434,-0.018538135593220317,-0.02630913230457879,0.009515313707998851,-0.023369286081150464,-0.012781328146707405,-0.03140578265204386,0.007731192387749053,-0.01500416782439562,0.03453789574672217,-0.01721818670971209,0.011894142134998564,-0.0485707057930686,-0.026964560862865916,-0.025032594524119905,-0.025032594524119905,-0.014762165117550574,0.02179176755447937,-0.03575211864406774,0.11251352326000724,0.004675628287551192
-0.07416267942583737,-0.04668930390492365,-0.0225988700564973,-0.013678263455248307,-0.02543859649122815,-0.01665179898899799,1.0,0.01159147869674182,-0.06909581646423751,-0.023684210526315863,0.008458646616541277,-0.016057091882248076,0.029129427341939795,-0.04511278195488727,-0.006049606775559602,-0.010889292196007205,-0.007864488808227488,0.01977671451355656,-0.02192982456140352,-0.02876042565429965,-0.04102999434069049,0.016569200779727122,-0.039615166949632186,-0.02017543859649129,0.021442495126705652,-0.033955857385399024,-0.010110020814748766,-0.05980861244019137,0.0,-0.026459591601955712,-0.028296547821165863,-0.02405206564799095,-0.06284367635506682,-0.006352087114337601,-0.02494517543859648,0.0,-0.04881769641495043,0.0,-0.04413377192982454,-0.06261808367071525,-0.04029605263157898,-0.026459591601955712,-0.038277511961722493,-0.018421052631579005,-0.01035375323554788,-0.033416875522138734,-0.008920606601248937,-0.05186880244088482,0.05403508771929827,-0.021857923497267784,0.033738191632928405,0.0,-0.024561403508772006,-0.01843592030924779,-0.022807017543859665,-0.021052631578947434,0.01594896331738438,-0.06477732793522273,-0.04010025062656647,-0.005747126436781658,-0.042444821731748794,-0.014272970561998222,0.01275917065390747,0.06578947368421045,0.016586921850079706,0.045407636738906076,-0.053467000835421885,0.0,-0.014867677668748136,-0.07416267942583737,-0.007562008469449488,0.0,-0.039615166949632186,-0.007864488808227488,-0.006957047791893545,-0.055023923444976086,-0.031061259706643696,0.03177755710029795,-0.01403508771929829,-0.04534412955465589,-0.04413377192982454,-0.05236973029588904,0.0,-0.050239234449760806,-0.021857923497267784,-0.05392156862745101,0.0,-0.021857923497267784,0.038397881496193276,-0.0317460317460318,0.0,-0.04975124378109458,-0.05980861244019137,-0.030229419703103944,-0.04318488529014847,-0.028296547821165863,0.006265664160400919,-0.04797149122807015,0.0895856662933931,-0.005444646098003603
-0.07034632034632032,-0.07258064516129037,-0.03813559322033899,-0.023607748184019395,-0.042857142857142816,-0.03177966101694918,-0.01159147869674182,1.0,-0.10384615384615381,-0.025000000000000022,0.0,-0.024515738498789352,0.019204851752021634,-0.04365079365079366,-0.01231527093596052,-0.020935960591133007,-0.012931034482758619,0.010714285714285676,-0.027380952380952395,-0.03512880562060883,-0.048387096774193505,0.007936507936507964,-0.04147465437788017,-0.025000000000000022,0.012566137566137614,-0.038018433179723476,-0.012711864406779655,-0.06222943722943719,-0.005952380952380876,-0.024882903981264637,-0.031105990783410142,-0.024193548387096753,-0.055703624733475454,-0.013546798029556606,-0.022321428571428548,-0.007832080200501246,-0.05046583850931674,-0.006265664160400919,-0.049107142857142794,-0.06675824175824169,-0.0401785714285714,-0.026346604215456648,-0.03517316017316016,-0.015476190476190477,-0.013173302107728324,-0.027777777777777762,-0.010895883777239684,-0.04373706004140787,0.04714285714285721,-0.024882903981264637,0.023351648351648324,-0.01065162907268169,-0.03452380952380951,-0.02542372881355931,-0.036904761904761885,-0.040476190476190554,0.01103896103896107,-0.10879120879120874,-0.041666666666666685,-0.01108374384236449,-0.04665898617511516,-0.018159806295399483,0.0051948051948051965,0.03273809523809523,0.005844155844155874,0.029761904761904767,-0.05952380952380948,-0.007832080200501246,-0.02179176755447937,-0.08116883116883111,-0.013546798029556606,-0.006892230576441061,-0.04147465437788017,-0.014162561576354649,-0.012931034482758619,-0.059523809523809534,-0.036592505854800894,0.0181940700808626,-0.01190476190476189,-0.0346153846153846,-0.0401785714285714,-0.03811300639658849,-0.0034461152882205304,-0.03246753246753245,-0.026346604215456648,-0.04096638655462184,-0.004699248120300703,-0.026346604215456648,0.021226415094339646,-0.025793650793650813,-0.004699248120300703,-0.0498400852878465,-0.040584415584415556,-0.024725274725274693,-0.03214285714285714,-0.013824884792626724,0.0,-0.044642857142857095,0.07864741641337392,-0.008004926108374388
-0.006759906759906786,0.0253101736972704,0.05945241199478479,0.03285528031290741,0.043589743589743435,0.07040417209908734,0.06909581646423751,0.10384615384615381,1.0,0.02820512820512816,0.06675824175824169,0.034419817470664915,0.0801161103047896,0.012698412698412653,0.03527851458885939,0.06312997347480098,0.03156498673740049,0.09510489510489506,0.02307692307692305,0.027238335435056715,0.022332506203473934,0.040740740740740744,0.02307692307692305,0.019230769230769218,0.0626780626780627,0.014888337468982604,0.039113428943937434,-0.006993006993006978,0.03670715249662615,0.02421185372005047,0.016377171215880892,0.01712158808933001,-0.011940298507462699,0.04084880636604776,0.0036057692307692457,0.06261808367071525,-0.017837235228539583,0.05614035087719299,0.005769230769230804,0.0,0.006490384615384592,0.020176544766708715,-0.003962703962703984,0.025641025641025605,0.017150063051702358,0.012698412698412653,0.034419817470664915,-0.023188405797101463,0.12461538461538463,0.02622950819672132,0.08846153846153842,0.07989203778677456,0.038461538461538436,0.042242503259452335,0.04487179487179471,0.05256410256410249,0.10069930069930066,0.0,0.01025641025641022,0.03342175066312997,0.019354838709677413,0.0438070404172099,0.06433566433566434,0.09262820512820508,0.05594405594405594,0.08024132730015082,0.014163614163614113,0.04750337381916331,0.025032594524119905,-0.006759906759906786,0.050132625994694924,0.032388663967611364,0.0208436724565757,0.038992042440318286,0.029708222811671098,-0.0051282051282051655,0.020176544766708715,0.07314949201741655,0.025641025641025605,0.0,0.0024038461538461453,-0.005970149253731349,0.023751686909581654,-0.0025641025641025827,0.023203026481715017,-0.01085972850678732,0.019433198380566785,0.023203026481715017,0.06269956458635706,0.007326007326007328,0.04534412955465589,-0.011021814006888675,-0.004662004662004671,0.0,0.0,0.01042183622828785,0.059340659340659296,0.006250000000000033,0.12962356792144025,0.03342175066312997
-0.04848484848484841,-0.013978494623655913,0.007909604519774016,0.006214689265536755,0.0,0.006779661016949212,0.023684210526315863,0.025000000000000022,-0.02820512820512816,1.0,0.033333333333333326,0.01016949152542368,0.05062893081761016,-0.020634920634920673,0.01091954022988506,0.01839080459770126,0.013793103448275945,0.03181818181818186,0.0,-0.00464480874316936,-0.008602150537634357,0.03888888888888892,-0.011827956989247268,0.0,0.06481481481481488,-0.016129032258064502,0.0053672316384180685,-0.03939393939393937,0.018421052631579005,-0.004371584699453479,-0.010752688172043001,-0.01021505376344084,-0.03134328358208954,0.009770114942528774,-0.016666666666666607,0.019298245614035148,-0.04565217391304344,0.01578947368421052,-0.015624999999999972,-0.02820512820512816,-0.010416666666666657,-0.0071038251366120075,-0.013636363636363641,0.0,-0.0035519125683060038,-0.0111111111111111,0.0028248587570621486,-0.03478260869565214,0.06,-0.004098360655737682,0.051282051282051266,0.013157894736842146,0.0,0.008474576271186418,0.0,0.0,0.027272727272727282,-0.030769230769230715,-0.031746031746031744,0.013793103448275945,-0.014516129032258018,0.0053672316384180685,0.025757575757575812,0.08750000000000002,0.028787878787878807,0.04705882352941182,-0.02460317460317457,0.02017543859649129,0.007909604519774016,-0.04393939393939389,0.01149425287356326,0.027192982456140435,-0.013440860215053752,0.020689655172413834,0.017816091954023006,-0.054545454545454564,-0.006557377049180246,0.04842767295597494,0.0,-0.029487179487179438,-0.027083333333333293,-0.03308457711442786,0.022807017543859665,-0.04696969696969694,-0.0071038251366120075,-0.03725490196078429,0.01754385964912286,-0.006284153005464421,0.055031446540880546,-0.015873015873015872,0.019298245614035148,-0.053980099502487555,-0.037878787878787845,-0.030769230769230715,-0.03205128205128205,-0.011827956989247268,0.01904761904761909,-0.027083333333333293,0.10141843971631209,0.01091954022988506
-0.04870129870129869,-0.038018433179723476,-0.02088377723970941,-0.019067796610169496,-0.02619047619047621,-0.01361985472154964,-0.008458646616541277,0.0,-0.06675824175824169,-0.033333333333333326,1.0,-0.02723970944309928,0.019204851752021634,-0.031746031746031744,-0.012931034482758619,-0.016009852216748777,-0.01231527093596052,0.0061688311688312125,-0.01904761904761909,-0.01902810304449648,-0.038018433179723476,0.014550264550264591,-0.024193548387096753,-0.036904761904761885,0.023809523809523836,-0.05011520737327185,-0.008171912832929784,-0.02705627705627703,-0.0037593984962405735,-0.02341920374707257,-0.022465437788018433,-0.029377880184331795,-0.023454157782516,-0.012931034482758619,-0.0200892857142857,-0.005952380952380876,-0.04037267080745341,-0.005012531328320802,-0.049107142857142794,-0.07417582417582413,-0.03348214285714282,-0.02927400468384067,-0.04599567099567098,-0.005952380952380945,-0.011709601873536285,-0.02182539682539683,-0.010895883777239684,-0.020186335403726705,0.03857142857142859,-0.017564402810304414,0.01648351648351648,-0.005012531328320802,-0.021428571428571408,-0.017251815980629526,-0.020238095238095277,-0.02380952380952378,0.005519480519480535,-0.059340659340659296,-0.04365079365079366,-0.019704433497536922,-0.05011520737327185,-0.01543583535108961,0.0019480519480519626,0.03273809523809523,0.0051948051948051965,0.038515406162465016,-0.04563492063492064,-0.005325814536340845,-0.02179176755447937,-0.06764069264069261,-0.011699507389162533,-0.007518796992481147,-0.019009216589861738,-0.018472906403940836,-0.016625615763546764,-0.09740259740259738,-0.026346604215456648,0.014150943396226467,-0.016666666666666663,-0.03708791208791207,-0.046875,-0.03811300639658849,-0.004699248120300703,-0.06222943722943719,-0.016100702576112402,-0.04411764705882351,-0.0040726817042606445,-0.014637002341920335,0.020215633423180668,-0.02976190476190474,-0.0034461152882205304,-0.06743070362473347,-0.08116883116883111,-0.0346153846153846,-0.042032967032966995,-0.008640552995391695,0.0,-0.024553571428571397,0.05129179331306993,-0.008004926108374388
-0.03954802259887008,-0.02460360852925092,0.0,0.0,-0.009039548022598876,0.0,0.016057091882248076,0.024515738498789352,-0.034419817470664915,-0.01016949152542368,0.02723970944309928,1.0,0.04796929964822516,-0.029055690072639195,0.008182349503214503,0.007890122735242588,0.006721215663354763,0.024653312788906034,-0.00508474576271184,-0.010558488469019134,-0.019682886823400803,0.040803515379786603,-0.014762165117550574,-0.009039548022598876,0.04708097928436916,-0.02952433023510115,0.0,-0.04494093477144323,0.011894142134998564,-0.01222561822728535,-0.013121924548933794,-0.013942044833242184,-0.02630913230457879,0.0052600818234950775,-0.021186440677966045,0.013083556348498393,-0.041758781626136054,0.007731192387749053,-0.02515889830508472,-0.039113428943937434,-0.017213983050847426,-0.013337038066129459,-0.034155110426296875,-0.0048022598870056665,-0.00833564879133089,-0.0161420500403551,0.0,-0.03438958486858265,0.04881355932203396,-0.00833564879133089,0.027379400260756165,0.009515313707998851,-0.006214689265536755,0.0,-0.0064971751412429835,-0.0064971751412429835,0.022187981510015442,-0.039113428943937434,-0.03443637341942418,0.007890122735242588,-0.03198469108802626,0.0,0.01972265023112485,0.05826271186440679,0.02588597842835133,0.07976071784646066,-0.02690341673392521,0.013083556348498393,0.0,-0.04853620955315868,0.0061367621274108775,0.01665179898899799,-0.01722252597047569,0.010520163646990155,0.010227936879018129,-0.06831022085259375,-0.015559877743817674,0.05564438759194118,-0.003954802259887008,-0.03285528031290741,-0.03045550847457623,-0.028332911712623338,0.01070472792149868,-0.050333846944016436,-0.013337038066129459,-0.035892323030907225,0.012488849241748479,-0.013337038066129459,0.0518068436200832,-0.013989776701641116,0.008920606601248937,-0.04452314697697951,-0.052131484334874134,-0.026597131681877384,-0.042242503259452335,-0.014762165117550574,0.012711864406779655,-0.02515889830508472,0.06058420483231161,0.004675628287551192
-0.07061177815894804,-0.06025562994522221,-0.04221298369043819,-0.04413175567636718,-0.05283018867924538,-0.04029421170450914,-0.029129427341939795,-0.019204851752021634,-0.0801161103047896,-0.05062893081761016,-0.019204851752021634,-0.04796929964822516,1.0,-0.08984725965858048,-0.034157449577098264,-0.03903708523096944,-0.034157449577098264,-0.012349914236706727,-0.03522012578616357,-0.047015156201670294,-0.06299452221545959,-0.008735150244584211,-0.07121119902617168,-0.04842767295597494,-0.008036338225017536,-0.06025562994522221,-0.03837543971858015,-0.10405946255002868,-0.02118503806686528,-0.05196412001237244,-0.04656116859403536,-0.06025562994522221,-0.08279357927344416,-0.029277813923227092,-0.07458726415094341,-0.019860973187686204,-0.04375170905113482,-0.022509102946044413,-0.0778301886792453,-0.0766328011611031,-0.06161556603773588,-0.06186204763377667,-0.08547741566609496,-0.03962264150943401,-0.03959171048561705,-0.06289308176100633,-0.03645666773265116,-0.08312824719715617,0.01811320754716983,-0.029693782864212814,0.0061683599419447566,-0.02118503806686528,-0.05062893081761016,-0.04413175567636718,-0.04402515723270445,-0.037421383647798845,-0.010977701543739282,-0.07314949201741655,-0.06289308176100633,-0.02277163305139887,-0.073950091296409,-0.07291333546530232,-0.017152658662092646,0.04520440251572322,-0.018524871355060035,0.017018128005919286,-0.0539083557951483,-0.026481297583581587,-0.030700351774864132,-0.08176100628930827,-0.03903708523096944,-0.02383316782522349,-0.06025562994522221,-0.02277163305139887,-0.02765126870527007,-0.07804459691252147,-0.04454067429631925,0.0,-0.03081761006289313,-0.0766328011611031,-0.04540094339622644,-0.07096592509152355,-0.019860973187686204,-0.07804459691252147,-0.06186204763377667,-0.07491675915649282,-0.019860973187686204,-0.04948963810702134,0.0,-0.03893381251871822,-0.026481297583581587,-0.07096592509152355,-0.07432818753573472,-0.05573294629898404,-0.07314949201741655,-0.05203895313451007,-0.021226415094339646,-0.07458726415094341,0.028904054596547574,-0.01789199739752767
-0.015873015873015872,0.007680491551459279,0.031207963411353234,0.02152273338714017,0.026190476190476097,0.0322841000807102,0.04511278195488727,0.04365079365079366,-0.012698412698412653,0.020634920634920673,0.031746031746031744,0.029055690072639195,0.08984725965858048,1.0,0.030103995621237056,0.03147235905856599,0.03147235905856599,0.050793650793650835,0.02380952380952378,0.0130106687483737,0.005632360471070186,0.05026455026455029,0.008704557091653853,0.01190476190476189,0.05291005291005296,0.004864311315924241,0.02690341673392521,-0.023088023088023102,0.04010025062656647,0.011449388498568858,0.006400409626216075,0.006400409626216075,-0.02653399668325046,0.030103995621237056,-0.005952380952380876,0.025062656641604036,-0.027605244996549316,0.04344193817878034,-0.0054563492063491315,-0.00879120879120876,-0.0054563492063491315,0.014571948998178541,-0.015151515151515138,0.02380952380952378,0.010928961748633892,0.0,0.02044659671778315,-0.037267080745341574,0.09079365079365087,0.010408534998698982,0.07722832722832723,0.04010025062656647,0.025396825396825307,0.031207963411353234,0.026190476190476097,0.01428571428571429,0.046176046176046204,-0.012210012210012222,0.0,0.013683634373289566,0.00691244239631339,0.02690341673392521,0.09004329004329004,0.18353174603174605,0.0692640692640693,0.0784313725490196,0.0,0.038429406850459535,0.02259887005649719,-0.01803751803751802,0.027367268746579132,0.04177109440267335,0.007936507936507964,0.024630541871921208,0.027367268746579132,-0.011544011544011551,0.011449388498568858,0.0808625336927224,0.019841269841269826,-0.014163614163614113,-0.004960317460317443,-0.02179578298981283,0.038429406850459535,-0.017316017316017285,0.015092375748113507,-0.033846872082166135,0.03508771929824567,0.012490241998438789,0.04791853848457622,0.0,0.05012531328320807,-0.02369106846718788,-0.012265512265512257,-0.012698412698412653,-0.01318681318681314,0.006400409626216075,0.05952380952380948,-0.007688492063491981,0.10807159743329958,0.027367268746579132
-0.027168234064785773,-0.025583982202447175,-0.004967855055523107,-0.007013442431326733,-0.012068965517241403,-0.005552308591466992,0.006049606775559602,0.01231527093596052,-0.03527851458885939,-0.01091954022988506,0.012931034482758619,-0.008182349503214503,0.034157449577098264,-0.030103995621237056,1.0,0.0,0.0,0.02163009404388716,-0.013218390804597746,-0.023742227247032177,-0.05005561735261399,0.02937420178799488,-0.023359288097886566,-0.017241379310344862,0.028097062579821197,-0.033370411568409364,-0.003214494447691424,-0.043887147335423204,0.00937689050211743,-0.025438100621820225,-0.01557285873192435,-0.01112347052280313,-0.01852804940813177,0.0,-0.024245689655172403,0.007259528130671489,-0.05772113943028484,0.0036297640653357444,-0.024245689655172403,-0.038992042440318286,-0.04364224137931033,-0.01695873374788015,-0.043887147335423204,-0.008620689655172431,-0.010175240248728096,-0.027367268746579132,-0.004383401519579222,-0.04122938530734632,0.04965517241379308,-0.0186546071226682,0.021883289124668415,0.005142165759225659,-0.013793103448275945,-0.004091174751607252,-0.010344827586206917,-0.012643678160919603,0.014106583072100332,-0.03156498673740049,-0.024630541871921208,0.0,-0.03448275862068961,-0.006721215663354763,0.008463949843260182,0.05387931034482757,0.023510971786833867,0.10412440838404324,-0.03420908593322386,0.005444646098003603,-0.007890122735242588,-0.05851619644723094,0.0,0.007259528130671489,-0.02447163515016687,0.0,0.0,-0.05433646812957155,-0.027981910684002242,0.04066363044892651,-0.00804597701149426,-0.029708222811671098,-0.038793103448275856,-0.03937210499228,0.0033272837265577726,-0.03134796238244514,-0.010175240248728096,-0.03549695740365111,0.005747126436781658,-0.015262860373092157,0.03741054001301242,-0.02052545155993432,0.003932244404113744,-0.04168811116829646,-0.035527690700104475,-0.02042440318302388,-0.03527851458885939,-0.014460511679644045,0.009852216748768461,-0.025862068965517238,0.06052824651504035,0.0
-0.08777429467084641,-0.03781979977753058,-0.012273524254821755,-0.006428988895382848,-0.017241379310344862,-0.008766803039158444,0.010889292196007205,0.020935960591133007,-0.06312997347480098,-0.01839080459770126,0.016009852216748777,-0.007890122735242588,0.03903708523096944,-0.03147235905856599,0.0,1.0,0.0,0.030094043887147315,-0.009770114942528774,-0.023742227247032177,-0.026696329254727535,0.026819923371647514,-0.0311457174638487,-0.01149425287356326,0.033205619412515985,-0.025583982202447175,-0.0061367621274108775,-0.06269592476489028,0.005444646098003603,-0.016110797060486126,-0.025583982202447175,-0.0311457174638487,-0.06253216675244472,0.0,-0.024245689655172403,0.00877192982456143,-0.04122938530734632,0.007562008469449488,-0.037176724137930994,-0.050132625994694924,-0.027478448275862044,-0.02119841718485016,-0.02925809822361547,-0.010344827586206917,-0.010175240248728096,-0.027367268746579132,-0.0035067212156633665,-0.05497251374312845,0.060689655172413814,-0.015262860373092157,0.049734748010610064,0.007562008469449488,-0.020689655172413834,-0.009059029807130359,-0.019540229885057547,-0.015517241379310376,0.0329153605015674,-0.07055702917771878,-0.03831417624521072,0.0,-0.0311457174638487,-0.007305669199298648,0.01598746081504704,0.06465517241379304,0.017868338557993746,0.04496281271129143,-0.0451559934318555,0.00877192982456143,-0.006721215663354763,-0.07732497387669801,0.0,0.007864488808227488,-0.03448275862068961,0.0,0.0,-0.043887147335423204,-0.0186546071226682,0.03578399479505534,-0.013218390804597746,-0.0557029177718833,-0.025862068965517238,-0.03937210499228,0.005444646098003603,-0.04806687565308254,-0.0186546071226682,-0.03803245436105476,0.004839685420447659,-0.0186546071226682,0.04229017566688359,-0.021893814997263283,0.007562008469449488,-0.0486361296963459,-0.0376175548589342,-0.037135278514588865,-0.03156498673740049,-0.02002224694104565,0.012931034482758619,-0.04364224137931033,0.08877476155539249,0.0
-0.05433646812957155,-0.025583982202447175,-0.007597895967270618,-0.005552308591466992,-0.012643678160919603,-0.0061367621274108775,0.007864488808227488,0.012931034482758619,-0.03156498673740049,-0.013793103448275945,0.01231527093596052,-0.006721215663354763,0.034157449577098264,-0.03147235905856599,0.0,0.0,1.0,0.02915360501567399,-0.01839080459770126,-0.023742227247032177,-0.03559510567296997,0.03703703703703709,-0.0211345939933259,-0.017816091954023006,0.030651340996168563,-0.02892102335928809,-0.0029222676797194813,-0.0376175548589342,0.009679370840895318,-0.01356698699830411,-0.02002224694104565,-0.02002224694104565,-0.027792074112197668,0.0,-0.032327586206896575,0.008469449485783487,-0.0769615192403798,0.004234724742891743,-0.02262931034482757,-0.029708222811671098,-0.029094827586206906,-0.0186546071226682,-0.0376175548589342,-0.01091954022988506,-0.010175240248728096,-0.021893814997263283,-0.002337814143775596,-0.03298350824587709,0.05241379310344829,-0.012719050310910113,0.031830238726790416,0.005747126436781658,-0.012068965517241403,-0.004967855055523107,-0.01149425287356326,-0.01149425287356326,0.017868338557993746,-0.03527851458885939,-0.025998905309250142,0.0,-0.02892102335928809,-0.004675628287551192,0.01034482758620689,0.06465517241379304,0.017868338557993746,0.061528059499662,-0.03557744937055285,0.009679370840895318,-0.010227936879018129,-0.06687565308254967,0.0,0.00877192982456143,-0.030033370411568394,0.0,0.0,-0.05433646812957155,-0.02967778405879018,0.02765126870527007,-0.008620689655172431,-0.03527851458885939,-0.04202586206896547,-0.0486361296963459,0.004537205081669715,-0.04806687565308254,-0.019502543810062167,-0.030425963488843827,0.006654567453115545,-0.011023176936122092,0.047169811320754707,-0.01915708812260536,0.003024803387779801,-0.0486361296963459,-0.022988505747126464,-0.02228116710875333,-0.04456233421750666,-0.017797552836484987,0.007389162561576318,-0.027478448275862044,0.08070432868672045,0.0
-0.08181818181818185,-0.06568914956011729,-0.04067796610169494,-0.01972265023112485,-0.04090909090909095,-0.03328197226502316,-0.01977671451355656,-0.010714285714285676,-0.09510489510489506,-0.03181818181818186,-0.0061688311688312125,-0.024653312788906034,0.012349914236706727,-0.050793650793650835,-0.02163009404388716,-0.030094043887147315,-0.02915360501567399,1.0,-0.034848484848484906,-0.0661698956780924,-0.06979472140762466,0.006734006734006759,-0.06158357771261003,-0.03181818181818186,0.005723905723905742,-0.04310850439882702,-0.023420647149460738,-0.07272727272727275,-0.01594896331738438,-0.03576751117734722,-0.036950146627566016,-0.03489736070381233,-0.058616010854816825,-0.026332288401253956,-0.03579545454545455,-0.02551834130781494,-0.07378129117259552,-0.01084529505582138,-0.038352272727272735,-0.05034965034965033,-0.051136363636363646,-0.028614008941877767,-0.04545454545454547,-0.027272727272727282,-0.01967213114754099,-0.04848484848484852,-0.012326656394453017,-0.07378129117259552,0.04363636363636364,-0.03219076005961252,0.02517482517482511,-0.022328548644338087,-0.054545454545454564,-0.030816640986132515,-0.0378787878787879,-0.03939393939393937,0.0,-0.08951048951048951,-0.03001443001443002,-0.007523510971786829,-0.047214076246334336,-0.027118644067796627,0.0,0.04242424242424242,0.0,0.029946524064171087,-0.07388167388167388,-0.019138755980861233,-0.0357473035439137,-0.12727272727272732,-0.03385579937304073,-0.01594896331738438,-0.0780058651026393,-0.016927899686520365,-0.017868338557993746,-0.05757575757575761,-0.05007451564828613,0.013036020583190422,-0.021212121212121238,-0.05874125874125874,-0.051136363636363646,-0.05535956580732704,-0.005741626794258381,-0.036363636363636376,-0.03755588673621463,-0.04518716577540105,-0.012121212121212088,-0.03219076005961252,0.02264150943396237,-0.027705627705627733,-0.011483253588516762,-0.052103120759837196,-0.04242424242424245,-0.025174825174825166,-0.03916083916083918,-0.032844574780058644,-0.005519480519480535,-0.0690340909090909,0.0742746615087041,-0.016927899686520365
-0.0318181818181818,-0.01290322580645159,0.007344632768361559,0.006214689265536755,0.0,0.007627118644067787,0.02192982456140352,0.027380952380952395,-0.02307692307692305,0.0,0.01904761904761909,0.00508474576271184,0.03522012578616357,-0.02380952380952378,0.013218390804597746,0.009770114942528774,0.01839080459770126,0.034848484848484906,1.0,-0.00491803278688524,-0.01505376344086018,0.03518518518518521,-0.01021505376344084,0.0,0.029629629629629672,-0.009677419354838734,0.0028248587570621486,-0.02121212121212121,0.02807017543859658,-0.0035519125683060038,-0.004838709677419367,-0.008064516129032251,-0.020895522388059695,0.012068965517241403,-0.021874999999999978,0.019298245614035148,-0.06304347826086953,0.012280701754386003,-0.013541666666666646,-0.01794871794871794,-0.015624999999999972,-0.003278688524590123,-0.02121212121212121,0.0,-0.0035519125683060038,-0.013492063492063444,0.003389830508474606,-0.03260869565217389,0.06,-0.004098360655737682,0.03076923076923077,0.01666666666666672,0.0,0.00508474576271184,0.0,0.0,0.025757575757575812,-0.025641025641025605,-0.013492063492063444,0.006321839080459801,-0.01021505376344084,0.0031073446327683774,0.034848484848484906,0.07916666666666666,0.03636363636363643,0.04705882352941182,-0.020634920634920673,0.022807017543859665,0.009604519774011333,-0.037878787878787845,0.01091954022988506,0.024561403508772006,-0.011290322580645162,0.013218390804597746,0.013218390804597746,-0.027272727272727282,-0.00928961748633872,0.02641509433962269,0.0,-0.016666666666666663,-0.02604166666666663,-0.038308457711442756,0.01754385964912286,-0.040909090909090895,-0.005191256830601065,-0.03137254901960779,0.026315789473684292,-0.003825136612021829,0.05283018867924538,-0.013492063492063444,0.009649122807017574,-0.02437810945273633,-0.02121212121212121,-0.012820512820512803,-0.029487179487179438,-0.008602150537634357,0.01904761904761909,-0.020833333333333315,0.11524822695035464,0.00919540229885063
-0.03229011425732736,-0.006345848757271344,0.01500416782439562,0.007224228952486783,0.006010928961748596,0.01222561822728535,0.02876042565429965,0.03512880562060883,-0.027238335435056715,0.00464480874316936,0.01902810304449648,0.010558488469019134,0.047015156201670294,-0.0130106687483737,0.023742227247032177,0.023742227247032177,0.023742227247032177,0.0661698956780924,0.00491803278688524,1.0,-0.009254362771020652,0.036126290224650914,-0.008196721311475419,0.003825136612021829,0.029751062537947792,-0.004759386567953494,0.013892747985551512,-0.031048186785891718,0.03336209375898763,0.0,-0.006345848757271344,-0.0042305658381808775,-0.03229752874969416,0.025438100621820225,-0.01306352459016391,0.042565429968363544,-0.04941791399382278,0.026459591601955712,-0.012295081967213128,-0.019167717528373263,-0.02612704918032782,0.0,-0.02235469448584204,0.007377049180327833,0.0,-0.016133229247983383,0.009447068630175026,-0.05702066999287242,0.10098360655737704,0.0,0.0822824716267338,0.035662927811331624,0.009562841530054489,0.013892747985551512,0.005737704918032771,0.006830601092896127,0.04470938897168403,-0.028247162673392223,-0.005724694249284429,0.010175240248728096,-0.005552617662612391,0.014448457904973566,0.026825633383010444,0.06215846994535518,0.04292101341281668,0.07714561234329792,-0.015092375748113507,0.026459591601955712,0.011669908307863297,-0.03849975161450575,0.03137365743357834,0.019557089444923792,-0.008725542041248091,0.010175240248728096,0.011871113623516089,-0.014903129657228037,0.0,0.042066192390968205,0.00464480874316936,-0.02421185372005047,-0.01075819672131148,-0.027893320283826795,0.00690250215703192,-0.012419274714356693,0.0,-0.02025072324011573,0.019557089444923792,0.0,0.0791834209712341,-0.008847254748894084,0.02876042565429965,-0.026425250795204303,-0.01117734724292102,-0.012105926860025235,-0.006052963430012617,-0.006081438392385008,0.033665105386416816,-0.027663934426229497,0.1367282874084409,0.027981910684002242
