0,1,2,3,4,5,6,7,8,9,10,11,12,13,14,15,16,17,18,19,20,21,22,23,24,25,26,27,28,29,30,31,32,33,34,35,36,37,38,39,40,41,42,43,44,45,46,47,48,49,50,51,52,53,54,55,56,57,58,59,60,61,62,63,64,65,66,67,68,69,70,71,72,73,74,75,76,77,78,79,80,81,82,83,84,85,86,87,88,89,90,91,92,93,94,95,96,97,98,99
1.0,0.09909909909909909,0.017210144927536197,0.0,0.04844961240310075,0.07500000000000001,0.07825203252032514,0.06402439024390244,0.07432432432432434,0.04844961240310075,0.06666666666666671,0.0222222222222222,0.06578947368421056,0.02906976744186046,0.09909909909909909,0.07825203252032514,0.05769230769230771,0.03598484848484845,0.047619047619047616,0.07083333333333336,0.036337209302325535,0.0066489361702127825,-0.014166666666666716,0.038461538461538464,0.01992753623188409,0.020833333333333315,0.06666666666666671,0.054824561403508776,0.0681306306306306,0.006205673758865271,0.060562015503875855,0.051136363636363646,0.009308510638297907,0.09290540540540537,0.03875968992248058,0.04118217054263562,0.014492753623188415,0.09247967479674801,0.028409090909090884,-0.008503401360544172,0.03869047619047622,0.10000000000000009,0.047619047619047616,0.05769230769230771,0.008865248226950395,0.009963768115942045,0.041666666666666685,0.009751773049645418,0.12387387387387383,0.046239837398374006,0.12083333333333335,0.08333333333333337,0.015398550724637639,0.036337209302325535,0.12867647058823528,0.03472222222222221,0.0533536585365853,0.09027777777777785,0.0,0.0,0.04979674796747968,0.05691056910569103,0.08653846153846151,0.07113821138211379,0.054166666666666696,0.0625,0.028409090909090884,0.03030303030303033,0.03875968992248058,0.10964912280701755,0.0625,0.05833333333333335,0.036337209302325535,0.02664728682170539,0.015277777777777751,0.03977272727272724,0.10059523809523813,0.0,0.07142857142857151,0.055717054263565824,0.0,0.04464285714285715,0.04979674796747968,0.054166666666666696,0.03030303030303033,0.0222222222222222,0.04979674796747968,0.07211538461538458,0.06046747967479671,0.035569105691056896,0.023611111111111083,-0.009778911564625847,0.007535460992907805,0.012411347517730542,0.047619047619047616,0.043604651162790664,0.01893939393939395,0.024999999999999967,0.09583333333333338,0.041666666666666685
-0.09909909909909909,1.0,-0.1216216216216216,-0.17342342342342343,-0.12067881835323702,-0.030405405405405372,-0.05537244561634802,-0.06591957811470006,0.0,-0.04902576995600255,-0.008108108108108095,-0.024024024024024024,-0.0035561877667140696,-0.04902576995600255,0.0,-0.050098879367172056,-0.01108801108801108,-0.06879606879606875,-0.022522522522522515,-0.03851351351351351,-0.07165304839723446,-0.04025301897642322,-0.08432432432432435,-0.012474012474012475,-0.04759106933019974,-0.043243243243243246,-0.03243243243243238,-0.00640113798008532,0.0,-0.06325474410580789,-0.06033940917661851,-0.07739557739557734,-0.0747556066705003,0.0,-0.04902576995600255,-0.07919547454431175,-0.11633372502937711,-0.02636783124588002,-0.04729729729729726,-0.05956977385548812,-0.028957528957528927,-0.030405405405405372,-0.03861003861003859,-0.02494802494802495,-0.12075905692926964,-0.07403055229142186,-0.018243243243243223,-0.08050603795284644,0.0,-0.04218852999340805,-0.030405405405405372,-0.05878378378378368,-0.11633372502937711,-0.0980515399120051,0.050079491255961894,-0.06246246246246251,-0.06591957811470006,0.018018018018018056,-0.07432432432432434,-0.04335585585585586,-0.010547132498352013,-0.01318391562294001,-0.013860013860013842,-0.02900461437046803,-0.022297297297297236,-0.018018018018018056,-0.07309582309582308,-0.03439803439803438,-0.05279698302954117,-0.012091038406827848,-0.034459459459459385,-0.02027027027027023,-0.05279698302954117,-0.04525455688246388,-0.043243243243243246,-0.030098280098280084,0.01698841698841702,-0.05574324324324323,-0.04504504504504503,-0.06033940917661851,-0.09909909909909909,-0.04504504504504503,-0.044825313117996035,-0.022297297297297236,-0.08169533169533172,-0.0960960960960961,-0.03427818061964405,-0.009702009702009712,-0.050098879367172056,-0.02900461437046803,-0.07687687687687689,-0.07942636514065085,-0.0747556066705003,-0.10350776308223109,-0.04504504504504503,-0.06411062225015712,-0.05159705159705158,-0.08168168168168166,-0.02635135135135136,-0.04826254826254822
-0.017210144927536197,0.1216216216216216,1.0,-0.01992753623188409,0.040950455005055564,0.08804347826086956,0.05832449628844105,0.06892895015906675,0.11104582843713279,0.039433771486349745,0.05543478260869572,0.009661835748792202,0.04118993135011442,0.02123356926188069,0.04759106933019974,0.04506892895015907,0.042920847268673346,0.017786561264822143,0.022774327122153215,0.06521739130434784,0.0227502527805864,-0.0050878815911193365,-0.029565217391304355,0.0741360089186176,0.0,0.010628019323671412,0.05217391304347829,0.059496567505720854,0.0898942420681551,-0.006012950971322872,0.024266936299292163,0.015810276679841917,-0.006012950971322872,0.07403055229142186,0.025783619817997983,0.039433771486349745,0.0,0.034464475079533374,0.017786561264822143,-0.0252883762200532,0.031055900621118016,0.05217391304347829,0.03726708074534163,0.06243032329988851,-0.008788159111933314,0.0,0.03586956521739132,-0.007400555041628121,0.0898942420681551,0.05832449628844105,0.048913043478260865,0.08804347826086956,0.0,0.02123356926188069,0.21483375959079287,0.012077294685990392,0.05832449628844105,0.12681159420289861,-0.020833333333333315,-0.01992753623188409,0.05302226935312826,0.02651113467656413,0.03901895206243031,0.02651113467656413,0.03586956521739132,0.04682274247491641,0.021739130434782594,0.009881422924901184,0.0227502527805864,0.06864988558352403,0.048913043478260865,0.042391304347826064,0.02123356926188069,0.030333670374115218,0.00724637681159418,0.024703557312253044,0.11614906832298139,-0.009963768115942045,0.02898550724637683,0.02123356926188069,-0.019021739130434756,0.0331262939958592,0.04241781548250262,0.04565217391304349,0.02075098814229248,0.009661835748792202,0.04772004241781547,0.042920847268673346,0.05567338282078477,0.04506892895015907,0.007729468599033784,-0.026619343389529704,-0.009250693802035137,-0.01156336725254381,0.03933747412008287,0.024266936299292163,0.015810276679841917,0.006763285024154575,0.05217391304347829,0.031055900621118016
0.0,0.17342342342342343,0.01992753623188409,1.0,0.07267441860465107,0.0625,0.09603658536585369,0.09247967479674801,0.11148648648648646,0.04844961240310075,0.041666666666666685,0.012499999999999983,0.06578947368421056,0.04602713178294571,0.11768018018018017,0.09603658536585369,0.0625,0.0378787878787879,0.0535714285714286,0.08333333333333337,0.043604651162790664,0.004875886524822709,-0.016666666666666663,0.04807692307692307,0.014492753623188415,0.018055555555555547,0.08750000000000002,0.0767543859649123,0.09290540540540537,0.004875886524822709,0.05329457364341078,0.04356060606060602,0.008421985815602884,0.07432432432432434,0.043604651162790664,0.05329457364341078,0.020833333333333315,0.06046747967479671,0.020833333333333343,-0.007227891156462607,0.0267857142857143,0.08750000000000002,0.05059523809523808,0.10096153846153844,0.012854609929078054,0.014492753623188415,0.041666666666666685,0.007978723404255372,0.09909909909909909,0.0533536585365853,0.08750000000000002,0.10416666666666663,0.017210144927536197,0.0678294573643411,0.13725490196078433,0.0222222222222222,0.08536585365853655,0.13888888888888895,0.0,0.0,0.03201219512195122,0.046239837398374006,0.09615384615384615,0.07113821138211379,0.0625,0.0913461538461538,0.028409090909090884,0.024621212121212155,0.03875968992248058,0.10416666666666669,0.07916666666666666,0.06666666666666671,0.036337209302325535,0.036337209302325535,0.015277777777777751,0.03030303030303033,0.10833333333333334,0.0,0.06547619047619052,0.04118217054263562,0.0,0.05059523809523808,0.07825203252032514,0.08333333333333337,0.053030303030303094,0.02916666666666662,0.06402439024390244,0.07211538461538458,0.06402439024390244,0.03912601626016257,0.018055555555555547,-0.008928571428571397,0.006205673758865271,0.011081560283688008,0.05059523809523808,0.055717054263565824,0.03598484848484845,0.031944444444444386,0.07916666666666666,0.03869047619047622
-0.04844961240310075,0.12067881835323702,-0.040950455005055564,-0.07267441860465107,1.0,0.033139534883720956,0.02382302892796373,0.02836074872376637,0.08296668761785042,0.0,0.010465116279069792,-0.009302325581395349,0.024479804161566754,0.0,0.030169704588309254,0.02268859897901304,0.02623732856291,-0.010042283298097254,0.004429678848283519,0.04011627906976756,0.0,-0.013854527461652638,-0.045581395348837206,0.028622540250447248,-0.019716885743174872,-0.01136950904392764,0.03488372093023262,0.03365973072215428,0.04525455688246388,-0.023750618505690213,0.0,-0.011099365750528556,-0.027709054923305276,0.05279698302954117,0.0,0.0,-0.040950455005055564,0.012478729438457181,-0.006342494714587699,-0.02847650688182246,0.006644518272425293,0.03139534883720935,0.008859357696567038,0.04531902206320809,-0.045522018802572894,-0.024266936299292163,0.01744186046511631,-0.029688273132112752,0.0678818353236958,0.02155416903006241,0.029651162790697738,0.05058139534883732,-0.03185035389282104,0.0,0.1477428180574556,-0.01653746770025838,0.024957458876914362,0.11757105943152468,-0.031492248062015504,-0.024224806201550375,0.01134429948950652,0.010209869540555888,0.023852116875372698,0.01134429948950652,0.013953488372093065,0.02623732856291,-0.008456659619450246,-0.0036997885835095,0.0,0.055079559363525155,0.029651162790697738,0.015697674418604673,0.0,0.0,-0.012403100775193798,-0.006342494714587699,0.0637873754152824,-0.02906976744186046,0.008305647840531616,0.0,-0.04844961240310075,0.009966777408637939,0.02268859897901304,0.019186046511627974,-0.011099365750528556,-0.019638242894056857,0.024957458876914362,0.023852116875372698,0.024957458876914362,0.017016449234259767,-0.01757105943152454,-0.03701945894636921,-0.019792182088075178,-0.04156358238495789,0.008859357696567038,0.0,-0.0068710359408033495,-0.019638242894056857,0.029651162790697738,0.010520487264673362
-0.07500000000000001,0.030405405405405372,-0.08804347826086956,-0.0625,-0.033139534883720956,1.0,-0.008536585365853666,-0.01036585365853665,0.03648648648648645,-0.03488372093023262,0.0,-0.050000000000000044,0.01052631578947369,-0.02790697674418613,0.02027027027027023,-0.01036585365853665,0.007692307692307665,-0.040909090909090895,-0.009523809523809545,0.0,-0.02790697674418613,-0.05585106382978722,-0.09500000000000003,0.009615384615384581,-0.05217391304347829,-0.050000000000000044,0.0,0.01710526315789479,0.030405405405405372,-0.04840425531914894,-0.022674418604651192,-0.034090909090909116,-0.05585106382978722,0.03243243243243238,-0.03837209302325595,-0.045348837209302384,-0.05543478260869572,-0.007317073170731769,-0.0318181818181818,-0.0596938775510204,-0.016666666666666663,0.0,-0.01785714285714285,0.0064102564102563875,-0.05585106382978722,-0.04565217391304349,0.0,-0.06329787234042555,0.046621621621621534,-0.0128048780487805,0.0,0.0,-0.042391304347826064,-0.0122093023255814,0.11911764705882355,-0.07500000000000007,-0.01036585365853665,0.04444444444444445,-0.07500000000000001,-0.07500000000000001,-0.01097560975609757,-0.004878048780487837,0.005769230769230749,-0.006707317073170793,0.0,0.008333333333333304,-0.04318181818181821,-0.02954545454545454,-0.029651162790697738,0.02105263157894738,0.0,0.0,-0.020930232558139583,-0.02790697674418613,-0.03333333333333338,-0.04318181818181821,0.05357142857142855,-0.054166666666666696,-0.01785714285714285,-0.02790697674418613,-0.054166666666666696,-0.01904761904761909,-0.006707317073170793,0.0,-0.02954545454545454,-0.047222222222222276,-0.008536585365853666,0.007692307692307665,-0.014634146341463539,-0.00792682926829269,-0.03333333333333338,-0.07806122448979597,-0.06329787234042555,-0.05957446808510641,-0.016666666666666663,-0.019186046511627974,-0.025000000000000022,-0.03888888888888892,0.0,-0.01904761904761909
-0.07825203252032514,0.05537244561634802,-0.05832449628844105,-0.09603658536585369,-0.02382302892796373,0.008536585365853666,1.0,0.0,0.04218852999340805,-0.02155416903006241,0.008536585365853666,-0.03252032520325199,0.0211810012836971,-0.018150879183210455,0.03691496374423203,0.0,0.016260162601625994,-0.03658536585365846,-0.011033681765389047,0.009146341463414698,-0.020419739081111776,-0.02490918526206537,-0.05707317073170731,0.011257035647279534,-0.04772004241781547,-0.034688346883468835,0.009146341463414698,0.015404364569961526,0.044825313117996035,-0.021795537104307205,-0.017016449234259767,-0.02494456762749442,-0.04981837052413074,0.02373104812129201,-0.013613159387407814,-0.024957458876914362,-0.04506892895015907,0.0,-0.026607538802660702,-0.09158785465405667,-0.007549361207897787,0.01036585365853665,-0.006387921022067311,0.020012507817385894,-0.052932018681888904,-0.02651113467656413,0.0036585365853658847,-0.0311364815775817,0.04218852999340805,0.0,0.008536585365853666,0.015243902439024404,-0.05037115588547192,-0.018150879183210455,0.07532281205164998,-0.041192411924119265,0.0,0.060975609756097615,-0.07113821138211379,-0.05691056910569103,0.0,0.0,0.02126328955597251,0.0,0.009756097560975674,0.01876172607879928,-0.03325942350332589,-0.026607538802660702,-0.017016449234259767,0.04043645699614895,0.012195121951219579,0.007317073170731769,-0.014747589336358502,-0.02268859897901304,-0.02818428184281846,-0.02161862527716185,0.06689895470383278,-0.035569105691056896,-0.007549361207897787,-0.013613159387407814,-0.04979674796747968,-0.007549361207897787,0.0,0.009146341463414698,-0.03159645232815966,-0.036856368563685626,0.0,0.012507817385866177,0.0,0.0,-0.019512195121951237,-0.08362369337979092,-0.05915931499740523,-0.0622729631551634,-0.007549361207897787,-0.02268859897901304,-0.01829268292682923,-0.03035230352303525,0.009756097560975674,-0.009872241579558627
-0.06402439024390244,0.06591957811470006,-0.06892895015906675,-0.09247967479674801,-0.02836074872376637,0.01036585365853665,0.0,1.0,0.06328279499011213,-0.013613159387407814,0.006097560975609789,-0.026016260162601612,0.02310654685494229,-0.012478729438457181,0.03164139749505607,0.0,0.007504690431519717,-0.034922394678492286,-0.006968641114982521,0.01036585365853665,-0.02155416903006241,-0.028022833419823534,-0.07024390243902434,0.01751094434021261,-0.034464475079533374,-0.03252032520325199,0.008536585365853666,0.02310654685494229,0.03691496374423203,-0.018681888946549013,-0.013613159387407814,-0.02161862527716185,-0.03425012973533986,0.03164139749505607,-0.013613159387407814,-0.030629608621667637,-0.060975609756097504,0.0,-0.02161862527716185,-0.05973120955699346,-0.008130081300812997,0.007317073170731769,-0.005226480836236919,0.01876172607879928,-0.04981837052413074,-0.02651113467656413,0.004268292682926833,-0.03736377789309803,0.044825313117996035,0.0,0.006097560975609789,0.014634146341463539,-0.04506892895015907,-0.020419739081111776,0.10545193687230991,-0.041192411924119265,0.0,0.08468834688346893,-0.0533536585365853,-0.04979674796747968,0.0,0.0,0.020012507817385894,0.0,0.005487804878048785,0.01375859912445282,-0.026607538802660702,-0.016629711751662946,-0.017016449234259767,0.04428754813863933,0.01036585365853665,0.006707317073170793,-0.015882019285309135,-0.015882019285309135,-0.026016260162601612,-0.019955654101995512,0.06689895470383278,-0.042682926829268275,-0.005807200929152129,-0.01134429948950652,-0.05691056910569103,-0.007549361207897787,0.0,0.009146341463414698,-0.029933481152993324,-0.03252032520325199,0.0,0.012507817385866177,0.0,0.0,-0.02168021680216803,-0.05176704828272771,-0.04047742605085625,-0.05604566683964707,-0.006968641114982521,-0.015882019285309135,-0.013303769401330351,-0.03035230352303525,0.01036585365853665,-0.009291521486643417
-0.07432432432432434,0.0,-0.11104582843713279,-0.11148648648648646,-0.08296668761785042,-0.03648648648648645,-0.04218852999340805,-0.06328279499011213,1.0,-0.04148334380892521,-0.018243243243243223,-0.043243243243243246,-0.0056899004267425,-0.0339409176618479,0.0,-0.03955174686882007,-0.006930006930006921,-0.06449631449631449,-0.012870012870012867,-0.03243243243243238,-0.0678818353236958,-0.046003450258769396,-0.1124324324324324,-0.019404019404019424,-0.06345475910693305,-0.06246246246246251,-0.02635135135135136,-0.00924608819345657,0.0,-0.06325474410580789,-0.04525455688246388,-0.05159705159705158,-0.0690051753881541,0.0,-0.05279698302954117,-0.08296668761785042,-0.11633372502937711,-0.018457481872116016,-0.05159705159705158,-0.066188637617209,-0.03539253539253534,-0.018243243243243223,-0.03217503217503215,-0.02079002079002079,-0.10350776308223109,-0.08460634547591067,-0.018243243243243223,-0.08625646923519259,0.0,-0.04746209624258402,-0.018243243243243223,-0.04054054054054046,-0.06874265569917742,-0.05656819610307984,0.05246422893481728,-0.07687687687687689,-0.05273566249176004,0.020270270270270396,-0.061936936936936915,-0.07432432432432434,-0.02636783124588002,-0.015820698747528034,-0.016632016632016633,-0.02373104812129201,-0.022297297297297236,-0.013860013860013842,-0.06449631449631449,-0.042997542997542965,-0.05279698302954117,-0.012091038406827848,-0.030405405405405372,-0.01621621621621619,-0.04525455688246388,-0.04902576995600255,-0.06726726726726728,-0.04729729729729726,0.021621621621621623,-0.09290540540540537,-0.03217503217503215,-0.04148334380892521,-0.08051801801801806,-0.025740025740025735,-0.02636783124588002,-0.02635135135135136,-0.06019656019656017,-0.07207207207207206,-0.03427818061964405,-0.016632016632016633,-0.060646011865524097,-0.02373104812129201,-0.043243243243243246,-0.066188637617209,-0.0747556066705003,-0.0690051753881541,-0.03861003861003859,-0.04148334380892521,-0.04729729729729726,-0.05765765765765768,-0.028378378378378366,-0.04504504504504503
-0.04844961240310075,0.04902576995600255,-0.039433771486349745,-0.04844961240310075,0.0,0.03488372093023262,0.02155416903006241,0.013613159387407814,0.04148334380892521,1.0,0.033139534883720956,-0.025839793281653645,0.04283965728274175,0.0,0.04902576995600255,0.015882019285309135,0.03816338700059635,-0.007928118393234651,0.00609080841638987,0.022674418604651192,0.0,-0.017812963879267646,-0.052093023255813886,0.035778175313059046,-0.0455005055611728,-0.023772609819121437,0.019186046511627974,0.0305997552019584,0.08296668761785042,-0.027709054923305276,0.0,-0.01057082452431285,-0.027709054923305276,0.03771213073538654,0.0,0.0,-0.03185035389282104,0.02268859897901304,-0.009513742071881548,-0.07119126720455615,0.008305647840531616,0.04011627906976756,0.007198228128460715,0.028622540250447248,-0.03562592775853529,-0.024266936299292163,0.0122093023255814,-0.023750618505690213,0.05279698302954117,0.020419739081111776,0.033139534883720956,0.026162790697674465,-0.0227502527805864,0.0,0.09233926128590975,-0.019638242894056857,0.01134429948950652,0.0452196382428941,-0.07267441860465107,-0.0678294573643411,0.02836074872376637,0.020419739081111776,0.03339296362552174,0.019285309132161088,0.03488372093023262,0.0405485986881336,-0.008985200845665953,-0.0068710359408033495,0.0,0.0367197062423501,0.026162790697674465,0.022674418604651192,0.0,0.0,-0.020671834625323016,-0.013213530655390993,0.07973421926910301,-0.036337209302325535,0.011627906976744207,0.0,-0.036337209302325535,0.007751937984496138,0.017016449234259767,0.022674418604651192,-0.009513742071881548,-0.019638242894056857,0.02268859897901304,0.031007751937984496,0.017016449234259767,0.018150879183210455,-0.014470284237726116,-0.07119126720455615,-0.039584364176150355,-0.047501237011380426,0.009413067552602461,0.0,-0.008985200845665953,-0.019638242894056857,0.0244186046511628,0.008305647840531616
-0.06666666666666671,0.008108108108108095,-0.05543478260869572,-0.041666666666666685,-0.010465116279069792,0.0,-0.008536585365853666,-0.006097560975609789,0.018243243243243223,-0.033139534883720956,1.0,-0.07777777777777783,0.01842105263157895,-0.0244186046511628,0.014189189189189183,-0.005487804878048785,0.007692307692307665,-0.018181818181818188,-0.016666666666666663,0.0,-0.01744186046511631,-0.040957446808510656,-0.07500000000000001,0.008974358974358942,-0.06847826086956527,-0.06111111111111123,0.0,0.014473684210526305,0.030405405405405372,-0.044680851063829796,-0.020930232558139583,-0.025000000000000022,-0.040957446808510656,0.018243243243243223,-0.020930232558139583,-0.015697674418604673,-0.05217391304347829,-0.009756097560975674,-0.040909090909090895,-0.09183673469387754,-0.01785714285714285,0.0,-0.016666666666666663,0.00512820512820511,-0.022340425531914898,-0.01630434782608696,0.0,-0.03723404255319149,0.028378378378378366,-0.00792682926829269,0.0,0.0,-0.03913043478260875,-0.008720930232558155,0.048529411764705876,-0.0722222222222223,-0.005487804878048785,0.022222222222222227,-0.09166666666666673,-0.10416666666666663,-0.0128048780487805,-0.00792682926829269,0.009615384615384581,-0.00792682926829269,0.0,0.005769230769230749,-0.02954545454545454,-0.036363636363636376,-0.022674418604651192,0.011842105263157904,0.0,0.0,-0.01744186046511631,-0.029651162790697738,-0.047222222222222276,-0.04545454545454547,0.042857142857142816,-0.037500000000000006,-0.01428571428571429,-0.019186046511627974,-0.037500000000000006,-0.01904761904761909,-0.005487804878048785,0.0,-0.0159090909090909,-0.03333333333333338,-0.008536585365853666,0.007692307692307665,-0.009146341463414698,-0.009756097560975674,-0.03333333333333338,-0.10102040816326535,-0.05957446808510641,-0.06329787234042555,-0.010714285714285704,-0.019186046511627974,-0.013636363636363641,-0.025000000000000022,0.0,-0.01904761904761909
-0.0222222222222222,0.024024024024024024,-0.009661835748792202,-0.012499999999999983,0.009302325581395349,0.050000000000000044,0.03252032520325199,0.026016260162601612,0.043243243243243246,0.025839793281653645,0.07777777777777783,1.0,0.07777777777777783,0.014470284237726116,0.038438438438438444,0.02168021680216803,0.04786324786324786,0.0060606060606061,0.01746031746031751,0.022222222222222254,0.013436692506459957,-0.012293144208037787,-0.026666666666666672,0.058119658119658135,-0.010144927536231862,0.0,0.013888888888888909,0.036842105263157926,0.07687687687687689,-0.010401891252955042,0.012403100775193798,0.0060606060606061,-0.012293144208037787,0.03363363363363364,0.01136950904392764,0.012403100775193798,-0.008695652173912993,0.039024390243902474,0.010606060606060619,-0.047165532879818506,0.03333333333333338,0.04444444444444451,0.022222222222222254,0.027350427350427364,-0.00945626477541367,-0.004347826086956497,0.025000000000000022,-0.007565011820330952,0.08168168168168166,0.039024390243902474,0.03888888888888892,0.030555555555555614,-0.006763285024154575,0.005167958656330754,0.0862745098039216,0.0,0.019512195121951237,0.05555555555555561,-0.03472222222222221,-0.04166666666666663,0.06720867208672088,0.04336043360433606,0.05470085470085473,0.03252032520325199,0.041666666666666685,0.041025641025641046,0.008080808080808133,0.007575757575757569,0.012403100775193798,0.04502923976608192,0.022222222222222254,0.03611111111111115,0.009302325581395349,0.026873385012919915,0.0,0.009595959595959602,0.06984126984126987,-0.013888888888888867,0.020634920634920673,0.014470284237726116,-0.016666666666666663,0.023809523809523836,0.019512195121951237,0.025000000000000022,0.005555555555555591,0.0,0.039024390243902474,0.041025641025641046,0.036856368563685626,0.041192411924119265,0.0,-0.03446712018140585,-0.01891252955082734,-0.01891252955082734,0.0158730158730159,0.013436692506459957,0.004545454545454575,0.0,0.041666666666666685,0.0317460317460318
-0.06578947368421056,0.0035561877667140696,-0.04118993135011442,-0.06578947368421056,-0.024479804161566754,-0.01052631578947369,-0.0211810012836971,-0.02310654685494229,0.0056899004267425,-0.04283965728274175,-0.01842105263157895,-0.07777777777777783,1.0,-0.052019583843329276,0.00924608819345657,-0.01732991014120669,-0.010121457489878583,-0.0430622009569378,-0.03508771929824561,-0.014473684210526305,-0.04283965728274175,-0.08062709966405379,-0.07578947368421057,-0.006072874493927155,-0.04576659038901601,-0.04093567251461991,-0.009210526315789475,0.0,0.00924608819345657,-0.06550951847704373,-0.0305997552019584,-0.035885167464114825,-0.060470324748040316,0.0056899004267425,-0.027539779681762577,-0.03365973072215428,-0.07780320366132726,-0.02310654685494229,-0.04665071770334933,-0.11224489795918369,-0.03007518796992481,-0.01842105263157895,-0.03007518796992481,-0.006747638326585703,-0.04535274356103022,-0.03203661327231122,-0.01315789473684209,-0.04535274356103022,0.009957325746799417,-0.01925545571245188,-0.011842105263157904,-0.00789473684210526,-0.013729977116704817,-0.024479804161566754,0.015479876160990724,-0.05321637426900594,-0.013478818998716308,0.008771929824561403,-0.06030701754385967,-0.08771929824561409,-0.02888318356867786,-0.051989730423620095,-0.012820512820512886,-0.03658536585365857,-0.01842105263157895,-0.011470985155195679,-0.028708133971291877,-0.057416267942583754,-0.03365973072215428,0.0,-0.014473684210526305,-0.01578947368421052,-0.024479804161566754,-0.03977968176254598,-0.06140350877192985,-0.0430622009569378,0.022556390977443608,-0.07127192982456149,-0.03258145363408527,-0.0305997552019584,-0.04934210526315791,-0.02506265664160401,-0.01925545571245188,-0.019736842105263164,-0.0430622009569378,-0.04502923976608192,-0.030808729139923052,-0.010796221322537158,-0.026957637997432615,-0.015404364569961526,-0.02456140350877195,-0.05907626208378086,-0.04535274356103022,-0.06550951847704373,-0.012531328320802004,-0.04283965728274175,-0.035885167464114825,-0.036842105263157926,-0.02105263157894738,-0.03508771929824561
-0.02906976744186046,0.04902576995600255,-0.02123356926188069,-0.04602713178294571,0.0,0.02790697674418613,0.018150879183210455,0.012478729438457181,0.0339409176618479,0.0,0.0244186046511628,-0.014470284237726116,0.052019583843329276,1.0,0.0980515399120051,0.017016449234259767,0.05008944543828264,-0.007928118393234651,0.01218161683277974,0.03139534883720935,0.0,-0.033646709549727816,-0.07488372093023254,0.035778175313059046,-0.015166835187057609,-0.01136950904392764,0.02790697674418613,0.04589963280293763,0.06033940917661851,-0.039584364176150355,0.0,-0.006342494714587699,-0.031667491340920284,0.04902576995600255,0.0,0.0,-0.02881698685540951,0.013613159387407814,-0.007928118393234651,-0.05125771238728044,0.006644518272425293,0.0244186046511628,0.007198228128460715,0.03339296362552174,-0.033646709549727816,-0.025783619817997983,0.03662790697674423,-0.03562592775853529,0.04902576995600255,0.015882019285309135,0.0244186046511628,0.0244186046511628,-0.024266936299292163,0.0,0.0800273597811218,-0.013436692506459957,0.015882019285309135,0.03165374677002586,-0.04118217054263562,-0.031492248062015504,0.013613159387407814,0.015882019285309135,0.035778175313059046,0.02382302892796373,0.043604651162790775,0.06440071556350624,-0.008985200845665953,-0.010042283298097254,0.0,0.04589963280293763,0.03488372093023262,0.033139534883720956,0.0,0.0,-0.018604651162790697,-0.0068710359408033495,0.1009966777408638,-0.04602713178294571,0.009966777408637939,0.0,-0.04844961240310075,0.007198228128460715,0.02268859897901304,0.03139534883720935,-0.011099365750528556,-0.021705426356589175,0.015882019285309135,0.0405485986881336,0.018150879183210455,0.014747589336358502,-0.014470284237726116,-0.03986710963455148,-0.031667491340920284,-0.025729836714497745,0.008305647840531616,0.0,-0.01057082452431285,-0.021705426356589175,0.022674418604651192,0.007198228128460715
-0.09909909909909909,0.0,-0.04759106933019974,-0.11768018018018017,-0.030169704588309254,-0.02027027027027023,-0.03691496374423203,-0.03164139749505607,0.0,-0.04902576995600255,-0.014189189189189183,-0.038438438438438444,-0.00924608819345657,-0.0980515399120051,1.0,-0.044825313117996035,-0.023562023562023526,-0.07309582309582308,-0.0643500643500643,-0.03243243243243238,-0.06033940917661851,-0.09775733179988494,-0.16162162162162164,-0.013860013860013842,-0.042303172737955336,-0.04804804804804805,-0.030405405405405372,-0.009957325746799417,0.0,-0.11500862564692343,-0.04902576995600255,-0.0558968058968059,-0.09200690051753879,0.0,-0.06411062225015712,-0.0339409176618479,-0.06345475910693305,-0.03427818061964405,-0.04729729729729726,-0.09266409266409265,-0.028957528957528927,-0.02635135135135136,-0.03539253539253534,-0.016632016632016633,-0.11500862564692343,-0.09518213866039948,-0.03243243243243238,-0.12650948821161578,0.0,-0.01318391562294001,-0.03243243243243238,-0.024324324324324298,-0.07931844888366624,-0.04902576995600255,0.01669316375198729,-0.04804804804804805,-0.04218852999340805,0.006006006006006037,-0.09909909909909909,-0.0681306306306306,-0.021094264996704026,-0.03691496374423203,-0.02494802494802495,-0.06328279499011213,-0.048648648648648596,-0.03880803880803885,-0.05159705159705158,-0.09459459459459452,-0.05656819610307984,-0.011379800853485,-0.04256756756756752,-0.034459459459459385,-0.07165304839723446,-0.05279698302954117,-0.05765765765765768,-0.04729729729729726,0.024710424710424728,-0.1362612612612612,-0.05469755469755466,-0.0339409176618479,-0.07432432432432434,-0.03217503217503215,-0.03691496374423203,-0.030405405405405372,-0.06879606879606875,-0.08168168168168166,-0.015820698747528034,-0.02079002079002079,-0.02636783124588002,-0.015820698747528034,-0.06246246246246251,-0.07942636514065085,-0.08050603795284644,-0.0690051753881541,-0.04504504504504503,-0.06033940917661851,-0.0902948402948403,-0.0960960960960961,-0.02635135135135136,-0.016087516087516074
-0.07825203252032514,0.050098879367172056,-0.04506892895015907,-0.09603658536585369,-0.02268859897901304,0.01036585365853665,0.0,0.0,0.03955174686882007,-0.015882019285309135,0.005487804878048785,-0.02168021680216803,0.01732991014120669,-0.017016449234259767,0.044825313117996035,1.0,0.01751094434021261,-0.03325942350332589,-0.008710801393728151,0.009756097560975674,-0.015882019285309135,-0.05915931499740523,-0.09219512195121954,0.015009380863039434,-0.037115588547189826,-0.03035230352303525,0.009756097560975674,0.02503209242618748,0.02636783124588002,-0.03736377789309803,-0.02268859897901304,-0.034922394678492286,-0.08718214841722882,0.05273566249176004,-0.02268859897901304,-0.018150879183210455,-0.04506892895015907,0.0,-0.029933481152993324,-0.08362369337979092,-0.010452961672473837,0.011585365853658547,-0.011614401858304257,0.02126328955597251,-0.07161390762843789,-0.04241781548250262,0.009756097560975674,-0.0622729631551634,0.03955174686882007,0.0,0.013414634146341586,0.009756097560975674,-0.05302226935312826,-0.020419739081111776,0.07030129124820661,-0.02384823848238482,0.0,0.060975609756097615,-0.035569105691056896,-0.042682926829268275,0.0,0.0,0.016260162601625994,0.0,0.00792682926829269,0.02126328955597251,-0.026607538802660702,-0.02494456762749442,-0.017016449234259767,0.026957637997432615,0.008536585365853666,0.008536585365853666,-0.013613159387407814,-0.015882019285309135,-0.015176151761517626,-0.02161862527716185,0.050174216027874585,-0.042682926829268275,-0.013356562137049832,-0.019285309132161088,-0.06402439024390244,-0.008710801393728151,0.0,0.008536585365853666,-0.026607538802660702,-0.03252032520325199,0.0,0.01876172607879928,0.0,0.0,-0.034688346883468835,-0.06769537083125932,-0.04981837052413074,-0.07161390762843789,-0.009291521486643417,-0.019285309132161088,-0.01829268292682923,-0.03252032520325199,0.009146341463414698,-0.008710801393728151
-0.05769230769230771,0.01108801108801108,-0.042920847268673346,-0.0625,-0.02623732856291,-0.007692307692307665,-0.016260162601625994,-0.007504690431519717,0.006930006930006921,-0.03816338700059635,-0.007692307692307665,-0.04786324786324786,0.010121457489878583,-0.05008944543828264,0.023562023562023526,-0.01751094434021261,1.0,-0.055361305361305346,-0.04029304029304026,-0.011538461538461497,-0.047704233750745395,-0.08292416803055092,-0.11846153846153845,0.0,-0.05072463768115937,-0.05470085470085473,-0.008974358974358942,0.009446693657220007,0.023562023562023526,-0.06110201854882702,-0.0405485986881336,-0.0437062937062937,-0.07855973813420614,0.023562023562023526,-0.035778175313059046,-0.035778175313059046,-0.06633221850613158,-0.01751094434021261,-0.040792540792540743,-0.07849293563579274,-0.02930402930402931,-0.014743589743589691,-0.03479853479853473,0.0,-0.07855973813420614,-0.054626532887402435,-0.008974358974358942,-0.06983087834151663,0.01108801108801108,-0.01375859912445282,-0.007692307692307665,-0.007051282051282026,-0.06633221850613158,-0.03339296362552174,0.026395173453997,-0.034188034188034205,-0.012507817385866177,0.008547008547008558,-0.08173076923076922,-0.0625,-0.01375859912445282,-0.01876172607879928,0.0,-0.01876172607879928,-0.012820512820512775,0.0,-0.04953379953379955,-0.07867132867132864,-0.05485986881335725,0.010121457489878583,-0.012820512820512775,-0.010897435897435859,-0.03816338700059635,-0.047704233750745395,-0.06495726495726495,-0.03496503496503495,0.05274725274725278,-0.08173076923076922,-0.032967032967032905,-0.03816338700059635,-0.09615384615384615,-0.032967032967032905,-0.02126328955597251,-0.01025641025641022,-0.055361305361305346,-0.05470085470085473,-0.01876172607879928,0.0,-0.015009380863039434,-0.01751094434021261,-0.04786324786324786,-0.07849293563579274,-0.07419530823786141,-0.07855973813420614,-0.02380952380952378,-0.047704233750745395,-0.0437062937062937,-0.051282051282051266,-0.005769230769230749,-0.02747252747252743
-0.03598484848484845,0.06879606879606875,-0.017786561264822143,-0.0378787878787879,0.010042283298097254,0.040909090909090895,0.03658536585365846,0.034922394678492286,0.06449631449631449,0.007928118393234651,0.018181818181818188,-0.0060606060606061,0.0430622009569378,0.007928118393234651,0.07309582309582308,0.03325942350332589,0.055361305361305346,1.0,0.017316017316017285,0.0636363636363636,0.013213530655390993,-0.029013539651837505,-0.06818181818181823,0.05244755244755239,-0.013833992094861691,-0.008080808080808133,0.04545454545454547,0.057416267942583754,0.08169533169533172,-0.018858800773694395,0.008456659619450246,0.0,-0.02756286266924557,0.09459459459459452,0.008456659619450246,0.014270613107822405,-0.014822134387351749,0.016629711751662946,0.0,-0.025510204081632654,0.010822510822510817,0.04318181818181821,0.009740259740259744,0.040792540792540743,-0.029013539651837505,-0.013833992094861691,0.0159090909090909,-0.029013539651837505,0.04729729729729726,0.019955654101995512,0.04545454545454547,0.050000000000000044,-0.01976284584980237,0.007928118393234651,0.106951871657754,-0.008080808080808133,0.041574279379157364,0.06060606060606061,-0.03219696969696967,-0.03219696969696967,0.019955654101995512,0.019955654101995512,0.04953379953379955,0.01829268292682923,0.036363636363636376,0.046620046620046596,0.0,0.0,0.013742071881606699,0.10765550239234456,0.05909090909090908,0.040909090909090895,0.014270613107822405,0.0068710359408033495,-0.009595959595959602,0.0,0.12272727272727274,-0.03977272727272724,0.016233766233766267,0.01057082452431285,-0.0378787878787879,0.018398268398268414,0.02494456762749442,0.040909090909090895,0.0,-0.00909090909090915,0.019955654101995512,0.046620046620046596,0.03159645232815966,0.013303769401330351,-0.0060606060606061,-0.03478664192949904,-0.029013539651837505,-0.03046421663442933,0.021645021645021634,0.008456659619450246,0.0,-0.008080808080808133,0.034090909090909116,0.010822510822510817
-0.047619047619047616,0.022522522522522515,-0.022774327122153215,-0.0535714285714286,-0.004429678848283519,0.009523809523809545,0.011033681765389047,0.006968641114982521,0.012870012870012867,-0.00609080841638987,0.016666666666666663,-0.01746031746031751,0.03508771929824561,-0.01218161683277974,0.0643500643500643,0.008710801393728151,0.04029304029304026,-0.017316017316017285,1.0,0.013095238095238104,-0.007198228128460715,-0.04305977710233028,-0.08000000000000002,0.016483516483516453,-0.020703933747412,-0.022222222222222254,0.01428571428571429,0.02506265664160401,0.041827541827541836,-0.035460992907801414,-0.008305647840531616,-0.014069264069264065,-0.04559270516717323,0.041827541827541836,-0.006644518272425293,-0.007198228128460715,-0.020703933747412,0.009291521486643417,-0.018398268398268414,-0.0680272108843537,0.0,0.020238095238095277,0.0,0.021978021978021955,-0.03799392097264437,-0.020703933747412,0.021428571428571408,-0.035460992907801414,0.025740025740025735,0.005226480836236919,0.01785714285714285,0.013095238095238104,-0.035196687370600444,-0.008305647840531616,0.022408963585434177,-0.023809523809523836,0.007549361207897787,0.019841269841269854,-0.05059523809523808,-0.029761904761904767,0.005226480836236919,0.008710801393728151,0.025641025641025605,0.011033681765389047,0.020238095238095277,0.031135531135531136,-0.020562770562770616,-0.020562770562770616,-0.007751937984496138,0.03508771929824561,0.020238095238095277,0.016666666666666663,-0.006644518272425293,-0.009413067552602461,-0.014285714285714318,-0.008658008658008642,0.06666666666666665,-0.035714285714285754,0.0,-0.00609080841638987,-0.04464285714285715,0.0,0.011033681765389047,0.01904761904761909,-0.019480519480519487,-0.025396825396825418,0.005807200929152129,0.02930402930402931,0.008130081300812997,0.005807200929152129,-0.023809523809523836,-0.05782312925170069,-0.04305977710233028,-0.03799392097264437,0.0,-0.010520487264673362,-0.017316017316017285,-0.026984126984127,0.01428571428571429,0.0
-0.07083333333333336,0.03851351351351351,-0.06521739130434784,-0.08333333333333337,-0.04011627906976756,0.0,-0.009146341463414698,-0.01036585365853665,0.03243243243243238,-0.022674418604651192,0.0,-0.022222222222222254,0.014473684210526305,-0.03139534883720935,0.03243243243243238,-0.009756097560975674,0.011538461538461497,-0.0636363636363636,-0.013095238095238104,1.0,-0.03837209302325595,-0.05957446808510641,-0.1200000000000001,0.011538461538461497,-0.03260869565217392,-0.03888888888888892,0.0,0.022368421052631537,0.03648648648648645,-0.05957446808510641,-0.02790697674418613,-0.040909090909090895,-0.04840425531914894,0.03648648648648645,-0.03139534883720935,-0.045348837209302384,-0.06847826086956527,-0.004268292682926833,-0.0159090909090909,-0.027551020408163276,-0.009523809523809545,0.0,-0.01428571428571429,0.01025641025641022,-0.08563829787234045,-0.05217391304347829,0.0,-0.08936170212765959,0.028378378378378366,-0.00792682926829269,0.0,0.0,-0.048913043478260865,-0.0244186046511628,0.08823529411764708,-0.041666666666666685,-0.0128048780487805,0.041666666666666685,-0.050000000000000044,-0.041666666666666685,-0.006707317073170793,-0.004268292682926833,0.007051282051282026,-0.005487804878048785,0.0,0.009615384615384581,-0.040909090909090895,-0.0318181818181818,-0.04011627906976756,0.02894736842105261,0.0,0.0,-0.03488372093023262,-0.020930232558139583,-0.04444444444444451,-0.02954545454545454,0.06785714285714284,-0.07916666666666666,-0.01904761904761909,-0.02790697674418613,-0.08750000000000002,-0.020238095238095277,-0.01097560975609757,0.0,-0.047727272727272785,-0.047222222222222276,-0.009146341463414698,0.008974358974358942,-0.013414634146341586,-0.004878048780487837,-0.030555555555555614,-0.04591836734693877,-0.05212765957446808,-0.06702127659574464,-0.020238095238095277,-0.03139534883720935,-0.034090909090909116,-0.050000000000000044,0.0,-0.013095238095238104
