0,1,2,3,4,5,6,7,8,9,10,11,12,13,14,15,16,17,18,19,20,21,22,23,24,25,26,27,28,29,30,31,32,33,34,35,36,37,38,39,40,41,42,43,44,45,46,47,48,49,50,51,52,53,54,55,56,57,58,59,60,61,62,63,64,65,66,67,68,69,70,71,72,73,74,75,76,77,78,79,80,81,82,83,84,85,86,87,88,89,90,91,92,93,94,95,96,97,98,99
1.0,-0.01209677419354832,0.026696329254727535,0.0211345939933259,0.027808676307007785,-0.031280547409579695,0.05017921146953408,0.018042646254784023,-0.007168458781362019,0.028296547821165863,0.03584229390681004,0.0,0.04342431761786597,0.01890989988876529,0.02002224694104565,0.022963367960634196,0.031063321385902037,0.04527447651386529,-0.008064516129032251,0.07754342431761785,-0.010584677419354815,0.01236559139784943,0.0,0.026284348864994034,-0.042396313364055305,0.016685205784204682,0.018042646254784023,0.005817028027498672,0.0,0.06586021505376344,-0.0208436724565757,0.05337243401759528,0.0573476702508961,0.0,0.0,0.03893214682981083,0.03254102999434072,0.06451612903225806,0.004759386567953494,-0.0058883768561188155,0.04147465437788017,0.05337243401759528,0.036290322580645185,0.029711375212224167,0.016129032258064502,-0.00691244239631339,0.01774193548387093,-0.016129032258064502,0.07407407407407407,0.057478005865102655,-0.03714565004887593,0.05131964809384165,0.006081438392385008,0.030791788856305013,0.0,0.05542521994134897,0.031126202603282416,0.031126202603282416,0.009841443411700401,-0.004352278545826926,0.011481683980317098,0.04645161290322583,-0.035023041474654404,0.036290322580645185,0.0,0.017797552836484987,0.011290322580645162,0.008064516129032251,0.014762165117550574,0.006874669487043905,-0.02346041055718473,0.03489736070381233,-0.053157655611085874,0.031309297912713474,-0.004096262160778297,0.009841443411700401,0.013440860215053752,0.0,0.023359288097886566,0.007403490216816522,0.005023796932839775,0.013440860215053752,0.010752688172043001,0.018862766539092413,-0.0510384445426425,0.014762165117550574,0.02224694104560626,-0.022482893450635366,0.030033370411568394,0.03345280764635605,0.018862766539092413,0.009677419354838734,0.010011123470522826,-0.020462205103514708,-0.002304147465437778,-0.008064516129032251,0.02224694104560626,0.07444168734491313,0.025423728813559254,0.0
0.01209677419354832,1.0,0.061422413793103425,0.04525862068965514,0.05334051724137934,-0.015625,0.07233796296296297,0.05031779661016944,0.00694444444444442,0.04413377192982454,0.05497685185185186,0.013608870967741937,0.07932692307692302,0.04040948275862066,0.04202586206896547,0.05429025423728806,0.06944444444444442,0.05564692982456143,0.0,0.09374999999999994,0.0,0.01770833333333327,0.014112903225806439,0.06655092592592587,-0.032142857142857195,0.032327586206896575,0.026483050847457612,0.015368852459016424,0.011592741935483819,0.09895833333333331,-0.004567307692307676,0.028124999999999983,0.08391203703703709,0.012600806451612878,0.009072580645161255,0.04202586206896547,0.0326206140350877,0.060763888888888895,0.014600409836065587,0.007192460317460292,0.042410714285714246,0.03323863636363633,0.01785714285714285,0.02494517543859648,0.027083333333333293,0.004464285714285698,0.022916666666666585,0.0,0.057870370370370405,0.051136363636363646,-0.009943181818181823,0.09204545454545454,0.018442622950819665,0.05624999999999997,0.017137096774193505,0.06647727272727266,0.05564692982456143,0.05948464912280699,0.018538135593220317,0.0054563492063491315,0.022510593220338937,0.06562500000000002,-0.029464285714285776,0.0401785714285714,0.014616935483870941,0.03556034482758619,0.023958333333333248,0.021874999999999978,0.02515889830508472,0.023821721311475363,-0.013257575757575801,0.051136363636363646,-0.04621478873239443,0.05974264705882351,0.0054563492063491315,0.021186440677966045,0.021874999999999978,0.011592741935483819,0.029094827586206906,0.016137295081967207,0.009989754098360643,0.015624999999999972,0.015624999999999972,0.01588983050847456,-0.04430650684931514,0.01986228813559318,0.019396551724137928,-0.008522727272727293,0.037176724137930994,0.03761574074074073,0.017213983050847426,0.016666666666666607,0.021012931034482735,-0.00979477611940302,0.00322420634920631,0.0,0.025862068965517238,0.054086538461538464,0.03045550847457623,0.009072580645161255
-0.026696329254727535,-0.061422413793103425,1.0,0.0,0.0,-0.09195402298850586,0.03575989782886341,-0.01081239041496207,-0.051997810618500284,0.006352087114337601,0.02554278416347383,-0.030033370411568394,0.03779840848806365,0.0,0.0,-0.010520163646990155,0.033205619412515985,0.009981851179673318,-0.04525862068965514,0.05570291777188324,-0.04202586206896547,-0.007471264367816088,-0.03448275862068961,0.0319284802043423,-0.05024630541871922,0.0,-0.0052600818234950775,-0.01695873374788015,-0.026696329254727535,0.061063218390804586,-0.04084880636604776,0.013166144200626978,0.0319284802043423,-0.027808676307007785,-0.013348164627363768,0.0,0.003932244404113744,0.03448275862068967,-0.01695873374788015,-0.049261083743842415,0.012931034482758619,0.012225705329153597,0.006773399014778303,0.003024803387779801,-0.014942528735632177,-0.021893814997263283,-0.009770114942528774,-0.04364224137931033,0.028097062579821197,0.016927899686520365,-0.05642633228840127,0.026332288401253956,-0.02289429055963821,0.012225705329153597,-0.04449388209121252,0.03103448275862064,0.008166969147005487,0.010889292196007205,-0.0052600818234950775,-0.03284072249589498,-0.006721215663354763,0.04137931034482761,-0.07389162561576357,0.01108374384236449,-0.03225806451612906,0.0,-0.01666666666666672,-0.012643678160919603,-0.006721215663354763,-0.027981910684002242,-0.06687565308254967,0.016927899686520365,-0.11680427391937842,0.04969574036511154,-0.03420908593322386,-0.006428988895382848,-0.013793103448275945,-0.026696329254727535,0.0,-0.02289429055963821,-0.014414923685698133,-0.010344827586206917,-0.010344827586206917,-0.003798947983635309,-0.08148323098724614,-0.004383401519579222,0.0,-0.041797283176593536,0.0,0.02298850574712641,-0.005844535359438963,-0.013218390804597746,0.0,-0.03937210499228,-0.021893814997263283,-0.027478448275862044,0.0,0.031830238726790416,-0.006428988895382848,-0.026696329254727535
-0.0211345939933259,-0.04525862068965514,0.0,1.0,0.0,-0.04597701149425293,0.040868454661558085,-0.007597895967270618,-0.024630541871921208,0.007259528130671489,0.02298850574712641,-0.026696329254727535,0.02984084880636606,0.0,0.0,-0.008766803039158444,0.024265644955300147,0.006352087114337601,-0.04364224137931033,0.03580901856763924,-0.032327586206896575,-0.00804597701149426,-0.023359288097886566,0.02298850574712641,-0.07093596059113305,0.0,-0.003798947983635309,-0.008479366873940075,-0.02002224694104565,0.03591954022988503,-0.03156498673740049,0.008463949843260182,0.028097062579821197,-0.01890989988876529,-0.013348164627363768,0.0,0.006049606775559602,0.02554278416347383,-0.017806670435274174,-0.03831417624521072,0.012931034482758619,0.013166144200626978,0.006773399014778303,0.004537205081669715,-0.00804597701149426,-0.030103995621237056,-0.01091954022988506,-0.029094827586206906,0.02298850574712641,0.019749216300940453,-0.03970741901776387,0.027272727272727226,-0.026286037309214194,0.03573667711598749,-0.02447163515016687,0.015047021943573657,0.008469449485783487,0.005142165759225659,-0.0052600818234950775,-0.028735632183908066,-0.003798947983635309,0.03310344827586206,-0.05320197044334979,0.01231527093596052,-0.017797552836484987,0.0,-0.014942528735632177,-0.01149425287356326,-0.004967855055523107,-0.017806670435274174,-0.0376175548589342,0.019749216300940453,-0.05682370082564353,0.061528059499662,-0.02052545155993432,-0.004091174751607252,-0.00919540229885063,-0.01890989988876529,0.0,-0.011023176936122092,-0.010175240248728096,-0.00919540229885063,-0.007471264367816088,-0.004091174751607252,-0.060226735947094934,-0.005844535359438963,0.0,-0.022988505747126464,0.0,0.026819923371647514,-0.0052600818234950775,-0.00804597701149426,0.0,-0.0486361296963459,-0.028735632183908066,-0.032327586206896575,0.0,0.0238726790450928,-0.0061367621274108775,-0.030033370411568394
-0.027808676307007785,-0.05334051724137934,0.0,0.0,1.0,-0.06478578892371994,0.04214559386973182,-0.009351256575102385,-0.03557744937055285,0.006049606775559602,0.016602809706257993,-0.0211345939933259,0.02785145888594162,0.0,0.0,-0.007890122735242588,0.024265644955300147,0.007864488808227488,-0.04040948275862066,0.051724137931034475,-0.038793103448275856,-0.009770114942528774,-0.0311457174638487,0.024265644955300147,-0.06206896551724139,0.0,-0.005844535359438963,-0.016110797060486126,-0.02892102335928809,0.05747126436781608,-0.038992042440318286,0.015047021943573657,0.02937420178799488,-0.0311457174638487,-0.02002224694104565,0.0,0.006957047791893545,0.030651340996168563,-0.017806670435274174,-0.03420908593322386,0.015394088669950734,0.013166144200626978,0.008620689655172403,0.004839685420447659,-0.013218390804597746,-0.030103995621237056,-0.014942528735632177,-0.04525862068965514,0.03575989782886341,0.023510971786833867,-0.05433646812957155,0.027272727272727226,-0.0245901639344262,0.028213166144200663,-0.03781979977753058,0.024451410658307193,0.008166969147005487,0.007864488808227488,-0.003798947983635309,-0.021893814997263283,-0.0029222676797194813,0.02482758620689654,-0.07093596059113305,0.013546798029556606,-0.025583982202447175,0.0,-0.012643678160919603,-0.012643678160919603,-0.007305669199298648,-0.02035048049745619,-0.05224660397074188,0.017868338557993746,-0.07892180670228266,0.042596348884381297,-0.021893814997263283,-0.003214494447691424,-0.01149425287356326,-0.01890989988876529,0.0,-0.02289429055963821,-0.012719050310910113,-0.012068965517241403,-0.010344827586206917,-0.004091174751607252,-0.060226735947094934,-0.0052600818234950775,0.0,-0.033437826541274834,0.0,0.020434227330779042,-0.005844535359438963,-0.01091954022988506,0.0,-0.03937210499228,-0.02052545155993432,-0.024245689655172403,0.0,0.03580901856763924,-0.007890122735242588,-0.0311457174638487
0.031280547409579695,0.015625,0.09195402298850586,0.04597701149425293,0.06478578892371994,1.0,0.101010101010101,0.07370313302516696,0.0331890331890331,0.062200956937799035,0.08417508417508418,0.024437927663734094,0.08566433566433562,0.04806687565308254,0.05433646812957155,0.057524396507447284,0.09090909090909094,0.09330143540669866,0.015625,0.14277389277389274,0.015151515151515194,0.0318181818181818,0.032258064516129004,0.09090909090909094,-0.01558441558441559,0.05224660397074188,0.03775038520801233,0.036015896671634406,0.029325513196480912,0.11363636363636359,0.006993006993006978,0.05757575757575761,0.09427609427609435,0.035190615835777095,0.02052785923753664,0.07941483803552774,0.0430622009569378,0.08754208754208753,0.02732240437158473,0.02669552669552666,0.07034632034632032,0.05757575757575761,0.04870129870129869,0.04784688995215314,0.04242424242424242,0.015151515151515138,0.03636363636363632,0.01420454545454547,0.11111111111111116,0.0848484848484849,0.0,0.07272727272727275,0.03353204172876306,0.04242424242424245,0.04594330400782021,0.13333333333333341,0.06698564593301443,0.10287081339712922,0.030559835644581368,0.021645021645021634,0.04314329738058553,0.08242424242424246,-0.03116883116883118,0.0784632034632034,0.029325513196480912,0.050156739811912265,0.045454545454545414,0.0515151515151514,0.050333846944016436,0.04595131644311967,0.0,0.0696969696969697,-0.04588134869825011,0.09803921568627455,0.022366522366522368,0.04494093477144323,0.04696969696969694,0.029325513196480912,0.05433646812957155,0.03477396920019876,0.019870839542970725,0.03939393939393937,0.028787878787878807,0.03954802259887008,-0.042133665421336675,0.030559835644581368,0.04806687565308254,0.0,0.06269592476489028,0.06060606060606061,0.03775038520801233,0.037878787878787845,0.041797283176593536,-0.004748982360922693,0.015151515151515138,0.009943181818181823,0.0376175548589342,0.07750582750582752,0.06471494607087824,0.029325513196480912
-0.05017921146953408,-0.07233796296296297,-0.03575989782886341,-0.040868454661558085,-0.04214559386973182,-0.101010101010101,1.0,-0.048650345260514816,-0.06349206349206354,-0.025341130604288498,0.0,-0.0573476702508961,0.007834757834757816,-0.02298850574712641,-0.026819923371647514,-0.053358443188951776,0.0,-0.030214424951267027,-0.07523148148148145,0.019943019943019835,-0.07233796296296297,-0.03703703703703709,-0.0669056152927121,0.0,-0.10158730158730161,-0.02298850574712641,-0.03138731952291279,-0.03400121432908315,-0.062126642771804075,0.032407407407407385,-0.059544159544159536,-0.0050505050505050275,0.0,-0.0669056152927121,-0.05017921146953408,-0.028097062579821197,-0.017543859649122806,0.0,-0.059502125075895584,-0.09523809523809523,-0.020502645502645578,-0.007070707070707061,-0.013888888888888895,-0.016569200779727122,-0.046296296296296335,-0.07142857142857145,-0.04814814814814816,-0.07523148148148145,0.0,-0.009090909090909094,-0.09090909090909094,-0.009427609427609451,-0.07437765634486937,-0.008080808080808077,-0.0669056152927121,-0.008417508417508435,-0.03606237816764135,-0.02729044834307992,-0.021971123666038955,-0.06349206349206354,-0.02354048964218458,0.01629629629629631,-0.0888888888888889,-0.010582010582010581,-0.05017921146953408,-0.02298850574712641,-0.059259259259259345,-0.04444444444444451,-0.03923414940364095,-0.07012750455373407,-0.08080808080808083,-0.010101010101010055,-0.14188836724047993,0.026143790849673165,-0.06084656084656087,-0.026679221594475888,-0.04444444444444451,-0.05017921146953408,-0.026819923371647514,-0.04887674559805705,-0.04462659380692169,-0.033333333333333326,-0.031481481481481555,-0.026679221594475888,-0.10121765601217658,-0.037664783427495296,-0.02554278416347383,-0.06397306397306401,-0.03448275862068967,0.0,-0.034526051475204045,-0.03703703703703709,-0.024265644955300147,-0.07904919845218356,-0.05555555555555558,-0.052083333333333315,-0.030651340996168563,0.012108262108262047,-0.04394224733207791,-0.08841099163679811
-0.018042646254784023,-0.05031779661016944,0.01081239041496207,0.007597895967270618,0.009351256575102385,-0.07370313302516696,0.048650345260514816,1.0,-0.0408931934355663,0.016057091882248076,0.03138731952291279,-0.018862766539092413,0.03194263363754887,0.0052600818234950775,0.007013442431326733,0.0,0.034526051475204045,0.02378828426999713,-0.03177966101694912,0.07073011734028689,-0.033103813559322015,-0.006779661016949212,-0.023783488244942586,0.040803515379786603,-0.03462469733656173,0.005844535359438963,0.0,-0.01222561822728535,-0.022963367960634196,0.0893361581920904,-0.03754889178617993,0.008628659476117115,0.03295668549905839,-0.02624384909786759,-0.015582285401858909,0.008182349503214503,0.01070472792149868,0.034526051475204045,-0.011669908307863297,-0.03766478342749524,0.023607748184019395,0.01972265023112485,0.01543583535108961,0.013083556348498393,-0.006779661016949212,-0.02152273338714017,-0.006779661016949212,-0.033103813559322015,0.045511613308223564,0.02958397534668722,-0.04494093477144323,0.03821263482280435,-0.016115587663239728,0.024653312788906034,-0.037725533078184825,0.04930662557781207,0.0225988700564973,0.026167112696996786,0.0,-0.02690341673392521,0.0,0.03355932203389833,-0.08789346246973362,0.019067796610169496,-0.018042646254784023,0.0052600818234950775,-0.009887005649717562,-0.007062146892655385,0.0,-0.022228396776882375,-0.050333846944016436,0.03451463790446846,-0.10885652900453568,0.05583250249252242,-0.02690341673392521,0.0,-0.006779661016949212,-0.023783488244942586,0.006721215663354763,-0.010558488469019134,-0.007779938871908837,-0.005649717514124297,-0.004519774011299438,0.0,-0.0812630601346645,0.0,0.003798947983635309,-0.04134565998972778,0.009059029807130359,0.028248587570621486,0.0,-0.004237288135593209,0.005844535359438963,-0.03440424993675689,-0.01829432337906911,-0.026483050847457612,0.005844535359438963,0.04335071707953064,0.0,-0.023783488244942586
0.007168458781362019,-0.00694444444444442,0.051997810618500284,0.024630541871921208,0.03557744937055285,-0.0331890331890331,0.06349206349206354,0.0408931934355663,1.0,0.04010025062656647,0.06878306878306883,0.0058883768561188155,0.06715506715506714,0.028735632183908066,0.03284072249589498,0.02690341673392521,0.05291005291005296,0.061821219715956555,-0.005704365079365004,0.11416361416361409,-0.007192460317460292,0.01428571428571429,0.007680491551459279,0.05820105820105825,-0.019047619047619035,0.03557744937055285,0.024751143395211228,0.014571948998178541,0.008448540706605168,0.11904761904761907,-0.011233211233211193,0.03463203463203465,0.05291005291005296,0.008704557091653853,0.004096262160778297,0.051997810618500284,0.026733500417710943,0.05820105820105825,0.00936768149882905,0.0,0.051587301587301626,0.046176046176046204,0.027777777777777762,0.03007518796992481,0.021428571428571408,0.0,0.015873015873015872,-0.007440476190476164,0.0767195767195768,0.06464646464646467,-0.017316017316017285,0.050793650793650835,0.00936768149882905,0.023088023088023102,0.010496671786994427,0.09004329004329004,0.04010025062656647,0.06683375104427747,0.01937046004842613,0.0,0.02690341673392521,0.061904761904761935,-0.050793650793650835,0.047619047619047616,0.007168458781362019,0.03147235905856599,0.02380952380952378,0.017460317460317454,0.02152273338714017,0.01665365599791835,-0.023088023088023102,0.04386724386724389,-0.07154035323049412,0.07469654528478059,0.0,0.025827280064568248,0.02301587301587299,0.007680491551459279,0.030103995621237056,0.011969815248503823,0.011449388498568858,0.021428571428571408,0.015079365079365081,0.01937046004842613,-0.06958034355294629,0.01829432337906911,0.03147235905856599,-0.022366522366522368,0.04105090311986864,0.06084656084656087,0.02367500672585421,0.015873015873015872,0.024630541871921208,-0.020848140251125302,0.0,-0.0054563492063491315,0.021893814997263283,0.07722832722832723,0.031207963411353234,0.007680491551459279
-0.028296547821165863,-0.04413377192982454,-0.006352087114337601,-0.007259528130671489,-0.006049606775559602,-0.062200956937799035,0.025341130604288498,-0.016057091882248076,-0.04010025062656647,1.0,0.02826510721247566,-0.04668930390492365,0.03542510121457482,-0.005444646098003603,-0.007864488808227488,-0.012488849241748479,0.01949317738791423,0.0,-0.04029605263157898,0.037112010796221284,-0.04797149122807015,-0.01754385964912286,-0.029711375212224167,0.025341130604288498,-0.11077694235588975,-0.008166969147005487,-0.012488849241748479,-0.024158757549611776,-0.03678551216751558,0.062499999999999944,-0.04750337381916331,0.012121212121212088,0.021442495126705652,-0.029711375212224167,-0.02688172043010756,-0.005142165759225659,0.0,0.02631578947368418,-0.03681334483750354,-0.05680868838763575,0.006892230576441061,0.014673046251993616,0.005952380952380876,0.0,-0.02017543859649129,-0.033416875522138734,-0.01666666666666672,-0.0326206140350877,0.014619883040935644,0.012121212121212088,-0.05980861244019137,0.012121212121212088,-0.024158757549611776,0.01275917065390747,-0.03537068477645727,0.01275917065390747,0.0,0.0,-0.014272970561998222,-0.04845446950710114,-0.013678263455248307,0.05157894736842106,-0.10751879699248124,0.006892230576441061,-0.033955857385399024,-0.006352087114337601,-0.018421052631579005,-0.02192982456140352,-0.008920606601248937,-0.02761000862812768,-0.050239234449760806,0.014035087719298234,-0.0830244625648629,0.04747162022703816,-0.04511278195488727,-0.016057091882248076,-0.024561403508772006,-0.03820033955857388,-0.006957047791893545,-0.02761000862812768,-0.026459591601955712,-0.01666666666666672,-0.01403508771929829,-0.010110020814748766,-0.1038211968276857,-0.011894142134998564,-0.005747126436781658,-0.052631578947368474,-0.007864488808227488,0.01949317738791423,-0.008920606601248937,-0.02017543859649129,-0.008469449485783487,-0.04713275726630006,-0.03007518796992481,-0.04221491228070173,-0.005747126436781658,0.021929824561403494,-0.01129943502824865,-0.03537068477645727
-0.03584229390681004,-0.05497685185185186,-0.02554278416347383,-0.02298850574712641,-0.016602809706257993,-0.08417508417508418,0.0,-0.03138731952291279,-0.06878306878306883,-0.02826510721247566,1.0,-0.07885304659498216,0.017094017094017033,-0.026819923371647514,-0.03703703703703709,-0.026679221594475888,0.0,-0.016569200779727122,-0.07523148148148145,0.013532763532763503,-0.08391203703703709,-0.03703703703703709,-0.05973715651135009,0.0,-0.10582010582010587,-0.03959131545338446,-0.026679221594475888,-0.04887674559805705,-0.05973715651135009,0.043981481481481455,-0.0626780626780627,-0.0050505050505050275,0.0,-0.04301075268817206,-0.03823178016726403,-0.020434227330779042,-0.017543859649122806,0.0,-0.04250151791135398,-0.06084656084656087,-0.013888888888888895,-0.006734006734006759,-0.011243386243386277,-0.017543859649122806,-0.031481481481481555,-0.05026455026455029,-0.025925925925925963,-0.04340277777777776,0.0,-0.006060606060606044,-0.06397306397306401,-0.005387205387205385,-0.038251366120218566,-0.004040404040404039,-0.03823178016726403,-0.005723905723905742,-0.017543859649122806,-0.020467836257309913,-0.045511613308223564,-0.10317460317460325,-0.053358443188951776,0.03407407407407409,-0.10158730158730161,-0.01322751322751331,-0.0573476702508961,-0.026819923371647514,-0.033333333333333326,-0.042592592592592626,-0.02981795354676714,-0.04462659380692169,-0.07744107744107742,-0.006734006734006759,-0.11085028690662496,0.019607843137254888,-0.07407407407407413,-0.04708097928436916,-0.042592592592592626,-0.0573476702508961,-0.020434227330779042,-0.036126290224650914,-0.038251366120218566,-0.031481481481481555,-0.02407407407407408,-0.020401757689893302,-0.12531709791983764,-0.021971123666038955,-0.026819923371647514,-0.07407407407407413,-0.017879948914431704,0.0,-0.02981795354676714,-0.033333333333333326,-0.020434227330779042,-0.0826423438363737,-0.05555555555555558,-0.06365740740740738,-0.02171136653895278,0.007834757834757816,-0.026679221594475888,-0.04540023894862605
0.0,-0.013608870967741937,0.030033370411568394,0.026696329254727535,0.0211345939933259,-0.024437927663734094,0.0573476702508961,0.018862766539092413,-0.0058883768561188155,0.04668930390492365,0.07885304659498216,1.0,0.09615384615384615,0.03893214682981083,0.03559510567296997,0.022143247676325806,0.07407407407407407,0.025466893039049254,-0.017641129032258007,0.05893300248138955,-0.01814516129032251,0.01290322580645159,0.0,0.08363201911589002,-0.06267281105990785,0.03781979977753058,0.015582285401858909,0.007667900581702858,0.0,0.10819892473118281,-0.0126550868486352,0.04105571847507333,0.04778972520908009,0.0,0.0,0.017797552836484987,0.02688172043010756,0.05017921146953408,0.006081438392385008,-0.007680491551459279,0.029377880184331795,0.04310850439882702,0.029377880184331795,0.025466893039049254,0.009677419354838734,-0.004352278545826926,0.008064516129032251,-0.010080645161290314,0.02867383512544805,0.032844574780058644,-0.01368523949169112,0.047214076246334336,0.005288207297726111,0.04516129032258065,0.0,0.032844574780058644,0.029711375212224167,0.031126202603282416,0.018862766539092413,-0.008704557091653853,0.028704209950792703,0.11225806451612913,-0.053456221198156684,0.04665898617511516,0.0,0.030033370411568394,0.011290322580645162,0.014516129032258018,0.0164024056861673,0.005817028027498672,-0.02737047898338224,0.030791788856305013,-0.051113130395274875,0.06261859582542695,-0.008704557091653853,0.022963367960634196,0.014516129032258018,0.0,0.016685205784204682,0.005023796932839775,0.006610259122157625,0.008064516129032251,0.00752688172043009,0.009841443411700401,-0.06805125939019002,0.011481683980317098,0.02447163515016687,-0.021505376344086058,0.0211345939933259,0.04540023894862605,0.010661563696008736,0.008602150537634357,0.026696329254727535,-0.02166586422725081,-0.0058883768561188155,-0.011592741935483819,0.017797552836484987,0.027915632754342445,0.013942044833242184,0.0
-0.04342431761786597,-0.07932692307692302,-0.03779840848806365,-0.02984084880636606,-0.02785145888594162,-0.08566433566433562,-0.007834757834757816,-0.03194263363754887,-0.06715506715506714,-0.03542510121457482,-0.017094017094017033,-0.09615384615384615,1.0,-0.03779840848806365,-0.03779840848806365,-0.038787483702737935,-0.009971509971509918,-0.021929824561403494,-0.06850961538461536,0.0,-0.06490384615384615,-0.028205128205128216,-0.04342431761786597,-0.013532763532763503,-0.12362637362637363,-0.039787798408488007,-0.02509778357235984,-0.05674653215636816,-0.05272952853598012,0.020833333333333315,-0.06538461538461532,-0.018881118881118875,-0.010683760683760701,-0.05272952853598012,-0.04652605459057074,-0.03580901856763924,-0.02867746288798917,-0.007834757834757816,-0.019861286254728855,-0.06715506715506714,-0.013736263736263743,-0.01678321678321676,-0.01785714285714285,-0.021929824561403494,-0.051282051282051266,-0.04029304029304029,-0.023076923076923078,-0.05048076923076919,-0.009971509971509918,-0.013636363636363641,-0.04487179487179488,-0.014685314685314643,-0.0255359394703657,-0.01573426573426573,-0.0496277915632754,-0.013636363636363641,-0.020242914979757054,-0.03205128205128199,-0.04563233376792697,-0.08058608058608058,-0.07301173402868322,0.031538461538461626,-0.14340659340659334,-0.03159340659340659,-0.07133995037220842,-0.02785145888594162,-0.028205128205128216,-0.051282051282051266,-0.02509778357235984,-0.03688524590163933,-0.07342657342657344,-0.011538461538461525,-0.07719393282773568,0.004901960784313764,-0.08058608058608058,-0.04563233376792697,-0.04871794871794871,-0.05893300248138955,-0.02984084880636606,-0.05390920554854978,-0.04255989911727617,-0.028205128205128216,-0.025641025641025633,-0.022816166883963485,-0.11064278187565857,-0.02053455019556716,-0.02785145888594162,-0.08158508158508154,-0.02785145888594162,-0.007834757834757816,-0.013689700130378082,-0.03589743589743588,-0.039787798408488007,-0.04305396096440872,-0.05036630036630038,-0.057692307692307654,-0.021883289124668415,0.0,-0.038787483702737935,-0.037220843672456566
-0.01890989988876529,-0.04040948275862066,0.0,0.0,0.0,-0.04806687565308254,0.02298850574712641,-0.0052600818234950775,-0.028735632183908066,0.005444646098003603,0.026819923371647514,-0.03893214682981083,0.03779840848806365,1.0,0.0,-0.006721215663354763,0.03959131545338446,0.003932244404113744,-0.06465517241379315,0.0238726790450928,-0.05010775862068956,-0.010344827586206917,-0.0311457174638487,0.0319284802043423,-0.06206896551724139,0.0,-0.0052600818234950775,-0.017806670435274174,-0.02002224694104565,0.061063218390804586,-0.03527851458885939,0.017868338557993746,0.02298850574712641,-0.017797552836484987,-0.017797552836484987,0.0,0.006049606775559602,0.01915708812260536,-0.016110797060486126,-0.021893814997263283,0.009236453201970418,0.009404388714733536,0.006773399014778303,0.004839685420447659,-0.00919540229885063,-0.021893814997263283,-0.00919540229885063,-0.029094827586206906,0.02298850574712641,0.015047021943573657,-0.027168234064785773,0.01598746081504704,-0.015262860373092157,0.018808777429467072,-0.02224694104560626,0.011285266457680243,0.004839685420447659,0.005142165759225659,-0.004383401519579222,-0.03831417624521072,-0.005844535359438963,0.05241379310344829,-0.07093596059113305,0.020320197044334964,-0.03448275862068961,0.0,-0.010344827586206917,-0.01666666666666672,-0.007013442431326733,-0.016110797060486126,-0.06269592476489028,0.009404388714733536,-0.08839242350655663,0.03549695740365111,-0.03420908593322386,-0.005552308591466992,-0.012068965517241403,-0.026696329254727535,0.0,-0.01356698699830411,-0.012719050310910113,-0.00919540229885063,-0.009770114942528774,-0.004967855055523107,-0.08502598016060464,-0.0026300409117475387,0.0,-0.033437826541274834,0.0,0.014048531289910599,-0.0035067212156633665,-0.007471264367816088,0.0,-0.0301080802882141,-0.021893814997263283,-0.029094827586206906,0.0,0.019893899204244003,-0.005552308591466992,-0.0211345939933259
-0.02002224694104565,-0.04202586206896547,0.0,0.0,0.0,-0.05433646812957155,0.026819923371647514,-0.007013442431326733,-0.03284072249589498,0.007864488808227488,0.03703703703703709,-0.03559510567296997,0.03779840848806365,0.0,1.0,-0.007013442431326733,0.03959131545338446,0.005142165759225659,-0.05010775862068956,0.04177718832891242,-0.061422413793103425,-0.013793103448275945,-0.03448275862068961,0.04342273307790556,-0.06798029556650248,0.0,-0.007890122735242588,-0.027981910684002242,-0.03559510567296997,0.0933908045977011,-0.0259946949602122,0.013166144200626978,0.028097062579821197,-0.02447163515016687,-0.02447163515016687,0.0,0.006957047791893545,0.028097062579821197,-0.02035048049745619,-0.025998905309250142,0.013546798029556606,0.019749216300940453,0.010467980295566504,0.005747126436781658,-0.01091954022988506,-0.03420908593322386,-0.01149425287356326,-0.038793103448275856,0.02554278416347383,0.019749216300940453,-0.033437826541274834,0.019749216300940453,-0.014414923685698133,0.009404388714733536,-0.025583982202447175,0.016927899686520365,0.005747126436781658,0.006352087114337601,-0.003798947983635309,-0.046524356869184436,-0.007890122735242588,0.04689655172413798,-0.06502463054187196,0.014162561576354649,-0.03893214682981083,0.0,-0.00919540229885063,-0.014942528735632177,-0.006721215663354763,-0.017806670435274174,-0.07941483803552774,0.015047021943573657,-0.09786304031083048,0.02603110209601081,-0.03831417624521072,-0.008182349503214503,-0.01666666666666672,-0.033370411568409364,0.0,-0.011871113623516089,-0.011871113623516089,-0.01149425287356326,-0.00919540229885063,-0.004675628287551192,-0.10273972602739728,-0.004967855055523107,0.0,-0.043887147335423204,0.0,0.017879948914431704,-0.0035067212156633665,-0.00804597701149426,0.0,-0.02547606793618118,-0.023262178434592218,-0.030711206896551713,0.0,0.02785145888594162,-0.007305669199298648,-0.026696329254727535
-0.022963367960634196,-0.05429025423728806,0.010520163646990155,0.008766803039158444,0.007890122735242588,-0.057524396507447284,0.053358443188951776,0.0,-0.02690341673392521,0.012488849241748479,0.026679221594475888,-0.022143247676325806,0.038787483702737935,0.006721215663354763,0.007013442431326733,1.0,0.048650345260514816,0.02022004162949753,-0.033103813559322015,0.06844850065189056,-0.033103813559322015,-0.004519774011299438,-0.02624384909786759,0.03923414940364095,-0.06924939467312347,0.0052600818234950775,0.0,-0.010558488469019134,-0.022143247676325806,0.06214689265536727,-0.026597131681877384,0.016024653312788906,0.05021971123666047,-0.019682886823400803,-0.014762165117550574,0.007597895967270618,0.009515313707998851,0.037664783427495296,-0.011669908307863297,-0.03658864675813822,0.01543583535108961,0.023420647149460738,0.011803874092009697,0.007136485280999111,-0.007344632768361559,-0.02044659671778315,-0.005932203389830526,-0.038400423728813526,0.03295668549905839,0.023420647149460738,-0.04673857216230093,0.04314329738058553,-0.01944984717977205,0.028351309707241923,-0.02460360852925092,0.03204930662557781,0.02022004162949753,0.016057091882248076,0.0,-0.01721818670971209,0.0,0.03661016949152543,-0.03462469733656173,0.011803874092009697,-0.018042646254784023,0.005844535359438963,-0.008474576271186418,-0.006214689265536755,0.0,-0.02056126701861627,-0.057524396507447284,0.027118644067796627,-0.09166865600381946,0.05317381189764042,-0.024751143395211228,0.0,-0.007627118644067787,-0.018042646254784023,0.004091174751607252,-0.010558488469019134,-0.00833564879133089,-0.003954802259887008,-0.0036723163841807793,0.0,-0.05850940329695842,0.0,0.003798947983635309,-0.030559835644581368,0.008182349503214503,0.021971123666038955,0.0,-0.0048022598870056665,0.004967855055523107,-0.03440424993675689,-0.01721818670971209,-0.01986228813559318,0.004675628287551192,0.03422425032594528,0.0,-0.019682886823400803
-0.031063321385902037,-0.06944444444444442,-0.033205619412515985,-0.024265644955300147,-0.024265644955300147,-0.09090909090909094,0.0,-0.034526051475204045,-0.05291005291005296,-0.01949317738791423,0.0,-0.07407407407407407,0.009971509971509918,-0.03959131545338446,-0.03959131545338446,-0.048650345260514816,1.0,-0.020467836257309913,-0.10995370370370372,0.014245014245014176,-0.08391203703703709,-0.029629629629629672,-0.08124253285543614,0.0,-0.09735449735449736,-0.026819923371647514,-0.03138731952291279,-0.04462659380692169,-0.0669056152927121,0.027777777777777762,-0.0626780626780627,-0.005723905723905742,0.0,-0.05973715651135009,-0.05017921146953408,-0.017879948914431704,-0.016569200779727122,0.0,-0.046751669702489396,-0.07142857142857145,-0.01322751322751331,-0.003703703703703709,-0.009920634920634941,-0.015594541910331383,-0.03888888888888892,-0.05026455026455029,-0.029629629629629672,-0.06365740740740738,0.0,-0.005723905723905742,-0.057239057239057256,-0.007070707070707061,-0.05525197328476017,-0.006060606060606044,-0.054958183990442055,-0.006060606060606044,-0.022417153996101336,-0.020467836257309913,-0.015693659761456397,-0.05555555555555558,-0.02981795354676714,0.019259259259259254,-0.0888888888888889,-0.013888888888888895,-0.062126642771804075,-0.0319284802043423,-0.04444444444444451,-0.05555555555555558,-0.045511613308223564,-0.059502125075895584,-0.10774410774410775,-0.006734006734006759,-0.13302034428794995,0.020697167755991286,-0.07936507936507936,-0.02981795354676714,-0.046296296296296335,-0.05256869772998807,-0.014048531289910599,-0.038251366120218566,-0.036126290224650914,-0.0203703703703704,-0.031481481481481555,-0.02354048964218458,-0.0963977676306444,-0.018832391713747648,-0.02171136653895278,-0.043771043771043766,-0.01915708812260536,0.0,-0.018832391713747648,-0.02407407407407408,-0.024265644955300147,-0.05030403537866229,-0.047619047619047616,-0.049189814814814825,-0.020434227330779042,0.006410256410256415,-0.03138731952291279,-0.05017921146953408
-0.04527447651386529,-0.05564692982456143,-0.009981851179673318,-0.006352087114337601,-0.007864488808227488,-0.09330143540669866,0.030214424951267027,-0.02378828426999713,-0.061821219715956555,0.0,0.016569200779727122,-0.025466893039049254,0.021929824561403494,-0.003932244404113744,-0.005142165759225659,-0.02022004162949753,0.020467836257309913,1.0,-0.04221491228070173,0.0657894736842104,-0.04989035087719296,-0.021052631578947434,-0.04102999434069049,0.020467836257309913,-0.04561403508771933,-0.005747126436781658,-0.016057091882248076,-0.02070750647109576,-0.04527447651386529,0.062499999999999944,-0.05398110661268557,0.007017543859649117,0.021442495126705652,-0.05517826825127348,-0.03678551216751558,-0.011494252873563315,0.0,0.021442495126705652,-0.025309174575783744,-0.053467000835421885,0.00877192982456132,0.012121212121212088,0.005952380952380876,0.0,-0.029824561403508865,-0.0367585630743526,-0.023684210526315863,-0.06332236842105265,0.030214424951267027,0.01786283891547047,-0.07416267942583737,0.01786283891547047,-0.02876042565429965,0.008931419457735235,-0.05517826825127348,0.024242424242424176,0.0,0.0,-0.00535236396074934,-0.03508771929824567,-0.009515313707998851,0.027017543859649135,-0.07493734335839602,0.004699248120300703,-0.022637238256932646,-0.003024803387779801,-0.03508771929824572,-0.019298245614035148,-0.014272970561998222,-0.05061834915156749,-0.062200956937799035,0.01594896331738438,-0.1383741042747716,0.039215686274509776,-0.033416875522138734,-0.009515313707998851,-0.023684210526315863,-0.03254102999434072,-0.008166969147005487,-0.02761000862812768,-0.023008340523439752,-0.02017543859649129,-0.019298245614035148,-0.015462384775498106,-0.09613073780341264,-0.013083556348498393,-0.005142165759225659,-0.062200956937799035,-0.011796733212341315,0.01851851851851849,-0.011894142134998564,-0.01666666666666672,-0.005142165759225659,-0.057606703325477904,-0.026733500417710943,-0.04221491228070173,-0.005444646098003603,0.042172739541160575,-0.019625334522747617,-0.0481041312959819
0.008064516129032251,0.0,0.04525862068965514,0.04364224137931033,0.04040948275862066,-0.015625,0.07523148148148145,0.03177966101694912,0.005704365079365004,0.04029605263157898,0.07523148148148145,0.017641129032258007,0.06850961538461536,0.06465517241379315,0.05010775862068956,0.033103813559322015,0.10995370370370372,0.04221491228070173,1.0,0.0757211538461538,0.0,0.019791666666666652,0.017641129032258007,0.08391203703703709,-0.029464285714285776,0.037176724137930994,0.027807203389830504,0.016137295081967207,0.01310483870967738,0.08333333333333331,-0.006490384615384592,0.040909090909090895,0.06365740740740738,0.012600806451612878,0.009576612903225812,0.027478448275862044,0.04221491228070173,0.06365740740740738,0.016137295081967207,0.005952380952380876,0.049107142857142794,0.03323863636363633,0.031249999999999972,0.04029605263157898,0.02604166666666663,0.005208333333333315,0.019791666666666652,0.0,0.06655092592592587,0.053693181818181834,-0.007575757575757597,0.04857954545454546,0.020747950819672123,0.04602272727272727,0.01310483870967738,0.04857954545454546,0.046052631578947345,0.04221491228070173,0.02515889830508472,0.007688492063491981,0.03442796610169485,0.08750000000000002,-0.036160714285714324,0.0714285714285714,0.015624999999999944,0.04364224137931033,0.027083333333333293,0.04166666666666663,0.04634533898305071,0.02151639344262296,-0.016571969696969835,0.03579545454545455,-0.05391725352112692,0.0916053921568627,0.007936507936507908,0.03045550847457623,0.02499999999999991,0.01310483870967738,0.030711206896551713,0.013831967213114749,0.01306352459016391,0.01874999999999999,0.021874999999999978,0.018538135593220317,-0.052011986301369884,0.01588983050847456,0.03394396551724138,-0.008522727272727293,0.027478448275862044,0.04629629629629628,0.017213983050847426,0.019791666666666652,0.03556034482758619,-0.014692164179104517,0.005952380952380876,0.0,0.029094827586206906,0.03966346153846151,0.027807203389830504,0.011088709677419317
-0.07754342431761785,-0.09374999999999994,-0.05570291777188324,-0.03580901856763924,-0.051724137931034475,-0.14277389277389274,-0.019943019943019835,-0.07073011734028689,-0.11416361416361409,-0.037112010796221284,-0.013532763532763503,-0.05893300248138955,0.0,-0.0238726790450928,-0.04177718832891242,-0.06844850065189056,-0.014245014245014176,-0.0657894736842104,-0.0757211538461538,1.0,-0.11538461538461531,-0.05384615384615382,-0.09305210918114148,-0.01638176638176636,-0.07417582417582419,-0.04575596816976124,-0.07073011734028689,-0.06242118537200503,-0.1178660049627791,0.0336538461538462,-0.0692307692307692,-0.011538461538461525,-0.01638176638176636,-0.09305210918114148,-0.06513647642679898,-0.06167108753315653,-0.030364372469635637,-0.015669515669515632,-0.07377049180327866,-0.0973748473748473,-0.038461538461538436,-0.019930069930069905,-0.02472527472527475,-0.03205128205128199,-0.0692307692307692,-0.07722832722832723,-0.06153846153846154,-0.11177884615384609,-0.01780626780626776,-0.028321678321678256,-0.10198135198135194,-0.026223776223776196,-0.06242118537200503,-0.012587412587412555,-0.10235732009925558,-0.03251748251748254,-0.047233468286099756,-0.055668016194331926,-0.03194263363754887,-0.07387057387057389,-0.038787483702737935,0.006153846153846176,-0.09890109890109888,-0.01648351648351648,-0.05583126550868489,-0.03580901856763924,-0.08205128205128209,-0.05641025641025643,-0.05475880052151233,-0.09079445145018905,-0.13461538461538458,-0.019930069930069905,-0.18011917659804982,0.007164404223227783,-0.07051282051282048,-0.04335071707953064,-0.08205128205128209,-0.07754342431761785,-0.04177718832891242,-0.05958385876418659,-0.05958385876418659,-0.07435897435897432,-0.051282051282051266,-0.04563233376792697,-0.16043203371970488,-0.047913950456323295,-0.0477453580901856,-0.11421911421911418,-0.07161803713527848,-0.01780626780626776,-0.05019556714471968,-0.0435897435897436,-0.031830238726790416,-0.12055109070034442,-0.07722832722832723,-0.09014423076923073,-0.04376657824933683,0.0,-0.05704041720990871,-0.10235732009925558
