0,1,2,3,4,5,6,7,8,9,10,11,12,13,14,15,16,17,18,19,20,21,22,23,24,25,26,27,28,29,30,31,32,33,34,35,36,37,38,39,40,41,42,43,44,45,46,47,48,49,50,51,52,53,54,55,56,57,58,59,60,61,62,63,64,65,66,67,68,69,70,71,72,73,74,75,76,77,78,79,80,81,82,83,84,85,86,87,88,89,90,91,92,93,94,95,96,97,98,99
1.0,0.050793650793650835,0.05541125541125547,0.07722832722832723,0.0317460317460318,0.02259887005649719,0.0658879904162924,0.041666666666666685,0.02044659671778315,0.005376344086021501,0.025998905309250142,0.03174603174603177,0.01915708812260536,0.03968253968253968,0.0,0.007936507936507964,0.0317460317460318,-0.014163614163614113,0.0078064012490242085,0.15503875968992253,0.0,0.07841269841269843,0.016666666666666663,0.0,0.007680491551459279,0.03174603174603177,0.010408534998698982,-0.004464285714285698,0.005376344086021501,-0.003968253968253954,0.015079365079365081,0.05357142857142855,0.02367500672585421,0.06613756613756616,0.01937046004842613,0.050793650793650835,0.004608294930875556,-0.00644841269841262,-0.01659451659451655,0.02259887005649719,0.018253968253968245,0.010408534998698982,0.05036630036630038,0.015079365079365081,0.012490241998438789,0.047619047619047616,0.03373015873015872,0.051587301587301626,0.015092375748113507,0.028735632183908066,-0.018070818070818007,0.025827280064568248,-0.01611721611721617,0.010408534998698982,0.030103995621237056,-0.005952380952380876,0.03508771929824567,0.03968253968253965,0.025062656641604036,0.0,0.01721818670971209,0.03373015873015872,0.004352278545826926,0.005632360471070186,0.03147235905856599,-0.010744810744810707,0.02857142857142858,0.03557744937055285,0.021428571428571408,0.07187780772686442,-0.006200396825396803,0.041666666666666685,-0.02020202020202022,0.011969815248503823,0.05091344713986229,-0.009768009768009733,0.02152273338714017,0.026733500417710943,-0.018759018759018697,0.0,0.0,0.030131826741996215,0.07096171802054158,0.0,0.006400409626216075,0.03147235905856599,0.012490241998438789,0.005120327700972871,0.036945812807881784,0.010928961748633892,0.031207963411353234,0.04848484848484852,0.02044659671778315,0.028735632183908066,0.03232323232323234,0.015079365079365081,0.024630541871921208,0.05772005772005773,0.07786762503743644,0.03284072249589498
-0.050793650793650835,1.0,0.0,0.03356643356643352,-0.020414673046251997,-0.04067796610169494,0.011663807890223032,-0.012987012987013102,-0.03821263482280435,-0.05131964809384165,-0.02068965517241378,0.00774410774410772,-0.017868338557993746,0.007070707070707061,-0.04155844155844157,-0.04310850439882702,-0.014035087719298234,-0.0755244755244755,-0.04470938897168403,0.01522198731501058,-0.05310245310245315,0.040000000000000036,-0.024242424242424288,-0.05541125541125547,-0.05542521994134897,0.0063973063973064015,-0.01788375558867361,-0.03068181818181817,-0.030791788856305013,-0.04857954545454546,-0.03181818181818186,-0.004870129870129913,-0.01725731895223423,0.005387205387205385,-0.016024653312788906,0.0,-0.018475073313783008,-0.053693181818181834,-0.04848484848484849,-0.009861325115562425,-0.010606060606060619,-0.03219076005961252,0.013636363636363641,-0.012121212121212144,-0.030402384500745172,0.002356902356902363,-0.003896103896103925,-0.002922077922077937,-0.01788375558867361,-0.008463949843260182,-0.05874125874125874,-0.046841294298921476,-0.08951048951048951,-0.04828614008941878,-0.03197492163009408,-0.08948863636363624,-0.026794258373205704,-0.011363636363636354,-0.015311004784688997,-0.050793650793650835,-0.027118644067796627,-0.0061688311688312125,-0.06158357771261003,-0.047214076246334336,-0.02163009404388716,-0.05874125874125874,-0.022727272727272763,-0.019749216300940453,-0.03939393939393937,0.021955403087478564,-0.040909090909090895,-0.008116883116883133,-0.0696969696969697,-0.028614008941877767,0.017152658662092646,-0.08391608391608396,-0.027118644067796627,-0.01275917065390747,-0.08181818181818185,-0.03232323232323234,-0.03463203463203465,-0.016024653312788906,0.024242424242424232,-0.05310245310245315,-0.04105571847507333,-0.01598746081504704,-0.01967213114754099,-0.022580645161290325,-0.015047021943573657,-0.01967213114754099,-0.01479198767334361,0.0,-0.01972265023112485,-0.016927899686520365,0.0,-0.018181818181818216,-0.014106583072100332,0.0,0.006174957118353364,-0.009404388714733536
-0.05541125541125547,0.0,1.0,0.02412587412587408,-0.020414673046251997,-0.045608628659476125,0.011663807890223032,-0.012662337662337708,-0.04314329738058553,-0.047214076246334336,-0.016927899686520365,0.006734006734006759,-0.018808777429467072,0.006060606060606044,-0.03694083694083694,-0.03900293255131965,-0.010207336523125998,-0.06713286713286715,-0.03934426229508198,0.03551797040169133,-0.04386724386724389,0.032727272727272716,-0.01666666666666669,-0.046176046176046204,-0.057478005865102655,0.0063973063973064015,-0.01788375558867361,-0.028124999999999983,-0.02463343108504401,-0.040909090909090895,-0.03181818181818186,-0.004870129870129913,-0.01972265023112485,0.005387205387205385,-0.01972265023112485,0.0,-0.028739002932551327,-0.051136363636363646,-0.054545454545454564,-0.012326656394453017,-0.019696969696969685,-0.03755588673621463,0.020979020979020935,-0.019696969696969685,-0.03576751117734722,0.0033670033670033794,-0.004870129870129913,-0.0035714285714285865,-0.030402384500745172,-0.009404388714733536,-0.06993006993006995,-0.045608628659476125,-0.08111888111888105,-0.04113263785394933,-0.03385579937304073,-0.099715909090909,-0.024880382775119503,-0.012337662337662425,-0.012121212121212088,-0.04848484848484852,-0.02588597842835133,-0.006818181818181834,-0.06158357771261003,-0.030791788856305013,-0.017868338557993746,-0.04755244755244753,-0.025757575757575812,-0.012225705329153597,-0.034848484848484906,0.01989708404802748,-0.03068181818181817,-0.006818181818181834,-0.051515151515151514,-0.030402384500745172,0.014408233276157811,-0.07832167832167836,-0.020955315870570146,-0.008931419457735235,-0.07878787878787874,-0.03463203463203465,-0.03694083694083694,-0.018489984591679554,0.024242424242424232,-0.05310245310245315,-0.03900293255131965,-0.012225705329153597,-0.01967213114754099,-0.022580645161290325,-0.015047021943573657,-0.02146050670640834,-0.01725731895223423,0.0,-0.020955315870570146,-0.017868338557993746,0.0,-0.021212121212121238,-0.011285266457680243,0.0,0.008919382504288198,-0.01034482758620689
-0.07722832722832723,-0.03356643356643352,-0.02412587412587408,1.0,-0.045546558704453344,-0.05019556714471968,-0.007982583454281489,-0.0357142857142857,-0.04563233376792697,-0.06513647642679898,-0.031830238726790416,-0.010683760683760701,-0.02785145888594162,-0.014245014245014176,-0.07387057387057389,-0.08064516129032256,-0.03542510121457482,-0.12692307692307692,-0.05674653215636816,0.056350626118068015,-0.08730158730158732,0.01769230769230773,-0.05897435897435899,-0.07051282051282048,-0.04032258064516128,-0.010683760683760701,-0.031210592686002514,-0.043269230769230727,-0.07133995037220842,-0.06490384615384615,-0.05384615384615382,-0.01648351648351648,-0.05019556714471968,-0.015669515669515632,-0.04106910039113432,-0.014685314685314643,-0.0496277915632754,-0.06850961538461536,-0.06526806526806525,-0.027379400260756165,-0.041025641025641046,-0.04255989911727617,0.0,-0.025641025641025633,-0.03972257250945771,-0.011396011396011374,-0.020604395604395642,-0.023351648351648324,-0.04255989911727617,-0.02984084880636606,-0.11153846153846142,-0.06160365058670142,-0.12307692307692303,-0.09363177805800749,-0.039787798408488007,-0.08293269230769224,-0.045546558704453344,-0.030219780219780223,-0.026990553306342757,-0.0537240537240537,-0.03650586701434161,-0.013736263736263743,-0.0496277915632754,-0.0682382133995037,-0.039787798408488007,-0.07692307692307687,-0.05897435897435899,-0.0477453580901856,-0.07179487179487176,-0.011611030478954953,-0.07932692307692302,-0.03434065934065933,-0.09790209790209786,-0.05674653215636816,-0.007982583454281489,-0.06538461538461532,-0.05019556714471968,-0.03205128205128199,-0.1101398601398601,-0.05036630036630038,-0.08058608058608058,-0.05019556714471968,0.004524886877828066,-0.08394383394383392,-0.06513647642679898,-0.039787798408488007,-0.04255989911727617,-0.0496277915632754,-0.039787798408488007,-0.045397225725094525,-0.04106910039113432,-0.01573426573426573,-0.03194263363754887,-0.02785145888594162,-0.01573426573426573,-0.033333333333333326,-0.03779840848806365,-0.018881118881118875,-0.0050798258345427505,-0.02785145888594162
-0.0317460317460318,0.020414673046251997,0.020414673046251997,0.045546558704453344,1.0,-0.020814748736247446,0.015888778550148974,0.010338345864661647,-0.020814748736247446,-0.03537068477645727,-0.006957047791893545,0.022417153996101336,-0.006957047791893545,0.01949317738791423,-0.038429406850459535,-0.03537068477645727,0.0,-0.05829959514170041,-0.01840667241875177,0.07996736026111789,-0.04010025062656647,0.05403508771929827,-0.01666666666666672,-0.0367585630743526,-0.031126202603282416,0.01851851851851849,-0.014955421340235836,-0.02878289473684212,-0.01839275608375779,-0.038377192982456176,-0.024561403508772006,0.0037593984962405735,-0.01129943502824865,0.021442495126705652,-0.014867677668748136,0.01275917065390747,-0.021222410865874397,-0.030701754385964897,-0.03588516746411485,-0.005947071067499282,-0.012280701754386003,-0.019557089444923792,0.02867746288798917,-0.011403508771929832,-0.026459591601955712,0.011695906432748537,0.005639097744360888,0.005325814536340845,-0.021857923497267784,-0.0027223230490018013,-0.05829959514170041,-0.01665179898899799,-0.05398110661268557,-0.04486626402070759,-0.010889292196007205,-0.06907894736842102,0.0,0.010025062656641603,0.0,-0.028404344193817876,-0.011894142134998564,0.005952380952380876,-0.03678551216751558,-0.02405206564799095,-0.005444646098003603,-0.04318488529014847,-0.01403508771929829,-0.006352087114337601,-0.021052631578947434,0.03177755710029795,-0.03453947368421051,0.006578947368421018,-0.040669856459330134,-0.01840667241875177,0.026481297583581587,-0.04966261808367073,-0.010110020814748766,0.0,-0.06459330143540676,-0.02172096908939017,-0.028404344193817876,-0.007136485280999111,0.03302373581011353,-0.04845446950710114,-0.02688172043010756,-0.005142165759225659,-0.009203336209375884,-0.01839275608375779,-0.004839685420447659,-0.01380500431406384,-0.011894142134998564,0.012121212121212088,-0.008325899494498995,-0.004234724742891743,0.008293460925039853,-0.010526315789473717,-0.0033272837265577726,0.009569377990430616,0.015888778550148974,-0.0024198427102238296
-0.02259887005649719,0.04067796610169494,0.045608628659476125,0.05019556714471968,0.020814748736247446,1.0,0.021106491845219094,0.032687651331719136,0.0,-0.0164024056861673,0.004967855055523107,0.03138731952291279,0.007890122735242588,0.03138731952291279,-0.02367500672585421,-0.01722252597047569,0.01070472792149868,-0.03754889178617993,-0.008891358710752917,0.06306661411115491,-0.024751143395211228,0.05186440677966109,-0.0053672316384180685,-0.02259887005649719,-0.019682886823400803,0.03295668549905839,-0.011114198388441188,-0.021186440677966045,-0.013942044833242184,-0.03575211864406774,-0.005932203389830526,0.01361985472154964,0.0,0.021971123666038955,0.0,0.020955315870570146,-0.009841443411700401,-0.022510593220338937,-0.023369286081150464,0.0,-0.003389830508474606,-0.009447068630175026,0.03422425032594528,-0.0031073446327683774,-0.011114198388441188,0.014124293785310743,0.01543583535108961,0.012711864406779655,-0.01000277854959708,0.003214494447691424,-0.039113428943937434,0.0,-0.048500651890482305,-0.01667129758266178,0.015195791934541236,-0.07150423728813549,0.022004162949747275,0.044491525423728695,0.008920606601248937,-0.01937046004842613,0.0,0.023607748184019395,-0.0328048113723346,-0.013121924548933794,0.006428988895382848,-0.0312907431551499,-0.0053672316384180685,0.0052600818234950775,-0.008192090395480245,0.05756315957787028,-0.02913135593220334,0.02088377723970941,-0.03235747303543912,-0.009447068630175026,0.04413175567636718,-0.0438070404172099,0.0,0.012488849241748479,-0.03775038520801233,-0.01829432337906911,-0.02259887005649719,0.0,0.047856430707876374,-0.02690341673392521,-0.019682886823400803,0.0052600818234950775,-0.00833564879133089,-0.013942044833242184,0.007890122735242588,-0.00833564879133089,0.0,0.023420647149460738,0.0,0.004383401519579222,0.01479198767334361,-0.003389830508474606,0.004091174751607252,0.023420647149460738,0.02878157978893514,0.0029222676797194813
-0.0658879904162924,-0.011663807890223032,-0.011663807890223032,0.007982583454281489,-0.015888778550148974,-0.021106491845219094,1.0,-0.013140161725067406,-0.017268947873361085,-0.05203895313451007,-0.03903708523096944,-0.004192872117400437,-0.01951854261548472,-0.00524109014675056,-0.05989817310572032,-0.0684723067559343,-0.018536908308507127,-0.09056603773584909,-0.04948963810702134,0.09653356735410262,-0.07187780772686442,0.016981132075471694,-0.04402515723270445,-0.05690326445043431,-0.03834449178332322,-0.00524109014675056,-0.042066192390968205,-0.055129716981132115,-0.06299452221545959,-0.04215801886792453,-0.03301886792452835,-0.01617250673854448,-0.030700351774864132,-0.0076869322152341435,-0.030700351774864132,-0.015780445969125256,-0.06573341448569697,-0.09728773584905664,-0.10034305317324188,-0.05564438759194118,-0.07264150943396241,-0.05196412001237244,0.0076197387518141535,-0.059433962264150986,-0.02721930095886177,-0.010132774283717616,-0.02526954177897578,-0.019204851752021634,-0.05196412001237244,-0.05367599219258301,-0.0766328011611031,-0.03261912376079318,-0.0870827285921626,-0.047015156201670294,-0.014638906961613546,-0.04864386792452832,-0.022509102946044413,-0.011118598382749367,-0.02515723270440251,-0.07487271638215037,-0.030700351774864132,-0.013140161725067406,-0.030127814972611106,-0.06025562994522221,-0.029277813923227092,-0.06618287373004356,-0.0660377358490567,-0.029277813923227092,-0.03522012578616357,0.0,-0.0778301886792453,-0.0121293800539084,-0.07061177815894804,-0.04948963810702134,0.0,-0.04876632801161107,-0.030700351774864132,-0.01721284342932805,-0.08176100628930827,-0.05989817310572032,-0.04192872117400423,-0.04221298369043819,0.008879023307436146,-0.02395926924228811,-0.03834449178332322,-0.02765126870527007,-0.03959171048561705,-0.05477784540474745,-0.030904359141184168,-0.07670893906588316,-0.0518068436200832,-0.013722126929674117,-0.04029421170450914,-0.029277813923227092,-0.010977701543739282,-0.06383647798742142,-0.047169811320754707,-0.013036020583190422,0.0,-0.04879635653871184
-0.041666666666666685,0.012987012987013102,0.012662337662337708,0.0357142857142857,-0.010338345864661647,-0.032687651331719136,0.013140161725067406,1.0,-0.033595641646489094,-0.03456221198156678,-0.008004926108374388,0.011904761904761918,-0.013546798029556606,0.014550264550264591,-0.031746031746031744,-0.04147465437788017,-0.006265664160400919,-0.07170329670329662,-0.02927400468384067,0.026993355481727585,-0.04365079365079366,0.05142857142857149,-0.021428571428571408,-0.03968253968253965,-0.04320276497695852,0.011243386243386277,-0.01902810304449648,-0.024553571428571397,-0.0259216589861751,-0.05133928571428564,-0.025000000000000022,0.0,-0.012711864406779655,0.011243386243386277,-0.01543583535108961,0.0035714285714285865,-0.020737327188940086,-0.0357142857142857,-0.03246753246753245,-0.004539951573849871,-0.008333333333333331,-0.02781030444964866,0.020604395604395642,-0.01190476190476189,-0.026346604215456648,0.005291005291005291,0.0,0.0,-0.011709601873536285,-0.004310344827586202,-0.04697802197802192,-0.03450363196125905,-0.07912087912087912,-0.032201405152224805,-0.02216748768472898,-0.08258928571428559,-0.013784461152882121,0.0,-0.005325814536340845,-0.03373015873015872,-0.017251815980629526,0.0,-0.0570276497695853,-0.029377880184331795,-0.014162561576354649,-0.04450549450549446,-0.013095238095238104,-0.011699507389162533,-0.036904761904761885,0.03234501347708896,-0.0357142857142857,0.0,-0.05681818181818182,-0.02195550351288053,0.020215633423180668,-0.07417582417582413,-0.019067796610169496,-0.005639097744360888,-0.0649350649350649,-0.02182539682539683,-0.03373015873015872,-0.011803874092009697,0.02801120448179273,-0.047619047619047616,-0.03456221198156678,-0.009236453201970418,-0.01902810304449648,-0.022465437788018433,-0.009852216748768461,-0.014637002341920335,-0.010895883777239684,0.006493506493506551,-0.012711864406779655,-0.009236453201970418,0.004870129870129913,-0.01190476190476189,-0.008620689655172403,0.003896103896103925,0.0060646900269542,-0.004310344827586202
-0.02044659671778315,0.03821263482280435,0.04314329738058553,0.04563233376792697,0.020814748736247446,0.0,0.017268947873361085,0.033595641646489094,1.0,-0.013942044833242184,0.004091174751607252,0.028248587570621486,0.007305669199298648,0.03295668549905839,-0.02259887005649719,-0.014762165117550574,0.010110020814748766,-0.03598435462842242,-0.007779938871908837,0.044146629877808444,-0.02044659671778315,0.04881355932203396,-0.0053672316384180685,-0.01829432337906911,-0.018042646254784023,0.02981795354676714,-0.011669908307863297,-0.026483050847457612,-0.013942044833242184,-0.03575211864406774,-0.006779661016949212,0.011803874092009697,0.0,0.018832391713747648,0.0,0.018489984591679554,-0.009841443411700401,-0.021186440677966045,-0.021571648690292766,0.0,-0.0036723163841807793,-0.007224228952486783,0.029661016949152547,-0.0036723163841807793,-0.012781328146707405,0.014124293785310743,0.01361985472154964,0.01361985472154964,-0.00833564879133089,0.0029222676797194813,-0.0312907431551499,0.0,-0.042242503259452335,-0.01500416782439562,0.014026884862653466,-0.06753177966101676,0.02140945584299736,0.04267554479418878,0.008325899494498995,-0.015065913370998107,0.0,0.019975786924939454,-0.03362493165664293,-0.01230180426462546,0.006428988895382848,-0.03285528031290741,-0.004237288135593209,0.004383401519579222,-0.007344632768361559,0.0518068436200832,-0.02515889830508472,0.017251815980629526,-0.030559835644581368,-0.007224228952486783,0.03645666773265116,-0.042242503259452335,0.0,0.012488849241748479,-0.03775038520801233,-0.01829432337906911,-0.01937046004842613,0.0,0.047856430707876374,-0.02690341673392521,-0.02132312739201747,0.0061367621274108775,-0.00833564879133089,-0.0164024056861673,0.006721215663354763,-0.007779938871908837,0.0,0.020955315870570146,0.0,0.004091174751607252,0.012326656394453017,-0.003389830508474606,0.003798947983635309,0.020955315870570146,0.017268947873361085,0.0026300409117475387
-0.005376344086021501,0.05131964809384165,0.047214076246334336,0.06513647642679898,0.03537068477645727,0.0164024056861673,0.05203895313451007,0.03456221198156678,0.013942044833242184,1.0,0.027808676307007785,0.08363201911589002,0.025583982202447175,0.0573476702508961,-0.005632360471070186,0.0,0.04102999434069049,-0.01563275434243172,0.006610259122157625,0.07839459864966242,-0.007936507936507964,0.07354838709677419,0.005913978494623634,-0.009216589861751112,0.0,0.05256869772998807,0.006081438392385008,-0.010584677419354815,0.0,-0.008064516129032251,0.011290322580645162,0.036290322580645185,0.01722252597047569,0.04778972520908009,0.018042646254784023,0.036950146627566016,0.0,-0.014112903225806439,-0.025415444770283457,0.015582285401858909,0.01021505376344084,0.0042305658381808775,0.05583126550868489,0.009677419354838734,0.006874669487043905,0.03823178016726403,0.032834101382488434,0.019009216589861738,0.005288207297726111,0.02447163515016687,-0.021588089330024762,0.014762165117550574,-0.0208436724565757,0.007139079851930186,0.02224694104560626,-0.01209677419354832,0.02688172043010756,0.027649769585253448,0.06225240520656483,-0.009472606246799797,0.031164570803717817,0.044930875576036866,0.0,0.0,0.0311457174638487,-0.01712158808933001,0.010752688172043001,0.0311457174638487,0.013440860215053752,0.043822276323797926,-0.010584677419354815,0.04147465437788017,-0.022482893450635366,0.006345848757271344,0.0821667681071212,-0.0253101736972704,0.025423728813559254,0.02688172043010756,-0.02834799608993155,-0.00665642601126476,-0.004864311315924241,0.013942044833242184,0.08349146110056926,-0.007424475166410649,0.0,0.014460511679644045,0.007139079851930186,0.0,0.016685205784204682,0.005288207297726111,0.018042646254784023,0.06158357771261003,0.0164024056861673,0.0211345939933259,0.03900293255131965,0.010752688172043001,0.0211345939933259,0.020527859237536666,0.04656116859403536,0.02447163515016687
-0.025998905309250142,0.02068965517241378,0.016927899686520365,0.031830238726790416,0.006957047791893545,-0.004967855055523107,0.03903708523096944,0.008004926108374388,-0.004091174751607252,-0.027808676307007785,1.0,0.033205619412515985,0.0,0.02171136653895278,-0.025998905309250142,-0.01112347052280313,0.0033272837265577726,-0.02042440318302388,-0.017806670435274174,0.06615878107457898,-0.021893814997263283,0.03310344827586206,-0.00402298850574713,-0.030103995621237056,-0.0311457174638487,0.028097062579821197,-0.010175240248728096,-0.019396551724137928,-0.016685205784204682,-0.016163793103448287,-0.010344827586206917,0.014162561576354649,-0.004967855055523107,0.017879948914431704,-0.003798947983635309,0.018808777429467072,-0.0211345939933259,-0.04040948275862066,-0.05433646812957155,-0.006428988895382848,-0.012643678160919603,-0.023742227247032177,0.0477453580901856,-0.009770114942528774,-0.008479366873940075,0.02554278416347383,0.013546798029556606,0.003694581280788159,-0.016110797060486126,0.0,-0.03527851458885939,-0.0061367621274108775,-0.04084880636604776,-0.02119841718485016,0.0,-0.027478448275862044,0.006049606775559602,0.009852216748768461,0.006957047791893545,-0.04105090311986864,-0.007305669199298648,0.010467980295566504,-0.013348164627363768,-0.023359288097886566,0.0,-0.03342175066312997,-0.009770114942528774,0.0,-0.006896551724137973,0.01789199739752767,-0.025862068965517238,0.008620689655172403,-0.027168234064785773,-0.01356698699830411,0.02602472348731294,-0.0519893899204244,-0.004967855055523107,0.0036297640653357444,-0.05224660397074188,-0.03147235905856599,-0.01915708812260536,-0.004967855055523107,0.033130493576741055,-0.021893814997263283,-0.014460511679644045,0.0,-0.011871113623516089,-0.014460511679644045,0.0,-0.016110797060486126,-0.0061367621274108775,0.027272727272727226,-0.005844535359438963,0.0,0.017868338557993746,-0.012643678160919603,0.0,0.008463949843260182,0.03253090435914119,0.0
-0.03174603174603177,-0.00774410774410772,-0.006734006734006759,0.010683760683760701,-0.022417153996101336,-0.03138731952291279,0.004192872117400437,-0.011904761904761918,-0.028248587570621486,-0.08363201911589002,-0.033205619412515985,1.0,-0.028097062579821197,0.0,-0.07407407407407413,-0.03823178016726403,-0.02729044834307992,-0.04700854700854701,-0.05525197328476017,0.037898363479758834,-0.07142857142857145,0.029629629629629617,-0.0203703703703704,-0.0978835978835979,-0.0669056152927121,0.0,-0.027625986642380085,-0.05497685185185186,-0.0573476702508961,-0.060763888888888895,-0.02777777777777779,-0.0072751322751322955,-0.015693659761456397,0.0,-0.03138731952291279,-0.0033670033670033794,-0.023894862604540046,-0.049189814814814825,-0.05387205387205388,-0.020401757689893302,-0.014814814814814836,-0.036126290224650914,0.009259259259259245,-0.016666666666666663,-0.023375834851244698,0.0,-0.005952380952380959,-0.0013227513227513227,-0.027625986642380085,-0.010217113665389521,-0.059544159544159536,-0.028248587570621486,-0.0658119658119658,-0.04887674559805705,-0.026819923371647514,-0.06944444444444442,-0.01949317738791423,-0.010582010582010581,-0.031189083820662766,-0.08994708994709,-0.06434400502197113,-0.017857142857142905,-0.05256869772998807,-0.05256869772998807,-0.033205619412515985,-0.09401709401709402,-0.02777777777777779,-0.02937420178799488,-0.03703703703703709,0.00524109014675056,-0.060763888888888895,-0.01322751322751331,-0.07407407407407413,-0.051001821493624755,0.011530398322851187,-0.1253561253561254,-0.05021971123666047,-0.024366471734892814,-0.08080808080808083,-0.03174603174603177,-0.042328042328042326,-0.010985561833019478,0.014161220043573008,-0.06349206349206354,-0.05973715651135009,-0.011494252873563204,-0.025500910746812377,-0.03345280764635605,-0.015325670498084282,-0.025500910746812377,-0.025109855618330235,-0.008080808080808077,-0.025109855618330235,-0.017879948914431704,-0.006060606060606044,-0.016666666666666663,-0.012771392081736915,-0.0026936026936026924,0.004542278127183802,-0.012771392081736915
-0.01915708812260536,0.017868338557993746,0.018808777429467072,0.02785145888594162,0.006957047791893545,-0.007890122735242588,0.01951854261548472,0.013546798029556606,-0.007305669199298648,-0.025583982202447175,0.0,0.028097062579821197,1.0,0.024265644955300147,-0.025998905309250142,-0.02002224694104565,0.004537205081669715,-0.038992042440318286,-0.007631430186546079,0.05412991178829191,-0.023262178434592218,0.03862068965517243,-0.010344827586206917,-0.030103995621237056,-0.01890989988876529,0.03831417624521072,-0.02289429055963821,-0.038793103448275856,-0.01557285873192435,-0.05657327586206884,-0.00919540229885063,0.010467980295566504,-0.0052600818234950775,0.024265644955300147,-0.0061367621274108775,0.016927899686520365,-0.01890989988876529,-0.03556034482758619,-0.0376175548589342,-0.004675628287551192,-0.009770114942528774,-0.014414923685698133,0.03381962864721483,-0.009770114942528774,-0.022046353872244184,0.01915708812260536,0.014162561576354649,0.009236453201970418,-0.008479366873940075,0.0,-0.037135278514588865,-0.007597895967270618,-0.03342175066312997,-0.014414923685698133,0.0,-0.04364224137931033,0.006352087114337601,0.016009852216748777,0.004537205081669715,-0.023262178434592218,-0.0061367621274108775,0.02401477832512311,-0.03893214682981083,-0.02447163515016687,0.0,-0.037135278514588865,-0.00574712643678163,0.0,-0.012643678160919603,0.030904359141184168,-0.025862068965517238,0.014162561576354649,-0.035527690700104475,-0.011871113623516089,0.02439817826935592,-0.04641909814323608,-0.0035067212156633665,0.006654567453115545,-0.03134796238244514,-0.028735632183908066,-0.028735632183908066,-0.004675628287551192,0.06389452332657203,-0.028735632183908066,-0.02892102335928809,0.0,-0.015262860373092157,-0.02447163515016687,0.0,-0.015262860373092157,-0.0052600818234950775,0.012225705329153597,-0.005552308591466992,0.0,0.015047021943573657,-0.00919540229885063,0.0,0.016927899686520365,0.01301236174365647,0.0
-0.03968253968253968,-0.007070707070707061,-0.006060606060606044,0.014245014245014176,-0.01949317738791423,-0.03138731952291279,0.00524109014675056,-0.014550264550264591,-0.03295668549905839,-0.0573476702508961,-0.02171136653895278,0.0,-0.024265644955300147,1.0,-0.09259259259259256,-0.03584229390681004,-0.016569200779727122,-0.07207977207977206,-0.046751669702489396,0.06632213608957793,-0.06349206349206354,0.01629629629629631,-0.050000000000000044,-0.05820105820105825,-0.03823178016726403,0.0,-0.03187613843351547,-0.03761574074074073,-0.05973715651135009,-0.08391203703703709,-0.03703703703703709,-0.009920634920634941,-0.021971123666038955,0.0,-0.025109855618330235,-0.004377104377104396,-0.04778972520908009,-0.04629629629629628,-0.043771043771043766,-0.018832391713747648,-0.022222222222222254,-0.03187613843351547,0.007834757834757816,-0.033333333333333326,-0.03187613843351547,0.0,-0.014550264550264591,-0.01322751322751331,-0.03400121432908315,-0.020434227330779042,-0.0626780626780627,-0.03295668549905839,-0.0658119658119658,-0.05525197328476017,-0.02554278416347383,-0.06365740740740738,-0.022417153996101336,-0.012566137566137614,-0.017543859649122806,-0.044973544973545,-0.03295668549905839,-0.010582010582010581,-0.06451612903225806,-0.07407407407407407,-0.03575989782886341,-0.12222222222222223,-0.033333333333333326,-0.02554278416347383,-0.0407407407407408,0.008385744234800874,-0.06655092592592587,-0.0092592592592593,-0.08754208754208753,-0.03187613843351547,0.006289308176100683,-0.06894586894586896,-0.03609541745134964,-0.02729044834307992,-0.06397306397306401,-0.03174603174603177,-0.03968253968253968,-0.021971123666038955,0.01633986928104575,-0.047619047619047616,-0.04540023894862605,-0.02298850574712641,-0.036126290224650914,-0.04778972520908009,-0.026819923371647514,-0.029751062537947792,-0.018832391713747648,-0.006060606060606044,-0.020401757689893302,-0.017879948914431704,-0.003703703703703709,-0.031481481481481555,-0.02171136653895278,-0.006734006734006759,0.00524109014675056,-0.016602809706257993
0.0,0.04155844155844157,0.03694083694083694,0.07387057387057389,0.038429406850459535,0.02367500672585421,0.05989817310572032,0.031746031746031744,0.02259887005649719,0.005632360471070186,0.025998905309250142,0.07407407407407413,0.025998905309250142,0.09259259259259256,1.0,0.0058883768561188155,0.0367585630743526,-0.013675213675213682,0.014051522248243575,0.18456995201181253,0.0,0.07841269841269843,0.026984126984126888,0.0,0.004352278545826926,0.0767195767195768,0.010408534998698982,-0.006696428571428548,0.009216589861751112,-0.00868055555555547,0.017460317460317454,0.027777777777777762,0.01937046004842613,0.06084656084656087,0.024751143395211228,0.04386724386724389,0.004864311315924241,-0.004216269841269826,-0.007936507936507936,0.013989776701641116,0.01190476190476189,0.005724694249284429,0.04700854700854698,0.013492063492063444,0.0078064012490242085,0.05291005291005296,0.03968253968253965,0.049603174603174593,0.0130106687483737,0.025998905309250142,-0.009279609279609247,0.02044659671778315,-0.010744810744810707,0.015092375748113507,0.027367268746579132,-0.00644841269841262,0.0317460317460318,0.037698412698412676,0.0317460317460318,0.0,0.02797955340328223,0.037698412698412676,0.00665642601126476,0.00691244239631339,0.046524356869184436,-0.027350427350427364,0.019841269841269826,0.03831417624521072,0.0222222222222222,0.07487271638215037,-0.009176587301587213,0.0357142857142857,-0.023809523809523836,0.011449388498568858,0.0658879904162924,-0.012698412698412653,0.03443637341942418,0.06015037593984962,-0.012987012987012991,0.0,0.0,0.02259887005649719,0.04108309990662934,0.0,0.007168458781362019,0.030103995621237056,0.010928961748633892,0.00665642601126476,0.04105090311986864,0.009888108248764016,0.0161420500403551,0.03232323232323234,0.013989776701641116,0.01915708812260536,0.03001443001443002,0.0111111111111111,0.03420908593322386,0.06695526695526693,0.05690326445043431,0.023262178434592218
-0.007936507936507964,0.04310850439882702,0.03900293255131965,0.08064516129032256,0.03537068477645727,0.01722252597047569,0.0684723067559343,0.04147465437788017,0.014762165117550574,0.0,0.01112347052280313,0.03823178016726403,0.02002224694104565,0.03584229390681004,-0.0058883768561188155,1.0,0.04527447651386529,-0.03424317617866002,0.006610259122157625,0.17104276069017266,-0.009216589861751112,0.12774193548387103,0.014516129032258018,-0.007168458781362019,0.0,0.04778972520908009,0.004759386567953494,-0.01209677419354832,0.0,-0.009072580645161255,0.008602150537634357,0.027649769585253448,0.02132312739201747,0.09557945041816018,0.02460360852925092,0.03489736070381233,0.0,-0.010584677419354815,-0.017595307917888547,0.014762165117550574,0.008064516129032251,0.002908514013749336,0.04032258064516128,0.005913978494623634,0.005023796932839775,0.026284348864994034,0.024193548387096753,0.039746543778801824,0.005288207297726111,0.01890989988876529,-0.0253101736972704,0.018042646254784023,-0.02605459057071957,0.005817028027498672,0.0211345939933259,-0.01209677419354832,0.02688172043010756,0.029377880184331795,0.019807583474816093,-0.0058883768561188155,0.015582285401858909,0.032834101382488434,0.0,0.0,0.02892102335928809,-0.01563275434243172,0.01559139784946234,0.036707452725250334,0.02043010752688168,0.0821667681071212,-0.014112903225806439,0.055299539170506895,-0.029325513196480912,0.006874669487043905,0.0684723067559343,-0.01563275434243172,0.018042646254784023,0.019807583474816093,-0.019550342130987275,-0.004096262160778297,-0.004608294930875556,0.018042646254784023,0.045224541429475046,-0.009216589861751112,0.0,0.0211345939933259,0.005023796932839775,0.0,0.023359288097886566,0.005023796932839775,0.019682886823400803,0.02463343108504401,0.013121924548933794,0.008898776418242493,0.02668621700879764,0.006989247311827956,0.017797552836484987,0.04105571847507333,0.04930006086427274,0.014460511679644045
-0.0317460317460318,0.014035087719298234,0.010207336523125998,0.03542510121457482,0.0,-0.01070472792149868,0.018536908308507127,0.006265664160400919,-0.010110020814748766,-0.04102999434069049,-0.0033272837265577726,0.02729044834307992,-0.004537205081669715,0.016569200779727122,-0.0367585630743526,-0.04527447651386529,1.0,-0.0669365721997301,-0.035662927811331624,0.07425540595675237,-0.0685045948203844,0.06877192982456137,-0.018421052631579005,-0.061821219715956555,-0.029711375212224167,0.01949317738791423,-0.023008340523439752,-0.04797149122807015,-0.04668930390492365,-0.038377192982456176,-0.00789473684210526,0.00219298245614033,-0.01070472792149868,0.025341130604288498,-0.015462384775498106,0.005103668261562999,-0.011318619128466323,-0.02494517543859648,-0.028708133971291877,-0.00535236396074934,-0.004385964912280715,-0.005752085130859938,0.013495276653171379,-0.0026315789473684292,-0.016105838366407832,0.003898635477582846,0.0009398496240601434,0.002506265664160401,-0.014955421340235836,-0.0018148820326678722,-0.05182186234817815,-0.009515313707998851,-0.05398110661268557,-0.01840667241875177,-0.004537205081669715,-0.04029605263157898,0.0,0.005012531328320802,0.0,-0.05513784461152882,-0.020814748736247446,0.006892230576441061,-0.028296547821165863,-0.029711375212224167,-0.011191772534785205,-0.04966261808367073,-0.01666666666666672,-0.010284331518451317,-0.02543859649122815,0.03177755710029795,-0.05948464912280699,0.007832080200501246,-0.0717703349282297,-0.02761000862812768,0.048990400529626,-0.06909581646423751,-0.02022004162949753,0.0,-0.050239234449760806,-0.0183792815371763,-0.026733500417710943,-0.0065417781742491965,0.02476780185758512,-0.06015037593984962,-0.039615166949632186,-0.003932244404113744,-0.019557089444923792,-0.029711375212224167,-0.004234724742891743,-0.01035375323554788,-0.007136485280999111,0.009569377990430616,-0.00535236396074934,-0.0012099213551119148,0.01084529505582138,-0.0052631578947368585,-0.003932244404113744,0.007655502392344499,0.018536908308507127,-0.0018148820326678722
0.014163614163614113,0.0755244755244755,0.06713286713286715,0.12692307692307692,0.05829959514170041,0.03754889178617993,0.09056603773584909,0.07170329670329662,0.03598435462842242,0.01563275434243172,0.02042440318302388,0.04700854700854701,0.038992042440318286,0.07207977207977206,0.013675213675213682,0.03424317617866002,0.0669365721997301,1.0,0.030264817150063072,0.21252236135957064,0.019536019536019467,0.15692307692307694,0.0461538461538461,0.01318681318681314,0.013399503722084316,0.06894586894586896,0.01815889029003781,0.005769230769230804,0.023821339950372222,0.006250000000000033,0.02820512820512816,0.04450549450549446,0.039113428943937434,0.13475783475783476,0.046936114732724854,0.0727272727272727,0.011910669975186111,0.004807692307692291,-0.004662004662004671,0.02816166883963489,0.025641025641025605,0.012105926860025235,0.05384615384615382,0.016666666666666663,0.01815889029003781,0.05014245014245014,0.042032967032966995,0.06428571428571428,0.022194199243379564,0.037135278514588865,0.0,0.03754889178617993,0.0,0.02421185372005047,0.04084880636604776,0.006009615384615419,0.05398110661268557,0.051923076923076905,0.03886639676113357,0.009279609279609247,0.025032594524119905,0.04697802197802192,0.018610421836228297,0.021588089330024762,0.057559681697612664,0.0,0.0371794871794871,0.06312997347480098,0.048717948717948656,0.1323657474600871,0.008653846153846123,0.07664835164835154,-0.008391608391608463,0.027238335435056715,0.0870827285921626,0.0,0.03754889178617993,0.04750337381916331,-0.005594405594405605,0.008302808302808273,0.01025641025641022,0.0438070404172099,0.04645550527903469,0.015140415140415087,0.016377171215880892,0.037135278514588865,0.020176544766708715,0.018610421836228297,0.05384615384615382,0.022194199243379564,0.040677966101694885,0.03916083916083918,0.02816166883963489,0.0259946949602122,0.03636363636363635,0.016666666666666663,0.03527851458885939,0.06993006993006995,0.0835994194484761,0.03156498673740049
-0.0078064012490242085,0.04470938897168403,0.03934426229508198,0.05674653215636816,0.01840667241875177,0.008891358710752917,0.04948963810702134,0.02927400468384067,0.007779938871908837,-0.006610259122157625,0.017806670435274174,0.05525197328476017,0.007631430186546079,0.046751669702489396,-0.014051522248243575,-0.006610259122157625,0.035662927811331624,-0.030264817150063072,1.0,0.1166603126191384,-0.01665365599791835,0.0901639344262295,0.005737704918032771,-0.015092375748113507,-0.004759386567953494,0.04887674559805705,0.0,-0.012295081967213128,-0.007403490216816522,-0.009989754098360643,0.005737704918032771,0.017564402810304414,0.011669908307863297,0.05525197328476017,0.013337038066129459,0.025037257824143067,-0.0034373347435219526,-0.014600409836065587,-0.02235469448584204,0.007224228952486783,0.003825136612021829,0.0,0.05674653215636816,0.004098360655737682,0.0,0.03187613843351547,0.020491803278688492,0.01902810304449648,0.0,0.014414923685698133,-0.01815889029003781,0.01000277854959708,-0.021185372005044112,0.0,0.012719050310910113,-0.013831967213114749,0.024158757549611776,0.02341920374707257,0.032211676732815664,-0.016133229247983383,0.014448457904973566,0.02341920374707257,-0.003701745108408261,-0.006610259122157625,0.0245901639344262,-0.027238335435056715,0.00491803278688524,0.025438100621820225,0.0071038251366120075,0.05443860191772354,-0.020747950819672123,0.032201405152224805,-0.03725782414307005,0.0,0.06681101144447882,-0.02421185372005047,0.016115587663239728,0.017256255392579828,-0.02732240437158473,-0.0067655477491543325,-0.0062451209992193946,0.007779938871908837,0.03535840565734491,-0.011969815248503823,-0.003966155473294569,0.008479366873940075,0.0,-0.0042305658381808775,0.012719050310910113,0.0,0.009447068630175026,0.03755588673621463,0.01000277854959708,0.01695873374788015,0.04113263785394933,0.003825136612021829,0.01695873374788015,0.01967213114754099,0.03959171048561705,0.01356698699830411
